submit_time,start_time,end_time,run_time,wait_time
38209,38209,38425,216,0
42705,42705,42944,239,0
44517,44517,45069,552,0
38448,38448,50509,12061,0
124724,124724,124854,130,0
125118,125118,125280,162,0
135449,135449,135611,162,0
135493,135493,135655,162,0
140249,140250,142508,2258,1
140630,140630,142905,2275,0
143865,143865,143866,1,0
149709,149709,149710,1,0
149789,149789,149791,2,0
149963,149963,149964,1,0
150050,150050,150051,1,0
150109,150109,150110,1,0
150275,150275,150276,1,0
150315,150315,150316,1,0
150859,150859,150860,1,0
151587,151587,151588,1,0
151685,151685,151686,1,0
211495,211495,211496,1,0
216088,216088,216148,60,0
219118,219118,219207,89,0
219119,219119,219219,100,0
219125,219125,219220,95,0
219128,219128,219224,96,0
219130,219130,219228,98,0
219138,219138,219229,91,0
219133,219133,219232,99,0
219148,219148,219233,85,0
219136,219136,219234,98,0
219138,219138,219235,97,0
219120,219120,219236,116,0
219141,219141,219236,95,0
219135,219135,219238,103,0
219130,219130,219241,111,0
219119,219120,219243,123,1
219123,219123,219243,120,0
219140,219140,219245,105,0
219160,219161,219246,85,1
219154,219154,219249,95,0
219167,219167,219250,83,0
219124,219124,219251,127,0
219162,219162,219251,89,0
219143,219143,219251,108,0
219150,219150,219253,103,0
219157,219157,219253,96,0
219156,219156,219253,97,0
219146,219146,219253,107,0
219155,219155,219253,98,0
219140,219140,219253,113,0
219159,219159,219254,95,0
219166,219166,219256,90,0
219168,219168,219257,89,0
219151,219151,219257,106,0
219145,219145,219258,113,0
219147,219147,219265,118,0
219175,219175,219265,90,0
219170,219170,219267,97,0
219171,219171,219268,97,0
219152,219152,219268,116,0
219137,219137,219269,132,0
219173,219173,219272,99,0
219125,219125,219273,148,0
219134,219134,219273,139,0
219178,219178,219273,95,0
219146,219146,219274,128,0
219160,219160,219274,114,0
219176,219176,219275,99,0
219161,219161,219276,115,0
219163,219163,219276,113,0
219172,219172,219277,105,0
219164,219164,219277,113,0
219182,219182,219278,96,0
219184,219185,219277,92,1
219172,219172,219279,107,0
219136,219136,219279,143,0
219121,219121,219280,159,0
219177,219177,219280,103,0
219165,219165,219282,117,0
219165,219165,219283,118,0
219134,219134,219283,149,0
219122,219122,219284,162,0
219167,219168,219284,116,1
219169,219169,219284,115,0
219139,219139,219285,146,0
219180,219180,219288,108,0
219176,219176,219289,113,0
219132,219132,219290,158,0
219180,219180,219289,109,0
219131,219131,219294,163,0
219142,219142,219296,154,0
219181,219181,219296,115,0
219132,219132,219297,165,0
219185,219185,219298,113,0
219174,219174,219299,125,0
219184,219184,219299,115,0
219144,219144,219303,159,0
219148,219148,219304,156,0
219127,219127,219305,178,0
219150,219150,219305,155,0
219154,219155,219306,151,1
219126,219126,219308,182,0
219152,219153,219314,161,1
219153,219153,219314,161,0
219142,219142,219315,173,0
219158,219158,219317,159,0
219182,219182,219318,136,0
219174,219174,219318,144,0
219128,219128,219324,196,0
219170,219170,219324,154,0
219186,219186,219326,140,0
219129,219129,219328,199,0
219159,219159,219331,172,0
219178,219178,219334,156,0
219179,219179,219339,160,0
219122,219123,219346,223,1
219149,219149,219348,199,0
219144,219145,219352,207,1
219156,219157,219353,196,1
219183,219183,219384,201,0
219162,219163,219385,222,1
219677,219677,219787,110,0
219682,219682,219787,105,0
219687,219687,219787,100,0
219676,219676,219787,111,0
219680,219680,219787,107,0
219684,219684,219787,103,0
219675,219675,219787,112,0
219679,219679,219787,108,0
219683,219683,219787,104,0
219686,219686,219787,101,0
219674,219674,219787,113,0
219678,219678,219787,109,0
219682,219682,219787,105,0
219686,219686,219787,101,0
219677,219677,219787,110,0
219681,219681,219787,106,0
219685,219685,219787,102,0
219675,219675,219787,112,0
219679,219680,219787,107,1
219684,219684,219787,103,0
219823,219823,220059,236,0
219829,219829,220073,244,0
219824,219824,220073,249,0
219828,219828,220074,246,0
219838,219838,220075,237,0
219833,219833,220078,245,0
219834,219834,220078,244,0
219843,219843,220081,238,0
219818,219818,220081,263,0
219818,219818,220087,269,0
219848,219848,220094,246,0
219853,219853,220097,244,0
219817,219817,220102,285,0
219876,219876,220104,228,0
219872,219872,220106,234,0
219878,219878,220109,231,0
219847,219847,220109,262,0
219826,219826,220109,283,0
219831,219831,220110,279,0
219836,219836,220109,273,0
219872,219872,220113,241,0
219862,219862,220116,254,0
219868,219868,220118,250,0
219867,219867,220122,255,0
219880,219880,220123,243,0
219824,219824,220125,301,0
219840,219841,220126,285,1
219836,219836,220126,290,0
219856,219856,220134,278,0
219832,219832,220134,302,0
219841,219841,220136,295,0
219858,219858,220138,280,0
219884,219884,220139,255,0
219821,219821,220140,319,0
219830,219830,220142,312,0
219863,219863,220143,280,0
219865,219865,220143,278,0
219854,219854,220144,290,0
219871,219871,220146,275,0
219842,219843,220149,306,1
219846,219846,220151,305,0
219819,219819,220151,332,0
219851,219851,220151,300,0
219873,219873,220155,282,0
219849,219849,220163,314,0
219876,219876,220164,288,0
219822,219822,220171,349,0
219869,219869,220172,303,0
219864,219864,220173,309,0
219845,219845,220174,329,0
219834,219834,220176,342,0
219822,219822,220178,356,0
219861,219861,220179,318,0
219859,219859,220179,320,0
219866,219866,220183,317,0
219860,219860,220189,329,0
219825,219825,220199,374,0
219855,219856,220200,344,1
219874,219874,220200,326,0
219838,219839,220200,361,1
219844,219844,220203,359,0
219826,219826,220204,378,0
219839,219839,220205,366,0
219877,219877,220206,329,0
219832,219832,220207,375,0
219849,219849,220207,358,0
219857,219858,220212,354,1
219837,219837,220212,375,0
219820,219820,220213,393,0
219882,219882,220215,333,0
219816,219816,220219,403,0
219864,219864,220220,356,0
219851,219851,220221,370,0
219830,219830,220228,398,0
219881,219881,220230,349,0
219870,219870,220230,360,0
219827,219827,220232,405,0
219847,219847,220235,388,0
219853,219853,220239,386,0
219842,219842,220240,398,0
219835,219835,220243,408,0
219845,219845,220244,399,0
219852,219852,220257,405,0
219857,219857,220257,400,0
219820,219820,220259,439,0
219862,219862,220264,402,0
219855,219855,220268,413,0
219868,219868,220273,405,0
219866,219866,220275,409,0
219850,219850,220276,426,0
219840,219840,220277,437,0
219880,219881,220293,412,1
219883,219883,220296,413,0
219878,219879,220306,427,1
219879,219879,220315,436,0
219874,219874,220351,477,0
219883,219883,220359,476,0
219870,219870,220360,490,0
219859,219860,220410,550,1
219875,219875,220424,549,0
223266,223266,223268,2,0
223358,223358,223418,60,0
223286,223286,223515,229,0
223280,223280,223523,243,0
223275,223275,223526,251,0
223300,223300,223528,228,0
223271,223271,223530,259,0
223276,223276,223531,255,0
223290,223290,223532,242,0
223275,223276,223533,257,1
223287,223287,223534,247,0
223278,223278,223536,258,0
223297,223297,223540,243,0
223285,223285,223541,256,0
223288,223288,223542,254,0
223269,223269,223542,273,0
223292,223292,223545,253,0
223271,223271,223545,274,0
223302,223302,223549,247,0
223278,223278,223549,271,0
223270,223270,223551,281,0
223277,223277,223552,275,0
223295,223295,223553,258,0
223274,223274,223554,280,0
223311,223311,223560,249,0
223282,223282,223560,278,0
223273,223273,223560,287,0
223272,223272,223567,295,0
223283,223283,223570,287,0
223326,223326,223571,245,0
223280,223280,223572,292,0
223325,223325,223573,248,0
223332,223332,223577,245,0
223314,223314,223579,265,0
223320,223320,223580,260,0
223307,223307,223582,275,0
223320,223320,223584,264,0
223333,223333,223585,252,0
223311,223311,223586,275,0
223273,223274,223587,313,1
223322,223322,223588,266,0
223329,223329,223588,259,0
223328,223328,223589,261,0
223316,223316,223591,275,0
223305,223305,223592,287,0
223294,223294,223595,301,0
223324,223324,223603,279,0
223337,223337,223604,267,0
223316,223316,223607,291,0
223319,223319,223610,291,0
223299,223299,223618,319,0
223289,223289,223618,329,0
223284,223284,223624,340,0
223325,223325,223628,303,0
223321,223321,223642,321,0
223334,223334,223645,311,0
223293,223293,223658,365,0
223329,223329,223669,340,0
223331,223331,223671,340,0
223298,223298,223674,376,0
223327,223327,223674,347,0
223291,223291,223678,387,0
223282,223282,223679,397,0
223336,223336,223680,344,0
223338,223338,223685,347,0
223290,223291,223686,395,1
223296,223296,223686,390,0
223336,223336,223687,351,0
223288,223288,223688,400,0
223281,223281,223695,414,0
223303,223303,223695,392,0
223306,223306,223696,390,0
223327,223327,223700,373,0
223286,223287,223709,422,1
223301,223301,223717,416,0
223333,223333,223718,385,0
223297,223297,223719,422,0
223322,223323,223718,395,1
223330,223330,223721,391,0
223309,223309,223722,413,0
223323,223323,223722,399,0
223318,223318,223725,407,0
223312,223312,223731,419,0
223309,223309,223733,424,0
223318,223318,223735,417,0
223301,223301,223735,434,0
223308,223308,223735,427,0
223303,223303,223744,441,0
223310,223310,223746,436,0
223299,223299,223750,451,0
223313,223314,223750,436,1
223284,223285,223762,477,1
223317,223317,223770,453,0
223331,223331,223770,439,0
223295,223295,223771,476,0
223304,223304,223775,471,0
223305,223305,223779,474,0
223307,223307,223783,476,0
223293,223293,223784,491,0
223335,223335,223792,457,0
223315,223315,223822,507,0
223313,223313,223891,578,0
224042,224042,224043,1,0
224116,224116,224117,1,0
224262,224262,224323,61,0
224410,224410,224411,1,0
224538,224538,224539,1,0
229670,229670,229671,1,0
233992,233992,233993,1,0
234323,234323,234324,1,0
293636,293636,293906,270,0
293631,293631,293909,278,0
293646,293646,293922,276,0
293640,293640,293923,283,0
293625,293625,293927,302,0
293683,293684,293934,250,1
293645,293645,293938,293,0
293626,293626,293942,316,0
293635,293635,293943,308,0
293660,293661,293944,283,1
293641,293641,293952,311,0
293667,293667,293956,289,0
293655,293655,293958,303,0
293671,293671,293958,287,0
293634,293634,293959,325,0
293625,293625,293960,335,0
293680,293680,293961,281,0
293678,293678,293961,283,0
293665,293665,293961,296,0
293687,293687,293961,274,0
293654,293654,293962,308,0
293644,293644,293962,318,0
293636,293636,293966,330,0
293673,293673,293969,296,0
293630,293630,293972,342,0
293674,293674,293972,298,0
293639,293639,293973,334,0
293682,293682,293973,291,0
293672,293672,293976,304,0
293629,293629,293976,347,0
293676,293676,293976,300,0
293679,293680,293977,297,1
293678,293678,293978,300,0
293650,293650,293980,330,0
293683,293683,293981,298,0
293630,293630,293981,351,0
293675,293676,293986,310,1
293624,293624,293987,363,0
293687,293688,293986,298,1
293670,293670,293990,320,0
293660,293660,293992,332,0
293662,293663,293992,329,1
293685,293685,293994,309,0
293654,293654,293999,345,0
293649,293649,294001,352,0
293677,293677,294001,324,0
293664,293664,294003,339,0
293664,293665,294006,341,1
293659,293659,294008,349,0
293632,293632,294013,381,0
293689,293689,294014,325,0
293668,293668,294026,358,0
293658,293658,294033,375,0
293652,293652,294034,382,0
293663,293663,294044,381,0
293679,293679,294047,368,0
293690,293690,294052,362,0
293642,293642,294060,418,0
293685,293686,294066,380,1
293631,293632,294071,439,1
293681,293682,294074,392,1
293691,293691,294076,385,0
293673,293673,294078,405,0
293686,293686,294081,395,0
293637,293637,294082,445,0
293681,293681,294087,406,0
293657,293657,294088,431,0
293652,293652,294089,437,0
293627,293628,294088,460,1
293671,293671,294090,419,0
293647,293647,294103,456,0
293689,293689,294104,415,0
293667,293667,294109,442,0
293684,293684,294112,428,0
293627,293627,294113,486,0
293688,293688,294123,435,0
293644,293644,294128,484,0
293675,293675,294133,458,0
293633,293633,294137,504,0
293666,293666,294139,473,0
293651,293651,294145,494,0
293661,293661,294147,486,0
293653,293653,294149,496,0
293658,293658,294151,493,0
293656,293656,294151,495,0
293662,293662,294155,493,0
293638,293638,294156,518,0
293648,293648,294159,511,0
293638,293638,294164,526,0
293650,293650,294174,524,0
293648,293649,294178,529,1
293669,293669,294179,510,0
293634,293634,294182,548,0
293642,293642,294186,544,0
293656,293656,294186,530,0
293628,293628,294196,568,0
293646,293646,294227,581,0
293669,293669,294231,562,0
293643,293643,294239,596,0
293640,293640,294250,610,0
317822,317822,317823,1,0
318238,318238,318239,1,0
319219,319219,319220,1,0
319442,319442,319443,1,0
319517,319517,319518,1,0
319899,319899,320327,428,0
319924,319924,320337,413,0
319887,319887,320338,451,0
319889,319889,320337,448,0
319931,319931,320340,409,0
319896,319896,320355,459,0
319897,319897,320362,465,0
319898,319899,320367,468,1
319882,319882,320366,484,0
319933,319933,320369,436,0
319894,319894,320374,480,0
319938,319938,320376,438,0
319902,319902,320381,479,0
319892,319892,320388,496,0
319883,319883,320388,505,0
319904,319904,320389,485,0
319912,319912,320390,478,0
319916,319916,320393,477,0
319947,319947,320395,448,0
319907,319907,320396,489,0
319908,319908,320396,488,0
319926,319926,320399,473,0
319918,319918,320399,481,0
319941,319941,320400,459,0
319938,319938,320410,472,0
319930,319930,320411,481,0
319911,319912,320416,504,1
319912,319913,320417,504,1
319934,319934,320418,484,0
319914,319914,320421,507,0
319901,319901,320422,521,0
319894,319894,320425,531,0
319887,319887,320427,540,0
319926,319926,320428,502,0
319909,319909,320430,521,0
319944,319944,320432,488,0
319907,319907,320432,525,0
319943,319943,320438,495,0
319910,319910,320444,534,0
319921,319921,320445,524,0
319929,319929,320446,517,0
319949,319949,320448,499,0
319906,319906,320450,544,0
319942,319943,320451,508,1
319892,319892,320454,562,0
319913,319913,320458,545,0
319909,319909,320464,555,0
319917,319918,320470,552,1
319936,319936,320479,543,0
319885,319885,320482,597,0
319885,319885,320500,615,0
319917,319918,320510,592,1
319905,319905,320521,616,0
319881,319881,320529,648,0
319878,319878,320529,651,0
319890,319890,320579,689,0
319883,319883,320587,704,0
319901,319901,320587,686,0
319873,319873,320607,734,0
319889,319889,320609,720,0
319891,319891,320611,720,0
319877,319877,320617,740,0
319886,319886,320638,752,0
319876,319876,320641,765,0
319893,319893,320643,750,0
319875,319875,320648,773,0
319874,319874,320666,792,0
319896,319896,320670,774,0
319879,319879,320677,798,0
319880,319880,320683,803,0
319928,319928,320692,764,0
319870,319870,320693,823,0
319870,319870,320697,827,0
319905,319905,320701,796,0
319898,319898,320713,815,0
319869,319869,320715,846,0
319878,319878,320719,841,0
319884,319884,320723,839,0
319888,319888,320723,835,0
319925,319925,320727,802,0
319871,319871,320729,858,0
319921,319922,320732,810,1
319895,319895,320747,852,0
319974,319974,320758,784,0
319962,319962,320766,804,0
319940,319940,320769,829,0
320006,320006,320770,764,0
319971,319971,320771,800,0
319935,319935,320772,837,0
319970,319971,320771,800,1
319880,319880,320776,896,0
319999,319999,320787,788,0
319968,319968,320789,821,0
319973,319973,320790,817,0
319922,319922,320793,871,0
319873,319873,320796,923,0
319932,319932,320796,864,0
319872,319872,320802,930,0
319964,319964,320802,838,0
319976,319976,320803,827,0
319966,319966,320805,839,0
319959,319959,320805,846,0
320008,320008,320805,797,0
319927,319927,320816,889,0
319915,319915,320819,904,0
320003,320003,320823,820,0
320099,320395,320824,429,296
319900,319900,320826,926,0
319937,319937,320825,888,0
320091,320362,320827,465,271
319919,319919,320830,911,0
320090,320340,320830,490,250
319868,319868,320833,965,0
320097,320388,320836,448,291
319978,319978,320840,862,0
320088,320338,320841,503,250
320093,320369,320842,473,276
320095,320376,320846,470,281
319935,319935,320856,921,0
320003,320004,320856,852,1
320089,320338,320865,527,249
320110,320428,320866,438,318
319939,319939,320867,928,0
320114,320445,320869,424,331
320087,320327,320871,544,240
320106,320418,320872,454,312
320095,320381,320874,493,286
319983,319983,320878,895,0
320090,320356,320878,522,266
319951,319951,320879,928,0
320113,320438,320879,441,325
320096,320388,320882,494,292
320098,320390,320882,492,292
319954,319954,320885,931,0
319928,319928,320885,957,0
319915,319916,320889,973,1
320097,320389,320890,501,292
320088,320337,320894,557,249
320100,320396,320894,498,296
319964,319964,320895,931,0
320115,320448,320895,447,333
319923,319923,320897,974,0
320102,320399,320901,502,297
319952,319952,320901,949,0
319981,319981,320907,926,0
320103,320400,320907,507,297
320102,320399,320909,510,297
320112,320433,320910,477,321
319950,319950,320911,961,0
320113,320444,320912,468,331
319975,319975,320913,938,0
320104,320412,320914,502,308
320115,320446,320915,469,331
319963,319963,320916,953,0
319947,319947,320918,971,0
319919,319919,320918,999,0
320015,320015,320920,905,0
320111,320431,320926,495,320
319945,319945,320930,985,0
320094,320374,320933,559,280
320093,320367,320933,566,274
319977,319977,320935,958,0
320099,320393,320936,543,294
319875,319875,320937,1062,0
320106,320417,320937,520,311
320007,320007,320940,933,0
320117,320451,320942,491,334
320092,320367,320946,579,275
320111,320432,320947,515,321
319979,319979,320948,969,0
319961,319961,320953,992,0
319952,319952,320954,1002,0
319982,319982,320960,978,0
320108,320422,320961,539,314
319948,319948,320962,1014,0
320118,320459,320963,504,341
320051,320051,320965,914,0
320015,320015,320966,951,0
320017,320017,320965,948,0
320019,320020,320967,947,1
320101,320396,320969,573,295
320104,320410,320971,561,306
319931,319931,320972,1041,0
319969,319969,320974,1005,0
320009,320009,320975,966,0
319955,319955,320976,1021,0
320012,320013,320982,969,1
320057,320057,320982,925,0
319985,319985,320988,1003,0
320121,320482,320988,506,361
320105,320417,320991,574,312
319987,319987,320996,1009,0
320109,320427,320997,570,318
320120,320479,320998,519,359
320023,320023,320998,975,0
320107,320421,320998,577,314
320006,320006,320999,993,0
319933,319933,320999,1066,0
320120,320470,321000,530,350
320119,320464,321000,536,345
320064,320064,321002,938,0
320017,320017,321003,986,0
319956,319956,321005,1049,0
319999,319999,321010,1011,0
320033,320033,321010,977,0
319966,319966,321011,1045,0
320066,320066,321013,947,0
320010,320011,321013,1002,1
320067,320067,321012,945,0
319995,319995,321014,1019,0
320026,320026,321015,989,0
320025,320026,321015,989,1
319997,319997,321016,1019,0
319945,319945,321016,1071,0
320122,320510,321018,508,388
320058,320058,321020,962,0
319924,319924,321020,1096,0
320046,320046,321021,975,0
319940,319940,321023,1083,0
320062,320062,321023,961,0
320016,320016,321023,1007,0
320122,320521,321024,503,399
320040,320040,321024,984,0
320042,320042,321025,983,0
320055,320056,321027,971,1
320048,320048,321030,982,0
320032,320032,321031,999,0
320022,320022,321032,1010,0
320062,320063,321032,969,1
319980,319980,321033,1053,0
320011,320011,321033,1022,0
320060,320060,321034,974,0
319980,319980,321034,1054,0
320075,320075,321036,961,0
320013,320013,321037,1024,0
320049,320049,321038,989,0
320061,320061,321041,980,0
320073,320073,321041,968,0
319958,319958,321042,1084,0
319988,319988,321043,1055,0
320080,320080,321043,963,0
319973,319973,321044,1071,0
320056,320056,321046,990,0
320044,320044,321047,1003,0
320014,320014,321047,1033,0
320031,320031,321047,1016,0
320018,320018,321050,1032,0
320020,320020,321051,1031,0
320058,320058,321052,994,0
319970,319970,321053,1083,0
320047,320047,321054,1007,0
319950,319950,321054,1104,0
319991,319991,321054,1063,0
319972,319972,321055,1083,0
320116,320450,321055,605,334
320004,320004,321055,1051,0
320046,320046,321056,1010,0
319957,319957,321056,1099,0
320051,320051,321056,1005,0
320063,320063,321057,994,0
320048,320049,321058,1009,1
320053,320054,321058,1004,1
320010,320010,321058,1048,0
320034,320034,321059,1025,0
319996,319996,321059,1063,0
319987,319987,321059,1072,0
320067,320067,321061,994,0
319967,319967,321062,1095,0
320040,320040,321062,1022,0
320076,320076,321063,987,0
319993,319993,321063,1070,0
320037,320037,321064,1027,0
319984,319984,321065,1081,0
320108,320425,321065,640,317
320065,320065,321067,1002,0
320028,320028,321067,1039,0
319946,319946,321068,1122,0
320078,320079,321068,989,1
320052,320052,321069,1017,0
319978,319978,321070,1092,0
320065,320065,321070,1005,0
320079,320079,321071,992,0
319992,319992,321072,1080,0
320059,320059,321073,1014,0
320076,320076,321075,999,0
320024,320024,321075,1051,0
319965,319965,321076,1111,0
320055,320055,321076,1021,0
319996,319996,321076,1080,0
319989,319989,321076,1087,0
320060,320060,321077,1017,0
319975,319976,321077,1101,1
320001,320001,321077,1076,0
319986,319986,321078,1092,0
320028,320028,321077,1049,0
320045,320045,321078,1033,0
320042,320042,321079,1037,0
320077,320077,321078,1001,0
320070,320070,321079,1009,0
319942,319943,321079,1136,1
320019,320019,321080,1061,0
319954,319954,321081,1127,0
319991,319992,321082,1090,1
320044,320044,321082,1038,0
319994,319994,321082,1088,0
320012,320012,321081,1069,0
320054,320054,321083,1029,0
320037,320038,321084,1046,1
319920,319920,321084,1164,0
319960,319960,321084,1124,0
320038,320038,321086,1048,0
320021,320021,321086,1065,0
320030,320030,321087,1057,0
320053,320053,321088,1035,0
320025,320025,321089,1064,0
320071,320071,321090,1019,0
319956,319956,321090,1134,0
319968,319968,321092,1124,0
320036,320036,321093,1057,0
320084,320084,321094,1010,0
320005,320005,321094,1089,0
320033,320033,321095,1062,0
320022,320022,321095,1073,0
319994,319994,321097,1103,0
319958,319959,321098,1139,1
319990,319990,321099,1109,0
320002,320002,321103,1101,0
319989,319989,321103,1114,0
320068,320068,321104,1036,0
320069,320069,321105,1036,0
320072,320072,321105,1033,0
320043,320043,321105,1062,0
320035,320035,321106,1071,0
320039,320039,321107,1068,0
319961,319961,321107,1146,0
320050,320050,321109,1059,0
320030,320030,321113,1083,0
320041,320041,321113,1072,0
320001,320001,321114,1113,0
320027,320027,321115,1088,0
320069,320070,321116,1046,1
320000,320000,321119,1119,0
320082,320082,321120,1038,0
320074,320074,321120,1046,0
320086,320086,321120,1034,0
320086,320086,321121,1035,0
319998,319998,321122,1124,0
319982,319982,321126,1144,0
320085,320085,321127,1042,0
320117,320454,321128,674,337
320008,320008,321129,1121,0
320072,320072,321130,1058,0
320074,320074,321131,1057,0
320084,320084,321132,1048,0
319985,319985,321134,1149,0
320035,320035,321134,1099,0
320083,320083,321141,1058,0
320081,320081,321151,1070,0
320029,320029,321156,1127,0
320081,320081,321156,1075,0
320146,320841,321214,373,695
320123,320529,321218,689,406
320136,320827,321230,403,691
320134,320824,321237,413,690
320140,320832,321250,418,692
320143,320836,321258,422,693
320146,320842,321281,439,696
320150,320869,321283,414,719
320147,320846,321315,469,699
320149,320865,321327,462,716
320149,320866,321338,472,717
320151,320871,321357,486,720
320126,320793,321475,682,667
320125,320788,321490,702,663
320127,320796,321503,707,669
320134,320824,321508,684,690
320130,320816,321513,697,686
320132,320823,321515,692,691
320138,320830,321527,697,692
320148,320856,321558,702,708
320137,320827,321571,744,690
320129,320806,321575,769,677
320124,320781,321579,798,657
320124,320786,321582,796,662
320139,320830,321588,758,691
320145,320840,321590,750,695
320128,320803,321594,791,675
320131,320819,321602,783,688
320129,320812,321602,790,683
320133,320823,321603,780,690
320139,320830,321608,778,691
320132,320823,321610,787,691
320136,320826,321615,789,690
320127,320801,321621,820,674
320144,320836,321626,790,692
320135,320826,321627,801,691
320141,320832,321633,801,691
320144,320836,321637,801,692
320142,320833,321644,811,691
320141,320832,321653,821,691
322337,322337,322713,376,0
322349,322349,322717,368,0
322344,322344,322720,376,0
322368,322368,322739,371,0
322377,322377,322747,370,0
322347,322347,322750,403,0
322357,322357,322764,407,0
322336,322337,322765,428,1
322355,322355,322765,410,0
322362,322362,322765,403,0
322338,322338,322766,428,0
322351,322351,322767,416,0
322348,322348,322767,419,0
322341,322341,322766,425,0
322343,322343,322769,426,0
322346,322346,322771,425,0
322356,322356,322773,417,0
322360,322360,322774,414,0
322335,322335,322774,439,0
322367,322367,322776,409,0
322334,322334,322777,443,0
322354,322354,322779,425,0
322353,322353,322779,426,0
322369,322369,322779,410,0
322342,322342,322784,442,0
322372,322372,322786,414,0
322332,322333,322785,452,1
322379,322379,322790,411,0
322364,322364,322791,427,0
322343,322343,322794,451,0
322336,322336,322796,460,0
322339,322339,322798,459,0
322330,322330,322800,470,0
322329,322329,322804,475,0
322446,322446,322814,368,0
322352,322352,322815,463,0
322334,322335,322815,480,1
322381,322381,322815,434,0
322364,322364,322817,453,0
322345,322345,322819,474,0
322331,322331,322820,489,0
322333,322333,322826,493,0
322328,322328,322827,499,0
322339,322339,322838,499,0
322372,322372,322838,466,0
322330,322330,322839,509,0
322359,322359,322842,483,0
322382,322382,322843,461,0
322456,322456,322849,393,0
322374,322374,322850,476,0
322340,322340,322851,511,0
322454,322454,322851,397,0
322332,322332,322853,521,0
322341,322341,322860,519,0
322377,322377,322882,505,0
322402,322402,322888,486,0
322352,322352,322947,595,0
322544,322765,322959,194,221
322492,322492,322987,495,0
322530,322530,323003,473,0
322479,322479,323007,528,0
322345,322345,323010,665,0
322491,322491,323013,522,0
322358,322358,323021,663,0
322361,322361,323022,661,0
322356,322356,323032,676,0
322350,322350,323037,687,0
322349,322349,323042,693,0
322376,322376,323061,685,0
322347,322347,323064,717,0
322354,322354,323071,717,0
322370,322370,323080,710,0
322360,322360,323091,731,0
322358,322358,323099,741,0
322428,322428,323110,682,0
322539,322714,323116,402,175
322366,322366,323118,752,0
322391,322391,323118,727,0
322432,322432,323122,690,0
322385,322385,323134,749,0
322383,322383,323135,752,0
322542,322750,323136,386,208
322368,322368,323144,776,0
322541,322747,323148,401,206
322546,322767,323149,382,221
322395,322395,323152,757,0
322394,322394,323152,758,0
322543,322764,323152,388,221
322362,322362,323153,791,0
322547,322767,323153,386,220
322541,322739,323159,420,198
322556,322786,323165,379,230
322539,322719,323168,449,180
322550,322773,323169,396,223
322381,322381,323173,792,0
322392,322392,323173,781,0
322375,322375,323174,799,0
322410,322410,323175,765,0
322463,322463,323176,713,0
322545,322766,323177,411,221
322458,322458,323177,719,0
322540,322720,323180,460,180
322454,322454,323181,727,0
322552,322776,323182,406,224
322419,322419,323184,765,0
322422,322422,323185,763,0
322551,322774,323188,414,223
322385,322385,323189,804,0
322554,322780,323189,409,226
322558,322792,323189,397,234
322414,322414,323193,779,0
322564,322816,323193,377,252
322460,322460,323194,734,0
322462,322462,323198,736,0
322444,322444,323200,756,0
322386,322386,323200,814,0
322457,322457,323202,745,0
322548,322770,323204,434,222
322548,322768,323205,437,220
322456,322456,323206,750,0
322550,322774,323207,433,224
322448,322448,323210,762,0
322549,322771,323210,439,222
322388,322388,323210,822,0
322387,322387,323211,824,0
322554,322780,323210,430,226
322565,322820,323211,391,255
322464,322464,323212,748,0
322384,322384,323212,828,0
322453,322453,323217,764,0
322438,322438,323218,780,0
322445,322446,323217,771,1
322440,322440,323219,779,0
322557,322790,323219,429,233
322443,322444,323221,777,1
322365,322365,323222,857,0
322449,322449,323221,772,0
322391,322391,323223,832,0
322435,322435,323224,789,0
322459,322459,323228,769,0
322553,322779,323228,449,226
322452,322452,323230,778,0
322555,322784,323233,449,229
322509,322509,323233,724,0
322383,322383,323235,852,0
322565,322817,323235,418,252
322452,322452,323236,784,0
322405,322405,323236,831,0
322397,322397,323237,840,0
322404,322404,323237,833,0
322561,322804,323239,435,243
322407,322407,323238,831,0
322375,322375,323240,865,0
322458,322458,323240,782,0
322390,322390,323241,851,0
322431,322431,323240,809,0
322441,322441,323240,799,0
322566,322820,323242,422,254
322429,322429,323243,814,0
322563,322815,323243,428,252
322404,322404,323244,840,0
322399,322399,323247,848,0
322366,322366,323248,882,0
322462,322462,323250,788,0
322451,322451,323250,799,0
322363,322363,323252,889,0
322559,322796,323252,456,237
322450,322450,323253,803,0
322410,322410,323256,846,0
322379,322379,323257,878,0
322370,322370,323258,888,0
322560,322799,323259,460,239
322571,322843,323260,417,272
322567,322826,323261,435,259
322520,322520,323261,741,0
322455,322455,323262,807,0
322396,322396,323263,867,0
322378,322378,323264,886,0
322424,322424,323266,842,0
322544,322765,323269,504,221
322552,322777,323271,494,225
322563,322815,323276,461,252
322496,322496,323277,781,0
322556,322786,323279,493,230
322403,322403,323280,877,0
322489,322489,323280,791,0
322401,322402,323281,879,1
322570,322842,323281,439,272
322450,322450,323283,833,0
322559,322794,323285,491,235
322561,322800,323287,487,239
322464,322464,323292,828,0
322576,322882,323294,412,306
322387,322387,323295,908,0
322408,322408,323296,888,0
322568,322838,323298,460,270
322414,322414,323298,884,0
322421,322421,323298,877,0
322389,322389,323300,911,0
322572,322850,323302,452,278
322380,322380,323304,924,0
322569,322839,323305,466,270
322498,322498,323305,807,0
322460,322460,323307,847,0
322523,322523,323307,784,0
322406,322406,323308,902,0
322399,322399,323309,910,0
322486,322486,323310,824,0
322567,322827,323310,483,260
322373,322373,323312,939,0
322400,322400,323314,914,0
322546,322767,323315,548,221
322425,322425,323315,890,0
322401,322401,323316,915,0
322493,322493,323316,823,0
322575,322861,323317,456,286
322395,322395,323318,923,0
322484,322484,323319,835,0
322499,322499,323321,822,0
322468,322468,323322,854,0
322424,322425,323322,897,1
322574,322853,323323,470,279
322524,322524,323323,799,0
322502,322503,323324,821,1
322501,322501,323325,824,0
322426,322426,323326,900,0
322511,322512,323326,814,1
322471,322471,323329,858,0
322439,322440,323329,889,1
322573,322851,323331,480,278
322420,322420,323332,912,0
322576,322959,323334,375,383
322497,322497,323336,839,0
322416,322416,323336,920,0
322504,322504,323336,832,0
322569,322838,323337,499,269
322466,322466,323339,873,0
322500,322500,323340,840,0
322487,322487,323340,853,0
322486,322486,323341,855,0
322389,322389,323344,955,0
322412,322412,323345,933,0
322519,322519,323346,827,0
322420,322420,323346,926,0
322433,322433,323346,913,0
322485,322485,323347,862,0
322408,322408,323347,939,0
322521,322521,323349,828,0
322473,322473,323350,877,0
322562,322815,323350,535,253
322515,322516,323351,835,1
322531,322531,323352,821,0
322417,322417,323353,936,0
322478,322478,323353,875,0
322574,322851,323353,502,277
322528,322528,323355,827,0
322418,322418,323356,938,0
322393,322393,323356,963,0
322398,322398,323357,959,0
322515,322515,323356,841,0
322371,322371,323358,987,0
322447,322447,323358,911,0
322494,322494,323358,864,0
322509,322509,323358,849,0
322495,322495,323358,863,0
322411,322411,323360,949,0
322429,322429,323361,932,0
322445,322445,323362,917,0
322525,322525,323362,837,0
322423,322423,323363,940,0
322480,322480,323364,884,0
322502,322502,323366,864,0
323364,323364,323366,2,0
322513,322514,323367,853,1
322488,322488,323367,879,0
322412,322412,323368,956,0
322427,322427,323369,942,0
322474,322474,323369,895,0
322482,322482,323368,886,0
322415,322415,323371,956,0
322571,322849,323372,523,278
322516,322516,323372,856,0
322409,322409,323372,963,0
322439,322439,323373,934,0
322448,322448,323373,925,0
322442,322442,323374,932,0
322416,322416,323375,959,0
322427,322427,323375,948,0
322514,322514,323377,863,0
322526,322526,323378,852,0
322477,322477,323379,902,0
322513,322513,323379,866,0
322469,322469,323380,911,0
322518,322518,323380,862,0
322443,322443,323382,939,0
322484,322484,323383,899,0
322413,322413,323384,971,0
322468,322468,323385,917,0
322434,322434,323386,952,0
322481,322481,323387,906,0
322477,322477,323387,910,0
322492,322492,323388,896,0
322528,322528,323388,860,0
322503,322503,323388,885,0
322517,322517,323389,872,0
322467,322467,323389,922,0
322511,322511,323390,879,0
322498,322498,323390,892,0
322431,322431,323391,960,0
322518,322518,323391,873,0
322475,322475,323392,917,0
322480,322481,323393,912,1
322494,322494,323393,899,0
322535,322535,323392,857,0
322490,322490,323393,903,0
322535,322535,323395,860,0
322529,322529,323395,866,0
322476,322476,323396,920,0
322461,322461,323398,937,0
322522,322522,323398,876,0
322470,322470,323398,928,0
322527,322527,323399,872,0
322437,322437,323399,962,0
322507,322507,323399,892,0
322436,322436,323400,964,0
322490,322490,323400,910,0
322510,322510,323401,891,0
322520,322520,323401,881,0
322530,322531,323403,872,1
322466,322466,323404,938,0
322406,322406,323405,999,0
322422,322422,323404,982,0
322505,322505,323405,900,0
322538,322538,323406,868,0
322465,322465,323406,941,0
322433,322433,323406,973,0
322472,322473,323406,933,1
322534,322534,323407,873,0
322496,322496,323406,910,0
322512,322512,323408,896,0
322430,322430,323408,978,0
322472,322472,323409,937,0
322507,322507,323411,904,0
322488,322488,323411,923,0
322437,322437,323411,974,0
322470,322471,323411,940,1
322526,322526,323413,887,0
322536,322536,323412,876,0
322532,322532,323414,882,0
322537,322537,323415,878,0
322537,322537,323415,878,0
322435,322435,323416,981,0
322505,322505,323417,912,0
322522,322522,323418,896,0
322397,322397,323418,1021,0
322524,322524,323418,894,0
322393,322393,323422,1029,0
322441,322441,323422,981,0
322475,322475,323423,948,0
322533,322533,323423,890,0
322483,322483,323424,941,0
322506,322506,323427,921,0
322500,322500,323429,929,0
322508,322508,323434,926,0
322532,322533,323441,908,1
322600,323262,323488,226,662
322591,323211,323521,310,620
322585,323182,323524,342,597
322578,323148,323525,377,570
322578,323136,323531,395,558
322577,323117,323532,415,540
322581,323159,323542,383,578
322601,323262,323547,285,661
322588,323193,323579,386,605
322585,323180,323580,400,595
322579,323150,323580,430,571
322583,323170,323582,412,587
322587,323189,323586,397,602
322582,323168,323587,419,586
322587,323189,323602,413,602
322582,323165,323602,437,583
322580,323152,323604,452,572
322596,323242,323606,364,646
322595,323235,323608,373,640
322580,323154,323621,467,574
322584,323177,323621,444,593
322593,323228,323628,400,635
322592,323212,323633,421,620
322590,323207,323633,426,617
322591,323210,323637,427,619
322599,323260,323639,379,661
322594,323233,323639,406,639
322593,323220,323654,434,627
322589,323205,323655,450,616
322597,323243,323659,416,646
322589,323204,323661,457,615
322597,323253,323679,426,656
322586,323188,323691,503,602
322599,323261,323702,441,662
322598,323259,323742,483,661
322595,323239,323864,625,644
332294,332294,333592,1298,0
333592,333593,333601,8,1
333592,333593,333603,10,1
333592,333593,333604,11,1
333592,333593,333604,11,1
333592,333593,333609,16,1
333592,333593,333615,22,1
333592,333593,333617,24,1
333592,333593,333617,24,1
333592,333593,333621,28,1
332296,332296,333644,1348,0
332300,332300,333650,1350,0
333592,333593,333663,70,1
333592,333593,333664,71,1
333592,333593,333670,77,1
333592,333593,333671,78,1
333592,333593,333672,79,1
333592,333593,333690,97,1
332302,332302,333692,1390,0
333592,333603,333716,113,11
333592,333601,333716,115,9
333592,333617,333723,106,25
333592,333593,333735,142,1
333592,333604,333738,134,12
333592,333672,333740,68,80
333592,333664,333749,85,72
333592,333672,333753,81,80
333592,333663,333760,97,71
333592,333692,333770,78,100
333592,333593,333770,177,1
333592,333617,333774,157,25
333592,333650,333780,130,58
333592,333670,333784,114,78
333592,333644,333789,145,52
333592,333691,333790,99,99
333592,333716,333791,75,124
333592,333605,333794,189,13
333592,333615,333799,184,23
333592,333718,333803,85,126
333592,333609,333812,203,17
333592,333621,333820,199,29
333592,333738,333828,90,146
333592,333735,333829,94,143
333592,333723,333829,106,131
333592,333753,333840,87,161
333592,333749,333852,103,157
333592,333760,333859,99,168
333592,333781,333863,82,189
333592,333770,333863,93,178
333592,333789,333870,81,197
333592,333784,333874,90,192
333592,333791,333874,83,199
333592,333740,333875,135,148
333592,333799,333881,82,207
333592,333803,333887,84,211
333592,333812,333890,78,220
333592,333794,333891,97,202
333592,333820,333892,72,228
333592,333790,333903,113,198
333592,333770,333915,145,178
333592,333828,333917,89,236
333592,333829,333918,89,237
333592,333774,333920,146,182
333592,333852,333927,75,260
333592,333829,333930,101,237
333592,333840,333930,90,248
333592,333874,333935,61,282
333592,333859,333936,77,267
333592,333863,333946,83,271
333592,333874,333947,73,282
333592,333875,333953,78,283
333592,333870,333953,83,278
333592,333863,333964,101,271
333592,333887,333964,77,295
333592,333890,333967,77,298
333645,333953,333968,15,308
333645,333953,333969,16,308
333592,333891,333970,79,299
333592,333881,333971,90,289
333645,333947,333976,29,302
333645,333964,333977,13,319
332294,332294,333979,1685,0
333645,333964,333981,17,319
333592,333892,333983,91,300
333592,333917,333985,68,325
333645,333967,333989,22,322
333592,333915,333990,75,323
333592,333903,333992,89,311
333592,333918,333993,75,326
333645,333968,333998,30,323
333645,333970,334000,30,325
333645,333969,334002,33,324
333592,333920,334003,83,328
333645,333930,334004,74,285
332295,332295,334007,1712,0
333645,333946,334008,62,301
333645,333936,334010,74,291
333645,333935,334013,78,290
332301,332301,334015,1714,0
333592,333927,334015,88,335
332301,332301,334023,1722,0
333645,333971,334046,75,326
332291,332291,334060,1769,0
333645,333977,334072,95,332
332292,332292,334076,1784,0
333645,333976,334077,101,331
332297,332297,334085,1788,0
333645,333979,334092,113,334
332293,332293,334099,1806,0
333645,334015,334104,89,370
333645,334013,334105,92,368
332304,332304,334108,1804,0
333645,333981,334114,133,336
332292,332292,334119,1827,0
333645,334023,334125,102,378
333645,333985,334125,140,340
333645,334008,334126,118,363
333645,334010,334126,116,365
333645,334015,334133,118,370
333645,334005,334135,130,360
333645,333983,334141,158,338
332298,332298,334148,1850,0
333645,334007,334151,144,362
332297,332297,334151,1854,0
332305,332305,334153,1848,0
333645,333993,334162,169,348
333645,334072,334161,89,427
332303,332303,334165,1862,0
333645,333989,334171,182,344
333645,333998,334176,178,353
333645,334105,334179,74,460
333645,334076,334179,103,431
333645,334046,334179,133,401
333645,334002,334179,177,357
332299,332299,334185,1886,0
333645,334000,334186,186,355
332306,332306,334188,1882,0
333645,334104,334188,84,459
333645,333992,334190,198,347
333645,334114,334191,77,469
333645,334077,334193,116,432
333645,334092,334194,102,447
333645,334060,334199,139,415
333645,334126,334199,73,481
333645,334085,334200,115,440
333645,334108,334201,93,463
333645,334119,334202,83,474
333645,333990,334210,220,345
333645,334099,334215,116,454
333645,334135,334221,86,490
333645,334126,334223,97,481
333645,334133,334224,91,488
333645,334148,334238,90,503
333645,334151,334239,88,506
333650,334224,334240,16,574
333645,334003,334241,238,358
333645,334141,334241,100,496
333650,334223,334243,20,573
333645,334179,334243,64,534
333645,334162,334250,88,517
333645,334153,334250,97,508
333645,334179,334252,73,534
333645,334151,334253,102,506
333645,334162,334253,91,517
333650,334239,334254,15,589
333645,334125,334256,131,480
333650,334238,334257,19,588
333650,334240,334257,17,590
333645,334179,334257,78,534
333645,334171,334260,89,526
333645,334188,334261,73,543
333650,334241,334261,20,591
333645,334188,334261,73,543
333645,334179,334266,87,534
333650,334241,334268,27,591
333645,334200,334268,68,555
333645,334176,334270,94,531
333645,334186,334270,84,541
333645,334125,334271,146,480
333650,334244,334272,28,594
333650,334243,334273,30,593
333645,334165,334275,110,520
333645,334191,334276,85,546
333645,334191,334277,86,546
333645,334199,334279,80,554
333645,334194,334279,85,549
333645,334193,334281,88,548
333650,334221,334282,61,571
333645,334185,334286,101,540
333650,334210,334287,77,560
333650,334215,334287,72,565
333650,334202,334291,89,552
333650,334261,334302,41,611
333645,334200,334304,104,555
333650,334261,334321,60,611
333650,334250,334324,74,600
333650,334267,334325,58,617
333650,334269,334327,58,619
333650,334270,334329,59,620
333650,334268,334342,74,618
333650,334271,334344,73,621
333650,334253,334367,114,603
333650,334275,334369,94,625
333650,334277,334370,93,627
333650,334287,334371,84,637
333650,334257,334372,115,607
333650,334276,334373,97,626
333650,334287,334376,89,637
333650,334282,334379,97,632
333650,334273,334380,107,623
333650,334272,334380,108,622
333650,334257,334384,127,607
333650,334279,334387,108,629
333650,334281,334388,107,631
333650,334279,334394,115,629
333650,334272,334395,123,622
333650,334302,334395,93,652
333650,334291,334395,104,641
333650,334286,334395,109,636
333650,334304,334396,92,654
333650,334261,334400,139,611
333650,334251,334405,154,601
333650,334329,334407,78,679
333650,334326,334413,87,676
333650,334329,334417,88,679
333650,334253,334419,166,603
333650,334342,334419,77,692
333650,334324,334420,96,674
333650,334344,334424,80,694
333650,334260,334424,164,610
333650,334321,334429,108,671
333650,334254,334437,183,604
333650,334370,334437,67,720
333650,334367,334443,76,717
333650,334369,334444,75,719
333650,334380,334446,66,730
333650,334257,334446,189,607
333650,334381,334449,68,731
333650,334256,334450,194,606
333650,334374,334451,77,724
333650,334380,334452,72,730
333650,334376,334452,76,726
333693,334437,334452,15,744
333650,334371,334457,86,721
333693,334437,334460,23,744
333650,334372,334461,89,722
333693,334443,334465,22,750
333650,334407,334466,59,757
333693,334444,334467,23,751
333650,334388,334469,81,738
333693,334446,334470,24,753
333693,334446,334472,26,753
333650,334387,334473,86,737
333693,334449,334474,25,756
333650,334384,334475,91,734
333650,334395,334480,85,745
333650,334395,334482,87,745
333693,334451,334483,32,758
333650,334396,334487,91,746
333650,334413,334489,76,763
333650,334417,334489,72,767
333650,334395,334490,95,745
333693,334450,334493,43,757
333650,334400,334496,96,750
333650,334405,334497,92,755
333693,334424,334498,74,731
333650,334394,334499,105,744
333693,334420,334502,82,727
333650,334252,334507,255,602
333693,334429,334509,80,736
333650,334395,334511,116,745
333693,334424,334516,92,731
333650,334419,334517,98,769
333693,334474,334522,48,781
333693,334452,334529,77,759
333693,334480,334536,56,787
333693,334489,334539,50,796
333693,334473,334542,69,780
333693,334483,334543,60,790
333693,334475,334544,69,782
333693,334482,334547,65,789
333693,334487,334557,70,794
333693,334502,334566,64,809
333693,334453,334575,122,760
333693,334507,334576,69,814
333693,334496,334576,80,803
333693,334493,334579,86,800
333693,334452,334579,127,759
333693,334490,334583,93,797
333693,334489,334588,99,796
333693,334497,334598,101,804
333693,334470,334599,129,777
333693,334499,334599,100,806
333693,334457,334600,143,764
333693,334499,334601,102,806
333693,334529,334602,73,836
333693,334509,334605,96,816
333693,334537,334612,75,844
333693,334469,334614,145,776
333693,334522,334614,92,829
333693,334466,334618,152,773
333693,334466,334618,152,773
333693,334547,334622,75,854
333693,334544,334624,80,851
333693,334543,334624,81,850
333693,334472,334626,154,779
333693,334511,334627,116,818
333693,334543,334629,86,850
333693,334517,334632,115,824
333693,334540,334636,96,847
333693,334461,334643,182,768
333693,334557,334644,87,864
333693,334460,334649,189,767
333693,334566,334652,86,873
333693,334467,334652,185,774
333693,334576,334655,79,883
333693,334516,334656,140,823
333693,334583,334656,73,890
333693,334579,334661,82,886
333693,334575,334662,87,882
333693,334579,334664,85,886
333979,334652,334665,13,673
333693,334576,334665,89,883
333979,334652,334669,17,673
333979,334655,334670,15,676
333693,334588,334673,85,895
333979,334656,334674,18,677
333979,334657,334674,17,678
333693,334599,334674,75,906
333979,334664,334684,20,685
333693,334602,334684,82,909
333693,334598,334685,87,905
333979,334661,334686,25,682
333693,334599,334687,88,906
333979,334662,334687,25,683
333693,334600,334687,87,907
333693,334602,334690,88,909
333693,334624,334691,67,931
333693,334626,334694,68,933
333693,334622,334695,73,929
333693,334615,334695,80,922
333693,334612,334699,87,919
333693,334624,334699,75,931
333693,334618,334701,83,925
333693,334614,334703,89,921
333979,334645,334705,60,666
333693,334618,334706,88,925
333979,334636,334708,72,657
333979,334650,334708,58,671
333693,334605,334711,106,912
333979,334665,334712,47,686
333979,334632,334720,88,653
333693,334627,334722,95,934
333979,334644,334724,80,665
333979,334669,334764,95,690
333979,334666,334769,103,687
333979,334699,334777,78,720
333979,334703,334780,77,724
333979,334694,334783,89,715
333979,334695,334787,92,716
333979,334687,334790,103,708
333979,334708,334791,83,729
333979,334706,334793,87,727
333979,334674,334800,126,695
333979,334711,334801,90,732
333979,334691,334808,117,712
333979,334684,334811,127,705
333979,334705,334814,109,726
333979,334701,334814,113,722
333979,334695,334815,120,716
333979,334690,334816,126,711
333979,334699,334818,119,720
333979,334708,334820,112,729
333979,334687,334820,133,708
333979,334685,334829,144,706
333979,334684,334830,146,705
333979,334764,334836,72,785
333979,334687,334837,150,708
333979,334712,334839,127,733
333979,334720,334842,122,741
333979,334674,334844,170,695
333979,334724,334845,121,745
333979,334686,334853,167,707
333979,334673,334861,188,694
333979,334670,334864,194,691
333979,334769,334867,98,790
333979,334674,334867,193,695
333979,334791,334871,80,812
333979,334722,334874,152,743
333979,334790,334874,84,811
333979,334793,334876,83,814
333979,334777,334877,100,798
333979,334787,334880,93,808
333979,334780,334885,105,801
333979,334783,334889,106,804
333979,334820,334890,70,841
333979,334800,334892,92,821
333979,334801,334897,96,822
333979,334815,334898,83,836
333979,334814,334900,86,835
333979,334818,334902,84,839
333979,334814,334904,90,835
333979,334816,334904,88,837
334007,334891,334905,14,884
334007,334889,334908,19,882
333979,334830,334908,78,851
334007,334885,334908,23,878
334007,334892,334909,17,885
333979,334830,334911,81,851
333979,334808,334913,105,829
333979,334811,334915,104,832
333979,334820,334916,96,841
334007,334897,334916,19,890
333979,334836,334917,81,857
334007,334901,334918,17,894
333979,334842,334922,80,863
333979,334845,334926,81,866
334007,334898,334928,30,891
333979,334837,334929,92,858
333979,334839,334934,95,860
334007,334902,334935,33,895
333979,334844,334938,94,865
334007,334904,334940,36,897
333979,334861,334943,82,882
334007,334874,334945,71,867
333979,334867,334950,83,888
334007,334880,334951,71,873
334007,334877,334955,78,870
334007,334876,334957,81,869
333979,334864,334958,94,885
333979,334853,334959,106,874
333979,334867,334964,97,888
333979,334871,334968,97,892
334007,334904,334986,82,897
334007,334951,335029,78,944
334007,334955,335033,78,948
334007,334917,335037,120,910
334007,334957,335038,81,950
334007,334934,335039,105,927
334007,334905,335041,136,898
334007,334916,335045,129,909
334007,334945,335049,104,938
334007,334959,335050,91,952
334007,334935,335055,120,928
334007,334909,335058,149,902
334007,334916,335061,145,909
334007,334950,335061,111,943
334007,334918,335069,151,911
334007,334968,335072,104,961
334007,334915,335075,160,908
334007,334908,335080,172,901
334007,334943,335085,142,936
334007,334908,335085,177,901
334007,334958,335089,131,951
334007,334986,335090,104,979
334007,334940,335091,151,933
334007,334964,335094,130,957
334007,335030,335097,67,1023
334007,335033,335106,73,1026
334007,335037,335116,79,1030
334007,334911,335117,206,904
334007,334908,335119,211,901
334007,335038,335124,86,1031
334007,335045,335125,80,1038
334007,335049,335126,77,1042
334007,334922,335127,205,915
334007,334938,335132,194,931
334007,335050,335136,86,1043
334007,335041,335141,100,1034
334007,335055,335143,88,1048
334007,334929,335146,217,922
334007,334926,335149,223,919
334007,335072,335152,80,1065
334007,335075,335152,77,1068
334007,334928,335153,225,921
334007,335058,335153,95,1051
334007,335061,335162,101,1054
334007,334913,335163,250,906
334007,335061,335167,106,1054
334007,335091,335167,76,1084
334023,335153,335168,15,1130
334007,335090,335169,79,1083
334007,335039,335171,132,1032
334007,335097,335171,74,1090
334007,335070,335173,103,1063
334023,335153,335174,21,1130
334023,335162,335175,13,1139
334007,335094,335179,85,1087
334023,335163,335180,17,1140
334007,335086,335180,94,1079
334007,335080,335181,101,1073
334007,335085,335183,98,1078
334023,335167,335187,20,1144
334007,335089,335188,99,1082
334007,335106,335188,82,1099
334023,335169,335189,20,1146
334023,335167,335190,23,1144
334007,335116,335190,74,1109
334007,335124,335201,77,1117
334023,335169,335202,33,1146
334007,335121,335202,81,1114
334007,335126,335202,76,1119
334007,335127,335209,82,1120
334007,335117,335210,93,1110
334023,335152,335214,62,1129
334023,335152,335215,63,1129
334007,335132,335216,84,1125
334007,335136,335217,81,1129
334023,335171,335219,48,1148
334007,335125,335222,97,1118
334023,335191,335232,41,1168
334023,335148,335234,86,1125
334023,335190,335237,47,1167
334023,335149,335239,90,1126
334007,335142,335242,100,1135
334023,335171,335242,71,1148
334023,335201,335254,53,1178
334023,335189,335268,79,1166
334023,335202,335270,68,1179
334023,335202,335274,72,1179
334023,335202,335285,83,1179
334023,335215,335299,84,1192
334023,335173,335306,133,1150
334023,335214,335308,94,1191
334023,335188,335309,121,1165
334023,335222,335312,90,1199
334023,335217,335325,108,1194
334023,335209,335328,119,1186
334023,335232,335329,97,1209
334023,335187,335330,143,1164
334023,335234,335331,97,1211
334023,335175,335336,161,1152
334023,335237,335338,101,1214
334023,335254,335343,89,1231
334023,335239,335344,105,1216
334023,335242,335345,103,1219
334023,335219,335345,126,1196
334023,335242,335346,104,1219
334023,335216,335351,135,1193
334023,335174,335355,181,1151
334023,335179,335367,188,1156
334023,335183,335369,186,1160
334023,335308,335369,61,1285
334023,335210,335371,161,1187
334023,335180,335373,193,1157
334023,335268,335375,107,1245
334023,335309,335375,66,1286
334023,335180,335375,195,1157
334023,335188,335379,191,1165
334023,335285,335383,98,1262
334023,335299,335384,85,1276
334023,335181,335390,209,1158
334023,335325,335391,66,1302
334023,335312,335391,79,1289
334023,335329,335391,62,1306
334023,335271,335400,129,1248
334023,335306,335401,95,1283
334023,335328,335401,73,1305
334023,335330,335403,73,1307
334023,335343,335408,65,1320
334023,335337,335409,72,1314
334023,335345,335410,65,1322
334023,335338,335412,74,1315
334023,335274,335413,139,1251
334024,335400,335416,16,1376
334024,335401,335416,15,1377
334024,335404,335419,15,1380
334024,335402,335420,18,1378
334023,335331,335420,89,1308
334023,335344,335423,79,1321
334024,335409,335429,20,1385
334024,335410,335430,20,1386
334024,335409,335433,24,1385
334023,335346,335434,88,1323
333593,333930,335437,1507,337
334023,335351,335442,91,1328
334023,335375,335443,68,1352
334024,335413,335445,32,1389
334023,335345,335445,100,1322
334023,335375,335446,71,1352
334024,335412,335447,35,1388
334023,335379,335449,70,1356
334023,335375,335450,75,1352
334023,335369,335454,85,1346
334024,335391,335459,68,1367
334023,335369,335459,90,1346
334023,335367,335461,94,1344
334024,335391,335461,70,1367
334023,335371,335463,92,1348
334024,335391,335464,73,1367
334024,335390,335467,77,1366
334023,335383,335473,90,1360
334023,335355,335473,118,1332
334023,335373,335485,112,1350
334024,335445,335493,48,1421
334024,335416,335497,81,1392
334024,335443,335498,55,1419
334024,335445,335500,55,1421
334024,335450,335504,54,1426
334024,335448,335513,65,1424
334024,335449,335514,65,1425
334024,335446,335516,70,1422
334024,335454,335541,87,1430
334024,335473,335543,70,1449
334024,335473,335550,77,1449
334024,335416,335549,133,1392
334024,335459,335551,92,1435
334024,335461,335553,92,1437
334024,335467,335558,91,1443
334024,335459,335563,104,1435
334024,335461,335564,103,1437
334024,335485,335565,80,1461
334024,335464,335572,108,1440
334024,335463,335579,116,1439
334024,335498,335580,82,1474
334024,335429,335581,152,1405
334024,335504,335595,91,1480
334024,335493,335599,106,1469
334024,335516,335599,83,1492
334024,335419,335601,182,1395
334024,335442,335603,161,1418
334024,335434,335604,170,1410
334024,335500,335604,104,1476
334024,335420,335604,184,1396
334024,335497,335605,108,1473
334024,335430,335611,181,1406
334024,335541,335612,71,1517
334024,335437,335614,177,1413
334024,335513,335614,101,1489
334024,335543,335623,80,1519
334024,335558,335626,68,1534
334024,335514,335629,115,1490
334024,335420,335629,209,1396
334024,335550,335629,79,1526
334024,335553,335631,78,1529
334024,335551,335631,80,1527
334024,335563,335632,69,1539
334024,335564,335636,72,1540
334024,335423,335637,214,1399
334024,335551,335639,88,1527
334024,335565,335641,76,1541
334062,335637,335649,12,1575
334062,335636,335649,13,1574
334024,335433,335650,217,1409
334062,335639,335650,11,1577
334062,335641,335654,13,1579
334024,335572,335658,86,1548
334024,335581,335660,79,1557
334024,335580,335661,81,1556
334062,335649,335662,13,1587
334024,335595,335667,72,1571
334062,335649,335669,20,1587
334024,335613,335670,57,1589
334024,335579,335670,91,1555
334062,335650,335673,23,1588
334024,335614,335673,59,1590
334062,335650,335676,26,1588
334024,335614,335680,66,1590
334062,335654,335680,26,1592
334024,335604,335683,79,1580
334024,335623,335685,62,1599
334062,335631,335687,56,1569
334024,335599,335688,89,1575
334024,335599,335690,91,1575
334024,335604,335691,87,1580
334024,335601,335692,91,1577
334024,335605,335696,91,1581
334024,335611,335696,85,1587
334062,335632,335698,66,1570
334024,335606,335702,96,1582
334062,335629,335708,79,1567
334062,335630,335710,80,1568
334062,335631,335713,82,1569
334024,335603,335717,114,1579
334062,335658,335717,59,1596
333645,334202,335717,1515,557
334024,335627,335726,99,1603
334062,335660,335766,106,1598
334062,335691,335767,76,1629
334062,335661,335768,107,1599
334062,335690,335768,78,1628
334062,335696,335773,77,1634
334062,335692,335776,84,1630
334062,335696,335779,83,1634
334062,335698,335781,83,1636
334062,335676,335782,106,1614
334062,335685,335786,101,1623
334062,335670,335787,117,1608
334062,335687,335791,104,1625
334062,335708,335792,84,1646
334062,335667,335796,129,1605
334062,335681,335796,115,1619
334062,335710,335797,87,1648
334062,335680,335798,118,1618
334062,335702,335799,97,1640
334062,335663,335806,143,1601
334062,335688,335808,120,1626
334062,335683,335810,127,1621
334062,335713,335833,120,1651
334062,335670,335841,171,1608
334062,335768,335842,74,1706
334062,335674,335848,174,1612
334062,335717,335855,138,1655
334062,335669,335858,189,1607
334062,335726,335858,132,1664
334062,335717,335862,145,1655
334062,335791,335862,71,1729
334062,335796,335868,72,1734
334062,335673,335868,195,1611
334062,335717,335869,152,1655
334062,335787,335872,85,1725
334062,335766,335873,107,1704
334062,335779,335875,96,1717
334062,335781,335878,97,1719
334062,335792,335881,89,1730
334062,335776,335885,109,1714
334062,335799,335886,87,1737
334062,335767,335886,119,1705
334062,335796,335887,91,1734
334062,335786,335888,102,1724
334062,335768,335888,120,1706
334062,335798,335890,92,1736
334062,335782,335892,110,1720
334062,335797,335894,97,1735
334062,335773,335896,123,1711
334076,335888,335898,10,1812
334062,335808,335902,94,1746
334076,335890,335905,15,1814
334076,335888,335907,19,1812
334062,335806,335909,103,1744
334062,335810,335910,100,1748
334076,335892,335914,22,1816
334076,335894,335914,20,1818
334076,335896,335917,21,1820
334076,335898,335919,21,1822
334062,335833,335920,87,1771
334062,335842,335924,82,1780
334076,335887,335924,37,1811
334062,335848,335927,79,1786
334076,335902,335930,28,1826
334062,335862,335931,69,1800
334076,335905,335935,30,1829
334062,335858,335936,78,1796
334062,335855,335937,82,1793
334062,335869,335937,68,1807
334062,335862,335937,75,1800
334062,335868,335937,69,1806
334062,335872,335938,66,1810
334062,335858,335939,81,1796
333651,334419,335947,1528,768
334062,335841,335948,107,1779
334062,335873,335952,79,1811
334062,335868,335953,85,1806
334076,335879,335956,77,1803
334076,335881,335965,84,1805
334076,335887,335969,82,1811
334076,335885,335969,84,1809
334076,335886,335972,86,1810
334076,335907,336001,94,1831
334076,335938,336004,66,1862
334076,335938,336007,69,1862
334076,335947,336011,64,1871
334076,335939,336015,76,1863
334076,335948,336028,80,1872
334076,335931,336028,97,1855
334076,335937,336029,92,1861
334076,335924,336033,109,1848
334076,335952,336036,84,1876
334076,335909,336046,137,1833
334076,335919,336050,131,1843
334076,335970,336058,88,1894
334076,335927,336059,132,1851
334076,335930,336062,132,1854
334076,335953,336064,111,1877
334076,335972,336067,95,1896
334076,335935,336067,132,1859
334076,336007,336075,68,1931
334076,335910,336075,165,1834
334076,335969,336080,111,1893
334076,336004,336080,76,1928
334076,335924,336084,160,1848
334076,336011,336086,75,1935
334076,335937,336089,152,1861
334076,335920,336090,170,1844
334076,335936,336093,157,1860
334076,335956,336094,138,1880
334076,335914,336096,182,1838
334076,335965,336105,140,1889
334076,336015,336108,93,1939
334076,336001,336109,108,1925
334076,335917,336117,200,1841
334076,336028,336117,89,1952
334076,335937,336131,194,1861
334076,336050,336131,81,1974
334076,336046,336132,86,1970
334076,336033,336132,99,1957
334076,336036,336136,100,1960
334076,335914,336137,223,1838
334076,336028,336138,110,1952
334076,336030,336146,116,1954
334076,336058,336153,95,1982
334076,336059,336155,96,1983
334076,336068,336155,87,1992
334076,336064,336156,92,1988
334085,336138,336158,20,2053
334076,336081,336159,78,2005
334085,336146,336160,14,2061
334076,336062,336161,99,1986
334076,336093,336162,69,2017
334076,336067,336163,96,1991
334076,336075,336166,91,1999
334076,336090,336167,77,2014
334076,336084,336169,85,2008
334085,336153,336173,20,2068
334076,336095,336174,79,2019
334076,336075,336176,101,1999
334076,336096,336177,81,2020
334085,336155,336177,22,2070
334076,336117,336180,63,2041
334076,336108,336181,73,2032
334076,336105,336182,77,2029
334076,336117,336183,66,2041
334076,336109,336185,76,2033
334085,336155,336185,30,2070
334076,336080,336185,105,2004
334085,336158,336188,30,2073
334076,336086,336188,102,2010
334076,336089,336188,99,2013
334085,336157,336192,35,2072
334085,336159,336193,34,2074
333693,334629,336193,1564,936
334085,336160,336198,38,2075
334085,336138,336202,64,2053
334085,336133,336204,71,2048
334085,336132,336210,78,2047
334076,336131,336215,84,2055
334085,336136,336217,81,2051
334085,336161,336238,77,2076
334085,336185,336243,58,2100
334085,336188,336248,60,2103
334085,336185,336250,65,2100
334085,336185,336253,68,2100
334085,336162,336255,93,2077
334085,336193,336260,67,2108
334085,336193,336274,81,2108
334085,336204,336279,75,2119
334085,336188,336280,92,2103
334085,336166,336286,120,2081
334085,336176,336292,116,2091
334085,336199,336293,94,2114
334085,336183,336294,111,2098
334085,336202,336294,92,2117
334085,336163,336302,139,2078
334085,336210,336305,95,2125
334085,336192,336311,119,2107
334085,336182,336314,132,2097
334085,336181,336316,135,2096
334085,336217,336323,106,2132
334085,336250,336324,74,2165
334085,336188,336326,138,2103
334085,336248,336330,82,2163
334085,336174,336331,157,2089
334085,336180,336332,152,2095
334085,336215,336335,120,2130
334085,336177,336343,166,2092
334085,336167,336350,183,2082
334085,336243,336351,108,2158
334085,336253,336355,102,2168
334085,336238,336360,122,2153
334085,336260,336362,102,2175
334085,336286,336363,77,2201
334085,336177,336365,188,2092
334085,336280,336367,87,2195
334085,336280,336372,92,2195
333979,334874,336377,1503,895
334085,336294,336382,88,2209
334085,336255,336385,130,2170
334085,336292,336385,93,2207
334085,336169,336386,217,2084
334085,336295,336386,91,2210
334085,336323,336392,69,2238
334085,336305,336394,89,2220
334085,336302,336397,95,2217
334085,336314,336399,85,2229
334085,336311,336399,88,2226
334085,336293,336401,108,2208
334100,336394,336403,9,2294
334085,336324,336404,80,2239
334085,336332,336405,73,2247
334100,336397,336406,9,2297
334085,336326,336406,80,2241
334085,336317,336407,90,2232
334085,336274,336410,136,2189
334100,336400,336411,11,2300
334100,336400,336412,12,2300
334085,336335,336411,76,2250
334100,336401,336417,16,2301
334085,336330,336418,88,2245
334100,336392,336419,27,2292
334100,336404,336421,17,2304
334100,336403,336421,18,2303
334085,336343,336422,79,2258
334100,336405,336423,18,2305
334085,336331,336426,95,2246
334085,336362,336427,65,2277
334085,336351,336429,78,2266
334085,336350,336434,84,2265
334085,336363,336435,72,2278
334085,336367,336439,72,2282
334085,336360,336442,82,2275
334085,336366,336444,78,2281
334100,336386,336451,65,2286
334085,336372,336452,80,2287
334085,336355,336460,105,2270
334085,336173,336465,292,2088
334100,336385,336467,82,2285
334100,336386,336469,83,2286
334100,336386,336469,83,2286
334100,336406,336474,68,2306
334100,336382,336474,92,2282
334100,336434,336501,67,2334
334100,336427,336503,76,2327
334100,336406,336514,108,2306
334100,336429,336523,94,2329
334100,336452,336527,75,2352
334100,336442,336528,86,2342
334100,336444,336529,85,2344
334100,336460,336534,74,2360
334100,336407,336535,128,2307
334100,336435,336535,100,2335
334100,336465,336536,71,2365
334100,336410,336537,127,2310
334100,336474,336546,72,2374
334100,336411,336546,135,2311
334024,335384,336547,1163,1360
334100,336439,336552,113,2339
334100,336452,336561,109,2352
334100,336423,336565,142,2323
334100,336469,336565,96,2369
334100,336412,336566,154,2312
334100,336474,336567,93,2374
334100,336467,336571,104,2367
334100,336426,336572,146,2326
334100,336419,336577,158,2319
334100,336503,336584,81,2403
334100,336514,336586,72,2414
334100,336417,336589,172,2317
334100,336523,336601,78,2423
334100,336412,336607,195,2312
334100,336421,336610,189,2321
334100,336501,336612,111,2401
334100,336469,336613,144,2369
334100,336418,336614,196,2318
334100,336527,336615,88,2427
334100,336537,336618,81,2437
334100,336528,336621,93,2428
334100,336535,336625,90,2435
334100,336534,336629,95,2434
334100,336547,336629,82,2447
334100,336565,336632,67,2465
334100,336535,336632,97,2435
334100,336546,336634,88,2446
334100,336421,336635,214,2321
334100,336529,336635,106,2429
334100,336536,336638,102,2436
334100,336546,336639,93,2446
334100,336577,336644,67,2477
334100,336566,336647,81,2466
334100,336567,336647,80,2467
334108,336635,336652,17,2527
334108,336634,336653,19,2526
334100,336561,336652,91,2461
334100,336552,336653,101,2452
334100,336422,336653,231,2322
334100,336584,336654,70,2484
334108,336633,336657,24,2525
334108,336638,336659,21,2530
334100,336586,336661,75,2486
334100,336565,336662,97,2465
334100,336571,336664,93,2471
334108,336639,336664,25,2531
334108,336636,336666,30,2528
334108,336644,336670,26,2536
334100,336591,336673,82,2491
334100,336613,336675,62,2513
334108,336647,336677,30,2539
334100,336572,336678,106,2472
334100,336615,336679,64,2515
334100,336607,336680,73,2507
334100,336610,336681,71,2510
334108,336647,336684,37,2539
334100,336601,336687,86,2501
334100,336614,336688,74,2514
334100,336613,336689,76,2513
334108,336629,336695,66,2521
334108,336632,336698,66,2524
334108,336629,336701,72,2521
334008,335143,336706,1563,1135
334108,336625,336707,82,2517
334100,336618,336710,92,2518
334108,336670,336718,48,2562
334108,336666,336728,62,2558
334108,336673,336731,58,2565
334108,336676,336732,56,2568
334108,336652,336733,81,2544
334108,336679,336743,64,2571
334108,336678,336745,67,2570
334108,336677,336750,73,2569
334108,336688,336759,71,2580
334108,336687,336760,73,2579
334108,336653,336763,110,2545
334108,336695,336764,69,2587
334108,336680,336769,89,2572
334108,336689,336769,80,2581
334108,336665,336778,113,2557
334108,336698,336786,88,2590
334108,336718,336791,73,2610
334108,336701,336794,93,2593
334108,336707,336797,90,2599
334108,336684,336801,117,2576
334108,336653,336805,152,2545
334108,336706,336806,100,2598
334108,336683,336807,124,2575
334108,336732,336811,79,2624
334108,336653,336815,162,2545
334108,336710,336820,110,2602
334108,336731,336823,92,2623
334108,336743,336829,86,2635
334108,336654,336831,177,2546
334108,336657,336832,175,2549
334108,336728,336833,105,2620
334108,336733,336835,102,2625
334108,336745,336839,94,2637
334108,336765,336841,76,2657
334108,336653,336842,189,2545
334108,336769,336843,74,2661
334108,336769,336852,83,2661
334108,336786,336853,67,2678
334108,336778,336858,80,2670
334108,336664,336858,194,2556
334108,336662,336859,197,2554
334108,336763,336860,97,2655
334108,336750,336863,113,2642
334108,336760,336867,107,2652
334108,336759,336869,110,2651
334108,336791,336874,83,2683
334120,336869,336878,9,2749
334108,336661,336881,220,2553
334120,336867,336882,15,2747
334108,336659,336885,226,2551
334120,336874,336885,11,2754
334108,336805,336888,83,2697
334120,336878,336888,10,2758
334108,336797,336889,92,2689
334108,336806,336896,90,2698
334120,336881,336898,17,2761
334108,336801,336900,99,2693
334108,336807,336900,93,2699
334120,336885,336903,18,2765
334120,336883,336903,20,2763
334108,336815,336905,90,2707
334108,336794,336907,113,2686
334108,336811,336908,97,2703
334108,336831,336910,79,2723
334120,336885,336909,24,2765
334108,336829,336913,84,2721
334120,336888,336913,25,2768
334108,336832,336915,83,2724
334108,336835,336918,83,2727
334108,336841,336919,78,2733
334108,336820,336919,99,2712
334120,336863,336922,59,2743
334108,336840,336925,85,2732
334108,336823,336925,102,2715
334108,336834,336928,94,2726
334108,336843,336929,86,2735
334120,336860,336949,89,2740
334108,336843,336956,113,2735
334120,336859,336958,99,2739
334120,336854,336962,108,2734
334120,336858,336962,104,2738
334120,336858,336972,114,2738
334120,336888,336985,97,2768
334120,336889,336988,99,2769
334120,336919,336997,78,2799
334120,336903,336999,96,2783
334120,336922,337003,81,2802
334120,336919,337004,85,2799
334120,336925,337008,83,2805
334120,336928,337008,80,2808
334120,336900,337011,111,2780
334120,336929,337016,87,2809
334120,336925,337021,96,2805
334120,336897,337026,129,2777
334120,336915,337030,115,2795
334120,336956,337035,79,2836
334120,336900,337036,136,2780
334120,336918,337036,118,2798
334120,336905,337038,133,2785
334120,336950,337040,90,2830
334120,336913,337044,131,2793
334120,336958,337047,89,2838
334120,336962,337049,87,2842
334120,336903,337048,145,2783
334062,335875,337054,1179,1813
334120,336910,337059,149,2790
334120,336898,337064,166,2778
334120,336999,337069,70,2879
334120,336962,337074,112,2842
334120,336910,337078,168,2790
334120,336913,337078,165,2793
334120,337003,337081,78,2883
334120,337008,337086,78,2888
334120,337004,337089,85,2884
334120,336997,337089,92,2877
334120,336988,337094,106,2868
334120,336972,337094,122,2852
334120,336985,337097,112,2865
334120,336907,337098,191,2787
334120,337030,337100,70,2910
334120,337027,337103,76,2907
334120,337021,337112,91,2901
334120,337016,337114,98,2896
334120,337035,337115,80,2915
334120,337038,337121,83,2918
334120,337049,337122,73,2929
334120,337044,337125,81,2924
334120,337040,337125,85,2920
334120,337036,337128,92,2916
334120,337069,337130,61,2949
334120,337054,337129,75,2934
334120,337011,337132,121,2891
334120,337049,337133,84,2929
334149,337115,337135,20,2966
334120,337009,337136,127,2889
334120,336908,337136,228,2788
334149,337114,337137,23,2965
334120,337036,337138,102,2916
334025,335629,337139,1510,1604
334120,337048,337143,95,2928
334149,337122,337144,22,2973
334149,337121,337147,26,2972
334120,337074,337148,74,2954
334149,337125,337148,23,2976
334120,337078,337149,71,2958
334120,337081,337150,69,2961
334120,337078,337150,72,2958
334120,337089,337151,62,2969
334120,337064,337152,88,2944
334149,337125,337151,26,2976
334120,337059,337154,95,2939
334149,337128,337155,27,2979
334120,337086,337157,71,2966
334149,337130,337158,28,2981
334120,337089,337162,73,2969
334149,337130,337166,36,2981
334120,337094,337175,81,2974
334149,337100,337175,75,2951
334149,337112,337177,65,2963
334149,337103,337187,84,2954
334120,337094,337190,96,2974
334149,337149,337200,51,3000
334149,337151,337201,50,3002
334149,337150,337205,55,3001
334149,337152,337208,56,3003
334149,337148,337211,63,2999
334149,337098,337212,114,2949
334149,337132,337212,80,2983
334149,337150,337217,67,3001
334149,337154,337225,71,3005
334149,337152,337226,74,3003
334149,337134,337232,98,2985
334149,337166,337236,70,3017
334149,337158,337249,91,3009
334149,337175,337263,88,3026
334149,337139,337266,127,2990
334149,337155,337272,117,3006
334149,337143,337274,131,2994
334149,337162,337274,112,3013
334149,337148,337276,128,2999
334149,337190,337279,89,3041
334149,337177,337282,105,3028
334149,337157,337283,126,3008
334149,337135,337284,149,2986
334149,337175,337288,113,3026
334149,337187,337292,105,3038
334149,337144,337297,153,2995
334149,337226,337299,73,3077
334149,337205,337305,100,3056
334149,337211,337307,96,3062
334149,337200,337307,107,3051
334149,337201,337308,107,3052
334149,337137,337310,173,2988
334149,337225,337310,85,3076
334149,337212,337312,100,3063
334149,337136,337314,178,2987
334149,337208,337315,107,3059
334149,337217,337316,99,3068
334149,337138,337317,179,2989
334149,337232,337318,86,3083
334149,337236,337322,86,3087
334149,337212,337326,114,3063
334076,336131,337328,1197,2055
334149,337147,337335,188,2998
334149,337249,337343,94,3100
334149,337274,337343,69,3125
334149,337136,337346,210,2987
334149,337263,337347,84,3114
334149,337276,337354,78,3127
334149,337282,337356,74,3133
334149,337280,337357,77,3131
334149,337274,337359,85,3125
334152,337343,337360,17,3191
334149,337272,337359,87,3123
334152,337335,337363,28,3183
334149,337299,337363,64,3150
334152,337347,337366,19,3195
334152,337343,337365,22,3191
334152,337346,337367,21,3194
334149,337288,337374,86,3139
334149,337292,337375,83,3143
334149,337283,337377,94,3134
334149,337284,337378,94,3135
334149,337308,337379,71,3159
334149,337305,337380,75,3156
334152,337357,337380,23,3205
334149,337266,337382,116,3117
334149,337307,337383,76,3158
334149,337315,337384,69,3166
334152,337356,337384,28,3204
334149,337307,337385,78,3158
334152,337354,337385,31,3202
334149,337310,337386,76,3161
334149,337310,337388,78,3161
334152,337323,337390,67,3171
334149,337315,337391,76,3166
334152,337328,337391,63,3176
334152,337359,337392,33,3207
334149,337313,337392,79,3164
334152,337318,337393,75,3166
334149,337297,337398,101,3148
334149,337316,337399,83,3167
334152,337326,337422,96,3174
334152,337360,337433,73,3208
334152,337384,337455,71,3232
334152,337388,337456,68,3236
334152,337360,337462,102,3208
334152,337391,337467,76,3239
334152,337390,337468,78,3238
334152,337387,337474,87,3235
334152,337385,337477,92,3233
334152,337368,337483,115,3216
334152,337399,337485,86,3247
334152,337393,337487,94,3241
334152,337391,337496,105,3239
334152,337385,337501,116,3233
334152,337363,337501,138,3211
334152,337393,337504,111,3241
334152,337366,337504,138,3214
334152,337384,337504,120,3232
334152,337382,337505,123,3230
334152,337398,337512,114,3246
334152,337392,337518,126,3240
334152,337363,337522,159,3211
334152,337374,337522,148,3222
334152,337379,337529,150,3227
334152,337380,337532,152,3228
334152,337366,337532,166,3214
334152,337383,337537,154,3231
334152,337423,337537,114,3271
334152,337457,337540,83,3305
334152,337455,337541,86,3303
334152,337467,337542,75,3315
334152,337462,337551,89,3310
334152,337433,337553,120,3281
334152,337380,337555,175,3228
334152,337375,337557,182,3223
334152,337468,337560,92,3316
334152,337487,337573,86,3335
334152,337475,337582,107,3323
334152,337504,337586,82,3352
334152,337505,337588,83,3353
334152,337501,337588,87,3349
334152,337501,337589,88,3349
334152,337485,337593,108,3333
334152,337529,337594,65,3377
334152,337378,337596,218,3226
334152,337483,337596,113,3331
334152,337512,337597,85,3360
334152,337504,337597,93,3352
334152,337496,337599,103,3344
334152,337532,337600,68,3380
334152,337522,337600,78,3370
334152,337504,337602,98,3352
334152,337532,337602,70,3380
334153,337593,337607,14,3440
334153,337594,337608,14,3441
334152,337518,337609,91,3366
334152,337379,337612,233,3227
334152,337522,337613,91,3370
334153,337596,337614,18,3443
334153,337597,337615,18,3444
334152,337537,337615,78,3385
334153,337597,337618,21,3444
334152,337540,337618,78,3388
334152,337542,337619,77,3390
334153,337598,337625,27,3445
334152,337477,337626,149,3325
334153,337599,337626,27,3446
334152,337560,337627,67,3408
334152,337555,337630,75,3403
334152,337542,337633,91,3390
334152,337537,337633,96,3385
334152,337551,337639,88,3399
334152,337553,337640,87,3401
334152,337557,337640,83,3405
334153,337600,337645,45,3447
334153,337588,337648,60,3435
334153,337600,337648,48,3447
334153,337586,337657,71,3433
334153,337589,337658,69,3436
334152,337573,337664,91,3421
334153,337619,337671,52,3466
334153,337588,337671,83,3435
334153,337625,337677,52,3472
334153,337627,337678,51,3474
334153,337626,337687,61,3473
334153,337626,337689,63,3473
334153,337630,337698,68,3477
334153,337602,337700,98,3449
334153,337619,337716,97,3466
334153,337645,337717,72,3492
334153,337633,337718,85,3480
334153,337633,337731,98,3480
334153,337608,337736,128,3455
334153,337602,337737,135,3449
334153,337648,337737,89,3495
334153,337657,337738,81,3504
334153,337641,337738,97,3488
334153,337671,337742,71,3518
334153,337658,337743,85,3505
334153,337648,337749,101,3495
334153,337678,337750,72,3525
334153,337664,337752,88,3511
334153,337678,337756,78,3525
334153,337671,337761,90,3518
334153,337614,337763,149,3461
334153,337618,337766,148,3465
334153,337687,337773,86,3534
334153,337698,337778,80,3545
334153,337689,337778,89,3536
334153,337640,337782,142,3487
334153,337615,337788,173,3462
334153,337639,337788,149,3486
334153,337700,337794,94,3547
334153,337717,337795,78,3564
334153,337607,337799,192,3454
334153,337615,337801,186,3462
334153,337716,337806,90,3563
334153,337718,337820,102,3565
334153,337736,337822,86,3583
334153,337738,337826,88,3585
334153,337742,337832,90,3589
334153,337743,337834,91,3590
334153,337750,337834,84,3597
334153,337609,337834,225,3456
334153,337731,337840,109,3578
334153,337738,337841,103,3585
334153,337737,337842,105,3584
334153,337756,337844,88,3603
334153,337752,337848,96,3599
334153,337738,337850,112,3585
334153,337613,337853,240,3460
334167,337835,337853,18,3668
334153,337612,337854,242,3459
334167,337840,337855,15,3673
334153,337761,337856,95,3608
334153,337766,337860,94,3613
334167,337841,337860,19,3674
334153,337763,337860,97,3610
334167,337842,337862,20,3675
334153,337773,337862,89,3620
334153,337749,337863,114,3596
334167,337848,337868,20,3681
334167,337844,337870,26,3677
334153,337795,337871,76,3642
334167,337850,337871,21,3683
334153,337778,337874,96,3625
334153,337788,337876,88,3635
334153,337794,337881,87,3641
334153,337806,337882,76,3653
334153,337801,337882,81,3648
334153,337799,337883,84,3646
334153,337782,337888,106,3629
334167,337834,337889,55,3667
334153,337788,337890,102,3635
334167,337853,337893,40,3686
334153,337778,337895,117,3625
334167,337832,337900,68,3665
334167,337826,337901,75,3659
334167,337853,337906,53,3686
334167,337834,337907,73,3667
334153,337820,337915,95,3667
334086,336377,337916,1539,2291
334167,337871,337917,46,3704
334167,337874,337934,60,3707
334167,337882,337942,60,3715
334167,337881,337949,68,3714
334167,337882,337950,68,3715
334167,337854,337952,98,3687
334167,337876,337953,77,3709
334167,337884,337955,71,3717
334167,337863,337959,96,3696
334167,337871,337966,95,3704
334167,337888,337969,81,3721
334167,337901,337971,70,3734
334167,337893,337973,80,3726
334167,337895,337974,79,3728
334167,337889,337975,86,3722
334167,337856,337986,130,3689
334167,337855,337989,134,3688
334167,337906,337993,87,3739
334167,337890,337996,106,3723
334167,337916,337997,81,3749
334167,337901,338001,100,3734
334167,337917,338004,87,3750
334167,337908,338013,105,3741
334167,337916,338013,97,3749
334167,337869,338019,150,3702
334167,337934,338031,97,3767
334167,337950,338043,93,3783
334167,337952,338044,92,3785
334167,337860,338044,184,3693
334167,337966,338043,77,3799
334167,337974,338050,76,3807
334167,337975,338050,75,3808
334167,337959,338053,94,3792
334167,337870,338053,183,3703
334167,337950,338054,104,3783
334167,337953,338054,101,3786
334167,337942,338055,113,3775
334167,337862,338055,193,3695
334167,337971,338056,85,3804
334167,337987,338056,69,3820
334167,337989,338062,73,3822
334167,337970,338066,96,3803
334167,337973,338068,95,3806
334167,337993,338072,79,3826
334167,337956,338077,121,3789
334167,337860,338082,222,3693
334167,337997,338082,85,3830
334167,337996,338083,87,3829
334167,337862,338085,223,3695
334186,338072,338088,16,3886
334167,338019,338088,69,3852
334167,338004,338090,86,3837
334167,337860,338090,230,3693
334186,338068,338091,23,3882
334186,338077,338095,18,3891
334167,338013,338100,87,3846
334100,336621,338100,1479,2521
334167,338001,338101,100,3834
334186,338082,338104,22,3896
334167,338013,338104,91,3846
334186,338083,338104,21,3897
334186,338082,338105,23,3896
334186,338085,338108,23,3899
334167,338045,338118,73,3878
334186,338088,338121,33,3902
334186,338088,338120,32,3902
334167,338053,338122,69,3886
334167,338031,338123,92,3864
334167,338050,338125,75,3883
334167,338054,338128,74,3887
334186,338063,338128,65,3877
334186,338056,338130,74,3870
334167,338043,338132,89,3876
334167,338050,338133,83,3883
334186,338057,338133,76,3871
334186,338066,338134,68,3880
334167,338054,338137,83,3887
334167,338044,338138,94,3877
334167,338053,338142,89,3886
334167,338044,338144,100,3877
334167,338055,338155,100,3888
334186,338118,338159,41,3932
334186,338121,338166,45,3935
334186,338121,338174,53,3935
334186,338122,338177,55,3936
334186,338125,338182,57,3939
334186,338128,338193,65,3942
334186,338090,338195,105,3904
334186,338090,338212,122,3904
334186,338123,338215,92,3937
334186,338108,338220,112,3922
334186,338143,338223,80,3957
334186,338144,338238,94,3958
334186,338133,338241,108,3947
334186,338130,338242,112,3944
334186,338128,338244,116,3942
334186,338155,338245,90,3969
334186,338104,338247,143,3918
334186,338138,338249,111,3952
334186,338159,338254,95,3973
334186,338104,338257,153,3918
334186,338091,338260,169,3905
334186,338174,338265,91,3988
334186,338183,338266,83,3997
334186,338177,338269,92,3991
334186,338132,338273,141,3946
334186,338095,338277,182,3909
334186,338166,338294,128,3980
334186,338100,338295,195,3914
334186,338137,338296,159,3951
334186,338193,338299,106,4007
334186,338100,338309,209,3914
334186,338101,338310,209,3915
334186,338105,338309,204,3919
334186,338134,338310,176,3948
334186,338243,338313,70,4057
334186,338195,338317,122,4009
334186,338247,338317,70,4061
334186,338254,338319,65,4068
334186,338223,338319,96,4037
334186,338215,338320,105,4029
334186,338245,338321,76,4059
334186,338249,338322,73,4063
334186,338242,338324,82,4056
334186,338212,338327,115,4026
334186,338244,338329,85,4058
334186,338260,338333,73,4074
334186,338133,338333,200,3947
334186,338220,338333,113,4034
334186,338258,338334,76,4072
334186,338267,338340,73,4081
334186,338238,338341,103,4052
334186,338269,338343,74,4083
334186,338265,338344,79,4079
334186,338105,338348,243,3919
334186,338273,338355,82,4087
334108,336853,338369,1516,2745
334186,338277,338370,93,4091
334186,338296,338380,84,4110
334186,338295,338381,86,4109
334186,338310,338385,75,4124
334186,338313,338386,73,4127
334186,338311,338388,77,4125
334186,338317,338391,74,4131
334186,338310,338394,84,4124
334186,338294,338396,102,4108
334186,338309,338405,96,4123
334186,338317,338410,93,4131
334186,338299,338417,118,4113
334120,337097,338616,1519,2977
334152,337582,338687,1105,3430
334150,337317,338851,1534,3167
334154,337822,338928,1106,3668
334167,338055,339591,1536,3888
393909,393909,395352,1443,0
395353,395353,395367,14,0
395353,395353,395367,14,0
395353,395353,395368,15,0
395353,395353,395370,17,0
395353,395353,395371,18,0
395353,395353,395372,19,0
395353,395353,395376,23,0
395353,395353,395379,26,0
393921,393922,395392,1470,1
395353,395353,395398,45,0
393910,393910,395411,1501,0
395353,395353,395412,59,0
395353,395353,395415,62,0
393923,393923,395415,1492,0
395353,395353,395424,71,0
395353,395353,395425,72,0
395353,395353,395427,74,0
393916,393916,395430,1514,0
393915,393915,395443,1528,0
395353,395353,395457,104,0
395353,395353,395467,114,0
395353,395415,395489,74,62
393919,393919,395493,1574,0
393906,393907,395494,1587,1
393906,393906,395502,1596,0
395353,395392,395510,118,39
395353,395427,395512,85,74
395353,395371,395515,144,18
395353,395411,395517,106,58
395353,395424,395518,94,71
395353,395425,395518,93,72
395353,395430,395521,91,77
395353,395376,395522,146,23
395353,395372,395523,151,19
395353,395398,395530,132,45
395353,395457,395533,76,104
395353,395443,395536,93,90
395353,395367,395539,172,14
395353,395412,395544,132,59
395353,395353,395545,192,0
395353,395415,395553,138,62
395353,395370,395553,183,17
395353,395379,395554,175,26
395353,395369,395562,193,16
393912,393912,395567,1655,0
395353,395467,395567,100,114
395353,395489,395577,88,136
395353,395367,395585,218,14
393911,393911,395589,1678,0
395353,395518,395591,73,165
395353,395502,395593,91,149
395353,395494,395595,101,141
393917,393917,395597,1680,0
395353,395518,395603,85,165
393914,393914,395605,1691,0
395353,395512,395610,98,159
395353,395494,395616,122,141
395353,395536,395617,81,183
395353,395517,395619,102,164
395353,395510,395618,108,157
395353,395521,395622,101,168
395353,395534,395628,94,181
395353,395522,395630,108,169
395353,395539,395633,94,186
395353,395523,395634,111,170
395353,395545,395640,95,192
395353,395530,395642,112,177
395353,395554,395645,91,201
395353,395545,395648,103,192
395353,395562,395650,88,209
395353,395577,395650,73,224
395353,395515,395651,136,162
395353,395567,395652,85,214
395353,395567,395655,88,214
395353,395591,395656,65,238
395353,395553,395658,105,200
395353,395589,395660,71,236
395393,395649,395662,13,256
395393,395650,395666,16,257
395393,395650,395666,16,257
395393,395651,395670,19,258
395393,395652,395673,21,259
395353,395593,395674,81,240
395353,395553,395675,122,200
395393,395655,395681,26,262
395393,395656,395681,25,263
395353,395585,395682,97,232
395353,395610,395682,72,257
395353,395603,395683,80,250
395353,395605,395684,79,252
395353,395595,395685,90,242
395353,395619,395686,67,266
395353,395597,395690,93,244
395353,395622,395694,72,269
395353,395616,395698,82,263
395353,395619,395702,83,266
393908,393908,395705,1797,0
395393,395642,395708,66,249
395353,395617,395708,91,264
395393,395660,395709,49,267
395393,395634,395711,77,241
395393,395658,395710,52,265
395393,395645,395714,69,252
395393,395640,395722,82,247
395353,395628,395724,96,275
395393,395684,395737,53,291
395393,395685,395737,52,292
393907,393907,395738,1831,0
395393,395686,395740,54,293
395393,395694,395744,50,301
395353,395630,395745,115,277
395393,395690,395749,59,297
395393,395662,395761,99,269
393918,393919,395765,1846,1
395393,395698,395766,68,305
395393,395684,395766,82,291
393913,393913,395770,1857,0
395393,395702,395775,73,309
395393,395666,395792,126,273
395393,395683,395799,116,290
395393,395711,395800,89,318
395393,395714,395801,87,321
395393,395705,395801,96,312
395393,395709,395808,99,316
395393,395724,395808,84,331
395393,395740,395809,69,347
395393,395738,395810,72,345
395393,395666,395815,149,273
395393,395744,395815,71,351
395393,395722,395817,95,329
395393,395681,395822,141,288
395393,395745,395831,86,352
395393,395737,395831,94,344
395393,395681,395836,155,288
395393,395708,395836,128,315
395393,395749,395838,89,356
395393,395737,395840,103,344
395393,395761,395841,80,368
395393,395766,395843,77,373
395393,395671,395848,177,278
395393,395711,395851,140,318
395393,395708,395854,146,315
395393,395766,395854,88,373
395393,395765,395859,94,372
393914,393915,395861,1946,1
395393,395775,395866,91,382
395393,395682,395871,189,289
393920,393920,395872,1952,0
395393,395770,395873,103,377
393908,393908,395877,1969,0
395393,395793,395890,97,400
395393,395799,395890,91,406
395393,395817,395892,75,424
395393,395808,395896,88,415
395393,395801,395898,97,408
395393,395808,395899,91,415
395411,395877,395900,23,466
395411,395890,395902,12,479
395393,395673,395902,229,280
395393,395810,395903,93,417
395393,395802,395906,104,409
395393,395822,395907,85,429
395411,395890,395908,18,479
395411,395892,395909,17,481
395393,395800,395911,111,407
395393,395815,395910,95,422
395393,395809,395914,105,416
395411,395896,395916,20,485
395411,395899,395917,18,488
395393,395843,395919,76,450
395393,395831,395920,89,438
395393,395675,395921,246,282
395393,395674,395924,250,281
395393,395817,395925,108,424
395393,395831,395926,95,438
395393,395840,395928,88,447
395411,395898,395928,30,487
395411,395902,395928,26,491
395393,395854,395929,75,461
395393,395848,395932,84,455
395411,395900,395934,34,489
395393,395851,395935,84,458
395393,395854,395936,82,461
395411,395866,395937,71,455
395393,395837,395937,100,444
395393,395836,395943,107,443
395393,395841,395944,103,448
395393,395838,395945,107,445
395411,395873,395945,72,462
395393,395859,395954,95,466
395411,395871,395958,87,460
395411,395872,395973,101,461
395411,395902,395976,74,491
395411,395937,396015,78,526
395411,395938,396020,82,527
395411,395936,396023,87,525
395411,395903,396029,126,492
395411,395928,396031,103,517
395411,395944,396035,91,533
395411,395958,396037,79,547
395411,395919,396039,120,508
395411,395917,396044,127,506
395411,395935,396048,113,524
395411,395928,396048,120,517
395411,395907,396050,143,496
395411,395909,396052,143,498
395411,395932,396054,122,521
395411,395954,396059,105,543
395411,395973,396061,88,562
395411,395911,396062,151,500
395411,395928,396063,135,517
395411,395916,396064,148,505
395411,395943,396065,122,532
395411,395934,396065,131,523
395411,395920,396070,150,509
395411,395976,396070,94,565
395411,395906,396072,166,495
395411,395914,396072,158,503
395411,395945,396074,129,534
395411,395945,396074,129,534
395411,395929,396077,148,518
395411,395908,396079,171,497
395411,396015,396100,85,604
395411,396029,396111,82,618
395411,395911,396115,204,500
395411,396031,396119,88,620
395411,396035,396122,87,624
395411,396023,396125,102,612
395411,396020,396125,105,609
395411,396037,396127,90,626
395411,396050,396128,78,639
395411,395923,396128,205,512
395411,396052,396130,78,641
395411,396063,396132,69,652
395411,396039,396134,95,628
395411,396065,396140,75,654
395411,395925,396140,215,514
395411,395926,396141,215,515
395411,396072,396142,70,661
395411,396062,396144,82,651
395415,396128,396146,18,713
395411,396065,396149,84,654
395415,396130,396149,19,715
395415,396129,396150,21,714
395411,396048,396151,103,637
395411,396045,396151,106,634
395415,396132,396153,21,717
395411,396048,396153,105,637
395411,396070,396153,83,659
395411,395924,396153,229,513
395415,396153,396155,2,738
395411,396066,396156,90,655
395411,396060,396156,96,649
395411,396054,396155,101,643
395411,396079,396159,80,668
395411,396061,396160,99,650
395415,396134,396161,27,719
395411,396074,396162,88,663
395411,396070,396162,92,659
395415,396140,396163,23,725
395411,396077,396164,87,666
395411,396075,396171,96,664
395415,396140,396172,32,725
395411,396100,396173,73,689
395411,396072,396174,102,661
395415,396141,396176,35,726
395415,396143,396181,38,728
395415,396125,396190,65,710
395411,396111,396191,80,700
395415,396122,396196,74,707
395415,396127,396201,74,712
395415,396125,396205,80,710
395415,396156,396212,56,741
395415,396156,396213,57,741
395411,396116,396216,100,705
395415,396156,396218,62,741
395415,396160,396218,58,745
395415,396161,396219,58,746
395415,396160,396223,63,745
395415,396173,396243,70,758
395415,396145,396247,102,730
395415,396172,396250,78,757
395415,396162,396251,89,747
395415,396174,396252,78,759
395415,396155,396257,102,740
395415,396163,396268,105,748
395415,396191,396270,79,776
395415,396149,396272,123,734
395415,396182,396276,94,767
395415,396176,396278,102,761
395415,396146,396281,135,731
395415,396163,396291,128,748
395415,396205,396292,87,790
395415,396201,396294,93,786
395415,396213,396296,83,798
395415,396212,396297,85,797
395415,396190,396302,112,775
395415,396196,396304,108,781
395415,396216,396305,89,801
395415,396224,396307,83,809
395415,396218,396312,94,803
395415,396171,396312,141,756
395415,396219,396316,97,804
395415,396151,396321,170,736
395415,396243,396322,79,828
395415,396218,396323,105,803
395415,396164,396326,162,749
395415,396247,396326,79,832
395415,396149,396334,185,734
395415,396257,396343,86,842
395415,396250,396345,95,835
395415,396272,396348,76,857
395415,396153,396349,196,738
395415,396252,396355,103,837
395415,396270,396355,85,855
395415,396281,396356,75,866
395415,396155,396357,202,740
395415,396276,396358,82,861
395415,396151,396360,209,736
395415,396251,396360,109,836
395415,396278,396365,87,863
395431,396349,396366,17,918
395415,396268,396366,98,853
395431,396348,396367,19,917
395431,396355,396367,12,924
395415,396150,396369,219,735
395431,396355,396372,17,924
395431,396356,396374,18,925
395431,396359,396377,18,928
395415,396292,396379,87,877
395431,396357,396380,23,926
395415,396322,396381,59,907
395415,396294,396382,88,879
395415,396296,396384,88,881
395415,396291,396388,97,876
395415,396153,396391,238,738
395415,396297,396390,93,882
395431,396360,396391,31,929
395415,396316,396395,79,901
395415,396302,396399,97,887
395431,396326,396401,75,895
395415,396305,396403,98,890
395415,396312,396403,91,897
395431,396360,396405,45,929
395415,396312,396406,94,897
395431,396343,396406,63,912
395415,396321,396410,89,906
395415,396323,396411,88,908
395431,396345,396413,68,914
395415,396304,396415,111,889
395415,396307,396417,110,892
395431,396384,396431,47,953
395431,396334,396434,100,903
395431,396388,396434,46,957
395431,396365,396439,74,934
395431,396391,396455,64,960
395431,396391,396463,72,960
395431,396391,396464,73,960
395431,396382,396470,88,951
395431,396395,396478,83,964
395431,396399,396495,96,968
395431,396367,396498,131,936
395431,396411,396499,88,980
395431,396366,396500,134,935
395431,396404,396503,99,973
395431,396381,396503,122,950
395431,396415,396509,94,984
395431,396407,396510,103,976
395431,396413,396511,98,982
395431,396405,396512,107,974
395431,396403,396514,111,972
395431,396401,396519,118,970
395431,396379,396521,142,948
395431,396377,396521,144,946
395431,396411,396524,113,980
395431,396417,396524,107,986
395431,396374,396531,157,943
395431,396406,396531,125,975
395431,396369,396534,165,938
395431,396434,396536,102,1003
395431,396431,396537,106,1000
395431,396367,396547,180,936
395431,396368,396551,183,937
395431,396380,396553,173,949
395431,396495,396558,63,1064
395431,396372,396559,187,941
395431,396498,396563,65,1067
395431,396478,396564,86,1047
395431,396503,396564,61,1072
395431,396471,396566,95,1040
395431,396500,396566,66,1069
395431,396434,396572,138,1003
395431,396503,396575,72,1072
395431,396499,396578,79,1068
395431,396509,396582,73,1078
395431,396511,396583,72,1080
395431,396513,396585,72,1082
395431,396464,396585,121,1033
395431,396439,396588,149,1008
395431,396510,396588,78,1079
395431,396514,396589,75,1083
395431,396520,396590,70,1089
395444,396578,396593,15,1134
395431,396521,396594,73,1090
395444,396583,396596,13,1139
395444,396575,396597,22,1131
395444,396582,396600,18,1138
395444,396585,396601,16,1141
395444,396588,396607,19,1144
395431,396521,396609,88,1090
395431,396524,396610,86,1093
395431,396455,396612,157,1024
395444,396585,396612,27,1141
395431,396524,396615,91,1093
395444,396588,396618,30,1144
395444,396589,396618,29,1145
395431,396534,396622,88,1103
395431,396558,396622,64,1127
395431,396463,396624,161,1032
395431,396537,396628,91,1106
395431,396532,396629,97,1101
395431,396536,396630,94,1105
395431,396559,396630,71,1128
395431,396554,396631,77,1123
395431,396531,396631,100,1100
395444,396566,396638,72,1122
395431,396551,396638,87,1120
395444,396572,396642,70,1128
395444,396566,396643,77,1122
395444,396566,396643,77,1122
395431,396547,396653,106,1116
395431,396563,396653,90,1132
395444,396618,396659,41,1174
395444,396591,396664,73,1147
395444,396615,396676,61,1171
395444,396622,396680,58,1178
395444,396624,396683,59,1180
395444,396618,396683,65,1174
395444,396622,396697,75,1178
395444,396628,396702,74,1184
395444,396597,396710,113,1153
395444,396631,396712,81,1187
395444,396609,396720,111,1165
395444,396653,396724,71,1209
395444,396611,396725,114,1167
395444,396631,396739,108,1187
395444,396659,396741,82,1215
395444,396643,396749,106,1199
395444,396593,396750,157,1149
395444,396638,396751,113,1194
395444,396643,396751,108,1199
395444,396665,396753,88,1221
395444,396653,396761,108,1209
395444,396638,396762,124,1194
395444,396596,396762,166,1152
395444,396612,396762,150,1168
395444,396680,396763,83,1236
395444,396630,396763,133,1186
395444,396630,396769,139,1186
395444,396643,396770,127,1199
395444,396676,396782,106,1232
395444,396712,396782,70,1268
395444,396600,396787,187,1156
395444,396629,396789,160,1185
395444,396601,396789,188,1157
395444,396720,396790,70,1276
395444,396702,396792,90,1258
395444,396724,396791,67,1280
395444,396683,396796,113,1239
395444,396683,396797,114,1239
395444,396711,396799,88,1267
395444,396725,396798,73,1281
395444,396612,396803,191,1168
395444,396697,396809,112,1253
395444,396739,396816,77,1295
395444,396741,396819,78,1297
395444,396753,396824,71,1309
395444,396607,396825,218,1163
395444,396751,396826,75,1307
395494,396809,396827,18,1315
395444,396750,396828,78,1306
395444,396749,396829,80,1305
395444,396751,396831,80,1307
395494,396817,396832,15,1323
395494,396819,396836,17,1325
395444,396762,396840,78,1318
395444,396762,396840,78,1318
395494,396824,396841,17,1330
395444,396761,396842,81,1317
395444,396763,396845,82,1319
395444,396594,396846,252,1150
395494,396827,396848,21,1333
395494,396826,396850,24,1332
395494,396825,396851,26,1331
395444,396763,396853,90,1319
395444,396789,396856,67,1345
395494,396828,396859,31,1334
395444,396782,396861,79,1338
395444,396792,396864,72,1348
395444,396791,396864,73,1347
395494,396803,396865,62,1309
395494,396799,396866,67,1305
395444,396769,396868,99,1325
395494,396799,396869,70,1305
395494,396829,396871,42,1335
395444,396770,396873,103,1326
395494,396797,396876,79,1303
395444,396764,396878,114,1320
395444,396782,396878,96,1338
395444,396792,396879,87,1348
395444,396787,396882,95,1343
395444,396789,396886,97,1345
395494,396853,396894,41,1359
395494,396856,396915,59,1362
395494,396861,396920,59,1367
395494,396864,396924,60,1370
395494,396831,396924,93,1337
395494,396864,396924,60,1370
395494,396871,396938,67,1377
395494,396865,396939,74,1371
395494,396859,396939,80,1365
395494,396846,396943,97,1352
395494,396866,396947,81,1372
395494,396873,396952,79,1379
395494,396878,396955,77,1384
395494,396836,396960,124,1342
395494,396851,396961,110,1357
395494,396882,396963,81,1388
395494,396879,396967,88,1385
395494,396894,396970,76,1400
395494,396878,396972,94,1384
395494,396868,396975,107,1374
395494,396869,396976,107,1375
395494,396832,396977,145,1338
395494,396876,396977,101,1382
395494,396886,396986,100,1392
395494,396841,397009,168,1347
395494,396924,397010,86,1430
395494,396920,397013,93,1426
395494,396915,397016,101,1421
395494,396924,397016,92,1430
395494,396924,397016,92,1430
395494,396967,397025,58,1473
395494,396938,397026,88,1444
395494,396961,397028,67,1467
395494,396840,397029,189,1346
395494,396943,397031,88,1449
395494,396850,397040,190,1356
395494,396970,397041,71,1476
395494,396963,397043,80,1469
395494,396961,397043,82,1467
395494,396845,397044,199,1351
395494,396947,397045,98,1453
395494,396940,397047,107,1446
395494,396848,397048,200,1354
395494,396955,397050,95,1461
395494,396842,397054,212,1348
395494,396952,397057,105,1458
395494,396841,397059,218,1347
395494,396972,397060,88,1478
395494,396975,397061,86,1481
395494,396939,397062,123,1445
395494,396977,397064,87,1483
395495,397054,397065,11,1559
395494,396979,397070,91,1485
395494,396976,397072,96,1482
395494,396986,397072,86,1492
395495,397059,397074,15,1564
395495,397057,397076,19,1562
395494,397010,397078,68,1516
395495,397061,397081,20,1566
395495,397062,397082,20,1567
395495,397060,397082,22,1565
395495,397064,397085,21,1569
395495,397050,397087,37,1555
395495,397065,397091,26,1570
395494,397011,397092,81,1517
395494,397013,397092,79,1519
395494,397025,397099,74,1531
395494,397028,397099,71,1534
395494,397017,397100,83,1523
395495,397070,397100,30,1575
395494,397026,397102,76,1532
395354,395633,397103,1470,279
395494,397031,397105,74,1537
395494,397016,397110,94,1522
395494,397016,397111,95,1522
395495,397043,397118,75,1548
395494,397029,397119,90,1535
395495,397044,397128,84,1549
395494,397040,397128,88,1546
395494,397041,397129,88,1547
395495,397047,397132,85,1552
395495,397045,397134,89,1550
395495,397048,397141,93,1553
395495,397072,397167,95,1577
395495,397111,397176,65,1616
395495,397105,397182,77,1610
395495,397102,397184,82,1607
395495,397103,397185,82,1608
395495,397093,397185,92,1598
395495,397110,397186,76,1615
395495,397118,397197,79,1623
395495,397092,397197,105,1597
395495,397085,397201,116,1590
395495,397099,397205,106,1604
395495,397072,397216,144,1577
395495,397099,397220,121,1604
395495,397119,397220,101,1624
395495,397091,397220,129,1596
395495,397134,397224,90,1639
395495,397087,397230,143,1592
395495,397074,397234,160,1579
395495,397128,397238,110,1633
395495,397141,397238,97,1646
395495,397078,397240,162,1583
395495,397082,397242,160,1587
395495,397129,397244,115,1634
395495,397100,397245,145,1605
395495,397184,397252,68,1689
395495,397132,397257,125,1637
395495,397182,397259,77,1687
395495,397176,397265,89,1681
395495,397082,397265,183,1587
395495,397076,397270,194,1581
395495,397129,397272,143,1634
395495,397167,397276,109,1672
395495,397186,397278,92,1691
395495,397185,397278,93,1690
395495,397205,397279,74,1710
395495,397186,397289,103,1691
395495,397100,397294,194,1605
395495,397197,397296,99,1702
395495,397220,397302,82,1725
395495,397216,397308,92,1721
395495,397220,397311,91,1725
395495,397197,397314,117,1702
395495,397220,397316,96,1725
395495,397081,397316,235,1586
395495,397244,397317,73,1749
395495,397224,397317,93,1729
395495,397201,397319,118,1706
395495,397240,397327,87,1745
395502,397314,397327,13,1812
395502,397317,397328,11,1815
395502,397317,397328,11,1815
395502,397316,397328,12,1814
395495,397259,397329,70,1764
395495,397230,397330,100,1735
395495,397257,397330,73,1762
395495,397242,397331,89,1747
395495,397234,397330,96,1739
395502,397319,397332,13,1817
395495,397278,397335,57,1783
395502,397318,397336,18,1816
395495,397238,397337,99,1743
395495,397238,397340,102,1743
395495,397252,397341,89,1757
395495,397265,397344,79,1770
395495,397270,397344,74,1775
395495,397272,397344,72,1777
395495,397265,397346,81,1770
395502,397327,397346,19,1825
395495,397278,397347,69,1783
395495,397245,397349,104,1750
395502,397327,397349,22,1825
395495,397276,397351,75,1781
395495,397280,397353,73,1785
395502,397328,397354,26,1826
395502,397296,397367,71,1794
395502,397308,397371,63,1806
395393,395861,397372,1511,468
395502,397302,397374,72,1800
395502,397294,397375,81,1792
395502,397311,397376,65,1809
395502,397328,397379,51,1826
395502,397346,397418,72,1844
395502,397347,397424,77,1845
395502,397353,397426,73,1851
395502,397349,397427,78,1847
395502,397349,397432,83,1847
395502,397329,397437,108,1827
395502,397341,397438,97,1839
395502,397351,397444,93,1849
395502,397367,397445,78,1865
395502,397328,397447,119,1826
395502,397354,397452,98,1852
395502,397337,397453,116,1835
395502,397371,397458,87,1869
395502,397332,397459,127,1830
395502,397340,397461,121,1838
395502,397346,397467,121,1844
395502,397344,397473,129,1842
395502,397330,397477,147,1828
395502,397330,397484,154,1828
395502,397335,397486,151,1833
395502,397379,397489,110,1877
395502,397372,397489,117,1870
395502,397344,397493,149,1842
395502,397344,397497,153,1842
395502,397374,397498,124,1872
395502,397426,397500,74,1924
395502,397332,397501,169,1830
395502,397336,397507,171,1834
395502,397331,397516,185,1829
395502,397419,397524,105,1917
395502,397453,397533,80,1951
395502,397438,397534,96,1936
395502,397445,397540,95,1943
395502,397376,397541,165,1874
395502,397459,397542,83,1957
395502,397444,397542,98,1942
395502,397424,397542,118,1922
395502,397458,397544,86,1956
395502,397437,397546,109,1935
395502,397427,397548,121,1925
395502,397375,397549,174,1873
395502,397461,397552,91,1959
395502,397452,397556,104,1950
395502,397432,397562,130,1930
395502,397467,397563,96,1965
395502,397477,397564,87,1975
395502,397473,397565,92,1971
395502,397486,397566,80,1984
395502,397447,397567,120,1945
395502,397498,397566,68,1996
395502,397500,397571,71,1998
395568,397552,397571,19,1984
395568,397556,397573,17,1988
395502,397489,397575,86,1987
395502,397489,397576,87,1987
395568,397549,397577,28,1981
395502,397501,397582,81,1999
395568,397562,397583,21,1994
395568,397564,397583,19,1996
395502,397484,397586,102,1982
395568,397566,397588,22,1998
395502,397507,397589,82,2005
395568,397565,397591,26,1997
395568,397564,397591,27,1996
395502,397497,397590,93,1995
395502,397516,397592,76,2014
395502,397524,397593,69,2022
395502,397493,397598,105,1991
395502,397540,397599,59,2038
395568,397567,397600,33,1999
395502,397534,397609,75,2032
395502,397533,397613,80,2031
395568,397548,397613,65,1980
395568,397544,397617,73,1976
395502,397541,397618,77,2039
395412,396119,397626,1507,707
395568,397543,397627,84,1975
395502,397542,397633,91,2040
395568,397567,397633,66,1999
395568,397546,397645,99,1978
395568,397593,397656,63,2025
395568,397571,397662,91,2003
395568,397609,397671,62,2041
395568,397598,397684,86,2030
395568,397599,397694,95,2031
395568,397577,397701,124,2009
395568,397600,397703,103,2032
395568,397613,397709,96,2045
395431,396564,397710,1146,1133
395568,397633,397710,77,2065
395568,397617,397713,96,2049
395568,397592,397713,121,2024
395568,397576,397714,138,2008
395568,397591,397727,136,2023
395568,397613,397731,118,2045
395568,397571,397732,161,2003
395568,397582,397732,150,2014
395568,397626,397734,108,2058
395568,397662,397735,73,2094
395568,397588,397738,150,2020
395568,397591,397742,151,2023
395568,397633,397743,110,2065
395568,397627,397743,116,2059
395568,397591,397743,152,2023
395568,397671,397745,74,2103
395568,397656,397755,99,2088
395568,397619,397759,140,2051
395568,397573,397760,187,2005
395568,397694,397768,74,2126
395568,397575,397770,195,2007
395568,397684,397774,90,2116
395568,397645,397777,132,2077
395568,397590,397780,190,2022
395568,397583,397780,197,2015
395568,397714,397793,79,2146
395568,397710,397803,93,2142
395568,397711,397804,93,2143
395568,397583,397808,225,2015
395568,397735,397810,75,2167
395568,397701,397810,109,2133
395568,397713,397811,98,2145
395568,397745,397812,67,2177
395568,397743,397812,69,2175
395568,397743,397816,73,2175
395568,397734,397816,82,2166
395568,397713,397817,104,2145
395568,397738,397818,80,2170
395568,397743,397822,79,2175
395568,397727,397824,97,2159
395568,397731,397824,93,2163
395568,397732,397825,93,2164
395590,397812,397828,16,2222
395590,397816,397831,15,2226
395590,397816,397832,16,2226
395568,397586,397832,246,2018
395568,397742,397834,92,2174
395590,397817,397834,17,2227
395568,397733,397835,102,2165
395568,397703,397835,132,2135
395568,397759,397836,77,2191
395590,397818,397838,20,2228
395568,397755,397838,83,2187
395568,397760,397841,81,2192
395590,397812,397841,29,2222
395415,396326,397842,1516,911
395568,397768,397847,79,2200
395568,397709,397851,142,2141
395590,397822,397851,29,2232
395590,397824,397852,28,2234
395568,397780,397854,74,2212
395568,397770,397858,88,2202
395568,397793,397860,67,2225
395568,397774,397862,88,2206
395590,397824,397862,38,2234
395568,397781,397863,82,2213
395568,397777,397863,86,2209
395590,397811,397877,66,2221
395590,397810,397887,77,2220
395590,397808,397890,82,2218
395568,397803,397894,91,2235
395590,397810,397899,89,2220
395590,397825,397899,74,2235
395590,397828,397925,97,2238
395590,397831,397929,98,2241
395590,397832,397948,116,2242
395590,397860,397950,90,2270
395590,397848,397964,116,2258
395590,397862,397968,106,2272
395590,397854,397968,114,2264
395590,397838,397969,131,2248
395590,397834,397972,138,2244
395590,397839,397973,134,2249
395590,397858,397973,115,2268
395590,397864,397974,110,2274
395590,397862,397979,117,2272
395590,397877,397981,104,2287
395590,397887,397981,94,2297
395590,397863,397982,119,2273
395590,397894,397983,89,2304
395590,397853,397986,133,2263
395590,397851,397989,138,2261
395590,397834,397992,158,2244
395590,397899,398001,102,2309
395590,397890,398001,111,2300
395590,397832,398002,170,2242
395590,397925,398010,85,2335
395590,397835,398011,176,2245
395590,397851,398012,161,2261
395590,397841,398013,172,2251
395590,397841,398020,179,2251
395590,397950,398021,71,2360
395590,397929,398023,94,2339
395590,397899,398025,126,2309
395590,397948,398038,90,2358
395590,397969,398041,72,2379
395590,397836,398044,208,2246
395590,397836,398049,213,2246
395590,397973,398058,85,2383
395590,397974,398063,89,2384
395590,397972,398065,93,2382
395590,397979,398065,86,2389
395590,397981,398067,86,2391
395590,397983,398070,87,2393
395590,397982,398071,89,2392
395590,398001,398071,70,2411
395590,397965,398070,105,2375
395590,397973,398072,99,2383
395590,398002,398074,72,2412
395590,398001,398075,74,2411
395590,397989,398077,88,2399
395590,397968,398078,110,2378
395590,397842,398082,240,2252
395590,397981,398083,102,2391
395598,398070,398084,14,2472
395590,397992,398084,92,2402
395598,398071,398085,14,2473
395598,398072,398086,14,2474
395590,398013,398086,73,2423
395598,398071,398088,17,2473
395590,398020,398091,71,2430
395598,398073,398094,21,2475
395590,397986,398095,109,2396
395590,398012,398095,83,2422
395598,398075,398096,21,2477
395598,398074,398097,23,2476
395590,398022,398097,75,2432
395590,398025,398109,84,2435
395598,398078,398109,31,2480
395590,398041,398111,70,2451
395598,398077,398112,35,2479
395590,398010,398113,103,2420
395590,398012,398113,101,2422
395590,398023,398120,97,2433
395590,398044,398123,79,2454
395590,398038,398124,86,2448
395590,397968,398131,163,2378
395598,398067,398133,66,2469
395598,398066,398135,69,2468
395598,398063,398140,77,2465
395598,398065,398142,77,2467
395598,398097,398145,48,2499
395598,398097,398145,48,2499
395590,398049,398152,103,2459
395598,398096,398156,60,2498
395598,398082,398163,81,2484
395598,398111,398169,58,2513
395598,398109,398173,64,2511
395598,398112,398174,62,2514
395598,398109,398182,73,2511
395598,398113,398207,94,2515
395598,398120,398210,90,2522
395598,398145,398213,68,2547
395598,398123,398214,91,2525
395598,398083,398218,135,2485
395598,398140,398219,79,2542
395598,398142,398219,77,2544
395598,398133,398223,90,2535
395598,398135,398226,91,2537
395598,398084,398228,144,2486
395598,398113,398232,119,2515
395598,398125,398241,116,2527
395598,398131,398248,117,2533
395598,398145,398249,104,2547
395598,398156,398254,98,2558
395598,398095,398255,160,2497
395598,398086,398258,172,2488
395598,398169,398261,92,2571
395598,398091,398261,170,2493
395598,398152,398264,112,2554
395598,398163,398266,103,2565
395598,398095,398267,172,2497
395598,398182,398268,86,2584
395598,398094,398271,177,2496
395598,398085,398271,186,2487
395598,398173,398274,101,2575
395598,398088,398275,187,2490
395444,396796,398278,1482,1352
395598,398174,398281,107,2576
395598,398223,398282,59,2625
395598,398213,398283,70,2615
395598,398207,398289,82,2609
395598,398219,398291,72,2621
395598,398228,398295,67,2630
395598,398226,398297,71,2628
395598,398219,398298,79,2621
395598,398085,398298,213,2487
395598,398210,398301,91,2612
395598,398214,398303,89,2616
395598,398218,398312,94,2620
395598,398232,398318,86,2634
395606,398298,398318,20,2692
395606,398297,398319,22,2691
395606,398301,398319,18,2695
395606,398298,398320,22,2692
395598,398088,398321,233,2490
395606,398303,398328,25,2697
395598,398241,398332,91,2643
395598,398274,398333,59,2676
395606,398312,398334,22,2706
395598,398254,398334,80,2656
395598,398271,398336,65,2673
395598,398258,398337,79,2660
395598,398249,398338,89,2651
395598,398261,398339,78,2663
395598,398248,398339,91,2650
395606,398318,398340,22,2712
395598,398277,398342,65,2679
395598,398255,398344,89,2657
395598,398264,398344,80,2666
395606,398319,398345,26,2713
395598,398278,398349,71,2680
395598,398266,398353,87,2668
395606,398318,398354,36,2712
395606,398295,398357,62,2689
395598,398268,398358,90,2670
395598,398261,398357,96,2663
395598,398268,398362,94,2670
395598,398271,398367,96,2673
395606,398289,398374,85,2683
395606,398291,398375,84,2685
395606,398283,398377,94,2677
395598,398281,398382,101,2683
395606,398340,398391,51,2734
395606,398319,398399,80,2713
395606,398344,398400,56,2738
395606,398345,398401,56,2739
395606,398339,398401,62,2733
395606,398344,398400,56,2738
395606,398342,398409,67,2736
395606,398320,398424,104,2714
395606,398353,398432,79,2747
395606,398362,398440,78,2756
395606,398349,398440,91,2743
395606,398339,398442,103,2733
395606,398358,398448,90,2752
395606,398334,398462,128,2728
395606,398337,398463,126,2731
395606,398377,398464,87,2771
395606,398336,398465,129,2730
395606,398357,398466,109,2751
395606,398358,398468,110,2752
395606,398322,398470,148,2716
395606,398382,398471,89,2776
395606,398354,398471,117,2748
395606,398374,398478,104,2768
395606,398367,398480,113,2761
395606,398375,398482,107,2769
395606,398401,398495,94,2795
395606,398400,398498,98,2794
395606,398391,398500,109,2785
395606,398401,398500,99,2795
395606,398402,398501,99,2796
395606,398332,398509,177,2726
395606,398333,398510,177,2727
395606,398334,398513,179,2728
395606,398338,398518,180,2732
395606,398409,398521,112,2803
395606,398424,398523,99,2818
395606,398440,398524,84,2834
395606,398466,398525,59,2860
395606,398399,398527,128,2793
395606,398442,398528,86,2836
395606,398432,398530,98,2826
395606,398329,398536,207,2723
395606,398441,398539,98,2835
395494,397043,398542,1499,1549
395606,398464,398542,78,2858
395606,398448,398544,96,2842
395606,398470,398547,77,2864
395606,398468,398547,79,2862
395606,398471,398547,76,2865
395606,398465,398549,84,2859
395706,398544,398552,8,2838
395706,398545,398553,8,2839
395706,398547,398557,10,2841
395706,398547,398558,11,2841
395606,398463,398559,96,2857
395606,398462,398559,97,2856
395606,398471,398559,88,2865
395706,398547,398562,15,2841
395606,398482,398565,83,2876
395706,398549,398565,16,2843
395606,398480,398566,86,2874
395706,398552,398567,15,2846
395606,398478,398570,92,2872
395606,398498,398570,72,2892
395706,398542,398570,28,2836
395706,398555,398572,17,2849
395606,398500,398575,75,2894
395606,398501,398576,75,2895
395606,398500,398576,76,2894
395606,398510,398588,78,2904
395606,398495,398591,96,2889
395606,398523,398592,69,2917
395606,398509,398592,83,2903
395606,398518,398596,78,2912
395606,398521,398598,77,2915
395606,398513,398601,88,2907
395706,398528,398605,77,2822
395706,398539,398605,66,2833
395606,398524,398609,85,2918
395706,398530,398612,82,2824
395706,398536,398615,79,2830
395706,398527,398622,95,2821
395706,398557,398626,69,2851
395706,398558,398655,97,2852
395706,398588,398656,68,2882
395706,398576,398661,85,2870
395706,398559,398663,104,2853
395706,398605,398671,66,2899
395706,398605,398675,70,2899
395706,398596,398677,81,2890
395706,398592,398678,86,2886
395706,398576,398680,104,2870
395706,398559,398682,123,2853
395706,398601,398687,86,2895
395706,398622,398693,71,2916
395706,398559,398694,135,2853
395706,398592,398701,109,2886
395706,398598,398707,109,2892
395706,398615,398712,97,2909
395706,398611,398713,102,2905
395706,398591,398713,122,2885
395706,398572,398714,142,2866
395706,398575,398714,139,2869
395706,398565,398717,152,2859
395706,398626,398717,91,2920
395706,398567,398732,165,2861
395706,398663,398735,72,2957
395706,398661,398736,75,2955
395706,398565,398737,172,2859
395706,398656,398749,93,2950
395706,398612,398749,137,2906
395706,398566,398761,195,2860
395706,398671,398763,92,2965
395706,398564,398762,198,2858
395706,398656,398766,110,2950
395706,398675,398769,94,2969
395706,398678,398772,94,2972
395706,398693,398774,81,2987
395706,398681,398775,94,2975
395706,398677,398781,104,2971
395706,398694,398782,88,2988
395706,398570,398785,215,2864
395706,398687,398789,102,2981
395706,398713,398790,77,3007
395706,398682,398791,109,2976
395706,398701,398793,92,2995
395706,398570,398793,223,2864
395706,398714,398796,82,3008
395706,398717,398796,79,3011
395706,398714,398796,82,3008
395706,398707,398802,95,3001
395706,398735,398802,67,3029
395739,398794,398803,9,3055
395706,398713,398804,91,3007
395739,398796,398805,9,3057
395739,398793,398806,13,3054
395739,398796,398807,11,3057
395706,398717,398808,91,3011
395706,398571,398808,237,2865
395706,398737,398809,72,3031
395495,397290,398810,1520,1795
395739,398796,398812,16,3057
395706,398712,398812,100,3006
395706,398736,398816,80,3030
395739,398802,398821,19,3063
395739,398803,398822,19,3064
395706,398732,398823,91,3026
395739,398802,398824,22,3063
395706,398763,398825,62,3057
395706,398763,398827,64,3057
395706,398749,398827,78,3043
395739,398804,398830,26,3065
395706,398750,398834,84,3044
395706,398761,398836,75,3055
395706,398766,398842,76,3060
395706,398769,398843,74,3063
395706,398773,398845,72,3067
395739,398792,398851,59,3053
395706,398774,398865,91,3068
395739,398790,398873,83,3051
395739,398789,398888,99,3050
395739,398805,398890,85,3066
395739,398785,398890,105,3046
395739,398782,398895,113,3043
395739,398806,398906,100,3067
395739,398781,398907,126,3042
395739,398811,398915,104,3072
395739,398836,398917,81,3097
395739,398834,398919,85,3095
395739,398808,398920,112,3069
395739,398830,398924,94,3091
395739,398842,398925,83,3103
395739,398845,398927,82,3106
395739,398851,398938,87,3112
395739,398807,398941,134,3068
395739,398814,398945,131,3075
395739,398809,398945,136,3070
395739,398827,398946,119,3088
395739,398843,398947,104,3104
395739,398823,398948,125,3084
395739,398873,398951,78,3134
395739,398825,398953,128,3086
395739,398865,398955,90,3126
395739,398824,398955,131,3085
395739,398812,398961,149,3073
395739,398827,398974,147,3088
395568,397805,398975,1170,2237
395739,398808,398975,167,3069
395739,398888,398977,89,3149
395739,398890,398981,91,3151
395739,398917,398994,77,3178
395739,398919,398997,78,3180
395739,398920,399001,81,3181
395739,398890,399003,113,3151
395739,398924,399003,79,3185
395502,397542,399004,1462,2040
395739,398816,399010,194,3077
395739,398907,399011,104,3168
395739,398906,399018,112,3167
395739,398945,399021,76,3206
395739,398915,399021,106,3176
395739,398953,399026,73,3214
395739,398945,399026,81,3206
395739,398895,399026,131,3156
395739,398947,399028,81,3208
395739,398948,399028,80,3209
395739,398941,399032,91,3202
395739,398951,399033,82,3212
395739,398956,399034,78,3217
395739,398938,399040,102,3199
395766,399028,399042,14,3262
395739,398927,399043,116,3188
395739,398982,399044,62,3243
395739,398955,399048,93,3216
395739,398974,399049,75,3235
395739,398948,399049,101,3209
395739,398821,399049,228,3082
395766,399028,399050,22,3262
395739,398975,399051,76,3236
395766,399032,399051,19,3266
395739,398925,399054,129,3186
395766,399034,399055,21,3268
395739,398822,399056,234,3083
395766,399034,399057,23,3268
395739,398961,399060,99,3222
395739,398994,399061,67,3255
395739,398977,399065,88,3238
395766,399043,399065,22,3277
395766,399040,399067,27,3274
395739,398997,399069,72,3258
395739,399001,399072,71,3262
395766,399044,399073,29,3278
395739,399003,399072,69,3264
395739,399003,399074,71,3264
395739,398975,399079,104,3236
395739,399005,399079,74,3266
395739,399010,399081,71,3271
395766,399043,399087,44,3277
395739,399011,399090,79,3272
395766,399026,399099,73,3260
395766,399026,399103,77,3260
395766,399026,399106,80,3260
395739,399018,399114,96,3279
395766,399021,399114,93,3255
395766,399065,399120,55,3299
395766,399065,399124,59,3299
395766,399048,399128,80,3282
395766,399061,399129,68,3295
395766,399072,399131,59,3306
395766,399067,399132,65,3301
395766,399069,399133,64,3303
395766,399073,399132,59,3307
395766,399073,399136,63,3307
395766,399081,399161,80,3315
395766,399079,399165,86,3313
395766,399103,399167,64,3337
395766,399079,399172,93,3313
395766,399049,399172,123,3283
395766,399075,399174,99,3309
395766,399106,399175,69,3340
395766,399087,399186,99,3321
395766,399058,399187,129,3292
395766,399090,399187,97,3324
395766,399049,399188,139,3283
395766,399049,399190,141,3283
395766,399051,399198,147,3285
395766,399051,399199,148,3285
395766,399099,399201,102,3333
395766,399056,399206,150,3290
395766,399136,399207,71,3370
395766,399114,399209,95,3348
395591,398058,399210,1152,2467
395766,399129,399212,83,3363
395766,399124,399216,92,3358
395766,399133,399216,83,3367
395766,399131,399218,87,3365
395766,399133,399219,86,3367
395766,399060,399222,162,3294
395766,399050,399236,186,3284
395766,399161,399237,76,3395
395766,399128,399239,111,3362
395766,399055,399238,183,3289
395766,399054,399241,187,3288
395766,399132,399245,113,3366
395766,399172,399245,73,3406
395766,399114,399247,133,3348
395766,399187,399251,64,3421
395766,399165,399251,86,3399
395766,399167,399253,86,3401
395766,399175,399255,80,3409
395766,399120,399256,136,3354
395766,399174,399259,85,3408
395771,399251,399264,13,3480
395771,399247,399266,19,3476
395766,399187,399271,84,3421
395771,399251,399271,20,3480
395766,399172,399271,99,3406
395766,399187,399272,85,3421
395766,399198,399273,75,3432
395766,399188,399275,87,3422
395766,399190,399275,85,3424
395771,399253,399276,23,3482
395771,399255,399278,23,3484
395771,399259,399285,26,3488
395771,399256,399286,30,3485
395766,399199,399286,87,3433
395766,399210,399287,77,3444
395766,399222,399289,67,3456
395766,399201,399290,89,3435
395766,399219,399291,72,3453
395766,399218,399295,77,3452
395771,399266,399296,30,3495
395771,399264,399297,33,3493
395766,399207,399300,93,3441
395766,399206,399301,95,3440
395766,399212,399302,90,3446
395766,399236,399302,66,3470
395766,399216,399304,88,3450
395766,399216,399306,90,3450
395766,399209,399311,102,3443
395771,399245,399315,70,3474
395771,399239,399319,80,3468
395771,399241,399320,79,3470
395766,399237,399330,93,3471
395771,399245,399333,88,3474
395771,399271,399339,68,3500
395771,399297,399350,53,3526
395771,399296,399353,57,3525
395771,399271,399358,87,3500
395771,399291,399359,68,3520
395771,399295,399361,66,3524
395771,399302,399374,72,3531
395771,399300,399379,79,3529
395771,399304,399380,76,3533
395771,399278,399394,116,3507
395771,399287,399396,109,3516
395771,399276,399398,122,3505
395771,399290,399399,109,3519
395598,398282,399400,1118,2684
395771,399306,399400,94,3535
395771,399311,399402,91,3540
395771,399272,399406,134,3501
395771,399272,399408,136,3501
395771,399316,399411,95,3545
395771,399319,399412,93,3548
395771,399273,399415,142,3502
395771,399289,399419,130,3518
395771,399302,399419,117,3531
395771,399350,399421,71,3579
395771,399301,399430,129,3530
395771,399353,399431,78,3582
395771,399320,399442,122,3549
395771,399285,399444,159,3514
395771,399339,399453,114,3568
395771,399380,399457,77,3609
395771,399358,399460,102,3587
395771,399333,399462,129,3562
395771,399379,399470,91,3608
395771,399330,399474,144,3559
395771,399286,399475,189,3515
395771,399396,399478,82,3625
395771,399275,399478,203,3504
395771,399400,399480,80,3629
395771,399394,399481,87,3623
395771,399415,399484,69,3644
395771,399399,399485,86,3628
395771,399286,399486,200,3515
395771,399359,399487,128,3588
395771,399398,399490,92,3627
395771,399419,399492,73,3648
395771,399408,399492,84,3637
395771,399402,399492,90,3631
395771,399406,399493,87,3635
395771,399412,399494,82,3641
395771,399400,399497,97,3629
395771,399421,399499,78,3650
395861,399488,399504,16,3627
395861,399490,399504,14,3629
395771,399411,399506,95,3640
395771,399431,399506,75,3660
395771,399275,399507,232,3504
395771,399420,399508,88,3649
395861,399486,399509,23,3625
395771,399361,399509,148,3590
395771,399374,399510,136,3603
395771,399430,399511,81,3659
395861,399492,399511,19,3631
395861,399492,399513,21,3631
395861,399493,399514,21,3632
395861,399492,399515,23,3631
395771,399442,399520,78,3671
395861,399494,399527,33,3633
395861,399497,399528,31,3636
395771,399444,399528,84,3673
395771,399453,399531,78,3682
395771,399462,399536,74,3691
395771,399470,399541,71,3699
395771,399457,399543,86,3686
395771,399460,399544,84,3689
395861,399484,399544,60,3623
395771,399475,399547,72,3704
395861,399485,399552,67,3624
395861,399480,399554,74,3619
395771,399478,399558,80,3707
395861,399514,399559,45,3653
395771,399474,399559,85,3703
395861,399513,399560,47,3652
395861,399482,399571,89,3621
395861,399516,399577,61,3655
395861,399520,399584,64,3659
395861,399499,399586,87,3638
395861,399528,399593,65,3667
395861,399528,399604,76,3667
395861,399504,399622,118,3643
395861,399554,399624,70,3693
395861,399527,399625,98,3666
395861,399513,399633,120,3652
395861,399504,399634,130,3643
395861,399558,399641,83,3697
395861,399531,399648,117,3670
395861,399559,399648,89,3698
395861,399541,399649,108,3680
395861,399509,399654,145,3648
395861,399509,399662,153,3648
395861,399543,399665,122,3682
395861,399552,399668,116,3691
395607,398525,399669,1144,2918
395861,399586,399677,91,3725
395861,399545,399677,132,3684
395861,399584,399678,94,3723
395861,399571,399679,108,3710
395861,399577,399681,104,3716
395861,399559,399683,124,3698
395861,399560,399684,124,3699
395861,399544,399686,142,3683
395861,399536,399691,155,3675
395861,399506,399693,187,3645
395861,399507,399707,200,3646
395861,399650,399711,61,3789
395861,399641,399711,70,3780
395861,399508,399711,203,3647
395861,399510,399713,203,3649
395861,399634,399716,82,3773
395861,399624,399721,97,3763
395861,399625,399720,95,3764
395861,399547,399724,177,3686
395861,399593,399725,132,3732
395861,399648,399725,77,3787
395861,399623,399727,104,3762
395861,399654,399728,74,3793
395861,399604,399732,128,3743
395861,399648,399732,84,3787
395861,399633,399734,101,3772
395861,399665,399734,69,3804
395861,399662,399735,73,3801
395861,399668,399742,74,3807
395873,399728,399744,16,3855
395861,399506,399745,239,3645
395873,399727,399745,18,3854
395861,399669,399749,80,3808
395873,399725,399750,25,3852
395861,399677,399750,73,3816
395861,399677,399751,74,3816
395873,399732,399753,21,3859
395873,399734,399758,24,3861
395873,399734,399758,24,3861
395861,399678,399761,83,3817
395873,399732,399762,30,3859
395873,399735,399766,31,3862
395861,399684,399766,82,3823
395861,399683,399769,86,3822
395861,399679,399771,92,3818
395861,399694,399777,83,3833
395873,399742,399777,35,3869
395861,399711,399778,67,3850
395861,399681,399783,102,3820
395861,399707,399783,76,3846
395861,399711,399784,73,3850
395861,399711,399784,73,3850
395861,399691,399787,96,3830
395873,399721,399791,70,3848
395873,399722,399794,72,3849
395861,399686,399794,108,3825
395873,399724,399795,71,3851
395873,399725,399795,70,3852
395861,399713,399805,92,3852
395861,399511,399807,296,3650
395873,399767,399821,54,3894
395873,399766,399821,55,3893
395873,399744,399824,80,3871
395873,399769,399828,59,3896
395873,399771,399828,57,3898
395873,399778,399841,63,3905
395873,399777,399846,69,3904
395873,399791,399853,62,3918
395873,399777,399854,77,3904
395873,399745,399854,109,3872
395873,399785,399857,72,3912
395873,399787,399861,74,3914
395873,399783,399872,89,3910
395873,399794,399877,83,3921
395873,399749,399881,132,3876
395873,399784,399883,99,3911
395873,399795,399887,92,3922
395873,399762,399887,125,3889
395873,399795,399894,99,3922
395873,399805,399894,89,3932
395873,399745,399896,151,3872
395873,399794,399901,107,3921
395873,399821,399902,81,3948
395873,399828,399906,78,3955
395873,399783,399907,124,3910
395873,399807,399911,104,3934
395873,399824,399917,93,3951
395873,399751,399922,171,3878
395873,399758,399922,164,3885
395873,399841,399926,85,3968
395873,399822,399928,106,3949
395873,399829,399930,101,3956
395873,399846,399933,87,3973
395873,399750,399934,184,3877
395873,399861,399949,88,3988
395873,399877,399951,74,4004
395873,399883,399951,68,4010
395873,399751,399952,201,3878
395873,399857,399952,95,3984
395873,399881,399953,72,4008
395873,399853,399955,102,3980
395873,399761,399956,195,3888
395873,399872,399956,84,3999
395873,399758,399961,203,3885
395873,399854,399962,108,3981
395878,399956,399967,11,4078
395878,399961,399970,9,4083
395873,399753,399970,217,3880
395878,399962,399971,9,4084
395873,399854,399974,120,3981
395878,399967,399977,10,4089
395873,399896,399978,82,4023
395873,399887,399981,94,4014
395878,399970,399986,16,4092
395873,399894,399986,92,4021
395873,399902,399991,89,4029
395878,399971,399992,21,4093
395873,399901,399992,91,4028
395873,399894,399994,100,4021
395878,399971,399995,24,4093
395873,399907,399997,90,4034
395878,399974,399998,24,4096
395873,399923,400000,77,4050
395873,399906,400001,95,4033
395873,399887,400002,115,4014
395873,399922,400006,84,4049
395878,399978,400006,28,4100
395873,399926,400009,83,4053
395873,399911,400009,98,4038
395873,399930,400013,83,4057
395873,399933,400017,84,4060
395873,399934,400021,87,4061
395873,399917,400021,104,4044
395873,399928,400022,94,4055
395878,399955,400023,68,4077
395878,399953,400023,70,4075
395878,399956,400025,69,4078
395878,399952,400034,82,4074
395873,399950,400035,85,4077
395878,399952,400037,85,4074
395878,399978,400053,75,4100
395873,399951,400066,115,4078
395878,400013,400080,67,4135
395878,400009,400098,89,4131
395878,399997,400099,102,4119
395878,400006,400101,95,4128
395878,400023,400102,79,4145
395878,400017,400104,87,4139
395878,399981,400106,125,4103
395878,400025,400107,82,4147
395878,400000,400111,111,4122
395878,400098,400111,13,4220
395878,400001,400111,110,4123
395878,400066,400111,45,4188
395878,400082,400111,29,4204
395878,399986,400111,125,4108
395878,400022,400111,89,4144
395878,400053,400111,58,4175
395878,399992,400111,119,4114
395878,400099,400111,12,4221
395878,400006,400111,105,4128
395878,400021,400111,90,4143
395878,400037,400111,74,4159
395878,400106,400111,5,4228
395878,399998,400111,113,4120
395878,400002,400111,109,4124
395878,400021,400111,90,4143
395862,399716,400112,396,3854
395874,399951,400112,161,4077
395878,400023,400111,88,4145
395878,400034,400111,77,4156
395740,399021,400112,1091,3281
395878,399986,400111,125,4108
395878,399992,400111,119,4114
395878,400035,400111,76,4157
395766,399239,400112,873,3473
395772,399478,400112,634,3706
395878,399994,400111,117,4116
395878,400104,400111,7,4226
395706,398775,400112,1337,3069
395878,399995,400111,116,4117
395878,400010,400111,101,4132
395878,399991,400111,120,4113
395878,400107,400111,4,4229
395878,400101,400111,10,4223
395878,400103,400111,8,4225
400290,400290,401406,1116,0
401408,401408,401409,1,0
401408,401408,401411,3,0
401408,401408,401411,3,0
401408,401408,401411,3,0
401408,401408,401411,3,0
401408,401408,401411,3,0
401408,401408,401411,3,0
401408,401408,401411,3,0
401408,401408,401411,3,0
401408,401412,401419,7,4
401408,401411,401425,14,3
401408,401411,401426,15,3
401408,401419,401426,7,11
401408,401408,401428,20,0
401408,401426,401430,4,18
401408,401425,401431,6,17
401408,401412,401431,19,4
401408,401409,401431,22,1
401408,401427,401432,5,19
401408,401431,401433,2,23
401408,401428,401434,6,20
401408,401431,401434,3,23
401408,401430,401433,3,22
401408,401412,401436,24,4
401408,401412,401437,25,4
401408,401411,401441,30,3
401408,401412,401441,29,4
400294,400294,401442,1148,0
401408,401434,401443,9,26
401408,401431,401443,12,23
401408,401437,401445,8,29
401408,401442,401445,3,34
401408,401444,401446,2,36
401408,401434,401446,12,26
401408,401441,401446,5,33
401408,401443,401447,4,35
401408,401408,401447,39,0
401408,401408,401447,39,0
401408,401437,401448,11,29
401408,401446,401448,2,38
401408,401446,401448,2,38
401408,401446,401449,3,38
401408,401445,401448,3,37
401408,401408,401450,42,0
401408,401447,401450,3,39
401408,401441,401451,10,33
401408,401434,401451,17,26
401408,401447,401452,5,39
401408,401433,401453,20,25
401408,401451,401454,3,43
401408,401447,401454,7,39
401442,401453,401455,2,11
401408,401448,401455,7,40
401442,401454,401456,2,12
401442,401454,401456,2,12
401408,401449,401457,8,41
401408,401447,401457,10,39
401442,401455,401457,2,13
401408,401449,401457,8,41
401442,401455,401456,1,13
401408,401449,401458,9,41
401408,401450,401458,8,42
401442,401456,401458,2,14
401442,401456,401458,2,14
401408,401448,401459,11,40
401408,401450,401458,8,42
401408,401451,401458,7,43
401442,401457,401461,4,15
400292,400292,401468,1176,0
401442,401459,401475,16,17
401408,401432,401476,44,24
400291,400291,401477,1186,0
401442,401459,401480,21,17
401408,401408,401481,73,0
400290,400290,401484,1194,0
400295,400295,401484,1189,0
401442,401481,401487,6,39
400292,400292,401491,1199,0
401442,401481,401492,11,39
400293,400293,401497,1204,0
401442,401461,401498,37,19
401442,401497,401499,2,55
401442,401492,401500,8,50
401442,401498,401501,3,56
401442,401459,401502,43,17
401408,401408,401502,94,0
401442,401491,401503,12,49
401442,401499,401504,5,57
401442,401457,401507,50,15
401442,401477,401507,30,35
401442,401500,401512,12,58
401442,401503,401512,9,61
401442,401501,401513,12,59
401442,401504,401514,10,62
401408,401408,401514,106,0
400298,400298,401516,1218,0
401442,401484,401518,34,42
401442,401507,401519,12,65
401442,401508,401520,12,66
401442,401513,401521,8,71
401442,401512,401521,9,70
401442,401487,401522,35,45
401442,401514,401521,7,72
401442,401512,401523,11,70
401442,401514,401523,9,72
401442,401520,401523,3,78
401442,401485,401522,37,43
401442,401522,401525,3,80
401442,401521,401525,4,79
401442,401516,401525,9,74
401442,401523,401525,2,81
401442,401518,401524,6,76
401442,401521,401524,3,79
401442,401522,401524,2,80
400297,400297,401526,1229,0
401442,401519,401526,7,77
401442,401525,401527,2,83
401442,401525,401527,2,83
401468,401526,401528,2,58
401442,401525,401528,3,83
401442,401524,401528,4,82
401442,401523,401529,6,81
401442,401525,401530,5,83
401468,401527,401530,3,59
401468,401526,401530,4,58
401468,401527,401530,3,59
401442,401523,401530,7,81
401442,401502,401531,29,60
401442,401502,401531,29,60
401468,401527,401530,3,59
401468,401528,401532,4,60
401468,401528,401532,4,60
401408,401408,401531,123,0
401468,401528,401532,4,60
401442,401526,401532,6,84
401468,401529,401534,5,61
401468,401534,401540,6,66
401468,401532,401542,10,64
400304,400304,401542,1238,0
401442,401468,401543,75,26
401468,401543,401547,4,75
401468,401542,401547,5,74
401468,401540,401549,9,72
401468,401533,401549,16,65
401468,401532,401551,19,64
401468,401549,401552,3,81
401468,401542,401552,10,74
401468,401547,401553,6,79
401468,401552,401554,2,84
401468,401547,401555,8,79
401468,401552,401557,5,84
400296,400296,401558,1262,0
401468,401550,401558,8,82
401468,401530,401560,30,62
401468,401552,401559,7,84
401468,401558,401562,4,90
400301,400301,401562,1261,0
401468,401560,401565,5,92
401468,401555,401566,11,87
401468,401557,401566,9,89
401442,401457,401566,109,15
401468,401562,401567,5,94
401468,401560,401568,8,92
401468,401566,401569,3,98
401468,401553,401568,15,85
401468,401566,401568,2,98
401468,401567,401569,2,99
401468,401532,401569,37,64
401468,401563,401568,5,95
401468,401558,401570,12,90
401442,401457,401571,114,15
401468,401568,401571,3,100
401468,401567,401572,5,99
401468,401570,401572,2,102
401468,401569,401571,2,101
401468,401569,401571,2,101
401468,401569,401571,2,101
401468,401569,401573,4,101
401468,401573,401574,1,105
401468,401573,401574,1,105
401468,401570,401576,6,102
401468,401572,401576,4,104
401468,401530,401576,46,62
401468,401572,401577,5,104
401468,401555,401577,22,87
401468,401530,401577,47,62
401468,401530,401577,47,62
401468,401571,401577,6,103
401468,401573,401577,4,105
401478,401576,401577,1,98
401478,401576,401577,1,98
401468,401532,401578,46,64
401478,401576,401579,3,98
401478,401576,401578,2,98
401478,401577,401579,2,99
401478,401576,401579,3,98
401478,401577,401579,2,99
401478,401577,401579,2,99
401478,401578,401580,2,100
401478,401578,401581,3,100
401468,401571,401581,10,103
401468,401565,401582,17,97
400302,400302,401584,1282,0
401468,401570,401584,14,102
401468,401530,401585,55,62
401468,401531,401586,55,63
401442,401457,401591,134,15
401478,401586,401592,6,108
401478,401585,401592,7,107
401478,401579,401594,15,101
401478,401584,401597,13,106
401478,401591,401597,6,113
401478,401592,401598,6,114
401478,401579,401599,20,101
401478,401597,401599,2,119
401478,401592,401600,8,114
401478,401597,401600,3,119
401478,401594,401601,7,116
401478,401598,401602,4,120
401478,401600,401603,3,122
401478,401599,401604,5,121
401478,401578,401604,26,100
401478,401600,401605,5,122
401478,401604,401605,1,126
401478,401601,401605,4,123
401478,401604,401606,2,126
401478,401600,401607,7,122
401478,401606,401608,2,128
401478,401602,401608,6,124
401478,401603,401609,6,125
401442,401458,401609,151,16
401478,401606,401609,3,128
401442,401458,401610,152,16
401478,401608,401611,3,130
401478,401608,401611,3,130
401478,401607,401611,4,129
401478,401609,401612,3,131
401478,401578,401612,34,100
401478,401579,401612,33,101
401478,401581,401613,32,103
401478,401610,401614,4,132
401478,401607,401614,7,129
401478,401582,401614,32,104
401478,401579,401614,35,101
401478,401607,401614,7,129
401484,401614,401616,2,130
401478,401614,401617,3,136
401478,401609,401617,8,131
401484,401615,401618,3,131
401484,401616,401618,2,132
401478,401614,401619,5,136
401478,401610,401618,8,132
401478,401612,401619,7,134
401484,401617,401619,2,133
401484,401618,401620,2,134
401478,401612,401620,8,134
401484,401618,401620,2,134
401478,401611,401620,9,133
401478,401611,401619,8,133
401478,401612,401621,9,134
401478,401611,401621,10,133
401484,401617,401620,3,133
401478,401613,401620,7,135
401484,401619,401620,1,135
401484,401619,401621,2,135
401468,401531,401626,95,63
401484,401619,401629,10,135
401442,401458,401631,173,16
401478,401581,401633,52,103
401478,401578,401633,55,100
401442,401476,401634,158,34
401478,401584,401635,51,106
401484,401633,401638,5,149
401484,401635,401639,4,151
401484,401634,401639,5,150
401484,401621,401640,19,137
401484,401621,401641,20,137
401484,401638,401642,4,154
401484,401622,401642,20,138
401484,401621,401644,23,137
401484,401639,401644,5,155
401484,401621,401644,23,137
401484,401644,401646,2,160
401478,401578,401646,68,100
401484,401639,401647,8,155
401484,401640,401647,7,156
401484,401644,401648,4,160
401484,401646,401648,2,162
401484,401647,401648,1,163
401484,401647,401649,2,163
401484,401641,401648,7,157
401484,401647,401649,2,163
401484,401644,401648,4,160
401468,401531,401650,119,63
401484,401648,401651,3,164
401478,401580,401651,71,102
401484,401648,401652,4,164
401484,401649,401653,4,165
401484,401651,401653,2,167
401484,401648,401653,5,164
401484,401642,401654,12,158
401484,401649,401654,5,165
401484,401651,401654,3,167
401484,401649,401655,6,165
401484,401652,401655,3,168
401484,401649,401654,5,165
401478,401580,401657,77,102
401484,401620,401658,38,136
401484,401652,401659,7,168
401484,401642,401659,17,158
401484,401621,401661,40,137
401486,401659,401660,1,173
401486,401659,401662,3,173
401484,401654,401662,8,170
401484,401654,401662,8,170
401484,401653,401662,9,169
401486,401661,401663,2,175
401484,401657,401663,6,173
401484,401653,401663,10,169
401484,401656,401663,7,172
401484,401654,401663,9,170
401486,401661,401664,3,175
401484,401653,401664,11,169
401484,401655,401663,8,171
401486,401662,401663,1,176
401484,401633,401663,30,149
401484,401626,401664,38,142
401486,401662,401664,2,176
401486,401662,401665,3,176
401486,401662,401665,3,176
401484,401656,401665,9,172
401442,401458,401669,211,16
401484,401629,401669,40,145
401486,401663,401677,14,177
401486,401669,401679,10,183
401486,401669,401685,16,183
401486,401665,401686,21,179
401484,401620,401689,69,136
401486,401667,401691,24,181
401486,401664,401692,28,178
401442,401475,401692,217,33
401484,401631,401693,62,147
401486,401678,401694,16,192
401486,401679,401695,16,193
401486,401692,401695,3,206
400299,400299,401698,1399,0
401486,401694,401699,5,208
401486,401693,401699,6,207
401486,401663,401699,36,177
401486,401692,401701,9,206
401486,401695,401705,10,209
400306,400307,401708,1401,1
401486,401699,401710,11,213
401486,401699,401710,11,213
401486,401695,401710,15,209
401486,401686,401712,26,200
401486,401699,401712,13,213
401486,401685,401713,28,199
401486,401689,401713,24,203
401486,401701,401714,13,215
401486,401705,401714,9,219
401486,401714,401716,2,228
401486,401714,401716,2,228
400303,400303,401716,1413,0
401486,401713,401717,4,227
401486,401716,401718,2,230
401486,401716,401717,1,230
401486,401691,401718,27,205
401486,401698,401718,20,212
401486,401716,401720,4,230
401486,401710,401720,10,224
401486,401712,401720,8,226
401484,401620,401720,100,136
401486,401663,401719,56,177
401486,401713,401720,7,227
401486,401718,401721,3,232
401486,401718,401721,3,232
401486,401665,401720,55,179
401486,401720,401722,2,234
401486,401712,401722,10,226
401491,401720,401721,1,229
401486,401720,401722,2,234
401491,401720,401723,3,229
401491,401721,401723,2,230
401491,401721,401722,1,230
401486,401720,401724,4,234
401486,401712,401724,12,226
401491,401722,401724,2,231
401486,401720,401724,4,234
401491,401721,401723,2,230
401491,401722,401724,2,231
401486,401717,401724,7,231
401491,401722,401724,2,231
401491,401723,401725,2,232
401486,401718,401724,6,232
401486,401708,401729,21,222
401486,401663,401733,70,177
401486,401710,401733,23,224
401491,401723,401734,11,232
401491,401733,401737,4,242
401491,401733,401737,4,242
400296,400296,401738,1442,0
401491,401735,401740,5,244
401486,401664,401740,76,178
401491,401729,401739,10,238
401491,401738,401743,5,247
401478,401580,401744,164,102
401491,401723,401744,21,232
401491,401740,401744,4,249
401491,401723,401746,23,232
401491,401743,401747,4,252
401491,401744,401747,3,253
401491,401740,401748,8,249
401486,401664,401749,85,178
401491,401740,401749,9,249
401491,401744,401749,5,253
401491,401737,401749,12,246
401491,401737,401750,13,246
401491,401749,401751,2,258
401484,401620,401750,130,136
401491,401745,401751,6,254
401491,401746,401752,6,255
401491,401749,401753,4,258
401491,401747,401753,6,256
401491,401749,401754,5,258
401491,401749,401754,5,258
401491,401748,401754,6,257
401491,401747,401754,7,256
401491,401753,401755,2,262
401491,401751,401754,3,260
401491,401751,401756,5,260
401491,401752,401756,4,261
401491,401751,401757,6,260
401491,401753,401758,5,262
401491,401754,401759,5,263
401491,401754,401760,6,263
401491,401754,401760,6,263
401491,401755,401762,7,264
401491,401760,401762,2,269
401491,401755,401763,8,264
401491,401756,401763,7,265
401491,401750,401764,14,259
401491,401754,401763,9,263
401491,401760,401763,3,269
401491,401756,401764,8,265
401498,401762,401765,3,264
401498,401763,401764,1,265
401491,401758,401765,7,267
401498,401763,401765,2,265
401498,401764,401766,2,266
401491,401724,401766,42,233
401491,401758,401767,9,267
401491,401725,401767,42,234
401486,401664,401766,102,178
401498,401764,401766,2,266
401498,401765,401767,2,267
401498,401764,401768,4,266
401498,401764,401768,4,266
401486,401664,401768,104,178
401486,401663,401768,105,177
401491,401759,401768,9,268
401498,401765,401774,9,267
401491,401724,401775,51,233
401491,401724,401777,53,233
401484,401620,401780,160,136
401491,401724,401781,57,233
401498,401774,401782,8,276
401486,401665,401784,119,179
401491,401724,401786,62,233
401498,401769,401786,17,271
401498,401776,401787,11,278
401498,401769,401788,19,271
401491,401725,401788,63,234
401498,401768,401788,20,270
401498,401786,401788,2,288
401486,401666,401789,123,180
401498,401787,401790,3,289
401498,401786,401791,5,288
401498,401768,401794,26,270
401498,401788,401795,7,290
401498,401784,401795,11,286
401498,401790,401797,7,292
401498,401780,401798,18,282
401498,401781,401798,17,283
401498,401767,401799,32,269
401498,401788,401799,11,290
401498,401788,401799,11,290
400305,400306,401800,1494,1
401498,401782,401800,18,284
401491,401725,401801,76,234
401498,401791,401802,11,293
401498,401800,401804,4,302
401491,401725,401804,79,234
401498,401800,401804,4,302
401498,401799,401805,6,301
401498,401797,401805,8,299
401498,401799,401806,7,301
401498,401767,401805,38,269
401498,401798,401806,8,300
401498,401799,401805,6,301
401498,401804,401806,2,306
401498,401804,401805,1,306
401498,401794,401807,13,296
401498,401804,401807,3,306
401498,401806,401808,2,308
401498,401802,401808,6,304
401498,401801,401808,7,303
400301,400301,401809,1508,0
401498,401805,401809,4,307
401498,401806,401808,2,308
401498,401789,401810,21,291
401498,401806,401810,4,308
401516,401808,401810,2,292
401498,401806,401809,3,308
401498,401806,401810,4,308
401498,401805,401810,5,307
401516,401807,401811,4,291
401498,401807,401811,4,309
401516,401808,401811,3,292
401498,401798,401810,12,300
401516,401808,401812,4,292
401516,401809,401811,2,293
401516,401809,401812,3,293
401516,401809,401811,2,293
401498,401795,401813,18,297
401498,401778,401814,36,280
401498,401768,401816,48,270
401498,401788,401817,29,290
401516,401810,401818,8,294
401498,401795,401820,25,297
401498,401767,401821,54,269
401516,401812,401823,11,296
401516,401812,401825,13,296
401498,401767,401826,59,269
401516,401812,401826,14,296
401516,401814,401828,14,298
401516,401813,401828,15,297
401516,401816,401829,13,300
401516,401811,401830,19,295
401516,401817,401830,13,301
401516,401818,401832,14,302
401516,401830,401834,4,314
401516,401829,401834,5,313
401516,401830,401834,4,314
401498,401766,401837,71,268
401516,401834,401837,3,318
401491,401724,401837,113,233
401516,401834,401838,4,318
401516,401834,401838,4,318
401516,401820,401839,19,304
401516,401837,401840,3,321
401516,401829,401842,13,313
401516,401838,401843,5,322
401516,401837,401843,6,321
401516,401823,401843,20,307
401516,401832,401844,12,316
401516,401821,401844,23,305
401516,401843,401845,2,327
401516,401837,401845,8,321
401516,401843,401846,3,327
401516,401843,401846,3,327
401516,401845,401847,2,329
401516,401844,401847,3,328
401516,401845,401848,3,329
401516,401844,401848,4,328
401516,401838,401849,11,322
401516,401846,401849,3,330
401516,401846,401848,2,330
401516,401847,401849,2,331
401516,401840,401851,11,324
401516,401842,401851,9,326
401516,401848,401851,3,332
401516,401839,401852,13,323
401516,401848,401853,5,332
401527,401851,401853,2,324
401498,401767,401854,87,269
401516,401849,401855,6,333
401516,401848,401855,7,332
401516,401849,401854,5,333
401527,401853,401855,2,326
401527,401849,401856,7,322
401516,401811,401856,45,295
401527,401851,401857,6,324
401527,401853,401857,4,326
401527,401853,401858,5,326
401516,401810,401858,48,294
401527,401852,401857,5,325
401527,401854,401860,6,327
401484,401620,401863,243,136
401516,401825,401863,38,309
401516,401826,401867,41,310
401527,401857,401869,12,330
401516,401828,401869,41,312
401527,401860,401874,14,333
401527,401863,401877,14,336
401527,401858,401878,20,331
401527,401863,401879,16,336
401516,401812,401880,68,296
401527,401867,401880,13,340
401527,401869,401882,13,342
401527,401869,401882,13,342
401527,401857,401883,26,330
401516,401811,401886,75,295
401527,401874,401887,13,347
401516,401826,401891,65,310
401527,401855,401891,36,328
401527,401877,401891,14,350
401527,401882,401890,8,355
401527,401880,401892,12,353
401527,401858,401893,35,331
401498,401766,401894,128,268
401527,401879,401895,16,352
401527,401882,401897,15,355
401527,401891,401897,6,364
401527,401887,401897,10,360
401527,401893,401897,4,366
401527,401880,401898,18,353
401527,401886,401898,12,359
401527,401891,401898,7,364
401527,401891,401899,8,364
401527,401894,401899,5,367
401527,401892,401900,8,365
401527,401897,401900,3,370
401527,401895,401899,4,368
401527,401897,401902,5,370
401527,401898,401902,4,371
401527,401898,401902,4,371
401527,401899,401903,4,372
401527,401891,401903,12,364
401527,401900,401903,3,373
401527,401883,401903,20,356
401527,401901,401903,2,374
401527,401902,401904,2,375
401527,401900,401904,4,373
401527,401902,401905,3,375
401527,401899,401904,5,372
401527,401903,401905,2,376
401527,401902,401905,3,375
401527,401878,401905,27,351
401527,401903,401906,3,376
401527,401903,401906,3,376
401542,401904,401907,3,362
401527,401903,401907,4,376
401527,401897,401907,10,370
401542,401905,401908,3,363
401527,401898,401908,10,371
401542,401905,401908,3,363
401542,401905,401908,3,363
401542,401905,401908,3,363
401527,401903,401908,5,376
401527,401898,401909,11,371
401542,401905,401908,3,363
401527,401857,401910,53,330
401542,401906,401909,3,364
401542,401906,401916,10,364
401516,401810,401917,107,294
401542,401910,401920,10,368
401516,401811,401922,111,295
401542,401910,401923,13,368
401516,401810,401924,114,294
401527,401858,401925,67,331
401542,401907,401926,19,365
401542,401916,401928,12,374
401542,401909,401929,20,367
401516,401810,401932,122,294
401542,401920,401932,12,378
401542,401917,401933,16,375
401542,401928,401934,6,386
401542,401924,401936,12,382
401542,401929,401936,7,387
401542,401922,401937,15,380
401542,401923,401937,14,381
401527,401855,401938,83,328
401542,401936,401937,1,394
401542,401937,401940,3,395
401542,401936,401940,4,394
401542,401934,401940,6,392
401542,401938,401940,2,396
401542,401937,401941,4,395
401542,401938,401942,4,396
401542,401940,401942,2,398
401542,401940,401942,2,398
401542,401940,401943,3,398
401542,401940,401943,3,398
401542,401932,401945,13,390
401542,401941,401945,4,399
401542,401943,401946,3,401
401542,401943,401946,3,401
401542,401943,401946,3,401
401498,401766,401946,180,268
401498,401766,401947,181,268
401542,401932,401947,15,390
401542,401933,401948,15,391
401542,401945,401948,3,403
401542,401946,401948,2,404
401542,401946,401948,2,404
401542,401946,401949,3,404
401542,401942,401950,8,400
401542,401942,401951,9,400
401542,401947,401950,3,405
401542,401926,401952,26,384
401542,401946,401953,7,404
401542,401946,401953,7,404
401542,401925,401954,29,383
401542,401947,401955,8,405
401558,401951,401956,5,393
401558,401951,401956,5,393
401558,401953,401956,3,395
401542,401948,401956,8,406
401558,401953,401955,2,395
401558,401955,401957,2,397
401558,401952,401956,4,394
401558,401955,401958,3,397
401542,401948,401957,9,406
401558,401956,401959,3,398
401542,401948,401960,12,406
401542,401949,401960,11,407
401542,401948,401961,13,406
401527,401856,401962,106,329
401516,401810,401968,158,294
401558,401956,401973,17,398
401542,401909,401975,66,367
401558,401958,401977,19,400
401558,401961,401977,16,403
401558,401962,401980,18,404
401558,401975,401986,11,417
401558,401973,401987,14,415
401558,401968,401988,20,410
401558,401977,401988,11,419
401558,401977,401990,13,419
401558,401958,401990,32,400
401527,401855,401990,135,328
401558,401980,401993,13,422
401558,401988,401995,7,430
401558,401993,401996,3,435
401558,401990,401997,7,432
401558,401988,401999,11,430
401558,401987,401999,12,429
401542,401909,402001,92,367
401558,401990,402002,12,432
401558,401995,402003,8,437
401558,401990,402004,14,432
401542,401907,402006,99,365
401558,401957,402007,50,399
401558,402003,402011,8,445
401558,401999,402012,13,441
401558,401986,402012,26,428
401558,401959,402013,54,401
401558,402001,402013,12,443
401558,402003,402013,10,445
401558,402000,402013,13,442
401558,401997,402015,18,439
401558,401996,402015,19,438
401558,402013,402016,3,455
401558,402013,402016,3,455
401558,402013,402016,3,455
401558,402012,402017,5,454
401558,402013,402018,5,455
401558,402011,402019,8,453
401558,402006,402019,13,448
401558,402004,402020,16,446
401558,402017,402021,4,459
401558,402007,402021,14,449
401558,402012,402023,11,454
401558,402015,402023,8,457
401558,402019,402023,4,461
401558,402022,402024,2,464
401558,402018,402024,6,460
401558,401956,402023,67,398
401558,402016,402025,9,458
401563,402023,402025,2,460
401558,402015,402025,10,457
401563,402023,402025,2,460
401558,402016,402025,9,458
401558,402016,402025,9,458
401558,402019,402026,7,461
401563,402024,402026,2,461
401563,402023,402026,3,460
401558,402020,402027,7,462
401563,402024,402026,2,461
401563,402024,402027,3,461
401527,401855,402026,171,328
401563,402025,402028,3,462
401563,402025,402032,7,462
401542,401907,402037,130,365
401563,402028,402041,13,465
401563,402032,402043,11,469
401558,401960,402045,85,402
401558,401960,402047,87,402
401563,402027,402048,21,464
401563,402037,402051,14,474
401558,401956,402052,96,398
401563,402027,402052,25,464
401563,402043,402054,11,480
401563,402041,402056,15,478
401563,402052,402056,4,489
401563,402053,402056,3,490
401563,402045,402058,13,482
401563,402058,402060,2,495
401563,402056,402060,4,493
401563,402054,402062,8,491
401563,402060,402063,3,497
401563,402047,402064,17,484
401563,402060,402065,5,497
401563,402027,402064,37,464
401563,402056,402066,10,493
401563,402048,402067,19,485
401563,402066,402069,3,503
401563,402064,402069,5,501
401563,402067,402071,4,504
401563,402065,402071,6,502
401563,402062,402071,9,499
401563,402063,402072,9,500
401563,402056,402072,16,493
401563,402065,402072,7,502
401563,402069,402072,3,506
401563,402051,402073,22,488
401563,402071,402073,2,508
401563,402072,402074,2,509
401563,402071,402074,3,508
401563,402070,402073,3,507
401563,402073,402075,2,510
401563,402072,402075,3,509
401563,402072,402075,3,509
401563,402072,402074,2,509
401563,402025,402076,51,462
401563,402073,402075,2,510
401563,402073,402076,3,510
401563,402075,402077,2,512
401563,402074,402077,3,511
401563,402074,402076,2,511
401563,402075,402078,3,512
401563,402075,402078,3,512
401542,401908,402078,170,366
401563,402075,402078,3,512
401563,402075,402077,2,512
401584,402077,402079,2,493
401584,402077,402080,3,493
401584,402077,402080,3,493
401584,402078,402080,2,494
401584,402078,402080,2,494
401584,402078,402081,3,494
401563,402076,402080,4,513
401584,402078,402080,2,494
401563,402076,402082,6,513
401584,402079,402086,7,495
401542,401908,402117,209,366
401542,401908,402118,210,366
401584,402079,402122,43,495
401584,402081,402125,44,497
401584,402122,402132,10,538
401584,402119,402134,15,535
401563,402025,402136,111,462
401584,402082,402136,54,498
401584,402125,402138,13,541
401584,402132,402144,12,548
401584,402136,402147,11,552
401584,402086,402148,62,502
401584,402134,402150,16,550
401558,401957,402150,193,399
401584,402136,402151,15,552
401584,402117,402151,34,533
401584,402138,402151,13,554
401584,402080,402153,73,496
401584,402147,402154,7,563
401584,402152,402154,2,568
401584,402151,402153,2,567
401584,402148,402154,6,564
401563,402026,402155,129,463
401584,402153,402154,1,569
401584,402150,402156,6,566
401584,402144,402156,12,560
401584,402154,402159,5,570
401584,402151,402159,8,567
401584,402155,402161,6,571
401584,402154,402160,6,570
401542,401908,402161,253,366
401584,402156,402162,6,572
401584,402155,402163,8,571
401584,402161,402164,3,577
401584,402159,402163,4,575
401584,402163,402165,2,579
401584,402161,402165,4,577
401584,402161,402165,4,577
401584,402163,402166,3,579
401584,402150,402166,16,566
401584,402159,402166,7,575
401584,402081,402166,85,497
401584,402164,402167,3,580
401584,402165,402168,3,581
401584,402156,402168,12,572
401584,402165,402168,3,581
401584,402165,402168,3,581
401584,402164,402167,3,580
401563,402026,402169,143,463
401584,402166,402169,3,582
401563,402027,402169,142,464
401584,402166,402168,2,582
401584,402166,402168,2,582
401699,402168,402170,2,469
401584,402166,402169,3,582
401584,402154,402171,17,570
401584,402167,402171,4,583
401699,402169,402171,2,470
401699,402169,402171,2,470
401699,402169,402172,3,470
401699,402169,402172,3,470
401699,402169,402171,2,470
401699,402170,402172,2,471
401563,402026,402173,147,463
401584,402154,402174,20,570
401584,402168,402175,7,584
401584,402168,402175,7,584
401558,401958,402174,216,400
401584,402168,402178,10,584
401699,402170,402181,11,471
401584,402081,402182,101,497
401542,401908,402183,275,366
401699,402172,402186,14,473
401699,402175,402188,13,476
401699,402173,402188,15,474
401699,402175,402188,13,476
401584,402080,402192,112,496
401699,402182,402195,13,483
401699,402188,402196,8,489
401699,402175,402197,22,476
401699,402186,402198,12,487
401699,402183,402198,15,484
401699,402178,402200,22,479
401699,402181,402200,19,482
401699,402198,402200,2,499
401699,402197,402203,6,498
401584,402080,402204,124,496
401699,402192,402204,12,493
401699,402171,402205,34,472
401699,402201,402205,4,502
401699,402188,402206,18,489
401699,402200,402206,6,501
401699,402203,402206,3,504
401699,402200,402207,7,501
401699,402204,402208,4,505
401699,402204,402208,4,505
401699,402205,402208,3,506
401699,402198,402208,10,499
401699,402172,402210,38,473
401699,402206,402210,4,507
401699,402206,402210,4,507
401699,402208,402211,3,509
401699,402208,402210,2,509
401699,402208,402211,3,509
401563,402025,402211,186,462
401699,402208,402210,2,509
401699,402205,402211,6,506
401699,402210,402212,2,511
401563,402027,402212,185,464
401699,402210,402213,3,511
401699,402209,402213,4,510
401699,402210,402213,3,511
401699,402211,402214,3,512
401699,402195,402214,19,496
401699,402211,402214,3,512
401699,402206,402215,9,507
401699,402188,402215,27,489
401699,402211,402216,5,512
401699,402197,402215,18,498
401699,402211,402216,5,512
401709,402214,402217,3,505
401699,402212,402217,5,513
401699,402211,402218,7,512
401709,402214,402218,4,505
401709,402214,402218,4,505
401699,402211,402219,8,512
401709,402216,402219,3,507
401709,402216,402219,3,507
401709,402215,402219,4,506
401699,402212,402220,8,513
401709,402216,402220,4,507
401699,402213,402222,9,514
401699,402174,402223,49,475
401699,402213,402225,12,514
401699,402172,402231,59,473
401709,402223,402235,12,514
401709,402221,402235,14,512
401699,402171,402235,64,472
401709,402222,402235,13,513
401709,402217,402237,20,508
401709,402225,402238,13,516
401584,402080,402241,161,496
401709,402231,402243,12,522
401709,402235,402246,11,526
401709,402235,402247,12,526
401709,402235,402248,13,526
401709,402246,402252,6,537
401709,402247,402255,8,538
401709,402243,402256,13,534
401709,402248,402258,10,539
401709,402256,402260,4,547
401709,402235,402261,26,526
401709,402258,402262,4,549
401709,402260,402262,2,551
401709,402261,402264,3,552
401709,402262,402265,3,553
401709,402237,402266,29,528
401709,402264,402266,2,555
401709,402264,402265,1,555
401709,402255,402266,11,546
401709,402252,402267,15,543
401709,402265,402268,3,556
401709,402266,402269,3,557
401709,402266,402268,2,557
401709,402267,402270,3,558
401709,402268,402271,3,559
401709,402269,402272,3,560
401709,402266,402272,6,557
401709,402269,402271,2,560
401709,402266,402274,8,557
401709,402271,402273,2,562
401709,402270,402274,4,561
401709,402272,402275,3,563
401709,402220,402275,55,511
401709,402273,402275,2,564
401709,402241,402275,34,532
401709,402274,402276,2,565
401709,402272,402276,4,563
401709,402274,402276,2,565
401709,402274,402277,3,565
401709,402275,402277,2,566
401717,402276,402278,2,559
401717,402276,402279,3,559
401709,402275,402281,6,566
401717,402277,402281,4,560
401709,402275,402283,8,566
401709,402275,402283,8,566
401717,402278,402285,7,561
401717,402281,402285,4,564
401717,402279,402286,7,562
401717,402277,402287,10,560
401717,402281,402287,6,564
401699,402172,402289,117,473
401709,402238,402291,53,529
401717,402289,402309,20,572
401709,402220,402309,89,511
401699,402171,402318,147,472
401717,402309,402324,15,592
401709,402220,402326,106,511
401709,402220,402328,108,511
401717,402291,402330,39,574
401717,402283,402330,47,566
401717,402318,402332,14,601
401717,402309,402336,27,592
401717,402326,402339,13,609
401717,402324,402340,16,607
401709,402218,402340,122,509
401717,402328,402342,14,611
401717,402330,402342,12,613
401717,402340,402344,4,623
401717,402330,402343,13,613
401717,402332,402344,12,615
401717,402342,402347,5,625
401709,402219,402348,129,510
401709,402217,402348,131,508
401717,402336,402349,13,619
401717,402342,402350,8,625
401717,402344,402350,6,627
401717,402344,402351,7,627
401717,402344,402352,8,627
401717,402348,402352,4,631
401717,402347,402351,4,630
401717,402350,402353,3,633
401717,402349,402354,5,632
401717,402352,402355,3,635
401717,402352,402355,3,635
401717,402353,402356,3,636
401717,402352,402357,5,635
401717,402353,402357,4,636
401717,402356,402358,2,639
401717,402354,402359,5,637
401717,402349,402358,9,632
401717,402340,402359,19,623
401717,402350,402360,10,633
401717,402359,402360,1,642
401709,402218,402360,142,509
401717,402357,402361,4,640
401717,402339,402361,22,622
401717,402358,402360,2,641
401717,402359,402361,2,642
401717,402359,402362,3,642
401717,402355,402361,6,638
401717,402360,402362,2,643
401717,402355,402361,6,638
401717,402359,402363,4,642
401717,402361,402363,2,644
401717,402361,402364,3,644
401717,402361,402365,4,644
401739,402363,402365,2,624
401739,402362,402365,3,623
401739,402363,402365,2,624
401717,402361,402365,4,644
401739,402363,402365,2,624
401739,402365,402367,2,626
401739,402365,402367,2,626
401717,402362,402367,5,645
401717,402361,402368,7,644
401739,402365,402368,3,626
401739,402365,402367,2,626
401717,402361,402369,8,644
401717,402287,402378,91,570
401739,402368,402389,21,629
401739,402365,402390,25,626
401739,402368,402397,29,629
401709,402218,402407,189,509
401717,402283,402411,128,566
401739,402390,402413,23,651
401709,402218,402413,195,509
401699,402171,402415,244,472
401739,402367,402416,49,628
401739,402397,402418,21,658
401739,402418,402422,4,679
401739,402413,402425,12,674
401739,402411,402428,17,672
401717,402286,402429,143,569
401717,402285,402433,148,568
401739,402416,402433,17,677
401739,402413,402434,21,674
401739,402422,402435,13,683
401739,402379,402435,56,640
401739,402433,402438,5,694
401739,402407,402438,31,668
401739,402425,402440,15,686
401739,402366,402441,75,627
401739,402415,402442,27,676
401739,402433,402443,10,694
401739,402435,402444,9,696
401739,402429,402445,16,690
401739,402428,402445,17,689
401739,402389,402446,57,650
401739,402438,402451,13,699
401739,402434,402452,18,695
401739,402442,402453,11,703
401739,402435,402453,18,696
401739,402440,402454,14,701
401739,402438,402454,16,699
401739,402443,402455,12,704
401739,402453,402456,3,714
401739,402454,402456,2,715
401739,402454,402455,1,715
401739,402368,402456,88,629
401739,402441,402457,16,702
401739,402453,402457,4,714
401739,402445,402457,12,706
401739,402452,402457,5,713
401739,402455,402458,3,716
401739,402456,402458,2,717
401739,402451,402458,7,712
401739,402446,402458,12,707
401739,402456,402459,3,717
401739,402457,402459,2,718
401739,402456,402459,3,717
401739,402457,402460,3,718
401739,402457,402459,2,718
401739,402456,402460,4,717
401739,402445,402460,15,706
401800,402458,402461,3,658
401739,402458,402460,2,719
401739,402458,402460,2,719
401800,402459,402461,2,659
401800,402459,402462,3,659
401800,402459,402462,3,659
401800,402458,402461,3,658
401800,402460,402463,3,660
401800,402460,402463,3,660
401739,402444,402472,28,705
401800,402460,402475,15,660
401800,402463,402478,15,663
401800,402460,402485,25,660
401800,402473,402485,12,673
401800,402476,402487,11,676
401800,402478,402489,11,678
401800,402485,402495,10,685
401800,402485,402497,12,685
401739,402369,402497,128,630
401800,402487,402497,10,687
401800,402463,402501,38,663
401739,402368,402503,135,629
401800,402490,402504,14,690
401717,402287,402506,219,570
401800,402496,402507,11,696
401800,402462,402509,47,662
401739,402366,402511,145,627
401717,402286,402513,227,569
401800,402501,402516,15,701
401800,402497,402516,19,697
401800,402509,402517,8,709
401800,402511,402518,7,711
401800,402507,402518,11,707
401800,402513,402517,4,713
401443,401526,402519,993,83
401800,402517,402519,2,717
401800,402516,402519,3,716
401478,401614,402519,905,136
401800,402517,402519,2,717
401800,402518,402521,3,718
401800,402518,402521,3,718
401800,402518,402521,3,718
401800,402519,402522,3,719
401800,402519,402522,3,719
401800,402462,402522,60,662
401800,402519,402523,4,719
401800,402520,402523,3,720
401800,402520,402523,3,720
401800,402522,402524,2,722
401800,402521,402524,3,721
401800,402522,402523,1,722
401800,402522,402525,3,722
401800,402523,402526,3,723
401800,402521,402526,5,721
401800,402521,402525,4,721
401800,402497,402527,30,697
401800,402506,402527,21,706
401800,402523,402528,5,723
401800,402524,402527,3,724
401800,402524,402527,3,724
401800,402525,402529,4,725
401800,402524,402529,5,724
401800,402525,402528,3,725
401809,402527,402529,2,718
401809,402529,402531,2,720
401809,402528,402531,3,719
401809,402528,402532,4,719
401809,402529,402532,3,720
401809,402529,402532,3,720
401800,402527,402533,6,727
401800,402497,402533,36,697
401809,402528,402532,4,719
401800,402526,402533,7,726
401800,402526,402535,9,726
401809,402531,402538,7,722
401800,402503,402543,40,703
401800,402504,402550,46,704
401809,402543,402557,14,734
401739,402367,402558,191,628
401809,402533,402561,28,724
401809,402550,402564,14,741
401409,401452,402566,1114,43
401809,402557,402571,14,748
401800,402461,402572,111,661
401809,402558,402571,13,749
401809,402561,402573,12,752
401809,402531,402575,44,722
401809,402572,402577,5,763
401809,402573,402579,6,764
401809,402564,402579,15,755
401809,402579,402582,3,770
401809,402575,402582,7,766
401809,402566,402583,17,757
401809,402577,402585,8,768
401809,402538,402585,47,729
401809,402582,402585,3,773
401809,402579,402585,6,770
401809,402582,402586,4,773
401809,402583,402590,7,774
401809,402585,402590,5,776
401809,402585,402591,6,776
401809,402586,402592,6,777
401809,402585,402593,8,776
401809,402533,402594,61,724
401809,402591,402595,4,782
401809,402535,402595,60,726
401809,402593,402596,3,784
401809,402594,402596,2,785
401809,402572,402596,24,763
401809,402592,402597,5,783
401809,402596,402598,2,787
401809,402595,402599,4,786
401809,402596,402599,3,787
401809,402595,402598,3,786
401809,402590,402600,10,781
401809,402596,402599,3,787
401809,402586,402601,15,777
401809,402597,402600,3,788
401809,402598,402601,3,789
401809,402599,402603,4,790
401809,402533,402604,71,724
401809,402590,402605,15,781
401809,402599,402606,7,790
401809,402571,402608,37,762
401809,402600,402608,8,791
401809,402600,402610,10,791
401800,402461,402611,150,661
402520,402609,402611,2,89
402520,402606,402611,5,86
402520,402609,402612,3,89
402520,402610,402612,2,90
402520,402605,402612,7,85
401809,402601,402613,12,792
401809,402600,402612,12,791
401809,402603,402612,9,794
401809,402601,402614,13,792
401809,402602,402614,12,793
402520,402611,402613,2,91
402520,402611,402615,4,91
401809,402532,402615,83,723
402520,402611,402626,15,91
402520,402614,402638,24,94
402520,402626,402639,13,106
402520,402616,402642,26,96
401809,402532,402643,111,723
401809,402531,402649,118,722
402520,402638,402653,15,118
402520,402639,402654,15,119
402520,402643,402655,12,123
402520,402642,402656,14,122
402520,402649,402664,15,129
402520,402656,402666,10,136
402520,402655,402666,11,135
402520,402614,402676,62,94
402520,402653,402681,28,133
402520,402664,402681,17,144
402520,402666,402682,16,146
402520,402612,402683,71,92
402520,402682,402684,2,162
401809,402533,402684,151,724
401800,402461,402684,223,661
402520,402676,402685,9,156
402520,402681,402685,4,161
402520,402683,402685,2,163
402520,402684,402685,1,164
402520,402684,402687,3,164
402520,402681,402687,6,161
402520,402685,402686,1,165
402520,402654,402688,34,134
402520,402684,402688,4,164
402520,402686,402688,2,166
402520,402666,402688,22,146
402520,402686,402690,4,166
402520,402685,402689,4,165
402520,402687,402690,3,167
402520,402688,402691,3,168
402520,402688,402691,3,168
402520,402688,402692,4,168
402520,402688,402692,4,168
402520,402690,402694,4,170
402520,402612,402693,81,92
402520,402690,402695,5,170
402520,402687,402694,7,167
402520,402691,402695,4,171
402520,402692,402695,3,172
402520,402693,402694,1,173
402520,402694,402697,3,174
402520,402692,402696,4,172
402520,402690,402698,8,170
402520,402690,402699,9,170
402521,402697,402700,3,176
402520,402694,402701,7,174
402520,402695,402702,7,175
402520,402695,402702,7,175
402521,402698,402703,5,177
402521,402698,402703,5,177
402520,402695,402704,9,175
402521,402699,402704,5,178
402520,402695,402705,10,175
402521,402702,402705,3,181
402521,402701,402705,4,180
402521,402700,402705,5,179
401800,402461,402707,246,661
402520,402615,402708,93,95
401809,402532,402708,176,723
401800,402462,402712,250,662
402520,402612,402718,106,92
402521,402703,402719,16,182
402521,402708,402724,16,187
402521,402712,402724,12,191
402520,402614,402726,112,94
402521,402719,402729,10,198
402521,402718,402730,12,197
402521,402724,402736,12,203
402521,402724,402737,13,203
402520,402613,402748,135,93
402521,402737,402751,14,216
402521,402726,402752,26,205
402520,402613,402753,140,93
402521,402736,402754,18,215
402521,402730,402755,25,209
402521,402755,402763,8,234
402521,402729,402764,35,208
402521,402748,402765,17,227
402521,402708,402766,58,187
402521,402751,402766,15,230
402521,402764,402766,2,243
402521,402763,402767,4,242
402521,402765,402768,3,244
402521,402753,402769,16,232
402521,402755,402770,15,234
401530,401904,402770,866,374
402521,402705,402770,65,184
402521,402753,402770,17,232
402521,402766,402771,5,245
402521,402766,402771,5,245
402521,402766,402772,6,245
402521,402770,402772,2,249
401469,401573,402773,1200,104
402521,402767,402773,6,246
402521,402770,402773,3,249
402521,402769,402773,4,248
402521,402771,402774,3,250
402521,402772,402774,2,251
402521,402771,402775,4,250
402521,402771,402774,3,250
402521,402772,402775,3,251
402521,402769,402775,6,248
402521,402771,402776,5,250
402521,402773,402777,4,252
402521,402774,402777,3,253
402521,402773,402777,4,252
402521,402774,402777,3,253
402521,402773,402779,6,252
402521,402774,402780,6,253
402566,402779,402781,2,213
402566,402778,402781,3,212
402566,402780,402782,2,214
402521,402775,402782,7,254
402566,402778,402782,4,212
402566,402781,402783,2,215
402521,402775,402784,9,254
402521,402706,402784,78,185
402566,402782,402783,1,216
402566,402781,402784,3,215
402521,402775,402785,10,254
402521,402776,402786,10,255
402521,402775,402786,11,254
402566,402782,402789,7,216
402521,402777,402790,13,256
402520,402613,402795,182,93
402566,402795,402807,12,229
402566,402790,402811,21,224
402566,402808,402819,11,242
402521,402706,402819,113,185
402566,402783,402824,41,217
402566,402812,402826,14,246
402521,402707,402827,120,186
402521,402705,402831,126,184
402566,402819,402831,12,253
402566,402819,402833,14,253
402566,402785,402836,51,219
402566,402824,402838,14,258
402521,402703,402842,139,182
402566,402833,402846,13,267
402566,402832,402847,15,266
402566,402789,402847,58,223
402566,402831,402847,16,265
402566,402847,402849,2,281
402566,402842,402848,6,276
402566,402847,402849,2,281
402566,402836,402849,13,270
402566,402846,402850,4,280
402566,402847,402850,3,281
402566,402838,402851,13,272
402566,402849,402851,2,283
402566,402849,402851,2,283
402566,402826,402851,25,260
402566,402849,402853,4,283
402566,402851,402854,3,285
402566,402851,402855,4,285
402566,402849,402855,6,283
402566,402851,402856,5,285
402566,402852,402856,4,286
402566,402850,402856,6,284
402566,402851,402856,5,285
402566,402854,402858,4,288
402566,402856,402858,2,290
402566,402855,402859,4,289
402566,402827,402859,32,261
402566,402853,402860,7,287
402566,402858,402860,2,292
402566,402783,402860,77,217
402566,402859,402861,2,293
402566,402857,402861,4,291
402566,402859,402861,2,293
402566,402857,402860,3,291
402566,402857,402861,4,291
402566,402860,402863,3,294
402566,402858,402863,5,292
402566,402855,402863,8,289
402566,402860,402864,4,294
402771,402862,402864,2,91
402566,402861,402865,4,295
402771,402862,402864,2,91
402771,402863,402864,1,92
402771,402863,402865,2,92
402771,402863,402865,2,92
402566,402861,402865,4,295
402566,402861,402867,6,295
402771,402864,402866,2,93
402771,402864,402867,3,93
402566,402787,402872,85,221
402771,402865,402875,10,94
402771,402865,402878,13,94
402771,402878,402883,5,107
402771,402883,402886,3,112
401485,401658,402887,1229,173
402771,402876,402889,13,105
402771,402886,402889,3,115
402566,402784,402890,106,218
402771,402887,402893,6,116
402771,402865,402895,30,94
402771,402889,402896,7,118
402771,402893,402897,4,122
402771,402890,402900,10,119
402771,402896,402900,4,125
402771,402895,402902,7,124
402771,402897,402902,5,126
402566,402786,402903,117,220
402521,402704,402906,202,183
402771,402890,402906,16,119
402771,402902,402908,6,131
402771,402902,402909,7,131
402771,402900,402909,9,129
402566,402784,402911,127,218
402771,402903,402911,8,132
402771,402901,402912,11,130
402771,402908,402914,6,137
402771,402866,402913,47,95
402771,402911,402915,4,140
402771,402909,402915,6,138
402771,402911,402916,5,140
402771,402906,402916,10,135
402771,402912,402916,4,141
402771,402909,402917,8,138
402771,402915,402917,2,144
402771,402915,402917,2,144
402771,402914,402917,3,143
402771,402907,402918,11,136
402771,402914,402918,4,143
402771,402916,402918,2,145
402771,402917,402919,2,146
402771,402918,402920,2,147
402771,402917,402920,3,146
402771,402918,402920,2,147
402771,402918,402920,2,147
402771,402916,402920,4,145
402771,402917,402920,3,146
401493,401762,402921,1159,269
402771,402916,402921,5,145
402771,402917,402922,5,146
402771,402920,402922,2,149
402771,402919,402922,3,148
402771,402920,402924,4,149
402773,402922,402924,2,149
402773,402922,402925,3,149
402771,402920,402925,5,149
402771,402920,402925,5,149
402773,402922,402925,3,149
402521,402704,402927,223,183
402773,402924,402927,3,151
402771,402921,402927,6,150
402773,402925,402927,2,152
402771,402872,402928,56,101
402521,402703,402928,225,182
402771,402920,402929,9,149
402773,402925,402928,3,152
402773,402925,402928,3,152
402771,402920,402929,9,149
402566,402784,402937,153,218
402773,402928,402942,14,155
402773,402925,402943,18,152
401486,401720,402948,1228,234
402773,402930,402948,18,157
402773,402937,402949,12,164
402773,402928,402953,25,155
402773,402943,402953,10,170
402773,402942,402956,14,169
402773,402948,402961,13,175
402773,402948,402962,14,175
402773,402949,402971,22,176
402773,402956,402972,16,183
402773,402953,402980,27,180
402771,402867,402980,113,96
402773,402961,402980,19,188
402773,402963,402981,18,190
402773,402981,402983,2,208
402773,402971,402985,14,198
402773,402983,402986,3,210
402773,402985,402987,2,212
402773,402972,402987,15,199
402773,402980,402987,7,207
402773,402986,402989,3,213
402773,402987,402990,3,214
402773,402987,402990,3,214
402773,402980,402991,11,207
402773,402989,402992,3,216
402773,402987,402992,5,214
402773,402990,402992,2,217
402773,402980,402993,13,207
402773,402990,402995,5,217
402773,402991,402996,5,218
402773,402992,402997,5,219
402771,402869,402997,128,98
402773,402993,402998,5,220
402773,402995,403001,6,222
402773,402992,403002,10,219
402773,402992,403003,11,219
402773,402996,403004,8,223
402773,403002,403004,2,229
402773,402953,403004,51,180
402773,402998,403004,6,225
402773,403001,403005,4,228
402773,402929,403006,77,156
402773,402997,403006,9,224
402773,402997,403007,10,224
402773,403003,403007,4,230
401517,401849,403009,1160,332
402888,403009,403010,1,121
402888,403007,403010,3,119
402888,403009,403011,2,121
402888,403010,403013,3,122
402773,403004,403013,9,231
402773,403004,403013,9,231
402773,403005,403013,8,232
402773,403006,403013,7,233
402888,403010,403012,2,122
402773,403005,403013,8,232
402888,403011,403014,3,123
402773,403004,403014,10,231
402566,402784,403014,230,218
402888,403013,403017,4,125
401498,401807,403022,1215,309
402771,402865,403031,166,94
402888,403022,403039,17,134
402888,403013,403047,34,125
402888,403017,403051,34,129
402888,403039,403051,12,151
402773,402927,403052,125,154
402888,403031,403056,25,143
402888,403047,403060,13,159
402773,402929,403060,131,156
402771,402867,403062,195,96
402888,403052,403062,10,164
402888,403051,403064,13,163
402888,403056,403065,9,168
402888,403051,403070,19,163
402888,403060,403072,12,172
402888,403060,403072,12,172
402888,403062,403078,16,174
402888,403062,403078,16,174
402888,403064,403079,15,176
402888,403065,403080,15,177
402888,403078,403081,3,190
402888,403079,403082,3,191
402773,402929,403084,155,156
402888,403081,403085,4,193
402888,403082,403086,4,194
402888,403015,403086,71,127
402771,402865,403086,221,94
402888,403081,403087,6,193
402888,403072,403088,16,184
402888,403085,403089,4,197
402888,403070,403090,20,182
402888,403072,403089,17,184
402888,403087,403091,4,199
402888,403086,403091,5,198
402888,403084,403090,6,196
402888,403088,403090,2,200
402888,403086,403092,6,198
402888,403089,403093,4,201
402888,403090,403093,3,202
402888,403088,403092,4,200
402888,403090,403092,2,202
402888,403078,403095,17,190
402888,403091,403095,4,203
402888,403091,403096,5,203
402888,403091,403096,5,203
402888,403091,403096,5,203
402888,403093,403097,4,205
402888,403093,403097,4,205
402773,402927,403100,173,154
402888,403093,403100,7,205
402921,403098,403100,2,177
402921,403100,403102,2,179
402921,403100,403102,2,179
402888,403093,403101,8,205
402921,403100,403102,2,179
402888,403093,403102,9,205
402888,403095,403104,9,207
402921,403102,403104,2,181
402888,403096,403105,9,208
402888,403095,403104,9,207
402888,403096,403105,9,208
402888,403096,403106,10,208
402921,403102,403110,8,181
402921,403102,403111,9,181
402888,403013,403136,123,125
401699,402213,403138,925,514
402888,403013,403138,125,125
402921,403105,403140,35,184
402921,403102,403142,40,181
402921,403139,403146,7,218
402773,402927,403148,221,154
402921,403138,403149,11,217
402921,403140,403149,9,219
402921,403110,403149,39,189
402921,403150,403157,7,229
402773,402927,403159,232,154
402921,403150,403159,9,229
402921,403105,403161,56,184
402921,403142,403161,19,221
402773,402925,403161,236,152
402921,403149,403166,17,228
402921,403161,403168,7,240
402921,403157,403170,13,236
402888,403013,403170,157,125
402921,403166,403171,5,245
402921,403161,403172,11,240
402921,403111,403173,62,190
402921,403136,403173,37,215
402921,403161,403174,13,240
402921,403159,403176,17,238
402921,403171,403176,5,250
402921,403172,403176,4,251
402921,403174,403177,3,253
402921,403148,403177,29,227
402921,403170,403176,6,249
402921,403173,403178,5,252
402921,403168,403178,10,247
402921,403159,403179,20,238
402921,403173,403180,7,252
402921,403176,403180,4,255
402921,403146,403180,34,225
402921,403176,403180,4,255
402921,403180,403182,2,259
402921,403106,403182,76,185
402921,403177,403182,5,256
402921,403180,403182,2,259
402921,403176,403183,7,255
402921,403178,403182,4,257
402921,403180,403183,3,259
402921,403177,403184,7,256
402921,403181,403184,3,260
402921,403179,403185,6,258
402921,403178,403185,7,257
402921,403182,403185,3,261
402921,403177,403186,9,256
402921,403170,403186,16,249
402949,403185,403187,2,236
402949,403185,403187,2,236
402921,403182,403188,6,261
402949,403186,403188,2,237
402921,403105,403188,83,184
401543,401950,403188,1238,407
402921,403182,403188,6,261
402949,403187,403189,2,238
402949,403186,403188,2,237
402921,403182,403189,7,261
402949,403187,403188,1,238
402921,403183,403190,7,262
402921,403183,403190,7,262
402949,403188,403191,3,239
402921,403184,403191,7,263
402921,403184,403191,7,263
402888,403013,403190,177,125
402888,403014,403192,178,126
401709,402276,403191,915,567
402921,403183,403193,10,262
402921,403104,403193,89,183
402949,403191,403196,5,242
402949,403191,403199,8,242
402949,403191,403200,9,242
402949,403196,403201,5,247
402949,403192,403204,12,243
402949,403200,403205,5,251
402949,403191,403209,18,242
402921,403104,403211,107,183
402949,403192,403212,20,243
402949,403201,403213,12,252
402921,403103,403215,112,182
402888,403013,403216,203,125
402949,403189,403218,29,240
402949,403193,403218,25,244
402949,403202,403218,16,253
402949,403205,403220,15,256
402888,403014,403219,205,126
402949,403204,403221,17,255
402949,403220,403224,4,271
402949,403218,403224,6,269
402949,403221,403224,3,272
402949,403218,403224,6,269
402949,403220,403225,5,271
402949,403215,403226,11,266
402949,403211,403226,15,262
402949,403209,403226,17,260
402949,403224,403227,3,275
402949,403224,403227,3,275
402949,403224,403227,3,275
402949,403218,403227,9,269
402949,403224,403227,3,275
402949,403213,403227,14,264
402949,403225,403229,4,276
402949,403226,403229,3,277
402949,403212,403229,17,263
402949,403226,403230,4,277
402949,403227,403231,4,278
402949,403216,403231,15,267
402949,403227,403230,3,278
402949,403226,403232,6,277
402949,403228,403231,3,279
402949,403227,403232,5,278
402949,403228,403233,5,279
402949,403229,403233,4,280
403010,403232,403234,2,222
403010,403232,403235,3,222
403010,403233,403236,3,223
402949,403229,403235,6,280
403010,403233,403235,2,223
402949,403228,403236,8,279
402949,403229,403237,8,280
403010,403235,403237,2,225
402949,403193,403237,44,244
403010,403234,403236,2,224
402949,403230,403238,8,281
402949,403231,403238,7,282
402949,403231,403237,6,282
403010,403236,403238,2,226
401559,402022,403238,1216,463
402949,403231,403239,8,282
402949,403189,403243,54,240
403010,403240,403243,3,230
403010,403238,403243,5,228
403010,403236,403244,8,226
403010,403243,403247,4,233
402949,403190,403256,66,241
402949,403190,403258,68,241
403010,403244,403259,15,234
403010,403247,403258,11,237
403010,403238,403260,22,228
403010,403238,403260,22,228
403010,403236,403263,27,226
403010,403258,403264,6,248
402949,403188,403264,76,239
403010,403259,403266,7,249
403010,403256,403266,10,246
401565,402077,403267,1190,512
403010,403259,403268,9,249
403010,403238,403270,32,228
403010,403243,403271,28,233
403010,403243,403272,29,233
403010,403266,403273,7,256
403010,403264,403273,9,254
403010,403264,403273,9,254
403010,403270,403274,4,260
403010,403267,403274,7,257
403010,403268,403274,6,258
403010,403266,403275,9,256
403010,403272,403276,4,262
403010,403272,403276,4,262
403010,403273,403278,5,263
403010,403274,403279,5,264
403010,403274,403279,5,264
403010,403273,403279,6,263
403010,403274,403279,5,264
403010,403273,403280,7,263
403010,403275,403280,5,265
403010,403263,403280,17,253
403010,403277,403280,3,267
403010,403276,403281,5,266
403010,403278,403280,2,268
403010,403279,403282,3,269
403010,403279,403281,2,269
403010,403280,403282,2,270
403010,403260,403282,22,250
403010,403260,403284,24,250
403010,403281,403284,3,271
403010,403279,403284,5,269
403010,403280,403284,4,270
403010,403281,403285,4,271
403010,403282,403284,2,272
403023,403284,403286,2,261
403023,403284,403286,2,261
403010,403282,403286,4,272
403010,403279,403285,6,269
403023,403284,403286,2,261
403010,403238,403287,49,228
403023,403285,403287,2,262
403023,403285,403287,2,262
403010,403280,403287,7,270
403010,403282,403286,4,272
403023,403284,403286,2,261
403023,403286,403287,1,263
403010,403280,403289,9,270
403023,403286,403297,11,263
403023,403289,403301,12,266
403010,403237,403304,67,227
403023,403297,403305,8,274
402949,403189,403309,120,240
403023,403301,403312,11,278
403023,403289,403314,25,266
403023,403314,403321,7,291
402949,403188,403321,133,239
403023,403287,403321,34,264
403023,403287,403325,38,264
403023,403321,403326,5,298
403023,403323,403326,3,300
403023,403312,403326,14,289
403023,403321,403327,6,298
403010,403237,403328,91,227
403023,403325,403331,6,302
403023,403327,403334,7,304
403023,403328,403335,7,305
403023,403327,403338,11,304
403023,403335,403338,3,312
403023,403334,403339,5,311
403023,403338,403341,3,315
403023,403326,403341,15,303
403023,403326,403342,16,303
403023,403339,403343,4,316
403023,403331,403343,12,308
403023,403339,403344,5,316
403023,403341,403344,3,318
403023,403343,403345,2,320
403010,403237,403345,108,227
403023,403287,403346,59,264
403023,403341,403346,5,318
403023,403345,403348,3,322
403023,403309,403349,40,286
403023,403344,403349,5,321
403023,403346,403350,4,323
403023,403344,403350,6,321
403023,403349,403351,2,326
403023,403346,403351,5,323
403023,403342,403350,8,319
403023,403348,403352,4,325
403023,403350,403351,1,327
403023,403347,403352,5,324
403023,403343,403353,10,320
403023,403349,403354,5,326
403023,403351,403355,4,328
403023,403351,403356,5,328
403023,403350,403355,5,327
403139,403355,403357,2,216
403023,403352,403358,6,329
403139,403356,403358,2,217
403023,403352,403358,6,329
403139,403356,403358,2,217
403139,403357,403358,1,218
403139,403358,403360,2,219
403139,403358,403360,2,219
403023,403353,403362,9,330
403023,403351,403362,11,328
403023,403353,403363,10,330
403139,403358,403363,5,219
403023,403304,403364,60,281
401585,402168,403367,1199,583
403139,403360,403374,14,221
403139,403360,403374,14,221
403010,403236,403374,138,226
403139,403359,403376,17,220
403023,403286,403377,91,263
403139,403367,403377,10,228
403139,403359,403378,19,220
403139,403362,403378,16,223
403139,403364,403382,18,225
403139,403376,403383,7,237
403139,403374,403386,12,235
403139,403374,403386,12,235
402949,403188,403386,198,239
403139,403382,403387,5,243
403139,403362,403388,26,223
403139,403383,403389,6,244
402949,403189,403390,201,240
403010,403237,403389,152,227
403139,403378,403390,12,239
403139,403374,403391,17,235
403139,403378,403395,17,239
403139,403390,403397,7,251
403023,403305,403398,93,282
403139,403386,403399,13,247
403139,403398,403401,3,259
403139,403390,403401,11,251
403139,403391,403402,11,252
403139,403399,403402,3,260
403139,403388,403403,15,249
401801,402527,403404,877,726
403139,403389,403403,14,250
403139,403391,403405,14,252
403139,403402,403405,3,263
403139,403386,403405,19,247
403139,403397,403406,9,258
403139,403401,403405,4,262
403139,403377,403407,30,238
403139,403395,403407,12,256
403139,403401,403406,5,262
403139,403405,403408,3,266
403139,403402,403408,6,263
403139,403405,403408,3,266
403139,403389,403407,18,250
403139,403377,403409,32,238
403139,403403,403409,6,264
403139,403406,403408,2,267
403139,403407,403409,2,268
403139,403406,403410,4,267
403139,403405,403410,5,266
403139,403363,403410,47,224
403139,403407,403411,4,268
403139,403408,403411,3,269
403139,403408,403411,3,269
403139,403408,403411,3,269
403139,403404,403412,8,265
403189,403411,403413,2,222
403139,403386,403414,28,247
403189,403412,403416,4,223
403139,403363,403416,53,224
403139,403408,403416,8,269
403139,403408,403417,9,269
402949,403188,403417,229,239
403139,403409,403417,8,270
403139,403409,403418,9,270
403189,403412,403419,7,223
403139,403409,403419,10,270
403189,403411,403418,7,222
403189,403412,403419,7,223
403189,403410,403418,8,221
403189,403413,403420,7,224
403139,403409,403419,10,270
403189,403419,403423,4,230
403189,403419,403427,8,230
403139,403404,403428,24,265
403189,403420,403430,10,231
403189,403420,403431,11,231
403189,403427,403432,5,238
403189,403428,403431,3,239
403189,403423,403434,11,234
403023,403287,403435,148,264
403189,403413,403436,23,224
403189,403416,403436,20,227
403189,403432,403436,4,243
403189,403432,403436,4,243
403189,403430,403437,7,241
403189,403414,403437,23,225
403189,403434,403437,3,245
403189,403419,403438,19,230
403189,403416,403439,23,227
403189,403419,403438,19,230
403189,403437,403440,3,248
403189,403435,403441,6,246
403189,403420,403442,22,231
403189,403436,403442,6,247
403189,403437,403442,5,248
403189,403439,403443,4,250
403189,403436,403443,7,247
403189,403431,403444,13,242
403189,403418,403444,26,229
403189,403437,403444,7,248
403189,403439,403443,4,250
403189,403436,403445,9,247
403189,403436,403446,10,247
403189,403438,403446,8,249
403189,403441,403447,6,252
403189,403440,403447,7,251
403189,403446,403448,2,257
403189,403444,403447,3,255
403189,403444,403448,4,255
403189,403445,403449,4,256
403189,403445,403449,4,256
403189,403443,403449,6,254
403189,403442,403450,8,253
403189,403442,403450,8,253
403189,403443,403449,6,254
403189,403447,403450,3,258
403189,403447,403450,3,258
403189,403444,403451,7,255
403189,403442,403451,9,253
403189,403447,403451,4,258
403189,403449,403453,4,260
403023,403287,403453,166,264
403193,403450,403453,3,257
403193,403450,403454,4,257
403193,403451,403454,3,258
403023,403286,403454,168,263
403193,403450,403453,3,257
403193,403451,403454,3,258
403189,403449,403455,6,260
403193,403451,403454,3,258
403193,403452,403456,4,259
403189,403448,403457,9,259
403023,403286,403458,172,263
403189,403449,403458,9,260
403189,403448,403458,10,259
403189,403450,403457,7,261
403189,403418,403458,40,229
403189,403417,403461,44,228
403193,403457,403462,5,264
403193,403454,403468,14,261
403193,403458,403468,10,265
403193,403458,403470,12,265
403193,403456,403470,14,263
403023,403287,403472,185,264
403193,403462,403472,10,269
403193,403454,403472,18,261
403193,403458,403473,15,265
403193,403461,403477,16,268
403193,403454,403477,23,261
403193,403468,403478,10,275
403193,403458,403478,20,265
403193,403468,403479,11,275
403193,403455,403481,26,262
403193,403479,403482,3,286
403193,403470,403482,12,277
403193,403478,403483,5,285
403193,403472,403483,11,279
403193,403472,403483,11,279
403193,403481,403484,3,288
403193,403477,403484,7,284
403193,403483,403485,2,290
403193,403483,403486,3,290
403193,403472,403486,14,279
403193,403473,403487,14,280
403193,403483,403487,4,290
403193,403453,403488,35,260
403193,403458,403487,29,265
403193,403482,403488,6,289
403193,403483,403489,6,290
403193,403470,403489,19,277
403193,403484,403490,6,291
403193,403488,403492,4,295
403193,403489,403492,3,296
403193,403488,403492,4,295
403193,403484,403492,8,291
403193,403478,403492,14,285
403193,403487,403492,5,294
403193,403478,403493,15,285
403193,403489,403492,3,296
403193,403485,403493,8,292
403193,403492,403494,2,299
403193,403492,403493,1,299
403193,403492,403494,2,299
403193,403491,403495,4,298
403193,403486,403495,9,293
403193,403487,403494,7,294
403193,403488,403495,7,295
403193,403487,403495,8,294
403193,403492,403494,2,299
403239,403495,403496,1,256
403239,403494,403495,1,255
403193,403492,403497,5,299
403239,403494,403496,2,255
403239,403494,403497,3,255
403193,403492,403496,4,299
403239,403495,403497,2,256
403189,403416,403497,81,227
403239,403495,403498,3,256
403239,403495,403499,4,256
403193,403453,403506,53,260
403239,403497,403506,9,258
403189,403417,403509,92,228
403239,403495,403511,16,256
403239,403498,403512,14,259
403193,403456,403513,57,263
403239,403495,403513,18,256
403239,403495,403514,19,256
403239,403496,403516,20,257
403239,403497,403517,20,258
403239,403513,403518,5,274
403239,403514,403518,4,275
403239,403516,403519,3,277
403239,403495,403519,24,256
403193,403455,403519,64,262
403239,403518,403520,2,279
403239,403512,403521,9,273
403239,403517,403520,3,278
403239,403513,403522,9,274
403239,403497,403522,25,258
403239,403518,403524,6,279
401810,402604,403524,920,794
403239,403519,403523,4,280
403239,403519,403525,6,280
403239,403520,403525,5,281
403239,403521,403525,4,282
403239,403521,403524,3,282
403239,403524,403526,2,285
403239,403519,403526,7,280
403239,403497,403527,30,258
403239,403524,403528,4,285
403239,403525,403528,3,286
403239,403525,403528,3,286
403239,403525,403528,3,286
403239,403522,403529,7,283
403239,403499,403528,29,260
403239,403497,403530,33,258
403239,403525,403530,5,286
403239,403524,403529,5,285
403239,403526,403531,5,287
403239,403528,403531,3,289
403239,403527,403531,4,288
403239,403528,403532,4,289
403239,403528,403532,4,289
403239,403528,403531,3,289
403239,403529,403531,2,290
403239,403529,403532,3,290
403239,403530,403533,3,291
403239,403523,403533,10,284
403239,403526,403534,8,287
403268,403532,403534,2,264
403239,403531,403534,3,292
403268,403532,403534,2,264
403239,403531,403535,4,292
403268,403534,403536,2,266
403239,403506,403536,30,267
403268,403533,403536,3,265
403268,403534,403536,2,266
403268,403533,403536,3,265
403239,403530,403537,7,291
403268,403534,403538,4,266
403239,403532,403537,5,293
403193,403455,403537,82,262
403239,403509,403540,31,270
403239,403531,403542,11,292
403239,403530,403543,13,291
403239,403496,403543,47,257
403239,403511,403544,33,272
403239,403506,403544,38,267
403268,403538,403550,12,270
403268,403538,403549,11,270
403268,403538,403550,12,270
403268,403536,403550,14,268
403268,403535,403551,16,267
401717,402362,403551,1189,645
403268,403550,403553,3,282
403268,403536,403553,17,268
403268,403536,403554,18,268
403268,403551,403554,3,283
403268,403551,403554,3,283
403268,403550,403555,5,282
403268,403550,403554,4,282
403268,403534,403556,22,266
403268,403553,403557,4,285
403268,403556,403558,2,288
403268,403543,403559,16,275
403268,403555,403559,4,287
403268,403555,403559,4,287
403268,403554,403560,6,286
403268,403537,403560,23,269
403268,403553,403559,6,285
403268,403554,403561,7,286
403268,403543,403561,18,275
403268,403554,403561,7,286
403268,403541,403560,19,273
403268,403557,403560,3,289
403268,403559,403562,3,291
403268,403560,403563,3,292
403268,403559,403562,3,291
403268,403560,403563,3,292
403268,403560,403563,3,292
403268,403550,403564,14,282
403268,403561,403565,4,293
403268,403561,403565,4,293
403268,403544,403565,21,276
403268,403562,403565,3,294
403268,403559,403566,7,291
403268,403561,403566,5,293
403268,403558,403565,7,290
403268,403563,403567,4,295
403268,403562,403567,5,294
403268,403561,403567,6,293
403193,403453,403567,114,260
403268,403563,403567,4,295
403268,403564,403568,4,296
403268,403566,403568,2,298
403268,403565,403567,2,297
403268,403563,403569,6,295
403268,403563,403569,6,295
403368,403567,403568,1,199
403368,403568,403570,2,200
403368,403567,403569,2,199
403268,403566,403570,4,298
403368,403567,403570,3,199
403268,403536,403571,35,268
403268,403542,403571,29,274
403268,403544,403571,27,276
403268,403565,403572,7,297
403268,403565,403572,7,297
403368,403568,403572,4,200
403368,403568,403572,4,200
403368,403568,403574,6,200
403268,403565,403574,9,297
403368,403571,403576,5,203
403368,403571,403578,7,203
403239,403497,403578,81,258
403368,403572,403581,9,204
403368,403572,403583,11,204
403368,403569,403583,14,201
403368,403569,403583,14,201
403368,403569,403585,16,201
403368,403572,403586,14,204
403368,403570,403585,15,202
403368,403570,403587,17,202
403368,403585,403589,4,217
403368,403589,403592,3,221
403268,403536,403592,56,268
403368,403570,403593,23,202
403368,403587,403593,6,219
403368,403583,403595,12,215
403368,403586,403595,9,218
403368,403586,403595,9,218
403368,403583,403596,13,215
403368,403592,403596,4,224
403368,403574,403596,22,206
403368,403593,403597,4,225
403368,403583,403598,15,215
403368,403571,403598,27,203
403368,403595,403598,3,227
403368,403595,403598,3,227
403368,403574,403598,24,206
403368,403595,403599,4,227
403368,403581,403598,17,213
403368,403593,403598,5,225
403368,403579,403600,21,211
403368,403596,403599,3,228
403368,403598,403601,3,230
403368,403597,403601,4,229
403368,403578,403600,22,210
403368,403596,403600,4,228
403368,403598,403602,4,230
403368,403599,403602,3,231
403368,403598,403601,3,230
403368,403599,403602,3,231
403368,403598,403601,3,230
403368,403596,403602,6,228
403368,403599,403602,3,231
403368,403599,403602,3,231
403368,403601,403604,3,233
403368,403600,403604,4,232
403368,403602,403604,2,234
403368,403602,403604,2,234
403368,403592,403603,11,224
403368,403601,403605,4,233
403368,403602,403604,2,234
403405,403604,403605,1,199
403405,403603,403605,2,198
403405,403603,403606,3,198
403368,403601,403606,5,233
403405,403602,403605,3,197
403405,403604,403606,2,199
403368,403601,403606,5,233
403368,403600,403607,7,232
403405,403604,403606,2,199
403405,403604,403608,4,199
403268,403536,403609,73,268
403405,403607,403617,10,202
403405,403609,403618,9,204
403405,403609,403617,8,204
403368,403575,403619,44,207
403405,403606,403622,16,201
403405,403604,403626,22,199
403368,403576,403632,56,208
402520,402696,403633,937,176
403405,403617,403634,17,212
403405,403633,403636,3,228
403405,403607,403637,30,202
403405,403622,403636,14,217
401740,402458,403638,1180,718
403405,403619,403638,19,214
403405,403634,403638,4,229
403405,403636,403639,3,231
403405,403632,403640,8,227
403405,403626,403640,14,221
403405,403637,403641,4,232
403405,403637,403641,4,232
403405,403638,403642,4,233
403405,403618,403644,26,213
403405,403642,403645,3,237
403405,403640,403645,5,235
403405,403638,403645,7,233
403405,403618,403646,28,213
403405,403639,403646,7,234
403405,403640,403647,7,235
403405,403638,403648,10,233
403405,403646,403648,2,241
403405,403642,403649,7,237
403405,403645,403649,4,240
403405,403645,403650,5,240
403405,403647,403649,2,242
403405,403648,403650,2,243
403405,403644,403649,5,239
403405,403645,403649,4,240
403405,403648,403650,2,243
403405,403641,403652,11,236
403405,403648,403653,5,243
403368,403570,403657,87,202
403405,403604,403658,54,199
403405,403649,403658,9,244
403405,403652,403660,8,247
403405,403649,403661,12,244
403405,403650,403661,11,245
403368,403570,403662,92,202
403405,403653,403662,9,248
403405,403650,403663,13,245
403405,403606,403663,57,201
403405,403658,403663,5,253
403405,403657,403663,6,252
403405,403650,403663,13,245
403524,403660,403664,4,136
403524,403661,403664,3,137
403524,403661,403664,3,137
403405,403650,403663,13,245
403524,403663,403665,2,139
403405,403650,403664,14,245
403405,403650,403664,14,245
403524,403663,403664,1,139
403524,403662,403665,3,138
403524,403663,403667,4,139
403405,403605,403670,65,200
403524,403671,403675,4,147
403524,403667,403680,13,143
403524,403675,403686,11,151
403405,403606,403687,81,201
403524,403663,403691,28,139
403524,403680,403691,11,156
403524,403686,403694,8,162
403524,403687,403697,10,163
403524,403666,403702,36,142
403524,403691,403702,11,167
403524,403691,403706,15,167
403405,403606,403708,102,201
403524,403697,403708,11,173
403524,403702,403709,7,178
403524,403702,403710,8,178
403524,403694,403711,17,170
403405,403605,403711,106,200
403524,403709,403712,3,185
403524,403708,403713,5,184
403524,403711,403713,2,187
403524,403710,403714,4,186
403524,403711,403714,3,187
403524,403706,403714,8,182
403524,403665,403716,51,141
403524,403708,403717,9,184
403524,403714,403717,3,190
403405,403606,403717,111,201
403524,403713,403716,3,189
403524,403717,403720,3,193
403524,403712,403721,9,188
403524,403714,403721,7,190
403524,403716,403721,5,192
403524,403715,403721,6,191
403524,403717,403723,6,193
403524,403721,403723,2,197
403405,403605,403723,118,200
403524,403720,403723,3,196
403524,403721,403724,3,197
403524,403721,403724,3,197
403524,403714,403724,10,190
403524,403718,403724,6,194
403524,403722,403725,3,198
403524,403717,403725,8,193
403524,403723,403726,3,199
403524,403724,403726,2,200
403524,403723,403726,3,199
403524,403723,403726,3,199
403524,403724,403725,1,200
403524,403724,403727,3,200
403524,403724,403726,2,200
403524,403725,403727,2,201
403524,403725,403727,2,201
403524,403725,403728,3,201
403551,403726,403728,2,175
403551,403726,403728,2,175
403551,403726,403728,2,175
403551,403726,403730,4,175
403524,403663,403731,68,139
403524,403664,403735,71,140
403551,403727,403738,11,176
403551,403727,403739,12,176
403551,403728,403740,12,177
403405,403605,403757,152,200
403551,403739,403758,19,188
403524,403664,403759,95,140
403551,403738,403762,24,187
403524,403664,403767,103,140
403551,403759,403768,9,208
403551,403758,403768,10,207
403551,403762,403771,9,211
403524,403665,403774,109,141
403551,403771,403777,6,220
403551,403728,403777,49,177
403551,403757,403780,23,206
403551,403740,403781,41,189
403551,403774,403781,7,223
403524,403664,403782,118,140
403551,403768,403784,16,217
403551,403768,403786,18,217
403551,403778,403786,8,227
403551,403767,403788,21,216
403551,403780,403789,9,229
403551,403781,403790,9,230
403524,403665,403789,124,141
403551,403777,403791,14,226
403551,403735,403792,57,184
403551,403789,403792,3,238
403551,403786,403793,7,235
403524,403665,403793,128,141
403551,403786,403793,7,235
403551,403789,403793,4,238
403551,403792,403795,3,241
403551,403782,403795,13,231
403551,403790,403795,5,239
403551,403792,403795,3,241
403551,403790,403794,4,239
403551,403791,403796,5,240
403551,403782,403796,14,231
403551,403784,403797,13,233
403551,403793,403796,3,242
403551,403793,403796,3,242
403551,403796,403798,2,245
403551,403795,403798,3,244
403551,403795,403799,4,244
403551,403793,403800,7,242
403551,403795,403800,5,244
403551,403796,403800,4,245
403551,403795,403800,5,244
403551,403798,403801,3,247
403551,403800,403802,2,249
403551,403794,403803,9,243
403551,403797,403803,6,246
403551,403798,403803,5,247
403551,403800,403803,3,249
403551,403797,403804,7,246
403551,403799,403803,4,248
403551,403800,403804,4,249
403551,403797,403805,8,246
403551,403800,403805,5,249
403634,403802,403805,3,168
403634,403803,403804,1,169
403634,403803,403805,2,169
403634,403803,403805,2,169
403634,403803,403805,2,169
403634,403804,403806,2,170
403551,403796,403807,11,245
403634,403804,403814,10,170
403551,403728,403837,109,177
403634,403805,403846,41,171
403551,403731,403847,116,180
403634,403805,403850,45,171
403551,403728,403853,125,177
403634,403847,403856,9,213
403634,403805,403856,51,171
403524,403664,403856,192,140
403551,403728,403857,129,177
403634,403846,403858,12,212
403634,403806,403859,53,172
403634,403856,403860,4,222
403634,403806,403861,55,172
403634,403853,403860,7,219
403634,403851,403861,10,217
403634,403858,403863,5,224
403634,403859,403863,4,225
403634,403856,403864,8,222
403634,403857,403864,7,223
403634,403860,403865,5,226
403634,403805,403866,61,171
403634,403863,403866,3,229
403634,403805,403869,64,171
403634,403861,403869,8,227
403634,403856,403870,14,222
403634,403837,403870,33,203
403634,403867,403872,5,233
403634,403804,403872,68,170
403634,403866,403871,5,232
403634,403869,403872,3,235
403634,403863,403872,9,229
403634,403865,403872,7,231
403634,403864,403873,9,230
403634,403861,403873,12,227
403551,403730,403873,143,179
403634,403870,403873,3,236
403634,403872,403875,3,238
403634,403869,403875,6,235
403634,403870,403875,5,236
403634,403864,403875,11,230
403634,403874,403875,1,240
403634,403872,403875,3,238
403634,403861,403874,13,227
403634,403872,403874,2,238
403634,403873,403876,3,239
403634,403872,403876,4,238
403634,403872,403876,4,238
403634,403805,403875,70,171
403634,403875,403877,2,241
403634,403875,403877,2,241
403634,403875,403877,2,241
403634,403875,403877,2,241
403634,403875,403878,3,241
403634,403876,403878,2,242
403634,403875,403878,3,241
403634,403875,403877,2,241
403634,403876,403878,2,242
403634,403873,403877,4,239
403638,403876,403879,3,238
403634,403873,403879,6,239
403634,403875,403878,3,241
403638,403877,403878,1,239
403638,403877,403879,2,239
403634,403872,403879,7,238
403638,403877,403879,2,239
403638,403877,403879,2,239
403638,403878,403880,2,240
403638,403878,403882,4,240
403638,403882,403888,6,244
403638,403881,403894,13,243
403638,403888,403895,7,250
403638,403879,403901,22,241
403638,403879,403903,24,241
403638,403879,403905,26,241
403638,403878,403909,31,240
403638,403879,403911,32,241
403638,403909,403912,3,271
403638,403878,403913,35,240
403638,403894,403913,19,256
403634,403808,403913,105,174
403634,403814,403914,100,180
403638,403905,403916,11,267
403638,403911,403917,6,273
403638,403879,403918,39,241
403638,403913,403919,6,275
403638,403913,403920,7,275
403638,403913,403920,7,275
403638,403914,403920,6,276
403638,403917,403921,4,279
403638,403918,403922,4,280
403638,403879,403922,43,241
403638,403916,403921,5,278
403638,403921,403923,2,283
403638,403919,403924,5,281
403638,403920,403923,3,282
403638,403920,403923,3,282
403638,403920,403925,5,282
403638,403912,403925,13,274
403638,403923,403926,3,285
403638,403922,403926,4,284
403638,403924,403927,3,286
403638,403922,403927,5,284
403638,403878,403927,49,240
403638,403924,403928,4,286
403638,403924,403928,4,286
403638,403923,403928,5,285
403638,403926,403929,3,288
403638,403925,403929,4,287
403638,403903,403929,26,265
403638,403927,403929,2,289
403638,403878,403929,51,240
403638,403925,403929,4,287
403638,403927,403929,2,289
403638,403929,403931,2,291
403638,403928,403930,2,290
403638,403928,403930,2,290
403638,403929,403931,2,291
403638,403929,403932,3,291
403638,403930,403932,2,292
403638,403926,403932,6,288
403638,403928,403933,5,290
403638,403929,403934,5,291
403638,403930,403935,5,292
403638,403895,403937,42,257
403638,403901,403946,45,263
403551,403729,403965,236,178
403638,403879,403976,97,241
402522,402777,403984,1207,255
403985,403985,403986,1,0
403985,403985,403987,2,0
403985,403985,403987,2,0
403985,403985,403987,2,0
403985,403985,403987,2,0
403985,403985,403988,3,0
403985,403985,403992,7,0
403985,403988,403998,10,3
403985,403987,404000,13,2
403985,403987,404001,14,2
403985,403987,404001,14,2
403985,404001,404008,7,16
403985,404000,404008,8,15
403985,403985,404009,24,0
403985,403992,404009,17,7
403985,404001,404012,11,16
403985,404008,404013,5,23
403985,404009,404014,5,24
403985,404012,404014,2,27
403985,403998,404016,18,13
403985,404009,404017,8,24
403985,404008,404017,9,23
403985,404013,404018,5,28
403985,404014,404018,4,29
403985,404016,404020,4,31
403985,404014,404022,8,29
403985,404017,404023,6,32
403985,403985,404023,38,0
403985,404018,404024,6,33
403985,404017,404024,7,32
403985,404018,404026,8,33
403985,404024,404026,2,39
403985,404020,404028,8,35
403985,404023,404029,6,38
403985,404024,404029,5,39
403985,403985,404029,44,0
403985,404026,404030,4,41
403985,404023,404031,8,38
403985,404028,404032,4,43
403985,404029,404032,3,44
403985,404022,404031,9,37
403985,404029,404033,4,44
403985,404032,404034,2,47
403985,403985,404034,49,0
403985,404026,404035,9,41
403985,404030,404035,5,45
403985,404034,404036,2,49
403985,404029,404035,6,44
403985,404033,404037,4,48
403985,404032,404037,5,47
403985,404032,404037,5,47
403985,404034,404038,4,49
403985,404035,404038,3,50
403985,404036,404038,2,51
403985,404031,404037,6,46
403985,404035,404038,3,50
403985,403987,404038,51,2
403985,404037,404039,2,52
402567,402861,404042,1181,294
404042,404042,404044,2,0
404042,404042,404044,2,0
404042,404042,404045,3,0
404042,404042,404045,3,0
404042,404042,404045,3,0
404042,404042,404045,3,0
403638,403879,404046,167,241
404042,404042,404049,7,0
403985,403987,404054,67,2
404042,404045,404057,12,3
404042,404046,404059,13,4
404042,404045,404060,15,3
404042,404060,404068,8,18
404042,404050,404069,19,8
403985,403985,404071,86,0
404042,404045,404073,28,3
404042,404042,404075,33,0
403985,403985,404076,91,0
403985,403985,404079,94,0
403985,403985,404081,96,0
403985,403985,404083,98,0
404042,404075,404084,9,33
404042,404071,404084,13,29
404042,404076,404087,11,34
404042,404068,404087,19,26
404042,404083,404088,5,41
404042,404073,404089,16,31
404042,404079,404089,10,37
404042,404084,404090,6,42
404042,404084,404091,7,42
404042,404069,404091,22,27
404042,404087,404092,5,45
404042,404089,404093,4,47
404042,404090,404092,2,48
404042,404087,404094,7,45
404042,404091,404095,4,49
404042,404088,404096,8,46
404042,404081,404096,15,39
404042,404091,404098,7,49
404042,404089,404099,10,47
404042,404054,404101,47,12
404042,404095,404102,7,53
404042,404096,404102,6,54
404042,404099,404104,5,57
404042,404102,404104,2,60
404042,404097,404105,8,55
404042,404101,404105,4,59
404042,404098,404105,7,56
404042,404042,404106,64,0
404042,404104,404107,3,62
404042,404103,404106,3,61
404042,404104,404107,3,62
404042,404092,404107,15,50
404042,404105,404107,2,63
404042,404105,404107,2,63
404042,404106,404108,2,64
404042,404107,404109,2,65
404042,404106,404108,2,64
404042,404107,404109,2,65
404042,404107,404109,2,65
404042,404107,404110,3,65
404042,404107,404110,3,65
404042,404094,404110,16,52
404042,404094,404113,19,52
404042,404093,404123,30,51
404042,404059,404126,67,17
404042,404042,404135,93,0
402949,403232,404150,918,283
404150,404151,404152,1,1
404150,404151,404153,2,1
404150,404151,404153,2,1
404150,404151,404153,2,1
404042,404057,404153,96,15
404150,404151,404153,2,1
404150,404151,404154,3,1
404150,404151,404157,6,1
404150,404153,404162,9,3
402772,402921,404164,1243,149
404150,404153,404166,13,3
404042,404044,404167,123,2
404150,404153,404167,14,3
404150,404153,404167,14,3
404150,404157,404168,11,7
404150,404153,404169,16,3
404150,404162,404169,7,12
404150,404151,404170,19,1
404150,404167,404171,4,17
404150,404167,404172,5,17
404150,404168,404172,4,18
404150,404167,404172,5,17
404150,404151,404174,23,1
404150,404167,404174,7,17
404150,404151,404175,24,1
404150,404169,404174,5,19
404150,404164,404175,11,14
404150,404154,404176,22,4
404150,404172,404176,4,22
404150,404173,404177,4,23
404150,404174,404177,3,24
404150,404172,404177,5,22
404150,404170,404178,8,20
404150,404175,404178,3,25
404150,404170,404177,7,20
404150,404172,404179,7,22
404150,404175,404180,5,25
404150,404177,404181,4,27
404150,404178,404181,3,28
404150,404177,404180,3,27
404150,404174,404182,8,24
404150,404175,404181,6,25
404150,404181,404183,2,31
404150,404177,404184,7,27
404150,404181,404184,3,31
404150,404181,404184,3,31
404150,404180,404184,4,30
404150,404179,404185,6,29
404150,404182,404185,3,32
404150,404178,404186,8,28
404150,404182,404186,4,32
404150,404178,404186,8,28
404150,404176,404186,10,26
404150,404185,404187,2,35
404150,404151,404188,37,1
404150,404186,404188,2,36
404150,404186,404188,2,36
404150,404153,404188,35,3
404150,404185,404190,5,35
404164,404187,404191,4,23
404150,404184,404191,7,34
404164,404188,404191,3,24
404150,404151,404191,40,1
404150,404176,404191,15,26
404150,404184,404193,9,34
404150,404184,404193,9,34
404164,404186,404193,7,22
404150,404184,404192,8,34
404164,404188,404195,7,24
404164,404188,404195,7,24
404164,404188,404195,7,24
404150,404185,404199,14,35
402774,403006,404202,1196,232
404164,404190,404202,12,26
404164,404195,404204,9,31
404164,404193,404205,12,29
404164,404193,404208,15,29
404164,404195,404210,15,31
404164,404202,404210,8,38
404042,404045,404210,165,3
404164,404204,404212,8,40
404150,404151,404213,62,1
404164,404212,404216,4,48
404164,404206,404217,11,42
404164,404213,404217,4,49
404164,404202,404218,16,38
404164,404195,404218,23,31
404164,404216,404220,4,52
404164,404217,404221,4,53
404164,404210,404221,11,46
404164,404218,404223,5,54
404164,404220,404225,5,56
404164,404221,404226,5,57
404164,404219,404227,8,55
404164,404208,404227,19,44
404164,404218,404228,10,54
404164,404226,404229,3,62
404164,404226,404230,4,62
404164,404224,404230,6,60
404164,404199,404230,31,35
404164,404227,404232,5,63
404164,404221,404232,11,57
404164,404227,404233,6,63
404164,404230,404233,3,66
404164,404232,404235,3,68
404164,404230,404235,5,66
404164,404232,404235,3,68
404164,404210,404234,24,46
404164,404235,404237,2,71
404164,404233,404237,4,69
404164,404210,404238,28,46
404164,404235,404238,3,71
404164,404234,404239,5,70
404164,404235,404239,4,71
404164,404230,404240,10,66
404164,404238,404241,3,74
404164,404228,404241,13,64
404164,404238,404242,4,74
403011,403283,404242,959,272
404164,404239,404242,3,75
404164,404193,404241,48,29
404164,404240,404243,3,76
404164,404240,404243,3,76
404164,404235,404242,7,71
404164,404237,404244,7,73
404164,404238,404244,6,74
404164,404241,404244,3,77
404164,404192,404244,52,28
404202,404242,404244,2,40
404202,404242,404243,1,40
404202,404243,404245,2,41
404202,404242,404245,3,40
404202,404242,404244,2,40
404202,404243,404246,3,41
404164,404229,404246,17,65
404202,404243,404249,6,41
404164,404192,404259,67,28
404202,404246,404260,14,44
404202,404246,404261,15,44
404042,404045,404262,217,3
404164,404192,404262,70,28
404202,404245,404264,19,43
404202,404244,404265,21,42
404202,404244,404268,24,42
404202,404244,404271,27,42
404202,404263,404273,10,61
404202,404264,404273,9,62
404202,404245,404273,28,43
404202,404271,404275,4,69
404202,404273,404277,4,71
404202,404273,404277,4,71
404202,404262,404279,17,60
404202,404245,404280,35,43
404202,404265,404282,17,63
404202,404273,404282,9,71
404202,404244,404283,39,42
404202,404277,404284,7,75
402889,403098,404287,1189,209
404202,404279,404289,10,77
404202,404284,404289,5,82
404202,404284,404290,6,82
404202,404282,404291,9,80
404202,404289,404292,3,87
404202,404282,404292,10,80
404202,404277,404293,16,75
404202,404287,404293,6,85
404202,404289,404293,4,87
404202,404268,404294,26,66
404202,404281,404295,14,79
404202,404292,404295,3,90
404202,404293,404295,2,91
404202,404293,404296,3,91
404202,404293,404296,3,91
404202,404290,404297,7,88
404202,404249,404297,48,47
404202,404294,404298,4,92
404202,404295,404298,3,93
404202,404259,404298,39,57
404202,404291,404299,8,89
404202,404293,404299,6,91
404202,404295,404299,4,93
404202,404295,404299,4,93
404202,404275,404301,26,73
404202,404299,404302,3,97
404202,404299,404302,3,97
404202,404299,404302,3,97
404202,404296,404302,6,94
404202,404296,404302,6,94
404202,404298,404303,5,96
404242,404302,404304,2,60
404202,404297,404304,7,95
404242,404301,404303,2,59
404242,404302,404304,2,60
404242,404302,404304,2,60
404242,404302,404304,2,60
404202,404298,404304,6,96
404242,404302,404304,2,60
404202,404297,404305,8,95
404202,404260,404305,45,58
404202,404298,404305,7,96
404242,404303,404311,8,61
404202,404244,404311,67,42
404202,404261,404316,55,59
404164,404193,404319,126,29
404242,404304,404322,18,62
404242,404316,404322,6,74
404242,404304,404323,19,62
404242,404304,404325,21,62
404242,404319,404325,6,77
404242,404306,404326,20,64
404242,404304,404327,23,62
404242,404304,404327,23,62
404164,404191,404328,137,27
404242,404304,404329,25,62
404242,404305,404330,25,63
404242,404311,404331,20,69
404242,404304,404331,27,62
404242,404327,404331,4,85
404242,404322,404331,9,80
404242,404323,404332,9,81
404242,404327,404331,4,85
404242,404305,404333,28,63
404242,404326,404334,8,84
404242,404325,404334,9,83
404242,404331,404334,3,89
404242,404328,404336,8,86
404242,404330,404336,6,88
404242,404304,404335,31,62
404242,404331,404337,6,89
404242,404332,404337,5,90
404242,404332,404337,5,90
404242,404329,404338,9,87
404242,404333,404338,5,91
404242,404331,404338,7,89
404242,404335,404338,3,93
404242,404336,404339,3,94
404242,404334,404339,5,92
404242,404336,404339,3,94
404242,404323,404339,16,81
404242,404338,404340,2,96
404202,404244,404340,96,42
404242,404338,404342,4,96
404242,404336,404342,6,94
404242,404339,404341,2,97
404242,404338,404341,3,96
404242,404337,404342,5,95
404242,404338,404343,5,96
404242,404339,404342,3,97
404242,404337,404345,8,95
404242,404331,404345,14,89
404242,404343,404345,2,101
404242,404343,404345,2,101
404242,404334,404345,11,92
404242,404339,404346,7,97
404288,404343,404345,2,55
404288,404345,404347,2,57
404242,404311,404347,36,69
404288,404345,404347,2,57
404288,404345,404347,2,57
404288,404345,404347,2,57
404242,404342,404347,5,100
404242,404325,404348,23,83
404288,404345,404347,2,57
404242,404340,404348,8,98
404242,404337,404347,10,95
404242,404342,404349,7,100
402922,403185,404348,1163,263
404242,404342,404348,6,100
404242,404341,404349,8,99
404242,404340,404350,10,98
404288,404346,404351,5,58
404288,404348,404359,11,60
404288,404348,404361,13,60
404288,404351,404363,12,63
404288,404350,404366,16,62
404288,404348,404367,19,60
404288,404359,404367,8,71
404288,404348,404367,19,60
404288,404361,404370,9,73
404288,404367,404373,6,79
404288,404364,404375,11,76
404288,404347,404376,29,59
404164,404191,404376,185,27
404288,404369,404376,7,81
404288,404366,404377,11,78
404288,404347,404377,30,59
404288,404370,404376,6,82
404288,404348,404378,30,60
404288,404367,404378,11,79
404288,404346,404379,33,58
404288,404374,404381,7,86
404288,404375,404381,6,87
404288,404377,404381,4,89
404288,404376,404382,6,88
404288,404376,404382,6,88
404288,404349,404383,34,61
403190,403450,404383,933,260
404288,404377,404382,5,89
404288,404381,404383,2,93
404288,404376,404384,8,88
404288,404382,404384,2,94
404288,404378,404385,7,90
404288,404381,404384,3,93
404288,404382,404384,2,94
404288,404379,404385,6,91
404288,404377,404386,9,89
404288,404381,404385,4,93
404288,404383,404386,3,95
404288,404383,404386,3,95
404288,404383,404386,3,95
404288,404347,404387,40,59
404288,404384,404388,4,96
404288,404378,404388,10,90
404288,404383,404388,5,95
404288,404349,404388,39,61
404288,404384,404392,8,96
404349,404388,404393,5,39
404288,404347,404392,45,59
404288,404386,404393,7,98
404349,404388,404394,6,39
404288,404386,404394,8,98
404349,404389,404394,5,40
404288,404385,404394,9,97
404288,404385,404395,10,97
404288,404385,404395,10,97
404288,404387,404394,7,99
404349,404392,404394,2,43
404349,404393,404395,2,44
404288,404386,404396,10,98
404349,404393,404395,2,44
404349,404393,404397,4,44
404288,404385,404398,13,97
404288,404386,404399,13,98
404288,404386,404401,15,98
404288,404347,404402,55,59
404288,404349,404403,54,61
404349,404401,404404,3,52
404288,404350,404405,55,62
404349,404402,404407,5,53
404349,404395,404407,12,46
404349,404399,404408,9,50
404349,404405,404408,3,56
404349,404396,404409,13,47
404349,404395,404409,14,46
404349,404396,404408,12,47
404349,404407,404410,3,58
404349,404407,404411,4,58
404349,404404,404411,7,55
404349,404408,404412,4,59
404349,404409,404414,5,60
404349,404394,404415,21,45
404349,404408,404415,7,59
404349,404409,404416,7,60
404349,404412,404417,5,63
404349,404412,404418,6,63
404349,404395,404418,23,46
404349,404409,404422,13,60
404349,404415,404422,7,66
404349,404410,404422,12,61
404349,404413,404422,9,64
404349,404416,404421,5,67
404349,404418,404424,6,69
404349,404395,404425,30,46
404349,404422,404425,3,73
404349,404411,404424,13,62
404349,404414,404424,10,65
404349,404422,404426,4,73
404349,404422,404426,4,73
404349,404418,404426,8,69
404349,404397,404427,30,48
404349,404424,404427,3,75
404349,404422,404427,5,73
404349,404415,404428,13,66
404349,404425,404428,3,76
404349,404425,404429,4,76
404349,404394,404429,35,45
404349,404417,404430,13,68
404349,404426,404430,4,77
404349,404394,404430,36,45
404349,404428,404431,3,79
404349,404429,404431,2,80
404349,404425,404431,6,76
404349,404429,404431,2,80
404383,404430,404432,2,47
404383,404430,404432,2,47
404349,404428,404431,3,79
404383,404431,404433,2,48
404383,404431,404433,2,48
404349,404423,404433,10,74
404349,404427,404432,5,78
404349,404395,404434,39,46
404349,404427,404434,7,78
404349,404427,404434,7,78
404349,404425,404434,9,76
404383,404431,404433,2,48
404349,404427,404435,8,78
404383,404432,404434,2,49
404349,404427,404434,7,78
404383,404432,404437,5,49
404349,404398,404442,44,49
404383,404437,404445,8,54
404383,404435,404448,13,52
404383,404435,404449,14,52
404349,404394,404451,57,45
404383,404442,404451,9,59
404383,404435,404453,18,52
404383,404434,404456,22,51
404383,404449,404456,7,66
404383,404445,404456,11,62
404383,404449,404456,7,66
404383,404434,404456,22,51
404383,404451,404457,6,68
404383,404451,404460,9,68
404383,404453,404462,9,70
404383,404456,404463,7,73
404383,404457,404464,7,74
404383,404456,404464,8,73
404383,404456,404465,9,73
404383,404458,404467,9,75
404383,404463,404467,4,80
404383,404456,404468,12,73
404383,404435,404467,32,52
404383,404462,404468,6,79
404383,404464,404468,4,81
404383,404469,404471,2,86
404383,404434,404472,38,51
404383,404432,404472,40,49
404383,404468,404472,4,85
404383,404472,404474,2,89
404383,404472,404473,1,89
404383,404464,404473,9,81
404383,404433,404474,41,50
404383,404460,404475,15,77
404383,404434,404476,42,51
404383,404472,404476,4,89
404383,404472,404476,4,89
404383,404468,404475,7,85
404383,404468,404476,8,85
404383,404474,404477,3,91
404383,404433,404476,43,50
404383,404475,404477,2,92
404383,404432,404478,46,49
404383,404474,404477,3,91
404383,404477,404479,2,94
404383,404474,404478,4,91
404383,404465,404480,15,82
404383,404477,404480,3,94
404383,404467,404480,13,84
404383,404477,404481,4,94
404383,404476,404481,5,93
404383,404475,404482,7,92
404383,404476,404482,6,93
404383,404476,404482,6,93
404383,404476,404483,7,93
404383,404476,404482,6,93
404383,404467,404485,18,84
404383,404434,404485,51,51
404383,404433,404488,55,50
403023,403354,404532,1178,331
404533,404533,404535,2,0
404533,404533,404535,2,0
404533,404533,404536,3,0
404533,404533,404536,3,0
404533,404533,404536,3,0
404533,404533,404536,3,0
404533,404533,404539,6,0
403369,403602,404541,939,233
404533,404536,404543,7,3
404533,404537,404545,8,4
404533,404535,404547,12,2
404533,404535,404547,12,2
404533,404536,404548,12,3
404533,404543,404548,5,10
404533,404536,404550,14,3
404533,404539,404550,11,6
404533,404533,404551,18,0
404533,404545,404551,6,12
404533,404550,404553,3,17
404533,404548,404554,6,15
404533,404548,404555,7,15
404533,404533,404555,22,0
404533,404533,404555,22,0
404533,404547,404557,10,14
404533,404533,404556,23,0
404533,404550,404558,8,17
404533,404547,404558,11,14
404533,404555,404559,4,22
404533,404555,404560,5,22
404533,404555,404560,5,22
404533,404541,404560,19,8
404533,404558,404561,3,25
404533,404533,404562,29,0
404533,404553,404562,9,20
404533,404559,404562,3,26
404533,404561,404563,2,28
404533,404554,404563,9,21
404533,404560,404563,3,27
404533,404562,404564,2,29
404533,404558,404563,5,25
404533,404562,404564,2,29
404533,404557,404564,7,24
404533,404551,404565,14,18
404533,404551,404566,15,18
404533,404560,404566,6,27
404533,404557,404566,9,24
404533,404533,404565,32,0
404533,404560,404566,6,27
404533,404562,404567,5,29
404533,404563,404568,5,30
404533,404563,404568,5,30
404533,404566,404569,3,33
404533,404563,404569,6,30
404533,404566,404569,3,33
404533,404566,404569,3,33
404542,404568,404570,2,26
404542,404567,404569,2,25
404542,404569,404571,2,27
404533,404566,404571,5,33
404542,404569,404571,2,27
404542,404570,404571,1,28
404533,404564,404571,7,31
404533,404533,404572,39,0
404542,404569,404571,2,27
404542,404568,404571,3,26
404533,404564,404572,8,31
404533,404565,404573,8,32
403405,403658,404575,917,253
404533,404564,404576,12,31
404533,404564,404578,14,31
404542,404576,404579,3,34
404533,404533,404582,49,0
404542,404575,404583,8,33
404542,404578,404583,5,36
404542,404570,404587,17,28
404542,404572,404591,19,30
404542,404579,404591,12,37
404542,404583,404598,15,41
404542,404583,404599,16,41
404542,404582,404600,18,40
404542,404572,404601,29,30
404542,404591,404606,15,49
404542,404601,404607,6,59
404542,404573,404607,34,31
404542,404598,404607,9,56
404542,404591,404607,16,49
404542,404587,404608,21,45
404542,404570,404608,38,28
404542,404607,404609,2,65
404542,404607,404610,3,65
404542,404606,404610,4,64
404542,404607,404610,3,65
404542,404608,404611,3,66
404542,404600,404610,10,58
404542,404608,404611,3,66
404542,404609,404612,3,67
404542,404610,404612,2,68
403141,403410,404612,1202,269
404542,404572,404613,41,30
404542,404599,404613,14,57
404542,404571,404612,41,29
404542,404612,404613,1,70
404542,404609,404613,4,67
404542,404610,404613,3,68
404542,404611,404614,3,69
404542,404611,404614,3,69
404542,404611,404615,4,69
404542,404612,404615,3,70
404542,404612,404614,2,70
404542,404610,404616,6,68
404542,404613,404616,3,71
404542,404613,404616,3,71
404542,404613,404616,3,71
404542,404572,404615,43,30
404542,404613,404616,3,71
404542,404614,404618,4,72
404542,404613,404619,6,71
404542,404614,404620,6,72
404542,404615,404620,5,73
404542,404615,404620,5,73
404542,404615,404621,6,73
404576,404619,404622,3,43
404576,404616,404621,5,40
404542,404616,404623,7,74
404542,404613,404623,10,71
404542,404616,404623,7,74
404576,404619,404623,4,43
404576,404620,404624,4,44
404576,404617,404624,7,41
404576,404620,404624,4,44
404542,404616,404624,8,74
404542,404571,404626,55,29
404576,404620,404626,6,44
404576,404626,404634,8,50
404576,404624,404636,12,48
404576,404623,404635,12,47
404576,404626,404637,11,50
404576,404621,404640,19,45
404576,404625,404640,15,49
404576,404623,404641,18,47
404576,404641,404644,3,65
404576,404623,404645,22,47
404576,404622,404645,23,46
404576,404634,404646,12,58
404576,404625,404647,22,49
404576,404647,404651,4,71
404576,404624,404651,27,48
404576,404644,404652,8,68
404576,404651,404653,2,75
404576,404652,404655,3,76
404576,404651,404655,4,75
404576,404645,404656,11,69
404576,404640,404658,18,64
404576,404655,404658,3,79
404576,404653,404658,5,77
404576,404646,404659,13,70
404576,404655,404659,4,79
404576,404658,404660,2,82
404576,404656,404661,5,80
404576,404658,404661,3,82
404576,404645,404662,17,69
404576,404661,404663,2,85
404576,404661,404663,2,85
404576,404660,404664,4,84
404576,404658,404664,6,82
404576,404662,404665,3,86
403524,403726,404666,940,202
404576,404664,404666,2,88
404576,404664,404667,3,88
404576,404663,404667,4,87
404576,404665,404667,2,89
404576,404660,404670,10,84
404542,404571,404670,99,29
404576,404666,404671,5,90
404576,404623,404671,48,47
404576,404659,404671,12,83
404576,404663,404671,8,87
404576,404671,404673,2,95
404576,404671,404673,2,95
404576,404667,404672,5,91
404576,404667,404675,8,91
404613,404673,404674,1,60
403194,403493,404675,1182,299
404613,404673,404675,2,60
404576,404640,404676,36,64
404576,404670,404676,6,94
404576,404671,404676,5,95
404576,404671,404676,5,95
404613,404675,404677,2,62
404576,404671,404676,5,95
404613,404675,404676,1,62
404576,404668,404677,9,92
404576,404668,404677,9,92
404613,404675,404677,2,62
404613,404675,404677,2,62
404576,404636,404678,42,60
404613,404676,404681,5,63
404542,404571,404690,119,29
404576,404622,404694,72,46
404613,404677,404695,18,64
404613,404681,404695,14,68
404613,404690,404697,7,77
404613,404695,404698,3,82
404576,404637,404699,62,61
404613,404695,404700,5,82
404613,404680,404699,19,67
404613,404694,404702,8,81
404613,404676,404705,29,63
404613,404697,404706,9,84
404613,404698,404709,11,85
404613,404700,404710,10,87
404613,404709,404712,3,96
404613,404705,404712,7,92
404576,404636,404713,77,60
404613,404701,404713,12,88
404613,404706,404713,7,93
404613,404710,404712,2,97
404613,404713,404716,3,100
404613,404699,404715,16,86
404613,404702,404718,16,89
404613,404677,404718,41,64
404613,404713,404718,5,100
404613,404712,404721,9,99
404613,404713,404721,8,100
404613,404676,404721,45,63
404613,404713,404721,8,100
404613,404712,404722,10,99
404613,404722,404724,2,109
404613,404678,404724,46,65
404613,404721,404725,4,108
404613,404721,404726,5,108
404613,404724,404726,2,111
404613,404721,404726,5,108
404613,404721,404725,4,108
404613,404724,404726,2,111
404613,404725,404728,3,112
404613,404679,404728,49,66
403239,403532,404730,1198,293
404613,404726,404730,4,113
404613,404718,404730,12,105
404613,404726,404730,4,113
404613,404678,404732,54,65
404613,404726,404733,7,113
404613,404730,404733,3,117
404613,404731,404734,3,118
404613,404726,404733,7,113
404613,404732,404735,3,119
404613,404728,404735,7,115
404667,404733,404734,1,66
404667,404734,404735,1,67
404613,404730,404735,5,117
404613,404728,404736,8,115
404667,404734,404736,2,67
404613,404730,404737,7,117
404667,404735,404737,2,68
404613,404726,404736,10,113
404667,404735,404736,1,68
404613,404678,404738,60,65
404667,404735,404737,2,68
404667,404735,404740,5,68
404613,404716,404741,25,103
404613,404717,404741,24,104
404613,404718,404741,23,105
404613,404718,404745,27,105
403270,403566,404748,1182,296
404613,404676,404751,75,63
404667,404738,404752,14,71
404667,404740,404757,17,73
404667,404738,404758,20,71
404667,404735,404760,25,68
404667,404737,404762,25,70
404542,404571,404763,192,29
404667,404741,404763,22,74
404667,404737,404764,27,70
404667,404760,404766,6,93
404667,404764,404767,3,97
404667,404763,404767,4,96
404667,404762,404768,6,95
404667,404766,404769,3,99
404667,404758,404771,13,91
404667,404768,404771,3,101
404667,404767,404771,4,100
404667,404763,404771,8,96
404667,404767,404771,4,100
404667,404771,404773,2,104
404667,404769,404773,4,102
404667,404737,404774,37,70
404667,404771,404775,4,104
404667,404771,404775,4,104
404667,404736,404776,40,69
404667,404771,404777,6,104
404667,404773,404777,4,106
404667,404772,404778,6,105
404667,404776,404778,2,109
404667,404776,404779,3,109
404667,404777,404779,2,110
404667,404778,404779,1,111
404667,404779,404781,2,112
404667,404773,404781,8,106
404667,404775,404782,7,108
404667,404778,404783,5,111
404667,404780,404785,5,113
404667,404757,404785,28,90
404667,404778,404786,8,111
404667,404774,404786,12,107
404667,404737,404787,50,70
404667,404780,404789,9,113
404667,404736,404789,53,69
404667,404781,404791,10,114
404667,404781,404791,10,114
404667,404786,404790,4,119
404667,404786,404792,6,119
404667,404789,404793,4,122
404676,404791,404794,3,115
404667,404782,404794,12,115
404676,404792,404793,1,116
404676,404791,404793,2,115
404676,404792,404793,1,116
404667,404784,404795,11,117
404667,404787,404795,8,120
404676,404793,404795,2,117
404667,404786,404794,8,119
403634,403876,404797,921,242
404667,404785,404797,12,118
404676,404794,404798,4,118
404676,404794,404797,3,118
404667,404751,404800,49,84
404676,404800,404803,3,124
404667,404752,404805,53,85
404676,404797,404805,8,121
404667,404748,404805,57,81
404667,404745,404807,62,78
404676,404805,404808,3,129
404676,404796,404811,15,120
404676,404807,404811,4,131
404667,404741,404811,70,74
404676,404794,404811,17,118
404676,404809,404813,4,133
404676,404805,404813,8,129
404676,404811,404813,2,135
404676,404811,404814,3,135
404676,404795,404815,20,119
404676,404804,404816,12,128
404676,404811,404816,5,135
404676,404811,404817,6,135
404676,404815,404821,6,139
404676,404817,404821,4,141
404676,404814,404822,8,138
404676,404798,404823,25,122
404676,404798,404824,26,122
404676,404816,404824,8,140
404676,404794,404825,31,118
404676,404816,404825,9,140
404676,404795,404825,30,119
404676,404805,404826,21,129
404676,404794,404827,33,118
404676,404813,404827,14,137
404676,404821,404828,7,145
404676,404825,404829,4,149
404676,404824,404829,5,148
404676,404822,404828,6,146
404676,404822,404831,9,146
404676,404827,404830,3,151
404676,404825,404832,7,149
404676,404823,404831,8,147
404676,404829,404832,3,153
404676,404813,404834,21,137
404667,404742,404834,92,75
404676,404824,404834,10,148
404676,404831,404834,3,155
404676,404813,404833,20,137
404676,404831,404833,2,155
404676,404825,404834,9,149
404676,404827,404835,8,151
404676,404829,404834,5,153
404676,404828,404834,6,152
404676,404829,404834,5,153
404676,404826,404835,9,150
404676,404832,404837,5,156
404676,404834,404837,3,158
404676,404795,404837,42,119
404730,404835,404837,2,105
404730,404835,404837,2,105
404730,404835,404837,2,105
404676,404832,404837,5,156
404730,404835,404837,2,105
404676,404834,404839,5,158
404676,404833,404838,5,157
404676,404834,404839,5,158
404730,404837,404840,3,107
404676,404834,404840,6,158
404676,404834,404840,6,158
404676,404834,404840,6,158
404730,404836,404840,4,106
404730,404837,404842,5,107
404730,404840,404845,5,110
404730,404842,404848,6,112
404730,404837,404850,13,107
404613,404677,404851,174,64
404730,404837,404852,15,107
404730,404840,404853,13,110
404730,404845,404853,8,115
404730,404848,404853,5,118
404730,404851,404855,4,121
404730,404838,404856,18,108
404730,404850,404856,6,120
404730,404839,404859,20,109
404730,404841,404859,18,111
404730,404852,404860,8,122
404730,404840,404860,20,110
404730,404838,404863,25,108
404730,404859,404864,5,129
404730,404853,404863,10,123
404730,404859,404865,6,129
404730,404860,404865,5,130
404730,404860,404866,6,130
404730,404863,404867,4,133
404730,404864,404867,3,134
404730,404838,404867,29,108
404730,404865,404867,2,135
404730,404853,404868,15,123
404730,404865,404868,3,135
404730,404864,404868,4,134
404730,404866,404868,2,136
404730,404867,404869,2,137
404730,404857,404868,11,127
404730,404867,404870,3,137
404730,404867,404869,2,137
404730,404867,404870,3,137
404730,404853,404871,18,123
404730,404856,404872,16,126
404730,404868,404872,4,138
404730,404870,404873,3,140
404730,404870,404873,3,140
404730,404855,404874,19,125
404730,404869,404875,6,139
404730,404868,404875,7,138
404730,404868,404875,7,138
404730,404870,404875,5,140
404730,404871,404875,4,141
404730,404869,404877,8,139
404748,404875,404877,2,127
404730,404840,404878,38,110
404730,404872,404878,6,142
404676,404798,404878,80,122
404730,404868,404878,10,138
404730,404875,404879,4,145
404748,404876,404879,3,128
404730,404873,404879,6,143
404730,404872,404878,6,142
404730,404839,404879,40,109
404730,404873,404879,6,143
404748,404878,404880,2,130
404748,404877,404879,2,129
404748,404878,404880,2,130
404748,404878,404881,3,130
404748,404877,404881,4,129
404730,404875,404881,6,145
404730,404874,404883,9,144
404730,404838,404891,53,108
404748,404891,404894,3,143
404748,404894,404897,3,146
404748,404897,404900,3,149
404748,404878,404901,23,130
404730,404839,404902,63,109
404748,404883,404903,20,135
404748,404900,404904,4,152
404748,404901,404908,7,153
404748,404902,404911,9,154
404748,404904,404913,9,156
404748,404880,404913,33,132
404748,404908,404913,5,160
404748,404903,404913,10,155
404748,404913,404916,3,165
404748,404911,404916,5,163
404748,404915,404917,2,167
404748,404913,404919,6,165
404748,404916,404920,4,168
404748,404913,404921,8,165
404748,404921,404923,2,173
404748,404920,404923,3,172
404748,404916,404925,9,168
404748,404919,404926,7,171
404748,404882,404925,43,134
404748,404923,404925,2,175
404748,404923,404926,3,175
404748,404917,404927,10,169
404748,404926,404928,2,178
404748,404926,404928,2,178
404748,404881,404928,47,133
404748,404926,404929,3,178
404748,404925,404929,4,177
404748,404926,404928,2,178
404748,404927,404930,3,179
404748,404928,404930,2,180
404748,404880,404930,50,132
404748,404928,404930,2,180
404748,404928,404932,4,180
404748,404930,404933,3,182
404748,404929,404933,4,181
404748,404930,404934,4,182
404748,404929,404935,6,181
404748,404930,404936,6,182
404748,404930,404936,6,182
404748,404929,404937,8,181
404748,404934,404937,3,186
404748,404935,404937,2,187
404748,404932,404938,6,184
404748,404933,404938,5,185
404798,404936,404939,3,138
404798,404937,404938,1,139
404798,404937,404938,1,139
404798,404938,404939,1,140
404798,404937,404939,2,139
404798,404938,404940,2,140
404748,404933,404940,7,185
404798,404939,404944,5,141
404748,404880,404955,75,132
404748,404881,404965,84,133
403552,403801,404966,1165,249
404798,404966,404972,6,168
404798,404965,404975,10,167
404798,404972,404977,5,174
404798,404975,404983,8,177
404798,404977,404997,20,179
404798,404939,404999,60,141
404798,404939,404999,60,141
404798,404999,405001,2,201
404748,404880,405003,123,132
404798,404999,405003,4,201
404798,405003,405005,2,205
404798,405003,405007,4,205
404798,405001,405008,7,203
404798,405005,405009,4,207
404798,404983,405010,27,185
403985,404037,405011,974,52
404798,404998,405013,15,200
404798,404955,405014,59,157
404798,405009,405016,7,211
404798,405011,405016,5,213
404798,405008,405017,9,210
404798,405007,405017,10,209
404748,404880,405018,138,132
404798,405011,405022,11,213
404798,405016,405022,6,218
404798,405014,405025,11,216
404798,405022,405026,4,224
404798,405016,405026,10,218
404798,405017,405029,12,219
404798,405022,405030,8,224
404798,405017,405030,13,219
404798,405013,405030,17,215
404798,405018,405032,14,220
404798,405026,405032,6,228
404798,405026,405033,7,228
404798,405029,405034,5,231
404798,405030,405034,4,232
404798,405030,405033,3,232
404798,405032,405035,3,234
404798,405025,405035,10,227
404798,405031,405035,4,233
404798,405032,405035,3,234
404748,404879,405036,157,131
404798,405033,405037,4,235
404798,405034,405038,4,236
404798,405034,405040,6,236
404798,404939,405041,102,141
404798,405037,405042,5,239
404798,405040,405042,2,242
404798,405034,405042,8,236
404798,405040,405043,3,242
404798,405035,405043,8,237
404798,405041,405044,3,243
404966,405042,405044,2,76
404798,405036,405044,8,238
404798,405035,405044,9,237
404966,405043,405045,2,77
404966,405043,405044,1,77
404798,405036,405044,8,238
404966,405044,405046,2,78
404966,405044,405045,1,78
404966,405044,405046,2,78
404798,405037,405046,9,239
404966,405044,405051,7,78
404798,404944,405070,126,146
404966,405046,405071,25,80
404966,405045,405073,28,79
404798,404940,405073,133,142
404966,405045,405075,30,79
404798,404939,405076,137,141
404966,405046,405083,37,80
404748,404879,405085,206,131
404966,405071,405087,16,105
404966,405047,405087,40,81
404966,405045,405091,46,79
404966,405070,405092,22,104
404966,405051,405093,42,85
404966,405073,405093,20,107
404748,404879,405093,214,131
404966,405046,405093,47,80
404966,405093,405096,3,127
404966,405093,405097,4,127
404966,405091,405097,6,125
404966,405092,405098,6,126
404966,405093,405099,6,127
404966,405093,405099,6,127
404966,405096,405100,4,130
404966,405087,405101,14,121
404798,404940,405102,162,142
404966,405074,405102,28,108
404966,405085,405101,16,119
404966,405097,405104,7,131
404966,405075,405105,30,109
404966,405101,405106,5,135
404966,405087,405107,20,121
404966,405100,405108,8,134
404966,405099,405109,10,133
404966,405107,405109,2,141
404966,405107,405110,3,141
404966,405108,405110,2,142
404966,405098,405110,12,132
404966,405109,405111,2,143
404966,405102,405112,10,136
404966,405110,405112,2,144
404966,405110,405112,2,144
404966,405102,405112,10,136
404966,405110,405112,2,144
404966,405105,405113,8,139
404966,405104,405112,8,138
404966,405102,405115,13,136
404966,405099,405115,16,133
404966,405098,405116,18,132
404966,405111,405116,5,145
404966,405114,405115,1,148
404966,405076,405117,41,110
405011,405116,405118,2,105
404966,405114,405118,4,148
404966,405113,405119,6,147
404966,405115,405120,5,149
405011,405118,405120,2,107
405011,405118,405120,2,107
404966,405115,405120,5,149
404966,405112,405121,9,146
404966,405116,405121,5,150
404966,405111,405121,10,145
405011,405117,405121,4,106
405011,405119,405121,2,108
404966,405112,405122,10,146
405011,405120,405122,2,109
404748,404879,405124,245,131
404966,405112,405126,14,146
405011,405120,405126,6,109
404966,405112,405129,17,146
405011,405126,405131,5,115
404966,405084,405132,48,118
405011,405126,405135,9,115
405011,405120,405136,16,109
405011,405124,405136,12,113
404966,405045,405136,91,79
405011,405136,405139,3,125
405011,405136,405139,3,125
405011,405123,405142,19,112
405011,405137,405143,6,126
405011,405143,405146,3,132
405011,405121,405146,25,110
405011,405139,405147,8,128
405011,405142,405147,5,131
405011,405135,405149,14,124
405011,405121,405150,29,110
405011,405139,405150,11,128
405011,405146,405151,5,135
405011,405147,405152,5,136
405011,405129,405151,22,118
405011,405146,405153,7,135
405011,405147,405153,6,136
405011,405152,405155,3,141
405011,405153,405155,2,142
405011,405152,405156,4,141
405011,405153,405156,3,142
405011,405121,405156,35,110
405011,405149,405155,6,138
405011,405121,405157,36,110
405011,405155,405157,2,144
405011,405156,405158,2,145
405011,405155,405157,2,144
405011,405151,405159,8,140
405011,405122,405160,38,111
405011,405156,405161,5,145
405011,405159,405161,2,148
405011,405158,405161,3,147
405011,405157,405160,3,146
405011,405156,405161,5,145
405011,405157,405161,4,146
405011,405156,405162,6,145
405011,405159,405162,3,148
405011,405150,405165,15,139
405011,405160,405166,6,149
405011,405163,405166,3,152
405011,405161,405167,6,150
405011,405161,405167,6,150
405011,405165,405167,2,154
405011,405161,405168,7,150
405011,405166,405167,1,155
405011,405163,405168,5,152
405011,405161,405169,8,150
405011,405132,405170,38,121
405011,405161,405171,10,150
405011,405150,405172,22,139
405011,405161,405173,12,150
405011,405131,405184,53,120
405011,405122,405198,76,111
405011,405122,405248,126,111
404043,404108,405321,1213,65
405321,405321,405323,2,0
405321,405321,405323,2,0
405321,405321,405324,3,0
405321,405321,405324,3,0
405321,405321,405325,4,0
405321,405321,405325,4,0
405321,405321,405329,8,0
405321,405325,405335,10,4
405321,405325,405336,11,4
405321,405335,405338,3,14
405321,405324,405338,14,3
405321,405336,405338,2,15
405321,405329,405340,11,8
405321,405338,405341,3,17
405321,405338,405342,4,17
405321,405338,405343,5,17
405321,405324,405343,19,3
405321,405340,405343,3,19
405321,405341,405346,5,20
405321,405321,405346,25,0
405321,405342,405348,6,21
404243,404343,405349,1006,100
405321,405343,405350,7,22
405321,405343,405351,8,22
404151,404186,405352,1166,35
405321,405351,405353,2,30
405321,405352,405354,2,31
405321,405321,405355,34,0
405321,405353,405354,1,32
405321,405348,405355,7,27
405321,405343,405356,13,22
405321,405348,405356,8,27
405321,405355,405358,3,34
405321,405349,405358,9,28
405321,405350,405358,8,29
405321,405323,405358,35,2
405321,405356,405358,2,35
405321,405346,405358,12,25
405321,405356,405358,2,35
405321,405355,405358,3,34
405321,405354,405358,4,33
405321,405321,405360,39,0
405321,405355,405360,5,34
405321,405358,405361,3,37
405321,405358,405361,3,37
405321,405358,405361,3,37
405321,405358,405362,4,37
405321,405359,405362,3,38
405321,405358,405363,5,37
405321,405359,405363,4,38
405321,405362,405364,2,41
405321,405362,405364,2,41
405321,405361,405365,4,40
405321,405363,405365,2,42
405321,405360,405365,5,39
405321,405361,405366,5,40
405321,405359,405366,7,38
405321,405359,405366,7,38
405350,405364,405366,2,14
405350,405365,405367,2,15
405321,405361,405366,5,40
405350,405364,405366,2,14
405350,405365,405367,2,15
405350,405365,405368,3,15
405350,405366,405368,2,16
405350,405366,405369,3,16
405321,405361,405368,7,40
405350,405366,405368,2,16
405350,405367,405377,10,17
405350,405366,405379,13,16
405350,405367,405383,16,17
405350,405369,405384,15,19
405350,405368,405390,22,18
405350,405369,405390,21,19
405350,405390,405393,3,40
405350,405369,405394,25,19
405350,405367,405396,29,17
405350,405390,405396,6,40
405321,405323,405397,74,2
405350,405368,405397,29,18
405350,405384,405398,14,34
405350,405396,405399,3,46
405350,405394,405401,7,44
405350,405367,405402,35,17
405350,405397,405402,5,47
405350,405396,405402,6,46
405350,405377,405403,26,27
405350,405393,405403,10,43
405321,405321,405404,83,0
405350,405397,405407,10,47
405350,405398,405408,10,48
405350,405408,405412,4,58
405350,405399,405411,12,49
405350,405404,405413,9,54
405350,405407,405415,8,57
405350,405412,405415,3,62
404164,404242,405416,1174,78
405350,405404,405416,12,54
405350,405412,405418,6,62
405350,405401,405419,18,51
405350,405416,405421,5,66
405350,405415,405422,7,65
405350,405416,405422,6,66
405350,405413,405422,9,63
405350,405402,405422,20,52
405350,405418,405426,8,68
405350,405402,405426,24,52
405350,405415,405426,11,65
405350,405404,405427,23,54
405350,405419,405429,10,69
405350,405422,405428,6,72
405350,405383,405430,47,33
405350,405422,405431,9,72
405350,405430,405431,1,80
405350,405421,405431,10,71
405350,405426,405432,6,76
405350,405402,405431,29,52
405350,405430,405431,1,80
405350,405422,405433,11,72
405350,405426,405433,7,76
405350,405431,405432,1,81
405350,405429,405433,4,79
405350,405427,405434,7,77
405350,405431,405433,2,81
405353,405432,405434,2,79
405353,405432,405434,2,79
405350,405427,405433,6,77
405350,405379,405435,56,29
405353,405432,405435,3,79
405353,405433,405435,2,80
405353,405433,405435,2,80
405350,405422,405435,13,72
405353,405433,405435,2,80
405353,405433,405436,3,80
405353,405434,405440,6,81
405321,405321,405441,120,0
405353,405436,405447,11,83
405353,405441,405448,7,88
405353,405447,405450,3,94
405353,405436,405450,14,83
405353,405448,405452,4,95
405353,405450,405452,2,97
405353,405435,405452,17,82
405353,405450,405452,2,97
405353,405440,405455,15,87
405353,405434,405455,21,81
405321,405321,405456,135,0
405353,405452,405455,3,99
405353,405452,405457,5,99
405321,405321,405457,136,0
405353,405452,405458,6,99
405353,405452,405460,8,99
405353,405434,405461,27,81
405353,405458,405461,3,105
405353,405434,405462,28,81
405353,405456,405463,7,103
405353,405461,405464,3,108
405353,405457,405464,7,104
405353,405456,405464,8,103
405353,405462,405466,4,109
405353,405460,405467,7,107
405353,405463,405467,4,110
405353,405457,405466,9,104
405353,405436,405467,31,83
405353,405434,405468,34,81
405353,405467,405469,2,114
405353,405455,405469,14,102
405353,405467,405469,2,114
405353,405435,405469,34,82
405353,405467,405469,2,114
405353,405469,405471,2,116
405353,405464,405471,7,111
405353,405468,405471,3,115
405353,405469,405472,3,116
405353,405468,405472,4,115
405321,405321,405473,152,0
405353,405455,405474,19,102
405353,405469,405473,4,116
405353,405461,405473,12,108
405353,405472,405476,4,119
405353,405469,405476,7,116
405353,405464,405476,12,111
405353,405474,405476,2,121
405353,405474,405476,2,121
405353,405466,405475,9,113
405353,405469,405476,7,116
405353,405474,405477,3,121
405416,405476,405478,2,60
405416,405476,405478,2,60
405353,405471,405477,6,118
405416,405476,405478,2,60
405416,405476,405478,2,60
405353,405472,405477,5,119
405353,405471,405479,8,118
405416,405477,405478,1,61
405416,405476,405479,3,60
405353,405473,405479,6,120
405416,405476,405479,3,60
405416,405478,405482,4,62
405353,405471,405482,11,118
405353,405464,405484,20,111
405416,405485,405492,7,69
405416,405478,405492,14,62
405416,405482,405493,11,66
405416,405482,405493,11,66
405416,405479,405496,17,63
405416,405479,405496,17,63
405416,405479,405497,18,63
404203,404299,405499,1200,96
405416,405492,405500,8,76
405416,405497,405499,2,81
405416,405496,405500,4,80
405416,405480,405501,21,64
405416,405499,405500,1,83
405416,405479,405502,23,63
405353,405435,405502,67,82
405416,405493,405502,9,77
405416,405492,405502,10,76
405416,405499,405502,3,83
405416,405493,405503,10,77
405416,405478,405503,25,62
405416,405503,405506,3,87
405416,405503,405507,4,87
405416,405506,405508,2,90
405416,405500,405509,9,84
405416,405502,405509,7,86
405416,405507,405510,3,91
405416,405502,405510,8,86
405416,405502,405510,8,86
405416,405503,405511,8,87
405416,405501,405510,9,85
405416,405500,405512,12,84
405416,405501,405513,12,85
405416,405508,405513,5,92
405416,405509,405513,4,93
405416,405509,405514,5,93
405416,405510,405514,4,94
405416,405500,405514,14,84
405416,405510,405514,4,94
405416,405510,405514,4,94
405416,405478,405514,36,62
405416,405503,405514,11,87
405416,405513,405518,5,97
405416,405512,405518,6,96
405416,405514,405519,5,98
405416,405515,405519,4,99
405416,405514,405519,5,98
405416,405514,405520,6,98
405416,405518,405519,1,102
405416,405518,405521,3,102
405416,405514,405521,7,98
405416,405511,405521,10,95
405416,405513,405521,8,97
405499,405519,405522,3,20
405499,405519,405522,3,20
405416,405514,405521,7,98
405416,405515,405523,8,99
405499,405520,405523,3,21
405499,405521,405524,3,22
405499,405521,405523,2,22
405499,405521,405524,3,22
405416,405513,405525,12,97
405499,405520,405524,4,21
405499,405521,405525,4,22
405416,405513,405525,12,97
405499,405522,405531,9,23
405353,405435,405541,106,82
405499,405522,405542,20,23
405499,405522,405543,21,23
405499,405525,405546,21,26
405499,405543,405546,3,44
404542,404616,405548,932,74
405499,405525,405549,24,26
405499,405542,405549,7,43
405499,405546,405551,5,47
405499,405548,405551,3,49
405416,405479,405551,72,63
405499,405546,405553,7,47
405499,405549,405552,3,50
405416,405478,405554,76,62
405499,405523,405556,33,24
405499,405523,405560,37,24
405499,405525,405560,35,26
405499,405551,405560,9,52
405499,405549,405561,12,50
405499,405554,405562,8,55
405499,405524,405561,37,25
405499,405551,405563,12,52
405499,405556,405565,9,57
405499,405541,405565,24,42
405499,405562,405566,4,63
405499,405551,405567,16,52
405499,405554,405567,13,55
405499,405553,405567,14,54
405499,405565,405568,3,66
405499,405531,405569,38,32
405499,405565,405569,4,66
405499,405563,405569,6,64
405499,405525,405570,45,26
405499,405524,405570,46,25
405499,405566,405571,5,67
405499,405568,405571,3,69
405499,405567,405571,4,68
405499,405561,405573,12,62
405499,405568,405573,5,69
405499,405524,405574,50,25
405499,405569,405575,6,70
405499,405560,405575,15,61
405499,405574,405577,3,75
405499,405575,405577,2,76
405499,405569,405577,8,70
405499,405570,405577,7,71
405499,405571,405578,7,72
405499,405571,405578,7,72
405499,405573,405577,4,74
405499,405571,405579,8,72
405499,405575,405579,4,76
405499,405560,405579,19,61
405499,405560,405579,19,61
405499,405573,405580,7,74
405499,405570,405580,10,71
405499,405577,405579,2,78
405549,405578,405581,3,29
405549,405578,405581,3,29
405549,405577,405581,4,28
405499,405569,405581,12,70
405549,405577,405580,3,28
405549,405578,405581,3,29
405549,405579,405581,2,30
405499,405569,405581,12,70
405499,405562,405582,20,63
405549,405579,405584,5,30
405549,405582,405595,13,33
405549,405582,405597,15,33
405549,405579,405597,18,30
405549,405584,405599,15,35
405549,405597,405603,6,48
405603,405603,405604,1,0
405549,405582,405604,22,33
405549,405597,405604,7,48
405549,405596,405605,9,47
405549,405599,405605,6,50
405549,405603,405607,4,54
405549,405604,405608,4,55
405549,405582,405608,26,33
405549,405604,405608,4,55
405549,405579,405611,32,30
405549,405580,405613,33,31
405549,405581,405613,32,32
405549,405581,405615,34,32
404351,404430,405615,1185,79
405549,405605,405616,11,56
405549,405605,405617,12,56
405549,405608,405620,12,59
405549,405617,405620,3,68
405549,405616,405621,5,67
405549,405608,405621,13,59
405549,405608,405622,14,59
405549,405607,405622,15,58
405549,405611,405623,12,62
405549,405615,405625,10,66
405549,405613,405625,12,64
405549,405620,405627,7,71
405549,405581,405628,47,32
405549,405581,405631,50,32
405549,405581,405632,51,32
405549,405622,405632,10,73
405549,405613,405633,20,64
405549,405622,405634,12,73
405549,405623,405635,12,74
405549,405621,405636,15,72
405549,405620,405635,15,71
405549,405625,405636,11,76
405549,405626,405637,11,77
405549,405621,405638,17,72
405549,405615,405638,23,66
405549,405636,405640,4,87
405549,405637,405640,3,88
405549,405636,405640,4,87
405549,405631,405641,10,82
405549,405627,405642,15,78
405616,405640,405642,2,24
405549,405635,405642,7,86
405549,405636,405642,6,87
405616,405640,405643,3,24
405616,405640,405643,3,24
405549,405632,405642,10,83
405549,405633,405642,9,84
405549,405580,405643,63,31
405616,405641,405644,3,25
405549,405638,405644,6,89
405616,405642,405644,2,26
405616,405642,405644,2,26
405549,405580,405643,63,31
405616,405642,405645,3,26
405549,405628,405644,16,79
405549,405635,405644,9,86
405616,405642,405646,4,26
404383,404478,405647,1169,95
405549,405632,405648,16,83
405616,405643,405649,6,27
405616,405648,405652,4,32
405616,405643,405652,9,27
405616,405647,405656,9,31
405616,405645,405656,11,29
405616,405644,405657,13,28
405616,405646,405657,11,30
405616,405652,405657,5,36
405616,405650,405658,8,34
405616,405656,405661,5,40
405616,405645,405661,16,29
405616,405656,405662,6,40
405616,405645,405664,19,29
405616,405643,405665,22,27
405616,405644,405665,21,28
405616,405652,405666,14,36
405616,405657,405666,9,41
405616,405657,405670,13,41
405616,405643,405671,28,27
405616,405666,405671,5,50
405616,405667,405672,5,51
404614,404733,405672,939,119
405616,405644,405674,30,28
405616,405662,405674,12,46
405616,405672,405674,2,56
405616,405672,405674,2,56
405616,405670,405674,4,54
405616,405671,405674,3,55
405616,405665,405674,9,49
405616,405644,405675,31,28
405616,405671,405674,3,55
405616,405664,405674,10,48
405616,405663,405675,12,47
405616,405665,405676,11,49
405616,405661,405676,15,45
405616,405644,405678,34,28
405616,405658,405679,21,42
405616,405674,405679,5,58
405616,405674,405679,5,58
405616,405674,405681,7,58
405616,405674,405681,7,58
405616,405680,405681,1,64
405616,405674,405681,7,58
405616,405679,405682,3,63
405616,405679,405682,3,63
405616,405678,405682,4,62
405616,405644,405682,38,28
405616,405675,405682,7,59
405616,405675,405683,8,59
405616,405674,405682,8,58
405616,405675,405682,7,59
405648,405681,405684,3,33
405616,405676,405684,8,60
405616,405681,405683,2,65
405648,405682,405684,2,34
405616,405675,405683,8,59
405648,405682,405684,2,34
405616,405676,405683,7,60
405648,405681,405683,2,33
405616,405676,405684,8,60
405648,405682,405684,2,34
405616,405659,405687,28,43
405648,405682,405688,6,34
405648,405682,405689,7,34
405648,405683,405696,13,35
404667,404789,405697,908,122
405648,405689,405697,8,41
405648,405696,405698,2,48
405648,405684,405699,15,36
405648,405698,405700,2,50
405648,405697,405699,2,49
405648,405697,405701,4,49
405648,405685,405701,16,37
405648,405685,405700,15,37
405648,405699,405700,1,51
405648,405688,405702,14,40
405648,405700,405702,2,52
405648,405684,405703,19,36
405648,405687,405705,18,39
405648,405684,405706,22,36
405648,405684,405706,22,36
405648,405683,405706,23,35
405648,405700,405708,8,52
405648,405707,405709,2,59
405648,405683,405710,27,35
405648,405708,405711,3,60
405648,405706,405712,6,58
405648,405701,405711,10,53
405648,405701,405712,11,53
405648,405684,405712,28,36
405648,405702,405712,10,54
405648,405702,405712,10,54
405648,405709,405714,5,61
405648,405712,405715,3,64
405648,405711,405715,4,63
405648,405703,405715,12,55
405648,405710,405717,7,62
405648,405701,405718,17,53
405648,405705,405718,13,57
405648,405706,405717,11,58
405648,405684,405720,36,36
405648,405712,405720,8,64
405648,405701,405720,19,53
405648,405712,405720,8,64
405648,405712,405721,9,64
405648,405712,405721,9,64
405648,405720,405722,2,72
405648,405713,405723,10,65
405648,405721,405723,2,73
405648,405721,405724,3,73
405648,405720,405724,4,72
405648,405720,405724,4,72
405672,405722,405723,1,50
405672,405723,405724,1,51
405648,405716,405724,8,68
405672,405723,405725,2,51
405648,405718,405726,8,70
405672,405724,405726,2,52
405672,405724,405727,3,52
405672,405724,405726,2,52
405648,405715,405727,12,67
405648,405718,405728,10,70
405648,405714,405728,14,66
405648,405717,405728,11,69
405648,405718,405728,10,70
405672,405724,405728,4,52
405648,405715,405735,20,67
405672,405724,405740,16,52
405672,405727,405740,13,55
405672,405727,405740,13,55
405672,405726,405740,14,54
405648,405684,405741,57,36
405672,405727,405743,16,55
405672,405741,405745,4,69
405672,405741,405747,6,69
405672,405728,405749,21,56
405672,405741,405751,10,69
405672,405728,405753,25,56
405672,405743,405754,11,71
405672,405726,405755,29,54
405672,405728,405755,27,56
405755,405755,405756,1,0
405648,405684,405758,74,36
405672,405728,405761,33,56
405672,405740,405761,21,68
405672,405725,405761,36,53
405672,405745,405762,17,73
404534,404567,405763,1196,33
405672,405751,405764,13,79
405672,405753,405765,12,81
405672,405764,405768,4,92
405672,405754,405769,15,82
405672,405765,405769,4,93
405672,405755,405770,15,83
405672,405755,405770,15,83
405672,405758,405770,12,86
405672,405763,405771,8,91
405672,405761,405772,11,89
405672,405761,405773,12,89
405672,405770,405774,4,98
405672,405762,405773,11,90
405672,405768,405774,6,96
405672,405749,405776,27,77
405672,405770,405776,6,98
405672,405774,405778,4,102
405672,405769,405779,10,97
405672,405763,405778,15,91
405672,405769,405779,10,97
405672,405771,405780,9,99
405672,405770,405780,10,98
405672,405772,405779,7,100
405672,405730,405781,51,58
405672,405780,405782,2,108
405672,405779,405782,3,107
405672,405779,405781,2,107
405672,405775,405781,6,103
405672,405776,405783,7,104
405672,405774,405783,9,102
405672,405780,405783,3,108
405672,405776,405783,7,104
405672,405779,405783,4,107
405672,405780,405783,3,108
405698,405782,405784,2,84
405672,405773,405783,10,101
405698,405782,405785,3,84
405672,405778,405785,7,106
405698,405783,405785,2,85
405672,405740,405784,44,68
405698,405782,405786,4,84
405698,405783,405785,2,85
405698,405782,405785,3,84
405672,405747,405787,40,75
405698,405783,405790,7,85
405698,405785,405797,12,87
405698,405786,405798,12,88
405672,405735,405799,64,63
405698,405786,405801,15,88
405698,405786,405801,15,88
405698,405787,405802,15,89
405698,405785,405803,18,87
405698,405786,405803,17,88
405698,405798,405803,5,100
405698,405785,405805,20,87
405698,405785,405806,21,87
405698,405784,405807,23,86
405698,405801,405808,7,103
405698,405801,405807,6,103
405698,405799,405809,10,101
405698,405784,405813,29,86
405672,405725,405815,90,53
405698,405805,405817,12,107
405698,405806,405818,12,108
405698,405790,405819,29,92
405698,405802,405820,18,104
405698,405808,405822,14,110
405698,405807,405821,14,109
405698,405797,405822,25,99
405698,405808,405823,15,110
405698,405822,405825,3,124
405698,405820,405825,5,122
405698,405809,405825,16,111
405698,405803,405826,23,105
405698,405813,405826,13,115
405698,405825,405827,2,127
405698,405815,405827,12,117
405698,405822,405826,4,124
405698,405804,405827,23,106
405698,405819,405827,8,121
405698,405817,405828,11,119
405698,405823,405831,8,125
405698,405827,405831,4,129
405698,405828,405831,3,130
405698,405825,405830,5,127
405698,405828,405830,2,130
405698,405828,405832,4,130
405698,405825,405831,6,127
405698,405822,405833,11,124
405698,405829,405832,3,131
405698,405827,405833,6,129
405698,405826,405832,6,128
405698,405827,405833,6,129
405698,405818,405834,16,120
405764,405833,405835,2,69
405698,405831,405834,3,133
405698,405832,405835,3,134
405698,405831,405835,4,133
405698,405832,405834,2,134
405698,405831,405834,3,133
405698,405832,405836,4,134
405764,405833,405835,2,69
405698,405832,405836,4,134
405764,405834,405837,3,70
405764,405834,405836,2,70
405764,405835,405837,2,71
405764,405833,405836,3,69
405764,405835,405840,5,71
405698,405803,405849,46,105
405764,405835,405851,16,71
405764,405837,405851,14,73
405764,405837,405852,15,73
405698,405784,405853,69,86
405764,405840,405854,14,76
405764,405853,405857,4,89
405764,405854,405859,5,90
405764,405852,405861,9,88
405764,405858,405862,4,94
405764,405861,405863,2,97
405764,405849,405863,14,85
405764,405851,405863,12,87
405764,405851,405864,13,87
405764,405859,405865,6,95
405764,405862,405866,4,98
405764,405863,405870,7,99
405764,405835,405871,36,71
405764,405837,405872,35,73
405764,405863,405873,10,99
405764,405863,405874,11,99
405764,405865,405875,10,101
405764,405875,405878,3,111
405764,405866,405880,14,102
405698,405784,405881,97,86
405764,405865,405881,16,101
405764,405870,405883,13,106
405764,405874,405884,10,110
405764,405871,405885,14,107
405764,405835,405887,52,71
405764,405836,405886,50,72
405764,405883,405888,5,119
405764,405837,405889,52,73
405764,405878,405890,12,114
405764,405881,405890,9,117
405764,405882,405891,9,118
405764,405882,405893,11,118
405764,405873,405894,21,109
405764,405884,405894,10,120
405764,405885,405895,10,121
405764,405888,405896,8,124
405764,405887,405898,11,123
405764,405874,405899,25,110
405764,405887,405899,12,123
405764,405896,405901,5,132
405764,405898,405900,2,134
405764,405899,405902,3,135
405764,405889,405902,13,125
405764,405901,405904,3,137
405764,405900,405904,4,136
405764,405892,405904,12,128
405764,405891,405905,14,127
405764,405894,405905,11,130
405764,405894,405905,11,130
405764,405895,405905,10,131
405764,405835,405906,71,71
405764,405890,405907,17,126
405764,405893,405908,15,129
405876,405876,405914,38,0
405764,405836,405928,92,72
404577,404673,405938,1265,96
405939,405939,405942,3,0
405939,405939,405943,4,0
405939,405939,405942,3,0
405939,405939,405943,4,0
405939,405939,405944,5,0
405939,405939,405944,5,0
405939,405939,405947,8,0
405939,405939,405958,19,0
405939,405942,405963,21,3
405764,405836,405965,129,72
405939,405945,405966,21,6
405939,405965,405969,4,26
405939,405966,405969,3,27
405939,405939,405970,31,0
405939,405969,405972,3,30
405939,405943,405972,29,4
405939,405969,405972,3,30
405939,405944,405973,29,5
405939,405939,405974,35,0
405939,405970,405975,5,31
405939,405943,405978,35,4
405939,405939,405978,39,0
405939,405944,405979,35,5
405939,405947,405981,34,8
405939,405939,405982,43,0
405939,405973,405986,13,34
405939,405972,405987,15,33
405939,405974,405988,14,35
405939,405963,405989,26,24
405939,405972,405989,17,33
405939,405975,405990,15,36
405939,405978,405990,12,39
405939,405972,405991,19,33
405939,405988,405991,3,49
405939,405987,405993,6,48
405939,405989,405992,3,50
405939,405978,405992,14,39
405939,405979,405992,13,40
405939,405982,405994,12,43
405939,405991,405995,4,52
405939,405990,405996,6,51
405939,405989,405997,8,50
405939,405995,405999,4,56
405939,405991,406000,9,52
405939,405993,406000,7,54
405939,405990,406000,10,51
405939,405996,406001,5,57
405939,405981,406001,20,42
405939,405994,406000,6,55
405939,405993,406002,9,54
405939,405986,406003,17,47
405939,405997,406003,6,58
405939,406001,406004,3,62
405939,406001,406004,3,62
405939,406001,406004,3,62
405939,405999,406005,6,60
405939,406002,406005,3,63
405939,405993,406006,13,54
405939,405993,406005,12,54
405939,406000,406006,6,61
405939,406000,406008,8,61
405939,406000,406008,8,61
405939,405939,406014,75,0
405939,405958,406025,67,19
405939,405939,406029,90,0
404967,405116,406043,927,149
406044,406044,406046,2,0
406044,406044,406046,2,0
406044,406044,406047,3,0
406044,406044,406046,2,0
406044,406044,406047,3,0
406044,406044,406048,4,0
406044,406044,406056,12,0
406044,406044,406056,12,0
406044,406046,406059,13,2
406044,406046,406060,14,2
406044,406044,406060,16,0
406044,406047,406061,14,3
406044,406044,406061,17,0
406044,406047,406060,13,3
406044,406044,406062,18,0
406044,406044,406061,17,0
404676,404834,406062,1228,158
406044,406048,406063,15,4
406044,406047,406065,18,3
406044,406062,406066,4,18
406044,406060,406067,7,16
406044,406061,406067,6,17
406044,406062,406068,6,18
406044,406060,406071,11,16
406044,406056,406070,14,12
406044,406061,406074,13,17
406044,406044,406074,30,0
406044,406061,406075,14,17
406044,406065,406075,10,21
406044,406062,406076,14,18
406044,406067,406076,9,23
406044,406044,406078,34,0
406044,406075,406079,4,31
406044,406056,406080,24,12
406044,406074,406080,6,30
406044,406067,406081,14,23
406044,406069,406081,12,25
406044,406078,406081,3,34
406044,406074,406082,8,30
406044,406059,406082,23,15
406044,406076,406081,5,32
406044,406079,406082,3,35
406044,406081,406083,2,37
406044,406063,406083,20,19
406044,406072,406084,12,28
406044,406082,406084,2,38
406044,406080,406085,5,36
406044,406083,406085,2,39
406044,406083,406085,2,39
406044,406076,406085,9,32
406044,406081,406084,3,37
406044,406080,406085,5,36
406044,406082,406087,5,38
406044,406085,406087,2,41
406044,406084,406087,3,40
406044,406085,406087,2,41
406044,406082,406087,5,38
406063,406085,406088,3,22
406044,406085,406087,2,41
406044,406071,406088,17,27
406063,406087,406089,2,24
406063,406085,406088,3,22
406044,406084,406088,4,40
406044,406083,406089,6,39
406044,406075,406089,14,31
406063,406087,406089,2,24
406063,406087,406090,3,24
406063,406087,406089,2,24
404730,404875,406092,1217,145
406044,406082,406094,12,38
406063,406087,406095,8,24
406044,406068,406097,29,24
406063,406090,406104,14,27
406063,406090,406105,15,27
406063,406094,406106,12,31
406063,406093,406107,14,30
406063,406097,406110,13,34
406063,406089,406110,21,26
406063,406089,406110,21,26
406063,406089,406110,21,26
406063,406089,406112,23,26
406044,406044,406112,68,0
406063,406105,406113,8,42
406063,406088,406114,26,25
406063,406106,406116,10,43
406063,406104,406116,12,41
406063,406089,406118,29,26
406063,406088,406119,31,25
406063,406110,406120,10,47
406063,406110,406122,12,47
406063,406110,406122,12,47
404749,404936,406123,1187,187
406063,406098,406126,28,35
406063,406107,406126,19,44
406063,406112,406128,16,49
406063,406110,406128,18,47
406063,406112,406129,17,49
406063,406126,406129,3,63
406063,406113,406129,16,50
406063,406126,406131,5,63
406063,406116,406131,15,53
406063,406118,406132,14,55
406063,406128,406132,4,65
406063,406119,406132,13,56
406063,406114,406131,17,51
406063,406116,406131,15,53
406063,406123,406132,9,60
406063,406128,406133,5,65
406063,406131,406134,3,68
406063,406121,406135,14,58
406063,406132,406136,4,69
406063,406133,406136,3,70
406063,406131,406135,4,68
406063,406133,406136,3,70
406063,406133,406136,3,70
406063,406132,406137,5,69
406063,406129,406137,8,66
406063,406136,406138,2,73
406063,406129,406138,9,66
406063,406129,406138,9,66
406063,406135,406137,2,72
406063,406135,406139,4,72
406063,406136,406140,4,73
406093,406138,406140,2,45
406093,406137,406140,3,44
406063,406132,406140,8,69
406063,406136,406140,4,73
406093,406137,406140,3,44
406093,406138,406141,3,45
406063,406136,406140,4,73
406093,406138,406141,3,45
406093,406139,406141,2,46
406063,406122,406142,20,59
406063,406132,406142,10,69
406093,406139,406148,9,46
406063,406123,406150,27,60
406093,406141,406155,14,48
406093,406141,406156,15,48
406093,406141,406156,15,48
406093,406142,406160,18,49
406093,406148,406160,12,55
406093,406144,406161,17,51
406093,406140,406165,25,47
406093,406150,406165,15,57
406093,406141,406165,24,48
406093,406166,406171,5,73
406093,406140,406172,32,47
406093,406160,406173,13,67
406093,406165,406175,10,72
406093,406141,406175,34,48
406093,406165,406178,13,72
406093,406155,406178,23,62
406063,406089,406179,90,26
406093,406162,406180,18,69
406093,406171,406183,12,78
406093,406160,406184,24,67
406093,406156,406187,31,63
406093,406179,406189,10,86
406093,406172,406189,17,79
406093,406179,406190,11,86
406093,406173,406191,18,80
406093,406175,406192,17,82
406093,406190,406192,2,97
406093,406191,406194,3,98
406093,406178,406194,16,85
406093,406180,406194,14,87
406093,406140,406195,55,47
406093,406175,406196,21,82
406093,406192,406196,4,99
406093,406192,406198,6,99
406093,406194,406199,5,101
406093,406194,406199,5,101
406093,406195,406198,3,102
406093,406194,406199,5,101
406093,406196,406199,3,103
406093,406183,406200,17,90
406093,406187,406201,14,94
406093,406189,406201,12,96
406093,406197,406201,4,104
406093,406198,406203,5,105
406093,406199,406203,4,106
406093,406200,406204,4,107
406093,406199,406204,5,106
406093,406201,406204,3,108
406093,406201,406204,3,108
406093,406199,406204,5,106
406093,406140,406204,64,47
406093,406199,406206,7,106
406093,406201,406206,5,108
406093,406202,406207,5,109
406093,406189,406207,18,96
406123,406204,406207,3,81
406123,406204,406207,3,81
406123,406203,406207,4,80
406123,406204,406209,5,81
406123,406204,406210,6,81
406093,406184,406210,26,91
406123,406204,406210,6,81
406063,406088,406211,123,25
406093,406156,406211,55,63
406123,406204,406218,14,81
406123,406208,406223,15,85
406123,406209,406225,16,86
406123,406211,406225,14,88
406123,406212,406225,13,89
406123,406207,406228,21,84
406123,406212,406228,16,89
406123,406211,406229,18,88
406123,406218,406230,12,95
406123,406211,406230,19,88
406123,406207,406231,24,84
406123,406229,406232,3,106
406123,406230,406233,3,107
406123,406228,406234,6,105
406123,406207,406234,27,84
406123,406223,406236,13,100
406123,406230,406236,6,107
406123,406231,406241,10,108
406123,406225,406241,16,102
406123,406233,406242,9,110
406123,406232,406245,13,109
406093,406140,406245,105,47
406123,406235,406248,13,112
406123,406235,406248,13,112
406123,406225,406248,23,102
406123,406236,406250,14,113
406123,406228,406250,22,105
406123,406237,406251,14,114
406123,406207,406253,46,84
406123,406250,406253,3,127
406123,406248,406253,5,125
406123,406250,406254,4,127
406123,406241,406253,12,118
406123,406241,406253,12,118
406123,406225,406255,30,102
404798,405042,406256,1214,244
406123,406253,406255,2,130
406123,406253,406255,2,130
406123,406251,406257,6,128
406123,406253,406257,4,130
406123,406254,406258,4,131
406123,406254,406257,3,131
406123,406254,406259,5,131
406123,406257,406259,2,134
406123,406248,406259,11,125
406123,406248,406260,12,125
406123,406245,406260,15,122
406123,406257,406261,4,134
406123,406258,406261,3,135
406123,406257,406260,3,134
406123,406259,406261,2,136
406123,406255,406261,6,132
406256,406260,406262,2,4
406123,406259,406263,4,136
406123,406256,406263,7,133
406123,406242,406263,21,119
406256,406261,406263,2,5
406256,406261,406263,2,5
406123,406259,406262,3,136
406256,406261,406263,2,5
406256,406260,406264,4,4
406256,406261,406263,2,5
406123,406256,406264,8,133
406123,406245,406272,27,122
406256,406263,406276,13,7
406256,406263,406276,13,7
406123,406207,406278,71,84
406256,406264,406279,15,8
406256,406264,406278,14,8
406256,406262,406280,18,6
406256,406262,406280,18,6
406256,406265,406280,15,9
406256,406263,406280,17,7
406256,406272,406286,14,16
406256,406277,406290,13,21
406256,406282,406291,9,26
406256,406276,406291,15,20
406256,406281,406292,11,25
406256,406287,406293,6,31
406256,406281,406293,12,25
406256,406280,406294,14,24
406256,406278,406295,17,22
406256,406290,406295,5,34
406256,406279,406297,18,23
406256,406279,406298,19,23
406256,406263,406299,36,7
406256,406291,406298,7,35
406256,406263,406300,37,7
406123,406207,406300,93,84
406256,406294,406304,10,38
406256,406291,406304,13,35
406256,406292,406305,13,36
406256,406295,406306,11,39
406256,406300,406306,6,44
406256,406299,406307,8,43
406256,406293,406307,14,37
406256,406304,406308,4,48
406256,406307,406310,3,51
406256,406294,406310,16,38
406256,406304,406310,6,48
406256,406308,406310,2,52
406256,406299,406310,11,43
406256,406298,406311,13,42
406256,406295,406310,15,39
406256,406305,406310,5,49
406256,406306,406310,4,50
406256,406307,406311,4,51
406256,406307,406311,4,51
406256,406302,406312,10,46
406256,406297,406312,15,41
406256,406310,406313,3,54
406256,406310,406313,3,54
406256,406311,406313,2,55
406256,406311,406314,3,55
406256,406311,406314,3,55
406256,406312,406315,3,56
406256,406312,406315,3,56
406256,406312,406315,3,56
406256,406311,406315,4,55
406256,406310,406317,7,54
406256,406310,406318,8,54
406256,406310,406319,9,54
406256,406263,406344,81,7
406256,406263,406346,83,7
405013,405166,406348,1182,153
406350,406350,406352,2,0
406350,406350,406352,2,0
406350,406350,406353,3,0
406350,406350,406353,3,0
406350,406350,406353,3,0
406350,406350,406355,5,0
406350,406350,406360,10,0
406350,406350,406365,15,0
406350,406352,406365,13,2
406350,406350,406367,17,0
406350,406350,406367,17,0
406350,406353,406368,15,3
406350,406353,406368,15,3
406350,406350,406367,17,0
406350,406353,406369,16,3
406350,406353,406369,16,3
406350,406355,406374,19,5
406350,406361,406375,14,11
406350,406367,406376,9,17
406350,406368,406376,8,18
406350,406351,406377,26,1
406350,406368,406377,9,18
406350,406367,406377,10,17
406350,406369,406380,11,19
406350,406368,406380,12,18
406350,406374,406382,8,24
406350,406380,406382,2,30
406350,406380,406383,3,30
406350,406382,406386,4,32
406350,406369,406387,18,19
406350,406383,406388,5,33
406350,406387,406389,2,37
406350,406377,406390,13,27
406350,406386,406390,4,36
406350,406388,406390,2,38
406350,406384,406391,7,34
406350,406375,406393,18,25
406350,406350,406394,44,0
406350,406389,406395,6,39
406350,406390,406395,5,40
406350,406377,406394,17,27
406350,406365,406396,31,15
406350,406393,406396,3,43
406350,406390,406396,6,40
406350,406391,406396,5,41
406350,406390,406397,7,40
406350,406394,406397,3,44
406350,406395,406398,3,45
406350,406395,406397,2,45
406350,406396,406398,2,46
406350,406396,406399,3,46
406350,406396,406399,3,46
406350,406396,406400,4,46
406350,406398,406400,2,48
406350,406397,406400,3,47
406350,406395,406399,4,45
406350,406398,406401,3,48
406350,406397,406400,3,47
406350,406365,406402,37,15
406350,406350,406406,56,0
405353,405476,406407,931,123
406350,406377,406409,32,27
406408,406408,406410,2,0
406408,406408,406410,2,0
406408,406408,406409,1,0
406408,406408,406409,1,0
406408,406408,406411,3,0
406408,406408,406411,3,0
406408,406408,406418,10,0
406350,406376,406423,47,26
406408,406411,406424,13,3
406408,406411,406425,14,3
406350,406376,406426,50,26
406408,406411,406427,16,3
406408,406408,406428,20,0
406408,406408,406431,23,0
406408,406418,406433,15,10
406350,406350,406436,86,0
406408,406423,406437,14,15
406408,406408,406437,29,0
406408,406426,406439,13,18
406408,406437,406440,3,29
406408,406437,406442,5,29
406408,406436,406443,7,28
406408,406439,406443,4,31
406408,406440,406444,4,32
406408,406424,406445,21,16
406408,406443,406446,3,35
406408,406442,406448,6,34
406408,406431,406449,18,23
406408,406444,406450,6,36
406408,406443,406449,6,35
406408,406445,406451,6,37
406408,406446,406452,6,38
406408,406433,406452,19,25
406408,406426,406453,27,18
406408,406449,406453,4,41
406408,406451,406454,3,43
406408,406450,406455,5,42
406408,406452,406456,4,44
406408,406450,406456,6,42
406408,406427,406456,29,19
406408,406448,406455,7,40
406408,406456,406458,2,48
406408,406456,406458,2,48
406408,406456,406459,3,48
406408,406456,406460,4,48
406408,406452,406461,9,44
406408,406458,406462,4,50
406408,406453,406463,10,45
406408,406455,406464,9,47
406408,406454,406463,9,46
406408,406411,406465,54,3
406408,406429,406467,38,21
406408,406458,406467,9,50
406408,406453,406467,14,45
406408,406460,406468,8,52
406408,406462,406467,5,54
406408,406461,406468,7,53
406408,406466,406469,3,58
406408,406464,406469,5,56
406408,406463,406470,7,55
406408,406459,406470,11,51
406408,406464,406470,6,56
406408,406467,406470,3,59
406408,406408,406483,75,0
405499,405577,406512,935,78
406512,406512,406514,2,0
406512,406512,406515,3,0
406512,406512,406515,3,0
406512,406512,406514,2,0
406512,406512,406514,2,0
406512,406512,406516,4,0
406512,406512,406523,11,0
406512,406515,406527,12,3
406408,406410,406529,119,2
406512,406516,406529,13,4
406512,406512,406531,19,0
406512,406515,406534,19,3
406512,406512,406535,23,0
405322,405364,406536,1172,42
406512,406523,406538,15,11
406512,406527,406539,12,15
406512,406515,406541,26,3
406512,406536,406541,5,24
406512,406535,406542,7,23
406512,406538,406542,4,26
406512,406534,406543,9,22
406408,406410,406543,133,2
406512,406531,406544,13,19
406512,406540,406544,4,28
406512,406543,406545,2,31
406512,406529,406545,16,17
406512,406542,406545,3,30
406512,406543,406545,2,31
406512,406542,406545,3,30
406512,406529,406544,15,17
406512,406541,406546,5,29
406512,406541,406547,6,29
406512,406514,406548,34,2
406512,406544,406550,6,32
406512,406545,406550,5,33
406512,406545,406551,6,33
406512,406548,406552,4,36
406512,406545,406552,7,33
406512,406545,406552,7,33
406512,406545,406552,7,33
406512,406545,406552,7,33
406512,406550,406552,2,38
406512,406546,406552,6,34
406512,406547,406553,6,35
406512,406550,406553,3,38
406512,406545,406552,7,33
406512,406551,406553,2,39
406408,406409,406554,145,1
406512,406552,406553,1,40
406512,406552,406554,2,40
406512,406552,406555,3,40
406512,406552,406555,3,40
406512,406552,406556,4,40
406512,406552,406556,4,40
406512,406552,406559,7,40
406512,406554,406559,5,42
406512,406515,406559,44,3
406512,406553,406560,7,41
406536,406559,406561,2,23
406512,406555,406563,8,43
406512,406554,406563,9,42
406512,406554,406563,9,42
406536,406560,406563,3,24
406536,406556,406564,8,20
406536,406559,406564,5,23
406512,406553,406565,12,41
406536,406562,406565,3,26
406512,406553,406565,12,41
406536,406561,406565,4,25
406512,406553,406566,13,41
406512,406555,406569,14,43
405550,405639,406577,938,89
406536,406563,406577,14,27
406536,406565,406579,14,29
406536,406566,406580,14,30
406536,406569,406581,12,33
406512,406512,406582,70,0
406536,406565,406582,17,29
406536,406565,406584,19,29
406536,406565,406588,23,29
406536,406577,406588,11,41
406536,406582,406591,9,46
406536,406579,406593,14,43
406536,406577,406593,16,41
406536,406580,406593,13,44
406536,406563,406593,30,27
406536,406594,406597,3,58
406536,406584,406597,13,48
406536,406588,406598,10,52
406536,406593,406599,6,57
406536,406593,406601,8,57
406536,406591,406602,11,55
406536,406597,406602,5,61
406536,406598,406603,5,62
406536,406588,406604,16,52
406536,406597,406605,8,61
406536,406599,406605,6,63
406536,406581,406605,24,45
406536,406593,406605,12,57
406512,406512,406606,94,0
406536,406564,406607,43,28
406536,406603,406606,3,67
406536,406605,406607,2,69
406536,406602,406606,4,66
406536,406605,406608,3,69
406536,406605,406607,2,69
406536,406606,406609,3,70
406536,406604,406609,5,68
406536,406601,406610,9,65
406536,406607,406610,3,71
406536,406606,406609,3,70
406536,406607,406610,3,71
406536,406582,406610,28,46
406536,406608,406610,2,72
406536,406607,406610,3,71
406536,406607,406611,4,71
406536,406609,406611,2,73
405648,405722,406610,888,74
406536,406602,406612,10,66
406536,406609,406612,3,73
406536,406609,406612,3,73
406536,406610,406613,3,74
406536,406610,406613,3,74
406536,406611,406613,2,75
406536,406610,406612,2,74
406536,406610,406613,3,74
406536,406610,406613,3,74
406536,406611,406614,3,75
406536,406610,406613,3,74
406536,406611,406614,3,75
406577,406612,406615,3,35
406577,406612,406615,3,35
406577,406613,406615,2,36
406577,406612,406614,2,35
406577,406613,406614,1,36
405350,405431,406615,1184,81
406577,406613,406615,2,36
406577,406613,406618,5,36
406577,406615,406624,9,38
406577,406615,406629,14,38
406577,406618,406629,11,41
406577,406615,406629,14,38
406577,406613,406631,18,36
406577,406616,406631,15,39
406536,406564,406633,69,28
406577,406615,406635,20,38
406577,406624,406635,11,47
406536,406564,406637,73,28
406577,406633,406640,7,56
406577,406637,406641,4,60
406577,406635,406641,6,58
406512,406512,406642,130,0
406577,406640,406643,3,63
406577,406641,406643,2,64
406577,406641,406643,2,64
406577,406615,406645,30,38
406577,406631,406646,15,54
406577,406629,406646,17,52
406577,406635,406646,11,58
406577,406643,406646,3,66
406577,406646,406649,3,69
406577,406643,406649,6,66
406577,406643,406650,7,66
406577,406646,406651,5,69
406577,406643,406651,8,66
406577,406646,406651,5,69
406577,406631,406652,21,54
406577,406646,406652,6,69
406577,406649,406653,4,72
406577,406651,406653,2,74
406577,406651,406652,1,74
406577,406651,406654,3,74
406577,406613,406654,41,36
406577,406652,406654,2,75
406577,406654,406655,1,77
406577,406652,406655,3,75
406577,406653,406655,2,76
406577,406653,406656,3,76
406577,406645,406655,10,68
406577,406651,406656,5,74
406577,406654,406657,3,77
406577,406649,406659,10,72
406577,406654,406660,6,77
406577,406655,406661,6,78
406612,406661,406663,2,49
406577,406657,406664,7,80
406577,406657,406664,7,80
406577,406656,406664,8,79
406577,406654,406664,10,77
406577,406656,406664,8,79
406577,406655,406665,10,78
406612,406663,406664,1,51
406577,406659,406666,7,82
406612,406664,406665,1,52
406577,406656,406665,9,79
406612,406664,406667,3,52
406612,406664,406667,3,52
406612,406664,406667,3,52
406577,406615,406671,56,38
406612,406664,406673,9,52
406577,406614,406673,59,37
406577,406631,406674,43,54
406577,406629,406678,49,52
406612,406666,406680,14,54
406577,406614,406681,67,37
406612,406666,406683,17,54
406612,406673,406685,12,61
406612,406675,406685,10,63
406612,406666,406688,22,54
406612,406678,406690,12,66
406577,406614,406696,82,37
406612,406680,406697,17,68
405672,405781,406700,919,109
406612,406665,406700,35,53
406612,406700,406702,2,88
406612,406688,406703,15,76
406612,406702,406704,2,90
406612,406701,406704,3,89
405417,405519,406704,1185,102
406612,406703,406705,2,91
406555,406555,406704,149,0
406612,406690,406705,15,78
406612,406704,406707,3,92
406612,406704,406707,3,92
406612,406705,406706,1,93
406612,406685,406707,22,73
406612,406704,406709,5,92
406612,406706,406709,3,94
406612,406685,406712,27,73
406612,406697,406712,15,85
406612,406707,406714,7,95
406612,406709,406715,6,97
406612,406715,406717,2,103
406612,406707,406717,10,95
406612,406709,406717,8,97
406612,406696,406717,21,84
406612,406708,406718,10,96
406612,406717,406719,2,105
406612,406717,406718,1,105
406612,406717,406720,3,105
406612,406714,406719,5,102
406612,406719,406720,1,107
406612,406683,406719,36,71
406612,406718,406720,2,106
406612,406673,406721,48,61
406612,406712,406721,9,100
406612,406718,406720,2,106
406612,406719,406723,4,107
406612,406713,406723,10,101
406612,406707,406725,18,95
406612,406721,406726,5,109
406612,406720,406727,7,108
406612,406666,406727,61,54
406616,406725,406728,3,109
406612,406720,406728,8,108
406612,406681,406729,48,69
406612,406721,406729,8,109
406612,406720,406729,9,108
406612,406720,406729,9,108
406612,406723,406729,6,111
406612,406720,406729,9,108
406612,406722,406732,10,110
406616,406726,406733,7,110
406616,406727,406735,8,111
406616,406727,406735,8,111
406616,406728,406735,7,112
406536,406564,406735,171,28
406616,406728,406735,7,112
406616,406729,406743,14,113
406616,406736,406748,12,120
406616,406735,406748,13,119
406612,406671,406749,78,59
406616,406736,406749,13,120
406616,406733,406749,16,117
406616,406735,406751,16,119
406616,406735,406750,15,119
406616,406748,406758,10,132
406616,406743,406760,17,127
406616,406748,406761,13,132
406616,406729,406765,36,113
406616,406761,406768,7,145
406616,406760,406771,11,144
406612,406667,406774,107,55
406616,406750,406774,24,134
406616,406771,406774,3,155
406616,406732,406775,43,116
406616,406768,406775,7,152
406616,406765,406777,12,149
406616,406749,406778,29,133
406616,406774,406778,4,158
406616,406774,406779,5,158
406616,406775,406780,5,159
406616,406774,406780,6,158
406616,406751,406781,30,135
406616,406751,406782,31,135
406616,406758,406782,24,142
406616,406779,406782,3,163
406616,406776,406783,7,160
406616,406779,406782,3,163
406616,406780,406783,3,164
406616,406780,406784,4,164
406616,406730,406785,55,114
406616,406783,406786,3,167
406616,406777,406785,8,161
406616,406784,406786,2,168
406616,406730,406787,57,114
406616,406784,406788,4,168
406616,406781,406788,7,165
406616,406782,406788,6,166
406616,406785,406787,2,169
406616,406786,406788,2,170
406616,406787,406789,2,171
406616,406786,406790,4,170
406616,406787,406790,3,171
406616,406788,406790,2,172
406616,406782,406789,7,166
406616,406778,406791,13,162
406616,406788,406791,3,172
406616,406788,406791,3,172
406616,406788,406791,3,172
406616,406783,406790,7,167
406616,406783,406791,8,167
406700,406790,406792,2,90
406616,406789,406791,2,173
406616,406789,406791,2,173
406700,406791,406793,2,91
406700,406791,406793,2,91
406616,406790,406793,3,174
406700,406791,406793,2,91
406700,406791,406792,1,91
406700,406791,406794,3,91
406700,406792,406798,6,92
406616,406749,406799,50,133
406700,406792,406803,11,92
406700,406793,406803,10,93
406700,406792,406805,13,92
406700,406791,406807,16,91
406700,406798,406808,10,98
406700,406799,406811,12,99
406700,406791,406812,21,91
406616,406730,406813,83,114
406700,406803,406813,10,103
406700,406793,406815,22,93
406700,406808,406816,8,108
406700,406811,406818,7,111
406700,406812,406819,7,112
406700,406803,406821,18,103
406700,406816,406821,5,116
406700,406813,406821,8,113
406700,406818,406821,3,118
406700,406819,406822,3,119
406700,406821,406823,2,121
406700,406822,406823,1,122
406700,406807,406825,18,107
406700,406814,406824,10,114
406700,406821,406825,4,121
406700,406821,406826,5,121
406700,406821,406826,5,121
406700,406823,406828,5,123
406616,406730,406829,99,114
406700,406815,406830,15,115
406700,406793,406831,38,93
406700,406795,406831,36,95
406700,406825,406832,7,125
406700,406825,406833,8,125
406700,406832,406834,2,132
406700,406826,406834,8,126
406700,406831,406834,3,131
406700,406826,406836,10,126
406700,406831,406836,5,131
406700,406834,406835,1,134
406700,406834,406835,1,134
406700,406834,406835,1,134
406700,406805,406837,32,105
406700,406824,406838,14,124
406700,406836,406839,3,136
406612,406667,406840,173,55
406700,406834,406840,6,134
406700,406836,406839,3,136
406700,406836,406840,4,136
406700,406828,406842,14,128
406700,406836,406842,6,136
406700,406825,406843,18,125
406700,406836,406843,7,136
406705,406840,406842,2,135
406700,406830,406842,12,130
406700,406829,406844,15,129
406700,406837,406845,8,137
406705,406842,406844,2,137
406700,406840,406845,5,140
406700,406838,406844,6,138
406705,406843,406845,2,138
406705,406842,406845,3,137
406705,406843,406845,2,138
406705,406843,406846,3,138
406700,406839,406845,6,139
406700,406840,406847,7,140
406700,406793,406849,56,93
406612,406667,406849,182,55
406705,406843,406856,13,138
406705,406846,406858,12,141
406700,406793,406861,68,93
406705,406847,406861,14,142
406705,406846,406861,15,141
406705,406849,406862,13,144
406705,406849,406862,13,144
406705,406856,406870,14,151
406705,406844,406870,26,139
406705,406845,406871,26,140
406705,406859,406873,14,154
406705,406862,406876,14,157
405617,405681,406876,1195,64
406705,406861,406877,16,156
406705,406877,406879,2,172
406705,406873,406879,6,168
406705,406876,406880,4,171
406705,406871,406879,8,166
406705,406876,406880,4,171
406705,406845,406880,35,140
406705,406870,406882,12,165
406705,406879,406883,4,174
406705,406862,406883,21,157
406705,406880,406884,4,175
406705,406870,406884,14,165
406705,406880,406885,5,175
406705,406881,406886,5,176
406705,406882,406886,4,177
406705,406879,406885,6,174
406705,406880,406887,7,175
406705,406861,406888,27,156
406705,406883,406888,5,178
406705,406884,406889,5,179
406705,406883,406890,7,178
406705,406888,406890,2,183
406705,406887,406890,3,182
406705,406886,406891,5,181
406705,406888,406890,2,183
406705,406885,406891,6,180
406705,406890,406892,2,185
406705,406884,406892,8,179
406705,406890,406892,2,185
406705,406890,406893,3,185
406705,406886,406893,7,181
406705,406889,406893,4,184
406705,406891,406892,1,186
406705,406892,406895,3,187
406876,406894,406895,1,18
406705,406892,406894,2,187
406705,406892,406895,3,187
406705,406886,406896,10,181
406705,406892,406895,3,187
406876,406895,406897,2,19
406705,406892,406899,7,187
406876,406895,406899,4,19
406876,406895,406899,4,19
406705,406893,406899,6,188
406876,406896,406901,5,20
406705,406893,406901,8,188
406876,406896,406901,5,20
406705,406845,406901,56,140
406705,406861,406908,47,156
406876,406897,406908,11,21
406705,406845,406911,66,140
406705,406845,406912,67,140
406876,406899,406918,19,23
406876,406899,406919,20,23
406876,406902,406919,17,26
406876,406909,406920,11,33
406876,406912,406926,14,36
406876,406911,406926,15,35
406876,406908,406928,20,32
406876,406918,406929,11,42
406705,406845,406931,86,140
406876,406920,406933,13,44
406705,406845,406934,89,140
406876,406933,406937,4,57
406876,406934,406938,4,58
406876,406937,406939,2,61
406876,406931,406939,8,55
406876,406920,406940,20,44
406876,406938,406940,2,62
406876,406939,406941,2,63
406876,406939,406942,3,63
406876,406940,406942,2,64
406876,406940,406944,4,64
406876,406941,406944,3,65
406876,406929,406943,14,53
406876,406901,406946,45,25
406876,406926,406947,21,50
406876,406926,406948,22,50
406876,406942,406948,6,66
406876,406928,406949,21,52
406876,406944,406949,5,68
406876,406944,406950,6,68
406876,406899,406951,52,23
406876,406919,406951,32,43
406876,406897,406951,54,21
406876,406950,406952,2,74
406876,406950,406951,1,74
406876,406949,406953,4,73
406876,406951,406953,2,75
406876,406951,406954,3,75
406876,406952,406954,2,76
406876,406946,406954,8,70
406876,406952,406955,3,76
406876,406944,406958,14,68
406876,406947,406960,13,71
406876,406952,406960,8,76
406876,406953,406960,7,77
406876,406899,406961,62,23
406876,406943,406961,18,67
406876,406954,406961,7,78
406876,406948,406961,13,72
406876,406954,406963,9,78
406876,406953,406963,10,77
406876,406958,406965,7,82
406876,406954,406965,11,78
406876,406956,406966,10,80
406876,406960,406966,6,84
406876,406960,406967,7,84
406843,406843,406970,127,0
406876,406948,406970,22,72
406876,406901,406984,83,25
405698,405833,407011,1178,135
407011,407012,407013,1,1
407011,407012,407014,2,1
407011,407012,407013,1,1
407011,407012,407014,2,1
407011,407012,407013,1,1
407011,407012,407013,1,1
407011,407012,407015,3,1
407011,407012,407023,11,1
406876,406901,407023,122,25
407011,407023,407027,4,12
407011,407014,407028,14,3
407011,407012,407028,16,1
407011,407014,407031,17,3
407011,407012,407033,21,1
407011,407023,407033,10,12
407011,407014,407035,21,3
407011,407014,407036,22,3
407011,407031,407037,6,20
407011,407012,407038,26,1
407011,407027,407039,12,16
407011,407014,407039,25,3
407011,407029,407039,10,18
407011,407033,407039,6,22
407011,407040,407042,2,29
407011,407035,407042,7,24
407011,407039,407043,4,28
407011,407040,407042,2,29
407011,407014,407043,29,3
407011,407033,407044,11,22
407011,407036,407045,9,25
407011,407042,407045,3,31
407011,407012,407046,34,1
407011,407028,407049,21,17
407011,407043,407049,6,32
407011,407042,407049,7,31
407011,407043,407050,7,32
407011,407043,407050,7,32
407011,407049,407051,2,38
407011,407050,407052,2,39
407011,407050,407051,1,39
407011,407044,407052,8,33
407011,407015,407052,37,4
407011,407012,407053,41,1
407011,407052,407053,1,41
407011,407052,407054,2,41
407011,407052,407053,1,41
407011,407039,407054,15,28
407011,407052,407055,3,41
407011,407052,407055,3,41
407011,407012,407055,43,1
407011,407045,407056,11,34
407011,407049,407057,8,38
407011,407049,407057,8,38
407011,407046,407057,11,35
407011,407054,407058,4,43
407011,407037,407058,21,26
407011,407055,407059,4,44
407011,407053,407060,7,42
407011,407054,407061,7,43
407011,407055,407061,6,44
407011,407054,407061,7,43
407011,407054,407062,8,43
407011,407055,407062,7,44
407011,407045,407066,21,34
407011,407038,407084,46,27
406094,406203,407108,905,109
407109,407109,407110,1,0
407109,407109,407110,1,0
407109,407109,407111,2,0
407109,407109,407111,2,0
407109,407109,407111,2,0
407109,407109,407111,2,0
407109,407109,407113,4,0
407109,407109,407120,11,0
407109,407111,407122,11,2
407109,407113,407123,10,4
407109,407111,407124,13,2
407109,407111,407127,16,2
407109,407112,407128,16,3
407109,407111,407128,17,2
407109,407111,407130,19,2
407109,407122,407130,8,13
407109,407120,407131,11,11
407109,407109,407130,21,0
407109,407109,407136,27,0
407109,407131,407136,5,22
407109,407130,407138,8,21
407109,407123,407139,16,14
407109,407131,407141,10,22
407109,407130,407141,11,21
407109,407124,407142,18,15
407109,407139,407145,6,30
407109,407138,407147,9,29
407109,407109,407147,38,0
407109,407128,407148,20,19
407109,407136,407148,12,27
405765,405901,407148,1247,136
407109,407141,407148,7,32
407109,407141,407149,8,32
407109,407142,407150,8,33
407109,407148,407151,3,39
407109,407136,407151,15,27
407109,407148,407152,4,39
407109,407145,407152,7,36
407109,407149,407152,3,40
407109,407149,407153,4,40
407109,407147,407153,6,38
407109,407152,407154,2,43
407109,407152,407154,2,43
407109,407148,407154,6,39
407109,407147,407154,7,38
407109,407151,407154,3,42
407109,407152,407155,3,43
407109,407153,407156,3,44
407109,407150,407155,5,41
407109,407151,407156,5,42
407109,407155,407158,3,46
407109,407156,407159,3,47
407109,407153,407160,7,44
407109,407155,407159,4,46
407109,407154,407161,7,45
407109,407155,407161,6,46
407109,407154,407161,7,45
407109,407127,407161,34,18
407109,407154,407163,9,45
407109,407156,407163,7,47
407149,407159,407165,6,10
407109,407128,407165,37,19
407109,407109,407164,55,0
407149,407161,407165,4,12
407149,407161,407165,4,12
407149,407160,407166,6,11
407149,407159,407165,6,10
407149,407160,407165,5,11
407149,407161,407166,5,12
407109,407109,407171,62,0
407149,407166,407173,7,17
407149,407167,407175,8,18
407149,407171,407178,7,22
407149,407166,407180,14,17
407149,407175,407186,11,26
407149,407166,407187,21,17
407149,407180,407188,8,31
407149,407165,407189,24,16
407149,407187,407191,4,38
407149,407178,407191,13,29
407149,407186,407192,6,37
407149,407188,407195,7,39
407149,407161,407195,34,12
407109,407109,407195,86,0
407149,407173,407195,22,24
407149,407165,407197,32,16
407149,407191,407198,7,42
407149,407192,407199,7,43
407149,407191,407200,9,42
407149,407189,407199,10,40
407109,407109,407202,93,0
407149,407196,407202,6,47
407149,407197,407202,5,48
407149,407165,407203,38,16
407149,407198,407203,5,49
407149,407199,407204,5,50
407149,407165,407205,40,16
407149,407200,407207,7,51
407149,407196,407208,12,47
407149,407195,407208,13,46
407149,407195,407208,13,46
407149,407208,407210,2,59
407149,407200,407210,10,51
407149,407208,407211,3,59
407149,407210,407212,2,61
407149,407202,407211,9,53
407149,407202,407211,9,53
407149,407210,407211,1,61
407149,407211,407213,2,62
407149,407204,407212,8,55
407149,407208,407213,5,59
405940,406003,407214,1211,63
407149,407212,407213,1,63
407149,407203,407215,12,54
407149,407202,407216,14,53
407149,407205,407216,11,56
407149,407207,407216,9,58
407149,407212,407217,5,63
407149,407203,407218,15,54
407214,407216,407218,2,2
407214,407216,407218,2,2
407214,407217,407219,2,3
407149,407212,407219,7,63
407149,407215,407220,5,66
407149,407213,407220,7,64
407214,407218,407220,2,4
407214,407218,407220,2,4
407214,407218,407220,2,4
407149,407213,407221,8,64
407149,407214,407220,6,65
407149,407214,407222,8,65
407149,407165,407222,57,16
407149,407212,407225,13,63
407214,407219,407225,6,5
407149,407213,407229,16,64
407149,407163,407235,72,14
407214,407225,407236,11,11
407149,407163,407243,80,14
407214,407219,407243,24,5
407214,407220,407243,23,6
407214,407229,407244,15,15
407214,407222,407246,24,8
407214,407236,407247,11,22
407214,407220,407248,28,6
407214,407244,407248,4,30
407214,407246,407250,4,32
407214,407243,407251,8,29
407214,407235,407250,15,21
407214,407248,407252,4,34
407214,407248,407253,5,34
407214,407220,407254,34,6
407214,407225,407254,29,11
407214,407243,407254,11,29
407214,407254,407257,3,40
407214,407254,407256,2,40
407214,407252,407259,7,38
407214,407249,407259,10,35
407214,407250,407261,11,36
407214,407255,407262,7,41
407214,407251,407262,11,37
407214,407251,407262,11,37
407214,407220,407262,42,6
407214,407255,407262,7,41
407214,407243,407264,21,29
407214,407259,407267,8,45
407214,407261,407269,8,47
407214,407257,407269,12,43
407214,407262,407271,9,48
407214,407259,407271,12,45
407214,407267,407270,3,53
407214,407269,407271,2,55
407214,407262,407271,9,48
407214,407269,407270,1,55
407214,407257,407271,14,43
407214,407262,407273,11,48
407214,407271,407273,2,57
407214,407264,407273,9,50
407214,407262,407273,11,48
407214,407263,407274,11,49
407214,407271,407274,3,57
407214,407271,407275,4,57
406045,406085,407275,1190,40
407214,407274,407278,4,60
407214,407223,407278,55,9
407276,407276,407278,2,0
407214,407271,407279,8,57
407214,407271,407279,8,57
407214,407273,407278,5,59
407276,407276,407278,2,0
407214,407273,407280,7,59
407276,407278,407280,2,2
407276,407278,407279,1,2
407214,407273,407281,8,59
407276,407279,407280,1,3
407276,407278,407280,2,2
407214,407271,407282,11,57
407214,407273,407285,12,59
407276,407279,407287,8,3
407214,407272,407288,16,58
407214,407221,407290,69,7
407276,407287,407295,8,11
407276,407279,407301,22,3
407276,407279,407303,24,3
407276,407280,407311,31,4
407276,407290,407312,22,14
407276,407295,407313,18,19
407276,407282,407314,32,6
407276,407301,407315,14,25
407276,407281,407315,34,5
407276,407288,407315,27,12
407276,407313,407319,6,37
407276,407285,407320,35,9
407214,407221,407320,99,7
406063,406136,407321,1185,73
407276,407315,407321,6,39
407276,407315,407321,6,39
407276,407312,407322,10,36
407276,407280,407322,42,4
407276,407321,407324,3,45
407276,407321,407326,5,45
407276,407315,407327,12,39
407214,407220,407327,107,6
407276,407321,407328,7,45
407276,407280,407329,49,4
407276,407281,407330,49,5
407276,407303,407330,27,27
407276,407319,407330,11,43
407276,407320,407331,11,44
407276,407311,407331,20,35
407276,407314,407330,16,38
407276,407322,407331,9,46
407276,407323,407333,10,47
407276,407324,407333,9,48
407276,407327,407334,7,51
407276,407326,407334,8,50
407276,407320,407334,14,44
407276,407333,407336,3,57
407276,407333,407335,2,57
407276,407334,407336,2,58
407276,407331,407337,6,55
407276,407331,407337,6,55
407276,407334,407337,3,58
407276,407330,407338,8,54
407276,407329,407338,9,53
407276,407327,407339,12,51
407276,407331,407339,8,55
407276,407281,407340,59,5
407276,407334,407340,6,58
407276,407328,407341,13,52
407276,407338,407341,3,62
407276,407330,407341,11,54
407321,407339,407340,1,18
407276,407331,407341,10,55
407321,407340,407341,1,19
407321,407340,407342,2,19
407276,407338,407342,4,62
407276,407338,407343,5,62
407321,407341,407343,2,20
407321,407341,407343,2,20
407276,407337,407343,6,61
407276,407337,407342,5,61
407321,407341,407344,3,20
407276,407337,407343,6,61
407321,407342,407344,2,21
407276,407331,407343,12,55
407276,407336,407344,8,60
407276,407336,407345,9,60
407321,407344,407353,9,23
407321,407344,407356,12,23
407321,407342,407357,15,21
407321,407344,407358,14,23
407321,407345,407365,20,24
407321,407345,407366,21,24
407321,407358,407368,10,37
407321,407357,407369,12,36
407321,407342,407372,30,21
407321,407353,407373,20,32
407321,407365,407377,12,44
407321,407369,407377,8,48
407321,407368,407379,11,47
407321,407343,407380,37,22
407321,407373,407379,6,52
407321,407366,407381,15,45
407321,407342,407382,40,21
407321,407380,407384,4,59
407321,407373,407384,11,52
407321,407380,407385,5,59
407321,407377,407388,11,56
407321,407344,407388,44,23
407321,407381,407389,8,60
407321,407377,407390,13,56
407321,407343,407390,47,22
407321,407384,407391,7,63
407321,407379,407393,14,58
407321,407384,407393,9,63
407321,407382,407394,12,61
407321,407385,407393,8,64
407321,407356,407395,39,35
407321,407342,407396,54,21
407321,407394,407397,3,73
407321,407390,407397,7,69
407321,407394,407398,4,73
407321,407393,407398,5,72
407321,407395,407398,3,74
407321,407393,407397,4,72
407321,407397,407399,2,76
407321,407388,407399,11,67
407321,407396,407399,3,75
407321,407391,407400,9,70
407321,407390,407400,10,69
407321,407397,407402,5,76
407321,407400,407402,2,79
407321,407388,407403,15,67
407321,407389,407404,15,68
407321,407399,407404,5,78
407321,407399,407404,5,78
407321,407398,407405,7,77
407321,407398,407405,7,77
407321,407398,407406,8,77
407321,407398,407406,8,77
407321,407399,407405,6,78
407321,407343,407409,66,22
407321,407344,407422,78,23
406124,406259,407437,1178,135
407321,407344,407438,94,23
407438,407438,407440,2,0
407438,407438,407440,2,0
407438,407438,407441,3,0
407438,407438,407441,3,0
407438,407438,407440,2,0
407438,407438,407441,3,0
407438,407438,407440,2,0
407438,407438,407454,16,0
407438,407438,407454,16,0
407438,407441,407456,15,3
406257,406312,407463,1151,55
407438,407438,407469,31,0
407438,407440,407472,32,2
407438,407454,407475,21,16
407438,407454,407476,22,16
407438,407441,407476,35,3
407438,407476,407479,3,38
407438,407476,407482,6,38
407438,407479,407483,4,41
407438,407441,407485,44,3
407438,407482,407486,4,44
407438,407483,407486,3,45
407438,407469,407486,17,31
407438,407485,407490,5,47
407438,407486,407492,6,48
407438,407486,407492,6,48
407438,407464,407493,29,26
407438,407486,407495,9,48
407438,407456,407495,39,18
407438,407495,407498,3,57
407438,407490,407499,9,52
407438,407441,407499,58,3
407438,407492,407500,8,54
407438,407492,407500,8,54
407438,407494,407501,7,56
407438,407440,407502,62,2
407438,407498,407502,4,60
407438,407441,407502,61,3
407438,407495,407507,12,57
407438,407502,407507,5,64
407438,407502,407507,5,64
407438,407499,407508,9,61
407438,407499,407508,9,61
407438,407503,407509,6,65
407438,407501,407508,7,63
407438,407507,407508,1,69
407438,407507,407508,1,69
407438,407507,407510,3,69
407438,407472,407510,38,34
407438,407509,407511,2,71
407438,407500,407511,11,62
407438,407509,407511,2,71
407438,407510,407512,2,72
407438,407509,407512,3,71
407438,407510,407511,1,72
407438,407510,407511,1,72
407438,407500,407513,13,62
407465,407511,407513,2,46
407438,407508,407514,6,70
407465,407512,407514,2,47
407465,407512,407514,2,47
407438,407508,407513,5,70
407465,407512,407513,1,47
407465,407512,407514,2,47
406536,406611,407515,904,75
407465,407512,407514,2,47
407438,407438,407515,77,0
407465,407513,407517,4,48
407438,407438,407518,80,0
407438,407475,407520,45,37
407465,407514,407528,14,49
407465,407514,407532,18,49
407465,407514,407533,19,49
407438,407438,407535,97,0
407465,407514,407548,34,49
407438,407438,407549,111,0
407465,407533,407552,19,68
407465,407515,407557,42,50
407465,407514,407557,43,49
407465,407532,407560,28,67
407465,407535,407562,27,70
407465,407552,407563,11,87
407465,407562,407565,3,97
406351,406398,407566,1168,47
407465,407548,407566,18,83
407465,407563,407567,4,98
407465,407566,407569,3,101
407465,407515,407570,55,50
407465,407557,407570,13,92
407465,407566,407572,6,101
407465,407560,407573,13,95
407465,407566,407575,9,101
407465,407549,407576,27,84
407465,407567,407577,10,102
407465,407577,407580,3,112
407465,407576,407580,4,111
407465,407569,407580,11,104
407465,407572,407581,9,107
407438,407438,407581,143,0
407465,407580,407581,1,115
407465,407574,407581,7,109
407465,407571,407582,11,106
407465,407580,407583,3,115
407465,407581,407583,2,116
407465,407558,407583,25,93
407465,407581,407583,2,116
407465,407575,407583,8,110
407465,407582,407584,2,117
407465,407582,407584,2,117
407465,407581,407583,2,116
407465,407582,407585,3,117
407465,407583,407585,2,118
407465,407583,407585,2,118
407465,407583,407585,2,118
407465,407583,407585,2,118
407465,407584,407586,2,119
407465,407583,407585,2,118
407465,407584,407585,1,119
407465,407585,407587,2,120
407465,407585,407587,2,120
407465,407585,407587,2,120
407465,407585,407587,2,120
407465,407584,407586,2,119
407465,407520,407588,68,55
407515,407586,407588,2,71
407515,407586,407587,1,71
407515,407586,407588,2,71
407515,407587,407589,2,72
407515,407587,407589,2,72
407465,407570,407588,18,105
407515,407587,407589,2,72
407465,407518,407589,71,53
407515,407587,407591,4,72
407465,407515,407605,90,50
407515,407589,407606,17,74
407515,407589,407606,17,74
407515,407587,407607,20,72
407515,407589,407608,19,74
407465,407517,407610,93,52
407515,407591,407610,19,76
407515,407588,407612,24,73
407515,407608,407613,5,93
407515,407606,407613,7,91
407465,407528,407614,86,63
407515,407609,407614,5,94
407465,407514,407614,100,49
407515,407610,407614,4,95
407515,407589,407616,27,74
407515,407610,407617,7,95
407515,407614,407617,3,99
407515,407613,407618,5,98
407515,407614,407620,6,99
407515,407618,407620,2,103
407515,407616,407620,4,101
407515,407614,407619,5,99
407515,407613,407622,9,98
407515,407620,407622,2,105
407515,407618,407623,5,103
407515,407620,407623,3,105
407515,407620,407623,3,105
407515,407620,407624,4,105
407515,407618,407623,5,103
407515,407614,407624,10,99
407515,407622,407624,2,107
407515,407622,407625,3,107
407515,407624,407626,2,109
407515,407623,407625,2,108
407515,407624,407628,4,109
407515,407623,407628,5,108
407515,407626,407628,2,111
407515,407624,407628,4,109
407515,407625,407628,3,110
407515,407626,407628,2,111
407515,407628,407630,2,113
407515,407623,407630,7,108
407515,407628,407630,2,113
407515,407628,407630,2,113
407515,407628,407630,2,113
407515,407613,407630,17,98
407515,407628,407630,2,113
407515,407630,407632,2,115
407515,407630,407632,2,115
407515,407630,407632,2,115
407515,407630,407632,2,115
407515,407630,407632,2,115
407515,407630,407631,1,115
407515,407624,407633,9,109
407566,407632,407634,2,66
407566,407632,407634,2,66
407566,407632,407634,2,66
407566,407632,407633,1,66
407515,407606,407636,30,91
407515,407631,407636,5,116
407515,407605,407636,31,90
407566,407632,407638,6,66
407566,407632,407639,7,66
407566,407634,407640,6,68
407465,407515,407645,130,50
407566,407634,407653,19,68
407515,407588,407655,67,73
407566,407636,407671,35,70
407566,407636,407678,42,70
407566,407634,407682,48,68
407566,407636,407682,46,70
406409,406467,407684,1217,58
407515,407589,407684,95,74
407566,407634,407687,53,68
407566,407634,407693,59,68
407566,407683,407694,11,117
407566,407645,407696,51,79
407566,407684,407697,13,118
407566,407687,407697,10,121
407566,407684,407698,14,118
407566,407697,407699,2,131
407566,407697,407699,2,131
407566,407640,407701,61,74
407566,407682,407702,20,116
407566,407693,407703,10,127
407566,407638,407704,66,72
407566,407699,407705,6,133
407566,407696,407707,11,130
407566,407698,407709,11,132
407566,407656,407709,53,90
407566,407700,407710,10,134
407566,407671,407710,39,105
407566,407696,407711,15,130
407566,407701,407711,10,135
407566,407705,407712,7,139
407566,407710,407713,3,144
407566,407710,407712,2,144
407515,407588,407712,124,73
407566,407710,407713,3,144
407566,407702,407714,12,136
407566,407712,407714,2,146
407566,407707,407714,7,141
407566,407711,407714,3,145
407566,407713,407715,2,147
407566,407713,407715,2,147
407566,407713,407714,1,147
407566,407712,407715,3,146
407566,407709,407716,7,143
407566,407713,407715,2,147
407566,407714,407715,1,148
407566,407715,407717,2,149
407566,407715,407717,2,149
407566,407715,407717,2,149
407566,407714,407717,3,148
407566,407715,407717,2,149
407566,407715,407717,2,149
407566,407716,407718,2,150
407566,407678,407718,40,112
407566,407716,407718,2,150
407566,407716,407718,2,150
407566,407716,407718,2,150
407566,407703,407717,14,137
407684,407717,407719,2,33
407566,407704,407719,15,138
407684,407717,407718,1,33
407566,407717,407718,1,151
407684,407718,407719,1,34
407684,407717,407719,2,33
407684,407718,407720,2,34
407684,407718,407719,1,34
407684,407718,407723,5,34
406513,406556,407724,1168,43
407566,407653,407731,78,87
407684,407718,407735,17,34
407684,407719,407739,20,35
407684,407719,407741,22,35
407684,407735,407741,6,51
407684,407731,407744,13,47
406700,406840,407747,907,140
407684,407739,407747,8,55
407566,407639,407749,110,73
407684,407725,407751,26,41
407684,407718,407752,34,34
407684,407747,407753,6,63
407684,407744,407755,11,60
407684,407741,407756,15,57
407684,407752,407757,5,68
407684,407753,407758,5,69
407684,407755,407762,7,71
407684,407741,407762,21,57
407684,407719,407766,47,35
407684,407723,407766,43,39
407684,407747,407767,20,63
407515,407589,407767,178,74
407684,407756,407768,12,72
407684,407762,407772,10,78
407684,407762,407772,10,78
407684,407720,407772,52,36
407684,407751,407772,21,67
407684,407767,407773,6,83
407684,407768,407774,6,84
407684,407772,407775,3,88
407684,407766,407774,8,82
407684,407766,407775,9,82
407684,407772,407775,3,88
407684,407773,407774,1,89
407684,407774,407776,2,90
407684,407767,407776,9,83
407684,407720,407777,57,36
407684,407775,407777,2,91
407684,407772,407778,6,88
407684,407775,407777,2,91
407684,407776,407778,2,92
407684,407776,407778,2,92
407684,407775,407779,4,91
407684,407777,407779,2,93
407684,407776,407778,2,92
407684,407778,407779,1,94
407684,407777,407779,2,93
407684,407776,407779,3,92
407684,407778,407780,2,94
407684,407772,407780,8,88
407684,407779,407781,2,95
407725,407779,407781,2,54
407684,407778,407780,2,94
407684,407758,407782,24,74
407684,407757,407782,25,73
407725,407779,407782,3,54
407725,407779,407781,2,54
407725,407780,407781,1,55
407684,407779,407783,4,95
407725,407780,407782,2,55
407725,407781,407782,1,56
407684,407779,407783,4,95
407684,407720,407787,67,36
407684,407719,407789,70,35
407725,407781,407791,10,56
407684,407749,407804,55,65
407725,407782,407809,27,57
407725,407809,407815,6,84
407725,407782,407815,33,57
407725,407815,407818,3,90
407725,407791,407818,27,66
407725,407815,407820,5,90
407725,407781,407820,39,56
407725,407804,407824,20,79
407684,407719,407825,106,35
407725,407820,407825,5,95
407725,407818,407828,10,93
407725,407818,407830,12,93
407725,407828,407833,5,103
407725,407825,407834,9,100
407725,407830,407837,7,105
407725,407837,407840,3,112
407725,407783,407840,57,58
407725,407820,407841,21,95
407725,407833,407842,9,108
407725,407840,407843,3,115
407725,407834,407844,10,109
407725,407843,407845,2,118
407725,407840,407845,5,115
407725,407843,407847,4,118
407725,407824,407847,23,99
407725,407844,407848,4,119
407725,407842,407849,7,117
407725,407845,407850,5,120
406577,406660,407851,1191,83
407725,407845,407850,5,120
407725,407849,407852,3,124
407725,407782,407852,70,57
407725,407850,407851,1,125
407725,407847,407851,4,122
407725,407783,407853,70,58
407725,407852,407854,2,127
407725,407825,407854,29,100
407725,407851,407854,3,126
407725,407852,407854,2,127
407725,407852,407854,2,127
407725,407852,407855,3,127
407725,407851,407855,4,126
407725,407853,407854,1,128
407725,407854,407856,2,129
407725,407848,407856,8,123
407725,407854,407857,3,129
407725,407854,407857,3,129
407725,407854,407857,3,129
407725,407854,407856,2,129
407725,407848,407858,10,123
407725,407787,407857,70,62
407725,407855,407858,3,130
407748,407856,407858,2,108
407748,407857,407859,2,109
407748,407857,407859,2,109
407748,407857,407858,1,109
407748,407857,407860,3,109
407748,407858,407860,2,110
407725,407783,407861,78,58
407725,407855,407861,6,130
407725,407855,407861,6,130
407725,407783,407862,79,58
407684,407719,407865,146,35
407748,407858,407866,8,110
407748,407863,407874,11,115
407748,407858,407876,18,110
407748,407862,407877,15,114
407748,407876,407879,3,128
407748,407865,407881,16,117
407748,407859,407882,23,111
407748,407874,407882,8,126
407748,407861,407883,22,113
407725,407783,407886,103,58
407748,407882,407887,5,134
407748,407879,407889,10,131
407748,407877,407889,12,129
407725,407789,407891,102,64
407748,407881,407891,10,133
407748,407887,407895,8,139
407748,407882,407896,14,134
407748,407883,407898,15,135
407748,407891,407898,7,143
407748,407889,407898,9,141
407748,407889,407900,11,141
407748,407861,407900,39,113
407748,407895,407900,5,147
407748,407886,407901,15,138
407748,407866,407902,36,118
407748,407859,407903,44,111
407748,407898,407903,5,150
407748,407898,407903,5,150
407748,407897,407904,7,149
407748,407900,407905,5,152
407748,407900,407905,5,152
407748,407900,407905,5,152
407748,407902,407905,3,154
407748,407901,407906,5,153
407748,407898,407905,7,150
407748,407903,407907,4,155
407748,407905,407907,2,157
407748,407905,407906,1,157
407748,407905,407906,1,157
407748,407906,407908,2,158
407748,407906,407908,2,158
407748,407906,407908,2,158
407748,407906,407907,1,158
407748,407903,407908,5,155
407748,407907,407909,2,159
407748,407907,407909,2,159
407748,407907,407909,2,159
407748,407908,407910,2,160
407748,407908,407910,2,160
407748,407908,407910,2,160
407748,407908,407910,2,160
407748,407903,407909,6,155
407748,407908,407909,1,160
407748,407908,407909,1,160
407748,407909,407911,2,161
407748,407891,407911,20,143
407852,407909,407912,3,57
407852,407910,407912,2,58
407852,407910,407912,2,58
407852,407910,407912,2,58
407852,407910,407912,2,58
407852,407910,407913,3,58
407852,407910,407913,3,58
407725,407783,407915,132,58
407852,407913,407920,7,61
407852,407913,407922,9,61
407852,407911,407927,16,59
407852,407911,407929,18,59
407852,407911,407932,21,59
407852,407932,407937,5,80
407852,407914,407938,24,62
407852,407927,407939,12,75
407852,407929,407940,11,77
407852,407937,407941,4,85
407852,407912,407942,30,60
407852,407939,407942,3,87
407852,407912,407943,31,60
406612,406723,407943,1220,111
407852,407938,407944,6,86
406617,406790,407945,1155,173
407852,407943,407945,2,91
407852,407940,407945,5,88
407852,407943,407947,4,91
407852,407943,407947,4,91
407852,407945,407948,3,93
407852,407912,407948,36,60
407852,407945,407948,3,93
407852,407945,407949,4,93
407852,407941,407949,8,89
407852,407944,407948,4,92
407852,407947,407950,3,95
407852,407948,407950,2,96
407852,407948,407950,2,96
407852,407949,407951,2,97
407852,407949,407952,3,97
407852,407947,407952,5,95
407852,407942,407952,10,90
407852,407950,407952,2,98
407852,407950,407953,3,98
407852,407951,407952,1,99
407852,407950,407953,3,98
407852,407952,407954,2,100
407852,407952,407954,2,100
407852,407952,407954,2,100
407852,407953,407955,2,101
407852,407953,407955,2,101
407852,407952,407955,3,100
407852,407948,407955,7,96
407852,407949,407954,5,97
407852,407953,407955,2,101
407852,407954,407956,2,102
407852,407954,407956,2,102
407852,407955,407957,2,103
407852,407954,407956,2,102
407852,407955,407957,2,103
407852,407955,407957,2,103
407852,407922,407956,34,70
407852,407955,407956,1,103
407852,407955,407957,2,103
407852,407912,407958,46,60
407852,407955,407957,2,103
407944,407957,407959,2,13
407944,407957,407959,2,13
407944,407956,407958,2,12
407944,407957,407959,2,13
407944,407957,407960,3,13
407852,407920,407960,40,68
407944,407957,407959,2,13
407944,407957,407963,6,13
407944,407960,407964,4,16
407944,407960,407965,5,16
407852,407915,407969,54,63
407944,407963,407972,9,19
407944,407965,407976,11,21
407944,407960,407976,16,16
407012,407056,407977,921,44
407748,407860,407977,117,112
407944,407969,407979,10,25
407944,407972,407978,6,28
407944,407964,407980,16,20
407944,407976,407981,5,32
407944,407976,407982,6,32
407748,407859,407983,124,111
407944,407957,407983,26,13
407944,407977,407985,8,33
407944,407981,407986,5,37
407944,407982,407987,5,38
407944,407983,407987,4,39
407944,407985,407988,3,41
407944,407979,407988,9,35
407944,407977,407989,12,33
407944,407983,407988,5,39
407944,407986,407990,4,42
407944,407980,407991,11,36
407944,407987,407991,4,43
407944,407979,407992,13,35
407944,407988,407993,5,44
407944,407989,407993,4,45
407944,407987,407994,7,43
407944,407988,407993,5,44
407944,407959,407994,35,15
407944,407992,407995,3,48
407944,407991,407995,4,47
407944,407989,407994,5,45
407944,407991,407997,6,47
407944,407990,407997,7,46
407944,407960,407998,38,16
407944,407995,407998,3,51
407944,407994,407998,4,50
407944,407995,407999,4,51
407944,407994,408000,6,50
407944,407958,408000,42,14
407944,407997,408000,3,53
407944,407958,408001,43,14
407944,407996,408001,5,52
407944,407998,408001,3,54
407944,407998,408002,4,54
407944,407993,408002,9,49
407944,407999,408002,3,55
407944,408000,408002,2,56
407944,407998,408002,4,54
407944,407998,408002,4,54
407944,408001,408003,2,57
407944,407994,408002,8,50
407944,408001,408003,2,57
407944,408000,408003,3,56
407944,407993,408002,9,49
407945,408002,408004,2,57
407945,408002,408003,1,57
407945,408002,408005,3,57
407944,408000,408005,5,56
407945,408002,408005,3,57
407945,408002,408005,3,57
407945,408003,408005,2,58
407945,408003,408007,4,58
407945,408005,408009,4,60
407944,407959,408010,51,15
407945,408003,408019,16,58
407945,408005,408022,17,60
407945,408006,408024,18,61
407945,408005,408026,21,60
407945,408009,408027,18,64
407945,408003,408027,24,58
407945,408010,408030,20,65
407945,408027,408033,6,82
407945,408019,408033,14,74
407944,407959,408035,76,15
407945,408027,408036,9,82
407945,408008,408038,30,63
407945,408033,408039,6,88
407945,408027,408040,13,82
407945,408024,408041,17,79
407945,408038,408043,5,93
407945,408022,408044,22,77
407945,408040,408044,4,95
407945,408030,408045,15,85
407945,408033,408045,12,88
407945,408044,408047,3,99
407945,408041,408047,6,96
407945,408039,408047,8,94
407945,408036,408048,12,91
407945,408045,408048,3,100
407945,408045,408049,4,100
407945,408047,408050,3,102
407945,408047,408050,3,102
407945,408043,408051,8,98
407945,408048,408051,3,103
407945,408035,408051,16,90
407945,408044,408050,6,99
407945,408005,408052,47,60
407945,408047,408051,4,102
407945,408049,408051,2,104
407945,408050,408051,1,105
407945,408050,408052,2,105
407945,408051,408053,2,106
407945,408049,408053,4,104
407945,408051,408053,2,106
407945,408051,408053,2,106
407945,408051,408054,3,106
407945,408052,408054,2,107
407945,408053,408055,2,108
407945,408053,408055,2,108
407945,408053,408055,2,108
407945,408053,408055,2,108
407945,408053,408055,2,108
407945,408053,408055,2,108
407945,408054,408056,2,109
407945,408053,408055,2,108
407945,408055,408057,2,110
407978,408055,408057,2,77
407978,408055,408056,1,77
407945,408054,408058,4,109
407978,408055,408057,2,77
407978,408056,408059,3,78
407978,408055,408059,4,77
407978,408057,408060,3,79
406706,406893,408060,1167,187
407978,408056,408061,5,78
407978,408057,408067,10,79
407748,407860,408067,207,112
407978,408060,408068,8,82
407945,408003,408070,67,58
407978,408061,408076,15,83
407978,408067,408082,15,89
407978,408069,408082,13,91
407978,408067,408084,17,89
407978,408057,408084,27,79
407978,408057,408085,28,79
407978,408070,408086,16,92
407945,408004,408090,86,59
407748,407860,408090,230,112
407978,408082,408092,10,104
407978,408084,408092,8,106
407978,408082,408092,10,104
407978,408085,408093,8,107
407978,408084,408094,10,106
407978,408090,408093,3,112
407978,408087,408095,8,109
407978,408092,408095,3,114
407978,408090,408096,6,112
407978,408093,408100,7,115
407978,408094,408100,6,116
407978,408058,408100,42,80
407978,408058,408102,44,80
407978,408092,408102,10,114
407978,408092,408103,11,114
407978,408076,408102,26,98
407978,408094,408104,10,116
407978,408096,408106,10,118
407978,408095,408106,11,117
407978,408095,408108,13,117
407978,408104,408108,4,126
407978,408103,408109,6,125
407978,408108,408110,2,130
407978,408100,408111,11,122
407978,408108,408111,3,130
407978,408100,408111,11,122
407978,408109,408111,2,131
407978,408106,408111,5,128
407978,408102,408112,10,124
407978,408102,408113,11,124
407978,408111,408113,2,133
407978,408111,408113,2,133
407978,408111,408112,1,133
407978,408110,408113,3,132
407978,408112,408114,2,134
407978,408060,408114,54,82
407978,408100,408113,13,122
407978,408113,408115,2,135
407978,408113,408115,2,135
407978,408104,408114,10,126
407978,408113,408115,2,135
407978,408113,408114,1,135
407978,408113,408115,2,135
407945,408004,408116,112,59
407978,408106,408115,9,128
407978,408114,408115,1,136
408061,408114,408116,2,53
408061,408114,408116,2,53
408061,408115,408117,2,54
407978,408114,408116,2,136
408061,408115,408118,3,54
408061,408115,408118,3,54
408061,408115,408117,2,54
408061,408115,408120,5,54
408061,408118,408125,7,57
407945,408004,408128,124,59
408061,408120,408129,9,59
408061,408125,408130,5,64
408061,408128,408131,3,67
408061,408115,408132,17,54
408061,408129,408135,6,68
408061,408118,408135,17,57
408061,408118,408138,20,57
408061,408136,408139,3,75
408061,408135,408141,6,74
408061,408138,408141,3,77
406877,406961,408141,1180,84
408061,408116,408142,26,55
408061,408139,408144,5,78
408061,408141,408145,4,80
408061,408141,408145,4,80
408061,408116,408148,32,55
408061,408145,408148,3,84
408061,408145,408148,3,84
408061,408132,408148,16,71
408061,408141,408149,8,80
407978,408059,408149,90,81
408061,408142,408150,8,81
408061,408144,408149,5,83
408061,408148,408151,3,87
408061,408149,408152,3,88
408061,408148,408152,4,87
408061,408148,408154,6,87
408061,408148,408154,6,87
408061,408149,408154,5,88
408061,408152,408157,5,91
408061,408154,408157,3,93
408061,408154,408157,3,93
408061,408152,408157,5,91
408061,408154,408157,3,93
408061,408152,408157,5,91
408061,408130,408157,27,69
408061,408131,408157,26,70
408061,408150,408159,9,89
408061,408157,408160,3,96
408061,408157,408160,3,96
408061,408158,408161,3,97
408061,408157,408161,4,96
408061,408157,408161,4,96
408061,408158,408161,3,97
408061,408157,408161,4,96
408061,408159,408160,1,98
408061,408158,408161,3,97
408061,408150,408161,11,89
408061,408160,408163,3,99
408061,408160,408163,3,99
408142,408161,408163,2,19
408061,408161,408163,2,100
408061,408161,408163,2,100
408061,408116,408163,47,55
408061,408161,408163,2,100
408142,408163,408168,5,21
408142,408163,408169,6,21
408142,408162,408169,7,20
408142,408162,408170,8,20
408061,408117,408171,54,56
408142,408162,408172,10,20
408142,408163,408173,10,21
408142,408171,408179,8,29
408142,408163,408185,22,21
408142,408172,408186,14,30
408142,408185,408189,4,43
408142,408170,408191,21,28
408142,408188,408193,5,46
408142,408189,408194,5,47
408142,408191,408198,7,49
408142,408194,408200,6,52
408061,408117,408201,84,56
408142,408193,408205,12,51
408142,408198,408205,7,56
408142,408200,408207,7,58
408142,408179,408208,29,37
408142,408201,408209,8,59
408142,408173,408210,37,31
408142,408205,408212,7,63
408142,408205,408212,7,63
408061,408117,408212,95,56
408142,408210,408213,3,68
407978,408059,408214,155,81
408142,408207,408215,8,65
408142,408209,408215,6,67
408142,408212,408216,4,70
408142,408212,408216,4,70
408142,408208,408216,8,66
408142,408163,408217,54,21
408142,408163,408218,55,21
408142,408212,408219,7,70
408142,408215,408221,6,73
408142,408216,408222,6,74
408142,408213,408223,10,71
408142,408216,408223,7,74
408142,408214,408223,9,72
408142,408217,408224,7,75
408142,408215,408224,9,73
408142,408216,408225,9,74
408142,408223,408225,2,81
408142,408223,408224,1,81
408142,408223,408225,2,81
408142,408224,408226,2,82
408142,408223,408225,2,81
408142,408224,408226,2,82
408142,408218,408225,7,76
408142,408226,408227,1,84
408142,408225,408227,2,83
408142,408225,408228,3,83
408142,408226,408228,2,84
408142,408221,408228,7,79
408142,408226,408228,2,84
408142,408226,408228,2,84
408142,408219,408229,10,77
408142,408226,408228,2,84
408142,408226,408228,2,84
408142,408227,408228,1,85
408142,408227,408230,3,85
408142,408169,408245,76,27
408061,408117,408252,135,56
408142,408169,408257,88,27
408142,408164,408296,132,22
407321,407401,408316,915,80
408317,408317,408318,1,0
408317,408317,408319,2,0
408317,408317,408320,3,0
408317,408317,408320,3,0
408317,408317,408319,2,0
408317,408317,408320,3,0
408317,408317,408322,5,0
408317,408320,408339,19,3
408317,408319,408340,21,2
408317,408320,408341,21,3
407110,407156,408341,1185,46
408317,408317,408342,25,0
408317,408317,408343,26,0
408317,408322,408343,21,5
408317,408317,408345,28,0
408317,408341,408348,7,24
408317,408317,408350,33,0
408317,408341,408351,10,24
408317,408317,408351,34,0
408317,408343,408353,10,26
408317,408343,408353,10,26
408317,408320,408354,34,3
408317,408342,408355,13,25
408317,408345,408356,11,28
408317,408320,408356,36,3
408317,408351,408357,6,34
408317,408353,408359,6,36
408317,408339,408359,20,22
408317,408351,408360,9,34
408317,408340,408361,21,23
408317,408319,408362,43,2
408317,408317,408361,44,0
408317,408356,408363,7,39
408317,408355,408363,8,38
408317,408356,408364,8,39
408317,408354,408364,10,37
408317,408363,408365,2,46
408317,408357,408365,8,40
408317,408362,408365,3,45
408317,408363,408366,3,46
408317,408364,408366,2,47
408317,408365,408367,2,48
408317,408365,408367,2,48
408317,408365,408367,2,48
408317,408363,408366,3,46
408317,408365,408368,3,48
408317,408353,408368,15,36
408317,408359,408368,9,42
408317,408361,408368,7,44
408317,408360,408369,9,43
408317,408367,408368,1,50
408317,408366,408368,2,49
408317,408367,408369,2,50
408317,408366,408368,2,49
408142,408168,408370,202,26
408317,408360,408370,10,43
408317,408368,408370,2,51
408317,408367,408370,3,50
408317,408368,408369,1,51
408317,408368,408370,2,51
408317,408350,408370,20,33
408317,408368,408370,2,51
408317,408369,408370,1,52
408342,408369,408372,3,27
408317,408317,408371,54,0
408342,408370,408372,2,28
408342,408369,408371,2,27
408342,408370,408372,2,28
408342,408370,408372,2,28
408342,408370,408371,1,28
408342,408369,408372,3,27
408317,408348,408372,24,31
408317,408367,408374,7,50
408342,408370,408374,4,28
408342,408372,408379,7,30
408342,408371,408380,9,29
408342,408374,408380,6,32
408342,408370,408382,12,28
408342,408374,408383,9,32
408342,408372,408387,15,30
408342,408373,408388,15,31
408342,408373,408389,16,31
408342,408387,408390,3,45
408342,408383,408391,8,41
408342,408372,408392,20,30
408342,408379,408392,13,37
408342,408388,408393,5,46
408342,408373,408393,20,31
408342,408391,408394,3,49
408342,408392,408395,3,50
408342,408390,408395,5,48
408342,408371,408396,25,29
408342,408392,408396,4,50
408342,408389,408396,7,47
408342,408380,408398,18,38
408342,408382,408400,18,40
408342,408372,408400,28,30
408342,408393,408402,9,51
408342,408400,408403,3,58
408342,408394,408405,11,52
408342,408372,408405,33,30
408342,408402,408405,3,60
408342,408393,408406,13,51
408342,408395,408406,11,53
408342,408395,408406,11,53
408342,408406,408408,2,64
408342,408406,408408,2,64
408342,408400,408408,8,58
408342,408396,408408,12,54
408342,408406,408407,1,64
408342,408406,408409,3,64
408342,408398,408409,11,56
408342,408397,408409,12,55
408342,408408,408411,3,66
408342,408408,408411,3,66
408342,408408,408411,3,66
408342,408408,408411,3,66
408342,408409,408411,2,67
408342,408409,408411,2,67
408342,408408,408411,3,66
408342,408380,408411,31,38
408342,408403,408411,8,61
408342,408409,408411,2,67
408342,408405,408412,7,63
408342,408411,408412,1,69
408342,408396,408413,17,54
408342,408411,408413,2,69
408342,408405,408423,18,63
407438,407511,408426,915,73
408426,408426,408428,2,0
408426,408426,408428,2,0
408426,408426,408428,2,0
408426,408426,408428,2,0
408426,408426,408430,4,0
408426,408426,408430,4,0
408342,408372,408436,64,30
407149,407216,408437,1221,67
408426,408430,408438,8,4
408426,408426,408444,18,0
408342,408372,408444,72,30
408426,408431,408446,15,5
408426,408429,408446,17,3
408426,408426,408446,20,0
408426,408426,408447,21,0
408426,408428,408448,20,2
408426,408439,408447,8,13
408426,408437,408449,12,11
408426,408426,408449,23,0
408426,408426,408449,23,0
408426,408444,408450,6,18
408426,408446,408452,6,20
408426,408444,408452,8,18
408426,408450,408453,3,24
408426,408446,408453,7,20
408426,408426,408453,27,0
408426,408436,408453,17,10
408426,408452,408455,3,26
408426,408450,408455,5,24
408426,408446,408458,12,20
408426,408452,408458,6,26
408426,408449,408458,9,23
408426,408453,408460,7,27
408426,408454,408461,7,28
408426,408453,408461,8,27
408426,408458,408462,4,32
408426,408426,408462,36,0
408426,408455,408462,7,29
408426,408455,408463,8,29
408426,408460,408462,2,34
408426,408461,408463,2,35
408426,408454,408462,8,28
408426,408461,408464,3,35
408426,408462,408464,2,36
408426,408462,408464,2,36
408426,408463,408465,2,37
408426,408463,408465,2,37
408426,408462,408466,4,36
408426,408458,408466,8,32
408426,408463,408465,2,37
408426,408458,408466,8,32
408426,408463,408466,3,37
408426,408464,408467,3,38
408426,408464,408467,3,38
408426,408466,408468,2,40
408426,408466,408468,2,40
408426,408447,408467,20,21
408426,408464,408468,4,38
408426,408466,408469,3,40
408437,408467,408470,3,30
408426,408465,408470,5,39
408426,408466,408470,4,40
408437,408467,408470,3,30
408426,408465,408470,5,39
408437,408468,408472,4,31
408437,408468,408472,4,31
408437,408468,408472,4,31
408437,408468,408472,4,31
408437,408469,408473,4,32
408426,408448,408474,26,22
408426,408428,408476,48,2
408437,408470,408477,7,33
408426,408449,408480,31,23
408426,408428,408483,55,2
408437,408470,408486,16,33
408437,408483,408489,6,46
408437,408470,408490,20,33
408437,408470,408491,21,33
408437,408476,408492,16,39
408437,408480,408492,12,43
408437,408474,408492,18,37
408437,408492,408495,3,55
408437,408473,408497,24,36
408437,408492,408497,5,55
408437,408492,408498,6,55
408437,408477,408498,21,40
408437,408495,408497,2,58
408437,408497,408500,3,60
408437,408498,408499,1,61
408437,408498,408502,4,61
408437,408499,408503,4,62
408437,408486,408503,17,49
408437,408499,408507,8,62
408437,408472,408508,36,35
408437,408491,408508,17,54
408437,408501,408508,7,64
408426,408449,408510,61,23
408437,408500,408512,12,63
408437,408490,408512,22,53
408437,408502,408514,12,65
408437,408490,408514,24,53
408437,408510,408515,5,73
407215,407275,408515,1240,60
408437,408503,408515,12,66
408437,408515,408517,2,78
408437,408512,408517,5,75
408437,408515,408517,2,78
408437,408512,408518,6,75
408437,408509,408518,9,72
408437,408517,408519,2,80
408437,408517,408520,3,80
408437,408518,408520,2,81
408437,408504,408519,15,67
408437,408507,408519,12,70
408437,408518,408521,3,81
408437,408515,408521,6,78
408437,408518,408520,2,81
408437,408519,408521,2,82
408437,408521,408522,1,84
408437,408520,408522,2,83
408437,408520,408522,2,83
408437,408520,408522,2,83
408437,408521,408522,1,84
408437,408521,408524,3,84
408437,408514,408524,10,77
408516,408522,408524,2,6
408516,408522,408523,1,6
408516,408522,408523,1,6
408516,408522,408525,3,6
408437,408514,408524,10,77
408437,408508,408527,19,71
408437,408508,408528,20,71
408516,408523,408528,5,7
408516,408524,408530,6,8
408516,408523,408530,7,7
407276,407339,408538,1199,63
408516,408524,408539,15,8
408437,408470,408541,71,33
408516,408524,408545,21,8
408516,408524,408545,21,8
408516,408539,408553,14,23
408516,408545,408553,8,29
408437,408472,408555,83,35
408516,408538,408558,20,22
408516,408554,408560,6,38
408516,408553,408563,10,37
408516,408555,408563,8,39
408516,408545,408565,20,29
408516,408560,408566,6,44
408516,408563,408566,3,47
408516,408558,408567,9,42
408516,408541,408569,28,25
408516,408564,408570,6,48
408516,408565,408571,6,49
408516,408528,408571,43,12
408437,408472,408571,99,35
408516,408566,408571,5,50
408516,408566,408572,6,50
408516,408567,408571,4,51
408516,408524,408574,50,8
408516,408527,408574,47,11
408516,408569,408576,7,53
408516,408525,408577,52,9
408516,408530,408577,47,14
408516,408571,408580,9,55
408516,408570,408580,10,54
408516,408525,408580,55,9
408516,408571,408582,11,55
408516,408574,408582,8,58
408516,408577,408582,5,61
408516,408571,408581,10,55
408516,408571,408583,12,55
408516,408577,408583,6,61
408516,408529,408583,54,13
408516,408572,408584,12,56
408516,408572,408584,12,56
408516,408574,408583,9,58
408516,408583,408584,1,67
408516,408582,408584,2,66
408516,408583,408584,1,67
408516,408583,408585,2,67
408516,408582,408584,2,66
408516,408584,408586,2,68
408516,408584,408586,2,68
408516,408583,408586,3,67
408516,408584,408586,2,68
408516,408582,408586,4,66
408516,408584,408586,2,68
408516,408580,408587,7,64
408516,408584,408587,3,68
408516,408584,408586,2,68
408539,408586,408587,1,47
408516,408576,408587,11,60
408516,408585,408588,3,69
408539,408586,408588,2,47
408539,408586,408588,2,47
408539,408586,408588,2,47
408539,408586,408589,3,47
408539,408586,408588,2,47
408516,408580,408588,8,64
408516,408580,408589,9,64
408539,408587,408590,3,48
408539,408591,408596,5,52
408539,408587,408601,14,48
408539,408596,408602,6,57
408539,408602,408604,2,63
408539,408601,408606,5,62
408539,408604,408606,2,65
408539,408587,408607,20,48
408539,408590,408609,19,51
408539,408606,408611,5,67
408539,408587,408612,25,48
408539,408609,408614,5,70
408539,408607,408616,9,68
408539,408611,408621,10,72
408516,408530,408621,91,14
408539,408616,408622,6,77
408539,408614,408623,9,75
408539,408587,408623,36,48
408539,408588,408625,37,49
408539,408588,408625,37,49
408539,408606,408626,20,67
408539,408589,408627,38,50
408539,408589,408629,40,50
408539,408621,408632,11,82
408539,408621,408631,10,82
408539,408612,408632,20,73
408539,408622,408632,10,83
408539,408623,408633,10,84
408539,408625,408633,8,86
408539,408623,408634,11,84
408539,408625,408634,9,86
408539,408626,408635,9,87
408539,408633,408636,3,94
408539,408633,408636,3,94
408539,408632,408636,4,93
408539,408635,408637,2,96
408539,408636,408638,2,97
408539,408636,408638,2,97
408539,408636,408639,3,97
408539,408628,408639,11,89
408539,408633,408640,7,94
408539,408632,408640,8,93
408539,408637,408639,2,98
408539,408634,408640,6,95
408539,408634,408640,6,95
408539,408639,408641,2,100
408539,408638,408641,3,99
408539,408639,408641,2,100
408539,408632,408642,10,93
408539,408640,408641,1,101
408539,408640,408642,2,101
408539,408639,408641,2,100
408539,408640,408642,2,101
408539,408630,408641,11,91
408539,408640,408643,3,101
408539,408641,408643,2,102
408437,408472,408648,176,35
408539,408589,408672,83,50
408539,408590,408676,86,51
408539,408588,408686,98,49
407685,407779,408696,917,94
408696,408696,408697,1,0
408696,408696,408697,1,0
408696,408696,408699,3,0
408696,408696,408700,4,0
408696,408696,408700,4,0
408696,408696,408699,3,0
408696,408696,408701,5,0
408696,408701,408705,4,5
408696,408705,408709,4,9
408696,408709,408712,3,13
408696,408700,408715,15,4
408696,408712,408716,4,16
408696,408699,408716,17,3
408696,408696,408716,20,0
408696,408696,408718,22,0
408696,408716,408719,3,20
408696,408716,408721,5,20
408696,408696,408722,26,0
408696,408715,408722,7,19
408696,408717,408725,8,21
408696,408722,408725,3,26
408696,408723,408724,1,27
408696,408721,408727,6,25
408696,408699,408727,28,3
408696,408726,408728,2,30
408696,408725,408727,2,29
408696,408725,408731,6,29
408696,408727,408733,6,31
408696,408696,408733,37,0
408696,408719,408733,14,23
408696,408734,408735,1,38
408696,408727,408735,8,31
408696,408718,408736,18,22
408696,408735,408736,1,39
408696,408728,408736,8,32
408696,408735,408737,2,39
408696,408728,408739,11,32
408696,408737,408739,2,41
408696,408737,408739,2,41
408696,408736,408739,3,40
408696,408731,408740,9,35
408696,408737,408739,2,41
408696,408733,408740,7,37
408696,408739,408741,2,43
408696,408739,408741,2,43
408696,408739,408741,2,43
408696,408739,408742,3,43
408696,408740,408742,2,44
408696,408740,408743,3,44
408696,408733,408743,10,37
408696,408740,408742,2,44
408696,408741,408742,1,45
408696,408742,408746,4,46
408696,408741,408746,5,45
408696,408700,408747,47,4
408696,408743,408747,4,47
408696,408742,408747,5,46
408696,408696,408748,52,0
408696,408741,408748,7,45
408696,408696,408753,57,0
407725,407856,408757,901,131
408696,408696,408757,61,0
407467,407585,408758,1173,118
408757,408757,408759,2,0
408757,408757,408758,1,0
408757,408757,408759,2,0
408757,408757,408759,2,0
408757,408757,408759,2,0
408757,408757,408759,2,0
408696,408698,408762,64,2
408757,408757,408765,8,0
408696,408700,408766,66,4
408757,408758,408774,16,1
408757,408766,408776,10,9
408757,408757,408776,19,0
408757,408757,408777,20,0
408757,408774,408779,5,17
408757,408765,408780,15,8
408757,408759,408781,22,2
408757,408757,408781,24,0
408757,408776,408782,6,19
408757,408777,408783,6,20
408757,408781,408785,4,24
408757,408776,408786,10,19
408757,408784,408786,2,27
408757,408785,408786,1,28
408757,408781,408788,7,24
408757,408780,408788,8,23
408757,408779,408788,9,22
408757,408786,408788,2,29
408757,408787,408789,2,30
408757,408788,408790,2,31
408757,408786,408789,3,29
408757,408762,408791,29,5
408757,408783,408792,9,26
408757,408788,408792,4,31
408757,408792,408795,3,35
408757,408792,408795,3,35
408757,408792,408795,3,35
408757,408791,408796,5,34
408757,408795,408797,2,38
408757,408789,408797,8,32
408757,408788,408797,9,31
408757,408795,408797,2,38
408757,408759,408798,39,2
408757,408788,408797,9,31
408757,408796,408798,2,39
408757,408797,408799,2,40
408757,408795,408799,4,38
408757,408797,408799,2,40
408757,408798,408800,2,41
408757,408797,408799,2,40
408757,408798,408799,1,41
408757,408797,408800,3,40
408757,408790,408800,10,33
408757,408799,408800,1,42
408757,408798,408800,2,41
408757,408799,408802,3,42
408757,408799,408802,3,42
408759,408801,408803,2,42
408757,408800,408803,3,43
408759,408801,408803,2,42
408757,408800,408804,4,43
408759,408802,408804,2,43
408757,408800,408804,4,43
408759,408802,408804,2,43
408759,408803,408804,1,44
408757,408800,408804,4,43
408696,408696,408806,110,0
408759,408803,408806,3,44
408759,408803,408816,13,44
407748,407909,408823,914,161
408757,408759,408825,66,2
408759,408804,408827,23,45
408759,408823,408830,7,64
408759,408804,408831,27,45
408759,408826,408833,7,67
408759,408804,408834,30,45
408757,408757,408834,77,0
408759,408827,408838,11,68
408759,408833,408843,10,74
408759,408830,408844,14,71
408759,408835,408844,9,76
408759,408834,408848,14,75
408757,408757,408849,92,0
408759,408831,408849,18,72
408759,408838,408854,16,79
407516,407631,408855,1224,115
408759,408844,408855,11,85
408759,408849,408858,9,90
408759,408855,408858,3,96
408757,408760,408859,99,3
408759,408858,408861,3,99
408759,408806,408861,55,47
408759,408843,408861,18,84
408759,408858,408861,3,99
408759,408854,408862,8,95
408759,408855,408862,7,96
408759,408806,408864,58,47
408759,408804,408864,60,45
408759,408860,408865,5,101
408759,408865,408867,2,106
408759,408844,408867,23,85
408759,408864,408868,4,105
408759,408861,408869,8,102
408759,408862,408869,7,103
408759,408867,408870,3,108
408759,408861,408871,10,102
408759,408805,408871,66,46
408759,408862,408871,9,103
408759,408861,408870,9,102
408759,408869,408871,2,110
408759,408870,408871,1,111
408759,408870,408872,2,111
408759,408861,408872,11,102
408759,408864,408872,8,105
408757,408759,408872,113,2
408759,408871,408873,2,112
408759,408871,408872,1,112
408759,408872,408874,2,113
408759,408871,408874,3,112
408759,408872,408874,2,113
408759,408848,408873,25,89
408759,408872,408874,2,113
408759,408873,408875,2,114
408759,408873,408876,3,114
408759,408872,408876,4,113
408759,408867,408875,8,108
408824,408874,408876,2,50
408759,408872,408875,3,113
408759,408872,408876,4,113
408759,408874,408875,1,115
408824,408874,408876,2,50
408824,408874,408877,3,50
408759,408805,408877,72,46
408824,408875,408877,2,51
408759,408868,408877,9,109
408824,408875,408877,2,51
408824,408876,408879,3,52
407569,407717,408879,1162,148
408759,408816,408880,64,57
408824,408876,408881,5,52
408759,408849,408880,31,90
408824,408879,408897,18,55
408824,408876,408896,20,52
408824,408876,408899,23,52
407944,408001,408900,899,57
408824,408876,408900,24,52
408824,408900,408902,2,76
408824,408900,408903,3,76
408824,408880,408905,25,56
408824,408902,408906,4,78
408824,408906,408908,2,82
408824,408900,408909,9,76
408824,408881,408909,28,57
408824,408908,408910,2,84
408824,408903,408909,6,79
408824,408909,408912,3,85
408824,408909,408912,3,85
408824,408906,408912,6,82
408824,408910,408914,4,86
408824,408912,408916,4,88
408824,408912,408915,3,88
408824,408897,408917,20,73
408824,408910,408917,7,86
408824,408917,408920,3,93
408824,408914,408921,7,90
408824,408879,408921,42,55
408824,408918,408922,4,94
408824,408920,408922,2,96
408824,408917,408922,5,93
408824,408921,408922,1,97
408824,408913,408923,10,89
408824,408922,408924,2,98
408824,408897,408924,27,73
408824,408923,408925,2,99
408824,408921,408924,3,97
408824,408922,408925,3,98
408824,408922,408924,2,98
408824,408924,408926,2,100
408824,408924,408926,2,100
408824,408924,408926,2,100
408824,408925,408926,1,101
408824,408925,408927,2,101
408824,408925,408927,2,101
408824,408926,408928,2,102
408824,408916,408927,11,92
408824,408925,408928,3,101
408824,408881,408928,47,57
408824,408926,408928,2,102
408824,408876,408929,53,52
408855,408928,408930,2,73
408855,408928,408930,2,73
408824,408926,408930,4,102
408855,408928,408931,3,73
408824,408927,408931,4,103
408824,408927,408931,4,103
408855,408928,408930,2,73
408855,408929,408932,3,74
408855,408930,408931,1,75
408757,408760,408934,174,3
408824,408877,408935,58,53
408855,408930,408941,11,75
408824,408876,408950,74,52
408855,408941,408953,12,86
408855,408930,408953,23,75
408824,408877,408954,77,53
408824,408877,408955,78,53
408855,408930,408956,26,75
408855,408950,408956,6,95
408855,408953,408958,5,98
408855,408953,408960,7,98
408855,408956,408960,4,101
408855,408956,408961,5,101
408855,408956,408961,5,101
408855,408954,408962,8,99
408855,408962,408972,10,107
408855,408961,408972,11,106
408855,408958,408973,15,103
408824,408877,408975,98,53
408855,408972,408976,4,117
408855,408972,408978,6,117
408855,408974,408977,3,119
408855,408975,408982,7,120
408855,408961,408982,21,106
408855,408960,408983,23,105
408855,408960,408985,25,105
408824,408876,408985,109,52
408855,408978,408987,9,123
408855,408976,408988,12,121
408855,408979,408989,10,124
408855,408989,408991,2,134
408855,408988,408992,4,133
408855,408986,408994,8,131
408855,408935,408994,59,80
408855,408987,408994,7,132
408855,408991,408994,3,136
408855,408985,408995,10,130
408855,408994,408996,2,139
408855,408982,408996,14,127
408855,408984,408995,11,129
408855,408994,408996,2,139
408855,408982,408997,15,127
408855,408995,408997,2,140
408855,408995,408997,2,140
408855,408996,408998,2,141
408855,408994,408997,3,139
408855,408996,408998,2,141
408855,408997,408999,2,142
408855,408994,408998,4,139
408855,408996,408998,2,141
408855,408996,408999,3,141
408855,408997,409000,3,142
408824,408878,409000,122,54
408855,408997,409000,3,142
408880,408999,409001,2,119
408855,408999,409001,2,144
408880,408999,409001,2,119
408855,408998,409000,2,143
408855,408998,409002,4,143
408880,409000,409001,1,120
408880,409001,409002,1,121
408880,409000,409002,2,120
408855,408998,409001,3,143
408880,409000,409003,3,120
408880,409001,409006,5,121
408855,408931,409006,75,76
408855,408931,409008,77,76
408880,409002,409022,20,122
408880,409009,409023,14,129
408880,409001,409026,25,121
408880,409022,409027,5,142
408880,409023,409029,6,143
408880,409026,409030,4,146
408880,409027,409033,6,147
408855,408931,409034,103,76
408880,409031,409035,4,151
408880,409033,409036,3,153
408880,409029,409037,8,149
408880,409034,409037,3,154
408880,409035,409039,4,155
408880,409036,409040,4,156
408880,409037,409045,8,157
408880,409038,409047,9,158
408880,409040,409050,10,160
408855,408931,409051,120,76
408880,409040,409051,11,160
408880,409045,409052,7,165
408855,408932,409052,120,77
408880,409047,409054,7,167
408880,409051,409056,5,171
408880,409050,409056,6,170
408880,409002,409060,58,122
408880,409052,409062,10,172
408880,409051,409065,14,171
408880,409056,409065,9,176
408880,409054,409066,12,174
408880,409056,409066,10,176
408880,409065,409067,2,185
408880,409052,409066,14,172
408880,409065,409067,2,185
408880,409066,409068,2,186
408880,409060,409069,9,180
408880,409066,409069,3,186
408880,409067,409070,3,187
408880,409067,409070,3,187
408880,409067,409071,4,187
408880,409069,409071,2,189
408880,409063,409071,8,183
408880,409068,409070,2,188
408880,409069,409072,3,189
408880,409070,409072,2,190
408880,409071,409073,2,191
408880,409070,409073,3,190
408880,409071,409074,3,191
408880,409071,409074,3,191
408901,409074,409076,2,173
408880,409073,409076,3,193
408880,409072,409076,4,192
408880,409073,409077,4,193
408880,409072,409078,6,192
408901,409076,409078,2,175
408901,409076,409078,2,175
408901,409077,409079,2,176
408880,409072,409078,6,192
408901,409076,409079,3,175
408901,409078,409080,2,177
408901,409078,409086,8,177
408855,408932,409092,160,77
408901,409079,409097,18,178
408901,409078,409101,23,177
408880,409007,409103,96,127
408901,409079,409108,29,178
408880,409002,409111,109,122
408880,409002,409113,111,122
408901,409087,409128,41,186
408901,409103,409138,35,202
408901,409092,409138,46,191
408901,409081,409143,62,180
408901,409113,409159,46,212
408901,409080,409167,87,179
408901,409138,409167,29,237
408901,409167,409170,3,266
407852,407956,409170,1214,104
408901,409170,409171,1,269
408880,409002,409173,171,122
408880,409003,409173,170,123
408901,409170,409175,5,269
408901,409172,409175,3,271
408901,409167,409177,10,266
408901,409175,409177,2,274
408901,409173,409177,4,272
408901,409175,409176,1,274
408901,409138,409177,39,237
408901,409174,409178,4,273
408901,409177,409179,2,276
408901,409128,409180,52,227
408901,409178,409180,2,277
408901,409177,409181,4,276
408901,409179,409181,2,278
408901,409177,409181,4,276
408901,409180,409183,3,279
408901,409159,409183,24,258
408880,409002,409183,181,122
408901,409177,409184,7,276
408901,409177,409185,8,276
408901,409182,409185,3,281
408901,409183,409184,1,282
408901,409183,409185,2,282
408901,409181,409185,4,280
408880,409006,409187,181,126
408901,409097,409187,90,196
408901,409181,409187,6,280
408901,409181,409187,6,280
408901,409183,409189,6,282
408901,409187,409189,2,286
408901,409185,409190,5,284
408901,409184,409190,6,283
408901,409108,409190,82,207
408901,409187,409190,3,286
408901,409187,409191,4,286
408901,409187,409191,4,286
408901,409189,409191,2,288
408901,409189,409191,2,288
408901,409185,409193,8,284
409171,409191,409192,1,20
408901,409185,409193,8,284
409171,409191,409192,1,20
409171,409191,409193,2,20
409171,409192,409194,2,21
408901,409190,409194,4,289
408901,409190,409194,4,289
408901,409185,409195,10,284
408901,409190,409195,5,289
409171,409193,409196,3,22
408901,409185,409196,11,284
408855,408934,409196,262,79
409171,409193,409197,4,22
409171,409193,409206,13,22
408901,409111,409212,101,210
409171,409194,409215,21,23
408901,409143,409218,75,242
408901,409101,409225,124,200
409171,409196,409226,30,25
409171,409194,409229,35,23
409171,409195,409230,35,24
409171,409212,409243,31,41
409171,409217,409246,29,46
409171,409246,409248,2,75
409171,409248,409251,3,77
409171,409195,409252,57,24
409171,409243,409252,9,72
409171,409197,409253,56,26
408319,408369,409254,885,50
409171,409230,409255,25,59
409171,409251,409254,3,80
409171,409254,409255,1,83
409171,409194,409257,63,23
409171,409253,409257,4,82
409171,409252,409257,5,81
409171,409252,409258,6,81
409171,409255,409258,3,84
409171,409194,409259,65,23
409171,409257,409260,3,86
409171,409196,409260,64,25
409171,409257,409259,2,86
409171,409258,409259,1,87
409171,409255,409259,4,84
409171,409197,409259,62,26
409171,409257,409260,3,86
409171,409258,409261,3,87
409171,409259,409262,3,88
409171,409260,409262,2,89
409171,409260,409263,3,89
409171,409206,409263,57,35
409171,409261,409264,3,90
409171,409260,409264,4,89
409171,409261,409263,2,90
409171,409256,409264,8,85
409171,409262,409264,2,91
409171,409260,409263,3,89
409171,409262,409265,3,91
409171,409263,409265,2,92
409171,409262,409265,3,91
409171,409264,409266,2,93
409171,409260,409266,6,89
409171,409264,409267,3,93
409171,409263,409268,5,92
409171,409264,409268,4,93
409171,409264,409268,4,93
409171,409265,409269,4,94
409254,409267,409268,1,13
409171,409264,409268,4,93
409254,409267,409269,2,13
409254,409268,409270,2,14
409254,409268,409269,1,14
409171,409265,409270,5,94
409254,409268,409270,2,14
409171,409265,409271,6,94
409254,409269,409270,1,15
409171,409229,409270,41,58
409171,409265,409270,5,94
407945,408055,409272,1217,110
409171,409194,409272,78,23
409254,409269,409275,6,15
409254,409271,409284,13,17
409171,409225,409291,66,54
409254,409271,409295,24,17
409254,409295,409305,10,41
409171,409226,409309,83,55
409254,409271,409310,39,17
409254,409275,409313,38,21
409254,409305,409318,13,51
409254,409291,409318,27,37
409254,409272,409323,51,18
409254,409269,409324,55,15
409254,409319,409324,5,65
409254,409323,409326,3,69
409254,409324,409326,2,70
409254,409324,409326,2,70
409254,409284,409328,44,30
409254,409309,409329,20,55
407978,408114,409329,1215,136
409254,409326,409330,4,72
409254,409328,409330,2,74
409254,409326,409330,4,72
409254,409318,409331,13,64
409254,409329,409331,2,75
409254,409326,409331,5,72
409171,409218,409332,114,47
409254,409330,409333,3,76
409254,409330,409332,2,76
409254,409331,409334,3,77
409254,409331,409334,3,77
409254,409332,409335,3,78
409254,409329,409336,7,75
409254,409330,409336,6,76
409254,409336,409339,3,82
409254,409336,409339,3,82
409254,409332,409341,9,78
409254,409335,409342,7,81
409254,409339,409343,4,85
409254,409339,409344,5,85
409254,409334,409344,10,80
409254,409334,409344,10,80
409254,409334,409344,10,80
408061,408161,409345,1184,100
409254,409341,409344,3,87
409254,409333,409345,12,79
409254,409343,409345,2,89
409254,409342,409344,2,88
409254,409344,409346,2,90
409254,409344,409346,2,90
409272,409346,409348,2,74
409254,409344,409348,4,90
409272,409346,409347,1,74
409254,409345,409348,3,91
409254,409345,409349,4,91
409254,409345,409350,5,91
409254,409345,409351,6,91
409254,409313,409351,38,59
409272,409348,409351,3,76
409272,409348,409351,3,76
409272,409348,409351,3,76
409272,409347,409352,5,75
409254,409271,409360,89,17
409272,409349,409361,12,77
409254,409310,409368,58,56
409272,409350,409370,20,78
409272,409349,409390,41,77
409254,409272,409398,126,18
409272,409352,409410,58,80
408143,408228,409411,1183,85
409272,409351,409425,74,79
409254,409270,409425,155,16
409254,409270,409426,156,16
409272,409351,409429,78,79
409272,409398,409429,31,126
409272,409429,409432,3,157
409272,409429,409433,4,157
409272,409426,409434,8,154
409272,409432,409436,4,160
409254,409269,409436,167,15
409272,409434,409436,2,162
409272,409351,409436,85,79
409272,409433,409437,4,161
409272,409436,409438,2,164
409272,409436,409439,3,164
409272,409436,409440,4,164
409272,409436,409441,5,164
409272,409425,409441,16,153
409254,409270,409443,173,16
409272,409370,409444,74,98
409272,409410,409445,35,138
409272,409411,409445,34,139
409272,409439,409446,7,167
409272,409443,409448,5,171
409272,409441,409448,7,169
409272,409446,409449,3,174
409272,409444,409449,5,172
409272,409445,409449,4,173
409272,409351,409450,99,79
409272,409438,409450,12,166
409272,409446,409451,5,174
409272,409448,409450,2,176
409272,409448,409451,3,176
409272,409449,409451,2,177
409272,409369,409452,83,97
409272,409437,409451,14,165
409272,409390,409453,63,118
409272,409452,409453,1,180
409272,409451,409454,3,179
409272,409452,409454,2,180
409272,409440,409454,14,168
409272,409449,409455,6,177
409272,409451,409455,4,179
409272,409441,409454,13,169
409272,409451,409456,5,179
409272,409454,409456,2,182
409272,409453,409457,4,181
409330,409455,409457,2,125
409272,409450,409456,6,178
409330,409455,409456,1,125
409272,409454,409457,3,182
409272,409454,409458,4,182
409330,409456,409458,2,126
409330,409456,409457,1,126
409272,409454,409458,4,182
409272,409449,409458,9,177
409330,409457,409459,2,127
409272,409451,409459,8,179
409330,409457,409458,1,127
409272,409451,409460,9,179
409330,409457,409466,9,127
409272,409425,409469,44,153
409330,409458,409477,19,128
409272,409351,409477,126,79
409330,409458,409479,21,128
409330,409458,409482,24,128
409272,409360,409483,123,88
409330,409458,409487,29,128
409330,409457,409487,30,127
409330,409487,409489,2,157
409330,409489,409492,3,159
409330,409487,409493,6,157
409330,409458,409494,36,128
409330,409492,409493,1,162
409330,409483,409495,12,153
409330,409493,409496,3,163
409330,409459,409496,37,129
409330,409494,409498,4,164
409330,409495,409499,4,165
409330,409496,409501,5,166
409330,409494,409502,8,164
409330,409459,409502,43,129
409330,409482,409503,21,152
409330,409499,409503,4,169
409330,409501,409505,4,171
409330,409498,409505,7,168
409330,409502,409504,2,172
409330,409503,409506,3,173
409330,409479,409506,27,149
409330,409502,409506,4,172
409330,409503,409506,3,173
409330,409505,409507,2,175
409330,409496,409506,10,166
409330,409505,409508,3,175
409330,409506,409507,1,176
409272,409361,409509,148,89
409330,409506,409510,4,176
409330,409507,409510,3,177
409330,409507,409511,4,177
409330,409506,409511,5,176
409330,409477,409512,35,147
409330,409507,409512,5,177
409330,409511,409514,3,181
409330,409477,409514,37,147
409330,409506,409514,8,176
409330,409512,409514,2,182
409330,409512,409513,1,182
409330,409511,409515,4,181
409330,409509,409514,5,179
409330,409510,409516,6,180
409330,409514,409516,2,184
409330,409508,409516,8,178
409330,409510,409517,7,180
409346,409515,409517,2,169
409346,409515,409517,2,169
409330,409509,409517,8,179
409330,409514,409518,4,184
409346,409516,409518,2,170
409346,409516,409517,1,170
409330,409514,409518,4,184
409346,409517,409519,2,171
409330,409466,409519,53,136
409330,409514,409518,4,184
409346,409516,409519,3,170
409330,409459,409520,61,129
409330,409469,409521,52,139
409346,409517,409520,3,171
409330,409460,409530,70,130
409346,409517,409536,19,171
409254,409270,409540,270,16
409346,409520,409540,20,174
409346,409540,409547,7,194
409346,409517,409551,34,171
409346,409518,409552,34,172
409346,409520,409554,34,174
409346,409521,409555,34,175
409346,409519,409556,37,173
409346,409552,409557,5,206
409346,409551,409557,6,205
409346,409554,409557,3,208
409346,409555,409558,3,209
409346,409519,409559,40,173
409346,409547,409559,12,201
409346,409556,409560,4,210
409346,409557,409562,5,211
409346,409557,409562,5,211
409346,409540,409563,23,194
409346,409558,409562,4,212
409346,409557,409564,7,211
409346,409521,409563,42,175
409346,409562,409566,4,216
409346,409563,409566,3,217
409346,409564,409566,2,218
409346,409562,409567,5,216
409346,409530,409566,36,184
409346,409566,409567,1,220
409346,409563,409567,4,217
409346,409536,409568,32,190
409346,409560,409567,7,214
409346,409564,409568,4,218
409346,409559,409568,9,213
409346,409568,409572,4,222
409346,409559,409572,13,213
409346,409566,409574,8,220
409346,409566,409574,8,220
409346,409568,409573,5,222
409346,409569,409574,5,223
409346,409572,409574,2,226
409346,409572,409574,2,226
409346,409567,409575,8,221
409346,409574,409576,2,228
409346,409574,409576,2,228
409346,409519,409577,58,173
409346,409567,409577,10,221
409346,409567,409577,10,221
409346,409574,409578,4,228
409346,409574,409577,3,228
409346,409568,409577,9,222
409346,409574,409578,4,228
409346,409576,409579,3,230
409411,409577,409579,2,166
409411,409577,409579,2,166
409411,409578,409581,3,167
409411,409578,409580,2,167
409346,409568,409580,12,222
409411,409578,409580,2,167
409346,409575,409580,5,229
409411,409578,409580,2,167
409346,409575,409581,6,229
409330,409461,409585,124,131
409346,409519,409586,67,173
409411,409579,409591,12,168
409411,409579,409608,29,168
409411,409579,409610,31,168
409346,409518,409610,92,172
409411,409582,409620,38,171
409411,409591,409621,30,180
409411,409610,409627,17,199
409411,409581,409627,46,170
408343,408411,409628,1217,68
409411,409586,409629,43,175
409411,409585,409630,45,174
409411,409620,409631,11,209
409346,409518,409633,115,172
409411,409610,409634,24,199
409411,409608,409637,29,197
409411,409634,409638,4,223
409411,409621,409639,18,210
409411,409637,409640,3,226
409411,409633,409640,7,222
409411,409638,409641,3,227
409411,409627,409640,13,216
409411,409639,409641,2,228
409411,409640,409642,2,229
409411,409628,409642,14,217
409411,409631,409641,10,220
409411,409641,409643,2,230
409411,409641,409643,2,230
409411,409642,409644,2,231
409411,409641,409644,3,230
409411,409642,409644,2,231
409411,409642,409646,4,231
409411,409630,409646,16,219
409411,409629,409646,17,218
409411,409642,409649,7,231
409411,409646,409649,3,235
409411,409627,409650,23,216
409411,409643,409649,6,232
409411,409650,409652,2,239
409411,409643,409652,9,232
409411,409649,409652,3,238
409411,409646,409652,6,235
409411,409650,409653,3,239
409411,409650,409654,4,239
409411,409652,409653,1,241
409411,409652,409654,2,241
409411,409652,409654,2,241
409411,409652,409654,2,241
409411,409646,409656,10,235
409411,409644,409656,12,233
409411,409644,409657,13,233
409411,409654,409657,3,243
409629,409654,409657,3,25
409629,409656,409658,2,27
409411,409653,409658,5,242
409629,409656,409658,2,27
409411,409645,409657,12,234
409411,409654,409659,5,243
409629,409657,409659,2,28
409629,409657,409658,1,28
409629,409657,409659,2,28
409411,409654,409660,6,243
408427,408466,409665,1199,39
409629,409658,409673,15,29
409411,409581,409673,92,170
409411,409581,409673,92,170
409411,409579,409678,99,168
409629,409658,409692,34,29
409629,409673,409696,23,44
409411,409581,409698,117,170
409629,409673,409703,30,44
409411,409581,409715,134,170
409629,409673,409718,45,44
409629,409658,409721,63,29
409629,409703,409724,21,74
409629,409658,409727,69,29
409629,409721,409730,9,92
409629,409699,409730,31,70
409629,409727,409730,3,98
409629,409724,409732,8,95
409629,409659,409733,74,30
409629,409696,409734,38,67
409629,409730,409735,5,101
409629,409733,409736,3,104
409629,409732,409736,4,103
409629,409715,409736,21,86
409629,409734,409736,2,105
409629,409735,409738,3,106
409629,409730,409738,8,101
409629,409665,409739,74,36
409411,409581,409740,159,170
409629,409736,409740,4,107
409629,409736,409742,6,107
409629,409736,409742,6,107
409629,409730,409743,13,101
409629,409739,409743,4,110
409629,409738,409744,6,109
409629,409740,409744,4,111
408438,408522,409745,1223,84
409629,409737,409745,8,108
408759,408874,409745,871,115
409629,409718,409745,27,89
409629,409738,409745,7,109
409629,409744,409747,3,115
409629,409745,409747,2,116
409629,409661,409748,87,32
409629,409744,409749,5,115
409629,409740,409749,9,111
409629,409745,409750,5,116
409629,409747,409750,3,118
409629,409747,409750,3,118
409629,409678,409750,72,49
409629,409748,409750,2,119
409629,409743,409751,8,114
409629,409746,409750,4,117
409629,409746,409752,6,117
409665,409751,409753,2,86
409629,409745,409752,7,116
409629,409749,409752,3,120
409665,409751,409753,2,86
409629,409743,409752,9,114
409665,409751,409752,1,86
409665,409752,409754,2,87
409629,409749,409754,5,120
409629,409750,409755,5,121
409629,409750,409755,5,121
409665,409753,409754,1,88
409665,409753,409755,2,88
409629,409750,409756,6,121
409629,409742,409756,14,113
409629,409742,409759,17,113
409665,409753,409762,9,88
408516,408585,409763,1178,69
409665,409757,409775,18,92
409665,409753,409776,23,88
409665,409753,409778,25,88
409665,409756,409781,25,91
409665,409755,409785,30,90
409665,409763,409787,24,98
409665,409753,409791,38,88
409665,409763,409793,30,98
409665,409759,409793,34,94
409629,409692,409794,102,63
409629,409659,409795,136,30
409665,409776,409796,20,111
409665,409787,409797,10,122
409665,409792,409797,5,127
409665,409794,409798,4,129
409665,409778,409799,21,113
409665,409794,409798,4,129
409665,409785,409798,13,120
409665,409796,409800,4,131
409665,409756,409801,45,91
409665,409797,409800,3,132
409665,409793,409800,7,128
409665,409798,409802,4,133
409665,409797,409803,6,132
409665,409801,409804,3,136
409665,409801,409805,4,136
409665,409796,409805,9,131
409665,409799,409805,6,134
409665,409800,409806,6,135
409665,409801,409806,5,136
409665,409799,409808,9,134
409665,409781,409807,26,116
409665,409802,409808,6,137
409665,409803,409809,6,138
409665,409805,409809,4,140
409665,409806,409810,4,141
409665,409755,409811,56,90
409665,409809,409811,2,144
409665,409809,409811,2,144
409665,409807,409811,4,142
409665,409809,409812,3,144
409629,409659,409811,152,30
409665,409804,409812,8,139
409665,409808,409811,3,143
409665,409805,409812,7,140
409665,409808,409812,4,143
409665,409810,409813,3,145
409665,409756,409813,57,91
409665,409811,409812,1,146
409665,409811,409814,3,146
409665,409799,409813,14,134
409746,409812,409814,2,66
409665,409811,409813,2,146
409665,409811,409815,4,146
409746,409812,409814,2,66
409665,409805,409814,9,140
409746,409813,409816,3,67
409746,409813,409815,2,67
409665,409812,409817,5,147
409665,409775,409817,42,110
409746,409813,409823,10,67
409746,409814,409823,9,68
409746,409814,409824,10,68
409665,409812,409823,11,147
409665,409812,409823,11,147
409629,409659,409826,167,30
409746,409814,409832,18,68
409746,409815,409833,18,69
409746,409823,409843,20,77
409746,409815,409844,29,69
409746,409815,409851,36,69
409746,409823,409851,28,77
409746,409832,409853,21,86
409746,409815,409854,39,69
409746,409825,409857,32,79
409746,409833,409860,27,87
409746,409825,409861,36,79
409746,409854,409862,8,108
408539,408641,409863,1222,102
409746,409858,409863,5,112
409746,409843,409866,23,97
409746,409863,409867,4,117
409746,409864,409868,4,118
409746,409860,409869,9,114
409746,409851,409872,21,105
409746,409869,409873,4,123
409746,409862,409875,13,116
409746,409845,409875,30,99
409746,409868,409877,9,122
409746,409872,409877,5,126
409746,409873,409879,6,127
409746,409866,409879,13,120
409746,409851,409880,29,105
409746,409861,409880,19,115
409746,409875,409882,7,129
409746,409879,409881,2,133
409746,409877,409883,6,131
409746,409853,409883,30,107
409746,409875,409884,9,129
409746,409879,409885,6,133
409665,409754,409885,131,89
409746,409877,409886,9,131
409746,409826,409886,60,80
409746,409885,409887,2,139
409746,409880,409888,8,134
409746,409886,409888,2,140
409746,409886,409888,2,140
409746,409883,409889,6,137
409746,409884,409889,5,138
409746,409887,409889,2,141
409746,409886,409890,4,140
409746,409883,409890,7,137
409746,409867,409890,23,121
409746,409881,409890,9,135
409746,409889,409891,2,143
409746,409882,409891,9,136
409746,409818,409891,73,72
409746,409888,409892,4,142
409746,409890,409892,2,144
409746,409888,409892,4,142
409746,409890,409892,2,144
409746,409890,409892,2,144
409746,409889,409891,2,143
409746,409890,409892,2,144
409746,409889,409893,4,143
409746,409888,409893,5,142
409665,409754,409895,141,89
409746,409882,409895,13,136
408856,408999,409896,897,143
409746,409891,409900,9,145
409746,409816,409909,93,70
409746,409824,409913,89,78
409746,409895,409914,19,149
409746,409895,409916,21,149
409746,409891,409918,27,145
409746,409909,409920,11,163
409746,409896,409920,24,150
409746,409892,409922,30,146
409746,409894,409923,29,148
409746,409900,409924,24,154
409746,409924,409928,4,178
409746,409928,409930,2,182
409746,409924,409930,6,178
409746,409817,409931,114,71
409746,409920,409931,11,174
409746,409930,409932,2,184
409746,409913,409933,20,167
409746,409923,409933,10,177
409746,409930,409933,3,184
409746,409892,409935,43,146
409746,409892,409937,45,146
409746,409920,409939,19,174
409746,409931,409939,8,185
409746,409918,409940,22,172
409746,409931,409941,10,185
409746,409892,409940,48,146
409746,409934,409941,7,188
409746,409937,409943,6,191
409746,409935,409943,8,189
409746,409933,409945,12,187
409746,409941,409945,4,195
409746,409943,409946,3,197
409746,409941,409947,6,195
409746,409941,409947,6,195
409746,409943,409946,3,197
409746,409940,409948,8,194
409746,409945,409947,2,199
409746,409939,409948,9,193
409746,409945,409949,4,199
409746,409939,409949,10,193
409746,409947,409949,2,201
409746,409946,409950,4,200
409746,409947,409949,2,201
409746,409948,409949,1,202
409746,409948,409949,1,202
409746,409947,409950,3,201
409746,409948,409950,2,202
409746,409949,409952,3,203
409746,409950,409952,2,204
409746,409914,409952,38,168
409746,409933,409953,20,187
409746,409916,409954,38,170
409746,409949,409953,4,203
409763,409952,409954,2,189
409746,409949,409954,5,203
409763,409952,409956,4,189
409763,409953,409955,2,190
409763,409952,409957,5,189
409763,409950,409957,7,187
409763,409952,409958,6,189
409746,409933,409958,25,187
408758,408800,409959,1159,42
409763,409952,409958,6,189
409746,409891,409965,74,145
409763,409954,409967,13,191
409746,409893,409968,75,147
409763,409959,409969,10,196
409763,409958,409971,13,195
409763,409955,409978,23,192
409763,409955,409980,25,192
409763,409967,409982,15,204
409763,409958,409985,27,195
409763,409965,409987,22,202
409763,409959,409987,28,196
409746,409892,409994,102,146
409763,409968,409995,27,205
409763,409987,409998,11,224
409763,409994,410000,6,231
408697,408743,410001,1258,46
409763,409982,410002,20,219
409763,409955,410002,47,192
409763,409969,410004,35,206
409763,410001,410005,4,238
409763,410002,410005,3,239
409763,409957,410005,48,194
409763,409980,410006,26,217
409763,409987,410007,20,224
409763,410003,410007,4,240
409763,410000,410008,8,237
409763,409995,410013,18,232
409763,409998,410014,16,235
409763,410006,410016,10,243
409763,410013,410017,4,250
409763,410005,410017,12,242
409763,410004,410018,14,241
409746,409892,410018,126,146
409763,410008,410019,11,245
409763,409971,410019,48,208
409763,409985,410018,33,222
409763,410014,410019,5,251
409763,409978,410020,42,215
409763,410007,410021,14,244
409763,410018,410021,3,255
409763,410016,410022,6,253
409763,410019,410023,4,256
409763,410019,410023,4,256
409763,410021,410023,2,258
409763,410005,410023,18,242
409763,410021,410023,2,258
409763,410019,410023,4,256
409763,410019,410023,4,256
409763,410021,410023,2,258
409763,410018,410025,7,255
409763,410005,410025,20,242
409763,410017,410024,7,254
409763,410018,410024,6,255
409763,410022,410024,2,259
409763,410023,410025,2,260
409864,410023,410025,2,159
409864,410024,410026,2,160
409864,410024,410027,3,160
409864,410025,410027,2,161
409746,409816,410027,211,70
409763,410023,410026,3,260
409864,410025,410027,2,161
409864,410025,410026,1,161
409763,410008,410029,21,245
409763,410023,410028,5,260
409763,409956,410029,73,193
409763,410023,410028,5,260
409864,410025,410035,10,161
409864,410029,410043,14,165
409864,410029,410045,16,165
409864,410027,410046,19,163
409864,410026,410046,20,162
409864,410029,410046,17,165
409746,409892,410053,161,146
409864,410035,410058,23,171
409864,410029,410058,29,165
409864,410027,410061,34,163
409864,410058,410063,5,194
409864,410061,410068,7,197
409864,410025,410069,44,161
409864,410063,410069,6,199
409864,410025,410069,44,161
409864,410058,410071,13,194
409763,409957,410071,114,194
409864,410069,410072,3,205
409864,410027,410073,46,163
409864,410069,410073,4,205
409864,410069,410074,5,205
409864,410027,410074,47,163
409864,410068,410073,5,204
409864,410043,410078,35,179
409864,410053,410079,26,189
409864,410027,410081,54,163
409864,410071,410081,10,207
409864,410075,410083,8,211
409864,410071,410083,12,207
409864,410075,410083,8,211
409864,410078,410083,5,214
409864,410074,410084,10,210
409864,410048,410084,36,184
408825,408927,410085,1158,102
409864,410074,410086,12,210
409864,410079,410086,7,215
409864,410027,410086,59,163
409864,410084,410087,3,220
409864,410083,410087,4,219
409864,410081,410087,6,217
409864,410083,410089,6,219
409864,410074,410088,14,210
409864,410083,410089,6,219
409864,410087,410089,2,223
409864,410084,410090,6,220
409864,410081,410090,9,217
409864,410083,410091,8,219
409864,410073,410090,17,209
409898,410090,410092,2,192
409864,410045,410092,47,181
409864,410089,410092,3,225
409864,410087,410092,5,223
409864,410087,410093,6,223
409898,410090,410093,3,192
409763,409956,410092,136,193
409864,410087,410092,5,223
409864,410085,410093,8,221
409898,410091,410094,3,193
409898,410092,410093,1,194
409898,410092,410094,2,194
409898,410092,410094,2,194
409864,410086,410093,7,222
409864,410086,410094,8,222
409864,410089,410095,6,225
409864,410089,410096,7,225
409898,410092,410100,8,194
409898,410094,410107,13,196
409864,410025,410111,86,161
409898,410095,410112,17,197
409898,410094,410116,22,196
409864,410046,410120,74,182
409898,410094,410120,26,196
409898,410112,410123,11,214
409898,410100,410123,23,202
409898,410095,410124,29,197
409898,410096,410124,28,198
409898,410120,410125,5,222
409898,410108,410126,18,210
409898,410123,410126,3,225
409898,410123,410127,4,225
409898,410124,410128,4,226
409898,410125,410128,3,227
409898,410092,410129,37,194
409898,410125,410129,4,227
409898,410111,410131,20,213
409898,410126,410132,6,228
409898,410120,410133,13,222
409898,410132,410134,2,234
409898,410116,410135,19,218
409898,410134,410136,2,236
409898,410133,410136,3,235
409864,410046,410136,90,182
409898,410131,410137,6,233
409898,410128,410140,12,230
409898,410135,410139,4,237
409898,410128,410140,12,230
409898,410136,410142,6,238
409898,410094,410142,48,196
409898,410138,410141,3,240
409898,410140,410143,3,242
409898,410140,410144,4,242
409898,410136,410144,8,238
409898,410142,410144,2,244
409898,410140,410144,4,242
409898,410126,410144,18,228
409898,410142,410145,3,244
409898,410127,410144,17,229
409898,410129,410144,15,231
409898,410144,410146,2,246
409898,410142,410145,3,244
409898,410144,410145,1,246
409898,410143,410146,3,245
409898,410144,410146,2,246
409898,410144,410146,2,246
409898,410145,410148,3,247
409960,410147,410148,1,187
409898,410144,410148,4,246
409898,410145,410147,2,247
409898,410129,410149,20,231
409898,410145,410148,3,247
409960,410146,410148,2,186
409960,410147,410148,1,187
409960,410147,410150,3,187
409960,410147,410149,2,187
409960,410148,410150,2,188
409898,410136,410150,14,238
409960,410148,410151,3,188
409898,410093,410166,73,195
409960,410151,410176,25,191
409960,410151,410177,26,191
409960,410148,410182,34,188
409898,410093,410201,108,195
409960,410176,410205,29,216
409960,410150,410210,60,190
409960,410166,410211,45,206
409960,410201,410215,14,241
409898,410094,410217,123,196
409960,410148,410218,70,188
409960,410150,410219,69,190
409960,410205,410220,15,245
409898,410093,410222,129,195
409960,410177,410223,46,217
409960,410223,410225,2,263
409960,410222,410225,3,262
409960,410220,410225,5,260
409960,410219,410227,8,259
409960,410225,410228,3,265
409960,410225,410229,4,265
409960,410225,410230,5,265
409960,410218,410234,16,258
409960,410149,410235,86,189
409960,410182,410235,53,222
409898,410093,410238,145,195
409960,410149,410239,90,189
409960,410229,410241,12,269
409960,410227,410241,14,267
409960,410235,410242,7,275
409960,410231,410243,12,271
409960,410235,410243,8,275
409960,410228,410242,14,268
409960,410238,410244,6,278
409960,410239,410246,7,279
409960,410217,410247,30,257
409960,410243,410247,4,283
409960,410243,410247,4,283
409960,410234,410248,14,274
409960,410243,410249,6,283
409960,410246,410249,3,286
409960,410245,410249,4,285
409960,410241,410249,8,281
409960,410247,410249,2,287
409960,410247,410250,3,287
409960,410247,410250,3,287
409960,410248,410251,3,288
409960,410249,410250,1,289
409960,410241,410250,9,281
409960,410249,410251,2,289
409960,410249,410252,3,289
409960,410249,410252,3,289
409960,410249,410251,2,289
409960,410250,410252,2,290
409960,410242,410252,10,282
409960,410250,410252,2,290
410002,410251,410252,1,249
410002,410252,410254,2,250
410002,410251,410254,3,249
410002,410251,410254,3,249
410002,410252,410254,2,250
409960,410149,410256,107,189
410002,410252,410259,7,250
409960,410210,410259,49,250
409898,410094,410262,168,196
410002,410252,410264,12,250
409960,410149,410265,116,189
409960,410150,410266,116,190
409960,410215,410270,55,255
410002,410253,410271,18,251
409960,410211,410274,63,251
410002,410265,410279,14,263
408880,409074,410280,1206,194
410002,410266,410282,16,264
410002,410254,410284,30,252
410002,410271,410286,15,269
410002,410284,410290,6,282
410002,410270,410290,20,268
410002,410254,410292,38,252
410002,410274,410294,20,272
410002,410286,410298,12,284
410002,410294,410299,5,292
410002,410264,410299,35,262
410002,410292,410300,8,290
410002,410290,410300,10,288
410002,410283,410300,17,281
410002,410298,410300,2,296
410002,410253,410301,48,251
410002,410299,410302,3,297
410002,410290,410302,12,288
410002,410299,410302,3,297
410002,410300,410303,3,298
410002,410300,410306,6,298
410002,410302,410308,6,300
410002,410301,410308,7,299
410002,410302,410309,7,300
410002,410302,410311,9,300
410002,410302,410311,9,300
410002,410304,410311,7,302
410002,410300,410312,12,298
410002,410306,410312,6,304
410002,410311,410314,3,309
410002,410312,410315,3,310
410002,410312,410315,3,310
410002,410311,410315,4,309
410002,410311,410316,5,309
410002,410315,410317,2,313
410002,410314,410317,3,312
410002,410309,410316,7,307
410002,410315,410317,2,313
410002,410316,410318,2,314
410002,410315,410317,2,313
410002,410317,410319,2,315
410002,410259,410319,60,257
410002,410317,410319,2,315
410002,410317,410319,2,315
410002,410317,410319,2,315
410002,410318,410321,3,316
410086,410319,410321,2,233
410002,410308,410321,13,306
410086,410319,410321,2,233
410002,410308,410321,13,306
410086,410319,410321,2,233
410002,410279,410322,43,277
410086,410319,410321,2,233
410086,410319,410321,2,233
410086,410321,410324,3,235
410002,410259,410327,68,257
410002,410253,410329,76,251
410002,410255,410334,79,253
408901,409190,410338,1148,289
410086,410321,410340,19,235
410002,410262,410341,79,260
410002,410280,410342,62,278
410086,410329,410344,15,243
410002,410256,410346,90,254
410086,410334,410347,13,248
410086,410347,410357,10,261
410086,410346,410360,14,260
410086,410327,410361,34,241
410086,410361,410364,3,275
410086,410364,410370,6,278
410086,410338,410370,32,252
410086,410344,410371,27,258
410086,410340,410372,32,254
410086,410370,410373,3,284
410086,410323,410375,52,237
410086,410370,410376,6,284
410086,410357,410378,21,271
410086,410324,410378,54,238
410086,410371,410378,7,285
410086,410360,410379,19,274
410086,410372,410379,7,286
410086,410341,410378,37,255
410086,410373,410383,10,287
410086,410379,410383,4,293
410086,410379,410386,7,293
410086,410383,410386,3,297
410086,410383,410387,4,297
410086,410378,410389,11,292
410086,410378,410389,11,292
410086,410386,410391,5,300
410086,410386,410392,6,300
410086,410389,410393,4,303
410086,410376,410393,17,290
410086,410375,410394,19,289
410086,410389,410395,6,303
410086,410387,410396,9,301
410086,410392,410397,5,306
410086,410379,410397,18,293
410002,410255,410397,142,253
410086,410378,410398,20,292
410086,410394,410397,3,308
410086,410397,410399,2,311
410086,410398,410400,2,312
410086,410398,410400,2,312
410086,410398,410401,3,312
410086,410400,410403,3,314
410086,410397,410403,6,311
410086,410401,410403,2,315
410086,410401,410403,2,315
410086,410393,410405,12,307
410086,410391,410405,14,305
410280,410403,410405,2,123
410086,410394,410406,12,308
410086,410396,410405,9,310
410280,410403,410405,2,123
410086,410321,410406,85,235
410086,410395,410407,12,309
410280,410405,410407,2,125
410280,410405,410407,2,125
410280,410405,410408,3,125
410280,410405,410407,2,125
410086,410342,410409,67,256
409330,409515,410411,896,185
410280,410405,410416,11,125
410280,410411,410423,12,131
410280,410416,410428,12,136
410086,410322,410429,107,236
410280,410423,410432,9,143
410280,410409,410433,24,129
410280,410428,410443,15,148
410280,410408,410445,37,128
409171,409266,410446,1180,95
410086,410321,410450,129,235
410280,410408,410450,42,128
410086,410321,410450,129,235
410280,410434,410452,18,154
410280,410446,410455,9,166
410280,410406,410455,49,126
410280,410450,410455,5,170
410280,410432,410457,25,152
410280,410450,410458,8,170
410280,410450,410458,8,170
410280,410456,410460,4,176
410280,410429,410461,32,149
410280,410457,410461,4,177
410280,410443,410461,18,163
410280,410407,410461,54,127
410280,410455,410460,5,175
410280,410406,410462,56,126
410280,410445,410462,17,165
410280,410406,410463,57,126
410280,410452,410463,11,172
410280,410462,410466,4,182
410280,410461,410467,6,181
410280,410463,410467,4,183
410280,410461,410467,6,181
410280,410455,410467,12,175
410280,410462,410469,7,182
410280,410463,410470,7,183
410280,410466,410470,4,186
410280,410467,410470,3,187
410280,410467,410470,3,187
410280,410468,410471,3,188
410280,410460,410472,12,180
410280,410468,410472,4,188
410280,410458,410472,14,178
410280,410461,410472,11,181
410280,410461,410472,11,181
410280,410471,410473,2,191
410280,410470,410473,3,190
410280,410469,410472,3,189
410280,410470,410472,2,190
410280,410459,410474,15,179
410280,410472,410474,2,192
410280,410472,410474,2,192
410280,410472,410474,2,192
410280,410470,410473,3,190
410280,410470,410475,5,190
410280,410472,410475,3,192
409346,409576,410474,898,230
410280,410472,410475,3,192
410280,410461,410476,15,181
410338,410474,410475,1,136
410338,410473,410476,3,135
410338,410473,410475,2,135
410280,410473,410475,2,193
410338,410474,410477,3,136
410338,410474,410478,4,136
410338,410474,410477,3,136
410338,410474,410485,11,136
410338,410476,410495,19,138
410338,410478,410497,19,140
410338,410475,410502,27,137
410338,410485,410502,17,147
410338,410476,410504,28,138
409254,409345,410507,1162,91
410338,410475,410507,32,137
410280,410407,410507,100,127
410338,410478,410507,29,140
410338,410507,410511,4,169
410338,410476,410512,36,138
410338,410475,410512,37,137
410338,410495,410513,18,157
410338,410502,410515,13,164
410338,410497,410515,18,159
410086,410322,410515,193,236
410338,410507,410516,9,169
410338,410512,410516,4,174
410338,410502,410517,15,164
410338,410512,410516,4,174
410338,410477,410517,40,139
410338,410504,410518,14,166
410338,410508,410518,10,170
410338,410511,410518,7,173
410338,410475,410519,44,137
410338,410513,410519,6,175
410338,410518,410521,3,180
410338,410515,410521,6,177
410338,410518,410522,4,180
410338,410519,410522,3,181
410338,410515,410523,8,177
410338,410515,410523,8,177
410338,410521,410524,3,183
410338,410518,410523,5,180
410338,410520,410524,4,182
410338,410521,410524,3,183
410338,410523,410526,3,185
410338,410523,410526,3,185
410338,410524,410526,2,186
410338,410517,410527,10,179
410338,410522,410527,5,184
410338,410522,410527,5,184
410280,410408,410528,120,128
410338,410516,410528,12,178
410338,410517,410527,10,179
410338,410524,410528,4,186
410338,410516,410529,13,178
410338,410527,410529,2,189
410338,410527,410530,3,189
410338,410524,410530,6,186
410338,410526,410529,3,188
410338,410508,410530,22,170
410338,410526,410529,3,188
410338,410528,410530,2,190
410338,410525,410530,5,187
410338,410528,410531,3,190
410338,410526,410531,5,188
410411,410529,410531,2,118
410411,410529,410530,1,118
410338,410528,410530,2,190
410411,410528,410530,2,117
410411,410530,410532,2,119
410411,410530,410532,2,119
410411,410530,410532,2,119
410338,410517,410537,20,179
410338,410476,410537,61,138
410280,410407,410537,130,127
410338,410476,410540,64,138
410411,410530,410541,11,119
410411,410534,410546,12,123
410411,410537,410549,12,126
410411,410549,410552,3,138
410411,410530,410554,24,119
410411,410552,410555,3,141
410411,410537,410557,20,126
410411,410546,410558,12,135
410411,410554,410560,6,143
410086,410321,410562,241,235
410411,410541,410566,25,130
410411,410531,410566,35,120
410411,410555,410566,11,144
410411,410540,410568,28,129
410411,410531,410569,38,120
410411,410566,410569,3,155
410411,410531,410571,40,120
410411,410566,410571,5,155
410411,410569,410571,2,158
410411,410569,410573,4,158
410411,410558,410572,14,147
410411,410560,410573,13,149
410411,410568,410574,6,157
410411,410571,410573,2,160
410411,410563,410576,13,152
410411,410574,410575,1,163
410411,410574,410575,1,163
410411,410573,410576,3,162
410411,410538,410577,39,127
410411,410576,410578,2,165
410411,410571,410578,7,160
410411,410576,410578,2,165
410411,410576,410578,2,165
410411,410578,410579,1,167
410411,410576,410579,3,165
410411,410577,410580,3,166
410411,410578,410581,3,167
410411,410579,410581,2,168
410411,410579,410580,1,168
410411,410534,410581,47,123
410411,410578,410580,2,167
410411,410573,410582,9,162
410411,410579,410582,3,168
410411,410530,410583,53,119
410411,410580,410582,2,169
410411,410566,410582,16,155
410411,410573,410582,9,162
410411,410581,410582,1,170
410411,410581,410582,1,170
410411,410581,410583,2,170
410411,410581,410584,3,170
410411,410581,410583,2,170
410447,410582,410584,2,135
410447,410583,410585,2,136
410411,410558,410585,27,147
410447,410583,410586,3,136
410411,410532,410586,54,121
410447,410583,410586,3,136
410447,410583,410586,3,136
410411,410530,410586,56,119
410447,410583,410586,3,136
410411,410531,410589,58,120
410411,410573,410591,18,162
410447,410583,410596,13,136
410447,410586,410601,15,139
410411,410531,410601,70,120
409273,409455,410603,1148,182
410447,410586,410608,22,139
410447,410586,410609,23,139
410447,410602,410610,8,155
410447,410608,410611,3,161
410447,410583,410611,28,136
410447,410603,410613,10,156
410447,410591,410614,23,144
410447,410609,410615,6,162
410447,410601,410615,14,154
410447,410615,410618,3,168
410447,410589,410618,29,142
410447,410615,410618,3,168
410447,410614,410619,5,167
410447,410596,410621,25,149
410447,410618,410622,4,171
410447,410586,410624,38,139
410447,410613,410626,13,166
410447,410618,410627,9,171
410447,410587,410628,41,140
410447,410610,410630,20,163
410447,410624,410630,6,177
410447,410586,410631,45,139
410447,410627,410631,4,180
410447,410619,410630,11,172
410447,410619,410632,13,172
410447,410629,410632,3,182
410447,410621,410633,12,174
410447,410622,410634,12,175
410447,410632,410635,3,185
410447,410584,410635,51,137
410447,410631,410636,5,184
410447,410633,410637,4,186
410447,410626,410636,10,179
410447,410634,410638,4,187
410447,410632,410638,6,185
410447,410635,410639,4,188
410447,410630,410639,9,183
410447,410637,410638,1,190
410447,410632,410639,7,185
410447,410635,410639,4,188
410447,410631,410638,7,184
410447,410638,410640,2,191
410447,410639,410641,2,192
410447,410639,410640,1,192
410447,410636,410641,5,189
410447,410630,410640,10,183
410447,410637,410640,3,190
410447,410638,410640,2,191
410475,410640,410641,1,165
410447,410639,410642,3,192
410447,410639,410641,2,192
410475,410640,410642,2,165
410475,410641,410642,1,166
410475,410641,410642,1,166
410475,410641,410643,2,166
410475,410641,410645,4,166
410447,410612,410646,34,165
410475,410641,410650,9,166
410475,410641,410660,19,166
410447,410611,410661,50,164
410475,410642,410662,20,167
410411,410533,410662,129,122
410475,410641,410664,23,166
410475,410642,410667,25,167
410475,410643,410669,26,168
410475,410643,410670,27,168
410475,410669,410672,3,194
410475,410670,410672,2,195
410475,410672,410673,1,197
410447,410585,410676,91,138
410475,410673,410677,4,198
410475,410673,410679,6,198
410475,410667,410682,15,192
410475,410642,410683,41,167
410475,410664,410684,20,189
410475,410645,410683,38,170
410475,410676,410687,11,201
410475,410660,410689,29,185
410475,410662,410690,28,187
410475,410661,410694,33,186
410475,410689,410695,6,214
410447,410585,410695,110,138
410475,410684,410696,12,209
410475,410690,410698,8,215
410475,410680,410698,18,205
410475,410684,410698,14,209
410475,410687,410698,11,212
410475,410682,410699,17,207
410475,410698,410701,3,223
410475,410678,410700,22,203
410475,410698,410701,3,223
410475,410698,410701,3,223
410475,410699,410702,3,224
410475,410646,410703,57,171
410475,410701,410703,2,226
410475,410683,410703,20,208
410475,410645,410702,57,170
410475,410698,410703,5,223
410475,410701,410704,3,226
410475,410703,410704,1,228
410475,410704,410705,1,229
410475,410694,410704,10,219
410475,410701,410706,5,226
410475,410702,410706,4,227
410475,410703,410707,4,228
410475,410705,410707,2,230
410475,410703,410707,4,228
410475,410703,410707,4,228
410475,410701,410707,6,226
410475,410705,410708,3,230
410475,410705,410707,2,230
410475,410703,410707,4,228
410475,410696,410708,12,221
410475,410706,410708,2,231
410508,410707,410708,1,199
410508,410707,410709,2,199
410475,410695,410710,15,220
410508,410708,410710,2,200
410475,410706,410710,4,231
410508,410707,410709,2,199
410508,410708,410710,2,200
410508,410708,410710,2,200
410475,410695,410712,17,220
410475,410662,410712,50,187
410475,410650,410714,64,175
409666,409812,410716,904,146
410508,410708,410720,12,200
410508,410711,410723,12,203
410508,410712,410724,12,204
410508,410710,410725,15,202
410508,410714,410727,13,206
410508,410712,410728,16,204
410508,410725,410728,3,217
410508,410727,410729,2,219
410508,410728,410731,3,220
410508,410710,410731,21,202
410508,410717,410732,15,209
410508,410728,410734,6,220
410508,410725,410734,9,217
410508,410734,410737,3,226
410508,410710,410738,28,202
410508,410734,410738,4,226
410508,410708,410741,33,200
410508,410732,410741,9,224
410508,410730,410742,12,222
410508,410710,410742,32,202
410508,410741,410743,2,233
410508,410741,410744,3,233
410508,410742,410745,3,234
410508,410742,410745,3,234
410508,410737,410745,8,229
410508,410743,410746,3,235
410508,410738,410746,8,230
410508,410731,410746,15,223
410508,410746,410748,2,238
410447,410584,410748,164,137
410508,410739,410747,8,231
410508,410744,410749,5,236
410508,410746,410749,3,238
410508,410745,410749,4,237
410508,410746,410749,3,238
410508,410710,410749,39,202
410508,410731,410749,18,223
410508,410748,410751,3,240
410508,410748,410751,3,240
410508,410748,410750,2,240
410508,410749,410751,2,241
410508,410749,410751,2,241
410508,410745,410751,6,237
410508,410749,410752,3,241
410508,410745,410752,7,237
410508,410750,410753,3,242
410508,410751,410753,2,243
410508,410750,410753,3,242
410508,410751,410752,1,243
410508,410751,410754,3,243
410508,410750,410753,3,242
410508,410751,410753,2,243
410508,410751,410754,3,243
410603,410752,410754,2,149
410508,410751,410753,2,243
410603,410753,410755,2,150
410603,410753,410755,2,150
410603,410753,410755,2,150
410603,410754,410756,2,151
410603,410753,410755,2,150
410603,410754,410759,5,151
410508,410709,410762,53,201
410508,410720,410765,45,212
410603,410754,410771,17,151
410508,410723,410771,48,215
410508,410709,410774,65,201
410603,410762,410775,13,159
410603,410755,410776,21,152
410603,410765,410782,17,162
410603,410754,410783,29,151
410603,410771,410783,12,168
410447,410584,410785,201,137
410603,410759,410785,26,156
410603,410783,410786,3,180
410603,410782,410788,6,179
410603,410783,410789,6,180
410603,410772,410789,17,169
410603,410755,410790,35,152
410603,410776,410791,15,173
410603,410785,410795,10,182
410603,410788,410798,10,185
410603,410789,410798,9,186
410603,410791,410797,6,188
410603,410787,410800,13,184
410603,410785,410800,15,182
410603,410774,410800,26,171
410603,410789,410802,13,186
410603,410790,410806,16,187
410603,410800,410807,7,197
410603,410795,410808,13,192
410603,410798,410810,12,195
410603,410798,410810,12,195
410603,410775,410810,35,172
410603,410798,410810,12,195
410603,410800,410812,12,197
410603,410810,410812,2,207
410603,410754,410813,59,151
410603,410810,410813,3,207
410603,410810,410813,3,207
410603,410755,410814,59,152
410603,410808,410814,6,205
410603,410807,410815,8,204
410603,410812,410815,3,209
410603,410811,410814,3,208
410603,410813,410814,1,210
410603,410813,410816,3,210
410603,410814,410817,3,211
410603,410813,410817,4,210
410603,410813,410817,4,210
410603,410802,410817,15,199
410603,410815,410817,2,212
410508,410709,410817,108,201
410603,410815,410818,3,212
410603,410816,410818,2,213
409412,409654,410817,1163,242
410603,410814,410819,5,211
410603,410815,410818,3,212
410603,410800,410818,18,197
410603,410815,410818,3,212
410717,410818,410820,2,101
410603,410817,410820,3,214
410717,410818,410820,2,101
410717,410818,410819,1,101
410717,410818,410819,1,101
410603,410817,410821,4,214
410717,410818,410820,2,101
410603,410806,410820,14,203
410717,410818,410820,2,101
410717,410821,410830,9,104
410717,410821,410832,11,104
410717,410819,410833,14,102
410603,410756,410834,78,153
410717,410821,410836,15,104
410717,410830,410839,9,113
410717,410820,410844,24,103
410717,410836,410847,11,119
410717,410832,410847,15,115
410717,410820,410850,30,103
410717,410820,410850,30,103
410717,410839,410850,11,122
410717,410847,410851,4,130
410717,410844,410851,7,127
410603,410754,410853,99,151
410717,410821,410853,32,104
410717,410847,410854,7,130
410717,410820,410856,36,103
410717,410850,410858,8,133
410717,410835,410859,24,118
410717,410850,410860,10,133
410717,410850,410863,13,133
410717,410854,410864,10,137
410717,410853,410865,12,136
410717,410856,410865,9,139
410717,410819,410865,46,102
410717,410853,410866,13,136
410717,410858,410867,9,141
410717,410833,410868,35,116
410717,410860,410868,8,143
410717,410865,410869,4,148
410717,410868,410870,2,151
410717,410869,410870,1,152
410717,410860,410872,12,143
410717,410868,410872,4,151
410717,410866,410871,5,149
410717,410870,410872,2,153
410717,410820,410872,52,103
410717,410871,410872,1,154
410717,410865,410874,9,148
410717,410851,410873,22,134
410717,410867,410874,7,150
410717,410865,410875,10,148
410717,410873,410875,2,156
410717,410874,410876,2,157
410717,410874,410876,2,157
410717,410874,410876,2,157
410717,410872,410875,3,155
410717,410851,410877,26,134
410717,410875,410877,2,158
410717,410873,410877,4,156
410717,410875,410877,2,158
410717,410864,410878,14,147
410603,410756,410878,122,153
410717,410863,410878,15,146
410717,410872,410878,6,155
410717,410876,410878,2,159
410821,410877,410879,2,56
410821,410877,410878,1,56
410821,410876,410878,2,55
410821,410877,410878,1,56
410717,410872,410880,8,155
410821,410878,410880,2,57
410717,410872,410880,8,155
410821,410878,410882,4,57
410717,410819,410885,66,102
410821,410885,410893,8,64
410821,410878,410894,16,57
410717,410819,410898,79,102
410821,410893,410899,6,72
410821,410878,410901,23,57
410821,410894,410901,7,73
410821,410879,410902,23,58
410821,410902,410904,2,81
410821,410901,410905,4,80
410821,410879,410906,27,58
410821,410882,410906,24,61
409764,410023,410907,884,259
410821,410879,410908,29,58
410821,410904,410908,4,83
410821,410878,410909,31,57
410821,410901,410910,9,80
410821,410898,410910,12,77
410821,410906,410911,5,85
410821,410899,410912,13,78
410821,410905,410912,7,84
410821,410879,410916,37,58
410821,410908,410917,9,87
410821,410911,410918,7,90
410821,410908,410919,11,87
410821,410907,410919,12,86
410821,410908,410920,12,87
410821,410919,410922,3,98
410821,410910,410922,12,89
410821,410917,410922,5,96
410821,410918,410924,6,97
410821,410912,410924,12,91
410821,410912,410924,12,91
410821,410921,410925,4,100
410821,410910,410925,15,89
410821,410920,410924,4,99
410821,410922,410924,2,101
410821,410879,410926,47,58
410821,410924,410927,3,103
410821,410924,410928,4,103
410821,410926,410928,2,105
410821,410916,410929,13,95
410821,410922,410929,7,101
410821,410924,410929,5,103
410821,410925,410930,5,104
410821,410925,410929,4,104
410821,410928,410931,3,107
410821,410924,410932,8,103
410821,410929,410931,2,108
410821,410927,410932,5,106
410821,410880,410932,52,59
410821,410925,410932,7,104
410821,410925,410932,7,104
410909,410932,410933,1,23
410821,410928,410933,5,107
410821,410881,410933,52,60
410909,410931,410933,2,22
410909,410932,410934,2,23
410909,410932,410934,2,23
410821,410929,410934,5,108
410821,410929,410934,5,108
410909,410933,410934,1,24
410909,410933,410934,1,24
410821,410930,410934,4,109
410821,410879,410934,55,58
410821,410909,410936,27,88
409749,409950,410938,988,201
409629,409750,410943,1193,121
410909,410938,410945,7,29
410909,410933,410945,12,24
410821,410880,410946,66,59
410909,410937,410948,11,28
410909,410948,410951,3,39
410909,410951,410954,3,42
409748,409950,410956,1006,202
410909,410946,410956,10,37
410909,410955,410959,4,46
410909,410934,410963,29,25
410909,410943,410963,20,34
410909,410933,410964,31,24
410909,410956,410965,9,47
410909,410959,410967,8,50
410909,410945,410968,23,36
410909,410933,410969,36,24
410909,410945,410970,25,36
410909,410963,410972,9,54
410909,410935,410974,39,26
410909,410964,410974,10,55
410909,410965,410975,10,56
410909,410963,410976,13,54
410909,410968,410979,11,59
410909,410967,410980,13,58
410909,410974,410981,7,65
410909,410970,410981,11,61
410909,410970,410982,12,61
410909,410956,410982,26,47
410909,410975,410982,7,66
410909,410934,410982,48,25
410909,410982,410983,1,73
410909,410974,410984,10,65
410909,410982,410984,2,73
410909,410982,410985,3,73
410909,410984,410986,2,75
410909,410976,410985,9,67
410909,410985,410987,2,76
410909,410985,410987,2,76
410909,410981,410987,6,72
410909,410982,410988,6,73
410909,410985,410988,3,76
410909,410979,410987,8,70
410909,410981,410987,6,72
410909,410986,410987,1,77
410909,410972,410989,17,63
410909,410986,410988,2,77
410909,410987,410989,2,78
410939,410988,410990,2,49
410909,410987,410989,2,78
410909,410988,410989,1,79
410909,410934,410990,56,25
410909,410988,410990,2,79
410909,410980,410989,9,71
410909,410988,410990,2,79
410939,410990,410992,2,51
410909,410987,410992,5,78
410939,410989,410992,3,50
410939,410989,410992,3,50
410939,410989,410992,3,50
410939,410990,410993,3,51
410909,410935,410995,60,26
410939,410990,410998,8,51
410909,410934,411002,68,25
410909,410933,411004,71,24
410939,411003,411012,9,64
410939,410990,411015,25,51
410939,410999,411015,16,60
410939,410992,411019,27,53
410939,411005,411024,19,66
410939,411024,411027,3,85
410939,410992,411027,35,53
410939,411015,411027,12,76
410939,411019,411027,8,80
410939,411027,411029,2,88
410939,411027,411031,4,88
410939,411027,411033,6,88
410939,411012,411034,22,73
410939,410990,411035,45,51
410939,411027,411035,8,88
410939,411033,411039,6,94
410909,410935,411040,105,26
410939,411035,411041,6,96
410939,410990,411043,53,51
410939,410991,411044,53,52
410939,411015,411045,30,76
410939,411036,411046,10,97
410939,410995,411047,52,56
410939,411034,411049,15,95
410939,411031,411049,18,92
410939,410993,411049,56,54
410939,411044,411050,6,105
410909,410935,411050,115,26
410909,410934,411050,116,25
410939,411045,411051,6,106
410939,411043,411051,8,104
410939,411029,411051,22,90
410939,411041,411052,11,102
410939,411047,411051,4,108
410939,411051,411053,2,112
410939,411051,411053,2,112
410939,411052,411054,2,113
410939,411052,411054,2,113
410939,411048,411053,5,109
410939,411040,411055,15,101
410939,411054,411057,3,115
410939,411053,411057,4,114
410939,411054,411057,3,115
410939,411053,411057,4,114
410939,411049,411057,8,110
410939,411052,411057,5,113
410939,411049,411057,8,110
410939,411039,411057,18,100
410939,411050,411058,8,111
410939,411055,411057,2,116
410939,411050,411057,7,111
410939,411055,411057,2,116
410939,411049,411059,10,110
410939,411051,411059,8,112
410939,411057,411059,2,118
410939,411057,411059,2,118
410939,411057,411059,2,118
410944,411057,411061,4,113
410944,411058,411061,3,114
410944,411057,411061,4,113
410944,411057,411061,4,113
410944,411058,411061,3,114
410944,411058,411063,5,114
410944,411058,411065,7,114
409898,410146,411066,920,248
410939,410992,411075,83,53
410944,411066,411078,12,122
410944,411063,411079,16,119
410944,411059,411081,22,115
410939,410993,411086,93,54
410944,411067,411087,20,123
410944,411061,411088,27,117
410944,411061,411089,28,117
410944,411062,411090,28,118
410944,411061,411092,31,117
410944,411081,411092,11,137
410944,411059,411094,35,115
410944,411061,411094,33,117
410944,411087,411095,8,143
410944,411087,411097,10,143
410944,411088,411098,10,144
410944,411060,411097,37,116
410944,411092,411100,8,148
410944,411091,411101,10,147
410944,411089,411101,12,145
410944,411094,411103,9,150
410944,411094,411103,9,150
410944,411092,411104,12,148
410944,411098,411106,8,154
410944,411098,411107,9,154
410944,411104,411108,4,160
410944,411095,411109,14,151
410944,411106,411110,4,162
410944,411100,411109,9,156
410944,411108,411111,3,164
410944,411103,411111,8,159
410944,411059,411111,52,115
410944,411079,411112,33,135
410944,411110,411112,2,166
410944,411109,411111,2,165
410944,411111,411112,1,167
410944,411097,411113,16,153
410944,411108,411113,5,164
410944,411111,411113,2,167
410944,411103,411113,10,159
410944,411111,411113,2,167
410944,411111,411114,3,167
410944,411102,411115,13,158
410944,411112,411115,3,168
410944,411112,411114,2,168
410944,411114,411115,1,170
410944,411113,411115,2,169
410944,411112,411116,4,168
410944,411113,411115,2,169
410944,411114,411116,2,170
410944,411101,411117,16,157
410956,411115,411116,1,159
410956,411115,411116,1,159
410944,411114,411117,3,170
410956,411115,411117,2,159
410944,411113,411116,3,169
410944,411112,411117,5,168
410956,411116,411118,2,160
410944,411115,411117,2,171
410956,411116,411118,2,160
410956,411116,411119,3,160
410944,411075,411119,44,131
410956,411117,411125,8,161
410944,411078,411131,53,134
410944,411059,411135,76,115
410956,411125,411135,10,169
410956,411131,411137,6,175
410956,411119,411140,21,163
410939,410992,411143,151,53
410956,411135,411146,11,179
410956,411137,411146,9,181
410944,411059,411147,88,115
410956,411119,411147,28,163
410956,411146,411148,2,190
410956,411147,411150,3,191
410956,411148,411150,2,192
410956,411118,411150,32,162
410956,411148,411151,3,192
410956,411140,411152,12,184
410956,411146,411152,6,190
410956,411143,411156,13,187
410956,411135,411157,22,179
410956,411117,411161,44,161
410956,411150,411161,11,194
410956,411150,411162,12,194
410956,411157,411165,8,201
410956,411117,411166,49,161
410956,411152,411167,15,196
410956,411162,411168,6,206
410956,411161,411169,8,205
410956,411161,411170,9,205
410956,411165,411171,6,209
410956,411117,411172,55,161
410956,411153,411172,19,197
410956,411156,411173,17,200
410956,411167,411173,6,211
410956,411168,411174,6,212
410956,411172,411175,3,216
410956,411167,411175,8,211
410956,411173,411175,2,217
410956,411172,411175,3,216
410956,411174,411176,2,218
410956,411175,411177,2,219
410956,411151,411177,26,195
410956,411150,411177,27,194
410956,411171,411178,7,215
410956,411176,411177,1,220
410956,411170,411178,8,214
410956,411175,411178,3,219
410956,411175,411179,4,219
410956,411175,411179,4,219
410956,411177,411178,1,221
410956,411176,411178,2,220
410956,411178,411179,1,222
410956,411177,411179,2,221
410956,411169,411180,11,213
410956,411178,411180,2,222
410956,411177,411179,2,221
410956,411178,411180,2,222
410956,411118,411180,62,162
411067,411179,411181,2,112
411067,411179,411181,2,112
411067,411179,411180,1,112
411067,411179,411181,2,112
411067,411179,411181,2,112
411067,411179,411183,4,112
411067,411182,411191,9,115
411067,411183,411195,12,116
411067,411182,411197,15,115
411067,411180,411202,22,113
410956,411117,411202,85,161
411067,411180,411206,26,113
411067,411182,411208,26,115
410956,411117,411209,92,161
411067,411191,411211,20,124
410956,411118,411213,95,162
411067,411180,411217,37,113
411067,411202,411217,15,135
411067,411206,411219,13,139
411067,411180,411220,40,113
411067,411213,411223,10,146
411067,411211,411224,13,144
411067,411180,411224,44,113
411067,411197,411225,28,130
410956,411118,411225,107,162
411067,411223,411227,4,156
411067,411195,411228,33,128
411067,411219,411228,9,152
411067,411209,411229,20,142
411067,411220,411230,10,153
411067,411217,411230,13,150
411067,411202,411230,28,135
411067,411208,411231,23,141
411067,411224,411232,8,157
411067,411225,411233,8,158
411067,411225,411233,8,158
411067,411217,411233,16,150
411067,411224,411233,9,157
411067,411227,411235,8,160
411067,411228,411235,7,161
411067,411229,411237,8,162
411067,411237,411239,2,170
411067,411235,411239,4,168
411067,411229,411241,12,162
411067,411239,411241,2,172
411067,411232,411241,9,165
411067,411230,411241,11,163
411067,411234,411242,8,167
411067,411233,411242,9,166
411067,411233,411243,10,166
411067,411235,411242,7,168
411067,411241,411242,1,174
411067,411232,411242,10,165
411067,411241,411242,1,174
411067,411242,411244,2,175
411067,411234,411244,10,167
411067,411243,411245,2,176
411067,411243,411245,2,176
411067,411241,411245,4,174
411067,411242,411244,2,175
411067,411243,411245,2,176
411067,411181,411246,65,114
411067,411244,411245,1,177
411067,411243,411245,2,176
411067,411230,411247,17,163
411067,411239,411247,8,172
411067,411230,411249,19,163
411067,411181,411249,68,114
409864,410089,411264,1175,225
411264,411265,411267,2,1
411264,411265,411266,1,1
411264,411265,411267,2,1
411264,411265,411267,2,1
411264,411265,411266,1,1
411264,411265,411267,2,1
411264,411265,411276,11,1
411264,411268,411281,13,4
411264,411265,411282,17,1
411264,411267,411283,16,3
411264,411267,411283,16,3
411264,411284,411290,6,20
411264,411267,411294,27,3
411264,411276,411294,18,12
411264,411282,411296,14,18
411264,411283,411298,15,19
411264,411290,411298,8,26
411264,411265,411301,36,1
411264,411299,411302,3,35
411264,411282,411303,21,18
411264,411265,411306,41,1
411264,411302,411307,5,38
411264,411298,411308,10,34
411264,411301,411307,6,37
411264,411267,411310,43,3
411264,411296,411311,15,32
411264,411294,411313,19,30
411264,411303,411314,11,39
411264,411306,411314,8,42
411264,411307,411315,8,43
411264,411294,411314,20,30
411264,411308,411316,8,44
411264,411308,411319,11,44
411264,411317,411324,7,53
411264,411314,411324,10,50
411264,411310,411324,14,46
411264,411265,411324,59,1
411264,411315,411325,10,51
411264,411314,411325,11,50
411264,411315,411326,11,51
411264,411324,411327,3,60
411264,411325,411327,2,61
411264,411325,411327,2,61
411264,411265,411328,63,1
411264,411324,411328,4,60
411264,411327,411329,2,63
411264,411327,411329,2,63
411264,411328,411330,2,64
411264,411327,411330,3,63
411264,411319,411330,11,55
411264,411329,411331,2,65
411264,411313,411331,18,49
411264,411329,411332,3,65
411264,411325,411331,6,61
411264,411326,411331,5,62
411264,411330,411332,2,66
411264,411329,411331,2,65
411264,411330,411332,2,66
411264,411324,411333,9,60
411264,411265,411334,69,1
411264,411267,411337,70,3
411264,411312,411340,28,48
411264,411265,411342,77,1
411264,411265,411391,126,1
409960,410251,411475,1224,291
411475,411475,411477,2,0
411475,411475,411477,2,0
411475,411475,411478,3,0
411475,411475,411478,3,0
411475,411475,411478,3,0
411475,411475,411479,4,0
411475,411479,411485,6,4
411475,411478,411485,7,3
411475,411477,411488,11,2
411475,411475,411488,13,0
411475,411475,411488,13,0
411475,411479,411489,10,4
411475,411477,411491,14,2
411475,411486,411492,6,11
411475,411478,411493,15,3
411475,411475,411494,19,0
411475,411489,411496,7,14
411475,411488,411496,8,13
411475,411488,411497,9,13
411475,411485,411498,13,10
411475,411491,411499,8,16
411475,411496,411501,5,21
411475,411475,411502,27,0
411475,411494,411503,9,19
411475,411475,411503,28,0
411475,411493,411505,12,18
411475,411498,411505,7,23
410002,410318,411504,1186,316
411475,411492,411506,14,17
411475,411497,411506,9,22
411475,411489,411507,18,14
411475,411499,411508,9,24
411475,411502,411510,8,27
411475,411501,411511,10,26
411475,411475,411512,37,0
411475,411497,411513,16,22
411475,411504,411513,9,29
411475,411503,411513,10,28
411475,411513,411515,2,38
411475,411506,411516,10,31
411475,411513,411516,3,38
411475,411512,411516,4,37
411475,411506,411517,11,31
411475,411514,411516,2,39
411475,411508,411517,9,33
411475,411506,411517,11,31
411475,411511,411517,6,36
411475,411507,411518,11,32
411475,411515,411518,3,40
411475,411505,411517,12,30
411475,411517,411518,1,42
411475,411510,411519,9,35
411475,411517,411519,2,42
411475,411516,411518,2,41
411475,411517,411519,2,42
411475,411517,411519,2,42
411475,411516,411518,2,41
411475,411518,411520,2,43
411475,411516,411519,3,41
411506,411518,411520,2,12
411475,411475,411519,44,0
411475,411517,411519,2,42
411475,411518,411520,2,43
411506,411519,411521,2,13
411506,411519,411521,2,13
411506,411519,411521,2,13
411506,411519,411521,2,13
411506,411519,411521,2,13
411475,411505,411522,17,30
411506,411519,411528,9,13
411506,411521,411532,11,15
411506,411522,411532,10,16
411506,411520,411534,14,14
411506,411522,411534,12,16
411506,411528,411536,8,22
411475,411475,411537,62,0
411506,411534,411538,4,28
411506,411521,411538,17,15
411506,411521,411538,17,15
411506,411532,411539,7,26
411506,411534,411540,6,28
411506,411532,411543,11,26
411506,411539,411544,5,33
411506,411537,411544,7,31
411506,411536,411545,9,30
411506,411541,411546,5,35
411506,411538,411546,8,32
411506,411522,411547,25,16
411506,411538,411548,10,32
411506,411538,411549,11,32
411506,411543,411549,6,37
411475,411475,411549,74,0
411506,411544,411551,7,38
411506,411544,411553,9,38
411506,411546,411554,8,40
411506,411521,411555,34,15
411506,411547,411555,8,41
411506,411520,411556,36,14
411506,411546,411555,9,40
411506,411548,411557,9,42
411506,411520,411557,37,14
411506,411546,411558,12,40
411506,411549,411559,10,43
411506,411551,411561,10,45
411506,411553,411561,8,47
411506,411557,411561,4,51
411506,411558,411562,4,52
411506,411520,411562,42,14
411506,411556,411562,6,50
411506,411520,411563,43,14
411506,411555,411562,7,49
411506,411554,411562,8,48
411506,411558,411563,5,52
411506,411549,411564,15,43
411506,411555,411564,9,49
411506,411562,411564,2,56
411506,411561,411564,3,55
411506,411562,411564,2,56
411506,411562,411565,3,56
411506,411563,411565,2,57
411506,411556,411564,8,50
411506,411561,411566,5,55
411506,411559,411566,7,53
411506,411562,411565,3,56
411506,411564,411566,2,58
411506,411563,411566,3,57
411506,411563,411566,3,57
411506,411563,411566,3,57
411506,411549,411570,21,43
410088,410403,411624,1221,315
411625,411625,411627,2,0
411625,411625,411627,2,0
411625,411625,411628,3,0
411625,411625,411627,2,0
411625,411625,411627,2,0
411625,411625,411629,4,0
410281,410473,411634,1161,192
411625,411625,411641,16,0
411625,411628,411642,14,3
411625,411634,411643,9,9
411625,411629,411643,14,4
411625,411627,411645,18,2
411625,411629,411645,16,4
411625,411643,411651,8,18
411625,411625,411651,26,0
411625,411645,411651,6,20
411625,411642,411653,11,17
411625,411645,411653,8,20
411625,411629,411653,24,4
411625,411641,411654,13,16
411625,411643,411655,12,18
411625,411652,411656,4,27
411625,411651,411657,6,26
411625,411651,411658,7,26
411625,411653,411658,5,28
411625,411654,411660,6,29
411625,411627,411661,34,2
411625,411653,411663,10,28
411625,411656,411665,9,31
411625,411657,411666,9,32
411625,411655,411666,11,30
411625,411625,411668,43,0
411625,411654,411668,14,29
411625,411625,411669,44,0
411625,411625,411668,43,0
411625,411658,411675,17,33
411625,411668,411675,7,43
411625,411668,411676,8,43
411625,411669,411676,7,44
411625,411659,411676,17,34
411625,411625,411676,51,0
411625,411669,411676,7,44
411625,411666,411678,12,41
411625,411663,411678,15,38
411625,411676,411678,2,51
411625,411675,411679,4,50
411625,411665,411679,14,40
411625,411661,411679,18,36
411625,411676,411679,3,51
411625,411678,411680,2,53
411625,411677,411680,3,52
411625,411666,411680,14,41
411625,411676,411679,3,51
411625,411677,411680,3,52
411625,411678,411680,2,53
411625,411678,411681,3,53
411625,411675,411680,5,50
411625,411679,411681,2,54
411635,411680,411682,2,45
411625,411679,411682,3,54
411625,411660,411682,22,35
411625,411679,411682,3,54
411635,411680,411681,1,45
411635,411680,411682,2,45
411635,411680,411682,2,45
411625,411679,411682,3,54
411635,411681,411684,3,46
411635,411681,411685,4,46
411635,411681,411696,15,46
411635,411685,411701,16,50
411635,411681,411702,21,46
411635,411682,411707,25,47
411635,411683,411711,28,48
411635,411707,411714,7,72
411635,411683,411715,32,48
411635,411711,411717,6,76
411635,411696,411718,22,61
411635,411683,411722,39,48
411635,411682,411723,41,47
411625,411625,411723,98,0
411635,411683,411723,40,48
411635,411702,411725,23,67
411635,411723,411726,3,88
411635,411682,411727,45,47
411635,411714,411728,14,79
411635,411684,411729,45,49
411635,411723,411730,7,88
411635,411726,411731,5,91
411635,411722,411731,9,87
411635,411727,411732,5,92
411635,411717,411732,15,82
411635,411725,411732,7,90
411635,411718,411732,14,83
411635,411725,411735,10,90
411635,411715,411737,22,80
410339,410528,411740,1212,189
411635,411731,411740,9,96
411635,411731,411741,10,96
411635,411734,411741,7,99
411635,411730,411743,13,95
411635,411729,411744,15,94
410411,410582,411745,1163,171
411635,411728,411744,16,93
411635,411682,411745,63,47
411625,411625,411746,121,0
411635,411735,411747,12,100
411635,411740,411747,7,105
411635,411738,411747,9,103
411635,411741,411748,7,106
411635,411744,411747,3,109
411635,411745,411748,3,110
411635,411747,411749,2,112
411635,411746,411749,3,111
411635,411741,411749,8,106
411635,411740,411749,9,105
411635,411745,411749,4,110
411635,411747,411750,3,112
411635,411747,411750,3,112
411635,411745,411750,5,110
411635,411733,411749,16,98
411635,411749,411751,2,114
411635,411743,411752,9,108
411741,411749,411751,2,8
411635,411748,411752,4,113
411635,411749,411752,3,114
411635,411748,411752,4,113
411635,411749,411752,3,114
411741,411750,411751,1,9
411635,411732,411753,21,97
411741,411751,411752,1,10
411741,411751,411753,2,10
411741,411750,411752,2,9
411635,411748,411752,4,113
411741,411750,411752,2,9
411635,411701,411755,54,66
411635,411732,411760,28,97
411741,411752,411762,10,11
411741,411753,411769,16,12
411741,411762,411773,11,21
411625,411625,411773,148,0
411741,411752,411773,21,11
411741,411752,411774,22,11
411741,411752,411773,21,11
411741,411753,411778,25,12
411741,411774,411779,5,33
411741,411775,411780,5,34
411741,411773,411781,8,32
411741,411773,411782,9,32
411741,411752,411784,32,11
411741,411769,411785,16,28
411741,411782,411786,4,41
411741,411778,411785,7,37
411741,411753,411787,34,12
411741,411760,411787,27,19
411741,411753,411788,35,12
411741,411773,411789,16,32
411741,411781,411789,8,40
411741,411784,411789,5,43
411741,411755,411791,36,14
411741,411779,411792,13,38
411741,411785,411794,9,44
411741,411787,411797,10,46
411741,411752,411798,46,11
411741,411752,411801,49,11
411741,411787,411802,15,46
411741,411787,411802,15,46
411741,411792,411804,12,51
411741,411797,411804,7,56
411741,411798,411804,6,57
411741,411804,411806,2,63
411741,411780,411806,26,39
411741,411794,411806,12,53
411741,411791,411807,16,50
411741,411790,411807,17,49
411741,411802,411807,5,61
411741,411806,411808,2,65
411741,411805,411808,3,64
411741,411789,411807,18,48
411741,411787,411809,22,46
411741,411789,411809,20,48
411741,411807,411809,2,66
411741,411805,411808,3,64
411741,411807,411810,3,66
411741,411806,411810,4,65
411741,411808,411810,2,67
411741,411806,411811,5,65
411741,411801,411811,10,60
411741,411788,411811,23,47
411741,411753,411811,58,12
411741,411807,411810,3,66
411745,411809,411812,3,64
411741,411808,411812,4,67
411745,411810,411812,2,65
411745,411810,411812,2,65
411741,411809,411811,2,68
411745,411810,411812,2,65
411745,411811,411814,3,66
411741,411808,411813,5,67
411745,411810,411813,3,65
411741,411802,411814,12,61
411745,411812,411825,13,67
411745,411811,411828,17,66
411745,411811,411830,19,66
411745,411825,411833,8,80
411745,411812,411834,22,67
411745,411811,411835,24,66
411745,411815,411837,22,70
411745,411828,411838,10,83
411745,411813,411839,26,68
411745,411812,411842,30,67
411745,411830,411843,13,85
411745,411833,411843,10,88
411745,411834,411843,9,89
411745,411838,411844,6,93
411745,411838,411845,7,93
411745,411814,411845,31,69
411745,411812,411847,35,67
411741,411753,411847,94,12
411745,411839,411849,10,94
411745,411836,411850,14,91
411745,411844,411855,11,99
411745,411814,411855,41,69
411745,411843,411855,12,98
411745,411843,411856,13,98
411745,411845,411857,12,100
411745,411842,411857,15,97
411745,411847,411857,10,102
410447,410639,411857,1218,192
411745,411855,411859,4,110
411745,411845,411859,14,100
411745,411843,411859,16,98
411745,411855,411860,5,110
411745,411847,411860,13,102
411745,411812,411861,49,67
411745,411856,411862,6,111
411745,411860,411862,2,115
410476,410707,411863,1156,231
411745,411860,411862,2,115
411745,411861,411864,3,116
411745,411857,411864,7,112
411745,411855,411865,10,110
411745,411859,411865,6,114
411745,411864,411867,3,119
411745,411857,411867,10,112
411745,411857,411868,11,112
411745,411862,411870,8,117
411745,411865,411871,6,120
411745,411850,411871,21,105
411745,411857,411871,14,112
411745,411867,411872,5,122
411745,411864,411872,8,119
411745,411863,411872,9,118
411745,411863,411873,10,118
411858,411871,411872,1,13
411858,411870,411874,4,12
411858,411872,411874,2,14
411745,411864,411874,10,119
411745,411867,411875,8,122
411858,411872,411875,3,14
411745,411865,411874,9,120
411858,411871,411874,3,13
411858,411872,411877,5,14
411745,411859,411878,19,114
411745,411859,411880,21,114
411745,411849,411880,31,104
411745,411813,411886,73,68
411858,411874,411890,16,16
411858,411875,411893,18,17
411858,411886,411893,7,28
411858,411890,411895,5,32
411858,411874,411896,22,16
411858,411873,411898,25,15
411858,411873,411898,25,15
411858,411893,411899,6,35
411858,411894,411899,5,36
411858,411880,411900,20,22
411858,411895,411901,6,37
411858,411881,411902,21,23
411858,411878,411904,26,20
411858,411875,411905,30,17
411858,411896,411905,9,38
411858,411898,411905,7,40
411858,411900,411907,7,42
411858,411898,411907,9,40
411858,411901,411907,6,43
411858,411902,411907,5,44
411858,411899,411908,9,41
411858,411874,411909,35,16
411858,411876,411908,32,18
411858,411908,411911,3,50
411858,411904,411912,8,46
411858,411909,411912,3,51
411858,411875,411914,39,17
411858,411909,411914,5,51
411858,411907,411914,7,49
411858,411905,411914,9,47
411858,411912,411915,3,54
411858,411911,411915,4,53
411858,411899,411916,17,41
411858,411907,411917,10,49
411858,411907,411917,10,49
411858,411913,411918,5,55
411858,411905,411918,13,47
411858,411905,411918,13,47
411858,411915,411919,4,57
411858,411877,411919,42,19
411858,411915,411918,3,57
411858,411917,411920,3,59
411858,411907,411920,13,49
411858,411918,411921,3,60
411858,411919,411922,3,61
411858,411914,411922,8,56
411858,411919,411923,4,61
411858,411917,411923,6,59
411858,411918,411923,5,60
411858,411918,411923,5,60
411858,411914,411924,10,56
411858,411920,411924,4,62
411864,411922,411924,2,58
411864,411922,411924,2,58
411858,411919,411925,6,61
411858,411914,411925,11,56
411858,411920,411924,4,62
411864,411923,411925,2,59
411864,411923,411925,2,59
411858,411916,411924,8,58
410909,410988,411924,936,79
411864,411923,411926,3,59
411858,411914,411927,13,56
411864,411923,411928,5,59
411864,411928,411937,9,64
411858,411873,411940,67,15
411864,411924,411943,19,60
411864,411925,411944,19,61
411864,411924,411944,20,60
411864,411926,411944,18,62
411864,411924,411946,22,60
411864,411925,411946,21,61
411864,411937,411946,9,73
411864,411944,411948,4,80
411864,411940,411949,9,76
411864,411946,411949,3,82
411864,411946,411950,4,82
411864,411925,411950,25,61
411864,411944,411951,7,80
411864,411947,411951,4,83
411864,411944,411951,7,80
410939,411057,411953,896,118
411864,411943,411953,10,79
411864,411949,411953,4,85
411864,411948,411953,5,84
411864,411925,411954,29,61
411864,411926,411955,29,62
411864,411949,411956,7,85
411864,411924,411956,32,60
411864,411951,411957,6,87
411864,411950,411957,7,86
411864,411957,411959,2,93
411864,411950,411959,9,86
411864,411957,411960,3,93
411864,411951,411961,10,87
411864,411951,411962,11,87
411864,411953,411962,9,89
411864,411953,411963,10,89
411864,411953,411963,10,89
411864,411957,411964,7,93
411864,411954,411964,10,90
411864,411962,411965,3,98
411864,411953,411965,12,89
411864,411963,411966,3,99
411864,411962,411967,5,98
411864,411955,411968,13,91
411864,411961,411969,8,97
411864,411960,411969,9,96
411864,411959,411969,10,95
411864,411965,411969,4,101
411864,411966,411969,3,102
411864,411956,411971,15,92
411864,411927,411971,44,63
411864,411965,411971,6,101
411864,411964,411972,8,100
411864,411969,411972,3,105
411864,411969,411972,3,105
411864,411959,411972,13,95
411864,411965,411972,7,101
411926,411971,411973,2,45
411926,411971,411973,2,45
411864,411965,411972,7,101
411864,411967,411973,6,103
411864,411969,411972,3,105
411926,411971,411973,2,45
411926,411970,411972,2,44
411926,411970,411972,2,44
411745,411814,411974,160,69
411926,411972,411976,4,46
410604,410818,411979,1161,214
411926,411973,411985,12,47
411926,411973,411986,13,47
411926,411973,411989,16,47
411926,411976,411994,18,50
411926,411972,411995,23,46
411926,411985,411996,11,59
411926,411979,411997,18,53
411926,411974,411997,23,48
411926,411973,411999,26,47
411926,411986,412001,15,60
411926,411999,412005,6,73
411926,412001,412007,6,75
411926,411973,412007,34,47
411926,411997,412007,10,71
411926,411973,412008,35,47
411926,412005,412009,4,79
411926,411997,412009,12,71
410508,410752,412011,1259,244
411926,411996,412011,15,70
411926,411994,412011,17,68
411926,411995,412011,16,69
411926,412007,412013,6,81
411926,412011,412012,1,85
411926,412008,412014,6,82
411926,412011,412014,3,85
411926,411973,412015,42,47
411926,412009,412017,8,83
411926,412009,412017,8,83
411926,412011,412018,7,85
411926,411989,412017,28,63
411926,412007,412019,12,81
411926,412007,412019,12,81
411926,412012,412021,9,86
411926,412019,412022,3,93
411926,412014,412023,9,88
411926,412015,412023,8,89
411926,412018,412024,6,92
411926,412020,412024,4,94
411926,412015,412025,10,89
411926,412023,412026,3,97
411926,412022,412026,4,96
411926,412017,412026,9,91
411926,412023,412025,2,97
411926,412013,412027,14,87
411926,412025,412027,2,99
411926,412021,412027,6,95
411926,412024,412027,3,98
411926,412025,412027,2,99
411926,412018,412027,9,92
411926,412027,412029,2,101
411926,412018,412028,10,92
411953,412027,412028,1,74
411926,412026,412030,4,100
411926,412026,412030,4,100
411926,412026,412029,3,100
411953,412028,412030,2,75
411953,412028,412029,1,75
411953,412028,412030,2,75
411953,412028,412030,2,75
411926,411973,412034,61,47
411953,412029,412035,6,76
411864,411926,412035,109,62
411926,411972,412035,63,46
411926,412013,412040,27,87
411953,412029,412048,19,76
411926,411973,412049,76,47
411953,412030,412050,20,77
411864,411926,412050,124,62
411953,412030,412055,25,77
411953,412050,412056,6,97
411953,412031,412056,25,78
411953,412050,412061,11,97
411953,412029,412063,34,76
411953,412055,412066,11,102
411953,412036,412066,30,83
411926,411973,412068,95,47
411953,412030,412070,40,77
411953,412040,412073,33,87
411953,412066,412073,7,113
411953,412066,412075,9,113
411953,412063,412075,12,110
410718,410876,412075,1199,158
411953,412075,412077,2,122
411953,412075,412078,3,122
411953,412077,412079,2,124
411953,412076,412080,4,123
411953,412049,412080,31,96
411953,412030,412080,50,77
411953,412078,412081,3,125
411953,412073,412081,8,120
411953,412068,412081,13,115
411953,412079,412081,2,126
411953,412061,412082,21,108
411953,412030,412082,52,77
411953,412056,412084,28,103
411953,412080,412083,3,127
411953,412073,412084,11,120
411953,412080,412086,6,127
411953,412080,412089,9,127
411953,412081,412089,8,128
411953,412035,412089,54,82
411953,412081,412090,9,128
411953,412084,412090,6,131
411953,412085,412090,5,132
411953,412081,412090,9,128
411953,412057,412091,34,104
411953,412081,412091,10,128
411953,412089,412091,2,136
411953,412090,412092,2,137
411953,412082,412092,10,129
411953,412070,412091,21,117
411953,412090,412092,2,137
411953,412089,412091,2,136
411953,412086,412092,6,133
411953,412083,412092,9,130
411953,412090,412093,3,137
411953,412089,412093,4,136
411953,412090,412092,2,137
411953,412091,412093,2,138
411953,412084,412094,10,131
411953,412091,412093,2,138
411953,412091,412094,3,138
411980,412092,412094,2,112
411980,412092,412093,1,112
411980,412092,412094,2,112
411980,412092,412096,4,112
411980,412092,412096,4,112
411953,412032,412096,64,79
411953,412048,412097,49,95
411980,412093,412100,7,113
411980,412096,412102,6,116
411980,412096,412102,6,116
411980,412097,412102,5,117
411980,412100,412106,6,120
411980,412094,412107,13,114
411980,412094,412108,14,114
411980,412093,412109,16,113
411980,412107,412111,4,127
411980,412108,412111,3,128
411980,412102,412112,10,122
411980,412093,412113,20,113
411980,412109,412114,5,129
411980,412106,412115,9,126
411980,412102,412115,13,122
411980,412094,412115,21,114
411980,412096,412117,21,116
410822,410930,412117,1187,108
411980,412102,412118,16,122
411980,412094,412118,24,114
411980,412115,412118,3,135
411980,412111,412118,7,131
411980,412111,412119,8,131
411980,412094,412118,24,114
411980,412093,412119,26,113
411980,412114,412119,5,134
411980,412118,412121,3,138
411980,412114,412121,7,134
411980,412113,412121,8,133
411953,412035,412121,86,82
411980,412115,412122,7,135
411980,412118,412123,5,138
411980,412118,412122,4,138
411980,412118,412124,6,138
411980,412095,412124,29,115
411980,412119,412124,5,139
411980,412118,412125,7,138
411980,412119,412127,8,139
412126,412126,412127,1,0
411980,412115,412128,13,135
411980,412125,412128,3,145
411980,412125,412128,3,145
411980,412117,412130,13,137
411980,412119,412130,11,139
411980,412125,412129,4,145
411980,412124,412131,7,144
411980,412127,412131,4,147
411980,412129,412131,2,149
411980,412122,412132,10,142
411980,412130,412133,3,150
411980,412130,412133,3,150
411980,412121,412132,11,141
411980,412129,412132,3,149
412011,412131,412133,2,120
411980,412128,412133,5,148
412011,412131,412133,2,120
411980,412121,412133,12,141
411980,412130,412134,4,150
412011,412132,412134,2,121
411980,412123,412133,10,143
412011,412133,412135,2,122
411980,412093,412135,42,113
411980,412121,412134,13,141
411980,412123,412136,13,143
412011,412133,412135,2,122
411980,412121,412139,18,141
412011,412133,412140,7,122
411980,412122,412142,20,142
412011,412134,412148,14,123
412011,412134,412149,15,123
412011,412134,412150,16,123
412011,412139,412150,11,128
412011,412140,412151,11,129
412011,412142,412152,10,131
412011,412134,412152,18,123
412011,412149,412154,5,138
412011,412151,412155,4,140
412011,412150,412156,6,139
412011,412148,412156,8,137
412011,412133,412156,23,122
411068,411244,412157,913,176
412011,412133,412156,23,122
412011,412152,412157,5,141
412011,412135,412156,21,124
412011,412133,412160,27,122
412011,412152,412161,9,141
412011,412152,412160,8,141
412011,412155,412162,7,144
412011,412156,412162,6,145
412011,412156,412162,6,145
412011,412154,412164,10,143
412011,412161,412164,3,150
412011,412161,412165,4,150
412011,412157,412165,8,146
412011,412133,412166,33,122
412011,412162,412166,4,151
412011,412162,412165,3,151
412011,412163,412167,4,152
412011,412164,412168,4,153
412011,412157,412167,10,146
412011,412157,412167,10,146
412011,412164,412167,3,153
412011,412157,412170,13,146
412011,412160,412171,11,149
412011,412168,412172,4,157
412011,412157,412172,15,146
412011,412165,412172,7,154
412011,412168,412172,4,157
412011,412165,412173,8,154
412011,412166,412175,9,155
412011,412171,412175,4,160
412011,412170,412175,5,159
412011,412172,412175,3,161
412011,412168,412175,7,157
412011,412172,412175,3,161
412011,412172,412175,3,161
412011,412168,412176,8,157
412077,412175,412177,2,98
412077,412175,412177,2,98
412011,412173,412176,3,162
412077,412175,412177,2,98
412011,412175,412177,2,164
411953,412035,412178,143,82
412011,412174,412178,4,163
412077,412176,412178,2,99
412011,412166,412179,13,155
412077,412175,412178,3,98
412011,412136,412180,44,125
412011,412166,412180,14,155
412077,412176,412181,5,99
412011,412167,412181,14,156
412077,412181,412185,4,104
412011,412135,412186,51,124
412077,412177,412188,11,100
412077,412181,412188,7,104
412077,412179,412189,10,102
412077,412180,412188,8,103
412077,412185,412189,4,108
412077,412186,412190,4,109
412077,412188,412192,4,111
412077,412178,412192,14,101
412077,412178,412193,15,101
412077,412178,412194,16,101
412077,412189,412194,5,112
412077,412190,412195,5,113
412077,412179,412197,18,102
412077,412194,412198,4,117
412077,412188,412198,10,111
412077,412192,412198,6,115
412077,412195,412199,4,118
412077,412192,412199,7,115
412077,412194,412200,6,117
412077,412177,412200,23,100
412077,412193,412200,7,116
412077,412189,412201,12,112
412077,412189,412202,13,112
412077,412177,412202,25,100
412011,412136,412202,66,125
412077,412199,412206,7,122
412077,412200,412207,7,123
412077,412200,412207,7,123
412077,412199,412209,10,122
412077,412198,412210,12,121
412077,412197,412211,14,120
412077,412201,412212,11,124
412077,412202,412213,11,125
412077,412177,412214,37,100
412077,412198,412214,16,121
412077,412202,412215,13,125
412077,412200,412214,14,123
412077,412198,412216,18,121
412077,412214,412216,2,137
412077,412202,412217,15,125
412077,412213,412217,4,136
412077,412214,412217,3,137
412077,412215,412218,3,138
412077,412213,412218,5,136
412077,412215,412219,4,138
412077,412216,412219,3,139
412077,412217,412219,2,140
412077,412210,412220,10,133
412118,412218,412220,2,100
412077,412217,412220,3,140
412118,412219,412221,2,101
412118,412219,412220,1,101
412077,412216,412220,4,139
412118,412219,412222,3,101
412077,412212,412222,10,135
412077,412218,412221,3,141
412077,412207,412223,16,130
412118,412220,412222,2,102
412077,412206,412223,17,129
412118,412220,412224,4,102
412077,412209,412224,15,132
412077,412207,412225,18,130
412011,412135,412229,94,124
412077,412180,412234,54,103
412118,412222,412238,16,104
412118,412225,412239,14,107
412118,412223,412239,16,105
412118,412223,412238,15,105
412077,412180,412239,59,103
412118,412229,412239,10,111
412118,412222,412242,20,104
412118,412222,412242,20,104
412118,412234,412244,10,116
412118,412221,412244,23,103
412118,412238,412244,6,120
412118,412240,412246,6,122
412118,412239,412247,8,121
412118,412223,412247,24,105
412118,412242,412247,5,124
412118,412244,412249,5,126
412118,412221,412249,28,103
412118,412242,412250,8,124
412118,412246,412250,4,128
412118,412247,412251,4,129
412118,412247,412252,5,129
412118,412244,412252,8,126
412118,412251,412254,3,133
412118,412248,412254,6,130
412118,412245,412254,9,127
412118,412249,412254,5,131
412118,412239,412255,16,121
412118,412250,412255,5,132
412118,412250,412254,4,132
412118,412239,412256,17,121
412118,412221,412256,35,103
412118,412249,412258,9,131
412118,412252,412258,6,134
412118,412221,412261,40,103
412118,412256,412261,5,138
412118,412256,412262,6,138
412118,412254,412262,8,136
412118,412239,412261,22,121
412118,412254,412263,9,136
412118,412224,412264,40,106
412118,412224,412264,40,106
412118,412262,412264,2,144
412118,412254,412263,9,136
412118,412252,412265,13,134
412118,412258,412264,6,140
412118,412254,412265,11,136
412118,412255,412266,11,137
412118,412264,412266,2,146
412118,412262,412266,4,144
412118,412264,412266,2,146
412118,412261,412265,4,143
412118,412262,412266,4,144
412157,412265,412267,2,108
412118,412264,412267,3,146
412118,412258,412266,8,140
412118,412263,412266,3,145
412157,412265,412268,3,108
412118,412264,412267,3,146
412157,412266,412267,1,109
412157,412266,412269,3,109
412157,412266,412269,3,109
412118,412255,412269,14,137
412118,412262,412268,6,144
412157,412266,412268,2,109
412118,412255,412273,18,137
412157,412269,412275,6,112
412157,412269,412278,9,112
410945,411115,412281,1166,170
412157,412269,412281,12,112
412157,412273,412282,9,116
412157,412266,412283,17,109
412157,412276,412283,7,119
412157,412267,412289,22,110
412157,412267,412290,23,110
412157,412269,412290,21,112
412157,412278,412290,12,121
412157,412267,412296,29,110
412157,412282,412297,15,125
412157,412266,412297,31,109
412157,412283,412298,15,126
412157,412297,412300,3,140
412157,412297,412300,3,140
412157,412291,412301,10,134
412157,412296,412301,5,139
412157,412281,412301,20,124
412157,412299,412302,3,142
412157,412300,412303,3,143
412157,412300,412303,3,143
412157,412283,412302,19,126
412157,412301,412304,3,144
412157,412301,412306,5,144
412157,412290,412308,18,133
412157,412302,412308,6,145
412157,412281,412313,32,124
412157,412303,412315,12,146
412157,412303,412316,13,146
412157,412303,412316,13,146
412157,412303,412316,13,146
412157,412304,412318,14,147
412157,412308,412318,10,151
412157,412308,412318,10,151
412157,412290,412320,30,133
412157,412306,412320,14,149
412157,412267,412321,54,110
412157,412317,412322,5,160
412157,412318,412322,4,161
412157,412313,412321,8,156
412157,412318,412323,5,161
412157,412316,412324,8,159
412157,412268,412323,55,111
412157,412321,412325,4,164
412157,412315,412324,9,158
412157,412323,412324,1,166
412157,412322,412326,4,165
412157,412320,412326,6,163
412157,412316,412326,10,159
412157,412320,412326,6,163
412157,412322,412327,5,165
412281,412324,412326,2,43
412281,412325,412327,2,44
412157,412322,412327,5,165
412281,412325,412328,3,44
412281,412325,412327,2,44
412157,412319,412327,8,162
412281,412326,412328,2,45
412157,412268,412330,62,111
412157,412289,412330,41,132
412281,412326,412330,4,45
410958,411178,412332,1154,220
412281,412330,412341,11,49
412281,412330,412341,11,49
412157,412269,412344,75,112
412157,412268,412347,79,111
412281,412332,412349,17,51
412281,412328,412351,23,47
412281,412341,412352,11,60
412281,412327,412357,30,46
412281,412326,412359,33,45
412281,412347,412358,11,66
412281,412344,412360,16,63
412281,412327,412360,33,46
412281,412341,412363,22,60
412281,412327,412363,36,46
412281,412330,412365,35,49
412281,412327,412367,40,46
412281,412326,412367,41,45
412281,412367,412370,3,86
412281,412366,412370,4,85
412281,412364,412370,6,83
412281,412360,412370,10,79
412281,412367,412372,5,86
412281,412349,412373,24,68
412281,412370,412373,3,89
412281,412370,412374,4,89
412281,412363,412374,11,82
412281,412372,412376,4,91
412281,412370,412376,6,89
412281,412371,412377,6,90
412281,412362,412378,16,81
412281,412328,412379,51,47
412281,412374,412383,9,93
412281,412360,412386,26,79
412281,412352,412386,34,71
412281,412373,412386,13,92
412281,412373,412387,14,92
412281,412376,412388,12,95
412281,412376,412388,12,95
412281,412378,412388,10,97
412281,412386,412389,3,105
412281,412388,412390,2,107
412281,412377,412390,13,96
412281,412379,412391,12,98
412281,412387,412391,4,106
412281,412388,412391,3,107
412281,412388,412391,3,107
412281,412328,412392,64,47
412281,412357,412392,35,76
412281,412386,412392,6,105
412281,412386,412391,5,105
412281,412389,412393,4,108
412281,412390,412393,3,109
412281,412391,412393,2,110
412332,412392,412394,2,60
412281,412390,412394,4,109
412332,412392,412394,2,60
412281,412352,412394,42,71
412281,412375,412393,18,94
412332,412392,412393,1,60
412281,412383,412394,11,102
412332,412392,412395,3,60
412281,412391,412394,3,110
412332,412392,412394,2,60
412332,412393,412398,5,61
412281,412359,412402,43,78
412332,412398,412410,12,66
412332,412395,412411,16,63
412332,412393,412413,20,61
412332,412394,412415,21,62
412332,412394,412416,22,62
412332,412414,412418,4,82
412332,412395,412420,25,63
412332,412393,412425,32,61
411476,411518,412427,909,42
412332,412394,412428,34,62
412332,412411,412429,18,79
412332,412415,412429,14,83
412281,412328,412430,102,47
412332,412420,412437,17,88
412332,412425,412439,14,93
412332,412437,412440,3,105
412332,412427,412441,14,95
412332,412430,412442,12,98
412332,412439,412442,3,107
412332,412416,412443,27,84
412332,412418,412443,25,86
412332,412441,412442,1,109
412332,412440,412443,3,108
412332,412443,412446,3,111
412332,412411,412448,37,79
412332,412394,412448,54,62
412332,412442,412448,6,110
412332,412443,412447,4,111
412332,412443,412449,6,111
412332,412442,412449,7,110
412332,412429,412450,21,97
412332,412395,412452,57,63
412332,412402,412453,51,70
412332,412444,412455,11,112
412332,412394,412455,61,62
412332,412448,412456,8,116
412332,412448,412457,9,116
412332,412446,412456,10,114
412332,412449,412458,9,117
412332,412429,412458,29,97
412332,412448,412459,11,116
412332,412450,412459,9,118
412332,412449,412460,11,117
412332,412448,412460,12,116
412332,412455,412460,5,123
412332,412453,412461,8,121
412332,412455,412460,5,123
412332,412456,412460,4,124
412332,412459,412461,2,127
412332,412458,412462,4,126
412332,412429,412462,33,97
412332,412457,412462,5,125
412332,412458,412463,5,126
412332,412452,412463,11,120
412427,412461,412463,2,34
412332,412459,412462,3,127
412332,412457,412463,6,125
412427,412461,412462,1,34
412427,412461,412462,1,34
412332,412460,412464,4,128
412427,412461,412463,2,34
412332,412460,412463,3,128
412427,412462,412464,2,35
412427,412462,412468,6,35
412427,412464,412477,13,37
412427,412463,412477,14,36
412427,412463,412479,16,36
412427,412463,412480,17,36
412427,412464,412481,17,37
412427,412462,412481,19,35
412427,412463,412482,19,36
412427,412478,412484,6,51
412427,412464,412483,19,37
412427,412479,412484,5,52
412427,412477,412486,9,50
412427,412468,412487,19,41
412427,412464,412489,25,37
412427,412487,412492,5,60
412427,412480,412492,12,53
412332,412394,412493,99,62
412427,412489,412493,4,62
412427,412482,412495,13,55
412427,412484,412495,11,57
412427,412493,412495,2,66
412427,412485,412495,10,58
412427,412492,412495,3,65
412427,412492,412497,5,65
412427,412494,412497,3,67
412427,412484,412496,12,57
412427,412486,412498,12,59
412427,412495,412497,2,68
412427,412495,412498,3,68
412427,412497,412499,2,70
412427,412496,412501,5,69
412427,412497,412501,4,70
412427,412481,412501,20,54
412427,412497,412502,5,70
412427,412498,412506,8,71
412427,412497,412506,9,70
412427,412498,412506,8,71
412427,412497,412507,10,70
412427,412463,412507,44,36
412427,412481,412506,25,54
412427,412499,412506,7,72
412427,412501,412509,8,74
412427,412501,412508,7,74
412427,412498,412508,10,71
412427,412501,412510,9,74
412427,412463,412511,48,36
412427,412509,412511,2,82
412427,412507,412512,5,80
412427,412502,412512,10,75
412427,412506,412512,6,79
412427,412507,412512,5,80
412427,412507,412513,6,80
412427,412508,412513,5,81
412427,412506,412514,8,79
412427,412507,412514,7,80
412427,412509,412514,5,82
412427,412510,412515,5,83
412427,412509,412516,7,82
412427,412511,412516,5,84
412427,412463,412530,67,36
412332,412394,412545,151,62
411265,411330,412554,1224,65
412555,412555,412557,2,0
412555,412555,412558,3,0
412555,412555,412558,3,0
412555,412555,412557,2,0
412555,412555,412557,2,0
412555,412555,412559,4,0
412555,412558,412563,5,3
412555,412558,412564,6,3
412555,412558,412564,6,3
412555,412559,412565,6,4
412555,412563,412567,4,8
412555,412564,412568,4,9
412555,412558,412571,13,3
412555,412555,412576,21,0
412555,412555,412577,22,0
412555,412555,412577,22,0
412555,412557,412578,21,2
412555,412565,412579,14,10
412555,412567,412581,14,12
412555,412555,412582,27,0
412555,412578,412583,5,23
412555,412580,412582,2,25
412555,412568,412584,16,13
412555,412555,412584,29,0
412555,412581,412583,2,26
412555,412582,412584,2,27
412555,412555,412586,31,0
412555,412583,412585,2,28
412555,412583,412585,2,28
412555,412584,412587,3,29
412555,412585,412587,2,30
412555,412584,412586,2,29
412555,412571,412587,16,16
412555,412585,412590,5,30
412555,412586,412591,5,31
412555,412586,412591,5,31
412555,412577,412591,14,22
411625,411680,412593,913,55
412555,412586,412594,8,31
412555,412587,412594,7,32
412555,412588,412596,8,33
412555,412576,412597,21,21
412555,412587,412597,10,32
412555,412587,412598,11,32
412555,412591,412598,7,36
412555,412555,412598,43,0
412555,412591,412597,6,36
412555,412594,412598,4,39
412555,412595,412599,4,40
412555,412577,412600,23,22
412555,412590,412599,9,35
412555,412565,412600,35,10
412555,412592,412601,9,37
412555,412593,412601,8,38
412555,412599,412602,3,44
412555,412599,412603,4,44
412594,412600,412603,3,6
412555,412597,412603,6,42
412594,412602,412604,2,8
412555,412597,412604,7,42
412555,412598,412604,6,43
412594,412600,412604,4,6
412555,412598,412603,5,43
412555,412599,412603,4,44
412555,412598,412604,6,43
412594,412601,412604,3,7
412594,412602,412605,3,8
412555,412598,412606,8,43
412555,412555,412607,52,0
412594,412603,412606,3,9
412594,412604,412614,10,10
412555,412555,412617,62,0
412594,412604,412620,16,10
412594,412604,412621,17,10
412594,412607,412621,14,13
412594,412614,412622,8,20
412594,412607,412623,16,13
412594,412603,412625,22,9
412594,412617,412626,9,23
412594,412626,412628,2,32
412594,412625,412629,4,31
412594,412628,412631,3,34
412594,412629,412632,3,35
412594,412631,412634,3,37
412594,412632,412637,5,38
412594,412620,412640,20,26
412594,412624,412640,16,30
412594,412637,412641,4,43
412594,412634,412641,7,40
412594,412640,412642,2,46
412594,412604,412641,37,10
412594,412622,412642,20,28
412594,412640,412643,3,46
412594,412641,412644,3,47
412594,412642,412645,3,48
412594,412642,412645,3,48
412594,412642,412646,4,48
412594,412642,412646,4,48
412594,412621,412650,29,27
412594,412643,412651,8,49
412594,412606,412652,46,12
412594,412644,412653,9,50
412594,412645,412653,8,51
412594,412646,412653,7,52
412594,412646,412655,9,52
412594,412653,412655,2,59
412594,412645,412655,10,51
412594,412650,412656,6,56
412594,412653,412659,6,59
412594,412655,412659,4,61
412594,412651,412659,8,57
412594,412604,412660,56,10
412594,412652,412661,9,58
412594,412655,412660,5,61
412594,412655,412662,7,61
412594,412656,412662,6,62
412594,412653,412662,9,59
412594,412661,412664,3,67
412594,412604,412664,60,10
412594,412660,412665,5,66
412594,412661,412665,4,67
412594,412659,412666,7,65
412594,412659,412666,7,65
412594,412659,412666,7,65
412594,412605,412671,66,11
412594,412605,412671,66,11
412594,412621,412680,59,27
412594,412605,412685,80,11
412594,412606,412695,89,12
411507,411564,412752,1188,57
412753,412753,412755,2,0
412753,412753,412755,2,0
412753,412753,412756,3,0
412753,412753,412755,2,0
412753,412753,412755,2,0
412753,412753,412759,6,0
412753,412756,412760,4,3
412753,412756,412761,5,3
412753,412756,412761,5,3
412753,412753,412766,13,0
412753,412753,412765,12,0
412753,412755,412767,12,2
412753,412759,412767,8,6
412753,412760,412769,9,7
412753,412761,412769,8,8
412753,412761,412771,10,8
412753,412753,412773,20,0
412753,412769,412774,5,16
412753,412767,412775,8,14
412753,412753,412774,21,0
412753,412766,412774,8,13
412753,412766,412777,11,13
412753,412775,412777,2,22
412753,412769,412778,9,16
412753,412776,412778,2,23
412753,412777,412779,2,24
412753,412771,412780,9,18
412753,412773,412779,6,20
412753,412775,412779,4,22
412753,412774,412779,5,21
412753,412778,412781,3,25
412753,412779,412782,3,26
412753,412767,412783,16,14
412753,412778,412783,5,25
412753,412778,412783,5,25
412753,412780,412784,4,27
412753,412755,412787,32,2
412753,412780,412788,8,27
412753,412780,412787,7,27
412753,412781,412789,8,28
412753,412782,412789,7,29
412753,412780,412788,8,27
412753,412783,412789,6,30
412753,412783,412792,9,30
412753,412753,412792,39,0
412753,412783,412795,12,30
412753,412753,412795,42,0
412753,412789,412796,7,36
412753,412784,412795,11,31
412753,412753,412799,46,0
412753,412787,412798,11,34
412753,412796,412800,4,43
412753,412796,412801,5,43
412655,412655,412801,146,0
412753,412796,412801,5,43
412753,412792,412802,10,39
412753,412792,412802,10,39
412753,412788,412801,13,35
412753,412789,412802,13,36
412753,412789,412802,13,36
412753,412790,412803,13,37
412753,412790,412804,14,37
412753,412795,412805,10,42
412753,412753,412815,62,0
412753,412753,412823,70,0
411866,411970,412900,930,104
412900,412900,412902,2,0
412900,412900,412901,1,0
412900,412900,412902,2,0
412900,412900,412903,3,0
412900,412900,412902,2,0
412900,412900,412905,5,0
412900,412900,412912,12,0
412900,412900,412919,19,0
412900,412900,412923,23,0
412900,412900,412923,23,0
412900,412900,412924,24,0
412900,412902,412924,22,2
412900,412900,412925,25,0
412900,412900,412927,27,0
412900,412903,412929,26,3
412900,412924,412931,7,24
412900,412924,412933,9,24
412900,412902,412934,32,2
412900,412903,412935,32,3
412900,412902,412935,33,2
412900,412900,412937,37,0
412900,412923,412937,14,23
412900,412929,412937,8,29
412900,412919,412939,20,19
412900,412923,412940,17,23
412900,412925,412942,17,25
411926,412027,412943,916,101
412900,412940,412944,4,40
412900,412939,412944,5,39
412900,412933,412945,12,33
412900,412931,412944,13,31
412900,412938,412946,8,38
412900,412943,412947,4,43
412900,412942,412947,5,42
412900,412935,412948,13,35
412900,412944,412949,5,44
412900,412937,412949,12,37
412900,412945,412949,4,45
412900,412934,412949,15,34
412900,412944,412950,6,44
412900,412945,412950,5,45
411635,411749,412951,1202,114
412900,412949,412952,3,49
412900,412949,412952,3,49
412900,412949,412953,4,49
412900,412950,412953,3,50
412900,412927,412953,26,27
412900,412947,412954,7,47
412900,412950,412953,3,50
412900,412947,412955,8,47
412900,412951,412956,5,51
412900,412936,412955,19,36
412900,412949,412957,8,49
412900,412952,412957,5,52
412900,412937,412957,20,37
412943,412956,412958,2,13
412943,412956,412958,2,13
412943,412957,412959,2,14
412943,412957,412959,2,14
412943,412957,412960,3,14
412900,412953,412960,7,53
412943,412958,412959,1,15
412900,412954,412961,7,54
412900,412947,412960,13,47
412900,412953,412961,8,53
412900,412952,412962,10,52
412900,412954,412963,9,54
412900,412948,412963,15,48
412900,412953,412965,12,53
412900,412912,412968,56,12
412900,412900,412969,69,0
412943,412958,412974,16,15
412943,412961,412977,16,18
412943,412959,412977,18,16
412943,412961,412978,17,18
412943,412960,412979,19,17
412943,412961,412981,20,18
412943,412962,412984,22,19
412943,412963,412984,21,20
412943,412959,412985,26,16
412943,412979,412987,8,36
412943,412963,412988,25,20
412943,412981,412991,10,38
412900,412905,412993,88,5
412943,412977,412993,16,34
412943,412977,412993,16,34
412943,412987,412995,8,44
412943,412978,412997,19,35
412943,412985,412997,12,42
412943,412984,412998,14,41
412943,412988,412998,10,45
412943,412998,413001,3,55
412943,412998,413002,4,55
412943,412965,413003,38,22
412943,412984,413004,20,41
412943,412968,413004,36,25
412943,412997,413005,8,54
412943,412991,413005,14,48
412943,413001,413008,7,58
412943,412995,413009,14,52
412943,413004,413009,5,61
412943,413004,413011,7,61
412943,413005,413011,6,62
412943,413002,413010,8,59
412943,413003,413012,9,60
412943,412997,413014,17,54
412943,413006,413014,8,63
411954,412092,413013,921,138
412943,413011,413014,3,68
412943,412993,413013,20,50
412943,412993,413014,21,50
412943,413011,413014,3,68
412943,413011,413014,3,68
412943,413012,413015,3,69
412943,413009,413017,8,66
412943,413008,413017,9,65
412952,413017,413019,2,65
412943,413014,413020,6,71
412943,413014,413020,6,71
412943,412960,413021,61,17
412943,413009,413020,11,66
412943,413014,413021,7,71
412943,413014,413020,6,71
412952,413019,413020,1,67
412943,413015,413022,7,72
412952,413020,413022,2,68
412943,413014,413022,8,71
412943,412993,413022,29,50
412952,413021,413023,2,69
412943,413015,413023,8,72
412952,413020,413023,3,68
412952,413021,413023,2,69
412943,413015,413023,8,72
412943,412960,413024,64,17
412943,413015,413024,9,72
412952,413021,413031,10,69
412952,413021,413032,11,69
412943,412974,413032,58,31
412952,413021,413034,13,69
411741,411809,413035,1226,68
412952,413022,413039,17,70
412952,413025,413039,14,73
412943,412969,413044,75,26
411746,411868,413045,1177,122
412952,413031,413045,14,79
412952,413045,413048,3,93
412952,413046,413047,1,94
412952,413024,413050,26,72
412952,413045,413049,4,93
412952,413048,413051,3,96
412952,413040,413058,18,88
412952,413048,413058,10,96
412952,413023,413059,36,71
412952,413022,413059,37,70
412952,413058,413061,3,106
412952,413058,413061,3,106
412952,413035,413062,27,83
412952,413059,413064,5,107
412952,413050,413064,14,98
412952,413034,413064,30,82
412952,413023,413064,41,71
412952,413061,413065,4,109
412952,413062,413066,4,110
412952,413024,413066,42,72
412952,413061,413065,4,109
412952,413052,413068,16,100
412952,413059,413068,9,107
412952,413064,413067,3,112
412952,413064,413069,5,112
412952,413050,413071,21,98
412952,413064,413072,8,112
412952,413069,413072,3,117
412952,413064,413072,8,112
412952,413068,413074,6,116
412952,413066,413074,8,114
412952,413039,413075,36,87
412952,413068,413075,7,116
412952,413066,413075,9,114
412952,413066,413075,9,114
412952,413032,413077,45,80
412952,413065,413078,13,113
412952,413072,413079,7,120
412952,413071,413080,9,119
413015,413078,413080,2,63
412952,413075,413080,5,123
412952,413074,413081,7,122
412952,413073,413081,8,121
412952,413076,413082,6,124
413015,413079,413081,2,64
412952,413068,413082,14,116
412952,413076,413082,6,124
412952,413072,413082,10,120
412952,413074,413082,8,122
413015,413080,413082,2,65
412952,413075,413082,7,123
413015,413080,413082,2,65
413015,413081,413084,3,66
413015,413080,413083,3,65
412952,413023,413089,66,71
413015,413081,413090,9,66
412952,413023,413097,74,71
413015,413083,413098,15,68
413015,413083,413098,15,68
413015,413083,413098,15,68
413015,413084,413100,16,69
412952,413023,413100,77,71
413015,413083,413101,18,68
412952,413022,413103,81,70
412952,413032,413103,71,80
413015,413084,413103,19,69
413015,413082,413104,22,67
413015,413082,413107,25,67
413015,413089,413107,18,74
413015,413100,413110,10,85
413015,413082,413113,31,67
413015,413103,413113,10,88
413015,413104,413114,10,89
413015,413101,413114,13,86
413015,413101,413115,14,86
413015,413090,413116,26,75
413015,413103,413116,13,88
413015,413107,413118,11,92
413015,413116,413119,3,101
413015,413107,413120,13,92
413015,413082,413120,38,67
413015,413098,413120,22,83
413015,413116,413123,7,101
413015,413119,413123,4,104
413015,413115,413123,8,100
413015,413119,413124,5,104
413015,413099,413124,25,84
413015,413121,413124,3,106
413015,413120,413125,5,105
413015,413110,413127,17,95
413015,413120,413127,7,105
413015,413125,413127,2,110
413015,413103,413127,24,88
413015,413114,413129,15,99
413015,413123,413129,6,108
413015,413123,413130,7,108
413015,413126,413130,4,111
413015,413127,413130,3,112
413015,413127,413131,4,112
413015,413097,413131,34,82
413015,413114,413131,17,99
413015,413127,413131,4,112
413015,413123,413132,9,108
413015,413124,413131,7,109
413015,413124,413133,9,109
413015,413113,413133,20,98
413035,413131,413133,2,96
413015,413098,413133,35,83
413015,413130,413134,4,115
413035,413132,413134,2,97
413035,413132,413135,3,97
413035,413133,413135,2,98
413015,413128,413134,6,113
413035,413133,413134,1,98
413015,413130,413135,5,115
413035,413133,413136,3,98
413015,413130,413135,5,115
413015,413113,413136,23,98
413015,413129,413138,9,114
413015,413129,413138,9,114
413015,413131,413137,6,116
413015,413131,413140,9,116
413035,413134,413148,14,99
413035,413134,413148,14,99
411858,411921,413152,1231,63
413015,413082,413152,70,67
413035,413134,413156,22,99
413035,413138,413159,21,103
413035,413152,413164,12,117
413035,413135,413166,31,100
413035,413164,413168,4,129
413035,413148,413167,19,113
413035,413152,413171,19,117
413035,413166,413173,7,131
413035,413156,413174,18,121
413035,413168,413174,6,133
413035,413159,413175,16,124
413035,413169,413176,7,134
413035,413138,413177,39,103
413035,413136,413177,41,101
413035,413176,413179,3,141
413035,413172,413180,8,137
413035,413136,413180,44,101
413035,413177,413182,5,142
413035,413176,413182,6,141
413035,413138,413182,44,103
413035,413136,413183,47,101
413035,413173,413183,10,138
413035,413180,413183,3,145
413035,413180,413184,4,145
413035,413135,413185,50,100
413035,413182,413184,2,147
413035,413177,413185,8,142
413035,413182,413186,4,147
413035,413174,413186,12,139
413035,413179,413187,8,144
413035,413182,413186,4,147
413035,413174,413188,14,139
413035,413185,413188,3,150
413035,413186,413188,2,151
413035,413186,413189,3,151
413035,413183,413189,6,148
413035,413187,413191,4,152
413035,413137,413191,54,102
413035,413183,413192,9,148
413035,413183,413192,9,148
413035,413185,413193,8,150
413035,413184,413194,10,149
413035,413188,413194,6,153
413035,413185,413193,8,150
413048,413193,413195,2,145
413035,413189,413195,6,154
413035,413189,413195,6,154
413048,413194,413196,2,146
413048,413194,413196,2,146
413048,413194,413196,2,146
413035,413192,413197,5,157
413035,413188,413197,9,153
413048,413195,413196,1,147
413035,413188,413196,8,153
413035,413187,413198,11,152
413035,413191,413198,7,156
413035,413192,413200,8,157
413048,413195,413200,5,147
413048,413196,413204,8,148
413048,413196,413212,16,148
413048,413196,413215,19,148
413048,413196,413221,25,148
413048,413197,413228,31,149
413048,413197,413229,32,149
413035,413148,413231,83,113
413048,413204,413232,28,156
413035,413136,413234,98,101
413048,413197,413234,37,149
413048,413221,413236,15,173
413048,413215,413237,22,167
413048,413232,413237,5,184
413048,413228,413239,11,180
413048,413212,413240,28,164
413048,413236,413239,3,188
413048,413198,413241,43,150
413048,413229,413241,12,181
413048,413234,413242,8,186
413048,413197,413241,44,149
413048,413237,413242,5,189
413048,413237,413244,7,189
413048,413242,413246,4,194
413048,413231,413247,16,183
413048,413235,413247,12,187
413048,413242,413250,8,194
413048,413247,413250,3,199
413048,413247,413252,5,199
413048,413250,413253,3,202
413048,413239,413253,14,191
413048,413241,413253,12,193
413048,413246,413253,7,198
413035,413140,413254,114,105
413048,413243,413256,13,195
413048,413250,413256,6,202
413048,413240,413257,17,192
413048,413241,413258,17,193
413048,413253,413258,5,205
413048,413252,413258,6,204
413048,413198,413259,61,150
413048,413240,413259,19,192
413048,413256,413259,3,208
413048,413257,413259,2,209
413048,413258,413260,2,210
413048,413256,413260,4,208
413048,413244,413261,17,196
413048,413258,413260,2,210
413048,413254,413262,8,206
413048,413254,413261,7,206
413048,413258,413262,4,210
413048,413253,413263,10,205
413156,413262,413264,2,106
413048,413253,413264,11,205
413156,413262,413263,1,106
413048,413200,413265,65,152
413048,413261,413265,4,213
413156,413263,413266,3,107
413048,413260,413266,6,212
413048,413259,413265,6,211
413048,413260,413267,7,212
413156,413264,413267,3,108
413048,413260,413267,7,212
413156,413264,413267,3,108
413048,413260,413268,8,212
413156,413264,413269,5,108
413048,413259,413271,12,211
413048,413200,413274,74,152
413035,413135,413278,143,100
413156,413265,413280,15,109
413156,413266,413282,16,110
413156,413265,413285,20,109
413156,413267,413285,18,111
413156,413267,413285,18,111
413156,413267,413285,18,111
413156,413266,413287,21,110
413156,413287,413291,4,131
413156,413288,413292,4,132
413156,413266,413292,26,110
413156,413291,413294,3,135
413156,413285,413294,9,129
413156,413282,413296,14,126
413156,413265,413297,32,109
413156,413292,413297,5,136
413156,413285,413301,16,129
413156,413285,413302,17,129
413156,413280,413303,23,124
413156,413268,413305,37,112
413156,413292,413305,13,136
413156,413294,413307,13,138
413156,413294,413310,16,138
413156,413307,413311,4,151
413156,413310,413312,2,154
413156,413311,413313,2,155
413156,413306,413314,8,150
413156,413312,413315,3,156
413156,413297,413317,20,141
413156,413305,413318,13,149
413156,413271,413319,48,115
413156,413302,413318,16,146
413156,413313,413318,5,157
413156,413274,413321,47,118
413156,413301,413321,20,145
413156,413314,413322,8,158
413156,413320,413321,1,164
413156,413296,413323,27,140
413156,413315,413323,8,159
413156,413268,413324,56,112
413156,413321,413324,3,165
413156,413303,413325,22,147
413156,413320,413325,5,164
413156,413322,413326,4,166
413156,413322,413325,3,166
413156,413322,413325,3,166
413156,413323,413328,5,167
413156,413319,413328,9,163
413156,413318,413328,10,162
413156,413317,413327,10,161
413156,413324,413329,5,168
413156,413297,413329,32,141
413156,413323,413329,6,167
413156,413324,413331,7,168
413156,413278,413331,53,122
413156,413326,413332,6,170
413156,413325,413333,8,169
413156,413326,413334,8,170
413156,413269,413341,72,113
411981,412131,413355,1224,150
413356,413356,413358,2,0
413356,413356,413358,2,0
413356,413356,413359,3,0
413356,413356,413358,2,0
413356,413356,413360,4,0
413356,413356,413359,3,0
413356,413356,413370,14,0
413356,413356,413370,14,0
413356,413358,413372,14,2
413356,413358,413372,14,2
413356,413356,413373,17,0
413356,413356,413374,18,0
413356,413359,413373,14,3
413356,413359,413379,20,3
413356,413374,413383,9,18
413356,413360,413385,25,4
413356,413374,413386,12,18
413356,413370,413386,16,14
413356,413356,413387,31,0
413356,413379,413387,8,23
413356,413371,413392,21,15
413356,413383,413392,9,27
413356,413356,413393,37,0
413356,413385,413394,9,29
412011,412175,413395,1220,164
413356,413372,413396,24,16
413356,413360,413398,38,4
413356,413372,413399,27,16
413356,413386,413399,13,30
413356,413395,413401,6,39
413356,413397,413401,4,41
413356,413387,413401,14,31
413356,413386,413402,16,30
413356,413373,413403,30,17
413356,413394,413406,12,38
413356,413398,413405,7,42
413356,413401,413406,5,45
413356,413401,413407,6,45
413356,413399,413407,8,43
413356,413388,413406,18,32
413356,413399,413408,9,43
413356,413402,413409,7,46
413356,413402,413409,7,46
413356,413407,413410,3,51
413356,413408,413410,2,52
413356,413406,413411,5,50
413356,413403,413411,8,47
413356,413407,413411,4,51
413356,413407,413410,3,51
413356,413409,413413,4,53
413356,413392,413412,20,36
413356,413406,413413,7,50
413356,413409,413414,5,53
413356,413406,413414,8,50
413356,413392,413414,22,36
413396,413413,413415,2,17
413356,413393,413415,22,37
413396,413413,413416,3,17
413356,413411,413417,6,55
413396,413414,413417,3,18
413396,413414,413417,3,18
413356,413411,413417,6,55
413396,413415,413416,1,19
413396,413414,413417,3,18
413356,413410,413418,8,54
413356,413411,413418,7,55
412427,412511,413418,907,84
413356,413411,413418,7,55
413356,413356,413419,63,0
413356,413410,413419,9,54
412077,412218,413422,1204,141
413356,413356,413428,72,0
413396,413418,413430,12,22
413396,413418,413431,13,22
413356,413356,413431,75,0
413396,413418,413432,14,22
413396,413415,413432,17,19
413396,413419,413433,14,23
413396,413428,413443,15,32
413396,413419,413444,25,23
413396,413433,413444,11,37
413396,413431,413445,14,35
412119,412265,413444,1179,146
413396,413430,413447,17,34
413396,413418,413448,30,22
413396,413422,413450,28,26
413396,413420,413451,31,24
413396,413431,413450,19,35
413396,413443,413451,8,47
413396,413444,413454,10,48
413396,413444,413457,13,48
413396,413417,413458,41,21
413396,413454,413459,5,58
413396,413432,413460,28,36
413396,413445,413459,14,49
413396,413445,413461,16,49
413396,413432,413461,29,36
413396,413451,413461,10,55
413396,413417,413461,44,21
413396,413447,413462,15,51
413396,413450,413463,13,54
413396,413458,413463,5,62
413396,413451,413464,13,55
413396,413458,413464,6,62
413396,413460,413465,5,64
413396,413448,413464,16,52
413396,413460,413466,6,64
413396,413451,413466,15,55
413396,413461,413467,6,65
413396,413459,413467,8,63
413396,413461,413468,7,65
413396,413464,413469,5,68
413396,413464,413469,5,68
413396,413462,413469,7,66
413396,413461,413468,7,65
413396,413465,413470,5,69
413396,413461,413472,11,65
413396,413468,413473,5,72
413396,413463,413473,10,67
413396,413466,413474,8,70
413396,413469,413474,5,73
413396,413463,413474,11,67
413396,413469,413473,4,73
413419,413471,413473,2,52
413396,413467,413474,7,71
413396,413466,413474,8,70
413419,413473,413475,2,54
413396,413469,413475,6,73
413419,413472,413475,3,53
413396,413465,413474,9,69
413419,413473,413475,2,54
413396,413467,413475,8,71
413419,413474,413477,3,55
413419,413474,413476,2,55
413419,413477,413489,12,58
413419,413477,413490,13,58
413396,413417,413491,74,21
413419,413476,413491,15,57
413419,413476,413492,16,57
413396,413417,413496,79,21
413419,413489,413501,12,70
413419,413475,413502,27,56
413419,413493,413503,10,74
413419,413496,413502,6,77
413419,413490,413508,18,71
413419,413474,413512,38,55
413419,413501,413513,12,82
413419,413475,413515,40,56
413419,413504,413516,12,85
412158,412324,413517,1193,166
413419,413502,413517,15,83
413419,413503,413518,15,84
413396,413417,413519,102,21
413419,413513,413522,9,94
413419,413491,413522,31,72
413419,413508,413523,15,89
413419,413475,413524,49,56
413419,413519,413525,6,100
413419,413512,413526,14,93
413419,413515,413526,11,96
413419,413522,413526,4,103
413419,413526,413528,2,107
413419,413524,413528,4,105
413419,413526,413528,2,107
413419,413474,413529,55,55
413419,413525,413528,3,106
413419,413516,413529,13,97
413419,413528,413530,2,109
413419,413528,413530,2,109
413419,413523,413530,7,104
413419,413518,413531,13,99
413419,413526,413531,5,107
413419,413522,413531,9,103
413419,413529,413532,3,110
413419,413528,413531,3,109
413419,413529,413534,5,110
413419,413517,413534,17,98
413419,413491,413533,42,72
413419,413531,413536,5,112
413419,413530,413536,6,111
413419,413530,413537,7,111
413419,413530,413538,8,111
413423,413537,413538,1,114
413419,413532,413538,6,113
413419,413475,413538,63,56
413419,413530,413538,8,111
413423,413538,413539,1,115
413419,413531,413539,8,112
413423,413538,413540,2,115
413423,413538,413540,2,115
413419,413531,413540,9,112
413423,413538,413540,2,115
413419,413532,413541,9,113
413423,413539,413541,2,116
413419,413517,413541,24,98
413419,413534,413542,8,115
413419,413536,413542,6,117
413419,413534,413541,7,115
413419,413534,413543,9,115
413419,413474,413547,73,55
413423,413539,413548,9,116
413396,413417,413553,136,21
413423,413548,413558,10,125
413423,413548,413560,12,125
413423,413542,413561,19,119
413423,413543,413563,20,120
413423,413553,413564,11,130
413423,413540,413565,25,117
413423,413542,413567,25,119
413423,413542,413567,25,119
413423,413542,413568,26,119
413423,413559,413569,10,136
412282,412391,413573,1182,109
413423,413565,413574,9,142
413423,413560,413575,15,137
413423,413564,413577,13,141
413423,413567,413578,11,144
413423,413567,413579,12,144
413423,413561,413581,20,138
413423,413570,413581,11,147
413423,413568,413580,12,145
413423,413581,413583,2,158
413423,413573,413585,12,150
413423,413581,413585,4,158
413423,413539,413586,47,116
413423,413564,413587,23,141
413423,413578,413587,9,155
413423,413574,413587,13,151
413423,413577,413588,11,154
413423,413575,413588,13,152
413423,413583,413588,5,160
413423,413586,413592,6,163
413423,413586,413592,6,163
413423,413579,413592,13,156
413423,413585,413593,8,162
413423,413539,413594,55,116
413423,413588,413594,6,165
413423,413587,413594,7,164
413423,413589,413593,4,166
413423,413587,413594,7,164
413423,413592,413595,3,169
413423,413588,413595,7,165
413423,413592,413594,2,169
413423,413581,413594,13,158
413423,413592,413596,4,169
413423,413589,413596,7,166
413423,413594,413597,3,171
413445,413595,413598,3,150
413423,413541,413598,57,118
413445,413596,413598,2,151
413423,413594,413599,5,171
413423,413594,413599,5,171
413423,413595,413600,5,172
413423,413540,413600,60,117
413423,413594,413600,6,171
413423,413595,413600,5,172
413445,413597,413600,3,152
413445,413598,413601,3,153
413445,413598,413601,3,153
413423,413595,413601,6,172
413445,413597,413600,3,152
413423,413594,413604,10,171
413423,413593,413606,13,170
413445,413598,413607,9,153
413445,413607,413615,8,162
413419,413474,413615,141,55
413419,413474,413615,141,55
413445,413601,413617,16,156
413445,413604,413618,14,159
413445,413599,413618,19,154
413445,413606,413621,15,161
413445,413615,413624,9,170
413445,413615,413625,10,170
413445,413616,413627,11,171
413445,413617,413628,11,172
413445,413619,413629,10,174
413445,413621,413630,9,176
412333,412460,413631,1171,127
413445,413625,413634,9,180
413445,413601,413636,35,156
413445,413627,413638,11,182
413445,413625,413638,13,180
413445,413628,413639,11,183
413445,413618,413640,22,173
413445,413629,413640,11,184
413423,413541,413642,101,118
413445,413641,413643,2,196
413445,413640,413643,3,195
413445,413630,413645,15,185
413445,413636,413645,9,191
413445,413599,413644,45,154
413445,413634,413646,12,189
413445,413642,413646,4,197
413445,413639,413647,8,194
413445,413638,413646,8,193
413445,413631,413648,17,186
413445,413643,413648,5,198
413445,413646,413649,3,201
413445,413638,413650,12,193
413445,413644,413651,7,199
413445,413649,413651,2,204
413445,413647,413650,3,202
413445,413648,413651,3,203
413445,413600,413652,52,155
413445,413645,413652,7,200
413445,413646,413651,5,201
413445,413645,413653,8,200
413445,413647,413652,5,202
413445,413645,413654,9,200
413445,413649,413654,5,204
413518,413653,413655,2,135
413445,413601,413655,54,156
413445,413652,413656,4,207
413445,413651,413655,4,206
413518,413655,413656,1,137
413445,413652,413657,5,207
413445,413650,413657,7,205
413518,413654,413656,2,136
413518,413654,413657,3,136
413445,413653,413658,5,208
413445,413653,413658,5,208
413518,413655,413657,2,137
413518,413656,413657,1,138
413445,413652,413659,7,207
413445,413652,413659,7,207
413445,413651,413658,7,206
413445,413601,413662,61,156
413423,413540,413669,129,117
413518,413656,413673,17,138
413445,413601,413675,74,156
413518,413659,413677,18,141
413445,413600,413683,83,155
413518,413659,413684,25,141
413518,413677,413685,8,159
413518,413675,413686,11,157
413518,413662,413689,27,144
413518,413685,413692,7,167
413518,413669,413693,24,151
413518,413673,413695,22,155
413518,413686,413697,11,168
413518,413689,413704,15,171
413518,413692,413705,13,174
413518,413695,413708,13,177
413518,413693,413708,15,175
413518,413684,413708,24,166
413518,413656,413708,52,138
413518,413684,413710,26,166
413518,413697,413712,15,179
413445,413600,413714,114,155
413518,413659,413715,56,141
413518,413704,413715,11,186
413518,413712,413716,4,194
413518,413714,413715,1,196
413518,413715,413717,2,197
413518,413710,413719,9,192
413518,413710,413719,9,192
413518,413709,413719,10,191
413518,413708,413720,12,190
413518,413705,413719,14,187
413518,413708,413719,11,190
413518,413719,413721,2,201
413518,413660,413721,61,142
413518,413719,413722,3,201
413518,413720,413722,2,202
413518,413720,413722,2,202
413518,413715,413722,7,197
413518,413716,413723,7,198
413518,413717,413722,5,199
413518,413717,413724,7,199
413518,413719,413723,4,201
413518,413720,413725,5,202
413518,413721,413727,6,203
413518,413723,413728,5,205
413518,413724,413728,4,206
413518,413722,413729,7,204
413518,413725,413729,4,207
413518,413724,413729,5,206
413518,413724,413728,4,206
413573,413727,413728,1,154
413518,413723,413730,7,205
413573,413728,413730,2,155
413573,413729,413731,2,156
413518,413722,413730,8,204
413573,413729,413730,1,156
413573,413729,413731,2,156
413518,413722,413731,9,204
413573,413729,413732,3,156
413518,413722,413734,12,204
413573,413729,413737,8,156
413423,413540,413740,200,117
413518,413657,413742,85,139
413518,413658,413747,89,140
413573,413733,413753,20,160
413573,413729,413755,26,156
413518,413657,413756,99,139
413573,413742,413758,16,169
413445,413600,413760,160,155
413573,413756,413766,10,183
413573,413747,413767,20,174
413573,413759,413768,9,186
413573,413760,413772,12,187
413573,413755,413775,20,182
413518,413657,413776,119,139
413573,413766,413777,11,193
412556,412600,413779,1179,44
413573,413767,413781,14,194
413573,413768,413782,14,195
413573,413753,413784,31,180
413518,413658,413785,127,140
413573,413772,413787,15,199
413573,413740,413788,48,167
413573,413776,413790,14,203
413573,413777,413791,14,204
413573,413775,413791,16,202
413573,413779,413792,13,206
413573,413791,413793,2,218
413573,413781,413793,12,208
413573,413788,413792,4,215
413573,413787,413794,7,214
413573,413791,413794,3,218
413573,413783,413793,10,210
413573,413784,413795,11,211
413573,413792,413795,3,219
413573,413790,413794,4,217
413573,413795,413797,2,222
413573,413794,413798,4,221
413573,413785,413798,13,212
413573,413793,413797,4,220
413573,413794,413799,5,221
413573,413793,413800,7,220
413573,413793,413800,7,220
413573,413798,413803,5,225
413573,413795,413803,8,222
413573,413798,413803,5,225
413573,413798,413804,6,225
413573,413795,413804,9,222
413573,413796,413803,7,223
413573,413797,413805,8,224
413573,413799,413805,6,226
413632,413804,413806,2,172
413632,413804,413807,3,172
413632,413805,413807,2,173
413632,413805,413807,2,173
413573,413800,413808,8,227
413632,413806,413808,2,174
413573,413730,413808,78,157
413573,413800,413807,7,227
413573,413803,413809,6,230
413573,413803,413809,6,230
413573,413804,413810,6,231
413573,413803,413810,7,230
413573,413734,413812,78,161
413632,413807,413813,6,175
413573,413731,413830,99,158
413573,413731,413831,100,158
413518,413657,413832,175,139
413573,413738,413839,101,165
413518,413658,413841,183,140
413632,413807,413843,36,175
412594,412662,413845,1183,68
413632,413831,413846,15,199
413632,413839,413846,7,207
413573,413731,413846,115,158
413632,413833,413847,14,201
413632,413841,413850,9,209
412901,412955,413851,896,54
413573,413731,413852,121,158
413632,413846,413853,7,214
413632,413845,413854,9,213
413573,413730,413855,125,157
413632,413846,413856,10,214
413632,413843,413857,14,211
413632,413847,413858,11,215
413632,413846,413859,13,214
413573,413731,413859,128,158
413632,413830,413860,30,198
413632,413859,413862,3,227
413632,413850,413862,12,218
413632,413852,413863,11,220
413632,413851,413863,12,219
413632,413859,413864,5,227
413632,413862,413865,3,230
413632,413856,413866,10,224
413632,413860,413866,6,228
413632,413853,413867,14,221
413632,413862,413867,5,230
413632,413857,413867,10,225
413632,413858,413867,9,226
413632,413854,413867,13,222
413632,413856,413868,12,224
413632,413865,413867,2,233
413632,413864,413867,3,232
413632,413866,413869,3,234
413632,413867,413869,2,235
413632,413864,413868,4,232
413632,413867,413870,3,235
413632,413865,413871,6,233
413632,413867,413873,6,235
413632,413810,413873,63,178
413632,413867,413874,7,235
413632,413868,413875,7,236
413632,413867,413875,8,235
413632,413869,413874,5,237
413632,413870,413875,5,238
413632,413867,413875,8,235
413632,413868,413876,8,236
413632,413869,413875,6,237
413632,413869,413876,7,237
413632,413813,413877,64,181
413632,413868,413877,9,236
413632,413871,413877,6,239
413779,413875,413877,2,96
413779,413875,413878,3,96
413779,413875,413878,3,96
413779,413875,413878,3,96
413779,413875,413877,2,96
413779,413874,413877,3,95
413632,413873,413880,7,241
413632,413874,413881,7,242
413779,413876,413887,11,97
413779,413878,413890,12,99
413779,413878,413890,12,99
413779,413878,413892,14,99
413779,413881,413892,11,102
413779,413878,413892,14,99
413779,413881,413894,13,102
413779,413878,413894,16,99
413632,413807,413895,88,175
413779,413892,413899,7,113
413779,413892,413901,9,113
413779,413887,413901,14,108
413632,413810,413904,94,178
413779,413890,413906,16,111
413779,413895,413907,12,116
413779,413890,413908,18,111
413779,413894,413911,17,115
413779,413905,413916,11,126
413779,413906,413918,12,127
413779,413877,413919,42,98
413779,413901,413918,17,122
413779,413918,413920,2,139
413779,413901,413921,20,122
413779,413916,413922,6,137
413779,413892,413922,30,113
413779,413919,413924,5,140
413779,413921,413924,3,142
413779,413920,413925,5,141
413779,413899,413925,26,120
413779,413919,413925,6,140
413779,413907,413925,18,128
413779,413922,413926,4,143
413632,413812,413925,113,180
413779,413924,413926,2,145
413779,413924,413926,2,145
413779,413911,413925,14,132
413779,413923,413925,2,144
413779,413925,413927,2,146
413779,413908,413927,19,129
413779,413925,413928,3,146
413779,413925,413930,5,146
413779,413894,413931,37,115
413779,413925,413932,7,146
413779,413926,413933,7,147
413779,413926,413934,8,147
413779,413927,413934,7,148
413779,413926,413935,9,147
413779,413931,413935,4,152
413779,413928,413935,7,149
413779,413926,413936,10,147
413845,413934,413936,2,89
413779,413927,413935,8,148
413845,413935,413936,1,90
413779,413926,413936,10,147
413845,413934,413936,2,89
413845,413935,413937,2,90
413845,413935,413937,2,90
413779,413933,413938,5,154
413779,413930,413937,7,151
413845,413936,413939,3,91
413779,413932,413939,7,153
413779,413926,413939,13,147
413632,413809,413939,130,177
412952,413077,413944,867,125
413779,413876,413946,70,97
413632,413810,413947,137,178
413632,413809,413947,138,177
412753,412799,413951,1152,46
413845,413940,413952,12,95
413845,413940,413954,14,95
413845,413939,413955,16,94
413845,413939,413955,16,94
413845,413938,413954,16,93
413845,413944,413956,12,99
413632,413808,413956,148,176
413845,413946,413957,11,101
413845,413936,413958,22,91
413845,413938,413960,22,93
413845,413947,413960,13,102
413845,413951,413961,10,106
413845,413947,413961,14,102
413779,413877,413963,86,98
413845,413955,413966,11,110
413845,413956,413967,11,111
413845,413954,413967,13,109
413845,413966,413969,3,121
413845,413963,413968,5,118
413845,413952,413970,18,107
413632,413808,413970,162,176
413845,413959,413971,12,114
413845,413967,413971,4,122
413845,413968,413971,3,123
413632,413808,413973,165,176
413845,413970,413972,2,125
413845,413971,413973,2,126
413845,413971,413973,2,126
413845,413955,413974,19,110
413845,413961,413974,13,116
413845,413971,413974,3,126
413845,413956,413975,19,111
413845,413957,413974,17,112
413845,413969,413974,5,124
413845,413969,413975,6,124
413845,413936,413976,40,91
413845,413972,413975,3,127
413845,413973,413977,4,128
413845,413936,413976,40,91
413845,413960,413978,18,115
413845,413973,413979,6,128
413779,413877,413979,102,98
413845,413961,413981,20,116
413845,413973,413981,8,128
413845,413973,413981,8,128
413852,413979,413980,1,127
413852,413979,413982,3,127
413845,413975,413983,8,130
413845,413975,413983,8,130
413852,413981,413982,1,129
413845,413974,413983,9,129
413845,413956,413983,27,111
413852,413981,413983,2,129
413852,413981,413983,2,129
413845,413977,413984,7,132
413845,413978,413984,6,133
413845,413977,413984,7,132
413845,413976,413984,8,131
413852,413981,413984,3,129
413845,413976,413985,9,131
413845,413975,413987,12,130
413845,413975,413988,13,130
413845,413975,413990,15,130
413779,413877,413990,113,98
413845,413960,413991,31,115
413845,413974,413991,17,129
413852,413984,413995,11,132
413845,413936,413996,60,91
413852,413984,413997,13,132
413852,413985,413997,12,133
413852,413984,413998,14,132
413852,413987,413999,12,135
413852,413988,413999,11,136
413852,413986,413999,13,134
413852,413984,414001,17,132
413779,413877,414003,126,98
413852,413996,414005,9,144
413852,413995,414005,10,143
413852,413991,414005,14,139
413852,413990,414006,16,138
413852,413984,414007,23,132
413852,414006,414009,3,154
413852,413982,414010,28,130
413852,414007,414010,3,155
413852,413991,414011,20,139
413845,413936,414011,75,91
413852,413990,414011,21,138
413852,413999,414012,13,147
413852,414005,414012,7,153
413852,414010,414012,2,158
413852,414005,414012,7,153
413852,413999,414013,14,147
413852,414005,414013,8,153
413852,414009,414013,4,157
413852,414003,414014,11,151
413852,414010,414014,4,158
413852,414011,414014,3,159
413852,414011,414014,3,159
413852,414012,414015,3,160
413852,413997,414016,19,145
413852,414012,414015,3,160
413852,413998,414017,19,146
413852,414013,414017,4,161
413852,414001,414018,17,149
413852,414012,414018,6,160
413852,413997,414018,21,145
413852,414012,414017,5,160
413852,414000,414019,19,148
413945,414018,414020,2,73
413945,414018,414020,2,73
413945,414018,414020,2,73
413852,414015,414021,6,163
413945,414019,414020,1,74
413945,414020,414022,2,75
413852,414018,414022,4,166
413852,414016,414022,6,164
413852,414017,414022,5,165
413852,414014,414023,9,162
413852,414017,414022,5,165
413852,414016,414023,7,164
413945,414020,414022,2,75
413852,414012,414024,12,160
413852,414014,414024,10,162
413852,414013,414024,11,161
413852,414014,414026,12,162
413852,414013,414027,14,161
413945,414021,414031,10,76
413852,414014,414032,18,162
413945,414023,414034,11,78
413945,414024,414036,12,79
413945,414024,414036,12,79
413852,413983,414037,54,131
413945,414023,414037,14,78
413945,414026,414038,12,81
413945,414025,414039,14,80
413945,414025,414038,13,80
413852,413983,414040,57,131
413852,413983,414042,59,131
413845,413937,414043,106,92
413945,414037,414046,9,92
413852,413983,414046,63,131
413945,414037,414047,10,92
413945,414040,414048,8,95
413945,414038,414048,10,93
413945,414047,414050,3,102
413945,414027,414050,23,82
413945,414047,414050,3,102
413945,414038,414050,12,93
413945,414047,414052,5,102
413845,413937,414052,115,92
413945,414023,414052,29,78
413945,414048,414052,4,103
413945,414050,414053,3,105
413945,414050,414053,3,105
413945,414050,414053,3,105
413852,413983,414053,70,131
413945,414048,414054,6,103
413945,414050,414054,4,105
413945,414052,414054,2,107
413945,414036,414055,19,91
413945,414032,414055,23,87
413945,414053,414055,2,108
413945,414034,414055,21,89
413945,414052,414055,3,107
413945,414052,414056,4,107
413945,414039,414055,16,94
413945,414053,414056,3,108
413945,414053,414057,4,108
413945,414054,414057,3,109
413945,414052,414057,5,107
413945,414043,414057,14,98
413945,414054,414057,3,109
413945,414054,414056,2,109
413945,414042,414056,14,97
413945,414055,414058,3,110
413945,414021,414057,36,76
413945,414031,414059,28,86
413945,414055,414059,4,110
413945,414055,414059,4,110
413951,414057,414059,2,106
413951,414057,414059,2,106
413951,414057,414059,2,106
413945,414055,414060,5,110
413852,413984,414060,76,132
413951,414057,414059,2,106
413951,414057,414059,2,106
413945,414054,414059,5,109
413951,414057,414059,2,106
413945,414056,414061,5,111
413945,414057,414062,5,112
413945,414055,414061,6,110
413945,414056,414061,5,111
413945,414039,414063,24,94
413945,414056,414065,9,111
413951,414058,414068,10,107
413951,414060,414072,12,109
413951,414062,414073,11,111
413951,414060,414073,13,109
413951,414060,414073,13,109
413951,414060,414073,13,109
413951,414061,414073,12,110
413951,414061,414074,13,110
413951,414061,414074,13,110
413951,414062,414075,13,111
413951,414063,414077,14,112
413951,414062,414078,16,111
413951,414068,414079,11,117
413951,414065,414082,17,114
413951,414074,414082,8,123
413951,414073,414084,11,122
413951,414079,414085,6,128
413951,414072,414084,12,121
413951,414082,414086,4,131
413951,414059,414086,27,108
413951,414075,414086,11,124
413951,414084,414087,3,133
413951,414074,414087,13,123
413951,414082,414087,5,131
413951,414085,414087,2,134
413951,414073,414086,13,122
413951,414074,414087,13,123
413951,414085,414089,4,134
413951,414086,414089,3,135
413951,414086,414088,2,135
413951,414087,414089,2,136
413951,414086,414089,3,135
413951,414078,414090,12,127
413951,414087,414090,3,136
413951,414073,414091,18,122
413951,414059,414091,32,108
413951,414087,414092,5,136
413951,414087,414093,6,136
413951,414089,414096,7,138
413951,414073,414096,23,122
413951,414089,414097,8,138
413951,414087,414097,10,136
413951,414077,414097,20,126
413951,414093,414098,5,142
413951,414091,414098,7,140
413951,414089,414098,9,138
413951,414092,414099,7,141
413951,414091,414099,8,140
413951,414090,414098,8,139
413951,414090,414100,10,139
413951,414089,414099,10,138
413951,414089,414101,12,138
413951,414088,414100,12,137
413945,414022,414109,87,77
413951,414059,414114,55,108
413945,414022,414132,110,77
413945,414021,414139,118,76
413951,414059,414171,112,108
413951,414059,414180,121,108
412944,413017,414181,1164,73
413951,414059,414182,123,108
413945,414022,414182,160,77
414181,414181,414183,2,0
414181,414181,414183,2,0
414181,414181,414183,2,0
414181,414181,414184,3,0
414181,414181,414184,3,0
414181,414181,414185,4,0
413951,414059,414189,130,108
414181,414184,414191,7,3
414181,414184,414192,8,3
414181,414184,414192,8,3
414181,414181,414194,13,0
413945,414022,414194,172,77
414181,414181,414194,13,0
414181,414181,414195,14,0
414181,414181,414195,14,0
414181,414181,414195,14,0
414181,414181,414196,15,0
414181,414186,414196,10,5
414181,414181,414196,15,0
414181,414183,414196,13,2
414181,414195,414197,2,14
414181,414181,414197,16,0
414181,414194,414198,4,13
414181,414196,414198,2,15
414181,414196,414198,2,15
414181,414195,414198,3,14
414181,414195,414199,4,14
414181,414191,414198,7,10
414181,414181,414199,18,0
414181,414197,414200,3,16
414181,414181,414200,19,0
414181,414196,414199,3,15
414181,414198,414201,3,17
414181,414194,414201,7,13
414181,414192,414201,9,11
414181,414198,414200,2,17
414181,414197,414201,4,16
414181,414198,414201,3,17
414181,414199,414202,3,18
414181,414199,414202,3,18
414181,414198,414201,3,17
414181,414196,414201,5,15
414181,414199,414201,2,18
414181,414194,414202,8,13
414181,414200,414203,3,19
414181,414190,414203,13,9
414181,414200,414205,5,19
414181,414200,414205,5,19
414181,414201,414206,5,20
414181,414202,414206,4,21
414181,414192,414207,15,11
414181,414201,414207,6,20
414181,414201,414208,7,20
414181,414201,414208,7,20
414181,414201,414208,7,20
414181,414201,414209,8,20
414181,414202,414208,6,21
414181,414183,414213,30,2
414181,414182,414216,34,1
414181,414181,414219,38,0
414181,414182,414225,43,1
414181,414181,414226,45,0
414181,414181,414243,62,0
414181,414181,414297,116,0
413015,413131,414299,1168,116
414300,414300,414302,2,0
414300,414300,414302,2,0
414300,414300,414303,3,0
414300,414300,414303,3,0
414300,414300,414302,2,0
414300,414300,414302,2,0
414300,414300,414310,10,0
414300,414303,414312,9,3
414300,414303,414313,10,3
414300,414303,414313,10,3
414300,414300,414314,14,0
414300,414300,414314,14,0
414300,414300,414314,14,0
414300,414302,414314,12,2
414300,414315,414317,2,15
414300,414303,414317,14,3
414300,414300,414318,18,0
414300,414300,414318,18,0
414300,414317,414319,2,17
414300,414317,414318,1,17
414300,414314,414320,6,14
414300,414300,414320,20,0
414300,414319,414321,2,19
414300,414318,414321,3,18
414300,414318,414322,4,18
414181,414181,414322,141,0
414300,414319,414323,4,19
414300,414300,414323,23,0
414300,414321,414323,2,21
414300,414320,414324,4,20
414300,414321,414324,3,21
414300,414300,414325,25,0
414300,414314,414324,10,14
414300,414313,414324,11,13
414300,414323,414324,1,23
414300,414302,414324,22,2
414300,414323,414326,3,23
414300,414322,414326,4,22
414300,414320,414325,5,20
414300,414313,414325,12,13
414300,414323,414327,4,23
414300,414322,414327,5,22
414181,414181,414326,145,0
414300,414312,414327,15,12
414300,414300,414329,29,0
414300,414314,414329,15,14
414300,414300,414330,30,0
414300,414325,414330,5,25
414300,414325,414330,5,25
414300,414325,414330,5,25
414300,414325,414331,6,25
414300,414325,414331,6,25
414300,414326,414331,5,26
414300,414324,414332,8,24
414300,414326,414332,6,26
414300,414324,414332,8,24
414300,414326,414333,7,26
414300,414310,414338,28,10
414300,414300,414339,39,0
414300,414300,414342,42,0
414300,414300,414351,51,0
414300,414300,414354,54,0
413037,413192,414356,1164,155
414356,414356,414358,2,0
414356,414356,414357,1,0
414356,414356,414358,2,0
414356,414356,414358,2,0
414356,414356,414358,2,0
414356,414356,414358,2,0
414356,414356,414364,8,0
414356,414358,414366,8,2
414356,414356,414367,11,0
414356,414356,414368,12,0
414356,414356,414369,13,0
414356,414360,414369,9,4
414356,414359,414370,11,3
414356,414356,414371,15,0
414356,414359,414371,12,3
414356,414358,414373,15,2
414356,414364,414373,9,8
414356,414356,414375,19,0
414356,414373,414375,2,17
414356,414358,414374,16,2
414356,414372,414376,4,16
414356,414373,414375,2,17
414356,414375,414377,2,19
414356,414371,414377,6,15
414356,414369,414378,9,13
414356,414356,414378,22,0
414356,414370,414379,9,14
414356,414376,414378,2,20
414356,414369,414379,10,13
414356,414375,414379,4,19
414356,414356,414379,23,0
414356,414378,414380,2,22
414356,414378,414380,2,22
414356,414375,414381,6,19
414356,414356,414381,25,0
414356,414376,414382,6,20
414356,414377,414382,5,21
414356,414379,414382,3,23
414356,414379,414382,3,23
414356,414379,414382,3,23
414356,414367,414383,16,11
414356,414377,414383,6,21
414356,414379,414385,6,23
414356,414368,414385,17,12
414356,414366,414385,19,10
414356,414380,414387,7,24
414356,414382,414386,4,26
414356,414381,414388,7,25
414356,414382,414388,6,26
414356,414381,414388,7,25
414356,414380,414388,8,24
414356,414383,414388,5,27
414356,414380,414389,9,24
414356,414382,414389,7,26
414356,414383,414388,5,27
414300,414300,414390,90,0
414300,414300,414390,90,0
414356,414356,414391,35,0
414356,414356,414392,36,0
414300,414300,414393,93,0
414356,414356,414398,42,0
414356,414356,414401,45,0
414356,414356,414417,61,0
414300,414300,414422,122,0
414356,414356,414432,76,0
413049,413261,414436,1175,212
414436,414436,414438,2,0
414436,414436,414438,2,0
414436,414436,414439,3,0
414436,414436,414438,2,0
414436,414436,414438,2,0
414436,414436,414440,4,0
414356,414356,414441,85,0
414436,414438,414441,3,2
414436,414436,414443,7,0
414436,414436,414444,8,0
414436,414436,414444,8,0
414436,414436,414444,8,0
414436,414436,414444,8,0
414436,414438,414444,6,2
414436,414436,414446,10,0
414436,414436,414447,11,0
414436,414442,414447,5,6
414436,414441,414448,7,5
414436,414445,414448,3,9
414436,414439,414448,9,3
414436,414445,414448,3,9
414436,414439,414448,9,3
414436,414439,414448,9,3
414436,414436,414450,14,0
414436,414444,414450,6,8
414436,414447,414450,3,11
414436,414448,414450,2,12
414436,414446,414450,4,10
414436,414440,414449,9,4
414436,414447,414449,2,11
414436,414448,414451,3,12
414436,414448,414451,3,12
414436,414436,414451,15,0
414436,414443,414450,7,7
414436,414448,414452,4,12
414436,414450,414452,2,14
414436,414450,414453,3,14
414436,414449,414452,3,13
414436,414450,414452,2,14
414436,414449,414454,5,13
414436,414450,414454,4,14
414436,414450,414455,5,14
414436,414451,414456,5,15
414436,414451,414457,6,15
414436,414451,414457,6,15
414436,414452,414457,5,16
414436,414444,414457,13,8
414436,414436,414458,22,0
414436,414436,414458,22,0
414436,414451,414458,7,15
414436,414451,414457,6,15
414436,414451,414458,7,15
414436,414436,414459,23,0
414436,414453,414458,5,17
414436,414453,414458,5,17
414436,414453,414460,7,17
414436,414436,414461,25,0
414436,414444,414462,18,8
414356,414356,414463,107,0
414356,414356,414485,129,0
414436,414436,414495,59,0
413156,413326,414497,1171,170
414498,414498,414499,1,0
414498,414498,414500,2,0
414498,414498,414499,1,0
414498,414498,414500,2,0
414498,414498,414500,2,0
414498,414498,414500,2,0
414498,414498,414502,4,0
414498,414498,414505,7,0
414498,414500,414506,6,2
414498,414498,414507,9,0
414498,414500,414508,8,2
414498,414500,414509,9,2
414498,414501,414510,9,3
414436,414436,414510,74,0
414498,414500,414510,10,2
414498,414507,414511,4,9
414498,414501,414511,10,3
414436,414436,414512,76,0
414498,414506,414511,5,8
414498,414502,414513,11,4
414498,414511,414513,2,13
414498,414505,414513,8,7
414498,414508,414514,6,10
414436,414436,414514,78,0
414498,414498,414515,17,0
414498,414498,414515,17,0
414498,414511,414515,4,13
414498,414513,414515,2,15
414498,414513,414515,2,15
414498,414514,414516,2,16
414436,414436,414515,79,0
414498,414512,414516,4,14
414498,414515,414517,2,17
414498,414515,414517,2,17
414498,414515,414517,2,17
414498,414515,414516,1,17
414498,414514,414518,4,16
414498,414515,414518,3,17
414498,414512,414517,5,14
414498,414511,414518,7,13
414436,414436,414518,82,0
414498,414516,414519,3,18
414498,414513,414519,6,15
414498,414516,414521,5,18
414498,414517,414522,5,19
414498,414509,414523,14,11
414498,414517,414523,6,19
414498,414517,414523,6,19
414498,414518,414524,6,20
414498,414518,414524,6,20
414498,414517,414523,6,19
414498,414518,414525,7,20
414498,414518,414525,7,20
414498,414517,414526,9,19
414498,414498,414531,33,0
414498,414498,414532,34,0
414498,414498,414532,34,0
414498,414510,414536,26,12
414498,414510,414541,31,12
414498,414498,414544,46,0
414498,414498,414544,46,0
414498,414498,414557,59,0
414436,414436,414559,123,0
413356,413413,414574,1161,57
414574,414574,414575,1,0
414574,414574,414576,2,0
414574,414574,414575,1,0
414574,414574,414576,2,0
414498,414498,414577,79,0
414574,414574,414576,2,0
414574,414574,414576,2,0
414574,414574,414578,4,0
414574,414576,414580,4,2
414574,414574,414580,6,0
414574,414576,414582,6,2
414574,414574,414582,8,0
414574,414576,414583,7,2
414574,414580,414583,3,6
414574,414580,414585,5,6
414574,414577,414585,8,3
414574,414577,414585,8,3
414574,414576,414585,9,2
414574,414577,414587,10,3
414574,414582,414590,8,8
414574,414585,414590,5,11
414574,414578,414590,12,4
414574,414574,414591,17,0
414574,414585,414591,6,11
414574,414586,414591,5,12
414574,414574,414591,17,0
414574,414590,414592,2,16
414574,414587,414592,5,13
414574,414590,414592,2,16
414574,414591,414593,2,17
414574,414590,414593,3,16
414574,414574,414593,19,0
414498,414498,414593,95,0
414574,414582,414592,10,8
414574,414592,414594,2,18
414574,414591,414595,4,17
414574,414593,414595,2,19
414574,414592,414595,3,18
414574,414591,414595,4,17
414574,414585,414596,11,11
414574,414591,414596,5,17
414574,414594,414597,3,20
414574,414593,414596,3,19
414574,414593,414598,5,19
414574,414593,414598,5,19
414574,414593,414599,6,19
414574,414593,414600,7,19
414574,414595,414601,6,21
414574,414595,414601,6,21
414574,414595,414601,6,21
414574,414596,414601,5,22
414574,414583,414601,18,9
414574,414595,414602,7,21
414574,414574,414607,33,0
414574,414574,414608,34,0
414574,414574,414611,37,0
414574,414584,414621,37,10
414574,414574,414623,49,0
413396,413470,414629,1159,74
414630,414630,414631,1,0
414630,414630,414632,2,0
414630,414630,414631,1,0
414630,414630,414632,2,0
414630,414630,414632,2,0
414630,414630,414633,3,0
414630,414630,414632,2,0
414630,414633,414636,3,3
414630,414630,414637,7,0
414630,414633,414638,5,3
414630,414632,414641,9,2
414630,414633,414642,9,3
414630,414630,414643,13,0
414630,414630,414643,13,0
414630,414632,414643,11,2
414630,414638,414644,6,8
414630,414636,414645,9,6
414630,414637,414646,9,7
414630,414643,414646,3,13
414574,414574,414647,73,0
414630,414630,414647,17,0
414630,414632,414646,14,2
414630,414632,414649,17,2
414630,414641,414648,7,11
414630,414644,414650,6,14
414630,414630,414650,20,0
414630,414647,414652,5,17
414630,414649,414652,3,19
414630,414647,414652,5,17
414630,414642,414652,10,12
414630,414648,414653,5,18
414630,414652,414653,1,22
414630,414644,414653,9,14
414630,414649,414653,4,19
414630,414650,414654,4,20
414630,414650,414654,4,20
414630,414653,414655,2,23
414630,414653,414655,2,23
414630,414643,414655,12,13
414630,414652,414656,4,22
414630,414630,414656,26,0
414630,414645,414656,11,15
414630,414654,414656,2,24
414630,414654,414659,5,24
414630,414646,414659,13,16
414630,414656,414658,2,26
414630,414655,414660,5,25
414630,414654,414661,7,24
414630,414654,414661,7,24
414630,414654,414660,6,24
414630,414654,414661,7,24
414630,414655,414660,5,25
414574,414574,414661,87,0
414630,414656,414662,6,26
414630,414657,414663,6,27
414630,414630,414663,33,0
414630,414659,414663,4,29
414630,414657,414663,6,27
414630,414659,414664,5,29
414630,414656,414664,8,26
414630,414647,414666,19,17
414574,414574,414667,93,0
414630,414630,414670,40,0
414574,414574,414674,100,0
414630,414630,414676,46,0
414498,414498,414677,179,0
414498,414498,414682,184,0
414498,414498,414687,189,0
414630,414630,414687,57,0
414630,414630,414701,71,0
414630,414630,414701,71,0
414498,414498,414703,205,0
414574,414574,414708,134,0
414574,414574,414709,135,0
414574,414574,414762,188,0
414574,414574,414778,204,0
414498,414498,414782,284,0
416824,416824,417866,1042,0
417866,417866,417867,1,0
417866,417866,417867,1,0
417866,417866,417867,1,0
417866,417866,417868,2,0
417866,417866,417868,2,0
417866,417866,417868,2,0
417866,417866,417869,3,0
417866,417866,417868,2,0
417866,417866,417868,2,0
417866,417866,417870,4,0
417866,417866,417882,16,0
417866,417868,417882,14,2
417866,417866,417884,18,0
417866,417870,417885,15,4
417866,417866,417887,21,0
417866,417868,417888,20,2
417866,417868,417888,20,2
417866,417868,417890,22,2
417866,417870,417891,21,4
417866,417869,417892,23,3
417866,417884,417893,9,18
417866,417882,417895,13,16
417866,417891,417896,5,25
417866,417892,417897,5,26
417866,417893,417900,7,27
417866,417895,417901,6,29
417866,417867,417901,34,1
417866,417871,417901,30,5
417866,417887,417900,13,21
417866,417888,417901,13,22
417866,417889,417902,13,23
417866,417885,417903,18,19
417866,417896,417903,7,30
417866,417902,417904,2,36
417866,417902,417904,2,36
417866,417901,417905,4,35
417866,417901,417905,4,35
417866,417890,417905,15,24
417866,417904,417905,1,38
417866,417903,417906,3,37
417866,417903,417907,4,37
417866,417905,417907,2,39
417866,417868,417906,38,2
417866,417897,417908,11,31
417866,417906,417908,2,40
417866,417905,417908,3,39
417866,417905,417908,3,39
417866,417906,417908,2,40
417866,417907,417909,2,41
417866,417901,417909,8,35
417866,417905,417908,3,39
417866,417907,417908,1,41
417866,417907,417910,3,41
417866,417900,417910,10,34
417866,417908,417911,3,42
416830,416830,417912,1082,0
417866,417909,417911,2,43
417866,417909,417913,4,43
417866,417901,417913,12,35
417866,417908,417914,6,42
417912,417912,417914,2,0
417866,417908,417913,5,42
417912,417912,417913,1,0
417912,417913,417915,2,1
417912,417912,417915,3,0
417912,417912,417915,3,0
417912,417912,417914,2,0
417866,417909,417914,5,43
417912,417914,417916,2,2
417912,417913,417916,3,1
417866,417908,417917,9,42
417912,417914,417917,3,2
417866,417908,417917,9,42
416837,416837,417922,1085,0
416825,416825,417923,1098,0
416831,416831,417924,1093,0
417866,417882,417927,45,16
417912,417924,417927,3,12
417912,417927,417931,4,15
417912,417927,417931,4,15
417912,417922,417931,9,10
417912,417923,417931,8,11
417912,417931,417935,4,19
417912,417931,417935,4,19
417912,417914,417936,22,2
417912,417917,417937,20,5
417912,417918,417941,23,6
417912,417931,417941,10,19
417912,417932,417942,10,20
417912,417935,417946,11,23
417912,417916,417947,31,4
417912,417937,417949,12,25
417912,417935,417950,15,23
416838,416838,417950,1112,0
417912,417917,417950,33,5
417912,417937,417952,15,25
417912,417950,417953,3,38
417912,417950,417954,4,38
417912,417950,417954,4,38
417912,417942,417954,12,30
417912,417942,417954,12,30
417912,417952,417955,3,40
417912,417949,417955,6,37
417912,417953,417955,2,41
417912,417941,417954,13,29
417912,417946,417957,11,34
417912,417916,417958,42,4
417912,417947,417958,11,35
417912,417954,417959,5,42
417912,417955,417960,5,43
417912,417955,417961,6,43
417912,417959,417961,2,47
417912,417954,417962,8,42
417912,417958,417962,4,46
417912,417960,417961,1,48
417912,417954,417962,8,42
417912,417961,417963,2,49
417912,417955,417964,9,43
417912,417954,417963,9,42
417912,417956,417964,8,44
417912,417958,417965,7,46
417912,417957,417964,7,45
417923,417964,417966,2,41
417923,417964,417966,2,41
417923,417965,417967,2,42
417912,417914,417967,53,2
417923,417964,417966,2,41
417912,417962,417968,6,50
417923,417965,417968,3,42
417923,417966,417968,2,43
417923,417967,417969,2,44
417923,417966,417968,2,43
417912,417962,417969,7,50
417912,417963,417972,9,51
417912,417917,417973,56,5
417912,417962,417975,13,50
417912,417963,417974,11,51
417912,417915,417976,61,3
417923,417975,417982,7,52
417923,417967,417986,19,44
417923,417976,417988,12,53
417923,417975,417994,19,52
417923,417972,417995,23,49
417923,417968,417998,30,45
417923,417973,417998,25,50
417923,417998,418007,9,75
417923,417989,418007,18,66
417912,417915,418009,94,3
417923,417968,418010,42,45
417923,418007,418010,3,84
417923,418007,418013,6,84
417923,417998,418013,15,75
417923,418009,418015,6,86
417923,417967,418018,51,44
417923,417968,418018,50,45
417923,418010,418019,9,87
417923,417994,418021,27,71
417923,418020,418022,2,97
417923,417969,418023,54,46
417923,418018,418023,5,95
417923,418021,418023,2,98
417923,417982,418024,42,59
417923,418010,418025,15,87
417923,417986,418025,39,63
417923,418013,418026,13,90
417923,417995,418026,31,72
417923,418024,418026,2,101
417923,418022,418027,5,99
417923,418025,418027,2,102
417923,418023,418027,4,100
417923,418025,418027,2,102
417923,418023,418028,5,100
417923,418018,418029,11,95
417923,418026,418029,3,103
417923,418023,418029,6,100
417923,418026,418030,4,103
417923,418028,418030,2,105
417923,418027,418031,4,104
417923,418013,418030,17,90
417923,418027,418030,3,104
417923,418027,418031,4,104
417923,418027,418032,5,104
417923,418026,418032,6,103
417923,418029,418031,2,106
417923,418029,418032,3,106
417923,418030,418031,1,107
417923,418031,418032,1,108
417923,418031,418032,1,108
417924,418032,418033,1,108
417923,418030,418033,3,107
417923,418031,418033,2,108
417923,418031,418033,2,108
417924,418032,418034,2,108
417923,418029,418034,5,106
417924,418032,418033,1,108
417924,418032,418034,2,108
417924,418033,418035,2,109
417924,418033,418035,2,109
417924,418033,418034,1,109
417924,418033,418034,1,109
417924,418033,418034,1,109
417923,418015,418039,24,92
417923,417969,418040,71,46
417912,417916,418042,126,4
417924,418033,418042,9,109
417924,418035,418050,15,111
417923,417969,418050,81,46
417924,418034,418050,16,110
417924,418040,418051,11,116
417924,418042,418056,14,118
417924,418035,418057,22,111
417924,418034,418058,24,110
417924,418035,418059,24,111
417924,418039,418059,20,115
417924,418035,418060,25,111
417924,418051,418059,8,127
417924,418060,418062,2,136
417924,418034,418063,29,110
417924,418060,418063,3,136
417924,418034,418063,29,110
417924,418043,418064,21,119
417924,418050,418063,13,126
417924,418050,418063,13,126
417924,418062,418064,2,138
417924,418064,418066,2,140
417924,418052,418066,14,128
417924,418059,418066,7,135
417924,418063,418066,3,139
417924,418064,418067,3,140
417924,418064,418068,4,140
417924,418065,418068,3,141
417924,418066,418069,3,142
417924,418066,418069,3,142
417924,418066,418069,3,142
417924,418067,418070,3,143
417924,418068,418071,3,144
417924,418063,418070,7,139
417924,418067,418072,5,143
417924,418068,418072,4,144
417924,418071,418072,1,147
417924,418069,418074,5,145
417924,418071,418074,3,147
417924,418072,418075,3,148
417924,418069,418075,6,145
417924,418059,418076,17,135
417924,418069,418076,7,145
417924,418035,418077,42,111
417924,418071,418077,6,147
417924,418072,418078,6,148
417924,418073,418079,6,149
417924,418077,418079,2,153
417924,418077,418079,2,153
417924,418078,418079,1,154
417924,418076,418080,4,152
417924,418076,418081,5,152
417924,418079,418080,1,155
417924,418079,418081,2,155
417924,418079,418081,2,155
417924,418075,418081,6,151
417924,418075,418082,7,151
417924,418074,418081,7,150
417924,418063,418082,19,139
417924,418074,418082,8,150
417924,418080,418082,2,156
417924,418080,418084,4,156
417924,418081,418089,8,157
416827,416827,418092,1265,0
417912,417915,418101,186,3
417924,418056,418103,47,132
417924,418101,418108,7,177
417924,418083,418110,27,159
417924,418103,418111,8,179
416828,416828,418114,1286,0
417924,418082,418117,35,158
417924,418110,418118,8,186
417924,418057,418118,61,133
417924,418082,418119,37,158
417924,418114,418119,5,190
417924,418081,418120,39,157
417924,418117,418121,4,193
417924,418092,418121,29,168
417924,418118,418121,3,194
417924,418111,418121,10,187
417924,418081,418122,41,157
416828,416828,418125,1297,0
417924,418084,418125,41,160
417924,418058,418125,67,134
417924,418081,418126,45,157
417924,418118,418126,8,194
417924,418127,418129,2,203
416833,416833,418130,1297,0
417924,418108,418131,23,184
417924,418120,418131,11,196
417924,418126,418132,6,202
417924,418129,418131,2,205
417924,418130,418133,3,206
417924,418119,418133,14,195
417924,418119,418133,14,195
417924,418121,418134,13,197
417924,418125,418133,8,201
416835,416835,418135,1300,0
417924,418121,418136,15,197
417924,418122,418136,14,198
417924,418131,418137,6,207
416834,416834,418138,1304,0
417924,418089,418138,49,165
417924,418134,418138,4,210
417924,418136,418138,2,212
417924,418121,418138,17,197
417924,418131,418138,7,207
417924,418121,418138,17,197
417924,418134,418138,4,210
417924,418125,418138,13,201
417924,418133,418138,5,209
417924,418125,418139,14,201
417924,418137,418138,1,213
417924,418138,418140,2,214
417924,418138,418140,2,214
417950,418139,418141,2,189
417924,418136,418140,4,212
417950,418139,418141,2,189
417950,418139,418141,2,189
417950,418139,418141,2,189
417924,418136,418142,6,212
417924,418134,418142,8,210
417924,418133,418141,8,209
417950,418140,418141,1,190
417950,418141,418142,1,191
417924,418133,418142,9,209
417924,418132,418142,10,208
417950,418140,418142,2,190
417924,418138,418144,6,214
417924,418138,418145,7,214
417924,418138,418144,6,214
417924,418138,418145,7,214
417950,418141,418148,7,191
417924,418082,418149,67,158
416829,416829,418151,1322,0
417950,418141,418153,12,191
417950,418149,418164,15,199
417950,418145,418168,23,195
417950,418151,418168,17,201
417950,418143,418169,26,193
417950,418142,418171,29,192
417950,418144,418171,27,194
417924,418081,418172,91,157
417950,418148,418174,26,198
417950,418171,418174,3,221
416836,416836,418174,1338,0
417950,418142,418174,32,192
417950,418141,418177,36,191
417950,418153,418177,24,203
417950,418145,418177,32,195
417950,418168,418178,10,218
417950,418145,418177,32,195
417950,418169,418179,10,219
417950,418168,418180,12,218
417950,418144,418180,36,194
417950,418180,418182,2,230
417950,418180,418182,2,230
417950,418177,418183,6,227
417950,418177,418182,5,227
417950,418179,418184,5,229
417950,418171,418184,13,221
417950,418182,418185,3,232
417950,418178,418186,8,228
417950,418144,418186,42,194
417950,418175,418186,11,225
417950,418178,418185,7,228
417950,418178,418187,9,228
417950,418174,418188,14,224
417950,418183,418187,4,233
417950,418186,418187,1,236
417950,418184,418189,5,234
417950,418174,418189,15,224
417950,418183,418189,6,233
417950,418185,418188,3,235
417950,418188,418190,2,238
417950,418187,418190,3,237
417950,418188,418190,2,238
417950,418164,418189,25,214
417950,418184,418190,6,234
417950,418186,418191,5,236
417950,418188,418190,2,238
417950,418173,418191,18,223
417950,418189,418191,2,239
417950,418183,418191,8,233
418093,418190,418191,1,97
417950,418189,418191,2,239
418093,418190,418193,3,97
418093,418190,418193,3,97
418093,418191,418193,2,98
418093,418191,418193,2,98
418093,418190,418193,3,97
417950,418141,418194,53,191
417950,418186,418194,8,236
417950,418186,418195,9,236
418093,418191,418194,3,98
418093,418190,418198,8,97
418093,418191,418199,8,98
417950,418189,418200,11,239
417950,418174,418203,29,224
417950,418142,418209,67,192
418093,418192,418209,17,99
417950,418142,418211,69,192
418093,418200,418211,11,107
418093,418192,418212,20,99
418093,418199,418213,14,106
418093,418193,418214,21,100
418093,418209,418219,10,116
418093,418215,418221,6,122
418093,418204,418221,17,111
418093,418213,418222,9,120
418093,418222,418226,4,129
418093,418209,418226,17,116
418093,418193,418227,34,100
418093,418221,418228,7,128
418093,418212,418228,16,119
418093,418228,418230,2,135
418093,418211,418230,19,118
418093,418226,418230,4,133
418093,418195,418229,34,102
418093,418227,418231,4,134
418093,418226,418232,6,133
418093,418221,418232,11,128
418093,418228,418233,5,135
418093,418219,418232,13,126
418093,418195,418234,39,102
418093,418194,418235,41,101
418093,418230,418235,5,137
418093,418230,418235,5,137
418093,418231,418235,4,138
418093,418193,418235,42,100
418093,418230,418235,5,137
418093,418230,418235,5,137
418093,418235,418237,2,142
418093,418235,418237,2,142
418093,418236,418237,1,143
418093,418199,418239,40,106
418093,418235,418240,5,142
418093,418237,418240,3,144
418093,418193,418241,48,100
418093,418232,418241,9,139
418093,418233,418242,9,140
418093,418235,418241,6,142
418093,418232,418242,10,139
418093,418233,418241,8,140
418116,418241,418242,1,125
418116,418242,418243,1,126
418093,418235,418242,7,142
418093,418240,418243,3,147
418093,418235,418242,7,142
418093,418238,418244,6,145
418116,418242,418244,2,126
418116,418242,418243,1,126
418116,418243,418245,2,127
418116,418243,418244,1,127
418093,418192,418245,53,99
418093,418234,418245,11,141
418116,418242,418245,3,126
418093,418239,418246,7,146
418093,418240,418245,5,147
418116,418243,418245,2,127
418116,418243,418245,2,127
418093,418238,418247,9,145
418116,418243,418251,8,127
418116,418247,418255,8,131
418093,418211,418258,47,118
418116,418251,418263,12,135
417950,418142,418265,123,192
418116,418255,418266,11,139
418093,418193,418266,73,100
418116,418246,418266,20,130
418116,418263,418268,5,147
418116,418258,418269,11,142
418116,418244,418270,26,128
418116,418265,418271,6,149
418116,418246,418271,25,130
418116,418266,418274,8,150
416826,416826,418281,1455,0
418116,418270,418281,11,154
418116,418271,418283,12,155
418116,418281,418285,4,165
418116,418283,418285,2,167
418116,418269,418286,17,153
418116,418271,418287,16,155
418116,418266,418287,21,150
418116,418266,418287,21,150
418116,418285,418289,4,169
418116,418285,418289,4,169
418116,418287,418290,3,171
418116,418287,418290,3,171
418116,418244,418291,47,128
418116,418274,418291,17,158
418116,418281,418293,12,165
418116,418269,418292,23,153
417924,418082,418294,212,158
418116,418287,418294,7,171
418116,418245,418295,50,129
418116,418246,418295,49,130
418116,418244,418295,51,128
418116,418295,418297,2,179
418116,418295,418297,2,179
418116,418295,418297,2,179
418116,418289,418299,10,173
418116,418288,418300,12,172
418116,418245,418300,55,129
418116,418246,418300,54,130
418116,418294,418300,6,178
418116,418297,418301,4,181
418116,418294,418302,8,178
418134,418300,418302,2,166
418134,418300,418303,3,166
418116,418291,418303,12,175
418116,418298,418303,5,182
418116,418290,418304,14,174
418134,418301,418303,2,167
418116,418297,418305,8,181
418134,418302,418305,3,168
418093,418194,418305,111,101
418134,418303,418305,2,169
418116,418290,418306,16,174
418134,418303,418305,2,169
418116,418290,418305,15,174
418116,418291,418306,15,175
418116,418300,418305,5,184
418116,418299,418306,7,183
418116,418293,418305,12,177
418134,418303,418305,2,169
418134,418304,418307,3,170
418116,418245,418307,62,129
416832,416832,418308,1476,0
418134,418304,418307,3,170
418116,418293,418307,14,177
418116,418245,418308,63,129
418134,418304,418309,5,170
418134,418308,418314,6,174
418134,418307,418314,7,173
418116,418245,418315,70,129
418134,418307,418316,9,173
418134,418308,418316,8,174
416839,416839,418318,1479,0
418134,418309,418319,10,175
418134,418308,418318,10,174
418134,418306,418324,18,172
418134,418309,418324,15,175
418134,418316,418327,11,182
418134,418316,418327,11,182
418134,418327,418331,4,193
418134,418318,418332,14,184
418134,418327,418332,5,193
418134,418319,418332,13,185
418134,418315,418333,18,181
418134,418305,418333,28,171
418134,418320,418332,12,186
418134,418331,418334,3,197
418134,418306,418334,28,172
418134,418332,418335,3,198
418134,418324,418335,11,190
418134,418332,418336,4,198
418134,418333,418337,4,199
418134,418314,418338,24,180
418134,418324,418338,14,190
416826,416826,418339,1513,0
418134,418306,418339,33,172
418134,418334,418341,7,200
418134,418333,418341,8,199
418134,418333,418342,9,199
418134,418340,418342,2,206
416832,416833,418342,1509,1
418134,418334,418343,9,200
418134,418334,418343,9,200
418134,418339,418343,4,205
418134,418338,418344,6,204
418134,418335,418344,9,201
418134,418341,418345,4,207
418134,418314,418345,31,180
418134,418306,418344,38,172
418134,418343,418345,2,209
418134,418343,418346,3,209
418134,418337,418346,9,203
418134,418338,418345,7,204
418134,418344,418346,2,210
418134,418344,418346,2,210
418134,418336,418346,10,202
418134,418345,418348,3,211
418134,418345,418348,3,211
418134,418345,418348,3,211
418134,418345,418348,3,211
418134,418343,418348,5,209
418134,418335,418348,13,201
418134,418342,418349,7,208
418134,418342,418348,6,208
418134,418342,418348,6,208
418134,418342,418350,8,208
418134,418305,418351,46,171
418134,418306,418350,44,172
418134,418305,418354,49,171
418134,418346,418357,11,212
418134,418306,418359,53,172
418134,418354,418362,8,220
418134,418349,418363,14,215
416840,416840,418363,1523,0
418134,418349,418365,16,215
418134,418348,418364,16,214
418134,418347,418367,20,213
418134,418348,418368,20,214
418134,418363,418369,6,229
418134,418306,418370,64,172
418134,418346,418371,25,212
418134,418362,418371,9,228
418134,418357,418371,14,223
418134,418363,418372,9,229
418134,418305,418374,69,171
418134,418348,418375,27,214
418134,418359,418377,18,225
418134,418365,418379,14,231
418134,418306,418379,73,172
418134,418348,418379,31,214
418134,418368,418381,13,234
418134,418370,418381,11,236
418134,418348,418381,33,214
418134,418367,418382,15,233
418134,418365,418382,17,231
418134,418369,418383,14,235
418134,418349,418382,33,215
418134,418352,418384,32,218
418134,418348,418384,36,214
418134,418372,418384,12,238
418134,418371,418385,14,237
418134,418371,418384,13,237
418134,418350,418385,35,216
418134,418384,418386,2,250
418134,418371,418386,15,237
418134,418379,418386,7,245
418134,418384,418386,2,250
418134,418374,418387,13,240
418134,418379,418386,7,245
418134,418384,418386,2,250
418134,418385,418388,3,251
418134,418385,418387,2,251
418134,418385,418387,2,251
418136,418387,418390,3,251
418134,418375,418391,16,241
418134,418381,418391,10,247
418134,418381,418391,10,247
418134,418377,418391,14,243
418134,418382,418392,10,248
418134,418381,418392,11,247
418134,418382,418392,10,248
418134,418379,418393,14,245
418134,418383,418393,10,249
418136,418388,418392,4,252
418136,418390,418393,3,254
418134,418346,418393,47,212
418134,418385,418395,10,251
418136,418391,418395,4,255
418136,418388,418395,7,252
418136,418388,418395,7,252
418134,418351,418396,45,217
418136,418391,418396,5,255
418136,418387,418395,8,251
418134,418386,418395,9,252
418134,418386,418398,12,252
418134,418386,418399,13,252
418136,418391,418403,12,255
418136,418396,418405,9,260
418136,418398,418405,7,262
418136,418399,418408,9,263
418136,418396,418409,13,260
418134,418346,418411,65,212
418136,418393,418410,17,257
418134,418346,418413,67,212
418136,418403,418416,13,267
418136,418396,418419,23,260
418136,418396,418420,24,260
418136,418395,418421,26,259
418136,418393,418422,29,257
418136,418409,418424,15,273
418136,418405,418424,19,269
418136,418406,418424,18,270
418136,418411,418427,16,275
418136,418424,418428,4,288
418136,418393,418429,36,257
418136,418424,418432,8,288
418136,418427,418434,7,291
418136,418422,418435,13,286
418136,418424,418435,11,288
418136,418421,418436,15,285
418136,418428,418436,8,292
418136,418392,418439,47,256
418136,418413,418439,26,277
418136,418395,418440,45,259
418136,418429,418439,10,293
418136,418392,418440,48,256
418136,418420,418441,21,284
418136,418432,418441,9,296
418136,418439,418441,2,303
418136,418409,418442,33,273
418136,418411,418442,31,275
418136,418416,418442,26,280
418136,418436,418443,7,300
418136,418440,418442,2,304
418136,418435,418443,8,299
418136,418439,418443,4,303
418136,418440,418442,2,304
418136,418441,418443,2,305
418136,418434,418443,9,298
418136,418393,418444,51,257
418136,418395,418444,49,259
418136,418441,418444,3,305
418136,418441,418445,4,305
418136,418441,418445,4,305
418136,418436,418444,8,300
418136,418442,418445,3,306
418139,418443,418445,2,304
418139,418443,418446,3,304
418136,418442,418446,4,306
418139,418443,418446,3,304
418136,418442,418445,3,306
418139,418444,418446,2,305
418139,418443,418445,2,304
418136,418435,418447,12,299
418139,418443,418447,4,304
418139,418443,418447,4,304
418139,418444,418447,3,305
418136,418392,418449,57,256
418136,418419,418455,36,283
418139,418444,418456,12,305
418139,418448,418459,11,309
418139,418447,418461,14,308
418139,418445,418463,18,306
418139,418447,418466,19,308
418139,418446,418467,21,307
418139,418456,418467,11,317
418139,418459,418470,11,320
418139,418446,418472,26,307
418139,418448,418474,26,309
418139,418461,418475,14,322
418139,418445,418478,33,306
418139,418455,418479,24,316
418139,418466,418483,17,327
418139,418446,418486,40,307
418139,418467,418486,19,328
418139,418474,418488,14,335
418139,418463,418488,25,324
418139,418478,418489,11,339
418139,418475,418490,15,336
418139,418483,418493,10,344
418139,418468,418492,24,329
418139,418479,418493,14,340
418139,418470,418496,26,331
418139,418486,418497,11,347
418139,418472,418498,26,333
418139,418490,418499,9,351
418139,418488,418499,11,349
418136,418395,418499,104,259
418139,418494,418501,7,355
418139,418489,418501,12,350
418139,418486,418500,14,347
418139,418493,418501,8,354
418139,418446,418502,56,307
418139,418493,418502,9,354
418139,418496,418502,6,357
418139,418501,418503,2,362
418139,418501,418504,3,362
418139,418499,418504,5,360
418139,418501,418504,3,362
418139,418502,418503,1,363
418139,418499,418505,6,360
418139,418499,418506,7,360
418139,418501,418505,4,362
418136,418393,418506,113,257
418139,418503,418505,2,364
418139,418502,418506,4,363
418152,418504,418506,2,352
418139,418488,418505,17,349
418139,418497,418505,8,358
418139,418498,418506,8,359
418152,418506,418508,2,354
418152,418504,418507,3,352
418139,418504,418508,4,365
418152,418506,418508,2,354
418152,418505,418507,2,353
418152,418506,418508,2,354
418152,418506,418509,3,354
418139,418503,418509,6,364
418152,418506,418509,3,354
418152,418506,418510,4,354
418152,418507,418513,6,355
418152,418509,418519,10,357
418152,418509,418520,11,357
418152,418509,418524,15,357
418139,418449,418526,77,310
418136,418393,418528,135,257
418152,418507,418530,23,355
418152,418525,418533,8,373
418139,418446,418537,91,307
418152,418509,418540,31,357
418152,418510,418541,31,358
418152,418519,418541,22,367
418152,418528,418542,14,376
418139,418446,418542,96,307
418152,418526,418543,17,374
418152,418508,418545,37,356
418152,418520,418546,26,368
418152,418530,418549,19,378
418152,418537,418551,14,385
418152,418542,418553,11,390
418152,418551,418553,2,399
418152,418549,418554,5,397
418152,418553,418555,2,401
418152,418540,418556,16,388
418152,418543,418556,13,391
418152,418554,418556,2,402
418152,418553,418557,4,401
418152,418541,418557,16,389
418152,418555,418557,2,403
418152,418514,418557,43,362
418152,418541,418559,18,389
418152,418546,418560,14,394
418152,418508,418560,52,356
418152,418556,418562,6,404
418152,418545,418562,17,393
418152,418543,418563,20,391
418152,418533,418562,29,381
418152,418562,418563,1,410
418152,418556,418565,9,404
418152,418557,418565,8,405
418152,418563,418566,3,411
418152,418557,418566,9,405
418152,418562,418567,5,410
418139,418445,418568,123,306
418152,418560,418568,8,408
418152,418557,418568,11,405
418152,418557,418569,12,405
418152,418563,418568,5,411
418152,418559,418570,11,407
418175,418568,418570,2,393
418175,418568,418570,2,393
418175,418568,418570,2,393
418175,418569,418571,2,394
418152,418564,418571,7,412
418152,418560,418571,11,408
418152,418559,418572,13,407
418175,418570,418572,2,395
418175,418570,418572,2,395
418175,418569,418572,3,394
418152,418507,418573,66,355
418175,418570,418572,2,395
418152,418565,418573,8,413
418152,418565,418572,7,413
418152,418566,418576,10,414
418152,418566,418576,10,414
418175,418570,418580,10,395
418175,418573,418583,10,398
418175,418573,418584,11,398
418152,418508,418584,76,356
418175,418573,418585,12,398
418175,418573,418589,16,398
418139,418445,418590,145,306
418175,418584,418591,7,409
418175,418586,418592,6,411
418175,418589,418594,5,414
418175,418590,418595,5,415
418175,418584,418598,14,409
418175,418576,418599,23,401
418175,418591,418600,9,416
418175,418572,418599,27,397
418175,418580,418601,21,405
418175,418572,418602,30,397
418139,418445,418603,158,306
418175,418571,418603,32,396
418175,418583,418604,21,408
418175,418602,418605,3,427
418175,418592,418605,13,417
418175,418571,418606,35,396
418175,418576,418606,30,401
418175,418601,418606,5,426
418175,418603,418607,4,428
418175,418601,418609,8,426
418175,418594,418609,15,419
418175,418603,418609,6,428
418175,418600,418609,9,425
418175,418598,418609,11,423
418175,418595,418610,15,420
418175,418605,418610,5,430
418175,418606,418611,5,431
418175,418604,418611,7,429
418175,418610,418612,2,435
418175,418606,418612,6,431
418175,418599,418613,14,424
418175,418611,418613,2,436
418175,418607,418614,7,432
418175,418610,418614,4,435
418175,418612,418614,2,437
418175,418606,418615,9,431
418175,418572,418615,43,397
418175,418613,418615,2,438
418175,418611,418615,4,436
418175,418607,418617,10,432
418175,418609,418617,8,434
418175,418612,418617,5,437
418175,418609,418618,9,434
418175,418609,418618,9,434
418175,418614,418618,4,439
418175,418614,418618,4,439
418175,418613,418619,6,438
418175,418609,418619,10,434
418282,418615,418619,4,333
418175,418609,418618,9,434
418175,418614,418619,5,439
418282,418617,418620,3,335
418282,418617,418620,3,335
418282,418616,418620,4,334
418282,418618,418620,2,336
418282,418617,418621,4,335
418282,418616,418620,4,334
418282,418618,418620,2,336
418282,418618,418621,3,336
418282,418621,418629,8,339
418282,418619,418629,10,337
418282,418620,418630,10,338
418175,418572,418633,61,397
418282,418620,418637,17,338
418282,418621,418637,16,339
418175,418571,418639,68,396
418282,418621,418640,19,339
418282,418630,418643,13,348
418282,418619,418643,24,337
418282,418639,418644,5,357
418282,418637,418644,7,355
418282,418637,418645,8,355
418282,418633,418646,13,351
418282,418640,418647,7,358
418282,418629,418649,20,347
418282,418622,418651,29,340
418282,418619,418652,33,337
418282,418619,418654,35,337
418282,418643,418655,12,361
418282,418644,418656,12,362
418282,418619,418656,37,337
418282,418651,418656,5,369
418282,418652,418657,5,370
418282,418645,418657,12,363
418282,418654,418658,4,372
418282,418644,418657,13,362
418282,418655,418659,4,373
418282,418656,418660,4,374
418282,418656,418660,4,374
418282,418656,418660,4,374
418282,418643,418660,17,361
418282,418620,418660,40,338
418282,418647,418662,15,365
418282,418657,418662,5,375
418282,418649,418663,14,367
418282,418657,418664,7,375
418282,418662,418664,2,380
418282,418647,418664,17,365
418282,418660,418665,5,378
418282,418662,418665,3,380
418282,418660,418666,6,378
418282,418662,418667,5,380
418282,418659,418668,9,377
418282,418629,418668,39,347
418282,418658,418667,9,376
418152,418508,418668,160,356
418282,418665,418669,4,383
418282,418665,418669,4,383
418282,418660,418669,9,378
418282,418658,418670,12,376
418308,418668,418669,1,360
418282,418664,418671,7,382
418308,418667,418670,3,359
418282,418664,418671,7,382
418282,418660,418671,11,378
418282,418663,418671,8,381
418308,418668,418671,3,360
418282,418664,418672,8,382
418308,418668,418672,4,360
418308,418669,418671,2,361
418308,418668,418673,5,360
418308,418669,418672,3,361
418282,418620,418673,53,338
418308,418669,418672,3,361
418308,418670,418681,11,362
418308,418672,418687,15,364
418308,418673,418689,16,365
418308,418673,418693,20,365
418308,418693,418702,9,385
418308,418689,418703,14,381
418308,418687,418704,17,379
418282,418620,418707,87,338
418308,418670,418707,37,362
418308,418702,418708,6,394
418308,418704,418709,5,396
418308,418704,418710,6,396
418308,418682,418713,31,374
418308,418673,418717,44,365
418308,418671,418718,47,363
418308,418673,418721,48,365
418308,418671,418722,51,363
418308,418707,418727,20,399
418308,418713,418728,15,405
418308,418707,418731,24,399
418308,418718,418731,13,410
418308,418708,418734,26,400
418308,418710,418734,24,402
418308,418717,418734,17,409
418308,418709,418735,26,401
418308,418722,418735,13,414
418308,418731,418735,4,423
418308,418731,418736,5,423
418308,418721,418735,14,413
418308,418728,418736,8,420
418308,418727,418738,11,419
418308,418737,418740,3,429
418308,418737,418740,3,429
418308,418672,418739,67,364
418308,418734,418741,7,426
418308,418738,418740,2,430
418308,418736,418741,5,428
418308,418740,418742,2,432
418308,418740,418742,2,432
418308,418671,418743,72,363
418308,418735,418743,8,427
418308,418734,418743,9,426
418308,418740,418742,2,432
418308,418742,418744,2,434
418308,418735,418744,9,427
418308,418735,418743,8,427
418308,418741,418744,3,433
418308,418734,418744,10,426
418308,418741,418744,3,433
418308,418742,418745,3,434
418319,418743,418746,3,424
418319,418744,418746,2,425
418319,418744,418746,2,425
418319,418744,418747,3,425
418319,418744,418747,3,425
418319,418745,418747,2,426
418319,418744,418746,2,425
418319,418745,418748,3,426
418308,418743,418751,8,435
418308,418742,418751,9,434
418308,418743,418751,8,435
418152,418508,418751,243,356
418319,418746,418764,18,427
418308,418671,418767,96,363
418319,418751,418785,34,432
418319,418748,418793,45,429
418319,418747,418796,49,428
418319,418751,418800,49,432
418319,418786,418811,25,467
418319,418793,418812,19,474
418319,418796,418817,21,477
418319,418751,418822,71,432
418319,418800,418823,23,481
418319,418767,418824,57,448
418319,418746,418826,80,427
418319,418747,418826,79,428
418319,418823,418831,8,504
418319,418823,418832,9,504
418319,418817,418834,17,498
418319,418825,418834,9,506
418319,418811,418838,27,492
418319,418812,418840,28,493
418319,418832,418843,11,513
418319,418746,418846,100,427
418319,418834,418846,12,515
418319,418826,418846,20,507
418319,418835,418848,13,516
418319,418846,418849,3,527
418319,418838,418850,12,519
418319,418840,418850,10,521
418319,418846,418851,5,527
418319,418843,418851,8,524
418319,418826,418851,25,507
418319,418831,418852,21,512
418319,418846,418851,5,527
418319,418848,418852,4,529
418319,418849,418852,3,530
418319,418747,418855,108,428
418319,418850,418855,5,531
418319,418850,418857,7,531
418319,418855,418857,2,536
418319,418852,418856,4,533
418319,418853,418858,5,534
418319,418851,418857,6,532
418319,418853,418859,6,534
418319,418857,418859,2,538
418319,418851,418859,8,532
418319,418851,418858,7,532
418319,418858,418859,1,539
418319,418858,418859,1,539
418319,418858,418860,2,539
418319,418852,418859,7,533
418319,418855,418859,4,536
418340,418859,418861,2,519
418340,418859,418861,2,519
418319,418858,418860,2,539
418319,418859,418862,3,540
418340,418859,418861,2,519
418340,418860,418862,2,520
418340,418860,418863,3,520
418340,418861,418863,2,521
418319,418859,418863,4,540
418319,418764,418863,99,445
418340,418861,418862,1,521
418340,418861,418864,3,521
418340,418860,418863,3,520
417867,417909,418869,960,42
418319,418751,418873,122,432
418340,418864,418875,11,524
418308,418672,418876,204,364
418340,418862,418875,13,522
418340,418863,418881,18,523
418340,418863,418882,19,523
418340,418863,418883,20,523
418319,418747,418885,138,428
418340,418869,418885,16,529
418340,418863,418887,24,523
418340,418873,418889,16,533
418308,418671,418889,218,363
418340,418876,418891,15,536
418340,418876,418892,16,536
418340,418862,418892,30,522
418340,418875,418891,16,535
418308,418671,418893,222,363
418340,418885,418894,9,545
418340,418889,418895,6,549
418340,418887,418895,8,547
418340,418889,418897,8,549
418340,418893,418898,5,553
418340,418891,418898,7,551
417913,417963,418900,937,50
418340,418897,418901,4,557
418340,418895,418901,6,555
418340,418898,418902,4,558
418340,418864,418902,38,524
418340,418898,418901,3,558
418340,418863,418902,39,523
418340,418893,418903,10,553
418340,418900,418903,3,560
418340,418882,418904,22,542
418340,418892,418904,12,552
418340,418892,418905,13,552
418340,418862,418904,42,522
418340,418894,418904,10,554
418340,418901,418905,4,561
418340,418882,418906,24,542
418340,418885,418906,21,545
418340,418901,418905,4,561
418340,418905,418908,3,565
418340,418905,418908,3,565
418340,418902,418909,7,562
418340,418905,418909,4,565
418340,418883,418909,26,543
418340,418905,418910,5,565
418340,418903,418911,8,563
418340,418902,418911,9,562
418340,418903,418911,8,563
418340,418902,418912,10,562
418340,418904,418912,8,564
418340,418906,418911,5,566
418340,418904,418912,8,564
418343,418909,418912,3,566
418340,418903,418913,10,563
418343,418910,418913,3,567
418343,418911,418913,2,568
418340,418895,418912,17,555
418340,418909,418913,4,569
418340,418908,418914,6,568
418340,418906,418914,8,566
418343,418912,418914,2,569
418343,418911,418914,3,568
418340,418906,418915,9,566
418343,418912,418914,2,569
418343,418911,418914,3,568
418340,418908,418916,8,568
418343,418912,418919,7,569
418343,418912,418922,10,569
418343,418915,418926,11,572
418343,418914,418927,13,571
418343,418915,418931,16,572
418343,418914,418940,26,571
418343,418927,418941,14,584
418343,418912,418941,29,569
418343,418914,418942,28,571
418343,418941,418945,4,598
418343,418931,418945,14,588
418343,418941,418947,6,598
418343,418914,418949,35,571
418343,418940,418950,10,597
418343,418914,418950,36,571
418343,418915,418949,34,572
418343,418942,418953,11,599
418343,418913,418959,46,570
418343,418926,418959,33,583
418343,418945,418960,15,602
418343,418950,418961,11,607
418343,418950,418963,13,607
418343,418947,418965,18,604
418343,418945,418965,20,602
418343,418950,418965,15,607
418343,418922,418966,44,579
418343,418953,418966,13,610
418343,418949,418967,18,606
418343,418963,418968,5,620
418343,418965,418968,3,622
418343,418968,418970,2,625
418343,418965,418971,6,622
418343,418965,418971,6,622
418343,418960,418971,11,617
418343,418916,418970,54,573
418343,418959,418972,13,616
418343,418960,418973,13,617
418343,418969,418973,4,626
418343,418970,418972,2,627
418343,418961,418972,11,618
418343,418971,418972,1,628
418343,418971,418974,3,628
418343,418971,418974,3,628
418343,418972,418973,1,629
418343,418972,418975,3,629
418343,418966,418975,9,623
418343,418973,418976,3,630
418343,418967,418976,9,624
418343,418973,418975,2,630
418343,418973,418975,2,630
418364,418974,418976,2,610
418364,418975,418977,2,611
418364,418975,418977,2,611
418364,418975,418976,1,611
418343,418973,418978,5,630
418364,418976,418978,2,612
418364,418976,418979,3,612
418343,418973,418978,5,630
418364,418976,418979,3,612
418343,418913,418980,67,570
418343,418967,418980,13,624
418364,418976,418979,3,612
418343,418913,418983,70,570
418343,418919,418991,72,576
418364,418980,418994,14,616
418364,418980,418995,15,616
418364,418980,418997,17,616
418364,418977,419001,24,613
418364,418994,419002,8,630
418364,418979,419005,26,615
418364,418979,419006,27,615
418364,418991,419007,16,627
418364,418995,419008,13,631
418364,419007,419010,3,643
418364,419006,419013,7,642
418364,418983,419013,30,619
418364,419008,419014,6,644
418364,419010,419017,7,646
418364,419001,419021,20,637
418343,418913,419023,110,570
418364,419013,419025,12,649
418364,418977,419027,50,613
418364,418977,419028,51,613
418364,418998,419031,33,634
418364,418979,419032,53,615
418364,419017,419032,15,653
418364,418977,419032,55,613
418364,419028,419034,6,664
418364,419023,419036,13,659
418364,419032,419036,4,668
418364,419021,419035,14,657
418364,419032,419036,4,668
418364,419033,419037,4,669
418364,419031,419038,7,667
418364,419034,419039,5,670
418364,418978,419039,61,614
418364,419015,419039,24,651
418364,418978,419040,62,614
418364,419037,419040,3,673
418364,419036,419040,4,672
418364,419036,419040,4,672
418364,419036,419040,4,672
418364,419037,419040,3,673
418364,419038,419040,2,674
418364,419039,419042,3,675
418364,419040,419042,2,676
418364,419040,419042,2,676
418364,419039,419042,3,675
418364,419040,419042,2,676
418364,419040,419043,3,676
418364,419039,419043,4,675
418870,419043,419044,1,173
418364,419002,419044,42,638
418364,419041,419044,3,677
418870,419043,419045,2,173
418364,419005,419045,40,641
418870,419044,419046,2,174
418364,419042,419046,4,678
418364,419042,419045,3,678
418364,419042,419045,3,678
418870,419044,419046,2,174
418364,419042,419046,4,678
418870,419045,419047,2,175
418870,419044,419046,2,174
418870,419045,419047,2,175
418870,419044,419048,4,174
418364,419025,419051,26,661
418870,419045,419056,11,175
418364,419013,419058,45,649
418364,419027,419064,37,663
418870,419047,419066,19,177
418870,419047,419067,20,177
418870,419046,419072,26,176
418870,419058,419076,18,188
418870,419046,419076,30,176
418870,419056,419076,20,186
418870,419052,419078,26,182
418870,419048,419078,30,178
418870,419046,419080,34,176
418870,419072,419081,9,202
418870,419067,419085,18,197
418870,419064,419088,24,194
418870,419076,419089,13,206
418870,419078,419090,12,208
418870,419077,419091,14,207
418870,419081,419091,10,211
418870,419080,419092,12,210
418870,419047,419093,46,177
418870,419078,419094,16,208
418870,419094,419097,3,224
418870,419046,419097,51,176
418870,419093,419097,4,223
418870,419077,419097,20,207
418870,419097,419099,2,227
418870,419085,419100,15,215
418870,419097,419100,3,227
418870,419097,419101,4,227
418870,419090,419101,11,220
418870,419092,419102,10,222
418870,419089,419102,13,219
418870,419100,419103,3,230
418870,419088,419103,15,218
418870,419093,419103,10,223
418870,419101,419103,2,231
418870,419101,419104,3,231
418870,419091,419104,13,221
418870,419100,419104,4,230
418870,419102,419104,2,232
418870,419104,419105,1,234
418870,419103,419106,3,233
418870,419103,419106,3,233
418870,419097,419106,9,227
418870,419104,419106,2,234
418870,419103,419106,3,233
418870,419104,419106,2,234
418870,419066,419107,41,196
418870,419105,419106,1,235
418870,419105,419107,2,235
418870,419099,419108,9,229
418870,419102,419107,5,232
418900,419106,419108,2,206
418900,419106,419108,2,206
418900,419106,419109,3,206
418900,419107,419108,1,207
418900,419107,419108,1,207
418870,419103,419110,7,233
418870,419106,419110,4,236
418900,419108,419109,1,208
418900,419108,419111,3,208
418870,419106,419111,5,236
418900,419108,419111,3,208
418900,419108,419121,13,208
418900,419109,419124,15,209
418900,419111,419127,16,211
418900,419109,419130,21,209
418900,419108,419133,25,208
418900,419109,419141,32,209
418870,419047,419141,94,177
418900,419111,419142,31,211
418900,419127,419145,18,227
418900,419141,419153,12,241
418900,419130,419153,23,230
418900,419133,419153,20,233
418900,419121,419154,33,221
418900,419124,419154,30,224
418900,419141,419155,14,241
418900,419142,419155,13,242
418900,419145,419160,15,245
418900,419111,419166,55,211
418900,419155,419168,13,255
418900,419155,419169,14,255
418900,419155,419170,15,255
418900,419160,419170,10,260
418900,419154,419171,17,254
418900,419171,419174,3,271
418900,419170,419175,5,270
418900,419174,419177,3,274
418900,419175,419177,2,275
418900,419169,419178,9,269
418900,419177,419179,2,277
418900,419167,419179,12,267
418900,419177,419179,2,277
418900,419178,419180,2,278
418900,419168,419180,12,268
418900,419179,419181,2,279
418900,419153,419181,28,253
418900,419180,419182,2,280
418900,419179,419182,3,279
418900,419170,419183,13,270
418900,419182,419184,2,282
418900,419181,419184,3,281
418900,419181,419185,4,281
418900,419184,419186,2,284
418900,419186,419189,3,286
418900,419179,419189,10,279
418900,419153,419189,36,253
418900,419183,419191,8,283
418900,419185,419191,6,285
418900,419184,419191,7,284
418900,419189,419191,2,289
418900,419182,419192,10,282
418900,419182,419192,10,282
418900,419191,419192,1,291
418900,419189,419194,5,289
418118,418300,419207,907,182
418900,419153,419209,56,253
419208,419208,419210,2,0
419208,419208,419209,1,0
419208,419208,419209,1,0
419208,419208,419209,1,0
419208,419208,419209,1,0
419208,419208,419211,3,0
419208,419208,419211,3,0
419208,419208,419211,3,0
419208,419210,419222,12,2
419208,419209,419225,16,1
419208,419210,419226,16,2
419208,419210,419227,17,2
419208,419210,419234,24,2
418870,419046,419235,189,176
417923,418032,419244,1212,109
418900,419111,419244,133,211
418900,419110,419246,136,210
419208,419234,419246,12,26
419208,419235,419247,12,27
419208,419211,419247,36,3
419208,419227,419251,24,19
419208,419210,419252,42,2
419208,419244,419252,8,36
419208,419244,419253,9,36
419208,419225,419253,28,17
419208,419223,419253,30,15
419208,419226,419253,27,18
419208,419246,419256,10,38
419208,419255,419261,6,47
419208,419256,419261,5,48
419208,419211,419262,51,3
419208,419261,419264,3,53
419208,419246,419264,18,38
419208,419247,419265,18,39
419208,419252,419266,14,44
419208,419264,419267,3,56
419208,419261,419267,6,53
419208,419255,419266,11,47
419208,419252,419266,14,44
419208,419266,419268,2,58
419208,419265,419269,4,57
419208,419267,419269,2,59
419208,419267,419269,2,59
419208,419264,419268,4,56
419208,419262,419270,8,54
419208,419253,419270,17,45
419208,419247,419270,23,39
419208,419251,419269,18,43
418900,419110,419270,160,210
419208,419268,419271,3,60
419208,419253,419271,18,45
419208,419267,419270,3,59
419208,419270,419272,2,62
419208,419269,419271,2,61
419208,419269,419272,3,61
419208,419270,419272,2,62
419208,419270,419273,3,62
419208,419270,419273,3,62
419208,419271,419273,2,63
419208,419271,419272,1,63
419208,419272,419273,1,64
419208,419271,419272,1,63
419208,419271,419273,2,63
419208,419272,419274,2,64
419208,419272,419274,2,64
419208,419271,419273,2,63
419244,419273,419275,2,29
419208,419269,419275,6,61
419208,419268,419275,7,60
419244,419273,419275,2,29
419244,419273,419275,2,29
419244,419273,419276,3,29
419244,419273,419276,3,29
419244,419274,419276,2,30
419244,419274,419276,2,30
419244,419273,419276,3,29
419244,419274,419282,8,30
419208,419211,419286,75,3
419244,419275,419292,17,31
418134,418386,419299,913,252
419244,419276,419302,26,32
419244,419275,419303,28,31
419244,419276,419306,30,32
419244,419276,419309,33,32
419244,419275,419310,35,31
419244,419303,419311,8,59
419244,419306,419312,6,62
419244,419311,419313,2,67
419244,419312,419313,1,68
419244,419287,419317,30,43
419244,419276,419317,41,32
419244,419314,419317,3,70
419244,419309,419317,8,65
419244,419314,419318,4,70
419244,419310,419320,10,66
419244,419282,419320,38,38
419244,419274,419323,49,30
419244,419299,419327,28,55
419244,419323,419329,6,79
419244,419317,419329,12,73
419244,419317,419330,13,73
419244,419317,419330,13,73
419244,419320,419331,11,76
419244,419275,419331,56,31
419244,419318,419331,13,74
419244,419330,419332,2,86
418137,418443,419331,888,306
419244,419277,419332,55,33
419244,419331,419333,2,87
419244,419330,419332,2,86
419244,419331,419333,2,87
419244,419329,419334,5,85
419244,419331,419334,3,87
419244,419320,419335,15,76
419244,419332,419335,3,88
419244,419327,419334,7,83
419244,419334,419336,2,90
419244,419332,419335,3,88
419244,419335,419336,1,91
419244,419335,419337,2,91
419244,419334,419337,3,90
419244,419335,419337,2,91
419244,419329,419337,8,85
419244,419333,419337,4,89
419244,419336,419338,2,92
419244,419333,419337,4,89
419244,419336,419338,2,92
419244,419293,419338,45,49
419244,419336,419338,2,92
419299,419338,419339,1,39
419244,419337,419338,1,93
419299,419338,419339,1,39
419299,419337,419339,2,38
419244,419332,419340,8,88
419299,419338,419339,1,39
419299,419337,419339,2,38
419299,419338,419340,2,39
419299,419338,419339,1,39
419299,419339,419340,1,40
419244,419333,419342,9,89
419244,419275,419343,68,31
417924,418138,419349,1211,214
419244,419302,419349,47,58
417950,418189,419350,1161,239
419299,419339,419350,11,40
417925,418139,419351,1212,214
419299,419350,419356,6,51
419244,419317,419357,40,73
419299,419350,419359,9,51
419299,419351,419360,9,52
419299,419340,419360,20,41
419299,419349,419361,12,50
419299,419340,419363,23,41
419299,419357,419365,8,58
419299,419360,419370,10,61
419299,419365,419370,5,66
419299,419361,419372,11,62
419299,419370,419373,3,71
419299,419357,419373,16,58
419299,419340,419373,33,41
419299,419363,419376,13,64
419299,419372,419377,5,73
419299,419342,419378,36,43
419299,419359,419378,19,60
419299,419376,419380,4,77
419299,419343,419381,38,44
419299,419360,419381,21,61
419299,419378,419381,3,79
419299,419378,419381,3,79
419299,419378,419382,4,79
419299,419381,419383,2,82
419299,419381,419383,2,82
419299,419380,419382,2,81
419299,419381,419382,1,82
419299,419381,419383,2,82
419299,419382,419385,3,83
419299,419349,419385,36,50
419299,419374,419386,12,75
419299,419384,419385,1,85
419299,419384,419386,2,85
419299,419374,419385,11,75
419299,419385,419387,2,86
419299,419341,419386,45,42
419299,419386,419387,1,87
419299,419386,419388,2,87
419299,419385,419388,3,86
419299,419383,419387,4,84
419299,419386,419388,2,87
419299,419385,419388,3,86
419299,419387,419389,2,88
419299,419387,419389,2,88
419299,419372,419388,16,73
419299,419339,419390,51,40
419299,419383,419390,7,84
419299,419387,419389,2,88
419299,419387,419390,3,88
419299,419388,419390,2,89
419333,419388,419390,2,55
419333,419388,419390,2,55
419333,419389,419392,3,56
419333,419388,419392,4,55
419299,419373,419391,18,74
419333,419389,419392,3,56
419299,419339,419393,54,40
419333,419390,419394,4,57
419333,419390,419394,4,57
419333,419389,419394,5,56
419299,419340,419396,56,41
419299,419339,419396,57,40
419333,419390,419403,13,57
419333,419393,419409,16,60
419333,419397,419412,15,64
419333,419403,419412,9,70
419333,419394,419413,19,61
419333,419394,419414,20,61
419333,419396,419415,19,63
419333,419390,419416,26,57
419333,419394,419416,22,61
419333,419409,419417,8,76
419333,419416,419418,2,83
419333,419412,419420,8,79
419333,419412,419421,9,79
419333,419393,419421,28,60
419333,419413,419422,9,80
419333,419416,419423,7,83
419333,419415,419424,9,82
419333,419417,419426,9,84
419333,419414,419428,14,81
419333,419421,419431,10,88
419333,419391,419432,41,58
419333,419422,419433,11,89
419333,419424,419433,9,91
419333,419419,419434,15,86
419333,419423,419434,11,90
419333,419426,419435,9,93
419333,419432,419434,2,99
419333,419433,419436,3,100
419333,419428,419436,8,95
419333,419433,419436,3,100
419333,419434,419437,3,101
419333,419421,419436,15,88
419333,419420,419438,18,87
419299,419340,419439,99,41
419333,419435,419439,4,102
419333,419434,419440,6,101
419333,419437,419441,4,104
419333,419438,419441,3,105
419333,419436,419441,5,103
419333,419439,419442,3,106
419333,419439,419441,2,106
419333,419435,419441,6,102
419333,419437,419441,4,104
419333,419441,419442,1,108
419333,419440,419442,2,107
419333,419436,419442,6,103
419333,419436,419443,7,103
419333,419441,419442,1,108
419333,419431,419444,13,98
419333,419441,419444,3,108
419349,419442,419444,2,93
419349,419442,419444,2,93
419349,419442,419445,3,93
419333,419442,419444,2,109
419349,419443,419444,1,94
419349,419443,419444,1,94
419349,419442,419445,3,93
419333,419442,419445,3,109
419349,419444,419447,3,95
419349,419444,419447,3,95
419333,419392,419451,59,59
418094,418241,419458,1217,147
419333,419392,419461,69,59
419349,419447,419464,17,98
419349,419444,419466,22,95
419333,419392,419474,82,59
419349,419451,419475,24,102
419349,419445,419476,31,96
419333,419393,419478,85,60
419349,419445,419478,33,96
419349,419446,419482,36,97
419349,419482,419487,5,133
419349,419445,419487,42,96
419349,419479,419489,10,130
419349,419458,419490,32,109
419349,419487,419491,4,138
419349,419487,419492,5,138
419349,419447,419492,45,98
419349,419490,419493,3,141
419349,419492,419496,4,143
419349,419478,419498,20,129
419349,419489,419498,9,140
419349,419445,419499,54,96
419349,419492,419499,7,143
419349,419444,419502,58,95
419349,419492,419502,10,143
419349,419501,419502,1,152
419349,419502,419505,3,153
419349,419502,419505,3,153
419349,419504,419505,1,155
419349,419505,419507,2,156
419349,419505,419507,2,156
419349,419505,419507,2,156
419349,419498,419508,10,149
419349,419501,419508,7,152
419349,419507,419509,2,158
419349,419507,419509,2,158
419349,419493,419510,17,144
419349,419509,419512,3,160
419349,419510,419512,2,161
419349,419464,419513,49,115
419349,419507,419514,7,158
419349,419512,419514,2,163
419349,419476,419516,40,127
419349,419512,419515,3,163
419349,419513,419516,3,164
419349,419514,419516,2,165
419349,419498,419517,19,149
419349,419496,419516,20,147
419349,419514,419516,2,165
419349,419516,419517,1,167
419349,419516,419518,2,167
419349,419516,419518,2,167
419349,419509,419517,8,160
419350,419517,419518,1,167
419349,419461,419519,58,112
419350,419517,419518,1,167
419350,419517,419520,3,167
419349,419466,419520,54,117
419350,419518,419520,2,168
419350,419518,419521,3,168
419350,419518,419521,3,168
419350,419518,419521,3,168
419349,419509,419523,14,160
419350,419518,419524,6,168
419349,419508,419525,17,159
419349,419474,419526,52,125
419349,419446,419528,82,97
419349,419475,419528,53,126
419333,419392,419535,143,59
419350,419520,419545,25,170
419350,419520,419546,26,170
419350,419535,419548,13,185
419350,419523,419552,29,173
419350,419525,419553,28,175
419350,419526,419555,29,176
419350,419524,419555,31,174
419350,419546,419557,11,196
419350,419545,419557,12,195
419350,419557,419562,5,207
419350,419555,419562,7,205
419350,419548,419563,15,198
419350,419520,419563,43,170
419350,419519,419564,45,169
419350,419555,419564,9,205
419350,419557,419564,7,207
419350,419562,419564,2,212
419350,419562,419565,3,212
419350,419552,419564,12,202
419350,419528,419565,37,178
419350,419563,419566,3,213
419350,419564,419566,2,214
419350,419564,419566,2,214
419350,419564,419565,1,214
419350,419565,419567,2,215
419350,419553,419566,13,203
419350,419563,419567,4,213
419350,419566,419568,2,216
419350,419565,419567,2,215
419350,419521,419567,46,171
419350,419566,419569,3,216
419350,419566,419569,3,216
419350,419566,419569,3,216
419350,419564,419568,4,214
419350,419566,419570,4,216
419350,419567,419571,4,217
419350,419569,419571,2,219
419350,419569,419571,2,219
419350,419568,419571,3,218
419350,419567,419572,5,217
419350,419570,419572,2,220
419350,419568,419573,5,218
419350,419569,419573,4,219
419350,419569,419572,3,219
419350,419568,419572,4,218
419350,419571,419573,2,221
419350,419571,419574,3,221
419350,419572,419574,2,222
419350,419567,419574,7,217
419350,419571,419574,3,221
419350,419571,419574,3,221
419352,419573,419575,2,221
419350,419572,419575,3,222
419352,419574,419576,2,222
419352,419573,419576,3,221
419352,419574,419576,2,222
419350,419528,419575,47,178
419352,419573,419576,3,221
419352,419573,419575,2,221
419352,419574,419576,2,222
419352,419575,419580,5,223
418136,418387,419583,1196,251
419350,419522,419593,71,172
419350,419519,419594,75,169
419352,419575,419601,26,223
419352,419575,419603,28,223
419352,419575,419607,32,223
419352,419580,419611,31,228
419352,419576,419614,38,224
419352,419576,419615,39,224
419350,419521,419620,99,171
419352,419603,419621,18,251
419352,419583,419620,37,231
419352,419576,419623,47,224
419352,419576,419626,50,224
419352,419576,419626,50,224
419352,419621,419627,6,269
419352,419627,419629,2,275
419352,419593,419629,36,241
419352,419576,419631,55,224
419352,419628,419632,4,276
419352,419601,419632,31,249
419352,419626,419633,7,274
419352,419622,419634,12,270
419352,419576,419634,58,224
419352,419633,419636,3,281
419352,419620,419637,17,268
419352,419607,419637,30,255
419352,419635,419638,3,283
419352,419614,419638,24,262
419352,419623,419638,15,271
419352,419634,419637,3,282
419352,419594,419639,45,242
419352,419636,419639,3,284
419352,419632,419639,7,280
419352,419632,419638,6,280
419352,419629,419640,11,277
419352,419637,419640,3,285
419352,419638,419641,3,286
419352,419638,419641,3,286
419352,419611,419641,30,259
419352,419637,419640,3,285
419352,419638,419642,4,286
419352,419640,419642,2,288
419352,419641,419643,2,289
419352,419638,419643,5,286
419352,419641,419643,2,289
419352,419642,419644,2,290
419352,419642,419644,2,290
419352,419640,419645,5,288
419352,419642,419644,2,290
419352,419643,419645,2,291
419352,419639,419644,5,287
419352,419643,419644,1,291
419352,419642,419645,3,290
419352,419615,419646,31,263
419459,419644,419645,1,185
419459,419645,419647,2,186
419459,419644,419647,3,185
419459,419645,419647,2,186
419352,419639,419647,8,287
419459,419645,419646,1,186
419459,419645,419647,2,186
419459,419645,419647,2,186
419352,419639,419648,9,287
419459,419645,419651,6,186
419352,419639,419653,14,287
419352,419629,419654,25,277
419352,419631,419654,23,279
419459,419651,419669,18,192
419459,419646,419675,29,187
419459,419650,419676,26,191
419459,419648,419677,29,189
419459,419647,419681,34,188
419459,419669,419681,12,210
419459,419647,419682,35,188
418139,418504,419683,1179,365
419459,419647,419682,35,188
419459,419675,419683,8,216
419459,419647,419685,38,188
419459,419647,419685,38,188
419459,419676,419685,9,217
419459,419677,419684,7,218
419459,419646,419688,42,187
419459,419685,419691,6,226
419459,419681,419691,10,222
419459,419685,419691,6,226
419459,419682,419693,11,223
419459,419691,419694,3,232
419459,419683,419694,11,224
419459,419688,419694,6,229
419459,419682,419695,13,223
419459,419691,419694,3,232
419459,419683,419695,12,224
419459,419655,419695,40,196
419459,419685,419696,11,226
419459,419653,419696,43,194
419459,419691,419697,6,232
419459,419648,419697,49,189
419459,419694,419698,4,235
419459,419685,419698,13,226
419459,419685,419698,13,226
419459,419694,419698,4,235
419459,419694,419699,5,235
419459,419696,419699,3,237
419459,419695,419700,5,236
419459,419695,419699,4,236
419459,419695,419701,6,236
419459,419698,419701,3,239
419459,419698,419700,2,239
419459,419694,419701,7,235
419459,419698,419701,3,239
419459,419696,419702,6,237
419459,419697,419702,5,238
419459,419697,419701,4,238
419459,419699,419701,2,240
419459,419701,419703,2,242
419459,419698,419702,4,239
419459,419701,419703,2,242
419459,419701,419703,2,242
419459,419700,419702,2,241
419459,419701,419703,2,242
419584,419702,419704,2,118
419459,419700,419703,3,241
419459,419701,419703,2,242
419584,419702,419704,2,118
419459,419696,419703,7,237
419584,419702,419703,1,118
419584,419703,419705,2,119
419584,419703,419704,1,119
419584,419702,419704,2,118
419584,419703,419705,2,119
419584,419703,419707,4,119
419584,419703,419723,20,119
419584,419704,419734,30,120
419584,419723,419738,15,139
419584,419704,419745,41,120
419584,419734,419746,12,150
418152,418567,419752,1185,415
419584,419738,419755,17,154
419584,419708,419757,49,124
419584,419745,419758,13,161
419584,419704,419762,58,120
419584,419704,419762,58,120
419584,419746,419763,17,162
419584,419703,419764,61,119
419459,419654,419766,112,195
419584,419704,419767,63,120
419584,419705,419770,65,121
419584,419705,419774,69,121
419584,419706,419776,70,122
419584,419764,419777,13,180
418175,418615,419778,1163,440
419584,419766,419778,12,182
419584,419764,419781,17,180
419584,419771,419782,11,187
419584,419774,419783,9,190
419584,419763,419783,20,179
419584,419781,419785,4,197
419584,419783,419785,2,199
419584,419767,419785,18,183
419584,419782,419787,5,198
419584,419783,419786,3,199
419584,419776,419787,11,192
419584,419786,419788,2,202
419584,419785,419788,3,201
419584,419786,419790,4,202
419584,419787,419789,2,203
419584,419705,419791,86,121
419584,419704,419791,87,120
419584,419788,419791,3,204
419584,419755,419792,37,171
419584,419779,419792,13,195
419584,419788,419793,5,204
419584,419788,419793,5,204
419584,419791,419793,2,207
419584,419789,419792,3,205
419584,419790,419794,4,206
419584,419792,419794,2,208
419584,419792,419794,2,208
419584,419790,419793,3,206
419584,419791,419795,4,207
419584,419792,419796,4,208
419584,419793,419796,3,209
419584,419793,419796,3,209
419683,419794,419796,2,111
419683,419794,419795,1,111
419584,419793,419796,3,209
419683,419795,419797,2,112
419683,419794,419796,2,111
419683,419794,419796,2,111
419683,419796,419798,2,113
419683,419796,419800,4,113
419584,419777,419801,24,193
419584,419778,419803,25,194
419584,419752,419803,51,168
419683,419796,419804,8,113
419584,419762,419807,45,178
419584,419758,419809,51,174
419683,419796,419812,16,113
419683,419797,419815,18,114
419683,419799,419816,17,116
419584,419757,419816,59,173
419683,419802,419818,16,119
419683,419803,419817,14,120
419683,419815,419821,6,132
419683,419817,419821,4,134
419683,419805,419822,17,122
419683,419816,419821,5,133
419683,419803,419823,20,120
419683,419809,419823,14,126
419683,419818,419824,6,135
419683,419812,419824,12,129
419683,419796,419824,28,113
419683,419800,419824,24,117
419683,419807,419828,21,124
419683,419818,419828,10,135
419683,419823,419829,6,140
419683,419823,419829,6,140
419683,419797,419831,34,114
419683,419829,419831,2,146
419683,419797,419833,36,114
419683,419829,419836,7,146
419683,419823,419836,13,140
419683,419825,419838,13,142
419683,419828,419839,11,145
419683,419831,419840,9,148
419683,419828,419840,12,145
419683,419824,419839,15,141
419683,419831,419840,9,148
419683,419836,419841,5,153
419683,419824,419842,18,141
419683,419833,419842,9,150
419683,419836,419842,6,153
419683,419839,419843,4,156
419683,419838,419843,5,155
419683,419840,419843,3,157
419683,419841,419845,4,158
419683,419821,419845,24,138
419683,419840,419844,4,157
419683,419840,419845,5,157
419683,419842,419846,4,159
419683,419840,419845,5,157
419683,419845,419847,2,162
419683,419845,419847,2,162
419683,419844,419846,2,161
419683,419845,419847,2,162
419683,419845,419848,3,162
419752,419846,419848,2,94
419683,419843,419849,6,160
419752,419847,419849,2,95
419752,419847,419849,2,95
419683,419842,419849,7,159
419752,419847,419850,3,95
419683,419842,419849,7,159
419752,419848,419850,2,96
419752,419847,419849,2,95
419752,419848,419850,2,96
419683,419843,419851,8,160
419683,419797,419853,56,114
419752,419849,419853,4,97
419683,419824,419859,35,141
419752,419854,419864,10,102
419752,419853,419864,11,101
419752,419851,419865,14,99
419752,419849,419867,18,97
419752,419859,419868,9,107
419752,419850,419872,22,98
419683,419822,419875,53,139
419752,419850,419876,26,98
419752,419867,419876,9,115
419752,419849,419876,27,97
419752,419864,419876,12,112
419752,419868,419879,11,116
419752,419864,419880,16,112
419752,419872,419880,8,120
419752,419875,419881,6,123
419752,419865,419885,20,113
419752,419881,419886,5,129
419683,419821,419887,66,138
419752,419876,419887,11,124
419752,419876,419888,12,124
419752,419881,419889,8,129
419752,419850,419890,40,98
419752,419876,419891,15,124
419752,419879,419891,12,127
419752,419876,419891,15,124
419752,419880,419891,11,128
418282,418666,419894,1228,384
419752,419891,419894,3,139
419752,419891,419894,3,139
419752,419891,419895,4,139
419752,419887,419895,8,135
419752,419887,419895,8,135
419752,419892,419895,3,140
419752,419890,419895,5,138
419752,419894,419897,3,142
419752,419894,419896,2,142
419752,419895,419898,3,143
419752,419895,419898,3,143
419752,419896,419899,3,144
419752,419896,419899,3,144
419752,419895,419899,4,143
419752,419895,419900,5,143
419752,419897,419900,3,145
419752,419888,419901,13,136
419752,419899,419901,2,147
419752,419885,419900,15,133
419752,419898,419901,3,146
419752,419899,419902,3,147
419752,419899,419902,3,147
419752,419900,419902,2,148
419752,419886,419902,16,134
419752,419898,419903,5,146
419778,419901,419903,2,123
419752,419900,419903,3,148
419752,419889,419902,13,137
419778,419901,419903,2,123
419752,419901,419903,2,149
419752,419900,419902,2,148
419778,419902,419904,2,124
419778,419902,419904,2,124
419778,419902,419904,2,124
419778,419903,419905,2,125
419778,419903,419905,2,125
419778,419903,419907,4,125
419752,419850,419912,62,98
419778,419912,419922,10,134
419778,419903,419926,23,125
419778,419906,419927,21,128
419778,419907,419927,20,129
419752,419849,419928,79,97
418309,418743,419928,1185,434
419778,419905,419931,26,127
419778,419906,419931,25,128
419778,419922,419935,13,144
419778,419927,419935,8,149
419778,419931,419938,7,153
419778,419931,419939,8,153
419778,419928,419940,12,150
419778,419927,419941,14,149
419778,419903,419942,39,125
419778,419929,419943,14,151
419778,419935,419945,10,157
419778,419926,419946,20,148
419778,419905,419947,42,127
418365,419042,419948,906,677
419752,419850,419952,102,98
419778,419948,419953,5,170
419778,419952,419954,2,174
419778,419943,419955,12,165
419778,419945,419955,10,167
419778,419939,419956,17,161
419778,419941,419956,15,163
419778,419953,419956,3,175
419778,419938,419956,18,160
419778,419940,419956,16,162
419778,419947,419957,10,169
419778,419956,419958,2,178
419778,419956,419958,2,178
419778,419935,419958,23,157
419778,419956,419958,2,178
419778,419957,419959,2,179
419778,419954,419960,6,176
419778,419957,419960,3,179
419778,419955,419961,6,177
419778,419957,419960,3,179
419778,419947,419961,14,169
419778,419958,419960,2,180
419778,419955,419960,5,177
419778,419958,419962,4,180
419778,419961,419963,2,183
419778,419960,419963,3,182
419778,419959,419963,4,181
419778,419959,419962,3,181
419778,419960,419963,3,182
419778,419961,419964,3,183
419778,419961,419964,3,183
419778,419959,419963,4,181
419778,419961,419964,3,183
419778,419942,419964,22,164
419778,419962,419965,3,184
419895,419963,419965,2,68
419895,419964,419966,2,69
419778,419962,419965,3,184
419895,419963,419967,4,68
419895,419964,419967,3,69
419895,419963,419967,4,68
419895,419964,419967,3,69
419895,419964,419967,3,69
419895,419963,419967,4,68
419778,419903,419970,67,125
419778,419903,419971,68,125
419778,419903,419973,70,125
419778,419905,419979,74,127
419895,419973,419983,10,78
419895,419970,419983,13,75
419895,419971,419983,12,76
419895,419964,419984,20,69
419895,419968,419988,20,73
419895,419979,419991,12,84
419895,419984,419995,11,89
419895,419968,419998,30,73
419895,419988,419998,10,93
419895,419967,420002,35,72
419895,419965,420003,38,70
419895,419983,420003,20,88
419895,419983,420005,22,88
419895,419998,420005,7,103
419895,419998,420006,8,103
419895,419991,420007,16,96
419895,419995,420009,14,100
419895,420005,420011,6,110
419895,420002,420014,12,107
419895,420003,420015,12,108
419895,419967,420015,48,72
419895,420005,420015,10,110
419895,419983,420017,34,88
419895,420015,420018,3,120
419895,420011,420018,7,116
419895,420015,420019,4,120
419895,420014,420019,5,119
419895,420003,420019,16,108
419895,420016,420019,3,121
419895,420017,420020,3,122
419895,420018,420020,2,123
418319,418859,420021,1162,540
419895,420006,420022,16,111
419895,420020,420023,3,125
419895,420020,420023,3,125
419895,420018,420023,5,123
419895,420021,420023,2,126
419895,420020,420024,4,125
419895,420019,420024,5,124
419895,420022,420025,3,127
419895,420009,420025,16,114
419895,420019,420026,7,124
419895,420019,420026,7,124
419895,420023,420026,3,128
419895,420023,420026,3,128
419895,420024,420026,2,129
419895,420023,420027,4,128
419895,420024,420026,2,129
419895,420025,420027,2,130
419930,420026,420028,2,96
419895,420023,420028,5,128
419895,420025,420027,2,130
419930,420026,420028,2,96
419930,420026,420028,2,96
419930,420027,420029,2,97
419895,419966,420029,63,71
419930,420026,420028,2,96
419930,420027,420029,2,97
419930,420027,420029,2,97
419930,420028,420030,2,98
419895,419966,420029,63,71
419930,420028,420042,14,98
419895,420007,420043,36,112
419895,419967,420047,80,72
419930,420030,420052,22,100
419930,420030,420057,27,100
419930,420042,420059,17,112
419930,420028,420059,31,98
419930,420029,420059,30,99
419930,420028,420060,32,98
419930,420052,420062,10,122
419930,420043,420067,24,113
419930,420047,420069,22,117
419930,420029,420070,41,99
419895,419966,420072,106,71
419930,420028,420073,45,98
419930,420030,420080,50,100
419930,420062,420081,19,132
419930,420061,420087,26,131
419930,420072,420088,16,142
419930,420074,420090,16,144
419930,420057,420091,34,127
419930,420059,420092,33,129
419930,420059,420094,35,129
419930,420070,420095,25,140
419930,420092,420097,5,162
419930,420080,420097,17,150
419930,420094,420097,3,164
419930,420059,420098,39,129
419930,420097,420099,2,167
419930,420095,420100,5,165
419930,420098,420100,2,168
419930,420091,420100,9,161
419930,420097,420101,4,167
419930,420081,420101,20,151
419930,420099,420102,3,169
419930,420100,420102,2,170
419930,420102,420104,2,172
419930,420087,420104,17,157
419930,420097,420104,7,167
419930,420069,420105,36,139
419930,420100,420105,5,170
419930,420089,420106,17,159
419930,420102,420107,5,172
419930,420104,420107,3,174
419930,420100,420108,8,170
419930,420105,420108,3,175
419930,420105,420107,2,175
419930,420107,420108,1,177
419930,420107,420109,2,177
419930,420104,420109,5,174
419930,420101,420108,7,171
419930,420102,420109,7,172
419930,420104,420109,5,174
419930,420106,420108,2,176
419930,420108,420110,2,178
419948,420108,420111,3,160
419948,420108,420110,2,160
419948,420109,420111,2,161
419948,420109,420110,1,161
419948,420109,420112,3,161
419948,420109,420111,2,161
419948,420109,420111,2,161
419948,420110,420114,4,162
419930,420067,420116,49,137
419930,420090,420119,29,160
419930,420030,420121,91,100
418341,418909,420130,1221,568
419948,420110,420134,24,162
419948,420111,420139,28,163
419895,419967,420143,176,72
419948,420111,420146,35,163
419930,420029,420150,121,99
419948,420119,420152,33,171
419948,420116,420154,38,168
419948,420130,420155,25,182
419948,420135,420159,24,187
419948,420111,420163,52,163
419948,420154,420164,10,206
419948,420150,420168,18,202
419948,420155,420169,14,207
419948,420152,420170,18,204
419948,420111,420173,62,163
419948,420121,420174,53,173
419948,420112,420182,70,164
419948,420159,420182,23,211
419948,420169,420183,14,221
419948,420114,420183,69,166
419948,420139,420185,46,191
419948,420170,420189,19,222
419948,420174,420190,16,226
419948,420182,420192,10,234
419948,420183,420192,9,235
419948,420173,420192,19,225
419948,420190,420194,4,242
419948,420189,420194,5,241
419948,420192,420195,3,244
419948,420192,420196,4,244
419948,420192,420197,5,244
419948,420163,420197,34,215
418343,418974,420197,1223,631
419948,420183,420199,16,235
419948,420194,420200,6,246
419948,420185,420200,15,237
419948,420195,420200,5,247
419948,420197,420201,4,249
419948,420199,420201,2,251
419948,420194,420201,7,246
419948,420198,420201,3,250
419948,420200,420202,2,252
419948,420201,420203,2,253
419948,420201,420204,3,253
419948,420201,420203,2,253
419948,420197,420205,8,249
419948,420202,420206,4,254
419948,420203,420206,3,255
419948,420200,420205,5,252
420022,420205,420207,2,183
419948,420200,420207,7,252
420022,420206,420208,2,184
419948,420143,420208,65,195
420022,420206,420208,2,184
420022,420204,420209,5,182
420022,420206,420209,3,184
420022,420207,420209,2,185
419948,420196,420210,14,248
419948,420203,420211,8,255
419948,420183,420211,28,235
419948,420168,420212,44,220
420022,420208,420213,5,186
420022,420208,420213,5,186
419948,420146,420214,68,198
419948,420165,420224,59,217
420022,420212,420225,13,190
420022,420213,420225,12,191
420022,420211,420229,18,189
420022,420215,420229,14,193
420022,420209,420229,20,187
420022,420208,420231,23,186
420022,420213,420232,19,191
419948,420112,420234,122,164
420022,420209,420238,29,187
420022,420224,420240,16,202
420022,420208,420246,38,186
419948,420112,420247,135,164
420022,420209,420250,41,187
420022,420225,420255,30,203
420022,420234,420259,25,212
420022,420238,420261,23,216
420022,420250,420267,17,228
420022,420256,420270,14,234
420022,420261,420270,9,239
420022,420247,420272,25,225
420022,420259,420272,13,237
420022,420272,420274,2,250
420022,420272,420275,3,250
420022,420270,420277,7,248
420022,420267,420278,11,245
420022,420246,420279,33,224
420022,420275,420281,6,253
420022,420279,420281,2,257
420022,420280,420282,2,258
420022,420274,420283,9,252
420022,420281,420284,3,259
420022,420277,420287,10,255
420022,420240,420287,47,218
420022,420233,420288,55,211
420022,420282,420289,7,260
420022,420283,420289,6,261
420022,420225,420289,64,203
420022,420282,420289,7,260
420022,420285,420289,4,263
420022,420287,420291,4,265
420022,420290,420293,3,268
420022,420288,420293,5,266
420022,420291,420294,3,269
420022,420287,420293,6,265
420022,420270,420294,24,248
420022,420289,420295,6,267
420022,420289,420294,5,267
420022,420293,420295,2,271
420022,420293,420295,2,271
420022,420289,420294,5,267
420022,420294,420296,2,272
420130,420295,420296,1,165
420022,420290,420296,6,268
420130,420295,420297,2,165
420130,420295,420297,2,165
420022,420211,420297,86,189
420130,420295,420296,1,165
420130,420296,420298,2,166
420130,420296,420298,2,166
420130,420295,420297,2,165
420130,420297,420299,2,167
420022,420229,420309,80,207
420130,420299,420311,12,169
420130,420298,420314,16,168
420130,420298,420314,16,168
418870,419106,420318,1212,236
420130,420297,420320,23,167
420130,420309,420322,13,179
420130,420311,420322,11,181
420022,420231,420323,92,209
420022,420210,420324,114,188
420130,420298,420330,32,168
420130,420297,420333,36,167
420130,420297,420333,36,167
420022,420229,420337,108,207
420130,420314,420338,24,184
420130,420297,420338,41,167
420130,420314,420343,29,184
420022,420229,420350,121,207
420130,420324,420350,26,194
420130,420343,420352,9,213
420130,420297,420352,55,167
420130,420333,420355,22,203
420130,420338,420355,17,208
420130,420350,420356,6,220
420130,420322,420356,34,192
420130,420323,420356,33,193
420130,420330,420356,26,200
420130,420351,420358,7,221
420130,420321,420358,37,191
420130,420356,420359,3,226
420130,420358,420360,2,228
420130,420358,420360,2,228
420130,420357,420361,4,227
420130,420356,420361,5,226
420130,420359,420361,2,229
420130,420318,420363,45,188
420130,420333,420363,30,203
418902,419191,420364,1173,289
420130,420360,420364,4,230
420130,420361,420365,4,231
420130,420361,420366,5,231
419333,419442,420366,924,109
420130,420352,420366,14,222
420130,420352,420365,13,222
420130,420360,420366,6,230
420130,420355,420365,10,225
420130,420355,420367,12,225
420130,420337,420369,32,207
420130,420366,420369,3,236
420130,420356,420369,13,226
420130,420367,420369,2,237
420130,420338,420370,32,208
420130,420362,420370,8,232
420130,420366,420370,4,236
420130,420363,420371,8,233
420130,420366,420371,5,236
420130,420364,420371,7,234
420130,420364,420371,7,234
420130,420365,420371,6,235
420130,420366,420372,6,236
420199,420370,420372,2,171
420199,420369,420371,2,170
420199,420369,420371,2,170
420199,420370,420372,2,171
420199,420370,420373,3,171
420199,420370,420372,2,171
420130,420366,420374,8,236
420130,420367,420373,6,237
420130,420363,420375,12,233
420199,420371,420377,6,172
420130,420322,420380,58,192
420199,420371,420380,9,172
420199,420371,420385,14,172
420199,420380,420393,13,181
420199,420371,420400,29,172
420199,420375,420402,27,176
420199,420373,420403,30,174
420199,420374,420403,29,175
420199,420372,420403,31,173
420199,420374,420408,34,175
420199,420402,420410,8,203
420199,420380,420410,30,181
420199,420372,420411,39,173
420199,420403,420412,9,204
420199,420372,420415,43,173
420199,420377,420415,38,178
420199,420373,420415,42,174
420199,420415,420422,7,216
420199,420373,420423,50,174
420199,420413,420423,10,214
420199,420403,420423,20,204
420199,420415,420424,9,216
420199,420415,420425,10,216
420199,420400,420426,26,201
420199,420423,420427,4,224
420199,420423,420428,5,224
420199,420425,420428,3,226
420199,420424,420429,5,225
420199,420428,420431,3,229
420199,420423,420432,9,224
420199,420426,420431,5,227
420199,420422,420432,10,223
419208,419272,420432,1160,64
420199,420428,420433,5,229
420199,420429,420433,4,230
420199,420427,420434,7,228
420199,420432,420435,3,233
420199,420431,420435,4,232
420199,420433,420436,3,234
420199,420432,420436,4,233
420199,420411,420437,26,212
420199,420435,420437,2,236
420199,420434,420437,3,235
420199,420433,420437,4,234
420199,420432,420436,4,233
420199,420435,420437,2,236
420199,420433,420436,3,234
420199,420436,420438,2,237
420199,420436,420439,3,237
420319,420437,420439,2,118
420319,420437,420439,2,118
420199,420437,420440,3,238
420319,420437,420440,3,118
420319,420438,420440,2,119
420319,420437,420440,3,118
420319,420439,420442,3,120
420199,420437,420442,5,238
420319,420439,420441,2,120
420199,420404,420445,41,205
420319,420440,420446,6,121
420199,420410,420447,37,211
420319,420440,420451,11,121
420199,420410,420453,43,211
420199,420394,420455,61,195
420199,420409,420457,48,210
420199,420372,420462,90,173
420199,420385,420465,80,186
420199,420372,420465,93,173
420319,420440,420467,27,121
420319,420440,420469,29,121
420319,420469,420475,6,150
420319,420446,420478,32,127
420319,420457,420480,23,138
420319,420455,420481,26,136
420319,420475,420482,7,156
419351,419573,420484,911,222
420319,420478,420485,7,159
420319,420462,420486,24,143
420319,420467,420487,20,148
420319,420447,420493,46,128
420319,420487,420495,8,168
420319,420480,420495,15,161
420319,420465,420497,32,146
420319,420493,420497,4,174
420319,420495,420499,4,176
420319,420486,420500,14,167
420319,420495,420503,8,176
420319,420481,420503,22,162
420319,420485,420503,18,166
420319,420499,420506,7,180
420319,420503,420507,4,184
420319,420500,420508,8,181
420319,420497,420509,12,178
420319,420497,420510,13,178
420319,420465,420511,46,146
420319,420503,420510,7,184
420319,420453,420513,60,134
420319,420503,420514,11,184
420319,420509,420514,5,190
420319,420484,420514,30,165
420319,420511,420514,3,192
420319,420451,420515,64,132
420319,420511,420514,3,192
420319,420508,420515,7,189
420319,420513,420516,3,194
420319,420511,420516,5,192
420319,420507,420516,9,188
420319,420516,420518,2,197
420319,420506,420519,13,187
420319,420514,420519,5,195
420319,420516,420519,3,197
420319,420515,420520,5,196
420319,420514,420520,6,195
420319,420516,420519,3,197
420364,420519,420521,2,155
420364,420519,420521,2,155
420319,420515,420521,6,196
420319,420515,420520,5,196
420319,420445,420522,77,126
420364,420519,420521,2,155
420364,420520,420523,3,156
420364,420521,420523,2,157
420364,420520,420523,3,156
420364,420520,420522,2,156
420319,420514,420522,8,195
420364,420521,420526,5,157
420319,420441,420527,86,122
420319,420515,420532,17,196
420364,420521,420537,16,157
420319,420482,420537,55,163
420364,420532,420541,9,168
420364,420527,420544,17,163
420364,420527,420546,19,163
420364,420521,420551,30,157
420364,420522,420552,30,158
420364,420544,420553,9,180
420364,420537,420554,17,173
420364,420553,420556,3,189
420364,420546,420557,11,182
419244,419337,420562,1225,93
420364,420522,420564,42,158
419299,419388,420564,1176,89
420364,420554,420566,12,190
420364,420542,420566,24,178
420364,420552,420568,16,188
420364,420558,420573,15,194
420364,420556,420575,19,192
420364,420573,420576,3,209
420364,420568,420576,8,204
420364,420524,420576,52,160
420364,420575,420578,3,211
420364,420576,420578,2,212
420364,420576,420579,3,212
420364,420523,420580,57,159
420364,420578,420581,3,214
420364,420578,420582,4,214
420364,420579,420585,6,215
420364,420579,420586,7,215
420364,420565,420587,22,201
420364,420582,420589,7,218
420364,420580,420589,9,216
420364,420562,420589,27,198
420364,420566,420589,23,202
420364,420551,420589,38,187
420364,420586,420590,4,222
420364,420589,420591,2,225
420364,420589,420591,2,225
420364,420564,420591,27,200
420364,420589,420591,2,225
420364,420588,420590,2,224
420364,420581,420592,11,217
420364,420589,420591,2,225
420364,420585,420592,7,221
420364,420590,420593,3,226
420364,420591,420593,2,227
420364,420591,420593,2,227
420364,420537,420594,57,173
420364,420592,420595,3,228
420364,420567,420594,27,203
420364,420591,420595,4,227
420364,420590,420596,6,226
420367,420593,420596,3,226
420364,420592,420597,5,228
420367,420593,420597,4,226
420367,420595,420597,2,228
420367,420593,420598,5,226
420367,420594,420598,4,227
420367,420595,420598,3,228
420364,420591,420598,7,227
420364,420591,420599,8,227
420367,420595,420598,3,228
420364,420523,420600,77,159
420367,420596,420601,5,229
420364,420523,420603,80,159
420367,420600,420606,6,233
420367,420596,420609,13,229
420367,420599,420611,12,232
420367,420599,420615,16,232
420367,420601,420617,16,234
419460,419701,420619,918,241
420367,420617,420621,4,250
420367,420619,420624,5,252
420367,420598,420627,29,231
420367,420598,420628,30,231
420367,420624,420628,4,257
420367,420597,420628,31,230
420367,420623,420629,6,256
420367,420598,420629,31,231
420367,420615,420630,15,248
420367,420607,420629,22,240
420367,420598,420631,33,231
420319,420442,420630,188,123
420367,420609,420632,23,242
420367,420630,420634,4,263
420367,420598,420635,37,231
420367,420627,420635,8,260
420367,420631,420637,6,264
420367,420631,420638,7,264
420367,420632,420638,6,265
420364,420523,420639,116,159
420367,420603,420639,36,236
420367,420635,420641,6,268
420367,420630,420641,11,263
420367,420612,420641,29,245
420367,420628,420643,15,261
420367,420628,420643,15,261
420367,420635,420645,10,268
420367,420635,420647,12,268
420367,420639,420647,8,272
420367,420638,420648,10,271
420367,420639,420648,9,272
420367,420637,420649,12,270
420367,420647,420650,3,280
420367,420628,420650,22,261
420367,420647,420650,3,280
420367,420641,420650,9,274
420367,420648,420651,3,281
420367,420643,420651,8,276
420367,420645,420651,6,278
420367,420650,420652,2,283
420367,420629,420652,23,262
420367,420648,420651,3,281
420367,420638,420652,14,271
420367,420629,420653,24,262
420367,420643,420653,10,276
420367,420649,420652,3,282
420433,420651,420653,2,218
420367,420650,420652,2,283
420367,420650,420652,2,283
420367,420641,420653,12,274
420367,420651,420653,2,284
420433,420652,420654,2,219
420367,420641,420653,12,274
420367,420650,420653,3,283
420433,420652,420653,1,219
420319,420442,420654,212,123
420433,420652,420654,2,219
420367,420597,420656,59,230
420319,420442,420660,218,123
420433,420653,420660,7,220
420433,420652,420661,9,219
420433,420653,420661,8,220
420433,420653,420661,8,220
420433,420656,420664,8,223
420433,420656,420666,10,223
420433,420660,420670,10,227
420433,420655,420670,15,222
420433,420654,420672,18,221
420433,420661,420674,13,228
420433,420653,420675,22,220
420433,420661,420676,15,228
420433,420660,420679,19,227
420433,420670,420680,10,237
420433,420654,420683,29,221
420433,420676,420684,8,243
420433,420664,420686,22,231
420433,420653,420686,33,220
420433,420676,420687,11,243
420433,420674,420688,14,241
420433,420686,420689,3,253
420433,420670,420690,20,237
420433,420666,420691,25,233
420433,420680,420692,12,247
420433,420661,420692,31,228
419350,419516,420692,1176,166
420433,420688,420693,5,255
420433,420689,420693,4,256
420433,420686,420693,7,253
420433,420687,420692,5,254
420433,420684,420695,11,251
420433,420672,420695,23,239
420433,420683,420697,14,250
420433,420693,420697,4,260
420433,420695,420697,2,262
420433,420695,420697,2,262
420433,420690,420697,7,257
420433,420692,420699,7,259
420433,420697,420699,2,264
420433,420679,420699,20,246
420433,420697,420700,3,264
420433,420697,420700,3,264
420433,420691,420700,9,258
420433,420693,420701,8,260
420433,420653,420702,49,220
420433,420699,420703,4,266
420433,420700,420703,3,267
420433,420693,420703,10,260
420433,420700,420703,3,267
420433,420654,420703,49,221
420433,420693,420705,12,260
420433,420697,420704,7,264
420484,420703,420705,2,219
420484,420703,420705,2,219
420433,420699,420705,6,266
420484,420702,420705,3,218
420484,420703,420704,1,219
420433,420698,420706,8,265
420484,420703,420705,2,219
420433,420692,420705,13,259
420484,420705,420707,2,221
420433,420701,420707,6,268
420484,420704,420706,2,220
420433,420699,420709,10,266
420433,420692,420709,17,259
420484,420705,420712,7,221
419585,419793,420714,921,208
420433,420654,420721,67,221
420484,420714,420724,10,230
420484,420705,420726,21,221
420484,420705,420727,22,221
420484,420712,420730,18,228
420484,420706,420732,26,222
420484,420705,420733,28,221
420484,420706,420735,29,222
420433,420654,420736,82,221
420484,420705,420738,33,221
420484,420732,420740,8,248
420484,420705,420740,35,221
420484,420730,420740,10,246
420484,420733,420740,7,249
420433,420654,420740,86,221
420484,420727,420742,15,243
420484,420709,420742,33,225
420484,420726,420744,18,242
420484,420741,420745,4,257
420484,420742,420745,3,258
420484,420736,420744,8,252
420484,420742,420747,5,258
420484,420707,420747,40,223
420484,420744,420747,3,260
420484,420735,420747,12,251
420484,420745,420749,4,261
420484,420745,420751,6,261
420484,420738,420751,13,254
420484,420745,420753,8,261
420484,420740,420753,13,256
420484,420747,420753,6,263
420484,420740,420754,14,256
420484,420747,420753,6,263
420484,420747,420755,8,263
420484,420748,420756,8,264
420484,420754,420757,3,270
420484,420740,420757,17,256
420484,420740,420757,17,256
420484,420751,420758,7,267
420484,420753,420758,5,269
420484,420707,420759,52,223
420484,420755,420759,4,271
420484,420749,420761,12,265
420484,420754,420761,7,270
420484,420709,420762,53,225
420484,420722,420762,40,238
420484,420751,420762,11,267
420484,420753,420763,10,269
420484,420758,420763,5,274
420484,420757,420764,7,273
420484,420756,420765,9,272
420484,420725,420764,39,241
420484,420757,420765,8,273
420562,420762,420766,4,200
420562,420764,420766,2,202
420562,420761,420766,5,199
420562,420762,420765,3,200
420562,420763,420766,3,201
420484,420759,420766,7,275
420484,420758,420766,8,274
420562,420762,420766,4,200
420562,420763,420766,3,201
420562,420764,420767,3,202
420484,420706,420768,62,222
420484,420757,420768,11,273
420484,420753,420770,17,269
419684,419846,420774,928,162
420562,420766,420778,12,204
420562,420767,420779,12,205
420484,420707,420780,73,223
420562,420770,420780,10,208
420562,420767,420781,14,205
420562,420766,420780,14,204
420562,420767,420782,15,205
420562,420767,420785,18,205
420562,420774,420789,15,212
420562,420780,420790,10,218
420562,420769,420791,22,207
420562,420781,420794,13,219
420562,420766,420794,28,204
420562,420782,420795,13,220
420562,420765,420796,31,203
420562,420791,420798,7,229
420562,420794,420798,4,232
420562,420766,420798,32,204
420562,420766,420798,32,204
420562,420783,420798,15,221
420562,420780,420798,18,218
420562,420796,420799,3,234
420562,420785,420801,16,223
420562,420790,420801,11,228
420562,420795,420802,7,233
420562,420798,420802,4,236
420562,420779,420802,23,217
420562,420765,420802,37,203
420562,420798,420804,6,236
420562,420794,420804,10,232
420562,420789,420805,16,227
420562,420798,420805,7,236
420562,420804,420805,1,242
420562,420798,420806,8,236
420562,420804,420806,2,242
420562,420805,420806,1,243
420562,420803,420808,5,241
420562,420801,420808,7,239
420562,420802,420808,6,240
420562,420806,420808,2,244
420562,420799,420809,10,237
420562,420806,420809,3,244
420562,420778,420808,30,216
420562,420805,420808,3,243
420562,420766,420809,43,204
420562,420801,420810,9,239
420562,420802,420809,7,240
420562,420803,420809,6,241
420565,420809,420811,2,244
420562,420799,420811,12,237
420562,420807,420811,4,245
420565,420810,420812,2,245
420565,420809,420812,3,244
420565,420809,420812,3,244
420565,420810,420811,1,245
420562,420807,420813,6,245
420562,420768,420812,44,206
420562,420808,420814,6,246
420565,420810,420814,4,245
420565,420809,420814,5,244
420562,420808,420814,6,246
420565,420810,420816,6,245
420562,420799,420815,16,237
420562,420808,420815,7,246
420565,420814,420828,14,249
420565,420814,420829,15,249
420565,420814,420831,17,249
420562,420765,420832,67,203
420565,420817,420834,17,252
420565,420829,420836,7,264
420565,420832,420838,6,267
420565,420831,420838,7,266
420565,420811,420839,28,246
420565,420834,420840,6,269
420565,420836,420841,5,271
420565,420839,420843,4,274
420565,420816,420845,29,251
420565,420814,420845,31,249
420565,420828,420846,18,263
420565,420840,420849,9,275
420565,420845,420850,5,280
420565,420845,420850,5,280
420565,420815,420852,37,250
420565,420844,420852,8,279
420565,420811,420852,41,246
420565,420817,420854,37,252
420565,420846,420854,8,281
420565,420841,420855,14,276
420565,420850,420855,5,285
420565,420838,420857,19,273
420565,420849,420858,9,284
420565,420850,420860,10,285
419779,419963,420862,899,184
420565,420852,420862,10,287
419753,419901,420864,963,148
420565,420852,420864,12,287
420565,420853,420864,11,288
420565,420838,420866,28,273
420565,420857,420867,10,292
420565,420854,420867,13,289
420565,420864,420868,4,299
420565,420864,420868,4,299
420565,420855,420869,14,290
420565,420865,420869,4,300
420565,420867,420869,2,302
420565,420867,420869,2,302
420565,420863,420869,6,298
420565,420866,420870,4,301
420565,420855,420870,15,290
420565,420868,420869,1,303
420565,420868,420871,3,303
420620,420869,420871,2,249
420565,420858,420871,13,293
420620,420870,420871,1,250
420620,420870,420872,2,250
420565,420860,420872,12,295
420620,420869,420872,3,249
420565,420862,420871,9,297
420620,420870,420872,2,250
420565,420854,420873,19,289
420620,420871,420872,1,251
420620,420871,420874,3,251
420565,420869,420874,5,304
420565,420869,420874,5,304
420620,420871,420878,7,251
420620,420878,420882,4,258
420620,420875,420884,9,255
420565,420813,420884,71,248
420620,420882,420886,4,262
420620,420872,420888,16,252
420565,420811,420888,77,246
420620,420884,420891,7,264
420565,420812,420893,81,247
420620,420888,420895,7,268
420620,420884,420895,11,264
419352,419643,420897,1254,291
420620,420888,420898,10,268
420620,420872,420900,28,252
420620,420887,420900,13,267
420620,420895,420903,8,275
420620,420873,420904,31,253
420620,420897,420904,7,277
420620,420872,420903,31,252
420620,420874,420905,31,254
420620,420891,420906,15,271
420620,420895,420907,12,275
420620,420893,420908,15,273
420620,420906,420909,3,286
420620,420908,420909,1,288
420620,420905,420910,5,285
420620,420898,420909,11,278
420620,420908,420911,3,288
420620,420900,420912,12,280
420620,420909,420912,3,289
420620,420910,420913,3,290
420620,420901,420914,13,281
420620,420903,420914,11,283
420620,420911,420915,4,291
420620,420912,420918,6,292
420565,420812,420919,107,247
420620,420904,420919,15,284
420620,420912,420919,7,292
420620,420910,420920,10,290
420620,420904,420919,15,284
420620,420904,420921,17,284
420620,420910,420920,10,290
420620,420913,420922,9,293
420620,420919,420923,4,299
420620,420921,420923,2,301
420620,420920,420923,3,300
420620,420920,420923,3,300
420620,420919,420923,4,299
420620,420921,420924,3,301
420620,420918,420923,5,298
420620,420922,420923,1,302
420620,420919,420925,6,299
420620,420923,420925,2,303
420620,420923,420927,4,303
420620,420915,420926,11,295
420620,420872,420928,56,252
420620,420914,420929,15,294
420620,420872,420931,59,252
420620,420914,420931,17,294
420692,420923,420932,9,231
420692,420923,420932,9,231
420692,420925,420933,8,233
420692,420924,420934,10,232
420692,420924,420934,10,232
420692,420925,420934,9,233
420692,420924,420934,10,232
420692,420927,420938,11,235
420692,420931,420944,13,239
420692,420934,420948,14,242
420692,420931,420949,18,239
420692,420929,420950,21,237
420692,420934,420952,18,242
420692,420934,420953,19,242
420620,420874,420952,78,254
420565,420812,420955,143,247
420692,420950,420956,6,258
420692,420935,420959,24,243
420692,420927,420959,32,235
420692,420953,420960,7,261
420692,420957,420962,5,265
420692,420952,420962,10,260
420692,420932,420963,31,240
420692,420959,420963,4,267
420692,420928,420964,36,236
420692,420932,420965,33,240
420692,420949,420966,17,257
420692,420955,420966,11,263
420692,420953,420967,14,261
420692,420960,420967,7,268
420692,420964,420967,3,272
420692,420948,420969,21,256
420692,420938,420969,31,246
420692,420966,420970,4,274
420692,420966,420970,4,274
420692,420933,420973,40,241
420692,420965,420973,8,273
420692,420967,420974,7,275
420692,420944,420974,30,252
420692,420963,420975,12,271
420692,420968,420977,9,276
420692,420967,420978,11,275
420692,420969,420978,9,277
420692,420969,420979,10,277
420692,420962,420979,17,270
420692,420970,420979,9,278
420692,420960,420980,20,268
420692,420972,420979,7,280
420692,420978,420981,3,286
420692,420978,420981,3,286
420692,420979,420981,2,287
420692,420973,420981,8,281
420692,420980,420982,2,288
420692,420979,420981,2,287
420692,420981,420983,2,289
420692,420981,420983,2,289
420692,420962,420983,21,270
420692,420981,420983,2,289
420714,420982,420984,2,268
420692,420974,420984,10,282
420692,420977,420984,7,285
420692,420980,420984,4,288
420714,420982,420984,2,268
420692,420979,420985,6,287
420692,420975,420984,9,283
420714,420984,420985,1,270
420714,420983,420985,2,269
420620,420873,420984,111,253
420714,420983,420986,3,269
420714,420983,420986,3,269
420714,420984,420985,1,270
420714,420984,420987,3,270
420692,420974,420989,15,282
420714,420987,420991,4,273
420692,420975,420991,16,283
420714,420986,420991,5,272
420714,420989,420994,5,275
420714,420991,420996,5,277
420714,420991,420996,5,277
420714,420991,420997,6,277
420714,420986,420998,12,272
420692,420963,421000,37,271
420714,420985,421000,15,271
420714,420994,421003,9,280
420714,420985,421003,18,271
420714,420996,421003,7,282
420714,420996,421003,7,282
420714,420984,421005,21,270
420714,420984,421005,21,270
420714,421000,421007,7,286
420714,421000,421009,9,286
420714,420984,421010,26,270
420714,420985,421011,26,271
420714,420998,421012,14,284
420714,421010,421013,3,296
420714,421011,421013,2,297
420714,421003,421013,10,289
420714,421013,421015,2,299
420714,421003,421015,12,289
420714,421013,421014,1,299
420714,421012,421015,3,298
420714,420998,421016,18,284
420714,421004,421018,14,290
420714,421007,421018,11,293
420714,421014,421019,5,300
420714,421015,421019,4,301
420620,420873,421020,147,253
420714,421009,421020,11,295
420714,421003,421020,17,289
420714,421015,421021,6,301
420714,421005,421022,17,291
420714,421005,421022,17,291
420714,421015,421022,7,301
420714,421015,421022,7,301
420714,421021,421024,3,307
420714,421022,421025,3,308
420714,421019,421024,5,305
420714,421023,421024,1,309
420714,421020,421026,6,306
420714,421020,421027,7,306
420714,421016,421029,13,302
420714,421018,421029,11,304
420714,421019,421029,10,305
420714,421020,421029,9,306
420714,421025,421030,5,311
420776,421026,421030,4,250
420714,421022,421030,8,308
420714,421018,421031,13,304
420714,421023,421031,8,309
420776,421026,421031,5,250
420776,421029,421032,3,253
420714,421024,421032,8,310
420776,421029,421032,3,253
420776,421027,421033,6,251
420776,421029,421032,3,253
420776,421030,421032,2,254
420565,420812,421035,223,247
420776,421030,421035,5,254
420714,420986,421036,50,272
420776,421035,421040,5,259
420776,421035,421040,5,259
420776,421036,421042,6,260
420776,421033,421044,11,257
420776,421033,421045,12,257
420776,421040,421047,7,264
420776,421040,421047,7,264
420776,421030,421049,19,254
420776,421042,421050,8,266
420714,420985,421054,69,271
420776,421049,421054,5,273
420776,421045,421054,9,269
420776,421050,421055,5,274
420776,421047,421057,10,271
420776,421031,421061,30,255
420776,421047,421062,15,271
420776,421054,421063,9,278
420776,421044,421064,20,268
420776,421054,421066,12,278
420776,421054,421066,12,278
420776,421031,421067,36,255
420776,421066,421068,2,290
420776,421066,421068,2,290
420776,421055,421069,14,279
420776,421067,421070,3,291
420776,421068,421071,3,292
420776,421064,421072,8,288
420776,421069,421074,5,293
420776,421063,421075,12,287
420776,421071,421076,5,295
420776,421072,421076,4,296
420776,421061,421076,15,285
420776,421074,421078,4,298
420776,421070,421078,8,294
420776,421057,421079,22,281
420776,421070,421080,10,294
420776,421075,421081,6,299
420776,421078,421082,4,302
420776,421078,421082,4,302
420776,421079,421082,3,303
420776,421081,421083,2,305
420776,421062,421083,21,286
420776,421082,421084,2,306
420776,421082,421085,3,306
420776,421033,421085,52,257
420776,421082,421084,2,306
420776,421083,421085,2,307
420776,421080,421084,4,304
420776,421076,421086,10,300
420776,421076,421086,10,300
420776,421084,421087,3,308
420862,421085,421088,3,223
420776,421077,421087,10,301
420862,421086,421087,1,224
420862,421085,421088,3,223
420862,421085,421089,4,223
420862,421085,421089,4,223
420862,421086,421089,3,224
420714,420985,421089,104,271
420862,421085,421089,4,223
420776,421032,421093,61,256
420776,421031,421094,63,255
420862,421087,421095,8,225
420776,421031,421101,70,255
420862,421088,421106,18,226
420862,421095,421108,13,233
420862,421101,421112,11,239
420862,421089,421116,27,227
420862,421112,421117,5,250
420862,421089,421121,32,227
420862,421116,421122,6,254
420776,421032,421122,90,256
420862,421117,421123,6,255
420862,421089,421125,36,227
420862,421107,421128,21,245
420862,421123,421130,7,261
420862,421108,421131,23,246
420862,421125,421132,7,263
420862,421122,421132,10,260
420862,421122,421133,11,260
420862,421121,421136,15,259
420862,421090,421138,48,228
420776,421032,421140,108,256
420862,421128,421141,13,266
420862,421132,421141,9,270
420862,421089,421143,54,227
420862,421132,421145,13,270
420862,421134,421147,13,272
420862,421143,421147,4,281
420862,421094,421148,54,232
420862,421089,421148,59,227
420862,421141,421149,8,279
420862,421130,421149,19,268
420862,421131,421149,18,269
420862,421145,421149,4,283
420862,421149,421152,3,287
420862,421149,421153,4,287
420862,421136,421153,17,274
420862,421147,421154,7,285
420862,421140,421154,14,278
420862,421152,421155,3,290
420862,421141,421156,15,279
420862,421138,421155,17,276
420862,421154,421157,3,292
420862,421090,421157,67,228
420862,421154,421157,3,292
420862,421154,421156,2,292
420862,421147,421158,11,285
420862,421148,421159,11,286
420862,421155,421159,4,293
420862,421149,421159,10,287
420862,421157,421159,2,295
420862,421148,421160,12,286
420862,421156,421161,5,294
420862,421149,421161,12,287
420862,421153,421162,9,291
420864,421159,421163,4,295
420864,421159,421163,4,295
420864,421159,421163,4,295
420864,421160,421163,3,296
420862,421156,421164,8,294
420864,421161,421164,3,297
420864,421159,421164,5,295
420862,421157,421164,7,295
420862,421157,421165,8,295
420862,421157,421165,8,295
420864,421162,421164,2,298
420862,421093,421167,74,231
420864,421162,421168,6,298
420864,421163,421178,15,299
420864,421165,421181,16,301
420864,421178,421187,9,314
420864,421181,421189,8,317
420862,421090,421189,99,228
420864,421163,421191,28,299
420864,421165,421200,35,301
420864,421189,421201,12,325
420864,421191,421203,12,327
420864,421165,421205,40,301
420864,421187,421205,18,323
420864,421168,421206,38,304
420864,421189,421209,20,325
420864,421169,421209,40,305
420864,421206,421212,6,342
420864,421206,421214,8,342
420864,421200,421217,17,336
420864,421203,421216,13,339
420864,421201,421218,17,337
420864,421205,421218,13,341
420864,421164,421220,56,300
420864,421209,421222,13,345
420864,421163,421222,59,299
420864,421209,421223,14,345
420864,421212,421224,12,348
420864,421220,421224,4,356
420864,421222,421225,3,358
420864,421215,421227,12,351
420864,421223,421227,4,359
420864,421224,421229,5,360
420864,421217,421230,13,353
420864,421227,421231,4,363
420864,421229,421230,1,365
420864,421223,421232,9,359
420864,421230,421232,2,366
419895,420026,421233,1207,131
420864,421217,421233,16,353
420864,421224,421233,9,360
420864,421232,421234,2,368
420864,421225,421234,9,361
420864,421231,421234,3,367
420864,421232,421234,2,368
420864,421164,421233,69,300
420864,421218,421233,15,354
420864,421233,421235,2,369
420864,421233,421235,2,369
420864,421233,421236,3,369
420864,421227,421235,8,363
420864,421234,421236,2,370
420864,421232,421235,3,368
420864,421234,421236,2,370
420864,421218,421237,19,354
420897,421235,421237,2,338
420864,421234,421236,2,370
420897,421235,421236,1,338
420864,421234,421238,4,370
420864,421235,421238,3,371
420897,421236,421239,3,339
420864,421164,421239,75,300
420897,421236,421239,3,339
420897,421236,421240,4,339
420897,421236,421239,3,339
420897,421236,421239,3,339
420897,421237,421246,9,340
420864,421164,421247,83,300
420897,421240,421254,14,343
420897,421247,421260,13,350
420897,421240,421261,21,343
420864,421163,421262,99,299
420897,421247,421264,17,350
420897,421254,421264,10,357
420897,421237,421266,29,340
420897,421262,421270,8,365
420897,421239,421274,35,342
420897,421239,421274,35,342
420897,421264,421279,15,367
420897,421261,421279,18,364
420897,421240,421281,41,343
420897,421270,421281,11,373
420897,421266,421283,17,369
420897,421274,421283,9,377
420897,421274,421284,10,377
420897,421260,421284,24,363
420897,421284,421287,3,387
420897,421284,421290,6,387
420897,421287,421290,3,390
420897,421290,421292,2,393
420897,421290,421293,3,393
420897,421264,421293,29,367
420897,421292,421294,2,395
420897,421239,421294,55,342
420897,421293,421295,2,396
420897,421293,421296,3,396
420897,421279,421296,17,382
420897,421281,421296,15,384
420897,421283,421297,14,386
420897,421283,421297,14,386
420897,421238,421298,60,341
420897,421294,421298,4,397
420897,421298,421301,3,401
420897,421279,421301,22,382
420897,421298,421301,3,401
420897,421281,421301,20,384
420897,421295,421302,7,398
420897,421294,421302,8,397
420897,421297,421302,5,400
420897,421296,421304,8,399
420897,421301,421304,3,404
420897,421302,421304,2,405
420897,421301,421305,4,404
420897,421302,421305,3,405
420897,421296,421304,8,399
420897,421301,421304,3,404
420897,421296,421305,9,399
420897,421304,421306,2,407
420897,421302,421306,4,405
420897,421304,421306,2,407
420897,421302,421306,4,405
421233,421305,421307,2,72
420897,421297,421307,10,400
420897,421238,421307,69,341
421233,421305,421307,2,72
421233,421305,421308,3,72
421233,421306,421308,2,73
421233,421305,421309,4,72
421233,421306,421308,2,73
421233,421306,421308,2,73
421233,421306,421315,9,73
419931,420108,421323,1215,177
421233,421306,421326,20,73
421233,421307,421330,23,74
421233,421308,421337,29,75
421233,421326,421338,12,93
421233,421307,421338,31,74
421233,421308,421338,30,75
421233,421307,421339,32,74
421233,421330,421341,11,97
421233,421338,421343,5,105
421233,421339,421343,4,106
420897,421238,421346,108,341
421233,421323,421346,23,90
421233,421341,421346,5,108
421233,421309,421346,37,76
421233,421309,421348,39,76
420897,421238,421348,110,341
421233,421338,421350,12,105
421233,421337,421351,14,104
421233,421343,421351,8,110
421233,421338,421352,14,105
421233,421343,421352,9,110
421233,421346,421356,10,113
421233,421346,421360,14,113
421233,421348,421361,13,115
421233,421346,421361,15,113
421233,421356,421362,6,123
421233,421348,421361,13,115
421233,421348,421363,15,115
421233,421361,421364,3,128
421233,421361,421364,3,128
421233,421352,421365,13,119
421233,421352,421365,13,119
421233,421351,421365,14,118
421233,421351,421365,14,118
421233,421350,421366,16,117
421233,421361,421367,6,128
421233,421365,421368,3,132
421233,421362,421368,6,129
421233,421365,421367,2,132
421233,421365,421370,5,132
421233,421362,421370,8,129
421233,421368,421370,2,135
421233,421364,421371,7,131
421233,421368,421371,3,135
421233,421367,421371,4,134
421233,421309,421371,62,76
419949,420204,421371,1167,255
421233,421369,421372,3,136
421233,421365,421371,6,132
421233,421366,421372,6,133
421233,421364,421372,8,131
421233,421364,421371,7,131
421233,421371,421373,2,138
421233,421370,421373,3,137
421323,421372,421374,2,49
421323,421371,421374,3,48
421323,421372,421374,2,49
421233,421370,421374,4,137
421233,421370,421373,3,137
421233,421371,421373,2,138
421323,421372,421375,3,49
421323,421372,421375,3,49
421323,421372,421374,2,49
421323,421372,421375,3,49
421233,421315,421383,68,82
421323,421373,421384,11,50
421233,421309,421390,81,76
421323,421384,421398,14,61
421323,421374,421398,24,51
421323,421374,421401,27,51
421323,421390,421402,12,67
421323,421374,421404,30,51
421323,421374,421405,31,51
421323,421375,421407,32,52
421323,421398,421411,13,75
421323,421402,421412,10,79
421323,421398,421412,14,75
421323,421406,421413,7,83
421323,421407,421414,7,84
421323,421402,421414,12,79
421323,421404,421417,13,81
421323,421383,421420,37,60
421323,421374,421425,51,51
421323,421411,421425,14,88
421323,421375,421428,53,52
421323,421414,421431,17,91
421323,421412,421432,20,89
421323,421417,421433,16,94
421323,421414,421433,19,91
421323,421413,421434,21,90
421323,421373,421434,61,50
421323,421432,421435,3,109
421323,421412,421434,22,89
421323,421375,421436,61,52
421323,421425,421438,13,102
421323,421374,421439,65,51
421323,421433,421439,6,110
421323,421433,421440,7,110
421323,421420,421439,19,97
421323,421425,421440,15,102
421323,421434,421441,7,111
421323,421440,421442,2,117
421323,421431,421442,11,108
421323,421435,421443,8,112
421323,421428,421444,16,105
420022,420294,421444,1150,272
421323,421434,421443,9,111
421323,421435,421444,9,112
421323,421436,421446,10,113
421323,421440,421446,6,117
421323,421438,421446,8,115
421323,421439,421445,6,116
421323,421439,421447,8,116
421323,421445,421447,2,122
421323,421440,421448,8,117
421323,421441,421448,7,118
421323,421446,421448,2,123
421372,421447,421450,3,75
421323,421444,421452,8,121
421323,421444,421453,9,121
421323,421442,421453,11,119
421372,421447,421454,7,75
421323,421444,421454,10,121
421372,421450,421454,4,78
421372,421448,421454,6,76
421372,421448,421454,6,76
421372,421446,421453,7,74
421323,421445,421455,10,122
421323,421442,421454,12,119
421372,421446,421455,9,74
421372,421450,421461,11,78
421372,421454,421465,11,82
421372,421454,421468,14,82
421323,421376,421469,93,53
421372,421456,421471,15,84
421372,421461,421473,12,89
421372,421454,421476,22,82
421372,421454,421477,23,82
421372,421454,421480,26,82
421372,421465,421481,16,93
421372,421476,421481,5,104
421372,421477,421485,8,105
421372,421452,421487,35,80
421372,421480,421486,6,108
421372,421473,421486,13,101
421372,421455,421488,33,83
421372,421455,421491,36,83
421372,421481,421493,12,109
421372,421453,421493,40,81
420365,420593,421497,904,228
421372,421485,421500,15,113
421372,421468,421500,32,96
421372,421491,421501,10,119
421372,421487,421501,14,115
421372,421500,421504,4,128
421372,421488,421504,16,116
421372,421493,421504,11,121
421372,421487,421504,17,115
421372,421487,421505,18,115
421372,421501,421505,4,129
421372,421494,421507,13,122
421372,421482,421508,26,110
421372,421502,421508,6,130
421372,421500,421509,9,128
421372,421471,421508,37,99
421372,421497,421508,11,125
421372,421508,421511,3,136
421372,421504,421512,8,132
421372,421509,421512,3,137
421372,421504,421512,8,132
421372,421504,421512,8,132
421372,421505,421513,8,133
421372,421505,421513,8,133
421372,421508,421513,5,136
421372,421509,421514,5,137
421372,421507,421514,7,135
421372,421504,421514,10,132
421372,421509,421514,5,137
421372,421513,421514,1,141
421372,421513,421515,2,141
421372,421512,421516,4,140
421372,421511,421517,6,139
421372,421470,421518,48,98
421372,421454,421518,64,82
421444,421516,421519,3,72
421444,421517,421520,3,73
421444,421515,421521,6,71
421444,421514,421521,7,70
421444,421516,421520,4,72
421444,421517,421521,4,73
421372,421514,421521,7,142
421372,421512,421522,10,140
421444,421516,421521,5,72
421372,421512,421523,11,140
421372,421512,421523,11,140
421444,421518,421527,9,74
421444,421522,421533,11,78
421444,421522,421535,13,78
421444,421523,421535,12,79
421444,421518,421541,23,74
421444,421527,421549,22,83
421444,421535,421553,18,91
421444,421533,421554,21,89
421372,421453,421556,103,81
421444,421521,421558,37,77
421444,421553,421558,5,109
421444,421556,421561,5,112
421444,421521,421561,40,77
421444,421554,421563,9,110
421444,421523,421563,40,79
421444,421558,421564,6,114
421444,421521,421565,44,77
421444,421549,421566,17,105
421444,421535,421565,30,91
421444,421521,421568,47,77
421444,421541,421574,33,97
421444,421521,421574,53,77
421444,421558,421576,18,114
421444,421564,421576,12,120
421444,421563,421578,15,119
421444,421563,421578,15,119
421444,421574,421578,4,130
421444,421574,421577,3,130
421444,421566,421579,13,122
421444,421565,421579,14,121
421444,421563,421579,16,119
421444,421566,421580,14,122
421444,421568,421581,13,124
421444,421576,421581,5,132
421444,421561,421583,22,117
421444,421576,421583,7,132
421444,421578,421584,6,134
421444,421581,421585,4,137
421444,421581,421585,4,137
421444,421578,421585,7,134
421444,421519,421586,67,75
421444,421579,421586,7,135
421444,421578,421586,8,134
421444,421578,421586,8,134
421444,421583,421588,5,139
421444,421583,421588,5,139
421444,421579,421588,9,135
421444,421580,421588,8,136
421444,421579,421589,10,135
421444,421587,421590,3,143
421498,421588,421590,2,90
421444,421585,421590,5,141
421444,421586,421590,4,142
421444,421587,421591,4,143
421444,421585,421591,6,141
421498,421588,421590,2,90
421498,421589,421592,3,91
421444,421584,421592,8,140
421498,421590,421592,2,92
421444,421586,421592,6,142
421444,421585,421591,6,141
421498,421590,421593,3,92
421498,421590,421593,3,92
421498,421590,421592,2,92
421498,421593,421599,6,95
421498,421590,421599,9,92
420131,420369,421599,1230,238
421498,421593,421609,16,95
421444,421520,421610,90,76
420199,420437,421611,1174,238
421498,421611,421616,5,113
421498,421610,421618,8,112
420368,420651,421620,969,283
421498,421616,421623,7,118
421498,421592,421625,33,94
421498,421591,421624,33,93
421498,421609,421625,16,111
421498,421600,421627,27,102
421498,421592,421628,36,94
421498,421600,421629,29,102
421498,421621,421630,9,123
421498,421618,421633,15,120
421498,421599,421634,35,101
421498,421623,421635,12,125
421498,421625,421636,11,127
421498,421625,421639,14,127
421498,421627,421640,13,129
421498,421626,421639,13,128
421498,421628,421641,13,130
421498,421592,421642,50,94
421498,421592,421641,49,94
421498,421633,421643,10,135
421498,421634,421643,9,136
421498,421629,421643,14,131
421498,421639,421645,6,141
421498,421640,421645,5,142
421498,421594,421646,52,96
421498,421636,421647,11,138
421498,421635,421648,13,137
421498,421631,421648,17,133
421498,421641,421649,8,143
421498,421647,421649,2,149
421498,421646,421648,2,148
421498,421645,421649,4,147
421498,421648,421651,3,150
421498,421643,421651,8,145
421498,421645,421652,7,147
421498,421643,421652,9,145
421498,421643,421652,9,145
421498,421648,421653,5,150
421498,421651,421653,2,153
421498,421651,421653,2,153
421498,421650,421653,3,152
421498,421649,421655,6,151
421498,421649,421655,6,151
421498,421649,421655,6,151
421498,421642,421656,14,144
421498,421652,421656,4,154
421498,421652,421656,4,154
421498,421642,421657,15,144
421498,421652,421657,5,154
421498,421641,421656,15,143
421601,421653,421658,5,52
421601,421655,421658,3,54
421601,421655,421659,4,54
421601,421655,421659,4,54
421601,421653,421659,6,52
421601,421656,421658,2,55
421601,421656,421659,3,55
421498,421592,421666,74,94
421601,421656,421666,10,55
421601,421666,421675,9,65
421601,421657,421677,20,56
421601,421660,421679,19,59
421601,421666,421682,16,65
421498,421591,421682,91,93
421601,421658,421683,25,57
421601,421657,421684,27,56
421601,421659,421685,26,58
421601,421659,421685,26,58
421601,421677,421690,13,76
421601,421679,421690,11,78
421601,421684,421690,6,83
421601,421675,421693,18,74
421601,421685,421694,9,84
421601,421659,421696,37,58
421601,421683,421701,18,82
421601,421657,421702,45,56
421601,421682,421705,23,81
421601,421685,421706,21,84
421601,421657,421706,49,56
421498,421591,421705,114,93
421601,421659,421708,49,58
421601,421690,421709,19,89
421601,421696,421709,13,95
421601,421706,421709,3,105
421601,421708,421711,3,107
421601,421706,421711,5,105
421601,421694,421711,17,93
421601,421690,421712,22,89
421601,421701,421713,12,100
421601,421709,421713,4,108
421601,421702,421713,11,101
421601,421709,421714,5,108
421601,421682,421716,34,81
421601,421690,421716,26,89
421601,421693,421716,23,92
421601,421714,421716,2,113
421601,421709,421716,7,108
421601,421711,421718,7,110
421601,421716,421718,2,115
421601,421716,421719,3,115
421601,421717,421719,2,116
421601,421716,421719,3,115
421601,421716,421719,3,115
421601,421716,421720,4,115
421601,421711,421720,9,110
421601,421712,421720,8,111
421601,421713,421721,8,112
421601,421713,421721,8,112
421601,421711,421721,10,110
421601,421659,421722,63,58
421601,421706,421722,16,105
421601,421718,421721,3,117
421613,421720,421722,2,107
421601,421718,421722,4,117
421613,421721,421723,2,108
421613,421721,421723,2,108
421601,421719,421723,4,118
421613,421721,421724,3,108
421613,421720,421724,4,107
421613,421720,421723,3,107
421601,421719,421725,6,118
421601,421719,421724,5,118
421613,421722,421724,2,109
421601,421705,421728,23,104
421613,421722,421731,9,109
420319,420518,421733,1215,199
421613,421724,421737,13,111
421613,421725,421738,13,112
421613,421725,421741,16,112
421613,421725,421741,16,112
421613,421731,421747,16,118
421613,421733,421748,15,120
421613,421728,421750,22,115
421613,421723,421751,28,110
421613,421737,421751,14,124
421613,421723,421751,28,110
421613,421747,421756,9,134
421613,421748,421760,12,135
421613,421750,421763,13,137
421613,421751,421764,13,138
421613,421741,421765,24,128
421613,421751,421770,19,138
421613,421765,421772,7,152
421613,421770,421773,3,157
421613,421724,421774,50,111
421613,421752,421774,22,139
421613,421738,421774,36,125
421613,421722,421776,54,109
421613,421764,421776,12,151
421613,421722,421776,54,109
421613,421763,421778,15,150
421613,421772,421778,6,159
421613,421774,421780,6,161
421613,421773,421780,7,160
421613,421774,421780,6,161
421613,421776,421780,4,163
421613,421774,421781,7,161
421613,421776,421784,8,163
421613,421777,421786,9,164
421613,421778,421786,8,165
421613,421778,421787,9,165
421613,421781,421789,8,168
421613,421760,421789,29,147
421613,421756,421789,33,143
421613,421786,421790,4,173
421613,421787,421790,3,174
421613,421789,421791,2,176
421613,421782,421791,9,169
421613,421784,421792,8,171
421613,421790,421792,2,177
421613,421789,421793,4,176
421613,421790,421793,3,177
421622,421792,421794,2,170
421613,421791,421794,3,178
421613,421741,421794,53,128
421613,421789,421794,5,176
421622,421792,421794,2,170
421622,421793,421795,2,171
421613,421780,421794,14,167
421613,421786,421794,8,173
421613,421780,421794,14,167
421622,421793,421794,1,171
421613,421780,421795,15,167
421622,421794,421795,1,172
421622,421794,421795,1,172
421622,421794,421797,3,172
421622,421797,421811,14,175
421622,421794,421812,18,172
421622,421796,421812,16,174
421622,421796,421814,18,174
421622,421796,421817,21,174
421622,421795,421821,26,173
421622,421795,421821,26,173
421622,421794,421828,34,172
421622,421821,421830,9,199
421622,421814,421832,18,192
421622,421821,421834,13,199
421622,421828,421836,8,206
421622,421797,421837,40,175
421622,421817,421838,21,195
421622,421795,421839,44,173
421622,421832,421842,10,210
421622,421834,421844,10,212
421622,421830,421846,16,208
421622,421837,421846,9,215
421622,421838,421847,9,216
421622,421836,421848,12,214
421622,421839,421849,10,217
421622,421795,421851,56,173
421622,421812,421854,42,190
421622,421843,421854,11,221
421622,421844,421855,11,222
421622,421848,421859,11,226
421622,421847,421859,12,225
421622,421854,421862,8,232
421622,421854,421863,9,232
421622,421811,421863,52,189
421622,421851,421864,13,229
421622,421812,421865,53,190
421622,421849,421865,16,227
421622,421846,421865,19,224
421622,421855,421866,11,233
421622,421865,421866,1,243
421622,421865,421868,3,243
421622,421865,421868,3,243
421622,421846,421868,22,224
421622,421866,421869,3,244
421622,421863,421870,7,241
421613,421724,421869,145,111
421622,421864,421870,6,242
421622,421859,421872,13,237
420693,420981,421872,891,288
421622,421867,421872,5,245
421622,421869,421873,4,247
421622,421863,421872,9,241
421622,421870,421874,4,248
421622,421870,421873,3,248
421622,421870,421875,5,248
421622,421872,421874,2,250
421622,421872,421875,3,250
421734,421873,421876,3,139
421734,421874,421876,2,140
421622,421868,421875,7,246
421734,421874,421876,2,140
421734,421874,421875,1,140
421622,421868,421875,7,246
421622,421868,421877,9,246
421734,421875,421876,1,141
421734,421875,421878,3,141
421622,421859,421877,18,237
421734,421875,421877,2,141
421622,421862,421878,16,240
421734,421876,421887,11,142
421734,421879,421891,12,145
420434,420701,421892,1191,267
421734,421878,421903,25,144
421734,421903,421911,8,169
421734,421892,421912,20,158
421734,421891,421913,22,157
421734,421876,421913,37,142
421613,421724,421914,190,111
421734,421887,421914,27,153
421734,421876,421915,39,142
421613,421724,421916,192,111
421734,421878,421917,39,144
421734,421911,421918,7,177
421734,421914,421925,11,180
421734,421912,421926,14,178
421734,421915,421926,11,181
421734,421876,421926,50,142
421734,421916,421929,13,182
421734,421917,421929,12,183
421734,421913,421930,17,179
421734,421876,421931,55,142
421734,421929,421932,3,195
421734,421930,421934,4,196
421734,421914,421934,20,180
421734,421929,421935,6,195
421734,421918,421937,19,184
421734,421914,421937,23,180
421734,421934,421938,4,200
421734,421932,421938,6,198
421734,421931,421938,7,197
421734,421876,421939,63,142
421734,421934,421939,5,200
421734,421926,421939,13,192
421734,421935,421940,5,201
421734,421940,421942,2,206
421734,421940,421943,3,206
421734,421939,421943,4,205
421734,421937,421944,7,203
421734,421937,421944,7,203
421734,421925,421945,20,191
421734,421943,421945,2,209
421734,421938,421945,7,204
421734,421943,421946,3,209
421734,421926,421946,20,192
421734,421945,421947,2,211
421734,421943,421947,4,209
421734,421939,421948,9,205
421734,421938,421948,10,204
421734,421938,421948,10,204
421734,421945,421948,3,211
421734,421946,421948,2,212
421734,421944,421947,3,210
421734,421945,421948,3,211
421734,421946,421948,2,212
421734,421944,421948,4,210
421873,421948,421950,2,75
421873,421948,421950,2,75
421873,421947,421950,3,74
421873,421948,421950,2,75
421873,421948,421950,2,75
421873,421948,421951,3,75
421873,421948,421950,2,75
421734,421926,421955,29,192
421873,421949,421956,7,76
421734,421878,421958,80,144
421873,421958,421961,3,85
421873,421950,421962,12,77
421873,421956,421964,8,83
420715,421026,421966,940,311
421873,421950,421967,17,77
421873,421955,421967,12,82
421873,421949,421968,19,76
421873,421961,421971,10,88
421873,421949,421975,26,76
421873,421962,421975,13,89
421873,421950,421975,25,77
421873,421950,421976,26,77
421873,421964,421978,14,91
421873,421967,421978,11,94
421873,421968,421979,11,95
421734,421878,421978,100,144
421873,421951,421980,29,78
421873,421971,421982,11,98
421873,421967,421983,16,94
421873,421975,421985,10,102
421873,421975,421986,11,102
421873,421950,421986,36,77
421873,421976,421987,11,103
421873,421975,421987,12,102
421873,421979,421988,9,106
421873,421979,421990,11,106
421873,421978,421990,12,105
421873,421982,421991,9,109
421873,421981,421992,11,108
421873,421966,421992,26,93
421873,421978,421992,14,105
421873,421986,421995,9,113
421873,421985,421996,11,112
421873,421987,421996,9,114
421873,421986,421996,10,113
421873,421995,421996,1,122
421873,421988,421998,10,115
421873,421993,421998,5,120
421873,421988,421998,10,115
421873,421996,421998,2,123
421873,421983,421998,15,110
421873,421992,421999,7,119
421873,421996,421998,2,123
421873,421990,422000,10,117
421734,421877,422000,123,143
421873,421991,422000,9,118
420484,420759,422001,1242,275
421873,421996,422001,5,123
421873,422000,422002,2,127
421892,422000,422002,2,108
421892,422001,422003,2,109
421873,421992,422003,11,119
421873,421990,422002,12,117
421873,421997,422003,6,124
421873,421998,422003,5,125
421873,421999,422002,3,126
421892,422001,422003,2,109
421873,421998,422005,7,125
421873,421998,422005,7,125
421892,422002,422006,4,110
421873,421999,422006,7,126
421873,421998,422006,8,125
421892,422002,422005,3,110
421873,421999,422006,7,126
421892,422003,422007,4,111
421892,422003,422007,4,111
421873,421951,422015,64,78
420563,420808,422016,1208,245
421892,422003,422018,15,111
421892,422016,422025,9,124
421892,422003,422026,23,111
421892,422003,422026,23,111
421892,422009,422028,19,117
421892,422006,422028,22,114
421892,422006,422029,23,114
421892,422016,422030,14,124
421892,422026,422033,7,134
421892,422018,422034,16,126
421892,422027,422035,8,135
421892,422029,422039,10,137
421892,422029,422039,10,137
421892,422029,422039,10,137
421892,422026,422042,16,134
421892,422033,422043,10,141
421892,422006,422045,39,114
421892,422030,422046,16,138
420565,420869,422046,1177,304
421892,422035,422047,12,143
421892,422034,422048,14,142
421892,422039,422050,11,147
421892,422039,422054,15,147
421892,422046,422055,9,154
421892,422046,422057,11,154
421892,422042,422057,15,150
421892,422039,422057,18,147
421892,422044,422059,15,152
421892,422047,422058,11,155
421892,422048,422060,12,156
421892,422006,422060,54,114
421892,422008,422062,54,116
421892,422059,422062,3,167
421892,422060,422063,3,168
421892,422047,422062,15,155
421892,422059,422064,5,167
421892,422050,422064,14,158
421892,422058,422065,7,166
421892,422060,422065,5,168
421892,422057,422067,10,165
421892,422054,422067,13,162
421892,422005,422068,63,113
421892,422062,422069,7,170
421892,422067,422070,3,175
421892,422004,422070,66,112
421966,422069,422071,2,103
421892,422064,422072,8,172
421892,422063,422072,9,171
421892,422064,422072,8,172
421892,422062,422072,10,170
421892,422065,422072,7,173
421892,422063,422072,9,171
421892,422065,422072,7,173
421892,422067,422072,5,175
421966,422070,422074,4,104
421966,422072,422073,1,106
421966,422072,422075,3,106
421966,422072,422075,3,106
421966,422070,422075,5,104
421966,422071,422075,4,105
421892,422055,422076,21,163
421892,422057,422078,21,165
421966,422074,422087,13,108
421966,422072,422088,16,106
421966,422075,422090,15,109
421966,422075,422090,15,109
421966,422075,422094,19,109
421966,422074,422096,22,108
421966,422075,422100,25,109
421966,422096,422106,10,130
421966,422076,422107,31,110
421966,422090,422112,22,124
421966,422094,422112,18,128
421966,422101,422113,12,135
421966,422072,422113,41,106
421966,422073,422114,41,107
420622,420923,422115,1192,301
421966,422106,422118,12,140
421966,422078,422118,40,112
421966,422107,422120,13,141
421892,422007,422122,115,115
421966,422113,422122,9,147
421966,422112,422122,10,146
421966,422113,422124,11,147
421966,422114,422124,10,148
421966,422112,422125,13,146
421892,422004,422125,121,112
421966,422090,422126,36,124
421966,422115,422127,12,149
421966,422118,422129,11,152
421966,422073,422129,56,107
421966,422118,422131,13,152
421892,422005,422133,128,113
421966,422124,422134,10,158
421966,422123,422135,12,157
421966,422120,422135,15,154
421966,422125,422136,11,159
421966,422131,422136,5,165
421966,422134,422135,1,168
421966,422135,422137,2,169
421966,422125,422137,12,159
421966,422127,422137,10,161
421966,422133,422136,3,167
421966,422087,422137,50,121
421966,422124,422138,14,158
421966,422122,422138,16,156
421966,422129,422137,8,163
421966,422136,422138,2,170
421966,422126,422138,12,160
421966,422129,422139,10,163
421966,422135,422140,5,169
422005,422138,422140,2,133
421966,422136,422139,3,170
421966,422122,422140,18,156
421966,422137,422141,4,171
422005,422138,422141,3,133
422005,422139,422142,3,134
421966,422136,422142,6,170
421966,422138,422142,4,172
422005,422140,422142,2,135
422005,422140,422141,1,135
421966,422138,422143,5,172
421966,422137,422144,7,171
421966,422137,422143,6,171
422005,422140,422144,4,135
421966,422137,422144,7,171
422005,422140,422145,5,135
421966,422137,422145,8,171
421966,422073,422148,75,107
421966,422088,422149,61,122
422005,422141,422152,11,136
422005,422145,422160,15,140
422005,422149,422164,15,144
422005,422152,422167,15,147
422005,422145,422169,24,140
422005,422149,422170,21,144
422005,422144,422172,28,139
422005,422141,422175,34,136
422005,422144,422175,31,139
422005,422167,422177,10,162
422005,422170,422179,9,165
422005,422145,422180,35,140
422005,422169,422180,11,164
422005,422172,422182,10,167
422005,422175,422187,12,170
422005,422177,422188,11,172
422005,422164,422189,25,159
422005,422183,422189,6,178
422005,422180,422189,9,175
422005,422179,422190,11,174
422005,422175,422191,16,170
422005,422180,422191,11,175
422005,422189,422191,2,184
422005,422187,422193,6,182
422005,422189,422194,5,184
422005,422190,422194,4,185
422005,422189,422195,6,184
422005,422160,422196,36,155
422005,422196,422199,3,191
422005,422190,422199,9,185
422005,422142,422201,59,137
422005,422199,422202,3,194
422005,422191,422203,12,186
422005,422193,422203,10,188
422005,422195,422204,9,190
422005,422200,422204,4,195
422005,422191,422204,13,186
422005,422191,422205,14,186
422005,422144,422206,62,139
422005,422201,422206,5,196
422005,422194,422210,16,189
422005,422204,422210,6,199
422005,422203,422210,7,198
422005,422205,422210,5,200
422005,422202,422211,9,197
422005,422206,422212,6,201
422023,422210,422213,3,187
422005,422203,422213,10,198
422005,422205,422213,8,200
422005,422206,422213,7,201
422023,422210,422213,3,187
422005,422204,422212,8,199
422023,422211,422214,3,188
422005,422210,422214,4,205
422023,422212,422215,3,189
422023,422213,422215,2,190
422005,422194,422215,21,189
422023,422213,422215,2,190
422023,422213,422215,2,190
422005,422143,422221,78,138
422023,422213,422225,12,190
422023,422215,422234,19,192
422023,422216,422235,19,193
422023,422214,422239,25,191
422023,422215,422243,28,192
420776,421084,422243,1159,308
422023,422239,422255,16,216
422023,422236,422257,21,213
422023,422213,422258,45,190
422023,422243,422262,19,220
422005,422142,422269,127,137
422023,422215,422274,59,192
422023,422213,422274,61,190
422023,422262,422276,14,239
422005,422143,422279,136,138
422023,422269,422279,10,246
422023,422258,422282,24,235
422023,422221,422283,62,198
422023,422274,422283,9,251
422023,422274,422285,11,251
422023,422279,422289,10,256
422023,422215,422290,75,192
422023,422276,422290,14,253
422023,422285,422290,5,262
422023,422279,422292,13,256
422023,422289,422292,3,266
422023,422243,422291,48,220
422023,422290,422294,4,267
422023,422285,422294,9,262
422023,422290,422294,4,267
422023,422283,422296,13,260
422023,422282,422296,14,259
422023,422290,422298,8,267
422023,422215,422299,84,192
422023,422299,422301,2,276
422023,422234,422302,68,211
422023,422298,422303,5,275
422023,422301,422304,3,278
422023,422296,422305,9,273
422023,422292,422306,14,269
422023,422292,422305,13,269
422023,422294,422306,12,271
422023,422294,422306,12,271
422023,422296,422307,11,273
422023,422292,422308,16,269
422023,422294,422307,13,271
422023,422302,422307,5,279
420862,421159,422310,1151,297
422023,422304,422311,7,281
422023,422303,422311,8,280
422048,422310,422312,2,262
422005,422142,422312,170,137
422048,422311,422313,2,263
422005,422142,422314,172,137
422023,422305,422314,9,282
422023,422307,422314,7,284
422023,422307,422313,6,284
422023,422308,422315,7,285
422023,422306,422315,9,283
422048,422311,422315,4,263
422048,422312,422316,4,264
422048,422312,422316,4,264
422023,422308,422316,8,285
422048,422313,422315,2,265
422023,422306,422315,9,283
422048,422314,422317,3,266
422023,422306,422317,11,283
422048,422314,422323,9,266
422048,422318,422324,6,270
422023,422225,422327,102,202
422048,422317,422328,11,269
422048,422324,422329,5,276
422048,422324,422332,8,276
422048,422314,422335,21,266
422023,422255,422336,81,232
422048,422336,422347,11,288
422048,422316,422348,32,268
422048,422335,422352,17,287
422048,422314,422352,38,266
422048,422315,422356,41,267
422048,422348,422359,11,300
422048,422347,422360,13,299
422048,422327,422359,32,279
422048,422352,422363,11,304
422048,422329,422363,34,281
422048,422352,422364,12,304
422048,422328,422364,36,280
422048,422316,422365,49,268
422048,422356,422368,12,308
422048,422315,422371,56,267
422048,422359,422372,13,311
422048,422364,422372,8,316
422048,422366,422372,6,318
422048,422360,422372,12,312
422048,422364,422373,9,316
422023,422257,422372,115,234
422048,422361,422372,11,313
422048,422332,422373,41,284
422048,422364,422374,10,316
422048,422368,422376,8,320
422048,422374,422376,2,326
422048,422364,422378,14,316
422048,422376,422377,1,328
422048,422376,422379,3,328
422048,422374,422381,7,326
422048,422372,422381,9,324
422048,422372,422382,10,324
422048,422372,422383,11,324
422048,422373,422384,11,325
422048,422373,422384,11,325
422048,422373,422384,11,325
422048,422378,422384,6,330
422048,422372,422384,12,324
422048,422378,422386,8,330
422048,422315,422386,71,267
422048,422371,422387,16,323
422048,422381,422388,7,333
422048,422384,422387,3,336
422115,422385,422388,3,270
422048,422379,422389,10,331
422115,422386,422389,3,271
422115,422386,422388,2,271
422115,422387,422390,3,272
422048,422381,422390,9,333
422115,422388,422391,3,273
422048,422382,422391,9,334
422115,422388,422392,4,273
422115,422388,422392,4,273
422048,422383,422392,9,335
422048,422384,422392,8,336
422048,422384,422394,10,336
422115,422389,422399,10,274
422115,422394,422400,6,279
422048,422316,422405,89,268
422115,422399,422406,7,284
422115,422400,422409,9,285
422115,422405,422414,9,290
422115,422389,422417,28,274
422115,422389,422419,30,274
422115,422406,422423,17,291
422115,422417,422427,10,302
422115,422419,422429,10,304
422115,422393,422429,36,278
422115,422392,422437,45,277
422115,422429,422437,8,314
422115,422414,422437,23,299
422115,422423,422438,15,308
422115,422427,422440,13,312
422048,422316,422440,124,268
422115,422429,422442,13,314
422115,422392,422442,50,277
422115,422392,422448,56,277
422115,422442,422449,7,327
422115,422440,422449,9,325
422115,422437,422449,12,322
422115,422437,422449,12,322
422115,422440,422450,10,325
422115,422437,422450,13,322
422115,422438,422452,14,323
422115,422442,422452,10,327
422115,422448,422455,7,333
422115,422449,422455,6,334
422115,422390,422457,67,275
422115,422449,422458,9,334
422115,422449,422459,10,334
422115,422450,422459,9,335
422115,422450,422460,10,335
422115,422450,422460,10,335
422115,422410,422462,52,295
422115,422458,422462,4,343
422115,422452,422462,10,337
422115,422459,422462,3,344
422115,422452,422464,12,337
422115,422459,422463,4,344
422115,422457,422464,7,342
422115,422455,422467,12,340
422115,422455,422468,13,340
422115,422462,422469,7,347
422115,422460,422469,9,345
422115,422462,422471,9,347
422244,422469,422472,3,225
422115,422390,422472,82,275
422244,422470,422473,3,226
422115,422467,422473,6,352
422115,422462,422472,10,347
422048,422316,422474,158,268
422244,422472,422474,2,228
422244,422471,422473,2,227
422115,422462,422475,13,347
422244,422473,422476,3,229
422244,422472,422475,3,228
422115,422465,422476,11,350
422244,422473,422475,2,229
422115,422464,422478,14,349
422115,422463,422479,16,348
422115,422464,422480,16,349
422244,422474,422482,8,230
420864,421235,422484,1249,371
421445,421588,422491,903,143
422244,422474,422496,22,230
422115,422391,422499,108,276
422244,422474,422504,30,230
422244,422474,422505,31,230
422244,422491,422512,21,247
422244,422505,422517,12,261
420898,421304,422518,1214,406
422244,422496,422518,22,252
422244,422479,422519,40,235
422244,422504,422520,16,260
422244,422499,422519,20,255
422244,422475,422520,45,231
422244,422513,422523,10,269
422244,422518,422528,10,274
422244,422520,422530,10,276
422244,422517,422530,13,273
422244,422518,422530,12,274
422244,422520,422531,11,276
422244,422519,422530,11,275
422244,422523,422532,9,279
422244,422521,422532,11,277
422244,422485,422538,53,241
422244,422528,422542,14,284
422244,422480,422544,64,236
422244,422530,422545,15,286
422244,422530,422549,19,286
422115,422392,422550,158,277
422244,422531,422550,19,287
422244,422532,422550,18,288
422244,422531,422551,20,287
422244,422538,422551,13,294
422244,422533,422552,19,289
422244,422530,422552,22,286
422244,422550,422553,3,306
422244,422478,422552,74,234
422244,422551,422553,2,307
422244,422542,422554,12,298
422244,422551,422554,3,307
422244,422550,422555,5,306
422244,422552,422555,3,308
422244,422552,422555,3,308
422244,422545,422555,10,301
422244,422553,422557,4,309
422244,422553,422557,4,309
422244,422553,422557,4,309
422244,422544,422557,13,300
422244,422556,422558,2,312
422311,422557,422559,2,246
422311,422557,422559,2,246
422311,422557,422560,3,246
422244,422554,422560,6,310
422244,422550,422561,11,306
422244,422549,422561,12,305
422311,422559,422561,2,248
422244,422554,422560,6,310
422244,422556,422560,4,312
422244,422555,422562,7,311
422311,422559,422562,3,248
422244,422555,422562,7,311
421499,421653,422563,910,154
422311,422560,422562,2,249
422311,422560,422562,2,249
422311,422560,422566,6,249
422244,422482,422570,88,238
422311,422563,422573,10,252
422244,422476,422579,103,232
422311,422563,422583,20,252
422311,422567,422583,16,256
422311,422564,422585,21,253
422311,422561,422586,25,250
421233,421371,422587,1216,138
422311,422562,422587,25,251
422311,422562,422589,27,251
422311,422585,422594,9,274
422311,422570,422595,25,259
422244,422476,422595,119,232
422311,422574,422595,21,263
422244,422476,422596,120,232
422311,422561,422597,36,250
422311,422586,422597,11,275
422311,422587,422600,13,276
422311,422589,422600,11,278
422311,422587,422599,12,276
422311,422594,422605,11,283
422311,422595,422605,10,284
422311,422583,422606,23,272
422311,422583,422607,24,272
422311,422595,422606,11,284
422311,422597,422606,9,286
422311,422596,422607,11,285
422311,422595,422607,12,284
422311,422600,422609,9,289
422311,422597,422608,11,286
422311,422561,422611,50,250
422311,422600,422613,13,289
422311,422611,422614,3,300
422311,422600,422613,13,289
422311,422609,422615,6,298
422311,422579,422615,36,268
422311,422561,422615,54,250
422311,422606,422615,9,295
421324,421446,422615,1169,122
422311,422613,422616,3,302
422311,422607,422617,10,296
422311,422605,422617,12,294
422311,422608,422617,9,297
422311,422605,422617,12,294
422311,422615,422618,3,304
422311,422614,422618,4,303
422311,422607,422618,11,296
422311,422609,422618,9,298
422311,422608,422618,10,297
422311,422607,422617,10,296
422311,422614,422617,3,303
422311,422615,422619,4,304
422311,422615,422619,4,304
422311,422616,422619,3,305
422311,422617,422619,2,306
422311,422617,422620,3,306
422311,422618,422620,2,307
422311,422616,422621,5,305
422244,422476,422620,144,232
422311,422617,422621,4,306
422485,422618,422621,3,133
422311,422616,422620,4,305
422485,422618,422621,3,133
422485,422618,422620,2,133
422485,422618,422621,3,133
422485,422618,422621,3,133
422485,422619,422622,3,134
422485,422619,422624,5,134
422485,422619,422624,5,134
422485,422624,422630,6,139
422485,422624,422632,8,139
422485,422622,422634,12,137
422311,422561,422635,74,250
422485,422621,422636,15,136
422485,422630,422639,9,145
422485,422624,422639,15,139
422485,422622,422642,20,137
422485,422621,422642,21,136
422485,422635,422644,9,150
422485,422621,422648,27,136
422485,422636,422650,14,151
422485,422639,422650,11,154
422485,422634,422651,17,149
422485,422642,422651,9,157
422485,422640,422651,11,155
422485,422632,422652,20,147
422485,422642,422653,11,157
422311,422562,422654,92,251
422485,422645,422656,11,160
422485,422621,422658,37,136
422485,422648,422659,11,163
422485,422621,422661,40,136
422485,422651,422661,10,166
422485,422652,422662,10,167
422485,422652,422663,11,167
422485,422651,422663,12,166
422485,422619,422663,44,134
422485,422650,422663,13,165
422485,422650,422664,14,165
422485,422621,422665,44,136
422485,422663,422664,1,178
422485,422653,422664,11,168
422485,422654,422666,12,169
422485,422663,422666,3,178
422485,422663,422666,3,178
422485,422656,422667,11,171
422485,422665,422667,2,180
422485,422664,422667,3,179
422485,422663,422668,5,178
422485,422665,422667,2,180
422485,422667,422669,2,182
422485,422665,422669,4,180
422485,422667,422669,2,182
422485,422666,422669,3,181
422485,422667,422669,2,182
422485,422666,422669,3,181
422485,422667,422670,3,182
422485,422668,422670,2,183
422492,422669,422671,2,177
422485,422659,422671,12,174
422485,422658,422670,12,173
422492,422669,422671,2,177
422492,422669,422671,2,177
422492,422669,422672,3,177
422485,422662,422672,10,177
422492,422669,422672,3,177
422485,422661,422672,11,176
422485,422661,422672,11,176
422492,422670,422674,4,178
422492,422671,422675,4,179
422492,422669,422676,7,177
421373,421514,422679,1165,141
422485,422620,422684,64,135
422492,422676,422686,10,184
422492,422679,422687,8,187
422485,422621,422688,67,136
422492,422684,422688,4,192
422492,422687,422690,3,195
422492,422671,422691,20,179
422492,422687,422692,5,195
422492,422672,422692,20,180
422492,422688,422693,5,196
422492,422672,422694,22,180
422492,422689,422696,7,197
422492,422671,422699,28,179
422492,422691,422699,8,199
422492,422675,422700,25,183
422492,422692,422703,11,200
422492,422691,422703,12,199
422492,422692,422704,12,200
422492,422672,422704,32,180
422492,422693,422705,12,201
422492,422694,422706,12,202
422485,422619,422706,87,134
422492,422672,422706,34,180
422492,422671,422708,37,179
422492,422696,422707,11,204
422492,422699,422707,8,207
422492,422700,422709,9,208
422492,422701,422710,9,209
422492,422708,422711,3,216
422492,422709,422711,2,217
422492,422703,422712,9,211
422492,422675,422712,37,183
422492,422705,422712,7,213
422492,422709,422711,2,217
422492,422711,422714,3,219
422492,422671,422713,42,179
422492,422706,422715,9,214
422492,422707,422715,8,215
422492,422708,422715,7,216
422492,422703,422715,12,211
422492,422704,422715,11,212
422492,422706,422716,10,214
422492,422712,422716,4,220
422492,422711,422715,4,219
422492,422715,422717,2,223
422492,422711,422716,5,219
422492,422715,422718,3,223
422492,422715,422718,3,223
422492,422715,422717,2,223
422492,422716,422717,1,224
422492,422716,422719,3,224
422492,422712,422718,6,220
422518,422716,422718,2,198
422518,422717,422719,2,199
422492,422712,422720,8,220
422492,422714,422720,6,222
422518,422718,422720,2,200
422492,422713,422721,8,221
422518,422718,422721,3,200
422518,422718,422721,3,200
422518,422717,422720,3,199
422518,422718,422720,2,200
422492,422714,422722,8,222
422492,422704,422726,22,212
422518,422719,422726,7,201
422485,422620,422733,113,135
422518,422720,422732,12,202
422518,422726,422734,8,208
422518,422721,422737,16,203
422492,422673,422737,64,181
422518,422733,422738,5,215
422518,422733,422740,7,215
422518,422722,422741,19,204
422518,422726,422742,16,208
422518,422721,422745,24,203
422518,422722,422745,23,204
422518,422720,422745,25,202
422518,422721,422748,27,203
422518,422721,422749,28,203
422492,422672,422753,81,180
422518,422738,422755,17,220
422518,422735,422755,20,217
422518,422745,422755,10,227
421622,421873,422755,882,251
422518,422745,422756,11,227
422518,422741,422756,15,223
422518,422742,422757,15,224
422518,422740,422757,17,222
422518,422737,422758,21,219
422518,422749,422757,8,231
422518,422737,422760,23,219
422518,422748,422760,12,230
422518,422745,422761,16,227
422518,422753,422763,10,235
422518,422719,422763,44,201
422518,422755,422764,9,237
422518,422763,422765,2,245
422518,422763,422765,2,245
422518,422756,422765,9,238
422518,422756,422767,11,238
422518,422764,422767,3,246
422518,422756,422767,11,238
422518,422720,422767,47,202
422518,422755,422768,13,237
422518,422761,422768,7,243
422518,422758,422768,10,240
422518,422765,422769,4,247
422518,422766,422768,2,248
422518,422767,422769,2,249
422518,422767,422769,2,249
422518,422719,422768,49,201
422518,422767,422769,2,249
422518,422757,422768,11,239
422518,422757,422768,11,239
422518,422766,422768,2,248
422518,422760,422770,10,242
422518,422755,422769,14,237
422518,422768,422771,3,250
422518,422767,422770,3,249
422518,422759,422770,11,241
422518,422768,422770,2,250
422518,422760,422771,11,242
422518,422768,422770,2,250
422563,422769,422772,3,206
422563,422769,422772,3,206
422563,422769,422772,3,206
422518,422769,422771,2,251
422563,422769,422771,2,206
422563,422769,422773,4,206
422563,422769,422772,3,206
422563,422769,422773,4,206
422563,422770,422773,3,207
422563,422774,422778,4,211
422563,422773,422778,5,210
422563,422773,422782,9,210
422563,422772,422783,11,209
422563,422778,422783,5,215
422563,422771,422785,14,208
422563,422772,422786,14,209
422563,422773,422789,16,210
422563,422779,422789,10,216
422563,422770,422792,22,207
422563,422771,422793,22,208
422563,422789,422794,5,226
422563,422771,422795,24,208
422563,422785,422795,10,222
422563,422782,422795,13,219
422563,422786,422796,10,223
422563,422789,422797,8,226
422563,422783,422798,15,220
422563,422792,422799,7,229
422563,422771,422800,29,208
422563,422783,422801,18,220
422563,422771,422801,30,208
422563,422793,422801,8,230
422563,422794,422804,10,231
422563,422796,422805,9,233
422563,422802,422805,3,239
422563,422797,422805,8,234
422563,422795,422807,12,232
422563,422799,422807,8,236
422563,422795,422807,12,232
422563,422801,422808,7,238
422563,422800,422808,8,237
422563,422801,422809,8,238
422563,422798,422808,10,235
422518,422719,422810,91,201
422563,422771,422810,39,208
422563,422795,422811,16,232
422563,422804,422812,8,241
422563,422810,422812,2,247
422563,422810,422812,2,247
422563,422811,422813,2,248
422563,422809,422812,3,246
422563,422809,422814,5,246
422563,422812,422814,2,249
422563,422812,422814,2,249
422563,422812,422815,3,249
422563,422807,422816,9,244
422587,422814,422816,2,227
422587,422813,422816,3,226
422563,422805,422816,11,242
422563,422808,422817,9,245
422563,422805,422817,12,242
422563,422805,422816,11,242
422563,422807,422818,11,244
422587,422815,422818,3,228
422587,422814,422818,4,227
422563,422807,422819,12,244
422587,422816,422818,2,229
422587,422814,422818,4,227
422587,422816,422818,2,229
422587,422816,422825,9,229
422587,422819,422826,7,232
422587,422819,422826,7,232
422563,422808,422827,19,245
422587,422819,422828,9,232
422563,422772,422830,58,209
422587,422827,422831,4,240
422563,422773,422831,58,210
422563,422772,422836,64,209
422587,422828,422836,8,241
422587,422826,422837,11,239
422587,422819,422838,19,232
422587,422830,422838,8,243
422587,422827,422840,13,240
422587,422831,422842,11,244
422587,422825,422842,17,238
422587,422837,422847,10,250
422587,422831,422850,19,244
422587,422836,422851,15,249
422587,422838,422852,14,251
422587,422836,422852,16,249
422587,422842,422852,10,255
422587,422840,422852,12,253
421735,421947,422853,906,212
422587,422843,422852,9,256
422587,422839,422853,14,252
422587,422847,422856,9,260
422587,422818,422859,41,231
422587,422852,422862,10,265
422587,422853,422862,9,266
422587,422854,422862,8,267
422587,422850,422863,13,263
422587,422851,422862,11,264
422587,422852,422862,10,265
422587,422852,422863,11,265
422587,422856,422864,8,269
422587,422862,422865,3,275
422587,422863,422866,3,276
422587,422863,422866,3,276
422587,422853,422865,12,266
422587,422864,422866,2,277
422587,422852,422867,15,265
421602,421719,422867,1148,117
422587,422864,422867,3,277
422587,422863,422866,3,276
422587,422862,422868,6,275
422587,422865,422868,3,278
422587,422866,422870,4,279
422587,422859,422872,13,272
422587,422862,422872,10,275
422587,422866,422875,9,279
422587,422867,422875,8,280
422616,422870,422875,5,254
422587,422816,422875,59,229
422587,422866,422876,10,279
422587,422867,422875,8,280
422587,422867,422877,10,280
422616,422869,422877,8,253
422616,422875,422877,2,259
422587,422866,422877,11,279
422616,422872,422878,6,256
422616,422873,422877,4,257
422587,422867,422877,10,280
422616,422875,422878,3,259
422616,422875,422877,2,259
422616,422875,422879,4,259
422587,422818,422879,61,231
422616,422878,422896,18,262
422616,422879,422899,20,263
422616,422876,422904,28,260
422616,422877,422905,28,261
422616,422899,422906,7,283
422616,422880,422907,27,264
422616,422896,422909,13,280
422587,422818,422910,92,231
422616,422905,422911,6,289
422616,422906,422912,6,290
422616,422907,422913,6,291
422616,422904,422914,10,288
422587,422817,422916,99,230
422616,422878,422917,39,262
422616,422876,422918,42,260
422616,422877,422918,41,261
422616,422911,422920,9,295
422616,422909,422920,11,293
422616,422911,422922,11,295
422616,422912,422922,10,296
422616,422878,422923,45,262
422616,422913,422924,11,297
422587,422817,422925,108,230
422616,422914,422925,11,298
422616,422916,422927,11,300
422616,422918,422928,10,302
422616,422918,422928,10,302
422616,422917,422929,12,301
422616,422920,422929,9,304
422616,422922,422930,8,306
422616,422927,422931,4,311
422616,422920,422931,11,304
422616,422929,422931,2,313
422616,422929,422931,2,313
422616,422929,422931,2,313
422616,422928,422932,4,312
422616,422922,422932,10,306
422616,422930,422931,1,314
422616,422931,422932,1,315
422616,422923,422934,11,307
422616,422931,422934,3,315
422616,422925,422934,9,309
422616,422931,422934,3,315
422616,422924,422934,10,308
422616,422932,422935,3,316
422616,422931,422935,4,315
422616,422925,422938,13,309
422616,422932,422938,6,316
422616,422878,422939,61,262
422616,422932,422940,8,316
422616,422878,422940,62,262
422616,422933,422941,8,317
422616,422931,422941,10,315
422679,422935,422942,7,256
422679,422935,422942,7,256
422679,422938,422942,4,259
422616,422934,422942,8,318
422679,422939,422942,3,260
422679,422940,422941,1,261
422616,422934,422943,9,318
422679,422940,422943,3,261
422679,422938,422942,4,259
422616,422934,422942,8,318
422616,422934,422942,8,318
422679,422941,422943,2,262
422587,422817,422946,129,230
422679,422943,422948,5,264
422679,422944,422951,7,265
422679,422946,422953,7,267
421614,421791,422954,1163,177
422679,422941,422956,15,262
422679,422943,422956,13,264
422679,422951,422958,7,272
422679,422953,422959,6,274
422679,422956,422960,4,277
422679,422942,422962,20,263
422679,422948,422965,17,269
422679,422956,422966,10,277
422679,422958,422967,9,279
422679,422959,422969,10,280
422679,422961,422970,9,282
422679,422962,422974,12,283
422616,422878,422977,99,262
422679,422966,422978,12,287
422679,422943,422979,36,264
422616,422878,422979,101,262
422679,422956,422980,24,277
422679,422965,422980,15,286
422679,422967,422981,14,288
422679,422942,422981,39,263
422679,422969,422982,13,290
422679,422970,422981,11,291
422679,422981,422984,3,302
422679,422982,422985,3,303
422679,422982,422985,3,303
422679,422974,422987,13,295
422679,422942,422987,45,263
422679,422984,422986,2,305
422679,422985,422987,2,306
422679,422979,422989,10,300
422679,422986,422990,4,307
422679,422987,422990,3,308
422679,422981,422991,10,302
422679,422987,422990,3,308
422679,422987,422992,5,308
422679,422987,422991,4,308
422679,422978,422992,14,299
422679,422989,422991,2,310
422679,422979,422991,12,300
422679,422980,422993,13,301
422679,422990,422992,2,311
422679,422980,422994,14,301
422679,422991,422993,2,312
422679,422992,422994,2,313
422679,422990,422994,4,311
422757,422993,422995,2,236
422679,422992,422995,3,313
422679,422992,422994,2,313
422679,422992,422994,2,313
422679,422991,422995,4,312
421892,422068,422995,927,176
422757,422993,422996,3,236
422679,422942,422995,53,263
422679,422978,422995,17,299
422679,422942,422995,53,263
422757,422995,422997,2,238
422757,422994,422996,2,237
422757,422995,422997,2,238
422757,422994,422996,2,237
422757,422994,422996,2,237
422757,422995,423001,6,238
422757,422997,423004,7,240
422757,422997,423007,10,240
422757,423001,423011,10,244
422757,423004,423011,7,247
422757,423007,423015,8,250
422757,422995,423020,25,238
422757,422995,423021,26,238
422757,422997,423022,25,240
422757,422997,423024,27,240
422757,423011,423027,16,254
422757,423012,423033,21,255
422757,422996,423033,37,239
422757,422995,423034,39,238
422679,422943,423035,92,264
422757,423027,423035,8,270
422757,423015,423036,21,258
422757,423033,423035,2,276
422757,422996,423037,41,239
422757,423033,423037,4,276
422757,422996,423038,42,239
422757,422997,423038,41,240
422757,423038,423042,4,281
422757,423037,423042,5,280
422757,423034,423043,9,277
422757,423038,423043,5,281
422757,423037,423044,7,280
422757,423020,423046,26,263
422757,423042,423047,5,285
422679,422943,423048,105,264
422757,423036,423051,15,279
422757,423042,423052,10,285
422757,423043,423053,10,286
422757,423044,423054,10,287
422757,423043,423054,11,286
422757,423048,423058,10,291
422757,423046,423059,13,289
422757,423035,423059,24,278
422757,423054,423059,5,297
422757,423047,423059,12,290
422757,423036,423060,24,279
422757,423035,423061,26,278
422757,423058,423061,3,301
422757,423059,423062,3,302
422757,423059,423062,3,302
422757,423059,423062,3,302
422757,423054,423062,8,297
422757,423053,423063,10,296
422757,423052,423063,11,295
422757,423059,423062,3,302
422855,423062,423064,2,207
422757,423061,423064,3,304
422855,423062,423063,1,207
422757,423051,423063,12,294
422757,423060,423063,3,303
422855,423062,423065,3,207
422855,423063,423064,1,208
422757,423061,423064,3,304
422855,423063,423065,2,208
422855,423064,423066,2,209
422855,423063,423065,2,208
422855,423064,423073,9,209
422757,423025,423073,48,268
422757,423022,423075,53,265
422757,423021,423080,59,264
422855,423066,423081,15,211
422855,423064,423086,22,209
422855,423066,423092,26,211
422855,423080,423095,15,225
422855,423074,423096,22,219
422855,423073,423099,26,218
422855,423075,423099,24,220
422855,423095,423108,13,240
422855,423065,423109,44,210
422855,423100,423110,10,245
422855,423092,423111,19,237
422855,423096,423111,15,241
422855,423064,423111,47,209
422855,423099,423113,14,244
422679,422943,423114,171,264
422855,423086,423114,28,231
422855,423111,423115,4,256
422855,423065,423116,51,210
422006,422210,423116,906,204
422855,423110,423117,7,255
422855,423081,423117,36,226
422855,423111,423117,6,256
422855,423111,423120,9,256
422855,423118,423120,2,263
422855,423116,423120,4,261
422855,423117,423122,5,262
422855,423118,423122,4,263
422855,423116,423122,6,261
422855,423113,423124,11,258
422855,423109,423127,18,254
422855,423115,423129,14,260
422855,423120,423128,8,265
422855,423114,423130,16,259
422855,423120,423131,11,265
422855,423122,423132,10,267
422855,423114,423132,18,259
422855,423123,423133,10,268
422855,423120,423133,13,265
422855,423122,423135,13,267
422855,423124,423135,11,269
422855,423108,423136,28,253
422855,423132,423137,5,277
422855,423135,423137,2,280
422855,423132,423138,6,277
422855,423133,423138,5,278
422855,423133,423137,4,278
422855,423136,423138,2,281
422855,423137,423139,2,282
422855,423135,423138,3,280
422855,423127,423140,13,272
422855,423137,423140,3,282
422867,423138,423139,1,271
422855,423131,423141,10,276
422867,423138,423141,3,271
422867,423138,423140,2,271
422867,423139,423141,2,272
422855,423129,423141,12,274
422855,423130,423142,12,275
422855,423064,423141,77,209
422855,423129,423142,13,274
422867,423139,423141,2,272
422867,423140,423143,3,273
422867,423140,423142,2,273
422867,423141,423146,5,274
422757,422996,423156,160,239
422855,423065,423156,91,210
422867,423141,423159,18,274
422867,423159,423166,7,292
422867,423142,423166,24,275
422867,423142,423170,28,275
422867,423141,423170,29,274
422867,423142,423173,31,275
422867,423170,423176,6,303
422867,423166,423178,12,299
422867,423170,423178,8,303
422867,423173,423180,7,306
422867,423166,423179,13,299
422867,423180,423183,3,313
422867,423180,423183,3,313
422867,423142,423184,42,275
422867,423183,423185,2,316
422867,423176,423185,9,309
422867,423183,423187,4,316
422867,423178,423187,9,311
422867,423141,423188,47,274
422867,423142,423188,46,275
422867,423184,423191,7,317
422867,423178,423191,13,311
422867,423156,423192,36,289
422867,423186,423192,6,319
422867,423185,423194,9,318
422867,423187,423194,7,320
422867,423187,423196,9,320
422867,423188,423197,9,321
422867,423194,423197,3,327
422867,423192,423198,6,325
422867,423189,423198,9,322
422867,423156,423199,43,289
422867,423194,423200,6,327
422867,423192,423200,8,325
422867,423191,423199,8,324
422867,423191,423200,9,324
422757,422996,423202,206,239
422867,423200,423203,3,333
422867,423201,423203,2,334
422867,423202,423204,2,335
422867,423146,423205,59,279
422867,423198,423205,7,331
422867,423197,423205,8,330
422867,423204,423206,2,337
422867,423197,423206,9,330
422867,423198,423207,9,331
422867,423199,423208,9,332
422867,423205,423208,3,338
422867,423205,423208,3,338
422867,423200,423207,7,333
422867,423141,423208,67,274
422956,423206,423208,2,250
422867,423203,423208,5,336
422956,423207,423209,2,251
422867,423203,423208,5,336
422867,423200,423208,8,333
422956,423208,423210,2,252
422867,423199,423210,11,332
422956,423208,423210,2,252
422956,423207,423210,3,251
422956,423208,423210,2,252
422956,423209,423212,3,253
422956,423209,423215,6,253
421873,422000,423216,1216,127
422956,423216,423222,6,260
422956,423222,423228,6,266
422956,423228,423233,5,272
422956,423210,423235,25,254
422956,423233,423239,6,277
422956,423235,423240,5,279
422956,423210,423241,31,254
422956,423209,423243,34,253
422956,423239,423247,8,283
422956,423210,423249,39,254
422956,423209,423258,49,253
422956,423216,423258,42,260
422956,423240,423260,20,284
422956,423258,423261,3,302
422956,423209,423262,53,253
422956,423260,423263,3,304
422956,423243,423264,21,287
422956,423261,423265,4,305
422956,423249,423265,16,293
422956,423247,423265,18,291
422956,423262,423265,3,306
422956,423209,423266,57,253
422956,423266,423268,2,310
422956,423266,423268,2,310
422956,423263,423269,6,307
422956,423213,423270,57,257
422956,423265,423270,5,309
422956,423258,423271,13,302
422867,423143,423272,129,276
422956,423264,423275,11,308
422956,423211,423275,64,255
422956,423209,423275,66,253
422956,423242,423276,34,286
422956,423210,423277,67,254
422956,423268,423279,11,312
422956,423265,423279,14,309
422956,423265,423280,15,309
422956,423268,423281,13,312
422956,423280,423282,2,324
422956,423279,423281,2,323
422956,423281,423282,1,325
422956,423282,423284,2,326
422956,423269,423284,15,313
422956,423282,423284,2,326
422956,423279,423285,6,323
422956,423276,423285,9,320
422956,423272,423285,13,316
422956,423283,423285,2,327
422956,423284,423286,2,328
422956,423284,423286,2,328
422956,423270,423285,15,314
422956,423270,423285,15,314
422956,423275,423285,10,319
422956,423277,423286,9,321
422956,423271,423286,15,315
422956,423275,423286,11,319
422996,423285,423287,2,289
422996,423285,423288,3,289
422996,423285,423288,3,289
422996,423286,423288,2,290
422956,423275,423288,13,319
422996,423286,423287,1,290
422996,423286,423287,1,290
422996,423286,423290,4,290
422996,423288,423296,8,292
422996,423288,423298,10,292
422996,423288,423301,13,292
422996,423288,423302,14,292
422996,423290,423301,11,294
422996,423288,423303,15,292
422996,423286,423305,19,290
422996,423298,423306,8,302
422996,423288,423316,28,292
422996,423316,423319,3,320
422996,423296,423319,23,300
422996,423306,423320,14,310
422996,423287,423322,35,291
422855,423065,423322,257,210
422996,423319,423323,4,323
422996,423319,423324,5,323
422996,423303,423325,22,307
422996,423301,423326,25,305
422996,423322,423327,5,326
422996,423286,423327,41,290
422996,423322,423328,6,326
422996,423302,423329,27,306
422996,423287,423332,45,291
422996,423324,423333,9,328
422996,423325,423333,8,329
422996,423323,423334,11,327
422996,423320,423333,13,324
422996,423327,423335,8,331
422996,423328,423335,7,332
422996,423327,423334,7,331
422996,423329,423335,6,333
422867,423143,423335,192,276
422996,423302,423340,38,306
422996,423332,423341,9,336
422996,423327,423342,15,331
422996,423333,423343,10,337
422996,423334,423345,11,338
422996,423343,423345,2,347
422996,423305,423345,40,309
422996,423333,423346,13,337
422996,423335,423347,12,339
422996,423342,423347,5,346
422996,423345,423348,3,349
422996,423347,423349,2,351
422996,423335,423349,14,339
422996,423335,423349,14,339
422996,423335,423348,13,339
422996,423345,423349,4,349
422996,423336,423350,14,340
422996,423346,423350,4,350
422996,423336,423350,14,340
422996,423347,423351,4,351
422996,423348,423351,3,352
422996,423341,423352,11,345
422996,423349,423351,2,353
423119,423350,423351,1,231
423119,423350,423352,2,231
422996,423340,423352,12,344
423119,423349,423351,2,230
422996,423346,423352,6,350
423119,423350,423352,2,231
421967,422138,423353,1215,171
423119,423350,423352,2,231
423119,423350,423352,2,231
423119,423351,423355,4,232
423119,423354,423358,4,235
423119,423355,423359,4,236
423119,423353,423361,8,234
423119,423358,423362,4,239
423119,423352,423363,11,233
423119,423352,423363,11,233
423119,423363,423368,5,244
423119,423352,423369,17,233
423119,423353,423370,17,234
423119,423353,423370,17,234
423119,423362,423371,9,243
423119,423363,423370,7,244
423119,423361,423371,10,242
423119,423360,423372,12,241
423119,423368,423372,4,249
423119,423352,423373,21,233
423119,423370,423373,3,251
423119,423369,423373,4,250
423119,423370,423373,3,251
423119,423352,423374,22,233
423119,423373,423375,2,254
423119,423371,423375,4,252
423119,423372,423376,4,253
423119,423373,423376,3,254
423119,423373,423376,3,254
423119,423373,423377,4,254
422996,423286,423378,92,290
423119,423371,423377,6,252
423119,423376,423378,2,257
423119,423352,423380,28,233
423119,423353,423380,27,234
423119,423372,423380,8,253
423119,423376,423381,5,257
423119,423374,423380,6,255
422996,423287,423382,95,291
423119,423375,423382,7,256
423119,423375,423381,6,256
423119,423371,423383,12,252
423119,423382,423385,3,263
423119,423381,423386,5,262
423119,423381,423387,6,262
423119,423376,423386,10,257
423119,423382,423388,6,263
423119,423382,423388,6,263
423119,423377,423389,12,258
423119,423380,423391,11,261
423119,423380,423392,12,261
423119,423388,423391,3,269
423119,423352,423392,40,233
423119,423379,423394,15,260
423119,423383,423394,11,264
423119,423388,423395,7,269
423119,423378,423394,16,259
423217,423392,423396,4,175
423119,423380,423396,16,261
423119,423388,423397,9,269
423217,423394,423397,3,177
423217,423391,423396,5,174
423119,423386,423397,11,267
423119,423387,423398,11,268
423119,423378,423397,19,259
423217,423392,423399,7,175
423217,423392,423399,7,175
423217,423395,423398,3,178
423217,423394,423400,6,177
423119,423387,423399,12,268
423217,423395,423403,8,178
423217,423396,423410,14,179
423217,423399,423414,15,182
423217,423403,423414,11,186
423217,423399,423415,16,182
423217,423399,423415,16,182
423217,423410,423415,5,193
423217,423398,423416,18,181
423217,423400,423417,17,183
423217,423397,423417,20,180
423217,423416,423418,2,199
423217,423414,423420,6,197
423217,423398,423420,22,181
423217,423416,423419,3,199
423217,423415,423421,6,198
423217,423418,423422,4,201
423217,423414,423421,7,197
423217,423422,423425,3,205
423217,423417,423426,9,200
423217,423418,423427,9,201
423217,423420,423427,7,203
423217,423422,423427,5,205
423217,423397,423428,31,180
423217,423398,423429,31,181
423217,423425,423429,4,208
423217,423415,423429,14,198
423217,423421,423429,8,204
423217,423420,423433,13,203
423217,423427,423433,6,210
423217,423400,423435,35,183
423217,423428,423436,8,211
423217,423427,423437,10,210
423217,423429,423437,8,212
423217,423396,423437,41,179
423217,423427,423439,12,210
423217,423397,423439,42,180
423217,423420,423440,20,203
423217,423429,423441,12,212
423217,423439,423442,3,222
423217,423439,423442,3,222
423217,423429,423442,13,212
423217,423433,423444,11,216
423217,423429,423444,15,212
423217,423433,423445,12,216
423217,423437,423444,7,220
423217,423441,423444,3,224
423217,423430,423447,17,213
423217,423440,423447,7,223
423217,423444,423447,3,227
423217,423436,423447,11,219
423217,423437,423448,11,220
423217,423435,423448,13,218
423354,423447,423449,2,93
423217,423442,423449,7,225
423354,423447,423450,3,93
423354,423445,423450,5,91
423217,423442,423449,7,225
423354,423445,423450,5,91
423217,423442,423450,8,225
423354,423448,423451,3,94
423217,423444,423450,6,227
423217,423437,423451,14,220
423354,423447,423453,6,93
423354,423447,423462,15,93
423354,423448,423463,15,94
423354,423453,423466,13,99
423354,423463,423468,5,109
423354,423451,423469,18,97
423354,423463,423469,6,109
423354,423451,423470,19,97
423354,423451,423471,20,97
422244,422557,423471,914,313
423354,423466,423473,7,112
423354,423471,423474,3,117
423354,423468,423475,7,114
423354,423450,423475,25,96
423354,423474,423476,2,120
423354,423473,423476,3,119
423354,423471,423476,5,117
423354,423470,423479,9,116
423354,423476,423481,5,122
423354,423476,423481,5,122
423354,423450,423482,32,96
423354,423476,423483,7,122
423354,423479,423483,4,125
423354,423481,423483,2,127
423354,423481,423483,2,127
423354,423469,423484,15,115
423354,423449,423487,38,95
423354,423482,423487,5,128
423354,423475,423487,12,121
423354,423483,423488,5,129
423354,423483,423488,5,129
423354,423470,423488,18,116
423354,423483,423489,6,129
423354,423451,423490,39,97
423354,423483,423493,10,129
423354,423476,423494,18,122
423354,423485,423498,13,131
423354,423487,423499,12,133
423354,423487,423500,13,133
423354,423496,423500,4,142
423354,423450,423502,52,96
423354,423487,423502,15,133
423354,423491,423502,11,137
423354,423489,423503,14,135
423354,423488,423503,15,134
423354,423493,423504,11,139
423354,423498,423503,5,144
423354,423488,423505,17,134
423354,423499,423508,9,145
423354,423503,423508,5,149
423354,423503,423508,5,149
423354,423502,423508,6,148
423354,423489,423509,20,135
423472,423505,423510,5,33
423354,423504,423510,6,150
423472,423508,423509,1,36
423354,423503,423510,7,149
423354,423449,423510,61,95
423472,423508,423511,3,36
423354,423502,423510,8,148
423472,423508,423512,4,36
423472,423508,423512,4,36
423472,423509,423513,4,37
423472,423510,423513,3,38
423354,423501,423513,12,147
423354,423500,423514,14,146
423354,423452,423517,65,98
423472,423514,423520,6,42
423472,423510,423521,11,38
423472,423517,423522,5,45
423472,423520,423527,7,48
423472,423513,423529,16,41
422024,422308,423531,1223,284
423472,423510,423533,23,38
423472,423510,423534,24,38
423472,423510,423539,29,38
423472,423531,423540,9,59
423472,423533,423540,7,61
423472,423534,423541,7,62
423472,423521,423542,21,49
423472,423539,423544,5,67
423472,423540,423546,6,68
423472,423513,423547,34,41
423472,423547,423550,3,75
423472,423529,423550,21,57
423472,423544,423551,7,72
423472,423550,423552,2,78
423472,423541,423552,11,69
423472,423513,423553,40,41
423472,423546,423553,7,74
423472,423542,423552,10,70
423472,423550,423552,2,78
423472,423541,423554,13,69
423472,423551,423555,4,79
423472,423552,423564,12,80
423472,423554,423566,12,82
423472,423553,423568,15,81
423472,423553,423568,15,81
423472,423554,423569,15,82
423472,423527,423568,41,55
422048,422384,423569,1185,336
423472,423554,423571,17,82
423472,423569,423570,1,97
423472,423569,423572,3,97
423472,423511,423572,61,39
423472,423568,423573,5,96
423472,423556,423573,17,84
423472,423552,423573,21,80
423472,423571,423576,5,99
423472,423568,423577,9,96
423472,423570,423576,6,98
423472,423571,423577,6,99
423472,423566,423579,13,94
423472,423577,423580,3,105
423472,423573,423580,7,101
423472,423577,423581,4,105
423472,423573,423581,8,101
423472,423572,423580,8,100
423532,423579,423581,2,47
423472,423573,423581,8,101
423472,423522,423582,60,50
423472,423576,423581,5,104
423532,423580,423582,2,48
423532,423581,423583,2,49
423532,423581,423583,2,49
423472,423573,423582,9,101
423532,423580,423582,2,48
423532,423581,423583,2,49
423532,423581,423584,3,49
423472,423564,423583,19,92
423532,423584,423591,7,52
423532,423581,423594,13,49
423532,423583,423596,13,51
423532,423584,423596,12,52
423532,423582,423598,16,50
422486,422668,423597,929,182
423532,423596,423599,3,64
423532,423598,423600,2,66
423532,423583,423600,17,51
423532,423598,423600,2,66
423472,423512,423601,89,40
423532,423582,423603,21,50
423532,423596,423602,6,64
423532,423600,423603,3,68
423532,423583,423604,21,51
423532,423591,423605,14,59
423532,423600,423604,4,68
423532,423601,423605,4,69
423532,423594,423606,12,62
423532,423600,423605,5,68
423532,423603,423606,3,71
423532,423582,423605,23,50
423532,423583,423607,24,51
423532,423605,423608,3,73
423532,423600,423608,8,68
423532,423606,423609,3,74
423532,423606,423609,3,74
423532,423583,423608,25,51
423532,423605,423609,4,73
423532,423605,423610,5,73
423532,423606,423611,5,74
423532,423607,423613,6,75
423532,423609,423614,5,77
423532,423604,423614,10,72
423532,423608,423616,8,76
423532,423604,423616,12,72
423532,423606,423618,12,74
423532,423604,423617,13,72
423532,423609,423618,9,77
423532,423616,423620,4,84
423532,423609,423621,12,77
423532,423616,423621,5,84
423532,423609,423621,12,77
423532,423615,423622,7,83
423532,423609,423623,14,77
423532,423614,423623,9,82
423532,423618,423625,7,86
423532,423610,423625,15,78
423532,423618,423626,8,86
423532,423623,423626,3,91
423532,423611,423627,16,79
423532,423619,423627,8,87
423532,423622,423629,7,90
423571,423626,423629,3,55
423571,423627,423629,2,56
423571,423626,423630,4,55
423571,423626,423630,4,55
423532,423613,423629,16,81
423571,423627,423629,2,56
423532,423623,423630,7,91
423571,423629,423631,2,58
423532,423621,423631,10,89
423532,423621,423632,11,89
423532,423621,423633,12,89
423532,423621,423632,11,89
423571,423629,423634,5,58
423571,423634,423642,8,63
423571,423630,423643,13,59
423571,423630,423644,14,59
423571,423642,423646,4,71
423571,423630,423646,16,59
423571,423631,423648,17,60
423571,423631,423647,16,60
423571,423644,423649,5,73
423571,423630,423651,21,59
423571,423646,423651,5,75
423571,423633,423651,18,62
423571,423646,423651,5,75
423571,423643,423652,9,72
423571,423648,423654,6,77
423571,423654,423657,3,83
423571,423653,423658,5,82
423571,423631,423659,28,60
423571,423651,423660,9,80
423571,423649,423661,12,78
423571,423651,423661,10,80
423571,423630,423663,33,59
423571,423661,423663,2,90
423571,423649,423664,15,78
423571,423658,423663,5,87
423571,423658,423664,6,87
423571,423661,423664,3,90
423571,423652,423665,13,81
423571,423632,423667,35,61
423571,423664,423667,3,93
423571,423660,423668,8,89
423571,423663,423668,5,92
423571,423651,423668,17,80
423571,423659,423670,11,88
423571,423664,423670,6,93
423571,423663,423671,8,92
423571,423665,423672,7,94
423571,423671,423674,3,100
423571,423670,423675,5,99
423571,423669,423675,6,98
423571,423665,423677,12,94
423571,423671,423678,7,100
423571,423672,423678,6,101
423571,423668,423680,12,97
423571,423667,423682,15,96
423571,423674,423683,9,103
423571,423668,423683,15,97
423571,423675,423682,7,104
423571,423665,423683,18,94
423571,423633,423684,51,62
423571,423668,423684,16,97
423571,423682,423685,3,111
423598,423683,423685,2,85
423472,423512,423686,174,40
423571,423683,423685,2,112
423598,423684,423686,2,86
422519,422769,423685,916,250
423571,423677,423685,8,106
423598,423685,423686,1,87
423598,423684,423686,2,86
423571,423678,423685,7,107
423598,423684,423685,1,86
423571,423675,423686,11,104
423598,423685,423686,1,87
423571,423678,423686,8,107
423598,423686,423689,3,88
423571,423680,423690,10,109
423598,423686,423701,15,88
423472,423511,423702,191,39
423598,423686,423705,19,88
423598,423690,423706,16,92
423598,423701,423710,9,103
423598,423702,423714,12,104
422116,422468,423717,1249,352
423598,423686,423717,31,88
423598,423690,423719,29,92
423598,423717,423721,4,119
423598,423717,423721,4,119
423598,423719,423722,3,121
423598,423686,423723,37,88
423598,423714,423723,9,116
423598,423721,423725,4,123
423598,423724,423727,3,126
423598,423686,423728,42,88
423598,423724,423728,4,126
423598,423725,423729,4,127
423598,423722,423730,8,124
423598,423721,423730,9,123
423598,423729,423731,2,131
423598,423728,423731,3,130
423598,423727,423732,5,129
423598,423710,423732,22,112
423598,423705,423731,26,107
423598,423706,423733,27,108
423598,423687,423734,47,89
423598,423729,423736,7,131
423598,423731,423740,9,133
423598,423730,423743,13,132
423598,423732,423744,12,134
423598,423732,423744,12,134
423598,423730,423744,14,132
423598,423687,423745,58,89
423598,423686,423746,60,88
423598,423734,423746,12,136
423598,423732,423745,13,134
423598,423734,423746,12,136
423598,423740,423748,8,142
423598,423736,423748,12,138
423598,423744,423749,5,146
423598,423744,423749,5,146
423598,423743,423750,7,145
423598,423731,423750,19,133
423598,423686,423751,65,88
423598,423749,423751,2,151
423598,423750,423752,2,152
423598,423744,423752,8,146
423598,423750,423752,2,152
423686,423751,423753,2,65
423598,423746,423753,7,148
423598,423746,423753,7,148
423598,423748,423753,5,150
423598,423746,423753,7,148
423598,423748,423754,6,150
423686,423752,423753,1,66
423686,423751,423753,2,65
423686,423752,423754,2,66
423598,423745,423755,10,147
423598,423746,423754,8,148
423686,423752,423754,2,66
423686,423753,423755,2,67
423686,423753,423755,2,67
423686,423753,423762,9,67
423686,423756,423766,10,70
423686,423753,423767,14,67
423686,423762,423769,7,76
423686,423755,423771,16,69
423686,423769,423777,8,83
423686,423754,423778,24,68
422587,422868,423780,912,281
423686,423766,423780,14,80
423686,423755,423781,26,69
423686,423767,423781,14,81
423598,423686,423784,98,88
423686,423755,423785,30,69
423686,423780,423786,6,94
423686,423780,423786,6,94
423686,423784,423788,4,98
423686,423786,423788,2,100
423686,423786,423787,1,100
423686,423785,423789,4,99
423686,423781,423789,8,95
423686,423781,423792,11,95
423686,423778,423792,14,92
423686,423788,423794,6,102
423686,423771,423794,23,85
423598,423686,423794,108,88
423686,423788,423796,8,102
423686,423789,423796,7,103
423686,423794,423796,2,108
423686,423795,423798,3,109
423686,423792,423799,7,106
423686,423788,423799,11,102
423686,423789,423801,12,103
423686,423794,423801,7,108
423686,423792,423801,9,106
423686,423754,423803,49,68
423686,423796,423804,8,110
423686,423796,423806,10,110
423686,423796,423807,11,110
423686,423798,423808,10,112
423686,423799,423808,9,113
423686,423754,423810,56,68
423686,423808,423811,3,122
423686,423803,423812,9,117
423686,423808,423812,4,122
423686,423777,423812,35,91
423686,423812,423813,1,126
423686,423811,423814,3,125
423686,423812,423813,1,126
423686,423802,423814,12,116
423686,423811,423814,3,125
423686,423806,423814,8,120
423686,423799,423815,16,113
423686,423805,423814,9,119
423686,423813,423814,1,127
423717,423814,423815,1,97
423686,423807,423816,9,121
423717,423814,423815,1,97
423686,423801,423816,15,115
423717,423814,423816,2,97
423717,423814,423816,2,97
423717,423814,423816,2,97
423686,423754,423817,63,68
423717,423815,423818,3,98
423717,423815,423817,2,98
423686,423801,423819,18,115
423686,423755,423821,66,69
423717,423815,423822,7,98
423717,423816,423830,14,99
423717,423818,423831,13,101
423717,423821,423833,12,104
423717,423823,423833,10,106
423717,423819,423834,15,102
423717,423816,423835,19,99
423717,423816,423838,22,99
423717,423818,423841,23,101
423717,423818,423842,24,101
423686,423754,423842,88,68
423717,423817,423844,27,100
423717,423834,423845,11,117
423717,423838,423846,8,121
423717,423835,423848,13,118
423717,423842,423850,8,125
423717,423841,423853,12,124
423717,423843,423853,10,126
423717,423844,423855,11,127
423717,423834,423856,22,117
423717,423830,423856,26,113
423717,423848,423857,9,131
423717,423850,423856,6,133
423717,423853,423861,8,136
423717,423855,423861,6,138
423717,423853,423862,9,136
423717,423846,423864,18,129
423717,423833,423865,32,116
423717,423856,423865,9,139
423717,423857,423866,9,140
423717,423856,423867,11,139
423717,423867,423870,3,150
423717,423845,423870,25,128
423717,423857,423871,14,140
423717,423861,423873,12,144
423717,423870,423872,2,153
423717,423871,423874,3,154
423717,423871,423876,5,154
423717,423866,423876,10,149
423717,423861,423876,15,144
423717,423831,423878,47,114
423717,423865,423879,14,148
423717,423873,423879,6,156
423717,423862,423880,18,145
422312,422618,423881,1263,306
423717,423864,423881,17,147
423717,423873,423881,8,156
423717,423880,423882,2,163
423717,423874,423882,8,157
423717,423876,423883,7,159
423717,423876,423883,7,159
423781,423882,423883,1,101
423781,423882,423883,1,101
423717,423879,423884,5,162
423717,423865,423884,19,148
423781,423881,423883,2,100
423717,423879,423885,6,162
423781,423883,423885,2,102
423717,423876,423885,9,159
423781,423884,423886,2,103
423781,423882,423886,4,101
423717,423878,423887,9,161
423781,423884,423886,2,103
423781,423887,423897,10,106
423781,423884,423897,13,103
423781,423897,423908,11,116
423781,423887,423909,22,106
423781,423898,423913,15,117
423781,423884,423915,31,103
423717,423817,423917,100,100
423781,423886,423919,33,105
423781,423884,423921,37,103
423781,423886,423925,39,105
423781,423915,423926,11,134
423781,423917,423926,9,136
423717,423817,423926,109,100
423781,423908,423927,19,127
423781,423913,423928,15,132
423781,423928,423934,6,147
423781,423921,423934,13,140
423781,423928,423935,7,147
423781,423919,423935,16,138
423781,423926,423936,10,145
423781,423926,423940,14,145
423781,423934,423941,7,153
423781,423935,423944,9,154
423781,423926,423945,19,145
423781,423937,423945,8,156
423781,423935,423945,10,154
423781,423935,423945,10,154
423781,423945,423947,2,164
423781,423945,423947,2,164
423781,423944,423947,3,163
423781,423946,423948,2,165
422492,422716,423948,1232,224
423781,423945,423949,4,164
423781,423942,423948,6,161
423781,423940,423949,9,159
423781,423925,423950,25,144
423781,423947,423949,2,166
423781,423950,423952,2,169
423781,423950,423951,1,169
423781,423947,423952,5,166
423781,423949,423953,4,168
423781,423949,423954,5,168
423781,423952,423953,1,171
423781,423952,423953,1,171
423781,423952,423955,3,171
423781,423953,423955,2,172
423781,423949,423955,6,168
423781,423954,423955,1,173
423781,423954,423955,1,173
423781,423954,423956,2,173
423781,423947,423956,9,166
423781,423948,423956,8,167
423781,423955,423957,2,174
423781,423948,423956,8,167
423781,423955,423957,2,174
423882,423956,423957,1,74
423882,423956,423959,3,74
423882,423956,423958,2,74
423882,423956,423958,2,74
423882,423956,423959,3,74
423882,423957,423958,1,75
423882,423957,423959,2,75
423781,423909,423960,51,128
423781,423885,423969,84,104
423882,423957,423971,14,75
422680,422992,423978,986,312
423882,423961,423981,20,79
423882,423958,423988,30,76
423882,423959,423990,31,77
423781,423884,423991,107,103
423781,423885,423993,108,104
423882,423981,423994,13,99
423882,423978,423994,16,96
423882,423960,423994,34,78
423882,423990,424000,10,108
423882,423988,424001,13,106
423882,423994,424002,8,112
423882,423994,424002,8,112
423882,423969,424002,33,87
423882,424001,424005,4,119
423882,423993,424006,13,111
423882,423991,424007,16,109
423882,424000,424007,7,118
423882,423994,424008,14,112
423882,424002,424009,7,120
423882,424007,424013,6,125
423882,424008,424013,5,126
423882,423971,424013,42,89
423882,424009,424014,5,127
423882,423959,424014,55,77
423882,424006,424016,10,124
423882,424007,424016,9,125
423882,424005,424017,12,123
423882,424002,424018,16,120
423717,423817,424019,202,100
423882,424003,424018,15,121
423882,424013,424019,6,131
423882,424013,424023,10,131
423882,424015,424026,11,133
423882,424017,424028,11,135
423882,424016,424028,12,134
423882,424027,424028,1,145
423882,424018,424030,12,136
423882,423959,424030,71,77
423882,424020,424031,11,138
423882,424024,424031,7,142
423882,424016,424031,15,134
423882,424019,424032,13,137
423882,423959,424031,72,77
423882,424028,424033,5,146
423882,424019,424034,15,137
423882,424014,424034,20,132
423882,424033,424034,1,151
423882,424034,424036,2,152
423882,424032,424036,4,150
423882,424030,424037,7,148
423882,424029,424037,8,147
423882,424029,424036,7,147
423882,424031,424037,6,149
423949,424035,424036,1,86
423882,424031,424038,7,149
423949,424036,424038,2,87
423949,424036,424038,2,87
423882,424032,424038,6,150
423949,424037,424038,1,88
423949,424037,424039,2,88
423949,424038,424040,2,89
423949,424037,424040,3,88
423882,424031,424039,8,149
423882,424031,424039,8,149
423882,424013,424041,28,131
423882,423959,424042,83,77
423949,424038,424051,13,89
423949,424043,424056,13,94
423949,424040,424058,18,91
423949,424040,424059,19,91
423949,424051,424060,9,102
423949,424040,424062,22,91
423949,424040,424064,24,91
423949,424038,424064,26,89
423949,424056,424065,9,107
423949,424058,424065,7,109
423949,424038,424066,28,89
423949,424041,424066,25,92
423949,424059,424066,7,110
423949,424065,424068,3,116
423949,424066,424069,3,117
423949,424040,424069,29,91
423949,424065,424070,5,116
423949,424064,424071,7,115
423949,424066,424071,5,117
423949,424066,424072,6,117
423949,424065,424072,7,116
423949,424062,424072,10,113
423949,424068,424073,5,119
423949,424060,424075,15,111
423949,424070,424075,5,121
423949,424069,424076,7,120
423949,424072,424077,5,123
422566,422813,424077,1264,247
423949,424071,424077,6,122
423949,424071,424078,7,122
423949,424069,424078,9,120
423949,424072,424078,6,123
423781,423885,424082,197,104
423949,424073,424083,10,124
423949,424075,424086,11,126
423949,424075,424086,11,126
423949,424039,424086,47,90
423949,424078,424087,9,129
423949,424076,424087,11,127
423949,424077,424087,10,128
423949,424077,424090,13,128
423949,424074,424089,15,125
423949,424088,424091,3,139
423949,424077,424091,14,128
423949,424087,424091,4,138
423949,424083,424091,8,134
423949,424090,424092,2,141
423949,424086,424092,6,137
423949,424078,424093,15,129
423949,424091,424093,2,142
423949,424090,424093,3,141
423949,424088,424093,5,139
423949,424086,424093,7,137
423978,424092,424094,2,114
423949,424082,424094,12,133
423949,424086,424093,7,137
423949,424091,424094,3,142
423978,424092,424094,2,114
423978,424093,424095,2,115
423949,424080,424094,14,131
423978,424093,424095,2,115
423978,424092,424094,2,114
423978,424093,424094,1,115
423978,424093,424096,3,115
423978,424094,424104,10,116
423978,424094,424110,16,116
423978,424095,424112,17,117
423978,424110,424115,5,132
423978,424094,424117,23,116
423978,424096,424116,20,118
423978,424112,424116,4,134
423978,424115,424117,2,137
423978,424104,424124,20,126
423978,424117,424125,8,139
423978,424117,424127,10,139
423978,424117,424127,10,139
423978,424117,424128,11,139
423949,424040,424132,92,91
423949,424040,424134,94,91
423978,424124,424134,10,146
423978,424095,424134,39,117
423978,424127,424137,10,149
423978,424125,424137,12,147
423978,424127,424138,11,149
423978,424130,424138,8,152
423978,424095,424141,46,117
423978,424132,424141,9,154
423978,424139,424143,4,161
423978,424141,424143,2,163
423978,424141,424144,3,163
423978,424134,424143,9,156
423978,424143,424144,1,165
423978,424143,424145,2,165
423978,424095,424146,51,117
423978,424134,424145,11,156
423978,424137,424145,8,159
423978,424134,424147,13,156
423978,424144,424146,2,166
423978,424145,424147,2,167
423978,424139,424147,8,161
423978,424145,424148,3,167
423978,424144,424148,4,166
423978,424146,424148,2,168
423978,424137,424149,12,159
423978,424147,424149,2,169
423978,424147,424149,2,169
423978,424147,424150,3,169
423978,424148,424151,3,170
423978,424148,424150,2,170
423978,424147,424151,4,169
423978,424147,424152,5,169
423978,424149,424152,3,171
423978,424150,424152,2,172
423978,424150,424152,2,172
423978,424150,424152,2,172
423978,424095,424154,59,117
424078,424152,424154,2,74
424078,424152,424154,2,74
423978,424148,424155,7,170
423978,424148,424155,7,170
424078,424152,424154,2,74
424078,424153,424156,3,75
424078,424154,424155,1,76
422617,422934,424156,1222,317
424078,424154,424157,3,76
423978,424151,424156,5,173
423978,424151,424156,5,173
424078,424154,424156,2,76
424078,424154,424162,8,76
423978,424094,424164,70,116
424078,424158,424169,11,80
424078,424155,424170,15,77
424078,424162,424170,8,84
424078,424164,424173,9,86
424078,424170,424177,7,92
424078,424169,424177,8,91
424078,424170,424179,9,92
423978,424096,424185,89,118
423978,424094,424189,95,116
424078,424177,424190,13,99
424078,424179,424190,11,101
424078,424157,424191,34,79
424078,424173,424194,21,95
424078,424155,424195,40,77
424078,424189,424198,9,111
424078,424194,424200,6,116
424078,424190,424201,11,112
424078,424190,424202,12,112
424078,424191,424202,11,113
424078,424195,424203,8,117
424078,424177,424203,26,99
424078,424185,424204,19,107
424078,424202,424204,2,124
424078,424203,424205,2,125
424078,424204,424206,2,126
424078,424204,424205,1,126
424078,424204,424207,3,126
424078,424199,424208,9,121
424078,424202,424209,7,124
424078,424205,424208,3,127
424078,424206,424210,4,128
424078,424206,424210,4,128
424078,424157,424211,54,79
424078,424200,424213,13,122
422758,423062,424215,1153,304
424078,424201,424215,14,123
424078,424207,424215,8,129
424078,424209,424215,6,131
424078,424211,424217,6,133
424078,424215,424217,2,137
424078,424210,424218,8,132
424078,424215,424218,3,137
424078,424210,424217,7,132
424078,424215,424218,3,137
424078,424215,424219,4,137
424078,424217,424218,1,139
424078,424218,424219,1,140
424078,424217,424219,2,139
424078,424208,424219,11,130
424078,424218,424220,2,140
424078,424218,424220,2,140
424078,424218,424220,2,140
424078,424210,424219,9,132
424158,424219,424221,2,61
424078,424214,424222,8,136
424158,424220,424222,2,62
424158,424219,424222,3,61
424158,424220,424222,2,62
424158,424219,424221,2,61
424158,424220,424223,3,62
424158,424220,424222,2,62
424158,424220,424233,13,62
424078,424157,424250,93,79
424158,424221,424251,30,63
424158,424233,424256,23,75
424158,424250,424265,15,92
424158,424222,424272,50,64
424078,424156,424282,126,78
424158,424223,424284,61,65
424158,424265,424289,24,107
424158,424251,424291,40,93
424158,424284,424293,9,126
424158,424290,424294,4,132
424158,424222,424295,73,64
424158,424291,424297,6,133
424158,424282,424298,16,124
424158,424223,424299,76,65
424158,424256,424303,47,98
424078,424156,424304,148,78
424158,424295,424307,12,137
424158,424293,424308,15,135
424158,424294,424308,14,136
424158,424222,424311,89,64
424158,424303,424314,11,145
424158,424304,424314,10,146
424158,424299,424315,16,141
424158,424307,424315,8,149
424158,424272,424314,42,114
424158,424297,424316,19,139
424158,424222,424316,94,64
424158,424315,424317,2,157
424158,424315,424317,2,157
424158,424308,424317,9,150
424158,424316,424318,2,158
424158,424315,424318,3,157
424158,424222,424319,97,64
424158,424316,424319,3,158
424158,424314,424318,4,156
424158,424308,424319,11,150
424158,424311,424321,10,153
424158,424314,424322,8,156
424158,424299,424322,23,141
424158,424319,424322,3,161
424158,424321,424324,3,163
424158,424322,424324,2,164
424158,424317,424324,7,159
424158,424318,424325,7,160
424078,424156,424325,169,78
424158,424322,424326,4,164
424158,424319,424326,7,161
424158,424324,424326,2,166
424158,424325,424327,2,167
424158,424324,424327,3,166
424158,424323,424327,4,165
424158,424319,424327,8,161
424216,424327,424329,2,111
424158,424317,424329,12,159
424158,424319,424328,9,161
424158,424325,424328,3,167
424216,424327,424329,2,111
424216,424326,424328,2,110
424158,424317,424330,13,159
424216,424327,424330,3,111
424158,424318,424329,11,160
424158,424326,424330,4,168
424216,424327,424330,3,111
424158,424326,424330,4,168
424216,424329,424331,2,113
424216,424329,424333,4,113
424216,424329,424355,26,113
424216,424329,424356,27,113
424216,424356,424361,5,140
424216,424331,424364,33,115
424216,424364,424366,2,148
424216,424361,424366,5,145
424216,424355,424370,15,139
424216,424330,424371,41,114
424216,424366,424373,7,150
424216,424366,424373,7,150
424216,424330,424374,44,114
424216,424331,424373,42,115
424216,424329,424375,46,113
424216,424330,424375,45,114
424216,424370,424379,9,154
424216,424371,424382,11,155
424216,424373,424384,11,157
424216,424374,424386,12,158
424216,424330,424386,56,114
424216,424375,424385,10,159
424216,424333,424387,54,117
424216,424373,424387,14,157
424216,424374,424387,13,158
424216,424387,424390,3,171
424216,424375,424390,15,159
424216,424388,424392,4,172
422855,423138,424392,1254,283
424216,424379,424393,14,163
424216,424386,424394,8,170
424216,424386,424394,8,170
424216,424384,424394,10,168
424216,424390,424396,6,174
424216,424393,424396,3,177
424216,424387,424396,9,171
424216,424390,424395,5,174
424216,424386,424397,11,170
424216,424329,424396,67,113
424216,424382,424397,15,166
424216,424392,424398,6,176
424216,424395,424398,3,179
424216,424396,424398,2,180
424078,424156,424398,242,78
424216,424396,424398,2,180
424216,424396,424399,3,180
424216,424394,424399,5,178
424216,424397,424399,2,181
424216,424397,424400,3,181
424216,424394,424400,6,178
424216,424397,424400,3,181
424216,424330,424401,71,114
424216,424393,424400,7,177
424216,424398,424402,4,182
424216,424399,424402,3,183
424393,424400,424402,2,7
424393,424400,424403,3,7
424216,424399,424403,4,183
424216,424398,424403,5,182
424216,424400,424403,3,184
424393,424400,424404,4,7
424216,424399,424405,6,183
424393,424401,424404,3,8
424216,424398,424406,8,182
424216,424398,424405,7,182
424393,424402,424407,5,9
424393,424401,424407,6,8
424393,424402,424407,5,9
424393,424403,424413,10,10
424393,424407,424418,11,14
424393,424407,424420,13,14
424393,424413,424421,8,20
424393,424407,424425,18,14
424393,424405,424426,21,12
424393,424420,424428,8,27
424393,424423,424429,6,30
424393,424426,424432,6,33
424393,424418,424433,15,25
424393,424428,424435,7,35
424393,424425,424435,10,32
424393,424403,424435,32,10
424393,424406,424437,31,13
424393,424403,424438,35,10
424393,424430,424440,10,37
424393,424432,424443,11,39
424393,424403,424443,40,10
424393,424406,424444,38,13
424393,424436,424447,11,43
424393,424435,424447,12,42
424393,424435,424449,14,42
424393,424437,424449,12,44
424393,424440,424450,10,47
424393,424433,424450,17,40
424393,424438,424449,11,45
424393,424444,424451,7,51
424393,424405,424451,46,12
424393,424448,424451,3,55
424393,424404,424452,48,11
424393,424447,424453,6,54
424393,424443,424454,11,50
424393,424450,424454,4,57
424393,424451,424453,2,58
424393,424453,424455,2,60
424393,424454,424456,2,61
424393,424454,424456,2,61
424393,424453,424456,3,60
424393,424454,424457,3,61
424393,424450,424456,6,57
424393,424455,424458,3,62
424393,424450,424458,8,57
424393,424456,424458,2,63
424393,424449,424457,8,56
424393,424449,424458,9,56
424393,424451,424459,8,58
424393,424456,424459,3,63
424393,424456,424459,3,63
424393,424457,424460,3,64
424393,424457,424460,3,64
424393,424443,424459,16,50
424393,424403,424460,57,10
424393,424458,424460,2,65
424393,424458,424461,3,65
424393,424458,424461,3,65
424393,424452,424460,8,59
424393,424458,424462,4,65
422869,423205,424477,1272,336
424477,424477,424479,2,0
424477,424478,424480,2,1
424477,424478,424480,2,1
424477,424478,424480,2,1
424477,424478,424480,2,1
424477,424478,424480,2,1
424477,424478,424480,2,1
424477,424478,424487,9,1
424477,424480,424490,10,3
424477,424481,424494,13,4
424477,424480,424496,16,3
424477,424487,424502,15,10
424477,424480,424503,23,3
424477,424480,424503,23,3
424477,424478,424506,28,1
424477,424503,424506,3,26
424477,424502,424507,5,25
424477,424480,424508,28,3
424477,424503,424510,7,26
424477,424478,424511,33,1
424477,424497,424514,17,20
424477,424480,424515,35,3
424477,424506,424516,10,29
424477,424507,424515,8,30
424477,424508,424518,10,31
424477,424478,424518,40,1
424477,424507,424521,14,30
424477,424510,424522,12,33
424477,424512,424524,12,35
424477,424518,424524,6,41
424477,424521,424525,4,44
424477,424514,424525,11,37
424477,424522,424527,5,45
424477,424516,424526,10,39
424477,424524,424529,5,47
424477,424494,424529,35,17
424477,424518,424529,11,41
424477,424490,424530,40,13
424477,424478,424530,52,1
422997,423349,424530,1181,352
424477,424530,424532,2,53
424477,424529,424532,3,52
424477,424524,424533,9,47
424477,424530,424532,2,53
424477,424529,424534,5,52
424477,424532,424535,3,55
424477,424531,424535,4,54
424477,424529,424535,6,52
424477,424527,424537,10,50
424477,424532,424537,5,55
424477,424516,424537,21,39
424477,424533,424538,5,56
424477,424527,424538,11,50
424477,424525,424541,16,48
424477,424525,424543,18,48
424477,424537,424544,7,60
424477,424533,424544,11,56
424531,424543,424545,2,12
424477,424535,424545,10,58
424477,424537,424545,8,60
424477,424536,424545,9,59
424477,424535,424546,11,58
424531,424538,424546,8,7
424477,424534,424545,11,57
424531,424544,424546,2,13
424531,424541,424546,5,10
424477,424537,424546,9,60
424531,424544,424546,2,13
424531,424545,424547,2,14
424477,424516,424548,32,39
424531,424545,424547,2,14
424477,424478,424551,73,1
424531,424545,424554,9,14
422956,423284,424567,1283,328
424531,424548,424567,19,17
424531,424547,424569,22,16
424531,424547,424572,25,16
424531,424548,424573,25,17
424531,424546,424574,28,15
424531,424545,424578,33,14
424531,424574,424578,4,43
424531,424573,424581,8,42
424531,424578,424583,5,47
424531,424546,424583,37,15
424531,424551,424584,33,20
424531,424579,424588,9,48
424531,424547,424588,41,16
424531,424581,424589,8,50
424531,424583,424592,9,52
424531,424572,424592,20,41
424531,424546,424594,48,15
424531,424583,424595,12,52
424531,424584,424596,12,53
424531,424594,424597,3,63
423119,423389,424598,1209,270
424531,424588,424600,12,57
424531,424589,424600,11,58
424531,424588,424601,13,57
424531,424597,424601,4,66
424531,424595,424600,5,64
424531,424598,424602,4,67
424531,424600,424604,4,69
424531,424601,424604,3,70
424531,424596,424604,8,65
424531,424600,424604,4,69
424531,424593,424606,13,62
424531,424601,424605,4,70
424531,424601,424608,7,70
424531,424554,424608,54,23
424531,424569,424609,40,38
424531,424604,424610,6,73
424531,424604,424610,6,73
424531,424602,424610,8,71
424531,424592,424611,19,61
424531,424547,424611,64,16
424531,424604,424612,8,73
424531,424610,424612,2,79
424531,424610,424611,1,79
424531,424604,424612,8,73
424531,424607,424613,6,76
424531,424611,424614,3,80
424567,424612,424614,2,45
424531,424611,424613,2,80
424531,424612,424614,2,81
424531,424606,424613,7,75
424531,424609,424613,4,78
424531,424611,424613,2,80
424567,424613,424615,2,46
424567,424613,424615,2,46
424531,424609,424616,7,78
424567,424614,424616,2,47
424531,424608,424616,8,77
424567,424614,424615,1,47
424567,424614,424617,3,47
424567,424614,424617,3,47
424567,424614,424624,10,47
424567,424616,424628,12,49
424567,424614,424638,24,47
424531,424567,424638,71,36
424531,424546,424642,96,15
424567,424614,424643,29,47
424567,424617,424645,28,50
424567,424616,424645,29,49
424567,424645,424648,3,78
424567,424618,424650,32,51
424567,424648,424651,3,81
424567,424616,424651,35,49
424567,424616,424651,35,49
424567,424624,424654,30,57
424567,424645,424655,10,78
424567,424650,424656,6,83
424531,424567,424657,90,36
424567,424615,424659,44,48
424567,424651,424661,10,84
424567,424651,424661,10,84
424567,424651,424661,10,84
424567,424661,424664,3,94
424567,424654,424666,12,87
424567,424655,424667,12,88
424567,424664,424667,3,97
424567,424656,424668,12,89
424567,424657,424668,11,90
424567,424668,424670,2,101
424567,424666,424670,4,99
424567,424668,424671,3,101
424567,424670,424672,2,103
424567,424667,424672,5,100
424567,424667,424672,5,100
424567,424670,424674,4,103
424567,424671,424676,5,104
424567,424659,424677,18,92
424567,424615,424678,63,48
424567,424661,424677,16,94
424567,424672,424678,6,105
424567,424672,424678,6,105
424567,424673,424682,9,106
424567,424679,424682,3,112
424567,424674,424682,8,107
424567,424678,424682,4,111
424567,424682,424684,2,115
424567,424682,424684,2,115
424567,424628,424685,57,61
424567,424676,424684,8,109
424567,424682,424685,3,115
424567,424682,424685,3,115
424567,424678,424685,7,111
424567,424677,424685,8,110
424567,424684,424687,3,117
424567,424638,424686,48,71
424567,424678,424686,8,111
424567,424684,424686,2,117
424599,424685,424687,2,86
424599,424685,424687,2,86
424599,424686,424688,2,87
424599,424685,424687,2,86
424599,424687,424688,1,88
424599,424687,424690,3,88
424599,424687,424690,3,88
424567,424639,424691,52,72
424567,424661,424692,31,94
424567,424644,424692,48,77
424599,424687,424694,7,88
424599,424692,424712,20,93
424599,424687,424713,26,88
424599,424688,424716,28,89
424599,424690,424717,27,91
424599,424688,424717,29,89
424599,424689,424720,31,90
424599,424691,424721,30,92
424567,424642,424722,80,75
424599,424693,424723,30,94
424599,424694,424724,30,95
424599,424720,424728,8,121
424599,424721,424729,8,122
424599,424722,424732,10,123
424599,424723,424739,16,124
424599,424729,424739,10,130
424599,424725,424740,15,126
424599,424729,424739,10,130
424599,424690,424740,50,91
424599,424717,424742,25,118
424599,424732,424743,11,133
423218,423445,424747,1302,227
424599,424712,424748,36,113
423355,423504,424748,1244,149
423473,423578,424752,1174,105
424599,424739,424756,17,140
424599,424742,424757,15,143
424599,424739,424757,18,140
424599,424756,424759,3,157
424599,424747,424760,13,148
424599,424743,424761,18,144
424599,424757,424761,4,158
424599,424740,424764,24,141
424599,424757,424765,8,158
424599,424759,424767,8,160
424599,424740,424767,27,141
424599,424752,424769,17,153
424599,424760,424769,9,161
424599,424749,424769,20,150
424599,424761,424769,8,162
424599,424740,424771,31,141
424599,424689,424771,82,90
424599,424769,424772,3,170
424599,424765,424772,7,166
424599,424761,424772,11,162
424599,424769,424773,4,170
424599,424764,424773,9,165
424599,424767,424773,6,168
424599,424769,424773,4,170
424599,424772,424774,2,173
423687,423813,424774,961,126
424748,424773,424775,2,25
424599,424772,424775,3,173
424599,424772,424775,3,173
424748,424773,424775,2,25
424599,424767,424774,7,168
424748,424773,424776,3,25
424748,424774,424776,2,26
424599,424769,424776,7,170
424748,424774,424776,2,26
424599,424771,424776,5,172
424599,424771,424777,6,172
424748,424775,424777,2,27
424599,424748,424779,31,149
424748,424775,424779,4,27
424599,424688,424781,93,89
424748,424775,424787,12,27
424599,424713,424788,75,114
424599,424717,424788,71,118
424748,424778,424795,17,30
424748,424787,424796,9,39
424748,424775,424797,22,27
424748,424788,424799,11,40
424748,424788,424801,13,40
424599,424716,424803,87,117
424748,424777,424803,26,29
424748,424779,424803,24,31
424748,424795,424805,10,47
424748,424777,424807,30,29
424748,424776,424808,32,28
424748,424776,424811,35,28
424748,424799,424811,12,51
424748,424803,424812,9,55
424748,424797,424813,16,49
424748,424775,424815,40,27
424748,424805,424817,12,57
424748,424796,424817,21,48
424748,424781,424817,36,33
424748,424803,424818,15,55
424748,424807,424820,13,59
424748,424811,424822,11,63
424748,424808,424822,14,60
424748,424779,424824,45,31
424748,424803,424828,25,55
424748,424822,424828,6,74
424748,424813,424829,16,65
424748,424822,424829,7,74
424748,424824,424829,5,76
424748,424817,424830,13,69
424748,424801,424829,28,53
424748,424815,424831,16,67
424748,424820,424831,11,72
424748,424811,424832,21,63
424748,424817,424832,15,69
424748,424812,424834,22,64
424748,424832,424836,4,84
424748,424828,424836,8,80
424748,424832,424837,5,84
424748,424829,424837,8,81
424748,424834,424837,3,86
424748,424828,424836,8,80
424748,424829,424837,8,81
424748,424831,424837,6,83
424748,424836,424837,1,88
424748,424836,424839,3,88
424749,424837,424839,2,88
424748,424829,424838,9,81
424748,424837,424839,2,89
424748,424831,424840,9,83
424748,424837,424839,2,89
424748,424837,424840,3,89
424749,424838,424840,2,89
424748,424830,424840,10,82
424749,424838,424840,2,89
424748,424831,424841,10,83
424748,424776,424840,64,28
424749,424839,424842,3,90
424749,424839,424841,2,90
424749,424839,424841,2,90
424749,424839,424843,4,90
424748,424817,424845,28,69
424748,424776,424846,70,28
424748,424818,424850,32,70
424749,424846,424858,12,97
424749,424845,424858,13,96
424749,424844,424860,16,95
424749,424850,424861,11,101
424749,424858,424868,10,109
424749,424840,424869,29,91
424749,424858,424872,14,109
424749,424842,424872,30,93
424749,424860,424872,12,111
424749,424841,424873,32,92
424749,424840,424872,32,91
424749,424840,424875,35,91
424749,424861,424876,15,112
424749,424842,424879,37,93
424749,424869,424879,10,120
424749,424868,424882,14,119
424749,424872,424885,13,123
424749,424873,424888,15,124
424749,424873,424888,15,124
424749,424875,424889,14,126
424749,424842,424890,48,93
423571,423683,424892,1209,112
424749,424872,424893,21,123
424749,424872,424893,21,123
424749,424882,424895,13,133
424749,424841,424897,56,92
424749,424876,424897,21,127
424749,424879,424898,19,130
424749,424885,424901,16,136
423532,423625,424901,1276,93
424749,424893,424901,8,144
424749,424888,424901,13,139
424749,424888,424904,16,139
424749,424895,424905,10,146
424749,424897,424905,8,148
424749,424879,424905,26,130
424749,424892,424905,13,143
424749,424840,424907,67,91
424749,424905,424908,3,156
424749,424905,424908,3,156
424749,424898,424908,10,149
424749,424893,424909,16,144
424749,424906,424909,3,157
424749,424841,424909,68,92
424749,424901,424909,8,152
424749,424907,424909,2,158
424749,424908,424910,2,159
424749,424901,424910,9,152
424749,424901,424909,8,152
424749,424897,424910,13,148
424749,424908,424911,3,159
424749,424908,424911,3,159
424749,424905,424911,6,156
424753,424910,424912,2,157
424753,424909,424912,3,156
424749,424903,424911,8,154
424749,424909,424912,3,160
424753,424910,424912,2,157
424753,424910,424912,2,157
424749,424840,424913,73,91
424753,424910,424912,2,157
424749,424904,424913,9,155
424753,424911,424913,2,158
424753,424911,424915,4,158
424749,424891,424916,25,142
424749,424889,424917,28,140
424753,424915,424925,10,162
424753,424915,424927,12,162
424753,424916,424927,11,163
424753,424915,424929,14,162
424753,424917,424928,11,164
424753,424911,424934,23,158
424753,424911,424935,24,158
424753,424925,424938,13,172
424753,424913,424941,28,160
424753,424927,424941,14,174
424753,424912,424942,30,159
424753,424928,424944,16,175
424753,424912,424945,33,159
424753,424935,424946,11,182
424753,424929,424946,17,176
424753,424936,424947,11,183
424753,424912,424949,37,159
424753,424913,424954,41,160
424753,424941,424955,14,188
424753,424938,424956,18,185
424753,424929,424957,28,176
424753,424945,424959,14,192
424753,424942,424961,19,189
424753,424946,424961,15,193
424753,424912,424961,49,159
424753,424941,424961,20,188
424753,424949,424961,12,196
424753,424913,424967,54,160
424753,424959,424967,8,206
424753,424944,424967,23,191
424753,424957,424969,12,204
424753,424947,424971,24,194
424753,424961,424971,10,208
424753,424947,424972,25,194
424753,424913,424971,58,160
424753,424956,424972,16,203
424753,424962,424972,10,209
424753,424954,424972,18,201
424753,424962,424974,12,209
424753,424972,424975,3,219
424753,424972,424974,2,219
424753,424974,424976,2,221
424753,424972,424976,4,219
424753,424972,424976,4,219
424753,424973,424976,3,220
424753,424967,424977,10,214
424753,424967,424976,9,214
424753,424975,424978,3,222
424753,424969,424978,9,216
424753,424972,424977,5,219
424753,424975,424977,2,222
424753,424961,424979,18,208
424753,424967,424979,12,214
424775,424976,424979,3,201
424775,424977,424979,2,202
424775,424976,424978,2,201
424775,424976,424979,3,201
424753,424971,424981,10,218
424775,424977,424981,4,202
424775,424978,424982,4,203
424753,424913,424982,69,160
424775,424978,424982,4,203
424753,424956,424985,29,203
424753,424961,424987,26,208
424775,424978,424987,9,203
423599,423750,424993,1243,151
424775,424983,424999,16,208
424775,424987,424999,12,212
424775,424985,424999,14,210
424775,424987,425001,14,212
424775,424982,425002,20,207
424775,424993,425007,14,218
424775,425004,425013,9,229
424775,424999,425015,16,224
424775,425001,425016,15,226
424775,425007,425016,9,232
424775,425000,425020,20,225
424775,424999,425021,22,224
424775,425013,425021,8,238
424775,424979,425023,44,204
424775,425016,425026,10,241
424775,425016,425027,11,241
424775,425021,425027,6,246
424775,425015,425028,13,240
424775,424980,425030,50,205
424775,425020,425031,11,245
424775,425022,425031,9,247
424775,424982,425032,50,207
424775,425027,425034,7,252
424775,425028,425036,8,253
424775,425030,425037,7,255
424775,425023,425039,16,248
424775,425026,425039,13,251
424775,425027,425041,14,252
424775,425031,425042,11,256
424775,425031,425044,13,256
424775,425032,425045,13,257
424775,425034,425047,13,259
423949,424091,425048,957,142
424775,424980,425049,69,205
424775,425039,425049,10,264
424775,425044,425049,5,269
424775,425041,425051,10,266
424775,425042,425051,9,267
424775,425036,425052,16,261
424775,425048,425052,4,273
424775,425049,425053,4,274
424775,425037,425053,16,262
424775,425050,425053,3,275
424775,425051,425054,3,276
424775,425051,425054,3,276
424775,425045,425053,8,270
424775,425047,425054,7,272
424892,425053,425055,2,161
424775,425049,425055,6,274
424775,425039,425054,15,264
424775,425052,425056,4,277
424892,425054,425057,3,162
424892,425055,425056,1,163
424775,424981,425057,76,206
424892,425054,425057,3,162
424775,425052,425057,5,277
424892,425054,425057,3,162
424892,425054,425057,3,162
424892,425055,425058,3,163
424892,425055,425066,11,163
424892,425059,425077,18,167
424892,425057,425079,22,165
424892,425057,425079,22,165
424892,425066,425079,13,174
424892,425057,425080,23,165
424892,425055,425087,32,163
424892,425056,425088,32,164
424892,425077,425088,11,185
424892,425079,425089,10,187
424892,425079,425090,11,187
424892,425079,425093,14,187
424892,425082,425094,12,190
424775,424979,425094,115,204
424892,425090,425098,8,198
424892,425057,425099,42,165
424892,425057,425101,44,165
424892,425089,425100,11,197
424892,425094,425102,8,202
424892,425087,425102,15,195
424892,425095,425104,9,203
424775,424982,425106,124,207
424892,425093,425106,13,201
424892,425058,425106,48,166
424892,425088,425108,20,196
424892,425098,425109,11,206
424892,425103,425110,7,211
424892,425103,425111,8,211
424892,425099,425111,12,207
424892,425088,425112,24,196
424892,425106,425113,7,214
424892,425104,425113,9,212
424892,425101,425113,12,209
424775,424979,425113,134,204
424892,425101,425113,12,209
424892,425106,425116,10,214
424892,425108,425118,10,216
424892,425109,425119,10,217
424892,425106,425121,15,214
423718,423881,425121,1240,163
424892,425116,425122,6,224
424892,425111,425122,11,219
424892,425111,425122,11,219
424892,425114,425124,10,222
424892,425114,425124,10,222
424892,425113,425124,11,221
424892,425118,425125,7,226
424892,425111,425125,14,219
424892,425057,425125,68,165
424892,425113,425126,13,221
424892,425122,425125,3,230
424892,425121,425126,5,229
424892,425113,425127,14,221
424892,425121,425127,6,229
424892,425119,425126,7,227
424892,425123,425126,3,231
424902,425126,425128,2,224
424902,425125,425128,3,223
424892,425122,425127,5,230
424892,425124,425128,4,232
424902,425126,425129,3,224
423979,424151,425129,978,172
424902,425126,425128,2,224
424902,425126,425129,3,224
424902,425127,425130,3,225
424902,425127,425129,2,225
424892,425124,425130,6,232
424892,425124,425131,7,232
424892,425112,425132,20,220
424775,424979,425135,156,204
424902,425131,425141,10,229
424902,425129,425141,12,227
424902,425132,425141,9,230
424902,425131,425142,11,229
424902,425128,425143,15,226
424902,425130,425144,14,228
424902,425135,425146,11,233
424902,425129,425147,18,227
424902,425130,425149,19,228
424902,425127,425150,23,225
424902,425141,425151,10,239
424775,424979,425151,172,204
424902,425141,425153,12,239
424902,425144,425154,10,242
424902,425147,425155,8,245
424902,425149,425156,7,247
424902,425146,425156,10,244
424902,425130,425158,28,228
424902,425150,425158,8,248
424902,425154,425160,6,252
424902,425141,425160,19,239
424902,425143,425160,17,241
424902,425151,425161,10,249
424902,425153,425162,9,251
424902,425129,425163,34,227
424902,425151,425165,14,249
424902,425157,425166,9,255
424902,425155,425168,13,253
424902,425157,425170,13,255
424902,425142,425170,28,240
424902,425160,425170,10,258
424902,425129,425171,42,227
424902,425158,425172,14,256
424902,425161,425174,13,259
424902,425163,425175,12,261
424902,425160,425175,15,258
424902,425160,425175,15,258
424902,425165,425177,12,263
424902,425129,425177,48,227
424902,425166,425177,11,264
424902,425170,425178,8,268
424902,425158,425180,22,256
424902,425174,425180,6,272
424902,425178,425180,2,276
424902,425162,425181,19,260
424902,425175,425181,6,273
424902,425179,425182,3,277
424902,425176,425182,6,274
424994,425180,425182,2,186
424902,425177,425183,6,275
424902,425172,425182,10,270
424902,425175,425182,7,273
424902,425177,425182,5,275
424902,425127,425184,57,225
424902,425168,425184,16,266
424994,425180,425184,4,186
424994,425182,425185,3,188
424994,425182,425185,3,188
424994,425181,425185,4,187
424902,425170,425185,15,268
424994,425181,425184,3,187
424994,425182,425184,2,188
424902,425170,425186,16,268
424902,425128,425185,57,226
424902,425171,425186,15,269
424994,425183,425191,8,189
423782,423955,425196,1241,173
424994,425185,425197,12,191
424994,425185,425198,13,191
424994,425186,425198,12,192
424994,425187,425200,13,193
424994,425187,425202,15,193
424994,425185,425204,19,191
424994,425191,425205,14,197
424994,425198,425208,10,204
424994,425200,425210,10,206
424994,425183,425210,27,189
424994,425196,425210,14,202
424994,425202,425212,10,208
424994,425184,425214,30,190
424994,425204,425214,10,210
424994,425205,425215,10,211
424994,425210,425215,5,216
424994,425183,425217,34,189
424994,425214,425217,3,220
424994,425197,425217,20,203
424994,425198,425219,21,204
424994,425210,425220,10,216
424994,425208,425220,12,214
424994,425210,425221,11,216
424994,425217,425223,6,223
424994,425216,425223,7,222
424994,425215,425224,9,221
424994,425184,425226,42,190
424994,425217,425227,10,223
424994,425214,425228,14,220
424994,425217,425229,12,223
424994,425215,425231,16,221
424994,425185,425232,47,191
424994,425219,425234,15,225
424994,425184,425233,49,190
424994,425223,425237,14,229
424994,425226,425237,11,232
424994,425220,425237,17,226
424994,425223,425237,14,229
424994,425224,425238,14,230
424994,425227,425239,12,233
424994,425234,425238,4,240
424994,425220,425239,19,226
424994,425229,425240,11,235
424994,425237,425241,4,243
424994,425231,425241,10,237
424994,425221,425241,20,227
424994,425237,425241,4,243
424994,425234,425242,8,240
425049,425240,425241,1,191
425049,425239,425242,3,190
425049,425239,425243,4,190
424994,425237,425243,6,243
425049,425241,425242,1,192
424994,425232,425242,10,238
425049,425241,425244,3,192
425049,425241,425243,2,192
424994,425238,425244,6,244
425049,425241,425245,4,192
424994,425229,425246,17,235
424994,425238,425247,9,244
425049,425242,425251,9,193
425049,425251,425254,3,202
425049,425245,425256,11,196
424994,425185,425256,71,191
425049,425254,425257,3,205
425049,425244,425257,13,195
425049,425244,425258,14,195
425049,425244,425258,14,195
425049,425245,425260,15,196
425049,425256,425261,5,207
425049,425258,425262,4,209
425049,425258,425262,4,209
425049,425258,425263,5,209
425049,425242,425263,21,193
425049,425246,425266,20,197
425049,425261,425266,5,212
425049,425256,425266,10,207
425049,425257,425267,10,208
425049,425243,425267,24,194
425049,425262,425269,7,213
425049,425262,425269,7,213
425049,425261,425272,11,212
425049,425247,425273,26,198
425049,425242,425273,31,193
425049,425243,425277,34,194
424994,425184,425277,93,190
425049,425263,425278,15,214
425049,425263,425278,15,214
425049,425267,425283,16,218
425049,425266,425284,18,217
425049,425267,425285,18,218
424994,425185,425287,102,191
425049,425272,425289,17,223
425049,425266,425290,24,217
425049,425269,425291,22,220
425049,425289,425293,4,240
425049,425290,425294,4,241
425049,425291,425295,4,242
425049,425277,425295,18,228
425049,425278,425297,19,229
425049,425277,425297,20,228
425049,425266,425297,31,217
425049,425295,425297,2,246
425049,425269,425297,28,220
425049,425293,425298,5,244
425049,425283,425299,16,234
425049,425278,425299,21,229
425049,425273,425299,26,224
425049,425284,425298,14,235
425049,425287,425298,11,238
425049,425273,425300,27,224
425049,425297,425299,2,248
425049,425285,425300,15,236
425049,425294,425300,6,245
425049,425297,425301,4,248
425049,425297,425301,4,248
425049,425297,425301,4,248
425049,425295,425300,5,246
425122,425299,425301,2,177
425122,425299,425302,3,177
423882,424034,425302,1268,152
425122,425299,425303,4,177
425122,425300,425303,3,178
425122,425299,425302,3,177
425049,425297,425303,6,248
425122,425299,425302,3,177
425122,425300,425303,3,178
425122,425300,425309,9,178
424216,424400,425310,910,184
425049,425243,425312,69,194
425122,425303,425318,15,181
425122,425303,425319,16,181
425122,425304,425320,16,182
425122,425311,425320,9,189
425122,425303,425319,16,181
425122,425302,425321,19,180
425122,425309,425321,12,187
425122,425302,425325,23,180
425122,425320,425329,9,198
425122,425321,425330,9,199
425122,425320,425330,10,198
425122,425312,425331,19,190
425122,425320,425330,10,198
425122,425321,425332,11,199
425122,425301,425332,31,179
425122,425330,425334,4,208
425122,425325,425335,10,203
425122,425303,425337,34,181
425122,425319,425339,20,197
425122,425329,425340,11,207
425122,425331,425340,9,209
425122,425301,425341,40,179
425122,425332,425343,11,210
425122,425335,425343,8,213
425122,425330,425344,14,208
425122,425337,425343,6,215
425122,425334,425343,9,212
425122,425332,425344,12,210
425122,425331,425346,15,209
425122,425303,425350,47,181
425122,425318,425351,33,196
425122,425344,425353,9,222
425122,425339,425353,14,217
425122,425341,425353,12,219
425122,425346,425354,8,224
425122,425301,425354,53,179
425122,425340,425355,15,218
425122,425340,425355,15,218
425122,425344,425356,12,222
425122,425353,425356,3,231
425122,425355,425357,2,233
425122,425354,425357,3,232
425122,425354,425357,3,232
425122,425351,425358,7,229
425129,425357,425359,2,228
425122,425350,425359,9,228
425122,425354,425359,5,232
425122,425343,425358,15,221
425129,425357,425359,2,228
425122,425343,425360,17,221
425122,425355,425360,5,233
425122,425344,425361,17,222
425129,425359,425360,1,230
425129,425359,425361,2,230
425122,425353,425361,8,231
425129,425357,425360,3,228
425129,425358,425360,2,229
425129,425359,425362,3,230
425122,425344,425363,19,222
425122,425356,425365,9,234
425129,425359,425369,10,230
425129,425361,425373,12,232
425129,425362,425374,12,233
425129,425361,425375,14,232
425122,425301,425377,76,179
425129,425361,425381,20,232
425129,425361,425381,20,232
425129,425374,425381,7,245
425129,425373,425384,11,244
425129,425363,425383,20,234
425129,425375,425385,10,246
425129,425359,425386,27,230
425122,425301,425386,85,179
425129,425361,425389,28,232
425129,425385,425394,9,256
425129,425361,425394,33,232
425129,425384,425394,10,255
425129,425386,425394,8,257
425129,425381,425397,16,252
425129,425387,425398,11,258
425129,425389,425400,11,260
425129,425377,425400,23,248
425129,425381,425401,20,252
425129,425360,425402,42,231
425129,425360,425403,43,231
425129,425369,425403,34,240
425129,425397,425405,8,268
425129,425398,425406,8,269
425129,425381,425407,26,252
425129,425400,425409,9,271
425129,425394,425409,15,265
425129,425394,425409,15,265
425129,425384,425413,29,255
425129,425365,425414,49,236
425129,425394,425414,20,265
424079,424219,425416,1197,140
425129,425394,425416,22,265
425129,425414,425417,3,285
425129,425414,425417,3,285
425129,425401,425419,18,272
425129,425413,425419,6,284
425129,425401,425420,19,272
425129,425405,425420,15,276
425129,425403,425419,16,274
425129,425416,425420,4,287
425129,425417,425421,4,288
425129,425417,425421,4,288
425129,425404,425422,18,275
425129,425419,425422,3,290
425129,425407,425422,15,278
425129,425409,425422,13,280
425129,425419,425423,4,290
425129,425409,425422,13,280
425196,425421,425423,2,225
425196,425421,425424,3,225
425129,425407,425424,17,278
425129,425419,425424,5,290
425129,425409,425424,15,280
425196,425422,425424,2,226
425129,425402,425426,24,273
425196,425422,425425,3,226
425196,425422,425425,3,226
425196,425422,425425,3,226
425129,425420,425427,7,291
425129,425420,425428,8,291
425196,425423,425427,4,227
425129,425420,425429,9,291
425196,425423,425436,13,227
425196,425426,425440,14,230
425196,425428,425441,13,232
425196,425429,425442,13,233
425196,425426,425442,16,230
425122,425301,425446,145,179
425196,425436,425447,11,240
425196,425426,425448,22,230
425196,425440,425451,11,244
425196,425428,425454,26,232
425196,425447,425456,9,251
425196,425448,425459,11,252
425196,425446,425459,13,250
425196,425442,425461,19,246
425196,425451,425461,10,255
425196,425441,425462,21,245
425196,425454,425464,10,258
425196,425459,425467,8,263
425196,425461,425469,8,265
425196,425423,425470,47,227
425196,425461,425471,10,265
425196,425442,425472,30,246
425196,425424,425473,49,228
425196,425463,425474,11,267
425196,425457,425474,17,261
425196,425459,425475,16,263
425196,425464,425477,13,268
425196,425469,425478,9,273
425196,425467,425478,11,271
425196,425470,425479,9,274
425196,425471,425481,10,275
425196,425481,425484,3,285
425196,425472,425487,15,276
425196,425424,425487,63,228
425196,425484,425489,5,288
425196,425473,425488,15,277
425196,425479,425489,10,283
425196,425427,425491,64,231
425196,425487,425490,3,291
425196,425489,425490,1,293
425196,425474,425493,19,278
425196,425487,425493,6,291
425196,425478,425494,16,282
425196,425489,425493,4,293
425196,425474,425495,21,278
425196,425492,425495,3,296
425196,425489,425494,5,293
425196,425477,425495,18,281
425196,425475,425496,21,279
425196,425492,425495,3,296
425196,425491,425496,5,295
425303,425495,425497,2,192
425303,425494,425497,3,191
425303,425495,425497,2,192
425196,425478,425497,19,282
425303,425495,425498,3,192
425303,425496,425498,2,193
425303,425495,425498,3,192
425196,425493,425497,4,297
425303,425496,425498,2,193
425196,425493,425498,5,297
425303,425496,425510,14,193
425303,425498,425511,13,195
425303,425499,425518,19,196
425196,425427,425518,91,231
425303,425497,425520,23,194
425303,425498,425524,26,195
425303,425499,425525,26,196
425303,425497,425527,30,194
425303,425511,425528,17,208
425303,425518,425530,12,215
425303,425518,425533,15,215
425303,425520,425535,15,217
425303,425498,425537,39,195
425303,425524,425537,13,221
425303,425535,425541,6,232
425303,425530,425541,11,227
425303,425529,425542,13,226
425303,425533,425543,10,230
425303,425537,425544,7,234
425303,425537,425546,9,234
425303,425497,425547,50,194
425303,425528,425547,19,225
425303,425526,425549,23,223
425303,425541,425550,9,238
425303,425542,425553,11,239
425303,425542,425556,14,239
425303,425547,425558,11,244
424532,424612,425560,948,80
425303,425549,425561,12,246
425303,425547,425561,14,244
425303,425543,425562,19,240
425303,425550,425564,14,247
425303,425510,425566,56,207
425303,425556,425567,11,253
425303,425553,425567,14,250
425303,425544,425569,25,241
425303,425567,425570,3,264
425303,425558,425571,13,255
425303,425569,425572,3,266
425303,425560,425573,13,257
425303,425561,425574,13,258
425303,425570,425573,3,267
425303,425546,425575,29,243
425303,425571,425575,4,268
425303,425567,425576,9,264
425303,425573,425576,3,270
425303,425572,425576,4,269
425303,425561,425575,14,258
425303,425574,425577,3,271
425303,425564,425576,12,261
425303,425575,425578,3,272
425303,425562,425578,16,259
425303,425575,425578,3,272
425311,425577,425579,2,266
425311,425576,425579,3,265
425303,425574,425578,4,271
425311,425577,425578,1,266
424158,424326,425580,1254,168
425303,425576,425579,3,273
425303,425566,425580,14,263
425311,425578,425580,2,267
425311,425578,425581,3,267
425311,425578,425581,3,267
425303,425576,425582,6,273
425311,425579,425584,5,268
425311,425579,425598,19,268
425311,425579,425600,21,268
425196,425424,425602,178,228
425311,425579,425606,27,268
425311,425580,425609,29,269
425311,425582,425613,31,271
425303,425498,425613,115,195
425311,425609,425615,6,298
425311,425613,425617,4,302
425311,425614,425619,5,303
425311,425602,425620,18,291
425311,425615,425624,9,304
425311,425581,425625,44,270
425196,425424,425626,202,228
425311,425606,425626,20,295
425311,425624,425633,9,313
425311,425600,425634,34,289
425311,425617,425635,18,306
425311,425625,425635,10,314
425311,425626,425636,10,315
425311,425620,425637,17,309
425311,425627,425637,10,316
425311,425580,425638,58,269
425311,425635,425642,7,324
425311,425635,425642,7,324
425311,425580,425645,65,269
425311,425636,425645,9,325
425311,425619,425646,27,308
425311,425633,425646,13,322
425311,425638,425647,9,327
425311,425637,425648,11,326
425311,425584,425651,67,273
425311,425642,425651,9,331
425311,425642,425651,9,331
425311,425646,425654,8,335
425311,425637,425654,17,326
425311,425634,425655,21,323
425311,425645,425655,10,334
425311,425654,425656,2,343
425311,425645,425657,12,334
425311,425646,425657,11,335
425311,425654,425657,3,343
425311,425651,425658,7,340
425311,425655,425658,3,344
425311,425656,425659,3,345
425311,425651,425660,9,340
425311,425651,425661,10,340
425311,425658,425660,2,347
425311,425659,425661,2,348
425311,425648,425662,14,337
425311,425657,425661,4,346
425311,425657,425662,5,346
424393,424458,425663,1205,65
425311,425660,425663,3,349
425311,425660,425663,3,349
425196,425424,425664,240,228
425416,425662,425664,2,246
425311,425649,425663,14,338
425416,425662,425663,1,246
425416,425662,425665,3,246
425311,425657,425664,7,346
425416,425662,425664,2,246
425416,425663,425665,2,247
425416,425663,425665,2,247
425416,425663,425666,3,247
425311,425657,425669,12,346
425311,425598,425672,74,287
425416,425666,425676,10,250
425416,425663,425678,15,247
425416,425665,425678,13,249
425416,425665,425679,14,249
425416,425669,425681,12,253
425416,425678,425683,5,262
425416,425665,425683,18,249
425416,425678,425682,4,262
425416,425665,425683,18,249
425303,425497,425684,187,194
425416,425679,425683,4,263
425416,425681,425687,6,265
425416,425664,425692,28,248
425416,425665,425693,28,249
425416,425676,425693,17,260
425416,425684,425695,11,268
425416,425683,425695,12,267
425416,425684,425697,13,268
425416,425683,425697,14,267
425416,425672,425699,27,256
425416,425687,425698,11,271
425416,425683,425700,17,267
425416,425664,425702,38,248
425416,425692,425704,12,276
425416,425683,425704,21,267
425416,425693,425704,11,277
425416,425693,425705,12,277
425416,425695,425706,11,279
425416,425696,425708,12,280
425416,425700,425711,11,284
425416,425697,425711,14,281
425416,425702,425712,10,286
425416,425665,425713,48,249
425416,425697,425713,16,281
425311,425580,425714,134,269
425416,425713,425716,3,297
425416,425714,425717,3,298
425416,425699,425717,18,283
425416,425706,425719,13,290
425416,425704,425719,15,288
425416,425713,425720,7,297
425416,425699,425720,21,283
425416,425716,425720,4,300
425416,425708,425721,13,292
425416,425717,425721,4,301
425416,425717,425721,4,301
425416,425719,425722,3,303
425416,425720,425722,2,304
425416,425719,425723,4,303
425311,425581,425724,143,270
425416,425720,425724,4,304
425416,425706,425724,18,290
425416,425711,425724,13,295
425561,425722,425725,3,161
425561,425722,425724,2,161
425561,425722,425725,3,161
425416,425712,425726,14,296
425561,425723,425726,3,162
425561,425724,425727,3,163
425561,425724,425727,3,163
425561,425724,425726,2,163
425416,425721,425729,8,305
425416,425704,425729,25,288
425416,425704,425729,25,288
425416,425721,425729,8,305
425561,425724,425734,10,163
424479,424538,425737,1199,59
425416,425711,425740,29,295
425561,425729,425741,12,168
425561,425729,425741,12,168
425561,425729,425743,14,168
425561,425729,425746,17,168
424748,424837,425750,913,89
425561,425727,425751,24,166
425561,425743,425752,9,182
425416,425665,425754,89,249
425561,425725,425755,30,164
425561,425734,425758,24,173
425561,425746,425759,13,185
425561,425750,425760,10,189
425561,425741,425762,21,180
425561,425753,425763,10,192
425561,425760,425764,4,199
425561,425752,425763,11,191
425561,425762,425766,4,201
425561,425737,425767,30,176
425561,425764,425767,3,203
425561,425727,425767,40,166
425561,425763,425768,5,202
425561,425754,425767,13,193
425561,425758,425770,12,197
425561,425764,425772,8,203
425561,425759,425772,13,198
425561,425766,425776,10,205
425561,425767,425776,9,206
425561,425755,425776,21,194
425561,425768,425777,9,207
425561,425767,425777,10,206
425561,425740,425779,39,179
425561,425727,425778,51,166
425561,425777,425780,3,216
425561,425767,425781,14,206
425561,425768,425781,13,207
425561,425777,425783,6,216
425561,425776,425783,7,215
425561,425771,425783,12,210
425561,425777,425784,7,216
425561,425772,425784,12,211
425561,425726,425784,58,165
425561,425776,425785,9,215
425561,425741,425784,43,180
425561,425783,425784,1,222
425561,425783,425785,2,222
425561,425772,425787,15,211
425561,425783,425786,3,222
425561,425725,425787,62,164
425561,425726,425787,61,165
425580,425785,425787,2,205
425580,425785,425788,3,205
425561,425784,425788,4,223
425561,425779,425788,9,218
425580,425787,425789,2,207
425561,425784,425789,5,223
425580,425786,425789,3,206
425580,425787,425789,2,207
425580,425787,425788,1,207
425580,425787,425790,3,207
425561,425779,425789,10,218
425561,425780,425790,10,219
425561,425785,425790,5,224
425561,425781,425795,14,220
425561,425781,425799,18,220
425561,425726,425802,76,165
425580,425789,425803,14,209
425580,425790,425805,15,210
425580,425787,425805,18,207
425580,425795,425805,10,215
425580,425799,425806,7,219
425580,425790,425806,16,210
425580,425790,425806,16,210
425580,425802,425809,7,222
425580,425803,425810,7,223
425580,425788,425810,22,208
425580,425805,425811,6,225
425580,425788,425814,26,208
425580,425807,425818,11,227
425580,425789,425818,29,209
425580,425790,425820,30,210
425580,425805,425821,16,225
425580,425806,425822,16,226
425580,425810,425821,11,230
425580,425809,425822,13,229
425580,425818,425822,4,238
425580,425814,425823,9,234
425580,425811,425824,13,231
425580,425818,425824,6,238
425580,425820,425825,5,240
425580,425811,425824,13,231
425580,425789,425825,36,209
425580,425821,425831,10,241
425580,425805,425832,27,225
425580,425824,425833,9,244
425580,425822,425834,12,242
425580,425823,425834,11,243
425580,425823,425835,12,243
425580,425822,425836,14,242
425580,425825,425836,11,245
425580,425789,425836,47,209
425580,425827,425837,10,247
425580,425824,425837,13,244
425580,425825,425837,12,245
425580,425836,425838,2,256
425580,425831,425838,7,251
425580,425835,425838,3,255
425580,425806,425839,33,226
425580,425834,425840,6,254
425580,425838,425840,2,258
425580,425837,425841,4,257
425580,425836,425842,6,256
425667,425840,425841,1,173
425580,425837,425842,5,257
425667,425840,425842,2,173
425580,425837,425842,5,257
425580,425834,425843,9,254
425580,425838,425843,5,258
425667,425842,425844,2,175
425580,425837,425843,6,257
425667,425842,425843,1,175
425667,425842,425844,2,175
425667,425842,425844,2,175
425667,425841,425843,2,174
425580,425838,425845,7,258
425580,425832,425846,14,252
425580,425822,425846,24,242
425580,425833,425848,15,253
425667,425843,425850,7,176
425667,425845,425861,16,178
425667,425846,425863,17,179
425667,425848,425863,15,181
425667,425845,425864,19,178
424568,424685,425865,1180,117
425667,425843,425867,24,176
425667,425850,425867,17,183
425667,425863,425869,6,196
425667,425844,425871,27,177
425667,425863,425871,8,196
425667,425846,425871,25,179
425667,425843,425873,30,176
425667,425867,425875,8,200
425667,425864,425876,12,197
425667,425861,425876,15,194
425667,425869,425880,11,202
425667,425871,425882,11,204
425667,425871,425882,11,204
425667,425871,425883,12,204
425667,425867,425884,17,200
425667,425844,425886,42,177
425667,425876,425885,9,209
425667,425882,425885,3,215
425667,425882,425886,4,215
425667,425865,425886,21,198
425667,425880,425887,7,213
425667,425844,425888,44,177
425667,425873,425890,17,206
425667,425844,425892,48,177
425667,425884,425894,10,217
425667,425883,425894,11,216
425667,425875,425894,19,208
425667,425887,425895,8,220
425667,425876,425896,20,209
425667,425887,425896,9,220
425667,425886,425897,11,219
425667,425886,425898,12,219
425667,425888,425897,9,221
425667,425887,425899,12,220
425667,425888,425898,10,221
425667,425895,425900,5,228
425667,425894,425900,6,227
425667,425899,425901,2,232
425667,425892,425901,9,225
425667,425900,425902,2,233
425667,425894,425902,8,227
425667,425900,425903,3,233
425667,425901,425903,2,234
425667,425896,425903,7,229
425667,425899,425903,4,232
425667,425894,425903,9,227
425667,425898,425904,6,231
425738,425902,425904,2,164
425738,425902,425905,3,164
425738,425903,425905,2,165
425667,425898,425904,6,231
425667,425896,425904,8,229
425667,425897,425904,7,230
425738,425903,425906,3,165
425667,425890,425905,15,223
425738,425903,425905,2,165
425738,425903,425905,2,165
425738,425904,425908,4,166
425738,425904,425910,6,166
425738,425906,425920,14,168
425738,425906,425921,15,168
425738,425906,425923,17,168
425738,425908,425924,16,170
425667,425844,425928,84,177
425738,425910,425931,21,172
425738,425904,425932,28,166
425738,425923,425940,17,185
425738,425924,425942,18,186
425738,425906,425942,36,168
425738,425921,425944,23,183
425738,425928,425949,21,190
425738,425920,425953,33,182
425738,425940,425954,14,202
425738,425942,425954,12,204
425738,425905,425955,50,167
425738,425942,425956,14,204
425738,425944,425956,12,206
425738,425956,425959,3,218
425738,425955,425960,5,217
425738,425954,425962,8,216
425738,425931,425963,32,193
425738,425959,425964,5,221
425738,425956,425964,8,218
425738,425932,425965,33,194
425738,425949,425966,17,211
425580,425789,425971,182,209
425738,425905,425972,67,167
425738,425962,425973,11,224
425738,425964,425974,10,226
425738,425963,425974,11,225
425738,425964,425975,11,226
425738,425953,425975,22,215
425738,425966,425975,9,228
425738,425954,425976,22,216
425738,425960,425976,16,222
425738,425966,425977,11,228
424600,424773,425979,1206,173
425738,425974,425981,7,236
425738,425905,425982,77,167
425738,425973,425982,9,235
425738,425975,425983,8,237
425738,425974,425983,9,236
425738,425981,425983,2,243
425738,425976,425983,7,238
425738,425976,425983,7,238
425738,425982,425985,3,244
425738,425983,425985,2,245
425738,425979,425985,6,241
425738,425983,425985,2,245
425738,425972,425985,13,234
425738,425983,425986,3,245
425580,425789,425987,198,209
425738,425983,425986,3,245
425738,425975,425986,11,237
425738,425976,425986,10,238
425738,425977,425988,11,239
425751,425985,425988,3,234
425751,425985,425988,3,234
425738,425971,425989,18,233
425751,425985,425989,4,234
425751,425985,425989,4,234
425751,425984,425988,4,233
425751,425985,425989,4,234
425751,425986,425991,5,235
425751,425987,426001,14,236
425751,425988,426002,14,237
425751,425988,426003,15,237
425751,425989,426003,14,238
425751,425992,426004,12,241
425751,425989,426005,16,238
425751,425989,426004,15,238
425751,425989,426006,17,238
425751,425989,426005,16,238
425751,425987,426009,22,236
425751,426002,426015,13,251
425751,426001,426015,14,250
425751,426003,426020,17,252
425751,426006,426020,14,255
425751,426005,426021,16,254
425751,426020,426022,2,269
425751,426015,426024,9,264
425751,426006,426026,20,255
425751,426022,426026,4,271
425751,426020,426026,6,269
425751,426005,426026,21,254
425751,426026,426029,3,275
425751,426026,426030,4,275
425751,426021,426030,9,270
425751,426027,426030,3,276
425751,426029,426031,2,278
425738,425905,426032,127,167
425751,426026,426032,6,275
425751,426003,426032,29,252
425751,426030,426034,4,279
425751,426015,426035,20,264
425751,426030,426035,5,279
425751,426024,426036,12,273
425751,426004,426036,32,253
425751,426032,426037,5,281
425751,426030,426039,9,279
425751,426031,426038,7,280
425751,426035,426040,5,284
425751,426032,426040,8,281
425751,426036,426039,3,285
425738,425905,426041,136,167
425751,426036,426042,6,285
425751,426032,426041,9,281
425751,426034,426042,8,283
425751,426038,426042,4,287
425751,426039,426043,4,288
425751,426039,426042,3,288
425751,426037,426042,5,286
425751,426040,426044,4,289
425751,426040,426043,3,289
425751,426041,426045,4,290
425865,426043,426045,2,178
425865,426043,426046,3,178
425865,426044,426045,1,179
425865,426044,426046,2,179
425865,426043,426047,4,178
425751,426042,426047,5,291
425751,426042,426047,5,291
425751,426042,426048,6,291
425865,426046,426049,3,181
425865,426045,426049,4,180
425751,426042,426049,7,291
425751,425987,426053,66,236
425751,426009,426054,45,258
425751,425988,426057,69,237
425865,426049,426062,13,184
425865,426046,426064,18,181
425865,426053,426065,12,188
425865,426054,426067,13,189
425865,426049,426072,23,184
425865,426057,426073,16,192
424903,425180,426074,894,277
425865,426046,426081,35,181
425865,426049,426085,36,184
425865,426065,426089,24,200
425865,426067,426090,23,202
425865,426073,426090,17,208
425865,426074,426093,19,209
425865,426072,426095,23,207
425865,426062,426096,34,197
425865,426048,426097,49,183
425865,426096,426099,3,231
425865,426093,426098,5,228
425865,426097,426100,3,232
425865,426090,426104,14,225
425865,426100,426104,4,235
425865,426095,426104,9,230
425865,426101,426104,3,236
425865,426099,426106,7,234
425865,426104,426108,4,239
425865,426064,426109,45,199
425865,426090,426110,20,225
425865,426104,426111,7,239
425865,426047,426112,65,182
425865,426104,426113,9,239
425865,426105,426114,9,240
425865,426112,426116,4,247
425865,426111,426115,4,246
425865,426047,426116,69,182
425865,426047,426117,70,182
425865,426111,426117,6,246
425865,426106,426118,12,241
425865,426113,426119,6,248
425865,426089,426119,30,224
425865,426116,426119,3,251
425865,426115,426120,5,250
425865,426109,426121,12,244
425865,426116,426120,4,251
425865,426119,426121,2,254
425865,426119,426122,3,254
425865,426119,426123,4,254
425865,426118,426123,5,253
425865,426116,426122,6,251
425865,426108,426124,16,243
425865,426117,426124,7,252
425865,426120,426123,3,255
425980,426123,426125,2,143
425980,426124,426126,2,144
425980,426124,426126,2,144
425865,426121,426125,4,256
425980,426124,426126,2,144
425980,426123,426127,4,143
425865,426122,426127,5,257
425865,426122,426127,5,257
425865,426117,426128,11,252
425980,426123,426127,4,143
425980,426125,426128,3,145
424893,425125,426131,1006,232
425865,426085,426133,48,220
425865,426081,426137,56,216
425980,426128,426140,12,148
425865,426046,426141,95,181
425980,426131,426142,11,151
425980,426133,426145,12,153
425980,426126,426145,19,146
425980,426128,426146,18,148
425980,426127,426146,19,147
425980,426137,426149,12,157
424749,424909,426151,1242,160
425980,426128,426152,24,148
425980,426127,426159,32,147
425980,426140,426161,21,160
425980,426159,426164,5,179
425980,426149,426164,15,169
425751,425987,426166,179,236
425980,426152,426166,14,172
425980,426147,426170,23,167
425980,426164,426171,7,184
425980,426166,426172,6,186
425980,426166,426172,6,186
425980,426161,426173,12,181
425980,426126,426172,46,146
425980,426151,426173,22,171
425980,426171,426175,4,191
425980,426141,426176,35,161
425980,426173,426176,3,193
425980,426173,426176,3,193
425980,426172,426176,4,192
425980,426173,426177,4,193
425980,426142,426177,35,162
425980,426172,426179,7,192
425980,426164,426179,15,184
425980,426172,426179,7,192
425980,426179,426182,3,199
425980,426177,426182,5,197
425980,426146,426182,36,166
425980,426175,426182,7,195
425980,426179,426183,4,199
425980,426178,426183,5,198
425980,426182,426184,2,202
425980,426182,426185,3,202
425980,426176,426185,9,196
425980,426182,426185,3,202
425980,426176,426184,8,196
425980,426176,426185,9,196
425980,426176,426184,8,196
425980,426183,426185,2,203
425980,426184,426186,2,204
425980,426179,426186,7,199
425980,426184,426186,2,204
425980,426184,426186,2,204
426075,426185,426187,2,110
426075,426185,426187,2,110
426075,426186,426187,1,111
426075,426187,426188,1,112
426075,426186,426188,2,111
426075,426187,426189,2,112
426075,426186,426189,3,111
425980,426185,426189,4,205
425980,426185,426192,7,205
425980,426185,426193,8,205
424753,424976,426194,1218,223
425980,426185,426195,10,205
425980,426145,426199,54,165
426075,426188,426199,11,113
426075,426199,426210,11,124
425980,426145,426211,66,165
426075,426199,426212,13,124
426075,426195,426214,19,120
426075,426188,426216,28,113
426075,426188,426218,30,113
426075,426194,426219,25,119
426075,426188,426220,32,113
426075,426210,426222,12,135
426075,426193,426223,30,118
426075,426189,426223,34,114
426075,426211,426228,17,136
426075,426216,426228,12,141
424775,425053,426228,1175,278
426075,426212,426228,16,137
426075,426218,426230,12,143
426075,426222,426234,12,147
426075,426214,426236,22,139
426075,426220,426239,19,145
425980,426127,426239,112,147
426075,426192,426240,48,117
426075,426189,426242,53,114
425980,426126,426243,117,146
425980,426126,426244,118,146
426075,426219,426245,26,144
426075,426236,426246,10,161
426075,426223,426247,24,148
426075,426239,426247,8,164
426075,426228,426247,19,153
426075,426225,426247,22,150
426075,426228,426247,19,153
426075,426235,426247,12,160
426075,426228,426247,19,153
426075,426242,426249,7,167
426075,426241,426250,9,166
426075,426247,426251,4,172
426075,426247,426251,4,172
426075,426230,426252,22,155
426075,426247,426253,6,172
426075,426240,426252,12,165
426075,426251,426254,3,176
426075,426249,426253,4,174
426075,426251,426255,4,176
426075,426243,426255,12,168
426075,426250,426255,5,175
426075,426247,426255,8,172
426075,426252,426256,4,177
426075,426253,426255,2,178
426075,426253,426257,4,178
426075,426254,426257,3,179
426131,426256,426258,2,125
426131,426256,426257,1,125
426131,426256,426257,1,125
426075,426189,426258,69,114
426075,426255,426259,4,180
426075,426254,426259,5,179
426075,426255,426260,5,180
426131,426258,426259,1,127
426131,426258,426259,1,127
426131,426257,426260,3,126
426075,426247,426261,14,172
426131,426258,426260,2,127
426075,426247,426261,14,172
426075,426247,426262,15,172
426075,426246,426262,16,171
426075,426245,426262,17,170
426075,426244,426263,19,169
426075,426228,426265,37,153
426131,426261,426274,13,130
426131,426262,426275,13,131
426131,426262,426275,13,131
426131,426263,426276,13,132
426131,426262,426276,14,131
426131,426261,426277,16,130
426131,426265,426277,12,134
426131,426275,426281,6,144
426131,426262,426281,19,131
426131,426258,426282,24,127
426131,426275,426284,9,144
426131,426274,426284,10,143
426131,426277,426289,12,146
426131,426259,426290,31,128
426131,426259,426290,31,128
426131,426277,426291,14,146
426131,426276,426292,16,145
426131,426276,426291,15,145
426131,426284,426294,10,153
426131,426261,426295,34,130
426131,426284,426296,12,153
426131,426282,426297,15,151
426131,426292,426299,7,161
426131,426289,426300,11,158
426131,426291,426301,10,160
426131,426290,426302,12,159
426131,426290,426302,12,159
426131,426292,426303,11,161
426131,426294,426304,10,163
426131,426260,426305,45,129
426131,426303,426306,3,172
426131,426304,426307,3,173
426131,426307,426309,2,176
426131,426258,426309,51,127
426131,426302,426309,7,171
426131,426305,426310,5,174
426131,426297,426309,12,166
426131,426296,426310,14,165
426131,426306,426312,6,175
426131,426310,426313,3,179
426131,426310,426313,3,179
426131,426309,426313,4,178
426131,426300,426314,14,169
426131,426309,426314,5,178
426131,426301,426314,13,170
426131,426295,426315,20,164
426131,426302,426315,13,171
426131,426281,426314,33,150
426131,426309,426315,6,178
426131,426312,426316,4,181
426131,426313,426316,3,182
426131,426299,426316,17,168
426151,426314,426316,2,163
426131,426310,426315,5,179
426151,426314,426317,3,163
426131,426313,426316,3,182
426151,426314,426316,2,163
426151,426315,426318,3,164
426151,426315,426317,2,164
426151,426315,426317,2,164
426131,426260,426319,59,129
426151,426316,426320,4,165
426131,426281,426322,41,150
426151,426316,426328,12,165
426151,426316,426331,15,165
426151,426319,426332,13,168
426151,426319,426332,13,168
426151,426320,426332,12,169
426131,426260,426332,72,129
426151,426317,426333,16,166
426151,426318,426334,16,167
426151,426322,426334,12,171
426151,426318,426336,18,167
426151,426317,426337,20,166
426151,426333,426341,8,182
426151,426334,426342,8,183
426151,426328,426343,15,177
426151,426332,426343,11,181
426151,426332,426345,13,181
426151,426331,426345,14,180
426151,426337,426345,8,186
426151,426334,426347,13,183
426151,426317,426347,30,166
426151,426342,426347,5,191
426151,426341,426347,6,190
426151,426344,426350,6,193
426151,426347,426350,3,196
426151,426347,426350,3,196
426151,426344,426350,6,193
426151,426347,426350,3,196
426151,426345,426352,7,194
426151,426345,426352,7,194
426151,426348,426353,5,197
426151,426349,426353,4,198
426151,426336,426355,19,185
426151,426334,426356,22,183
426151,426350,426357,7,199
426151,426351,426357,6,200
426151,426353,426359,6,202
426151,426350,426360,10,199
426151,426351,426360,9,200
426151,426357,426361,4,206
426151,426357,426361,4,206
426151,426352,426361,9,201
426151,426359,426363,4,208
426151,426351,426363,12,200
426151,426356,426363,7,205
426151,426355,426364,9,204
426151,426353,426364,11,202
426151,426361,426366,5,210
426151,426360,426366,6,209
426151,426360,426367,7,209
426151,426361,426368,7,210
426151,426353,426368,15,202
426151,426361,426368,7,210
426195,426366,426369,3,171
426195,426366,426369,3,171
426195,426364,426368,4,169
426195,426365,426369,4,170
426195,426367,426370,3,172
426195,426368,426371,3,173
426151,426363,426371,8,212
426151,426363,426373,10,212
426195,426368,426374,6,173
426151,426334,426376,42,183
426195,426374,426390,16,179
426195,426376,426390,14,181
426151,426316,426391,75,165
426195,426371,426391,20,176
426195,426373,426392,19,178
426195,426371,426394,23,176
426195,426371,426396,25,176
426195,426390,426402,12,195
426195,426390,426403,13,195
426195,426391,426403,12,196
426195,426392,426405,13,197
426195,426369,426406,37,174
426195,426370,426405,35,175
426195,426395,426406,11,200
426195,426391,426407,16,196
426195,426368,426407,39,173
426195,426396,426407,11,201
426195,426405,426413,8,210
426195,426407,426415,8,212
424994,425239,426415,1176,245
426195,426402,426416,14,207
426195,426409,426416,7,214
426195,426406,426417,11,211
426195,426406,426418,12,211
426195,426404,426418,14,209
426195,426406,426418,12,211
426195,426407,426420,13,212
426195,426417,426420,3,222
426195,426418,426421,3,223
426195,426415,426422,7,220
426195,426416,426423,7,221
426195,426413,426423,10,218
426195,426419,426424,5,224
426195,426416,426425,9,221
426195,426419,426428,9,224
426195,426403,426429,26,208
426195,426415,426429,14,220
426195,426424,426431,7,229
426195,426425,426432,7,230
426195,426429,426434,5,234
426195,426423,426434,11,228
426195,426369,426434,65,174
426195,426420,426435,15,225
426195,426421,426435,14,226
426195,426420,426436,16,225
426195,426428,426436,8,233
426195,426369,426437,68,174
426195,426431,426437,6,236
426195,426429,426439,10,234
426195,426435,426439,4,240
426195,426432,426439,7,237
426195,426434,426440,6,239
426195,426434,426440,6,239
426195,426434,426440,6,239
426195,426435,426440,5,240
426230,426440,426442,2,210
426230,426439,426442,3,209
426195,426436,426442,6,241
426230,426438,426441,3,208
426230,426439,426441,2,209
426230,426439,426443,4,209
426151,426316,426442,126,165
426195,426422,426442,20,227
426230,426440,426443,3,210
426230,426440,426445,5,210
426195,426437,426447,10,242
426195,426423,426447,24,228
426151,426316,426457,141,165
426230,426445,426459,14,215
426230,426447,426459,12,217
426230,426447,426462,15,217
426230,426440,426462,22,210
426230,426443,426465,22,213
426230,426443,426469,26,213
426230,426457,426469,12,227
426230,426459,426470,11,229
426230,426463,426470,7,233
426230,426443,426470,27,213
426230,426460,426470,10,230
426230,426467,426473,6,237
426230,426462,426474,12,232
426230,426469,426476,7,239
426230,426470,426485,15,240
426230,426469,426485,16,239
426230,426442,426487,45,212
426230,426442,426488,46,212
425049,425298,426490,1192,249
426230,426473,426490,17,243
426230,426485,426490,5,255
426230,426442,426491,49,212
426230,426474,426491,17,244
426230,426476,426492,16,246
426230,426485,426493,8,255
426230,426490,426494,4,260
426230,426443,426494,51,213
426230,426487,426495,8,257
426230,426490,426495,5,260
426230,426471,426495,24,241
426230,426442,426497,55,212
426230,426470,426497,27,240
426230,426490,426500,10,260
426230,426488,426500,12,258
426230,426495,426501,6,265
426230,426442,426502,60,212
426230,426491,426503,12,261
426230,426496,426503,7,266
426230,426500,426503,3,270
426230,426500,426504,4,270
426230,426502,426505,3,272
426230,426495,426505,10,265
426230,426497,426505,8,267
426230,426497,426505,8,267
426230,426493,426506,13,263
426230,426503,426507,4,273
426230,426494,426507,13,264
426230,426503,426506,3,273
426230,426470,426507,37,240
426230,426501,426507,6,271
426230,426491,426508,17,261
426230,426504,426507,3,274
426416,426506,426508,2,90
426230,426504,426509,5,274
426230,426505,426508,3,275
426416,426507,426509,2,91
426416,426507,426510,3,91
426416,426507,426510,3,91
426416,426507,426510,3,91
426416,426507,426509,2,91
426230,426505,426510,5,275
426230,426494,426510,16,264
426416,426508,426512,4,92
426230,426505,426515,10,275
426230,426492,426515,23,262
426416,426508,426526,18,92
426416,426516,426529,13,100
426416,426515,426531,16,99
426416,426512,426531,19,96
426416,426511,426535,24,95
426416,426511,426538,27,95
426416,426526,426543,17,110
426416,426510,426543,33,94
426416,426508,426553,45,92
426416,426510,426553,43,94
426416,426510,426555,45,94
426416,426538,426558,20,122
426416,426544,426560,16,128
426416,426543,426561,18,127
426416,426529,426561,32,113
426416,426535,426562,27,119
426416,426531,426562,31,115
426416,426553,426564,11,137
426416,426553,426565,12,137
426416,426562,426571,9,146
426416,426564,426572,8,148
426416,426562,426572,10,146
426416,426560,426572,12,144
426416,426561,426573,12,145
426416,426561,426574,13,145
426416,426565,426574,9,149
426416,426555,426576,21,139
426416,426532,426576,44,116
426416,426572,426576,4,156
426416,426572,426577,5,156
426416,426577,426581,4,161
426416,426572,426583,11,156
426416,426572,426584,12,156
426416,426577,426584,7,161
426416,426573,426586,13,157
426416,426582,426586,4,166
426416,426574,426587,13,158
426416,426583,426587,4,167
426416,426584,426587,3,168
426416,426586,426587,1,170
426416,426584,426589,5,168
426416,426574,426589,15,158
426416,426577,426589,12,161
426416,426586,426590,4,170
426416,426576,426590,14,160
426416,426587,426590,3,171
426416,426588,426591,3,172
426416,426558,426590,32,142
426416,426587,426591,4,171
426416,426589,426591,2,173
426416,426588,426591,3,172
426416,426589,426592,3,173
426416,426589,426592,3,173
426490,426590,426593,3,100
426490,426591,426593,2,101
426490,426591,426592,1,101
426490,426591,426594,3,101
426490,426592,426594,2,102
426490,426592,426594,2,102
426490,426592,426594,2,102
426490,426592,426597,5,102
426490,426594,426616,22,104
426490,426592,426619,27,102
425123,425357,426620,1263,234
426490,426594,426620,26,104
426416,426509,426623,114,93
426490,426595,426623,28,105
426490,426594,426627,33,104
425130,425421,426627,1206,291
426490,426620,426634,14,130
426490,426597,426635,38,107
426490,426623,426635,12,133
426490,426627,426635,8,137
426490,426623,426637,14,133
426490,426620,426642,22,130
426416,426510,426647,137,94
426490,426637,426650,13,147
426490,426635,426650,15,145
426490,426619,426652,33,129
426490,426616,426651,35,126
426490,426593,426653,60,103
426490,426593,426654,61,103
426490,426627,426656,29,137
426490,426642,426656,14,152
426490,426635,426658,23,145
426490,426653,426660,7,163
426490,426658,426661,3,168
426490,426657,426662,5,167
426490,426652,426663,11,162
426490,426654,426663,9,164
426490,426647,426663,16,157
426490,426652,426664,12,162
426490,426660,426664,4,170
426490,426635,426665,30,145
426490,426656,426666,10,166
426416,426509,426667,158,93
426490,426661,426668,7,171
426416,426509,426668,159,93
426490,426667,426670,3,177
426490,426669,426671,2,179
426490,426668,426672,4,178
426490,426662,426672,10,172
426490,426663,426673,10,173
426490,426666,426674,8,176
426490,426671,426674,3,181
426490,426672,426674,2,182
426490,426665,426675,10,175
426490,426671,426674,3,181
426490,426651,426676,25,161
426490,426663,426676,13,173
426490,426673,426677,4,183
426490,426663,426677,14,173
426490,426674,426677,3,184
426490,426673,426677,4,183
426490,426674,426677,3,184
426490,426664,426677,13,174
426490,426634,426677,43,144
426490,426675,426678,3,185
426490,426675,426678,3,185
426490,426650,426677,27,160
426490,426664,426677,13,174
426621,426676,426678,2,55
426621,426677,426679,2,56
426621,426677,426679,2,56
426621,426677,426679,2,56
426621,426677,426680,3,56
426621,426677,426680,3,56
426490,426674,426679,5,184
426621,426677,426679,2,56
426621,426678,426689,11,57
426621,426680,426695,15,59
426621,426680,426696,16,59
425197,425494,426696,1202,297
426621,426680,426698,18,59
426621,426679,426700,21,58
426490,426593,426702,109,103
426621,426679,426703,24,58
426621,426678,426704,26,57
426621,426678,426706,28,57
426621,426679,426714,35,58
426621,426703,426716,13,82
426621,426698,426718,20,77
426621,426704,426718,14,83
426621,426706,426719,13,85
426621,426702,426722,20,81
426621,426714,426725,11,93
426621,426700,426728,28,79
426621,426680,426729,49,59
426621,426696,426729,33,75
426621,426716,426729,13,95
426621,426696,426731,35,75
426621,426725,426733,8,104
426621,426719,426734,15,98
426621,426730,426734,4,109
426621,426731,426735,4,110
426621,426722,426736,14,101
426621,426733,426738,5,112
426621,426729,426738,9,108
426621,426728,426738,10,107
426621,426729,426739,10,108
426621,426734,426740,6,113
426621,426740,426743,3,119
426621,426738,426744,6,117
426621,426739,426744,5,118
426621,426734,426744,10,113
426621,426743,426745,2,122
426621,426718,426746,28,97
426621,426735,426746,11,114
426621,426744,426747,3,123
426621,426744,426747,3,123
426621,426746,426749,3,125
426621,426718,426749,31,97
426621,426738,426751,13,117
426621,426747,426750,3,126
426621,426695,426754,59,74
426621,426736,426754,18,115
426621,426738,426754,16,117
426621,426689,426755,66,68
426621,426749,426756,7,128
426621,426744,426757,13,123
426621,426745,426758,13,124
426621,426747,426758,11,126
426627,426754,426758,4,127
426621,426747,426758,11,126
426621,426751,426759,8,130
426627,426754,426758,4,127
426627,426755,426759,4,128
426627,426756,426759,3,129
426621,426749,426760,11,128
426627,426754,426759,5,127
426627,426757,426761,4,130
426627,426758,426760,2,131
425304,425576,426765,1189,272
426627,426758,426775,17,131
426627,426761,426776,15,134
426627,426761,426783,22,134
426621,426678,426783,105,57
426627,426765,426785,20,138
426627,426758,426785,27,131
426627,426758,426795,37,131
426627,426759,426799,40,132
426627,426760,426799,39,133
426627,426760,426803,43,133
426627,426759,426810,51,132
426627,426759,426812,53,132
426627,426799,426815,16,172
426627,426783,426815,32,156
426627,426783,426816,33,156
426627,426799,426818,19,172
426627,426759,426820,61,132
426627,426803,426820,17,176
426627,426785,426821,36,158
426621,426679,426821,142,58
426627,426812,426824,12,185
426627,426810,426824,14,183
426627,426815,426826,11,188
426627,426785,426827,42,158
426627,426825,426828,3,198
426627,426820,426829,9,193
426627,426821,426830,9,194
426627,426795,426830,35,168
426627,426820,426831,11,193
426627,426826,426831,5,199
426627,426816,426832,16,189
425668,425902,426833,931,234
426627,426828,426833,5,201
426627,426821,426833,12,194
426627,426824,426833,9,197
426627,426829,426834,5,202
426627,426827,426833,6,200
426627,426833,426835,2,206
426627,426833,426835,2,206
426627,426832,426836,4,205
426627,426833,426836,3,206
426627,426833,426836,3,206
426627,426835,426837,2,208
426627,426830,426837,7,203
426627,426834,426838,4,207
426627,426835,426838,3,208
426627,426818,426838,20,191
426627,426834,426837,3,207
426627,426837,426839,2,210
425312,425661,426839,1178,349
426627,426836,426839,3,209
426627,426837,426838,1,210
426627,426836,426839,3,209
426697,426838,426840,2,141
426697,426838,426840,2,141
426627,426838,426840,2,211
426697,426839,426841,2,142
426627,426831,426841,10,204
426697,426839,426841,2,142
426627,426817,426841,24,190
426627,426836,426841,5,209
426697,426839,426841,2,142
426697,426839,426841,2,142
426627,426831,426841,10,204
426697,426840,426842,2,143
426627,426831,426842,11,204
426697,426840,426850,10,143
426697,426842,426856,14,145
426697,426841,426857,16,144
426627,426775,426857,82,148
426697,426841,426861,20,144
426697,426842,426864,22,145
426627,426776,426869,93,149
426697,426857,426871,14,160
426697,426857,426873,16,160
426697,426840,426875,35,143
426697,426869,426879,10,172
426697,426841,426879,38,144
426697,426856,426884,28,159
426697,426871,426885,14,174
426697,426864,426885,21,167
426697,426841,426886,45,144
426697,426873,426887,14,176
426697,426875,426888,13,178
426697,426841,426889,48,144
426621,426678,426890,212,57
426697,426880,426892,12,183
426697,426861,426892,31,164
426697,426879,426894,15,182
426697,426843,426894,51,146
426697,426892,426894,2,195
426697,426892,426895,3,195
426697,426884,426896,12,187
426697,426894,426898,4,197
426697,426889,426898,9,192
426697,426891,426898,7,194
426697,426894,426899,5,197
426697,426895,426898,3,198
426697,426888,426900,12,191
426697,426841,426901,60,144
426697,426898,426901,3,201
426697,426888,426901,13,191
426697,426898,426902,4,201
426697,426900,426903,3,203
426697,426899,426903,4,202
426697,426899,426902,3,202
426697,426885,426903,18,188
426697,426886,426904,18,189
426697,426902,426904,2,205
426697,426901,426904,3,204
426697,426902,426904,2,205
426697,426903,426905,2,206
426697,426901,426904,3,204
426697,426895,426906,11,198
426697,426903,426906,3,206
426697,426904,426907,3,207
426765,426905,426907,2,140
426697,426896,426907,11,199
426697,426904,426906,2,207
426697,426841,426908,67,144
426765,426905,426908,3,140
426765,426906,426908,2,141
426697,426903,426908,5,206
426765,426906,426907,1,141
426697,426904,426907,3,207
426697,426898,426909,11,201
426765,426907,426909,2,142
426697,426903,426909,6,206
426765,426907,426909,2,142
426765,426907,426910,3,142
425738,425984,426909,925,246
426697,426885,426912,27,188
426697,426850,426916,66,153
426765,426907,426919,12,142
426765,426910,426919,9,145
426765,426910,426922,12,145
426765,426916,426926,10,151
426765,426909,426926,17,144
426697,426840,426929,89,143
426765,426919,426930,11,154
426765,426908,426936,28,143
426765,426912,426937,25,147
426765,426922,426938,16,157
426765,426908,426940,32,143
426765,426919,426940,21,154
426765,426930,426942,12,165
426765,426929,426945,16,164
426765,426910,426946,36,145
426765,426937,426949,12,172
426765,426937,426949,12,172
426765,426910,426952,42,145
426765,426938,426953,15,173
426765,426942,426953,11,177
426765,426940,426954,14,175
426765,426940,426954,14,175
426765,426908,426955,47,143
426765,426954,426955,1,189
426765,426954,426957,3,189
426765,426953,426958,5,188
426765,426952,426958,6,187
426765,426955,426959,4,190
426765,426955,426959,4,190
426765,426926,426959,33,161
426765,426955,426959,4,190
426765,426946,426960,14,181
425417,425722,426959,1237,305
426765,426909,426961,52,144
426765,426959,426962,3,194
426765,426958,426963,5,193
426765,426949,426962,13,184
426765,426958,426963,5,193
425561,425785,426963,1178,224
426765,426960,426964,4,195
426765,426959,426964,5,194
426765,426960,426964,4,195
426765,426958,426964,6,193
426765,426963,426965,2,198
426765,426962,426964,2,197
426765,426963,426965,2,198
426765,426959,426964,5,194
426765,426961,426964,3,196
426765,426959,426964,5,194
426765,426908,426965,57,143
426765,426964,426966,2,199
426765,426949,426965,16,184
426765,426945,426966,21,180
426765,426963,426967,4,198
426833,426965,426967,2,132
426765,426963,426967,4,198
426765,426964,426966,2,199
426833,426965,426967,2,132
426765,426964,426968,4,199
426833,426965,426968,3,132
426833,426966,426968,2,133
426833,426965,426968,3,132
426833,426966,426968,2,133
426833,426966,426969,3,133
426765,426927,426972,45,162
426765,426908,426978,70,143
426833,426969,426979,10,136
426765,426908,426980,72,143
426833,426969,426982,13,136
426833,426969,426983,14,136
426833,426966,426988,22,133
426833,426972,426993,21,139
426833,426983,426994,11,150
426833,426988,426995,7,155
426833,426968,426999,31,135
426833,426968,427002,34,135
426833,426966,427005,39,133
426833,426993,427007,14,160
426833,426994,427007,13,161
426833,426978,427009,31,145
426833,426980,427009,29,147
426833,426983,427010,27,150
426833,426997,427010,13,164
426833,426999,427013,14,166
426833,426968,427016,48,135
426833,426980,427016,36,147
426833,427002,427016,14,169
426833,426966,427017,51,133
426833,427005,427018,13,172
426833,427007,427019,12,174
426833,427007,427019,12,174
426833,427009,427024,15,176
426833,427011,427026,15,178
426833,427009,427026,17,176
426833,427019,427028,9,186
426833,427019,427027,8,186
426833,427024,427029,5,191
426833,426968,427030,62,135
426833,427026,427030,4,193
426833,427026,427030,4,193
426833,427010,427031,21,177
426833,427028,427033,5,195
426833,427031,427033,2,198
426833,427029,427034,5,196
426833,427015,427034,19,182
426833,427030,427034,4,197
426833,427028,427034,6,195
426833,427033,427035,2,200
426833,427030,427034,4,197
426833,427032,427035,3,199
426833,427016,427035,19,183
426833,427033,427036,3,200
426833,427034,427036,2,201
426833,427034,427036,2,201
426833,427034,427037,3,201
426833,427035,427038,3,202
426833,427017,427038,21,184
426840,427035,427038,3,195
426833,427018,427038,20,185
426840,427035,427039,4,195
426840,427037,427039,2,197
426840,427036,427039,3,196
426833,427016,427039,23,183
426840,427036,427038,2,196
426840,427036,427039,3,196
426840,427037,427043,6,197
426833,427016,427043,27,183
425582,425839,427043,1204,257
426840,427038,427051,13,198
426840,427043,427052,9,203
426840,427043,427055,12,203
426840,427052,427059,7,212
426840,427051,427060,9,211
426840,427039,427060,21,199
426840,427038,427063,25,198
426833,426967,427064,97,134
426840,427038,427065,27,198
426840,427039,427066,27,199
426833,426967,427067,100,134
426840,427040,427069,29,200
426840,427043,427069,26,203
426840,427060,427070,10,220
426840,427060,427073,13,220
426840,427055,427074,19,215
426833,426967,427075,108,134
426840,427059,427079,20,219
426840,427069,427083,14,229
426840,427065,427083,18,225
426840,427066,427082,16,226
426840,427071,427082,11,231
426840,427067,427083,16,227
426840,427073,427084,11,233
426840,427064,427085,21,224
426840,427075,427085,10,235
426840,427069,427084,15,229
426840,427074,427086,12,234
426840,427083,427086,3,243
426840,427084,427085,1,244
426840,427085,427087,2,245
426840,427085,427088,3,245
426840,427085,427088,3,245
426840,427086,427088,2,246
426840,427039,427088,49,199
426840,427086,427089,3,246
426840,427086,427088,2,246
426840,427087,427089,2,247
426840,427083,427089,6,243
426840,427079,427089,10,239
426840,427088,427091,3,248
426840,427088,427091,3,248
426840,427089,427091,2,249
426840,427088,427091,3,248
426840,427089,427091,2,249
426833,426967,427090,123,134
426840,427089,427092,3,249
426840,427088,427092,4,248
426840,427089,427091,2,249
426840,427091,427093,2,251
426840,427089,427092,3,249
426840,427063,427092,29,223
426840,427091,427094,3,251
426840,427083,427094,11,243
426911,427092,427093,1,181
426840,427091,427094,3,251
426911,427092,427094,2,181
426911,427092,427094,2,181
426840,427091,427095,4,251
426911,427093,427095,2,182
426840,427039,427095,56,199
426840,427083,427095,12,243
426911,427093,427096,3,182
426911,427092,427095,3,181
426911,427094,427097,3,183
426840,427083,427098,15,243
426911,427094,427108,14,183
426911,427094,427109,15,183
426911,427096,427115,19,185
426911,427094,427121,27,183
426911,427095,427126,31,184
426911,427097,427127,30,186
426911,427096,427129,33,185
426911,427108,427129,21,197
426911,427109,427132,23,198
426911,427095,427136,41,184
426840,427039,427136,97,199
426911,427098,427141,43,187
426911,427132,427147,15,221
426911,427128,427147,19,217
426911,427136,427148,12,225
426911,427129,427147,18,218
426911,427121,427149,28,210
426911,427136,427148,12,225
426911,427094,427151,57,183
426911,427126,427154,28,215
426911,427115,427155,40,204
426911,427129,427156,27,218
426911,427142,427155,13,231
426911,427147,427160,13,236
426911,427147,427161,14,236
426911,427148,427162,14,237
425981,426185,427164,979,204
426911,427162,427164,2,251
426911,427095,427165,70,184
426911,427154,427165,11,243
426911,427151,427166,15,240
426911,427164,427166,2,253
426911,427164,427165,1,253
426911,427165,427167,2,254
426911,427149,427167,18,238
426911,427165,427168,3,254
426911,427155,427168,13,244
426911,427095,427169,74,184
426911,427148,427170,22,237
426911,427166,427170,4,255
426911,427166,427171,5,255
426911,427168,427171,3,257
426911,427149,427170,21,238
426911,427169,427171,2,258
426911,427167,427171,4,256
426840,427039,427172,133,199
426911,427168,427172,4,257
426911,427168,427172,4,257
426911,427161,427174,13,250
426911,427166,427175,9,255
426911,427160,427178,18,249
426911,427170,427178,8,259
426911,427171,427179,8,260
426960,427175,427179,4,215
426960,427171,427179,8,211
426960,427174,427180,6,214
426960,427172,427180,8,212
426960,427172,427180,8,212
426911,427171,427180,9,260
426911,427170,427180,10,259
426960,427173,427180,7,213
426911,427171,427180,9,260
426960,427178,427180,2,218
426911,427156,427181,25,245
426911,427156,427187,31,245
426960,427178,427190,12,218
426960,427182,427195,13,222
426960,427182,427198,16,222
426960,427181,427198,17,221
426960,427179,427204,25,219
426911,427094,427205,111,183
426960,427179,427207,28,219
426960,427190,427208,18,230
426960,427180,427209,29,220
426960,427187,427211,24,227
426960,427181,427213,32,221
426960,427199,427216,17,239
426960,427204,427218,14,244
426960,427180,427219,39,220
425752,426042,427221,1179,290
426960,427180,427222,42,220
426960,427209,427224,15,249
426960,427198,427224,26,238
426960,427211,427225,14,251
426960,427205,427226,21,245
426960,427210,427226,16,250
426960,427216,427228,12,256
426960,427213,427229,16,253
426960,427218,427231,13,258
426960,427219,427231,12,259
426960,427229,427232,3,269
426960,427224,427233,9,264
426960,427221,427233,12,261
426960,427207,427232,25,247
426960,427231,427232,1,271
426960,427228,427234,6,268
426960,427232,427234,2,272
426960,427232,427235,3,272
426960,427195,427236,41,235
426960,427223,427235,12,263
426960,427234,427236,2,274
426960,427234,427235,1,274
426960,427233,427236,3,273
426960,427234,427237,3,274
426960,427226,427237,11,266
426960,427233,427237,4,273
426960,427235,427238,3,275
426960,427226,427238,12,266
426960,427224,427238,14,264
426960,427225,427238,13,265
426960,427234,427238,4,274
426960,427237,427238,1,277
426960,427180,427239,59,220
426960,427236,427239,3,276
426960,427237,427239,2,277
426960,427236,427239,3,276
426960,427236,427239,3,276
426960,427237,427241,4,277
426964,427238,427241,3,274
426960,427238,427240,2,278
426964,427239,427241,2,275
426960,427238,427241,3,278
426964,427238,427241,3,274
426960,427237,427241,4,277
426960,427237,427241,4,277
426964,427239,427242,3,275
426964,427238,427241,3,274
426964,427239,427241,2,275
426964,427240,427243,3,276
426911,427094,427246,152,183
426964,427240,427249,9,276
426960,427180,427251,71,220
426964,427242,427252,10,278
426964,427242,427253,11,278
426964,427243,427254,11,279
426964,427246,427265,19,282
426964,427241,427266,25,277
426964,427254,427267,13,290
426964,427252,427272,20,288
426960,427180,427274,94,220
426964,427242,427275,33,278
426964,427241,427276,35,277
426964,427265,427276,11,301
426964,427241,427277,36,277
426964,427253,427279,26,289
426964,427241,427279,38,277
426964,427267,427284,17,303
426964,427272,427286,14,308
426964,427266,427288,22,302
426964,427276,427289,13,312
426964,427279,427294,15,315
426964,427279,427294,15,315
426964,427241,427295,54,277
426964,427276,427294,18,312
426964,427278,427295,17,314
426964,427274,427296,22,310
426964,427275,427297,22,311
426964,427284,427297,13,320
426964,427295,427297,2,331
426964,427295,427298,3,331
426964,427295,427299,4,331
426964,427241,427299,58,277
426964,427297,427299,2,333
426964,427297,427300,3,333
426964,427286,427300,14,322
426964,427296,427299,3,332
426964,427297,427301,4,333
426964,427298,427301,3,334
426964,427294,427301,7,330
426964,427299,427302,3,335
426964,427299,427302,3,335
426964,427300,427303,3,336
426964,427299,427303,4,335
426964,427300,427302,2,336
426964,427301,427303,2,337
426964,427301,427304,3,337
426964,427300,427303,3,336
426964,427301,427303,2,337
426964,427302,427304,2,338
426964,427288,427305,17,324
426964,427303,427305,2,339
426964,427289,427305,16,325
426964,427249,427304,55,285
427044,427304,427305,1,260
427044,427304,427306,2,260
426964,427294,427305,11,330
426964,427302,427305,3,338
427044,427303,427305,2,259
427044,427304,427307,3,260
427044,427304,427306,2,260
426964,427303,427306,3,339
427044,427305,427306,1,261
426964,427251,427307,56,287
427044,427305,427308,3,261
427044,427305,427319,14,261
427044,427308,427321,13,264
427044,427308,427322,14,264
427044,427308,427323,15,264
427044,427306,427330,24,262
427044,427305,427331,26,261
427044,427307,427333,26,263
427044,427319,427335,16,275
427044,427307,427338,31,263
427044,427308,427343,35,264
427044,427333,427346,13,289
427044,427321,427349,28,277
427044,427323,427351,28,279
427044,427338,427353,15,294
427044,427331,427354,23,287
427044,427306,427355,49,262
427044,427322,427356,34,278
425866,426122,427359,1237,256
427044,427343,427359,16,299
427044,427346,427362,16,302
427044,427330,427362,32,286
427044,427335,427362,27,291
427044,427349,427363,14,305
427044,427355,427365,10,311
427044,427353,427366,13,309
427044,427351,427366,15,307
427044,427354,427366,12,310
427044,427357,427366,9,313
427044,427366,427368,2,322
427044,427366,427369,3,322
427044,427366,427369,3,322
427044,427366,427369,3,322
426964,427241,427370,129,277
427044,427368,427370,2,324
427044,427369,427372,3,325
427044,427369,427372,3,325
427044,427359,427373,14,315
427044,427371,427374,3,327
427044,427362,427374,12,318
427044,427372,427375,3,328
427044,427372,427375,3,328
427044,427373,427375,2,329
427044,427365,427376,11,321
427044,427374,427376,2,330
427044,427369,427376,7,325
427044,427370,427376,6,326
427044,427362,427377,15,318
427044,427375,427377,2,331
427044,427362,427378,16,318
427044,427376,427378,2,332
427044,427375,427378,3,331
427044,427374,427378,4,330
427044,427376,427378,2,332
427165,427377,427379,2,212
427044,427376,427378,2,332
427165,427378,427380,2,213
427165,427377,427380,3,212
427165,427377,427379,2,212
427165,427378,427380,2,213
427165,427378,427379,1,213
427165,427378,427381,3,213
427044,427363,427381,18,319
427044,427359,427384,25,315
427165,427379,427390,11,214
427165,427384,427399,15,219
427165,427390,427399,9,225
427165,427382,427403,21,217
427165,427399,427412,13,234
427044,427306,427419,113,262
427165,427399,427423,24,234
427165,427381,427425,44,216
427044,427307,427433,126,263
427165,427381,427434,53,216
426075,426255,427438,1183,180
427165,427423,427439,16,258
427165,427425,427443,18,260
426964,427241,427451,210,277
427165,427434,427454,20,269
427165,427403,427455,52,238
427165,427433,427456,23,268
427165,427439,427457,18,274
427165,427438,427459,21,273
427165,427419,427460,41,254
427165,427379,427460,81,214
427165,427443,427465,22,278
427165,427458,427470,12,293
427165,427459,427471,12,294
427165,427460,427472,12,295
427165,427412,427473,61,247
427165,427454,427474,20,289
427165,427451,427477,26,286
427165,427461,427478,17,296
427165,427470,427481,11,305
427165,427456,427482,26,291
427165,427478,427483,5,313
427165,427465,427483,18,300
427165,427472,427484,12,307
427165,427481,427485,4,316
427165,427474,427486,12,309
427165,427483,427486,3,318
427165,427477,427486,9,312
427165,427482,427487,5,317
427165,427484,427487,3,319
427044,427306,427489,183,262
427165,427485,427490,5,320
427165,427455,427491,36,290
427165,427472,427491,19,307
427165,427484,427492,8,319
427165,427486,427492,6,321
427165,427486,427493,7,321
427165,427491,427493,2,326
427165,427491,427493,2,326
427165,427490,427494,4,325
427165,427486,427493,7,321
427165,427490,427493,3,325
427165,427487,427495,8,322
427165,427492,427494,2,327
427165,427493,427495,2,328
427221,427494,427496,2,273
427221,427494,427497,3,273
427221,427494,427497,3,273
427165,427488,427496,8,323
427221,427495,427497,2,274
427221,427494,427497,3,273
427165,427473,427498,25,308
427221,427494,427497,3,273
427221,427495,427499,4,274
427165,427379,427507,128,214
427221,427495,427510,15,274
427165,427380,427513,133,215
426416,426590,427515,925,174
427221,427510,427521,11,289
427221,427498,427521,23,277
427221,427496,427523,27,275
427221,427513,427526,13,292
427221,427498,427526,28,277
426152,426363,427527,1164,211
427221,427507,427527,20,286
427221,427499,427530,31,278
426132,426313,427532,1219,181
427221,427515,427538,23,294
427221,427526,427542,16,305
427221,427532,427542,10,311
427221,427521,427542,21,300
427221,427521,427543,22,300
427221,427526,427544,18,305
427221,427530,427545,15,309
427221,427523,427551,28,302
427221,427527,427552,25,306
427165,427381,427553,172,216
427221,427527,427555,28,306
427221,427538,427556,18,317
427221,427545,427558,13,324
427221,427551,427560,9,330
427221,427543,427561,18,322
427221,427544,427562,18,323
427221,427555,427562,7,334
427221,427497,427564,67,276
427221,427556,427564,8,335
427221,427542,427566,24,321
427221,427565,427569,4,344
427221,427564,427569,5,343
427221,427566,427569,3,345
427221,427562,427570,8,341
427221,427552,427570,18,331
427221,427553,427570,17,332
427221,427558,427570,12,337
427221,427542,427573,31,321
427221,427569,427573,4,348
427221,427571,427574,3,350
427221,427563,427574,11,342
427221,427571,427574,3,350
427221,427573,427575,2,352
427221,427570,427575,5,349
427221,427570,427575,5,349
427221,427543,427575,32,322
427221,427574,427577,3,353
427221,427575,427577,2,354
427221,427574,427576,2,353
427221,427575,427577,2,354
427221,427574,427576,2,353
427221,427561,427577,16,340
427221,427563,427578,15,342
427221,427569,427578,9,348
427221,427573,427577,4,352
427359,427577,427579,2,218
427359,427577,427579,2,218
427359,427577,427578,1,218
427359,427576,427578,2,217
427359,427577,427579,2,218
427359,427577,427579,2,218
427359,427578,427581,3,219
427165,427380,427581,201,215
427221,427569,427581,12,348
427165,427380,427588,208,215
427221,427497,427588,91,276
427359,427582,427595,13,223
427359,427578,427597,19,219
427359,427580,427602,22,221
427359,427581,427603,22,222
427359,427581,427605,24,222
427221,427497,427611,114,276
427359,427588,427615,27,229
427359,427589,427616,27,230
427359,427605,427619,14,246
427359,427603,427625,22,244
427359,427595,427627,32,236
427359,427611,427627,16,252
427359,427597,427630,33,238
427359,427615,427634,19,256
427359,427602,427635,33,243
426196,426437,427639,1202,241
427359,427619,427639,20,260
427359,427627,427640,13,268
427359,427617,427640,23,258
427359,427628,427641,13,269
427359,427635,427647,12,276
427359,427630,427648,18,271
427359,427580,427649,69,221
427359,427625,427651,26,266
427359,427639,427651,12,280
427359,427641,427652,11,282
427359,427578,427653,75,219
427359,427639,427653,14,280
427359,427634,427655,21,275
427359,427654,427657,3,295
427359,427653,427656,3,294
427359,427655,427658,3,296
427359,427647,427658,11,288
427359,427640,427660,20,281
427221,427497,427660,163,276
427359,427652,427660,8,293
427359,427657,427660,3,298
427359,427640,427662,22,281
427359,427651,427662,11,292
427359,427657,427662,5,298
427359,427660,427663,3,301
427359,427660,427664,4,301
427359,427662,427664,2,303
427359,427662,427665,3,303
427359,427651,427664,13,292
427359,427660,427665,5,301
427359,427660,427665,5,301
427359,427658,427665,7,299
427359,427663,427666,3,304
427359,427664,427667,3,305
427359,427658,427666,8,299
427359,427664,427667,3,305
427438,427665,427667,2,227
427359,427664,427666,2,305
427438,427665,427667,2,227
427438,427665,427667,2,227
427359,427649,427667,18,290
427438,427665,427668,3,227
427438,427666,427669,3,228
427359,427649,427669,20,290
427438,427667,427670,3,229
427221,427497,427670,173,276
427438,427667,427671,4,229
426231,426505,427679,1174,274
427438,427667,427687,20,229
427359,427579,427690,111,220
427438,427671,427690,19,233
427359,427579,427692,113,220
427438,427688,427697,9,250
427438,427690,427698,8,252
427438,427679,427700,21,241
427438,427691,427706,15,253
427438,427670,427708,38,232
427438,427667,427711,44,229
427438,427692,427712,20,254
427359,427578,427716,138,219
427438,427713,427724,11,275
427438,427711,427725,14,273
427438,427708,427725,17,270
427438,427670,427727,57,232
427438,427698,427730,32,260
427438,427697,427733,36,259
427438,427706,427735,29,268
427438,427700,427735,35,262
427438,427716,427738,22,278
427438,427725,427740,15,287
427359,427579,427740,161,220
427438,427727,427742,15,289
427438,427725,427743,18,287
427438,427730,427743,13,292
427438,427733,427746,13,295
427438,427738,427749,11,300
427438,427740,427750,10,302
427438,427724,427750,26,286
427438,427735,427751,16,297
427438,427750,427752,2,312
427438,427667,427753,86,229
427438,427749,427753,4,311
427438,427746,427754,8,308
427438,427740,427754,14,302
427438,427752,427754,2,314
427438,427750,427754,4,312
427438,427743,427754,11,305
427438,427751,427754,3,313
427438,427754,427756,2,316
427438,427753,427756,3,315
427438,427744,427755,11,306
427438,427735,427756,21,297
427438,427754,427757,3,316
427438,427754,427757,3,316
427438,427753,427758,5,315
427438,427754,427758,4,316
427438,427756,427759,3,318
427438,427756,427759,3,318
427438,427754,427759,5,316
427438,427756,427759,3,318
427438,427757,427759,2,319
427515,427757,427759,2,242
427515,427759,427760,1,244
427438,427755,427759,4,317
427515,427758,427760,2,243
427515,427758,427761,3,243
427515,427759,427761,2,244
427515,427759,427762,3,244
427438,427742,427765,23,304
427515,427759,427766,7,244
427438,427670,427768,98,232
427359,427579,427767,188,220
427438,427668,427768,100,230
427515,427761,427777,16,246
427515,427766,427779,13,251
427515,427760,427780,20,245
427515,427768,427780,12,253
427515,427765,427780,15,250
427515,427768,427779,11,253
427515,427769,427781,12,254
426627,426838,427784,946,211
427515,427779,427790,11,264
427515,427778,427790,12,263
427515,427780,427791,11,265
427515,427781,427792,11,266
427438,427667,427793,126,229
427515,427784,427794,10,269
427515,427780,427795,15,265
427438,427668,427797,129,230
427515,427761,427799,38,246
427515,427761,427799,38,246
427515,427780,427800,20,265
427515,427790,427803,13,275
427515,427790,427803,13,275
427515,427780,427804,24,265
427515,427762,427804,42,247
427515,427791,427805,14,276
427515,427760,427807,47,245
427515,427792,427808,16,277
427515,427808,427811,3,293
427515,427797,427811,14,282
427515,427807,427812,5,292
427515,427795,427814,19,280
427515,427811,427815,4,296
427515,427812,427816,4,297
427515,427803,427817,14,288
427515,427811,427817,6,296
427515,427814,427817,3,299
427515,427804,427817,13,289
427515,427760,427818,58,245
427515,427800,427818,18,285
427515,427815,427818,3,300
427515,427816,427818,2,301
427515,427799,427819,20,284
427515,427760,427819,59,245
427515,427804,427818,14,289
427515,427805,427820,15,290
427515,427799,427820,21,284
427515,427817,427821,4,302
427515,427818,427821,3,303
427515,427818,427821,3,303
427515,427819,427821,2,304
427515,427817,427821,4,302
427515,427817,427820,3,302
427515,427819,427822,3,304
427515,427818,427822,4,303
427515,427819,427822,3,304
427515,427818,427822,4,303
427515,427820,427823,3,305
427527,427821,427823,2,294
427515,427818,427823,5,303
427515,427793,427822,29,278
427527,427821,427823,2,294
427527,427821,427824,3,294
427527,427821,427824,3,294
427527,427821,427824,3,294
427527,427821,427824,3,294
427515,427804,427824,20,289
427515,427794,427826,32,279
427527,427822,427826,4,295
427438,427669,427831,162,231
427438,427667,427834,167,229
427527,427826,427839,13,299
427527,427831,427843,12,304
427527,427824,427844,20,297
427527,427826,427845,19,299
427527,427822,427846,24,295
427527,427824,427850,26,297
427527,427823,427850,27,296
427527,427825,427854,29,298
427527,427823,427854,31,296
427527,427824,427854,30,297
427527,427834,427854,20,307
427527,427845,427858,13,318
427527,427844,427859,15,317
427527,427846,427860,14,319
427527,427824,427861,37,297
427527,427843,427863,20,316
427527,427850,427863,13,323
427527,427851,427865,14,324
427527,427854,427867,13,327
427527,427823,427868,45,296
427527,427839,427870,31,312
427527,427822,427870,48,295
427527,427854,427871,17,327
427527,427858,427872,14,331
427527,427859,427872,13,332
427527,427863,427875,12,336
427527,427872,427876,4,345
427527,427872,427876,4,345
427527,427871,427877,6,344
427527,427824,427877,53,297
427527,427870,427877,7,343
427527,427865,427878,13,338
427527,427860,427878,18,333
427527,427854,427879,25,327
427527,427870,427879,9,343
427527,427876,427880,4,349
427527,427876,427880,4,349
427527,427875,427881,6,348
427527,427877,427881,4,350
427527,427867,427881,14,340
427527,427877,427881,4,350
427527,427863,427882,19,336
427527,427877,427881,4,350
427527,427880,427883,3,353
427527,427880,427883,3,353
427527,427879,427883,4,352
427527,427878,427882,4,351
427527,427881,427883,2,354
427527,427881,427884,3,354
427527,427881,427884,3,354
427532,427882,427884,2,350
427527,427880,427884,4,353
427527,427868,427884,16,341
427527,427879,427885,6,352
427532,427882,427885,3,350
427527,427861,427884,23,334
427532,427883,427886,3,351
427532,427883,427885,2,351
427532,427883,427886,3,351
427532,427883,427887,4,351
427527,427854,427887,33,327
427532,427883,427888,5,351
426491,426676,427890,1214,185
427532,427887,427900,13,355
427532,427889,427900,11,357
427532,427886,427902,16,354
427532,427891,427904,13,359
427532,427887,427906,19,355
427532,427886,427911,25,354
427532,427884,427911,27,352
427532,427900,427914,14,368
427532,427885,427921,36,353
427532,427886,427923,37,354
427532,427911,427926,15,379
427532,427901,427927,26,369
427532,427906,427927,21,374
427532,427911,427928,17,379
427532,427904,427928,24,372
427532,427914,427927,13,382
427527,427822,427929,107,295
426622,426751,427935,1184,129
427532,427921,427937,16,389
427532,427902,427939,37,370
427532,427928,427940,12,396
427532,427884,427942,58,352
427532,427928,427943,15,396
427532,427923,427943,20,391
427532,427928,427944,16,396
427532,427927,427944,17,395
427532,427937,427946,9,405
427532,427944,427947,3,412
427532,427944,427948,4,412
427532,427926,427948,22,394
427532,427939,427948,9,407
427532,427943,427949,6,411
427532,427946,427948,2,414
427532,427927,427950,23,395
427532,427947,427950,3,415
427532,427940,427949,9,408
427532,427943,427950,7,411
427532,427948,427950,2,416
427532,427949,427951,2,417
427532,427948,427950,2,416
427532,427949,427952,3,417
427532,427935,427951,16,403
427532,427950,427953,3,418
427532,427884,427952,68,352
427532,427948,427952,4,416
427532,427929,427953,24,397
427532,427951,427954,3,419
427532,427950,427953,3,418
427532,427952,427954,2,420
427532,427942,427954,12,410
427532,427950,427954,4,418
427532,427951,427954,3,419
427532,427951,427954,3,419
427532,427951,427954,3,419
427640,427953,427955,2,313
427532,427952,427955,3,420
427640,427953,427956,3,313
427640,427954,427956,2,314
427640,427954,427956,2,314
427640,427953,427956,3,313
427640,427954,427956,2,314
427640,427954,427957,3,314
427532,427884,427962,78,352
427640,427956,427970,14,316
427640,427962,427973,11,322
426840,427091,427974,883,251
427640,427954,427975,21,314
427640,427956,427976,20,316
426834,427035,427980,945,201
427640,427958,427981,23,318
427640,427970,427981,11,330
427640,427955,427984,29,315
427532,427884,427986,102,352
427640,427955,427987,32,315
427532,427885,427990,105,353
427532,427885,427991,106,353
427527,427823,427992,169,296
427640,427956,427992,36,316
427640,427980,427992,12,340
427640,427984,427993,9,344
427640,427981,427993,12,341
427640,427981,427993,12,341
427640,427974,427994,20,334
427640,427958,427995,37,318
427640,427986,427997,11,346
427640,427958,427997,39,318
427640,427955,427999,44,315
427640,427987,428001,14,347
427640,427977,428001,24,337
427640,427994,428004,10,354
427640,427993,428004,11,353
427640,427992,428004,12,352
427640,428001,428005,4,361
427640,427974,428006,32,334
427640,427995,428006,11,355
427640,427997,428006,9,357
427640,427992,428006,14,352
427640,427990,428006,16,350
427640,428001,428006,5,361
427640,427997,428006,9,357
427640,428004,428008,4,364
427640,427993,428010,17,353
427640,428006,428010,4,366
427640,427999,428010,11,359
427640,427994,428011,17,354
427640,427992,428012,20,352
427640,428004,428013,9,364
427640,427975,428014,39,335
427640,427955,428014,59,315
427640,428008,428014,6,368
427640,428010,428014,4,370
427640,428012,428016,4,372
427640,428006,428016,10,366
427640,428006,428016,10,366
427640,428010,428016,6,370
427640,428011,428015,4,371
427640,428013,428015,2,373
427640,428006,428016,10,366
427640,428006,428017,11,366
427640,428010,428016,6,370
427640,428005,428017,12,365
427640,428006,428016,10,366
427680,428014,428018,4,334
427640,427991,428018,27,351
427680,428014,428017,3,334
427680,428016,428018,2,336
427680,428015,428018,3,335
427640,428006,428017,11,366
427680,428016,428019,3,336
427680,428016,428018,2,336
427640,428004,428021,17,364
427680,428016,428023,7,336
427640,427957,428028,71,317
427680,428018,428029,11,338
427680,428018,428030,12,338
427680,428018,428030,12,338
427680,428018,428030,12,338
427680,428019,428031,12,339
427680,428021,428032,11,341
427680,428019,428033,14,339
427680,428017,428033,16,337
427680,428030,428040,10,350
427680,428029,428041,12,349
427680,428016,428042,26,336
427680,428030,428042,12,350
427680,428030,428043,13,350
427680,428017,428044,27,337
427680,428032,428045,13,352
427680,428032,428047,15,352
427680,428023,428047,24,343
427680,428041,428052,11,361
427680,428033,428052,19,353
427680,428017,428052,35,337
427680,428043,428054,11,363
427680,428042,428056,14,362
427680,428045,428056,11,365
427680,428047,428057,10,367
427680,428018,428058,40,338
427680,428047,428059,12,367
427680,428044,428059,15,364
427680,428053,428061,8,373
427680,428055,428062,7,375
427680,428028,428062,34,348
427680,428056,428063,7,376
427680,428043,428062,19,363
427680,428059,428064,5,379
427680,428057,428063,6,377
427680,428040,428064,24,360
427680,428058,428064,6,378
427680,428056,428065,9,376
427680,428052,428064,12,372
427680,428063,428066,3,383
427680,428033,428066,33,353
427680,428059,428066,7,379
427680,428062,428068,6,382
427680,428065,428069,4,385
427680,428066,428069,3,386
427680,428061,428069,8,381
427680,428064,428069,5,384
427680,428063,428070,7,383
427680,428062,428069,7,382
427680,428064,428069,5,384
427680,428065,428070,5,385
427680,428064,428070,6,384
427680,428052,428071,19,372
427680,428065,428071,6,385
427784,428069,428070,1,285
427784,428069,428073,4,285
427784,428069,428073,4,285
427784,428069,428074,5,285
427784,428068,428074,6,284
427784,428070,428075,5,286
427784,428068,428078,10,284
427784,428070,428080,10,286
427680,428016,428081,65,336
427680,428017,428083,66,337
426697,426904,428083,1179,207
427784,428070,428084,14,286
427784,428070,428087,17,286
427784,428074,428089,15,290
427784,428075,428090,15,291
427784,428080,428090,10,296
427784,428074,428090,16,290
427784,428070,428090,20,286
427784,428078,428092,14,294
427784,428073,428092,19,289
427680,428018,428093,75,338
427784,428087,428099,12,303
427784,428090,428102,12,306
427784,428071,428102,31,287
427784,428090,428102,12,306
427784,428081,428102,21,297
427784,428089,428103,14,305
427784,428091,428104,13,307
427784,428092,428105,13,308
427784,428091,428106,15,307
427784,428084,428106,22,300
427784,428092,428108,16,308
427784,428102,428111,9,318
427784,428106,428112,6,322
427784,428102,428113,11,318
427784,428103,428115,12,319
427784,428102,428115,13,318
427784,428112,428115,3,328
427784,428108,428116,8,324
427784,428099,428116,17,315
427784,428106,428118,12,322
427784,428105,428118,13,321
427784,428112,428120,8,328
427784,428115,428120,5,331
427784,428116,428120,4,332
427784,428104,428120,16,320
427784,428117,428121,4,333
427784,428093,428120,27,309
427680,428017,428122,105,337
427784,428120,428122,2,336
427784,428102,428121,19,318
427784,428120,428123,3,336
427784,428121,428123,2,337
427784,428120,428124,4,336
427784,428121,428124,3,337
427784,428120,428125,5,336
427784,428122,428125,3,338
427784,428118,428125,7,334
427784,428118,428125,7,334
427784,428115,428124,9,331
427784,428122,428125,3,338
427784,428116,428124,8,332
427891,428124,428127,3,233
427784,428113,428126,13,329
427784,428071,428127,56,287
427891,428124,428127,3,233
427784,428122,428128,6,338
427891,428124,428128,4,233
427891,428125,428128,3,234
427784,428083,428128,45,299
427891,428125,428128,3,234
427891,428125,428128,3,234
427891,428125,428130,5,234
427784,428084,428134,50,300
427784,428073,428138,65,289
427891,428128,428139,11,237
427891,428128,428140,12,237
427891,428129,428140,11,238
427891,428129,428140,11,238
427891,428130,428141,11,239
427891,428128,428140,12,237
427891,428125,428143,18,234
427891,428128,428145,17,237
427891,428127,428146,19,236
426766,426964,428146,1182,198
427891,428134,428146,12,243
427891,428125,428147,22,234
427784,428071,428148,77,287
427891,428140,428153,13,249
427891,428127,428154,27,236
427891,428141,428154,13,250
427891,428138,428155,17,247
427891,428125,428155,30,234
427891,428141,428156,15,250
427891,428140,428155,15,249
427891,428143,428157,14,252
427891,428139,428158,19,248
427891,428146,428160,14,255
427891,428146,428161,15,255
427891,428127,428162,35,236
427891,428127,428162,35,236
427891,428155,428164,9,264
427891,428140,428164,24,249
427891,428155,428165,10,264
427891,428157,428166,9,266
427891,428154,428166,12,263
427891,428154,428166,12,263
427891,428147,428166,19,256
427891,428161,428166,5,270
427891,428162,428166,4,271
427891,428157,428168,11,266
427891,428153,428168,15,262
427891,428160,428169,9,269
427891,428164,428169,5,273
427891,428156,428169,13,265
427891,428166,428169,3,275
427891,428165,428170,5,274
427891,428162,428169,7,271
427891,428166,428171,5,275
427891,428148,428171,23,257
427891,428164,428170,6,273
427891,428167,428171,4,276
427891,428166,428171,5,275
427891,428166,428171,5,275
427891,428168,428171,3,277
427891,428166,428171,5,275
427891,428148,428173,25,257
427891,428168,428173,5,277
427891,428169,428173,4,278
427936,428170,428174,4,234
427891,428170,428173,3,279
427936,428171,428174,3,235
427936,428171,428174,3,235
427891,428170,428174,4,279
427936,428171,428173,2,235
427936,428171,428174,3,235
427936,428171,428175,4,235
427891,428158,428175,17,267
427891,428170,428175,5,279
427936,428172,428176,4,236
427891,428148,428183,35,257
427936,428172,428183,11,236
427936,428174,428185,11,238
427936,428174,428186,12,238
427936,428174,428188,14,238
427936,428175,428187,12,239
427936,428174,428190,16,238
427936,428175,428191,16,239
427936,428173,428193,20,237
427936,428173,428193,20,237
427936,428183,428198,15,247
427936,428187,428198,11,251
427936,428174,428198,24,238
427936,428173,428199,26,237
427936,428183,428199,16,247
427936,428175,428199,24,239
427936,428188,428200,12,252
427936,428186,428201,15,250
427936,428177,428200,23,241
427936,428189,428200,11,253
427936,428191,428202,11,255
427936,428190,428205,15,254
427936,428193,428206,13,257
427936,428193,428209,16,257
427936,428200,428209,9,264
427936,428202,428210,8,266
427936,428199,428211,12,263
427936,428202,428211,9,266
427936,428202,428212,10,266
427936,428199,428212,13,263
427936,428198,428212,14,262
427936,428202,428213,11,266
427936,428211,428214,3,275
427936,428199,428214,15,263
427936,428209,428213,4,273
427936,428209,428214,5,273
427936,428206,428215,9,270
427936,428211,428214,3,275
427936,428212,428214,2,276
427936,428210,428216,6,274
427936,428212,428215,3,276
427936,428214,428217,3,278
427936,428214,428217,3,278
427936,428213,428217,4,277
427936,428214,428217,3,278
427936,428214,428217,3,278
427936,428174,428218,44,238
427936,428215,428218,3,279
427974,428217,428219,2,243
427936,428198,428219,21,262
427936,428215,428218,3,279
427936,428215,428219,4,279
427974,428217,428220,3,243
427936,428205,428221,16,269
427936,428216,428221,5,280
427936,428215,428221,6,279
427974,428218,428221,3,244
427936,428216,428221,5,280
427974,428217,428221,4,243
427936,428174,428225,51,238
427974,428217,428225,8,243
427974,428218,428225,7,244
427936,428198,428229,31,262
427974,428219,428233,14,245
427974,428225,428237,12,251
427974,428221,428239,18,247
427974,428221,428239,18,247
427974,428226,428240,14,252
427974,428225,428242,17,251
427974,428221,428246,25,247
427974,428229,428246,17,255
427974,428219,428255,36,245
427974,428242,428256,14,268
427974,428222,428257,35,248
427974,428240,428258,18,266
427974,428246,428260,14,272
427974,428233,428260,27,259
427974,428246,428262,16,272
427974,428222,428264,42,248
427974,428221,428266,45,247
427974,428220,428267,47,246
427974,428239,428268,29,265
427974,428256,428270,14,282
427974,428256,428271,15,282
427974,428239,428274,35,265
427974,428260,428274,14,286
427974,428260,428274,14,286
427974,428259,428274,15,285
427974,428258,428276,18,284
427974,428264,428276,12,290
427974,428266,428276,10,292
427974,428277,428280,3,303
427974,428238,428280,42,264
427974,428267,428281,14,293
427974,428276,428281,5,302
427974,428268,428281,13,294
427974,428276,428282,6,302
427974,428280,428283,3,306
427974,428281,428283,2,307
427974,428281,428284,3,307
427974,428280,428284,4,306
427974,428281,428284,3,307
427974,428282,428285,3,308
427974,428274,428284,10,300
427974,428274,428285,11,300
427936,428174,428285,111,238
427974,428283,428286,3,309
427974,428274,428286,12,300
427974,428284,428285,1,310
427974,428283,428285,2,309
427974,428284,428287,3,310
427974,428285,428287,2,311
427974,428284,428287,3,310
427974,428285,428288,3,311
427974,428285,428289,4,311
427974,428285,428288,3,311
427980,428286,428289,3,306
427980,428286,428289,3,306
427974,428270,428289,19,296
427974,428262,428290,28,288
427980,428286,428289,3,306
427980,428287,428290,3,307
427980,428287,428290,3,307
427974,428274,428290,16,300
427974,428271,428290,19,297
427980,428287,428290,3,307
427980,428288,428294,6,308
427974,428220,428299,79,246
427980,428291,428304,13,311
427980,428289,428305,16,309
427980,428290,428306,16,310
427980,428291,428305,14,311
427980,428290,428308,18,310
427980,428289,428308,19,309
427980,428294,428310,16,314
427974,428219,428311,92,245
427980,428299,428312,13,319
427980,428289,428313,24,309
427980,428289,428316,27,309
427980,428291,428317,26,311
427980,428291,428317,26,311
427980,428290,428320,30,310
427980,428306,428321,15,326
427980,428308,428322,14,328
427980,428308,428322,14,328
427980,428304,428323,19,324
427980,428311,428323,12,331
427980,428313,428327,14,333
427980,428311,428327,16,331
427980,428289,428328,39,309
427980,428313,428327,14,333
427980,428317,428332,15,337
427980,428306,428333,27,326
427980,428316,428335,19,336
427980,428305,428336,31,325
427980,428317,428335,18,337
427980,428323,428340,17,343
427980,428327,428340,13,347
427980,428336,428341,5,356
427980,428327,428342,15,347
427980,428336,428342,6,356
427980,428322,428342,20,342
427980,428340,428342,2,360
427980,428321,428343,22,341
427980,428322,428343,21,342
427980,428332,428344,12,352
427980,428333,428343,10,353
427980,428328,428345,17,348
427980,428335,428345,10,355
427980,428342,428345,3,362
427980,428328,428344,16,348
427980,428340,428344,4,360
427980,428342,428346,4,362
427980,428343,428346,3,363
427980,428343,428346,3,363
427980,428341,428346,5,361
427980,428342,428346,4,362
427980,428344,428347,3,364
427980,428344,428348,4,364
427980,428345,428349,4,365
427980,428345,428349,4,365
427980,428323,428349,26,343
428084,428346,428348,2,262
428084,428346,428350,4,262
428084,428347,428350,3,263
428084,428346,428350,4,262
428084,428348,428350,2,264
427980,428342,428349,7,362
428084,428348,428350,2,264
427980,428345,428350,5,365
428084,428347,428350,3,263
427980,428345,428350,5,365
428084,428349,428352,3,265
427980,428321,428354,33,341
428084,428351,428361,10,267
428084,428351,428363,12,267
428084,428353,428365,12,269
428084,428351,428365,14,267
428084,428351,428367,16,267
428084,428349,428368,19,265
428084,428349,428368,19,265
428084,428349,428370,21,265
428084,428350,428370,20,266
428084,428354,428372,18,270
428084,428365,428378,13,281
428084,428368,428380,12,284
428084,428350,428383,33,266
428084,428367,428383,16,283
428084,428368,428383,15,284
428084,428365,428384,19,281
428084,428350,428386,36,266
428084,428371,428386,15,287
428084,428370,428386,16,286
428084,428372,428388,16,288
428084,428361,428392,31,277
428084,428383,428395,12,299
428084,428383,428396,13,299
428084,428378,428396,18,294
428084,428350,428398,48,266
428084,428386,428400,14,302
428084,428386,428401,15,302
428084,428384,428402,18,300
428084,428388,428402,14,304
428084,428392,428403,11,308
428084,428386,428403,17,302
428084,428400,428404,4,316
428084,428403,428405,2,319
428084,428380,428406,26,296
428084,428395,428405,10,311
428084,428401,428406,5,317
428084,428383,428407,24,299
428084,428397,428407,10,313
428084,428405,428407,2,321
428084,428404,428407,3,320
428084,428403,428407,4,319
428084,428402,428407,5,318
428084,428406,428409,3,322
428084,428402,428409,7,318
428084,428407,428410,3,323
428084,428398,428410,12,314
428084,428407,428410,3,323
428084,428407,428410,3,323
428084,428406,428410,4,322
428084,428396,428410,14,312
428084,428406,428411,5,322
428084,428408,428412,4,324
428148,428410,428412,2,262
428084,428408,428413,5,324
428148,428409,428413,4,261
428148,428410,428413,3,262
428148,428410,428413,3,262
428148,428410,428413,3,262
428084,428408,428413,5,324
428148,428410,428413,3,262
428084,428363,428416,53,279
428148,428411,428417,6,263
426912,427171,428418,1247,259
428084,428350,428420,70,266
428148,428416,428427,11,268
428148,428417,428429,12,269
428148,428412,428430,18,264
428148,428420,428430,10,272
428148,428418,428430,12,270
428148,428412,428433,21,264
428148,428413,428433,20,265
428148,428412,428434,22,264
428148,428415,428435,20,267
428148,428413,428436,23,265
428148,428413,428441,28,265
428148,428428,428442,14,280
428148,428430,428446,16,282
428148,428433,428447,14,285
428148,428430,428448,18,282
428148,428433,428448,15,285
428148,428434,428449,15,286
428148,428436,428452,16,288
428148,428435,428452,17,287
428148,428413,428453,40,265
428148,428441,428456,15,293
428148,428414,428458,44,266
428148,428414,428459,45,266
428148,428442,428461,19,294
428148,428448,428460,12,300
428148,428449,428461,12,301
428148,428453,428461,8,305
428148,428453,428462,9,305
428148,428429,428463,34,281
428148,428448,428463,15,300
428148,428446,428464,18,298
428148,428430,428465,35,282
428148,428452,428466,14,304
428148,428464,428467,3,316
428148,428463,428467,4,315
428148,428463,428468,5,315
426961,427238,428468,1230,277
428148,428461,428469,8,313
428148,428462,428470,8,314
428148,428467,428470,3,319
428148,428465,428470,5,317
428148,428468,428471,3,320
428148,428467,428471,4,319
428148,428456,428471,15,308
428148,428468,428472,4,320
428148,428459,428472,13,311
428148,428470,428473,3,322
428148,428447,428473,26,299
428148,428471,428474,3,323
428148,428470,428473,3,322
428419,428472,428474,2,53
428148,428461,428474,13,313
428148,428458,428473,15,310
428148,428470,428475,5,322
428419,428472,428475,3,53
428148,428471,428475,4,323
428419,428473,428476,3,54
428148,428461,428476,15,313
428419,428474,428476,2,55
428148,428461,428475,14,313
428148,428470,428475,5,322
428419,428474,428477,3,55
428419,428474,428477,3,55
428148,428466,428479,13,318
428419,428474,428485,11,55
428419,428476,428497,21,57
428419,428475,428502,27,56
428419,428477,428502,25,58
428419,428477,428504,27,58
428419,428475,428517,42,56
428419,428476,428519,43,57
428419,428476,428520,44,57
428419,428474,428522,48,55
428419,428479,428533,54,60
428419,428519,428534,15,100
428419,428520,428535,15,101
428419,428522,428537,15,103
428419,428476,428539,63,57
428419,428533,428548,15,114
428419,428534,428549,15,115
426964,427303,428549,1246,339
428419,428535,428552,17,116
428419,428537,428552,15,118
428419,428539,428555,16,120
428419,428517,428556,39,98
428419,428505,428561,56,86
428419,428549,428561,12,130
428419,428552,428562,10,133
428419,428552,428564,12,133
428419,428556,428565,9,137
428419,428548,428566,18,129
428419,428556,428566,10,137
427045,427376,428569,1193,331
428419,428549,428570,21,130
428419,428566,428571,5,147
428419,428567,428571,4,148
428419,428565,428572,7,146
428419,428569,428573,4,150
428419,428570,428573,3,151
428419,428562,428574,12,143
428419,428561,428575,14,142
428419,428476,428576,100,57
428419,428561,428576,15,142
428419,428571,428575,4,152
428419,428571,428575,4,152
428419,428572,428575,3,153
428419,428573,428576,3,154
428419,428564,428577,13,145
428419,428573,428576,3,154
428419,428485,428577,92,66
428419,428574,428578,4,155
428419,428575,428578,3,156
428419,428576,428579,3,157
428419,428576,428579,3,157
428419,428576,428579,3,157
428419,428576,428580,4,157
428419,428576,428579,3,157
428419,428577,428581,4,158
428468,428578,428581,3,110
428468,428579,428581,2,111
428468,428577,428580,3,109
428468,428578,428581,3,110
428419,428577,428580,3,158
428468,428579,428582,3,111
428468,428579,428582,3,111
428419,428502,428587,85,83
428468,428580,428586,6,112
428419,428475,428598,123,56
428468,428580,428599,19,112
428468,428587,428611,24,119
428419,428497,428612,115,78
428419,428475,428613,138,56
428468,428581,428615,34,113
428468,428582,428622,40,114
428468,428587,428625,38,119
428419,428502,428627,125,83
428468,428598,428629,31,130
428468,428622,428631,9,154
427360,427665,428631,966,305
428468,428581,428631,50,113
428468,428616,428632,16,148
428468,428581,428633,52,113
428468,428582,428635,53,114
428468,428629,428638,9,161
428468,428625,428640,15,157
428468,428627,428642,15,159
428468,428631,428643,12,163
428468,428631,428644,13,163
428468,428581,428648,67,113
428468,428614,428648,34,146
428468,428631,428650,19,163
428468,428632,428650,18,164
428468,428581,428651,70,113
428468,428642,428652,10,174
428468,428643,428652,9,175
428468,428640,428653,13,172
428468,428635,428654,19,167
428468,428638,428655,17,170
428468,428644,428655,11,176
428468,428653,428656,3,185
428468,428633,428655,22,165
428468,428654,428657,3,186
428468,428652,428657,5,184
428468,428655,428658,3,187
428468,428655,428658,3,187
428468,428648,428659,11,180
428468,428648,428658,10,180
428468,428656,428659,3,188
428468,428650,428660,10,182
428468,428657,428660,3,189
428468,428656,428659,3,188
428468,428657,428659,2,189
428468,428652,428660,8,184
428468,428651,428661,10,183
428468,428659,428661,2,191
428468,428658,428660,2,190
428468,428659,428661,2,191
428468,428659,428663,4,191
428468,428659,428662,3,191
428468,428660,428663,3,192
428468,428650,428662,12,182
428550,428661,428663,2,111
428468,428660,428662,2,192
428468,428660,428663,3,192
428468,428660,428664,4,192
428468,428660,428665,5,192
428550,428662,428665,3,112
428550,428663,428665,2,113
428550,428661,428664,3,111
428550,428663,428666,3,113
428550,428663,428666,3,113
427165,427493,428669,1176,328
428550,428663,428669,6,113
428550,428669,428676,7,119
428468,428612,428676,64,144
428550,428669,428677,8,119
428550,428666,428682,16,116
428550,428677,428682,5,127
428550,428664,428682,18,114
428550,428682,428687,5,132
428550,428676,428688,12,126
428550,428678,428690,12,128
428468,428581,428691,110,113
428550,428682,428691,9,132
428550,428688,428693,5,138
428550,428682,428694,12,132
428550,428666,428697,31,116
428550,428688,428705,17,138
428550,428690,428707,17,140
428550,428691,428708,17,141
428550,428664,428708,44,114
428468,428599,428712,113,131
428550,428692,428712,20,142
428550,428708,428717,9,158
428550,428697,428717,20,147
428550,428693,428717,24,143
428550,428708,428719,11,158
428550,428694,428719,25,144
428550,428707,428720,13,157
428550,428712,428722,10,162
428550,428712,428723,11,162
428550,428717,428726,9,167
428550,428719,428727,8,169
428550,428717,428727,10,167
428550,428717,428728,11,167
428550,428726,428729,3,176
428550,428705,428729,24,155
428550,428719,428729,10,169
428550,428727,428730,3,177
428550,428728,428730,2,178
428550,428727,428730,3,177
428550,428720,428730,10,170
428550,428729,428731,2,179
428550,428730,428733,3,180
428550,428730,428733,3,180
428550,428729,428733,4,179
428550,428729,428733,4,179
428550,428723,428733,10,173
427222,427575,428734,1159,353
428550,428730,428734,4,180
428550,428731,428735,4,181
428550,428733,428736,3,183
428550,428733,428736,3,183
428550,428733,428736,3,183
427438,427757,428736,979,319
428550,428733,428736,3,183
428550,428733,428737,4,183
428550,428730,428736,6,180
428570,428735,428738,3,165
428570,428735,428738,3,165
428570,428736,428738,2,166
428468,428611,428737,126,143
428570,428736,428738,2,166
428550,428722,428738,16,172
428570,428736,428738,2,166
428550,428665,428738,73,115
428570,428736,428738,2,166
428570,428737,428743,6,167
428550,428665,428748,83,115
428570,428739,428749,10,169
428570,428743,428753,10,173
428570,428737,428753,16,167
428570,428739,428754,15,169
428570,428748,428756,8,178
428570,428739,428756,17,169
428570,428737,428761,24,167
428570,428739,428762,23,169
428570,428749,428764,15,179
428570,428756,428765,9,186
428570,428739,428765,26,169
428550,428664,428766,102,114
428570,428738,428766,28,168
428570,428738,428769,31,168
428570,428754,428772,18,184
428570,428753,428773,20,183
428570,428756,428775,19,186
428550,428665,428779,114,115
428570,428766,428781,15,196
428570,428766,428782,16,196
428570,428761,428784,23,191
428570,428764,428783,19,194
428550,428664,428785,121,114
428570,428769,428785,16,199
428570,428775,428786,11,205
428570,428773,428787,14,203
428570,428753,428789,36,183
428570,428779,428790,11,209
428570,428781,428791,10,211
428570,428782,428791,9,212
428570,428790,428793,3,220
428570,428791,428794,3,221
428570,428785,428794,9,215
428570,428784,428795,11,214
428570,428762,428794,32,192
428570,428785,428795,10,215
428570,428793,428795,2,223
428570,428784,428795,11,214
428570,428794,428796,2,224
428570,428791,428796,5,221
428570,428765,428796,31,195
428570,428794,428797,3,224
428570,428786,428797,11,216
428570,428787,428796,9,217
428570,428789,428797,8,219
428570,428795,428798,3,225
428570,428796,428797,1,226
428570,428796,428798,2,226
428570,428795,428799,4,225
428570,428772,428798,26,202
428570,428795,428798,3,225
428570,428797,428799,2,227
428570,428797,428799,2,227
428570,428765,428800,35,195
428631,428798,428799,1,167
428631,428798,428800,2,167
428570,428797,428800,3,227
428570,428795,428800,5,225
428631,428799,428801,2,168
428631,428798,428800,2,167
428631,428799,428801,2,168
428570,428796,428802,6,226
428570,428797,428801,4,227
428631,428799,428801,2,168
428631,428799,428801,2,168
428550,428665,428815,150,115
428631,428802,428819,17,171
428631,428799,428820,21,168
428631,428819,428824,5,188
428631,428800,428826,26,169
428631,428800,428827,27,169
428631,428820,428828,8,189
428631,428802,428827,25,171
428631,428802,428830,28,171
428631,428801,428833,32,170
428631,428816,428833,17,185
428570,428738,428835,97,168
428631,428824,428835,11,193
428631,428827,428836,9,196
428631,428826,428837,11,195
428631,428828,428841,13,197
428631,428800,428842,42,169
428631,428829,428844,15,198
428631,428836,428847,11,205
428631,428834,428847,13,203
428631,428835,428848,13,204
428631,428837,428849,12,206
428631,428801,428849,48,170
428631,428835,428850,15,204
428631,428800,428851,51,169
428631,428841,428854,13,210
428631,428833,428854,21,202
428631,428830,428854,24,199
428631,428802,428856,54,171
428631,428851,428856,5,220
428631,428842,428856,14,211
428631,428847,428856,9,216
428631,428854,428857,3,223
428631,428849,428857,8,218
428631,428850,428858,8,219
428631,428848,428858,10,217
428570,428738,428859,121,168
428631,428854,428859,5,223
428631,428849,428861,12,218
428631,428854,428862,8,223
428631,428847,428862,15,216
428631,428857,428865,8,226
428631,428856,428865,9,225
428631,428856,428865,9,225
428631,428857,428865,8,226
428631,428859,428865,6,228
428631,428863,428866,3,232
428631,428859,428866,7,228
428631,428857,428866,9,226
428631,428858,428867,9,227
428631,428858,428867,9,227
428631,428862,428867,5,231
428631,428856,428867,11,225
428669,428866,428868,2,197
428669,428866,428868,2,197
428631,428861,428868,7,230
428631,428865,428868,3,234
428669,428866,428869,3,197
428631,428865,428869,4,234
428669,428866,428868,2,197
428631,428865,428869,4,234
428669,428867,428870,3,198
428669,428867,428869,2,198
428631,428800,428871,71,169
428631,428845,428871,26,214
428669,428867,428872,5,198
428669,428871,428881,10,202
428631,428801,428883,82,170
428669,428871,428885,14,202
428669,428869,428885,16,200
428669,428869,428887,18,200
428669,428867,428889,22,198
428669,428869,428889,20,200
428669,428887,428901,14,218
428669,428889,428902,13,220
428669,428872,428903,31,203
428669,428869,428903,34,200
428669,428870,428905,35,201
428669,428871,428905,34,202
428669,428886,428907,21,217
428669,428889,428909,20,220
428669,428868,428909,41,199
428669,428903,428916,13,234
428669,428881,428919,38,212
428669,428905,428920,15,236
428669,428903,428920,17,234
428669,428868,428922,54,199
428669,428905,428922,17,236
428669,428907,428923,16,238
428669,428868,428927,59,199
428669,428919,428928,9,250
428669,428916,428929,13,247
428669,428909,428930,21,240
428669,428920,428930,10,251
428669,428909,428931,22,240
428669,428922,428932,10,253
428669,428930,428932,2,261
428669,428929,428933,4,260
428669,428930,428933,3,261
428669,428922,428933,11,253
428669,428922,428933,11,253
428669,428931,428933,2,262
428669,428932,428934,2,263
428669,428902,428934,32,233
428669,428932,428936,4,263
428669,428868,428936,68,199
428669,428933,428936,3,264
428669,428933,428936,3,264
428669,428928,428937,9,259
428669,428933,428937,4,264
428669,428933,428937,4,264
428669,428924,428936,12,255
428669,428935,428937,2,266
428669,428934,428938,4,265
428669,428935,428938,3,266
428669,428936,428938,2,267
428669,428936,428939,3,267
428669,428936,428940,4,267
428669,428936,428940,4,267
428669,428937,428940,3,268
428736,428937,428940,3,201
428736,428938,428939,1,202
428736,428938,428941,3,202
428736,428938,428941,3,202
428736,428939,428941,2,203
428736,428938,428941,3,202
428669,428901,428941,40,232
428736,428939,428943,4,203
428669,428927,428943,16,258
428669,428883,428951,68,214
428736,428943,428952,9,207
428736,428942,428956,14,206
428736,428956,428962,6,220
428736,428941,428962,21,205
428736,428940,428964,24,204
428736,428940,428966,26,204
428669,428885,428972,87,216
428736,428953,428972,19,217
428736,428940,428973,33,204
428736,428962,428973,11,226
428736,428962,428975,13,226
428736,428941,428975,34,205
428736,428964,428974,10,228
428736,428943,428976,33,207
428736,428966,428981,15,230
428736,428972,428987,15,236
428736,428975,428988,13,239
428736,428976,428988,12,240
428736,428972,428990,18,236
428736,428975,428989,14,239
428736,428975,428992,17,239
428736,428981,428994,13,245
428736,428941,428996,55,205
428736,428990,428997,7,254
428736,428990,428998,8,254
428736,428987,429000,13,251
428736,428973,429001,28,237
428736,428951,429001,50,215
428736,428992,429003,11,256
428736,428994,429004,10,258
428736,428941,429005,64,205
428736,428998,429006,8,262
428736,429003,429006,3,267
428736,429004,429007,3,268
428736,429001,429007,6,265
428736,428988,429007,19,252
428736,429005,429008,3,269
428736,429006,429008,2,270
428736,429001,429009,8,265
428736,429006,429010,4,270
428736,429007,429010,3,271
428736,428998,429010,12,262
428736,429007,429009,2,271
428736,429008,429010,2,272
428736,429009,429011,2,273
428736,429007,429010,3,271
428736,429008,429012,4,272
428736,428997,429012,15,261
428736,429001,429011,10,265
428736,429010,429013,3,274
428736,429010,429012,2,274
428736,429010,429013,3,274
428736,428988,429012,24,252
428737,429011,429013,2,274
428736,429010,429012,2,274
428736,428973,429014,41,237
428736,429010,429014,4,274
428737,429012,429013,1,275
428737,429012,429015,3,275
428737,429012,429014,2,275
428737,429013,429015,2,276
428737,429013,429015,2,276
428737,429013,429019,6,276
428736,428940,429021,81,204
428737,429014,429028,14,277
428737,429021,429034,13,284
428737,429015,429034,19,278
428737,429019,429034,15,282
428737,429016,429043,27,279
428737,429014,429044,30,277
428737,429034,429044,10,297
428737,429035,429046,11,298
428737,429034,429051,17,297
427784,428123,429051,928,339
428736,428940,429055,115,204
428737,429044,429057,13,307
428737,429044,429058,14,307
428737,429046,429059,13,309
428737,429043,429060,17,306
428737,429028,429064,36,291
428737,429051,429066,15,314
428737,429013,429068,55,276
428737,429058,429070,12,321
428737,429059,429071,12,322
428737,429057,429072,15,320
428737,429014,429074,60,277
428737,429060,429075,15,323
428737,429051,429076,25,314
428737,429016,429080,64,279
428737,429072,429081,9,335
428737,429064,429082,18,327
428737,429074,429082,8,337
428737,429015,429082,67,278
428737,429066,429083,17,329
428737,429075,429084,9,338
428737,429070,429085,15,333
428737,429082,429085,3,345
428737,429081,429085,4,344
428737,429068,429085,17,331
428737,429076,429085,9,339
428737,429083,429087,4,346
428737,429084,429087,3,347
428737,429085,429088,3,348
428737,429082,429088,6,345
428737,429082,429088,6,345
428737,429085,429087,2,348
428737,429086,429088,2,349
428737,429085,429087,2,348
428737,429085,429088,3,348
428737,429080,429088,8,343
428737,429071,429088,17,334
428737,429087,429090,3,350
428737,429055,429090,35,318
428737,429087,429090,3,350
428737,429088,429090,2,351
428737,429088,429090,2,351
428737,429088,429091,3,351
428737,429088,429091,3,351
428737,429088,429091,3,351
428737,429089,429092,3,352
428737,429088,429091,3,351
429052,429090,429092,2,38
429052,429090,429092,2,38
429052,429090,429092,2,38
429052,429090,429091,1,38
429052,429090,429093,3,38
429052,429090,429092,2,38
429052,429091,429095,4,39
429052,429091,429103,12,39
429052,429092,429108,16,40
429052,429091,429109,18,39
429052,429092,429110,18,40
429052,429096,429110,14,44
427936,428217,429111,894,281
429052,429092,429112,20,40
429052,429093,429113,20,41
427516,427820,429115,1295,304
429052,429093,429120,27,41
429052,429103,429120,17,51
429052,429112,429121,9,60
429052,429093,429120,27,41
429052,429113,429123,10,61
429052,429115,429123,8,63
429052,429111,429122,11,59
429052,429120,429126,6,68
428737,429015,429127,112,278
429052,429122,429128,6,70
429052,429120,429129,9,68
429052,429110,429129,19,58
429052,429092,429129,37,40
429052,429122,429130,8,70
429052,429110,429131,21,58
429052,429110,429131,21,58
429052,429123,429133,10,71
429052,429128,429134,6,76
429052,429129,429135,6,77
429052,429127,429137,10,75
429052,429129,429137,8,77
429052,429126,429139,13,74
429052,429123,429139,16,71
429052,429108,429140,32,56
429052,429130,429143,13,78
429052,429129,429142,13,77
429052,429137,429143,6,85
428737,429014,429143,129,277
429052,429131,429143,12,79
429052,429137,429144,7,85
429052,429131,429144,13,79
429052,429139,429145,6,87
429052,429135,429145,10,83
429052,429133,429145,12,81
429052,429092,429144,52,40
429052,429123,429147,24,71
429052,429134,429147,13,82
429052,429140,429146,6,88
429052,429143,429148,5,91
429052,429144,429148,4,92
429052,429144,429148,4,92
429052,429145,429147,2,93
429052,429143,429149,6,91
429052,429144,429148,4,92
429052,429143,429148,5,91
429052,429145,429150,5,93
429052,429141,429149,8,89
429111,429148,429151,3,37
429052,429146,429151,5,94
429052,429143,429150,7,91
429052,429145,429150,5,93
429052,429147,429150,3,95
429111,429148,429152,4,37
429052,429147,429151,4,95
429111,429148,429153,5,37
429111,429149,429153,4,38
429111,429149,429153,4,38
427532,427953,429153,1200,421
429111,429148,429154,6,37
429111,429149,429154,5,38
427528,427881,429155,1274,353
429111,429153,429166,13,42
429111,429152,429166,14,41
429111,429153,429167,14,42
429111,429153,429168,15,42
429111,429167,429171,4,56
429111,429154,429172,18,43
429111,429168,429172,4,57
429111,429150,429174,24,39
429111,429150,429174,24,39
429111,429153,429175,22,42
429111,429166,429176,10,55
429111,429151,429176,25,40
429111,429172,429178,6,61
429111,429151,429180,29,40
429111,429166,429180,14,55
429111,429156,429183,27,45
429111,429172,429184,12,61
429111,429180,429185,5,69
429111,429154,429186,32,43
429111,429151,429186,35,40
429111,429151,429187,36,40
429111,429181,429188,7,70
429111,429178,429189,11,67
429111,429186,429189,3,75
429111,429183,429191,8,72
429111,429172,429192,20,61
429111,429153,429192,39,42
429111,429185,429192,7,74
429111,429189,429193,4,78
429111,429176,429194,18,65
429111,429151,429194,43,40
429111,429189,429194,5,78
429111,429186,429195,9,75
429111,429193,429195,2,82
429111,429192,429195,3,81
429111,429187,429196,9,76
429111,429192,429196,4,81
429111,429190,429195,5,79
429111,429176,429197,21,65
429111,429192,429198,6,81
429111,429195,429198,3,84
429111,429191,429197,6,80
429111,429195,429199,4,84
429111,429194,429199,5,83
429111,429194,429199,5,83
429111,429197,429199,2,86
429111,429196,429199,3,85
429111,429194,429199,5,83
429111,429196,429200,4,85
429111,429198,429200,2,87
429111,429197,429201,4,86
429111,429196,429201,5,85
429111,429186,429200,14,75
429116,429199,429202,3,83
429116,429199,429202,3,83
429111,429198,429202,4,87
429116,429199,429202,3,83
429116,429200,429203,3,84
429116,429200,429203,3,84
429116,429200,429202,2,84
429111,429175,429202,27,64
429111,429174,429203,29,63
429116,429200,429205,5,84
427641,428014,429208,1194,373
429116,429203,429211,8,87
429116,429203,429216,13,87
429116,429203,429219,16,87
429116,429201,429220,19,85
429116,429201,429223,22,85
429116,429204,429224,20,88
429116,429202,429224,22,86
429116,429211,429225,14,95
429116,429202,429224,22,86
429116,429201,429226,25,85
429116,429216,429226,10,100
429111,429174,429227,53,63
429116,429202,429234,32,86
429116,429205,429236,31,89
429116,429226,429237,11,110
429116,429226,429238,12,110
429116,429202,429238,36,86
429116,429208,429238,30,92
429116,429227,429239,12,111
429116,429226,429240,14,110
429116,429219,429241,22,103
429116,429223,429246,23,107
429116,429234,429247,13,118
429116,429240,429248,8,124
429116,429225,429249,24,109
429116,429239,429249,10,123
429116,429238,429250,12,122
429116,429238,429250,12,122
429116,429237,429251,14,121
429116,429220,429250,30,104
429116,429236,429251,15,120
429116,429203,429253,50,87
429116,429238,429254,16,122
429116,429224,429254,30,108
429116,429252,429255,3,136
429116,429224,429255,31,108
429116,429251,429256,5,135
429116,429242,429256,14,126
429116,429250,429256,6,134
429116,429251,429256,5,135
429116,429255,429257,2,139
429116,429253,429257,4,137
429116,429255,429258,3,139
429116,429249,429257,8,133
429116,429255,429257,2,139
429116,429250,429257,7,134
429116,429256,429259,3,140
429116,429257,429259,2,141
429116,429249,429259,10,133
429116,429254,429258,4,138
429116,429256,429259,3,140
429116,429257,429260,3,141
427680,428068,429260,1192,388
429116,429246,429259,13,130
429116,429257,429259,2,141
429156,429259,429261,2,103
429116,429257,429261,4,141
429156,429259,429261,2,103
429156,429259,429260,1,103
429156,429259,429260,1,103
429156,429259,429261,2,103
429156,429259,429261,2,103
429116,429247,429263,16,131
429156,429259,429263,4,103
429116,429248,429264,16,132
429156,429260,429271,11,104
429156,429260,429277,17,104
429156,429260,429278,18,104
429156,429261,429278,17,105
429156,429259,429281,22,103
429156,429260,429282,22,104
429156,429278,429282,4,122
429156,429261,429282,21,105
429156,429271,429283,12,115
429156,429263,429283,20,107
429156,429277,429283,6,121
429156,429264,429284,20,108
429156,429279,429284,5,123
429156,429282,429288,6,126
429156,429283,429288,5,127
429156,429261,429289,28,105
429156,429262,429290,28,106
429156,429288,429291,3,132
429116,429202,429292,90,86
429156,429261,429293,32,105
429156,429289,429293,4,133
429156,429283,429293,10,127
429156,429284,429294,10,128
429156,429283,429294,11,127
429156,429289,429296,7,133
429156,429286,429296,10,130
429156,429282,429298,16,126
429156,429262,429299,37,106
429156,429261,429301,40,105
429156,429291,429302,11,135
429156,429291,429302,11,135
429156,429293,429303,10,137
429156,429293,429303,10,137
429156,429296,429304,8,140
429156,429298,429304,6,142
429156,429296,429303,7,140
429156,429294,429305,11,138
429156,429263,429305,42,107
429156,429302,429305,3,146
429156,429299,429305,6,143
429156,429301,429305,4,145
429156,429292,429306,14,136
429156,429294,429306,12,138
429156,429302,429305,3,146
429156,429303,429306,3,147
429156,429303,429306,3,147
429156,429293,429307,14,137
429156,429305,429307,2,149
429156,429304,429308,4,148
429156,429305,429308,3,149
429156,429305,429307,2,149
429156,429304,429307,3,148
429157,429306,429308,2,149
429156,429305,429309,4,149
429156,429306,429309,3,150
429156,429305,429309,4,149
429157,429306,429309,3,149
429157,429306,429308,2,149
429156,429281,429309,28,125
429157,429307,429309,2,150
429157,429308,429310,2,151
429157,429308,429310,2,151
429157,429308,429310,2,151
429156,429304,429310,6,148
429157,429310,429321,11,153
429156,429282,429321,39,126
429157,429308,429322,14,151
429157,429308,429323,15,151
429157,429309,429323,14,152
429157,429309,429326,17,152
429157,429310,429326,16,153
429157,429322,429326,4,165
429157,429309,429330,21,152
429157,429309,429331,22,152
429157,429321,429332,11,164
429157,429308,429332,24,151
429157,429309,429333,24,152
429157,429310,429334,24,153
429157,429323,429335,12,166
428084,428409,429335,926,325
429157,429323,429338,15,166
429157,429331,429342,11,174
429157,429330,429344,14,173
429157,429334,429345,11,177
429157,429312,429346,34,155
429157,429335,429347,12,178
429157,429326,429347,21,169
429157,429309,429348,39,152
429157,429326,429349,23,169
429157,429335,429350,15,178
429157,429338,429350,12,181
429157,429332,429353,21,175
429157,429333,429354,21,176
429157,429342,429355,13,185
429157,429350,429355,5,193
429157,429347,429357,10,190
429157,429345,429357,12,188
429157,429310,429356,46,153
429157,429355,429359,4,198
429157,429344,429359,15,187
429157,429346,429359,13,189
429157,429348,429359,11,191
429157,429349,429361,12,192
429157,429354,429361,7,197
429157,429358,429360,2,201
429157,429355,429362,7,198
429157,429347,429362,15,190
429157,429350,429362,12,193
429157,429359,429362,3,202
429157,429358,429364,6,201
429157,429353,429364,11,196
427891,428170,429365,1195,279
429157,429357,429365,8,200
429157,429359,429365,6,202
429157,429362,429364,2,205
429157,429359,429366,7,202
429157,429362,429366,4,205
429157,429361,429366,5,204
429157,429362,429366,4,205
429209,429363,429365,2,154
429209,429365,429367,2,156
429209,429364,429367,3,155
429157,429361,429366,5,204
429209,429364,429366,2,155
429209,429365,429368,3,156
429157,429359,429367,8,202
429209,429365,429367,2,156
429209,429365,429369,4,156
429157,429321,429370,49,164
429157,429332,429377,45,175
429157,429326,429378,52,169
429209,429366,429380,14,157
429209,429366,429382,16,157
429209,429366,429383,17,157
429209,429368,429383,15,159
429209,429378,429386,8,169
429209,429366,429386,20,157
429209,429367,429387,20,158
429209,429380,429387,7,171
429209,429366,429388,22,157
429209,429369,429389,20,160
429209,429377,429391,14,168
428148,428471,429391,920,323
429209,429387,429393,6,178
429209,429367,429393,26,158
429209,429368,429395,27,159
429209,429367,429397,30,158
429209,429393,429397,4,184
429209,429383,429397,14,174
429209,429369,429397,28,160
429209,429388,429398,10,179
429209,429387,429397,10,178
429209,429382,429399,17,173
429209,429389,429400,11,180
429209,429393,429400,7,184
429209,429389,429401,12,180
429209,429391,429402,11,182
429209,429383,429404,21,174
429209,429395,429405,10,186
429209,429402,429405,3,193
429209,429391,429406,15,182
429209,429401,429407,6,192
429209,429370,429408,38,161
429209,429397,429409,12,188
429209,429398,429410,12,189
429209,429397,429410,13,188
429209,429406,429411,5,197
429209,429367,429411,44,158
429209,429404,429411,7,195
429209,429405,429411,6,196
429209,429399,429412,13,190
429209,429398,429412,14,189
429209,429405,429413,8,196
429209,429409,429413,4,200
429209,429407,429413,6,198
429209,429397,429412,15,188
429209,429397,429414,17,188
429209,429386,429414,28,177
429209,429410,429413,3,201
429209,429410,429415,5,201
429209,429411,429415,4,202
429209,429411,429416,5,202
429209,429409,429416,7,200
429209,429400,429416,16,191
429209,429411,429415,4,202
429260,429414,429416,2,154
429209,429412,429415,3,203
429260,429413,429417,4,153
429209,429411,429416,5,202
429260,429414,429416,2,154
429260,429413,429416,3,153
429260,429413,429416,3,153
429260,429415,429417,2,155
429209,429413,429417,4,204
429260,429415,429419,4,155
429260,429417,429430,13,157
429260,429416,429431,15,156
429209,429400,429433,33,191
429260,429416,429433,17,156
429260,429416,429434,18,156
429260,429419,429434,15,159
429260,429417,429435,18,157
429260,429430,429440,10,170
429260,429435,429440,5,175
429260,429434,429441,7,174
429260,429417,429442,25,157
429260,429415,429443,28,155
429260,429416,429445,29,156
429260,429440,429445,5,180
429260,429440,429446,6,180
429260,429431,429447,16,171
429260,429417,429448,31,157
429260,429433,429448,15,173
429260,429441,429449,8,181
429260,429433,429450,17,173
429260,429434,429451,17,174
429260,429416,429452,36,156
429260,429447,429452,5,187
429260,429445,429454,9,185
429260,429418,429454,36,158
429260,429446,429454,8,186
429260,429417,429457,40,157
429260,429454,429458,4,194
429260,429448,429458,10,188
429260,429443,429459,16,183
429260,429442,429458,16,182
429260,429418,429461,43,158
429260,429458,429461,3,198
429260,429448,429461,13,188
429260,429416,429462,46,156
429260,429451,429463,12,191
429260,429459,429464,5,199
429260,429454,429463,9,194
429260,429457,429464,7,197
429260,429458,429464,6,198
429260,429452,429464,12,192
429260,429461,429465,4,201
429260,429452,429464,12,192
429260,429463,429465,2,203
429260,429454,429466,12,194
429260,429462,429466,4,202
429260,429461,429466,5,201
429260,429459,429467,8,199
429260,429464,429467,3,204
429260,429450,429467,17,190
429260,429449,429468,19,189
429260,429462,429468,6,202
429260,429465,429468,3,205
429260,429465,429468,3,205
429336,429466,429469,3,130
427975,428286,429470,1184,311
429336,429467,429470,3,131
429336,429467,429470,3,131
429336,429466,429469,3,130
429336,429468,429470,2,132
429260,429445,429471,26,185
429260,429464,429471,7,204
429260,429464,429471,7,204
429260,429464,429471,7,204
429336,429466,429470,4,130
429336,429467,429470,3,131
429336,429468,429481,13,132
429336,429470,429481,11,134
429336,429471,429482,11,135
429336,429470,429485,15,134
429336,429472,429487,15,136
429336,429471,429488,17,135
429336,429485,429492,7,149
429336,429471,429493,22,135
429336,429470,429495,25,134
429336,429470,429496,26,134
429336,429493,429498,5,157
429336,429482,429499,17,146
429336,429487,429500,13,151
429336,429488,429500,12,152
429336,429469,429500,31,133
429336,429472,429500,28,136
429336,429481,429500,19,145
429336,429496,429504,8,160
429336,429500,429508,8,164
429336,429493,429509,16,157
429336,429501,429509,8,165
429336,429481,429510,29,145
429336,429495,429512,17,159
429336,429508,429512,4,172
429336,429498,429512,14,162
429336,429505,429512,7,169
429336,429501,429514,13,165
429336,429470,429515,45,134
429336,429499,429516,17,163
429336,429500,429517,17,164
429336,429510,429517,7,174
429336,429468,429517,49,132
429336,429513,429517,4,177
429336,429514,429518,4,178
429336,429500,429517,17,164
429336,429512,429519,7,176
429336,429517,429520,3,181
429336,429515,429520,5,179
429336,429516,429520,4,180
429336,429517,429520,3,181
429336,429517,429521,4,181
429336,429519,429522,3,183
429336,429517,429522,5,181
429336,429518,429521,3,182
429336,429469,429521,52,133
429336,429518,429521,3,182
429336,429520,429523,3,184
429336,429520,429524,4,184
429336,429520,429524,4,184
429365,429522,429524,2,157
429336,429520,429524,4,184
429336,429521,429525,4,185
429365,429522,429525,3,157
429336,429510,429524,14,174
429336,429512,429526,14,176
429365,429522,429525,3,157
429365,429522,429526,4,157
429365,429523,429526,3,158
429336,429512,429526,14,176
429365,429524,429528,4,159
429336,429510,429528,18,174
429365,429524,429529,5,159
427981,428345,429533,1188,364
429336,429471,429536,65,135
429336,429469,429542,73,133
429365,429527,429543,16,162
429365,429527,429543,16,162
429365,429524,429543,19,159
429365,429525,429546,21,160
429365,429536,429547,11,171
429365,429527,429548,21,162
429365,429543,429549,6,178
429365,429528,429549,21,163
429365,429526,429554,28,161
429365,429542,429555,13,177
429365,429547,429555,8,182
429365,429525,429556,31,160
429365,429548,429556,8,183
429365,429546,429559,13,181
429365,429543,429559,16,178
429365,429525,429561,36,160
429365,429543,429562,19,178
429365,429533,429562,29,168
429365,429526,429563,37,161
429365,429549,429565,16,184
429365,429557,429565,8,192
429365,429528,429565,37,163
429365,429559,429565,6,194
429365,429526,429565,39,161
429365,429562,429567,5,197
429365,429559,429567,8,194
429365,429562,429569,7,197
429365,429566,429570,4,201
429365,429549,429571,22,184
429365,429567,429571,4,202
429365,429566,429575,9,201
429365,429571,429575,4,206
429365,429562,429574,12,197
429365,429570,429575,5,205
429365,429571,429577,6,206
429365,429569,429576,7,204
429365,429567,429578,11,202
429365,429564,429578,14,199
429365,429575,429577,2,210
429365,429575,429579,4,210
429365,429575,429579,4,210
429365,429575,429578,3,210
429365,429577,429580,3,212
429365,429565,429580,15,200
429365,429556,429580,24,191
429365,429578,429581,3,213
429365,429577,429580,3,212
429365,429579,429581,2,214
429365,429578,429580,2,213
429365,429565,429582,17,200
429365,429578,429581,3,213
429392,429580,429582,2,188
429392,429580,429581,1,188
429365,429579,429583,4,214
429392,429581,429583,2,189
429392,429580,429582,2,188
429365,429529,429584,55,164
429392,429581,429583,2,189
429392,429581,429583,2,189
429392,429581,429585,4,189
429365,429555,429586,31,190
429365,429565,429589,24,200
429365,429554,429589,35,189
429392,429582,429594,12,190
429392,429584,429599,15,192
429365,429555,429601,46,190
429392,429583,429606,23,191
429392,429582,429606,24,190
429392,429584,429606,22,192
429392,429590,429609,19,198
429392,429585,429611,26,193
429392,429582,429612,30,190
429392,429594,429616,22,202
429392,429606,429617,11,214
429392,429583,429618,35,191
429392,429582,429618,36,190
429392,429589,429618,29,197
429392,429607,429620,13,215
429392,429611,429621,10,219
429392,429609,429621,12,217
429392,429583,429622,39,191
429392,429584,429622,38,192
429392,429612,429624,12,220
429392,429616,429627,11,224
429392,429624,429629,5,232
429392,429627,429633,6,235
429392,429629,429634,5,237
429392,429606,429635,29,214
429392,429623,429636,13,231
429392,429586,429637,51,194
429392,429618,429638,20,226
429392,429621,429639,18,229
429392,429621,429641,20,229
429392,429639,429642,3,247
429392,429633,429643,10,241
429392,429637,429643,6,245
429392,429638,429644,6,246
429392,429643,429645,2,251
429392,429636,429645,9,244
429392,429622,429644,22,230
429392,429641,429644,3,249
429392,429634,429646,12,242
429392,429642,429645,3,250
429392,429645,429647,2,253
429392,429643,429646,3,251
429392,429635,429648,13,243
429392,429644,429647,3,252
429392,429645,429648,3,253
429392,429647,429649,2,255
429392,429646,429648,2,254
429392,429648,429650,2,256
429392,429646,429649,3,254
429392,429646,429650,4,254
429392,429646,429650,4,254
429392,429619,429650,31,227
429392,429618,429651,33,226
429470,429649,429652,3,179
429392,429647,429651,4,255
429470,429648,429651,3,178
429470,429650,429652,2,180
429470,429650,429652,2,180
429470,429650,429654,4,180
429470,429651,429654,3,181
429470,429650,429653,3,180
429392,429599,429658,59,207
429470,429651,429661,10,181
429392,429619,429664,45,227
429470,429654,429667,13,184
429470,429654,429669,15,184
429392,429620,429670,50,228
429470,429652,429669,17,182
429470,429654,429670,16,184
429470,429658,429671,13,188
429470,429651,429675,24,181
429392,429601,429679,78,209
429470,429671,429682,11,201
429470,429670,429683,13,200
429470,429669,429684,15,199
429470,429653,429684,31,183
429470,429661,429685,24,191
429470,429675,429685,10,205
429470,429670,429687,17,200
429470,429652,429691,39,182
429470,429682,429694,12,212
429470,429683,429698,15,213
429470,429670,429699,29,200
429470,429653,429701,48,183
429470,429698,429701,3,228
429470,429699,429702,3,229
429470,429679,429702,23,209
429470,429694,429702,8,224
429470,429652,429703,51,182
429470,429701,429705,4,231
429470,429701,429705,4,231
429470,429691,429707,16,221
429470,429702,429708,6,232
429470,429667,429708,41,197
429470,429664,429711,47,194
429470,429708,429711,3,238
429470,429687,429712,25,217
429470,429702,429712,10,232
429470,429708,429711,3,238
429470,429707,429713,6,237
429470,429685,429713,28,215
429470,429684,429714,30,214
429470,429703,429715,12,233
429470,429711,429715,4,241
429470,429702,429715,13,232
429470,429712,429715,3,242
429470,429713,429715,2,243
429470,429705,429715,10,235
429470,429711,429716,5,241
429470,429705,429716,11,235
429470,429713,429715,2,243
429470,429712,429716,4,242
429470,429714,429717,3,244
429470,429684,429717,33,214
429470,429715,429718,3,245
429470,429715,429718,3,245
429533,429716,429718,2,183
429470,429715,429718,3,245
429470,429715,429717,2,245
429470,429712,429717,5,242
429533,429717,429718,1,184
429533,429717,429719,2,184
429470,429716,429718,2,246
429533,429717,429718,1,184
429470,429715,429720,5,245
429533,429718,429720,2,185
429533,429717,429719,2,184
429533,429718,429721,3,185
429533,429720,429733,13,187
429533,429720,429734,14,187
429533,429718,429733,15,185
429470,429686,429735,49,216
429533,429719,429737,18,186
429533,429720,429739,19,187
429533,429719,429751,32,186
429533,429719,429755,36,186
429533,429734,429757,23,201
429533,429721,429758,37,188
429533,429757,429762,5,224
429533,429718,429763,45,185
429533,429737,429765,28,204
429533,429758,429765,7,225
429533,429755,429766,11,222
429533,429735,429766,31,202
429533,429718,429766,48,185
429533,429762,429767,5,229
429533,429740,429770,30,207
429533,429751,429771,20,218
429533,429765,429777,12,232
429533,429763,429777,14,230
429533,429771,429778,7,238
429533,429768,429779,11,235
429533,429719,429779,60,186
429533,429733,429780,47,200
429533,429777,429781,4,244
429533,429777,429780,3,244
429533,429779,429783,4,246
429533,429767,429783,16,234
429533,429779,429784,5,246
429533,429779,429784,5,246
429533,429770,429784,14,237
429533,429734,429785,51,201
429533,429780,429786,6,247
429533,429783,429787,4,250
429533,429784,429787,3,251
429533,429766,429786,20,233
429533,429784,429788,4,251
429533,429783,429788,5,250
429533,429784,429788,4,251
429533,429785,429788,3,252
429533,429787,429790,3,254
429533,429786,429789,3,253
429533,429787,429790,3,254
429533,429788,429790,2,255
429533,429788,429791,3,255
429533,429788,429791,3,255
429533,429788,429791,3,255
429533,429788,429790,2,255
429533,429790,429792,2,257
429533,429781,429792,11,248
429533,429790,429793,3,257
429533,429790,429793,3,257
429533,429765,429796,31,232
429533,429781,429796,15,248
429533,429766,429806,40,233
428469,428661,429844,1183,192
429845,429845,429847,2,0
429845,429845,429847,2,0
429845,429845,429847,2,0
429845,429845,429848,3,0
429845,429845,429848,3,0
429845,429845,429849,4,0
429845,429845,429849,4,0
429845,429849,429864,15,4
428419,428577,429868,1291,158
429533,429719,429872,153,186
429845,429849,429879,30,4
429845,429845,429880,35,0
429845,429864,429881,17,19
429845,429872,429888,16,27
429845,429847,429889,42,2
429845,429868,429890,22,23
429845,429847,429898,51,2
429845,429890,429901,11,45
429845,429898,429901,3,53
429845,429901,429904,3,56
429845,429901,429905,4,56
429845,429889,429906,17,44
429845,429879,429911,32,34
429845,429888,429912,24,43
429845,429848,429916,68,3
429845,429848,429926,78,3
429845,429916,429927,11,71
429845,429906,429928,22,61
429845,429881,429929,48,36
429845,429904,429931,27,59
429845,429927,429933,6,82
429845,429931,429934,3,86
429845,429929,429935,6,84
429845,429926,429935,9,81
429845,429928,429937,9,83
429845,429933,429937,4,88
429845,429936,429939,3,91
429845,429934,429940,6,89
429845,429936,429941,5,91
429845,429937,429941,4,92
429845,429939,429942,3,94
429845,429937,429942,5,92
429845,429940,429942,2,95
429845,429880,429944,64,35
429845,429941,429944,3,96
429845,429942,429945,3,97
429845,429942,429945,3,97
429845,429942,429944,2,97
429845,429942,429946,4,97
429845,429945,429947,2,100
429845,429944,429947,3,99
429845,429912,429946,34,67
429845,429944,429948,4,99
429845,429905,429948,43,60
429845,429946,429948,2,101
429845,429845,429949,104,0
429845,429945,429948,3,100
429845,429945,429948,3,100
429845,429947,429950,3,102
429845,429947,429950,3,102
429868,429948,429950,2,80
429868,429948,429950,2,80
429845,429948,429950,2,103
429868,429949,429951,2,81
429868,429949,429951,2,81
429868,429950,429952,2,82
429868,429950,429952,2,82
429868,429949,429951,2,81
429845,429911,429955,44,66
429868,429950,429961,11,82
429845,429847,429963,116,2
429868,429955,429973,18,87
429868,429961,429986,25,93
429868,429950,429996,46,82
429868,429952,430000,48,84
428551,428735,430000,1265,184
429845,429845,430002,157,0
428738,429089,430011,922,351
428736,429011,430015,1004,275
429868,429951,430027,76,83
429868,430000,430027,27,132
429868,429952,430029,77,84
429868,429952,430032,80,84
429868,430029,430032,3,161
429868,429951,430032,81,83
429868,430027,430034,7,159
429868,430032,430035,3,164
429868,430032,430036,4,164
429868,429963,430037,74,95
428631,428865,430040,1175,234
429868,429986,430041,55,118
429868,430033,430042,9,165
429868,430015,430042,27,147
429868,430027,430042,15,159
429868,430002,430044,42,134
429868,430041,430046,5,173
429868,430042,430046,4,174
429868,430044,430047,3,176
429868,430042,430048,6,174
429868,430046,430049,3,178
429868,430042,430050,8,174
429868,430000,430050,50,132
429845,429845,430050,205,0
429868,430047,430052,5,179
429868,430046,430052,6,178
429868,430050,430053,3,182
429868,430011,430053,42,143
429868,430051,430053,2,183
429868,430048,430053,5,180
429868,430050,430054,4,182
429868,430050,430054,4,182
429868,430053,430055,2,185
429868,430052,430055,3,184
429868,430052,430054,2,184
429868,430053,430055,2,185
429868,430053,430056,3,185
429868,430053,430056,3,185
429868,430035,430057,22,167
429868,430054,430057,3,186
429868,430054,430056,2,186
429868,430055,430057,2,187
429868,430055,430057,2,187
429868,430055,430058,3,187
429868,430055,430059,4,187
430001,430057,430059,2,56
430001,430057,430059,2,56
429868,430056,430059,3,188
430001,430057,430059,2,56
429868,430040,430059,19,172
430001,430058,430060,2,57
429868,430056,430060,4,188
430001,430057,430059,2,56
430001,430059,430061,2,58
430001,430059,430062,3,58
429868,429996,430062,66,128
429868,430034,430069,35,166
429052,429147,430072,925,95
429868,430036,430076,40,168
430001,430059,430078,19,58
429868,430037,430081,44,169
428570,428797,430081,1284,227
430001,430060,430082,22,59
430001,430062,430084,22,61
430001,430072,430091,19,71
429868,429952,430094,142,84
430001,430061,430095,34,60
430001,430069,430100,31,68
430001,430095,430101,6,94
430001,430062,430101,39,61
430001,430081,430106,25,80
428669,428937,430107,1170,268
430001,430083,430107,24,82
430001,430100,430107,7,99
430001,430059,430108,49,58
430001,430094,430108,14,93
430001,430101,430110,9,100
430001,430110,430115,5,109
430001,430081,430115,34,80
430001,430076,430118,42,75
430001,430107,430119,12,106
430001,430115,430119,4,114
430001,430084,430119,35,83
430001,430106,430119,13,105
430001,430109,430121,12,108
430001,430107,430123,16,106
430001,430078,430124,46,77
430001,430101,430125,24,100
430001,430120,430126,6,119
430001,430091,430126,35,90
430001,430125,430127,2,124
430001,430125,430128,3,124
430001,430126,430128,2,125
430001,430119,430128,9,118
430001,430109,430128,19,108
430001,430120,430128,8,119
430001,430122,430129,7,121
430001,430127,430129,2,126
430001,430128,430130,2,127
430001,430124,430130,6,123
430001,430128,430130,2,127
430001,430127,430130,3,126
429845,429845,430131,286,0
430001,430129,430131,2,128
430001,430119,430132,13,118
430001,430130,430131,1,129
430001,430130,430132,2,129
430001,430129,430131,2,128
430001,430130,430132,2,129
430001,430130,430132,2,129
430001,430130,430133,3,129
430001,430130,430132,2,129
430012,430132,430133,1,120
430001,430131,430133,2,130
430012,430132,430134,2,120
430012,430131,430134,3,119
430012,430132,430133,1,120
430001,430130,430133,3,129
430012,430133,430134,1,121
430012,430133,430135,2,121
430001,430108,430134,26,107
430012,430132,430134,2,120
430001,430116,430143,27,115
430012,430133,430148,15,121
430001,430118,430150,32,117
430012,430134,430152,18,122
430012,430135,430154,19,123
430012,430135,430154,19,123
430012,430133,430157,24,121
430001,430060,430158,98,59
429868,429973,430160,187,105
430012,430134,430162,28,122
430012,430134,430164,30,122
430012,430158,430165,7,146
430012,430135,430165,30,123
430012,430133,430166,33,121
430012,430160,430171,11,148
430012,430157,430171,14,145
430012,430152,430172,20,140
430012,430165,430172,7,153
430012,430166,430171,5,154
430012,430154,430176,22,142
430012,430154,430176,22,142
430012,430165,430175,10,153
430012,430177,430179,2,165
430012,430162,430179,17,150
430012,430171,430180,9,159
430012,430164,430181,17,152
430012,430179,430182,3,167
430012,430176,430182,6,164
430012,430179,430184,5,167
430012,430171,430186,15,159
430012,430143,430187,44,131
430012,430182,430187,5,170
430012,430184,430188,4,172
430012,430172,430188,16,160
430012,430186,430188,2,174
430012,430188,430189,1,176
430012,430187,430190,3,175
430012,430187,430191,4,175
430012,430189,430190,1,177
430012,430189,430191,2,177
430012,430150,430191,41,138
430012,430172,430191,19,160
430012,430188,430191,3,176
430012,430182,430191,9,170
430012,430176,430192,16,164
430012,430190,430192,2,178
430012,430191,430192,1,179
430012,430191,430192,1,179
430012,430191,430194,3,179
430015,430193,430194,1,178
430012,430191,430194,3,179
430012,430180,430194,14,168
430012,430191,430195,4,179
430012,430192,430195,3,180
430015,430193,430194,1,178
430015,430192,430195,3,177
430012,430191,430195,4,179
430012,430191,430194,3,179
430015,430194,430195,1,179
430012,430172,430197,25,160
430012,430182,430196,14,170
430015,430194,430197,3,179
430015,430194,430198,4,179
430015,430194,430199,5,179
430012,430134,430200,66,122
430012,430134,430203,69,122
430012,430148,430206,58,136
430015,430195,430209,14,180
430015,430195,430210,15,180
430015,430197,430217,20,182
430015,430195,430218,23,180
430015,430210,430222,12,195
430015,430198,430223,25,183
430015,430217,430225,8,202
430012,430134,430228,94,122
430015,430222,430229,7,207
430015,430218,430229,11,203
430015,430195,430230,35,180
430015,430223,430229,6,208
430015,430225,430231,6,210
430015,430228,430236,8,213
430015,430229,430236,7,214
430015,430229,430237,8,214
430015,430209,430237,28,194
430015,430230,430239,9,215
430015,430230,430241,11,215
430015,430241,430243,2,226
430015,430239,430244,5,224
430015,430231,430245,14,216
430015,430237,430246,9,222
430015,430243,430246,3,228
430015,430245,430248,3,230
430015,430246,430250,4,231
430015,430197,430250,53,182
430015,430195,430250,55,180
430015,430238,430251,13,223
430015,430248,430251,3,233
430015,430246,430252,6,231
430015,430250,430253,3,235
430015,430244,430253,9,229
430015,430250,430253,3,235
430015,430251,430253,2,236
430015,430203,430254,51,188
430015,430252,430254,2,237
430015,430251,430255,4,236
430015,430236,430255,19,221
430015,430253,430255,2,238
430015,430253,430256,3,238
430015,430253,430256,3,238
430015,430254,430256,2,239
430015,430253,430255,2,238
430015,430255,430256,1,240
430015,430251,430257,6,236
430015,430254,430256,2,239
430015,430256,430258,2,241
430015,430256,430258,2,241
430041,430256,430257,1,215
430041,430256,430258,2,215
430041,430257,430259,2,216
430015,430256,430259,3,241
430001,430060,430259,199,59
430015,430255,430258,3,240
430041,430257,430260,3,216
430041,430258,430260,2,217
430041,430258,430261,3,217
430015,430236,430262,26,221
430015,430196,430263,67,181
430041,430258,430263,5,217
430015,430206,430265,59,191
430015,430199,430269,70,184
430041,430259,430273,14,218
430041,430259,430273,14,218
430041,430258,430274,16,217
430041,430262,430274,12,221
430015,430200,430282,82,185
430041,430259,430285,26,218
430015,430196,430284,88,181
430041,430263,430287,24,222
430041,430261,430288,27,220
430041,430274,430289,15,233
430041,430263,430292,29,222
430041,430274,430293,19,233
430041,430289,430295,6,248
430041,430285,430298,13,244
430041,430292,430299,7,251
430041,430285,430299,14,244
430041,430282,430300,18,241
430015,430197,430301,104,182
430041,430259,430301,42,218
430041,430293,430302,9,252
430041,430287,430303,16,246
430041,430300,430304,4,259
430041,430288,430305,17,247
430041,430301,430307,6,260
430041,430299,430308,9,258
430041,430260,430309,49,219
430001,430059,430309,250,58
430041,430260,430309,49,219
430041,430299,430311,12,258
430041,430304,430310,6,263
430041,430307,430311,4,266
430041,430308,430311,3,267
430041,430298,430312,14,257
430041,430302,430311,9,261
430041,430309,430312,3,268
430041,430295,430312,17,254
430041,430310,430312,2,269
430041,430306,430313,7,265
430041,430309,430313,4,268
430041,430258,430313,55,217
430041,430311,430314,3,270
430041,430301,430314,13,260
430041,430311,430314,3,270
430041,430311,430315,4,270
430041,430303,430315,12,262
430041,430312,430314,2,271
430041,430311,430315,4,270
430041,430312,430315,3,271
430041,430273,430316,43,232
430041,430313,430315,2,272
430041,430313,430316,3,272
430041,430312,430316,4,271
430041,430314,430316,2,273
430072,430315,430316,1,243
430041,430265,430317,52,224
430041,430313,430317,4,272
430072,430315,430317,2,243
430041,430314,430316,2,273
430072,430315,430317,2,243
430041,430313,430317,4,272
430072,430315,430317,2,243
430041,430314,430317,3,273
430072,430316,430318,2,244
430072,430315,430317,2,243
430072,430316,430318,2,244
430041,430313,430319,6,272
430001,430060,430318,258,59
430072,430316,430325,9,244
430072,430317,430333,16,245
430072,430319,430333,14,247
430072,430325,430334,9,253
429209,429413,430341,928,204
430072,430316,430342,26,244
430041,430273,430343,70,232
430072,430317,430343,26,245
430072,430316,430344,28,244
430072,430343,430346,3,271
430072,430342,430346,4,270
430072,430343,430347,4,271
430072,430333,430348,15,261
430072,430333,430350,17,261
430041,430269,430351,82,228
430072,430334,430352,18,262
430072,430344,430352,8,272
430072,430341,430353,12,269
430072,430317,430353,36,245
430072,430352,430355,3,280
430072,430352,430355,3,280
430072,430353,430354,1,281
430072,430348,430361,13,276
430072,430355,430362,7,283
430072,430350,430362,12,278
430072,430316,430363,47,244
430072,430346,430363,17,274
430072,430355,430363,8,283
430072,430354,430362,8,282
430072,430355,430363,8,283
430072,430351,430363,12,279
430072,430362,430366,4,290
430072,430362,430366,4,290
430072,430363,430365,2,291
430072,430362,430366,4,290
430072,430364,430367,3,292
430072,430363,430366,3,291
430072,430363,430368,5,291
430072,430364,430367,3,292
430072,430366,430367,1,294
430072,430366,430369,3,294
430072,430366,430368,2,294
430072,430366,430368,2,294
430072,430367,430370,3,295
430072,430368,430369,1,296
430072,430368,430371,3,296
429112,429198,430371,1173,86
430072,430367,430370,3,295
430072,430363,430370,7,291
430072,430368,430370,2,296
430082,430370,430372,2,288
430082,430371,430372,1,289
430082,430369,430371,2,287
430082,430369,430372,3,287
430082,430371,430373,2,289
430082,430371,430373,2,289
430082,430370,430372,2,288
430072,430346,430372,26,274
430072,430318,430374,56,246
430072,430317,430376,59,245
430072,430317,430381,64,245
430072,430319,430382,63,247
430072,430347,430381,34,275
430072,430318,430384,66,246
430082,430371,430385,14,289
430082,430373,430385,12,291
430072,430318,430389,71,246
430082,430372,430394,22,290
430082,430373,430396,23,291
430082,430373,430397,24,291
430082,430372,430398,26,290
430072,430317,430400,83,245
430082,430394,430400,6,312
430082,430386,430400,14,304
430082,430385,430401,16,303
430082,430396,430402,6,314
430082,430397,430403,6,315
430082,430389,430403,14,307
430082,430374,430403,29,292
430082,430385,430406,21,303
430082,430398,430408,10,316
430082,430400,430409,9,318
430082,430403,430409,6,321
430082,430400,430411,11,318
430082,430381,430412,31,299
430082,430401,430413,12,319
430082,430402,430414,12,320
430082,430403,430414,11,321
430082,430409,430414,5,327
430082,430413,430417,4,331
430082,430415,430418,3,333
430082,430406,430419,13,324
430082,430414,430419,5,332
430082,430376,430419,43,294
430082,430411,430418,7,329
430082,430402,430420,18,320
430082,430418,430420,2,336
430082,430414,430420,6,332
430082,430413,430420,7,331
430082,430418,430421,3,336
430082,430419,430421,2,337
430082,430409,430422,13,327
430082,430419,430422,3,337
430082,430419,430421,2,337
430082,430420,430422,2,338
430082,430421,430422,1,339
430082,430422,430423,1,340
430082,430420,430422,2,338
430082,430420,430422,2,338
430082,430421,430424,3,339
430082,430419,430424,5,337
430082,430422,430424,2,340
430072,430317,430424,107,245
430082,430403,430424,21,321
430082,430420,430423,3,338
430082,430422,430425,3,340
430107,430423,430425,2,316
430107,430423,430425,2,316
430082,430382,430425,43,300
430107,430422,430424,2,315
430082,430373,430426,53,291
430107,430423,430425,2,316
430107,430424,430426,2,317
430107,430423,430425,2,316
430082,430383,430426,43,301
430107,430424,430428,4,317
430082,430373,430429,56,291
430082,430408,430432,24,326
430107,430424,430433,9,317
430072,430317,430437,120,245
430107,430432,430441,9,325
430107,430424,430441,17,317
430107,430424,430442,18,317
430107,430426,430444,18,319
430107,430426,430448,22,319
430107,430429,430449,20,322
430107,430433,430449,16,326
430107,430425,430450,25,318
430107,430426,430450,24,319
430107,430444,430454,10,337
430107,430424,430454,30,317
429337,429522,430454,932,185
430107,430427,430454,27,320
430107,430442,430455,13,335
430107,430450,430457,7,343
430107,430448,430458,10,341
430107,430426,430459,33,319
430107,430454,430461,7,347
430107,430457,430464,7,350
430107,430450,430464,14,343
430107,430456,430464,8,349
430107,430450,430464,14,343
430107,430449,430464,15,342
430107,430459,430464,5,352
430107,430455,430465,10,348
430107,430458,430466,8,351
430107,430437,430466,29,330
430107,430455,430466,11,348
430107,430425,430467,42,318
430107,430464,430467,3,357
430107,430441,430467,26,334
430107,430464,430467,3,357
430107,430464,430467,3,357
430107,430465,430468,3,358
430107,430461,430467,6,354
430107,430467,430469,2,360
430107,430464,430469,5,357
430107,430467,430469,2,360
430107,430466,430469,3,359
430107,430467,430470,3,360
430107,430467,430470,3,360
430107,430466,430470,4,359
430107,430467,430470,3,360
430107,430468,430470,2,361
430107,430464,430471,7,357
430107,430466,430471,5,359
430107,430468,430470,2,361
430107,430469,430472,3,362
430107,430428,430472,44,321
430107,430469,430471,2,362
430341,430470,430471,1,129
430341,430470,430472,2,129
430107,430466,430472,6,359
430341,430470,430472,2,129
430107,430469,430471,2,362
430341,430470,430473,3,129
430341,430470,430473,3,129
430341,430470,430473,3,129
430107,430426,430473,47,319
429156,429306,430473,1167,150
430107,430454,430474,20,347
430107,430441,430473,32,334
430341,430471,430473,2,130
430341,430474,430478,4,133
430341,430471,430480,9,130
430341,430475,430480,5,134
430341,430473,430482,9,132
430341,430478,430483,5,137
430107,430425,430483,58,318
430341,430475,430482,7,134
430341,430480,430484,4,139
430082,430372,430485,113,290
430341,430473,430484,11,132
429116,429258,430488,1230,142
430341,430480,430489,9,139
430341,430471,430489,18,130
430082,430371,430491,120,289
430341,430473,430493,20,132
430341,430482,430494,12,141
430341,430484,430497,13,143
430341,430494,430498,4,153
430341,430473,430498,25,132
430341,430474,430498,24,133
430341,430497,430501,4,156
430341,430472,430501,29,131
430341,430498,430502,4,157
430341,430498,430502,4,157
430341,430498,430503,5,157
430341,430493,430503,10,152
430341,430501,430503,2,160
430341,430485,430502,17,144
430341,430501,430502,1,160
430341,430484,430504,20,143
430341,430489,430503,14,148
430341,430472,430504,32,131
430341,430502,430505,3,161
430341,430502,430504,2,161
430341,430504,430506,2,163
430341,430503,430505,2,162
430341,430503,430506,3,162
430341,430489,430506,17,148
430341,430505,430507,2,164
430341,430503,430507,4,162
430341,430504,430506,2,163
430341,430504,430506,2,163
430341,430505,430507,2,164
430341,430503,430507,4,162
430341,430506,430507,1,165
430371,430507,430509,2,136
430341,430503,430509,6,162
430371,430507,430509,2,136
430341,430507,430510,3,166
430341,430506,430510,4,165
430371,430507,430509,2,136
430371,430508,430510,2,137
430341,430506,430511,5,165
430341,430506,430511,5,165
430371,430508,430510,2,137
430371,430509,430510,1,138
430371,430509,430511,2,138
430341,430488,430513,25,147
430107,430425,430514,89,318
430341,430485,430516,31,144
430341,430472,430518,46,131
430371,430509,430520,11,138
430341,430491,430521,30,150
430341,430483,430523,40,142
430341,430483,430530,47,142
430341,430472,430534,62,131
430371,430512,430534,22,141
430371,430509,430534,25,138
430371,430519,430537,18,148
430341,430472,430537,65,131
430371,430534,430538,4,163
430371,430510,430541,31,139
430371,430510,430543,33,139
430371,430534,430544,10,163
430371,430538,430545,7,167
430371,430520,430546,26,149
430371,430513,430547,34,142
430341,430472,430547,75,131
430371,430534,430550,16,163
430371,430541,430550,9,170
430371,430545,430550,5,174
430371,430537,430551,14,166
430371,430546,430551,5,175
430371,430550,430552,2,179
430371,430550,430552,2,179
430371,430548,430553,5,177
430371,430550,430553,3,179
430371,430516,430553,37,145
430371,430547,430554,7,176
430371,430514,430555,41,143
430082,430371,430556,185,289
430371,430537,430556,19,166
430371,430552,430557,5,181
430341,430472,430558,86,131
430371,430556,430558,2,185
430371,430556,430558,2,185
430371,430544,430558,14,173
430371,430553,430558,5,182
430371,430553,430559,6,182
430371,430552,430558,6,181
430371,430553,430560,7,182
430371,430543,430559,16,172
430371,430551,430560,9,180
430371,430558,430560,2,187
430371,430559,430561,2,188
430371,430556,430561,5,185
430371,430558,430561,3,187
430371,430554,430560,6,183
430371,430559,430561,2,188
430371,430559,430561,2,188
430371,430558,430561,3,187
430371,430551,430562,11,180
430371,430530,430561,31,159
430371,430557,430562,5,186
430371,430560,430562,2,189
430371,430559,430562,3,188
430455,430561,430562,1,106
430371,430521,430562,41,150
430455,430561,430563,2,106
429158,429362,430564,1202,204
430455,430560,430564,4,105
430455,430561,430564,3,106
430371,430511,430563,52,140
430371,430560,430564,4,189
430455,430561,430563,2,106
430371,430560,430564,4,189
430455,430561,430565,4,106
430455,430561,430565,4,106
430371,430510,430567,57,139
430455,430562,430568,6,107
430455,430564,430569,5,109
430455,430564,430570,6,109
430371,430510,430570,60,139
430371,430511,430571,60,140
430341,430472,430571,99,131
430455,430567,430571,4,112
430371,430523,430573,50,152
430455,430568,430574,6,113
430371,430511,430575,64,140
430455,430564,430576,12,109
430455,430563,430577,14,108
430455,430566,430577,11,111
430455,430570,430579,9,115
430455,430564,430580,16,109
430455,430564,430580,16,109
430455,430570,430583,13,115
430455,430581,430584,3,126
430455,430580,430585,5,125
430455,430583,430586,3,128
430455,430562,430586,24,107
430455,430577,430587,10,122
430455,430584,430588,4,129
430455,430585,430588,3,130
430455,430576,430588,12,121
430455,430586,430588,2,131
430455,430588,430589,1,133
430455,430575,430589,14,120
430455,430579,430589,10,124
430455,430587,430590,3,132
430455,430588,430590,2,133
430455,430589,430591,2,134
430455,430590,430592,2,135
430455,430574,430592,18,119
430455,430588,430592,4,133
430455,430589,430592,3,134
430455,430591,430593,2,136
430455,430588,430593,5,133
430455,430589,430592,3,134
430455,430592,430593,1,137
430455,430590,430592,2,135
430455,430592,430594,2,137
430455,430592,430595,3,137
430455,430588,430595,7,133
430474,430593,430595,2,119
430455,430564,430595,31,109
430455,430592,430594,2,137
430455,430593,430595,2,138
430455,430573,430596,23,118
430455,430593,430595,2,138
430474,430594,430596,2,120
430474,430593,430595,2,119
430474,430594,430596,2,120
430455,430563,430595,32,108
430455,430565,430597,32,110
430474,430595,430597,2,121
430474,430595,430596,1,121
430474,430595,430596,1,121
430455,430571,430598,27,116
430455,430577,430597,20,122
430455,430562,430599,37,107
430455,430563,430600,37,108
430455,430570,430601,31,115
430455,430571,430600,29,116
430474,430600,430603,3,126
430474,430601,430605,4,127
430455,430571,430605,34,116
430455,430563,430606,43,108
430474,430595,430608,13,121
430474,430602,430608,6,128
430455,430562,430611,49,107
430474,430599,430611,12,125
430474,430603,430612,9,129
430474,430597,430613,16,123
430474,430598,430615,17,124
430474,430596,430616,20,122
430455,430563,430617,54,108
430474,430606,430617,11,132
430474,430596,430618,22,122
430474,430617,430619,2,143
430474,430608,430619,11,134
430371,430511,430619,108,140
430474,430595,430620,25,121
430474,430617,430620,3,143
430474,430618,430620,2,144
430474,430612,430621,9,138
430474,430619,430621,2,145
430474,430613,430622,9,139
430474,430605,430622,17,131
430474,430619,430621,2,145
430474,430619,430624,5,145
430474,430621,430624,3,147
430474,430622,430623,1,148
430474,430622,430624,2,148
430474,430620,430625,5,146
430474,430596,430625,29,122
430474,430623,430626,3,149
430474,430597,430626,29,123
430474,430620,430625,5,146
430474,430625,430627,2,151
430474,430624,430627,3,150
430474,430620,430627,7,146
430474,430624,430628,4,150
430474,430624,430628,4,150
430474,430624,430628,4,150
430474,430625,430627,2,151
430474,430626,430628,2,152
430474,430597,430627,30,123
430474,430621,430628,7,147
430474,430626,430627,1,152
430474,430626,430629,3,152
430474,430608,430628,20,134
429261,429465,430630,1165,204
430488,430628,430630,2,140
430474,430627,430630,3,153
430488,430628,430630,2,140
430488,430628,430630,2,140
430474,430598,430631,33,124
430488,430628,430631,3,140
430474,430596,430630,34,122
430488,430628,430630,2,140
430488,430628,430631,3,140
430488,430628,430630,2,140
430474,430627,430632,5,153
430474,430607,430631,24,133
430474,430627,430631,4,153
430474,430597,430631,34,123
430474,430616,430633,17,142
430474,430596,430632,36,122
430474,430611,430633,22,137
430474,430612,430634,22,138
430488,430628,430638,10,140
430474,430596,430639,43,122
430455,430564,430640,76,109
430474,430596,430642,46,122
430488,430632,430644,12,144
430488,430632,430644,12,144
430488,430633,430645,12,145
430488,430633,430646,13,145
430488,430630,430647,17,142
430488,430644,430647,3,156
430488,430640,430647,7,152
430474,430615,430647,32,141
430488,430645,430649,4,157
430488,430647,430649,2,159
430488,430644,430650,6,156
430488,430647,430649,2,159
430488,430648,430651,3,160
430488,430631,430651,20,143
430488,430642,430652,10,154
430488,430629,430653,24,141
430488,430630,430654,24,142
430488,430639,430655,16,151
430488,430651,430655,4,163
430488,430650,430656,6,162
430488,430654,430656,2,166
430488,430655,430657,2,167
430488,430632,430657,25,144
430488,430649,430657,8,161
430488,430631,430657,26,143
430488,430631,430658,27,143
429534,429790,430658,868,256
430488,430655,430659,4,167
430488,430650,430658,8,162
430488,430657,430659,2,169
430488,430649,430658,9,161
430488,430631,430658,27,143
430488,430658,430659,1,170
430488,430653,430659,6,165
430488,430657,430659,2,169
430488,430629,430659,30,141
430488,430657,430660,3,169
430488,430633,430659,26,145
430488,430657,430659,2,169
430488,430657,430659,2,169
430488,430657,430659,2,169
430488,430658,430659,1,170
430488,430659,430660,1,171
430488,430659,430661,2,171
430565,430659,430661,2,94
430488,430646,430660,14,158
430565,430659,430661,2,94
430488,430647,430660,13,159
430488,430659,430661,2,171
430565,430660,430662,2,95
430565,430659,430662,3,94
430488,430659,430661,2,171
430488,430631,430661,30,143
430565,430659,430661,2,94
430565,430660,430662,2,95
430565,430660,430662,2,95
430488,430651,430666,15,163
430488,430634,430667,33,146
430488,430652,430668,16,164
430565,430663,430667,4,98
430488,430630,430669,39,142
430565,430660,430671,11,95
430565,430662,430671,9,97
430488,430632,430671,39,144
430565,430662,430672,10,97
430565,430666,430672,6,101
430565,430663,430673,10,98
430488,430630,430674,44,142
430565,430667,430674,7,102
430565,430662,430674,12,97
430488,430638,430673,35,150
430488,430630,430675,45,142
430565,430675,430677,2,110
430565,430674,430677,3,109
430565,430674,430678,4,109
430565,430677,430679,2,112
430565,430677,430679,2,112
430565,430678,430681,3,113
430565,430668,430682,14,103
430565,430662,430683,21,97
430565,430671,430683,12,106
430565,430674,430685,11,109
430565,430683,430685,2,118
430565,430683,430685,2,118
430565,430660,430686,26,95
430565,430679,430686,7,114
430565,430672,430685,13,107
430565,430681,430687,6,116
430565,430672,430687,15,107
430565,430682,430688,6,117
430565,430685,430688,3,120
430565,430679,430689,10,114
430565,430687,430689,2,122
430565,430686,430689,3,121
430565,430687,430689,2,122
430565,430687,430689,2,122
430565,430688,430691,3,123
430565,430688,430691,3,123
430565,430674,430691,17,109
430565,430668,430692,24,103
430565,430660,430692,32,95
430565,430661,430691,30,96
430565,430685,430691,6,120
430565,430689,430691,2,124
430630,430690,430691,1,60
430630,430691,430693,2,61
430565,430689,430693,4,124
430630,430691,430694,3,61
430630,430691,430693,2,61
430630,430692,430694,2,62
430565,430690,430694,4,125
430565,430689,430694,5,124
430630,430692,430693,1,62
430565,430686,430694,8,121
430630,430693,430696,3,63
430488,430631,430700,69,143
430565,430660,430700,40,95
430565,430673,430700,27,108
430565,430685,430700,15,120
430630,430696,430703,7,66
430565,430672,430704,32,107
430630,430695,430704,9,65
430565,430671,430705,34,106
430630,430700,430706,6,70
430630,430704,430708,4,74
430630,430700,430709,9,70
430630,430703,430710,7,73
430565,430662,430710,48,97
430630,430694,430711,17,64
430630,430693,430711,18,63
430630,430700,430711,11,70
430630,430693,430711,18,63
430630,430704,430711,7,74
430630,430700,430713,13,70
430630,430705,430715,10,75
430630,430693,430715,22,63
430630,430715,430720,5,85
430565,430669,430721,52,104
430630,430693,430722,29,63
430630,430693,430721,28,63
430630,430706,430722,16,76
430630,430710,430723,13,80
430630,430712,430724,12,82
430630,430720,430723,3,90
430630,430694,430725,31,64
430565,430661,430724,63,96
430630,430722,430726,4,92
430630,430724,430725,1,94
430630,430723,430726,3,93
430630,430724,430726,2,94
430630,430721,430726,5,91
430630,430724,430726,2,94
430630,430712,430727,15,82
430630,430725,430727,2,95
430630,430722,430728,6,92
430630,430727,430729,2,97
430630,430726,430729,3,96
430630,430727,430729,2,97
430630,430726,430729,3,96
430630,430727,430728,1,97
430630,430726,430729,3,96
430630,430725,430730,5,95
430658,430729,430731,2,71
430630,430729,430731,2,99
430630,430729,430731,2,99
430630,430728,430730,2,98
430630,430729,430731,2,99
430630,430729,430732,3,99
430630,430726,430731,5,96
430630,430726,430731,5,96
430658,430731,430733,2,73
430658,430730,430733,3,72
430658,430731,430733,2,73
430658,430730,430733,3,72
430565,430661,430732,71,96
430658,430731,430733,2,73
430630,430694,430734,40,64
430630,430712,430733,21,82
430658,430732,430735,3,74
430658,430731,430734,3,73
430630,430711,430735,24,81
429366,429579,430736,1157,213
430565,430660,430737,77,95
430630,430715,430738,23,85
430630,430710,430738,28,80
430630,430713,430740,27,83
430658,430738,430741,3,80
430658,430735,430742,7,77
430565,430662,430742,80,97
430630,430708,430743,35,78
430658,430736,430743,7,78
430658,430737,430744,7,79
430658,430738,430744,6,80
430630,430711,430744,33,81
430658,430732,430747,15,74
430658,430740,430747,7,82
430565,430662,430748,86,97
430658,430742,430748,6,84
430658,430742,430749,7,84
430658,430743,430749,6,85
430658,430744,430750,6,86
430658,430733,430751,18,75
430658,430734,430750,16,76
430658,430734,430750,16,76
430658,430741,430752,11,83
430658,430749,430752,3,91
430658,430750,430751,1,92
430658,430743,430752,9,85
430630,430709,430753,44,79
430658,430750,430752,2,92
430658,430733,430753,20,75
430658,430749,430752,3,91
430658,430751,430753,2,93
430658,430732,430754,22,74
430658,430733,430755,22,75
430658,430747,430755,8,89
430658,430751,430755,4,93
430658,430754,430756,2,96
430658,430754,430757,3,96
430658,430745,430756,11,87
430658,430753,430756,3,95
430658,430755,430757,2,97
430658,430753,430757,4,95
430658,430756,430758,2,98
430658,430755,430758,3,97
430658,430755,430757,2,97
430658,430744,430759,15,86
430630,430694,430758,64,64
430658,430757,430759,2,99
430658,430757,430759,2,99
430658,430735,430760,25,77
430658,430749,430759,10,91
430737,430758,430760,2,21
430658,430758,430759,1,100
430737,430758,430759,1,21
430737,430759,430760,1,22
430658,430757,430759,2,99
430658,430757,430759,2,99
430737,430759,430761,2,22
430737,430759,430761,2,22
430658,430752,430761,9,94
430737,430758,430760,2,21
430658,430751,430760,9,93
430658,430752,430762,10,94
430658,430753,430761,8,95
430737,430759,430761,2,22
430658,430747,430761,14,89
430658,430752,430762,10,94
430658,430753,430763,10,95
430658,430752,430764,12,94
430737,430763,430766,3,26
430737,430761,430767,6,24
430737,430761,430768,7,24
430737,430761,430768,7,24
430737,430762,430769,7,25
430658,430735,430770,35,77
430737,430760,430769,9,23
430737,430760,430771,11,23
430658,430733,430771,38,75
430737,430764,430770,6,27
430658,430732,430775,43,74
430737,430762,430776,14,25
430737,430770,430776,6,33
430737,430766,430777,11,29
430658,430733,430779,46,75
430737,430767,430781,14,30
430737,430777,430781,4,40
430737,430761,430781,20,24
430737,430770,430781,11,33
430658,430733,430783,50,75
430630,430694,430783,89,64
430737,430771,430783,12,34
430737,430779,430782,3,42
430737,430777,430784,7,40
430737,430781,430783,2,44
430737,430760,430785,25,23
430737,430783,430785,2,46
430737,430771,430785,14,34
430737,430782,430786,4,45
430737,430781,430786,5,44
430737,430775,430786,11,38
430630,430694,430786,92,64
430737,430783,430787,4,46
430737,430771,430786,15,34
430737,430783,430788,5,46
430737,430776,430788,12,39
430737,430760,430787,27,23
430737,430786,430788,2,49
430737,430785,430788,3,48
430737,430783,430787,4,46
430737,430786,430788,2,49
430737,430781,430788,7,44
430737,430786,430789,3,49
430737,430786,430789,3,49
430737,430760,430788,28,23
430737,430788,430789,1,51
430737,430786,430788,2,49
430737,430760,430789,29,23
430737,430788,430790,2,51
430737,430787,430790,3,50
430737,430788,430790,2,51
430737,430785,430790,5,48
430737,430787,430790,3,50
430737,430784,430791,7,47
430737,430762,430791,29,25
430737,430760,430792,32,23
430737,430784,430792,8,47
430737,430768,430792,24,31
430737,430762,430793,31,25
430737,430769,430796,27,32
430737,430761,430798,37,24
430737,430762,430801,39,25
430737,430760,430803,43,23
430737,430769,430804,35,32
430565,430661,430822,161,96
429392,429648,430832,1184,256
430833,430833,430835,2,0
430833,430833,430835,2,0
430833,430833,430836,3,0
430833,430833,430835,2,0
430833,430833,430836,3,0
430833,430833,430835,2,0
430833,430833,430835,2,0
430833,430833,430835,2,0
430833,430833,430840,7,0
430833,430833,430841,8,0
430833,430833,430841,8,0
430833,430833,430845,12,0
430833,430833,430845,12,0
430833,430836,430846,10,3
430833,430842,430846,4,9
430833,430833,430847,14,0
430833,430835,430847,12,2
430833,430837,430847,10,4
430833,430845,430847,2,12
430833,430833,430847,14,0
430833,430845,430846,1,12
430833,430837,430848,11,4
430833,430846,430848,2,13
430833,430846,430849,3,13
430833,430835,430849,14,2
430833,430837,430848,11,4
430833,430847,430849,2,14
430833,430847,430850,3,14
430833,430847,430849,2,14
430833,430833,430850,17,0
430833,430849,430851,2,16
430833,430847,430851,4,14
430833,430836,430850,14,3
430833,430849,430851,2,16
430833,430849,430852,3,16
430833,430850,430852,2,17
430833,430833,430853,20,0
430833,430840,430853,13,7
430833,430833,430853,20,0
430833,430850,430852,2,17
430833,430851,430854,3,18
430833,430851,430853,2,18
430833,430851,430853,2,18
430833,430852,430853,1,19
430833,430847,430855,8,14
430833,430851,430855,4,18
430833,430849,430855,6,16
430833,430852,430854,2,19
430833,430848,430856,8,15
430833,430848,430856,8,15
430833,430841,430858,17,8
430833,430847,430859,12,14
430833,430836,430859,23,3
430833,430833,430861,28,0
430833,430833,430863,30,0
430833,430833,430867,34,0
430833,430833,430867,34,0
430833,430833,430870,37,0
429470,429716,430870,1154,246
430833,430833,430871,38,0
430833,430833,430871,38,0
430870,430870,430872,2,0
430870,430870,430873,3,0
430870,430870,430873,3,0
430870,430870,430872,2,0
430870,430870,430873,3,0
430870,430870,430873,3,0
430870,430870,430873,3,0
430870,430870,430874,4,0
430870,430870,430876,6,0
430870,430871,430877,6,1
430870,430871,430877,6,1
430870,430870,430878,8,0
430870,430870,430878,8,0
430870,430872,430878,6,2
430870,430873,430878,5,3
430833,430833,430879,46,0
430870,430873,430879,6,3
430833,430833,430878,45,0
430870,430873,430879,6,3
430870,430878,430880,2,8
430870,430878,430880,2,8
430870,430879,430881,2,9
430870,430879,430880,1,9
430870,430870,430882,12,0
430870,430879,430883,4,9
430870,430874,430883,9,4
430870,430880,430883,3,10
430870,430878,430885,7,8
430870,430880,430884,4,10
430870,430880,430884,4,10
430870,430870,430885,15,0
430870,430870,430885,15,0
430870,430874,430886,12,4
430870,430875,430886,11,5
430870,430870,430886,16,0
430870,430885,430887,2,15
430870,430885,430887,2,15
430870,430886,430888,2,16
430870,430885,430887,2,15
430870,430886,430887,1,16
430870,430884,430889,5,14
430870,430882,430889,7,12
430870,430886,430888,2,16
430870,430887,430888,1,17
430870,430886,430889,3,16
430870,430883,430889,6,13
430870,430885,430888,3,15
430870,430883,430889,6,13
430870,430870,430890,20,0
430870,430888,430890,2,18
430833,430833,430890,57,0
430870,430888,430890,2,18
430870,430874,430890,16,4
430870,430881,430892,11,11
430870,430882,430892,10,12
430870,430878,430895,17,8
430870,430870,430896,26,0
430870,430870,430897,27,0
430870,430877,430900,23,7
430870,430876,430901,25,6
430870,430877,430905,28,7
430833,430833,430909,76,0
430870,430870,430926,56,0
430870,430870,430935,65,0
430870,430870,430937,67,0
430870,430870,430941,71,0
430870,430870,430953,83,0
430870,430870,430956,86,0
429846,429948,431113,1165,102
431113,431113,431115,2,0
431113,431114,431116,2,1
431113,431114,431116,2,1
431113,431114,431116,2,1
431113,431113,431116,3,0
431113,431114,431116,2,1
431113,431114,431116,2,1
431113,431114,431118,4,1
431113,431116,431120,4,3
431113,431116,431119,3,3
431113,431117,431121,4,4
431113,431120,431122,2,7
431113,431117,431121,4,4
431113,431120,431122,2,7
431113,431116,431122,6,3
431113,431118,431122,4,5
431113,431121,431122,1,8
431113,431114,431124,10,1
431113,431122,431124,2,9
431113,431114,431124,10,1
431113,431114,431125,11,1
431113,431122,431127,5,9
431113,431125,431128,3,12
431113,431124,431128,4,11
431113,431122,431129,7,9
431113,431114,431130,16,1
431113,431124,431130,6,11
431113,431127,431129,2,14
431113,431114,431131,17,1
431113,431117,431131,14,4
431113,431129,431130,1,16
431113,431114,431131,17,1
431113,431128,431131,3,15
431113,431114,431132,18,1
431113,431128,431131,3,15
431113,431130,431131,1,17
431113,431124,431132,8,11
431113,431123,431133,10,10
431113,431123,431132,9,10
431113,431130,431132,2,17
431113,431130,431132,2,17
431113,431131,431132,1,18
431113,431131,431133,2,18
431113,431131,431134,3,18
431113,431114,431133,19,1
431113,431131,431133,2,18
431113,431114,431134,20,1
431113,431114,431134,20,1
431113,431123,431133,10,10
431113,431131,431135,4,18
431113,431114,431135,21,1
431113,431114,431135,21,1
431113,431114,431136,22,1
431113,431117,431137,20,4
431113,431114,431140,26,1
431113,431114,431141,27,1
431113,431114,431141,27,1
431113,431114,431141,27,1
431113,431114,431142,28,1
431113,431114,431142,28,1
431113,431114,431145,31,1
431113,431114,431153,39,1
431113,431114,431163,49,1
431113,431114,431170,56,1
429869,430057,431245,1188,188
431245,431246,431247,1,1
431245,431246,431248,2,1
431245,431246,431247,1,1
431245,431246,431248,2,1
431245,431246,431248,2,1
431245,431246,431248,2,1
431245,431246,431248,2,1
431245,431246,431251,5,1
431245,431246,431252,6,1
431245,431249,431252,3,4
431245,431251,431253,2,6
431245,431248,431252,4,3
431245,431252,431254,2,7
431245,431246,431254,8,1
431245,431246,431253,7,1
431245,431248,431254,6,3
431245,431248,431253,5,3
431245,431252,431253,1,7
431245,431249,431255,6,4
431245,431246,431256,10,1
431245,431249,431257,8,4
431245,431253,431256,3,8
431245,431248,431256,8,3
431245,431255,431256,1,10
431245,431246,431258,12,1
431245,431246,431258,12,1
431245,431254,431257,3,9
431245,431256,431259,3,11
431245,431257,431259,2,12
431245,431258,431259,1,13
431245,431257,431260,3,12
431245,431257,431260,3,12
431245,431246,431260,14,1
431245,431246,431261,15,1
431245,431258,431261,3,13
431245,431253,431260,7,8
431245,431258,431260,2,13
431245,431259,431262,3,14
431245,431259,431262,3,14
431245,431260,431261,1,15
431245,431260,431262,2,15
431245,431246,431262,16,1
431245,431246,431263,17,1
431245,431259,431262,3,14
431245,431246,431263,17,1
431245,431254,431263,9,9
431245,431254,431263,9,9
431245,431254,431262,8,9
431245,431258,431262,4,13
431245,431246,431263,17,1
431245,431254,431264,10,9
431245,431246,431264,18,1
431245,431246,431266,20,1
431245,431254,431266,12,9
431245,431246,431267,21,1
431245,431246,431269,23,1
431245,431246,431269,23,1
431245,431246,431270,24,1
431245,431246,431273,27,1
431245,431246,431276,30,1
431245,431246,431279,33,1
431245,431246,431281,35,1
431245,431246,431282,36,1
431245,431246,431289,43,1
468999,469000,469887,887,1
469887,469887,469889,2,0
469887,469887,469888,1,0
469887,469887,469890,3,0
469887,469887,469889,2,0
469887,469887,469889,2,0
469887,469887,469890,3,0
469887,469887,469890,3,0
469887,469887,469890,3,0
469887,469887,469890,3,0
469887,469887,469890,3,0
469887,469887,469893,6,0
469887,469890,469902,12,3
469887,469890,469903,13,3
469887,469887,469905,18,0
469887,469890,469905,15,3
469887,469887,469906,19,0
469887,469891,469908,17,4
469887,469889,469908,19,2
469887,469890,469912,22,3
469887,469889,469914,25,2
469887,469902,469915,13,15
469887,469893,469918,25,6
469887,469890,469919,29,3
469887,469909,469923,14,22
469887,469891,469926,35,4
469887,469913,469925,12,26
469887,469903,469927,24,16
469887,469891,469927,36,4
469887,469914,469927,13,27
469887,469906,469928,22,19
469887,469908,469929,21,21
469887,469916,469930,14,29
469887,469919,469931,12,32
469887,469918,469933,15,31
469887,469931,469934,3,44
469887,469930,469935,5,43
469887,469933,469937,4,46
469887,469923,469937,14,36
469887,469934,469938,4,47
469887,469935,469937,2,48
469887,469927,469939,12,40
469887,469927,469940,13,40
469887,469938,469940,2,51
469887,469906,469941,35,19
469887,469937,469941,4,50
469887,469937,469941,4,50
469887,469938,469941,3,51
469887,469940,469942,2,53
469887,469929,469942,13,42
469887,469939,469942,3,52
469887,469940,469943,3,53
469887,469941,469944,3,54
469887,469941,469944,3,54
469887,469926,469945,19,39
469887,469926,469946,20,39
469887,469942,469946,4,55
469887,469943,469946,3,56
469887,469943,469946,3,56
469887,469942,469946,4,55
469887,469905,469947,42,18
469887,469942,469946,4,55
469887,469942,469946,4,55
469887,469927,469949,22,40
469887,469928,469952,24,41
469000,469000,470080,1080,0
470080,470080,470082,2,0
470080,470080,470083,3,0
470080,470080,470083,3,0
470080,470080,470083,3,0
470080,470080,470083,3,0
470080,470080,470084,4,0
470080,470080,470084,4,0
470080,470080,470083,3,0
470080,470080,470083,3,0
470080,470080,470083,3,0
470080,470080,470088,8,0
470080,470083,470094,11,3
470080,470084,470096,12,4
470080,470083,470095,12,3
470080,470085,470097,12,5
470080,470080,470097,17,0
470080,470080,470097,17,0
470080,470084,470098,14,4
470080,470083,470099,16,3
470080,470085,470104,19,5
470080,470094,470107,13,14
470080,470083,470108,25,3
470080,470083,470112,29,3
470080,470096,470113,17,16
470080,470088,470113,25,8
470080,470097,470114,17,17
470080,470085,470116,31,5
470080,470099,470116,17,19
470080,470098,470117,19,18
470080,470096,470117,21,16
470080,470104,470119,15,24
470080,470107,470122,15,27
470080,470097,470124,27,17
470080,470108,470123,15,28
470080,470112,470126,14,32
470080,470119,470127,8,39
470080,470124,470128,4,44
470080,470116,470127,11,36
470080,470097,470128,31,17
470080,470117,470129,12,37
470080,470124,470130,6,44
470080,470113,470129,16,33
470080,470127,470130,3,47
470080,470128,470131,3,48
470080,470122,470131,9,42
470080,470128,470132,4,48
470080,470114,470132,18,34
470080,470126,470131,5,46
470080,470117,470132,15,37
470080,470129,470132,3,49
470080,470130,470134,4,50
470080,470131,470134,3,51
470080,470132,470135,3,52
470080,470130,470135,5,50
470080,470130,470135,5,50
470080,470131,470135,4,51
470080,470131,470135,4,51
470080,470132,470136,4,52
470080,470133,470136,3,53
470080,470134,470137,3,54
470080,470132,470138,6,52
470080,470134,470138,4,54
470080,470116,470138,22,36
470080,470113,470139,26,33
469011,469011,470264,1253,0
470265,470265,470267,2,0
469005,469005,470268,1263,0
470265,470265,470267,2,0
470265,470265,470267,2,0
470265,470265,470268,3,0
470265,470265,470268,3,0
470265,470265,470269,4,0
470265,470265,470268,3,0
470265,470265,470268,3,0
470265,470265,470268,3,0
470265,470265,470277,12,0
469001,469001,470285,1284,0
470265,470268,470288,20,3
470265,470267,470289,22,2
470265,470269,470291,22,4
470265,470269,470292,23,4
470265,470269,470292,23,4
470265,470265,470298,33,0
469003,469003,470298,1295,0
470265,470269,470300,31,4
470265,470265,470304,39,0
470265,470292,470305,13,27
470265,470292,470305,13,27
470265,470291,470306,15,26
470265,470277,470309,32,12
470265,470268,470312,44,3
470265,470305,470318,13,40
470265,470289,470320,31,24
470265,470268,470320,52,3
470265,470265,470321,56,0
470265,470306,470322,16,41
470265,470298,470322,24,33
470265,470285,470323,38,20
470265,470305,470323,18,40
470265,470312,470326,14,47
470265,470310,470327,17,45
470265,470304,470328,24,39
469009,469009,470329,1320,0
470265,470320,470331,11,55
470265,470318,470332,14,53
470265,470288,470333,45,23
470265,470323,470334,11,58
469007,469007,470335,1328,0
470265,470326,470335,9,61
470265,470323,470335,12,58
470265,470268,470335,67,3
470265,470320,470337,17,55
470265,470322,470337,15,57
470265,470321,470338,17,56
470265,470322,470337,15,57
470265,470327,470339,12,62
470265,470334,470340,6,69
470265,470328,470341,13,63
470265,470332,470341,9,67
470265,470268,470341,73,3
470265,470333,470341,8,68
470265,470329,470342,13,64
470265,470300,470343,43,35
470265,470331,470342,11,66
470265,470338,470343,5,73
470269,470341,470345,4,72
470269,470341,470345,4,72
470265,470337,470345,8,72
470265,470337,470345,8,72
470269,470343,470345,2,74
470265,470335,470347,12,70
470269,470345,470348,3,76
470265,470335,470350,15,70
470265,470339,470351,12,74
470265,470338,470351,13,73
470265,470336,470352,16,71
470265,470336,470351,15,71
470269,470341,470353,12,72
470265,470298,470352,54,33
470269,470343,470356,13,74
470269,470341,470356,15,72
470269,470342,470357,15,73
470269,470343,470358,15,74
470269,470345,470358,13,76
470269,470353,470367,14,84
470269,470356,470370,14,87
470269,470352,470376,24,83
470269,470353,470376,23,84
470269,470352,470378,26,83
470269,470351,470380,29,82
470269,470358,470381,23,89
470269,470351,470382,31,82
470269,470367,470384,17,98
470269,470370,470385,15,101
470269,470348,470385,37,79
470269,470350,470394,44,81
470269,470346,470394,48,77
470269,470376,470394,18,107
470269,470345,470396,51,76
470269,470381,470399,18,112
470269,470356,470399,43,87
470269,470348,470400,52,79
470269,470380,470403,23,111
470269,470386,470402,16,117
470269,470376,470404,28,107
470269,470385,470404,19,116
470269,470382,470404,22,113
470269,470384,470407,23,115
470269,470358,470408,50,89
470269,470394,470409,15,125
470269,470378,470409,31,109
470269,470396,470410,14,127
470269,470394,470409,15,125
470269,470345,470411,66,76
470269,470395,470412,17,126
470269,470399,470412,13,130
470269,470399,470413,14,130
470269,470403,470414,11,134
470269,470410,470415,5,141
470269,470413,470415,2,144
470269,470411,470416,5,142
470269,470412,470416,4,143
470269,470413,470416,3,144
470269,470410,470417,7,141
470269,470404,470417,13,135
470269,470402,470417,15,133
470269,470414,470416,2,145
470269,470405,470416,11,136
470269,470403,470420,17,134
470269,470404,470420,16,135
470269,470407,470420,13,138
470285,470417,470420,3,132
470269,470415,470421,6,146
470269,470416,470422,6,147
470269,470409,470422,13,140
470269,470416,470422,6,147
470285,470417,470422,5,132
470285,470416,470423,7,131
470285,470417,470423,6,132
470285,470420,470424,4,135
470285,470417,470423,6,132
470285,470420,470423,3,135
470285,470420,470424,4,135
470285,470417,470424,7,132
470285,470420,470426,6,135
470269,470408,470426,18,139
470269,470410,470430,20,141
470269,470357,470432,75,88
470285,470421,470434,13,136
470285,470423,470439,16,138
470285,470424,470440,16,139
470285,470424,470441,17,139
470285,470423,470445,22,138
470285,470430,470446,16,145
470285,470434,470447,13,149
470285,470425,470447,22,140
470285,470424,470447,23,139
470285,470422,470449,27,137
470285,470432,470449,17,147
470285,470441,470451,10,156
470285,470425,470450,25,140
470285,470422,470452,30,137
470285,470427,470455,28,142
470285,470445,470456,11,160
470285,470441,470458,17,156
470285,470447,470459,12,162
470285,470446,470460,14,161
470285,470447,470463,16,162
470285,470439,470463,24,154
470285,470447,470463,16,162
470285,470423,470465,42,138
470285,470449,470466,17,164
470285,470451,470466,15,166
470285,470424,470466,42,139
470285,470449,470467,18,164
470285,470458,470466,8,173
470285,470467,470470,3,182
470285,470451,470470,19,166
470285,470463,470472,9,178
470285,470467,470473,6,182
470285,470459,470475,16,174
470285,470456,470475,19,171
470285,470470,470476,6,185
470285,470463,470476,13,178
470285,470466,470477,11,181
470285,470471,470476,5,186
470285,470475,470477,2,190
470285,470465,470477,12,180
470285,470475,470478,3,190
470285,470466,470478,12,181
470285,470426,470478,52,141
470285,470476,470479,3,191
470285,470467,470479,12,182
470285,470460,470479,19,175
470285,470476,470480,4,191
470285,470477,470479,2,192
470285,470477,470479,2,192
470299,470478,470480,2,179
470285,470472,470479,7,187
470285,470473,470480,7,188
470285,470463,470481,18,178
470299,470477,470481,4,178
470299,470478,470480,2,179
470299,470479,470482,3,180
470299,470479,470482,3,180
470299,470478,470482,4,179
470299,470479,470482,3,180
470299,470480,470483,3,181
470299,470480,470484,4,181
470285,470452,470488,36,167
470299,470480,470488,8,181
470299,470481,470497,16,182
470285,470455,470499,44,170
470299,470484,470500,16,185
470299,470483,470500,17,184
470299,470481,470500,19,182
470299,470482,470503,21,183
470299,470482,470506,24,183
470299,470482,470506,24,183
470299,470484,470507,23,185
470299,470481,470512,31,182
470299,470480,470513,33,181
470299,470499,470516,17,200
470299,470500,470518,18,201
470299,470497,470520,23,198
470299,470506,470521,15,207
470299,470488,470522,34,189
470299,470507,470525,18,208
470299,470512,470526,14,213
470299,470488,470527,39,189
470299,470513,470527,14,214
470299,470506,470527,21,207
470299,470480,470533,53,181
470299,470500,470534,34,201
470299,470527,470536,9,228
470299,470527,470537,10,228
470299,470518,470538,20,219
470299,470516,470538,22,217
470299,470522,470539,17,223
470299,470527,470543,16,228
470299,470525,470545,20,226
470299,470533,470546,13,234
470299,470534,470547,13,235
470299,470527,470548,21,228
470299,470536,470548,12,237
470299,470520,470548,28,221
470299,470521,470549,28,222
470299,470503,470549,46,204
470299,470538,470551,13,239
470299,470537,470552,15,238
470299,470539,470552,13,240
470299,470548,470552,4,249
470299,470500,470552,52,201
470299,470546,470553,7,247
470299,470539,470552,13,240
470299,470549,470553,4,250
470299,470548,470552,4,249
470299,470545,470553,8,246
470299,470547,470553,6,248
470299,470548,470553,5,249
470299,470551,470554,3,252
470299,470552,470555,3,253
470330,470552,470555,3,222
470299,470552,470555,3,253
470330,470553,470556,3,223
470330,470553,470555,2,223
470330,470554,470556,2,224
470299,470549,470556,7,250
470330,470553,470557,4,223
470330,470553,470556,3,223
470330,470553,470556,3,223
470330,470555,470557,2,225
470330,470554,470556,2,224
470299,470480,470558,78,181
470299,470543,470559,16,244
470330,470555,470562,7,225
470330,470558,470570,12,228
470330,470557,470572,15,227
470330,470557,470572,15,227
470330,470559,470573,14,229
469004,469004,470575,1571,0
470330,470562,470578,16,232
469013,469013,470578,1565,0
469009,469009,470582,1573,0
469008,469008,470583,1575,0
469014,469014,470585,1571,0
470330,470555,470585,30,225
469002,469002,470587,1585,0
470330,470570,470588,18,240
470330,470556,470590,34,226
469012,469012,470593,1581,0
470330,470557,470594,37,227
470330,470582,470595,13,252
470330,470557,470595,38,227
470330,470572,470596,24,242
470330,470555,470596,41,225
470330,470583,470598,15,253
470330,470557,470599,42,227
469006,469006,470599,1593,0
470330,470585,470600,15,255
470330,470578,470599,21,248
470330,470556,470599,43,226
470330,470585,470601,16,255
470330,470587,470602,15,257
470330,470556,470602,46,226
470330,470588,470603,15,258
469010,469010,470604,1594,0
470330,470578,470604,26,248
470330,470590,470605,15,260
469015,469015,470605,1590,0
469001,469001,470605,1604,0
470330,470603,470606,3,273
470330,470602,470607,5,272
469005,469005,470607,1602,0
470330,470604,470607,3,274
470330,470605,470609,4,275
470330,470606,470609,3,276
470330,470605,470609,4,275
470330,470604,470608,4,274
470330,470594,470608,14,264
470330,470607,470610,3,277
470330,470607,470611,4,277
470330,470607,470610,3,277
470330,470600,470611,11,270
470330,470597,470610,13,267
470330,470593,470611,18,263
470330,470598,470611,13,268
470330,470605,470611,6,275
470330,470609,470612,3,279
470336,470609,470612,3,273
470330,470595,470612,17,265
470336,470610,470613,3,274
470330,470595,470612,17,265
470336,470610,470612,2,274
470336,470611,470612,1,275
470330,470575,470614,39,245
470336,470611,470614,3,275
470336,470611,470614,3,275
470330,470600,470614,14,270
470336,470611,470614,3,275
470336,470611,470613,2,275
470330,470596,470616,20,266
470330,470599,470615,16,269
470336,470609,470616,7,273
470330,470602,470617,15,272
470330,470601,470616,15,271
470330,470572,470618,46,242
470330,470556,470618,62,226
470330,470599,470625,26,269
470336,470611,470625,14,275
470336,470614,470627,13,278
470336,470614,470627,13,278
470336,470614,470628,14,278
470330,470600,470630,30,270
470336,470614,470630,16,278
470336,470612,470631,19,276
470336,470616,470632,16,280
470336,470614,470634,20,278
470336,470614,470635,21,278
470336,470612,470635,23,276
470336,470616,470638,22,280
470336,470618,470639,21,282
470336,470619,470638,19,283
470336,470617,470641,24,281
470336,470627,470641,14,291
470336,470616,470642,26,280
470336,470617,470644,27,281
470336,470614,470644,30,278
470336,470627,470645,18,291
470336,470625,470645,20,289
470336,470614,470646,32,278
470336,470612,470648,36,276
470336,470628,470648,20,292
470336,470634,470648,14,298
470336,470614,470650,36,278
470336,470630,470649,19,294
470336,470612,470649,37,276
470336,470630,470650,20,294
470336,470639,470650,11,303
470336,470635,470652,17,299
470336,470632,470652,20,296
470336,470631,470653,22,295
470336,470639,470653,14,303
470336,470650,470653,3,314
470336,470648,470653,5,312
470336,470648,470654,6,312
470336,470641,470654,13,305
470336,470626,470654,28,290
470336,470648,470653,5,312
470336,470636,470653,17,300
470336,470642,470653,11,306
470336,470646,470653,7,310
470336,470650,470655,5,314
470330,470573,470655,82,243
470336,470650,470654,4,314
470336,470638,470654,16,302
470336,470641,470656,15,305
470336,470644,470656,12,308
470336,470644,470655,11,308
470336,470645,470657,12,309
470336,470650,470657,7,314
470575,470653,470657,4,78
470575,470654,470658,4,79
470575,470654,470658,4,79
470575,470654,470657,3,79
470575,470654,470657,3,79
470575,470653,470657,4,78
470336,470652,470659,7,316
470575,470653,470659,6,78
470336,470652,470660,8,316
470575,470654,470659,5,79
470575,470654,470661,7,79
470575,470654,470661,7,79
470336,470652,470664,12,316
470336,470613,470666,53,277
470336,470645,470667,22,309
470575,470658,470674,16,83
470575,470657,470675,18,82
470575,470655,470675,20,80
470575,470658,470676,18,83
470575,470656,470677,21,81
470575,470659,470679,20,84
470575,470657,470680,23,82
470575,470655,470682,27,80
470575,470657,470683,26,82
470575,470656,470684,28,81
470575,470667,470686,19,92
470575,470658,470686,28,83
470575,470666,470686,20,91
470575,470658,470687,29,83
470575,470664,470687,23,89
470575,470657,470688,31,82
470575,470659,470691,32,84
470575,470674,470692,18,99
470575,470675,470694,19,100
470575,470658,470694,36,83
470575,470661,470695,34,86
470575,470675,470697,22,100
470575,470680,470697,17,105
470575,470686,470698,12,111
470575,470655,470699,44,80
470575,470686,470700,14,111
470575,470660,470700,40,85
470575,470687,470702,15,112
470575,470689,470703,14,114
470575,470686,470703,17,111
470575,470700,470703,3,125
470575,470679,470703,24,104
470575,470688,470704,16,113
470575,470697,470703,6,122
470575,470655,470704,49,80
470575,470697,470705,8,122
470575,470691,470704,13,116
470575,470695,470705,10,120
470575,470699,470706,7,124
470575,470694,470707,13,119
470575,470702,470707,5,127
470575,470703,470708,5,128
470575,470692,470708,16,117
470575,470700,470707,7,125
470575,470684,470708,24,109
470578,470703,470709,6,125
470578,470704,470709,5,126
470578,470705,470709,4,127
470575,470682,470709,27,107
470575,470676,470709,33,101
470575,470699,470708,9,124
470578,470705,470710,5,127
470575,470703,470709,6,128
470578,470705,470710,5,127
470578,470705,470709,4,127
470578,470706,470710,4,128
470578,470706,470711,5,128
470575,470694,470712,18,119
470575,470661,470712,51,86
470578,470707,470713,6,129
470575,470684,470713,29,109
470575,470662,470715,53,87
470578,470708,470719,11,130
470578,470709,470724,15,131
470575,470677,470728,51,102
470578,470712,470731,19,134
470578,470712,470732,20,134
470578,470709,470734,25,131
470578,470708,470735,27,130
470578,470709,470735,26,131
470578,470708,470740,32,130
470578,470710,470741,31,132
470578,470715,470742,27,137
470578,470709,470742,33,131
470578,470728,470744,16,150
470578,470732,470744,12,154
470578,470724,470744,20,146
470578,470713,470745,32,135
470578,470713,470748,35,135
470578,470710,470748,38,132
470578,470731,470748,17,153
470578,470720,470749,29,142
470578,470735,470749,14,157
470578,470708,470749,41,130
470578,470740,470752,12,162
470578,470734,470752,18,156
470578,470710,470753,43,132
470578,470735,470753,18,157
470578,470744,470754,10,166
470578,470741,470755,14,163
470578,470742,470757,15,164
470578,470744,470757,13,166
470578,470710,470757,47,132
470578,470711,470758,47,133
470578,470742,470759,17,164
470578,470757,470759,2,179
470578,470748,470759,11,170
470578,470744,470760,16,166
470578,470757,470760,3,179
470578,470752,470760,8,174
470578,470753,470760,7,175
470578,470758,470761,3,180
470578,470745,470760,15,167
470578,470749,470761,12,171
470578,470749,470762,13,171
470578,470709,470762,53,131
470578,470757,470761,4,179
470578,470749,470761,12,171
470583,470760,470763,3,177
470578,470754,470762,8,176
470578,470756,470762,6,178
470583,470760,470763,3,177
470578,470748,470762,14,170
470578,470752,470762,10,174
470578,470759,470762,3,181
470578,470748,470763,15,170
470583,470761,470764,3,178
470583,470759,470763,4,176
470583,470760,470763,3,177
470583,470762,470764,2,179
470583,470761,470763,2,178
470583,470761,470763,2,178
470583,470761,470763,2,178
470578,470753,470765,12,175
470583,470762,470771,9,179
470583,470764,470777,13,181
470583,470763,470779,16,180
470583,470763,470781,18,180
470583,470764,470781,17,181
470583,470763,470783,20,180
470583,470764,470784,20,181
470578,470709,470783,74,131
470583,470764,470784,20,181
470578,470710,470787,77,132
470583,470779,470791,12,196
470583,470777,470792,15,194
470583,470764,470791,27,181
470583,470771,470797,26,188
470583,470781,470797,16,198
470583,470784,470797,13,201
470578,470709,470799,90,131
470583,470785,470801,16,202
470583,470785,470801,16,202
470583,470783,470802,19,200
470583,470762,470802,40,179
470583,470787,470802,15,204
470583,470791,470807,16,208
470583,470792,470809,17,209
470583,470792,470811,19,209
470583,470763,470810,47,180
470583,470781,470812,31,198
470583,470799,470812,13,216
470583,470798,470813,15,215
470583,470797,470814,17,214
470583,470801,470813,12,218
470583,470797,470814,17,214
470583,470811,470815,4,228
470583,470801,470815,14,218
470583,470802,470815,13,219
470583,470812,470816,4,229
470583,470812,470817,5,229
470583,470815,470818,3,232
470583,470811,470819,8,228
470583,470815,470819,4,232
470583,470765,470819,54,182
470583,470816,470819,3,233
470583,470815,470819,4,232
470584,470818,470821,3,234
470583,470814,470821,7,231
470583,470814,470821,7,231
470584,470819,470822,3,235
470583,470813,470822,9,230
470583,470807,470822,15,224
470583,470809,470821,12,226
470583,470814,470821,7,231
470584,470819,470822,3,235
470583,470802,470823,21,219
470584,470819,470822,3,235
470584,470820,470823,3,236
470584,470821,470823,2,237
470584,470820,470823,3,236
470584,470821,470824,3,237
470584,470821,470824,3,237
470583,470802,470825,23,219
470583,470762,470831,69,179
470584,470822,470834,12,238
470583,470763,470835,72,180
470584,470825,470840,15,241
470584,470825,470840,15,241
470584,470824,470841,17,240
470584,470822,470843,21,238
470584,470831,470843,12,247
470584,470824,470844,20,240
470584,470823,470845,22,239
470584,470822,470848,26,238
470584,470822,470849,27,238
470584,470834,470855,21,250
470584,470844,470857,13,260
470584,470845,470859,14,261
470584,470823,470862,39,239
470583,470763,470863,100,180
470584,470849,470864,15,265
470583,470764,470865,101,181
470584,470822,470865,43,238
470584,470848,470865,17,264
470584,470823,470868,45,239
470584,470823,470870,47,239
470584,470843,470872,29,259
470584,470859,470875,16,275
470584,470855,470876,21,271
470584,470844,470876,32,260
470584,470857,470878,21,273
470584,470842,470878,36,258
470584,470863,470879,16,279
470584,470868,470880,12,284
470584,470864,470882,18,280
470584,470866,470882,16,282
470584,470865,470882,17,281
470584,470862,470883,21,278
470584,470866,470883,17,282
470584,470882,470885,3,298
470584,470882,470886,4,298
470584,470883,470886,3,299
470584,470870,470886,16,286
470584,470882,470887,5,298
470584,470883,470887,4,299
470584,470835,470888,53,251
470584,470880,470887,7,296
470584,470885,470888,3,301
470584,470886,470890,4,302
470584,470886,470890,4,302
470584,470876,470890,14,292
470585,470888,470891,3,303
470584,470886,470892,6,302
470585,470888,470891,3,303
470585,470890,470892,2,305
470583,470763,470891,128,180
470584,470876,470892,16,292
470585,470888,470892,4,303
470584,470872,470893,21,288
470584,470879,470892,13,295
470585,470890,470892,2,305
470584,470887,470894,7,303
470585,470890,470894,4,305
470585,470892,470894,2,307
470585,470891,470895,4,306
470585,470892,470895,3,307
470584,470875,470896,21,291
470584,470840,470900,60,256
470584,470878,470900,22,294
470584,470878,470901,23,294
470585,470892,470905,13,307
470584,470840,470907,67,256
470584,470822,470910,88,238
470585,470896,470910,14,311
470585,470900,470917,17,315
470585,470900,470919,19,315
470585,470896,470922,26,311
470585,470917,470928,11,332
470585,470910,470929,19,325
470583,470765,470929,164,182
470585,470919,470931,12,334
470585,470901,470932,31,316
470585,470894,470931,37,309
470585,470929,470933,4,344
470585,470929,470932,3,344
470585,470911,470934,23,326
470585,470907,470937,30,322
470585,470931,470941,10,346
470585,470928,470943,15,343
470585,470932,470945,13,347
470585,470922,470946,24,337
470585,470933,470947,14,348
470585,470892,470950,58,307
470585,470932,470950,18,347
470585,470905,470951,46,320
470585,470933,470953,20,348
470585,470895,470954,59,310
470585,470934,470955,21,349
470585,470896,470956,60,311
470585,470937,470956,19,352
470585,470945,470959,14,360
470585,470947,470960,13,362
470585,470941,470961,20,356
470585,470946,470962,16,361
470585,470943,470961,18,358
470585,470893,470961,68,308
470585,470893,470963,70,308
470585,470950,470963,13,365
470585,470894,470964,70,309
470585,470962,470964,2,377
470585,470960,470966,6,375
470585,470955,470966,11,370
470585,470951,470967,16,366
470585,470964,470967,3,379
470585,470963,470967,4,378
470585,470959,470966,7,374
470585,470953,470967,14,368
470585,470950,470967,17,365
470585,470962,470968,6,377
470585,470961,470968,7,376
470585,470956,470968,12,371
470585,470963,470968,5,378
470585,470956,470967,11,371
470585,470954,470967,13,369
470588,470966,470969,3,378
470588,470966,470969,3,378
470588,470967,470970,3,379
470588,470967,470970,3,379
470588,470967,470970,3,379
470588,470967,470971,4,379
470585,470962,470971,9,377
470588,470967,470971,4,379
470588,470968,470971,3,380
470588,470967,470970,3,379
470588,470968,470977,9,380
470583,470763,470979,216,180
470588,470968,470981,13,380
470588,470971,470985,14,383
470588,470970,470986,16,382
470588,470969,470988,19,381
470588,470971,470990,19,383
470585,470893,470992,99,308
470588,470980,470992,12,392
470588,470970,470995,25,382
470588,470981,470995,14,393
470588,470971,470995,24,383
470588,470977,470997,20,389
470588,470968,471000,32,380
470588,470995,471007,12,407
470588,470989,471008,19,401
470588,470992,471009,17,404
470588,470971,471009,38,383
470588,470995,471009,14,407
470588,470992,471009,17,404
470588,470990,471011,21,402
470588,470995,471011,16,407
470588,470985,471013,28,397
470588,470997,471017,20,409
470588,471001,471017,16,413
470588,470970,471018,48,382
470588,470970,471018,48,382
470588,471009,471020,11,421
470585,470892,471020,128,307
470588,471008,471020,12,420
470588,471010,471020,10,422
470588,470986,471021,35,398
470588,470968,471022,54,380
470588,471009,471023,14,421
470588,470971,471024,53,383
470588,471013,471025,12,425
470588,471012,471024,12,424
470588,471021,471025,4,433
470588,471007,471025,18,419
470585,470892,471027,135,307
470588,471024,471027,3,436
470588,471009,471027,18,421
470588,471025,471028,3,437
470588,471026,471029,3,438
470588,471020,471029,9,432
470588,471023,471029,6,435
470588,470968,471029,61,380
470588,471027,471030,3,439
470588,471026,471029,3,438
470594,471027,471030,3,433
470588,471020,471029,9,432
470588,471011,471030,19,423
470588,471021,471031,10,433
470588,471017,471031,14,429
470594,471029,471031,2,435
470588,471027,471030,3,439
470588,471017,471031,14,429
470594,471028,471031,3,434
470594,471029,471032,3,435
470594,471029,471033,4,435
470588,471022,471033,11,434
470594,471030,471033,3,436
470594,471030,471033,3,436
470588,471022,471033,11,434
470594,471029,471032,3,435
470081,470135,471033,898,54
470588,471018,471033,15,430
470594,471030,471033,3,436
470588,471018,471033,15,430
470594,471030,471043,13,436
470594,471035,471054,19,441
470594,471031,471056,25,437
470594,471043,471057,14,449
470594,471033,471059,26,439
470594,471031,471063,32,437
470594,471031,471063,32,437
470594,471033,471064,31,439
470594,471034,471066,32,440
470594,471032,471069,37,438
470594,471030,471070,40,436
470594,471054,471073,19,460
470594,471033,471075,42,439
470594,471063,471078,15,469
470594,471031,471079,48,437
470594,471064,471080,16,470
470594,471066,471084,18,472
470594,471070,471084,14,476
470594,471069,471086,17,475
470594,471073,471086,13,479
470594,471033,471087,54,439
470594,471033,471087,54,439
470594,471063,471089,26,469
470594,471056,471090,34,462
470594,471078,471091,13,484
470594,471033,471092,59,439
470594,471075,471092,17,481
470594,471080,471094,14,486
470594,471079,471094,15,485
470594,471059,471095,36,465
470594,471032,471096,64,438
470594,471084,471097,13,490
470594,471084,471098,14,490
470594,471092,471100,8,498
470594,471092,471101,9,498
470594,471086,471102,16,492
470594,471086,471102,16,492
470594,471091,471102,11,497
470594,471098,471103,5,504
470594,471087,471104,17,493
470594,471100,471104,4,506
470594,471088,471104,16,494
469888,469944,471104,1160,56
470594,471094,471104,10,500
470594,471089,471104,15,495
470594,471101,471105,4,507
470594,471094,471104,10,500
470594,471097,471106,9,503
470594,471102,471105,3,508
470594,471096,471106,10,502
470600,471102,471105,3,502
470600,471104,471106,2,504
470600,471104,471106,2,504
470594,471090,471105,15,496
470600,471103,471107,4,503
470600,471104,471107,3,504
470594,471096,471108,12,502
470600,471104,471107,3,504
470600,471104,471107,3,504
470600,471104,471107,3,504
470594,471057,471108,51,463
470600,471105,471108,3,505
470594,471033,471112,79,439
470600,471105,471118,13,505
470600,471108,471122,14,508
470600,471108,471122,14,508
470600,471108,471122,14,508
470600,471108,471123,15,508
470600,471107,471124,17,507
470594,471032,471126,94,438
470600,471108,471126,18,508
470600,471112,471130,18,512
470600,471106,471132,26,506
470600,471123,471132,9,523
470600,471124,471134,10,524
470600,471107,471134,27,507
470600,471118,471135,17,518
470600,471122,471137,15,522
470600,471106,471141,35,506
470600,471106,471143,37,506
470600,471106,471143,37,506
470600,471126,471145,19,526
470600,471109,471146,37,509
470600,471132,471147,15,532
470600,471130,471148,18,530
470600,471122,471149,27,522
470600,471132,471149,17,532
470600,471134,471150,16,534
470600,471126,471150,24,526
470600,471106,471152,46,506
470600,471135,471153,18,535
470600,471134,471153,19,534
470600,471122,471155,33,522
470594,471033,471156,123,439
470600,471137,471158,21,537
470600,471155,471159,4,555
470600,471154,471160,6,554
470600,471156,471161,5,556
470600,471145,471163,18,545
470600,471143,471162,19,543
470600,471149,471164,15,549
470600,471159,471164,5,559
470600,471147,471164,17,547
470600,471160,471164,4,560
470600,471158,471164,6,558
470600,471149,471164,15,549
470600,471150,471164,14,550
470600,471143,471165,22,543
470600,471161,471164,3,561
470600,471153,471166,13,553
470600,471148,471165,17,548
470600,471150,471166,16,550
470600,471141,471166,25,541
470604,471164,471167,3,560
470604,471164,471168,4,560
470604,471164,471167,3,560
470600,471163,471168,5,563
470604,471164,471167,3,560
470604,471166,471168,2,562
470604,471165,471168,3,561
470604,471166,471169,3,562
470604,471165,471168,3,561
470604,471165,471168,3,561
470600,471146,471172,26,546
470600,471163,471172,9,563
470600,471153,471174,21,553
470600,471164,471175,11,564
470600,471106,471177,71,506
470604,471166,471181,15,562
470604,471169,471185,16,565
470600,471106,471186,80,506
470604,471169,471186,17,565
470604,471168,471189,21,564
470604,471172,471191,19,568
470604,471173,471194,21,569
470604,471168,471194,26,564
470604,471186,471197,11,582
470604,471186,471201,15,582
470604,471185,471201,16,581
470604,471174,471201,27,570
470604,471166,471206,40,562
470604,471175,471210,35,571
470604,471189,471211,22,585
470604,471178,471218,40,574
470604,471168,471218,50,564
470604,471181,471218,37,577
470604,471201,471219,18,597
470604,471197,471221,24,593
470604,471206,471222,16,602
470604,471201,471223,22,597
470604,471201,471222,21,597
470604,471211,471226,15,607
470604,471169,471226,57,565
470604,471194,471226,32,590
470604,471210,471228,18,606
470604,471219,471231,12,615
470604,471221,471231,10,617
470604,471218,471232,14,614
470604,471223,471234,11,619
470604,471226,471235,9,622
470604,471222,471235,13,618
470604,471231,471235,4,627
470604,471228,471235,7,624
470604,471231,471236,5,627
470604,471223,471237,14,619
470604,471226,471236,10,622
470604,471218,471237,19,614
470604,471219,471236,17,615
470604,471226,471237,11,622
470604,471236,471239,3,632
470604,471237,471240,3,633
470604,471232,471240,8,628
470606,471237,471240,3,631
470604,471191,471240,49,587
470606,471237,471240,3,631
470604,471237,471240,3,633
470606,471240,471242,2,634
470604,471235,471242,7,631
470606,471239,471242,3,633
470604,471194,471243,49,590
470604,471235,471243,8,631
470604,471235,471242,7,631
470606,471240,471243,3,634
470606,471240,471244,4,634
470606,471241,471244,3,635
470606,471241,471244,3,635
470606,471242,471244,2,636
470604,471234,471244,10,630
470606,471241,471245,4,635
470604,471235,471247,12,631
470604,471169,471251,82,565
470606,471244,471255,11,638
470606,471242,471256,14,636
470606,471244,471258,14,638
470606,471245,471259,14,639
470604,471168,471259,91,564
470606,471244,471259,15,638
470606,471242,471261,19,636
470606,471243,471264,21,637
470604,471167,471264,97,563
470606,471243,471267,24,637
470606,471255,471267,12,649
470606,471243,471271,28,637
470606,471244,471273,29,638
470606,471258,471273,15,652
470606,471259,471274,15,653
470606,471256,471275,19,650
470606,471251,471276,25,645
470606,471245,471277,32,639
470606,471261,471277,16,655
470606,471243,471278,35,637
470606,471259,471279,20,653
470606,471267,471282,15,661
470606,471259,471281,22,653
470606,471264,471283,19,658
470606,471264,471285,21,658
470606,471267,471285,18,661
470606,471277,471286,9,671
470606,471278,471286,8,672
470606,471283,471288,5,677
470606,471282,471288,6,676
470606,471282,471288,6,676
470606,471285,471289,4,679
470606,471276,471288,12,670
470606,471271,471290,19,665
470606,471279,471290,11,673
470606,471285,471290,5,679
470606,471288,471291,3,682
470606,471277,471292,15,671
470606,471247,471292,45,641
470606,471288,471293,5,682
470606,471286,471293,7,680
470606,471273,471293,20,667
470606,471291,471294,3,685
470606,471290,471295,5,684
470606,471288,471295,7,682
470606,471287,471295,8,681
470606,471290,471295,5,684
470606,471289,471296,7,683
470606,471289,471296,7,683
470606,471293,471296,3,687
470606,471293,471296,3,687
470606,471293,471296,3,687
470606,471294,471296,2,688
470606,471292,471296,4,686
470606,471275,471297,22,669
470606,471294,471297,3,688
470606,471290,471296,6,684
470606,471295,471297,2,689
470606,471296,471298,2,690
470606,471295,471298,3,689
470606,471274,471298,24,668
470606,471295,471298,3,689
470606,471295,471298,3,689
470606,471274,471298,24,668
470606,471296,471305,9,690
470606,471298,471313,15,692
470606,471299,471314,15,693
470606,471300,471316,16,694
470606,471298,471316,18,692
470606,471298,471322,24,692
470606,471305,471322,17,699
470606,471298,471328,30,692
470606,471296,471329,33,690
470606,471298,471333,35,692
470606,471316,471333,17,710
470606,471316,471337,21,710
470606,471334,471338,4,728
470606,471323,471338,15,717
470606,471314,471339,25,708
470606,471337,471340,3,731
470606,471333,471341,8,727
470606,471313,471342,29,707
470606,471297,471345,48,691
470606,471338,471346,8,732
470606,471329,471347,18,723
470606,471328,471349,21,722
470606,471340,471350,10,734
470606,471338,471350,12,732
470606,471339,471351,12,733
470606,471323,471352,29,717
470606,471296,471352,56,690
470606,471341,471352,11,735
470606,471342,471355,13,736
470606,471346,471360,14,740
470606,471350,471360,10,744
470606,471345,471361,16,739
470606,471350,471361,11,744
470606,471349,471362,13,743
470606,471351,471361,10,745
470606,471347,471363,16,741
470606,471352,471363,11,746
470606,471352,471364,12,746
470606,471352,471365,13,746
470606,471355,471365,10,749
470606,471363,471366,3,757
470606,471364,471367,3,758
470606,471365,471367,2,759
470606,471363,471367,4,757
470606,471365,471367,2,759
470606,471362,471368,6,756
470606,471362,471368,6,756
470606,471360,471369,9,754
470606,471361,471370,9,755
470607,471367,471370,3,760
470607,471367,471371,4,760
470606,471297,471370,73,691
470607,471368,471371,3,761
470607,471368,471372,4,761
470607,471367,471372,5,760
470607,471369,471372,3,762
470606,471361,471372,11,755
470607,471369,471373,4,762
470607,471370,471373,3,763
470607,471370,471374,4,763
470606,471360,471376,16,754
470607,471371,471381,10,764
470607,471374,471389,15,767
470607,471373,471391,18,766
470607,471376,471393,17,769
470607,471373,471394,21,766
470607,471373,471396,23,766
470607,471381,471397,16,774
470607,471372,471399,27,765
470604,471169,471402,233,565
470607,471372,471405,33,765
470607,471389,471405,16,782
470607,471391,471413,22,784
470606,471297,471422,125,691
470607,471402,471426,24,795
470607,471399,471432,33,792
470607,471405,471433,28,798
470607,471371,471433,62,764
470607,471397,471434,37,790
470286,470477,471436,959,191
470606,471297,471440,143,691
470607,471393,471440,47,786
470607,471394,471442,48,787
470607,471426,471444,18,819
470607,471422,471444,22,815
470607,471413,471446,33,806
470607,471372,471447,75,765
470607,471432,471452,20,825
470607,471440,471452,12,833
470607,471405,471453,48,798
470607,471441,471455,14,834
470607,471433,471456,23,826
470607,471397,471455,58,790
470607,471436,471457,21,829
470607,471442,471458,16,835
470607,471433,471458,25,826
470607,471444,471458,14,837
470607,471434,471458,24,827
470607,471444,471461,17,837
470607,471458,471462,4,851
470607,471459,471463,4,852
470607,471461,471464,3,854
470607,471458,471464,6,851
470607,471457,471465,8,850
470607,471452,471465,13,845
470607,471453,471466,13,846
470607,471452,471465,13,845
470607,471456,471466,10,849
470607,471463,471466,3,856
470607,471462,471466,4,855
470607,471464,471467,3,857
470607,471465,471467,2,858
470607,471464,471467,3,857
470607,471458,471469,11,851
470607,471465,471469,4,858
471034,471467,471469,2,433
470607,471456,471468,12,849
471034,471466,471470,4,432
471034,471466,471470,4,432
471034,471467,471470,3,433
471034,471467,471470,3,433
471034,471467,471470,3,433
471034,471469,471471,2,435
470607,471447,471470,23,840
471034,471469,471471,2,435
470607,471455,471471,16,848
470607,471446,471473,27,839
471034,471469,471480,11,435
470606,471296,471487,191,690
470607,471371,471488,117,764
471034,471480,471493,13,446
471034,471474,471500,26,440
471034,471487,471505,18,453
470606,471297,471507,210,691
471034,471493,471507,14,459
471034,471488,471506,18,454
471034,471471,471509,38,437
471034,471472,471515,43,438
471034,471500,471520,20,466
471034,471505,471523,18,471
471034,471509,471529,20,475
471034,471520,471530,10,486
471034,471530,471532,2,496
471034,471515,471533,18,481
471034,471532,471535,3,498
471034,471507,471535,28,473
471034,471507,471536,29,473
471034,471523,471538,15,489
471034,471529,471538,9,495
471034,471533,471540,7,499
471034,471535,471540,5,501
471034,471470,471542,72,436
471034,471536,471543,7,502
471034,471536,471544,8,502
471034,471470,471548,78,436
471034,471540,471549,9,506
471034,471538,471549,11,504
471034,471540,471550,10,506
471034,471470,471551,81,436
471034,471538,471551,13,504
471034,471471,471552,81,437
470265,470340,471554,1214,75
471034,471543,471554,11,509
471034,471542,471557,15,508
471034,471544,471558,14,510
471034,471549,471562,13,515
471034,471549,471563,14,515
471034,471551,471563,12,517
471034,471553,471563,10,519
471034,471554,471563,9,520
471034,471558,471564,6,524
471034,471550,471565,15,516
471034,471563,471565,2,529
471034,471549,471564,15,515
471034,471562,471565,3,528
471034,471551,471566,15,517
471034,471507,471565,58,473
471034,471471,471565,94,437
471034,471563,471566,3,529
471034,471563,471566,3,529
471034,471563,471566,3,529
471034,471554,471566,12,520
471034,471564,471568,4,530
471105,471565,471568,3,460
471105,471566,471568,2,461
471105,471566,471568,2,461
471105,471566,471569,3,461
471034,471557,471569,12,523
471105,471566,471568,2,461
471105,471567,471569,2,462
471105,471566,471569,3,461
471105,471566,471575,9,461
471105,471567,471575,8,462
470331,470609,471576,967,278
471034,471471,471577,106,437
470269,470416,471589,1173,147
471105,471577,471594,17,472
471105,471576,471594,18,471
471105,471576,471597,21,471
471105,471568,471598,30,463
471105,471575,471599,24,470
471105,471570,471601,31,465
471105,471589,471604,15,484
471034,471470,471606,136,436
471105,471594,471609,15,489
471105,471568,471611,43,463
471105,471604,471616,12,499
471105,471595,471619,24,490
471105,471616,471620,4,511
471105,471567,471620,53,462
471105,471606,471622,16,501
471105,471611,471624,13,506
471105,471601,471624,23,496
471105,471619,471625,6,514
471105,471620,471626,6,515
471105,471620,471629,9,515
471105,471568,471634,66,463
471105,471624,471634,10,519
471105,471569,471634,65,464
471105,471597,471634,37,492
471105,471624,471636,12,519
471105,471609,471637,28,504
471105,471569,471637,68,464
471105,471625,471637,12,520
471105,471622,471637,15,517
471105,471626,471639,13,521
471105,471630,471639,9,525
471105,471636,471646,10,531
471105,471637,471647,10,532
471105,471634,471647,13,529
471105,471634,471648,14,529
471105,471634,471648,14,529
471105,471639,471649,10,534
471105,471634,471650,16,529
471105,471637,471651,14,532
471105,471637,471651,14,532
471105,471649,471651,2,544
471105,471638,471652,14,533
471105,471639,471653,14,534
471105,471648,471652,4,543
471105,471650,471653,3,545
471437,471652,471654,2,215
471105,471647,471655,8,542
471105,471651,471655,4,546
471105,471651,471654,3,546
471105,471647,471655,8,542
471105,471648,471655,7,543
471105,471598,471655,57,493
471437,471653,471656,3,216
471437,471653,471656,3,216
471437,471653,471655,2,216
471105,471646,471656,10,541
471437,471655,471656,1,218
471105,471599,471656,57,494
471437,471655,471657,2,218
471437,471654,471657,3,217
471437,471655,471657,2,218
471437,471655,471657,2,218
471437,471655,471665,10,218
471105,471569,471673,104,464
471105,471568,471675,107,463
471437,471658,471676,18,221
471437,471665,471676,11,228
471437,471656,471680,24,219
471034,471471,471680,209,437
471437,471673,471688,15,236
471437,471656,471692,36,219
471105,471569,471694,125,464
471437,471680,471696,16,243
470579,470759,471698,939,180
471437,471698,471703,5,261
471437,471675,471704,29,238
471437,471676,471705,29,239
471437,471676,471705,29,239
471437,471703,471706,3,266
471437,471704,471709,5,267
471437,471696,471711,15,259
471437,471656,471711,55,219
471437,471681,471712,31,244
471437,471705,471712,7,268
471437,471711,471714,3,274
471437,471709,471715,6,272
471437,471706,471714,8,269
471437,471688,471715,27,251
471437,471656,471716,60,219
471437,471705,471717,12,268
471437,471713,471717,4,276
471437,471712,471717,5,275
471437,471711,471719,8,274
471437,471714,471719,5,277
471437,471715,471724,9,278
471437,471715,471726,11,278
471437,471717,471727,10,280
471437,471717,471728,11,280
471437,471716,471728,12,279
471437,471719,471728,9,282
471437,471715,471729,14,278
471437,471717,471729,12,280
471437,471728,471730,2,291
471437,471657,471730,73,220
471437,471719,471729,10,282
471437,471657,471730,73,220
471437,471728,471732,4,291
471437,471729,471733,4,292
471437,471729,471733,4,292
471437,471730,471733,3,293
471437,471730,471733,3,293
471437,471730,471732,2,293
471437,471658,471733,75,221
471437,471724,471734,10,287
471437,471728,471735,7,291
471555,471732,471735,3,177
471555,471733,471735,2,178
471555,471734,471736,2,179
471555,471733,471736,3,178
471555,471733,471736,3,178
471555,471734,471736,2,179
471555,471733,471736,3,178
471555,471733,471736,3,178
471437,471727,471738,11,290
471555,471735,471738,3,180
471437,471656,471737,81,219
471437,471692,471737,45,255
471437,471694,471739,45,257
471437,471726,471738,12,289
471437,471657,471751,94,220
471555,471739,471751,12,184
471555,471739,471752,13,184
471555,471739,471753,14,184
471555,471739,471754,15,184
471555,471738,471755,17,183
470299,470552,471755,1203,253
471555,471737,471759,22,182
471555,471735,471764,29,180
471555,471737,471764,27,182
471555,471751,471767,16,196
471555,471751,471768,17,196
471555,471759,471768,9,204
471555,471753,471769,16,198
471555,471738,471768,30,183
471555,471752,471771,19,197
471555,471768,471771,3,213
471555,471768,471771,3,213
471555,471764,471774,10,209
471555,471755,471776,21,200
471555,471755,471776,21,200
471555,471769,471777,8,214
471555,471755,471779,24,200
471555,471767,471779,12,212
471555,471771,471779,8,216
471555,471769,471780,11,214
471555,471771,471781,10,216
471555,471736,471781,45,181
471555,471764,471783,19,209
471555,471736,471786,50,181
471555,471774,471787,13,219
471555,471776,471789,13,221
471555,471779,471790,11,224
471555,471776,471790,14,221
471555,471777,471792,15,222
471555,471779,471792,13,224
471555,471781,471793,12,226
471555,471780,471793,13,225
471555,471781,471793,12,226
471555,471736,471794,58,181
471555,471783,471794,11,228
471555,471771,471793,22,216
471555,471793,471795,2,238
471555,471780,471796,16,225
471555,471793,471796,3,238
471555,471793,471796,3,238
471555,471792,471796,4,237
471555,471794,471797,3,239
471555,471786,471796,10,231
471577,471795,471796,1,218
471555,471792,471797,5,237
471555,471794,471796,2,239
471577,471796,471799,3,219
471577,471797,471799,2,220
471577,471797,471799,2,220
471577,471796,471799,3,219
471555,471790,471798,8,235
471577,471796,471798,2,219
471555,471790,471800,10,235
471577,471797,471799,2,220
471555,471789,471801,12,234
471555,471787,471801,14,232
471577,471796,471801,5,219
471577,471797,471806,9,220
471437,471658,471809,151,221
471577,471800,471812,12,223
471577,471800,471816,16,223
471555,471735,471820,85,180
471555,471736,471821,85,181
471577,471797,471822,25,220
471577,471799,471823,24,222
471577,471809,471827,18,232
471577,471799,471830,31,222
471577,471812,471830,18,235
471577,471800,471831,31,223
471577,471806,471833,27,229
471577,471816,471835,19,239
471577,471820,471839,19,243
471577,471800,471843,43,223
470336,470653,471843,1190,317
471577,471823,471844,21,246
471577,471835,471844,9,258
471577,471839,471845,6,262
471577,471827,471846,19,250
471577,471843,471848,5,266
471577,471843,471849,6,266
471577,471844,471850,6,267
471577,471833,471850,17,256
471577,471845,471854,9,268
471577,471846,471854,8,269
471577,471849,471854,5,272
471577,471844,471856,12,267
471577,471848,471857,9,271
471577,471822,471860,38,245
471577,471830,471861,31,253
471577,471831,471862,31,254
471577,471799,471863,64,222
471577,471799,471864,65,222
471577,471854,471864,10,277
471577,471850,471864,14,273
471577,471854,471865,11,277
471577,471854,471866,12,277
471577,471865,471867,2,288
471577,471864,471867,3,287
471577,471850,471867,17,273
471577,471856,471868,12,279
471577,471864,471869,5,287
471577,471866,471869,3,289
471577,471867,471869,2,290
471577,471821,471868,47,244
471577,471867,471870,3,290
471577,471868,471871,3,291
471577,471867,471871,4,290
471589,471869,471871,2,280
470586,470964,471870,906,378
471589,471869,471871,2,280
471577,471860,471871,11,283
471577,471830,471872,42,253
471589,471870,471873,3,281
471577,471862,471873,11,285
471577,471863,471873,10,286
471577,471858,471872,14,281
471589,471870,471872,2,281
471577,471861,471873,12,284
471589,471871,471874,3,282
471577,471864,471874,10,287
471589,471871,471874,3,282
471577,471802,471874,72,225
471589,471871,471873,2,282
471589,471871,471873,2,282
471589,471871,471875,4,282
470576,470703,471880,1177,127
471589,471872,471884,12,283
471589,471875,471887,12,286
471589,471874,471888,14,285
471589,471874,471888,14,285
471589,471875,471890,15,286
471589,471874,471892,18,285
471589,471873,471894,21,284
471589,471880,471894,14,291
471589,471873,471896,23,284
471589,471884,471898,14,295
471589,471896,471903,7,307
471589,471888,471904,16,299
471589,471898,471904,6,309
471589,471894,471907,13,305
471589,471903,471907,4,314
471589,471887,471907,20,298
471577,471801,471910,109,224
471589,471892,471910,18,303
471589,471894,471911,17,305
471589,471905,471911,6,316
471589,471907,471912,5,318
471589,471908,471913,5,319
471589,471905,471913,8,316
471589,471909,471916,7,320
471589,471910,471917,7,321
471589,471911,471919,8,322
471589,471910,471919,9,321
471589,471911,471920,9,322
471589,471912,471920,8,323
471589,471913,471923,10,324
471589,471890,471923,33,301
471589,471888,471924,36,299
471589,471916,471927,11,327
471589,471914,471927,13,325
471589,471917,471930,13,328
471589,471919,471930,11,330
471589,471928,471930,2,339
471589,471927,471931,4,338
471589,471919,471932,13,330
471589,471924,471932,8,335
471589,471921,471933,12,332
471589,471920,471933,13,331
471589,471931,471933,2,342
471589,471923,471934,11,334
471589,471930,471933,3,341
471589,471931,471934,3,342
471589,471930,471933,3,341
471589,471932,471934,2,343
471699,471933,471935,2,234
471589,471923,471934,11,334
471699,471933,471935,2,234
471699,471934,471936,2,235
471699,471933,471935,2,234
471699,471934,471936,2,235
471699,471934,471937,3,235
471699,471934,471937,3,235
471699,471934,471937,3,235
471589,471873,471938,65,284
471589,471873,471938,65,284
471589,471874,471942,68,285
471577,471801,471942,141,224
471589,471873,471947,74,284
471699,471935,471948,13,236
471699,471937,471956,19,238
471699,471937,471956,19,238
471699,471948,471963,15,249
471699,471937,471967,30,238
471699,471956,471968,12,257
471699,471936,471972,36,237
471589,471873,471977,104,284
471699,471947,471979,32,248
471699,471957,471981,24,258
471699,471963,471984,21,264
471699,471968,471984,16,269
471699,471942,471987,45,243
471699,471967,471987,20,268
471699,471938,471988,50,239
471589,471874,471992,118,285
471699,471981,471993,12,282
471699,471988,471994,6,289
471699,471972,471994,22,273
471699,471984,471995,11,285
471699,471987,471995,8,288
471699,471938,471994,56,239
471699,471993,471997,4,294
471699,471935,471997,62,236
471699,471992,471997,5,293
471589,471873,471998,125,284
471699,471994,471998,4,295
471699,471994,471999,5,295
471699,471942,471999,57,243
471699,471995,472000,5,296
471699,471987,471999,12,288
471699,471979,472000,21,280
471699,471995,472002,7,296
471699,471995,472004,9,296
471699,471997,472005,8,298
471699,471997,472006,9,298
471699,471998,472007,9,299
471699,472004,472007,3,305
471699,472005,472007,2,306
471699,471998,472007,9,299
471699,471997,472008,11,298
471699,471999,472009,10,300
471699,472006,472009,3,307
471699,472000,472008,8,301
471699,472007,472009,2,308
471699,472007,472009,2,308
471699,471999,472008,9,300
471699,472001,472010,9,302
471699,472002,472009,7,303
471699,472007,472010,3,308
471699,472008,472010,2,309
471699,472008,472011,3,309
471755,472009,472011,2,254
471755,472009,472011,2,254
471699,472009,472011,2,310
471755,472009,472011,2,254
471699,472000,472011,11,301
471755,472010,472012,2,255
471755,472010,472013,3,255
471755,472010,472013,3,255
471699,471985,472012,27,286
471755,472010,472012,2,255
471755,472010,472014,4,255
471699,471977,472015,38,278
471755,472011,472015,4,256
471755,472011,472014,3,256
471755,472011,472018,7,256
471755,472012,472023,11,257
471755,472012,472025,13,257
471755,472015,472027,12,260
471755,472016,472031,15,261
471755,472018,472032,14,263
471755,472011,472032,21,256
471755,472013,472035,22,258
471755,472012,472036,24,257
471755,472023,472037,14,268
471755,472026,472042,16,271
471755,472027,472043,16,272
471755,472032,472048,16,277
471755,472043,472051,8,288
471755,472043,472051,8,288
471699,471936,472053,117,237
471755,472032,472054,22,277
471755,472048,472055,7,293
471755,472015,472058,43,260
471755,472013,472059,46,258
471755,472051,472060,9,296
471755,472051,472061,10,296
471755,472054,472061,7,299
471755,472053,472062,9,298
471755,472058,472062,4,303
471755,472037,472063,26,282
471755,472055,472063,8,300
471755,472032,472063,31,277
471755,472059,472065,6,304
471755,472060,472065,5,305
471755,472035,472065,30,280
470584,470887,472067,1180,303
471755,472061,472068,7,306
471755,472061,472069,8,306
471755,472062,472072,10,307
471755,472062,472073,11,307
471755,472069,472074,5,314
471755,472063,472074,11,308
470583,470817,472075,1258,234
471755,472063,472075,12,308
471755,472072,472075,3,317
471755,472073,472076,3,318
471755,472036,472075,39,281
471755,472074,472076,2,319
471755,472065,472078,13,310
471755,472075,472078,3,320
471755,472074,472078,4,319
471755,472068,472078,10,313
471755,472063,472078,15,308
471755,472075,472079,4,320
471844,472076,472079,3,232
471844,472078,472079,1,234
471755,472076,472080,4,321
471755,472067,472080,13,312
471844,472078,472080,2,234
471755,472065,472080,15,310
471844,472078,472080,2,234
471755,472014,472080,66,259
471844,472078,472081,3,234
471844,472078,472081,3,234
471844,472079,472081,2,235
470600,471164,472081,917,564
471844,472078,472081,3,234
471755,472067,472083,16,312
471844,472079,472087,8,235
471699,471935,472093,158,236
471699,471936,472094,158,237
471844,472081,472099,18,237
471755,472014,472106,92,259
471844,472087,472108,21,243
471844,472079,472109,30,235
471844,472093,472113,20,249
471844,472080,472120,40,236
471844,472081,472120,39,237
471844,472081,472121,40,237
471844,472109,472122,13,265
471844,472094,472123,29,250
471844,472084,472123,39,240
471844,472108,472123,15,264
471844,472123,472130,7,279
471844,472122,472130,8,278
471844,472124,472130,6,280
471844,472099,472133,34,255
471844,472124,472134,10,280
471844,472130,472136,6,286
471844,472106,472138,32,262
471844,472134,472141,7,290
471844,472113,472141,28,269
471844,472131,472141,10,287
471844,472134,472143,9,290
471844,472130,472144,14,286
471844,472136,472147,11,292
471844,472138,472150,12,294
471844,472141,472152,11,297
471844,472141,472152,11,297
471844,472141,472154,13,297
471844,472120,472154,34,276
471844,472143,472156,13,299
471844,472121,472156,35,277
471844,472147,472159,12,303
471844,472144,472159,15,300
471844,472159,472160,1,315
471844,472082,472162,80,238
471844,472154,472162,8,310
471755,472014,472162,148,259
471844,472152,472163,11,308
471844,472157,472162,5,313
471844,472152,472163,11,308
471844,472162,472163,1,318
471844,472159,472163,4,315
471844,472150,472164,14,306
471844,472162,472163,1,318
471844,472120,472164,44,276
471844,472156,472164,8,312
471871,472163,472165,2,292
471844,472162,472166,4,318
471844,472162,472166,4,318
471871,472164,472166,2,293
471844,472163,472165,2,319
471871,472163,472165,2,292
471844,472154,472167,13,310
471871,472164,472167,3,293
471871,472165,472168,3,294
471871,472164,472167,3,293
471871,472165,472169,4,294
471871,472165,472170,5,294
471844,472081,472179,98,237
471871,472166,472187,21,295
471871,472166,472190,24,295
471844,472080,472199,119,236
471844,472081,472201,120,237
471871,472167,472202,35,296
471871,472179,472210,31,308
471844,472080,472213,133,236
471844,472080,472216,136,236
471871,472202,472219,17,331
471871,472190,472219,29,319
471871,472168,472221,53,297
471871,472211,472222,11,340
471871,472187,472227,40,316
471871,472213,472227,14,342
471871,472216,472231,15,345
471871,472222,472232,10,351
471871,472221,472234,13,350
471871,472227,472238,11,356
471871,472169,472239,70,298
471871,472170,472241,71,299
471871,472231,472242,11,360
471871,472201,472242,41,330
471871,472232,472242,10,361
471871,472228,472247,19,357
471871,472199,472247,48,328
471871,472234,472249,15,363
471871,472247,472251,4,376
471871,472219,472250,31,348
471871,472242,472251,9,371
471871,472247,472252,5,376
471871,472249,472251,2,378
471871,472242,472252,10,371
471871,472239,472252,13,368
471871,472242,472252,10,371
471871,472238,472252,14,367
471871,472241,472252,11,370
471871,472219,472253,34,348
471871,472251,472254,3,380
471871,472251,472253,2,380
471871,472252,472255,3,381
471871,472252,472255,3,381
471871,472252,472256,4,381
471871,472252,472256,4,381
471871,472252,472256,4,381
471871,472166,472256,90,295
471871,472252,472255,3,381
471871,472254,472256,2,383
471871,472253,472257,4,382
471871,472255,472257,2,384
471871,472256,472258,2,385
471871,472255,472258,3,384
471880,472256,472258,2,376
471871,472256,472259,3,385
471880,472256,472259,3,376
471871,472253,472258,5,382
471871,472254,472258,4,383
471871,472256,472259,3,385
471871,472254,472259,5,383
471880,472257,472259,2,377
471880,472258,472259,1,378
471880,472258,472261,3,378
471880,472258,472261,3,378
471880,472258,472261,3,378
471880,472259,472262,3,379
471880,472259,472267,8,379
471871,472168,472267,99,297
471871,472168,472269,101,297
471880,472261,472281,20,381
471880,472262,472282,20,382
471880,472261,472286,25,381
471880,472261,472287,26,381
471880,472261,472287,26,381
471880,472267,472288,21,387
471880,472282,472292,10,402
471880,472281,472292,11,401
471844,472080,472295,215,236
471880,472268,472297,29,388
471880,472288,472298,10,408
471880,472269,472298,29,389
471880,472288,472304,16,408
471871,472166,472305,139,295
470588,471027,472305,1278,439
471880,472286,472307,21,406
471871,472166,472310,144,295
471880,472292,472311,19,412
471880,472305,472313,8,425
471880,472307,472313,6,427
471880,472304,472315,11,424
471880,472305,472315,10,425
471880,472297,472316,19,417
471880,472310,472317,7,430
471880,472287,472318,31,407
471880,472260,472318,58,380
471880,472299,472319,20,419
471880,472292,472320,28,412
471880,472295,472320,25,415
471880,472259,472322,63,379
471880,472311,472323,12,431
471880,472298,472323,25,418
471880,472314,472324,10,434
471880,472313,472325,12,433
471880,472318,472327,9,438
471880,472318,472328,10,438
471880,472315,472329,14,435
471880,472325,472329,4,445
471880,472315,472329,14,435
471880,472320,472330,10,440
471880,472317,472330,13,437
471880,472324,472331,7,444
471880,472316,472331,15,436
471880,472327,472330,3,447
471880,472328,472331,3,448
471880,472320,472331,11,440
471880,472320,472332,12,440
471880,472329,472331,2,449
471880,472323,472332,9,443
471880,472329,472332,3,449
471880,472329,472333,4,449
471880,472330,472332,2,450
471880,472322,472334,12,442
471880,472331,472333,2,451
472067,472332,472334,2,265
471880,472323,472334,11,443
471880,472330,472333,3,450
472067,472332,472334,2,265
472067,472331,472334,3,264
472067,472332,472335,3,265
472067,472331,472334,3,264
472067,472332,472335,3,265
472067,472331,472335,4,264
472067,472333,472337,4,266
470594,471102,472340,1238,508
471880,472259,472344,85,379
472067,472333,472356,23,266
472067,472335,472359,24,268
472067,472335,472364,29,268
470609,471466,472380,914,857
472067,472338,472381,43,271
471880,472259,472381,122,379
472067,472340,472384,44,273
472067,472345,472385,40,278
472067,472364,472385,21,297
472067,472336,472388,52,269
472067,472334,472390,56,267
472067,472356,472390,34,289
472067,472380,472392,12,313
472067,472334,472392,58,267
472067,472381,472394,13,314
472067,472359,472395,36,292
472067,472386,472398,12,319
472067,472390,472399,9,323
472067,472388,472399,11,321
472067,472392,472400,8,325
472067,472334,472401,67,267
472067,472385,472404,19,318
472067,472399,472407,8,332
472067,472398,472407,9,331
472067,472399,472407,8,332
472067,472390,472408,18,323
472067,472335,472408,73,268
472067,472400,472408,8,333
472067,472381,472408,27,314
472067,472401,472409,8,334
472067,472407,472410,3,340
472067,472404,472409,5,337
472067,472393,472411,18,326
472067,472407,472411,4,340
472067,472407,472412,5,340
472067,472408,472412,4,341
472067,472408,472412,4,341
472067,472411,472413,2,344
472067,472408,472413,5,341
472067,472394,472414,20,327
472067,472410,472415,5,343
472067,472395,472415,20,328
472067,472384,472416,32,317
472067,472334,472416,82,267
472067,472413,472418,5,346
472067,472413,472417,4,346
472075,472416,472418,2,341
472067,472415,472418,3,348
472067,472412,472418,6,345
472067,472409,472419,10,342
472067,472412,472419,7,345
472067,472413,472418,5,346
472067,472410,472419,9,343
472067,472408,472420,12,341
472067,472412,472420,8,345
472075,472416,472419,3,341
472075,472418,472420,2,343
472075,472418,472421,3,343
472075,472418,472421,3,343
472075,472418,472422,4,343
472075,472418,472421,3,343
472067,472414,472423,9,347
472075,472419,472423,4,344
472075,472419,472431,12,344
472067,472334,472434,100,267
470605,471237,472436,1199,632
471880,472259,472448,189,379
472075,472421,472459,38,346
472075,472431,472460,29,356
472075,472436,472460,24,361
472075,472422,472461,39,347
472075,472434,472462,28,359
472075,472421,472464,43,346
472075,472422,472465,43,347
472067,472334,472466,132,267
472075,472421,472467,46,346
472075,472423,472468,45,348
472067,472334,472470,136,267
472075,472424,472476,52,349
472075,472421,472476,55,346
472075,472460,472477,17,385
472075,472460,472477,17,385
472075,472465,472480,15,390
472075,472459,472480,21,384
472075,472448,472482,34,373
472075,472466,472484,18,391
472075,472419,472486,67,344
472075,472477,472486,9,402
472075,472476,472487,11,401
472075,472477,472489,12,402
472075,472480,472489,9,405
472075,472470,472489,19,395
472075,472481,472489,8,406
472075,472487,472490,3,412
472075,472486,472490,4,411
472075,472464,472490,26,389
472075,472482,472491,9,407
472075,472462,472491,29,387
472075,472486,472490,4,411
472075,472491,472493,2,416
472075,472491,472494,3,416
472075,472461,472495,34,386
472075,472491,472495,4,416
472075,472493,472495,2,418
472075,472494,472495,1,419
472075,472489,472497,8,414
472075,472489,472497,8,414
472075,472495,472498,3,420
472075,472489,472498,9,414
472075,472468,472498,30,393
472075,472496,472498,2,421
472075,472496,472498,2,421
472075,472497,472499,2,422
472075,472495,472499,4,420
472075,472484,472498,14,409
472075,472476,472500,24,401
472075,472490,472500,10,415
472082,472498,472500,2,416
472075,472490,472501,11,415
472082,472499,472501,2,417
472075,472490,472501,11,415
472082,472498,472501,3,416
472082,472498,472501,3,416
472082,472499,472502,3,417
472082,472499,472501,2,417
472082,472499,472501,2,417
472075,472489,472502,13,414
472082,472499,472502,3,417
472082,472500,472507,7,418
472075,472467,472509,42,392
472082,472502,472515,13,420
472082,472507,472520,13,425
472082,472502,472520,18,420
472082,472502,472522,20,420
472082,472509,472523,14,427
472082,472502,472526,24,420
472082,472515,472527,12,433
472075,472420,472531,111,345
472082,472522,472534,12,440
472082,472521,472534,13,439
472082,472520,472534,14,438
472082,472501,472540,39,419
472082,472534,472540,6,452
472082,472501,472542,41,419
470606,471366,472546,1180,760
472082,472540,472548,8,458
472082,472501,472550,49,419
472082,472523,472553,30,441
472082,472527,472553,26,445
472082,472542,472554,12,460
472082,472540,472556,16,458
472082,472548,472557,9,466
472082,472531,472558,27,449
472082,472550,472558,8,468
472082,472503,472560,57,421
472082,472546,472561,15,464
472082,472553,472562,9,471
472082,472553,472562,9,471
472082,472558,472562,4,476
472082,472557,472562,5,475
472082,472556,472564,8,474
472082,472558,472564,6,476
472082,472501,472565,64,419
472082,472562,472565,3,480
472082,472562,472566,4,480
472082,472563,472566,3,481
472082,472554,472567,13,472
472082,472560,472567,7,478
472082,472534,472568,34,452
472082,472562,472567,5,480
472082,472563,472569,6,481
472082,472564,472570,6,482
472082,472566,472570,4,484
472082,472566,472570,4,484
472082,472567,472570,3,485
472082,472566,472570,4,484
472082,472565,472571,6,483
472082,472569,472572,3,487
472082,472568,472572,4,486
472082,472534,472572,38,452
472082,472569,472572,3,487
472082,472568,472571,3,486
472082,472564,472572,8,482
472306,472570,472573,3,264
472306,472570,472574,4,264
472306,472571,472573,2,265
472306,472570,472573,3,264
472306,472571,472573,2,265
472306,472572,472575,3,266
472306,472572,472574,2,266
472306,472572,472575,3,266
472075,472420,472577,157,345
472082,472503,472577,74,421
471105,471651,472578,927,546
472306,472572,472585,13,266
472082,472526,472586,60,444
472082,472501,472589,88,419
472306,472578,472593,15,272
471437,471731,472593,862,294
472306,472585,472597,12,279
472306,472586,472600,14,280
472082,472501,472602,101,419
472306,472589,472602,13,283
472306,472593,472604,11,287
472306,472593,472606,13,287
472306,472574,472607,33,268
472306,472607,472611,4,301
472306,472597,472611,14,291
472306,472577,472612,35,271
472306,472606,472613,7,300
472306,472604,472614,10,298
472306,472611,472617,6,305
472306,472611,472618,7,305
472306,472602,472620,18,296
472306,472574,472621,47,268
472075,472420,472624,204,345
472306,472602,472625,23,296
472306,472600,472627,27,294
472306,472614,472627,13,308
472306,472613,472629,16,307
472306,472627,472630,3,321
472306,472618,472630,12,312
472306,472617,472629,12,311
472306,472612,472631,19,306
472306,472627,472631,4,321
472306,472625,472632,7,319
472306,472620,472631,11,314
472306,472630,472633,3,324
472306,472629,472635,6,323
472306,472631,472635,4,325
472306,472632,472636,4,326
472306,472630,472636,6,324
472306,472630,472636,6,324
472306,472631,472636,5,325
472306,472577,472638,61,271
472306,472636,472638,2,330
472306,472636,472638,2,330
472306,472632,472638,6,326
472306,472633,472639,6,327
472306,472636,472639,3,330
472306,472635,472638,3,329
472306,472635,472639,4,329
472306,472638,472640,2,332
472306,472637,472640,3,331
472306,472638,472640,2,332
472340,472639,472641,2,299
472340,472640,472642,2,300
472340,472639,472642,3,299
472340,472639,472641,2,299
472340,472639,472642,3,299
472340,472639,472642,3,299
472340,472640,472643,3,300
472340,472641,472644,3,301
472306,472624,472645,21,318
472306,472621,472646,25,315
472340,472641,472648,7,301
470608,471466,472658,1192,858
472306,472572,472662,90,266
472340,472642,472668,26,302
472306,472575,472668,93,269
472340,472642,472674,32,302
472306,472574,472675,101,268
472340,472662,472675,13,322
472340,472668,472681,13,328
472340,472668,472682,14,328
472340,472674,472688,14,334
472340,472675,472689,14,335
472340,472675,472689,14,335
472306,472574,472688,114,268
472340,472681,472694,13,341
472340,472682,472695,13,342
472306,472576,472698,122,270
472340,472694,472703,9,354
472340,472698,472708,10,358
472340,472695,472709,14,355
472306,472573,472709,136,267
472340,472658,472711,53,318
472340,472689,472712,23,349
472340,472689,472712,23,349
472340,472688,472715,27,348
472340,472703,472716,13,363
472340,472709,472715,6,369
472340,472689,472719,30,349
472340,472709,472720,11,369
472340,472711,472722,11,371
472340,472712,472722,10,372
472340,472646,472722,76,306
472340,472719,472723,4,379
472340,472716,472723,7,376
472340,472712,472723,11,372
472340,472720,472724,4,380
472340,472715,472724,9,375
472340,472716,472723,7,376
472340,472723,472725,2,383
472340,472722,472726,4,382
472340,472723,472726,3,383
472340,472724,472727,3,384
472340,472708,472727,19,368
472340,472724,472727,3,384
472340,472722,472728,6,382
472340,472726,472728,2,386
472340,472724,472728,4,384
472340,472727,472729,2,387
472340,472722,472729,7,382
472340,472725,472728,3,385
472340,472726,472728,2,386
472340,472724,472730,6,384
472340,472727,472729,2,387
472340,472728,472730,2,388
472340,472727,472729,2,387
472381,472729,472731,2,348
472340,472728,472730,2,388
472381,472729,472730,1,348
472381,472730,472732,2,349
472381,472729,472732,3,348
472381,472730,472733,3,349
472381,472730,472732,2,349
472340,472642,472733,91,302
472381,472729,472732,3,348
472381,472730,472733,3,349
472306,472575,472740,165,269
472381,472731,472744,13,350
472340,472648,472745,97,308
472340,472646,472748,102,306
472381,472733,472764,31,352
472381,472744,472765,21,363
472381,472731,472766,35,350
472381,472740,472768,28,359
472381,472748,472769,21,367
472381,472733,472774,41,352
472381,472745,472778,33,364
472340,472644,472780,136,304
472306,472572,472781,209,266
472381,472733,472784,51,352
472381,472766,472787,21,385
472381,472784,472790,6,403
472381,472781,472791,10,400
472381,472765,472791,26,384
472381,472787,472791,4,406
472381,472791,472795,4,410
472381,472732,472798,66,351
472381,472765,472798,33,384
472381,472791,472799,8,410
472381,472790,472799,9,409
472381,472793,472799,6,412
472381,472770,472801,31,389
472381,472799,472802,3,418
472381,472799,472803,4,418
472381,472798,472803,5,417
472381,472768,472804,36,387
472381,472798,472804,6,417
472381,472799,472804,5,418
472381,472775,472806,31,394
472381,472795,472806,11,414
472381,472801,472807,6,420
472381,472803,472807,4,422
472381,472803,472807,4,422
472381,472802,472807,5,421
472381,472731,472807,76,350
472381,472807,472808,1,426
472381,472780,472809,29,399
472381,472807,472810,3,426
472381,472807,472810,3,426
472381,472808,472810,2,427
472381,472733,472811,78,352
472381,472806,472810,4,425
472381,472804,472811,7,423
472381,472809,472810,1,428
472381,472810,472811,1,429
472381,472806,472811,5,425
472381,472809,472812,3,428
472381,472810,472812,2,429
472381,472804,472812,8,423
472381,472807,472811,4,426
472381,472804,472812,8,423
472381,472810,472812,2,429
472381,472811,472814,3,430
472437,472811,472814,3,374
472437,472812,472815,3,375
472437,472811,472815,4,374
472381,472778,472814,36,397
472437,472812,472815,3,375
472437,472812,472815,3,375
472381,472811,472815,4,430
472437,472812,472816,4,375
472437,472812,472815,3,375
472437,472812,472815,3,375
472437,472813,472822,9,376
471578,471869,472828,959,291
472437,472814,472832,18,377
471034,471565,472835,1270,531
472437,472815,472835,20,378
472437,472814,472836,22,377
472381,472733,472838,105,352
472437,472816,472839,23,379
472340,472643,472840,197,303
472437,472815,472841,26,378
472437,472822,472842,20,385
472437,472832,472843,11,395
472437,472815,472843,28,378
472340,472643,472843,200,303
472437,472828,472844,16,391
472437,472815,472846,31,378
472340,472643,472847,204,303
472437,472843,472848,5,406
472437,472835,472849,14,398
472437,472839,472850,11,402
472437,472844,472852,8,407
472437,472843,472853,10,406
472437,472848,472854,6,411
472437,472816,472854,38,379
472437,472850,472854,4,413
472437,472849,472855,6,412
472437,472852,472855,3,415
472437,472835,472855,20,398
472437,472840,472856,16,403
472437,472846,472857,11,409
472437,472847,472857,10,410
472437,472855,472858,3,418
472437,472854,472859,5,417
472437,472855,472859,4,418
472437,472855,472860,5,418
472437,472856,472860,4,419
472437,472857,472861,4,420
472437,472858,472861,3,421
472437,472857,472862,5,420
472437,472838,472862,24,401
472437,472816,472863,47,379
472437,472859,472863,4,422
472437,472861,472863,2,424
472437,472854,472862,8,417
472437,472860,472863,3,423
472437,472859,472863,4,422
472437,472862,472864,2,425
472437,472854,472865,11,417
472437,472862,472865,3,425
472437,472843,472864,21,406
472437,472853,472866,13,416
472547,472863,472866,3,316
472437,472861,472866,5,424
472437,472863,472866,3,426
472437,472860,472866,6,423
472437,472863,472866,3,426
472437,472863,472867,4,426
472547,472865,472868,3,318
472437,472863,472868,5,426
472547,472865,472868,3,318
472547,472866,472869,3,319
472547,472865,472869,4,318
472547,472865,472869,4,318
472547,472866,472870,4,319
472547,472866,472870,4,319
472437,472841,472872,31,404
472381,472732,472871,139,351
472437,472836,472883,47,399
472547,472866,472884,18,319
472547,472872,472885,13,325
472547,472870,472886,16,323
472547,472870,472887,17,323
472437,472842,472890,48,405
472437,472815,472891,76,378
472547,472872,472892,20,325
472547,472868,472892,24,321
472547,472869,472892,23,322
472547,472870,472893,23,323
472547,472869,472894,25,322
472547,472884,472894,10,337
472547,472883,472897,14,336
472547,472887,472899,12,340
472547,472892,472900,8,345
472547,472892,472902,10,345
472547,472894,472902,8,347
472547,472867,472903,36,320
472547,472885,472903,18,338
472547,472900,472904,4,353
472547,472897,472904,7,350
472547,472890,472907,17,343
472547,472892,472907,15,345
472547,472868,472908,40,321
472547,472886,472908,22,339
472547,472904,472909,5,357
472547,472903,472908,5,356
472547,472902,472909,7,355
472547,472903,472909,6,356
472547,472905,472911,6,358
472547,472902,472911,9,355
472547,472907,472911,4,360
472547,472909,472911,2,362
472547,472899,472910,11,352
472547,472907,472910,3,360
472547,472908,472913,5,361
472547,472909,472913,4,362
472437,472815,472914,99,378
472547,472908,472914,6,361
472547,472909,472915,6,362
472547,472911,472915,4,364
472547,472911,472914,3,364
472547,472909,472915,6,362
472547,472867,472916,49,320
472547,472911,472916,5,364
472547,472911,472916,5,364
472547,472911,472917,6,364
472547,472912,472916,4,365
472547,472914,472916,2,367
472547,472913,472919,6,366
472547,472915,472919,4,368
472547,472893,472919,26,346
472547,472913,472919,6,366
472547,472915,472919,4,368
472547,472914,472920,6,367
472579,472915,472920,5,336
472547,472894,472921,27,347
472579,472916,472921,5,337
472579,472919,472922,3,340
472579,472916,472922,6,337
472579,472917,472922,5,338
472547,472893,472923,30,346
472579,472917,472922,5,338
472579,472916,472923,7,337
472579,472917,472924,7,338
472579,472919,472931,12,340
472579,472922,472936,14,343
472579,472921,472936,15,342
472579,472922,472942,20,343
472579,472936,472945,9,357
472579,472936,472947,11,357
472579,472945,472950,5,366
472579,472942,472952,10,363
472579,472923,472953,30,344
472579,472947,472956,9,368
472547,472868,472956,88,321
472579,472921,472958,37,342
472579,472950,472959,9,371
472547,472868,472959,91,321
472579,472952,472961,9,373
472579,472953,472963,10,374
472579,472931,472965,34,352
472579,472923,472968,45,344
472579,472963,472970,7,384
472579,472959,472970,11,380
472579,472922,472970,48,343
472579,472956,472971,15,377
472579,472956,472971,15,377
472579,472924,472973,49,345
472579,472965,472973,8,386
472579,472959,472974,15,380
472579,472970,472975,5,391
472579,472970,472975,5,391
472579,472919,472974,55,340
472579,472975,472977,2,396
472579,472961,472977,16,382
472579,472974,472977,3,395
472579,472970,472978,8,391
472579,472958,472978,20,379
472579,472971,472977,6,392
472579,472968,472978,10,389
472579,472975,472979,4,396
472579,472975,472978,3,396
472579,472973,472980,7,394
472579,472973,472980,7,394
472579,472977,472980,3,398
472579,472977,472981,4,398
472579,472977,472981,4,398
472579,472978,472981,3,399
472579,472979,472982,3,400
472579,472971,472981,10,392
472579,472980,472982,2,401
472579,472979,472982,3,400
472579,472978,472982,4,399
472579,472981,472983,2,402
472579,472980,472983,3,401
472579,472980,472982,2,401
472593,472981,472984,3,388
472593,472982,472983,1,389
472593,472983,472984,1,390
472593,472981,472984,3,388
472593,472982,472984,2,389
472593,472982,472985,3,389
472579,472978,472985,7,399
472593,472982,472985,3,389
472593,472982,472985,3,389
472593,472983,472990,7,390
472579,472923,472990,67,344
472579,472919,472990,71,340
472593,472991,473004,13,398
472593,472985,473009,24,392
472593,472985,473015,30,392
472593,473004,473021,17,411
472593,473009,473029,20,416
472593,472984,473038,54,391
472593,473015,473038,23,422
471555,471794,473039,1245,239
472593,473039,473046,7,446
472593,473038,473047,9,445
472593,473038,473047,9,445
472593,472984,473048,64,391
472593,472990,473048,58,397
472593,473021,473050,29,428
472593,473029,473051,22,436
472593,473046,473053,7,453
472593,473047,473053,6,454
472593,473050,473053,3,457
472593,473048,473055,7,455
472593,473047,473055,8,454
472593,472984,473058,74,391
472593,472990,473058,68,397
472593,473053,473058,5,460
472593,473050,473059,9,457
472593,473055,473060,5,462
472593,473056,473060,4,463
472593,473053,473059,6,460
472593,472985,473059,74,392
472593,473058,473061,3,465
472593,472985,473063,78,392
472593,473059,473062,3,466
472593,473060,473063,3,467
472593,473059,473063,4,466
472593,473053,473063,10,460
472593,473058,473064,6,465
472593,473060,473064,4,467
472593,473061,473063,2,468
472593,473051,473065,14,458
472593,473060,473065,5,467
472593,473064,473066,2,471
472593,473061,473065,4,468
472593,473063,473066,3,470
472593,473066,473067,1,473
472593,473063,473066,3,470
472593,473064,473067,3,471
472593,473063,473068,5,470
472593,473064,473068,4,471
472593,473065,473068,3,472
472593,473067,473069,2,474
472593,473065,473069,4,472
472593,473066,473069,3,473
472593,473063,473069,6,470
472593,473063,473069,6,470
472659,473067,473070,3,408
472659,473067,473070,3,408
472659,473068,473071,3,409
472659,473068,473070,2,409
472659,473069,473071,2,410
472659,473069,473072,3,410
472659,473069,473071,2,410
472593,472984,473072,88,391
472659,473068,473071,3,409
472659,473070,473089,19,411
472659,473072,473091,19,413
472659,473072,473091,19,413
472659,473070,473096,26,411
471590,471932,473099,1167,342
472659,473072,473100,28,413
472659,473096,473104,8,437
472659,473071,473108,37,412
472659,473072,473109,37,413
472659,473091,473110,19,432
472659,473070,473110,40,411
472593,472984,473112,128,391
472579,472920,473112,192,341
472659,473090,473114,24,431
472659,473112,473116,4,453
472659,473108,473117,9,449
472579,472920,473117,197,341
472659,473099,473118,19,440
472659,473104,473118,14,445
472659,473072,473118,46,413
472659,473110,473118,8,451
472659,473112,473120,8,453
472659,473114,473120,6,455
472659,473116,473120,4,457
472659,473117,473121,4,458
472659,473118,473123,5,459
472659,473118,473122,4,459
472659,473100,473123,23,441
472659,473120,473124,4,461
472659,473120,473125,5,461
472659,473110,473124,14,451
472659,473119,473125,6,460
472659,473123,473125,2,464
472659,473121,473126,5,462
472659,473117,473125,8,458
472659,473118,473126,8,459
472579,472920,473127,207,341
472659,473123,473127,4,464
472659,473110,473127,17,451
472659,473126,473128,2,467
472659,473121,473127,6,462
472659,473124,473127,3,465
472659,473125,473128,3,466
472659,473128,473130,2,469
472659,473126,473130,4,467
472659,473127,473130,3,468
472659,473125,473129,4,466
472593,472984,473130,146,391
472659,473127,473130,3,468
472659,473126,473132,6,467
472659,473128,473133,5,469
472659,473127,473133,6,468
472659,473124,473133,9,465
472659,473129,473132,3,470
472659,473129,473134,5,470
472659,473091,473134,43,432
472659,473125,473134,9,466
472829,473130,473135,5,301
472829,473133,473135,2,304
472659,473130,473135,5,471
472659,473130,473134,4,471
472829,473133,473135,2,304
472829,473131,473135,4,302
472829,473131,473136,5,302
472659,473125,473135,10,466
472829,473133,473135,2,304
472829,473132,473135,3,303
472829,473134,473137,3,305
472829,473134,473143,9,305
472829,473138,473146,8,309
472829,473136,473148,12,307
472829,473136,473161,25,307
472829,473136,473162,26,307
472829,473134,473162,28,305
472829,473148,473165,17,319
472829,473162,473166,4,333
472829,473135,473170,35,306
472829,473165,473172,7,336
472829,473162,473173,11,333
472829,473166,473177,11,337
472829,473135,473178,43,306
472829,473173,473178,5,344
472829,473136,473180,44,307
472829,473170,473180,10,341
472829,473143,473180,37,314
472659,473070,473182,112,411
472829,473172,473183,11,343
472829,473177,473184,7,348
472829,473161,473185,24,332
472829,473180,473190,10,351
472829,473136,473191,55,307
472829,473180,473190,10,351
472829,473178,473192,14,349
472829,473184,473193,9,355
472829,473191,473194,3,362
472829,473183,473194,11,354
472829,473186,473195,9,357
472829,473182,473195,13,353
472829,473191,473196,5,362
472829,473135,473196,61,306
472829,473192,473197,5,363
472829,473195,473197,2,366
472829,473193,473198,5,364
472829,473196,473198,2,367
472829,473135,473198,63,306
472829,473194,473197,3,365
472829,473178,473199,21,349
472829,473196,473200,4,367
472829,473195,473199,4,366
472829,473194,473199,5,365
472829,473198,473199,1,369
472829,473135,473200,65,306
472829,473197,473199,2,368
472829,473190,473199,9,361
472829,473198,473199,1,369
472829,473198,473201,3,369
472829,473199,473201,2,370
472829,473198,473201,3,369
472829,473197,473200,3,368
472829,473200,473202,2,371
472829,473180,473201,21,351
472829,473200,473202,2,371
472829,473200,473203,3,371
472836,473201,473203,2,365
472836,473201,473202,1,365
472836,473200,473203,3,364
472836,473200,473203,3,364
472836,473201,473204,3,365
472836,473201,473204,3,365
472836,473201,473204,3,365
472836,473201,473204,3,365
472836,473202,473209,7,366
472829,473134,473214,80,305
472659,473071,473222,151,412
472836,473204,473224,20,368
472836,473203,473225,22,367
472829,473146,473233,87,317
472836,473202,473237,35,366
472836,473225,473239,14,389
472836,473222,473242,20,386
472836,473233,473245,12,397
472836,473224,473248,24,388
472836,473237,473249,12,401
471699,472009,473249,1240,310
472836,473214,473253,39,378
472836,473249,473253,4,413
472836,473249,473254,5,413
472836,473209,473254,45,373
472836,473239,473254,15,403
472836,473248,473257,9,412
472836,473254,473259,5,418
472836,473253,473259,6,417
472836,473254,473262,8,418
472836,473245,473262,17,409
472836,473259,473266,7,423
472836,473253,473267,14,417
472836,473259,473268,9,423
472836,473262,473268,6,426
472836,473243,473269,26,407
472836,473262,473271,9,426
472836,473257,473270,13,421
472836,473266,473273,7,430
472836,473268,473273,5,432
472836,473268,473275,7,432
472836,473267,473276,9,431
472836,473273,473276,3,437
472836,473273,473278,5,437
472836,473269,473278,9,433
472836,473276,473279,3,440
472836,473271,473280,9,435
472836,473278,473280,2,442
472836,473255,473280,25,419
472836,473276,473281,5,440
472836,473279,473281,2,443
472836,473275,473280,5,439
472836,473271,473281,10,435
472836,473278,473282,4,442
472836,473280,473283,3,444
472836,473281,473283,2,445
472836,473280,473283,3,444
473040,473282,473284,2,242
472836,473281,473285,4,445
472836,473280,473284,4,444
472836,473281,473284,3,445
473040,473283,473285,2,243
473040,473283,473284,1,243
473040,473284,473287,3,244
473040,473283,473286,3,243
473040,473285,473288,3,245
473040,473285,473287,2,245
473040,473285,473288,3,245
473040,473285,473289,4,245
471756,472076,473299,1223,320
472836,473203,473302,99,367
471845,472163,473307,1144,318
473040,473286,473307,21,246
472836,473204,473308,104,368
472836,473202,473311,109,366
473040,473308,473313,5,268
473040,473311,473318,7,271
473040,473307,473318,11,267
473040,473314,473323,9,274
473040,473302,473330,28,262
472836,473203,473332,129,367
473040,473288,473335,47,248
473040,473318,473335,17,278
473040,473318,473337,19,278
473040,473307,473337,30,267
473040,473288,473341,53,248
473040,473337,473341,4,297
473040,473338,473342,4,298
473040,473335,473343,8,295
473040,473335,473344,9,295
473040,473341,473344,3,301
473040,473323,473344,21,283
473040,473342,473346,4,302
473040,473343,473347,4,303
473040,473342,473350,8,302
473040,473332,473351,19,292
473040,473344,473353,9,304
473040,473344,473354,10,304
473040,473330,473355,25,290
473040,473347,473355,8,307
473040,473300,473356,56,260
473040,473350,473356,6,310
473040,473354,473358,4,314
473040,473353,473357,4,313
473040,473347,473358,11,307
473040,473355,473359,4,315
473040,473355,473359,4,315
472836,473203,473359,156,367
473040,473344,473360,16,304
473040,473351,473360,9,311
473040,473356,473359,3,316
473040,473356,473360,4,316
473040,473359,473362,3,319
473040,473359,473362,3,319
473040,473358,473362,4,318
473040,473358,473363,5,318
473040,473359,473363,4,319
473040,473360,473363,3,320
472836,473205,473364,159,369
473040,473358,473364,6,318
472836,473203,473364,161,367
473040,473360,473365,5,320
473040,473362,473366,4,322
473040,473362,473366,4,322
473040,473289,473366,77,249
473040,473360,473365,5,320
473040,473362,473366,4,322
473040,473363,473367,4,323
473040,473363,473367,4,323
473100,473364,473367,3,264
473100,473364,473366,2,264
473100,473366,473367,1,266
473100,473364,473367,3,264
473100,473366,473367,1,266
473040,473361,473368,7,321
473100,473366,473369,3,266
473040,473289,473369,80,249
473100,473365,473368,3,265
473100,473366,473369,3,266
473040,473287,473370,83,247
473100,473370,473376,6,270
473100,473367,473378,11,267
473100,473371,473379,8,271
473100,473376,473386,10,276
473040,473287,473387,100,247
473100,473367,473388,21,267
473100,473367,473390,23,267
473100,473369,473390,21,269
473100,473367,473393,26,267
473100,473390,473399,9,290
473100,473386,473399,13,286
473100,473388,473400,12,288
473100,473399,473403,4,299
473100,473379,473403,24,279
473100,473391,473403,12,291
473100,473369,473405,36,269
473100,473393,473406,13,293
473100,473389,473406,17,289
473100,473399,473407,8,299
473100,473379,473409,30,279
472836,473204,473414,210,368
473100,473406,473415,9,306
473100,473407,473415,8,307
473100,473400,473418,18,300
473100,473367,473419,52,267
473100,473405,473420,15,305
473100,473406,473420,14,306
473100,473415,473421,6,315
473100,473418,473424,6,318
473100,473415,473425,10,315
473100,473414,473426,12,314
473100,473410,473427,17,310
473100,473403,473428,25,303
473100,473368,473428,60,268
473100,473424,473428,4,324
473100,473419,473428,9,319
473100,473420,473429,9,320
473100,473403,473429,26,303
473100,473420,473430,10,320
473100,473421,473429,8,321
473100,473428,473430,2,328
473100,473428,473431,3,328
473100,473426,473431,5,326
473100,473425,473430,5,325
473100,473428,473432,4,328
473100,473429,473432,3,329
473100,473430,473432,2,330
473100,473430,473433,3,330
473100,473431,473433,2,331
473100,473427,473433,6,327
473100,473429,473432,3,329
473250,473432,473434,2,182
473100,473430,473433,3,330
473100,473403,473434,31,303
473250,473431,473434,3,181
473250,473433,473435,2,183
473250,473432,473435,3,182
473100,473428,473434,6,328
473250,473433,473434,1,183
473250,473433,473435,2,183
473250,473433,473436,3,183
473250,473433,473437,4,183
473100,473369,473437,68,269
473250,473434,473441,7,184
472076,472497,473443,946,421
473250,473443,473449,6,193
473100,473369,473450,81,269
473250,473441,473452,11,191
473250,473436,473453,17,186
473250,473434,473454,20,184
473250,473449,473453,4,199
473250,473450,473455,5,200
473250,473452,473459,7,202
473250,473453,473460,7,203
473250,473435,473460,25,185
473250,473454,473463,9,204
473250,473436,473465,29,186
473250,473438,473465,27,188
473250,473463,473468,5,213
473250,473460,473468,8,210
473250,473436,473468,32,186
473250,473459,473468,9,209
473250,473456,473470,14,206
473250,473454,473470,16,204
473250,473460,473472,12,210
473250,473465,473473,8,215
473250,473465,473480,15,215
473250,473437,473482,45,187
473250,473434,473483,49,184
473250,473468,473482,14,218
473250,473468,473484,16,218
473250,473469,473484,15,219
473250,473470,473486,16,220
473250,473473,473487,14,223
473250,473472,473486,14,222
473250,473468,473488,20,218
473250,473471,473488,17,221
473250,473487,473489,2,237
473250,473484,473491,7,234
473250,473488,473491,3,238
473250,473483,473491,8,233
473250,473489,473492,3,239
473250,473490,473493,3,240
473250,473491,473493,2,241
473250,473491,473495,4,241
473250,473491,473495,4,241
473250,473486,473495,9,236
473250,473480,473495,15,230
473250,473492,473496,4,242
473250,473493,473497,4,243
473250,473494,473497,3,244
473250,473482,473496,14,232
473250,473487,473497,10,237
473250,473483,473498,15,233
473250,473434,473497,63,184
473250,473495,473499,4,245
473300,473496,473499,3,196
471872,472256,473499,1243,384
473300,473497,473499,2,197
473300,473497,473498,1,197
473300,473497,473500,3,197
473250,473495,473500,5,245
473250,473495,473499,4,245
473300,473498,473501,3,198
473300,473497,473500,3,197
473300,473498,473501,3,198
473300,473499,473501,2,199
473250,473486,473505,19,236
473300,473499,473513,14,199
473300,473513,473524,11,213
473300,473505,473524,19,205
473100,473368,473532,164,268
473300,473525,473532,7,225
473300,473524,473534,10,224
473100,473367,473534,167,267
473300,473502,473536,34,202
473300,473501,473537,36,201
473300,473502,473537,35,202
473300,473532,473539,7,232
473300,473532,473545,13,232
473300,473536,473549,13,236
473300,473538,473551,13,238
473300,473535,473551,16,235
473300,473499,473552,53,199
473300,473538,473552,14,238
473300,473549,473553,4,249
472306,472638,473553,915,332
473300,473545,473553,8,245
473300,473534,473554,20,234
473300,473551,473555,4,251
473300,473551,473555,4,251
473300,473552,473557,5,252
473300,473553,473556,3,253
473300,473553,473558,5,253
473300,473553,473560,7,253
473300,473539,473560,21,239
473300,473555,473564,9,255
473300,473555,473564,9,255
473300,473553,473563,10,253
471881,472331,473564,1233,450
473300,473560,473564,4,260
473300,473554,473565,11,254
473300,473557,473567,10,257
473300,473564,473567,3,264
473300,473564,473568,4,264
473300,473501,473568,67,201
473300,473560,473568,8,260
473300,473567,473569,2,267
473300,473564,473570,6,264
473300,473567,473569,2,267
473300,473568,473570,2,268
473300,473557,473569,12,257
473300,473565,473571,6,265
473300,473568,473571,3,268
473300,473500,473571,71,200
473300,473569,473571,2,269
473300,473569,473573,4,269
473300,473564,473575,11,264
473300,473558,473575,17,258
473250,473435,473575,140,185
473300,473564,473575,11,264
473300,473570,473576,6,270
473300,473570,473578,8,270
473300,473570,473579,9,270
473307,473575,473578,3,268
473300,473570,473579,9,270
473307,473576,473579,3,269
473307,473571,473582,11,264
473307,473573,473583,10,266
473307,473573,473583,10,266
473307,473571,473583,12,264
473307,473575,473584,9,268
473307,473576,473584,8,269
473307,473575,473584,9,268
473250,473435,473587,152,185
473307,473585,473591,6,278
473307,473587,473598,11,280
473307,473583,473599,16,276
473307,473591,473602,11,284
473307,473580,473602,22,273
473307,473584,473602,18,277
473307,473584,473604,20,277
473307,473604,473607,3,297
473307,473603,473608,5,296
473300,473500,473610,110,200
473307,473578,473609,31,271
473307,473579,473610,31,272
473307,473582,473610,28,275
473307,473580,473610,30,273
473307,473607,473612,5,300
473307,473598,473612,14,291
473307,473599,473613,14,292
473307,473610,473613,3,303
473307,473610,473614,4,303
473300,473499,473615,116,199
473307,473602,473615,13,295
473307,473611,473614,3,304
473307,473612,473616,4,305
473307,473610,473616,6,303
473307,473612,473617,5,305
473307,473613,473618,5,306
473307,473610,473618,8,303
473307,473613,473620,7,306
473307,473583,473621,38,276
473307,473614,473620,6,307
473307,473618,473622,4,311
473307,473620,473623,3,313
473307,473608,473623,15,301
473307,473584,473623,39,277
473307,473622,473625,3,315
473307,473615,473625,10,308
473307,473615,473626,11,308
473307,473623,473625,2,316
473307,473602,473627,25,295
473307,473619,473627,8,312
473307,473623,473627,4,316
473307,473615,473627,12,308
473307,473616,473627,11,309
473307,473625,473628,3,318
473307,473626,473629,3,319
473307,473626,473628,2,319
473307,473617,473629,12,310
473307,473621,473629,8,314
473307,473624,473630,6,317
473307,473623,473630,7,316
473307,473617,473630,13,310
473307,473625,473630,5,318
473307,473627,473631,4,320
473307,473628,473631,3,321
473307,473627,473632,5,320
473444,473629,473631,2,185
473444,473628,473632,4,184
473307,473627,473632,5,320
473444,473629,473633,4,185
473444,473629,473633,4,185
473444,473629,473633,4,185
473444,473630,473633,3,186
473444,473630,473634,4,186
473444,473631,473635,4,187
473444,473631,473638,7,187
473444,473636,473641,5,192
473300,473499,473641,142,199
473444,473638,473644,6,194
473444,473634,473644,10,190
472341,472729,473648,919,388
473444,473644,473649,5,200
473444,473641,473649,8,197
473444,473641,473654,13,197
473444,473631,473654,23,187
473444,473649,473655,6,205
473444,473648,473655,7,204
473307,473579,473657,78,272
473444,473644,473657,13,200
473444,473631,473658,27,187
473444,473654,473662,8,210
473444,473650,473662,12,206
473444,473654,473664,10,210
473444,473664,473665,1,220
473444,473633,473666,33,189
473444,473662,473665,3,218
473444,473665,473668,3,221
473444,473664,473668,4,220
473444,473658,473669,11,214
473444,473657,473669,12,213
473444,473666,473669,3,222
473444,473666,473668,2,222
473444,473668,473670,2,224
473444,473655,473671,16,211
473444,473657,473671,14,213
473444,473669,473673,4,225
473444,473669,473674,5,225
473444,473655,473674,19,211
473444,473669,473675,6,225
473444,473670,473677,7,226
473444,473668,473678,10,224
473444,473671,473678,7,227
473444,473671,473679,8,227
473444,473632,473680,48,188
473444,473673,473680,7,229
473444,473674,473681,7,230
473444,473675,473682,7,231
473444,473678,473682,4,234
473444,473678,473682,4,234
473444,473677,473682,5,233
473444,473674,473682,8,230
473444,473671,473682,11,227
473444,473682,473684,2,238
473500,473682,473684,2,182
473444,473682,473685,3,238
473444,473679,473684,5,235
473500,473683,473684,1,183
473500,473684,473685,1,184
473500,473683,473686,3,183
473444,473680,473685,5,236
473500,473684,473685,1,184
473500,473685,473687,2,185
473500,473685,473687,2,185
473300,473500,473688,188,200
473444,473680,473688,8,236
473500,473685,473688,3,185
473444,473681,473689,8,237
473500,473685,473693,8,185
473444,473633,473694,61,189
472068,472415,473695,1280,347
473444,473632,473704,72,188
473500,473686,473705,19,186
473500,473688,473708,20,188
473444,473632,473711,79,188
473500,473705,473712,7,205
473500,473694,473712,18,194
473500,473704,473714,10,204
473444,473633,473715,82,189
473500,473708,473715,7,208
473500,473695,473715,20,195
473500,473693,473716,23,193
473444,473632,473717,85,188
473500,473688,473717,29,188
473444,473633,473718,85,189
473500,473686,473720,34,186
473500,473689,473722,33,189
473500,473719,473722,3,219
473500,473686,473723,37,186
473500,473715,473724,9,215
473500,473715,473724,9,215
473500,473722,473725,3,222
473500,473714,473726,12,214
473500,473715,473726,11,215
473500,473712,473727,15,212
473500,473718,473727,9,218
473500,473720,473728,8,220
473500,473711,473729,18,211
473500,473723,473728,5,223
473500,473724,473729,5,224
473500,473722,473729,7,222
473500,473724,473730,6,224
473500,473716,473730,14,216
473500,473725,473730,5,225
473500,473728,473732,4,228
473500,473727,473732,5,227
473500,473688,473733,45,188
473500,473688,473733,45,188
473500,473730,473732,2,230
473500,473731,473733,2,231
473500,473731,473733,2,231
473500,473729,473733,4,229
473500,473727,473734,7,227
473500,473729,473734,5,229
473500,473732,473733,1,232
473500,473732,473734,2,232
473500,473734,473735,1,234
473500,473733,473736,3,233
473500,473734,473736,2,234
473500,473734,473736,2,234
473500,473729,473736,7,229
473500,473733,473737,4,233
473500,473733,473737,4,233
473554,473735,473737,2,181
473554,473736,473738,2,182
473500,473733,473738,5,233
473500,473733,473737,4,233
473554,473736,473738,2,182
473500,473729,473737,8,229
473554,473736,473737,1,182
473554,473736,473738,2,182
473554,473736,473739,3,182
473500,473726,473738,12,226
473554,473737,473739,2,183
473500,473726,473740,14,226
473554,473737,473739,2,183
473500,473717,473740,23,217
473500,473712,473742,30,212
473500,473687,473742,55,187
473554,473740,473744,4,186
473554,473740,473746,6,186
473554,473742,473747,5,188
473554,473741,473749,8,187
473554,473739,473749,10,185
473554,473737,473749,12,183
473554,473747,473751,4,193
473554,473749,473752,3,195
473554,473742,473752,10,188
473554,473746,473753,7,192
473554,473744,473754,10,190
473554,473749,473753,4,195
473554,473749,473755,6,195
473554,473751,473758,7,197
473554,473752,473758,6,198
473554,473738,473758,20,184
473554,473754,473758,4,200
473554,473752,473759,7,198
473554,473755,473759,4,201
473554,473758,473759,1,204
473554,473758,473761,3,204
473554,473758,473761,3,204
473554,473758,473760,2,204
473554,473760,473762,2,206
473554,473759,473761,2,205
473554,473760,473762,2,206
473554,473739,473763,24,185
473554,473754,473762,8,200
473554,473761,473764,3,207
473554,473761,473764,3,207
473554,473762,473765,3,208
473554,473753,473765,12,199
473554,473761,473764,3,207
473554,473762,473765,3,208
472082,472570,473766,1196,488
473554,473762,473766,4,208
473554,473764,473766,2,210
473554,473739,473766,27,185
473554,473764,473767,3,210
473554,473765,473768,3,211
473554,473766,473768,2,212
473554,473766,473769,3,212
473554,473738,473769,31,184
473554,473765,473768,3,211
473554,473765,473768,3,211
473554,473763,473769,6,209
473554,473765,473770,5,211
473554,473767,473769,2,213
473554,473768,473770,2,214
473564,473769,473771,2,205
473554,473766,473770,4,212
473554,473768,473770,2,214
473564,473769,473770,1,205
473554,473764,473772,8,210
473564,473770,473771,1,206
473564,473769,473771,2,205
473564,473769,473771,2,205
473564,473770,473772,2,206
473564,473770,473772,2,206
473564,473770,473773,3,206
473564,473771,473779,8,207
473554,473739,473781,42,185
473554,473738,473781,43,184
473554,473738,473784,46,184
473564,473781,473791,10,217
473564,473784,473791,7,220
473564,473779,473792,13,215
473564,473781,473793,12,217
473554,473738,473793,55,184
473564,473791,473804,13,227
473554,473738,473804,66,184
473564,473791,473806,15,227
473564,473771,473816,45,207
473564,473774,473818,44,210
473564,473792,473817,25,228
473564,473806,473819,13,242
473564,473794,473820,26,230
473564,473793,473820,27,229
473564,473773,473823,50,209
473564,473820,473824,4,256
473564,473819,473826,7,255
473564,473824,473826,2,260
473564,473823,473826,3,259
473564,473773,473828,55,209
473564,473826,473829,3,262
473564,473826,473829,3,262
473564,473820,473829,9,256
473564,473827,473830,3,263
473564,473804,473830,26,240
473564,473772,473833,61,208
473564,473804,473833,29,240
473564,473828,473834,6,264
473564,473829,473834,5,265
473564,473831,473835,4,267
473564,473831,473836,5,267
473564,473817,473836,19,253
473564,473829,473836,7,265
473564,473835,473838,3,271
473564,473836,473838,2,272
473564,473836,473838,2,272
473564,473836,473839,3,272
473564,473835,473838,3,271
473564,473833,473840,7,269
473564,473829,473841,12,265
473564,473838,473841,3,274
473564,473834,473842,8,270
473564,473833,473842,9,269
473564,473839,473842,3,275
473564,473838,473841,3,274
473564,473839,473841,2,275
473564,473840,473841,1,276
473564,473841,473843,2,277
473564,473841,473844,3,277
473649,473842,473844,2,193
473564,473818,473844,26,254
473564,473838,473844,6,274
473649,473843,473844,1,194
473649,473843,473844,1,194
473649,473843,473844,1,194
473649,473843,473845,2,194
473649,473844,473846,2,195
473649,473843,473845,2,194
473649,473844,473847,3,195
473564,473818,473855,37,254
473649,473845,473859,14,196
473564,473773,473865,92,209
473649,473845,473877,32,196
473649,473865,473881,16,216
473649,473859,473884,25,210
473564,473771,473888,117,207
473649,473845,473889,44,196
473649,473845,473890,45,196
473649,473846,473890,44,197
473649,473845,473893,48,196
473649,473889,473894,5,240
473649,473884,473895,11,235
473649,473845,473896,51,196
473649,473890,473896,6,241
473649,473888,473897,9,239
473649,473890,473897,7,241
473649,473855,473897,42,206
473649,473893,473899,6,244
473564,473772,473904,132,208
473649,473896,473904,8,247
473649,473896,473905,9,247
473649,473894,473905,11,245
473649,473905,473907,2,256
473649,473906,473908,2,257
473649,473881,473908,27,232
473649,473895,473909,14,246
473649,473904,473909,5,255
473649,473904,473909,5,255
473649,473897,473910,13,248
473649,473908,473909,1,259
473649,473908,473909,1,259
473649,473897,473911,14,248
473649,473908,473912,4,259
473649,473909,473912,3,260
473649,473909,473912,3,260
473649,473909,473912,3,260
473649,473899,473913,14,250
473649,473910,473914,4,261
473649,473911,473913,2,262
473649,473913,473915,2,264
473649,473911,473915,4,262
473649,473912,473915,3,263
473649,473912,473915,3,263
473649,473914,473915,1,265
473649,473914,473916,2,265
473649,473912,473916,4,263
473649,473912,473916,4,263
473649,473915,473916,1,266
473649,473911,473918,7,262
473649,473916,473917,1,267
473649,473915,473918,3,266
473649,473916,473917,1,267
473649,473916,473918,2,267
473649,473915,473919,4,266
473649,473915,473919,4,266
473696,473917,473919,2,221
473649,473897,473920,23,248
473696,473918,473920,2,222
473696,473918,473921,3,222
473696,473919,473921,2,223
473696,473918,473920,2,222
473696,473918,473920,2,222
473696,473919,473921,2,223
473696,473919,473922,3,223
473564,473773,473923,150,209
473564,473771,473926,155,207
473649,473877,473926,49,228
473696,473926,473935,9,230
473696,473920,473937,17,224
473649,473846,473937,91,197
473696,473935,473938,3,239
473696,473937,473941,4,241
473649,473847,473942,95,198
473696,473938,473944,6,242
473696,473938,473946,8,242
473696,473920,473947,27,224
473696,473942,473947,5,246
473696,473941,473947,6,245
473696,473944,473951,7,248
473696,473926,473951,25,230
473696,473946,473955,9,250
473696,473920,473955,35,224
473696,473947,473960,13,251
473696,473947,473962,15,251
473696,473962,473967,5,266
473696,473967,473970,3,271
473696,473960,473970,10,264
473696,473951,473972,21,255
473696,473970,473971,1,274
473696,473970,473973,3,274
473696,473955,473975,20,259
473696,473972,473975,3,276
473696,473972,473975,3,276
473696,473947,473976,29,251
473696,473973,473976,3,277
473696,473955,473977,22,259
473696,473976,473979,3,280
473696,473976,473979,3,280
473696,473979,473982,3,283
473696,473977,473982,5,281
473696,473975,473982,7,279
473696,473975,473984,9,279
473696,473982,473984,2,286
473696,473951,473984,33,255
473696,473982,473984,2,286
473696,473982,473984,2,286
473696,473979,473989,10,283
473696,473984,473991,7,288
473696,473975,473991,16,279
473696,473991,473994,3,295
473696,473984,473995,11,288
473696,473989,473995,6,293
473696,473984,473995,11,288
473696,473984,473995,11,288
473696,473984,473995,11,288
472594,473067,473996,929,473
473696,473991,473996,5,295
473696,473994,473997,3,298
473696,473921,473996,75,225
473766,473995,473997,2,229
473766,473996,473998,2,230
473766,473995,473998,3,229
473696,473995,473998,3,299
473766,473996,473998,2,230
473766,473995,473999,4,229
473766,473997,473999,2,231
473766,473997,473999,2,231
473766,473998,474001,3,232
473766,473998,474008,10,232
473766,473998,474017,19,232
473696,473921,474018,97,225
473696,473921,474017,96,225
473696,473923,474018,95,227
473766,474018,474022,4,252
473766,474019,474023,4,253
473766,474000,474027,27,234
472381,472811,474027,1216,430
473766,474022,474029,7,256
473766,474018,474031,13,252
473766,474001,474032,31,235
473766,473998,474033,35,232
473766,474027,474033,6,261
473766,474008,474035,27,242
473766,474023,474036,13,257
473766,474027,474036,9,261
473766,474035,474038,3,269
473766,474034,474039,5,268
473766,474033,474041,8,267
473766,474036,474041,5,270
473766,474032,474043,11,266
473766,474037,474043,6,271
473766,474041,474045,4,275
473696,473921,474045,124,225
473766,474029,474044,15,263
473766,474043,474044,1,277
473766,474044,474046,2,278
473766,474045,474048,3,279
473766,474046,474048,2,280
473766,474045,474047,2,279
473766,474000,474049,49,234
473766,474041,474049,8,275
473766,474045,474048,3,279
473766,474046,474048,2,280
473766,474048,474050,2,282
473766,474048,474051,3,282
473766,474049,474051,2,283
473766,474048,474052,4,282
473766,474049,474053,4,283
473766,474049,474053,4,283
473766,474050,474053,3,284
473766,474050,474054,4,284
473766,474051,474053,2,285
473766,474051,474055,4,285
473766,474052,474054,2,286
473766,474053,474056,3,287
473766,474054,474056,2,288
473766,474054,474056,2,288
473766,474053,474055,2,287
473766,474053,474057,4,287
473766,474055,474057,2,289
473766,474056,474058,2,290
473766,474055,474057,2,289
473997,474056,474058,2,59
473766,474056,474057,1,290
473997,474057,474059,2,60
473766,474018,474059,41,252
473997,474057,474058,1,60
473997,474058,474060,2,61
473766,474038,474060,22,272
473997,474058,474060,2,61
473997,474058,474060,2,61
473997,474058,474060,2,61
473997,474059,474062,3,62
473766,474031,474067,36,265
473766,473999,474069,70,233
473997,474060,474073,13,63
473696,473922,474073,151,226
473997,474059,474075,16,62
473997,474059,474075,16,62
473997,474060,474079,19,63
473766,474039,474082,43,273
473997,474060,474082,22,63
473997,474061,474084,23,64
473997,474084,474087,3,87
473696,473921,474088,167,225
473997,474082,474092,10,85
473997,474087,474095,8,90
473766,473999,474096,97,233
473997,474076,474096,20,79
473997,474093,474100,7,96
473997,474096,474101,5,99
473997,474095,474103,8,98
473997,474096,474103,7,99
473997,474088,474104,16,91
473997,474101,474105,4,104
473997,474080,474109,29,83
473997,474103,474109,6,106
473997,474102,474109,7,105
473997,474104,474110,6,107
473997,474105,474111,6,108
473997,474103,474112,9,106
473997,474111,474113,2,114
473997,474073,474113,40,76
473997,474110,474113,3,113
473997,474110,474113,3,113
473997,474110,474114,4,113
473997,474112,474115,3,115
473997,474113,474115,2,116
473997,474109,474115,6,112
473997,474113,474114,1,116
472548,472915,474115,1200,367
473997,474114,474117,3,117
473997,474114,474118,4,117
473997,474115,474121,6,118
473997,474115,474122,7,118
473997,474118,474123,5,121
473997,474115,474124,9,118
473997,474115,474124,9,118
473997,474075,474124,49,78
473997,474061,474126,65,64
473997,474124,474126,2,127
473997,474124,474125,1,127
473997,474124,474127,3,127
473997,474121,474127,6,124
473997,474117,474127,10,120
473997,474115,474126,11,118
473997,474126,474128,2,129
473997,474126,474128,2,129
474028,474127,474129,2,99
473997,474122,474128,6,125
474028,474127,474129,2,99
474028,474128,474130,2,100
474028,474127,474130,3,99
473997,474123,474130,7,126
474028,474127,474131,4,99
474028,474129,474131,2,101
474028,474128,474131,3,100
473997,474069,474132,63,72
474028,474129,474132,3,101
473997,474116,474131,15,119
472438,472863,474133,1270,425
473997,474082,474139,57,85
472831,473200,474143,943,369
474028,474130,474149,19,102
474028,474129,474150,21,101
474028,474130,474151,21,102
474028,474130,474152,22,102
474028,474132,474154,22,104
474028,474133,474157,24,105
474028,474154,474158,4,126
474028,474152,474160,8,124
473997,474073,474161,88,76
474028,474139,474161,22,111
474028,474157,474165,8,129
474028,474158,474165,7,130
474028,474143,474166,23,115
472580,472981,474166,1185,401
474028,474160,474167,7,132
474028,474161,474169,8,133
474028,474131,474170,39,103
474028,474161,474172,11,133
474028,474165,474173,8,137
474028,474166,474174,8,138
474028,474151,474176,25,123
474028,474172,474177,5,144
474028,474167,474177,10,139
474028,474174,474177,3,146
474028,474166,474178,12,138
474028,474169,474178,9,141
474028,474177,474179,2,149
474028,474149,474179,30,121
474028,474177,474180,3,149
474028,474171,474181,10,143
474028,474176,474181,5,148
474028,474165,474181,16,137
474028,474178,474180,2,150
474028,474178,474181,3,150
474028,474178,474181,3,150
474028,474179,474182,3,151
474028,474174,474181,7,146
474028,474180,474183,3,152
474028,474179,474183,4,151
474028,474181,474184,3,153
474028,474181,474184,3,153
474028,474181,474185,4,153
474028,474131,474185,54,103
474028,474182,474184,2,154
474028,474181,474185,4,153
474028,474183,474185,2,155
474028,474181,474185,4,153
474028,474182,474186,4,154
474028,474183,474186,3,155
474028,474184,474185,1,156
474028,474182,474187,5,154
474028,474185,474187,2,157
474117,474185,474188,3,68
474117,474186,474188,2,69
474117,474185,474187,2,68
474117,474186,474188,2,69
474028,474185,474188,3,157
474117,474186,474189,3,69
474028,474184,474188,4,156
474117,474187,474189,2,70
474117,474186,474188,2,69
474117,474187,474189,2,70
474117,474188,474201,13,71
474028,474131,474205,74,103
474117,474188,474206,18,71
474028,474150,474210,60,122
474117,474188,474213,25,71
474117,474188,474213,25,71
474117,474188,474213,25,71
474117,474206,474218,12,89
474117,474210,474220,10,93
474117,474205,474221,16,88
474117,474201,474221,20,84
474117,474218,474227,9,101
474117,474214,474227,13,97
474117,474220,474228,8,103
474028,474132,474229,97,104
474117,474222,474231,9,105
474117,474222,474231,9,105
474117,474213,474232,19,96
474117,474189,474234,45,72
474117,474227,474236,9,110
474117,474213,474236,23,96
474117,474232,474239,7,115
474117,474234,474240,6,117
474117,474231,474241,10,114
473997,474067,474242,175,70
474117,474230,474242,12,113
474117,474241,474243,2,124
474117,474228,474243,15,111
474117,474240,474244,4,123
474117,474242,474245,3,125
474117,474242,474245,3,125
474117,474243,474245,2,126
474117,474236,474245,9,119
474117,474244,474246,2,127
474117,474239,474245,6,122
474117,474243,474246,3,126
474117,474227,474247,20,110
473997,474062,474248,186,65
474117,474245,474249,4,128
474117,474236,474248,12,119
474117,474245,474250,5,128
474117,474247,474251,4,130
474117,474247,474252,5,130
474117,474245,474253,8,128
474117,474246,474253,7,129
474117,474189,474253,64,72
474117,474248,474253,5,131
474117,474251,474253,2,134
474117,474246,474254,8,129
474117,474250,474253,3,133
474117,474253,474254,1,136
474117,474245,474255,10,128
474117,474253,474255,2,136
474117,474249,474255,6,132
474117,474253,474254,1,136
474134,474253,474256,3,119
474117,474252,474256,4,135
474117,474231,474255,24,114
474134,474254,474256,2,120
474117,474249,474256,7,132
474134,474256,474257,1,122
474134,474254,474256,2,120
474134,474255,474256,1,121
474134,474255,474257,2,121
474134,474255,474257,2,121
474134,474255,474257,2,121
474028,474132,474261,129,104
474117,474189,474265,76,72
474134,474256,474266,10,122
474117,474189,474266,77,72
474134,474256,474275,19,122
474134,474265,474277,12,131
474134,474256,474281,25,122
474134,474266,474282,16,132
474134,474283,474288,5,149
474134,474281,474290,9,147
474134,474288,474295,7,154
474134,474277,474295,18,143
474134,474266,474294,28,132
472660,473130,474298,1168,470
474117,474189,474303,114,72
474134,474261,474303,42,127
474134,474257,474306,49,123
474134,474291,474307,16,157
474134,474303,474308,5,169
474134,474303,474310,7,169
474134,474306,474310,4,172
474134,474296,474312,16,162
474134,474307,474314,7,173
474134,474296,474314,18,162
474134,474312,474315,3,178
474134,474298,474316,18,164
474134,474310,474317,7,176
474134,474314,474317,3,180
474134,474309,474316,7,175
474134,474314,474317,3,180
474134,474296,474318,22,162
474134,474256,474318,62,122
474134,474315,474318,3,181
474134,474316,474319,3,182
474134,474317,474319,2,183
474134,474317,474318,1,183
474134,474310,474319,9,176
474134,474317,474320,3,183
474134,474319,474321,2,185
474134,474319,474320,1,185
474134,474318,474322,4,184
474134,474317,474322,5,183
474134,474321,474323,2,187
474134,474322,474324,2,188
474134,474320,474324,4,186
474134,474318,474323,5,184
474134,474319,474323,4,185
474134,474322,474324,2,188
474134,474321,474324,3,187
474134,474323,474324,1,189
474134,474275,474326,51,141
474134,474324,474326,2,190
474134,474324,474326,2,190
474134,474321,474326,5,187
474143,474324,474327,3,181
474143,474324,474327,3,181
474143,474325,474326,1,182
474143,474326,474328,2,183
474143,474324,474327,3,181
474134,474318,474328,10,184
474143,474326,474328,2,183
474143,474326,474329,3,183
474143,474326,474330,4,183
474134,474256,474338,82,122
474143,474327,474339,12,184
474143,474328,474342,14,185
474143,474328,474357,29,185
474134,474257,474358,101,123
474143,474327,474359,32,184
474134,474257,474359,102,123
474143,474342,474360,18,199
474143,474328,474367,39,185
474143,474359,474368,9,216
474143,474328,474368,40,185
474143,474359,474371,12,216
474143,474358,474373,15,215
474143,474360,474373,13,217
474134,474257,474378,121,123
474143,474357,474378,21,214
474134,474257,474379,122,123
474143,474379,474381,2,236
474143,474330,474382,52,187
474143,474368,474382,14,225
474134,474258,474383,125,124
474143,474373,474383,10,230
474143,474373,474383,10,230
474143,474381,474384,3,238
474143,474328,474384,56,185
474143,474368,474384,16,225
474143,474367,474384,17,224
474143,474371,474385,14,228
474143,474383,474385,2,240
474143,474382,474385,3,239
474143,474383,474386,3,240
474143,474382,474386,4,239
474143,474383,474386,3,240
474143,474384,474388,4,241
474143,474378,474389,11,235
474143,474384,474390,6,241
474143,474384,474389,5,241
474143,474386,474391,5,243
474143,474386,474391,5,243
474143,474385,474395,10,242
474143,474339,474395,56,196
474143,474387,474395,8,244
474143,474388,474395,7,245
474143,474378,474395,17,235
474143,474389,474396,7,246
474143,474391,474397,6,248
474143,474386,474397,11,243
474143,474385,474396,11,242
474143,474395,474396,1,252
474143,474389,474397,8,246
474143,474395,474397,2,252
474143,474396,474398,2,253
474166,474397,474399,2,231
474143,474395,474399,4,252
474143,474397,474398,1,254
474143,474391,474399,8,248
474143,474397,474399,2,254
474166,474398,474400,2,232
474143,474390,474399,9,247
474166,474399,474400,1,233
474166,474399,474401,2,233
474143,474395,474401,6,252
474143,474390,474401,11,247
474166,474398,474401,3,232
474143,474395,474401,6,252
474166,474398,474401,3,232
474166,474399,474402,3,233
474166,474399,474402,3,233
474166,474400,474416,16,234
474166,474400,474418,18,234
474143,474338,474420,82,195
474166,474418,474432,14,252
474166,474400,474433,33,234
474166,474400,474434,34,234
474166,474403,474435,32,237
474166,474401,474435,34,235
474166,474416,474438,22,250
474166,474434,474438,4,268
474143,474329,474439,110,186
474166,474401,474444,43,235
474166,474420,474444,24,254
474166,474402,474444,42,236
474166,474435,474445,10,269
474166,474439,474450,11,273
474166,474435,474451,16,269
474166,474433,474451,18,267
474166,474438,474452,14,272
474166,474444,474455,11,278
474166,474450,474455,5,284
474166,474445,474456,11,279
474166,474452,474457,5,286
474166,474438,474457,19,272
474166,474451,474458,7,285
474166,474451,474458,7,285
474166,474432,474459,27,266
474166,474456,474459,3,290
474166,474456,474459,3,290
474166,474457,474460,3,291
474166,474455,474459,4,289
474166,474458,474461,3,292
474166,474458,474461,3,292
474166,474459,474461,2,293
474166,474459,474462,3,293
474166,474458,474463,5,292
474166,474444,474464,20,278
474166,474460,474464,4,294
474166,474459,474466,7,293
474166,474460,474466,6,294
474166,474463,474468,5,297
474166,474461,474469,8,295
474166,474466,474469,3,300
474166,474464,474470,6,298
474166,474464,474470,6,298
474166,474462,474469,7,296
474166,474468,474471,3,302
474166,474469,474471,2,303
474166,474466,474471,5,300
474166,474469,474470,1,303
474166,474470,474472,2,304
474299,474470,474473,3,171
474166,474461,474472,11,295
474166,474462,474472,10,296
474299,474471,474473,2,172
474299,474471,474474,3,172
474299,474471,474473,2,172
474299,474471,474473,2,172
474299,474473,474475,2,174
474299,474472,474474,2,173
474299,474473,474476,3,174
474166,474444,474476,32,278
474299,474473,474483,10,174
474166,474402,474491,89,236
474299,474473,474495,22,174
474299,474474,474498,24,175
474299,474474,474499,25,175
474299,474474,474502,28,175
474166,474401,474508,107,235
474299,474475,474510,35,176
474299,474499,474511,12,200
474166,474401,474512,111,235
474299,474502,474516,14,203
474299,474510,474522,12,211
474299,474508,474523,15,209
474299,474511,474523,12,212
474299,474498,474523,25,199
474299,474512,474527,15,213
474299,474516,474528,12,217
474299,474524,474530,6,225
474299,474527,474531,4,228
474299,474523,474532,9,224
474299,474532,474535,3,233
474299,474528,474535,7,229
474299,474532,474537,5,233
474299,474523,474538,15,224
474299,474535,474540,5,236
474299,474537,474542,5,238
474299,474538,474542,4,239
474299,474523,474542,19,224
474299,474540,474543,3,241
474299,474530,474543,13,231
474299,474542,474545,3,243
474299,474543,474545,2,244
474299,474542,474545,3,243
474299,474536,474545,9,237
474299,474543,474546,3,244
474299,474544,474547,3,245
474299,474545,474549,4,246
474299,474545,474551,6,246
474166,474401,474554,153,235
474299,474545,474554,9,246
474299,474546,474555,9,247
474299,474547,474556,9,248
474299,474547,474557,10,248
474299,474551,474558,7,252
474299,474495,474559,64,196
474299,474554,474560,6,255
474299,474557,474560,3,258
474299,474558,474560,2,259
474299,474559,474561,2,260
474299,474554,474561,7,255
474299,474549,474562,13,250
474299,474555,474561,6,256
474299,474560,474563,3,261
474299,474556,474563,7,257
474299,474560,474562,2,261
474299,474475,474563,88,176
472836,473282,474564,1282,446
474565,474565,474567,2,0
474565,474565,474568,3,0
474565,474565,474568,3,0
474565,474565,474568,3,0
474565,474565,474568,3,0
474565,474565,474568,3,0
474565,474565,474569,4,0
474565,474565,474571,6,0
474299,474483,474579,96,184
474299,474476,474591,115,177
474565,474565,474593,28,0
474565,474571,474597,26,6
474565,474579,474597,18,14
474299,474491,474599,108,192
474565,474568,474603,35,3
474565,474568,474603,35,3
474565,474593,474604,11,28
474565,474603,474612,9,38
474565,474591,474612,21,26
474565,474603,474617,14,38
474565,474597,474617,20,32
474565,474599,474618,19,34
474565,474569,474621,52,4
474565,474597,474621,24,32
474565,474612,474622,10,47
474565,474621,474623,2,56
474565,474623,474625,2,58
474565,474622,474625,3,57
474565,474625,474628,3,60
474565,474625,474628,3,60
474565,474612,474628,16,47
474565,474628,474630,2,63
474565,474628,474631,3,63
474565,474621,474631,10,56
474565,474568,474631,63,3
474565,474628,474632,4,63
474565,474604,474633,29,39
474565,474618,474634,16,53
473040,473363,474634,1271,323
474565,474617,474635,18,52
474565,474630,474635,5,65
474565,474568,474635,67,3
474565,474617,474637,20,52
473101,473431,474637,1206,330
474565,474631,474640,9,66
474565,474632,474642,10,67
474565,474631,474642,11,66
474565,474633,474642,9,68
474565,474634,474643,9,69
474565,474634,474643,9,69
474565,474635,474644,9,70
474565,474567,474646,79,2
474565,474644,474646,2,79
474565,474635,474647,12,70
474565,474637,474647,10,72
474565,474635,474647,12,70
474565,474646,474648,2,81
474565,474637,474647,10,72
474565,474642,474648,6,77
474565,474646,474647,1,81
474565,474644,474649,5,79
474565,474642,474649,7,77
474565,474644,474650,6,79
474565,474647,474649,2,82
474635,474649,474650,1,14
474635,474648,474649,1,13
474565,474647,474649,2,82
474635,474648,474650,2,13
474635,474648,474650,2,13
474635,474649,474650,1,14
474565,474640,474651,11,75
474635,474649,474651,2,14
474635,474650,474652,2,15
474565,474631,474653,22,66
474565,474642,474655,13,77
474635,474650,474656,6,15
474299,474476,474664,188,177
474565,474568,474677,109,3
474635,474664,474678,14,29
474635,474650,474679,29,15
473250,473496,474683,1187,246
474635,474651,474683,32,16
474635,474678,474685,7,43
474635,474678,474687,9,43
474635,474679,474688,9,44
473501,473734,474693,959,233
474635,474687,474693,6,52
474635,474688,474694,6,53
474635,474652,474696,44,17
474635,474650,474697,47,15
474635,474650,474698,48,15
474635,474696,474700,4,61
474635,474698,474700,2,63
474635,474697,474701,4,62
474635,474652,474701,49,17
474635,474694,474702,8,59
474635,474700,474705,5,65
474635,474693,474706,13,58
474635,474685,474707,22,50
474635,474700,474707,7,65
474635,474683,474709,26,48
474635,474701,474709,8,66
474635,474702,474710,8,67
474635,474702,474710,8,67
474635,474705,474714,9,70
474635,474694,474716,22,59
474635,474709,474717,8,74
473555,473768,474717,949,213
474635,474706,474717,11,71
474635,474709,474718,9,74
474635,474710,474719,9,75
474635,474655,474720,65,20
474635,474710,474721,11,75
474635,474656,474721,65,21
474635,474653,474721,68,18
474635,474651,474722,71,16
474635,474714,474724,10,79
474635,474684,474724,40,49
474635,474721,474725,4,86
474635,474722,474725,3,87
474635,474724,474726,2,89
474635,474716,474727,11,81
474635,474717,474727,10,82
474635,474720,474727,7,85
474635,474725,474727,2,90
474635,474721,474727,6,86
474635,474724,474726,2,89
474635,474719,474728,9,84
474635,474725,474728,3,90
474635,474721,474727,6,86
474635,474718,474727,9,83
474635,474718,474727,9,83
474635,474707,474728,21,72
474637,474727,474729,2,90
474637,474727,474729,2,90
474637,474727,474729,2,90
474635,474707,474728,21,72
474637,474727,474729,2,90
474637,474727,474729,2,90
474637,474727,474730,3,90
474637,474728,474729,1,91
474635,474718,474731,13,83
474637,474728,474731,3,91
474637,474728,474752,24,91
474637,474732,474756,24,95
474637,474752,474761,9,115
474635,474652,474764,112,17
474637,474728,474766,38,91
474637,474728,474768,40,91
474637,474728,474770,42,91
474637,474764,474771,7,127
474637,474766,474770,4,129
474637,474730,474771,41,93
474637,474729,474772,43,92
474637,474768,474772,4,131
474637,474772,474774,2,135
474637,474770,474775,5,133
474637,474756,474775,19,119
474637,474771,474775,4,134
474637,474772,474777,5,135
474637,474771,474776,5,134
474637,474775,474779,4,138
474637,474774,474780,6,137
474637,474771,474780,9,134
474637,474775,474781,6,138
474637,474761,474781,20,124
474637,474729,474781,52,92
474637,474729,474782,53,92
474637,474775,474782,7,138
474637,474777,474783,6,140
474637,474779,474789,10,142
474637,474730,474790,60,93
474637,474782,474791,9,145
474637,474781,474791,10,144
474637,474780,474792,12,143
474637,474780,474791,11,143
474637,474782,474792,10,145
474637,474732,474793,61,95
474637,474782,474793,11,145
474637,474784,474794,10,147
474637,474777,474795,18,140
474637,474795,474797,2,158
474637,474781,474797,16,144
474637,474794,474797,3,157
474637,474789,474797,8,152
474637,474792,474798,6,155
474637,474793,474799,6,156
474637,474793,474799,6,156
474637,474791,474800,9,154
474637,474797,474800,3,160
474637,474794,474799,5,157
474637,474797,474800,3,160
474637,474791,474801,10,154
474637,474790,474801,11,153
474637,474792,474801,9,155
474637,474797,474800,3,160
474637,474798,474800,2,161
474684,474799,474802,3,115
474684,474800,474802,2,116
474684,474799,474801,2,115
474684,474800,474802,2,116
474684,474800,474801,1,116
474684,474800,474802,2,116
474684,474801,474804,3,117
474684,474801,474805,4,117
474637,474729,474811,82,92
473307,473628,474814,1186,321
474684,474801,474815,14,117
474684,474805,474818,13,121
474635,474651,474818,167,16
473301,473571,474820,1249,270
474684,474815,474824,9,131
474684,474811,474828,17,127
474684,474801,474828,27,117
474684,474818,474830,12,134
474684,474814,474839,25,130
474684,474818,474844,26,134
474684,474820,474846,26,136
474684,474828,474848,20,144
474684,474824,474852,28,140
474684,474804,474853,49,120
474684,474830,474853,23,146
474684,474828,474853,25,144
474684,474802,474854,52,118
474684,474846,474854,8,162
474684,474849,474855,6,165
474684,474853,474856,3,169
474684,474854,474856,2,170
474684,474854,474857,3,170
474684,474854,474857,3,170
474684,474853,474858,5,169
474684,474839,474859,20,155
474684,474852,474861,9,168
474684,474855,474861,6,171
474684,474844,474861,17,160
474684,474856,474865,9,172
474684,474856,474865,9,172
474684,474802,474866,64,118
474684,474859,474867,8,175
474684,474857,474867,10,173
474684,474801,474869,68,117
474684,474861,474871,10,177
474684,474861,474871,10,177
474684,474858,474872,14,174
474684,474862,474872,10,178
474684,474865,474875,10,181
474637,474729,474875,146,92
474684,474865,474875,10,181
474684,474867,474875,8,183
474684,474866,474875,9,182
474684,474869,474875,6,185
474684,474802,474877,75,118
474684,474875,474877,2,191
474684,474875,474877,2,191
474684,474871,474877,6,187
474684,474874,474877,3,190
474684,474875,474878,3,191
474684,474871,474878,7,187
474684,474876,474878,2,192
474684,474875,474878,3,191
474684,474872,474878,6,188
474684,474867,474878,11,183
474684,474857,474879,22,173
474693,474877,474879,2,184
474693,474877,474878,1,184
474693,474877,474880,3,184
474693,474878,474880,2,185
474693,474877,474879,2,184
474693,474877,474879,2,184
474693,474878,474881,3,185
474693,474878,474881,3,185
474693,474881,474894,13,188
473444,473682,474895,1213,238
474693,474878,474898,20,185
474637,474729,474900,171,92
474693,474881,474914,33,188
474693,474898,474914,16,205
474693,474879,474916,37,186
474693,474895,474917,22,202
474693,474900,474918,18,207
474693,474878,474921,43,185
474693,474895,474923,28,202
474693,474878,474926,48,185
474693,474914,474926,12,221
474684,474802,474927,125,118
474693,474916,474928,12,223
474693,474917,474928,11,224
474693,474918,474931,13,225
474693,474928,474933,5,235
474693,474926,474933,7,233
474693,474928,474934,6,235
474693,474921,474934,13,228
474693,474923,474934,11,230
474693,474931,474935,4,238
474693,474927,474937,10,234
474693,474926,474937,11,233
474693,474880,474939,59,187
474693,474914,474939,25,221
473696,473995,474940,945,299
474693,474934,474942,8,241
474693,474934,474946,12,241
474693,474934,474946,12,241
474693,474937,474949,12,244
474693,474939,474949,10,246
474693,474936,474949,13,243
474693,474880,474949,69,187
474693,474939,474949,10,246
474693,474940,474950,10,247
474693,474935,474950,15,242
474693,474934,474950,16,241
474693,474880,474954,74,187
474693,474937,474954,17,244
474693,474880,474956,76,187
474693,474950,474957,7,257
474693,474949,474958,9,256
474693,474950,474958,8,257
474693,474942,474957,15,249
474693,474949,474958,9,256
474693,474949,474958,9,256
474693,474951,474958,7,258
474693,474956,474960,4,263
474693,474949,474960,11,256
474693,474957,474960,3,264
474718,474958,474960,2,240
474718,474958,474961,3,240
474718,474958,474961,3,240
474693,474958,474960,2,265
474693,474946,474960,14,253
474693,474954,474961,7,261
474718,474960,474961,1,242
474718,474960,474962,2,242
474718,474960,474963,3,242
474693,474949,474963,14,256
474684,474802,474963,161,118
474718,474960,474962,2,242
474693,474954,474963,9,261
474693,474880,474963,83,187
474693,474946,474965,19,253
474718,474960,474966,6,242
474718,474966,474974,8,248
474718,474965,474980,15,247
474693,474880,474980,100,187
474718,474961,474982,21,243
474718,474965,474988,23,247
474718,474975,474989,14,257
474718,474982,474991,9,264
474718,474964,474995,31,246
474718,474961,474999,38,243
474684,474802,475001,199,118
474718,474980,475001,21,262
474718,474991,475002,11,273
474718,474995,475003,8,277
474718,475001,475005,4,283
474718,474989,475007,18,271
474718,475002,475007,5,284
474718,474980,475008,28,262
474718,475001,475008,7,283
474718,474962,475008,46,244
474718,474999,475009,10,281
474718,475003,475009,6,285
474718,474961,475009,48,243
474718,474963,475009,46,245
474718,474988,475011,23,270
474718,475007,475011,4,289
474718,475005,475013,8,287
474718,474961,475013,52,243
474718,475011,475016,5,293
474718,475011,475017,6,293
474718,475007,475017,10,289
474718,474963,475018,55,245
474718,475010,475019,9,292
474718,475009,475020,11,291
474718,475013,475020,7,295
474718,475008,475020,12,290
474718,475008,475022,14,290
474718,475008,475022,14,290
474718,475009,475022,13,291
474718,475014,475021,7,296
474718,475009,475023,14,291
474718,474961,475024,63,243
474718,475018,475024,6,300
474718,475017,475026,9,299
474718,475019,475026,7,301
474718,475017,475026,9,299
474718,474963,475025,62,245
474718,475024,475026,2,306
473767,474056,475027,971,289
474718,475023,475027,4,305
474815,475026,475028,2,211
474815,475026,475028,2,211
474815,475026,475028,2,211
474815,475026,475028,2,211
474718,474963,475028,65,245
474718,475023,475028,5,305
474815,475026,475028,2,211
474718,475020,475028,8,302
474815,475027,475028,1,212
474718,475022,475030,8,304
474815,475027,475029,2,212
474718,475020,475030,10,302
474718,475022,475030,8,304
474718,475016,475031,15,298
474718,475022,475030,8,304
474815,475028,475032,4,213
474718,475020,475035,15,302
474815,475028,475043,15,213
474815,475032,475045,13,217
474815,475031,475046,15,216
474815,475037,475048,11,222
474718,474963,475053,90,245
474815,475031,475055,24,216
474815,475046,475056,10,231
474815,475045,475057,12,230
474815,475043,475058,15,228
474815,475030,475062,32,215
474815,475028,475065,37,213
474815,475048,475066,18,233
474815,475053,475067,14,238
474815,475056,475067,11,241
474815,475055,475070,15,240
474815,475029,475072,43,214
474815,475028,475072,44,213
474815,475062,475073,11,247
474815,475057,475073,16,242
474815,475058,475074,16,243
474815,475067,475076,9,252
474815,475067,475076,9,252
474815,475066,475077,11,251
474815,475028,475077,49,213
474815,475030,475078,48,215
474815,475067,475080,13,252
474815,475073,475083,10,258
473649,473916,475083,1167,267
474815,475073,475084,11,258
474815,475072,475086,14,257
474815,475078,475086,8,263
474815,475072,475086,14,257
473565,473842,475088,1246,277
474815,475070,475088,18,255
474815,475078,475088,10,263
474815,475077,475088,11,262
474815,475088,475091,3,273
474815,475081,475091,10,266
474815,475076,475091,15,261
474815,475089,475092,3,274
473997,474126,475093,967,129
474815,475086,475093,7,271
474815,475088,475093,5,273
474815,475086,475093,7,271
474815,475088,475093,5,273
474815,475086,475094,8,271
474815,475083,475094,11,268
474815,475091,475093,2,276
474815,475091,475095,4,276
474815,475091,475095,4,276
474821,475093,475095,2,272
474821,475093,475095,2,272
474815,475092,475094,2,277
474821,475093,475095,2,272
474821,475094,475096,2,273
474815,475074,475095,21,259
474815,475083,475095,12,268
474821,475093,475095,2,272
474821,475094,475096,2,273
474815,475076,475096,20,261
474821,475095,475098,3,274
474821,475094,475097,3,273
474815,475029,475098,69,214
474815,475084,475099,15,269
474821,475095,475106,11,274
474815,475029,475110,81,214
474821,475095,475116,21,274
474821,475110,475120,10,289
474821,475098,475121,23,277
474821,475106,475122,16,285
474821,475095,475124,29,274
474815,475030,475126,96,215
474821,475116,475130,14,295
474821,475124,475134,10,303
474821,475099,475135,36,278
474821,475126,475135,9,305
474821,475122,475136,14,301
474821,475097,475138,41,276
474821,475097,475140,43,276
474821,475130,475141,11,309
474821,475138,475145,7,317
474821,475134,475148,14,313
474821,475098,475148,50,277
474821,475135,475149,14,314
474821,475140,475148,8,319
474815,475029,475151,122,214
474821,475136,475152,16,315
474821,475145,475152,7,324
474821,475096,475152,56,275
474821,475135,475155,20,314
474821,475142,475156,14,321
474821,475148,475157,9,327
474821,475149,475158,9,328
474821,475095,475159,64,274
474821,475149,475159,10,328
474821,475152,475161,9,331
474821,475121,475162,41,300
474821,475152,475163,11,331
474821,475152,475164,12,331
474821,475156,475166,10,335
474821,475120,475167,47,299
474821,475157,475167,10,336
474821,475158,475168,10,337
474821,475155,475168,13,334
474815,475030,475168,138,215
474821,475166,475169,3,345
474821,475163,475169,6,342
474821,475149,475169,20,328
474821,475159,475170,11,338
474821,475167,475170,3,346
474821,475167,475170,3,346
474821,475162,475169,7,341
474821,475162,475169,7,341
474821,475164,475170,6,343
474821,475168,475171,3,347
474821,475169,475171,2,348
474895,475169,475172,3,274
474821,475168,475171,3,347
474821,475159,475172,13,338
474895,475169,475171,2,274
474895,475170,475173,3,275
474895,475170,475173,3,275
474895,475170,475173,3,275
474895,475170,475173,3,275
474895,475170,475173,3,275
474895,475170,475174,4,275
474821,475151,475175,24,330
474821,475095,475175,80,274
474895,475175,475179,4,280
474821,475098,475181,83,277
474895,475179,475183,4,284
474895,475175,475183,8,280
474895,475181,475186,5,286
474895,475183,475189,6,288
474895,475183,475190,7,288
474895,475171,475191,20,276
474895,475186,475192,6,291
474895,475174,475192,18,279
474895,475173,475195,22,278
474895,475189,475200,11,294
474895,475195,475203,8,300
474895,475192,475204,12,297
474895,475200,475205,5,305
474821,475096,475205,109,275
474895,475203,475208,5,308
474895,475173,475209,36,278
474895,475205,475209,4,310
474895,475204,475209,5,309
474895,475193,475210,17,298
474895,475191,475212,21,296
474895,475172,475212,40,277
474895,475206,475213,7,311
474895,475172,475213,41,277
474895,475190,475213,23,295
474895,475171,475213,42,276
474895,475209,475221,12,314
474895,475209,475222,13,314
474821,475096,475224,128,275
474895,475209,475224,15,314
474895,475213,475225,12,318
474895,475213,475225,12,318
474895,475212,475225,13,317
474895,475213,475226,13,318
474895,475209,475227,18,314
474895,475210,475226,16,315
474821,475096,475228,132,275
474895,475213,475228,15,318
474895,475212,475230,18,317
474895,475226,475231,5,331
474895,475225,475232,7,330
474895,475226,475233,7,331
474895,475231,475234,3,336
474895,475221,475234,13,326
474895,475228,475234,6,333
474895,475230,475235,5,335
474895,475228,475234,6,333
474895,475225,475236,11,330
474895,475227,475236,9,332
474895,475232,475235,3,337
474895,475222,475237,15,327
474895,475227,475236,9,332
474941,475235,475238,3,294
474941,475234,475238,4,293
474941,475234,475239,5,293
474895,475224,475239,15,329
474941,475234,475239,5,293
474941,475236,475240,4,295
474941,475236,475239,3,295
474941,475237,475240,3,296
474941,475236,475240,4,295
474895,475172,475246,74,277
474895,475173,475246,73,278
474895,475224,475248,24,329
474941,475240,475251,11,299
474941,475248,475252,4,307
474941,475237,475253,16,296
474941,475240,475254,14,299
474941,475251,475255,4,310
474941,475252,475255,3,311
474941,475246,475256,10,305
474941,475241,475257,16,300
474941,475246,475259,13,305
474941,475253,475260,7,312
474941,475237,475262,25,296
474941,475254,475263,9,313
474941,475255,475267,12,314
474941,475257,475268,11,316
474941,475256,475269,13,315
474941,475255,475269,14,314
474941,475238,475272,34,297
474941,475238,475272,34,297
474941,475268,475275,7,327
474941,475267,475275,8,326
474941,475259,475277,18,318
474941,475260,475277,17,319
474941,475239,475278,39,298
474941,475269,475277,8,328
474941,475240,475279,39,299
474941,475269,475281,12,328
474941,475263,475282,19,322
474941,475272,475285,13,331
474941,475262,475286,24,321
474941,475272,475287,15,331
474941,475285,475288,3,344
474941,475286,475288,2,345
474895,475173,475288,115,278
474941,475287,475289,2,346
474941,475275,475290,15,334
474941,475288,475291,3,347
474941,475288,475290,2,347
474941,475282,475290,8,341
474941,475275,475291,16,334
474941,475281,475292,11,340
474941,475289,475291,2,348
474941,475277,475293,16,336
474941,475289,475293,4,348
474941,475278,475293,15,337
474941,475279,475294,15,338
474941,475277,475294,17,336
474941,475279,475295,16,338
474941,475292,475295,3,351
474941,475239,475295,56,298
474941,475292,475295,3,351
475027,475293,475296,3,266
474941,475290,475296,6,349
475027,475294,475296,2,267
474941,475293,475296,3,352
475027,475295,475297,2,268
475027,475295,475298,3,268
475027,475295,475298,3,268
474941,475291,475297,6,350
474941,475291,475297,6,350
475027,475295,475297,2,268
475027,475295,475298,3,268
475027,475296,475299,3,269
474941,475291,475298,7,350
474941,475292,475298,6,351
474895,475173,475300,127,278
475027,475300,475306,6,273
475027,475299,475308,9,272
475027,475299,475310,11,272
475027,475298,475310,12,271
475027,475299,475310,11,272
475027,475298,475312,14,271
475027,475298,475312,14,271
475027,475296,475312,16,269
475027,475310,475320,10,283
475027,475306,475322,16,279
475027,475310,475323,13,283
475027,475312,475324,12,285
475027,475310,475325,15,283
474941,475239,475325,86,298
475027,475312,475327,15,285
475027,475312,475328,16,285
475027,475308,475332,24,281
475027,475322,475333,11,295
475027,475297,475334,37,270
475027,475325,475335,10,298
475027,475320,475336,16,293
475027,475296,475336,40,269
475027,475325,475337,12,298
475027,475327,475338,11,300
475027,475323,475338,15,296
475027,475324,475339,15,297
475027,475329,475345,16,302
475027,475298,475347,49,271
475027,475332,475347,15,305
475027,475296,475348,52,269
475027,475334,475349,15,307
475027,475336,475350,14,309
475027,475336,475350,14,309
475027,475337,475351,14,310
475027,475347,475351,4,320
475027,475350,475352,2,323
475027,475349,475352,3,322
475027,475350,475352,2,323
475027,475336,475351,15,309
475027,475335,475352,17,308
475027,475351,475353,2,324
475027,475347,475352,5,320
475027,475349,475352,3,322
475027,475338,475354,16,311
475027,475352,475355,3,325
475027,475353,475355,2,326
475027,475353,475354,1,326
475027,475345,475356,11,318
475027,475339,475356,17,312
475027,475352,475357,5,325
475027,475352,475357,5,325
475027,475352,475357,5,325
475027,475338,475356,18,311
475027,475352,475358,6,325
475084,475357,475359,2,273
474028,474185,475359,1174,157
475084,475356,475359,3,272
475084,475354,475359,5,270
475027,475351,475358,7,324
475084,475356,475359,3,272
475084,475355,475358,3,271
475084,475355,475360,5,271
475084,475357,475360,3,273
475084,475355,475359,4,271
475027,475298,475367,69,271
475084,475357,475370,13,273
475084,475360,475370,10,276
475084,475360,475371,11,276
475084,475367,475376,9,283
475084,475370,475378,8,286
475084,475360,475381,21,276
475084,475360,475384,24,276
475084,475359,475384,25,275
475084,475376,475385,9,292
474895,475172,475386,214,277
475084,475359,475387,28,275
475084,475359,475389,30,275
475084,475387,475390,3,303
475084,475370,475391,21,286
475084,475378,475391,13,294
475084,475357,475392,35,273
475084,475381,475392,11,297
475084,475389,475392,3,305
475084,475386,475395,9,302
475084,475371,475396,25,287
475084,475359,475396,37,275
475084,475391,475397,6,307
475084,475391,475399,8,307
475084,475384,475403,19,300
475084,475392,475403,11,308
475027,475298,475403,105,271
475084,475391,475403,12,307
475084,475392,475405,13,308
475084,475405,475408,3,321
475084,475393,475408,15,309
475084,475395,475409,14,311
475084,475396,475410,14,312
475084,475404,475410,6,320
475084,475403,475411,8,319
475084,475408,475412,4,324
475084,475396,475412,16,312
475084,475399,475414,15,315
475084,475397,475414,17,313
475084,475385,475415,30,301
475084,475409,475414,5,325
475084,475403,475416,13,319
475084,475409,475416,7,325
475084,475403,475417,14,319
475084,475410,475417,7,326
475084,475410,475417,7,326
475084,475384,475419,35,300
475084,475416,475419,3,332
475084,475416,475419,3,332
475084,475412,475419,7,328
475088,475417,475420,3,329
475084,475415,475420,5,331
475084,475415,475420,5,331
475088,475417,475419,2,329
474117,474253,475421,1168,136
475088,475419,475421,2,331
475084,475414,475422,8,330
475088,475419,475422,3,331
475088,475419,475422,3,331
475088,475420,475422,2,332
475088,475420,475422,2,332
475088,475419,475421,2,331
475084,475412,475423,11,328
475084,475414,475423,9,330
475084,475412,475423,11,328
475084,475359,475427,68,275
475088,475424,475430,6,336
475088,475420,475432,12,332
475084,475358,475433,75,274
475088,475423,475433,10,335
475088,475422,475437,15,334
475088,475427,475439,12,339
475088,475433,475441,8,345
475088,475423,475440,17,335
475088,475430,475442,12,342
475088,475422,475445,23,334
475088,475422,475445,23,334
475088,475422,475447,25,334
475088,475437,475447,10,349
475088,475433,475449,16,345
475084,475359,475450,91,275
475088,475432,475451,19,344
475088,475449,475457,8,361
475088,475445,475458,13,357
475088,475442,475458,16,354
475088,475422,475458,36,334
475088,475445,475459,14,357
475088,475439,475460,21,351
475088,475447,475462,15,359
475088,475451,475462,11,363
475088,475422,475462,40,334
475088,475450,475462,12,362
475088,475447,475463,16,359
475088,475462,475466,4,374
475088,475462,475468,6,374
475088,475459,475472,13,371
475088,475463,475473,10,375
475088,475441,475473,32,353
475088,475458,475473,15,370
475088,475420,475472,52,332
475088,475458,475474,16,370
475088,475441,475474,33,353
475088,475461,475475,14,373
475088,475457,475475,18,369
475088,475462,475474,12,374
475088,475458,475475,17,370
475088,475462,475475,13,374
475088,475466,475475,9,378
475088,475476,475479,3,388
475088,475475,475479,4,387
475088,475468,475479,11,380
475088,475472,475481,9,384
475094,475479,475481,2,385
475094,475479,475481,2,385
475088,475475,475481,6,387
475088,475475,475482,7,387
475094,475481,475483,2,387
475088,475473,475484,11,385
475088,475474,475483,9,386
475094,475481,475484,3,387
475094,475481,475484,3,387
475094,475481,475484,3,387
475088,475473,475484,11,385
475088,475473,475485,12,385
475088,475474,475485,11,386
475094,475483,475485,2,389
475088,475475,475485,10,387
475094,475483,475486,3,389
475088,475475,475487,12,387
475088,475474,475487,13,386
475094,475485,475493,8,391
475094,475486,475496,10,392
475094,475486,475497,11,392
475094,475485,475498,13,391
475094,475486,475499,13,392
475094,475487,475499,12,393
475094,475484,475499,15,390
475094,475487,475501,14,393
475094,475498,475504,6,404
475094,475484,475505,21,390
475094,475497,475506,9,403
475094,475484,475507,23,390
475094,475499,475508,9,405
475094,475493,475510,17,399
475094,475496,475511,15,402
475094,475500,475513,13,406
475094,475499,475515,16,405
475088,475421,475517,96,333
475094,475506,475522,16,412
475094,475502,475523,21,408
475094,475505,475524,19,411
475094,475508,475526,18,414
475094,475508,475527,19,414
475094,475515,475528,13,421
475094,475517,475531,14,423
475094,475510,475532,22,416
475094,475504,475531,27,410
475094,475484,475533,49,390
475094,475522,475536,14,428
475094,475511,475537,26,417
475094,475528,475539,11,434
475094,475523,475540,17,429
475094,475537,475541,4,443
475094,475531,475542,11,437
475094,475524,475541,17,430
475094,475527,475541,14,433
475094,475540,475542,2,446
475094,475526,475542,16,432
475094,475536,475543,7,442
475094,475532,475542,10,438
475094,475513,475543,30,419
475094,475532,475544,12,438
475094,475484,475544,60,390
475094,475533,475544,11,439
475094,475542,475545,3,448
475094,475543,475545,2,449
475094,475543,475546,3,449
475094,475540,475545,5,446
475094,475542,475546,4,448
475094,475541,475546,5,447
475094,475542,475547,5,448
475094,475544,475547,3,450
475094,475543,475547,4,449
475360,475545,475547,2,185
475094,475544,475548,4,450
475094,475544,475548,4,450
475360,475545,475548,3,185
475094,475542,475548,6,448
475360,475546,475549,3,186
475360,475546,475548,2,186
475360,475546,475548,2,186
475360,475547,475549,2,187
475360,475547,475549,2,187
475360,475547,475551,4,187
475360,475547,475557,10,187
475360,475549,475558,9,189
475094,475484,475559,75,390
475360,475547,475560,13,187
475360,475548,475562,14,188
475360,475549,475562,13,189
475088,475421,475568,147,333
475360,475562,475568,6,202
475360,475549,475568,19,189
475360,475562,475568,6,202
475360,475558,475569,11,198
475360,475557,475571,14,197
475360,475560,475572,12,200
475360,475548,475573,25,188
475360,475568,475577,9,208
475360,475551,475578,27,191
475360,475572,475578,6,212
475360,475568,475579,11,208
475360,475548,475580,32,188
475360,475571,475580,9,211
475360,475559,475580,21,199
475360,475549,475583,34,189
475360,475568,475583,15,208
475360,475573,475584,11,213
475360,475577,475586,9,217
475360,475569,475588,19,209
475360,475578,475588,10,218
475360,475580,475591,11,220
475360,475548,475592,44,188
475360,475580,475594,14,220
475360,475569,475594,25,209
475360,475580,475594,14,220
474134,474324,475595,1271,190
475360,475583,475597,14,223
475360,475586,475597,11,226
475360,475583,475598,15,223
475360,475597,475599,2,237
475360,475578,475600,22,218
475360,475579,475601,22,219
475360,475594,475601,7,234
475360,475584,475601,17,224
475360,475594,475601,7,234
475360,475599,475602,3,239
475360,475592,475603,11,232
475360,475595,475603,8,235
475360,475597,475603,6,237
475360,475598,475603,5,238
475360,475601,475604,3,241
475360,475591,475604,13,231
475360,475601,475604,3,241
475360,475602,475605,3,242
475360,475600,475605,5,240
475360,475601,475605,4,241
475360,475601,475605,4,241
475360,475594,475606,12,234
475421,475604,475607,3,183
475360,475603,475608,5,243
475421,475605,475608,3,184
475421,475604,475608,4,183
475360,475589,475609,20,229
475421,475604,475609,5,183
475421,475603,475610,7,182
475421,475606,475610,4,185
475360,475588,475609,21,228
475421,475603,475609,6,182
475421,475606,475610,4,185
475360,475549,475619,70,189
474167,474470,475628,1158,303
475421,475610,475628,18,189
475421,475606,475629,23,185
475421,475609,475631,22,188
475421,475610,475632,22,189
475421,475610,475634,24,189
475421,475619,475635,16,198
475421,475629,475638,9,208
475421,475607,475638,31,186
475421,475610,475639,29,189
475421,475631,475641,10,210
475421,475609,475642,33,188
475421,475606,475642,36,185
475421,475639,475642,3,218
475421,475633,475643,10,212
475421,475608,475644,36,187
475421,475635,475646,11,214
475421,475641,475646,5,220
475421,475629,475646,17,208
475421,475638,475646,8,217
475421,475638,475647,9,217
475421,475636,475647,11,215
475421,475610,475648,38,189
475421,475642,475648,6,221
475421,475642,475651,9,221
475421,475642,475652,10,221
475421,475628,475652,24,207
475421,475646,475658,12,225
475421,475644,475660,16,223
475421,475643,475660,17,222
475421,475648,475659,11,227
475421,475646,475661,15,225
475421,475608,475661,53,187
475421,475653,475662,9,232
475421,475647,475662,15,226
475421,475646,475663,17,225
475421,475660,475663,3,239
475421,475646,475663,17,225
475421,475652,475664,12,231
475421,475661,475665,4,240
475421,475662,475665,3,241
475421,475658,475666,8,237
475421,475662,475666,4,241
475421,475648,475665,17,227
475421,475663,475666,3,242
475421,475651,475666,15,230
475421,475648,475667,19,227
475421,475662,475666,4,241
475421,475663,475668,5,242
475421,475663,475667,4,242
475595,475666,475669,3,71
475421,475660,475669,9,239
475421,475666,475668,2,245
475595,475666,475669,3,71
475595,475667,475669,2,72
475421,475664,475669,5,243
475595,475666,475669,3,71
475595,475669,475671,2,74
475595,475668,475671,3,73
475421,475665,475671,6,244
475595,475668,475670,2,73
475421,475660,475671,11,239
475421,475665,475673,8,244
475595,475669,475673,4,74
474144,474397,475676,1279,253
475421,475608,475678,70,187
475595,475671,475679,8,76
475595,475671,475682,11,76
475595,475673,475682,9,78
475595,475671,475684,13,76
475595,475669,475686,17,74
475595,475673,475688,15,78
475595,475684,475694,10,89
475595,475671,475695,24,76
475595,475669,475697,28,74
475595,475686,475697,11,91
475595,475682,475697,15,87
475595,475669,475697,28,74
475595,475670,475698,28,75
475595,475684,475699,15,89
475595,475676,475698,22,81
475595,475688,475699,11,93
475595,475680,475701,21,85
475595,475697,475701,4,102
475595,475697,475703,6,102
475595,475698,475705,7,103
475595,475699,475706,7,104
475595,475697,475707,10,102
475595,475699,475709,10,104
475595,475697,475709,12,102
475595,475695,475709,14,100
475595,475700,475711,11,105
475595,475694,475714,20,99
475595,475701,475714,13,106
475595,475701,475715,14,106
475595,475707,475719,12,112
475595,475670,475720,50,75
475595,475715,475720,5,120
475595,475706,475720,14,111
475595,475705,475721,16,110
475595,475709,475722,13,114
475595,475703,475722,19,108
475595,475709,475721,12,114
475595,475671,475722,51,76
475595,475709,475721,12,114
475595,475720,475723,3,125
475595,475720,475724,4,125
475595,475719,475724,5,124
475595,475721,475724,3,126
475595,475720,475725,5,125
475595,475723,475727,4,128
475595,475722,475727,5,127
475595,475714,475728,14,119
475595,475714,475728,14,119
475629,475725,475728,3,96
475629,475727,475730,3,98
475595,475724,475730,6,129
475629,475728,475731,3,99
475595,475711,475730,19,116
475629,475724,475731,7,95
475595,475722,475732,10,127
475629,475728,475732,4,99
475595,475722,475732,10,127
475595,475722,475733,11,127
475629,475727,475732,5,98
475595,475723,475733,10,128
475629,475728,475735,7,99
475629,475730,475735,5,101
475595,475678,475736,58,83
474299,474561,475740,1179,262
475595,475670,475746,76,75
475629,475730,475750,20,101
475629,475735,475753,18,106
475629,475732,475755,23,103
475629,475735,475755,20,106
475629,475731,475756,25,102
475629,475734,475758,24,105
475629,475741,475763,22,112
475629,475731,475764,33,102
474638,474798,475765,967,160
475629,475756,475766,10,127
475629,475755,475766,11,126
475629,475753,475767,14,124
475629,475755,475766,11,126
475629,475736,475767,31,107
475629,475766,475769,3,137
475629,475765,475769,4,136
475629,475766,475770,4,137
475629,475767,475771,4,138
475629,475768,475771,3,139
475629,475733,475771,38,104
475629,475769,475773,4,140
475629,475764,475773,9,135
475629,475767,475774,7,138
475629,475769,475776,7,140
475629,475758,475778,20,129
475629,475770,475779,9,141
475629,475750,475779,29,121
475629,475771,475781,10,142
475629,475773,475781,8,144
475629,475774,475781,7,145
475629,475776,475783,7,147
475629,475773,475784,11,144
475629,475778,475784,6,149
475629,475763,475786,23,134
475629,475772,475786,14,143
475629,475731,475786,55,102
475629,475780,475787,7,151
475629,475781,475787,6,152
475629,475772,475786,14,143
475629,475781,475787,6,152
475629,475785,475788,3,156
475629,475784,475789,5,155
475629,475783,475789,6,154
475629,475781,475790,9,152
475629,475780,475792,12,151
475629,475788,475792,4,159
475629,475788,475792,4,159
475629,475787,475793,6,158
475629,475786,475792,6,157
475629,475786,475794,8,157
475676,475792,475794,2,116
475676,475789,475794,5,113
475629,475786,475794,8,157
475629,475732,475794,62,103
475676,475792,475796,4,116
475676,475793,475796,3,117
475676,475790,475796,6,114
475676,475793,475796,3,117
475629,475787,475796,9,158
475629,475787,475798,11,158
475629,475746,475798,52,117
475676,475792,475798,6,116
475676,475794,475801,7,118
475676,475794,475802,8,118
475629,475732,475806,74,103
475629,475733,475811,78,104
475676,475794,475816,22,118
475676,475794,475816,22,118
475676,475797,475818,21,121
475676,475797,475820,23,121
474566,474647,475827,1180,81
475676,475816,475828,12,140
475676,475794,475828,34,118
475676,475820,475829,9,144
475676,475818,475830,12,142
475676,475798,475830,32,122
475676,475798,475831,33,122
475676,475803,475831,28,127
475676,475816,475831,15,140
475676,475796,475831,35,120
475676,475796,475833,37,120
475676,475829,475833,4,153
475676,475828,475834,6,152
475676,475830,475835,5,154
475676,475831,475835,4,155
475676,475831,475835,4,155
475676,475798,475836,38,122
475676,475831,475835,4,155
475676,475811,475840,29,135
475676,475831,475841,10,155
475676,475806,475842,36,130
475676,475832,475842,10,156
475676,475827,475842,15,151
475676,475833,475842,9,157
475676,475833,475844,11,157
475676,475842,475845,3,166
475676,475842,475845,3,166
475676,475842,475845,3,166
475676,475844,475846,2,168
475676,475845,475847,2,169
475676,475836,475847,11,160
475676,475834,475846,12,158
475676,475845,475847,2,169
475676,475842,475847,5,166
475676,475845,475848,3,169
475676,475835,475848,13,159
475676,475828,475847,19,152
475676,475846,475849,3,170
475676,475841,475849,8,165
475676,475835,475850,15,159
475676,475796,475849,53,120
475676,475835,475850,15,159
475676,475836,475850,14,160
475676,475847,475851,4,171
475741,475849,475850,1,108
475676,475847,475851,4,171
475741,475849,475852,3,108
475741,475850,475852,2,109
475676,475840,475851,11,164
475676,475848,475852,4,172
475741,475850,475852,2,109
475741,475850,475852,2,109
475676,475848,475854,6,172
475741,475850,475854,4,109
475741,475851,475855,4,110
475741,475851,475855,4,110
475676,475847,475854,7,171
475676,475847,475855,8,171
475676,475847,475857,10,171
475676,475801,475861,60,125
475741,475852,475867,15,111
475741,475857,475869,12,116
475741,475861,475871,10,120
475741,475852,475874,22,111
475741,475855,475876,21,114
475741,475855,475880,25,114
475741,475856,475880,24,115
475741,475869,475881,12,128
475741,475855,475884,29,114
475741,475852,475884,32,111
475741,475868,475886,18,127
474635,474726,475889,1163,91
475741,475880,475892,12,139
475741,475884,475892,8,143
475741,475886,475894,8,145
475741,475871,475894,23,130
475741,475892,475895,3,151
475741,475889,475895,6,148
475741,475894,475899,5,153
474684,474876,475900,1024,192
475741,475892,475900,8,151
475741,475881,475901,20,140
475741,475894,475903,9,153
475741,475884,475903,19,143
475741,475880,475904,24,139
475741,475904,475907,3,163
475741,475895,475907,12,154
475741,475852,475908,56,111
475741,475907,475909,2,166
475741,475907,475909,2,166
475741,475896,475910,14,155
475741,475908,475910,2,167
475741,475901,475910,9,160
475741,475899,475911,12,158
475741,475876,475911,35,135
475741,475909,475912,3,168
475741,475909,475912,3,168
475741,475910,475912,2,169
475741,475910,475913,3,169
475741,475911,475913,2,170
475741,475854,475913,59,113
475741,475910,475913,3,169
475741,475912,475914,2,171
475741,475911,475913,2,170
475741,475900,475913,13,159
475741,475900,475913,13,159
475741,475912,475915,3,171
475741,475903,475915,12,162
475741,475912,475915,3,171
475765,475914,475917,3,149
475741,475913,475917,4,172
475741,475913,475916,3,172
475765,475914,475917,3,149
475741,475913,475918,5,172
475765,475914,475918,4,149
475741,475903,475917,14,162
475765,475915,475917,2,150
475765,475915,475918,3,150
475765,475915,475920,5,150
475765,475917,475921,4,152
475765,475916,475921,5,151
475765,475917,475925,8,152
475741,475874,475929,55,133
475741,475852,475931,79,111
475741,475854,475936,82,113
475765,475917,475939,22,152
475765,475929,475941,12,164
475765,475931,475941,10,166
475741,475853,475946,93,112
475765,475917,475953,36,152
475765,475925,475954,29,160
475765,475941,475956,15,176
475765,475941,475957,16,176
475765,475946,475958,12,181
475765,475920,475959,39,155
475765,475957,475962,5,192
475765,475958,475963,5,193
475765,475939,475963,24,174
475765,475936,475964,28,171
475741,475852,475967,115,111
475765,475959,475968,9,194
475765,475956,475971,15,191
475765,475968,475973,5,203
475765,475963,475974,11,198
475765,475963,475973,10,198
475765,475968,475975,7,203
475765,475965,475976,11,200
475765,475962,475977,15,197
475765,475971,475978,7,206
475765,475953,475979,26,188
475765,475974,475979,5,209
475765,475973,475980,7,208
475765,475921,475981,60,156
475765,475979,475982,3,214
475765,475974,475981,7,209
475765,475979,475982,3,214
475765,475980,475983,3,215
475765,475975,475983,8,210
475765,475981,475984,3,216
475765,475982,475984,2,217
475765,475982,475985,3,217
475765,475982,475985,3,217
475765,475978,475984,6,213
475765,475983,475985,2,218
475765,475984,475986,2,219
475765,475983,475985,2,218
475765,475984,475986,2,219
475765,475985,475987,2,220
475765,475985,475987,2,220
475765,475985,475987,2,220
475827,475987,475989,2,160
475827,475987,475989,2,160
475827,475989,475991,2,162
475827,475989,475991,2,162
475827,475989,475991,2,162
475765,475977,475991,14,212
475765,475918,475992,74,153
475827,475991,475993,2,164
475765,475986,475992,6,221
475765,475986,475993,7,221
475765,475986,475992,6,221
475765,475954,475994,40,189
475827,475991,475993,2,164
475765,475976,475994,18,211
475827,475991,475994,3,164
475765,475920,475997,77,155
475765,475921,476006,85,156
475827,475992,476011,19,165
475827,475991,476013,22,164
475827,475997,476013,16,170
474694,474958,476015,1057,264
475827,475993,476018,25,166
475827,475994,476022,28,167
475827,476018,476025,7,191
475827,476015,476025,10,188
475827,476013,476027,14,186
475827,476022,476027,5,195
475827,476025,476032,7,198
475827,476013,476033,20,186
475827,476011,476036,25,184
475827,476032,476038,6,205
475827,476027,476038,11,200
475827,475993,476038,45,166
475827,476027,476039,12,200
475827,475993,476039,46,166
475827,476025,476041,16,198
475827,476033,476042,9,206
475827,476038,476044,6,211
475827,476006,476044,38,179
475827,476041,476045,4,214
475827,476039,476046,7,212
475827,476039,476047,8,212
475827,476042,476048,6,215
475827,476038,476048,10,211
475827,476036,476049,13,209
475827,476049,476051,2,222
475827,476048,476051,3,221
475827,476044,476052,8,217
475765,475918,476053,135,153
475827,476051,476052,1,224
475827,476051,476053,2,224
475827,476048,476054,6,221
475827,476047,476054,7,220
475827,476045,476055,10,218
475827,476052,476055,3,225
475765,475918,476055,137,153
475827,476046,476055,9,219
475827,476038,476056,18,211
475827,476053,476056,3,226
475827,476053,476056,3,226
475827,476053,476056,3,226
475827,476054,476057,3,227
475827,476044,476057,13,217
475827,476054,476057,3,227
475827,476055,476057,2,228
475827,476055,476058,3,228
475827,476055,476057,2,228
475827,476055,476057,2,228
475827,476056,476059,3,229
475827,476056,476059,3,229
475889,476057,476059,2,168
475889,476057,476058,1,168
475889,476057,476060,3,168
475889,476058,476060,2,169
475889,476058,476060,2,169
475889,476059,476061,2,170
475889,476059,476062,3,170
475889,476058,476062,4,169
475827,476056,476061,5,229
475827,476056,476063,7,229
475889,476059,476069,10,170
475889,476059,476074,15,170
475827,475994,476074,80,167
475765,475918,476074,156,153
475827,475993,476078,85,166
475889,476060,476084,24,171
475889,476074,476085,11,185
475889,476074,476086,12,185
475827,475995,476086,91,168
474816,475093,476088,995,277
475889,476069,476089,20,180
475889,476086,476091,5,197
475889,476085,476093,8,196
475889,476086,476096,10,197
475889,476093,476098,5,204
475889,476091,476098,7,202
475889,476060,476102,42,171
475889,476078,476103,25,189
475889,476085,476104,19,196
475889,476062,476104,42,173
475889,476088,476105,17,199
475889,476105,476108,3,216
475889,476102,476109,7,213
475889,476104,476111,7,215
475889,476090,476112,22,201
475889,476108,476114,6,219
475889,476111,476115,4,222
475889,476075,476115,40,186
475889,476098,476115,17,209
475889,476112,476116,4,223
475889,476104,476116,12,215
475889,476109,476115,6,220
475889,476103,476117,14,214
475889,476116,476118,2,227
475889,476116,476118,2,227
475889,476116,476118,2,227
475889,476117,476119,2,228
475889,476098,476120,22,209
475889,476115,476120,5,226
475889,476118,476119,1,229
475889,476118,476119,1,229
475889,476097,476121,24,208
475889,476118,476121,3,229
475889,476120,476122,2,231
475889,476119,476122,3,230
475889,476114,476122,8,225
475889,476120,476123,3,231
475889,476120,476122,2,231
475889,476121,476124,3,232
475889,476120,476124,4,231
475889,476115,476125,10,226
475889,476121,476125,4,232
475901,476123,476125,2,222
475889,476122,476125,3,233
475901,476124,476126,2,223
475901,476125,476127,2,224
475901,476124,476127,3,223
475901,476125,476128,3,224
475901,476125,476127,2,224
475889,476122,476127,5,233
475889,476122,476129,7,233
475901,476126,476129,3,225
475889,476115,476129,14,226
475901,476126,476129,3,225
475889,476061,476133,72,172
475889,476063,476139,76,174
475901,476127,476139,12,226
475889,476061,476148,87,172
475889,476062,476149,87,173
475901,476127,476154,27,226
475901,476129,476156,27,228
475901,476129,476159,30,228
475901,476129,476162,33,228
475901,476128,476168,40,227
475901,476139,476169,30,238
475901,476139,476169,30,238
475901,476133,476170,37,232
475901,476168,476173,5,267
475901,476148,476174,26,247
475901,476149,476174,25,248
475901,476154,476176,22,253
475901,476170,476177,7,269
475901,476129,476178,49,228
475901,476162,476177,15,261
475901,476159,476180,21,258
475901,476177,476181,4,276
475901,476170,476181,11,269
475901,476128,476183,55,227
475901,476178,476183,5,277
475901,476176,476184,8,275
475901,476178,476184,6,277
475901,476183,476186,3,282
475901,476170,476186,16,269
475901,476183,476186,3,282
475901,476184,476186,2,283
475901,476184,476187,3,283
475901,476156,476187,31,255
475901,476181,476188,7,280
475889,476063,476189,126,174
475901,476180,476189,9,279
475901,476181,476190,9,280
475901,476186,476190,4,285
475901,476186,476190,4,285
475901,476187,476190,3,286
475901,476187,476192,5,286
475901,476189,476192,3,288
475901,476188,476192,4,287
475901,476189,476192,3,288
475901,476187,476192,5,286
475901,476173,476193,20,272
475901,476190,476193,3,289
474719,475024,476194,1170,305
475901,476190,476194,4,289
475901,476191,476194,3,290
475901,476186,476193,7,285
475901,476192,476195,3,291
475901,476191,476194,3,290
475901,476174,476195,21,273
475901,476192,476196,4,291
475901,476174,476196,22,273
476016,476194,476196,2,178
476016,476194,476197,3,178
476016,476194,476196,2,178
475901,476193,476196,3,292
475901,476192,476198,6,291
476016,476195,476197,2,179
476016,476196,476198,2,180
476016,476196,476199,3,180
476016,476196,476199,3,180
476016,476195,476200,5,179
475901,476194,476200,6,293
475901,476193,476201,8,292
475901,476193,476201,8,292
475901,476128,476205,77,227
474822,475169,476207,1038,347
476016,476197,476207,10,181
475827,475995,476211,216,168
476016,476205,476221,16,189
476016,476198,476220,22,182
476016,476207,476224,17,191
476016,476198,476225,27,182
476016,476198,476226,28,182
476016,476221,476227,6,205
476016,476224,476228,4,208
476016,476208,476228,20,192
476016,476225,476232,7,209
476016,476221,476233,12,205
476016,476211,476233,22,195
476016,476199,476235,36,183
476016,476226,476238,12,210
476016,476233,476240,7,217
476016,476201,476240,39,185
476016,476200,476241,41,184
476016,476228,476241,13,212
476016,476229,476241,12,213
476016,476228,476242,14,212
476016,476232,476245,13,216
476016,476241,476245,4,225
476016,476241,476245,4,225
476016,476240,476246,6,224
476016,476240,476247,7,224
476016,476235,476247,12,219
476016,476197,476246,49,181
476016,476238,476249,11,222
476016,476245,476250,5,229
476016,476247,476250,3,231
476016,476247,476251,4,231
476016,476233,476251,18,217
476016,476245,476251,6,229
476016,476243,476251,8,227
476016,476245,476251,6,229
476016,476246,476250,4,230
476016,476247,476250,3,231
476016,476199,476252,53,183
476016,476200,476253,53,184
476016,476242,476252,10,226
476016,476251,476253,2,235
476016,476249,476254,5,233
476016,476250,476255,5,234
476016,476251,476255,4,235
476016,476251,476256,5,235
476016,476251,476255,4,235
476016,476251,476256,5,235
476016,476251,476256,5,235
476016,476251,476257,6,235
476016,476250,476256,6,234
476089,476255,476258,3,166
476089,476256,476259,3,167
476089,476255,476258,3,166
476089,476256,476259,3,167
476089,476254,476258,4,165
476089,476256,476259,3,167
476016,476252,476261,9,236
476089,476257,476261,4,168
476016,476253,476262,9,237
476016,476253,476263,10,237
476089,476256,476262,6,167
476016,476201,476273,72,185
476089,476259,476284,25,170
476089,476257,476286,29,168
476016,476198,476286,88,182
476089,476263,476288,25,174
476089,476258,476297,39,169
476089,476259,476300,41,170
476089,476273,476304,31,184
476089,476304,476309,5,215
476089,476259,476310,51,170
476089,476309,476312,3,220
476089,476310,476313,3,221
476089,476284,476313,29,195
476089,476300,476313,13,211
476089,476312,476318,6,223
476089,476286,476320,34,197
476016,476198,476324,126,182
476089,476318,476325,7,229
476089,476313,476326,13,224
476089,476297,476327,30,208
476089,476262,476328,66,173
476089,476313,476328,15,224
476089,476320,476329,9,231
476089,476325,476329,4,236
476089,476313,476329,16,224
476089,476324,476329,5,235
476089,476330,476332,2,241
476089,476263,476332,69,174
476089,476288,476334,46,199
476089,476329,476334,5,240
476089,476328,476334,6,239
476089,476329,476334,5,240
476089,476286,476334,48,197
476089,476326,476335,9,237
476089,476328,476336,8,239
476089,476261,476336,75,172
476089,476330,476336,6,241
476089,476332,476337,5,243
476089,476334,476339,5,245
476089,476336,476339,3,247
476089,476333,476339,6,244
476089,476334,476340,6,245
476089,476336,476339,3,247
476089,476338,476340,2,249
476089,476334,476339,5,245
476089,476334,476340,6,245
476089,476336,476339,3,247
476089,476335,476341,6,246
476089,476339,476341,2,250
476089,476334,476342,8,245
476089,476339,476342,3,250
476089,476339,476341,2,250
476196,476340,476343,3,144
476196,476340,476343,3,144
476196,476341,476343,2,145
476196,476342,476344,2,146
476196,476342,476344,2,146
476089,476327,476345,18,238
476196,476342,476345,3,146
476089,476340,476346,6,251
476196,476342,476345,3,146
476089,476340,476347,7,251
476089,476340,476347,7,251
476196,476343,476349,6,147
476089,476259,476351,92,170
476196,476343,476356,13,147
476196,476343,476384,41,147
476196,476346,476385,39,150
476196,476351,476386,35,155
476196,476356,476394,38,160
476196,476345,476397,52,149
476196,476384,476397,13,188
476196,476385,476399,14,189
476196,476344,476403,59,148
476196,476399,476406,7,203
476196,476397,476406,9,201
476196,476346,476410,64,150
476196,476345,476412,67,149
476196,476403,476413,10,207
476196,476397,476416,19,201
476196,476394,476417,23,198
476196,476386,476417,31,190
476089,476261,476419,158,172
476196,476419,476423,4,223
476196,476417,476423,6,221
476196,476406,476425,19,210
476196,476411,476427,16,215
476196,476412,476428,16,216
476196,476406,476428,22,210
476196,476423,476429,6,227
476196,476349,476429,80,153
476196,476417,476429,12,221
476196,476427,476430,3,231
476196,476429,476431,2,233
476196,476428,476431,3,232
476196,476430,476432,2,234
476196,476429,476432,3,233
476196,476423,476433,10,227
476196,476429,476433,4,233
476196,476431,476433,2,235
476196,476431,476434,3,235
476196,476432,476433,1,236
476196,476429,476435,6,233
476196,476432,476435,3,236
476196,476425,476435,10,229
476196,476414,476436,22,218
476196,476433,476436,3,237
476196,476434,476437,3,238
476196,476434,476437,3,238
476196,476435,476437,2,239
476196,476435,476437,2,239
476196,476434,476436,2,238
476196,476436,476438,2,240
476196,476435,476438,3,239
476196,476433,476437,4,237
476196,476416,476439,23,220
476209,476437,476439,2,228
476209,476437,476439,2,228
476209,476438,476440,2,229
476209,476438,476441,3,229
476209,476438,476441,3,229
476209,476439,476440,1,230
476209,476439,476441,2,230
476196,476437,476444,7,241
476196,476436,476443,7,240
476196,476437,476444,7,241
476209,476440,476445,5,231
476196,476344,476447,103,148
476209,476440,476461,21,231
476209,476441,476473,32,232
476209,476442,476476,34,233
476209,476445,476477,32,236
476196,476347,476477,130,151
476209,476441,476484,43,232
476209,476477,476493,16,268
476209,476441,476499,58,232
476209,476476,476504,28,267
476209,476477,476505,28,268
474896,475233,476507,1274,337
476209,476505,476509,4,296
476209,476509,476511,2,300
476209,476507,476511,4,298
476209,476511,476513,2,302
476209,476511,476514,3,302
476089,476261,476515,254,172
476209,476484,476517,33,275
476209,476447,476518,71,238
476209,476513,476519,6,304
475028,475354,476522,1168,326
476209,476519,476522,3,310
476209,476514,476523,9,305
476209,476515,476524,9,306
476209,476522,476526,4,313
476209,476523,476526,3,314
476209,476445,476526,81,236
476209,476524,476527,3,315
476209,476519,476528,9,310
476209,476522,476529,7,313
476209,476526,476530,4,317
476209,476526,476531,5,317
476209,476517,476530,13,308
475089,475479,476531,1052,390
476209,476528,476531,3,319
476209,476529,476532,3,320
476209,476526,476532,6,317
476209,476528,476533,5,319
476209,476531,476534,3,322
476209,476532,476533,1,323
476209,476532,476534,2,323
476209,476444,476533,89,235
476209,476532,476535,3,323
476209,476530,476535,5,321
476209,476504,476535,31,295
476209,476534,476536,2,325
476209,476534,476536,2,325
476209,476532,476536,4,323
476209,476534,476537,3,325
476209,476534,476536,2,325
476209,476531,476537,6,322
476209,476533,476538,5,324
476508,476536,476539,3,28
476508,476537,476539,2,29
476209,476535,476539,4,326
476508,476537,476539,2,29
476508,476538,476541,3,30
476508,476539,476541,2,31
476508,476539,476540,1,31
476209,476535,476542,7,326
476209,476535,476542,7,326
476508,476538,476541,3,30
476209,476536,476542,6,327
476209,476461,476545,84,252
476508,476539,476548,9,31
476209,476493,476553,60,284
476508,476540,476561,21,32
476508,476541,476562,21,33
476508,476542,476563,21,34
476508,476545,476564,19,37
476508,476541,476567,26,33
474944,475293,476570,1277,349
476508,476541,476571,30,33
476209,476499,476571,72,290
476508,476542,476576,34,34
475085,475417,476581,1164,332
476508,476542,476589,47,34
476508,476581,476590,9,73
476196,476347,476592,245,151
476508,476548,476593,45,40
476508,476589,476594,5,81
476508,476590,476595,5,82
476508,476594,476596,2,86
476508,476592,476596,4,84
476508,476595,476597,2,87
476508,476593,476597,4,85
476508,476576,476598,22,68
476508,476596,476598,2,88
476508,476598,476600,2,90
476508,476598,476601,3,90
476508,476596,476601,5,88
476508,476571,476601,30,63
476508,476600,476603,3,92
476508,476598,476605,7,90
476508,476601,476605,4,93
476508,476571,476605,34,63
476508,476602,476606,4,94
476508,476601,476606,5,93
476508,476603,476606,3,95
476508,476597,476606,9,89
476508,476605,476608,3,97
476508,476605,476609,4,97
476508,476606,476608,2,98
476508,476605,476610,5,97
476209,476473,476611,138,264
476508,476608,476611,3,100
476508,476606,476610,4,98
476508,476608,476610,2,100
476508,476606,476612,6,98
476508,476611,476613,2,103
476508,476609,476614,5,101
476508,476609,476614,5,101
476508,476611,476614,3,103
476508,476610,476613,3,102
476526,476614,476616,2,88
476526,476614,476617,3,88
476508,476612,476617,5,104
476526,476616,476618,2,90
476526,476617,476619,2,91
476508,476564,476620,56,56
476508,476612,476619,7,104
476526,476618,476621,3,92
476526,476618,476620,2,92
476526,476619,476621,2,93
476508,476613,476621,8,105
476508,476613,476622,9,105
476508,476614,476621,7,106
476526,476620,476623,3,94
476508,476571,476628,57,63
476209,476444,476635,191,235
476508,476562,476636,74,54
476508,476553,476637,84,45
476526,476620,476638,18,94
476508,476563,476639,76,55
476508,476542,476640,98,34
476508,476567,476652,85,59
476526,476640,476659,19,114
476526,476621,476659,38,95
476508,476561,476665,104,53
476526,476639,476665,26,113
476526,476621,476672,51,95
476526,476665,476683,18,139
476526,476652,476684,32,126
476526,476659,476686,27,133
476526,476683,476687,4,157
476526,476684,476689,5,158
476526,476666,476692,26,140
476526,476659,476692,33,133
476526,476689,476692,3,163
476526,476672,476692,20,146
476526,476688,476693,5,162
476526,476686,476694,8,160
476526,476621,476695,74,95
476526,476694,476696,2,168
476526,476628,476697,69,102
476526,476692,476698,6,166
476526,476695,476698,3,169
476526,476694,476697,3,168
476526,476692,476699,7,166
476526,476692,476699,7,166
476526,476696,476700,4,170
476526,476693,476701,8,167
476526,476699,476702,3,173
476526,476697,476702,5,171
476526,476698,476702,4,172
476526,476698,476701,3,172
476526,476698,476703,5,172
476526,476700,476703,3,174
476526,476700,476702,2,174
476526,476702,476705,3,176
476526,476702,476705,3,176
476526,476638,476704,66,112
476526,476702,476705,3,176
476526,476702,476705,3,176
476526,476703,476706,3,177
476526,476703,476706,3,177
476526,476703,476707,4,177
476526,476701,476706,5,175
476526,476705,476707,2,179
476526,476705,476710,5,179
476532,476707,476711,4,175
476532,476708,476711,3,176
476532,476710,476712,2,178
476532,476711,476713,2,179
476532,476711,476713,2,179
476526,476706,476713,7,180
476526,476623,476715,92,97
476532,476712,476715,3,180
476526,476705,476715,10,179
476526,476705,476715,10,179
476526,476705,476715,10,179
476526,476706,476716,10,180
476526,476637,476716,79,111
476532,476713,476716,3,181
476532,476713,476716,3,181
476526,476621,476729,108,95
476526,476636,476733,97,110
476532,476714,476733,19,182
476532,476734,476738,4,202
476532,476733,476740,7,201
476532,476729,476742,13,197
476532,476717,476747,30,185
476532,476738,476751,13,206
476532,476740,476751,11,208
476532,476742,476754,12,210
476532,476716,476755,39,184
476532,476715,476761,46,183
476526,476635,476761,126,109
476526,476622,476761,139,96
476532,476751,476763,12,219
476532,476751,476764,13,219
476532,476761,476765,4,229
476532,476763,476766,3,231
476532,476754,476765,11,222
476532,476764,476768,4,232
476532,476766,476768,2,234
476532,476761,476768,7,229
476532,476765,476769,4,233
476532,476756,476771,15,224
476532,476768,476771,3,236
476532,476769,476772,3,237
476532,476769,476772,3,237
476532,476766,476771,5,234
476532,476768,476774,6,236
476532,476747,476774,27,215
476532,476771,476774,3,239
476532,476771,476774,3,239
476532,476761,476776,15,229
476532,476772,476777,5,240
476532,476772,476777,5,240
476532,476772,476778,6,240
476532,476775,476778,3,243
476532,476774,476777,3,242
476526,476623,476779,156,97
476532,476777,476781,4,245
476532,476777,476780,3,245
476532,476776,476780,4,244
476532,476778,476782,4,246
476532,476774,476782,8,242
476532,476778,476782,4,246
476532,476774,476782,8,242
476532,476778,476784,6,246
476532,476781,476784,3,249
476532,476780,476786,6,248
476532,476781,476786,5,249
476572,476785,476787,2,213
476532,476781,476787,6,249
476572,476786,476789,3,214
476572,476788,476790,2,216
476572,476787,476791,4,215
476572,476788,476791,3,216
476532,476784,476790,6,252
476532,476782,476792,10,250
476532,476783,476793,10,251
476532,476783,476792,9,251
476572,476789,476792,3,217
476572,476790,476793,3,218
476572,476791,476794,3,219
475360,475603,476796,1193,243
476572,476791,476809,18,219
476532,476716,476812,96,184
476532,476716,476812,96,184
476572,476793,476819,26,221
476572,476791,476824,33,219
476572,476793,476828,35,221
476572,476796,476830,34,224
476572,476793,476830,37,221
476532,476715,476832,117,183
476532,476715,476832,117,183
476572,476792,476834,42,220
476572,476793,476835,42,221
476572,476812,476836,24,240
476572,476834,476847,13,262
476572,476795,476848,53,223
476572,476835,476848,13,263
475094,475544,476848,1304,450
476572,476847,476851,4,275
476572,476848,476851,3,276
476572,476848,476852,4,276
476572,476848,476852,4,276
476572,476851,476854,3,279
476572,476838,476853,15,266
476572,476832,476854,22,260
476572,476851,476855,4,279
476572,476852,476857,5,280
476572,476852,476857,5,280
476572,476810,476859,49,238
476572,476855,476859,4,283
476572,476854,476859,5,282
476572,476855,476859,4,283
476572,476854,476860,6,282
475677,475848,476860,1012,171
475629,475789,476861,1072,160
476572,476859,476862,3,287
476572,476857,476861,4,285
476572,476859,476862,3,287
476572,476859,476861,2,287
476572,476861,476862,1,289
476572,476860,476862,2,288
476572,476860,476862,2,288
476572,476857,476862,5,285
476572,476860,476863,3,288
476572,476862,476864,2,290
476572,476862,476864,2,290
476572,476862,476864,2,290
476572,476862,476865,3,290
476572,476862,476865,3,290
476572,476862,476865,3,290
476572,476812,476865,53,240
476572,476862,476864,2,290
476572,476830,476866,36,258
476572,476863,476865,2,291
476572,476832,476866,34,260
476582,476865,476867,2,283
476582,476866,476867,1,284
476582,476866,476868,2,284
476572,476824,476868,44,252
476582,476865,476867,2,283
476582,476866,476869,3,284
476582,476867,476870,3,285
476572,476863,476869,6,291
476582,476867,476869,2,285
476572,476864,476871,7,292
476582,476868,476871,3,286
476572,476864,476872,8,292
476572,476830,476872,42,258
476572,476864,476872,8,292
476572,476865,476872,7,293
476532,476716,476876,160,184
476572,476819,476876,57,247
476582,476869,476882,13,287
476572,476828,476886,58,256
476582,476871,476889,18,289
476582,476876,476892,16,294
476582,476872,476893,21,290
476582,476882,476893,11,300
476532,476715,476893,178,183
476582,476886,476894,8,304
476582,476876,476893,17,294
476582,476872,476895,23,290
476582,476872,476896,24,290
476582,476889,476897,8,307
476582,476872,476897,25,290
476582,476894,476901,7,312
476582,476895,476902,7,313
476582,476897,476904,7,315
476582,476893,476905,12,311
476582,476902,476905,3,320
476582,476892,476905,13,310
476582,476902,476906,4,320
476582,476893,476908,15,311
476582,476905,476908,3,323
476582,476895,476908,13,313
476582,476897,476909,12,315
476582,476893,476910,17,311
476582,476906,476910,4,324
476582,476896,476911,15,314
476582,476907,476911,4,325
476582,476905,476911,6,323
476582,476904,476912,8,322
476582,476869,476912,43,287
476582,476911,476913,2,329
476582,476911,476913,2,329
476582,476908,476914,6,326
476582,476908,476914,6,326
476582,476909,476915,6,327
476582,476911,476915,4,329
476582,476910,476916,6,328
476582,476913,476916,3,331
476582,476912,476916,4,330
476582,476909,476915,6,327
476582,476910,476917,7,328
476582,476871,476917,46,289
476582,476913,476916,3,331
476582,476914,476916,2,332
476582,476913,476918,5,331
476797,476917,476920,3,120
476582,476915,476920,5,333
476582,476915,476921,6,333
476797,476917,476922,5,120
476797,476918,476922,4,121
476797,476920,476922,2,123
476797,476917,476922,5,120
476797,476921,476924,3,124
476582,476916,476924,8,334
476582,476916,476925,9,334
476797,476921,476925,4,124
476797,476922,476926,4,125
476582,476915,476926,11,333
476582,476916,476928,12,334
476582,476916,476928,12,334
476582,476869,476933,64,287
476797,476922,476935,13,125
475421,475666,476945,1279,245
476797,476928,476949,21,131
476797,476924,476950,26,127
476797,476922,476951,29,125
476797,476924,476951,27,127
476797,476933,476953,20,136
476797,476950,476962,12,153
476797,476951,476963,12,154
476797,476935,476966,31,138
476797,476924,476969,45,127
476797,476926,476970,44,129
476582,476869,476977,108,287
476797,476953,476977,24,156
476797,476963,476977,14,166
476797,476951,476978,27,154
476797,476967,476979,12,170
476797,476962,476981,19,165
476797,476926,476981,55,129
476797,476977,476981,4,180
476797,476928,476983,55,131
476797,476925,476983,58,128
476797,476980,476983,3,183
476797,476981,476984,3,184
476797,476977,476984,7,180
476797,476977,476985,8,180
476797,476979,476984,5,182
476797,476984,476986,2,187
476797,476983,476987,4,186
476797,476984,476987,3,187
476797,476969,476989,20,172
476797,476985,476989,4,188
476797,476986,476990,4,189
476797,476983,476990,7,186
476797,476981,476991,10,184
476797,476972,476991,19,175
476797,476987,476991,4,190
476797,476983,476992,9,186
476797,476989,476992,3,192
476797,476985,476993,8,188
476797,476989,476992,3,192
475597,475724,476992,1268,127
476797,476991,476992,1,194
476797,476991,476993,2,194
476797,476992,476994,2,195
476797,476991,476993,2,194
476797,476990,476994,4,193
476797,476990,476994,4,193
476797,476987,476994,7,190
476797,476993,476995,2,196
476797,476981,476996,15,184
476849,476994,476997,3,145
476849,476995,476997,2,146
476849,476995,476996,1,146
476797,476993,476996,3,196
476849,476995,476998,3,146
476849,476995,476998,3,146
476849,476997,476999,2,148
476849,476996,476998,2,147
476797,476993,477000,7,196
476797,476993,477000,7,196
476797,476994,477000,6,197
476849,476997,477001,4,148
476797,476994,477001,7,197
476849,477003,477013,10,154
476797,476949,477018,69,152
476849,477001,477024,23,152
476849,477013,477025,12,164
476849,476997,477028,31,148
476797,476925,477028,103,128
476849,476997,477029,32,148
476582,476871,477034,163,289
476849,477000,477034,34,151
476849,477025,477036,11,176
476849,477024,477039,15,175
476582,476870,477043,173,288
476849,476999,477044,45,150
476849,477018,477044,26,169
476849,477028,477045,17,179
476797,476945,477046,101,148
476849,477044,477048,4,195
476849,477043,477048,5,194
476849,477034,477049,15,185
476849,477044,477050,6,195
476849,477039,477050,11,190
476849,477034,477050,16,185
476849,477037,477052,15,188
476849,477046,477052,6,197
476849,477047,477052,5,198
476849,477029,477056,27,180
476849,476999,477056,57,150
476849,477051,477059,8,202
476849,477051,477059,8,202
476849,477051,477059,8,202
476849,477049,477060,11,200
476849,477048,477060,12,199
476849,477048,477060,12,199
476849,477052,477061,9,203
476849,477052,477061,9,203
476849,477056,477060,4,207
476849,477052,477061,9,203
476849,477056,477062,6,207
476849,477060,477063,3,211
476849,477060,477064,4,211
476849,477059,477064,5,210
476849,477062,477064,2,213
476849,477061,477064,3,212
476849,477061,477065,4,212
476849,477061,477065,4,212
476849,477061,477064,3,212
476849,477061,477064,3,212
476849,477064,477066,2,215
476849,477064,477067,3,215
476861,477065,477068,3,204
476861,477066,477069,3,205
476861,477067,477070,3,206
476849,477059,477070,11,210
476849,477028,477070,42,179
476849,477064,477071,7,215
476849,477065,477071,6,216
476861,477068,477070,2,207
476861,477069,477071,2,208
476849,477059,477072,13,210
476849,477064,477073,9,215
476849,477065,477073,8,216
476861,477070,477073,3,209
476849,477064,477074,10,215
476861,477070,477075,5,209
476861,477070,477075,5,209
476582,476870,477078,208,288
476849,477000,477079,79,151
476861,477072,477082,10,211
476849,476999,477087,88,150
476861,477073,477090,17,212
476861,477071,477090,19,210
475890,476123,477092,969,233
475742,475913,477099,1186,171
476861,477090,477100,10,229
476861,477071,477101,30,210
476861,477090,477103,13,229
476861,477075,477108,33,214
476861,477094,477108,14,233
476861,477082,477111,29,221
476861,477071,477113,42,210
476861,477078,477114,36,217
476861,477071,477117,46,210
476861,477108,477117,9,247
476861,477108,477118,10,247
476861,477103,477120,17,242
476861,477088,477123,35,227
476861,477111,477124,13,250
476861,477079,477125,46,218
476861,477114,477126,12,253
476861,477113,477127,14,252
476861,477127,477131,4,266
476861,477099,477132,33,238
476861,477126,477133,7,265
476861,477131,477134,3,270
476861,477117,477134,17,256
476861,477124,477135,11,263
476861,477075,477135,60,214
476861,477123,477136,13,262
476861,477133,477136,3,272
476861,477125,477137,12,264
476861,477102,477137,35,241
476861,477135,477137,2,274
476861,477117,477137,20,256
476861,477134,477138,4,273
476861,477134,477137,3,273
476861,477136,477138,2,275
476861,477133,477137,4,272
476861,477135,477138,3,274
476861,477137,477140,3,276
476861,477137,477140,3,276
476861,477100,477140,40,239
476861,477138,477140,2,277
476861,477137,477139,2,276
476861,477138,477139,1,277
476861,477139,477141,2,278
476861,477138,477141,3,277
476861,477138,477141,3,277
476861,477120,477140,20,259
476861,477136,477141,5,275
476849,476999,477142,143,150
476861,477139,477142,3,278
476862,477141,477143,2,279
476862,477141,477143,2,279
476861,477118,477142,24,257
476862,477141,477143,2,279
476862,477141,477142,1,279
476862,477141,477142,1,279
476862,477140,477143,3,278
476861,477140,477143,3,279
476862,477141,477143,2,279
476862,477142,477146,4,280
476861,477140,477146,6,279
476849,477000,477145,145,151
476861,477073,477156,83,212
476862,477146,477160,14,284
476862,477146,477161,15,284
476862,477142,477163,21,280
476862,477143,477168,25,281
476862,477143,477171,28,281
476862,477163,477171,8,301
476862,477143,477173,30,281
476862,477161,477173,12,299
476862,477168,477180,12,306
476862,477143,477183,40,281
476862,477173,477188,15,311
476862,477173,477188,15,311
476862,477147,477189,42,285
476862,477171,477191,20,309
476862,477180,477193,13,318
476862,477183,477194,11,321
476862,477171,477194,23,309
476862,477161,477196,35,299
476862,477143,477195,52,281
476862,477188,477198,10,326
476862,477143,477198,55,281
476016,476253,477199,946,237
476862,477188,477202,14,326
476862,477199,477202,3,337
476862,477198,477202,4,336
476862,477198,477204,6,336
476862,477190,477205,15,328
476862,477196,477205,9,334
476862,477202,477206,4,340
476862,477196,477206,10,334
476862,477195,477207,12,333
476862,477202,477206,4,340
476862,477202,477207,5,340
476862,477191,477207,16,329
476862,477206,477209,3,344
476862,477207,477210,3,345
476862,477207,477210,3,345
476862,477206,477211,5,344
476862,477208,477211,3,346
476862,477209,477212,3,347
476862,477194,477211,17,332
476862,477206,477211,5,344
476862,477210,477212,2,348
476862,477210,477213,3,348
476862,477208,477212,4,346
476862,477204,477214,10,342
476862,477205,477215,10,343
476862,477211,477214,3,349
476862,477211,477215,4,349
476946,477213,477216,3,267
476946,477212,477216,4,266
476862,477212,477217,5,350
476946,477213,477217,4,267
476862,477193,477218,25,331
476946,477214,477217,3,268
476862,477212,477217,5,350
476946,477215,477219,4,269
476946,477215,477219,4,269
476946,477215,477220,5,269
476946,477216,477220,4,270
476862,477145,477221,76,283
476946,477220,477233,13,274
476861,477074,477234,160,213
476946,477221,477235,14,275
476946,477220,477236,16,274
476862,477143,477237,94,281
476862,477142,477238,96,280
476946,477233,477244,11,287
476946,477219,477246,27,273
476946,477218,477248,30,272
476946,477217,477253,36,271
476946,477219,477254,35,273
476946,477216,477256,40,270
476946,477234,477258,24,288
476946,477254,477261,7,308
476946,477256,477261,5,310
476862,477156,477263,107,294
475766,475986,477264,1278,220
476861,477073,477264,191,212
476946,477235,477266,31,289
476946,477261,477267,6,315
476946,477259,477269,10,313
476946,477264,477269,5,318
476946,477263,477271,8,317
476946,477261,477270,9,315
476946,477264,477275,11,318
476946,477266,477276,10,320
476946,477246,477277,31,300
476946,477271,477277,6,325
476946,477267,477279,12,321
476946,477277,477279,2,331
476946,477271,477279,8,325
476946,477277,477280,3,331
476946,477269,477279,10,323
476946,477276,477281,5,330
476946,477217,477280,63,271
476946,477279,477281,2,333
476946,477279,477280,1,333
476946,477253,477282,29,307
476946,477275,477281,6,329
476946,477279,477281,2,333
476946,477280,477283,3,334
476946,477269,477282,13,323
476946,477280,477282,2,334
476946,477281,477284,3,335
476946,477282,477284,2,336
476946,477281,477284,3,335
476946,477282,477285,3,336
476946,477282,477284,2,336
476946,477281,477285,4,335
476946,477281,477284,3,335
476946,477283,477284,1,337
476994,477285,477287,2,291
476994,477285,477287,2,291
476994,477285,477288,3,291
476946,477284,477287,3,338
476994,477285,477287,2,291
476994,477286,477288,2,292
476994,477287,477289,2,293
476946,477248,477290,42,302
476946,477236,477290,54,290
476994,477287,477289,2,293
476862,477144,477291,147,282
476946,477284,477291,7,338
476994,477288,477291,3,294
476946,477284,477292,8,338
476946,477284,477292,8,338
476946,477218,477299,81,272
476994,477292,477307,15,298
475828,476057,477307,1250,229
476994,477290,477309,19,296
476946,477218,477313,95,272
476994,477308,477315,7,314
476946,477244,477316,72,298
476994,477288,477316,28,294
476994,477309,477319,10,315
476994,477299,477319,20,305
476994,477290,477321,31,296
476994,477292,477321,29,298
476994,477289,477326,37,295
476994,477307,477327,20,313
476994,477321,477331,10,327
476994,477321,477333,12,327
476994,477316,477335,19,322
476994,477326,477336,10,332
476994,477319,477336,17,325
476994,477327,477338,11,333
476946,477238,477338,100,292
476994,477288,477339,51,294
476994,477289,477340,51,295
476994,477331,477341,10,337
476994,477317,477342,25,323
476994,477333,477345,12,339
476994,477338,477345,7,344
476994,477345,477348,3,351
476994,477338,477348,10,344
476994,477345,477348,3,351
476994,477338,477348,10,344
476994,477342,477349,7,348
476994,477336,477350,14,342
476994,477348,477351,3,354
476994,477341,477352,11,347
476994,477349,477352,3,355
476994,477348,477353,5,354
476994,477348,477353,5,354
476994,477350,477352,2,356
476994,477319,477352,33,325
476994,477339,477352,13,345
476994,477348,477355,7,354
476994,477351,477355,4,357
476994,477352,477355,3,358
476994,477340,477355,15,346
476994,477353,477355,2,359
476994,477313,477357,44,319
476994,477353,477357,4,359
476994,477353,477357,4,359
476994,477353,477356,3,359
476994,477353,477358,5,359
476994,477352,477357,5,358
476994,477355,477359,4,361
476946,477237,477359,122,291
477095,477356,477359,3,261
477095,477357,477360,3,262
477095,477357,477360,3,262
477095,477357,477360,3,262
476994,477337,477361,24,343
477095,477357,477361,4,262
476994,477355,477360,5,361
476994,477355,477362,7,361
477095,477358,477362,4,263
477095,477358,477363,5,263
476994,477290,477366,76,296
476994,477315,477368,53,321
477095,477361,477370,9,266
477095,477359,477370,11,264
477095,477361,477372,11,266
477095,477368,477381,13,273
477095,477366,477382,16,271
477095,477370,477383,13,275
477095,477370,477384,14,275
477095,477362,477391,29,267
476994,477291,477391,100,297
477095,477363,477395,32,268
477095,477372,477398,26,277
477095,477384,477398,14,289
477095,477359,477398,39,264
477095,477360,477404,44,265
477095,477391,477404,13,296
477095,477383,477407,24,288
477095,477391,477410,19,296
477095,477395,477410,15,300
477095,477359,477413,54,264
477095,477398,477413,15,303
477095,477398,477413,15,303
475901,476194,477415,1221,293
477095,477398,477416,18,303
477095,477404,477417,13,309
477095,477404,477417,13,309
477095,477413,477418,5,318
477095,477413,477420,7,318
477095,477407,477420,13,312
477095,477410,477421,11,315
477095,477410,477421,11,315
477095,477362,477421,59,267
477095,477417,477422,5,322
477095,477360,477422,62,265
477095,477420,477423,3,325
477095,477418,477422,4,323
477095,477420,477423,3,325
477095,477413,477424,11,318
477095,477415,477425,10,320
477095,477361,477424,63,266
477095,477421,477426,5,326
477095,477423,477428,5,328
477095,477424,477428,4,329
477095,477417,477429,12,322
477095,477426,477429,3,331
477095,477425,477429,4,330
477095,477425,477429,4,330
477095,477421,477430,9,326
477095,477417,477430,13,322
477095,477422,477430,8,327
477095,477423,477431,8,328
477095,477428,477431,3,333
477095,477421,477430,9,326
477095,477423,477430,7,328
477100,477429,477432,3,329
477100,477430,477432,2,330
476994,477291,477432,141,297
477100,477429,477432,3,329
477100,477430,477433,3,330
477095,477423,477433,10,328
477100,477430,477433,3,330
477095,477428,477432,4,333
477100,477431,477434,3,331
477100,477431,477433,2,331
477100,477431,477435,4,331
477095,477429,477434,5,334
477095,477382,477440,58,287
477095,477361,477445,84,266
477100,477433,477447,14,333
477100,477433,477448,15,333
477100,477435,477448,13,335
477100,477433,477448,15,333
477095,477381,477449,68,286
477100,477448,477451,3,348
476994,477291,477454,163,297
477100,477449,477454,5,349
477100,477435,477455,20,335
477100,477433,477454,21,333
477100,477434,477457,23,334
477100,477451,477460,9,351
477100,477440,477460,20,340
477100,477431,477460,29,331
477100,477434,477463,29,334
477100,477448,477465,17,348
477100,477455,477465,10,355
477100,477454,477465,11,354
477100,477454,477466,12,354
477100,477457,477467,10,357
477100,477455,477468,13,355
477100,477432,477470,38,332
477100,477460,477471,11,360
477100,477445,477474,29,345
477100,477471,477474,3,371
477100,477468,477475,7,368
477100,477470,477476,6,370
477100,477461,477476,15,361
477100,477465,477478,13,365
477100,477460,477477,17,360
477100,477465,477478,13,365
477100,477466,477480,14,366
477100,477474,477481,7,374
477100,477468,477482,14,368
477100,477478,477482,4,378
477100,477432,477482,50,332
477100,477478,477483,5,378
477100,477481,477484,3,381
477100,477474,477483,9,374
477100,477477,477484,7,377
477100,477465,477486,21,365
477100,477482,477485,3,382
477100,477479,477485,6,379
477100,477463,477487,24,363
477100,477484,477487,3,384
477100,477475,477487,12,375
477100,477484,477486,2,384
477100,477482,477487,5,382
477100,477482,477487,5,382
477100,477480,477488,8,380
477100,477432,477487,55,332
477100,477483,477488,5,383
477200,477487,477490,3,287
477200,477487,477490,3,287
477200,477487,477491,4,287
477100,477432,477491,59,332
477100,477476,477490,14,376
477200,477487,477490,3,287
477200,477486,477491,5,286
477100,477486,477491,5,386
477200,477488,477492,4,288
477100,477485,477491,6,385
477200,477487,477493,6,287
477200,477488,477500,12,288
477100,477447,477503,56,347
477200,477493,477508,15,293
477200,477493,477509,16,293
477100,477448,477511,63,348
477200,477488,477511,23,288
477200,477500,477512,12,300
477200,477504,477513,9,304
477200,477488,477514,26,288
477200,477490,477514,24,290
477200,477490,477514,24,290
477200,477491,477516,25,291
477200,477491,477517,26,291
477200,477492,477519,27,292
477200,477491,477523,32,291
477200,477514,477524,10,314
477200,477514,477524,10,314
477200,477514,477525,11,314
477200,477508,477527,19,308
477200,477516,477529,13,316
477200,477519,477530,11,319
477200,477513,477530,17,313
477200,477491,477532,41,291
477200,477518,477533,15,318
477200,477524,477534,10,324
477200,477531,477534,3,331
477200,477523,477535,12,323
477200,477525,477537,12,325
477200,477524,477537,13,324
477200,477532,477538,6,332
477200,477527,477538,11,327
477200,477530,477538,8,330
477200,477534,477539,5,334
477200,477534,477539,5,334
477200,477530,477540,10,330
477200,477533,477539,6,333
477200,477509,477541,32,309
477200,477539,477542,3,339
477200,477535,477543,8,335
477200,477539,477544,5,339
477200,477492,477543,51,292
477200,477542,477544,2,342
477200,477539,477544,5,339
477200,477538,477544,6,338
477200,477538,477544,6,338
477200,477537,477545,8,337
477200,477540,477544,4,340
477200,477540,477546,6,340
477200,477511,477547,36,311
477200,477491,477547,56,291
477200,477537,477548,11,337
477272,477546,477549,3,274
477200,477543,477550,7,343
477272,477544,477550,6,272
477200,477541,477550,9,341
477200,477544,477551,7,344
477272,477547,477551,4,275
477200,477544,477551,7,344
477272,477545,477552,7,273
477272,477545,477551,6,273
477200,477512,477551,39,312
477200,477544,477551,7,344
477200,477544,477552,8,344
477272,477547,477554,7,275
477272,477548,477554,6,276
477272,477549,477556,7,277
476209,476536,477556,1020,327
477272,477552,477563,11,280
477200,477511,477563,52,311
477272,477552,477566,14,280
477272,477554,477567,13,282
476089,476340,477568,1228,251
477272,477552,477567,15,280
477272,477556,477571,15,284
477272,477556,477571,15,284
477272,477554,477573,19,282
477272,477553,477577,24,281
477272,477568,477578,10,296
477272,477571,477579,8,299
477272,477571,477580,9,299
477272,477568,477580,12,296
477272,477553,477582,29,281
477272,477573,477583,10,301
477272,477550,477584,34,278
477272,477550,477585,35,278
477272,477551,477586,35,279
477272,477577,477588,11,305
477272,477567,477589,22,295
477272,477550,477590,40,278
477272,477579,477592,13,307
477272,477578,477592,14,306
477272,477580,477592,12,308
477272,477590,477594,4,318
477272,477592,477595,3,320
477272,477584,477595,11,312
477272,477592,477597,5,320
477272,477585,477597,12,313
477272,477580,477597,17,308
477272,477589,477598,9,317
477272,477588,477599,11,316
477272,477582,477600,18,310
477272,477563,477600,37,291
477272,477586,477599,13,314
477272,477592,477601,9,320
477272,477598,477604,6,326
477272,477599,477605,6,327
477272,477601,477606,5,329
477272,477597,477606,9,325
477272,477597,477607,10,325
477272,477601,477607,6,329
477272,477601,477607,6,329
477272,477601,477607,6,329
477272,477594,477608,14,322
477272,477597,477607,10,325
477272,477595,477608,13,323
477272,477595,477609,14,323
477272,477566,477609,43,294
477272,477605,477610,5,333
477272,477605,477610,5,333
477308,477607,477609,2,299
477308,477608,477611,3,300
477272,477606,477612,6,334
477272,477606,477612,6,334
477308,477609,477611,2,301
477272,477583,477612,29,311
477308,477608,477612,4,300
477308,477607,477613,6,299
477308,477609,477613,4,301
477308,477607,477614,7,299
477272,477551,477621,70,279
477308,477612,477622,10,304
476508,476614,477624,1010,106
477308,477613,477626,13,305
477272,477563,477627,64,291
477308,477610,477628,18,302
477272,477551,477629,78,279
477308,477613,477633,20,305
477308,477621,477633,12,313
477308,477614,477636,22,306
477308,477624,477638,14,316
477308,477622,477639,17,314
477308,477612,477640,28,304
477308,477611,477640,29,303
477308,477636,477645,9,328
477308,477613,477645,32,305
477308,477638,477646,8,330
477308,477627,477647,20,319
477308,477613,477648,35,305
477308,477640,477649,9,332
477308,477639,477649,10,331
477308,477610,477651,41,302
477308,477612,477652,40,304
477308,477641,477653,12,333
477308,477633,477654,21,325
477308,477645,477655,10,337
477308,477646,477657,11,338
477308,477645,477658,13,337
477308,477647,477658,11,339
477308,477657,477659,2,349
477308,477655,477659,4,347
477308,477653,477660,7,345
477308,477649,477660,11,341
477308,477658,477661,3,350
477308,477654,477660,6,346
477308,477658,477661,3,350
477308,477653,477662,9,345
477308,477610,477663,53,302
477308,477652,477663,11,344
477308,477659,477663,4,351
477308,477659,477665,6,351
477308,477661,477665,4,353
477308,477649,477666,17,341
477308,477663,477666,3,355
477308,477629,477667,38,321
477308,477663,477667,4,355
477308,477662,477667,5,354
477308,477660,477668,8,352
477308,477648,477668,20,340
477308,477665,477669,4,357
477308,477664,477669,5,356
477308,477665,477669,4,357
477308,477661,477669,8,353
477308,477666,477671,5,358
477416,477668,477670,2,252
477308,477666,477671,5,358
477308,477661,477670,9,353
477416,477667,477670,3,251
477416,477668,477671,3,252
477416,477667,477671,4,251
477416,477669,477672,3,253
477416,477669,477673,4,253
477416,477669,477673,4,253
477308,477661,477673,12,353
477308,477633,477676,43,325
477308,477627,477680,53,319
477416,477670,477683,13,254
477308,477610,477684,74,302
476196,476437,477684,1247,241
477416,477672,477686,14,256
477416,477676,477692,16,260
477308,477628,477692,64,320
477416,477684,477693,9,268
477416,477683,477693,10,267
477416,477680,477696,16,264
477416,477684,477700,16,268
477416,477673,477703,30,257
477416,477673,477703,30,257
477416,477671,477706,35,255
477416,477671,477706,35,255
477416,477696,477709,13,280
477416,477700,477712,12,284
477416,477703,477714,11,287
477416,477703,477715,12,287
477416,477706,477717,11,290
477416,477671,477718,47,255
477416,477694,477721,27,278
477416,477686,477722,36,270
477416,477671,477723,52,255
477416,477706,477723,17,290
477416,477723,477725,2,307
477416,477671,477725,54,255
477416,477673,477726,53,257
477416,477709,477726,17,293
477416,477712,477726,14,296
477416,477722,477726,4,306
477416,477725,477728,3,309
477416,477725,477727,2,309
477416,477723,477728,5,307
477416,477726,477730,4,310
477416,477727,477731,4,311
477416,477717,477730,13,301
477416,477726,477731,5,310
477416,477727,477731,4,311
477416,477716,477731,15,300
477416,477714,477732,18,298
477416,477728,477733,5,312
477416,477731,477733,2,315
477416,477731,477734,3,315
477416,477731,477734,3,315
477416,477730,477734,4,314
477416,477731,477733,2,315
477416,477732,477735,3,316
477416,477732,477735,3,316
477416,477728,477736,8,312
477556,477734,477736,2,178
477416,477729,477736,7,313
477416,477733,477737,4,317
477556,477735,477738,3,179
477556,477736,477738,2,180
477556,477735,477738,3,179
477556,477735,477737,2,179
477556,477736,477739,3,180
477416,477733,477739,6,317
477556,477736,477739,3,180
477556,477737,477741,4,181
477416,477734,477742,8,318
477416,477718,477742,24,302
477416,477671,477743,72,255
477416,477721,477744,23,305
477416,477671,477746,75,255
477556,477738,477755,17,182
477556,477744,477756,12,188
477556,477739,477757,18,183
477556,477743,477757,14,187
477556,477746,477759,13,190
477556,477739,477760,21,183
477556,477738,477761,23,182
477556,477739,477762,23,183
477556,477738,477763,25,182
476533,476784,477765,981,251
477556,477741,477766,25,185
477556,477757,477767,10,201
477556,477757,477767,10,201
477556,477756,477768,12,200
477416,477693,477769,76,277
477556,477759,477770,11,203
477556,477755,477771,16,199
477556,477761,477772,11,205
477556,477762,477774,12,206
477556,477763,477774,11,207
477556,477761,477778,17,205
477556,477767,477779,12,211
477556,477765,477779,14,209
477556,477766,477781,15,210
477556,477774,477781,7,218
477556,477742,477781,39,186
477556,477774,477781,7,218
477556,477767,477783,16,211
477556,477768,477784,16,212
477556,477779,477785,6,223
477556,477770,477785,15,214
477556,477781,477785,4,225
477556,477783,477785,2,227
477556,477772,477787,15,216
477556,477771,477787,16,215
477556,477770,477787,17,214
477556,477785,477788,3,229
477556,477778,477788,10,222
477556,477784,477787,3,228
477556,477781,477787,6,225
477556,477781,477789,8,225
477556,477785,477788,3,229
477556,477781,477790,9,225
477556,477738,477789,51,182
477556,477742,477789,47,186
477556,477779,477789,10,223
477556,477788,477791,3,232
477556,477787,477791,4,231
477556,477788,477790,2,232
477556,477787,477791,4,231
477556,477787,477792,5,231
477556,477789,477791,2,233
477556,477788,477791,3,232
477569,477790,477793,3,221
477556,477787,477793,6,231
477556,477787,477792,5,231
477569,477790,477793,3,221
477569,477791,477794,3,222
477569,477791,477794,3,222
477569,477791,477794,3,222
477569,477791,477794,3,222
477556,477789,477795,6,233
477569,477792,477794,2,223
477569,477792,477795,3,223
477556,477790,477796,6,234
477556,477789,477797,8,233
477569,477796,477807,11,227
477569,477796,477808,12,227
477569,477792,477808,16,223
477569,477796,477809,13,227
477569,477797,477809,12,228
477569,477793,477812,19,224
477416,477692,477812,120,276
477416,477693,477816,123,277
477569,477807,477817,10,238
477569,477808,477819,11,239
477569,477795,477819,24,226
477569,477808,477821,13,239
477569,477793,477822,29,224
477569,477793,477823,30,224
477569,477812,477824,12,243
477569,477794,477827,33,225
477569,477817,477828,11,248
477569,477816,477828,12,247
477569,477819,477832,13,250
477569,477823,477832,9,254
477569,477819,477833,14,250
477569,477821,477834,13,252
477569,477822,477835,13,253
477569,477812,477836,24,243
477569,477824,477837,13,255
477569,477809,477838,29,240
477569,477794,477838,44,225
477569,477832,477838,6,263
477569,477827,477838,11,258
477569,477833,477840,7,264
477569,477832,477840,8,263
477569,477794,477841,47,225
477569,477838,477841,3,269
477569,477828,477842,14,259
477569,477838,477843,5,269
477569,477828,477842,14,259
477569,477836,477844,8,267
477569,477841,477845,4,272
477569,477838,477844,6,269
477569,477836,477845,9,267
477569,477841,477846,5,272
477569,477840,477846,6,271
477569,477834,477846,12,265
477569,477837,477847,10,268
477569,477843,477847,4,274
477569,477844,477847,3,275
477569,477839,477848,9,270
477569,477840,477848,8,271
477569,477845,477850,5,276
477569,477845,477850,5,276
477569,477842,477850,8,273
477569,477843,477849,6,274
477569,477845,477850,5,276
477625,477847,477852,5,222
477625,477847,477852,5,222
477625,477847,477854,7,222
477569,477846,477854,8,277
477625,477848,477854,6,223
477625,477850,477854,4,225
477625,477850,477854,4,225
477625,477848,477855,7,223
477569,477810,477854,44,241
477625,477850,477854,4,225
477569,477846,477857,11,277
477625,477850,477860,10,225
477625,477855,477867,12,230
477625,477854,477867,13,229
477625,477855,477870,15,230
477569,477794,477870,76,225
477625,477857,477871,14,232
477569,477794,477872,78,225
477625,477860,477873,13,235
476527,476707,477872,1165,180
477625,477850,477877,27,225
477625,477867,477878,11,242
477625,477852,477879,27,227
477625,477870,477880,10,245
477625,477870,477880,10,245
477625,477854,477880,26,229
477625,477867,477881,14,242
477625,477852,477882,30,227
477625,477873,477883,10,248
477625,477873,477885,12,248
477625,477854,477886,32,229
477625,477872,477886,14,247
477625,477886,477888,2,261
477625,477878,477889,11,253
477625,477877,477889,12,252
477625,477880,477889,9,255
477625,477854,477890,36,229
477625,477871,477891,20,246
477625,477879,477890,11,254
477625,477880,477891,11,255
477625,477886,477891,5,261
477625,477883,477892,9,258
477625,477882,477892,10,257
477625,477887,477892,5,262
477625,477880,477893,13,255
477625,477881,477893,12,256
477625,477890,477894,4,265
477625,477891,477894,3,266
477625,477893,477896,3,268
477625,477892,477896,4,267
477625,477891,477896,5,266
477625,477889,477895,6,264
477625,477891,477895,4,266
477625,477893,477896,3,268
477625,477892,477897,5,267
477625,477891,477897,6,266
477625,477889,477897,8,264
477625,477888,477898,10,263
477625,477892,477897,5,267
477625,477889,477898,9,264
477625,477895,477898,3,270
477625,477896,477899,3,271
477625,477894,477899,5,269
477625,477854,477900,46,229
477625,477896,477901,5,271
477685,477898,477901,3,213
477625,477896,477902,6,271
477685,477897,477903,6,212
477685,477899,477903,4,214
477685,477897,477903,6,212
477685,477898,477902,4,213
477685,477898,477904,6,213
477685,477899,477903,4,214
477625,477896,477904,8,271
477625,477896,477905,9,271
477625,477896,477907,11,271
477685,477899,477908,9,214
477625,477855,477912,57,230
477685,477904,477918,14,219
477685,477907,477920,13,222
477685,477909,477921,12,224
477685,477905,477921,16,220
477685,477912,477922,10,227
477685,477903,477926,23,218
477685,477903,477926,23,218
477685,477902,477926,24,217
477685,477918,477929,11,233
477685,477901,477932,31,216
477685,477921,477933,12,236
477685,477926,477935,9,241
477685,477922,477937,15,237
477685,477926,477939,13,241
477685,477926,477939,13,241
477685,477904,477941,37,219
477685,477903,477941,38,218
477685,477921,477942,21,236
477685,477929,477942,13,244
477685,477932,477943,11,247
477685,477943,477946,3,258
477685,477935,477947,12,250
477685,477942,477948,6,257
477685,477933,477948,15,248
477685,477937,477948,11,252
477685,477943,477947,4,258
477685,477941,477948,7,256
477685,477941,477948,7,256
477685,477946,477950,4,261
477685,477939,477951,12,254
477685,477939,477951,12,254
477685,477922,477952,30,237
477685,477948,477953,5,263
477685,477948,477953,5,263
477685,477947,477953,6,262
477685,477948,477954,6,263
477685,477900,477955,55,215
477685,477901,477955,54,216
477685,477951,477956,5,266
477685,477948,477956,8,263
477685,477949,477957,8,264
477685,477950,477958,8,265
477685,477951,477958,7,266
477685,477955,477958,3,270
477685,477949,477959,10,264
477685,477956,477959,3,271
477685,477955,477960,5,270
477685,477953,477960,7,268
477685,477953,477960,7,268
477685,477953,477960,7,268
477685,477954,477960,6,269
477765,477959,477960,1,194
477765,477959,477962,3,194
477765,477960,477962,2,195
477765,477958,477962,4,193
477685,477956,477962,6,271
477765,477958,477962,4,193
477765,477960,477963,3,195
477685,477904,477962,58,219
477765,477960,477966,6,195
477685,477957,477968,11,272
477765,477961,477968,7,196
477685,477956,477970,14,271
477765,477960,477970,10,195
477765,477969,477978,9,204
477765,477961,477979,18,196
477765,477971,477983,12,206
477765,477970,477984,14,205
477765,477962,477985,23,197
477765,477978,477987,9,213
477765,477980,477992,12,215
477765,477962,477997,35,197
477765,477986,478000,14,221
477765,477992,478001,9,227
477765,477984,478001,17,219
477765,477962,478003,41,197
477765,477962,478003,41,197
477765,477987,478003,16,222
477765,477968,478007,39,203
477685,477904,478009,105,219
477765,478001,478010,9,236
477765,477986,478012,26,221
477765,477997,478013,16,232
477765,478010,478013,3,245
477765,478003,478013,10,238
477765,478001,478015,14,236
477765,478003,478014,11,238
477765,478005,478016,11,240
477765,478001,478018,17,236
477765,478012,478019,7,247
477765,478009,478019,10,244
477765,478013,478020,7,248
477765,477963,478021,58,198
477765,478019,478022,3,254
477765,478013,478022,9,248
477765,478013,478023,10,248
477765,478020,478023,3,255
477765,478007,478024,17,242
477765,478022,478024,2,257
477765,478019,478024,5,254
477765,478021,478024,3,256
477765,478022,478025,3,257
477765,478023,478025,2,258
477765,478015,478026,11,250
477765,478024,478025,1,259
477765,478024,478027,3,259
477765,478023,478027,4,258
477765,478017,478026,9,252
477765,478025,478027,2,260
477765,478018,478027,9,253
477765,478026,478028,2,261
477765,478024,478028,4,259
477765,478026,478028,2,261
477765,478024,478029,5,259
477765,478026,478028,2,261
477765,478015,478029,14,250
477877,478028,478030,2,151
477765,478027,478030,3,262
477877,478028,478031,3,151
477877,478027,478030,3,150
477877,478028,478030,2,151
477877,478027,478031,4,150
477877,478028,478031,3,151
477877,478029,478032,3,152
477877,478029,478034,5,152
477765,477966,478036,70,201
476573,476865,478037,1172,292
477765,477963,478038,75,198
477877,478030,478042,12,153
477877,478031,478044,13,154
477877,478030,478046,16,153
477877,478038,478048,10,161
477877,478037,478048,11,160
477877,478030,478048,18,153
477877,478031,478052,21,154
477877,478043,478054,11,166
477877,478046,478056,10,169
477877,478044,478057,13,167
477877,478036,478057,21,159
477877,478048,478058,10,171
477877,478031,478062,31,154
477877,478054,478064,10,177
477877,478048,478066,18,171
477877,478056,478067,11,179
477877,478057,478068,11,180
477877,478033,478068,35,156
477877,478057,478068,11,180
477877,478058,478070,12,181
477877,478068,478072,4,191
477877,478049,478072,23,172
477877,478062,478073,11,185
477877,478068,478074,6,191
477877,478052,478075,23,175
477765,477963,478075,112,198
477877,478070,478076,6,193
477877,478067,478078,11,190
477877,478068,478080,12,191
477877,478065,478080,15,188
477877,478075,478081,6,198
477877,478080,478083,3,203
477877,478075,478084,9,198
477877,478078,478084,6,201
477877,478034,478084,50,157
477877,478081,478085,4,204
477877,478067,478084,17,190
477877,478083,478086,3,206
477877,478076,478085,9,199
477877,478085,478088,3,208
477877,478080,478088,8,203
477877,478085,478089,4,208
477877,478084,478088,4,207
477877,478086,478089,3,209
477877,478072,478089,17,195
477877,478072,478089,17,195
477877,478086,478088,2,209
477877,478074,478090,16,197
477877,478084,478089,5,207
477877,478085,478089,4,208
477877,478074,478091,17,197
477877,478088,478091,3,211
478037,478089,478092,3,52
478037,478089,478091,2,52
478037,478090,478092,2,53
477877,478088,478093,5,211
478037,478090,478095,5,53
477877,478089,478095,6,212
478037,478090,478095,5,53
478037,478090,478095,5,53
478037,478091,478096,5,54
477877,478089,478098,9,212
477877,478032,478098,66,155
478037,478092,478098,6,55
477877,478032,478100,68,155
478037,478092,478103,11,55
478037,478098,478113,15,61
478037,478099,478114,15,62
478037,478100,478114,14,63
476583,476917,478115,1198,334
478037,478093,478116,23,56
478037,478103,478115,12,66
478037,478093,478119,26,56
478037,478092,478120,28,55
478037,478095,478123,28,58
478037,478098,478124,26,61
478037,478114,478125,11,77
478037,478114,478125,11,77
478037,478115,478126,11,78
478037,478116,478127,11,79
478037,478113,478127,14,76
478037,478116,478127,11,79
478037,478120,478131,11,83
478037,478131,478134,3,94
478037,478124,478134,10,87
478037,478119,478135,16,82
478037,478127,478135,8,90
478037,478134,478137,3,97
478037,478127,478137,10,90
478037,478134,478137,3,97
478037,478135,478139,4,98
478037,478123,478139,16,86
478037,478126,478141,15,89
478037,478127,478141,14,90
478037,478135,478141,6,98
478037,478125,478141,16,88
478037,478139,478144,5,102
478037,478137,478145,8,100
478037,478137,478146,9,100
478037,478139,478147,8,102
478037,478095,478147,52,58
478037,478137,478147,10,100
478037,478144,478148,4,107
478037,478141,478148,7,104
478037,478146,478148,2,109
478037,478142,478149,7,105
478037,478125,478149,24,88
478037,478145,478148,3,108
478037,478141,478150,9,104
478037,478142,478150,8,105
478037,478148,478151,3,111
478037,478148,478152,4,111
478037,478148,478151,3,111
478037,478149,478153,4,112
478037,478148,478153,5,111
478037,478148,478153,5,111
478037,478147,478154,7,110
478037,478149,478154,5,112
478037,478149,478153,4,112
478116,478153,478155,2,37
478037,478097,478156,59,60
478116,478151,478155,4,35
478116,478153,478156,3,37
478116,478150,478155,5,34
478116,478152,478156,4,36
478116,478152,478157,5,36
478116,478153,478157,4,37
478116,478154,478158,4,38
478037,478095,478164,69,58
478116,478156,478166,10,40
478116,478154,478167,13,38
478116,478155,478170,15,39
478116,478156,478171,15,40
478116,478154,478171,17,38
478116,478167,478177,10,51
478116,478166,478178,12,50
478116,478171,478182,11,55
478116,478170,478182,12,54
476862,477212,478184,972,350
478116,478159,478184,25,43
478116,478171,478185,14,55
478116,478177,478188,11,61
478116,478185,478189,4,69
478116,478179,478189,10,63
478037,478096,478191,95,59
478116,478184,478192,8,68
478116,478185,478192,7,69
478116,478182,478194,12,66
478116,478188,478196,8,72
478116,478164,478198,34,48
478116,478194,478199,5,78
478116,478196,478199,3,80
478116,478157,478200,43,41
478116,478157,478201,44,41
478116,478189,478201,12,73
478116,478190,478202,12,74
478116,478191,478202,11,75
478116,478182,478204,22,66
478116,478192,478204,12,76
478116,478156,478205,49,40
478116,478192,478206,14,76
478116,478202,478206,4,86
478116,478198,478207,9,82
478116,478204,478208,4,88
478116,478200,478208,8,84
478116,478201,478208,7,85
478116,478199,478208,9,83
478116,478206,478210,4,90
478116,478200,478210,10,84
478116,478208,478210,2,92
478116,478206,478211,5,90
478116,478205,478211,6,89
478116,478204,478211,7,88
478116,478208,478210,2,92
478116,478208,478210,2,92
478116,478207,478211,4,91
478116,478210,478212,2,94
478116,478209,478212,3,93
478116,478210,478213,3,94
478116,478211,478214,3,95
478116,478210,478214,4,94
478116,478211,478215,4,95
478116,478202,478215,13,86
478116,478211,478215,4,95
478185,478211,478215,4,26
478116,478156,478216,60,40
478185,478212,478217,5,27
478185,478212,478217,5,27
478185,478213,478218,5,28
478185,478214,478218,4,29
478185,478212,478218,6,27
478185,478214,478218,4,29
478185,478215,478221,6,30
478116,478201,478226,25,85
478185,478215,478233,18,30
478185,478218,478236,18,33
478185,478215,478238,23,30
478185,478218,478240,22,33
478185,478218,478242,24,33
478116,478156,478243,87,40
478185,478218,478244,26,33
478185,478215,478246,31,30
478185,478218,478247,29,33
478185,478240,478251,11,55
478185,478217,478252,35,32
478185,478238,478253,15,53
478185,478217,478258,41,32
478185,478249,478261,12,64
478185,478243,478262,19,58
478185,478221,478262,41,36
478185,478243,478267,24,58
478185,478252,478267,15,67
478185,478236,478268,32,51
478185,478233,478269,36,48
478185,478251,478269,18,66
476850,477065,478272,1207,215
478185,478246,478273,27,61
478185,478253,478273,20,68
478185,478246,478275,29,61
478185,478275,478279,4,90
478185,478274,478279,5,89
476798,476994,478279,1285,196
478185,478262,478281,19,77
478185,478269,478282,13,84
478185,478269,478282,13,84
478185,478279,478283,4,94
478185,478267,478284,17,82
478185,478279,478284,5,94
478185,478262,478283,21,77
478185,478279,478284,5,94
478185,478261,478285,24,76
478185,478267,478286,19,82
478185,478283,478287,4,98
478185,478282,478287,5,97
478185,478285,478288,3,100
478185,478281,478288,7,96
478185,478285,478288,3,100
478185,478284,478289,5,99
478185,478273,478288,15,88
478185,478258,478289,31,73
478185,478284,478290,6,99
478185,478287,478290,3,102
478185,478268,478290,22,83
478185,478287,478289,2,102
478185,478283,478290,7,98
478185,478286,478290,4,101
478185,478284,478289,5,99
478185,478288,478290,2,103
478273,478290,478292,2,17
478273,478290,478292,2,17
478185,478288,478292,4,103
478273,478290,478292,2,17
478185,478273,478293,20,88
478273,478290,478293,3,17
478273,478290,478292,2,17
478273,478290,478293,3,17
478273,478290,478293,3,17
478185,478289,478295,6,104
478185,478289,478296,7,104
478273,478290,478298,8,17
478185,478226,478298,72,41
478273,478292,478304,12,19
478273,478298,478306,8,25
478273,478296,478308,12,23
478273,478299,478309,10,26
478273,478292,478311,19,19
478273,478292,478312,20,19
478273,478292,478313,21,19
478273,478291,478314,23,18
478273,478304,478316,12,31
478273,478306,478319,13,33
478273,478309,478323,14,36
478273,478314,478325,11,41
478273,478308,478326,18,35
478273,478313,478327,14,40
478273,478311,478328,17,38
478273,478293,478327,34,20
478273,478293,478329,36,20
478273,478293,478330,37,20
478273,478316,478331,15,43
478273,478312,478335,23,39
478273,478330,478336,6,57
478273,478319,478336,17,46
478273,478331,478335,4,58
478273,478325,478338,13,52
478273,478335,478340,5,62
478273,478336,478341,5,63
478273,478327,478343,16,54
478273,478326,478344,18,53
478273,478336,478344,8,63
478273,478336,478345,9,63
478273,478323,478344,21,50
478273,478328,478346,18,55
478273,478330,478346,16,57
478273,478338,478347,9,65
478273,478344,478348,4,71
478273,478344,478349,5,71
478273,478345,478349,4,72
478273,478347,478350,3,74
478273,478347,478350,3,74
478273,478348,478351,3,75
478273,478345,478351,6,72
478273,478295,478351,56,22
478273,478346,478352,6,73
478273,478293,478352,59,20
478273,478344,478352,8,71
478273,478349,478353,4,76
478273,478340,478353,13,67
478273,478350,478353,3,77
478273,478329,478353,24,56
478273,478351,478354,3,78
478273,478350,478354,4,77
478273,478349,478353,4,76
478279,478352,478355,3,73
478279,478353,478355,2,74
478279,478353,478355,2,74
478273,478351,478355,4,78
478273,478351,478355,4,78
478279,478352,478356,4,73
478279,478353,478356,3,74
478279,478353,478356,3,74
478279,478354,478357,3,75
478279,478354,478360,6,75
478273,478342,478366,24,69
478279,478355,478367,12,76
478279,478355,478368,13,76
478273,478294,478369,75,21
478279,478355,478371,16,76
478279,478355,478373,18,76
478279,478356,478378,22,77
478279,478367,478378,11,88
478279,478368,478380,12,89
478279,478356,478380,24,77
478279,478366,478380,14,87
478279,478371,478382,11,92
478279,478372,478385,13,93
478279,478360,478388,28,81
478279,478373,478388,15,94
478279,478378,478389,11,99
478279,478356,478390,34,77
478279,478356,478393,37,77
478279,478378,478393,15,99
478279,478382,478395,13,103
478279,478388,478397,9,109
478279,478356,478398,42,77
478279,478385,478400,15,106
478279,478388,478399,11,109
478279,478389,478401,12,110
478279,478358,478402,44,79
478279,478390,478402,12,111
478279,478381,478405,24,102
478279,478401,478407,6,122
478279,478380,478407,27,101
478279,478397,478407,10,118
478279,478398,478408,10,119
478279,478395,478409,14,116
478279,478400,478409,9,121
478279,478407,478410,3,128
478279,478400,478410,10,121
478279,478393,478410,17,114
478279,478380,478411,31,101
478279,478409,478412,3,130
478279,478409,478412,3,130
478279,478407,478412,5,128
478279,478410,478413,3,131
478279,478402,478412,10,123
478279,478408,478413,5,129
478279,478407,478414,7,128
478279,478411,478415,4,132
478279,478412,478415,3,133
478279,478403,478414,11,124
478279,478412,478416,4,133
478279,478410,478415,5,131
478279,478393,478416,23,114
478279,478412,478416,4,133
478279,478412,478416,4,133
478279,478414,478417,3,135
478279,478413,478418,5,134
478279,478413,478418,5,134
478279,478414,478417,3,135
476861,477140,478419,1279,279
478419,478419,478421,2,0
478419,478419,478421,2,0
478419,478419,478422,3,0
478419,478419,478422,3,0
478419,478419,478422,3,0
478419,478419,478423,4,0
478419,478419,478423,4,0
478419,478419,478427,8,0
478279,478405,478430,25,126
478419,478419,478440,21,0
478419,478419,478442,23,0
478419,478419,478446,27,0
478419,478428,478446,18,9
478419,478421,478446,25,2
478419,478419,478448,29,0
478419,478443,478456,13,24
478419,478423,478457,34,4
478419,478446,478458,12,27
478419,478446,478461,15,27
478419,478422,478466,44,3
478419,478421,478470,49,2
478419,478423,478471,48,4
478419,478457,478471,14,38
478419,478422,478471,49,3
478419,478458,478472,14,39
478419,478447,478473,26,28
478419,478461,478474,13,42
478419,478422,478480,58,3
478419,478471,478488,17,52
478419,478480,478489,9,61
478419,478473,478489,16,54
478419,478473,478490,17,54
478419,478466,478491,25,47
478419,478440,478492,52,21
478419,478490,478493,3,71
478419,478471,478493,22,52
478419,478489,478493,4,70
478419,478491,478495,4,72
478419,478489,478494,5,70
478419,478492,478497,5,73
478419,478470,478498,28,51
478419,478430,478498,68,11
478419,478495,478498,3,76
478419,478474,478499,25,55
478419,478471,478499,28,52
478419,478493,478500,7,74
478419,478498,478501,3,79
478419,478488,478501,13,69
478419,478498,478501,3,79
478419,478497,478502,5,78
478419,478498,478501,3,79
478419,478499,478503,4,80
478419,478500,478502,2,81
478419,478501,478503,2,82
478419,478499,478503,4,80
478419,478501,478505,4,82
478419,478495,478505,10,76
478419,478501,478505,4,82
478419,478502,478507,5,83
478419,478503,478507,4,84
478419,478502,478508,6,83
478419,478493,478510,17,74
478419,478493,478511,18,74
478419,478456,478512,56,37
478419,478448,478547,99,29
476947,477284,478568,1284,337
478568,478569,478571,2,1
478568,478569,478571,2,1
478568,478569,478571,2,1
478568,478569,478571,2,1
478568,478569,478572,3,1
478568,478569,478572,3,1
478568,478569,478573,4,1
478568,478569,478573,4,1
478568,478569,478582,13,1
478568,478571,478585,14,3
478568,478571,478587,16,3
478568,478569,478589,20,1
478568,478571,478591,20,3
478568,478571,478591,20,3
478568,478572,478594,22,4
476995,477355,478595,1240,360
478568,478591,478597,6,23
478568,478589,478598,9,21
478568,478569,478600,31,1
478568,478569,478604,35,1
478568,478591,478605,14,23
478568,478582,478605,23,14
478568,478569,478606,37,1
478568,478573,478607,34,5
478568,478597,478607,10,29
478568,478585,478608,23,17
478568,478598,478610,12,30
478568,478600,478611,11,32
478568,478588,478612,24,20
478568,478596,478612,16,28
478568,478612,478619,7,44
478568,478572,478619,47,4
478568,478612,478620,8,44
478568,478612,478622,10,44
478568,478607,478622,15,39
478568,478604,478622,18,36
478568,478607,478623,16,39
478568,478620,478624,4,52
478568,478605,478624,19,37
478568,478619,478625,6,51
478568,478619,478625,6,51
478568,478594,478625,31,26
478568,478625,478627,2,57
478568,478624,478628,4,56
478568,478622,478628,6,54
478568,478624,478629,5,56
478568,478625,478629,4,57
478568,478622,478630,8,54
478568,478622,478629,7,54
478568,478623,478630,7,55
478568,478606,478630,24,38
478568,478625,478630,5,57
478568,478605,478630,25,37
478568,478627,478631,4,59
478568,478628,478631,3,60
478568,478628,478632,4,60
478568,478608,478632,24,40
478568,478629,478632,3,61
478568,478630,478633,3,62
478596,478631,478633,2,35
478568,478630,478633,3,62
478568,478629,478633,4,61
478568,478630,478632,2,62
478596,478631,478634,3,35
478596,478631,478634,3,35
478568,478630,478634,4,62
478596,478632,478634,2,36
478596,478632,478635,3,36
478596,478632,478635,3,36
478596,478633,478635,2,37
478596,478633,478635,2,37
478568,478610,478641,31,42
478596,478633,478645,12,37
477308,477667,478649,982,359
478596,478634,478651,17,38
478596,478635,478653,18,39
478568,478573,478654,81,5
478596,478635,478654,19,39
478596,478635,478657,22,39
478596,478634,478658,24,38
478596,478657,478661,4,61
478596,478654,478662,8,58
477095,477429,478664,1235,334
478596,478658,478668,10,62
478596,478661,478670,9,65
478596,478654,478671,17,58
478596,478649,478671,22,53
478596,478664,478678,14,68
478596,478651,478678,27,55
478596,478633,478678,45,37
478596,478662,478680,18,66
478596,478668,478681,13,72
478596,478653,478683,30,57
478596,478633,478684,51,37
478596,478645,478686,41,49
478596,478673,478686,13,77
478596,478634,478688,54,38
478596,478636,478690,54,40
478596,478670,478691,21,74
477556,477790,478692,902,234
478596,478683,478693,10,87
478596,478671,478695,24,75
478596,478678,478695,17,82
478596,478686,478695,9,90
478596,478678,478695,17,82
478596,478634,478697,63,38
478596,478688,478697,9,92
478596,478686,478697,11,90
478596,478678,478698,20,82
478596,478690,478698,8,94
478596,478681,478699,18,85
478596,478691,478699,8,95
478596,478680,478699,19,84
478596,478692,478699,7,96
478596,478697,478701,4,101
478596,478697,478701,4,101
478596,478695,478702,7,99
478596,478697,478702,5,101
478596,478697,478702,5,101
478596,478685,478702,17,89
478596,478699,478704,5,103
478596,478699,478704,5,103
478596,478698,478704,6,102
478650,478702,478704,2,52
478596,478699,478705,6,103
478596,478699,478705,6,103
478596,478702,478705,3,106
478596,478699,478705,6,103
478650,478704,478706,2,54
478650,478702,478706,4,52
478650,478703,478706,3,53
478650,478704,478706,2,54
478650,478704,478706,2,54
478650,478704,478707,3,54
478596,478693,478706,13,97
478596,478701,478706,5,105
478596,478695,478708,13,99
478650,478705,478710,5,55
478596,478695,478712,17,99
478650,478707,478721,14,57
478650,478705,478725,20,55
478650,478706,478730,24,56
478650,478706,478729,23,56
478596,478641,478730,89,45
478650,478721,478732,11,71
478650,478707,478733,26,57
478650,478730,478733,3,80
478650,478705,478734,29,55
478650,478730,478735,5,80
478650,478707,478735,28,57
478650,478705,478737,32,55
478650,478733,478738,5,83
478650,478708,478737,29,58
478650,478730,478739,9,80
478650,478725,478740,15,75
478650,478712,478743,31,62
478650,478706,478744,38,56
478650,478739,478746,7,89
478650,478740,478746,6,90
478650,478733,478747,14,83
478650,478743,478749,6,93
478650,478735,478749,14,85
478650,478739,478749,10,89
478650,478738,478748,10,88
478650,478736,478751,15,86
478650,478706,478752,46,56
478650,478737,478752,15,87
478650,478733,478753,20,83
478650,478744,478754,10,94
478650,478746,478755,9,96
478650,478748,478756,8,98
478650,478746,478757,11,96
478650,478708,478759,51,58
478650,478749,478760,11,99
478650,478749,478760,11,99
478650,478759,478761,2,109
478650,478758,478762,4,108
478650,478749,478762,13,99
478650,478735,478762,27,85
478650,478757,478763,6,107
478650,478751,478763,12,101
478650,478760,478763,3,110
478650,478761,478763,2,111
478650,478749,478763,14,99
478650,478760,478764,4,110
478650,478762,478765,3,112
478650,478753,478765,12,103
478650,478762,478766,4,112
478650,478763,478766,3,113
478650,478752,478766,14,102
478650,478752,478766,14,102
478664,478763,478765,2,99
478664,478764,478767,3,100
478650,478755,478767,12,105
478664,478764,478766,2,100
478664,478765,478767,2,101
478664,478766,478768,2,102
478664,478765,478767,2,101
478650,478763,478767,4,113
478650,478763,478767,4,113
478664,478766,478769,3,102
478650,478756,478770,14,106
478664,478766,478771,5,102
477100,477486,478781,1295,386
478650,478710,478781,71,60
477200,477544,478783,1239,344
478664,478768,478785,17,104
478664,478768,478787,19,104
478664,478768,478787,19,104
478664,478767,478792,25,103
478664,478767,478793,26,103
478664,478787,478794,7,123
478664,478787,478794,7,123
478664,478771,478794,23,107
478664,478766,478796,30,102
478664,478785,478797,12,121
478664,478770,478798,28,106
478664,478792,478798,6,128
478664,478783,478800,17,119
478664,478793,478800,7,129
478664,478794,478801,7,130
478664,478781,478801,20,117
478664,478767,478801,34,103
478664,478794,478805,11,130
478664,478794,478805,11,130
478664,478781,478806,25,117
478664,478796,478806,10,132
478664,478768,478806,38,104
478664,478801,478809,8,137
478664,478806,478810,4,142
478664,478806,478813,7,142
478664,478767,478814,47,103
478664,478801,478814,13,137
478664,478809,478816,7,145
478664,478808,478817,9,144
478664,478797,478818,21,133
478664,478805,478819,14,141
478664,478799,478820,21,135
478664,478818,478821,3,154
478664,478819,478821,2,155
478664,478801,478822,21,137
478664,478817,478822,5,153
478664,478800,478823,23,136
478664,478820,478823,3,156
478664,478800,478823,23,136
478664,478814,478824,10,150
478664,478816,478824,8,152
478664,478814,478824,10,150
478664,478805,478824,19,141
478664,478821,478824,3,157
478664,478823,478825,2,159
478664,478813,478825,12,149
478664,478822,478825,3,158
478664,478821,478825,4,157
478664,478823,478826,3,159
478664,478823,478826,3,159
478664,478810,478827,17,146
478664,478822,478827,5,158
478692,478825,478827,2,133
478692,478825,478826,1,133
478692,478825,478826,1,133
478664,478824,478826,2,160
478692,478824,478827,3,132
478692,478824,478827,3,132
478692,478826,478828,2,134
478664,478798,478829,31,134
478692,478825,478829,4,133
478664,478767,478830,63,103
478692,478826,478834,8,134
477272,477607,478837,1230,335
478692,478829,478840,11,137
478692,478827,478842,15,135
478692,478828,478844,16,136
478692,478827,478845,18,135
478692,478845,478849,4,153
478692,478826,478850,24,134
478692,478829,478850,21,137
478692,478827,478852,25,135
478692,478849,478852,3,157
478692,478830,478854,24,138
478664,478769,478856,87,105
478692,478850,478859,9,158
478692,478827,478861,34,135
478692,478827,478864,37,135
478692,478852,478864,12,160
478692,478828,478868,40,136
478692,478854,478869,15,162
478692,478850,478870,20,158
478692,478852,478871,19,160
478692,478827,478873,46,135
478692,478844,478873,29,152
478692,478829,478874,45,137
478692,478870,478876,6,178
478692,478869,478876,7,177
478692,478864,478876,12,172
478692,478856,478877,21,164
478692,478868,478879,11,176
478692,478861,478879,18,169
478692,478871,478880,9,179
478692,478873,478880,7,181
478692,478864,478884,20,172
478692,478873,478886,13,181
478692,478859,478886,27,167
478692,478874,478888,14,182
478692,478884,478890,6,192
478692,478886,478889,3,194
478692,478834,478891,57,142
478692,478876,478891,15,184
478692,478876,478891,15,184
478692,478888,478891,3,196
478692,478886,478892,6,194
478692,478880,478892,12,188
478692,478891,478893,2,199
478692,478879,478894,15,187
478692,478890,478893,3,198
478692,478891,478894,3,199
478692,478890,478895,5,198
478692,478877,478894,17,185
478692,478892,478896,4,200
478692,478891,478896,5,199
478692,478880,478896,16,188
478692,478876,478896,20,184
478785,478893,478895,2,108
478785,478894,478897,3,109
478785,478894,478898,4,109
478692,478891,478897,6,199
478785,478894,478897,3,109
478785,478895,478898,3,110
478785,478895,478899,4,110
478692,478840,478899,59,148
478785,478896,478899,3,111
478692,478879,478899,20,187
478785,478896,478903,7,111
477416,477734,478906,1172,318
478785,478898,478913,15,113
478785,478896,478914,18,111
478785,478898,478915,17,113
478785,478899,478919,20,114
478785,478896,478921,25,111
478785,478896,478922,26,111
478692,478842,478925,83,150
478785,478898,478927,29,113
478785,478903,478929,26,118
478785,478921,478930,9,136
478785,478923,478929,6,138
478785,478915,478930,15,130
478785,478920,478932,12,135
478785,478914,478931,17,129
478785,478925,478933,8,140
478785,478900,478932,32,115
478785,478930,478934,4,145
478785,478927,478935,8,142
478785,478930,478937,7,145
478692,478838,478940,102,146
478785,478930,478940,10,145
478785,478929,478941,12,144
478785,478898,478942,44,113
478785,478937,478944,7,152
478785,478935,478944,9,150
478785,478899,478945,46,114
478785,478932,478946,14,147
478785,478897,478946,49,112
478785,478940,478947,7,155
478785,478943,478949,6,158
478785,478934,478950,16,149
478785,478933,478950,17,148
478785,478944,478950,6,159
478785,478941,478950,9,156
478785,478940,478950,10,155
478785,478933,478950,17,148
478785,478913,478952,39,128
478785,478944,478951,7,159
478785,478945,478952,7,160
478785,478950,478953,3,165
478785,478950,478952,2,165
478785,478946,478955,9,161
478785,478933,478955,22,148
478785,478952,478955,3,167
478785,478950,478955,5,165
478785,478949,478956,7,164
478785,478950,478957,7,165
478785,478953,478956,3,168
478785,478953,478958,5,168
478785,478951,478958,7,166
478785,478947,478957,10,162
478786,478955,478957,2,169
478785,478952,478959,7,167
478786,478957,478959,2,171
478785,478946,478960,14,161
478785,478952,478960,8,167
478785,478950,478960,10,165
478785,478955,478959,4,170
478786,478956,478959,3,170
478786,478956,478960,4,170
478786,478958,478961,3,172
478786,478957,478962,5,171
478786,478958,478963,5,172
478786,478958,478966,8,172
478785,478899,478969,70,114
478785,478906,478975,69,121
478786,478960,478976,16,174
478786,478963,478977,14,177
478786,478963,478977,14,177
478786,478961,478976,15,175
478786,478961,478979,18,175
478786,478961,478979,18,175
478786,478978,478987,9,192
478786,478959,478988,29,173
478786,478977,478991,14,191
478786,478979,478993,14,193
478786,478960,478994,34,174
478786,478976,478994,18,190
478786,478966,478995,29,180
478786,478987,478998,11,201
478786,478979,478998,19,193
478786,478995,479000,5,209
478786,478959,479003,44,173
478786,478994,479003,9,208
478786,478993,479003,10,207
478786,478958,479004,46,172
478786,478994,479004,10,208
478786,478991,479004,13,205
478786,478988,479004,16,202
478786,478977,479005,28,191
478786,478975,479008,33,189
478786,479004,479009,5,218
478786,479004,479010,6,218
478786,478960,479010,50,174
478786,479004,479010,6,218
478786,479003,479010,7,217
478786,479003,479016,13,217
478786,478998,479016,18,212
478786,479010,479016,6,224
478786,479010,479017,7,224
478786,479009,479018,9,223
478786,479003,479018,15,217
478786,478969,479018,49,183
478786,479010,479019,9,224
478786,479016,479019,3,230
478786,479016,479019,3,230
478786,479016,479020,4,230
478786,478998,479020,22,212
478786,479005,479020,15,219
478786,479018,479021,3,232
477569,477846,479020,1174,277
478786,479017,479021,4,231
478786,479005,479020,15,219
478786,479018,479021,3,232
478786,479019,479021,2,233
478786,479019,479022,3,233
478786,479018,479021,3,232
478786,479020,479022,2,234
478838,479021,479023,2,183
478786,479020,479022,2,234
478786,479008,479022,14,222
478838,479021,479023,2,183
478838,479020,479023,3,182
478838,479021,479024,3,183
478838,479021,479024,3,183
478838,479022,479023,1,184
478838,479021,479023,2,183
478786,478960,479025,65,174
478838,479022,479025,3,184
478786,479000,479026,26,214
478786,479010,479025,15,224
478838,479023,479036,13,185
478838,479024,479038,14,186
478838,479022,479038,16,184
478838,479025,479040,15,187
478838,479022,479041,19,184
478838,479024,479041,17,186
478838,479023,479042,19,185
478838,479025,479043,18,187
478838,479036,479044,8,198
478838,479024,479044,20,186
478838,479026,479045,19,188
478838,479023,479045,22,185
478838,479038,479046,8,200
477878,478089,479046,957,211
478838,479023,479048,25,185
478838,479045,479049,4,207
478838,479046,479049,3,208
478838,479046,479051,5,208
478838,479042,479052,10,204
478838,479038,479054,16,200
478838,479040,479053,13,202
478838,479045,479055,10,207
478838,479023,479055,32,185
478838,479044,479057,13,206
478838,479026,479057,31,188
478838,479051,479058,7,213
478838,479052,479059,7,214
478838,479048,479062,14,210
478838,479054,479064,10,216
478838,479043,479064,21,205
478838,479055,479064,9,217
478838,479026,479065,39,188
478838,479041,479066,25,203
478838,479041,479066,25,203
478838,479065,479068,3,227
478838,479064,479069,5,226
478838,479065,479069,4,227
478838,479050,479069,19,212
478838,479054,479070,16,216
478838,479062,479069,7,224
478838,479070,479071,1,232
478838,479066,479072,6,228
478838,479055,479072,17,217
478838,479069,479073,4,231
478838,479070,479073,3,232
478838,479069,479073,4,231
478838,479050,479073,23,212
478838,479066,479074,8,228
478838,479059,479074,15,221
478838,479069,479073,4,231
478838,479064,479074,10,226
478838,479070,479074,4,232
478906,479072,479075,3,166
478838,479057,479075,18,219
478838,479059,479076,17,221
478906,479073,479075,2,167
478906,479074,479076,2,168
478838,479044,479076,32,206
478838,479072,479076,4,234
478906,479073,479077,4,167
478906,479074,479076,2,168
478906,479073,479078,5,167
478838,479057,479078,21,219
478906,479074,479077,3,168
478906,479074,479086,12,168
478906,479076,479091,15,170
478906,479074,479093,19,168
478906,479076,479097,21,170
478906,479076,479103,27,170
478906,479076,479107,31,170
478906,479074,479107,33,168
478906,479103,479112,9,197
478906,479097,479113,16,191
478906,479107,479113,6,201
478906,479093,479115,22,187
478906,479107,479117,10,201
478906,479078,479117,39,172
478906,479078,479118,40,172
478906,479077,479120,43,171
478906,479091,479121,30,185
478906,479086,479123,37,180
478906,479077,479124,47,171
478906,479075,479124,49,169
478906,479078,479128,50,172
478906,479123,479129,6,217
478906,479115,479133,18,209
478906,479112,479133,21,206
478906,479121,479133,12,215
478906,479113,479133,20,207
478906,479075,479134,59,169
478906,479076,479136,60,170
478906,479129,479137,8,223
478906,479128,479137,9,222
478906,479124,479138,14,218
478906,479120,479141,21,214
478116,478211,479142,931,95
478906,479118,479144,26,212
478906,479117,479144,27,211
478906,479113,479145,32,207
478906,479142,479145,3,236
478906,479133,479146,13,227
478906,479133,479146,13,227
478906,479125,479148,23,219
478906,479146,479148,2,240
478906,479144,479149,5,238
478906,479144,479149,5,238
477686,477958,479149,1191,272
478906,479146,479149,3,240
478906,479145,479151,6,239
478906,479136,479151,15,230
478906,479133,479151,18,227
478906,479148,479151,3,242
478906,479118,479151,33,212
478906,479134,479150,16,228
478906,479133,479152,19,227
478906,479139,479151,12,233
478906,479145,479153,8,239
478906,479141,479153,12,235
479021,479152,479154,2,131
479021,479151,479154,3,130
478906,479137,479153,16,231
479021,479151,479154,3,130
479021,479152,479154,2,131
479021,479151,479154,3,130
478906,479149,479155,6,243
479021,479151,479155,4,130
479021,479149,479154,5,128
478906,479149,479154,5,243
478906,479149,479155,6,243
478906,479137,479156,19,231
479021,479152,479162,10,131
477625,477897,479164,1267,272
479021,479155,479167,12,134
479021,479155,479167,12,134
479021,479154,479170,16,133
479021,479154,479170,16,133
479021,479154,479171,17,133
479021,479155,479171,16,134
479021,479153,479172,19,132
479021,479153,479172,19,132
479021,479163,479174,11,142
479021,479155,479177,22,134
479021,479154,479178,24,133
479021,479156,479181,25,135
479021,479167,479182,15,146
479021,479164,479183,19,143
479021,479153,479186,33,132
479021,479170,479186,16,149
479021,479172,479188,16,151
479021,479154,479189,35,133
479021,479156,479189,33,135
479021,479174,479189,15,153
479021,479171,479190,19,150
479021,479186,479191,5,165
479021,479186,479191,5,165
479021,479177,479193,16,156
479021,479171,479194,23,150
479021,479188,479196,8,167
479021,479189,479196,7,168
479021,479167,479196,29,146
479021,479182,479197,15,161
479021,479183,479198,15,162
479021,479172,479198,26,151
479021,479178,479197,19,157
479021,479189,479199,10,168
479021,479181,479203,22,160
479021,479198,479203,5,177
479021,479197,479205,8,176
479021,479190,479205,15,169
479021,479193,479205,12,172
479021,479199,479205,6,178
479021,479195,479205,10,174
479021,479191,479207,16,170
479021,479198,479206,8,177
479021,479199,479207,8,178
479021,479205,479209,4,184
479021,479170,479210,40,149
479021,479203,479210,7,182
479021,479203,479210,7,182
479021,479205,479210,5,184
479021,479205,479210,5,184
479021,479196,479211,15,175
479047,479207,479211,4,160
479021,479191,479211,20,170
479021,479205,479210,5,184
479021,479155,479211,56,134
479047,479207,479212,5,160
479021,479189,479212,23,168
479021,479197,479213,16,176
479047,479209,479214,5,162
479021,479196,479214,18,175
479047,479207,479214,7,160
479047,479210,479213,3,163
479047,479210,479213,3,163
479047,479210,479216,6,163
479047,479210,479219,9,163
479047,479210,479231,21,163
479047,479219,479233,14,172
479047,479214,479237,23,167
479047,479232,479245,13,185
479047,479233,479249,16,186
479047,479237,479249,12,190
479047,479216,479250,34,169
479047,479212,479253,41,165
479047,479211,479254,43,164
479047,479214,479254,40,167
479047,479245,479259,14,198
479047,479214,479259,45,167
479047,479249,479263,14,202
479047,479249,479268,19,202
479047,479250,479269,19,203
479047,479259,479272,13,212
479047,479259,479272,13,212
479047,479256,479272,16,209
479047,479253,479272,19,206
479047,479263,479273,10,216
478185,478289,479274,985,104
479047,479212,479275,63,165
479047,479211,479279,68,164
479047,479273,479281,8,226
479047,479254,479282,28,207
479047,479211,479282,71,164
479047,479275,479283,8,228
479047,479273,479283,10,226
477766,478027,479283,1256,261
479047,479269,479283,14,222
479047,479274,479284,10,227
479047,479268,479284,16,221
479047,479272,479285,13,225
479047,479282,479286,4,235
479047,479283,479287,4,236
479047,479284,479287,3,237
479047,479284,479286,2,237
479047,479285,479288,3,238
479047,479286,479289,3,239
479047,479286,479288,2,239
479047,479279,479289,10,232
479047,479283,479289,6,236
479047,479287,479289,2,240
479047,479287,479290,3,240
479047,479272,479291,19,225
479047,479272,479291,19,225
479143,479289,479290,1,146
479047,479288,479290,2,241
479047,479288,479290,2,241
479047,479289,479290,1,242
479047,479289,479290,1,242
479047,479283,479292,9,236
479047,479282,479292,10,235
479143,479290,479293,3,147
479143,479290,479293,3,147
479143,479291,479292,1,148
479143,479291,479293,2,148
479143,479291,479294,3,148
479143,479292,479295,3,149
479047,479281,479296,15,234
479143,479292,479298,6,149
479143,479296,479313,17,153
479143,479298,479313,15,155
479047,479214,479313,99,167
479047,479211,479315,104,164
479143,479292,479319,27,149
479143,479314,479329,15,171
479143,479314,479329,15,171
479047,479211,479331,120,164
479143,479293,479332,39,150
479047,479214,479334,120,167
479143,479319,479335,16,176
479143,479295,479336,41,152
479143,479316,479336,20,173
479143,479292,479337,45,149
479143,479329,479338,9,186
479143,479335,479337,2,192
479143,479334,479339,5,191
479143,479336,479340,4,193
479143,479332,479340,8,189
479143,479336,479341,5,193
479143,479331,479342,11,188
479143,479329,479344,15,186
479143,479313,479346,33,170
479143,479338,479348,10,195
479143,479295,479349,54,152
479143,479339,479350,11,196
479143,479338,479349,11,195
479143,479337,479351,14,194
479143,479340,479351,11,197
479047,479214,479352,138,167
479143,479351,479353,2,208
479143,479340,479353,13,197
479143,479351,479355,4,208
479143,479352,479355,3,209
479143,479353,479355,2,210
479143,479341,479355,14,198
479143,479353,479356,3,210
479143,479350,479356,6,207
479143,479355,479357,2,212
479143,479355,479357,2,212
479143,479350,479357,7,207
479143,479346,479357,11,203
479143,479355,479358,3,212
479143,479355,479358,3,212
479143,479357,479359,2,214
479143,479357,479358,1,214
479143,479358,479360,2,215
479143,479358,479360,2,215
479143,479357,479361,4,214
479143,479358,479361,3,215
479143,479357,479361,4,214
479149,479359,479361,2,210
479143,479348,479360,12,205
479143,479357,479361,4,214
479143,479349,479362,13,206
479149,479361,479363,2,212
479149,479361,479363,2,212
479149,479361,479363,2,212
479149,479360,479363,3,211
479149,479360,479362,2,211
479149,479361,479363,2,212
479143,479342,479365,23,199
479149,479361,479368,7,212
479143,479344,479368,24,201
479149,479361,479375,14,212
479149,479368,479380,12,219
479149,479368,479382,14,219
479143,479293,479385,92,150
479149,479365,479390,25,216
479149,479375,479390,15,226
479149,479363,479392,29,214
479149,479362,479392,30,213
479149,479363,479396,33,214
479149,479392,479407,15,243
479149,479396,479412,16,247
479149,479380,479413,33,231
479149,479363,479414,51,214
479149,479392,479414,22,243
479149,479363,479416,53,214
479149,479391,479418,27,242
479149,479385,479418,33,236
479143,479293,479419,126,150
479149,479390,479423,33,241
479149,479407,479426,19,258
478038,478150,479431,1281,112
479149,479363,479432,69,214
478420,478503,479433,930,83
479149,479413,479437,24,264
479149,479414,479438,24,265
479149,479418,479440,22,269
479149,479416,479441,25,267
479149,479414,479441,27,265
479149,479439,479444,5,290
479149,479382,479445,63,233
479149,479433,479445,12,284
479149,479437,479446,9,288
479149,479426,479446,20,277
479149,479418,479447,29,269
479149,479440,479448,8,291
479149,479431,479449,18,282
479149,479448,479450,2,299
479149,479412,479450,38,263
479149,479447,479451,4,298
479149,479442,479452,10,293
479149,479449,479452,3,300
479149,479450,479452,2,301
479149,479423,479454,31,274
479149,479444,479455,11,295
479149,479441,479455,14,292
479149,479432,479455,23,283
479149,479452,479455,3,303
479149,479453,479455,2,304
479149,479451,479456,5,302
479149,479452,479455,3,303
479149,479450,479455,5,301
479149,479446,479456,10,297
479165,479455,479457,2,290
479149,479454,479458,4,305
479165,479455,479458,3,290
479149,479419,479458,39,270
479165,479456,479458,2,291
479149,479455,479459,4,306
479149,479445,479459,14,296
479149,479446,479458,12,297
479165,479456,479458,2,291
479149,479455,479458,3,306
479149,479445,479460,15,296
479165,479457,479459,2,292
479165,479457,479459,2,292
479165,479456,479459,3,291
479165,479458,479468,10,293
479165,479460,479472,12,295
479165,479460,479474,14,295
479165,479459,479476,17,294
479165,479460,479477,17,295
479165,479459,479479,20,294
479165,479458,479482,24,293
479143,479292,479483,191,149
479165,479459,479485,26,294
479149,479363,479488,125,214
479165,479459,479489,30,294
479165,479460,479491,31,295
479165,479468,479492,24,303
479143,479293,479494,201,150
479165,479483,479497,14,318
479165,479479,479497,18,314
479165,479483,479500,17,318
479165,479458,479504,46,293
479165,479460,479507,47,295
479165,479494,479512,18,329
479165,479458,479512,54,293
479165,479485,479512,27,320
479165,479492,479513,21,327
479165,479497,479516,19,332
479165,479512,479516,4,347
479165,479512,479517,5,347
479165,479513,479519,6,348
479165,479477,479523,46,312
479165,479489,479523,34,324
479165,479516,479523,7,351
479165,479497,479525,28,332
479165,479491,479524,33,326
479165,479488,479525,37,323
479143,479292,479527,235,149
479165,479516,479526,10,351
479165,479512,479526,14,347
479165,479504,479528,24,339
479165,479507,479527,20,342
479165,479527,479531,4,362
479165,479528,479531,3,363
479165,479527,479531,4,362
479165,479528,479532,4,363
479165,479527,479532,5,362
479165,479472,479532,60,307
479165,479531,479534,3,366
479165,479500,479534,34,335
479165,479523,479534,11,358
479165,479525,479533,8,360
479165,479531,479535,4,366
479165,479532,479535,3,367
479165,479532,479535,3,367
479165,479523,479535,12,358
479165,479532,479536,4,367
479165,479523,479536,13,358
479165,479532,479535,3,367
479274,479534,479537,3,260
479274,479534,479537,3,260
479165,479525,479536,11,360
479274,479534,479536,2,260
479165,479519,479537,18,354
479274,479535,479538,3,261
479274,479535,479538,3,261
479165,479525,479537,12,360
479274,479535,479537,2,261
479274,479535,479538,3,261
479165,479517,479539,22,352
479165,479474,479541,67,309
479274,479536,479542,6,262
479165,479476,479542,66,311
479274,479536,479547,11,262
479274,479542,479552,10,268
479274,479539,479554,15,265
479274,479540,479555,15,266
479274,479542,479555,13,268
479274,479538,479556,18,264
479274,479542,479558,16,268
479274,479554,479563,9,280
479274,479555,479563,8,281
479274,479558,479566,8,284
479274,479563,479567,4,289
479274,479555,479567,12,281
479274,479547,479568,21,273
479274,479563,479568,5,289
479274,479552,479578,26,278
479274,479566,479580,14,292
479274,479567,479581,14,293
479274,479568,479582,14,294
479274,479567,479583,16,293
479274,479569,479585,16,295
479274,479556,479587,31,282
479274,479538,479587,49,264
479274,479537,479590,53,263
479274,479537,479596,59,263
479274,479578,479597,19,304
479274,479597,479599,2,323
479274,479580,479599,19,306
479274,479596,479600,4,322
479274,479590,479600,10,316
479274,479599,479601,2,325
479274,479587,479601,14,313
479274,479599,479602,3,325
479274,479537,479603,66,263
479274,479600,479603,3,326
479274,479600,479603,3,326
479274,479601,479603,2,327
479274,479536,479604,68,262
479274,479601,479604,3,327
479274,479602,479604,2,328
479274,479603,479605,2,329
479274,479587,479605,18,313
479274,479582,479606,24,308
479274,479604,479606,2,330
479274,479603,479607,4,329
479274,479603,479607,4,329
479274,479603,479607,4,329
479274,479583,479607,24,309
479274,479604,479608,4,330
479274,479605,479607,2,331
479274,479605,479608,3,331
479274,479585,479608,23,311
479284,479606,479608,2,322
479284,479607,479610,3,323
479274,479581,479609,28,307
479284,479607,479609,2,323
479284,479607,479611,4,323
479284,479607,479611,4,323
479284,479607,479611,4,323
478273,478352,479612,1260,79
479284,479608,479611,3,324
478280,478415,479613,1198,135
479284,479608,479612,4,324
479274,479537,479614,77,263
479274,479537,479617,80,263
479284,479608,479623,15,324
479274,479538,479626,88,264
479284,479613,479627,14,329
479284,479612,479628,16,328
479284,479611,479629,18,327
479274,479538,479640,102,264
479284,479613,479641,28,329
479284,479629,479646,17,345
479284,479628,479647,19,344
479284,479611,479650,39,327
479284,479609,479654,45,325
479284,479609,479655,46,325
479284,479641,479656,15,357
479284,479641,479657,16,357
479284,479617,479661,44,333
479284,479657,479665,8,373
479284,479610,479668,58,326
479284,479656,479668,12,372
479284,479646,479669,23,362
479284,479650,479670,20,366
479284,479654,479672,18,370
479284,479613,479672,59,329
479284,479662,479674,12,378
479284,479647,479675,28,363
479284,479623,479676,53,339
479284,479655,479676,21,371
479284,479614,479677,63,330
479284,479665,479677,12,381
479284,479674,479682,8,390
479284,479670,479683,13,386
479284,479682,479685,3,398
479284,479610,479685,75,326
479284,479678,479686,8,394
479284,479668,479686,18,384
479284,479684,479687,3,400
479284,479676,479686,10,392
479284,479676,479687,11,392
479284,479685,479687,2,401
479284,479676,479687,11,392
479284,479685,479688,3,401
479284,479611,479689,78,327
479284,479686,479690,4,402
479284,479686,479690,4,402
479284,479672,479690,18,388
479284,479687,479690,3,403
479284,479687,479691,4,403
479284,479672,479691,19,388
479284,479677,479691,14,393
479284,479687,479692,5,403
479284,479688,479692,4,404
479284,479687,479691,4,403
479284,479627,479691,64,343
479284,479688,479691,3,404
479284,479668,479693,25,384
479284,479669,479692,23,385
479431,479690,479693,3,259
479431,479690,479692,2,259
479431,479691,479694,3,260
479284,479689,479694,5,405
479284,479610,479693,83,326
479431,479690,479693,3,259
479431,479691,479694,3,260
479431,479692,479694,2,261
479431,479691,479694,3,260
479431,479692,479702,10,261
479431,479695,479704,9,264
479431,479694,479709,15,263
479431,479695,479711,16,264
479431,479702,479711,9,271
479431,479704,479714,10,273
479431,479711,479720,9,280
479431,479709,479721,12,278
479431,479711,479722,11,280
479431,479714,479727,13,283
479431,479720,479736,16,289
479431,479694,479737,43,263
479431,479722,479740,18,291
479431,479721,479742,21,290
479431,479727,479742,15,296
479431,479736,479750,14,305
479431,479740,479755,15,309
479431,479742,479755,13,311
479431,479742,479758,16,311
479431,479737,479760,23,306
478651,478763,479762,999,112
479431,479751,479763,12,320
479431,479755,479766,11,324
479431,479755,479768,13,324
479431,479762,479771,9,331
479284,479626,479773,147,342
479431,479692,479774,82,261
479431,479763,479775,12,332
479431,479760,479776,16,329
479431,479768,479776,8,337
479431,479771,479776,5,340
479431,479774,479777,3,343
479431,479758,479777,19,327
479431,479694,479778,84,263
479431,479775,479779,4,344
479431,479777,479780,3,346
479431,479777,479780,3,346
479431,479773,479780,7,342
479431,479766,479781,15,335
479431,479779,479782,3,348
479431,479776,479781,5,345
479431,479780,479783,3,349
479431,479779,479783,4,348
479431,479693,479782,89,262
479431,479780,479783,3,349
479431,479781,479784,3,350
479431,479780,479784,4,349
479431,479782,479785,3,351
479431,479782,479784,2,351
479434,479783,479785,2,349
479431,479783,479785,2,352
479434,479784,479786,2,350
479431,479776,479787,11,345
479434,479784,479787,3,350
479434,479783,479786,3,349
479431,479776,479787,11,345
479434,479785,479788,3,351
479434,479785,479787,2,351
479434,479785,479787,2,351
479434,479785,479794,9,351
479431,479694,479803,109,263
479434,479787,479808,21,353
479434,479787,479815,28,353
479434,479794,479819,25,360
479434,479787,479820,33,353
479434,479789,479820,31,355
479434,479787,479824,37,353
479434,479808,479826,18,374
479431,479693,479829,136,262
479434,479787,479831,44,353
479431,479694,479832,138,263
479434,479815,479832,17,381
479431,479692,479835,143,261
479434,479789,479837,48,355
479434,479803,479838,35,369
479434,479820,479839,19,386
479434,479820,479840,20,386
479431,479692,479840,148,261
479434,479819,479841,22,385
479434,479788,479848,60,354
479434,479824,479848,24,390
479434,479832,479848,16,398
479434,479832,479850,18,398
479434,479840,479851,11,406
479434,479831,479851,20,397
479434,479839,479852,13,405
479434,479840,479853,13,406
479434,479829,479859,30,395
479434,479851,479861,10,417
479434,479842,479862,20,408
479434,479826,479862,36,392
479434,479851,479862,11,417
479434,479861,479863,2,427
479434,479850,479864,14,416
479434,479848,479864,16,414
479434,479862,479865,3,428
479434,479862,479865,3,428
479434,479852,479864,12,418
479434,479838,479866,28,404
479434,479863,479866,3,429
479434,479863,479867,4,429
479434,479864,479867,3,430
479434,479864,479868,4,430
479434,479859,479869,10,425
479434,479865,479869,4,431
479434,479865,479869,4,431
479434,479865,479869,4,431
479434,479866,479869,3,432
479434,479848,479868,20,414
479434,479866,479869,3,432
479434,479835,479869,34,401
479434,479854,479869,15,420
479434,479867,479870,3,433
479434,479869,479871,2,435
479434,479867,479871,4,433
479612,479870,479872,2,258
479612,479870,479872,2,258
479434,479868,479871,3,434
479434,479848,479872,24,414
479612,479870,479872,2,258
479612,479871,479873,2,259
479434,479869,479873,4,435
479612,479871,479873,2,259
478597,478702,479873,1171,105
479612,479870,479872,2,258
479612,479871,479874,3,259
479434,479869,479876,7,435
479434,479869,479878,9,435
479612,479872,479879,7,260
479431,479693,479880,187,262
478570,478630,479880,1250,60
479434,479837,479883,46,403
479612,479879,479890,11,267
479612,479878,479891,13,266
479612,479880,479891,11,268
479612,479876,479892,16,264
479612,479872,479894,22,260
479431,479693,479894,201,262
479612,479880,479894,14,268
479612,479883,479902,19,271
479612,479895,479908,13,283
479612,479894,479909,15,282
479612,479894,479911,17,282
479612,479892,479911,19,280
479612,479890,479911,21,278
479612,479891,479915,24,279
479612,479902,479918,16,290
479612,479872,479922,50,260
479612,479874,479923,49,262
479612,479908,479925,17,296
479612,479909,479928,19,297
479612,479915,479930,15,303
479612,479891,479931,40,279
479612,479911,479934,23,299
479612,479912,479934,22,300
479612,479918,479938,20,306
479612,479934,479939,5,322
479612,479931,479940,9,319
479612,479938,479941,3,326
479612,479934,479941,7,322
479612,479931,479941,10,319
479612,479939,479942,3,327
479612,479925,479943,18,313
479612,479941,479944,3,329
479612,479942,479944,2,330
479612,479940,479944,4,328
479612,479941,479945,4,329
479612,479923,479945,22,311
479612,479928,479945,17,316
479612,479942,479945,3,330
479612,479944,479947,3,332
479612,479943,479947,4,331
479612,479911,479948,37,299
479612,479944,479948,4,332
479612,479946,479948,2,334
479612,479945,479947,2,333
479612,479945,479949,4,333
479612,479947,479949,2,335
479612,479946,479949,3,334
479613,479948,479950,2,335
479613,479948,479950,2,335
479612,479922,479950,28,310
479612,479944,479949,5,332
479612,479947,479950,3,335
479613,479949,479951,2,336
479613,479948,479951,3,335
479613,479950,479952,2,337
479613,479949,479952,3,336
479613,479950,479952,2,337
479613,479950,479960,10,337
479612,479873,479967,94,261
479612,479873,479969,96,261
479613,479950,479973,23,337
479612,479872,479974,102,260
479612,479873,479976,103,261
479612,479873,479979,106,261
479613,479973,479981,8,360
479613,479969,479982,13,356
479613,479974,479986,12,361
479613,479978,479988,10,365
479613,479967,479991,24,354
479613,479981,479992,11,368
479613,479979,479999,20,366
479613,479983,480001,18,370
479612,479873,480007,134,261
478665,478824,480009,1185,159
479613,479991,480010,19,378
479613,479992,480010,18,379
479613,479953,480010,57,340
479613,479950,480009,59,337
479613,479988,480015,27,375
479613,479999,480016,17,386
479613,480010,480021,11,397
479613,479960,480022,62,347
479613,480009,480023,14,396
479613,480010,480024,14,397
479613,480021,480030,9,408
479613,480016,480031,15,403
479613,479953,480031,78,340
479613,479987,480031,44,374
479613,480022,480031,9,409
479613,480001,480033,32,388
479613,479952,480033,81,339
479613,479952,480032,80,339
479613,480023,480034,11,410
479613,480031,480034,3,418
479613,480010,480035,25,397
479613,480033,480035,2,420
479613,480034,480036,2,421
479613,480008,480036,28,395
479613,480032,480036,4,419
479613,480035,480037,2,422
479613,480033,480036,3,420
479613,480034,480036,2,421
479613,480031,480038,7,418
479613,480035,480038,3,422
479613,480035,480037,2,422
479613,480024,480039,15,411
479613,480036,480038,2,423
479613,480037,480040,3,424
479613,480037,480040,3,424
479613,480015,480040,25,402
479613,480038,480040,2,425
479763,480039,480041,2,276
479613,480039,480041,2,426
479613,480038,480041,3,425
479613,480036,480040,4,423
479613,479951,480042,91,338
479763,480040,480042,2,277
479613,480037,480041,4,424
479763,480040,480043,3,277
479613,480038,480042,4,425
479763,480041,480042,1,278
479763,480041,480042,1,278
479763,480041,480042,1,278
479763,480041,480042,1,278
479613,480031,480044,13,418
479613,480030,480044,14,417
479763,480044,480050,6,281
479763,480041,480051,10,278
479613,479951,480051,100,338
479763,480044,480052,8,281
479613,480010,480053,43,397
479763,480052,480058,6,289
479763,480050,480058,8,287
479612,479873,480062,189,261
479763,480053,480062,9,290
479763,480051,480064,13,288
479763,480058,480065,7,295
479763,480058,480067,9,295
479763,480043,480067,24,280
479763,480042,480070,28,279
479763,480041,480072,31,278
479763,480051,480072,21,288
479763,480064,480072,8,301
479763,480065,480072,7,302
479763,480042,480074,32,279
479763,480068,480075,7,305
479763,480062,480076,14,299
479763,480070,480077,7,307
479763,480043,480078,35,280
479763,480062,480080,18,299
479763,480043,480082,39,280
479763,480072,480082,10,309
479763,480068,480082,14,305
479763,480077,480084,7,314
479763,480043,480083,40,280
479763,480082,480083,1,319
479763,480043,480087,44,280
479763,480082,480087,5,319
479763,480085,480086,1,322
479763,480085,480086,1,322
479763,480073,480088,15,310
479763,480074,480088,14,311
479763,480082,480088,6,319
479763,480084,480088,4,321
479763,480087,480089,2,324
479763,480088,480090,2,325
479763,480080,480089,9,317
479763,480076,480091,15,313
479763,480088,480091,3,325
479763,480087,480091,4,324
479763,480075,480092,17,312
479763,480043,480091,48,280
479763,480087,480092,5,324
479763,480089,480092,3,326
479763,480042,480091,49,279
479763,480072,480091,19,309
479763,480078,480093,15,315
479763,480088,480093,5,325
479763,480089,480094,5,326
479874,480092,480094,2,218
479874,480093,480094,1,219
479874,480092,480095,3,218
479763,480072,480095,23,309
479874,480092,480094,2,218
479874,480093,480095,2,219
479874,480093,480096,3,219
479763,480091,480097,6,328
479763,480090,480097,7,327
479874,480093,480097,4,219
479763,480091,480096,5,328
479763,480090,480097,7,327
479763,480091,480099,8,328
479763,480091,480098,7,328
479874,480094,480103,9,220
479874,480103,480110,7,229
479874,480099,480112,13,225
479874,480099,480112,13,225
479874,480110,480117,7,236
479874,480098,480122,24,224
479874,480095,480125,30,221
479874,480122,480127,5,248
478693,478892,480128,1236,199
479874,480117,480128,11,243
479874,480125,480128,3,251
479874,480127,480132,5,253
479874,480129,480137,8,255
479874,480128,480137,9,254
479874,480128,480139,11,254
479874,480112,480139,27,238
479874,480096,480142,46,222
479874,480132,480144,12,258
479874,480094,480149,55,220
479874,480138,480151,13,264
479874,480112,480151,39,238
478785,478955,480151,1196,170
479874,480139,480154,15,265
479874,480141,480155,14,267
479874,480096,480157,61,222
479874,480137,480157,20,263
479874,480142,480158,16,268
479874,480156,480158,2,282
479874,480154,480159,5,280
479874,480097,480159,62,223
479874,480157,480160,3,283
479874,480157,480159,2,283
479874,480158,480161,3,284
479874,480153,480161,8,279
479874,480158,480161,3,284
479874,480159,480161,2,285
479874,480160,480163,3,286
479874,480161,480163,2,287
479874,480159,480162,3,285
479874,480161,480164,3,287
479874,480161,480164,3,287
479874,480161,480164,3,287
479874,480160,480164,4,286
479874,480097,480165,68,223
479874,480163,480166,3,289
479874,480151,480166,15,277
479874,480163,480166,3,289
479874,480151,480166,15,277
479874,480095,480168,73,221
479874,480163,480168,5,289
479881,480166,480168,2,285
479881,480165,480168,3,284
479874,480149,480169,20,275
479881,480167,480169,2,286
479881,480166,480169,3,285
479881,480166,480169,3,285
479874,480097,480170,73,223
479881,480168,480171,3,287
479874,480144,480171,27,270
479874,480164,480172,8,290
479881,480168,480171,3,287
479874,480164,480172,8,290
479874,480164,480173,9,290
479881,480168,480175,7,287
479874,480097,480177,80,223
479881,480168,480186,18,287
479881,480176,480188,12,295
479881,480173,480191,18,292
479881,480178,480191,13,297
479874,480095,480193,98,221
479881,480169,480195,26,288
479881,480188,480197,9,307
479881,480186,480198,12,305
479881,480169,480199,30,288
479881,480172,480202,30,291
479881,480169,480206,37,288
479874,480095,480206,111,221
479881,480191,480206,15,310
479881,480172,480210,38,291
479881,480193,480211,18,312
479881,480195,480213,18,314
479881,480191,480215,24,310
479881,480169,480217,48,288
479881,480206,480217,11,325
479881,480197,480219,22,316
479881,480211,480223,12,330
479881,480199,480223,24,318
479881,480206,480223,17,325
479881,480172,480225,53,291
479881,480203,480226,23,322
479881,480171,480227,56,290
479881,480217,480228,11,336
479881,480226,480228,2,345
479881,480223,480229,6,342
479881,480225,480229,4,344
479881,480219,480230,11,338
479881,480227,480229,2,346
479881,480206,480231,25,325
479881,480228,480230,2,347
479881,480229,480232,3,348
479881,480228,480232,4,347
479881,480198,480233,35,317
479881,480223,480233,10,342
479881,480223,480232,9,342
479881,480229,480233,4,348
479881,480231,480234,3,350
479881,480210,480234,24,329
479881,480230,480234,4,349
479881,480232,480235,3,351
479881,480230,480234,4,349
479881,480232,480234,2,351
479881,480213,480236,23,332
479881,480215,480236,21,334
479881,480233,480236,3,352
479881,480232,480236,4,351
479881,480170,480236,66,289
479881,480217,480237,20,336
480010,480235,480238,3,225
480010,480236,480238,2,226
480010,480235,480237,2,225
480010,480235,480237,2,225
480010,480236,480237,1,226
480010,480236,480239,3,226
480010,480236,480238,2,226
479881,480233,480239,6,352
479881,480233,480240,7,352
479881,480234,480241,7,353
479881,480233,480242,9,352
479881,480234,480242,8,353
480010,480236,480243,7,226
480010,480243,480248,5,233
480010,480243,480250,7,233
480010,480239,480253,14,229
480010,480242,480253,11,232
480010,480237,480254,17,227
480010,480248,480254,6,238
479881,480171,480255,84,290
480010,480239,480259,20,229
479145,479359,480262,903,214
480010,480238,480262,24,228
480010,480254,480264,10,244
480010,480250,480266,16,240
480010,480262,480266,4,252
480010,480262,480267,5,252
480010,480253,480267,14,243
480010,480253,480268,15,243
480010,480241,480268,27,231
480010,480259,480269,10,249
480010,480255,480269,14,245
480010,480254,480270,16,244
480010,480266,480269,3,256
480010,480264,480271,7,254
480010,480240,480272,32,230
480010,480266,480271,5,256
480010,480270,480274,4,260
480010,480271,480274,3,261
480010,480239,480275,36,229
480010,480270,480276,6,260
480010,480274,480277,3,264
480010,480273,480277,4,263
480010,480272,480277,5,262
480010,480274,480278,4,264
480010,480275,480279,4,265
480010,480277,480279,2,267
480010,480276,480280,4,266
480010,480277,480280,3,267
480010,480268,480281,13,258
480010,480279,480281,2,269
480010,480278,480282,4,268
480010,480267,480282,15,257
480010,480279,480281,2,269
480010,480239,480282,43,229
480010,480278,480283,5,268
480010,480239,480283,44,229
480010,480269,480285,16,259
478839,479072,480285,1213,233
480010,480280,480285,5,270
480128,480284,480286,2,156
480010,480280,480286,6,270
480010,480281,480288,7,271
480010,480267,480288,21,257
480128,480286,480288,2,158
480010,480269,480289,20,259
480010,480268,480289,21,258
480010,480238,480290,52,228
480010,480282,480290,8,272
480010,480283,480291,8,273
480010,480282,480291,9,272
480128,480285,480291,6,157
480128,480285,480291,6,157
480128,480288,480292,4,160
480128,480285,480291,6,157
480010,480281,480293,12,271
480128,480287,480293,6,159
480010,480282,480292,10,272
480128,480288,480294,6,160
480128,480293,480303,10,165
480128,480293,480305,12,165
480128,480295,480306,11,167
480128,480288,480309,21,160
480128,480291,480315,24,163
480010,480239,480316,77,229
480128,480305,480317,12,177
480128,480291,480317,26,163
480128,480306,480317,11,178
480128,480289,480320,31,161
480128,480303,480322,19,175
480128,480309,480325,16,181
480128,480315,480326,11,187
480128,480320,480326,6,192
480128,480316,480326,10,188
480128,480317,480327,10,189
480128,480323,480327,4,195
478786,479020,480330,1310,234
480128,480318,480330,12,190
480128,480325,480330,5,197
480128,480318,480330,12,190
480128,480330,480333,3,202
480128,480331,480333,2,203
480128,480330,480334,4,202
480128,480333,480335,2,205
480128,480333,480335,2,205
480128,480334,480335,1,206
480128,480335,480338,3,207
480128,480327,480338,11,199
480128,480327,480338,11,199
480128,480330,480338,8,202
480128,480326,480339,13,198
480128,480336,480339,3,208
480128,480326,480340,14,198
480128,480293,480339,46,165
480128,480338,480341,3,210
480128,480336,480341,5,208
480128,480338,480342,4,210
480128,480338,480342,4,210
480128,480339,480342,3,211
480128,480339,480342,3,211
480128,480327,480342,15,199
480128,480339,480344,5,211
480128,480291,480345,54,163
480128,480340,480347,7,212
480128,480289,480347,58,161
480153,480345,480347,2,192
480128,480340,480348,8,212
480128,480342,480348,6,214
480128,480342,480348,6,214
480128,480342,480349,7,214
480128,480342,480348,6,214
480153,480347,480349,2,194
480153,480344,480350,6,191
480153,480347,480350,3,194
480153,480347,480349,2,194
480128,480341,480351,10,213
480153,480348,480352,4,195
480128,480341,480351,10,213
480153,480348,480351,3,195
480128,480292,480353,61,164
480153,480348,480353,5,195
480128,480293,480356,63,165
480128,480290,480356,66,162
480128,480291,480361,70,163
480153,480349,480364,15,196
478907,479149,480366,1217,242
480153,480356,480372,16,203
480153,480349,480372,23,196
480153,480364,480375,11,211
480153,480349,480378,29,196
480153,480351,480378,27,198
480153,480372,480379,7,219
480153,480375,480380,5,222
480153,480350,480380,30,197
480153,480372,480381,9,219
480153,480352,480382,30,199
480153,480356,480382,26,203
480153,480379,480382,3,226
480153,480378,480383,5,225
480153,480379,480383,4,226
480153,480366,480386,20,213
480153,480382,480388,6,229
480153,480361,480388,27,208
480153,480354,480390,36,201
480153,480382,480390,8,229
480153,480383,480391,8,230
480153,480354,480391,37,201
480153,480350,480393,43,197
480153,480391,480394,3,238
480153,480382,480394,12,229
480153,480392,480394,2,239
480153,480383,480395,12,230
480153,480393,480396,3,240
480153,480388,480395,7,235
480153,480390,480395,5,237
480153,480394,480396,2,241
480153,480380,480397,17,227
480153,480390,480398,8,237
480153,480394,480398,4,241
480153,480394,480399,5,241
480153,480381,480399,18,228
480153,480388,480398,10,235
480153,480396,480399,3,243
480153,480395,480401,6,242
480153,480396,480401,5,243
480153,480386,480402,16,233
480153,480380,480402,22,227
480153,480350,480402,52,197
480153,480399,480403,4,246
480153,480397,480404,7,244
480262,480402,480404,2,140
480153,480399,480404,5,246
480153,480400,480403,3,247
480153,480398,480404,6,245
480153,480396,480404,8,243
480153,480399,480404,5,246
480153,480397,480404,7,244
480153,480401,480405,4,248
480262,480404,480406,2,142
480153,480401,480406,5,248
480262,480402,480406,4,140
480262,480404,480407,3,142
480262,480404,480407,3,142
480262,480404,480408,4,142
480153,480399,480409,10,246
480262,480403,480409,6,141
480262,480404,480415,11,142
480153,480352,480415,63,199
480262,480410,480419,9,148
480262,480405,480420,15,143
480262,480420,480424,4,158
480262,480419,480425,6,157
480262,480406,480424,18,144
480262,480415,480426,11,153
480262,480424,480427,3,162
480262,480409,480427,18,147
480262,480405,480426,21,143
480262,480407,480431,24,145
480262,480425,480431,6,163
480262,480427,480432,5,165
480262,480427,480431,4,165
480262,480405,480434,29,143
480262,480431,480434,3,169
480262,480409,480433,24,147
480262,480431,480434,3,169
480262,480407,480435,28,145
480262,480407,480435,28,145
480262,480415,480437,22,153
480262,480427,480436,9,165
480262,480425,480437,12,163
480262,480427,480438,11,165
480262,480437,480439,2,175
480262,480432,480440,8,170
480262,480432,480442,10,170
480262,480438,480441,3,176
480128,480292,480444,152,164
480262,480435,480444,9,173
480262,480440,480443,3,178
480262,480442,480443,1,180
480262,480442,480443,1,180
480262,480406,480445,39,144
480262,480434,480446,12,172
480262,480444,480447,3,182
480262,480444,480447,3,182
480262,480444,480446,2,182
480262,480407,480448,41,145
480262,480444,480449,5,182
480262,480440,480450,10,178
480262,480444,480450,6,182
480262,480446,480450,4,184
480262,480437,480450,13,175
480262,480437,480451,14,175
480262,480446,480451,5,184
480262,480434,480451,17,172
480262,480435,480451,16,173
480262,480447,480453,6,185
480262,480450,480453,3,188
480262,480435,480453,18,173
480286,480451,480453,2,165
480262,480450,480455,5,188
480262,480434,480455,21,172
480262,480447,480455,8,185
480262,480447,480454,7,185
480286,480451,480456,5,165
480286,480452,480458,6,166
480262,480448,480458,10,186
480262,480449,480459,10,187
480286,480452,480458,6,166
480262,480450,480460,10,188
480286,480453,480461,8,167
480286,480453,480461,8,167
480286,480453,480461,8,167
480286,480453,480463,10,167
480286,480461,480468,7,175
480286,480461,480469,8,175
480286,480469,480475,6,183
480286,480461,480476,15,175
480286,480468,480476,8,182
480286,480463,480477,14,177
480286,480463,480478,15,177
480286,480460,480477,17,174
480286,480455,480479,24,169
480286,480475,480482,7,189
480286,480476,480483,7,190
480286,480477,480483,6,191
480286,480476,480483,7,190
480286,480456,480485,29,170
479165,479534,480485,951,369
479022,479206,480485,1279,184
480286,480483,480491,8,197
480286,480482,480492,10,196
480286,480479,480493,14,193
480286,480483,480494,11,197
480286,480484,480495,11,198
480286,480494,480496,2,208
480286,480495,480499,4,209
480286,480496,480499,3,210
480286,480485,480500,15,199
480286,480499,480501,2,213
480286,480491,480502,11,205
480286,480499,480503,4,213
480286,480492,480503,11,206
480286,480493,480503,10,207
480286,480485,480504,19,199
480286,480455,480503,48,169
480286,480485,480505,20,199
480286,480478,480506,28,192
480286,480478,480505,27,192
480286,480500,480507,7,214
480286,480503,480507,4,217
480286,480503,480507,4,217
480286,480455,480508,53,169
480286,480502,480508,6,216
480286,480501,480510,9,215
480286,480507,480510,3,221
480286,480506,480511,5,220
480286,480504,480511,7,218
480286,480506,480511,5,220
480286,480505,480512,7,219
480286,480507,480512,5,221
480286,480505,480513,8,219
480286,480510,480513,3,224
480331,480511,480514,3,180
480286,480507,480514,7,221
480286,480509,480515,6,223
480286,480503,480515,12,217
480331,480512,480515,3,181
480331,480512,480515,3,181
480286,480508,480516,8,222
480331,480513,480516,3,182
480331,480511,480515,4,180
480286,480510,480515,5,224
480331,480513,480516,3,182
480331,480514,480517,3,183
480153,480352,480516,164,199
480331,480515,480518,3,184
480286,480455,480524,69,169
479047,479289,480525,1236,242
480286,480459,480529,70,173
480331,480518,480531,13,187
480331,480515,480536,21,184
480286,480459,480537,78,173
480331,480515,480538,23,184
480331,480525,480539,14,194
480331,480537,480541,4,206
480331,480538,480543,5,207
480331,480536,480544,8,205
480331,480516,480545,29,185
480331,480539,480546,7,208
480331,480524,480548,24,193
480331,480541,480550,9,210
480331,480529,480556,27,198
480331,480544,480557,13,213
480331,480517,480557,40,186
480331,480515,480557,42,184
480331,480545,480558,13,214
480331,480543,480559,16,212
480331,480557,480561,4,226
480331,480550,480561,11,219
480331,480557,480562,5,226
480331,480559,480562,3,228
480331,480559,480563,4,228
480331,480515,480564,49,184
480331,480557,480565,8,226
480331,480548,480565,17,217
480331,480516,480566,50,185
480331,480516,480567,51,185
480331,480561,480567,6,230
480331,480563,480567,4,232
480331,480564,480567,3,233
480331,480531,480568,37,200
480331,480546,480568,22,215
480331,480517,480568,51,186
480331,480565,480569,4,234
480331,480567,480571,4,236
480331,480563,480572,9,232
480331,480567,480572,5,236
480331,480561,480572,11,230
480331,480516,480572,56,185
480331,480556,480572,16,225
480331,480568,480573,5,237
480331,480565,480573,8,234
480331,480567,480573,6,236
480331,480568,480574,6,237
480331,480566,480573,7,235
480331,480569,480574,5,238
480331,480568,480574,6,237
480331,480562,480576,14,231
480331,480572,480576,4,241
480331,480571,480576,5,240
480331,480572,480577,5,241
480331,480568,480576,8,237
480367,480574,480576,2,207
480331,480572,480577,5,241
480367,480574,480578,4,207
480331,480572,480579,7,241
480331,480572,480579,7,241
480367,480575,480578,3,208
480367,480575,480580,5,208
480367,480576,480580,4,209
480367,480574,480581,7,207
480367,480574,480580,6,207
480367,480576,480582,6,209
480367,480581,480587,6,214
480367,480582,480589,7,215
480367,480581,480590,9,214
480367,480580,480591,11,213
480367,480580,480591,11,213
480367,480587,480593,6,220
480367,480579,480593,14,212
480367,480589,480594,5,222
480367,480593,480596,3,226
480367,480593,480596,3,226
480367,480578,480596,18,211
480367,480579,480597,18,212
480367,480594,480597,3,227
480367,480578,480598,20,211
480367,480597,480600,3,230
480367,480591,480600,9,224
480367,480597,480601,4,230
480367,480596,480601,5,229
480367,480597,480602,5,230
480367,480596,480602,6,229
480367,480601,480604,3,234
480367,480601,480604,3,234
480367,480602,480604,2,235
480367,480602,480605,3,235
480367,480600,480607,7,233
480367,480576,480608,32,209
480367,480590,480610,20,223
480367,480598,480610,12,231
480367,480577,480610,33,210
480367,480607,480612,5,240
480367,480578,480612,34,211
480367,480605,480613,8,238
480286,480459,480614,155,173
480367,480608,480615,7,241
480367,480610,480615,5,243
480367,480612,480615,3,245
480367,480604,480615,11,237
480367,480604,480617,13,237
480331,480516,480617,101,185
480367,480614,480616,2,247
480367,480610,480618,8,243
480367,480616,480619,3,249
480367,480615,480619,4,248
480367,480616,480619,3,249
480367,480612,480619,7,245
480367,480617,480620,3,250
480367,480577,480620,43,210
480367,480614,480619,5,247
480367,480615,480620,5,248
480367,480619,480621,2,252
480367,480605,480620,15,238
480486,480619,480621,2,133
480367,480617,480621,4,250
480367,480600,480622,22,233
480367,480618,480621,3,251
480486,480619,480622,3,133
480367,480614,480622,8,247
480486,480620,480623,3,134
480367,480617,480623,6,250
480486,480621,480622,1,135
480486,480620,480623,3,134
480486,480620,480623,3,134
480486,480620,480622,2,134
480367,480591,480626,35,224
480486,480623,480627,4,137
480486,480621,480630,9,135
480486,480623,480632,9,137
480367,480579,480633,54,212
480486,480628,480634,6,142
480486,480627,480634,7,141
480486,480623,480635,12,137
480486,480623,480635,12,137
480486,480630,480636,6,144
480486,480636,480639,3,150
480486,480635,480640,5,149
480486,480632,480643,11,146
480486,480634,480643,9,148
480486,480635,480645,10,149
480486,480623,480645,22,137
480486,480634,480646,12,148
480486,480639,480647,8,153
480486,480633,480649,16,147
480486,480623,480651,28,137
480486,480640,480651,11,154
480486,480622,480652,30,136
480486,480643,480652,9,157
480486,480622,480652,30,136
480486,480623,480653,30,137
480486,480645,480654,9,159
480486,480622,480654,32,136
480486,480647,480654,7,161
480486,480645,480654,9,159
480486,480651,480656,5,165
480486,480654,480658,4,168
480486,480649,480658,9,163
480486,480643,480658,15,157
480486,480655,480658,3,169
480486,480652,480659,7,166
480486,480656,480659,3,170
480486,480651,480659,8,165
480486,480652,480659,7,166
480486,480646,480659,13,160
480486,480654,480660,6,168
480486,480659,480661,2,173
480486,480653,480662,9,167
480486,480658,480661,3,172
480486,480652,480662,10,166
480486,480658,480662,4,172
480486,480659,480661,2,173
480486,480659,480662,3,173
480486,480660,480663,3,174
480486,480661,480663,2,175
480486,480654,480662,8,168
480486,480661,480663,2,175
480486,480658,480662,4,172
480486,480622,480664,42,136
480486,480662,480665,3,176
480486,480662,480665,3,176
480486,480663,480665,2,177
480486,480662,480665,3,176
480486,480662,480665,3,176
480486,480662,480665,3,176
480486,480663,480666,3,177
480486,480663,480666,3,177
480486,480622,480667,45,136
480486,480663,480666,3,177
480486,480658,480667,9,172
480486,480663,480666,3,177
480486,480659,480667,8,173
480486,480668,480671,3,182
480486,480664,480672,8,178
480486,480669,480672,3,183
479149,479455,480673,1218,306
480486,480671,480677,6,185
480486,480672,480679,7,186
480486,480672,480680,8,186
480486,480665,480683,18,179
480486,480665,480685,20,179
480486,480665,480686,21,179
480486,480667,480687,20,181
480486,480674,480687,13,188
480486,480664,480689,25,178
480486,480666,480688,22,180
480486,480665,480690,25,179
480486,480665,480690,25,179
480486,480665,480692,27,179
480486,480687,480694,7,201
480486,480686,480695,9,200
480486,480687,480695,8,201
480486,480689,480696,7,203
480486,480689,480698,9,203
480486,480666,480699,33,180
480486,480690,480700,10,204
480486,480690,480700,10,204
480486,480667,480701,34,181
480486,480677,480702,25,191
480486,480679,480704,25,193
480486,480701,480705,4,215
480486,480667,480705,38,181
480486,480700,480706,6,214
480486,480699,480705,6,213
480486,480702,480706,4,216
480486,480699,480707,8,213
480486,480692,480707,15,206
480486,480701,480707,6,215
480486,480694,480708,14,208
480486,480695,480707,12,209
480486,480696,480708,12,210
480486,480696,480708,12,210
480486,480704,480710,6,218
480486,480680,480710,30,194
480486,480706,480710,4,220
480486,480705,480711,6,219
480486,480705,480711,6,219
480486,480707,480712,5,221
480486,480710,480711,1,224
480486,480707,480713,6,221
480486,480706,480713,7,220
480486,480706,480713,7,220
480486,480710,480714,4,224
480486,480709,480714,5,223
480527,480712,480714,2,185
480527,480711,480713,2,184
480527,480712,480714,2,185
480486,480685,480715,30,199
480527,480713,480716,3,186
480486,480707,480716,9,221
480527,480713,480715,2,186
480527,480714,480716,2,187
480527,480713,480715,2,186
480486,480708,480717,9,222
480486,480708,480718,10,222
480486,480708,480718,10,222
480527,480714,480723,9,187
480527,480714,480731,17,187
480527,480718,480733,15,191
480486,480683,480733,50,197
480527,480723,480733,10,196
480527,480714,480734,20,187
480527,480718,480735,17,191
480527,480714,480735,21,187
480527,480718,480738,20,191
480527,480735,480740,5,208
480527,480715,480741,26,188
480527,480733,480742,9,206
480527,480733,480742,9,206
480527,480734,480744,10,207
480527,480735,480744,9,208
480527,480739,480745,6,212
480527,480740,480747,7,213
480527,480731,480749,18,204
480527,480733,480749,16,206
480527,480741,480749,8,214
480527,480742,480750,8,215
480527,480716,480751,35,189
480527,480744,480751,7,217
480527,480716,480755,39,189
480527,480750,480755,5,223
480527,480749,480756,7,222
480527,480743,480756,13,216
480527,480716,480756,40,189
480527,480744,480757,13,217
480527,480756,480760,4,229
480527,480755,480761,6,228
480527,480756,480761,5,229
480527,480756,480761,5,229
480527,480751,480761,10,224
480527,480755,480762,7,228
480527,480751,480762,11,224
480527,480747,480762,15,220
480527,480761,480764,3,234
480527,480760,480763,3,233
480527,480761,480765,4,234
480527,480762,480765,3,235
480527,480757,480765,8,230
480527,480762,480765,3,235
480527,480749,480765,16,222
480527,480762,480765,3,235
480527,480761,480765,4,234
480527,480765,480767,2,238
480527,480763,480768,5,236
480527,480745,480768,23,218
480527,480765,480769,4,238
480674,480766,480769,3,92
480527,480766,480769,3,239
480527,480764,480769,5,237
480527,480765,480769,4,238
480527,480765,480769,4,238
480527,480749,480770,21,222
480527,480764,480770,6,237
480674,480769,480771,2,95
480674,480768,480772,4,94
480674,480769,480772,3,95
480674,480769,480772,3,95
480674,480769,480772,3,95
480674,480767,480773,6,93
480674,480770,480774,4,96
480674,480771,480780,9,97
480674,480771,480781,10,97
480674,480774,480785,11,100
480674,480770,480787,17,96
480674,480770,480787,17,96
480674,480773,480789,16,99
480674,480780,480789,9,106
480674,480772,480789,17,98
480674,480781,480794,13,107
480674,480789,480794,5,115
480527,480716,480795,79,189
480674,480789,480797,8,115
480674,480770,480800,30,96
480527,480716,480800,84,189
480674,480785,480802,17,111
480674,480801,480804,3,127
480674,480790,480806,16,116
480674,480795,480808,13,121
480674,480794,480810,16,120
480674,480772,480811,39,98
480674,480800,480814,14,126
480674,480797,480814,17,123
480674,480794,480816,22,120
480674,480787,480816,29,113
480674,480773,480816,43,99
480674,480802,480820,18,128
480674,480810,480820,10,136
480674,480805,480821,16,131
480674,480816,480822,6,142
480674,480814,480822,8,140
480674,480787,480823,36,113
480674,480820,480822,2,146
480674,480816,480824,8,142
480674,480816,480825,9,142
480674,480772,480825,53,98
480674,480823,480826,3,149
480674,480811,480825,14,137
480674,480824,480827,3,150
480674,480814,480827,13,140
480674,480821,480827,6,147
480674,480806,480828,22,132
480674,480826,480828,2,152
480674,480820,480828,8,146
480674,480808,480828,20,134
480674,480822,480828,6,148
480674,480823,480829,6,149
480674,480822,480829,7,148
480674,480829,480831,2,155
480674,480825,480831,6,151
480674,480825,480834,9,151
480674,480828,480834,6,154
480674,480829,480834,5,155
479275,479605,480835,1230,330
480674,480828,480835,7,154
480674,480826,480835,9,152
480835,480835,480837,2,0
480835,480835,480837,2,0
480674,480829,480836,7,155
480835,480835,480837,2,0
480835,480835,480837,2,0
480835,480835,480837,2,0
480835,480835,480837,2,0
480835,480835,480838,3,0
480674,480827,480837,10,153
480674,480827,480837,10,153
480674,480827,480841,14,153
480835,480835,480845,10,0
480835,480841,480857,16,6
480835,480839,480859,20,4
480835,480837,480864,27,2
480835,480845,480866,21,10
480835,480859,480867,8,24
480835,480837,480868,31,2
480835,480857,480870,13,22
480835,480837,480871,34,2
480835,480838,480875,37,3
480835,480835,480875,40,0
480835,480868,480877,9,33
480835,480866,480878,12,31
480835,480868,480878,10,33
480835,480864,480878,14,29
480835,480837,480879,42,2
480835,480837,480880,43,2
480835,480838,480881,43,3
480835,480837,480881,44,2
480835,480837,480883,46,2
480835,480870,480886,16,35
480835,480878,480887,9,43
480835,480871,480889,18,36
480835,480878,480889,11,43
480835,480879,480890,11,44
480835,480881,480891,10,46
480835,480880,480891,11,45
480835,480890,480893,3,55
480835,480879,480894,15,44
480835,480891,480894,3,56
480835,480889,480895,6,54
480835,480881,480896,15,46
480835,480889,480896,7,54
480835,480877,480895,18,42
480835,480887,480896,9,52
480835,480894,480896,2,59
480835,480894,480898,4,59
480835,480891,480898,7,56
480835,480893,480898,5,58
480835,480883,480897,14,48
480835,480895,480899,4,60
480835,480896,480898,2,61
480835,480896,480899,3,61
480835,480896,480900,4,61
480835,480875,480900,25,40
480835,480896,480899,3,61
480835,480886,480899,13,51
480835,480898,480901,3,63
480835,480897,480901,4,62
480835,480898,480901,3,63
479284,479690,480901,1211,406
480835,480899,480902,3,64
480835,480900,480903,3,65
480835,480899,480903,4,64
480835,480899,480902,3,64
480902,480902,480904,2,0
480902,480902,480904,2,0
480902,480902,480904,2,0
480835,480898,480903,5,63
480902,480902,480904,2,0
480902,480902,480905,3,0
480835,480899,480905,6,64
480902,480902,480905,3,0
480902,480902,480904,2,0
480902,480903,480908,5,1
480835,480875,480927,52,40
480902,480903,480934,31,1
480902,480908,480942,34,6
480902,480905,480945,40,3
480902,480903,480949,46,1
480902,480945,480951,6,43
480902,480934,480953,19,32
480902,480942,480954,12,40
480902,480949,480954,5,47
480902,480905,480956,51,3
480902,480904,480959,55,2
480902,480904,480960,56,2
480902,480927,480960,33,25
480902,480904,480962,58,2
480902,480951,480963,12,49
480902,480904,480965,61,2
479432,479783,480966,1183,351
480902,480954,480968,14,52
480902,480962,480971,9,60
480902,480905,480971,66,3
480902,480904,480972,68,2
480902,480964,480975,11,62
480902,480953,480975,22,51
480902,480965,480976,11,63
480902,480960,480976,16,58
480902,480960,480977,17,58
480902,480966,480979,13,64
480902,480977,480979,2,75
480902,480976,480980,4,74
480902,480971,480981,10,69
480902,480972,480981,9,70
480902,480971,480980,9,69
480902,480976,480982,6,74
480902,480905,480982,77,3
480902,480980,480983,3,78
480902,480968,480983,15,66
480902,480960,480983,23,58
480902,480981,480984,3,79
480902,480979,480984,5,77
480902,480981,480984,3,79
480902,480975,480983,8,73
480902,480981,480985,4,79
480902,480983,480985,2,81
480902,480975,480986,11,73
480902,480982,480985,3,80
480902,480980,480985,5,78
480902,480984,480987,3,82
480902,480983,480987,4,81
480902,480985,480987,2,83
480902,480985,480988,3,83
480902,480983,480988,5,81
480902,480985,480988,3,83
480967,480986,480988,2,19
480902,480983,480989,6,81
480967,480987,480989,2,20
480902,480984,480989,5,82
480902,480954,480988,34,52
480967,480987,480990,3,20
480902,480984,480989,5,82
480967,480988,480990,2,21
480902,480986,480990,4,84
480967,480988,480990,2,21
480967,480987,480990,3,20
480902,480956,480989,33,54
480967,480988,480991,3,21
480967,480988,480993,5,21
480967,480990,481005,15,23
480967,480990,481007,17,23
480967,480989,481014,25,22
480967,480989,481017,28,22
480967,480991,481018,27,24
480967,480990,481018,28,23
480967,481007,481021,14,40
480967,481014,481022,8,47
480967,481017,481023,6,50
480967,480993,481023,30,26
480967,480990,481027,37,23
480967,481021,481033,12,54
480967,480989,481033,44,22
480967,481022,481034,12,55
480967,481018,481035,17,51
480967,481018,481038,20,51
480967,480990,481043,53,23
480967,481033,481045,12,66
480967,481033,481045,12,66
480967,481005,481045,40,38
480967,481023,481048,25,56
480967,481027,481049,22,60
480967,481038,481050,12,71
480967,481034,481051,17,67
480967,481024,481051,27,57
480967,481036,481053,17,69
480967,481051,481054,3,84
480967,481043,481055,12,76
480967,481051,481055,4,84
480967,481050,481057,7,83
480967,481046,481057,11,79
480967,481053,481057,4,86
480967,481045,481057,12,78
480967,481048,481058,10,81
480967,481045,481057,12,78
480967,481049,481058,9,82
480967,481054,481059,5,87
480967,481055,481059,4,88
480967,480990,481059,69,23
480967,480989,481059,70,22
480967,481057,481060,3,90
480967,481055,481060,5,88
480967,481057,481060,3,90
480967,481059,481061,2,92
480967,481058,481061,3,91
480967,481058,481062,4,91
480967,481059,481062,3,92
480967,481060,481062,2,93
480967,481059,481062,3,92
480967,481057,481063,6,90
480967,481060,481063,3,93
480967,481060,481063,3,93
480967,481060,481063,3,93
480967,481058,481063,5,91
480967,481058,481063,5,91
480967,480990,481087,97,23
479434,479870,481088,1218,436
481091,481091,481093,2,0
481091,481091,481094,3,0
481091,481091,481094,3,0
481091,481091,481094,3,0
481091,481091,481094,3,0
481091,481091,481095,4,0
481091,481091,481095,4,0
481091,481091,481096,5,0
481091,481094,481108,14,3
481091,481095,481108,13,4
481091,481093,481110,17,2
481091,481095,481113,18,4
481091,481091,481115,24,0
481091,481095,481117,22,4
481091,481097,481118,21,6
481091,481091,481118,27,0
481091,481116,481126,10,25
481091,481110,481130,20,19
481091,481113,481129,16,22
481091,481091,481131,40,0
481091,481091,481132,41,0
481091,481117,481133,16,26
481091,481091,481134,43,0
481091,481108,481135,27,17
481091,481118,481137,19,27
481091,481119,481138,19,28
481091,481094,481138,44,3
481091,481108,481140,32,17
481091,481130,481141,11,39
481091,481132,481142,10,41
479875,480165,481142,977,290
481091,481133,481145,12,42
481091,481126,481145,19,35
481091,481135,481146,11,44
481091,481134,481146,12,43
481091,481130,481146,16,39
481091,481137,481148,11,46
481091,481138,481149,11,47
481091,481146,481150,4,55
481091,481131,481150,19,40
481091,481138,481150,12,47
481091,481142,481151,9,51
481091,481145,481151,6,54
481091,481141,481151,10,50
481091,481145,481152,7,54
481091,481146,481152,6,55
481091,481147,481152,5,56
481091,481148,481153,5,57
481091,481140,481153,13,49
481091,481150,481154,4,59
481091,481142,481154,12,51
481091,481151,481154,3,60
481091,481152,481155,3,61
481091,481151,481155,4,60
481091,481149,481155,6,58
481091,481152,481156,4,61
481091,481151,481156,5,60
481091,481150,481155,5,59
481091,481153,481157,4,62
481091,481154,481157,3,63
481142,481155,481157,2,13
481091,481150,481158,8,59
481091,481152,481158,6,61
481142,481156,481158,2,14
481142,481155,481158,3,13
481091,481153,481158,5,62
481142,481155,481157,2,13
481142,481156,481159,3,14
481142,481157,481159,2,15
481142,481156,481159,3,14
481091,481154,481159,5,63
481142,481157,481163,6,15
481091,481094,481173,79,3
481142,481158,481178,20,16
481142,481160,481180,20,18
481142,481160,481180,20,18
481142,481163,481185,22,21
481142,481158,481193,35,16
481142,481160,481193,33,18
481142,481158,481197,39,16
481142,481159,481197,38,17
481142,481158,481198,40,16
481142,481180,481203,23,38
481142,481159,481205,46,17
481142,481198,481206,8,56
481142,481158,481207,49,16
481142,481197,481207,10,55
481142,481193,481207,14,51
481142,481173,481209,36,31
481142,481193,481211,18,51
481142,481198,481212,14,56
481142,481180,481212,32,38
481142,481185,481212,27,43
481142,481203,481214,11,61
481142,481208,481215,7,66
481142,481205,481216,11,63
481142,481209,481216,7,67
481142,481208,481217,9,66
481142,481206,481216,10,64
481142,481207,481218,11,65
479882,480234,481218,984,352
481142,481217,481219,2,75
481142,481217,481219,2,75
481142,481211,481218,7,69
481142,481212,481220,8,70
481142,481212,481220,8,70
481142,481158,481219,61,16
481142,481212,481220,8,70
481142,481216,481221,5,74
481142,481219,481222,3,77
481142,481216,481222,6,74
481142,481219,481223,4,77
481142,481220,481223,3,78
481142,481219,481223,4,77
481142,481214,481222,8,72
481142,481218,481222,4,76
481142,481221,481224,3,79
481142,481220,481224,4,78
481142,481219,481224,5,77
481142,481220,481224,4,78
481142,481220,481225,5,78
481142,481223,481225,2,81
481142,481223,481226,3,81
481220,481224,481226,2,4
481142,481222,481226,4,80
481142,481216,481225,9,74
481142,481223,481226,3,81
481142,481222,481225,3,80
481142,481224,481226,2,82
481220,481225,481227,2,5
481142,481224,481227,3,82
481220,481224,481227,3,4
481220,481224,481226,2,4
481220,481226,481228,2,6
481220,481225,481227,2,5
481220,481226,481228,2,6
479613,479948,481228,1280,335
481142,481178,481232,54,36
481220,481226,481233,7,6
481220,481226,481244,18,6
481220,481226,481254,28,6
481220,481228,481254,26,8
481220,481226,481257,31,6
481220,481227,481257,30,7
481220,481228,481262,34,8
481220,481254,481267,13,34
481220,481258,481270,12,38
481220,481234,481272,38,14
481220,481262,481273,11,42
481220,481244,481273,29,24
481220,481228,481274,46,8
481220,481254,481274,20,34
481220,481257,481275,18,37
481220,481267,481277,10,47
481220,481226,481280,54,6
481220,481273,481282,9,53
481220,481270,481282,12,50
481220,481273,481283,10,53
481220,481272,481283,11,52
481220,481275,481284,9,55
481220,481274,481284,10,54
481220,481228,481284,56,8
481220,481274,481284,10,54
481220,481277,481284,7,57
481220,481284,481286,2,64
481220,481284,481286,2,64
481220,481227,481287,60,7
481220,481280,481287,7,60
481220,481284,481287,3,64
481220,481286,481288,2,66
481220,481227,481289,62,7
481220,481282,481288,6,62
481220,481284,481289,5,64
481220,481287,481290,3,67
481220,481286,481290,4,66
481220,481282,481291,9,62
481220,481288,481291,3,68
481220,481287,481291,4,67
481220,481283,481291,8,63
481220,481284,481292,8,64
481220,481287,481291,4,67
481220,481289,481291,2,69
481220,481289,481293,4,69
481220,481291,481293,2,71
481220,481290,481293,3,70
481220,481283,481293,10,63
481220,481289,481293,4,69
481220,481291,481294,3,71
481220,481291,481294,3,71
481220,481291,481294,3,71
481220,481290,481293,3,70
481229,481293,481294,1,64
481229,481293,481295,2,64
481229,481293,481296,3,64
481229,481293,481296,3,64
481229,481293,481296,3,64
481229,481294,481296,2,65
481220,481292,481295,3,72
481220,481292,481295,3,72
481229,481294,481296,2,65
481229,481294,481300,6,65
481220,481232,481310,78,12
481229,481295,481311,16,66
481229,481296,481312,16,67
481229,481296,481314,18,67
481229,481300,481316,16,71
481229,481296,481316,20,67
481229,481294,481322,28,65
481229,481296,481323,27,67
481229,481310,481324,14,81
479614,480039,481325,1286,425
481229,481295,481325,30,66
481229,481312,481330,18,83
481229,481316,481332,16,87
481229,481296,481336,40,67
481229,481324,481336,12,95
481229,481324,481336,12,95
481229,481322,481337,15,93
481229,481325,481339,14,96
481229,481296,481341,45,67
481229,481337,481344,7,108
481220,481227,481346,119,7
479764,480092,481345,1253,328
481229,481325,481348,23,96
481229,481296,481350,54,67
481229,481337,481351,14,108
481229,481316,481351,35,87
481229,481339,481351,12,110
481229,481344,481352,8,115
481229,481336,481353,17,107
481229,481332,481352,20,103
481229,481352,481356,4,123
481229,481312,481356,44,83
481229,481341,481357,16,112
481229,481352,481356,4,123
481229,481330,481358,28,101
481229,481346,481358,12,117
481229,481351,481359,8,122
481229,481348,481360,12,119
481229,481357,481360,3,128
481229,481353,481361,8,124
481229,481346,481361,15,117
481229,481358,481362,4,129
481229,481356,481362,6,127
481229,481353,481362,9,124
481229,481351,481363,12,122
481229,481358,481362,4,129
481229,481359,481363,4,130
481229,481360,481363,3,131
481229,481350,481363,13,121
481229,481356,481363,7,127
481229,481357,481363,6,128
481229,481362,481365,3,133
481229,481361,481364,3,132
481229,481361,481365,4,132
481229,481362,481364,2,133
481325,481363,481365,2,38
481325,481363,481365,2,38
481229,481360,481366,6,131
481325,481364,481367,3,39
481325,481364,481367,3,39
481325,481363,481366,3,38
481325,481365,481368,3,40
481229,481362,481368,6,133
481325,481365,481367,2,40
481229,481363,481368,5,134
481325,481365,481370,5,40
481229,481336,481371,35,107
481229,481314,481373,59,85
481325,481369,481382,13,44
481325,481369,481382,13,44
481325,481370,481384,14,45
481325,481365,481386,21,40
481325,481371,481390,19,46
481325,481384,481394,10,59
481325,481367,481397,30,42
481325,481386,481399,13,61
481325,481367,481399,32,42
481325,481382,481402,20,57
481325,481390,481402,12,65
481325,481394,481409,15,69
481325,481366,481409,43,41
481325,481366,481413,47,41
481325,481402,481413,11,77
481325,481368,481413,45,43
481325,481402,481420,18,77
481325,481397,481421,24,72
481325,481413,481422,9,88
481325,481409,481423,14,84
481325,481413,481423,10,88
481325,481410,481423,13,85
481325,481400,481423,23,75
481325,481399,481425,26,74
481325,481414,481425,11,89
481325,481368,481426,58,43
481325,481420,481427,7,95
481325,481425,481428,3,100
481325,481425,481428,3,100
481325,481423,481429,6,98
481325,481422,481431,9,97
481325,481426,481431,5,101
481325,481366,481431,65,41
481325,481423,481432,9,98
481325,481428,481432,4,103
481325,481382,481433,51,57
481325,481423,481433,10,98
481325,481374,481432,58,49
481325,481423,481433,10,98
481325,481424,481433,9,99
481325,481432,481435,3,107
481325,481429,481435,6,104
481325,481432,481435,3,107
481325,481432,481435,3,107
481325,481433,481436,3,108
481325,481431,481436,5,106
481325,481428,481435,7,103
481325,481435,481437,2,110
481325,481428,481437,9,103
481325,481433,481438,5,108
481325,481435,481438,3,110
481325,481434,481437,3,109
481325,481433,481438,5,108
481352,481436,481439,3,84
481352,481436,481439,3,84
481352,481436,481438,2,84
481352,481437,481439,2,85
481352,481437,481440,3,85
481325,481431,481439,8,106
481352,481438,481440,2,86
481352,481436,481439,3,84
481325,481433,481440,7,108
481352,481438,481442,4,86
481352,481439,481452,13,87
481352,481441,481456,15,89
481325,481367,481457,90,42
481352,481438,481460,22,86
481352,481439,481461,22,87
481352,481440,481461,21,88
481352,481439,481465,26,87
481352,481457,481472,15,105
481352,481460,481474,14,108
481352,481461,481474,13,109
481352,481461,481475,14,109
481352,481442,481475,33,90
481352,481465,481476,11,113
481352,481439,481479,40,87
481352,481474,481485,11,122
481352,481440,481487,47,88
481352,481476,481487,11,124
481352,481472,481487,15,120
481352,481475,481488,13,123
481352,481475,481488,13,123
480011,480284,481487,1203,273
481352,481474,481488,14,122
481352,481479,481489,10,127
481352,481439,481494,55,87
481352,481487,481494,7,135
481352,481485,481495,10,133
481352,481440,481496,56,88
481352,481487,481496,9,135
481352,481487,481496,9,135
481352,481488,481495,7,136
481352,481488,481497,9,136
481352,481488,481498,10,136
481352,481494,481498,4,142
481352,481490,481499,9,138
481352,481495,481498,3,143
481352,481494,481500,6,142
481352,481490,481499,9,138
481352,481496,481501,5,144
481352,481499,481502,3,147
481352,481496,481503,7,144
481352,481498,481503,5,146
481352,481499,481502,3,147
481352,481500,481504,4,148
481352,481497,481505,8,145
481352,481500,481505,5,148
481352,481497,481505,8,145
481352,481497,481506,9,145
481352,481503,481506,3,151
481352,481498,481506,8,146
481352,481503,481506,3,151
481352,481503,481508,5,151
481352,481504,481507,3,152
481352,481505,481507,2,153
481352,481501,481509,8,149
481489,481505,481509,4,16
481489,481506,481509,3,17
481352,481502,481508,6,150
481489,481507,481509,2,18
481489,481506,481509,3,17
481489,481508,481511,3,19
481489,481508,481511,3,19
481489,481507,481511,4,18
481489,481508,481513,5,19
481352,481440,481515,75,88
481489,481509,481531,22,20
481489,481509,481535,26,20
481489,481509,481536,27,20
481489,481511,481540,29,22
481352,481452,481541,89,100
481489,481511,481542,31,22
481489,481515,481543,28,26
481489,481513,481543,30,24
481352,481456,481550,94,104
481489,481541,481553,12,52
481489,481543,481553,10,54
481489,481543,481553,10,54
481489,481542,481555,13,53
481489,481511,481556,45,22
481489,481540,481556,16,51
481489,481550,481559,9,61
481489,481509,481564,55,20
481489,481509,481565,56,20
481489,481509,481564,55,20
481489,481553,481565,12,64
481489,481553,481565,12,64
481489,481555,481567,12,66
481489,481556,481568,12,67
481489,481554,481568,14,65
481489,481559,481569,10,70
481489,481556,481569,13,67
481489,481564,481571,7,75
481489,481569,481572,3,80
481489,481569,481573,4,80
481489,481565,481572,7,76
481489,481565,481572,7,76
481489,481565,481574,9,76
481489,481531,481574,43,42
481489,481568,481575,7,79
481489,481571,481574,3,82
481489,481572,481575,3,83
481489,481567,481576,9,78
481489,481568,481576,8,79
481489,481536,481576,40,47
481489,481574,481577,3,85
481489,481565,481576,11,76
481489,481574,481577,3,85
481489,481575,481578,3,86
481489,481573,481578,5,84
481489,481575,481578,3,86
481489,481577,481579,2,88
481489,481574,481580,6,85
481489,481577,481580,3,88
481489,481578,481580,2,89
481489,481575,481580,5,86
481489,481576,481581,5,87
481489,481574,481581,7,85
481489,481578,481580,2,89
481489,481578,481582,4,89
481489,481579,481582,3,90
481489,481578,481582,4,89
480129,480342,481582,1240,213
481489,481576,481583,7,87
481583,481583,481585,2,0
481583,481583,481585,2,0
481583,481583,481586,3,0
481583,481583,481586,3,0
481583,481583,481587,4,0
481583,481583,481587,4,0
480154,480402,481587,1185,248
481583,481583,481587,4,0
481583,481583,481592,9,0
481583,481587,481598,11,4
481583,481588,481600,12,5
481583,481587,481602,15,4
481583,481586,481605,19,3
481583,481585,481606,21,2
481583,481587,481606,19,4
481583,481586,481608,22,3
481583,481583,481610,27,0
481583,481600,481610,10,17
481583,481602,481613,11,19
481583,481606,481616,10,23
481583,481605,481616,11,22
481583,481583,481616,33,0
481489,481535,481616,81,46
481583,481598,481617,19,15
481583,481608,481618,10,25
481583,481592,481620,28,9
481583,481611,481621,10,28
481583,481610,481623,13,27
481583,481617,481623,6,34
481583,481611,481623,12,28
481583,481613,481625,12,30
481583,481616,481625,9,33
481583,481616,481625,9,33
481583,481583,481624,41,0
481583,481616,481625,9,33
481583,481616,481627,11,33
481583,481625,481627,2,42
481583,481620,481626,6,37
481583,481625,481628,3,42
481583,481625,481629,4,42
481583,481618,481630,12,35
481583,481625,481630,5,42
481583,481626,481630,4,43
481583,481628,481630,2,45
481583,481621,481630,9,38
481583,481623,481632,9,40
481583,481624,481632,8,41
481583,481627,481632,5,44
481583,481627,481633,6,44
481583,481628,481633,5,45
481583,481629,481633,4,46
481583,481630,481633,3,47
481583,481630,481634,4,47
481583,481630,481633,3,47
481583,481630,481635,5,47
481583,481633,481635,2,50
481583,481623,481636,13,40
481588,481634,481637,3,46
481583,481631,481637,6,48
481583,481633,481637,4,50
481583,481632,481637,5,49
481583,481632,481639,7,49
481588,481636,481639,3,48
481588,481635,481640,5,47
481588,481637,481639,2,49
481583,481632,481640,8,49
481583,481633,481641,8,50
481588,481636,481641,5,48
481588,481637,481641,4,49
481588,481637,481641,4,49
481583,481585,481643,58,2
481583,481633,481645,12,50
481588,481638,481648,10,50
481583,481583,481658,75,0
481588,481642,481663,21,54
481588,481642,481663,21,54
481588,481639,481663,24,51
481588,481643,481665,22,55
481588,481639,481669,30,51
481588,481648,481669,21,60
481588,481645,481672,27,57
481588,481641,481673,32,53
481588,481665,481674,9,77
481588,481640,481676,36,52
481588,481669,481678,9,81
481588,481669,481678,9,81
481588,481641,481679,38,53
481588,481664,481680,16,76
481588,481663,481682,19,75
481588,481663,481683,20,75
481588,481672,481684,12,84
481486,481486,481684,198,0
481588,481675,481687,12,87
481588,481678,481689,11,90
481588,481679,481690,11,91
481588,481658,481690,32,70
481588,481679,481690,11,91
481588,481674,481690,16,86
481588,481676,481691,15,88
481588,481680,481693,13,92
481588,481640,481693,53,52
481588,481682,481693,11,94
481588,481683,481693,10,95
481588,481687,481694,7,99
481588,481690,481693,3,102
481588,481684,481694,10,96
481588,481693,481695,2,105
481588,481690,481696,6,102
481588,481691,481696,5,103
481588,481689,481695,6,101
481588,481693,481697,4,105
481588,481694,481697,3,106
481588,481694,481697,3,106
481588,481690,481696,6,102
481588,481693,481696,3,105
481588,481690,481698,8,102
481588,481694,481697,3,106
481588,481695,481699,4,107
481588,481695,481699,4,107
481588,481696,481700,4,108
481588,481696,481701,5,108
481588,481696,481703,7,108
481588,481698,481703,5,110
481588,481697,481704,7,109
481588,481697,481704,7,109
481588,481697,481703,6,109
481588,481697,481705,8,109
481588,481699,481705,6,111
481588,481698,481706,8,110
481588,481697,481708,11,109
480487,480711,481710,999,224
481588,481641,481713,72,53
481711,481711,481712,1,0
481711,481711,481714,3,0
481711,481711,481715,4,0
481711,481711,481716,5,0
481711,481711,481717,6,0
481711,481711,481718,7,0
481711,481711,481719,8,0
481711,481711,481719,8,0
480263,480450,481725,1275,187
481711,481719,481738,19,8
481711,481711,481743,32,0
481711,481717,481748,31,6
481711,481725,481752,27,14
481711,481717,481755,38,6
481711,481719,481756,37,8
481711,481738,481757,19,27
481711,481743,481759,16,32
481711,481714,481760,46,3
481711,481748,481760,12,37
481711,481752,481762,10,41
481711,481718,481764,46,7
481711,481755,481768,13,44
481711,481756,481770,14,45
481711,481760,481772,12,49
481711,481758,481771,13,47
481711,481715,481772,57,4
481711,481760,481773,13,49
481711,481759,481773,14,48
481711,481772,481776,4,61
481711,481773,481776,3,62
481711,481772,481776,4,61
481711,481773,481777,4,62
481711,481772,481778,6,61
481711,481776,481778,2,65
481711,481776,481779,3,65
481711,481776,481779,3,65
481711,481777,481780,3,66
481711,481762,481780,18,51
481711,481778,481781,3,67
481711,481779,481781,2,68
481711,481779,481782,3,68
480287,480511,481783,1272,224
481711,481780,481783,3,69
481711,481778,481783,5,67
481711,481780,481784,4,69
481711,481768,481784,16,57
481711,481782,481785,3,71
481711,481781,481785,4,70
481711,481781,481786,5,70
481711,481783,481786,3,72
481711,481783,481786,3,72
481711,481770,481785,15,59
481711,481783,481785,2,72
481711,481784,481788,4,73
481726,481787,481790,3,61
481711,481784,481791,7,73
481726,481788,481791,3,62
481711,481786,481792,6,75
481711,481764,481793,29,53
481726,481791,481793,2,65
481711,481785,481793,8,74
481726,481791,481793,2,65
481711,481786,481794,8,75
481711,481785,481794,9,74
481726,481792,481795,3,66
481726,481790,481794,4,64
481711,481786,481795,9,75
481726,481793,481795,2,67
481726,481793,481797,4,67
481711,481713,481812,99,2
481726,481793,481814,21,67
481726,481795,481815,20,69
481726,481796,481816,20,70
481711,481711,481820,109,0
481726,481797,481828,31,71
481726,481812,481828,16,86
481726,481814,481833,19,88
481726,481820,481835,15,94
481726,481794,481836,42,68
481726,481815,481842,27,89
481726,481818,481843,25,92
481726,481795,481846,51,69
481726,481833,481846,13,107
480367,480619,481848,1229,252
481726,481828,481848,20,102
481726,481835,481848,13,109
481726,481836,481849,13,110
481726,481795,481851,56,69
481726,481842,481852,10,116
481726,481845,481855,10,119
481726,481828,481856,28,102
481726,481848,481857,9,122
481711,481711,481857,146,0
481726,481847,481859,12,121
481726,481849,481859,10,123
481726,481846,481858,12,120
481726,481848,481858,10,122
481726,481858,481861,3,132
481726,481856,481861,5,130
481726,481855,481861,6,129
481726,481851,481861,10,125
481726,481848,481862,14,122
481726,481857,481862,5,131
481726,481852,481861,9,126
481726,481859,481862,3,133
481726,481859,481864,5,133
481726,481861,481864,3,135
481726,481794,481864,70,68
481726,481862,481864,2,136
481726,481859,481864,5,133
481726,481862,481865,3,136
481726,481861,481865,4,135
481726,481861,481866,5,135
481726,481861,481865,4,135
481726,481859,481866,7,133
481726,481862,481867,5,136
481726,481864,481868,4,138
481726,481864,481868,4,138
481726,481864,481870,6,138
481726,481863,481870,7,137
481726,481866,481870,4,140
481726,481867,481871,4,141
481726,481864,481871,7,138
481784,481870,481872,2,86
481726,481865,481872,7,139
481726,481866,481872,6,140
481726,481864,481872,8,138
481784,481870,481873,3,86
481784,481869,481872,3,85
481726,481866,481873,7,140
481784,481870,481873,3,86
480835,480900,481874,974,65
481784,481872,481873,1,88
481784,481871,481873,2,87
481784,481871,481873,2,87
481726,481865,481875,10,139
481711,481711,481878,167,0
481784,481872,481879,7,88
481726,481794,481882,88,68
481711,481713,481887,174,2
481784,481874,481888,14,90
481784,481876,481889,13,92
481784,481878,481892,14,94
481784,481889,481898,9,105
481784,481892,481901,9,108
481784,481888,481902,14,104
481784,481874,481902,28,90
481784,481872,481905,33,88
481784,481898,481907,9,114
481784,481874,481909,35,90
481784,481882,481909,27,98
481784,481902,481913,11,118
481784,481901,481915,14,117
481784,481873,481915,42,89
481784,481905,481917,12,121
481784,481874,481918,44,90
481784,481903,481918,15,119
481784,481909,481919,10,125
481784,481888,481918,30,104
481784,481918,481920,2,134
481784,481919,481921,2,135
481784,481879,481921,42,95
481784,481907,481923,16,123
481784,481919,481924,5,135
481784,481913,481925,12,129
481784,481918,481924,6,134
481784,481915,481924,9,131
481784,481921,481925,4,137
481784,481921,481926,5,137
481784,481920,481925,5,136
481784,481909,481927,18,125
481784,481925,481928,3,141
481784,481925,481928,3,141
481784,481925,481928,3,141
481784,481873,481929,56,89
481784,481925,481928,3,141
481784,481926,481930,4,142
481784,481923,481930,7,139
481784,481924,481930,6,140
481784,481928,481932,4,144
481784,481917,481932,15,133
481784,481928,481932,4,144
481784,481916,481934,18,132
481784,481927,481933,6,143
480331,480573,481935,1362,242
481784,481929,481934,5,145
481784,481929,481936,7,145
481784,481929,481936,7,145
481848,481935,481936,1,87
481848,481934,481936,2,86
481784,481930,481937,7,146
481848,481935,481938,3,87
481848,481935,481938,3,87
481784,481927,481938,11,143
481784,481874,481937,63,90
481848,481936,481939,3,88
481848,481936,481939,3,88
481784,481932,481938,6,148
481784,481930,481940,10,146
481848,481936,481939,3,88
481784,481930,481941,11,146
481784,481932,481942,10,148
481848,481937,481941,4,89
481848,481942,481950,8,94
481848,481940,481955,15,92
481848,481938,481959,21,90
480486,480710,481959,1249,224
481848,481941,481960,19,93
481848,481942,481960,18,94
481848,481950,481967,17,102
481848,481959,481968,9,111
481848,481959,481968,9,111
480527,480766,481969,1203,239
481848,481955,481970,15,107
481848,481960,481971,11,112
481848,481939,481972,33,91
481848,481960,481971,11,112
481848,481968,481979,11,120
481848,481968,481979,11,120
481848,481969,481980,11,121
481848,481967,481980,13,119
481848,481971,481980,9,123
481848,481938,481981,43,90
481848,481940,481981,41,92
481848,481939,481983,44,91
481848,481970,481983,13,122
481848,481981,481983,2,133
481848,481979,481985,6,131
481848,481979,481986,7,131
481848,481983,481988,5,135
481848,481972,481988,16,124
481848,481980,481988,8,132
481848,481980,481990,10,132
481848,481982,481990,8,134
481848,481983,481990,7,135
481848,481988,481990,2,140
481848,481986,481991,5,138
481848,481985,481991,6,137
481848,481983,481990,7,135
481848,481988,481992,4,140
481848,481988,481992,4,140
481848,481972,481991,19,124
481848,481991,481994,3,143
481848,481991,481994,3,143
481848,481991,481994,3,143
481784,481873,481994,121,89
481848,481982,481995,13,134
481784,481873,481996,123,89
481848,481990,481995,5,142
481848,481990,481997,7,142
481848,481992,481997,5,144
481848,481992,481999,7,144
481874,481996,482000,4,122
481874,481997,482000,3,123
481874,481996,482000,4,122
481848,481992,482000,8,144
481874,481997,482000,3,123
481848,481994,482001,7,146
481848,481990,482001,11,142
481874,481999,482002,3,125
481848,481994,482002,8,146
481848,481994,482001,7,146
481848,481994,482001,7,146
481874,482000,482004,4,126
481874,482000,482003,3,126
481874,482000,482006,6,126
481848,481990,482005,15,142
480674,480830,482014,1184,156
481874,482006,482020,14,132
481874,482007,482023,16,133
481874,482005,482034,29,131
481874,482000,482037,37,126
481874,482023,482037,14,149
481848,481939,482038,99,91
481874,482002,482041,39,128
481874,482038,482043,5,164
481874,482014,482047,33,140
481874,482043,482047,4,169
481874,482037,482053,16,163
481874,482047,482054,7,173
481874,482047,482054,7,173
481874,482020,482055,35,146
481874,482041,482055,14,167
481848,481938,482060,122,90
481874,482001,482060,59,127
481874,482054,482067,13,180
481874,482060,482071,11,186
481874,482054,482072,18,180
481874,482060,482072,12,186
481874,482053,482074,21,179
481874,482072,482075,3,198
481874,482072,482076,4,198
481874,482055,482075,20,181
481874,482055,482076,21,181
481874,482067,482077,10,193
481874,482002,482078,76,128
481874,482074,482078,4,200
481874,482075,482079,4,201
481874,482076,482081,5,202
481874,482071,482081,10,197
481874,482079,482082,3,205
480967,481061,482083,1022,94
481874,482078,482083,5,204
481874,482078,482083,5,204
481874,482078,482082,4,204
481874,482076,482083,7,202
481874,482083,482085,2,209
481874,482081,482084,3,207
481874,482076,482085,9,202
481874,482034,482085,51,160
481874,482081,482085,4,207
481874,482083,482086,3,209
481874,482001,482087,86,127
481874,482082,482086,4,208
481874,482085,482086,1,211
481874,482083,482088,5,209
481874,482084,482088,4,210
481874,482085,482089,4,211
481874,482084,482089,5,210
481936,482087,482089,2,151
481874,482085,482090,5,211
481874,482085,482090,5,211
481874,482085,482089,4,211
481936,482087,482090,3,151
481936,482088,482092,4,152
481936,482087,482091,4,151
481936,482089,482092,3,153
481874,482037,482092,55,163
481936,482088,482092,4,152
481936,482089,482093,4,153
481936,482089,482095,6,153
481936,482093,482110,17,157
481936,482093,482112,19,157
481936,482095,482114,19,159
481874,482001,482119,118,127
481936,482092,482123,31,156
481936,482110,482124,14,174
481936,482090,482123,33,154
481936,482112,482125,13,176
481874,482002,482126,124,128
481874,482004,482127,123,130
481936,482090,482130,40,154
481936,482092,482135,43,156
481936,482123,482139,16,187
481936,482127,482139,12,191
481936,482125,482139,14,189
481936,482114,482139,25,178
481936,482124,482139,15,188
481936,482124,482140,16,188
481936,482130,482140,10,194
481936,482120,482143,23,184
481936,482127,482143,16,191
481936,482140,482143,3,204
481936,482139,482145,6,203
481936,482143,482146,3,207
481936,482143,482145,2,207
481936,482140,482148,8,204
481936,482143,482148,5,207
481936,482140,482147,7,204
481936,482145,482149,4,209
481936,482139,482150,11,203
481936,482135,482150,15,199
481936,482139,482150,11,203
481936,482146,482151,5,210
481936,482146,482150,4,210
481936,482139,482152,13,203
481936,482148,482152,4,212
481936,482148,482153,5,212
481936,482149,482153,4,213
481936,482150,482153,3,214
481848,481938,482153,215,90
481936,482150,482153,3,214
481936,482150,482154,4,214
481936,482092,482155,63,156
481936,482148,482156,8,212
481936,482153,482156,3,217
481936,482153,482156,3,217
481936,482151,482157,6,215
481936,482153,482157,4,217
481936,482153,482158,5,217
481936,482152,482159,7,216
481936,482151,482159,8,215
481960,482157,482159,2,197
481960,482157,482160,3,197
481936,482153,482161,8,217
481936,482153,482161,8,217
481960,482158,482161,3,198
481936,482156,482160,4,220
481960,482159,482162,3,199
481960,482159,482162,3,199
481960,482159,482162,3,199
481960,482160,482162,2,200
481936,482156,482162,6,220
481936,482154,482162,8,218
481936,482155,482164,9,219
481091,481155,482165,1010,64
481960,482161,482166,5,201
481936,482090,482168,78,154
481960,482168,482179,11,208
481848,481938,482182,244,90
481960,482161,482183,22,201
481936,482090,482187,97,154
481960,482161,482189,28,201
481874,482002,482191,189,128
481960,482165,482192,27,205
481960,482183,482193,10,223
481960,482179,482194,15,219
481960,482187,482195,8,227
481960,482161,482198,37,201
481960,482164,482199,35,204
481960,482163,482200,37,203
481960,482163,482201,38,203
481960,482192,482204,12,232
481960,482190,482205,15,230
481960,482193,482206,13,233
481960,482182,482205,23,222
481960,482191,482207,16,231
481960,482206,482210,4,246
481960,482207,482210,3,247
481960,482206,482210,4,246
481960,482194,482209,15,234
481960,482198,482212,14,238
481960,482195,482212,17,235
481960,482205,482212,7,245
481960,482204,482213,9,244
481960,482210,482213,3,250
481960,482210,482213,3,250
481960,482166,482212,46,206
481960,482162,482214,52,202
481960,482210,482213,3,250
481960,482211,482213,2,251
481960,482213,482215,2,253
481936,482092,482215,123,156
481960,482200,482216,16,240
481960,482201,482216,15,241
481960,482213,482216,3,253
481960,482212,482216,4,252
481960,482213,482216,3,253
481960,482215,482217,2,255
481960,482213,482217,4,253
481142,481224,482217,993,82
481960,482199,482217,18,239
481960,482212,482218,6,252
481960,482212,482217,5,252
481960,482216,482219,3,256
481960,482214,482218,4,254
481960,482214,482219,5,254
481969,482218,482220,2,249
481960,482214,482221,7,254
481960,482216,482220,4,256
481969,482218,482222,4,249
481960,482216,482222,6,256
481960,482217,482223,6,257
481969,482220,482223,3,251
481969,482219,482223,4,250
481969,482219,482223,4,250
481969,482219,482223,4,250
481960,482217,482223,6,257
481969,482221,482225,4,252
481960,482216,482225,9,256
481960,482217,482225,8,257
481960,482217,482226,9,257
481960,482216,482226,10,256
480902,480986,482230,1244,84
481969,482221,482234,13,252
481969,482234,482252,18,265
481960,482162,482257,95,202
481969,482226,482259,33,257
481969,482222,482259,37,253
481960,482162,482259,97,202
481969,482259,482264,5,290
481969,482259,482265,6,290
481960,482162,482265,103,202
481969,482225,482267,42,256
481969,482225,482267,42,256
481969,482259,482271,12,290
481969,482253,482272,19,284
481969,482225,482273,48,256
481969,482257,482276,19,288
481969,482264,482277,13,295
481969,482265,482281,16,296
481969,482266,482281,15,297
481969,482226,482281,55,257
481969,482230,482282,52,261
481969,482278,482282,4,309
481229,481363,482284,921,134
481969,482276,482285,9,307
481969,482281,482285,4,312
481969,482281,482285,4,312
481969,482282,482285,3,313
481969,482267,482286,19,298
481969,482283,482286,3,314
481969,482281,482285,4,312
481969,482284,482287,3,315
481969,482285,482287,2,316
481969,482285,482288,3,316
481969,482285,482288,3,316
481969,482271,482289,18,302
481969,482286,482289,3,317
481969,482287,482290,3,318
481969,482222,482290,68,253
481969,482287,482289,2,318
481969,482286,482290,4,317
481969,482288,482290,2,319
481969,482286,482290,4,317
481969,482289,482291,2,320
481969,482285,482290,5,316
481969,482288,482291,3,319
481969,482268,482292,24,299
481969,482289,482291,2,320
481969,482272,482293,21,303
481969,482290,482294,4,321
481969,482290,482293,3,321
482015,482292,482294,2,277
482015,482291,482294,3,276
481969,482291,482294,3,322
481969,482273,482294,21,304
481969,482224,482295,71,255
481969,482291,482294,3,322
482015,482293,482295,2,278
482015,482293,482295,2,278
482015,482294,482296,2,279
482015,482294,482296,2,279
482015,482294,482296,2,279
481969,482290,482295,5,321
481969,482290,482297,7,321
481969,482223,482296,73,254
481969,482290,482298,8,321
481220,481292,482300,1008,72
482015,482294,482302,8,279
481969,482223,482304,81,254
482015,482300,482324,24,285
481969,482223,482330,107,254
482015,482295,482331,36,280
482015,482295,482333,38,280
482015,482303,482334,31,288
482015,482294,482336,42,279
482015,482297,482338,41,282
482015,482294,482339,45,279
482015,482331,482338,7,316
482015,482330,482340,10,315
482015,482304,482342,38,289
482015,482336,482342,6,321
482015,482338,482345,7,323
482015,482333,482346,13,318
482015,482325,482347,22,310
482015,482296,482347,51,281
482015,482334,482348,14,319
482015,482348,482350,2,333
482015,482342,482351,9,327
482015,482345,482352,7,330
482015,482347,482352,5,332
482015,482350,482352,2,335
482015,482351,482353,2,336
482015,482342,482353,11,327
482015,482352,482354,2,337
482015,482346,482354,8,331
482015,482339,482355,16,324
482015,482339,482355,16,324
482015,482353,482356,3,338
482015,482352,482355,3,337
482015,482347,482357,10,332
482015,482354,482357,3,339
482015,482340,482356,16,325
482015,482354,482357,3,339
482015,482355,482358,3,340
482015,482355,482357,2,340
482015,482356,482359,3,341
482015,482357,482359,2,342
482015,482353,482358,5,338
482015,482357,482358,1,342
482015,482295,482360,65,280
482015,482357,482359,2,342
482015,482356,482359,3,341
482015,482357,482361,4,342
482015,482353,482361,8,338
482015,482358,482360,2,343
482015,482359,482362,3,344
482015,482358,482362,4,343
482015,482359,482361,2,344
482015,482360,482362,2,345
482015,482359,482362,3,344
482084,482360,482362,2,276
482084,482361,482363,2,277
482084,482360,482362,2,276
482084,482361,482364,3,277
482084,482361,482363,2,277
482084,482362,482363,1,278
482084,482362,482365,3,278
482084,482362,482368,6,278
482015,482297,482375,78,282
482015,482296,482378,82,281
481969,482223,482380,157,254
482084,482380,482387,7,296
482084,482378,482389,11,294
482015,482295,482390,95,280
482015,482298,482392,94,283
482084,482387,482397,10,303
482015,482296,482400,104,281
482084,482362,482403,41,278
481969,482223,482404,181,254
482084,482397,482409,12,313
482084,482363,482411,48,279
482084,482405,482411,6,321
482084,482392,482411,19,308
482084,482400,482412,12,316
482084,482403,482412,9,319
482084,482363,482416,53,279
482015,482296,482416,120,281
482084,482389,482418,29,305
482084,482412,482421,9,328
482084,482390,482423,33,306
482084,482412,482423,11,328
482084,482409,482423,14,325
482084,482412,482423,11,328
482084,482364,482424,60,280
482084,482411,482425,14,327
482084,482364,482425,61,280
482084,482364,482425,61,280
482084,482411,482426,15,327
482084,482369,482426,57,285
482084,482416,482427,11,332
482084,482416,482427,11,332
482084,482426,482429,3,342
482084,482423,482430,7,339
482084,482423,482430,7,339
482084,482365,482430,65,281
482084,482427,482431,4,343
482084,482429,482432,3,345
482084,482428,482432,4,344
482084,482418,482432,14,334
482084,482430,482433,3,346
482084,482430,482432,2,346
482084,482430,482434,4,346
482084,482421,482434,13,337
482084,482424,482434,10,340
482084,482431,482435,4,347
482084,482425,482435,10,341
482084,482426,482434,8,342
482084,482432,482436,4,348
482084,482425,482435,10,341
482084,482433,482436,3,349
482084,482425,482436,11,341
482084,482432,482436,4,348
482084,482375,482436,61,291
482084,482434,482437,3,350
482084,482423,482437,14,339
482084,482433,482437,4,349
482084,482434,482436,2,350
482084,482434,482437,3,350
482166,482435,482438,3,269
482166,482436,482437,1,270
482166,482436,482438,2,270
482166,482436,482438,2,270
482166,482436,482439,3,270
482166,482436,482439,3,270
482166,482435,482438,3,269
482084,482363,482440,77,279
482084,482424,482439,15,340
482084,482432,482441,9,348
482166,482437,482443,6,271
482166,482440,482450,10,274
482166,482441,482452,11,275
482166,482443,482454,11,277
482166,482438,482454,16,272
482166,482438,482455,17,272
482166,482450,482455,5,284
482166,482452,482455,3,286
482166,482439,482457,18,273
482166,482454,482458,4,288
482166,482439,482459,20,273
482166,482454,482462,8,288
482166,482438,482462,24,272
482166,482455,482464,9,289
482166,482437,482466,29,271
482166,482437,482466,29,271
482166,482440,482467,27,274
482166,482455,482468,13,289
482166,482458,482468,10,292
482166,482439,482469,30,273
482166,482459,482469,10,293
482166,482457,482470,13,291
482166,482438,482471,33,272
482166,482462,482472,10,296
482166,482462,482473,11,296
482166,482464,482474,10,298
482166,482438,482473,35,272
482166,482437,482475,38,271
482166,482468,482477,9,302
482166,482474,482478,4,308
482166,482466,482479,13,300
482166,482469,482479,10,303
482166,482456,482479,23,290
482166,482469,482480,11,303
482166,482474,482481,7,308
482166,482475,482482,7,309
482166,482467,482482,15,301
482166,482468,482482,14,302
482166,482478,482482,4,312
482166,482470,482483,13,304
482166,482479,482484,5,313
482166,482479,482484,5,313
482166,482479,482484,5,313
482166,482477,482485,8,311
482166,482483,482485,2,317
482166,482466,482485,19,300
482166,482473,482485,12,307
482166,482484,482487,3,318
482166,482483,482487,4,317
482220,482485,482487,2,265
482220,482485,482487,2,265
482220,482485,482488,3,265
482220,482485,482487,2,265
482166,482471,482489,18,305
482220,482485,482488,3,265
482166,482472,482489,17,306
482220,482487,482490,3,267
482220,482487,482490,3,267
482166,482481,482490,9,315
482166,482482,482489,7,316
482166,482437,482490,53,271
482166,482481,482491,10,315
482166,482482,482491,9,316
482084,482363,482492,129,279
482166,482482,482491,9,316
482220,482487,482492,5,267
482220,482492,482505,13,272
482220,482494,482505,11,274
482220,482489,482505,16,269
482220,482492,482506,14,272
482220,482492,482507,15,272
482220,482505,482507,2,285
482220,482487,482510,23,267
482220,482505,482511,6,285
482220,482505,482513,8,285
482220,482490,482514,24,270
482220,482491,482514,23,271
482220,482488,482515,27,268
482220,482508,482515,7,288
482220,482507,482518,11,287
482220,482507,482518,11,287
482220,482490,482519,29,270
482220,482513,482522,9,293
482220,482489,482522,33,269
482220,482514,482523,9,294
482220,482515,482525,10,295
482220,482510,482526,16,290
482220,482488,482526,38,268
482220,482516,482526,10,296
482220,482511,482527,16,291
482220,482523,482527,4,303
482220,482527,482529,2,307
482220,482514,482529,15,294
482220,482489,482531,42,269
482220,482529,482533,4,309
482220,482518,482533,15,298
482220,482531,482533,2,311
482220,482519,482535,16,299
482220,482490,482535,45,270
482220,482523,482536,13,303
482220,482527,482535,8,307
482220,482533,482535,2,313
482220,482534,482536,2,314
482220,482525,482537,12,305
482220,482529,482537,8,309
482220,482518,482538,20,298
482220,482533,482539,6,313
482220,482522,482539,17,302
482220,482538,482540,2,318
482220,482537,482541,4,317
482231,482540,482542,2,309
482231,482540,482542,2,309
482220,482526,482543,17,306
482220,482537,482543,6,317
482220,482526,482543,17,306
482220,482537,482544,7,317
482231,482542,482544,2,311
482231,482542,482544,2,311
482220,482535,482543,8,315
482231,482542,482544,2,311
482220,482535,482545,10,315
482231,482543,482545,2,312
482231,482543,482544,1,312
482220,482536,482546,10,316
482231,482544,482546,2,313
482220,482537,482547,10,317
482220,482490,482547,57,270
482220,482536,482547,11,316
482220,482526,482551,25,306
482220,482490,482567,77,270
482231,482547,482569,22,316
482231,482544,482573,29,313
482231,482547,482575,28,316
482231,482546,482577,31,315
482231,482552,482577,25,321
482231,482547,482580,33,316
482231,482577,482585,8,346
482231,482545,482588,43,314
482231,482580,482588,8,349
482231,482585,482590,5,354
482231,482577,482592,15,346
482231,482588,482595,7,357
482231,482575,482598,23,344
482231,482590,482603,13,359
482231,482592,482604,12,361
482231,482595,482605,10,364
482231,482598,482609,11,367
482231,482573,482611,38,342
482231,482588,482612,24,357
482231,482603,482613,10,372
482231,482611,482615,4,380
482231,482569,482615,46,338
482231,482604,482617,13,373
482231,482544,482618,74,313
482231,482545,482618,73,314
482231,482567,482619,52,336
482231,482605,482620,15,374
482231,482612,482620,8,381
482231,482544,482622,78,313
482231,482618,482622,4,387
482231,482619,482621,2,388
482231,482620,482622,2,389
482231,482613,482623,10,382
482231,482609,482624,15,378
482231,482622,482624,2,391
482231,482621,482624,3,390
482231,482622,482625,3,391
482231,482623,482624,1,392
482231,482622,482626,4,391
482231,482615,482626,11,384
482231,482622,482625,3,391
482231,482624,482626,2,393
482231,482618,482626,8,387
482231,482617,482626,9,386
482231,482624,482627,3,393
482231,482615,482627,12,384
482231,482624,482627,3,393
482231,482625,482627,2,394
482231,482626,482628,2,395
482284,482626,482629,3,342
482231,482626,482629,3,395
482231,482626,482628,2,395
482284,482626,482629,3,342
482231,482625,482628,3,394
482284,482627,482629,2,343
482284,482627,482630,3,343
482284,482628,482630,2,344
482284,482628,482630,2,344
482284,482628,482629,1,344
482284,482629,482640,11,345
482231,482545,482644,99,314
482231,482544,482646,102,313
482231,482546,482651,105,315
481325,481435,482652,1217,110
482284,482646,482655,9,362
482284,482640,482657,17,356
482284,482644,482660,16,360
482284,482655,482665,10,371
482284,482651,482665,14,367
482284,482652,482668,16,368
482284,482630,482668,38,346
482284,482657,482668,11,373
482284,482631,482668,37,347
482284,482629,482673,44,345
482284,482665,482674,9,381
482284,482665,482675,10,381
482284,482662,482677,15,378
482231,482545,482679,134,314
482284,482668,482680,12,384
482284,482629,482681,52,345
482284,482668,482681,13,384
482284,482630,482682,52,346
482284,482668,482687,19,384
482284,482682,482688,6,398
482284,482629,482690,61,345
482284,482675,482691,16,391
482284,482673,482692,19,389
482284,482677,482692,15,393
482284,482679,482693,14,395
482284,482681,482693,12,397
482284,482674,482693,19,390
482284,482630,482695,65,346
482284,482680,482695,15,396
482284,482693,482696,3,409
482284,482691,482697,6,407
482284,482692,482698,6,408
482284,482695,482698,3,411
482284,482693,482699,6,409
482284,482696,482699,3,412
482284,482695,482699,4,411
482284,482669,482700,31,385
482284,482687,482700,13,403
482284,482692,482701,9,408
482284,482697,482700,3,413
482284,482698,482702,4,414
482284,482688,482702,14,404
482284,482699,482703,4,415
482284,482690,482704,14,406
482284,482698,482704,6,414
482284,482702,482704,2,418
482284,482702,482703,1,418
482284,482681,482705,24,397
482284,482699,482705,6,415
482284,482701,482705,4,417
482284,482693,482705,12,409
482300,482704,482706,2,404
482284,482701,482706,5,417
482300,482704,482707,3,404
482300,482704,482707,3,404
482284,482700,482707,7,416
482284,482699,482707,8,415
482300,482705,482707,2,405
482300,482705,482707,2,405
482300,482704,482706,2,404
482300,482705,482707,2,405
482284,482701,482708,7,417
482300,482706,482714,8,406
482300,482707,482722,15,407
482300,482707,482728,21,407
482300,482709,482728,19,409
482300,482714,482732,18,414
482300,482707,482735,28,407
482300,482707,482735,28,407
482300,482722,482735,13,422
482300,482707,482736,29,407
482300,482732,482737,5,432
482300,482706,482737,31,406
482284,482629,482739,110,345
482300,482735,482742,7,435
482300,482735,482743,8,435
482300,482706,482742,36,406
482300,482707,482743,36,407
482300,482736,482743,7,436
482300,482728,482745,17,428
482300,482708,482746,38,408
482300,482743,482747,4,443
482300,482736,482749,13,436
482300,482739,482749,10,439
482300,482737,482749,12,437
482284,482629,482749,120,345
482300,482743,482751,8,443
482300,482737,482751,14,437
482300,482742,482751,9,442
482300,482743,482753,10,443
482300,482743,482753,10,443
482300,482707,482755,48,407
482300,482750,482756,6,450
482300,482728,482756,28,428
482300,482745,482757,12,445
482300,482749,482758,9,449
482300,482751,482758,7,451
482300,482749,482759,10,449
482300,482755,482759,4,455
482300,482751,482759,8,451
482300,482756,482760,4,456
482300,482757,482760,3,457
482300,482754,482761,7,454
482300,482756,482761,5,456
482300,482751,482760,9,451
482300,482746,482762,16,446
482300,482753,482762,9,453
482300,482758,482761,3,458
482300,482749,482762,13,449
482300,482747,482763,16,447
482300,482758,482763,5,458
482300,482759,482765,6,459
482300,482762,482765,3,462
482653,482762,482765,3,109
482300,482762,482764,2,462
482653,482763,482766,3,110
482300,482759,482766,7,459
482653,482764,482766,2,111
482300,482759,482766,7,459
482300,482761,482767,6,461
482300,482761,482767,6,461
482300,482760,482766,6,460
482653,482765,482768,3,112
482653,482765,482768,3,112
482653,482765,482767,2,112
482653,482765,482767,2,112
482300,482760,482769,9,460
482300,482761,482768,7,461
482653,482766,482772,6,113
481490,481579,482773,1194,89
482653,482769,482775,6,116
482653,482769,482777,8,116
482653,482772,482779,7,119
482653,482773,482780,7,120
482653,482776,482781,5,123
482653,482768,482782,14,115
482653,482779,482784,5,126
482653,482780,482787,7,127
482653,482777,482789,12,124
482653,482781,482794,13,128
482653,482784,482794,10,131
482653,482768,482795,27,115
482653,482766,482794,28,113
482653,482782,482797,15,129
482653,482787,482798,11,134
482653,482794,482799,5,141
481355,481505,482800,1295,150
482653,482795,482800,5,142
482653,482795,482800,5,142
482653,482797,482804,7,144
482653,482794,482807,13,141
482653,482790,482807,17,137
482653,482766,482808,42,113
482653,482768,482811,43,115
482653,482800,482813,13,147
482653,482798,482815,17,145
482653,482808,482816,8,155
482653,482800,482816,16,147
482653,482801,482815,14,148
482653,482807,482819,12,154
482653,482800,482820,20,147
482653,482811,482823,12,158
482653,482816,482824,8,163
482653,482816,482824,8,163
482653,482816,482825,9,163
482653,482807,482826,19,154
482653,482819,482826,7,166
482653,482821,482827,6,168
482653,482804,482827,23,151
482653,482813,482829,16,160
482653,482823,482829,6,170
482653,482824,482831,7,171
482653,482825,482831,6,172
482653,482829,482833,4,176
482653,482831,482833,2,178
482775,482831,482833,2,56
482653,482826,482834,8,173
482653,482829,482834,5,176
481726,481868,482834,966,142
482653,482826,482833,7,173
482653,482825,482834,9,172
482653,482827,482835,8,174
482653,482827,482834,7,174
482653,482815,482836,21,162
482775,482834,482836,2,59
482775,482833,482835,2,58
482775,482834,482836,2,59
482775,482833,482835,2,58
482775,482834,482836,2,59
482775,482833,482835,2,58
482775,482834,482836,2,59
481785,481932,482839,907,147
482653,482768,482848,80,115
482775,482834,482848,14,59
482653,482766,482851,85,113
482775,482851,482857,6,76
482775,482835,482859,24,60
481583,481634,482859,1225,51
482775,482849,482860,11,74
482775,482848,482862,14,73
482775,482839,482862,23,64
482775,482835,482864,29,60
482775,482857,482867,10,82
482775,482862,482870,8,87
482775,482862,482870,8,87
482775,482859,482871,12,84
482775,482867,482872,5,92
482775,482870,482872,2,95
482775,482859,482871,12,84
482775,482861,482873,12,86
482775,482864,482874,10,89
482775,482870,482874,4,95
482775,482872,482874,2,97
482775,482872,482875,3,97
482775,482873,482877,4,98
482775,482872,482877,5,97
482775,482872,482878,6,97
482775,482875,482878,3,100
482775,482836,482880,44,61
482775,482877,482881,4,102
482775,482875,482881,6,100
482775,482875,482884,9,100
482775,482877,482884,7,102
482775,482881,482885,4,106
482775,482874,482884,10,99
482775,482884,482886,2,109
482775,482884,482886,2,109
482775,482836,482887,51,61
482775,482878,482888,10,103
482775,482885,482888,3,110
482775,482881,482887,6,106
482775,482880,482889,9,105
482775,482885,482892,7,110
482775,482836,482893,57,61
482775,482878,482894,16,103
482775,482886,482895,9,111
482775,482836,482895,59,61
482775,482888,482896,8,113
482775,482888,482896,8,113
482775,482889,482896,7,114
482775,482888,482897,9,113
482775,482886,482896,10,111
482800,482895,482897,2,95
482775,482887,482898,11,112
482800,482896,482898,2,96
482800,482896,482897,1,96
482800,482896,482899,3,96
482800,482897,482899,2,97
482800,482897,482900,3,97
482775,482895,482900,5,120
482775,482892,482900,8,117
482775,482894,482899,5,119
482800,482897,482899,2,97
482775,482893,482901,8,118
482800,482898,482900,2,98
482800,482901,482905,4,101
482653,482767,482909,142,114
482800,482905,482911,6,105
482775,482836,482916,80,61
482800,482898,482917,19,98
482800,482901,482919,18,101
482800,482909,482923,14,109
482800,482916,482925,9,116
482800,482917,482927,10,117
482800,482899,482928,29,99
482800,482923,482928,5,123
482800,482919,482928,9,119
482800,482901,482931,30,101
482800,482925,482931,6,125
482800,482911,482932,21,111
482800,482927,482933,6,127
482800,482898,482934,36,98
482653,482767,482936,169,114
482800,482901,482937,36,101
482800,482932,482937,5,132
482800,482928,482938,10,128
482800,482928,482938,10,128
482800,482929,482940,11,129
482800,482931,482942,11,131
482800,482934,482942,8,134
482800,482933,482943,10,133
482775,482836,482943,107,61
482800,482936,482945,9,136
482800,482937,482946,9,137
482800,482901,482946,45,101
482800,482937,482947,10,137
482800,482931,482948,17,131
481589,481699,482947,1248,110
482800,482938,482949,11,138
482800,482946,482950,4,146
482800,482948,482950,2,148
482800,482947,482951,4,147
482800,482948,482951,3,148
482800,482949,482951,2,149
482800,482942,482951,9,142
482800,482950,482953,3,150
482800,482943,482952,9,143
482800,482946,482954,8,146
482800,482950,482954,4,150
482800,482943,482955,12,143
482800,482951,482955,4,151
482800,482951,482957,6,151
482800,482952,482958,6,152
482800,482900,482958,58,100
482800,482945,482958,13,145
482835,482956,482958,2,121
482800,482899,482958,59,99
482800,482953,482959,6,153
482800,482900,482959,59,100
482800,482951,482958,7,151
482835,482958,482960,2,123
482835,482958,482960,2,123
482835,482958,482960,2,123
482835,482958,482960,2,123
482835,482957,482959,2,122
482835,482959,482961,2,124
482800,482938,482961,23,138
482800,482955,482960,5,155
482835,482959,482961,2,124
482800,482953,482961,8,153
482800,482954,482961,7,154
482775,482836,482963,127,61
482800,482940,482963,23,140
482800,482942,482962,20,142
482800,482954,482966,12,154
482835,482963,482968,5,128
482835,482959,482968,9,124
482835,482963,482970,7,128
481711,481786,482972,1186,75
482835,482968,482974,6,133
482835,482968,482974,6,133
482835,482961,482975,14,126
482835,482970,482976,6,135
482835,482972,482976,4,137
482835,482963,482975,12,128
482835,482963,482975,12,128
482835,482974,482977,3,139
482835,482974,482978,4,139
482835,482975,482979,4,140
482835,482962,482981,19,127
482835,482976,482980,4,141
482835,482978,482982,4,143
482835,482979,482982,3,144
482835,482976,482983,7,141
482835,482976,482984,8,141
482835,482981,482985,4,146
482835,482977,482986,9,142
482835,482976,482987,11,141
482653,482767,482988,221,114
482835,482981,482990,9,146
482835,482988,482990,2,153
482835,482987,482990,3,152
482775,482836,482992,156,61
482835,482990,482992,2,155
482835,482990,482993,3,155
482835,482963,482993,30,128
482835,482986,482993,7,151
482835,482960,482994,34,125
482835,482991,482995,4,156
482835,482985,482996,11,150
482835,482993,482999,6,158
482835,482992,482999,7,157
482835,482982,482999,17,147
482835,482993,482999,6,158
482835,482983,483000,17,148
482835,482994,483000,6,159
482835,482961,482999,38,126
482835,482993,483001,8,158
482835,482993,483002,9,158
482839,483000,483002,2,161
482839,483000,483002,2,161
482839,483001,483003,2,162
482839,483001,483002,1,162
482835,482996,483004,8,161
482835,482995,483004,9,160
482839,483002,483005,3,163
482839,483002,483005,3,163
482839,483002,483005,3,163
482839,483003,483005,2,164
482835,482982,483005,23,147
482835,482999,483006,7,164
482835,482984,483006,22,149
482835,482999,483006,7,164
482839,483003,483007,4,164
482835,482999,483006,7,164
482835,482999,483011,12,164
482839,483011,483014,3,172
482835,482966,483014,48,131
482839,483007,483015,8,168
482839,483004,483016,12,165
482839,483014,483019,5,175
482839,483006,483021,15,167
482839,483007,483021,14,168
482839,483006,483023,17,167
482839,483021,483023,2,182
482839,483015,483024,9,176
482839,483006,483024,18,167
482839,483021,483024,3,182
482839,483016,483025,9,177
482839,483019,483025,6,180
482839,483016,483026,10,177
482839,483023,483026,3,184
482839,483023,483027,4,184
482839,483025,483029,4,186
482839,483024,483029,5,185
482839,483024,483029,5,185
482839,483027,483030,3,188
482839,483024,483031,7,185
482839,483026,483031,5,187
482839,483025,483032,7,186
482839,483029,483033,4,190
482839,483026,483033,7,187
482839,483029,483033,4,190
482839,483030,483034,4,191
482839,483033,483036,3,194
482839,483033,483036,3,194
482839,483034,483036,2,195
482839,483030,483037,7,191
482839,483033,483037,4,194
482839,483036,483038,2,197
482839,483036,483038,2,197
482839,483036,483039,3,197
482839,483032,483039,7,193
482839,483037,483038,1,198
482839,483037,483040,3,198
482839,483038,483040,2,199
482839,483038,483041,3,199
482839,483031,483042,11,192
482839,483039,483043,4,200
482839,483031,483045,14,192
482860,483043,483045,2,183
482839,483039,483046,7,200
482860,483045,483047,2,185
482839,483039,483047,8,200
482860,483045,483047,2,185
482839,483042,483048,6,203
482839,483041,483047,6,202
482839,483040,483048,8,201
482860,483047,483049,2,187
482860,483047,483050,3,187
482860,483047,483050,3,187
482860,483046,483049,3,186
482860,483048,483051,3,188
482839,483041,483052,11,202
482839,483004,483054,50,165
482860,483049,483060,11,189
481875,482086,483062,976,211
482839,483005,483069,64,166
482860,483062,483070,8,202
482860,483060,483072,12,200
482835,482960,483074,114,125
482860,483049,483075,26,189
482860,483074,483079,5,214
482860,483069,483080,11,209
482860,483072,483079,7,212
482835,482960,483081,121,125
482860,483054,483081,27,194
482835,482960,483085,125,125
482860,483075,483085,10,215
482860,483082,483087,5,222
482860,483070,483088,18,210
482860,483085,483090,5,225
482860,483087,483090,3,227
482860,483085,483089,4,225
482860,483080,483090,10,220
482860,483081,483093,12,221
482860,483050,483093,43,190
482860,483092,483094,2,232
482860,483088,483094,6,228
482860,483079,483094,15,219
482860,483093,483095,2,233
482860,483090,483095,5,230
482860,483094,483096,2,234
482860,483094,483097,3,234
482860,483050,483097,47,190
482860,483095,483098,3,235
482835,482961,483098,137,126
482860,483094,483098,4,234
482860,483093,483099,6,233
482860,483098,483100,2,238
482860,483090,483100,10,230
482860,483090,483101,11,230
482860,483097,483104,7,237
482860,483098,483104,6,238
482860,483099,483104,5,239
482860,483097,483107,10,237
482860,483095,483107,12,235
482860,483096,483107,11,236
482860,483098,483107,9,238
482860,483100,483109,9,240
482860,483100,483110,10,240
482860,483050,483110,60,190
482860,483080,483110,30,220
482860,483102,483110,8,242
482860,483104,483112,8,244
482949,483111,483113,2,162
482949,483110,483113,3,161
482860,483104,483113,9,244
482860,483109,483113,4,249
482860,483110,483115,5,250
482949,483113,483114,1,164
482860,483110,483115,5,250
482949,483113,483114,1,164
482949,483112,483115,3,163
482860,483104,483114,10,244
482949,483114,483116,2,165
482949,483113,483115,2,164
482860,483107,483116,9,247
482860,483107,483117,10,247
482860,483107,483118,11,247
482949,483115,483119,4,166
482860,483107,483120,13,247
482860,483052,483124,72,192
482860,483050,483124,74,190
482949,483115,483125,10,166
482949,483116,483125,9,167
482949,483115,483127,12,166
482949,483118,483128,10,169
482949,483116,483129,13,167
482949,483125,483129,4,176
482949,483128,483131,3,179
482949,483115,483131,16,166
482949,483125,483131,6,176
482949,483117,483132,15,168
482949,483125,483133,8,176
482949,483131,483134,3,182
482949,483115,483134,19,166
482949,483124,483134,10,175
482949,483129,483135,6,180
482949,483132,483135,3,183
482949,483127,483135,8,178
482949,483131,483136,5,182
482949,483131,483137,6,182
482949,483116,483137,21,167
482949,483133,483138,5,184
482949,483129,483138,9,180
482949,483137,483139,2,188
482949,483138,483140,2,189
482949,483137,483140,3,188
482949,483135,483140,5,186
482949,483134,483140,6,185
482949,483136,483143,7,187
482949,483139,483143,4,190
482949,483119,483144,25,170
482949,483139,483144,5,190
482949,483134,483145,11,185
482949,483143,483145,2,194
482949,483136,483145,9,187
482949,483120,483145,25,171
482949,483143,483146,3,194
482835,482960,483145,185,125
482949,483141,483147,6,192
482949,483140,483148,8,191
482949,483134,483149,15,185
482949,483141,483149,8,192
482949,483144,483151,7,195
482949,483135,483151,16,186
482839,483005,483151,146,166
482949,483140,483152,12,191
482973,483151,483153,2,178
482973,483151,483153,2,178
482949,483148,483153,5,199
482949,483145,483154,9,196
482949,483145,483154,9,196
482949,483147,483154,7,198
482949,483146,483154,8,197
482949,483146,483154,8,197
482973,483152,483155,3,179
482949,483149,483155,6,200
482973,483153,483155,2,180
482973,483153,483155,2,180
482949,483146,483154,8,197
482949,483145,483154,9,196
482973,483153,483155,2,180
482949,483151,483156,5,202
482949,483149,483155,6,200
482949,483115,483157,42,166
482973,483154,483156,2,181
482973,483154,483156,2,181
482949,483144,483158,14,195
482860,483051,483158,107,191
482973,483158,483160,2,185
482973,483158,483163,5,185
482973,483158,483164,6,185
482973,483154,483165,11,181
482973,483163,483166,3,190
482973,483160,483167,7,187
482973,483164,483167,3,191
482973,483166,483169,3,193
482973,483167,483169,2,194
482973,483165,483169,4,192
482973,483167,483170,3,194
482973,483157,483175,18,184
482973,483169,483175,6,196
482973,483170,483178,8,197
482973,483169,483178,9,196
482973,483175,483179,4,202
482973,483170,483180,10,197
482973,483178,483182,4,205
482839,483005,483182,177,166
482973,483178,483183,5,205
481849,481995,483182,1187,146
482973,483175,483184,9,202
482973,483182,483185,3,209
482973,483180,483185,5,207
482973,483179,483186,7,206
482973,483155,483188,33,182
482973,483182,483188,6,209
482973,483187,483189,2,214
482973,483155,483189,34,182
482973,483183,483190,7,210
482973,483185,483191,6,212
482973,483188,483191,3,215
482973,483185,483192,7,212
482973,483184,483194,10,211
482973,483184,483195,11,211
482973,483190,483197,7,217
482835,482960,483197,237,125
482973,483189,483197,8,216
482973,483189,483198,9,216
482973,483189,483197,8,216
482973,483191,483199,8,218
482973,483157,483199,42,184
482973,483191,483199,8,218
482973,483192,483198,6,219
483063,483198,483201,3,135
483063,483199,483201,2,136
483063,483199,483201,2,136
483063,483199,483200,1,136
482973,483197,483202,5,224
483063,483199,483201,2,136
482973,483156,483203,47,183
482973,483197,483203,6,224
482973,483195,483203,8,222
483063,483201,483203,2,138
482973,483154,483202,48,181
483063,483201,483204,3,138
482973,483198,483204,6,225
483063,483201,483205,4,138
482973,483197,483204,7,224
482973,483157,483206,49,184
482973,483194,483205,11,221
482973,483156,483209,53,183
482839,483005,483214,209,166
483063,483201,483217,16,138
483063,483206,483220,14,143
483063,483207,483221,14,144
483063,483209,483225,16,146
483063,483202,483229,27,139
483063,483225,483231,6,162
483063,483220,483231,11,157
483063,483229,483233,4,166
483063,483231,483234,3,168
483063,483202,483234,32,139
483063,483231,483235,4,168
483063,483233,483236,3,170
483063,483217,483236,19,154
483063,483235,483237,2,172
482973,483155,483238,83,182
482973,483155,483238,83,182
483063,483236,483239,3,173
483063,483235,483239,4,172
483063,483237,483238,1,174
483063,483237,483240,3,174
483063,483234,483239,5,171
483063,483203,483241,38,140
483063,483239,483241,2,176
483063,483238,483242,4,175
483063,483204,483242,38,141
483063,483239,483242,3,176
483063,483240,483243,3,177
483063,483214,483243,29,151
483063,483238,483244,6,175
483063,483221,483244,23,158
483063,483241,483244,3,178
483063,483239,483244,5,176
483063,483242,483245,3,179
483063,483242,483244,2,179
483063,483205,483245,40,142
483063,483242,483246,4,179
483063,483244,483246,2,181
483063,483240,483245,5,177
483063,483243,483247,4,180
483063,483245,483246,1,182
483063,483245,483246,1,182
483063,483244,483246,2,181
483063,483244,483246,2,181
483063,483243,483247,4,180
483063,483245,483246,1,182
483063,483243,483248,5,180
483063,483246,483249,3,183
483184,483248,483249,1,64
483184,483247,483249,2,63
483184,483247,483250,3,63
483184,483247,483249,2,63
483184,483247,483249,2,63
483184,483248,483249,1,64
483184,483249,483251,2,65
483063,483246,483251,5,183
483184,483249,483250,1,65
483063,483247,483253,6,184
483063,483246,483253,7,183
483063,483246,483254,8,183
482839,483005,483255,250,166
483184,483249,483254,5,65
483063,483247,483257,10,184
483063,483204,483258,54,141
483184,483255,483261,6,71
483184,483257,483262,5,73
483184,483258,483263,5,74
483063,483205,483267,62,142
483184,483250,483268,18,66
483184,483255,483268,13,71
483184,483261,483269,8,77
483184,483253,483270,17,69
483184,483268,483271,3,84
483184,483268,483271,3,84
483184,483254,483271,17,70
483184,483267,483273,6,83
483184,483263,483274,11,79
483184,483271,483274,3,87
483184,483269,483274,5,85
483184,483262,483276,14,78
483184,483271,483277,6,87
483184,483274,483277,3,90
483184,483274,483277,3,90
483184,483276,483279,3,92
483184,483272,483279,7,88
483184,483277,483279,2,93
483184,483277,483279,2,93
483184,483253,483280,27,69
483184,483274,483279,5,90
483184,483271,483280,9,87
483184,483277,483281,4,93
483184,483274,483282,8,90
483184,483281,483283,2,97
483184,483281,483283,2,97
483184,483280,483284,4,96
483184,483282,483285,3,98
483184,483280,483285,5,96
483184,483279,483286,7,95
483184,483284,483286,2,100
483184,483284,483286,2,100
483184,483285,483287,2,101
483184,483285,483287,2,101
483184,483279,483288,9,95
483184,483283,483287,4,99
483184,483286,483288,2,102
483184,483279,483290,11,95
483184,483279,483290,11,95
482973,483155,483289,134,182
483184,483287,483291,4,103
483184,483287,483293,6,103
483063,483203,483294,91,140
483184,483288,483295,7,104
483184,483287,483296,9,103
483184,483250,483296,46,66
483184,483287,483298,11,103
483184,483288,483299,11,104
483184,483288,483301,13,104
483063,483203,483314,111,140
483184,483251,483317,66,67
483184,483251,483323,72,67
481937,482156,483340,1184,219
483340,483340,483342,2,0
483340,483340,483342,2,0
483340,483340,483343,3,0
483340,483340,483343,3,0
483340,483340,483343,3,0
483340,483340,483343,3,0
483340,483340,483344,4,0
483340,483340,483346,6,0
483184,483251,483349,98,67
482973,483155,483358,203,182
483340,483344,483359,15,4
483340,483340,483362,22,0
483340,483343,483365,22,3
483340,483343,483365,22,3
483340,483362,483365,3,22
483340,483365,483369,4,25
483340,483365,483370,5,25
483340,483347,483370,23,7
483340,483365,483372,7,25
483340,483359,483373,14,19
483184,483251,483375,124,67
483340,483369,483375,6,29
483340,483373,483376,3,33
483340,483370,483376,6,30
483340,483349,483377,28,9
483340,483340,483378,38,0
483340,483370,483378,8,30
483340,483375,483378,3,35
483340,483372,483378,6,32
483340,483375,483378,3,35
483340,483376,483380,4,36
483340,483358,483381,23,18
483184,483251,483381,130,67
483340,483379,483382,3,39
483340,483378,483382,4,38
483340,483379,483382,3,39
483340,483378,483384,6,38
483340,483378,483384,6,38
483340,483343,483386,43,3
483340,483380,483386,6,40
483340,483382,483387,5,42
483340,483381,483387,6,41
483340,483382,483387,5,42
483340,483376,483388,12,36
483340,483381,483388,7,41
483340,483386,483388,2,46
481961,482218,483388,1170,257
483340,483340,483388,48,0
483340,483384,483387,3,44
483340,483340,483388,48,0
483340,483385,483388,3,45
483340,483378,483388,10,38
483340,483387,483389,2,47
483340,483386,483389,3,46
483340,483388,483390,2,48
483340,483383,483389,6,43
483340,483387,483389,2,47
483340,483387,483389,2,47
483388,483389,483391,2,1
483388,483389,483391,2,1
483388,483388,483391,3,0
483388,483389,483391,2,1
483340,483388,483392,4,48
483388,483389,483392,3,1
483388,483389,483391,2,1
483340,483343,483392,49,3
483388,483390,483393,3,2
482973,483155,483392,237,182
483340,483388,483393,5,48
483340,483388,483394,6,48
483388,483390,483395,5,2
483340,483388,483396,8,48
483340,483340,483396,56,0
483388,483396,483400,4,8
483388,483395,483401,6,7
483340,483340,483404,64,0
483340,483342,483405,63,2
483388,483393,483408,15,5
483388,483393,483409,16,5
483388,483405,483410,5,17
483388,483404,483410,6,16
483063,483203,483411,208,140
483388,483408,483412,4,20
483340,483340,483412,72,0
483388,483409,483413,4,21
483388,483402,483414,12,14
483388,483410,483416,6,22
483388,483412,483416,4,24
483388,483400,483416,16,12
483388,483413,483417,4,25
483063,483203,483417,214,140
483388,483390,483418,28,2
483388,483412,483418,6,24
483388,483411,483419,8,23
483388,483416,483419,3,28
483388,483416,483420,4,28
483388,483416,483420,4,28
483388,483410,483421,11,22
483388,483414,483420,6,26
483388,483419,483421,2,31
483388,483394,483422,28,6
483388,483419,483423,4,31
483388,483418,483423,5,30
483340,483342,483423,81,2
483388,483420,483424,4,32
483388,483396,483424,28,8
483388,483421,483425,4,33
483388,483392,483425,33,4
483388,483422,483425,3,34
483388,483421,483426,5,33
483388,483423,483426,3,35
483388,483420,483426,6,32
483388,483421,483425,4,33
483388,483424,483427,3,36
483388,483417,483427,10,29
483388,483423,483426,3,35
483388,483424,483428,4,36
483388,483418,483428,10,30
483388,483425,483428,3,37
483388,483417,483429,12,29
483388,483425,483429,4,37
483388,483425,483428,3,37
483388,483425,483429,4,37
483388,483426,483429,3,38
483388,483426,483430,4,38
483388,483393,483431,38,5
483388,483426,483433,7,38
483388,483392,483438,46,4
483388,483392,483441,49,4
483388,483391,483448,57,3
481970,482291,483455,1164,321
483455,483455,483457,2,0
483455,483455,483457,2,0
483455,483455,483458,3,0
483455,483455,483457,2,0
483455,483455,483458,3,0
483455,483455,483458,3,0
483455,483455,483458,3,0
483388,483392,483458,66,4
483455,483455,483460,5,0
483455,483458,483461,3,3
483455,483458,483463,5,3
483455,483458,483463,5,3
483340,483340,483464,124,0
483455,483458,483465,7,3
483455,483463,483466,3,8
483455,483458,483466,8,3
483455,483463,483467,4,8
483455,483460,483467,7,5
483455,483461,483467,6,6
483455,483455,483468,13,0
483455,483458,483470,12,3
483455,483468,483470,2,13
483455,483455,483471,16,0
483455,483464,483472,8,9
483455,483470,483472,2,15
483455,483467,483472,5,12
483455,483457,483472,15,2
483455,483471,483473,2,16
483455,483466,483473,7,11
483455,483467,483472,5,12
483455,483467,483474,7,12
483455,483466,483474,8,11
483455,483472,483475,3,17
483455,483472,483474,2,17
483455,483473,483474,1,18
483455,483474,483476,2,19
483455,483455,483476,21,0
483455,483474,483476,2,19
483455,483475,483477,2,20
483455,483475,483477,2,20
483455,483465,483477,12,10
483455,483472,483477,5,17
483388,483391,483478,87,3
483455,483473,483478,5,18
483455,483476,483478,2,21
483455,483475,483477,2,20
483455,483476,483478,2,21
483455,483473,483478,5,18
483455,483472,483479,7,17
483455,483477,483479,2,22
483455,483476,483479,3,21
483455,483477,483479,2,22
483455,483477,483479,2,22
483455,483457,483479,22,2
483455,483478,483480,2,23
483455,483477,483479,2,22
483455,483478,483481,3,23
483455,483455,483481,26,0
483455,483472,483481,9,17
483388,483391,483483,92,3
483455,483478,483484,6,23
483455,483455,483484,29,0
483455,483455,483486,31,0
483455,483455,483507,52,0
482015,482360,483512,1152,345
483455,483455,483512,57,0
483512,483513,483515,2,1
483512,483513,483514,1,1
483455,483455,483514,59,0
483512,483513,483516,3,1
483388,483391,483515,124,3
483512,483513,483516,3,1
483512,483513,483515,2,1
483512,483513,483515,2,1
483512,483513,483516,3,1
483512,483513,483519,6,1
483512,483517,483520,3,5
483512,483517,483520,3,5
483512,483517,483521,4,5
483512,483516,483522,6,4
483512,483522,483524,2,10
483512,483519,483525,6,7
483512,483518,483526,8,6
483512,483524,483526,2,12
483512,483525,483528,3,13
483512,483520,483528,8,8
483512,483526,483529,3,14
483512,483521,483529,8,9
483512,483526,483530,4,14
483512,483520,483531,11,8
483455,483455,483531,76,0
483512,483528,483530,2,16
483512,483528,483532,4,16
483512,483529,483532,3,17
483388,483391,483533,142,3
483512,483531,483534,3,19
483512,483533,483535,2,21
483512,483530,483535,5,18
483512,483534,483536,2,22
483512,483532,483536,4,20
483512,483536,483538,2,24
483512,483535,483538,3,23
483512,483535,483537,2,23
483512,483536,483538,2,24
483512,483532,483539,7,20
483512,483530,483539,9,18
483512,483513,483539,26,1
483512,483538,483539,1,26
483512,483538,483539,1,26
483512,483538,483539,1,26
483512,483531,483540,9,19
483512,483538,483540,2,26
483512,483513,483540,27,1
483512,483539,483541,2,27
483512,483531,483541,10,19
483512,483540,483542,2,28
483512,483539,483542,3,27
483512,483539,483541,2,27
483512,483540,483543,3,28
483512,483516,483549,33,4
483512,483513,483550,37,1
483455,483455,483556,101,0
483512,483513,483557,44,1
483512,483513,483561,48,1
483512,483513,483562,49,1
482231,482626,483563,937,395
483512,483513,483565,52,1
483563,483563,483564,1,0
483563,483563,483565,2,0
483563,483563,483566,3,0
483563,483563,483566,3,0
483563,483563,483567,4,0
483563,483563,483567,4,0
483563,483563,483566,3,0
483563,483563,483568,5,0
482285,482704,483573,869,419
483512,483513,483577,64,1
483512,483515,483578,63,3
483563,483577,483580,3,14
483563,483578,483582,4,15
483512,483515,483585,70,3
483563,483573,483586,13,10
483563,483563,483589,26,0
483563,483582,483590,8,19
483563,483586,483590,4,23
483563,483580,483591,11,17
483563,483590,483592,2,27
483563,483589,483593,4,26
483563,483591,483593,2,28
483563,483592,483595,3,29
483563,483592,483596,4,29
483563,483585,483597,12,22
483563,483593,483597,4,30
483563,483595,483597,2,32
483563,483594,483597,3,31
483563,483596,483597,1,33
483563,483597,483599,2,34
483563,483597,483600,3,34
483563,483599,483601,2,36
483563,483597,483601,4,34
483512,483515,483601,86,3
483563,483599,483600,1,36
483512,483513,483602,89,1
483563,483598,483601,3,35
483563,483601,483602,1,38
483563,483600,483603,3,37
483563,483601,483603,2,38
483563,483601,483604,3,38
482085,482435,483604,1169,350
483563,483601,483603,2,38
483563,483603,483605,2,40
483563,483604,483606,2,41
483563,483604,483606,2,41
483563,483602,483607,5,39
483563,483604,483607,3,41
483563,483605,483606,1,42
483563,483606,483608,2,43
483563,483602,483608,6,39
483563,483603,483609,6,40
483563,483602,483609,7,39
483573,483607,483609,2,34
483573,483607,483609,2,34
483573,483607,483609,2,34
483563,483567,483610,43,4
483573,483608,483609,1,35
483563,483606,483609,3,43
483573,483608,483611,3,35
483573,483609,483610,1,36
483573,483609,483611,2,36
483573,483609,483611,2,36
483563,483568,483614,46,5
483573,483609,483619,10,36
483563,483563,483626,63,0
483563,483565,483630,65,2
483563,483567,483640,73,4
483573,483610,483641,31,37
483563,483566,483645,79,3
483573,483611,483646,35,38
483563,483566,483647,81,3
483563,483563,483650,87,0
483573,483609,483651,42,36
483563,483563,483653,90,0
483512,483513,483654,141,1
482166,482484,483655,1171,318
483573,483650,483656,6,77
483573,483651,483657,6,78
483573,483610,483658,48,37
483573,483658,483659,1,85
483512,483513,483661,148,1
483573,483657,483663,6,84
483573,483660,483663,3,87
483573,483653,483663,10,80
483573,483611,483663,52,38
483512,483513,483664,151,1
483573,483661,483665,4,88
483573,483655,483666,11,82
483573,483656,483668,12,83
483573,483663,483668,5,90
483563,483563,483669,106,0
483573,483647,483669,22,74
483573,483663,483669,6,90
483573,483654,483669,15,81
483573,483663,483669,6,90
483512,483513,483670,157,1
483573,483668,483671,3,95
483573,483669,483670,1,96
483573,483670,483671,1,97
483573,483664,483671,7,91
483573,483669,483671,2,96
483573,483665,483671,6,92
483573,483669,483672,3,96
483573,483665,483672,7,92
483573,483668,483671,3,95
483573,483670,483672,2,97
483573,483669,483671,2,96
483573,483671,483672,1,98
483573,483667,483674,7,94
483573,483671,483673,2,98
483573,483671,483673,2,98
483573,483672,483675,3,99
483573,483673,483675,2,100
483573,483672,483675,3,99
483573,483672,483676,4,99
483573,483672,483676,4,99
483604,483674,483676,2,70
483573,483626,483677,51,53
483563,483567,483676,109,4
483573,483671,483677,6,98
483573,483672,483676,4,99
483563,483565,483677,112,2
483604,483674,483677,3,70
483604,483675,483678,3,71
483573,483674,483678,4,101
483604,483676,483678,2,72
483604,483675,483679,4,71
483573,483671,483678,7,98
483604,483676,483678,2,72
483604,483676,483678,2,72
483573,483611,483678,67,38
483573,483672,483680,8,99
483604,483676,483681,5,72
483563,483563,483693,130,0
483573,483641,483695,54,68
483563,483565,483699,134,2
482220,482539,483701,1162,319
483573,483619,483704,85,46
482301,482762,483709,947,461
483604,483677,483709,32,73
483573,483640,483709,69,67
483604,483701,483711,10,97
483604,483704,483711,7,100
483573,483630,483713,83,57
483604,483700,483713,13,96
483604,483713,483715,2,109
483604,483713,483716,3,109
483604,483695,483716,21,91
483604,483716,483717,1,112
483604,483711,483718,7,107
483604,483716,483718,2,112
483604,483716,483718,2,112
483573,483646,483719,73,73
483604,483709,483719,10,105
483604,483709,483719,10,105
483604,483711,483720,9,107
483604,483709,483720,11,105
483604,483718,483720,2,114
483573,483612,483721,109,39
483604,483718,483721,3,114
483604,483718,483721,3,114
483604,483720,483722,2,116
483604,483678,483722,44,74
483604,483718,483722,4,114
483604,483721,483723,2,117
483604,483720,483723,3,116
483604,483677,483723,46,73
483604,483720,483723,3,116
483604,483722,483724,2,118
483604,483721,483723,2,117
483604,483722,483724,2,118
483604,483722,483724,2,118
483604,483723,483725,2,119
483604,483723,483725,2,119
483604,483723,483725,2,119
483604,483724,483725,1,120
483604,483724,483726,2,120
483604,483679,483726,47,75
483604,483724,483726,2,120
483656,483725,483727,2,69
483604,483724,483727,3,120
483604,483724,483727,3,120
483604,483719,483726,7,115
483604,483724,483726,2,120
483604,483725,483727,2,121
483656,483725,483727,2,69
483656,483726,483728,2,70
483604,483719,483728,9,115
483656,483726,483727,1,70
483656,483727,483728,1,71
483656,483726,483727,1,70
483656,483726,483727,1,70
483604,483720,483729,9,116
483656,483727,483730,3,71
483604,483679,483734,55,75
483604,483693,483734,41,89
483573,483614,483737,123,41
483573,483645,483738,93,72
483604,483679,483739,60,75
483563,483563,483743,180,0
483604,483679,483744,65,75
483563,483563,483746,183,0
483563,483563,483748,185,0
483656,483744,483753,9,88
483656,483746,483755,9,90
483656,483739,483760,21,83
483604,483679,483761,82,75
483604,483681,483763,82,77
483656,483748,483763,15,92
483604,483678,483764,86,74
483573,483612,483764,152,39
483604,483680,483766,86,76
483656,483764,483766,2,108
483656,483764,483766,2,108
483656,483727,483767,40,71
483656,483763,483768,5,107
483656,483766,483768,2,110
483656,483761,483767,6,105
483656,483755,483768,13,99
483656,483763,483769,6,107
483656,483766,483769,3,110
483656,483766,483770,4,110
483656,483767,483771,4,111
483656,483769,483771,2,113
483656,483769,483771,2,113
483656,483768,483771,3,112
483656,483760,483772,12,104
483656,483770,483772,2,114
483656,483771,483773,2,115
483656,483771,483773,2,115
483656,483771,483773,2,115
483656,483771,483774,3,115
483656,483769,483774,5,113
483656,483773,483775,2,117
483656,483772,483775,3,116
483656,483772,483775,3,116
483656,483773,483775,2,117
483656,483768,483776,8,112
483656,483773,483776,3,117
483656,483768,483776,8,112
483656,483774,483777,3,118
483656,483774,483776,2,118
483656,483775,483777,2,119
483656,483775,483776,1,119
483656,483775,483778,3,119
483656,483775,483777,2,119
483701,483776,483779,3,75
483701,483777,483779,2,76
483656,483743,483779,36,87
483701,483776,483778,2,75
483701,483777,483779,2,76
483701,483777,483779,2,76
483701,483777,483780,3,76
483604,483677,483780,103,73
483701,483777,483779,2,76
483656,483738,483781,43,82
483701,483778,483781,3,77
483604,483678,483785,107,74
483656,483753,483787,34,97
483656,483737,483789,52,81
483701,483778,483792,14,77
483656,483727,483797,70,71
483656,483727,483799,72,71
483604,483677,483804,127,73
483656,483734,483806,72,78
483656,483727,483809,82,71
483701,483806,483812,6,105
483656,483730,483813,83,74
483604,483678,483813,135,74
483701,483809,483813,4,108
483701,483804,483814,10,103
483701,483779,483816,37,78
483701,483813,483818,5,112
483701,483814,483818,4,113
483701,483816,483820,4,115
483701,483818,483820,2,117
483701,483812,483821,9,111
483701,483818,483822,4,117
483701,483820,483823,3,119
483701,483813,483823,10,112
483701,483820,483824,4,119
483656,483729,483825,96,73
483701,483821,483826,5,120
483701,483823,483827,4,122
483701,483813,483827,14,112
483701,483825,483826,1,124
483701,483823,483826,3,122
483701,483822,483828,6,121
483701,483824,483828,4,123
483701,483827,483829,2,126
483701,483827,483828,1,126
483701,483827,483829,2,126
483701,483826,483828,2,125
483604,483677,483830,153,73
483701,483827,483829,2,126
483701,483828,483830,2,127
483701,483828,483830,2,127
483701,483829,483832,3,128
483701,483830,483832,2,129
483701,483830,483833,3,129
483701,483830,483832,2,129
483701,483832,483834,2,131
483701,483829,483834,5,128
483701,483829,483833,4,128
483701,483797,483834,37,96
483701,483799,483835,36,98
483701,483829,483835,6,128
483701,483832,483835,3,131
483701,483831,483835,4,130
483701,483833,483836,3,132
483709,483834,483835,1,125
483709,483835,483836,1,126
483709,483834,483837,3,125
483709,483834,483837,3,125
483709,483835,483837,2,126
483709,483835,483837,2,126
483701,483833,483838,5,132
483701,483792,483838,46,91
483709,483834,483837,3,125
483709,483835,483837,2,126
483656,483729,483839,110,73
483656,483728,483840,112,72
483656,483734,483841,107,78
483701,483779,483844,65,78
483656,483728,483844,116,72
483709,483836,483847,11,127
483709,483837,483848,11,128
483709,483837,483849,12,128
483656,483727,483850,123,71
483709,483836,483850,14,127
483709,483837,483853,16,128
483709,483850,483854,4,141
483709,483836,483857,21,127
483701,483782,483859,77,81
483709,483857,483859,2,148
483709,483854,483859,5,145
483709,483853,483860,7,144
483709,483859,483861,2,150
483709,483859,483861,2,150
483709,483850,483865,15,141
483709,483860,483865,5,151
483701,483789,483865,76,88
483709,483861,483867,6,152
483656,483728,483867,139,72
483656,483728,483868,140,72
483709,483867,483869,2,158
483709,483861,483868,7,152
483709,483865,483870,5,156
483709,483867,483870,3,158
483709,483863,483871,8,154
483656,483728,483870,142,72
483709,483870,483872,2,161
483709,483871,483872,1,162
483709,483865,483872,7,156
483709,483865,483873,8,156
483709,483868,483873,5,159
483709,483871,483874,3,162
483709,483872,483874,2,163
483709,483869,483875,6,160
483709,483871,483874,3,162
483709,483872,483874,2,163
483709,483872,483875,3,163
483709,483873,483875,2,164
483709,483873,483876,3,164
483709,483875,483877,2,166
483709,483875,483878,3,166
483709,483875,483878,3,166
483709,483837,483878,41,128
483709,483877,483879,2,168
483709,483876,483878,2,167
483709,483869,483880,11,160
483709,483878,483880,2,169
483709,483875,483879,4,166
483709,483874,483880,6,165
483709,483874,483885,11,165
483709,483849,483887,38,140
483709,483847,483887,40,138
483709,483844,483887,43,135
483709,483844,483894,50,135
483701,483785,483901,116,84
483709,483848,483902,54,139
483701,483780,483919,139,79
483701,483788,483920,132,87
483709,483838,483928,90,129
483701,483779,483931,152,78
483709,483841,483938,97,132
483709,483838,483939,101,129
483709,483840,483939,99,131
483701,483780,483946,166,79
483701,483779,483967,188,78
483701,483779,483979,200,78
483701,483780,483992,212,79
483709,483840,483996,156,131
483701,483781,484000,219,80
483709,483838,484002,164,129
483701,483779,484018,239,78
483709,483838,484070,232,129
484896,484897,484957,60,1
485032,485032,485033,1,0
485383,485383,485549,166,0
485959,485959,486099,140,0
487283,487283,487497,214,0
487773,487773,487986,213,0
571000,571000,571219,219,0
571219,571219,571221,2,0
571219,571219,571222,3,0
571219,571220,571222,2,1
571219,571219,571223,4,0
571219,571219,571222,3,0
571219,571220,571223,3,1
571219,571220,571223,3,1
571219,571220,571224,4,1
571219,571220,571223,3,1
571219,571220,571226,6,1
571005,571005,571231,226,0
571007,571007,571231,224,0
571219,571219,571231,12,0
571219,571220,571232,12,1
571219,571220,571232,12,1
571219,571222,571232,10,3
571219,571221,571231,10,2
571219,571223,571233,10,4
571219,571223,571235,12,4
571219,571223,571235,12,4
571219,571223,571236,13,4
571219,571222,571237,15,3
571219,571225,571237,12,6
571219,571224,571239,15,5
570999,570999,571239,240,0
571219,571226,571240,14,7
571219,571231,571241,10,12
571219,571231,571242,11,12
571219,571232,571242,10,13
571219,571232,571242,10,13
571011,571011,571243,232,0
571219,571233,571242,9,14
571219,571231,571244,13,12
571219,571235,571244,9,16
571219,571232,571244,12,13
571219,571235,571244,9,16
571219,571235,571245,10,16
571219,571236,571247,11,17
571219,571243,571248,5,24
571219,571241,571248,7,22
571219,571239,571248,9,20
571219,571242,571248,6,23
571219,571243,571249,6,24
571219,571242,571248,6,23
571219,571240,571249,9,21
571219,571244,571250,6,25
571219,571244,571249,5,25
571219,571244,571250,6,25
571219,571244,571250,6,25
571219,571246,571251,5,27
571219,571248,571251,3,29
571219,571242,571251,9,23
571219,571238,571250,12,19
571219,571237,571252,15,18
571219,571247,571252,5,28
571219,571249,571251,2,30
571219,571249,571252,3,30
571219,571248,571251,3,29
571219,571249,571251,2,30
571219,571250,571251,1,31
571219,571249,571252,3,30
571219,571250,571253,3,31
571219,571250,571253,3,31
571219,571239,571254,15,20
571219,571249,571253,4,30
571219,571250,571253,3,31
571219,571251,571253,2,32
571219,571252,571254,2,33
571219,571252,571254,2,33
571219,571252,571254,2,33
571219,571251,571254,3,32
571219,571252,571254,2,33
571219,571251,571254,3,32
571219,571252,571255,3,33
571219,571252,571255,3,33
571219,571252,571256,4,33
571219,571253,571255,2,34
571232,571254,571256,2,22
571219,571252,571255,3,33
571232,571254,571257,3,22
571232,571254,571257,3,22
571219,571253,571256,3,34
571232,571254,571256,2,22
571232,571254,571256,2,22
571232,571254,571258,4,22
571232,571255,571258,3,23
571232,571254,571257,3,22
571232,571254,571257,3,22
571232,571256,571266,10,24
571232,571256,571266,10,24
571232,571256,571267,11,24
571232,571256,571266,10,24
571232,571257,571267,10,25
571232,571257,571268,11,25
571232,571256,571268,12,24
571232,571258,571267,9,26
571232,571256,571269,13,24
571232,571258,571268,10,26
571232,571256,571270,14,24
571232,571257,571270,13,25
571232,571257,571270,13,25
571232,571258,571270,12,26
571232,571258,571272,14,26
571232,571258,571271,13,26
571232,571266,571274,8,34
571232,571268,571276,8,36
571232,571268,571276,8,36
571232,571270,571277,7,38
571232,571268,571277,9,36
571232,571266,571276,10,34
571232,571269,571278,9,37
571232,571270,571278,8,38
571232,571267,571277,10,35
571232,571267,571277,10,35
571232,571267,571279,12,35
571232,571272,571280,8,40
571232,571272,571280,8,40
571232,571276,571279,3,44
571232,571277,571280,3,45
571232,571278,571281,3,46
571232,571271,571281,10,39
571232,571275,571280,5,43
571232,571276,571280,4,44
571232,571277,571280,3,45
571232,571279,571280,1,47
571232,571279,571280,1,47
571232,571271,571282,11,39
571232,571280,571282,2,48
571232,571270,571281,11,38
571232,571277,571281,4,45
571232,571280,571282,2,48
571232,571279,571281,2,47
571232,571280,571281,1,48
571232,571281,571283,2,49
571232,571281,571283,2,49
571232,571278,571282,4,46
571232,571281,571283,2,49
571232,571281,571283,2,49
571232,571281,571283,2,49
571232,571281,571283,2,49
571232,571280,571283,3,48
571232,571282,571284,2,50
571232,571281,571283,2,49
571232,571282,571283,1,50
571232,571283,571285,2,51
571232,571282,571284,2,50
571232,571282,571285,3,50
571232,571282,571285,3,50
571232,571283,571284,1,51
571232,571282,571284,2,50
571232,571283,571285,2,51
571232,571283,571286,3,51
571014,571014,571285,271,0
571232,571283,571286,3,51
571232,571284,571285,1,52
571232,571284,571287,3,52
571232,571284,571286,2,52
571232,571284,571286,2,52
571232,571284,571286,2,52
571232,571284,571288,4,52
571232,571285,571287,2,53
571232,571284,571288,4,52
571232,571285,571289,4,53
571232,571285,571291,6,53
571232,571285,571291,6,53
571232,571286,571296,10,54
571232,571285,571296,11,53
571232,571289,571297,8,57
571232,571285,571297,12,53
571232,571286,571298,12,54
571232,571285,571297,12,53
571232,571286,571297,11,54
571232,571287,571297,10,55
571232,571287,571298,11,55
571232,571287,571297,10,55
571232,571287,571297,10,55
571232,571286,571299,13,54
571232,571290,571300,10,58
571232,571290,571300,10,58
571232,571291,571301,10,59
571232,571288,571302,14,56
571232,571291,571301,10,59
571232,571296,571304,8,64
571232,571298,571305,7,66
571232,571297,571305,8,65
571232,571298,571306,8,66
571232,571302,571306,4,70
571232,571298,571305,7,66
571232,571298,571306,8,66
571232,571301,571307,6,69
571232,571300,571307,7,68
571232,571298,571306,8,66
571232,571297,571308,11,65
571232,571304,571308,4,72
571232,571300,571308,8,68
571232,571298,571309,11,66
571232,571305,571308,3,73
571232,571306,571309,3,74
571232,571307,571309,2,75
571232,571298,571308,10,66
571232,571306,571308,2,74
571232,571308,571309,1,76
571232,571299,571308,9,67
571232,571307,571310,3,75
571232,571306,571309,3,74
571232,571308,571309,1,76
571232,571309,571310,1,77
571232,571297,571309,12,65
571232,571306,571309,3,74
571232,571308,571309,1,76
571232,571309,571311,2,77
571232,571302,571310,8,70
571232,571307,571310,3,75
571232,571309,571310,1,77
571232,571309,571310,1,77
571232,571309,571310,1,77
571232,571309,571310,1,77
571232,571310,571311,1,78
571232,571310,571311,1,78
571232,571310,571312,2,78
571232,571308,571311,3,76
571232,571309,571311,2,77
571232,571310,571311,1,78
571232,571310,571313,3,78
571232,571310,571312,2,78
571232,571310,571312,2,78
571232,571310,571312,2,78
571232,571311,571313,2,79
571232,571311,571314,3,79
571232,571311,571313,2,79
571240,571311,571314,3,71
571240,571312,571313,1,72
571240,571312,571314,2,72
571240,571312,571315,3,72
571240,571311,571314,3,71
571240,571313,571314,1,73
571240,571312,571314,2,72
571240,571312,571314,2,72
571240,571313,571317,4,73
571240,571313,571320,7,73
571240,571314,571324,10,74
571240,571313,571325,12,73
571240,571314,571325,11,74
571240,571314,571325,11,74
571240,571314,571325,11,74
571240,571316,571326,10,76
571240,571313,571326,13,73
571240,571315,571326,11,75
571240,571314,571326,12,74
571240,571313,571326,13,73
571240,571315,571327,12,75
571240,571315,571326,11,75
571240,571315,571328,13,75
571240,571317,571328,11,77
571240,571320,571332,12,80
571240,571324,571333,9,84
571240,571326,571334,8,86
570997,570997,571335,338,0
571240,571326,571335,9,86
571240,571325,571334,9,85
571240,571326,571335,9,86
571240,571326,571335,9,86
571240,571325,571335,10,85
571240,571325,571334,9,85
571240,571327,571336,9,87
571001,571001,571336,335,0
571240,571327,571336,9,87
571003,571003,571337,334,0
571002,571002,571336,334,0
571240,571326,571338,12,86
571240,571327,571338,11,87
571240,571328,571337,9,88
571240,571328,571338,10,88
571240,571335,571340,5,95
571240,571336,571340,4,96
571240,571335,571341,6,95
571240,571335,571341,6,95
571240,571333,571341,8,93
571240,571336,571342,6,96
571240,571337,571341,4,97
571240,571338,571342,4,98
571240,571334,571342,8,94
571240,571332,571342,10,92
571240,571338,571343,5,98
571240,571335,571343,8,95
571240,571336,571342,6,96
571240,571338,571343,5,98
571240,571335,571342,7,95
571240,571335,571342,7,95
571240,571335,571343,8,95
571240,571341,571344,3,101
571240,571339,571343,4,99
571240,571341,571344,3,101
571240,571341,571344,3,101
571240,571340,571345,5,100
571240,571338,571344,6,98
571240,571340,571344,4,100
571240,571342,571344,2,102
571240,571342,571344,2,102
571240,571343,571345,2,103
571240,571343,571345,2,103
571240,571343,571346,3,103
571240,571343,571346,3,103
571240,571344,571346,2,104
571240,571343,571346,3,103
571240,571342,571345,3,102
571240,571342,571345,3,102
571240,571343,571345,2,103
571243,571345,571347,2,102
571243,571344,571346,2,101
571240,571343,571346,3,103
571243,571344,571346,2,101
571243,571344,571346,2,101
571243,571345,571348,3,102
571243,571346,571347,1,103
571243,571346,571348,2,103
571243,571345,571347,2,102
571243,571345,571348,3,102
571009,571009,571349,340,0
571243,571346,571348,2,103
571243,571346,571352,6,103
571243,571348,571352,4,105
571243,571348,571352,4,105
571243,571349,571353,4,106
571243,571348,571353,5,105
571004,571004,571352,348,0
571008,571008,571352,344,0
571243,571349,571353,4,106
571243,571348,571354,6,105
571010,571010,571356,346,0
571243,571346,571356,10,103
571243,571348,571357,9,105
571243,571346,571356,10,103
571243,571346,571357,11,103
571243,571348,571358,10,105
571243,571347,571358,11,104
570999,570999,571358,359,0
571243,571352,571357,5,109
571243,571347,571359,12,104
571243,571346,571358,12,103
571243,571348,571359,11,105
571243,571352,571360,8,109
571243,571346,571359,13,103
571243,571348,571359,11,105
571243,571346,571359,13,103
571243,571354,571361,7,111
571243,571353,571361,8,110
571243,571353,571361,8,110
571243,571353,571362,9,110
571243,571353,571361,8,110
571243,571353,571362,9,110
571243,571357,571363,6,114
571243,571356,571363,7,113
571243,571358,571363,5,115
571243,571357,571364,7,114
571243,571360,571364,4,117
571243,571362,571364,2,119
571243,571358,571364,6,115
571243,571358,571364,6,115
571243,571356,571364,8,113
571243,571352,571363,11,109
571243,571362,571364,2,119
571243,571359,571364,5,116
571243,571363,571364,1,120
571243,571360,571365,5,117
571243,571358,571364,6,115
571243,571362,571365,3,119
571243,571362,571365,3,119
571243,571359,571364,5,116
571243,571359,571364,5,116
571243,571360,571366,6,117
571243,571362,571365,3,119
571243,571363,571366,3,120
571243,571357,571366,9,114
571243,571360,571365,5,117
571243,571364,571365,1,121
571243,571364,571365,1,121
571243,571361,571365,4,118
571243,571364,571365,1,121
571243,571364,571366,2,121
571243,571365,571367,2,122
571243,571364,571366,2,121
571243,571364,571366,2,121
571243,571365,571367,2,122
571286,571365,571368,3,79
571243,571364,571367,3,121
571243,571364,571368,4,121
571243,571364,571368,4,121
571286,571365,571368,3,79
571286,571366,571369,3,80
571286,571366,571368,2,80
571286,571366,571369,3,80
571243,571364,571368,4,121
571286,571366,571368,2,80
571286,571365,571368,3,79
571286,571366,571368,2,80
571243,571365,571368,3,122
571003,571004,571370,366,1
571286,571366,571369,3,80
571286,571366,571370,4,80
571286,571366,571369,3,80
571006,571006,571370,364,0
571286,571369,571373,4,83
571286,571366,571373,7,80
571286,571369,571374,5,83
571286,571369,571375,6,83
571286,571369,571375,6,83
571286,571369,571374,5,83
571286,571367,571376,9,81
571286,571370,571377,7,84
571286,571369,571377,8,83
571286,571367,571376,9,81
571286,571368,571378,10,82
571286,571367,571378,11,81
571286,571370,571378,8,84
571286,571368,571378,10,82
571286,571368,571377,9,82
571286,571368,571378,10,82
571012,571012,571378,366,0
571286,571370,571378,8,84
571286,571369,571379,10,83
571286,571366,571379,13,80
571286,571368,571379,11,82
571286,571369,571378,9,83
571286,571371,571379,8,85
571286,571373,571380,7,87
571286,571369,571379,10,83
571286,571370,571379,9,84
571013,571013,571381,368,0
571286,571374,571381,7,88
571015,571016,571381,365,1
571286,571374,571381,7,88
571286,571376,571381,5,90
571286,571378,571382,4,92
571286,571375,571382,7,89
571286,571377,571382,5,91
571286,571378,571382,4,92
571286,571381,571383,2,95
571286,571378,571383,5,92
571286,571378,571382,4,92
571286,571375,571383,8,89
571286,571376,571382,6,90
571286,571378,571383,5,92
571286,571379,571383,4,93
571286,571378,571383,5,92
571286,571378,571383,5,92
571286,571381,571384,3,95
571286,571380,571383,3,94
571286,571382,571383,1,96
571286,571382,571384,2,96
571286,571379,571384,5,93
571286,571381,571384,3,95
571286,571381,571384,3,95
571286,571378,571384,6,92
571286,571377,571384,7,91
571286,571379,571385,6,93
571286,571381,571385,4,95
571286,571383,571385,2,97
571286,571380,571384,4,94
571286,571377,571384,7,91
571286,571382,571384,2,96
571286,571382,571385,3,96
571335,571383,571386,3,48
571286,571383,571386,3,97
571335,571383,571386,3,48
571286,571379,571385,6,93
571286,571383,571385,2,97
571286,571381,571385,4,95
571335,571384,571385,1,49
571335,571384,571385,1,49
571335,571384,571385,1,49
571286,571383,571386,3,97
571335,571384,571387,3,49
571286,571383,571386,3,97
571335,571383,571386,3,48
571335,571384,571386,2,49
571286,571383,571386,3,97
571335,571384,571386,2,49
571335,571384,571390,6,49
571335,571384,571394,10,49
571335,571387,571395,8,52
571335,571385,571395,10,50
571335,571387,571395,8,52
571335,571387,571396,9,52
571335,571387,571396,9,52
571335,571386,571395,9,51
571335,571385,571396,11,50
571335,571387,571397,10,52
571335,571387,571397,10,52
571335,571386,571397,11,51
571335,571387,571396,9,52
571335,571385,571397,12,50
571335,571387,571397,10,52
571335,571387,571396,9,52
571335,571385,571397,12,50
571335,571385,571398,13,50
571335,571386,571398,12,51
571335,571386,571398,12,51
571335,571385,571398,13,50
571335,571386,571398,12,51
571335,571386,571398,12,51
571335,571386,571398,12,51
571335,571387,571398,11,52
571335,571385,571398,13,50
571335,571390,571399,9,55
571335,571397,571401,4,62
571335,571397,571402,5,62
571335,571398,571402,4,63
571335,571399,571402,3,64
571335,571397,571402,5,62
571335,571398,571402,4,63
571335,571399,571403,4,64
571335,571397,571403,6,62
571335,571396,571403,7,61
571335,571399,571403,4,64
571335,571397,571402,5,62
571335,571398,571402,4,63
571335,571395,571403,8,60
571335,571397,571403,6,62
571335,571399,571404,5,64
571335,571400,571404,4,65
571335,571398,571403,5,63
571335,571399,571403,4,64
571335,571399,571403,4,64
571335,571396,571403,7,61
571335,571401,571403,2,66
571335,571396,571404,8,61
571335,571394,571405,11,59
571335,571396,571405,9,61
571335,571397,571404,7,62
571335,571397,571404,7,62
571335,571402,571405,3,67
571335,571403,571406,3,68
571335,571402,571406,4,67
571335,571402,571406,4,67
571335,571403,571406,3,68
571335,571403,571406,3,68
571335,571404,571405,1,69
571336,571404,571406,2,68
571336,571404,571407,3,68
571336,571404,571407,3,68
571336,571405,571407,2,69
571335,571402,571406,4,67
571335,571403,571406,3,68
571336,571404,571407,3,68
571335,571403,571406,3,68
571335,571402,571406,4,67
571336,571404,571406,2,68
571335,571395,571406,11,60
571335,571403,571406,3,68
571336,571404,571408,4,68
571336,571404,571408,4,68
571336,571405,571410,5,69
571336,571405,571415,10,69
571336,571406,571416,10,70
571336,571407,571417,10,71
571336,571407,571418,11,71
571336,571407,571418,11,71
571336,571406,571418,12,70
571336,571408,571418,10,72
571336,571406,571418,12,70
571336,571406,571418,12,70
571336,571405,571418,13,69
571336,571406,571419,13,70
571336,571407,571419,12,71
571336,571405,571419,14,69
571336,571405,571418,13,69
571336,571407,571418,11,71
571336,571408,571419,11,72
571336,571407,571419,12,71
571336,571407,571419,12,71
571336,571408,571419,11,72
571336,571406,571420,14,70
571336,571410,571420,10,74
571336,571409,571421,12,73
571336,571407,571421,14,71
571336,571407,571421,14,71
571336,571408,571422,14,72
571336,571419,571422,3,83
571336,571419,571422,3,83
571336,571419,571423,4,83
571336,571419,571423,4,83
571336,571416,571424,8,80
571336,571419,571423,4,83
571336,571419,571424,5,83
571336,571421,571424,3,85
571336,571420,571424,4,84
571336,571415,571423,8,79
571336,571420,571423,3,84
571336,571422,571425,3,86
571336,571420,571424,4,84
571336,571423,571425,2,87
571336,571423,571425,2,87
571336,571417,571425,8,81
571336,571418,571424,6,82
571336,571421,571424,3,85
571336,571423,571425,2,87
571336,571422,571425,3,86
571336,571420,571424,4,84
571336,571422,571425,3,86
571336,571418,571426,8,82
571336,571418,571426,8,82
571336,571418,571425,7,82
571336,571424,571425,1,88
571336,571422,571425,3,86
571336,571418,571425,7,82
571336,571424,571427,3,88
571336,571418,571427,9,82
571336,571425,571427,2,89
571336,571424,571428,4,88
571336,571424,571428,4,88
571336,571418,571427,9,82
571336,571425,571428,3,89
571338,571426,571428,2,88
571336,571424,571428,4,88
571338,571426,571428,2,88
571338,571426,571429,3,88
571336,571424,571428,4,88
571338,571425,571429,4,87
571336,571425,571428,3,89
571336,571424,571428,4,88
571336,571425,571428,3,89
571338,571425,571429,4,87
571338,571425,571428,3,87
571338,571425,571428,3,87
571338,571426,571429,3,88
571336,571425,571428,3,89
571338,571426,571430,4,88
571338,571426,571435,9,88
571338,571426,571437,11,88
571338,571430,571437,7,92
571338,571427,571438,11,89
571338,571427,571438,11,89
571338,571429,571438,9,91
571338,571428,571438,10,90
571338,571429,571439,10,91
571338,571429,571439,10,91
571338,571429,571439,10,91
571338,571429,571439,10,91
571338,571428,571440,12,90
571338,571429,571439,10,91
571338,571428,571439,11,90
571338,571428,571440,12,90
571338,571428,571440,12,90
571338,571429,571439,10,91
571338,571429,571440,11,91
571338,571429,571441,12,91
571338,571427,571441,14,89
571338,571428,571441,13,90
571338,571429,571442,13,91
571338,571440,571442,2,102
571338,571440,571443,3,102
571338,571440,571443,3,102
571338,571429,571443,14,91
571338,571429,571442,13,91
571338,571435,571442,7,97
571338,571440,571443,3,102
571338,571437,571443,6,99
571338,571440,571444,4,102
571338,571440,571443,3,102
571338,571441,571444,3,103
571338,571439,571445,6,101
571338,571443,571445,2,105
571338,571440,571445,5,102
571338,571441,571444,3,103
571338,571442,571445,3,104
571338,571443,571444,1,105
571338,571439,571445,6,101
571338,571442,571445,3,104
571338,571443,571446,3,105
571338,571443,571445,2,105
571338,571437,571445,8,99
571338,571439,571446,7,101
571338,571443,571445,2,105
571338,571444,571446,2,106
571338,571443,571445,2,105
571338,571438,571445,7,100
571338,571439,571445,6,101
571338,571441,571445,4,103
571338,571443,571445,2,105
571338,571444,571447,3,106
571338,571444,571446,2,106
571338,571445,571447,2,107
571338,571438,571447,9,100
571338,571445,571447,2,107
571338,571438,571447,9,100
571338,571438,571448,10,100
571338,571445,571448,3,107
571339,571446,571449,3,107
571338,571446,571449,3,108
571338,571445,571448,3,107
571338,571445,571448,3,107
571338,571445,571448,3,107
571339,571446,571449,3,107
571339,571446,571450,4,107
571339,571447,571449,2,108
571339,571447,571449,2,108
571339,571447,571450,3,108
571338,571445,571449,4,107
571338,571446,571449,3,108
571339,571446,571449,3,107
571339,571446,571450,4,107
571339,571447,571451,4,108
571339,571447,571455,8,108
571339,571447,571457,10,108
571339,571447,571458,11,108
571339,571447,571459,12,108
571339,571450,571459,9,111
571339,571448,571459,11,109
571339,571448,571460,12,109
571339,571450,571460,10,111
571339,571447,571459,12,108
571339,571449,571459,10,110
571339,571450,571459,9,111
571339,571450,571460,10,111
571339,571449,571461,12,110
571339,571449,571461,12,110
571339,571450,571462,12,111
571339,571449,571462,13,110
571339,571450,571462,12,111
571339,571450,571462,12,111
571339,571449,571461,12,110
571339,571450,571461,11,111
571339,571455,571463,8,116
571339,571451,571463,12,112
571339,571461,571464,3,122
571339,571449,571464,15,110
571339,571461,571464,3,122
571339,571462,571465,3,123
571339,571457,571464,7,118
571339,571458,571465,7,119
571339,571451,571465,14,112
571339,571462,571465,3,123
571339,571460,571466,6,121
571339,571462,571465,3,123
571339,571463,571466,3,124
571339,571460,571466,6,121
571339,571462,571467,5,123
571339,571460,571467,7,121
571339,571462,571466,4,123
571339,571464,571466,2,125
571339,571465,571467,2,126
571339,571459,571466,7,120
571339,571465,571466,1,126
571339,571465,571466,1,126
571339,571462,571466,4,123
571339,571464,571466,2,125
571339,571464,571466,2,125
571339,571464,571466,2,125
571339,571460,571468,8,121
571339,571465,571467,2,126
571339,571465,571468,3,126
571339,571459,571467,8,120
571339,571466,571468,2,127
571339,571466,571469,3,127
571339,571460,571469,9,121
571339,571466,571469,3,127
571339,571467,571469,2,128
571339,571467,571468,1,128
571339,571459,571468,9,120
571339,571466,571468,2,127
571339,571467,571470,3,128
571339,571467,571470,3,128
571359,571468,571470,2,109
571339,571467,571470,3,128
571359,571468,571470,2,109
571339,571467,571469,2,128
571339,571467,571470,3,128
571339,571467,571471,4,128
571359,571468,571470,2,109
571359,571468,571471,3,109
571339,571460,571471,11,121
571359,571468,571470,2,109
571339,571467,571470,3,128
571359,571468,571471,3,109
571359,571469,571472,3,110
571359,571469,571472,3,110
571359,571467,571471,4,108
571359,571469,571475,6,110
571359,571469,571480,11,110
571359,571469,571480,11,110
571359,571470,571481,11,111
571359,571471,571480,9,112
571359,571471,571481,10,112
571359,571470,571480,10,111
571359,571469,571481,12,110
571359,571471,571482,11,112
571359,571471,571482,11,112
571359,571469,571481,12,110
571359,571470,571482,12,111
571359,571470,571482,12,111
571359,571471,571481,10,112
571359,571470,571482,12,111
571359,571471,571483,12,112
571359,571472,571483,11,113
571359,571472,571483,11,113
571359,571471,571483,12,112
571359,571471,571484,13,112
571359,571473,571483,10,114
571359,571471,571484,13,112
571359,571475,571485,10,116
571359,571483,571488,5,124
571359,571483,571488,5,124
571359,571483,571489,6,124
571359,571481,571489,8,122
571359,571480,571489,9,121
571359,571482,571490,8,123
571359,571483,571490,7,124
571359,571483,571490,7,124
571359,571484,571490,6,125
571359,571481,571490,9,122
571359,571480,571491,11,121
571359,571482,571491,9,123
571359,571484,571490,6,125
571359,571485,571491,6,126
571359,571481,571492,11,122
571359,571481,571491,10,122
571359,571490,571492,2,131
571359,571481,571492,11,122
571359,571482,571491,9,123
571359,571486,571491,5,127
571359,571489,571491,2,130
571359,571482,571491,9,123
571359,571488,571493,5,129
571359,571490,571493,3,131
571359,571489,571493,4,130
571359,571482,571492,10,123
571359,571490,571493,3,131
571359,571490,571492,2,131
571359,571491,571494,3,132
571359,571491,571494,3,132
571359,571482,571493,11,123
571359,571488,571494,6,129
571359,571490,571493,3,131
571359,571492,571495,3,133
571359,571492,571494,2,133
571359,571491,571495,4,132
571359,571491,571494,3,132
571359,571491,571495,4,132
571359,571492,571495,3,133
571359,571492,571495,3,133
571359,571492,571494,2,133
571359,571492,571496,4,133
571359,571492,571495,3,133
571359,571493,571496,3,134
571359,571492,571495,3,133
571359,571493,571497,4,134
571359,571494,571497,3,135
571359,571494,571496,2,135
571359,571493,571496,3,134
571359,571494,571496,2,135
571359,571493,571496,3,134
571359,571493,571496,3,134
571359,571494,571501,7,135
571359,571495,571505,10,136
571359,571494,571506,12,135
571359,571495,571505,10,136
571359,571497,571506,9,138
571359,571494,571506,12,135
571359,571496,571506,10,137
571359,571495,571507,12,136
571359,571497,571507,10,138
571359,571495,571507,12,136
571359,571496,571506,10,137
571359,571495,571507,12,136
571359,571495,571507,12,136
571359,571496,571508,12,137
571359,571496,571507,11,137
571359,571496,571508,12,137
571359,571495,571507,12,136
571359,571497,571508,11,138
571359,571497,571508,11,138
571359,571498,571510,12,139
571359,571497,571510,13,138
571359,571501,571510,9,142
571359,571508,571511,3,149
571359,571498,571510,12,139
571359,571508,571511,3,149
571359,571508,571512,4,149
571359,571509,571512,3,150
571359,571505,571512,7,146
571359,571510,571513,3,151
571359,571507,571513,6,148
571359,571506,571513,7,147
571359,571506,571513,7,147
571359,571507,571512,5,148
571359,571508,571512,4,149
571359,571510,571513,3,151
571359,571507,571513,6,148
571359,571506,571513,7,147
571359,571510,571513,3,151
571359,571510,571513,3,151
571359,571507,571514,7,148
571359,571511,571513,2,152
571359,571511,571514,3,152
571359,571513,571515,2,154
571359,571512,571515,3,153
571359,571512,571515,3,153
571359,571507,571515,8,148
571359,571513,571515,2,154
571359,571512,571515,3,153
571359,571512,571514,2,153
571359,571513,571514,1,154
571359,571513,571515,2,154
571359,571514,571515,1,155
571359,571513,571515,2,154
571359,571507,571516,9,148
571359,571513,571515,2,154
571359,571514,571517,3,155
571359,571515,571517,2,156
571359,571513,571516,3,154
571359,571513,571516,3,154
571359,571514,571517,3,155
571359,571515,571517,2,156
571359,571506,571516,10,147
571359,571515,571516,1,156
571359,571515,571518,3,156
571359,571506,571518,12,147
571359,571515,571517,2,156
571359,571514,571517,3,155
571359,571515,571517,2,156
571359,571515,571517,2,156
571359,571515,571518,3,156
571359,571515,571518,3,156
571359,571515,571518,3,156
571359,571516,571519,3,157
571359,571516,571521,5,157
571359,571516,571520,4,157
571359,571516,571524,8,157
571359,571519,571526,7,160
571359,571517,571527,10,158
571359,571517,571528,11,158
571359,571518,571528,10,159
571359,571520,571528,8,161
571359,571518,571528,10,159
571359,571518,571528,10,159
571359,571519,571528,9,160
571359,571516,571528,12,157
571359,571517,571529,12,158
571359,571518,571528,10,159
571359,571519,571529,10,160
571359,571518,571528,10,159
571359,571517,571529,12,158
571359,571521,571528,7,162
571359,571517,571529,12,158
571359,571517,571529,12,158
571359,571518,571530,12,159
571359,571517,571529,12,158
571359,571517,571529,12,158
571359,571521,571530,9,162
571359,571530,571532,2,171
571359,571530,571532,2,171
571359,571530,571532,2,171
571359,571530,571533,3,171
571359,571530,571533,3,171
571359,571529,571533,4,170
571359,571529,571533,4,170
571359,571528,571534,6,169
571359,571524,571533,9,165
571359,571529,571535,6,170
571359,571529,571535,6,170
571359,571532,571534,2,173
571359,571533,571535,2,174
571359,571532,571535,3,173
571359,571532,571534,2,173
571359,571533,571535,2,174
571359,571528,571536,8,169
571359,571528,571536,8,169
571359,571533,571535,2,174
571359,571529,571536,7,170
571359,571534,571535,1,175
571359,571535,571536,1,176
571359,571529,571535,6,170
571359,571529,571535,6,170
571359,571533,571536,3,174
571359,571528,571536,8,169
571359,571535,571537,2,176
571359,571527,571537,10,168
571359,571528,571537,9,169
571359,571527,571538,11,168
571359,571535,571537,2,176
571359,571536,571538,2,177
571359,571536,571538,2,177
571359,571528,571537,9,169
571359,571534,571537,3,175
571359,571535,571537,2,176
571359,571536,571538,2,177
571359,571535,571537,2,176
571359,571528,571537,9,169
571359,571535,571537,2,176
571359,571535,571537,2,176
571359,571536,571539,3,177
571359,571536,571538,2,177
571359,571537,571539,2,178
571359,571537,571539,2,178
571359,571537,571539,2,178
571359,571537,571539,2,178
571359,571538,571540,2,179
571359,571537,571540,3,178
571359,571536,571539,3,177
571359,571537,571539,2,178
571359,571537,571539,2,178
571359,571538,571541,3,179
571359,571538,571543,5,179
571359,571540,571544,4,181
571359,571540,571544,4,181
571359,571540,571544,4,181
571359,571540,571545,5,181
571359,571541,571544,3,182
571359,571541,571546,5,182
571359,571538,571547,9,179
571359,571539,571546,7,180
571359,571538,571546,8,179
571232,571311,571548,237,79
571359,571539,571548,9,180
571359,571538,571549,11,179
571359,571538,571549,11,179
571359,571539,571549,10,180
571359,571538,571550,12,179
571359,571538,571550,12,179
571359,571543,571550,7,184
571359,571538,571550,12,179
571359,571539,571550,11,180
571359,571538,571551,13,179
571359,571539,571551,12,180
571233,571311,571551,240,78
571359,571541,571550,9,182
571359,571545,571552,7,186
571359,571544,571552,8,185
571359,571544,571551,7,185
571359,571538,571551,13,179
571359,571545,571553,8,186
571359,571544,571553,9,185
571359,571547,571554,7,188
571359,571549,571554,5,190
571359,571550,571554,4,191
571359,571546,571554,8,187
571359,571548,571554,6,189
571359,571551,571553,2,192
571359,571552,571553,1,193
571359,571553,571554,1,194
571359,571552,571555,3,193
571359,571552,571555,3,193
571359,571548,571555,7,189
571359,571552,571554,2,193
571359,571552,571555,3,193
571359,571549,571555,6,190
571359,571551,571555,4,192
571359,571547,571556,9,188
571359,571547,571555,8,188
571359,571550,571556,6,191
571359,571550,571556,6,191
571359,571550,571556,6,191
571359,571550,571555,5,191
571359,571551,571555,4,192
571359,571550,571555,5,191
571359,571553,571555,2,194
571359,571554,571556,2,195
571359,571554,571557,3,195
571359,571554,571556,2,195
571359,571555,571556,1,196
571359,571554,571556,2,195
571359,571554,571556,2,195
571359,571555,571557,2,196
571359,571554,571556,2,195
571359,571555,571557,2,196
571359,571555,571557,2,196
571360,571556,571558,2,196
571359,571555,571558,3,196
571359,571555,571557,2,196
571359,571555,571557,2,196
571359,571555,571557,2,196
571360,571556,571558,2,196
571360,571556,571558,2,196
571360,571556,571558,2,196
571360,571556,571559,3,196
571360,571556,571559,3,196
571360,571557,571561,4,197
571360,571556,571560,4,196
571360,571557,571561,4,197
571360,571557,571563,6,197
571360,571559,571564,5,199
571360,571559,571564,5,199
571360,571560,571565,5,200
571360,571559,571566,7,199
571360,571558,571566,8,198
571360,571557,571567,10,197
571360,571558,571568,10,198
571360,571559,571568,9,199
571360,571561,571568,7,201
571360,571558,571568,10,198
571360,571559,571568,9,199
571360,571557,571567,10,197
571360,571557,571569,12,197
571360,571557,571568,11,197
571360,571558,571568,10,198
571360,571559,571568,9,199
571360,571558,571570,12,198
571360,571557,571569,12,197
571360,571557,571569,12,197
571360,571557,571570,13,197
571360,571561,571570,9,201
571360,571562,571571,9,202
571360,571563,571570,7,203
571360,571570,571573,3,210
571360,571564,571573,9,204
571360,571570,571573,3,210
571360,571571,571573,2,211
571360,571572,571573,1,212
571360,571568,571573,5,208
571360,571571,571573,2,211
571360,571565,571574,9,205
571360,571568,571574,6,208
571360,571568,571574,6,208
571360,571568,571574,6,208
571360,571569,571575,6,209
571360,571573,571574,1,213
571360,571570,571574,4,210
571360,571573,571575,2,213
571360,571564,571574,10,204
571360,571568,571574,6,208
571360,571570,571574,4,210
571360,571573,571575,2,213
571360,571568,571574,6,208
571360,571569,571574,5,209
571360,571573,571575,2,213
571360,571566,571574,8,206
571360,571569,571574,5,209
571360,571566,571575,9,206
571360,571573,571575,2,213
571360,571574,571576,2,214
571360,571573,571575,2,213
571360,571570,571575,5,210
571360,571573,571575,2,213
571360,571574,571576,2,214
571360,571575,571576,1,215
571360,571575,571577,2,215
571360,571575,571576,1,215
571360,571575,571576,1,215
571360,571575,571576,1,215
571360,571574,571576,2,214
571360,571575,571577,2,215
571360,571575,571578,3,215
571360,571575,571577,2,215
571360,571567,571577,10,207
571360,571575,571577,2,215
571380,571576,571577,1,196
571380,571576,571579,3,196
571380,571576,571579,3,196
571380,571577,571580,3,197
571380,571576,571579,3,196
571380,571576,571579,3,196
571380,571577,571581,4,197
571380,571577,571580,3,197
571380,571577,571580,3,197
571380,571577,571583,6,197
571240,571344,571587,243,104
571380,571577,571588,11,197
571380,571578,571589,11,198
571380,571577,571588,11,197
571380,571577,571588,11,197
571380,571577,571589,12,197
571380,571578,571590,12,198
571380,571578,571589,11,198
571380,571579,571590,11,199
571380,571579,571589,10,199
571380,571581,571590,9,201
571380,571580,571592,12,200
571380,571581,571592,11,201
571380,571577,571592,15,197
571380,571580,571593,13,200
571380,571580,571592,12,200
571380,571581,571592,11,201
571380,571583,571592,9,203
571380,571579,571594,15,199
571380,571579,571594,15,199
571380,571593,571595,2,213
571380,571589,571596,7,209
571380,571593,571596,3,213
571380,571589,571596,7,209
571380,571589,571597,8,209
571380,571595,571598,3,215
571380,571594,571598,4,214
571380,571594,571598,4,214
571380,571592,571598,6,212
571380,571593,571597,4,213
571380,571590,571598,8,210
571380,571590,571599,9,210
571380,571587,571598,11,207
571380,571589,571599,10,209
571380,571592,571598,6,212
571380,571588,571598,10,208
571380,571596,571598,2,216
571380,571593,571598,5,213
571380,571592,571599,7,212
571380,571592,571600,8,212
571380,571596,571599,3,216
571380,571598,571599,1,218
571380,571599,571600,1,219
571380,571598,571600,2,218
571380,571597,571599,2,217
571380,571598,571599,1,218
571380,571599,571601,2,219
571380,571599,571600,1,219
571380,571599,571601,2,219
571380,571590,571600,10,210
571380,571597,571600,3,217
571380,571599,571601,2,219
571380,571590,571600,10,210
571380,571598,571600,2,218
571380,571598,571600,2,218
571380,571598,571600,2,218
571380,571599,571601,2,219
571380,571600,571602,2,220
571380,571600,571602,2,220
571380,571600,571602,2,220
571380,571599,571602,3,219
571380,571600,571601,1,220
571380,571600,571601,1,220
571380,571601,571602,1,221
571220,571253,571602,349,33
571380,571600,571603,3,220
571380,571600,571602,2,220
571380,571601,571602,1,221
571380,571600,571602,2,220
571380,571601,571603,2,221
571380,571601,571602,1,221
571380,571601,571604,3,221
571380,571601,571604,3,221
571380,571601,571603,2,221
571380,571601,571604,3,221
571380,571601,571604,3,221
571380,571601,571605,4,221
571380,571602,571608,6,222
571380,571604,571608,4,224
571380,571604,571608,4,224
571380,571604,571609,5,224
571380,571604,571609,5,224
571380,571605,571609,4,225
571380,571602,571611,9,222
571380,571602,571610,8,222
571380,571602,571610,8,222
571380,571602,571611,9,222
571380,571603,571611,8,223
571380,571603,571612,9,223
571380,571605,571612,7,225
571380,571603,571612,9,223
571380,571602,571613,11,222
571380,571603,571614,11,223
571380,571603,571613,10,223
571380,571602,571614,12,222
571380,571605,571614,9,225
571380,571603,571614,11,223
571380,571602,571615,13,222
571380,571609,571615,6,229
571380,571608,571615,7,228
571380,571608,571616,8,228
571380,571612,571617,5,232
571380,571611,571617,6,231
571380,571611,571617,6,231
571380,571608,571617,9,228
571380,571611,571618,7,231
571380,571613,571618,5,233
571380,571609,571617,8,229
571380,571614,571618,4,234
571380,571614,571619,5,234
571380,571611,571619,8,231
571380,571611,571618,7,231
571380,571610,571618,8,230
571380,571614,571619,5,234
571380,571614,571619,5,234
571380,571614,571619,5,234
571380,571618,571620,2,238
571380,571612,571619,7,232
571380,571612,571619,7,232
571380,571615,571621,6,235
571380,571619,571621,2,239
571380,571616,571621,5,236
571380,571617,571620,3,237
571380,571619,571620,1,239
571380,571615,571620,5,235
571380,571617,571620,3,237
571380,571619,571621,2,239
571380,571618,571621,3,238
571380,571617,571620,3,237
571380,571620,571622,2,240
571380,571617,571621,4,237
571380,571619,571622,3,239
571380,571619,571621,2,239
571380,571616,571621,5,236
571380,571619,571621,2,239
571380,571620,571622,2,240
571380,571621,571623,2,241
571382,571621,571622,1,239
571380,571619,571623,4,239
571382,571621,571623,2,239
571380,571619,571623,4,239
571380,571619,571622,3,239
571382,571621,571623,2,239
571382,571621,571624,3,239
571380,571621,571624,3,241
571380,571620,571623,3,240
571382,571622,571624,2,240
571382,571621,571624,3,239
571382,571621,571625,4,239
571382,571621,571624,3,239
571382,571622,571627,5,240
571382,571622,571632,10,240
571382,571624,571633,9,242
571382,571625,571633,8,243
571382,571623,571633,10,241
571382,571625,571633,8,243
571382,571623,571633,10,241
571382,571624,571634,10,242
571382,571623,571633,10,241
571382,571623,571633,10,241
571382,571623,571635,12,241
571382,571623,571634,11,241
571382,571623,571635,12,241
571382,571625,571635,10,243
571382,571624,571634,10,242
571382,571623,571635,12,241
571382,571623,571635,12,241
571382,571622,571635,13,240
571382,571624,571636,12,242
571382,571625,571637,12,243
571382,571635,571638,3,253
571382,571627,571639,12,245
571382,571635,571639,4,253
571382,571635,571639,4,253
571382,571633,571639,6,251
571382,571635,571640,5,253
571382,571637,571640,3,255
571382,571634,571641,7,252
571382,571638,571641,3,256
571382,571637,571641,4,255
571382,571639,571641,2,257
571382,571636,571640,4,254
571382,571639,571642,3,257
571382,571639,571642,3,257
571382,571635,571642,7,253
571382,571633,571642,9,251
571382,571634,571641,7,252
571382,571634,571641,7,252
571382,571639,571641,2,257
571382,571640,571643,3,258
571382,571633,571643,10,251
571382,571635,571642,7,253
571382,571635,571642,7,253
571382,571641,571643,2,259
571382,571634,571642,8,252
571382,571641,571642,1,259
571382,571641,571642,1,259
571382,571640,571642,2,258
571382,571641,571643,2,259
571382,571642,571644,2,260
571382,571642,571643,1,260
571382,571642,571644,2,260
571382,571642,571643,1,260
571382,571634,571643,9,252
571382,571643,571644,1,261
571382,571643,571645,2,261
571382,571641,571644,3,259
571382,571642,571644,2,260
571382,571643,571645,2,261
571382,571642,571644,2,260
571382,571643,571645,2,261
571382,571642,571644,2,260
571382,571643,571645,2,261
571382,571632,571644,12,250
571382,571643,571645,2,261
571382,571643,571645,2,261
571382,571643,571645,2,261
571382,571644,571646,2,262
571382,571644,571646,2,262
571382,571645,571646,1,263
571382,571645,571646,1,263
571382,571644,571646,2,262
571382,571644,571646,2,262
571382,571644,571646,2,262
571382,571645,571646,1,263
571382,571644,571646,2,262
571382,571645,571649,4,263
571382,571647,571651,4,265
571382,571647,571651,4,265
571382,571647,571651,4,265
571382,571647,571652,5,265
571382,571647,571652,5,265
571382,571645,571654,9,263
571382,571647,571654,7,265
571382,571646,571655,9,264
571382,571645,571655,10,263
571382,571646,571656,10,264
571382,571649,571656,7,267
571382,571645,571656,11,263
571382,571645,571656,11,263
571382,571645,571657,12,263
571382,571645,571657,12,263
571382,571646,571656,10,264
571382,571647,571656,9,265
571382,571646,571658,12,264
571382,571645,571657,12,263
571382,571647,571657,10,265
571382,571651,571658,7,269
571382,571652,571660,8,270
571382,571651,571660,9,269
571382,571652,571661,9,270
571382,571653,571660,7,271
571382,571657,571662,5,275
571382,571658,571662,4,276
571382,571654,571661,7,272
571382,571658,571662,4,276
571382,571655,571661,6,273
571382,571657,571661,4,275
571382,571656,571663,7,274
571382,571656,571663,7,274
571382,571654,571662,8,272
571382,571657,571663,6,275
571382,571658,571663,5,276
571382,571656,571664,8,274
571382,571658,571663,5,276
571382,571657,571664,7,275
571382,571660,571664,4,278
571382,571660,571664,4,278
571382,571656,571664,8,274
571382,571663,571665,2,281
571382,571662,571665,3,280
571382,571662,571665,3,280
571382,571655,571664,9,273
571382,571663,571666,3,281
571382,571661,571666,5,279
571382,571662,571665,3,280
571382,571664,571666,2,282
571382,571664,571666,2,282
571382,571663,571665,2,281
571382,571663,571665,2,281
571382,571664,571666,2,282
571382,571665,571667,2,283
571382,571662,571667,5,280
571382,571661,571666,5,279
571382,571664,571666,2,282
571382,571662,571666,4,280
571383,571666,571667,1,283
571382,571664,571666,2,282
571382,571662,571666,4,280
571382,571664,571666,2,282
571382,571665,571668,3,283
571382,571665,571667,2,283
571383,571666,571667,1,283
571383,571666,571668,2,283
571382,571665,571668,3,283
571383,571667,571669,2,284
571383,571667,571669,2,284
571383,571666,571669,3,283
571383,571666,571668,2,283
571383,571666,571668,2,283
571383,571666,571669,3,283
571383,571667,571670,3,284
571383,571667,571672,5,284
571383,571667,571674,7,284
571383,571669,571674,5,286
571383,571670,571674,4,287
571383,571670,571675,5,287
571383,571667,571675,8,284
571383,571667,571676,9,284
571383,571669,571676,7,286
571383,571669,571675,6,286
571383,571668,571677,9,285
571383,571667,571677,10,284
571383,571668,571676,8,285
571383,571668,571677,9,285
571383,571672,571677,5,289
571383,571668,571676,8,285
571383,571669,571677,8,286
571383,571667,571677,10,284
571383,571669,571678,9,286
571383,571667,571678,11,284
571383,571668,571680,12,285
571383,571678,571682,4,295
571383,571675,571682,7,292
571383,571678,571682,4,295
571383,571674,571682,8,291
571383,571675,571683,8,292
571383,571679,571683,4,296
571383,571676,571682,6,293
571383,571677,571683,6,294
571383,571678,571684,6,295
571383,571677,571684,7,294
571383,571677,571684,7,294
571383,571676,571683,7,293
571383,571677,571683,6,294
571383,571677,571683,6,294
571383,571674,571685,11,291
571383,571676,571684,8,293
571383,571677,571685,8,294
571383,571674,571685,11,291
571383,571682,571686,4,299
571383,571680,571686,6,297
571383,571682,571686,4,299
571383,571683,571687,4,300
571383,571682,571687,5,299
571383,571685,571687,2,302
571383,571683,571688,5,300
571383,571685,571687,2,302
571383,571683,571688,5,300
571383,571683,571687,4,300
571383,571685,571687,2,302
571383,571683,571688,5,300
571383,571684,571687,3,301
571383,571686,571688,2,303
571383,571685,571687,2,302
571383,571685,571687,2,302
571383,571684,571688,4,301
571383,571684,571689,5,301
571383,571684,571688,4,301
571383,571684,571688,4,301
571383,571687,571690,3,304
571383,571687,571690,3,304
571550,571688,571690,2,138
571383,571686,571689,3,303
571383,571687,571689,2,304
571383,571687,571690,3,304
571550,571688,571691,3,138
571550,571688,571690,2,138
571550,571689,571691,2,139
571383,571688,571690,2,305
571383,571688,571690,2,305
571550,571688,571691,3,138
571550,571689,571692,3,139
571550,571689,571692,3,139
571550,571688,571692,4,138
571550,571689,571692,3,139
571550,571690,571693,3,140
571550,571693,571697,4,143
571550,571690,571697,7,140
571550,571694,571698,4,144
571550,571691,571700,9,141
571550,571693,571700,7,143
571550,571690,571700,10,140
571550,571690,571701,11,140
571550,571692,571701,9,142
571550,571691,571700,9,141
571550,571691,571700,9,141
571550,571691,571702,11,141
571550,571697,571701,4,147
571550,571692,571702,10,142
571550,571692,571702,10,142
571550,571692,571703,11,142
571243,571365,571702,337,122
571550,571690,571703,13,140
571550,571692,571704,12,142
571550,571697,571703,6,147
571550,571698,571703,5,148
571550,571700,571707,7,150
571550,571700,571707,7,150
571550,571701,571708,7,151
571550,571701,571709,8,151
571550,571701,571709,8,151
571550,571700,571709,9,150
571550,571705,571710,5,155
571550,571702,571710,8,152
571550,571701,571710,9,151
571550,571704,571710,6,154
571550,571702,571711,9,152
571550,571702,571711,9,152
571550,571708,571711,3,158
571550,571702,571712,10,152
571550,571704,571712,8,154
571550,571709,571712,3,159
571550,571707,571712,5,157
571550,571703,571712,9,153
571550,571709,571712,3,159
571550,571703,571714,11,153
571550,571703,571714,11,153
571550,571710,571714,4,160
571550,571710,571715,5,160
571550,571709,571715,6,159
571550,571711,571714,3,161
571550,571712,571715,3,162
571550,571714,571716,2,164
571550,571711,571716,5,161
571550,571712,571716,4,162
571550,571710,571715,5,160
571550,571711,571715,4,161
571550,571713,571716,3,163
571550,571711,571715,4,161
571550,571710,571715,5,160
571550,571712,571715,3,162
571550,571713,571716,3,163
571550,571714,571717,3,164
571550,571714,571717,3,164
571550,571715,571717,2,165
571550,571715,571716,1,165
571550,571714,571717,3,164
571550,571715,571716,1,165
571552,571716,571719,3,164
571550,571716,571718,2,166
571552,571717,571719,2,165
571550,571716,571719,3,166
571550,571715,571718,3,165
571552,571716,571719,3,164
571550,571716,571719,3,166
571552,571717,571720,3,165
571552,571716,571719,3,164
571552,571717,571719,2,165
571552,571717,571719,2,165
571552,571717,571719,2,165
571552,571717,571719,2,165
571552,571717,571719,2,165
571552,571717,571724,7,165
571552,571721,571724,3,169
571552,571720,571725,5,168
571286,571383,571727,344,97
571552,571720,571727,7,168
571552,571719,571728,9,167
571552,571718,571727,9,166
571552,571724,571728,4,172
571552,571719,571728,9,167
571552,571724,571728,4,172
571552,571720,571729,9,168
571552,571720,571730,10,168
571552,571725,571730,5,173
571552,571719,571729,10,167
571552,571720,571730,10,168
571552,571719,571731,12,167
571552,571719,571731,12,167
571552,571719,571731,12,167
571552,571720,571730,10,168
571552,571720,571731,11,168
571552,571727,571736,9,175
571552,571729,571736,7,177
571552,571730,571737,7,178
571552,571731,571737,6,179
571552,571731,571736,5,179
571552,571729,571737,8,177
571552,571728,571737,9,176
571552,571730,571738,8,178
571552,571727,571738,11,175
571552,571731,571737,6,179
571552,571729,571739,10,177
571552,571728,571738,10,176
571552,571730,571739,9,178
571552,571730,571738,8,178
571552,571736,571740,4,184
571552,571737,571739,2,185
571552,571731,571739,8,179
571552,571731,571739,8,179
571552,571736,571741,5,184
571552,571737,571741,4,185
571552,571728,571740,12,176
571552,571740,571742,2,188
571552,571737,571741,4,185
571552,571737,571742,5,185
571552,571740,571743,3,188
571552,571739,571742,3,187
571552,571740,571743,3,188
571552,571738,571743,5,186
571552,571741,571743,2,189
571552,571737,571743,6,185
571552,571739,571743,4,187
571552,571738,571743,5,186
571552,571739,571744,5,187
571552,571739,571744,5,187
571552,571738,571743,5,186
571552,571740,571743,3,188
571552,571743,571745,2,191
571552,571742,571744,2,190
571552,571743,571744,1,191
571552,571743,571745,2,191
571552,571741,571744,3,189
571552,571741,571744,3,189
571552,571742,571745,3,190
571590,571743,571746,3,153
571590,571743,571746,3,153
571552,571742,571745,3,190
571552,571743,571745,2,191
571552,571743,571745,2,191
571590,571745,571747,2,155
571590,571745,571747,2,155
571590,571744,571746,2,154
571590,571744,571746,2,154
571590,571744,571747,3,154
571590,571744,571747,3,154
571590,571745,571747,2,155
571590,571745,571747,2,155
571590,571748,571752,4,158
571590,571748,571753,5,158
571590,571745,571756,11,155
571590,571747,571756,9,157
571590,571747,571756,9,157
571590,571748,571756,8,158
571590,571746,571756,10,156
571590,571747,571756,9,157
571590,571746,571757,11,156
571590,571747,571756,9,157
571590,571746,571757,11,156
571590,571753,571756,3,163
571590,571747,571758,11,157
571590,571746,571758,12,156
571590,571746,571757,11,156
571590,571754,571758,4,164
571590,571746,571759,13,156
571590,571745,571758,13,155
571590,571756,571763,7,166
571590,571758,571763,5,168
571590,571759,571763,4,169
571590,571759,571764,5,169
571590,571756,571764,8,166
571590,571756,571764,8,166
571590,571757,571765,8,167
571590,571757,571765,8,167
571590,571756,571765,9,166
571590,571756,571766,10,166
571590,571756,571766,10,166
571590,571757,571765,8,167
571590,571758,571766,8,168
571590,571763,571767,4,173
571590,571757,571767,10,167
571590,571758,571766,8,168
571590,571758,571766,8,168
571590,571763,571767,4,173
571590,571764,571767,3,174
571590,571765,571768,3,175
571590,571764,571768,4,174
571336,571404,571769,365,68
571590,571764,571769,5,174
571590,571765,571769,4,175
571590,571766,571770,4,176
571590,571767,571770,3,177
571590,571768,571770,2,178
571590,571769,571771,2,179
571590,571766,571771,5,176
571590,571766,571771,5,176
571590,571766,571770,4,176
571590,571767,571770,3,177
571590,571768,571770,2,178
571590,571768,571772,4,178
571590,571767,571772,5,177
571590,571767,571771,4,177
571590,571767,571771,4,177
571590,571768,571772,4,178
571590,571766,571771,5,176
571590,571769,571771,2,179
571590,571770,571771,1,180
571590,571770,571772,2,180
571590,571770,571772,2,180
571590,571770,571772,2,180
571590,571771,571774,3,181
571603,571772,571774,2,169
571590,571771,571774,3,181
571590,571771,571774,3,181
571590,571771,571774,3,181
571603,571773,571774,1,170
571603,571772,571775,3,169
571603,571772,571774,2,169
571603,571772,571774,2,169
571603,571772,571776,4,169
571603,571773,571776,3,170
571603,571773,571775,2,170
571603,571773,571776,3,170
571603,571772,571775,3,169
571337,571425,571777,352,88
571603,571773,571779,6,170
571603,571776,571780,4,173
571603,571776,571781,5,173
571603,571777,571782,5,174
571603,571774,571783,9,171
571603,571773,571784,11,170
571603,571774,571784,10,171
571603,571779,571784,5,176
571603,571775,571784,9,172
571603,571776,571784,8,173
571603,571774,571785,11,171
571603,571780,571784,4,177
571603,571774,571784,10,171
571603,571774,571785,11,171
571603,571775,571786,11,172
571603,571775,571786,11,172
571603,571774,571786,12,171
571603,571776,571786,10,173
571603,571776,571787,11,173
571603,571781,571787,6,178
571603,571782,571790,8,179
571603,571783,571790,7,180
571603,571784,571791,7,181
571603,571785,571792,7,182
571603,571786,571792,6,183
571603,571785,571792,7,182
571603,571785,571792,7,182
571603,571786,571793,7,183
571603,571784,571793,9,181
571603,571787,571793,6,184
571603,571784,571792,8,181
571603,571786,571793,7,183
571603,571786,571793,7,183
571603,571784,571793,9,181
571603,571787,571792,5,184
571603,571784,571794,10,181
571603,571788,571793,5,185
571603,571791,571794,3,188
571603,571791,571795,4,188
571603,571790,571794,4,187
571603,571792,571796,4,189
571603,571793,571796,3,190
571603,571794,571796,2,191
571603,571794,571796,2,191
571603,571793,571797,4,190
571603,571793,571797,4,190
571603,571794,571796,2,191
571603,571793,571797,4,190
571603,571793,571797,4,190
571603,571792,571797,5,189
571603,571795,571796,1,192
571603,571796,571798,2,193
571603,571792,571798,6,189
571603,571793,571797,4,190
571603,571793,571797,4,190
571603,571795,571798,3,192
571603,571793,571798,5,190
571603,571796,571798,2,193
571603,571792,571798,6,189
571603,571796,571799,3,193
571603,571797,571800,3,194
571603,571797,571799,2,194
571703,571797,571800,3,94
571703,571798,571799,1,95
571603,571796,571799,3,193
571603,571797,571800,3,194
571703,571798,571800,2,95
571703,571797,571799,2,94
571703,571798,571800,2,95
571603,571797,571799,2,194
571703,571798,571800,2,95
571703,571798,571801,3,95
571703,571798,571801,3,95
571703,571798,571800,2,95
571703,571799,571803,4,96
571703,571803,571807,4,100
571703,571802,571807,5,99
571703,571799,571808,9,96
571703,571801,571808,7,98
571338,571446,571809,363,108
571703,571800,571809,9,97
571703,571800,571809,9,97
571703,571800,571810,10,97
571703,571800,571809,9,97
571703,571800,571810,10,97
571703,571800,571810,10,97
571703,571801,571809,8,98
571703,571800,571809,9,97
571703,571800,571811,11,97
571703,571800,571810,10,97
571703,571800,571810,10,97
571703,571800,571813,13,97
571703,571807,571813,6,104
571703,571808,571814,6,105
571703,571809,571816,7,106
571703,571812,571816,4,109
571703,571808,571817,9,105
571703,571810,571817,7,107
571703,571811,571817,6,108
571703,571809,571817,8,106
571703,571813,571818,5,110
571703,571810,571818,8,107
571703,571810,571817,7,107
571703,571809,571819,10,106
571703,571813,571818,5,110
571703,571810,571819,9,107
571703,571810,571819,9,107
571703,571810,571820,10,107
571703,571808,571820,12,105
571703,571811,571820,9,108
571340,571467,571820,353,127
571703,571814,571819,5,111
571703,571816,571820,4,113
571703,571817,571820,3,114
571703,571818,571822,4,115
571703,571817,571822,5,114
571703,571816,571821,5,113
571703,571818,571822,4,115
571703,571817,571821,4,114
571703,571818,571822,4,115
571703,571820,571823,3,117
571703,571818,571823,5,115
571703,571819,571823,4,116
571703,571820,571822,2,117
571703,571819,571824,5,116
571703,571819,571824,5,116
571703,571820,571824,4,117
571703,571820,571824,4,117
571703,571822,571824,2,119
571703,571820,571823,3,117
571703,571823,571825,2,120
571703,571820,571824,4,117
571703,571822,571825,3,119
571703,571822,571824,2,119
571703,571822,571825,3,119
571703,571822,571824,2,119
571703,571819,571824,5,116
571703,571820,571824,4,117
571703,571823,571825,2,120
571730,571824,571826,2,94
571730,571824,571826,2,94
571703,571823,571826,3,120
571703,571822,571825,3,119
571730,571824,571826,2,94
571730,571824,571826,2,94
571703,571823,571826,3,120
571730,571825,571826,1,95
571730,571825,571828,3,95
571730,571824,571827,3,94
571730,571825,571828,3,95
571730,571825,571829,4,95
571730,571825,571832,7,95
571730,571829,571834,5,99
571730,571826,571836,10,96
571730,571826,571836,10,96
571730,571826,571836,10,96
571730,571827,571836,9,97
571730,571826,571836,10,96
571730,571826,571836,10,96
571730,571826,571836,10,96
571730,571827,571837,10,97
571730,571826,571838,12,96
571730,571826,571837,11,96
571730,571828,571838,10,98
571730,571829,571837,8,99
571730,571825,571838,13,95
571730,571832,571837,5,102
571730,571828,571838,10,98
571730,571825,571838,13,95
571730,571834,571842,8,104
571730,571838,571843,5,108
571730,571836,571843,7,106
571730,571839,571844,5,109
571730,571836,571844,8,106
571730,571839,571844,5,109
571730,571836,571845,9,106
571730,571836,571845,9,106
571730,571838,571844,6,108
571730,571836,571845,9,106
571730,571838,571845,7,108
571730,571836,571846,10,106
571730,571838,571846,8,108
571730,571837,571845,8,107
571730,571843,571846,3,113
571730,571837,571847,10,107
571730,571838,571846,8,108
571730,571844,571847,3,114
571730,571838,571846,8,108
571730,571843,571848,5,113
571730,571842,571848,6,112
571730,571844,571848,4,114
571730,571845,571848,3,115
571730,571845,571849,4,115
571730,571844,571849,5,114
571730,571845,571848,3,115
571730,571846,571849,3,116
571730,571846,571850,4,116
571730,571846,571850,4,116
571730,571845,571849,4,115
571730,571847,571851,4,117
571730,571846,571851,5,116
571730,571847,571851,4,117
571730,571847,571851,4,117
571730,571848,571852,4,118
571730,571849,571851,2,119
571730,571849,571851,2,119
571730,571846,571852,6,116
571730,571848,571851,3,118
571730,571849,571852,3,119
571730,571848,571851,3,118
571730,571850,571853,3,120
571730,571847,571852,5,117
571730,571849,571852,3,119
571730,571850,571852,2,120
571730,571851,571852,1,121
571730,571850,571852,2,120
571769,571851,571853,2,82
571730,571850,571853,3,120
571769,571851,571853,2,82
571769,571852,571855,3,83
571769,571852,571855,3,83
571769,571852,571855,3,83
571769,571852,571856,4,83
571769,571852,571855,3,83
571769,571852,571855,3,83
571769,571852,571856,4,83
571769,571853,571859,6,84
571381,571621,571861,240,240
571769,571853,571863,10,84
571769,571853,571863,10,84
571769,571853,571864,11,84
571769,571856,571865,9,87
571769,571856,571865,9,87
571769,571855,571866,11,86
571769,571856,571866,10,87
571769,571854,571866,12,85
571769,571855,571865,10,86
571769,571854,571867,13,85
571769,571854,571866,12,85
571769,571853,571867,14,84
571769,571856,571867,11,87
571769,571856,571867,11,87
571769,571853,571867,14,84
571769,571863,571870,7,94
571769,571864,571871,7,95
571769,571860,571871,11,91
571769,571863,571872,9,94
571769,571867,571873,6,98
571769,571861,571872,11,92
571769,571868,571873,5,99
571769,571868,571873,5,99
571769,571870,571874,4,101
571769,571871,571875,4,102
571769,571867,571875,8,98
571769,571867,571875,8,98
571769,571865,571875,10,96
571769,571872,571875,3,103
571769,571873,571876,3,104
571769,571866,571876,10,97
571769,571867,571876,9,98
571769,571874,571875,1,105
571769,571873,571876,3,104
571769,571866,571876,10,97
571769,571873,571876,3,104
571769,571866,571877,11,97
571769,571866,571876,10,97
571769,571875,571876,1,106
571769,571866,571876,10,97
571769,571871,571876,5,102
571769,571873,571876,3,104
571769,571875,571878,3,106
571769,571875,571878,3,106
571769,571875,571878,3,106
571769,571876,571879,3,107
571769,571876,571880,4,107
571769,571877,571880,3,108
571769,571876,571880,4,107
571769,571876,571880,4,107
571769,571876,571880,4,107
571769,571876,571879,3,107
571769,571876,571880,4,107
571769,571876,571880,4,107
571769,571877,571880,3,108
571769,571877,571881,4,108
571769,571877,571881,4,108
571769,571878,571882,4,109
571769,571879,571881,2,110
571769,571880,571882,2,111
571769,571877,571881,4,108
571769,571878,571881,3,109
571769,571878,571881,3,109
571785,571880,571882,2,95
571769,571878,571881,3,109
571785,571881,571883,2,96
571769,571880,571882,2,111
571785,571880,571882,2,95
571785,571881,571883,2,96
571785,571880,571883,3,95
571785,571882,571885,3,97
571785,571881,571885,4,96
571785,571881,571884,3,96
571785,571882,571888,6,97
571785,571882,571888,6,97
571785,571882,571893,11,97
571785,571882,571892,10,97
571785,571882,571894,12,97
571785,571882,571894,12,97
571785,571883,571893,10,98
571785,571882,571895,13,97
571785,571886,571894,8,101
571785,571884,571896,12,99
571785,571885,571896,11,100
571359,571555,571895,340,196
571785,571882,571895,13,97
571785,571883,571895,12,98
571785,571884,571896,12,99
571785,571884,571897,13,99
571785,571885,571897,12,100
571785,571888,571899,11,103
571785,571888,571900,12,103
571785,571897,571901,4,112
571785,571893,571901,8,108
571785,571899,571902,3,114
571785,571897,571902,5,112
571785,571894,571902,8,109
571785,571894,571903,9,109
571785,571899,571903,4,114
571785,571902,571904,2,117
571785,571902,571904,2,117
571785,571895,571904,9,110
571785,571893,571903,10,108
571785,571894,571903,9,109
571785,571902,571903,1,117
571785,571896,571905,9,111
571785,571895,571905,10,110
571785,571901,571905,4,116
571785,571902,571904,2,117
571785,571900,571904,4,115
571785,571904,571906,2,119
571785,571904,571906,2,119
571785,571904,571906,2,119
571785,571904,571906,2,119
571785,571904,571905,1,119
571785,571896,571906,10,111
571785,571896,571907,11,111
571785,571903,571906,3,118
571785,571904,571906,2,119
571785,571896,571908,12,111
571785,571904,571907,3,119
571785,571905,571907,2,120
571785,571905,571908,3,120
571785,571905,571907,2,120
571785,571906,571908,2,121
571785,571896,571909,13,111
571785,571906,571909,3,121
571785,571906,571909,3,121
571785,571905,571909,4,120
571785,571905,571910,5,120
571785,571907,571910,3,122
571785,571907,571910,3,122
571785,571906,571909,3,121
571811,571909,571910,1,98
571785,571908,571911,3,123
571811,571909,571911,2,98
571785,571906,571910,4,121
571785,571907,571910,3,122
571785,571908,571911,3,123
571785,571908,571911,3,123
571785,571908,571911,3,123
571785,571908,571911,3,123
571785,571908,571911,3,123
571811,571909,571912,3,98
571811,571909,571911,2,98
571811,571910,571913,3,99
571811,571910,571913,3,99
571811,571910,571913,3,99
571811,571911,571914,3,100
571811,571910,571914,4,99
571811,571911,571918,7,100
571811,571911,571921,10,100
571811,571911,571923,12,100
571811,571911,571923,12,100
571811,571911,571923,12,100
571811,571912,571923,11,101
571811,571912,571924,12,101
571811,571911,571924,13,100
571811,571914,571924,10,103
571811,571912,571924,12,101
571811,571915,571926,11,104
571811,571912,571926,14,101
571811,571912,571926,14,101
571811,571913,571925,12,102
571811,571913,571927,14,102
571811,571913,571928,15,102
571360,571575,571930,355,215
571811,571921,571930,9,110
571811,571918,571930,12,107
571811,571930,571932,2,119
571811,571930,571933,3,119
571811,571928,571933,5,117
571811,571924,571933,9,113
571811,571923,571934,11,112
571811,571923,571934,11,112
571811,571927,571935,8,116
571811,571933,571935,2,122
571811,571933,571935,2,122
571811,571923,571935,12,112
571811,571926,571935,9,115
571811,571924,571935,11,113
571811,571931,571934,3,120
571811,571926,571936,10,115
571811,571924,571936,12,113
571811,571923,571936,13,112
571811,571932,571935,3,121
571811,571935,571936,1,124
571811,571926,571936,10,115
571811,571933,571937,4,122
571811,571935,571937,2,124
571811,571926,571937,11,115
571811,571934,571936,2,123
571811,571925,571937,12,114
571811,571935,571938,3,124
571811,571934,571937,3,123
571811,571935,571938,3,124
571811,571936,571937,1,125
571386,571688,571937,249,302
571811,571935,571937,2,124
571811,571935,571937,2,124
571811,571935,571937,2,124
571811,571937,571939,2,126
571811,571937,571938,1,126
571811,571936,571938,2,125
571811,571937,571940,3,126
571811,571938,571940,2,127
571811,571936,571939,3,125
571811,571936,571939,3,125
571811,571937,571940,3,126
571811,571937,571941,4,126
571811,571938,571940,2,127
571811,571938,571941,3,127
571811,571938,571941,3,127
571811,571938,571941,3,127
571811,571939,571942,3,128
571811,571937,571941,4,126
571811,571937,571941,4,126
571811,571938,571941,3,127
571820,571939,571941,2,119
571820,571939,571941,2,119
571820,571940,571943,3,120
571365,571576,571943,367,211
571820,571940,571942,2,120
571820,571940,571942,2,120
571820,571940,571944,4,120
571820,571940,571943,3,120
571362,571575,571944,369,213
571820,571941,571945,4,121
571820,571940,571945,5,120
571820,571941,571947,6,121
571363,571575,571949,374,212
571820,571942,571951,9,122
571384,571688,571952,264,304
571820,571941,571952,11,121
571820,571942,571953,11,122
571820,571943,571953,10,123
571820,571942,571953,11,122
571820,571942,571953,11,122
571820,571942,571954,12,122
571820,571942,571954,12,122
571820,571947,571955,8,127
571820,571943,571955,12,123
571820,571954,571956,2,134
571820,571942,571956,14,122
571385,571688,571956,268,303
571820,571944,571956,12,124
571820,571943,571955,12,123
571820,571954,571956,2,134
571820,571944,571956,12,124
571820,571942,571956,14,122
571820,571946,571957,11,126
571820,571945,571957,12,125
571820,571955,571957,2,135
571820,571953,571957,4,133
571820,571949,571957,8,129
571820,571943,571956,13,123
571820,571953,571957,4,133
571820,571953,571957,4,133
571820,571956,571958,2,136
571820,571956,571958,2,136
571820,571944,571958,14,124
571820,571956,571959,3,136
571820,571957,571959,2,137
571820,571956,571959,3,136
571820,571953,571959,6,133
571820,571956,571958,2,136
571820,571957,571958,1,137
571820,571958,571959,1,138
571820,571956,571958,2,136
571820,571956,571958,2,136
571820,571956,571958,2,136
571820,571957,571960,3,137
571820,571957,571959,2,137
571820,571957,571959,2,137
571820,571957,571959,2,137
571820,571951,571959,8,131
571820,571952,571959,7,132
571820,571958,571959,1,138
571820,571953,571959,6,133
571820,571959,571961,2,139
571820,571958,571961,3,138
571820,571957,571960,3,137
571820,571957,571960,3,137
571820,571959,571960,1,139
571820,571958,571961,3,138
571820,571959,571962,3,139
571820,571959,571961,2,139
571820,571959,571961,2,139
571820,571959,571961,2,139
571820,571960,571963,3,140
571820,571960,571963,3,140
571820,571960,571963,3,140
571820,571960,571962,2,140
571820,571960,571962,2,140
571865,571961,571963,2,96
571820,571959,571962,3,139
571820,571959,571962,3,139
571865,571961,571962,1,96
571865,571961,571964,3,96
571865,571961,571964,3,96
571820,571960,571963,3,140
571820,571960,571964,4,140
571865,571961,571963,2,96
571865,571961,571963,2,96
571865,571961,571963,2,96
571865,571962,571965,3,97
571865,571962,571966,4,97
571865,571962,571969,7,97
571865,571962,571971,9,97
571865,571964,571971,7,99
571865,571965,571971,6,100
571865,571965,571973,8,100
571865,571964,571973,9,99
571865,571964,571973,9,99
571865,571963,571973,10,98
571865,571964,571973,9,99
571865,571964,571974,10,99
571865,571963,571974,11,98
571865,571966,571974,8,101
571865,571972,571975,3,107
571865,571963,571975,12,98
571865,571971,571974,3,106
571865,571973,571975,2,108
571865,571971,571976,5,106
571865,571963,571976,13,98
571865,571964,571975,11,99
571865,571963,571975,12,98
571865,571969,571975,6,104
571865,571964,571975,11,99
571865,571964,571975,11,99
571865,571974,571975,1,109
571865,571963,571975,12,98
571865,571964,571975,11,99
571865,571974,571975,1,109
571865,571973,571975,2,108
571865,571974,571976,2,109
571865,571963,571976,13,98
571865,571974,571976,2,109
571865,571974,571976,2,109
571865,571975,571977,2,110
571865,571975,571977,2,110
571865,571975,571976,1,110
571865,571974,571976,2,109
571865,571976,571977,1,111
571865,571976,571978,2,111
571865,571976,571977,1,111
571865,571976,571978,2,111
571865,571976,571978,2,111
571865,571976,571977,1,111
571865,571976,571979,3,111
571865,571976,571978,2,111
571865,571976,571978,2,111
571865,571977,571979,2,112
571865,571976,571979,3,111
571865,571976,571978,2,111
571865,571977,571979,2,112
571865,571977,571979,2,112
571865,571975,571978,3,110
571865,571977,571980,3,112
571865,571977,571979,2,112
571865,571976,571980,4,111
571865,571978,571979,1,113
571865,571978,571979,1,113
571865,571978,571979,1,113
571865,571977,571979,2,112
571865,571977,571979,2,112
571865,571978,571981,3,113
571865,571977,571980,3,112
571865,571979,571981,2,114
571865,571979,571980,1,114
571865,571978,571980,2,113
571897,571980,571982,2,83
571897,571979,571982,3,82
571897,571979,571982,3,82
571865,571979,571981,2,114
571865,571979,571981,2,114
571897,571979,571982,3,82
571897,571979,571983,4,82
571897,571979,571982,3,82
571897,571980,571984,4,83
571897,571980,571984,4,83
571897,571980,571985,5,83
571897,571980,571986,6,83
571897,571981,571991,10,84
571897,571980,571991,11,83
571897,571980,571992,12,83
571897,571981,571993,12,84
571897,571984,571993,9,87
571897,571980,571993,13,83
571897,571981,571993,12,84
571897,571982,571992,10,85
571897,571986,571993,7,89
571897,571982,571994,12,85
571897,571981,571993,12,84
571897,571982,571994,12,85
571897,571981,571995,14,84
571897,571982,571995,13,85
571897,571983,571994,11,86
571897,571983,571995,12,86
571897,571993,571995,2,96
571897,571982,571994,12,85
571897,571984,571994,10,87
571897,571994,571996,2,97
571897,571985,571995,10,88
571897,571994,571996,2,97
571897,571982,571995,13,85
571897,571994,571996,2,97
571897,571994,571997,3,97
571897,571995,571997,2,98
571897,571995,571997,2,98
571897,571995,571996,1,98
571897,571993,571996,3,96
571897,571995,571997,2,98
571897,571993,571998,5,96
571897,571991,571998,7,94
571897,571995,571998,3,98
571897,571996,571998,2,99
571897,571991,571997,6,94
571897,571993,571998,5,96
571897,571996,571997,1,99
571897,571995,571997,2,98
571897,571993,571999,6,96
571897,571992,571999,7,95
571897,571996,571998,2,99
571897,571997,571999,2,100
571897,571996,571998,2,99
571897,571998,572000,2,101
571897,571997,571999,2,100
571897,571997,571999,2,100
571897,571998,572000,2,101
571897,571997,571999,2,100
571897,571996,572000,4,99
571897,571998,572000,2,101
571897,571997,571999,2,100
571897,571998,571999,1,101
571897,571997,572001,4,100
571897,571998,572000,2,101
571897,571998,572000,2,101
571897,571997,572000,3,100
571897,572000,572002,2,103
571897,571999,572002,3,102
571897,571998,572002,4,101
571897,571999,572001,2,102
571897,571998,572001,3,101
571897,571999,572002,3,102
571930,572000,572003,3,70
571897,571999,572003,4,102
571897,572000,572003,3,103
571897,571999,572003,4,102
571930,572000,572003,3,70
571930,572000,572004,4,70
571930,572000,572003,3,70
571930,572001,572004,3,71
571930,572000,572003,3,70
571930,572001,572005,4,71
571930,572001,572005,4,71
571930,572000,572004,4,70
571930,572002,572012,10,72
571930,572002,572013,11,72
571930,572003,572013,10,73
571930,572002,572014,12,72
571930,572002,572014,12,72
571930,572002,572014,12,72
571930,572005,572013,8,75
571930,572002,572014,12,72
571930,572004,572015,11,74
571930,572004,572014,10,74
571930,572005,572015,10,75
571930,572004,572014,10,74
571930,572003,572016,13,73
571930,572004,572016,12,74
571930,572005,572016,11,75
571930,572003,572015,12,73
571930,572001,572015,14,71
571930,572004,572016,12,74
571930,572015,572017,2,85
571930,572015,572017,2,85
571930,572015,572018,3,85
571930,572003,572018,15,73
571930,572016,572018,2,86
571930,572015,572017,2,85
571930,572016,572018,2,86
571930,572016,572018,2,86
571930,572017,572018,1,87
571930,572017,572018,1,87
571930,572016,572018,2,86
571930,572015,572018,3,85
571930,572016,572019,3,86
571930,572013,572020,7,83
571930,572012,572020,8,82
571930,572018,572020,2,88
571930,572018,572020,2,88
571930,572016,572019,3,86
571930,572018,572020,2,88
571930,572014,572021,7,84
571930,572013,572021,8,83
571930,572019,572021,2,89
571930,572014,572020,6,84
571930,572019,572021,2,89
571930,572014,572021,7,84
571930,572018,572020,2,88
571930,572019,572021,2,89
571930,572014,572022,8,84
571930,572019,572021,2,89
571930,572018,572021,3,88
571930,572019,572022,3,89
571930,572019,572022,3,89
571930,572020,572021,1,90
571930,572020,572021,1,90
571930,572020,572022,2,90
571930,572020,572023,3,90
571930,572021,572023,2,91
571930,572020,572023,3,90
571930,572021,572023,2,91
571930,572020,572022,2,90
571939,572022,572024,2,83
571930,572021,572023,2,91
571930,572021,572023,2,91
571939,572022,572024,2,83
571930,572021,572024,3,91
571930,572022,572024,2,92
571930,572021,572023,2,91
571930,572022,572025,3,92
571930,572021,572025,4,91
571930,572021,572024,3,91
571939,572022,572025,3,83
571939,572022,572025,3,83
571939,572023,572026,3,84
571939,572022,572025,3,83
571939,572023,572025,2,84
571939,572023,572026,3,84
571939,572023,572026,3,84
571939,572023,572029,6,84
571939,572026,572033,7,87
571939,572024,572033,9,85
571939,572026,572034,8,87
571382,571665,572034,369,283
571939,572026,572034,8,87
571939,572024,572034,10,85
571939,572024,572034,10,85
571939,572024,572033,9,85
571939,572029,572035,6,90
571939,572026,572035,9,87
571939,572026,572036,10,87
571939,572024,572037,13,85
571939,572025,572037,12,86
571939,572033,572037,4,94
571939,572034,572037,3,95
571939,572024,572036,12,85
571939,572025,572037,12,86
571939,572033,572038,5,94
571939,572034,572037,3,95
571939,572025,572037,12,86
571939,572025,572037,12,86
571939,572036,572039,3,97
571939,572035,572038,3,96
571939,572035,572038,3,96
571939,572034,572038,4,95
571939,572034,572038,4,95
571939,572035,572039,4,96
571939,572035,572038,3,96
571939,572037,572040,3,98
571939,572025,572039,14,86
571939,572038,572040,2,99
571939,572038,572040,2,99
571939,572024,572040,16,85
571939,572037,572040,3,98
571939,572037,572039,2,98
571939,572038,572039,1,99
571939,572038,572039,1,99
571939,572037,572039,2,98
571939,572039,572041,2,100
571939,572038,572040,2,99
571939,572038,572040,2,99
571939,572039,572042,3,100
571939,572040,572042,2,101
571939,572040,572042,2,101
571939,572039,572042,3,100
571939,572040,572042,2,101
571939,572039,572041,2,100
571939,572040,572042,2,101
571939,572039,572042,3,100
571939,572039,572041,2,100
571939,572040,572043,3,101
571939,572040,572043,3,101
571939,572039,572042,3,100
571939,572040,572042,2,101
571939,572040,572042,2,101
571939,572041,572042,1,102
571939,572040,572042,2,101
571939,572040,572042,2,101
571939,572042,572044,2,103
571939,572042,572044,2,103
571939,572042,572043,1,103
571939,572042,572043,1,103
571939,572042,572045,3,103
571939,572041,572044,3,102
571939,572041,572044,3,102
571939,572042,572044,2,103
571954,572043,572045,2,89
571954,572043,572045,2,89
571954,572043,572046,3,89
571954,572043,572046,3,89
571954,572043,572045,2,89
571954,572043,572046,3,89
571954,572043,572046,3,89
571954,572043,572046,3,89
571954,572042,572046,4,88
571590,571772,572048,276,182
571954,572043,572050,7,89
571954,572044,572054,10,90
571954,572044,572055,11,90
571954,572048,572055,7,94
571954,572045,572056,11,91
571954,572046,572055,9,92
571954,572044,572055,11,90
571954,572044,572056,12,90
571954,572045,572057,12,91
571954,572047,572057,10,93
571954,572045,572057,12,91
571954,572045,572057,12,91
571954,572047,572057,10,93
571954,572046,572056,10,92
571954,572050,572058,8,96
571954,572046,572058,12,92
571954,572046,572057,11,92
571954,572045,572059,14,91
571954,572056,572059,3,102
571954,572057,572059,2,103
571954,572057,572059,2,103
571954,572057,572059,2,103
571954,572046,572058,12,92
571954,572056,572058,2,102
571954,572057,572058,1,103
571954,572057,572060,3,103
571954,572047,572059,12,93
571954,572057,572059,2,103
571954,572058,572060,2,104
571954,572058,572060,2,104
571954,572059,572061,2,105
571954,572056,572061,5,102
571954,572059,572061,2,105
571954,572059,572062,3,105
571954,572058,572061,3,104
571954,572055,572062,7,101
571954,572056,572061,5,102
571954,572055,572062,7,101
571954,572060,572061,1,106
571954,572060,572061,1,106
571954,572060,572062,2,106
571954,572059,572061,2,105
571954,572059,572062,3,105
571954,572060,572063,3,106
571954,572054,572063,9,100
571954,572061,572063,2,107
571954,572061,572062,1,107
571954,572062,572063,1,108
571954,572060,572062,2,106
571954,572059,572062,3,105
571954,572061,572064,3,107
571954,572062,572063,1,108
571954,572062,572064,2,108
571954,572062,572064,2,108
571954,572061,572063,2,107
571954,572061,572063,2,107
571954,572062,572064,2,108
571954,572062,572065,3,108
571954,572062,572064,2,108
571954,572062,572064,2,108
571954,572063,572066,3,109
571954,572064,572065,1,110
571954,572064,572065,1,110
571954,572063,572066,3,109
571954,572063,572065,2,109
571954,572063,572065,2,109
571954,572063,572065,2,109
571954,572063,572065,2,109
571954,572064,572065,1,110
571954,572062,572066,4,108
571954,572064,572067,3,110
571954,572064,572067,3,110
571954,572064,572066,2,110
571954,572063,572066,3,109
571954,572064,572068,4,110
571954,572064,572070,6,110
571954,572065,572073,8,111
571954,572065,572074,9,111
571954,572067,572075,8,113
571954,572067,572075,8,113
571954,572067,572075,8,113
571954,572067,572076,9,113
571954,572066,572076,10,112
571954,572067,572076,9,113
571954,572068,572076,8,114
571954,572067,572077,10,113
571954,572066,572077,11,112
571954,572066,572076,10,112
571954,572065,572077,12,111
571954,572067,572077,10,113
571954,572076,572078,2,122
571954,572075,572078,3,121
571954,572066,572078,12,112
571954,572075,572078,3,121
571954,572067,572078,11,113
571954,572070,572078,8,116
571954,572076,572077,1,122
571954,572077,572078,1,123
571954,572078,572079,1,124
571954,572066,572079,13,112
571954,572066,572078,12,112
571954,572076,572078,2,122
571954,572076,572078,2,122
571954,572077,572079,2,123
571954,572074,572080,6,120
571954,572077,572079,2,123
571954,572077,572080,3,123
571954,572075,572079,4,121
571954,572078,572080,2,124
571954,572078,572080,2,124
571954,572078,572079,1,124
571954,572079,572080,1,125
571954,572079,572080,1,125
571954,572078,572081,3,124
571954,572078,572080,2,124
571954,572079,572081,2,125
571954,572078,572081,3,124
571954,572073,572080,7,119
571954,572079,572080,1,125
571954,572079,572082,3,125
571954,572080,572082,2,126
571954,572079,572081,2,125
571954,572080,572082,2,126
571954,572080,572081,1,126
571954,572080,572081,1,126
571954,572081,572082,1,127
571954,572079,572081,2,125
571954,572080,572081,1,126
571954,572080,572081,1,126
571954,572079,572082,3,125
571954,572080,572082,2,126
571954,572081,572083,2,127
571954,572080,572082,2,126
571954,572081,572083,2,127
571954,572081,572083,2,127
571954,572081,572084,3,127
571954,572081,572083,2,127
571954,572083,572084,1,129
571954,572081,572084,3,127
571954,572082,572085,3,128
571954,572082,572085,3,128
571954,572082,572085,3,128
571954,572083,572084,1,129
571954,572082,572084,2,128
571954,572082,572084,2,128
571954,572082,572085,3,128
571954,572082,572085,3,128
571954,572082,572085,3,128
571954,572083,572086,3,129
571954,572083,572087,4,129
571954,572083,572090,7,129
571954,572083,572092,9,129
571551,571716,572093,377,165
571954,572086,572093,7,132
571954,572087,572093,6,133
571954,572086,572094,8,132
571954,572084,572094,10,130
571954,572087,572094,7,133
571954,572084,572095,11,130
571954,572084,572094,10,130
571954,572085,572095,10,131
571954,572086,572094,8,132
571954,572084,572096,12,130
571954,572085,572095,10,131
571954,572090,572096,6,136
571954,572086,572095,9,132
571954,572093,572097,4,139
571954,572095,572097,2,141
571954,572085,572096,11,131
571954,572095,572097,2,141
571954,572085,572097,12,131
571954,572093,572097,4,139
571954,572095,572097,2,141
571954,572085,572097,12,131
571954,572096,572098,2,142
571954,572086,572098,12,132
571954,572094,572098,4,140
571954,572094,572097,3,140
571954,572092,572097,5,138
571954,572094,572098,4,140
571954,572097,572098,1,143
571954,572097,572099,2,143
571954,572093,572099,6,139
571954,572084,572098,14,130
571954,572096,572099,3,142
571954,572097,572098,1,143
571954,572097,572098,1,143
571954,572096,572098,2,142
571954,572096,572098,2,142
571954,572097,572100,3,143
571954,572098,572099,1,144
571954,572099,572100,1,145
571954,572096,572099,3,142
571954,572097,572099,2,143
571954,572097,572100,3,143
571954,572098,572100,2,144
571954,572098,572099,1,144
571954,572099,572100,1,145
571954,572099,572100,1,145
571954,572097,572099,2,143
571954,572099,572101,2,145
571954,572098,572101,3,144
571954,572098,572101,3,144
571954,572099,572101,2,145
571954,572098,572100,2,144
571954,572099,572101,2,145
571954,572100,572102,2,146
571954,572100,572101,1,146
571954,572100,572102,2,146
571954,572099,572101,2,145
571954,572100,572102,2,146
571954,572099,572101,2,145
571954,572099,572101,2,145
571955,572101,572102,1,146
571954,572100,572103,3,146
571955,572100,572103,3,145
571954,572100,572103,3,146
571954,572100,572102,2,146
571955,572101,572104,3,146
571954,572100,572103,3,146
571955,572101,572104,3,146
571955,572101,572104,3,146
571955,572101,572104,3,146
571955,572102,572105,3,147
571955,572100,572104,4,145
571955,572101,572104,3,146
571552,571743,572107,364,191
571955,572102,572107,5,147
571955,572102,572110,8,147
571955,572105,572112,7,150
571955,572103,572113,10,148
571955,572102,572112,10,147
571955,572105,572113,8,150
571955,572102,572113,11,147
571955,572105,572113,8,150
571955,572103,572113,10,148
571955,572104,572114,10,149
571955,572107,572114,7,152
571955,572102,572114,12,147
571955,572104,572113,9,149
571955,572104,572113,9,149
571955,572103,572115,12,148
571955,572102,572114,12,147
571955,572107,572115,8,152
571955,572113,572115,2,158
571955,572113,572114,1,158
571955,572104,572116,12,149
571955,572110,572116,6,155
571955,572114,572115,1,159
571955,572104,572116,12,149
571955,572113,572116,3,158
571955,572113,572115,2,158
571955,572114,572116,2,159
571955,572114,572116,2,159
571955,572113,572115,2,158
571955,572103,572116,13,148
571955,572103,572117,14,148
571955,572116,572117,1,161
571955,572114,572116,2,159
571955,572115,572117,2,160
571955,572113,572116,3,158
571955,572116,572117,1,161
571955,572112,572118,6,157
571955,572116,572118,2,161
571955,572116,572118,2,161
571955,572115,572117,2,160
571955,572116,572118,2,161
571955,572116,572117,1,161
571955,572114,572117,3,159
571955,572115,572117,2,160
571955,572115,572117,2,160
571955,572116,572118,2,161
571955,572117,572119,2,162
571955,572117,572118,1,162
571955,572118,572119,1,163
571955,572116,572118,2,161
571955,572116,572118,2,161
571955,572117,572118,1,162
571955,572117,572118,1,162
571955,572117,572119,2,162
571955,572117,572119,2,162
571955,572118,572120,2,163
571955,572117,572119,2,162
571955,572117,572119,2,162
571955,572118,572120,2,163
571956,572119,572121,2,163
571955,572118,572121,3,163
571955,572118,572121,3,163
571955,572118,572120,2,163
571955,572118,572121,3,163
571955,572118,572120,2,163
571956,572120,572122,2,164
571955,572118,572121,3,163
571955,572119,572122,3,164
571956,572119,572122,3,163
571955,572118,572121,3,163
571956,572120,572122,2,164
571956,572120,572123,3,164
571956,572120,572123,3,164
571956,572120,572122,2,164
571956,572119,572122,3,163
571956,572120,572124,4,164
571956,572120,572127,7,164
571956,572120,572130,10,164
571956,572123,572130,7,167
571956,572121,572131,10,165
571956,572123,572131,8,167
571956,572124,572130,6,168
571956,572123,572132,9,167
571956,572123,572132,9,167
571956,572121,572131,10,165
571956,572122,572132,10,166
571956,572122,572133,11,166
571956,572127,572133,6,171
571956,572121,572133,12,165
571956,572122,572132,10,166
571956,572121,572133,12,165
571956,572122,572134,12,166
571956,572122,572133,11,166
571956,572130,572134,4,174
571956,572121,572133,12,165
571956,572121,572133,12,165
571956,572122,572134,12,166
571956,572131,572134,3,175
571956,572132,572135,3,176
571956,572132,572134,2,176
571956,572130,572135,5,174
571956,572133,572135,2,177
571956,572131,572135,4,175
571956,572133,572136,3,177
571956,572133,572136,3,177
571956,572134,572136,2,178
571956,572134,572135,1,178
571956,572135,572136,1,179
571956,572132,572136,4,176
571956,572133,572135,2,177
571956,572134,572136,2,178
571956,572132,572136,4,176
571956,572131,572135,4,175
571956,572133,572135,2,177
571956,572134,572136,2,178
571956,572134,572137,3,178
571956,572135,572137,2,179
571956,572134,572136,2,178
571956,572134,572136,2,178
571956,572136,572138,2,180
571956,572135,572138,3,179
571956,572136,572137,1,180
571956,572135,572137,2,179
571956,572136,572138,2,180
571956,572137,572139,2,181
571956,572137,572139,2,181
571956,572136,572138,2,180
571956,572136,572138,2,180
571956,572137,572139,2,181
571956,572136,572139,3,180
571956,572136,572139,3,180
571956,572136,572139,3,180
571956,572136,572138,2,180
571956,572137,572138,1,181
571956,572138,572139,1,182
571956,572136,572138,2,180
571956,572137,572140,3,181
571956,572138,572140,2,182
571956,572137,572139,2,181
572035,572139,572141,2,104
571956,572138,572141,3,182
571956,572137,572140,3,181
571956,572138,572140,2,182
572035,572139,572141,2,104
572035,572139,572142,3,104
572035,572139,572142,3,104
572035,572139,572141,2,104
572035,572139,572142,3,104
572035,572139,572142,3,104
572035,572139,572142,3,104
572035,572139,572142,3,104
572035,572140,572145,5,105
571785,571908,572146,238,123
572035,572140,572149,9,105
572035,572140,572150,10,105
572035,572141,572151,10,106
572035,572140,572152,12,105
572035,572143,572151,8,108
572035,572143,572151,8,108
572035,572143,572153,10,108
572035,572141,572153,12,106
572035,572142,572154,12,107
572035,572146,572153,7,111
572035,572142,572154,12,107
572035,572141,572154,13,106
572035,572145,572154,9,110
572035,572142,572155,13,107
572035,572142,572154,12,107
572035,572150,572155,5,115
572035,572142,572154,12,107
572035,572143,572155,12,108
572035,572153,572156,3,118
572035,572154,572155,1,119
572035,572154,572156,2,119
572035,572149,572157,8,114
572035,572153,572156,3,118
572035,572154,572157,3,119
572035,572155,572157,2,120
572035,572152,572157,5,117
572035,572154,572156,2,119
572035,572153,572157,4,118
572035,572151,572156,5,116
572035,572153,572156,3,118
572035,572156,572157,1,121
572035,572154,572157,3,119
572035,572155,572158,3,120
572035,572156,572158,2,121
572035,572156,572157,1,121
572035,572155,572157,2,120
572035,572156,572159,3,121
572035,572157,572159,2,122
572035,572157,572159,2,122
572035,572156,572158,2,121
572035,572157,572160,3,122
572035,572157,572159,2,122
572035,572157,572160,3,122
572035,572157,572160,3,122
572035,572157,572159,2,122
572035,572157,572159,2,122
572035,572157,572159,2,122
572035,572158,572160,2,123
572035,572158,572160,2,123
572035,572157,572160,3,122
572035,572159,572161,2,124
572035,572159,572160,1,124
572035,572159,572160,1,124
572035,572158,572160,2,123
572035,572159,572161,2,124
572035,572157,572160,3,122
572035,572159,572160,1,124
572035,572160,572162,2,125
572035,572160,572162,2,125
572035,572160,572161,1,125
572035,572160,572161,1,125
572035,572160,572161,1,125
572035,572160,572162,2,125
572056,572161,572163,2,105
572035,572160,572162,2,125
572035,572160,572162,2,125
572056,572161,572164,3,105
572056,572161,572164,3,105
572056,572161,572164,3,105
572056,572161,572164,3,105
572056,572161,572164,3,105
572056,572161,572164,3,105
571603,571797,572165,368,194
572056,572161,572164,3,105
572056,572162,572166,4,106
572056,572162,572169,7,106
572056,572162,572171,9,106
572056,572162,572173,11,106
572056,572166,572173,7,110
572056,572165,572174,9,109
572056,572164,572174,10,108
572056,572165,572174,9,109
572056,572162,572173,11,106
572056,572163,572174,11,107
572056,572171,572173,2,115
572056,572169,572175,6,113
572056,572173,572175,2,117
572056,572165,572175,10,109
572056,572163,572175,12,107
572056,572164,572176,12,108
572056,572174,572176,2,118
572056,572163,572176,13,107
572056,572174,572177,3,118
572056,572163,572176,13,107
572056,572174,572177,3,118
572056,572174,572177,3,118
572056,572164,572176,12,108
572056,572173,572176,3,117
572056,572165,572178,13,109
572056,572174,572178,4,118
572056,572174,572177,3,118
572056,572175,572177,2,119
572056,572175,572178,3,119
572056,572176,572179,3,120
572056,572175,572178,3,119
572056,572177,572178,1,121
572056,572164,572178,14,108
572056,572178,572180,2,122
572056,572178,572179,1,122
572056,572177,572180,3,121
572056,572178,572180,2,122
572056,572177,572180,3,121
572056,572176,572179,3,120
572056,572176,572180,4,120
572056,572178,572181,3,122
572056,572178,572180,2,122
572056,572178,572181,3,122
572056,572176,572180,4,120
572056,572177,572180,3,121
572056,572178,572180,2,122
572056,572179,572182,3,123
572056,572179,572182,3,123
572056,572179,572181,2,123
572056,572180,572182,2,124
572056,572179,572181,2,123
572056,572180,572181,1,124
572056,572180,572181,1,124
572056,572180,572183,3,124
572056,572180,572182,2,124
572056,572180,572182,2,124
572056,572181,572183,2,125
572056,572181,572182,1,125
572056,572181,572184,3,125
572056,572181,572183,2,125
572056,572181,572183,2,125
572056,572182,572184,2,126
572056,572181,572183,2,125
572097,572182,572184,2,85
572056,572180,572184,4,124
572056,572182,572184,2,126
572097,572182,572184,2,85
572097,572183,572185,2,86
572056,572182,572184,2,126
572056,572182,572184,2,126
572097,572183,572185,2,86
572097,572183,572186,3,86
572097,572183,572186,3,86
572097,572183,572186,3,86
572097,572184,572186,2,87
572097,572184,572188,4,87
572097,572184,572190,6,87
571704,571824,572192,368,120
572097,572184,572193,9,87
572097,572184,572194,10,87
572097,572184,572196,12,87
572097,572184,572196,12,87
572097,572185,572195,10,88
572097,572185,572196,11,88
572097,572188,572197,9,91
572097,572185,572196,11,88
572097,572184,572197,13,87
572097,572187,572197,10,90
572097,572194,572197,3,97
572097,572192,572197,5,95
572097,572188,572197,9,91
572097,572186,572198,12,89
572097,572186,572198,12,89
572097,572185,572198,13,88
572097,572185,572197,12,88
572097,572193,572197,4,96
572097,572196,572199,3,99
572097,572190,572198,8,93
572097,572196,572200,4,99
572097,572197,572200,3,100
572097,572196,572199,3,99
572097,572196,572199,3,99
572097,572197,572199,2,100
572097,572197,572201,4,100
572097,572199,572201,2,102
572097,572197,572201,4,100
571821,571960,572201,241,139
572097,572197,572201,4,100
572097,572198,572201,3,101
572097,572199,572201,2,102
572097,572200,572202,2,103
572097,572200,572202,2,103
572097,572197,572202,5,100
572097,572198,572202,4,101
572097,572197,572201,4,100
572097,572198,572201,3,101
572097,572200,572202,2,103
572097,572198,572201,3,101
572097,572198,572201,3,101
572097,572201,572203,2,104
572097,572200,572202,2,103
572097,572201,572203,2,104
572097,572200,572202,2,103
572097,572201,572202,1,104
572097,572201,572204,3,104
572097,572201,572204,3,104
572097,572202,572203,1,105
572097,572203,572204,1,106
572097,572202,572204,2,105
572097,572202,572204,2,105
572097,572202,572203,1,105
572097,572203,572205,2,106
572097,572202,572204,2,105
572097,572202,572204,2,105
572097,572202,572205,3,105
572097,572202,572204,2,105
572097,572203,572205,2,106
572097,572202,572204,2,105
572097,572202,572204,2,105
572097,572204,572206,2,107
572097,572204,572206,2,107
572097,572203,572205,2,106
572097,572202,572205,3,105
572097,572203,572205,2,106
572115,572204,572206,2,89
572115,572204,572206,2,89
572115,572205,572207,2,90
572115,572204,572208,4,89
572115,572204,572208,4,89
572115,572205,572207,2,90
572115,572205,572207,2,90
572115,572205,572207,2,90
572115,572205,572208,3,90
572115,572205,572211,6,90
572115,572206,572214,8,91
571731,571851,572216,365,120
572115,572206,572216,10,91
572115,572210,572216,6,95
572115,572209,572216,7,94
572115,572206,572217,11,91
572115,572206,572217,11,91
572115,572209,572217,8,94
572115,572211,572217,6,96
572115,572206,572217,11,91
572115,572208,572217,9,93
572115,572207,572217,10,92
572115,572207,572217,10,92
572115,572216,572219,3,101
572115,572206,572219,13,91
572115,572208,572219,11,93
572115,572214,572218,4,99
572115,572206,572218,12,91
572115,572216,572220,4,101
572115,572217,572220,3,102
572115,572208,572219,11,93
572115,572216,572220,4,101
572115,572217,572220,3,102
572115,572206,572219,13,91
572115,572216,572219,3,101
572115,572217,572221,4,102
572115,572218,572221,3,103
572115,572218,572222,4,103
572115,572219,572221,2,104
572115,572220,572222,2,105
572115,572217,572222,5,102
572115,572217,572221,4,102
572115,572220,572222,2,105
572115,572219,572222,3,104
572115,572220,572222,2,105
572115,572218,572222,4,103
572115,572221,572223,2,106
572115,572219,572223,4,104
572115,572219,572222,3,104
572115,572220,572222,2,105
572115,572219,572222,3,104
572115,572220,572222,2,105
572115,572221,572223,2,106
572115,572222,572224,2,107
572115,572220,572223,3,105
572115,572221,572223,2,106
572115,572222,572223,1,107
572115,572222,572223,1,107
572115,572222,572224,2,107
572115,572222,572224,2,107
572115,572222,572225,3,107
572115,572222,572224,2,107
572115,572223,572225,2,108
572115,572223,572225,2,108
572115,572223,572226,3,108
572115,572223,572225,2,108
572115,572224,572225,1,109
572115,572224,572226,2,109
572115,572224,572225,1,109
572115,572223,572225,2,108
572115,572223,572225,2,108
572115,572224,572226,2,109
572115,572224,572225,1,109
572115,572223,572225,2,108
572115,572222,572225,3,107
572115,572223,572225,2,108
572154,572224,572226,2,70
572154,572225,572228,3,71
572154,572225,572227,2,71
572154,572226,572228,2,72
572154,572226,572228,2,72
572154,572225,572228,3,71
572154,572226,572227,1,72
572154,572226,572227,1,72
572154,572226,572229,3,72
572154,572225,572229,4,71
572154,572226,572232,6,72
572154,572226,572234,8,72
572154,572227,572235,8,73
572154,572227,572235,8,73
572154,572226,572235,9,72
572154,572227,572236,9,73
572154,572226,572236,10,72
572154,572234,572236,2,80
572154,572235,572237,2,81
572154,572235,572237,2,81
572154,572228,572238,10,74
572154,572227,572238,11,73
572154,572235,572237,2,81
572154,572236,572237,1,82
572154,572237,572239,2,83
572154,572228,572238,10,74
572154,572236,572238,2,82
572154,572237,572239,2,83
572154,572228,572238,10,74
572154,572228,572239,11,74
572154,572228,572239,11,74
572154,572236,572238,2,82
572154,572228,572240,12,74
572154,572232,572240,8,78
572154,572238,572240,2,84
572154,572238,572240,2,84
572154,572228,572239,11,74
572154,572229,572239,10,75
572154,572238,572241,3,84
572154,572229,572240,11,75
572154,572239,572241,2,85
572154,572238,572240,2,84
572154,572239,572241,2,85
572154,572239,572240,1,85
572154,572239,572242,3,85
572154,572240,572242,2,86
572154,572239,572241,2,85
572154,572240,572242,2,86
572154,572240,572242,2,86
572154,572239,572241,2,85
572154,572239,572241,2,85
572154,572239,572241,2,85
572154,572240,572242,2,86
572154,572240,572242,2,86
572154,572240,572244,4,86
572154,572242,572244,2,88
572154,572241,572244,3,87
572154,572241,572244,3,87
572154,572242,572244,2,88
572154,572241,572244,3,87
572154,572242,572245,3,88
572154,572241,572245,4,87
572154,572242,572244,2,88
572154,572244,572245,1,90
572154,572241,572245,4,87
572154,572242,572245,3,88
572154,572243,572246,3,89
572154,572242,572245,3,88
572154,572242,572245,3,88
572154,572244,572245,1,90
572154,572242,572245,3,88
572154,572243,572245,2,89
572154,572244,572245,1,90
572154,572244,572246,2,90
572154,572244,572246,2,90
572174,572245,572248,3,71
572174,572245,572247,2,71
572174,572245,572248,3,71
572174,572245,572248,3,71
572174,572245,572248,3,71
572174,572245,572247,2,71
572174,572246,572249,3,72
572174,572246,572249,3,72
572174,572246,572249,3,72
571769,571880,572251,371,111
572174,572246,572252,6,72
572174,572246,572253,7,72
572174,572253,572255,2,79
572174,572246,572256,10,72
572174,572251,572256,5,77
572174,572252,572256,4,78
572174,572255,572256,1,81
572174,572248,572258,10,74
572174,572250,572258,8,76
572174,572246,572258,12,72
572174,572256,572257,1,82
572174,572256,572259,3,82
572174,572246,572259,13,72
572174,572256,572259,3,82
572174,572248,572258,10,74
572174,572250,572260,10,76
572174,572247,572260,13,73
572174,572257,572259,2,83
572174,572258,572260,2,84
572174,572247,572259,12,73
572174,572248,572259,11,74
572174,572249,572261,12,75
572174,572248,572260,12,74
572174,572250,572260,10,76
572174,572258,572261,3,84
572174,572248,572262,14,74
572174,572259,572262,3,85
572174,572259,572262,3,85
572174,572259,572262,3,85
572174,572260,572263,3,86
572174,572260,572262,2,86
572174,572258,572263,5,84
572174,572260,572263,3,86
572174,572261,572263,2,87
572174,572258,572262,4,84
572174,572262,572263,1,88
572174,572259,572263,4,85
572174,572260,572263,3,86
572174,572261,572263,2,87
572174,572262,572264,2,88
572174,572262,572264,2,88
572174,572261,572263,2,87
572174,572260,572263,3,86
572174,572261,572263,2,87
572174,572260,572265,5,86
572174,572262,572264,2,88
572174,572263,572265,2,89
572174,572263,572264,1,89
572174,572263,572264,1,89
572174,572264,572265,1,90
572174,572263,572264,1,89
572174,572263,572265,2,89
572174,572264,572266,2,90
572174,572263,572265,2,89
572174,572264,572266,2,90
572174,572265,572267,2,91
572174,572264,572267,3,90
572174,572265,572266,1,91
572174,572265,572267,2,91
572174,572264,572266,2,90
572174,572264,572266,2,90
572174,572265,572267,2,91
572174,572264,572266,2,90
572174,572264,572266,2,90
572174,572264,572268,4,90
572174,572265,572267,2,91
572195,572265,572268,3,70
572195,572266,572269,3,71
572195,572267,572269,2,72
572195,572266,572270,4,71
572195,572267,572270,3,72
572195,572266,572270,4,71
572195,572267,572270,3,72
572195,572266,572270,4,71
572195,572267,572270,3,72
572195,572267,572274,7,72
572195,572267,572277,10,72
572195,572268,572278,10,73
572195,572267,572278,11,72
572195,572274,572279,5,79
572195,572270,572279,9,75
572195,572271,572279,8,76
572195,572269,572279,10,74
572195,572279,572280,1,84
572195,572277,572279,2,82
572195,572268,572280,12,73
572195,572267,572280,13,72
572195,572278,572279,1,83
572195,572279,572280,1,84
572195,572279,572281,2,84
572195,572269,572281,12,74
572195,572268,572280,12,73
572195,572268,572280,12,73
572195,572280,572282,2,85
572195,572280,572281,1,85
572195,572270,572282,12,75
572195,572270,572282,12,75
572195,572280,572282,2,85
571812,571939,572283,344,127
572195,572280,572282,2,85
572195,572281,572283,2,86
572195,572280,572283,3,85
572195,572280,572283,3,85
572195,572281,572284,3,86
572195,572280,572283,3,85
572195,572281,572284,3,86
572195,572271,572283,12,76
572195,572281,572284,3,86
572195,572282,572283,1,87
572195,572282,572283,1,87
572195,572282,572284,2,87
572195,572270,572285,15,75
572195,572282,572284,2,87
572195,572284,572285,1,89
572195,572283,572286,3,88
572195,572284,572286,2,89
572195,572282,572285,3,87
572195,572283,572286,3,88
572195,572284,572286,2,89
572195,572282,572285,3,87
572195,572283,572285,2,88
572195,572283,572285,2,88
572195,572284,572286,2,89
572195,572285,572286,1,90
572195,572285,572287,2,90
572195,572284,572286,2,89
572195,572284,572286,2,89
572195,572284,572286,2,89
572195,572284,572286,2,89
572195,572286,572288,2,91
572195,572285,572288,3,90
572195,572285,572287,2,90
572195,572286,572288,2,91
572195,572287,572288,1,92
572195,572286,572287,1,91
572195,572286,572288,2,91
572195,572286,572288,2,91
572195,572287,572289,2,92
572195,572286,572289,3,91
572195,572286,572288,2,91
572195,572286,572288,2,91
572202,572287,572290,3,85
572195,572286,572289,3,91
572202,572288,572290,2,86
572202,572288,572290,2,86
572202,572288,572291,3,86
572202,572288,572290,2,86
572202,572288,572290,2,86
572202,572287,572290,3,85
572202,572287,572290,3,85
572202,572288,572290,2,86
572202,572288,572293,5,86
572202,572289,572295,6,87
572202,572289,572296,7,87
572202,572289,572299,10,87
572202,572291,572300,9,89
572202,572289,572300,11,87
572202,572290,572301,11,88
572202,572290,572302,12,88
572202,572289,572302,13,87
572202,572290,572302,12,88
572202,572290,572302,12,88
572202,572291,572303,12,89
572202,572291,572302,11,89
572202,572292,572303,11,90
572202,572291,572304,13,89
572202,572292,572304,12,90
572202,572293,572304,11,91
572202,572295,572306,11,93
572202,572296,572306,10,94
572202,572300,572310,10,98
572202,572301,572310,9,99
572202,572299,572311,12,97
572202,572304,572311,7,102
572202,572304,572312,8,102
572202,572304,572311,7,102
572202,572304,572313,9,102
572202,572305,572313,8,103
572202,572306,572313,7,104
572202,572300,572313,13,98
572202,572302,572313,11,100
572202,572305,572314,9,103
572202,572302,572313,11,100
572202,572302,572314,12,100
572202,572306,572313,7,104
572202,572302,572314,12,100
572202,572311,572315,4,109
572202,572312,572316,4,110
572202,572312,572316,4,110
572202,572310,572316,6,108
572202,572311,572317,6,109
572202,572313,572317,4,111
572202,572313,572316,3,111
572202,572314,572318,4,112
572202,572314,572317,3,112
572202,572316,572318,2,114
572202,572313,572318,5,111
572202,572311,572317,6,109
572202,572314,572318,4,112
572202,572313,572317,4,111
572202,572316,572319,3,114
572202,572315,572318,3,113
572202,572317,572319,2,115
572202,572314,572318,4,112
572202,572314,572318,4,112
572202,572317,572319,2,115
572202,572316,572319,3,114
572202,572317,572320,3,115
572202,572316,572319,3,114
572202,572318,572319,1,116
572202,572318,572319,1,116
572202,572319,572320,1,117
572202,572318,572320,2,116
572202,572318,572320,2,116
572202,572318,572320,2,116
572202,572318,572320,2,116
572202,572318,572320,2,116
572217,572320,572322,2,103
572217,572319,572323,4,102
572217,572320,572323,3,103
572217,572319,572323,4,102
572217,572319,572323,4,102
572217,572319,572324,5,102
572217,572320,572323,3,103
572217,572320,572323,3,103
572217,572320,572324,4,103
572217,572321,572325,4,104
572217,572321,572326,5,104
572217,572323,572326,3,106
572217,572321,572325,4,104
572217,572323,572326,3,106
572217,572321,572327,6,104
572217,572323,572326,3,106
572217,572324,572327,3,107
572217,572324,572327,3,107
572217,572321,572327,6,104
572217,572321,572326,5,104
572217,572324,572327,3,107
572217,572326,572328,2,109
572217,572326,572327,1,109
572217,572327,572328,1,110
572217,572326,572328,2,109
572217,572327,572329,2,110
572217,572325,572329,4,108
572217,572326,572329,3,109
572217,572323,572328,5,106
572217,572323,572329,6,106
572217,572327,572329,2,110
572217,572328,572330,2,111
572217,572327,572329,2,110
572217,572328,572329,1,111
572217,572328,572329,1,111
572217,572327,572329,2,110
572217,572327,572329,2,110
572217,572328,572331,3,111
572217,572329,572331,2,112
572217,572329,572330,1,112
572217,572329,572331,2,112
572217,572330,572332,2,113
572217,572330,572331,1,113
572217,572325,572331,6,108
572217,572329,572331,2,112
572217,572330,572332,2,113
572217,572329,572332,3,112
572217,572329,572331,2,112
572217,572329,572331,2,112
572217,572331,572333,2,114
572217,572331,572333,2,114
572217,572331,572333,2,114
572217,572330,572332,2,113
572217,572331,572333,2,114
572217,572331,572332,1,114
572217,572332,572334,2,115
572217,572332,572334,2,115
572217,572332,572333,1,115
572217,572332,572333,1,115
572217,572332,572334,2,115
572217,572333,572335,2,116
572217,572332,572335,3,115
572217,572332,572334,2,115
572217,572332,572334,2,115
572217,572333,572335,2,116
572217,572332,572334,2,115
572217,572333,572335,2,116
572217,572333,572334,1,116
572217,572333,572336,3,116
572217,572334,572336,2,117
572217,572333,572335,2,116
572217,572334,572336,2,117
572217,572334,572335,1,117
572217,572334,572335,1,117
572217,572335,572337,2,118
572258,572335,572338,3,77
572258,572335,572338,3,77
572258,572335,572337,2,77
572258,572335,572338,3,77
572258,572335,572338,3,77
572258,572335,572338,3,77
572258,572336,572339,3,78
572258,572335,572338,3,77
572258,572336,572339,3,78
572258,572336,572341,5,78
572258,572336,572344,8,78
572258,572338,572344,6,80
572258,572337,572345,8,79
572258,572337,572345,8,79
572258,572338,572346,8,80
572258,572338,572346,8,80
572258,572338,572345,7,80
572258,572345,572346,1,87
572258,572346,572347,1,88
571866,571979,572348,369,113
572258,572346,572347,1,88
572258,572346,572348,2,88
572258,572346,572348,2,88
572258,572345,572349,4,87
572258,572338,572349,11,80
572258,572347,572348,1,89
572258,572347,572348,1,89
572258,572348,572350,2,90
572258,572348,572350,2,90
572258,572339,572351,12,81
572258,572348,572351,3,90
572258,572349,572351,2,91
572258,572349,572352,3,91
572258,572350,572351,1,92
572258,572339,572351,12,81
572258,572339,572351,12,81
572258,572337,572352,15,79
572258,572348,572351,3,90
572258,572350,572351,1,92
572258,572350,572351,1,92
572258,572350,572352,2,92
572258,572339,572353,14,81
572258,572351,572353,2,93
572258,572344,572353,9,86
572258,572352,572354,2,94
572258,572351,572353,2,93
572258,572351,572353,2,93
572258,572352,572354,2,94
572258,572352,572353,1,94
572258,572341,572353,12,83
572258,572352,572354,2,94
572258,572352,572354,2,94
572258,572352,572355,3,94
572258,572352,572354,2,94
572258,572353,572355,2,95
572258,572352,572354,2,94
572258,572352,572354,2,94
572258,572354,572356,2,96
572258,572354,572355,1,96
572258,572355,572356,1,97
572258,572353,572355,2,95
572258,572354,572357,3,96
572258,572354,572357,3,96
572258,572354,572356,2,96
572258,572354,572356,2,96
572258,572355,572357,2,97
572258,572353,572356,3,95
572258,572354,572356,2,96
572258,572356,572358,2,98
572258,572356,572357,1,98
572258,572355,572358,3,97
572258,572356,572357,1,98
572258,572356,572357,1,98
572258,572355,572357,2,97
572284,572357,572359,2,73
572258,572355,572358,3,97
572258,572356,572358,2,98
572284,572357,572360,3,73
572284,572357,572359,2,73
572284,572357,572359,2,73
572284,572357,572360,3,73
572284,572358,572359,1,74
572284,572357,572359,2,73
572284,572358,572360,2,74
572284,572358,572360,2,74
572284,572358,572361,3,74
572284,572359,572364,5,75
572284,572359,572367,8,75
571898,572000,572367,367,102
572284,572359,572368,9,75
572284,572360,572369,9,76
571954,572100,572370,270,146
572284,572359,572370,11,75
572284,572360,572371,11,76
572284,572359,572371,12,75
572284,572362,572371,9,78
572284,572360,572370,10,76
572284,572360,572371,11,76
572284,572360,572372,12,76
572284,572361,572372,11,77
572284,572361,572373,12,77
572284,572371,572373,2,87
572284,572371,572373,2,87
572284,572371,572373,2,87
572284,572371,572373,2,87
572284,572372,572374,2,88
572284,572372,572373,1,88
572284,572371,572373,2,87
572284,572373,572375,2,89
572284,572364,572374,10,80
572284,572370,572375,5,86
572284,572362,572375,13,78
572284,572373,572377,4,89
571956,572119,572377,258,163
572284,572369,572377,8,85
572284,572373,572378,5,89
572284,572373,572379,6,89
572284,572367,572379,12,83
572284,572367,572380,13,83
572284,572374,572380,6,90
572284,572377,572380,3,93
572284,572375,572380,5,91
572284,572374,572380,6,90
572284,572374,572381,7,90
572284,572375,572380,5,91
572284,572375,572381,6,91
572284,572373,572381,8,89
572284,572377,572382,5,93
572284,572375,572382,7,91
572284,572369,572382,13,85
572284,572378,572381,3,94
572284,572376,572381,5,92
572284,572377,572381,4,93
572284,572379,572382,3,95
572284,572380,572383,3,96
572284,572381,572383,2,97
572284,572380,572383,3,96
572284,572379,572383,4,95
572284,572381,572384,3,97
572284,572381,572384,3,97
572284,572381,572384,3,97
572284,572382,572384,2,98
572284,572381,572384,3,97
572284,572380,572383,3,96
572284,572382,572385,3,98
572284,572383,572385,2,99
572284,572383,572384,1,99
572284,572380,572384,4,96
572284,572382,572384,2,98
572284,572382,572384,2,98
572284,572383,572386,3,99
572349,572384,572386,2,35
572284,572383,572386,3,99
572284,572382,572385,3,98
572284,572382,572385,3,98
572349,572384,572386,2,35
572349,572384,572387,3,35
572349,572384,572386,2,35
572349,572384,572387,3,35
572349,572385,572387,2,36
572349,572385,572386,1,36
572349,572385,572386,1,36
572349,572385,572387,2,36
572349,572385,572389,4,36
572349,572385,572392,7,36
572349,572386,572395,9,37
572349,572386,572396,10,37
572349,572388,572397,9,39
572349,572386,572397,11,37
571931,572022,572398,376,91
572349,572385,572398,13,36
572349,572388,572398,10,39
572349,572387,572397,10,38
572349,572386,572398,12,37
572349,572388,572398,10,39
572349,572386,572399,13,37
572349,572386,572400,14,37
572349,572387,572400,13,38
572349,572387,572401,14,38
572349,572387,572401,14,38
572349,572389,572401,12,40
572349,572392,572405,13,43
572349,572397,572406,9,48
572349,572395,572406,11,46
572349,572399,572408,9,50
572349,572400,572408,8,51
572349,572398,572407,9,49
572349,572397,572407,10,48
572349,572400,572407,7,51
572349,572398,572409,11,49
572349,572397,572409,12,48
572349,572398,572408,10,49
571939,572042,572409,367,103
572349,572398,572410,12,49
572349,572401,572410,9,52
572349,572399,572410,11,50
572349,572401,572410,9,52
572349,572406,572411,5,57
572349,572402,572410,8,53
572349,572399,572410,11,50
572349,572408,572412,4,59
572349,572406,572411,5,57
572349,572408,572411,3,59
572349,572408,572413,5,59
572349,572406,572413,7,57
572349,572409,572413,4,60
572349,572409,572413,4,60
572349,572410,572413,3,61
572349,572410,572414,4,61
572349,572411,572413,2,62
572349,572413,572414,1,64
572349,572410,572413,3,61
572349,572410,572414,4,61
572349,572410,572414,4,61
572349,572412,572415,3,63
572349,572408,572415,7,59
572349,572410,572415,5,61
572349,572412,572415,3,63
572349,572413,572414,1,64
572349,572413,572414,1,64
572349,572413,572415,2,64
572349,572414,572416,2,65
572349,572408,572416,8,59
572349,572413,572416,3,64
572349,572411,572415,4,62
572349,572413,572415,2,64
572349,572414,572415,1,65
572349,572414,572415,1,65
572349,572413,572416,3,64
572349,572414,572416,2,65
572349,572414,572416,2,65
572370,572415,572418,3,45
572370,572415,572418,3,45
572370,572415,572418,3,45
572370,572415,572418,3,45
572370,572415,572417,2,45
572370,572415,572417,2,45
572370,572416,572417,1,46
572370,572415,572419,4,45
572370,572416,572419,3,46
572370,572416,572419,3,46
572370,572416,572423,7,46
572370,572417,572425,8,47
572370,572418,572427,9,48
572370,572416,572428,12,46
572370,572416,572428,12,46
572370,572418,572429,11,48
572370,572419,572429,10,49
572370,572417,572429,12,47
572370,572417,572430,13,47
572370,572418,572430,12,48
572370,572418,572430,12,48
572370,572418,572429,11,48
572370,572418,572430,12,48
572370,572418,572431,13,48
572370,572417,572430,13,47
572370,572420,572433,13,50
572370,572419,572434,15,49
572370,572425,572435,10,55
572370,572423,572436,13,53
572370,572430,572437,7,60
572370,572428,572438,10,58
572370,572427,572437,10,57
572370,572431,572439,8,61
572370,572430,572439,9,60
572370,572429,572439,10,59
572370,572430,572439,9,60
572370,572431,572439,8,61
572370,572429,572439,10,59
572370,572435,572440,5,65
572370,572430,572439,9,60
572370,572430,572440,10,60
572370,572430,572440,10,60
572370,572428,572440,12,58
572370,572433,572441,8,63
572370,572439,572442,3,69
572370,572439,572442,3,69
572370,572434,572441,7,64
572370,572440,572443,3,70
572370,572436,572443,7,66
572370,572439,572443,4,69
572370,572439,572442,3,69
572370,572437,572442,5,67
572370,572438,572443,5,68
572370,572439,572444,5,69
572370,572440,572444,4,70
572370,572438,572444,6,68
572370,572442,572444,2,72
572370,572441,572445,4,71
572370,572439,572444,5,69
572370,572440,572444,4,70
572370,572443,572445,2,73
572370,572443,572445,2,73
572370,572443,572444,1,73
572370,572444,572445,1,74
572370,572440,572444,4,70
572370,572443,572446,3,73
572370,572444,572445,1,74
572370,572442,572446,4,72
572370,572441,572446,5,71
572370,572444,572446,2,74
572370,572445,572447,2,75
572370,572445,572446,1,75
572370,572444,572447,3,74
572371,572445,572447,2,74
572370,572444,572446,2,74
572371,572445,572448,3,74
572371,572445,572448,3,74
572370,572445,572447,2,75
572371,572445,572448,3,74
572371,572445,572448,3,74
572371,572445,572449,4,74
572371,572446,572449,3,75
572371,572446,572448,2,75
572371,572446,572449,3,75
572371,572446,572451,5,75
572371,572447,572454,7,76
572057,572182,572456,274,125
572371,572447,572457,10,76
572371,572447,572457,10,76
572371,572447,572457,10,76
572371,572448,572459,11,77
572371,572447,572459,12,76
572371,572448,572459,11,77
572371,572449,572460,11,78
572371,572448,572460,12,77
572371,572447,572460,13,76
572371,572448,572461,13,77
572371,572449,572461,12,78
572371,572449,572462,13,78
572371,572448,572463,15,77
572097,572204,572464,260,107
572371,572451,572464,13,80
572371,572461,572465,4,90
572371,572462,572465,3,91
572371,572456,572465,9,85
572371,572449,572464,15,78
572371,572454,572466,12,83
572371,572462,572465,3,91
572371,572460,572466,6,89
572371,572457,572467,10,86
572371,572460,572467,7,89
572371,572458,572467,9,87
572371,572460,572468,8,89
572371,572459,572468,9,88
572371,572458,572468,10,87
572371,572464,572468,4,93
572371,572463,572470,7,92
572371,572459,572470,11,88
572371,572459,572470,11,88
572371,572465,572470,5,94
572371,572468,572471,3,97
572371,572467,572471,4,96
572371,572464,572471,7,93
572371,572467,572471,4,96
572371,572466,572472,6,95
572371,572468,572472,4,97
572371,572466,572472,6,95
572371,572465,572472,7,94
572371,572465,572472,7,94
572371,572466,572473,7,95
572371,572469,572472,3,98
572371,572470,572473,3,99
572371,572469,572472,3,98
572371,572471,572473,2,100
572371,572465,572473,8,94
572371,572471,572474,3,100
572371,572471,572474,3,100
572371,572472,572474,2,101
572371,572470,572474,4,99
572371,572470,572474,4,99
572371,572472,572474,2,101
572371,572473,572474,1,102
572371,572473,572475,2,102
572371,572471,572475,4,100
572371,572472,572474,2,101
572371,572473,572474,1,102
572371,572473,572475,2,102
572371,572472,572475,3,101
572371,572471,572474,3,100
572371,572473,572476,3,102
572371,572473,572475,2,102
572371,572473,572475,2,102
572378,572474,572475,1,96
572378,572474,572476,2,96
572378,572475,572476,1,97
572378,572475,572477,2,97
572378,572475,572477,2,97
572378,572474,572477,3,96
572378,572474,572477,3,96
572378,572474,572477,3,96
572378,572475,572477,2,97
572378,572475,572479,4,97
572378,572475,572482,7,97
572378,572475,572485,10,97
572378,572475,572487,12,97
572378,572477,572487,10,99
572378,572477,572487,10,99
572378,572476,572487,11,98
572378,572476,572488,12,98
572378,572477,572487,10,99
572378,572475,572489,14,97
572378,572478,572489,11,100
572378,572477,572489,12,99
572378,572477,572489,12,99
572378,572476,572489,13,98
572378,572476,572490,14,98
572378,572477,572489,12,99
572378,572479,572491,12,101
572378,572477,572491,14,99
572378,572489,572492,3,111
572378,572489,572492,3,111
572378,572482,572492,10,104
572378,572489,572493,4,111
572378,572489,572494,5,111
572378,572490,572493,3,112
572378,572490,572494,4,112
572378,572485,572495,10,107
572378,572489,572496,7,111
572378,572491,572496,5,113
572378,572487,572496,9,109
572378,572488,572496,8,110
572378,572487,572497,10,109
572378,572492,572497,5,114
572378,572487,572497,10,109
572378,572492,572497,5,114
572378,572491,572498,7,113
572378,572487,572497,10,109
572378,572492,572497,5,114
572378,572493,572499,6,115
572378,572488,572499,11,110
572378,572496,572499,3,118
572378,572496,572500,4,118
572378,572497,572500,3,119
572378,572495,572499,4,117
572378,572496,572499,3,118
572378,572497,572500,3,119
572378,572497,572501,4,119
572378,572494,572500,6,116
572378,572497,572500,3,119
572378,572498,572500,2,120
572378,572499,572500,1,121
572378,572500,572501,1,122
572378,572494,572500,6,116
572378,572499,572501,2,121
572378,572500,572501,1,122
572378,572500,572502,2,122
572378,572498,572502,4,120
572378,572496,572502,6,118
572378,572494,572501,7,116
572378,572499,572503,4,121
571957,572138,572502,364,181
572378,572501,572503,2,123
572378,572499,572502,3,121
572378,572500,572502,2,122
572378,572500,572502,2,122
572398,572502,572504,2,104
572398,572502,572503,1,104
572398,572502,572503,1,104
572378,572501,572503,2,123
572378,572501,572503,2,123
572378,572501,572503,2,123
572398,572502,572503,1,104
572398,572502,572505,3,104
572398,572502,572505,3,104
572398,572502,572505,3,104
572398,572502,572504,2,104
572398,572503,572505,2,105
572398,572503,572507,4,105
572398,572503,572509,6,105
571960,572139,572509,370,179
572398,572504,572514,10,106
572175,572265,572514,249,90
572398,572504,572515,11,106
572398,572504,572514,10,106
572398,572505,572515,10,107
572398,572503,572515,12,105
572398,572503,572515,12,105
572398,572505,572516,11,107
572398,572505,572515,10,107
572398,572503,572516,13,105
572398,572504,572516,12,106
572398,572505,572517,12,107
572035,572160,572517,357,125
572398,572505,572516,11,107
572398,572505,572518,13,107
572398,572505,572518,13,107
572398,572506,572519,13,108
572398,572507,572520,13,109
571958,572139,572520,381,181
572398,572516,572522,6,118
572398,572509,572521,12,111
572398,572510,572523,13,112
572398,572516,572524,8,118
572398,572517,572524,7,119
572398,572515,572524,9,117
572398,572516,572524,8,118
572398,572514,572524,10,116
572398,572515,572525,10,117
572398,572515,572525,10,117
572398,572516,572524,8,118
572398,572517,572525,8,119
572398,572515,572524,9,117
572398,572515,572525,10,117
572398,572519,572526,7,121
572398,572518,572526,8,120
572398,572520,572526,6,122
572398,572517,572525,8,119
572398,572515,572525,10,117
572398,572524,572527,3,126
572398,572518,572527,9,120
572398,572522,572526,4,124
572398,572524,572526,2,126
572398,572522,572528,6,124
572398,572525,572528,3,127
572398,572524,572528,4,126
572398,572525,572528,3,127
572398,572524,572528,4,126
572398,572525,572528,3,127
572398,572520,572527,7,122
572398,572526,572528,2,128
572398,572525,572529,4,127
572398,572525,572529,4,127
572398,572525,572528,3,127
572398,572526,572528,2,128
572398,572527,572528,1,129
572398,572528,572529,1,130
572398,572526,572528,2,128
572398,572527,572530,3,129
572398,572525,572529,4,127
572398,572526,572529,3,128
572398,572528,572530,2,130
572398,572523,572529,6,125
572398,572526,572529,3,128
572398,572528,572530,2,130
572398,572527,572529,2,129
572398,572527,572529,2,129
572398,572528,572529,1,130
572410,572529,572531,2,119
572410,572528,572531,3,118
572410,572528,572531,3,118
572410,572529,572532,3,119
572410,572529,572532,3,119
572410,572529,572531,2,119
572410,572529,572531,2,119
572410,572529,572531,2,119
572410,572529,572531,2,119
572410,572530,572534,4,120
572410,572530,572536,6,120
572410,572530,572540,10,120
572410,572530,572540,10,120
572410,572530,572541,11,120
572410,572530,572541,11,120
572410,572531,572541,10,121
572410,572530,572540,10,120
572410,572530,572540,10,120
572410,572532,572542,10,122
572410,572530,572541,11,120
572410,572531,572543,12,121
572410,572530,572542,12,120
572410,572530,572542,12,120
572410,572531,572543,12,121
572410,572532,572543,11,122
572410,572532,572544,12,122
572410,572532,572544,12,122
572410,572532,572543,11,122
572410,572542,572545,3,132
572410,572532,572546,14,122
572410,572542,572547,5,132
572410,572534,572547,13,124
572410,572541,572547,6,131
572410,572536,572547,11,126
572410,572541,572549,8,131
572410,572543,572549,6,133
572410,572544,572549,5,134
572410,572544,572549,5,134
572410,572545,572550,5,135
572410,572544,572550,6,134
572410,572544,572550,6,134
572410,572540,572549,9,130
572410,572541,572549,8,131
572410,572548,572550,2,138
572410,572543,572550,7,133
572410,572540,572551,11,130
572410,572543,572551,8,133
572410,572541,572551,10,131
572410,572541,572551,10,131
572410,572549,572552,3,139
572410,572547,572553,6,137
572410,572550,572552,2,140
572410,572550,572553,3,140
572410,572548,572553,5,138
572410,572550,572553,3,140
572410,572547,572552,5,137
572410,572550,572553,3,140
572410,572549,572553,4,139
572410,572550,572553,3,140
572410,572552,572554,2,142
572410,572551,572554,3,141
572410,572550,572554,4,140
572410,572551,572553,2,141
572410,572551,572554,3,141
572410,572546,572553,7,136
572410,572550,572553,3,140
572410,572550,572553,3,140
572410,572553,572554,1,143
572410,572543,572554,11,133
572410,572550,572554,4,140
572410,572552,572554,2,142
572410,572553,572555,2,143
572410,572553,572554,1,143
572410,572553,572554,1,143
572458,572554,572555,1,96
572410,572553,572555,2,143
572458,572554,572555,1,96
572458,572554,572557,3,96
572458,572554,572556,2,96
572458,572554,572556,2,96
572458,572554,572556,2,96
572458,572553,572556,3,95
572458,572554,572556,2,96
572458,572554,572557,3,96
572458,572554,572559,5,96
572458,572554,572562,8,96
572458,572554,572565,11,96
572458,572555,572565,10,97
572458,572555,572566,11,97
572458,572555,572565,10,97
572458,572555,572566,11,97
572458,572555,572566,11,97
572458,572556,572567,11,98
572458,572559,572566,7,101
572458,572562,572566,4,104
572458,572557,572567,10,99
572458,572556,572568,12,98
572458,572555,572568,13,97
572458,572558,572568,10,100
572458,572565,572568,3,107
572458,572566,572569,3,108
572458,572565,572568,3,107
572458,572558,572569,11,100
572458,572555,572569,14,97
572458,572568,572570,2,110
572458,572568,572569,1,110
572458,572566,572569,3,108
572458,572567,572569,2,109
572458,572566,572569,3,108
572458,572558,572569,11,100
572458,572557,572569,12,99
572458,572567,572570,3,109
572458,572568,572570,2,110
572458,572557,572570,13,99
572458,572557,572570,13,99
572458,572568,572571,3,110
572458,572568,572571,3,110
572458,572568,572572,4,110
572458,572570,572574,4,112
572458,572569,572574,5,111
572458,572570,572574,4,112
572458,572570,572574,4,112
572458,572570,572574,4,112
572458,572570,572574,4,112
572458,572570,572575,5,112
572458,572571,572575,4,113
572458,572569,572574,5,111
572458,572569,572575,6,111
572458,572570,572574,4,112
572458,572570,572574,4,112
572458,572569,572576,7,111
572458,572570,572576,6,112
572458,572569,572575,6,111
572458,572571,572576,5,113
572458,572571,572576,5,113
572458,572574,572576,2,116
572458,572575,572577,2,117
572458,572574,572576,2,116
572458,572575,572576,1,117
572458,572575,572577,2,117
572458,572572,572576,4,114
572458,572571,572576,5,113
572458,572574,572577,3,116
572458,572575,572578,3,117
572458,572574,572578,4,116
572458,572575,572577,2,117
572458,572575,572577,2,117
572458,572574,572577,3,116
572458,572576,572578,2,118
572465,572576,572578,2,111
572465,572576,572578,2,111
572458,572575,572578,3,117
572465,572577,572578,1,112
572465,572577,572578,1,112
572465,572577,572578,1,112
572465,572577,572578,1,112
572465,572577,572578,1,112
572465,572577,572580,3,112
572465,572576,572579,3,111
572465,572577,572584,7,112
572465,572577,572586,9,112
572465,572578,572588,10,113
572465,572578,572589,11,113
572465,572578,572589,11,113
572465,572579,572588,9,114
572465,572579,572590,11,114
572465,572578,572590,12,113
572465,572578,572590,12,113
572465,572586,572590,4,121
572465,572579,572589,10,114
572465,572579,572589,10,114
572465,572580,572591,11,115
572465,572579,572591,12,114
572465,572578,572590,12,113
572465,572580,572591,11,115
572465,572579,572591,12,114
572465,572578,572592,14,113
572465,572579,572591,12,114
572465,572588,572591,3,123
572465,572589,572592,3,124
572465,572584,572593,9,119
572465,572589,572592,3,124
572465,572590,572593,3,125
572465,572590,572593,3,125
572465,572589,572593,4,124
572465,572591,572594,3,126
572465,572590,572594,4,125
572465,572591,572594,3,126
572465,572590,572594,4,125
572465,572590,572593,3,125
572465,572591,572594,3,126
572465,572591,572595,4,126
572465,572590,572594,4,125
572465,572593,572596,3,128
572465,572593,572597,4,128
572465,572592,572597,5,127
572116,572224,572597,373,108
572465,572594,572597,3,129
572465,572592,572597,5,127
572465,572592,572598,6,127
572465,572592,572598,6,127
572465,572594,572598,4,129
572465,572594,572598,4,129
572465,572594,572597,3,129
572465,572594,572598,4,129
572465,572592,572599,7,127
572465,572593,572598,5,128
572465,572593,572599,6,128
572465,572595,572599,4,130
572465,572596,572600,4,131
572465,572597,572599,2,132
572465,572595,572600,5,130
572465,572595,572599,4,130
572465,572595,572599,4,130
572465,572598,572600,2,133
572465,572598,572601,3,133
572465,572598,572601,3,133
572465,572598,572601,3,133
572465,572598,572601,3,133
572465,572597,572600,3,132
572465,572599,572601,2,134
572465,572598,572600,2,133
572465,572598,572600,2,133
572465,572598,572600,2,133
572465,572599,572600,1,134
572465,572597,572601,4,132
572503,572600,572602,2,97
572503,572600,572601,1,97
572503,572600,572601,1,97
572503,572600,572602,2,97
572503,572600,572603,3,97
572503,572599,572603,4,96
572503,572601,572603,2,98
572503,572600,572603,3,97
572503,572601,572603,2,98
572503,572601,572606,5,98
572503,572601,572611,10,98
572503,572601,572611,10,98
572503,572601,572611,10,98
572503,572601,572612,11,98
572503,572601,572613,12,98
572503,572601,572612,11,98
572503,572603,572614,11,100
572503,572601,572613,12,98
572503,572602,572614,12,99
572503,572602,572613,11,99
572503,572602,572613,11,99
572503,572603,572613,10,100
572503,572604,572614,10,101
572503,572603,572615,12,100
572503,572604,572615,11,101
572503,572603,572616,13,100
572503,572614,572617,3,111
572503,572614,572617,3,111
572503,572604,572616,12,101
572503,572614,572618,4,111
572503,572614,572617,3,111
572503,572614,572617,3,111
572503,572616,572619,3,113
572503,572606,572619,13,103
572503,572616,572619,3,113
572503,572614,572620,6,111
572503,572613,572620,7,110
572503,572612,572621,9,109
572503,572611,572621,10,108
572503,572616,572620,4,113
572503,572612,572622,10,109
572503,572613,572622,9,110
572503,572619,572622,3,116
572503,572616,572623,7,113
572503,572619,572623,4,116
572503,572617,572623,6,114
572503,572612,572622,10,109
572503,572617,572622,5,114
572503,572618,572624,6,115
572503,572621,572623,2,118
572503,572618,572624,6,115
572503,572620,572623,3,117
572503,572618,572623,5,115
572503,572619,572623,4,116
572503,572620,572624,4,117
572503,572617,572624,7,114
572503,572622,572625,3,119
572503,572621,572625,4,118
572503,572622,572625,3,119
572503,572623,572626,3,120
572503,572623,572625,2,120
572503,572624,572625,1,121
572503,572624,572625,1,121
572503,572622,572625,3,119
572503,572624,572626,2,121
572503,572624,572625,1,121
572503,572623,572626,3,120
572503,572624,572626,2,121
572503,572624,572626,2,121
572503,572625,572627,2,122
572503,572625,572626,1,122
572503,572623,572627,4,120
572503,572624,572627,3,121
572515,572626,572628,2,111
572515,572626,572627,1,111
572154,572244,572628,384,90
572503,572622,572627,5,119
572515,572626,572628,2,111
572503,572623,572627,4,120
572515,572626,572628,2,111
572515,572626,572628,2,111
572515,572625,572628,3,110
572515,572626,572628,2,111
572515,572626,572628,2,111
572515,572626,572629,3,111
572515,572626,572631,5,111
572515,572627,572635,8,112
572515,572627,572637,10,112
572515,572628,572638,10,113
572515,572627,572637,10,112
572515,572629,572637,8,114
572515,572627,572639,12,112
572515,572628,572638,10,113
572515,572629,572639,10,114
572515,572628,572640,12,113
572515,572628,572640,12,113
572515,572629,572639,10,114
572515,572628,572641,13,113
572515,572627,572641,14,112
572515,572629,572641,12,114
572515,572628,572640,12,113
572515,572629,572640,11,114
572515,572639,572642,3,124
572515,572631,572642,11,116
572515,572629,572641,12,114
572515,572638,572642,4,123
572515,572639,572642,3,124
572515,572640,572642,2,125
572515,572639,572643,4,124
572515,572640,572644,4,125
572515,572641,572644,3,126
572515,572641,572644,3,126
572515,572640,572643,3,125
572515,572641,572645,4,126
572515,572638,572645,7,123
572515,572635,572645,10,120
572515,572641,572645,4,126
572515,572637,572646,9,122
572515,572643,572647,4,128
572515,572641,572647,6,126
572515,572638,572648,10,123
572515,572642,572647,5,127
572515,572644,572648,4,129
572515,572644,572648,4,129
572515,572642,572647,5,127
572515,572645,572647,2,130
572515,572644,572649,5,129
572515,572643,572648,5,128
572515,572642,572648,6,127
572515,572645,572649,4,130
572515,572642,572649,7,127
572515,572645,572649,4,130
572515,572647,572650,3,132
572515,572643,572649,6,128
572515,572647,572649,2,132
572515,572649,572650,1,134
572515,572644,572649,5,129
572515,572647,572651,4,132
572515,572648,572650,2,133
572515,572648,572650,2,133
572515,572649,572651,2,134
572515,572649,572651,2,134
572515,572648,572651,3,133
572515,572649,572651,2,134
572515,572649,572652,3,134
572515,572650,572652,2,135
572515,572650,572652,2,135
572515,572648,572652,4,133
572515,572650,572651,1,135
572515,572651,572652,1,136
572515,572646,572651,5,131
572515,572649,572651,2,134
572515,572650,572652,2,135
572515,572650,572652,2,135
572515,572650,572653,3,135
572515,572651,572652,1,136
572515,572651,572652,1,136
572515,572651,572653,2,136
572515,572649,572652,3,134
572515,572651,572652,1,136
572515,572653,572655,2,138
572515,572651,572656,5,136
572515,572655,572657,2,140
572515,572653,572657,4,138
572515,572653,572657,4,138
572515,572657,572659,2,142
572515,572657,572658,1,142
572515,572653,572660,7,138
572515,572657,572660,3,142
572515,572657,572661,4,142
572515,572652,572662,10,137
572515,572652,572661,9,137
572515,572660,572662,2,145
572515,572659,572662,3,144
572515,572652,572663,11,137
572515,572652,572662,10,137
572515,572659,572662,3,144
572515,572652,572663,11,137
572515,572652,572662,10,137
572515,572653,572662,9,138
572515,572662,572664,2,147
572515,572652,572664,12,137
572515,572652,572663,11,137
572515,572652,572664,12,137
572515,572653,572664,11,138
572515,572660,572663,3,145
572515,572652,572664,12,137
572515,572662,572664,2,147
572515,572662,572664,2,147
572515,572663,572666,3,148
572515,572663,572665,2,148
572515,572663,572666,3,148
572515,572661,572665,4,146
572515,572663,572665,2,148
572515,572653,572667,14,138
572515,572663,572667,4,148
572515,572663,572667,4,148
572515,572664,572667,3,149
572515,572665,572668,3,150
572515,572665,572668,3,150
572515,572663,572668,5,148
572515,572664,572668,4,149
572515,572664,572668,4,149
572515,572666,572669,3,151
572515,572664,572669,5,149
572515,572665,572668,3,150
572515,572664,572669,5,149
572515,572664,572668,4,149
572515,572667,572669,2,152
572515,572668,572670,2,153
572515,572666,572669,3,151
572515,572668,572670,2,153
572515,572666,572669,3,151
572515,572666,572669,3,151
572515,572668,572671,3,153
572515,572666,572670,4,151
572515,572668,572671,3,153
572515,572668,572671,3,153
572515,572667,572671,4,152
572515,572669,572670,1,154
572515,572669,572671,2,154
572515,572668,572670,2,153
572515,572668,572670,2,153
572515,572669,572672,3,154
572515,572669,572671,2,154
572515,572669,572672,3,154
572518,572670,572671,1,152
572518,572670,572671,1,152
572518,572671,572673,2,153
572518,572670,572673,3,152
572518,572671,572674,3,153
572518,572671,572673,2,153
572518,572671,572673,2,153
572518,572670,572673,3,152
572196,572287,572674,387,91
572518,572671,572675,4,153
572518,572671,572675,4,153
572518,572671,572681,10,153
572518,572672,572682,10,154
572518,572673,572683,10,155
572518,572671,572682,11,153
572518,572672,572683,11,154
572518,572672,572684,12,154
572518,572673,572683,10,155
572518,572675,572683,8,157
572518,572673,572684,11,155
572518,572674,572685,11,156
572518,572672,572684,12,154
572518,572674,572686,12,156
572518,572674,572686,12,156
572518,572674,572686,12,156
572518,572684,572687,3,166
572518,572674,572686,12,156
572518,572674,572686,12,156
572518,572684,572688,4,166
572518,572675,572688,13,157
572518,572683,572688,5,165
572518,572684,572687,3,166
572518,572684,572687,3,166
572518,572686,572689,3,168
572518,572685,572688,3,167
572518,572686,572689,3,168
572518,572687,572689,2,169
572518,572685,572688,3,167
572518,572686,572690,4,168
572518,572683,572690,7,165
572518,572682,572691,9,164
572518,572687,572692,5,169
572518,572683,572692,9,165
572518,572681,572693,12,163
572518,572689,572693,4,171
572518,572690,572693,3,172
572518,572689,572694,5,171
572518,572688,572693,5,170
572518,572689,572694,5,171
572518,572690,572693,3,172
572518,572688,572694,6,170
572518,572688,572693,5,170
572518,572687,572694,7,169
572518,572689,572694,5,171
572518,572692,572696,4,174
572518,572688,572695,7,170
572518,572692,572696,4,174
572518,572688,572696,8,170
572518,572689,572695,6,171
572518,572692,572695,3,174
572518,572695,572697,2,177
572518,572693,572697,4,175
572518,572693,572697,4,175
572518,572694,572696,2,176
572518,572693,572697,4,175
572518,572696,572698,2,178
572518,572694,572698,4,176
572518,572695,572697,2,177
572518,572694,572697,3,176
572518,572694,572697,3,176
572518,572695,572698,3,177
572518,572694,572697,3,176
572518,572696,572699,3,178
572518,572696,572698,2,178
572518,572696,572698,2,178
572518,572696,572698,2,178
572521,572697,572700,3,176
572521,572697,572700,3,176
572521,572698,572700,2,177
572521,572698,572700,2,177
572521,572697,572699,2,176
572521,572697,572699,2,176
572521,572698,572699,1,177
572521,572698,572700,2,177
572521,572698,572702,4,177
572521,572698,572704,6,177
572521,572698,572707,9,177
572521,572699,572710,11,178
572521,572698,572710,12,177
572521,572700,572711,11,179
572521,572699,572711,12,178
572521,572699,572711,12,178
572521,572700,572711,11,179
572521,572700,572711,11,179
572521,572700,572711,11,179
572521,572700,572712,12,179
572521,572699,572712,13,178
572521,572700,572712,12,179
572521,572700,572713,13,179
572521,572702,572712,10,181
572521,572701,572713,12,180
572202,572319,572713,394,117
572521,572704,572714,10,183
572521,572712,572715,3,191
572521,572712,572715,3,191
572521,572713,572716,3,192
572521,572712,572716,4,191
572521,572712,572716,4,191
572521,572712,572716,4,191
572521,572714,572717,3,193
572521,572713,572716,3,192
572521,572714,572718,4,193
572521,572715,572719,4,194
572521,572710,572719,9,189
572521,572707,572719,12,186
572521,572711,572720,9,190
572521,572716,572721,5,195
572521,572711,572721,10,190
572521,572716,572721,5,195
572521,572710,572722,12,189
572521,572715,572722,7,194
572521,572717,572722,5,196
572521,572717,572722,5,196
572521,572711,572721,10,190
572521,572716,572723,7,195
572521,572711,572723,12,190
572521,572716,572723,7,195
572521,572719,572722,3,198
572521,572719,572724,5,198
572521,572716,572724,8,195
572521,572720,572724,4,199
572521,572721,572724,3,200
572217,572335,572723,388,118
572521,572718,572723,5,197
572521,572722,572724,2,201
572521,572723,572725,2,202
572521,572720,572724,4,199
572521,572722,572725,3,201
572521,572722,572725,3,201
572521,572721,572726,5,200
572521,572723,572725,2,202
572521,572722,572725,3,201
572521,572724,572726,2,203
572521,572723,572725,2,202
572521,572722,572725,3,201
572521,572722,572725,3,201
572521,572723,572725,2,202
572521,572724,572727,3,203
572521,572725,572727,2,204
572521,572725,572727,2,204
572521,572724,572727,3,203
572598,572726,572728,2,128
572598,572726,572727,1,128
572598,572725,572727,2,127
572598,572726,572728,2,128
572598,572726,572728,2,128
572521,572725,572727,2,204
572521,572724,572727,3,203
572598,572725,572727,2,127
572598,572726,572729,3,128
572598,572726,572729,3,128
572598,572726,572728,2,128
572598,572726,572731,5,128
572598,572731,572734,3,133
572598,572729,572735,6,131
572598,572726,572735,9,128
572598,572734,572737,3,136
572598,572727,572737,10,129
572598,572735,572738,3,137
572598,572728,572738,10,130
572598,572727,572739,12,129
572598,572736,572739,3,138
572598,572728,572738,10,130
572598,572728,572740,12,130
572598,572729,572740,11,131
572598,572727,572739,12,129
572598,572728,572740,12,130
572598,572728,572740,12,130
572598,572727,572739,12,129
572598,572728,572740,12,130
572598,572737,572740,3,139
572598,572728,572740,12,130
572598,572737,572741,4,139
572598,572728,572740,12,130
572598,572729,572741,12,131
572598,572738,572742,4,140
572259,572357,572741,384,98
572598,572740,572743,3,142
572598,572740,572743,3,142
572598,572740,572743,3,142
572598,572739,572743,4,141
572598,572739,572742,3,141
572598,572740,572743,3,142
572598,572739,572744,5,141
572598,572740,572743,3,142
572598,572740,572744,4,142
572598,572738,572743,5,140
572598,572740,572743,3,142
572598,572740,572745,5,142
572598,572741,572746,5,143
572598,572742,572746,4,144
572598,572741,572746,5,143
572598,572741,572746,5,143
572598,572743,572747,4,145
572598,572741,572747,6,143
572598,572744,572747,3,146
572598,572743,572747,4,145
572598,572743,572747,4,145
572598,572743,572746,3,145
572598,572742,572748,6,144
572598,572743,572747,4,145
572598,572743,572747,4,145
572598,572744,572748,4,146
572598,572745,572748,3,147
572598,572744,572749,5,146
572598,572744,572749,5,146
572598,572744,572748,4,146
572598,572746,572748,2,148
572598,572746,572750,4,148
572598,572747,572750,3,149
572598,572747,572750,3,149
572598,572747,572750,3,149
572598,572746,572749,3,148
572598,572748,572749,1,150
572628,572749,572750,1,121
572598,572747,572750,3,149
572628,572748,572749,1,120
572598,572747,572750,3,149
572628,572749,572751,2,121
572628,572749,572751,2,121
572598,572747,572750,3,149
572628,572748,572750,2,120
572598,572748,572750,2,150
572598,572748,572750,2,150
572628,572750,572752,2,122
572628,572749,572751,2,121
572628,572750,572752,2,122
572628,572750,572752,2,122
572628,572750,572754,4,122
572284,572384,572755,371,100
572628,572754,572757,3,126
572628,572755,572758,3,127
572628,572753,572758,5,125
572628,572757,572759,2,129
572628,572750,572760,10,122
572628,572750,572760,10,122
572628,572752,572759,7,124
572628,572750,572760,10,122
572628,572750,572761,11,122
572628,572752,572761,9,124
572628,572758,572760,2,130
572628,572751,572761,10,123
572628,572750,572761,11,122
572628,572751,572762,11,123
572628,572758,572761,3,130
572628,572751,572762,11,123
572628,572760,572762,2,132
572628,572751,572763,12,123
572628,572759,572762,3,131
572628,572751,572763,12,123
572628,572761,572763,2,133
572628,572751,572762,11,123
572628,572752,572763,11,124
572628,572760,572763,3,132
572628,572760,572764,4,132
572628,572760,572764,4,132
572628,572761,572764,3,133
572628,572751,572763,12,123
572628,572761,572763,2,133
572628,572761,572764,3,133
572378,572502,572765,263,124
572628,572761,572764,3,133
572628,572763,572766,3,135
572628,572762,572765,3,134
572628,572762,572765,3,134
572628,572762,572765,3,134
572628,572763,572766,3,135
572628,572764,572767,3,136
572628,572763,572767,4,135
572628,572763,572768,5,135
572628,572763,572768,5,135
572628,572764,572768,4,136
572628,572764,572768,4,136
572628,572763,572768,5,135
572628,572764,572768,4,136
572628,572766,572769,3,138
572628,572765,572768,3,137
572628,572766,572768,2,138
572628,572767,572769,2,139
572628,572763,572768,5,135
572628,572764,572768,4,136
572628,572765,572769,4,137
572628,572766,572770,4,138
572628,572766,572769,3,138
572628,572765,572769,4,137
572628,572765,572769,4,137
572628,572766,572770,4,138
572628,572768,572770,2,140
572628,572768,572771,3,140
572628,572768,572771,3,140
572684,572769,572771,2,85
572628,572768,572771,3,140
572628,572769,572770,1,141
572684,572770,572771,1,86
572628,572767,572770,3,139
572628,572768,572770,2,140
572628,572768,572770,2,140
572684,572769,572772,3,85
572628,572769,572772,3,141
572684,572770,572771,1,86
572684,572771,572773,2,87
572684,572770,572773,3,86
572684,572770,572772,2,86
572684,572770,572772,2,86
572684,572770,572773,3,86
572684,572771,572775,4,87
572684,572774,572777,3,90
572684,572774,572778,4,90
572684,572776,572778,2,92
572684,572777,572780,3,93
572684,572778,572781,3,94
572684,572771,572781,10,87
572684,572771,572781,10,87
572684,572771,572782,11,87
572684,572778,572782,4,94
572684,572771,572782,11,87
572684,572774,572781,7,90
572684,572772,572783,11,88
572684,572773,572783,10,89
572684,572771,572783,12,87
572684,572771,572783,12,87
572684,572771,572784,13,87
572684,572780,572784,4,96
572684,572782,572784,2,98
572684,572771,572783,12,87
572684,572773,572784,11,89
572684,572773,572784,11,89
572684,572781,572784,3,97
572684,572771,572783,12,87
572684,572772,572784,12,88
572684,572782,572785,3,98
572684,572781,572785,4,97
572684,572782,572784,2,98
572684,572783,572786,3,99
572684,572783,572786,3,99
572684,572781,572785,4,97
572684,572782,572785,3,98
572684,572783,572787,4,99
572684,572784,572787,3,100
572684,572783,572788,5,99
572684,572784,572788,4,100
572684,572784,572788,4,100
572684,572785,572788,3,101
572684,572784,572789,5,100
572684,572784,572789,5,100
572684,572784,572789,5,100
572684,572785,572789,4,101
572684,572784,572789,5,100
572684,572785,572790,5,101
572684,572788,572790,2,104
572684,572784,572789,5,100
572684,572786,572789,3,102
572684,572788,572790,2,104
572684,572784,572789,5,100
572684,572786,572791,5,102
572684,572787,572791,4,103
572684,572786,572791,5,102
572684,572786,572791,5,102
572684,572788,572791,3,104
572684,572787,572790,3,103
572684,572789,572792,3,105
572684,572789,572792,3,105
572684,572790,572792,2,106
572684,572789,572793,4,105
572684,572790,572793,3,106
572684,572790,572793,3,106
572684,572789,572792,3,105
572684,572788,572792,4,104
572684,572789,572792,3,105
572684,572790,572792,2,106
572715,572791,572794,3,76
572715,572791,572794,3,76
572684,572790,572793,3,106
572715,572792,572793,1,77
572715,572791,572793,2,76
572715,572791,572794,3,76
572715,572791,572793,2,76
572715,572792,572795,3,77
572715,572792,572795,3,77
572715,572792,572795,3,77
572349,572414,572799,385,65
572715,572793,572799,6,78
572715,572793,572801,8,78
572715,572795,572804,9,80
572715,572793,572805,12,78
572715,572793,572805,12,78
572715,572794,572805,11,79
572715,572795,572805,10,80
572715,572793,572806,13,78
572715,572794,572806,12,79
572715,572794,572806,12,79
572715,572794,572806,12,79
572715,572795,572807,12,80
572715,572793,572806,13,78
572715,572793,572806,13,78
572715,572794,572806,12,79
572715,572805,572808,3,90
572715,572794,572807,13,79
572715,572794,572808,14,79
572715,572805,572809,4,90
572715,572805,572809,4,90
572715,572806,572810,4,91
572715,572799,572810,11,84
572715,572805,572810,5,90
572715,572806,572810,4,91
572715,572801,572809,8,86
572715,572807,572810,3,92
572715,572807,572811,4,92
572715,572807,572810,3,92
572715,572807,572811,4,92
572715,572804,572811,7,89
572715,572806,572810,4,91
572715,572799,572810,11,84
572715,572807,572813,6,92
572715,572808,572813,5,93
572715,572810,572814,4,95
572715,572808,572814,6,93
572715,572810,572814,4,95
572715,572810,572814,4,95
572715,572810,572814,4,95
572715,572809,572815,6,94
572715,572811,572815,4,96
572715,572811,572815,4,96
572715,572808,572815,7,93
572715,572811,572816,5,96
572715,572809,572816,7,94
572715,572810,572815,5,95
572715,572814,572816,2,99
572715,572811,572816,5,96
572715,572811,572815,4,96
572715,572811,572816,5,96
572715,572815,572817,2,100
572715,572811,572816,5,96
572715,572813,572816,3,98
572715,572814,572818,4,99
572715,572814,572817,3,99
572715,572815,572818,3,100
572715,572814,572818,4,99
572715,572814,572817,3,99
572715,572815,572817,2,100
572715,572815,572817,2,100
572715,572813,572817,4,98
572715,572816,572817,1,101
572715,572816,572819,3,101
572715,572816,572819,3,101
572725,572817,572819,2,92
572715,572816,572818,2,101
572715,572816,572818,2,101
572725,572817,572820,3,92
572725,572818,572820,2,93
572725,572817,572819,2,92
572725,572818,572820,2,93
572725,572818,572821,3,93
572725,572818,572821,3,93
572725,572817,572820,3,92
572725,572818,572821,3,93
572371,572445,572822,377,74
572725,572818,572822,4,93
572725,572818,572827,9,93
572725,572819,572828,9,94
572725,572819,572829,10,94
572725,572819,572830,11,94
572725,572819,572830,11,94
572725,572821,572830,9,96
572725,572819,572831,12,94
572725,572819,572831,12,94
572725,572822,572831,9,97
572725,572821,572832,11,96
572725,572819,572832,13,94
572725,572820,572833,13,95
572725,572820,572833,13,95
572725,572821,572832,11,96
572725,572820,572833,13,95
572725,572823,572833,10,98
572725,572820,572833,13,95
572725,572821,572835,14,96
572725,572833,572836,3,108
572725,572832,572835,3,107
572725,572831,572837,6,106
572725,572832,572837,5,107
572725,572831,572838,7,106
572725,572830,572838,8,105
572725,572828,572838,10,103
572725,572833,572838,5,108
572725,572827,572837,10,102
572725,572830,572839,9,105
572725,572829,572839,10,104
572725,572830,572840,10,105
572725,572831,572839,8,106
572725,572833,572839,6,108
572725,572834,572841,7,109
572725,572838,572841,3,113
572725,572837,572841,4,112
572725,572835,572841,6,110
572725,572834,572842,8,109
572725,572838,572842,4,113
572725,572838,572842,4,113
572725,572838,572842,4,113
572725,572834,572841,7,109
572725,572838,572843,5,113
572725,572836,572842,6,111
572725,572837,572842,5,112
572725,572837,572842,5,112
572725,572841,572844,3,116
572725,572839,572844,5,114
572725,572840,572844,4,115
572725,572840,572845,5,115
572725,572842,572845,3,117
572725,572842,572845,3,117
572725,572842,572844,2,117
572725,572839,572844,5,114
572725,572840,572844,4,115
572725,572841,572844,3,116
572725,572843,572845,2,118
572725,572843,572846,3,118
572725,572843,572846,3,118
572725,572844,572846,2,119
572725,572844,572846,2,119
572725,572842,572845,3,117
572725,572842,572845,3,117
572725,572842,572845,3,117
572725,572843,572846,3,118
572725,572843,572846,3,118
572743,572845,572847,2,102
572743,572845,572847,2,102
572743,572845,572848,3,102
572743,572845,572848,3,102
572743,572845,572848,3,102
572743,572846,572849,3,103
572743,572845,572848,3,102
572743,572846,572848,2,103
572743,572846,572848,2,103
572743,572845,572849,4,102
572743,572846,572853,7,103
572743,572849,572854,5,106
572743,572846,572855,9,103
572743,572849,572854,5,106
572743,572850,572856,6,107
572743,572849,572857,8,106
572743,572847,572856,9,104
572743,572853,572858,5,110
572743,572846,572858,12,103
572743,572847,572859,12,104
572743,572847,572859,12,104
572743,572848,572859,11,105
572743,572848,572858,10,105
572743,572846,572859,13,103
572743,572846,572859,13,103
572743,572846,572860,14,103
572743,572849,572859,10,106
572743,572848,572860,12,105
572743,572854,572861,7,111
572743,572855,572862,7,112
572743,572859,572865,6,116
572743,572859,572866,7,116
572743,572855,572866,11,112
572743,572857,572866,9,114
572743,572858,572865,7,115
572743,572859,572865,6,116
572743,572858,572866,8,115
572743,572859,572867,8,116
572743,572860,572867,7,117
572743,572857,572867,10,114
572743,572861,572866,5,118
572743,572860,572866,6,117
572743,572862,572866,4,119
572743,572859,572867,8,116
572743,572860,572867,7,117
572743,572859,572869,10,116
572372,572473,572868,395,101
572743,572856,572868,12,113
572743,572867,572870,3,124
572743,572866,572870,4,123
572743,572866,572871,5,123
572743,572867,572871,4,124
572743,572866,572870,4,123
572743,572866,572870,4,123
572743,572866,572871,5,123
572743,572867,572871,4,124
572743,572867,572872,5,124
572743,572867,572871,4,124
572743,572869,572872,3,126
572743,572870,572872,2,127
572743,572865,572872,7,122
572743,572870,572872,2,127
572743,572866,572872,6,123
572743,572869,572873,4,126
572743,572869,572872,3,126
572743,572867,572872,5,124
572743,572867,572872,5,124
572743,572868,572872,4,125
572762,572872,572874,2,110
572743,572871,572874,3,128
572743,572872,572874,2,129
572743,572871,572874,3,128
572743,572871,572874,3,128
572743,572871,572873,2,128
572762,572872,572873,1,110
572743,572871,572875,4,128
572743,572871,572874,3,128
572762,572873,572875,2,111
572762,572872,572874,2,110
572762,572873,572875,2,111
572743,572872,572874,2,129
572762,572873,572875,2,111
572762,572873,572876,3,111
572762,572874,572876,2,112
572762,572873,572876,3,111
572762,572873,572875,2,111
572762,572874,572880,6,112
572762,572876,572880,4,114
572762,572876,572881,5,114
572762,572876,572881,5,114
572762,572874,572884,10,112
572762,572880,572884,4,118
572762,572880,572884,4,118
572762,572875,572884,9,113
572762,572876,572885,9,114
572762,572875,572885,10,113
572762,572881,572884,3,119
572762,572875,572886,11,113
572762,572876,572885,9,114
572762,572874,572886,12,112
572762,572881,572885,4,119
572762,572875,572886,11,113
572762,572874,572886,12,112
572762,572875,572886,11,113
572762,572875,572887,12,113
572762,572875,572887,12,113
572762,572884,572888,4,122
572762,572875,572887,12,113
572762,572884,572888,4,122
572762,572884,572889,5,122
572762,572884,572889,5,122
572762,572886,572892,6,124
572762,572886,572892,6,124
572762,572888,572892,4,126
572762,572885,572892,7,123
572762,572885,572891,6,123
572762,572886,572892,6,124
572762,572888,572893,5,126
572762,572888,572893,5,126
572762,572889,572893,4,127
572762,572888,572893,5,126
572762,572889,572893,4,127
572762,572887,572892,5,125
572762,572886,572893,7,124
572762,572885,572894,9,123
572762,572886,572893,7,124
572762,572886,572894,8,124
572762,572892,572895,3,130
572762,572893,572895,2,131
572762,572889,572894,5,127
572762,572892,572896,4,130
572762,572892,572895,3,130
572762,572892,572896,4,130
572762,572892,572895,3,130
572762,572893,572897,4,131
572762,572892,572897,5,130
572762,572893,572896,3,131
572762,572894,572897,3,132
572762,572893,572897,4,131
572762,572895,572897,2,133
572762,572895,572897,2,133
572762,572895,572898,3,133
572762,572896,572897,1,134
572762,572896,572898,2,134
572762,572894,572897,3,132
572762,572894,572897,3,132
572762,572896,572898,2,134
572762,572895,572899,4,133
572762,572895,572898,3,133
572762,572895,572898,3,133
572765,572897,572899,2,132
572765,572897,572899,2,132
572762,572896,572898,2,134
572765,572897,572899,2,132
572765,572897,572899,2,132
572765,572898,572900,2,133
572765,572898,572899,1,133
572765,572897,572899,2,132
572765,572897,572899,2,132
572765,572898,572901,3,133
572765,572898,572900,2,133
572765,572898,572904,6,133
572765,572901,572906,5,136
572765,572901,572907,6,136
572765,572900,572906,6,135
572765,572898,572908,10,133
572765,572899,572908,9,134
572765,572904,572908,4,139
572765,572900,572908,8,135
572765,572900,572909,9,135
572765,572899,572909,10,134
572765,572899,572909,10,134
572765,572899,572910,11,134
572765,572899,572910,11,134
572765,572900,572910,10,135
572765,572906,572910,4,141
572765,572899,572910,11,134
572765,572908,572911,3,143
572765,572908,572911,3,143
572765,572899,572910,11,134
572765,572907,572911,4,142
572765,572908,572912,4,143
572765,572907,572912,5,142
572765,572908,572912,4,143
572765,572899,572913,14,134
572765,572909,572913,4,144
572765,572909,572914,5,144
572765,572909,572914,5,144
572765,572910,572915,5,145
572765,572910,572915,5,145
572765,572910,572916,6,145
572765,572912,572916,4,147
572765,572910,572916,6,145
572765,572910,572916,6,145
572765,572914,572917,3,149
572765,572911,572917,6,146
572765,572914,572917,3,149
572765,572911,572917,6,146
572765,572914,572916,2,149
572765,572912,572917,5,147
572765,572911,572918,7,146
572765,572911,572917,6,146
572765,572912,572917,5,147
572765,572915,572918,3,150
572765,572916,572920,4,151
572765,572916,572920,4,151
572765,572915,572920,5,150
572765,572917,572920,3,152
572765,572913,572919,6,148
572765,572917,572920,3,152
572765,572916,572921,5,151
572765,572917,572920,3,152
572765,572917,572921,4,152
572765,572916,572920,4,151
572765,572917,572920,3,152
572765,572919,572922,3,154
572765,572920,572922,2,155
572765,572917,572921,4,152
572765,572918,572921,3,153
572765,572920,572922,2,155
572804,572921,572923,2,117
572765,572918,572922,4,153
572765,572920,572923,3,155
572765,572919,572923,4,154
572765,572920,572923,3,155
572804,572921,572923,2,117
572765,572920,572923,3,155
572804,572921,572924,3,117
572804,572922,572924,2,118
572765,572920,572923,3,155
572804,572922,572924,2,118
572804,572922,572923,1,118
572804,572921,572923,2,117
572804,572922,572924,2,118
572804,572923,572925,2,119
572804,572922,572925,3,118
572398,572528,572924,396,130
572804,572925,572929,4,121
572804,572923,572929,6,119
572804,572925,572930,5,121
572804,572925,572931,6,121
572804,572923,572932,9,119
572804,572924,572933,9,120
572804,572930,572933,3,126
572804,572929,572933,4,125
572804,572930,572934,4,126
572804,572923,572934,11,119
572804,572924,572934,10,120
572804,572924,572933,9,120
572804,572923,572935,12,119
572804,572924,572935,11,120
572804,572925,572935,10,121
572804,572931,572935,4,127
572804,572933,572936,3,129
572804,572932,572936,4,128
572804,572933,572936,3,129
572804,572924,572936,12,120
572804,572924,572937,13,120
572804,572923,572937,14,119
572804,572933,572937,4,129
572804,572924,572936,12,120
572804,572935,572938,3,131
572804,572934,572938,4,130
572804,572934,572938,4,130
572804,572935,572939,4,131
572804,572934,572938,4,130
572410,572553,572940,387,143
572804,572936,572940,4,132
572804,572935,572940,5,131
572516,572670,572940,270,154
572804,572935,572941,6,131
572804,572936,572941,5,132
572804,572938,572941,3,134
572804,572937,572941,4,133
572804,572938,572941,3,134
572804,572936,572942,6,132
572804,572937,572942,5,133
572804,572939,572942,3,135
572804,572938,572941,3,134
572804,572935,572942,7,131
572804,572936,572941,5,132
572804,572940,572943,3,136
572804,572937,572943,6,133
572804,572937,572942,5,133
572804,572941,572944,3,137
572804,572939,572944,5,135
572804,572940,572944,4,136
572804,572942,572944,2,138
572804,572940,572944,4,136
572804,572941,572944,3,137
572804,572942,572945,3,138
572804,572941,572945,4,137
572804,572942,572945,3,138
572804,572940,572944,4,136
572804,572941,572945,4,137
572804,572942,572945,3,138
572804,572942,572945,3,138
572804,572944,572945,1,140
572830,572945,572946,1,115
572804,572943,572945,2,139
572804,572943,572945,2,139
572830,572945,572946,1,115
572830,572944,572946,2,114
572804,572943,572946,3,139
572804,572944,572946,2,140
572804,572942,572946,4,138
572804,572943,572946,3,139
572830,572945,572948,3,115
572830,572945,572947,2,115
572830,572945,572948,3,115
572830,572945,572947,2,115
572830,572946,572948,2,116
572830,572945,572947,2,115
572830,572945,572949,4,115
572830,572946,572951,5,116
572830,572949,572952,3,119
572830,572949,572952,3,119
572830,572948,572953,5,118
572830,572951,572953,2,121
572830,572946,572953,7,116
572830,572948,572954,6,118
572517,572670,572954,284,153
572830,572952,572956,4,122
572830,572953,572956,3,123
572830,572947,572956,9,117
572830,572952,572957,5,122
572830,572954,572957,3,124
572830,572946,572956,10,116
572830,572947,572956,9,117
572830,572948,572958,10,118
572830,572955,572958,3,125
572830,572953,572957,4,123
572830,572948,572958,10,118
572830,572947,572958,11,117
572830,572947,572959,12,117
572830,572955,572959,4,125
572518,572696,572959,263,178
572830,572947,572958,11,117
572830,572948,572958,10,118
572830,572947,572959,12,117
572830,572947,572959,12,117
572830,572956,572961,5,126
572830,572956,572961,5,126
572830,572957,572961,4,127
572830,572956,572960,4,126
572830,572957,572962,5,127
572830,572957,572961,4,127
572830,572959,572962,3,129
572830,572959,572962,3,129
572830,572958,572963,5,128
572830,572958,572963,5,128
572830,572957,572962,5,127
572830,572958,572962,4,128
572830,572958,572963,5,128
572830,572959,572963,4,129
572830,572958,572964,6,128
572830,572959,572964,5,129
572830,572959,572964,5,129
572830,572962,572965,3,132
572830,572961,572964,3,131
572830,572963,572965,2,133
572830,572959,572964,5,129
572830,572960,572964,4,130
572830,572961,572966,5,131
572830,572961,572966,5,131
572830,572963,572966,3,133
572830,572963,572965,2,133
572830,572963,572966,3,133
572830,572961,572965,4,131
572830,572963,572965,2,133
572830,572965,572966,1,135
572830,572963,572966,3,133
572830,572965,572967,2,135
572830,572964,572967,3,134
572830,572964,572967,3,134
572830,572964,572967,3,134
572830,572963,572966,3,133
572830,572965,572966,1,135
572870,572966,572968,2,96
572830,572964,572967,3,134
572830,572965,572967,2,135
572870,572966,572968,2,96
572830,572963,572967,4,133
572870,572966,572967,1,96
572870,572966,572967,1,96
572870,572966,572968,2,96
572870,572966,572968,2,96
572870,572967,572969,2,97
572870,572966,572969,3,96
572870,572966,572968,2,96
572870,572966,572968,2,96
572459,572576,572971,395,117
572870,572969,572973,4,99
572870,572967,572973,6,97
572870,572969,572973,4,99
572870,572969,572973,4,99
572870,572969,572974,5,99
572870,572969,572975,6,99
572870,572971,572975,4,101
572870,572967,572975,8,97
572870,572973,572976,3,103
572870,572973,572976,3,103
572870,572968,572976,8,98
572870,572968,572977,9,98
572870,572968,572977,9,98
572870,572973,572977,4,103
572870,572973,572977,4,103
572870,572968,572977,9,98
572870,572974,572977,3,104
572870,572969,572978,9,99
572870,572975,572977,2,105
572870,572968,572978,10,98
572870,572968,572979,11,98
572870,572967,572979,12,97
572870,572967,572980,13,97
572870,572968,572980,12,98
572870,572975,572980,5,105
572870,572968,572980,12,98
572870,572976,572981,5,106
572870,572975,572981,6,105
572870,572976,572981,5,106
572870,572978,572982,4,108
572870,572977,572983,6,107
572870,572977,572982,5,107
572870,572977,572983,6,107
572870,572977,572983,6,107
572870,572978,572984,6,108
572870,572977,572984,7,107
572870,572977,572983,6,107
572870,572978,572983,5,108
572870,572980,572984,4,110
572870,572978,572984,6,108
572870,572980,572985,5,110
572870,572981,572985,4,111
572870,572979,572984,5,109
572870,572980,572984,4,110
572870,572981,572985,4,111
572870,572980,572986,6,110
572870,572983,572986,3,113
572870,572983,572985,2,113
572870,572979,572985,6,109
572870,572984,572987,3,114
572870,572984,572986,2,114
572870,572984,572987,3,114
572870,572982,572987,5,112
572870,572984,572987,3,114
572870,572983,572986,3,113
572870,572984,572986,2,114
572870,572985,572987,2,115
572870,572986,572988,2,116
572870,572984,572987,3,114
572870,572985,572988,3,115
572934,572986,572988,2,52
572870,572985,572988,3,115
572870,572985,572987,2,115
572870,572983,572987,4,113
572934,572987,572988,1,53
572934,572987,572989,2,53
572870,572985,572988,3,115
572934,572987,572989,2,53
572870,572984,572988,4,114
572934,572986,572988,2,52
572934,572987,572988,1,53
572934,572987,572990,3,53
572934,572987,572990,3,53
572934,572987,572989,2,53
572934,572987,572990,3,53
572934,572990,572995,5,56
572934,572990,572995,5,56
572934,572988,572995,7,54
572934,572990,572995,5,56
572465,572599,572996,397,134
572934,572989,572996,7,55
572934,572991,572996,5,57
572934,572988,572998,10,54
572934,572989,572998,9,55
572934,572995,572999,4,61
572934,572988,572999,11,54
572934,572989,572999,10,55
572934,572995,572999,4,61
572934,572988,572998,10,54
572934,572989,572998,9,55
572934,572989,572999,10,55
572934,572988,572999,11,54
572934,572995,573000,5,61
572934,572996,573000,4,62
572934,572995,573000,5,61
572934,572988,572999,11,54
572934,572996,573000,4,62
572934,572989,573001,12,55
572934,572988,573000,12,54
572934,572989,573001,12,55
572934,572998,573002,4,64
572934,572998,573003,5,64
572934,572997,573003,6,63
572934,573002,573004,2,68
572934,573001,573004,3,67
572934,573000,573005,5,66
572934,573001,573005,4,67
572934,572999,573005,6,65
572934,573002,573005,3,68
572934,572999,573005,6,65
572934,573000,573005,5,66
572934,572999,573006,7,65
572934,573000,573006,6,66
572934,573000,573005,5,66
572934,572999,573005,6,65
572934,572999,573007,8,65
572934,572999,573006,7,65
572934,573000,573006,6,66
572934,572999,573006,7,65
572934,573000,573006,6,66
572934,573003,573007,4,69
572934,573004,573007,3,70
572934,573005,573007,2,71
572934,573006,573008,2,72
572934,573003,573007,4,69
572934,573005,573007,2,71
572503,572625,573009,384,122
572934,573005,573008,3,71
572934,573004,573009,5,70
572934,573005,573009,4,71
572934,573005,573009,4,71
572934,573006,573009,3,72
572934,573005,573008,3,71
572941,573008,573010,2,67
572934,573007,573010,3,73
572934,573007,573010,3,73
572522,572725,573009,284,203
572934,573007,573009,2,73
572941,573008,573010,2,67
572934,573006,573009,3,72
572934,573007,573010,3,73
572941,573008,573011,3,67
572934,573006,573010,4,72
572941,573009,573011,2,68
572941,573009,573011,2,68
572934,573007,573010,3,73
572934,573007,573010,3,73
572941,573009,573011,2,68
572934,573007,573010,3,73
572941,573009,573011,2,68
572941,573009,573011,2,68
572941,573009,573013,4,68
572941,573009,573012,3,68
572941,573010,573015,5,69
572941,573011,573016,5,70
572941,573011,573017,6,70
572941,573011,573016,5,70
572941,573013,573017,4,72
572941,573012,573017,5,71
572941,573015,573018,3,74
572941,573013,573018,5,72
572941,573011,573019,8,70
572941,573010,573020,10,69
572941,573016,573020,4,75
572941,573011,573021,10,70
572941,573010,573020,10,69
572941,573011,573021,10,70
572941,573017,573021,4,76
572941,573011,573021,10,70
572941,573010,573020,10,69
572941,573011,573021,10,70
572941,573011,573022,11,70
572941,573011,573022,11,70
572941,573017,573022,5,76
572941,573010,573021,11,69
572941,573010,573022,12,69
572941,573017,573023,6,76
572941,573010,573022,12,69
572941,573018,573024,6,77
572941,573022,573025,3,81
572941,573022,573025,3,81
572941,573019,573026,7,78
572941,573023,573026,3,82
572941,573018,573026,8,77
572941,573020,573027,7,79
572941,573020,573026,6,79
572941,573021,573026,5,80
572941,573021,573027,6,80
572941,573022,573027,5,81
572941,573023,573026,3,82
572941,573023,573027,4,82
572941,573022,573027,5,81
572941,573021,573028,7,80
572941,573018,573028,10,77
572941,573021,573027,6,80
572941,573021,573027,6,80
572941,573021,573027,6,80
572941,573024,573029,5,83
572941,573025,573028,3,84
572941,573027,573029,2,86
572941,573022,573028,6,81
572941,573026,573029,3,85
572941,573026,573029,3,85
572941,573027,573030,3,86
572941,573025,573029,4,84
572941,573027,573030,3,86
572941,573027,573031,4,86
572941,573026,573029,3,85
572941,573027,573030,3,86
572941,573027,573030,3,86
572941,573027,573029,2,86
572941,573027,573029,2,86
572941,573029,573030,1,88
572941,573029,573031,2,88
572941,573028,573032,4,87
572941,573028,573031,3,87
572941,573029,573032,3,88
572941,573028,573031,3,87
572941,573028,573032,4,87
572941,573029,573031,2,88
572941,573029,573031,2,88
572941,573029,573031,2,88
572941,573030,573032,2,89
572941,573031,573033,2,90
572941,573028,573032,4,87
572941,573030,573032,2,89
572941,573031,573033,2,90
572941,573031,573035,4,90
572941,573033,573038,5,92
572941,573034,573039,5,93
572941,573033,573039,6,92
572941,573033,573040,7,92
572941,573034,573039,5,93
572941,573031,573041,10,90
572941,573031,573041,10,90
572941,573035,573041,6,94
572941,573031,573042,11,90
572941,573033,573042,9,92
572941,573031,573041,10,90
572941,573031,573041,10,90
572941,573031,573042,11,90
572941,573032,573043,11,91
572941,573032,573043,11,91
572628,572769,573043,274,141
572941,573032,573044,12,91
572941,573032,573044,12,91
572941,573032,573045,13,91
572941,573038,573045,7,97
572941,573032,573044,12,91
572941,573032,573044,12,91
572941,573042,573046,4,101
572941,573043,573047,4,102
572941,573043,573047,4,102
572941,573042,573047,5,101
572941,573043,573047,4,102
572941,573039,573047,8,98
572941,573042,573047,5,101
572941,573043,573047,4,102
572941,573041,573048,7,100
572941,573039,573048,9,98
572941,573041,573048,7,100
572941,573042,573048,6,101
572941,573041,573048,7,100
572941,573040,573048,8,99
572941,573044,573049,5,103
572941,573044,573049,5,103
572941,573045,573048,3,104
572941,573045,573049,4,104
572941,573046,573048,2,105
572941,573047,573049,2,106
572941,573045,573048,3,104
572941,573045,573048,3,104
572941,573047,573049,2,106
572941,573047,573049,2,106
572941,573048,573050,2,107
572941,573041,573049,8,100
572941,573048,573051,3,107
572941,573047,573050,3,106
572941,573048,573051,3,107
572941,573048,573050,2,107
572941,573048,573051,3,107
572941,573047,573050,3,106
572941,573049,573051,2,108
572941,573049,573052,3,108
572941,573047,573052,5,106
572941,573048,573052,4,107
572941,573049,573052,3,108
572941,573047,573051,4,106
572941,573049,573051,2,108
572941,573050,573051,1,109
572958,573051,573052,1,93
572958,573051,573053,2,93
572941,573049,573052,3,108
572941,573049,573052,3,108
572941,573050,573052,2,109
572941,573050,573052,2,109
572958,573051,573053,2,93
572958,573051,573053,2,93
572958,573052,573053,1,94
572958,573052,573054,2,94
572958,573052,573054,2,94
572958,573050,573053,3,92
572958,573051,573053,2,93
572958,573052,573056,4,94
572958,573054,573058,4,96
572958,573054,573060,6,96
572958,573054,573061,7,96
572958,573056,573061,5,98
572958,573052,573061,9,94
572958,573054,573061,7,96
572958,573053,573063,10,95
572958,573052,573063,11,94
572958,573053,573063,10,95
572958,573052,573064,12,94
572958,573059,573064,5,101
572958,573053,573064,11,95
572958,573054,573064,10,96
572958,573053,573064,11,95
572958,573052,573065,13,94
572958,573053,573065,12,95
572958,573053,573065,12,95
572958,573053,573065,12,95
572958,573053,573065,12,95
572958,573054,573065,11,96
572958,573060,573067,7,102
572958,573061,573068,7,103
572958,573065,573069,4,107
572958,573064,573069,5,106
572958,573064,573069,5,106
572958,573065,573069,4,107
572958,573064,573069,5,106
572958,573064,573069,5,106
572958,573064,573069,5,106
572958,573065,573070,5,107
572958,573066,573070,4,108
572958,573061,573069,8,103
572958,573061,573070,9,103
572958,573063,573069,6,105
572958,573064,573071,7,106
572958,573066,573070,4,108
572958,573068,573071,3,110
572958,573069,573070,1,111
572958,573066,573070,4,108
572958,573063,573071,8,105
572958,573061,573070,9,103
572958,573067,573071,4,109
572958,573069,573072,3,111
572958,573069,573072,3,111
572958,573069,573071,2,111
572958,573069,573072,3,111
572958,573069,573073,4,111
572958,573071,573073,2,113
572958,573069,573073,4,111
572958,573071,573072,1,113
572958,573070,573072,2,112
572958,573070,573074,4,112
572958,573071,573073,2,113
572958,573070,573074,4,112
572958,573071,573074,3,113
572958,573070,573074,4,112
572958,573071,573073,2,113
572958,573070,573073,3,112
572958,573072,573074,2,114
572958,573071,573075,4,113
572958,573071,573074,3,113
572958,573072,573075,3,114
572958,573072,573074,2,114
572958,573072,573075,3,114
572958,573072,573075,3,114
572959,573074,573076,2,115
572959,573074,573075,1,115
572959,573073,573076,3,114
572959,573073,573075,2,114
572959,573074,573075,1,115
572959,573074,573077,3,115
572959,573074,573076,2,115
572959,573073,573076,3,114
572959,573074,573076,2,115
572959,573074,573077,3,115
572959,573074,573081,7,115
572959,573075,573084,9,116
572959,573077,573084,7,118
572959,573079,573086,7,120
572959,573076,573086,10,117
572959,573076,573086,10,117
572959,573075,573087,12,116
572959,573077,573087,10,118
572959,573076,573087,11,117
572959,573076,573087,11,117
572959,573076,573088,12,117
572959,573075,573087,12,116
572959,573081,573088,7,122
572959,573075,573088,13,116
572959,573076,573089,13,117
572959,573076,573088,12,117
572959,573077,573088,11,118
572959,573075,573088,13,116
572959,573077,573090,13,118
572959,573084,573091,7,125
572959,573088,573093,5,129
572959,573089,573093,4,130
572959,573091,573093,2,132
572959,573087,573093,6,128
572959,573087,573094,7,128
572959,573089,573094,5,130
572959,573088,573094,6,129
572959,573088,573093,5,129
572959,573089,573094,5,130
572959,573090,573093,3,131
572959,573088,573094,6,129
572959,573089,573095,6,130
572959,573086,573095,9,127
572959,573084,573095,11,125
572959,573094,573096,2,135
572959,573093,573096,3,134
572959,573093,573096,3,134
572959,573087,573095,8,128
572959,573093,573096,3,134
572959,573087,573095,8,128
572959,573093,573096,3,134
572959,573094,573097,3,135
572959,573094,573097,3,135
572959,573094,573098,4,135
572959,573095,573097,2,136
572959,573096,573098,2,137
572959,573086,573097,11,127
572959,573096,573098,2,137
572959,573095,573098,3,136
572959,573095,573098,3,136
572959,573095,573098,3,136
572959,573086,573099,13,127
572959,573094,573098,4,135
572959,573096,573099,3,137
572959,573096,573099,3,137
572959,573096,573098,2,137
572959,573095,573098,3,136
572959,573098,573100,2,139
572959,573097,573100,3,138
572959,573097,573100,3,138
572959,573096,573099,3,137
572959,573098,573099,1,139
572959,573098,573100,2,139
572979,573098,573100,2,119
572979,573099,573101,2,120
572979,573098,573101,3,119
572959,573097,573100,3,138
572979,573099,573101,2,120
572959,573098,573101,3,139
572979,573098,573100,2,119
572979,573099,573101,2,120
572979,573099,573101,2,120
572979,573099,573101,2,120
572979,573100,573102,2,121
572979,573099,573102,3,120
572979,573102,573107,5,123
572979,573103,573108,5,124
572979,573102,573108,6,123
572979,573100,573110,10,121
572979,573102,573110,8,123
572979,573100,573111,11,121
572979,573107,573111,4,128
572979,573100,573111,11,121
572979,573102,573112,10,123
572979,573108,573112,4,129
572979,573100,573113,13,121
572979,573101,573113,12,122
572979,573101,573113,12,122
572979,573101,573114,13,122
572979,573101,573114,13,122
572979,573111,573114,3,132
572979,573102,573113,11,123
572979,573101,573113,12,122
572979,573101,573113,12,122
572979,573100,573115,15,121
572979,573109,573114,5,130
572979,573110,573114,4,131
572979,573110,573115,5,131
572979,573111,573116,5,132
572979,573112,573117,5,133
572979,573116,573119,3,137
572979,573114,573120,6,135
572979,573113,573120,7,134
572979,573115,573120,5,136
572979,573114,573120,6,135
572979,573115,573121,6,136
572979,573113,573121,8,134
572979,573114,573121,7,135
572979,573117,573120,3,138
572979,573114,573121,7,135
572979,573114,573121,7,135
572979,573119,573121,2,140
572979,573115,573122,7,136
572979,573112,573122,10,133
572979,573115,573122,7,136
572979,573120,573122,2,141
572979,573116,573122,6,137
572979,573121,573123,2,142
572979,573121,573124,3,142
572979,573113,573125,12,134
572979,573113,573125,12,134
572979,573121,573125,4,142
572979,573120,573125,5,141
572979,573121,573125,4,142
572979,573121,573125,4,142
572979,573122,573125,3,143
572979,573122,573126,4,143
572979,573124,573126,2,145
572979,573121,573125,4,142
572979,573123,573125,2,144
572979,573124,573126,2,145
572979,573121,573125,4,142
572979,573121,573125,4,142
572979,573120,573126,6,141
572979,573123,573127,4,144
572979,573123,573126,3,144
572979,573125,573128,3,146
572999,573126,573128,2,127
572999,573126,573128,2,127
572979,573125,573128,3,146
572979,573125,573128,3,146
572999,573126,573129,3,127
572979,573125,573129,4,146
572999,573125,573129,4,126
572999,573126,573129,3,127
572999,573126,573128,2,127
572999,573126,573128,2,127
572999,573126,573129,3,127
572999,573126,573129,3,127
572999,573127,573133,6,128
572999,573127,573137,10,128
572999,573128,573138,10,129
572999,573128,573138,10,129
572999,573127,573139,12,128
572999,573128,573139,11,129
572999,573130,573140,10,131
572999,573128,573140,12,129
572999,573129,573140,11,130
572999,573131,573140,9,132
572999,573129,573141,12,130
572999,573128,573142,14,129
572999,573129,573142,13,130
572999,573129,573143,14,130
572999,573129,573143,14,130
572999,573129,573144,15,130
572999,573133,573143,10,134
572999,573138,573145,7,139
572999,573137,573146,9,138
572999,573138,573146,8,139
572999,573139,573148,9,140
572999,573139,573148,9,140
572999,573141,573150,9,142
572999,573140,573150,10,141
572999,573140,573151,11,141
572999,573140,573150,10,141
572999,573142,573152,10,143
572999,573145,573152,7,146
572999,573143,573153,10,144
572999,573146,573153,7,147
572999,573142,573153,11,143
572999,573142,573153,11,143
572999,573143,573153,10,144
572999,573146,573153,7,147
572999,573148,573154,6,149
572999,573144,573154,10,145
572999,573148,573155,7,149
572599,572748,573156,408,149
572999,573144,573156,12,145
572999,573152,573155,3,153
572999,573153,573156,3,154
572999,573152,573156,4,153
572999,573153,573157,4,154
572999,573153,573157,4,154
572999,573151,573157,6,152
572999,573151,573156,5,152
572999,573154,573158,4,155
572999,573150,573158,8,151
572999,573156,573158,2,157
572999,573153,573158,5,154
572999,573151,573159,8,152
572999,573154,573158,4,155
572999,573153,573159,6,154
572999,573154,573159,5,155
572999,573156,573159,3,157
572999,573155,573159,4,156
572999,573157,573160,3,158
572999,573156,573159,3,157
572999,573157,573160,3,158
572999,573158,573160,2,159
572999,573157,573161,4,158
572999,573156,573160,4,157
572999,573158,573161,3,159
572999,573158,573161,3,159
572999,573156,573160,4,157
572999,573157,573160,3,158
572999,573158,573162,4,159
573009,573159,573161,2,150
573009,573160,573161,1,151
573009,573161,573162,1,152
573009,573159,573161,2,150
573009,573160,573163,3,151
573009,573159,573162,3,150
573009,573160,573163,3,151
573009,573159,573162,3,150
573009,573159,573162,3,150
573009,573161,573164,3,152
573009,573161,573170,9,152
573009,573161,573171,10,152
573009,573162,573172,10,153
573009,573162,573173,11,153
573009,573162,573172,10,153
573009,573162,573173,11,153
573009,573163,573174,11,154
573009,573161,573174,13,152
573009,573162,573173,11,153
573009,573163,573174,11,154
573009,573163,573175,12,154
573009,573162,573175,13,153
573009,573163,573176,13,154
573009,573163,573176,13,154
573009,573164,573176,12,155
573009,573162,573177,15,153
573009,573170,573180,10,161
573009,573172,573180,8,163
573009,573171,573180,9,162
573009,573176,573182,6,167
573009,573174,573182,8,165
573009,573176,573182,6,167
573009,573174,573182,8,165
573009,573175,573183,8,166
572685,572790,573184,394,105
573009,573175,573183,8,166
573009,573174,573184,10,165
573009,573174,573184,10,165
573009,573174,573184,10,165
573009,573174,573184,10,165
573009,573177,573185,8,168
573009,573173,573184,11,164
573009,573178,573184,6,169
573009,573180,573186,6,171
573009,573180,573185,5,171
573009,573183,573187,4,174
573009,573182,573186,4,173
573009,573182,573187,5,173
573009,573180,573187,7,171
573009,573184,573187,3,175
573009,573182,573186,4,173
573009,573183,573188,5,174
573009,573184,573188,4,175
573009,573184,573187,3,175
573009,573184,573188,4,175
573009,573184,573188,4,175
573009,573184,573187,3,175
573009,573186,573188,2,177
573009,573187,573189,2,178
573009,573185,573190,5,176
573009,573187,573189,2,178
573009,573185,573190,5,176
573009,573188,573190,2,179
573009,573188,573190,2,179
573009,573187,573190,3,178
573009,573187,573191,4,178
573009,573188,573191,3,179
573009,573185,573191,6,176
573009,573186,573190,4,177
573009,573189,573191,2,180
573009,573187,573190,3,178
573009,573188,573190,2,179
573009,573189,573191,2,180
573011,573190,573192,2,179
573009,573188,573191,3,179
573009,573188,573191,3,179
573011,573190,573192,2,179
573009,573188,573191,3,179
573011,573190,573193,3,179
573011,573190,573193,3,179
573011,573190,573193,3,179
573011,573191,573194,3,180
573011,573191,573194,3,180
573011,573191,573194,3,180
573011,573191,573194,3,180
573011,573191,573194,3,180
573011,573191,573198,7,180
573011,573192,573201,9,181
573011,573192,573203,11,181
573011,573191,573203,12,180
573011,573192,573204,12,181
573011,573194,573204,10,183
573011,573193,573204,11,182
573011,573194,573205,11,183
573011,573192,573204,12,181
573011,573193,573206,13,182
573011,573192,573206,14,181
573011,573192,573206,14,181
573011,573195,573207,12,184
573011,573194,573208,14,183
573011,573193,573207,14,182
573011,573194,573208,14,183
573011,573198,573211,13,187
573011,573201,573211,10,190
573011,573204,573212,8,193
573011,573204,573213,9,193
573011,573203,573212,9,192
573011,573205,573214,9,194
573011,573204,573214,10,193
573011,573207,573214,7,196
573011,573203,573214,11,192
573011,573208,573214,6,197
573011,573208,573215,7,197
573011,573205,573216,11,194
572716,572817,573215,398,101
573011,573208,573215,7,197
573011,573211,573217,6,200
573011,573206,573217,11,195
573011,573214,573217,3,203
573011,573211,573217,6,200
573011,573206,573218,12,195
573011,573213,573218,5,202
573011,573214,573218,4,203
573011,573214,573218,4,203
573011,573214,573219,5,203
573011,573214,573219,5,203
573011,573214,573218,4,203
573011,573215,573219,4,204
573011,573206,573218,12,195
573011,573217,573220,3,206
573011,573213,573219,6,202
573011,573216,573219,3,205
573011,573217,573220,3,206
573011,573218,573220,2,207
573011,573217,573220,3,206
573011,573217,573221,4,206
573011,573219,573221,2,208
573011,573216,573220,4,205
573011,573218,573220,2,207
573011,573219,573221,2,208
573011,573220,573222,2,209
573011,573220,573222,2,209
573011,573218,573222,4,207
573011,573219,573222,3,208
573011,573218,573221,3,207
573011,573219,573221,2,208
573011,573217,573222,5,206
573011,573220,573223,3,209
573011,573220,573223,3,209
573044,573221,573222,1,177
573044,573222,573223,1,178
573011,573220,573222,2,209
573044,573221,573224,3,177
573011,573220,573223,3,209
573011,573220,573223,3,209
573044,573221,573224,3,177
573044,573222,573224,2,178
573044,573221,573223,2,177
573044,573222,573224,2,178
573044,573222,573225,3,178
573044,573223,573225,2,179
573044,573223,573227,4,179
573044,573223,573234,11,179
573044,573224,573234,10,180
573044,573223,573234,11,179
573044,573223,573234,11,179
573044,573223,573235,12,179
573044,573224,573235,11,180
573044,573224,573236,12,180
573044,573223,573236,13,179
573044,573225,573236,11,181
573044,573224,573236,12,180
573044,573224,573236,12,180
573044,573224,573237,13,180
573044,573226,573239,13,182
573044,573225,573239,14,181
573044,573225,573240,15,181
573044,573227,573239,12,183
573044,573234,573242,8,190
573044,573234,573242,8,190
573044,573235,573243,8,191
573044,573237,573243,6,193
573044,573235,573244,9,191
573044,573237,573244,7,193
573044,573239,573245,6,195
573044,573239,573245,6,195
573044,573242,573246,4,198
573044,573242,573246,4,198
573044,573234,573246,12,190
573044,573237,573245,8,193
573044,573235,573245,10,191
573044,573236,573245,9,192
573044,573237,573245,8,193
573044,573240,573247,7,196
573044,573236,573247,11,192
573044,573240,573247,7,196
573044,573244,573248,4,200
573044,573244,573248,4,200
573044,573244,573249,5,200
573044,573246,573249,3,202
573044,573244,573249,5,200
572870,572986,573249,263,116
573044,573245,573250,5,201
573044,573247,573250,3,203
573044,573245,573250,5,201
573044,573246,573251,5,202
573044,573247,573251,4,203
573044,573247,573250,3,203
573044,573247,573251,4,203
573044,573249,573252,3,205
573044,573246,573252,6,202
573044,573249,573251,2,205
573044,573250,573251,1,206
573044,573251,573252,1,207
573044,573248,573251,3,204
573044,573248,573252,4,204
573044,573249,573251,2,205
573044,573247,573253,6,203
573044,573249,573252,3,205
573044,573250,573253,3,206
573044,573247,573252,5,203
573044,573250,573252,2,206
573044,573250,573252,2,206
573156,573252,573254,2,96
573044,573251,573253,2,207
573044,573251,573253,2,207
573044,573251,573253,2,207
573156,573252,573255,3,96
573156,573253,573255,2,97
573156,573252,573255,3,96
573044,573252,573255,3,208
573044,573252,573254,2,208
573156,573252,573255,3,96
573156,573253,573256,3,97
573156,573253,573255,2,97
573156,573253,573255,2,97
573156,573253,573257,4,97
573156,573253,573257,4,97
572725,572844,573256,412,119
573156,573253,573262,9,97
573156,573254,573264,10,98
573156,573255,573265,10,99
573156,573256,573266,10,100
573156,573255,573266,11,99
573156,573254,573266,12,98
573156,573255,573267,12,99
573156,573255,573266,11,99
573156,573255,573266,11,99
573156,573256,573268,12,100
573156,573256,573268,12,100
573156,573257,573268,11,101
573156,573256,573268,12,100
573156,573256,573268,12,100
573156,573255,573269,14,99
573156,573257,573270,13,101
573156,573257,573270,13,101
573156,573262,573272,10,106
573156,573264,573273,9,108
573156,573265,573273,8,109
573156,573268,573274,6,112
572934,573007,573275,268,73
573156,573266,573274,8,110
573156,573269,573275,6,113
573156,573266,573275,9,110
573156,573269,573275,6,113
573156,573269,573276,7,113
573156,573267,573276,9,111
573156,573270,573276,6,114
573156,573267,573277,10,111
573156,573266,573276,10,110
573156,573267,573277,10,111
573156,573273,573277,4,117
573156,573268,573276,8,112
573156,573268,573278,10,112
573156,573270,573278,8,114
573156,573273,573278,5,117
573156,573272,573278,6,116
573156,573274,573279,5,118
573156,573276,573280,4,120
573156,573276,573280,4,120
573156,573277,573280,3,121
573156,573275,573279,4,119
573156,573275,573279,4,119
573156,573278,573280,2,122
573156,573276,573279,3,120
573156,573276,573279,3,120
573156,573277,573281,4,121
573156,573277,573281,4,121
573156,573275,573280,5,119
573156,573278,573281,3,122
573156,573277,573282,5,121
573156,573278,573281,3,122
573156,573280,573281,1,124
573156,573280,573282,2,124
573156,573279,573282,3,123
573156,573278,573281,3,122
573156,573280,573282,2,124
573156,573278,573281,3,122
573156,573280,573282,2,124
573156,573275,573282,7,119
573156,573280,573281,1,124
573156,573280,573282,2,124
573156,573281,573283,2,125
573184,573281,573284,3,97
573184,573282,573283,1,98
573184,573282,573284,2,98
573156,573280,573283,3,124
573184,573282,573284,2,98
573184,573282,573284,2,98
573156,573280,573283,3,124
573184,573282,573284,2,98
573184,573281,573284,3,97
573184,573282,573284,2,98
573184,573282,573284,2,98
573184,573282,573288,6,98
573184,573282,573293,11,98
573184,573283,573293,10,99
573184,573284,573294,10,100
573184,573282,573294,12,98
573184,573283,573295,12,99
573184,573284,573294,10,100
573184,573285,573296,11,101
573184,573284,573296,12,100
573184,573284,573295,11,100
573184,573284,573297,13,100
573184,573284,573297,13,100
573184,573285,573297,12,101
573184,573282,573297,15,98
573184,573284,573298,14,100
573184,573284,573298,14,100
573184,573284,573297,13,100
573184,573288,573299,11,104
573184,573293,573301,8,109
573184,573297,573301,4,113
573184,573293,573302,9,109
573184,573297,573302,5,113
573184,573297,573302,5,113
573184,573294,573302,8,110
573184,573294,573302,8,110
573184,573295,573303,8,111
573184,573297,573303,6,113
573184,573298,573303,5,114
573184,573295,573303,8,111
573184,573299,573304,5,115
573184,573296,573303,7,112
573184,573298,573303,5,114
573184,573296,573304,8,112
573184,573298,573304,6,114
573184,573296,573304,8,112
573184,573302,573306,4,118
573184,573303,573306,3,119
573184,573302,573306,4,118
573184,573301,573306,5,117
573184,573303,573307,4,119
573184,573303,573306,3,119
573184,573303,573306,3,119
573184,573303,573307,4,119
573184,573303,573307,4,119
573184,573301,573307,6,117
573184,573302,573306,4,118
573184,573304,573308,4,120
573184,573304,573308,4,120
573184,573306,573308,2,122
573184,573304,573308,4,120
573184,573304,573307,3,120
573184,573306,573308,2,122
573184,573307,573309,2,123
573184,573307,573309,2,123
573184,573305,573309,4,121
573184,573305,573309,4,121
573184,573306,573309,3,122
573184,573307,573310,3,123
573184,573307,573309,2,123
573184,573308,573310,2,124
573184,573306,573309,3,122
573184,573307,573310,3,123
573184,573308,573309,1,124
573184,573307,573310,3,123
573184,573308,573310,2,124
573216,573309,573311,2,93
573184,573307,573310,3,123
573216,573308,573312,4,92
573216,573309,573311,2,93
573216,573309,573312,3,93
573216,573309,573311,2,93
573216,573309,573311,2,93
573216,573310,573312,2,94
573216,573310,573312,2,94
573216,573309,573313,4,93
572763,572897,573314,417,134
572805,572944,573315,371,139
573216,573310,573315,5,94
572942,573050,573318,268,108
573216,573310,573320,10,94
572744,572872,573320,448,128
573216,573310,573320,10,94
572943,573050,573321,271,107
573216,573311,573321,10,95
573216,573310,573322,12,94
573216,573310,573322,12,94
573216,573310,573322,12,94
573216,573312,573323,11,96
573216,573312,573323,11,96
573216,573312,573323,11,96
573216,573313,573324,11,97
573216,573313,573324,11,97
573216,573314,573325,11,98
573216,573312,573324,12,96
573216,573312,573324,12,96
573216,573311,573325,14,95
573216,573315,573326,11,99
573216,573321,573326,5,105
573216,573321,573326,5,105
573216,573317,573327,10,101
573216,573312,573327,15,96
573216,573318,573327,9,102
573216,573323,573327,4,107
573216,573323,573326,3,107
573216,573322,573328,6,106
573216,573322,573328,6,106
573216,573322,573329,7,106
573216,573323,573329,6,107
573216,573320,573328,8,104
573216,573324,573329,5,108
573216,573327,573330,3,111
573216,573326,573330,4,110
573216,573326,573330,4,110
573216,573327,573331,4,111
573216,573326,573330,4,110
573216,573327,573331,4,111
573216,573325,573331,6,109
573216,573320,573330,10,104
573216,573325,573330,5,109
573216,573325,573330,5,109
573216,573320,573330,10,104
573216,573325,573331,6,109
573216,573327,573332,5,111
573216,573328,573332,4,112
573216,573325,573331,6,109
573216,573329,573333,4,113
573216,573331,573332,1,115
573216,573330,573332,2,114
573216,573331,573333,2,115
573216,573327,573332,5,111
573216,573330,573333,3,114
573216,573328,573333,5,112
573216,573329,573333,4,113
573216,573329,573332,3,113
573216,573331,573334,3,115
573216,573331,573334,3,115
573216,573331,573334,3,115
573216,573331,573333,2,115
573216,573331,573334,3,115
573216,573331,573333,2,115
573216,573332,573335,3,116
573250,573333,573335,2,83
573250,573333,573334,1,83
573250,573333,573335,2,83
573216,573332,573334,2,116
573216,573329,573334,5,113
573216,573331,573334,3,115
573216,573332,573334,2,116
573250,573333,573336,3,83
573250,573333,573336,3,83
573216,573332,573335,3,116
573250,573333,573336,3,83
573250,573333,573336,3,83
573250,573334,573336,2,84
573250,573333,573336,3,83
573250,573334,573337,3,84
572766,572921,573342,421,155
573250,573334,573344,10,84
573250,573334,573345,11,84
573250,573334,573345,11,84
573250,573335,573346,11,85
573250,573335,573345,10,85
573250,573335,573345,10,85
573250,573334,573346,12,84
573250,573335,573346,11,85
573250,573336,573347,11,86
572831,572965,573348,383,134
573250,573336,573348,12,86
573250,573336,573348,12,86
573250,573336,573348,12,86
573250,573336,573348,12,86
573250,573337,573348,11,87
573250,573337,573348,11,87
573250,573336,573348,12,86
573250,573336,573348,12,86
573250,573338,573348,10,88
573250,573335,573349,14,85
573250,573336,573350,14,86
573250,573342,573352,10,92
573250,573345,573352,7,95
573250,573345,573354,9,95
573250,573350,573355,5,100
573250,573350,573355,5,100
573250,573346,573354,8,96
573250,573346,573355,9,96
573250,573346,573356,10,96
573250,573349,573356,7,99
573250,573349,573355,6,99
573250,573350,573356,6,100
573250,573348,573356,8,98
573250,573350,573355,5,100
573250,573349,573356,7,99
573250,573346,573356,10,96
573250,573348,573357,9,98
573250,573352,573357,5,102
573250,573348,573357,9,98
573250,573347,573356,9,97
573250,573352,573356,4,102
573250,573348,573358,10,98
573250,573348,573358,10,98
573250,573355,573358,3,105
573250,573354,573359,5,104
573250,573355,573359,4,105
573250,573348,573359,11,98
573250,573356,573359,3,106
573250,573345,573358,13,95
573250,573355,573358,3,105
573250,573356,573360,4,106
573250,573356,573359,3,106
573250,573355,573360,5,105
573250,573356,573359,3,106
573250,573356,573359,3,106
573250,573357,573359,2,107
573250,573357,573360,3,107
573250,573357,573360,3,107
573250,573356,573361,5,106
573250,573356,573361,5,106
573250,573357,573360,3,107
573250,573358,573361,3,108
573266,573359,573361,2,93
573250,573358,573360,2,108
573250,573358,573361,3,108
573250,573356,573360,4,106
573250,573358,573360,2,108
573266,573359,573362,3,93
573266,573359,573362,3,93
573266,573359,573361,2,93
573266,573359,573362,3,93
573266,573360,573362,2,94
573266,573360,573362,2,94
573266,573360,573364,4,94
573266,573360,573363,3,94
573266,573360,573363,3,94
572960,573098,573365,267,138
573266,573360,573369,9,94
573266,573361,573370,9,95
573266,573361,573371,10,95
573266,573360,573372,12,94
573266,573361,573372,11,95
573266,573365,573372,7,99
573266,573361,573372,11,95
573266,573362,573372,10,96
573266,573361,573372,11,95
573266,573364,573372,8,98
573266,573363,573373,10,97
573266,573362,573373,11,96
573266,573363,573373,10,97
573266,573360,573372,12,94
573266,573361,573373,12,95
573266,573363,573374,11,97
573266,573369,573374,5,103
573266,573361,573373,12,95
573266,573365,573374,9,99
573266,573363,573373,10,97
573266,573361,573373,12,95
573266,573361,573374,13,95
573266,573371,573376,5,105
573266,573370,573375,5,104
573266,573372,573377,5,106
573266,573365,573377,12,99
573266,573372,573376,4,106
573266,573372,573376,4,106
573266,573372,573378,6,106
573266,573373,573378,5,107
573266,573372,573378,6,106
573266,573373,573378,5,107
573266,573374,573378,4,108
573266,573372,573378,6,106
573266,573372,573379,7,106
573266,573374,573378,4,108
573266,573374,573379,5,108
573266,573373,573379,6,107
573266,573376,573379,3,110
573266,573373,573379,6,107
573266,573374,573378,4,108
573266,573375,573378,3,109
573266,573373,573378,5,107
573266,573374,573378,4,108
573266,573376,573379,3,110
573266,573377,573380,3,111
573266,573374,573379,5,108
573266,573378,573380,2,112
573266,573379,573380,1,113
573266,573378,573381,3,112
573266,573378,573381,3,112
573266,573377,573381,4,111
573266,573378,573381,3,112
573266,573379,573381,2,113
573266,573378,573380,2,112
573266,573379,573382,3,113
573266,573379,573381,2,113
573266,573378,573382,4,112
573275,573380,573382,2,105
573266,573377,573381,4,111
573266,573379,573381,2,113
573266,573379,573381,2,113
573266,573378,573381,3,112
573266,573379,573381,2,113
573275,573381,573382,1,106
573275,573381,573383,2,106
573266,573379,573382,3,113
573275,573380,573382,2,105
573266,573379,573382,3,113
573275,573380,573383,3,105
573275,573381,573384,3,106
573275,573381,573384,3,106
573275,573381,573384,3,106
573275,573381,573383,2,106
573275,573381,573386,5,106
573275,573381,573390,9,106
573275,573382,573392,10,107
573275,573383,573393,10,108
573275,573382,573393,11,107
573275,573382,573394,12,107
573275,573382,573394,12,107
573275,573383,573394,11,108
573275,573383,573394,11,108
573275,573383,573393,10,108
573275,573383,573395,12,108
573275,573384,573395,11,109
573275,573383,573394,11,108
573275,573384,573395,11,109
573275,573383,573395,12,108
573275,573384,573396,12,109
573275,573383,573395,12,108
573275,573383,573395,12,108
573275,573383,573397,14,108
573275,573386,573398,12,111
573275,573384,573397,13,109
573275,573384,573399,15,109
573275,573390,573399,9,115
573275,573392,573402,10,117
573275,573397,573402,5,122
573275,573396,573402,6,121
573275,573396,573403,7,121
573275,573398,573403,5,123
573275,573394,573403,9,119
573275,573396,573404,8,121
573275,573397,573404,7,122
573275,573394,573403,9,119
573275,573393,573403,10,118
573275,573395,573405,10,120
573275,573394,573404,10,119
573275,573395,573404,9,120
573275,573398,573404,6,123
573275,573400,573404,4,125
573275,573394,573406,12,119
573275,573395,573405,10,120
573275,573403,573406,3,128
573275,573402,573406,4,127
573275,573399,573405,6,124
573275,573393,573405,12,118
573275,573394,573405,11,119
573275,573395,573406,11,120
573275,573403,573407,4,128
573275,573402,573407,5,127
573275,573402,573406,4,127
573275,573404,573406,2,129
573275,573404,573406,2,129
573275,573403,573406,3,128
573275,573404,573406,2,129
573275,573405,573408,3,130
573275,573406,573408,2,131
573275,573404,573407,3,129
573275,573406,573408,2,131
573323,573407,573409,2,84
573275,573406,573409,3,131
573275,573406,573409,3,131
573323,573407,573409,2,84
573323,573407,573408,1,84
573275,573406,573409,3,131
573275,573405,573408,3,130
573323,573407,573410,3,84
573275,573405,573409,4,130
573275,573405,573409,4,130
573323,573407,573410,3,84
573275,573406,573409,3,131
573275,573406,573409,3,131
573275,573406,573409,3,131
573323,573407,573409,2,84
573323,573408,573411,3,85
573323,573408,573411,3,85
573323,573408,573410,2,85
573323,573408,573413,5,85
573323,573409,573416,7,86
573323,573409,573418,9,86
573323,573409,573419,10,86
573323,573409,573420,11,86
573323,573411,573419,8,88
573323,573410,573420,10,87
573323,573409,573421,12,86
573323,573409,573421,12,86
573323,573409,573421,12,86
573323,573410,573421,11,87
573323,573410,573421,11,87
573323,573410,573422,12,87
573323,573409,573422,13,86
573323,573410,573421,11,87
573323,573411,573421,10,88
573323,573411,573421,10,88
573323,573419,573423,4,96
573323,573410,573422,12,87
573323,573410,573422,12,87
573323,573410,573422,12,87
573323,573420,573423,3,97
573323,573413,573424,11,90
573323,573420,573424,4,97
573323,573416,573425,9,93
573323,573419,573424,5,96
573323,573421,573426,5,98
573323,573420,573426,6,97
573323,573423,573427,4,100
573323,573422,573427,5,99
573323,573422,573427,5,99
573323,573421,573427,6,98
573323,573423,573427,4,100
573323,573422,573427,5,99
573323,573421,573427,6,98
573323,573423,573428,5,100
573323,573424,573427,3,101
573323,573421,573427,6,98
573323,573425,573428,3,102
573323,573422,573427,5,99
573323,573425,573429,4,102
573323,573423,573428,5,100
573323,573423,573429,6,100
573323,573422,573428,6,99
573323,573424,573428,4,101
573323,573422,573428,6,99
573323,573427,573430,3,104
573323,573427,573429,2,104
573323,573428,573430,2,105
573323,573426,573430,4,103
573323,573428,573430,2,105
573323,573427,573429,2,104
573323,573429,573430,1,106
573323,573427,573431,4,104
573323,573427,573430,3,104
573323,573428,573431,3,105
573323,573426,573430,4,103
573323,573427,573430,3,104
573323,573427,573430,3,104
573323,573428,573430,2,105
573323,573430,573432,2,107
573323,573430,573431,1,107
573323,573430,573432,2,107
573323,573428,573431,3,105
573323,573430,573432,2,107
573323,573429,573431,2,106
573323,573429,573431,2,106
573323,573429,573432,3,106
573323,573429,573432,3,106
573323,573430,573433,3,107
573323,573430,573432,2,107
573323,573430,573432,2,107
573323,573430,573432,2,107
573323,573431,573433,2,108
573323,573431,573434,3,108
573323,573431,573434,3,108
573323,573431,573439,8,108
573323,573433,573441,8,110
573323,573433,573442,9,110
573323,573432,573442,10,109
573323,573433,573443,10,110
573323,573432,573442,10,109
573323,573432,573442,10,109
573323,573433,573443,10,110
573323,573432,573443,11,109
573323,573432,573444,12,109
573323,573433,573444,11,110
573323,573432,573444,12,109
573323,573432,573443,11,109
573323,573431,573444,13,108
573323,573433,573445,12,110
573323,573433,573445,12,110
573323,573432,573444,12,109
573323,573435,573445,10,112
573323,573435,573445,10,112
573323,573433,573445,12,110
573323,573439,573448,9,116
573323,573445,573449,4,122
573323,573441,573449,8,118
573323,573446,573449,3,123
573323,573446,573450,4,123
573323,573443,573450,7,120
573323,573443,573451,8,120
573323,573446,573451,5,123
573323,573443,573450,7,120
573323,573445,573450,5,122
573323,573448,573451,3,125
573323,573442,573452,10,119
573323,573444,573452,8,121
573323,573444,573453,9,121
573323,573445,573452,7,122
573323,573445,573453,8,122
573323,573443,573453,10,120
573323,573442,573452,10,119
573323,573451,573453,2,128
573323,573450,573453,3,127
573323,573444,573453,9,121
573323,573444,573453,9,121
573323,573451,573454,3,128
573323,573449,573454,5,126
573323,573450,573453,3,127
573323,573450,573453,3,127
573323,573452,573453,1,129
573323,573449,573453,4,126
573323,573451,573454,3,128
573323,573451,573454,3,128
573323,573452,573455,3,129
573323,573451,573454,3,128
573323,573453,573455,2,130
573323,573453,573456,3,130
573323,573453,573456,3,130
573323,573453,573456,3,130
573323,573444,573455,11,121
573323,573453,573456,3,130
573323,573453,573456,3,130
573323,573454,573456,2,131
573323,573453,573456,3,130
573323,573454,573457,3,131
573323,573453,573456,3,130
573323,573454,573457,3,131
573323,573454,573457,3,131
573323,573455,573457,2,132
573323,573455,573456,1,132
573323,573454,573456,2,131
573323,573455,573458,3,132
573323,573455,573458,3,132
573323,573456,573458,2,133
573323,573455,573458,3,132
573323,573455,573458,3,132
573323,573456,573458,2,133
572958,573073,573460,387,115
573323,573456,573461,5,133
573323,573456,573467,11,133
573323,573458,573467,9,135
573323,573457,573468,11,134
573323,573456,573468,12,133
573323,573456,573468,12,133
573323,573458,573468,10,135
573323,573456,573468,12,133
573323,573457,573467,10,134
573323,573457,573468,11,134
573323,573457,573469,12,134
573323,573459,573469,10,136
573323,573457,573469,12,134
573323,573457,573469,12,134
573323,573459,573469,10,136
573323,573456,573469,13,133
573323,573457,573469,12,134
573323,573457,573469,12,134
573323,573458,573469,11,135
573323,573459,573469,10,136
573323,573461,573471,10,138
573323,573462,573472,10,139
573323,573471,573474,3,148
573323,573470,573474,4,147
573323,573469,573474,5,146
573323,573470,573474,4,147
573323,573470,573475,5,147
573323,573470,573475,5,147
573323,573468,573475,7,145
573323,573468,573476,8,145
573323,573469,573477,8,146
573323,573467,573477,10,144
573323,573469,573476,7,146
573323,573469,573477,8,146
573323,573472,573476,4,149
573323,573470,573477,7,147
573323,573467,573477,10,144
573323,573468,573478,10,145
573323,573474,573477,3,151
573323,573474,573478,4,151
573323,573468,573477,9,145
573323,573475,573478,3,152
573323,573470,573478,8,147
573323,573474,573477,3,151
573323,573475,573478,3,152
573323,573469,573479,10,146
573323,573475,573478,3,152
573323,573477,573479,2,154
573323,573469,573479,10,146
573323,573475,573478,3,152
573323,573476,573479,3,153
573323,573477,573478,1,154
573323,573477,573478,1,154
573323,573477,573480,3,154
573323,573477,573479,2,154
573323,573469,573479,10,146
573323,573477,573479,2,154
573323,573478,573481,3,155
573323,573478,573481,3,155
573324,573479,573481,2,155
573323,573477,573480,3,154
573323,573478,573480,2,155
573323,573478,573480,2,155
573324,573480,573482,2,156
573323,573478,573482,4,155
573323,573478,573482,4,155
573324,573479,573482,3,155
573323,573478,573481,3,155
573324,573479,573482,3,155
573323,573478,573481,3,155
573324,573479,573482,3,155
573324,573479,573481,2,155
573324,573479,573481,2,155
573324,573479,573482,3,155
573324,573480,573483,3,156
573324,573480,573486,6,156
573324,573480,573489,9,156
573324,573482,573492,10,158
573324,573482,573492,10,158
573324,573482,573492,10,158
573324,573481,573491,10,157
573324,573482,573491,9,158
573324,573481,573492,11,157
573324,573483,573493,10,159
573324,573482,573493,11,158
573324,573481,573492,11,157
573324,573482,573492,10,158
573324,573481,573493,12,157
573324,573481,573493,12,157
573324,573482,573494,12,158
573324,573482,573493,11,158
573324,573482,573494,12,158
573324,573482,573494,12,158
573324,573482,573496,14,158
573324,573486,573496,10,162
573324,573484,573496,12,160
573324,573492,573497,5,168
573324,573492,573497,5,168
573324,573492,573497,5,168
573324,573492,573498,6,168
573324,573492,573497,5,168
573324,573492,573497,5,168
573324,573493,573498,5,169
573324,573494,573499,5,170
573324,573494,573498,4,170
573324,573494,573499,5,170
573324,573493,573498,5,169
573324,573493,573498,5,169
573324,573494,573499,5,170
573324,573489,573500,11,165
573324,573493,573499,6,169
573324,573494,573499,5,170
573324,573497,573500,3,173
573324,573493,573499,6,169
573324,573498,573501,3,174
573324,573497,573501,4,173
573324,573496,573501,5,172
573324,573496,573501,5,172
573324,573496,573501,5,172
573324,573500,573501,1,176
573324,573499,573502,3,175
573324,573499,573501,2,175
573324,573499,573502,3,175
573324,573499,573502,3,175
573324,573500,573502,2,176
573324,573498,573501,3,174
573324,573500,573503,3,176
573324,573497,573502,5,173
573324,573499,573503,4,175
573324,573501,573502,1,177
573324,573502,573503,1,178
573324,573499,573502,3,175
573324,573499,573502,3,175
573324,573500,573502,2,176
573324,573501,573502,1,177
573324,573502,573503,1,178
573324,573501,573504,3,177
573324,573500,573503,3,176
573324,573499,573503,4,175
573324,573501,573504,3,177
573324,573502,573503,1,178
573324,573501,573504,3,177
573324,573502,573506,4,178
572980,573125,573506,381,145
573324,573502,573505,3,178
573324,573502,573506,4,178
573324,573503,573505,2,179
573324,573502,573505,3,178
573324,573503,573507,4,179
573324,573503,573506,3,179
573324,573503,573506,3,179
573324,573503,573508,5,179
573324,573504,573514,10,180
573324,573506,573515,9,182
573324,573504,573514,10,180
573324,573504,573515,11,180
573324,573503,573516,13,179
573324,573504,573516,12,180
573324,573504,573516,12,180
573324,573505,573515,10,181
573324,573506,573516,10,182
573324,573506,573516,10,182
573324,573508,573517,9,184
573324,573507,573517,10,183
573324,573504,573517,13,180
573324,573504,573516,12,180
573324,573506,573518,12,182
573324,573507,573517,10,183
573324,573506,573518,12,182
573324,573504,573517,13,180
573324,573505,573517,12,181
573324,573507,573518,11,183
573324,573506,573518,12,182
573044,573252,573519,267,208
573324,573518,573521,3,194
573324,573518,573521,3,194
573324,573519,573521,2,195
573324,573518,573521,3,194
573324,573518,573522,4,194
573324,573514,573522,8,190
573324,573519,573523,4,195
573324,573519,573523,4,195
573324,573516,573523,7,192
573324,573517,573523,6,193
573324,573516,573524,8,192
573324,573518,573523,5,194
573324,573523,573524,1,199
573324,573516,573523,7,192
573324,573517,573524,7,193
573324,573517,573524,7,193
573324,573515,573525,10,191
573324,573521,573525,4,197
573324,573516,573524,8,192
573324,573517,573525,8,193
573324,573521,573525,4,197
573324,573517,573525,8,193
573324,573521,573525,4,197
573324,573521,573524,3,197
573324,573524,573525,1,200
573324,573522,573525,3,198
573324,573516,573525,9,192
573324,573523,573525,2,199
573324,573516,573525,9,192
573324,573523,573525,2,199
573324,573523,573525,2,199
573324,573515,573525,10,191
573324,573523,573525,2,199
573324,573524,573527,3,200
573324,573524,573526,2,200
573324,573525,573527,2,201
573324,573524,573526,2,200
573347,573526,573528,2,179
573324,573524,573528,4,200
573324,573525,573528,3,201
573324,573524,573527,3,200
573324,573525,573528,3,201
573324,573525,573528,3,201
573324,573525,573528,3,201
573347,573526,573529,3,179
573324,573525,573528,3,201
573347,573526,573529,3,179
573347,573527,573529,2,180
573347,573526,573529,3,179
573347,573526,573529,3,179
573347,573526,573528,2,179
573347,573526,573529,3,179
573347,573527,573530,3,180
573347,573527,573531,4,180
573347,573527,573536,9,180
573347,573528,573537,9,181
573347,573529,573539,10,182
573347,573529,573539,10,182
573347,573529,573539,10,182
573347,573528,573540,12,181
573347,573528,573540,12,181
573347,573528,573540,12,181
573347,573528,573539,11,181
573347,573532,573541,9,185
573347,573529,573541,12,182
573347,573530,573541,11,183
573347,573529,573541,12,182
573347,573529,573540,11,182
573347,573529,573540,11,182
573347,573529,573541,12,182
573347,573528,573543,15,181
573347,573531,573543,12,184
573347,573539,573544,5,192
573347,573540,573545,5,193
573347,573536,573545,9,189
573347,573540,573545,5,193
573347,573540,573545,5,193
573347,573541,573546,5,194
573347,573539,573546,7,192
573347,573537,573546,9,190
573347,573541,573545,4,194
573347,573540,573546,6,193
573347,573541,573547,6,194
573347,573541,573546,5,194
573347,573541,573547,6,194
573347,573541,573546,5,194
573347,573544,573548,4,197
573347,573539,573547,8,192
573347,573541,573547,6,194
573347,573543,573548,5,196
573347,573543,573549,6,196
573347,573546,573549,3,199
573347,573545,573549,4,198
573347,573545,573550,5,198
573347,573548,573550,2,201
573347,573545,573549,4,198
573347,573546,573550,4,199
573347,573546,573549,3,199
573347,573547,573551,4,200
573347,573548,573551,3,201
573347,573545,573550,5,198
573347,573546,573550,4,199
573347,573547,573550,3,200
573347,573547,573550,3,200
573347,573548,573551,3,201
573347,573547,573551,4,200
573347,573549,573552,3,202
573347,573548,573551,3,201
573347,573547,573551,4,200
573347,573549,573552,3,202
573347,573549,573551,2,202
573347,573550,573551,1,203
573347,573550,573552,2,203
573347,573550,573553,3,203
573347,573551,573553,2,204
573347,573551,573554,3,204
573347,573550,573553,3,203
573347,573551,573553,2,204
573348,573552,573554,2,204
573348,573551,573555,4,203
573347,573551,573554,3,204
573348,573552,573555,3,204
573348,573552,573554,2,204
573348,573552,573554,2,204
573348,573551,573555,4,203
573000,573159,573555,396,159
573348,573552,573556,4,204
573348,573552,573555,3,204
573348,573552,573555,3,204
573348,573551,573555,4,203
573348,573553,573563,10,205
573348,573556,573564,8,208
573348,573553,573564,11,205
573348,573554,573565,11,206
573348,573554,573565,11,206
573348,573555,573566,11,207
573348,573552,573566,14,204
573348,573556,573566,10,208
573348,573554,573567,13,206
573348,573555,573567,12,207
573348,573555,573567,12,207
573348,573554,573566,12,206
573348,573556,573568,12,208
573348,573555,573568,13,207
573348,573555,573567,12,207
573348,573556,573567,11,208
573348,573555,573569,14,207
573348,573555,573569,14,207
573348,573563,573571,8,215
573348,573564,573572,8,216
573348,573565,573574,9,217
573348,573564,573575,11,216
573348,573566,573575,9,218
573348,573565,573575,10,217
573348,573568,573576,8,220
573348,573566,573576,10,218
573348,573568,573577,9,220
573348,573567,573577,10,219
573348,573568,573577,9,220
573348,573573,573578,5,225
573348,573567,573578,11,219
573348,573567,573578,11,219
573348,573572,573578,6,224
573348,573566,573578,12,218
573348,573569,573578,9,221
573348,573567,573577,10,219
573348,573576,573579,3,228
573348,573568,573578,10,220
573348,573570,573580,10,222
573348,573575,573580,5,227
573348,573575,573580,5,227
573348,573575,573579,4,227
573348,573578,573581,3,230
573348,573578,573581,3,230
573348,573577,573580,3,229
573348,573576,573581,5,228
573348,573577,573580,3,229
573348,573576,573580,4,228
573348,573578,573582,4,230
573348,573578,573582,4,230
573348,573578,573582,4,230
573348,573578,573582,4,230
573348,573578,573582,4,230
573348,573579,573581,2,231
573348,573578,573582,4,230
573348,573580,573582,2,232
573348,573579,573583,4,231
573348,573580,573583,3,232
573348,573580,573583,3,232
573348,573581,573583,2,233
573348,573580,573584,4,232
573348,573581,573583,2,233
573373,573582,573585,3,209
573373,573582,573585,3,209
573348,573581,573584,3,233
573348,573581,573584,3,233
573348,573581,573584,3,233
573373,573582,573584,2,209
573373,573582,573584,2,209
573373,573582,573585,3,209
573373,573583,573586,3,210
573373,573583,573586,3,210
573373,573582,573586,4,209
573373,573583,573586,3,210
573373,573583,573588,5,210
573373,573583,573593,10,210
573373,573584,573594,10,211
573010,573190,573594,404,180
573373,573583,573595,12,210
573373,573585,573595,10,212
573373,573588,573597,9,215
573373,573586,573597,11,213
573373,573585,573597,12,212
573373,573587,573597,10,214
573373,573585,573596,11,212
573373,573585,573597,12,212
573373,573584,573597,13,211
573373,573586,573598,12,213
573373,573585,573598,13,212
573373,573585,573597,12,212
573373,573585,573597,12,212
573373,573585,573598,13,212
573373,573586,573599,13,213
573373,573593,573603,10,220
573373,573594,573604,10,221
573373,573594,573604,10,221
573373,573595,573604,9,222
573373,573597,573605,8,224
573373,573598,573605,7,225
573373,573597,573605,8,224
573373,573596,573606,10,223
573373,573597,573606,9,224
573373,573598,573605,7,225
573373,573597,573606,9,224
573373,573598,573605,7,225
573373,573604,573606,2,231
573373,573599,573607,8,226
573373,573597,573607,10,224
573373,573603,573607,4,230
573373,573597,573607,10,224
573373,573598,573607,9,225
573373,573604,573606,2,231
573373,573605,573608,3,232
573373,573598,573608,10,225
573373,573604,573607,3,231
573373,573605,573608,3,232
573373,573597,573609,12,224
573373,573606,573609,3,233
573373,573607,573608,1,234
573373,573605,573608,3,232
573373,573606,573609,3,233
573373,573606,573609,3,233
573373,573606,573608,2,233
573373,573607,573608,1,234
573373,573606,573609,3,233
573373,573607,573609,2,234
573373,573607,573609,2,234
573373,573607,573609,2,234
573373,573608,573610,2,235
573373,573606,573609,3,233
573373,573608,573610,2,235
573373,573608,573610,2,235
573373,573607,573609,2,234
573373,573609,573611,2,236
573373,573609,573611,2,236
573373,573609,573610,1,236
573373,573608,573610,2,235
573373,573609,573610,1,236
573373,573609,573610,1,236
573373,573609,573612,3,236
573373,573609,573611,2,236
573467,573610,573613,3,143
573467,573610,573613,3,143
573467,573611,573613,2,144
573467,573610,573613,3,143
573467,573610,573614,4,143
573467,573610,573614,4,143
573467,573610,573613,3,143
573467,573611,573614,3,144
573467,573610,573614,4,143
573467,573611,573618,7,144
573011,573221,573620,399,210
573467,573611,573622,11,144
573467,573611,573622,11,144
573467,573611,573622,11,144
573467,573611,573624,13,144
573467,573611,573624,13,144
573467,573612,573624,12,145
573467,573613,573625,12,146
573467,573613,573625,12,146
573467,573614,573625,11,147
573467,573614,573625,11,147
573467,573613,573626,13,146
573467,573613,573625,12,146
573217,573333,573626,293,116
573467,573614,573626,12,147
573467,573615,573625,10,148
573467,573612,573627,15,145
573467,573614,573627,13,147
573250,573359,573629,270,109
573467,573618,573629,11,151
573467,573620,573630,10,153
573467,573622,573630,8,155
573467,573622,573630,8,155
573467,573629,573632,3,162
573467,573629,573632,3,162
573467,573630,573632,2,163
573467,573630,573633,3,163
573467,573625,573632,7,158
573467,573623,573632,9,156
573467,573626,573633,7,159
573467,573625,573634,9,158
573467,573626,573634,8,159
573467,573626,573634,8,159
573467,573631,573634,3,164
573467,573632,573634,2,165
573467,573628,573634,6,161
573467,573625,573635,10,158
573467,573625,573635,10,158
573467,573626,573634,8,159
573467,573624,573634,10,157
573467,573626,573635,9,159
573467,573632,573634,2,165
573467,573624,573634,10,157
573467,573632,573636,4,165
573467,573633,573635,2,166
573467,573634,573635,1,167
573467,573634,573636,2,167
573467,573624,573636,12,157
573467,573634,573635,1,167
573467,573634,573636,2,167
573467,573627,573635,8,160
573467,573635,573637,2,168
573467,573634,573637,3,167
573467,573635,573637,2,168
573467,573633,573636,3,166
573467,573633,573636,3,166
573467,573633,573636,3,166
573467,573634,573636,2,167
573467,573635,573638,3,168
573467,573635,573638,3,168
573467,573635,573638,3,168
573467,573635,573637,2,168
573467,573636,573637,1,169
573467,573636,573638,2,169
573467,573636,573639,3,169
573467,573635,573638,3,168
573467,573636,573638,2,169
573516,573637,573639,2,121
573467,573636,573638,2,169
573516,573636,573639,3,120
573516,573636,573640,4,120
573516,573637,573639,2,121
573516,573637,573641,4,121
573516,573637,573641,4,121
573516,573637,573640,3,121
573516,573637,573641,4,121
573516,573637,573641,4,121
573516,573638,573645,7,122
573516,573638,573648,10,122
573516,573638,573648,10,122
573516,573639,573649,10,123
573516,573638,573650,12,122
573516,573639,573650,11,123
573516,573638,573650,12,122
573516,573639,573650,11,123
573516,573639,573651,12,123
573516,573638,573650,12,122
573516,573641,573651,10,125
573516,573640,573652,12,124
573516,573641,573652,11,125
573516,573639,573652,13,123
573516,573639,573651,12,123
573516,573641,573651,10,125
573516,573640,573652,12,124
573516,573641,573652,11,125
573516,573642,573653,11,126
573516,573645,573656,11,129
573516,573650,573656,6,134
573516,573648,573657,9,132
573516,573650,573657,7,134
573516,573651,573658,7,135
573516,573653,573658,5,137
573516,573654,573658,4,138
573516,573656,573659,3,140
573516,573651,573659,8,135
573516,573652,573659,7,136
573516,573652,573659,7,136
573516,573653,573658,5,137
573516,573652,573660,8,136
573516,573650,573659,9,134
573516,573651,573660,9,135
573516,573649,573660,11,133
573516,573657,573659,2,141
573516,573657,573660,3,141
573516,573652,573659,7,136
573516,573656,573659,3,140
573516,573658,573660,2,142
573516,573652,573661,9,136
573516,573649,573660,11,133
573516,573659,573660,1,143
573516,573660,573661,1,144
573516,573659,573662,3,143
573516,573659,573662,3,143
573516,573660,573662,2,144
573516,573659,573661,2,143
573516,573660,573662,2,144
573516,573660,573661,1,144
573516,573659,573661,2,143
573516,573661,573662,1,145
573516,573661,573662,1,145
573516,573661,573663,2,145
573516,573650,573662,12,134
573516,573660,573663,3,144
573516,573658,573662,4,142
573516,573661,573663,2,145
573516,573659,573662,3,143
573516,573660,573662,2,144
573516,573660,573663,3,144
573516,573662,573664,2,146
573516,573662,573664,2,146
573516,573661,573663,2,145
573516,573661,573663,2,145
573520,573662,573664,2,142
573520,573663,573664,1,143
573520,573663,573665,2,143
573516,573662,573664,2,146
573520,573662,573665,3,142
573520,573663,573665,2,143
573520,573663,573665,2,143
573520,573663,573666,3,143
573520,573663,573667,4,143
573520,573663,573668,5,143
573520,573663,573670,7,143
573520,573665,573675,10,145
573520,573664,573675,11,144
573520,573663,573675,12,143
573520,573667,573676,9,147
573520,573666,573676,10,146
573520,573663,573676,13,143
573520,573664,573675,11,144
573520,573665,573675,10,145
573520,573665,573675,10,145
573520,573666,573675,9,146
573520,573664,573676,12,144
573520,573664,573676,12,144
573520,573664,573676,12,144
573520,573665,573677,12,145
573520,573668,573678,10,148
573520,573670,573678,8,150
573520,573665,573678,13,145
573520,573667,573678,11,147
573520,573676,573681,5,156
573520,573676,573682,6,156
573520,573676,573682,6,156
573156,573281,573683,402,125
573520,573675,573684,9,155
573520,573675,573684,9,155
573520,573675,573684,9,155
573520,573676,573685,9,156
573520,573677,573685,8,157
573520,573677,573685,8,157
573520,573677,573684,7,157
573520,573682,573685,3,162
573520,573678,573685,7,158
573520,573678,573686,8,158
573520,573678,573685,7,158
573520,573677,573685,8,157
573520,573684,573686,2,164
573520,573677,573685,8,157
573520,573682,573686,4,162
573520,573678,573686,8,158
573520,573685,573687,2,165
573520,573683,573687,4,163
573520,573684,573686,2,164
573520,573677,573686,9,157
573520,573681,573687,6,161
573520,573679,573686,7,159
573520,573685,573688,3,165
573520,573686,573688,2,166
573520,573685,573687,2,165
573520,573686,573688,2,166
573520,573686,573687,1,166
573520,573684,573687,3,164
573520,573685,573687,2,165
573520,573686,573688,2,166
573520,573685,573688,3,165
573520,573685,573687,2,165
573520,573686,573688,2,166
573520,573686,573688,2,166
573520,573687,573689,2,167
573520,573687,573688,1,167
573520,573687,573689,2,167
573520,573686,573689,3,166
573520,573687,573690,3,167
573520,573687,573690,3,167
573520,573688,573690,2,168
573520,573687,573689,2,167
573520,573688,573690,2,168
573565,573688,573691,3,123
573565,573688,573690,2,123
573520,573688,573690,2,168
573565,573688,573691,3,123
573565,573689,573692,3,124
573565,573688,573691,3,123
573565,573688,573691,3,123
573565,573688,573691,3,123
573565,573689,573692,3,124
573565,573689,573692,3,124
573565,573689,573695,6,124
573185,573308,573700,392,123
573565,573690,573701,11,125
573565,573690,573701,11,125
573565,573690,573702,12,125
573565,573690,573702,12,125
573565,573691,573701,10,126
573565,573690,573702,12,125
573565,573689,573702,13,124
573565,573691,573703,12,126
573565,573690,573703,13,125
573565,573693,573704,11,128
573565,573692,573703,11,127
573565,573695,573704,9,130
573565,573691,573703,12,126
573565,573691,573704,13,126
573565,573692,573705,13,127
573565,573692,573704,12,127
573565,573693,573704,11,128
573565,573692,573705,13,127
573565,573700,573709,9,135
573565,573702,573709,7,137
573565,573703,573710,7,138
573565,573701,573710,9,136
573565,573705,573710,5,140
573565,573705,573710,5,140
573565,573703,573711,8,138
573565,573704,573711,7,139
573565,573706,573711,5,141
573565,573702,573710,8,137
573565,573705,573710,5,140
573565,573702,573712,10,137
573565,573709,573712,3,144
573565,573710,573711,1,145
573565,573704,573712,8,139
573565,573704,573711,7,139
573565,573709,573713,4,144
573565,573703,573713,10,138
573565,573704,573712,8,139
573565,573710,573713,3,145
573565,573704,573713,9,139
573565,573710,573712,2,145
573565,573701,573713,12,136
573565,573711,573713,2,146
573565,573712,573714,2,147
573565,573710,573713,3,145
573565,573711,573714,3,146
573565,573712,573713,1,147
573565,573712,573713,1,147
573565,573713,573714,1,148
573565,573711,573713,2,146
573565,573712,573714,2,147
573565,573713,573715,2,148
573565,573712,573714,2,147
573565,573712,573714,2,147
573565,573713,573715,2,148
573565,573702,573714,12,137
573565,573712,573714,2,147
573565,573713,573715,2,148
573565,573713,573715,2,148
573565,573714,573716,2,149
573565,573713,573715,2,148
573565,573714,573716,2,149
573565,573714,573715,1,149
573596,573714,573716,2,118
573565,573714,573716,2,149
573565,573714,573716,2,149
573565,573714,573716,2,149
573596,573714,573716,2,118
573596,573714,573718,4,118
573596,573715,573718,3,119
573596,573715,573717,2,119
573596,573715,573718,3,119
573596,573715,573718,3,119
573596,573715,573718,3,119
573596,573715,573718,3,119
573596,573715,573720,5,119
573596,573716,573726,10,120
573596,573716,573726,10,120
573596,573716,573728,12,120
573596,573716,573728,12,120
573596,573716,573727,11,120
573596,573716,573728,12,120
573596,573717,573729,12,121
573596,573717,573730,13,121
573596,573718,573730,12,122
573596,573717,573729,12,121
573596,573718,573730,12,122
573596,573717,573729,12,121
573596,573719,573731,12,123
573596,573718,573731,13,122
573596,573718,573730,12,122
573596,573718,573730,12,122
573596,573719,573731,12,123
573596,573720,573732,12,124
573596,573728,573734,6,132
573596,573731,573735,4,135
573596,573728,573735,7,132
573596,573729,573736,7,133
573596,573733,573736,3,137
573596,573730,573737,7,134
573596,573731,573737,6,135
573596,573727,573737,10,131
573596,573730,573737,7,134
573596,573731,573738,7,135
573596,573734,573737,3,138
573596,573736,573738,2,140
573596,573731,573737,6,135
573596,573731,573739,8,135
573596,573726,573739,13,130
573596,573737,573739,2,141
573596,573735,573739,4,139
573596,573736,573739,3,140
573596,573730,573739,9,134
573596,573735,573738,3,139
573596,573737,573738,1,141
573596,573738,573740,2,142
573596,573728,573739,11,132
573596,573730,573739,9,134
573596,573737,573739,2,141
573596,573738,573740,2,142
573596,573739,573740,1,143
573596,573739,573741,2,143
573596,573728,573740,12,132
573596,573739,573741,2,143
573596,573739,573741,2,143
573596,573737,573740,3,141
573596,573738,573740,2,142
573596,573739,573741,2,143
573596,573739,573741,2,143
573596,573739,573742,3,143
573596,573730,573741,11,134
573596,573739,573741,2,143
573596,573740,573741,1,144
573596,573741,573743,2,145
573596,573739,573742,3,143
573596,573740,573743,3,144
573596,573740,573743,3,144
573596,573741,573743,2,145
573623,573741,573744,3,118
573596,573741,573743,2,145
573596,573740,573743,3,144
573596,573740,573743,3,144
573623,573742,573745,3,119
573623,573741,573744,3,118
573623,573741,573744,3,118
573623,573741,573744,3,118
573623,573741,573745,4,118
573623,573742,573745,3,119
573623,573742,573745,3,119
573623,573742,573745,3,119
573623,573743,573750,7,120
573623,573743,573753,10,120
573623,573747,573754,7,124
573623,573743,573755,12,120
573623,573745,573755,10,122
573623,573745,573755,10,122
573623,573744,573755,11,121
573623,573744,573756,12,121
573623,573743,573755,12,120
573623,573745,573756,11,122
573623,573744,573756,12,121
573623,573744,573756,12,121
573623,573743,573756,13,120
573623,573745,573758,13,122
573623,573745,573757,12,122
573623,573745,573757,12,122
573623,573745,573757,12,122
573623,573750,573759,9,127
573623,573754,573761,7,131
573623,573753,573762,9,130
573623,573756,573763,7,133
573623,573755,573763,8,132
573623,573756,573763,7,133
573623,573755,573764,9,132
573623,573755,573765,10,132
573623,573758,573765,7,135
573623,573758,573765,7,135
573623,573756,573766,10,133
573623,573757,573766,9,134
573623,573762,573766,4,139
573266,573379,573766,387,113
573623,573758,573765,7,135
573623,573763,573767,4,140
573623,573763,573767,4,140
573623,573763,573767,4,140
573623,573761,573767,6,138
573623,573757,573766,9,134
573623,573755,573767,12,132
573623,573757,573767,10,134
573623,573765,573768,3,142
573623,573764,573767,3,141
573623,573766,573768,2,143
573623,573758,573768,10,135
573623,573759,573767,8,136
573623,573765,573767,2,142
573623,573766,573769,3,143
573623,573765,573768,3,142
573623,573767,573769,2,144
573623,573766,573768,2,143
573623,573767,573769,2,144
573623,573766,573768,2,143
573623,573767,573769,2,144
573623,573767,573768,1,144
573623,573768,573770,2,145
573623,573768,573770,2,145
573623,573766,573769,3,143
573623,573767,573769,2,144
573623,573768,573770,2,145
573623,573767,573769,2,144
573623,573768,573771,3,145
573623,573769,573771,2,146
573623,573768,573770,2,145
573623,573769,573771,2,146
573623,573768,573770,2,145
573623,573769,573771,2,146
573623,573768,573770,2,145
573623,573769,573771,2,146
573627,573769,573771,2,142
573627,573770,573772,2,143
573627,573769,573771,2,142
573627,573770,573771,1,143
573627,573769,573772,3,142
573627,573770,573773,3,143
573627,573770,573773,3,143
573627,573770,573773,3,143
573627,573770,573772,2,143
573627,573771,573775,4,144
573627,573771,573778,7,144
573627,573773,573778,5,146
573627,573773,573779,6,146
573627,573776,573780,4,149
573627,573772,573780,8,145
573627,573771,573781,10,144
573627,573773,573781,8,146
573627,573771,573780,9,144
573627,573772,573782,10,145
573627,573772,573781,9,145
573627,573778,573782,4,151
573627,573772,573782,10,145
573627,573771,573781,10,144
573627,573773,573783,10,146
573627,573773,573783,10,146
573627,573771,573784,13,144
573627,573772,573784,12,145
573627,573780,573784,4,153
573627,573779,573784,5,152
573627,573780,573785,5,153
573627,573771,573784,13,144
573627,573779,573784,5,152
573627,573781,573786,5,154
573627,573784,573788,4,157
573627,573782,573788,6,155
573627,573781,573789,8,154
573627,573781,573789,8,154
573627,573782,573789,7,155
573627,573785,573790,5,158
573627,573782,573790,8,155
573627,573784,573790,6,157
573627,573783,573791,8,156
573627,573785,573791,6,158
573627,573783,573790,7,156
573627,573782,573790,8,155
573627,573782,573790,8,155
573627,573786,573791,5,159
573627,573790,573792,2,163
573627,573784,573791,7,157
573627,573784,573791,7,157
573627,573785,573791,6,158
573627,573789,573792,3,162
573627,573791,573793,2,164
573627,573789,573793,4,162
573627,573791,573793,2,164
573627,573791,573793,2,164
573627,573792,573794,2,165
573627,573792,573794,2,165
573627,573791,573794,3,164
573627,573790,573794,4,163
573627,573790,573794,4,163
573627,573791,573793,2,164
573627,573788,573793,5,161
573627,573789,573794,5,162
573627,573793,573795,2,166
573627,573792,573795,3,165
573627,573793,573795,2,166
573627,573789,573794,5,162
573627,573793,573796,3,166
573627,573794,573795,1,167
573629,573795,573796,1,166
573627,573793,573796,3,166
573627,573793,573796,3,166
573627,573793,573797,4,166
573627,573793,573797,4,166
573627,573794,573797,3,167
573629,573794,573797,3,165
573629,573795,573797,2,166
573629,573795,573798,3,166
573629,573794,573797,3,165
573629,573795,573797,2,166
573629,573794,573797,3,165
573629,573795,573797,2,166
573629,573795,573798,3,166
573629,573796,573800,4,167
573629,573796,573801,5,167
573629,573801,573803,2,172
573629,573796,573805,9,167
573629,573800,573805,5,171
573629,573799,573805,6,170
573629,573797,573805,8,168
573629,573804,573807,3,175
573629,573797,573807,10,168
573629,573797,573807,10,168
573629,573798,573807,9,169
573629,573796,573807,11,167
573629,573796,573807,11,167
573629,573798,573807,9,169
573629,573797,573808,11,168
573629,573798,573807,9,169
573629,573798,573809,11,169
573629,573797,573809,12,168
573629,573805,573808,3,176
573629,573798,573808,10,169
573629,573805,573811,6,176
573629,573805,573810,5,176
573629,573805,573810,5,176
573629,573807,573811,4,178
573327,573525,573812,287,198
573276,573406,573812,406,130
573629,573809,573814,5,180
573629,573807,573814,7,178
573629,573808,573815,7,179
573629,573807,573815,8,178
573629,573807,573815,8,178
573629,573807,573815,8,178
573629,573807,573815,8,178
573629,573809,573815,6,180
573629,573812,573816,4,183
573629,573811,573816,5,182
573629,573808,573815,7,179
573629,573809,573815,6,180
573629,573807,573815,8,178
573629,573811,573817,6,182
573629,573810,573817,7,181
573629,573811,573818,7,182
573629,573814,573818,4,185
573629,573812,573818,6,183
573629,573816,573818,2,187
573629,573816,573819,3,187
573629,573813,573819,6,184
573629,573814,573819,5,185
573629,573817,573819,2,188
573629,573817,573819,2,188
573629,573815,573819,4,186
573629,573816,573819,3,187
573629,573815,573820,5,186
573629,573815,573819,4,186
573629,573817,573819,2,188
573629,573818,573820,2,189
573629,573815,573820,5,186
573629,573815,573819,4,186
573629,573816,573819,3,187
573629,573815,573819,4,186
573629,573818,573820,2,189
573629,573818,573820,2,189
573629,573819,573821,2,190
573629,573819,573822,3,190
573629,573819,573822,3,190
573629,573819,573822,3,190
573629,573819,573822,3,190
573684,573820,573822,2,136
573629,573819,573821,2,190
573684,573820,573823,3,136
573684,573820,573823,3,136
573684,573820,573823,3,136
573684,573820,573824,4,136
573684,573820,573824,4,136
573684,573820,573824,4,136
573684,573820,573824,4,136
573684,573821,573826,5,137
573684,573821,573827,6,137
573684,573821,573831,10,137
573684,573821,573831,10,137
573684,573824,573833,9,140
573684,573822,573834,12,138
573684,573824,573834,10,140
573684,573822,573834,12,138
573684,573825,573835,10,141
573684,573822,573835,13,138
573684,573822,573834,12,138
573684,573823,573835,12,139
573684,573823,573835,12,139
573684,573822,573834,12,138
573684,573824,573836,12,140
573684,573827,573836,9,143
573684,573826,573837,11,142
573684,573822,573837,15,138
573684,573823,573836,13,139
573684,573832,573837,5,148
573684,573831,573838,7,147
573684,573833,573839,6,149
573684,573834,573839,5,150
573684,573834,573839,5,150
573684,573835,573841,6,151
573684,573837,573841,4,153
573684,573834,573842,8,150
573684,573836,573842,6,152
573684,573837,573842,5,153
573684,573838,573843,5,154
573684,573837,573843,6,153
573684,573835,573843,8,151
573684,573842,573844,2,158
573684,573839,573844,5,155
573684,573837,573844,7,153
573684,573839,573844,5,155
573684,573836,573844,8,152
573684,573839,573844,5,155
573684,573841,573845,4,157
573684,573843,573844,1,159
573684,573842,573845,3,158
573684,573835,573844,9,151
573684,573842,573845,3,158
573684,573843,573845,2,159
573684,573835,573846,11,151
573684,573843,573846,3,159
573684,573844,573846,2,160
573684,573844,573845,1,160
573684,573841,573845,4,157
573684,573844,573847,3,160
573684,573844,573846,2,160
573684,573845,573847,2,161
573684,573845,573846,1,161
573684,573845,573846,1,161
573684,573844,573846,2,160
573684,573845,573848,3,161
573684,573845,573848,3,161
573684,573835,573847,12,151
573684,573844,573847,3,160
573684,573846,573848,2,162
573684,573846,573848,2,162
573684,573846,573848,2,162
573684,573845,573847,2,161
573701,573847,573848,1,146
573701,573847,573849,2,146
573684,573835,573848,13,151
573684,573846,573849,3,162
573701,573847,573849,2,146
573684,573846,573848,2,162
573701,573847,573850,3,146
573684,573847,573850,3,163
573701,573848,573850,2,147
573701,573848,573850,2,147
573701,573848,573851,3,147
573701,573848,573851,3,147
573701,573848,573852,4,147
573701,573848,573856,8,147
573701,573849,573859,10,148
573701,573848,573859,11,147
573701,573853,573859,6,152
573701,573849,573859,10,148
573701,573850,573860,10,149
573701,573849,573861,12,148
573701,573850,573861,11,149
573701,573851,573861,10,150
573701,573849,573861,12,148
573701,573850,573861,11,149
573701,573849,573861,12,148
573701,573856,573862,6,155
573326,573525,573862,337,199
573701,573859,573862,3,158
573701,573849,573861,12,148
573701,573849,573861,12,148
573701,573851,573861,10,150
573701,573850,573862,12,149
573701,573860,573863,3,159
573701,573859,573862,3,158
573701,573860,573864,4,159
573701,573859,573864,5,158
573701,573861,573866,5,160
573701,573861,573866,5,160
573701,573863,573867,4,162
573701,573863,573868,5,162
573701,573861,573868,7,160
573701,573862,573868,6,161
573701,573864,573868,4,163
573701,573861,573869,8,160
573701,573862,573869,7,161
573701,573861,573869,8,160
573701,573863,573868,5,162
573701,573862,573869,7,161
573701,573862,573870,8,161
573701,573868,573870,2,167
573701,573861,573871,10,160
573701,573865,573871,6,164
573701,573862,573870,8,161
573701,573869,573871,2,168
573701,573869,573870,1,168
573701,573867,573871,4,166
573701,573869,573872,3,168
573701,573870,573872,2,169
573701,573869,573871,2,168
573701,573868,573872,4,167
573701,573866,573871,5,165
573701,573862,573872,10,161
573701,573866,573871,5,165
573701,573869,573871,2,168
573701,573870,573872,2,169
573701,573871,573873,2,170
573701,573871,573873,2,170
573701,573870,573873,3,169
573701,573871,573873,2,170
573701,573871,573873,2,170
573701,573868,573873,5,167
573701,573871,573873,2,170
573701,573872,573874,2,171
573701,573871,573873,2,170
573701,573872,573873,1,171
573767,573873,573874,1,106
573767,573872,573874,2,105
573701,573872,573875,3,171
573701,573872,573875,3,171
573701,573872,573874,2,171
573701,573872,573874,2,171
573767,573873,573874,1,106
573767,573874,573876,2,107
573701,573872,573875,3,171
573767,573873,573875,2,106
573767,573874,573876,2,107
573767,573873,573875,2,106
573767,573874,573877,3,107
573767,573874,573876,2,107
573767,573874,573877,3,107
573323,573479,573877,398,156
573767,573874,573879,5,107
573767,573877,573882,5,110
573767,573879,573882,3,112
573767,573875,573883,8,108
573767,573877,573883,6,110
573767,573878,573883,5,111
573767,573875,573883,8,108
573767,573874,573883,9,107
573767,573875,573885,10,108
573767,573883,573886,3,116
573767,573877,573885,8,110
573767,573875,573885,10,108
573767,573876,573886,10,109
573767,573883,573887,4,116
573767,573883,573887,4,116
573767,573875,573887,12,108
573767,573875,573887,12,108
573767,573876,573888,12,109
573767,573876,573887,11,109
573767,573876,573887,11,109
573767,573876,573887,11,109
573767,573883,573888,5,116
573767,573883,573888,5,116
573767,573884,573890,6,117
573767,573884,573892,8,117
573767,573887,573893,6,120
573767,573885,573893,8,118
573767,573886,573893,7,119
573767,573887,573893,6,120
573767,573888,573894,6,121
573767,573890,573894,4,123
573767,573889,573894,5,122
573767,573886,573893,7,119
573767,573887,573894,7,120
573767,573886,573894,8,119
573767,573888,573893,5,121
573767,573886,573895,9,119
573767,573887,573894,7,120
573767,573888,573894,6,121
573767,573892,573896,4,125
573767,573888,573895,7,121
573767,573889,573895,6,122
573767,573893,573897,4,126
573767,573893,573897,4,126
573767,573893,573898,5,126
573767,573894,573898,4,127
573767,573894,573898,4,127
573767,573894,573898,4,127
573767,573894,573897,3,127
573767,573894,573897,3,127
573767,573896,573897,1,129
573767,573894,573897,3,127
573767,573894,573898,4,127
573767,573895,573899,4,128
573767,573895,573899,4,128
573767,573895,573898,3,128
573767,573896,573899,3,129
573767,573893,573900,7,126
573767,573897,573900,3,130
573767,573897,573900,3,130
573813,573898,573900,2,85
573767,573898,573901,3,131
573767,573898,573901,3,131
573767,573896,573900,4,129
573767,573898,573901,3,131
573813,573898,573900,2,85
573813,573898,573900,2,85
573813,573899,573902,3,86
573813,573899,573902,3,86
573767,573898,573901,3,131
573813,573899,573902,3,86
573813,573899,573901,2,86
573813,573900,573902,2,87
573813,573899,573901,2,86
573813,573900,573902,2,87
573373,573609,573902,293,236
573813,573902,573907,5,89
573813,573904,573907,3,91
573813,573903,573907,4,90
573813,573900,573908,8,87
573813,573902,573908,6,89
573813,573900,573909,9,87
573813,573901,573909,8,88
573813,573902,573911,9,89
573813,573901,573910,9,88
573813,573901,573912,11,88
573813,573902,573912,10,89
573813,573907,573912,5,94
573813,573902,573912,10,89
573813,573907,573911,4,94
573813,573901,573912,11,88
573813,573908,573913,5,95
573813,573908,573913,5,95
573813,573901,573912,11,88
573813,573907,573913,6,94
573813,573901,573913,12,88
573813,573902,573914,12,89
573813,573902,573915,13,89
573813,573909,573915,6,96
573813,573912,573918,6,99
573813,573911,573918,7,98
573813,573913,573919,6,100
573813,573911,573919,8,98
573813,573915,573918,3,102
573813,573914,573919,5,101
573813,573915,573919,4,102
573813,573913,573919,6,100
573813,573912,573920,8,99
573813,573912,573920,8,99
573813,573911,573920,9,98
573813,573914,573919,5,101
573813,573912,573919,7,99
573813,573914,573919,5,101
573813,573915,573920,5,102
573813,573912,573921,9,99
573813,573918,573921,3,105
573813,573913,573921,8,100
573813,573918,573921,3,105
573813,573919,573923,4,106
573813,573919,573922,3,106
573813,573921,573923,2,108
573813,573919,573922,3,106
573813,573921,573923,2,108
573813,573920,573923,3,107
573813,573919,573923,4,106
573813,573920,573924,4,107
573813,573919,573923,4,106
573813,573919,573924,5,106
573813,573920,573924,4,107
573813,573921,573924,3,108
573813,573920,573925,5,107
573813,573921,573924,3,108
573813,573923,573925,2,110
573813,573923,573924,1,110
573813,573923,573924,1,110
573813,573920,573924,4,107
573813,573920,573924,4,107
573813,573920,573924,4,107
573815,573924,573926,2,109
573813,573923,573925,2,110
573813,573923,573925,2,110
573815,573924,573927,3,109
573815,573925,573927,2,110
573328,573525,573926,401,197
573815,573925,573927,2,110
573815,573924,573927,3,109
573815,573924,573927,3,109
573813,573923,573926,3,110
573815,573924,573926,2,109
573815,573925,573926,1,110
573815,573925,573927,2,110
573815,573925,573927,2,110
573815,573925,573931,6,110
573324,573525,573931,406,201
573815,573928,573932,4,113
573815,573928,573933,5,113
573815,573927,573935,8,112
573815,573926,573935,9,111
573815,573931,573935,4,116
573815,573927,573936,9,112
573815,573925,573936,11,110
573815,573932,573935,3,117
573815,573933,573936,3,118
573815,573926,573936,10,111
573815,573926,573936,10,111
573815,573927,573937,10,112
573815,573927,573937,10,112
573815,573927,573937,10,112
573815,573931,573936,5,116
573815,573927,573937,10,112
573815,573927,573938,11,112
573468,573637,573938,301,169
573815,573927,573937,10,112
573815,573935,573939,4,120
573815,573926,573938,12,111
573815,573927,573939,12,112
573815,573935,573939,4,120
573815,573935,573942,7,120
573815,573939,573942,3,124
573815,573937,573942,5,122
573815,573936,573942,6,121
573815,573938,573943,5,123
573815,573936,573943,7,121
573815,573939,573943,4,124
573815,573938,573943,5,123
573815,573937,573943,6,122
573815,573937,573943,6,122
573815,573936,573944,8,121
573815,573937,573944,7,122
573815,573939,573944,5,124
573815,573937,573944,7,122
573815,573938,573945,7,123
573815,573936,573944,8,121
573815,573937,573944,7,122
573815,573936,573945,9,121
573815,573942,573946,4,127
573815,573942,573946,4,127
573815,573940,573945,5,125
573815,573944,573946,2,129
573815,573943,573947,4,128
573815,573943,573946,3,128
573815,573944,573946,2,129
573815,573944,573947,3,129
573815,573943,573946,3,128
573815,573944,573947,3,129
573815,573945,573947,2,130
573815,573944,573947,3,129
573815,573943,573947,4,128
573815,573943,573947,4,128
573815,573943,573947,4,128
573815,573945,573948,3,130
573815,573945,573947,2,130
573815,573945,573947,2,130
573815,573942,573947,5,127
573815,573946,573947,1,131
573862,573947,573948,1,85
573815,573946,573948,2,131
573815,573947,573949,2,132
573862,573947,573948,1,85
573815,573946,573949,3,131
573862,573947,573949,2,85
573862,573947,573950,3,85
573862,573947,573950,3,85
573815,573946,573950,4,131
573862,573947,573949,2,85
573862,573947,573950,3,85
573862,573947,573949,2,85
573347,573551,573951,400,204
573862,573948,573951,3,86
573862,573948,573951,3,86
573862,573948,573953,5,86
573862,573950,573955,5,88
573862,573951,573955,4,89
573862,573951,573955,4,89
573862,573950,573955,5,88
573862,573950,573956,6,88
573862,573949,573957,8,87
573862,573952,573957,5,90
573862,573948,573958,10,86
573862,573949,573958,9,87
573862,573950,573958,8,88
573862,573948,573959,11,86
573862,573948,573959,11,86
573862,573949,573959,10,87
573862,573949,573958,9,87
573862,573953,573959,6,91
573862,573950,573960,10,88
573862,573949,573960,11,87
573862,573950,573959,9,88
573862,573948,573961,13,86
573862,573955,573960,5,93
573862,573955,573961,6,93
573862,573955,573961,6,93
573862,573956,573964,8,94
573862,573961,573965,4,99
573862,573959,573965,6,97
573862,573959,573965,6,97
573862,573960,573965,5,98
573862,573960,573965,5,98
573862,573961,573964,3,99
573862,573958,573966,8,96
573862,573959,573966,7,97
573862,573958,573966,8,96
573862,573962,573966,4,100
573862,573960,573966,6,98
573862,573959,573966,7,97
573862,573960,573966,6,98
573862,573956,573967,11,94
573862,573957,573967,10,95
573862,573963,573968,5,101
573862,573964,573968,4,102
573862,573965,573968,3,103
573862,573965,573968,3,103
573862,573966,573969,3,104
573862,573966,573969,3,104
573862,573965,573969,4,103
573862,573966,573969,3,104
573862,573965,573969,4,103
573862,573958,573969,11,96
573862,573958,573968,10,96
573862,573965,573969,4,103
573862,573968,573969,1,106
573862,573969,573970,1,107
573862,573965,573969,4,103
573862,573966,573969,3,104
573862,573968,573970,2,106
573862,573969,573971,2,107
573862,573968,573971,3,106
573862,573967,573970,3,105
573862,573967,573970,3,105
573862,573966,573970,4,104
573862,573968,573970,2,106
573862,573969,573970,1,107
573862,573968,573970,2,106
573886,573969,573972,3,83
573862,573969,573972,3,107
573886,573969,573972,3,83
573886,573970,573972,2,84
573886,573970,573972,2,84
573886,573969,573972,3,83
573886,573970,573973,3,84
573886,573971,573972,1,85
573886,573971,573973,2,85
573886,573970,573972,2,84
573886,573970,573973,3,84
573886,573971,573976,5,85
573886,573973,573977,4,87
573886,573973,573978,5,87
573886,573974,573978,4,88
573886,573973,573978,5,87
573886,573971,573979,8,85
573886,573977,573980,3,91
573886,573976,573980,4,90
573886,573971,573981,10,85
573886,573978,573981,3,92
573886,573972,573981,9,86
573886,573972,573981,9,86
573886,573972,573980,8,86
573886,573972,573982,10,86
573886,573972,573983,11,86
573886,573979,573983,4,93
573886,573972,573983,11,86
573886,573971,573983,12,85
573886,573978,573983,5,92
573886,573971,573984,13,85
573886,573973,573983,10,87
573886,573971,573983,12,85
573886,573979,573985,6,93
573886,573972,573984,12,86
573886,573980,573987,7,94
573886,573981,573987,6,95
573886,573983,573988,5,97
573886,573984,573988,4,98
573886,573980,573989,9,94
573886,573981,573988,7,95
573886,573983,573989,6,97
573886,573981,573989,8,95
573886,573982,573988,6,96
573886,573985,573989,4,99
573886,573984,573989,5,98
573886,573983,573988,5,97
573886,573981,573990,9,95
573886,573982,573990,8,96
573886,573983,573990,7,97
573886,573984,573990,6,98
573521,573688,573991,303,167
573886,573987,573991,4,101
573886,573983,573990,7,97
573886,573985,573991,6,99
573886,573989,573992,3,103
573886,573990,573992,2,104
573886,573989,573992,3,103
573886,573990,573992,2,104
573886,573988,573991,3,102
573886,573989,573991,2,103
573886,573991,573992,1,105
573886,573990,573992,2,104
573886,573989,573993,4,103
573886,573989,573992,3,103
573886,573991,573993,2,105
573886,573990,573992,2,104
573913,573992,573994,2,79
573886,573988,573993,5,102
573886,573989,573993,4,103
573886,573989,573993,4,103
573886,573988,573993,5,102
573886,573989,573993,4,103
573886,573992,573994,2,106
573886,573991,573993,2,105
573913,573992,573995,3,79
573913,573992,573994,2,79
573886,573992,573994,2,106
573913,573993,573995,2,80
573886,573992,573994,2,106
573886,573992,573994,2,106
573913,573993,573995,2,80
573913,573993,573996,3,80
573913,573993,573995,2,80
573349,573581,573996,415,232
573566,573714,573996,282,148
573913,573994,573997,3,81
573913,573993,573997,4,80
573913,573994,574002,8,81
573913,573996,574004,8,83
573913,573995,574005,10,82
573913,573995,574005,10,82
573913,573994,574005,11,81
573913,573994,574006,12,81
573913,573995,574005,10,82
573913,573996,574006,10,83
573913,573995,574006,11,82
573913,573996,574006,10,83
573913,573994,574007,13,81
573913,573996,574006,10,83
573913,573996,574007,11,83
573913,573994,574007,13,81
573913,573997,574007,10,84
573913,573997,574008,11,84
573913,573994,574007,13,81
573913,573994,574007,13,81
573913,573996,574007,11,83
573913,573998,574008,10,85
573913,574007,574010,3,94
573913,574007,574011,4,94
573913,574008,574010,2,95
573913,574008,574011,3,95
573913,574007,574012,5,94
573913,574005,574012,7,92
573913,574005,574012,7,92
573913,574008,574012,4,95
573913,574002,574012,10,89
573913,574007,574012,5,94
573913,574009,574013,4,96
573913,574010,574013,3,97
573913,574008,574013,5,95
573913,574006,574014,8,93
573913,574004,574013,9,91
573913,574006,574014,8,93
573913,574012,574013,1,99
573913,574011,574014,3,98
573913,574007,574014,7,94
573913,574012,574014,2,99
573913,574012,574014,2,99
573913,574011,574014,3,98
573913,574012,574014,2,99
573913,574006,574014,8,93
573913,574007,574014,7,94
573913,574013,574016,3,100
573913,574014,574016,2,101
573913,574006,574015,9,93
573913,574013,574017,4,100
573913,574014,574017,3,101
573913,574013,574017,4,100
573913,574014,574017,3,101
573913,574012,574017,5,99
573913,574013,574017,4,100
573913,574014,574018,4,101
573913,574006,574017,11,93
573913,574015,574018,3,102
573913,574015,574017,2,102
573913,574015,574018,3,102
573913,574013,574018,5,100
573913,574014,574017,3,101
573913,574014,574017,3,101
573913,574015,574018,3,102
573938,574017,574019,2,79
573913,574016,574018,2,103
573913,574015,574018,3,102
573913,574015,574018,3,102
573938,574017,574020,3,79
573938,574017,574020,3,79
573938,574017,574020,3,79
573938,574017,574020,3,79
573938,574017,574019,2,79
573938,574017,574019,2,79
573938,574018,574020,2,80
573938,574018,574020,2,80
573938,574018,574020,2,80
573938,574020,574023,3,82
573938,574020,574024,4,82
573938,574018,574023,5,80
573938,574020,574024,4,82
573938,574020,574025,5,82
573938,574020,574026,6,82
573938,574019,574027,8,81
573938,574023,574027,4,85
573938,574019,574028,9,81
573938,574024,574027,3,86
573938,574020,574028,8,82
573938,574018,574028,10,80
573938,574018,574027,9,80
573938,574020,574029,9,82
573938,574024,574029,5,86
573938,574019,574028,9,81
573938,574018,574030,12,80
573938,574018,574030,12,80
573938,574018,574030,12,80
573938,574025,574030,5,87
573938,574019,574030,11,81
573938,574020,574030,10,82
573938,574020,574031,11,82
573938,574025,574033,8,87
573938,574028,574034,6,90
573938,574026,574034,8,88
573938,574028,574034,6,90
573938,574028,574035,7,90
573938,574030,574035,5,92
573938,574030,574035,5,92
573938,574027,574034,7,89
573938,574028,574035,7,90
573938,574029,574035,6,91
573938,574030,574036,6,92
573938,574028,574036,8,90
573938,574027,574035,8,89
573938,574029,574035,6,91
573938,574031,574035,4,93
573938,574029,574037,8,91
573938,574031,574037,6,93
573938,574032,574037,5,94
573938,574036,574038,2,98
573938,574033,574038,5,95
573938,574031,574037,6,93
573938,574035,574038,3,97
573938,574036,574038,2,98
573938,574037,574039,2,99
573938,574034,574038,4,96
573938,574035,574039,4,97
573938,574034,574039,5,96
573938,574036,574038,2,98
573938,574036,574038,2,98
573938,574034,574038,4,96
573938,574035,574038,3,97
573938,574036,574039,3,98
573938,574035,574039,4,97
573938,574038,574039,1,100
573938,574036,574039,3,98
573938,574037,574039,2,99
573938,574037,574040,3,99
573938,574038,574040,2,100
573938,574035,574040,5,97
573938,574038,574040,2,100
573939,574039,574041,2,100
573938,574038,574040,2,100
573939,574040,574042,2,101
573939,574040,574042,2,101
573938,574039,574041,2,101
573939,574040,574042,2,101
573939,574039,574041,2,100
573939,574040,574041,1,101
573939,574040,574041,1,101
573939,574040,574043,3,101
573939,574040,574042,2,101
573939,574040,574043,3,101
573939,574042,574046,4,103
573939,574040,574047,7,101
573939,574044,574048,4,105
573939,574043,574048,5,104
573939,574043,574048,5,104
573939,574042,574049,7,103
573939,574041,574050,9,102
573939,574042,574050,8,103
573939,574041,574051,10,102
573939,574046,574050,4,107
573939,574042,574051,9,103
573939,574042,574051,9,103
573939,574040,574052,12,101
573939,574042,574052,10,103
573939,574041,574051,10,102
573939,574042,574051,9,103
573939,574048,574053,5,109
573939,574040,574053,13,101
573939,574041,574053,12,102
573939,574047,574052,5,108
573939,574041,574053,12,102
573939,574048,574056,8,109
573939,574049,574057,8,110
573939,574053,574057,4,114
573939,574053,574057,4,114
573939,574053,574057,4,114
573939,574052,574058,6,113
573939,574050,574058,8,111
573939,574053,574058,5,114
573939,574053,574058,5,114
573939,574048,574059,11,109
573939,574051,574058,7,112
573939,574052,574058,6,113
573939,574051,574059,8,112
573939,574050,574058,8,111
573939,574051,574058,7,112
573939,574052,574060,8,113
573939,574057,574060,3,118
573939,574057,574060,3,118
573939,574052,574059,7,113
573939,574051,574059,8,112
573939,574057,574061,4,118
573939,574056,574061,5,117
573939,574060,574062,2,121
573939,574060,574062,2,121
573939,574058,574062,4,119
573939,574060,574062,2,121
573939,574059,574063,4,120
573939,574059,574062,3,120
573939,574058,574063,5,119
573939,574058,574063,5,119
573939,574057,574062,5,118
573939,574058,574063,5,119
573939,574059,574062,3,120
573939,574059,574062,3,120
573939,574059,574064,5,120
573939,574060,574063,3,121
573939,574060,574063,3,121
573939,574061,574064,3,122
573939,574062,574064,2,123
573939,574062,574063,1,123
573939,574059,574063,4,120
573939,574061,574063,2,122
573939,574062,574065,3,123
573939,574062,574065,3,123
573939,574063,574065,2,124
573939,574063,574066,3,124
573939,574063,574066,3,124
573939,574063,574065,2,124
573939,574063,574065,2,124
573939,574063,574067,4,124
573939,574063,574066,3,124
573939,574063,574066,3,124
573939,574064,574068,4,125
573939,574064,574074,10,125
573939,574064,574075,11,125
573939,574064,574075,11,125
573939,574065,574075,10,126
573939,574066,574076,10,127
573939,574065,574076,11,126
573939,574065,574076,11,126
573939,574067,574077,10,128
573939,574065,574077,12,126
573939,574064,574076,12,125
573939,574066,574078,12,127
573939,574066,574078,12,127
573939,574066,574077,11,127
573939,574067,574079,12,128
573939,574064,574078,14,125
573939,574064,574078,14,125
573939,574067,574080,13,128
573939,574068,574081,13,129
573939,574075,574082,7,136
573939,574075,574082,7,136
573939,574078,574083,5,139
573939,574079,574083,4,140
573516,573662,574083,421,146
573939,574076,574084,8,137
573939,574079,574085,6,140
573939,574080,574085,5,141
573939,574082,574084,2,143
573939,574083,574085,2,144
573939,574082,574085,3,143
573939,574079,574084,5,140
573939,574083,574085,2,144
573939,574076,574085,9,137
573939,574076,574085,9,137
573939,574084,574085,1,145
573939,574085,574086,1,146
573939,574077,574085,8,138
573939,574085,574086,1,146
573939,574074,574086,12,135
573939,574081,574086,5,142
573939,574083,574085,2,144
573939,574076,574085,9,137
573939,574085,574087,2,146
573939,574085,574087,2,146
573939,574077,574087,10,138
573939,574085,574086,1,146
573939,574078,574088,10,139
573939,574085,574087,2,146
573939,574086,574088,2,147
573939,574085,574087,2,146
573939,574085,574087,2,146
573939,574077,574088,11,138
573939,574086,574089,3,147
573939,574086,574089,3,147
573939,574087,574089,2,148
573939,574087,574090,3,148
573939,574087,574089,2,148
573939,574086,574089,3,147
573939,574088,574090,2,149
573939,574078,574089,11,139
573939,574087,574090,3,148
573939,574086,574090,4,147
573939,574086,574090,4,147
573939,574086,574089,3,147
573939,574087,574089,2,148
573960,574089,574090,1,129
573939,574086,574091,5,147
573960,574089,574090,1,129
573960,574088,574091,3,128
573960,574090,574092,2,130
573939,574088,574091,3,149
573939,574088,574091,3,149
573960,574089,574092,3,129
573960,574090,574092,2,130
573960,574090,574092,2,130
573960,574090,574092,2,130
573960,574090,574093,3,130
573960,574090,574094,4,130
573960,574093,574097,4,133
573960,574093,574098,5,133
573960,574094,574098,4,134
573960,574090,574099,9,130
573960,574091,574100,9,131
573960,574091,574101,10,131
573960,574092,574101,9,132
573960,574097,574100,3,137
573960,574092,574101,9,132
573960,574092,574101,9,132
573960,574090,574101,11,130
573960,574091,574101,10,131
573960,574092,574102,10,132
573960,574090,574102,12,130
573960,574091,574102,11,131
573960,574092,574102,10,132
573960,574091,574102,11,131
573960,574098,574103,5,138
573960,574092,574102,10,132
573960,574098,574105,7,138
573960,574103,574107,4,143
573960,574103,574107,4,143
573960,574102,574107,5,142
573960,574100,574108,8,140
573960,574099,574108,9,139
573960,574102,574109,7,142
573960,574102,574109,7,142
573960,574101,574109,8,141
573960,574101,574108,7,141
573960,574101,574109,8,141
573960,574102,574109,7,142
573960,574105,574109,4,145
573960,574102,574110,8,142
573960,574102,574109,7,142
573960,574102,574109,7,142
573960,574101,574110,9,141
573960,574101,574109,8,141
573960,574108,574111,3,148
573960,574107,574112,5,147
573960,574109,574112,3,149
573960,574109,574112,3,149
573960,574107,574111,4,147
573960,574109,574112,3,149
573960,574108,574112,4,148
573960,574107,574112,5,147
573960,574109,574112,3,149
573960,574109,574113,4,149
573960,574110,574113,3,150
573960,574110,574114,4,150
573960,574111,574114,3,151
573960,574112,574114,2,152
573960,574110,574114,4,150
573960,574109,574113,4,149
573960,574109,574115,6,149
573960,574110,574114,4,150
573960,574112,574114,2,152
573960,574112,574115,3,152
573960,574111,574114,3,151
573960,574113,574115,2,153
573960,574112,574115,3,152
573960,574112,574115,3,152
573960,574112,574115,3,152
573960,574113,574116,3,153
573960,574112,574116,4,152
573960,574114,574115,1,154
573991,574115,574117,2,124
573991,574115,574116,1,124
573991,574114,574117,3,123
573991,574114,574116,2,123
573991,574115,574117,2,124
573991,574115,574118,3,124
573991,574114,574117,3,123
573991,574115,574118,3,124
573991,574115,574118,3,124
573991,574115,574121,6,124
573991,574117,574126,9,126
573991,574116,574127,11,125
573991,574117,574127,10,126
573991,574117,574127,10,126
573991,574116,574128,12,125
573991,574116,574128,12,125
573991,574119,574129,10,128
573991,574116,574129,13,125
573991,574117,574129,12,126
573991,574115,574130,15,124
573991,574118,574130,12,127
573991,574118,574131,13,127
573991,574116,574131,15,125
573991,574118,574131,13,127
573991,574121,574132,11,130
573991,574118,574132,14,127
573991,574131,574133,2,140
573991,574132,574134,2,141
573991,574128,574135,7,137
573991,574132,574135,3,141
573991,574130,574136,6,139
573991,574128,574135,7,137
573991,574133,574136,3,142
573991,574131,574135,4,140
573991,574131,574136,5,140
573991,574127,574135,8,136
573991,574134,574135,1,143
573991,574129,574137,8,138
573991,574128,574137,9,137
573991,574126,574137,11,135
573991,574135,574136,1,144
573991,574136,574138,2,145
573991,574130,574138,8,139
573991,574135,574138,3,144
573991,574136,574138,2,145
573991,574136,574138,2,145
573991,574127,574137,10,136
573991,574129,574137,8,138
573991,574136,574138,2,145
573991,574136,574139,3,145
573991,574137,574139,2,146
573991,574136,574139,3,145
573991,574136,574138,2,145
573991,574137,574138,1,146
573991,574137,574139,2,146
573991,574138,574140,2,147
573991,574129,574139,10,138
573991,574137,574139,2,146
573991,574138,574139,1,147
573991,574138,574141,3,147
573991,574138,574141,3,147
573991,574138,574141,3,147
573991,574138,574141,3,147
573991,574139,574141,2,148
573991,574138,574140,2,147
573991,574139,574142,3,148
573991,574139,574141,2,148
573991,574140,574142,2,149
573991,574139,574141,2,148
573991,574140,574142,2,149
573991,574139,574141,2,148
573991,574139,574143,4,148
573991,574140,574143,3,149
573991,574140,574142,2,149
574006,574141,574143,2,135
574006,574141,574143,2,135
574006,574142,574144,2,136
573991,574140,574143,3,149
574006,574141,574143,2,135
574006,574141,574145,4,135
574006,574142,574144,2,136
574006,574142,574145,3,136
574006,574141,574144,3,135
574006,574142,574146,4,136
574006,574142,574147,5,136
573597,573741,574153,412,144
574006,574144,574153,9,138
574006,574143,574153,10,137
574006,574144,574153,9,138
574006,574143,574154,11,137
574006,574143,574155,12,137
574006,574145,574155,10,139
574006,574143,574155,12,137
574006,574143,574155,12,137
574006,574144,574155,11,138
574006,574147,574156,9,141
574006,574145,574156,11,139
574006,574142,574156,14,136
574006,574145,574156,11,139
574006,574145,574156,11,139
574006,574146,574156,10,140
574006,574154,574158,4,148
574006,574154,574159,5,148
574006,574153,574159,6,147
574006,574158,574162,4,152
574006,574155,574162,7,149
574006,574154,574162,8,148
574006,574159,574163,4,153
574006,574153,574163,10,147
574006,574156,574162,6,150
574006,574159,574162,3,153
574006,574156,574164,8,150
574006,574156,574163,7,150
574006,574156,574164,8,150
574006,574156,574165,9,150
574006,574155,574165,10,149
574006,574156,574165,9,150
574006,574155,574165,10,149
574006,574155,574164,9,149
574006,574162,574166,4,156
574006,574163,574166,3,157
574006,574164,574167,3,158
574006,574163,574167,4,157
574006,574156,574167,11,150
574006,574162,574166,4,156
574006,574164,574167,3,158
574006,574164,574167,3,158
574006,574162,574168,6,156
574006,574164,574167,3,158
574006,574164,574168,4,158
574006,574166,574169,3,160
574006,574166,574168,2,160
574006,574167,574169,2,161
574006,574165,574169,4,159
574006,574168,574170,2,162
574006,574167,574170,3,161
574006,574166,574170,4,160
574006,574165,574170,5,159
574006,574165,574170,5,159
574006,574165,574169,4,159
574006,574168,574170,2,162
574006,574167,574170,3,161
574006,574167,574171,4,161
574006,574167,574170,3,161
574006,574168,574170,2,162
574006,574169,574171,2,163
574006,574169,574171,2,163
574006,574170,574172,2,164
574006,574169,574172,3,163
574006,574169,574171,2,163
574006,574170,574171,1,164
574006,574168,574171,3,162
574006,574170,574173,3,164
574006,574171,574173,2,165
574006,574170,574173,3,164
574006,574170,574172,2,164
574006,574170,574173,3,164
574006,574170,574174,4,164
574006,574171,574176,5,165
574006,574171,574176,5,165
574006,574171,574180,9,165
574006,574172,574182,10,166
574006,574172,574182,10,166
574006,574172,574183,11,166
574006,574172,574183,11,166
574006,574172,574183,11,166
574006,574172,574184,12,166
574006,574173,574183,10,167
574006,574173,574185,12,167
574006,574173,574185,12,167
574006,574172,574185,13,166
574006,574173,574186,13,167
574006,574173,574187,14,167
574006,574176,574187,11,170
574006,574174,574188,14,168
574006,574184,574189,5,178
574006,574184,574189,5,178
574006,574184,574189,5,178
574006,574183,574190,7,177
574006,574182,574190,8,176
574006,574176,574190,14,170
574006,574185,574190,5,179
574006,574187,574190,3,181
574006,574186,574190,4,180
573624,573769,574191,422,145
574006,574189,574191,2,183
574006,574189,574190,1,183
574006,574183,574190,7,177
574006,574189,574190,1,183
574006,574185,574192,7,179
574006,574188,574191,3,182
574006,574190,574192,2,184
574006,574190,574191,1,184
574006,574185,574193,8,179
574006,574190,574193,3,184
574006,574191,574193,2,185
574006,574190,574193,3,184
574006,574190,574193,3,184
574006,574191,574193,2,185
574006,574180,574193,13,174
574006,574191,574193,2,185
574006,574190,574193,3,184
574006,574182,574193,11,176
574006,574191,574193,2,185
574006,574193,574194,1,187
574006,574187,574193,6,181
574006,574191,574193,2,185
574006,574192,574193,1,186
574006,574193,574194,1,187
574006,574192,574195,3,186
574006,574192,574194,2,186
574006,574193,574195,2,187
574006,574193,574195,2,187
574006,574193,574195,2,187
574006,574194,574196,2,188
574006,574194,574196,2,188
574006,574193,574195,2,187
574006,574193,574195,2,187
574006,574194,574196,2,188
574006,574194,574196,2,188
574006,574194,574197,3,188
574006,574194,574196,2,188
574006,574194,574196,2,188
574006,574194,574196,2,188
574006,574194,574196,2,188
574006,574194,574197,3,188
574083,574196,574198,2,113
574083,574195,574198,3,112
574006,574195,574198,3,189
574083,574196,574198,2,113
574083,574195,574199,4,112
574083,574196,574199,3,113
574083,574196,574200,4,113
574083,574197,574199,2,114
574083,574197,574200,3,114
574083,574197,574202,5,114
574083,574197,574205,8,114
574083,574198,574207,9,115
573627,573794,574207,413,167
574083,574198,574208,10,115
574083,574197,574208,11,114
574083,574197,574209,12,114
574083,574199,574210,11,116
574083,574200,574211,11,117
574083,574200,574211,11,117
574083,574197,574211,14,114
574083,574198,574211,13,115
574083,574198,574210,12,115
574083,574197,574211,14,114
574083,574199,574213,14,116
574083,574200,574212,12,117
574083,574202,574213,11,119
574083,574207,574215,8,124
574083,574205,574216,11,122
574083,574209,574217,8,126
574083,574208,574218,10,125
574083,574207,574219,12,124
574083,574209,574219,10,126
574083,574215,574218,3,132
574083,574211,574220,9,128
574083,574211,574220,9,128
574083,574210,574220,10,127
574083,574217,574220,3,134
574083,574211,574220,9,128
574083,574218,574221,3,135
574083,574216,574221,5,133
574083,574219,574221,2,136
574083,574219,574221,2,136
574083,574219,574221,2,136
574083,574220,574222,2,137
574083,574220,574221,1,137
574083,574221,574222,1,138
574083,574220,574222,2,137
574083,574211,574221,10,128
574083,574213,574223,10,130
574083,574211,574223,12,128
574083,574220,574222,2,137
574083,574221,574222,1,138
574083,574222,574223,1,139
574083,574221,574222,1,138
574083,574222,574223,1,139
574083,574222,574223,1,139
574083,574221,574223,2,138
574083,574211,574224,13,128
574083,574214,574223,9,131
574083,574213,574224,11,130
574083,574221,574223,2,138
574083,574222,574224,2,139
574083,574222,574223,1,139
574083,574222,574225,3,139
574083,574223,574225,2,140
574083,574223,574226,3,140
574083,574223,574226,3,140
574083,574223,574226,3,140
574083,574223,574226,3,140
574083,574224,574226,2,141
574083,574224,574226,2,141
574083,574224,574227,3,141
574083,574224,574227,3,141
574083,574223,574226,3,140
574154,574225,574226,1,71
574083,574224,574228,4,141
574083,574224,574227,3,141
574154,574225,574228,3,71
574083,574224,574228,4,141
574154,574226,574228,2,72
574154,574225,574228,3,71
574154,574226,574228,2,72
574154,574226,574229,3,72
574154,574226,574231,5,72
574154,574227,574231,4,73
574154,574227,574231,4,73
574154,574228,574238,10,74
574154,574228,574238,10,74
574154,574228,574239,11,74
574154,574228,574238,10,74
574154,574228,574239,11,74
574154,574228,574239,11,74
574154,574228,574240,12,74
574154,574227,574240,13,73
574154,574228,574240,12,74
574154,574229,574239,10,75
574154,574227,574240,13,73
574154,574231,574241,10,77
573630,573820,574242,422,190
574154,574231,574243,12,77
574154,574232,574242,10,78
574154,574231,574245,14,77
574154,574244,574245,1,90
574154,574241,574246,5,87
574154,574240,574246,6,86
574154,574241,574247,6,87
574154,574243,574247,4,89
574154,574239,574247,8,85
574154,574245,574246,1,91
574154,574246,574247,1,92
574154,574240,574247,7,86
574154,574239,574247,8,85
574154,574246,574248,2,92
574154,574245,574247,2,91
574154,574242,574247,5,88
574154,574247,574248,1,93
574154,574247,574249,2,93
574154,574239,574248,9,85
574154,574247,574249,2,93
574154,574247,574249,2,93
574154,574240,574248,8,86
574154,574247,574249,2,93
574154,574240,574249,9,86
574154,574247,574249,2,93
574154,574238,574248,10,84
574154,574248,574249,1,94
573815,573947,574250,303,132
574154,574248,574249,1,94
574154,574238,574249,11,84
574154,574239,574249,10,85
574154,574249,574251,2,95
574154,574249,574251,2,95
574154,574248,574251,3,94
574154,574249,574250,1,95
574154,574249,574250,1,95
574154,574249,574251,2,95
574154,574248,574250,2,94
574154,574249,574251,2,95
574154,574249,574252,3,95
574154,574249,574251,2,95
574154,574249,574251,2,95
574154,574250,574251,1,96
574154,574250,574251,1,96
574154,574249,574251,2,95
574154,574250,574251,1,96
574154,574249,574251,2,95
574154,574251,574253,2,97
574154,574251,574253,2,97
574154,574251,574254,3,97
574154,574250,574253,3,96
574154,574251,574254,3,97
574154,574251,574253,2,97
574154,574251,574253,2,97
574154,574251,574255,4,97
574191,574252,574254,2,61
574191,574252,574254,2,61
574191,574252,574255,3,61
574191,574252,574255,3,61
574191,574252,574256,4,61
574191,574252,574256,4,61
574191,574252,574256,4,61
574191,574252,574257,5,61
574191,574253,574257,4,62
574191,574253,574259,6,62
574191,574254,574265,11,63
574191,574254,574265,11,63
574191,574255,574265,10,64
574191,574254,574266,12,63
574191,574255,574265,10,64
574191,574255,574265,10,64
574191,574254,574267,13,63
573684,573847,574267,420,163
574191,574256,574266,10,65
574191,574254,574266,12,63
574191,574256,574268,12,65
574191,574255,574267,12,64
574191,574255,574268,13,64
574191,574257,574269,12,66
574191,574256,574269,13,65
574191,574260,574269,9,69
574191,574258,574268,10,67
574191,574269,574271,2,78
574191,574269,574271,2,78
574191,574268,574271,3,77
574191,574269,574271,2,78
574191,574268,574271,3,77
574191,574268,574271,3,77
574191,574269,574271,2,78
574191,574271,574273,2,80
574191,574265,574273,8,74
574191,574267,574273,6,76
574191,574271,574272,1,80
574191,574267,574273,6,76
574191,574271,574272,1,80
574191,574271,574273,2,80
574191,574271,574273,2,80
574191,574265,574274,9,74
574191,574266,574274,8,75
574191,574271,574273,2,80
574191,574265,574273,8,74
574191,574267,574273,6,76
574191,574267,574273,6,76
574191,574267,574274,7,76
574191,574272,574275,3,81
574191,574273,574275,2,82
574191,574267,574275,8,76
574191,574273,574274,1,82
574191,574273,574274,1,82
574191,574273,574274,1,82
574191,574273,574274,1,82
574191,574273,574276,3,82
574191,574274,574276,2,83
574191,574273,574276,3,82
574191,574273,574275,2,82
574191,574274,574276,2,83
574191,574274,574276,2,83
574191,574274,574276,2,83
574191,574274,574276,2,83
574191,574275,574277,2,84
574191,574274,574276,2,83
574191,574275,574277,2,84
574191,574275,574277,2,84
574191,574274,574276,2,83
574191,574275,574276,1,84
574191,574275,574278,3,84
574191,574276,574278,2,85
574191,574275,574278,3,84
574191,574276,574279,3,85
574191,574275,574278,3,84
574208,574277,574279,2,69
574191,574276,574278,2,85
574208,574277,574280,3,69
574208,574277,574280,3,69
574208,574277,574280,3,69
574208,574277,574281,4,69
574208,574277,574280,3,69
574208,574277,574280,3,69
574208,574277,574282,5,69
574208,574277,574281,4,69
574208,574278,574284,6,70
574208,574278,574287,9,70
574208,574278,574287,9,70
574208,574278,574288,10,70
574208,574279,574289,10,71
574208,574279,574289,10,71
574208,574280,574290,10,72
574208,574280,574290,10,72
574208,574279,574291,12,71
574208,574279,574291,12,71
574208,574281,574292,11,73
574208,574282,574292,10,74
574208,574280,574293,13,72
574208,574282,574293,11,74
574208,574282,574294,12,74
574208,574281,574293,12,73
574208,574292,574294,2,84
574208,574288,574295,7,80
574208,574292,574295,3,84
574208,574293,574295,2,85
574208,574287,574296,9,79
574208,574289,574295,6,81
574208,574295,574296,1,87
574208,574294,574296,2,86
574208,574288,574295,7,80
574208,574284,574295,11,76
574208,574294,574296,2,86
574208,574291,574297,6,83
574208,574295,574296,1,87
574208,574294,574296,2,86
574208,574294,574296,2,86
574208,574295,574297,2,87
574208,574290,574296,6,82
574208,574290,574296,6,82
574208,574291,574296,5,83
574208,574296,574297,1,88
574208,574296,574298,2,88
574208,574296,574298,2,88
574208,574296,574298,2,88
574208,574296,574298,2,88
574208,574296,574298,2,88
574208,574291,574299,8,83
574208,574297,574298,1,89
574208,574297,574298,1,89
574208,574298,574299,1,90
574208,574297,574299,2,89
574208,574296,574299,3,88
574208,574297,574300,3,89
574208,574297,574299,2,89
574208,574297,574299,2,89
574208,574298,574299,1,90
574208,574298,574299,1,90
574208,574297,574299,2,89
574208,574297,574299,2,89
574208,574298,574300,2,90
574208,574299,574300,1,91
574208,574299,574301,2,91
574208,574298,574300,2,90
574208,574299,574301,2,91
574208,574298,574300,2,90
574208,574299,574302,3,91
574208,574299,574301,2,91
574208,574300,574302,2,92
574208,574300,574302,2,92
574208,574300,574303,3,92
574242,574301,574303,2,59
574208,574299,574303,4,91
574242,574300,574303,3,58
574242,574301,574303,2,59
574242,574300,574302,2,58
574242,574301,574304,3,59
574242,574301,574303,2,59
574242,574300,574303,3,58
574242,574300,574304,4,58
573702,573872,574304,432,170
574242,574301,574304,3,59
574242,574302,574307,5,60
574242,574302,574310,8,60
574242,574302,574311,9,60
574242,574303,574312,9,61
574242,574302,574313,11,60
573913,574016,574312,296,103
574242,574305,574314,9,63
574242,574304,574314,10,62
574242,574305,574315,10,63
574242,574304,574315,11,62
574242,574303,574315,12,61
574242,574307,574315,8,65
574242,574304,574314,10,62
574242,574303,574314,11,61
574242,574304,574316,12,62
574242,574303,574315,12,61
574242,574315,574317,2,73
574242,574303,574317,14,61
574242,574304,574316,12,62
574242,574315,574316,1,73
574242,574315,574318,3,73
574242,574310,574317,7,68
574242,574315,574317,2,73
574242,574316,574318,2,74
574242,574315,574317,2,73
574242,574311,574319,8,69
574242,574312,574319,7,70
574242,574317,574318,1,75
574242,574315,574319,4,73
574242,574317,574319,2,75
574242,574317,574319,2,75
574242,574313,574319,6,71
574242,574318,574319,1,76
574242,574319,574320,1,77
574242,574314,574320,6,72
574242,574316,574319,3,74
574242,574314,574320,6,72
574242,574318,574319,1,76
574242,574318,574320,2,76
574242,574318,574320,2,76
574242,574318,574321,3,76
574242,574319,574321,2,77
574242,574319,574320,1,77
574242,574314,574321,7,72
574242,574318,574320,2,76
574242,574320,574322,2,78
574242,574320,574321,1,78
574242,574320,574321,1,78
574242,574320,574321,1,78
574242,574321,574322,1,79
574242,574319,574321,2,77
574242,574319,574321,2,77
574242,574320,574322,2,78
574242,574320,574322,2,78
574242,574321,574323,2,79
574242,574320,574322,2,78
574242,574321,574323,2,79
574242,574320,574322,2,78
574242,574321,574323,2,79
574242,574319,574323,4,77
574242,574320,574322,2,78
573767,573898,574323,425,131
574242,574322,574324,2,80
574242,574321,574323,2,79
574242,574322,574324,2,80
574250,574322,574325,3,72
574250,574322,574325,3,72
574242,574322,574324,2,80
574242,574322,574324,2,80
574242,574322,574324,2,80
574250,574323,574324,1,73
574250,574323,574326,3,73
574250,574323,574325,2,73
574250,574323,574325,2,73
574250,574323,574325,2,73
574250,574322,574325,3,72
574250,574323,574325,2,73
574250,574323,574330,7,73
574250,574323,574332,9,73
574250,574327,574334,7,77
574250,574324,574334,10,74
574250,574327,574335,8,77
574250,574327,574335,8,77
574250,574325,574335,10,75
574250,574327,574335,8,77
574250,574325,574336,11,75
574250,574325,574336,11,75
574250,574325,574336,11,75
574250,574325,574336,11,75
574250,574324,574336,12,74
574250,574325,574337,12,75
574250,574325,574337,12,75
574250,574334,574338,4,84
574250,574335,574339,4,85
574250,574326,574339,13,76
574250,574336,574339,3,86
574250,574335,574338,3,85
574250,574335,574338,3,85
574250,574332,574339,7,82
574250,574330,574339,9,80
574250,574338,574340,2,88
574250,574326,574340,14,76
574250,574335,574339,4,85
574250,574337,574341,4,87
574250,574337,574340,3,87
574250,574337,574340,3,87
574250,574337,574341,4,87
573814,573923,574341,418,109
574250,574339,574340,1,89
574250,574339,574341,2,89
574250,574334,574340,6,84
574250,574337,574341,4,87
574250,574339,574341,2,89
574250,574337,574341,4,87
574250,574339,574342,3,89
574250,574339,574341,2,89
574250,574340,574341,1,90
574250,574341,574342,1,91
574250,574339,574342,3,89
574250,574339,574342,3,89
574250,574340,574343,3,90
574250,574341,574343,2,91
574250,574341,574342,1,91
574250,574341,574342,1,91
574250,574341,574342,1,91
574250,574342,574343,1,92
574250,574341,574342,1,91
574250,574340,574342,2,90
574250,574342,574344,2,92
574250,574341,574343,2,91
574250,574342,574344,2,92
574250,574342,574344,2,92
574250,574341,574343,2,91
574250,574342,574343,1,92
574250,574342,574343,1,92
574250,574341,574343,2,91
574250,574342,574344,2,92
574250,574343,574345,2,93
574250,574342,574345,3,92
574250,574343,574345,2,93
574250,574343,574344,1,93
574250,574343,574344,1,93
574250,574343,574344,1,93
574250,574343,574344,1,93
574267,574344,574346,2,77
574267,574343,574346,3,76
574267,574344,574347,3,77
574267,574344,574347,3,77
574267,574344,574347,3,77
574267,574344,574347,3,77
574267,574344,574348,4,77
574267,574344,574347,3,77
574267,574344,574347,3,77
574267,574344,574350,6,77
574267,574345,574354,9,78
574267,574346,574354,8,79
574267,574346,574355,9,79
574267,574346,574356,10,79
574267,574347,574356,9,80
574267,574348,574356,8,81
574267,574348,574357,9,81
574267,574345,574357,12,78
574267,574345,574356,11,78
574267,574346,574356,10,79
574267,574345,574358,13,78
574267,574348,574358,10,81
574267,574347,574357,10,80
574267,574346,574359,13,79
574267,574351,574358,7,84
574267,574347,574359,12,80
574267,574357,574359,2,90
574267,574357,574358,1,90
574267,574358,574360,2,91
574267,574354,574360,6,87
574267,574359,574360,1,92
574267,574347,574359,12,80
574267,574355,574361,6,88
574267,574359,574360,1,92
574267,574359,574360,1,92
574267,574356,574361,5,89
574267,574359,574361,2,92
574267,574357,574361,4,90
574267,574359,574361,2,92
574267,574357,574360,3,90
574267,574358,574360,2,91
574267,574354,574362,8,87
574267,574360,574362,2,93
574267,574360,574361,1,93
574267,574360,574361,1,93
574267,574361,574362,1,94
574267,574357,574361,4,90
574267,574359,574361,2,92
574267,574360,574362,2,93
574267,574361,574362,1,94
574267,574356,574362,6,89
574267,574361,574362,1,94
574267,574361,574362,1,94
574267,574361,574364,3,94
574267,574362,574364,2,95
574267,574361,574364,3,94
574267,574361,574364,3,94
574267,574361,574364,3,94
574267,574362,574363,1,95
574267,574362,574364,2,95
574267,574362,574364,2,95
574267,574361,574364,3,94
574267,574362,574365,3,95
574267,574362,574364,2,95
574267,574362,574364,2,95
574267,574363,574365,2,96
574267,574362,574365,3,95
574267,574363,574366,3,96
574267,574364,574366,2,97
574267,574364,574365,1,97
574267,574364,574365,1,97
574313,574365,574367,2,52
574313,574365,574366,1,52
574267,574364,574366,2,97
574267,574364,574366,2,97
574267,574364,574366,2,97
574267,574364,574367,3,97
574313,574364,574367,3,51
574313,574365,574366,1,52
574313,574365,574368,3,52
574313,574365,574368,3,52
574313,574365,574367,2,52
574313,574366,574368,2,53
574313,574366,574369,3,53
574313,574366,574371,5,53
574313,574366,574373,7,53
574313,574366,574375,9,53
574313,574367,574377,10,54
574313,574367,574378,11,54
574313,574369,574378,9,56
574313,574367,574378,11,54
574313,574367,574378,11,54
574313,574368,574378,10,55
574313,574371,574379,8,58
574313,574367,574379,12,54
574313,574367,574379,12,54
574313,574367,574378,11,54
574313,574369,574378,9,56
574313,574368,574380,12,55
574313,574367,574380,13,54
574313,574373,574379,6,60
574313,574368,574380,12,55
574313,574378,574381,3,65
574313,574379,574382,3,66
574313,574379,574382,3,66
574313,574379,574382,3,66
574313,574379,574382,3,66
574313,574380,574382,2,67
574313,574379,574382,3,66
574313,574378,574383,5,65
574313,574380,574382,2,67
574313,574375,574382,7,62
574313,574381,574383,2,68
574313,574380,574383,3,67
574313,574378,574382,4,65
574313,574381,574383,2,68
574313,574377,574384,7,64
574313,574378,574383,5,65
574313,574382,574383,1,69
574313,574382,574384,2,69
574313,574378,574383,5,65
574313,574382,574385,3,69
574313,574383,574385,2,70
574313,574383,574384,1,70
574313,574384,574385,1,71
574313,574384,574385,1,71
574313,574382,574384,2,69
574313,574382,574384,2,69
574313,574382,574384,2,69
574313,574384,574386,2,71
574313,574384,574385,1,71
574313,574384,574386,2,71
574313,574383,574386,3,70
574313,574383,574385,2,70
574313,574383,574385,2,70
574313,574385,574386,1,72
574313,574383,574386,3,70
574313,574385,574387,2,72
574313,574385,574387,2,72
574313,574385,574386,1,72
574313,574385,574386,1,72
574313,574385,574386,1,72
574313,574386,574387,1,73
574313,574384,574386,2,71
574313,574385,574388,3,72
574313,574385,574387,2,72
574313,574386,574388,2,73
574313,574386,574388,2,73
573863,573969,574387,418,106
574313,574386,574388,2,73
574314,574386,574389,3,72
574314,574387,574389,2,73
574313,574386,574389,3,73
574314,574387,574389,2,73
574314,574387,574389,2,73
574314,574387,574390,3,73
574314,574387,574389,2,73
574314,574387,574390,3,73
574314,574387,574390,3,73
574314,574387,574391,4,73
574314,574387,574393,6,73
574314,574388,574398,10,74
574314,574391,574398,7,77
574314,574390,574399,9,76
574314,574390,574399,9,76
574314,574389,574399,10,75
574314,574390,574400,10,76
574314,574388,574400,12,74
574314,574393,574399,6,79
574314,574390,574400,10,76
574314,574388,574399,11,74
574314,574388,574401,13,74
574314,574389,574401,12,75
574314,574388,574400,12,74
574314,574390,574400,10,76
574314,574390,574400,10,76
574314,574399,574401,2,85
574314,574400,574401,1,86
574314,574399,574401,2,85
574314,574400,574402,2,86
574314,574389,574402,13,75
574314,574389,574401,12,75
574314,574398,574401,3,84
574314,574400,574402,2,86
574314,574399,574401,2,85
574314,574400,574403,3,86
574314,574398,574403,5,84
574314,574401,574404,3,87
574314,574401,574404,3,87
574314,574400,574404,4,86
574314,574402,574405,3,88
574314,574401,574404,3,87
574314,574403,574405,2,89
574314,574403,574405,2,89
574314,574402,574405,3,88
574314,574402,574405,3,88
574314,574401,574404,3,87
574314,574401,574404,3,87
574314,574402,574404,2,88
574314,574403,574404,1,89
574314,574403,574406,3,89
574314,574402,574406,4,88
574314,574402,574405,3,88
574314,574403,574405,2,89
574314,574404,574406,2,90
574314,574405,574407,2,91
574314,574405,574407,2,91
574314,574405,574406,1,91
574314,574405,574407,2,91
574314,574404,574406,2,90
574314,574405,574407,2,91
574314,574406,574407,1,92
574314,574406,574407,1,92
574314,574406,574407,1,92
574314,574406,574407,1,92
574314,574405,574407,2,91
574314,574406,574408,2,92
574314,574405,574408,3,91
574314,574406,574408,2,92
574314,574406,574408,2,92
574314,574407,574409,2,93
574314,574407,574408,1,93
574314,574407,574409,2,93
574314,574406,574408,2,92
574314,574407,574408,1,93
574324,574408,574410,2,84
574314,574407,574409,2,93
574324,574408,574411,3,84
574324,574408,574411,3,84
574324,574408,574411,3,84
574324,574408,574410,2,84
574324,574408,574410,2,84
574324,574408,574410,2,84
574324,574409,574412,3,85
574324,574408,574411,3,84
574324,574409,574415,6,85
574324,574409,574417,8,85
573887,573992,574419,427,105
574324,574410,574420,10,86
574324,574409,574420,11,85
574324,574412,574421,9,88
574324,574412,574422,10,88
574324,574412,574422,10,88
574324,574410,574423,13,86
574324,574412,574422,10,88
574324,574412,574422,10,88
574324,574411,574423,12,87
574324,574411,574423,12,87
574324,574409,574423,14,85
574324,574417,574423,6,93
574324,574415,574424,9,91
574324,574410,574424,14,86
574324,574411,574425,14,87
574324,574424,574425,1,100
574324,574422,574426,4,98
574324,574423,574426,3,99
574324,574424,574427,3,100
574324,574425,574427,2,101
574324,574419,574427,8,95
574324,574420,574426,6,96
574324,574423,574426,3,99
574324,574423,574426,3,99
574324,574423,574426,3,99
574324,574424,574427,3,100
574324,574425,574428,3,101
574324,574422,574428,6,98
574324,574422,574427,5,98
574324,574423,574427,4,99
574324,574426,574427,1,102
574324,574426,574429,3,102
574324,574421,574429,8,97
574324,574427,574429,2,103
574324,574423,574429,6,99
574324,574427,574428,1,103
574324,574427,574430,3,103
574324,574427,574429,2,103
574324,574427,574429,2,103
574324,574427,574429,2,103
574324,574429,574430,1,105
574324,574428,574430,2,104
574324,574428,574430,2,104
574324,574429,574431,2,105
574324,574427,574430,3,103
574324,574427,574430,3,103
574324,574428,574430,2,104
574324,574429,574431,2,105
574324,574429,574431,2,105
574324,574430,574432,2,106
574324,574430,574431,1,106
574324,574430,574431,1,106
574324,574430,574431,1,106
574324,574428,574431,3,104
574324,574429,574431,2,105
574324,574429,574431,2,105
574324,574431,574433,2,107
574324,574430,574433,3,106
574324,574431,574433,2,107
574324,574431,574432,1,107
574324,574431,574433,2,107
574324,574430,574432,2,106
574324,574431,574433,2,107
574341,574432,574433,1,91
574341,574432,574434,2,91
574324,574431,574433,2,107
574341,574432,574435,3,91
574341,574432,574434,2,91
574341,574432,574434,2,91
574341,574432,574435,3,91
574341,574432,574435,3,91
574341,574433,574435,2,92
574341,574433,574436,3,92
574341,574433,574440,7,92
574341,574433,574440,7,92
574341,574434,574444,10,93
574341,574433,574445,12,92
574341,574433,574445,12,92
574341,574434,574444,10,93
574341,574435,574444,9,94
574341,574435,574445,10,94
574341,574433,574446,13,92
574341,574436,574446,10,95
574341,574435,574447,12,94
574341,574434,574446,12,93
574341,574440,574447,7,99
574341,574435,574448,13,94
574341,574436,574449,13,95
574341,574445,574449,4,104
574341,574440,574448,8,99
574341,574445,574450,5,104
574341,574447,574450,3,106
574341,574436,574449,13,95
574341,574446,574450,4,105
574341,574444,574451,7,103
574341,574445,574450,5,104
574341,574447,574451,4,106
574341,574447,574451,4,106
574341,574447,574451,4,106
574341,574445,574452,7,104
574341,574449,574452,3,108
574341,574450,574451,1,109
574341,574448,574452,4,107
574341,574450,574451,1,109
574341,574450,574453,3,109
574341,574445,574453,8,104
574341,574449,574452,3,108
574341,574450,574453,3,109
574341,574451,574452,1,110
574341,574451,574452,1,110
574341,574452,574453,1,111
574341,574449,574452,3,108
574341,574451,574453,2,110
574341,574452,574454,2,111
574341,574453,574454,1,112
574341,574452,574453,1,111
574341,574453,574454,1,112
574341,574453,574454,1,112
574341,574451,574453,2,110
574341,574453,574455,2,112
574341,574452,574454,2,111
574341,574452,574454,2,111
574341,574453,574455,2,112
574341,574455,574456,1,114
574341,574453,574455,2,112
574341,574453,574456,3,112
574341,574453,574455,2,112
574341,574453,574455,2,112
574341,574454,574455,1,113
574341,574453,574455,2,112
574341,574454,574456,2,113
574341,574454,574456,2,113
574341,574455,574456,1,114
574341,574455,574456,1,114
574341,574455,574457,2,114
574341,574455,574457,2,114
574341,574455,574457,2,114
574341,574456,574457,1,115
574341,574455,574457,2,114
574389,574456,574459,3,67
574389,574457,574459,2,68
574389,574456,574459,3,67
574389,574456,574459,3,67
574389,574456,574460,4,67
574389,574457,574460,3,68
574389,574457,574459,2,68
574389,574457,574459,2,68
574389,574457,574459,2,68
574389,574457,574462,5,68
574389,574457,574468,11,68
574389,574458,574468,10,69
574389,574459,574468,9,70
574389,574461,574469,8,72
574389,574458,574469,11,69
574389,574459,574469,10,70
574389,574459,574470,11,70
573938,574039,574471,432,101
574389,574461,574471,10,72
574389,574459,574471,12,70
574389,574460,574472,12,71
574389,574460,574472,12,71
574389,574462,574471,9,73
574389,574460,574473,13,71
574389,574469,574473,4,80
574389,574470,574473,3,81
574389,574470,574474,4,81
574389,574471,574474,3,82
574389,574469,574475,6,80
574389,574471,574475,4,82
574389,574468,574474,6,79
574389,574469,574474,5,80
574389,574471,574474,3,82
574389,574460,574475,15,71
574389,574473,574476,3,84
574389,574468,574476,8,79
574389,574472,574475,3,83
574389,574472,574476,4,83
574389,574472,574476,4,83
574389,574474,574476,2,85
574389,574475,574477,2,86
574389,574474,574477,3,85
574389,574473,574477,4,84
574389,574475,574477,2,86
574389,574475,574477,2,86
574389,574477,574478,1,88
574389,574475,574478,3,86
574389,574475,574478,3,86
574389,574474,574478,4,85
574389,574476,574477,1,87
574389,574476,574478,2,87
574389,574476,574478,2,87
574389,574477,574479,2,88
574389,574475,574478,3,86
574389,574477,574479,2,88
574389,574477,574478,1,88
574389,574477,574479,2,88
574389,574476,574478,2,87
574389,574478,574479,1,89
574389,574478,574480,2,89
574389,574478,574479,1,89
574389,574479,574480,1,90
574389,574478,574480,2,89
574389,574478,574480,2,89
574389,574479,574480,1,90
574389,574480,574481,1,91
574389,574479,574481,2,90
574389,574479,574481,2,90
574389,574478,574480,2,89
574389,574480,574481,1,91
574389,574480,574482,2,91
574389,574480,574482,2,91
574389,574479,574482,3,90
574389,574479,574481,2,90
574389,574479,574481,2,90
574389,574479,574481,2,90
574421,574480,574483,3,59
574421,574480,574483,3,59
574421,574481,574484,3,60
574421,574481,574483,2,60
574421,574481,574483,2,60
574421,574482,574483,1,61
574421,574482,574484,2,61
574421,574481,574484,3,60
574421,574481,574485,4,60
574421,574482,574488,6,61
574421,574482,574493,11,61
574421,574482,574494,12,61
574421,574482,574494,12,61
574421,574483,574494,11,62
574421,574484,574494,10,63
574421,574484,574495,11,63
574421,574484,574494,10,63
574421,574484,574494,10,63
574421,574482,574494,12,61
574421,574484,574496,12,63
574421,574485,574496,11,64
574421,574495,574497,2,74
574421,574483,574497,14,62
574421,574494,574497,3,73
574421,574495,574498,3,74
574421,574495,574497,2,74
574421,574484,574498,14,63
574421,574488,574498,10,67
574421,574495,574498,3,74
574421,574496,574500,4,75
574421,574497,574499,2,76
574421,574498,574500,2,77
574421,574494,574500,6,73
574421,574496,574499,3,75
574421,574494,574501,7,73
574421,574497,574502,5,76
574421,574494,574501,7,73
574421,574498,574502,4,77
574421,574498,574501,3,77
574421,574498,574501,3,77
574421,574500,574502,2,79
574421,574500,574501,1,79
574421,574498,574501,3,77
574421,574500,574502,2,79
574421,574493,574502,9,72
574421,574500,574503,3,79
574421,574498,574502,4,77
574421,574500,574502,2,79
574421,574502,574503,1,81
574421,574502,574503,1,81
574421,574502,574503,1,81
574421,574502,574504,2,81
574421,574501,574503,2,80
574421,574502,574504,2,81
574421,574502,574504,2,81
574421,574502,574504,2,81
574421,574502,574505,3,81
574421,574503,574505,2,82
574421,574503,574505,2,82
574421,574502,574504,2,81
574421,574502,574504,2,81
573939,574088,574505,417,149
574421,574504,574506,2,83
574421,574504,574505,1,83
574421,574504,574505,1,83
574421,574504,574505,1,83
574421,574504,574505,1,83
574421,574504,574507,3,83
574421,574504,574507,3,83
574421,574505,574507,2,84
574421,574505,574507,2,84
574421,574503,574506,3,82
574421,574504,574506,2,83
574421,574506,574508,2,85
574472,574506,574508,2,34
574421,574505,574507,2,84
574421,574505,574507,2,84
574472,574506,574508,2,34
574472,574506,574509,3,34
574472,574507,574509,2,35
574472,574506,574509,3,34
574472,574506,574509,3,34
574472,574507,574510,3,35
574472,574507,574510,3,35
574472,574507,574511,4,35
573941,574088,574514,426,147
574472,574507,574515,8,35
574472,574509,574519,10,37
574472,574507,574519,12,35
574472,574508,574519,11,36
574472,574509,574519,10,37
574472,574508,574520,12,36
574472,574509,574521,12,37
574472,574510,574520,10,38
574472,574508,574521,13,36
574472,574508,574520,12,36
574472,574509,574522,13,37
574472,574510,574522,12,38
574472,574520,574521,1,48
574472,574521,574522,1,49
574472,574520,574522,2,48
574472,574521,574523,2,49
574472,574521,574523,2,49
574472,574519,574523,4,47
574472,574520,574522,2,48
574472,574522,574524,2,50
574472,574515,574524,9,43
574472,574521,574523,2,49
574472,574511,574524,13,39
574472,574522,574525,3,50
574472,574522,574524,2,50
574472,574510,574525,15,38
574472,574522,574524,2,50
574472,574523,574525,2,51
574472,574520,574524,4,48
574472,574523,574525,2,51
574472,574523,574525,2,51
574472,574524,574526,2,52
574472,574523,574525,2,51
574472,574514,574527,13,42
574472,574523,574526,3,51
574472,574525,574528,3,53
574472,574525,574528,3,53
574472,574525,574528,3,53
574472,574524,574527,3,52
574472,574526,574528,2,54
574472,574524,574527,3,52
574472,574525,574528,3,53
574472,574524,574528,4,52
574472,574525,574527,2,53
574472,574526,574527,1,54
574472,574526,574527,1,54
574472,574526,574527,1,54
574472,574527,574529,2,55
574472,574528,574530,2,56
574472,574527,574529,2,55
574472,574528,574530,2,56
574472,574527,574529,2,55
574472,574528,574530,2,56
574472,574528,574530,2,56
574472,574528,574530,2,56
574472,574528,574530,2,56
574472,574528,574530,2,56
574472,574528,574530,2,56
574472,574528,574530,2,56
574472,574528,574530,2,56
574472,574528,574530,2,56
574472,574529,574531,2,57
574472,574528,574531,3,56
574472,574530,574532,2,58
574472,574530,574531,1,58
574506,574531,574533,2,25
574472,574530,574532,2,58
574506,574530,574533,3,24
574506,574530,574534,4,24
574506,574530,574534,4,24
574506,574531,574533,2,25
574506,574531,574533,2,25
574506,574531,574534,3,25
574506,574531,574534,3,25
574506,574531,574536,5,25
574506,574531,574538,7,25
574506,574532,574542,10,26
574506,574531,574542,11,25
574506,574533,574543,10,27
574506,574534,574544,10,28
574506,574532,574544,12,26
573960,574114,574545,431,154
574506,574536,574545,9,30
574506,574534,574544,10,28
574506,574533,574545,12,27
574506,574533,574546,13,27
574506,574543,574546,3,37
574506,574544,574546,2,38
574506,574534,574546,12,28
574506,574534,574546,12,28
574506,574538,574547,9,32
574506,574545,574547,2,39
574506,574536,574546,10,30
574506,574534,574546,12,28
574506,574544,574546,2,38
574506,574545,574546,1,39
574506,574546,574547,1,40
574506,574545,574547,2,39
574506,574546,574548,2,40
574506,574545,574547,2,39
574506,574546,574549,3,40
574506,574547,574549,2,41
574506,574542,574549,7,36
574506,574547,574549,2,41
574506,574546,574548,2,40
574506,574548,574550,2,42
574506,574547,574550,3,41
574506,574547,574549,2,41
574506,574547,574549,2,41
574506,574547,574549,2,41
574506,574548,574550,2,42
574506,574547,574549,2,41
574506,574547,574549,2,41
574506,574549,574551,2,43
574506,574542,574551,9,36
574506,574549,574550,1,43
574506,574549,574551,2,43
574506,574548,574550,2,42
574506,574549,574552,3,43
574506,574550,574552,2,44
574506,574550,574552,2,44
574506,574550,574551,1,44
574506,574549,574552,3,43
574506,574550,574552,2,44
574506,574550,574552,2,44
574506,574550,574553,3,44
574506,574551,574552,1,45
574506,574551,574552,1,45
574506,574552,574553,1,46
574506,574551,574553,2,45
574506,574550,574552,2,44
574506,574551,574553,2,45
574506,574550,574552,2,44
574506,574551,574554,3,45
574506,574552,574554,2,46
574506,574552,574554,2,46
574506,574552,574553,1,46
574506,574553,574554,1,47
574506,574552,574554,2,46
574506,574553,574555,2,47
574506,574552,574555,3,46
574506,574552,574554,2,46
574519,574554,574556,2,35
574519,574554,574556,2,35
574519,574553,574556,3,34
574519,574553,574557,4,34
574519,574554,574557,3,35
573992,574141,574557,416,149
574519,574553,574556,3,34
574519,574553,574556,3,34
574519,574553,574556,3,34
574519,574554,574556,2,35
574519,574554,574558,4,35
574519,574557,574563,6,38
574519,574557,574563,6,38
574519,574554,574563,9,35
574519,574557,574564,7,38
574519,574557,574564,7,38
574519,574558,574563,5,39
574519,574556,574564,8,37
574519,574556,574564,8,37
574519,574557,574566,9,38
574519,574564,574566,2,45
574519,574563,574566,3,44
574519,574564,574565,1,45
574519,574564,574566,2,45
574519,574563,574566,3,44
574519,574556,574566,10,37
574519,574557,574567,10,38
574519,574565,574567,2,46
574519,574555,574567,12,36
574519,574566,574568,2,47
574519,574555,574567,12,36
574519,574557,574568,11,38
574519,574555,574567,12,36
574519,574565,574567,2,46
574519,574566,574568,2,47
574519,574566,574567,1,47
574519,574566,574567,1,47
574519,574567,574569,2,48
574519,574566,574568,2,47
574519,574567,574569,2,48
574519,574567,574569,2,48
574519,574567,574569,2,48
574519,574568,574570,2,49
574519,574568,574570,2,49
574519,574568,574570,2,49
574519,574568,574571,3,49
574519,574568,574570,2,49
574519,574569,574570,1,50
574519,574570,574571,1,51
574519,574563,574570,7,44
574519,574568,574570,2,49
574519,574569,574571,2,50
574519,574569,574571,2,50
574519,574568,574570,2,49
574519,574569,574571,2,50
574519,574568,574571,3,49
574519,574568,574571,3,49
574519,574570,574572,2,51
574519,574570,574572,2,51
574519,574570,574571,1,51
574519,574571,574573,2,52
574519,574571,574573,2,52
574519,574571,574573,2,52
574519,574571,574573,2,52
574519,574571,574572,1,52
574519,574571,574572,1,52
574519,574571,574572,1,52
574519,574571,574574,3,52
574519,574571,574573,2,52
574519,574571,574573,2,52
574519,574572,574574,2,53
574519,574572,574574,2,53
574519,574573,574575,2,54
574519,574572,574574,2,53
574519,574572,574574,2,53
574519,574572,574574,2,53
574545,574574,574575,1,29
574545,574574,574576,2,29
574545,574573,574576,3,28
574545,574573,574575,2,28
574545,574574,574577,3,29
574545,574574,574576,2,29
574545,574574,574577,3,29
574545,574574,574577,3,29
574545,574574,574577,3,29
574545,574575,574579,4,30
574545,574576,574583,7,31
574545,574576,574583,7,31
574545,574576,574583,7,31
574545,574577,574584,7,32
574545,574576,574584,8,31
574545,574577,574585,8,32
574545,574575,574585,10,30
574545,574584,574587,3,39
574545,574585,574587,2,40
574545,574584,574587,3,39
574545,574575,574587,12,30
574545,574575,574587,12,30
574545,574575,574588,13,30
574545,574586,574587,1,41
574545,574577,574588,11,32
574545,574587,574589,2,42
574545,574587,574588,1,42
574545,574587,574589,2,42
574545,574577,574589,12,32
574545,574587,574590,3,42
574545,574584,574590,6,39
574545,574588,574590,2,43
574545,574589,574591,2,44
574545,574588,574591,3,43
574545,574578,574590,12,33
574545,574589,574591,2,44
574545,574589,574590,1,44
574545,574590,574591,1,45
574545,574579,574590,11,34
574545,574588,574591,3,43
574545,574589,574592,3,44
574545,574590,574592,2,45
574545,574583,574592,9,38
574545,574591,574593,2,46
574545,574591,574593,2,46
574545,574591,574592,1,46
574545,574583,574593,10,38
574545,574590,574592,2,45
574545,574591,574593,2,46
574545,574590,574592,2,45
574545,574592,574594,2,47
574545,574591,574593,2,46
574545,574592,574594,2,47
574545,574592,574594,2,47
574545,574591,574593,2,46
574545,574592,574594,2,47
574545,574593,574595,2,48
574545,574592,574594,2,47
574545,574593,574595,2,48
574545,574593,574595,2,48
574545,574593,574596,3,48
574545,574593,574595,2,48
574545,574594,574595,1,49
574545,574595,574596,1,50
574545,574593,574595,2,48
574545,574593,574595,2,48
574545,574594,574596,2,49
574545,574594,574597,3,49
574545,574594,574596,2,49
574545,574594,574596,2,49
574545,574595,574597,2,50
574545,574595,574597,2,50
574545,574594,574596,2,49
574545,574595,574597,2,50
574566,574596,574598,2,30
574545,574596,574598,2,51
574566,574596,574598,2,30
574566,574596,574599,3,30
574566,574596,574598,2,30
574566,574597,574599,2,31
574566,574597,574599,2,31
574566,574596,574599,3,30
574566,574597,574599,2,31
574566,574597,574600,3,31
574566,574597,574600,3,31
574209,574300,574602,302,91
574566,574597,574604,7,31
574566,574598,574606,8,32
574566,574597,574606,9,31
574566,574598,574607,9,32
574566,574598,574607,9,32
574566,574599,574607,8,33
574566,574599,574609,10,33
574566,574608,574610,2,42
574566,574599,574610,11,33
574566,574600,574610,10,34
574566,574609,574611,2,43
574566,574599,574611,12,33
574566,574607,574611,4,41
574566,574600,574610,10,34
574566,574601,574611,10,35
574566,574610,574611,1,44
574566,574600,574611,11,34
574566,574610,574612,2,44
574566,574602,574613,11,36
574566,574611,574613,2,45
574566,574611,574613,2,45
574566,574611,574613,2,45
574566,574612,574613,1,46
574566,574612,574614,2,46
574566,574611,574614,3,45
574566,574611,574613,2,45
574566,574612,574614,2,46
574566,574612,574615,3,46
574566,574613,574615,2,47
574007,574195,574616,421,188
574566,574613,574616,3,47
574566,574614,574615,1,48
574566,574614,574616,2,48
574566,574613,574617,4,47
574566,574615,574616,1,49
574566,574606,574617,11,40
574566,574614,574617,3,48
574566,574613,574617,4,47
574566,574615,574616,1,49
574566,574605,574616,11,39
574566,574613,574616,3,47
574566,574606,574618,12,40
574566,574615,574617,2,49
574566,574607,574617,10,41
574566,574616,574619,3,50
574566,574616,574619,3,50
574566,574617,574620,3,51
574566,574617,574620,3,51
574566,574616,574620,4,50
574566,574617,574619,2,51
574566,574617,574620,3,51
574566,574617,574620,3,51
574566,574618,574620,2,52
574566,574617,574621,4,51
574566,574616,574621,5,50
574566,574618,574621,3,52
574566,574617,574620,3,51
574566,574617,574620,3,51
574566,574618,574620,2,52
574566,574619,574620,1,53
574566,574620,574621,1,54
574566,574619,574622,3,53
574566,574620,574622,2,54
574566,574620,574622,2,54
574566,574620,574621,1,54
574609,574620,574623,3,11
574566,574620,574622,2,54
574609,574621,574623,2,12
574008,574195,574622,427,187
574609,574621,574623,2,12
574609,574621,574624,3,12
574609,574621,574624,3,12
574250,574343,574624,281,93
574609,574621,574623,2,12
574609,574621,574623,2,12
574609,574621,574625,4,12
574609,574622,574625,3,13
574609,574621,574625,4,12
574609,574622,574630,8,13
574609,574622,574632,10,13
574609,574622,574632,10,13
574609,574623,574633,10,14
574609,574623,574633,10,14
574609,574624,574634,10,15
574609,574626,574635,9,17
574609,574624,574635,11,15
574609,574624,574635,11,15
574609,574623,574635,12,14
574609,574623,574636,13,14
574609,574625,574636,11,16
574609,574625,574636,11,16
574609,574625,574636,11,16
574609,574624,574636,12,15
574609,574624,574637,13,15
574609,574632,574640,8,23
574609,574630,574641,11,21
574609,574635,574643,8,26
574609,574632,574643,11,23
574609,574637,574643,6,28
574609,574636,574644,8,27
574609,574636,574644,8,27
574609,574633,574643,10,24
574609,574635,574645,10,26
574609,574633,574645,12,24
574609,574636,574645,9,27
574609,574638,574645,7,29
574609,574635,574645,10,26
574609,574636,574646,10,27
574609,574635,574646,11,26
574609,574635,574645,10,26
574609,574640,574647,7,31
574084,574224,574647,423,140
574609,574643,574648,5,34
574609,574645,574648,3,36
574609,574643,574648,5,34
574609,574641,574648,7,32
574609,574645,574649,4,36
574609,574644,574649,5,35
574609,574645,574649,4,36
574609,574646,574650,4,37
574609,574643,574649,6,34
574609,574646,574650,4,37
574609,574644,574650,6,35
574609,574644,574650,6,35
574609,574645,574649,4,36
574609,574648,574650,2,39
574609,574648,574651,3,39
574609,574647,574650,3,38
574609,574646,574650,4,37
574609,574647,574651,4,38
574609,574645,574650,5,36
574609,574650,574652,2,41
574609,574649,574652,3,40
574609,574648,574652,4,39
574609,574650,574652,2,41
574609,574650,574652,2,41
574609,574649,574652,3,40
574609,574650,574651,1,41
574609,574650,574651,1,41
574609,574651,574652,1,42
574609,574649,574652,3,40
574609,574650,574652,2,41
574609,574650,574652,2,41
574609,574650,574652,2,41
574616,574651,574654,3,35
574616,574651,574654,3,35
574616,574651,574654,3,35
574616,574652,574653,1,36
574616,574652,574655,3,36
574616,574652,574655,3,36
574616,574652,574654,2,36
574616,574652,574654,2,36
574155,574251,574656,405,96
574616,574652,574655,3,36
574616,574652,574655,3,36
574616,574652,574659,7,36
574616,574653,574660,7,37
574616,574653,574663,10,37
574616,574653,574664,11,37
574616,574654,574665,11,38
574616,574653,574665,12,37
574616,574654,574665,11,38
574616,574655,574665,10,39
574616,574655,574666,11,39
574616,574655,574666,11,39
574616,574656,574666,10,40
574616,574655,574667,12,39
574616,574653,574667,14,37
574616,574654,574666,12,38
574616,574654,574667,13,38
574616,574665,574666,1,49
574616,574656,574668,12,40
574616,574666,574667,1,50
574616,574665,574668,3,49
574616,574657,574669,12,41
574616,574666,574668,2,50
574616,574666,574669,3,50
574268,574364,574668,304,96
574616,574659,574670,11,43
574616,574665,574670,5,49
574616,574660,574670,10,44
574616,574666,574671,5,50
574616,574668,574673,5,52
574616,574670,574673,3,54
574616,574667,574673,6,51
574616,574663,574673,10,47
574616,574667,574674,7,51
574616,574670,574673,3,54
574616,574667,574674,7,51
574616,574664,574674,10,48
574616,574669,574673,4,53
574616,574670,574673,3,54
574616,574667,574675,8,51
574616,574668,574675,7,52
574616,574669,574675,6,53
574616,574668,574675,7,52
574616,574668,574674,6,52
574616,574673,574675,2,57
574616,574669,574674,5,53
574616,574669,574676,7,53
574616,574673,574675,2,57
574616,574673,574677,4,57
574616,574671,574676,5,55
574616,574675,574677,2,59
574616,574675,574677,2,59
574616,574675,574677,2,59
574616,574675,574677,2,59
574616,574673,574677,4,57
574616,574674,574678,4,58
574616,574674,574678,4,58
574616,574676,574678,2,60
574616,574675,574677,2,59
574616,574674,574678,4,58
574616,574676,574678,2,60
574616,574675,574677,2,59
574616,574675,574677,2,59
574616,574676,574678,2,60
574633,574677,574679,2,44
574633,574677,574678,1,44
574616,574677,574679,2,61
574616,574674,574678,4,58
574616,574675,574678,3,59
574633,574678,574680,2,45
574633,574677,574680,3,44
574633,574677,574680,3,44
574616,574677,574679,2,61
574633,574678,574680,2,45
574633,574678,574680,2,45
574633,574678,574680,2,45
574633,574678,574681,3,45
574633,574678,574682,4,45
574633,574678,574684,6,45
574633,574678,574688,10,45
574633,574680,574689,9,47
574633,574679,574689,10,46
574633,574682,574690,8,49
574633,574679,574689,10,46
574633,574680,574690,10,47
574633,574678,574691,13,45
574633,574679,574691,12,46
574633,574679,574691,12,46
574633,574680,574692,12,47
574633,574679,574691,12,46
574633,574680,574691,11,47
574633,574680,574693,13,47
574633,574680,574693,13,47
574633,574680,574692,12,47
574633,574682,574692,10,49
574633,574684,574696,12,51
574192,574276,574698,422,84
574633,574690,574699,9,57
574633,574692,574700,8,59
574633,574689,574700,11,56
574633,574693,574700,7,60
574633,574693,574700,7,60
574633,574689,574700,11,56
574633,574693,574700,7,60
574633,574690,574701,11,57
574633,574691,574701,10,58
574633,574693,574701,8,60
574633,574688,574701,13,55
574633,574692,574700,8,59
574633,574691,574702,11,58
574633,574691,574702,11,58
574633,574700,574702,2,67
574633,574692,574701,9,59
574633,574700,574703,3,67
574633,574700,574703,3,67
574633,574700,574703,3,67
574633,574690,574704,14,57
574633,574701,574704,3,68
574633,574696,574703,7,63
574633,574698,574704,6,65
574633,574699,574704,5,66
574633,574701,574704,3,68
574633,574703,574705,2,70
574633,574701,574705,4,68
574633,574701,574704,3,68
574633,574702,574705,3,69
574633,574700,574705,5,67
574633,574702,574705,3,69
574633,574704,574706,2,71
574633,574703,574706,3,70
574633,574701,574705,4,68
574633,574702,574706,4,69
574633,574705,574706,1,72
574633,574705,574706,1,72
574633,574705,574707,2,72
574633,574704,574707,3,71
574633,574704,574707,3,71
574633,574701,574706,5,68
574633,574705,574707,2,72
574633,574702,574706,4,69
574633,574705,574707,2,72
574633,574703,574706,3,70
574633,574704,574706,2,71
574633,574705,574708,3,72
574633,574705,574707,2,72
574633,574705,574707,2,72
574633,574706,574709,3,73
574633,574707,574709,2,74
574633,574707,574708,1,74
574633,574707,574708,1,74
574633,574706,574708,2,73
574633,574706,574708,2,73
574633,574706,574710,4,73
574633,574707,574710,3,74
574633,574707,574712,5,74
574633,574707,574716,9,74
574633,574710,574717,7,77
574633,574707,574718,11,74
574633,574707,574718,11,74
574633,574709,574719,10,76
574633,574707,574719,12,74
574633,574707,574719,12,74
574633,574708,574719,11,75
574633,574709,574719,10,76
574633,574709,574720,11,76
574633,574709,574720,11,76
574633,574707,574719,12,74
574633,574709,574720,11,76
574633,574708,574720,12,75
574633,574710,574720,10,77
574633,574708,574721,13,75
574633,574710,574721,11,77
574633,574720,574723,3,87
574633,574720,574723,3,87
574633,574720,574723,3,87
574633,574720,574723,3,87
574633,574720,574724,4,87
574633,574712,574723,11,79
574633,574716,574726,10,83
574633,574720,574726,6,87
574633,574720,574726,6,87
574633,574717,574727,10,84
574633,574721,574727,6,88
574633,574719,574727,8,86
574633,574719,574728,9,86
574633,574719,574728,9,86
574633,574719,574727,8,86
574633,574722,574727,5,89
574633,574723,574728,5,90
574633,574723,574728,5,90
574633,574723,574729,6,90
574633,574726,574730,4,93
574633,574718,574730,12,85
574633,574726,574730,4,93
574633,574718,574730,12,85
574633,574724,574729,5,91
574633,574723,574729,6,90
574633,574724,574729,5,91
574633,574728,574731,3,95
574633,574728,574731,3,95
574633,574727,574731,4,94
574633,574728,574731,3,95
574633,574729,574731,2,96
574633,574730,574732,2,97
574633,574726,574731,5,93
574633,574727,574731,4,94
574633,574728,574731,3,95
574633,574730,574731,1,97
574633,574728,574732,4,95
574633,574731,574733,2,98
574633,574729,574732,3,96
574633,574731,574733,2,98
574633,574731,574733,2,98
574633,574729,574733,4,96
574633,574730,574732,2,97
574633,574731,574733,2,98
574648,574732,574734,2,84
574648,574733,574734,1,85
574633,574731,574733,2,98
574633,574730,574733,3,97
574648,574732,574735,3,84
574633,574732,574734,2,99
574648,574733,574735,2,85
574648,574733,574735,2,85
574648,574733,574736,3,85
574648,574732,574735,3,84
574648,574732,574736,4,84
574648,574733,574735,2,85
574648,574733,574737,4,85
574243,574322,574737,415,79
574648,574733,574739,6,85
574648,574733,574743,10,85
574648,574734,574745,11,86
574648,574734,574745,11,86
574648,574736,574745,9,88
574648,574737,574746,9,89
574648,574734,574746,12,86
574648,574734,574746,12,86
574648,574734,574746,12,86
574648,574737,574747,10,89
574648,574737,574747,10,89
574648,574736,574747,11,88
574648,574735,574747,12,87
574648,574736,574748,12,88
574648,574735,574747,12,87
574648,574736,574748,12,88
574648,574739,574748,9,91
574648,574735,574749,14,87
574648,574743,574753,10,95
574648,574748,574754,6,100
574648,574747,574755,8,99
574648,574748,574755,7,100
574648,574745,574755,10,97
574648,574746,574756,10,98
574648,574748,574756,8,100
574648,574746,574756,10,98
574648,574748,574756,8,100
574648,574748,574755,7,100
574648,574747,574756,9,99
574648,574746,574756,10,98
574648,574749,574756,7,101
574648,574746,574757,11,98
574648,574756,574758,2,108
574648,574746,574758,12,98
574648,574756,574758,2,108
574648,574755,574758,3,107
574648,574747,574758,11,99
574648,574745,574758,13,97
574648,574756,574759,3,108
574648,574756,574759,3,108
574648,574753,574760,7,105
574648,574756,574760,4,108
574648,574756,574760,4,108
574648,574758,574760,2,110
574648,574756,574760,4,108
574648,574758,574760,2,110
574648,574756,574761,5,108
574648,574757,574760,3,109
574648,574755,574761,6,107
574648,574758,574761,3,110
574648,574760,574762,2,112
574648,574754,574761,7,106
574648,574759,574762,3,111
574648,574759,574761,2,111
574648,574758,574761,3,110
574648,574760,574762,2,112
574648,574761,574762,1,113
574648,574755,574761,6,107
574648,574759,574761,2,111
574648,574760,574762,2,112
574648,574758,574762,4,110
574648,574760,574763,3,112
574648,574760,574763,3,112
574648,574761,574762,1,113
574665,574762,574764,2,97
574665,574762,574764,2,97
574665,574761,574764,3,96
574648,574761,574763,2,113
574665,574762,574765,3,97
574665,574762,574764,2,97
574665,574762,574765,3,97
574665,574762,574765,3,97
574665,574762,574765,3,97
574665,574762,574765,3,97
574665,574762,574765,3,97
574390,574480,574767,287,90
574665,574762,574769,7,97
574665,574762,574772,10,97
574665,574764,574774,10,99
574665,574767,574774,7,102
574665,574764,574774,10,99
574665,574764,574774,10,99
574665,574763,574776,13,98
574665,574766,574776,10,101
574665,574764,574776,12,99
574665,574763,574776,13,98
574665,574764,574776,12,99
574665,574765,574777,12,100
574665,574766,574777,11,101
574665,574766,574777,11,101
574665,574765,574777,12,100
574665,574765,574777,12,100
574665,574765,574777,12,100
574665,574769,574778,9,104
574665,574772,574782,10,107
574665,574774,574783,9,109
574665,574774,574784,10,109
574665,574774,574784,10,109
574665,574775,574784,9,110
574665,574777,574784,7,112
574665,574778,574785,7,113
574665,574776,574785,9,111
574665,574778,574786,8,113
574665,574777,574785,8,112
574665,574776,574786,10,111
574665,574778,574786,8,113
574665,574778,574786,8,113
574665,574776,574786,10,111
574665,574779,574786,7,114
574665,574782,574787,5,117
574665,574776,574787,11,111
574665,574785,574788,3,120
574665,574776,574788,12,111
574665,574785,574788,3,120
574665,574784,574788,4,119
574665,574785,574788,3,120
574665,574783,574789,6,118
574665,574784,574790,6,119
574665,574786,574790,4,121
574665,574786,574789,3,121
574665,574788,574791,3,123
574665,574787,574791,4,122
574665,574788,574790,2,123
574665,574789,574790,1,124
574665,574787,574791,4,122
574665,574787,574791,4,122
574665,574786,574791,5,121
574665,574784,574790,6,119
574665,574788,574791,3,123
574665,574787,574791,4,122
574665,574788,574792,4,123
574665,574788,574791,3,123
574665,574787,574791,4,122
574665,574790,574792,2,125
574665,574790,574791,1,125
574665,574791,574793,2,126
574665,574788,574792,4,123
574665,574791,574792,1,126
574665,574791,574792,1,126
574665,574790,574792,2,125
574670,574791,574793,2,121
574670,574791,574794,3,121
574665,574791,574793,2,126
574670,574792,574794,2,122
574670,574791,574794,3,121
574670,574791,574794,3,121
574670,574792,574795,3,122
574670,574792,574794,2,122
574670,574792,574794,2,122
574670,574792,574795,3,122
574670,574792,574795,3,122
574670,574793,574799,6,123
574670,574793,574804,11,123
574670,574793,574804,11,123
574670,574793,574805,12,123
574670,574795,574805,10,125
574670,574794,574805,11,124
574670,574794,574806,12,124
574670,574793,574806,13,123
574670,574794,574807,13,124
574670,574794,574807,13,124
574670,574796,574806,10,126
574670,574796,574806,10,126
574670,574794,574806,12,124
574670,574793,574807,14,123
574670,574795,574808,13,125
574670,574795,574808,13,125
574670,574799,574810,11,129
574670,574807,574810,3,137
574670,574808,574811,3,138
574670,574807,574812,5,137
574670,574807,574811,4,137
574670,574810,574813,3,140
574670,574804,574813,9,134
574670,574809,574813,4,139
574670,574807,574814,7,137
574670,574805,574813,8,135
574670,574810,574815,5,140
574670,574805,574815,10,135
574670,574805,574815,10,135
574670,574807,574816,9,137
574670,574806,574817,11,136
574670,574806,574817,11,136
574670,574807,574816,9,137
574670,574806,574817,11,136
574670,574813,574817,4,143
574315,574408,574818,410,93
574670,574812,574818,6,142
574670,574816,574819,3,146
574670,574813,574819,6,143
574670,574816,574819,3,146
574670,574811,574818,7,141
574670,574812,574818,6,142
574670,574813,574818,5,143
574670,574814,574819,5,144
574670,574815,574820,5,145
574670,574816,574820,4,146
574670,574817,574820,3,147
574670,574817,574821,4,147
574670,574817,574820,3,147
574670,574817,574821,4,147
574670,574819,574821,2,149
574670,574817,574821,4,147
574670,574819,574822,3,149
574670,574814,574821,7,144
574670,574818,574822,4,148
574670,574819,574822,3,149
574670,574818,574821,3,148
574670,574819,574822,3,149
574670,574820,574823,3,150
574670,574820,574823,3,150
574670,574821,574822,1,151
574670,574819,574822,3,149
574670,574821,574823,2,151
574699,574821,574824,3,122
574670,574819,574823,4,149
574699,574822,574824,2,123
574670,574821,574823,2,151
574670,574821,574823,2,151
574314,574407,574825,418,93
574699,574822,574825,3,123
574699,574821,574824,3,122
574699,574822,574824,2,123
574699,574823,574825,2,124
574699,574822,574826,4,123
574699,574822,574825,3,123
574699,574823,574828,5,124
574699,574823,574828,5,124
574699,574823,574827,4,124
574699,574824,574834,10,125
574699,574824,574834,10,125
574699,574823,574834,11,124
574699,574824,574834,10,125
574325,574431,574835,404,106
574699,574823,574835,12,124
574699,574828,574835,7,129
574699,574824,574836,12,125
574699,574826,574837,11,127
574699,574826,574837,11,127
574699,574824,574838,14,125
574699,574825,574838,13,126
574699,574825,574837,12,126
574699,574825,574838,13,126
574699,574826,574838,12,127
574699,574828,574839,11,129
574699,574825,574840,15,126
574699,574828,574841,13,129
574699,574834,574844,10,135
574699,574836,574844,8,137
574699,574834,574845,11,135
574699,574834,574844,10,135
574699,574840,574846,6,141
574699,574837,574846,9,138
574699,574835,574846,11,136
574699,574838,574845,7,139
574699,574839,574845,6,140
574699,574837,574847,10,138
574699,574836,574846,10,137
574699,574834,574846,12,135
574699,574835,574846,11,136
574699,574838,574846,8,139
574699,574839,574847,8,140
574699,574839,574848,9,140
574699,574838,574849,11,139
574699,574844,574849,5,145
574699,574841,574849,8,142
574699,574844,574849,5,145
574699,574846,574850,4,147
574699,574846,574849,3,147
574699,574847,574849,2,148
574699,574847,574850,3,148
574699,574845,574849,4,146
574699,574847,574851,4,148
574699,574846,574851,5,147
574699,574845,574851,6,146
574699,574849,574851,2,150
574699,574847,574850,3,148
574699,574849,574851,2,150
574699,574847,574851,4,148
574699,574850,574852,2,151
574699,574847,574851,4,148
574699,574847,574851,4,148
574699,574848,574851,3,149
574699,574848,574853,5,149
574699,574851,574853,2,152
574699,574849,574852,3,150
574699,574850,574852,2,151
574699,574851,574853,2,152
574699,574849,574853,4,150
574699,574850,574852,2,151
574699,574850,574852,2,151
574699,574851,574853,2,152
574699,574850,574852,2,151
574699,574851,574852,1,152
574746,574851,574854,3,105
574746,574852,574855,3,106
574746,574852,574855,3,106
574746,574852,574854,2,106
574746,574852,574855,3,106
574746,574853,574855,2,107
574746,574853,574855,2,107
574746,574852,574855,3,106
574746,574853,574856,3,107
574746,574853,574856,3,107
574746,574853,574860,7,107
574746,574853,574864,11,107
574746,574856,574865,9,110
574746,574853,574865,12,107
574746,574854,574864,10,108
574746,574854,574864,10,108
574746,574855,574866,11,109
574746,574853,574865,12,107
574746,574853,574866,13,107
574746,574853,574866,13,107
574746,574855,574867,12,109
574746,574856,574866,10,110
574746,574856,574867,11,110
574746,574855,574867,12,109
574746,574855,574867,12,109
574507,574553,574868,315,46
574746,574855,574867,12,109
574746,574855,574867,12,109
574746,574860,574870,10,114
574746,574867,574871,4,121
574746,574867,574871,4,121
574746,574868,574872,4,122
574746,574868,574874,6,122
574746,574866,574874,8,120
574746,574865,574875,10,119
574746,574867,574875,8,121
574746,574868,574875,7,122
574746,574866,574875,9,120
574746,574867,574876,9,121
574746,574864,574876,12,118
574746,574868,574875,7,122
574342,574456,574876,420,114
574746,574865,574875,10,119
574746,574866,574876,10,120
574746,574870,574877,7,124
574746,574866,574876,10,120
574746,574865,574877,12,119
574746,574872,574877,5,126
574746,574865,574877,12,119
574746,574871,574878,7,125
574746,574874,574879,5,128
574746,574876,574879,3,130
574746,574874,574879,5,128
574746,574872,574879,7,126
574746,574876,574879,3,130
574746,574875,574879,4,129
574746,574877,574880,3,131
574746,574875,574879,4,129
574746,574875,574880,5,129
574746,574876,574879,3,130
574746,574875,574879,4,129
574746,574879,574880,1,133
574746,574877,574880,3,131
574746,574876,574879,3,130
574746,574876,574880,4,130
574746,574877,574881,4,131
574746,574878,574881,3,132
574746,574878,574881,3,132
574746,574879,574880,1,133
574746,574879,574882,3,133
574746,574878,574881,3,132
574746,574880,574882,2,134
574775,574880,574882,2,105
574746,574879,574881,2,133
574746,574878,574881,3,132
574746,574880,574881,1,134
574775,574880,574883,3,105
574775,574880,574883,3,105
574746,574880,574882,2,134
574775,574881,574883,2,106
574746,574880,574882,2,134
574775,574880,574882,2,105
574775,574880,574882,2,105
574775,574881,574884,3,106
574775,574881,574883,2,106
574775,574881,574883,2,106
574775,574881,574885,4,106
574775,574882,574891,9,107
574775,574882,574892,10,107
574775,574882,574893,11,107
574775,574882,574894,12,107
574775,574883,574894,11,108
574775,574882,574894,12,107
574775,574884,574893,9,109
574775,574883,574895,12,108
574775,574884,574895,11,109
574775,574883,574895,12,108
574775,574882,574894,12,107
574775,574883,574896,13,108
574775,574883,574895,12,108
574775,574883,574895,12,108
574775,574882,574895,13,107
574775,574884,574895,11,109
574775,574883,574897,14,108
574775,574885,574897,12,110
574775,574894,574898,4,119
574775,574894,574898,4,119
574775,574894,574898,4,119
574775,574895,574899,4,120
574775,574895,574899,4,120
574775,574893,574898,5,118
574775,574895,574899,4,120
574775,574896,574899,3,121
574775,574896,574900,4,121
574775,574896,574900,4,121
574775,574894,574899,5,119
574775,574896,574899,3,121
574775,574892,574900,8,117
574775,574895,574900,5,120
574775,574896,574901,5,121
574775,574891,574902,11,116
574775,574898,574903,5,123
574775,574899,574903,4,124
574775,574897,574903,6,122
574775,574899,574903,4,124
574775,574899,574903,4,124
574775,574899,574904,5,124
574775,574900,574904,4,125
574775,574900,574904,4,125
574775,574898,574903,5,123
574775,574900,574904,4,125
574775,574900,574905,5,125
574775,574897,574905,8,122
574775,574900,574904,4,125
574775,574901,574905,4,126
574775,574902,574905,3,127
574775,574900,574904,4,125
574775,574900,574904,4,125
574775,574904,574906,2,129
574775,574901,574906,5,126
574775,574903,574905,2,128
574775,574903,574907,4,128
574775,574903,574907,4,128
574775,574904,574907,3,129
574546,574596,574907,311,50
574775,574905,574906,1,130
574775,574904,574907,3,129
574775,574903,574906,3,128
574775,574904,574906,2,129
574775,574905,574907,2,130
574775,574903,574906,3,128
574818,574906,574908,2,88
574775,574905,574907,2,130
574775,574905,574907,2,130
574818,574905,574908,3,87
574818,574906,574909,3,88
574818,574905,574908,3,87
574818,574905,574908,3,87
574818,574907,574909,2,89
574818,574906,574908,2,88
574818,574907,574909,2,89
574818,574907,574910,3,89
574818,574907,574911,4,89
574818,574907,574914,7,89
574818,574907,574917,10,89
574818,574909,574918,9,91
574818,574907,574919,12,89
574422,574506,574919,413,84
574818,574908,574918,10,90
574818,574907,574919,12,89
574818,574907,574919,12,89
574818,574907,574919,12,89
574818,574911,574921,10,93
574818,574909,574921,12,91
574818,574908,574920,12,90
574818,574908,574922,14,90
574818,574909,574922,13,91
574818,574909,574921,12,91
574818,574909,574921,12,91
574818,574914,574922,8,96
574818,574910,574923,13,92
574818,574909,574923,14,91
574818,574910,574923,13,92
574818,574921,574924,3,103
574818,574922,574924,2,104
574818,574922,574925,3,104
574818,574921,574924,3,103
574818,574922,574926,4,104
574818,574917,574926,9,99
574818,574920,574926,6,102
574818,574920,574925,5,102
574818,574922,574926,4,104
574818,574919,574926,7,101
574818,574923,574927,4,105
574818,574919,574928,9,101
574818,574918,574928,10,100
574818,574922,574928,6,104
574818,574925,574929,4,107
574818,574919,574929,10,101
574818,574923,574929,6,105
574818,574924,574930,6,106
574818,574926,574930,4,108
574818,574919,574930,11,101
574818,574924,574929,5,106
574818,574923,574930,7,105
574818,574926,574930,4,108
574818,574923,574930,7,105
574818,574929,574931,2,111
574818,574926,574931,5,108
574818,574926,574930,4,108
574818,574925,574930,5,107
574818,574926,574930,4,108
574818,574928,574931,3,110
574818,574930,574932,2,112
574818,574928,574932,4,110
574818,574929,574932,3,111
574818,574927,574931,4,109
574818,574928,574931,3,110
574818,574927,574932,5,109
574818,574929,574932,3,111
574818,574930,574933,3,112
574818,574930,574933,3,112
574818,574930,574933,3,112
574818,574930,574932,2,112
574818,574931,574932,1,113
574818,574930,574933,3,112
574818,574930,574933,3,112
574818,574931,574934,3,113
574835,574932,574934,2,97
574835,574932,574933,1,97
574818,574931,574934,3,113
574835,574932,574935,3,97
574835,574932,574935,3,97
574835,574932,574934,2,97
574835,574932,574935,3,97
574835,574932,574935,3,97
574835,574931,574935,4,96
574835,574932,574935,3,97
574835,574933,574936,3,98
574835,574933,574940,7,98
574835,574934,574944,10,99
574835,574934,574944,10,99
574835,574934,574945,11,99
574835,574933,574945,12,98
574835,574934,574945,11,99
574835,574935,574945,10,100
574835,574935,574946,11,100
574835,574934,574946,12,99
574835,574934,574945,11,99
574835,574936,574947,11,101
574835,574933,574947,14,98
574835,574935,574947,12,100
574835,574935,574947,12,100
574835,574935,574948,13,100
574835,574934,574948,14,99
574835,574937,574947,10,102
574835,574936,574948,12,101
574835,574947,574950,3,112
574835,574946,574950,4,111
574835,574947,574950,3,112
574472,574530,574950,420,58
574835,574940,574951,11,105
574835,574947,574951,4,112
574835,574946,574950,4,111
574835,574947,574950,3,112
574835,574946,574952,6,111
574835,574948,574951,3,113
574835,574944,574953,9,109
574835,574946,574954,8,111
574835,574944,574954,10,109
574835,574948,574954,6,113
574835,574948,574955,7,113
574835,574945,574955,10,110
574835,574950,574955,5,115
574835,574951,574956,5,116
574835,574950,574956,6,115
574835,574951,574956,5,116
574835,574952,574956,4,117
574835,574945,574956,11,110
574835,574945,574955,10,110
574835,574954,574956,2,119
574835,574949,574956,7,114
574835,574952,574957,5,117
574835,574951,574956,5,116
574835,574953,574956,3,118
574835,574954,574957,3,119
574835,574950,574956,6,115
574835,574950,574956,6,115
574835,574951,574957,6,116
574835,574956,574958,2,121
574835,574956,574958,2,121
574835,574954,574958,4,119
574835,574956,574959,3,121
574835,574956,574959,3,121
574835,574957,574958,1,122
574835,574957,574959,2,122
574835,574955,574958,3,120
574835,574956,574959,3,121
574835,574956,574958,2,121
574835,574955,574958,3,120
574835,574956,574960,4,121
574835,574957,574959,2,122
574836,574958,574960,2,122
574835,574956,574959,3,121
574835,574957,574959,2,122
574835,574957,574959,2,122
574836,574958,574960,2,122
574836,574959,574960,1,123
574836,574959,574961,2,123
574836,574957,574961,4,121
574836,574958,574961,3,122
574836,574957,574960,3,121
574836,574959,574961,2,123
574836,574959,574961,2,123
574836,574959,574963,4,123
574836,574959,574966,7,123
574836,574959,574970,11,123
574836,574961,574972,11,125
574836,574961,574971,10,125
574836,574961,574971,10,125
574836,574960,574971,11,124
574836,574960,574972,12,124
574836,574959,574972,13,123
574836,574960,574973,13,124
574836,574961,574973,12,125
574836,574961,574973,12,125
574836,574960,574972,12,124
574836,574961,574973,12,125
574836,574961,574973,12,125
574836,574962,574974,12,126
574836,574961,574973,12,125
574836,574961,574974,13,125
574836,574963,574975,12,127
574836,574973,574976,3,137
574836,574972,574976,4,136
574617,574677,574977,300,60
574836,574973,574977,4,137
574836,574972,574977,5,136
574836,574973,574977,4,137
574836,574972,574978,6,136
574836,574974,574977,3,138
574836,574974,574978,4,138
574836,574966,574977,11,130
574836,574973,574977,4,137
574836,574974,574977,3,138
574836,574972,574980,8,136
574836,574974,574980,6,138
574836,574970,574980,10,134
574836,574972,574981,9,136
574836,574977,574981,4,141
574836,574977,574982,5,141
574836,574977,574982,5,141
574836,574972,574981,9,136
574836,574977,574982,5,141
574836,574975,574981,6,139
574836,574974,574983,9,138
574836,574978,574983,5,142
574836,574980,574983,3,144
574836,574978,574983,5,142
574836,574976,574983,7,140
574836,574978,574983,5,142
574836,574978,574984,6,142
574836,574981,574984,3,145
574836,574977,574984,7,141
574836,574978,574983,5,142
574836,574978,574983,5,142
574836,574980,574984,4,144
574836,574982,574985,3,146
574836,574981,574984,3,145
574836,574983,574985,2,147
574836,574980,574984,4,144
574836,574982,574984,2,146
574836,574982,574984,2,146
574836,574982,574986,4,146
574836,574982,574985,3,146
574868,574984,574986,2,116
574836,574983,574986,3,147
574836,574983,574986,3,147
574868,574984,574987,3,116
574868,574985,574987,2,117
574868,574985,574987,2,117
574836,574983,574986,3,147
574868,574984,574986,2,116
574868,574984,574986,2,116
574836,574983,574986,3,147
574836,574984,574986,2,148
574836,574984,574986,2,148
574868,574985,574987,2,117
574868,574986,574987,1,118
574868,574986,574987,1,118
574868,574986,574989,3,118
574868,574990,574992,2,122
574868,574989,574992,3,121
574868,574986,574994,8,118
574868,574992,574994,2,124
574868,574993,574996,3,125
574868,574989,574996,7,121
574868,574994,574997,3,126
574868,574994,574997,3,126
574868,574987,574997,10,119
574868,574986,574997,11,118
574868,574987,574998,11,119
574868,574988,574998,10,120
574868,574987,574997,10,119
574868,574987,574999,12,119
574868,574986,574998,12,118
574868,574987,574999,12,119
574868,574987,574999,12,119
574868,574986,574998,12,118
574868,574987,574999,12,119
574868,574996,574998,2,128
574868,574997,575000,3,129
574868,574997,575000,3,129
574868,574986,575000,14,118
574868,574987,574999,12,119
574868,574998,575001,3,130
574868,574997,575001,4,129
574868,574997,575000,3,129
574868,574998,575000,2,130
574868,574987,575001,14,119
574868,574998,575000,2,130
574868,574999,575002,3,131
574868,574997,575001,4,129
574868,574999,575001,2,131
574868,574999,575003,4,131
574868,575000,575003,3,132
574868,575000,575003,3,132
574868,575001,575004,3,133
574868,574999,575004,5,131
574868,574999,575004,5,131
574868,574999,575005,6,131
574868,575001,575005,4,133
574868,575001,575005,4,133
574868,575001,575004,3,133
574868,575000,575005,5,132
574868,575001,575005,4,133
574868,575001,575005,4,133
574868,575002,575006,4,134
574868,575001,575006,5,133
574868,575003,575005,2,135
574868,575004,575006,2,136
574868,575004,575007,3,136
574868,575005,575006,1,137
574868,575004,575007,3,136
574868,575002,575006,4,134
574868,575003,575006,3,135
574868,575002,575006,4,134
574868,575004,575007,3,136
574868,575005,575008,3,137
574868,575005,575008,3,137
574868,575005,575008,3,137
574868,575005,575007,2,137
574868,575005,575008,3,137
574868,575000,575007,7,132
574876,575007,575009,2,131
574876,575007,575009,2,131
574876,575007,575009,2,131
574868,575005,575008,3,137
574519,574573,575009,436,54
574868,575006,575008,2,138
574876,575007,575009,2,131
574876,575007,575009,2,131
574876,575007,575009,2,131
574876,575007,575009,2,131
574876,575008,575011,3,132
574876,575008,575010,2,132
574876,575008,575013,5,132
574876,575008,575016,8,132
574876,575009,575019,10,133
574876,575009,575019,10,133
574876,575008,575020,12,132
574876,575008,575020,12,132
574876,575009,575020,11,133
574876,575008,575019,11,132
574876,575008,575020,12,132
574876,575009,575021,12,133
574876,575009,575021,12,133
574876,575009,575021,12,133
574876,575010,575020,10,134
574876,575010,575022,12,134
574876,575009,575022,13,133
574876,575010,575022,12,134
574634,574732,575023,291,98
574876,575020,575023,3,144
574876,575021,575024,3,145
574876,575021,575024,3,145
574876,575021,575024,3,145
574876,575021,575024,3,145
574876,575020,575023,3,144
574876,575011,575025,14,135
574876,575022,575025,3,146
574876,575020,575024,4,144
574876,575016,575025,9,140
574876,575011,575024,13,135
574876,575020,575025,5,144
574876,575013,575026,13,137
574876,575022,575025,3,146
574876,575022,575025,3,146
574876,575023,575027,4,147
574876,575020,575027,7,144
574876,575019,575028,9,143
574876,575019,575029,10,143
574876,575023,575029,6,147
574876,575025,575029,4,149
574876,575024,575029,5,148
574876,575024,575029,5,148
574876,575024,575030,6,148
574876,575026,575030,4,150
574876,575025,575030,5,149
574876,575026,575030,4,150
574876,575024,575029,5,148
574876,575027,575030,3,151
574876,575027,575030,3,151
574876,575028,575031,3,152
574876,575026,575031,5,150
574876,575025,575030,5,149
574876,575025,575030,5,149
574876,575024,575030,6,148
574876,575026,575031,5,150
574876,575029,575031,2,153
574876,575030,575032,2,154
574876,575025,575031,6,149
574876,575029,575031,2,153
574876,575030,575032,2,154
574876,575030,575032,2,154
574876,575030,575033,3,154
574876,575030,575032,2,154
574876,575029,575032,3,153
574876,575029,575033,4,153
574876,575030,575032,2,154
574876,575031,575032,1,155
574907,575032,575033,1,125
574876,575030,575032,2,154
574876,575030,575033,3,154
574907,575032,575034,2,125
574907,575032,575033,1,125
574907,575032,575033,1,125
574907,575032,575034,2,125
574907,575031,575033,2,124
574907,575033,575035,2,126
574907,575031,575034,3,124
574907,575032,575034,2,125
574907,575032,575034,2,125
574907,575033,575039,6,126
574907,575033,575043,10,126
574907,575033,575043,10,126
574907,575033,575044,11,126
574907,575034,575044,10,127
574907,575033,575044,11,126
574907,575033,575045,12,126
574907,575035,575045,10,128
574907,575035,575045,10,128
574907,575033,575045,12,126
574907,575033,575045,12,126
574907,575034,575044,10,127
574635,574732,575046,314,97
574907,575034,575046,12,127
574907,575034,575045,11,127
574907,575035,575047,12,128
574907,575035,575046,11,128
574907,575045,575048,3,138
574907,575034,575047,13,127
574907,575046,575049,3,139
574907,575045,575049,4,138
574907,575039,575049,10,132
574907,575045,575048,3,138
574907,575034,575049,15,127
574907,575045,575051,6,138
574907,575046,575051,5,139
574907,575046,575052,6,139
574907,575044,575052,8,137
574907,575045,575052,7,138
574907,575045,575052,7,138
574907,575047,575053,6,140
574907,575049,575053,4,142
574907,575043,575052,9,136
574907,575043,575053,10,136
574907,575051,575054,3,144
574907,575047,575054,7,140
574907,575044,575054,10,137
574567,574620,575053,433,53
574907,575044,575053,9,137
574907,575048,575053,5,141
574907,575049,575053,4,142
574907,575049,575054,5,142
574907,575048,575055,7,141
574907,575051,575055,4,144
574907,575052,575056,4,145
574907,575053,575056,3,146
574907,575052,575055,3,145
574907,575053,575056,3,146
574907,575052,575056,4,145
574907,575052,575056,4,145
574907,575049,575055,6,142
574907,575050,575055,5,143
574907,575053,575057,4,146
574907,575054,575057,3,147
574907,575054,575057,3,147
574907,575054,575057,3,147
574907,575054,575058,4,147
574907,575055,575058,3,148
574907,575053,575057,4,146
574907,575055,575058,3,148
574919,575056,575058,2,137
574907,575054,575057,3,147
574907,575054,575057,3,147
574907,575054,575057,3,147
574907,575056,575057,1,149
574907,575056,575059,3,149
574919,575057,575059,2,138
574907,575055,575058,3,148
574919,575056,575059,3,137
574919,575057,575059,2,138
574919,575056,575058,2,137
574919,575057,575059,2,138
574907,575056,575058,2,149
574919,575057,575058,1,138
574919,575057,575059,2,138
574919,575058,575060,2,139
574919,575058,575062,4,139
574919,575058,575066,8,139
574919,575062,575067,5,143
574919,575058,575068,10,139
574919,575058,575069,11,139
574919,575059,575069,10,140
574919,575061,575069,8,142
574919,575066,575069,3,147
574919,575058,575069,11,139
574919,575058,575070,12,139
574919,575059,575069,10,140
574919,575058,575070,12,139
574919,575059,575070,11,140
574919,575067,575070,3,148
574919,575059,575071,12,140
574919,575059,575071,12,140
574919,575059,575071,12,140
574919,575059,575071,12,140
574919,575059,575071,12,140
574919,575070,575072,2,151
574919,575059,575071,12,140
574919,575060,575071,11,141
574919,575070,575072,2,151
574919,575059,575071,12,140
574919,575069,575072,3,150
574919,575070,575073,3,151
574919,575070,575073,3,151
574919,575069,575073,4,150
574919,575068,575072,4,149
574919,575069,575072,3,150
574919,575071,575074,3,152
574919,575069,575074,5,150
574919,575070,575073,3,151
574919,575070,575073,3,151
574919,575071,575076,5,152
574919,575071,575076,5,152
574919,575071,575075,4,152
574919,575072,575076,4,153
574919,575073,575077,4,154
574919,575074,575077,3,155
574919,575073,575077,4,154
574919,575072,575077,5,153
574919,575072,575077,5,153
574919,575072,575077,5,153
574919,575073,575077,4,154
574919,575074,575078,4,155
574919,575073,575078,5,154
574919,575074,575077,3,155
574919,575073,575077,4,154
574919,575072,575078,6,153
574919,575071,575077,6,152
574919,575074,575079,5,155
574919,575076,575079,3,157
574919,575077,575078,1,158
574919,575078,575079,1,159
574919,575074,575078,4,155
574919,575077,575079,2,158
574919,575078,575079,1,159
574919,575078,575079,1,159
574919,575076,575080,4,157
574919,575077,575080,3,158
574919,575077,575079,2,158
574919,575078,575080,2,159
574919,575076,575079,3,157
574951,575078,575081,3,127
574951,575078,575081,3,127
574919,575076,575080,4,157
574919,575077,575080,3,158
574951,575079,575080,1,128
574951,575078,575080,2,127
574951,575080,575082,2,129
574951,575079,575081,2,128
574951,575080,575081,1,129
574951,575079,575081,2,128
574951,575080,575082,2,129
574951,575080,575083,3,129
574609,574651,575084,433,42
574951,575084,575086,2,133
574951,575080,575087,7,129
574951,575083,575088,5,132
574951,575085,575087,2,134
574951,575086,575088,2,135
574951,575087,575089,2,136
574951,575080,575090,10,129
574951,575088,575091,3,137
574951,575089,575091,2,138
574951,575089,575092,3,138
574951,575081,575092,11,130
574951,575088,575092,4,137
574951,575080,575092,12,129
574951,575080,575092,12,129
574951,575080,575092,12,129
574951,575081,575093,12,130
574951,575081,575093,12,130
574951,575090,575093,3,139
574951,575082,575092,10,131
574951,575080,575093,13,129
574951,575081,575092,11,130
574951,575082,575092,10,131
574951,575082,575092,10,131
574951,575081,575094,13,130
574951,575081,575094,13,130
574951,575092,575095,3,141
574951,575092,575095,3,141
574951,575082,575094,12,131
574951,575092,575095,3,141
574951,575091,575094,3,140
574951,575092,575094,2,141
574951,575092,575095,3,141
574951,575092,575094,2,141
574951,575091,575095,4,140
574951,575093,575097,4,142
574951,575093,575097,4,142
574951,575094,575097,3,143
574951,575093,575098,5,142
574951,575094,575098,4,143
574951,575095,575098,3,144
574951,575093,575097,4,142
574951,575094,575098,4,143
574951,575095,575098,3,144
574951,575093,575098,5,142
574951,575093,575099,6,142
574951,575095,575099,4,144
574951,575095,575099,4,144
574951,575093,575099,6,142
574951,575095,575099,4,144
574951,575095,575098,3,144
574951,575095,575098,3,144
574951,575098,575100,2,147
574951,575096,575099,3,145
574951,575095,575099,4,144
574951,575098,575100,2,147
574951,575097,575100,3,146
574951,575098,575101,3,147
574951,575098,575101,3,147
574951,575098,575101,3,147
574951,575098,575101,3,147
574951,575097,575100,3,146
574951,575098,575100,2,147
574977,575100,575101,1,123
574951,575097,575100,3,146
574977,575099,575101,2,122
574951,575099,575101,2,148
574977,575100,575101,1,123
574977,575099,575101,2,122
574977,575100,575101,1,123
574951,575099,575101,2,148
574977,575100,575103,3,123
574977,575101,575103,2,124
574977,575101,575103,2,124
574977,575101,575104,3,124
574977,575100,575103,3,123
574977,575103,575106,3,126
574977,575101,575106,5,124
574977,575103,575106,3,126
574977,575104,575107,3,127
574977,575104,575107,3,127
574977,575101,575109,8,124
574977,575101,575109,8,124
574977,575106,575110,4,129
574977,575103,575109,6,126
574977,575106,575110,4,129
574977,575101,575110,9,124
574977,575107,575110,3,130
574977,575107,575111,4,130
574977,575102,575111,9,125
574977,575101,575111,10,124
574977,575102,575111,9,125
574977,575106,575110,4,129
574977,575109,575112,3,132
574977,575102,575112,10,125
574977,575101,575111,10,124
574977,575101,575111,10,124
574977,575109,575111,2,132
574977,575110,575113,3,133
574977,575101,575113,12,124
574977,575102,575113,11,125
574977,575110,575114,4,133
574977,575110,575114,4,133
574977,575110,575114,4,133
574977,575110,575115,5,133
574977,575103,575114,11,126
574977,575111,575116,5,134
574977,575111,575116,5,134
574977,575114,575116,2,137
574977,575111,575117,6,134
574977,575112,575117,5,135
574977,575113,575116,3,136
574977,575114,575117,3,137
574977,575111,575116,5,134
574977,575112,575116,4,135
574977,575113,575116,3,136
574977,575113,575116,3,136
574977,575112,575116,4,135
574977,575112,575116,4,135
574977,575113,575118,5,136
574977,575114,575117,3,137
574977,575113,575117,4,136
574977,575115,575119,4,138
574977,575116,575119,3,139
574977,575116,575118,2,139
574977,575117,575119,2,140
574977,575117,575119,2,140
574977,575117,575119,2,140
574977,575117,575120,3,140
574977,575115,575120,5,138
574977,575116,575120,4,139
574977,575117,575121,4,140
574977,575117,575120,3,140
574977,575117,575120,3,140
574977,575118,575121,3,141
574977,575117,575121,4,140
575021,575119,575121,2,98
574977,575117,575120,3,140
574977,575117,575120,3,140
575021,575120,575121,1,99
574977,575119,575122,3,142
575021,575119,575122,3,98
574977,575118,575122,4,141
575021,575119,575121,2,98
575021,575119,575121,2,98
574977,575118,575122,4,141
575021,575120,575122,2,99
575021,575120,575122,2,99
575021,575121,575123,2,100
575021,575121,575123,2,100
575021,575121,575124,3,100
575021,575121,575126,5,100
575021,575121,575129,8,100
575021,575121,575130,9,100
575021,575121,575131,10,100
575021,575121,575132,11,100
575021,575122,575132,10,101
575021,575121,575132,11,100
575021,575122,575133,11,101
575021,575122,575134,12,101
575021,575124,575134,10,103
575021,575122,575134,12,101
575021,575123,575135,12,102
575021,575123,575135,12,102
575021,575124,575135,11,103
575021,575132,575135,3,111
575021,575123,575135,12,102
575021,575132,575135,3,111
575021,575133,575136,3,112
575021,575122,575136,14,101
575021,575126,575135,9,105
575021,575131,575136,5,110
575021,575134,575136,2,113
575021,575135,575137,2,114
575021,575125,575136,11,104
575021,575130,575137,7,109
575021,575135,575137,2,114
575021,575135,575137,2,114
575021,575134,575138,4,113
575021,575134,575137,3,113
575021,575134,575137,3,113
575021,575135,575137,2,114
575021,575130,575139,9,109
575021,575135,575140,5,114
575021,575136,575140,4,115
575021,575137,575141,4,116
575021,575137,575141,4,116
575021,575137,575141,4,116
575021,575137,575141,4,116
575021,575138,575142,4,117
575021,575137,575142,5,116
575021,575137,575142,5,116
575021,575136,575141,5,115
575021,575137,575142,5,116
575021,575139,575142,3,118
575021,575136,575142,6,115
575021,575138,575142,4,117
575021,575141,575143,2,120
575021,575139,575143,4,118
575021,575140,575144,4,119
575021,575141,575144,3,120
575021,575139,575144,5,118
575021,575136,575143,7,115
575021,575140,575143,3,119
575021,575142,575145,3,121
575021,575142,575144,2,121
575021,575142,575144,2,121
575023,575144,575145,1,121
575021,575142,575145,3,121
575021,575142,575144,2,121
575021,575142,575145,3,121
575021,575142,575145,3,121
575023,575144,575146,2,121
575021,575142,575146,4,121
575021,575143,575145,2,122
575021,575143,575145,2,122
575021,575143,575145,2,122
575023,575144,575146,2,121
575023,575144,575147,3,121
575021,575143,575146,3,122
575023,575145,575147,2,122
575023,575145,575146,1,122
575023,575145,575146,1,122
575023,575145,575146,1,122
575023,575145,575148,3,122
575023,575145,575147,2,122
575023,575146,575151,5,123
575023,575148,575151,3,125
575023,575148,575152,4,125
575023,575147,575153,6,124
575023,575151,575154,3,128
575023,575151,575154,3,128
575023,575146,575155,9,123
575023,575146,575155,9,123
575023,575152,575155,3,129
575023,575146,575156,10,123
575023,575153,575156,3,130
575023,575146,575156,10,123
575023,575146,575156,10,123
575023,575146,575157,11,123
575023,575147,575157,10,124
575023,575147,575157,10,124
575023,575155,575158,3,132
575023,575146,575158,12,123
575023,575154,575157,3,131
575023,575147,575157,10,124
575023,575155,575157,2,132
575023,575156,575158,2,133
575023,575147,575157,10,124
575023,575156,575159,3,133
575023,575147,575158,11,124
575023,575155,575159,4,132
575023,575155,575158,3,132
575023,575157,575160,3,134
575023,575156,575160,4,133
575023,575157,575161,4,134
575023,575157,575161,4,134
575023,575158,575162,4,135
575023,575159,575162,3,136
575023,575157,575162,5,134
575023,575158,575163,5,135
575023,575159,575163,4,136
575023,575159,575163,4,136
575023,575158,575163,5,135
575023,575159,575163,4,136
575023,575158,575164,6,135
575023,575158,575163,5,135
575023,575160,575163,3,137
575023,575158,575164,6,135
575023,575159,575163,4,136
575023,575160,575164,4,137
575023,575161,575165,4,138
575023,575161,575164,3,138
575023,575162,575166,4,139
575023,575163,575165,2,140
575023,575164,575166,2,141
575023,575163,575166,3,140
575023,575163,575166,3,140
575023,575163,575167,4,140
575023,575163,575167,4,140
575023,575162,575166,4,139
575023,575164,575166,2,141
575023,575163,575166,3,140
575023,575164,575167,3,141
575023,575164,575167,3,141
575023,575164,575167,3,141
575023,575165,575168,3,142
575023,575166,575168,2,143
575023,575164,575168,4,141
575023,575166,575168,2,143
575046,575166,575168,2,120
575046,575167,575169,2,121
575046,575167,575169,2,121
575023,575165,575168,3,142
575046,575167,575169,2,121
575046,575166,575168,2,120
575046,575167,575170,3,121
575046,575167,575170,3,121
575046,575167,575169,2,121
575046,575167,575169,2,121
575046,575167,575171,4,121
575046,575168,575173,5,122
575046,575168,575175,7,122
575046,575171,575175,4,125
575046,575173,575176,3,127
575046,575170,575176,6,124
575046,575175,575177,2,129
575046,575169,575178,9,123
575046,575169,575178,9,123
575046,575175,575179,4,129
575046,575169,575179,10,123
575046,575168,575178,10,122
575046,575176,575179,3,130
575046,575169,575179,10,123
575046,575170,575180,10,124
575046,575176,575180,4,130
575046,575168,575179,11,122
575046,575169,575180,11,123
575046,575170,575179,9,124
575046,575170,575180,10,124
575046,575169,575179,10,123
575046,575177,575180,3,131
575046,575178,575181,3,132
575046,575179,575182,3,133
575046,575179,575183,4,133
575046,575179,575183,4,133
575046,575179,575182,3,133
575046,575179,575183,4,133
575046,575180,575184,4,134
575046,575179,575184,5,133
575046,575180,575184,4,134
575046,575180,575185,5,134
575046,575180,575186,6,134
575046,575182,575185,3,136
575046,575182,575186,4,136
575046,575183,575187,4,137
575046,575183,575187,4,137
575046,575180,575186,6,134
575046,575184,575188,4,138
575046,575183,575188,5,137
575046,575183,575188,5,137
575046,575184,575187,3,138
575046,575185,575188,3,139
575046,575180,575187,7,134
575046,575184,575188,4,138
575046,575180,575189,9,134
575046,575186,575188,2,140
575046,575187,575189,2,141
575046,575186,575190,4,140
575046,575188,575190,2,142
575046,575180,575189,9,134
575046,575187,575190,3,141
575046,575188,575191,3,142
575046,575186,575191,5,140
575046,575188,575191,3,142
575046,575188,575191,3,142
575046,575189,575192,3,143
575046,575189,575191,2,143
575046,575188,575192,4,142
575046,575189,575192,3,143
575046,575188,575191,3,142
575046,575188,575192,4,142
575046,575189,575192,3,143
575046,575190,575192,2,144
575055,575191,575192,1,136
575055,575192,575193,1,137
575046,575190,575193,3,144
575055,575192,575194,2,137
575046,575190,575193,3,144
575055,575191,575193,2,136
575055,575191,575193,2,136
575055,575191,575194,3,136
575055,575192,575195,3,137
575055,575192,575195,3,137
575055,575192,575194,2,137
575055,575192,575195,3,137
575055,575192,575198,6,137
574648,574761,575200,439,113
575055,575192,575201,9,137
575055,575198,575202,4,143
575055,575195,575203,8,140
575055,575194,575203,9,139
575055,575193,575204,11,138
575055,575201,575205,4,146
575055,575194,575205,11,139
575055,575193,575204,11,138
575055,575195,575205,10,140
575055,575200,575205,5,145
575055,575194,575205,11,139
575055,575194,575206,12,139
575055,575194,575207,13,139
575055,575195,575206,11,140
575055,575202,575208,6,147
575055,575195,575207,12,140
575055,575194,575207,13,139
575055,575203,575208,5,148
575055,575204,575210,6,149
575055,575203,575210,7,148
575055,575205,575212,7,150
575055,575205,575213,8,150
575055,575205,575213,8,150
575055,575205,575213,8,150
575055,575205,575214,9,150
575055,575208,575214,6,153
575055,575207,575214,7,152
575055,575206,575214,8,151
575055,575210,575214,4,155
575055,575207,575214,7,152
575055,575208,575215,7,153
575055,575208,575214,6,153
575055,575205,575215,10,150
575055,575208,575216,8,153
575055,575211,575215,4,156
575055,575212,575217,5,157
575055,575214,575218,4,159
575055,575214,575218,4,159
575055,575215,575218,3,160
575055,575213,575218,5,158
575055,575214,575217,3,159
575055,575214,575218,4,159
575055,575215,575218,3,160
575055,575213,575219,6,158
575055,575214,575219,5,159
575055,575217,575219,2,162
575055,575216,575219,3,161
575055,575218,575220,2,163
575055,575215,575220,5,160
575055,575216,575220,4,161
575055,575213,575219,6,158
575055,575215,575219,4,160
575055,575218,575221,3,163
575055,575218,575221,3,163
575055,575218,575220,2,163
575055,575219,575221,2,164
575055,575219,575221,2,164
575055,575220,575222,2,165
575055,575218,575222,4,163
575055,575218,575221,3,163
575055,575218,575221,3,163
575055,575220,575223,3,165
575093,575221,575223,2,128
575093,575221,575223,2,128
575055,575220,575222,2,165
575093,575221,575223,2,128
575093,575220,575222,2,127
575093,575220,575222,2,127
575093,575221,575223,2,128
575093,575221,575224,3,128
575055,575219,575223,4,164
575093,575222,575223,1,129
575093,575222,575224,2,129
575093,575222,575225,3,129
575093,575222,575229,7,129
574665,574791,575231,440,126
575093,575223,575232,9,130
575093,575224,575233,9,131
575093,575229,575233,4,136
575093,575223,575233,10,130
575093,575223,575234,11,130
575093,575223,575234,11,130
575093,575226,575234,8,133
575093,575223,575234,11,130
575093,575225,575235,10,132
575093,575224,575235,11,131
575093,575231,575235,4,138
575093,575224,575236,12,131
575093,575223,575236,13,130
575093,575233,575236,3,140
575093,575223,575235,12,130
575093,575223,575235,12,130
575093,575233,575236,3,140
575093,575234,575236,2,141
575093,575235,575237,2,142
575093,575232,575237,5,139
575093,575233,575237,4,140
575093,575234,575237,3,141
575093,575234,575239,5,141
575093,575235,575240,5,142
575093,575235,575240,5,142
575093,575236,575240,4,143
575093,575237,575242,5,144
575093,575236,575242,6,143
575093,575237,575242,5,144
575093,575238,575243,5,145
575093,575236,575243,7,143
575093,575238,575243,5,145
575093,575236,575243,7,143
575093,575237,575242,5,144
575093,575237,575242,5,144
575093,575239,575244,5,146
575093,575237,575243,6,144
575093,575238,575243,5,145
575093,575240,575244,4,147
575093,575240,575245,5,147
575093,575242,575244,2,149
575093,575240,575246,6,147
575093,575242,575246,4,149
575093,575243,575246,3,150
575093,575242,575245,3,149
575093,575243,575247,4,150
575093,575243,575247,4,150
575093,575244,575246,2,151
575093,575243,575248,5,150
575093,575243,575248,5,150
575093,575244,575248,4,151
575093,575244,575248,4,151
575093,575245,575248,3,152
575093,575244,575248,4,151
575093,575245,575247,2,152
575093,575246,575248,2,153
575093,575244,575248,4,151
575093,575247,575249,2,154
575205,575248,575250,2,43
575093,575246,575249,3,153
575205,575248,575250,2,43
575093,575247,575249,2,154
575093,575246,575250,4,153
575093,575246,575249,3,153
575205,575248,575250,2,43
575205,575248,575251,3,43
575205,575248,575251,3,43
575093,575248,575251,3,155
575205,575248,575250,2,43
575093,575247,575250,3,154
575205,575249,575251,2,44
575205,575250,575251,1,45
575205,575250,575251,1,45
575205,575250,575252,2,45
575205,575250,575256,6,45
574671,574821,575256,435,150
575205,575250,575257,7,45
575205,575257,575260,3,52
575205,575256,575260,4,51
575205,575256,575260,4,51
575205,575251,575259,8,46
575205,575252,575261,9,47
575205,575250,575261,11,45
575205,575250,575261,11,45
575205,575251,575262,11,46
575205,575250,575262,12,45
575205,575251,575261,10,46
575205,575254,575261,7,49
575205,575252,575261,9,47
575205,575251,575263,12,46
575205,575260,575263,3,55
575205,575251,575262,11,46
575205,575252,575264,12,47
575205,575260,575264,4,55
575205,575260,575264,4,55
575205,575261,575264,3,56
575205,575260,575265,5,55
575205,575261,575264,3,56
575205,575262,575266,4,57
575205,575261,575265,4,56
575205,575262,575265,3,57
575205,575262,575265,3,57
575205,575262,575267,5,57
575205,575262,575268,6,57
575205,575263,575268,5,58
575205,575264,575269,5,59
575205,575263,575269,6,58
575205,575263,575270,7,58
575205,575264,575270,6,59
575205,575265,575270,5,60
575205,575264,575271,7,59
575205,575264,575271,7,59
575205,575267,575270,3,62
575205,575265,575270,5,60
575205,575267,575270,3,62
575205,575266,575272,6,61
575205,575266,575271,5,61
575205,575268,575272,4,63
575205,575266,575271,5,61
575205,575268,575272,4,63
575205,575269,575272,3,64
575205,575272,575274,2,67
575205,575272,575274,2,67
575205,575270,575274,4,65
575205,575272,575274,2,67
575205,575271,575274,3,66
575205,575270,575274,4,65
575205,575270,575273,3,65
575205,575271,575275,4,66
575205,575272,575274,2,67
575205,575269,575275,6,64
575205,575271,575275,4,66
575205,575271,575274,3,66
575205,575272,575274,2,67
575205,575274,575276,2,69
575205,575272,575275,3,67
575205,575272,575275,3,67
575234,575274,575277,3,40
575205,575274,575277,3,69
575205,575274,575276,2,69
575234,575275,575276,1,41
575234,575275,575276,1,41
575205,575274,575277,3,69
575234,575274,575276,2,40
575234,575275,575278,3,41
575234,575275,575278,3,41
575234,575275,575278,3,41
575234,575276,575277,1,42
575234,575275,575277,2,41
575234,575276,575279,3,42
575234,575276,575283,7,42
575234,575277,575286,9,43
575234,575277,575286,9,43
575234,575283,575287,4,49
575234,575278,575287,9,44
575234,575277,575287,10,43
575234,575280,575287,7,46
575234,575278,575287,9,44
575234,575278,575288,10,44
575234,575277,575288,11,43
575234,575279,575289,10,45
575234,575278,575289,11,44
575234,575278,575289,11,44
575234,575287,575290,3,53
575234,575286,575290,4,52
575234,575277,575290,13,43
575234,575277,575290,13,43
575234,575286,575291,5,52
575234,575287,575290,3,53
574699,574851,575292,441,152
575234,575287,575291,4,53
575234,575288,575292,4,54
575234,575287,575292,5,53
575234,575289,575292,3,55
575234,575287,575291,4,53
575234,575289,575293,4,55
575234,575290,575294,4,56
575234,575289,575294,5,55
575234,575289,575294,5,55
575234,575290,575295,5,56
575234,575290,575296,6,56
575234,575291,575297,6,57
575234,575291,575297,6,57
575234,575292,575296,4,58
575234,575292,575297,5,58
575234,575294,575297,3,60
575234,575290,575297,7,56
575234,575292,575298,6,58
575234,575292,575298,6,58
575234,575292,575297,5,58
575234,575293,575298,5,59
575234,575295,575297,2,61
575234,575294,575299,5,60
575234,575292,575298,6,58
575234,575294,575299,5,60
575234,575296,575300,4,62
575234,575297,575300,3,63
575234,575297,575301,4,63
575234,575297,575301,4,63
574837,574984,575301,317,147
575234,575297,575301,4,63
575234,575299,575301,2,65
575234,575298,575301,3,64
575234,575299,575302,3,65
575234,575297,575301,4,63
575234,575298,575301,3,64
575234,575297,575302,5,63
575234,575298,575301,3,64
575234,575301,575303,2,67
575234,575300,575302,2,66
575234,575301,575303,2,67
575234,575298,575302,4,64
575234,575298,575302,4,64
575234,575299,575303,4,65
575260,575302,575304,2,42
575260,575302,575303,1,42
575234,575300,575303,3,66
575260,575302,575304,2,42
575234,575301,575304,3,67
575234,575301,575303,2,67
575260,575303,575305,2,43
575260,575302,575305,3,42
575260,575303,575304,1,43
575260,575303,575305,2,43
575260,575302,575304,2,42
575260,575302,575304,2,42
575260,575303,575306,3,43
575260,575303,575310,7,43
575260,575306,575312,6,46
575260,575304,575313,9,44
575260,575306,575313,7,46
575260,575304,575314,10,44
575260,575303,575314,11,43
575260,575305,575314,9,45
575260,575305,575314,9,45
575260,575305,575315,10,45
575260,575304,575314,10,44
575260,575304,575315,11,44
575260,575310,575315,5,50
575260,575304,575316,12,44
575260,575305,575316,11,45
575260,575313,575317,4,53
575260,575305,575317,12,45
575260,575312,575317,5,52
575260,575314,575317,3,54
575260,575304,575316,12,44
575260,575314,575317,3,54
575260,575313,575318,5,53
574747,574880,575317,437,133
575260,575315,575317,2,55
575260,575314,575318,4,54
575260,575315,575318,3,55
575260,575314,575318,4,54
575260,575315,575320,5,55
575260,575316,575321,5,56
575260,575317,575322,5,57
575260,575316,575322,6,56
575260,575317,575322,5,57
575260,575316,575322,6,56
575260,575318,575323,5,58
575260,575318,575323,5,58
575260,575317,575323,6,57
575260,575317,575324,7,57
575260,575319,575324,5,59
575260,575317,575323,6,57
575260,575318,575323,5,58
575260,575319,575323,4,59
575260,575318,575324,6,58
575260,575321,575325,4,61
575260,575322,575324,2,62
575260,575318,575325,7,58
575260,575320,575324,4,60
575260,575322,575325,3,62
575260,575323,575325,2,63
575260,575323,575326,3,63
575260,575323,575325,2,63
575260,575323,575327,4,63
575260,575325,575326,1,65
575260,575325,575328,3,65
575260,575326,575328,2,66
575260,575324,575328,4,64
575260,575323,575327,4,63
575260,575325,575328,3,65
575260,575324,575328,4,64
575260,575325,575328,3,65
575260,575324,575327,3,64
575260,575325,575328,3,65
575260,575324,575329,5,64
575260,575325,575328,3,65
575260,575326,575328,2,66
575260,575326,575328,2,66
575292,575328,575329,1,36
575260,575325,575328,3,65
575260,575327,575330,3,67
575292,575328,575329,1,36
575292,575328,575330,2,36
575292,575328,575331,3,36
575292,575328,575330,2,36
575292,575328,575331,3,36
575292,575328,575330,2,36
575292,575328,575330,2,36
575292,575329,575331,2,37
575292,575328,575330,2,36
574775,574905,575332,427,130
575292,575329,575335,6,37
575292,575332,575337,5,40
575292,575331,575337,6,39
575292,575329,575338,9,37
575292,575329,575338,9,37
575292,575329,575340,11,37
575292,575330,575340,10,38
575292,575335,575340,5,43
575292,575330,575340,10,38
575292,575331,575340,9,39
575292,575337,575341,4,45
575292,575331,575342,11,39
575292,575339,575342,3,47
575292,575337,575342,5,45
575292,575331,575342,11,39
575292,575331,575341,10,39
575292,575331,575341,10,39
575292,575329,575341,12,37
575292,575338,575341,3,46
575292,575331,575342,11,39
575292,575330,575343,13,38
575292,575340,575343,3,48
575292,575340,575343,3,48
575292,575340,575344,4,48
575292,575340,575344,4,48
575292,575341,575346,5,49
575292,575341,575347,6,49
575292,575342,575348,6,50
575292,575343,575348,5,51
575292,575342,575349,7,50
575292,575342,575349,7,50
575292,575342,575349,7,50
575292,575342,575349,7,50
575292,575343,575349,6,51
575292,575344,575348,4,52
575292,575344,575348,4,52
575292,575346,575350,4,54
575292,575348,575350,2,56
575292,575343,575349,6,51
575292,575345,575350,5,53
575292,575342,575350,8,50
575292,575347,575351,4,55
575292,575348,575350,2,56
575292,575342,575350,8,50
575292,575344,575350,6,52
575292,575350,575352,2,58
575292,575349,575351,2,57
575292,575350,575353,3,58
575292,575351,575353,2,59
575292,575349,575353,4,57
575292,575349,575352,3,57
575292,575349,575352,3,57
575292,575350,575354,4,58
575292,575349,575354,5,57
575292,575349,575353,4,57
575292,575350,575353,3,58
575292,575351,575354,3,59
575292,575352,575354,2,60
575292,575350,575353,3,58
575292,575350,575353,3,58
575292,575351,575353,2,59
575301,575353,575355,2,52
575292,575353,575355,2,61
575292,575352,575354,2,60
575292,575352,575355,3,60
575292,575353,575356,3,61
575301,575354,575356,2,53
575301,575354,575356,2,53
575301,575354,575356,2,53
575301,575353,575355,2,52
575301,575354,575357,3,53
575301,575354,575357,3,53
575301,575354,575357,3,53
575301,575354,575357,3,53
575301,575354,575357,3,53
575301,575354,575362,8,53
575301,575355,575365,10,54
575301,575358,575366,8,57
575301,575356,575366,10,55
574819,574931,575366,435,112
575301,575356,575367,11,55
575301,575357,575367,10,56
575301,575357,575368,11,56
575301,575356,575368,12,55
574908,575056,575369,313,148
575301,575355,575368,13,54
575301,575358,575369,11,57
575301,575356,575368,12,55
575301,575365,575369,4,64
575301,575356,575369,13,55
575301,575356,575370,14,55
575301,575357,575369,12,56
575301,575362,575369,7,61
575301,575366,575370,4,65
575301,575358,575370,12,57
575301,575366,575370,4,65
575301,575366,575372,6,65
575301,575367,575373,6,66
575301,575367,575374,7,66
575301,575371,575374,3,70
575301,575371,575375,4,70
575301,575370,575374,4,69
575301,575371,575375,4,70
575301,575370,575374,4,69
575301,575369,575375,6,68
575301,575370,575376,6,69
575301,575370,575376,6,69
575301,575368,575375,7,67
575301,575369,575376,7,68
575301,575368,575376,8,67
575301,575370,575375,5,69
575301,575374,575377,3,73
575301,575369,575376,7,68
575301,575374,575376,2,73
575301,575369,575376,7,68
575301,575375,575378,3,74
575301,575373,575377,4,72
575301,575376,575377,1,75
575301,575375,575378,3,74
575301,575376,575377,1,75
575301,575374,575378,4,73
575301,575375,575379,4,74
575301,575376,575379,3,75
575301,575376,575380,4,75
575301,575376,575380,4,75
575301,575377,575380,3,76
575301,575377,575380,3,76
575301,575378,575381,3,77
575301,575376,575380,4,75
575301,575376,575380,4,75
575301,575378,575380,2,77
575319,575380,575381,1,61
575301,575376,575380,4,75
575301,575377,575380,3,76
575301,575379,575380,1,78
575301,575378,575382,4,77
575301,575378,575381,3,77
575301,575379,575382,3,78
575301,575380,575382,2,79
575301,575379,575381,2,78
575301,575380,575383,3,79
575301,575379,575382,3,78
575319,575381,575383,2,62
575319,575381,575383,2,62
575319,575381,575383,2,62
575319,575382,575383,1,63
575319,575382,575384,2,63
575319,575382,575384,2,63
575319,575381,575384,3,62
575301,575379,575383,4,78
575319,575381,575384,3,62
575319,575382,575385,3,63
575319,575382,575388,6,63
575319,575385,575391,6,66
575319,575384,575392,8,65
575319,575384,575393,9,65
575319,575383,575393,10,64
575319,575387,575393,6,68
575319,575388,575393,5,69
575319,575384,575394,10,65
575319,575383,575393,10,64
575319,575384,575393,9,65
575319,575382,575393,11,63
575319,575384,575395,11,65
575319,575382,575394,12,63
575319,575383,575395,12,64
575319,575384,575394,10,65
575319,575392,575396,4,73
575319,575382,575395,13,63
575319,575383,575396,13,64
575319,575393,575397,4,74
575319,575391,575396,5,72
575319,575393,575397,4,74
575319,575393,575396,3,74
575319,575394,575397,3,75
575319,575394,575398,4,75
575319,575394,575398,4,75
575319,575393,575398,5,74
574836,574957,575400,443,121
575319,575394,575401,7,75
575319,575398,575401,3,79
575319,575396,575402,6,77
575319,575395,575402,7,76
575319,575395,575402,7,76
575319,575398,575402,4,79
575319,575395,575402,7,76
575319,575396,575402,6,77
575319,575396,575403,7,77
575319,575398,575402,4,79
575319,575395,575402,7,76
575319,575397,575403,6,78
575319,575400,575403,3,81
575319,575402,575404,2,83
575319,575402,575403,1,83
575319,575398,575404,6,79
575319,575397,575403,6,78
575319,575397,575403,6,78
575319,575402,575405,3,83
575319,575401,575405,4,82
575319,575402,575405,3,83
575319,575399,575404,5,80
575319,575402,575406,4,83
575319,575402,575406,4,83
575319,575403,575406,3,84
575319,575404,575406,2,85
575319,575404,575405,1,85
575319,575403,575407,4,84
575319,575403,575406,3,84
575319,575404,575407,3,85
575319,575404,575407,3,85
575319,575403,575406,3,84
575319,575405,575406,1,86
575319,575403,575406,3,84
575319,575403,575406,3,84
575319,575405,575408,3,86
575319,575404,575407,3,85
575319,575405,575408,3,86
575341,575406,575408,2,65
575341,575406,575408,2,65
575319,575405,575409,4,86
575341,575407,575409,2,66
575341,575406,575408,2,65
575341,575407,575409,2,66
575341,575406,575409,3,65
575341,575407,575409,2,66
575341,575407,575409,2,66
575341,575407,575410,3,66
575341,575407,575411,4,66
575341,575407,575417,10,66
575341,575408,575419,11,67
575341,575407,575419,12,66
575341,575408,575420,12,67
575341,575408,575420,12,67
575341,575409,575419,10,68
575341,575409,575420,11,68
575341,575411,575420,9,70
575341,575408,575421,13,67
575341,575409,575421,12,68
575341,575410,575422,12,69
575341,575409,575422,13,68
575341,575410,575422,12,69
575341,575410,575423,13,69
575341,575409,575424,15,68
575341,575420,575424,4,79
575341,575411,575425,14,70
575341,575420,575425,5,79
575341,575420,575426,6,79
575341,575419,575426,7,78
575341,575418,575427,9,77
575341,575420,575427,7,79
575341,575420,575427,7,79
575341,575421,575429,8,80
575341,575419,575428,9,78
575341,575422,575430,8,81
575341,575425,575430,5,84
575341,575424,575431,7,83
575341,575423,575430,7,82
575341,575426,575431,5,85
575341,575422,575431,9,81
575341,575422,575431,9,81
575341,575425,575433,8,84
575341,575426,575432,6,85
575341,575431,575433,2,90
575341,575427,575432,5,86
575341,575431,575434,3,90
575341,575430,575434,4,89
575341,575427,575434,7,86
575341,575431,575434,3,90
575341,575423,575435,12,82
575341,575424,575435,11,83
575341,575430,575435,5,89
575341,575432,575436,4,91
575341,575430,575436,6,89
575341,575434,575436,2,93
575341,575430,575435,5,89
575341,575432,575435,3,91
575341,575433,575436,3,92
575341,575434,575437,3,93
575341,575433,575436,3,92
575341,575433,575436,3,92
575341,575434,575436,2,93
575341,575433,575437,4,92
575341,575434,575437,3,93
575341,575436,575438,2,95
575341,575435,575438,3,94
575341,575428,575437,9,87
575341,575435,575439,4,94
575341,575436,575439,3,95
575341,575436,575439,3,95
575367,575437,575439,2,70
575341,575436,575439,3,95
575341,575436,575439,3,95
575367,575437,575440,3,70
575367,575437,575439,2,70
575367,575438,575440,2,71
575341,575436,575439,3,95
575367,575437,575440,3,70
575341,575437,575439,2,96
575367,575437,575440,3,70
575367,575438,575442,4,71
575367,575439,575441,2,72
575367,575438,575441,3,71
574869,575006,575444,438,137
575367,575439,575444,5,72
575367,575439,575446,7,72
575367,575439,575448,9,72
575367,575440,575450,10,73
575367,575440,575450,10,73
575367,575440,575451,11,73
575367,575439,575451,12,72
575367,575440,575452,12,73
575367,575439,575452,13,72
575367,575441,575453,12,74
575367,575441,575453,12,74
575367,575440,575452,12,73
575367,575442,575454,12,75
575367,575442,575454,12,75
575367,575442,575455,13,75
575367,575444,575455,11,77
575367,575446,575455,9,79
575367,575448,575456,8,81
575367,575444,575456,12,77
575367,575451,575458,7,84
575367,575450,575459,9,83
575367,575450,575458,8,83
575367,575454,575460,6,87
575367,575453,575461,8,86
575367,575455,575462,7,88
575367,575453,575462,9,86
575367,575456,575462,6,89
575021,575144,575462,318,123
575367,575455,575462,7,88
575367,575454,575461,7,87
575367,575453,575463,10,86
575367,575455,575462,7,88
575367,575457,575463,6,90
575367,575452,575464,12,85
575367,575459,575465,6,92
575367,575452,575465,13,85
575367,575462,575466,4,95
575367,575451,575465,14,84
575367,575462,575466,4,95
575367,575465,575467,2,98
575367,575458,575466,8,91
575367,575460,575466,6,93
575367,575462,575467,5,95
575367,575463,575467,4,96
575367,575461,575468,7,94
575367,575464,575467,3,97
575367,575465,575468,3,98
575367,575462,575468,6,95
575367,575465,575467,2,98
575367,575467,575469,2,100
575367,575460,575468,8,93
575367,575467,575469,2,100
575367,575465,575469,4,98
575367,575462,575468,6,95
575367,575467,575470,3,100
575367,575466,575469,3,99
575367,575467,575469,2,100
575367,575462,575470,8,95
575367,575467,575470,3,100
575367,575467,575469,2,100
575367,575466,575470,4,99
575367,575469,575471,2,102
575367,575468,575471,3,101
575367,575468,575471,3,101
575369,575469,575471,2,100
575369,575470,575471,1,101
575369,575470,575472,2,101
575367,575468,575471,3,101
575367,575468,575471,3,101
575369,575470,575472,2,101
575367,575468,575471,3,101
575369,575470,575472,2,101
575369,575469,575472,3,100
575369,575470,575472,2,101
575369,575470,575473,3,101
575369,575470,575473,3,101
575023,575166,575473,307,143
575369,575471,575474,3,102
575369,575471,575479,8,102
575369,575471,575481,10,102
575369,575472,575482,10,103
575369,575473,575482,9,104
575369,575472,575482,10,103
575369,575474,575482,8,105
575369,575472,575482,10,103
575369,575472,575483,11,103
575369,575472,575484,12,103
575369,575473,575484,11,104
575369,575472,575483,11,103
575369,575472,575484,12,103
575369,575471,575484,13,102
575369,575471,575485,14,102
575369,575472,575484,12,103
575369,575472,575485,13,103
575369,575475,575486,11,106
574877,575031,575489,458,154
575369,575479,575489,10,110
575369,575482,575489,7,113
575369,575483,575491,8,114
575369,575485,575492,7,116
575369,575482,575492,10,113
575369,575485,575492,7,116
575369,575486,575492,6,117
575369,575482,575491,9,113
575369,575485,575492,7,116
575369,575483,575491,8,114
575369,575484,575493,9,115
575369,575484,575493,9,115
575369,575483,575492,9,114
575369,575489,575493,4,120
575369,575484,575493,9,115
575369,575484,575493,9,115
575369,575483,575494,11,114
575369,575484,575493,9,115
575369,575489,575494,5,120
575369,575489,575494,5,120
575369,575492,575494,2,123
575369,575492,575494,2,123
575369,575491,575496,5,122
575369,575493,575496,3,124
575369,575492,575496,4,123
575369,575492,575496,4,123
575369,575493,575496,3,124
575369,575494,575497,3,125
575369,575492,575496,4,123
575369,575493,575497,4,124
575369,575494,575496,2,125
575369,575493,575496,3,124
575369,575494,575497,3,125
575369,575492,575497,5,123
575369,575496,575498,2,127
575369,575494,575497,3,125
575369,575495,575498,3,126
575369,575494,575497,3,125
575369,575496,575498,2,127
575369,575492,575497,5,123
575369,575496,575498,2,127
575369,575496,575497,1,127
575369,575496,575497,1,127
575369,575495,575498,3,126
575369,575496,575498,2,127
575400,575497,575500,3,97
575369,575497,575499,2,128
575369,575497,575500,3,128
575369,575497,575500,3,128
575400,575498,575499,1,98
575400,575498,575501,3,98
575400,575498,575501,3,98
575400,575497,575500,3,97
575400,575498,575500,2,98
575400,575498,575501,3,98
575400,575498,575500,2,98
575400,575498,575500,2,98
575400,575499,575502,3,99
575400,575499,575506,7,99
575400,575502,575507,5,102
575400,575502,575509,7,102
574920,575078,575509,431,158
575400,575506,575509,3,106
575400,575502,575509,7,102
575400,575499,575510,11,99
575400,575499,575509,10,99
575400,575500,575510,10,100
575400,575500,575511,11,100
575400,575501,575511,10,101
575400,575500,575511,11,100
575400,575500,575512,12,100
575400,575500,575511,11,100
575400,575500,575512,12,100
575400,575507,575513,6,107
575400,575501,575513,12,101
575400,575501,575513,12,101
575400,575501,575514,13,101
575400,575501,575513,12,101
575400,575510,575517,7,110
575400,575510,575517,7,110
575400,575512,575517,5,112
575400,575513,575517,4,113
575400,575513,575518,5,113
575400,575512,575518,6,112
575400,575512,575517,5,112
575400,575510,575517,7,110
575400,575511,575519,8,111
575400,575514,575518,4,114
575400,575509,575519,10,109
575400,575517,575519,2,117
575400,575509,575518,9,109
575400,575512,575518,6,112
575400,575511,575518,7,111
575400,575514,575518,4,114
575400,575517,575520,3,117
575400,575514,575520,6,114
575400,575509,575519,10,109
575400,575518,575520,2,118
575400,575518,575520,2,118
575400,575518,575521,3,118
575400,575518,575520,2,118
575400,575519,575522,3,119
575400,575519,575522,3,119
575400,575517,575521,4,117
575400,575518,575521,3,118
575400,575509,575522,13,109
575400,575520,575523,3,120
575400,575520,575523,3,120
575400,575519,575522,3,119
575400,575519,575523,4,119
575400,575520,575523,3,120
575400,575520,575523,3,120
575400,575519,575523,4,119
575400,575519,575522,3,119
575400,575520,575523,3,120
575400,575522,575524,2,122
575400,575521,575523,2,121
575400,575519,575523,4,119
575400,575522,575524,2,122
575400,575521,575525,4,121
575400,575522,575525,3,122
575400,575521,575524,3,121
575452,575523,575525,2,71
575452,575523,575525,2,71
575452,575523,575524,1,71
575452,575524,575525,1,72
575452,575523,575524,1,71
575452,575523,575526,3,71
575400,575522,575525,3,122
575452,575523,575526,3,71
575400,575522,575525,3,122
575452,575523,575525,2,71
575452,575524,575525,1,72
575452,575524,575527,3,72
575452,575526,575532,6,74
575452,575527,575532,5,75
575452,575524,575533,9,72
575452,575526,575535,9,74
575452,575525,575535,10,73
575452,575525,575535,10,73
575452,575525,575536,11,73
575452,575532,575536,4,80
575452,575524,575536,12,72
575452,575525,575536,11,73
575452,575532,575536,4,80
575452,575525,575537,12,73
575452,575525,575537,12,73
575452,575526,575538,12,74
575452,575526,575538,12,74
575452,575525,575537,12,73
575452,575525,575539,14,73
575452,575533,575538,5,81
575452,575526,575538,12,74
575452,575526,575539,13,74
575452,575535,575542,7,83
575452,575535,575542,7,83
575452,575537,575542,5,85
575452,575539,575542,3,87
575452,575539,575543,4,87
575452,575538,575543,5,86
575452,575536,575543,7,84
575452,575538,575543,5,86
575452,575536,575542,6,84
575452,575537,575542,5,85
575452,575538,575544,6,86
575452,575539,575544,5,87
575452,575536,575544,8,84
575452,575535,575543,8,83
575452,575537,575543,6,85
575452,575539,575543,4,87
575452,575542,575544,2,90
575452,575536,575544,8,84
575452,575543,575545,2,91
575452,575543,575545,2,91
575452,575542,575546,4,90
575452,575544,575546,2,92
575452,575543,575546,3,91
575452,575542,575546,4,90
575452,575542,575547,5,90
575452,575544,575546,2,92
575452,575543,575546,3,91
575452,575545,575547,2,93
575452,575544,575548,4,92
575452,575545,575547,2,93
575452,575546,575548,2,94
575452,575544,575548,4,92
575452,575544,575548,4,92
575452,575544,575547,3,92
575452,575545,575549,4,93
575452,575545,575548,3,93
575452,575546,575549,3,94
575452,575545,575548,3,93
575452,575546,575549,3,94
575452,575547,575550,3,95
575452,575544,575550,6,92
575452,575546,575549,3,94
575452,575547,575549,2,95
575463,575548,575550,2,85
575463,575548,575549,1,85
575463,575548,575550,2,85
575452,575547,575549,2,95
575463,575549,575550,1,86
575452,575547,575550,3,95
575463,575549,575551,2,86
575463,575549,575552,3,86
575463,575548,575551,3,85
575463,575549,575552,3,86
575463,575549,575552,3,86
575463,575549,575554,5,86
574952,575099,575554,455,147
575463,575550,575556,6,87
575463,575550,575559,9,87
575463,575551,575560,9,88
575463,575550,575560,10,87
575463,575550,575560,10,87
575463,575550,575561,11,87
575463,575550,575561,11,87
575463,575550,575562,12,87
575463,575552,575563,11,89
575463,575550,575563,13,87
575463,575552,575564,12,89
575463,575553,575563,10,90
575463,575554,575565,11,91
575463,575556,575565,9,93
575463,575552,575565,13,89
575463,575552,575564,12,89
575463,575554,575565,11,91
575463,575552,575565,13,89
575463,575560,575568,8,97
575463,575563,575569,6,100
575463,575562,575569,7,99
575463,575565,575569,4,102
575463,575565,575569,4,102
575463,575564,575570,6,101
575463,575561,575570,9,98
575463,575563,575570,7,100
575463,575561,575569,8,98
575463,575564,575569,5,101
575463,575560,575569,9,97
575463,575565,575571,6,102
575463,575561,575571,10,98
575463,575565,575571,6,102
575463,575566,575571,5,103
575463,575561,575570,9,98
575463,575569,575572,3,106
575463,575568,575571,3,105
575463,575570,575573,3,107
575463,575566,575572,6,103
575463,575570,575573,3,107
575463,575569,575574,5,106
575463,575569,575574,5,106
575463,575570,575574,4,107
575463,575569,575574,5,106
575463,575570,575574,4,107
575463,575571,575574,3,108
575463,575573,575575,2,110
575463,575573,575575,2,110
575463,575571,575575,4,108
575463,575570,575574,4,107
575463,575571,575575,4,108
575463,575570,575574,4,107
575463,575571,575575,4,108
575463,575571,575576,5,108
575463,575573,575576,3,110
575463,575572,575575,3,109
575463,575574,575575,1,111
575463,575575,575577,2,112
575463,575574,575577,3,111
575463,575573,575577,4,110
575463,575574,575576,2,111
575463,575574,575577,3,111
575463,575574,575577,3,111
575483,575575,575578,3,92
575463,575575,575577,2,112
575463,575575,575577,2,112
575463,575575,575577,2,112
575483,575575,575578,3,92
575483,575576,575578,2,93
575483,575576,575578,2,93
575483,575576,575579,3,93
575483,575575,575578,3,92
575483,575577,575578,1,94
575483,575576,575578,2,93
575483,575577,575579,2,94
574978,575119,575580,461,141
575483,575577,575582,5,94
575483,575577,575585,8,94
575483,575578,575587,9,95
575483,575578,575588,10,95
575483,575578,575588,10,95
575483,575578,575589,11,95
575483,575577,575589,12,94
575483,575578,575589,11,95
575483,575578,575590,12,95
575483,575579,575590,11,96
575483,575577,575590,13,94
575483,575579,575589,10,96
575483,575579,575591,12,96
575483,575579,575591,12,96
575483,575580,575592,12,97
575483,575578,575592,14,95
575483,575582,575592,10,99
575483,575580,575593,13,97
575483,575590,575594,4,107
575483,575590,575595,5,107
575483,575590,575595,5,107
575483,575585,575595,10,102
575483,575587,575596,9,104
575483,575590,575596,6,107
575483,575589,575596,7,106
575483,575592,575597,5,109
575483,575591,575597,6,108
575483,575588,575596,8,105
575483,575592,575597,5,109
575483,575588,575596,8,105
575483,575591,575597,6,108
575483,575589,575598,9,106
575483,575594,575598,4,111
575483,575589,575598,9,106
575483,575595,575599,4,112
575483,575593,575599,6,110
575483,575593,575598,5,110
575483,575596,575600,4,113
575483,575595,575600,5,112
575483,575598,575601,3,115
575483,575597,575600,3,114
575483,575597,575601,4,114
575483,575597,575601,4,114
575483,575596,575601,5,113
575483,575595,575600,5,112
575483,575597,575602,5,114
575483,575598,575601,3,115
575483,575600,575602,2,117
575483,575598,575602,4,115
575483,575599,575602,3,116
575483,575596,575602,6,113
575483,575599,575603,4,116
575483,575598,575603,5,115
575483,575599,575602,3,116
575483,575601,575603,2,118
575483,575601,575603,2,118
575483,575598,575602,4,115
575483,575600,575603,3,117
575483,575602,575604,2,119
575483,575601,575604,3,118
575483,575601,575604,3,118
575483,575602,575604,2,119
575489,575603,575605,2,114
575489,575603,575604,1,114
575483,575601,575604,3,118
575483,575602,575604,2,119
575489,575603,575605,2,114
575483,575602,575604,2,119
575489,575603,575604,1,114
575489,575604,575605,1,115
575483,575601,575604,3,118
575489,575603,575605,2,114
575489,575603,575605,2,114
575489,575603,575605,2,114
575489,575603,575605,2,114
575489,575604,575607,3,115
575489,575604,575610,6,115
575489,575605,575615,10,116
575489,575605,575615,10,116
575489,575605,575615,10,116
575489,575605,575615,10,116
575489,575606,575616,10,117
575489,575607,575616,9,118
575489,575605,575617,12,116
575489,575604,575617,13,115
575489,575606,575617,11,117
575489,575605,575616,11,116
575489,575605,575617,12,116
575489,575605,575618,13,116
575489,575610,575618,8,121
575489,575605,575617,12,116
575489,575605,575619,14,116
575489,575606,575618,12,117
575489,575615,575621,6,126
575489,575615,575622,7,126
575489,575616,575623,7,127
575489,575618,575624,6,129
575489,575618,575624,6,129
575489,575619,575624,5,130
575489,575618,575624,6,129
575489,575619,575625,6,130
575489,575619,575625,6,130
575489,575616,575625,9,127
575489,575616,575626,10,127
575489,575621,575626,5,132
575489,575618,575626,8,129
575489,575616,575627,11,127
575489,575617,575627,10,128
575489,575625,575628,3,136
575489,575622,575627,5,133
575489,575626,575627,1,137
575489,575624,575628,4,135
575489,575626,575629,3,137
575489,575623,575629,6,134
575489,575625,575629,4,136
575489,575625,575629,4,136
575489,575625,575628,3,136
575489,575617,575629,12,128
575489,575626,575628,2,137
575489,575624,575630,6,135
575261,575327,575629,302,66
575489,575624,575629,5,135
575489,575627,575629,2,138
575489,575627,575631,4,138
575489,575629,575631,2,140
575489,575629,575631,2,140
575489,575617,575631,14,128
575489,575628,575632,4,139
575489,575628,575632,4,139
575489,575628,575631,3,139
575489,575631,575632,1,142
575489,575629,575632,3,140
575489,575630,575632,2,141
575489,575630,575632,2,141
575489,575629,575632,3,140
575489,575629,575632,3,140
575489,575630,575633,3,141
575489,575630,575633,3,141
575489,575629,575632,3,140
575489,575629,575632,3,140
575489,575629,575632,3,140
575512,575632,575634,2,120
575512,575632,575634,2,120
575489,575631,575633,2,142
575047,575190,575634,444,143
575512,575632,575633,1,120
575512,575633,575635,2,121
575512,575632,575635,3,120
575512,575632,575634,2,120
575512,575632,575635,3,120
575512,575631,575634,3,119
575512,575633,575636,3,121
575512,575633,575636,3,121
575512,575633,575640,7,121
575512,575634,575644,10,122
575512,575633,575645,12,121
575512,575633,575645,12,121
575512,575633,575645,12,121
575512,575634,575645,11,122
575512,575634,575646,12,122
575512,575635,575645,10,123
575512,575635,575645,10,123
575512,575633,575645,12,121
575512,575634,575645,11,122
575512,575634,575646,12,122
575512,575636,575647,11,124
575512,575636,575647,11,124
575512,575635,575647,12,123
575512,575635,575646,11,123
575512,575635,575649,14,123
575512,575640,575650,10,128
575512,575647,575652,5,135
575512,575645,575653,8,133
575512,575647,575653,6,135
575512,575644,575653,9,132
575512,575647,575653,6,135
575512,575647,575654,7,135
575512,575647,575654,7,135
575512,575645,575654,9,133
575512,575646,575655,9,134
575512,575646,575655,9,134
575512,575645,575655,10,133
575512,575646,575654,8,134
575512,575649,575656,7,137
575512,575646,575656,10,134
575512,575647,575655,8,135
575512,575645,575655,10,133
575512,575650,575656,6,138
575512,575653,575657,4,141
575512,575655,575658,3,143
575512,575652,575657,5,140
575512,575655,575658,3,143
575512,575654,575658,4,142
575512,575655,575659,4,143
575512,575653,575659,6,141
575512,575655,575659,4,143
575512,575653,575658,5,141
575512,575656,575660,4,144
575512,575654,575660,6,142
575512,575654,575659,5,142
575512,575657,575660,3,145
575512,575656,575659,3,144
575512,575656,575661,5,144
575512,575654,575661,7,142
575512,575656,575660,4,144
575512,575656,575660,4,144
575512,575658,575661,3,146
575512,575658,575660,2,146
575512,575659,575660,1,147
575512,575658,575661,3,146
575512,575660,575662,2,148
575512,575659,575662,3,147
575512,575659,575661,2,147
575512,575658,575661,3,146
575512,575660,575661,1,148
575512,575660,575663,3,148
575561,575661,575663,2,100
575512,575660,575663,3,148
575512,575659,575662,3,147
575561,575661,575663,2,100
575561,575661,575663,2,100
575561,575662,575664,2,101
575561,575662,575663,1,101
575561,575661,575663,2,100
575561,575661,575663,2,100
575561,575661,575663,2,100
575561,575661,575663,2,100
575093,575248,575664,416,155
575561,575662,575666,4,101
575056,575220,575670,450,164
575561,575663,575673,10,102
575561,575663,575673,10,102
575561,575664,575674,10,103
575561,575662,575674,12,101
575561,575662,575674,12,101
575561,575664,575675,11,103
575561,575662,575675,13,101
575561,575663,575675,12,102
575561,575663,575675,12,102
575561,575663,575675,12,102
575561,575664,575674,10,103
575561,575663,575674,11,102
575561,575665,575676,11,104
575561,575664,575677,13,103
575561,575664,575677,13,103
575561,575664,575677,13,103
575561,575666,575679,13,105
575561,575675,575680,5,114
575561,575675,575681,6,114
575561,575670,575681,11,109
575561,575675,575681,6,114
575561,575673,575681,8,112
575561,575673,575680,7,112
575561,575675,575682,7,114
575561,575677,575682,5,116
575561,575676,575682,6,115
575561,575675,575683,8,114
575561,575675,575682,7,114
575561,575675,575683,8,114
575561,575674,575683,9,113
575561,575674,575682,8,113
575561,575680,575683,3,119
575561,575681,575684,3,120
575561,575674,575683,9,113
575561,575679,575684,5,118
575561,575681,575685,4,120
575561,575682,575685,3,121
575561,575682,575685,3,121
575561,575678,575684,6,117
575561,575678,575684,6,117
575561,575681,575685,4,120
575561,575681,575685,4,120
575561,575682,575686,4,121
575561,575682,575686,4,121
575561,575683,575687,4,122
575561,575685,575687,2,124
575561,575683,575686,3,122
575561,575683,575687,4,122
575561,575685,575687,2,124
575561,575685,575687,2,124
575561,575683,575687,4,122
575561,575685,575687,2,124
575561,575686,575688,2,125
575561,575685,575688,3,124
575561,575684,575687,3,123
575561,575685,575688,3,124
575561,575685,575687,2,124
575561,575685,575687,2,124
575561,575687,575689,2,126
575561,575687,575689,2,126
575561,575683,575688,5,122
575561,575684,575689,5,123
575561,575687,575688,1,126
575561,575683,575688,5,122
575588,575688,575690,2,100
575561,575687,575689,2,126
575588,575688,575690,2,100
575588,575688,575690,2,100
575588,575688,575691,3,100
575588,575688,575691,3,100
575588,575688,575691,3,100
575588,575688,575690,2,100
575588,575688,575690,2,100
575588,575688,575691,3,100
575588,575688,575693,5,100
575588,575689,575696,7,101
575302,575380,575697,317,78
575588,575689,575699,10,101
575588,575690,575700,10,102
575588,575689,575700,11,101
575588,575689,575701,12,101
575588,575689,575701,12,101
575588,575689,575701,12,101
575588,575691,575701,10,103
575588,575692,575701,9,104
575588,575690,575701,11,102
575588,575691,575703,12,103
575588,575691,575703,12,103
575588,575690,575703,13,102
575588,575691,575703,12,103
575588,575692,575704,12,104
575588,575691,575704,13,103
575588,575693,575705,12,105
575588,575696,575706,10,108
575588,575697,575706,9,109
575588,575701,575707,6,113
575588,575702,575706,4,114
575588,575702,575708,6,114
575588,575703,575708,5,115
575588,575703,575708,5,115
575206,575274,575708,434,68
575588,575703,575708,5,115
575588,575699,575709,10,111
575588,575702,575708,6,114
575588,575703,575708,5,115
575588,575700,575710,10,112
575588,575700,575710,10,112
575588,575701,575710,9,113
575588,575704,575709,5,116
575588,575705,575710,5,117
575588,575706,575710,4,118
575588,575706,575711,5,118
575588,575705,575711,6,117
575588,575708,575711,3,120
575588,575701,575710,9,113
575588,575708,575711,3,120
575588,575709,575711,2,121
575588,575707,575711,4,119
575588,575708,575712,4,120
575588,575708,575711,3,120
575588,575708,575712,4,120
575588,575707,575712,5,119
575588,575710,575712,2,122
575588,575711,575713,2,123
575588,575709,575714,5,121
575588,575709,575713,4,121
575588,575710,575714,4,122
575588,575710,575713,3,122
575588,575711,575714,3,123
575588,575711,575714,3,123
575588,575711,575714,3,123
575588,575710,575713,3,122
575588,575712,575714,2,124
575588,575712,575713,1,124
575588,575710,575714,4,122
575588,575712,575715,3,124
575588,575711,575714,3,123
575588,575712,575714,2,124
575588,575710,575715,5,122
575588,575712,575714,2,124
575588,575713,575714,1,125
575588,575713,575715,2,125
575630,575714,575716,2,84
575630,575714,575716,2,84
575630,575714,575717,3,84
575630,575714,575716,2,84
575630,575714,575717,3,84
575630,575714,575716,2,84
575630,575714,575717,3,84
575630,575714,575716,2,84
575630,575714,575718,4,84
575630,575714,575717,3,84
575630,575714,575723,9,84
575235,575301,575723,422,66
575630,575715,575725,10,85
575630,575716,575726,10,86
575630,575715,575727,12,85
575630,575718,575727,9,88
575630,575715,575727,12,85
575630,575717,575727,10,87
575630,575715,575727,12,85
575630,575718,575728,10,88
575630,575715,575727,12,85
575630,575716,575728,12,86
575630,575718,575729,11,88
575630,575716,575729,13,86
575630,575716,575728,12,86
575630,575717,575728,11,87
575630,575717,575729,12,87
575630,575717,575730,13,87
575630,575717,575730,13,87
575630,575723,575734,11,93
575630,575727,575734,7,97
575630,575725,575735,10,95
575630,575724,575735,11,94
575630,575726,575736,10,96
575630,575728,575737,9,98
575630,575730,575737,7,100
575630,575729,575737,8,99
575630,575728,575737,9,98
575630,575727,575738,11,97
575630,575730,575737,7,100
575630,575729,575739,10,99
575630,575727,575739,12,97
575630,575735,575739,4,105
575630,575729,575739,10,99
575630,575728,575738,10,98
575630,575729,575738,9,99
575630,575727,575740,13,97
575630,575728,575739,11,98
575630,575729,575739,10,99
575630,575734,575739,5,104
575630,575736,575739,3,106
575630,575734,575739,5,104
575630,575738,575741,3,108
575630,575739,575741,2,109
575630,575735,575740,5,105
575630,575739,575742,3,109
575630,575737,575742,5,107
575630,575739,575742,3,109
575630,575737,575742,5,107
575630,575739,575742,3,109
575630,575739,575741,2,109
575630,575740,575743,3,110
575630,575740,575743,3,110
575630,575737,575742,5,107
575630,575739,575743,4,109
575630,575740,575742,2,110
575630,575737,575742,5,107
575630,575738,575742,4,108
575630,575740,575743,3,110
575630,575740,575743,3,110
575630,575741,575743,2,111
575630,575740,575743,3,110
575630,575741,575744,3,111
575630,575742,575745,3,112
575630,575741,575745,4,111
575630,575742,575744,2,112
575645,575743,575744,1,98
575645,575743,575745,2,98
575645,575742,575745,3,97
575645,575742,575745,3,97
575645,575743,575744,1,98
575645,575743,575745,2,98
575645,575743,575745,2,98
575645,575743,575745,2,98
575645,575743,575747,4,98
575645,575744,575748,4,99
575645,575744,575752,8,99
575645,575744,575754,10,99
575645,575745,575755,10,100
575645,575745,575756,11,100
575645,575746,575756,10,101
575645,575744,575756,12,99
575645,575745,575756,11,100
575645,575745,575756,11,100
575645,575745,575757,12,100
575645,575744,575757,13,99
575645,575747,575757,10,102
575645,575744,575756,12,99
575645,575747,575757,10,102
575645,575745,575757,12,100
575645,575745,575759,14,100
575645,575747,575759,12,102
575645,575746,575758,12,101
575645,575749,575761,12,104
575645,575756,575761,5,111
575645,575756,575762,6,111
575645,575752,575762,10,107
575645,575756,575762,6,111
575645,575757,575763,6,112
575645,575757,575762,5,112
575645,575758,575763,5,113
575645,575755,575763,8,110
575645,575756,575763,7,111
575645,575754,575764,10,109
575645,575759,575764,5,114
575645,575757,575763,6,112
575645,575757,575763,6,112
575645,575758,575765,7,113
575645,575759,575764,5,114
575645,575759,575765,6,114
575645,575756,575764,8,111
575645,575763,575766,3,118
575645,575763,575766,3,118
575645,575762,575766,4,117
575645,575762,575766,4,117
575645,575762,575767,5,117
575645,575761,575767,6,116
575645,575762,575767,5,117
575645,575763,575767,4,118
575645,575764,575768,4,119
575645,575766,575768,2,121
575645,575763,575768,5,118
575645,575764,575767,3,119
575645,575763,575767,4,118
575645,575764,575769,5,119
575645,575764,575768,4,119
575645,575765,575769,4,120
575645,575766,575769,3,121
575645,575765,575768,3,120
575645,575765,575769,4,120
575645,575766,575768,2,121
575645,575765,575768,3,120
575645,575767,575769,2,122
575645,575768,575769,1,123
575645,575766,575770,4,121
575645,575767,575770,3,122
575645,575767,575769,2,122
575645,575768,575769,1,123
575672,575769,575771,2,97
575645,575767,575770,3,122
575645,575768,575770,2,123
575645,575768,575770,2,123
575672,575769,575771,2,97
575672,575769,575772,3,97
575672,575770,575772,2,98
575672,575769,575772,3,97
575672,575769,575772,3,97
575672,575769,575771,2,97
575672,575769,575773,4,97
575672,575770,575772,2,98
575672,575770,575773,3,98
575672,575770,575778,8,98
575672,575770,575780,10,98
575672,575771,575781,10,99
575672,575772,575781,9,100
575672,575770,575782,12,98
575672,575771,575782,11,99
575672,575770,575782,12,98
575672,575771,575782,11,99
575672,575771,575782,11,99
575672,575774,575783,9,102
575672,575773,575783,10,101
575672,575771,575784,13,99
575672,575772,575784,12,100
575672,575772,575784,12,100
575672,575772,575783,11,100
575672,575773,575785,12,101
575672,575772,575786,14,100
575672,575783,575787,4,111
575672,575783,575789,6,111
575672,575781,575789,8,109
575672,575778,575789,11,106
575672,575784,575789,5,112
575672,575783,575790,7,111
575672,575785,575790,5,113
575672,575781,575790,9,109
575672,575780,575789,9,108
575672,575783,575789,6,111
575672,575783,575789,6,111
575672,575784,575791,7,112
575672,575785,575791,6,113
575672,575786,575792,6,114
575293,575353,575791,438,60
575672,575785,575791,6,113
575672,575782,575792,10,110
575672,575787,575791,4,115
575672,575782,575792,10,110
575672,575789,575793,4,117
575672,575789,575794,5,117
575672,575790,575794,4,118
575672,575789,575794,5,117
575672,575790,575793,3,118
575672,575789,575794,5,117
575672,575791,575794,3,119
575672,575793,575795,2,121
575672,575790,575795,5,118
575672,575791,575795,4,119
575672,575791,575796,5,119
575672,575791,575795,4,119
575672,575792,575795,3,120
575672,575792,575796,4,120
575672,575792,575795,3,120
575672,575794,575795,1,122
575672,575790,575795,5,118
575672,575792,575795,3,120
575672,575792,575796,4,120
575672,575794,575797,3,122
575672,575792,575796,4,120
575672,575795,575797,2,123
575672,575794,575796,2,122
575672,575795,575796,1,123
575672,575794,575796,2,122
575672,575795,575798,3,123
575672,575795,575798,3,123
575672,575794,575797,3,122
575673,575796,575798,2,123
575673,575797,575799,2,124
575673,575797,575799,2,124
575673,575796,575798,2,123
575673,575796,575798,2,123
575672,575796,575798,2,124
575672,575796,575798,2,124
575673,575797,575799,2,124
575673,575797,575800,3,124
575673,575797,575800,3,124
575673,575796,575799,3,123
575673,575797,575799,2,124
575673,575797,575802,5,124
575673,575798,575808,10,125
575673,575798,575809,11,125
575369,575497,575809,312,128
575673,575798,575809,11,125
575673,575800,575810,10,127
575673,575799,575810,11,126
575673,575799,575809,10,126
575673,575798,575811,13,125
575673,575799,575811,12,126
575673,575798,575811,13,125
575673,575800,575811,11,127
575673,575800,575812,12,127
575673,575799,575812,13,126
575673,575799,575811,12,126
575673,575800,575812,12,127
575673,575802,575812,10,129
575673,575800,575814,14,127
575673,575799,575814,15,126
575673,575808,575816,8,135
575673,575810,575817,7,137
575673,575811,575817,6,138
575673,575814,575818,4,141
575673,575814,575818,4,141
575673,575810,575818,8,137
575673,575813,575819,6,140
575673,575816,575819,3,143
575673,575811,575819,8,138
575673,575811,575820,9,138
575673,575809,575820,11,136
575673,575817,575819,2,144
575673,575813,575820,7,140
575673,575817,575819,2,144
575673,575809,575821,12,136
575673,575818,575821,3,145
575673,575811,575820,9,138
575673,575813,575821,8,140
575673,575812,575821,9,139
575673,575809,575821,12,136
575673,575812,575822,10,139
575673,575819,575822,3,146
575673,575819,575821,2,146
575673,575820,575822,2,147
575673,575818,575822,4,145
575673,575818,575821,3,145
575673,575811,575823,12,138
575673,575820,575823,3,147
575673,575819,575823,4,146
575673,575820,575822,2,147
575673,575820,575822,2,147
575673,575820,575824,4,147
575673,575821,575824,3,148
575673,575822,575824,2,149
575673,575822,575824,2,149
575673,575821,575824,3,148
575673,575821,575823,2,148
575673,575821,575823,2,148
575673,575822,575825,3,149
575673,575821,575824,3,148
575673,575822,575826,4,149
575673,575823,575826,3,150
575673,575822,575826,4,149
575673,575822,575825,3,149
575701,575824,575826,2,123
575673,575823,575826,3,150
575673,575822,575825,3,149
575673,575823,575825,2,150
575701,575823,575825,2,122
575701,575824,575825,1,123
575701,575824,575826,2,123
575701,575824,575827,3,123
575701,575825,575828,3,124
575701,575825,575827,2,124
575319,575406,575828,422,87
575701,575824,575827,3,123
575701,575824,575827,3,123
575701,575825,575831,6,124
575701,575826,575837,11,125
575701,575826,575837,11,125
575701,575827,575837,10,126
575701,575826,575837,11,125
575701,575826,575837,11,125
575701,575826,575838,12,125
575701,575828,575838,10,127
575701,575827,575837,10,126
575701,575828,575838,10,127
575701,575826,575838,12,125
575701,575827,575839,12,126
575701,575828,575839,11,127
575701,575828,575839,11,127
575701,575826,575840,14,125
575701,575827,575839,12,126
575701,575827,575840,13,126
575701,575828,575840,12,127
575701,575831,575842,11,130
575701,575838,575845,7,137
575701,575837,575845,8,136
575701,575837,575846,9,136
575701,575837,575845,8,136
575701,575837,575846,9,136
575701,575837,575846,9,136
575701,575839,575847,8,138
575701,575840,575847,7,139
575701,575840,575847,7,139
575701,575841,575848,7,140
575701,575838,575847,9,137
575701,575846,575848,2,145
575701,575838,575848,10,137
575701,575839,575847,8,138
575701,575846,575848,2,145
575701,575838,575848,10,137
575701,575842,575848,6,141
575701,575840,575849,9,139
575701,575840,575848,8,139
575701,575846,575850,4,145
575701,575848,575850,2,147
575701,575847,575850,3,146
575701,575848,575850,2,147
575701,575847,575850,3,146
575701,575847,575849,2,146
575701,575848,575851,3,147
575701,575848,575850,2,147
575701,575845,575850,5,144
575701,575848,575851,3,147
575701,575838,575850,12,137
575701,575848,575851,3,147
575701,575848,575850,2,147
575701,575848,575851,3,147
575701,575845,575850,5,144
575701,575849,575851,2,148
575701,575850,575852,2,149
575701,575848,575851,3,147
575701,575850,575851,1,149
575701,575850,575853,3,149
575701,575851,575853,2,150
575701,575850,575853,3,149
575701,575849,575852,3,148
575701,575850,575852,2,149
575709,575851,575854,3,142
575709,575851,575854,3,142
575709,575852,575853,1,143
575701,575851,575854,3,150
575701,575851,575854,3,150
575709,575851,575853,2,142
575709,575851,575854,3,142
575709,575851,575854,3,142
575701,575851,575853,2,150
575701,575851,575854,3,150
575709,575852,575854,2,143
575709,575852,575854,2,143
575709,575853,575856,3,144
575709,575853,575855,2,144
575709,575854,575864,10,145
575341,575437,575864,427,96
575709,575854,575864,10,145
575709,575854,575865,11,145
575709,575853,575865,12,144
575709,575855,575865,10,146
575709,575854,575866,12,145
575709,575853,575866,13,144
575709,575854,575866,12,145
575709,575854,575866,12,145
575709,575854,575867,13,145
575709,575854,575866,12,145
575709,575853,575866,13,144
575709,575854,575867,13,145
575709,575856,575867,11,147
575709,575855,575867,12,146
575709,575856,575868,12,147
575709,575855,575867,12,146
575709,575866,575874,8,157
575709,575865,575874,9,156
575709,575866,575875,9,157
575709,575864,575875,11,155
575709,575866,575875,9,157
575709,575868,575875,7,159
575709,575864,575874,10,155
575709,575868,575876,8,159
575709,575867,575876,9,158
575709,575868,575875,7,159
575709,575868,575877,9,159
575709,575865,575876,11,156
575709,575867,575876,9,158
575709,575866,575876,10,157
575709,575866,575878,12,157
575709,575875,575878,3,166
575709,575866,575878,12,157
575709,575875,575878,3,166
575709,575874,575879,5,165
575709,575875,575879,4,166
575709,575875,575879,4,166
575709,575867,575878,11,158
575709,575875,575880,5,166
575709,575877,575880,3,168
575709,575876,575880,4,167
575709,575874,575880,6,165
575709,575876,575880,4,167
575709,575878,575880,2,169
575709,575877,575880,3,168
575709,575877,575879,2,168
575709,575878,575879,1,169
575709,575878,575881,3,169
575709,575877,575880,3,168
575709,575868,575880,12,159
575709,575878,575881,3,169
575709,575876,575880,4,167
575709,575880,575882,2,171
575709,575879,575882,3,170
575709,575879,575882,3,170
575709,575880,575883,3,171
575709,575879,575882,3,170
575709,575880,575883,3,171
575709,575879,575883,4,170
575709,575880,575883,3,171
575709,575880,575883,3,171
575709,575880,575883,3,171
575709,575881,575882,1,172
575709,575880,575884,4,171
575727,575881,575884,3,154
575727,575882,575883,1,155
575727,575883,575885,2,156
575727,575881,575885,4,154
575727,575881,575884,3,154
575727,575881,575884,3,154
575727,575881,575884,3,154
575727,575882,575884,2,155
575727,575883,575886,3,156
575727,575883,575888,5,156
575727,575883,575893,10,156
575727,575883,575894,11,156
575727,575884,575895,11,157
575727,575883,575895,12,156
575727,575883,575895,12,156
575727,575883,575895,12,156
575727,575884,575896,12,157
575727,575885,575895,10,158
575727,575883,575895,12,156
575727,575884,575895,11,157
575727,575886,575897,11,159
575727,575886,575897,11,159
575727,575885,575897,12,158
575727,575885,575897,12,158
575727,575885,575897,12,158
575727,575885,575897,12,158
575727,575888,575899,11,161
575727,575893,575904,11,166
575727,575897,575905,8,170
575727,575894,575905,11,167
575727,575896,575905,9,169
575727,575897,575906,9,170
575727,575897,575906,9,170
575727,575897,575906,9,170
575727,575895,575905,10,168
575727,575899,575906,7,172
575727,575895,575907,12,168
575727,575898,575907,9,171
575727,575895,575907,12,168
575727,575896,575908,12,169
575727,575895,575908,13,168
575727,575897,575907,10,170
575727,575897,575907,10,170
575727,575898,575908,10,171
575727,575905,575909,4,178
575727,575905,575909,4,178
575727,575906,575910,4,179
575727,575907,575910,3,180
575727,575907,575910,3,180
575727,575906,575910,4,179
575727,575907,575911,4,180
575727,575907,575911,4,180
575727,575907,575911,4,180
575727,575908,575912,4,181
575727,575909,575912,3,182
575727,575906,575911,5,179
575727,575908,575913,5,181
575727,575910,575913,3,183
575727,575908,575912,4,181
575727,575910,575913,3,183
575727,575908,575912,4,181
575727,575909,575912,3,182
575727,575910,575913,3,183
575727,575911,575914,3,184
575727,575911,575913,2,184
575727,575911,575915,4,184
575727,575910,575914,4,183
575727,575904,575914,10,177
575727,575912,575915,3,185
575727,575912,575914,2,185
575727,575911,575914,3,184
575727,575913,575914,1,186
575727,575905,575914,9,178
575792,575914,575916,2,122
575727,575912,575915,3,185
575792,575914,575916,2,122
575727,575913,575915,2,186
575792,575914,575917,3,122
575792,575914,575917,3,122
575792,575914,575916,2,122
575792,575915,575918,3,123
575367,575469,575918,449,102
575792,575915,575918,3,123
575792,575915,575918,3,123
575792,575915,575918,3,123
575792,575915,575920,5,123
575792,575915,575925,10,123
575792,575915,575926,11,123
575792,575916,575926,10,124
575792,575915,575927,12,123
575792,575916,575928,12,124
575792,575916,575928,12,124
575792,575916,575928,12,124
575792,575916,575928,12,124
575792,575917,575929,12,125
575792,575918,575928,10,126
575792,575917,575929,12,125
575792,575920,575930,10,128
575792,575917,575929,12,125
575792,575918,575930,12,126
575792,575919,575931,12,127
575792,575918,575930,12,126
575792,575918,575930,12,126
575490,575631,575933,302,141
575792,575925,575933,8,133
575792,575926,575934,8,134
575792,575926,575934,8,134
575792,575927,575937,10,135
575792,575928,575937,9,136
575792,575928,575937,9,136
575792,575929,575939,10,137
575792,575931,575939,8,139
575792,575928,575939,11,136
575792,575929,575939,10,137
575792,575931,575939,8,139
575792,575933,575940,7,141
575792,575934,575940,6,142
575792,575934,575940,6,142
575792,575930,575941,11,138
575792,575931,575941,10,139
575792,575928,575940,12,136
575792,575930,575942,12,138
575792,575937,575942,5,145
575792,575936,575941,5,144
575792,575940,575942,2,148
575792,575937,575942,5,145
575792,575940,575943,3,148
575792,575939,575943,4,147
575792,575940,575943,3,148
575792,575937,575942,5,145
575792,575939,575943,4,147
575792,575939,575943,4,147
575792,575931,575942,11,139
575792,575941,575944,3,149
575792,575942,575944,2,150
575792,575942,575943,1,150
575792,575941,575944,3,149
575792,575930,575943,13,138
575792,575940,575943,3,148
575792,575942,575944,2,150
575792,575941,575943,2,149
575792,575941,575943,2,149
575792,575942,575944,2,150
575792,575943,575945,2,151
575792,575942,575944,2,150
575809,575944,575946,2,135
575792,575943,575946,3,151
575792,575943,575946,3,151
575792,575944,575946,2,152
575792,575943,575946,3,151
575792,575943,575947,4,151
575809,575944,575946,2,135
575809,575944,575947,3,135
575809,575944,575947,3,135
575792,575943,575946,3,151
575792,575943,575946,3,151
575809,575944,575946,2,135
575809,575945,575948,3,136
575809,575944,575947,3,135
575809,575945,575947,2,136
575401,575523,575948,425,122
575809,575944,575947,3,135
575809,575945,575950,5,136
575809,575946,575955,9,137
575809,575948,575957,9,139
575809,575948,575958,10,139
575809,575947,575957,10,138
575809,575946,575958,12,137
575809,575946,575958,12,137
575809,575947,575958,11,138
575809,575946,575958,12,137
575809,575948,575959,11,139
575809,575947,575959,12,138
575809,575947,575959,12,138
575809,575948,575959,11,139
575809,575946,575959,13,137
575809,575948,575959,11,139
575809,575948,575959,11,139
575809,575950,575959,9,141
575809,575948,575961,13,139
575809,575948,575960,12,139
575809,575955,575962,7,146
575809,575957,575964,7,148
575809,575962,575965,3,153
575809,575958,575966,8,149
575809,575958,575966,8,149
575809,575958,575966,8,149
575809,575958,575967,9,149
575809,575964,575967,3,155
575809,575959,575966,7,150
575809,575959,575967,8,150
575809,575962,575967,5,153
575809,575959,575967,8,150
575809,575960,575968,8,151
575809,575961,575968,7,152
575809,575965,575968,3,156
575809,575961,575967,6,152
575809,575960,575967,7,151
575809,575959,575969,10,150
575809,575966,575968,2,157
575809,575967,575969,2,158
575809,575967,575969,2,158
575809,575967,575969,2,158
575809,575967,575970,3,158
575809,575967,575970,3,158
575809,575960,575969,9,151
575809,575968,575970,2,159
575809,575966,575969,3,157
575809,575967,575969,2,158
575809,575966,575969,3,157
575809,575968,575970,2,159
575809,575968,575969,1,159
575809,575969,575971,2,160
575809,575958,575970,12,149
575809,575969,575971,2,160
575809,575969,575970,1,160
575809,575969,575970,1,160
575809,575958,575970,12,149
575809,575969,575971,2,160
575809,575969,575972,3,160
575809,575970,575972,2,161
575809,575968,575971,3,159
575809,575970,575972,2,161
575837,575970,575973,3,133
575809,575970,575972,2,161
575837,575971,575973,2,134
575809,575970,575972,2,161
575809,575970,575972,2,161
575837,575971,575973,2,134
575809,575970,575972,2,161
575809,575970,575972,2,161
575837,575971,575974,3,134
575837,575971,575974,3,134
575837,575971,575973,2,134
575837,575971,575973,2,134
575837,575971,575974,3,134
575837,575972,575976,4,135
575837,575972,575978,6,135
575452,575548,575979,431,96
575562,575687,575980,293,125
575837,575972,575983,11,135
575837,575973,575983,10,136
575837,575972,575983,11,135
575837,575976,575985,9,139
575837,575973,575985,12,136
575837,575974,575985,11,137
575837,575973,575985,12,136
575837,575973,575986,13,136
575837,575973,575986,13,136
575837,575973,575986,13,136
575837,575974,575986,12,137
575837,575973,575986,13,136
575837,575973,575986,13,136
575837,575974,575986,12,137
575837,575974,575986,12,137
575837,575976,575988,12,139
575837,575979,575988,9,142
575837,575978,575988,10,141
575837,575980,575990,10,143
575837,575986,575992,6,149
575837,575983,575993,10,146
575837,575983,575993,10,146
575837,575983,575993,10,146
575837,575990,575994,4,153
575837,575986,575994,8,149
575837,575987,575994,7,150
575837,575988,575994,6,151
575837,575985,575993,8,148
575837,575988,575995,7,151
575837,575986,575994,8,149
575837,575986,575994,8,149
575837,575986,575995,9,149
575837,575988,575995,7,151
575837,575993,575996,3,156
575837,575986,575996,10,149
575837,575992,575995,3,155
575837,575986,575995,9,149
575837,575989,575996,7,152
575837,575985,575995,10,148
575837,575987,575997,10,150
575837,575995,575997,2,158
575837,575993,575996,3,156
575837,575995,575997,2,158
575837,575995,575997,2,158
575837,575994,575996,2,157
575837,575995,575997,2,158
575837,575993,575996,3,156
575837,575994,575996,2,157
575837,575996,575997,1,159
575837,575995,575996,1,158
575837,575995,575998,3,158
575837,575996,575998,2,159
575837,575994,575997,3,157
575837,575996,575998,2,159
575837,575996,575999,3,159
575837,575995,575998,3,158
575837,575996,575998,2,159
575866,575997,575999,2,131
575837,575996,575998,2,159
575837,575997,576000,3,160
575837,575997,575999,2,160
575837,575997,576000,3,160
575866,575997,576000,3,131
575866,575997,575999,2,131
575866,575998,576000,2,132
575837,575997,575999,2,160
575837,575997,575999,2,160
575866,575998,576001,3,132
575837,575997,576000,3,160
575837,575997,576000,3,160
575866,575998,576002,4,132
575866,575999,576002,3,133
575866,575998,576001,3,132
575866,575999,576002,3,133
575866,575999,576006,7,133
575866,575999,576009,10,133
575866,576000,576010,10,134
575866,576000,576011,11,134
575866,576000,576011,11,134
575866,576000,576010,10,134
575866,576000,576010,10,134
575866,576000,576012,12,134
575866,576000,576012,12,134
575866,576000,576011,11,134
575866,576000,576011,11,134
575866,576002,576013,11,136
575866,576001,576013,12,135
575866,576001,576014,13,135
575866,576002,576014,12,136
575866,576002,576013,11,136
575866,576001,576013,12,135
575866,576003,576014,11,137
575588,575713,576017,304,125
575866,576006,576018,12,140
575866,576010,576018,8,144
575866,576009,576018,9,143
575866,576011,576020,9,145
575866,576013,576020,7,147
575866,576011,576021,10,145
575866,576012,576021,9,146
575866,576014,576021,7,148
575866,576014,576021,7,148
575866,576019,576021,2,153
575866,576015,576022,7,149
575866,576020,576022,2,154
575866,576017,576022,5,151
575866,576014,576022,8,148
575866,576011,576022,11,145
575866,576012,576021,9,146
575866,576014,576022,8,148
575866,576020,576023,3,154
575866,576018,576022,4,152
575866,576011,576022,11,145
575866,576013,576023,10,147
575866,576013,576023,10,147
575866,576021,576023,2,155
575866,576022,576024,2,156
575866,576012,576023,11,146
575866,576022,576024,2,156
575866,576022,576024,2,156
575866,576021,576023,2,155
575866,576022,576024,2,156
575866,576021,576023,2,155
575866,576022,576023,1,156
575866,576018,576025,7,152
575866,576023,576025,2,157
575866,576022,576024,2,156
575866,576023,576025,2,157
575866,576021,576024,3,155
575866,576021,576024,3,155
575866,576023,576025,2,157
575866,576023,576026,3,157
575866,576023,576026,3,157
575866,576024,576026,2,158
575866,576023,576025,2,157
575866,576023,576025,2,157
575866,576024,576025,1,158
575866,576024,576026,2,158
575928,576024,576026,2,96
575928,576025,576027,2,97
575866,576024,576026,2,158
575866,576024,576026,2,158
575866,576024,576026,2,158
575928,576025,576027,2,97
575928,576025,576028,3,97
575928,576025,576028,3,97
575928,576025,576027,2,97
575928,576026,576029,3,98
575928,576025,576029,4,97
575928,576025,576029,4,97
575463,575575,576030,455,112
575928,576026,576031,5,98
575928,576026,576037,11,98
575928,576027,576037,10,99
575928,576026,576037,11,98
575928,576026,576038,12,98
575928,576027,576038,11,99
575928,576028,576039,11,100
575928,576026,576038,12,98
575928,576030,576040,10,102
575928,576029,576040,11,101
575928,576027,576040,13,99
575928,576028,576040,12,100
575928,576029,576040,11,101
575928,576027,576040,13,99
575928,576028,576040,12,100
575928,576029,576040,11,101
575928,576028,576040,12,100
575928,576029,576041,12,101
575928,576029,576041,12,101
575928,576032,576043,11,104
575928,576039,576046,7,111
575928,576040,576046,6,112
575928,576038,576046,8,110
575928,576037,576047,10,109
575928,576041,576047,6,113
575928,576040,576047,7,112
575928,576038,576047,9,110
575928,576043,576048,5,115
575928,576041,576048,7,113
575928,576042,576047,5,114
575928,576041,576049,8,113
575928,576047,576049,2,119
575928,576047,576048,1,119
575928,576047,576049,2,119
575928,576039,576049,10,111
575928,576040,576048,8,112
575928,576040,576048,8,112
575928,576040,576049,9,112
575928,576040,576049,9,112
575928,576046,576049,3,118
575928,576047,576050,3,119
575928,576041,576050,9,113
575928,576046,576050,4,118
575928,576039,576049,10,111
575928,576049,576050,1,121
575928,576047,576049,2,119
575928,576039,576050,11,111
575928,576048,576051,3,120
575928,576048,576051,3,120
575928,576049,576050,1,121
575928,576049,576050,1,121
575928,576050,576051,1,122
575928,576048,576050,2,120
575928,576049,576052,3,121
575928,576049,576051,2,121
575928,576050,576052,2,122
575928,576049,576052,3,121
575928,576049,576052,3,121
575928,576050,576051,1,122
575928,576049,576051,2,121
575928,576049,576051,2,121
575928,576050,576052,2,122
575934,576051,576053,2,117
575928,576050,576052,2,122
575928,576050,576052,2,122
575928,576050,576052,2,122
575928,576050,576052,2,122
575934,576051,576052,1,117
575934,576051,576052,1,117
575934,576051,576054,3,117
575483,575602,576054,452,119
575934,576051,576054,3,117
575934,576052,576056,4,118
575934,576052,576056,4,118
575934,576052,576056,4,118
575934,576052,576057,5,118
575934,576052,576061,9,118
575934,576053,576062,9,119
575934,576052,576063,11,118
575934,576057,576064,7,123
575934,576053,576063,10,119
575934,576052,576064,12,118
575934,576053,576063,10,119
575934,576053,576065,12,119
575934,576061,576065,4,127
575934,576054,576064,10,120
575934,576055,576065,10,121
575934,576052,576064,12,118
575934,576052,576064,12,118
575934,576053,576066,13,119
575934,576053,576066,13,119
575934,576062,576065,3,128
575934,576063,576066,3,129
575934,576053,576066,13,119
575934,576056,576065,9,122
575934,576057,576065,8,123
575934,576054,576068,14,120
575934,576056,576067,11,122
575934,576064,576068,4,130
575934,576064,576067,3,130
575934,576065,576068,3,131
575934,576064,576069,5,130
575934,576065,576070,5,131
575934,576066,576070,4,132
575934,576065,576071,6,131
575934,576068,576071,3,134
575934,576066,576072,6,132
575934,576070,576072,2,136
575934,576066,576072,6,132
575934,576066,576071,5,132
575934,576068,576072,4,134
575934,576066,576073,7,132
575934,576070,576073,3,136
575934,576066,576073,7,132
575934,576068,576072,4,134
575934,576066,576073,7,132
575934,576065,576073,8,131
575934,576068,576073,5,134
575934,576068,576074,6,134
575934,576070,576073,3,136
575934,576071,576074,3,137
575934,576071,576073,2,137
575934,576072,576073,1,138
575934,576072,576073,1,138
575934,576065,576073,8,131
575934,576073,576075,2,139
575934,576072,576075,3,138
575934,576073,576075,2,139
575934,576072,576074,2,138
575934,576073,576075,2,139
575934,576072,576074,2,138
575934,576073,576076,3,139
575934,576073,576075,2,139
575934,576074,576076,2,140
575934,576065,576075,10,131
575934,576066,576075,9,132
575934,576073,576075,2,139
575934,576074,576077,3,140
575934,576074,576076,2,140
575958,576074,576077,3,116
575958,576075,576077,2,117
575934,576074,576076,2,140
575934,576074,576076,2,140
575934,576074,576076,2,140
575958,576075,576077,2,117
575958,576075,576078,3,117
575958,576075,576078,3,117
575958,576076,576078,2,118
575958,576076,576079,3,118
575958,576075,576078,3,117
575958,576076,576079,3,118
575958,576076,576081,5,118
575958,576076,576087,11,118
575958,576077,576087,10,119
575958,576077,576088,11,119
575958,576077,576089,12,119
575958,576077,576089,12,119
575958,576077,576089,12,119
575958,576077,576089,12,119
575958,576077,576089,12,119
575958,576078,576089,11,120
575958,576077,576090,13,119
575958,576078,576090,12,120
575958,576077,576089,12,119
575958,576081,576091,10,123
575958,576080,576092,12,122
575958,576078,576091,13,120
575958,576078,576091,13,120
575958,576079,576091,12,121
575958,576079,576093,14,121
575958,576089,576096,7,131
575958,576090,576097,7,132
575958,576087,576097,10,129
575958,576090,576098,8,132
575958,576090,576098,8,132
575958,576092,576098,6,134
575958,576088,576098,10,130
575958,576090,576098,8,132
575958,576090,576097,7,132
575958,576091,576097,6,133
575958,576093,576099,6,135
575958,576092,576099,7,134
575958,576097,576099,2,139
575958,576087,576098,11,129
575958,576089,576098,9,131
575958,576092,576098,6,134
575958,576096,576100,4,138
575958,576098,576100,2,140
575958,576098,576100,2,140
575958,576098,576100,2,140
575958,576098,576101,3,140
575958,576098,576101,3,140
575958,576098,576101,3,140
575958,576098,576101,3,140
575958,576092,576100,8,134
575958,576097,576101,4,139
575958,576099,576100,1,141
575958,576100,576101,1,142
575958,576099,576102,3,141
575958,576089,576102,13,131
575958,576100,576101,1,142
575958,576099,576101,2,141
575958,576089,576101,12,131
575958,576099,576101,2,141
575958,576099,576101,2,141
575958,576100,576101,1,142
575512,575660,576102,442,148
575958,576099,576103,4,141
575958,576101,576103,2,143
575958,576100,576103,3,142
575958,576101,576103,2,143
575958,576101,576103,2,143
575958,576101,576104,3,143
575984,576102,576104,2,118
575958,576101,576103,2,143
575958,576101,576103,2,143
575958,576102,576104,2,144
575958,576101,576103,2,143
575958,576101,576103,2,143
575984,576102,576105,3,118
575984,576102,576105,3,118
575984,576103,576106,3,119
575984,576103,576106,3,119
575984,576102,576106,4,118
575984,576103,576106,3,119
575984,576103,576106,3,119
575984,576103,576107,4,119
575984,576103,576106,3,119
575984,576103,576112,9,119
575984,576104,576114,10,120
575984,576103,576115,12,119
575984,576104,576115,11,120
575984,576107,576116,9,123
575984,576104,576116,12,120
575984,576104,576116,12,120
575984,576107,576117,10,123
575984,576104,576117,13,120
575984,576105,576116,11,121
575984,576104,576116,12,120
575984,576106,576117,11,122
575984,576105,576118,13,121
575984,576104,576118,14,120
575984,576107,576118,11,123
575984,576107,576117,10,123
575984,576106,576118,12,122
575984,576112,576119,7,128
575984,576106,576120,14,122
575984,576114,576122,8,130
575984,576115,576123,8,131
575984,576115,576123,8,131
575984,576117,576124,7,133
575984,576123,576125,2,139
575984,576117,576125,8,133
575984,576117,576125,8,133
575984,576122,576126,4,138
575984,576118,576126,8,134
575984,576120,576126,6,136
575984,576123,576126,3,139
575984,576116,576126,10,132
575984,576117,576125,8,133
575984,576119,576126,7,135
575984,576119,576125,6,135
575984,576118,576126,8,134
575984,576117,576126,9,133
575984,576116,576128,12,132
575984,576125,576128,3,141
575984,576125,576127,2,141
575984,576126,576127,1,142
575984,576118,576128,10,134
575984,576126,576128,2,142
575984,576126,576128,2,142
575984,576118,576127,9,134
575984,576124,576127,3,140
575984,576125,576127,2,141
575984,576126,576128,2,142
575984,576126,576129,3,142
575984,576127,576128,1,143
575984,576127,576129,2,143
575984,576116,576128,12,132
575984,576126,576128,2,142
575984,576127,576129,2,143
575984,576128,576130,2,144
575984,576127,576129,2,143
575984,576128,576130,2,144
575984,576128,576129,1,144
575984,576128,576129,1,144
575984,576128,576130,2,144
575984,576128,576131,3,144
575984,576128,576130,2,144
575984,576128,576131,3,144
575984,576129,576130,1,145
575984,576128,576130,2,144
575984,576128,576130,2,144
575984,576129,576131,2,145
575984,576129,576131,2,145
575984,576130,576132,2,146
575984,576129,576132,3,145
575984,576129,576132,3,145
575984,576129,576132,3,145
575984,576130,576133,3,146
575984,576130,576132,2,146
575984,576130,576132,2,146
575984,576130,576132,2,146
575984,576130,576137,7,146
575984,576133,576138,5,149
575984,576133,576138,5,149
575984,576134,576138,4,150
575984,576133,576138,5,149
575674,575823,576138,315,149
575984,576131,576138,7,147
575984,576137,576140,3,153
575984,576133,576140,7,149
575984,576131,576141,10,147
575984,576138,576141,3,154
575984,576132,576142,10,148
575984,576132,576142,10,148
575984,576132,576142,10,148
575984,576131,576142,11,147
575984,576131,576142,11,147
575984,576131,576142,11,147
575984,576132,576143,11,148
575984,576132,576143,11,148
575984,576138,576142,4,154
575984,576140,576144,4,156
575984,576140,576144,4,156
575984,576139,576144,5,155
575984,576138,576143,5,154
575984,576133,576143,10,149
575984,576140,576145,5,156
575984,576133,576144,11,149
575984,576141,576147,6,157
575984,576141,576148,7,157
575984,576144,576147,3,160
575984,576144,576147,3,160
575984,576140,576148,8,156
575984,576143,576149,6,159
575984,576143,576149,6,159
575984,576144,576148,4,160
575984,576142,576149,7,158
575984,576145,576149,4,161
575984,576145,576148,3,161
575984,576142,576150,8,158
575984,576143,576149,6,159
575984,576143,576150,7,159
575984,576144,576150,6,160
575984,576143,576150,7,159
575984,576142,576149,7,158
575984,576145,576149,4,161
575984,576149,576151,2,165
575984,576142,576150,8,158
575984,576149,576151,2,165
575984,576148,576152,4,164
575984,576149,576152,3,165
575984,576149,576151,2,165
575984,576150,576152,2,166
575984,576147,576151,4,163
575984,576148,576151,3,164
575984,576149,576151,2,165
575984,576149,576151,2,165
575984,576150,576152,2,166
575984,576150,576152,2,166
575984,576149,576152,3,165
575984,576151,576153,2,167
575984,576148,576153,5,164
575984,576150,576152,2,166
575984,576150,576152,2,166
575984,576151,576154,3,167
576018,576152,576154,2,134
575984,576151,576153,2,167
576018,576152,576154,2,134
576018,576152,576154,2,134
576018,576152,576154,2,134
576018,576152,576155,3,134
576018,576152,576155,3,134
576018,576152,576154,2,134
575984,576151,576154,3,167
576018,576153,576155,2,135
576018,576152,576154,2,134
576018,576153,576156,3,135
576018,576153,576158,5,135
576018,576156,576161,5,138
576018,576155,576161,6,137
576018,576154,576162,8,136
576018,576159,576162,3,141
576018,576155,576163,8,137
576018,576155,576163,8,137
576018,576154,576164,10,136
576018,576154,576164,10,136
576018,576153,576164,11,135
576018,576154,576163,9,136
576018,576157,576163,6,139
576018,576153,576164,11,135
576018,576155,576165,10,137
576018,576161,576165,4,143
576018,576153,576164,11,135
576018,576154,576164,10,136
576018,576161,576166,5,143
576018,576155,576165,10,137
576018,576162,576166,4,144
576018,576155,576165,10,137
576018,576162,576167,5,144
576018,576163,576166,3,145
576018,576164,576168,4,146
576018,576164,576168,4,146
576018,576163,576167,4,145
576018,576164,576170,6,146
576018,576164,576171,7,146
576018,576164,576171,7,146
576018,576166,576172,6,148
576018,576165,576172,7,147
576018,576166,576172,6,148
576018,576164,576172,8,146
576018,576167,576172,5,149
576018,576166,576173,7,148
576018,576167,576172,5,149
576018,576165,576172,7,147
576018,576165,576173,8,147
576018,576165,576172,7,147
576018,576166,576172,6,148
575631,575742,576174,432,111
576018,576168,576173,5,150
576018,576168,576173,5,150
576018,576168,576175,7,150
576018,576171,576175,4,153
576018,576172,576175,3,154
576018,576172,576176,4,154
576018,576173,576175,2,155
576018,576172,576176,4,154
576018,576174,576176,2,156
576018,576173,576176,3,155
576018,576172,576176,4,154
576018,576173,576177,4,155
576018,576174,576176,2,156
576018,576173,576176,3,155
576018,576173,576176,3,155
576018,576171,576176,5,153
576018,576171,576176,5,153
576018,576172,576176,4,154
576018,576175,576177,2,157
576018,576174,576178,4,156
576018,576175,576177,2,157
576018,576176,576178,2,158
576018,576176,576178,2,158
576018,576173,576177,4,155
576038,576176,576179,3,138
576038,576177,576179,2,139
576038,576176,576179,3,138
576018,576176,576178,2,158
576038,576176,576179,3,138
576038,576177,576180,3,139
576038,576177,576180,3,139
576038,576177,576180,3,139
576038,576177,576180,3,139
576038,576177,576184,7,139
576038,576178,576185,7,140
575710,575881,576185,304,171
576038,576178,576188,10,140
576038,576178,576188,10,140
576038,576178,576189,11,140
576038,576178,576188,10,140
576038,576178,576190,12,140
576038,576179,576190,11,141
576038,576179,576191,12,141
576038,576178,576191,13,140
576038,576179,576191,12,141
576038,576181,576192,11,143
576038,576179,576191,12,141
576038,576181,576191,10,143
576038,576185,576192,7,147
576038,576180,576192,12,142
576038,576185,576194,9,147
576038,576180,576194,14,142
576038,576181,576193,12,143
576038,576184,576195,11,146
576038,576190,576196,6,152
576038,576189,576196,7,151
576038,576188,576197,9,150
576038,576188,576196,8,150
576038,576189,576196,7,151
576038,576190,576198,8,152
576038,576191,576198,7,153
576038,576191,576199,8,153
575646,575768,576198,430,122
576038,576192,576198,6,154
576038,576191,576200,9,153
576038,576198,576200,2,160
576038,576192,576200,8,154
576038,576198,576200,2,160
576038,576193,576200,7,155
576038,576194,576201,7,156
576038,576192,576201,9,154
576038,576197,576201,4,159
576038,576198,576200,2,160
576038,576200,576201,1,162
576038,576199,576202,3,161
576038,576194,576202,8,156
576038,576194,576201,7,156
576038,576200,576202,2,162
576038,576198,576201,3,160
576038,576199,576201,2,161
576038,576200,576202,2,162
576038,576196,576201,5,158
576038,576200,576201,1,162
576038,576201,576202,1,163
576038,576201,576203,2,163
576038,576200,576202,2,162
576038,576201,576203,2,163
576038,576192,576203,11,154
576038,576196,576202,6,158
576038,576201,576203,2,163
576038,576195,576202,7,157
576038,576201,576203,2,163
576038,576202,576204,2,164
576038,576202,576204,2,164
576038,576201,576203,2,163
576038,576202,576204,2,164
576038,576202,576204,2,164
576038,576202,576205,3,164
576038,576202,576205,3,164
576038,576202,576204,2,164
576038,576202,576204,2,164
576038,576202,576204,2,164
576064,576203,576205,2,139
576064,576203,576205,2,139
576064,576203,576206,3,139
576064,576203,576206,3,139
576064,576203,576205,2,139
576064,576203,576206,3,139
576064,576203,576207,4,139
576064,576204,576208,4,140
576064,576203,576207,4,139
576064,576204,576211,7,140
576064,576205,576215,10,141
576064,576207,576216,9,143
576064,576206,576216,10,142
576064,576207,576216,9,143
576064,576205,576215,10,141
576064,576204,576216,12,140
576064,576204,576216,12,140
576064,576208,576217,9,144
576064,576205,576217,12,141
576064,576204,576217,13,140
576064,576205,576217,12,141
576064,576206,576218,12,142
576064,576208,576217,9,144
576064,576205,576217,12,141
576064,576205,576217,12,141
576064,576205,576217,12,141
576064,576206,576217,11,142
576064,576211,576219,8,147
576064,576216,576222,6,152
576064,576216,576221,5,152
576064,576216,576222,6,152
576064,576217,576222,5,153
576064,576217,576223,6,153
576064,576215,576224,9,151
576064,576217,576224,7,153
576064,576217,576223,6,153
576064,576216,576223,7,152
576064,576219,576225,6,155
576064,576220,576224,4,156
576064,576219,576225,6,155
576064,576218,576225,7,154
576064,576218,576225,7,154
576064,576218,576225,7,154
576064,576222,576226,4,158
576064,576218,576226,8,154
576064,576224,576226,2,160
576064,576222,576226,4,158
575673,575796,576227,431,123
576064,576225,576227,2,161
576064,576223,576226,3,159
576064,576225,576227,2,161
576064,576222,576227,5,158
576064,576219,576226,7,155
576064,576224,576227,3,160
576064,576225,576228,3,161
576064,576226,576228,2,162
576064,576222,576227,5,158
576064,576226,576228,2,162
576064,576225,576227,2,161
576064,576226,576228,2,162
576064,576226,576228,2,162
576064,576226,576229,3,162
576064,576219,576228,9,155
576064,576225,576228,3,161
576064,576226,576229,3,162
576064,576227,576228,1,163
576064,576226,576228,2,162
576064,576227,576229,2,163
576064,576228,576230,2,164
576064,576227,576229,2,163
576064,576228,576230,2,164
576103,576228,576230,2,125
576064,576227,576229,2,163
576064,576227,576229,2,163
576064,576228,576230,2,164
576064,576228,576231,3,164
576064,576228,576230,2,164
576103,576228,576230,2,125
576103,576228,576230,2,125
576103,576229,576231,2,126
576103,576229,576231,2,126
576103,576229,576232,3,126
576103,576229,576231,2,126
576103,576229,576231,2,126
576103,576230,576234,4,127
576103,576230,576237,7,127
576103,576232,576239,7,129
576103,576233,576239,6,130
576103,576234,576239,5,131
576103,576231,576240,9,128
576103,576232,576240,8,129
576103,576231,576240,9,128
576103,576237,576241,4,134
576103,576230,576240,10,127
576103,576231,576241,10,128
576103,576232,576242,10,129
576103,576230,576242,12,127
576103,576231,576242,11,128
576103,576230,576242,12,127
576103,576231,576243,12,128
576103,576239,576242,3,136
576103,576231,576242,11,128
576103,576232,576242,10,129
576103,576239,576243,4,136
576103,576230,576242,12,127
576103,576239,576242,3,136
576103,576231,576243,12,128
576103,576240,576245,5,137
576103,576240,576244,4,137
576103,576240,576246,6,137
576103,576241,576246,5,138
576103,576241,576246,5,138
576103,576243,576247,4,140
576103,576243,576248,5,140
576103,576244,576249,5,141
576103,576242,576249,7,139
576103,576242,576249,7,139
576103,576243,576248,5,140
576103,576242,576250,8,139
576103,576241,576250,9,138
576103,576245,576250,5,142
576103,576243,576250,7,140
576103,576247,576250,3,144
576103,576242,576250,8,139
576103,576243,576251,8,140
576103,576243,576250,7,140
576103,576246,576251,5,143
576103,576246,576250,4,143
576103,576246,576250,4,143
576103,576247,576251,4,144
576103,576249,576252,3,146
576103,576248,576251,3,145
576103,576250,576252,2,147
576103,576243,576252,9,140
576103,576250,576252,2,147
576103,576249,576252,3,146
576103,576250,576252,2,147
576103,576249,576253,4,146
576103,576250,576252,2,147
576103,576250,576252,2,147
576103,576249,576252,3,146
576103,576250,576252,2,147
576103,576252,576254,2,149
576103,576251,576253,2,148
576103,576251,576253,2,148
576103,576251,576253,2,148
576103,576252,576254,2,149
576103,576252,576253,1,149
576103,576252,576254,2,149
576103,576252,576255,3,149
576143,576253,576255,2,110
576143,576253,576255,2,110
576143,576253,576256,3,110
576103,576252,576255,3,149
576143,576253,576256,3,110
576143,576253,576255,2,110
576143,576253,576255,2,110
576143,576253,576256,3,110
576143,576253,576257,4,110
576143,576254,576256,2,111
576143,576254,576257,3,111
576143,576254,576261,7,111
576143,576257,576262,5,114
576143,576258,576263,5,115
576143,576257,576263,6,114
576143,576254,576264,10,111
576143,576261,576264,3,118
576143,576256,576263,7,113
576143,576256,576265,9,113
576143,576255,576265,10,112
576143,576256,576265,9,113
576143,576256,576265,9,113
576143,576256,576266,10,113
576143,576256,576266,10,113
576143,576255,576266,11,112
576143,576255,576266,11,112
576143,576256,576265,9,113
576143,576262,576266,4,119
576143,576256,576266,10,113
576143,576263,576267,4,120
576143,576255,576267,12,112
576143,576264,576269,5,121
576143,576263,576269,6,120
576143,576264,576269,5,121
576143,576264,576269,5,121
576143,576265,576270,5,122
576143,576265,576270,5,122
576143,576266,576272,6,123
576143,576265,576272,7,122
576143,576267,576272,5,124
576143,576269,576273,4,126
576143,576265,576273,8,122
576143,576266,576273,7,123
576143,576267,576273,6,124
576143,576270,576272,2,127
576143,576266,576273,7,123
576143,576267,576274,7,124
576143,576269,576274,5,126
576143,576269,576274,5,126
576143,576266,576274,8,123
576143,576267,576273,6,124
576143,576269,576273,4,126
576143,576270,576274,4,127
576143,576266,576274,8,123
576143,576272,576276,4,129
576143,576273,576276,3,130
576143,576274,576276,2,131
576143,576274,576276,2,131
576143,576273,576277,4,130
576143,576272,576277,5,129
576143,576274,576276,2,131
576143,576272,576277,5,129
576143,576273,576277,4,130
576143,576273,576276,3,130
576143,576276,576277,1,133
576143,576275,576278,3,132
576143,576274,576278,4,131
576143,576273,576277,4,130
576143,576274,576277,3,131
576143,576274,576277,3,131
576143,576274,576277,3,131
576143,576274,576277,3,131
576143,576276,576279,3,133
576143,576277,576279,2,134
576143,576277,576279,2,134
576174,576277,576279,2,103
576143,576276,576279,3,133
576174,576277,576280,3,103
576174,576277,576280,3,103
576174,576277,576279,2,103
576174,576278,576280,2,104
576174,576277,576279,2,103
576174,576278,576281,3,104
576174,576278,576281,3,104
576174,576278,576281,3,104
576174,576278,576282,4,104
575793,575944,576284,340,151
576174,576278,576285,7,104
575701,575851,576287,436,150
576174,576284,576287,3,110
576174,576282,576288,6,108
576174,576279,576288,9,105
576174,576280,576289,9,106
576174,576279,576289,10,105
576174,576279,576289,10,105
576174,576280,576289,9,106
576174,576282,576288,6,108
576174,576280,576290,10,106
576174,576279,576290,11,105
576174,576279,576290,11,105
576174,576285,576289,4,111
576174,576287,576291,4,113
576174,576287,576291,4,113
576174,576282,576290,8,108
576174,576279,576290,11,105
576174,576281,576290,9,107
576174,576280,576291,11,106
576174,576280,576292,12,106
576174,576288,576293,5,114
576174,576289,576293,4,115
576174,576288,576292,4,114
576174,576289,576293,4,115
576174,576289,576294,5,115
576174,576289,576294,5,115
576174,576290,576296,6,116
576174,576290,576296,6,116
576174,576291,576297,6,117
576174,576291,576297,6,117
576174,576290,576297,7,116
576174,576290,576297,7,116
576174,576292,576297,5,118
576174,576293,576296,3,119
576174,576291,576297,6,117
576174,576291,576297,6,117
576174,576293,576298,5,119
576174,576290,576297,7,116
576174,576291,576297,6,117
576174,576291,576298,7,117
576174,576293,576299,6,119
576174,576293,576299,6,119
576174,576294,576299,5,120
576174,576297,576300,3,123
576174,576294,576299,5,120
576174,576296,576301,5,122
576174,576299,576301,2,125
576174,576299,576301,2,125
576174,576297,576301,4,123
576174,576298,576301,3,124
576174,576299,576301,2,125
576174,576298,576301,3,124
576174,576298,576301,3,124
576174,576297,576302,5,123
576174,576296,576301,5,122
576174,576297,576302,5,123
576174,576298,576301,3,124
576174,576299,576302,3,125
576174,576297,576301,4,123
576174,576297,576301,4,123
576174,576298,576301,3,124
576189,576301,576303,2,112
576174,576301,576303,2,127
576174,576300,576302,2,126
576174,576301,576302,1,127
576174,576300,576304,4,126
576189,576301,576304,3,112
576189,576301,576303,2,112
576189,576301,576303,2,112
576189,576301,576303,2,112
576189,576302,576305,3,113
576189,576302,576304,2,113
576189,576302,576305,3,113
576189,576302,576306,4,113
576189,576302,576307,5,113
576189,576306,576310,4,117
576189,576302,576310,8,113
576189,576307,576312,5,118
576189,576306,576311,5,117
576189,576303,576313,10,114
576189,576303,576313,10,114
576189,576305,576314,9,116
576189,576304,576314,10,115
576189,576304,576313,9,115
576189,576305,576314,9,116
576189,576302,576314,12,113
576189,576310,576314,4,121
576189,576304,576313,9,115
576189,576304,576314,10,115
576189,576310,576315,5,121
576189,576302,576315,13,113
576189,576305,576314,9,116
576189,576304,576315,11,115
576189,576303,576315,12,114
576189,576312,576316,4,123
576189,576312,576317,5,123
576189,576313,576317,4,124
576189,576313,576317,4,124
576189,576317,576320,3,128
576189,576316,576321,5,127
576189,576317,576321,4,128
576189,576317,576321,4,128
576189,576315,576321,6,126
576189,576314,576321,7,125
576189,576314,576322,8,125
576189,576314,576322,8,125
576189,576315,576321,6,126
576189,576315,576322,7,126
576189,576317,576323,6,128
576189,576314,576323,9,125
576189,576315,576323,8,126
576189,576316,576323,7,127
576189,576314,576323,9,125
576189,576320,576324,4,131
576189,576314,576324,10,125
576189,576314,576324,10,125
576189,576321,576324,3,132
576189,576321,576325,4,132
576189,576322,576325,3,133
576189,576324,576326,2,135
576189,576321,576326,5,132
576189,576321,576325,4,132
576189,576322,576326,4,133
576189,576323,576327,4,134
576189,576322,576327,5,133
576189,576323,576327,4,134
576189,576322,576326,4,133
576189,576323,576327,4,134
576189,576323,576327,4,134
576189,576324,576327,3,135
576189,576325,576326,1,136
576189,576323,576327,4,134
576189,576322,576327,5,133
576189,576326,576327,1,137
576189,576326,576327,1,137
576189,576325,576328,3,136
576189,576326,576329,3,137
576189,576325,576328,3,136
576189,576326,576329,3,137
576200,576328,576329,1,128
576189,576326,576328,2,137
576200,576327,576330,3,127
576200,576327,576330,3,127
576200,576327,576330,3,127
576200,576327,576329,2,127
576200,576327,576329,2,127
576200,576327,576329,2,127
576200,576328,576331,3,128
576200,576328,576331,3,128
576200,576328,576330,2,128
576200,576328,576333,5,128
576200,576331,576335,4,131
576200,576331,576336,5,131
576200,576333,576336,3,133
576200,576329,576338,9,129
576200,576329,576339,10,129
576200,576331,576339,8,131
576200,576329,576339,10,129
576200,576336,576338,2,136
576200,576336,576339,3,136
576200,576330,576340,10,130
576200,576330,576340,10,130
576200,576336,576340,4,136
576200,576330,576341,11,130
576200,576329,576341,12,129
576200,576330,576341,11,130
576200,576329,576340,11,129
576200,576338,576341,3,138
576200,576329,576340,11,129
576200,576330,576340,10,130
576200,576330,576343,13,130
576200,576339,576343,4,139
576200,576339,576344,5,139
576200,576339,576343,4,139
576200,576339,576344,5,139
576200,576339,576344,5,139
576200,576341,576346,5,141
576200,576340,576347,7,140
575866,576024,576347,323,158
576200,576342,576348,6,142
576200,576344,576348,4,144
576200,576340,576348,8,140
576200,576340,576348,8,140
576200,576344,576348,4,144
575728,575913,576349,436,185
576200,576344,576348,4,144
576200,576341,576348,7,141
576200,576344,576349,5,144
576200,576341,576348,7,141
576200,576343,576348,5,143
576200,576341,576350,9,141
576200,576343,576350,7,143
576200,576341,576350,9,141
576200,576341,576349,8,141
576200,576346,576351,5,146
576200,576348,576351,3,148
576200,576350,576352,2,150
576200,576349,576352,3,149
576200,576349,576352,3,149
576200,576349,576352,3,149
576200,576350,576352,2,150
576200,576348,576352,4,148
576200,576350,576353,3,150
576200,576350,576353,3,150
576200,576348,576353,5,148
576200,576349,576353,4,149
576200,576348,576352,4,148
576200,576349,576353,4,149
576200,576349,576353,4,149
576200,576351,576352,1,151
576200,576347,576352,5,147
576200,576351,576352,1,151
576200,576352,576354,2,152
576200,576347,576353,6,147
576228,576353,576355,2,125
576228,576353,576355,2,125
576200,576352,576355,3,152
576228,576353,576355,2,125
576228,576353,576355,2,125
576228,576352,576355,3,124
576200,576348,576356,8,148
576228,576353,576355,2,125
576200,576352,576355,3,152
576228,576353,576355,2,125
576228,576352,576355,3,124
576228,576353,576355,2,125
576228,576353,576355,2,125
576228,576353,576358,5,125
576228,576357,576360,3,129
576228,576353,576360,7,125
576228,576357,576361,4,129
576228,576356,576362,6,128
576228,576358,576361,3,130
576228,576360,576362,2,132
576228,576354,576363,9,126
576228,576356,576364,8,128
576228,576355,576365,10,127
576228,576355,576365,10,127
576228,576361,576364,3,133
576228,576361,576365,4,133
576228,576355,576365,10,127
576228,576355,576364,9,127
576228,576355,576365,10,127
576228,576356,576365,9,128
576228,576363,576367,4,135
576228,576362,576366,4,134
576228,576355,576367,12,127
576228,576362,576367,5,134
576228,576354,576367,13,126
576228,576363,576368,5,135
576228,576356,576368,12,128
576228,576356,576369,13,128
576228,576364,576370,6,136
576228,576368,576371,3,140
576228,576365,576372,7,137
576228,576367,576373,6,139
576228,576368,576372,4,140
576228,576367,576373,6,139
576228,576369,576374,5,141
576228,576367,576374,7,139
576228,576365,576373,8,137
576228,576367,576374,7,139
576228,576367,576374,7,139
576228,576365,576375,10,137
576228,576369,576375,6,141
576228,576373,576376,3,145
576228,576372,576376,4,144
576228,576371,576376,5,143
576228,576374,576377,3,146
576228,576371,576376,5,143
576228,576373,576377,4,145
576228,576365,576377,12,137
576228,576365,576378,13,137
576228,576374,576378,4,146
576228,576366,576377,11,138
576228,576373,576378,5,145
576228,576375,576377,2,147
576228,576374,576378,4,146
576228,576374,576378,4,146
576228,576376,576379,3,148
576228,576377,576378,1,149
576228,576374,576379,5,146
576228,576375,576378,3,147
576228,576366,576378,12,138
576228,576376,576378,2,148
576228,576376,576378,2,148
576228,576377,576378,1,149
576228,576378,576380,2,150
576228,576378,576380,2,150
576228,576377,576380,3,149
576228,576377,576379,2,149
575934,576074,576379,305,140
576291,576379,576380,1,88
576291,576378,576380,2,87
576291,576379,576381,2,88
576291,576378,576380,2,87
576228,576378,576380,2,150
576291,576378,576380,2,87
576291,576380,576382,2,89
576291,576379,576382,3,88
576291,576379,576382,3,88
576291,576379,576381,2,88
576291,576379,576383,4,88
576291,576380,576385,5,89
576291,576383,576386,3,92
576291,576382,576387,5,91
576291,576382,576388,6,91
576291,576385,576388,3,94
576291,576380,576389,9,89
576291,576381,576390,9,90
576291,576380,576390,10,89
576291,576382,576390,8,91
576291,576382,576390,8,91
576291,576380,576391,11,89
576291,576386,576390,4,95
576291,576380,576391,11,89
576291,576382,576391,9,91
576291,576387,576392,5,96
576291,576388,576392,4,97
576291,576380,576391,11,89
576291,576381,576391,10,90
576291,576380,576392,12,89
576291,576380,576392,12,89
576291,576382,576393,11,91
576291,576388,576393,5,97
576291,576389,576393,4,98
576291,576390,576394,4,99
576291,576390,576396,6,99
576291,576393,576397,4,102
576291,576394,576397,3,103
576291,576392,576397,5,101
576291,576393,576397,4,102
576291,576392,576398,6,101
576291,576394,576397,3,103
576291,576393,576398,5,102
576291,576392,576398,6,101
576291,576390,576398,8,99
576291,576391,576398,7,100
576291,576392,576399,7,101
576291,576391,576399,8,100
576291,576392,576399,7,101
576291,576390,576399,9,99
576291,576397,576400,3,106
576291,576391,576399,8,100
576291,576391,576399,8,100
576291,576398,576401,3,107
576291,576398,576401,3,107
576291,576396,576400,4,105
576291,576397,576400,3,106
576291,576398,576402,4,107
576291,576399,576402,3,108
576291,576398,576402,4,107
576291,576397,576401,4,106
576291,576401,576402,1,110
576291,576398,576401,3,107
576291,576400,576403,3,109
576291,576401,576402,1,110
576291,576399,576403,4,108
576291,576398,576403,5,107
576291,576399,576402,3,108
576291,576401,576403,2,110
576291,576398,576402,4,107
576291,576399,576402,3,108
576291,576402,576404,2,111
576291,576400,576403,3,109
576291,576402,576404,2,111
576291,576400,576403,3,109
576291,576402,576405,3,111
576291,576402,576404,2,111
576291,576403,576405,2,112
576291,576402,576405,3,111
576291,576402,576404,2,111
576291,576403,576405,2,112
576291,576402,576406,4,111
576291,576403,576405,2,112
576291,576403,576406,3,112
576291,576403,576406,3,112
575810,575970,576413,443,160
576291,576403,576413,10,112
576291,576405,576414,9,114
576291,576406,576415,9,115
576291,576405,576415,10,114
576291,576405,576415,10,114
576291,576404,576415,11,113
576291,576404,576416,12,113
576291,576403,576415,12,112
576291,576405,576416,11,114
576291,576405,576416,11,114
576291,576406,576415,9,115
576291,576403,576415,12,112
576291,576404,576416,12,113
576291,576406,576415,9,115
576291,576406,576417,11,115
576291,576406,576418,12,115
576291,576404,576417,13,113
576291,576414,576419,5,123
576291,576415,576420,5,124
576291,576413,576420,7,122
576291,576413,576421,8,122
576291,576415,576421,6,124
576291,576415,576421,6,124
576291,576419,576423,4,128
576291,576417,576423,6,126
576291,576416,576424,8,125
576291,576418,576424,6,127
576291,576416,576424,8,125
576291,576418,576424,6,127
576291,576416,576424,8,125
576291,576416,576424,8,125
576291,576415,576425,10,124
576291,576417,576425,8,126
576291,576420,576424,4,129
576291,576416,576424,8,125
576291,576421,576424,3,130
576291,576421,576425,4,130
576291,576416,576426,10,125
576291,576422,576426,4,131
576291,576416,576425,9,125
576291,576420,576425,5,129
576291,576423,576426,3,132
576291,576424,576427,3,133
576291,576424,576427,3,133
576291,576423,576427,4,132
576291,576424,576427,3,133
576291,576424,576427,3,133
576291,576425,576428,3,134
576291,576424,576427,3,133
576291,576426,576429,3,135
576291,576426,576428,2,135
576291,576425,576428,3,134
576291,576427,576429,2,136
576291,576424,576429,5,133
576291,576427,576429,2,136
576291,576425,576428,3,134
576291,576427,576428,1,136
576291,576426,576430,4,135
576291,576428,576430,2,137
576291,576425,576430,5,134
576291,576425,576430,5,134
576291,576425,576430,5,134
576291,576426,576429,3,135
576291,576427,576431,4,136
576291,576428,576430,2,137
576348,576430,576431,1,82
576348,576430,576432,2,82
576291,576428,576431,3,137
576348,576429,576432,3,81
576348,576429,576431,2,81
576348,576429,576433,4,81
576348,576429,576433,4,81
576348,576430,576433,3,82
576348,576429,576432,3,81
576348,576430,576434,4,82
575838,575997,576439,442,159
576348,576430,576439,9,82
576348,576431,576441,10,83
576348,576432,576442,10,84
576348,576430,576442,12,82
576348,576432,576442,10,84
576348,576432,576443,11,84
576348,576432,576443,11,84
576348,576430,576443,13,82
576348,576432,576442,10,84
576348,576433,576444,11,85
576348,576430,576444,14,82
576348,576431,576444,13,83
576348,576433,576445,12,85
576348,576433,576444,11,85
576348,576433,576445,12,85
576348,576434,576446,12,86
576348,576439,576450,11,91
576348,576439,576450,11,91
576348,576442,576450,8,94
576348,576441,576450,9,93
576348,576443,576452,9,95
576348,576446,576451,5,98
576348,576442,576452,10,94
576348,576443,576453,10,95
576348,576444,576453,9,96
576348,576443,576453,10,95
576348,576450,576454,4,102
576348,576452,576454,2,104
576348,576445,576454,9,97
576348,576444,576454,10,96
576348,576442,576454,12,94
576348,576450,576453,3,102
576348,576452,576454,2,104
576348,576445,576453,8,97
576348,576443,576454,11,95
576348,576452,576455,3,104
576348,576450,576455,5,102
576348,576444,576455,11,96
576348,576453,576455,2,105
576348,576451,576454,3,103
576348,576453,576454,1,105
576348,576454,576455,1,106
576348,576445,576454,9,97
576348,576453,576455,2,105
576348,576454,576455,1,106
576348,576454,576457,3,106
576348,576454,576457,3,106
576348,576454,576457,3,106
576348,576454,576456,2,106
576348,576455,576457,2,107
576348,576454,576456,2,106
576348,576455,576457,2,107
576348,576455,576456,1,107
576348,576454,576456,2,106
576348,576455,576457,2,107
576348,576455,576457,2,107
576348,576455,576457,2,107
576348,576455,576459,4,107
576348,576455,576459,4,107
576348,576456,576459,3,108
576348,576455,576459,4,107
576348,576455,576459,4,107
576349,576457,576459,2,108
576348,576457,576460,3,109
576348,576457,576460,3,109
576348,576457,576460,3,109
576349,576457,576459,2,108
576349,576457,576459,2,108
576348,576457,576460,3,109
576349,576458,576460,2,109
576349,576459,576461,2,110
576349,576457,576460,3,108
576349,576459,576461,2,110
576349,576458,576461,3,109
576349,576459,576462,3,110
576349,576459,576463,4,110
576349,576463,576467,4,114
576349,576462,576469,7,113
576349,576461,576469,8,112
576349,576461,576470,9,112
576349,576460,576470,10,111
576349,576461,576469,8,112
576349,576459,576471,12,110
576349,576461,576471,10,112
576349,576461,576471,10,112
576349,576459,576471,12,110
576349,576467,576470,3,118
576349,576460,576471,11,111
576349,576459,576471,12,110
576349,576461,576471,10,112
576349,576460,576471,11,111
576349,576469,576472,3,120
576349,576460,576471,11,111
576349,576461,576471,10,112
576349,576469,576473,4,120
576349,576470,576474,4,121
576349,576470,576474,4,121
576349,576470,576475,5,121
576349,576474,576477,3,125
576349,576471,576478,7,122
576349,576472,576478,6,123
576349,576473,576479,6,124
576349,576473,576479,6,124
576349,576472,576479,7,123
576349,576471,576479,8,122
576349,576474,576479,5,125
576349,576472,576479,7,123
576349,576472,576480,8,123
576349,576471,576480,9,122
575986,576152,576479,327,166
576349,576475,576479,4,126
576349,576478,576480,2,129
576349,576471,576479,8,122
576349,576473,576479,6,124
576349,576477,576481,4,128
576349,576472,576480,8,123
576349,576471,576481,10,122
576349,576479,576482,3,130
576349,576479,576483,4,130
576349,576479,576483,4,130
576349,576479,576483,4,130
576349,576480,576483,3,131
576349,576479,576483,4,130
576349,576480,576483,3,131
576349,576479,576484,5,130
576349,576479,576484,5,130
576349,576480,576484,4,131
576349,576480,576484,4,131
576349,576480,576483,3,131
576349,576483,576484,1,134
576349,576481,576483,2,132
576349,576480,576485,5,131
576349,576481,576484,3,132
576349,576483,576485,2,134
576349,576482,576484,2,133
576349,576482,576486,4,133
576349,576483,576486,3,134
576349,576483,576485,2,134
576349,576483,576486,3,134
576349,576480,576485,5,131
576349,576483,576485,2,134
576380,576484,576486,2,104
576380,576484,576486,2,104
576349,576484,576486,2,135
576380,576484,576487,3,104
576380,576484,576487,3,104
576380,576484,576488,4,104
576380,576485,576488,3,105
576380,576485,576488,3,105
576380,576485,576489,4,105
576380,576485,576489,4,105
576380,576486,576495,9,106
576380,576486,576496,10,106
576380,576486,576496,10,106
576380,576486,576496,10,106
576380,576486,576497,11,106
576380,576488,576498,10,108
576380,576486,576498,12,106
576380,576486,576498,12,106
576380,576486,576499,13,106
576380,576486,576499,13,106
576380,576487,576499,12,107
576380,576489,576500,11,109
576380,576488,576500,12,108
576380,576488,576500,12,108
576380,576488,576500,12,108
576380,576489,576501,12,109
576380,576499,576504,5,119
576380,576500,576504,4,120
576380,576498,576504,6,118
576380,576499,576504,5,119
575929,576051,576505,454,122
576380,576499,576505,6,119
576380,576502,576505,3,122
576380,576498,576505,7,118
576380,576497,576505,8,117
576380,576496,576505,9,116
576380,576504,576506,2,124
576380,576496,576506,10,116
576380,576504,576505,1,124
576380,576501,576505,4,121
576380,576501,576505,4,121
576380,576502,576505,3,122
576380,576498,576507,9,118
576380,576505,576507,2,125
576380,576504,576507,3,124
576380,576505,576507,2,125
576380,576505,576508,3,125
576380,576505,576507,2,125
576380,576504,576507,3,124
576380,576506,576508,2,126
576380,576496,576507,11,116
576380,576506,576507,1,126
576380,576506,576507,1,126
576380,576505,576507,2,125
576380,576506,576507,1,126
576380,576506,576507,1,126
576380,576507,576509,2,127
576380,576507,576509,2,127
576380,576506,576508,2,126
576380,576506,576509,3,126
576380,576507,576509,2,127
576380,576508,576510,2,128
576380,576508,576510,2,128
576380,576497,576509,12,117
576380,576508,576510,2,128
576380,576508,576510,2,128
576380,576508,576511,3,128
576380,576508,576511,3,128
576380,576508,576510,2,128
576380,576508,576510,2,128
576380,576508,576511,3,128
576380,576508,576510,2,128
576380,576508,576511,3,128
576380,576509,576512,3,129
576380,576509,576512,3,129
576380,576510,576512,2,130
576380,576509,576511,2,129
576415,576510,576512,2,95
576415,576511,576513,2,96
576415,576510,576513,3,95
576415,576510,576512,2,95
576415,576511,576514,3,96
576415,576510,576514,4,95
576415,576510,576513,3,95
576415,576511,576514,3,96
576415,576511,576514,3,96
576415,576511,576519,8,96
576415,576515,576523,8,100
576415,576511,576523,12,96
576415,576514,576524,10,99
576415,576511,576524,13,96
576415,576513,576523,10,98
576415,576512,576524,12,97
576415,576513,576524,11,98
576415,576512,576524,12,97
576038,576202,576525,323,164
576415,576514,576525,11,99
576415,576512,576524,12,97
576415,576513,576525,12,98
576415,576516,576524,8,101
576415,576514,576524,10,99
576415,576512,576525,13,97
576415,576513,576525,12,98
576415,576519,576529,10,104
576415,576523,576530,7,108
576415,576525,576531,6,110
576415,576526,576532,6,111
576415,576523,576532,9,108
576415,576525,576532,7,110
576415,576525,576533,8,110
576415,576524,576532,8,109
576415,576524,576532,8,109
576415,576529,576534,5,114
576415,576525,576534,9,110
576415,576526,576533,7,111
576415,576524,576533,9,109
576415,576526,576534,8,111
576415,576530,576533,3,115
576415,576531,576534,3,116
576415,576525,576534,9,110
576415,576532,576535,3,117
576415,576532,576535,3,117
576415,576524,576534,10,109
576415,576524,576534,10,109
576415,576533,576535,2,118
576415,576524,576535,11,109
576415,576533,576535,2,118
576415,576534,576536,2,119
576415,576533,576536,3,118
576415,576532,576535,3,117
576415,576534,576537,3,119
576415,576534,576537,3,119
576415,576534,576537,3,119
576415,576534,576536,2,119
576415,576534,576536,2,119
576415,576535,576538,3,120
576415,576535,576538,3,120
576415,576534,576537,3,119
576415,576535,576539,4,120
576415,576535,576539,4,120
576415,576535,576539,4,120
576415,576536,576538,2,121
576415,576536,576539,3,121
576415,576537,576539,2,122
576415,576535,576538,3,120
576415,576536,576539,3,121
576415,576535,576538,3,120
576415,576537,576538,1,122
576415,576537,576540,3,122
576415,576538,576540,2,123
576415,576537,576539,2,122
576415,576537,576540,3,122
576415,576537,576540,3,122
576442,576539,576541,2,97
576442,576539,576542,3,97
576442,576539,576541,2,97
576442,576538,576542,4,96
576442,576539,576542,3,97
576442,576539,576541,2,97
576442,576539,576543,4,97
576442,576539,576542,3,97
576442,576539,576543,4,97
576442,576539,576548,9,97
576442,576539,576550,11,97
576442,576540,576551,11,98
576442,576540,576552,12,98
576442,576540,576553,13,98
576442,576542,576552,10,100
576442,576542,576553,11,100
576442,576541,576553,12,99
576442,576541,576553,12,99
575959,576102,576554,452,143
576442,576542,576554,12,100
576442,576542,576555,13,100
576442,576541,576554,13,99
576442,576542,576554,12,100
576442,576543,576555,12,101
576442,576543,576557,14,101
576442,576543,576558,15,101
576442,576548,576558,10,106
576442,576550,576560,10,108
576442,576553,576561,8,111
576442,576553,576561,8,111
576442,576551,576562,11,109
576442,576558,576562,4,116
576442,576553,576562,9,111
576442,576553,576563,10,111
576442,576561,576564,3,119
576442,576561,576563,2,119
576442,576556,576564,8,114
576442,576558,576564,6,116
576442,576555,576564,9,113
576442,576555,576564,9,113
576442,576560,576564,4,118
576442,576562,576565,3,120
576442,576552,576565,13,110
576442,576557,576565,8,115
576442,576555,576564,9,113
576442,576553,576564,11,111
576442,576562,576564,2,120
576442,576564,576566,2,122
576442,576562,576565,3,120
576442,576564,576566,2,122
576442,576564,576565,1,122
576442,576564,576565,1,122
576442,576565,576566,1,123
576442,576564,576566,2,122
576442,576564,576566,2,122
576442,576554,576565,11,112
576442,576564,576566,2,122
576442,576563,576566,3,121
576442,576554,576567,13,112
576442,576565,576568,3,123
576442,576565,576568,3,123
576442,576565,576568,3,123
576442,576565,576567,2,123
576442,576565,576567,2,123
576442,576566,576568,2,124
576442,576566,576568,2,124
576442,576566,576569,3,124
576442,576566,576569,3,124
576442,576566,576569,3,124
576442,576566,576569,3,124
576442,576566,576569,3,124
576442,576566,576569,3,124
576442,576567,576570,3,125
576442,576566,576569,3,124
576442,576566,576569,3,124
576442,576566,576569,3,124
576481,576568,576570,2,87
576481,576569,576571,2,88
576481,576568,576570,2,87
576481,576568,576572,4,87
576481,576568,576572,4,87
576064,576228,576572,344,164
576481,576568,576572,4,87
576481,576569,576573,4,88
576481,576569,576572,3,88
576481,576569,576572,3,88
576481,576569,576576,7,88
576481,576569,576579,10,88
576481,576572,576581,9,91
576481,576570,576581,11,89
576481,576570,576582,12,89
576481,576571,576582,11,90
576481,576569,576582,13,88
576481,576570,576582,12,89
576481,576571,576582,11,90
576481,576572,576582,10,91
576481,576573,576584,11,92
576481,576572,576584,12,91
576481,576570,576583,13,89
576481,576572,576584,12,91
576481,576574,576584,10,93
576481,576573,576585,12,92
575985,576151,576585,434,166
576481,576573,576585,12,92
576481,576584,576586,2,103
576481,576576,576586,10,95
576481,576585,576587,2,104
576481,576585,576587,2,104
576481,576585,576586,1,104
576481,576584,576587,3,103
576481,576584,576587,3,103
576481,576582,576588,6,101
576481,576586,576588,2,105
576481,576585,576588,3,104
576481,576579,576589,10,98
576481,576586,576588,2,105
576481,576587,576589,2,106
576481,576587,576589,2,106
576481,576586,576589,3,105
576481,576581,576588,7,100
576481,576588,576589,1,107
576481,576584,576590,6,103
576481,576584,576589,5,103
576481,576587,576589,2,106
576481,576588,576589,1,107
576481,576582,576589,7,101
576481,576588,576590,2,107
576481,576587,576589,2,106
576481,576582,576589,7,101
576481,576587,576591,4,106
576481,576589,576591,2,108
576481,576589,576591,2,108
576481,576582,576590,8,101
576481,576589,576592,3,108
576481,576589,576591,2,108
576481,576582,576591,9,101
576481,576589,576592,3,108
576481,576590,576592,2,109
576481,576589,576591,2,108
576481,576589,576591,2,108
576481,576590,576591,1,109
576481,576590,576591,1,109
576481,576590,576591,1,109
576481,576590,576591,1,109
576481,576591,576593,2,110
576481,576590,576593,3,109
576481,576590,576592,2,109
576481,576590,576592,2,109
576481,576591,576594,3,110
576481,576592,576594,2,111
576481,576591,576593,2,110
576481,576592,576593,1,111
576505,576592,576594,2,87
576505,576592,576595,3,87
576481,576591,576594,3,110
576505,576592,576595,3,87
576505,576592,576595,3,87
576505,576592,576596,4,87
576505,576592,576595,3,87
576505,576592,576595,3,87
576505,576592,576595,3,87
576505,576593,576597,4,88
576505,576595,576604,9,90
576505,576593,576605,12,88
576505,576595,576605,10,90
576505,576595,576605,10,90
576505,576593,576606,13,88
576505,576593,576606,13,88
576505,576594,576606,12,89
576505,576597,576605,8,92
576505,576596,576605,9,91
576505,576596,576605,9,91
576505,576595,576606,11,90
576505,576594,576607,13,89
576505,576595,576607,12,90
576505,576596,576607,11,91
576505,576596,576607,11,91
576505,576595,576609,14,90
576505,576595,576610,15,90
576505,576610,576612,2,105
576505,576609,576613,4,104
576505,576605,576613,8,100
576505,576606,576614,8,101
576505,576608,576614,6,103
576505,576613,576615,2,108
576505,576613,576615,2,108
576505,576605,576615,10,100
576505,576606,576616,10,101
576505,576609,576615,6,104
576505,576613,576616,3,108
576505,576607,576616,9,102
576505,576614,576615,1,109
576505,576605,576615,10,100
576505,576614,576615,1,109
576505,576606,576617,11,101
576505,576605,576617,12,100
576505,576606,576616,10,101
576505,576607,576616,9,102
576505,576608,576616,8,103
576505,576607,576616,9,102
576505,576615,576616,1,110
576505,576616,576617,1,111
576505,576615,576618,3,110
576505,576616,576618,2,111
576505,576616,576618,2,111
576505,576615,576617,2,110
576505,576616,576617,1,111
576505,576616,576619,3,111
576505,576608,576618,10,103
576505,576617,576619,2,112
576505,576617,576619,2,112
576505,576617,576618,1,112
576505,576617,576618,1,112
576505,576617,576619,2,112
576505,576617,576619,2,112
576505,576617,576620,3,112
576505,576617,576619,2,112
576505,576617,576619,2,112
576505,576617,576619,2,112
576505,576618,576621,3,113
576505,576618,576621,3,113
576505,576619,576621,2,114
576505,576618,576621,3,113
576505,576618,576621,3,113
576505,576619,576621,2,114
576526,576620,576622,2,94
576505,576619,576622,3,114
576505,576619,576621,2,114
576505,576619,576622,3,114
576526,576619,576623,4,93
576526,576620,576623,3,94
576526,576620,576622,2,94
576526,576620,576622,2,94
576526,576620,576623,3,94
576526,576620,576624,4,94
576526,576621,576624,3,95
576526,576621,576625,4,95
576526,576621,576626,5,95
576019,576176,576629,453,157
576526,576622,576632,10,96
576526,576622,576632,10,96
576526,576626,576633,7,100
576526,576621,576633,12,95
576526,576622,576632,10,96
576526,576623,576634,11,97
576526,576622,576634,12,96
576526,576621,576634,13,95
576526,576624,576634,10,98
576526,576626,576635,9,100
576526,576623,576635,12,97
576526,576623,576634,11,97
576526,576622,576635,13,96
576526,576623,576636,13,97
576526,576623,576636,13,97
576526,576624,576636,12,98
576526,576635,576637,2,109
576526,576635,576636,1,109
576526,576636,576638,2,110
576526,576635,576637,2,109
576526,576636,576638,2,110
576526,576634,576638,4,108
576526,576635,576638,3,109
576526,576632,576639,7,106
576526,576634,576639,5,108
576526,576632,576639,7,106
576526,576633,576639,6,107
576526,576630,576639,9,104
576526,576634,576639,5,108
576526,576638,576640,2,112
576526,576633,576640,7,107
576526,576637,576639,2,111
576526,576638,576640,2,112
576526,576633,576639,6,107
576526,576634,576639,5,108
576526,576638,576639,1,112
576526,576638,576640,2,112
576526,576637,576640,3,111
576526,576638,576640,2,112
576526,576639,576640,1,113
576526,576639,576640,1,113
576526,576639,576640,1,113
576526,576638,576641,3,112
576526,576640,576642,2,114
576526,576639,576641,2,113
576526,576640,576642,2,114
576526,576640,576641,1,114
576526,576640,576641,1,114
576526,576640,576641,1,114
576526,576641,576643,2,115
576526,576639,576643,4,113
576526,576641,576643,2,115
576526,576640,576643,3,114
576526,576640,576643,3,114
576526,576640,576642,2,114
576526,576641,576643,2,115
576526,576640,576642,2,114
576526,576641,576643,2,115
576526,576642,576644,2,116
576526,576641,576644,3,115
576526,576641,576643,2,115
576526,576642,576644,2,116
576526,576642,576645,3,116
576526,576642,576645,3,116
576526,576642,576644,2,116
576554,576643,576645,2,89
576554,576643,576646,3,89
576554,576643,576645,2,89
576554,576643,576645,2,89
576554,576643,576646,3,89
576554,576643,576647,4,89
576554,576643,576647,4,89
576554,576643,576646,3,89
576554,576644,576646,2,90
576554,576644,576654,10,90
576554,576645,576655,10,91
576554,576644,576656,12,90
576554,576645,576655,10,91
576554,576646,576656,10,92
576554,576646,576657,11,92
576554,576645,576657,12,91
576554,576645,576657,12,91
576554,576644,576657,13,90
576554,576647,576658,11,93
576554,576646,576658,12,92
576554,576647,576659,12,93
576554,576647,576659,12,93
576554,576646,576658,12,92
576554,576647,576660,13,93
576554,576645,576661,16,91
576554,576658,576661,3,104
576554,576661,576663,2,107
576554,576659,576663,4,105
576554,576659,576663,4,105
576554,576658,576664,6,104
576554,576659,576664,5,105
576554,576660,576664,4,106
576554,576657,576664,7,103
576554,576657,576664,7,103
576554,576656,576663,7,102
576554,576657,576663,6,103
576554,576657,576665,8,103
576554,576656,576664,8,102
576554,576661,576664,3,107
576554,576663,576664,1,109
576554,576663,576666,3,109
576554,576654,576666,12,100
576554,576664,576666,2,110
576554,576663,576666,3,109
576554,576655,576665,10,101
576554,576664,576665,1,110
576554,576665,576667,2,111
576554,576664,576666,2,110
576554,576664,576666,2,110
576554,576665,576667,2,111
576554,576664,576666,2,110
576554,576664,576666,2,110
576554,576666,576668,2,112
576554,576667,576668,1,113
576554,576665,576667,2,111
576554,576666,576668,2,112
576554,576666,576667,1,112
576554,576666,576668,2,112
576554,576666,576668,2,112
576554,576665,576668,3,111
576554,576666,576668,2,112
576554,576667,576668,1,113
576554,576667,576668,1,113
576554,576656,576668,12,102
576554,576668,576670,2,114
576554,576667,576669,2,113
576554,576667,576670,3,113
576554,576668,576671,3,114
576554,576668,576671,3,114
576554,576667,576670,3,113
576554,576668,576670,2,114
576554,576668,576671,3,114
576554,576668,576670,2,114
576581,576669,576671,2,88
576581,576669,576672,3,88
576581,576669,576671,2,88
576554,576668,576671,3,114
576554,576668,576671,3,114
576581,576670,576673,3,89
576581,576670,576673,3,89
576581,576670,576672,2,89
576581,576670,576673,3,89
576581,576671,576674,3,90
576581,576671,576675,4,90
576581,576671,576677,6,90
576581,576671,576682,11,90
576581,576671,576682,11,90
576581,576672,576682,10,91
576581,576671,576683,12,90
576581,576672,576682,10,91
576581,576672,576682,10,91
576581,576672,576684,12,91
576581,576673,576684,11,92
576581,576673,576685,12,92
576581,576673,576685,12,92
576581,576674,576686,12,93
576581,576672,576685,13,91
576581,576673,576687,14,92
576581,576675,576686,11,94
576581,576684,576687,3,103
576581,576678,576686,8,97
576581,576683,576688,5,102
576581,576686,576688,2,105
576581,576682,576689,7,101
576581,576685,576689,4,104
576581,576686,576688,2,105
576581,576682,576688,6,101
576581,576683,576688,5,102
576581,576687,576689,2,106
576581,576684,576689,5,103
576581,576685,576688,3,104
576581,576687,576689,2,106
576581,576688,576689,1,107
576581,576689,576690,1,108
576581,576687,576690,3,106
576581,576683,576690,7,102
576581,576687,576689,2,106
576581,576688,576691,3,107
576581,576689,576691,2,108
576581,576682,576691,9,101
576581,576689,576690,1,108
576581,576689,576690,1,108
576581,576689,576690,1,108
576581,576689,576692,3,108
576581,576690,576691,1,109
576581,576690,576692,2,109
576581,576689,576691,2,108
576581,576690,576692,2,109
576581,576690,576693,3,109
576581,576690,576693,3,109
576581,576690,576693,3,109
576581,576691,576693,2,110
576581,576690,576692,2,109
576581,576691,576693,2,110
576581,576692,576694,2,111
576581,576692,576693,1,111
576581,576692,576693,1,111
576581,576692,576693,1,111
576581,576692,576693,1,111
576581,576692,576693,1,111
576581,576691,576693,2,110
576581,576692,576694,2,111
576581,576693,576695,2,112
576581,576692,576695,3,111
576581,576693,576695,2,112
576581,576693,576696,3,112
576581,576694,576696,2,113
576586,576694,576696,2,108
576581,576693,576696,3,112
576581,576693,576695,2,112
576586,576694,576697,3,108
576586,576694,576697,3,108
576581,576694,576696,2,113
576586,576694,576697,3,108
576586,576694,576698,4,108
576586,576695,576698,3,109
576586,576694,576697,3,108
576586,576695,576699,4,109
576586,576695,576701,6,109
576104,576252,576706,454,148
576586,576696,576706,10,110
576586,576697,576707,10,111
576586,576696,576707,11,110
576586,576696,576708,12,110
576586,576697,576707,10,111
576586,576696,576708,12,110
576586,576698,576709,11,112
576586,576696,576709,13,110
576586,576697,576708,11,111
576586,576697,576709,12,111
576586,576698,576710,12,112
576586,576698,576710,12,112
576586,576699,576711,12,113
576586,576701,576714,13,115
576586,576708,576715,7,122
576586,576710,576715,5,124
576586,576711,576715,4,125
576586,576709,576716,7,123
576586,576710,576717,7,124
576586,576708,576717,9,122
576586,576709,576717,8,123
576586,576710,576717,7,124
576586,576707,576717,10,121
576586,576709,576717,8,123
576586,576709,576717,8,123
576586,576715,576718,3,129
576586,576707,576718,11,121
576586,576706,576717,11,120
576586,576716,576718,2,130
576586,576717,576719,2,131
576586,576717,576719,2,131
576586,576716,576719,3,130
576586,576718,576720,2,132
576586,576717,576720,3,131
576586,576718,576719,1,132
576586,576719,576720,1,133
576586,576707,576719,12,121
576586,576715,576719,4,129
576586,576717,576719,2,131
576586,576717,576719,2,131
576586,576718,576719,1,132
576586,576714,576720,6,128
576586,576717,576720,3,131
576586,576718,576720,2,132
576586,576719,576721,2,133
576586,576718,576720,2,132
576586,576720,576722,2,134
576586,576719,576722,3,133
576586,576720,576722,2,134
576586,576720,576721,1,134
576586,576720,576722,2,134
576586,576720,576722,2,134
576586,576720,576723,3,134
576586,576720,576723,3,134
576586,576720,576722,2,134
576586,576720,576722,2,134
576586,576720,576723,3,134
576586,576721,576724,3,135
576586,576722,576724,2,136
576586,576722,576724,2,136
576586,576721,576723,2,135
576586,576722,576724,2,136
576586,576722,576725,3,136
576586,576722,576725,3,136
576586,576721,576724,3,135
576586,576722,576724,2,136
576632,576723,576725,2,91
576632,576723,576726,3,91
576632,576723,576725,2,91
576632,576723,576727,4,91
576632,576723,576726,3,91
576632,576724,576727,3,92
576632,576724,576727,3,92
576632,576724,576727,3,92
576632,576724,576728,4,92
576632,576725,576730,5,93
576632,576725,576734,9,93
576144,576277,576735,458,133
576632,576725,576735,10,93
576632,576726,576736,10,94
576632,576725,576735,10,93
576632,576725,576736,11,93
576632,576727,576737,10,95
576632,576726,576737,11,94
576632,576726,576737,11,94
576632,576727,576737,10,95
576632,576727,576739,12,95
576632,576728,576739,11,96
576632,576727,576740,13,95
576632,576727,576740,13,95
576632,576740,576742,2,108
576632,576730,576742,12,98
576632,576737,576743,6,105
576632,576740,576743,3,108
576632,576739,576743,4,107
576632,576736,576743,7,104
576632,576739,576744,5,107
576632,576736,576744,8,104
576632,576735,576743,8,103
576632,576734,576743,9,102
576632,576737,576744,7,105
576632,576739,576744,5,107
576632,576737,576744,7,105
576632,576742,576745,3,110
576632,576743,576744,1,111
576632,576744,576745,1,112
576632,576743,576744,1,111
576632,576742,576744,2,110
576632,576737,576744,7,105
576632,576743,576746,3,111
576632,576744,576746,2,112
576632,576743,576745,2,111
576632,576735,576745,10,103
576632,576744,576745,1,112
576632,576744,576747,3,112
576632,576745,576747,2,113
576632,576745,576747,2,113
576632,576744,576747,3,112
576632,576744,576746,2,112
576632,576744,576746,2,112
576632,576745,576748,3,113
576632,576746,576748,2,114
576632,576745,576748,3,113
576632,576745,576747,2,113
576632,576745,576748,3,113
576632,576746,576748,2,114
576632,576746,576748,2,114
576632,576746,576749,3,114
576632,576746,576749,3,114
576632,576747,576748,1,115
576632,576747,576748,1,115
576632,576747,576749,2,115
576632,576747,576750,3,115
576632,576747,576750,3,115
576632,576747,576749,2,115
576632,576748,576750,2,116
576632,576748,576749,1,116
576632,576748,576750,2,116
576632,576748,576751,3,116
576632,576748,576750,2,116
576708,576749,576752,3,41
576632,576748,576752,4,116
576708,576749,576752,3,41
576708,576749,576751,2,41
576708,576749,576751,2,41
576708,576750,576752,2,42
576632,576748,576751,3,116
576708,576750,576753,3,42
576708,576750,576753,3,42
576708,576750,576753,3,42
576708,576750,576752,2,42
576175,576301,576754,453,126
576708,576751,576757,6,43
576708,576752,576762,10,44
576708,576752,576762,10,44
576708,576754,576762,8,46
576708,576752,576763,11,44
576708,576751,576763,12,43
576708,576752,576763,11,44
576708,576753,576764,11,45
576708,576752,576764,12,44
576708,576752,576765,13,44
576708,576753,576765,12,45
576708,576753,576764,11,45
576708,576753,576765,12,45
576708,576764,576766,2,56
576708,576752,576766,14,44
576708,576757,576765,8,49
576708,576751,576767,16,43
576708,576763,576767,4,55
576708,576766,576768,2,58
576708,576766,576768,2,58
576708,576765,576768,3,57
576708,576763,576768,5,55
576708,576766,576768,2,58
576708,576766,576769,3,58
576708,576765,576769,4,57
576708,576766,576769,3,58
576708,576763,576768,5,55
576708,576764,576768,4,56
576708,576762,576769,7,54
576708,576768,576770,2,60
576708,576762,576770,8,54
576708,576768,576770,2,60
576708,576767,576770,3,59
576708,576768,576770,2,60
576708,576768,576771,3,60
576708,576762,576770,8,54
576708,576768,576771,3,60
576708,576768,576770,2,60
576708,576770,576771,1,62
576708,576769,576771,2,61
576708,576769,576772,3,61
576708,576770,576771,1,62
576708,576770,576771,1,62
576708,576770,576772,2,62
576708,576770,576772,2,62
576708,576769,576771,2,61
576708,576770,576771,1,62
576708,576770,576771,1,62
576708,576770,576773,3,62
576708,576771,576773,2,63
576708,576771,576773,2,63
576708,576771,576773,2,63
576708,576771,576774,3,63
576708,576771,576773,2,63
576708,576772,576774,2,64
576708,576772,576774,2,64
576708,576772,576773,1,64
576708,576772,576773,1,64
576708,576772,576774,2,64
576708,576772,576774,2,64
576708,576773,576775,2,65
576708,576772,576775,3,64
576708,576772,576774,2,64
576708,576773,576775,2,65
576708,576772,576774,2,64
576190,576327,576776,449,137
576708,576773,576775,2,65
576736,576774,576776,2,38
576736,576774,576777,3,38
576736,576774,576776,2,38
576736,576774,576777,3,38
576736,576774,576776,2,38
576736,576775,576777,2,39
576736,576775,576778,3,39
576736,576774,576778,4,38
576736,576774,576777,3,38
576736,576775,576781,6,39
576736,576775,576785,10,39
576736,576775,576786,11,39
576736,576776,576787,11,40
576736,576777,576787,10,41
576736,576775,576787,12,39
576736,576778,576787,9,42
576736,576776,576788,12,40
576736,576777,576787,10,41
576736,576776,576788,12,40
576736,576778,576789,11,42
576736,576777,576789,12,41
576736,576781,576790,9,45
576736,576777,576789,12,41
576736,576788,576790,2,52
576736,576777,576791,14,41
576736,576778,576791,13,42
576736,576788,576792,4,52
576736,576788,576792,4,52
576349,576457,576791,334,108
576736,576789,576792,3,53
576736,576787,576793,6,51
576736,576791,576792,1,55
576736,576786,576793,7,50
576736,576787,576792,5,51
576736,576791,576793,2,55
576736,576787,576793,6,51
576736,576792,576794,2,56
576736,576791,576794,3,55
576736,576792,576794,2,56
576736,576791,576794,3,55
576736,576790,576793,3,54
576736,576790,576793,3,54
576736,576792,576794,2,56
576736,576787,576793,6,51
576736,576785,576795,10,49
576736,576793,576794,1,57
576736,576793,576794,1,57
576736,576794,576795,1,58
576736,576793,576794,1,57
576736,576792,576794,2,56
576736,576793,576795,2,57
576736,576794,576796,2,58
576736,576793,576796,3,57
576736,576793,576795,2,57
576736,576794,576796,2,58
576736,576794,576796,2,58
576736,576795,576796,1,59
576736,576794,576797,3,58
576736,576794,576796,2,58
576736,576794,576796,2,58
576736,576794,576796,2,58
576736,576795,576797,2,59
576736,576795,576798,3,59
576736,576795,576797,2,59
576736,576795,576797,2,59
576736,576795,576797,2,59
576736,576796,576797,1,60
576736,576796,576798,2,60
576736,576795,576797,2,59
576736,576796,576798,2,60
576736,576796,576799,3,60
576736,576796,576799,3,60
576736,576797,576799,2,61
576736,576797,576799,2,61
576736,576797,576798,1,61
576763,576798,576800,2,35
576763,576798,576800,2,35
576736,576797,576799,2,61
576763,576798,576800,2,35
576763,576798,576801,3,35
576763,576798,576801,3,35
576763,576798,576800,2,35
576763,576798,576801,3,35
576763,576798,576800,2,35
576763,576798,576802,4,35
576763,576799,576804,5,36
576201,576352,576805,453,151
576763,576799,576809,10,36
576763,576799,576809,10,36
576763,576800,576810,10,37
576763,576800,576810,10,37
576763,576801,576811,10,38
576763,576802,576811,9,39
576763,576801,576812,11,38
576763,576799,576812,13,36
576763,576799,576812,13,36
576763,576800,576813,13,37
576763,576801,576813,12,38
576763,576801,576813,12,38
576763,576801,576813,12,38
576763,576805,576814,9,42
576763,576811,576814,3,48
576763,576810,576814,4,47
576763,576810,576815,5,47
576763,576809,576815,6,46
576763,576812,576814,2,49
576763,576802,576814,12,39
576763,576804,576814,10,41
576763,576811,576816,5,48
576763,576812,576815,3,49
576763,576813,576816,3,50
576763,576812,576816,4,49
576763,576813,576816,3,50
576763,576813,576816,3,50
576763,576813,576817,4,50
576763,576814,576816,2,51
576763,576815,576816,1,52
576763,576815,576817,2,52
576763,576814,576816,2,51
576763,576815,576816,1,52
576763,576809,576816,7,46
576763,576814,576817,3,51
576763,576816,576819,3,53
576763,576816,576818,2,53
576763,576816,576819,3,53
576763,576816,576819,3,53
576763,576816,576819,3,53
576763,576817,576819,2,54
576763,576817,576819,2,54
576763,576815,576818,3,52
576763,576815,576818,3,52
576763,576816,576819,3,53
576763,576817,576819,2,54
576763,576817,576819,2,54
576763,576817,576819,2,54
576763,576817,576819,2,54
576763,576819,576821,2,56
576763,576818,576820,2,55
576763,576819,576821,2,56
576763,576819,576821,2,56
576763,576819,576820,1,56
576763,576819,576820,1,56
576763,576819,576821,2,56
576763,576818,576820,2,55
576763,576819,576820,1,56
576763,576820,576821,1,57
576763,576820,576821,1,57
576763,576820,576821,1,57
576763,576819,576822,3,56
576776,576821,576823,2,45
576763,576819,576823,4,56
576763,576820,576822,2,57
576776,576821,576823,2,45
576776,576821,576823,2,45
576776,576821,576823,2,45
576776,576821,576824,3,45
576776,576822,576824,2,46
576776,576822,576824,2,46
576776,576821,576824,3,45
576763,576821,576823,2,58
576381,576510,576824,314,129
576776,576822,576824,2,46
576776,576822,576828,6,46
576776,576825,576832,7,49
576776,576822,576833,11,46
576776,576825,576833,8,49
576776,576823,576834,11,47
576776,576823,576833,10,47
576776,576828,576834,6,52
576776,576822,576834,12,46
576776,576823,576835,12,47
576776,576823,576835,12,47
576776,576823,576835,12,47
576776,576834,576836,2,58
576776,576824,576835,11,48
576776,576824,576835,11,48
576776,576834,576837,3,58
576776,576824,576836,12,48
576776,576824,576837,13,48
576776,576834,576837,3,58
576776,576824,576836,12,48
576776,576834,576837,3,58
576776,576832,576838,6,56
576776,576833,576837,4,57
576776,576824,576838,14,48
576776,576835,576838,3,59
576776,576835,576838,3,59
576776,576833,576838,5,57
576776,576835,576837,2,59
576776,576836,576839,3,60
576776,576836,576838,2,60
576776,576837,576839,2,61
576776,576838,576840,2,62
576776,576837,576840,3,61
576776,576838,576840,2,62
576776,576836,576839,3,60
576776,576838,576840,2,62
576776,576837,576840,3,61
576776,576838,576840,2,62
576776,576839,576841,2,63
576776,576838,576841,3,62
576776,576837,576840,3,61
576776,576839,576841,2,63
576776,576837,576840,3,61
576776,576838,576841,3,62
576776,576837,576840,3,61
576776,576839,576840,1,63
576776,576840,576841,1,64
576776,576840,576841,1,64
576776,576841,576842,1,65
576776,576840,576842,2,64
576776,576840,576843,3,64
576776,576840,576842,2,64
576776,576841,576843,2,65
576776,576840,576842,2,64
576776,576841,576843,2,65
576776,576841,576843,2,65
576776,576841,576842,1,65
576776,576840,576843,3,64
576776,576841,576843,2,65
576776,576841,576843,2,65
576776,576841,576843,2,65
576776,576841,576843,2,65
576776,576842,576843,1,66
576776,576842,576843,1,66
576776,576842,576843,1,66
576793,576843,576845,2,50
576776,576842,576844,2,66
576776,576843,576845,2,67
576793,576843,576845,2,50
576793,576843,576846,3,50
576793,576843,576846,3,50
576793,576843,576846,3,50
576228,576378,576846,468,150
576793,576843,576846,3,50
576793,576843,576846,3,50
576793,576844,576847,3,51
576793,576844,576847,3,51
576793,576844,576847,3,51
576793,576844,576851,7,51
576793,576845,576854,9,52
576793,576847,576854,7,54
576793,576844,576854,10,51
576793,576844,576855,11,51
576793,576847,576855,8,54
576793,576846,576856,10,53
576793,576845,576856,11,52
576793,576848,576856,8,55
576793,576846,576856,10,53
576793,576845,576857,12,52
576793,576848,576857,9,55
576793,576854,576856,2,61
576793,576856,576857,1,63
576793,576847,576856,9,54
576793,576851,576856,5,58
576793,576855,576856,1,62
576793,576855,576856,1,62
576793,576856,576858,2,63
576793,576855,576857,2,62
576793,576856,576858,2,63
576793,576854,576858,4,61
576793,576845,576857,12,52
576793,576846,576858,12,53
576793,576857,576859,2,64
576793,576857,576859,2,64
576793,576857,576859,2,64
576793,576846,576858,12,53
576793,576856,576858,2,63
576793,576857,576859,2,64
576793,576857,576858,1,64
576793,576857,576858,1,64
576793,576858,576860,2,65
576793,576857,576859,2,64
576793,576858,576859,1,65
576793,576857,576859,2,64
576793,576858,576859,1,65
576793,576858,576861,3,65
576793,576858,576860,2,65
576793,576859,576861,2,66
576793,576858,576860,2,65
576793,576859,576861,2,66
576793,576859,576860,1,66
576793,576859,576860,1,66
576793,576860,576861,1,67
576793,576859,576861,2,66
576793,576859,576861,2,66
576793,576860,576862,2,67
576793,576860,576861,1,67
576793,576860,576861,1,67
576793,576860,576861,1,67
576793,576861,576862,1,68
576793,576861,576862,1,68
576793,576860,576863,3,67
576793,576861,576863,2,68
576793,576861,576863,2,68
576793,576861,576863,2,68
576793,576861,576862,1,68
576793,576861,576863,2,68
576793,576861,576863,2,68
576793,576862,576864,2,69
576811,576862,576864,2,51
576811,576862,576864,2,51
576793,576862,576863,1,69
576811,576862,576865,3,51
576793,576860,576864,4,67
576793,576862,576864,2,69
576793,576862,576864,2,69
576811,576863,576866,3,52
576811,576863,576865,2,52
576811,576863,576865,2,52
576811,576863,576867,4,52
576811,576863,576866,3,52
576811,576864,576867,3,53
576811,576864,576871,7,53
576811,576864,576875,11,53
576811,576864,576874,10,53
576811,576864,576875,11,53
576811,576865,576875,10,54
576811,576864,576877,13,53
576811,576865,576877,12,54
576811,576865,576877,12,54
576811,576868,576877,9,57
576811,576866,576876,10,55
576292,576428,576878,450,136
576811,576866,576877,11,55
576811,576867,576878,11,56
576811,576865,576877,12,54
576811,576871,576879,8,60
576811,576877,576879,2,66
576811,576875,576879,4,64
576811,576867,576880,13,56
576811,576867,576879,12,56
576811,576877,576880,3,66
576811,576877,576880,3,66
576811,576875,576879,4,64
576811,576876,576880,4,65
576811,576877,576880,3,66
576811,576878,576881,3,67
576811,576878,576881,3,67
576811,576877,576881,4,66
576811,576875,576880,5,64
576811,576879,576882,3,68
576811,576879,576882,3,68
576811,576879,576882,3,68
576811,576878,576881,3,67
576293,576429,576881,452,136
576811,576878,576881,3,67
576811,576880,576883,3,69
576811,576880,576882,2,69
576811,576880,576882,2,69
576811,576881,576883,2,70
576811,576880,576883,3,69
576811,576880,576883,3,69
576811,576882,576884,2,71
576811,576882,576883,1,71
576811,576883,576884,1,72
576811,576880,576883,3,69
576811,576880,576884,4,69
576811,576881,576884,3,70
576811,576881,576883,2,70
576811,576882,576885,3,71
576811,576882,576885,3,71
576811,576882,576885,3,71
576811,576882,576884,2,71
576811,576883,576885,2,72
576811,576881,576884,3,70
576811,576883,576885,2,72
576811,576883,576884,1,72
576811,576883,576884,1,72
576811,576884,576885,1,73
576811,576883,576885,2,72
576811,576884,576885,1,73
576811,576884,576885,1,73
576811,576884,576886,2,73
576834,576885,576887,2,51
576811,576885,576887,2,74
576811,576884,576886,2,73
576811,576885,576887,2,74
576811,576884,576886,2,73
576834,576885,576887,2,51
576811,576885,576888,3,74
576834,576885,576887,2,51
576834,576885,576887,2,51
576811,576884,576887,3,73
576811,576885,576887,2,74
576834,576885,576887,2,51
576834,576886,576889,3,52
576834,576886,576889,3,52
576834,576886,576888,2,52
576834,576887,576890,3,53
576834,576887,576890,3,53
576834,576887,576895,8,53
576834,576888,576895,7,54
576834,576887,576897,10,53
576834,576888,576897,9,54
576834,576888,576897,9,54
576834,576887,576897,10,53
576834,576888,576897,9,54
576834,576889,576898,9,55
576834,576887,576898,11,53
576834,576888,576900,12,54
576834,576897,576900,3,63
576834,576889,576900,11,55
576834,576888,576900,12,54
576834,576898,576900,2,64
576834,576889,576900,11,55
576834,576890,576900,10,56
576834,576897,576901,4,63
576834,576898,576900,2,64
576834,576899,576902,3,65
576834,576900,576902,2,66
576834,576900,576901,1,66
576834,576887,576901,14,53
576834,576900,576901,1,66
576834,576900,576902,2,66
576834,576900,576902,2,66
576834,576890,576903,13,56
576834,576895,576902,7,61
576834,576896,576904,8,62
576834,576900,576904,4,66
576834,576904,576906,2,70
576834,576903,576906,3,69
576834,576903,576906,3,69
576834,576897,576906,9,63
576834,576901,576906,5,67
576834,576902,576907,5,68
576834,576902,576908,6,68
576834,576902,576908,6,68
576834,576902,576908,6,68
576834,576905,576907,2,71
576834,576901,576907,6,67
576834,576901,576907,6,67
576834,576905,576908,3,71
576834,576902,576909,7,68
576834,576903,576908,5,69
576834,576906,576909,3,72
576834,576906,576910,4,72
576834,576908,576910,2,74
576834,576906,576910,4,72
576834,576907,576909,2,73
576834,576907,576910,3,73
576834,576906,576910,4,72
576834,576897,576909,12,63
576834,576908,576911,3,74
576834,576908,576911,3,74
576834,576909,576910,1,75
576834,576908,576911,3,74
576834,576909,576911,2,75
576834,576909,576911,2,75
576834,576909,576911,2,75
576834,576909,576911,2,75
576834,576910,576912,2,76
576834,576910,576911,1,76
576834,576910,576911,1,76
576834,576909,576911,2,75
576855,576911,576913,2,56
576834,576910,576912,2,76
576855,576910,576913,3,55
576855,576910,576913,3,55
576855,576911,576914,3,56
576855,576911,576914,3,56
576855,576911,576913,2,56
576855,576911,576913,2,56
576855,576912,576914,2,57
576855,576912,576915,3,57
576855,576912,576918,6,57
576855,576912,576922,10,57
576855,576912,576923,11,57
576855,576912,576924,12,57
576855,576912,576924,12,57
576855,576913,576925,12,58
576855,576913,576925,12,58
576855,576913,576923,10,58
576855,576914,576924,10,59
576855,576914,576926,12,59
576855,576915,576926,11,60
576855,576914,576925,11,59
576855,576913,576927,14,58
576855,576925,576927,2,70
576855,576918,576926,8,63
576855,576916,576928,12,61
576855,576922,576928,6,67
576855,576925,576928,3,70
576855,576925,576927,2,70
576855,576925,576928,3,70
576855,576924,576929,5,69
576855,576923,576928,5,68
576855,576927,576929,2,72
576855,576926,576928,2,71
576855,576914,576928,14,59
576855,576924,576929,5,69
576855,576926,576929,3,71
576855,576927,576929,2,72
576855,576927,576930,3,72
576855,576928,576930,2,73
576855,576928,576931,3,73
576855,576928,576931,3,73
576855,576928,576931,3,73
576855,576927,576931,4,72
576855,576930,576932,2,75
576855,576928,576932,4,73
576855,576929,576931,2,74
576855,576929,576932,3,74
576855,576929,576932,3,74
576855,576929,576932,3,74
576855,576930,576933,3,75
576855,576930,576932,2,75
576855,576930,576933,3,75
576855,576930,576933,3,75
576855,576931,576932,1,76
576855,576932,576933,1,77
576855,576929,576932,3,74
576855,576931,576934,3,76
576855,576931,576933,2,76
576855,576932,576934,2,77
576855,576932,576934,2,77
576855,576932,576933,1,77
576855,576932,576933,1,77
576855,576933,576934,1,78
576855,576933,576935,2,78
576855,576932,576934,2,77
576855,576933,576935,2,78
576855,576933,576935,2,78
576855,576932,576934,2,77
576855,576933,576934,1,78
576855,576933,576936,3,78
576855,576933,576935,2,78
576855,576934,576936,2,79
576878,576934,576937,3,56
576855,576934,576936,2,79
576855,576934,576936,2,79
576855,576934,576936,2,79
576878,576935,576938,3,57
576878,576934,576937,3,56
576878,576936,576938,2,58
576878,576935,576939,4,57
576878,576935,576939,4,57
576878,576935,576938,3,57
576878,576935,576938,3,57
576878,576936,576941,5,58
576878,576936,576943,7,58
576878,576937,576947,10,59
576350,576484,576947,463,134
576878,576938,576948,10,60
576878,576938,576949,11,60
576878,576937,576949,12,59
576878,576936,576948,12,58
576878,576938,576949,11,60
576878,576937,576949,12,59
576878,576937,576951,14,59
576878,576939,576951,12,61
576878,576949,576952,3,71
576878,576939,576952,13,61
576878,576939,576951,12,61
576878,576950,576952,2,72
576878,576949,576952,3,71
576878,576939,576952,13,61
576878,576941,576952,11,63
576878,576949,576952,3,71
576878,576951,576953,2,73
576878,576949,576952,3,71
576878,576949,576953,4,71
576878,576952,576954,2,74
576878,576952,576954,2,74
576878,576951,576953,2,73
576878,576943,576953,10,65
576878,576952,576954,2,74
576878,576952,576954,2,74
576878,576947,576954,7,69
576878,576953,576955,2,75
576878,576953,576955,2,75
576878,576952,576954,2,74
576878,576953,576956,3,75
576878,576954,576955,1,76
576878,576954,576955,1,76
576878,576953,576956,3,75
576878,576953,576955,2,75
576878,576947,576956,9,69
576878,576956,576957,1,78
576878,576954,576957,3,76
576878,576954,576957,3,76
576878,576955,576958,3,77
576878,576954,576957,3,76
576878,576954,576957,3,76
576878,576955,576958,3,77
576878,576956,576958,2,78
576878,576955,576958,3,77
576878,576955,576958,3,77
576878,576957,576959,2,79
576878,576956,576958,2,78
576878,576955,576958,3,77
576878,576956,576958,2,78
576878,576956,576958,2,78
576878,576958,576960,2,80
576878,576958,576960,2,80
576878,576957,576960,3,79
576878,576957,576959,2,79
576878,576958,576959,1,80
576878,576959,576960,1,81
576878,576957,576959,2,79
576878,576958,576960,2,80
576878,576958,576960,2,80
576878,576958,576960,2,80
576878,576958,576961,3,80
576883,576960,576962,2,77
576878,576959,576961,2,81
576878,576959,576961,2,81
576878,576959,576961,2,81
576883,576960,576963,3,77
576883,576960,576963,3,77
576883,576960,576963,3,77
576883,576960,576963,3,77
576883,576960,576962,2,77
576883,576960,576962,2,77
576883,576961,576964,3,78
576883,576960,576963,3,77
576883,576961,576965,4,78
576883,576966,576973,7,83
576883,576962,576972,10,79
576883,576964,576973,9,81
576883,576962,576974,12,79
576883,576963,576974,11,80
576883,576963,576973,10,80
576883,576962,576974,12,79
576883,576963,576974,11,80
576883,576962,576974,12,79
576883,576964,576975,11,81
576883,576963,576975,12,80
576883,576962,576974,12,79
576883,576974,576976,2,91
576883,576974,576975,1,91
576883,576963,576976,13,80
576883,576974,576976,2,91
576883,576963,576975,12,80
576883,576975,576977,2,92
576883,576974,576976,2,91
576883,576975,576978,3,92
576883,576976,576977,1,93
576883,576976,576977,1,93
576883,576975,576977,2,92
576883,576974,576978,4,91
576883,576975,576977,2,92
576883,576976,576979,3,93
576883,576976,576979,3,93
576883,576973,576979,6,90
576883,576973,576979,6,90
576883,576976,576978,2,93
576883,576977,576979,2,94
576883,576977,576980,3,94
576883,576978,576979,1,95
576883,576978,576980,2,95
576883,576973,576979,6,90
576883,576978,576980,2,95
576883,576978,576980,2,95
576883,576978,576980,2,95
576883,576979,576981,2,96
576883,576979,576981,2,96
576883,576978,576980,2,95
576883,576979,576980,1,96
576883,576979,576981,2,96
576883,576980,576982,2,97
576883,576979,576981,2,96
576883,576979,576981,2,96
576883,576980,576981,1,97
576883,576980,576981,1,97
576883,576980,576983,3,97
576883,576981,576983,2,98
576883,576981,576983,2,98
576883,576980,576982,2,97
576883,576981,576983,2,98
576883,576981,576982,1,98
576883,576981,576984,3,98
576883,576982,576983,1,99
576883,576982,576984,2,99
576883,576981,576983,2,98
576883,576982,576984,2,99
576883,576982,576984,2,99
576883,576983,576985,2,100
576883,576983,576985,2,100
576883,576982,576984,2,99
576883,576982,576984,2,99
576948,576983,576986,3,35
576948,576984,576986,2,36
576883,576983,576985,2,100
576948,576983,576986,3,35
576526,576643,576986,343,117
576948,576984,576986,2,36
576948,576984,576987,3,36
576948,576984,576986,2,36
576948,576984,576987,3,36
576948,576985,576987,2,37
576948,576985,576987,2,37
576948,576985,576991,6,37
576948,576985,576995,10,37
576948,576986,576995,9,38
576948,576987,576995,8,39
576948,576987,576996,9,39
576948,576986,576996,10,38
576948,576986,576997,11,38
576948,576988,576998,10,40
576948,576987,576998,11,39
576948,576986,576998,12,38
576948,576986,576999,13,38
576948,576997,576999,2,49
576948,576998,577000,2,50
576948,576987,576999,12,39
576948,576985,576999,14,37
576948,576999,577001,2,51
576948,576999,577001,2,51
576948,576998,577001,3,50
576948,576987,577000,13,39
576948,576999,577001,2,51
576948,577000,577003,3,52
576948,576995,577002,7,47
576948,577000,577003,3,52
576948,576995,577003,8,47
576948,577001,577002,1,53
576948,577000,577003,3,52
576948,576991,577003,12,43
576948,577001,577003,2,53
576948,576997,577003,6,49
576415,576538,577004,466,123
576948,577001,577003,2,53
576948,577001,577003,2,53
576948,576996,577003,7,48
576948,577001,577003,2,53
576948,576995,577005,10,47
576948,577003,577005,2,55
576948,577003,577004,1,55
576948,577003,577005,2,55
576948,577003,577004,1,55
576948,577003,577004,1,55
576948,577003,577006,3,55
576948,577003,577006,3,55
576948,577003,577005,2,55
576948,577004,577006,2,56
576948,577004,577005,1,56
576948,577004,577006,2,56
576948,577004,577006,2,56
576948,577004,577006,2,56
576948,577004,577006,2,56
576948,577005,577008,3,57
576948,577005,577008,3,57
576948,577005,577008,3,57
576948,577005,577008,3,57
576948,577006,577008,2,58
576948,577005,577007,2,57
576948,577006,577009,3,58
576948,577005,577008,3,57
576948,577006,577008,2,58
576948,577008,577009,1,60
576948,577006,577009,3,58
576948,577006,577008,2,58
576948,577007,577009,2,59
576948,577007,577009,2,59
576948,577007,577010,3,59
576948,577007,577010,3,59
576948,577008,577009,1,60
576996,577009,577011,2,13
576948,577008,577010,2,60
576996,577008,577011,3,12
576996,577009,577012,3,13
576996,577008,577011,3,12
576996,577010,577012,2,14
576996,577009,577011,2,13
576996,577009,577011,2,13
576996,577009,577012,3,13
576996,577010,577013,3,14
576996,577010,577013,3,14
576996,577010,577016,6,14
576996,577010,577019,9,14
576996,577011,577021,10,15
576996,577010,577022,12,14
576996,577012,577022,10,16
576996,577012,577023,11,16
576996,577012,577023,11,16
576996,577011,577023,12,15
576996,577011,577022,11,15
576996,577012,577024,12,16
576996,577016,577024,8,20
576996,577012,577023,11,16
576996,577012,577025,13,16
576996,577013,577025,12,17
576996,577013,577024,11,17
576996,577023,577028,5,27
576996,577021,577029,8,25
576582,576694,577029,335,112
576996,577023,577029,6,27
576443,576568,577030,462,125
576996,577022,577030,8,26
576996,577021,577031,10,25
576996,577023,577032,9,27
576996,577023,577033,10,27
576996,577025,577032,7,29
576996,577025,577033,8,29
576996,577024,577034,10,28
576996,577024,577034,10,28
576996,577023,577034,11,27
576996,577029,577034,5,33
576996,577024,577034,10,28
576996,577025,577035,10,29
576996,577029,577036,7,33
576996,577028,577035,7,32
576996,577030,577035,5,34
576996,577030,577036,6,34
576996,577034,577037,3,38
576996,577035,577036,1,39
576996,577032,577038,6,36
576996,577031,577037,6,35
576996,577030,577038,8,34
576996,577034,577037,3,38
576996,577034,577039,5,38
576996,577035,577039,4,39
576996,577036,577039,3,40
576996,577034,577039,5,38
576996,577036,577038,2,40
576996,577035,577039,4,39
576996,577036,577040,4,40
576996,577036,577039,3,40
576996,577037,577040,3,41
576996,577038,577041,3,42
576996,577039,577040,1,43
576996,577033,577040,7,37
576996,577039,577041,2,43
576996,577037,577040,3,41
576996,577039,577040,1,43
576996,577034,577040,6,38
576996,577038,577040,2,42
576996,577039,577042,3,43
576996,577039,577042,3,43
576996,577040,577042,2,44
576996,577038,577042,4,42
576996,577040,577041,1,44
577005,577041,577043,2,36
576996,577041,577043,2,45
576996,577039,577042,3,43
576996,577040,577042,2,44
577005,577041,577043,2,36
577005,577041,577043,2,36
577005,577041,577043,2,36
577005,577041,577043,2,36
577005,577042,577044,2,37
577005,577042,577044,2,37
577005,577042,577045,3,37
577005,577042,577044,2,37
577005,577042,577047,5,37
576481,576592,577050,458,111
577005,577043,577051,8,38
577005,577043,577052,9,38
577005,577043,577052,9,38
577005,577042,577052,10,37
577005,577044,577054,10,39
577005,577044,577055,11,39
577005,577043,577055,12,38
577005,577043,577055,12,38
577005,577044,577055,11,39
577005,577045,577055,10,40
577005,577045,577057,12,40
577005,577044,577056,12,39
577005,577047,577057,10,42
577005,577045,577057,12,40
577005,577046,577056,10,41
577005,577050,577058,8,45
577005,577055,577057,2,50
577005,577055,577057,2,50
577005,577055,577060,5,50
577005,577057,577062,5,52
577005,577051,577063,12,46
577005,577052,577063,11,47
577005,577052,577063,11,47
577005,577057,577064,7,52
577005,577057,577064,7,52
577005,577055,577064,9,50
577005,577054,577063,9,49
577005,577057,577065,8,52
577005,577058,577065,7,53
577005,577052,577065,13,47
577005,577057,577064,7,52
577005,577055,577065,10,50
577005,577059,577066,7,54
577005,577058,577066,8,53
577005,577063,577067,4,58
577005,577065,577066,1,60
577005,577060,577066,6,55
577005,577065,577068,3,60
577005,577064,577068,4,59
577005,577064,577068,4,59
577005,577063,577068,5,58
577005,577065,577069,4,60
577005,577065,577068,3,60
577005,577065,577069,4,60
577005,577066,577069,3,61
577005,577067,577070,3,62
577005,577064,577069,5,59
577005,577063,577069,6,58
577005,577067,577070,3,62
577005,577067,577070,3,62
577005,577062,577070,8,57
577005,577068,577071,3,63
577005,577068,577070,2,63
577005,577067,577070,3,62
577005,577069,577071,2,64
577005,577068,577071,3,63
577005,577069,577071,2,64
577005,577069,577071,2,64
577005,577067,577071,4,62
577005,577068,577071,3,63
577005,577070,577071,1,65
577005,577070,577071,1,65
577005,577070,577071,1,65
577030,577071,577073,2,41
577005,577070,577072,2,65
577030,577071,577073,2,41
577005,577070,577072,2,65
577030,577071,577074,3,41
577030,577071,577074,3,41
577030,577070,577074,4,40
577030,577071,577074,3,41
577030,577071,577074,3,41
577030,577071,577073,2,41
577030,577072,577075,3,42
577030,577072,577075,3,42
577030,577072,577077,5,42
576506,576619,577077,458,113
577030,577072,577081,9,42
577030,577072,577081,9,42
577030,577073,577082,9,43
577030,577074,577085,11,44
577030,577073,577085,12,43
577030,577077,577085,8,47
577030,577081,577085,4,51
577030,577073,577085,12,43
577030,577074,577086,12,44
577030,577074,577086,12,44
577030,577075,577086,11,45
577030,577073,577087,14,43
577030,577076,577086,10,46
577030,577077,577086,9,47
577030,577082,577087,5,52
577030,577075,577086,11,45
577030,577074,577088,14,44
577030,577074,577088,14,44
577030,577082,577090,8,52
577030,577088,577093,5,58
577030,577085,577094,9,55
577030,577086,577094,8,56
577030,577088,577094,6,58
577030,577086,577094,8,56
577030,577087,577094,7,57
577030,577086,577095,9,56
577030,577085,577095,10,55
577030,577087,577094,7,57
577030,577087,577094,7,57
577030,577090,577096,6,60
577030,577088,577096,8,58
577030,577086,577095,9,56
577030,577088,577095,7,58
577030,577085,577096,11,55
577030,577085,577098,13,55
577030,577096,577099,3,66
577030,577095,577099,4,65
577030,577095,577099,4,65
577030,577096,577099,3,66
577030,577094,577099,5,64
577030,577094,577100,6,64
577030,577095,577099,4,65
577030,577096,577100,4,66
577030,577094,577100,6,64
577030,577095,577099,4,65
577030,577096,577100,4,66
577030,577093,577100,7,63
577030,577094,577099,5,64
577030,577096,577100,4,66
577030,577099,577101,2,69
577030,577099,577101,2,69
577030,577095,577100,5,65
577030,577100,577102,2,70
577030,577098,577101,3,68
577030,577100,577102,2,70
577030,577100,577101,1,70
577030,577100,577101,1,70
577030,577100,577102,2,70
577030,577100,577102,2,70
577030,577099,577103,4,69
577031,577101,577103,2,70
577030,577099,577103,4,69
577031,577101,577103,2,70
577030,577100,577102,2,70
577030,577099,577102,3,69
577030,577100,577102,2,70
577031,577102,577104,2,71
577031,577101,577104,3,70
577031,577102,577104,2,71
577031,577102,577105,3,71
577031,577102,577104,2,71
577031,577102,577105,3,71
577031,577102,577106,4,71
577031,577102,577107,5,71
577031,577103,577110,7,72
577031,577103,577111,8,72
577031,577103,577113,10,72
577031,577104,577114,10,73
577031,577103,577114,11,72
577031,577103,577115,12,72
577031,577103,577115,12,72
577031,577104,577116,12,73
577031,577103,577116,13,72
577031,577105,577116,11,74
577031,577105,577115,10,74
577031,577105,577116,11,74
577031,577107,577118,11,76
577031,577110,577118,8,79
577031,577105,577118,13,74
577031,577106,577117,11,75
577031,577113,577119,6,82
577031,577111,577119,8,80
577031,577114,577123,9,83
577031,577117,577124,7,86
576555,576669,577125,456,114
577031,577114,577125,11,83
577031,577118,577125,7,87
577031,577118,577124,6,87
577031,577118,577125,7,87
577031,577119,577124,5,88
577031,577115,577126,11,84
577031,577116,577126,10,85
577031,577118,577125,7,87
577031,577115,577125,10,84
577031,577116,577127,11,85
577031,577116,577127,11,85
577031,577116,577128,12,85
577031,577126,577127,1,95
577031,577126,577128,2,95
577031,577125,577129,4,94
577031,577120,577129,9,89
577031,577125,577128,3,94
577031,577126,577129,3,95
577031,577125,577130,5,94
577031,577123,577129,6,92
577031,577126,577129,3,95
577031,577127,577130,3,96
577031,577128,577131,3,97
577031,577128,577130,2,97
577031,577125,577131,6,94
577031,577127,577131,4,96
577031,577129,577131,2,98
577031,577125,577131,6,94
577031,577126,577131,5,95
577031,577124,577131,7,93
577031,577128,577131,3,97
577031,577131,577133,2,100
577031,577130,577132,2,99
577031,577131,577133,2,100
577031,577131,577132,1,100
577031,577130,577133,3,99
577031,577131,577133,2,100
577031,577129,577132,3,98
577031,577130,577133,3,99
577031,577130,577133,3,99
577031,577131,577133,2,100
577031,577132,577134,2,101
577031,577131,577133,2,100
577031,577130,577133,3,99
577054,577133,577135,2,79
577054,577133,577134,1,79
577054,577133,577135,2,79
577031,577132,577134,2,101
577054,577133,577135,2,79
577054,577133,577136,3,79
577054,577133,577136,3,79
577054,577133,577135,2,79
577054,577133,577135,2,79
577054,577133,577136,3,79
577054,577134,577138,4,80
577054,577134,577141,7,80
577054,577134,577143,9,80
577054,577135,577144,9,81
577054,577134,577145,11,80
577054,577135,577145,10,81
577054,577135,577145,10,81
577054,577136,577145,9,82
577054,577135,577146,11,81
577054,577137,577147,10,83
577054,577134,577147,13,80
577054,577136,577148,12,82
577054,577136,577148,12,82
577054,577135,577147,12,81
577054,577138,577149,11,84
577054,577141,577149,8,87
577054,577136,577150,14,82
577054,577144,577150,6,90
577054,577143,577152,9,89
577054,577145,577152,7,91
577054,577145,577154,9,91
577054,577146,577154,8,92
577054,577146,577156,10,92
577054,577149,577156,7,95
577054,577149,577156,7,95
577054,577148,577157,9,94
577054,577150,577157,7,96
577054,577150,577156,6,96
577054,577148,577158,10,94
577054,577152,577158,6,98
577054,577147,577159,12,93
577054,577147,577159,12,93
577054,577154,577159,5,100
577054,577157,577160,3,103
577054,577157,577160,3,103
577054,577152,577159,7,98
577054,577157,577161,4,103
577054,577154,577161,7,100
577054,577158,577161,3,104
577054,577148,577160,12,94
577054,577148,577160,12,94
577054,577159,577162,3,105
577054,577156,577162,6,102
577054,577156,577161,5,102
577054,577159,577162,3,105
577054,577159,577163,4,105
577054,577159,577162,3,105
577054,577156,577162,6,102
577054,577161,577164,3,107
577054,577163,577164,1,109
577054,577160,577163,3,106
577054,577161,577164,3,107
577054,577162,577163,1,108
577054,577162,577164,2,108
577054,577162,577164,2,108
577054,577161,577164,3,107
577054,577161,577164,3,107
577054,577160,577165,5,106
577054,577161,577164,3,107
577054,577163,577166,3,109
577054,577164,577166,2,110
577054,577161,577165,4,107
577054,577163,577165,2,109
577054,577163,577166,3,109
577054,577164,577165,1,110
577085,577164,577167,3,79
577054,577164,577166,2,110
577085,577164,577166,2,79
577085,577166,577167,1,81
577085,577164,577168,4,79
577085,577165,577168,3,80
577085,577165,577167,2,80
577085,577164,577167,3,79
577085,577165,577168,3,80
577085,577166,577169,3,81
577085,577166,577169,3,81
577085,577166,577172,6,81
576586,576722,577174,452,136
577085,577166,577174,8,81
577085,577166,577176,10,81
577085,577167,577178,11,82
577085,577167,577179,12,82
577085,577168,577179,11,83
577085,577167,577178,11,82
577085,577168,577180,12,83
577085,577169,577180,11,84
577085,577168,577180,12,83
577085,577172,577181,9,87
577085,577170,577182,12,85
577085,577169,577181,12,84
577085,577178,577182,4,93
577085,577176,577182,6,91
577085,577174,577183,9,89
577085,577175,577183,8,90
577085,577170,577183,13,85
577085,577167,577182,15,82
577085,577179,577184,5,94
576793,576862,577188,326,69
577085,577181,577189,8,96
577085,577183,577189,6,98
577085,577179,577189,10,94
577085,577182,577188,6,97
577085,577182,577190,8,97
577085,577183,577190,7,98
577085,577180,577189,9,95
577085,577183,577189,6,98
577085,577183,577190,7,98
577085,577179,577190,11,94
577085,577182,577191,9,97
577085,577180,577192,12,95
577085,577180,577192,12,95
577085,577190,577192,2,105
577085,577186,577192,6,101
577085,577190,577193,3,105
577085,577182,577193,11,97
577085,577190,577193,3,105
577085,577188,577193,5,103
577085,577191,577194,3,106
577085,577190,577193,3,105
577085,577189,577194,5,104
577085,577190,577194,4,105
577085,577191,577195,4,106
577085,577189,577195,6,104
577085,577192,577195,3,107
577085,577189,577194,5,104
577085,577192,577196,4,107
577085,577192,577196,4,107
577085,577192,577195,3,107
577085,577194,577196,2,109
577085,577189,577196,7,104
577085,577193,577196,3,108
577085,577194,577197,3,109
577085,577194,577196,2,109
577085,577196,577197,1,111
577085,577194,577197,3,109
577085,577193,577196,3,108
577085,577195,577197,2,110
577085,577193,577196,3,108
577085,577196,577198,2,111
577085,577195,577197,2,110
577085,577196,577198,2,111
577085,577195,577197,2,110
577085,577194,577197,3,109
577126,577196,577198,2,70
576633,576749,577198,449,116
577126,577197,577198,1,71
577126,577197,577198,1,71
577126,577197,577200,3,71
577126,577197,577200,3,71
577126,577197,577199,2,71
577126,577197,577200,3,71
577126,577198,577201,3,72
577126,577196,577200,4,70
577126,577197,577200,3,71
577126,577198,577204,6,72
577126,577198,577208,10,72
577126,577198,577208,10,72
577126,577199,577209,10,73
577126,577198,577209,11,72
577126,577200,577209,9,74
577126,577200,577210,10,74
577126,577199,577210,11,73
577126,577201,577211,10,75
577126,577198,577210,12,72
577126,577200,577212,12,74
577126,577201,577212,11,75
577126,577204,577213,9,78
577126,577200,577212,12,74
577126,577200,577212,12,74
577126,577200,577214,14,74
577126,577201,577213,12,75
577126,577209,577215,6,83
577126,577209,577217,8,83
576709,576774,577217,443,65
577126,577208,577217,9,82
577126,577209,577218,9,83
577126,577209,577219,10,83
577126,577210,577219,9,84
577126,577212,577220,8,86
577126,577211,577220,9,85
577126,577212,577220,8,86
577126,577214,577220,6,88
577126,577210,577221,11,84
577126,577214,577221,7,88
577126,577213,577222,9,87
577126,577215,577222,7,89
577126,577212,577221,9,86
577126,577213,577222,9,87
577126,577213,577222,9,87
577126,577219,577223,4,93
577126,577217,577223,6,91
577126,577217,577223,6,91
577126,577217,577223,6,91
577126,577221,577224,3,95
577126,577220,577224,4,94
577126,577218,577223,5,92
577126,577220,577225,5,94
577126,577222,577225,3,96
577126,577222,577225,3,96
577126,577219,577224,5,93
577126,577220,577224,4,94
577126,577222,577225,3,96
577126,577222,577226,4,96
576736,576797,577226,429,61
577126,577222,577225,3,96
577126,577221,577226,5,95
577126,577223,577226,3,97
577126,577223,577225,2,97
577126,577225,577227,2,99
577126,577225,577227,2,99
577126,577220,577226,6,94
577126,577224,577226,2,98
577126,577225,577227,2,99
577126,577224,577227,3,98
577126,577225,577226,1,99
577126,577223,577227,4,97
577126,577225,577228,3,99
577126,577226,577228,2,100
577126,577224,577227,3,98
577177,577226,577228,2,49
577126,577223,577227,4,97
577177,577226,577229,3,49
577177,577226,577229,3,49
577177,577226,577229,3,49
577177,577227,577228,1,50
577177,577227,577229,2,50
577126,577226,577228,2,100
577177,577227,577229,2,50
577177,577227,577230,3,50
577177,577227,577229,2,50
577177,577227,577229,2,50
576835,576910,577233,323,75
577177,577227,577234,7,50
577177,577231,577236,5,54
577177,577233,577237,4,56
577177,577231,577237,6,54
577177,577228,577239,11,51
577177,577228,577239,11,51
577177,577229,577239,10,52
577177,577228,577240,12,51
577177,577234,577240,6,57
577177,577228,577239,11,51
577177,577229,577239,10,52
577177,577229,577241,12,52
577177,577229,577240,11,52
577177,577229,577241,12,52
577177,577228,577241,13,51
577177,577230,577240,10,53
577177,577230,577241,11,53
577177,577229,577242,13,52
577177,577228,577241,13,51
577177,577241,577245,4,64
577177,577241,577245,4,64
577177,577237,577246,9,60
577177,577241,577246,5,64
577177,577241,577247,6,64
577177,577239,577247,8,62
577177,577236,577247,11,59
577177,577241,577247,6,64
577177,577240,577247,7,63
577177,577242,577248,6,65
577177,577240,577248,8,63
577177,577240,577249,9,63
577177,577242,577248,6,65
577177,577242,577249,7,65
577177,577238,577249,11,61
577177,577240,577250,10,63
577177,577246,577250,4,69
577177,577239,577249,10,62
577177,577245,577251,6,68
577177,577247,577251,4,70
577177,577245,577252,7,68
577177,577248,577252,4,71
577177,577248,577252,4,71
577177,577239,577251,12,62
577177,577249,577252,3,72
577177,577247,577252,5,70
577177,577250,577253,3,73
577177,577250,577253,3,73
577177,577248,577252,4,71
577177,577249,577253,4,72
577177,577247,577252,5,70
577177,577250,577253,3,73
577177,577247,577253,6,70
577177,577249,577252,3,72
577177,577251,577254,3,74
577177,577251,577254,3,74
577177,577252,577253,1,75
577177,577246,577253,7,69
577177,577252,577254,2,75
577177,577252,577253,1,75
577177,577251,577253,2,74
577177,577252,577254,2,75
577177,577253,577255,2,76
577177,577253,577254,1,76
577177,577252,577254,2,75
577177,577252,577254,2,75
577189,577253,577255,2,64
577189,577254,577255,1,65
577189,577254,577256,2,65
577189,577253,577256,3,64
577189,577253,577256,3,64
577189,577254,577257,3,65
577189,577253,577256,3,64
577189,577253,577256,3,64
577189,577254,577256,2,65
577189,577254,577259,5,65
577189,577254,577260,6,65
576856,576934,577262,328,78
577189,577255,577266,11,66
577189,577256,577266,10,67
577189,577254,577266,12,65
577189,577254,577266,12,65
577189,577255,577267,12,66
577189,577256,577266,10,67
577189,577257,577268,11,68
577189,577255,577268,13,66
577189,577257,577269,12,68
577189,577256,577268,12,67
577189,577256,577268,12,67
577189,577257,577269,12,68
577189,577255,577269,14,66
577189,577260,577269,9,71
577189,577256,577270,14,67
577189,577257,577269,12,68
577189,577268,577271,3,79
577189,577259,577270,11,70
577189,577270,577272,2,81
577189,577269,577272,3,80
577189,577262,577271,9,73
577189,577268,577272,4,79
577189,577269,577273,4,80
577189,577266,577273,7,77
577189,577267,577272,5,78
577189,577269,577273,4,80
577189,577269,577273,4,80
577189,577268,577273,5,79
577189,577269,577274,5,80
577189,577266,577274,8,77
577189,577266,577274,8,77
577189,577266,577275,9,77
577189,577270,577275,5,81
577189,577271,577276,5,82
577189,577273,577277,4,84
577189,577270,577277,7,81
577189,577272,577276,4,83
577189,577272,577277,5,83
577189,577275,577277,2,86
577189,577273,577278,5,84
577189,577272,577278,6,83
577189,577273,577278,5,84
577189,577274,577278,4,85
577189,577272,577278,6,83
577189,577273,577277,4,84
577189,577274,577278,4,85
577189,577274,577278,4,85
577189,577271,577278,7,82
577189,577273,577279,6,84
577189,577276,577279,3,87
577189,577273,577278,5,84
577189,577275,577279,4,86
577189,577277,577280,3,88
577189,577277,577280,3,88
577189,577278,577280,2,89
577189,577277,577280,3,88
577189,577277,577280,3,88
577189,577277,577279,2,88
577189,577278,577279,1,89
577189,577278,577281,3,89
577189,577278,577280,2,89
577209,577279,577281,2,70
576764,576821,577281,460,57
577189,577278,577281,3,89
577189,577278,577281,3,89
577189,577278,577281,3,89
577209,577279,577281,2,70
577209,577279,577281,2,70
577209,577280,577282,2,71
577209,577280,577281,1,71
577209,577280,577282,2,71
577209,577279,577282,3,70
577209,577280,577283,3,71
577209,577279,577282,3,70
577209,577280,577284,4,71
577209,577281,577286,5,72
577209,577283,577287,4,74
577209,577283,577289,6,74
577209,577281,577290,9,72
577209,577281,577290,9,72
577209,577282,577291,9,73
577209,577284,577292,8,75
577209,577281,577293,12,72
577209,577282,577293,11,73
577209,577281,577293,12,72
577209,577281,577293,12,72
577209,577282,577293,11,73
577209,577282,577294,12,73
577209,577281,577293,12,72
577209,577282,577294,12,73
577209,577281,577293,12,72
577209,577282,577293,11,73
577209,577282,577294,12,73
577209,577286,577295,9,77
577209,577294,577297,3,85
577209,577294,577297,3,85
577209,577294,577297,3,85
577209,577294,577298,4,85
577209,577294,577298,4,85
577209,577288,577299,11,79
577209,577289,577299,10,80
577209,577290,577300,10,81
577209,577290,577299,9,81
577209,577294,577299,5,85
577209,577293,577301,8,84
577209,577295,577301,6,86
577209,577293,577301,8,84
577209,577292,577301,9,83
577209,577293,577302,9,84
576777,576843,577302,459,66
577209,577293,577301,8,84
577209,577295,577301,6,86
577209,577300,577303,3,91
577209,577297,577303,6,88
577209,577291,577303,12,82
577209,577297,577304,7,88
577209,577298,577304,6,89
577209,577301,577304,3,92
577209,577301,577304,3,92
577209,577299,577304,5,90
577209,577301,577303,2,92
577209,577302,577305,3,93
577209,577299,577304,5,90
577209,577303,577305,2,94
577209,577300,577304,4,91
577209,577304,577305,1,95
577209,577299,577304,5,90
577209,577302,577305,3,93
577209,577297,577304,7,88
577209,577302,577306,4,93
577209,577302,577305,3,93
577209,577302,577305,3,93
577209,577304,577306,2,95
577209,577302,577306,4,93
577209,577303,577306,3,94
577217,577305,577307,2,88
577209,577304,577306,2,95
577217,577305,577307,2,88
577209,577304,577307,3,95
577209,577304,577306,2,95
577209,577305,577307,2,96
577209,577303,577306,3,94
577209,577304,577306,2,95
577217,577305,577308,3,88
577217,577305,577307,2,88
577217,577306,577308,2,89
577217,577306,577309,3,89
577217,577306,577309,3,89
577217,577305,577308,3,88
577217,577305,577309,4,88
577217,577306,577310,4,89
577217,577306,577312,6,89
577217,577309,577316,7,92
577217,577309,577316,7,92
577217,577307,577317,10,90
577217,577307,577317,10,90
577217,577310,577318,8,93
577217,577308,577318,10,91
577217,577307,577317,10,90
577217,577307,577319,12,90
577217,577307,577319,12,90
577217,577308,577320,12,91
577217,577307,577320,13,90
577217,577306,577320,14,89
577217,577307,577320,13,90
577217,577309,577320,11,92
577217,577308,577320,12,91
577217,577309,577321,12,92
577217,577311,577321,10,94
577217,577320,577323,3,103
577217,577313,577323,10,96
577217,577320,577323,3,103
577217,577321,577324,3,104
577217,577321,577325,4,104
577217,577320,577325,5,103
577217,577320,577324,4,103
577217,577317,577326,9,100
577217,577318,577326,8,101
577217,577316,577325,9,99
577217,577319,577326,7,102
577217,577316,577327,11,99
577217,577318,577326,8,101
577217,577319,577328,9,102
577217,577321,577328,7,104
577217,577317,577327,10,100
577217,577318,577329,11,101
577217,577325,577330,5,108
577217,577322,577329,7,105
577217,577325,577330,5,108
577217,577326,577330,4,109
577217,577324,577329,5,107
577217,577325,577330,5,108
577217,577326,577330,4,109
577217,577324,577330,6,107
577217,577326,577331,5,109
577217,577324,577330,6,107
577217,577328,577331,3,111
577217,577327,577330,3,110
577217,577327,577332,5,110
577217,577328,577331,3,111
577217,577323,577331,8,106
577217,577326,577331,5,109
577217,577330,577332,2,113
577217,577328,577331,3,111
577217,577330,577333,3,113
576811,576885,577332,447,74
577217,577330,577333,3,113
577217,577330,577332,2,113
577217,577332,577333,1,115
577217,577330,577333,3,113
577217,577330,577333,3,113
577217,577331,577333,2,114
577226,577332,577334,2,106
577217,577330,577333,3,113
577217,577331,577333,2,114
577217,577329,577333,4,112
577217,577331,577333,2,114
577217,577330,577333,3,113
577226,577332,577335,3,106
577226,577332,577335,3,106
577226,577333,577335,2,107
577226,577333,577335,2,107
577226,577332,577334,2,106
577226,577333,577336,3,107
577226,577333,577335,2,107
577226,577333,577335,2,107
577226,577333,577335,2,107
577226,577334,577342,8,108
577226,577334,577344,10,108
577226,577334,577345,11,108
577226,577336,577345,9,110
577226,577336,577345,9,110
577226,577335,577346,11,109
577226,577336,577346,10,110
577226,577334,577346,12,108
577226,577334,577347,13,108
577226,577335,577346,11,109
577226,577335,577347,12,109
577226,577335,577347,12,109
577226,577334,577347,13,108
577226,577334,577346,12,108
577226,577335,577346,11,109
577226,577335,577348,13,109
577226,577336,577348,12,110
577226,577336,577349,13,110
577226,577348,577350,2,122
577226,577347,577350,3,121
577226,577347,577351,4,121
577226,577348,577351,3,122
577226,577347,577351,4,121
577226,577348,577351,3,122
577226,577347,577352,5,121
577226,577343,577353,10,117
577226,577345,577354,9,119
577226,577347,577354,7,121
577226,577348,577354,6,122
577226,577346,577354,8,120
577226,577346,577355,9,120
577226,577344,577354,10,118
577226,577351,577356,5,125
577226,577351,577356,5,125
577226,577345,577355,10,119
577226,577349,577356,7,123
577226,577346,577355,9,120
577226,577351,577357,6,125
577226,577350,577357,7,124
577226,577351,577357,6,125
577226,577352,577357,5,126
577226,577345,577357,12,119
577226,577350,577357,7,124
577226,577354,577358,4,128
577226,577355,577358,3,129
577226,577355,577359,4,129
577226,577354,577359,5,128
577226,577354,577359,5,128
577226,577354,577359,5,128
577226,577354,577358,4,128
577226,577356,577360,4,130
577226,577356,577360,4,130
577226,577357,577360,3,131
577226,577357,577360,3,131
577226,577356,577359,3,130
577226,577357,577360,3,131
577226,577357,577359,2,131
577226,577357,577359,2,131
577226,577356,577361,5,130
577226,577358,577361,3,132
577226,577358,577360,2,132
577226,577359,577360,1,133
577226,577359,577361,2,133
577226,577359,577360,1,133
577240,577360,577361,1,120
577226,577358,577361,3,132
577240,577359,577362,3,119
577240,577360,577362,2,120
577240,577360,577362,2,120
577240,577360,577362,2,120
577240,577359,577362,3,119
576996,577041,577363,322,45
577240,577360,577362,2,120
577240,577360,577363,3,120
577240,577360,577364,4,120
577240,577360,577367,7,120
577240,577361,577372,11,121
577240,577361,577372,11,121
577240,577361,577372,11,121
577240,577361,577372,11,121
577240,577361,577373,12,121
577240,577361,577373,12,121
577240,577361,577374,13,121
577240,577362,577374,12,122
577240,577362,577374,12,122
577240,577362,577374,12,122
577240,577363,577373,10,123
577240,577372,577375,3,132
577240,577362,577375,13,122
577240,577373,577375,2,133
577240,577362,577374,12,122
577240,577363,577375,12,123
577240,577373,577376,3,133
577240,577367,577376,9,127
577240,577364,577376,12,124
577240,577364,577375,11,124
577240,577363,577375,12,123
577240,577372,577377,5,132
577240,577376,577378,2,136
577240,577375,577377,2,135
577240,577375,577378,3,135
577240,577373,577378,5,133
577240,577374,577378,4,134
577240,577374,577378,4,134
577240,577373,577379,6,133
577240,577375,577379,4,135
577240,577374,577379,5,134
577240,577374,577378,4,134
577240,577375,577379,4,135
577240,577375,577379,4,135
577240,577376,577379,3,136
577240,577376,577381,5,136
577240,577377,577381,4,137
577240,577378,577382,4,138
577240,577376,577382,6,136
577240,577378,577382,4,138
577240,577378,577383,5,138
577240,577377,577383,6,137
577240,577378,577383,5,138
577240,577376,577382,6,136
577240,577378,577383,5,138
577240,577379,577382,3,139
577240,577380,577382,2,140
577240,577379,577384,5,139
577240,577378,577384,6,138
577240,577379,577383,4,139
577240,577379,577383,4,139
577240,577379,577384,5,139
577240,577381,577385,4,141
577240,577382,577384,2,142
577240,577379,577385,6,139
577240,577381,577384,3,141
577240,577382,577385,3,142
577240,577383,577385,2,143
577240,577383,577385,2,143
577240,577383,577386,3,143
577240,577383,577386,3,143
577240,577383,577385,2,143
577266,577384,577386,2,118
577240,577382,577385,3,142
577240,577383,577385,2,143
577266,577385,577387,2,119
577240,577383,577386,3,143
577266,577384,577387,3,118
577266,577385,577386,1,119
577266,577385,577388,3,119
577266,577385,577388,3,119
577266,577385,577387,2,119
577266,577385,577387,2,119
577266,577384,577388,4,118
577266,577385,577392,7,119
577266,577385,577395,10,119
577266,577386,577396,10,120
577266,577386,577397,11,120
577266,577386,577396,10,120
577266,577386,577397,11,120
577266,577388,577398,10,122
577266,577387,577397,10,121
577266,577387,577397,10,121
577266,577386,577398,12,120
577266,577387,577399,12,121
577266,577387,577399,12,121
577266,577386,577398,12,120
577266,577388,577400,12,122
577266,577388,577401,13,122
577266,577389,577401,12,123
577266,577397,577401,4,131
577266,577397,577401,4,131
577266,577392,577402,10,126
577266,577388,577402,14,122
577266,577398,577402,4,132
577266,577399,577402,3,133
577266,577399,577403,4,133
577266,577398,577403,5,132
577266,577398,577402,4,132
577266,577398,577403,5,132
577266,577396,577404,8,130
577266,577395,577404,9,129
577266,577397,577404,7,131
577266,577400,577403,3,134
577266,577399,577403,4,133
577266,577401,577403,2,135
577266,577402,577405,3,136
577266,577401,577404,3,135
577266,577401,577404,3,135
577266,577402,577406,4,136
577266,577403,577407,4,137
577266,577405,577408,3,139
577266,577404,577408,4,138
577266,577402,577408,6,136
577266,577404,577408,4,138
577266,577402,577408,6,136
577266,577403,577409,6,137
577266,577404,577408,4,138
577266,577403,577409,6,137
577266,577405,577409,4,139
577266,577406,577409,3,140
577266,577402,577408,6,136
577266,577405,577409,4,139
577266,577406,577410,4,140
577266,577405,577409,4,139
577266,577405,577409,4,139
577266,577403,577409,6,137
577266,577408,577411,3,142
577266,577409,577410,1,143
577266,577409,577411,2,143
577266,577408,577410,2,142
577266,577407,577411,4,141
577266,577409,577411,2,143
577266,577408,577412,4,142
577266,577409,577412,3,143
577266,577408,577412,4,142
577266,577409,577411,2,143
577266,577409,577412,3,143
577282,577410,577413,3,128
577266,577409,577412,3,143
577266,577409,577412,3,143
577282,577411,577413,2,129
577282,577411,577412,1,129
577282,577411,577413,2,129
577282,577410,577414,4,128
577282,577410,577414,4,128
577282,577411,577414,3,129
577282,577411,577414,3,129
577282,577412,577415,3,130
577282,577411,577414,3,129
577282,577412,577419,7,130
576879,576960,577422,462,81
577282,577412,577422,10,130
577282,577413,577424,11,131
577282,577413,577424,11,131
577282,577413,577424,11,131
577282,577412,577424,12,130
577282,577413,577425,12,131
577282,577413,577425,12,131
577282,577413,577424,11,131
577282,577412,577426,14,130
577282,577414,577426,12,132
577282,577415,577426,11,133
577282,577414,577427,13,132
577282,577415,577427,12,133
577282,577414,577426,12,132
577282,577414,577427,13,132
577282,577427,577430,3,145
577282,577427,577430,3,145
577282,577426,577430,4,144
577282,577427,577431,4,145
577282,577426,577431,5,144
577282,577426,577430,4,144
577282,577425,577432,7,143
577282,577419,577431,12,137
577282,577428,577431,3,146
577282,577425,577433,8,143
577282,577424,577433,9,142
577282,577422,577432,10,140
577282,577422,577432,10,140
577282,577424,577432,8,142
577282,577430,577434,4,148
577282,577425,577436,11,143
577282,577432,577436,4,150
577282,577430,577436,6,148
577282,577424,577435,11,142
577282,577425,577437,12,143
577282,577433,577437,4,151
577282,577432,577437,5,150
577282,577433,577437,4,151
577282,577432,577436,4,150
577282,577431,577438,7,149
577282,577433,577437,4,151
577282,577431,577438,7,149
577282,577433,577438,5,151
577282,577434,577438,4,152
577282,577431,577438,7,149
577282,577433,577438,5,151
577282,577431,577439,8,149
577282,577437,577439,2,155
577282,577437,577440,3,155
577282,577437,577440,3,155
577282,577437,577440,3,155
577282,577436,577441,5,154
577282,577438,577441,3,156
577282,577436,577440,4,154
577282,577438,577440,2,156
577282,577437,577440,3,155
577282,577437,577441,4,155
577282,577439,577442,3,157
577282,577438,577441,3,156
577303,577440,577442,2,137
577282,577436,577441,5,154
577282,577439,577442,3,157
577282,577439,577441,2,157
577282,577439,577441,2,157
577282,577439,577442,3,157
577303,577440,577443,3,137
577303,577441,577443,2,138
577303,577441,577444,3,138
577303,577440,577443,3,137
577303,577441,577444,3,138
577303,577441,577443,2,138
577303,577441,577443,2,138
577303,577441,577443,2,138
577303,577442,577446,4,139
576883,576983,577448,465,100
577303,577442,577450,8,139
577303,577442,577452,10,139
577303,577443,577454,11,140
577303,577442,577455,13,139
577303,577444,577455,11,141
577303,577443,577455,12,140
577303,577443,577454,11,140
577303,577444,577456,12,141
577303,577444,577455,11,141
577303,577442,577456,14,139
577303,577444,577457,13,141
577303,577443,577456,13,140
577303,577444,577456,12,141
577303,577445,577456,11,142
577303,577446,577458,12,143
577303,577444,577458,14,141
577303,577449,577459,10,146
577303,577456,577460,4,153
577303,577450,577460,10,147
577303,577458,577460,2,155
577303,577457,577461,4,154
577303,577452,577461,9,149
577303,577457,577461,4,154
577303,577456,577461,5,153
577303,577457,577461,4,154
577303,577456,577461,5,153
577303,577458,577462,4,155
577303,577457,577461,4,154
577303,577455,577464,9,152
577303,577459,577464,5,156
577303,577454,577463,9,151
577303,577455,577465,10,152
577303,577455,577465,10,152
577303,577455,577466,11,152
577303,577461,577465,4,158
577303,577461,577466,5,158
576949,577008,577466,458,59
577303,577462,577467,5,159
577303,577461,577466,5,158
577303,577460,577466,6,157
577303,577460,577467,7,157
577303,577461,577467,6,158
577303,577461,577468,7,158
577303,577461,577467,6,158
577303,577462,577467,5,159
577303,577464,577468,4,161
577303,577460,577467,7,157
577303,577464,577467,3,161
577303,577466,577469,3,163
577303,577465,577469,4,162
577303,577464,577468,4,161
577303,577466,577470,4,163
577303,577467,577470,3,164
577303,577465,577470,5,162
577303,577467,577470,3,164
577303,577467,577469,2,164
577303,577468,577470,2,165
577303,577468,577471,3,165
577303,577467,577471,4,164
577303,577468,577471,3,165
577303,577468,577470,2,165
577303,577467,577470,3,164
577303,577468,577471,3,165
577303,577468,577471,3,165
577303,577468,577472,4,165
577303,577468,577471,3,165
577334,577470,577472,2,136
577334,577470,577471,1,136
577334,577470,577473,3,136
577334,577470,577472,2,136
577334,577469,577472,3,135
577334,577470,577472,2,136
577334,577469,577472,3,135
577334,577471,577474,3,137
577334,577470,577473,3,136
577334,577471,577476,5,137
577334,577471,577479,8,137
577334,577471,577481,10,137
577334,577472,577483,11,138
577334,577471,577483,12,137
577334,577472,577483,11,138
577334,577472,577484,12,138
577334,577472,577484,12,138
577334,577472,577484,12,138
577334,577473,577484,11,139
577334,577473,577485,12,139
577334,577473,577485,12,139
577334,577472,577485,13,138
577334,577473,577485,12,139
577334,577473,577485,12,139
577334,577474,577485,11,140
577334,577474,577486,12,140
577334,577476,577488,12,142
577334,577483,577488,5,149
577334,577483,577489,6,149
577334,577484,577489,5,150
577334,577485,577489,4,151
577334,577484,577488,4,150
577334,577484,577489,5,150
577334,577486,577490,4,152
577334,577479,577490,11,145
577334,577482,577490,8,148
577334,577484,577489,5,150
577334,577485,577489,4,151
577334,577485,577489,4,151
577334,577485,577491,6,151
577334,577487,577491,4,153
577334,577486,577490,4,152
577334,577488,577492,4,154
577334,577483,577491,8,149
577334,577488,577493,5,154
577334,577490,577494,4,156
577334,577490,577494,4,156
577334,577489,577494,5,155
577334,577490,577494,4,156
577334,577490,577495,5,156
577334,577491,577495,4,157
577334,577491,577495,4,157
577334,577489,577495,6,155
577334,577490,577494,4,156
577334,577491,577495,4,157
577334,577489,577496,7,155
577334,577489,577495,6,155
577334,577490,577495,5,156
577334,577492,577496,4,158
577334,577489,577495,6,155
577054,577164,577496,332,110
577334,577494,577497,3,160
577334,577492,577496,4,158
577373,577496,577498,2,123
577334,577493,577498,5,159
577334,577495,577498,3,161
577334,577494,577497,3,160
577334,577495,577498,3,161
577334,577495,577498,3,161
577334,577495,577498,3,161
577334,577494,577498,4,160
577334,577495,577498,3,161
577334,577495,577498,3,161
577373,577496,577498,2,123
577334,577494,577498,4,160
577334,577496,577498,2,162
577373,577497,577498,1,124
577334,577496,577498,2,162
577334,577496,577498,2,162
577373,577498,577500,2,125
577373,577498,577499,1,125
577373,577498,577500,2,125
577373,577498,577501,3,125
577373,577498,577501,3,125
577373,577498,577500,2,125
577373,577498,577500,2,125
577373,577501,577503,2,128
577373,577501,577503,2,128
577373,577501,577505,4,128
577373,577498,577505,7,125
577373,577501,577506,5,128
577373,577503,577507,4,130
577373,577503,577507,4,130
577373,577499,577507,8,126
577373,577500,577509,9,127
577373,577505,577509,4,132
577373,577499,577509,10,126
577373,577499,577509,10,126
577373,577499,577509,10,126
577373,577500,577510,10,127
577373,577499,577510,11,126
577373,577501,577510,9,128
577373,577506,577510,4,133
577373,577505,577510,5,132
577373,577507,577511,4,134
577373,577499,577510,11,126
577373,577499,577510,11,126
577373,577509,577511,2,136
577373,577499,577510,11,126
577373,577499,577511,12,126
577373,577508,577512,4,135
577373,577507,577511,4,134
577373,577509,577512,3,136
577373,577509,577513,4,136
577373,577509,577513,4,136
577373,577509,577512,3,136
577373,577510,577514,4,137
577373,577510,577515,5,137
577373,577511,577515,4,138
577373,577513,577515,2,140
577373,577511,577515,4,138
577373,577510,577516,6,137
577373,577511,577516,5,138
577373,577512,577516,4,139
577373,577512,577516,4,139
577373,577511,577516,5,138
577373,577510,577516,6,137
577373,577510,577516,6,137
577373,577513,577517,4,140
577373,577511,577516,5,138
577373,577512,577516,4,139
577373,577513,577516,3,140
577373,577515,577517,2,142
577373,577513,577517,4,140
577373,577516,577518,2,143
577373,577514,577518,4,141
577373,577516,577519,3,143
577373,577515,577519,4,142
577373,577516,577519,3,143
577373,577515,577518,3,142
577373,577516,577519,3,143
577373,577516,577520,4,143
577373,577515,577520,5,142
577373,577516,577519,3,143
577373,577517,577520,3,144
577373,577516,577519,3,143
577373,577517,577520,3,144
577425,577519,577521,2,94
577085,577196,577521,325,111
577373,577517,577521,4,144
577373,577517,577520,3,144
577373,577517,577520,3,144
577373,577518,577522,4,145
577425,577519,577522,3,94
577425,577519,577522,3,94
577425,577519,577522,3,94
577425,577519,577521,2,94
577425,577520,577522,2,95
577425,577520,577522,2,95
577425,577519,577522,3,94
577425,577520,577522,2,95
577425,577520,577522,2,95
577425,577520,577527,7,95
577425,577520,577530,10,95
577425,577521,577531,10,96
577425,577521,577531,10,96
577425,577524,577532,8,99
577425,577522,577532,10,97
577425,577521,577533,12,96
577425,577521,577533,12,96
577425,577521,577533,12,96
577425,577522,577534,12,97
577425,577522,577534,12,97
577425,577522,577534,12,97
577425,577522,577535,13,97
577425,577523,577534,11,98
577425,577522,577536,14,97
577425,577522,577536,14,97
577425,577527,577537,10,102
577425,577524,577536,12,99
577425,577534,577537,3,109
577425,577535,577538,3,110
577425,577535,577538,3,110
577425,577534,577538,4,109
577425,577534,577538,4,109
577425,577530,577540,10,105
577425,577531,577540,9,106
577425,577536,577540,4,111
577425,577534,577540,6,109
577425,577532,577540,8,107
577425,577531,577541,10,106
577425,577533,577541,8,108
577425,577533,577541,8,108
577425,577536,577542,6,111
577425,577532,577542,10,107
577425,577537,577543,6,112
577005,577070,577543,473,65
577425,577537,577544,7,112
577425,577538,577544,6,113
577425,577541,577544,3,116
577425,577538,577544,6,113
577425,577539,577545,6,114
577425,577540,577544,4,115
577425,577540,577545,5,115
577425,577538,577544,6,113
577425,577541,577544,3,116
577425,577540,577544,4,115
577425,577541,577545,4,116
577425,577537,577544,7,112
577425,577540,577546,6,115
577425,577542,577547,5,117
577425,577543,577547,4,118
577425,577544,577547,3,119
577425,577545,577547,2,120
577425,577543,577547,4,118
577425,577545,577548,3,120
577425,577543,577547,4,118
577425,577545,577547,2,120
577425,577545,577548,3,120
577425,577545,577548,3,120
577425,577542,577548,6,117
577425,577544,577547,3,119
577425,577546,577548,2,121
577425,577544,577547,3,119
577453,577547,577549,2,94
577453,577547,577549,2,94
577425,577545,577548,3,120
577425,577546,577548,2,121
577425,577544,577548,4,119
577425,577545,577548,3,120
577453,577547,577549,2,94
577453,577548,577550,2,95
577453,577547,577549,2,94
577453,577548,577550,2,95
577453,577548,577550,2,95
577453,577548,577551,3,95
577453,577548,577550,2,95
577453,577548,577552,4,95
577453,577548,577556,8,95
577453,577551,577556,5,98
577453,577552,577557,5,99
577453,577551,577557,6,98
577453,577548,577558,10,95
577453,577550,577559,9,97
577453,577549,577559,10,96
577453,577550,577559,9,97
577453,577550,577559,9,97
577453,577550,577560,10,97
577453,577549,577560,11,96
577453,577549,577560,11,96
577453,577550,577560,10,97
577453,577549,577560,11,96
577453,577556,577561,5,103
577453,577556,577561,5,103
577453,577548,577561,13,95
577453,577549,577561,12,96
577453,577549,577562,13,96
577453,577557,577564,7,104
577453,577560,577566,6,107
577453,577560,577566,6,107
577453,577562,577567,5,109
577453,577557,577567,10,104
577453,577560,577567,7,107
577453,577561,577567,6,108
577453,577562,577567,5,109
577453,577559,577568,9,106
577453,577558,577568,10,105
577453,577559,577568,9,106
577453,577560,577568,8,107
577453,577561,577567,6,108
577453,577559,577569,10,106
577453,577561,577568,7,108
577453,577559,577568,9,106
577453,577562,577570,8,109
577030,577100,577569,469,70
577453,577564,577571,7,111
577453,577568,577571,3,115
577453,577567,577571,4,114
577453,577567,577572,5,114
577453,577566,577572,6,113
577453,577567,577572,5,114
577453,577568,577572,4,115
577453,577567,577573,6,114
577453,577567,577573,6,114
577453,577566,577572,6,113
577453,577568,577573,5,115
577453,577568,577572,4,115
577453,577571,577573,2,118
577453,577569,577572,3,116
577453,577571,577573,2,118
577453,577569,577574,5,116
577453,577571,577574,3,118
577453,577570,577574,4,117
577453,577568,577573,5,115
577453,577569,577573,4,116
577453,577570,577574,4,117
577467,577573,577575,2,106
577467,577573,577575,2,106
577453,577572,577575,3,119
577453,577572,577575,3,119
577453,577573,577575,2,120
577467,577573,577575,2,106
577453,577573,577576,3,120
577453,577572,577575,3,119
577467,577574,577576,2,107
577453,577573,577576,3,120
577453,577572,577575,3,119
577467,577574,577576,2,107
577467,577575,577577,2,108
577467,577574,577577,3,107
577453,577573,577576,3,120
577467,577574,577576,2,107
577467,577574,577576,2,107
577467,577574,577576,2,107
577467,577575,577580,5,108
577467,577577,577580,3,110
577467,577577,577581,4,110
577467,577577,577582,5,110
577467,577580,577583,3,113
577467,577577,577583,6,110
577467,577580,577584,4,113
577467,577575,577583,8,108
577467,577581,577585,4,114
577467,577576,577586,10,109
577467,577576,577586,10,109
577467,577582,577586,4,115
577467,577583,577587,4,116
577467,577583,577586,3,116
577467,577576,577587,11,109
577467,577577,577587,10,110
577467,577576,577587,11,109
577467,577576,577588,12,109
577467,577576,577588,12,109
577467,577576,577587,11,109
577467,577586,577589,3,119
577467,577584,577588,4,117
577467,577576,577588,12,109
577467,577584,577588,4,117
577467,577577,577589,12,110
577467,577586,577590,4,119
577467,577576,577589,13,109
577467,577585,577590,5,118
577467,577587,577592,5,120
577467,577587,577592,5,120
577467,577589,577592,3,122
577467,577586,577591,5,119
577467,577587,577593,6,120
577467,577589,577593,4,122
577467,577587,577593,6,120
577467,577588,577593,5,121
577467,577588,577593,5,121
577467,577588,577593,5,121
577467,577587,577594,7,120
577467,577590,577594,4,123
577467,577589,577593,4,122
577467,577590,577595,5,123
577467,577589,577594,5,122
577467,577589,577594,5,122
577467,577592,577595,3,125
577467,577593,577596,3,126
577467,577591,577595,4,124
577467,577593,577596,3,126
577467,577593,577596,3,126
577467,577592,577596,4,125
577467,577593,577597,4,126
577467,577594,577597,3,127
577467,577593,577597,4,126
577467,577595,577597,2,128
577467,577592,577596,4,125
577467,577595,577598,3,128
577467,577593,577598,5,126
577467,577593,577598,5,126
577467,577596,577598,2,129
577467,577594,577597,3,127
577467,577594,577597,3,127
577496,577597,577599,2,101
577467,577595,577598,3,128
577467,577596,577598,2,129
577496,577597,577599,2,101
577496,577597,577599,2,101
577467,577595,577598,3,128
577496,577596,577598,2,100
577496,577597,577599,2,101
577467,577596,577599,3,129
577496,577598,577600,2,102
577496,577598,577600,2,102
577496,577597,577599,2,101
577496,577598,577600,2,102
577496,577598,577600,2,102
577496,577600,577604,4,104
577496,577598,577604,6,102
577496,577601,577604,3,105
577496,577600,577606,6,104
577496,577604,577607,3,108
577496,577599,577608,9,103
577496,577604,577608,4,108
577496,577599,577609,10,103
577496,577599,577609,10,103
577496,577599,577609,10,103
577496,577600,577608,8,104
577496,577604,577609,5,108
577496,577598,577610,12,102
577496,577599,577609,10,103
577496,577599,577609,10,103
577031,577133,577610,477,102
577496,577599,577610,11,103
577496,577606,577610,4,110
577496,577600,577611,11,104
577496,577600,577610,10,104
577496,577608,577611,3,112
577496,577599,577610,11,103
577496,577609,577612,3,113
577496,577607,577612,5,111
577496,577609,577612,3,113
577496,577609,577612,3,113
577496,577608,577612,4,112
577496,577609,577612,3,113
577496,577609,577615,6,113
577496,577610,577615,5,114
577496,577610,577615,5,114
577496,577612,577616,4,116
577496,577612,577616,4,116
577496,577610,577616,6,114
577496,577610,577616,6,114
577496,577611,577617,6,115
577496,577612,577617,5,116
577496,577612,577617,5,116
577496,577611,577616,5,115
577496,577611,577617,6,115
577496,577613,577618,5,117
577496,577610,577618,8,114
577496,577610,577617,7,114
577496,577611,577617,6,115
577496,577612,577619,7,116
577496,577616,577619,3,120
577496,577616,577619,3,120
577496,577615,577618,3,119
577496,577616,577619,3,120
577496,577615,577620,5,119
577496,577617,577620,3,121
577496,577616,577620,4,120
577496,577618,577620,2,122
577496,577617,577620,3,121
577496,577617,577621,4,121
577496,577618,577621,3,122
577496,577619,577621,2,123
577496,577617,577620,3,121
577496,577618,577620,2,122
577496,577616,577621,5,120
577496,577618,577621,3,122
577496,577618,577621,3,122
577496,577619,577621,2,123
577496,577619,577622,3,123
577496,577619,577621,2,123
577521,577620,577621,1,99
577521,577620,577623,3,99
577521,577620,577623,3,99
577521,577620,577622,2,99
577521,577621,577623,2,100
577496,577620,577622,2,124
577521,577621,577623,2,100
577521,577621,577622,1,100
577521,577621,577624,3,100
577521,577621,577624,3,100
577521,577622,577625,3,101
577521,577622,577628,6,101
577521,577624,577628,4,103
577521,577626,577630,4,105
577210,577305,577630,325,95
577521,577622,577631,9,101
577521,577628,577631,3,107
577521,577622,577631,9,101
577521,577624,577632,8,103
577521,577628,577632,4,107
577521,577623,577633,10,102
577521,577630,577633,3,109
577521,577623,577632,9,102
577521,577623,577633,10,102
577521,577622,577632,10,101
577521,577622,577633,11,101
577521,577630,577634,4,109
577521,577623,577633,10,102
577521,577622,577633,11,101
577521,577623,577635,12,102
577521,577631,577635,4,110
577521,577631,577634,3,110
577521,577623,577634,11,102
577521,577632,577636,4,111
577521,577623,577636,13,102
577521,577633,577636,3,112
577521,577633,577636,3,112
577521,577632,577635,3,111
577521,577632,577635,3,111
577521,577633,577638,5,112
577521,577634,577638,4,113
577521,577634,577638,4,113
577521,577634,577639,5,113
577521,577636,577640,4,115
577521,577635,577640,5,114
577521,577637,577640,3,116
577521,577634,577640,6,113
577521,577636,577641,5,115
577521,577635,577641,6,114
577521,577636,577641,5,115
577521,577634,577641,7,113
577521,577636,577641,5,115
577521,577638,577640,2,117
577521,577636,577642,6,115
577521,577638,577642,4,117
577521,577634,577641,7,113
577521,577638,577641,3,117
577521,577639,577642,3,118
577521,577635,577642,7,114
577521,577636,577641,5,115
577521,577640,577643,3,119
577521,577640,577643,3,119
577521,577642,577644,2,121
577521,577642,577644,2,121
577521,577640,577644,4,119
577521,577641,577644,3,120
577521,577641,577643,2,120
577521,577642,577644,2,121
577521,577641,577644,3,120
577521,577641,577645,4,120
577521,577641,577644,3,120
577521,577642,577644,2,121
577544,577643,577644,1,99
577544,577644,577645,1,100
577521,577642,577645,3,121
577521,577641,577644,3,120
577521,577642,577645,3,121
577521,577642,577644,2,121
577521,577642,577645,3,121
577544,577644,577646,2,100
577544,577644,577645,1,100
577544,577644,577646,2,100
577544,577644,577646,2,100
577544,577644,577646,2,100
577544,577644,577646,2,100
577544,577645,577647,2,101
577544,577645,577648,3,101
577544,577648,577651,3,104
577544,577645,577652,7,101
577544,577645,577651,6,101
577544,577648,577651,3,104
577544,577647,577653,6,103
577544,577651,577654,3,107
577544,577652,577654,2,108
577544,577646,577655,9,102
577544,577646,577656,10,102
577544,577652,577656,4,108
577544,577645,577656,11,101
577544,577645,577656,11,101
577544,577645,577655,10,101
577544,577646,577655,9,102
577544,577647,577656,9,103
577544,577645,577657,12,101
577544,577645,577657,12,101
577544,577647,577657,10,103
577544,577652,577656,4,108
577544,577654,577657,3,110
577544,577653,577657,4,109
577544,577656,577658,2,112
577544,577654,577657,3,110
577544,577646,577658,12,102
577544,577655,577659,4,111
577544,577656,577659,3,112
577544,577656,577660,4,112
577544,577656,577660,4,112
577544,577656,577660,4,112
577544,577656,577660,4,112
577544,577656,577661,5,112
577544,577657,577661,4,113
577544,577657,577661,4,113
577544,577657,577662,5,113
577544,577658,577662,4,114
577544,577657,577662,5,113
577544,577659,577662,3,115
577544,577657,577663,6,113
577544,577658,577663,5,114
577544,577657,577662,5,113
577544,577658,577663,5,114
577544,577660,577664,4,116
577544,577660,577664,4,116
577544,577662,577664,2,118
577544,577661,577664,3,117
577544,577660,577664,4,116
577544,577661,577664,3,117
577544,577659,577664,5,115
577544,577661,577664,3,117
577544,577662,577665,3,118
577544,577660,577664,4,116
577544,577662,577666,4,118
577544,577664,577666,2,120
577544,577662,577666,4,118
577544,577663,577666,3,119
577544,577664,577667,3,120
577544,577663,577667,4,119
577544,577663,577667,4,119
577544,577664,577666,2,120
577544,577664,577666,2,120
577544,577665,577667,2,121
577544,577664,577668,4,120
577544,577665,577668,3,121
577544,577664,577667,3,120
577571,577665,577667,2,94
577571,577666,577668,2,95
577571,577666,577668,2,95
577571,577666,577667,1,95
577571,577667,577668,1,96
577544,577665,577668,3,121
577571,577666,577668,2,95
577571,577667,577670,3,96
577571,577667,577669,2,96
577571,577667,577669,2,96
577571,577667,577669,2,96
577571,577667,577672,5,96
577571,577670,577674,4,99
577571,577672,577675,3,101
577571,577674,577676,2,103
577571,577668,577677,9,97
577571,577668,577677,9,97
577571,577675,577678,3,104
577571,577668,577678,10,97
577571,577668,577678,10,97
577571,577670,577677,7,99
577571,577669,577678,9,98
577571,577668,577678,10,97
577571,577676,577679,3,105
577571,577668,577679,11,97
577571,577668,577680,12,97
577571,577677,577680,3,106
577571,577670,577679,9,99
577571,577670,577680,10,99
577571,577678,577680,2,107
577571,577669,577681,12,98
577571,577678,577681,3,107
577571,577678,577681,3,107
577571,577670,577680,10,99
577571,577678,577682,4,107
577571,577677,577682,5,106
577571,577679,577683,4,108
577571,577678,577682,4,107
577571,577679,577682,3,108
577571,577679,577683,4,108
577571,577680,577684,4,109
577571,577680,577684,4,109
577571,577680,577685,5,109
577571,577680,577685,5,109
577571,577680,577685,5,109
577571,577681,577685,4,110
577571,577681,577686,5,110
577571,577682,577686,4,111
577571,577683,577687,4,112
577571,577681,577686,5,110
577571,577683,577687,4,112
577571,577681,577686,5,110
577571,577684,577688,4,113
577571,577685,577688,3,114
577571,577683,577687,4,112
577571,577683,577687,4,112
577571,577685,577688,3,114
577571,577684,577687,3,113
577571,577683,577688,5,112
577571,577685,577689,4,114
577571,577685,577688,3,114
577571,577686,577690,4,115
577571,577687,577690,3,116
577571,577688,577690,2,117
577571,577686,577689,3,115
577571,577688,577690,2,117
577571,577688,577691,3,117
577571,577688,577691,3,117
577571,577687,577691,4,116
577571,577687,577690,3,116
577571,577688,577692,4,117
577571,577689,577692,3,118
577571,577687,577691,4,116
577571,577688,577691,3,117
577571,577689,577692,3,118
577611,577690,577692,2,79
577611,577690,577691,1,79
577571,577689,577691,2,118
577611,577690,577693,3,79
577611,577691,577692,1,80
577611,577690,577692,2,79
577611,577691,577693,2,80
577611,577692,577694,2,81
577611,577691,577693,2,80
577611,577691,577693,2,80
577611,577692,577694,2,81
577611,577692,577697,5,81
577127,577226,577699,473,99
577611,577697,577700,3,86
577611,577692,577701,9,81
577611,577695,577701,6,84
577611,577693,577702,9,82
577611,577692,577702,10,81
577611,577692,577702,10,81
577611,577692,577702,10,81
577611,577699,577703,4,88
577611,577701,577703,2,90
577611,577700,577703,3,89
577611,577693,577704,11,82
577611,577693,577704,11,82
577611,577695,577704,9,84
577611,577692,577704,12,81
577611,577694,577705,11,83
577611,577702,577705,3,91
577611,577693,577704,11,82
577611,577701,577705,4,90
577611,577703,577706,3,92
577611,577694,577706,12,83
577611,577702,577707,5,91
577611,577702,577707,5,91
577611,577703,577707,4,92
577611,577704,577707,3,93
577611,577702,577707,5,91
577611,577703,577708,5,92
577611,577704,577708,4,93
577611,577704,577709,5,93
577611,577704,577708,4,93
577611,577705,577709,4,94
577611,577705,577711,6,94
577611,577705,577711,6,94
577611,577706,577711,5,95
577611,577707,577712,5,96
577611,577706,577712,6,95
577611,577705,577711,6,94
577611,577707,577712,5,96
577611,577709,577712,3,98
577611,577709,577713,4,98
577611,577707,577712,5,96
577611,577708,577713,5,97
577611,577707,577712,5,96
577611,577708,577712,4,97
577611,577707,577713,6,96
577611,577709,577713,4,98
577611,577711,577714,3,100
577611,577711,577715,4,100
577611,577713,577715,2,102
577611,577712,577716,4,101
577611,577713,577716,3,102
577611,577712,577716,4,101
577611,577712,577715,3,101
577611,577712,577716,4,101
577611,577713,577716,3,102
577611,577714,577717,3,103
577611,577714,577717,3,103
577611,577711,577716,5,100
577611,577712,577716,4,101
577611,577713,577716,3,102
577611,577713,577716,3,102
577611,577714,577716,2,103
577611,577715,577718,3,104
577611,577716,577718,2,105
577634,577716,577718,2,82
577611,577715,577718,3,104
577634,577716,577719,3,82
577634,577716,577718,2,82
577634,577716,577719,3,82
577634,577717,577718,1,83
577634,577717,577719,2,83
577634,577717,577720,3,83
577634,577717,577720,3,83
577634,577717,577720,3,83
577634,577717,577721,4,83
577178,577253,577723,470,75
577634,577718,577725,7,84
577266,577410,577725,315,144
577634,577718,577728,10,84
577634,577719,577730,11,85
577634,577718,577730,12,84
577634,577718,577730,12,84
577634,577719,577731,12,85
577634,577718,577731,13,84
577634,577725,577731,6,91
577634,577719,577731,12,85
577634,577719,577731,12,85
577634,577721,577732,11,87
577634,577720,577733,13,86
577634,577720,577733,13,86
577634,577725,577734,9,91
577634,577720,577733,13,86
577634,577730,577734,4,96
577634,577720,577734,14,86
577634,577731,577734,3,97
577634,577728,577733,5,94
577634,577730,577735,5,96
577634,577723,577734,11,89
577634,577732,577734,2,98
577634,577730,577736,6,96
577634,577731,577735,4,97
577634,577732,577737,5,98
577634,577734,577739,5,100
577634,577733,577740,7,99
577634,577734,577740,6,100
577634,577733,577740,7,99
577634,577734,577740,6,100
577634,577734,577741,7,100
577634,577736,577741,5,102
577634,577733,577741,8,99
577634,577735,577741,6,101
577634,577736,577741,5,102
577634,577735,577741,6,101
577634,577734,577741,7,100
577634,577740,577743,3,106
577634,577737,577743,6,103
577634,577741,577743,2,107
577634,577740,577744,4,106
577634,577734,577744,10,100
577634,577740,577744,4,106
577634,577740,577744,4,106
577634,577741,577744,3,107
577634,577741,577745,4,107
577634,577741,577745,4,107
577634,577734,577744,10,100
577634,577736,577744,8,102
577634,577743,577745,2,109
577634,577740,577744,4,106
577634,577742,577745,3,108
577634,577741,577745,4,107
577634,577744,577746,2,110
577634,577742,577746,4,108
577634,577744,577746,2,110
577634,577745,577747,2,111
577634,577743,577746,3,109
577703,577745,577747,2,42
577634,577743,577746,3,109
577634,577744,577746,2,110
577634,577744,577747,3,110
577634,577744,577746,2,110
577703,577745,577748,3,42
577634,577745,577748,3,111
577634,577745,577748,3,111
577703,577746,577748,2,43
577703,577746,577747,1,43
577703,577747,577748,1,44
577634,577745,577748,3,111
577703,577746,577749,3,43
577189,577278,577748,470,89
577703,577747,577749,2,44
577703,577746,577749,3,43
577703,577747,577750,3,44
577703,577747,577750,3,44
577703,577747,577753,6,44
577703,577750,577754,4,47
577703,577750,577754,4,47
577703,577747,577755,8,44
577703,577748,577757,9,45
577703,577750,577758,8,47
577703,577749,577758,9,46
577703,577753,577758,5,50
577703,577748,577757,9,45
577703,577754,577758,4,51
577703,577749,577759,10,46
577703,577754,577759,5,51
577703,577748,577759,11,45
577703,577749,577759,10,46
577703,577748,577758,10,45
577703,577747,577759,12,44
577703,577748,577760,12,45
577703,577748,577759,11,45
577703,577757,577760,3,54
577703,577749,577761,12,46
577703,577757,577761,4,54
577703,577758,577761,3,55
577703,577758,577762,4,55
577703,577758,577762,4,55
577703,577758,577762,4,55
577703,577759,577763,4,56
577703,577758,577762,4,55
577703,577759,577763,4,56
577703,577759,577765,6,56
577703,577760,577766,6,57
577703,577761,577766,5,58
577703,577759,577766,7,56
577703,577760,577766,6,57
577703,577759,577767,8,56
577703,577761,577766,5,58
577703,577761,577767,6,58
577703,577762,577767,5,59
577703,577763,577768,5,60
577703,577763,577768,5,60
577703,577760,577767,7,57
577703,577760,577767,7,57
577703,577762,577768,6,59
577703,577763,577768,5,60
577703,577764,577768,4,61
577703,577766,577768,2,63
577703,577766,577770,4,63
577703,577766,577770,4,63
577703,577767,577769,2,64
577703,577769,577770,1,66
577703,577766,577770,4,63
577703,577765,577770,5,62
577703,577767,577770,3,64
577703,577768,577771,3,65
577703,577767,577771,4,64
577703,577768,577771,3,65
577703,577768,577771,3,65
577703,577770,577772,2,67
577703,577768,577771,3,65
577703,577770,577772,2,67
577703,577768,577772,4,65
577703,577768,577771,3,65
577703,577768,577771,3,65
577703,577767,577771,4,64
577729,577771,577773,2,42
577703,577770,577772,2,67
577729,577771,577773,2,42
577729,577770,577773,3,41
577703,577770,577772,2,67
577729,577772,577774,2,43
577729,577772,577774,2,43
577729,577771,577773,2,42
577729,577771,577773,2,42
577729,577772,577773,1,43
577729,577772,577775,3,43
577729,577772,577774,2,43
577282,577439,577776,337,157
577729,577772,577779,7,43
577729,577776,577780,4,47
577729,577775,577780,5,46
577729,577772,577782,10,43
577729,577775,577783,8,46
577729,577773,577784,11,44
577729,577773,577784,11,44
577729,577773,577785,12,44
577729,577774,577785,11,45
577729,577779,577785,6,50
577729,577775,577785,10,46
577729,577780,577784,4,51
577729,577772,577785,13,43
577729,577773,577785,12,44
577729,577774,577785,11,45
577729,577774,577786,12,45
577729,577773,577785,12,44
577729,577774,577785,11,45
577729,577780,577785,5,51
577729,577784,577787,3,55
577729,577782,577787,5,53
577729,577785,577788,3,56
577729,577783,577788,5,54
577729,577785,577788,3,56
577729,577784,577789,5,55
577729,577785,577788,3,56
577729,577785,577789,4,56
577729,577785,577790,5,56
577729,577785,577792,7,56
577729,577785,577792,7,56
577303,577469,577791,322,166
577729,577788,577792,4,59
577729,577786,577793,7,57
577729,577787,577793,6,58
577729,577787,577793,6,58
577729,577787,577793,6,58
577729,577785,577793,8,56
577218,577332,577792,460,114
577729,577789,577793,4,60
577729,577790,577794,4,61
577729,577786,577794,8,57
577729,577788,577793,5,59
577729,577788,577794,6,59
577729,577789,577793,4,60
577729,577792,577794,2,63
577729,577791,577795,4,62
577729,577792,577795,3,63
577729,577793,577795,2,64
577729,577786,577794,8,57
577729,577793,577796,3,64
577729,577792,577796,4,63
577729,577792,577796,4,63
577729,577793,577797,4,64
577729,577795,577797,2,66
577729,577795,577796,1,66
577729,577794,577797,3,65
577729,577794,577796,2,65
577729,577794,577796,2,65
577729,577794,577796,2,65
577729,577795,577796,1,66
577729,577793,577797,4,64
577729,577793,577797,4,64
577729,577795,577798,3,66
577729,577794,577798,4,65
577729,577793,577797,4,64
577729,577794,577797,3,65
577729,577794,577797,3,65
577729,577797,577799,2,68
577729,577796,577799,3,67
577729,577796,577798,2,67
577729,577797,577799,2,68
577729,577797,577799,2,68
577729,577796,577798,2,67
577729,577797,577799,2,68
577729,577797,577801,4,68
577729,577797,577800,3,68
577729,577797,577800,3,68
577729,577797,577804,7,68
577729,577801,577807,6,72
577729,577801,577807,6,72
577729,577801,577808,7,72
577729,577799,577809,10,70
577729,577798,577809,11,69
577729,577799,577810,11,70
577729,577800,577810,10,71
577729,577798,577810,12,69
577729,577799,577810,11,70
577729,577798,577811,13,69
577729,577799,577811,12,70
577729,577797,577811,14,68
577729,577804,577810,6,75
577729,577799,577811,12,70
577729,577798,577811,13,69
577729,577798,577810,12,69
577729,577798,577811,13,69
577729,577800,577812,12,71
577729,577807,577812,5,78
577729,577811,577815,4,82
577729,577811,577815,4,82
577729,577811,577815,4,82
577729,577807,577815,8,78
577729,577811,577816,5,82
577729,577811,577815,4,82
577729,577813,577817,4,84
577729,577809,577817,8,80
577729,577810,577816,6,81
577729,577813,577816,3,84
577729,577815,577817,2,86
577729,577810,577817,7,81
577729,577811,577817,6,82
577729,577811,577816,5,82
577729,577809,577817,8,80
577729,577811,577818,7,82
577729,577810,577818,8,81
577729,577810,577818,8,81
577729,577808,577818,10,79
577729,577815,577819,4,86
577729,577817,577819,2,88
577729,577815,577819,4,86
577729,577817,577819,2,88
577729,577816,577819,3,87
577729,577817,577819,2,88
577729,577817,577820,3,88
577729,577817,577819,2,88
577729,577815,577819,4,86
577729,577816,577819,3,87
577729,577819,577821,2,90
577729,577819,577821,2,90
577729,577817,577821,4,88
577729,577817,577821,4,88
577729,577818,577821,3,89
577729,577818,577821,3,89
577729,577819,577822,3,90
577729,577820,577822,2,91
577729,577818,577822,4,89
577729,577818,577822,4,89
577729,577819,577821,2,90
577227,577359,577821,462,132
577729,577819,577821,2,90
577729,577818,577823,5,89
577729,577819,577822,3,90
577729,577820,577822,2,91
577759,577821,577822,1,62
577759,577821,577822,1,62
577729,577820,577823,3,91
577759,577821,577824,3,62
577759,577821,577824,3,62
577759,577821,577824,3,62
577759,577822,577823,1,63
577759,577822,577825,3,63
577759,577821,577824,3,62
577759,577822,577824,2,63
577759,577822,577824,2,63
577759,577822,577828,6,63
577759,577825,577830,5,66
577759,577825,577831,6,66
577759,577825,577831,6,66
577759,577822,577832,10,63
577759,577823,577833,10,64
577759,577823,577833,10,64
577759,577824,577834,10,65
577759,577823,577834,11,64
577759,577828,577834,6,69
577759,577822,577834,12,63
577759,577824,577834,10,65
577759,577823,577833,10,64
577759,577824,577833,9,65
577759,577830,577835,5,71
577759,577823,577835,12,64
577759,577825,577836,11,66
577759,577824,577835,11,65
577759,577831,577836,5,72
577759,577824,577836,12,65
577759,577831,577835,4,72
577759,577832,577836,4,73
577759,577833,577836,3,74
577759,577833,577836,3,74
577759,577834,577838,4,75
577759,577834,577837,3,75
577759,577834,577839,5,75
577759,577834,577840,6,75
577759,577835,577841,6,76
577759,577838,577841,3,79
577759,577834,577841,7,75
577759,577836,577842,6,77
577759,577835,577841,6,76
577759,577837,577842,5,78
577759,577836,577842,6,77
577759,577836,577842,6,77
577759,577836,577841,5,77
577759,577836,577842,6,77
577759,577835,577842,7,76
577759,577838,577843,5,79
577759,577836,577843,7,77
577759,577838,577842,4,79
577759,577835,577843,8,76
577334,577496,577843,347,162
577759,577840,577844,4,81
577759,577841,577844,3,82
577759,577839,577843,4,80
577759,577841,577843,2,82
577759,577841,577844,3,82
577759,577843,577845,2,84
577759,577842,577845,3,83
577759,577843,577846,3,84
577759,577843,577845,2,84
577759,577842,577846,4,83
577759,577842,577846,4,83
577759,577842,577845,3,83
577759,577842,577845,3,83
577759,577842,577846,4,83
577759,577843,577846,3,84
577759,577843,577847,4,84
577759,577844,577847,3,85
577759,577843,577846,3,84
577759,577843,577846,3,84
577759,577844,577846,2,85
577759,577845,577846,1,86
577784,577845,577846,1,61
577784,577846,577848,2,62
577784,577845,577847,2,61
577784,577846,577848,2,62
577784,577846,577848,2,62
577759,577844,577847,3,85
577784,577846,577848,2,62
577784,577846,577849,3,62
577784,577846,577848,2,62
577784,577846,577848,2,62
577241,577384,577850,466,143
577784,577847,577851,4,63
577784,577847,577854,7,63
577784,577849,577856,7,65
577784,577851,577857,6,67
577784,577847,577858,11,63
577784,577849,577858,9,65
577784,577847,577858,11,63
577784,577850,577857,7,66
577784,577847,577859,12,63
577784,577848,577858,10,64
577784,577847,577859,12,63
577784,577847,577859,12,63
577784,577847,577859,12,63
577784,577848,577860,12,64
577784,577849,577859,10,65
577784,577848,577861,13,64
577784,577848,577860,12,64
577784,577849,577860,11,65
577784,577848,577862,14,64
577784,577854,577862,8,70
577784,577859,577864,5,75
577784,577860,577864,4,76
577784,577858,577865,7,74
577784,577859,577865,6,75
577784,577860,577865,5,76
577784,577859,577865,6,75
577784,577861,577866,5,77
577784,577856,577866,10,72
577784,577861,577866,5,77
577784,577859,577866,7,75
577784,577861,577867,6,77
577784,577864,577867,3,80
577784,577857,577867,10,73
577784,577862,577868,6,78
577784,577858,577867,9,74
577784,577866,577868,2,82
577784,577865,577868,3,81
577784,577866,577869,3,82
577784,577866,577869,3,82
577784,577858,577869,11,74
577784,577865,577868,3,81
577784,577865,577868,3,81
577784,577863,577869,6,79
577784,577867,577870,3,83
577784,577864,577869,5,80
577784,577865,577869,4,81
577784,577866,577869,3,82
577784,577858,577871,13,74
577784,577868,577870,2,84
577784,577868,577871,3,84
577784,577869,577872,3,85
577784,577859,577872,13,75
577784,577869,577872,3,85
577784,577868,577872,4,84
577784,577868,577872,4,84
577784,577869,577871,2,85
577784,577869,577871,2,85
577784,577870,577873,3,86
577784,577869,577872,3,85
577784,577870,577873,3,86
577784,577868,577872,4,84
577784,577868,577872,4,84
577792,577871,577873,2,79
577784,577870,577872,2,86
577784,577870,577872,2,86
577792,577872,577874,2,80
577784,577870,577873,3,86
577792,577872,577874,2,80
577784,577871,577873,2,87
577792,577872,577875,3,80
577792,577872,577875,3,80
577792,577872,577875,3,80
577792,577872,577874,2,80
577792,577872,577874,2,80
577792,577873,577875,2,81
577792,577873,577877,4,81
577792,577873,577881,8,81
577792,577875,577882,7,83
577792,577873,577883,10,81
577792,577875,577884,9,83
577792,577875,577883,8,83
577792,577873,577885,12,81
577792,577873,577885,12,81
577792,577874,577884,10,82
577792,577874,577885,11,82
577792,577874,577886,12,82
577792,577873,577886,13,81
577792,577877,577886,9,85
577792,577875,577887,12,83
577792,577874,577887,13,82
577792,577874,577886,12,82
577792,577875,577886,11,83
577792,577875,577887,12,83
577792,577887,577892,5,95
577792,577887,577892,5,95
577792,577882,577892,10,90
577792,577883,577892,9,91
577792,577887,577893,6,95
577792,577885,577893,8,93
577792,577888,577894,6,96
577792,577885,577894,9,93
577792,577884,577893,9,92
577792,577885,577894,9,93
577792,577885,577894,9,93
577792,577887,577895,8,95
577792,577885,577895,10,93
577792,577882,577894,12,90
577792,577886,577895,9,94
577792,577894,577897,3,102
577792,577894,577897,3,102
577792,577886,577897,11,94
577792,577886,577897,11,94
577792,577894,577897,3,102
577792,577895,577897,2,103
577792,577893,577897,4,101
577792,577895,577897,2,103
577792,577893,577898,5,101
577792,577892,577898,6,100
577792,577892,577899,7,100
577792,577894,577899,5,102
577792,577896,577899,3,104
577792,577894,577898,4,102
577792,577892,577898,6,100
577792,577897,577899,2,105
577792,577893,577900,7,101
577792,577898,577900,2,106
577792,577897,577901,4,105
577792,577897,577901,4,105
577792,577898,577901,3,106
577792,577897,577901,4,105
577792,577897,577900,3,105
577792,577899,577901,2,107
577792,577897,577900,3,105
577792,577899,577901,2,107
577793,577900,577902,2,107
577792,577900,577901,1,108
577792,577899,577901,2,107
577792,577896,577901,5,104
577792,577899,577901,2,107
577792,577898,577901,3,106
577792,577897,577901,4,105
577793,577901,577903,2,108
577792,577899,577902,3,107
577793,577901,577904,3,108
577793,577901,577904,3,108
577793,577901,577904,3,108
577793,577901,577904,3,108
577793,577901,577905,4,108
577793,577902,577905,3,109
577793,577901,577905,4,108
577793,577901,577904,3,108
577793,577902,577909,7,109
577793,577902,577913,11,109
577793,577904,577914,10,111
577793,577902,577914,12,109
577793,577902,577914,12,109
577793,577903,577914,11,110
577793,577903,577915,12,110
577793,577904,577915,11,111
577793,577906,577915,9,113
577793,577905,577916,11,112
577793,577902,577915,13,109
577793,577903,577916,13,110
577793,577904,577917,13,111
577793,577905,577917,12,112
577793,577909,577917,8,116
577793,577905,577918,13,112
577793,577904,577917,13,111
577793,577914,577922,8,121
577793,577917,577923,6,124
577793,577914,577923,9,121
577793,577913,577923,10,120
577793,577914,577924,10,121
577793,577914,577924,10,121
577793,577917,577924,7,124
577793,577916,577923,7,123
577793,577916,577924,8,123
577793,577916,577925,9,123
577793,577917,577925,8,124
577793,577918,577925,7,125
577793,577915,577926,11,122
577793,577919,577926,7,126
577793,577915,577927,12,122
577793,577915,577927,12,122
577793,577924,577929,5,131
577793,577923,577929,6,130
577793,577922,577930,8,129
577793,577927,577930,3,134
577793,577928,577930,2,135
577793,577927,577930,3,134
577793,577926,577931,5,133
577793,577925,577931,6,132
577793,577924,577931,7,131
577793,577924,577931,7,131
577793,577923,577931,8,130
577793,577927,577932,5,134
577793,577925,577932,7,132
577793,577929,577931,2,136
577793,577923,577931,8,130
577793,577925,577932,7,132
577793,577929,577933,4,136
577793,577930,577933,3,137
577793,577924,577932,8,131
577793,577931,577933,2,138
577793,577931,577934,3,138
577793,577930,577934,4,137
577793,577930,577934,4,137
577793,577930,577934,4,137
577793,577931,577934,3,138
577793,577932,577935,3,139
577793,577932,577935,3,139
577793,577931,577934,3,138
577793,577931,577934,3,138
577793,577932,577934,2,139
577823,577933,577935,2,110
577823,577933,577935,2,110
577793,577933,577936,3,140
577823,577934,577936,2,111
577823,577933,577936,3,110
577823,577934,577936,2,111
577793,577932,577935,3,139
577823,577934,577936,2,111
577823,577934,577936,2,111
577823,577934,577936,2,111
577823,577935,577937,2,112
577823,577935,577939,4,112
577823,577935,577942,7,112
577823,577935,577945,10,112
577823,577935,577945,10,112
577823,577935,577946,11,112
577823,577935,577947,12,112
577823,577939,577947,8,116
577823,577936,577947,11,113
577823,577936,577947,11,113
577823,577937,577948,11,114
577823,577936,577948,12,113
577823,577942,577949,7,119
577823,577936,577948,12,113
577823,577936,577949,13,113
577823,577937,577949,12,114
577823,577937,577950,13,114
577823,577945,577951,6,122
577823,577939,577951,12,116
577823,577945,577953,8,122
577823,577946,577954,8,123
577823,577949,577956,7,126
577823,577949,577957,8,126
577823,577951,577957,6,128
577823,577949,577957,8,126
577823,577950,577957,7,127
577823,577953,577957,4,130
577823,577947,577958,11,124
577823,577948,577958,10,125
577823,577949,577958,9,126
577823,577947,577957,10,124
577823,577952,577957,5,129
577823,577954,577959,5,131
577823,577947,577958,11,124
577823,577948,577960,12,125
577823,577957,577960,3,134
577823,577958,577960,2,135
577823,577947,577960,13,124
577823,577957,577961,4,134
577823,577957,577961,4,134
577823,577959,577962,3,136
577823,577957,577962,5,134
577823,577956,577962,6,133
577823,577958,577962,4,135
577823,577958,577963,5,135
577823,577958,577963,5,135
577823,577958,577962,4,135
577823,577960,577962,2,137
577823,577960,577964,4,137
577823,577959,577963,4,136
577823,577960,577964,4,137
577823,577958,577964,6,135
577823,577961,577965,4,138
577823,577962,577965,3,139
577823,577961,577965,4,138
577823,577961,577966,5,138
577823,577964,577966,2,141
577823,577962,577965,3,139
577823,577963,577966,3,140
577823,577962,577966,4,139
577823,577963,577966,3,140
577823,577963,577966,3,140
577823,577964,577967,3,141
577823,577964,577966,2,141
577823,577963,577966,3,140
577823,577964,577967,3,141
577823,577964,577967,3,141
577843,577966,577968,2,123
577843,577966,577968,2,123
577843,577966,577967,1,123
577843,577966,577967,1,123
577843,577966,577968,2,123
577843,577966,577969,3,123
577843,577966,577968,2,123
577843,577965,577969,4,122
577843,577966,577968,2,123
577843,577967,577970,3,124
577843,577967,577976,9,124
577843,577968,577978,10,125
577843,577968,577979,11,125
577843,577968,577979,11,125
577843,577968,577980,12,125
577843,577967,577980,13,124
577843,577969,577981,12,126
577843,577968,577981,13,125
577843,577969,577981,12,126
577843,577969,577980,11,126
577843,577968,577980,12,125
577843,577967,577982,15,124
577843,577971,577982,11,128
577843,577969,577981,12,126
577843,577976,577983,7,133
577843,577978,577986,8,135
577843,577979,577989,10,136
577843,577980,577989,9,137
577843,577980,577989,9,137
577374,577518,577989,471,144
577843,577981,577990,9,138
577843,577981,577990,9,138
577843,577983,577990,7,140
577843,577981,577991,10,138
577843,577981,577991,10,138
577843,577981,577990,9,138
577843,577979,577990,11,136
577522,577643,577991,348,121
577843,577982,577992,10,139
577843,577982,577992,10,139
577843,577986,577991,5,143
577843,577982,577991,9,139
577843,577989,577994,5,146
577544,577665,577994,329,121
577843,577989,577994,5,146
577843,577990,577995,5,147
577843,577992,577995,3,149
577843,577989,577995,6,146
577843,577989,577996,7,146
577843,577992,577996,4,149
577843,577992,577996,4,149
577843,577990,577995,5,147
577843,577991,577996,5,148
577843,577992,577996,4,149
577843,577991,577997,6,148
577843,577990,577996,6,147
577843,577992,577996,4,149
577843,577994,577996,2,151
577843,577994,577996,2,151
577843,577991,577997,6,148
577843,577994,577997,3,151
577843,577996,577998,2,153
577843,577995,577998,3,152
577843,577991,577997,6,148
577843,577996,577998,2,153
577843,577997,577999,2,154
577843,577995,577999,4,152
577843,577996,577999,3,153
577843,577996,577999,3,153
577843,577996,577999,3,153
577843,577995,577998,3,152
577843,577996,578000,4,153
577843,577998,578000,2,155
577843,577997,578000,3,154
577858,577998,578000,2,140
577843,577998,577999,1,155
577843,577997,577999,2,154
577858,577998,578001,3,140
577858,577999,578001,2,141
577843,577997,578000,3,154
577843,577998,578000,2,155
577858,577999,578002,3,141
577858,577999,578002,3,141
577858,577999,578001,2,141
577858,577999,578002,3,141
577858,577999,578001,2,141
577858,577999,578002,3,141
577858,578000,578004,4,142
577858,578000,578008,8,142
577858,578000,578010,10,142
577858,578000,578011,11,142
577858,578001,578011,10,143
577858,578000,578011,11,142
577858,578004,578012,8,146
577858,578001,578012,11,143
577858,578001,578013,12,143
577858,578002,578013,11,144
577858,578001,578012,11,143
577858,578001,578013,12,143
577858,578002,578013,11,144
577858,578002,578014,12,144
577858,578008,578014,6,150
577858,578002,578013,11,144
577858,578003,578013,10,145
577858,578010,578015,5,152
577858,578002,578016,14,144
577858,578011,578016,5,153
577858,578014,578019,5,156
577858,578015,578019,4,157
577858,578014,578020,6,156
577858,578014,578020,6,156
577858,578016,578020,4,158
577858,578014,578020,6,156
577858,578013,578021,8,155
577858,578016,578021,5,158
577858,578013,578021,8,155
577858,578013,578021,8,155
577858,578011,578020,9,153
577858,578013,578022,9,155
577858,578011,578022,11,153
577858,578019,578023,4,161
577858,578020,578023,3,162
577858,578020,578024,4,162
577858,578012,578023,11,154
577858,578022,578024,2,164
577858,578021,578024,3,163
577858,578020,578024,4,162
577858,578021,578023,2,163
577858,578020,578024,4,162
577858,578020,578024,4,162
577858,578021,578024,3,163
577858,578021,578025,4,163
577858,578021,578025,4,163
577858,578022,578024,2,164
577858,578012,578025,13,154
577858,578023,578026,3,165
577858,578023,578026,3,165
577858,578013,578025,12,155
577858,578024,578027,3,166
577858,578024,578027,3,166
577858,578025,578027,2,167
577858,578025,578027,2,167
577858,578024,578028,4,166
577858,578026,578028,2,168
577858,578025,578027,2,167
577858,578027,578028,1,169
577858,578024,578027,3,166
577858,578024,578028,4,166
577858,578024,578027,3,166
577858,578025,578028,3,167
577858,578024,578028,4,166
577858,578024,578028,4,166
577858,578026,578028,2,168
577990,578028,578030,2,38
577990,578028,578030,2,38
577990,578027,578030,3,37
577990,578028,578030,2,38
577990,578027,578029,2,37
577990,578027,578029,2,37
577990,578028,578029,1,38
577990,578028,578031,3,38
577990,578028,578031,3,38
577426,577547,578032,485,121
577990,578028,578034,6,38
577990,578030,578040,10,40
577990,578030,578040,10,40
577990,578028,578041,13,38
577990,578029,578041,12,39
577990,578030,578041,11,40
577990,578030,578041,11,40
577990,578030,578041,11,40
577990,578029,578042,13,39
577990,578029,578042,13,39
577990,578030,578043,13,40
577990,578030,578042,12,40
577990,578030,578042,12,40
577990,578031,578042,11,41
577990,578032,578045,13,42
577990,578031,578045,14,41
577990,578034,578048,14,44
577990,578041,578049,8,51
577990,578044,578049,5,54
577990,578041,578050,9,51
577990,578040,578050,10,50
577990,578041,578050,9,51
577990,578045,578050,5,55
577990,578041,578051,10,51
577990,578041,578050,9,51
577990,578041,578051,10,51
577990,578045,578051,6,55
577990,578043,578052,9,53
577990,578043,578051,8,53
577990,578043,578052,9,53
577990,578043,578053,10,53
577990,578050,578054,4,60
577990,578048,578054,6,58
577990,578042,578053,11,52
577990,578049,578053,4,59
577990,578050,578053,3,60
577990,578049,578054,5,59
577990,578050,578055,5,60
577990,578050,578055,5,60
577990,578051,578056,5,61
577990,578052,578056,4,62
577990,578051,578055,4,61
577990,578051,578056,5,61
577990,578052,578057,5,62
577990,578053,578057,4,63
577990,578054,578058,4,64
577990,578052,578057,5,62
577990,578054,578058,4,64
577990,578051,578058,7,61
577990,578054,578057,3,64
577990,578054,578057,3,64
577990,578056,578058,2,66
577990,578055,578059,4,65
577990,578054,578059,5,64
577990,578054,578059,5,64
577454,577573,578058,485,119
577990,578055,578059,4,65
577990,578057,578060,3,67
577990,578057,578060,3,67
577990,578058,578059,1,68
577992,578058,578060,2,66
577990,578058,578060,2,68
577990,578056,578059,3,66
577990,578058,578059,1,68
577990,578057,578060,3,67
577990,578058,578060,2,68
577990,578056,578060,4,66
577992,578059,578061,2,67
577990,578058,578060,2,68
577992,578059,578061,2,67
577992,578060,578062,2,68
577992,578059,578062,3,67
577992,578059,578062,3,67
577992,578059,578061,2,67
577992,578060,578062,2,68
577992,578060,578063,3,68
577992,578060,578063,3,68
577992,578060,578069,9,68
577992,578060,578070,10,68
577992,578060,578071,11,68
577992,578062,578072,10,70
577992,578061,578072,11,69
577992,578061,578072,11,69
577992,578061,578073,12,69
577992,578062,578073,11,70
577635,577745,578073,328,110
577992,578061,578072,11,69
577992,578064,578072,8,72
577992,578061,578074,13,69
577992,578062,578074,12,70
577992,578062,578075,13,70
577992,578062,578074,12,70
577992,578062,578075,13,70
577992,578063,578074,11,71
577468,577596,578077,481,128
577992,578073,578077,4,81
577992,578074,578078,4,82
577992,578074,578079,5,82
577992,578073,578078,5,81
577992,578075,578079,4,83
577992,578070,578079,9,78
577992,578069,578080,11,77
577992,578075,578080,5,83
577992,578073,578081,8,81
577992,578077,578081,4,85
577992,578076,578081,5,84
577992,578071,578081,10,79
577992,578075,578080,5,83
577992,578072,578081,9,80
577992,578073,578082,9,81
577992,578077,578081,4,85
577992,578073,578083,10,81
577992,578072,578082,10,80
577992,578073,578082,9,81
577992,578081,578084,3,89
577992,578078,578084,6,86
577992,578079,578084,5,87
577992,578079,578083,4,87
577992,578079,578084,5,87
577992,578081,578085,4,89
577992,578080,578085,5,88
577992,578081,578085,4,89
577992,578080,578085,5,88
577992,578079,578085,6,87
577992,578081,578084,3,89
577992,578082,578085,3,90
577992,578084,578086,2,92
577992,578084,578086,2,92
577992,578081,578085,4,89
577992,578083,578086,3,91
577992,578083,578087,4,91
577992,578082,578087,5,90
577992,578084,578087,3,92
577992,578085,578087,2,93
577994,578086,578088,2,92
577992,578084,578088,4,92
577992,578085,578087,2,93
577992,578085,578088,3,93
577992,578085,578088,3,93
577992,578086,578087,1,94
577992,578083,578087,4,91
577992,578085,578087,2,93
577992,578083,578087,4,91
577992,578084,578087,3,92
577992,578085,578087,2,93
577994,578087,578089,2,93
577994,578086,578088,2,92
577994,578087,578089,2,93
577994,578087,578089,2,93
577994,578086,578089,3,92
577994,578088,578089,1,94
577994,578088,578089,1,94
577994,578088,578090,2,94
577994,578088,578092,4,94
577994,578090,578098,8,96
577994,578088,578098,10,94
577994,578088,578099,11,94
577994,578088,578100,12,94
577994,578088,578100,12,94
577994,578091,578100,9,97
577994,578088,578101,13,94
577994,578088,578100,12,94
577994,578089,578101,12,95
577994,578090,578100,10,96
577994,578089,578102,13,95
577994,578090,578102,12,96
577994,578089,578101,12,95
577994,578088,578101,13,94
577994,578088,578101,13,94
577994,578089,578101,12,95
577994,578092,578104,12,98
577497,577620,578104,484,123
577994,578103,578107,4,109
577994,578104,578108,4,110
577994,578101,578108,7,107
577994,578099,578108,9,105
577994,578101,578109,8,107
577994,578103,578108,5,109
577994,578105,578108,3,111
577994,578101,578109,8,107
577994,578100,578109,9,106
577994,578098,578108,10,104
577994,578100,578109,9,106
577994,578101,578109,8,107
577994,578102,578109,7,108
577994,578108,578110,2,114
577994,578100,578109,9,106
577994,578108,578111,3,114
577994,578109,578111,2,115
577994,578108,578111,3,114
577994,578107,578110,3,113
577994,578109,578111,2,115
577994,578102,578110,8,108
577994,578098,578112,14,104
577994,578109,578112,3,115
577994,578102,578111,9,108
577994,578109,578111,2,115
577994,578109,578111,2,115
577994,578111,578113,2,117
577994,578102,578112,10,108
577994,578110,578113,3,116
577994,578109,578113,4,115
577994,578110,578113,3,116
577994,578110,578112,2,116
577994,578111,578113,2,117
577994,578110,578113,3,116
577994,578111,578114,3,117
577994,578111,578114,3,117
577994,578112,578114,2,118
577994,578112,578114,2,118
577994,578111,578113,2,117
577994,578111,578113,2,117
577994,578113,578115,2,119
577994,578110,578114,4,116
577994,578112,578115,3,118
578040,578113,578115,2,73
578040,578113,578115,2,73
578040,578114,578116,2,74
577994,578113,578116,3,119
577994,578113,578116,3,119
577994,578113,578115,2,119
578040,578114,578116,2,74
577994,578112,578115,3,118
578040,578114,578116,2,74
577994,578112,578115,3,118
578040,578115,578117,2,75
578040,578114,578116,2,74
578040,578115,578118,3,75
578040,578114,578118,4,74
578040,578115,578117,2,75
578040,578115,578124,9,75
578040,578115,578125,10,75
578040,578115,578127,12,75
578040,578116,578127,11,76
578040,578116,578127,11,76
578040,578116,578127,11,76
578040,578116,578128,12,76
578040,578116,578128,12,76
578040,578116,578127,11,76
578040,578118,578128,10,78
578040,578116,578128,12,76
578040,578116,578129,13,76
578040,578116,578130,14,76
578040,578117,578130,13,77
578040,578118,578131,13,78
578040,578117,578131,14,77
578040,578118,578130,12,78
578040,578128,578132,4,88
578040,578129,578133,4,89
578040,578124,578134,10,84
578040,578129,578134,5,89
578040,578126,578135,9,86
578040,578130,578135,5,90
578040,578128,578135,7,88
578040,578131,578136,5,91
578040,578132,578136,4,92
578040,578130,578135,5,90
578040,578127,578136,9,87
578040,578127,578135,8,87
578040,578127,578137,10,87
578040,578128,578137,9,88
578040,578131,578137,6,91
578040,578135,578138,3,95
578040,578127,578138,11,87
578040,578128,578137,9,88
578040,578136,578138,2,96
578040,578135,578138,3,95
578040,578131,578137,6,91
578040,578136,578139,3,96
578040,578133,578138,5,93
578040,578134,578139,5,94
578040,578134,578139,5,94
578040,578136,578140,4,96
578040,578136,578140,4,96
578040,578135,578139,4,95
578040,578138,578140,2,98
578040,578136,578141,5,96
578040,578138,578141,3,98
578040,578138,578142,4,98
578040,578138,578142,4,98
578040,578140,578142,2,100
578040,578140,578142,2,100
578040,578138,578142,4,98
578040,578137,578141,4,97
578040,578139,578143,4,99
578040,578137,578143,6,97
578040,578138,578142,4,98
578040,578139,578143,4,99
578040,578141,578142,1,101
578040,578141,578142,1,101
578040,578140,578143,3,100
578040,578138,578143,5,98
578040,578140,578144,4,100
578040,578140,578143,3,100
578040,578140,578143,3,100
578060,578142,578144,2,82
578060,578142,578143,1,82
578060,578142,578145,3,82
578060,578143,578145,2,83
578060,578142,578144,2,82
578060,578143,578145,2,83
578060,578142,578146,4,82
578060,578143,578146,3,83
578060,578143,578145,2,83
578060,578143,578146,3,83
578060,578143,578152,9,83
578060,578144,578154,10,84
577572,577690,578154,464,118
578060,578144,578154,10,84
578060,578145,578156,11,85
578060,578144,578156,12,84
578060,578145,578156,11,85
578060,578144,578157,13,84
578060,578146,578157,11,86
578060,578144,578157,13,84
578060,578143,578158,15,83
578060,578145,578158,13,85
578060,578146,578158,12,86
578060,578146,578159,13,86
578060,578144,578158,14,84
578060,578148,578159,11,88
578060,578145,578158,13,85
578060,578152,578161,9,92
578060,578158,578162,4,98
578060,578158,578163,5,98
578060,578154,578163,9,94
578060,578154,578163,9,94
578060,578159,578163,4,99
578060,578158,578164,6,98
578060,578154,578164,10,94
578060,578159,578164,5,99
578060,578157,578165,8,97
578060,578161,578165,4,101
578060,578159,578165,6,99
577760,577845,578166,321,85
578060,578156,578166,10,96
578060,578156,578166,10,96
578060,578159,578165,6,99
578060,578156,578166,10,96
578060,578157,578166,9,97
578060,578163,578167,4,103
578060,578157,578166,9,97
578060,578163,578167,4,103
578060,578165,578168,3,105
578060,578163,578168,5,103
578060,578163,578169,6,103
578060,578164,578169,5,104
578060,578165,578168,3,105
578060,578164,578169,5,104
578060,578162,578169,7,102
578060,578167,578169,2,107
578060,578164,578168,4,104
578060,578165,578170,5,105
578060,578166,578170,4,106
578060,578166,578171,5,106
578060,578166,578170,4,106
578060,578169,578171,2,109
578060,578169,578171,2,109
578060,578168,578170,2,108
578060,578170,578171,1,110
578060,578166,578171,5,106
578060,578168,578172,4,108
578060,578168,578172,4,108
578060,578166,578172,6,106
578060,578167,578171,4,107
578060,578169,578172,3,109
578060,578169,578172,3,109
578060,578167,578171,4,107
578060,578169,578171,2,109
578060,578170,578172,2,110
578073,578171,578173,2,98
578073,578171,578173,2,98
577612,577716,578172,456,104
578060,578170,578172,2,110
578060,578169,578172,3,109
578073,578171,578174,3,98
578073,578171,578173,2,98
578073,578171,578174,3,98
578073,578172,578175,3,99
578073,578172,578174,2,99
578073,578171,578174,3,98
578073,578172,578174,2,99
578073,578172,578177,5,99
578073,578172,578181,9,99
578073,578172,578183,11,99
578073,578173,578183,10,100
578073,578173,578183,10,100
578073,578174,578185,11,101
578073,578172,578185,13,99
578073,578172,578185,13,99
578073,578174,578185,11,101
578073,578173,578186,13,100
578073,578173,578186,13,100
578073,578173,578186,13,100
578073,578174,578186,12,101
578073,578175,578186,11,102
578073,578175,578186,11,102
578073,578178,578187,9,105
578073,578173,578188,15,100
578073,578175,578187,12,102
578073,578175,578187,12,102
578073,578183,578191,8,110
578073,578182,578191,9,109
578073,578183,578192,9,110
578073,578184,578192,8,111
578073,578186,578194,8,113
578073,578186,578194,8,113
578073,578186,578194,8,113
578073,578187,578195,8,114
578073,578192,578195,3,119
578073,578185,578194,9,112
578073,578186,578196,10,113
578073,578188,578196,8,115
578073,578193,578196,3,120
578073,578185,578196,11,112
578073,578188,578196,8,115
578073,578192,578196,4,119
578073,578187,578197,10,114
578073,578186,578197,11,113
578073,578194,578198,4,121
578073,578187,578197,10,114
578073,578191,578198,7,118
578073,578185,578198,13,112
578073,578195,578199,4,122
578073,578194,578199,5,121
578073,578195,578198,3,122
578073,578196,578199,3,123
578073,578196,578199,3,123
578073,578195,578199,4,122
578073,578197,578200,3,124
578073,578198,578200,2,125
578073,578188,578199,11,115
578073,578196,578200,4,123
578073,578197,578201,4,124
578073,578195,578200,5,122
578073,578196,578200,4,123
578073,578196,578200,4,123
578073,578199,578201,2,126
578073,578198,578200,2,125
578073,578198,578202,4,125
578073,578199,578202,3,126
578073,578196,578201,5,123
578073,578199,578202,3,126
578073,578199,578202,3,126
578073,578199,578202,3,126
578073,578200,578203,3,127
578073,578199,578202,3,126
578073,578199,578203,4,126
578078,578200,578203,3,122
578078,578201,578203,2,123
578078,578201,578204,3,123
578078,578201,578204,3,123
578078,578201,578204,3,123
578078,578200,578203,3,122
578078,578201,578204,3,123
578078,578202,578204,2,124
578078,578202,578204,2,124
578078,578202,578204,2,124
578078,578202,578210,8,124
577784,577871,578211,340,87
578078,578203,578213,10,125
578078,578202,578213,11,124
578078,578202,578213,11,124
578078,578202,578214,12,124
578078,578203,578214,11,125
578078,578203,578214,11,125
578078,578204,578214,10,126
578078,578205,578215,10,127
578078,578205,578215,10,127
578078,578203,578215,12,125
578078,578205,578216,11,127
578078,578204,578216,12,126
578078,578203,578215,12,125
578078,578204,578215,11,126
578078,578205,578217,12,127
578078,578204,578216,12,126
577704,577770,578218,448,66
578078,578215,578219,4,137
578078,578215,578220,5,137
578078,578214,578220,6,136
578078,578211,578220,9,133
578078,578210,578221,11,132
578078,578216,578221,5,138
578078,578216,578221,5,138
578078,578213,578222,9,135
578078,578214,578222,8,136
578078,578217,578222,5,139
578078,578216,578222,6,138
578078,578217,578223,6,139
578078,578217,578223,6,139
578078,578213,578223,10,135
578078,578217,578223,6,139
578078,578220,578224,4,142
578078,578220,578224,4,142
578078,578214,578223,9,136
578078,578213,578223,10,135
578078,578218,578223,5,140
578078,578214,578224,10,136
578078,578220,578225,5,142
578078,578222,578226,4,144
578078,578221,578226,5,143
578078,578221,578226,5,143
578078,578220,578225,5,142
578078,578222,578225,3,144
578078,578222,578225,3,144
578078,578222,578225,3,144
578078,578222,578226,4,144
578078,578223,578227,4,145
578078,578223,578227,4,145
578078,578224,578227,3,146
578078,578224,578227,3,146
578078,578224,578227,3,146
578078,578223,578227,4,145
578078,578224,578226,2,146
578078,578223,578228,5,145
578078,578224,578227,3,146
578078,578226,578228,2,148
578105,578227,578229,2,122
578078,578226,578229,3,148
578078,578226,578229,3,148
578078,578226,578228,2,148
578078,578225,578228,3,147
578078,578226,578229,3,148
578078,578225,578228,3,147
578078,578226,578228,2,148
578105,578228,578230,2,123
578105,578227,578230,3,122
578078,578227,578229,2,149
578105,578228,578230,2,123
578105,578227,578229,2,122
578105,578228,578230,2,123
578105,578228,578231,3,123
578105,578227,578230,3,122
578105,578229,578231,2,124
578105,578228,578230,2,123
578105,578229,578237,8,124
578105,578230,578239,9,125
578105,578229,578239,10,124
578105,578230,578240,10,125
578105,578231,578240,9,126
578105,578229,578241,12,124
578105,578229,578241,12,124
578105,578229,578241,12,124
578105,578231,578241,10,126
578105,578229,578242,13,124
578105,578229,578241,12,124
578105,578230,578242,12,125
578105,578229,578242,13,124
578105,578230,578242,12,125
578105,578231,578243,12,126
578105,578231,578243,12,126
578105,578231,578244,13,126
578105,578230,578244,14,125
578105,578241,578245,4,136
578105,578241,578246,5,136
578105,578242,578247,5,137
578105,578237,578247,10,132
578105,578242,578247,5,137
578105,578242,578248,6,137
578105,578239,578248,9,134
578105,578243,578248,5,138
578105,578240,578249,9,135
578105,578244,578249,5,139
578105,578243,578250,7,138
578105,578245,578250,5,140
578105,578241,578250,9,136
578105,578243,578250,7,138
578105,578241,578250,9,136
578105,578246,578250,4,141
578105,578244,578250,6,139
578105,578240,578251,11,135
578105,578240,578251,11,135
578105,578244,578250,6,139
578105,578247,578250,3,142
578105,578248,578251,3,143
578105,578247,578252,5,142
578105,578249,578252,3,144
578105,578251,578253,2,146
578105,578249,578253,4,144
578105,578247,578252,5,142
578105,578248,578252,4,143
578105,578251,578253,2,146
578105,578248,578254,6,143
578105,578252,578254,2,147
578105,578250,578254,4,145
578105,578251,578254,3,146
578105,578250,578255,5,145
578105,578250,578255,5,145
578105,578250,578254,4,145
578105,578252,578255,3,147
578105,578250,578255,5,145
578105,578251,578254,3,146
578105,578251,578254,3,146
578105,578253,578256,3,148
578105,578250,578255,5,145
578154,578254,578256,2,100
578105,578251,578255,4,146
578105,578253,578255,2,148
578154,578254,578256,2,100
578154,578254,578257,3,100
578105,578253,578256,3,148
578105,578254,578256,2,149
578105,578253,578256,3,148
578154,578255,578257,2,101
578154,578255,578258,3,101
578154,578255,578258,3,101
578154,578255,578258,3,101
578154,578255,578257,2,101
578154,578255,578257,2,101
578154,578255,578258,3,101
578154,578256,578264,8,102
578154,578256,578266,10,102
578154,578256,578266,10,102
578154,578256,578266,10,102
578154,578258,578268,10,104
578154,578256,578268,12,102
578154,578258,578269,11,104
578154,578257,578269,12,103
578154,578257,578269,12,103
578154,578256,578269,13,102
578154,578259,578270,11,105
578154,578257,578269,12,103
578154,578258,578269,11,104
578154,578257,578270,13,103
578154,578257,578270,13,103
578154,578258,578270,12,104
578154,578258,578273,15,104
578154,578264,578274,10,110
578154,578266,578275,9,112
578154,578269,578276,7,115
578154,578269,578277,8,115
578154,578269,578277,8,115
578154,578266,578276,10,112
578154,578274,578278,4,120
578154,578268,578278,10,114
578154,578270,578278,8,116
578154,578267,578278,11,113
578154,578268,578277,9,114
578154,578275,578279,4,121
578154,578269,578279,10,115
578154,578273,578279,6,119
578154,578270,578279,9,116
578154,578270,578279,9,116
578154,578270,578278,8,116
578154,578277,578280,3,123
578154,578276,578280,4,122
578154,578271,578279,8,117
578154,578271,578280,9,117
578154,578277,578281,4,123
578154,578278,578280,2,124
578154,578278,578280,2,124
578154,578279,578281,2,125
578154,578277,578281,4,123
578154,578278,578282,4,124
578154,578278,578282,4,124
578154,578279,578282,3,125
578154,578279,578282,3,125
578154,578278,578281,3,124
578154,578280,578281,1,126
578154,578280,578283,3,126
578154,578279,578282,3,125
578154,578280,578283,3,126
578154,578279,578283,4,125
578154,578280,578282,2,126
578154,578281,578283,2,127
578154,578280,578283,3,126
578154,578281,578284,3,127
577730,577820,578283,463,90
578154,578281,578284,3,127
578154,578281,578284,3,127
578154,578282,578285,3,128
578154,578282,578285,3,128
578154,578283,578284,1,129
578154,578281,578284,3,127
578154,578282,578286,4,128
578166,578283,578286,3,117
578166,578283,578285,2,117
578166,578283,578285,2,117
578154,578282,578285,3,128
578166,578283,578285,2,117
578166,578284,578286,2,118
578166,578283,578286,3,117
578166,578284,578287,3,118
578166,578284,578288,4,118
577731,577820,578287,467,89
578166,578284,578288,4,118
578166,578285,578289,4,119
578166,578285,578294,9,119
578166,578285,578296,11,119
578166,578285,578297,12,119
578166,578285,578297,12,119
578166,578286,578297,11,120
578166,578287,578298,11,121
578166,578286,578298,12,120
578166,578286,578299,13,120
578166,578289,578299,10,123
578166,578288,578299,11,122
578166,578288,578299,11,122
578166,578286,578298,12,120
578166,578286,578298,12,120
578166,578288,578299,11,122
578166,578286,578299,13,120
578166,578287,578299,12,121
578166,578286,578299,13,120
578166,578287,578299,12,121
578166,578294,578303,9,128
578166,578299,578305,6,133
578166,578296,578305,9,130
578166,578298,578305,7,132
578166,578297,578306,9,131
578166,578297,578306,9,131
578166,578299,578307,8,133
578166,578300,578307,7,134
578166,578299,578307,8,133
578166,578300,578308,8,134
578166,578298,578307,9,132
578166,578306,578308,2,140
578166,578305,578308,3,139
578166,578300,578308,8,134
578166,578297,578307,10,131
578166,578299,578307,8,133
578166,578300,578307,7,134
578166,578303,578309,6,137
578166,578306,578309,3,140
578166,578299,578308,9,133
578166,578299,578309,10,133
578166,578300,578308,8,134
578166,578308,578310,2,142
578166,578307,578310,3,141
578166,578305,578310,5,139
578166,578308,578310,2,142
578166,578308,578310,2,142
578166,578307,578309,2,141
578166,578308,578310,2,142
578166,578308,578310,2,142
578166,578305,578311,6,139
578166,578308,578311,3,142
578166,578308,578310,2,142
578166,578309,578310,1,143
578166,578310,578311,1,144
578166,578307,578310,3,141
578166,578309,578311,2,143
578166,578308,578311,3,142
578166,578309,578312,3,143
578166,578309,578312,3,143
578166,578309,578312,3,143
578166,578310,578311,1,144
578166,578310,578312,2,144
578166,578310,578312,2,144
578183,578311,578313,2,128
578166,578310,578312,2,144
578166,578310,578312,2,144
578166,578310,578312,2,144
578183,578311,578314,3,128
578183,578311,578314,3,128
578183,578311,578313,2,128
578183,578311,578314,3,128
578183,578311,578313,2,128
578183,578311,578315,4,128
578183,578312,578314,2,129
578183,578312,578315,3,129
578183,578312,578316,4,129
578183,578312,578322,10,129
578183,578312,578322,10,129
578183,578313,578323,10,130
578183,578312,578324,12,129
578183,578315,578325,10,132
578183,578313,578325,12,130
578183,578313,578325,12,130
578183,578312,578325,13,129
578183,578313,578325,12,130
578183,578314,578324,10,131
578183,578314,578326,12,131
578183,578314,578326,12,131
578183,578317,578327,10,134
578183,578314,578327,13,131
578183,578315,578326,11,132
578183,578314,578326,12,131
578183,578315,578328,13,132
578183,578322,578330,8,139
578183,578325,578332,7,142
578183,578322,578332,10,139
578183,578323,578332,9,140
578183,578326,578333,7,143
578183,578325,578334,9,142
578183,578324,578334,10,141
578183,578325,578334,9,142
578183,578326,578335,9,143
578183,578325,578335,10,142
578183,578327,578336,9,144
578183,578327,578336,9,144
578183,578333,578336,3,150
578183,578327,578335,8,144
578183,578332,578337,5,149
578183,578334,578337,3,151
578183,578325,578336,11,142
578183,578325,578338,13,142
578183,578327,578338,11,144
578183,578330,578338,8,147
578183,578332,578339,7,149
578183,578335,578339,4,152
578183,578334,578338,4,151
578183,578334,578338,4,151
578183,578334,578338,4,151
578183,578336,578340,4,153
578183,578337,578340,3,154
578183,578336,578340,4,153
578183,578335,578339,4,152
578183,578337,578340,3,154
578183,578336,578339,3,153
578183,578338,578340,2,155
578183,578337,578340,3,154
578183,578338,578341,3,155
578183,578339,578341,2,156
578183,578329,578340,11,146
578183,578338,578340,2,155
578183,578338,578340,2,155
578183,578339,578342,3,156
578183,578340,578342,2,157
578183,578340,578342,2,157
578213,578341,578343,2,128
578183,578340,578343,3,157
578183,578339,578343,4,156
578183,578339,578343,4,156
578183,578340,578343,3,157
578183,578339,578343,4,156
578213,578341,578344,3,128
578183,578340,578343,3,157
578183,578340,578343,3,157
578213,578341,578344,3,128
578213,578341,578344,3,128
578213,578341,578345,4,128
578213,578343,578345,2,130
578213,578341,578344,3,128
578213,578342,578345,3,129
578213,578342,578346,4,129
578213,578343,578346,3,130
578213,578343,578354,11,130
578213,578343,578354,11,130
578213,578343,578355,12,130
578213,578343,578355,12,130
578213,578344,578356,12,131
578213,578344,578356,12,131
578213,578345,578356,11,132
578213,578344,578355,11,131
578213,578344,578357,13,131
578213,578346,578356,10,133
578213,578347,578357,10,134
578213,578345,578357,12,132
578213,578345,578357,12,132
578213,578345,578357,12,132
578213,578345,578358,13,132
578213,578345,578358,13,132
577844,577998,578359,361,154
578213,578356,578364,8,143
578213,578358,578364,6,145
578213,578355,578364,9,142
578213,578356,578364,8,143
578213,578357,578365,8,144
578213,578354,578364,10,141
578213,578356,578365,9,143
578213,578356,578365,9,143
578213,578360,578365,5,147
578213,578354,578366,12,141
578213,578357,578366,9,144
578213,578357,578367,10,144
578213,578355,578367,12,142
578213,578357,578367,10,144
578213,578358,578366,8,145
578213,578365,578367,2,152
578213,578357,578366,9,144
577793,577900,578368,468,107
578213,578365,578368,3,152
578213,578365,578368,3,152
578213,578357,578369,12,144
578213,578367,578369,2,154
578213,578367,578369,2,154
578213,578366,578368,2,153
578213,578367,578369,2,154
578213,578365,578369,4,152
578213,578366,578368,2,153
578213,578365,578370,5,152
578213,578367,578369,2,154
578213,578368,578370,2,155
578213,578367,578369,2,154
578213,578367,578369,2,154
578213,578364,578369,5,151
578213,578369,578371,2,156
578213,578369,578371,2,156
578213,578368,578371,3,155
578213,578369,578371,2,156
578213,578369,578371,2,156
578213,578369,578372,3,156
578213,578370,578372,2,157
578213,578369,578372,3,156
578213,578364,578372,8,151
578213,578369,578371,2,156
578213,578370,578372,2,157
578213,578364,578371,7,151
578213,578364,578372,8,151
578213,578369,578372,3,156
578218,578371,578373,2,153
578213,578370,578372,2,157
578218,578371,578373,2,153
578213,578370,578372,2,157
578213,578370,578372,2,157
578218,578372,578374,2,154
578218,578371,578373,2,153
578218,578371,578373,2,153
578218,578371,578374,3,153
578218,578372,578375,3,154
578218,578372,578375,3,154
578218,578372,578374,2,154
578218,578372,578377,5,154
578218,578372,578382,10,154
578218,578373,578383,10,155
578218,578373,578384,11,155
578218,578374,578384,10,156
578218,578373,578384,11,155
578218,578373,578384,11,155
578218,578373,578385,12,155
578218,578373,578385,12,155
578218,578374,578385,11,156
578218,578373,578386,13,155
578218,578375,578386,11,157
578218,578375,578386,11,157
577990,578058,578387,329,68
578218,578375,578387,12,157
578218,578374,578386,12,156
578218,578374,578389,15,156
578218,578375,578388,13,157
578218,578377,578390,13,159
578218,578383,578391,8,165
578218,578382,578392,10,164
578218,578384,578392,8,166
577794,577933,578392,459,139
578218,578385,578393,8,167
578218,578384,578393,9,166
578218,578384,578394,10,166
578218,578386,578394,8,168
578218,578384,578394,10,166
578218,578385,578395,10,167
578218,578387,578396,9,169
578218,578389,578397,8,171
578218,578387,578396,9,169
578218,578386,578397,11,168
578218,578393,578397,4,175
578218,578392,578397,5,174
578218,578387,578398,11,169
578218,578385,578398,13,167
578218,578388,578397,9,170
578218,578391,578398,7,173
578218,578392,578397,5,174
578218,578393,578397,4,175
578218,578389,578399,10,171
578218,578396,578399,3,178
578218,578395,578399,4,177
578218,578398,578400,2,180
578218,578395,578400,5,177
578218,578398,578400,2,180
578218,578398,578400,2,180
578218,578394,578399,5,176
578218,578398,578400,2,180
578218,578390,578400,10,172
578218,578398,578401,3,180
578218,578395,578401,6,177
578218,578398,578400,2,180
578218,578398,578400,2,180
578218,578400,578402,2,182
578218,578399,578402,3,181
578218,578392,578402,10,174
578218,578398,578401,3,180
578218,578397,578402,5,179
578218,578397,578401,4,179
578218,578399,578401,2,181
578218,578400,578403,3,182
578285,578401,578403,2,116
578218,578400,578402,2,182
578285,578401,578403,2,116
578218,578399,578402,3,181
578218,578397,578402,5,179
578218,578400,578402,2,182
578218,578400,578402,2,182
578285,578402,578404,2,117
578285,578401,578404,3,116
578285,578402,578404,2,117
578285,578402,578404,2,117
578285,578401,578403,2,116
578285,578402,578405,3,117
578285,578402,578404,2,117
578285,578402,578407,5,117
578285,578402,578413,11,117
578285,578405,578414,9,120
578285,578403,578414,11,118
578285,578403,578413,10,118
578285,578403,578413,10,118
578285,578404,578414,10,119
578285,578404,578414,10,119
578285,578403,578415,12,118
578285,578403,578415,12,118
578285,578404,578415,11,119
578285,578404,578415,11,119
578285,578404,578416,12,119
578285,578404,578416,12,119
578285,578404,578415,11,119
578285,578405,578415,10,120
578285,578402,578415,13,117
578285,578403,578416,13,118
578285,578407,578418,11,122
578285,578415,578421,6,130
578285,578415,578422,7,130
578285,578414,578422,8,129
578285,578415,578422,7,130
578285,578414,578423,9,129
578285,578416,578422,6,131
578285,578415,578423,8,130
578285,578414,578423,9,129
578285,578413,578424,11,128
578285,578416,578424,8,131
578285,578414,578423,9,129
578285,578414,578423,9,129
578285,578416,578424,8,131
578285,578417,578425,8,132
578285,578422,578425,3,137
578285,578418,578425,7,133
578285,578416,578424,8,131
578285,578416,578424,8,131
578285,578421,578426,5,136
578285,578424,578426,2,139
578285,578415,578426,11,130
578285,578425,578427,2,140
578285,578423,578427,4,138
578285,578424,578427,3,139
578285,578424,578427,3,139
578285,578423,578427,4,138
578285,578424,578426,2,139
578285,578422,578426,4,137
578285,578424,578426,2,139
578285,578426,578427,1,141
578285,578422,578428,6,137
578285,578425,578427,2,140
578285,578425,578427,2,140
578285,578425,578427,2,140
578285,578423,578427,4,138
578285,578425,578427,2,140
578285,578427,578429,2,142
578285,578425,578428,3,140
578285,578427,578428,1,142
578285,578426,578428,2,141
578285,578426,578428,2,141
578285,578428,578429,1,143
578285,578428,578430,2,143
578285,578427,578430,3,142
577824,577965,578429,464,141
578285,578427,578429,2,142
578285,578427,578430,3,142
578285,578427,578430,3,142
578297,578428,578431,3,131
578297,578428,578431,3,131
578297,578428,578430,2,131
578297,578428,578430,2,131
578297,578429,578431,2,132
578297,578429,578432,3,132
578297,578429,578433,4,132
578297,578429,578432,3,132
578297,578429,578432,3,132
578297,578429,578435,6,132
577993,578086,578436,350,93
578297,578430,578440,10,133
578297,578429,578441,12,132
578297,578430,578440,10,133
578297,578432,578442,10,135
578297,578430,578442,12,133
578297,578430,578442,12,133
578297,578431,578442,11,134
578297,578431,578443,12,134
578297,578430,578443,13,133
578297,578433,578443,10,136
578297,578431,578443,12,134
578297,578430,578443,13,133
578297,578432,578444,12,135
578297,578431,578443,12,134
578297,578433,578443,10,136
578297,578436,578445,9,139
578297,578431,578444,13,134
578297,578433,578444,11,136
578297,578435,578445,10,138
578297,578440,578447,7,143
578297,578441,578449,8,144
578297,578442,578450,8,145
578297,578443,578450,7,146
578297,578445,578450,5,148
578297,578445,578450,5,148
578297,578442,578450,8,145
578297,578441,578450,9,144
578297,578445,578451,6,148
578297,578443,578451,8,146
578297,578443,578451,8,146
578297,578444,578450,6,147
578297,578442,578452,10,145
578297,578450,578452,2,153
578297,578450,578452,2,153
578297,578442,578451,9,145
578297,578444,578451,7,147
578297,578445,578451,6,148
578297,578444,578453,9,147
578297,578450,578453,3,153
578297,578450,578453,3,153
578297,578444,578452,8,147
578297,578450,578453,3,153
578297,578448,578453,5,151
578297,578450,578452,2,153
578297,578450,578453,3,153
578297,578451,578453,2,154
578297,578452,578454,2,155
578297,578452,578454,2,155
578297,578443,578453,10,146
578297,578451,578453,2,154
578297,578451,578453,2,154
578297,578451,578453,2,154
578297,578452,578455,3,155
578297,578452,578455,3,155
578297,578453,578455,2,156
578297,578453,578454,1,156
578297,578452,578455,3,155
578297,578453,578455,2,156
578297,578452,578454,2,155
578360,578454,578456,2,94
578297,578453,578455,2,156
578297,578453,578455,2,156
578297,578453,578455,2,156
578297,578453,578455,2,156
578297,578453,578455,2,156
578297,578453,578456,3,156
578360,578455,578457,2,95
578360,578454,578457,3,94
578360,578454,578457,3,94
578360,578454,578456,2,94
578360,578455,578458,3,95
578360,578454,578458,4,94
578360,578455,578459,4,95
578360,578455,578459,4,95
578360,578455,578460,5,95
578360,578456,578466,10,96
578360,578458,578467,9,98
578360,578455,578467,12,95
578360,578455,578468,13,95
578360,578459,578468,9,99
578360,578456,578468,12,96
578360,578456,578468,12,96
578360,578457,578469,12,97
578360,578458,578468,10,98
578360,578457,578468,11,97
578360,578456,578468,12,96
578360,578456,578468,12,96
578360,578457,578469,12,97
578360,578456,578469,13,96
578360,578459,578469,10,99
578360,578457,578469,12,97
578360,578460,578469,9,100
578360,578457,578470,13,97
578360,578467,578474,7,107
578360,578466,578475,9,106
578360,578469,578475,6,109
578360,578468,578475,7,108
578360,578468,578476,8,108
578360,578469,578475,6,109
578360,578468,578477,9,108
578360,578468,578477,9,108
578360,578469,578477,8,109
578360,578467,578477,10,107
578360,578471,578478,7,111
578360,578469,578478,9,109
578360,578470,578477,7,110
578360,578476,578479,3,116
578360,578469,578478,9,109
578360,578469,578479,10,109
578360,578471,578478,7,111
578360,578470,578479,9,110
578360,578477,578479,2,117
578360,578476,578480,4,116
578360,578470,578480,10,110
578360,578475,578479,4,115
578360,578479,578480,1,119
578360,578475,578480,5,115
578360,578475,578479,4,115
578360,578478,578480,2,118
578360,578477,578479,2,117
578360,578478,578480,2,118
578360,578477,578480,3,117
578360,578479,578481,2,119
578360,578478,578480,2,118
578360,578477,578480,3,117
578360,578479,578481,2,119
578360,578480,578482,2,120
578360,578480,578482,2,120
578360,578479,578482,3,119
578360,578479,578481,2,119
578360,578480,578482,2,120
578360,578480,578482,2,120
578360,578480,578482,2,120
578360,578479,578481,2,119
578360,578480,578481,1,120
578360,578480,578482,2,120
578360,578480,578482,2,120
578360,578475,578482,7,115
578360,578480,578482,2,120
578360,578481,578484,3,121
578368,578481,578484,3,113
578368,578482,578483,1,114
578368,578481,578485,4,113
578368,578482,578485,3,114
578368,578481,578485,4,113
578368,578482,578485,3,114
578368,578482,578485,3,114
578368,578482,578485,3,114
578368,578482,578485,3,114
578368,578482,578488,6,114
578368,578483,578493,10,115
578368,578483,578493,10,115
577859,578027,578494,467,168
578368,578483,578495,12,115
578368,578484,578495,11,116
578368,578483,578494,11,115
578368,578482,578496,14,114
578368,578484,578496,12,116
578368,578486,578496,10,118
578368,578483,578495,12,115
578368,578485,578497,12,117
578368,578485,578497,12,117
578368,578485,578496,11,117
578368,578485,578498,13,117
578368,578484,578498,14,116
578368,578485,578497,12,117
578368,578488,578498,10,120
578368,578486,578499,13,118
578368,578493,578501,8,125
578368,578493,578502,9,125
578368,578495,578503,8,127
578368,578496,578503,7,128
578368,578494,578504,10,126
578368,578498,578504,6,130
578368,578498,578504,6,130
578368,578498,578504,6,130
578368,578495,578505,10,127
578368,578499,578505,6,131
578368,578498,578504,6,130
578368,578497,578505,8,129
578368,578497,578506,9,129
578368,578496,578506,10,128
578368,578498,578505,7,130
578368,578502,578507,5,134
578368,578501,578506,5,133
578368,578503,578507,4,135
578368,578504,578507,3,136
578368,578504,578507,3,136
578368,578504,578507,3,136
578368,578504,578508,4,136
578368,578505,578507,2,137
578368,578505,578507,2,137
578368,578506,578508,2,138
578368,578496,578508,12,128
578368,578505,578507,2,137
578368,578496,578507,11,128
578368,578504,578507,3,136
578368,578507,578509,2,139
578368,578506,578509,3,138
578368,578496,578508,12,128
578368,578507,578509,2,139
578368,578507,578508,1,139
578368,578506,578508,2,138
578368,578507,578509,2,139
578368,578507,578508,1,139
578368,578507,578508,1,139
578368,578508,578510,2,140
578368,578507,578510,3,139
578368,578508,578510,2,140
578368,578508,578510,2,140
578368,578508,578511,3,140
578368,578508,578511,3,140
578368,578508,578510,2,140
578387,578509,578511,2,122
578368,578508,578511,3,140
578368,578508,578510,2,140
578387,578510,578512,2,123
578368,578509,578511,2,141
578387,578509,578512,3,122
578387,578509,578512,3,122
578387,578510,578512,2,123
578387,578509,578512,3,122
578387,578509,578512,3,122
578387,578510,578514,4,123
578387,578510,578516,6,123
578387,578510,578519,9,123
578387,578511,578521,10,124
578387,578513,578522,9,126
578387,578512,578522,10,125
578387,578511,578522,11,124
578387,578511,578522,11,124
578387,578510,578523,13,123
578387,578511,578523,12,124
578387,578511,578523,12,124
578387,578511,578522,11,124
578387,578513,578524,11,126
578387,578512,578524,12,125
578387,578512,578524,12,125
578387,578513,578524,11,126
578387,578513,578523,10,126
578387,578516,578524,8,129
578387,578515,578526,11,128
578387,578523,578526,3,136
578387,578522,578527,5,135
578387,578523,578527,4,136
578387,578522,578528,6,135
578387,578523,578528,5,136
578387,578522,578528,6,135
578387,578521,578528,7,134
578387,578519,578529,10,132
578387,578523,578528,5,136
578387,578524,578528,4,137
578387,578524,578530,6,137
578387,578524,578529,5,137
578387,578524,578529,5,137
578387,578524,578532,8,137
578387,578522,578532,10,135
578387,578527,578532,5,140
578387,578528,578532,4,141
578387,578530,578532,2,143
578387,578525,578533,8,138
578387,578529,578533,4,142
578387,578529,578533,4,142
578387,578526,578532,6,139
578387,578531,578533,2,144
578387,578532,578534,2,145
578387,578530,578533,3,143
578387,578532,578534,2,145
578387,578527,578534,7,140
578387,578528,578534,6,141
578387,578528,578533,5,141
578387,578532,578534,2,145
578387,578529,578534,5,142
578387,578532,578534,2,145
578387,578533,578535,2,146
578387,578532,578534,2,145
578387,578529,578534,5,142
578387,578527,578534,7,140
578387,578533,578534,1,146
578387,578533,578536,3,146
578387,578534,578536,2,147
578387,578534,578535,1,147
578387,578533,578535,2,146
578387,578534,578536,2,147
578387,578533,578535,2,146
578387,578534,578536,2,147
578387,578534,578536,2,147
578387,578534,578536,2,147
578387,578534,578537,3,147
578387,578534,578536,2,147
578387,578535,578537,2,148
578393,578536,578537,1,143
578393,578535,578538,3,142
578393,578535,578537,2,142
578393,578535,578537,2,142
578393,578536,578539,3,143
578393,578536,578539,3,143
578393,578536,578539,3,143
578393,578536,578539,3,143
578393,578536,578540,4,143
578393,578536,578543,7,143
578393,578536,578547,11,143
578393,578538,578548,10,145
578393,578540,578548,8,147
578393,578538,578549,11,145
578393,578537,578549,12,144
578393,578537,578549,12,144
578393,578537,578549,12,144
578393,578537,578550,13,144
578393,578539,578550,11,146
578393,578541,578550,9,148
578393,578539,578549,10,146
578393,578539,578551,12,146
578393,578538,578550,12,145
578393,578539,578551,12,146
578393,578537,578551,14,144
578393,578543,578553,10,150
578393,578550,578556,6,157
578393,578547,578557,10,154
578393,578548,578557,9,155
578393,578551,578558,7,158
578393,578550,578558,8,157
578393,578549,578558,9,156
578074,578200,578559,359,126
578393,578551,578559,8,158
578393,578549,578558,9,156
578393,578549,578558,9,156
578393,578548,578559,11,155
578393,578551,578559,8,158
578393,578551,578560,9,158
578393,578559,578561,2,166
578393,578553,578561,8,160
578393,578549,578560,11,156
578393,578558,578561,3,165
578393,578559,578562,3,166
578393,578559,578562,3,166
578393,578550,578562,12,157
578393,578550,578562,12,157
578393,578560,578563,3,167
578393,578560,578563,3,167
578393,578558,578563,5,165
578393,578561,578562,1,168
578393,578556,578562,6,163
578393,578560,578563,3,167
578393,578559,578562,3,166
578393,578561,578564,3,168
578393,578561,578564,3,168
578393,578558,578563,5,165
578393,578562,578564,2,169
578393,578562,578563,1,169
578393,578562,578564,2,169
578393,578563,578565,2,170
578393,578557,578564,7,164
578393,578562,578565,3,169
578393,578563,578564,1,170
578393,578564,578565,1,171
578393,578562,578564,2,169
578393,578563,578565,2,170
578393,578563,578564,1,170
578393,578563,578564,1,170
578393,578563,578566,3,170
578393,578564,578566,2,171
578393,578563,578566,3,170
578393,578558,578565,7,165
578393,578564,578566,2,171
578393,578564,578566,2,171
578393,578564,578566,2,171
578441,578565,578567,2,124
577995,578113,578567,454,118
578441,578565,578568,3,124
578441,578565,578568,3,124
578441,578565,578568,3,124
578441,578565,578568,3,124
578441,578565,578567,2,124
578441,578565,578567,2,124
578441,578566,578569,3,125
578441,578565,578569,4,124
578441,578566,578570,4,125
578441,578566,578575,9,125
578441,578569,578577,8,128
578441,578567,578578,11,126
578441,578569,578578,9,128
578441,578567,578579,12,126
578441,578567,578579,12,126
578441,578568,578579,11,127
578441,578566,578580,14,125
578441,578567,578580,13,126
578441,578568,578579,11,127
578441,578567,578581,14,126
578441,578568,578580,12,127
578441,578571,578580,9,130
578441,578566,578581,15,125
578441,578568,578580,12,127
578441,578568,578582,14,127
578441,578569,578582,13,128
578441,578575,578585,10,134
578441,578577,578586,9,136
578441,578578,578586,8,137
578441,578579,578587,8,138
578441,578581,578587,6,140
578441,578578,578587,9,137
578441,578579,578588,9,138
578441,578579,578588,9,138
578441,578581,578589,8,140
578441,578582,578589,7,141
578441,578583,578590,7,142
578441,578581,578590,9,140
578441,578581,578590,9,140
578441,578587,578590,3,146
578441,578582,578590,8,141
578441,578588,578591,3,147
578441,578580,578591,11,139
578441,578588,578591,3,147
578441,578581,578590,9,140
578441,578588,578591,3,147
578441,578589,578592,3,148
578441,578589,578592,3,148
578441,578586,578592,6,145
578441,578590,578592,2,149
578441,578590,578591,1,149
578441,578580,578592,12,139
578441,578590,578592,2,149
578441,578585,578593,8,144
578441,578587,578593,6,146
578441,578590,578592,2,149
578441,578591,578593,2,150
578441,578591,578593,2,150
578441,578591,578594,3,150
578441,578592,578594,2,151
578441,578592,578594,2,151
578441,578586,578593,7,145
578441,578593,578594,1,152
578441,578591,578594,3,150
578441,578591,578593,2,150
578441,578591,578593,2,150
578441,578592,578594,2,151
578441,578593,578595,2,152
578441,578593,578595,2,152
578441,578592,578594,2,151
578441,578593,578594,1,152
578441,578593,578596,3,152
578441,578593,578595,2,152
578441,578594,578596,2,153
578441,578594,578596,2,153
578441,578593,578595,2,152
578441,578593,578595,2,152
578441,578594,578596,2,153
578441,578594,578596,2,153
578441,578594,578596,2,153
578441,578594,578598,4,153
578441,578594,578598,4,153
578155,578283,578597,314,128
578441,578594,578600,6,153
578441,578595,578603,8,154
578441,578597,578605,8,156
578441,578596,578606,10,155
578441,578596,578606,10,155
578441,578595,578607,12,154
578441,578595,578607,12,154
578441,578595,578607,12,154
578441,578598,578608,10,157
578441,578596,578608,12,155
578441,578597,578607,10,156
578441,578598,578608,10,157
578441,578596,578608,12,155
578441,578596,578608,12,155
578441,578597,578607,10,156
578441,578598,578607,9,157
578441,578596,578609,13,155
578441,578596,578609,13,155
578441,578600,578608,8,159
578441,578606,578609,3,165
578441,578606,578609,3,165
578441,578605,578610,5,164
578441,578603,578609,6,162
578441,578607,578611,4,166
578441,578607,578611,4,166
578041,578142,578610,468,101
578441,578608,578612,4,167
578441,578607,578612,5,166
578441,578608,578612,4,167
578441,578608,578613,5,167
578441,578608,578613,5,167
578441,578608,578614,6,167
578441,578609,578614,5,168
578441,578608,578613,5,167
578441,578610,578615,5,169
578441,578608,578615,7,167
578441,578610,578614,4,169
578441,578612,578615,3,171
578441,578610,578614,4,169
578441,578609,578615,6,168
578441,578611,578616,5,170
578441,578613,578616,3,172
578441,578614,578616,2,173
578441,578613,578616,3,172
578441,578611,578615,4,170
578441,578611,578615,4,170
578441,578615,578617,2,174
578441,578614,578616,2,173
578441,578615,578617,2,174
578441,578615,578616,1,174
578441,578612,578616,4,171
578441,578614,578617,3,173
578441,578608,578616,8,167
578441,578613,578617,4,172
578441,578615,578617,2,174
578441,578609,578617,8,168
578441,578616,578618,2,175
578441,578615,578618,3,174
578441,578616,578618,2,175
578441,578616,578618,2,175
578060,578171,578618,447,111
578441,578617,578619,2,176
578441,578617,578618,1,176
578441,578616,578619,3,175
578441,578609,578619,10,168
578441,578615,578618,3,174
578441,578616,578618,2,175
578441,578617,578619,2,176
578495,578618,578620,2,123
578441,578617,578619,2,176
578495,578618,578620,2,123
578495,578617,578620,3,122
578495,578618,578620,2,123
578495,578618,578621,3,123
578495,578617,578621,4,122
578495,578618,578621,3,123
578495,578618,578622,4,123
578495,578618,578624,6,123
578495,578618,578626,8,123
578495,578619,578629,10,124
578495,578619,578630,11,124
578495,578620,578630,10,125
578495,578619,578631,12,124
578495,578619,578631,12,124
578495,578619,578631,12,124
578495,578620,578630,10,125
578495,578619,578631,12,124
578495,578622,578632,10,127
578495,578622,578632,10,127
578495,578620,578632,12,125
578495,578620,578633,13,125
578495,578621,578633,12,126
578495,578621,578633,12,126
578495,578621,578634,13,126
578495,578624,578634,10,129
578495,578623,578634,11,128
578495,578626,578635,9,131
578495,578631,578636,5,136
578495,578631,578636,5,136
578495,578631,578637,6,136
578495,578629,578636,7,134
578495,578631,578638,7,136
578495,578632,578637,5,137
578495,578632,578639,7,137
578495,578630,578639,9,135
578495,578631,578639,8,136
578495,578630,578638,8,135
578495,578633,578639,6,138
578495,578633,578640,7,138
578495,578634,578640,6,139
578495,578633,578641,8,138
578495,578639,578641,2,144
578495,578639,578641,2,144
578495,578633,578641,8,138
578495,578635,578642,7,140
578495,578640,578642,2,145
578495,578635,578642,7,140
578495,578639,578642,3,144
578495,578639,578642,3,144
578495,578638,578641,3,143
578495,578641,578642,1,146
578495,578636,578642,6,141
578495,578641,578642,1,146
578495,578636,578642,6,141
578495,578635,578642,7,140
578495,578640,578642,2,145
578495,578637,578642,5,142
578495,578638,578642,4,143
578495,578642,578644,2,147
578495,578638,578643,5,143
578495,578639,578643,4,144
578495,578642,578644,2,147
578495,578642,578644,2,147
578495,578641,578643,2,146
578495,578642,578644,2,147
578495,578641,578645,4,146
578495,578642,578644,2,147
578495,578642,578645,3,147
578495,578642,578644,2,147
578495,578643,578645,2,148
578495,578643,578644,1,148
578495,578643,578645,2,148
578495,578643,578646,3,148
578495,578643,578646,3,148
578559,578644,578646,2,85
578559,578644,578645,1,85
578559,578644,578647,3,85
578559,578644,578647,3,85
578559,578644,578646,2,85
578559,578645,578648,3,86
578559,578645,578648,3,86
578559,578644,578647,3,85
578559,578645,578647,2,86
578559,578644,578647,3,85
578559,578645,578651,6,86
578559,578648,578652,4,89
578559,578648,578652,4,89
578559,578645,578654,9,86
578559,578648,578653,5,89
578559,578648,578655,7,89
578559,578645,578655,10,86
578559,578651,578655,4,92
578559,578652,578655,3,93
578559,578645,578656,11,86
578559,578645,578655,10,86
578559,578648,578656,8,89
578559,578646,578656,10,87
578559,578646,578657,11,87
578559,578646,578656,10,87
578559,578647,578657,10,88
578559,578653,578657,4,94
578559,578647,578657,10,88
578559,578654,578657,3,95
578559,578655,578659,4,96
578559,578654,578659,5,95
578559,578647,578659,12,88
578559,578646,578659,13,87
578559,578656,578659,3,97
578559,578655,578659,4,96
578559,578655,578660,5,96
578559,578656,578661,5,97
578559,578656,578660,4,97
578559,578659,578662,3,100
578559,578656,578662,6,97
578559,578657,578663,6,98
578559,578659,578663,4,100
578559,578656,578664,8,97
578559,578659,578664,5,100
578559,578659,578664,5,100
578559,578657,578664,7,98
578559,578661,578664,3,102
578559,578657,578663,6,98
578559,578657,578665,8,98
578559,578659,578664,5,100
578559,578661,578665,4,102
578559,578660,578665,5,101
578559,578660,578664,4,101
578559,578662,578666,4,103
578559,578657,578666,9,98
578559,578663,578666,3,104
578559,578658,578665,7,99
578559,578664,578667,3,105
578559,578663,578667,4,104
578559,578664,578667,3,105
578559,578664,578667,3,105
578559,578665,578667,2,106
578559,578666,578668,2,107
578559,578664,578668,4,105
578559,578665,578668,3,106
578559,578666,578667,1,107
578559,578667,578668,1,108
578559,578665,578668,3,106
578559,578664,578667,3,105
578559,578666,578668,2,107
578578,578667,578669,2,89
578559,578663,578669,6,104
578559,578665,578668,3,106
578559,578664,578668,4,105
578559,578665,578668,3,106
578559,578666,578668,2,107
578578,578668,578670,2,90
578578,578667,578670,3,89
578578,578667,578670,3,89
578578,578668,578670,2,90
578578,578668,578669,1,90
578578,578668,578670,2,90
578578,578668,578670,2,90
578578,578668,578672,4,90
578578,578670,578678,8,92
578578,578668,578678,10,90
578578,578670,578678,8,92
578578,578669,578678,9,91
578578,578672,578679,7,94
578578,578669,578679,10,91
578578,578670,578680,10,92
578578,578670,578680,10,92
578578,578670,578679,9,92
578578,578669,578681,12,91
578578,578668,578681,13,90
578578,578669,578682,13,91
578578,578678,578682,4,100
578578,578678,578682,4,100
578578,578669,578682,13,91
578578,578669,578683,14,91
578578,578678,578683,5,100
578578,578671,578682,11,93
578578,578672,578682,10,94
578578,578678,578683,5,100
578578,578679,578682,3,101
578578,578680,578684,4,102
578578,578680,578684,4,102
578578,578679,578683,4,101
578578,578680,578685,5,102
578578,578681,578685,4,103
578578,578682,578686,4,104
578578,578682,578686,4,104
578578,578681,578686,5,103
578578,578682,578687,5,104
578578,578684,578688,4,106
578578,578684,578688,4,106
578578,578684,578688,4,106
578578,578686,578689,3,108
578184,578340,578689,349,156
578578,578685,578689,4,107
578578,578683,578689,6,105
578578,578685,578689,4,107
578578,578683,578690,7,105
578578,578683,578690,7,105
578578,578686,578689,3,108
578578,578683,578689,6,105
578578,578683,578691,8,105
578578,578688,578691,3,110
578578,578687,578691,4,109
578578,578689,578691,2,111
578578,578684,578692,8,106
578578,578687,578691,4,109
578578,578683,578691,8,105
578578,578689,578692,3,111
578578,578690,578692,2,112
578078,578227,578691,464,149
578578,578689,578693,4,111
578578,578689,578693,4,111
578578,578690,578693,3,112
578578,578689,578692,3,111
578578,578690,578692,2,112
578578,578689,578692,3,111
578578,578690,578692,2,112
578578,578691,578694,3,113
578578,578691,578693,2,113
578578,578690,578693,3,112
578578,578692,578693,1,114
578578,578692,578695,3,114
578607,578693,578695,2,86
578578,578692,578695,3,114
578578,578692,578695,3,114
578607,578693,578694,1,86
578578,578692,578696,4,114
578607,578693,578696,3,86
578607,578692,578695,3,85
578607,578693,578695,2,86
578607,578693,578695,2,86
578607,578693,578695,2,86
578578,578692,578695,3,114
578607,578693,578695,2,86
578607,578694,578697,3,87
578607,578694,578698,4,87
578607,578698,578701,3,91
578607,578697,578702,5,90
578607,578696,578702,6,89
578607,578696,578704,8,89
578607,578696,578704,8,89
578607,578695,578704,9,88
578607,578701,578705,4,94
578607,578696,578705,9,89
578607,578694,578704,10,87
578607,578695,578705,10,88
578607,578695,578705,10,88
578607,578696,578706,10,89
578607,578702,578706,4,95
578607,578695,578706,11,88
578607,578696,578707,11,89
578607,578696,578707,11,89
578607,578702,578707,5,95
578607,578704,578707,3,97
578607,578694,578707,13,87
578607,578704,578708,4,97
578607,578695,578707,12,88
578607,578704,578708,4,97
578106,578254,578707,453,148
578607,578696,578708,12,89
578607,578705,578708,3,98
578607,578705,578710,5,98
578607,578705,578710,5,98
578607,578705,578711,6,98
578607,578708,578711,3,101
578607,578708,578712,4,101
578607,578710,578713,3,103
578607,578708,578713,5,101
578607,578707,578713,6,100
578607,578707,578712,5,100
578607,578708,578713,5,101
578607,578707,578714,7,100
578607,578707,578714,7,100
578607,578710,578713,3,103
578607,578711,578714,3,104
578607,578706,578714,8,99
578607,578707,578713,6,100
578607,578710,578714,4,103
578607,578712,578715,3,105
578607,578706,578714,8,99
578607,578706,578715,9,99
578607,578706,578714,8,99
578607,578708,578714,6,101
578607,578713,578716,3,106
578607,578711,578716,5,104
578607,578713,578716,3,106
578607,578714,578717,3,107
578607,578714,578717,3,107
578607,578713,578716,3,106
578607,578714,578717,3,107
578607,578714,578717,3,107
578607,578715,578716,1,108
578607,578716,578717,1,109
578607,578715,578717,2,108
578607,578714,578716,2,107
578607,578715,578718,3,108
578607,578715,578718,3,108
578607,578714,578717,3,107
578607,578713,578717,4,106
578607,578714,578718,4,107
578607,578715,578717,2,108
578607,578713,578717,4,106
578612,578717,578719,2,105
578612,578716,578718,2,104
578612,578717,578719,2,105
578612,578717,578719,2,105
578612,578717,578718,1,105
578612,578717,578718,1,105
578612,578717,578719,2,105
578612,578717,578719,2,105
578612,578717,578720,3,105
578612,578717,578722,5,105
578612,578720,578724,4,108
578612,578720,578724,4,108
578612,578722,578726,4,110
578612,578719,578727,8,107
578612,578719,578727,8,107
578612,578719,578727,8,107
578612,578724,578728,4,112
578612,578719,578728,9,107
578612,578718,578727,9,106
578612,578718,578728,10,106
578612,578719,578727,8,107
578612,578719,578729,10,107
578612,578724,578729,5,112
578612,578719,578729,10,107
578612,578727,578730,3,115
578612,578718,578730,12,106
578612,578718,578729,11,106
578612,578718,578730,12,106
578612,578726,578730,4,114
578612,578727,578730,3,115
578612,578718,578731,13,106
578612,578727,578730,3,115
578612,578728,578731,3,116
578612,578718,578731,13,106
578612,578728,578733,5,116
578612,578728,578733,5,116
578612,578728,578732,4,116
578612,578728,578732,4,116
578612,578729,578733,4,117
578612,578732,578735,3,120
578612,578729,578735,6,117
578612,578730,578735,5,118
578612,578730,578736,6,118
578612,578729,578736,7,117
578612,578730,578736,6,118
578612,578730,578736,6,118
578612,578731,578737,6,119
578612,578733,578737,4,121
578612,578733,578737,4,121
578612,578733,578736,3,121
578612,578730,578738,8,118
578612,578730,578738,8,118
578612,578732,578738,6,120
578612,578733,578738,5,121
578612,578732,578739,7,120
578612,578735,578739,4,123
578612,578738,578740,2,126
578612,578737,578740,3,125
578612,578735,578739,4,123
578612,578736,578740,4,124
578612,578735,578740,5,123
578612,578738,578739,1,126
578612,578736,578740,4,124
578612,578737,578740,3,125
578612,578736,578741,5,124
578612,578738,578741,3,126
578612,578737,578741,4,125
578612,578736,578740,4,124
578612,578738,578740,2,126
578612,578739,578740,1,127
578612,578734,578741,7,122
578612,578740,578742,2,128
578612,578740,578743,3,128
578618,578740,578743,3,122
578618,578740,578743,3,122
578612,578740,578742,2,128
578618,578740,578742,2,122
578618,578740,578742,2,122
578612,578739,578742,3,127
578618,578741,578743,2,123
578618,578742,578744,2,124
578618,578741,578743,2,123
578618,578741,578743,2,123
578618,578742,578745,3,124
578618,578742,578746,4,124
578618,578745,578749,4,127
578618,578742,578749,7,124
578618,578744,578751,7,126
578618,578743,578751,8,125
578618,578747,578751,4,129
578618,578743,578752,9,125
578618,578742,578752,10,124
578618,578742,578752,10,124
578618,578744,578753,9,126
578618,578749,578753,4,131
578618,578743,578752,9,125
578618,578749,578752,3,131
578618,578743,578752,9,125
578618,578743,578753,10,125
578618,578743,578753,10,125
578618,578744,578754,10,126
578618,578743,578754,11,125
578618,578743,578753,10,125
578618,578752,578755,3,134
578618,578751,578755,4,133
578618,578751,578754,3,133
578618,578751,578755,4,133
578618,578752,578756,4,134
578618,578753,578755,2,135
578618,578753,578757,4,135
578618,578753,578757,4,135
578618,578753,578758,5,135
578618,578753,578758,5,135
578618,578753,578757,4,135
578618,578757,578760,3,139
578618,578756,578760,4,138
578618,578753,578760,7,135
578618,578753,578760,7,135
578618,578756,578760,4,138
578618,578755,578760,5,137
578618,578757,578761,4,139
578618,578755,578761,6,137
578618,578755,578760,5,137
578618,578755,578760,5,137
578618,578754,578762,8,136
578618,578754,578762,8,136
578618,578758,578762,4,140
578618,578754,578762,8,136
578618,578758,578762,4,140
578618,578758,578762,4,140
578618,578760,578763,3,142
578618,578760,578764,4,142
578618,578761,578763,2,143
578618,578762,578764,2,144
578166,578310,578763,453,144
578618,578761,578764,3,143
578618,578760,578764,4,142
578618,578762,578765,3,144
578618,578763,578765,2,145
578618,578760,578765,5,142
578618,578762,578765,3,144
578618,578763,578765,2,145
578618,578762,578764,2,144
578618,578761,578766,5,143
578618,578763,578765,2,145
578618,578764,578766,2,146
578618,578763,578766,3,145
578618,578760,578765,5,142
578618,578760,578767,7,142
578690,578764,578767,3,74
578618,578764,578766,2,146
578618,578764,578766,2,146
578690,578765,578766,1,75
578690,578765,578767,2,75
578690,578764,578767,3,74
578690,578765,578768,3,75
578690,578765,578768,3,75
578690,578766,578769,3,76
578690,578765,578769,4,75
578690,578766,578768,2,76
578690,578766,578771,5,76
578690,578766,578773,7,76
578286,578428,578777,349,142
578690,578767,578777,10,77
578690,578768,578778,10,78
578690,578767,578777,10,77
578690,578767,578778,11,77
578690,578769,578778,9,79
578690,578768,578778,10,78
578690,578771,578778,7,81
578690,578773,578779,6,83
578690,578766,578779,13,76
578690,578769,578778,9,79
578690,578769,578779,10,79
578690,578766,578779,13,76
578690,578767,578778,11,77
578690,578768,578780,12,78
578690,578768,578780,12,78
578690,578767,578780,13,77
578690,578777,578781,4,87
578690,578777,578781,4,87
578690,578778,578782,4,88
578690,578778,578782,4,88
578690,578778,578782,4,88
578690,578778,578782,4,88
578690,578781,578785,4,91
578690,578782,578784,2,92
578690,578778,578786,8,88
578690,578779,578786,7,89
578690,578782,578786,4,92
578690,578782,578786,4,92
578690,578780,578787,7,90
578690,578781,578787,6,91
578690,578783,578786,3,93
578690,578779,578788,9,89
578690,578780,578787,7,90
578690,578779,578788,9,89
578690,578779,578787,8,89
578690,578785,578788,3,95
578690,578779,578788,9,89
578690,578779,578787,8,89
578690,578779,578788,9,89
578690,578780,578789,9,90
578690,578786,578789,3,96
578690,578785,578788,3,95
578690,578787,578790,3,97
578690,578787,578789,2,97
578690,578786,578789,3,96
578690,578787,578791,4,97
578690,578787,578791,4,97
578690,578788,578791,3,98
578690,578786,578791,5,96
578690,578789,578791,2,99
578690,578790,578792,2,100
578690,578789,578792,3,99
578690,578788,578792,4,98
578690,578788,578792,4,98
578690,578788,578792,4,98
578690,578788,578791,3,98
578690,578789,578791,2,99
578690,578788,578791,3,98
578690,578788,578793,5,98
578690,578791,578793,2,101
578690,578790,578793,3,100
578690,578791,578793,2,101
578690,578790,578792,2,100
578693,578792,578793,1,99
578693,578792,578794,2,99
578693,578791,578794,3,98
578690,578788,578793,5,98
578693,578792,578794,2,99
578693,578792,578795,3,99
578693,578792,578795,3,99
578693,578792,578794,2,99
578693,578792,578794,2,99
578693,578792,578794,2,99
578693,578792,578794,2,99
578297,578454,578798,344,157
578693,578793,578799,6,100
578693,578795,578799,4,102
578693,578796,578800,4,103
578693,578794,578801,7,101
578693,578795,578801,6,102
578693,578793,578801,8,100
578693,578799,578802,3,106
578693,578794,578802,8,101
578693,578799,578801,2,106
578693,578799,578803,4,106
578693,578793,578803,10,100
578693,578794,578803,9,101
578693,578793,578804,11,100
578693,578795,578804,9,102
578693,578793,578804,11,100
578693,578801,578804,3,108
578693,578801,578803,2,108
578693,578800,578805,5,107
578693,578795,578805,10,102
578693,578795,578805,10,102
578693,578794,578804,10,101
578693,578802,578805,3,109
578693,578802,578806,4,109
578693,578794,578806,12,101
578693,578802,578806,4,109
578693,578802,578807,5,109
578693,578803,578808,5,110
578693,578803,578808,5,110
578693,578803,578809,6,110
578693,578807,578810,3,114
578693,578806,578810,4,113
578693,578804,578810,6,111
578693,578805,578810,5,112
578693,578805,578811,6,112
578693,578804,578810,6,111
578693,578806,578810,4,113
578693,578806,578811,5,113
578693,578805,578811,6,112
578693,578804,578811,7,111
578693,578805,578810,5,112
578693,578807,578810,3,114
578693,578808,578812,4,115
578693,578805,578811,6,112
578693,578810,578813,3,117
578693,578811,578813,2,118
578693,578808,578812,4,115
578693,578804,578812,8,111
578693,578810,578813,3,117
578693,578811,578814,3,118
578693,578811,578814,3,118
578693,578811,578813,2,118
578693,578809,578814,5,116
578693,578810,578814,4,117
578693,578811,578814,3,118
578693,578810,578815,5,117
578693,578812,578815,3,119
578693,578811,578815,4,118
578693,578813,578814,1,120
578693,578811,578815,4,118
578693,578813,578814,1,120
578693,578811,578814,3,118
578693,578813,578816,3,120
578709,578814,578816,2,105
578693,578812,578815,3,119
578709,578814,578816,2,105
578693,578813,578815,2,120
578693,578814,578815,1,121
578709,578814,578815,1,105
578709,578814,578815,1,105
578709,578815,578817,2,106
578709,578814,578817,3,105
578709,578815,578818,3,106
578709,578815,578818,3,106
578709,578815,578817,2,106
578709,578815,578820,5,106
578709,578815,578821,6,106
578709,578818,578823,5,109
578709,578821,578824,3,112
578709,578817,578824,7,108
578709,578820,578825,5,111
578709,578818,578825,7,109
578709,578816,578826,10,107
578709,578816,578826,10,107
578709,578817,578825,8,108
578709,578816,578826,10,107
578709,578816,578827,11,107
578709,578816,578826,10,107
578709,578823,578827,4,114
578709,578816,578827,11,107
578709,578824,578826,2,115
578709,578815,578828,13,106
578709,578824,578827,3,115
578709,578816,578828,12,107
578709,578826,578829,3,117
578709,578825,578829,4,116
578709,578817,578829,12,108
578709,578818,578828,10,109
578709,578826,578830,4,117
578709,578825,578830,5,116
578709,578826,578831,5,117
578709,578826,578831,5,117
578709,578827,578831,4,118
578709,578827,578833,6,118
578709,578830,578833,3,121
578709,578828,578834,6,119
578709,578827,578834,7,118
578709,578827,578834,7,118
578709,578827,578834,7,118
578709,578828,578834,6,119
578709,578831,578835,4,122
578709,578830,578835,5,121
578709,578829,578835,6,120
578709,578829,578835,6,120
578709,578831,578835,4,122
578709,578829,578834,5,120
578709,578832,578834,2,123
578709,578829,578835,6,120
578709,578828,578835,7,119
578709,578833,578836,3,124
578709,578834,578837,3,125
578709,578833,578837,4,124
578709,578834,578838,4,125
578709,578835,578838,3,126
578709,578834,578838,4,125
578709,578835,578838,3,126
578709,578835,578837,2,126
578709,578835,578837,2,126
578709,578837,578838,1,128
578709,578836,578839,3,127
578709,578835,578839,4,126
578709,578835,578839,4,126
578709,578837,578838,1,128
578709,578838,578839,1,129
578709,578834,578838,4,125
578709,578836,578838,2,127
578709,578835,578839,4,126
578709,578835,578839,4,126
578765,578838,578840,2,73
578709,578838,578840,2,129
578709,578834,578840,6,125
578765,578839,578841,2,74
578765,578838,578840,2,73
578765,578838,578840,2,73
578709,578838,578840,2,129
578765,578839,578841,2,74
578765,578839,578842,3,74
578765,578839,578841,2,74
578765,578839,578841,2,74
578765,578839,578842,3,74
578765,578839,578846,7,74
578765,578841,578849,8,76
578765,578842,578850,8,77
578765,578841,578851,10,76
578214,578370,578851,481,156
578765,578840,578850,10,75
578765,578841,578851,10,76
578765,578841,578851,10,76
578765,578840,578852,12,75
578765,578839,578851,12,74
578765,578840,578852,12,75
578765,578841,578853,12,76
578765,578842,578852,10,77
578765,578841,578853,12,76
578765,578850,578854,4,85
578765,578843,578853,10,78
578765,578842,578854,12,77
578765,578851,578854,3,86
578765,578852,578855,3,87
578765,578851,578855,4,86
578765,578850,578854,4,85
578765,578851,578855,4,86
578765,578846,578856,10,81
578765,578851,578856,5,86
578765,578852,578856,4,87
578765,578852,578857,5,87
578765,578852,578858,6,87
578765,578853,578860,7,88
578765,578854,578860,6,89
578765,578856,578860,4,91
578765,578854,578860,6,89
578765,578856,578860,4,91
578765,578855,578861,6,90
578765,578856,578861,5,91
578765,578853,578861,8,88
578765,578855,578861,6,90
578765,578857,578861,4,92
578765,578856,578860,4,91
578765,578854,578862,8,89
578765,578856,578861,5,91
578765,578854,578862,8,89
578765,578853,578861,8,88
578765,578858,578863,5,93
578765,578860,578863,3,95
578765,578860,578863,3,95
578765,578861,578864,3,96
578765,578860,578864,4,95
578765,578860,578864,4,95
578765,578861,578865,4,96
578765,578861,578864,3,96
578765,578863,578865,2,98
578765,578861,578865,4,96
578765,578861,578865,4,96
578765,578861,578865,4,96
578765,578861,578866,5,96
578765,578863,578865,2,98
578765,578864,578866,2,99
578765,578862,578866,4,97
578765,578862,578865,3,97
578765,578862,578866,4,97
578765,578865,578866,1,100
578765,578865,578867,2,100
578765,578864,578866,2,99
578765,578865,578867,2,100
578765,578863,578866,3,98
578765,578863,578867,4,98
578779,578865,578868,3,86
578779,578866,578868,2,87
578765,578864,578867,3,99
578779,578866,578869,3,87
578779,578866,578869,3,87
578779,578866,578868,2,87
578779,578866,578868,2,87
578779,578867,578870,3,88
578779,578865,578869,4,86
578779,578867,578869,2,88
578779,578867,578877,10,88
578779,578868,578879,11,89
578779,578869,578879,10,90
578779,578867,578879,12,88
578779,578867,578880,13,88
578779,578868,578880,12,89
578779,578869,578880,11,90
578779,578867,578880,13,88
578779,578870,578880,10,91
578779,578870,578881,11,91
578779,578871,578880,9,92
578779,578870,578882,12,91
578779,578870,578881,11,91
578779,578868,578883,15,89
578779,578868,578882,14,89
578218,578400,578884,484,182
578779,578877,578887,10,98
578779,578879,578889,10,100
578779,578879,578889,10,100
578779,578882,578890,8,103
578779,578880,578891,11,101
578779,578879,578891,12,100
578779,578881,578890,9,102
578779,578881,578892,11,102
578779,578882,578892,10,103
578779,578880,578892,12,101
578779,578883,578892,9,104
578779,578881,578893,12,102
578779,578881,578893,12,102
578779,578883,578893,10,104
578779,578880,578892,12,101
578779,578887,578894,7,108
578779,578892,578894,2,113
578779,578892,578895,3,113
578779,578885,578894,9,106
578779,578891,578895,4,112
578779,578891,578896,5,112
578779,578893,578895,2,114
578779,578892,578896,4,113
578779,578893,578896,3,114
578779,578890,578895,5,111
578779,578894,578896,2,115
578779,578895,578896,1,116
578779,578893,578896,3,114
578779,578891,578896,5,112
578779,578889,578897,8,110
578779,578893,578896,3,114
578779,578893,578896,3,114
578779,578895,578896,1,116
578779,578892,578896,4,113
578779,578896,578898,2,117
578779,578895,578897,2,116
578779,578895,578898,3,116
578779,578896,578899,3,117
578779,578896,578898,2,117
578779,578896,578899,3,117
578779,578896,578899,3,117
578779,578896,578898,2,117
578779,578896,578898,2,117
578779,578897,578898,1,118
578779,578896,578900,4,117
578779,578897,578899,2,118
578779,578898,578900,2,119
578779,578897,578900,3,118
578779,578896,578899,3,117
578779,578897,578899,2,118
578779,578897,578900,3,118
578805,578900,578901,1,95
578805,578900,578902,2,95
578805,578898,578902,4,93
578805,578899,578902,3,94
578805,578899,578902,3,94
578805,578899,578902,3,94
578805,578899,578901,2,94
578805,578899,578903,4,94
578805,578900,578905,5,95
578805,578900,578908,8,95
578805,578900,578910,10,95
578805,578902,578912,10,97
578805,578900,578912,12,95
578805,578902,578913,11,97
578805,578901,578913,12,96
578805,578901,578913,12,96
578805,578902,578913,11,97
578805,578902,578912,10,97
578805,578902,578913,11,97
578805,578902,578914,12,97
578805,578902,578914,12,97
578805,578900,578914,14,95
578805,578903,578915,12,98
578805,578908,578918,10,103
578805,578905,578918,13,100
578805,578910,578920,10,105
578805,578912,578921,9,107
578805,578913,578922,9,108
578805,578912,578922,10,107
578805,578913,578923,10,108
578805,578914,578923,9,109
578805,578913,578923,10,108
578805,578914,578925,11,109
578805,578913,578925,12,108
578805,578914,578925,11,109
578805,578915,578925,10,110
578805,578913,578924,11,108
578805,578923,578927,4,118
578805,578915,578927,12,110
578805,578922,578927,5,117
578805,578920,578927,7,115
578805,578923,578927,4,118
578805,578923,578927,4,118
578805,578918,578928,10,113
578805,578925,578928,3,120
578805,578921,578927,6,116
578805,578925,578927,2,120
578805,578925,578927,2,120
578805,578925,578928,3,120
578805,578927,578929,2,122
578805,578922,578928,6,117
578805,578927,578928,1,122
578805,578928,578929,1,123
578805,578927,578929,2,122
578805,578927,578928,1,122
578805,578918,578928,10,113
578805,578927,578929,2,122
578805,578928,578930,2,123
578805,578927,578929,2,122
578805,578928,578929,1,123
578805,578925,578929,4,120
578805,578929,578931,2,124
578805,578929,578931,2,124
578805,578929,578931,2,124
578805,578929,578932,3,124
578805,578929,578932,3,124
578805,578929,578932,3,124
578805,578929,578932,3,124
578805,578929,578931,2,124
578805,578929,578932,3,124
578805,578930,578933,3,125
578805,578929,578933,4,124
578805,578930,578932,2,125
578852,578931,578933,2,79
578805,578930,578933,3,125
578805,578930,578933,3,125
578852,578931,578933,2,79
578852,578932,578933,1,80
578852,578932,578934,2,80
578852,578932,578934,2,80
578852,578932,578936,4,80
578852,578932,578935,3,80
578852,578932,578935,3,80
578852,578932,578938,6,80
578852,578933,578940,7,81
578360,578481,578941,460,121
578852,578933,578943,10,81
578852,578933,578943,10,81
578852,578933,578944,11,81
578852,578934,578944,10,82
578852,578934,578944,10,82
578852,578934,578944,10,82
578852,578936,578946,10,84
578852,578934,578946,12,82
578852,578936,578947,11,84
578852,578936,578947,11,84
578852,578933,578947,14,81
578852,578944,578948,4,92
578852,578936,578948,12,84
578852,578944,578949,5,92
578852,578940,578949,9,88
578852,578941,578951,10,89
578852,578945,578950,5,93
578852,578943,578951,8,91
578852,578938,578951,13,86
578852,578945,578951,6,93
578852,578943,578952,9,91
578852,578946,578953,7,94
578852,578947,578954,7,95
578852,578947,578955,8,95
578852,578952,578955,3,100
578852,578949,578956,7,97
578852,578949,578956,7,97
578852,578949,578956,7,97
578852,578949,578957,8,97
578852,578952,578956,4,100
578852,578951,578956,5,99
578852,578953,578957,4,101
578852,578947,578957,10,95
578852,578951,578958,7,99
578852,578954,578958,4,102
578852,578951,578958,7,99
578852,578955,578958,3,103
578852,578955,578959,4,103
578852,578956,578959,3,104
578852,578951,578959,8,99
578852,578956,578958,2,104
578852,578957,578959,2,105
578852,578948,578959,11,96
578852,578957,578960,3,105
578852,578957,578961,4,105
578852,578958,578961,3,106
578852,578957,578961,4,105
578852,578959,578961,2,107
578852,578956,578961,5,104
578852,578958,578961,3,106
578852,578958,578961,3,106
578852,578958,578962,4,106
578852,578957,578961,4,105
578852,578959,578961,2,107
578852,578961,578963,2,109
578852,578959,578963,4,107
578852,578959,578962,3,107
578852,578961,578963,2,109
578852,578960,578963,3,108
578852,578959,578962,3,107
578852,578961,578962,1,109
578852,578959,578962,3,107
578852,578961,578964,3,109
578852,578961,578964,3,109
578886,578962,578965,3,76
578886,578963,578965,2,77
578852,578961,578964,3,109
578886,578963,578965,2,77
578886,578962,578964,2,76
578886,578962,578965,3,76
578886,578963,578966,3,77
578886,578963,578966,3,77
578886,578963,578967,4,77
578886,578963,578967,4,77
578886,578963,578970,7,77
578886,578965,578975,10,79
578886,578966,578976,10,80
578886,578964,578976,12,78
578886,578967,578976,9,81
578886,578964,578976,12,78
578886,578965,578975,10,79
578886,578966,578975,9,80
578886,578967,578977,10,81
578886,578965,578977,12,79
578886,578964,578976,12,78
578886,578966,578978,12,80
578886,578966,578977,11,80
578886,578965,578978,13,79
578886,578970,578978,8,84
578886,578975,578983,8,89
578886,578976,578983,7,90
578886,578976,578985,9,90
578886,578976,578985,9,90
578886,578976,578984,8,90
578886,578977,578985,8,91
578886,578977,578984,7,91
578886,578976,578986,10,90
578369,578509,578985,476,140
578886,578976,578986,10,90
578886,578979,578987,8,93
578886,578978,578986,8,92
578886,578978,578988,10,92
578886,578977,578988,11,91
578441,578617,578988,371,176
578886,578978,578989,11,92
578886,578985,578988,3,99
578886,578987,578989,2,101
578886,578986,578989,3,100
578886,578983,578990,7,97
578886,578986,578990,4,100
578886,578983,578989,6,97
578886,578985,578990,5,99
578886,578985,578991,6,99
578886,578989,578991,2,103
578886,578987,578991,4,101
578886,578986,578990,4,100
578886,578988,578990,2,102
578886,578985,578992,7,99
578886,578985,578992,7,99
578886,578988,578991,3,102
578886,578989,578991,2,103
578886,578989,578991,2,103
578886,578989,578991,2,103
578886,578988,578992,4,102
578886,578990,578993,3,104
578886,578990,578992,2,104
578886,578990,578994,4,104
578886,578991,578993,2,105
578886,578992,578994,2,106
578886,578991,578994,3,105
578886,578990,578993,3,104
578886,578991,578993,2,105
578886,578991,578994,3,105
578886,578991,578995,4,105
578886,578993,578994,1,107
578886,578993,578995,2,107
578886,578992,578995,3,106
578886,578992,578995,3,106
578886,578992,578995,3,106
578886,578993,578996,3,107
578886,578992,578995,3,106
578886,578992,578995,3,106
578945,578994,578997,3,49
578945,578994,578996,2,49
578945,578994,578996,2,49
578945,578994,578996,2,49
578945,578995,578997,2,50
578945,578994,578997,3,49
578945,578994,578998,4,49
578945,578995,578997,2,50
578945,578995,578998,3,50
578945,578995,579003,8,50
578945,578997,579007,10,52
578945,578997,579007,10,52
578945,578995,579008,13,50
578945,578997,579007,10,52
578945,578997,579008,11,52
578945,578996,579008,12,51
578945,578997,579007,10,52
578945,578996,579008,12,51
578945,578997,579010,13,52
578945,578999,579010,11,54
578945,578996,579010,14,51
578945,578998,579010,12,53
578945,578999,579011,12,54
578945,578996,579011,15,51
578945,579003,579013,10,58
578945,579008,579015,7,63
578945,579007,579016,9,62
578945,579007,579016,9,62
578945,579008,579017,9,63
578945,579008,579017,9,63
578945,579010,579018,8,65
578945,579008,579019,11,63
578945,579010,579019,9,65
578945,579011,579020,9,66
578945,579010,579020,10,65
578945,579009,579019,10,64
578945,579018,579019,1,73
578945,579017,579020,3,72
578945,579010,579021,11,65
578945,579009,579020,11,64
578945,579017,579020,3,72
578945,579019,579022,3,74
578945,579016,579022,6,71
578945,579020,579022,2,75
578945,579020,579022,2,75
578945,579020,579021,1,75
578945,579020,579022,2,75
578388,578535,579023,488,147
578945,579013,579022,9,68
578945,579012,579022,10,67
578945,579016,579022,6,71
578945,579015,579022,7,70
578945,579020,579022,2,75
578945,579022,579023,1,77
578945,579020,579022,2,75
578945,579021,579024,3,76
578945,579021,579023,2,76
578945,579022,579023,1,77
578945,579022,579023,1,77
578945,579022,579024,2,77
578945,579023,579025,2,78
578945,579023,579025,2,78
578945,579022,579024,2,77
578945,579021,579024,3,76
578945,579022,579024,2,77
578945,579023,579026,3,78
578945,579023,579026,3,78
578945,579023,579025,2,78
578945,579023,579026,3,78
578945,579024,579026,2,79
578945,579024,579027,3,79
578945,579023,579026,3,78
578945,579025,579026,1,80
578945,579025,579026,1,80
578945,579025,579028,3,80
578987,579025,579028,3,38
578987,579025,579028,3,38
578945,579024,579027,3,79
578987,579025,579028,3,38
578987,579025,579029,4,38
578987,579026,579028,2,39
578987,579026,579028,2,39
578987,579026,579028,2,39
578987,579026,579030,4,39
578987,579026,579030,4,39
578987,579027,579035,8,40
578987,579028,579038,10,41
578987,579028,579038,10,41
578987,579028,579038,10,41
578987,579028,579039,11,41
578987,579029,579040,11,42
578987,579028,579041,13,41
578987,579029,579040,11,42
578987,579029,579041,12,42
578987,579029,579041,12,42
578987,579028,579042,14,41
578987,579030,579041,11,43
578987,579028,579041,13,41
578987,579030,579042,12,43
578987,579029,579042,13,42
578987,579035,579046,11,48
578987,579038,579046,8,51
578987,579038,579047,9,51
578987,579042,579047,5,55
578987,579042,579048,6,55
578987,579041,579048,7,54
578987,579042,579048,6,55
578987,579039,579047,8,52
578987,579039,579047,8,52
578987,579041,579047,6,54
578987,579043,579047,4,56
578987,579047,579049,2,60
578987,579040,579049,9,53
578987,579046,579048,2,59
578987,579046,579050,4,59
578987,579043,579049,6,56
578987,579047,579050,3,60
578987,579048,579050,2,61
578987,579048,579051,3,61
578987,579048,579050,2,61
578987,579048,579050,2,61
578987,579049,579050,1,62
578987,579049,579050,1,62
578987,579048,579050,2,61
578987,579048,579050,2,61
578987,579049,579050,1,62
578987,579041,579050,9,54
578987,579048,579051,3,61
578987,579050,579053,3,63
578987,579051,579053,2,64
578987,579052,579053,1,65
578987,579050,579053,3,63
578987,579042,579052,10,55
578987,579050,579052,2,63
578987,579050,579052,2,63
578987,579051,579053,2,64
578987,579051,579053,2,64
578987,579051,579053,2,64
578987,579051,579053,2,64
578987,579051,579053,2,64
578987,579051,579053,2,64
578987,579053,579055,2,66
578987,579051,579054,3,64
578987,579052,579055,3,65
578987,579053,579056,3,66
578987,579053,579056,3,66
578987,579053,579056,3,66
578987,579053,579055,2,66
578987,579053,579055,2,66
578987,579054,579056,2,67
578989,579054,579057,3,65
578987,579053,579056,3,66
578989,579054,579057,3,65
578989,579054,579058,4,65
578989,579054,579057,3,65
578989,579055,579058,3,66
578393,578565,579057,492,172
578989,579055,579059,4,66
578989,579055,579059,4,66
578989,579056,579060,4,67
578989,579056,579062,6,67
578989,579056,579066,10,67
578989,579056,579067,11,67
578989,579057,579067,10,68
578989,579056,579067,11,67
578989,579057,579069,12,68
578989,579058,579068,10,69
578989,579056,579068,12,67
578989,579058,579070,12,69
578989,579058,579070,12,69
578989,579057,579071,14,68
578989,579058,579070,12,69
578989,579059,579071,12,70
578989,579059,579071,12,70
578989,579060,579072,12,71
578989,579062,579073,11,73
578989,579068,579076,8,79
578989,579069,579076,7,80
578989,579066,579077,11,77
578989,579071,579077,6,82
578989,579070,579077,7,81
578989,579069,579077,8,80
578989,579071,579078,7,82
578989,579069,579078,9,80
578989,579071,579077,6,82
578989,579071,579078,7,82
578989,579067,579078,11,78
578989,579072,579077,5,83
578989,579067,579077,10,78
578989,579076,579077,1,87
578989,579076,579078,2,87
578989,579078,579079,1,89
578989,579073,579078,5,84
578989,579070,579078,8,81
578989,579077,579080,3,88
578989,579077,579079,2,88
578989,579078,579080,2,89
578989,579078,579080,2,89
578989,579077,579079,2,88
578989,579078,579080,2,89
578989,579079,579080,1,90
578989,579079,579080,1,90
578989,579080,579081,1,91
578989,579078,579080,2,89
578989,579079,579080,1,90
578989,579079,579080,1,90
578989,579078,579080,2,89
578989,579078,579080,2,89
578989,579080,579082,2,91
578989,579080,579082,2,91
578989,579079,579081,2,90
578989,579080,579082,2,91
578989,579080,579082,2,91
578989,579081,579083,2,92
578989,579081,579082,1,92
578989,579081,579083,2,92
578989,579081,579082,1,92
578989,579081,579083,2,92
578989,579080,579082,2,91
578989,579080,579082,2,91
578989,579081,579083,2,92
578989,579081,579084,3,92
578989,579081,579083,2,92
578989,579082,579085,3,93
578989,579082,579085,3,93
579023,579083,579085,2,60
579023,579083,579084,1,60
578989,579082,579084,2,93
579023,579083,579085,2,60
579023,579083,579084,1,60
578989,579082,579085,3,93
579023,579083,579086,3,60
579023,579084,579086,2,61
579023,579083,579087,4,60
579023,579084,579086,2,61
579023,579084,579088,4,61
578443,578617,579092,475,174
579023,579084,579094,10,61
579023,579085,579096,11,62
579023,579085,579096,11,62
579023,579085,579096,11,62
579023,579086,579097,11,63
579023,579085,579097,12,62
579023,579085,579096,11,62
579023,579085,579097,12,62
579023,579085,579097,12,62
579023,579086,579099,13,63
579023,579086,579098,12,63
579023,579087,579099,12,64
579023,579087,579100,13,64
579023,579088,579100,12,65
579023,579097,579103,6,74
579023,579092,579103,11,69
579023,579097,579104,7,74
579023,579100,579105,5,77
579023,579094,579105,11,71
579023,579097,579105,8,74
579023,579100,579105,5,77
579023,579097,579105,8,74
579023,579096,579105,9,73
579023,579096,579106,10,73
579023,579099,579105,6,76
579023,579099,579105,6,76
579023,579099,579105,6,76
579023,579103,579106,3,80
579023,579105,579107,2,82
579023,579103,579107,4,80
579023,579105,579106,1,82
579023,579106,579107,1,83
579023,579105,579107,2,82
579023,579097,579107,10,74
579023,579105,579108,3,82
579023,579097,579108,11,74
579023,579105,579107,2,82
579023,579106,579108,2,83
579023,579107,579109,2,84
579023,579107,579109,2,84
579023,579106,579109,3,83
579023,579105,579108,3,82
579023,579104,579108,4,81
579023,579106,579108,2,83
579023,579107,579108,1,84
579023,579107,579108,1,84
579023,579107,579110,3,84
579023,579107,579110,3,84
579023,579108,579110,2,85
579023,579108,579111,3,85
579023,579108,579110,2,85
579023,579108,579110,2,85
579023,579109,579110,1,86
579023,579109,579110,1,86
579023,579108,579110,2,85
579023,579110,579111,1,87
579023,579109,579112,3,86
579023,579110,579111,1,87
579023,579110,579112,2,87
579023,579109,579111,2,86
579023,579109,579111,2,86
579023,579110,579113,3,87
579023,579110,579112,2,87
579023,579110,579113,3,87
579067,579111,579114,3,44
579023,579111,579114,3,88
579023,579111,579113,2,88
579067,579112,579114,2,45
579067,579111,579114,3,44
579067,579111,579115,4,44
579067,579112,579114,2,45
579067,579112,579115,3,45
579067,579112,579115,3,45
579067,579112,579116,4,45
579067,579112,579118,6,45
579067,579113,579121,8,46
579067,579115,579124,9,48
579067,579114,579125,11,47
579067,579114,579126,12,47
579067,579114,579125,11,47
579067,579115,579125,10,48
579067,579113,579126,13,46
579067,579113,579126,13,46
579067,579114,579127,13,47
579067,579115,579126,11,48
579067,579114,579126,12,47
579067,579115,579128,13,48
579067,579118,579129,11,51
579067,579116,579128,12,49
579067,579126,579133,7,59
579067,579121,579133,12,54
579067,579127,579133,6,60
579067,579127,579133,6,60
579067,579125,579133,8,58
579067,579126,579133,7,59
579067,579127,579134,7,60
579067,579128,579135,7,61
579067,579129,579135,6,62
579067,579129,579135,6,62
579067,579125,579135,10,58
579067,579133,579135,2,66
579067,579133,579136,3,66
579067,579126,579137,11,59
579067,579126,579136,10,59
579067,579133,579137,4,66
579067,579135,579137,2,68
579067,579135,579137,2,68
579067,579134,579137,3,67
579067,579133,579137,4,66
578495,578644,579137,493,149
579067,579133,579136,3,66
579067,579133,579138,5,66
579067,579135,579137,2,68
579067,579126,579137,11,59
579067,579135,579137,2,68
579067,579135,579137,2,68
579067,579137,579138,1,70
579067,579137,579139,2,70
579067,579137,579139,2,70
579067,579136,579139,3,69
579067,579137,579139,2,70
579067,579137,579139,2,70
579067,579137,579138,1,70
579067,579137,579138,1,70
579067,579137,579139,2,70
579067,579138,579139,1,71
579067,579139,579140,1,72
579067,579137,579139,2,70
579067,579138,579141,3,71
579067,579138,579141,3,71
579067,579138,579140,2,71
578690,578791,579141,350,101
579067,579139,579140,1,72
579067,579138,579140,2,71
579067,579139,579141,2,72
579067,579139,579141,2,72
579067,579139,579141,2,72
579067,579139,579142,3,72
579067,579140,579142,2,73
579067,579139,579141,2,72
579067,579139,579141,2,72
579067,579140,579142,2,73
579067,579139,579142,3,72
579098,579141,579144,3,43
579098,579141,579144,3,43
579098,579141,579143,2,43
579098,579141,579143,2,43
579098,579141,579143,2,43
579098,579141,579144,3,43
579098,579141,579144,3,43
579098,579141,579145,4,43
579098,579142,579147,5,44
579098,579142,579149,7,44
579098,579142,579150,8,44
579098,579143,579153,10,45
578560,578667,579153,486,107
579098,579143,579153,10,45
579098,579142,579154,12,44
579098,579144,579155,11,46
579098,579144,579155,11,46
579098,579144,579155,11,46
579098,579143,579156,13,45
579098,579145,579156,11,47
579098,579144,579156,12,46
578694,578814,579156,342,120
579098,579144,579157,13,46
579098,579144,579157,13,46
579098,579145,579157,12,47
579098,579147,579160,13,49
579098,579155,579160,5,57
579098,579155,579161,6,57
579098,579150,579161,11,52
579098,579153,579160,7,55
579098,579158,579161,3,60
579098,579149,579161,12,51
579098,579156,579161,5,58
579098,579158,579161,3,60
579098,579158,579161,3,60
579098,579154,579162,8,56
579098,579153,579162,9,55
579098,579156,579161,5,58
579098,579160,579162,2,62
579098,579153,579161,8,55
579098,579156,579162,6,58
579098,579157,579162,5,59
579098,579161,579162,1,63
579098,579161,579163,2,63
579098,579160,579162,2,62
579098,579161,579162,1,63
579098,579161,579162,1,63
579098,579156,579163,7,58
579098,579162,579164,2,64
579098,579161,579164,3,63
579098,579161,579163,2,63
579098,579162,579164,2,64
579098,579161,579164,3,63
579098,579162,579163,1,64
579098,579162,579165,3,64
579098,579162,579164,2,64
579098,579162,579164,2,64
579098,579163,579165,2,65
579098,579163,579164,1,65
579098,579163,579165,2,65
579098,579163,579166,3,65
579098,579164,579166,2,66
579098,579164,579166,2,66
579098,579164,579165,1,66
579098,579164,579166,2,66
579098,579164,579165,1,66
579098,579164,579165,1,66
579098,579164,579166,2,66
579098,579165,579167,2,67
579098,579163,579166,3,65
579098,579165,579167,2,67
579098,579165,579166,1,67
579098,579165,579167,2,67
579098,579164,579166,2,66
579098,579164,579166,2,66
579098,579165,579167,2,67
579137,579166,579168,2,29
579098,579165,579168,3,67
578578,578692,579167,475,114
579137,579166,579168,2,29
579137,579166,579169,3,29
579137,579166,579168,2,29
579137,579166,579168,2,29
579137,579166,579170,4,29
579137,579167,579169,2,30
579137,579166,579170,4,29
579137,579167,579172,5,30
579137,579167,579174,7,30
579137,579167,579175,8,30
579137,579167,579177,10,30
579137,579168,579178,10,31
579137,579168,579178,10,31
579137,579170,579180,10,33
579137,579170,579180,10,33
579137,579168,579180,12,31
579137,579170,579181,11,33
579137,579169,579181,12,32
579137,579168,579181,13,31
579137,579167,579181,14,30
579137,579167,579182,15,30
579137,579176,579182,6,39
579137,579174,579182,8,37
579137,579170,579183,13,33
579137,579168,579182,14,31
579137,579181,579183,2,44
579137,579170,579183,13,33
579137,579172,579184,12,35
579137,579177,579183,6,40
579137,579182,579184,2,45
579137,579179,579184,5,42
579137,579179,579184,5,42
579137,579181,579185,4,44
579137,579180,579185,5,43
579137,579180,579184,4,43
579137,579180,579185,5,43
579137,579181,579185,4,44
579137,579181,579184,3,44
579137,579182,579185,3,45
579137,579184,579185,1,47
579137,579184,579186,2,47
579137,579183,579186,3,46
579137,579183,579185,2,46
579137,579183,579185,2,46
579137,579184,579186,2,47
579137,579183,579185,2,46
579137,579185,579187,2,48
579137,579185,579186,1,48
579137,579185,579186,1,48
579137,579186,579187,1,49
579137,579185,579186,1,48
579137,579185,579186,1,48
579137,579186,579187,1,49
579137,579184,579186,2,47
579137,579185,579187,2,48
579137,579186,579187,1,49
579137,579185,579188,3,48
579137,579185,579188,3,48
579137,579187,579189,2,50
579137,579186,579189,3,49
579137,579185,579188,3,48
579137,579186,579188,2,49
579137,579187,579188,1,50
579137,579187,579188,1,50
579137,579187,579188,1,50
579137,579188,579189,1,51
579137,579186,579188,2,49
579137,579187,579189,2,50
579137,579186,579188,2,49
578607,578716,579190,474,109
579137,579187,579190,3,50
579137,579187,579189,2,50
579137,579187,579189,2,50
579137,579188,579190,2,51
579141,579189,579191,2,48
579137,579188,579190,2,51
579141,579189,579190,1,48
579141,579189,579192,3,48
579141,579189,579192,3,48
579141,579189,579192,3,48
579141,579189,579191,2,48
579141,579189,579191,2,48
579141,579189,579191,2,48
579141,579189,579192,3,48
579141,579189,579193,4,48
579141,579189,579198,9,48
579141,579193,579200,7,52
579141,579193,579200,7,52
579141,579190,579201,11,49
579141,579194,579201,7,53
579141,579191,579201,10,50
579141,579190,579201,11,49
579141,579190,579202,12,49
579141,579190,579202,12,49
579141,579193,579202,9,52
579141,579201,579203,2,60
579141,579201,579203,2,60
579141,579191,579203,12,50
579141,579191,579202,11,50
579141,579201,579202,1,60
579141,579192,579203,11,51
579141,579200,579203,3,59
579141,579202,579204,2,61
579141,579198,579204,6,57
579141,579190,579204,14,49
579141,579202,579204,2,61
579141,579202,579204,2,61
579141,579192,579205,13,51
579141,579192,579205,13,51
579141,579203,579204,1,62
579141,579202,579204,2,61
579141,579203,579206,3,62
579141,579204,579205,1,63
579141,579204,579206,2,63
579141,579200,579205,5,59
579141,579203,579206,3,62
579141,579204,579205,1,63
579141,579204,579205,1,63
579141,579204,579206,2,63
579141,579205,579207,2,64
579141,579204,579207,3,63
579141,579204,579206,2,63
579141,579205,579207,2,64
579141,579204,579207,3,63
579141,579192,579206,14,51
579141,579205,579208,3,64
579141,579205,579208,3,64
579141,579206,579207,1,65
579141,579206,579207,1,65
579141,579207,579208,1,66
579141,579205,579208,3,64
579141,579206,579208,2,65
579141,579207,579208,1,66
579141,579206,579208,2,65
579141,579206,579208,2,65
579141,579207,579208,1,66
579141,579207,579209,2,66
579141,579207,579208,1,66
579141,579206,579208,2,65
579141,579206,579208,2,65
579141,579208,579210,2,67
579141,579208,579210,2,67
579141,579207,579210,3,66
579141,579207,579209,2,66
579141,579208,579211,3,67
579141,579208,579211,3,67
579141,579208,579211,3,67
579154,579209,579211,2,55
579141,579208,579211,3,67
579141,579208,579210,2,67
579141,579208,579210,2,67
579154,579209,579211,2,55
579154,579209,579212,3,55
579154,579209,579212,3,55
579154,579209,579211,2,55
579154,579209,579213,4,55
579154,579210,579212,2,56
579154,579210,579214,4,56
579154,579210,579214,4,56
579154,579210,579217,7,56
579154,579211,579222,11,57
579154,579211,579222,11,57
579154,579211,579222,11,57
579154,579211,579222,11,57
579154,579211,579222,11,57
579154,579211,579223,12,57
579154,579211,579223,12,57
579154,579212,579223,11,58
579154,579213,579224,11,59
579154,579212,579224,12,58
579154,579211,579225,14,57
579154,579212,579225,13,58
579154,579213,579225,12,59
579154,579214,579226,12,60
579154,579223,579225,2,69
579154,579223,579227,4,69
579154,579224,579227,3,70
579154,579223,579227,4,69
579154,579215,579226,11,61
579154,579225,579228,3,71
579154,579226,579228,2,72
579154,579225,579228,3,71
579154,579223,579228,5,69
579154,579223,579227,4,69
579154,579226,579228,2,72
579154,579217,579227,10,63
579154,579224,579227,3,70
579154,579227,579229,2,73
579154,579227,579229,2,73
579154,579227,579228,1,73
579154,579225,579228,3,71
579154,579223,579230,7,69
579154,579228,579229,1,74
579154,579228,579229,1,74
579154,579228,579230,2,74
579154,579227,579230,3,73
579154,579228,579230,2,74
579154,579223,579229,6,69
579154,579228,579229,1,74
579154,579228,579230,2,74
579154,579228,579231,3,74
579154,579229,579231,2,75
579154,579230,579232,2,76
579154,579228,579231,3,74
579154,579229,579231,2,75
579154,579230,579232,2,76
579154,579230,579232,2,76
579154,579229,579231,2,75
579154,579222,579231,9,68
579154,579229,579231,2,75
579154,579230,579231,1,76
579154,579230,579231,1,76
579154,579230,579231,1,76
579154,579230,579233,3,76
579154,579231,579233,2,77
579154,579230,579232,2,76
579154,579230,579233,3,76
579154,579231,579234,3,77
579154,579232,579233,1,78
578612,578740,579233,493,128
579158,579233,579235,2,75
579154,579232,579235,3,78
579154,579232,579235,3,78
579158,579233,579235,2,75
579154,579232,579235,3,78
579158,579233,579236,3,75
579158,579233,579235,2,75
579158,579233,579235,2,75
579158,579233,579236,3,75
579154,579232,579235,3,78
579154,579232,579235,3,78
579154,579232,579236,4,78
579158,579234,579237,3,76
579158,579234,579237,3,76
579158,579233,579236,3,75
579158,579234,579242,8,76
578619,578764,579243,479,145
579158,579237,579244,7,79
579158,579235,579245,10,77
579158,579237,579245,8,79
579158,579235,579245,10,77
579158,579236,579246,10,78
579158,579236,579247,11,78
579158,579235,579247,12,77
579158,579235,579247,12,77
579158,579235,579247,12,77
579158,579245,579248,3,87
579158,579236,579248,12,78
579158,579236,579248,12,78
579158,579236,579248,12,78
579158,579242,579249,7,84
579158,579247,579249,2,89
579158,579236,579248,12,78
579158,579247,579249,2,89
579158,579245,579248,3,87
579158,579247,579249,2,89
579158,579247,579248,1,89
579158,579247,579248,1,89
579158,579248,579249,1,90
579158,579244,579248,4,86
579158,579247,579248,1,89
579158,579237,579250,13,79
579158,579237,579249,12,79
579158,579244,579249,5,86
579158,579249,579251,2,91
579158,579249,579251,2,91
579158,579248,579250,2,90
579158,579248,579250,2,90
579158,579249,579251,2,91
579158,579249,579251,2,91
579158,579249,579252,3,91
579158,579249,579251,2,91
579158,579249,579251,2,91
579158,579249,579251,2,91
579158,579249,579252,3,91
579158,579249,579251,2,91
579158,579249,579251,2,91
579158,579249,579251,2,91
579158,579250,579253,3,92
579158,579251,579253,2,93
579158,579250,579253,3,92
579158,579251,579252,1,93
579158,579252,579253,1,94
579158,579251,579253,2,93
579158,579252,579254,2,94
579158,579250,579253,3,92
579158,579251,579253,2,93
579158,579251,579253,2,93
579158,579251,579253,2,93
579158,579252,579254,2,94
579158,579252,579254,2,94
579158,579252,579253,1,94
579158,579252,579253,1,94
579158,579253,579255,2,95
579158,579253,579255,2,95
579158,579252,579254,2,94
579158,579253,579255,2,95
579158,579252,579254,2,94
579158,579253,579254,1,95
579158,579254,579256,2,96
579158,579253,579255,2,95
579158,579253,579255,2,95
579178,579254,579257,3,76
579178,579254,579256,2,76
579178,579254,579257,3,76
579178,579254,579257,3,76
579178,579254,579257,3,76
579178,579255,579258,3,77
579178,579254,579258,4,76
579178,579254,579257,3,76
579178,579255,579260,5,77
579178,579255,579264,9,77
579178,579256,579266,10,78
579178,579256,579266,10,78
579178,579255,579267,12,77
579178,579255,579267,12,77
579178,579256,579267,11,78
579178,579257,579267,10,79
579178,579257,579268,11,79
579178,579256,579268,12,78
579178,579258,579268,10,80
579178,579257,579269,12,79
579178,579257,579269,12,79
579178,579268,579270,2,90
579178,579268,579270,2,90
579178,579257,579270,13,79
579178,579268,579269,1,90
579178,579268,579271,3,90
579178,579269,579271,2,91
579178,579269,579271,2,91
579178,579258,579272,14,80
579178,579267,579272,5,89
579178,579270,579272,2,92
579178,579271,579272,1,93
579178,579258,579272,14,80
579178,579270,579272,2,92
579178,579270,579272,2,92
579178,579260,579273,13,82
579178,579266,579272,6,88
579178,579271,579272,1,93
579178,579267,579273,6,89
579178,579267,579272,5,89
579178,579271,579274,3,93
579178,579271,579274,3,93
579178,579272,579274,2,94
579178,579272,579274,2,94
579178,579267,579274,7,89
579178,579273,579275,2,95
579178,579272,579275,3,94
579178,579272,579275,3,94
579178,579272,579275,3,94
579178,579272,579275,3,94
579178,579264,579274,10,86
579178,579272,579274,2,94
579178,579274,579276,2,96
579178,579274,579275,1,96
579178,579274,579276,2,96
579178,579274,579276,2,96
579178,579273,579275,2,95
579178,579274,579275,1,96
579178,579275,579276,1,97
579178,579274,579277,3,96
579178,579273,579276,3,95
579178,579275,579277,2,97
579178,579273,579276,3,95
579178,579275,579276,1,97
579178,579275,579277,2,97
579178,579276,579278,2,98
579178,579275,579277,2,97
579178,579275,579277,2,97
579178,579275,579277,2,97
579178,579276,579279,3,98
579178,579276,579279,3,98
579178,579276,579278,2,98
579190,579277,579279,2,87
579178,579276,579278,2,98
579178,579276,579278,2,98
579178,579276,579278,2,98
579190,579277,579279,2,87
579190,579277,579280,3,87
579190,579277,579280,3,87
579190,579277,579279,2,87
579190,579278,579281,3,88
579190,579278,579280,2,88
579190,579278,579282,4,88
579190,579278,579282,4,88
579190,579279,579286,7,89
579190,579279,579290,11,89
579190,579279,579290,11,89
579190,579279,579290,11,89
579190,579279,579290,11,89
579190,579279,579290,11,89
579190,579279,579291,12,89
579190,579279,579292,13,89
579190,579281,579292,11,91
579190,579280,579293,13,90
579190,579281,579292,11,91
579190,579280,579293,13,90
579190,579280,579292,12,90
579190,579292,579294,2,102
579190,579282,579294,12,92
579190,579293,579295,2,103
579190,579291,579295,4,101
579190,579291,579295,4,101
579190,579282,579296,14,92
579190,579293,579295,2,103
579190,579294,579296,2,104
579190,579292,579295,3,102
579190,579293,579295,2,103
579190,579294,579295,1,104
579190,579294,579296,2,104
579190,579290,579297,7,100
579190,579295,579296,1,105
579190,579290,579297,7,100
579190,579295,579297,2,105
579190,579286,579297,11,96
579190,579290,579298,8,100
579190,579290,579298,8,100
579190,579296,579298,2,106
579190,579296,579298,2,106
579190,579295,579297,2,105
579190,579296,579298,2,106
579190,579296,579299,3,106
579190,579296,579298,2,106
579190,579297,579298,1,107
579190,579297,579298,1,107
579190,579296,579298,2,106
579190,579297,579298,1,107
579190,579296,579299,3,106
579190,579298,579300,2,108
579190,579298,579300,2,108
579190,579298,579300,2,108
579190,579297,579299,2,107
579190,579298,579299,1,108
579190,579298,579300,2,108
579190,579299,579301,2,109
579190,579299,579301,2,109
579190,579298,579301,3,108
579190,579299,579301,2,109
579190,579299,579301,2,109
579190,579298,579300,2,108
579190,579299,579301,2,109
579190,579299,579301,2,109
579190,579299,579302,3,109
579190,579300,579302,2,110
579234,579301,579303,2,67
579190,579301,579303,2,111
579190,579300,579303,3,110
579190,579300,579303,3,110
579190,579301,579303,2,111
579190,579300,579303,3,110
579234,579301,579303,2,67
579190,579300,579303,3,110
579190,579301,579303,2,111
579234,579302,579304,2,68
579234,579302,579304,2,68
579234,579302,579305,3,68
579234,579302,579304,2,68
579234,579303,579305,2,69
579234,579303,579304,1,69
579234,579303,579305,2,69
579234,579303,579308,5,69
579234,579304,579314,10,70
579234,579303,579315,12,69
579234,579303,579315,12,69
579234,579305,579316,11,71
579234,579303,579316,13,69
579234,579304,579316,12,70
579234,579305,579316,11,71
579234,579305,579317,12,71
579234,579305,579317,12,71
579234,579305,579316,11,71
579234,579304,579316,12,70
579234,579307,579317,10,73
579234,579305,579318,13,71
579234,579317,579319,2,83
579234,579317,579319,2,83
579234,579317,579319,2,83
579234,579318,579320,2,84
579234,579316,579320,4,82
579234,579317,579320,3,83
579234,579308,579320,12,74
579234,579319,579321,2,85
579234,579316,579321,5,82
579234,579319,579321,2,85
579234,579317,579320,3,83
579234,579318,579321,3,84
579234,579319,579322,3,85
578710,578838,579322,484,128
579234,579316,579321,5,82
579234,579320,579321,1,86
579234,579321,579322,1,87
579234,579321,579323,2,87
579234,579320,579323,3,86
579234,579321,579323,2,87
579234,579320,579322,2,86
579234,579321,579323,2,87
579234,579315,579322,7,81
579234,579322,579324,2,88
579234,579322,579323,1,88
579234,579322,579324,2,88
579234,579320,579323,3,86
579234,579322,579324,2,88
579234,579315,579323,8,81
579234,579321,579323,2,87
579234,579323,579325,2,89
579234,579314,579324,10,80
579234,579323,579324,1,89
579234,579324,579325,1,90
579234,579322,579324,2,88
579234,579323,579325,2,89
579234,579324,579325,1,90
579234,579324,579326,2,90
579234,579324,579326,2,90
579234,579323,579325,2,89
579234,579324,579326,2,90
579234,579323,579325,2,89
579234,579323,579325,2,89
579234,579324,579326,2,90
579234,579325,579327,2,91
579234,579324,579326,2,90
579234,579325,579327,2,91
579234,579325,579328,3,91
579234,579325,579328,3,91
579234,579326,579327,1,92
579234,579326,579327,1,92
579234,579325,579327,2,91
579234,579325,579327,2,91
579248,579326,579329,3,78
579248,579326,579329,3,78
579248,579326,579329,3,78
579248,579327,579328,1,79
579248,579326,579329,3,78
579248,579327,579330,3,79
579248,579327,579330,3,79
579248,579326,579329,3,78
579248,579328,579330,2,80
579248,579328,579332,4,80
579248,579328,579338,10,80
579248,579328,579339,11,80
579248,579328,579339,11,80
579248,579329,579339,10,81
579248,579329,579341,12,81
579248,579329,579341,12,81
579248,579330,579340,10,82
579248,579329,579341,12,81
579248,579330,579342,12,82
579248,579330,579342,12,82
579248,579330,579342,12,82
579248,579341,579343,2,93
579248,579332,579342,10,84
579248,579331,579344,13,83
579248,579339,579344,5,91
579248,579339,579344,5,91
579248,579330,579344,14,82
579248,579341,579344,3,93
579248,579342,579344,2,94
579248,579342,579345,3,94
579248,579340,579344,4,92
579248,579343,579345,2,95
579248,579341,579344,3,93
579248,579341,579345,4,93
579248,579343,579346,3,95
579248,579344,579346,2,96
579248,579344,579346,2,96
579248,579338,579345,7,90
579248,579344,579345,1,96
579248,579344,579347,3,96
579248,579344,579346,2,96
579248,579345,579347,2,97
579248,579344,579346,2,96
579248,579344,579346,2,96
579248,579345,579346,1,97
579248,579345,579346,1,97
579248,579346,579348,2,98
579248,579346,579348,2,98
578766,578865,579348,483,99
579248,579345,579348,3,97
579248,579346,579348,2,98
579248,579347,579349,2,99
579248,579347,579349,2,99
579248,579346,579348,2,98
579248,579346,579348,2,98
579248,579346,579348,2,98
579248,579347,579349,2,99
579248,579348,579349,1,100
579248,579348,579349,1,100
579248,579347,579349,2,99
579248,579348,579350,2,100
579248,579348,579350,2,100
579248,579347,579349,2,99
579248,579348,579349,1,100
579248,579348,579351,3,100
579248,579349,579351,2,101
579248,579349,579351,2,101
579248,579348,579350,2,100
579248,579349,579351,2,101
579248,579350,579352,2,102
579248,579349,579352,3,101
579248,579349,579351,2,101
579248,579350,579352,2,102
579322,579350,579353,3,28
579248,579350,579352,2,102
579248,579350,579352,2,102
579248,579350,579352,2,102
579322,579351,579353,2,29
579322,579351,579354,3,29
579322,579350,579354,4,28
579322,579351,579354,3,29
579322,579351,579354,3,29
579322,579351,579354,3,29
579322,579352,579354,2,30
579322,579352,579357,5,30
579322,579352,579359,7,30
579322,579353,579364,11,31
579322,579353,579364,11,31
579322,579352,579364,12,30
579322,579353,579364,11,31
579322,579355,579364,9,33
579322,579354,579364,10,32
579322,579353,579365,12,31
579322,579354,579366,12,32
579322,579354,579366,12,32
579322,579354,579367,13,32
579322,579360,579367,7,38
579322,579354,579367,13,32
579322,579365,579367,2,43
579322,579366,579368,2,44
579322,579365,579368,3,43
579322,579355,579367,12,33
579322,579366,579368,2,44
579322,579365,579368,3,43
579322,579367,579369,2,45
579322,579357,579368,11,35
579322,579367,579369,2,45
579322,579367,579370,3,45
579322,579365,579370,5,43
579322,579368,579370,2,46
579322,579367,579369,2,45
579322,579368,579370,2,46
579322,579368,579369,1,46
579322,579368,579370,2,46
579322,579368,579370,2,46
579322,579369,579370,1,47
579322,579364,579372,8,42
579322,579370,579372,2,48
579322,579370,579372,2,48
579322,579370,579372,2,48
579322,579369,579371,2,47
579322,579369,579371,2,47
579322,579364,579371,7,42
579322,579370,579371,1,48
579322,579371,579373,2,49
579322,579370,579372,2,48
579322,579371,579373,2,49
579322,579364,579372,8,42
579322,579372,579373,1,50
579322,579370,579372,2,48
579322,579372,579374,2,50
579322,579372,579374,2,50
579322,579372,579374,2,50
579322,579372,579373,1,50
579322,579372,579374,2,50
579322,579373,579374,1,51
579322,579372,579374,2,50
579322,579371,579373,2,49
579322,579373,579375,2,51
579322,579372,579374,2,50
579322,579373,579374,1,51
579322,579373,579374,1,51
579322,579374,579376,2,52
579322,579374,579375,1,52
579322,579374,579375,1,52
579322,579374,579375,1,52
579322,579374,579376,2,52
579322,579374,579375,1,52
579322,579373,579375,2,51
579322,579373,579375,2,51
579322,579374,579375,1,52
579348,579376,579378,2,28
579348,579375,579378,3,27
579348,579376,579377,1,28
579348,579376,579377,1,28
579348,579375,579379,4,27
579348,579376,579379,3,28
579348,579376,579378,2,28
579348,579376,579378,2,28
579348,579376,579379,3,28
579348,579376,579380,4,28
579348,579379,579386,7,31
579348,579376,579386,10,28
579348,579379,579387,8,31
579348,579380,579388,8,32
579348,579380,579389,9,32
579348,579379,579389,10,31
579348,579379,579389,10,31
579348,579376,579389,13,28
579348,579378,579388,10,30
579348,579376,579390,14,28
578779,578898,579390,492,119
578987,579054,579390,336,67
579348,579379,579390,11,31
579348,579389,579391,2,41
579348,579389,579391,2,41
579348,579379,579390,11,31
579348,579389,579392,3,41
579348,579390,579392,2,42
579348,579390,579392,2,42
579348,579389,579391,2,41
579348,579390,579391,1,42
579348,579391,579392,1,43
579348,579386,579392,6,38
579348,579387,579393,6,39
579348,579391,579392,1,43
579348,579378,579393,15,30
579348,579390,579392,2,42
579348,579391,579393,2,43
579348,579392,579393,1,44
579348,579392,579393,1,44
579348,579392,579394,2,44
579348,579392,579394,2,44
579348,579392,579394,2,44
579348,579392,579394,2,44
579348,579389,579393,4,41
579348,579393,579394,1,45
579348,579393,579395,2,45
579348,579393,579394,1,45
579348,579386,579394,8,38
579348,579393,579395,2,45
579348,579393,579395,2,45
579348,579394,579396,2,46
579348,579393,579395,2,45
579348,579394,579396,2,46
579348,579388,579395,7,40
579348,579394,579396,2,46
579348,579394,579396,2,46
579348,579394,579395,1,46
579348,579394,579395,1,46
579348,579394,579395,1,46
579348,579395,579397,2,47
579348,579395,579397,2,47
579348,579395,579396,1,47
579348,579395,579396,1,47
579348,579395,579396,1,47
579348,579396,579398,2,48
579348,579396,579398,2,48
579348,579395,579397,2,47
579348,579396,579398,2,48
579348,579396,579398,2,48
579348,579396,579398,2,48
579348,579396,579398,2,48
579348,579396,579398,2,48
579348,579396,579398,2,48
579348,579396,579398,2,48
579390,579397,579400,3,7
579390,579398,579400,2,8
579348,579397,579400,3,49
579348,579397,579399,2,49
579390,579398,579400,2,8
579390,579398,579401,3,8
579390,579397,579400,3,7
579390,579398,579401,3,8
579390,579398,579401,3,8
579390,579398,579400,2,8
579390,579399,579402,3,9
579390,579399,579403,4,9
579390,579399,579407,8,9
579390,579400,579409,9,10
579390,579399,579409,10,9
579390,579402,579410,8,12
579390,579401,579410,9,11
579390,579400,579411,11,10
579390,579401,579411,10,11
579390,579403,579411,8,13
579390,579401,579412,11,11
579390,579401,579412,11,11
579390,579401,579413,12,11
579390,579411,579413,2,21
579390,579401,579413,12,11
579390,579400,579414,14,10
579390,579412,579414,2,22
579390,579412,579414,2,22
579390,579411,579413,2,21
579390,579412,579413,1,22
579390,579400,579415,15,10
579390,579410,579414,4,20
579390,579413,579414,1,23
579390,579407,579414,7,17
579390,579410,579416,6,20
579390,579413,579415,2,23
579390,579414,579416,2,24
579390,579414,579416,2,24
579390,579413,579415,2,23
579390,579414,579416,2,24
579390,579409,579416,7,19
579390,579415,579417,2,25
579390,579414,579416,2,24
579390,579415,579417,2,25
579390,579414,579416,2,24
579390,579415,579417,2,25
579390,579416,579418,2,26
579390,579416,579418,2,26
579390,579416,579417,1,26
579390,579416,579418,2,26
578806,578930,579418,488,124
579390,579409,579417,8,19
579390,579415,579417,2,25
579390,579417,579418,1,27
579390,579418,579419,1,28
579390,579416,579418,2,26
579390,579417,579419,2,27
579390,579417,579418,1,27
579390,579417,579418,1,27
579390,579416,579418,2,26
579390,579416,579418,2,26
579390,579417,579420,3,27
579390,579418,579420,2,28
579390,579418,579420,2,28
579390,579418,579419,1,28
579390,579419,579420,1,29
579390,579418,579421,3,28
579390,579419,579421,2,29
579390,579418,579421,3,28
579390,579419,579420,1,29
579390,579419,579420,1,29
579390,579419,579420,1,29
579390,579419,579421,2,29
579390,579420,579422,2,30
579390,579420,579422,2,30
579390,579419,579421,2,29
579390,579418,579421,3,28
579390,579419,579421,2,29
579390,579420,579423,3,30
579390,579421,579423,2,31
579390,579421,579423,2,31
579390,579420,579422,2,30
579390,579420,579422,2,30
579390,579421,579423,2,31
579390,579421,579423,2,31
579390,579421,579423,2,31
579390,579422,579424,2,32
579390,579422,579426,4,32
579390,579422,579432,10,32
579390,579422,579432,10,32
579390,579422,579432,10,32
579390,579423,579433,10,33
579390,579423,579433,10,33
579390,579423,579434,11,33
579390,579424,579434,10,34
579390,579424,579434,10,34
579390,579424,579434,10,34
579390,579422,579435,13,32
579390,579424,579435,11,34
579390,579422,579434,12,32
579390,579424,579436,12,34
579390,579425,579435,10,35
579390,579426,579436,10,36
579390,579432,579438,6,42
579390,579432,579439,7,42
579390,579433,579440,7,43
579390,579433,579441,8,43
579390,579432,579441,9,42
579390,579434,579442,8,44
579390,579434,579443,9,44
579390,579436,579443,7,46
579390,579437,579443,6,47
579390,579434,579444,10,44
579390,579435,579444,9,45
579390,579435,579445,10,45
579390,579439,579445,6,49
579390,579440,579446,6,50
579390,579439,579446,7,49
579390,579436,579446,10,46
579390,579441,579447,6,51
579390,579436,579447,11,46
579390,579443,579447,4,53
579390,579436,579448,12,46
579390,579442,579448,6,52
579390,579443,579447,4,53
579390,579441,579447,6,51
579390,579445,579448,3,55
579390,579445,579449,4,55
579390,579443,579449,6,53
579390,579446,579449,3,56
579390,579447,579449,2,57
579390,579445,579448,3,55
579390,579446,579450,4,56
578852,578961,579449,488,109
579390,579444,579450,6,54
579390,579446,579449,3,56
579390,579447,579450,3,57
579390,579449,579451,2,59
579390,579448,579451,3,58
579390,579449,579450,1,59
579390,579447,579450,3,57
579390,579450,579452,2,60
579390,579448,579452,4,58
579390,579448,579452,4,58
579390,579450,579452,2,60
579390,579448,579451,3,58
579390,579450,579452,2,60
579390,579449,579452,3,59
579390,579449,579452,3,59
579390,579449,579452,3,59
579390,579449,579452,3,59
579390,579451,579452,1,61
579390,579450,579452,2,60
579390,579450,579452,2,60
579419,579452,579454,2,33
579419,579452,579454,2,33
579419,579452,579454,2,33
579419,579452,579455,3,33
579419,579452,579455,3,33
579419,579451,579454,3,32
579419,579452,579454,2,33
579419,579452,579455,3,33
579419,579452,579456,4,33
579419,579453,579459,6,34
579419,579453,579463,10,34
579419,579453,579463,10,34
579419,579454,579464,10,35
579419,579454,579465,11,35
579419,579453,579465,12,34
579419,579455,579466,11,36
579419,579455,579466,11,36
579419,579455,579467,12,36
579419,579455,579467,12,36
579419,579453,579466,13,34
579419,579455,579467,12,36
579419,579459,579468,9,40
579419,579456,579467,11,37
579419,579456,579468,12,37
579419,579468,579470,2,49
579419,579467,579470,3,48
579419,579467,579469,2,48
579419,579468,579470,2,49
579419,579463,579471,8,44
579419,579470,579472,2,51
579419,579469,579472,3,50
579419,579468,579471,3,49
579419,579470,579472,2,51
579419,579464,579472,8,45
579419,579464,579471,7,45
579419,579465,579472,7,46
579419,579471,579473,2,52
579419,579467,579472,5,48
579419,579471,579473,2,52
579419,579471,579472,1,52
579419,579472,579474,2,53
579419,579472,579474,2,53
579419,579472,579474,2,53
579419,579472,579474,2,53
579419,579472,579474,2,53
579419,579472,579473,1,53
579419,579472,579474,2,53
579419,579473,579474,1,54
579419,579474,579475,1,55
579419,579473,579475,2,54
579419,579473,579475,2,54
579419,579474,579476,2,55
579419,579474,579476,2,55
579419,579474,579475,1,55
579419,579474,579476,2,55
579419,579474,579477,3,55
579419,579475,579477,2,56
579419,579465,579477,12,46
579419,579475,579477,2,56
579419,579475,579478,3,56
579419,579476,579478,2,57
579419,579475,579477,2,56
579419,579477,579478,1,58
579419,579476,579478,2,57
579419,579466,579478,12,47
579419,579476,579479,3,57
579419,579476,579479,3,57
579419,579476,579478,2,57
579419,579466,579478,12,47
579419,579477,579479,2,58
579419,579477,579479,2,58
579419,579477,579478,1,58
579419,579477,579479,2,58
579419,579478,579480,2,59
579451,579478,579480,2,27
579451,579478,579481,3,27
579419,579478,579480,2,59
579451,579479,579481,2,28
579451,579479,579481,2,28
579451,579479,579482,3,28
579451,579479,579481,2,28
579451,579479,579482,3,28
579451,579479,579481,2,28
579451,579479,579481,2,28
579451,579480,579484,4,29
579451,579482,579490,8,31
579451,579480,579491,11,29
579451,579484,579491,7,33
579451,579483,579491,8,32
579451,579483,579492,9,32
579451,579482,579492,10,31
579451,579481,579492,11,30
579451,579481,579493,12,30
579451,579480,579492,12,29
579451,579480,579492,12,29
579451,579482,579494,12,31
579451,579481,579493,12,30
579451,579481,579493,12,30
578887,578994,579495,501,107
579451,579494,579496,2,43
579451,579494,579496,2,43
579451,579494,579498,4,43
579451,579495,579498,3,44
579451,579496,579498,2,45
579451,579497,579499,2,46
579451,579490,579499,9,39
579451,579491,579500,9,40
579451,579493,579501,8,42
579451,579491,579501,10,40
579451,579491,579501,10,40
579451,579498,579502,4,47
579451,579492,579501,9,41
579451,579498,579504,6,47
579451,579492,579504,12,41
579451,579492,579505,13,41
579451,579493,579505,12,42
579451,579499,579505,6,48
579451,579493,579505,12,42
579451,579498,579505,7,47
579451,579499,579506,7,48
579451,579501,579506,5,50
579451,579501,579506,5,50
579451,579500,579506,6,49
579451,579501,579506,5,50
579451,579505,579507,2,54
579451,579505,579507,2,54
579451,579505,579507,2,54
579451,579502,579508,6,51
579451,579505,579508,3,54
579451,579504,579508,4,53
579451,579506,579509,3,55
578946,579025,579509,484,79
579451,579506,579509,3,55
579451,579502,579508,6,51
579451,579506,579510,4,55
579451,579506,579509,3,55
579451,579507,579510,3,56
579451,579504,579511,7,53
579451,579507,579510,3,56
579451,579507,579510,3,56
579451,579508,579511,3,57
579451,579507,579511,4,56
579451,579507,579510,3,56
579451,579509,579511,2,58
579451,579509,579510,1,58
579451,579509,579510,1,58
579451,579508,579511,3,57
579451,579510,579512,2,59
579451,579509,579512,3,58
579451,579509,579511,2,58
579451,579510,579512,2,59
579496,579511,579513,2,15
579451,579510,579512,2,59
579496,579511,579513,2,15
579496,579511,579514,3,15
579496,579511,579513,2,15
579496,579511,579514,3,15
579496,579511,579513,2,15
579496,579511,579514,3,15
579496,579512,579515,3,16
579496,579511,579514,3,15
579496,579512,579520,8,16
579496,579513,579523,10,17
579496,579513,579524,11,17
579496,579514,579524,10,18
579496,579512,579524,12,16
579496,579514,579524,10,18
579496,579514,579524,10,18
579496,579513,579525,12,17
579496,579512,579525,13,16
579496,579514,579526,12,18
579496,579515,579526,11,19
579496,579515,579526,11,19
579496,579514,579526,12,18
579496,579515,579526,11,19
579496,579520,579530,10,24
579496,579524,579532,8,28
579496,579523,579532,9,27
579496,579525,579534,9,29
579496,579527,579534,7,31
579496,579524,579534,10,28
579496,579527,579536,9,31
579496,579526,579536,10,30
579496,579526,579536,10,30
579496,579526,579536,10,30
579496,579525,579536,11,29
579496,579524,579536,12,28
579496,579525,579536,11,29
579496,579524,579536,12,28
579496,579532,579538,6,36
579496,579532,579538,6,36
579496,579534,579539,5,38
579496,579530,579538,8,34
579496,579538,579540,2,42
579496,579537,579540,3,41
579496,579539,579541,2,43
579496,579534,579541,7,38
579496,579538,579540,2,42
579496,579539,579542,3,43
579496,579536,579542,6,40
579496,579536,579542,6,40
579496,579537,579541,4,41
579496,579536,579542,6,40
579496,579534,579543,9,38
579496,579536,579543,7,40
579496,579536,579543,7,40
579496,579540,579543,3,44
579496,579537,579542,5,41
579496,579540,579544,4,44
579496,579541,579544,3,45
579496,579541,579545,4,45
579496,579543,579545,2,47
579496,579542,579545,3,46
579496,579543,579545,2,47
579496,579542,579546,4,46
579496,579543,579545,2,47
579496,579544,579546,2,48
579496,579542,579546,4,46
579496,579542,579546,4,46
579496,579544,579545,1,48
579496,579542,579546,4,46
579496,579542,579546,4,46
579496,579545,579547,2,49
579496,579543,579546,3,47
579496,579543,579546,3,47
579496,579545,579546,1,49
579496,579545,579547,2,49
579510,579547,579549,2,37
579510,579546,579549,3,36
579510,579546,579548,2,36
579510,579546,579548,2,36
579510,579546,579548,2,36
579510,579546,579548,2,36
579510,579547,579550,3,37
579510,579547,579550,3,37
579510,579547,579551,4,37
579510,579547,579555,8,37
579510,579549,579557,8,39
579510,579547,579558,11,37
579510,579549,579559,10,39
579510,579547,579559,12,37
579510,579549,579559,10,39
579510,579548,579560,12,38
579510,579549,579559,10,39
579510,579550,579561,11,40
579510,579550,579561,11,40
579510,579550,579562,12,40
579510,579551,579563,12,41
579510,579552,579564,12,42
579510,579558,579566,8,48
579510,579555,579566,11,45
579510,579557,579567,10,47
578989,579082,579568,486,93
579510,579559,579568,9,49
579510,579559,579568,9,49
579510,579559,579568,9,49
579510,579560,579570,10,50
579510,579561,579571,10,51
579510,579561,579571,10,51
579510,579560,579572,12,50
579154,579233,579572,339,79
579510,579562,579571,9,52
579510,579564,579574,10,54
579510,579568,579574,6,58
579510,579568,579574,6,58
579510,579568,579574,6,58
579510,579568,579575,7,58
579510,579567,579575,8,57
579510,579566,579575,9,56
579510,579570,579576,6,60
579510,579566,579575,9,56
579510,579572,579577,5,62
579510,579571,579577,6,61
579510,579574,579577,3,64
579142,579209,579577,368,67
579510,579574,579577,3,64
579510,579575,579578,3,65
579510,579566,579578,12,56
579510,579574,579577,3,64
579510,579575,579577,2,65
579510,579575,579577,2,65
579510,579572,579579,7,62
579510,579576,579579,3,66
579510,579571,579578,7,61
579510,579572,579578,6,62
579510,579577,579580,3,67
579510,579577,579580,3,67
579510,579577,579580,3,67
579510,579578,579581,3,68
579510,579574,579581,7,64
579510,579576,579580,4,66
579510,579577,579580,3,67
579510,579577,579581,4,67
579510,579578,579581,3,68
579510,579578,579581,3,68
579510,579579,579582,3,69
579510,579580,579582,2,70
579510,579579,579582,3,69
579510,579578,579581,3,68
579510,579580,579581,1,70
579510,579579,579581,2,69
579510,579580,579581,1,70
579510,579580,579582,2,70
579510,579580,579581,1,70
579568,579581,579584,3,13
579568,579581,579584,3,13
579510,579581,579583,2,71
579568,579581,579584,3,13
579568,579581,579583,2,13
579568,579582,579585,3,14
579568,579582,579584,2,14
579568,579582,579584,2,14
579568,579582,579584,2,14
579568,579582,579585,3,14
579568,579582,579586,4,14
579568,579582,579588,6,14
579568,579582,579592,10,14
579568,579582,579593,11,14
579568,579584,579593,9,16
579568,579583,579594,11,15
579568,579588,579595,7,20
579568,579587,579595,8,19
579568,579584,579596,12,16
579568,579585,579595,10,17
579568,579584,579596,12,16
579568,579584,579596,12,16
579568,579585,579597,12,17
579024,579111,579597,486,87
579568,579584,579597,13,16
579568,579592,579597,5,24
579568,579587,579598,11,19
579568,579585,579597,12,17
579568,579585,579597,12,17
579568,579593,579599,6,25
579568,579593,579599,6,25
579568,579595,579599,4,27
579568,579595,579601,6,27
579568,579597,579603,6,29
579568,579595,579603,8,27
579568,579598,579604,6,30
579568,579599,579604,5,31
579568,579598,579605,7,30
579568,579596,579605,9,28
579568,579599,579605,6,31
579568,579599,579605,6,31
579568,579596,579605,9,28
579568,579601,579606,5,33
579568,579599,579605,6,31
579568,579605,579607,2,37
579568,579597,579607,10,29
579568,579605,579608,3,37
579568,579603,579608,5,35
579568,579605,579608,3,37
579568,579605,579608,3,37
579568,579596,579607,11,28
579568,579606,579609,3,38
579568,579596,579609,13,28
579568,579603,579609,6,35
579568,579597,579609,12,29
579568,579597,579609,12,29
579568,579604,579608,4,36
579568,579605,579608,3,37
579568,579607,579610,3,39
579568,579604,579610,6,36
579568,579606,579610,4,38
579568,579608,579610,2,40
579568,579609,579611,2,41
579568,579607,579611,4,39
579568,579609,579611,2,41
579568,579609,579611,2,41
579568,579608,579611,3,40
579568,579608,579612,4,40
579568,579608,579611,3,40
579568,579609,579612,3,41
579568,579609,579611,2,41
579568,579610,579611,1,42
579568,579608,579611,3,40
579568,579609,579611,2,41
579568,579609,579611,2,41
579568,579610,579612,2,42
579573,579611,579613,2,38
579568,579610,579612,2,42
579573,579611,579613,2,38
579573,579611,579613,2,38
579573,579611,579614,3,38
579573,579612,579614,2,39
579573,579611,579613,2,38
579573,579612,579614,2,39
579573,579612,579615,3,39
579573,579612,579614,2,39
579573,579612,579614,2,39
579573,579612,579619,7,39
579573,579615,579621,6,42
579573,579613,579623,10,40
579573,579613,579623,10,40
579573,579614,579624,10,41
579573,579619,579624,5,46
579573,579612,579624,12,39
579573,579613,579624,11,40
579573,579613,579625,12,40
579573,579615,579625,10,42
579573,579612,579624,12,39
579573,579612,579624,12,39
579573,579621,579624,3,48
579573,579614,579626,12,41
579573,579615,579625,10,42
579573,579614,579626,12,41
579573,579614,579627,13,41
579573,579623,579627,4,50
579573,579623,579628,5,50
579068,579140,579629,489,72
579573,579627,579630,3,54
579573,579627,579630,3,54
579573,579628,579630,2,55
579573,579624,579631,7,51
579573,579626,579632,6,53
579573,579629,579632,3,56
579573,579626,579632,6,53
579573,579626,579633,7,53
579573,579624,579634,10,51
579573,579624,579634,10,51
579573,579625,579634,9,52
579573,579625,579634,9,52
579573,579630,579635,5,57
579573,579624,579635,11,51
579573,579625,579635,10,52
579573,579625,579634,9,52
579573,579625,579636,11,52
579573,579630,579636,6,57
579573,579631,579636,5,58
579573,579632,579637,5,59
579573,579630,579636,6,57
579573,579632,579637,5,59
579573,579633,579638,5,60
579573,579632,579638,6,59
579573,579636,579638,2,63
579573,579634,579638,4,61
579573,579635,579639,4,62
579573,579635,579639,4,62
579573,579636,579638,2,63
579573,579637,579639,2,64
579573,579635,579639,4,62
579573,579634,579640,6,61
579573,579635,579639,4,62
579573,579636,579640,4,63
579573,579638,579640,2,65
579573,579635,579639,4,62
579573,579634,579639,5,61
579573,579638,579641,3,65
579573,579637,579641,4,64
579573,579638,579640,2,65
579573,579639,579641,2,66
579573,579637,579640,3,64
579573,579639,579641,2,66
579573,579638,579641,3,65
579573,579639,579641,2,66
579573,579639,579641,2,66
579578,579640,579642,2,62
579578,579640,579641,1,62
579578,579640,579643,3,62
579578,579641,579643,2,63
579098,579166,579643,477,68
579578,579640,579642,2,62
579578,579640,579643,3,62
579578,579640,579642,2,62
579578,579641,579644,3,63
579578,579641,579643,2,63
579578,579641,579643,2,63
579578,579641,579647,6,63
579578,579644,579649,5,66
579578,579644,579649,5,66
579578,579647,579650,3,69
579578,579642,579651,9,64
579578,579649,579651,2,71
579578,579641,579652,11,63
579578,579642,579652,10,64
579578,579649,579653,4,71
579578,579644,579653,9,66
579578,579641,579653,12,63
579578,579642,579652,10,64
579578,579642,579653,11,64
579578,579643,579654,11,65
579578,579650,579654,4,72
579578,579643,579654,11,65
579578,579643,579655,12,65
579578,579643,579654,11,65
579578,579643,579654,11,65
579578,579643,579656,13,65
579578,579651,579658,7,73
579578,579655,579658,3,77
579578,579656,579659,3,78
579578,579655,579659,4,77
579578,579651,579660,9,73
579578,579656,579660,4,78
579578,579653,579661,8,75
579578,579655,579661,6,77
579578,579654,579661,7,76
579578,579654,579661,7,76
579578,579653,579662,9,75
579578,579653,579661,8,75
579578,579653,579663,10,75
579578,579658,579663,5,80
579578,579652,579662,10,74
579578,579654,579663,9,76
579578,579652,579663,11,74
579578,579658,579664,6,80
579578,579659,579665,6,81
579578,579660,579664,4,82
579578,579662,579665,3,84
579578,579661,579666,5,83
579578,579661,579666,5,83
579578,579663,579666,3,85
579578,579662,579666,4,84
579578,579663,579666,3,85
579578,579661,579666,5,83
579578,579663,579666,3,85
579578,579661,579667,6,83
579578,579663,579666,3,85
579578,579663,579666,3,85
579578,579659,579666,7,81
579578,579664,579668,4,86
579578,579665,579667,2,87
579578,579666,579668,2,88
579578,579666,579668,2,88
579578,579660,579667,7,82
579578,579665,579668,3,87
579578,579666,579669,3,88
579578,579666,579669,3,88
579578,579666,579669,3,88
579578,579665,579669,4,87
579598,579668,579669,1,70
579598,579668,579670,2,70
579598,579668,579670,2,70
579578,579666,579669,3,88
579578,579667,579669,2,89
579598,579668,579671,3,70
579598,579668,579670,2,70
579598,579668,579671,3,70
579598,579668,579670,2,70
579578,579667,579670,3,89
579598,579667,579670,3,69
579598,579669,579671,2,71
579138,579188,579672,484,50
579598,579669,579672,3,71
579598,579669,579676,7,71
579598,579670,579680,10,72
579598,579674,579680,6,76
579598,579670,579680,10,72
579598,579670,579681,11,72
579598,579673,579681,8,75
579598,579669,579681,12,71
579598,579671,579681,10,73
579598,579670,579680,10,72
579598,579670,579683,13,72
579598,579671,579683,12,73
579598,579671,579683,12,73
579598,579676,579683,7,78
579598,579672,579682,10,74
579598,579671,579684,13,73
579598,579680,579684,4,82
579598,579671,579684,13,73
579598,579671,579684,13,73
579598,579681,579686,5,83
579598,579680,579686,6,82
579598,579680,579687,7,82
579598,579681,579688,7,83
579598,579684,579690,6,86
579598,579685,579691,6,87
579598,579684,579691,7,86
579598,579681,579691,10,83
579598,579683,579691,8,85
579598,579683,579691,8,85
579598,579683,579692,9,85
579598,579686,579692,6,88
579598,579681,579692,11,83
579598,579686,579692,6,88
579598,579685,579692,7,87
579598,579687,579693,6,89
579598,579683,579693,10,85
579598,579692,579694,2,94
579598,579692,579694,2,94
579598,579691,579694,3,93
579598,579683,579695,12,85
579598,579681,579695,14,83
579598,579690,579695,5,92
579598,579691,579695,4,93
579598,579691,579696,5,93
579598,579688,579695,7,90
579598,579692,579695,3,94
579598,579692,579695,3,94
579598,579694,579697,3,96
579598,579695,579697,2,97
579598,579692,579696,4,94
579598,579694,579698,4,96
579598,579695,579698,3,97
579598,579695,579698,3,97
579598,579691,579697,6,93
579598,579695,579698,3,97
579598,579691,579697,6,93
579598,579695,579698,3,97
579598,579694,579697,3,96
579598,579696,579698,2,98
579598,579696,579698,2,98
579598,579697,579698,1,99
579598,579694,579698,4,96
579598,579697,579698,1,99
579598,579696,579698,2,98
579598,579696,579698,2,98
579630,579698,579700,2,68
579630,579698,579700,2,68
579598,579697,579699,2,99
579630,579698,579700,2,68
579630,579698,579701,3,68
579630,579698,579701,3,68
579630,579698,579700,2,68
579630,579698,579701,3,68
579630,579699,579701,2,69
579630,579698,579701,3,68
579630,579699,579702,3,69
579630,579699,579705,6,69
579630,579703,579709,6,73
579630,579699,579709,10,69
579630,579701,579711,10,71
579630,579700,579711,11,70
579630,579700,579711,11,70
579630,579701,579712,11,71
579630,579699,579712,13,69
579630,579700,579711,11,70
579159,579254,579712,458,95
579630,579700,579712,12,70
579630,579701,579713,12,71
579630,579701,579713,12,71
579630,579699,579712,13,69
579630,579702,579713,11,72
579630,579705,579714,9,75
579630,579701,579713,12,71
579630,579709,579714,5,79
579630,579711,579715,4,81
579630,579709,579716,7,79
579630,579712,579716,4,82
579630,579711,579717,6,81
579630,579711,579717,6,81
579630,579712,579719,7,82
579630,579715,579720,5,85
579630,579712,579720,8,82
579630,579713,579721,8,83
579630,579716,579721,5,86
579630,579715,579721,6,85
579630,579716,579721,5,86
579630,579713,579721,8,83
579630,579714,579721,7,84
579630,579714,579722,8,84
579630,579712,579722,10,82
579630,579712,579721,9,82
579630,579713,579722,9,83
579630,579717,579723,6,87
579630,579721,579723,2,91
579630,579717,579724,7,87
579630,579721,579724,3,91
579630,579714,579723,9,84
579630,579722,579725,3,92
579630,579720,579724,4,90
579630,579721,579725,4,91
579630,579721,579725,4,91
579630,579722,579725,3,92
579630,579719,579726,7,89
579630,579720,579725,5,90
579630,579723,579726,3,93
579630,579721,579725,4,91
579630,579722,579725,3,92
579630,579723,579726,3,93
579630,579722,579725,3,92
579630,579721,579727,6,91
579630,579725,579727,2,95
579630,579725,579726,1,95
579630,579725,579727,2,95
579630,579724,579727,3,94
579630,579725,579728,3,95
579630,579724,579727,3,94
579630,579726,579728,2,96
579630,579725,579728,3,95
579630,579726,579727,1,96
579630,579724,579727,3,94
579630,579726,579728,2,96
579653,579726,579729,3,73
579630,579726,579728,2,96
579653,579727,579729,2,74
579653,579727,579728,1,74
579653,579727,579730,3,74
579653,579728,579730,2,75
579653,579727,579730,3,74
579653,579727,579730,3,74
579653,579726,579729,3,73
579653,579728,579730,2,75
579653,579728,579731,3,75
579349,579397,579732,335,48
579653,579728,579736,8,75
579653,579728,579739,11,75
579653,579730,579739,9,77
579653,579732,579739,7,79
579653,579731,579740,9,78
579653,579729,579741,12,76
579653,579729,579741,12,76
579653,579729,579741,12,76
579653,579732,579741,9,79
579653,579730,579740,10,77
579653,579729,579741,12,76
579653,579730,579742,12,77
579653,579730,579742,12,77
579653,579730,579741,11,77
579653,579730,579742,12,77
579653,579730,579743,13,77
579653,579739,579744,5,86
579179,579277,579744,467,98
579653,579736,579743,7,83
579653,579739,579745,6,86
579653,579740,579744,4,87
579653,579740,579746,6,87
579653,579741,579749,8,88
579653,579742,579749,7,89
579653,579742,579749,7,89
579653,579742,579749,7,89
579653,579741,579749,8,88
579653,579742,579749,7,89
579653,579741,579750,9,88
579653,579742,579750,8,89
579653,579744,579751,7,91
579653,579744,579750,6,91
579653,579746,579751,5,93
579653,579745,579751,6,92
579653,579743,579751,8,90
579653,579741,579750,9,88
579653,579741,579750,9,88
579653,579744,579750,6,91
579653,579746,579752,6,93
579653,579750,579753,3,97
579653,579751,579753,2,98
579653,579750,579754,4,97
579653,579751,579754,3,98
579653,579751,579754,3,98
579653,579751,579754,3,98
579653,579751,579753,2,98
579653,579749,579754,5,96
579653,579749,579754,5,96
579653,579749,579754,5,96
579653,579751,579754,3,98
579653,579749,579755,6,96
579653,579752,579755,3,99
579653,579754,579755,1,101
579653,579751,579754,3,98
579653,579751,579754,3,98
579653,579749,579755,6,96
579653,579749,579755,6,96
579653,579754,579756,2,101
579653,579753,579756,3,100
579653,579754,579756,2,101
579653,579754,579755,1,101
579653,579753,579755,2,100
579653,579754,579755,1,101
579653,579754,579756,2,101
579653,579754,579756,2,101
579653,579754,579756,2,101
579682,579755,579757,2,73
579682,579755,579758,3,73
579682,579755,579758,3,73
579682,579755,579758,3,73
579682,579755,579757,2,73
579682,579755,579757,2,73
579682,579756,579759,3,74
579682,579756,579759,3,74
579682,579756,579758,2,74
579682,579756,579760,4,74
579682,579756,579762,6,74
579682,579757,579766,9,75
579682,579762,579767,5,80
579682,579760,579767,7,78
579682,579758,579768,10,76
579682,579757,579767,10,75
579682,579757,579768,11,75
579682,579759,579768,9,77
579682,579757,579769,12,75
579682,579758,579768,10,76
579682,579759,579769,10,77
579682,579767,579770,3,85
579682,579757,579770,13,75
579682,579758,579770,12,76
579682,579758,579771,13,76
579682,579759,579771,12,77
579682,579759,579770,11,77
579682,579767,579771,4,85
579682,579758,579770,12,76
579682,579767,579772,5,85
579682,579768,579775,7,86
579682,579768,579775,7,86
579682,579771,579775,4,89
579682,579770,579777,7,88
579682,579771,579777,6,89
579682,579771,579777,6,89
579682,579771,579777,6,89
579682,579770,579777,7,88
579682,579769,579778,9,87
579682,579769,579777,8,87
579682,579771,579778,7,89
579682,579770,579778,8,88
579682,579772,579778,6,90
579682,579769,579777,8,87
579682,579768,579778,10,86
579682,579768,579778,10,86
579682,579775,579780,5,93
579682,579775,579781,6,93
579682,579778,579781,3,96
579682,579778,579781,3,96
579682,579777,579782,5,95
579682,579778,579781,3,96
579682,579778,579782,4,96
579682,579777,579782,5,95
579682,579777,579782,5,95
579682,579778,579782,4,96
579682,579777,579783,6,95
579682,579780,579782,2,98
579682,579777,579782,5,95
579682,579777,579783,6,95
579682,579779,579783,4,97
579682,579778,579782,4,96
579682,579779,579783,4,97
579682,579782,579784,2,100
579682,579781,579784,3,99
579682,579782,579784,2,100
579682,579782,579783,1,100
579682,579781,579785,4,99
579190,579301,579785,484,111
579682,579782,579784,2,100
579682,579782,579785,3,100
579682,579783,579785,2,101
579682,579782,579784,2,100
579682,579783,579784,1,101
579682,579781,579784,3,99
579713,579784,579786,2,71
579682,579783,579785,2,101
579713,579783,579785,2,70
579713,579784,579785,1,71
579713,579784,579787,3,71
579713,579783,579786,3,70
579713,579785,579787,2,72
579713,579784,579786,2,71
579713,579784,579786,2,71
579713,579785,579788,3,72
579713,579785,579787,2,72
579713,579788,579792,4,75
579713,579785,579792,7,72
579713,579788,579794,6,75
579713,579786,579795,9,73
579713,579785,579795,10,72
579713,579785,579796,11,72
579713,579787,579796,9,74
579392,579451,579796,345,59
579713,579785,579797,12,72
579713,579786,579797,11,73
579713,579792,579798,6,79
579713,579787,579797,10,74
579713,579787,579799,12,74
579713,579787,579799,12,74
579713,579785,579799,14,72
579713,579787,579799,12,74
579713,579787,579799,12,74
579713,579787,579799,12,74
579713,579793,579801,8,80
579713,579799,579802,3,86
579713,579799,579803,4,86
579713,579800,579803,3,87
579713,579794,579803,9,81
579713,579800,579804,4,87
579713,579795,579804,9,82
579235,579326,579805,479,91
579249,579350,579805,455,101
579713,579796,579805,9,83
579713,579796,579804,8,83
579713,579799,579804,5,86
579713,579798,579806,8,85
579713,579798,579805,7,85
579713,579795,579805,10,82
579713,579796,579807,11,83
579713,579797,579806,9,84
579713,579797,579807,10,84
579713,579802,579806,4,89
579713,579799,579806,7,86
579713,579804,579809,5,91
579713,579805,579809,4,92
579713,579803,579809,6,90
579713,579804,579809,5,91
579713,579805,579810,5,92
579713,579805,579810,5,92
579713,579803,579810,7,90
579713,579805,579810,5,92
579713,579803,579810,7,90
579713,579806,579811,5,93
579713,579807,579811,4,94
579713,579807,579810,3,94
579713,579809,579811,2,96
579713,579804,579810,6,91
579713,579807,579811,4,94
579713,579807,579810,3,94
579713,579806,579810,4,93
579713,579809,579810,1,96
579713,579810,579811,1,97
579713,579806,579810,4,93
579713,579807,579810,3,94
579713,579807,579811,4,94
579713,579810,579813,3,97
579740,579811,579813,2,71
579713,579809,579812,3,96
579713,579810,579812,2,97
579713,579811,579813,2,98
579740,579811,579813,2,71
579713,579809,579812,3,96
579713,579810,579812,2,97
579740,579811,579814,3,71
579740,579812,579814,2,72
579740,579812,579814,2,72
579740,579811,579814,3,71
579740,579811,579813,2,71
579713,579811,579813,2,98
579740,579811,579813,2,71
579740,579811,579813,2,71
579713,579811,579813,2,98
579740,579812,579817,5,72
579391,579451,579819,368,60
579740,579813,579823,10,73
579740,579814,579823,9,74
579740,579813,579823,10,73
579740,579813,579824,11,73
579740,579813,579824,11,73
579740,579814,579824,10,74
579740,579814,579824,10,74
579740,579813,579825,12,73
579740,579813,579825,12,73
579740,579813,579825,12,73
579740,579813,579825,12,73
579740,579814,579826,12,74
579740,579814,579825,11,74
579740,579814,579826,12,74
579740,579814,579827,13,74
579740,579814,579826,12,74
579740,579814,579827,13,74
579740,579818,579828,10,78
579740,579819,579828,9,79
579740,579825,579829,4,85
579740,579824,579829,5,84
579740,579826,579829,3,86
579740,579825,579829,4,85
579740,579826,579829,3,86
579419,579478,579830,352,59
579740,579826,579830,4,86
579740,579825,579829,4,85
579740,579826,579830,4,86
579740,579827,579830,3,87
579740,579823,579832,9,83
579740,579824,579833,9,84
579740,579824,579833,9,84
579740,579823,579833,10,83
579740,579827,579832,5,87
579740,579828,579834,6,88
579740,579828,579834,6,88
579740,579824,579834,10,84
579740,579830,579834,4,90
579740,579828,579833,5,88
579740,579830,579835,5,90
579740,579829,579835,6,89
579740,579830,579835,5,90
579740,579824,579834,10,84
579740,579829,579835,6,89
579740,579829,579834,5,89
579740,579833,579835,2,93
579740,579831,579836,5,91
579740,579829,579835,6,89
579740,579832,579835,3,92
579740,579833,579835,2,93
579740,579834,579836,2,94
579740,579830,579835,5,90
579740,579833,579836,3,93
579740,579833,579837,4,93
579740,579831,579836,5,91
579740,579834,579837,3,94
579740,579834,579837,3,94
579740,579834,579837,3,94
579740,579834,579836,2,94
579740,579836,579837,1,96
579740,579835,579838,3,95
579740,579835,579838,3,95
579745,579836,579838,2,91
579740,579835,579838,3,95
579740,579835,579838,3,95
579740,579835,579837,2,95
579745,579836,579839,3,91
579745,579836,579838,2,91
579745,579836,579838,2,91
579745,579836,579838,2,91
579740,579835,579838,3,95
579745,579836,579839,3,91
579745,579837,579839,2,92
579745,579837,579839,2,92
579745,579837,579839,2,92
579745,579837,579840,3,92
579745,579837,579844,7,92
579745,579840,579846,6,95
579745,579840,579847,7,95
579745,579837,579848,11,92
579745,579838,579848,10,93
579745,579838,579848,10,93
579745,579837,579848,11,92
579745,579838,579849,11,93
579745,579839,579849,10,94
579745,579839,579850,11,94
579745,579838,579850,12,93
579745,579838,579850,12,93
579745,579838,579850,12,93
579745,579840,579851,11,95
579745,579839,579850,11,94
579745,579839,579851,12,94
579745,579839,579850,11,94
579745,579841,579852,11,96
579745,579840,579853,13,95
579745,579851,579854,3,106
579745,579850,579854,4,105
579745,579851,579853,2,106
579745,579851,579854,3,106
579745,579850,579855,5,105
579745,579850,579855,5,105
579745,579851,579856,5,106
579745,579849,579856,7,104
579745,579844,579855,11,99
579745,579850,579857,7,105
579745,579851,579857,6,106
579745,579847,579858,11,102
579745,579849,579858,9,104
579745,579849,579858,9,104
579745,579848,579857,9,103
579745,579854,579858,4,109
579745,579848,579857,9,103
579323,579374,579859,485,51
579745,579846,579858,12,101
579745,579854,579859,5,109
579745,579854,579858,4,109
579745,579852,579860,8,107
579745,579855,579860,5,110
579745,579857,579860,3,112
579745,579854,579859,5,109
579745,579855,579859,4,110
579745,579858,579860,2,113
579745,579856,579860,4,111
579745,579858,579861,3,113
579745,579853,579861,8,108
579745,579856,579861,5,111
579745,579856,579860,4,111
579745,579858,579861,3,113
579745,579859,579862,3,114
579745,579860,579861,1,115
579745,579859,579862,3,114
579745,579858,579862,4,113
579745,579858,579862,4,113
579745,579857,579862,5,112
579745,579860,579862,2,115
579745,579860,579863,3,115
579745,579860,579863,3,115
579785,579861,579863,2,76
579745,579858,579862,4,113
579745,579860,579862,2,115
579745,579859,579862,3,114
579745,579859,579862,3,114
579785,579861,579863,2,76
579785,579862,579863,1,77
579785,579862,579864,2,77
579785,579862,579863,1,77
579785,579861,579864,3,76
579745,579860,579863,3,115
579785,579861,579864,3,76
579785,579862,579864,2,77
579785,579862,579865,3,77
579785,579862,579865,3,77
579785,579862,579869,7,77
579785,579862,579872,10,77
579785,579863,579873,10,78
579785,579864,579874,10,79
579785,579864,579874,10,79
579785,579864,579874,10,79
579785,579864,579875,11,79
579785,579863,579875,12,78
579785,579863,579875,12,78
579785,579863,579875,12,78
579785,579863,579875,12,78
579785,579864,579875,11,79
579785,579863,579875,12,78
579785,579863,579875,12,78
579785,579865,579876,11,80
579785,579864,579876,12,79
579785,579867,579878,11,82
579785,579864,579879,15,79
579785,579866,579878,12,81
579785,579876,579879,3,91
579785,579875,579880,5,90
579785,579877,579880,3,92
579785,579875,579880,5,90
579785,579876,579879,3,91
579785,579875,579880,5,90
579785,579875,579881,6,90
579785,579873,579881,8,88
579785,579869,579880,11,84
579785,579876,579880,4,91
579785,579875,579882,7,90
579785,579872,579883,11,87
579785,579878,579883,5,93
579785,579874,579883,9,89
579785,579875,579882,7,90
579785,579875,579884,9,90
579785,579878,579884,6,93
579785,579880,579885,5,95
579785,579880,579885,5,95
579785,579881,579885,4,96
579785,579879,579885,6,94
579785,579880,579885,5,95
579785,579880,579886,6,95
579785,579881,579886,5,96
579785,579881,579885,4,96
579785,579882,579886,4,97
579785,579883,579885,2,98
579785,579879,579887,8,94
579785,579879,579887,8,94
579785,579883,579886,3,98
579785,579883,579886,3,98
579785,579884,579886,2,99
579785,579886,579887,1,101
579785,579880,579886,6,95
579785,579884,579887,3,99
579785,579881,579887,6,96
579785,579883,579888,5,98
579785,579885,579888,3,100
579785,579885,579888,3,100
579785,579885,579887,2,100
579785,579885,579888,3,100
579797,579887,579888,1,90
579797,579887,579889,2,90
579797,579887,579889,2,90
579785,579885,579888,3,100
579785,579886,579888,2,101
579785,579887,579888,1,102
579785,579886,579888,2,101
579785,579886,579888,2,101
579797,579888,579890,2,91
579797,579888,579890,2,91
579797,579888,579890,2,91
579797,579887,579889,2,90
579797,579887,579889,2,90
579797,579888,579890,2,91
579797,579888,579892,4,91
579797,579888,579893,5,91
579797,579891,579894,3,94
579797,579890,579894,4,93
579797,579890,579893,3,93
579797,579888,579895,7,91
579797,579892,579896,4,95
579797,579890,579897,7,93
579797,579894,579897,3,97
579797,579893,579898,5,96
579797,579889,579898,9,92
579797,579894,579898,4,97
579797,579895,579899,4,98
579797,579890,579899,9,93
579797,579889,579898,9,92
579797,579894,579898,4,97
579797,579889,579900,11,92
579797,579890,579900,10,93
579797,579890,579899,9,93
579797,579889,579900,11,92
579797,579890,579901,11,93
579797,579889,579900,11,92
579797,579888,579901,13,91
579797,579889,579900,11,92
579797,579897,579902,5,100
579797,579897,579902,5,100
579797,579898,579902,4,101
579797,579896,579901,5,99
579797,579898,579903,5,101
579797,579898,579902,4,101
579797,579899,579902,3,102
579797,579901,579904,3,104
579797,579899,579905,6,102
579797,579900,579905,5,103
579797,579900,579905,5,103
579797,579900,579904,4,103
579797,579901,579905,4,104
579797,579900,579905,5,103
579797,579901,579906,5,104
579797,579901,579905,4,104
579797,579902,579907,5,105
579797,579903,579907,4,106
579797,579902,579907,5,105
579797,579899,579906,7,102
579797,579902,579906,4,105
579797,579902,579906,4,105
579797,579903,579907,4,106
579797,579899,579907,8,102
579797,579905,579908,3,108
579797,579903,579908,5,106
579797,579905,579908,3,108
579797,579905,579909,4,108
579797,579904,579908,4,107
579797,579907,579909,2,110
579797,579905,579909,4,108
579797,579905,579909,4,108
579797,579906,579909,3,109
579797,579907,579910,3,110
579797,579907,579909,2,110
579797,579906,579909,3,109
579797,579907,579910,3,110
579797,579905,579909,4,108
579797,579908,579911,3,111
579805,579909,579911,2,104
579797,579907,579910,3,110
579805,579909,579911,2,104
579805,579908,579911,3,103
579797,579907,579910,3,110
579805,579908,579911,3,103
579805,579909,579912,3,104
579805,579910,579912,2,105
579797,579908,579911,3,111
579805,579909,579911,2,104
579805,579910,579911,1,105
579805,579909,579911,2,104
579805,579910,579913,3,105
579805,579910,579920,10,105
579805,579911,579922,11,106
579805,579910,579922,12,105
579805,579911,579922,11,106
579805,579910,579922,12,105
579805,579911,579923,12,106
579805,579912,579923,11,107
579805,579911,579923,12,106
579805,579912,579924,12,107
579805,579911,579924,13,106
579805,579911,579924,13,106
579805,579912,579924,12,107
579805,579913,579923,10,108
579805,579912,579925,13,107
579805,579911,579924,13,106
579805,579912,579924,12,107
579805,579912,579926,14,107
579805,579924,579928,4,119
579805,579925,579928,3,120
579805,579924,579928,4,119
579805,579924,579928,4,119
579805,579926,579929,3,121
579805,579924,579929,5,119
579805,579925,579929,4,120
579805,579926,579929,3,121
579805,579923,579931,8,118
579805,579922,579931,9,117
579805,579920,579930,10,115
579805,579924,579930,6,119
579805,579922,579932,10,117
579805,579922,579932,10,117
579805,579923,579931,8,118
579805,579928,579931,3,123
579805,579922,579933,11,117
579805,579929,579934,5,124
579805,579929,579934,5,124
579805,579928,579933,5,123
579805,579931,579935,4,126
579805,579923,579935,12,118
579805,579928,579935,7,123
579805,579932,579935,3,127
579805,579929,579935,6,124
579805,579929,579934,5,124
579805,579929,579934,5,124
579805,579931,579935,4,126
579805,579931,579936,5,126
579805,579932,579937,5,127
579805,579933,579936,3,128
579805,579932,579937,5,127
579805,579934,579937,3,129
579805,579931,579936,5,126
579805,579935,579937,2,130
579805,579934,579938,4,129
579805,579933,579937,4,128
579805,579935,579937,2,130
579805,579935,579938,3,130
579805,579934,579939,5,129
579805,579936,579939,3,131
579806,579937,579939,2,131
579805,579937,579938,1,132
579805,579937,579938,1,132
579805,579936,579938,2,131
579805,579936,579938,2,131
579805,579935,579938,3,130
579806,579938,579940,2,132
579805,579936,579939,3,131
579805,579935,579939,4,130
579806,579938,579940,2,132
579806,579938,579939,1,132
579806,579939,579941,2,133
579806,579937,579940,3,131
579806,579939,579941,2,133
579806,579938,579940,2,132
579806,579939,579942,3,133
579806,579939,579946,7,133
579806,579939,579948,9,133
579806,579939,579950,11,133
579806,579940,579950,10,134
579806,579939,579951,12,133
579806,579941,579951,10,135
579806,579939,579952,13,133
579806,579940,579952,12,134
579806,579940,579952,12,134
579806,579941,579953,12,135
579806,579941,579953,12,135
579806,579939,579954,15,133
579806,579942,579954,12,136
579806,579941,579954,13,135
579806,579940,579954,14,134
579806,579941,579953,12,135
579569,579611,579955,344,42
579806,579946,579956,10,140
579806,579954,579958,4,148
579806,579952,579958,6,146
579806,579954,579958,4,148
579806,579955,579958,3,149
579806,579954,579958,4,148
579806,579948,579958,10,142
579806,579955,579959,4,149
579806,579953,579959,6,147
579806,579956,579959,3,150
579806,579954,579959,5,148
579806,579951,579960,9,145
579806,579953,579959,6,147
579806,579951,579959,8,145
579806,579952,579961,9,146
579806,579958,579961,3,152
579806,579952,579960,8,146
579806,579950,579960,10,144
579806,579958,579961,3,152
579806,579959,579963,4,153
579806,579958,579963,5,152
579806,579951,579962,11,145
579806,579958,579964,6,152
579806,579960,579963,3,154
579806,579958,579963,5,152
579806,579959,579964,5,153
579806,579959,579964,5,153
579806,579958,579964,6,152
579806,579960,579965,5,154
579806,579961,579965,4,155
579806,579960,579964,4,154
579806,579961,579964,3,155
579806,579963,579965,2,157
579806,579961,579966,5,155
579806,579963,579966,3,157
579806,579959,579965,6,153
579806,579961,579965,4,155
579806,579965,579967,2,159
579806,579963,579966,3,157
579806,579964,579967,3,158
579806,579965,579967,2,159
579806,579962,579966,4,156
579806,579964,579967,3,158
579806,579964,579967,3,158
579806,579964,579966,2,158
579806,579964,579966,2,158
579827,579966,579967,1,139
579806,579965,579967,2,159
579806,579965,579967,2,159
579806,579965,579967,2,159
579806,579965,579967,2,159
579827,579966,579969,3,139
579827,579967,579969,2,140
579827,579966,579969,3,139
579827,579967,579969,2,140
579827,579967,579970,3,140
579827,579967,579970,3,140
579827,579967,579970,3,140
579827,579967,579969,2,140
579827,579967,579970,3,140
579827,579970,579975,5,143
579827,579968,579975,7,141
579827,579968,579976,8,141
579827,579971,579976,5,144
579827,579968,579977,9,141
579827,579968,579978,10,141
579827,579970,579978,8,143
579827,579969,579977,8,142
579827,579975,579979,4,148
579827,579968,579979,11,141
579827,579976,579979,3,149
579827,579976,579980,4,149
579827,579968,579979,11,141
579827,579968,579980,12,141
579827,579969,579981,12,142
579827,579969,579981,12,142
579827,579969,579980,11,142
579827,579970,579980,10,143
579827,579970,579982,12,143
579827,579976,579983,7,149
579827,579981,579986,5,154
579827,579977,579986,9,150
579827,579981,579986,5,154
579827,579981,579986,5,154
579827,579978,579986,8,151
579827,579980,579986,6,153
579827,579980,579987,7,153
579827,579980,579986,6,153
579827,579979,579987,8,152
579827,579980,579986,6,153
579827,579981,579987,6,154
579827,579979,579988,9,152
579827,579978,579988,10,151
579827,579982,579988,6,155
579827,579979,579988,9,152
579827,579986,579990,4,159
579827,579983,579989,6,156
579827,579987,579990,3,160
579827,579986,579990,4,159
579827,579987,579991,4,160
579827,579987,579991,4,160
579827,579987,579991,4,160
579827,579988,579992,4,161
579827,579986,579992,6,159
579827,579987,579991,4,160
579827,579986,579991,5,159
579827,579988,579993,5,161
579451,579511,579992,481,60
579827,579990,579993,3,163
579827,579986,579992,6,159
579827,579987,579992,5,160
579827,579991,579992,1,164
579827,579988,579993,5,161
579827,579991,579994,3,164
579827,579991,579993,2,164
579827,579990,579993,3,163
579827,579992,579994,2,165
579827,579989,579993,4,162
579827,579992,579995,3,165
579827,579991,579995,4,164
579827,579992,579994,2,165
579827,579993,579994,1,166
579831,579994,579995,1,163
579831,579993,579995,2,162
579831,579994,579995,1,163
579831,579994,579995,1,163
579831,579994,579996,2,163
579827,579993,579995,2,166
579827,579992,579995,3,165
579827,579993,579995,2,166
579827,579993,579995,2,166
579831,579994,579997,3,163
579831,579995,579997,2,164
579831,579995,579997,2,164
579831,579995,579998,3,164
579831,579994,579997,3,163
579831,579995,580000,5,164
579831,579998,580002,4,167
579831,580001,580002,1,170
579831,579995,580003,8,164
579831,579998,580003,5,167
579831,579995,580004,9,164
579831,579997,580004,7,166
579831,580002,580005,3,171
579831,579996,580005,9,165
579831,579996,580006,10,165
579831,580002,580005,3,171
579831,579996,580006,10,165
579831,579996,580006,10,165
579831,579996,580006,10,165
579831,580003,580006,3,172
579831,580004,580007,3,173
579831,579996,580006,10,165
579831,579997,580006,9,166
579831,580004,580008,4,173
579831,580003,580008,5,172
579831,579996,580008,12,165
579831,579996,580008,12,165
579831,579997,580008,11,166
579831,580005,580008,3,174
579831,580006,580009,3,175
579831,580006,580009,3,175
579831,580005,580009,4,174
579831,580007,580010,3,176
579831,580006,580009,3,175
579831,580006,580010,4,175
579831,580007,580010,3,176
579831,580007,580011,4,176
579831,580009,580012,3,178
579831,580007,580012,5,176
579831,580007,580011,4,176
579831,580009,580011,2,178
579831,580008,580013,5,177
579831,580008,580013,5,177
579831,580008,580013,5,177
579831,580009,580012,3,178
579831,580008,580013,5,177
579831,580008,580013,5,177
579831,580010,580014,4,179
579831,580013,580015,2,182
579831,580011,580014,3,180
579831,580010,580014,4,179
579831,580009,580014,5,178
579831,580011,580015,4,180
579831,580012,580016,4,181
579831,580013,580016,3,182
579831,580013,580016,3,182
579831,580010,580015,5,179
579831,580013,580016,3,182
579831,580013,580015,2,182
579831,580013,580015,2,182
579831,580012,580017,5,181
579831,580013,580016,3,182
579831,580014,580017,3,183
579831,580015,580017,2,184
579831,580016,580018,2,185
579831,580015,580017,2,184
579860,580016,580018,2,156
579831,580015,580018,3,184
579831,580015,580019,4,184
579831,580016,580018,2,185
579860,580016,580019,3,156
579860,580016,580019,3,156
579860,580016,580018,2,156
579831,580016,580018,2,185
579860,580017,580020,3,157
579860,580016,580019,3,156
579860,580017,580019,2,157
579860,580017,580019,2,157
579860,580018,580021,3,158
579860,580018,580025,7,158
579860,580018,580028,10,158
579860,580018,580028,10,158
579860,580019,580030,11,159
579860,580018,580030,12,158
579860,580019,580029,10,159
579860,580019,580031,12,159
579860,580019,580032,13,159
579860,580021,580032,11,161
579860,580020,580032,12,160
579860,580019,580033,14,159
579860,580020,580033,13,160
579860,580019,580033,14,159
579860,580020,580033,13,160
579860,580020,580033,13,160
579860,580025,580035,10,165
579860,580032,580035,3,172
579860,580032,580037,5,172
579860,580032,580037,5,172
579860,580033,580038,5,173
579860,580035,580038,3,175
579860,580033,580038,5,173
579860,580033,580038,5,173
579860,580028,580038,10,168
579860,580034,580039,5,174
579860,580028,580038,10,168
579860,580030,580040,10,170
579860,580035,580039,4,175
579860,580034,580039,5,174
579860,580030,580039,9,170
579860,580038,580040,2,178
579860,580031,580040,9,171
579860,580030,580041,11,170
579860,580037,580041,4,177
579860,580038,580042,4,178
579860,580037,580041,4,177
579860,580038,580042,4,178
579860,580038,580042,4,178
579860,580040,580043,3,180
579860,580038,580043,5,178
579860,580040,580044,4,180
579860,580040,580043,3,180
579860,580040,580044,4,180
579860,580039,580045,6,179
579860,580039,580044,5,179
579860,580040,580045,5,180
579860,580040,580045,5,180
579860,580041,580045,4,181
579860,580043,580046,3,183
579496,579546,580046,500,50
579860,580042,580045,3,182
579860,580042,580046,4,182
579860,580041,580045,4,181
579860,580042,580045,3,182
579860,580043,580046,3,183
579860,580044,580047,3,184
579860,580044,580047,3,184
579860,580044,580046,2,184
579860,580043,580047,4,183
579860,580045,580048,3,185
579860,580045,580048,3,185
579860,580045,580047,2,185
579860,580045,580047,2,185
579860,580046,580047,1,186
579956,580047,580048,1,91
579860,580045,580048,3,185
579956,580047,580049,2,91
579956,580047,580049,2,91
579860,580046,580048,2,186
579860,580046,580048,2,186
579956,580047,580048,1,91
579956,580047,580048,1,91
579956,580047,580049,2,91
579956,580047,580050,3,91
579956,580048,580050,2,92
579956,580048,580050,2,92
579956,580048,580051,3,92
579956,580048,580053,5,92
579956,580051,580055,4,95
579956,580053,580055,2,97
579956,580050,580056,6,94
579956,580048,580056,8,92
579956,580055,580057,2,99
579956,580050,580058,8,94
579956,580056,580057,1,100
579956,580055,580057,2,99
579956,580048,580059,11,92
579956,580056,580058,2,100
579956,580049,580059,10,93
579956,580049,580060,11,93
579956,580049,580060,11,93
579956,580049,580059,10,93
579956,580049,580061,12,93
579956,580050,580060,10,94
579956,580058,580061,3,102
579956,580058,580061,3,102
579956,580049,580061,12,93
579956,580050,580060,10,94
579956,580057,580061,4,101
579956,580050,580061,11,94
579956,580058,580061,3,102
579956,580059,580061,2,103
579956,580059,580061,2,103
579956,580059,580063,4,103
579956,580060,580064,4,104
579956,580060,580064,4,104
579956,580060,580063,3,104
579956,580061,580065,4,105
579956,580061,580064,3,105
579956,580061,580066,5,105
579956,580061,580066,5,105
579956,580063,580067,4,107
579956,580063,580066,3,107
579956,580061,580067,6,105
579956,580061,580067,6,105
579956,580063,580068,5,107
579956,580061,580068,7,105
579956,580062,580067,5,106
579956,580064,580068,4,108
579956,580065,580069,4,109
579956,580065,580068,3,109
579956,580065,580068,3,109
579956,580066,580069,3,110
579956,580064,580069,5,108
579956,580066,580069,3,110
579956,580061,580068,7,105
579956,580069,580071,2,113
579956,580069,580070,1,113
579956,580067,580071,4,111
579956,580069,580071,2,113
579956,580067,580070,3,111
579956,580067,580070,3,111
579956,580069,580070,1,113
579956,580069,580071,2,113
579956,580068,580072,4,112
579956,580069,580072,3,113
579956,580068,580071,3,112
579956,580069,580071,2,113
579956,580069,580072,3,113
579956,580068,580072,4,112
579511,579581,580072,491,70
579993,580071,580072,1,78
579956,580068,580072,4,112
579956,580071,580072,1,115
579993,580071,580073,2,78
579993,580071,580074,3,78
579993,580072,580074,2,79
579993,580071,580073,2,78
579993,580071,580073,2,78
579993,580072,580073,1,79
579993,580071,580073,2,78
579993,580072,580074,2,79
579993,580072,580074,2,79
579993,580072,580077,5,79
579993,580075,580078,3,82
579993,580077,580079,2,84
579993,580078,580080,2,85
579993,580074,580081,7,81
579993,580072,580082,10,79
579993,580072,580082,10,79
579993,580073,580082,9,80
579993,580073,580083,10,80
579993,580073,580083,10,80
579993,580074,580083,9,81
579993,580079,580082,3,86
579993,580081,580084,3,88
579993,580074,580083,9,81
579993,580080,580083,3,87
579993,580074,580085,11,81
579993,580074,580084,10,81
579993,580083,580085,2,90
579993,580074,580085,11,81
579993,580082,580085,3,89
579993,580074,580084,10,81
579993,580082,580085,3,89
579993,580083,580086,3,90
579993,580082,580086,4,89
579993,580083,580086,3,90
579993,580074,580087,13,81
579993,580083,580086,3,90
579993,580085,580088,3,92
579993,580084,580088,4,91
579993,580085,580087,2,92
579993,580086,580089,3,93
579993,580084,580088,4,91
579993,580085,580088,3,92
579993,580085,580088,3,92
579993,580085,580090,5,92
579993,580085,580090,5,92
579993,580086,580089,3,93
579993,580085,580091,6,92
579993,580087,580091,4,94
579993,580086,580091,5,93
579993,580087,580091,4,94
579993,580089,580092,3,96
579993,580088,580092,4,95
579993,580088,580091,3,95
579993,580086,580091,5,93
579993,580089,580093,4,96
579993,580088,580092,4,95
579993,580089,580093,4,96
579993,580092,580094,2,99
579993,580090,580094,4,97
579993,580091,580094,3,98
579993,580090,580093,3,97
579993,580092,580094,2,99
579993,580090,580094,4,97
579993,580091,580094,3,98
579993,580091,580094,3,98
579993,580091,580095,4,98
579993,580092,580094,2,99
579993,580090,580094,4,97
579993,580092,580095,3,99
579993,580093,580095,2,100
579993,580094,580096,2,101
580046,580094,580096,2,48
579993,580093,580096,3,100
580046,580094,580095,1,48
580046,580094,580095,1,48
579993,580094,580097,3,101
579993,580094,580097,3,101
580046,580094,580097,3,48
580046,580096,580098,2,50
580046,580095,580097,2,49
580046,580095,580097,2,49
580046,580095,580097,2,49
580046,580095,580097,2,49
580046,580096,580097,1,50
580046,580096,580100,4,50
580046,580101,580103,2,55
580046,580096,580104,8,50
580046,580099,580104,5,53
580046,580096,580105,9,50
580046,580103,580105,2,57
580046,580104,580106,2,58
580046,580097,580106,9,51
580046,580096,580107,11,50
580046,580096,580107,11,50
580046,580104,580106,2,58
580046,580105,580107,2,59
580046,580097,580108,11,51
580046,580105,580107,2,59
580046,580097,580107,10,51
580046,580099,580108,9,53
580046,580098,580109,11,52
580046,580098,580108,10,52
580046,580098,580109,11,52
580046,580106,580109,3,60
580046,580107,580110,3,61
580046,580107,580110,3,61
580046,580098,580110,12,52
580046,580107,580111,4,61
580046,580108,580111,3,62
580046,580107,580111,4,61
580046,580107,580110,3,61
580046,580108,580112,4,62
580046,580108,580112,4,62
580046,580108,580112,4,62
580046,580109,580113,4,63
580046,580109,580112,3,63
580046,580109,580114,5,63
580046,580110,580114,4,64
580046,580109,580113,4,63
580046,580110,580114,4,64
580046,580112,580115,3,66
580046,580111,580115,4,65
580046,580111,580114,3,65
580046,580111,580114,3,65
580046,580110,580116,6,64
580046,580111,580116,5,65
580046,580112,580116,4,66
580046,580112,580116,4,66
580046,580114,580116,2,68
580046,580114,580117,3,68
580046,580113,580116,3,67
580046,580114,580117,3,68
580046,580113,580118,5,67
580046,580115,580118,3,69
580046,580115,580118,3,69
580046,580114,580118,4,68
580046,580115,580119,4,69
580046,580116,580118,2,70
580046,580116,580119,3,70
580046,580116,580119,3,70
580046,580116,580119,3,70
580046,580117,580120,3,71
580046,580117,580120,3,71
580046,580115,580120,5,69
580046,580116,580119,3,70
580046,580117,580119,2,71
580046,580118,580120,2,72
580046,580118,580120,2,72
580073,580119,580120,1,46
580073,580119,580120,1,46
580046,580118,580120,2,72
580073,580120,580122,2,47
580073,580119,580122,3,46
580073,580119,580122,3,46
580073,580119,580121,2,46
580073,580120,580122,2,47
580073,580120,580122,2,47
580073,580120,580122,2,47
580073,580120,580122,2,47
580073,580120,580125,5,47
580073,580121,580129,8,48
580073,580125,580130,5,52
580073,580122,580131,9,49
580073,580121,580130,9,48
580073,580121,580131,10,48
580073,580122,580132,10,49
580073,580122,580131,9,49
580073,580129,580131,2,56
580073,580122,580133,11,49
580073,580123,580133,10,50
580073,580122,580133,11,49
580073,580131,580132,1,58
580073,580122,580133,11,49
580073,580131,580133,2,58
580073,580131,580133,2,58
580073,580132,580134,2,59
580073,580132,580134,2,59
580073,580123,580133,10,50
580073,580131,580133,2,58
580073,580123,580135,12,50
579573,579639,580136,497,66
580073,580133,580136,3,60
580073,580133,580135,2,60
580073,580133,580137,4,60
580073,580134,580137,3,61
580073,580134,580137,3,61
580073,580133,580137,4,60
580073,580134,580137,3,61
580073,580133,580137,4,60
580073,580133,580137,4,60
580073,580134,580138,4,61
580073,580135,580139,4,62
580073,580134,580138,4,61
580073,580134,580138,4,61
580073,580137,580140,3,64
580073,580137,580140,3,64
580073,580137,580141,4,64
580073,580137,580141,4,64
580073,580137,580141,4,64
580073,580138,580141,3,65
580073,580137,580141,4,64
580073,580137,580142,5,64
580073,580136,580141,5,63
580073,580136,580142,6,63
580073,580139,580143,4,66
580073,580140,580142,2,67
580073,580141,580143,2,68
580073,580140,580143,3,67
580073,580139,580142,3,66
580073,580136,580144,8,63
580073,580139,580143,4,66
580073,580141,580145,4,68
580073,580143,580145,2,70
580073,580141,580144,3,68
580073,580141,580145,4,68
580073,580142,580146,4,69
580073,580141,580146,5,68
579714,579811,580146,335,97
580073,580142,580145,3,69
580073,580143,580145,2,70
580073,580143,580146,3,70
580073,580142,580146,4,69
580073,580144,580146,2,71
580073,580143,580145,2,70
580073,580144,580145,1,71
580136,580145,580146,1,9
580136,580146,580147,1,10
580136,580145,580148,3,9
580136,580146,580148,2,10
580073,580144,580147,3,71
580136,580145,580147,2,9
580136,580146,580148,2,10
580136,580146,580148,2,10
580136,580146,580147,1,10
580136,580146,580147,1,10
580136,580146,580148,2,10
579578,579667,580149,482,89
580136,580146,580151,5,10
580136,580150,580154,4,14
580136,580151,580154,3,15
580136,580146,580155,9,10
580136,580149,580156,7,13
580136,580147,580156,9,11
580136,580149,580157,8,13
580136,580154,580157,3,18
580136,580146,580156,10,10
580136,580148,580157,9,12
580136,580154,580158,4,18
580136,580155,580158,3,19
580136,580148,580158,10,12
580136,580147,580157,10,11
580136,580149,580157,8,13
580136,580148,580159,11,12
580136,580157,580160,3,21
580136,580157,580160,3,21
580136,580148,580160,12,12
580136,580148,580159,11,12
580136,580148,580160,12,12
580136,580157,580161,4,21
580136,580157,580161,4,21
580136,580157,580160,3,21
580136,580158,580161,3,22
580136,580158,580160,2,22
580136,580156,580160,4,20
580136,580158,580162,4,22
580136,580158,580162,4,22
580136,580158,580161,3,22
580136,580159,580163,4,23
580136,580160,580165,5,24
580136,580161,580165,4,25
580136,580161,580165,4,25
580136,580161,580165,4,25
580136,580163,580166,3,27
580136,580162,580166,4,26
580136,580162,580166,4,26
580136,580160,580166,6,24
580136,580161,580166,5,25
580136,580162,580167,5,26
580136,580163,580167,4,27
580136,580161,580167,6,25
580136,580160,580167,7,24
580136,580165,580168,3,29
580136,580165,580167,2,29
580136,580160,580167,7,24
580136,580160,580167,7,24
580136,580166,580169,3,30
580136,580166,580168,2,30
580136,580166,580168,2,30
580136,580166,580169,3,30
580136,580167,580169,2,31
580136,580166,580168,2,30
580136,580168,580169,1,32
580136,580169,580170,1,33
580136,580166,580170,4,30
580136,580167,580170,3,31
580136,580166,580169,3,30
580136,580168,580170,2,32
580136,580167,580170,3,31
580136,580167,580170,3,31
580136,580168,580170,2,32
580136,580168,580170,2,32
580136,580169,580170,1,33
580146,580170,580172,2,24
580146,580169,580172,3,23
580146,580170,580172,2,24
580146,580170,580173,3,24
580146,580169,580173,4,23
580146,580170,580173,3,24
580146,580170,580174,4,24
580146,580170,580173,3,24
580146,580170,580173,3,24
580146,580170,580178,8,24
579598,579698,580179,481,100
580146,580171,580181,10,25
580146,580171,580182,11,25
580146,580172,580182,10,26
580146,580171,580184,13,25
580146,580173,580183,10,27
580146,580172,580184,12,26
580146,580173,580184,11,27
580146,580174,580185,11,28
580146,580173,580185,12,27
580146,580170,580185,15,24
580146,580172,580186,14,26
580146,580175,580187,12,29
580146,580174,580186,12,28
580146,580179,580188,9,33
580146,580181,580189,8,35
580146,580182,580191,9,36
580146,580178,580191,13,32
580146,580183,580191,8,37
580146,580184,580193,9,38
580146,580184,580193,9,38
580146,580184,580195,11,38
580146,580185,580195,10,39
580146,580187,580196,9,41
580146,580187,580196,9,41
580146,580189,580196,7,43
580146,580189,580196,7,43
580146,580184,580196,12,38
580146,580185,580197,12,39
580146,580191,580197,6,45
580146,580191,580197,6,45
580146,580185,580198,13,39
580146,580192,580199,7,46
580146,580186,580200,14,40
580146,580196,580201,5,50
580146,580197,580201,4,51
580146,580194,580201,7,48
580146,580193,580202,9,47
580146,580195,580201,6,49
580146,580199,580202,3,53
580146,580196,580202,6,50
580146,580196,580202,6,50
580146,580196,580203,7,50
580146,580197,580203,6,51
580146,580195,580202,7,49
580146,580198,580202,4,52
580146,580198,580203,5,52
580146,580196,580204,8,50
580146,580201,580203,2,55
580146,580202,580204,2,56
580146,580201,580203,2,55
580146,580202,580204,2,56
580146,580202,580205,3,56
580146,580200,580204,4,54
580146,580201,580204,3,55
580146,580202,580206,4,56
580146,580203,580206,3,57
580146,580203,580206,3,57
580146,580203,580206,3,57
580146,580202,580205,3,56
580146,580205,580206,1,59
580146,580204,580206,2,58
580146,580204,580207,3,58
580146,580203,580206,3,57
580146,580205,580206,1,59
580146,580205,580206,1,59
580159,580206,580208,2,47
580159,580206,580208,2,47
580159,580206,580208,2,47
580159,580205,580208,3,46
580159,580205,580207,2,46
580159,580206,580208,2,47
580159,580205,580207,2,46
580159,580206,580209,3,47
580159,580206,580208,2,47
580159,580206,580209,3,47
580159,580207,580213,6,48
580159,580207,580216,9,48
580159,580208,580216,8,49
580159,580209,580217,8,50
580159,580208,580217,9,49
580159,580213,580217,4,54
580159,580208,580218,10,49
580159,580207,580218,11,48
580159,580208,580218,10,49
580159,580208,580219,11,49
580159,580209,580219,10,50
580159,580208,580219,11,49
580159,580216,580219,3,57
580159,580216,580219,3,57
580159,580207,580218,11,48
579630,579726,580219,493,96
580159,580208,580219,11,49
580159,580217,580220,3,58
580159,580218,580221,3,59
580159,580217,580220,3,58
580159,580209,580221,12,50
580159,580219,580222,3,60
580159,580217,580222,5,58
580159,580219,580222,3,60
580159,580219,580222,3,60
580159,580219,580221,2,60
580159,580219,580222,3,60
580159,580219,580222,3,60
580159,580218,580223,5,59
580159,580218,580222,4,59
580159,580220,580224,4,61
580159,580220,580225,5,61
580159,580222,580226,4,63
580159,580221,580226,5,62
580159,580222,580227,5,63
580159,580222,580227,5,63
580159,580222,580227,5,63
580159,580223,580227,4,64
580159,580222,580227,5,63
580159,580222,580226,4,63
580159,580221,580227,6,62
580159,580223,580228,5,64
580159,580222,580228,6,63
580159,580221,580228,7,62
580159,580221,580227,6,62
580159,580226,580229,3,67
580159,580226,580229,3,67
580159,580224,580228,4,65
580159,580225,580229,4,66
580159,580227,580230,3,68
580159,580227,580230,3,68
580159,580228,580231,3,69
580159,580227,580231,4,68
580159,580227,580230,3,68
580159,580229,580231,2,70
580159,580228,580231,3,69
580159,580228,580230,2,69
580159,580229,580230,1,70
580159,580228,580230,2,69
580159,580229,580230,1,70
580159,580228,580231,3,69
580159,580228,580232,4,69
580159,580227,580232,5,68
580159,580230,580232,2,71
580159,580230,580232,2,71
580159,580229,580231,2,70
580182,580231,580233,2,49
580182,580231,580234,3,49
580182,580231,580233,2,49
580182,580232,580234,2,50
580182,580232,580233,1,50
580182,580232,580233,1,50
580182,580231,580234,3,49
580182,580231,580233,2,49
580182,580232,580235,3,50
580182,580231,580234,3,49
579654,579755,580240,485,101
580182,580232,580240,8,50
580182,580235,580241,6,53
580182,580232,580241,9,50
580182,580234,580243,9,52
580182,580233,580243,10,51
580182,580234,580243,9,52
580182,580234,580244,10,52
580182,580232,580244,12,50
580182,580232,580244,12,50
580182,580240,580245,5,58
580182,580234,580244,10,52
580182,580240,580245,5,58
580182,580234,580244,10,52
580182,580241,580246,5,59
580182,580234,580246,12,52
580182,580243,580246,3,61
580182,580242,580246,4,60
580182,580234,580247,13,52
580182,580243,580247,4,61
580182,580243,580246,3,61
580182,580235,580246,11,53
580182,580245,580248,3,63
580182,580244,580248,4,62
580182,580244,580248,4,62
580182,580245,580249,4,63
580182,580245,580249,4,63
580182,580244,580248,4,62
580182,580245,580248,3,63
580182,580246,580249,3,64
580182,580246,580251,5,64
580182,580246,580251,5,64
580182,580247,580252,5,65
580182,580246,580253,7,64
580182,580248,580253,5,66
580182,580247,580253,6,65
580182,580247,580253,6,65
580182,580247,580252,5,65
580182,580248,580253,5,66
580182,580251,580254,3,69
580182,580249,580254,5,67
580182,580252,580254,2,70
580182,580251,580254,3,69
580182,580249,580254,5,67
580182,580248,580254,6,66
580182,580249,580254,5,67
580182,580249,580254,5,67
580182,580254,580256,2,72
580182,580253,580256,3,71
580182,580253,580255,2,71
580182,580254,580256,2,72
580182,580251,580256,5,69
580182,580253,580256,3,71
580182,580253,580255,2,71
580182,580254,580257,3,72
580182,580254,580257,3,72
580182,580256,580258,2,74
580182,580256,580257,1,74
580182,580255,580258,3,73
580182,580256,580258,2,74
580182,580253,580257,4,71
580182,580255,580258,3,73
580182,580255,580258,3,73
579797,579908,580257,349,111
580182,580253,580257,4,71
580182,580256,580257,1,74
580221,580256,580259,3,35
580221,580256,580259,3,35
580182,580255,580258,3,73
580221,580258,580260,2,37
580221,580258,580260,2,37
580221,580258,580259,1,37
580221,580258,580259,1,37
580221,580257,580259,2,36
580221,580258,580260,2,37
579682,579783,580259,476,101
580221,580257,580259,2,36
580221,580258,580261,3,37
580221,580261,580264,3,40
580221,580258,580265,7,37
580221,580261,580265,4,40
580221,580260,580267,7,39
580221,580258,580268,10,37
580221,580258,580268,10,37
580221,580258,580269,11,37
580221,580264,580269,5,43
580221,580259,580270,11,38
580221,580260,580269,9,39
580221,580260,580270,10,39
580221,580260,580270,10,39
580221,580265,580269,4,44
580221,580259,580271,12,38
580221,580265,580270,5,44
580221,580260,580271,11,39
580221,580260,580271,11,39
580221,580269,580272,3,48
580221,580259,580271,12,38
580221,580267,580271,4,46
580221,580269,580273,4,48
580221,580270,580273,3,49
580221,580268,580272,4,47
580221,580269,580272,3,48
580221,580260,580273,13,39
580221,580270,580274,4,49
580221,580271,580274,3,50
580221,580270,580273,3,49
580221,580271,580275,4,50
580221,580271,580277,6,50
580221,580274,580277,3,53
580221,580272,580277,5,51
580221,580274,580277,3,53
580221,580271,580278,7,50
580221,580273,580278,5,52
580221,580271,580278,7,50
580221,580272,580278,6,51
580221,580273,580278,5,52
580221,580272,580279,7,51
580221,580272,580278,6,51
580221,580275,580278,3,54
580221,580273,580278,5,52
580221,580273,580278,5,52
580221,580273,580278,5,52
580221,580274,580278,4,53
580221,580277,580279,2,56
580221,580278,580280,2,57
580221,580277,580280,3,56
580221,580277,580281,4,56
580221,580277,580280,3,56
580221,580279,580281,2,58
580221,580278,580281,3,57
580221,580278,580281,3,57
580221,580278,580281,3,57
580221,580278,580282,4,57
580221,580279,580281,2,58
580221,580279,580282,3,58
580221,580279,580281,2,58
580221,580280,580282,2,59
580221,580279,580282,3,58
580221,580280,580282,2,59
580221,580279,580282,3,58
580221,580280,580282,2,59
580221,580281,580283,2,60
580243,580281,580282,1,38
580221,580279,580282,3,58
580243,580281,580284,3,38
580243,580282,580283,1,39
580243,580282,580284,2,39
580243,580282,580284,2,39
580243,580281,580283,2,38
580243,580282,580285,3,39
580243,580281,580284,3,38
580243,580282,580284,2,39
580243,580282,580284,2,39
580243,580282,580288,6,39
580243,580285,580291,6,42
580243,580288,580292,4,45
580243,580283,580292,9,40
580243,580285,580293,8,42
580243,580283,580293,10,40
580243,580283,580293,10,40
580243,580284,580293,9,41
580243,580285,580294,9,42
580243,580284,580295,11,41
580243,580284,580295,11,41
580243,580284,580294,10,41
580243,580283,580296,13,40
580243,580284,580296,12,41
580243,580285,580296,11,42
580243,580291,580296,5,48
580243,580293,580296,3,50
580243,580283,580295,12,40
580243,580292,580296,4,49
580243,580294,580297,3,51
580243,580293,580297,4,50
580243,580293,580298,5,50
580243,580293,580297,4,50
580243,580295,580298,3,52
580243,580294,580298,4,51
580243,580295,580299,4,52
580243,580295,580299,4,52
580243,580296,580300,4,53
580243,580296,580301,5,53
580243,580296,580302,6,53
580243,580297,580302,5,54
580243,580296,580303,7,53
580243,580297,580302,5,54
580243,580298,580303,5,55
580243,580297,580303,6,54
580243,580299,580303,4,56
580243,580299,580303,4,56
580243,580298,580303,5,55
580243,580296,580303,7,53
580243,580296,580303,7,53
580243,580298,580303,5,55
580243,580298,580303,5,55
580243,580301,580305,4,58
580243,580303,580305,2,60
579741,579836,580305,469,95
580243,580302,580305,3,59
580243,580303,580306,3,60
580243,580303,580306,3,60
580243,580302,580305,3,59
580243,580303,580305,2,60
580243,580302,580306,4,59
580243,580303,580307,4,60
580243,580303,580307,4,60
580243,580305,580307,2,62
580243,580305,580307,2,62
580243,580305,580308,3,62
580243,580306,580308,2,63
580243,580306,580308,2,63
580243,580306,580308,2,63
580243,580304,580308,4,61
580243,580304,580308,4,61
580243,580305,580308,3,62
580243,580305,580309,4,62
580259,580307,580309,2,48
580259,580307,580309,2,48
580243,580305,580308,3,62
580243,580304,580308,4,61
580243,580306,580308,2,63
580259,580308,580310,2,49
580259,580308,580310,2,49
580259,580307,580309,2,48
580259,580308,580309,1,49
580259,580308,580309,1,49
580259,580307,580309,2,48
580259,580308,580311,3,49
580259,580309,580313,4,50
580259,580309,580319,10,50
580259,580309,580319,10,50
580259,580309,580321,12,50
580259,580309,580321,12,50
580259,580310,580321,11,51
580259,580310,580320,10,51
580259,580309,580321,12,50
580259,580309,580321,12,50
580259,580309,580321,12,50
580259,580311,580322,11,52
580259,580310,580322,12,51
580259,580310,580322,12,51
580259,580311,580323,12,52
580259,580313,580322,9,54
580259,580310,580322,12,51
580259,580319,580323,4,60
580259,580319,580324,5,60
580259,580321,580324,3,62
580259,580321,580327,6,62
580259,580321,580327,6,62
580259,580323,580327,4,64
580259,580324,580328,4,65
580259,580321,580329,8,62
580259,580323,580329,6,64
580259,580325,580330,5,66
580259,580323,580330,7,64
580259,580323,580330,7,64
580259,580327,580331,4,68
580259,580322,580331,9,63
580259,580327,580332,5,68
580259,580322,580331,9,63
580259,580329,580333,4,70
580259,580328,580333,5,69
580259,580321,580333,12,62
580259,580321,580334,13,62
580259,580322,580334,12,63
580259,580329,580333,4,70
580259,580330,580335,5,71
580259,580331,580335,4,72
580259,580328,580333,5,69
580259,580330,580333,3,71
580259,580333,580334,1,74
580259,580322,580335,13,63
580259,580330,580334,4,71
580259,580332,580335,3,73
579746,579860,580335,475,114
580259,580331,580335,4,72
580259,580333,580335,2,74
580259,580332,580335,3,73
580259,580334,580337,3,75
580259,580333,580336,3,74
580259,580335,580338,3,76
580259,580335,580338,3,76
580259,580334,580338,4,75
580259,580336,580338,2,77
580259,580334,580338,4,75
580259,580335,580338,3,76
580259,580336,580339,3,77
580259,580336,580339,3,77
580259,580335,580338,3,76
580259,580335,580338,3,76
580259,580335,580338,3,76
580259,580337,580339,2,78
580259,580335,580338,3,76
580270,580338,580340,2,68
580270,580338,580339,1,68
580259,580336,580339,3,77
580270,580338,580339,1,68
580270,580338,580341,3,68
580270,580339,580341,2,69
580259,580335,580340,5,76
580270,580339,580341,2,69
580270,580338,580340,2,68
580270,580339,580342,3,69
580270,580339,580341,2,69
580270,580339,580343,4,69
580270,580339,580347,8,69
580270,580344,580349,5,74
580270,580339,580350,11,69
580270,580339,580350,11,69
580270,580340,580351,11,70
580270,580342,580351,9,72
580270,580340,580350,10,70
580270,580340,580350,10,70
580270,580341,580352,11,71
580270,580342,580351,9,72
580270,580341,580352,11,71
580270,580341,580353,12,71
580270,580347,580353,6,77
580270,580341,580353,12,71
580270,580351,580354,3,81
580270,580341,580353,12,71
580270,580350,580354,4,80
580270,580351,580354,3,81
580270,580349,580354,5,79
580270,580350,580354,4,80
580270,580351,580354,3,81
580270,580340,580355,15,70
580270,580352,580356,4,82
580270,580352,580356,4,82
580270,580352,580356,4,82
580270,580351,580356,5,81
580270,580353,580359,6,83
580270,580353,580360,7,83
580270,580354,580360,6,84
580270,580356,580360,4,86
580270,580356,580361,5,86
580270,580354,580361,7,84
580270,580354,580361,7,84
580270,580356,580361,5,86
580270,580354,580361,7,84
580270,580356,580362,6,86
580270,580357,580362,5,87
580270,580357,580362,5,87
580270,580356,580362,6,86
580270,580361,580363,2,91
580270,580356,580362,6,86
580270,580360,580364,4,90
580270,580354,580364,10,84
580270,580361,580364,3,91
580270,580362,580363,1,92
580270,580362,580365,3,92
580270,580361,580365,4,91
580270,580361,580364,3,91
580270,580359,580365,6,89
580270,580363,580366,3,93
580270,580362,580365,3,92
580270,580364,580366,2,94
580270,580361,580365,4,91
580270,580360,580366,6,90
580270,580362,580366,4,92
580270,580363,580367,4,93
580270,580364,580367,3,94
580270,580364,580366,2,94
580270,580365,580367,2,95
580270,580363,580367,4,93
580270,580365,580367,2,95
580270,580365,580368,3,95
580270,580364,580367,3,94
580270,580365,580368,3,95
580270,580366,580367,1,96
580305,580367,580369,2,62
580305,580366,580369,3,61
580305,580366,580369,3,61
580305,580366,580369,3,61
580305,580366,580369,3,61
580305,580367,580370,3,62
580305,580367,580370,3,62
580305,580367,580369,2,62
580305,580367,580369,2,62
580305,580367,580372,5,62
580305,580368,580379,11,63
579786,579887,580379,492,101
580305,580369,580379,10,64
580305,580368,580380,12,63
580305,580369,580379,10,64
580305,580368,580380,12,63
580305,580370,580380,10,65
580305,580369,580381,12,64
580305,580368,580382,14,63
580305,580370,580382,12,65
580305,580370,580381,11,65
580305,580370,580382,12,65
580305,580372,580382,10,67
580305,580370,580382,12,65
580305,580369,580384,15,64
580305,580379,580385,6,74
580305,580380,580388,8,75
580305,580379,580389,10,74
580305,580379,580390,11,74
580305,580380,580390,10,75
580305,580381,580390,9,76
580305,580383,580391,8,78
580305,580385,580390,5,80
580305,580381,580392,11,76
580305,580382,580392,10,77
580305,580384,580393,9,79
580305,580381,580393,12,76
580305,580382,580393,11,77
580305,580389,580394,5,84
580305,580382,580394,12,77
580305,580388,580394,6,83
580305,580382,580395,13,77
580305,580382,580395,13,77
580305,580390,580395,5,85
580305,580391,580397,6,86
580305,580390,580396,6,85
580305,580390,580397,7,85
580305,580395,580398,3,90
580305,580394,580398,4,89
580305,580392,580398,6,87
580305,580392,580398,6,87
580305,580393,580399,6,88
580305,580393,580399,6,88
580305,580394,580399,5,89
580305,580395,580400,5,90
580305,580398,580400,2,93
580305,580396,580399,3,91
580305,580397,580401,4,92
580305,580397,580401,4,92
580305,580396,580400,4,91
580305,580398,580401,3,93
580305,580392,580400,8,87
580305,580397,580400,3,92
580305,580393,580401,8,88
580305,580399,580401,2,94
580305,580398,580402,4,93
580305,580399,580402,3,94
580305,580399,580402,3,94
580305,580400,580402,2,95
580305,580400,580403,3,95
580305,580401,580403,2,96
580305,580399,580402,3,94
580305,580400,580404,4,95
580305,580401,580403,2,96
580337,580402,580404,2,65
580337,580402,580404,2,65
580305,580401,580403,2,96
580337,580402,580405,3,65
580305,580401,580404,3,96
580337,580401,580404,3,64
580337,580402,580405,3,65
580337,580402,580405,3,65
580337,580402,580406,4,65
580337,580403,580406,3,66
580337,580403,580405,2,66
580337,580403,580410,7,66
580337,580404,580414,10,67
580337,580404,580415,11,67
579957,580071,580415,344,114
580337,580404,580414,10,67
580337,580404,580416,12,67
580337,580405,580416,11,68
580337,580404,580417,13,67
580337,580406,580416,10,69
580337,580405,580418,13,68
580337,580405,580418,13,68
580337,580405,580418,13,68
580337,580405,580419,14,68
580337,580406,580419,13,69
580337,580406,580420,14,69
580337,580415,580421,6,78
580337,580415,580420,5,78
580337,580410,580421,11,73
580337,580414,580422,8,77
580337,580415,580421,6,78
580337,580416,580424,8,79
579806,579937,580426,489,131
580337,580417,580426,9,80
580337,580421,580427,6,84
580337,580422,580427,5,85
580337,580421,580427,6,84
580337,580421,580427,6,84
580337,580417,580427,10,80
580337,580421,580428,7,84
580337,580422,580427,5,85
580337,580416,580427,11,79
580337,580418,580428,10,81
580337,580424,580430,6,87
580337,580420,580430,10,83
580337,580427,580430,3,90
580337,580426,580430,4,89
580337,580419,580430,11,82
580337,580428,580431,3,91
580337,580418,580431,13,81
580337,580427,580431,4,90
580337,580426,580432,6,89
580337,580428,580432,4,91
580337,580418,580431,13,81
580337,580427,580431,4,90
580337,580427,580431,4,90
580337,580427,580431,4,90
580337,580430,580433,3,93
580337,580430,580433,3,93
580337,580428,580432,4,91
580337,580429,580432,3,92
580337,580430,580433,3,93
580337,580431,580434,3,94
580337,580430,580434,4,93
580337,580431,580434,3,94
580337,580433,580435,2,96
580337,580433,580435,2,96
580337,580432,580435,3,95
580337,580433,580435,2,96
580337,580432,580436,4,95
580337,580432,580436,4,95
580337,580432,580436,4,95
580337,580432,580436,4,95
580337,580433,580436,3,96
580337,580433,580435,2,96
580337,580433,580435,2,96
580337,580434,580435,1,97
580380,580435,580436,1,55
580380,580435,580437,2,55
580337,580432,580436,4,95
580337,580434,580436,2,97
580380,580435,580436,1,55
580380,580435,580438,3,55
580380,580435,580438,3,55
580380,580436,580439,3,56
580380,580436,580439,3,56
580380,580436,580438,2,56
580380,580436,580439,3,56
580380,580436,580442,6,56
580380,580436,580447,11,56
580380,580437,580447,10,57
580380,580436,580447,11,56
580380,580436,580447,11,56
580380,580438,580448,10,58
580380,580437,580448,11,57
580380,580436,580449,13,56
580380,580438,580450,12,58
580380,580437,580450,13,57
580380,580438,580450,12,58
580380,580439,580451,12,59
580380,580442,580451,9,62
580380,580447,580452,5,67
580380,580439,580451,12,59
580380,580439,580452,13,59
580380,580447,580453,6,67
580380,580448,580452,4,68
580380,580448,580454,6,68
580380,580439,580454,15,59
580380,580448,580456,8,68
580380,580453,580457,4,73
580380,580448,580458,10,68
580380,580454,580458,4,74
580380,580453,580458,5,73
580380,580452,580459,7,72
580380,580453,580459,6,73
580380,580452,580458,6,72
580380,580451,580459,8,71
580380,580449,580459,10,69
580380,580455,580460,5,75
580380,580450,580460,10,70
579807,579966,580460,494,159
580380,580458,580461,3,78
580380,580451,580461,10,71
580380,580458,580461,3,78
580380,580456,580461,5,76
580380,580457,580462,5,77
580380,580459,580462,3,79
580380,580459,580462,3,79
580380,580461,580462,1,81
580380,580460,580463,3,80
580380,580460,580463,3,80
580380,580460,580463,3,80
580380,580450,580462,12,70
580380,580459,580463,4,79
580380,580461,580464,3,81
580380,580451,580463,12,71
580380,580459,580463,4,79
580380,580459,580463,4,79
580380,580461,580464,3,81
580380,580462,580465,3,82
580380,580458,580464,6,78
580380,580462,580465,3,82
580380,580463,580466,3,83
580380,580463,580466,3,83
580380,580462,580465,3,82
580380,580463,580466,3,83
580380,580463,580465,2,83
580380,580465,580466,1,85
580380,580463,580466,3,83
580380,580463,580465,2,83
580380,580464,580466,2,84
580380,580464,580467,3,84
580380,580463,580467,4,83
580380,580464,580466,2,84
580380,580464,580466,2,84
580415,580465,580468,3,50
580415,580466,580468,2,51
580415,580466,580467,1,51
580415,580466,580467,1,51
580415,580466,580468,2,51
580415,580466,580468,2,51
580415,580465,580468,3,50
580415,580466,580468,2,51
580415,580466,580469,3,51
580415,580466,580472,6,51
580415,580466,580477,11,51
580415,580468,580477,9,53
580415,580468,580478,10,53
580415,580467,580478,11,52
580415,580468,580479,11,53
580415,580468,580479,11,53
580415,580468,580478,10,53
580415,580468,580478,10,53
580415,580470,580480,10,55
580415,580468,580479,11,53
580415,580469,580481,12,54
580415,580467,580481,14,52
580415,580470,580483,13,55
580415,580470,580482,12,55
580415,580472,580484,12,57
579827,579993,580486,493,166
580415,580478,580486,8,63
580415,580478,580487,9,63
580415,580479,580487,8,64
580415,580479,580488,9,64
580415,580483,580488,5,68
580415,580478,580488,10,63
580415,580484,580489,5,69
580415,580479,580489,10,64
580415,580479,580488,9,64
580415,580480,580489,9,65
580415,580477,580490,13,62
580415,580480,580490,10,65
580415,580481,580490,9,66
580415,580481,580491,10,66
580415,580483,580490,7,68
580415,580487,580491,4,72
580415,580486,580492,6,71
580415,580487,580492,5,72
580415,580487,580491,4,72
580137,580169,580493,324,32
580415,580488,580493,5,73
580415,580489,580493,4,74
580415,580490,580493,3,75
580415,580490,580493,3,75
580415,580488,580493,5,73
580415,580489,580494,5,74
580415,580488,580494,6,73
580415,580489,580494,5,74
580415,580491,580495,4,76
580415,580489,580495,6,74
580415,580490,580495,5,75
580415,580491,580494,3,76
580415,580491,580496,5,76
580415,580492,580496,4,77
580415,580492,580495,3,77
580415,580493,580497,4,78
580415,580494,580497,3,79
580415,580493,580496,3,78
580415,580493,580496,3,78
580415,580492,580497,5,77
580415,580493,580496,3,78
580415,580495,580497,2,80
580415,580494,580498,4,79
580415,580496,580497,1,81
580415,580493,580497,4,78
580415,580496,580498,2,81
580415,580495,580499,4,80
580426,580497,580499,2,71
580415,580494,580498,4,79
580426,580497,580499,2,71
580415,580495,580498,3,80
580415,580496,580498,2,81
580426,580497,580498,1,71
580415,580495,580498,3,80
580426,580498,580500,2,72
580426,580497,580499,2,71
580426,580498,580499,1,72
580426,580497,580501,4,71
580426,580497,580500,3,71
580426,580498,580500,2,72
580426,580498,580504,6,72
580426,580501,580508,7,75
580426,580499,580509,10,73
580426,580498,580511,13,72
580426,580500,580511,11,74
580426,580499,580510,11,73
580426,580499,580511,12,73
580426,580499,580511,12,73
580426,580499,580511,12,73
580426,580499,580512,13,73
580426,580500,580512,12,74
580426,580501,580511,10,75
580426,580499,580511,12,73
580426,580504,580511,7,78
580426,580500,580511,11,74
580426,580501,580511,10,75
580426,580501,580514,13,75
580426,580509,580515,6,83
580426,580509,580515,6,83
580426,580511,580518,7,85
580426,580511,580518,7,85
580426,580512,580518,6,86
580426,580511,580518,7,85
580426,580512,580520,8,86
580426,580511,580520,9,85
580426,580511,580520,9,85
579832,580016,580520,504,184
580426,580515,580519,4,89
580426,580515,580520,5,89
580426,580512,580519,7,86
580426,580511,580521,10,85
580426,580515,580520,5,89
580426,580512,580522,10,86
580426,580512,580522,10,86
580426,580512,580521,9,86
580426,580518,580523,5,92
580426,580520,580523,3,94
580426,580520,580523,3,94
580426,580520,580523,3,94
580426,580520,580524,4,94
580426,580518,580523,5,92
580426,580522,580524,2,96
580426,580518,580524,6,92
580426,580512,580523,11,86
580426,580521,580524,3,95
580426,580521,580524,3,95
580426,580520,580524,4,94
580426,580519,580526,7,93
580426,580520,580525,5,94
580426,580520,580526,6,94
580426,580523,580526,3,97
580426,580523,580526,3,97
580426,580522,580526,4,96
580426,580524,580527,3,98
580426,580522,580527,5,96
580426,580524,580526,2,98
580426,580524,580527,3,98
580426,580524,580526,2,98
580426,580525,580528,3,99
580426,580525,580528,3,99
580426,580523,580527,4,97
580426,580524,580527,3,98
580426,580526,580528,2,100
580426,580524,580528,4,98
580426,580526,580527,1,100
580461,580527,580529,2,66
580426,580525,580528,3,99
580461,580527,580529,2,66
580426,580526,580528,2,100
580461,580527,580530,3,66
580461,580527,580530,3,66
580461,580527,580530,3,66
580461,580527,580529,2,66
580461,580527,580529,2,66
580461,580528,580530,2,67
580461,580528,580530,2,67
580461,580528,580533,5,67
580461,580528,580539,11,67
580461,580528,580539,11,67
580461,580529,580540,11,68
580461,580529,580539,10,68
580461,580529,580540,11,68
580461,580528,580540,12,67
580461,580534,580541,7,73
580461,580529,580541,12,68
580461,580530,580541,11,69
580461,580530,580542,12,69
580461,580528,580542,14,67
580461,580530,580542,12,69
580461,580531,580543,12,70
580461,580531,580543,12,70
580461,580530,580543,13,69
580461,580531,580544,13,70
580147,580205,580544,339,58
580461,580539,580546,7,78
580461,580539,580547,8,78
579861,580046,580548,502,185
580461,580544,580548,4,83
580461,580540,580549,9,79
580461,580544,580549,5,83
580461,580541,580550,9,80
580461,580541,580550,9,80
580461,580541,580550,9,80
580461,580540,580550,10,79
580461,580543,580551,8,82
580461,580541,580550,9,80
580461,580543,580552,9,82
580461,580547,580552,5,86
580461,580543,580552,9,82
580461,580546,580552,6,85
580461,580541,580551,10,80
580461,580543,580552,9,82
580461,580542,580552,10,81
580461,580542,580553,11,81
580461,580548,580554,6,87
580461,580552,580554,2,91
580461,580548,580554,6,87
580461,580551,580555,4,90
580461,580552,580555,3,91
580461,580549,580554,5,88
580461,580551,580555,4,90
580461,580550,580554,4,89
580461,580552,580555,3,91
580461,580550,580555,5,89
580461,580550,580554,4,89
580461,580549,580556,7,88
580461,580552,580556,4,91
580461,580554,580556,2,93
580461,580550,580555,5,89
580461,580552,580555,3,91
580461,580553,580557,4,92
580461,580555,580557,2,94
580461,580552,580556,4,91
580461,580555,580557,2,94
580461,580554,580556,2,93
580461,580552,580556,4,91
580461,580555,580558,3,94
580461,580556,580558,2,95
580461,580555,580558,3,94
580461,580555,580557,2,94
580461,580555,580558,3,94
580486,580556,580558,2,70
580486,580557,580559,2,71
580461,580554,580558,4,93
580461,580555,580558,3,94
580461,580555,580558,3,94
580486,580557,580559,2,71
580486,580557,580560,3,71
580486,580557,580559,2,71
580486,580557,580559,2,71
580486,580557,580559,2,71
580486,580557,580560,3,71
580486,580557,580561,4,71
580486,580558,580563,5,72
580486,580558,580568,10,72
580486,580558,580568,10,72
580486,580559,580569,10,73
580486,580559,580570,11,73
580486,580559,580569,10,73
580486,580559,580571,12,73
580486,580558,580571,13,72
580486,580559,580571,12,73
580486,580558,580572,14,72
580486,580560,580572,12,74
580486,580559,580571,12,73
580486,580560,580573,13,74
580486,580560,580572,12,74
580486,580561,580574,13,75
580486,580560,580573,13,74
580486,580560,580573,13,74
580486,580563,580575,12,77
580486,580570,580578,8,84
580486,580568,580578,10,82
580486,580568,580579,11,82
580486,580570,580579,9,84
580486,580569,580578,9,83
580486,580571,580580,9,85
580486,580571,580580,9,85
580486,580574,580580,6,88
580486,580574,580580,6,88
580486,580571,580581,10,85
580486,580574,580580,6,88
580486,580575,580580,5,89
580486,580572,580582,10,86
580486,580573,580581,8,87
580486,580578,580583,5,92
580486,580572,580583,11,86
580486,580572,580583,11,86
580486,580578,580583,5,92
580486,580573,580582,9,87
580486,580579,580584,5,93
580486,580579,580583,4,93
580486,580582,580585,3,96
580486,580579,580584,5,93
580486,580581,580585,4,95
580486,580581,580585,4,95
580486,580581,580585,4,95
580486,580580,580585,5,94
580486,580580,580586,6,94
580486,580580,580585,5,94
580486,580581,580585,4,95
580486,580583,580585,2,97
580486,580583,580586,3,97
580486,580585,580587,2,99
580486,580583,580587,4,97
580486,580583,580587,4,97
580486,580583,580588,5,97
580486,580583,580588,5,97
580486,580585,580587,2,99
580486,580587,580588,1,101
580486,580585,580588,3,99
580486,580585,580588,3,99
580486,580585,580588,3,99
580486,580587,580589,2,101
580486,580585,580589,4,99
580494,580587,580589,2,93
580486,580584,580588,4,98
580494,580588,580589,1,94
580494,580588,580589,1,94
580494,580587,580590,3,93
580486,580587,580589,2,101
580486,580586,580589,3,100
580494,580587,580590,3,93
580486,580586,580589,3,100
580494,580588,580591,3,94
580494,580588,580591,3,94
579994,580094,580591,497,100
580494,580588,580591,3,94
580494,580589,580592,3,95
580494,580588,580591,3,94
580494,580589,580599,10,95
580494,580589,580600,11,95
580494,580590,580600,10,96
580494,580591,580600,9,97
580494,580590,580600,10,96
580494,580589,580601,12,95
580494,580590,580602,12,96
580494,580590,580602,12,96
580494,580589,580601,12,95
580494,580590,580601,11,96
580494,580591,580602,11,97
580494,580591,580603,12,97
580494,580593,580603,10,99
580494,580590,580602,12,96
580494,580591,580602,11,97
580494,580590,580602,12,96
580494,580592,580603,11,98
580494,580600,580608,8,106
580494,580600,580609,9,106
580494,580599,580609,10,105
580494,580602,580610,8,108
580073,580145,580610,465,72
580494,580602,580610,8,108
580494,580602,580609,7,108
580494,580602,580610,8,108
580494,580602,580611,9,108
580494,580608,580611,3,114
580494,580601,580611,10,107
580494,580603,580612,9,109
580494,580601,580612,11,107
580494,580609,580612,3,115
580494,580603,580612,9,109
580494,580604,580612,8,110
580494,580601,580613,12,107
580494,580609,580613,4,115
580494,580603,580612,9,109
580494,580603,580612,9,109
580494,580603,580612,9,109
580494,580610,580613,3,116
580494,580611,580612,1,117
580494,580610,580614,4,116
580494,580610,580613,3,116
580494,580610,580613,3,116
580494,580610,580613,3,116
580494,580611,580613,2,117
580494,580611,580613,2,117
580494,580612,580615,3,118
580494,580612,580615,3,118
580494,580612,580615,3,118
580494,580612,580615,3,118
580494,580612,580615,3,118
580494,580614,580615,1,120
580494,580613,580615,2,119
580494,580613,580615,2,119
580494,580613,580615,2,119
580494,580613,580615,2,119
580494,580613,580615,2,119
580494,580614,580617,3,120
580494,580614,580616,2,120
580494,580615,580617,2,121
580521,580615,580617,2,94
580494,580614,580617,3,120
580494,580614,580617,3,120
580494,580613,580616,3,119
580521,580615,580618,3,94
580494,580614,580617,3,120
580494,580614,580617,3,120
580494,580615,580617,2,121
580521,580615,580618,3,94
580521,580616,580619,3,95
580521,580617,580619,2,96
580521,580617,580619,2,96
580521,580617,580620,3,96
580521,580616,580620,4,95
580047,580118,580620,502,71
580521,580616,580619,3,95
580521,580617,580621,4,96
580521,580617,580625,8,96
580521,580617,580627,10,96
580521,580617,580628,11,96
580521,580617,580629,12,96
580521,580617,580629,12,96
580222,580281,580630,349,59
580521,580618,580630,12,97
580521,580618,580630,12,97
580521,580618,580629,11,97
580521,580618,580630,12,97
580521,580619,580631,12,98
580521,580619,580631,12,98
580521,580618,580630,12,97
580521,580620,580632,12,99
580521,580620,580632,12,99
580521,580620,580631,11,99
580521,580620,580632,12,99
580521,580620,580632,12,99
580521,580621,580631,10,100
580521,580625,580634,9,104
580521,580627,580636,9,106
580521,580633,580637,4,112
580521,580632,580637,5,111
580521,580632,580637,5,111
580521,580632,580638,6,111
580521,580631,580638,7,110
580521,580632,580638,6,111
580521,580632,580638,6,111
580521,580628,580638,10,107
580521,580631,580638,7,110
580521,580630,580638,8,109
580521,580634,580638,4,113
580521,580631,580638,7,110
580521,580629,580638,9,108
580521,580630,580639,9,109
580521,580630,580640,10,109
580521,580637,580640,3,116
580521,580630,580639,9,109
580521,580629,580639,10,108
580521,580630,580641,11,109
580521,580636,580641,5,115
580521,580638,580641,3,117
580521,580638,580642,4,117
580521,580639,580642,3,118
580521,580637,580642,5,116
580521,580639,580643,4,118
580521,580638,580643,5,117
580521,580639,580643,4,118
580521,580639,580643,4,118
580521,580640,580643,3,119
580521,580640,580643,3,119
580521,580640,580644,4,119
580521,580640,580643,3,119
580521,580638,580644,6,117
580521,580639,580643,4,118
580521,580641,580644,3,120
580521,580639,580643,4,118
580521,580639,580643,4,118
580521,580641,580644,3,120
580521,580643,580645,2,122
580521,580642,580645,3,121
580521,580642,580644,2,121
580521,580643,580644,1,122
580521,580638,580645,7,117
580544,580644,580646,2,100
580521,580642,580645,3,121
580544,580643,580646,3,99
580521,580642,580645,3,121
580544,580644,580646,2,100
580544,580644,580646,2,100
580544,580644,580647,3,100
580544,580644,580647,3,100
580544,580644,580647,3,100
580544,580643,580646,3,99
580544,580644,580646,2,100
580544,580644,580648,4,100
580544,580644,580652,8,100
580544,580645,580655,10,101
580544,580647,580657,10,103
580544,580645,580657,12,101
580544,580648,580656,8,104
580544,580645,580656,11,101
580544,580646,580656,10,102
580544,580645,580657,12,101
580544,580646,580658,12,102
580544,580645,580657,12,101
580544,580646,580658,12,102
580544,580646,580659,13,102
580544,580647,580659,12,103
580544,580647,580659,12,103
580544,580647,580659,12,103
580544,580647,580658,11,103
580544,580646,580659,13,102
580544,580648,580659,11,104
580544,580652,580660,8,108
580544,580656,580665,9,112
580544,580658,580665,7,114
580544,580658,580665,7,114
580544,580660,580665,5,116
580544,580658,580665,7,114
580544,580657,580665,8,113
580544,580659,580666,7,115
580544,580657,580666,9,113
580544,580657,580667,10,113
580544,580657,580667,10,113
580544,580659,580667,8,115
580544,580657,580666,9,113
580544,580665,580667,2,121
580544,580659,580667,8,115
580544,580657,580668,11,113
580544,580665,580668,3,121
580544,580665,580669,4,121
580544,580659,580668,9,115
580544,580666,580669,3,122
580544,580665,580668,3,121
580544,580659,580669,10,115
580544,580665,580669,4,121
580544,580666,580669,3,122
580544,580667,580669,2,123
580544,580668,580670,2,124
580544,580667,580670,3,123
580544,580660,580669,9,116
580544,580659,580671,12,115
580544,580667,580671,4,123
580544,580667,580671,4,123
580544,580667,580670,3,123
580544,580667,580670,3,123
580544,580667,580671,4,123
580544,580669,580672,3,125
580544,580668,580671,3,124
580544,580669,580672,3,125
580544,580669,580671,2,125
580544,580670,580672,2,126
580544,580669,580672,3,125
580544,580670,580672,2,126
580544,580669,580671,2,125
580544,580669,580672,3,125
580544,580669,580672,3,125
580544,580670,580672,2,126
580544,580671,580673,2,127
580548,580671,580674,3,123
580544,580670,580674,4,126
580548,580671,580674,3,123
580548,580672,580674,2,124
580548,580671,580673,2,123
580548,580672,580674,2,124
580548,580671,580673,2,123
580548,580672,580675,3,124
580548,580672,580674,2,124
580548,580672,580675,3,124
580548,580672,580678,6,124
580548,580672,580681,9,124
580548,580673,580683,10,125
580548,580672,580684,12,124
580548,580674,580684,10,126
580548,580673,580685,12,125
580548,580673,580685,12,125
580548,580674,580685,11,126
580548,580674,580686,12,126
580548,580675,580686,11,127
580548,580676,580687,11,128
580548,580673,580687,14,125
580548,580674,580687,13,126
580548,580674,580687,13,126
580548,580674,580686,12,126
580548,580675,580687,12,127
580548,580678,580688,10,130
580548,580676,580688,12,128
580548,580681,580690,9,133
580548,580683,580691,8,135
580548,580687,580692,5,139
580548,580687,580693,6,139
580548,580688,580693,5,140
580548,580687,580693,6,139
580548,580687,580692,5,139
580548,580687,580694,7,139
580548,580684,580694,10,136
580548,580684,580693,9,136
580548,580688,580694,6,140
580548,580690,580694,4,142
580548,580686,580695,9,138
580548,580685,580695,10,137
580548,580685,580695,10,137
580548,580685,580696,11,137
580548,580691,580696,5,143
580548,580689,580695,6,141
580548,580686,580696,10,138
580548,580694,580697,3,146
580548,580692,580698,6,144
580548,580694,580698,4,146
580548,580693,580697,4,145
580548,580694,580697,3,146
580548,580694,580698,4,146
580548,580693,580698,5,145
580548,580693,580699,6,145
580548,580694,580699,5,146
580548,580693,580700,7,145
580548,580695,580699,4,147
580548,580697,580699,2,149
580548,580696,580699,3,148
580548,580695,580701,6,147
580548,580698,580701,3,150
580548,580698,580700,2,150
580548,580695,580700,5,147
580548,580696,580701,5,148
580548,580699,580701,2,151
580548,580698,580701,3,150
580548,580697,580701,4,149
580548,580696,580701,5,148
580548,580698,580701,3,150
580548,580699,580701,2,151
580548,580699,580703,4,151
580548,580700,580703,3,152
580548,580700,580703,3,152
580600,580701,580703,2,101
580600,580701,580702,1,101
580600,580701,580703,2,101
580600,580701,580702,1,101
580600,580701,580704,3,101
580548,580699,580703,4,151
580600,580701,580703,2,101
580548,580700,580703,3,152
580600,580702,580704,2,102
580600,580702,580705,3,102
580600,580701,580704,3,101
580600,580702,580707,5,102
580159,580231,580710,479,72
580600,580702,580712,10,102
580600,580703,580714,11,103
580600,580703,580714,11,103
580600,580704,580714,10,104
580600,580703,580714,11,103
580600,580703,580714,11,103
580600,580703,580714,11,103
580600,580704,580715,11,104
580600,580704,580715,11,104
580600,580703,580716,13,103
580600,580704,580715,11,104
580600,580704,580717,13,104
580600,580705,580717,12,105
580600,580705,580718,13,105
580600,580707,580718,11,107
580600,580705,580720,15,105
580600,580710,580720,10,110
580600,580716,580721,5,116
580600,580714,580722,8,114
580600,580717,580722,5,117
580600,580714,580722,8,114
580600,580717,580723,6,117
580600,580713,580723,10,113
580600,580718,580723,5,118
580600,580714,580723,9,114
580600,580714,580724,10,114
580600,580715,580724,9,115
580600,580715,580723,8,115
580600,580714,580723,9,114
580600,580716,580725,9,116
580600,580719,580726,7,119
580600,580722,580726,4,122
580600,580720,580726,6,120
580600,580715,580725,10,115
580600,580723,580726,3,123
580600,580720,580726,6,120
580600,580721,580727,6,121
580600,580724,580728,4,124
580600,580722,580728,6,122
580600,580723,580728,5,123
580600,580723,580727,4,123
580600,580723,580727,4,123
580600,580724,580727,3,124
580600,580725,580729,4,125
580600,580723,580728,5,123
580600,580724,580728,4,124
580600,580726,580730,4,126
580600,580726,580730,4,126
580600,580725,580730,5,125
580600,580727,580730,3,127
580600,580726,580730,4,126
580600,580728,580731,3,128
580600,580728,580730,2,128
580600,580730,580731,1,130
580600,580726,580730,4,126
580600,580728,580731,3,128
580600,580728,580731,3,128
580600,580728,580731,3,128
580183,580256,580730,474,73
580600,580726,580730,4,126
580600,580728,580730,2,128
580600,580726,580732,6,126
580600,580729,580732,3,129
580600,580730,580731,1,130
580610,580731,580732,1,121
580610,580731,580733,2,121
580600,580729,580732,3,129
580600,580729,580732,3,129
580610,580730,580733,3,120
580610,580731,580733,2,121
580610,580730,580732,2,120
580610,580731,580734,3,121
580610,580731,580734,3,121
580610,580731,580733,2,121
580610,580731,580733,2,121
580610,580731,580734,3,121
580610,580732,580740,8,122
580610,580733,580742,9,123
580610,580732,580743,11,122
580610,580733,580743,10,123
580610,580732,580743,11,122
580610,580732,580743,11,122
580610,580732,580744,12,122
580610,580733,580745,12,123
580610,580733,580745,12,123
580610,580735,580745,10,125
580610,580735,580746,11,125
580610,580733,580745,12,123
580610,580734,580746,12,124
580610,580733,580746,13,123
580610,580734,580746,12,124
580610,580734,580746,12,124
580610,580734,580748,14,124
580610,580743,580750,7,133
580610,580743,580751,8,133
580610,580747,580751,4,137
580610,580743,580752,9,133
580610,580743,580752,9,133
580610,580742,580752,10,132
580610,580746,580751,5,136
580610,580744,580752,8,134
580610,580748,580752,4,138
580610,580740,580752,12,130
580610,580745,580754,9,135
580610,580750,580754,4,140
580610,580752,580754,2,142
580610,580745,580754,9,135
580610,580745,580753,8,135
580610,580746,580754,8,136
580610,580752,580754,2,142
580610,580752,580755,3,142
580610,580746,580755,9,136
580610,580752,580755,3,142
580610,580746,580755,9,136
580610,580753,580756,3,143
580610,580754,580756,2,144
580610,580751,580755,4,141
580610,580754,580756,2,144
580610,580751,580755,4,141
580610,580752,580755,3,142
580610,580755,580756,1,145
580610,580752,580755,3,142
580610,580754,580757,3,144
580610,580754,580757,3,144
580610,580754,580757,3,144
580610,580755,580758,3,145
580610,580756,580758,2,146
580610,580754,580757,3,144
580610,580756,580757,1,146
580610,580755,580757,2,145
580610,580755,580757,2,145
580610,580756,580758,2,146
580610,580755,580757,2,145
580610,580756,580759,3,146
580610,580756,580759,3,146
580610,580746,580758,12,136
580610,580756,580759,3,146
580610,580756,580758,2,146
580610,580756,580760,4,146
580610,580757,580760,3,147
580629,580758,580760,2,129
580629,580758,580760,2,129
580629,580758,580761,3,129
580610,580758,580761,3,148
580629,580758,580761,3,129
580629,580758,580760,2,129
580629,580758,580760,2,129
580629,580759,580762,3,130
580629,580758,580761,3,129
580629,580759,580761,2,130
580629,580759,580764,5,130
580629,580760,580770,10,131
580629,580759,580770,11,130
580629,580760,580770,10,131
580629,580759,580771,12,130
580629,580760,580771,11,131
580629,580761,580772,11,132
580629,580761,580772,11,132
580629,580760,580773,13,131
580629,580761,580773,12,132
580629,580764,580773,9,135
580629,580760,580773,13,131
580629,580761,580774,13,132
580629,580762,580774,12,133
580629,580762,580774,12,133
580629,580762,580775,13,133
580629,580761,580774,13,132
580629,580774,580778,4,145
580629,580774,580778,4,145
580629,580774,580778,4,145
580629,580770,580778,8,141
580629,580770,580778,8,141
580629,580775,580779,4,146
580629,580772,580780,8,143
580629,580771,580781,10,142
580629,580775,580781,6,146
580629,580770,580781,11,141
580629,580773,580782,9,144
580629,580773,580782,9,144
580629,580772,580782,10,143
580629,580773,580783,10,144
580629,580773,580783,10,144
580629,580780,580783,3,151
580629,580778,580783,5,149
580629,580771,580782,11,142
580629,580778,580783,5,149
580629,580778,580784,6,149
580629,580778,580784,6,149
580629,580779,580783,4,150
580629,580779,580784,5,150
580629,580781,580785,4,152
580629,580781,580785,4,152
580629,580782,580786,4,153
580629,580783,580786,3,154
580629,580781,580786,5,152
580629,580782,580787,5,153
580629,580784,580787,3,155
580629,580783,580787,4,154
580629,580783,580787,4,154
580629,580783,580787,4,154
580629,580784,580788,4,155
580629,580785,580788,3,156
580629,580785,580788,3,156
580629,580782,580788,6,153
580629,580784,580787,3,155
580629,580784,580787,3,155
580629,580787,580789,2,158
580629,580783,580788,5,154
580629,580786,580789,3,157
580629,580787,580789,2,158
580629,580787,580789,2,158
580629,580787,580788,1,158
580629,580784,580788,4,155
580629,580787,580790,3,158
580629,580786,580790,4,157
580629,580786,580789,3,157
580631,580788,580791,3,157
580631,580788,580791,3,157
580631,580788,580790,2,157
580631,580789,580790,1,158
580631,580788,580791,3,157
580631,580788,580791,3,157
580631,580789,580792,3,158
580631,580789,580792,3,158
580631,580789,580794,5,158
580631,580789,580794,5,158
580631,580789,580798,9,158
580244,580306,580799,493,62
580631,580790,580801,11,159
580631,580791,580801,10,160
580631,580790,580802,12,159
580631,580791,580802,11,160
580631,580790,580802,12,159
580631,580791,580802,11,160
580631,580789,580802,13,158
580631,580791,580803,12,160
580631,580792,580804,12,161
580631,580793,580804,11,162
580631,580791,580805,14,160
580631,580792,580806,14,161
580631,580794,580806,12,163
580631,580798,580807,9,167
580631,580794,580807,13,163
580631,580800,580810,10,169
580631,580801,580811,10,170
580631,580802,580811,9,171
580631,580804,580811,7,173
580631,580804,580811,7,173
580631,580803,580812,9,172
580631,580802,580811,9,171
580631,580801,580813,12,170
580631,580802,580812,10,171
580631,580802,580812,10,171
580631,580803,580812,9,172
580260,580337,580814,477,77
580631,580805,580814,9,174
580631,580806,580816,10,175
580631,580806,580815,9,175
580631,580807,580817,10,176
580631,580813,580817,4,182
580631,580808,580818,10,177
580380,580465,580818,353,85
580631,580812,580818,6,181
580631,580813,580818,5,182
580631,580811,580819,8,180
580631,580813,580819,6,182
580631,580813,580819,6,182
580631,580812,580818,6,181
580631,580812,580819,7,181
580631,580811,580819,8,180
580631,580814,580818,4,183
580631,580818,580820,2,187
580631,580814,580820,6,183
580631,580817,580819,2,186
580631,580819,580820,1,188
580631,580816,580820,4,185
580631,580818,580820,2,187
580631,580818,580821,3,187
580631,580811,580821,10,180
580631,580817,580820,3,186
580631,580820,580821,1,189
580631,580810,580820,10,179
580631,580818,580820,2,187
580631,580819,580821,2,188
580631,580819,580822,3,188
580631,580816,580821,5,185
580631,580819,580822,3,188
580631,580820,580822,2,189
580631,580819,580822,3,188
580631,580820,580822,2,189
580631,580819,580823,4,188
580715,580821,580823,2,106
580631,580819,580822,3,188
580631,580820,580822,2,189
580715,580821,580824,3,106
580715,580821,580824,3,106
580416,580497,580824,327,81
580715,580821,580823,2,106
580631,580820,580823,3,189
580715,580821,580823,2,106
580715,580822,580824,2,107
580715,580821,580824,3,106
580715,580821,580824,3,106
580715,580822,580826,4,107
580715,580822,580827,5,107
580715,580822,580829,7,107
580715,580823,580834,11,108
580715,580822,580834,12,107
580715,580823,580833,10,108
580715,580824,580834,10,109
580715,580823,580835,12,108
580715,580826,580835,9,111
580715,580824,580835,11,109
580715,580824,580835,11,109
580715,580824,580836,12,109
580715,580822,580836,14,107
580715,580825,580837,12,110
580715,580826,580836,10,111
580715,580825,580837,12,110
580715,580829,580837,8,114
580715,580825,580837,12,110
580715,580823,580836,13,108
580715,580824,580838,14,109
580715,580827,580838,11,112
580715,580834,580842,8,119
580715,580834,580842,8,119
580715,580834,580843,9,119
580715,580834,580843,9,119
580715,580836,580843,7,121
580715,580835,580844,9,120
580715,580837,580844,7,122
580715,580835,580844,9,120
580715,580837,580845,8,122
580715,580838,580845,7,123
580715,580837,580845,8,122
580715,580843,580845,2,128
580715,580836,580846,10,121
580715,580842,580846,4,127
580715,580835,580845,10,120
580715,580835,580847,12,120
580715,580843,580846,3,128
580715,580838,580847,9,123
580715,580837,580847,10,122
580715,580837,580847,10,122
580715,580845,580847,2,130
580271,580366,580847,481,95
580715,580843,580846,3,128
580715,580844,580847,3,129
580715,580837,580847,10,122
580715,580844,580847,3,129
580715,580842,580847,5,127
580715,580844,580848,4,129
580715,580845,580849,4,130
580715,580846,580849,3,131
580715,580845,580849,4,130
580715,580845,580848,3,130
580715,580847,580849,2,132
580715,580847,580850,3,132
580715,580847,580850,3,132
580715,580847,580849,2,132
580715,580847,580850,3,132
580715,580846,580849,3,131
580715,580846,580849,3,131
580715,580847,580849,2,132
580715,580849,580850,1,134
580715,580847,580851,4,132
580715,580847,580850,3,132
580715,580849,580851,2,134
580732,580849,580852,3,117
580715,580848,580852,4,133
580732,580850,580852,2,118
580732,580849,580851,2,117
580715,580848,580851,3,133
580732,580850,580852,2,118
580732,580849,580851,2,117
580715,580849,580851,2,134
580732,580850,580853,3,118
580732,580850,580852,2,118
580732,580850,580854,4,118
580732,580850,580854,4,118
580732,580850,580854,4,118
580732,580850,580859,9,118
580732,580851,580861,10,119
580732,580851,580861,10,119
580732,580851,580863,12,119
580732,580854,580863,9,122
580732,580852,580863,11,120
580732,580852,580862,10,120
580732,580852,580864,12,120
580732,580853,580864,11,121
580732,580852,580865,13,120
580732,580851,580865,14,119
580732,580854,580864,10,122
580732,580854,580865,11,122
580732,580852,580864,12,120
580732,580853,580864,11,121
580732,580853,580865,12,121
580732,580852,580865,13,120
580732,580853,580865,12,121
580427,580526,580867,341,99
580732,580859,580868,9,127
580732,580861,580869,8,129
580732,580861,580869,8,129
580732,580863,580870,7,131
580732,580863,580871,8,131
580732,580863,580872,9,131
580732,580865,580872,7,133
580732,580863,580872,9,131
580732,580864,580872,8,132
580732,580870,580873,3,138
580732,580867,580873,6,135
580732,580871,580874,3,139
580732,580864,580873,9,132
580732,580865,580873,8,133
580732,580865,580875,10,133
580732,580869,580874,5,137
580732,580865,580875,10,133
580732,580865,580875,10,133
580732,580867,580875,8,135
580732,580868,580874,6,136
580732,580870,580874,4,138
580732,580865,580875,10,133
580732,580872,580876,4,140
580732,580872,580876,4,140
580732,580873,580876,3,141
580732,580875,580877,2,143
580732,580866,580876,10,134
580732,580872,580876,4,140
580732,580874,580877,3,142
580732,580872,580877,5,140
580732,580873,580876,3,141
580732,580874,580876,2,142
580732,580875,580878,3,143
580732,580875,580878,3,143
580732,580875,580878,3,143
580732,580874,580878,4,142
580732,580875,580877,2,143
580732,580876,580879,3,144
580732,580866,580879,13,134
580732,580875,580879,4,143
580732,580877,580879,2,145
580732,580875,580878,3,143
580801,580878,580879,1,77
580801,580878,580880,2,77
580732,580876,580880,4,144
580732,580876,580879,3,144
580732,580877,580880,3,145
580732,580877,580879,2,145
580732,580877,580880,3,145
580801,580878,580881,3,77
580801,580878,580881,3,77
580801,580878,580880,2,77
580801,580878,580882,4,77
580801,580879,580882,3,78
580801,580878,580882,4,77
580801,580878,580882,4,77
580801,580879,580885,6,78
580801,580879,580887,8,78
580306,580401,580887,486,95
580801,580879,580889,10,78
580801,580879,580890,11,78
580801,580880,580890,10,79
580801,580880,580891,11,79
580801,580880,580890,10,79
580801,580880,580892,12,79
580801,580880,580893,13,79
580801,580881,580893,12,80
580801,580881,580892,11,80
580801,580881,580893,12,80
580801,580882,580893,11,81
580801,580882,580894,12,81
580801,580883,580894,11,82
580801,580880,580894,14,79
580801,580881,580894,13,80
580801,580883,580895,12,82
580801,580887,580896,9,86
580801,580885,580895,10,84
580801,580893,580897,4,92
580801,580887,580897,10,86
580801,580889,580898,9,88
580801,580890,580897,7,89
580801,580893,580897,4,92
580801,580891,580899,8,90
580801,580890,580898,8,89
580801,580893,580900,7,92
580801,580893,580900,7,92
580801,580891,580899,8,90
580801,580893,580901,8,92
580801,580899,580901,2,98
580801,580899,580901,2,98
580801,580898,580901,3,97
580801,580894,580900,6,93
580801,580894,580902,8,93
580801,580898,580902,4,97
580801,580898,580901,3,97
580801,580892,580901,9,91
580801,580895,580901,6,94
580801,580895,580903,8,94
580801,580900,580903,3,99
580801,580900,580902,2,99
580801,580901,580902,1,100
580801,580901,580903,2,100
580801,580897,580903,6,96
580801,580897,580902,5,96
580801,580901,580902,1,100
580801,580900,580902,2,99
580801,580902,580904,2,101
580801,580896,580903,7,95
580801,580902,580904,2,101
580801,580902,580904,2,101
580801,580894,580903,9,93
580801,580902,580903,1,101
580801,580903,580904,1,102
580801,580901,580903,2,100
580801,580903,580905,2,102
580801,580897,580904,7,96
580801,580902,580905,3,101
580801,580903,580905,2,102
580801,580903,580906,3,102
580801,580903,580905,2,102
580801,580902,580905,3,101
580801,580903,580905,2,102
580801,580903,580905,2,102
580814,580904,580906,2,90
580814,580904,580907,3,90
580814,580903,580906,3,89
580814,580904,580907,3,90
580814,580904,580907,3,90
580814,580904,580906,2,90
580814,580904,580906,2,90
580814,580904,580908,4,90
580814,580905,580908,3,91
580814,580905,580909,4,91
580337,580434,580910,476,97
580814,580907,580914,7,93
580487,580587,580915,328,100
580814,580905,580917,12,91
580814,580906,580916,10,92
580814,580907,580917,10,93
580814,580907,580916,9,93
580814,580905,580917,12,91
580814,580908,580917,9,94
580814,580906,580918,12,92
580814,580909,580918,9,95
580814,580906,580918,12,92
580814,580906,580918,12,92
580814,580908,580919,11,94
580814,580906,580919,13,92
580814,580907,580919,12,93
580814,580907,580919,12,93
580814,580906,580918,12,92
580814,580906,580918,12,92
580814,580907,580919,12,93
580814,580910,580921,11,96
580814,580918,580923,5,104
580814,580914,580923,9,100
580814,580917,580924,7,103
580814,580918,580924,6,104
580814,580915,580923,8,101
580814,580918,580925,7,104
580814,580920,580925,5,106
580814,580919,580925,6,105
580814,580917,580925,8,103
580814,580917,580924,7,103
580814,580919,580926,7,105
580814,580919,580926,7,105
580814,580917,580926,9,103
580814,580919,580926,7,105
580814,580917,580926,9,103
580814,580917,580925,8,103
580814,580924,580925,1,110
580814,580925,580927,2,111
580814,580919,580927,8,105
580814,580921,580926,5,107
580814,580924,580927,3,110
580814,580919,580927,8,105
580814,580925,580928,3,111
580814,580925,580928,3,111
580814,580923,580928,5,109
580814,580926,580927,1,112
580814,580923,580927,4,109
580814,580918,580927,9,104
580814,580926,580928,2,112
580814,580925,580928,3,111
580814,580926,580929,3,112
580814,580927,580928,1,113
580814,580928,580929,1,114
580814,580928,580929,1,114
580814,580926,580928,2,112
580814,580925,580928,3,111
580814,580926,580928,2,112
580814,580927,580928,1,113
580814,580926,580928,2,112
580814,580927,580929,2,113
580814,580926,580928,2,112
580814,580927,580929,2,113
580814,580928,580930,2,114
580814,580927,580929,2,113
580814,580927,580929,2,113
580814,580928,580929,1,114
580818,580928,580931,3,110
580818,580929,580931,2,111
580818,580928,580930,2,110
580818,580928,580930,2,110
580818,580929,580932,3,111
580818,580929,580932,3,111
580818,580929,580931,2,111
580818,580929,580931,2,111
580818,580929,580933,4,111
580818,580929,580932,3,111
580818,580929,580937,8,111
580818,580932,580938,6,114
580818,580932,580938,6,114
580818,580932,580938,6,114
580818,580932,580940,8,114
580818,580933,580940,7,115
580818,580929,580941,12,111
580818,580929,580941,12,111
580818,580931,580941,10,113
580818,580929,580941,12,111
580818,580930,580942,12,112
580818,580930,580942,12,112
580818,580929,580942,13,111
580818,580931,580943,12,113
580818,580930,580943,13,112
580818,580933,580943,10,115
580818,580930,580942,12,112
580818,580932,580943,11,114
580818,580932,580943,11,114
580818,580937,580945,8,119
580818,580938,580946,8,120
580818,580940,580948,8,122
580818,580941,580949,8,123
580818,580942,580949,7,124
580818,580942,580949,7,124
580818,580946,580949,3,128
580818,580940,580949,9,122
580818,580939,580950,11,121
580818,580942,580950,8,124
580818,580944,580950,6,126
580818,580938,580949,11,120
580818,580948,580949,1,130
580818,580944,580951,7,126
580818,580943,580951,8,125
580818,580941,580950,9,123
580818,580943,580951,8,125
580818,580943,580950,7,125
580818,580949,580951,2,131
580818,580943,580950,7,125
580818,580946,580951,5,128
580818,580943,580951,8,125
580818,580949,580952,3,131
580818,580949,580951,2,131
580818,580950,580951,1,132
580818,580951,580952,1,133
580818,580949,580952,3,131
580818,580949,580951,2,131
580818,580950,580952,2,132
580818,580951,580953,2,133
580818,580950,580952,2,132
580818,580941,580953,12,123
580818,580950,580952,2,132
580818,580951,580953,2,133
580818,580950,580952,2,132
580818,580952,580954,2,134
580818,580951,580954,3,133
580818,580952,580954,2,134
580818,580952,580953,1,134
580818,580951,580953,2,133
580818,580952,580954,2,134
580818,580951,580954,3,133
580818,580951,580954,3,133
580835,580953,580955,2,118
580818,580952,580954,2,134
580818,580952,580954,2,134
580818,580952,580954,2,134
580835,580953,580956,3,118
580835,580953,580956,3,118
580835,580953,580956,3,118
580835,580953,580956,3,118
580835,580954,580957,3,119
580835,580954,580957,3,119
580835,580954,580956,2,119
580835,580953,580956,3,118
580835,580954,580959,5,119
580835,580954,580963,9,119
580835,580957,580965,8,122
580835,580955,580965,10,120
580835,580954,580966,12,119
580835,580955,580966,11,120
580835,580955,580965,10,120
580835,580955,580965,10,120
580835,580955,580967,12,120
580835,580954,580966,12,119
580835,580957,580967,10,122
580835,580957,580967,10,122
580835,580956,580967,11,121
580835,580955,580968,13,120
580835,580956,580968,12,121
580835,580957,580969,12,122
580835,580957,580969,12,122
580835,580956,580969,13,121
580835,580959,580969,10,124
580835,580963,580972,9,128
580835,580966,580973,7,131
580835,580967,580974,7,132
580835,580965,580974,9,130
580835,580967,580974,7,132
580835,580967,580975,8,132
580835,580966,580975,9,131
580835,580965,580974,9,130
580835,580966,580974,8,131
580835,580968,580976,8,133
580835,580967,580976,9,132
580835,580968,580976,8,133
580835,580966,580975,9,131
580835,580969,580976,7,134
580835,580967,580975,8,132
580835,580975,580977,2,140
580835,580971,580977,6,136
580835,580972,580978,6,137
580835,580975,580978,3,140
580835,580970,580977,7,135
580835,580969,580977,8,134
580835,580975,580977,2,140
580835,580974,580979,5,139
580835,580976,580979,3,141
580835,580976,580979,3,141
580835,580976,580979,3,141
580835,580976,580979,3,141
580835,580976,580979,3,141
580835,580977,580979,2,142
580835,580975,580979,4,140
580835,580977,580979,2,142
580835,580978,580979,1,143
580835,580979,580980,1,144
580835,580974,580980,6,139
580835,580978,580979,1,143
580835,580974,580979,5,139
580835,580977,580979,2,142
580835,580974,580981,7,139
580835,580979,580981,2,144
580835,580979,580981,2,144
580835,580979,580982,3,144
580847,580980,580982,2,133
580847,580980,580982,2,133
580835,580978,580981,3,143
580835,580979,580981,2,144
580835,580978,580981,3,143
580835,580979,580981,2,144
580835,580979,580981,2,144
580847,580980,580982,2,133
580847,580980,580982,2,133
580847,580980,580982,2,133
580835,580980,580982,2,145
580847,580981,580984,3,134
580847,580981,580983,2,134
580847,580981,580984,3,134
580847,580981,580983,2,134
580847,580982,580988,6,135
580847,580984,580992,8,137
580847,580982,580992,10,135
580847,580982,580992,10,135
580847,580982,580992,10,135
580847,580984,580994,10,137
580847,580984,580993,9,137
580847,580982,580994,12,135
580847,580983,580993,10,136
580847,580982,580995,13,135
580847,580982,580995,13,135
580847,580983,580994,11,136
580847,580983,580994,11,136
580847,580982,580994,12,135
580847,580982,580994,12,135
580847,580984,580995,11,137
580847,580984,580997,13,137
580847,580988,580997,9,141
580847,580995,580999,4,148
580847,580994,581000,6,147
580847,580992,581001,9,145
580847,580995,581001,6,148
580847,580995,581002,7,148
580847,580992,581002,10,145
580847,580995,581002,7,148
580847,580995,581002,7,148
580847,580995,581003,8,148
580847,580994,581002,8,147
580847,580994,581002,8,147
580847,580992,581004,12,145
580847,580995,581004,9,148
580847,580997,581004,7,150
580847,580997,581003,6,150
580847,580994,581003,9,147
580847,580995,581003,8,148
580847,581003,581005,2,156
580847,580999,581005,6,152
580847,581002,581005,3,155
580847,581003,581006,3,156
580847,581002,581006,4,155
580847,581004,581005,1,157
580847,581003,581006,3,156
580847,581004,581006,2,157
580847,581005,581007,2,158
580847,581002,581007,5,155
580847,581002,581007,5,155
580847,581004,581006,2,157
580847,581004,581007,3,157
580847,581001,581006,5,154
580847,581005,581006,1,158
580847,581005,581008,3,158
580847,581005,581007,2,158
580847,581000,581008,8,153
580847,581005,581007,2,158
580847,581001,581008,7,154
580847,581006,581007,1,159
580847,581006,581007,1,159
580847,581007,581008,1,160
580847,581006,581008,2,159
580847,581006,581009,3,159
580847,581006,581008,2,159
580847,581007,581009,2,160
580847,581007,581008,1,160
580847,581007,581009,2,160
580847,581007,581009,2,160
580847,581007,581009,2,160
580867,581008,581010,2,141
580867,581008,581011,3,141
580867,581008,581010,2,141
580867,581008,581011,3,141
580867,581008,581010,2,141
580867,581008,581010,2,141
580867,581009,581012,3,142
580867,581008,581011,3,141
580867,581008,581011,3,141
580867,581009,581015,6,142
580867,581009,581020,11,142
580867,581009,581020,11,142
580867,581010,581021,11,143
580867,581010,581022,12,143
580867,581009,581021,12,142
580867,581010,581022,12,143
580867,581010,581022,12,143
580867,581011,581022,11,144
580867,581012,581022,10,145
580867,581011,581023,12,144
580867,581012,581022,10,145
580867,581012,581024,12,145
580867,581012,581024,12,145
580867,581012,581023,11,145
580867,581015,581025,10,148
580867,581012,581025,13,145
580462,580556,581024,468,94
580867,581021,581028,7,154
580867,581020,581028,8,153
580867,581023,581028,5,156
580867,581023,581029,6,156
580867,581024,581029,5,157
580867,581024,581029,5,157
580867,581023,581030,7,156
580867,581023,581029,6,156
580867,581024,581031,7,157
580867,581022,581031,9,155
580867,581022,581031,9,155
580867,581021,581031,10,154
580867,581025,581032,7,158
580867,581025,581032,7,158
580867,581022,581032,10,155
580867,581022,581032,10,155
580867,581028,581034,6,161
580867,581028,581034,6,161
580867,581026,581035,9,159
580867,581031,581035,4,164
580867,581031,581035,4,164
580867,581028,581035,7,161
580867,581029,581035,6,162
580867,581032,581035,3,165
580867,581030,581034,4,163
580867,581030,581035,5,163
580867,581034,581036,2,167
580867,581032,581036,4,165
580867,581031,581036,5,164
580867,581033,581035,2,166
580867,581032,581035,3,165
580867,581033,581035,2,166
580867,581029,581035,6,162
580867,581029,581035,6,162
580867,581034,581037,3,167
580867,581035,581037,2,168
580867,581035,581037,2,168
580867,581035,581037,2,168
580867,581035,581038,3,168
580867,581035,581038,3,168
580867,581035,581037,2,168
580867,581036,581037,1,169
580867,581036,581037,1,169
580867,581035,581037,2,168
580892,581037,581039,2,145
580867,581036,581038,2,169
580867,581036,581039,3,169
580867,581036,581039,3,169
580867,581036,581038,2,169
580867,581036,581038,2,169
580892,581036,581039,3,144
580892,581038,581040,2,146
580892,581037,581039,2,145
580892,581037,581041,4,145
580892,581038,581041,3,146
580892,581037,581040,3,145
580892,581038,581040,2,146
580892,581038,581041,3,146
580892,581038,581042,4,146
580892,581038,581048,10,146
580892,581043,581048,5,151
580892,581041,581049,8,149
580892,581039,581049,10,147
580892,581041,581049,8,149
580892,581039,581050,11,147
580892,581040,581051,11,148
580892,581039,581051,12,147
580892,581039,581051,12,147
580892,581039,581050,11,147
580892,581041,581052,11,149
580892,581039,581051,12,147
580892,581040,581052,12,148
580892,581039,581052,13,147
580892,581041,581053,12,149
580892,581041,581054,13,149
580892,581049,581057,8,157
580892,581048,581057,9,156
580892,581051,581058,7,159
580892,581048,581057,9,156
580892,581051,581058,7,159
580892,581051,581058,7,159
580892,581051,581059,8,159
580892,581052,581060,8,160
580892,581052,581060,8,160
580892,581049,581059,10,157
580892,581050,581060,10,158
580892,581053,581061,8,161
580892,581049,581061,12,157
580892,581052,581062,10,160
580892,581052,581062,10,160
580892,581054,581063,9,162
580892,581060,581064,4,168
580892,581062,581064,2,170
580892,581061,581064,3,169
580892,581061,581063,2,169
580892,581061,581064,3,169
580892,581057,581064,7,165
580892,581061,581065,4,169
580892,581060,581065,5,168
580892,581058,581064,6,166
580892,581058,581064,6,166
580892,581062,581064,2,170
580549,580700,581066,366,151
580892,581059,581065,6,167
580892,581064,581065,1,172
580892,581064,581066,2,172
580892,581059,581065,6,167
580892,581064,581066,2,172
580892,581063,581066,3,171
580892,581064,581065,1,172
580892,581064,581067,3,172
580892,581057,581066,9,165
580892,581058,581066,8,166
580892,581064,581066,2,172
580892,581065,581067,2,173
580892,581065,581068,3,173
580892,581066,581068,2,174
580892,581065,581067,2,173
580918,581066,581068,2,148
580892,581065,581067,2,173
580892,581066,581067,1,174
580892,581066,581067,1,174
580892,581066,581067,1,174
580892,581066,581068,2,174
580918,581067,581069,2,149
580892,581065,581068,3,173
580892,581066,581068,2,174
580918,581067,581070,3,149
580918,581067,581070,3,149
580918,581067,581070,3,149
580918,581068,581071,3,150
580918,581067,581070,3,149
580918,581068,581071,3,150
580918,581068,581071,3,150
580918,581068,581072,4,150
580494,580615,581072,457,121
580918,581071,581076,5,153
580918,581072,581077,5,154
580918,581068,581077,9,150
580918,581068,581079,11,150
580918,581071,581079,8,153
580918,581068,581079,11,150
580918,581068,581079,11,150
580918,581072,581080,8,154
580918,581069,581081,12,151
580918,581069,581081,12,151
580918,581069,581081,12,151
580918,581069,581081,12,151
580918,581071,581083,12,153
580918,581070,581082,12,152
580918,581070,581083,13,152
580918,581070,581083,13,152
580918,581071,581083,12,153
580918,581077,581085,8,159
580918,581076,581086,10,158
580918,581077,581086,9,159
580918,581080,581087,7,162
580918,581079,581087,8,161
580918,581080,581088,8,162
580918,581080,581089,9,162
580918,581083,581089,6,165
580918,581079,581088,9,161
580918,581081,581090,9,163
580918,581083,581091,8,165
580918,581082,581090,8,164
580918,581083,581091,8,165
580918,581085,581091,6,167
580918,581088,581091,3,170
580918,581084,581092,8,166
580918,581086,581092,6,168
580918,581087,581092,5,169
580918,581081,581091,10,163
580918,581089,581092,3,171
580918,581083,581092,9,165
580918,581089,581092,3,171
580918,581090,581093,3,172
580918,581091,581093,2,173
580918,581088,581093,5,170
580918,581091,581093,2,173
580918,581091,581093,2,173
580918,581081,581092,11,163
580918,581089,581092,3,171
580918,581091,581094,3,173
580918,581091,581093,2,173
580918,581092,581093,1,174
580918,581092,581093,1,174
580918,581093,581094,1,175
580918,581086,581093,7,168
580918,581092,581095,3,174
580918,581093,581095,2,175
580918,581092,581094,2,174
580918,581093,581095,2,175
580918,581093,581094,1,175
580918,581093,581094,1,175
580918,581093,581096,3,175
580918,581093,581095,2,175
580918,581093,581095,2,175
580918,581093,581095,2,175
580918,581094,581097,3,176
580918,581094,581096,2,176
580918,581094,581096,2,176
580918,581094,581097,3,176
580918,581094,581096,2,176
580918,581094,581096,2,176
580918,581095,581098,3,177
580918,581095,581098,3,177
580918,581094,581097,3,176
580918,581095,581098,3,177
580918,581095,581099,4,177
580918,581095,581100,5,177
580918,581096,581101,5,178
580918,581098,581105,7,180
580918,581097,581107,10,179
580918,581100,581108,8,182
580918,581096,581108,12,178
580918,581097,581107,10,179
580918,581096,581108,12,178
580918,581096,581108,12,178
580918,581101,581109,8,183
580918,581096,581108,12,178
580918,581097,581109,12,179
580918,581099,581108,9,181
580918,581097,581109,12,179
580918,581098,581110,12,180
580918,581100,581110,10,182
580918,581097,581109,12,179
580918,581098,581109,11,180
580918,581097,581111,14,179
580918,581108,581111,3,190
580918,581105,581112,7,187
580918,581108,581112,4,190
580918,581108,581113,5,190
580918,581108,581113,5,190
580918,581109,581113,4,191
580918,581109,581112,3,191
580918,581109,581114,5,191
580918,581108,581114,6,190
580918,581110,581115,5,192
580918,581109,581114,5,191
580918,581110,581115,5,192
580918,581107,581115,8,189
580918,581110,581116,6,192
580918,581109,581115,6,191
580918,581110,581116,6,192
580918,581111,581117,6,193
580918,581111,581117,6,193
580918,581114,581117,3,196
580918,581113,581117,4,195
580918,581115,581118,3,197
580918,581113,581118,5,195
580918,581114,581118,4,196
580918,581112,581119,7,194
580918,581115,581119,4,197
580918,581115,581119,4,197
580918,581113,581119,6,195
580918,581112,581118,6,194
580918,581115,581120,5,197
580918,581116,581119,3,198
580918,581116,581120,4,198
580918,581116,581119,3,198
580918,581118,581120,2,200
580918,581117,581119,2,199
580918,581118,581119,1,200
580918,581118,581119,1,200
580918,581113,581119,6,195
580918,581118,581120,2,200
580918,581117,581119,2,199
580918,581119,581121,2,201
580918,581117,581121,4,199
580918,581119,581120,1,201
580918,581119,581121,2,201
581026,581120,581122,2,94
580918,581119,581122,3,201
580918,581119,581121,2,201
580918,581120,581123,3,202
581026,581121,581123,2,95
580918,581120,581123,3,202
581026,581120,581122,2,94
581026,581120,581122,2,94
580918,581120,581123,3,202
581026,581121,581124,3,95
581026,581120,581123,3,94
581026,581120,581123,3,94
581026,581121,581125,4,95
581026,581121,581125,4,95
581026,581122,581129,7,96
580545,580671,581130,459,126
580522,580643,581131,488,121
581026,581122,581132,10,96
581026,581125,581134,9,99
581026,581122,581134,12,96
581026,581122,581134,12,96
581026,581123,581133,10,97
581026,581123,581134,11,97
581026,581123,581134,11,97
581026,581123,581134,11,97
581026,581125,581136,11,99
581026,581124,581136,12,98
581026,581124,581136,12,98
581026,581123,581136,13,97
581026,581125,581136,11,99
581026,581129,581138,9,103
581026,581124,581138,14,98
581026,581135,581139,4,109
581026,581130,581139,9,104
581026,581136,581140,4,110
581026,581135,581139,4,109
581026,581132,581139,7,106
581026,581131,581141,10,105
581026,581135,581141,6,109
581026,581134,581141,7,108
581026,581136,581142,6,110
581026,581136,581142,6,110
581026,581138,581143,5,112
581026,581136,581143,7,110
581026,581134,581142,8,108
581026,581134,581144,10,108
581026,581138,581144,6,112
581026,581134,581143,9,108
581026,581137,581143,6,111
581026,581140,581145,5,114
581026,581141,581145,4,115
581026,581139,581145,6,113
581026,581141,581145,4,115
581026,581139,581146,7,113
581026,581142,581146,4,116
581026,581140,581146,6,114
581026,581145,581147,2,119
581026,581144,581147,3,118
581026,581144,581147,3,118
581026,581143,581146,3,117
581026,581145,581146,1,119
581026,581140,581148,8,114
581026,581143,581148,5,117
581026,581143,581148,5,117
581026,581144,581148,4,118
581026,581141,581147,6,115
581026,581143,581148,5,117
581026,581144,581147,3,118
581026,581146,581149,3,120
581026,581146,581148,2,120
581026,581146,581148,2,120
581026,581148,581149,1,122
581026,581146,581149,3,120
581026,581147,581149,2,121
581026,581147,581148,1,121
581026,581146,581149,3,120
581026,581147,581150,3,121
581026,581148,581149,1,122
581026,581148,581150,2,122
581026,581148,581151,3,122
581026,581148,581151,3,122
581066,581148,581151,3,82
581066,581148,581150,2,82
581026,581148,581150,2,122
581066,581149,581151,2,83
581066,581149,581151,2,83
581066,581149,581151,2,83
581066,581149,581150,1,83
581066,581149,581150,1,83
581066,581149,581150,1,83
581066,581149,581151,2,83
581066,581150,581154,4,84
581066,581152,581157,5,86
581066,581154,581158,4,88
581066,581151,581158,7,85
581066,581151,581159,8,85
581066,581151,581159,8,85
581066,581151,581160,9,85
581066,581157,581160,3,91
581066,581151,581160,9,85
581066,581158,581161,3,92
581066,581151,581161,10,85
581066,581151,581161,10,85
581066,581150,581160,10,84
581066,581158,581160,2,92
581066,581159,581161,2,93
581066,581150,581162,12,84
581066,581151,581161,10,85
581066,581151,581162,11,85
581066,581159,581162,3,93
581066,581150,581162,12,84
581066,581151,581162,11,85
581066,581160,581163,3,94
581066,581151,581162,11,85
581066,581160,581164,4,94
581066,581161,581164,3,95
581066,581160,581164,4,94
581066,581161,581165,4,95
581066,581161,581165,4,95
581066,581161,581164,3,95
581066,581161,581166,5,95
581066,581161,581165,4,95
581066,581162,581166,4,96
581066,581165,581168,3,99
581066,581162,581169,7,96
581066,581166,581169,3,100
581066,581164,581169,5,98
581066,581165,581168,3,99
581066,581165,581170,5,99
581066,581166,581170,4,100
581066,581163,581170,7,97
581066,581162,581170,8,96
581066,581168,581171,3,102
581066,581164,581172,8,98
581066,581167,581171,4,101
581066,581169,581172,3,103
581066,581162,581172,10,96
581066,581164,581171,7,98
581066,581169,581172,3,103
581066,581171,581173,2,105
581066,581169,581173,4,103
581066,581169,581174,5,103
581066,581162,581174,12,96
581066,581170,581173,3,104
581066,581170,581173,3,104
581066,581172,581174,2,106
581066,581163,581173,10,97
581066,581170,581173,3,104
581066,581173,581175,2,107
581066,581171,581174,3,105
581066,581172,581174,2,106
581066,581172,581174,2,106
581066,581162,581175,13,96
581066,581172,581174,2,106
581066,581173,581174,1,107
581066,581173,581174,1,107
581066,581173,581175,2,107
581080,581174,581176,2,94
581080,581174,581175,1,94
581080,581174,581177,3,94
581080,581174,581176,2,94
581080,581175,581178,3,95
581080,581175,581177,2,95
581080,581175,581177,2,95
581080,581175,581179,4,95
581080,581175,581180,5,95
581080,581175,581185,10,95
581080,581175,581186,11,95
581080,581177,581187,10,97
581080,581175,581186,11,95
581080,581175,581186,11,95
581080,581179,581187,8,99
581080,581175,581187,12,95
581080,581176,581188,12,96
581080,581176,581188,12,96
581080,581177,581187,10,97
581080,581178,581188,10,98
581080,581178,581188,10,98
581080,581180,581190,10,100
581080,581178,581190,12,98
581080,581178,581190,12,98
581080,581187,581191,4,107
581080,581188,581192,4,108
581080,581188,581192,4,108
581080,581188,581192,4,108
581080,581189,581192,3,109
581080,581187,581192,5,107
581080,581188,581193,5,108
581080,581188,581193,5,108
581080,581189,581193,4,109
581080,581186,581194,8,106
581080,581191,581195,4,111
581080,581192,581194,2,112
581080,581187,581195,8,107
581080,581185,581194,9,105
581080,581190,581195,5,110
581080,581190,581195,5,110
581080,581190,581195,5,110
581080,581192,581197,5,112
581080,581195,581198,3,115
581080,581192,581199,7,112
581080,581195,581199,4,115
581080,581196,581200,4,116
581080,581195,581199,4,115
581080,581195,581199,4,115
581080,581195,581200,5,115
581080,581195,581201,6,115
581080,581193,581200,7,113
581080,581194,581201,7,114
581080,581196,581201,5,116
581080,581197,581201,4,117
581080,581193,581202,9,113
581080,581198,581202,4,118
581080,581199,581202,3,119
581080,581200,581203,3,120
581080,581192,581203,11,112
581080,581200,581203,3,120
581080,581200,581203,3,120
581080,581201,581204,3,121
581080,581199,581204,5,119
581080,581200,581204,4,120
581080,581195,581203,8,115
581080,581202,581205,3,122
580600,580730,581205,475,130
581080,581202,581204,2,122
581080,581203,581204,1,123
581080,581203,581205,2,123
581080,581202,581205,3,122
581080,581201,581204,3,121
581080,581203,581206,3,123
581080,581202,581205,3,122
581080,581202,581205,3,122
581136,581204,581206,2,68
581080,581203,581206,3,123
581136,581204,581207,3,68
581136,581205,581207,2,69
581136,581204,581206,2,68
581136,581204,581206,2,68
581136,581205,581206,1,69
581136,581205,581206,1,69
581136,581205,581208,3,69
581136,581205,581207,2,69
581136,581205,581211,6,69
581136,581207,581216,9,71
581136,581208,581216,8,72
581136,581206,581216,10,70
581136,581207,581217,10,71
581136,581208,581216,8,72
581136,581206,581217,11,70
581136,581207,581217,10,71
581136,581206,581218,12,70
581136,581206,581218,12,70
581136,581208,581218,10,72
581136,581206,581217,11,70
581136,581207,581219,12,71
581136,581207,581219,12,71
581136,581216,581218,2,80
581136,581211,581219,8,75
581136,581206,581218,12,70
581136,581217,581220,3,81
581136,581217,581220,3,81
580611,580758,581219,461,147
581136,581217,581221,4,81
581136,581216,581220,4,80
581136,581217,581221,4,81
581136,581218,581221,3,82
581136,581217,581220,3,81
581136,581218,581222,4,82
581136,581218,581221,3,82
581136,581219,581223,4,83
581136,581219,581223,4,83
581136,581219,581223,4,83
581136,581219,581223,4,83
581136,581219,581224,5,83
581136,581219,581223,4,83
581136,581220,581225,5,84
581136,581221,581227,6,85
581136,581222,581226,4,86
581136,581223,581227,4,87
581136,581223,581227,4,87
581136,581221,581227,6,85
581136,581223,581227,4,87
581136,581220,581228,8,84
581136,581225,581228,3,89
581136,581222,581227,5,86
581136,581222,581227,5,86
581136,581224,581228,4,88
581136,581225,581229,4,89
581136,581221,581228,7,85
581136,581221,581229,8,85
581136,581223,581228,5,87
581136,581227,581229,2,91
581136,581227,581229,2,91
581136,581228,581230,2,92
581136,581227,581231,4,91
581136,581227,581231,4,91
581136,581227,581231,4,91
581136,581229,581231,2,93
581136,581220,581231,11,84
581136,581229,581231,2,93
581136,581229,581231,2,93
581136,581228,581232,4,92
581136,581228,581231,3,92
581136,581229,581231,2,93
581136,581230,581231,1,94
581137,581231,581232,1,94
581136,581227,581231,4,91
581136,581228,581231,3,92
581136,581228,581231,3,92
581136,581229,581231,2,93
581137,581231,581233,2,94
581137,581231,581233,2,94
581137,581231,581233,2,94
581137,581231,581233,2,94
581137,581231,581233,2,94
581137,581232,581234,2,95
581137,581231,581233,2,94
581137,581232,581235,3,95
581137,581232,581238,6,95
581137,581233,581241,8,96
581137,581233,581242,9,96
581137,581233,581242,9,96
581137,581233,581243,10,96
581137,581233,581243,10,96
581137,581232,581243,11,95
581137,581234,581243,9,97
581137,581241,581243,2,104
581137,581234,581244,10,97
581137,581232,581244,12,95
581137,581233,581243,10,96
581137,581232,581243,11,95
581137,581238,581244,6,101
581137,581232,581245,13,95
581137,581232,581244,12,95
581137,581242,581245,3,105
580801,580903,581245,342,102
581137,581243,581246,3,106
581137,581243,581246,3,106
581137,581235,581245,10,98
581137,581243,581245,2,106
581137,581243,581246,3,106
581137,581244,581247,3,107
581137,581243,581247,4,106
581137,581243,581246,3,106
581137,581244,581248,4,107
581137,581244,581248,4,107
581137,581244,581248,4,107
581137,581245,581249,4,108
581137,581245,581249,4,108
581137,581245,581250,5,108
581137,581245,581250,5,108
581137,581245,581250,5,108
581137,581247,581252,5,110
581137,581248,581252,4,111
581137,581249,581252,3,112
581137,581247,581252,5,110
581137,581250,581253,3,113
581137,581248,581253,5,111
581137,581246,581253,7,109
581137,581247,581253,6,110
581137,581250,581254,4,113
581137,581249,581253,4,112
581137,581249,581254,5,112
581137,581246,581253,7,109
581137,581246,581255,9,109
581137,581247,581254,7,110
581137,581250,581254,4,113
581137,581252,581254,2,115
581137,581253,581255,2,116
581137,581252,581255,3,115
581137,581253,581256,3,116
581137,581252,581256,4,115
581137,581254,581256,2,117
581137,581253,581257,4,116
581137,581254,581256,2,117
581137,581254,581256,2,117
581137,581254,581257,3,117
581137,581255,581256,1,118
581137,581255,581257,2,118
581137,581246,581256,10,109
581137,581252,581256,4,115
581137,581255,581257,2,118
581137,581255,581257,2,118
581205,581256,581258,2,51
581205,581256,581258,2,51
581137,581255,581257,2,118
581137,581254,581257,3,117
581205,581256,581257,1,51
581205,581257,581259,2,52
581205,581257,581259,2,52
581205,581257,581258,1,52
581205,581257,581258,1,52
581205,581257,581259,2,52
581205,581257,581259,2,52
581205,581257,581260,3,52
581205,581257,581263,6,52
581205,581260,581266,6,55
581205,581258,581266,8,53
581205,581258,581266,8,53
581205,581257,581267,10,52
581205,581260,581267,7,55
581205,581257,581266,9,52
581205,581263,581266,3,58
581205,581259,581267,8,54
581205,581259,581267,8,54
581205,581259,581268,9,54
581205,581266,581268,2,61
581205,581258,581268,10,53
581205,581258,581267,9,53
581205,581259,581269,10,54
581205,581260,581268,8,55
581205,581266,581269,3,61
581205,581258,581269,11,53
580814,580928,581270,342,114
581205,581267,581270,3,62
581205,581266,581270,4,61
581205,581267,581271,4,62
581205,581267,581270,3,62
581205,581268,581271,3,63
581205,581267,581271,4,62
581205,581267,581271,4,62
581205,581268,581271,3,63
580630,580788,581272,484,158
581205,581267,581271,4,62
581205,581268,581272,4,63
581205,581268,581273,5,63
581205,581269,581274,5,64
581205,581271,581274,3,66
581205,581269,581275,6,64
581205,581269,581275,6,64
581205,581271,581275,4,66
581205,581271,581276,5,66
581205,581271,581276,5,66
581205,581272,581276,4,67
581205,581270,581275,5,65
581205,581271,581275,4,66
581205,581270,581276,6,65
581205,581270,581276,6,65
581205,581272,581276,4,67
581205,581271,581277,6,66
581205,581271,581276,5,66
581205,581272,581276,4,67
581205,581274,581277,3,69
581205,581273,581278,5,68
581205,581275,581278,3,70
581205,581276,581278,2,71
581205,581276,581279,3,71
581205,581275,581278,3,70
581205,581276,581279,3,71
581205,581274,581278,4,69
581205,581276,581279,3,71
581205,581278,581279,1,73
581205,581276,581279,3,71
581205,581277,581280,3,72
581205,581276,581280,4,71
581205,581278,581280,2,73
581205,581276,581280,4,71
581205,581276,581280,4,71
581205,581278,581279,1,73
581220,581279,581280,1,59
581220,581279,581281,2,59
581205,581278,581280,2,73
581220,581279,581281,2,59
581205,581275,581280,5,70
581205,581277,581280,3,72
581220,581280,581282,2,60
581220,581279,581281,2,59
581220,581279,581281,2,59
581220,581280,581282,2,60
581220,581280,581282,2,60
581220,581279,581281,2,59
581220,581280,581283,3,60
581220,581282,581287,5,62
581220,581281,581289,8,61
581220,581280,581289,9,60
581220,581282,581289,7,62
581220,581284,581290,6,64
581220,581282,581290,8,62
581220,581281,581290,9,61
581220,581282,581291,9,62
581220,581281,581291,10,61
581220,581281,581290,9,61
581220,581281,581292,11,61
581220,581281,581291,10,61
581220,581280,581292,12,60
581220,581281,581291,10,61
581220,581282,581292,10,62
581220,581287,581292,5,67
581220,581289,581293,4,69
581220,581290,581293,3,70
581220,581290,581293,3,70
581220,581289,581293,4,69
581220,581290,581294,4,70
581220,581282,581294,12,62
581220,581289,581293,4,69
581220,581291,581293,2,71
581220,581291,581295,4,71
581220,581292,581296,4,72
581220,581291,581295,4,71
580631,580820,581295,475,189
581220,581292,581296,4,72
581220,581292,581297,5,72
581220,581293,581298,5,73
581220,581292,581298,6,72
581220,581293,581298,5,73
581220,581292,581298,6,72
581220,581294,581299,5,74
581220,581294,581299,5,74
581220,581294,581298,4,74
581220,581294,581299,5,74
581220,581296,581299,3,76
581220,581295,581300,5,75
581220,581293,581300,7,73
581220,581292,581300,8,72
581220,581296,581299,3,76
581220,581297,581300,3,77
581220,581296,581300,4,76
581220,581293,581300,7,73
581220,581298,581301,3,78
581220,581297,581300,3,77
581220,581298,581302,4,78
581220,581299,581302,3,79
581220,581299,581302,3,79
581220,581300,581303,3,80
581220,581301,581303,2,81
581220,581299,581303,4,79
581220,581301,581303,2,81
581220,581298,581302,4,78
581220,581299,581302,3,79
581220,581300,581303,3,80
581220,581299,581303,4,79
581220,581301,581304,3,81
581220,581301,581304,3,81
581220,581302,581303,1,82
581220,581300,581303,3,80
581220,581299,581303,4,79
581220,581301,581303,2,81
581246,581302,581304,2,56
581246,581303,581305,2,57
581220,581300,581304,4,80
581246,581303,581305,2,57
581246,581303,581306,3,57
581246,581303,581306,3,57
581246,581303,581306,3,57
581246,581303,581307,4,57
581246,581303,581308,5,57
581246,581303,581308,5,57
581246,581304,581311,7,58
581246,581304,581314,10,58
581246,581305,581315,10,59
581246,581305,581316,11,59
581246,581304,581316,12,58
581246,581304,581317,13,58
581246,581305,581317,12,59
581246,581305,581317,12,59
581246,581307,581318,11,61
581246,581306,581318,12,60
581246,581304,581318,14,58
581246,581306,581317,11,60
581246,581304,581317,13,58
581246,581306,581319,13,60
581246,581308,581319,11,62
581246,581309,581319,10,63
581246,581311,581322,11,65
581246,581314,581324,10,68
581246,581315,581324,9,69
581246,581316,581324,8,70
581246,581319,581325,6,73
580716,580849,581325,476,133
581246,581319,581325,6,73
581246,581317,581326,9,71
581246,581318,581327,9,72
581246,581317,581327,10,71
581246,581318,581328,10,72
581246,581317,581327,10,71
581246,581322,581328,6,76
581246,581318,581328,10,72
581246,581317,581329,12,71
581246,581318,581328,10,72
581246,581325,581329,4,79
581246,581324,581329,5,78
581246,581321,581328,7,75
581246,581324,581329,5,78
581246,581318,581328,10,72
581246,581325,581330,5,79
581246,581325,581330,5,79
581246,581326,581330,4,80
581246,581325,581330,5,79
581246,581327,581331,4,81
581246,581328,581331,3,82
581246,581328,581331,3,82
581246,581329,581332,3,83
581246,581329,581332,3,83
581246,581327,581331,4,81
581246,581328,581331,3,82
581246,581328,581331,3,82
581246,581329,581332,3,83
581246,581329,581332,3,83
581246,581329,581332,3,83
581246,581330,581332,2,84
581246,581329,581332,3,83
581246,581329,581334,5,83
581246,581331,581334,3,85
581246,581332,581333,1,86
581246,581330,581333,3,84
581246,581332,581334,2,86
581246,581332,581335,3,86
581246,581330,581334,4,84
581246,581331,581334,3,85
581246,581331,581335,4,85
581246,581332,581334,2,86
581246,581332,581334,2,86
581246,581330,581334,4,84
581246,581332,581335,3,86
581271,581334,581336,2,63
581271,581334,581337,3,63
581271,581334,581337,3,63
581271,581334,581338,4,63
581271,581334,581338,4,63
581271,581334,581338,4,63
581271,581333,581339,6,62
581271,581334,581338,4,63
581271,581335,581340,5,64
581271,581335,581343,8,64
581271,581335,581346,11,64
581271,581335,581347,12,64
581271,581337,581347,10,66
581271,581335,581347,12,64
581271,581335,581348,13,64
581271,581337,581347,10,66
581271,581335,581349,14,64
581271,581335,581348,13,64
581271,581337,581349,12,66
581271,581339,581350,11,68
581271,581338,581350,12,67
581271,581339,581351,12,68
581271,581339,581350,11,68
581271,581338,581350,12,67
581271,581340,581352,12,69
581271,581343,581355,12,72
581271,581346,581356,10,75
581271,581347,581357,10,76
581271,581351,581359,8,80
581271,581349,581359,10,78
581271,581347,581359,12,76
581271,581348,581358,10,77
581271,581347,581359,12,76
581271,581351,581360,9,80
581271,581350,581360,10,79
581271,581348,581360,12,77
581271,581351,581361,10,80
581271,581349,581361,12,78
581271,581352,581362,10,81
581271,581349,581362,13,78
581271,581350,581362,12,79
581271,581359,581362,3,88
581271,581355,581363,8,84
581271,581359,581363,4,88
581271,581359,581363,4,88
581271,581360,581363,3,89
581271,581362,581364,2,91
581271,581359,581364,5,88
581271,581357,581364,7,86
581271,581360,581364,4,89
581271,581361,581364,3,90
581271,581362,581364,2,91
581271,581362,581365,3,91
581271,581356,581364,8,85
581271,581362,581364,2,91
581271,581361,581364,3,90
581271,581359,581364,5,88
581271,581361,581364,3,90
581271,581363,581366,3,92
581271,581364,581366,2,93
581271,581364,581366,2,93
581271,581364,581367,3,93
581271,581364,581366,2,93
581271,581365,581367,2,94
581271,581364,581367,3,93
581271,581364,581367,3,93
581271,581363,581366,3,92
581271,581364,581367,3,93
581271,581364,581368,4,93
581271,581366,581368,2,95
581271,581365,581367,2,94
581271,581365,581368,3,94
580848,581007,581368,361,159
581273,581367,581368,1,94
581273,581367,581369,2,94
581271,581366,581369,3,95
581271,581365,581368,3,94
580732,580877,581369,492,145
581273,581367,581369,2,94
581271,581365,581368,3,94
581273,581367,581369,2,94
581273,581368,581371,3,95
581273,581367,581370,3,94
581273,581367,581370,3,94
581273,581367,581370,3,94
581273,581368,581370,2,95
581273,581368,581374,6,95
581273,581368,581376,8,95
581273,581369,581378,9,96
581273,581369,581378,9,96
581273,581371,581377,6,98
581273,581374,581378,4,101
581273,581369,581379,10,96
581273,581371,581379,8,98
581273,581369,581379,10,96
581273,581371,581380,9,98
581273,581371,581380,9,98
581273,581369,581379,10,96
581273,581369,581379,10,96
581273,581370,581380,10,97
581273,581369,581380,11,96
581273,581376,581381,5,103
581273,581370,581381,11,97
581273,581368,581382,14,95
581273,581371,581382,11,98
581273,581378,581382,4,105
581273,581379,581381,2,106
581273,581378,581383,5,105
581273,581378,581383,5,105
581273,581379,581382,3,106
581273,581379,581383,4,106
581273,581380,581383,3,107
581273,581380,581384,4,107
581273,581380,581383,3,107
581273,581380,581385,5,107
581273,581380,581386,6,107
581273,581383,581387,4,110
581273,581383,581386,3,110
581273,581381,581387,6,108
581273,581383,581388,5,110
581273,581381,581388,7,108
581273,581384,581388,4,111
581273,581382,581387,5,109
581273,581385,581388,3,112
581273,581382,581389,7,109
581273,581383,581388,5,110
581273,581386,581388,2,113
581273,581382,581389,7,109
581273,581385,581388,3,112
581273,581382,581388,6,109
581273,581383,581388,5,110
581273,581382,581389,7,109
581273,581382,581390,8,109
581273,581387,581391,4,114
581273,581388,581391,3,115
581273,581387,581391,4,114
581273,581389,581391,2,116
581273,581388,581391,3,115
581273,581389,581392,3,116
581273,581388,581391,3,115
581273,581389,581392,3,116
581273,581389,581392,3,116
581273,581388,581392,4,115
581273,581389,581392,3,116
581273,581388,581391,3,115
581273,581390,581392,2,117
581273,581387,581392,5,114
581273,581389,581393,4,116
581273,581389,581392,3,116
581273,581391,581393,2,118
581273,581391,581392,1,118
581273,581390,581392,2,117
581297,581391,581393,2,94
581297,581392,581394,2,95
581297,581392,581395,3,95
581297,581392,581394,2,95
581297,581392,581394,2,95
581297,581392,581395,3,95
581297,581392,581394,2,95
581297,581392,581394,2,95
581297,581392,581394,2,95
581297,581392,581399,7,95
581297,581393,581400,7,96
581297,581393,581403,10,96
581297,581394,581403,9,97
581297,581395,581404,9,98
581297,581395,581404,9,98
581297,581393,581405,12,96
581297,581393,581405,12,96
581297,581395,581404,9,98
581297,581395,581405,10,98
581297,581393,581405,12,96
581297,581395,581406,11,98
581297,581395,581406,11,98
581297,581393,581405,12,96
581297,581403,581407,4,106
581297,581394,581406,12,97
581297,581401,581407,6,104
581297,581395,581407,12,98
581297,581399,581408,9,102
581297,581405,581407,2,108
581297,581404,581408,4,107
581297,581405,581409,4,108
581297,581405,581409,4,108
581297,581405,581409,4,108
581297,581405,581409,4,108
581297,581403,581408,5,106
581297,581404,581409,5,107
581297,581409,581412,3,112
581297,581407,581413,6,110
581297,581409,581413,4,112
581297,581408,581414,6,111
581297,581410,581414,4,113
581297,581409,581414,5,112
581297,581406,581414,8,109
581297,581407,581415,8,110
581297,581407,581415,8,110
581297,581409,581415,6,112
581297,581408,581414,6,111
581297,581406,581414,8,109
581297,581409,581414,5,112
581297,581406,581414,8,109
581297,581407,581415,8,110
581297,581409,581416,7,112
581297,581412,581416,4,115
581297,581413,581415,2,116
581297,581414,581417,3,117
581297,581415,581418,3,118
581297,581414,581418,4,117
581297,581414,581418,4,117
581297,581414,581418,4,117
581297,581415,581419,4,118
581297,581416,581419,3,119
581297,581416,581418,2,119
581297,581416,581418,2,119
581297,581418,581419,1,121
581297,581415,581418,3,118
581297,581415,581418,3,118
581297,581415,581419,4,118
581297,581416,581420,4,119
581297,581417,581420,3,120
581297,581415,581419,4,118
581297,581415,581419,4,118
581297,581415,581419,4,118
581297,581418,581420,2,121
581297,581418,581420,2,121
581325,581419,581421,2,94
581297,581418,581420,2,121
581325,581419,581421,2,94
581325,581419,581421,2,94
581325,581419,581422,3,94
581325,581420,581422,2,95
581325,581419,581422,3,94
581325,581419,581423,4,94
581325,581420,581424,4,95
581325,581420,581425,5,95
581325,581420,581426,6,95
581325,581420,581429,9,95
581325,581421,581431,10,96
581325,581420,581431,11,95
581325,581420,581432,12,95
581325,581423,581432,9,98
581325,581421,581433,12,96
581325,581420,581433,13,95
581325,581422,581432,10,97
581325,581422,581432,10,97
581325,581422,581433,11,97
581325,581424,581434,10,99
581325,581422,581435,13,97
581325,581425,581435,10,100
581325,581422,581435,13,97
581325,581426,581435,9,101
581325,581433,581437,4,108
581325,581432,581437,5,107
581325,581433,581437,4,108
581325,581429,581438,9,104
581325,581433,581439,6,108
581325,581433,581439,6,108
581325,581432,581439,7,107
581325,581432,581438,6,107
581325,581431,581438,7,106
581325,581433,581438,5,108
580819,580953,581441,488,134
581325,581440,581442,2,115
581325,581440,581443,3,115
581325,581435,581443,8,110
581325,581439,581443,4,114
581325,581436,581444,8,111
581325,581439,581444,5,114
581325,581435,581444,9,110
581325,581434,581443,9,109
581325,581438,581444,6,113
581325,581441,581445,4,116
581325,581435,581445,10,110
581325,581437,581444,7,112
581325,581439,581445,6,114
581325,581437,581445,8,112
581325,581442,581445,3,117
581325,581443,581446,3,118
581325,581439,581446,7,114
581325,581438,581445,7,113
581325,581443,581447,4,118
581325,581444,581448,4,119
581325,581445,581448,3,120
581325,581444,581448,4,119
581325,581443,581447,4,118
581325,581444,581447,3,119
581325,581445,581448,3,120
581325,581444,581448,4,119
581325,581445,581448,3,120
581325,581446,581449,3,121
581325,581445,581449,4,120
581325,581445,581449,4,120
581325,581446,581448,2,121
581325,581446,581448,2,121
581325,581446,581450,4,121
581325,581448,581450,2,123
581325,581445,581449,4,120
581325,581448,581450,2,123
581325,581448,581451,3,123
581325,581448,581450,2,123
581369,581449,581451,2,80
581369,581449,581452,3,80
581369,581449,581452,3,80
581369,581449,581451,2,80
581325,581447,581451,4,122
581369,581449,581451,2,80
581369,581449,581452,3,80
581325,581448,581451,3,123
581369,581449,581452,3,80
581369,581450,581453,3,81
581369,581450,581453,3,81
581369,581450,581457,7,81
581369,581450,581460,10,81
581369,581453,581461,8,84
581369,581452,581462,10,83
581369,581451,581463,12,82
581369,581453,581463,10,84
581369,581451,581463,12,82
581369,581452,581463,11,83
581369,581452,581462,10,83
581369,581452,581464,12,83
581369,581451,581463,12,82
581369,581452,581464,12,83
581369,581452,581464,12,83
581369,581452,581464,12,83
581369,581452,581465,13,83
581369,581457,581467,10,88
581369,581463,581469,6,94
581369,581463,581469,6,94
581369,581463,581469,6,94
581369,581460,581469,9,91
581369,581463,581468,5,94
581369,581461,581469,8,92
581369,581463,581470,7,94
580835,580980,581469,489,145
581369,581464,581471,7,95
581369,581462,581470,8,93
581369,581464,581473,9,95
581369,581464,581472,8,95
581369,581470,581473,3,101
581369,581467,581473,6,98
581369,581471,581473,2,102
581369,581470,581474,4,101
581369,581471,581474,3,102
581369,581465,581474,9,96
581369,581469,581475,6,100
581369,581465,581475,10,96
581369,581465,581474,9,96
581369,581470,581474,4,101
581369,581469,581476,7,100
581369,581469,581476,7,100
581369,581469,581476,7,100
581369,581469,581476,7,100
581369,581473,581477,4,104
581369,581474,581476,2,105
581369,581474,581477,3,105
581369,581473,581476,3,104
581369,581473,581476,3,104
581369,581473,581477,4,104
581369,581473,581477,4,104
581369,581474,581477,3,105
581369,581475,581477,2,106
581369,581476,581479,3,107
581369,581477,581479,2,108
581369,581475,581479,4,106
581369,581475,581479,4,106
581369,581476,581480,4,107
581369,581476,581480,4,107
581369,581477,581480,3,108
581369,581477,581479,2,108
581369,581478,581480,2,109
581369,581476,581480,4,107
581369,581478,581480,2,109
581369,581478,581481,3,109
581369,581477,581481,4,108
581369,581477,581480,3,108
581369,581479,581481,2,110
581369,581477,581481,4,108
581369,581478,581481,3,109
581369,581479,581481,2,110
581369,581480,581482,2,111
581369,581480,581482,2,111
581369,581480,581483,3,111
581369,581479,581483,4,110
581369,581480,581483,3,111
581369,581479,581482,3,110
581369,581480,581482,2,111
581369,581480,581488,8,111
581369,581481,581492,11,112
581369,581481,581492,11,112
581369,581481,581493,12,112
581369,581481,581493,12,112
581369,581482,581492,10,113
581369,581481,581493,12,112
581369,581482,581494,12,113
581369,581482,581494,12,113
581369,581483,581493,10,114
581369,581482,581495,13,113
581369,581482,581494,12,113
581369,581483,581495,12,114
581369,581483,581495,12,114
581369,581483,581495,12,114
581369,581483,581497,14,114
581369,581494,581497,3,125
581369,581495,581498,3,126
581369,581494,581499,5,125
581369,581488,581499,11,119
581369,581498,581500,2,129
581369,581494,581501,7,125
581369,581499,581501,2,130
581369,581493,581500,7,124
581369,581500,581501,1,131
581369,581497,581502,5,128
581369,581492,581501,9,123
581369,581501,581502,1,132
581369,581499,581501,2,130
581369,581493,581503,10,124
581369,581493,581502,9,124
581369,581496,581503,7,127
581369,581493,581503,10,124
581369,581495,581502,7,126
581369,581501,581502,1,132
581369,581502,581503,1,133
581369,581497,581504,7,128
581369,581501,581503,2,132
581369,581501,581503,2,132
581369,581502,581505,3,133
581369,581495,581504,9,126
581369,581495,581504,9,126
581369,581503,581505,2,134
581369,581496,581505,9,127
581369,581502,581504,2,133
581369,581502,581505,3,133
581369,581503,581506,3,134
581369,581503,581505,2,134
581369,581504,581505,1,135
581369,581503,581505,2,134
581369,581504,581506,2,135
581369,581503,581505,2,134
581369,581503,581505,2,134
581369,581504,581506,2,135
581369,581505,581506,1,136
581369,581505,581508,3,136
581369,581505,581508,3,136
581369,581505,581507,2,136
581369,581506,581508,2,137
581369,581505,581508,3,136
581369,581505,581508,3,136
581369,581505,581508,3,136
581369,581506,581508,2,137
581369,581506,581508,2,137
581369,581506,581508,2,137
581441,581507,581510,3,66
581441,581507,581510,3,66
581369,581506,581509,3,137
581441,581508,581511,3,67
581441,581508,581511,3,67
581441,581508,581510,2,67
581441,581508,581511,3,67
581441,581507,581510,3,66
581441,581509,581512,3,68
581441,581509,581514,5,68
581441,581509,581519,10,68
581441,581509,581520,11,68
581441,581510,581521,11,69
581441,581509,581521,12,68
581441,581509,581522,13,68
581441,581510,581522,12,69
581441,581511,581522,11,70
581441,581511,581522,11,70
581441,581510,581523,13,69
581441,581511,581524,13,70
581441,581511,581523,12,70
581441,581511,581525,14,70
581441,581512,581525,13,71
581441,581514,581526,12,73
581441,581521,581529,8,80
581441,581520,581530,10,79
581441,581519,581530,11,78
581441,581522,581531,9,81
581441,581522,581532,10,81
581441,581523,581532,9,82
581441,581521,581532,11,80
581441,581522,581531,9,81
581441,581524,581534,10,83
581441,581524,581534,10,83
581441,581525,581535,10,84
581441,581526,581536,10,85
581441,581523,581535,12,82
581441,581525,581536,11,84
581441,581529,581538,9,88
581441,581533,581539,6,92
581441,581530,581539,9,89
581441,581535,581539,4,94
581441,581534,581539,5,93
581441,581531,581539,8,90
580868,581036,581539,503,168
581441,581536,581540,4,95
581441,581536,581539,3,95
581441,581532,581540,8,91
581441,581533,581539,6,92
581441,581535,581540,5,94
581441,581536,581540,4,95
581441,581532,581540,8,91
581441,581531,581540,9,90
581441,581539,581541,2,98
581441,581538,581540,2,97
581441,581539,581540,1,98
581441,581539,581541,2,98
581441,581539,581541,2,98
581441,581539,581541,2,98
581441,581540,581542,2,99
581441,581539,581541,2,98
581441,581540,581543,3,99
581441,581540,581542,2,99
581441,581542,581544,2,101
581441,581540,581543,3,99
581441,581540,581544,4,99
581441,581541,581544,3,100
581441,581540,581543,3,99
581441,581541,581544,3,100
581441,581542,581545,3,101
581441,581541,581545,4,100
581441,581542,581545,3,101
581441,581541,581544,3,100
581441,581543,581544,1,102
581441,581542,581545,3,101
581441,581542,581546,4,101
581441,581542,581545,3,101
581470,581544,581546,2,74
581470,581544,581547,3,74
581470,581544,581547,3,74
581470,581544,581547,3,74
581470,581545,581547,2,75
581470,581545,581548,3,75
581470,581544,581547,3,74
581470,581544,581547,3,74
581470,581545,581550,5,75
581470,581545,581554,9,75
581470,581545,581556,11,75
581470,581546,581556,10,76
581470,581546,581558,12,76
581470,581545,581559,14,75
581470,581547,581559,12,77
581470,581547,581559,12,77
581470,581548,581560,12,78
581470,581547,581560,13,77
581470,581546,581559,13,76
581470,581547,581560,13,77
581470,581548,581561,13,78
581470,581548,581560,12,78
581470,581550,581562,12,80
581470,581554,581564,10,84
580893,581066,581565,499,173
581470,581556,581565,9,86
581081,581204,581566,362,123
581470,581558,581567,9,88
581470,581559,581568,9,89
581470,581559,581568,9,89
581470,581559,581568,9,89
581470,581560,581569,9,90
581470,581560,581569,9,90
581470,581561,581570,9,91
581470,581561,581570,9,91
581470,581558,581569,11,88
581470,581565,581572,7,95
581470,581561,581572,11,91
581470,581570,581572,2,100
581470,581570,581572,2,100
581470,581562,581573,11,92
581137,581230,581573,343,93
581470,581569,581574,5,99
581470,581569,581574,5,99
581470,581572,581574,2,102
581470,581570,581573,3,100
581470,581563,581573,10,93
581470,581572,581575,3,102
581470,581568,581575,7,98
581470,581565,581574,9,95
581470,581567,581575,8,97
581470,581565,581575,10,95
581470,581572,581575,3,102
581470,581572,581575,3,102
581470,581573,581575,2,103
581470,581574,581576,2,104
581470,581573,581575,2,103
581470,581566,581575,9,96
581470,581568,581575,7,98
581470,581574,581577,3,104
581470,581568,581576,8,98
581470,581574,581577,3,104
581470,581574,581576,2,104
581470,581574,581576,2,104
581470,581575,581577,2,105
581470,581575,581577,2,105
581470,581576,581578,2,106
581470,581575,581577,2,105
581470,581575,581578,3,105
581470,581575,581577,2,105
581470,581576,581578,2,106
581470,581575,581579,4,105
581470,581575,581578,3,105
581470,581575,581578,3,105
581540,581578,581580,2,38
581470,581577,581579,2,107
581470,581576,581579,3,106
581470,581577,581579,2,107
581540,581578,581580,2,38
581470,581576,581579,3,106
581540,581578,581581,3,38
581540,581577,581581,4,37
581540,581578,581580,2,38
581540,581578,581580,2,38
581540,581577,581580,3,37
581540,581578,581581,3,38
581540,581578,581582,4,38
581540,581579,581586,7,39
581540,581580,581590,10,40
581540,581579,581591,12,39
581540,581579,581591,12,39
581540,581581,581592,11,41
581540,581581,581591,10,41
581540,581580,581593,13,40
581540,581581,581593,12,41
581540,581580,581593,13,40
581540,581581,581593,12,41
581540,581581,581592,11,41
581540,581580,581592,12,40
581540,581580,581593,13,40
581540,581583,581592,9,43
581540,581581,581593,12,41
581540,581580,581593,13,40
581540,581586,581597,11,46
581540,581593,581596,3,53
581540,581594,581598,4,54
581540,581594,581598,4,54
581540,581593,581599,6,53
581540,581593,581599,6,53
581540,581593,581598,5,53
581540,581593,581599,6,53
581540,581593,581599,6,53
581540,581598,581600,2,58
581540,581593,581600,7,53
581540,581593,581600,7,53
581540,581590,581600,10,50
581540,581599,581601,2,59
581540,581598,581601,3,58
581540,581597,581601,4,57
581540,581592,581601,9,52
581540,581599,581601,2,59
581540,581598,581602,4,58
581540,581592,581601,9,52
581540,581599,581601,2,59
581540,581599,581601,2,59
581540,581600,581602,2,60
581540,581600,581601,1,60
581540,581591,581601,10,51
581540,581599,581601,2,59
581540,581601,581602,1,61
581540,581601,581603,2,61
581540,581601,581603,2,61
581540,581591,581603,12,51
581540,581601,581603,2,61
581540,581601,581603,2,61
581540,581600,581602,2,60
581540,581602,581604,2,62
581540,581602,581603,1,62
581540,581603,581604,1,63
581540,581601,581603,2,61
581540,581602,581605,3,62
581540,581602,581604,2,62
581540,581603,581605,2,63
581540,581603,581604,1,63
581540,581602,581604,2,62
581540,581602,581604,2,62
581540,581603,581606,3,63
581540,581603,581605,2,63
581540,581603,581606,3,63
581540,581603,581606,3,63
581540,581603,581605,2,63
581565,581605,581607,2,40
581565,581605,581606,1,40
581540,581603,581606,3,63
581540,581604,581607,3,64
581565,581604,581607,3,39
581565,581605,581608,3,40
581565,581605,581608,3,40
581565,581605,581607,2,40
581565,581605,581609,4,40
581565,581605,581609,4,40
581565,581606,581609,3,41
581565,581606,581615,9,41
581565,581607,581617,10,42
581565,581606,581618,12,41
581565,581606,581618,12,41
581565,581607,581618,11,42
581565,581607,581617,10,42
581565,581606,581619,13,41
580919,581120,581619,499,201
581565,581607,581619,12,42
581565,581608,581618,10,43
581565,581607,581619,12,42
581565,581609,581620,11,44
581565,581608,581619,11,43
581565,581608,581620,12,43
581565,581610,581622,12,45
581565,581609,581622,13,44
581565,581619,581624,5,54
581565,581622,581626,4,57
581565,581619,581626,7,54
581565,581619,581626,7,54
581565,581615,581627,12,50
581565,581622,581627,5,57
581565,581621,581627,6,56
581565,581617,581627,10,52
581565,581620,581627,7,55
581565,581618,581627,9,53
581565,581624,581628,4,59
581565,581618,581628,10,53
581565,581620,581627,7,55
581565,581621,581627,6,56
580918,581120,581629,509,202
581565,581618,581629,11,53
581565,581627,581628,1,62
581565,581619,581628,9,54
581565,581618,581628,10,53
581565,581626,581630,4,61
581565,581627,581630,3,62
581565,581627,581630,3,62
581565,581626,581629,3,61
581565,581627,581630,3,62
581565,581628,581629,1,63
581565,581628,581629,1,63
581565,581626,581629,3,61
581565,581627,581629,2,62
581565,581629,581631,2,64
581565,581628,581631,3,63
581565,581629,581631,2,64
581565,581629,581631,2,64
581565,581629,581630,1,64
581565,581629,581630,1,64
581565,581629,581632,3,64
581565,581630,581631,1,65
581565,581630,581632,2,65
581138,581255,581632,377,117
581565,581629,581631,2,64
581565,581631,581633,2,66
581565,581630,581632,2,65
581565,581630,581632,2,65
581027,581148,581632,484,121
581565,581630,581632,2,65
581565,581630,581632,2,65
581565,581630,581632,2,65
581565,581630,581632,2,65
581565,581631,581632,1,66
581565,581631,581634,3,66
581565,581631,581633,2,66
581565,581631,581634,3,66
581567,581632,581633,1,65
581565,581631,581633,2,66
581567,581632,581633,1,65
581565,581631,581633,2,66
581567,581632,581634,2,65
581567,581633,581635,2,66
581565,581632,581634,2,67
581567,581633,581635,2,66
581567,581633,581636,3,66
581567,581633,581635,2,66
581567,581633,581637,4,66
581567,581633,581638,5,66
581567,581633,581637,4,66
581206,581279,581639,360,73
581567,581636,581642,6,69
581567,581634,581643,9,67
581567,581637,581643,6,70
581567,581638,581643,5,71
581567,581634,581644,10,67
581567,581639,581645,6,72
581567,581634,581645,11,67
581567,581636,581644,8,69
581567,581638,581644,6,71
581567,581634,581644,10,67
581567,581634,581644,10,67
581567,581644,581646,2,77
581567,581634,581646,12,67
581567,581635,581646,11,68
581567,581635,581646,11,68
581567,581634,581645,11,67
581567,581643,581647,4,76
581567,581635,581647,12,68
581567,581634,581647,13,67
581567,581643,581646,3,76
581567,581644,581646,2,77
581567,581645,581646,1,78
581567,581635,581648,13,68
581567,581635,581647,12,68
581567,581646,581648,2,79
581567,581646,581648,2,79
581567,581645,581647,2,78
581567,581646,581647,1,79
581567,581645,581647,2,78
581567,581645,581647,2,78
581567,581646,581647,1,79
581567,581645,581647,2,78
581567,581645,581647,2,78
581567,581647,581649,2,80
581567,581647,581649,2,80
581567,581647,581649,2,80
581567,581646,581648,2,79
581567,581642,581648,6,75
581567,581648,581650,2,81
581567,581647,581649,2,80
581567,581648,581650,2,81
581567,581648,581650,2,81
581567,581647,581649,2,80
581567,581647,581649,2,80
581567,581648,581650,2,81
581567,581648,581650,2,81
581567,581649,581651,2,82
581567,581648,581651,3,81
581567,581648,581650,2,81
581567,581648,581650,2,81
581567,581648,581650,2,81
581567,581648,581650,2,81
581567,581649,581650,1,82
581567,581648,581651,3,81
581567,581649,581652,3,82
581567,581650,581652,2,83
581567,581649,581652,3,82
581567,581650,581652,2,83
581574,581651,581653,2,77
581574,581651,581652,1,77
581567,581650,581653,3,83
581574,581651,581653,2,77
581567,581650,581653,3,83
581567,581651,581653,2,84
581574,581651,581653,2,77
581567,581650,581653,3,83
581574,581651,581653,2,77
581574,581652,581654,2,78
581574,581651,581653,2,77
581574,581652,581654,2,78
581567,581650,581653,3,83
581567,581650,581653,3,83
581567,581650,581653,3,83
581574,581652,581654,2,78
581574,581652,581656,4,78
581574,581654,581660,6,80
581574,581653,581661,8,79
581574,581655,581661,6,81
581574,581655,581661,6,81
581574,581653,581662,9,79
581574,581653,581663,10,79
581574,581653,581663,10,79
581574,581662,581664,2,88
581574,581654,581663,9,80
581574,581656,581663,7,82
581574,581654,581665,11,80
581574,581663,581664,1,89
581574,581653,581665,12,79
581574,581653,581665,12,79
581574,581654,581665,11,80
581574,581661,581665,4,87
581574,581661,581666,5,87
581574,581664,581665,1,90
581574,581664,581665,1,90
581574,581654,581666,12,80
581574,581661,581665,4,87
581574,581664,581666,2,90
581574,581654,581667,13,80
581574,581665,581667,2,91
581574,581653,581667,14,79
581574,581665,581666,1,91
581574,581665,581666,1,91
581574,581664,581666,2,90
581574,581654,581666,12,80
581574,581654,581666,12,80
581574,581660,581667,7,86
581574,581666,581667,1,92
581574,581666,581667,1,92
581574,581666,581668,2,92
581574,581665,581667,2,91
581574,581666,581668,2,92
581574,581667,581668,1,93
581574,581667,581669,2,93
581574,581665,581668,3,91
581574,581667,581669,2,93
581574,581665,581668,3,91
581574,581666,581668,2,92
581574,581666,581668,2,92
581574,581667,581670,3,93
581574,581667,581669,2,93
581574,581668,581670,2,94
581574,581668,581670,2,94
581574,581668,581669,1,94
581574,581668,581669,1,94
581574,581668,581669,1,94
581574,581667,581669,2,93
581574,581668,581671,3,94
581574,581669,581670,1,95
581574,581668,581670,2,94
581574,581669,581671,2,95
581574,581668,581670,2,94
581619,581670,581672,2,51
581574,581669,581672,3,95
581574,581669,581671,2,95
581574,581670,581672,2,96
581574,581670,581672,2,96
581574,581669,581673,4,95
581574,581669,581673,4,95
581574,581669,581672,3,95
581619,581671,581673,2,52
581619,581671,581673,2,52
581619,581670,581672,2,51
581574,581670,581672,2,96
581574,581670,581673,3,96
581619,581670,581673,3,51
581619,581671,581674,3,52
581619,581672,581675,3,53
581619,581671,581674,3,52
581619,581672,581674,2,53
581619,581672,581682,10,53
581619,581675,581684,9,56
581619,581672,581684,12,53
581619,581673,581683,10,54
581619,581675,581684,9,56
581619,581673,581684,11,54
581619,581673,581685,12,54
581619,581675,581685,10,56
581619,581673,581684,11,54
581619,581674,581685,11,55
581619,581672,581685,13,53
581619,581673,581686,13,54
581619,581673,581685,12,54
581619,581674,581686,12,55
581619,581673,581685,12,54
581619,581674,581686,12,55
581619,581673,581686,13,54
581067,581174,581688,514,107
581619,581686,581689,3,67
581619,581686,581689,3,67
581619,581685,581689,4,66
581619,581686,581689,3,67
581619,581685,581690,5,66
581619,581686,581689,3,67
581619,581685,581690,5,66
581619,581685,581690,5,66
581619,581683,581690,7,64
581619,581686,581689,3,67
581619,581685,581690,5,66
581619,581688,581691,3,69
581619,581684,581691,7,65
581619,581686,581690,4,67
581619,581684,581690,6,65
581619,581684,581690,6,65
581619,581684,581692,8,65
581619,581689,581691,2,70
581619,581689,581692,3,70
581619,581684,581691,7,65
581619,581689,581691,2,70
581619,581690,581692,2,71
581619,581690,581691,1,71
581619,581691,581692,1,72
581619,581690,581691,1,71
581619,581689,581693,4,70
581619,581691,581693,2,72
581619,581690,581693,3,71
581619,581690,581692,2,71
581619,581690,581692,2,71
581619,581690,581692,2,71
581619,581691,581694,3,72
581619,581691,581693,2,72
581619,581692,581694,2,73
581619,581691,581693,2,72
581619,581692,581694,2,73
581619,581692,581694,2,73
581619,581692,581694,2,73
581619,581693,581694,1,74
581619,581692,581694,2,73
581619,581693,581694,1,74
581619,581693,581695,2,74
581619,581692,581694,2,73
581619,581692,581694,2,73
581619,581693,581695,2,74
581619,581693,581696,3,74
581619,581693,581696,3,74
581619,581693,581696,3,74
581619,581693,581697,4,74
581630,581694,581697,3,64
581630,581695,581697,2,65
581630,581694,581697,3,64
581630,581694,581696,2,64
581630,581694,581698,4,64
581630,581694,581697,3,64
581630,581695,581698,3,65
581630,581695,581698,3,65
581630,581695,581698,3,65
581630,581695,581702,7,65
581630,581695,581707,12,65
581630,581695,581708,13,65
581630,581697,581708,11,67
581630,581696,581708,12,66
581630,581698,581708,10,68
581630,581696,581708,12,66
581630,581695,581708,13,65
581630,581697,581709,12,67
581630,581697,581709,12,67
581630,581698,581708,10,68
581630,581697,581710,13,67
581630,581696,581710,14,66
581630,581697,581709,12,67
581630,581698,581709,11,68
581630,581698,581710,12,68
581630,581699,581711,12,69
581630,581702,581712,10,72
581271,581366,581712,346,95
581630,581711,581714,3,81
581630,581711,581714,3,81
581630,581710,581714,4,80
581630,581708,581714,6,78
581630,581710,581714,4,80
581630,581708,581714,6,78
581630,581709,581715,6,79
581630,581710,581715,5,80
581630,581709,581715,6,79
581630,581710,581714,4,80
581630,581712,581714,2,82
581630,581713,581715,2,83
581630,581709,581716,7,79
581630,581709,581715,6,79
581630,581714,581716,2,84
581630,581714,581716,2,84
581630,581708,581715,7,78
581630,581714,581715,1,84
581630,581714,581717,3,84
581630,581709,581716,7,79
581630,581715,581716,1,85
581630,581715,581716,1,85
581630,581715,581717,2,85
581630,581714,581716,2,84
581630,581715,581718,3,85
581630,581715,581717,2,85
581630,581715,581717,2,85
581630,581717,581718,1,87
581630,581708,581718,10,78
581630,581715,581717,2,85
581630,581716,581718,2,86
581630,581716,581718,2,86
581630,581716,581718,2,86
581630,581716,581718,2,86
581630,581717,581719,2,87
581630,581717,581718,1,87
581630,581717,581718,1,87
581630,581717,581719,2,87
581630,581716,581719,3,86
581630,581717,581719,2,87
581630,581718,581720,2,88
581630,581718,581719,1,88
581630,581718,581720,2,88
581630,581707,581720,13,77
581630,581717,581719,2,87
581632,581719,581721,2,87
581630,581718,581721,3,88
581630,581718,581721,3,88
581630,581718,581720,2,88
581632,581719,581721,2,87
581632,581719,581722,3,87
581632,581719,581722,3,87
581632,581719,581721,2,87
581632,581719,581721,2,87
581632,581719,581721,2,87
581632,581720,581723,3,88
581632,581720,581723,3,88
581632,581720,581724,4,88
581632,581720,581727,7,88
581632,581723,581728,5,91
581632,581720,581729,9,88
581632,581724,581729,5,92
581632,581723,581731,8,91
581632,581722,581731,9,90
581632,581727,581731,4,95
581632,581720,581732,12,88
581632,581721,581731,10,89
581632,581722,581732,10,90
581632,581721,581731,10,89
581632,581731,581733,2,99
581632,581725,581732,7,93
581632,581731,581733,2,99
581632,581722,581733,11,90
581632,581728,581734,6,96
581632,581721,581734,13,89
581632,581729,581733,4,97
581632,581732,581734,2,100
581632,581732,581734,2,100
581632,581730,581734,4,98
581632,581722,581734,12,90
581632,581720,581733,13,88
581632,581721,581733,12,89
581632,581721,581733,12,89
581632,581733,581735,2,101
581632,581731,581735,4,99
581632,581733,581734,1,101
581632,581732,581734,2,100
581632,581732,581734,2,100
581632,581733,581736,3,101
581632,581733,581735,2,101
581632,581734,581736,2,102
581632,581734,581735,1,102
581632,581734,581735,1,102
581632,581734,581735,1,102
581632,581734,581737,3,102
581632,581734,581737,3,102
581632,581734,581737,3,102
581632,581734,581736,2,102
581632,581734,581737,3,102
581632,581735,581736,1,103
581632,581735,581736,1,103
581632,581735,581738,3,103
581632,581736,581738,2,104
581632,581735,581738,3,103
581632,581734,581737,3,102
581632,581735,581738,3,103
581632,581736,581737,1,104
581632,581737,581739,2,105
581632,581737,581739,2,105
581632,581736,581738,2,104
581632,581736,581738,2,104
581632,581736,581738,2,104
581632,581736,581738,2,104
581632,581737,581739,2,105
581632,581738,581740,2,106
581632,581738,581739,1,106
581632,581737,581740,3,105
581632,581737,581740,3,105
581632,581737,581739,2,105
581634,581739,581741,2,105
581632,581738,581741,3,106
581632,581738,581741,3,106
581634,581739,581741,2,105
581632,581738,581740,2,106
581634,581740,581742,2,106
581632,581738,581741,3,106
581634,581739,581741,2,105
581634,581740,581742,2,106
581634,581739,581741,2,105
581634,581740,581742,2,106
581634,581740,581742,2,106
581634,581740,581742,2,106
581634,581740,581745,5,106
581634,581743,581750,7,109
581634,581745,581750,5,111
581634,581743,581750,7,109
581634,581741,581751,10,107
581634,581741,581752,11,107
581634,581741,581753,12,107
581634,581742,581753,11,108
581634,581742,581752,10,108
581634,581741,581753,12,107
581634,581741,581753,12,107
581634,581740,581754,14,106
581634,581742,581754,12,108
581634,581742,581754,12,108
581634,581742,581754,12,108
581634,581742,581754,12,108
581634,581741,581754,13,107
581634,581753,581756,3,119
581634,581754,581756,2,120
581634,581750,581756,6,116
581634,581754,581757,3,120
581634,581754,581757,3,120
581634,581750,581756,6,116
581634,581751,581757,6,117
581634,581750,581756,6,116
581634,581753,581756,3,119
581634,581755,581758,3,121
581634,581753,581758,5,119
581634,581756,581758,2,122
581634,581756,581758,2,122
581634,581753,581758,5,119
581634,581753,581757,4,119
581634,581755,581757,2,121
581634,581755,581757,2,121
581634,581757,581759,2,123
581634,581757,581758,1,123
581634,581756,581758,2,122
581634,581758,581759,1,124
581634,581758,581760,2,124
581634,581752,581759,7,118
581634,581758,581760,2,124
581634,581757,581759,2,123
581634,581757,581759,2,123
581634,581758,581760,2,124
581634,581758,581760,2,124
581634,581758,581761,3,124
581634,581759,581761,2,125
581634,581759,581760,1,125
581634,581758,581760,2,124
581634,581758,581760,2,124
581634,581758,581760,2,124
581634,581759,581762,3,125
581634,581760,581761,1,126
581634,581760,581762,2,126
581634,581760,581762,2,126
581634,581760,581762,2,126
581634,581758,581761,3,124
581634,581760,581762,2,126
581634,581760,581761,1,126
581634,581761,581763,2,127
581634,581761,581762,1,127
581634,581761,581763,2,127
581634,581760,581762,2,126
581634,581761,581764,3,127
581647,581762,581764,2,115
581634,581761,581764,3,127
581634,581761,581764,3,127
581647,581762,581764,2,115
581647,581762,581764,2,115
581647,581762,581765,3,115
581647,581762,581764,2,115
581647,581762,581764,2,115
581647,581763,581765,2,116
581647,581763,581766,3,116
581647,581762,581765,3,115
581647,581762,581765,3,115
581647,581766,581772,6,119
581647,581763,581773,10,116
581647,581766,581774,8,119
581647,581764,581774,10,117
581647,581763,581775,12,116
581647,581764,581774,10,117
581647,581766,581776,10,119
581647,581764,581776,12,117
581647,581764,581776,12,117
581647,581764,581776,12,117
581647,581765,581776,11,118
581647,581765,581777,12,118
581647,581765,581778,13,118
581647,581766,581777,11,119
581647,581772,581778,6,125
581647,581765,581778,13,118
581647,581776,581778,2,129
581647,581774,581779,5,127
581647,581775,581779,4,128
581647,581776,581778,2,129
581647,581775,581778,3,128
581647,581776,581778,2,129
581647,581778,581779,1,131
581647,581776,581778,2,129
581647,581776,581778,2,129
581647,581778,581780,2,131
581647,581778,581780,2,131
581647,581773,581780,7,126
581647,581777,581779,2,130
581647,581778,581780,2,131
581647,581778,581780,2,131
581647,581779,581781,2,132
581647,581779,581780,1,132
581647,581774,581780,6,127
581647,581779,581781,2,132
581647,581779,581780,1,132
581647,581779,581781,2,132
581647,581779,581781,2,132
581647,581780,581782,2,133
581647,581780,581782,2,133
581647,581779,581781,2,132
581647,581779,581781,2,132
581647,581780,581783,3,133
581647,581780,581783,3,133
581647,581781,581782,1,134
581647,581781,581782,1,134
581647,581781,581782,1,134
581647,581780,581782,2,133
581647,581780,581783,3,133
581647,581782,581783,1,135
581647,581781,581783,2,134
581647,581781,581783,2,134
581647,581782,581784,2,135
581647,581782,581784,2,135
581647,581783,581785,2,136
581647,581782,581785,3,135
581647,581783,581785,2,136
581647,581783,581785,2,136
581647,581782,581784,2,135
581647,581783,581786,3,136
581647,581783,581786,3,136
581647,581783,581785,2,136
581647,581783,581786,3,136
581689,581784,581787,3,95
581647,581784,581786,2,137
581689,581785,581787,2,96
581689,581784,581787,3,95
581689,581785,581787,2,96
581647,581784,581786,2,137
581689,581785,581787,2,96
581689,581784,581787,3,95
581689,581785,581788,3,96
581689,581786,581787,1,97
581689,581785,581788,3,96
581689,581786,581791,5,97
581689,581786,581796,10,97
581221,581302,581797,495,81
581689,581787,581797,10,98
581689,581787,581798,11,98
581689,581787,581797,10,98
581689,581789,581798,9,100
581689,581787,581798,11,98
581689,581787,581799,12,98
581689,581787,581799,12,98
581689,581786,581799,13,97
581689,581787,581799,12,98
581689,581789,581800,11,100
581689,581791,581799,8,102
581689,581788,581801,13,99
581689,581799,581802,3,110
581689,581788,581801,13,99
581689,581799,581802,3,110
581689,581798,581802,4,109
581689,581800,581803,3,111
581689,581801,581803,2,112
581689,581800,581802,2,111
581689,581800,581802,2,111
581689,581799,581803,4,110
581689,581798,581803,5,109
581689,581799,581803,4,110
581689,581797,581803,6,108
581689,581798,581803,5,109
581689,581803,581804,1,114
581689,581796,581803,7,107
581689,581797,581803,6,108
581689,581802,581804,2,113
581689,581802,581805,3,113
581689,581802,581805,3,113
581689,581804,581805,1,115
581689,581803,581806,3,114
581689,581803,581805,2,114
581689,581804,581806,2,115
581689,581803,581805,2,114
581689,581804,581805,1,115
581689,581804,581805,1,115
581689,581804,581805,1,115
581689,581803,581806,3,114
581689,581803,581806,3,114
581689,581804,581807,3,115
581689,581804,581806,2,115
581689,581805,581807,2,116
581689,581805,581806,1,116
581689,581806,581808,2,117
581689,581805,581807,2,116
581689,581804,581807,3,115
581689,581806,581808,2,117
581689,581807,581809,2,118
581689,581807,581809,2,118
581689,581807,581808,1,118
581689,581807,581808,1,118
581689,581807,581808,1,118
581689,581806,581808,2,117
581689,581806,581808,2,117
581689,581807,581810,3,118
581689,581807,581810,3,118
581689,581807,581809,2,118
581689,581808,581811,3,119
581689,581808,581811,3,119
581689,581808,581811,3,119
581689,581808,581811,3,119
581689,581807,581810,3,118
581714,581809,581811,2,95
581714,581810,581811,1,96
581714,581809,581811,2,95
581714,581809,581811,2,95
581714,581809,581812,3,95
581714,581810,581813,3,96
581714,581809,581813,4,95
581714,581810,581812,2,96
581714,581810,581814,4,96
581714,581811,581819,8,97
581714,581811,581822,11,97
581714,581812,581822,10,98
581714,581812,581823,11,98
581714,581812,581822,10,98
581714,581811,581823,12,97
581714,581811,581823,12,97
581714,581811,581824,13,97
581714,581811,581824,13,97
581714,581814,581824,10,100
581714,581813,581824,11,99
581714,581813,581825,12,99
581714,581813,581826,13,99
581714,581823,581826,3,109
581714,581824,581827,3,110
581714,581824,581826,2,110
581714,581825,581827,2,111
581714,581822,581827,5,108
581714,581819,581826,7,105
581714,581825,581826,1,111
581714,581823,581828,5,109
581714,581822,581828,6,108
581714,581826,581828,2,112
581714,581825,581827,2,111
581714,581813,581827,14,99
581714,581827,581829,2,113
581714,581826,581828,2,112
581714,581827,581828,1,113
581714,581828,581830,2,114
581714,581827,581830,3,113
581714,581823,581830,7,109
581714,581823,581829,6,109
581714,581828,581830,2,114
581714,581827,581829,2,113
581714,581828,581830,2,114
581714,581828,581829,1,114
581714,581828,581830,2,114
581714,581828,581831,3,114
581714,581829,581831,2,115
581714,581828,581830,2,114
581714,581829,581832,3,115
581714,581829,581832,3,115
581714,581830,581832,2,116
581714,581830,581832,2,116
581714,581830,581832,2,116
581714,581830,581831,1,116
581714,581830,581831,1,116
581714,581830,581831,1,116
581714,581831,581833,2,117
581247,581332,581833,501,85
581714,581830,581832,2,116
581714,581831,581833,2,117
581714,581830,581832,2,116
581714,581831,581832,1,117
581714,581832,581833,1,118
581714,581832,581834,2,118
581714,581832,581834,2,118
581714,581831,581833,2,117
581714,581832,581833,1,118
581714,581832,581833,1,118
581714,581832,581834,2,118
581714,581833,581835,2,119
581714,581832,581834,2,118
581714,581832,581834,2,118
581714,581833,581836,3,119
581797,581834,581836,2,37
581797,581833,581835,2,36
581797,581835,581836,1,38
581714,581833,581835,2,119
581797,581834,581836,2,37
581797,581835,581836,1,38
581797,581834,581837,3,37
581714,581833,581836,3,119
581797,581834,581836,2,37
581797,581835,581838,3,38
581797,581835,581838,3,38
581797,581835,581840,5,38
581797,581835,581844,9,38
581797,581836,581846,10,39
581797,581836,581846,10,39
581797,581836,581846,10,39
581797,581836,581847,11,39
581797,581837,581848,11,40
581797,581836,581848,12,39
581797,581840,581848,8,43
581797,581839,581849,10,42
581797,581838,581849,11,41
581797,581836,581849,13,39
581797,581838,581850,12,41
581797,581838,581850,12,41
581797,581846,581850,4,49
581797,581847,581851,4,50
581797,581848,581851,3,51
581797,581837,581851,14,40
581797,581850,581851,1,53
581797,581849,581851,2,52
581797,581849,581851,2,52
581797,581850,581852,2,53
581797,581849,581851,2,52
581797,581850,581852,2,53
581797,581844,581852,8,47
581797,581846,581851,5,49
581797,581848,581851,3,51
581797,581851,581852,1,54
581797,581849,581851,2,52
581797,581851,581853,2,54
581797,581851,581853,2,54
581797,581852,581854,2,55
581797,581852,581853,1,55
581797,581852,581853,1,55
581797,581852,581854,2,55
581797,581852,581854,2,55
581797,581852,581854,2,55
581797,581846,581853,7,49
581797,581852,581854,2,55
581797,581852,581855,3,55
581797,581852,581855,3,55
581797,581853,581855,2,56
581797,581851,581854,3,54
581797,581852,581854,2,55
581797,581853,581856,3,56
581797,581854,581855,1,57
581797,581854,581855,1,57
581797,581854,581855,1,57
581797,581854,581855,1,57
581797,581854,581856,2,57
581797,581855,581857,2,58
581797,581854,581856,2,57
581797,581854,581856,2,57
581797,581855,581856,1,58
581797,581855,581857,2,58
581797,581855,581857,2,58
581797,581855,581857,2,58
581797,581855,581857,2,58
581797,581856,581857,1,59
581797,581856,581859,3,59
581833,581857,581859,2,24
581797,581857,581859,2,60
581797,581857,581860,3,60
581797,581856,581859,3,59
581797,581856,581859,3,59
581797,581857,581859,2,60
581797,581857,581859,2,60
581833,581859,581861,2,26
581833,581858,581861,3,25
581833,581859,581861,2,26
581833,581858,581861,3,25
581833,581859,581862,3,26
581833,581858,581861,3,25
581833,581859,581861,2,26
581833,581860,581863,3,27
581833,581860,581865,5,27
581833,581860,581870,10,27
581833,581860,581871,11,27
581833,581861,581871,10,28
581833,581862,581872,10,29
581833,581860,581872,12,27
581833,581860,581873,13,27
581833,581861,581872,11,28
581833,581861,581873,12,28
581833,581862,581874,12,29
581833,581863,581874,11,30
581833,581862,581874,12,29
581833,581861,581874,13,28
581833,581871,581876,5,38
581833,581873,581875,2,40
581833,581874,581876,2,41
581833,581874,581876,2,41
581833,581874,581876,2,41
581833,581873,581877,4,40
581833,581874,581877,3,41
581833,581872,581877,5,39
581833,581865,581876,11,32
581833,581876,581877,1,43
581833,581876,581878,2,43
581833,581876,581878,2,43
581833,581872,581877,5,39
581833,581873,581877,4,40
581833,581870,581877,7,37
581833,581872,581877,5,39
581833,581876,581877,1,43
581833,581876,581879,3,43
581833,581877,581878,1,44
581833,581877,581879,2,44
581833,581877,581880,3,44
581833,581877,581880,3,44
581833,581878,581880,2,45
581833,581878,581880,2,45
581833,581878,581881,3,45
581833,581879,581881,2,46
581833,581878,581880,2,45
581833,581878,581880,2,45
581833,581878,581880,2,45
581833,581878,581880,2,45
581833,581879,581880,1,46
581833,581880,581882,2,47
581833,581878,581881,3,45
581833,581879,581882,3,46
581833,581880,581882,2,47
581833,581880,581882,2,47
581833,581880,581882,2,47
581833,581881,581883,2,48
581833,581881,581883,2,48
581833,581881,581884,3,48
581833,581881,581883,2,48
581833,581882,581884,2,49
581833,581881,581883,2,48
581833,581881,581883,2,48
581833,581882,581883,1,49
581833,581881,581883,2,48
581273,581391,581883,492,118
581833,581883,581885,2,50
581833,581882,581885,3,49
581833,581882,581884,2,49
581833,581882,581885,3,49
581833,581882,581885,3,49
581833,581883,581886,3,50
581884,581884,581886,2,0
581884,581884,581886,2,0
581884,581884,581887,3,0
581884,581885,581886,1,1
581833,581884,581886,2,51
581884,581884,581887,3,0
581884,581884,581887,3,0
581884,581884,581888,4,0
581884,581885,581888,3,1
581884,581885,581888,3,1
581884,581885,581891,6,1
581884,581886,581897,11,2
581884,581887,581898,11,3
581884,581887,581898,11,3
581884,581887,581898,11,3
581884,581886,581898,12,2
581884,581886,581899,13,2
581884,581888,581899,11,4
581884,581887,581900,13,3
581884,581888,581899,11,4
581884,581887,581899,12,3
581884,581887,581900,13,3
581884,581888,581901,13,4
581297,581419,581902,483,122
581884,581891,581901,10,7
581884,581901,581903,2,17
581884,581900,581904,4,16
581884,581900,581904,4,16
581884,581898,581904,6,14
581884,581897,581904,7,13
581884,581902,581904,2,18
581884,581902,581905,3,18
581884,581898,581905,7,14
581884,581903,581906,3,19
581884,581898,581905,7,14
581884,581904,581906,2,20
581884,581900,581906,6,16
581884,581904,581906,2,20
581884,581904,581906,2,20
581884,581904,581907,3,20
581884,581904,581906,2,20
581884,581906,581908,2,22
581884,581905,581907,2,21
581884,581906,581908,2,22
581884,581905,581907,2,21
581884,581906,581907,1,22
581884,581906,581907,1,22
581884,581906,581909,3,22
581884,581907,581909,2,23
581884,581906,581908,2,22
581884,581908,581910,2,24
581884,581898,581910,12,14
581884,581907,581909,2,23
581884,581908,581910,2,24
581884,581899,581909,10,15
581884,581900,581909,9,16
581884,581908,581911,3,24
581884,581899,581911,12,15
581884,581909,581911,2,25
581884,581908,581910,2,24
581884,581909,581910,1,25
581884,581909,581910,1,25
581884,581909,581911,2,25
581884,581910,581912,2,26
581884,581910,581911,1,26
581884,581909,581911,2,25
581884,581911,581913,2,27
581884,581910,581913,3,26
581884,581911,581913,2,27
581884,581910,581912,2,26
581884,581910,581912,2,26
581884,581911,581913,2,27
581884,581911,581913,2,27
581902,581912,581914,2,10
581884,581911,581913,2,27
581884,581911,581913,2,27
581884,581912,581914,2,28
581884,581910,581913,3,26
581902,581913,581914,1,11
581902,581912,581916,4,10
581902,581913,581916,3,11
581902,581913,581916,3,11
581902,581913,581916,3,11
581902,581913,581917,4,11
581902,581913,581916,3,11
581902,581913,581917,4,11
581902,581914,581918,4,12
581902,581914,581923,9,12
581902,581914,581923,9,12
581902,581914,581927,13,12
581902,581915,581927,12,13
581902,581914,581928,14,12
581902,581916,581928,12,14
581902,581918,581928,10,16
581902,581916,581928,12,14
581902,581917,581929,12,15
581902,581916,581929,13,14
581902,581917,581928,11,15
581902,581917,581930,13,15
581902,581917,581930,13,15
581902,581924,581933,9,22
581902,581923,581933,10,21
581902,581927,581934,7,25
581902,581933,581935,2,31
581902,581930,581935,5,28
581902,581934,581936,2,32
581902,581930,581936,6,28
581902,581927,581936,9,25
581902,581935,581937,2,33
581902,581929,581937,8,27
581902,581929,581938,9,27
581902,581928,581938,10,26
581902,581935,581938,3,33
581902,581935,581937,2,33
581902,581936,581937,1,34
581902,581928,581938,10,26
581902,581929,581938,9,27
581902,581936,581939,3,34
581902,581936,581939,3,34
581902,581929,581939,10,27
581902,581937,581938,1,35
581902,581937,581940,3,35
581902,581928,581939,11,26
581902,581938,581939,1,36
581902,581938,581939,1,36
581902,581939,581940,1,37
581902,581938,581940,2,36
581902,581938,581940,2,36
581902,581939,581941,2,37
581902,581939,581941,2,37
581902,581939,581940,1,37
581902,581938,581940,2,36
581902,581939,581941,2,37
581902,581940,581942,2,38
581902,581940,581942,2,38
581902,581939,581941,2,37
581902,581940,581942,2,38
581902,581941,581943,2,39
581902,581940,581942,2,38
581902,581940,581942,2,38
581902,581940,581943,3,38
581902,581941,581943,2,39
581902,581941,581943,2,39
581902,581941,581944,3,39
581902,581942,581943,1,40
581902,581941,581943,2,39
581902,581942,581944,2,40
581902,581942,581944,2,40
581902,581943,581944,1,41
581902,581942,581944,2,40
581902,581943,581944,1,41
581902,581942,581944,2,40
581541,581604,581945,341,63
581326,581448,581957,509,122
581957,581957,581958,1,0
581957,581957,581959,2,0
581957,581957,581959,2,0
581957,581957,581960,3,0
581957,581957,581959,2,0
581957,581957,581960,3,0
581957,581957,581960,3,0
581957,581957,581960,3,0
581957,581957,581960,3,0
581957,581957,581966,9,0
581957,581957,581969,12,0
581957,581959,581969,10,2
581957,581957,581969,12,0
581957,581957,581969,12,0
581957,581957,581969,12,0
581957,581959,581969,10,2
581957,581959,581969,10,2
581957,581960,581971,11,3
581957,581960,581971,11,3
581957,581960,581972,12,3
581957,581960,581972,12,3
581957,581960,581972,12,3
581957,581969,581973,4,12
581957,581969,581974,5,12
581957,581969,581974,5,12
581957,581960,581974,14,3
581957,581970,581974,4,13
581957,581969,581975,6,12
581957,581969,581976,7,12
581957,581966,581977,11,9
581957,581969,581977,8,12
581957,581971,581979,8,14
581957,581975,581981,6,18
581957,581972,581981,9,15
581957,581972,581981,9,15
581957,581975,581981,6,18
581957,581972,581982,10,15
581957,581973,581982,9,16
581957,581974,581982,8,17
581957,581972,581982,10,15
581957,581974,581981,7,17
581957,581976,581982,6,19
581957,581977,581983,6,20
581957,581977,581984,7,20
581957,581974,581984,10,17
581957,581979,581984,5,22
581957,581982,581985,3,25
581957,581982,581985,3,25
581957,581982,581984,2,25
581957,581982,581985,3,25
581957,581983,581986,3,26
581957,581984,581986,2,27
581957,581983,581986,3,26
581957,581984,581987,3,27
581957,581981,581986,5,24
581957,581981,581987,6,24
581957,581982,581987,5,25
581957,581985,581988,3,28
581957,581984,581988,4,27
581957,581982,581988,6,25
581957,581985,581987,2,28
581957,581986,581989,3,29
581957,581985,581989,4,28
581957,581985,581989,4,28
581957,581982,581988,6,25
581957,581986,581990,4,29
581957,581987,581990,3,30
581957,581987,581990,3,30
581957,581988,581990,2,31
581957,581988,581989,1,31
581957,581988,581990,2,31
581957,581988,581990,2,31
581957,581988,581990,2,31
581957,581987,581990,3,30
581957,581987,581990,3,30
581958,581989,581992,3,31
581958,581989,581992,3,31
581958,581990,581992,2,32
581958,581990,581993,3,32
581958,581989,581992,3,31
581958,581990,581993,3,32
581958,581990,581993,3,32
581958,581990,581993,3,32
581958,581991,581993,2,33
581958,581991,581997,6,33
581566,581632,581998,366,66
581381,581507,581999,492,126
581958,581991,582001,10,33
581958,581992,582003,11,34
581958,581993,582003,10,35
581958,581991,582003,12,33
581958,581992,582004,12,34
581958,581992,582004,12,34
581958,581994,582005,11,36
581958,581993,582005,12,35
581958,581993,582005,12,35
581958,581992,582005,13,34
581958,581994,582006,12,36
581958,581993,582005,12,35
581958,581998,582008,10,40
581958,581997,582009,12,39
581958,581999,582011,12,41
581958,582003,582011,8,45
581958,582009,582012,3,51
581958,582001,582012,11,43
581958,582011,582013,2,53
581958,582003,582013,10,45
581958,582011,582013,2,53
581958,582006,582014,8,48
581958,582005,582014,9,47
581958,582012,582014,2,54
581958,582012,582014,2,54
581958,582005,582013,8,47
581958,582008,582013,5,50
581958,582013,582015,2,55
581958,582006,582015,9,48
581958,582013,582014,1,55
581958,582005,582016,11,47
581958,582004,582015,11,46
581958,582014,582016,2,56
581958,582014,582016,2,56
581958,582003,582015,12,45
581958,582004,582016,12,46
581958,582005,582016,11,47
581958,582014,582016,2,56
581958,582015,582017,2,57
581958,582015,582016,1,57
581958,582015,582016,1,57
581958,582015,582016,1,57
581958,582015,582016,1,57
581958,582014,582016,2,56
581958,582014,582016,2,56
581370,581506,582017,511,136
581958,582016,582018,2,58
581958,582016,582018,2,58
581958,582016,582018,2,58
581958,582017,582019,2,59
581958,582016,582019,3,58
581958,582016,582018,2,58
581958,582016,582019,3,58
581958,582017,582019,2,59
581958,582017,582020,3,59
581958,582016,582019,3,58
581958,582017,582020,3,59
581958,582017,582019,2,59
581958,582017,582020,3,59
581958,582018,582020,2,60
581958,582018,582020,2,60
581958,582016,582020,4,58
581958,582017,582019,2,59
581958,582018,582020,2,60
581958,582018,582020,2,60
581958,582019,582020,1,61
582003,582019,582022,3,16
582003,582019,582021,2,16
582003,582019,582021,2,16
582003,582020,582022,2,17
582003,582020,582023,3,17
582003,582020,582023,3,17
582003,582020,582022,2,17
582003,582020,582024,4,17
582003,582020,582024,4,17
582003,582020,582028,8,17
582003,582021,582031,10,18
582003,582020,582032,12,17
582003,582022,582032,10,19
582003,582023,582033,10,20
581442,581543,582033,490,101
582003,582021,582033,12,18
582003,582020,582033,13,17
582003,582020,582032,12,17
582003,582022,582033,11,19
582003,582022,582034,12,19
582003,582023,582035,12,20
582003,582022,582035,13,19
582003,582023,582036,13,20
582003,582024,582037,13,21
582003,582025,582036,11,22
582003,582028,582038,10,25
581574,581670,582038,368,96
582003,582031,582039,8,28
582003,582032,582042,10,29
582003,582032,582043,11,29
582003,582038,582044,6,35
582003,582038,582044,6,35
582003,582033,582043,10,30
582003,582034,582044,10,31
582003,582033,582045,12,30
582003,582033,582044,11,30
582003,582033,582045,12,30
582003,582037,582045,8,34
582003,582035,582045,10,32
582003,582034,582046,12,31
582003,582033,582046,13,30
582003,582036,582045,9,33
582003,582041,582047,6,38
582003,582035,582047,12,32
582003,582037,582047,10,34
582003,582043,582048,5,40
582003,582045,582048,3,42
582003,582044,582049,5,41
582003,582046,582049,3,43
582003,582046,582049,3,43
582003,582046,582049,3,43
582003,582044,582048,4,41
582003,582044,582049,5,41
582003,582045,582049,4,42
582003,582042,582050,8,39
582003,582047,582049,2,44
582003,582044,582050,6,41
582003,582046,582049,3,43
582003,582047,582051,4,44
581471,581577,582050,473,106
582003,582048,582050,2,45
582003,582049,582051,2,46
582003,582045,582050,5,42
582003,582048,582051,3,45
582003,582048,582052,4,45
582003,582049,582052,3,46
582003,582049,582052,3,46
582003,582049,582052,3,46
582003,582045,582051,6,42
582003,582050,582052,2,47
582003,582049,582051,2,46
582003,582050,582051,1,47
582003,582050,582052,2,47
582003,582049,582052,3,46
582003,582051,582053,2,48
582003,582049,582052,3,46
582003,582051,582053,2,48
582003,582050,582052,2,47
582003,582052,582054,2,49
582003,582052,582054,2,49
582003,582051,582053,2,48
582003,582051,582053,2,48
582003,582051,582053,2,48
582003,582052,582053,1,49
582003,582052,582055,3,49
582003,582051,582054,3,48
582003,582052,582054,2,49
582003,582052,582057,5,49
582003,582055,582061,6,52
582003,582055,582061,6,52
582003,582055,582062,7,52
582003,582052,582062,10,49
582003,582052,582063,11,49
582003,582055,582062,7,52
582003,582052,582064,12,49
582003,582053,582063,10,50
582003,582058,582064,6,55
582003,582053,582065,12,50
582003,582055,582065,10,52
582003,582053,582065,12,50
582003,582053,582065,12,50
582003,582062,582066,4,59
582003,582062,582066,4,59
582003,582054,582066,12,51
582003,582053,582065,12,50
582003,582055,582065,10,52
582003,582061,582065,4,58
582003,582062,582067,5,59
582003,582054,582067,13,51
582003,582054,582066,12,51
582003,582063,582069,6,60
582003,582067,582071,4,64
582003,582063,582071,8,60
582003,582067,582071,4,64
582003,582066,582072,6,63
582003,582067,582072,5,64
582003,582067,582071,4,64
582003,582067,582073,6,64
582003,582066,582073,7,63
582003,582067,582073,6,64
582003,582065,582073,8,62
582003,582071,582074,3,68
582003,582065,582074,9,62
582003,582064,582074,10,61
582003,582066,582073,7,63
582003,582069,582074,5,66
582003,582064,582075,11,61
582003,582064,582075,11,61
582003,582065,582075,10,62
582003,582073,582075,2,70
582003,582071,582074,3,68
582003,582071,582076,5,68
582003,582072,582075,3,69
582003,582072,582075,3,69
582003,582073,582076,3,70
582003,582065,582076,11,62
582003,582075,582077,2,72
582003,582074,582076,2,71
582003,582075,582077,2,72
582003,582074,582077,3,71
582003,582074,582077,3,71
582003,582073,582076,3,70
582003,582075,582078,3,72
582003,582074,582078,4,71
582003,582073,582078,5,70
582003,582075,582078,3,72
582003,582073,582077,4,70
582003,582075,582077,2,72
582003,582076,582077,1,73
582018,582077,582079,2,59
582018,582077,582078,1,59
582003,582075,582078,3,72
582003,582076,582078,2,73
582003,582076,582078,2,73
582003,582076,582078,2,73
582018,582077,582080,3,59
582018,582077,582080,3,59
581632,581738,582081,343,106
582018,582078,582081,3,60
582018,582078,582081,3,60
582018,582078,582082,4,60
582018,582078,582082,4,60
582018,582078,582082,4,60
582018,582078,582086,8,60
582018,582078,582088,10,60
582018,582078,582089,11,60
582018,582079,582090,11,61
582018,582079,582090,11,61
582018,582079,582091,12,61
582018,582079,582091,12,61
582018,582081,582091,10,63
582018,582079,582091,12,61
582018,582080,582092,12,62
582018,582079,582091,12,61
582018,582080,582093,13,62
582018,582082,582093,11,64
582018,582081,582093,12,63
582018,582081,582095,14,63
582018,582082,582095,13,64
582018,582082,582096,14,64
582018,582086,582098,12,68
582018,582089,582098,9,71
582018,582089,582099,10,71
582018,582090,582100,10,72
582018,582092,582100,8,74
582018,582093,582100,7,75
582018,582092,582100,8,74
582018,582091,582099,8,73
582018,582092,582101,9,74
582018,582093,582101,8,75
582018,582091,582100,9,73
582018,582095,582102,7,77
582018,582091,582102,11,73
582018,582091,582101,10,73
582018,582094,582103,9,76
582018,582101,582103,2,83
582018,582098,582104,6,80
582018,582102,582104,2,84
582018,582096,582104,8,78
582018,582102,582104,2,84
582018,582099,582104,5,81
582018,582100,582105,5,82
582018,582100,582105,5,82
582018,582102,582105,3,84
582018,582101,582105,4,83
582018,582098,582106,8,80
582018,582100,582105,5,82
582018,582103,582106,3,85
582018,582095,582105,10,77
582018,582100,582106,6,82
582018,582100,582105,5,82
582018,582104,582107,3,86
582018,582101,582106,5,83
582018,582104,582106,2,86
582018,582105,582107,2,87
582018,582104,582107,3,86
582018,582104,582108,4,86
582018,582105,582108,3,87
582018,582105,582107,2,87
582018,582105,582108,3,87
582018,582105,582108,3,87
582018,582106,582108,2,88
582018,582106,582109,3,88
582018,582107,582108,1,89
582033,582107,582109,2,74
582018,582106,582108,2,88
582018,582105,582108,3,87
582018,582106,582108,2,88
582018,582106,582108,2,88
582018,582106,582108,2,88
582033,582108,582110,2,75
582033,582107,582109,2,74
582033,582108,582111,3,75
582033,582107,582111,4,74
582033,582108,582112,4,75
582033,582108,582112,4,75
582033,582108,582111,3,75
582033,582108,582112,4,75
582033,582109,582119,10,76
582033,582109,582119,10,76
582033,582109,582119,10,76
582033,582109,582121,12,76
582033,582110,582121,11,77
582033,582109,582121,12,76
582033,582110,582120,10,77
582033,582109,582122,13,76
582033,582109,582121,12,76
582033,582109,582122,13,76
582033,582111,582123,12,78
582033,582112,582123,11,79
582033,582112,582123,11,79
582033,582111,582123,12,78
582033,582112,582122,10,79
582033,582112,582124,12,79
582033,582119,582127,8,86
582033,582119,582127,8,86
582033,582119,582129,10,86
582033,582124,582130,6,91
582033,582123,582131,8,90
582033,582121,582131,10,88
582033,582123,582131,8,90
582033,582123,582132,9,90
582033,582121,582132,11,88
582033,582127,582133,6,94
582033,582121,582133,12,88
582033,582122,582132,10,89
582033,582122,582133,11,89
582033,582121,582133,12,88
582033,582127,582132,5,94
582033,582123,582133,10,90
582033,582122,582134,12,89
582033,582133,582135,2,100
582033,582123,582134,11,90
582033,582133,582135,2,100
582033,582133,582136,3,100
582033,582132,582136,4,99
582033,582133,582136,3,100
582033,582133,582136,3,100
582033,582133,582136,3,100
582033,582133,582137,4,100
582033,582130,582137,7,97
582033,582129,582137,8,96
582033,582131,582136,5,98
582033,582131,582137,6,98
582033,582131,582137,6,98
582033,582135,582138,3,102
582033,582132,582137,5,99
582033,582137,582139,2,104
582033,582134,582139,5,101
582033,582135,582139,4,102
582033,582136,582139,3,103
582033,582136,582138,2,103
582033,582137,582140,3,104
582033,582136,582139,3,103
582033,582138,582140,2,105
582033,582136,582139,3,103
582033,582137,582140,3,104
582033,582136,582140,4,103
582033,582136,582140,4,103
582033,582137,582140,3,104
582033,582138,582139,1,105
582033,582138,582141,3,105
582033,582139,582140,1,106
582038,582139,582141,2,101
582033,582138,582140,2,105
582038,582139,582142,3,101
582038,582140,582141,1,102
582038,582140,582142,2,102
582038,582139,582141,2,101
582038,582140,582143,3,102
582038,582140,582142,2,102
582038,582140,582142,2,102
582038,582140,582142,2,102
582038,582140,582143,3,102
582038,582140,582147,7,102
581568,581651,582148,497,83
582038,582140,582149,9,102
582038,582144,582150,6,106
582038,582142,582151,9,104
582038,582142,582152,10,104
582038,582141,582152,11,103
582038,582141,582152,11,103
582038,582142,582153,11,104
582038,582141,582153,12,103
582038,582141,582153,12,103
582038,582142,582153,11,104
582038,582143,582154,11,105
582038,582143,582155,12,105
582038,582150,582155,5,112
582038,582151,582155,4,113
582038,582152,582155,3,114
582038,582152,582156,4,114
582038,582149,582155,6,111
582038,582144,582155,11,106
582038,582144,582157,13,106
582038,582148,582157,9,110
582038,582152,582156,4,114
582038,582148,582156,8,110
582038,582153,582158,5,115
582038,582153,582160,7,115
582038,582155,582161,6,117
582038,582153,582161,8,115
582038,582155,582162,7,117
582038,582154,582162,8,116
582038,582155,582162,7,117
582038,582157,582162,5,119
582038,582153,582162,9,115
582038,582157,582161,4,119
582038,582157,582163,6,119
582038,582156,582162,6,118
582038,582156,582163,7,118
582038,582157,582164,7,119
582038,582155,582163,8,117
582038,582157,582164,7,119
582038,582158,582163,5,120
582038,582163,582165,2,125
582038,582163,582166,3,125
582038,582162,582166,4,124
582038,582162,582166,4,124
582038,582160,582166,6,122
582038,582162,582166,4,124
582038,582163,582166,3,125
582038,582161,582165,4,123
582038,582163,582165,2,125
582038,582164,582166,2,126
582038,582164,582167,3,126
582038,582162,582166,4,124
582038,582166,582167,1,128
582038,582166,582168,2,128
582038,582164,582168,4,126
582038,582164,582167,3,126
582038,582166,582168,2,128
582038,582161,582167,6,123
582038,582166,582168,2,128
582038,582166,582169,3,128
582038,582164,582169,5,126
582038,582166,582168,2,128
582052,582168,582169,1,116
582038,582166,582168,2,128
582038,582165,582168,3,127
582052,582167,582170,3,115
582038,582166,582169,3,128
582052,582168,582169,1,116
582052,582168,582171,3,116
582052,582168,582171,3,116
582052,582168,582170,2,116
582052,582168,582170,2,116
582052,582168,582172,4,116
582052,582168,582174,6,116
582052,582169,582175,6,117
582052,582169,582179,10,117
582052,582169,582180,11,117
582052,582170,582180,10,118
582052,582169,582181,12,117
582052,582169,582182,13,117
582052,582172,582182,10,120
582052,582169,582182,13,117
582052,582170,582183,13,118
582052,582170,582182,12,118
582052,582171,582183,12,119
582052,582171,582182,11,119
582052,582172,582184,12,120
581620,581694,582184,490,74
582052,582171,582184,13,119
582052,582175,582187,12,123
582052,582180,582187,7,128
582052,582175,582187,12,123
582052,582181,582188,7,129
582052,582179,582188,9,127
582052,582180,582190,10,128
582052,582182,582191,9,130
582052,582182,582191,9,130
582052,582183,582192,9,131
582052,582188,582193,5,136
582052,582182,582193,11,130
582052,582187,582193,6,135
582052,582184,582192,8,132
582052,582187,582194,7,135
582052,582188,582194,6,136
582052,582184,582194,10,132
582052,582183,582194,11,131
582052,582190,582195,5,138
582052,582183,582195,12,131
582052,582184,582195,11,132
582052,582185,582196,11,133
582052,582187,582195,8,135
582052,582191,582196,5,139
582052,582194,582197,3,142
582052,582194,582197,3,142
582052,582194,582197,3,142
582052,582195,582197,2,143
582052,582192,582197,5,140
582052,582193,582198,5,141
582052,582191,582197,6,139
582052,582193,582198,5,141
582052,582194,582197,3,142
582052,582195,582198,3,143
582052,582197,582199,2,145
582052,582197,582200,3,145
582052,582196,582199,3,144
582052,582196,582200,4,144
582052,582195,582199,4,143
582052,582196,582199,3,144
582052,582197,582200,3,145
582052,582199,582201,2,147
582052,582193,582200,7,141
582052,582198,582201,3,146
582052,582197,582200,3,145
582052,582199,582201,2,147
582052,582196,582200,4,144
582052,582198,582200,2,146
582052,582197,582200,3,145
582052,582199,582200,1,147
582052,582200,582202,2,148
582052,582200,582201,1,148
582052,582200,582201,1,148
582090,582201,582203,2,111
582090,582200,582203,3,110
582090,582200,582203,3,110
582090,582200,582202,2,110
582090,582201,582204,3,111
582090,582201,582204,3,111
582090,582201,582203,2,111
582090,582201,582203,2,111
582090,582201,582203,2,111
582090,582201,582204,3,111
582090,582202,582210,8,112
582090,582205,582210,5,115
582090,582203,582212,9,113
582090,582203,582213,10,113
582090,582202,582213,11,112
582090,582202,582212,10,112
582090,582204,582214,10,114
582090,582204,582214,10,114
582090,582203,582214,11,113
582090,582203,582214,11,113
582090,582212,582215,3,122
582090,582202,582214,12,112
582090,582210,582215,5,120
582090,582210,582215,5,120
582090,582204,582216,12,114
582090,582204,582216,12,114
582090,582213,582216,3,123
582090,582202,582215,13,112
582090,582204,582216,12,114
582090,582213,582217,4,123
581630,581718,582217,499,88
582090,582213,582217,4,123
582090,582214,582219,5,124
582090,582217,582220,3,127
582090,582216,582221,5,126
582090,582217,582221,4,127
582090,582216,582222,6,126
582090,582215,582222,7,125
582090,582214,582222,8,124
582090,582216,582223,7,126
582090,582216,582223,7,126
582090,582216,582223,7,126
582090,582214,582224,10,124
582090,582215,582224,9,125
582090,582215,582223,8,125
582090,582220,582224,4,130
582090,582218,582223,5,128
582090,582219,582225,6,129
582090,582215,582224,9,125
582090,582214,582225,11,124
582090,582221,582226,5,131
582090,582222,582227,5,132
582090,582222,582227,5,132
582090,582221,582227,6,131
582090,582222,582227,5,132
582090,582224,582227,3,134
582090,582225,582228,3,135
582090,582223,582228,5,133
582090,582223,582228,5,133
582090,582223,582228,5,133
582090,582226,582229,3,136
582090,582225,582229,4,135
582090,582225,582229,4,135
582090,582225,582228,3,135
582090,582224,582229,5,134
582090,582224,582230,6,134
582090,582227,582229,2,137
582090,582227,582230,3,137
582090,582228,582229,1,138
582090,582227,582230,3,137
582090,582224,582229,5,134
582090,582228,582230,2,138
582090,582227,582230,3,137
582090,582227,582230,3,137
582090,582228,582230,2,138
582152,582229,582231,2,77
582152,582230,582232,2,78
582152,582229,582232,3,77
582152,582230,582231,1,78
582090,582228,582231,3,138
582152,582229,582231,2,77
582152,582230,582232,2,78
582152,582229,582231,2,77
582152,582230,582233,3,78
582152,582230,582232,2,78
582152,582230,582234,4,78
582152,582230,582237,7,78
582152,582231,582240,9,79
581635,581761,582240,479,126
582152,582232,582240,8,80
582152,582232,582241,9,80
582152,582234,582241,7,82
582152,582233,582241,8,81
582152,582232,582241,9,80
582152,582231,582243,12,79
582152,582232,582243,11,80
582152,582237,582243,6,85
582152,582231,582244,13,79
582152,582232,582243,11,80
582152,582231,582243,12,79
582152,582232,582244,12,80
582152,582233,582245,12,81
582152,582241,582245,4,89
582152,582240,582245,5,88
582152,582241,582246,5,89
582152,582243,582246,3,91
582152,582240,582246,6,88
582152,582241,582247,6,89
582152,582242,582247,5,90
582152,582232,582247,15,80
582152,582243,582250,7,91
582152,582245,582250,5,93
582152,582247,582251,4,95
582152,582244,582251,7,92
582152,582246,582252,6,94
582152,582244,582252,8,92
582152,582247,582252,5,95
582152,582246,582252,6,94
582152,582246,582253,7,94
582152,582245,582252,7,93
582152,582245,582253,8,93
582152,582244,582252,8,92
582152,582247,582253,6,95
582152,582252,582255,3,100
582152,582252,582255,3,100
582152,582252,582255,3,100
582152,582252,582255,3,100
582152,582251,582255,4,99
582152,582251,582256,5,99
582152,582253,582256,3,101
582152,582253,582256,3,101
582152,582250,582255,5,98
582152,582243,582255,12,91
582152,582244,582255,11,92
582152,582253,582257,4,101
582152,582244,582256,12,92
582152,582250,582256,6,98
582152,582253,582256,3,101
582152,582255,582257,2,103
582152,582256,582258,2,104
582152,582255,582258,3,103
582152,582254,582257,3,102
582152,582255,582257,2,103
582152,582256,582257,1,104
582152,582257,582258,1,105
582152,582257,582258,1,105
582152,582256,582259,3,104
582152,582256,582259,3,104
582152,582255,582258,3,103
582152,582255,582259,4,103
582152,582257,582259,2,105
582185,582258,582260,2,73
582152,582257,582259,2,105
582185,582258,582259,1,73
582185,582258,582259,1,73
582185,582258,582261,3,73
582185,582259,582260,1,74
582185,582259,582260,1,74
582185,582258,582260,2,73
582185,582259,582261,2,74
582185,582259,582261,2,74
582185,582259,582262,3,74
582185,582259,582265,6,74
582185,582260,582269,9,75
582185,582262,582270,8,77
582185,582261,582270,9,76
582185,582265,582271,6,80
582185,582260,582271,11,75
582185,582262,582271,9,77
582185,582260,582270,10,75
582185,582261,582272,11,76
582185,582260,582272,12,75
582185,582260,582272,12,75
582185,582259,582272,13,74
582185,582261,582272,11,76
582185,582269,582273,4,84
582185,582262,582274,12,77
582185,582262,582274,12,77
582185,582260,582273,13,75
582185,582271,582275,4,86
582185,582271,582275,4,86
582185,582270,582275,5,85
582185,582270,582275,5,85
582185,582271,582276,5,86
582185,582271,582275,4,86
581647,581784,582278,494,137
582185,582272,582279,7,87
582185,582273,582279,6,88
582185,582272,582280,8,87
582185,582276,582280,4,91
582185,582272,582280,8,87
582185,582276,582281,5,91
582185,582275,582281,6,90
582185,582272,582281,9,87
582185,582275,582280,5,90
582185,582274,582281,7,89
582185,582276,582282,6,91
582185,582275,582282,7,90
582185,582275,582281,6,90
582185,582273,582281,8,88
582185,582281,582283,2,96
582185,582275,582282,7,90
582185,582279,582284,5,94
582185,582281,582284,3,96
582185,582279,582285,6,94
582185,582282,582285,3,97
582185,582279,582284,5,94
582185,582281,582285,4,96
582185,582282,582285,3,97
582185,582283,582286,3,98
582185,582280,582286,6,95
582185,582280,582285,5,95
582185,582281,582286,5,96
582185,582283,582285,2,98
582185,582280,582285,5,95
582185,582283,582287,4,98
582185,582285,582287,2,100
582185,582284,582287,3,99
582185,582281,582286,5,96
582185,582283,582286,3,98
582185,582285,582287,2,100
582185,582285,582288,3,100
582185,582286,582288,2,101
582185,582286,582287,1,101
582185,582285,582287,2,100
582218,582287,582289,2,69
582218,582286,582288,2,68
582185,582284,582288,4,99
582185,582285,582288,3,100
582185,582286,582288,2,101
582218,582287,582289,2,69
582218,582287,582289,2,69
582218,582286,582289,3,68
582218,582287,582290,3,69
582218,582288,582289,1,70
582218,582287,582289,2,69
582218,582288,582291,3,70
582218,582288,582290,2,70
582218,582288,582294,6,70
582218,582294,582298,4,76
582218,582292,582298,6,74
582218,582289,582299,10,71
582218,582289,582299,10,71
582218,582291,582300,9,73
582218,582290,582300,10,72
582218,582289,582299,10,71
582218,582289,582300,11,71
582218,582289,582300,11,71
582218,582289,582300,11,71
582218,582289,582300,11,71
582218,582289,582300,11,71
582218,582290,582300,10,72
582218,582299,582302,3,81
582218,582298,582301,3,80
582218,582290,582302,12,72
582218,582290,582302,12,72
581690,581809,582302,493,119
582218,582298,582303,5,80
582218,582300,582303,3,82
582218,582299,582302,3,81
582218,582300,582302,2,82
582218,582300,582305,5,82
582218,582303,582307,4,85
582218,582303,582307,4,85
582218,582302,582308,6,84
582218,582303,582308,5,85
582218,582302,582308,6,84
582218,582302,582308,6,84
582218,582301,582309,8,83
582218,582303,582308,5,85
582218,582301,582310,9,83
582218,582301,582310,9,83
582218,582301,582309,8,83
582218,582301,582310,9,83
582218,582303,582310,7,85
582218,582305,582310,5,87
582218,582301,582311,10,83
582218,582308,582312,4,90
582218,582310,582312,2,92
582218,582304,582312,8,86
582218,582308,582312,4,90
582218,582310,582313,3,92
582218,582309,582312,3,91
582218,582307,582314,7,89
582218,582310,582314,4,92
582218,582310,582314,4,92
582218,582310,582314,4,92
582218,582308,582314,6,90
582218,582312,582314,2,94
582218,582310,582314,4,92
582218,582310,582315,5,92
582218,582311,582314,3,93
582218,582312,582315,3,94
582218,582314,582315,1,96
582218,582312,582316,4,94
582218,582307,582316,9,89
582218,582308,582315,7,90
582218,582312,582316,4,94
582218,582314,582317,3,96
582218,582314,582317,3,96
582242,582315,582317,2,73
582218,582314,582316,2,96
582242,582315,582317,2,73
582218,582313,582316,3,95
582218,582314,582316,2,96
582218,582314,582316,2,96
582242,582314,582318,4,72
582242,582315,582317,2,73
582242,582315,582317,2,73
582242,582316,582318,2,74
582242,582316,582319,3,74
582242,582316,582318,2,74
581714,581833,582318,485,119
582242,582316,582319,3,74
582242,582317,582320,3,75
581903,581943,582323,380,40
582242,582317,582325,8,75
582242,582320,582325,5,78
582242,582320,582326,6,78
582242,582323,582327,4,81
582242,582317,582328,11,75
582242,582317,582327,10,75
582242,582318,582328,10,76
582242,582318,582329,11,76
582242,582318,582329,11,76
582242,582325,582329,4,83
582242,582317,582329,12,75
582242,582325,582328,3,83
582242,582318,582330,12,76
582242,582318,582330,12,76
582242,582319,582329,10,77
582242,582319,582329,10,77
582242,582326,582331,5,84
582242,582318,582330,12,76
582242,582319,582331,12,77
582242,582319,582332,13,77
582242,582330,582335,5,88
582242,582331,582335,4,89
582242,582330,582336,6,88
582242,582332,582336,4,90
582242,582332,582336,4,90
582242,582327,582335,8,85
582242,582328,582336,8,86
582242,582329,582337,8,87
582242,582329,582337,8,87
582242,582329,582338,9,87
582242,582330,582337,7,88
582242,582328,582338,10,86
582242,582329,582338,9,87
582242,582330,582337,7,88
582242,582329,582338,9,87
582242,582333,582339,6,91
582242,582336,582340,4,94
582242,582328,582340,12,86
582242,582335,582340,5,93
582242,582336,582340,4,94
582242,582335,582340,5,93
581957,581989,582340,351,32
582242,582336,582341,5,94
582242,582336,582341,5,94
582242,582337,582342,5,95
582242,582336,582342,6,94
582242,582337,582342,5,95
582242,582338,582342,4,96
582242,582338,582341,3,96
582242,582341,582342,1,99
582242,582340,582342,2,98
582242,582340,582342,2,98
582242,582341,582343,2,99
582242,582338,582342,4,96
582242,582340,582343,3,98
582242,582338,582342,4,96
582242,582341,582343,2,99
582242,582338,582343,5,96
582242,582339,582342,3,97
582242,582338,582342,4,96
582242,582340,582344,4,98
582242,582342,582344,2,100
582242,582342,582344,2,100
582242,582341,582343,2,99
582279,582343,582344,1,64
582242,582342,582345,3,100
582279,582342,582344,2,63
582279,582343,582345,2,64
582242,582342,582344,2,100
582279,582343,582345,2,64
582279,582343,582345,2,64
582279,582343,582345,2,64
582279,582343,582346,3,64
582279,582343,582345,2,64
582279,582343,582345,2,64
582279,582343,582347,4,64
582279,582343,582350,7,64
582279,582346,582351,5,67
582279,582347,582351,4,68
582279,582346,582352,6,67
582279,582344,582354,10,65
581798,581857,582355,498,59
582279,582345,582355,10,66
582279,582345,582355,10,66
582279,582344,582356,12,65
582279,582344,582356,12,65
582279,582344,582356,12,65
582279,582350,582355,5,71
582279,582344,582356,12,65
582279,582345,582355,10,66
582279,582345,582355,10,66
582279,582346,582357,11,67
582279,582351,582358,7,72
582279,582345,582357,12,66
582279,582345,582357,12,66
582279,582345,582357,12,66
582279,582356,582360,4,77
582279,582357,582361,4,78
582279,582358,582362,4,79
582279,582352,582362,10,73
582279,582358,582362,4,79
582279,582351,582363,12,72
582279,582356,582364,8,77
582279,582356,582364,8,77
582279,582354,582364,10,75
582279,582358,582364,6,79
582279,582356,582363,7,77
582279,582358,582364,6,79
582279,582355,582363,8,76
582279,582356,582365,9,77
582279,582356,582364,8,77
582279,582356,582366,10,77
582279,582360,582365,5,81
582279,582355,582366,11,76
582279,582355,582366,11,76
582279,582364,582367,3,85
582279,582362,582366,4,83
582279,582363,582367,4,84
582279,582362,582368,6,83
582279,582362,582368,6,83
582279,582364,582368,4,85
582279,582364,582368,4,85
582279,582361,582367,6,82
582279,582365,582368,3,86
582279,582366,582368,2,87
582279,582367,582369,2,88
582279,582367,582369,2,88
582279,582366,582369,3,87
582279,582367,582370,3,88
582279,582364,582369,5,85
582279,582366,582370,4,87
582279,582364,582369,5,85
582279,582364,582369,5,85
582279,582368,582370,2,89
582279,582365,582369,4,86
582304,582369,582370,1,65
582279,582368,582371,3,89
582279,582365,582371,6,86
582279,582368,582370,2,89
582279,582369,582371,2,90
582279,582366,582370,4,87
582279,582368,582371,3,89
582279,582369,582370,1,90
582304,582369,582371,2,65
582304,582369,582372,3,65
582304,582370,582372,2,66
582304,582370,582372,2,66
582304,582370,582372,2,66
582304,582370,582372,2,66
582304,582370,582372,2,66
582304,582370,582372,2,66
582304,582370,582374,4,66
581834,581884,582375,491,50
582304,582371,582376,5,67
582304,582373,582381,8,69
582304,582371,582382,11,67
582304,582371,582382,11,67
582304,582371,582382,11,67
582304,582371,582382,11,67
582304,582371,582382,11,67
582304,582371,582383,12,67
582304,582374,582382,8,70
582304,582371,582382,11,67
582304,582373,582382,9,69
582304,582372,582384,12,68
582304,582372,582383,11,68
582304,582373,582385,12,69
582304,582373,582385,12,69
582304,582376,582385,9,72
582304,582375,582385,10,71
582304,582373,582386,13,69
582304,582373,582385,12,69
582304,582384,582387,3,80
582304,582385,582388,3,81
582304,582385,582389,4,81
582304,582384,582389,5,80
582304,582385,582390,5,81
582304,582383,582390,7,79
582304,582382,582391,9,78
582304,582385,582391,6,81
582304,582383,582392,9,79
582304,582386,582391,5,82
582304,582382,582392,10,78
582304,582382,582392,10,78
582304,582383,582391,8,79
582304,582381,582393,12,77
582304,582388,582393,5,84
582304,582387,582393,6,83
582304,582382,582392,10,78
582304,582383,582392,9,79
582304,582382,582393,11,78
582304,582386,582393,7,82
582304,582391,582395,4,87
582304,582389,582395,6,85
582304,582390,582395,5,86
582304,582389,582395,6,85
582304,582393,582396,3,89
582304,582391,582396,5,87
582304,582392,582396,4,88
582304,582392,582397,5,88
582304,582392,582397,5,88
582304,582393,582396,3,89
582304,582395,582397,2,91
582304,582393,582397,4,89
582304,582392,582397,5,88
582304,582392,582397,5,88
582304,582393,582396,3,89
582304,582395,582397,2,91
582304,582394,582398,4,90
582304,582392,582397,5,88
582304,582394,582397,3,90
582304,582395,582398,3,91
582304,582393,582397,4,89
582304,582396,582397,1,92
582304,582395,582398,3,91
582304,582396,582399,3,92
582328,582397,582399,2,69
582328,582397,582398,1,69
582304,582396,582399,3,92
582328,582397,582400,3,69
582328,582397,582400,3,69
582328,582397,582399,2,69
582328,582397,582400,3,69
582328,582397,582399,2,69
582304,582397,582399,2,93
582328,582398,582401,3,70
582328,582398,582401,3,70
582328,582398,582404,6,70
581885,581912,582405,493,27
582328,582399,582408,9,71
582328,582398,582409,11,70
582328,582398,582410,12,70
582328,582399,582409,10,71
582328,582399,582411,12,71
582328,582399,582411,12,71
582328,582400,582412,12,72
582328,582400,582412,12,72
582328,582400,582412,12,72
582328,582398,582411,13,70
582328,582400,582412,12,72
582328,582400,582412,12,72
582328,582400,582412,12,72
582328,582401,582412,11,73
582328,582401,582414,13,73
582328,582400,582414,14,72
582328,582405,582416,11,77
582328,582404,582417,13,76
582328,582412,582418,6,84
582328,582413,582418,5,85
582328,582409,582418,9,81
582328,582413,582417,4,85
582328,582414,582419,5,86
582328,582413,582418,5,85
582328,582409,582420,11,81
582328,582412,582420,8,84
582328,582412,582420,8,84
582328,582412,582420,8,84
582328,582412,582420,8,84
582328,582410,582421,11,82
582328,582411,582421,10,83
582328,582411,582421,10,83
582328,582414,582422,8,86
582328,582418,582423,5,90
582328,582411,582423,12,83
582328,582420,582423,3,92
582328,582419,582424,5,91
582328,582417,582424,7,89
582328,582418,582424,6,90
582328,582420,582423,3,92
582328,582422,582425,3,94
582328,582419,582425,6,91
582328,582416,582424,8,88
582328,582418,582424,6,90
582328,582420,582425,5,92
582328,582423,582426,3,95
582328,582420,582425,5,92
582328,582421,582426,5,93
582328,582420,582425,5,92
582328,582418,582427,9,90
582328,582423,582427,4,95
582328,582421,582426,5,93
582328,582424,582427,3,96
582328,582424,582427,3,96
582328,582422,582426,4,94
582328,582423,582426,3,95
582328,582424,582426,2,96
582328,582425,582426,1,97
582328,582424,582428,4,96
582328,582425,582427,2,97
582328,582425,582428,3,97
582328,582425,582427,2,97
582328,582425,582428,3,97
582328,582426,582427,1,98
582328,582426,582429,3,98
582005,582077,582429,352,72
582328,582427,582429,2,99
582328,582426,582428,2,98
582328,582427,582429,2,99
582328,582426,582428,2,98
582328,582427,582429,2,99
582328,582427,582430,3,99
582328,582427,582430,3,99
582328,582427,582430,3,99
582328,582427,582429,2,99
582328,582427,582430,3,99
582328,582430,582433,3,102
582328,582430,582434,4,102
582328,582427,582433,6,99
582328,582431,582435,4,103
582328,582430,582435,5,102
582328,582431,582435,4,103
582328,582433,582435,2,105
582328,582428,582437,9,100
582328,582429,582437,8,101
582328,582428,582438,10,100
582328,582434,582438,4,106
582328,582429,582438,9,101
582328,582434,582437,3,106
582328,582435,582438,3,107
582328,582428,582439,11,100
582328,582429,582439,10,101
582328,582429,582439,10,101
582328,582428,582438,10,100
582328,582429,582440,11,101
582328,582429,582440,11,101
582328,582428,582439,11,100
582328,582435,582440,5,107
582328,582429,582440,11,101
582328,582436,582441,5,108
582328,582429,582440,11,101
582328,582437,582442,5,109
582328,582437,582443,6,109
582328,582439,582443,4,111
582328,582438,582443,5,110
582328,582439,582443,4,111
582328,582439,582444,5,111
582328,582439,582444,5,111
582328,582440,582444,4,112
582328,582438,582443,5,110
582328,582440,582443,3,112
582328,582438,582445,7,110
582328,582438,582444,6,110
582328,582441,582446,5,113
582328,582442,582446,4,114
582328,582443,582446,3,115
582328,582437,582445,8,109
582328,582438,582445,7,110
582328,582441,582447,6,113
582328,582444,582447,3,116
582328,582444,582447,3,116
582328,582440,582446,6,112
582328,582440,582446,6,112
582328,582441,582446,5,113
582328,582445,582448,3,117
582328,582443,582448,5,115
582328,582443,582447,4,115
582328,582444,582447,3,116
582328,582446,582449,3,118
582328,582447,582448,1,119
582328,582446,582448,2,118
582328,582447,582449,2,119
582328,582443,582448,5,115
582328,582446,582449,3,118
582328,582444,582448,4,116
582328,582444,582448,4,116
582328,582446,582448,2,118
582341,582448,582450,2,107
582341,582448,582450,2,107
582328,582447,582449,2,119
582328,582446,582449,3,118
582328,582446,582449,3,118
582341,582448,582450,2,107
582328,582447,582450,3,119
582341,582449,582451,2,108
582341,582449,582450,1,108
582341,582449,582450,1,108
582341,582448,582450,2,107
582341,582449,582450,1,108
582341,582449,582450,1,108
582341,582449,582452,3,108
582341,582451,582454,3,110
582341,582452,582455,3,111
582341,582449,582455,6,108
582341,582451,582455,4,110
582341,582454,582455,1,113
582341,582451,582457,6,110
582341,582449,582457,8,108
582341,582455,582458,3,114
582341,582455,582458,3,114
582341,582456,582459,3,115
582341,582449,582459,10,108
582341,582450,582459,9,109
582341,582451,582460,9,110
582341,582450,582460,10,109
582341,582450,582460,10,109
582341,582456,582459,3,115
582341,582457,582461,4,116
582341,582450,582461,11,109
582341,582450,582460,10,109
582341,582458,582461,3,117
582341,582457,582461,4,116
582341,582451,582460,9,110
582341,582458,582462,4,117
582341,582450,582462,12,109
582341,582459,582462,3,118
582341,582460,582463,3,119
582341,582460,582463,3,119
582341,582459,582463,4,118
582341,582460,582462,2,119
582341,582460,582464,4,119
582341,582459,582463,4,118
582341,582451,582464,13,110
582341,582461,582465,4,120
582341,582451,582464,13,110
582341,582462,582466,4,121
582341,582461,582466,5,120
582341,582461,582466,5,120
582341,582461,582466,5,120
582341,582462,582466,4,121
582341,582462,582465,3,121
582341,582464,582466,2,123
582341,582463,582467,4,122
582341,582463,582467,4,122
582341,582463,582467,4,122
582341,582461,582466,5,120
582341,582464,582468,4,123
582341,582462,582467,5,121
582341,582466,582468,2,125
582341,582467,582469,2,126
582341,582465,582469,4,124
582341,582466,582469,3,125
582341,582464,582468,4,123
582341,582467,582469,2,126
582341,582466,582469,3,125
582341,582466,582468,2,125
582341,582465,582469,4,124
582341,582467,582470,3,126
582341,582466,582470,4,125
582341,582466,582469,3,125
582341,582467,582470,3,126
582341,582466,582469,3,125
582341,582464,582469,5,123
582341,582468,582470,2,127
582341,582468,582471,3,127
582341,582468,582470,2,127
582355,582470,582472,2,115
582355,582469,582472,3,114
582355,582469,582472,3,114
582355,582469,582472,3,114
582355,582469,582472,3,114
582355,582469,582471,2,114
582355,582470,582473,3,115
582355,582469,582472,3,114
582355,582470,582473,3,115
582355,582470,582476,6,115
582355,582470,582481,11,115
582355,582471,582481,10,116
582355,582470,582482,12,115
582355,582470,582482,12,115
582355,582471,582483,12,116
582355,582472,582483,11,117
582355,582470,582483,13,115
582355,582472,582483,11,117
582355,582472,582484,12,117
582355,582472,582484,12,117
582355,582472,582484,12,117
582355,582472,582485,13,117
582355,582473,582485,12,118
582355,582473,582485,12,118
582355,582476,582487,11,121
582355,582474,582486,12,119
582355,582484,582490,6,129
582355,582484,582490,6,129
582355,582485,582491,6,130
582355,582487,582491,4,132
582355,582486,582491,5,131
582355,582485,582490,5,130
582355,582481,582492,11,126
582355,582484,582492,8,129
582355,582481,582492,11,126
582355,582482,582492,10,127
582355,582487,582492,5,132
582355,582483,582492,9,128
582355,582482,582494,12,127
582355,582483,582493,10,128
582355,582483,582495,12,128
582355,582483,582494,11,128
582355,582490,582496,6,135
582355,582492,582496,4,137
582355,582491,582497,6,136
582355,582493,582497,4,138
582355,582490,582497,7,135
582355,582491,582498,7,136
582355,582493,582498,5,138
582355,582492,582497,5,137
582355,582492,582498,6,137
582355,582491,582499,8,136
582355,582491,582499,8,136
582355,582494,582498,4,139
582355,582497,582500,3,142
582355,582495,582500,5,140
582355,582496,582500,4,141
582355,582493,582499,6,138
582355,582495,582499,4,140
582355,582498,582501,3,143
582355,582496,582501,5,141
582355,582497,582501,4,142
582355,582496,582500,4,141
582355,582498,582501,3,143
582355,582498,582500,2,143
582355,582500,582502,2,145
582355,582499,582502,3,144
582355,582500,582502,2,145
582355,582498,582502,4,143
582355,582497,582501,4,142
582355,582499,582501,2,144
582355,582500,582503,3,145
582355,582500,582503,3,145
582355,582499,582502,3,144
582382,582501,582504,3,119
582355,582500,582503,3,145
582382,582501,582504,3,119
582382,582502,582504,2,120
582382,582501,582505,4,119
582382,582501,582505,4,119
582382,582502,582504,2,120
582382,582501,582505,4,119
582382,582502,582505,3,120
582382,582502,582507,5,120
582382,582502,582509,7,120
581958,582019,582511,492,61
582382,582504,582514,10,122
582382,582502,582514,12,120
582382,582503,582515,12,121
582382,582504,582515,11,122
582382,582503,582515,12,121
582382,582505,582516,11,123
582382,582504,582516,12,122
582382,582505,582516,11,123
582382,582505,582517,12,123
582382,582503,582517,14,121
582382,582504,582516,12,122
582382,582506,582518,12,124
582382,582506,582519,13,124
582382,582507,582519,12,125
582382,582509,582521,12,127
582039,582166,582523,357,127
582382,582511,582523,12,129
582382,582519,582524,5,137
582382,582514,582525,11,132
582382,582515,582525,10,133
582382,582518,582525,7,136
582382,582517,582525,8,135
582382,582519,582524,5,137
582382,582521,582526,5,139
582382,582514,582526,12,132
582382,582516,582526,10,134
582382,582523,582526,3,141
582382,582515,582527,12,133
582382,582517,582527,10,135
582382,582517,582527,10,135
582382,582516,582527,11,134
582382,582515,582527,12,133
582382,582516,582529,13,134
582382,582523,582529,6,141
582382,582525,582530,5,143
582382,582526,582530,4,144
582382,582527,582531,4,145
582382,582525,582531,6,143
582382,582526,582531,5,144
582382,582525,582531,6,143
582382,582527,582531,4,145
582382,582524,582530,6,142
582382,582525,582530,5,143
582382,582528,582532,4,146
582382,582527,582532,5,145
582382,582527,582531,4,145
582382,582530,582532,2,148
582382,582527,582532,5,145
582382,582529,582532,3,147
582382,582529,582533,4,147
582382,582528,582532,4,146
582382,582530,582533,3,148
582382,582531,582533,2,149
582382,582531,582532,1,149
582382,582525,582532,7,143
582382,582531,582532,1,149
582382,582532,582534,2,150
582382,582531,582534,3,149
582382,582531,582533,2,149
582382,582531,582533,2,149
582382,582532,582534,2,150
582382,582532,582535,3,150
582382,582532,582535,3,150
582382,582532,582534,2,150
582382,582531,582534,3,149
582411,582533,582536,3,122
582411,582534,582536,2,123
582382,582532,582535,3,150
582411,582534,582536,2,123
582411,582533,582535,2,122
582411,582534,582535,1,123
582411,582534,582537,3,123
582411,582533,582536,3,122
582411,582533,582536,3,122
582411,582534,582538,4,123
582411,582534,582540,6,123
582411,582535,582545,10,124
582411,582540,582545,5,129
582411,582538,582546,8,127
582411,582536,582546,10,125
582411,582537,582546,9,126
582411,582537,582547,10,126
582411,582535,582547,12,124
582411,582535,582547,12,124
582411,582536,582547,11,125
582411,582537,582548,11,126
582411,582535,582547,12,124
582411,582536,582548,12,125
582411,582537,582549,12,126
582411,582535,582549,14,124
582411,582536,582549,13,125
582411,582537,582549,12,126
582411,582545,582551,6,134
582411,582545,582552,7,134
582411,582551,582555,4,140
582411,582547,582555,8,136
582411,582549,582555,6,138
582411,582551,582556,5,140
582411,582548,582555,7,137
582411,582551,582556,5,140
582411,582548,582556,8,137
582411,582548,582556,8,137
582411,582549,582556,7,138
582411,582547,582557,10,136
582411,582547,582557,10,136
582411,582546,582556,10,135
582411,582546,582556,10,135
582411,582547,582556,9,136
582411,582546,582556,10,135
582411,582556,582559,3,145
582411,582555,582560,5,144
582411,582557,582561,4,146
582411,582557,582560,3,146
582411,582555,582561,6,144
582411,582557,582561,4,146
582411,582557,582561,4,146
582411,582555,582561,6,144
582411,582552,582562,10,141
582411,582557,582562,5,146
582411,582556,582562,6,145
582411,582556,582561,5,145
582411,582556,582561,5,145
582411,582556,582561,5,145
582411,582556,582563,7,145
582411,582560,582563,3,149
582411,582561,582562,1,150
582411,582561,582562,1,150
582411,582557,582562,5,146
582411,582562,582564,2,151
582411,582561,582564,3,150
582411,582561,582564,3,150
582411,582560,582563,3,149
582411,582562,582563,1,151
582411,582563,582565,2,152
582439,582563,582564,1,124
582411,582561,582564,3,150
582411,582562,582565,3,151
582411,582561,582565,4,150
582411,582562,582565,3,151
582439,582563,582565,2,124
582411,582562,582565,3,151
582411,582562,582564,2,151
582439,582564,582566,2,125
582411,582563,582565,2,152
582439,582564,582567,3,125
582439,582564,582566,2,125
582439,582565,582566,1,126
582439,582565,582566,1,126
582439,582565,582566,1,126
582439,582564,582566,2,125
582439,582565,582568,3,126
582439,582565,582571,6,126
582439,582568,582571,3,129
582439,582568,582573,5,129
582439,582565,582574,9,126
582439,582571,582573,2,132
582439,582572,582574,2,133
582439,582565,582574,9,126
582439,582565,582575,10,126
582439,582574,582575,1,135
582439,582567,582575,8,128
582439,582574,582576,2,135
582439,582567,582576,9,128
582439,582566,582576,10,127
582439,582565,582577,12,126
582439,582567,582577,10,128
582439,582574,582577,3,135
582439,582565,582577,12,126
582439,582567,582578,11,128
582439,582566,582577,11,127
582439,582574,582577,3,135
582439,582575,582578,3,136
582439,582576,582579,3,137
582439,582567,582579,12,128
582439,582574,582578,4,135
582004,582076,582579,503,72
582439,582575,582578,3,136
582439,582576,582580,4,137
582439,582575,582579,4,136
582439,582577,582580,3,138
582439,582576,582580,4,137
582439,582577,582581,4,138
582439,582577,582581,4,138
582439,582578,582581,3,139
582439,582578,582582,4,139
582439,582578,582582,4,139
582439,582579,582582,3,140
582439,582580,582583,3,141
582439,582578,582582,4,139
582439,582578,582582,4,139
582439,582580,582584,4,141
582439,582579,582584,5,140
582439,582579,582584,5,140
582439,582581,582584,3,142
582439,582581,582584,3,142
582439,582581,582585,4,142
582439,582579,582584,5,140
582439,582580,582584,4,141
582439,582579,582584,5,140
582439,582580,582585,5,141
582439,582583,582586,3,144
582439,582582,582585,3,143
582439,582582,582586,4,143
582439,582582,582586,4,143
582439,582584,582586,2,145
582439,582583,582586,3,144
582439,582585,582587,2,146
582439,582584,582587,3,145
582439,582584,582587,3,145
582439,582585,582588,3,146
582439,582586,582587,1,147
582514,582586,582588,2,72
582439,582585,582587,2,146
582439,582583,582587,4,144
582439,582584,582587,3,145
582514,582587,582589,2,73
582439,582585,582589,4,146
582514,582586,582588,2,72
582439,582584,582588,4,145
582439,582585,582588,3,146
582514,582587,582588,1,73
582514,582587,582590,3,73
582514,582587,582589,2,73
582514,582588,582590,2,74
582514,582588,582589,1,74
582514,582588,582591,3,74
582514,582588,582590,2,74
582514,582588,582594,6,74
582514,582591,582594,3,77
582514,582591,582596,5,77
582514,582594,582596,2,80
582514,582594,582597,3,80
582514,582589,582597,8,75
582019,582107,582598,491,88
582514,582596,582598,2,82
582514,582589,582598,9,75
582514,582596,582598,2,82
582514,582589,582599,10,75
582514,582589,582599,10,75
582514,582590,582599,9,76
582514,582590,582599,9,76
582514,582589,582600,11,75
582514,582590,582600,10,76
582514,582589,582600,11,75
582514,582590,582600,10,76
582514,582589,582600,11,75
582514,582597,582599,2,83
582514,582589,582601,12,75
582514,582597,582600,3,83
582514,582598,582602,4,84
582514,582599,582602,3,85
582514,582598,582602,4,84
582514,582598,582601,3,84
582514,582599,582603,4,85
582514,582599,582603,4,85
582514,582600,582603,3,86
582514,582598,582602,4,84
582514,582600,582603,3,86
582514,582600,582604,4,86
582514,582600,582604,4,86
582514,582599,582603,4,85
582514,582602,582605,3,88
582514,582602,582605,3,88
582514,582600,582606,6,86
582514,582601,582606,5,87
582514,582601,582606,5,87
582514,582601,582605,4,87
582514,582602,582607,5,88
582514,582603,582607,4,89
582514,582602,582607,5,88
582514,582603,582607,4,89
582514,582603,582608,5,89
582514,582604,582607,3,90
582514,582603,582607,4,89
582514,582605,582609,4,91
582514,582604,582608,4,90
582514,582605,582609,4,91
582514,582605,582609,4,91
582514,582605,582609,4,91
582514,582607,582610,3,93
582514,582606,582610,4,92
582514,582606,582610,4,92
582514,582607,582610,3,93
582514,582607,582610,3,93
582514,582606,582610,4,92
582523,582609,582611,2,86
582514,582606,582610,4,92
582514,582609,582611,2,95
582514,582608,582612,4,94
582514,582608,582611,3,94
582514,582608,582611,3,94
582514,582608,582611,3,94
582523,582610,582612,2,87
582514,582609,582612,3,95
582514,582609,582611,2,95
582523,582610,582612,2,87
582523,582610,582612,2,87
582523,582610,582613,3,87
582523,582610,582612,2,87
582523,582611,582612,1,88
582523,582610,582612,2,87
582523,582611,582614,3,88
582523,582611,582613,2,88
582523,582615,582619,4,92
582523,582612,582619,7,89
582523,582614,582620,6,91
582523,582612,582621,9,89
582523,582620,582622,2,97
582523,582619,582622,3,96
582523,582612,582622,10,89
582523,582619,582622,3,96
582523,582613,582622,9,90
582523,582613,582623,10,90
582523,582613,582623,10,90
582523,582613,582623,10,90
582523,582612,582624,12,89
582523,582612,582623,11,89
582523,582612,582623,11,89
582523,582612,582623,11,89
582523,582622,582624,2,99
582523,582621,582624,3,98
582523,582613,582624,11,90
582523,582622,582625,3,99
582523,582612,582624,12,89
582523,582622,582626,4,99
582523,582622,582626,4,99
582523,582622,582625,3,99
582523,582624,582627,3,101
582523,582623,582627,4,100
582523,582624,582627,3,101
582523,582624,582627,3,101
582523,582623,582627,4,100
582523,582625,582628,3,102
582523,582623,582627,4,100
582523,582624,582627,3,101
582523,582625,582630,5,102
582523,582624,582631,7,101
582523,582625,582631,6,102
582523,582628,582631,3,105
582523,582627,582631,4,104
582523,582627,582631,4,104
582523,582627,582632,5,104
582523,582625,582631,6,102
582523,582626,582632,6,103
582523,582628,582631,3,105
582523,582627,582632,5,104
582523,582628,582632,4,105
582523,582626,582633,7,103
582523,582630,582633,3,107
582523,582631,582633,2,108
582523,582626,582632,6,103
582523,582628,582632,4,105
582523,582631,582633,2,108
582523,582631,582634,3,108
582523,582631,582633,2,108
582523,582632,582635,3,109
582523,582633,582635,2,110
582523,582633,582635,2,110
582523,582633,582634,1,110
582523,582633,582634,1,110
582523,582632,582635,3,109
582523,582633,582636,3,110
582523,582632,582636,4,109
582523,582632,582636,4,109
582523,582632,582635,3,109
582523,582633,582636,3,110
582523,582633,582635,2,110
582523,582633,582636,3,110
582580,582635,582637,2,55
582580,582635,582636,1,55
582580,582635,582637,2,55
582580,582635,582638,3,55
582580,582635,582637,2,55
582580,582636,582638,2,56
582580,582636,582637,1,56
582580,582636,582639,3,56
582580,582636,582638,2,56
582580,582636,582638,2,56
582034,582139,582638,499,105
582580,582636,582643,7,56
582580,582639,582643,4,59
582580,582639,582646,7,59
582580,582636,582646,10,56
582580,582643,582646,3,63
582580,582638,582647,9,58
582580,582638,582647,9,58
582580,582636,582647,11,56
582580,582643,582647,4,63
582580,582637,582647,10,57
582580,582638,582648,10,58
582580,582638,582648,10,58
582580,582646,582648,2,66
582580,582637,582647,10,57
582580,582637,582648,11,57
582580,582646,582649,3,66
582580,582647,582649,2,67
582580,582646,582649,3,66
582580,582637,582648,11,57
582580,582639,582648,9,59
582580,582639,582649,10,59
582580,582647,582650,3,67
582580,582649,582651,2,69
582580,582648,582651,3,68
582580,582647,582651,4,67
582580,582648,582651,3,68
582580,582648,582651,3,68
582580,582647,582650,3,67
582580,582648,582652,4,68
582580,582648,582652,4,68
582580,582648,582652,4,68
582580,582649,582652,3,69
582580,582650,582653,3,70
582580,582649,582654,5,69
582580,582649,582653,4,69
582580,582649,582654,5,69
582580,582649,582655,6,69
582580,582651,582655,4,71
582580,582651,582654,3,71
582580,582651,582656,5,71
582580,582652,582655,3,72
582580,582651,582656,5,71
582580,582651,582655,4,71
582580,582652,582655,3,72
582580,582653,582656,3,73
582580,582651,582656,5,71
582580,582652,582657,5,72
582580,582652,582657,5,72
582580,582654,582658,4,74
582580,582656,582658,2,76
582580,582656,582658,2,76
582580,582656,582658,2,76
582580,582655,582658,3,75
582580,582656,582659,3,76
582580,582655,582659,4,75
582580,582656,582659,3,76
582580,582654,582658,4,74
582580,582658,582660,2,78
582580,582657,582660,3,77
582580,582654,582659,5,74
582580,582656,582659,3,76
582600,582658,582660,2,58
582580,582656,582659,3,76
582580,582658,582661,3,78
582600,582659,582661,2,59
582600,582659,582661,2,59
582600,582658,582660,2,58
582600,582659,582662,3,59
582600,582659,582662,3,59
582580,582658,582661,3,78
582580,582657,582661,4,77
582600,582660,582661,1,60
582600,582660,582663,3,60
582600,582660,582662,2,60
582600,582660,582663,3,60
582600,582660,582666,6,60
582600,582660,582669,9,60
582600,582663,582670,7,63
582600,582666,582670,4,66
582600,582661,582671,10,61
582600,582662,582672,10,62
582600,582662,582671,9,62
582600,582670,582672,2,70
582600,582670,582672,2,70
582600,582662,582672,10,62
582600,582662,582671,9,62
582600,582661,582673,12,61
582600,582669,582672,3,69
582600,582663,582673,10,63
582600,582661,582672,11,61
582600,582671,582674,3,71
582600,582672,582674,2,72
582600,582661,582674,13,61
582600,582663,582674,11,63
582600,582662,582675,13,62
582600,582672,582675,3,72
582600,582672,582676,4,72
582600,582672,582676,4,72
582600,582672,582676,4,72
582600,582672,582675,3,72
582600,582674,582677,3,74
582600,582674,582677,3,74
582600,582673,582676,3,73
582600,582673,582676,3,73
582600,582673,582677,4,73
582600,582674,582677,3,74
582600,582674,582679,5,74
582600,582675,582679,4,75
582600,582675,582680,5,75
582600,582677,582681,4,77
582600,582675,582681,6,75
582600,582677,582681,4,77
582600,582677,582682,5,77
582600,582676,582682,6,76
582600,582678,582682,4,78
582600,582676,582682,6,76
582219,582314,582681,367,95
582600,582677,582683,6,77
582600,582676,582682,6,76
582600,582677,582683,6,77
582600,582681,582683,2,81
582600,582679,582683,4,79
582600,582676,582682,6,76
582600,582679,582682,3,79
582600,582680,582683,3,80
582053,582200,582683,483,147
582600,582682,582685,3,82
582600,582681,582685,4,81
582600,582682,582685,3,82
582600,582683,582685,2,83
582600,582683,582686,3,83
582600,582682,582685,3,82
582600,582683,582686,3,83
582600,582682,582686,4,82
582600,582682,582685,3,82
582600,582684,582686,2,84
582647,582685,582687,2,38
582600,582682,582686,4,82
582600,582683,582686,3,83
582600,582683,582686,3,83
582600,582684,582686,2,84
582647,582685,582687,2,38
582600,582683,582686,3,83
582600,582683,582686,3,83
582647,582685,582688,3,38
582647,582686,582688,2,39
582647,582686,582688,2,39
582647,582686,582688,2,39
582647,582686,582687,1,39
582647,582687,582689,2,40
582647,582686,582688,2,39
582647,582686,582688,2,39
582647,582687,582693,6,40
582647,582689,582694,5,42
582647,582693,582696,3,46
582647,582694,582696,2,47
582647,582689,582697,8,42
582647,582687,582696,9,40
582647,582688,582698,10,41
582647,582689,582698,9,42
582647,582687,582698,11,40
582647,582688,582698,10,41
582647,582688,582698,10,41
582647,582696,582699,3,49
582647,582687,582699,12,40
582647,582687,582699,12,40
582647,582696,582699,3,49
582647,582688,582700,12,41
582647,582697,582700,3,50
582647,582687,582699,12,40
582647,582687,582701,14,40
582647,582688,582700,12,41
582647,582698,582701,3,51
582647,582699,582702,3,52
582647,582698,582702,4,51
582647,582698,582701,3,51
582647,582699,582702,3,52
582647,582699,582703,4,52
582647,582698,582702,4,51
582647,582700,582703,3,53
582647,582698,582702,4,51
582647,582698,582702,4,51
582647,582699,582702,3,52
582647,582700,582704,4,53
582647,582700,582704,4,53
582647,582701,582706,5,54
582647,582703,582707,4,56
582647,582704,582707,3,57
582647,582703,582707,4,56
582647,582703,582707,4,56
582647,582704,582707,3,57
582647,582704,582707,3,57
582647,582701,582708,7,54
582647,582702,582707,5,55
582647,582703,582708,5,56
582647,582703,582709,6,56
582647,582701,582708,7,54
582647,582706,582709,3,59
582647,582702,582708,6,55
582647,582702,582708,6,55
582647,582707,582710,3,60
582647,582702,582709,7,55
582647,582707,582710,3,60
582647,582708,582711,3,61
582647,582708,582711,3,61
582647,582708,582710,2,61
582647,582710,582711,1,63
582647,582708,582710,2,61
582647,582707,582710,3,60
582647,582708,582710,2,61
582647,582707,582711,4,60
582647,582709,582712,3,62
582647,582709,582712,3,62
582647,582709,582711,2,62
582647,582709,582711,2,62
582647,582709,582713,4,62
582683,582711,582713,2,28
582243,582342,582713,371,99
582683,582711,582713,2,28
582647,582710,582712,2,63
582683,582711,582713,2,28
582683,582711,582713,2,28
582683,582711,582714,3,28
582683,582712,582714,2,29
582683,582712,582714,2,29
582683,582712,582714,2,29
582683,582712,582714,2,29
582683,582712,582717,5,29
582091,582229,582717,488,138
582683,582713,582723,10,30
582683,582713,582723,10,30
582683,582717,582723,6,34
582683,582718,582723,5,35
582683,582714,582723,9,31
582683,582713,582725,12,30
582683,582713,582725,12,30
582683,582713,582725,12,30
582683,582715,582725,10,32
582683,582723,582726,3,40
582683,582715,582725,10,32
582683,582715,582727,12,32
582683,582713,582727,14,30
582683,582715,582727,12,32
582683,582713,582727,14,30
582683,582723,582727,4,40
582683,582714,582726,12,31
582683,582723,582728,5,40
582683,582725,582727,2,42
582683,582715,582727,12,32
582683,582725,582729,4,42
582683,582725,582729,4,42
582683,582725,582728,3,42
582683,582726,582729,3,43
582683,582724,582730,6,41
582683,582725,582729,4,42
582683,582727,582730,3,44
582683,582727,582731,4,44
582683,582727,582733,6,44
582280,582369,582733,364,89
582683,582727,582733,6,44
582683,582729,582734,5,46
582683,582730,582734,4,47
582683,582729,582734,5,46
582683,582728,582734,6,45
582683,582727,582735,8,44
582683,582728,582735,7,45
582683,582729,582734,5,46
582683,582733,582735,2,50
582683,582729,582734,5,46
582683,582731,582735,4,48
582683,582730,582734,4,47
582683,582729,582734,5,46
582683,582729,582735,6,46
582683,582730,582735,5,47
582683,582733,582736,3,50
582683,582735,582737,2,52
582683,582734,582737,3,51
582683,582733,582737,4,50
582683,582734,582737,3,51
582683,582734,582737,3,51
582683,582735,582738,3,52
582683,582734,582738,4,51
582683,582736,582738,2,53
582683,582736,582739,3,53
582683,582727,582739,12,44
582683,582735,582738,3,52
582683,582735,582738,3,52
582683,582735,582738,3,52
582683,582736,582738,2,53
582683,582737,582738,1,54
582683,582737,582740,3,54
582683,582735,582740,5,52
582684,582738,582739,1,54
582683,582737,582740,3,54
582683,582736,582739,3,53
582683,582737,582739,2,54
582684,582738,582740,2,54
582684,582738,582740,2,54
582684,582739,582741,2,55
582684,582738,582740,2,54
582684,582739,582740,1,55
582684,582739,582742,3,55
582684,582739,582742,3,55
582684,582739,582741,2,55
582684,582739,582741,2,55
582684,582739,582745,6,55
582684,582743,582746,3,59
582684,582745,582747,2,61
582684,582742,582748,6,58
582684,582746,582749,3,62
582684,582742,582748,6,58
582684,582741,582750,9,57
582684,582747,582750,3,63
582684,582740,582750,10,56
582684,582740,582751,11,56
582684,582741,582751,10,57
582684,582740,582751,11,56
582684,582741,582752,11,57
582684,582740,582751,11,56
582684,582749,582752,3,65
582684,582741,582753,12,57
582684,582740,582753,13,56
582684,582741,582753,12,57
582684,582742,582753,11,58
582684,582750,582753,3,66
582684,582750,582752,2,66
582684,582748,582752,4,64
582684,582749,582754,5,65
582684,582751,582754,3,67
582684,582750,582755,5,66
582684,582752,582755,3,68
582684,582751,582754,3,67
582684,582752,582755,3,68
582684,582751,582754,3,67
582684,582741,582756,15,57
582152,582258,582756,498,106
582684,582752,582755,3,68
582684,582753,582758,5,69
582684,582753,582758,5,69
582684,582753,582759,6,69
582684,582755,582759,4,71
582684,582755,582759,4,71
582684,582753,582759,6,69
582684,582755,582759,4,71
582684,582756,582760,4,72
582684,582754,582760,6,70
582684,582754,582759,5,70
582684,582755,582760,5,71
582684,582756,582760,4,72
582684,582755,582759,4,71
582684,582755,582759,4,71
582684,582758,582761,3,74
582684,582759,582761,2,75
582684,582756,582760,4,72
582684,582753,582760,7,69
582684,582753,582760,7,69
582684,582758,582760,2,74
582684,582760,582763,3,76
582684,582759,582762,3,75
582684,582761,582763,2,77
582684,582760,582763,3,76
582684,582760,582762,2,76
582684,582760,582763,3,76
582684,582760,582762,2,76
582684,582761,582762,1,77
582684,582760,582762,2,76
582684,582761,582762,1,77
582684,582759,582763,4,75
582684,582760,582763,3,76
582684,582759,582763,4,75
582684,582760,582763,3,76
582713,582761,582765,4,48
582713,582763,582765,2,50
582713,582761,582764,3,48
582713,582763,582765,2,50
582713,582763,582766,3,50
582713,582763,582766,3,50
582713,582763,582765,2,50
582713,582763,582766,3,50
582713,582763,582767,4,50
582713,582763,582766,3,50
582713,582763,582770,7,50
582713,582763,582774,11,50
582713,582763,582776,13,50
582713,582765,582776,11,52
582713,582764,582776,12,51
582713,582764,582776,12,51
582713,582764,582776,12,51
582713,582765,582777,12,52
582713,582765,582777,12,52
582713,582766,582778,12,53
582713,582767,582777,10,54
582713,582766,582778,12,53
582713,582766,582778,12,53
582713,582766,582779,13,53
582713,582767,582778,11,54
582713,582767,582780,13,54
582713,582770,582780,10,57
582186,582286,582781,495,100
582713,582775,582786,11,62
582713,582780,582786,6,67
582713,582776,582786,10,63
582713,582781,582787,6,68
582713,582780,582787,7,67
582713,582776,582787,11,63
582713,582777,582788,11,64
582713,582779,582788,9,66
582713,582776,582788,12,63
582713,582777,582788,11,64
582713,582778,582789,11,65
582713,582776,582788,12,63
582713,582778,582789,11,65
582713,582778,582789,11,65
582713,582776,582788,12,63
582713,582778,582790,12,65
582713,582781,582790,9,68
582713,582789,582791,2,76
582713,582787,582792,5,74
582713,582789,582792,3,76
582713,582790,582793,3,77
582713,582790,582793,3,77
582713,582786,582792,6,73
582713,582789,582793,4,76
582713,582788,582794,6,75
582713,582786,582793,7,73
582713,582789,582793,4,76
582713,582786,582794,8,73
582713,582792,582794,2,79
582713,582789,582794,5,76
582713,582792,582794,2,79
582713,582787,582795,8,74
582713,582788,582795,7,75
582713,582788,582794,6,75
582713,582793,582795,2,80
582713,582788,582794,6,75
582713,582787,582794,7,74
582713,582794,582796,2,81
582713,582792,582795,3,79
582713,582793,582796,3,80
582713,582793,582796,3,80
582713,582794,582796,2,81
582713,582794,582797,3,81
582713,582794,582797,3,81
582724,582795,582797,2,71
582713,582794,582797,3,81
582713,582794,582797,3,81
582713,582795,582796,1,82
582724,582796,582797,1,72
582713,582793,582796,3,80
582724,582795,582798,3,71
582724,582795,582797,2,71
582724,582795,582797,2,71
582724,582795,582797,2,71
582724,582796,582799,3,72
582724,582796,582799,3,72
582724,582796,582798,2,72
582724,582796,582799,3,72
582724,582797,582803,6,73
582724,582800,582803,3,76
582724,582800,582804,4,76
582724,582797,582805,8,73
582724,582803,582806,3,79
582724,582803,582806,3,79
582724,582797,582807,10,73
582724,582797,582807,10,73
582724,582797,582807,10,73
582724,582799,582807,8,75
582724,582797,582808,11,73
582724,582799,582808,9,75
582724,582804,582809,5,80
582724,582798,582809,11,74
582724,582797,582809,12,73
582724,582805,582809,4,81
582724,582799,582808,9,75
582724,582797,582809,12,73
582724,582807,582810,3,83
582724,582798,582810,12,74
582724,582798,582809,11,74
582724,582806,582809,3,82
582724,582807,582811,4,83
582724,582807,582811,4,83
582724,582807,582811,4,83
582724,582806,582810,4,82
582724,582809,582812,3,85
582724,582808,582811,3,84
582724,582808,582811,3,84
582724,582809,582813,4,85
582724,582809,582814,5,85
582724,582809,582815,6,85
582724,582812,582815,3,88
582724,582810,582816,6,86
582724,582811,582816,5,87
582724,582813,582816,3,89
582724,582812,582816,4,88
582724,582811,582816,5,87
582724,582810,582815,5,86
582724,582810,582815,5,86
582724,582812,582816,4,88
582724,582815,582817,2,91
582724,582811,582817,6,87
582724,582815,582817,2,91
582724,582810,582816,6,86
582724,582809,582816,7,85
582724,582811,582817,6,87
582724,582810,582817,7,86
582724,582814,582817,3,90
582724,582816,582819,3,92
582724,582816,582819,3,92
582724,582816,582819,3,92
582724,582816,582819,3,92
582724,582816,582819,3,92
582724,582816,582820,4,92
582724,582817,582820,3,93
582724,582816,582820,4,92
582724,582817,582819,2,93
582724,582817,582819,2,93
582724,582817,582820,3,93
582724,582816,582821,5,92
582724,582817,582820,3,93
582724,582817,582820,3,93
582724,582817,582820,3,93
582733,582819,582821,2,86
582724,582818,582820,2,94
582733,582819,582822,3,86
582733,582819,582822,3,86
582733,582819,582822,3,86
582733,582820,582822,2,87
582733,582820,582823,3,87
582733,582820,582822,2,87
582733,582820,582823,3,87
582733,582820,582822,2,87
582733,582820,582826,6,87
582733,582821,582830,9,88
582733,582821,582832,11,88
582733,582822,582833,11,89
582733,582821,582833,12,88
582733,582822,582833,11,89
582733,582822,582833,11,89
582733,582823,582834,11,90
582733,582822,582834,12,89
582733,582821,582833,12,88
582733,582822,582834,12,89
582733,582821,582834,13,88
582341,582469,582836,367,128
582733,582823,582835,12,90
582733,582824,582835,11,91
582733,582823,582835,12,90
582733,582826,582840,14,93
582733,582833,582842,9,100
582733,582830,582843,13,97
582733,582832,582843,11,99
582733,582833,582843,10,100
582733,582836,582843,7,103
582733,582834,582844,10,101
582733,582836,582844,8,103
582733,582834,582844,10,101
582733,582833,582844,11,100
582733,582834,582845,11,101
582733,582834,582845,11,101
582733,582836,582846,10,103
582733,582833,582845,12,100
582733,582834,582845,11,101
582733,582836,582847,11,103
582733,582842,582848,6,109
582733,582843,582848,5,110
582733,582843,582848,5,110
582733,582843,582849,6,110
582733,582843,582849,6,110
582733,582840,582848,8,107
582733,582845,582850,5,112
582733,582846,582850,4,113
582733,582844,582850,6,111
582733,582844,582850,6,111
582733,582848,582851,3,115
582733,582848,582851,3,115
582733,582845,582851,6,112
582733,582846,582851,5,113
582733,582847,582852,5,114
582733,582844,582852,8,111
582733,582849,582852,3,116
582733,582844,582852,8,111
582733,582849,582852,3,116
582733,582848,582852,4,115
582733,582851,582853,2,118
582733,582851,582853,2,118
582733,582850,582853,3,117
582733,582850,582852,2,117
582733,582851,582854,3,118
582733,582846,582853,7,113
582733,582850,582854,4,117
582733,582850,582853,3,117
582733,582850,582853,3,117
582733,582851,582855,4,118
582733,582852,582854,2,119
582756,582853,582855,2,97
582733,582852,582855,3,119
582733,582852,582854,2,119
582733,582852,582854,2,119
582756,582853,582854,1,97
582756,582854,582856,2,98
582756,582854,582856,2,98
582733,582852,582855,3,119
582756,582854,582856,2,98
582756,582853,582856,3,97
582756,582854,582856,2,98
582756,582854,582857,3,98
582756,582854,582856,2,98
582756,582855,582858,3,99
582756,582855,582862,7,99
582756,582855,582864,9,99
582756,582856,582864,8,100
582756,582858,582863,5,102
582756,582856,582865,9,100
582756,582857,582864,7,101
582756,582862,582865,3,106
582756,582856,582866,10,100
582756,582855,582866,11,99
582756,582856,582866,10,100
582756,582855,582867,12,99
582756,582856,582867,11,100
582756,582856,582867,11,100
582756,582864,582867,3,108
582756,582864,582866,2,108
582756,582857,582868,11,101
582756,582855,582867,12,99
582756,582865,582868,3,109
582756,582856,582868,12,100
582756,582866,582869,3,110
582756,582864,582869,5,108
582756,582867,582870,3,111
582756,582867,582870,3,111
582756,582865,582870,5,109
582756,582865,582869,4,109
582756,582867,582870,3,111
582756,582866,582870,4,110
582756,582867,582871,4,111
582756,582867,582871,4,111
582756,582866,582870,4,110
582756,582868,582873,5,112
582756,582871,582873,2,115
582756,582871,582874,3,115
582756,582868,582874,6,112
582756,582870,582874,4,114
582756,582868,582874,6,112
582756,582869,582875,6,113
582756,582870,582875,5,114
582756,582868,582875,7,112
582756,582871,582875,4,115
582756,582869,582875,6,113
582756,582870,582874,4,114
582756,582873,582876,3,117
582756,582870,582876,6,114
582756,582870,582875,5,114
582756,582873,582877,4,117
582756,582870,582876,6,114
582756,582874,582876,2,118
582756,582874,582877,3,118
582756,582874,582877,3,118
582756,582875,582878,3,119
582756,582875,582878,3,119
582756,582875,582878,3,119
582756,582875,582877,2,119
582756,582876,582877,1,120
582756,582876,582879,3,120
582756,582875,582878,3,119
582756,582877,582879,2,121
582756,582875,582878,3,119
582756,582875,582878,3,119
582756,582877,582880,3,121
582756,582876,582879,3,120
582756,582877,582880,3,121
582756,582877,582879,2,121
582756,582877,582879,2,121
582781,582878,582881,3,97
582781,582878,582881,3,97
582781,582879,582881,2,98
582781,582879,582880,1,98
582781,582879,582880,1,98
582781,582879,582881,2,98
582781,582879,582882,3,98
582781,582879,582881,2,98
582781,582879,582881,2,98
582781,582880,582884,4,99
582781,582880,582887,7,99
582781,582880,582889,9,99
582781,582881,582890,9,100
582304,582397,582890,493,93
582781,582884,582891,7,103
582781,582887,582891,4,106
582781,582880,582891,11,99
582781,582881,582891,10,100
582781,582881,582892,11,100
582781,582881,582892,11,100
582781,582882,582892,10,101
582781,582882,582892,10,101
582781,582881,582891,10,100
582781,582881,582892,11,100
582781,582882,582893,11,101
582781,582881,582894,13,100
582781,582890,582893,3,109
582781,582892,582894,2,111
582781,582889,582893,4,108
582781,582891,582895,4,110
582781,582890,582895,5,109
582781,582891,582895,4,110
582781,582892,582896,4,111
582781,582891,582896,5,110
582781,582892,582896,4,111
582781,582892,582896,4,111
582781,582892,582895,3,111
582781,582893,582897,4,112
582781,582892,582896,4,111
582781,582891,582896,5,110
582781,582894,582899,5,113
582781,582894,582900,6,113
582781,582894,582900,6,113
582781,582895,582900,5,114
582781,582894,582901,7,113
582781,582897,582901,4,116
582781,582896,582901,5,115
582781,582897,582901,4,116
582781,582895,582901,6,114
582781,582896,582902,6,115
582781,582900,582902,2,119
582781,582897,582901,4,116
582781,582900,582902,2,119
582781,582896,582901,5,115
582781,582896,582901,5,115
582781,582896,582903,7,115
582781,582900,582902,2,119
582781,582895,582903,8,114
582781,582901,582904,3,120
582781,582901,582904,3,120
582781,582901,582904,3,120
582781,582900,582903,3,119
582781,582902,582904,2,121
582781,582902,582905,3,121
582781,582901,582904,3,120
582781,582902,582905,3,121
582781,582901,582905,4,120
582781,582902,582905,3,121
582781,582903,582906,3,122
582781,582904,582906,2,123
582781,582902,582906,4,121
582781,582902,582906,4,121
582836,582905,582906,1,69
582781,582904,582907,3,123
582781,582904,582907,3,123
582836,582905,582906,1,69
582836,582905,582907,2,69
582836,582905,582907,2,69
582781,582904,582906,2,123
582836,582905,582908,3,69
582781,582904,582907,3,123
582836,582906,582907,1,70
582836,582905,582907,2,69
582836,582906,582909,3,70
582836,582906,582908,2,70
582836,582906,582911,5,70
582836,582906,582918,12,70
582836,582907,582918,11,71
582836,582907,582918,11,71
582836,582907,582917,10,71
582836,582908,582918,10,72
582836,582907,582919,12,71
582836,582907,582919,12,71
582836,582909,582920,11,73
582836,582908,582921,13,72
582836,582908,582921,13,72
582836,582909,582921,12,73
582836,582911,582922,11,75
582836,582907,582921,14,71
582836,582909,582923,14,73
582836,582919,582925,6,83
582836,582918,582925,7,82
582836,582919,582926,7,83
582836,582918,582928,10,82
582836,582918,582928,10,82
582836,582919,582928,9,83
582412,582563,582929,366,151
582836,582919,582929,10,83
582836,582926,582930,4,90
582836,582921,582930,9,85
582836,582922,582931,9,86
582836,582925,582932,7,89
582836,582922,582932,10,86
582836,582928,582932,4,92
582836,582925,582933,8,89
582836,582921,582933,12,85
582836,582928,582933,5,92
582836,582920,582932,12,84
582836,582928,582934,6,92
582836,582929,582934,5,93
582836,582923,582934,11,87
582836,582929,582934,5,93
582836,582930,582934,4,94
582836,582933,582935,2,97
582836,582932,582935,3,96
582836,582921,582935,14,85
582836,582933,582936,3,97
582836,582933,582936,3,97
582836,582930,582935,5,94
582836,582934,582935,1,98
582836,582933,582937,4,97
582836,582931,582936,5,95
582836,582932,582936,4,96
582836,582934,582936,2,98
582329,582447,582938,491,118
582836,582935,582938,3,99
582836,582935,582938,3,99
582836,582934,582938,4,98
582836,582935,582938,3,99
582836,582932,582938,6,96
582836,582936,582939,3,100
582836,582935,582938,3,99
582836,582938,582939,1,102
582836,582936,582938,2,100
582836,582938,582939,1,102
582836,582936,582939,3,100
582836,582937,582940,3,101
582836,582937,582940,3,101
582836,582936,582940,4,100
582836,582935,582939,4,99
582836,582937,582941,4,101
582836,582938,582940,2,102
582891,582939,582941,2,48
582836,582938,582940,2,102
582891,582939,582941,2,48
582891,582938,582941,3,47
582891,582939,582942,3,48
582891,582938,582941,3,47
582891,582939,582941,2,48
582891,582939,582943,4,48
582891,582939,582942,3,48
582891,582940,582945,5,49
582891,582940,582946,6,49
582891,582940,582949,9,49
582330,582447,582949,502,117
582891,582941,582952,11,50
582891,582941,582952,11,50
582891,582942,582953,11,51
582891,582941,582953,12,50
582891,582941,582953,12,50
582891,582942,582953,11,51
582891,582942,582954,12,51
582891,582942,582953,11,51
582891,582941,582955,14,50
582891,582940,582955,15,49
582891,582943,582954,11,52
582891,582945,582956,11,54
582891,582943,582957,14,52
582891,582946,582958,12,55
582891,582952,582961,9,61
582891,582953,582962,9,62
582891,582949,582962,13,58
582891,582952,582962,10,61
582891,582953,582963,10,62
582891,582949,582963,14,58
582891,582954,582963,9,63
582891,582953,582964,11,62
582891,582953,582964,11,62
582891,582954,582965,11,63
582891,582958,582965,7,67
582891,582957,582965,8,66
582891,582957,582965,8,66
582440,582586,582965,379,146
582891,582955,582967,12,64
582891,582961,582967,6,70
582891,582962,582967,5,71
582891,582955,582968,13,64
582891,582955,582968,13,64
582891,582962,582967,5,71
582891,582965,582968,3,74
582891,582963,582968,5,72
582891,582965,582969,4,74
582891,582965,582969,4,74
582891,582965,582969,4,74
582891,582964,582968,4,73
582891,582962,582968,6,71
582891,582964,582969,5,73
582891,582967,582970,3,76
582891,582963,582969,6,72
582891,582967,582970,3,76
582891,582964,582969,5,73
582891,582966,582970,4,75
582891,582967,582972,5,76
582891,582968,582971,3,77
582891,582968,582972,4,77
582891,582968,582972,4,77
582891,582968,582971,3,77
582891,582969,582972,3,78
582891,582969,582973,4,78
582891,582970,582973,3,79
582891,582968,582973,5,77
582891,582969,582972,3,78
582891,582970,582973,3,79
582891,582970,582972,2,79
582891,582969,582972,3,78
582891,582969,582972,3,78
582891,582970,582972,2,79
582891,582972,582973,1,81
582891,582970,582973,3,79
582891,582972,582974,2,81
582929,582973,582975,2,44
582929,582972,582975,3,43
582929,582973,582976,3,44
582929,582972,582976,4,43
582929,582972,582975,3,43
582929,582973,582976,3,44
582929,582973,582975,2,44
582929,582973,582976,3,44
582929,582972,582976,4,43
582929,582973,582977,4,44
582929,582973,582982,9,44
582929,582973,582983,10,44
582929,582973,582983,10,44
582929,582973,582983,10,44
582929,582975,582986,11,46
582929,582975,582987,12,46
582929,582975,582987,12,46
582929,582976,582987,11,47
582929,582978,582987,9,49
582929,582976,582988,12,47
582929,582976,582988,12,47
582929,582974,582987,13,45
582929,582976,582988,12,47
582929,582976,582988,12,47
582929,582977,582990,13,48
582929,582977,582989,12,48
582929,582982,582991,9,53
582929,582983,582992,9,54
582356,582501,582993,492,145
582929,582984,582994,10,55
582929,582988,582996,8,59
582929,582984,582995,11,55
582929,582987,582997,10,58
582929,582988,582998,10,59
582929,582988,582998,10,59
582929,582987,582998,11,58
582929,582992,582998,6,63
582929,582987,582998,11,58
582929,582994,582999,5,65
582929,582990,582999,9,61
582929,582991,582998,7,62
582929,582989,582998,9,60
582929,582997,583000,3,68
582929,582989,583000,11,60
582929,582990,582999,9,61
582929,582987,582999,12,58
582929,582993,582999,6,64
582929,582996,583001,5,67
582929,582988,583002,14,59
582929,582998,583002,4,69
582929,582998,583003,5,69
582929,582997,583002,5,68
582929,582998,583003,5,69
582929,583000,583003,3,71
582929,582998,583003,5,69
582929,582998,583004,6,69
582929,582999,583004,5,70
582929,583000,583003,3,71
582929,582999,583004,5,70
582929,583001,583004,3,72
582929,583000,583003,3,71
582929,582999,583004,5,70
582929,582999,583004,5,70
582929,583000,583004,4,71
582929,583000,583004,4,71
582929,583002,583006,4,73
582929,583003,583005,2,74
582929,583004,583006,2,75
582929,583004,583005,1,75
582929,583003,583006,3,74
582929,583004,583006,2,75
582929,583003,583006,3,74
582929,583004,583007,3,75
582929,583003,583007,4,74
582929,583003,583006,3,74
582938,583004,583007,3,66
582938,583006,583008,2,68
582929,583003,583007,4,74
582938,583006,583008,2,68
582938,583005,583007,2,67
582938,583006,583009,3,68
582938,583006,583009,3,68
582938,583006,583008,2,68
582938,583006,583008,2,68
582938,583006,583008,2,68
582938,583006,583013,7,68
582938,583006,583016,10,68
582938,583008,583018,10,70
582938,583007,583018,11,69
582938,583007,583018,11,69
582938,583006,583019,13,68
582938,583007,583019,12,69
582938,583010,583019,9,72
582581,582658,583019,361,77
582938,583008,583019,11,70
582938,583008,583020,12,70
582938,583008,583020,12,70
582938,583007,583019,12,69
582938,583009,583021,12,71
582938,583010,583021,11,72
582938,583009,583021,12,71
582938,583009,583022,13,71
582938,583013,583024,11,75
582938,583018,583024,6,80
582938,583016,583025,9,78
582938,583021,583026,5,83
582938,583018,583027,9,80
582938,583019,583028,9,81
582938,583018,583028,10,80
582938,583019,583028,9,81
582938,583021,583028,7,83
582938,583023,583029,6,85
582938,583022,583029,7,84
582938,583024,583029,5,86
582938,583019,583030,11,81
582938,583019,583029,10,81
582938,583025,583030,5,87
582938,583024,583029,5,86
582938,583020,583031,11,82
582938,583019,583031,12,81
582938,583020,583030,10,82
582938,583026,583030,4,88
582938,583020,583032,12,82
582938,583028,583032,4,90
582938,583030,583032,2,92
582938,583029,583033,4,91
582938,583030,583033,3,92
582938,583029,583033,4,91
582938,583028,583032,4,90
582938,583027,583032,5,89
582938,583030,583034,4,92
582938,583029,583033,4,91
582938,583028,583033,5,90
582938,583031,583035,4,93
582383,582533,583035,502,150
582938,583031,583034,3,93
582938,583030,583034,4,92
582938,583031,583034,3,93
582938,583028,583034,6,90
582938,583033,583035,2,95
582938,583031,583034,3,93
582938,583034,583036,2,96
582938,583032,583036,4,94
582938,583033,583036,3,95
582938,583033,583036,3,95
582938,583034,583036,2,96
582938,583035,583037,2,97
582938,583032,583036,4,94
582938,583035,583036,1,97
582938,583033,583036,3,95
582938,583032,583036,4,94
582938,583034,583036,2,96
582938,583033,583036,3,95
582952,583035,583037,2,83
582952,583035,583038,3,83
582952,583036,583038,2,84
582952,583036,583037,1,84
582952,583036,583038,2,84
582952,583035,583037,2,83
582952,583036,583038,2,84
582952,583036,583037,1,84
582952,583036,583039,3,84
582952,583037,583043,6,85
582952,583039,583047,8,87
582952,583038,583047,9,86
582952,583037,583048,11,85
582952,583038,583048,10,86
582952,583037,583048,11,85
582952,583037,583049,12,85
582952,583038,583049,11,86
582952,583037,583049,12,85
582952,583038,583050,12,86
582952,583037,583050,13,85
582952,583037,583049,12,85
582952,583038,583050,12,86
582952,583038,583050,12,86
582952,583038,583050,12,86
582952,583043,583050,7,91
582952,583038,583050,12,86
582952,583037,583051,14,85
582952,583047,583052,5,95
582952,583047,583053,6,95
582952,583048,583054,6,96
582952,583048,583055,7,96
582952,583050,583056,6,98
582952,583050,583056,6,98
582952,583050,583056,6,98
582952,583052,583056,4,100
582952,583051,583056,5,99
582952,583050,583056,6,98
582952,583050,583057,7,98
582952,583051,583057,6,99
582952,583053,583058,5,101
582952,583049,583058,9,97
582952,583056,583059,3,104
582952,583055,583059,4,103
582952,583056,583059,3,104
582952,583049,583060,11,97
582952,583056,583060,4,104
582952,583050,583060,10,98
582952,583056,583060,4,104
582952,583054,583059,5,102
582952,583058,583060,2,106
582952,583056,583059,3,104
582952,583058,583060,2,106
582952,583049,583061,12,97
582952,583057,583060,3,105
582952,583059,583061,2,107
582952,583056,583061,5,104
582952,583050,583062,12,98
582952,583058,583062,4,106
582952,583059,583062,3,107
582952,583050,583062,12,98
582952,583060,583062,2,108
582952,583060,583062,2,108
582952,583061,583063,2,109
582952,583060,583063,3,108
582952,583061,583063,2,109
582952,583060,583063,3,108
582952,583059,583063,4,107
582952,583062,583064,2,110
582952,583060,583064,4,108
582952,583060,583063,3,108
582952,583061,583064,3,109
582952,583060,583063,3,108
582952,583061,583065,4,109
582952,583060,583064,4,108
582967,583063,583064,1,96
582967,583063,583065,2,96
582967,583063,583066,3,96
582952,583062,583065,3,110
582967,583062,583066,4,95
582967,583063,583066,3,96
582967,583063,583066,3,96
582967,583064,583067,3,97
582967,583064,583067,3,97
582967,583064,583066,2,97
582967,583064,583070,6,97
582967,583064,583072,8,97
582967,583066,583075,9,99
582967,583064,583076,12,97
582967,583065,583076,11,98
582967,583065,583076,11,98
582967,583064,583076,12,97
582967,583065,583076,11,98
582967,583066,583078,12,99
582967,583066,583078,12,99
582967,583066,583078,12,99
582967,583067,583079,12,100
582967,583067,583079,12,100
582967,583066,583079,13,99
582967,583065,583080,15,98
582967,583067,583079,12,100
582967,583070,583082,12,103
582967,583072,583084,12,105
582967,583075,583085,10,108
582967,583076,583086,10,109
582967,583076,583086,10,109
582967,583077,583087,10,110
582967,583076,583087,11,109
582967,583076,583088,12,109
582967,583078,583088,10,111
582967,583082,583088,6,115
582967,583078,583088,10,111
582967,583080,583089,9,113
582967,583079,583089,10,112
582967,583080,583088,8,113
582967,583078,583089,11,111
582967,583079,583088,9,112
582967,583079,583089,10,112
582967,583085,583090,5,118
582967,583084,583091,7,117
582967,583086,583090,4,119
582967,583087,583091,4,120
582967,583086,583092,6,119
582967,583089,583093,4,122
582967,583087,583093,6,120
582967,583088,583093,5,121
582967,583088,583092,4,121
582967,583089,583094,5,122
582967,583090,583094,4,123
582967,583089,583093,4,122
582967,583089,583094,5,122
582967,583089,583093,4,122
582967,583088,583093,5,121
582967,583089,583095,6,122
582967,583089,583095,6,122
582967,583091,583094,3,124
582967,583091,583094,3,124
582967,583091,583096,5,124
582967,583092,583095,3,125
582967,583093,583096,3,126
582967,583093,583095,2,126
582967,583093,583096,3,126
582967,583094,583097,3,127
582967,583093,583096,3,126
582967,583095,583097,2,128
582967,583094,583097,3,127
582967,583095,583098,3,128
582967,583094,583097,3,127
582994,583096,583098,2,102
582967,583094,583097,3,127
582967,583095,583097,2,128
582967,583095,583098,3,128
582994,583096,583099,3,102
582994,583096,583099,3,102
582994,583096,583100,4,102
582994,583097,583100,3,103
582994,583097,583099,2,103
582994,583097,583099,2,103
582994,583097,583099,2,103
582994,583097,583100,3,103
582994,583098,583105,7,104
582514,582609,583105,496,95
582994,583098,583108,10,104
582994,583098,583109,11,104
582994,583098,583108,10,104
582994,583098,583110,12,104
582994,583099,583111,12,105
582994,583099,583111,12,105
582994,583098,583110,12,104
582994,583098,583112,14,104
582994,583100,583112,12,106
582994,583100,583112,12,106
582994,583100,583112,12,106
582994,583100,583112,12,106
582994,583101,583112,11,107
582994,583100,583114,14,106
582994,583105,583117,12,111
582994,583105,583117,12,111
582994,583109,583118,9,115
582994,583108,583119,11,114
582994,583109,583120,11,115
582994,583110,583120,10,116
582994,583111,583122,11,117
582994,583111,583122,11,117
582994,583114,583122,8,120
582994,583114,583123,9,120
582994,583113,583123,10,119
582994,583111,583123,12,117
582994,583112,583123,11,118
582994,583113,583123,10,119
582994,583113,583122,9,119
582994,583119,583124,5,125
582994,583112,583124,12,118
582994,583120,583126,6,126
582994,583120,583126,6,126
582994,583124,583125,1,130
582994,583117,583127,10,123
582994,583117,583127,10,123
582994,583118,583127,9,124
582994,583123,583127,4,129
582994,583123,583128,5,129
582994,583125,583128,3,131
582994,583123,583128,5,129
582994,583123,583128,5,129
582994,583123,583128,5,129
582994,583122,583128,6,128
582994,583122,583129,7,128
582994,583126,583129,3,132
582994,583126,583128,2,132
582994,583126,583130,4,132
582994,583123,583129,6,129
582994,583122,583129,7,128
582994,583127,583130,3,133
582994,583127,583130,3,133
582994,583129,583131,2,135
582994,583127,583131,4,133
582994,583127,583130,3,133
582994,583128,583132,4,134
582994,583128,583131,3,134
582994,583130,583132,2,136
582994,583128,583131,3,134
582994,583129,583132,3,135
582994,583128,583131,3,134
582994,583129,583131,2,135
583019,583131,583132,1,112
583019,583131,583133,2,112
582994,583129,583132,3,135
582994,583130,583132,2,136
582994,583129,583132,3,135
583019,583130,583133,3,111
583019,583131,583134,3,112
583019,583132,583134,2,113
583019,583132,583135,3,113
583019,583132,583135,3,113
583019,583132,583134,2,113
582601,582685,583136,451,84
583019,583132,583136,4,113
583019,583132,583138,6,113
583019,583133,583142,9,114
583019,583133,583143,10,114
583019,583133,583143,10,114
583019,583133,583144,11,114
583019,583133,583145,12,114
583019,583133,583144,11,114
583019,583135,583146,11,116
583019,583135,583146,11,116
583019,583135,583146,11,116
583019,583133,583146,13,114
583019,583133,583147,14,114
583019,583135,583147,12,116
583019,583134,583146,12,115
583019,583137,583147,10,118
583019,583137,583150,13,118
583019,583143,583151,8,124
583019,583139,583152,13,120
583019,583144,583153,9,125
582523,582634,583154,520,111
583019,583142,583154,12,123
583019,583149,583155,6,130
583019,583144,583155,11,125
583019,583147,583155,8,128
583019,583146,583155,9,127
583019,583145,583155,10,126
583019,583146,583156,10,127
583019,583151,583156,5,132
583019,583147,583156,9,128
582725,582819,583156,337,94
583019,583146,583157,11,127
583019,583150,583157,7,131
583019,583146,583156,10,127
583019,583146,583157,11,127
583019,583147,583157,10,128
583019,583153,583157,4,134
583019,583152,583159,7,133
583019,583154,583159,5,135
583019,583156,583159,3,137
583019,583154,583158,4,135
583019,583156,583160,4,137
583019,583155,583160,5,136
583019,583155,583160,5,136
583019,583155,583161,6,136
583019,583156,583161,5,137
583019,583158,583161,3,139
583019,583157,583160,3,138
583019,583155,583160,5,136
583019,583156,583161,5,137
583019,583156,583160,4,137
583019,583159,583162,3,140
583019,583159,583162,3,140
583019,583160,583162,2,141
583019,583157,583161,4,138
583019,583157,583162,5,138
583019,583160,583163,3,141
583019,583157,583162,5,138
583019,583159,583163,4,140
583019,583161,583163,2,142
583019,583157,583162,5,138
583019,583160,583162,2,141
583019,583161,583162,1,142
583019,583159,583163,4,140
583019,583161,583164,3,142
583019,583161,583164,3,142
583019,583161,583164,3,142
583019,583161,583163,2,142
583019,583161,583164,3,142
583035,583162,583165,3,127
583035,583162,583166,4,127
583035,583163,583166,3,128
583035,583163,583166,3,128
583035,583163,583166,3,128
583035,583163,583166,3,128
583035,583162,583167,5,127
583035,583163,583167,4,128
583035,583163,583167,4,128
583035,583163,583169,6,128
583035,583163,583171,8,128
583035,583164,583175,11,129
583035,583164,583175,11,129
583035,583166,583176,10,131
583035,583164,583176,12,129
583035,583164,583175,11,129
583035,583164,583177,13,129
583035,583165,583177,12,130
583035,583165,583177,12,130
583035,583166,583178,12,131
583035,583167,583179,12,132
583035,583166,583179,13,131
583035,583166,583178,12,131
583035,583166,583179,13,131
583035,583169,583180,11,134
583035,583171,583180,9,136
583035,583167,583181,14,132
583035,583168,583181,13,133
583035,583175,583185,10,140
583035,583176,583186,10,141
583035,583181,583186,5,146
583035,583176,583187,11,141
583035,583181,583187,6,146
583035,583180,583188,8,145
583035,583176,583188,12,141
583035,583177,583187,10,142
583035,583177,583188,11,142
583035,583177,583188,11,142
583035,583175,583187,12,140
583035,583180,583189,9,145
583035,583179,583189,10,144
583035,583179,583189,10,144
583035,583178,583189,11,143
583035,583179,583189,10,144
583035,583179,583190,11,144
583035,583185,583191,6,150
583035,583186,583191,5,151
583035,583187,583192,5,152
583035,583188,583192,4,153
582648,582710,583192,482,62
583035,583186,583192,6,151
583035,583189,583192,3,154
583035,583189,583193,4,154
583035,583188,583193,5,153
583035,583188,583193,5,153
583035,583191,583193,2,156
583035,583189,583192,3,154
583035,583187,583194,7,152
583035,583188,583193,5,153
583035,583188,583194,6,153
583035,583190,583194,4,155
583035,583190,583194,4,155
583035,583191,583195,4,156
583035,583192,583195,3,157
583035,583193,583195,2,158
583035,583191,583194,3,156
583035,583192,583195,3,157
583035,583193,583194,1,158
583035,583190,583195,5,155
583035,583192,583196,4,157
583035,583193,583196,3,158
583035,583193,583196,3,158
583035,583192,583195,3,157
583035,583193,583195,2,158
583035,583193,583195,2,158
583035,583194,583196,2,159
583108,583195,583197,2,87
583108,583195,583198,3,87
583108,583194,583197,3,86
583108,583195,583198,3,87
583108,583195,583198,3,87
583108,583195,583198,3,87
583108,583194,583198,4,86
583108,583195,583197,2,87
583108,583195,583198,3,87
583108,583196,583202,6,88
583108,583196,583204,8,88
583108,583197,583207,10,89
583108,583196,583207,11,88
583108,583198,583207,9,90
583108,583196,583208,12,88
583108,583196,583208,12,88
583108,583197,583209,12,89
583108,583196,583208,12,88
583108,583197,583210,13,89
583108,583198,583210,12,90
583108,583198,583209,11,90
583108,583198,583210,12,90
583108,583198,583210,12,90
583108,583198,583209,11,90
582684,582738,583210,472,54
583108,583198,583211,13,90
583108,583198,583211,13,90
583108,583202,583214,12,94
583108,583204,583215,11,96
583108,583210,583216,6,102
583108,583211,583217,6,103
583108,583208,583217,9,100
583108,583207,583217,10,99
583108,583212,583218,6,104
582757,582878,583218,340,121
583108,583210,583218,8,102
583108,583207,583218,11,99
583108,583210,583219,9,102
583108,583210,583218,8,102
583108,583210,583219,9,102
583108,583209,583219,10,101
583108,583207,583218,11,99
583108,583208,583219,11,100
583108,583217,583220,3,109
583108,583210,583219,9,102
583108,583214,583219,5,106
583108,583209,583219,10,101
583108,583212,583220,8,104
583108,583218,583221,3,110
583108,583217,583221,4,109
583108,583218,583222,4,110
583108,583217,583222,5,109
583108,583216,583222,6,108
583108,583218,583222,4,110
583108,583218,583221,3,110
583108,583216,583223,7,108
583108,583219,583223,4,111
583108,583219,583224,5,111
583108,583219,583224,5,111
583108,583219,583223,4,111
583108,583220,583224,4,112
583108,583222,583224,2,114
583108,583220,583223,3,112
583108,583222,583224,2,114
583108,583220,583224,4,112
583108,583219,583225,6,111
583108,583220,583224,4,112
583108,583221,583225,4,113
583108,583221,583224,3,113
583108,583221,583224,3,113
583108,583219,583225,6,111
583108,583222,583224,2,114
583108,583223,583226,3,115
583143,583224,583226,2,81
583108,583223,583226,3,115
583108,583222,583225,3,114
583108,583224,583226,2,116
583108,583222,583225,3,114
583143,583225,583227,2,82
583143,583225,583227,2,82
583143,583225,583227,2,82
583143,583225,583228,3,82
583143,583225,583227,2,82
583143,583225,583227,2,82
583143,583225,583227,2,82
583143,583225,583227,2,82
583143,583225,583229,4,82
583143,583225,583233,8,82
583143,583227,583237,10,84
583143,583225,583237,12,82
583143,583228,583238,10,85
583143,583225,583238,13,82
583143,583226,583238,12,83
583143,583227,583237,10,84
583143,583228,583238,10,85
583143,583226,583237,11,83
583143,583226,583238,12,83
583143,583226,583238,12,83
583143,583228,583239,11,85
583143,583227,583239,12,84
583143,583226,583238,12,83
583143,583226,583238,12,83
583143,583228,583240,12,85
583143,583228,583240,12,85
583143,583229,583241,12,86
582685,582761,583244,483,76
583143,583240,583244,4,97
583143,583241,583244,3,98
583143,583239,583245,6,96
583143,583239,583245,6,96
583143,583238,583245,7,95
583143,583238,583245,7,95
583143,583241,583245,4,98
583143,583238,583246,8,95
583143,583238,583246,8,95
583143,583233,583245,12,90
583143,583239,583246,7,96
583143,583245,583247,2,102
583143,583237,583247,10,94
583143,583238,583246,8,95
583143,583238,583246,8,95
583143,583244,583246,2,101
583143,583245,583248,3,102
583143,583245,583248,3,102
583143,583245,583247,2,102
583143,583239,583248,9,96
583143,583237,583247,10,94
583143,583246,583248,2,103
583143,583238,583248,10,95
583143,583246,583249,3,103
583143,583247,583249,2,104
583143,583239,583248,9,96
583143,583246,583249,3,103
583143,583246,583248,2,103
583143,583244,583248,4,101
583143,583246,583248,2,103
583143,583245,583248,3,102
583143,583247,583250,3,104
583143,583248,583250,2,105
583143,583248,583250,2,105
583143,583247,583249,2,104
583143,583248,583249,1,105
583143,583249,583251,2,106
583143,583248,583250,2,105
583143,583248,583250,2,105
583143,583248,583250,2,105
583143,583249,583250,1,106
583143,583248,583250,2,105
583143,583249,583252,3,106
583154,583249,583252,3,95
583143,583249,583251,2,106
583143,583248,583251,3,105
583143,583249,583251,2,106
583143,583249,583252,3,106
583154,583250,583253,3,96
583154,583250,583253,3,96
583154,583251,583252,1,97
583154,583251,583253,2,97
583154,583250,583253,3,96
583154,583250,583252,2,96
583154,583251,583253,2,97
583154,583251,583255,4,97
583154,583251,583257,6,97
583154,583251,583260,9,97
583154,583251,583261,10,97
583154,583253,583262,9,99
583154,583252,583263,11,98
583154,583252,583263,11,98
583154,583253,583263,10,99
583154,583253,583264,11,99
583154,583252,583264,12,98
583154,583253,583264,11,99
583154,583253,583264,11,99
583154,583252,583265,13,98
583154,583253,583266,13,99
583154,583253,583266,13,99
583154,583253,583265,12,99
583154,583254,583267,13,100
583154,583253,583267,14,99
583154,583257,583268,11,103
583154,583255,583269,14,101
583154,583261,583270,9,107
583154,583261,583271,10,107
583154,583266,583271,5,112
583154,583266,583272,6,112
583154,583262,583272,10,108
582713,582795,583271,476,82
583154,583263,583272,9,109
583154,583264,583273,9,110
583154,583263,583272,9,109
583154,583265,583273,8,111
583154,583267,583273,6,113
583154,583266,583273,7,112
583154,583265,583274,9,111
583154,583265,583274,9,111
583154,583267,583273,6,113
583154,583270,583274,4,116
583154,583268,583274,6,114
583154,583263,583273,10,109
583154,583265,583273,8,111
583154,583272,583275,3,118
583154,583269,583274,5,115
583154,583271,583276,5,117
583154,583271,583276,5,117
583154,583272,583276,4,118
583154,583273,583275,2,119
583154,583273,583277,4,119
583154,583273,583277,4,119
583154,583273,583278,5,119
583154,583274,583278,4,120
583154,583274,583278,4,120
583154,583273,583278,5,119
583154,583274,583277,3,120
583154,583274,583277,3,120
583154,583275,583277,2,121
583154,583276,583279,3,122
583154,583273,583279,6,119
583154,583274,583278,4,120
583154,583276,583279,3,122
583154,583274,583278,4,120
583154,583276,583279,3,122
583154,583274,583278,4,120
583154,583275,583278,3,121
583154,583273,583280,7,119
583154,583277,583280,3,123
583157,583278,583280,2,121
583154,583277,583279,2,123
583154,583276,583280,4,122
583157,583278,583280,2,121
583157,583279,583281,2,122
583154,583278,583281,3,124
583154,583278,583280,2,124
583157,583278,583281,3,121
583157,583279,583282,3,122
583157,583279,583281,2,122
583157,583279,583282,3,122
583157,583278,583281,3,121
583157,583279,583282,3,122
583157,583279,583283,4,122
583157,583282,583288,6,125
583157,583279,583288,9,122
583157,583282,583290,8,125
583157,583281,583291,10,124
583157,583281,583291,10,124
583157,583281,583291,10,124
583157,583280,583291,11,123
583157,583282,583291,9,125
583157,583283,583292,9,126
583157,583280,583293,13,123
583157,583281,583293,12,124
583157,583281,583293,12,124
583157,583283,583292,9,126
583157,583280,583293,13,123
583157,583281,583293,12,124
583157,583281,583293,12,124
583157,583282,583293,11,125
583157,583281,583295,14,124
583157,583288,583298,10,131
583157,583288,583298,10,131
583157,583291,583299,8,134
583157,583291,583299,8,134
583157,583291,583300,9,134
583157,583290,583299,9,133
583157,583291,583299,8,134
583157,583291,583301,10,134
583157,583293,583301,8,136
583157,583293,583301,8,136
583157,583293,583300,7,136
583157,583292,583302,10,135
583157,583293,583301,8,136
583157,583293,583302,9,136
583157,583293,583301,8,136
583157,583293,583303,10,136
583157,583294,583303,9,137
583157,583300,583303,3,143
583157,583295,583304,9,138
583157,583299,583304,5,142
583157,583303,583305,2,146
583157,583299,583305,6,142
583157,583301,583306,5,144
583157,583300,583306,6,143
583157,583302,583306,4,145
583157,583301,583306,5,144
583157,583304,583306,2,147
583157,583302,583306,4,145
583157,583303,583307,4,146
583157,583298,583306,8,141
583157,583301,583306,5,144
583157,583303,583307,4,146
583157,583305,583307,2,148
583157,583305,583307,2,148
583157,583301,583306,5,144
583157,583302,583306,4,145
583157,583299,583306,7,142
583157,583303,583306,3,146
583157,583300,583308,8,143
583157,583306,583308,2,149
583157,583306,583308,2,149
583157,583306,583307,1,149
583157,583304,583307,3,147
583192,583307,583309,2,115
583157,583306,583308,2,149
583192,583307,583309,2,115
583157,583306,583308,2,149
583157,583307,583309,2,150
583192,583307,583310,3,115
583192,583307,583309,2,115
583157,583307,583310,3,150
583192,583307,583310,3,115
583192,583307,583310,3,115
583192,583307,583310,3,115
583192,583307,583311,4,115
583192,583308,583310,2,116
583192,583308,583311,3,116
582892,582972,583312,340,80
583192,583308,583315,7,116
583192,583311,583316,5,119
583192,583311,583317,6,119
583192,583308,583319,11,116
583192,583309,583319,10,117
583192,583309,583319,10,117
583192,583311,583320,9,119
583192,583313,583320,7,121
583192,583309,583320,11,117
583192,583313,583321,8,121
583192,583308,583321,13,116
583192,583310,583321,11,118
583192,583310,583322,12,118
583192,583310,583322,12,118
583192,583310,583322,12,118
583192,583309,583322,13,117
583192,583309,583322,13,117
583192,583310,583323,13,118
583192,583315,583326,11,123
583192,583316,583326,10,124
583192,583320,583326,6,128
583192,583323,583327,4,131
583192,583321,583328,7,129
583192,583317,583327,10,125
583192,583320,583328,8,128
583192,583321,583328,7,129
583192,583320,583329,9,128
583192,583321,583329,8,129
583192,583326,583328,2,134
583192,583319,583330,11,127
583192,583320,583330,10,128
583192,583326,583330,4,134
583192,583319,583329,10,127
583192,583329,583330,1,137
583192,583322,583329,7,130
583192,583326,583329,3,134
583192,583328,583331,3,136
583192,583328,583331,3,136
583192,583328,583330,2,136
583192,583329,583331,2,137
583192,583322,583330,8,130
583192,583327,583330,3,135
583192,583322,583331,9,130
583192,583329,583332,3,137
583192,583329,583332,3,137
583192,583322,583331,9,130
583192,583322,583332,10,130
583192,583330,583332,2,138
583192,583330,583333,3,138
583192,583330,583332,2,138
583192,583330,583333,3,138
583192,583331,583333,2,139
583192,583330,583332,2,138
583192,583330,583332,2,138
583192,583331,583334,3,139
583192,583331,583333,2,139
583192,583332,583334,2,140
583192,583330,583333,3,138
583192,583331,583334,3,139
583192,583331,583333,2,139
583192,583331,583333,2,139
583192,583331,583334,3,139
583212,583333,583335,2,121
583192,583332,583335,3,140
583212,583333,583335,2,121
583192,583332,583334,2,140
583212,583333,583335,2,121
583192,583332,583334,2,140
583212,583333,583336,3,121
583212,583333,583336,3,121
583212,583333,583335,2,121
583212,583334,583337,3,122
583212,583334,583336,2,122
583212,583334,583336,2,122
583212,583334,583338,4,122
582734,582852,583342,490,118
583212,583338,583344,6,126
582930,583004,583344,340,74
583212,583337,583345,8,125
583212,583335,583345,10,123
583212,583334,583346,12,122
583212,583337,583345,8,125
583212,583334,583346,12,122
583212,583335,583345,10,123
583212,583335,583347,12,123
583212,583335,583347,12,123
583212,583335,583348,13,123
583212,583334,583348,14,122
583212,583335,583347,12,123
583212,583336,583348,12,124
583212,583335,583347,12,123
583212,583336,583347,11,124
583212,583336,583348,12,124
583212,583338,583348,10,126
583212,583342,583352,10,130
583212,583344,583352,8,132
583212,583345,583353,8,133
583212,583345,583352,7,133
583212,583347,583354,7,135
583212,583345,583355,10,133
583212,583347,583355,8,135
583212,583346,583355,9,134
583212,583346,583356,10,134
583212,583348,583356,8,136
583212,583353,583357,4,141
583212,583352,583357,5,140
583212,583353,583356,3,141
583212,583354,583357,3,142
583212,583348,583356,8,136
583212,583355,583357,2,143
583212,583348,583358,10,136
583212,583348,583358,10,136
583212,583348,583357,9,136
583212,583356,583358,2,144
583212,583356,583357,1,144
583212,583349,583358,9,137
583212,583356,583359,3,144
583212,583357,583359,2,145
583212,583348,583358,10,136
583212,583350,583359,9,138
583212,583346,583358,12,134
583212,583355,583358,3,143
583212,583357,583359,2,145
583212,583346,583358,12,134
583212,583352,583360,8,140
583212,583357,583360,3,145
583212,583358,583360,2,146
583212,583357,583359,2,145
583212,583358,583359,1,146
583212,583358,583361,3,146
583212,583358,583361,3,146
583212,583358,583360,2,146
583212,583357,583361,4,145
583212,583358,583360,2,146
583212,583358,583360,2,146
583212,583359,583361,2,147
583212,583359,583362,3,147
583212,583359,583361,2,147
583212,583359,583362,3,147
583212,583359,583362,3,147
583218,583360,583362,2,142
583218,583361,583362,1,143
583218,583361,583363,2,143
583212,583359,583362,3,147
583212,583359,583362,3,147
583218,583360,583362,2,142
583218,583360,583362,2,142
583218,583361,583363,2,143
583218,583361,583364,3,143
583218,583361,583364,3,143
583218,583361,583364,3,143
583218,583361,583366,5,143
583218,583364,583369,5,146
583218,583361,583370,9,143
583218,583365,583371,6,147
583218,583361,583372,11,143
583218,583364,583372,8,146
583218,583362,583372,10,144
583218,583365,583373,8,147
583218,583362,583374,12,144
583218,583363,583374,11,145
583218,583363,583373,10,145
583218,583363,583375,12,145
583218,583362,583374,12,144
583218,583363,583375,12,145
583218,583363,583375,12,145
583218,583363,583375,12,145
583218,583362,583375,13,144
583218,583362,583375,13,144
583218,583366,583376,10,148
583218,583369,583379,10,151
583218,583375,583380,5,157
583218,583372,583380,8,154
583218,583370,583381,11,152
583218,583372,583380,8,154
583218,583374,583381,7,156
583218,583373,583380,7,155
583218,583375,583380,5,157
583218,583374,583382,8,156
583218,583375,583381,6,157
583218,583375,583382,7,157
583218,583374,583381,7,156
583218,583372,583382,10,154
583218,583371,583382,11,153
583218,583375,583382,7,157
583218,583376,583383,7,158
583218,583375,583383,8,157
583218,583382,583384,2,164
583218,583382,583384,2,164
583218,583381,583384,3,163
583218,583382,583383,1,164
583218,583380,583384,4,162
583218,583382,583384,2,164
583218,583382,583385,3,164
583218,583376,583384,8,158
583218,583382,583384,2,164
583218,583384,583386,2,166
583218,583381,583385,4,163
583218,583384,583386,2,166
583218,583384,583385,1,166
583218,583383,583385,2,165
583218,583384,583386,2,166
583218,583383,583385,2,165
583218,583383,583385,2,165
583218,583379,583387,8,161
583218,583384,583386,2,166
583218,583381,583386,5,163
583218,583384,583387,3,166
583218,583385,583387,2,167
583218,583380,583386,6,162
583218,583381,583386,5,163
583218,583385,583387,2,167
583218,583386,583388,2,168
583218,583386,583387,1,168
583218,583385,583388,3,167
583218,583386,583388,2,168
583244,583386,583388,2,142
583218,583385,583387,2,167
583244,583386,583389,3,142
583244,583386,583389,3,142
583244,583387,583389,2,143
583244,583387,583389,2,143
583244,583387,583389,2,143
583244,583387,583391,4,143
583244,583387,583391,4,143
583244,583386,583390,4,142
583244,583387,583390,3,143
583244,583387,583397,10,143
583244,583388,583398,10,144
582781,582904,583398,494,123
583244,583388,583399,11,144
583244,583387,583399,12,143
583244,583391,583399,8,147
583244,583388,583398,10,144
583244,583391,583399,8,147
583244,583391,583400,9,147
583244,583388,583400,12,144
583244,583389,583401,12,145
583244,583388,583401,13,144
583244,583388,583401,13,144
583244,583389,583402,13,145
583244,583389,583401,12,145
583244,583391,583402,11,147
583244,583391,583402,11,147
583244,583391,583403,12,147
583244,583398,583406,8,154
583244,583399,583407,8,155
583244,583399,583407,8,155
583244,583401,583407,6,157
583244,583397,583408,11,153
583244,583401,583408,7,157
583244,583399,583408,9,155
583244,583398,583409,11,154
583244,583399,583409,10,155
583244,583399,583409,10,155
583244,583402,583410,8,158
583244,583408,583410,2,164
583244,583408,583411,3,164
583244,583409,583411,2,165
583244,583403,583410,7,159
583244,583400,583412,12,156
583244,583408,583411,3,164
583244,583401,583412,11,157
583244,583409,583412,3,165
583244,583407,583412,5,163
583244,583400,583411,11,156
583244,583407,583413,6,163
583244,583403,583412,9,159
583244,583404,583413,9,160
582953,583062,583412,350,109
583244,583410,583412,2,166
583244,583402,583414,12,158
583244,583412,583414,2,168
583244,583411,583414,3,167
583244,583410,583413,3,166
583244,583411,583414,3,167
583244,583407,583414,7,163
583244,583412,583414,2,168
583244,583412,583414,2,168
583244,583411,583414,3,167
583244,583412,583415,3,168
583244,583412,583415,3,168
583244,583407,583414,7,163
583244,583412,583414,2,168
583244,583413,583414,1,169
583244,583411,583414,3,167
583244,583413,583416,3,169
583244,583413,583416,3,169
583244,583413,583415,2,169
583244,583414,583416,2,170
583244,583413,583416,3,169
583244,583414,583417,3,170
583273,583414,583417,3,141
583273,583414,583417,3,141
583273,583414,583417,3,141
583273,583415,583416,1,142
583244,583414,583417,3,170
583273,583415,583418,3,142
583273,583415,583418,3,142
583244,583414,583417,3,170
583273,583415,583417,2,142
583273,583415,583418,3,142
583273,583415,583418,3,142
583273,583415,583420,5,142
582837,582938,583422,484,101
583273,583416,583424,8,143
583273,583418,583425,7,145
583273,583418,583425,7,145
583273,583416,583427,11,143
583273,583419,583427,8,146
583273,583416,583427,11,143
583273,583418,583428,10,145
583273,583418,583428,10,145
583273,583416,583428,12,143
583273,583419,583428,9,146
583273,583417,583429,12,144
583273,583417,583429,12,144
583273,583417,583429,12,144
583273,583418,583430,12,145
583273,583420,583430,10,147
583273,583417,583429,12,144
583273,583417,583431,14,144
583273,583418,583430,12,145
583273,583422,583432,10,149
583273,583424,583434,10,151
583273,583425,583434,9,152
583273,583428,583435,7,155
583273,583428,583436,8,155
583273,583427,583436,9,154
583273,583428,583436,8,155
583273,583426,583436,10,153
583273,583429,583436,7,156
583273,583427,583436,9,154
583273,583428,583437,9,155
583273,583430,583438,8,157
583273,583431,583438,7,158
583273,583436,583438,2,163
583273,583436,583438,2,163
583273,583429,583439,10,156
583273,583436,583439,3,163
583273,583430,583439,9,157
583273,583431,583439,8,158
583273,583430,583438,8,157
583273,583436,583439,3,163
583273,583432,583440,8,159
583273,583435,583439,4,162
583273,583436,583439,3,163
583273,583436,583439,3,163
583273,583437,583439,2,164
583273,583431,583441,10,158
583273,583430,583440,10,157
583273,583439,583441,2,166
583273,583434,583441,7,161
583273,583438,583441,3,165
583273,583439,583442,3,166
583273,583439,583442,3,166
583273,583434,583441,7,161
583273,583438,583441,3,165
583273,583440,583442,2,167
583273,583438,583442,4,165
583273,583439,583442,3,166
583273,583439,583442,3,166
583273,583439,583442,3,166
583273,583438,583442,4,165
583273,583440,583442,2,167
583321,583441,583443,2,120
583273,583441,583444,3,168
583273,583441,583443,2,168
583273,583441,583444,3,168
583321,583442,583444,2,121
583321,583442,583444,2,121
583273,583441,583444,3,168
583273,583440,583443,3,167
583321,583441,583443,2,120
583321,583442,583445,3,121
583321,583442,583445,3,121
583321,583442,583445,3,121
583321,583443,583446,3,122
583321,583443,583445,2,122
583321,583443,583447,4,122
583321,583446,583450,4,125
583321,583445,583450,5,124
583321,583446,583452,6,125
583321,583443,583453,10,122
583321,583444,583454,10,123
583321,583443,583455,12,122
583321,583444,583455,11,123
583321,583444,583456,12,123
583321,583449,583456,7,128
583321,583443,583455,12,122
583321,583444,583456,12,123
583321,583445,583456,11,124
583321,583443,583455,12,122
583321,583445,583455,10,124
583321,583445,583456,11,124
583321,583445,583457,12,124
583321,583444,583457,13,123
583321,583444,583458,14,123
583321,583450,583460,10,129
583321,583456,583461,5,135
583321,583456,583462,6,135
583321,583454,583462,8,133
583321,583452,583462,10,131
583321,583454,583462,8,133
583321,583450,583463,13,129
583321,583456,583463,7,135
583321,583457,583463,6,136
583321,583456,583463,7,135
583321,583455,583464,9,134
582967,583096,583464,368,129
583321,583457,583464,7,136
583321,583457,583463,6,136
583321,583455,583464,9,134
583321,583456,583465,9,135
583321,583458,583465,7,137
583321,583463,583465,2,142
583321,583456,583464,8,135
583321,583463,583466,3,142
583321,583464,583466,2,143
583321,583463,583466,3,142
583321,583463,583466,3,142
583321,583464,583466,2,143
583321,583463,583466,3,142
583321,583465,583467,2,144
583321,583464,583467,3,143
583321,583460,583467,7,139
583321,583464,583466,2,143
583321,583456,583467,11,135
583321,583465,583468,3,144
583321,583465,583467,2,144
583321,583462,583467,5,141
583321,583466,583468,2,145
583321,583465,583468,3,144
583321,583462,583467,5,141
583321,583462,583467,5,141
583321,583466,583467,1,145
583321,583466,583469,3,145
583321,583462,583469,7,141
583321,583466,583468,2,145
583321,583467,583469,2,146
583321,583467,583468,1,146
583321,583466,583468,2,145
583321,583467,583469,2,146
583321,583466,583469,3,145
583321,583467,583469,2,146
583346,583468,583470,2,122
583321,583467,583469,2,146
583346,583468,583471,3,122
583346,583468,583471,3,122
583346,583468,583471,3,122
583346,583468,583471,3,122
583346,583468,583471,3,122
583346,583468,583471,3,122
583346,583469,583472,3,123
583346,583468,583471,3,122
583346,583469,583473,4,123
583346,583472,583478,6,126
583346,583469,583479,10,123
583346,583472,583479,7,126
583346,583469,583479,10,123
583346,583470,583481,11,124
583346,583471,583481,10,125
583346,583469,583481,12,123
583346,583470,583482,12,124
583346,583470,583482,12,124
583346,583471,583481,10,125
583346,583470,583483,13,124
583346,583470,583482,12,124
583346,583473,583483,10,127
583346,583472,583483,11,126
583346,583471,583483,12,125
583346,583470,583483,13,124
583346,583471,583483,12,125
583346,583473,583483,10,127
583346,583479,583488,9,133
583346,583482,583488,6,136
583346,583478,583488,10,132
583346,583483,583489,6,137
583346,583479,583489,10,133
583346,583483,583489,6,137
583346,583481,583488,7,135
583346,583481,583490,9,135
583346,583481,583489,8,135
583346,583483,583489,6,137
583346,583483,583490,7,137
583346,583482,583491,9,136
583346,583479,583491,12,133
583346,583482,583490,8,136
583346,583484,583492,8,138
583346,583489,583493,4,143
583346,583488,583493,5,142
583346,583489,583493,4,143
583346,583492,583494,2,146
583346,583492,583494,2,146
583346,583491,583494,3,145
583346,583491,583494,3,145
583346,583483,583494,11,137
583346,583490,583495,5,144
583346,583491,583494,3,145
583346,583483,583495,12,137
583346,583490,583494,4,144
583346,583493,583495,2,147
583346,583488,583494,6,142
583346,583493,583494,1,147
583346,583490,583494,4,144
583346,583493,583494,1,147
583346,583489,583495,6,143
583346,583494,583496,2,148
583346,583484,583495,11,138
583346,583489,583495,6,143
583346,583488,583495,7,142
583346,583494,583496,2,148
583346,583494,583497,3,148
583346,583495,583497,2,149
583346,583494,583497,3,148
583346,583494,583496,2,148
583346,583495,583497,2,149
583346,583496,583497,1,150
583346,583496,583498,2,150
583346,583495,583497,2,149
583346,583495,583497,2,149
583346,583495,583497,2,149
583346,583495,583497,2,149
583346,583495,583497,2,149
583346,583496,583499,3,150
583346,583496,583499,3,150
583346,583496,583498,2,150
583346,583496,583499,3,150
583346,583496,583499,3,150
583346,583496,583499,3,150
583346,583497,583501,4,151
583346,583497,583505,8,151
583346,583500,583505,5,154
583346,583499,583505,6,153
583346,583500,583506,6,154
583346,583501,583507,6,155
583346,583499,583507,8,153
583346,583498,583508,10,152
583346,583497,583509,12,151
583346,583498,583508,10,152
583346,583497,583510,13,151
583346,583498,583509,11,152
583346,583498,583510,12,152
583346,583498,583510,12,152
583346,583497,583511,14,151
583346,583499,583511,12,153
583346,583499,583511,12,153
583346,583505,583510,5,159
583346,583499,583512,13,153
583346,583499,583511,12,153
583346,583505,583513,8,159
583346,583509,583517,8,163
583346,583511,583517,6,165
583346,583510,583517,7,164
583346,583511,583517,6,165
583346,583511,583517,6,165
583346,583505,583517,12,159
583346,583510,583518,8,164
583346,583506,583518,12,160
583346,583510,583519,9,164
583346,583508,583519,11,162
583346,583507,583519,12,161
583020,583162,583518,356,142
583346,583510,583519,9,164
583346,583512,583519,7,166
583346,583507,583520,13,161
583346,583518,583520,2,172
583346,583511,583519,8,165
583346,583518,583520,2,172
583346,583512,583519,7,166
583346,583519,583521,2,173
583346,583517,583521,4,171
583346,583518,583521,3,172
583346,583518,583521,3,172
583346,583519,583521,2,173
583346,583513,583520,7,167
583346,583509,583521,12,163
583346,583519,583522,3,173
583346,583519,583521,2,173
583346,583520,583521,1,174
583346,583521,583522,1,175
583346,583519,583521,2,173
583346,583519,583521,2,173
583346,583520,583523,3,174
583346,583520,583523,3,174
583346,583517,583523,6,171
583346,583521,583523,2,175
583346,583517,583522,5,171
583346,583521,583522,1,175
583346,583520,583522,2,174
583346,583520,583522,2,174
583346,583521,583523,2,175
583346,583522,583524,2,176
583346,583522,583524,2,176
583346,583521,583523,2,175
583346,583517,583523,6,171
583399,583522,583524,2,123
583399,583522,583525,3,123
583346,583522,583524,2,176
583399,583522,583525,3,123
583399,583523,583525,2,124
583399,583523,583526,3,124
583399,583523,583526,3,124
583399,583523,583525,2,124
583399,583523,583525,2,124
583399,583523,583526,3,124
583399,583523,583528,5,124
583399,583527,583532,5,128
583399,583527,583532,5,128
583399,583524,583533,9,125
583399,583528,583534,6,129
583399,583524,583535,11,125
583399,583524,583536,12,125
583399,583525,583536,11,126
583399,583524,583536,12,125
583399,583524,583536,12,125
583399,583524,583536,12,125
582939,583035,583537,502,96
583399,583525,583537,12,126
583399,583526,583536,10,127
583399,583524,583538,14,125
583399,583525,583537,12,126
583399,583526,583539,13,127
583399,583525,583538,13,126
583399,583526,583539,13,127
583399,583532,583540,8,133
583399,583536,583540,4,137
583399,583536,583541,5,137
583399,583532,583541,9,133
583399,583537,583543,6,138
583399,583533,583543,10,134
583399,583537,583544,7,138
583399,583536,583544,8,137
583399,583536,583544,8,137
583399,583538,583545,7,139
583399,583540,583545,5,141
583399,583536,583545,9,137
583399,583540,583545,5,141
583399,583537,583544,7,138
583399,583539,583545,6,140
583399,583535,583545,10,136
583399,583538,583546,8,139
583399,583539,583546,7,140
583399,583545,583547,2,146
583399,583541,583547,6,142
583399,583545,583547,2,146
583399,583535,583546,11,136
583399,583545,583547,2,146
583399,583539,583547,8,140
583399,583545,583548,3,146
583399,583544,583547,3,145
583399,583546,583548,2,147
583399,583542,583547,5,143
583399,583545,583548,3,146
583399,583544,583548,4,145
583399,583545,583547,2,146
583399,583543,583549,6,144
583399,583544,583549,5,145
583399,583547,583548,1,148
583399,583548,583549,1,149
583399,583546,583549,3,147
583399,583546,583548,2,147
583399,583546,583548,2,147
583399,583547,583549,2,148
583399,583547,583548,1,148
583399,583547,583550,3,148
583399,583548,583550,2,149
583399,583548,583550,2,149
583399,583548,583550,2,149
583413,583549,583551,2,136
583399,583547,583550,3,148
583399,583547,583550,3,148
583399,583548,583551,3,149
583399,583548,583550,2,149
583413,583549,583551,2,136
583413,583549,583552,3,136
583413,583549,583552,3,136
583413,583549,583551,2,136
583413,583549,583551,2,136
583413,583549,583553,4,136
583413,583549,583553,4,136
583413,583549,583553,4,136
583413,583550,583554,4,137
583413,583550,583559,9,137
583413,583551,583561,10,138
583413,583551,583562,11,138
583413,583553,583562,9,140
583413,583550,583563,13,137
583413,583551,583563,12,138
583413,583552,583562,10,139
583413,583554,583564,10,141
583413,583552,583564,12,139
583413,583550,583563,13,137
583413,583552,583564,12,139
583413,583553,583564,11,140
583413,583551,583563,12,138
583413,583553,583564,11,140
583413,583552,583565,13,139
583413,583551,583565,14,138
583413,583551,583564,13,138
583413,583559,583569,10,146
583413,583564,583569,5,151
583413,583561,583569,8,148
583413,583564,583570,6,151
583413,583564,583570,6,151
583413,583565,583570,5,152
583413,583564,583571,7,151
583413,583562,583571,9,149
583413,583564,583571,7,151
583413,583565,583572,7,152
583413,583565,583572,7,152
583413,583564,583572,8,151
583413,583564,583573,9,151
583413,583563,583573,10,150
583413,583564,583572,8,151
583413,583563,583574,11,150
583413,583562,583573,11,149
583413,583572,583575,3,159
583413,583573,583575,2,160
583413,583570,583575,5,157
583413,583570,583575,5,157
583413,583573,583576,3,160
583413,583572,583576,4,159
583413,583572,583576,4,159
583413,583570,583576,6,157
583413,583573,583575,2,160
583413,583569,583576,7,156
583413,583572,583576,4,159
583413,583572,583576,4,159
583413,583574,583576,2,161
583413,583569,583576,7,156
583413,583571,583577,6,158
583413,583574,583578,4,161
583413,583575,583578,3,162
583413,583575,583578,3,162
583413,583576,583577,1,163
583413,583575,583578,3,162
583413,583570,583577,7,157
583413,583576,583577,1,163
583413,583576,583579,3,163
583413,583576,583578,2,163
583413,583576,583579,3,163
583413,583577,583578,1,164
583413,583576,583578,2,163
583413,583576,583578,2,163
583413,583577,583580,3,164
583413,583577,583579,2,164
583413,583577,583580,3,164
583430,583578,583580,2,148
583430,583578,583580,2,148
583430,583578,583581,3,148
583430,583579,583581,2,149
583430,583578,583581,3,148
583430,583578,583580,2,148
583430,583578,583582,4,148
583430,583579,583582,3,149
583430,583579,583582,3,149
583430,583579,583584,5,149
583430,583579,583587,8,149
583430,583584,583589,5,154
583430,583584,583590,6,154
583430,583582,583590,8,152
583430,583580,583590,10,150
583430,583580,583591,11,150
583430,583579,583591,12,149
583430,583581,583591,10,151
583430,583580,583592,12,150
583430,583579,583591,12,149
583430,583580,583592,12,150
583430,583587,583593,6,157
583430,583581,583593,12,151
583430,583581,583593,12,151
583430,583580,583592,12,150
583430,583582,583595,13,152
583430,583581,583596,15,151
583430,583589,583596,7,159
583430,583592,583598,6,162
583430,583591,583599,8,161
583430,583593,583599,6,163
583430,583592,583599,7,162
583430,583590,583600,10,160
583430,583592,583599,7,162
583430,583593,583599,6,163
583430,583590,583600,10,160
583430,583592,583601,9,162
583430,583591,583601,10,161
583430,583591,583601,10,161
583430,583593,583601,8,163
583430,583593,583603,10,163
583430,583601,583604,3,171
583430,583595,583604,9,165
583430,583601,583604,3,171
583430,583600,583604,4,170
583430,583598,583604,6,168
583430,583600,583604,4,170
583430,583596,583605,9,166
583430,583599,583605,6,169
583430,583602,583604,2,172
583430,583599,583605,6,169
583430,583600,583605,5,170
583430,583604,583606,2,174
583430,583596,583606,10,166
583430,583599,583606,7,169
583430,583600,583605,5,170
583430,583602,583605,3,172
583430,583604,583607,3,174
583430,583605,583607,2,175
583430,583604,583607,3,174
583430,583603,583606,3,173
583430,583605,583607,2,175
583430,583604,583606,2,174
583430,583604,583606,2,174
583430,583605,583606,1,175
583430,583604,583608,4,174
583430,583606,583608,2,176
583430,583606,583608,2,176
583430,583605,583607,2,175
583430,583606,583607,1,176
583430,583607,583609,2,177
583430,583606,583608,2,176
583430,583605,583608,3,175
583430,583606,583608,2,176
583465,583607,583609,2,142
583465,583607,583610,3,142
583430,583607,583609,2,177
583465,583607,583610,3,142
583465,583607,583609,2,142
583465,583608,583611,3,143
583465,583607,583610,3,142
583465,583608,583611,3,143
583465,583608,583611,3,143
583465,583608,583611,3,143
583465,583608,583612,4,143
582995,583130,583613,483,135
583465,583610,583620,10,145
583465,583609,583620,11,144
583465,583610,583621,11,145
583465,583609,583621,12,144
583465,583611,583621,10,146
583465,583609,583621,12,144
583465,583610,583621,11,145
583465,583610,583622,12,145
583465,583610,583622,12,145
583465,583613,583623,10,148
583465,583611,583623,12,146
583465,583609,583622,13,144
583465,583612,583623,11,147
583465,583611,583623,12,146
583465,583611,583623,12,146
583465,583611,583623,12,146
583465,583623,583627,4,158
583465,583623,583628,5,158
583465,583623,583628,5,158
583465,583623,583628,5,158
583465,583620,583629,9,155
583465,583624,583629,5,159
583465,583623,583629,6,158
583465,583621,583629,8,156
583465,583625,583630,5,160
583465,583623,583630,7,158
583465,583621,583630,9,156
583465,583621,583629,8,156
583465,583620,583629,9,155
583465,583622,583631,9,157
583465,583621,583631,10,156
583465,583621,583632,11,156
583465,583627,583633,6,162
583465,583629,583633,4,164
583465,583632,583634,2,167
583465,583630,583634,4,165
583465,583628,583634,6,163
583465,583631,583634,3,166
583465,583628,583634,6,163
583465,583630,583635,5,165
583465,583628,583634,6,163
583465,583630,583635,5,165
583465,583630,583635,5,165
583465,583629,583635,6,164
583465,583629,583636,7,164
583465,583634,583636,2,169
583465,583629,583635,6,164
583465,583630,583635,5,165
583465,583632,583635,3,167
583465,583634,583637,3,169
583465,583633,583636,3,168
583465,583635,583637,2,170
583465,583634,583637,3,169
583465,583635,583637,2,170
583465,583634,583636,2,169
583465,583635,583636,1,170
583465,583634,583637,3,169
583465,583635,583637,2,170
583465,583635,583637,2,170
583465,583635,583637,2,170
583465,583636,583637,1,171
583465,583636,583639,3,171
583465,583636,583638,2,171
583519,583637,583639,2,118
583465,583636,583638,2,171
583519,583637,583639,2,118
583465,583636,583640,4,171
583519,583637,583639,2,118
583519,583637,583640,3,118
583519,583638,583639,1,119
583519,583638,583639,1,119
583519,583638,583641,3,119
583519,583638,583641,3,119
583519,583638,583643,5,119
583519,583638,583645,7,119
583519,583638,583649,11,119
583519,583640,583650,10,121
583519,583640,583651,11,121
583519,583639,583651,12,120
583519,583639,583651,12,120
583519,583639,583651,12,120
583519,583639,583651,12,120
583519,583640,583652,12,121
583519,583639,583651,12,120
583519,583641,583651,10,122
583519,583640,583653,13,121
583519,583640,583652,12,121
583519,583643,583652,9,124
583519,583645,583655,10,126
583519,583641,583654,13,122
583519,583652,583656,4,133
583519,583652,583656,4,133
583519,583649,583656,7,130
583519,583652,583657,5,133
583519,583652,583657,5,133
583519,583651,583658,7,132
583519,583653,583658,5,134
583519,583650,583658,8,131
583519,583651,583658,7,132
583519,583653,583659,6,134
583519,583655,583660,5,136
583519,583651,583660,9,132
583519,583651,583660,9,132
583519,583653,583659,6,134
583519,583655,583661,6,136
583519,583656,583661,5,137
583519,583656,583662,6,137
583519,583656,583662,6,137
583519,583657,583663,6,138
583519,583658,583664,6,139
583519,583658,583664,6,139
583519,583662,583665,3,143
583519,583661,583665,4,142
583519,583660,583666,6,141
583519,583659,583665,6,140
583519,583658,583665,7,139
583519,583661,583665,4,142
583519,583658,583667,9,139
583519,583660,583666,6,141
583519,583660,583666,6,141
583519,583664,583667,3,145
583519,583665,583667,2,146
583519,583660,583667,7,141
583519,583664,583666,2,145
583519,583663,583667,4,144
583519,583662,583668,6,143
583519,583660,583668,8,141
583519,583666,583669,3,147
583519,583665,583669,4,146
583519,583667,583669,2,148
583519,583667,583670,3,148
583519,583667,583670,3,148
583519,583666,583670,4,147
583519,583667,583669,2,148
583519,583666,583670,4,147
583519,583667,583671,4,148
583537,583669,583671,2,132
583519,583666,583670,4,147
583519,583667,583670,3,148
583519,583667,583671,4,148
583537,583668,583671,3,131
583519,583667,583671,4,148
583537,583669,583672,3,132
583537,583669,583671,2,132
583537,583670,583672,2,133
583537,583670,583672,2,133
583537,583670,583673,3,133
583537,583670,583674,4,133
583537,583670,583674,4,133
583537,583671,583674,3,134
583193,583332,583676,344,139
583537,583671,583681,10,134
583537,583676,583681,5,139
583537,583672,583682,10,135
583537,583671,583682,11,134
583537,583671,583683,12,134
583537,583672,583683,11,135
583537,583672,583684,12,135
583537,583673,583684,11,136
583537,583671,583683,12,134
583537,583673,583684,11,136
583537,583673,583685,12,136
583537,583681,583686,5,144
583537,583681,583686,5,144
583537,583675,583685,10,138
583537,583674,583687,13,137
583537,583674,583687,13,137
583036,583194,583687,493,158
583537,583674,583689,15,137
583537,583682,583689,7,145
583537,583682,583692,10,145
583537,583686,583693,7,149
583537,583684,583693,9,147
583537,583685,583693,8,148
583537,583683,583692,9,146
583537,583684,583694,10,147
583537,583686,583693,7,149
583537,583684,583693,9,147
583537,583683,583694,11,146
583537,583686,583694,8,149
583537,583687,583694,7,150
583537,583688,583695,7,151
583537,583684,583695,11,147
583537,583687,583695,8,150
583537,583689,583696,7,152
583537,583689,583696,7,152
583537,583695,583697,2,158
583537,583695,583697,2,158
583537,583696,583698,2,159
583537,583695,583698,3,158
583537,583695,583697,2,158
583537,583696,583698,2,159
583537,583694,583699,5,157
583537,583693,583698,5,156
583537,583694,583699,5,157
583537,583695,583698,3,158
583537,583697,583699,2,160
583537,583692,583700,8,155
583537,583693,583699,6,156
583537,583694,583699,5,157
583537,583697,583700,3,160
583537,583693,583699,6,156
583537,583693,583700,7,156
583537,583698,583699,1,161
583537,583699,583700,1,162
583537,583694,583700,6,157
583537,583698,583701,3,161
583537,583699,583700,1,162
583537,583700,583701,1,163
583537,583699,583701,2,162
583537,583698,583701,3,161
583537,583698,583700,2,161
583537,583699,583702,3,162
583621,583700,583702,2,79
583537,583700,583702,2,163
583621,583700,583703,3,79
583537,583700,583702,2,163
583537,583700,583702,2,163
583621,583701,583703,2,80
583537,583699,583702,3,162
583621,583701,583704,3,80
583621,583701,583703,2,80
583621,583701,583704,3,80
583621,583700,583703,3,79
583621,583701,583703,2,80
583621,583701,583706,5,80
583109,583224,583706,482,115
583621,583701,583710,9,80
583621,583702,583712,10,81
583621,583703,583713,10,82
583621,583705,583713,8,84
583621,583703,583714,11,82
583621,583702,583714,12,81
583621,583702,583715,13,81
583621,583703,583715,12,82
583621,583706,583715,9,85
583621,583703,583715,12,82
583621,583704,583716,12,83
583621,583704,583716,12,83
583621,583704,583716,12,83
583621,583704,583716,12,83
583621,583706,583716,10,85
583621,583703,583716,13,82
583621,583712,583719,7,91
583621,583716,583720,4,95
583621,583716,583720,4,95
583621,583714,583721,7,93
583621,583716,583720,4,95
583621,583717,583721,4,96
583621,583716,583721,5,95
583621,583711,583721,10,90
583621,583715,583721,6,94
583621,583717,583722,5,96
583621,583713,583721,8,92
583621,583713,583722,9,92
583621,583717,583723,6,96
583621,583715,583723,8,94
583621,583714,583723,9,93
583621,583715,583724,9,94
583621,583719,583723,4,98
583621,583720,583725,5,99
583621,583722,583726,4,101
583621,583722,583726,4,101
583621,583720,583726,6,99
583621,583723,583727,4,102
583621,583721,583727,6,100
583621,583721,583727,6,100
583621,583723,583727,4,102
583621,583721,583726,5,100
583621,583726,583728,2,105
583621,583721,583728,7,100
583621,583721,583727,6,100
583621,583721,583728,7,100
583621,583723,583727,4,102
583621,583724,583727,3,103
583621,583726,583728,2,105
583621,583726,583729,3,105
583621,583722,583728,6,101
583621,583724,583729,5,103
583621,583725,583728,3,104
583621,583727,583730,3,106
583621,583727,583729,2,106
583621,583728,583730,2,107
583621,583727,583730,3,106
583621,583728,583730,2,107
583621,583728,583731,3,107
583621,583727,583730,3,106
583621,583728,583730,2,107
583621,583728,583731,3,107
583621,583729,583731,2,108
583621,583728,583730,2,107
583621,583727,583730,3,106
583683,583730,583732,2,47
583683,583730,583732,2,47
583683,583730,583732,2,47
583621,583728,583731,3,107
583683,583729,583732,3,46
583683,583730,583732,2,47
583683,583730,583732,2,47
583683,583730,583732,2,47
583683,583731,583734,3,48
583683,583731,583733,2,48
583683,583731,583738,7,48
583219,583386,583739,353,167
583683,583731,583740,9,48
583683,583733,583741,8,50
583683,583732,583742,10,49
583683,583732,583742,10,49
583144,583249,583742,493,105
583683,583731,583742,11,48
583683,583731,583743,12,48
583683,583734,583744,10,51
583683,583734,583744,10,51
583683,583742,583745,3,59
583683,583733,583745,12,50
583683,583733,583744,11,50
583683,583732,583745,13,49
583683,583742,583745,3,59
583683,583732,583744,12,49
583683,583743,583746,3,60
583683,583741,583746,5,58
583683,583732,583746,14,49
583683,583742,583746,4,59
583683,583738,583747,9,55
583683,583739,583747,8,56
583683,583743,583747,4,60
583683,583733,583747,14,50
583683,583744,583748,4,61
583683,583740,583747,7,57
583683,583744,583747,3,61
583683,583745,583748,3,62
583683,583745,583750,5,62
583683,583745,583750,5,62
583683,583745,583751,6,62
583683,583748,583751,3,65
583683,583745,583751,6,62
583683,583746,583752,6,63
583683,583746,583752,6,63
583683,583745,583752,7,62
583683,583748,583752,4,65
583683,583748,583753,5,65
583683,583748,583753,5,65
583683,583747,583752,5,64
583683,583748,583753,5,65
583683,583747,583752,5,64
583683,583747,583754,7,64
583683,583751,583754,3,68
583683,583747,583754,7,64
583683,583751,583753,2,68
583683,583747,583753,6,64
583683,583750,583753,3,67
583683,583751,583755,4,68
583683,583752,583755,3,69
583683,583750,583754,4,67
583683,583752,583755,3,69
583683,583753,583756,3,70
583683,583752,583756,4,69
583683,583753,583756,3,70
583683,583754,583757,3,71
583683,583754,583757,3,71
583683,583754,583756,2,71
583683,583754,583757,3,71
583683,583753,583757,4,70
583683,583754,583757,3,71
583683,583753,583756,3,70
583683,583754,583758,4,71
583683,583755,583758,3,72
583689,583756,583757,1,67
583683,583752,583757,5,69
583683,583754,583757,3,71
583689,583756,583757,1,67
583689,583756,583757,1,67
583683,583755,583758,3,72
583689,583756,583759,3,67
583155,583278,583759,481,123
583689,583757,583758,1,68
583689,583757,583759,2,68
583689,583757,583759,2,68
583689,583757,583761,4,68
583689,583757,583760,3,68
583689,583757,583766,9,68
583689,583759,583768,9,70
583689,583760,583768,8,71
583689,583759,583769,10,70
583689,583760,583770,10,71
583689,583759,583769,10,70
583689,583761,583770,9,72
583689,583761,583770,9,72
583689,583758,583769,11,69
583689,583759,583770,11,70
583689,583757,583770,13,68
583689,583758,583770,12,69
583689,583758,583770,12,69
583689,583759,583770,11,70
583689,583769,583771,2,80
583689,583759,583771,12,70
583689,583758,583771,13,69
583689,583758,583771,13,69
583689,583768,583771,3,79
583689,583768,583773,5,79
583689,583770,583773,3,81
583689,583770,583773,3,81
583689,583770,583774,4,81
583689,583770,583774,4,81
583689,583770,583773,3,81
583689,583770,583775,5,81
583689,583770,583775,5,81
583689,583771,583775,4,82
583274,583441,583774,333,167
583689,583771,583774,3,82
583689,583771,583776,5,82
583689,583771,583776,5,82
583689,583766,583776,10,77
583689,583772,583777,5,83
583689,583771,583776,5,82
583689,583771,583778,7,82
583689,583775,583778,3,86
583689,583774,583778,4,85
583689,583773,583778,5,84
583689,583775,583779,4,86
583689,583773,583779,6,84
583689,583771,583779,8,82
583689,583774,583779,5,85
583689,583773,583779,6,84
583689,583774,583779,5,85
583689,583775,583779,4,86
583689,583775,583780,5,86
583689,583775,583780,5,86
583689,583776,583781,5,87
583689,583777,583781,4,88
583689,583778,583781,3,89
583689,583777,583780,3,88
583689,583778,583780,2,89
583689,583779,583781,2,90
583689,583776,583780,4,87
583689,583778,583781,3,89
583689,583779,583782,3,90
583689,583780,583782,2,91
583689,583780,583782,2,91
583689,583777,583782,5,88
583689,583780,583782,2,91
583689,583779,583781,2,90
583689,583779,583781,2,90
583713,583781,583782,1,68
583689,583779,583781,2,90
583689,583779,583783,4,90
583713,583781,583783,2,68
583689,583781,583783,2,92
583689,583779,583782,3,90
583713,583781,583784,3,68
583713,583781,583783,2,68
583713,583781,583783,2,68
583713,583782,583785,3,69
583713,583781,583784,3,68
583713,583782,583784,2,69
583713,583782,583786,4,69
583713,583782,583788,6,69
583713,583783,583792,9,70
583713,583782,583792,10,69
583713,583782,583792,10,69
583713,583788,583793,5,75
583713,583782,583792,10,69
583713,583784,583793,9,71
583713,583782,583793,11,69
583713,583785,583794,9,72
583713,583784,583793,9,71
583713,583784,583794,10,71
583713,583782,583795,13,69
583713,583793,583795,2,80
583713,583792,583795,3,79
583713,583785,583795,10,72
583713,583785,583795,10,72
583713,583783,583795,12,70
583713,583784,583795,11,71
583713,583783,583796,13,70
583713,583793,583795,2,80
583713,583793,583796,3,80
583713,583793,583795,2,80
583713,583794,583797,3,81
583713,583786,583797,11,73
583713,583794,583797,3,81
583713,583794,583798,4,81
583713,583794,583798,4,81
583713,583795,583798,3,82
583713,583795,583798,3,82
583713,583795,583799,4,82
583713,583793,583798,5,80
583713,583795,583800,5,82
583713,583795,583800,5,82
583713,583796,583801,5,83
583713,583796,583802,6,83
583713,583796,583802,6,83
583713,583796,583802,6,83
583713,583797,583801,4,84
583713,583798,583802,4,85
583713,583797,583802,5,84
583713,583797,583803,6,84
583713,583799,583802,3,86
583713,583796,583803,7,83
583713,583796,583802,6,83
583713,583798,583802,4,85
583713,583799,583802,3,86
583713,583798,583804,6,85
583713,583800,583804,4,87
583713,583801,583804,3,88
583713,583798,583803,5,85
583713,583802,583804,2,89
583713,583803,583805,2,90
583713,583802,583805,3,89
583713,583803,583806,3,90
583713,583802,583806,4,89
583713,583800,583805,5,87
583713,583802,583806,4,89
583713,583802,583805,3,89
583713,583803,583805,2,90
583713,583804,583805,1,91
583713,583803,583806,3,90
583743,583805,583807,2,62
583713,583804,583807,3,91
583743,583805,583806,1,62
583743,583805,583807,2,62
583713,583802,583806,4,89
583713,583803,583806,3,90
583713,583803,583806,3,90
583713,583804,583806,2,91
583743,583806,583809,3,63
583743,583806,583808,2,63
583743,583806,583808,2,63
583157,583307,583809,502,150
583743,583806,583808,2,63
583743,583806,583808,2,63
583743,583806,583809,3,63
583743,583806,583811,5,63
583743,583811,583814,3,68
583743,583814,583816,2,71
583743,583807,583817,10,64
583743,583810,583817,7,67
583743,583807,583817,10,64
583743,583806,583817,11,63
583743,583808,583817,9,65
583743,583807,583818,11,64
583743,583807,583817,10,64
583743,583807,583817,10,64
583743,583809,583817,8,66
583743,583816,583818,2,73
583743,583807,583819,12,64
583743,583809,583819,10,66
583743,583807,583818,11,64
583743,583809,583819,10,66
583743,583809,583818,9,66
583743,583817,583820,3,74
583743,583809,583820,11,66
583743,583817,583819,2,74
583743,583818,583821,3,75
583743,583809,583820,11,66
583743,583817,583821,4,74
583743,583817,583821,4,74
583743,583818,583821,3,75
583743,583818,583821,3,75
583743,583818,583821,3,75
583743,583818,583821,3,75
583743,583818,583821,3,75
583743,583819,583823,4,76
583743,583819,583823,4,76
583743,583819,583823,4,76
583743,583819,583825,6,76
583743,583820,583825,5,77
583743,583819,583825,6,76
583743,583820,583826,6,77
583743,583822,583826,4,79
583743,583822,583826,4,79
583743,583822,583825,3,79
583743,583821,583826,5,78
583743,583821,583827,6,78
583743,583823,583827,4,80
583743,583821,583826,5,78
583743,583820,583827,7,77
583743,583821,583827,6,78
583743,583823,583827,4,80
583743,583822,583826,4,79
583743,583822,583826,4,79
583743,583823,583827,4,80
583743,583825,583828,3,82
583743,583826,583829,3,83
583743,583826,583828,2,83
583743,583828,583829,1,85
583743,583825,583828,3,82
583743,583826,583829,3,83
583743,583827,583828,1,84
583743,583825,583828,3,82
583743,583826,583829,3,83
583743,583827,583830,3,84
583743,583827,583830,3,84
583743,583827,583830,3,84
583743,583826,583829,3,83
583743,583827,583830,3,84
583743,583827,583830,3,84
583743,583827,583829,2,84
583743,583829,583831,2,86
583743,583829,583831,2,86
583743,583829,583832,3,86
583743,583829,583831,2,86
583743,583829,583831,2,86
583743,583829,583831,2,86
583743,583828,583831,3,85
583743,583829,583832,3,86
583743,583829,583834,5,86
583743,583829,583836,7,86
583743,583830,583839,9,87
583743,583831,583841,10,88
583743,583833,583841,8,90
583743,583830,583841,11,87
583743,583830,583841,11,87
583743,583830,583842,12,87
583743,583832,583842,10,89
583743,583832,583841,9,89
583743,583830,583842,12,87
583743,583830,583842,12,87
583743,583833,583843,10,90
583743,583830,583843,13,87
583743,583832,583842,10,89
583743,583832,583842,10,89
583743,583832,583844,12,89
583743,583834,583845,11,91
583743,583836,583846,10,93
583743,583841,583847,6,98
583743,583841,583848,7,98
583743,583839,583848,9,96
583743,583841,583848,7,98
583743,583842,583848,6,99
583743,583842,583849,7,99
583743,583844,583849,5,101
583743,583841,583849,8,98
583743,583842,583850,8,99
583743,583845,583851,6,102
583743,583844,583851,7,101
583743,583848,583852,4,105
583743,583843,583852,9,100
583743,583850,583852,2,107
583743,583846,583852,6,103
583743,583843,583852,9,100
583743,583843,583853,10,100
583743,583848,583853,5,105
583743,583849,583853,4,106
583743,583847,583854,7,104
583743,583842,583854,12,99
583743,583849,583853,4,106
583743,583850,583853,3,107
583743,583842,583853,11,99
583743,583848,583853,5,105
583212,583359,583854,495,147
583743,583851,583855,4,108
583743,583851,583855,4,108
583743,583852,583855,3,109
583743,583853,583855,2,110
583743,583852,583854,2,109
583743,583848,583854,6,105
583743,583853,583856,3,110
583743,583854,583857,3,111
583743,583852,583857,5,109
583743,583856,583857,1,113
583743,583852,583857,5,109
583743,583854,583857,3,111
583743,583853,583856,3,110
583743,583854,583858,4,111
583743,583854,583858,4,111
583743,583855,583858,3,112
583743,583854,583857,3,111
583743,583854,583857,3,111
583743,583855,583857,2,112
583743,583855,583857,2,112
583743,583855,583857,2,112
583771,583857,583859,2,86
583743,583853,583858,5,110
583743,583854,583858,4,111
583771,583857,583858,1,86
583771,583857,583860,3,86
583771,583858,583860,2,87
583771,583857,583860,3,86
583771,583857,583859,2,86
583771,583858,583860,2,87
583771,583857,583859,2,86
583771,583858,583860,2,87
583771,583858,583861,3,87
583347,583522,583862,340,175
583771,583858,583865,7,87
583771,583861,583866,5,90
583771,583863,583867,4,92
583771,583865,583867,2,94
583771,583859,583868,9,88
583771,583861,583869,8,90
583771,583859,583869,10,88
583771,583866,583868,2,95
583771,583860,583869,9,89
583771,583858,583869,11,87
583771,583858,583868,10,87
583771,583859,583868,9,88
583771,583860,583869,9,89
583771,583867,583870,3,96
583771,583860,583870,10,89
583771,583859,583869,10,88
583771,583860,583870,10,89
583771,583867,583869,2,96
583771,583861,583869,8,90
583771,583860,583871,11,89
583771,583868,583872,4,97
583771,583869,583872,3,98
583771,583869,583871,2,98
583771,583869,583871,2,98
583771,583869,583872,3,98
583771,583869,583872,3,98
583771,583869,583872,3,98
583771,583869,583872,3,98
583771,583870,583873,3,99
583771,583859,583872,13,88
583771,583869,583873,4,98
583771,583870,583876,6,99
583771,583872,583876,4,101
583771,583870,583876,6,99
583771,583870,583876,6,99
583771,583872,583877,5,101
583771,583870,583877,7,99
583771,583872,583876,4,101
583771,583872,583876,4,101
583771,583872,583876,4,101
583771,583873,583876,3,102
583771,583873,583877,4,102
583771,583870,583877,7,99
583771,583871,583877,6,100
583771,583872,583876,4,101
583771,583872,583877,5,101
583771,583876,583878,2,105
583771,583873,583879,6,102
583771,583876,583879,3,105
583771,583874,583879,5,103
583771,583877,583879,2,106
583771,583877,583879,2,106
583771,583877,583879,2,106
583771,583877,583879,2,106
583771,583877,583880,3,106
583771,583877,583880,3,106
583771,583876,583880,4,105
583771,583877,583880,3,106
583771,583877,583880,3,106
583771,583879,583881,2,108
583771,583877,583880,3,106
583771,583879,583880,1,108
583771,583877,583880,3,106
583771,583876,583880,4,105
583776,583880,583882,2,104
583771,583878,583881,3,107
583776,583880,583882,2,104
583776,583880,583881,1,104
583776,583879,583882,3,103
583776,583880,583882,2,104
583776,583880,583883,3,104
583776,583880,583882,2,104
583776,583880,583884,4,104
583776,583880,583885,5,104
583776,583881,583886,5,105
583776,583881,583888,7,105
583348,583522,583891,369,174
583776,583881,583892,11,105
583776,583882,583892,10,106
583776,583882,583893,11,106
583776,583882,583892,10,106
583776,583883,583893,10,107
583776,583881,583893,12,105
583776,583881,583894,13,105
583776,583882,583894,12,106
583776,583883,583893,10,107
583776,583882,583894,12,106
583776,583881,583896,15,105
583776,583883,583895,12,107
583776,583884,583896,12,108
583776,583885,583898,13,109
583776,583887,583898,11,111
583776,583888,583899,11,112
583776,583891,583901,10,115
583776,583893,583902,9,117
583776,583892,583903,11,116
583776,583893,583902,9,117
583776,583896,583903,7,120
583776,583896,583903,7,120
583776,583892,583902,10,116
583776,583893,583902,9,117
583776,583894,583902,8,118
583776,583894,583904,10,118
583776,583899,583904,5,123
583776,583894,583905,11,118
583776,583894,583905,11,118
583776,583904,583906,2,128
583776,583904,583906,2,128
583776,583894,583906,12,118
583776,583898,583905,7,122
583776,583902,583907,5,126
583776,583898,583907,9,122
583776,583896,583907,11,120
583776,583904,583907,3,128
583776,583902,583907,5,126
583776,583903,583908,5,127
583776,583903,583908,5,127
583776,583905,583908,3,129
583776,583905,583908,3,129
583776,583904,583907,3,128
583776,583904,583907,3,128
583776,583906,583908,2,130
583244,583414,583909,495,170
583776,583903,583908,5,127
583776,583903,583909,6,127
583776,583906,583909,3,130
583776,583907,583909,2,131
583776,583908,583910,2,132
583776,583906,583910,4,130
583776,583906,583909,3,130
583776,583908,583910,2,132
583776,583907,583910,3,131
583776,583908,583911,3,132
583776,583907,583911,4,131
583776,583908,583910,2,132
583776,583908,583910,2,132
583776,583908,583910,2,132
583776,583908,583910,2,132
583776,583907,583911,4,131
583818,583910,583912,2,92
583776,583909,583911,2,133
583776,583909,583911,2,133
583776,583908,583911,3,132
583818,583910,583911,1,92
583818,583910,583911,1,92
583818,583910,583911,1,92
583818,583910,583911,1,92
583818,583910,583913,3,92
583818,583911,583913,2,93
583818,583910,583912,2,92
583818,583911,583914,3,93
583818,583911,583913,2,93
583818,583911,583916,5,93
583818,583915,583918,3,97
583818,583916,583920,4,98
583818,583912,583920,8,94
583818,583914,583920,6,96
583818,583911,583921,10,93
583818,583913,583921,8,95
583818,583912,583922,10,94
583818,583912,583922,10,94
583818,583912,583922,10,94
583818,583911,583921,10,93
583818,583912,583921,9,94
583818,583913,583923,10,95
583818,583918,583923,5,100
583818,583913,583922,9,95
583818,583911,583923,12,93
583818,583912,583923,11,94
583818,583912,583924,12,94
583818,583920,583923,3,102
583818,583912,583923,11,94
583818,583920,583924,4,102
583818,583922,583925,3,104
583818,583922,583924,2,104
583818,583920,583924,4,102
583818,583921,583924,3,103
583818,583921,583924,3,103
583818,583922,583926,4,104
583818,583923,583925,2,105
583818,583923,583925,2,105
583818,583923,583927,4,105
583818,583923,583927,4,105
583818,583925,583929,4,107
583818,583927,583929,2,109
583818,583926,583929,3,108
583818,583923,583929,6,105
583818,583923,583930,7,105
583818,583923,583930,7,105
583818,583924,583930,6,106
583818,583924,583930,6,106
583818,583924,583929,5,106
583818,583925,583929,4,107
583818,583925,583929,4,107
583818,583925,583929,4,107
583818,583926,583929,3,108
583818,583929,583931,2,111
583818,583924,583930,6,106
583818,583926,583930,4,108
583818,583929,583932,3,111
583818,583928,583931,3,110
583818,583930,583932,2,112
583818,583927,583931,4,109
583818,583929,583933,4,111
583818,583930,583933,3,112
583818,583930,583932,2,112
583818,583930,583932,2,112
583818,583929,583933,4,111
583818,583930,583933,3,112
583818,583930,583932,2,112
583818,583931,583932,1,113
583818,583930,583934,4,112
583818,583930,583933,3,112
583818,583932,583934,2,114
583854,583933,583935,2,79
583818,583930,583934,4,112
583818,583931,583934,3,113
583818,583931,583934,3,113
583854,583933,583935,2,79
583854,583933,583936,3,79
583854,583932,583935,3,78
583854,583932,583935,3,78
583854,583933,583935,2,79
583854,583933,583935,2,79
583854,583933,583936,3,79
583854,583934,583937,3,80
583854,583934,583939,5,80
583854,583934,583942,8,80
583854,583936,583944,8,82
583854,583937,583944,7,83
583854,583935,583945,10,81
583854,583936,583945,9,82
583854,583936,583946,10,82
583854,583935,583945,10,81
583854,583934,583946,12,80
583854,583935,583947,12,81
583854,583936,583946,10,82
583854,583936,583947,11,82
583854,583939,583947,8,85
583854,583935,583947,12,81
583854,583935,583948,13,81
583854,583935,583947,12,81
583854,583936,583948,12,82
583854,583945,583949,4,91
583854,583945,583949,4,91
583854,583944,583949,5,90
583854,583947,583951,4,93
583854,583942,583951,9,88
583854,583947,583951,4,93
583854,583946,583952,6,92
583854,583946,583952,6,92
583854,583946,583951,5,92
583854,583947,583951,4,93
583854,583947,583953,6,93
583854,583944,583952,8,90
583854,583949,583955,6,95
583854,583949,583955,6,95
583854,583948,583955,7,94
583854,583948,583955,7,94
583854,583948,583955,7,94
583854,583948,583955,7,94
583854,583952,583955,3,98
583854,583953,583956,3,99
583854,583953,583956,3,99
583854,583951,583957,6,97
583854,583952,583957,5,98
583854,583952,583957,5,98
583854,583951,583956,5,97
583854,583951,583957,6,97
583854,583952,583957,5,98
583854,583955,583958,3,101
583854,583955,583957,2,101
583854,583956,583959,3,102
583854,583956,583958,2,102
583854,583955,583959,4,101
583854,583955,583959,4,101
583854,583951,583958,7,97
583854,583955,583959,4,101
583854,583955,583959,4,101
583854,583956,583958,2,102
583854,583957,583960,3,103
583854,583957,583959,2,103
583854,583957,583961,4,103
583854,583957,583961,4,103
583854,583957,583960,3,103
583854,583958,583960,2,104
583854,583959,583961,2,105
583854,583959,583961,2,105
583854,583958,583960,2,104
583870,583959,583961,2,89
583854,583959,583961,2,105
583854,583959,583961,2,105
583854,583957,583961,4,103
583870,583959,583962,3,89
583870,583959,583963,4,89
583870,583960,583962,2,90
583870,583961,583964,3,91
583870,583961,583964,3,91
583870,583960,583963,3,90
583870,583961,583963,2,91
583870,583961,583963,2,91
583322,583468,583963,495,146
583870,583961,583969,8,91
583870,583961,583972,11,91
583870,583962,583973,11,92
583870,583961,583972,11,91
583870,583962,583974,12,92
583870,583962,583974,12,92
583870,583962,583974,12,92
583870,583964,583975,11,94
583870,583964,583975,11,94
583870,583961,583975,14,91
583870,583964,583975,11,94
583870,583965,583976,11,95
583870,583964,583976,12,94
583870,583964,583977,13,94
583870,583963,583977,14,93
583870,583969,583978,9,99
583870,583964,583977,13,94
583870,583972,583981,9,102
583870,583973,583981,8,103
583870,583973,583981,8,103
583870,583975,583981,6,105
583870,583974,583983,9,104
583870,583976,583983,7,106
583870,583974,583984,10,104
583870,583974,583984,10,104
583870,583975,583985,10,105
583870,583975,583985,10,105
583870,583977,583986,9,107
583870,583976,583985,9,106
583870,583976,583986,10,106
583870,583978,583987,9,108
583870,583981,583987,6,111
583870,583978,583986,8,108
583870,583983,583987,4,113
583870,583985,583988,3,115
583870,583984,583988,4,114
583870,583984,583987,3,114
583870,583986,583988,2,116
583870,583977,583988,11,107
583870,583981,583989,8,111
583870,583987,583988,1,117
583870,583986,583989,3,116
583870,583983,583989,6,113
583870,583986,583989,3,116
583870,583982,583988,6,112
583870,583983,583988,5,113
583870,583987,583988,1,117
583870,583988,583989,1,118
583870,583988,583990,2,118
583870,583987,583990,3,117
583870,583985,583989,4,115
583870,583990,583991,1,120
583870,583989,583992,3,119
583870,583990,583991,1,120
583870,583988,583992,4,118
583870,583989,583992,3,119
583870,583988,583992,4,118
583870,583989,583991,2,119
583870,583989,583991,2,119
583870,583989,583993,4,119
583870,583989,583993,4,119
583870,583990,583993,3,120
583870,583988,583992,4,118
583870,583989,583992,3,119
583870,583990,583992,2,120
583870,583989,583993,4,119
583891,583992,583994,2,101
583891,583991,583993,2,100
583891,583992,583995,3,101
583891,583993,583995,2,102
583891,583993,583994,1,102
583891,583992,583995,3,101
583891,583992,583994,2,101
583891,583993,583996,3,102
583891,583992,583996,4,101
583891,583993,584001,8,102
583891,583993,584003,10,102
583891,583993,584004,11,102
583891,583994,584005,11,103
583891,583993,584005,12,102
583891,583993,584005,12,102
583891,583994,584005,11,103
583891,583995,584006,11,104
583891,583995,584005,10,104
583891,583995,584005,10,104
583891,583995,584007,12,104
583891,583995,584007,12,104
583891,583994,584006,12,103
583891,583996,584008,12,105
583891,583996,584009,13,105
583891,584003,584012,9,112
583891,584001,584012,11,110
583891,584004,584013,9,113
583891,584005,584013,8,114
583891,584006,584014,8,115
583891,584006,584014,8,115
583891,584007,584014,7,116
583891,584005,584015,10,114
583891,584005,584015,10,114
583891,584007,584015,8,116
583891,584007,584016,9,116
583891,584007,584016,9,116
583891,584008,584018,10,117
583891,584016,584019,3,125
583891,584008,584019,11,117
583891,584017,584019,2,126
583891,584016,584019,3,125
583891,584013,584019,6,122
583891,584014,584020,6,123
583891,584014,584020,6,123
583891,584015,584020,5,124
583891,584009,584020,11,118
583891,584012,584021,9,121
583891,584013,584020,7,122
583891,584015,584020,5,124
583891,584019,584020,1,128
583891,584020,584021,1,129
583891,584018,584020,2,127
583891,584019,584021,2,128
583891,584013,584022,9,122
583891,584014,584021,7,123
583891,584020,584022,2,129
583891,584019,584021,2,128
583891,584020,584022,2,129
583891,584019,584021,2,128
583891,584020,584021,1,129
583891,584020,584023,3,129
583891,584021,584024,3,130
583891,584021,584024,3,130
583891,584022,584024,2,131
583891,584021,584024,3,130
583891,584021,584025,4,130
583891,584022,584025,3,131
583891,584021,584024,3,130
583891,584022,584025,3,131
583891,584022,584024,2,131
583891,584021,584024,3,130
583891,584022,584024,2,131
583891,584022,584025,3,131
583909,584024,584026,2,115
583891,584022,584025,3,131
583891,584021,584025,4,130
583909,584024,584027,3,115
583909,584024,584026,2,115
583909,584025,584028,3,116
583909,584025,584027,2,116
583909,584025,584028,3,116
583909,584024,584027,3,115
583909,584025,584027,2,116
583909,584025,584028,3,116
583909,584025,584031,6,116
583909,584025,584033,8,116
583909,584026,584036,10,117
583909,584027,584038,11,118
583909,584026,584039,13,117
583909,584027,584039,12,118
583909,584025,584039,14,116
583909,584026,584039,13,117
583909,584028,584038,10,119
583909,584028,584038,10,119
583909,584028,584038,10,119
583909,584028,584040,12,119
583909,584029,584040,11,120
583909,584031,584041,10,122
583909,584028,584040,12,119
583909,584033,584044,11,124
583400,583548,584045,497,148
583909,584036,584045,9,127
583909,584039,584047,8,130
583909,584038,584047,9,129
583909,584039,584048,9,130
583909,584039,584049,10,130
583909,584040,584050,10,131
583909,584041,584049,8,132
583909,584039,584050,11,130
583909,584039,584050,11,130
583909,584039,584051,12,130
583909,584039,584052,13,130
583909,584045,584052,7,136
583909,584044,584052,8,135
583909,584041,584051,10,132
583909,584040,584051,11,131
583909,584047,584053,6,138
583909,584045,584053,8,136
583909,584047,584053,6,138
583909,584049,584054,5,140
583909,584051,584055,4,142
583909,584052,584055,3,143
583909,584048,584054,6,139
583909,584052,584054,2,143
583909,584052,584056,4,143
583909,584053,584056,3,144
583909,584053,584056,3,144
583909,584051,584055,4,142
583909,584052,584056,4,143
583909,584050,584056,6,141
583909,584050,584056,6,141
583909,584050,584057,7,141
583909,584053,584056,3,144
583909,584055,584058,3,146
583909,584055,584058,3,146
583909,584055,584058,3,146
583909,584055,584059,4,146
583909,584056,584059,3,147
583909,584055,584059,4,146
583909,584056,584059,3,147
583909,584056,584059,3,147
583909,584056,584059,3,147
583909,584058,584060,2,149
583909,584056,584059,3,147
583909,584055,584059,4,146
583909,584057,584059,2,148
583909,584056,584059,3,147
583909,584056,584059,3,147
583909,584059,584060,1,150
583909,584059,584060,1,150
583909,584057,584060,3,148
583973,584059,584062,3,86
583973,584059,584061,2,86
583973,584060,584063,3,87
583973,584060,584063,3,87
583973,584059,584063,4,86
583973,584060,584064,4,87
583973,584060,584063,3,87
583973,584060,584063,3,87
583973,584060,584064,4,87
583973,584060,584070,10,87
583973,584061,584072,11,88
583973,584061,584072,11,88
583973,584060,584073,13,87
583973,584062,584073,11,89
583973,584063,584074,11,90
583973,584062,584074,12,89
583973,584063,584073,10,90
583973,584061,584074,13,88
583973,584064,584075,11,91
583973,584064,584074,10,91
583973,584064,584076,12,91
583973,584063,584077,14,90
583973,584064,584077,13,91
583973,584072,584082,10,99
583973,584070,584083,13,97
583973,584073,584084,11,100
583973,584072,584083,11,99
583973,584075,584084,9,102
583414,583578,584084,506,164
583973,584074,584084,10,101
583973,584075,584085,10,102
583973,584073,584085,12,100
583973,584074,584085,11,101
583973,584074,584086,12,101
583973,584077,584087,10,104
583973,584076,584087,11,103
583973,584077,584087,10,104
583973,584075,584087,12,102
583973,584084,584089,5,111
583973,584086,584090,4,113
583973,584085,584090,5,112
583973,584086,584090,4,113
583973,584085,584091,6,112
583973,584087,584091,4,114
583973,584087,584091,4,114
583973,584087,584091,4,114
583973,584083,584092,9,110
583973,584085,584091,6,112
583973,584084,584091,7,111
583973,584089,584093,4,116
583973,584088,584093,5,115
583973,584090,584093,3,117
583973,584091,584092,1,118
583973,584084,584093,9,111
583973,584083,584093,10,110
583973,584084,584093,9,111
583973,584090,584093,3,117
583973,584091,584094,3,118
583973,584092,584095,3,119
583973,584090,584094,4,117
583973,584091,584094,3,118
583973,584093,584096,3,120
583973,584093,584095,2,120
583973,584091,584096,5,118
583973,584092,584096,4,119
583973,584093,584095,2,120
583973,584094,584096,2,121
583973,584094,584097,3,121
583973,584094,584097,3,121
583973,584092,584096,4,119
583973,584093,584097,4,120
583973,584095,584096,1,122
583973,584094,584096,2,121
583973,584095,584098,3,122
584046,584096,584098,2,50
583973,584094,584097,3,121
583973,584095,584098,3,122
584046,584096,584098,2,50
584046,584097,584099,2,51
584046,584096,584099,3,50
584046,584097,584099,2,51
584046,584097,584100,3,51
584046,584096,584099,3,50
584046,584096,584099,3,50
584046,584097,584101,4,51
584046,584097,584104,7,51
584046,584098,584108,10,52
584046,584098,584108,10,52
584046,584098,584109,11,52
584046,584099,584110,11,53
584046,584098,584110,12,52
584046,584098,584110,12,52
584046,584099,584110,11,53
584046,584100,584111,11,54
584046,584099,584111,12,53
584046,584099,584112,13,53
584046,584100,584112,12,54
584046,584100,584113,13,54
584046,584104,584114,10,58
584046,584102,584115,13,56
584046,584108,584117,9,62
584046,584110,584118,8,64
584046,584112,584118,6,66
584046,584109,584118,9,63
584046,584110,584119,9,64
584046,584111,584118,7,65
583431,583607,584120,513,176
584046,584111,584120,9,65
584046,584108,584120,12,62
584046,584113,584119,6,67
584046,584111,584120,9,65
584046,584113,584120,7,67
584046,584110,584121,11,64
584046,584120,584122,2,74
584046,584120,584122,2,74
584046,584120,584122,2,74
584046,584114,584122,8,68
584046,584120,584122,2,74
584046,584121,584123,2,75
584046,584120,584122,2,74
584046,584120,584124,4,74
584046,584122,584124,2,76
584046,584119,584124,5,73
584046,584122,584123,1,76
584046,584122,584124,2,76
584046,584122,584124,2,76
584046,584117,584125,8,71
584046,584123,584125,2,77
584046,584123,584126,3,77
584046,584118,584126,8,72
584046,584124,584125,1,78
584046,584118,584126,8,72
584046,584124,584125,1,78
584046,584124,584126,2,78
584046,584118,584126,8,72
584046,584115,584125,10,69
584046,584123,584125,2,77
584046,584124,584126,2,78
584046,584119,584127,8,73
584046,584124,584126,2,78
584046,584124,584127,3,78
584046,584125,584127,2,79
584046,584126,584128,2,80
584046,584126,584128,2,80
584046,584126,584129,3,80
584046,584126,584129,3,80
584046,584126,584129,3,80
584046,584126,584128,2,80
584046,584126,584129,3,80
584046,584126,584128,2,80
584085,584127,584130,3,42
584085,584128,584130,2,43
584085,584127,584130,3,42
584085,584127,584129,2,42
584085,584128,584130,2,43
584046,584125,584129,4,79
584046,584126,584129,3,80
584085,584128,584131,3,43
584085,584129,584131,2,44
584085,584129,584131,2,44
584085,584129,584133,4,44
584085,584129,584135,6,44
583465,583637,584138,501,172
584085,584129,584140,11,44
584085,584130,584140,10,45
584085,584129,584141,12,44
584085,584130,584141,11,45
584085,584130,584142,12,45
584085,584131,584142,11,46
584085,584130,584142,12,45
584085,584130,584142,12,45
584085,584130,584143,13,45
584085,584130,584142,12,45
584085,584131,584144,13,46
584085,584132,584144,12,47
584085,584135,584145,10,50
584085,584133,584146,13,48
584085,584138,584148,10,53
584085,584143,584148,5,58
584085,584143,584149,6,58
584085,584140,584149,9,55
584085,584140,584149,9,55
584085,584142,584149,7,57
584085,584145,584150,5,60
584085,584144,584150,6,59
584085,584144,584151,7,59
584085,584142,584151,9,57
584085,584142,584151,9,57
584085,584141,584151,10,56
584085,584150,584151,1,65
584085,584142,584152,10,57
584085,584148,584152,4,63
584085,584149,584151,2,64
584085,584149,584152,3,64
584085,584150,584152,2,65
584085,584146,584152,6,61
584085,584149,584153,4,64
584085,584151,584153,2,66
584085,584141,584152,11,56
584085,584148,584152,4,63
584085,584151,584153,2,66
584085,584151,584153,2,66
584085,584151,584153,2,66
584085,584150,584153,3,65
584085,584152,584154,2,67
584085,584152,584153,1,67
584085,584153,584155,2,68
584085,584152,584154,2,67
584085,584153,584155,2,68
584085,584153,584154,1,68
584085,584153,584155,2,68
584085,584153,584155,2,68
584085,584153,584155,2,68
584085,584153,584155,2,68
584085,584153,584155,2,68
584085,584154,584155,1,69
584085,584154,584156,2,69
584085,584153,584156,3,68
584085,584153,584156,3,68
584085,584154,584157,3,69
584085,584154,584157,3,69
584085,584155,584157,2,70
584085,584155,584158,3,70
584085,584155,584157,2,70
584085,584156,584158,2,71
584085,584155,584157,2,70
584120,584156,584159,3,36
584120,584157,584159,2,37
584085,584156,584158,2,71
584085,584155,584158,3,70
584120,584156,584159,3,36
584120,584157,584160,3,37
584120,584157,584160,3,37
584120,584157,584160,3,37
584120,584156,584160,4,36
584120,584158,584162,4,38
584120,584157,584162,5,37
584120,584158,584165,7,38
583520,583668,584166,498,148
584120,584158,584169,11,38
584120,584159,584169,10,39
584120,584159,584170,11,39
584120,584158,584169,11,38
584120,584159,584171,12,39
584120,584159,584172,13,39
584120,584159,584171,12,39
584120,584160,584172,12,40
584120,584161,584173,12,41
584120,584160,584172,12,40
584120,584162,584174,12,42
584120,584161,584173,12,41
584120,584162,584173,11,42
584120,584165,584176,11,45
584120,584166,584178,12,46
584120,584169,584179,10,49
584120,584170,584180,10,50
584120,584174,584180,6,54
584120,584176,584180,4,56
584120,584173,584179,6,53
584120,584173,584180,7,53
584120,584169,584180,11,49
584120,584175,584181,6,55
584120,584172,584181,9,52
584120,584170,584180,10,50
584120,584172,584182,10,52
584120,584172,584182,10,52
584120,584175,584183,8,55
584120,584180,584183,3,60
584120,584180,584183,3,60
584120,584181,584183,2,61
584120,584180,584183,3,60
584120,584171,584182,11,51
584120,584178,584182,4,58
584120,584180,584184,4,60
584120,584179,584183,4,59
584120,584181,584184,3,61
584120,584182,584183,1,62
584120,584180,584184,4,60
584120,584181,584184,3,61
584120,584182,584184,2,62
584120,584183,584184,1,63
584120,584184,584185,1,64
584120,584182,584184,2,62
584120,584183,584184,1,63
584120,584183,584186,3,63
584120,584183,584186,3,63
584120,584184,584186,2,64
584120,584184,584186,2,64
584120,584183,584185,2,63
584120,584185,584186,1,65
584120,584185,584187,2,65
584120,584184,584187,3,64
584120,584185,584187,2,65
584120,584184,584186,2,64
584120,584184,584186,2,64
584120,584184,584186,2,64
584120,584185,584188,3,65
584120,584186,584188,2,66
584120,584186,584187,1,66
584120,584186,584188,2,66
584120,584185,584187,2,65
584120,584186,584189,3,66
584141,584187,584189,2,46
584120,584186,584188,2,66
584120,584186,584188,2,66
584141,584187,584189,2,46
584141,584187,584190,3,46
584141,584187,584189,2,46
584141,584187,584190,3,46
584141,584187,584191,4,46
584141,584188,584190,2,47
584141,584188,584191,3,47
584141,584188,584192,4,47
584141,584188,584196,8,47
584141,584189,584200,11,48
584141,584188,584200,12,47
584141,584189,584201,12,48
584141,584189,584202,13,48
584141,584192,584202,10,51
584141,584189,584202,13,48
584141,584189,584203,14,48
584141,584191,584202,11,50
584141,584190,584202,12,49
584141,584191,584203,12,50
584141,584190,584203,13,49
584141,584191,584203,12,50
584141,584190,584204,14,49
584141,584196,584207,11,55
583538,583700,584208,508,162
584141,584202,584208,6,61
584141,584200,584208,8,59
584141,584202,584209,7,61
584141,584203,584210,7,62
584141,584203,584210,7,62
584141,584203,584209,6,62
584141,584204,584210,6,63
584141,584204,584210,6,63
584141,584203,584209,6,62
584141,584200,584210,10,59
584141,584201,584211,10,60
584141,584202,584212,10,61
584141,584208,584212,4,67
584141,584204,584211,7,63
584141,584209,584212,3,68
584141,584209,584212,3,68
584141,584208,584212,4,67
584141,584210,584213,3,69
584141,584210,584213,3,69
584141,584210,584213,3,69
584141,584210,584213,3,69
584141,584210,584212,2,69
584141,584207,584214,7,66
584141,584210,584213,3,69
584141,584211,584214,3,70
584141,584211,584213,2,70
584141,584212,584214,2,71
584141,584212,584213,1,71
584141,584212,584214,2,71
584141,584212,584215,3,71
584141,584213,584215,2,72
584141,584212,584214,2,71
584141,584212,584214,2,71
584141,584213,584215,2,72
584141,584213,584216,3,72
584141,584214,584216,2,73
584141,584213,584215,2,72
584141,584213,584215,2,72
584141,584214,584216,2,73
584141,584214,584215,1,73
584141,584215,584217,2,74
584141,584215,584217,2,74
584141,584215,584216,1,74
584141,584214,584216,2,73
584141,584215,584217,2,74
584141,584214,584216,2,73
584141,584214,584216,2,73
584141,584216,584218,2,75
584141,584215,584218,3,74
584168,584216,584218,2,48
584168,584216,584219,3,48
584141,584216,584219,3,75
584141,584215,584218,3,74
584168,584216,584219,3,48
584168,584217,584219,2,49
584168,584217,584220,3,49
584168,584217,584219,2,49
584168,584217,584220,3,49
584168,584217,584220,3,49
584168,584217,584220,3,49
583622,583729,584224,495,107
584168,584217,584225,8,49
584168,584218,584229,11,50
584168,584218,584229,11,50
584168,584218,584230,12,50
584168,584219,584231,12,51
584168,584219,584231,12,51
584168,584219,584231,12,51
584168,584219,584231,12,51
584168,584220,584230,10,52
584168,584220,584231,11,52
584168,584221,584232,11,53
584168,584219,584232,13,51
584168,584221,584233,12,53
584168,584221,584232,11,53
584168,584225,584233,8,57
584168,584229,584234,5,61
584168,584229,584234,5,61
584168,584224,584235,11,56
584168,584232,584235,3,64
584168,584233,584236,3,65
584168,584234,584236,2,66
584168,584234,584236,2,66
584168,584232,584237,5,64
584168,584231,584237,6,63
584168,584231,584237,6,63
584168,584231,584237,6,63
584168,584232,584237,5,64
584168,584231,584236,5,63
584168,584233,584237,4,65
584168,584235,584238,3,67
584168,584236,584238,2,68
584168,584233,584237,4,65
584168,584230,584237,7,62
584168,584231,584237,6,63
584168,584236,584238,2,68
584168,584236,584239,3,68
584168,584235,584238,3,67
584168,584237,584240,3,69
584168,584237,584240,3,69
584168,584237,584240,3,69
584168,584237,584239,2,69
584168,584237,584239,2,69
584168,584238,584240,2,70
584168,584237,584239,2,69
584168,584238,584239,1,70
584168,584238,584239,1,70
584168,584238,584240,2,70
584168,584238,584240,2,70
584168,584238,584240,2,70
584168,584238,584240,2,70
584168,584239,584241,2,71
584168,584241,584242,1,73
584168,584240,584242,2,72
584168,584240,584242,2,72
584168,584239,584241,2,71
583683,583755,584243,488,72
584168,584240,584242,2,72
584168,584240,584243,3,72
584168,584241,584242,1,73
584168,584241,584242,1,73
584168,584240,584243,3,72
584168,584240,584243,3,72
584168,584242,584244,2,74
584168,584241,584244,3,73
584168,584241,584245,4,73
584208,584242,584244,2,34
584208,584242,584245,3,34
584168,584241,584244,3,73
584208,584242,584245,3,34
584208,584243,584245,2,35
584168,584241,584244,3,73
584208,584243,584245,2,35
584208,584243,584245,2,35
584208,584243,584245,2,35
584208,584243,584245,2,35
584208,584244,584246,2,36
584208,584244,584247,3,36
584208,584244,584252,8,36
584208,584247,584254,7,39
584208,584245,584255,10,37
584208,584245,584255,10,37
584208,584245,584256,11,37
584208,584245,584256,11,37
584208,584244,584256,12,36
584208,584245,584257,12,37
584208,584246,584256,10,38
584208,584245,584257,12,37
584208,584246,584256,10,38
584208,584246,584257,11,38
584208,584245,584257,12,37
584208,584246,584258,12,38
584208,584255,584259,4,47
584208,584252,584259,7,44
584208,584246,584258,12,38
584208,584257,584260,3,49
584208,584254,584259,5,46
584208,584257,584261,4,49
584208,584255,584261,6,47
584208,584256,584260,4,48
584208,584258,584261,3,50
584208,584258,584262,4,50
584208,584256,584261,5,48
584208,584257,584262,5,49
584208,584258,584261,3,50
584208,584259,584262,3,51
584208,584259,584261,2,51
584208,584260,584261,1,52
584208,584256,584261,5,48
584208,584257,584261,4,49
584208,584259,584261,2,51
584208,584261,584263,2,53
584208,584261,584263,2,53
584208,584261,584264,3,53
584208,584261,584264,3,53
584208,584261,584263,2,53
584208,584262,584264,2,54
584208,584262,584264,2,54
584208,584262,584265,3,54
584208,584262,584264,2,54
584208,584262,584265,3,54
584208,584262,584264,2,54
584208,584264,584265,1,56
584208,584262,584264,2,54
584208,584262,584264,2,54
584208,584263,584266,3,55
584208,584262,584265,3,54
584208,584262,584265,3,54
584208,584263,584265,2,55
584208,584264,584267,3,56
584208,584264,584266,2,56
584208,584264,584266,2,56
584208,584264,584267,3,56
584208,584265,584266,1,57
584208,584265,584267,2,57
584208,584265,584267,2,57
584208,584265,584267,2,57
584208,584265,584267,2,57
584208,584266,584268,2,58
584208,584266,584269,3,58
584229,584267,584269,2,38
584229,584267,584268,1,38
584229,584267,584269,2,38
584208,584266,584269,3,58
584229,584267,584270,3,38
584208,584267,584270,3,59
584208,584265,584269,4,57
584229,584267,584269,2,38
584229,584267,584269,2,38
584229,584268,584271,3,39
584229,584268,584271,3,39
584229,584268,584271,3,39
584229,584268,584273,5,39
584229,584269,584277,8,40
584229,584269,584278,9,40
584229,584269,584279,10,40
583690,583781,584280,499,91
584229,584270,584280,10,41
584229,584271,584281,10,42
584229,584270,584281,11,41
584229,584269,584282,13,40
584229,584270,584282,12,41
584229,584273,584282,9,44
584229,584269,584282,13,40
584229,584277,584283,6,48
584229,584270,584282,12,41
584229,584271,584282,11,42
584229,584279,584284,5,50
584229,584271,584284,13,42
584229,584282,584284,2,53
584229,584282,584285,3,53
584229,584279,584284,5,50
584229,584284,584285,1,55
584229,584270,584284,14,41
584229,584282,584284,2,53
584229,584284,584285,1,55
584229,584284,584286,2,55
584229,584281,584286,5,52
584229,584283,584285,2,54
584229,584284,584286,2,55
584229,584280,584285,5,51
584229,584285,584286,1,56
584229,584281,584286,5,52
584229,584281,584286,5,52
584229,584282,584286,4,53
584229,584285,584286,1,56
584229,584285,584286,1,56
584229,584285,584287,2,56
584229,584286,584288,2,57
584229,584285,584288,3,56
584229,584286,584288,2,57
584229,584286,584288,2,57
584229,584286,584289,3,57
584229,584286,584289,3,57
584229,584286,584289,3,57
584229,584286,584288,2,57
584229,584285,584288,3,56
584229,584286,584288,2,57
584229,584287,584290,3,58
584229,584288,584289,1,59
584229,584288,584289,1,59
584229,584288,584291,3,59
583714,583804,584291,487,90
584229,584288,584291,3,59
584229,584288,584290,2,59
584229,584288,584290,2,59
584229,584287,584290,3,58
584229,584288,584290,2,59
584229,584289,584291,2,60
584229,584289,584291,2,60
584229,584289,584291,2,60
584229,584290,584292,2,61
584229,584289,584291,2,60
584229,584289,584291,2,60
584244,584291,584293,2,47
584229,584290,584292,2,61
584244,584292,584293,1,48
584244,584291,584293,2,47
584229,584290,584294,4,61
584244,584291,584293,2,47
584229,584291,584294,3,62
584244,584291,584294,3,47
584229,584291,584293,2,62
584244,584292,584294,2,48
584229,584289,584293,4,60
584229,584291,584293,2,62
584244,584291,584294,3,47
584244,584292,584295,3,48
584244,584293,584295,2,49
584244,584293,584297,4,49
584244,584293,584301,8,49
584244,584293,584303,10,49
584244,584297,584303,6,53
584244,584294,584304,10,50
584244,584294,584305,11,50
584244,584294,584305,11,50
584244,584294,584305,11,50
584244,584301,584305,4,57
584244,584294,584306,12,50
584244,584294,584306,12,50
584244,584293,584306,13,49
584244,584295,584305,10,51
584244,584294,584305,11,50
584244,584296,584305,9,52
584244,584295,584307,12,51
584244,584294,584307,13,50
584244,584303,584306,3,59
584244,584305,584308,3,61
584244,584306,584308,2,62
584244,584306,584308,2,62
584244,584306,584308,2,62
584244,584306,584307,1,62
584244,584304,584308,4,60
584244,584306,584308,2,62
583819,583932,584309,377,113
584244,584303,584308,5,59
584244,584307,584309,2,63
584244,584306,584308,2,62
584244,584308,584309,1,64
584244,584308,584309,1,64
584244,584307,584310,3,63
584244,584305,584309,4,61
584244,584308,584310,2,64
584244,584305,584310,5,61
584244,584309,584311,2,65
584244,584305,584310,5,61
584244,584308,584310,2,64
584244,584308,584312,4,64
584244,584309,584311,2,65
584244,584309,584312,3,65
584244,584309,584312,3,65
584244,584309,584311,2,65
584244,584310,584312,2,66
584244,584310,584311,1,66
584244,584310,584311,1,66
584244,584310,584312,2,66
584244,584310,584311,1,66
584244,584309,584313,4,65
584244,584311,584312,1,67
584244,584310,584312,2,66
584244,584310,584312,2,66
584244,584311,584314,3,67
584244,584312,584314,2,68
584244,584312,584314,2,68
584244,584312,584315,3,68
584244,584312,584315,3,68
584244,584312,584315,3,68
584244,584312,584314,2,68
584244,584311,584314,3,67
584244,584313,584315,2,69
584244,584313,584315,2,69
584281,584314,584316,2,33
584244,584313,584316,3,69
584244,584312,584315,3,68
584244,584312,584315,3,68
584244,584312,584316,4,68
584281,584315,584317,2,34
584244,584313,584316,3,69
584281,584315,584317,2,34
584281,584315,584317,2,34
584281,584314,584316,2,33
584281,584315,584316,1,34
584281,584314,584317,3,33
584281,584315,584317,2,34
584281,584315,584317,2,34
584281,584316,584320,4,35
584281,584320,584325,5,39
584281,584316,584325,9,35
584281,584317,584326,9,36
584281,584317,584327,10,36
584281,584317,584327,10,36
584281,584318,584327,9,37
584281,584316,584328,12,35
584281,584316,584328,12,35
584281,584316,584329,13,35
584281,584325,584329,4,44
584281,584316,584330,14,35
584281,584317,584330,13,36
584281,584318,584329,11,37
584281,584325,584330,5,44
584281,584317,584331,14,36
584281,584328,584331,3,47
584281,584317,584331,14,36
584281,584326,584331,5,45
584281,584329,584330,1,48
584281,584329,584331,2,48
584281,584327,584331,4,46
584281,584328,584332,4,47
584281,584317,584331,14,36
584281,584331,584333,2,50
584281,584330,584332,2,49
584281,584330,584332,2,49
584281,584331,584333,2,50
584281,584330,584333,3,49
584281,584331,584333,2,50
584281,584330,584332,2,49
584281,584331,584332,1,50
584281,584331,584332,1,50
584281,584327,584333,6,46
584281,584331,584334,3,50
584281,584331,584333,2,50
584281,584333,584335,2,52
584281,584333,584334,1,52
584281,584332,584334,2,51
584281,584327,584334,7,46
584281,584332,584335,3,51
584281,584333,584336,3,52
584281,584333,584335,2,52
584281,584333,584335,2,52
584281,584334,584335,1,53
584281,584334,584335,1,53
584281,584333,584335,2,52
584281,584333,584336,3,52
584281,584335,584337,2,54
584281,584334,584337,3,53
584281,584334,584336,2,53
584281,584335,584337,2,54
584281,584335,584336,1,54
584281,584335,584338,3,54
584281,584336,584338,2,55
584281,584335,584337,2,54
584291,584337,584339,2,46
584281,584335,584338,3,54
584281,584336,584339,3,55
584281,584336,584339,3,55
584281,584337,584340,3,56
584281,584337,584340,3,56
584281,584337,584340,3,56
584281,584337,584340,3,56
584281,584336,584339,3,55
584281,584337,584340,3,56
584281,584337,584340,3,56
584291,584338,584341,3,47
584291,584338,584340,2,47
584291,584339,584340,1,48
584291,584338,584341,3,47
584291,584339,584340,1,48
584291,584339,584342,3,48
584291,584339,584342,3,48
584291,584340,584342,2,49
584291,584340,584346,6,49
584291,584340,584350,10,49
584291,584342,584351,9,51
584291,584340,584351,11,49
584291,584341,584351,10,50
584291,584340,584352,12,49
583743,583856,584352,496,113
584291,584341,584352,11,50
584291,584342,584353,11,51
584291,584340,584353,13,49
584291,584341,584354,13,50
584291,584342,584353,11,51
584291,584340,584353,13,49
584291,584350,584355,5,59
584291,584346,584356,10,55
584291,584341,584356,15,50
584291,584351,584356,5,60
584291,584352,584356,4,61
584291,584351,584355,4,60
584291,584353,584356,3,62
584291,584352,584356,4,61
584291,584354,584356,2,63
584291,584342,584356,14,51
584291,584354,584357,3,63
584291,584356,584357,1,65
584291,584352,584357,5,61
584291,584355,584356,1,64
584291,584353,584356,3,62
584291,584351,584356,5,60
584291,584354,584356,2,63
584291,584356,584358,2,65
584291,584356,584358,2,65
584291,584356,584357,1,65
584291,584356,584358,2,65
584291,584357,584359,2,66
584291,584356,584358,2,65
584291,584357,584359,2,66
584291,584356,584359,3,65
584291,584357,584358,1,66
584291,584356,584358,2,65
584291,584358,584360,2,67
584291,584357,584360,3,66
584291,584357,584360,3,66
584291,584357,584359,2,66
584291,584357,584360,3,66
584291,584358,584360,2,67
584291,584359,584361,2,68
584291,584359,584360,1,68
584291,584357,584360,3,66
584291,584358,584360,2,67
584291,584359,584361,2,68
584291,584359,584360,1,68
584291,584359,584361,2,68
584291,584360,584362,2,69
584291,584360,584361,1,69
583745,583856,584361,505,111
584291,584359,584361,2,68
584291,584360,584363,3,69
584291,584360,584362,2,69
584291,584360,584362,2,69
584291,584361,584363,2,70
584291,584361,584363,2,70
584291,584361,584363,2,70
584310,584362,584364,2,52
584291,584361,584364,3,70
584291,584361,584364,3,70
584310,584363,584365,2,53
584291,584361,584364,3,70
584291,584361,584364,3,70
584310,584362,584365,3,52
584291,584361,584364,3,70
584310,584362,584364,2,52
584310,584363,584366,3,53
584310,584362,584365,3,52
584310,584363,584365,2,53
584310,584363,584365,2,53
584310,584364,584367,3,54
584310,584364,584371,7,54
584310,584364,584373,9,54
584310,584365,584375,10,55
584310,584364,584376,12,54
584310,584367,584377,10,57
584310,584365,584377,12,55
584310,584364,584377,13,54
584310,584365,584377,12,55
584310,584365,584377,12,55
584310,584366,584378,12,56
584310,584371,584379,8,61
584310,584365,584378,13,55
584310,584365,584378,13,55
584310,584366,584378,12,56
583771,583879,584380,501,108
584310,584366,584380,14,56
584310,584366,584379,13,56
584310,584374,584381,7,64
584310,584380,584382,2,70
584310,584375,584382,7,65
584310,584381,584383,2,71
584310,584382,584384,2,72
584310,584380,584384,4,70
584310,584382,584385,3,72
584310,584380,584385,5,70
584310,584383,584384,1,73
584310,584379,584386,7,69
584310,584384,584385,1,74
584310,584384,584387,3,74
584310,584385,584387,2,75
584310,584385,584387,2,75
584310,584378,584387,9,68
584310,584385,584387,2,75
584310,584379,584388,9,69
584310,584386,584388,2,76
584310,584379,584388,9,69
584310,584377,584387,10,67
584310,584386,584387,1,76
584310,584387,584388,1,77
584310,584378,584387,9,68
584310,584376,584389,13,66
584310,584377,584389,12,67
584310,584377,584388,11,67
584310,584387,584390,3,77
584310,584387,584390,3,77
584310,584388,584390,2,78
584310,584377,584389,12,67
584310,584387,584389,2,77
584310,584388,584390,2,78
584310,584388,584389,1,78
584310,584387,584389,2,77
584310,584388,584390,2,78
584310,584388,584390,2,78
584310,584389,584391,2,79
584310,584388,584390,2,78
584310,584388,584390,2,78
584310,584390,584392,2,80
584310,584390,584392,2,80
584310,584379,584391,12,69
584310,584389,584391,2,79
584310,584390,584392,2,80
584310,584390,584392,2,80
584310,584390,584392,2,80
584310,584390,584391,1,80
584310,584390,584391,1,80
584353,584391,584393,2,38
584310,584390,584392,2,80
584310,584390,584392,2,80
584353,584391,584394,3,38
584353,584391,584393,2,38
584353,584391,584393,2,38
584353,584392,584394,2,39
584353,584392,584395,3,39
584353,584392,584394,2,39
584353,584392,584395,3,39
584353,584392,584395,3,39
584353,584392,584397,5,39
583777,583909,584401,492,132
584353,584392,584402,10,39
584353,584392,584403,11,39
584353,584392,584403,11,39
584353,584397,584404,7,44
584353,584394,584404,10,41
584353,584393,584403,10,40
584353,584393,584404,11,40
584353,584394,584405,11,41
584353,584393,584406,13,40
584353,584394,584405,11,41
584353,584401,584406,5,48
584353,584404,584406,2,51
584353,584394,584405,11,41
584353,584395,584405,10,42
584353,584403,584407,4,50
584353,584405,584407,2,52
584353,584395,584407,12,42
584353,584403,584407,4,50
584353,584406,584408,2,53
584353,584402,584407,5,49
584353,584404,584407,3,51
584353,584406,584408,2,53
584353,584396,584407,11,43
584353,584404,584408,4,51
584353,584406,584407,1,53
584353,584404,584407,3,51
584353,584406,584408,2,53
584353,584406,584408,2,53
584353,584407,584409,2,54
584353,584396,584409,13,43
584353,584407,584408,1,54
584353,584407,584408,1,54
584353,584406,584408,2,53
584353,584408,584410,2,55
584353,584407,584409,2,54
584353,584408,584410,2,55
584353,584408,584409,1,55
584353,584408,584411,3,55
584353,584408,584411,3,55
584353,584408,584410,2,55
584353,584408,584410,2,55
584353,584409,584411,2,56
584353,584408,584410,2,55
584353,584408,584410,2,55
584353,584409,584410,1,56
584353,584409,584410,1,56
584353,584409,584411,2,56
584353,584409,584411,2,56
584353,584410,584412,2,57
584353,584410,584412,2,57
584353,584410,584412,2,57
584353,584411,584413,2,58
584353,584411,584413,2,58
584353,584411,584413,2,58
584353,584410,584412,2,57
584353,584410,584412,2,57
584353,584411,584413,2,58
584353,584411,584413,2,58
584353,584411,584413,2,58
584353,584411,584414,3,58
584353,584412,584413,1,59
584363,584413,584415,2,50
584353,584412,584414,2,59
584353,584412,584415,3,59
584353,584411,584415,4,58
584363,584413,584416,3,50
584353,584412,584415,3,59
584363,584413,584416,3,50
584363,584413,584415,2,50
584363,584413,584415,2,50
584363,584413,584416,3,50
584363,584413,584416,3,50
584363,584414,584417,3,51
584363,584414,584417,3,51
584363,584414,584420,6,51
584363,584415,584426,11,52
584363,584414,584426,12,51
584363,584415,584426,11,52
584363,584416,584426,10,53
584363,584415,584427,12,52
584363,584420,584427,7,57
584363,584417,584428,11,54
584363,584417,584427,10,54
584363,584415,584427,12,52
584363,584416,584428,12,53
584363,584416,584429,13,53
584363,584417,584428,11,54
584363,584419,584429,10,56
584363,584419,584430,11,56
584363,584426,584430,4,63
584363,584416,584430,14,53
584363,584426,584430,4,63
584363,584428,584430,2,65
584363,584429,584431,2,66
584363,584426,584430,4,63
584363,584427,584431,4,64
584363,584426,584431,5,63
584363,584428,584430,2,65
584363,584427,584431,4,64
584363,584429,584431,2,66
584363,584430,584431,1,67
584363,584430,584432,2,67
584363,584429,584431,2,66
584363,584430,584431,1,67
584363,584429,584431,2,66
584363,584429,584431,2,66
584363,584430,584431,1,67
584363,584431,584433,2,68
584363,584430,584433,3,67
584363,584431,584434,3,68
584363,584432,584434,2,69
584363,584431,584433,2,68
584363,584432,584434,2,69
584363,584431,584433,2,68
584363,584432,584433,1,69
584363,584432,584435,3,69
584363,584431,584434,3,68
584363,584432,584435,3,69
584363,584432,584435,3,69
584363,584432,584434,2,69
584363,584433,584435,2,70
584363,584434,584436,2,71
584363,584435,584436,1,72
584363,584433,584435,2,70
584363,584434,584435,1,71
584363,584434,584436,2,71
584363,584432,584435,3,69
584363,584432,584435,3,69
584363,584434,584437,3,71
584363,584434,584436,2,71
584363,584435,584437,2,72
584363,584436,584438,2,73
584363,584435,584437,2,72
584363,584435,584437,2,72
584363,584435,584438,3,72
584363,584436,584437,1,73
584363,584435,584439,4,72
584380,584436,584439,3,56
584363,584436,584438,2,73
584363,584436,584439,3,73
584363,584436,584439,3,73
584380,584438,584440,2,58
584380,584437,584440,3,57
584380,584437,584439,2,57
584380,584437,584439,2,57
584380,584438,584441,3,58
584380,584437,584440,3,57
584380,584438,584440,2,58
584380,584438,584442,4,58
584380,584438,584443,5,58
583974,584096,584449,353,122
584380,584440,584450,10,60
584380,584439,584451,12,59
584380,584439,584451,12,59
584380,584443,584451,8,63
584380,584439,584452,13,59
583855,583959,584452,493,104
584380,584439,584451,12,59
584380,584441,584453,12,61
584380,584439,584453,14,59
584380,584440,584452,12,60
584380,584441,584453,12,61
584380,584440,584452,12,60
584380,584442,584452,10,62
584380,584440,584453,13,60
584380,584442,584454,12,62
584380,584453,584455,2,73
584380,584452,584455,3,72
584380,584453,584455,2,73
584380,584453,584455,2,73
584380,584453,584455,2,73
584380,584449,584454,5,69
584380,584450,584455,5,70
584380,584451,584456,5,71
584380,584452,584455,3,72
584380,584453,584455,2,73
584380,584454,584456,2,74
584380,584452,584455,3,72
584380,584453,584455,2,73
584380,584454,584456,2,74
584380,584451,584457,6,71
584380,584455,584457,2,75
584380,584451,584457,6,71
584380,584455,584457,2,75
584380,584456,584458,2,76
584380,584455,584457,2,75
584380,584456,584458,2,76
584380,584455,584457,2,75
584380,584456,584457,1,76
584380,584456,584457,1,76
584380,584456,584457,1,76
584380,584455,584457,2,75
584380,584456,584458,2,76
584380,584456,584459,3,76
584380,584457,584459,2,77
584380,584456,584458,2,76
584380,584456,584458,2,76
584380,584458,584460,2,78
584380,584458,584460,2,78
584380,584458,584460,2,78
584380,584458,584460,2,78
584380,584457,584459,2,77
584380,584458,584460,2,78
584380,584458,584460,2,78
584380,584458,584460,2,78
584380,584458,584461,3,78
584380,584459,584461,2,79
584380,584459,584461,2,79
584380,584458,584460,2,78
584380,584458,584460,2,78
584380,584458,584460,2,78
584380,584459,584462,3,79
584380,584460,584462,2,80
584380,584460,584461,1,80
584380,584460,584461,1,80
584380,584459,584462,3,79
584404,584460,584463,3,56
584380,584460,584462,2,80
584404,584461,584463,2,57
584404,584461,584463,2,57
584404,584461,584464,3,57
584404,584461,584464,3,57
584404,584461,584463,2,57
584404,584461,584463,2,57
584404,584461,584464,3,57
584404,584461,584464,3,57
584404,584462,584466,4,58
584404,584462,584473,11,58
584404,584466,584473,7,62
584404,584463,584473,10,59
584404,584462,584473,11,58
584404,584464,584474,10,60
584404,584463,584474,11,59
584404,584463,584475,12,59
584404,584463,584474,11,59
584404,584463,584475,12,59
584404,584464,584475,11,60
584404,584463,584475,12,59
584404,584464,584475,11,60
584404,584473,584477,4,69
584404,584465,584478,13,61
584404,584464,584478,14,60
584404,584477,584479,2,73
584404,584476,584479,3,72
584404,584473,584480,7,69
584404,584476,584480,4,72
584404,584476,584479,3,72
584404,584465,584480,15,61
584404,584475,584480,5,71
584404,584478,584480,2,74
584404,584479,584480,1,75
584404,584479,584481,2,75
584404,584473,584482,9,69
584404,584478,584482,4,74
583871,583990,584481,491,119
584404,584480,584482,2,76
584404,584480,584482,2,76
584404,584475,584482,7,71
584404,584475,584483,8,71
584404,584480,584482,2,76
584404,584481,584483,2,77
584404,584475,584482,7,71
584404,584480,584482,2,76
584404,584481,584483,2,77
584404,584481,584482,1,77
584086,584156,584484,328,70
584404,584482,584483,1,78
584404,584482,584484,2,78
584404,584480,584483,3,76
584404,584482,584485,3,78
584404,584482,584485,3,78
584404,584482,584485,3,78
584404,584474,584484,10,70
584404,584483,584485,2,79
584404,584474,584484,10,70
584404,584482,584484,2,78
584404,584483,584485,2,79
584404,584483,584485,2,79
584404,584483,584485,2,79
584404,584483,584486,3,79
584404,584483,584485,2,79
584404,584484,584485,1,80
584404,584484,584485,1,80
584404,584483,584485,2,79
584404,584485,584486,1,81
584404,584485,584487,2,81
584404,584485,584487,2,81
584404,584484,584486,2,80
584404,584485,584487,2,81
584404,584485,584487,2,81
584404,584484,584487,3,80
584404,584485,584488,3,81
584404,584485,584488,3,81
584451,584486,584488,2,35
584451,584486,584488,2,35
584451,584486,584489,3,35
584404,584485,584488,3,81
584451,584486,584488,2,35
584451,584487,584489,2,36
584451,584487,584490,3,36
584451,584487,584490,3,36
584451,584485,584489,4,34
584451,584486,584491,5,35
584047,584127,584491,364,80
584451,584487,584495,8,36
584451,584488,584498,10,37
584451,584487,584498,11,36
584451,584487,584499,12,36
584451,584489,584500,11,38
584451,584489,584500,11,38
584451,584488,584501,13,37
584451,584489,584501,12,38
584451,584490,584500,10,39
584451,584491,584502,11,40
584451,584489,584502,13,38
584451,584490,584502,12,39
584451,584489,584501,12,38
584451,584487,584502,15,36
584451,584490,584502,12,39
584451,584488,584503,15,37
584451,584491,584505,14,40
584451,584495,584506,11,44
584451,584498,584508,10,47
584451,584499,584508,9,48
584451,584500,584510,10,49
584451,584499,584510,11,48
584451,584500,584510,10,49
584451,584505,584511,6,54
584451,584503,584511,8,52
584451,584501,584512,11,50
584451,584502,584512,10,51
584451,584502,584512,10,51
584451,584506,584513,7,55
584451,584508,584513,5,57
584451,584501,584513,12,50
584451,584501,584512,11,50
584451,584502,584514,12,51
583892,584023,584513,490,131
584451,584503,584514,11,52
584451,584512,584515,3,61
584451,584503,584515,12,52
584451,584513,584515,2,62
584451,584502,584514,12,51
584451,584512,584515,3,61
584451,584508,584516,8,57
584451,584510,584516,6,59
584451,584510,584515,5,59
584451,584513,584515,2,62
584451,584514,584516,2,63
584451,584513,584516,3,62
584451,584511,584517,6,60
584451,584512,584516,4,61
584451,584510,584517,7,59
584451,584514,584517,3,63
584451,584514,584518,4,63
584451,584511,584518,7,60
584451,584515,584517,2,64
584451,584516,584518,2,65
584451,584516,584519,3,65
584451,584517,584519,2,66
584451,584514,584518,4,63
584451,584516,584519,3,65
584451,584515,584519,4,64
584451,584516,584518,2,65
584451,584515,584518,3,64
584451,584516,584518,2,65
584451,584516,584518,2,65
584451,584517,584518,1,66
584451,584517,584520,3,66
584453,584518,584520,2,65
584451,584515,584519,4,64
584451,584515,584519,4,64
584453,584518,584521,3,65
584453,584518,584521,3,65
584453,584518,584521,3,65
584453,584519,584521,2,66
584453,584519,584521,2,66
584453,584519,584522,3,66
584453,584519,584521,2,66
584453,584519,584522,3,66
584453,584519,584525,6,66
584453,584519,584529,10,66
584453,584519,584530,11,66
584453,584520,584530,10,67
584453,584521,584531,10,68
584453,584519,584531,12,66
584453,584519,584530,11,66
584453,584520,584532,12,67
584453,584520,584532,12,67
584453,584521,584532,11,68
584453,584522,584533,11,69
584453,584520,584532,12,67
584453,584522,584534,12,69
584453,584521,584534,13,68
584453,584521,584535,14,68
584453,584522,584534,12,69
584453,584523,584535,12,70
584453,584525,584536,11,72
584121,584187,584536,349,66
584453,584536,584538,2,83
584453,584536,584538,2,83
584453,584535,584538,3,82
584453,584531,584539,8,78
584453,584536,584538,2,83
584453,584529,584539,10,76
584453,584530,584540,10,77
584453,584538,584539,1,85
584453,584533,584540,7,80
584453,584538,584540,2,85
584453,584532,584540,8,79
584453,584532,584541,9,79
584453,584538,584540,2,85
584453,584531,584541,10,78
584453,584539,584540,1,86
584453,584534,584542,8,81
584453,584532,584541,9,79
584453,584533,584542,9,80
584453,584534,584541,7,81
584453,584540,584542,2,87
584453,584531,584541,10,78
584453,584540,584541,1,87
584453,584541,584542,1,88
584453,584539,584541,2,86
584453,584540,584542,2,87
584453,584540,584541,1,87
584453,584540,584541,1,87
584453,584541,584543,2,88
584453,584535,584543,8,82
584453,584541,584543,2,88
584453,584540,584542,2,87
584453,584542,584544,2,89
584453,584541,584543,2,88
584453,584542,584544,2,89
584453,584542,584544,2,89
584453,584531,584543,12,78
584453,584542,584545,3,89
584453,584542,584544,2,89
584453,584542,584544,2,89
584453,584542,584544,2,89
584453,584542,584544,2,89
584453,584543,584544,1,90
584453,584542,584544,2,89
584453,584542,584544,2,89
584453,584543,584545,2,90
584453,584542,584544,2,89
584483,584544,584546,2,61
584453,584542,584545,3,89
584453,584543,584545,2,90
584483,584544,584547,3,61
584483,584544,584547,3,61
584483,584545,584548,3,62
584483,584544,584547,3,61
584483,584544,584548,4,61
584483,584545,584547,2,62
584483,584545,584549,4,62
584483,584545,584548,3,62
584483,584545,584550,5,62
584483,584545,584554,9,62
584483,584546,584556,10,63
583909,584059,584557,498,150
584483,584546,584558,12,63
584483,584546,584558,12,63
584483,584548,584558,10,65
584483,584545,584558,13,62
584483,584546,584558,12,63
584483,584547,584559,12,64
584483,584548,584559,11,65
584483,584545,584559,14,62
584483,584547,584559,12,64
584483,584550,584560,10,67
584483,584545,584560,15,62
584483,584548,584561,13,65
584483,584549,584560,11,66
584483,584549,584562,13,66
584483,584548,584562,14,65
584483,584562,584565,3,79
584483,584561,584565,4,78
584483,584562,584565,3,79
584483,584554,584565,11,71
584483,584559,584566,7,76
584483,584561,584566,5,78
584483,584559,584567,8,76
584483,584560,584567,7,77
584483,584560,584566,6,77
584483,584565,584567,2,82
584483,584558,584567,9,75
584483,584565,584566,1,82
584483,584565,584568,3,82
584483,584565,584567,2,82
584483,584556,584567,11,73
584483,584566,584568,2,83
584483,584559,584568,9,76
584483,584558,584567,9,75
584483,584567,584568,1,84
584483,584558,584568,10,75
584483,584567,584569,2,84
584483,584567,584569,2,84
584483,584559,584568,9,76
584483,584567,584568,1,84
584483,584568,584569,1,85
584483,584557,584570,13,74
584483,584567,584569,2,84
584483,584567,584569,2,84
584483,584568,584569,1,85
584483,584558,584569,11,75
584483,584559,584569,10,76
584483,584567,584569,2,84
584483,584568,584571,3,85
584483,584568,584571,3,85
584483,584568,584571,3,85
584483,584569,584571,2,86
584483,584570,584572,2,87
584483,584568,584572,4,85
584483,584569,584571,2,86
584483,584570,584572,2,87
584483,584568,584571,3,85
584483,584569,584571,2,86
584483,584570,584572,2,87
584483,584568,584572,4,85
584483,584569,584573,4,86
584169,584242,584573,331,73
584484,584571,584572,1,87
584483,584569,584572,3,86
584483,584570,584572,2,87
584483,584570,584572,2,87
584484,584571,584574,3,87
584484,584570,584574,4,86
584484,584571,584574,3,87
584484,584571,584573,2,87
584484,584572,584574,2,88
584484,584572,584575,3,88
584484,584572,584575,3,88
584484,584572,584575,3,88
584484,584572,584577,5,88
584484,584572,584583,11,88
584484,584574,584583,9,90
584484,584573,584584,11,89
584484,584573,584583,10,89
584484,584577,584583,6,93
584484,584572,584584,12,88
584484,584574,584585,11,90
584484,584575,584585,10,91
584484,584575,584585,10,91
584484,584573,584585,12,89
584484,584573,584585,12,89
584484,584573,584586,13,89
584484,584572,584586,14,88
584484,584573,584586,13,89
584484,584574,584587,13,90
584484,584574,584587,13,90
584484,584576,584587,11,92
584484,584583,584589,6,99
584484,584574,584589,15,90
584484,584584,584590,6,100
584484,584583,584589,6,99
584484,584584,584591,7,100
584484,584584,584593,9,100
584484,584584,584593,9,100
584484,584585,584593,8,101
584484,584587,584594,7,103
584484,584585,584594,9,101
584484,584588,584594,6,104
584484,584585,584594,9,101
584484,584585,584594,9,101
584484,584589,584595,6,105
584484,584586,584594,8,102
584484,584586,584596,10,102
584484,584585,584595,10,101
584484,584589,584596,7,105
584484,584590,584595,5,106
584484,584594,584596,2,110
584484,584589,584596,7,105
584484,584590,584595,5,106
584484,584586,584597,11,102
584484,584593,584597,4,109
584484,584594,584597,3,110
584484,584594,584597,3,110
584484,584595,584597,2,111
584484,584595,584598,3,111
584484,584594,584597,3,110
584484,584596,584599,3,112
584484,584596,584599,3,112
584484,584592,584598,6,108
584484,584593,584598,5,109
584484,584596,584598,2,112
584484,584598,584599,1,114
584484,584593,584598,5,109
584484,584595,584599,4,111
584484,584596,584600,4,112
584484,584597,584600,3,113
584484,584596,584599,3,112
584484,584597,584600,3,113
584484,584597,584600,3,113
584484,584597,584600,3,113
584484,584596,584599,3,112
584484,584598,584600,2,114
584499,584599,584601,2,100
584484,584597,584600,3,113
584484,584599,584600,1,115
584484,584596,584600,4,112
584499,584599,584601,2,100
584499,584599,584601,2,100
584499,584599,584601,2,100
584499,584599,584603,4,100
584499,584599,584603,4,100
584499,584600,584603,3,101
584499,584600,584603,3,101
584499,584600,584604,4,101
584499,584600,584605,5,101
584499,584601,584611,10,102
584499,584601,584611,10,102
584499,584601,584611,10,102
584499,584602,584612,10,103
584499,584603,584612,9,104
584499,584600,584612,12,101
584499,584600,584613,13,101
584499,584603,584613,10,104
584499,584603,584613,10,104
584499,584600,584613,13,101
584499,584600,584614,14,101
584499,584602,584613,11,103
584499,584602,584613,11,103
584499,584603,584615,12,104
584499,584606,584615,9,107
584499,584604,584617,13,105
584499,584601,584617,16,102
584499,584611,584619,8,112
584499,584611,584619,8,112
584499,584611,584620,9,112
584499,584614,584622,8,115
584499,584612,584623,11,113
584499,584612,584622,10,113
584499,584612,584623,11,113
584499,584613,584623,10,114
584499,584617,584624,7,118
584499,584617,584624,7,118
584499,584613,584624,11,114
584499,584614,584624,10,115
584499,584614,584625,11,115
584499,584617,584625,8,118
584499,584619,584624,5,120
584499,584619,584625,6,120
584499,584615,584626,11,116
584499,584621,584626,5,122
584499,584624,584627,3,125
584499,584613,584626,13,114
584499,584624,584627,3,125
584499,584624,584628,4,125
584499,584623,584628,5,124
584499,584624,584628,4,125
584499,584623,584627,4,124
584499,584625,584627,2,126
584499,584623,584629,6,124
584499,584625,584628,3,126
584499,584623,584629,6,124
584499,584625,584628,3,126
584499,584613,584628,15,114
584499,584626,584629,3,127
584499,584622,584629,7,123
584499,584626,584629,3,127
584499,584627,584630,3,128
584499,584626,584629,3,127
584499,584628,584630,2,129
584499,584629,584630,1,130
584499,584628,584631,3,129
584499,584627,584631,4,128
584499,584627,584631,4,128
584499,584629,584631,2,130
584499,584629,584632,3,130
584499,584629,584632,3,130
584499,584629,584631,2,130
584499,584629,584631,2,130
584515,584630,584632,2,115
584515,584630,584632,2,115
584515,584630,584632,2,115
584499,584629,584631,2,130
584515,584630,584632,2,115
584499,584628,584632,4,129
584515,584630,584632,2,115
584515,584631,584634,3,116
584515,584631,584635,4,116
584515,584631,584635,4,116
584515,584631,584637,6,116
584515,584631,584638,7,116
584515,584632,584642,10,117
584515,584632,584643,11,117
584515,584632,584642,10,117
584515,584632,584643,11,117
584515,584632,584643,11,117
584515,584632,584643,11,117
584515,584632,584644,12,117
584515,584633,584645,12,118
584515,584634,584644,10,119
584515,584632,584645,13,117
584515,584633,584644,11,118
584515,584633,584646,13,118
584515,584635,584648,13,120
584515,584635,584648,13,120
584515,584637,584649,12,122
584515,584638,584650,12,123
584515,584643,584651,8,128
584515,584643,584651,8,128
584515,584646,584653,7,131
584515,584642,584653,11,127
584515,584645,584653,8,130
584515,584645,584653,8,130
584515,584645,584654,9,130
584515,584643,584653,10,128
584515,584643,584654,11,128
584515,584644,584654,10,129
584515,584643,584653,10,128
584515,584645,584653,8,130
584515,584648,584655,7,133
584515,584648,584656,8,133
584515,584651,584656,5,136
584515,584650,584656,6,135
584515,584649,584657,8,134
584515,584652,584658,6,137
584515,584656,584657,1,141
584515,584655,584658,3,140
584515,584653,584659,6,138
584515,584654,584658,4,139
584515,584653,584659,6,138
584515,584656,584659,3,141
584515,584657,584659,2,142
584515,584654,584659,5,139
584515,584654,584660,6,139
584515,584655,584660,5,140
584515,584653,584659,6,138
584515,584653,584660,7,138
584515,584658,584661,3,143
584515,584658,584661,3,143
584515,584654,584661,7,139
584515,584659,584661,2,144
584515,584659,584662,3,144
584515,584658,584661,3,143
584515,584659,584661,2,144
584515,584660,584662,2,145
584515,584657,584662,5,142
584515,584659,584662,3,144
584515,584660,584662,2,145
584515,584654,584663,9,139
584515,584660,584663,3,145
584515,584661,584662,1,146
584515,584661,584662,1,146
584537,584662,584663,1,125
584515,584659,584662,3,144
584515,584660,584664,4,145
584515,584661,584664,3,146
584515,584660,584663,3,145
584537,584662,584664,2,125
584537,584662,584663,1,125
584537,584662,584663,1,125
584537,584662,584665,3,125
584537,584662,584665,3,125
584537,584663,584665,2,126
584537,584663,584666,3,126
584537,584663,584667,4,126
584537,584663,584669,6,126
584537,584664,584672,8,127
584537,584664,584674,10,127
584537,584664,584673,9,127
584537,584663,584674,11,126
584537,584663,584674,11,126
584537,584664,584676,12,127
584537,584664,584676,12,127
584537,584667,584677,10,130
584537,584674,584677,3,137
584537,584664,584677,13,127
584537,584665,584677,12,128
584537,584669,584678,9,132
584537,584666,584678,12,129
584537,584664,584677,13,127
584537,584665,584678,13,128
584537,584667,584678,11,130
584537,584673,584679,6,136
584537,584674,584678,4,137
584537,584675,584679,4,138
584537,584674,584679,5,137
584537,584676,584680,4,139
584537,584676,584681,5,139
584537,584679,584684,5,142
584537,584679,584684,5,142
584537,584677,584684,7,140
584537,584678,584685,7,141
584537,584679,584684,5,142
584537,584677,584684,7,140
584537,584680,584686,6,143
584537,584680,584685,5,143
584537,584681,584686,5,144
584537,584678,584686,8,141
584537,584677,584686,9,140
584537,584678,584687,9,141
584537,584686,584688,2,149
584537,584678,584687,9,141
584537,584679,584687,8,142
584537,584685,584689,4,148
584537,584685,584689,4,148
584537,584686,584689,3,149
584537,584686,584689,3,149
584537,584678,584689,11,141
584537,584686,584690,4,149
584537,584684,584690,6,147
584537,584684,584690,6,147
584537,584686,584690,4,149
584537,584687,584690,3,150
584537,584684,584689,5,147
584537,584685,584689,4,148
584537,584688,584691,3,151
584537,584689,584691,2,152
584537,584690,584692,2,153
584537,584689,584691,2,152
584537,584690,584692,2,153
584537,584688,584692,4,151
584537,584689,584692,3,152
584537,584689,584692,3,152
584537,584688,584691,3,151
584537,584690,584693,3,153
584537,584690,584693,3,153
584537,584690,584692,2,153
584537,584691,584692,1,154
584537,584690,584693,3,153
584537,584689,584693,4,152
584537,584690,584693,3,153
584557,584692,584694,2,135
584557,584692,584693,1,135
584557,584692,584695,3,135
584557,584692,584695,3,135
584557,584692,584696,4,135
584557,584692,584696,4,135
584557,584693,584696,3,136
584557,584692,584695,3,135
584557,584693,584696,3,136
584557,584693,584699,6,136
584142,584216,584700,484,74
584557,584693,584702,9,136
584557,584694,584705,11,137
584557,584695,584705,10,138
584557,584693,584706,13,136
584557,584693,584706,13,136
584557,584694,584705,11,137
584557,584693,584707,14,136
584557,584695,584707,12,138
584557,584696,584708,12,139
584557,584696,584708,12,139
584557,584696,584708,12,139
584557,584697,584709,12,140
584557,584696,584709,13,139
584557,584699,584710,11,142
584557,584702,584712,10,145
584557,584700,584712,12,143
584557,584706,584714,8,149
584557,584705,584715,10,148
584557,584706,584715,9,149
584557,584709,584716,7,152
584557,584710,584716,6,153
584557,584709,584716,7,152
584557,584706,584717,11,149
584557,584712,584718,6,155
584557,584707,584719,12,150
584557,584708,584719,11,151
584557,584706,584720,14,149
584557,584708,584720,12,151
584557,584708,584720,12,151
584557,584715,584721,6,158
584557,584715,584721,6,158
584557,584707,584721,14,150
584557,584714,584721,7,157
584557,584712,584723,11,155
584557,584716,584722,6,159
584557,584721,584723,2,164
584557,584716,584723,7,159
584557,584721,584723,2,164
584557,584717,584723,6,160
584557,584716,584723,7,159
584557,584718,584723,5,161
584557,584720,584724,4,163
584557,584720,584725,5,163
584557,584720,584725,5,163
584557,584722,584724,2,165
584557,584723,584725,2,166
584557,584723,584726,3,166
584557,584723,584726,3,166
584557,584723,584726,3,166
584557,584723,584726,3,166
584557,584722,584725,3,165
584557,584720,584726,6,163
584557,584719,584725,6,162
584557,584724,584726,2,167
584557,584723,584727,4,166
584557,584724,584727,3,167
584557,584724,584727,3,167
584557,584726,584728,2,169
584557,584725,584728,3,168
584557,584726,584727,1,169
584557,584726,584727,1,169
584574,584727,584728,1,153
584557,584726,584728,2,169
584557,584725,584727,2,168
584557,584726,584727,1,169
584574,584726,584729,3,152
584574,584726,584729,3,152
584557,584725,584728,3,168
584574,584727,584730,3,153
584574,584728,584730,2,154
584574,584728,584730,2,154
584574,584727,584730,3,153
584574,584728,584731,3,154
584574,584728,584731,3,154
584574,584728,584730,2,154
584574,584728,584734,6,154
584574,584729,584738,9,155
584574,584730,584739,9,156
584574,584731,584739,8,157
584574,584729,584739,10,155
584574,584729,584740,11,155
584574,584731,584739,8,157
584574,584735,584739,4,161
584574,584730,584741,11,156
584574,584738,584741,3,164
584574,584728,584740,12,154
584574,584730,584741,11,156
584574,584729,584741,12,155
584574,584731,584742,11,157
584574,584730,584742,12,156
584574,584729,584742,13,155
584574,584739,584743,4,165
584574,584739,584742,3,165
584574,584741,584744,3,167
584574,584739,584744,5,165
584574,584740,584744,4,166
584574,584741,584744,3,167
584574,584741,584744,3,167
584574,584741,584744,3,167
584574,584741,584746,5,167
584574,584741,584747,6,167
584574,584741,584748,7,167
584209,584267,584748,481,58
584574,584743,584749,6,169
584574,584743,584749,6,169
584574,584745,584750,5,171
584574,584744,584750,6,170
584574,584742,584750,8,168
584574,584742,584750,8,168
584574,584745,584750,5,171
584574,584746,584751,5,172
584574,584745,584750,5,171
584574,584742,584751,9,168
584574,584744,584750,6,170
584574,584744,584752,8,170
584574,584749,584753,4,175
584574,584747,584753,6,173
584574,584750,584753,3,176
584574,584748,584753,5,174
584574,584750,584753,3,176
584574,584750,584754,4,176
584574,584751,584754,3,177
584574,584750,584754,4,176
584574,584748,584754,6,174
584574,584751,584753,2,177
584574,584750,584753,3,176
584574,584752,584755,3,178
584574,584749,584754,5,175
584574,584753,584755,2,179
584574,584751,584755,4,177
584574,584753,584755,2,179
584574,584751,584754,3,177
584574,584753,584756,3,179
584574,584754,584756,2,180
584574,584754,584756,2,180
584574,584754,584755,1,180
584574,584754,584757,3,180
584574,584754,584756,2,180
584704,584755,584757,2,51
584704,584755,584756,1,51
584574,584753,584757,4,179
584574,584753,584756,3,179
584574,584754,584756,2,180
584704,584755,584758,3,51
584353,584413,584757,344,60
584704,584755,584757,2,51
584704,584755,584757,2,51
584704,584756,584758,2,52
584704,584756,584759,3,52
584704,584756,584759,3,52
584704,584757,584758,1,53
584704,584757,584762,5,53
584704,584757,584765,8,53
584704,584757,584767,10,53
584704,584757,584767,10,53
584704,584758,584767,9,54
584704,584757,584768,11,53
584704,584757,584768,11,53
584704,584762,584768,6,58
584704,584758,584768,10,54
584704,584760,584769,9,56
584704,584758,584769,11,54
584704,584765,584769,4,61
584704,584759,584770,11,55
584704,584757,584771,14,53
584704,584758,584771,13,54
584704,584768,584771,3,64
584704,584759,584771,12,55
584704,584767,584771,4,63
584704,584759,584772,13,55
584704,584767,584772,5,63
584704,584767,584772,5,63
584704,584768,584772,4,64
584704,584768,584772,4,64
584704,584768,584772,4,64
584704,584769,584772,3,65
584230,584291,584774,483,61
584704,584770,584776,6,66
584704,584772,584777,5,68
584704,584772,584777,5,68
584704,584772,584777,5,68
584704,584771,584778,7,67
584704,584770,584778,8,66
584704,584772,584778,6,68
584704,584772,584777,5,68
584704,584773,584777,4,69
584704,584772,584778,6,68
584704,584771,584779,8,67
584704,584778,584780,2,74
584704,584771,584780,9,67
584704,584775,584780,5,71
584704,584771,584780,9,67
584704,584778,584780,2,74
584704,584778,584781,3,74
584704,584777,584781,4,73
584704,584778,584780,2,74
584704,584771,584781,10,67
584704,584778,584781,3,74
584704,584771,584781,10,67
584704,584777,584781,4,73
584704,584780,584782,2,76
584704,584777,584781,4,73
584704,584777,584783,6,73
584704,584779,584783,4,75
584704,584778,584783,5,74
584704,584780,584783,3,76
584704,584782,584784,2,78
584704,584782,584783,1,78
584704,584780,584783,3,76
584704,584781,584783,2,77
584704,584783,584784,1,79
584704,584780,584783,3,76
584704,584780,584784,4,76
584704,584782,584785,3,78
584704,584781,584785,4,77
584704,584782,584784,2,78
584704,584781,584784,3,77
584749,584783,584785,2,34
584749,584783,584785,2,34
584749,584783,584786,3,34
584749,584784,584785,1,35
584749,584784,584786,2,35
584749,584784,584785,1,35
584749,584784,584785,1,35
584704,584782,584785,3,78
584749,584784,584786,2,35
584749,584784,584787,3,35
584749,584784,584787,3,35
584749,584785,584790,5,36
584749,584788,584793,5,39
584749,584786,584795,9,37
584749,584785,584795,10,36
584749,584786,584795,9,37
584749,584787,584795,8,38
584749,584786,584795,9,37
584749,584786,584795,9,37
584749,584790,584796,6,41
584749,584786,584797,11,37
584749,584785,584797,12,36
584749,584785,584797,12,36
584749,584786,584796,10,37
584749,584787,584796,9,38
584749,584795,584799,4,46
584749,584796,584799,3,47
584749,584785,584799,14,36
584749,584795,584799,4,46
584749,584796,584798,2,47
584749,584793,584799,6,44
584749,584785,584800,15,36
584749,584795,584800,5,46
584749,584795,584799,4,46
584749,584797,584800,3,48
584749,584796,584800,4,47
584749,584797,584803,6,48
584749,584799,584804,5,50
584749,584797,584804,7,48
584749,584800,584804,4,51
584749,584799,584805,6,50
584749,584800,584805,5,51
584749,584799,584804,5,50
584244,584313,584805,492,69
584749,584799,584806,7,50
584749,584797,584806,9,48
584749,584800,584806,6,51
584749,584798,584805,7,49
584749,584799,584806,7,50
584749,584799,584805,6,50
584749,584801,584806,5,52
584749,584800,584806,6,51
584749,584804,584808,4,55
584749,584805,584808,3,56
584749,584806,584809,3,57
584749,584805,584809,4,56
584749,584804,584809,5,55
584749,584805,584808,3,56
584749,584806,584809,3,57
584749,584806,584810,4,57
584749,584806,584810,4,57
584749,584806,584810,4,57
584749,584805,584809,4,56
584749,584803,584809,6,54
584749,584804,584809,5,55
584749,584806,584809,3,57
584749,584807,584810,3,58
584749,584809,584811,2,60
584749,584809,584811,2,60
584749,584807,584810,3,58
584749,584810,584812,2,61
584749,584808,584811,3,59
584749,584809,584812,3,60
584768,584810,584812,2,42
584749,584810,584812,2,61
584768,584810,584813,3,42
584749,584809,584813,4,60
584749,584810,584812,2,61
584768,584810,584812,2,42
584768,584811,584813,2,43
584749,584809,584812,3,60
584768,584810,584812,2,42
584768,584810,584812,2,42
584768,584811,584812,1,43
584768,584811,584814,3,43
584768,584812,584815,3,44
584768,584812,584816,4,44
584768,584813,584823,10,45
584768,584813,584823,10,45
584768,584814,584824,10,46
584768,584813,584824,11,45
584768,584812,584824,12,44
584768,584813,584825,12,45
584768,584814,584824,10,46
584768,584813,584825,12,45
584768,584812,584825,13,44
584768,584813,584825,12,45
584768,584813,584825,12,45
584768,584812,584826,14,44
584768,584816,584827,11,48
584768,584815,584827,12,47
584768,584815,584827,12,47
584768,584823,584833,10,55
584768,584823,584833,10,55
584768,584824,584834,10,56
584768,584825,584835,10,57
584768,584825,584835,10,57
584768,584827,584835,8,59
584768,584827,584836,9,59
584768,584825,584835,10,57
584768,584824,584836,12,56
584768,584825,584836,11,57
584281,584337,584837,500,56
584768,584824,584836,12,56
584768,584827,584836,9,59
584768,584826,584838,12,58
584768,584826,584839,13,58
584768,584833,584839,6,65
584768,584834,584839,5,66
584768,584826,584840,14,58
584768,584834,584840,6,66
584768,584835,584841,6,67
584768,584836,584841,5,68
584768,584836,584842,6,68
584768,584835,584842,7,67
584768,584835,584842,7,67
584768,584836,584842,6,68
584768,584836,584841,5,68
584768,584839,584843,4,71
584768,584839,584842,3,71
584768,584837,584843,6,69
584768,584837,584843,6,69
584768,584837,584842,5,69
584768,584838,584842,4,70
584768,584841,584844,3,73
584768,584840,584844,4,72
584768,584841,584844,3,73
584768,584843,584845,2,75
584768,584840,584844,4,72
584768,584842,584845,3,74
584768,584843,584845,2,75
584768,584839,584844,5,71
584768,584842,584845,3,74
584768,584842,584846,4,74
584768,584843,584846,3,75
584768,584842,584846,4,74
584768,584843,584845,2,75
584768,584843,584845,2,75
584768,584844,584845,1,76
584775,584845,584846,1,70
584768,584843,584846,3,75
584768,584845,584846,1,77
584768,584843,584846,3,75
584775,584845,584847,2,70
584775,584846,584848,2,71
584775,584846,584848,2,71
584775,584845,584848,3,70
584768,584844,584847,3,76
584775,584845,584848,3,70
584292,584361,584848,487,69
584775,584846,584848,2,71
584775,584846,584849,3,71
584775,584846,584848,2,71
584775,584846,584848,2,71
584775,584846,584852,6,71
584775,584849,584854,5,74
584775,584849,584855,6,74
584775,584852,584856,4,77
584775,584846,584856,10,71
584775,584848,584858,10,73
584775,584847,584858,11,72
584775,584848,584858,10,73
584775,584848,584858,10,73
584775,584848,584858,10,73
584775,584848,584858,10,73
584775,584849,584858,9,74
584775,584848,584858,10,73
584775,584856,584859,3,81
584775,584847,584858,11,72
584775,584857,584860,3,82
584775,584848,584860,12,73
584775,584847,584860,13,72
584775,584855,584859,4,80
584775,584847,584859,12,72
584775,584854,584859,5,79
584775,584858,584860,2,83
584775,584858,584861,3,83
584775,584858,584861,3,83
584775,584858,584863,5,83
584775,584861,584865,4,86
584775,584858,584865,7,83
584775,584860,584865,5,85
584775,584860,584865,5,85
584775,584860,584866,6,85
584775,584859,584866,7,84
584775,584860,584866,6,85
584775,584859,584866,7,84
584775,584859,584867,8,84
584775,584861,584867,6,86
584775,584858,584866,8,83
584775,584862,584867,5,87
584775,584862,584868,6,87
584775,584861,584868,7,86
584775,584859,584868,9,84
584775,584866,584869,3,91
584775,584866,584869,3,91
584775,584866,584869,3,91
584775,584867,584870,3,92
584775,584865,584870,5,90
584775,584865,584870,5,90
584775,584865,584870,5,90
584775,584863,584869,6,88
584775,584867,584871,4,92
584775,584866,584870,4,91
584775,584867,584872,5,92
584775,584869,584872,3,94
584775,584869,584871,2,94
584775,584870,584872,2,95
584310,584390,584872,482,80
584775,584868,584871,3,93
584775,584867,584872,5,92
584775,584868,584871,3,93
584775,584869,584873,4,94
584775,584870,584873,3,95
584775,584870,584873,3,95
584775,584870,584873,3,95
584775,584870,584872,2,95
584775,584865,584872,7,90
584775,584870,584872,2,95
584806,584872,584873,1,66
584806,584872,584874,2,66
584806,584872,584874,2,66
584806,584872,584873,1,66
584775,584871,584873,2,96
584806,584872,584874,2,66
584806,584872,584875,3,66
584806,584872,584875,3,66
584806,584872,584874,2,66
584806,584873,584875,2,67
584806,584873,584876,3,67
584806,584873,584880,7,67
584806,584875,584881,6,69
584806,584876,584882,6,70
584806,584873,584883,10,67
584806,584874,584883,9,68
584806,584874,584883,9,68
584806,584874,584884,10,68
584806,584880,584884,4,74
584806,584873,584884,11,67
584806,584874,584884,10,68
584806,584874,584884,10,68
584806,584875,584885,10,69
584806,584884,584886,2,78
584806,584881,584886,5,75
584806,584884,584886,2,78
584806,584873,584886,13,67
584806,584882,584886,4,76
584806,584875,584885,10,69
584806,584883,584887,4,77
584806,584873,584886,13,67
584806,584875,584887,12,69
584806,584874,584886,12,68
584806,584883,584886,3,77
584806,584884,584887,3,78
584806,584884,584892,8,78
584806,584887,584892,5,81
584806,584887,584893,6,81
584806,584888,584893,5,82
584806,584887,584893,6,81
584806,584886,584892,6,80
584806,584886,584893,7,80
584806,584887,584894,7,81
584806,584887,584894,7,81
584806,584886,584895,9,80
584806,584886,584895,9,80
584806,584886,584895,9,80
584806,584885,584896,11,79
584806,584886,584896,10,80
584806,584892,584896,4,86
584806,584892,584897,5,86
584806,584884,584896,12,78
584806,584885,584897,12,79
584806,584894,584897,3,88
584806,584894,584896,2,88
584806,584893,584898,5,87
584806,584893,584897,4,87
584806,584894,584897,3,88
584806,584893,584897,4,87
584806,584895,584899,4,89
584806,584896,584899,3,90
584806,584894,584899,5,88
584806,584895,584899,4,89
584806,584898,584900,2,92
584806,584897,584899,2,91
584806,584896,584899,3,90
584806,584895,584899,4,89
584806,584897,584899,2,91
584806,584897,584899,2,91
584806,584897,584899,2,91
584806,584898,584900,2,92
584806,584899,584901,2,93
584806,584899,584901,2,93
584806,584898,584900,2,92
584806,584899,584900,1,93
584837,584899,584901,2,62
584806,584896,584901,5,90
584837,584900,584901,1,63
584837,584899,584902,3,62
584837,584900,584901,1,63
584837,584900,584903,3,63
584837,584900,584903,3,63
584837,584900,584902,2,63
584837,584900,584904,4,63
584837,584900,584904,4,63
584837,584900,584904,4,63
584837,584901,584906,5,64
584837,584905,584910,5,68
584837,584901,584911,10,64
584837,584906,584911,5,69
584837,584901,584912,11,64
584837,584902,584913,11,65
584837,584901,584912,11,64
584837,584902,584912,10,65
584837,584905,584914,9,68
584837,584901,584914,13,64
584837,584911,584914,3,74
584837,584903,584914,11,66
584837,584901,584914,13,64
584837,584910,584915,5,73
584837,584903,584915,12,66
584837,584902,584915,13,65
584837,584913,584915,2,76
584837,584911,584914,3,74
584837,584903,584915,12,66
584837,584904,584915,11,67
584837,584913,584916,3,76
584837,584912,584916,4,75
584837,584913,584919,6,76
584837,584917,584921,4,80
584837,584915,584921,6,78
584837,584916,584922,6,79
584837,584916,584923,7,79
584837,584916,584923,7,79
584837,584914,584923,9,77
584837,584915,584924,9,78
584837,584914,584924,10,77
584837,584917,584925,8,80
584837,584919,584925,6,82
584837,584915,584926,11,78
584363,584436,584926,490,73
584837,584914,584926,12,77
584837,584921,584926,5,84
584837,584915,584925,10,78
584837,584914,584926,12,77
584837,584921,584926,5,84
584837,584915,584926,11,78
584837,584923,584927,4,86
584837,584922,584928,6,85
584837,584923,584928,5,86
584837,584924,584927,3,87
584837,584925,584929,4,88
584837,584924,584929,5,87
584837,584926,584929,3,89
584837,584924,584928,4,87
584837,584927,584930,3,90
584837,584928,584930,2,91
584837,584926,584929,3,89
584837,584927,584929,2,90
584837,584926,584931,5,89
584837,584926,584930,4,89
584837,584928,584931,3,91
584381,584460,584931,471,79
584837,584926,584930,4,89
584837,584929,584931,2,92
584837,584926,584930,4,89
584837,584927,584930,3,90
584837,584927,584930,3,90
584837,584929,584930,1,92
584837,584929,584932,3,92
584837,584930,584932,2,93
584837,584929,584931,2,92
584859,584931,584933,2,72
584859,584930,584932,2,71
584859,584930,584932,2,71
584859,584931,584933,2,72
584837,584930,584932,2,93
584859,584931,584933,2,72
584859,584931,584933,2,72
584859,584931,584933,2,72
584859,584931,584933,2,72
584859,584931,584934,3,72
584859,584931,584935,4,72
584859,584931,584936,5,72
584859,584935,584940,5,76
584859,584936,584941,5,77
584859,584933,584943,10,74
584859,584932,584942,10,73
584859,584933,584943,10,74
584859,584934,584942,8,75
584859,584933,584943,10,74
584859,584932,584944,12,73
584859,584933,584945,12,74
584859,584932,584944,12,73
584859,584940,584945,5,81
584859,584932,584945,13,73
584859,584934,584946,12,75
584859,584943,584946,3,84
584859,584933,584945,12,74
584859,584934,584945,11,75
584859,584941,584945,4,82
584859,584933,584947,14,74
584859,584934,584946,12,75
584859,584943,584948,5,84
584859,584943,584951,8,84
584859,584946,584952,6,87
584859,584944,584953,9,85
584859,584946,584953,7,87
584859,584947,584953,6,88
584859,584947,584954,7,88
584859,584947,584954,7,88
584859,584943,584953,10,84
584859,584948,584953,5,89
584859,584945,584955,10,86
584859,584946,584954,8,87
584859,584946,584954,8,87
584859,584944,584957,13,85
584859,584953,584957,4,94
584859,584945,584957,12,86
584859,584952,584957,5,93
584859,584945,584957,12,86
584859,584953,584958,5,94
584859,584951,584957,6,92
584859,584954,584958,4,95
584859,584945,584957,12,86
584859,584955,584959,4,96
584859,584954,584959,5,95
584859,584954,584958,4,95
584859,584954,584959,5,95
584859,584957,584960,3,98
584859,584957,584960,3,98
584859,584955,584960,5,96
584859,584955,584959,4,96
584859,584957,584960,3,98
584859,584953,584959,6,94
584859,584958,584961,3,99
584859,584958,584960,2,99
584859,584958,584961,3,99
584859,584959,584961,2,100
584859,584957,584962,5,98
584859,584959,584961,2,100
584859,584960,584962,2,101
584859,584957,584961,4,98
584859,584958,584961,3,99
584859,584959,584962,3,100
584859,584959,584962,3,100
584859,584960,584961,1,101
584873,584961,584962,1,88
584873,584961,584963,2,88
584859,584960,584962,2,101
584873,584960,584964,4,87
584873,584961,584964,3,88
584873,584961,584963,2,88
584873,584962,584964,2,89
584873,584962,584964,2,89
584873,584962,584963,1,89
584873,584961,584964,3,88
584873,584962,584966,4,89
584405,584485,584968,483,80
584873,584962,584970,8,89
584873,584962,584973,11,89
584873,584963,584973,10,90
584873,584966,584974,8,93
584873,584962,584975,13,89
584873,584968,584975,7,95
584873,584962,584974,12,89
584873,584962,584974,12,89
584873,584965,584975,10,92
584873,584963,584975,12,90
584873,584964,584976,12,91
584873,584964,584976,12,91
584873,584964,584976,12,91
584873,584964,584976,12,91
584873,584964,584977,13,91
584873,584970,584976,6,97
584873,584973,584978,5,100
584873,584965,584978,13,92
584873,584974,584981,7,101
584873,584977,584983,6,104
584873,584974,584984,10,101
584873,584978,584984,6,105
584873,584976,584984,8,103
584873,584977,584984,7,104
584873,584975,584984,9,102
584873,584976,584985,9,103
584873,584975,584985,10,102
584873,584976,584984,8,103
584873,584975,584986,11,102
584873,584979,584987,8,106
584873,584981,584986,5,108
584873,584975,584987,12,102
584873,584975,584988,13,102
584873,584975,584987,12,102
584873,584976,584988,12,103
584873,584985,584989,4,112
584873,584984,584989,5,111
584873,584984,584990,6,111
584873,584985,584990,5,112
584873,584984,584989,5,111
584873,584983,584990,7,110
584873,584987,584990,3,114
584873,584986,584990,4,113
584873,584985,584991,6,112
584873,584989,584992,3,116
584873,584989,584992,3,116
584873,584984,584991,7,111
584873,584986,584992,6,113
584873,584988,584992,4,115
584873,584987,584991,4,114
584873,584988,584993,5,115
584873,584990,584992,2,117
584873,584991,584993,2,118
584873,584987,584992,5,114
584873,584990,584993,3,117
584873,584991,584993,2,118
584873,584991,584993,2,118
584873,584991,584994,3,118
584873,584989,584993,4,116
584873,584991,584994,3,118
584873,584992,584993,1,119
584873,584992,584993,1,119
584873,584992,584995,3,119
584873,584992,584994,2,119
584873,584992,584994,2,119
584926,584993,584995,2,67
584926,584993,584996,3,67
584926,584993,584996,3,67
584926,584993,584996,3,67
584926,584993,584996,3,67
584926,584993,584997,4,67
584926,584994,584996,2,68
584926,584994,584997,3,68
584926,584994,584997,3,68
584926,584994,584999,5,68
584926,584994,585004,10,68
584926,584995,585005,10,69
584926,584996,585006,10,70
584926,584996,585007,11,70
584926,584995,585007,12,69
584451,584517,585007,490,66
584926,584995,585008,13,69
584926,584996,585008,12,70
584926,584995,585008,13,69
584926,584996,585009,13,70
584926,584996,585009,13,70
584926,584997,585010,13,71
584926,584997,585009,12,71
584926,584997,585010,13,71
584926,584998,585011,13,72
584926,584999,585011,12,73
584926,585004,585014,10,78
584926,585005,585015,10,79
584926,585006,585017,11,80
584926,585007,585017,10,81
584926,585010,585019,9,84
584926,585008,585019,11,82
584926,585007,585020,13,81
584926,585008,585020,12,82
584926,585011,585020,9,85
584926,585009,585019,10,83
584926,585007,585019,12,81
584926,585008,585021,13,82
584926,585010,585021,11,84
584515,584662,585021,359,147
584926,585015,585021,6,89
584926,585009,585022,13,83
584926,585010,585022,12,84
584926,585017,585023,6,91
584926,585016,585023,7,90
584926,585012,585022,10,86
584926,585018,585023,5,92
584926,585019,585025,6,93
584926,585021,585025,4,95
584926,585021,585025,4,95
584926,585020,585025,5,94
584926,585019,585025,6,93
584926,585023,585026,3,97
584926,585022,585026,4,96
584926,585020,585026,6,94
584926,585021,585025,4,95
584926,585023,585026,3,97
584926,585020,585026,6,94
584926,585022,585026,4,96
584926,585021,585026,5,95
584926,585020,585026,6,94
584926,585025,585028,3,99
584926,585024,585027,3,98
584926,585025,585028,3,99
584926,585023,585027,4,97
584926,585025,585028,3,99
584926,585025,585028,3,99
584926,585020,585029,9,94
584926,585025,585028,3,99
584926,585026,585028,2,100
584926,585026,585029,3,100
584926,585026,585028,2,100
584926,585026,585028,2,100
584926,585026,585028,2,100
584926,585026,585028,2,100
584926,585026,585030,4,100
584931,585028,585030,2,97
584926,585026,585029,3,100
584931,585028,585030,2,97
584931,585028,585030,2,97
584931,585029,585032,3,98
584931,585029,585032,3,98
584931,585028,585032,4,97
584931,585029,585032,3,98
584931,585029,585033,4,98
584931,585028,585033,5,97
584453,584543,585035,492,90
584931,585029,585036,7,98
584931,585029,585039,10,98
584931,585029,585040,11,98
584931,585030,585040,10,99
584931,585030,585040,10,99
584931,585029,585041,12,98
584931,585031,585042,11,100
584931,585029,585042,13,98
584931,585030,585042,12,99
584537,584692,585042,350,155
584931,585030,585043,13,99
584931,585032,585044,12,101
584931,585032,585044,12,101
584931,585033,585045,12,102
584931,585033,585044,11,102
584931,585033,585044,11,102
584931,585033,585045,12,102
584931,585035,585048,13,104
584931,585039,585050,11,108
584931,585040,585050,10,109
584931,585036,585049,13,105
584931,585040,585051,11,109
584931,585042,585051,9,111
584931,585044,585052,8,113
584931,585042,585052,10,111
584931,585041,585051,10,110
584931,585045,585053,8,114
584931,585041,585052,11,110
584931,585045,585053,8,114
584931,585042,585054,12,111
584931,585048,585054,6,117
584931,585043,585053,10,112
584931,585045,585054,9,114
584931,585045,585054,9,114
584931,585043,585054,11,112
584931,585050,585055,5,119
584931,585051,585055,4,120
584931,585052,585056,4,121
584931,585050,585056,6,119
584931,585051,585055,4,120
584931,585052,585057,5,121
584931,585052,585057,5,121
584931,585044,585057,13,113
584931,585050,585056,6,119
584931,585053,585058,5,122
584931,585053,585057,4,122
584931,585056,585058,2,125
584931,585056,585057,1,125
584931,585055,585057,2,124
584931,585053,585057,4,122
584931,585054,585059,5,123
584931,585055,585059,4,124
584931,585054,585058,4,123
584931,585057,585059,2,126
584931,585057,585058,1,126
584931,585054,585059,5,123
584931,585056,585059,3,125
584931,585058,585059,1,127
584931,585058,585060,2,127
584931,585055,585059,4,124
584931,585057,585060,3,126
584931,585055,585059,4,124
584931,585057,585059,2,126
584931,585058,585060,2,127
584931,585057,585059,2,126
584931,585058,585059,1,127
584931,585058,585061,3,127
584974,585059,585061,2,85
584974,585059,585061,2,85
584974,585059,585062,3,85
584974,585059,585061,2,85
584974,585059,585061,2,85
584974,585060,585062,2,86
584974,585059,585061,2,85
584974,585059,585062,3,85
584974,585060,585062,2,86
584974,585060,585065,5,86
584974,585061,585069,8,87
584974,585063,585070,7,89
584974,585065,585071,6,91
584974,585062,585071,9,88
584974,585060,585071,11,86
584974,585060,585071,11,86
584974,585060,585072,12,86
584483,584570,585072,502,87
584974,585060,585072,12,86
584974,585060,585072,12,86
584974,585060,585073,13,86
584974,585061,585072,11,87
584974,585062,585073,11,88
584974,585062,585072,10,88
584974,585062,585072,10,88
584974,585069,585073,4,95
584974,585062,585074,12,88
584974,585061,585073,12,87
584974,585062,585075,13,88
584974,585071,585075,4,97
584974,585070,585075,5,96
584974,585071,585076,5,97
584974,585071,585077,6,97
584974,585073,585079,6,99
584974,585073,585080,7,99
584974,585072,585080,8,98
584974,585071,585080,9,97
584974,585073,585080,7,99
584974,585072,585081,9,98
584974,585074,585081,7,100
584974,585075,585081,6,101
584974,585077,585081,4,103
584974,585073,585082,9,99
584974,585075,585082,7,101
584974,585076,585081,5,102
584974,585076,585081,5,102
584974,585072,585082,10,98
584974,585075,585083,8,101
584974,585080,585084,4,106
584974,585073,585084,11,99
584974,585080,585084,4,106
584974,585082,585083,1,108
584974,585072,585084,12,98
584974,585081,585085,4,107
584974,585082,585084,2,108
584974,585081,585085,4,107
584974,585083,585085,2,109
584974,585081,585085,4,107
584974,585073,585084,11,99
584974,585082,585084,2,108
584974,585081,585085,4,107
584974,585080,585085,5,106
584974,585081,585086,5,107
584974,585082,585086,4,108
584974,585082,585086,4,108
584974,585084,585085,1,110
584974,585085,585086,1,111
584974,585084,585086,2,110
584974,585084,585086,2,110
584974,585085,585087,2,111
584974,585084,585087,3,110
584974,585080,585086,6,106
584974,585084,585086,2,110
585008,585086,585088,2,78
585008,585086,585088,2,78
584974,585085,585087,2,111
584974,585085,585088,3,111
585008,585086,585088,2,78
585008,585086,585089,3,78
585008,585086,585088,2,78
585008,585087,585088,1,79
585008,585087,585088,1,79
584974,585085,585088,3,111
585008,585086,585088,2,78
585008,585087,585088,1,79
585008,585087,585091,4,79
585008,585090,585091,1,82
584485,584599,585093,494,114
585008,585089,585093,4,81
585008,585091,585092,1,83
585008,585092,585094,2,84
585008,585093,585096,3,85
585008,585093,585097,4,85
585008,585093,585097,4,85
585008,585089,585098,9,81
585008,585088,585098,10,80
585008,585089,585098,9,81
585008,585087,585097,10,79
585008,585088,585097,9,80
585008,585094,585097,3,86
585008,585087,585098,11,79
585008,585089,585098,9,81
585008,585088,585100,12,80
585008,585088,585100,12,80
585008,585097,585100,3,89
585008,585089,585100,11,81
585008,585089,585099,10,81
585008,585087,585099,12,79
585008,585087,585100,13,79
585008,585098,585101,3,90
585008,585088,585101,13,80
585008,585098,585100,2,90
585008,585098,585101,3,90
585008,585096,585100,4,88
585008,585098,585102,4,90
585008,585098,585101,3,90
585008,585098,585102,4,90
585008,585097,585102,5,89
585008,585100,585103,3,92
585008,585099,585103,4,91
585008,585101,585104,3,93
585008,585100,585104,4,92
585008,585101,585104,3,93
585008,585100,585105,5,92
585008,585101,585105,4,93
585008,585101,585105,4,93
585008,585099,585105,6,91
585008,585101,585104,3,93
585008,585102,585106,4,94
585008,585102,585106,4,94
585008,585104,585106,2,96
585008,585100,585106,6,92
585008,585100,585107,7,92
585008,585100,585106,6,92
585008,585105,585107,2,97
585008,585105,585107,2,97
585008,585100,585107,7,92
585008,585105,585108,3,97
585008,585105,585108,3,97
585008,585102,585107,5,94
585008,585103,585107,4,95
585008,585104,585107,3,96
585008,585105,585107,2,97
585008,585106,585107,1,98
585008,585104,585108,4,96
585008,585103,585109,6,95
585008,585103,585108,5,95
585008,585106,585108,2,98
585008,585107,585109,2,99
585008,585106,585108,2,98
585008,585106,585109,3,98
585021,585108,585110,2,87
585021,585107,585109,2,86
585021,585108,585110,2,87
585021,585107,585109,2,86
585008,585107,585109,2,99
585021,585108,585110,2,87
585021,585109,585110,1,88
585021,585109,585110,1,88
585021,585109,585110,1,88
585021,585109,585110,1,88
585021,585109,585112,3,88
585021,585111,585114,3,90
585021,585111,585114,3,90
585021,585109,585115,6,88
585021,585112,585115,3,91
585021,585114,585116,2,93
585021,585114,585116,2,93
585021,585115,585117,2,94
585021,585109,585118,9,88
585021,585111,585118,7,90
585021,585116,585118,2,95
585021,585115,585118,3,94
585021,585109,585118,9,88
585021,585110,585120,10,89
585021,585109,585119,10,88
585021,585109,585120,11,88
585021,585110,585120,10,89
585021,585111,585119,8,90
585021,585110,585120,10,89
585021,585110,585120,10,89
585021,585117,585120,3,96
585021,585118,585121,3,97
585021,585118,585120,2,97
585021,585110,585120,10,89
585021,585109,585121,12,88
585021,585118,585121,3,97
585021,585110,585120,10,89
585021,585119,585122,3,98
585021,585118,585122,4,97
585021,585118,585122,4,97
585021,585120,585123,3,99
585021,585120,585123,3,99
585021,585120,585123,3,99
585021,585120,585124,4,99
585021,585120,585124,4,99
585021,585121,585125,4,100
585021,585122,585125,3,101
585021,585120,585126,6,99
585021,585121,585126,5,100
585021,585121,585125,4,100
585021,585123,585126,3,102
585021,585120,585126,6,99
585021,585122,585126,4,101
585021,585121,585126,5,100
585021,585124,585127,3,103
585021,585123,585127,4,102
585021,585121,585126,5,100
585021,585121,585126,5,100
585021,585121,585127,6,100
585021,585122,585126,4,101
585021,585125,585128,3,104
585021,585125,585127,2,104
585021,585126,585128,2,105
585021,585126,585128,2,105
585021,585127,585129,2,106
585021,585126,585129,3,105
585021,585124,585128,4,103
585021,585126,585129,3,105
585021,585126,585129,3,105
585040,585128,585129,1,88
585040,585128,585130,2,88
585021,585127,585130,3,106
585021,585127,585130,3,106
585021,585125,585130,5,104
585021,585126,585129,3,105
585040,585128,585129,1,88
585021,585127,585129,2,106
585021,585126,585129,3,105
585021,585127,585129,2,106
585040,585129,585130,1,89
585040,585129,585130,1,89
585040,585129,585131,2,89
585040,585129,585132,3,89
585040,585129,585132,3,89
585040,585129,585131,2,89
585040,585130,585131,1,90
584500,584629,585134,505,129
585040,585130,585134,4,90
585040,585133,585134,1,93
585040,585132,585136,4,92
585040,585135,585137,2,95
585040,585134,585137,3,94
585040,585135,585137,2,95
585040,585130,585138,8,90
585040,585131,585139,8,91
585040,585137,585138,1,97
585040,585136,585138,2,96
585040,585132,585138,6,92
585040,585131,585140,9,91
585040,585131,585140,9,91
585040,585130,585141,11,90
585040,585137,585141,4,97
585040,585130,585141,11,90
585040,585130,585141,11,90
585040,585138,585140,2,98
585040,585138,585142,4,98
585040,585140,585142,2,100
585040,585130,585141,11,90
585040,585131,585141,10,91
585040,585141,585143,2,101
585040,585139,585142,3,99
585040,585139,585143,4,99
585040,585132,585142,10,92
585040,585141,585143,2,101
585040,585130,585142,12,90
585040,585140,585143,3,100
585040,585139,585144,5,99
585040,585130,585144,14,90
585040,585139,585143,4,99
585040,585141,585143,2,101
585040,585141,585145,4,101
585040,585141,585145,4,101
585040,585143,585146,3,103
585040,585142,585146,4,102
585040,585143,585146,3,103
585040,585143,585147,4,103
585040,585143,585147,4,103
585040,585143,585147,4,103
585040,585143,585147,4,103
585040,585143,585147,4,103
585040,585142,585147,5,102
585040,585144,585147,3,104
585040,585144,585147,3,104
585040,585145,585149,4,105
585040,585145,585149,4,105
585040,585145,585148,3,105
585040,585146,585149,3,106
585040,585144,585149,5,104
585040,585143,585149,6,103
585040,585144,585149,5,104
585040,585146,585149,3,106
585040,585147,585150,3,107
585040,585147,585150,3,107
585040,585147,585149,2,107
585040,585147,585149,2,107
585040,585148,585150,2,108
585040,585148,585151,3,108
585040,585147,585151,4,107
585043,585149,585151,2,106
585040,585147,585150,3,107
585040,585149,585151,2,109
585040,585149,585152,3,109
585040,585148,585151,3,108
585043,585149,585151,2,106
585043,585150,585152,2,107
585043,585149,585152,3,106
585043,585150,585151,1,107
585043,585150,585151,1,107
585043,585150,585152,2,107
585043,585149,585151,2,106
585043,585150,585152,2,107
585043,585149,585152,3,106
585043,585151,585157,6,108
585043,585153,585158,5,110
585043,585153,585158,5,110
585043,585152,585159,7,109
585043,585151,585159,8,108
585043,585152,585160,8,109
585043,585157,585160,3,114
585043,585158,585160,2,115
585043,585158,585161,3,115
585043,585151,585161,10,108
585043,585160,585161,1,117
585043,585151,585162,11,108
585043,585152,585162,10,109
585043,585152,585162,10,109
585043,585160,585163,3,117
585043,585152,585163,11,109
585043,585152,585163,11,109
585043,585152,585162,10,109
585043,585161,585163,2,118
585043,585152,585164,12,109
585043,585151,585164,13,108
585043,585161,585164,3,118
585043,585160,585164,4,117
585043,585160,585164,4,117
585043,585160,585165,5,117
585043,585161,585165,4,118
585043,585162,585166,4,119
585043,585162,585165,3,119
585043,585163,585166,3,120
585043,585163,585166,3,120
585043,585163,585167,4,120
585043,585162,585166,4,119
585043,585163,585167,4,120
585043,585163,585167,4,120
585043,585164,585169,5,121
585043,585164,585169,5,121
585043,585164,585169,5,121
585043,585167,585170,3,124
585043,585165,585170,5,122
585043,585165,585170,5,122
585043,585164,585170,6,121
585043,585167,585171,4,124
585043,585166,585171,5,123
585043,585166,585171,5,123
585043,585169,585171,2,126
585043,585167,585171,4,124
585043,585165,585171,6,122
585043,585168,585170,2,125
585043,585167,585171,4,124
585043,585170,585172,2,127
585043,585167,585171,4,124
585043,585169,585173,4,126
585043,585171,585173,2,128
585043,585169,585173,4,126
585043,585152,585172,20,109
585043,585171,585173,2,128
585043,585170,585173,3,127
585043,585170,585173,3,127
585043,585171,585173,2,128
585043,585171,585174,3,128
585043,585171,585173,2,128
585073,585172,585174,2,99
585043,585171,585173,2,128
585043,585171,585174,3,128
585043,585170,585173,3,127
585043,585171,585173,2,128
585073,585173,585175,2,100
585073,585173,585174,1,100
585073,585173,585175,2,100
585073,585173,585175,2,100
585073,585173,585174,1,100
585073,585173,585174,1,100
585073,585173,585175,2,100
585073,585173,585175,2,100
585073,585174,585177,3,101
585073,585174,585180,6,101
585073,585177,585181,4,104
585073,585174,585182,8,101
585073,585176,585182,6,103
585073,585180,585183,3,107
585073,585175,585184,9,102
585073,585175,585184,9,102
585073,585181,585184,3,108
585073,585175,585185,10,102
585073,585183,585185,2,110
585073,585175,585185,10,102
585073,585174,585185,11,101
585073,585176,585185,9,103
585073,585182,585184,2,109
585073,585184,585186,2,111
585073,585174,585186,12,101
585073,585175,585185,10,102
585073,585182,585185,3,109
585073,585174,585185,11,101
585073,585174,585186,12,101
585073,585175,585185,10,102
585073,585184,585186,2,111
585073,585184,585188,4,111
585073,585185,585188,3,112
585073,585186,585188,2,113
585073,585185,585188,3,112
585073,585185,585189,4,112
585073,585185,585189,4,112
585073,585185,585189,4,112
585073,585185,585189,4,112
585073,585186,585190,4,113
585073,585186,585190,4,113
585073,585186,585190,4,113
585073,585186,585189,3,113
585073,585186,585190,4,113
585073,585187,585191,4,114
585073,585188,585191,3,115
585073,585187,585192,5,114
585073,585188,585192,4,115
585073,585189,585193,4,116
585073,585189,585193,4,116
585073,585189,585193,4,116
585073,585190,585193,3,117
585073,585190,585193,3,117
585073,585189,585194,5,116
585073,585189,585193,4,116
585073,585190,585194,4,117
585073,585191,585194,3,118
585073,585190,585193,3,117
585073,585192,585194,2,119
585073,585191,585195,4,118
585073,585193,585195,2,120
585073,585188,585194,6,115
585073,585190,585195,5,117
585073,585193,585196,3,120
585073,585193,585196,3,120
585073,585192,585195,3,119
585073,585194,585196,2,121
585073,585194,585196,2,121
585073,585193,585195,2,120
585073,585194,585197,3,121
585073,585193,585197,4,120
585073,585195,585197,2,122
584769,584845,585197,352,76
585073,585195,585196,1,122
585073,585194,585197,3,121
585101,585195,585198,3,94
585101,585195,585197,2,94
585101,585196,585198,2,95
585101,585195,585197,2,94
585101,585196,585197,1,95
585101,585196,585197,1,95
585101,585196,585199,3,95
585101,585196,585198,2,95
585101,585196,585198,2,95
585101,585197,585199,2,96
585101,585197,585202,5,96
585101,585200,585204,4,99
585101,585202,585205,3,101
585101,585197,585206,9,96
585101,585197,585206,9,96
585101,585204,585207,3,103
585101,585197,585207,10,96
585101,585199,585207,8,98
585101,585200,585207,7,99
585101,585198,585208,10,97
585101,585206,585208,2,105
585101,585205,585208,3,104
585101,585206,585208,2,105
585101,585198,585209,11,97
585101,585198,585208,10,97
585101,585199,585209,10,98
585101,585199,585209,10,98
585101,585207,585209,2,106
585101,585198,585209,11,97
585101,585198,585209,11,97
585101,585207,585209,2,106
585101,585198,585209,11,97
585101,585207,585209,2,106
585101,585208,585211,3,107
585101,585208,585211,3,107
585101,585207,585211,4,106
585101,585208,585212,4,107
585101,585209,585212,3,108
585101,585209,585212,3,108
585101,585208,585211,3,107
585101,585209,585211,2,108
585101,585209,585213,4,108
585101,585209,585213,4,108
584558,584726,585214,488,168
585101,585211,585213,2,110
585101,585210,585214,4,109
585101,585210,585213,3,109
585101,585211,585215,4,110
585101,585211,585214,3,110
585101,585212,585215,3,111
585101,585212,585215,3,111
585101,585213,585216,3,112
585101,585211,585215,4,110
585101,585212,585216,4,111
585101,585211,585216,5,110
585101,585215,585217,2,114
585101,585213,585217,4,112
585101,585212,585216,4,111
585101,585213,585217,4,112
585101,585215,585218,3,114
585101,585211,585218,7,110
585101,585214,585218,4,113
585101,585214,585218,4,113
585101,585214,585217,3,113
585101,585216,585219,3,115
585101,585217,585219,2,116
585101,585216,585218,2,115
585101,585215,585219,4,114
585101,585216,585218,2,115
585101,585214,585219,5,113
585101,585218,585220,2,117
585101,585217,585220,3,116
585101,585216,585219,3,115
585101,585217,585220,3,116
585101,585216,585219,3,115
585141,585218,585220,2,77
585141,585218,585219,1,77
585141,585219,585220,1,78
585141,585218,585220,2,77
585141,585219,585221,2,78
585101,585217,585220,3,116
585141,585219,585220,1,78
585141,585219,585222,3,78
585141,585219,585221,2,78
585141,585219,585221,2,78
585141,585220,585222,2,79
585141,585220,585225,5,79
585141,585223,585226,3,82
585141,585226,585229,3,85
585141,585221,585229,8,80
585141,585225,585229,4,84
585141,585222,585229,7,81
585141,585221,585230,9,80
585141,585220,585230,10,79
585141,585221,585231,10,80
585141,585229,585230,1,88
585141,585229,585231,2,88
585141,585220,585232,12,79
585141,585222,585232,10,81
585141,585222,585232,10,81
585141,585229,585232,3,88
585141,585221,585233,12,80
585141,585222,585233,11,81
585141,585220,585232,12,79
585141,585221,585232,11,80
585141,585230,585233,3,89
585141,585229,585232,3,88
585141,585230,585232,2,89
585141,585231,585234,3,90
585141,585232,585235,3,91
585141,585232,585234,2,91
585141,585233,585236,3,92
585141,585232,585236,4,91
585141,585232,585236,4,91
585141,585220,585236,16,79
585141,585231,585235,4,90
585141,585233,585237,4,92
585141,585233,585237,4,92
585141,585233,585237,4,92
585141,585234,585238,4,93
585141,585233,585238,5,92
585141,585233,585237,4,92
585141,585234,585237,3,93
585141,585235,585239,4,94
585141,585235,585238,3,94
585141,585236,585240,4,95
585141,585236,585240,4,95
585141,585236,585239,3,95
585141,585236,585240,4,95
585141,585237,585241,4,96
585141,585234,585241,7,93
585141,585238,585241,3,97
585141,585237,585241,4,96
584574,584755,585242,487,181
585141,585239,585242,3,98
585141,585238,585242,4,97
585141,585238,585242,4,97
585141,585237,585241,4,96
585141,585238,585242,4,97
585141,585239,585241,2,98
585141,585240,585242,2,99
585141,585240,585243,3,99
585141,585236,585242,6,95
585141,585241,585243,2,100
585141,585240,585242,2,99
585141,585241,585244,3,100
585197,585242,585244,2,45
585141,585242,585244,2,101
585141,585241,585244,3,100
585141,585240,585243,3,99
585141,585242,585244,2,101
585141,585241,585244,3,100
585197,585242,585244,2,45
585197,585242,585245,3,45
585197,585242,585244,2,45
585197,585243,585245,2,46
585197,585243,585244,1,46
585141,585242,585244,2,101
585197,585243,585246,3,46
585197,585243,585245,2,46
585197,585244,585247,3,47
585197,585244,585247,3,47
584806,584899,585252,353,93
585197,585248,585252,4,51
585197,585245,585254,9,48
585197,585245,585254,9,48
585197,585252,585255,3,55
585197,585245,585255,10,48
585197,585244,585254,10,47
585197,585252,585254,2,55
585197,585244,585256,12,47
585197,585245,585256,11,48
585197,585244,585256,12,47
585197,585247,585255,8,50
585197,585245,585257,12,48
585197,585244,585257,13,47
585197,585254,585257,3,57
585197,585245,585256,11,48
585197,585245,585257,12,48
585197,585246,585256,10,49
585197,585246,585257,11,49
585197,585254,585257,3,57
585197,585255,585258,3,58
585197,585255,585259,4,58
585197,585256,585259,3,59
585197,585257,585259,2,60
585197,585256,585260,4,59
585197,585256,585260,4,59
585197,585255,585260,5,58
585197,585255,585259,4,58
585197,585256,585259,3,59
585197,585257,585261,4,60
585197,585257,585260,3,60
585197,585257,585262,5,60
585197,585257,585263,6,60
585197,585257,585263,6,60
585197,585260,585264,4,63
585197,585258,585264,6,61
585197,585257,585264,7,60
585197,585260,585264,4,63
585197,585261,585264,3,64
585197,585257,585264,7,60
585197,585259,585264,5,62
585197,585261,585264,3,64
585197,585260,585265,5,63
585197,585260,585264,4,63
585197,585259,585264,5,62
585197,585260,585264,4,63
585197,585264,585266,2,67
585197,585259,585266,7,62
585197,585262,585265,3,65
585197,585263,585265,2,66
585197,585264,585265,1,67
585197,585264,585267,3,67
585197,585263,585267,4,66
585197,585264,585268,4,67
585197,585264,585267,3,67
585197,585266,585268,2,69
585197,585264,585268,4,67
585197,585265,585267,2,68
585197,585265,585267,2,68
585197,585266,585268,2,69
585197,585265,585268,3,68
585197,585265,585269,4,68
585197,585265,585268,3,68
585214,585267,585269,2,53
585197,585266,585268,2,69
585197,585266,585268,2,69
585197,585266,585268,2,69
585214,585268,585270,2,54
585214,585267,585269,2,53
585214,585268,585269,1,54
585214,585268,585269,1,54
585214,585268,585269,1,54
585214,585268,585269,1,54
585214,585268,585271,3,54
585214,585268,585270,2,54
585214,585268,585271,3,54
585214,585269,585275,6,55
585214,585271,585276,5,57
584705,584783,585279,496,78
585214,585269,585279,10,55
585214,585271,585279,8,57
585214,585271,585279,8,57
585214,585270,585279,9,56
585214,585275,585280,5,61
585214,585270,585280,10,56
585214,585270,585279,9,56
585214,585271,585280,9,57
585214,585276,585280,4,62
585214,585269,585279,10,55
585214,585271,585281,10,57
585214,585270,585280,10,56
585214,585269,585280,11,55
585214,585279,585282,3,65
585214,585270,585282,12,56
585214,585279,585282,3,65
585214,585279,585282,3,65
585214,585279,585281,2,65
585214,585271,585283,12,57
585214,585281,585283,2,67
585214,585280,585283,3,66
585214,585280,585284,4,66
585214,585280,585284,4,66
585214,585280,585284,4,66
585214,585280,585283,3,66
585214,585281,585283,2,67
585214,585282,585284,2,68
585214,585280,585283,3,66
585214,585280,585284,4,66
585214,585281,585284,3,67
585214,585282,585286,4,68
585214,585282,585285,3,68
585214,585284,585286,2,70
585214,585284,585287,3,70
585214,585284,585287,3,70
585214,585285,585288,3,71
585214,585283,585288,5,69
585214,585284,585288,4,70
585214,585285,585288,3,71
585214,585282,585288,6,68
585214,585284,585288,4,70
585214,585286,585289,3,72
585214,585284,585289,5,70
585214,585283,585288,5,69
585214,585283,585288,5,69
585214,585284,585288,4,70
585214,585286,585289,3,72
585214,585287,585289,2,73
585214,585288,585290,2,74
585214,585288,585290,2,74
585214,585286,585289,3,72
585214,585284,585289,5,70
585214,585288,585291,3,74
585214,585288,585291,3,74
585214,585288,585291,3,74
585214,585288,585291,3,74
585214,585289,585292,3,75
585214,585290,585291,1,76
585242,585290,585292,2,48
585214,585289,585292,3,75
585214,585289,585292,3,75
585214,585289,585291,2,75
585214,585289,585291,2,75
585214,585289,585291,2,75
585242,585290,585293,3,48
585242,585290,585292,2,48
585242,585291,585293,2,49
585242,585290,585292,2,48
585242,585291,585293,2,49
585242,585291,585294,3,49
585242,585291,585293,2,49
585242,585292,585294,2,50
585242,585292,585294,2,50
585242,585292,585298,6,50
585242,585295,585299,4,53
585242,585298,585301,3,56
585242,585292,585301,9,50
585242,585299,585301,2,57
585242,585295,585302,7,53
585242,585292,585302,10,50
585242,585293,585303,10,51
585242,585292,585303,11,50
585242,585293,585302,9,51
585242,585301,585302,1,59
585242,585293,585304,11,51
585242,585301,585304,3,59
585242,585292,585304,12,50
585242,585293,585304,11,51
585242,585292,585304,12,50
585242,585295,585304,9,53
585242,585302,585304,2,60
585242,585293,585305,12,51
585242,585294,585306,12,52
585242,585302,585306,4,60
585242,585304,585306,2,62
585242,585303,585306,3,61
585242,585304,585307,3,62
584750,584810,585307,497,60
585242,585302,585306,4,60
585242,585303,585307,4,61
585242,585304,585307,3,62
585242,585304,585307,3,62
585242,585304,585307,3,62
585242,585304,585307,3,62
585242,585305,585309,4,63
585242,585305,585308,3,63
585242,585305,585308,3,63
585242,585305,585311,6,63
585242,585307,585311,4,65
585242,585309,585311,2,67
585242,585307,585311,4,65
585242,585307,585312,5,65
585242,585306,585312,6,64
585242,585308,585312,4,66
585242,585307,585312,5,65
585242,585307,585312,5,65
585242,585309,585312,3,67
585242,585306,585311,5,64
585242,585307,585312,5,65
585242,585308,585312,4,66
585242,585306,585312,6,64
585242,585307,585312,5,65
585242,585311,585314,3,69
585242,585311,585314,3,69
585242,585312,585314,2,70
585242,585309,585313,4,67
585242,585312,585315,3,70
585242,585312,585315,3,70
585242,585312,585315,3,70
585242,585311,585314,3,69
585242,585313,585315,2,71
585242,585312,585314,2,70
585242,585313,585315,2,71
585242,585312,585314,2,70
585242,585313,585316,3,71
585242,585313,585316,3,71
585242,585312,585315,3,70
585242,585314,585315,1,72
585242,585313,585316,3,71
585256,585315,585317,2,59
585256,585314,585317,3,58
585256,585315,585318,3,59
585256,585315,585318,3,59
585256,585315,585318,3,59
585256,585315,585317,2,59
585256,585315,585317,2,59
585256,585314,585319,5,58
585256,585316,585320,4,60
585256,585315,585319,4,59
585256,585316,585321,5,60
585256,585316,585327,11,60
585256,585316,585327,11,60
585256,585316,585329,13,60
585256,585317,585329,12,61
585256,585317,585329,12,61
585256,585317,585328,11,61
585256,585318,585328,10,62
585256,585318,585330,12,62
585256,585318,585330,12,62
585256,585319,585331,12,63
585256,585318,585331,13,62
585256,585318,585331,13,62
585256,585320,585332,12,64
585256,585321,585332,11,65
585256,585320,585333,13,64
585256,585327,585337,10,71
585256,585327,585339,12,71
585256,585330,585339,9,74
585256,585330,585340,10,74
585256,585329,585340,11,73
585256,585330,585340,10,74
585256,585329,585340,11,73
585256,585330,585340,10,74
585256,585331,585341,10,75
585256,585332,585341,9,76
585256,585337,585341,4,81
585256,585332,585341,9,76
585256,585333,585342,9,77
585256,585331,585342,11,75
585256,585329,585341,12,73
585256,585332,585344,12,76
585256,585339,585345,6,83
585256,585339,585346,7,83
585256,585341,585346,5,85
585256,585341,585346,5,85
585256,585342,585346,4,86
585256,585340,585347,7,84
585256,585340,585347,7,84
585256,585340,585347,7,84
585256,585340,585348,8,84
585256,585341,585348,7,85
585256,585342,585348,6,86
585256,585346,585349,3,90
585256,585346,585348,2,90
585256,585347,585348,1,91
585256,585341,585349,8,85
585256,585345,585348,3,89
585256,585342,585349,7,86
585256,585340,585348,8,84
585256,585346,585349,3,90
585256,585346,585350,4,90
585256,585344,585349,5,88
585256,585347,585350,3,91
585256,585347,585350,3,91
585256,585349,585350,1,93
585256,585349,585350,1,93
585256,585349,585351,2,93
585256,585348,585351,3,92
585256,585348,585350,2,92
585256,585348,585350,2,92
585256,585349,585351,2,93
585256,585349,585352,3,93
585256,585349,585352,3,93
585256,585349,585352,3,93
585280,585350,585352,2,70
585280,585350,585352,2,70
585280,585350,585352,2,70
585280,585351,585353,2,71
585280,585351,585352,1,71
585280,585351,585352,1,71
585280,585350,585352,2,70
585280,585351,585353,2,71
585280,585351,585355,4,71
585280,585351,585354,3,71
585280,585352,585357,5,72
585280,585352,585360,8,72
585280,585353,585362,9,73
585280,585357,585362,5,77
585280,585355,585362,7,75
585280,585352,585363,11,72
585280,585353,585362,9,73
585280,585352,585363,11,72
585280,585355,585364,9,75
585280,585353,585363,10,73
585280,585362,585364,2,82
585280,585360,585364,4,80
585280,585352,585364,12,72
585280,585354,585365,11,74
585280,585352,585364,12,72
585280,585352,585365,13,72
585280,585363,585366,3,83
585280,585354,585366,12,74
585280,585362,585365,3,82
585280,585363,585366,3,83
585280,585363,585366,3,83
585280,585364,585367,3,84
585280,585363,585367,4,83
585280,585364,585367,3,84
585280,585364,585368,4,84
585280,585364,585367,3,84
585280,585364,585367,3,84
585280,585365,585368,3,85
585280,585365,585369,4,85
585280,585366,585369,3,86
585280,585366,585369,3,86
585280,585366,585369,3,86
584776,584871,585371,500,95
585280,585366,585371,5,86
585280,585366,585372,6,86
585280,585366,585372,6,86
585280,585367,585373,6,87
585280,585368,585372,4,88
585280,585368,585373,5,88
585280,585367,585373,6,87
585280,585368,585373,5,88
585280,585367,585373,6,87
585280,585370,585374,4,90
585280,585368,585373,5,88
585280,585369,585373,4,89
585280,585370,585374,4,90
585280,585372,585375,3,92
585280,585372,585374,2,92
585280,585373,585374,1,93
585280,585373,585375,2,93
585280,585370,585374,4,90
585280,585371,585374,3,91
585280,585373,585376,3,93
585280,585372,585375,3,92
585280,585373,585376,3,93
585280,585373,585376,3,93
585280,585373,585376,3,93
585280,585374,585377,3,94
585280,585375,585377,2,95
585280,585374,585377,3,94
585280,585374,585377,3,94
585280,585375,585377,2,95
585280,585374,585377,3,94
585280,585375,585377,2,95
585280,585375,585377,2,95
585308,585377,585378,1,69
585280,585375,585377,2,95
585308,585376,585379,3,68
585308,585376,585379,3,68
585308,585376,585378,2,68
585308,585376,585378,2,68
585308,585377,585379,2,69
585308,585376,585379,3,68
585308,585377,585380,3,69
585308,585377,585379,2,69
585308,585377,585380,3,69
585308,585377,585384,7,69
585308,585378,585386,8,70
585308,585378,585387,9,70
585308,585379,585388,9,71
585308,585380,585388,8,72
585308,585378,585389,11,70
585308,585379,585389,10,71
585308,585379,585390,11,71
585308,585385,585390,5,77
585308,585379,585390,11,71
585308,585379,585389,10,71
585308,585386,585389,3,78
585308,585387,585389,2,79
585308,585379,585390,11,71
585308,585380,585391,11,72
585308,585379,585391,12,71
585308,585388,585392,4,80
585308,585388,585391,3,80
585308,585380,585393,13,72
585308,585389,585392,3,81
585308,585391,585393,2,83
585308,585390,585394,4,82
585308,585390,585394,4,82
585308,585390,585394,4,82
585308,585390,585394,4,82
585308,585390,585394,4,82
585308,585391,585395,4,83
585308,585391,585394,3,83
585308,585391,585394,3,83
585308,585389,585394,5,81
585308,585392,585395,3,84
585308,585392,585398,6,84
585308,585395,585398,3,87
585308,585395,585399,4,87
585308,585395,585399,4,87
585308,585393,585398,5,85
585308,585393,585398,5,85
585308,585394,585399,5,86
585308,585394,585399,5,86
585308,585395,585400,5,87
585308,585395,585400,5,87
585308,585393,585399,6,85
585308,585394,585400,6,86
585308,585394,585400,6,86
585308,585399,585401,2,91
585308,585394,585400,6,86
585308,585399,585401,2,91
585308,585399,585402,3,91
585308,585398,585402,4,90
585308,585398,585401,3,90
585308,585399,585403,4,91
585308,585399,585403,4,91
585308,585400,585403,3,92
585308,585400,585403,3,92
585308,585401,585403,2,93
585308,585402,585404,2,94
585308,585402,585403,1,94
585308,585400,585403,3,92
585308,585401,585404,3,93
585308,585400,585404,4,92
585308,585400,585403,3,92
585308,585400,585404,4,92
585308,585402,585405,3,94
585372,585403,585406,3,31
585308,585403,585405,2,95
585372,585404,585405,1,32
585372,585404,585405,1,32
585372,585404,585406,2,32
585308,585402,585405,3,94
585372,585403,585405,2,31
585372,585404,585406,2,32
585372,585404,585407,3,32
585372,585404,585407,3,32
585372,585404,585407,3,32
585372,585404,585409,5,32
585372,585405,585413,8,33
585372,585406,585416,10,34
585372,585406,585417,11,34
585372,585406,585416,10,34
585372,585406,585418,12,34
585372,585407,585418,11,35
585372,585406,585419,13,34
585372,585407,585419,12,35
585372,585407,585419,12,35
585372,585407,585419,12,35
585372,585406,585419,13,34
585372,585407,585420,13,35
585372,585409,585419,10,37
585372,585418,585423,5,46
585372,585419,585423,4,47
585372,585413,585423,10,41
585372,585419,585424,5,47
585372,585420,585424,4,48
585372,585419,585423,4,47
585372,585421,585424,3,49
585372,585417,585424,7,45
585372,585419,585425,6,47
585372,585420,585424,4,48
585372,585418,585424,6,46
585372,585416,585425,9,44
585372,585417,585425,8,45
585372,585423,585426,3,51
585372,585423,585427,4,51
584837,584930,585427,497,93
585372,585424,585427,3,52
585372,585424,585428,4,52
585372,585424,585429,5,52
585372,585424,585430,6,52
585372,585424,585431,7,52
585372,585425,585431,6,53
585372,585428,585431,3,56
585372,585427,585432,5,55
585372,585427,585432,5,55
585372,585427,585432,5,55
585372,585424,585431,7,52
585372,585426,585432,6,54
585372,585426,585431,5,54
585372,585426,585431,5,54
585372,585430,585432,2,58
585372,585425,585432,7,53
585372,585425,585433,8,53
585372,585429,585433,4,57
585372,585431,585434,3,59
585372,585431,585435,4,59
585372,585433,585434,1,61
585372,585433,585435,2,61
585372,585432,585435,3,60
585372,585432,585435,3,60
585372,585432,585435,3,60
585372,585431,585435,4,59
585372,585432,585434,2,60
585372,585433,585436,3,61
585372,585433,585436,3,61
585372,585433,585435,2,61
585372,585432,585435,3,60
585372,585435,585437,2,63
585372,585434,585437,3,62
585372,585435,585437,2,63
585372,585435,585438,3,63
585372,585435,585437,2,63
584859,584960,585438,478,101
585372,585434,585437,3,62
585427,585437,585439,2,10
585427,585436,585439,3,9
585427,585437,585440,3,10
585427,585436,585440,4,9
585427,585436,585439,3,9
585427,585435,585439,4,8
585427,585436,585439,3,9
585427,585437,585441,4,10
585427,585437,585442,5,10
585427,585435,585441,6,8
585427,585438,585444,6,11
585427,585438,585445,7,11
585427,585439,585450,11,12
585427,585438,585450,12,11
585427,585439,585451,12,12
585427,585438,585451,13,11
585427,585440,585452,12,13
585427,585440,585452,12,13
585427,585440,585452,12,13
585427,585440,585451,11,13
585427,585440,585453,13,13
585427,585441,585452,11,14
585427,585442,585454,12,15
585427,585442,585455,13,15
585427,585445,585456,11,18
585427,585444,585456,12,17
585427,585450,585460,10,23
585427,585450,585461,11,23
585427,585452,585462,10,25
585427,585451,585462,11,24
585427,585451,585462,11,24
585427,585452,585463,11,25
585427,585456,585462,6,29
585427,585456,585463,7,29
585427,585452,585464,12,25
585427,585452,585463,11,25
585427,585455,585464,9,28
585427,585453,585464,11,26
585427,585454,585465,11,27
585427,585454,585464,10,27
585427,585460,585466,6,33
585427,585462,585467,5,35
585427,585462,585467,5,35
585427,585461,585467,6,34
585427,585462,585468,6,35
585009,585107,585469,362,98
585427,585463,585468,5,36
585427,585463,585469,6,36
585427,585464,585470,6,37
585427,585464,585469,5,37
585427,585464,585470,6,37
585427,585465,585470,5,38
585427,585465,585470,5,38
585427,585467,585471,4,40
585427,585466,585471,5,39
585427,585467,585471,4,40
585427,585463,585470,7,36
585427,585467,585471,4,40
585427,585469,585472,3,42
585427,585470,585472,2,43
585427,585464,585471,7,37
585427,585468,585471,3,41
585427,585470,585473,3,43
585427,585469,585472,3,42
585427,585469,585472,3,42
585427,585470,585473,3,43
585427,585470,585473,3,43
585427,585471,585474,3,44
585427,585471,585473,2,44
585427,585472,585474,2,45
585427,585471,585474,3,44
585427,585472,585475,3,45
585427,585472,585474,2,45
585448,585473,585475,2,25
585427,585472,585475,3,45
585427,585471,585474,3,44
585427,585471,585474,3,44
585448,585474,585476,2,26
585448,585473,585476,3,25
585448,585474,585477,3,26
585448,585473,585477,4,25
585448,585474,585477,3,26
585448,585473,585478,5,25
585448,585474,585478,4,26
585448,585474,585477,3,26
584873,584992,585477,485,119
585448,585475,585483,8,27
585448,585475,585484,9,27
585448,585475,585484,9,27
585448,585475,585486,11,27
585448,585475,585487,12,27
585448,585475,585487,12,27
585448,585476,585486,10,28
585448,585477,585487,10,29
585448,585476,585489,13,28
585448,585477,585489,12,29
585448,585477,585488,11,29
585448,585478,585490,12,30
585448,585478,585490,12,30
585448,585478,585490,12,30
585448,585478,585491,13,30
585448,585484,585495,11,36
585448,585483,585496,13,35
585448,585486,585496,10,38
585448,585487,585497,10,39
585448,585486,585498,12,38
585448,585487,585499,12,39
585448,585487,585499,12,39
585448,585488,585499,11,40
585448,585489,585500,11,41
585448,585489,585500,11,41
585448,585490,585499,9,42
585448,585490,585501,11,42
585448,585490,585501,11,42
585448,585495,585501,6,47
585448,585489,585501,12,41
585448,585497,585502,5,49
585448,585491,585501,10,43
585448,585497,585503,6,49
585448,585496,585503,7,48
585448,585499,585504,5,51
585448,585499,585505,6,51
585448,585500,585505,5,52
585448,585501,585505,4,53
585448,585499,585505,6,51
585448,585498,585506,8,50
585448,585502,585506,4,54
585448,585500,585505,5,52
585448,585502,585506,4,54
585448,585501,585506,5,53
585448,585502,585507,5,54
585448,585503,585506,3,55
585448,585501,585507,6,53
585448,585501,585506,5,53
585448,585503,585507,4,55
585448,585505,585508,3,57
585448,585505,585509,4,57
585448,585505,585508,3,57
585448,585504,585509,5,56
585448,585506,585509,3,58
585448,585506,585509,3,58
585448,585505,585509,4,57
585448,585507,585510,3,59
585448,585507,585510,3,59
585448,585507,585510,3,59
585448,585506,585509,3,58
585448,585507,585509,2,59
585448,585507,585509,2,59
585448,585507,585509,2,59
585448,585508,585511,3,60
585448,585509,585511,2,61
585448,585506,585510,4,58
585469,585510,585512,2,41
585469,585510,585512,2,41
585469,585510,585513,3,41
585469,585510,585513,3,41
585469,585510,585513,3,41
585469,585510,585513,3,41
585469,585509,585513,4,40
585469,585509,585513,4,40
585469,585510,585514,4,41
585469,585509,585514,5,40
585469,585510,585519,9,41
584927,585027,585519,492,100
585041,585149,585519,370,108
585469,585511,585522,11,42
585469,585513,585523,10,44
585469,585511,585523,12,42
585469,585511,585523,12,42
585469,585512,585524,12,43
585469,585513,585524,11,44
585469,585513,585523,10,44
585469,585513,585524,11,44
585469,585513,585526,13,44
585469,585514,585526,12,45
585469,585515,585526,11,46
585469,585514,585527,13,45
585469,585515,585527,12,46
585469,585519,585529,10,50
585469,585519,585529,10,50
585044,585172,585530,358,128
585469,585519,585531,12,50
585469,585523,585532,9,54
585469,585523,585532,9,54
585469,585523,585534,11,54
585469,585523,585535,12,54
585469,585525,585535,10,56
585469,585529,585535,6,60
585469,585529,585536,7,60
585469,585524,585536,12,55
585469,585525,585536,11,56
585469,585526,585535,9,57
585469,585526,585537,11,57
585469,585524,585536,12,55
585469,585526,585538,12,57
585469,585527,585537,10,58
585469,585531,585539,8,62
585469,585532,585539,7,63
585469,585528,585538,10,59
585469,585531,585539,8,62
585469,585536,585540,4,67
585469,585536,585540,4,67
585469,585534,585541,7,65
585469,585535,585541,6,66
585469,585537,585541,4,68
585469,585535,585540,5,66
585469,585536,585541,5,67
585469,585537,585541,4,68
585469,585535,585541,6,66
585469,585538,585541,3,69
585469,585537,585541,4,68
585469,585539,585541,2,70
585469,585539,585543,4,70
585469,585538,585542,4,69
585469,585539,585543,4,70
585469,585539,585542,3,70
585469,585532,585544,12,63
585469,585541,585544,3,72
585469,585541,585543,2,72
585469,585540,585545,5,71
585469,585542,585545,3,73
585469,585541,585544,3,72
585469,585543,585545,2,74
585469,585543,585544,1,74
585469,585541,585544,3,72
585469,585542,585545,3,73
585469,585541,585545,4,72
585469,585541,585544,3,72
585469,585542,585545,3,73
585486,585543,585546,3,57
585469,585543,585545,2,74
585486,585544,585547,3,58
585486,585545,585547,2,59
585486,585544,585546,2,58
585486,585543,585546,3,57
585486,585544,585547,3,58
585486,585545,585547,2,59
585486,585545,585548,3,59
585486,585545,585548,3,59
585486,585545,585551,6,59
585486,585545,585555,10,59
585486,585545,585556,11,59
585486,585546,585556,10,60
585486,585546,585557,11,60
585486,585547,585557,10,61
585486,585546,585558,12,60
585486,585545,585558,13,59
585486,585548,585559,11,62
585486,585545,585559,14,59
585486,585547,585558,11,61
585486,585547,585560,13,61
585486,585550,585560,10,64
585486,585548,585561,13,62
585486,585548,585560,12,62
585486,585548,585560,12,62
585486,585551,585561,10,65
585486,585558,585566,8,72
585486,585556,585567,11,70
585486,585555,585567,12,69
585486,585561,585567,6,75
585486,585562,585568,6,76
585486,585559,585568,9,73
585486,585560,585569,9,74
585486,585557,585569,12,71
585486,585556,585568,12,70
584932,585058,585570,512,126
585486,585558,585570,12,72
585486,585560,585570,10,74
585486,585560,585571,11,74
585486,585561,585570,9,75
585486,585559,585570,11,73
585486,585566,585571,5,80
585486,585560,585572,12,74
585486,585567,585572,5,81
585486,585568,585573,5,82
585486,585567,585573,6,81
585486,585567,585572,5,81
585486,585568,585574,6,82
585486,585569,585574,5,83
585486,585571,585573,2,85
585486,585570,585574,4,84
585486,585571,585574,3,85
585486,585561,585573,12,75
585486,585571,585575,4,85
585486,585569,585575,6,83
585486,585571,585574,3,85
585486,585572,585575,3,86
585486,585569,585574,5,83
585486,585570,585574,4,84
585486,585570,585574,4,84
585486,585572,585575,3,86
585486,585573,585576,3,87
585486,585574,585577,3,88
585486,585575,585577,2,89
585486,585573,585576,3,87
585486,585575,585577,2,89
585486,585575,585577,2,89
585486,585574,585576,2,88
585486,585575,585578,3,89
585486,585574,585578,4,88
585486,585574,585577,3,88
585486,585575,585577,2,89
585486,585573,585577,4,87
585486,585575,585577,2,89
585486,585574,585577,3,88
585486,585575,585577,2,89
585522,585576,585579,3,54
585522,585576,585578,2,54
585522,585577,585578,1,55
585522,585577,585580,3,55
585522,585577,585580,3,55
584974,585086,585580,494,112
585522,585577,585581,4,55
585522,585577,585580,3,55
585522,585577,585581,4,55
585522,585578,585582,4,56
585522,585578,585585,7,56
585522,585578,585587,9,56
585522,585579,585589,10,57
585522,585580,585590,10,58
585522,585580,585590,10,58
585522,585579,585590,11,57
585522,585578,585590,12,56
585522,585578,585590,12,56
585522,585580,585590,10,58
585522,585579,585590,11,57
585522,585578,585590,12,56
585522,585580,585592,12,58
585522,585580,585592,12,58
585522,585581,585592,11,59
585522,585581,585593,12,59
585522,585581,585592,11,59
585522,585583,585595,12,61
585522,585590,585598,8,68
585522,585585,585598,13,63
585522,585594,585598,4,72
585522,585593,585599,6,71
585522,585588,585598,10,66
585522,585589,585600,11,67
585522,585590,585600,10,68
585522,585591,585601,10,69
585522,585591,585601,10,69
585522,585592,585601,9,70
585522,585591,585601,10,69
585522,585590,585602,12,68
585522,585590,585601,11,68
585522,585595,585601,6,73
585522,585590,585601,11,68
585522,585598,585602,4,76
585522,585598,585604,6,76
585522,585602,585604,2,80
585522,585599,585604,5,77
585522,585598,585604,6,76
585522,585592,585603,11,70
585522,585601,585604,3,79
585522,585599,585604,5,77
585522,585602,585604,2,80
585522,585600,585605,5,78
585522,585592,585604,12,70
585522,585601,585605,4,79
585522,585601,585605,4,79
585522,585602,585605,3,80
585522,585603,585605,2,81
585522,585601,585605,4,79
585522,585602,585605,3,80
585522,585604,585607,3,82
585522,585604,585607,3,82
585522,585605,585607,2,83
585522,585604,585607,3,82
585522,585604,585608,4,82
585522,585604,585607,3,82
585522,585606,585608,2,84
585522,585605,585608,3,83
585522,585600,585607,7,78
585522,585604,585608,4,82
585522,585605,585607,2,83
585522,585605,585607,2,83
585522,585604,585609,5,82
585522,585605,585609,4,83
585522,585605,585608,3,83
585522,585606,585608,2,84
585522,585607,585609,2,85
585198,585266,585610,344,68
585522,585607,585610,3,85
585522,585604,585609,5,82
585522,585607,585611,4,85
585522,585608,585611,3,86
585522,585608,585610,2,86
585522,585608,585610,2,86
585522,585608,585611,3,86
585522,585608,585611,3,86
585522,585607,585612,5,85
585522,585608,585614,6,86
585522,585608,585616,8,86
585522,585610,585619,9,88
585522,585608,585620,12,86
585522,585609,585620,11,87
585522,585609,585620,11,87
585522,585610,585620,10,88
585522,585609,585621,12,87
585522,585609,585621,12,87
585522,585611,585621,10,89
585522,585611,585621,10,89
585522,585610,585621,11,88
585522,585610,585621,11,88
585522,585611,585623,12,89
585522,585611,585622,11,89
585522,585612,585623,11,90
585522,585612,585624,12,90
585522,585614,585624,10,92
585522,585616,585624,8,94
585522,585613,585625,12,91
585522,585619,585628,9,97
585522,585624,585629,5,102
585522,585621,585630,9,99
585522,585622,585630,8,100
585522,585620,585631,11,98
585522,585621,585630,9,99
585522,585624,585631,7,102
585522,585622,585631,9,100
585522,585626,585631,5,104
585522,585621,585630,9,99
585522,585624,585630,6,102
585522,585620,585632,12,98
585522,585620,585632,12,98
585522,585624,585632,8,102
585522,585620,585632,12,98
585522,585629,585632,3,107
585522,585623,585632,9,101
585522,585621,585632,11,99
585522,585629,585633,4,107
585522,585631,585634,3,109
585522,585632,585634,2,110
585522,585623,585634,11,101
585522,585630,585635,5,108
585522,585631,585634,3,109
585522,585630,585635,5,108
585522,585632,585636,4,110
585522,585631,585636,5,109
585215,585290,585636,346,75
585522,585633,585635,2,111
585522,585631,585635,4,109
585522,585632,585635,3,110
585522,585631,585636,5,109
585522,585632,585636,4,110
585522,585633,585637,4,111
585522,585635,585637,2,113
585522,585632,585636,4,110
585522,585633,585636,3,111
585522,585632,585636,4,110
585522,585634,585636,2,112
585522,585635,585638,3,113
585522,585635,585638,3,113
585522,585635,585638,3,113
585522,585636,585638,2,114
585522,585631,585637,6,109
585522,585635,585637,2,113
585532,585637,585639,2,105
585522,585636,585638,2,114
585532,585637,585639,2,105
585522,585636,585638,2,114
585532,585638,585640,2,106
585532,585637,585640,3,105
585532,585637,585640,3,105
585532,585636,585640,4,104
585532,585637,585640,3,105
585532,585636,585640,4,104
585532,585637,585640,3,105
585532,585638,585643,5,106
585532,585638,585646,8,106
585532,585639,585649,10,107
585532,585639,585649,10,107
585532,585639,585650,11,107
585532,585640,585650,10,108
585532,585638,585650,12,106
585532,585638,585650,12,106
585532,585639,585650,11,107
585532,585640,585651,11,108
585532,585640,585651,11,108
585532,585641,585652,11,109
585532,585640,585652,12,108
585532,585641,585653,12,109
585532,585641,585653,12,109
585022,585128,585654,526,106
585532,585641,585654,13,109
585532,585642,585653,11,110
585532,585644,585654,10,112
585532,585646,585657,11,114
585532,585649,585657,8,117
585532,585655,585659,4,123
585532,585652,585660,8,120
585532,585651,585661,10,119
585532,585651,585661,10,119
585532,585651,585661,10,119
585532,585650,585661,11,118
585532,585649,585660,11,117
585532,585650,585660,10,118
585532,585650,585661,11,118
585532,585653,585661,8,121
585532,585651,585663,12,119
585532,585657,585663,6,125
585532,585657,585663,6,125
585532,585653,585662,9,121
585532,585654,585662,8,122
585532,585653,585663,10,121
585532,585654,585663,9,122
585532,585661,585664,3,129
585532,585661,585664,3,129
585532,585654,585664,10,122
585532,585660,585665,5,128
585532,585661,585665,4,129
585532,585661,585665,4,129
585532,585660,585664,4,128
585532,585661,585666,5,129
585532,585661,585665,4,129
585532,585663,585667,4,131
585532,585664,585666,2,132
585532,585665,585667,2,133
585532,585661,585667,6,129
585532,585663,585667,4,131
585532,585663,585667,4,131
585532,585664,585667,3,132
585532,585662,585666,4,130
585532,585665,585668,3,133
585532,585664,585668,4,132
585532,585663,585668,5,131
585532,585666,585668,2,134
585532,585665,585667,2,133
585532,585665,585668,3,133
585532,585664,585667,3,132
585532,585664,585668,4,132
585532,585663,585668,5,131
585532,585667,585668,1,135
585570,585668,585670,2,98
585570,585667,585670,3,97
585532,585666,585669,3,134
585570,585667,585670,3,97
585532,585667,585669,2,135
585570,585667,585670,3,97
585570,585667,585669,2,97
585570,585668,585670,2,98
585570,585668,585671,3,98
585570,585668,585671,3,98
585570,585667,585670,3,97
585570,585668,585673,5,98
585570,585669,585680,11,99
585570,585668,585680,12,98
585570,585670,585680,10,100
585570,585669,585681,12,99
585570,585669,585681,12,99
585570,585669,585681,12,99
585570,585671,585681,10,101
585570,585670,585681,11,100
585570,585670,585682,12,100
585570,585670,585682,12,100
585570,585670,585682,12,100
585570,585670,585681,11,100
585570,585671,585683,12,101
585570,585670,585683,13,100
585570,585670,585682,12,100
585570,585671,585682,11,101
585570,585673,585684,11,103
585570,585683,585688,5,113
585570,585683,585689,6,113
585570,585684,585689,5,114
585570,585683,585689,6,113
585570,585681,585690,9,111
585570,585681,585690,9,111
585570,585683,585690,7,113
585570,585680,585691,11,110
585570,585680,585691,11,110
585570,585681,585691,10,111
585570,585682,585692,10,112
585570,585681,585692,11,111
585570,585680,585692,12,110
585570,585681,585691,10,111
585570,585682,585693,11,112
585570,585691,585693,2,121
585570,585682,585693,11,112
585570,585682,585693,11,112
585570,585688,585694,6,118
585570,585689,585694,5,119
585570,585689,585695,6,119
585570,585693,585695,2,123
585570,585691,585695,4,121
585570,585689,585694,5,119
585570,585691,585694,3,121
585570,585690,585694,4,120
585570,585690,585696,6,120
585570,585692,585696,4,122
585570,585692,585695,3,122
585570,585690,585695,5,120
585570,585692,585695,3,122
585570,585692,585695,3,122
585570,585694,585697,3,124
585570,585694,585697,3,124
585570,585694,585697,3,124
585570,585693,585696,3,123
585570,585695,585698,3,125
585570,585696,585698,2,126
585570,585695,585698,3,125
585570,585695,585698,3,125
585570,585693,585697,4,123
585570,585696,585698,2,126
585570,585696,585699,3,126
585570,585696,585698,2,126
585570,585696,585698,2,126
585570,585696,585698,2,126
585570,585695,585698,3,125
585570,585695,585698,3,125
585588,585697,585700,3,109
585588,585697,585700,3,109
585588,585697,585700,3,109
585588,585698,585700,2,110
585588,585698,585701,3,110
585588,585697,585700,3,109
585588,585698,585702,4,110
585588,585698,585701,3,110
585588,585698,585703,5,110
585588,585699,585704,5,111
585073,585195,585705,510,122
585588,585699,585706,7,111
585588,585700,585710,10,112
585588,585699,585710,11,111
585588,585699,585710,11,111
585142,585242,585710,468,100
585588,585699,585711,12,111
585588,585699,585712,13,111
585588,585701,585712,11,113
585588,585701,585711,10,113
585588,585699,585711,12,111
585588,585700,585712,12,112
585588,585700,585711,11,112
585588,585701,585713,12,113
585588,585702,585714,12,114
585588,585702,585714,12,114
585588,585703,585715,12,115
585588,585704,585716,12,116
585588,585706,585717,11,118
585588,585710,585718,8,122
585588,585710,585719,9,122
585588,585705,585719,14,117
585588,585710,585720,10,122
585588,585716,585721,5,128
585588,585712,585721,9,124
585588,585710,585722,12,122
585101,585218,585722,504,117
585588,585715,585722,7,127
585588,585718,585722,4,130
585588,585714,585722,8,126
585588,585712,585723,11,124
585588,585711,585723,12,123
585588,585714,585723,9,126
585588,585712,585722,10,124
585588,585714,585724,10,126
585588,585712,585724,12,124
585588,585712,585724,12,124
585588,585717,585723,6,129
585588,585722,585725,3,134
585588,585719,585725,6,131
585588,585712,585724,12,124
585588,585719,585724,5,131
585588,585723,585724,1,135
585588,585723,585726,3,135
585588,585721,585726,5,133
585588,585722,585726,4,134
585588,585722,585726,4,134
585588,585723,585725,2,135
585588,585720,585727,7,132
585588,585723,585726,3,135
585588,585723,585727,4,135
585588,585722,585728,6,134
585588,585725,585728,3,137
585588,585726,585727,1,138
585588,585724,585728,4,136
585588,585724,585727,3,136
585588,585725,585728,3,137
585588,585725,585727,2,137
585588,585725,585728,3,137
585588,585724,585729,5,136
585588,585727,585729,2,139
585610,585727,585729,2,117
585588,585721,585728,7,133
585588,585724,585728,4,136
585588,585726,585729,3,138
585588,585726,585728,2,138
585588,585726,585729,3,138
585610,585728,585729,1,118
585588,585726,585729,3,138
585610,585728,585731,3,118
585588,585726,585730,4,138
585610,585728,585731,3,118
585610,585728,585731,3,118
585610,585728,585731,3,118
585610,585729,585731,2,119
585610,585728,585730,2,118
585610,585728,585731,3,118
585610,585729,585733,4,119
585610,585731,585735,4,121
585610,585731,585737,6,121
585610,585732,585738,6,122
585610,585731,585738,7,121
585610,585729,585739,10,119
585610,585729,585741,12,119
585610,585730,585741,11,120
585610,585729,585741,12,119
585610,585729,585741,12,119
585610,585729,585741,12,119
585610,585733,585742,9,123
585610,585731,585742,11,121
585610,585730,585742,12,120
585610,585729,585741,12,119
585610,585731,585742,11,121
585610,585735,585743,8,125
585610,585731,585742,11,121
585610,585731,585742,11,121
585610,585730,585744,14,120
585610,585737,585746,9,127
585610,585744,585748,4,134
585610,585738,585748,10,128
585610,585738,585748,10,128
585610,585742,585749,7,132
585610,585744,585749,5,134
585610,585746,585749,3,136
585610,585748,585750,2,138
585610,585741,585750,9,131
585610,585742,585750,8,132
585610,585742,585749,7,132
585610,585741,585749,8,131
585610,585741,585749,8,131
585610,585742,585750,8,132
585610,585739,585750,11,129
585610,585741,585750,9,131
585610,585748,585751,3,138
585610,585743,585750,7,133
585610,585748,585750,2,138
585610,585749,585752,3,139
585610,585742,585751,9,132
585610,585750,585751,1,140
585610,585743,585752,9,133
585610,585750,585751,1,140
585610,585749,585751,2,139
585610,585749,585752,3,139
585610,585750,585753,3,140
585610,585751,585753,2,141
585610,585750,585753,3,140
585610,585750,585753,3,140
585610,585751,585753,2,141
585610,585751,585754,3,141
585610,585751,585753,2,141
585610,585752,585754,2,142
585610,585752,585754,2,142
585610,585750,585753,3,140
585610,585752,585754,2,142
585610,585741,585753,12,131
585610,585751,585753,2,141
585610,585752,585754,2,142
585610,585752,585755,3,142
585610,585752,585754,2,142
585610,585752,585754,2,142
585610,585753,585756,3,143
585637,585754,585756,2,117
585637,585754,585755,1,117
585637,585753,585756,3,116
585610,585753,585755,2,143
585610,585753,585755,2,143
585637,585754,585755,1,117
585637,585754,585757,3,117
585637,585754,585757,3,117
585637,585754,585756,2,117
585637,585754,585757,3,117
585637,585753,585756,3,116
585637,585754,585758,4,117
585637,585757,585763,6,120
585637,585757,585763,6,120
585637,585754,585763,9,117
585637,585759,585765,6,122
585637,585757,585765,8,120
585637,585756,585766,10,119
585637,585755,585767,12,118
585637,585756,585767,11,119
585637,585755,585767,12,118
585637,585756,585766,10,119
585637,585756,585768,12,119
585637,585757,585768,11,120
585637,585756,585767,11,119
585637,585756,585769,13,119
585637,585757,585769,12,120
585637,585756,585769,13,119
585637,585755,585770,15,118
585637,585763,585771,8,126
585637,585763,585773,10,126
585637,585766,585774,8,129
585637,585763,585774,11,126
585637,585768,585774,6,131
585637,585765,585775,10,128
585637,585765,585774,9,128
585637,585768,585774,6,131
585637,585768,585776,8,131
585637,585767,585776,9,130
585637,585767,585775,8,130
585637,585767,585777,10,130
585637,585769,585777,8,132
585637,585776,585778,2,139
585637,585769,585777,8,132
585637,585776,585778,2,139
585637,585776,585778,2,139
585637,585774,585778,4,137
585637,585777,585779,2,140
585637,585775,585779,4,138
585637,585776,585779,3,139
585637,585770,585779,9,133
585637,585776,585778,2,139
585637,585771,585779,8,134
585637,585777,585779,2,140
585637,585773,585780,7,136
585637,585778,585779,1,141
585637,585767,585779,12,130
585637,585778,585781,3,141
585637,585779,585781,2,142
585637,585779,585780,1,142
585637,585778,585781,3,141
585637,585774,585781,7,137
585637,585772,585781,9,135
585637,585778,585781,3,141
585637,585779,585782,3,142
585637,585779,585781,2,142
585637,585780,585782,2,143
585637,585780,585782,2,143
585637,585780,585782,2,143
585637,585779,585781,2,142
585637,585780,585782,2,143
585637,585780,585782,2,143
585637,585781,585783,2,144
585654,585781,585784,3,127
585637,585780,585783,3,143
585637,585781,585783,2,144
585637,585781,585783,2,144
585654,585782,585785,3,128
585654,585781,585785,4,127
585654,585782,585784,2,128
585637,585774,585785,11,137
585654,585782,585784,2,128
585654,585782,585786,4,128
585654,585781,585786,5,127
585654,585782,585785,3,128
585654,585782,585785,3,128
585654,585783,585787,4,129
585654,585783,585793,10,129
585654,585783,585793,10,129
585654,585785,585795,10,131
585654,585784,585794,10,130
585654,585785,585795,10,131
585654,585785,585796,11,131
585654,585785,585796,11,131
585654,585784,585796,12,130
585243,585314,585797,483,71
585654,585784,585798,14,130
585654,585786,585798,12,132
585654,585785,585799,14,131
585654,585786,585799,13,132
585654,585786,585798,12,132
585654,585786,585799,13,132
585654,585786,585799,13,132
585654,585788,585800,12,134
585654,585793,585803,10,139
585654,585795,585803,8,141
585654,585795,585804,9,141
585654,585794,585804,10,140
585654,585796,585805,9,142
585654,585796,585806,10,142
585654,585796,585808,12,142
585654,585799,585808,9,145
585654,585800,585809,9,146
585654,585796,585809,13,142
585654,585799,585810,11,145
585654,585803,585810,7,149
585654,585803,585810,7,149
585654,585798,585810,12,144
585654,585798,585810,12,144
585654,585805,585810,5,151
585654,585797,585809,12,143
585654,585799,585809,10,145
585654,585801,585810,9,147
585654,585805,585811,6,151
585654,585804,585810,6,150
585654,585799,585812,13,145
585654,585806,585811,5,152
585654,585811,585813,2,157
585654,585808,585814,6,154
585654,585810,585814,4,156
585654,585810,585814,4,156
585654,585811,585814,3,157
585654,585810,585814,4,156
585654,585809,585814,5,155
585654,585809,585814,5,155
585654,585810,585814,4,156
585654,585810,585815,5,156
585654,585810,585814,4,156
585654,585810,585815,5,156
585654,585810,585815,5,156
585654,585810,585815,5,156
585654,585812,585816,4,158
585654,585813,585816,3,159
585654,585812,585816,4,158
585654,585814,585817,3,160
585654,585814,585817,3,160
585654,585814,585817,3,160
585654,585815,585817,2,161
585654,585808,585817,9,154
585709,585815,585818,3,106
585709,585816,585818,2,107
585654,585815,585818,3,161
585654,585814,585817,3,160
585709,585815,585818,3,106
585654,585815,585819,4,161
585709,585816,585819,3,107
585709,585815,585818,3,106
585709,585816,585819,3,107
585654,585815,585818,3,161
585709,585815,585820,5,106
585709,585817,585820,3,108
585709,585817,585821,4,108
585709,585817,585822,5,108
585709,585818,585826,8,109
585709,585818,585828,10,109
585709,585819,585829,10,110
585709,585818,585830,12,109
585709,585818,585830,12,109
585709,585818,585830,12,109
585709,585819,585829,10,110
585709,585818,585831,13,109
585709,585819,585831,12,110
585709,585819,585830,11,110
585709,585819,585832,13,110
585709,585820,585832,12,111
585709,585818,585831,13,109
585709,585820,585833,13,111
585709,585821,585834,13,112
585256,585349,585835,486,93
585709,585822,585835,13,113
585709,585826,585836,10,117
585709,585828,585839,11,119
585709,585833,585840,7,124
585709,585831,585841,10,122
585709,585829,585841,12,120
585709,585830,585840,10,121
585709,585832,585841,9,123
585709,585836,585842,6,127
585709,585830,585842,12,121
585709,585831,585842,11,122
585709,585830,585842,12,121
585709,585830,585842,12,121
585709,585831,585842,11,122
585709,585839,585843,4,130
585709,585832,585843,11,123
585709,585836,585842,6,127
585709,585832,585843,11,123
585709,585834,585844,10,125
585709,585842,585845,3,133
585709,585835,585845,10,126
585709,585842,585845,3,133
585709,585842,585846,4,133
585709,585841,585846,5,132
585709,585840,585846,6,131
585709,585842,585845,3,133
585709,585841,585846,5,132
585709,585841,585846,5,132
585709,585843,585847,4,134
585709,585841,585846,5,132
585709,585843,585847,4,134
585709,585843,585847,4,134
585709,585846,585848,2,137
585709,585843,585848,5,134
585709,585846,585848,2,137
585709,585846,585849,3,137
585709,585843,585849,6,134
585709,585845,585849,4,136
585709,585846,585849,3,137
585709,585845,585849,4,136
585709,585848,585850,2,139
585709,585847,585850,3,138
585709,585846,585850,4,137
585709,585844,585849,5,135
585709,585846,585849,3,137
585711,585849,585851,2,138
585709,585848,585850,2,139
585711,585850,585851,1,139
585709,585844,585850,6,135
585711,585849,585850,1,138
585711,585850,585851,1,139
585709,585847,585850,3,138
585711,585849,585851,2,138
585709,585847,585850,3,138
585709,585847,585850,3,138
585711,585849,585852,3,138
585711,585850,585852,2,139
585711,585849,585851,2,138
585711,585850,585852,2,139
585711,585850,585853,3,139
585449,585509,585858,349,60
585711,585850,585861,11,139
585711,585851,585861,10,140
585711,585851,585861,10,140
585711,585851,585861,10,140
585711,585851,585862,11,140
585711,585851,585862,11,140
585711,585852,585862,10,141
585711,585851,585863,12,140
585711,585851,585863,12,140
585711,585853,585863,10,142
585711,585851,585863,12,140
585711,585851,585864,13,140
585281,585375,585864,489,94
585711,585851,585863,12,140
585711,585852,585863,11,141
585711,585852,585864,12,141
585711,585852,585865,13,141
585711,585858,585867,9,147
585711,585862,585869,7,151
585711,585861,585869,8,150
585711,585862,585869,7,151
585711,585861,585870,9,150
585711,585867,585869,2,156
585711,585863,585871,8,152
585711,585863,585871,8,152
585711,585869,585872,3,158
585711,585869,585872,3,158
585711,585866,585872,6,155
585711,585862,585872,10,151
585711,585864,585871,7,153
585711,585864,585872,8,153
585711,585865,585872,7,154
585711,585861,585871,10,150
585711,585869,585873,4,158
585711,585870,585873,3,159
585711,585864,585872,8,153
585711,585861,585872,11,150
585711,585864,585873,9,153
585711,585864,585873,9,153
585711,585871,585873,2,160
585711,585872,585873,1,161
585711,585864,585873,9,153
585711,585872,585874,2,161
585711,585873,585875,2,162
585711,585872,585874,2,161
585711,585872,585875,3,161
585711,585872,585875,3,161
585711,585871,585875,4,160
585711,585871,585875,4,160
585711,585872,585874,2,161
585711,585873,585875,2,162
585711,585872,585874,2,161
585711,585872,585875,3,161
585711,585874,585876,2,163
585711,585873,585876,3,162
585711,585874,585877,3,163
585711,585874,585877,3,163
585711,585873,585876,3,162
585711,585875,585877,2,164
585711,585874,585876,2,163
585711,585875,585876,1,164
585711,585873,585876,3,162
585711,585874,585876,2,163
585722,585875,585878,3,153
585722,585875,585877,2,153
585722,585876,585877,1,154
585711,585875,585877,2,164
585722,585875,585878,3,153
585722,585875,585878,3,153
585711,585875,585877,2,164
585722,585877,585879,2,155
585722,585877,585879,2,155
585711,585875,585878,3,164
585722,585877,585879,2,155
585722,585877,585880,3,155
585722,585877,585883,6,155
585722,585877,585885,8,155
585722,585877,585887,10,155
585722,585878,585888,10,156
585722,585878,585888,10,156
585722,585878,585889,11,156
585722,585877,585889,12,155
585722,585877,585889,12,155
585722,585878,585889,11,156
585722,585878,585890,12,156
585722,585878,585890,12,156
585722,585879,585892,13,157
585722,585878,585892,14,156
585722,585879,585891,12,157
585722,585879,585892,13,157
585722,585880,585893,13,158
585722,585880,585894,14,158
585309,585403,585894,491,94
585722,585883,585895,12,161
585722,585885,585896,11,163
585722,585889,585898,9,167
585722,585887,585897,10,165
585722,585889,585899,10,167
585722,585889,585899,10,167
585722,585888,585898,10,166
585722,585889,585898,9,167
585722,585894,585899,5,172
585722,585890,585900,10,168
585722,585892,585900,8,170
585722,585893,585900,7,171
585722,585895,585901,6,173
585722,585892,585901,9,170
585722,585889,585901,12,167
585722,585896,585901,5,174
585722,585892,585902,10,170
585722,585890,585902,12,168
585722,585899,585902,3,177
585722,585894,585901,7,172
585722,585900,585903,3,178
585722,585898,585903,5,176
585722,585899,585903,4,177
585722,585892,585903,11,170
585722,585899,585904,5,177
585722,585898,585903,5,176
585722,585900,585903,3,178
585722,585902,585905,3,180
585722,585899,585905,6,177
585722,585901,585905,4,179
585722,585903,585905,2,181
585722,585902,585905,3,180
585722,585901,585905,4,179
585722,585901,585906,5,179
585722,585902,585906,4,180
585722,585903,585905,2,181
585722,585902,585906,4,180
585722,585903,585906,3,181
585722,585904,585907,3,182
585722,585904,585907,3,182
585722,585901,585906,5,179
585722,585902,585906,4,180
585722,585905,585906,1,183
585722,585903,585906,3,181
585722,585904,585906,2,182
585722,585905,585906,1,183
585722,585901,585906,5,179
585722,585905,585908,3,183
585722,585905,585907,2,183
585798,585906,585908,2,108
585798,585906,585908,2,108
585798,585906,585909,3,108
585798,585906,585909,3,108
585798,585906,585908,2,108
585798,585907,585909,2,109
585798,585907,585910,3,109
585798,585907,585909,2,109
585798,585907,585909,2,109
585798,585907,585910,3,109
585798,585910,585916,6,112
585798,585907,585917,10,109
585798,585907,585918,11,109
585798,585910,585917,7,112
585798,585911,585919,8,113
585798,585910,585918,8,112
585798,585907,585918,11,109
585798,585908,585918,10,110
585798,585907,585919,12,109
585798,585908,585920,12,110
585798,585908,585920,12,110
585798,585908,585921,13,110
585798,585909,585921,12,111
585798,585909,585921,12,111
585798,585909,585921,12,111
585798,585908,585922,14,110
585798,585909,585921,12,111
585798,585918,585925,7,120
585798,585917,585926,9,119
585798,585917,585926,9,119
585798,585919,585926,7,121
585798,585921,585927,6,123
585798,585918,585928,10,120
585798,585919,585928,9,121
585798,585919,585928,9,121
585798,585919,585928,9,121
585372,585435,585928,493,63
585798,585921,585928,7,123
585798,585921,585928,7,123
585798,585919,585929,10,121
585798,585921,585929,8,123
585798,585928,585930,2,130
585798,585928,585930,2,130
585798,585928,585930,2,130
585798,585928,585931,3,130
585798,585922,585931,9,124
585798,585929,585931,2,131
585798,585928,585930,2,130
585798,585929,585931,2,131
585798,585922,585932,10,124
585798,585931,585932,1,133
585798,585920,585931,11,122
585798,585925,585931,6,127
585798,585926,585931,5,128
585798,585930,585931,1,132
585798,585921,585933,12,123
585798,585930,585933,3,132
585798,585926,585933,7,128
585798,585927,585933,6,129
585798,585929,585932,3,131
585798,585931,585934,3,133
585798,585931,585934,3,133
585798,585932,585934,2,134
585798,585932,585934,2,134
585798,585926,585933,7,128
585798,585931,585933,2,133
585798,585931,585933,2,133
585798,585933,585934,1,135
585798,585933,585935,2,135
585798,585932,585935,3,134
585798,585933,585935,2,135
585798,585931,585934,3,133
585798,585932,585935,3,134
585798,585928,585934,6,130
585836,585934,585936,2,98
585798,585933,585936,3,135
585836,585934,585936,2,98
585836,585933,585936,3,97
585836,585934,585936,2,98
585836,585935,585937,2,99
585798,585933,585936,3,135
585836,585934,585937,3,98
585836,585934,585937,3,98
585836,585934,585937,3,98
585836,585934,585936,2,98
585836,585935,585938,3,99
585836,585937,585943,6,101
585836,585935,585944,9,99
585836,585935,585945,10,99
585836,585937,585945,8,101
585836,585937,585945,8,101
585836,585936,585946,10,100
585836,585937,585947,10,101
585836,585935,585947,12,99
585836,585935,585946,11,99
585836,585937,585948,11,101
585836,585939,585947,8,103
585836,585936,585948,12,100
585836,585937,585949,12,101
585836,585936,585949,13,100
585836,585935,585948,13,99
585836,585936,585948,12,100
585836,585937,585949,12,101
585836,585944,585953,9,108
585836,585945,585953,8,109
585836,585945,585954,9,109
585836,585943,585955,12,107
585836,585945,585955,10,109
585836,585948,585955,7,112
585836,585947,585954,7,111
585836,585947,585956,9,111
585836,585948,585955,7,112
585836,585948,585956,8,112
585836,585947,585956,9,111
585836,585949,585957,8,113
585836,585948,585957,9,112
585836,585949,585957,8,113
585836,585949,585958,9,113
585836,585949,585958,9,113
585836,585956,585959,3,120
585428,585472,585959,487,44
585836,585956,585959,3,120
585836,585956,585958,2,120
585836,585956,585959,3,120
585836,585955,585960,5,119
585836,585953,585960,7,117
585836,585956,585961,5,120
585836,585955,585960,5,119
585836,585959,585961,2,123
585836,585959,585960,1,123
585836,585957,585961,4,121
585836,585959,585961,2,123
585836,585953,585961,8,117
585836,585957,585961,4,121
585836,585950,585960,10,114
585836,585957,585960,3,121
585836,585958,585961,3,122
585836,585959,585961,2,123
585836,585958,585961,3,122
585836,585959,585961,2,123
585836,585961,585963,2,125
585836,585961,585962,1,125
585836,585955,585962,7,119
585836,585954,585963,9,118
585836,585960,585962,2,124
585836,585961,585962,1,125
585836,585960,585962,2,124
585836,585961,585964,3,125
585836,585961,585963,2,125
585836,585961,585964,3,125
585836,585961,585964,3,125
585862,585961,585964,3,99
585862,585961,585964,3,99
585862,585962,585965,3,100
585862,585963,585965,2,101
585862,585962,585965,3,100
585836,585961,585964,3,125
585862,585962,585965,3,100
585862,585963,585966,3,101
585862,585963,585966,3,101
585862,585963,585966,3,101
585862,585964,585967,3,102
585862,585967,585971,4,105
585862,585967,585971,4,105
585862,585967,585972,5,105
585862,585964,585972,8,102
585862,585964,585974,10,102
585862,585965,585975,10,103
585862,585971,585974,3,109
585862,585964,585975,11,102
585862,585964,585976,12,102
585862,585964,585976,12,102
585862,585964,585976,12,102
585862,585966,585975,9,104
585862,585965,585977,12,103
585862,585964,585977,13,102
585862,585965,585976,11,103
585862,585971,585977,6,109
585862,585965,585978,13,103
585862,585966,585978,12,104
585862,585964,585978,14,102
585862,585972,585980,8,110
585862,585972,585980,8,110
585862,585974,585982,8,112
585523,585636,585983,347,113
585862,585978,585983,5,116
585862,585975,585983,8,113
585862,585976,585983,7,114
585862,585977,585983,6,115
585862,585976,585984,8,114
585862,585977,585984,7,115
585862,585978,585984,6,116
585862,585975,585984,9,113
585862,585975,585983,8,113
585862,585976,585984,8,114
585862,585976,585984,8,114
585862,585980,585985,5,118
585862,585978,585986,8,116
585862,585984,585986,2,122
585862,585984,585986,2,122
585862,585984,585986,2,122
585862,585979,585986,7,117
585862,585984,585986,2,122
585862,585983,585987,4,121
585862,585981,585986,5,119
585862,585984,585986,2,122
585862,585984,585986,2,122
585862,585982,585988,6,120
585862,585985,585987,2,123
585862,585983,585988,5,121
585862,585986,585988,2,124
585862,585985,585987,2,123
585862,585983,585987,4,121
585862,585986,585987,1,124
585862,585986,585988,2,124
585862,585986,585989,3,124
585862,585983,585989,6,121
585862,585987,585989,2,125
585862,585987,585988,1,125
585862,585988,585989,1,126
585862,585988,585989,1,126
585862,585983,585989,6,121
585862,585977,585988,11,115
585862,585986,585988,2,124
585862,585986,585989,3,124
585862,585987,585989,2,125
585862,585987,585989,2,125
585864,585989,585991,2,125
585862,585988,585990,2,126
585864,585988,585991,3,124
585864,585989,585991,2,125
585864,585989,585991,2,125
585864,585988,585990,2,124
585864,585988,585990,2,124
585864,585989,585990,1,125
585864,585989,585991,2,125
585864,585989,585991,2,125
585864,585989,585993,4,125
585532,585667,585996,329,135
585864,585993,585998,5,129
585864,585992,585998,6,128
585864,585989,585998,9,125
585864,585992,585998,6,128
585864,585992,585999,7,128
585864,585989,586001,12,125
585864,585992,586001,9,128
585864,585990,586002,12,126
585864,585992,586002,10,128
585864,585990,586002,12,126
585864,585990,586001,11,126
585864,585990,586002,12,126
585864,585991,586003,12,127
585864,585991,586003,12,127
585864,585991,586002,11,127
585864,585991,586004,13,127
585864,585991,586003,12,127
585864,585996,586004,8,132
585524,585636,586004,368,112
585864,585998,586007,9,134
585864,586000,586008,8,136
585864,585999,586007,8,135
585864,585998,586008,10,134
585864,585998,586009,11,134
585864,586001,586009,8,137
585864,586001,586010,9,137
585864,586003,586010,7,139
585864,586002,586010,8,138
585864,586003,586009,6,139
585864,586002,586009,7,138
585864,586002,586011,9,138
585864,586002,586010,8,138
585864,586002,586010,8,138
585864,586004,586012,8,140
585864,586004,586011,7,140
585864,586005,586011,6,141
585864,586010,586013,3,146
585864,586005,586012,7,141
585864,586010,586013,3,146
585864,586010,586013,3,146
585864,586010,586014,4,146
585864,586003,586013,10,139
585864,586007,586013,6,143
585864,586011,586014,3,147
585864,586010,586013,3,146
585864,586009,586014,5,145
585864,586008,586014,6,144
585864,586011,586014,3,147
585864,586011,586015,4,147
585864,586009,586014,5,145
585864,586008,586014,6,144
585864,586013,586014,1,149
585864,586012,586016,4,148
585864,586012,586016,4,148
585864,586013,586016,3,149
585864,586014,586015,1,150
585864,586013,586016,3,149
585864,586013,586016,3,149
585864,586013,586016,3,149
585864,586014,586017,3,150
585864,586014,586017,3,150
585864,586014,586016,2,150
585864,586014,586016,2,150
585895,586016,586017,1,121
585864,586015,586016,1,151
585864,586009,586017,8,145
585864,586015,586017,2,151
585895,586016,586018,2,121
585895,586015,586018,3,120
585895,586016,586018,2,121
585895,586016,586017,1,121
585895,586015,586019,4,120
585895,586016,586018,2,121
585895,586016,586018,2,121
585895,586016,586018,2,121
585895,586016,586020,4,121
585895,586019,586024,5,124
585895,586019,586024,5,124
585895,586019,586025,6,124
585895,586016,586026,10,121
585895,586020,586027,7,125
585895,586019,586027,8,124
585895,586017,586028,11,122
585895,586017,586028,11,122
585895,586017,586029,12,122
585895,586017,586028,11,122
585895,586017,586028,11,122
585895,586018,586029,11,123
585895,586017,586029,12,122
585895,586018,586028,10,123
585895,586018,586030,12,123
585895,586018,586030,12,123
585895,586018,586030,12,123
585895,586018,586030,12,123
585895,586024,586034,10,129
585469,585543,586035,492,74
585895,586025,586035,10,130
585895,586028,586035,7,133
585895,586029,586035,6,134
585895,586024,586036,12,129
585895,586029,586035,6,134
585895,586027,586036,9,132
585895,586026,586036,10,131
585895,586029,586037,8,134
585895,586027,586037,10,132
585895,586028,586036,8,133
585895,586029,586036,7,134
585895,586029,586036,7,134
585895,586029,586037,8,134
585895,586030,586038,8,135
585895,586037,586039,2,142
585895,586030,586040,10,135
585895,586030,586040,10,135
585895,586030,586040,10,135
585895,586037,586040,3,142
585895,586037,586041,4,142
585895,586035,586041,6,140
585895,586036,586040,4,141
585895,586037,586041,4,142
585895,586037,586040,3,142
585895,586040,586042,2,145
585895,586034,586042,8,139
585895,586035,586041,6,140
585895,586038,586041,3,143
585895,586037,586042,5,142
585895,586038,586041,3,143
585895,586036,586041,5,141
585895,586040,586042,2,145
585895,586040,586043,3,145
585895,586041,586043,2,146
585895,586035,586043,8,140
585895,586041,586043,2,146
585895,586036,586043,7,141
585895,586040,586042,2,145
585895,586040,586042,2,145
585895,586041,586042,1,146
585895,586041,586042,1,146
585895,586042,586043,1,147
585895,586041,586043,2,146
585895,586042,586044,2,147
585895,586035,586043,8,140
585895,586042,586043,1,147
585929,586042,586045,3,113
585929,586042,586045,3,113
585929,586043,586045,2,114
585929,586043,586045,2,114
585929,586043,586044,1,114
585929,586043,586046,3,114
585929,586042,586045,3,113
585929,586043,586045,2,114
585929,586042,586045,3,113
585929,586043,586048,5,114
585929,586046,586051,5,117
585929,586043,586051,8,114
585929,586046,586052,6,117
585929,586048,586053,5,119
585929,586046,586052,6,117
585929,586043,586054,11,114
585929,586044,586055,11,115
585929,586044,586054,10,115
585929,586044,586055,11,115
585929,586043,586054,11,114
585929,586043,586054,11,114
585929,586044,586056,12,115
585929,586046,586056,10,117
585929,586045,586057,12,116
585929,586045,586056,11,116
585929,586045,586057,12,116
585929,586045,586057,12,116
585929,586051,586059,8,122
585929,586045,586060,15,116
585929,586051,586060,9,122
585486,585575,586060,485,89
585929,586056,586061,5,127
585929,586057,586061,4,128
585929,586052,586062,10,123
585929,586055,586062,7,126
585929,586056,586062,6,127
585929,586055,586061,6,126
585929,586057,586062,5,128
585929,586053,586063,10,124
585929,586054,586062,8,125
585929,586055,586062,7,126
585929,586055,586063,8,126
585929,586055,586063,8,126
585929,586053,586063,10,124
585929,586057,586065,8,128
585929,586063,586065,2,134
585929,586058,586064,6,129
585929,586061,586066,5,132
585929,586063,586065,2,134
585929,586063,586066,3,134
585929,586063,586066,3,134
585929,586063,586066,3,134
585929,586060,586065,5,131
585929,586063,586065,2,134
585929,586061,586066,5,132
585929,586060,586066,6,131
585929,586059,586066,7,130
585929,586064,586067,3,135
585929,586064,586066,2,135
585929,586062,586067,5,133
585929,586061,586067,6,132
585929,586062,586066,4,133
585929,586065,586066,1,136
585929,586062,586068,6,133
585929,586066,586068,2,137
585929,586065,586067,2,136
585929,586066,586067,1,137
585929,586066,586067,1,137
585960,586067,586068,1,107
585929,586065,586067,2,136
585929,586066,586068,2,137
585929,586067,586069,2,138
585929,586066,586069,3,137
585929,586066,586068,2,137
585929,586067,586069,2,138
585929,586066,586068,2,137
585929,586066,586068,2,137
585960,586067,586070,3,107
585960,586067,586069,2,107
585960,586068,586070,2,108
585960,586068,586070,2,108
585960,586068,586070,2,108
585960,586067,586070,3,107
585960,586067,586070,3,107
585960,586068,586071,3,108
585960,586068,586071,3,108
585960,586071,586074,3,111
585960,586071,586074,3,111
585960,586068,586076,8,108
585960,586071,586077,6,111
585960,586072,586077,5,112
585960,586074,586079,5,114
585960,586068,586080,12,108
585960,586069,586079,10,109
585960,586070,586080,10,110
585960,586070,586081,11,110
585960,586069,586081,12,109
585960,586069,586081,12,109
585960,586070,586080,10,110
585960,586070,586080,10,110
585960,586070,586081,11,110
585960,586069,586082,13,109
585960,586069,586082,13,109
585960,586069,586081,12,109
585960,586074,586082,8,114
585960,586069,586082,13,109
585960,586081,586085,4,121
585960,586076,586085,9,116
585960,586080,586086,6,120
585960,586081,586086,5,121
585960,586077,586087,10,117
585960,586079,586087,8,119
585960,586077,586087,10,117
585960,586081,586087,6,121
585960,586081,586088,7,121
585960,586081,586088,7,121
585960,586080,586087,7,120
585960,586081,586087,6,121
585960,586082,586088,6,122
585960,586080,586089,9,120
585960,586082,586089,7,122
585960,586082,586089,7,122
585960,586083,586089,6,123
585960,586088,586090,2,128
585960,586088,586089,1,128
585960,586087,586090,3,127
585960,586088,586090,2,128
585960,586088,586090,2,128
585960,586082,586089,7,122
585960,586088,586090,2,128
585960,586089,586091,2,129
585960,586089,586091,2,129
585960,586089,586091,2,129
585960,586089,586091,2,129
585960,586085,586090,5,125
585960,586087,586090,3,127
585960,586090,586091,1,130
585960,586087,586090,3,127
585960,586085,586090,5,125
585960,586086,586090,4,126
585960,586090,586091,1,130
585960,586090,586092,2,130
585960,586086,586092,6,126
585960,586090,586092,2,130
585960,586090,586093,3,130
585960,586091,586093,2,131
585960,586090,586093,3,130
585960,586087,586093,6,127
585983,586092,586093,1,109
585983,586092,586094,2,109
585983,586092,586093,1,109
585960,586091,586093,2,131
585960,586091,586094,3,131
585983,586091,586093,2,108
585983,586091,586093,2,108
585983,586091,586093,2,108
585983,586092,586094,2,109
585960,586091,586093,2,131
585983,586092,586095,3,109
585983,586091,586094,3,108
585983,586092,586097,5,109
585983,586095,586100,5,112
585983,586095,586101,6,112
585983,586093,586102,9,110
585983,586094,586103,9,111
585983,586098,586103,5,115
585983,586093,586104,11,110
585983,586094,586104,10,111
585983,586093,586104,11,110
585983,586093,586104,11,110
585983,586093,586105,12,110
585983,586094,586104,10,111
585983,586094,586104,10,111
585983,586094,586105,11,111
585983,586094,586104,10,111
585983,586094,586104,10,111
585983,586094,586104,10,111
585983,586100,586105,5,117
585983,586094,586106,12,111
585983,586102,586108,6,119
585983,586105,586110,5,122
585983,586102,586111,9,119
585983,586106,586111,5,123
585983,586103,586112,9,120
585983,586104,586112,8,121
585983,586105,586112,7,122
585983,586105,586112,7,122
585983,586103,586112,9,120
585983,586105,586112,7,122
585983,586105,586112,7,122
585983,586106,586112,6,123
585983,586104,586113,9,121
585983,586105,586114,9,122
585983,586105,586114,9,122
585983,586105,586113,8,122
585983,586104,586114,10,121
585983,586108,586114,6,125
585983,586113,586115,2,130
585983,586110,586116,6,127
585983,586114,586115,1,131
585983,586114,586115,1,131
585983,586111,586116,5,128
585983,586112,586116,4,129
585983,586114,586116,2,131
585983,586115,586116,1,132
585983,586114,586117,3,131
585983,586112,586117,5,129
585983,586113,586116,3,130
585983,586115,586117,2,132
585983,586113,586116,3,130
585983,586112,586117,5,129
585983,586116,586117,1,133
585983,586116,586117,1,133
585983,586116,586118,2,133
585983,586112,586118,6,129
585983,586116,586118,2,133
585983,586115,586118,3,132
585983,586112,586117,5,129
585983,586111,586118,7,128
585983,586117,586119,2,134
585983,586117,586118,1,134
585983,586117,586118,1,134
585983,586116,586118,2,133
586001,586118,586119,1,117
586001,586118,586120,2,117
585983,586117,586119,2,134
586001,586118,586120,2,117
585983,586117,586119,2,134
585983,586116,586119,3,133
586001,586118,586120,2,117
586001,586118,586120,2,117
586001,586118,586120,2,117
586001,586119,586122,3,118
586001,586118,586121,3,117
586001,586118,586121,3,117
586001,586119,586124,5,118
586001,586119,586126,7,118
586001,586119,586129,10,118
586001,586120,586130,10,119
586001,586123,586130,7,122
586001,586120,586131,11,119
586001,586120,586130,10,119
586001,586120,586131,11,119
586001,586124,586132,8,123
586001,586121,586132,11,120
586001,586121,586131,10,120
586001,586122,586132,10,121
586001,586120,586132,12,119
586001,586120,586132,12,119
586001,586120,586133,13,119
586001,586121,586134,13,120
586001,586126,586134,8,125
586001,586122,586135,13,121
586001,586129,586136,7,128
586001,586134,586138,4,133
586001,586130,586138,8,129
586001,586133,586138,5,132
586001,586133,586138,5,132
586001,586131,586138,7,130
586001,586131,586139,8,130
586001,586135,586139,4,134
586001,586132,586140,8,131
586001,586132,586139,7,131
586001,586132,586139,7,131
586001,586132,586141,9,131
586001,586132,586141,9,131
586001,586131,586141,10,130
586001,586138,586141,3,137
586001,586135,586142,7,134
586001,586130,586141,11,129
586001,586139,586143,4,138
586001,586138,586143,5,137
586001,586139,586143,4,138
586001,586138,586142,4,137
586001,586138,586143,5,137
586001,586141,586144,3,140
586001,586140,586144,4,139
586001,586141,586144,3,140
586001,586143,586145,2,142
586001,586138,586145,7,137
586001,586140,586145,5,139
586001,586138,586145,7,137
586001,586141,586145,4,140
586001,586142,586146,4,141
586001,586143,586145,2,142
586001,586144,586146,2,143
586001,586140,586145,5,139
586001,586143,586145,2,142
586001,586144,586146,2,143
586001,586143,586146,3,142
586001,586142,586145,3,141
586001,586141,586145,4,140
586001,586144,586147,3,143
586001,586144,586146,2,143
586001,586145,586146,1,144
586006,586146,586147,1,140
586001,586146,586148,2,145
586006,586146,586148,2,140
586006,586146,586147,1,140
586001,586145,586148,3,144
586001,586145,586148,3,144
586001,586145,586149,4,144
586001,586145,586148,3,144
586006,586146,586149,3,140
586006,586146,586149,3,140
586001,586146,586149,3,145
586006,586147,586150,3,141
586006,586147,586149,2,141
586006,586147,586149,2,141
586006,586146,586149,3,140
586006,586147,586151,4,141
586006,586151,586157,6,145
586006,586148,586158,10,142
586006,586150,586159,9,144
586006,586148,586158,10,142
586006,586148,586158,10,142
586006,586150,586160,10,144
586006,586149,586160,11,143
586006,586148,586160,12,142
586006,586149,586161,12,143
586006,586149,586161,12,143
586006,586150,586160,10,144
586006,586157,586161,4,151
586006,586148,586160,12,142
586006,586150,586161,11,144
586006,586149,586162,13,143
586006,586149,586162,13,143
586006,586158,586163,5,152
586006,586159,586166,7,153
586006,586159,586166,7,153
586006,586159,586167,8,153
586006,586161,586168,7,155
586006,586162,586168,6,156
586006,586163,586167,4,157
586006,586161,586168,7,155
586006,586161,586169,8,155
586006,586160,586168,8,154
586006,586161,586169,8,155
586006,586162,586169,7,156
586006,586162,586169,7,156
586006,586161,586169,8,155
586006,586160,586170,10,154
586006,586160,586169,9,154
586006,586166,586171,5,160
586006,586166,586170,4,160
585570,585696,586172,476,126
586006,586167,586172,5,161
586006,586168,586173,5,162
586006,586169,586173,4,163
586006,586170,586173,3,164
586006,586169,586173,4,163
586006,586170,586173,3,164
586006,586169,586174,5,163
586006,586171,586173,2,165
586006,586169,586174,5,163
586006,586169,586174,5,163
586006,586169,586174,5,163
586006,586168,586173,5,162
586006,586168,586175,7,162
586006,586173,586175,2,167
586006,586172,586174,2,166
586006,586173,586175,2,167
586006,586169,586175,6,163
586006,586171,586174,3,165
586006,586172,586174,2,166
586006,586174,586176,2,168
586006,586174,586175,1,168
586006,586173,586176,3,167
586006,586173,586176,3,167
586006,586174,586176,2,168
586006,586173,586176,3,167
586006,586174,586177,3,168
586006,586175,586177,2,169
586006,586174,586177,3,168
586006,586175,586177,2,169
586006,586174,586176,2,168
586006,586175,586176,1,169
586036,586175,586178,3,139
586036,586175,586178,3,139
586036,586175,586178,3,139
586036,586176,586178,2,140
586036,586176,586178,2,140
586036,586176,586179,3,140
586036,586176,586179,3,140
586036,586176,586178,2,140
586036,586176,586179,3,140
586036,586177,586181,4,141
586036,586177,586184,7,141
586036,586181,586187,6,145
586036,586178,586188,10,142
586036,586178,586188,10,142
586036,586185,586189,4,149
586036,586180,586189,9,144
586036,586178,586189,11,142
586036,586178,586189,11,142
586036,586179,586190,11,143
586036,586179,586190,11,143
586036,586177,586190,13,141
586036,586177,586190,13,141
586036,586178,586190,12,142
586036,586177,586190,13,141
586036,586179,586191,12,143
586036,586179,586191,12,143
586036,586188,586191,3,152
586036,586188,586192,4,152
586036,586187,586192,5,151
586036,586189,586194,5,153
586036,586189,586197,8,153
586036,586193,586197,4,157
586036,586190,586198,8,154
586036,586190,586198,8,154
586036,586190,586198,8,154
586036,586192,586198,6,156
586036,586189,586199,10,153
586036,586189,586199,10,153
586036,586190,586198,8,154
586036,586191,586198,7,155
586036,586193,586199,6,157
586036,586190,586199,9,154
586036,586190,586199,9,154
586036,586195,586201,6,159
586036,586191,586202,11,155
586036,586200,586201,1,164
586036,586199,586203,4,163
586036,586199,586203,4,163
586036,586197,586203,6,161
586036,586201,586203,2,165
586036,586198,586203,5,162
586036,586199,586202,3,163
586036,586198,586203,5,162
586036,586202,586204,2,166
586036,586199,586203,4,163
586036,586197,586203,6,161
586036,586198,586203,5,162
586036,586199,586204,5,163
586036,586203,586205,2,167
586036,586202,586205,3,166
586036,586198,586205,7,162
586036,586199,586204,5,163
586036,586203,586205,2,167
586036,586203,586204,1,167
586036,586203,586205,2,167
586036,586204,586205,1,168
586036,586204,586206,2,168
586036,586203,586206,3,167
586036,586204,586205,1,168
586036,586205,586206,1,169
586036,586203,586205,2,167
586036,586203,586205,2,167
586036,586204,586206,2,168
586036,586205,586207,2,169
586036,586204,586206,2,168
586062,586205,586207,2,143
586062,586206,586207,1,144
586062,586206,586208,2,144
586062,586205,586208,3,143
586062,586206,586208,2,144
586062,586205,586207,2,143
586062,586205,586207,2,143
586062,586206,586209,3,144
586062,586206,586208,2,144
586062,586206,586211,5,144
585589,585727,586212,485,138
586062,586206,586216,10,144
586062,586208,586218,10,146
586062,586208,586218,10,146
586062,586208,586219,11,146
586062,586207,586219,12,145
586062,586207,586219,12,145
586062,586213,586219,6,151
586062,586208,586219,11,146
586062,586207,586219,12,145
586062,586209,586220,11,147
586062,586208,586220,12,146
586062,586216,586220,4,154
586062,586208,586220,12,146
586062,586209,586222,13,147
586062,586209,586222,13,147
586062,586218,586222,4,156
586062,586212,586223,11,150
586062,586219,586223,4,157
586062,586219,586222,3,157
586062,586219,586225,6,157
586062,586219,586228,9,157
586062,586223,586228,5,161
586062,586223,586228,5,161
586062,586219,586229,10,157
586062,586223,586228,5,161
586062,586220,586230,10,158
586062,586225,586230,5,163
586062,586219,586230,11,157
586062,586222,586230,8,160
586062,586219,586231,12,157
586062,586221,586232,11,159
585611,585753,586232,479,142
586062,586221,586233,12,159
586062,586230,586233,3,168
586062,586221,586233,12,159
586062,586228,586233,5,166
586062,586229,586234,5,167
586062,586229,586234,5,167
586062,586231,586234,3,169
586062,586228,586234,6,166
586062,586232,586235,3,170
586062,586232,586235,3,170
586062,586233,586235,2,171
586062,586222,586235,13,160
586062,586228,586234,6,166
586062,586233,586235,2,171
586062,586234,586235,1,172
586062,586234,586235,1,172
586062,586222,586236,14,160
586062,586233,586235,2,171
586062,586234,586236,2,172
586062,586230,586235,5,168
586062,586234,586235,1,172
586062,586230,586236,6,168
586062,586235,586237,2,173
586062,586230,586236,6,168
586062,586235,586237,2,173
586062,586235,586236,1,173
586062,586236,586237,1,174
586062,586235,586237,2,173
586062,586235,586238,3,173
586062,586235,586238,3,173
586172,586236,586238,2,64
586062,586234,586237,3,172
586062,586236,586238,2,174
586062,586236,586237,1,174
586062,586236,586238,2,174
586172,586237,586239,2,65
586172,586236,586238,2,64
586172,586237,586239,2,65
586172,586237,586239,2,65
586172,586237,586240,3,65
586172,586237,586240,3,65
586172,586237,586239,2,65
586172,586237,586241,4,65
586172,586238,586242,4,66
586172,586238,586247,9,66
586172,586238,586248,10,66
586172,586238,586249,11,66
586172,586239,586249,10,67
586172,586238,586250,12,66
586172,586238,586250,12,66
586172,586239,586251,12,67
586172,586239,586251,12,67
586172,586239,586250,11,67
586172,586240,586250,10,68
586172,586243,586252,9,71
586172,586238,586252,14,66
586172,586240,586251,11,68
586172,586241,586252,11,69
586172,586240,586252,12,68
586172,586249,586256,7,77
586172,586248,586256,8,76
586172,586247,586257,10,75
586172,586253,586257,4,81
586172,586252,586257,5,80
586172,586252,586258,6,80
586172,586253,586258,5,81
586172,586249,586257,8,77
586172,586252,586258,6,80
586172,586251,586259,8,79
586172,586250,586259,9,78
586172,586251,586259,8,79
586172,586257,586260,3,85
586172,586251,586260,9,79
586172,586251,586259,8,79
586172,586251,586259,8,79
586172,586256,586259,3,84
586172,586257,586262,5,85
586172,586257,586262,5,85
586172,586257,586263,6,85
586172,586258,586264,6,86
586172,586260,586264,4,88
586172,586258,586264,6,86
586172,586260,586264,4,88
586172,586260,586265,5,88
586172,586260,586264,4,88
586172,586260,586264,4,88
586172,586259,586265,6,87
586172,586259,586266,7,87
586172,586259,586266,7,87
586172,586260,586266,6,88
586172,586258,586266,8,86
586172,586264,586267,3,92
586172,586262,586267,5,90
586172,586265,586267,2,93
586172,586263,586267,4,91
586172,586262,586267,5,90
586172,586264,586268,4,92
586172,586264,586268,4,92
586172,586265,586268,3,93
586172,586265,586268,3,93
586172,586266,586269,3,94
586172,586265,586268,3,93
586172,586266,586268,2,94
586172,586267,586269,2,95
586172,586265,586269,4,93
586172,586266,586269,3,94
586172,586266,586269,3,94
586172,586267,586269,2,95
586172,586267,586269,2,95
586218,586268,586269,1,50
586218,586268,586270,2,50
586218,586268,586270,2,50
586218,586269,586271,2,51
586218,586268,586271,3,50
586218,586268,586271,3,50
586218,586269,586272,3,51
586218,586269,586271,2,51
586218,586269,586273,4,51
585637,585781,586274,493,144
586218,586269,586279,10,51
586218,586271,586281,10,53
586218,586269,586281,12,51
586218,586271,586281,10,53
586218,586269,586281,12,51
586218,586270,586282,12,52
586218,586270,586281,11,52
586218,586271,586283,12,53
586218,586272,586282,10,54
586218,586271,586282,11,53
586218,586271,586284,13,53
586218,586272,586283,11,54
586218,586273,586283,10,55
586218,586270,586285,15,52
586218,586274,586285,11,56
586218,586284,586287,3,66
586218,586279,586288,9,61
586218,586284,586288,4,66
586218,586285,586288,3,67
586218,586281,586289,8,63
586218,586284,586289,5,66
586218,586285,586289,4,67
586218,586281,586290,9,63
586218,586281,586290,9,63
586218,586285,586290,5,67
586218,586282,586289,7,64
586218,586282,586291,9,64
586218,586283,586291,8,65
586218,586281,586290,9,63
586218,586288,586292,4,70
586218,586288,586293,5,70
586218,586287,586293,6,69
586218,586283,586292,9,65
586218,586288,586293,5,70
586218,586289,586293,4,71
586218,586291,586295,4,73
586218,586290,586295,5,72
586218,586292,586296,4,74
586218,586291,586296,5,73
586218,586291,586296,5,73
586218,586290,586296,6,72
586218,586290,586297,7,72
586218,586293,586296,3,75
586218,586289,586297,8,71
586218,586291,586297,6,73
586218,586293,586297,4,75
586218,586293,586296,3,75
586218,586293,586298,5,75
586218,586289,586298,9,71
586218,586296,586299,3,78
586218,586296,586299,3,78
586218,586295,586299,4,77
586218,586293,586298,5,75
586218,586296,586298,2,78
586218,586296,586300,4,78
586218,586297,586300,3,79
586218,586297,586300,3,79
586218,586297,586300,3,79
585655,585815,586299,484,160
586218,586297,586299,2,79
586218,586297,586299,2,79
586218,586299,586300,1,81
586218,586298,586300,2,80
586218,586297,586300,3,79
586218,586299,586301,2,81
586218,586296,586300,4,78
586233,586299,586302,3,66
586233,586300,586301,1,67
586218,586298,586301,3,80
586233,586300,586302,2,67
586233,586300,586303,3,67
586233,586300,586303,3,67
586233,586300,586303,3,67
586233,586300,586303,3,67
586233,586299,586302,3,66
586233,586300,586304,4,67
586233,586300,586311,11,67
586233,586302,586312,10,69
586233,586302,586313,11,69
586233,586301,586313,12,68
586233,586301,586313,12,68
586233,586301,586313,12,68
586233,586302,586314,12,69
586233,586303,586314,11,70
586233,586301,586314,13,68
586233,586303,586313,10,70
586233,586305,586313,8,72
586233,586303,586315,12,70
586233,586302,586314,12,69
586233,586303,586316,13,70
586233,586303,586315,12,70
586233,586314,586317,3,81
586233,586314,586318,4,81
586233,586314,586318,4,81
586233,586315,586318,3,82
586233,586316,586320,4,83
586233,586312,586320,8,79
586233,586316,586320,4,83
586233,586312,586320,8,79
586233,586317,586321,4,84
586233,586314,586320,6,81
586233,586316,586321,5,83
586233,586318,586322,4,85
586233,586313,586322,9,80
586233,586313,586322,9,80
586233,586314,586322,8,81
586233,586313,586321,8,80
586233,586318,586323,5,85
585710,585848,586323,475,138
586233,586313,586324,11,80
586233,586319,586323,4,86
586233,586320,586325,5,87
586233,586320,586326,6,87
586233,586323,586326,3,90
586233,586321,586326,5,88
586233,586322,586327,5,89
586233,586322,586327,5,89
586233,586320,586327,7,87
586233,586321,586327,6,88
586233,586320,586327,7,87
586233,586322,586328,6,89
586233,586323,586328,5,90
586233,586324,586328,4,91
586233,586322,586328,6,89
586233,586325,586328,3,92
586233,586322,586329,7,89
586233,586321,586328,7,88
586233,586326,586329,3,93
586233,586326,586329,3,93
586233,586328,586330,2,95
586233,586326,586330,4,93
586233,586327,586330,3,94
586233,586328,586330,2,95
586233,586327,586329,2,94
586233,586324,586330,6,91
586233,586327,586330,3,94
586233,586327,586331,4,94
586233,586328,586330,2,95
586233,586328,586330,2,95
586233,586329,586331,2,96
586233,586328,586330,2,95
586233,586329,586331,2,96
586282,586330,586332,2,48
586233,586327,586331,4,94
586282,586330,586332,2,48
586282,586330,586333,3,48
586282,586330,586332,2,48
586282,586330,586332,2,48
586282,586331,586333,2,49
586282,586330,586333,3,48
586282,586331,586333,2,49
586282,586331,586336,5,49
586282,586331,586339,8,49
586282,586332,586343,11,50
586282,586331,586343,12,49
586282,586331,586343,12,49
586282,586333,586343,10,51
586282,586333,586343,10,51
586282,586332,586344,12,50
586282,586331,586343,12,49
586282,586333,586343,10,51
586282,586332,586345,13,50
586282,586334,586344,10,52
586282,586333,586344,11,51
586282,586333,586344,11,51
586282,586332,586345,13,50
586282,586343,586346,3,61
586282,586344,586347,3,62
586282,586336,586346,10,54
586282,586344,586347,3,62
586282,586339,586348,9,57
586282,586344,586348,4,62
586282,586343,586349,6,61
586282,586345,586349,4,63
586282,586345,586349,4,63
586282,586345,586348,3,63
586282,586345,586350,5,63
586282,586346,586349,3,64
586282,586346,586351,5,64
586282,586343,586351,8,61
586282,586347,586350,3,65
586282,586348,586352,4,66
586282,586347,586351,4,65
586282,586343,586353,10,61
586282,586348,586353,5,66
586282,586343,586353,10,61
586282,586349,586354,5,67
586282,586349,586353,4,67
586282,586350,586355,5,68
586282,586349,586355,6,67
586282,586351,586355,4,69
586282,586349,586355,6,67
586282,586350,586356,6,68
586282,586351,586356,5,69
586282,586352,586355,3,70
586282,586349,586357,8,67
586282,586353,586357,4,71
586282,586353,586357,4,71
586282,586352,586357,5,70
586282,586353,586357,4,71
586282,586354,586357,3,72
586282,586355,586358,3,73
586282,586352,586358,6,70
586282,586355,586358,3,73
586282,586356,586359,3,74
586282,586355,586358,3,73
586282,586355,586358,3,73
586282,586355,586358,3,73
586282,586358,586360,2,76
586282,586358,586359,1,76
586282,586357,586360,3,75
586282,586356,586359,3,74
586282,586358,586360,2,76
586282,586356,586359,3,74
586282,586357,586359,2,75
586282,586357,586359,2,75
586282,586358,586361,3,76
586282,586357,586360,3,75
586301,586359,586361,2,58
586301,586359,586360,1,58
586301,586360,586362,2,59
586301,586359,586362,3,58
586301,586359,586362,3,58
586301,586360,586363,3,59
586301,586360,586362,2,59
586301,586360,586362,2,59
586301,586360,586363,3,59
586301,586360,586367,7,59
585865,586015,586369,354,150
585711,585875,586370,495,164
586301,586360,586372,12,59
586301,586362,586372,10,61
586301,586361,586372,11,60
586301,586362,586372,10,61
586301,586363,586373,10,62
586301,586364,586373,9,63
586301,586360,586373,13,59
586301,586362,586374,12,61
586301,586361,586373,12,60
586301,586362,586373,11,61
586301,586361,586373,12,60
586301,586363,586373,10,62
586301,586373,586375,2,72
586301,586363,586374,11,62
586301,586372,586376,4,71
586301,586372,586376,4,71
586301,586373,586377,4,72
586301,586369,586377,8,68
586301,586367,586377,10,66
586301,586373,586376,3,72
586301,586374,586377,3,73
586301,586375,586378,3,74
586301,586373,586378,5,72
586301,586374,586378,4,73
586301,586375,586379,4,74
586301,586374,586378,4,73
586301,586374,586378,4,73
586301,586375,586378,3,74
586301,586370,586380,10,69
586301,586372,586380,8,71
586301,586376,586380,4,75
586301,586376,586381,5,75
586301,586377,586381,4,76
586301,586377,586381,4,76
586301,586377,586383,6,76
586301,586377,586382,5,76
586301,586378,586384,6,77
586301,586377,586384,7,76
586301,586378,586384,6,77
586301,586381,586384,3,80
586301,586378,586383,5,77
586301,586380,586383,3,79
586301,586380,586384,4,79
586301,586379,586385,6,78
586301,586381,586385,4,80
586301,586379,586385,6,78
586301,586380,586384,4,79
586301,586380,586384,4,79
586301,586383,586386,3,82
586301,586380,586386,6,79
586301,586384,586387,3,83
586301,586384,586387,3,83
586301,586384,586387,3,83
586301,586384,586387,3,83
586301,586382,586386,4,81
586301,586385,586387,2,84
586301,586384,586387,3,83
586301,586384,586387,3,83
586301,586385,586388,3,84
586301,586385,586388,3,84
586301,586385,586388,3,84
586301,586384,586387,3,83
586301,586386,586388,2,85
586324,586387,586389,2,63
585723,585905,586388,483,182
586301,586385,586388,3,84
586301,586385,586388,3,84
586324,586387,586388,1,63
586324,586387,586390,3,63
586324,586387,586390,3,63
586324,586387,586390,3,63
586324,586387,586390,3,63
586324,586387,586390,3,63
586324,586387,586390,3,63
586324,586388,586390,2,64
586324,586388,586393,5,64
586324,586388,586396,8,64
586324,586388,586398,10,64
586324,586388,586398,10,64
586324,586389,586399,10,65
586324,586389,586399,10,65
586324,586390,586400,10,66
586324,586390,586400,10,66
586324,586390,586400,10,66
586324,586390,586400,10,66
586324,586389,586401,12,65
586324,586398,586401,3,74
586324,586389,586401,12,65
586324,586399,586401,2,75
586324,586391,586402,11,67
586324,586398,586401,3,74
586324,586389,586401,12,65
586324,586396,586401,5,72
586324,586391,586401,10,67
586324,586390,586402,12,66
586324,586393,586402,9,69
586324,586399,586402,3,75
586324,586400,586403,3,76
586324,586400,586404,4,76
586324,586401,586404,3,77
586324,586401,586403,2,77
586324,586401,586403,2,77
586324,586400,586404,4,76
586324,586401,586405,4,77
586324,586402,586405,3,78
586324,586401,586405,4,77
586324,586402,586406,4,78
586324,586402,586407,5,78
586324,586402,586408,6,78
586324,586403,586408,5,79
586324,586402,586407,5,78
586324,586403,586408,5,79
586324,586405,586408,3,81
586324,586405,586409,4,81
586324,586405,586409,4,81
586324,586403,586408,5,79
586324,586404,586410,6,80
586324,586406,586410,4,82
586324,586405,586410,5,81
586324,586404,586410,6,80
586324,586404,586409,5,80
586324,586405,586410,5,81
586324,586408,586411,3,84
586324,586403,586410,7,79
586324,586409,586412,3,85
586324,586408,586412,4,84
586324,586408,586412,4,84
586324,586407,586412,5,83
586324,586410,586412,2,86
586324,586408,586411,3,84
586324,586410,586413,3,86
586324,586410,586412,2,86
586324,586411,586413,2,87
586324,586409,586413,4,85
586324,586408,586412,4,84
586324,586410,586413,3,86
586324,586409,586413,4,85
586324,586410,586413,3,86
586372,586412,586414,2,40
586324,586412,586413,1,88
586372,586413,586414,1,41
586324,586411,586413,2,87
586324,586411,586414,3,87
586372,586413,586415,2,41
586372,586412,586414,2,40
586372,586413,586415,2,41
586372,586413,586414,1,41
586372,586412,586414,2,40
586372,586413,586416,3,41
586372,586413,586416,3,41
586372,586413,586416,3,41
585798,585933,586416,483,135
586372,586413,586419,6,41
586372,586415,586424,9,43
586372,586415,586424,9,43
586372,586416,586425,9,44
586372,586414,586425,11,42
586372,586414,586425,11,42
586372,586416,586425,9,44
586372,586414,586425,11,42
586372,586414,586424,10,42
586372,586416,586426,10,44
586372,586415,586426,11,43
586372,586414,586426,12,42
586372,586415,586426,11,43
586372,586415,586426,11,43
586372,586425,586428,3,53
586372,586417,586427,10,45
586372,586415,586427,12,43
586372,586425,586428,3,53
586372,586419,586427,8,47
586372,586424,586429,5,52
586372,586425,586428,3,53
586372,586425,586429,4,53
586372,586425,586429,4,53
586372,586426,586430,4,54
586372,586425,586430,5,53
586372,586425,586429,4,53
586372,586426,586429,3,54
586372,586427,586431,4,55
586372,586427,586431,4,55
586372,586427,586430,3,55
586372,586428,586432,4,56
586372,586430,586434,4,58
586372,586428,586434,6,56
586372,586429,586434,5,57
586372,586429,586434,5,57
586372,586429,586434,5,57
586372,586429,586434,5,57
586372,586430,586434,4,58
586372,586430,586435,5,58
586372,586432,586435,3,60
586372,586432,586435,3,60
586372,586429,586436,7,57
586372,586431,586436,5,59
586372,586430,586436,6,58
586372,586431,586436,5,59
586372,586428,586436,8,56
586372,586434,586437,3,62
586372,586434,586437,3,62
586372,586428,586436,8,56
586372,586434,586438,4,62
586372,586434,586438,4,62
586372,586435,586438,3,63
586372,586434,586438,4,62
586372,586435,586438,3,63
586372,586436,586439,3,64
586372,586434,586438,4,62
586372,586436,586439,3,64
586372,586436,586439,3,64
586372,586436,586439,3,64
586372,586435,586438,3,63
586372,586437,586439,2,65
586372,586437,586439,2,65
586372,586434,586438,4,62
586372,586437,586440,3,65
586372,586438,586439,1,66
586372,586438,586441,3,66
586372,586438,586441,3,66
586372,586438,586440,2,66
586372,586439,586442,3,67
586372,586439,586441,2,67
586372,586439,586442,3,67
586372,586439,586441,2,67
586372,586438,586442,4,66
586372,586439,586443,4,67
586372,586439,586445,6,67
586372,586439,586447,8,67
586372,586439,586450,11,67
586372,586439,586450,11,67
586372,586439,586451,12,67
586372,586441,586451,10,69
586372,586440,586452,12,68
585837,585961,586453,492,124
586372,586441,586453,12,69
586372,586442,586454,12,70
586372,586441,586454,13,69
586372,586441,586454,13,69
586372,586442,586454,12,70
586372,586442,586453,11,70
586372,586442,586454,12,70
586372,586442,586454,12,70
586372,586443,586456,13,71
586372,586445,586457,12,73
586372,586447,586458,11,75
586372,586450,586459,9,78
586372,586454,586460,6,82
586372,586454,586460,6,82
586372,586453,586460,7,81
586372,586451,586461,10,79
586372,586453,586461,8,81
586372,586454,586461,7,82
586372,586454,586462,8,82
586372,586451,586462,11,79
586372,586453,586462,9,81
586372,586455,586462,7,83
586372,586452,586463,11,80
586372,586454,586462,8,82
586372,586457,586464,7,85
586372,586455,586464,9,83
586372,586458,586465,7,86
586372,586463,586465,2,91
586372,586462,586465,3,90
586372,586459,586465,6,87
586372,586456,586464,8,84
586372,586460,586466,6,88
586372,586462,586465,3,90
586372,586462,586466,4,90
586372,586462,586466,4,90
586372,586460,586466,6,88
586372,586461,586465,4,89
586372,586461,586467,6,89
586372,586463,586466,3,91
586372,586465,586467,2,93
586372,586461,586466,5,89
586372,586464,586468,4,92
586372,586465,586468,3,93
586372,586460,586467,7,88
586372,586465,586467,2,93
586372,586465,586468,3,93
586372,586466,586469,3,94
586372,586467,586469,2,95
586372,586466,586469,3,94
586372,586466,586469,3,94
586372,586466,586469,3,94
586372,586465,586469,4,93
586372,586467,586470,3,95
586372,586467,586469,2,95
586372,586466,586469,3,94
586372,586467,586469,2,95
586372,586468,586470,2,96
586372,586466,586469,3,94
586400,586468,586470,2,68
586372,586465,586469,4,93
586400,586469,586471,2,69
586400,586469,586470,1,69
586400,586469,586471,2,69
586400,586469,586471,2,69
586400,586469,586472,3,69
586400,586468,586472,4,68
586400,586469,586472,3,69
586400,586470,586474,4,70
586400,586470,586476,6,70
586400,586470,586478,8,70
586400,586470,586480,10,70
586400,586471,586481,10,71
586400,586470,586482,12,70
586400,586470,586482,12,70
585863,585988,586482,494,125
586400,586471,586481,10,71
586400,586472,586482,10,72
586400,586474,586483,9,74
586400,586470,586483,13,70
586001,586146,586483,337,145
586400,586470,586482,12,70
586400,586472,586482,10,72
586400,586472,586484,12,72
586400,586472,586483,11,72
586400,586471,586484,13,71
586400,586482,586487,5,82
586400,586483,586487,4,83
586400,586482,586487,5,82
586400,586483,586488,5,83
586400,586482,586488,6,82
586400,586482,586488,6,82
586400,586480,586489,9,80
586400,586483,586488,5,83
586400,586478,586489,11,78
586400,586481,586490,9,81
586400,586477,586489,12,77
586400,586483,586490,7,83
586400,586482,586489,7,82
586400,586483,586489,6,83
586400,586484,586492,8,84
586400,586484,586493,9,84
586400,586487,586493,6,87
586400,586488,586493,5,88
586400,586488,586493,5,88
586400,586489,586494,5,89
586400,586490,586494,4,90
586400,586491,586494,3,91
586400,586488,586495,7,88
586400,586489,586494,5,89
586400,586493,586495,2,93
586400,586489,586495,6,89
586400,586487,586495,8,87
586400,586488,586494,6,88
586400,586490,586496,6,90
586400,586485,586496,11,85
586400,586493,586496,3,93
586400,586492,586495,3,92
586400,586490,586495,5,90
586400,586494,586497,3,94
586400,586495,586497,2,95
586400,586490,586496,6,90
586400,586495,586498,3,95
586400,586494,586498,4,94
586400,586493,586497,4,93
586400,586494,586497,3,94
586400,586495,586498,3,95
586400,586493,586497,4,93
586400,586495,586499,4,95
586400,586497,586499,2,97
586400,586495,586498,3,95
586400,586495,586498,3,95
586400,586496,586499,3,96
586400,586496,586499,3,96
586400,586497,586499,2,97
586400,586496,586498,2,96
586400,586496,586499,3,96
586425,586498,586500,2,73
586425,586498,586501,3,73
586425,586498,586501,3,73
586425,586497,586501,4,72
586425,586498,586501,3,73
586425,586499,586502,3,74
586425,586499,586502,3,74
586425,586498,586501,3,73
586425,586498,586501,3,73
586425,586499,586504,5,74
586425,586499,586508,9,74
586425,586500,586510,10,75
586425,586500,586511,11,75
586425,586499,586511,12,74
586425,586499,586511,12,74
586425,586499,586511,12,74
586425,586499,586512,13,74
586425,586502,586512,10,77
586425,586502,586511,9,77
586425,586502,586513,11,77
586425,586501,586512,11,76
586425,586502,586513,11,77
586425,586504,586514,10,79
586425,586501,586514,13,76
586425,586501,586513,12,76
586425,586501,586513,12,76
586425,586508,586517,9,83
586425,586511,586518,7,86
586425,586510,586518,8,85
586425,586511,586519,8,86
586425,586512,586519,7,87
586425,586512,586520,8,87
585896,586042,586520,478,146
586425,586511,586521,10,86
586425,586513,586522,9,88
586425,586514,586522,8,89
586425,586511,586521,10,86
586425,586512,586521,9,87
586425,586514,586523,9,89
586425,586513,586523,10,88
586425,586513,586523,10,88
586425,586517,586524,7,92
586425,586519,586524,5,94
586425,586518,586524,6,93
586425,586518,586525,7,93
586425,586520,586525,5,95
586425,586520,586525,5,95
586425,586514,586525,11,89
586425,586514,586526,12,89
586425,586519,586525,6,94
586425,586524,586526,2,99
586425,586522,586527,5,97
586425,586523,586526,3,98
586425,586523,586527,4,98
586425,586524,586527,3,99
586425,586521,586527,6,96
586425,586523,586526,3,98
586425,586522,586528,6,97
586425,586522,586528,6,97
586425,586525,586528,3,100
586425,586527,586528,1,102
586425,586524,586527,3,99
586425,586527,586529,2,102
586425,586522,586528,6,97
586425,586525,586529,4,100
586425,586525,586529,4,100
586425,586527,586530,3,102
586425,586527,586530,3,102
586425,586527,586530,3,102
586425,586526,586529,3,101
586425,586526,586530,4,101
586425,586527,586529,2,102
586454,586528,586530,2,74
586425,586527,586530,3,102
586425,586528,586530,2,103
586425,586526,586531,5,101
586425,586528,586530,2,103
586454,586529,586531,2,75
586454,586529,586532,3,75
586454,586529,586533,4,75
586454,586530,586533,3,76
586454,586529,586532,3,75
586454,586529,586532,3,75
586454,586530,586532,2,76
586454,586530,586534,4,76
586454,586530,586537,7,76
586454,586530,586538,8,76
586454,586531,586541,10,77
586454,586531,586542,11,77
586454,586530,586542,12,76
586454,586531,586542,11,77
586454,586530,586542,12,76
586454,586532,586542,10,78
586454,586532,586544,12,78
586454,586533,586545,12,79
586454,586533,586545,12,79
586454,586531,586544,13,77
586454,586534,586544,10,80
586454,586533,586544,11,79
586454,586533,586545,12,79
586454,586533,586546,13,79
586454,586537,586547,10,83
586007,586175,586549,374,168
586454,586538,586549,11,84
586454,586541,586552,11,87
586454,586543,586552,9,89
586454,586544,586553,9,90
586454,586542,586554,12,88
586454,586542,586554,12,88
586454,586544,586553,9,90
586454,586542,586555,13,88
586454,586547,586555,8,93
586454,586549,586556,7,95
586454,586545,586556,11,91
586454,586545,586556,11,91
586454,586545,586556,11,91
586454,586545,586556,11,91
586454,586545,586557,12,91
586454,586550,586556,6,96
586454,586546,586557,11,92
586454,586552,586559,7,98
586454,586552,586559,7,98
586454,586557,586559,2,103
586454,586556,586559,3,102
586454,586556,586559,3,102
586454,586547,586560,13,93
586454,586554,586560,6,100
586454,586556,586560,4,102
586454,586556,586560,4,102
586454,586554,586560,6,100
586454,586556,586560,4,102
586454,586554,586560,6,100
586454,586555,586560,5,101
586454,586557,586560,3,103
586454,586553,586561,8,99
586454,586559,586562,3,105
586454,586555,586561,6,101
586454,586559,586561,2,105
586454,586560,586563,3,106
586454,586561,586563,2,107
586454,586560,586563,3,106
586454,586559,586563,4,105
586454,586558,586562,4,104
586454,586559,586563,4,105
586454,586559,586563,4,105
586454,586560,586563,3,106
586454,586560,586563,3,106
586454,586561,586564,3,107
586454,586560,586563,3,106
586454,586560,586563,3,106
586483,586562,586565,3,79
586454,586562,586564,2,108
586483,586562,586565,3,79
586483,586563,586565,2,80
586454,586561,586564,3,107
586483,586563,586566,3,80
586483,586563,586566,3,80
586483,586563,586566,3,80
586483,586563,586565,2,80
586483,586563,586567,4,80
585930,586067,586567,500,137
586483,586563,586567,4,80
586483,586564,586572,8,81
586483,586563,586572,9,80
586483,586565,586575,10,82
586483,586564,586575,11,81
586483,586565,586575,10,82
586483,586564,586576,12,81
586483,586565,586576,11,82
586483,586564,586577,13,81
586483,586565,586577,12,82
586483,586565,586577,12,82
586483,586566,586576,10,83
586483,586566,586578,12,83
586483,586566,586578,12,83
586483,586567,586579,12,84
586483,586567,586579,12,84
586483,586566,586578,12,83
586483,586568,586580,12,85
586483,586578,586583,5,95
586483,586578,586583,5,95
586483,586578,586583,5,95
586483,586572,586584,12,89
586483,586572,586585,13,89
586483,586575,586585,10,92
586483,586575,586585,10,92
586483,586577,586585,8,94
586483,586579,586586,7,96
586483,586577,586586,9,94
586483,586575,586587,12,92
586483,586576,586586,10,93
586483,586576,586586,10,93
586483,586579,586589,10,96
586483,586580,586588,8,97
586483,586579,586589,10,96
586483,586585,586589,4,102
586483,586577,586588,11,94
586483,586583,586589,6,100
586483,586586,586590,4,103
586483,586586,586589,3,103
586483,586587,586591,4,104
586483,586587,586591,4,104
586483,586584,586590,6,101
586483,586587,586591,4,104
586483,586583,586590,7,100
586483,586585,586592,7,102
586483,586589,586592,3,106
586483,586586,586591,5,103
586483,586583,586591,8,100
586483,586586,586591,5,103
586483,586590,586592,2,107
586483,586589,586593,4,106
586483,586589,586593,4,106
586483,586589,586592,3,106
586483,586589,586592,3,106
586483,586591,586594,3,108
586483,586592,586594,2,109
586483,586589,586593,4,106
586483,586591,586594,3,108
586483,586592,586594,2,109
585960,586091,586593,502,131
586483,586591,586594,3,108
586483,586592,586595,3,109
586483,586591,586595,4,108
586483,586592,586594,2,109
586483,586591,586594,3,108
586483,586591,586594,3,108
586483,586592,586595,3,109
586484,586594,586596,2,110
586483,586592,586595,3,109
586484,586593,586596,3,109
586484,586594,586595,1,110
586484,586594,586597,3,110
586484,586594,586596,2,110
586484,586593,586596,3,109
586484,586593,586596,3,109
586484,586594,586598,4,110
586484,586594,586597,3,110
586484,586595,586600,5,111
586484,586595,586605,10,111
586484,586595,586605,10,111
586484,586595,586607,12,111
586484,586596,586607,11,112
586484,586596,586607,11,112
586484,586595,586607,12,111
586484,586595,586608,13,111
586484,586596,586608,12,112
586484,586597,586609,12,113
586484,586595,586609,14,111
586484,586596,586608,12,112
586484,586597,586609,12,113
586484,586597,586610,13,113
586484,586600,586610,10,116
586484,586598,586610,12,114
586484,586597,586610,13,113
585983,586117,586611,494,134
586484,586598,586611,13,114
586484,586605,586613,8,121
586484,586610,586615,5,126
586484,586610,586615,5,126
586484,586609,586615,6,125
586484,586609,586615,6,125
586484,586607,586614,7,123
586484,586613,586615,2,129
586484,586611,586616,5,127
586484,586612,586616,4,128
586484,586611,586616,5,127
586484,586607,586616,9,123
586484,586607,586616,9,123
586484,586608,586617,9,124
586484,586607,586616,9,123
586484,586609,586616,7,125
586484,586610,586616,6,126
586484,586605,586616,11,121
586484,586609,586616,7,125
586484,586615,586618,3,131
586484,586616,586618,2,132
586484,586615,586618,3,131
586484,586616,586617,1,132
586484,586616,586617,1,132
586484,586608,586617,9,124
586484,586615,586617,2,131
586484,586616,586617,1,132
586484,586616,586619,3,132
586484,586615,586618,3,131
586484,586616,586618,2,132
586484,586616,586618,2,132
586484,586617,586620,3,133
586484,586618,586620,2,134
586484,586618,586620,2,134
586484,586618,586620,2,134
586484,586617,586620,3,133
586484,586618,586621,3,134
586484,586618,586621,3,134
586484,586618,586621,3,134
586484,586617,586620,3,133
586484,586617,586620,3,133
586484,586618,586620,2,134
586484,586618,586621,3,134
586484,586618,586622,4,134
586484,586619,586622,3,135
586484,586619,586622,3,135
586484,586619,586622,3,135
586484,586618,586621,3,134
586484,586619,586622,3,135
586520,586621,586623,2,101
586520,586620,586624,4,100
586520,586620,586623,3,100
586520,586620,586624,4,100
586520,586620,586624,4,100
586520,586621,586624,3,101
586520,586621,586626,5,101
586520,586621,586625,4,101
586520,586621,586626,5,101
586520,586621,586628,7,101
586520,586621,586631,10,101
586520,586622,586633,11,102
586520,586622,586634,12,102
586520,586622,586634,12,102
586520,586623,586634,11,103
586520,586624,586635,11,104
586520,586622,586635,13,102
586520,586622,586636,14,102
586520,586624,586636,12,104
586520,586623,586635,12,103
586520,586624,586636,12,104
586520,586624,586636,12,104
586520,586626,586638,12,106
586520,586624,586637,13,104
586520,586626,586639,13,106
586520,586626,586638,12,106
586520,586628,586640,12,108
586520,586634,586642,8,114
586520,586633,586642,9,113
586520,586636,586642,6,116
586520,586636,586642,6,116
586520,586636,586642,6,116
586520,586632,586643,11,112
586520,586635,586643,8,115
586520,586636,586643,7,116
586520,586634,586644,10,114
586520,586634,586643,9,114
586520,586635,586645,10,115
586520,586636,586645,9,116
586520,586643,586647,4,123
586520,586643,586647,4,123
586520,586638,586646,8,118
586520,586645,586647,2,125
586520,586644,586647,3,124
586520,586643,586647,4,123
586520,586643,586648,5,123
586520,586642,586648,6,122
586520,586638,586647,9,118
586520,586644,586648,4,124
586520,586642,586648,6,122
586520,586640,586647,7,120
586520,586645,586648,3,125
586520,586639,586648,9,119
586520,586640,586648,8,120
586520,586642,586650,8,122
586520,586642,586649,7,122
586520,586647,586650,3,127
586520,586647,586649,2,127
586520,586648,586651,3,128
586520,586647,586651,4,127
586520,586648,586651,3,128
586520,586647,586651,4,127
586520,586647,586650,3,127
586520,586648,586650,2,128
586520,586647,586651,4,127
586520,586648,586651,3,128
586520,586648,586652,4,128
586520,586648,586651,3,128
586520,586650,586652,2,130
586520,586649,586652,3,129
586520,586648,586651,3,128
586520,586650,586652,2,130
586520,586650,586652,2,130
586520,586650,586652,2,130
586520,586649,586652,3,129
586549,586652,586654,2,103
586549,586651,586654,3,102
586549,586651,586654,3,102
586549,586651,586653,2,102
586549,586651,586655,4,102
586549,586652,586654,2,103
586549,586652,586654,2,103
586549,586652,586656,4,103
586549,586652,586656,4,103
586549,586652,586660,8,103
586549,586653,586663,10,104
586549,586652,586664,12,103
586549,586652,586665,13,103
586549,586654,586665,11,105
586549,586653,586665,12,104
586549,586653,586665,12,104
586549,586654,586664,10,105
586549,586654,586667,13,105
586549,586653,586667,14,104
586549,586654,586667,13,105
586549,586655,586668,13,106
586549,586655,586668,13,106
586549,586656,586667,11,107
586549,586656,586668,12,107
586549,586656,586668,12,107
586549,586665,586672,7,116
586549,586660,586672,12,111
586233,586329,586673,344,96
586549,586668,586673,5,119
586549,586669,586673,4,120
586549,586663,586674,11,114
586549,586669,586674,5,120
586549,586667,586674,7,118
586549,586665,586674,9,116
586549,586667,586674,7,118
586549,586665,586675,10,116
586549,586668,586675,7,119
586549,586672,586676,4,123
586549,586673,586675,2,124
586549,586664,586676,12,115
586549,586665,586676,11,116
586549,586668,586675,7,119
586549,586674,586677,3,125
586549,586674,586677,3,125
586549,586674,586677,3,125
586549,586674,586677,3,125
586549,586674,586676,2,125
586549,586675,586676,1,126
586549,586673,586676,3,124
586549,586675,586678,3,126
586549,586672,586677,5,123
586549,586676,586678,2,127
586549,586676,586677,1,127
586549,586676,586677,1,127
586549,586677,586678,1,128
586549,586665,586677,12,116
586549,586667,586677,10,118
586549,586673,586677,4,124
586549,586676,586679,3,127
586549,586677,586679,2,128
586549,586677,586679,2,128
586549,586677,586680,3,128
586549,586677,586679,2,128
586549,586678,586680,2,129
586549,586677,586679,2,128
586549,586676,586679,3,127
586549,586677,586679,2,128
586549,586678,586680,2,129
586549,586678,586681,3,129
586549,586678,586681,3,129
586549,586678,586682,4,129
586549,586678,586681,3,129
586549,586678,586681,3,129
586549,586679,586681,2,130
586576,586680,586683,3,104
586576,586680,586683,3,104
586549,586678,586682,4,129
586549,586678,586682,4,129
586576,586680,586683,3,104
586576,586680,586683,3,104
586576,586680,586683,3,104
586576,586679,586683,4,103
586576,586680,586683,3,104
586576,586680,586683,3,104
586576,586681,586685,4,105
586576,586681,586689,8,105
586576,586682,586693,11,106
586576,586682,586694,12,106
586576,586682,586694,12,106
586576,586682,586694,12,106
586576,586683,586693,10,107
586576,586683,586695,12,107
586576,586683,586695,12,107
586576,586683,586696,13,107
586576,586683,586695,12,107
586576,586683,586695,12,107
586576,586684,586696,12,108
586576,586684,586697,13,108
586576,586684,586697,13,108
586576,586685,586696,11,109
586576,586685,586697,12,109
586576,586689,586699,10,113
586576,586693,586703,10,117
586576,586696,586704,8,120
586576,586697,586705,8,121
586576,586695,586705,10,119
586576,586696,586704,8,120
586576,586697,586706,9,121
586576,586696,586705,9,120
586576,586694,586706,12,118
586576,586697,586706,9,121
586576,586695,586707,12,119
586576,586699,586707,8,123
586576,586694,586706,12,118
586576,586694,586706,12,118
586576,586699,586708,9,123
586576,586695,586707,12,119
586036,586205,586709,504,169
586576,586696,586708,12,120
586576,586706,586709,3,130
586576,586707,586709,2,131
586576,586707,586710,3,131
586576,586708,586710,2,132
586576,586708,586710,2,132
586576,586703,586710,7,127
586576,586705,586711,6,129
586576,586706,586711,5,130
586576,586708,586711,3,132
586576,586704,586711,7,128
586576,586709,586712,3,133
586576,586709,586712,3,133
586576,586706,586712,6,130
586576,586707,586711,4,131
586576,586706,586711,5,130
586576,586705,586711,6,129
586576,586709,586712,3,133
586576,586710,586712,2,134
586576,586711,586713,2,135
586576,586710,586713,3,134
586576,586709,586712,3,133
586576,586710,586714,4,134
586576,586711,586714,3,135
586576,586705,586713,8,129
586576,586712,586714,2,136
586576,586712,586714,2,136
586576,586710,586714,4,134
586576,586711,586714,3,135
586576,586712,586715,3,136
586576,586712,586715,3,136
586576,586712,586714,2,136
586595,586713,586715,2,118
586595,586713,586715,2,118
586576,586711,586714,3,135
586576,586712,586714,2,136
586595,586714,586716,2,119
586595,586713,586717,4,118
586595,586713,586716,3,118
586595,586714,586717,3,119
586595,586714,586717,3,119
586595,586714,586717,3,119
586595,586714,586718,4,119
586595,586714,586721,7,119
586282,586358,586721,363,76
586062,586236,586724,488,174
586595,586715,586726,11,120
586595,586715,586727,12,120
586595,586715,586727,12,120
586595,586715,586726,11,120
586595,586715,586727,12,120
586595,586715,586727,12,120
586595,586714,586727,13,119
586595,586716,586728,12,121
586595,586715,586727,12,120
586595,586717,586729,12,122
586595,586717,586729,12,122
586595,586717,586730,13,122
586595,586717,586730,13,122
586595,586717,586729,12,122
586595,586721,586731,10,126
586595,586718,586730,12,123
586595,586721,586732,11,126
586595,586726,586734,8,131
586595,586725,586734,9,130
586595,586727,586735,8,132
586595,586728,586735,7,133
586595,586728,586736,8,133
586595,586729,586737,8,134
586595,586727,586737,10,132
586595,586727,586737,10,132
586595,586729,586737,8,134
586595,586730,586738,8,135
586595,586728,586738,10,133
586595,586731,586738,7,136
586595,586727,586738,11,132
586595,586729,586738,9,134
586595,586730,586739,9,135
586595,586730,586739,9,135
586595,586737,586739,2,142
586595,586732,586740,8,137
586595,586734,586740,6,139
586595,586735,586739,4,140
586595,586738,586739,1,143
586595,586732,586740,8,137
586595,586737,586739,2,142
586595,586738,586740,2,143
586595,586738,586740,2,143
586595,586735,586741,6,140
586595,586735,586741,6,140
586595,586737,586740,3,142
586595,586737,586740,3,142
586595,586738,586740,2,143
586595,586736,586741,5,141
586595,586739,586741,2,144
586595,586739,586741,2,144
586595,586740,586742,2,145
586595,586739,586742,3,144
586595,586740,586743,3,145
586595,586740,586743,3,145
586595,586740,586743,3,145
586595,586739,586743,4,144
586595,586740,586743,3,145
586595,586740,586742,2,145
586595,586740,586742,2,145
586595,586741,586744,3,146
586595,586741,586744,3,146
586595,586741,586744,3,146
586595,586740,586743,3,145
586612,586742,586745,3,130
586595,586741,586744,3,146
586595,586741,586744,3,146
586612,586742,586745,3,130
586612,586742,586744,2,130
586612,586742,586745,3,130
586612,586743,586746,3,131
586612,586743,586746,3,131
586612,586743,586746,3,131
586612,586743,586747,4,131
586612,586743,586746,3,131
586612,586744,586748,4,132
586612,586744,586753,9,132
586612,586744,586756,12,132
586612,586744,586756,12,132
586612,586744,586756,12,132
586612,586745,586755,10,133
586612,586744,586757,13,132
586612,586745,586757,12,133
586612,586745,586757,12,133
586612,586746,586758,12,134
586612,586747,586757,10,135
586612,586748,586757,9,136
586612,586746,586758,12,134
586612,586745,586757,12,133
586612,586745,586757,12,133
586612,586747,586759,12,135
586612,586746,586760,14,134
586612,586746,586761,15,134
586612,586753,586762,9,141
586612,586757,586764,7,145
586612,586757,586765,8,145
586612,586756,586766,10,144
586612,586758,586765,7,146
586612,586757,586766,9,145
586612,586758,586766,8,146
586612,586758,586766,8,146
586612,586756,586767,11,144
586612,586758,586767,9,146
586612,586758,586766,8,146
586612,586759,586767,8,147
586612,586756,586767,11,144
586612,586758,586767,9,146
586612,586761,586767,6,149
586612,586766,586768,2,154
586612,586758,586767,9,146
586612,586766,586769,3,154
586612,586766,586769,3,154
586612,586760,586769,9,148
586612,586762,586768,6,150
586612,586767,586769,2,155
586612,586767,586770,3,155
586612,586768,586770,2,156
586612,586767,586769,2,155
586612,586766,586769,3,154
586612,586767,586769,2,155
586612,586767,586769,2,155
586612,586766,586769,3,154
586612,586767,586769,2,155
586612,586764,586769,5,152
586612,586768,586769,1,156
586612,586769,586771,2,157
586612,586765,586771,6,153
586173,586268,586771,503,95
586612,586768,586771,3,156
586612,586769,586771,2,157
586612,586769,586771,2,157
586612,586771,586773,2,159
586673,586771,586773,2,98
586612,586769,586773,4,157
586612,586770,586773,3,158
586612,586769,586772,3,157
586673,586771,586773,2,98
586673,586771,586773,2,98
586612,586770,586774,4,158
586612,586770,586773,3,158
586612,586770,586774,4,158
586612,586770,586773,3,158
586612,586770,586773,3,158
586612,586770,586773,3,158
586612,586770,586773,3,158
586673,586772,586775,3,99
586673,586772,586774,2,99
586673,586773,586774,1,100
586673,586773,586774,1,100
586673,586773,586775,2,100
586673,586773,586775,2,100
586673,586773,586778,5,100
586673,586776,586782,6,103
586673,586776,586782,6,103
586673,586778,586782,4,105
586673,586774,586784,10,101
586673,586775,586784,9,102
586673,586774,586783,9,101
586673,586774,586785,11,101
586673,586775,586784,9,102
586673,586774,586784,10,101
586673,586774,586785,11,101
586673,586773,586785,12,100
586673,586773,586786,13,100
586673,586775,586785,10,102
586673,586773,586786,13,100
586673,586774,586786,12,101
586673,586784,586785,1,111
586673,586784,586787,3,111
586673,586774,586787,13,101
586673,586785,586787,2,112
586673,586775,586786,11,102
586673,586782,586787,5,109
586673,586783,586788,5,110
586673,586785,586787,2,112
586673,586786,586788,2,113
586673,586785,586787,2,112
586673,586786,586788,2,113
586673,586786,586788,2,113
586673,586782,586787,5,109
586673,586785,586787,2,112
586673,586784,586787,3,111
586673,586785,586787,2,112
586673,586787,586789,2,114
586673,586787,586789,2,114
586673,586786,586788,2,113
586673,586786,586788,2,113
586673,586787,586788,1,114
586673,586788,586790,2,115
586673,586788,586790,2,115
586673,586787,586789,2,114
586673,586787,586789,2,114
586673,586789,586791,2,116
586673,586788,586790,2,115
586673,586788,586791,3,115
586673,586788,586791,3,115
586673,586788,586790,2,115
586673,586788,586790,2,115
586673,586789,586791,2,116
586673,586788,586790,2,115
586673,586789,586790,1,116
586673,586789,586790,1,116
586673,586789,586791,2,116
586673,586789,586791,2,116
586673,586790,586792,2,117
586673,586789,586791,2,116
586673,586790,586792,2,117
586673,586790,586792,2,117
586673,586791,586793,2,118
586673,586791,586794,3,118
586673,586791,586794,3,118
586673,586791,586794,3,118
586709,586792,586794,2,83
586673,586791,586794,3,118
586673,586790,586793,3,117
586709,586792,586795,3,83
586673,586791,586794,3,118
586673,586791,586794,3,118
586673,586791,586794,3,118
586709,586792,586794,2,83
586709,586792,586794,2,83
586709,586792,586794,2,83
586709,586793,586796,3,84
586709,586792,586795,3,83
586709,586794,586797,3,85
586709,586794,586797,3,85
586709,586794,586801,7,85
586709,586794,586804,10,85
586218,586299,586805,506,81
586709,586794,586806,12,85
586709,586794,586806,12,85
586709,586794,586806,12,85
586709,586795,586807,12,86
586709,586795,586807,12,86
586709,586795,586807,12,86
586709,586795,586808,13,86
586709,586796,586808,12,87
586709,586796,586807,11,87
586709,586797,586809,12,88
586709,586796,586808,12,87
586709,586795,586808,13,86
586709,586796,586808,12,87
586709,586798,586810,12,89
586709,586807,586812,5,98
586709,586801,586812,11,92
586709,586806,586812,6,97
586709,586807,586812,5,98
586709,586808,586812,4,99
586709,586806,586813,7,97
586709,586807,586812,5,98
586709,586806,586813,7,97
586709,586809,586814,5,100
586709,586808,586813,5,99
586709,586810,586814,4,101
586373,586468,586814,346,95
586709,586809,586814,5,100
586709,586812,586814,2,103
586709,586808,586813,5,99
586709,586809,586815,6,100
586709,586805,586815,10,96
586709,586812,586815,3,103
586709,586804,586814,10,95
586709,586812,586814,2,103
586709,586813,586816,3,104
586709,586812,586815,3,103
586709,586813,586816,3,104
586709,586810,586815,5,101
586709,586812,586816,4,103
586709,586813,586816,3,104
586709,586814,586815,1,105
586709,586814,586816,2,105
586709,586814,586817,3,105
586709,586814,586816,2,105
586709,586814,586816,2,105
586709,586815,586817,2,106
586709,586814,586817,3,105
586709,586815,586817,2,106
586709,586814,586816,2,105
586709,586815,586816,1,106
586709,586816,586818,2,107
586709,586815,586817,2,106
586709,586816,586818,2,107
586709,586816,586818,2,107
586709,586816,586819,3,107
586709,586816,586819,3,107
586709,586816,586818,2,107
586709,586816,586818,2,107
586709,586815,586818,3,106
586709,586816,586818,2,107
586709,586817,586819,2,108
586726,586817,586819,2,91
586709,586817,586820,3,108
586709,586817,586819,2,108
586709,586817,586819,2,108
586726,586817,586820,3,91
586709,586817,586819,2,108
586726,586818,586819,1,92
586726,586819,586821,2,93
586726,586818,586820,2,92
586726,586818,586820,2,92
586726,586818,586820,2,92
586726,586819,586821,2,93
586726,586819,586822,3,93
586726,586819,586827,8,93
586726,586822,586829,7,96
586726,586820,586829,9,94
586726,586823,586830,7,97
586726,586820,586830,10,94
586726,586819,586830,11,93
586726,586820,586831,11,94
586726,586820,586830,10,94
586726,586822,586831,9,96
586726,586822,586832,10,96
586726,586819,586832,13,93
586726,586821,586832,11,95
586726,586821,586833,12,95
586726,586820,586833,13,94
586726,586829,586833,4,103
586726,586819,586832,13,93
586726,586819,586832,13,93
586726,586830,586834,4,104
586726,586820,586833,13,94
586726,586828,586833,5,102
586726,586833,586835,2,107
586726,586830,586835,5,104
586726,586830,586835,5,104
586726,586829,586835,6,103
586726,586832,586835,3,106
586726,586832,586835,3,106
586726,586831,586836,5,105
586726,586831,586835,4,105
586726,586832,586835,3,106
586726,586833,586836,3,107
586726,586833,586835,2,107
586726,586831,586835,4,105
586726,586833,586835,2,107
586726,586834,586836,2,108
586726,586834,586835,1,108
586726,586833,586835,2,107
586726,586835,586837,2,109
586726,586834,586836,2,108
586726,586835,586836,1,109
586726,586835,586837,2,109
586726,586835,586838,3,109
586726,586835,586837,2,109
586726,586836,586837,1,110
586726,586835,586837,2,109
586726,586836,586838,2,110
586726,586836,586838,2,110
586726,586836,586839,3,110
586726,586837,586839,2,111
586726,586836,586838,2,110
586726,586836,586838,2,110
586726,586836,586838,2,110
586726,586836,586838,2,110
586726,586836,586838,2,110
586726,586836,586838,2,110
586726,586837,586840,3,111
586726,586838,586840,2,112
586726,586837,586840,3,111
586726,586837,586840,3,111
586726,586838,586841,3,112
586726,586839,586841,2,113
586726,586838,586840,2,112
586726,586839,586842,3,113
586726,586839,586841,2,113
586726,586839,586841,2,113
586726,586840,586842,2,114
586726,586839,586842,3,113
586726,586839,586841,2,113
586726,586840,586841,1,114
586726,586840,586842,2,114
586726,586839,586843,4,113
586726,586839,586843,4,113
586726,586839,586842,3,113
586726,586839,586842,3,113
586726,586839,586843,4,113
586726,586840,586843,3,114
586726,586841,586845,4,115
586401,586497,586846,349,96
586726,586844,586849,5,118
586726,586846,586850,4,120
586726,586846,586850,4,120
586726,586842,586851,9,116
586726,586842,586851,9,116
586726,586841,586851,10,115
586726,586844,586851,7,118
586726,586843,586852,9,117
586726,586842,586853,11,116
586726,586851,586853,2,125
586726,586851,586852,1,125
586726,586842,586852,10,116
586726,586851,586853,2,125
586726,586842,586853,11,116
586726,586842,586853,11,116
586726,586850,586854,4,124
586726,586841,586854,13,115
586726,586843,586854,11,117
586726,586842,586854,12,116
586726,586843,586854,11,117
586726,586850,586855,5,124
586726,586852,586854,2,126
586726,586853,586854,1,127
586726,586854,586855,1,128
586726,586853,586854,1,127
586726,586842,586854,12,116
586726,586843,586854,11,117
586726,586850,586854,4,124
586726,586853,586855,2,127
586726,586851,586854,3,125
586726,586853,586855,2,127
586726,586853,586855,2,127
586726,586853,586855,2,127
586726,586854,586856,2,128
586726,586853,586855,2,127
586726,586854,586856,2,128
586726,586855,586857,2,129
586726,586854,586856,2,128
586726,586855,586857,2,129
586726,586855,586857,2,129
586726,586855,586856,1,129
586726,586855,586856,1,129
586726,586855,586856,1,129
586726,586855,586858,3,129
586726,586855,586857,2,129
586726,586855,586857,2,129
586726,586855,586858,3,129
586726,586855,586857,2,129
586726,586856,586858,2,130
586726,586855,586857,2,129
586726,586855,586857,2,129
586726,586856,586858,2,130
586726,586857,586859,2,131
586726,586856,586858,2,130
586726,586857,586859,2,131
586726,586857,586859,2,131
586726,586857,586860,3,131
586726,586857,586860,3,131
586726,586858,586860,2,132
586726,586858,586860,2,132
586726,586857,586859,2,131
586772,586858,586861,3,86
586726,586857,586860,3,131
586726,586857,586860,3,131
586726,586858,586860,2,132
586726,586858,586860,2,132
586772,586859,586862,3,87
586772,586859,586862,3,87
586772,586859,586861,2,87
586772,586860,586861,1,88
586772,586860,586862,2,88
586772,586858,586861,3,86
586772,586859,586861,2,87
586772,586860,586862,2,88
586772,586860,586865,5,88
586772,586863,586868,5,91
586772,586862,586870,8,90
586772,586865,586870,5,93
586772,586862,586871,9,90
586772,586861,586871,10,89
586772,586862,586871,9,90
586772,586862,586872,10,90
586772,586862,586872,10,90
586772,586860,586873,13,88
586772,586861,586873,12,89
586772,586862,586872,10,90
586772,586862,586872,10,90
586772,586862,586874,12,90
586772,586860,586873,13,88
586772,586862,586874,12,90
586772,586871,586874,3,99
586772,586862,586874,12,90
586772,586872,586875,3,100
586772,586873,586875,2,101
586772,586873,586875,2,101
586772,586873,586875,2,101
586772,586871,586876,5,99
586772,586873,586875,2,101
586772,586870,586875,5,98
586772,586874,586876,2,102
586772,586871,586875,4,99
586772,586874,586875,1,102
586772,586869,586875,6,97
586772,586872,586875,3,100
586772,586874,586877,3,102
586772,586875,586876,1,103
586772,586874,586876,2,102
586772,586875,586877,2,103
586772,586870,586876,6,98
586772,586874,586876,2,102
586772,586875,586877,2,103
586772,586876,586878,2,104
586772,586876,586878,2,104
586772,586875,586877,2,103
586772,586877,586879,2,105
586772,586876,586878,2,104
586772,586876,586878,2,104
586772,586877,586879,2,105
586772,586876,586878,2,104
586772,586877,586878,1,105
586772,586877,586879,2,105
586772,586876,586878,2,104
586772,586878,586879,1,106
586772,586877,586879,2,105
586772,586877,586880,3,105
586772,586877,586880,3,105
586772,586877,586879,2,105
586772,586877,586879,2,105
586772,586878,586881,3,106
586772,586879,586881,2,107
586772,586879,586881,2,107
586772,586878,586880,2,106
586772,586879,586881,2,107
586772,586879,586881,2,107
586772,586879,586882,3,107
586772,586879,586881,2,107
586772,586879,586881,2,107
586772,586879,586881,2,107
586806,586881,586883,2,75
586806,586880,586883,3,74
586772,586879,586883,4,107
586806,586880,586882,2,74
586806,586881,586883,2,75
586772,586880,586882,2,108
586806,586881,586882,1,75
586806,586880,586882,2,74
586806,586881,586884,3,75
586806,586882,586883,1,76
586806,586881,586884,3,75
586806,586882,586888,6,76
586806,586883,586893,10,77
586806,586883,586893,10,77
586806,586883,586893,10,77
586806,586883,586893,10,77
586806,586883,586893,10,77
586806,586885,586893,8,79
586806,586885,586893,8,79
586301,586386,586894,508,85
586806,586883,586893,10,77
586806,586884,586895,11,78
586806,586884,586895,11,78
586806,586882,586895,13,76
586806,586882,586895,13,76
586806,586882,586895,13,76
586806,586894,586896,2,88
586806,586888,586895,7,82
586806,586883,586896,13,77
586806,586893,586896,3,87
586806,586894,586895,1,88
586806,586895,586897,2,89
586806,586893,586897,4,87
586806,586894,586896,2,88
586806,586896,586897,1,90
586806,586893,586898,5,87
586806,586895,586897,2,89
586806,586893,586898,5,87
586806,586896,586898,2,90
586806,586893,586898,5,87
586806,586896,586898,2,90
586806,586897,586899,2,91
586806,586897,586898,1,91
586806,586897,586899,2,91
586806,586896,586898,2,90
586806,586896,586898,2,90
586806,586893,586898,5,87
586806,586896,586898,2,90
586806,586897,586900,3,91
586806,586896,586899,3,90
586806,586898,586899,1,92
586806,586899,586900,1,93
586806,586898,586900,2,92
586806,586898,586900,2,92
586806,586899,586900,1,93
586806,586898,586900,2,92
586806,586899,586901,2,93
586806,586898,586900,2,92
586806,586898,586901,3,92
586806,586898,586900,2,92
586806,586899,586901,2,93
586806,586899,586901,2,93
586806,586899,586902,3,93
586806,586899,586901,2,93
586806,586900,586902,2,94
586806,586900,586901,1,94
586806,586900,586901,1,94
586806,586900,586902,2,94
586806,586900,586902,2,94
586806,586900,586902,2,94
586806,586901,586902,1,95
586814,586902,586904,2,88
586806,586901,586904,3,95
586806,586901,586904,3,95
586814,586902,586905,3,88
586814,586902,586905,3,88
586814,586902,586904,2,88
586806,586901,586905,4,95
586806,586902,586904,2,96
586806,586902,586905,3,96
586814,586903,586905,2,89
586806,586901,586904,3,95
586806,586902,586904,2,96
586814,586904,586906,2,90
586814,586903,586906,3,89
586814,586902,586905,3,88
586814,586903,586906,3,89
586814,586904,586909,5,90
586325,586412,586911,499,87
586814,586905,586914,9,91
586814,586905,586914,9,91
586814,586905,586915,10,91
586814,586906,586916,10,92
586814,586905,586917,12,91
586814,586906,586916,10,92
586814,586905,586917,12,91
586814,586905,586917,12,91
586814,586906,586918,12,92
586814,586914,586918,4,100
586814,586905,586918,13,91
586814,586907,586917,10,93
586814,586905,586919,14,91
586814,586911,586919,8,97
586814,586909,586919,10,95
586814,586905,586918,13,91
586814,586917,586919,2,103
586814,586917,586920,3,103
586814,586905,586920,15,91
586814,586916,586920,4,102
586814,586914,586919,5,100
586814,586917,586920,3,103
586814,586918,586919,1,104
586814,586916,586921,5,102
586814,586919,586921,2,105
586814,586918,586921,3,104
586814,586917,586920,3,103
586814,586918,586920,2,104
586814,586919,586921,2,105
586814,586918,586920,2,104
586814,586919,586921,2,105
586814,586919,586921,2,105
586814,586920,586922,2,106
586814,586919,586921,2,105
586814,586920,586922,2,106
586814,586920,586921,1,106
586814,586920,586921,1,106
586814,586921,586923,2,107
586814,586920,586922,2,106
586814,586920,586922,2,106
586814,586921,586923,2,107
586814,586921,586923,2,107
586814,586921,586923,2,107
586814,586921,586924,3,107
586814,586922,586924,2,108
586814,586921,586923,2,107
586814,586921,586924,3,107
586814,586923,586924,1,109
586814,586922,586924,2,108
586814,586923,586925,2,109
586814,586922,586924,2,108
586814,586921,586924,3,107
586814,586922,586924,2,108
586814,586923,586924,1,109
586814,586922,586924,2,108
586814,586924,586926,2,110
586814,586923,586925,2,109
586814,586923,586925,2,109
586814,586923,586925,2,109
586814,586924,586927,3,110
586814,586924,586927,3,110
586814,586924,586927,3,110
586814,586924,586927,3,110
586853,586925,586927,2,72
586853,586925,586928,3,72
586853,586926,586928,2,73
586814,586924,586927,3,110
586853,586925,586927,2,72
586814,586925,586927,2,111
586853,586925,586927,2,72
586853,586926,586929,3,73
586853,586926,586929,3,73
586853,586926,586930,4,73
586853,586926,586929,3,73
586853,586927,586932,5,74
586853,586927,586938,11,74
586853,586927,586938,11,74
586853,586928,586939,11,75
586853,586929,586939,10,76
586853,586927,586940,13,74
586853,586928,586940,12,75
586853,586929,586940,11,76
586853,586928,586939,11,75
586853,586928,586940,12,75
586853,586930,586941,11,77
586853,586928,586940,12,75
586853,586930,586940,10,77
586853,586927,586940,13,74
586853,586932,586941,9,79
586853,586928,586942,14,75
586853,586938,586944,6,85
586853,586938,586945,7,85
586853,586939,586946,7,86
586853,586941,586948,7,88
586853,586945,586948,3,92
586853,586941,586949,8,88
586853,586940,586949,9,87
586853,586941,586949,8,88
586853,586941,586949,8,88
586853,586947,586948,1,94
586853,586940,586950,10,87
586853,586941,586949,8,88
586853,586939,586949,10,86
586853,586944,586949,5,91
586853,586949,586950,1,96
586853,586948,586950,2,95
586853,586949,586951,2,96
586853,586941,586950,9,88
586853,586943,586950,7,90
586853,586949,586951,2,96
586853,586948,586951,3,95
586853,586940,586950,10,87
586853,586950,586951,1,97
586853,586950,586952,2,97
586853,586949,586952,3,96
586853,586949,586951,2,96
586853,586950,586952,2,97
586455,586562,586952,390,107
586853,586952,586953,1,99
586853,586952,586953,1,99
586853,586951,586952,1,98
586853,586940,586952,12,87
586853,586950,586952,2,97
586853,586951,586953,2,98
586853,586950,586952,2,97
586853,586951,586953,2,98
586853,586950,586952,2,97
586853,586951,586953,2,98
586853,586952,586954,2,99
586853,586951,586953,2,98
586853,586951,586953,2,98
586853,586953,586955,2,100
586853,586953,586954,1,100
586853,586953,586954,1,100
586853,586953,586955,2,100
586853,586953,586955,2,100
586853,586952,586954,2,99
586894,586953,586955,2,59
586853,586953,586956,3,100
586894,586954,586956,2,60
586853,586953,586955,2,100
586894,586955,586957,2,61
586894,586954,586956,2,60
586894,586955,586956,1,61
586894,586955,586957,2,61
586853,586953,586956,3,100
586853,586953,586956,3,100
586894,586954,586957,3,60
586894,586954,586957,3,60
586894,586955,586957,2,61
586894,586955,586959,4,61
586894,586956,586965,9,62
586894,586959,586967,8,65
586894,586957,586967,10,63
586374,586468,586967,499,94
586894,586956,586968,12,62
586894,586957,586968,11,63
586894,586957,586967,10,63
586894,586957,586968,11,63
586894,586956,586968,12,62
586894,586958,586969,11,64
586894,586957,586969,12,63
586894,586957,586969,12,63
586894,586957,586968,11,63
586894,586958,586969,11,64
586894,586956,586970,14,62
586894,586968,586970,2,74
586894,586958,586971,13,64
586894,586969,586970,1,75
586894,586968,586971,3,74
586894,586965,586971,6,71
586894,586968,586970,2,74
586894,586969,586971,2,75
586894,586967,586970,3,73
586894,586970,586971,1,76
586894,586967,586971,4,73
586894,586969,586971,2,75
586894,586967,586972,5,73
586894,586970,586972,2,76
586894,586968,586971,3,74
586894,586969,586971,2,75
586894,586971,586973,2,77
586894,586970,586972,2,76
586894,586971,586973,2,77
586894,586971,586972,1,77
586894,586971,586973,2,77
586894,586971,586973,2,77
586894,586971,586973,2,77
586894,586971,586972,1,77
586894,586971,586972,1,77
586894,586971,586974,3,77
586894,586972,586974,2,78
586894,586972,586974,2,78
586894,586972,586975,3,78
586894,586972,586974,2,78
586894,586968,586974,6,74
586894,586973,586975,2,79
586894,586973,586975,2,79
586894,586973,586974,1,79
586894,586972,586975,3,78
586894,586973,586976,3,79
586894,586973,586975,2,79
586894,586973,586975,2,79
586894,586974,586975,1,80
586894,586974,586975,1,80
586894,586973,586975,2,79
586894,586974,586976,2,80
586894,586974,586976,2,80
586894,586974,586976,2,80
586894,586975,586977,2,81
586894,586975,586978,3,81
586894,586975,586978,3,81
586894,586975,586978,3,81
586894,586975,586977,2,81
586916,586976,586977,1,60
586916,586976,586977,1,60
586916,586976,586979,3,60
586916,586976,586979,3,60
586894,586976,586978,2,82
586894,586976,586978,2,82
586916,586977,586979,2,61
586916,586977,586979,2,61
586894,586975,586978,3,81
586916,586976,586978,2,60
586916,586976,586979,3,60
586916,586978,586981,3,62
586916,586978,586984,6,62
586916,586978,586988,10,62
586916,586979,586989,10,63
586916,586979,586990,11,63
586916,586979,586990,11,63
586916,586979,586989,10,63
586916,586979,586989,10,63
586916,586980,586990,10,64
586916,586980,586991,11,64
586916,586979,586991,12,63
586916,586979,586991,12,63
586916,586980,586991,11,64
586916,586979,586991,12,63
586916,586979,586991,12,63
586916,586982,586993,11,66
586916,586991,586993,2,75
586916,586990,586993,3,74
586916,586990,586993,3,74
586916,586991,586993,2,75
586916,586990,586994,4,74
586916,586991,586993,2,75
586916,586992,586994,2,76
586916,586989,586993,4,73
586916,586988,586994,6,72
586916,586993,586995,2,77
586916,586993,586994,1,77
586916,586990,586995,5,74
586916,586993,586994,1,77
586916,586993,586995,2,77
586916,586993,586995,2,77
586916,586993,586995,2,77
586916,586990,586996,6,74
586916,586994,586996,2,78
586916,586994,586996,2,78
586916,586993,586996,3,77
586916,586985,586995,10,69
586916,586994,586996,2,78
586916,586994,586996,2,78
586916,586994,586997,3,78
586916,586995,586996,1,79
586916,586995,586996,1,79
586916,586996,586997,1,80
586916,586995,586997,2,79
586916,586995,586998,3,79
586916,586996,586997,1,80
586916,586995,586997,2,79
586916,586995,586997,2,79
586916,586996,586998,2,80
586916,586995,586997,2,79
586916,586996,586999,3,80
586916,586997,586999,2,81
586916,586996,586999,3,80
586916,586997,586998,1,81
586916,586997,586998,1,81
586916,586997,586999,2,81
586916,586997,586999,2,81
586916,586997,586999,2,81
586916,586997,586999,2,81
586916,586998,587000,2,82
586916,586998,587001,3,82
586916,586998,587001,3,82
586954,586999,587001,2,45
586954,586999,587000,1,45
586916,586998,587002,4,82
586916,586999,587001,2,83
586916,586998,587001,3,82
586916,586999,587001,2,83
586954,586999,587002,3,45
586954,586999,587002,3,45
586954,586999,587001,2,45
586954,587000,587003,3,46
586954,587001,587003,2,47
586916,586998,587002,4,82
586954,587001,587003,2,47
586954,587001,587005,4,47
586954,587001,587006,5,47
586954,587001,587011,10,47
586954,587003,587013,10,49
586954,587002,587013,11,48
586954,587003,587013,10,49
586954,587002,587014,12,48
586954,587002,587015,13,48
586954,587003,587015,12,49
586954,587002,587015,13,48
586954,587002,587015,13,48
586954,587003,587015,12,49
586954,587002,587017,15,48
586954,587006,587017,11,52
586954,587003,587017,14,49
586954,587005,587016,11,51
586954,587011,587021,10,57
586954,587013,587023,10,59
586954,587015,587024,9,61
586954,587017,587024,7,63
586954,587014,587024,10,60
586954,587013,587025,12,59
586954,587017,587025,8,63
586954,587015,587026,11,61
586954,587016,587026,10,62
586954,587016,587026,10,62
586954,587017,587027,10,63
586954,587014,587027,13,60
586954,587016,587026,10,62
586954,587017,587027,10,63
586954,587024,587028,4,70
586954,587021,587028,7,67
586954,587026,587028,2,72
586954,587026,587029,3,72
586954,587025,587029,4,71
586954,587027,587029,2,73
586954,587024,587028,4,70
586954,587028,587029,1,74
586954,587027,587029,2,73
586954,587023,587030,7,69
586954,587025,587029,4,71
586954,587027,587030,3,73
586954,587028,587029,1,74
586954,587027,587029,2,73
586954,587027,587029,2,73
586954,587028,587031,3,74
586954,587029,587031,2,75
586426,586528,587031,503,102
586954,587029,587030,1,75
586954,587029,587030,1,75
586954,587030,587031,1,76
586954,587029,587030,1,75
586954,587029,587031,2,75
586954,587030,587032,2,76
586954,587024,587032,8,70
586954,587030,587031,1,76
586954,587029,587031,2,75
586954,587030,587033,3,76
586954,587030,587033,3,76
586954,587031,587032,1,77
586954,587031,587032,1,77
586954,587031,587032,1,77
586954,587031,587034,3,77
586954,587030,587033,3,76
586954,587031,587034,3,77
586968,587032,587034,2,64
586954,587031,587033,2,77
586968,587032,587034,2,64
586954,587031,587033,2,77
586954,587032,587034,2,78
586968,587032,587036,4,64
586968,587033,587036,3,65
586968,587033,587036,3,65
586968,587033,587036,3,65
586968,587034,587037,3,66
586550,586679,587036,357,129
586968,587033,587036,3,65
586968,587033,587036,3,65
586968,587034,587039,5,66
586968,587034,587043,9,66
586968,587034,587045,11,66
586968,587037,587046,9,69
586968,587034,587046,12,66
586968,587037,587046,9,69
586968,587037,587046,9,69
586968,587034,587047,13,66
586968,587036,587048,12,68
586968,587036,587047,11,68
586968,587034,587047,13,66
586968,587037,587048,11,69
586968,587036,587047,11,68
586968,587035,587049,14,67
586968,587045,587049,4,77
586968,587039,587048,9,71
586968,587046,587050,4,78
586968,587049,587051,2,81
586968,587036,587051,15,68
586968,587043,587051,8,75
586968,587050,587052,2,82
586968,587050,587051,1,82
586968,587051,587052,1,83
586968,587049,587054,5,81
586968,587052,587054,2,84
586968,587052,587054,2,84
586968,587046,587054,8,78
586968,587048,587054,6,80
586968,587047,587055,8,79
586968,587047,587054,7,79
586968,587051,587054,3,83
586968,587047,587055,8,79
586968,587052,587054,2,84
586968,587053,587055,2,85
586968,587054,587056,2,86
586968,587048,587055,7,80
586968,587054,587055,1,86
586968,587048,587056,8,80
586968,587054,587057,3,86
586968,587055,587057,2,87
586968,587055,587056,1,87
586968,587054,587056,2,86
586968,587055,587057,2,87
586968,587048,587056,8,80
586968,587054,587056,2,86
586968,587055,587056,1,87
586968,587056,587057,1,88
586968,587056,587058,2,88
586968,587048,587057,9,80
586968,587056,587058,2,88
586968,587055,587057,2,87
586968,587055,587057,2,87
586968,587057,587059,2,89
586968,587057,587058,1,89
586968,587056,587059,3,88
586968,587057,587059,2,89
586968,587057,587060,3,89
586968,587058,587060,2,90
586968,587057,587059,2,89
586968,587057,587060,3,89
586968,587058,587059,1,90
586968,587058,587060,2,90
586968,587058,587060,2,90
587031,587059,587061,2,28
587031,587059,587060,1,28
586968,587057,587060,3,89
586968,587058,587061,3,90
586968,587058,587061,3,90
587031,587060,587062,2,29
587031,587059,587062,3,28
587031,587060,587063,3,29
587031,587059,587062,3,28
587031,587060,587063,3,29
587031,587060,587063,3,29
587031,587060,587063,3,29
587031,587060,587067,7,29
587031,587061,587071,10,30
587031,587061,587071,10,30
586577,586713,587072,359,136
587031,587061,587071,10,30
587031,587061,587073,12,30
587031,587061,587073,12,30
587031,587061,587073,12,30
587031,587062,587072,10,31
587031,587063,587074,11,32
587031,587063,587075,12,32
587031,587062,587075,13,31
587031,587063,587076,13,32
587031,587064,587077,13,33
587031,587063,587077,14,32
587031,587067,587079,12,36
587031,587072,587079,7,41
587031,587074,587081,7,43
587031,587071,587082,11,40
587031,587072,587081,9,41
587031,587073,587082,9,42
587031,587073,587083,10,42
587031,587071,587082,11,40
587031,587073,587083,10,42
587031,587073,587083,10,42
587031,587075,587084,9,44
587031,587082,587084,2,51
587031,587075,587084,9,44
587031,587083,587085,2,52
587031,587083,587085,2,52
587031,587082,587084,2,51
587031,587083,587084,1,52
587031,587076,587086,10,45
587031,587077,587085,8,46
587031,587083,587085,2,52
587031,587084,587086,2,53
587031,587082,587086,4,51
587031,587079,587085,6,48
587031,587084,587085,1,53
587031,587085,587086,1,54
587031,587077,587086,9,46
587031,587084,587087,3,53
587031,587085,587087,2,54
587031,587085,587087,2,54
587031,587081,587087,6,50
587031,587085,587087,2,54
587031,587086,587088,2,55
587031,587086,587088,2,55
587031,587086,587088,2,55
587031,587079,587087,8,48
587031,587086,587088,2,55
587031,587086,587088,2,55
587031,587087,587088,1,56
587031,587088,587089,1,57
587031,587086,587088,2,55
587031,587087,587089,2,56
587031,587087,587089,2,56
587031,587086,587088,2,55
587031,587087,587089,2,56
587031,587087,587089,2,56
587031,587088,587090,2,57
587031,587088,587089,1,57
587031,587088,587089,1,57
587031,587088,587089,1,57
587046,587089,587091,2,43
587031,587089,587090,1,58
587031,587088,587090,2,57
587031,587088,587090,2,57
587046,587089,587092,3,43
587046,587090,587093,3,44
587046,587089,587093,4,43
587046,587089,587092,3,43
587046,587090,587093,3,44
587046,587090,587094,4,44
587046,587089,587094,5,43
586483,586593,587094,501,110
587046,587090,587094,4,44
587046,587090,587096,6,44
587046,587090,587101,11,44
587046,587091,587101,10,45
587046,587091,587101,10,45
587046,587091,587103,12,45
587046,587093,587103,10,47
587046,587092,587104,12,46
587046,587092,587104,12,46
587046,587093,587105,12,47
587046,587094,587105,11,48
587046,587094,587106,12,48
587046,587094,587106,12,48
587046,587096,587107,11,50
587046,587095,587107,12,49
587046,587093,587107,14,47
587046,587093,587107,14,47
587046,587101,587111,10,55
587046,587102,587111,9,56
587046,587102,587113,11,56
587046,587104,587114,10,58
587046,587103,587114,11,57
587046,587107,587115,8,61
587046,587104,587115,11,58
587046,587105,587116,11,59
587046,587104,587117,13,58
587046,587107,587117,10,61
587046,587105,587117,12,59
587046,587106,587118,12,60
587046,587106,587118,12,60
587046,587107,587118,11,61
587046,587111,587119,8,65
587046,587113,587118,5,67
587046,587107,587120,13,61
587046,587114,587120,6,68
587046,587114,587120,6,68
587046,587115,587120,5,69
587046,587119,587121,2,73
587046,587116,587122,6,70
587046,587111,587122,11,65
587046,587116,587122,6,70
587046,587118,587122,4,72
587046,587117,587122,5,71
587046,587118,587122,4,72
587046,587117,587123,6,71
587046,587120,587123,3,74
587046,587119,587122,3,73
587046,587117,587123,6,71
587046,587121,587124,3,75
587046,587120,587124,4,74
587046,587121,587123,2,75
587046,587118,587124,6,72
587046,587122,587125,3,76
587046,587121,587124,3,75
587046,587122,587124,2,76
587046,587122,587125,3,76
587046,587122,587125,3,76
587046,587122,587125,3,76
587046,587123,587126,3,77
587046,587123,587126,3,77
587046,587123,587126,3,77
587046,587123,587126,3,77
587046,587124,587125,1,78
587046,587124,587126,2,78
587046,587123,587125,2,77
587046,587124,587125,1,78
587073,587125,587127,2,52
587046,587124,587126,2,78
587073,587125,587128,3,52
586613,586771,587128,357,158
587073,587125,587128,3,52
587073,587125,587127,2,52
587073,587125,587128,3,52
587073,587126,587129,3,53
587073,587126,587130,4,53
587073,587126,587130,4,53
586485,586620,587129,509,135
587073,587126,587131,5,53
587073,587126,587134,8,53
587073,587126,587136,10,53
587073,587126,587137,11,53
587073,587127,587137,10,54
587073,587128,587139,11,55
587073,587128,587139,11,55
587073,587126,587139,13,53
587073,587128,587140,12,55
587073,587128,587140,12,55
587073,587128,587140,12,55
587073,587129,587141,12,56
587073,587127,587142,15,54
587073,587130,587142,12,57
587073,587131,587142,11,58
587073,587130,587141,11,57
587073,587130,587142,12,57
586521,586651,587144,493,130
587073,587134,587144,10,61
586673,586791,587146,355,118
587073,587136,587147,11,63
587073,587137,587147,10,64
587073,587137,587147,10,64
587073,587139,587149,10,66
587073,587139,587149,10,66
587073,587140,587150,10,67
587073,587144,587149,5,71
587073,587140,587151,11,67
587073,587140,587151,11,67
587073,587146,587152,6,73
587073,587142,587152,10,69
587073,587142,587152,10,69
587073,587144,587152,8,71
587073,587141,587153,12,68
587073,587147,587152,5,74
587073,587140,587153,13,67
587073,587147,587153,6,74
587073,587142,587153,11,69
587073,587142,587154,12,69
587073,587148,587153,5,75
587073,587149,587155,6,76
587073,587152,587155,3,79
587073,587143,587155,12,70
587073,587150,587155,5,77
587073,587152,587155,3,79
587073,587149,587154,5,76
587073,587152,587155,3,79
587073,587150,587156,6,77
587073,587153,587155,2,80
587073,587151,587156,5,78
587073,587152,587155,3,79
587073,587153,587155,2,80
587073,587153,587156,3,80
587073,587153,587155,2,80
587073,587154,587156,2,81
587073,587155,587157,2,82
587073,587151,587156,5,78
587073,587153,587156,3,80
587073,587154,587157,3,81
587073,587155,587158,3,82
587073,587155,587158,3,82
587073,587156,587158,2,83
587073,587155,587158,3,82
587073,587155,587158,3,82
587073,587156,587157,1,83
587073,587155,587157,2,82
587073,587156,587157,1,83
587073,587156,587157,1,83
587073,587155,587158,3,82
587103,587157,587158,1,54
587103,587157,587158,1,54
587103,587157,587160,3,54
587103,587156,587160,4,53
587103,587156,587159,3,53
587103,587157,587161,4,54
587103,587157,587161,4,54
587103,587158,587162,4,55
587103,587158,587161,3,55
587103,587158,587165,7,55
587103,587158,587169,11,55
587103,587158,587169,11,55
587103,587158,587169,11,55
587103,587158,587170,12,55
587103,587158,587169,11,55
587103,587158,587169,11,55
587103,587159,587171,12,56
587103,587160,587170,10,57
587103,587160,587170,10,57
587103,587160,587171,11,57
587103,587160,587172,12,57
587103,587161,587173,12,58
587103,587162,587173,11,59
587103,587162,587173,11,59
587103,587160,587174,14,57
587103,587161,587174,13,58
587103,587165,587176,11,62
587103,587170,587177,7,67
587103,587170,587178,8,67
587103,587169,587178,9,66
587103,587170,587179,9,67
587103,587173,587179,6,70
587103,587172,587178,6,69
587103,587172,587179,7,69
587103,587174,587180,6,71
587103,587171,587180,9,68
587103,587173,587180,7,70
587103,587169,587179,10,66
587103,587173,587180,7,70
587103,587172,587181,9,69
587103,587177,587180,3,74
587103,587178,587181,3,75
587103,587174,587181,7,71
587103,587171,587181,10,68
587103,587177,587182,5,74
587103,587178,587182,4,75
587103,587169,587182,13,66
587103,587180,587182,2,77
587103,587180,587181,1,77
587103,587181,587182,1,78
587103,587180,587183,3,77
587103,587180,587182,2,77
587103,587181,587182,1,78
587103,587182,587184,2,79
587103,587181,587184,3,78
587103,587182,587184,2,79
587103,587181,587183,2,78
587103,587182,587184,2,79
587103,587180,587185,5,77
587103,587179,587184,5,76
587103,587179,587184,5,76
587103,587180,587185,5,77
587103,587179,587184,5,76
587103,587181,587183,2,78
587103,587182,587184,2,79
587103,587182,587186,4,79
587103,587182,587185,3,79
587103,587184,587186,2,81
587103,587183,587185,2,80
587103,587184,587185,1,81
587103,587183,587185,2,80
587103,587183,587186,3,80
587103,587184,587186,2,81
587103,587184,587186,2,81
587103,587184,587186,2,81
587138,587186,587188,2,48
587138,587185,587187,2,47
587138,587185,587188,3,47
587138,587186,587189,3,48
587138,587185,587189,4,47
587138,587185,587188,3,47
587138,587185,587189,4,47
587138,587186,587190,4,48
587138,587186,587191,5,48
587138,587186,587193,7,48
587138,587186,587197,11,48
587138,587187,587197,10,49
587138,587186,587198,12,48
587138,587187,587197,10,49
587138,587188,587198,10,50
587138,587187,587199,12,49
587138,587188,587199,11,50
587138,587189,587200,11,51
587138,587188,587200,12,50
587138,587189,587200,11,51
587138,587190,587202,12,52
587138,587189,587202,13,51
587138,587189,587202,13,51
587138,587191,587203,12,53
587138,587189,587203,14,51
587138,587193,587203,10,55
587138,587198,587205,7,60
587138,587198,587206,8,60
587138,587197,587207,10,59
587138,587197,587207,10,59
587138,587199,587209,10,61
587138,587198,587209,11,60
587138,587199,587208,9,61
587138,587203,587209,6,65
587138,587201,587210,9,63
587138,587200,587210,10,62
587138,587203,587209,6,65
587138,587206,587211,5,68
587138,587202,587211,9,64
587138,587201,587210,9,63
587138,587203,587211,8,65
587138,587208,587212,4,70
587138,587202,587212,10,64
587138,587207,587211,4,69
587138,587205,587212,7,67
587138,587209,587214,5,71
587138,587203,587214,11,65
587138,587209,587214,5,71
587138,587212,587215,3,74
587138,587212,587215,3,74
587138,587212,587214,2,74
587138,587213,587215,2,75
587138,587210,587216,6,72
587138,587212,587216,4,74
587138,587211,587216,5,73
587138,587210,587216,6,72
587138,587211,587215,4,73
587138,587209,587215,6,71
587138,587211,587217,6,73
587138,587211,587217,6,73
587138,587214,587217,3,76
587138,587215,587217,2,77
587138,587215,587217,2,77
587138,587216,587218,2,78
587138,587215,587217,2,77
587138,587216,587218,2,78
587138,587215,587218,3,77
587138,587214,587217,3,76
587138,587216,587218,2,78
587138,587209,587217,8,71
587138,587216,587219,3,78
587138,587216,587219,3,78
587138,587214,587218,4,76
587138,587217,587219,2,79
587138,587216,587219,3,78
587138,587217,587218,1,79
587138,587218,587220,2,80
587138,587217,587220,3,79
587138,587218,587220,2,80
587138,587218,587221,3,80
587138,587218,587220,2,80
587138,587218,587220,2,80
587138,587218,587221,3,80
587138,587218,587222,4,80
587138,587218,587225,7,80
587138,587220,587229,9,82
587138,587218,587229,11,80
587138,587221,587230,9,83
587138,587219,587230,11,81
587138,587219,587230,11,81
587138,587221,587231,10,83
587138,587220,587230,10,82
587138,587222,587232,10,84
587138,587219,587232,13,81
587138,587219,587232,13,81
587138,587219,587232,13,81
587138,587221,587233,12,83
587138,587220,587233,13,82
587138,587221,587233,12,83
587138,587219,587234,15,81
587138,587230,587235,5,92
587138,587230,587235,5,92
587138,587226,587235,9,88
587138,587230,587236,6,92
587138,587231,587236,5,93
587138,587231,587236,5,93
586596,586742,587238,496,146
587138,587229,587239,10,91
587138,587230,587239,9,92
587138,587236,587241,5,98
587138,587232,587241,9,94
587138,587233,587241,8,95
587138,587232,587241,9,94
587138,587232,587242,10,94
587138,587233,587242,9,95
587138,587237,587242,5,99
587138,587232,587243,11,94
587138,587236,587242,6,98
587138,587236,587242,6,98
587138,587235,587242,7,97
587138,587239,587243,4,101
587138,587233,587244,11,95
587138,587235,587244,9,97
587138,587242,587244,2,104
587138,587238,587244,6,100
587138,587234,587244,10,96
587138,587242,587244,2,104
587138,587243,587246,3,105
587138,587243,587246,3,105
587138,587241,587246,5,103
587138,587243,587246,3,105
587138,587243,587246,3,105
587138,587242,587246,4,104
587138,587240,587246,6,102
587138,587241,587246,5,103
587138,587244,587247,3,106
587138,587243,587246,3,105
587138,587244,587246,2,106
587138,587244,587247,3,106
587138,587241,587246,5,103
587138,587241,587246,5,103
587138,587246,587248,2,108
587138,587244,587247,3,106
587138,587246,587248,2,108
587138,587245,587247,2,107
587138,587246,587247,1,108
587138,587246,587249,3,108
587138,587246,587249,3,108
587138,587246,587249,3,108
587138,587246,587249,3,108
587144,587247,587250,3,103
587144,587247,587250,3,103
587138,587245,587249,4,107
587144,587248,587250,2,104
587144,587247,587250,3,103
587144,587247,587250,3,103
587144,587247,587251,4,103
587144,587248,587251,3,104
587144,587248,587251,3,104
587144,587248,587252,4,104
587144,587248,587254,6,104
587144,587249,587260,11,105
587144,587249,587260,11,105
587144,587249,587260,11,105
587144,587249,587261,12,105
587144,587250,587261,11,106
587144,587250,587261,11,106
587144,587250,587261,11,106
587144,587250,587262,12,106
587144,587251,587263,12,107
587144,587252,587263,11,108
587144,587250,587264,14,106
587144,587253,587263,10,109
587144,587253,587264,11,109
587144,587253,587265,12,109
587144,587255,587266,11,111
587144,587261,587269,8,117
587144,587261,587269,8,117
587144,587262,587271,9,118
587144,587260,587271,11,116
587144,587264,587272,8,120
587144,587260,587272,12,116
587144,587265,587272,7,121
587144,587261,587272,11,117
587144,587265,587272,7,121
587144,587262,587274,12,118
587144,587261,587274,13,117
587144,587263,587275,12,119
587144,587269,587275,6,125
587144,587263,587275,12,119
587144,587264,587275,11,120
587144,587269,587275,6,125
587144,587266,587276,10,122
587144,587272,587277,5,128
587144,587272,587277,5,128
587144,587272,587278,6,128
587144,587271,587277,6,127
587144,587272,587279,7,128
587144,587275,587279,4,131
587144,587276,587279,3,132
587144,587275,587279,4,131
587144,587274,587280,6,130
587144,587275,587280,5,131
587144,587277,587279,2,133
587144,587278,587280,2,134
587144,587274,587281,7,130
587144,587271,587280,9,127
587144,587275,587281,6,131
587144,587273,587280,7,129
587144,587277,587280,3,133
587144,587279,587281,2,135
587144,587275,587281,6,131
587144,587278,587280,2,134
587144,587279,587282,3,135
587144,587281,587283,2,137
587144,587280,587283,3,136
587144,587279,587282,3,135
587144,587281,587282,1,137
587144,587281,587283,2,137
587144,587279,587282,3,135
587144,587281,587283,2,137
587144,587280,587283,3,136
587147,587281,587284,3,134
587144,587281,587284,3,137
587144,587281,587283,2,137
587144,587281,587283,2,137
587147,587282,587284,2,135
587144,587281,587283,2,137
587147,587283,587285,2,136
587147,587283,587284,1,136
587147,587283,587285,2,136
587147,587283,587285,2,136
587147,587283,587285,2,136
587147,587283,587286,3,136
587147,587283,587287,4,136
587147,587283,587289,6,136
587147,587284,587293,9,137
587147,587285,587295,10,138
587147,587286,587296,10,139
587147,587284,587296,12,137
587147,587284,587296,12,137
587147,587287,587297,10,140
587147,587284,587296,12,137
587147,587284,587297,13,137
587147,587285,587296,11,138
587147,587286,587298,12,139
587147,587284,587298,14,137
587147,587286,587297,11,139
587147,587287,587297,10,140
587147,587297,587300,3,150
587147,587289,587300,11,142
587147,587296,587301,5,149
587147,587295,587301,6,148
587147,587296,587300,4,149
587147,587297,587302,5,150
587147,587296,587301,5,149
587147,587297,587301,4,150
587147,587297,587301,4,150
587147,587298,587303,5,151
587147,587298,587303,5,151
587147,587293,587303,10,146
587147,587298,587304,6,151
587147,587298,587306,8,151
587147,587300,587307,7,153
587147,587301,587307,6,154
587147,587300,587308,8,153
587147,587302,587308,6,155
587147,587303,587308,5,156
587147,587303,587309,6,156
587147,587304,587309,5,157
587147,587303,587309,6,156
587147,587302,587309,7,155
587147,587302,587308,6,155
587147,587301,587310,9,154
587147,587304,587310,6,157
587147,587301,587310,9,154
587147,587309,587310,1,162
586710,586817,587311,494,107
587147,587309,587312,3,162
587147,587308,587312,4,161
587147,587309,587311,2,162
587147,587309,587312,3,162
587147,587307,587312,5,160
587147,587308,587312,4,161
587147,587307,587312,5,160
587147,587309,587312,3,162
587147,587308,587313,5,161
587147,587306,587312,6,159
587147,587310,587312,2,163
587147,587310,587313,3,163
587147,587312,587314,2,165
587147,587312,587314,2,165
587147,587312,587314,2,165
587147,587311,587315,4,164
587147,587312,587315,3,165
587147,587311,587314,3,164
587147,587312,587314,2,165
587147,587312,587315,3,165
587147,587311,587314,3,164
587147,587312,587315,3,165
587147,587312,587315,3,165
587147,587313,587315,2,166
587238,587314,587316,2,76
587238,587314,587317,3,76
587238,587314,587316,2,76
587238,587314,587318,4,76
587238,587315,587318,3,77
587238,587315,587318,3,77
587238,587315,587319,4,77
587238,587315,587318,3,77
587238,587315,587318,3,77
587238,587315,587324,9,77
587238,587316,587326,10,78
587238,587317,587327,10,79
587238,587316,587327,11,78
587238,587316,587328,12,78
587238,587316,587329,13,78
587238,587319,587329,10,81
587238,587317,587329,12,79
587238,587319,587330,11,81
587238,587315,587329,14,77
587238,587318,587330,12,80
587238,587319,587330,11,81
587238,587318,587330,12,80
587238,587319,587332,13,81
587238,587326,587336,10,88
587238,587324,587336,12,86
587238,587329,587336,7,91
587238,587327,587337,10,89
587238,587327,587338,11,89
587238,587329,587337,8,91
587238,587329,587339,10,91
587238,587328,587339,11,90
587238,587330,587339,9,92
587238,587330,587340,10,92
587238,587330,587342,12,92
587238,587331,587342,11,93
587238,587333,587343,10,95
587238,587330,587343,13,92
587238,587336,587345,9,98
587238,587339,587345,6,101
587238,587339,587345,6,101
587238,587339,587345,6,101
587238,587340,587346,6,102
587238,587340,587346,6,102
587238,587337,587346,9,99
587238,587336,587346,10,98
586727,586858,587347,489,131
587238,587336,587347,11,98
587238,587346,587348,2,108
587238,587338,587347,9,100
587238,587346,587347,1,108
587238,587346,587348,2,108
587238,587343,587349,6,105
587238,587345,587349,4,107
587238,587342,587349,7,104
587238,587345,587348,3,107
587238,587347,587349,2,109
587238,587342,587350,8,104
587238,587347,587350,3,109
587238,587345,587350,5,107
587238,587345,587350,5,107
587238,587347,587351,4,109
587238,587348,587351,3,110
587238,587348,587351,3,110
587238,587343,587350,7,105
587238,587348,587351,3,110
587238,587349,587352,3,111
587238,587349,587352,3,111
587238,587349,587352,3,111
587238,587350,587352,2,112
587238,587349,587351,2,111
587238,587349,587351,2,111
587238,587348,587351,3,110
587238,587350,587353,3,112
587312,587351,587353,2,39
587238,587351,587353,2,113
587238,587350,587352,2,112
587238,587350,587352,2,112
587312,587351,587354,3,39
587312,587352,587354,2,40
587312,587352,587354,2,40
587312,587352,587355,3,40
587312,587352,587354,2,40
587312,587352,587354,2,40
587312,587352,587354,2,40
587312,587352,587354,2,40
587312,587352,587357,5,40
587312,587357,587363,6,45
587312,587355,587363,8,43
587312,587353,587363,10,41
587312,587354,587363,9,42
587312,587354,587364,10,42
587312,587353,587365,12,41
587312,587353,587365,12,41
587312,587354,587366,12,42
587312,587355,587365,10,43
587312,587353,587366,13,41
587312,587355,587366,11,43
587312,587363,587367,4,51
587312,587353,587366,13,41
587312,587355,587366,11,43
587312,587363,587366,3,51
587312,587355,587366,11,43
587312,587363,587368,5,51
586728,586858,587367,509,130
587312,587364,587369,5,52
587312,587364,587368,4,52
587312,587365,587369,4,53
587312,587365,587369,4,53
587312,587367,587370,3,55
587312,587366,587370,4,54
587312,587366,587370,4,54
587312,587366,587371,5,54
587312,587366,587370,4,54
587312,587367,587373,6,55
587312,587367,587373,6,55
587312,587367,587374,7,55
587312,587369,587374,5,57
587312,587369,587374,5,57
587312,587369,587374,5,57
587312,587370,587374,4,58
587312,587370,587376,6,58
587312,587368,587376,8,56
587312,587370,587375,5,58
587312,587368,587375,7,56
587312,587371,587375,4,59
587312,587371,587377,6,59
587312,587368,587377,9,56
587312,587375,587377,2,63
587312,587373,587378,5,61
587312,587374,587378,4,62
587312,587374,587377,3,62
587312,587376,587379,3,64
587312,587373,587378,5,61
587312,587369,587378,9,57
587312,587374,587378,4,62
587312,587376,587379,3,64
587312,587377,587380,3,65
587312,587374,587379,5,62
587312,587376,587379,3,64
587312,587377,587380,3,65
587312,587377,587379,2,65
587312,587377,587380,3,65
587312,587378,587380,2,66
587312,587377,587379,2,65
587312,587379,587381,2,67
587312,587378,587381,3,66
586772,586880,587381,501,108
587312,587379,587382,3,67
587312,587380,587382,2,68
587312,587379,587382,3,67
587312,587380,587381,1,68
587347,587381,587382,1,34
587347,587380,587381,1,33
587312,587379,587382,3,67
587312,587379,587381,2,67
587347,587381,587383,2,34
587347,587380,587382,2,33
587347,587380,587382,2,33
587347,587380,587382,2,33
587347,587380,587382,2,33
587347,587381,587384,3,34
587347,587381,587383,2,34
587347,587382,587385,3,35
587347,587382,587390,8,35
587347,587385,587390,5,38
587347,587384,587391,7,37
587347,587382,587391,9,35
587347,587382,587392,10,35
587347,587384,587393,9,37
587347,587382,587393,11,35
587347,587382,587392,10,35
587347,587382,587393,11,35
587347,587392,587394,2,45
587347,587390,587394,4,43
587347,587384,587394,10,37
587347,587384,587395,11,37
587347,587384,587395,11,37
587347,587390,587395,5,43
587347,587383,587395,12,36
587347,587391,587395,4,44
587347,587392,587395,3,45
587347,587384,587395,11,37
586806,586902,587395,493,96
587347,587394,587397,3,47
587347,587382,587396,14,35
587347,587393,587397,4,46
587347,587393,587397,4,46
587347,587393,587397,4,46
587347,587394,587397,3,47
587347,587394,587397,3,47
587347,587394,587398,4,47
587347,587395,587400,5,48
587347,587395,587401,6,48
587347,587397,587401,4,50
587347,587395,587402,7,48
587347,587397,587402,5,50
587347,587395,587402,7,48
587347,587395,587402,7,48
587347,587397,587402,5,50
587347,587397,587402,5,50
587347,587395,587403,8,48
587347,587397,587402,5,50
587347,587396,587402,6,49
587347,587397,587403,6,50
587347,587397,587403,6,50
587347,587398,587403,5,51
587347,587402,587405,3,55
587347,587401,587405,4,54
587347,587402,587405,3,55
587347,587400,587405,5,53
587347,587402,587404,2,55
587347,587399,587405,6,52
587347,587401,587406,5,54
587347,587402,587406,4,55
587347,587403,587406,3,56
587347,587402,587406,4,55
587347,587403,587407,4,56
587347,587402,587407,5,55
587347,587403,587406,3,56
587347,587404,587407,3,57
587347,587404,587407,3,57
587347,587405,587408,3,58
587347,587405,587408,3,58
587368,587406,587408,2,38
587347,587404,587407,3,57
587368,587406,587408,2,38
587347,587405,587408,3,58
587347,587405,587407,2,58
587347,587406,587407,1,59
586815,586925,587409,484,110
587347,587405,587408,3,58
587347,587406,587408,2,59
587368,587407,587410,3,39
587368,587407,587409,2,39
587368,587407,587409,2,39
587368,587407,587409,2,39
587368,587407,587409,2,39
587368,587408,587409,1,40
587368,587408,587411,3,40
587368,587408,587413,5,40
587368,587411,587415,4,43
587368,587408,587416,8,40
587368,587413,587417,4,45
587368,587410,587418,8,42
587368,587408,587419,11,40
587368,587409,587419,10,41
587368,587410,587420,10,42
587368,587410,587420,10,42
587368,587408,587420,12,40
587368,587408,587419,11,40
587368,587419,587421,2,51
587368,587417,587421,4,49
587368,587415,587420,5,47
587368,587410,587421,11,42
587368,587408,587420,12,40
587368,587417,587421,4,49
587368,587409,587421,12,41
587368,587418,587422,4,50
587368,587410,587422,12,42
587368,587409,587422,13,41
587368,587410,587422,12,42
587368,587421,587423,2,53
587368,587420,587423,3,52
587368,587420,587424,4,52
587368,587419,587423,4,51
587368,587420,587423,3,52
587368,587422,587427,5,54
587368,587421,587427,6,53
587368,587422,587428,6,54
587368,587421,587429,8,53
587368,587422,587429,7,54
587368,587423,587429,6,55
587368,587421,587429,8,53
587368,587423,587429,6,55
587368,587423,587429,6,55
587368,587424,587429,5,56
587368,587422,587429,7,54
587368,587424,587429,5,56
587368,587424,587430,6,56
587368,587422,587430,8,54
587368,587425,587430,5,57
587368,587424,587430,6,56
587368,587428,587432,4,60
587368,587428,587432,4,60
587368,587429,587433,4,61
587368,587429,587433,4,61
587368,587429,587433,4,61
587368,587429,587434,5,61
587368,587430,587434,4,62
587368,587432,587434,2,64
587368,587429,587434,5,61
587368,587430,587433,3,62
587368,587432,587434,2,64
587368,587429,587434,5,61
587368,587428,587433,5,60
587368,587431,587435,4,63
587368,587431,587435,4,63
587368,587430,587434,4,62
587368,587431,587434,3,63
587368,587431,587435,4,63
587382,587434,587436,2,52
587368,587434,587436,2,66
587368,587433,587436,3,65
587382,587434,587436,2,52
587382,587434,587437,3,52
587368,587433,587436,3,65
587368,587433,587436,3,65
587382,587434,587437,3,52
587382,587434,587436,2,52
587368,587434,587436,2,66
587382,587435,587438,3,53
587382,587435,587438,3,53
587382,587435,587437,2,53
587382,587435,587437,2,53
587382,587435,587440,5,53
586854,586953,587442,489,99
587382,587436,587444,8,54
587382,587440,587444,4,58
587382,587442,587446,4,60
587382,587436,587447,11,54
587382,587438,587446,8,56
587382,587444,587447,3,62
587382,587438,587447,9,56
587382,587436,587448,12,54
587382,587437,587448,11,55
587382,587437,587448,11,55
587382,587436,587448,12,54
587382,587437,587449,12,55
587382,587444,587449,5,62
587382,587437,587449,12,55
587382,587437,587449,12,55
587382,587438,587448,10,56
587382,587437,587449,12,55
587382,587447,587450,3,65
587382,587438,587449,11,56
587382,587448,587451,3,66
587382,587447,587452,5,65
587382,587447,587452,5,65
587382,587446,587451,5,64
587382,587447,587451,4,65
587382,587448,587451,3,66
587382,587448,587455,7,66
587382,587449,587455,6,67
587382,587453,587455,2,71
587382,587449,587456,7,67
587382,587452,587456,4,70
587382,587450,587456,6,68
587382,587448,587456,8,66
587382,587449,587456,7,67
587382,587452,587457,5,70
587382,587453,587457,4,71
587382,587450,587456,6,68
587382,587449,587457,8,67
587382,587452,587457,5,70
587382,587451,587457,6,69
587382,587449,587457,8,67
587382,587450,587457,7,68
587382,587455,587459,4,73
587382,587455,587459,4,73
587382,587455,587460,5,73
587382,587456,587459,3,74
587382,587456,587460,4,74
587382,587456,587460,4,74
587382,587457,587460,3,75
587382,587456,587460,4,74
587382,587457,587461,4,75
587382,587458,587461,3,76
587382,587458,587461,3,76
587382,587459,587462,3,77
587382,587458,587462,4,76
587032,587089,587462,373,57
587382,587459,587461,2,77
587382,587460,587461,1,78
587382,587457,587462,5,75
587382,587458,587461,3,76
587382,587458,587461,3,76
587382,587460,587462,2,78
587382,587460,587462,2,78
587382,587457,587462,5,75
587382,587460,587463,3,78
587382,587460,587462,2,78
587382,587460,587462,2,78
587397,587462,587464,2,65
587397,587462,587463,1,65
587397,587462,587463,1,65
587397,587462,587463,1,65
587397,587461,587463,2,64
587397,587461,587463,2,64
587397,587462,587464,2,65
587397,587462,587465,3,65
587397,587462,587465,3,65
587397,587462,587466,4,65
586895,586976,587468,492,81
587397,587466,587471,5,69
587397,587466,587471,5,69
587397,587462,587472,10,65
587397,587466,587473,7,69
587397,587468,587474,6,71
587397,587465,587474,9,68
587397,587463,587473,10,66
587397,587463,587474,11,66
587397,587464,587475,11,67
587397,587465,587475,10,68
587397,587465,587474,9,68
587397,587465,587475,10,68
587397,587465,587475,10,68
587397,587463,587475,12,66
587397,587463,587475,12,66
587397,587471,587475,4,74
587397,587463,587475,12,66
587397,587472,587476,4,75
587397,587465,587475,10,68
587397,587471,587475,4,74
587397,587474,587477,3,77
587397,587474,587478,4,77
587397,587473,587477,4,76
587397,587474,587479,5,77
587397,587477,587481,4,80
587397,587475,587481,6,78
587397,587477,587482,5,80
587397,587478,587482,4,81
587397,587474,587482,8,77
587397,587475,587481,6,78
587397,587475,587482,7,78
587397,587476,587482,6,79
587397,587476,587482,6,79
587397,587475,587483,8,78
587397,587476,587483,7,79
587397,587475,587483,8,78
587397,587478,587482,4,81
587397,587479,587482,3,82
587397,587477,587483,6,80
587397,587481,587484,3,84
587397,587476,587483,7,79
587397,587476,587483,7,79
587397,587482,587485,3,85
587397,587482,587486,4,85
587397,587482,587485,3,85
587397,587485,587486,1,88
587397,587483,587486,3,86
587397,587482,587486,4,85
587397,587483,587486,3,86
587397,587483,587487,4,86
587397,587484,587487,3,87
587397,587484,587486,2,87
587397,587483,587487,4,86
587397,587481,587487,6,84
587397,587482,587487,5,85
587397,587484,587486,2,87
587397,587486,587488,2,89
587397,587484,587487,3,87
587397,587482,587487,5,85
587397,587482,587487,5,85
587397,587483,587487,4,86
587397,587486,587488,2,89
587421,587487,587489,2,66
587421,587487,587489,2,66
587397,587486,587489,3,89
587397,587486,587488,2,89
587421,587487,587490,3,66
587397,587486,587489,3,89
587421,587487,587490,3,66
587421,587487,587489,2,66
587421,587488,587489,1,67
587421,587487,587489,2,66
587421,587487,587490,3,66
587421,587488,587491,3,67
587421,587488,587494,6,67
586916,586999,587496,497,83
587421,587489,587498,9,68
587421,587492,587499,7,71
587421,587489,587499,10,68
587421,587489,587500,11,68
587421,587489,587500,11,68
587421,587494,587501,7,73
587421,587491,587501,10,70
587421,587490,587500,10,69
587421,587490,587500,10,69
587421,587490,587501,11,69
587421,587490,587501,11,69
587421,587496,587502,6,75
587421,587490,587502,12,69
587421,587490,587501,11,69
587421,587489,587502,13,68
587421,587500,587503,3,79
587421,587500,587504,4,79
587421,587489,587504,15,68
587421,587498,587503,5,77
587421,587499,587505,6,78
587421,587491,587505,14,70
587421,587501,587506,5,80
587421,587500,587505,5,79
587421,587501,587508,7,80
587421,587504,587508,4,83
587421,587505,587509,4,84
587421,587501,587508,7,80
587421,587503,587509,6,82
587421,587503,587509,6,82
587421,587501,587509,8,80
587421,587502,587509,7,81
587421,587504,587509,5,83
587421,587506,587510,4,85
587421,587506,587510,4,85
587421,587501,587510,9,80
587421,587502,587510,8,81
587421,587502,587509,7,81
587421,587504,587510,6,83
587421,587502,587510,8,81
587421,587506,587510,4,85
587421,587508,587510,2,87
587421,587509,587513,4,88
587421,587510,587513,3,89
587421,587509,587513,4,88
587421,587509,587512,3,88
587421,587509,587513,4,88
587421,587508,587513,5,87
587421,587510,587513,3,89
587421,587510,587513,3,89
587421,587509,587514,5,88
587073,587156,587514,358,83
587421,587511,587514,3,90
587421,587511,587513,2,90
587421,587510,587513,3,89
587421,587510,587514,4,89
587421,587513,587515,2,92
587421,587509,587515,6,88
587421,587510,587514,4,89
587421,587511,587514,3,90
587421,587513,587515,2,92
587421,587513,587514,1,92
587421,587513,587514,1,92
587421,587513,587515,2,92
587421,587510,587516,6,89
587448,587514,587516,2,66
587421,587513,587516,3,92
587448,587514,587515,1,66
587448,587515,587517,2,67
587448,587514,587517,3,66
587421,587513,587516,3,92
587448,587514,587517,3,66
587448,587514,587516,2,66
587448,587515,587517,2,67
587448,587515,587518,3,67
587448,587515,587520,5,67
587448,587515,587519,4,67
587448,587515,587526,11,67
587448,587520,587527,7,72
587448,587515,587526,11,67
587448,587516,587526,10,68
587448,587516,587527,11,68
587448,587517,587527,10,69
587448,587520,587527,7,72
587448,587516,587527,11,68
587448,587517,587528,11,69
587448,587517,587528,11,69
587448,587515,587528,13,67
587448,587517,587529,12,69
587448,587517,587528,11,69
587448,587518,587530,12,70
587448,587526,587530,4,78
587448,587516,587529,13,68
587448,587518,587529,11,70
587448,587520,587531,11,72
587448,587527,587530,3,79
587448,587527,587531,4,79
587448,587527,587531,4,79
587448,587527,587533,6,79
587448,587531,587534,3,83
587448,587527,587535,8,79
587448,587531,587535,4,83
587448,587530,587535,5,82
587448,587531,587534,3,83
587448,587531,587535,4,83
587448,587527,587536,9,79
587448,587528,587536,8,80
587448,587528,587536,8,80
587448,587530,587537,7,82
587448,587530,587537,7,82
587448,587528,587536,8,80
587448,587533,587536,3,85
587448,587534,587536,2,86
587448,587535,587537,2,87
587448,587527,587538,11,79
587448,587530,587538,8,82
587448,587529,587537,8,81
587448,587535,587539,4,87
587448,587529,587539,10,81
587448,587535,587539,4,87
587448,587535,587539,4,87
587448,587537,587540,3,89
587448,587535,587540,5,87
587448,587537,587540,3,89
587448,587536,587540,4,88
587448,587538,587541,3,90
587448,587537,587541,4,89
587448,587538,587541,3,90
587448,587536,587540,4,88
587448,587537,587540,3,89
587448,587539,587540,1,91
587448,587540,587542,2,92
587448,587536,587541,5,88
587448,587539,587542,3,91
587448,587537,587541,4,89
587448,587538,587541,3,90
587448,587539,587542,3,91
586954,587032,587541,509,78
587448,587540,587542,2,92
587448,587540,587541,1,92
587448,587540,587543,3,92
587448,587540,587543,3,92
587448,587537,587542,5,89
587462,587542,587543,1,80
587462,587542,587543,1,80
587462,587542,587543,1,80
587462,587541,587543,2,79
587462,587541,587543,2,79
587462,587541,587543,2,79
587462,587542,587545,3,80
587462,587542,587545,3,80
587462,587542,587545,3,80
587462,587542,587547,5,80
587462,587545,587550,5,83
587462,587547,587551,4,85
587462,587542,587553,11,80
587462,587543,587553,10,81
587462,587544,587553,9,82
587462,587550,587554,4,88
587462,587542,587554,12,80
587462,587542,587555,13,80
587462,587545,587555,10,83
587462,587544,587555,11,82
587462,587544,587554,10,82
587462,587545,587554,9,83
587462,587551,587554,3,89
587462,587543,587556,13,81
587462,587543,587555,12,81
587462,587545,587556,11,83
587462,587544,587555,11,82
587462,587553,587556,3,91
587462,587545,587556,11,83
587462,587543,587557,14,81
586969,587058,587556,498,89
587462,587553,587558,5,91
587462,587553,587558,5,91
587462,587555,587558,3,93
587462,587554,587558,4,92
587462,587555,587559,4,93
587462,587555,587559,4,93
587462,587555,587559,4,93
587462,587555,587558,3,93
587462,587555,587560,5,93
587462,587554,587559,5,92
587462,587556,587559,3,94
587462,587556,587560,4,94
587462,587558,587561,3,96
587462,587556,587561,5,94
587462,587556,587561,5,94
587462,587558,587562,4,96
587462,587557,587562,5,95
587462,587557,587562,5,95
587462,587559,587563,4,97
587462,587559,587563,4,97
587462,587559,587562,3,97
587462,587559,587563,4,97
587462,587559,587562,3,97
587462,587558,587563,5,96
587462,587561,587563,2,99
587462,587556,587564,8,94
587462,587556,587563,7,94
587462,587561,587564,3,99
587462,587560,587564,4,98
587462,587562,587565,3,100
587462,587560,587564,4,98
587462,587562,587565,3,100
587462,587560,587564,4,98
587462,587563,587564,1,101
587462,587563,587566,3,101
587462,587563,587566,3,101
587462,587563,587566,3,101
587462,587561,587566,5,99
587462,587563,587565,2,101
587462,587562,587565,3,100
587462,587563,587565,2,101
587462,587563,587565,2,101
587462,587564,587565,1,102
587462,587564,587567,3,102
587474,587565,587568,3,91
587474,587565,587568,3,91
587474,587565,587568,3,91
587474,587564,587567,3,90
587474,587565,587568,3,91
587462,587560,587567,7,98
587474,587566,587567,1,92
587474,587565,587568,3,91
587474,587566,587568,2,92
587474,587566,587570,4,92
587474,587566,587572,6,92
587474,587566,587577,11,92
587474,587566,587578,12,92
587474,587566,587578,12,92
587474,587568,587579,11,94
587474,587568,587579,11,94
587474,587568,587579,11,94
587474,587568,587578,10,94
587474,587566,587580,14,92
587474,587566,587579,13,92
587474,587568,587579,11,94
587474,587568,587580,12,94
587474,587568,587581,13,94
587474,587567,587581,14,93
587474,587570,587580,10,96
587474,587569,587581,12,95
587474,587577,587583,6,103
587474,587569,587583,14,95
587474,587578,587583,5,104
587474,587572,587584,12,98
587474,587578,587585,7,104
587474,587580,587587,7,106
587474,587579,587587,8,105
587474,587583,587587,4,109
587474,587583,587588,5,109
587474,587580,587587,7,106
587474,587583,587588,5,109
587474,587585,587589,4,111
587474,587581,587589,8,107
587474,587581,587588,7,107
587474,587580,587588,8,106
587474,587584,587589,5,110
587474,587582,587590,8,108
587474,587580,587589,9,106
587474,587581,587590,9,107
587474,587587,587590,3,113
587474,587580,587589,9,106
587474,587581,587591,10,107
587474,587580,587591,11,106
587474,587588,587591,3,114
587474,587588,587591,3,114
587474,587587,587591,4,113
587474,587590,587593,3,116
587474,587589,587593,4,115
587474,587588,587593,5,114
587474,587589,587592,3,115
587474,587590,587594,4,116
587474,587590,587593,3,116
587474,587591,587594,3,117
587474,587588,587594,6,114
587474,587591,587594,3,117
587474,587591,587593,2,117
587474,587590,587595,5,116
587474,587591,587594,3,117
587474,587589,587595,6,115
587139,587247,587595,348,108
587474,587593,587594,1,119
587474,587590,587594,4,116
587474,587590,587594,4,116
587474,587593,587596,3,119
587474,587593,587595,2,119
587474,587589,587595,6,115
587474,587593,587595,2,119
587474,587594,587597,3,120
587474,587594,587597,3,120
587502,587595,587597,2,93
587474,587594,587597,3,120
587502,587595,587597,2,93
587474,587591,587596,5,117
587502,587595,587596,1,93
587502,587595,587598,3,93
587502,587594,587598,4,92
587502,587595,587597,2,93
587502,587595,587597,2,93
587502,587595,587598,3,93
587502,587595,587600,5,93
587502,587596,587602,6,94
587502,587596,587604,8,94
587502,587597,587608,11,95
587502,587596,587608,12,94
587502,587596,587608,12,94
587502,587597,587609,12,95
587502,587598,587608,10,96
587502,587597,587610,13,95
587502,587597,587610,13,95
587502,587598,587609,11,96
587502,587597,587610,13,95
587502,587598,587610,12,96
587502,587599,587611,12,97
587502,587597,587611,14,95
587502,587598,587611,13,96
587502,587598,587610,12,96
587502,587600,587614,14,98
587502,587604,587615,11,102
587502,587602,587615,13,100
587502,587610,587617,7,108
587502,587615,587618,3,113
587502,587610,587618,8,108
587502,587610,587618,8,108
587502,587611,587618,7,109
587502,587615,587618,3,113
587502,587610,587619,9,108
587502,587614,587619,5,112
587502,587611,587619,8,109
587502,587608,587618,10,106
587502,587608,587620,12,106
587502,587610,587619,9,108
587502,587618,587621,3,116
587502,587609,587621,12,107
587502,587610,587621,11,108
587502,587611,587620,9,109
587502,587617,587621,4,115
587502,587611,587620,9,109
587502,587618,587621,3,116
587046,587125,587622,497,79
587502,587609,587621,12,107
587502,587618,587622,4,116
587502,587618,587621,3,116
587502,587619,587623,4,117
587502,587619,587622,3,117
587502,587619,587623,4,117
587502,587621,587624,3,119
587502,587621,587624,3,119
587502,587619,587624,5,117
587502,587622,587624,2,120
587502,587620,587624,4,118
587502,587622,587625,3,120
587502,587621,587625,4,119
587502,587619,587625,6,117
587502,587622,587624,2,120
587502,587622,587625,3,120
587502,587621,587624,3,119
587502,587621,587624,3,119
587502,587623,587625,2,121
587502,587624,587626,2,122
587502,587623,587626,3,121
587502,587621,587625,4,119
587502,587621,587625,4,119
587502,587621,587625,4,119
587502,587624,587626,2,122
587502,587624,587625,1,122
587514,587625,587627,2,111
587502,587624,587627,3,122
587514,587625,587627,2,111
587514,587625,587627,2,111
587514,587625,587626,1,111
587514,587625,587627,2,111
587514,587625,587627,2,111
587502,587624,587627,3,122
587514,587626,587627,1,112
587514,587626,587627,1,112
587514,587625,587627,2,111
587514,587626,587630,4,112
587514,587628,587631,3,114
587514,587630,587632,2,116
587514,587628,587633,5,114
587514,587626,587633,7,112
587138,587247,587634,387,109
587514,587628,587634,6,114
587514,587626,587634,8,112
587514,587632,587635,3,118
587514,587633,587635,2,119
587514,587632,587635,3,118
587514,587634,587635,1,120
587514,587633,587636,3,119
587514,587634,587637,3,120
587514,587626,587637,11,112
587514,587626,587636,10,112
587514,587627,587636,9,113
587514,587627,587638,11,113
587514,587626,587638,12,112
587514,587628,587637,9,114
587514,587627,587637,10,113
587514,587635,587639,4,121
587514,587627,587639,12,113
587514,587636,587639,3,122
587514,587628,587638,10,114
587514,587634,587638,4,120
587514,587637,587640,3,123
587514,587627,587640,13,113
587514,587637,587640,3,123
587514,587637,587639,2,123
587514,587636,587641,5,122
587514,587635,587641,6,121
587514,587638,587641,3,124
587514,587636,587640,4,122
587514,587638,587641,3,124
587514,587637,587640,3,123
587514,587628,587641,13,114
587514,587638,587642,4,124
587514,587639,587642,3,125
587514,587638,587642,4,124
587514,587640,587643,3,126
587514,587639,587643,4,125
587514,587639,587644,5,125
587514,587640,587644,4,126
587514,587640,587644,4,126
587514,587639,587643,4,125
587514,587640,587643,3,126
587514,587639,587644,5,125
587514,587641,587644,3,127
587514,587642,587644,2,128
587514,587643,587645,2,129
587514,587642,587645,3,128
587514,587641,587644,3,127
587514,587642,587645,3,128
587514,587641,587644,3,127
587514,587641,587646,5,127
587514,587641,587645,4,127
587514,587644,587646,2,130
587514,587641,587645,4,127
587514,587644,587645,1,130
587514,587642,587646,4,128
587514,587644,587647,3,130
587514,587644,587647,3,130
587514,587645,587647,2,131
587514,587644,587646,2,130
587543,587645,587648,3,102
587514,587645,587648,3,131
587543,587645,587647,2,102
587514,587644,587647,3,130
587543,587645,587649,4,102
587543,587646,587649,3,103
587543,587645,587648,3,102
587543,587645,587648,3,102
587543,587646,587649,3,103
587543,587646,587650,4,103
587543,587646,587650,4,103
587543,587647,587652,5,104
587543,587647,587658,11,104
587543,587647,587658,11,104
587543,587647,587659,12,104
587543,587648,587659,11,105
587543,587648,587659,11,105
587543,587649,587659,10,106
587543,587647,587659,12,104
587543,587650,587659,9,107
587543,587648,587660,12,105
587543,587647,587659,12,104
587543,587649,587661,12,106
587543,587649,587661,12,106
587543,587650,587660,10,107
587543,587652,587662,10,109
587543,587649,587662,13,106
587543,587652,587663,11,109
587543,587648,587663,15,105
587543,587661,587668,7,118
587543,587662,587668,6,119
587543,587658,587668,10,115
587543,587659,587668,9,116
587543,587659,587669,10,116
587543,587659,587668,9,116
587543,587664,587669,5,121
587543,587660,587670,10,117
587543,587659,587669,10,116
587543,587668,587670,2,125
587543,587660,587670,10,117
587543,587659,587669,10,116
587543,587662,587671,9,119
587543,587661,587671,10,118
587543,587659,587671,12,116
587543,587668,587671,3,125
587543,587658,587670,12,115
587543,587669,587672,3,126
587543,587662,587672,10,119
587543,587669,587673,4,126
587543,587663,587673,10,120
587543,587668,587673,5,125
587543,587670,587673,3,127
587543,587669,587673,4,126
587543,587670,587674,4,127
587543,587671,587675,4,128
587543,587672,587675,3,129
587543,587670,587674,4,127
587543,587673,587675,2,130
587543,587672,587675,3,129
587543,587671,587675,4,128
587543,587669,587675,6,126
587543,587670,587674,4,127
587543,587673,587675,2,130
587543,587670,587674,4,127
587543,587673,587674,1,130
587543,587673,587676,3,130
587543,587671,587675,4,128
587543,587671,587676,5,128
587543,587672,587676,4,129
587543,587673,587675,2,130
587543,587675,587677,2,132
587558,587675,587677,2,117
587543,587674,587676,2,131
587543,587675,587676,1,132
587558,587675,587678,3,117
587543,587675,587678,3,132
587558,587675,587677,2,117
587543,587675,587678,3,132
587543,587675,587677,2,132
587543,587675,587677,2,132
587558,587676,587679,3,118
587558,587676,587679,3,118
587558,587675,587678,3,117
587558,587676,587679,3,118
587558,587676,587680,4,118
587103,587185,587679,494,82
587558,587676,587681,5,118
587558,587677,587682,5,119
587558,587677,587687,10,119
587558,587677,587687,10,119
587558,587677,587688,11,119
587558,587678,587689,11,120
587558,587679,587690,11,121
587558,587678,587690,12,120
587558,587678,587690,12,120
587558,587680,587690,10,122
587558,587679,587691,12,121
587558,587679,587690,11,121
587558,587680,587691,11,122
587558,587688,587691,3,130
587558,587678,587690,12,120
587558,587681,587691,10,123
587558,587678,587691,13,120
587558,587678,587692,14,120
587558,587687,587692,5,129
587558,587689,587692,3,131
587558,587682,587691,9,124
587558,587679,587691,12,121
587558,587687,587692,5,129
587558,587690,587694,4,132
587558,587690,587695,5,132
587558,587690,587696,6,132
587558,587691,587696,5,133
587558,587692,587697,5,134
587558,587693,587698,5,135
587558,587692,587698,6,134
587558,587691,587697,6,133
587558,587691,587699,8,133
587558,587692,587699,7,134
587558,587691,587698,7,133
587558,587691,587699,8,133
587558,587692,587699,7,134
587558,587692,587698,6,134
587558,587692,587700,8,134
587558,587691,587699,8,133
587558,587695,587699,4,137
587558,587691,587701,10,133
587558,587696,587701,5,138
587558,587698,587701,3,140
587558,587696,587700,4,138
587558,587697,587702,5,139
587558,587698,587701,3,140
587558,587699,587702,3,141
587558,587701,587703,2,143
587558,587695,587702,7,137
587558,587700,587703,3,142
587558,587699,587703,4,141
587558,587699,587703,4,141
587558,587700,587703,3,142
587558,587701,587702,1,143
587558,587702,587703,1,144
587558,587701,587704,3,143
587558,587698,587703,5,140
587558,587701,587704,3,143
587558,587702,587704,2,144
587558,587699,587704,5,141
587558,587701,587703,2,143
587558,587699,587703,4,141
587558,587701,587703,2,143
587596,587703,587705,2,107
587596,587703,587705,2,107
587558,587703,587705,2,145
587596,587703,587705,2,107
587596,587703,587705,2,107
587558,587703,587705,2,145
587558,587703,587705,2,145
587596,587704,587706,2,108
587558,587703,587705,2,145
587596,587704,587706,2,108
587596,587704,587705,1,108
587596,587704,587707,3,108
587596,587704,587706,2,108
587596,587704,587708,4,108
587596,587704,587711,7,108
587596,587708,587712,4,112
587596,587707,587712,5,111
587596,587705,587713,8,109
587596,587706,587714,8,110
587596,587707,587714,7,111
587596,587705,587715,10,109
587596,587712,587715,3,116
587238,587351,587715,364,113
587596,587705,587715,10,109
587596,587712,587715,3,116
587596,587706,587715,9,110
587596,587706,587716,10,110
587596,587713,587716,3,117
587596,587706,587716,10,110
587596,587714,587715,1,118
587596,587705,587717,12,109
587596,587711,587716,5,115
587596,587706,587717,11,110
587596,587705,587716,11,109
587596,587706,587716,10,110
587596,587714,587718,4,118
587596,587706,587717,11,110
587596,587715,587717,2,119
587596,587716,587718,2,120
587596,587715,587719,4,119
587596,587717,587719,2,121
587596,587715,587718,3,119
587596,587716,587718,2,120
587596,587715,587719,4,119
587596,587716,587718,2,120
587596,587716,587719,3,120
587596,587716,587720,4,120
587596,587717,587720,3,121
587596,587717,587721,4,121
587596,587717,587721,4,121
587596,587717,587721,4,121
587596,587717,587722,5,121
587596,587719,587722,3,123
587596,587719,587722,3,123
587596,587720,587723,3,124
587596,587719,587723,4,123
587596,587719,587722,3,123
587596,587719,587724,5,123
587596,587718,587724,6,122
587596,587718,587723,5,122
587596,587721,587724,3,125
587596,587718,587724,6,122
587596,587720,587723,3,124
587596,587718,587723,5,122
587596,587719,587723,4,123
587596,587722,587725,3,126
587596,587722,587725,3,126
587596,587722,587725,3,126
587596,587721,587725,4,125
587596,587723,587724,1,127
587596,587724,587726,2,128
587596,587721,587725,4,125
587596,587723,587726,3,127
587596,587724,587726,2,128
587596,587724,587727,3,128
587622,587724,587727,3,102
587596,587724,587727,3,128
587622,587725,587727,2,103
587596,587723,587726,3,127
587596,587724,587726,2,128
587622,587725,587726,1,103
587596,587724,587726,2,128
587622,587725,587727,2,103
587596,587724,587727,3,128
587622,587725,587727,2,103
587622,587725,587727,2,103
587622,587726,587727,1,104
587622,587726,587729,3,104
587622,587726,587730,4,104
587622,587726,587729,3,104
587622,587730,587733,3,108
587622,587730,587734,4,108
587622,587733,587735,2,111
587622,587727,587736,9,105
587622,587727,587736,9,105
587622,587729,587735,6,107
587622,587727,587736,9,105
587622,587735,587737,2,113
587622,587727,587737,10,105
587622,587727,587736,9,105
587622,587736,587737,1,114
587622,587734,587737,3,112
587622,587728,587738,10,106
587622,587728,587738,10,106
587622,587727,587738,11,105
587622,587727,587737,10,105
587622,587727,587738,11,105
587622,587728,587738,10,106
587622,587736,587738,2,114
587622,587728,587740,12,106
587622,587736,587740,4,114
587622,587728,587740,12,106
587622,587736,587739,3,114
587622,587737,587741,4,115
587622,587737,587741,4,115
587622,587738,587740,2,116
587622,587738,587741,3,116
587622,587737,587741,4,115
587622,587737,587741,4,115
587622,587738,587742,4,116
587622,587737,587741,4,115
587622,587738,587741,3,116
587622,587739,587742,3,117
587622,587740,587744,4,118
587622,587740,587744,4,118
587622,587740,587744,4,118
587622,587741,587744,3,119
587622,587740,587744,4,118
587622,587740,587744,4,118
587622,587741,587745,4,119
587622,587741,587745,4,119
587622,587739,587744,5,117
587622,587742,587744,2,120
587622,587742,587746,4,120
587622,587741,587746,5,119
587622,587742,587746,4,120
587622,587741,587745,4,119
587622,587742,587746,4,120
587622,587744,587747,3,122
587622,587744,587746,2,122
587622,587745,587748,3,123
587622,587746,587748,2,124
587622,587744,587747,3,122
587622,587745,587748,3,123
587622,587744,587747,3,122
587622,587746,587748,2,124
587622,587745,587747,2,123
587622,587745,587748,3,123
587622,587744,587748,4,122
587622,587746,587749,3,124
587622,587746,587749,3,124
587622,587747,587749,2,125
587622,587743,587748,5,121
587622,587745,587748,3,123
587622,587747,587750,3,125
587640,587748,587750,2,108
587640,587748,587750,2,108
587640,587748,587749,1,108
587640,587748,587751,3,108
587640,587748,587751,3,108
587640,587748,587750,2,108
587640,587748,587750,2,108
587640,587748,587751,3,108
587640,587748,587751,3,108
587640,587749,587752,3,109
587640,587749,587755,6,109
587640,587749,587757,8,109
587640,587753,587758,5,113
587640,587755,587759,4,115
587640,587752,587759,7,112
587640,587750,587758,8,110
587640,587749,587759,10,109
587640,587757,587759,2,117
587640,587750,587760,10,110
587640,587750,587760,10,110
587640,587749,587761,12,109
587640,587751,587761,10,111
587640,587750,587761,11,110
587640,587759,587760,1,119
587640,587751,587762,11,111
587640,587758,587762,4,118
587640,587751,587762,11,111
587640,587760,587762,2,120
587640,587759,587761,2,119
587640,587751,587763,12,111
587640,587759,587762,3,119
587640,587760,587763,3,120
587640,587759,587762,3,119
587640,587761,587764,3,121
587640,587752,587763,11,112
587640,587761,587765,4,121
587640,587762,587765,3,122
587640,587760,587765,5,120
587640,587761,587764,3,121
587640,587762,587765,3,122
587640,587763,587766,3,123
587640,587762,587766,4,122
587640,587761,587765,4,121
587640,587762,587765,3,122
587640,587763,587766,3,123
587640,587763,587766,3,123
587640,587763,587766,3,123
587640,587763,587768,5,123
587640,587764,587767,3,124
587640,587764,587769,5,124
587640,587766,587769,3,126
587640,587765,587769,4,125
587640,587766,587769,3,126
587640,587765,587770,5,125
587640,587765,587770,5,125
587640,587765,587769,4,125
587640,587768,587771,3,128
587640,587766,587771,5,126
587640,587765,587770,5,125
587640,587767,587771,4,127
587640,587766,587770,4,126
587640,587766,587770,4,126
587640,587767,587771,4,127
587640,587769,587771,2,129
587640,587769,587772,3,129
587640,587768,587771,3,128
587640,587769,587771,2,129
587640,587770,587773,3,130
587640,587770,587773,3,130
587689,587771,587773,2,82
587640,587770,587772,2,130
587689,587771,587773,2,82
587640,587769,587772,3,129
587640,587771,587773,2,131
587640,587771,587774,3,131
587640,587771,587774,3,131
587640,587771,587774,3,131
587689,587772,587774,2,83
587689,587771,587773,2,82
587689,587772,587774,2,83
587689,587773,587774,1,84
587689,587773,587776,3,84
587689,587773,587776,3,84
587689,587772,587775,3,83
587689,587773,587775,2,84
587689,587773,587780,7,84
587145,587281,587782,501,136
587689,587773,587782,9,84
587689,587774,587782,8,85
587689,587773,587784,11,84
587689,587776,587784,8,87
587689,587780,587784,4,91
587689,587775,587784,9,86
587689,587774,587785,11,85
587689,587774,587785,11,85
587689,587774,587784,10,85
587689,587774,587786,12,85
587689,587782,587784,2,93
587689,587784,587785,1,95
587689,587784,587786,2,95
587689,587775,587785,10,86
587689,587782,587786,4,93
587689,587784,587787,3,95
587689,587776,587787,11,87
587689,587784,587787,3,95
587689,587784,587786,2,95
587689,587785,587788,3,96
587689,587785,587788,3,96
587689,587776,587787,11,87
587689,587786,587789,3,97
587689,587776,587788,12,87
587689,587786,587789,3,97
587689,587786,587789,3,97
587689,587786,587790,4,97
587689,587786,587790,4,97
587689,587787,587790,3,98
587689,587787,587791,4,98
587689,587786,587790,4,97
587689,587787,587791,4,98
587689,587787,587791,4,98
587689,587787,587792,5,98
587689,587788,587791,3,99
587689,587789,587792,3,100
587689,587788,587793,5,99
587689,587789,587793,4,100
587689,587789,587792,3,100
587689,587789,587793,4,100
587689,587791,587794,3,102
587689,587790,587793,3,101
587689,587791,587795,4,102
587689,587790,587795,5,101
587689,587790,587794,4,101
587689,587793,587795,2,104
587689,587792,587795,3,103
587689,587791,587794,3,102
587689,587791,587794,3,102
587689,587791,587796,5,102
587148,587313,587796,483,165
587689,587792,587796,4,103
587689,587793,587796,3,104
587689,587792,587796,4,103
587689,587793,587797,4,104
587689,587794,587796,2,105
587689,587793,587797,4,104
587689,587794,587796,2,105
587689,587795,587797,2,106
587689,587795,587797,2,106
587689,587795,587798,3,106
587689,587795,587798,3,106
587689,587795,587797,2,106
587716,587797,587799,2,81
587689,587795,587798,3,106
587689,587795,587798,3,106
587716,587797,587799,2,81
587716,587796,587799,3,80
587716,587796,587798,2,80
587716,587797,587799,2,81
587716,587797,587799,2,81
587716,587797,587799,2,81
587369,587434,587800,366,65
587716,587797,587799,2,81
587716,587797,587799,2,81
587716,587797,587800,3,81
587716,587801,587805,4,85
587716,587798,587805,7,82
587716,587800,587806,6,84
587716,587800,587805,5,84
587716,587805,587807,2,89
587716,587805,587808,3,89
587716,587799,587808,9,83
587716,587799,587809,10,83
587716,587798,587809,11,82
587716,587800,587809,9,84
587716,587806,587809,3,90
587716,587800,587810,10,84
587716,587798,587810,12,82
587716,587799,587810,11,83
587716,587799,587809,10,83
587716,587806,587809,3,90
587716,587799,587809,10,83
587716,587807,587810,3,91
587716,587799,587810,11,83
587716,587800,587810,10,84
587716,587799,587812,13,83
587716,587809,587812,3,93
587716,587809,587812,3,93
587716,587808,587811,3,92
587716,587810,587813,3,94
587716,587809,587813,4,93
587716,587809,587813,4,93
587716,587810,587812,2,94
587716,587810,587813,3,94
587716,587810,587814,4,94
587716,587811,587814,3,95
587716,587809,587813,4,93
587716,587810,587813,3,94
587716,587810,587813,3,94
587716,587813,587816,3,97
587716,587812,587816,4,96
587716,587813,587817,4,97
587716,587811,587817,6,95
587716,587813,587817,4,97
587716,587814,587817,3,98
587716,587814,587816,2,98
587716,587813,587817,4,97
587716,587814,587818,4,98
587716,587814,587818,4,98
587716,587814,587818,4,98
587716,587812,587818,6,96
587716,587816,587818,2,100
587716,587813,587817,4,97
587716,587813,587819,6,97
587716,587811,587818,7,95
587716,587817,587819,2,101
587716,587816,587818,2,100
587716,587817,587820,3,101
587716,587812,587819,7,96
587716,587817,587820,3,101
587716,587819,587821,2,103
587784,587819,587821,2,35
587716,587818,587820,2,102
587716,587818,587821,3,102
587716,587817,587820,3,101
587716,587819,587821,2,103
587716,587818,587820,2,102
587784,587819,587821,2,35
587716,587818,587822,4,102
587784,587820,587821,1,36
587784,587821,587822,1,37
587716,587818,587821,3,102
587716,587817,587821,4,101
587716,587818,587821,3,102
587784,587820,587822,2,36
587784,587820,587823,3,36
587784,587821,587823,2,37
587784,587821,587823,2,37
587784,587821,587823,2,37
587784,587821,587825,4,37
587784,587821,587827,6,37
587784,587821,587828,7,37
587784,587824,587831,7,40
587784,587825,587831,6,41
587784,587829,587831,2,45
587784,587827,587831,4,43
587784,587821,587832,11,37
587784,587822,587832,10,38
587784,587823,587833,10,39
587784,587822,587833,11,38
587784,587823,587833,10,39
587784,587823,587833,10,39
587784,587823,587832,9,39
587784,587831,587833,2,47
587784,587832,587834,2,48
587784,587831,587834,3,47
587784,587822,587833,11,38
587784,587831,587835,4,47
587784,587822,587834,12,38
587784,587823,587834,11,39
587784,587832,587834,2,48
587784,587822,587835,13,38
587784,587832,587834,2,48
587784,587834,587836,2,50
587784,587833,587836,3,49
587784,587833,587836,3,49
587784,587833,587837,4,49
587784,587834,587837,3,50
587784,587834,587836,2,50
587784,587833,587837,4,49
587784,587833,587837,4,49
587784,587834,587838,4,50
587784,587835,587838,3,51
587784,587835,587839,4,51
587784,587835,587838,3,51
587784,587835,587840,5,51
587784,587837,587840,3,53
587784,587835,587840,5,51
587784,587835,587841,6,51
587784,587836,587840,4,52
587784,587837,587841,4,53
587784,587836,587840,4,52
587784,587836,587842,6,52
587784,587837,587842,5,53
587784,587839,587842,3,55
587784,587837,587841,4,53
587784,587839,587841,2,55
587784,587840,587843,3,56
587784,587838,587842,4,54
587784,587838,587842,4,54
587784,587839,587842,3,55
587784,587840,587842,2,56
587784,587841,587844,3,57
587784,587840,587844,4,56
587784,587841,587844,3,57
587784,587842,587843,1,58
587784,587842,587845,3,58
587784,587841,587845,4,57
587784,587842,587845,3,58
587784,587843,587845,2,59
587784,587843,587844,1,59
587796,587844,587846,2,48
587796,587843,587845,2,47
587796,587844,587845,1,48
587784,587843,587845,2,59
587784,587843,587845,2,59
587784,587842,587845,3,58
587784,587843,587845,2,59
587796,587844,587847,3,48
587796,587845,587847,2,49
587796,587845,587847,2,49
587796,587844,587846,2,48
587796,587845,587847,2,49
587796,587845,587847,2,49
587796,587845,587849,4,49
587796,587846,587852,6,50
587796,587849,587854,5,53
587796,587846,587855,9,50
587796,587852,587856,4,56
587796,587847,587857,10,51
587796,587846,587857,11,50
587796,587846,587856,10,50
587796,587846,587858,12,50
587796,587854,587858,4,58
587796,587847,587858,11,51
587796,587855,587858,3,59
587796,587847,587857,10,51
587796,587847,587859,12,51
587796,587848,587858,10,52
587796,587847,587859,12,51
587796,587847,587859,12,51
587796,587847,587859,12,51
587796,587856,587858,2,60
587796,587857,587860,3,61
587796,587857,587860,3,61
587796,587857,587859,2,61
587796,587858,587861,3,62
587796,587858,587861,3,62
587796,587859,587862,3,63
587796,587859,587862,3,63
587796,587860,587862,2,64
587796,587858,587862,4,62
587796,587858,587861,3,62
587796,587859,587863,4,63
587796,587859,587863,4,63
587796,587859,587862,3,63
587796,587859,587863,4,63
587796,587858,587863,5,62
587796,587860,587862,2,64
587796,587861,587863,2,65
587796,587861,587865,4,65
587796,587863,587866,3,67
587796,587863,587866,3,67
587796,587862,587866,4,66
587796,587863,587867,4,67
587796,587864,587867,3,68
587796,587862,587867,5,66
587796,587863,587867,4,67
587796,587863,587866,3,67
587796,587862,587868,6,66
587796,587865,587868,3,69
587796,587862,587868,6,66
587796,587863,587868,5,67
587796,587866,587869,3,70
587796,587866,587869,3,70
587796,587862,587868,6,66
587796,587862,587868,6,66
587796,587867,587870,3,71
587796,587868,587869,1,72
587796,587867,587869,2,71
587313,587380,587870,490,67
587796,587867,587870,3,71
587796,587866,587869,3,70
587796,587867,587870,3,71
587796,587868,587871,3,72
587796,587869,587871,2,73
587796,587868,587870,2,72
587796,587868,587870,2,72
587796,587870,587872,2,74
587809,587870,587872,2,61
587796,587868,587872,4,72
587796,587869,587871,2,73
587809,587870,587871,1,61
587809,587870,587871,1,61
587809,587870,587873,3,61
587809,587870,587872,2,61
587809,587870,587873,3,61
587809,587871,587874,3,62
587809,587871,587874,3,62
587809,587871,587873,2,62
587809,587872,587878,6,63
587809,587872,587881,9,63
587809,587872,587882,10,63
587809,587872,587883,11,63
587809,587872,587884,12,63
587809,587874,587884,10,65
587809,587872,587883,11,63
587809,587872,587884,12,63
587809,587872,587884,12,63
587809,587874,587885,11,65
587809,587874,587885,11,65
587809,587873,587885,12,64
587809,587873,587885,12,64
587809,587883,587887,4,74
587809,587884,587887,3,75
587809,587874,587886,12,65
587809,587884,587887,3,75
587809,587884,587887,3,75
587809,587878,587888,10,69
587809,587884,587888,4,75
587809,587885,587888,3,76
587809,587885,587889,4,76
587809,587885,587889,4,76
587809,587887,587889,2,78
587809,587882,587889,7,73
587809,587885,587889,4,76
587809,587887,587890,3,78
587809,587886,587889,3,77
587809,587881,587890,9,72
587809,587887,587891,4,78
587809,587888,587890,2,79
587809,587888,587892,4,79
587809,587887,587892,5,78
587809,587889,587894,5,80
587809,587888,587894,6,79
587809,587888,587894,6,79
587809,587889,587895,6,80
587809,587891,587895,4,82
587809,587889,587895,6,80
587809,587892,587895,3,83
587809,587891,587896,5,82
587809,587889,587895,6,80
587809,587891,587896,5,82
587809,587892,587895,3,83
587809,587890,587895,5,81
587809,587890,587895,5,81
587809,587889,587895,6,80
587809,587894,587897,3,85
587809,587894,587897,3,85
587809,587895,587897,2,86
587809,587896,587898,2,87
587809,587895,587898,3,86
587809,587895,587897,2,86
587809,587894,587897,3,85
587809,587896,587899,3,87
587809,587897,587899,2,88
587809,587896,587899,3,87
587809,587896,587898,2,87
587809,587896,587898,2,87
587809,587898,587900,2,89
587809,587898,587899,1,89
587809,587897,587900,3,88
587809,587896,587899,3,87
587809,587896,587899,3,87
587809,587898,587901,3,89
587809,587897,587901,4,88
587870,587899,587901,2,29
587870,587899,587900,1,29
587348,587406,587901,495,58
587870,587898,587900,2,28
587870,587900,587902,2,30
587870,587900,587901,1,30
587870,587900,587901,1,30
587870,587899,587902,3,29
587870,587899,587901,2,29
587870,587900,587902,2,30
587870,587900,587904,4,30
587870,587900,587907,7,30
587870,587901,587911,10,31
587870,587902,587911,9,32
587870,587901,587911,10,31
587870,587902,587912,10,32
587870,587901,587912,11,31
587870,587904,587912,8,34
587870,587902,587912,10,32
587870,587901,587912,11,31
587870,587901,587913,12,31
587870,587907,587912,5,37
587870,587902,587913,11,32
587870,587902,587913,11,32
587870,587901,587913,12,31
587870,587911,587914,3,41
587870,587912,587913,1,42
587870,587904,587914,10,34
587870,587911,587914,3,41
587870,587911,587914,3,41
587870,587912,587915,3,42
587870,587912,587916,4,42
587870,587912,587916,4,42
587870,587914,587916,2,44
587870,587914,587916,2,44
587870,587913,587916,3,43
587870,587913,587917,4,43
587870,587914,587916,2,44
587870,587914,587917,3,44
587870,587912,587917,5,42
587462,587564,587918,354,102
587870,587913,587917,4,43
587870,587913,587917,4,43
587870,587914,587917,3,44
587870,587913,587917,4,43
587870,587915,587920,5,45
587870,587918,587921,3,48
587870,587918,587921,3,48
587870,587916,587921,5,46
587870,587916,587921,5,46
587870,587917,587921,4,47
587870,587918,587922,4,48
587870,587916,587922,6,46
587870,587918,587921,3,48
587870,587918,587922,4,48
587870,587918,587922,4,48
587870,587918,587921,3,48
587870,587916,587921,5,46
587870,587917,587921,4,47
587870,587917,587922,5,47
587870,587920,587923,3,50
587870,587921,587924,3,51
587870,587921,587924,3,51
587870,587921,587924,3,51
587870,587922,587924,2,52
587870,587922,587924,2,52
587870,587921,587925,4,51
587870,587922,587925,3,52
587870,587922,587925,3,52
587870,587921,587924,3,51
587870,587923,587925,2,53
587870,587923,587924,1,53
587870,587922,587924,2,52
587870,587923,587926,3,53
587870,587923,587926,3,53
587870,587924,587925,1,54
587870,587922,587925,3,52
587911,587925,587927,2,14
587911,587925,587927,2,14
587911,587924,587927,3,13
587911,587924,587926,2,13
587911,587925,587927,2,14
587911,587924,587927,3,13
587911,587925,587927,2,14
587911,587925,587927,2,14
587911,587925,587927,2,14
587911,587925,587931,6,14
587911,587927,587936,9,16
587911,587926,587936,10,15
587911,587926,587937,11,15
587911,587927,587937,10,16
587911,587927,587937,10,16
587911,587928,587938,10,17
587911,587927,587938,11,16
587911,587926,587938,12,15
587911,587927,587938,11,16
587911,587926,587938,12,15
587911,587928,587939,11,17
587911,587937,587939,2,26
587911,587927,587938,11,16
587911,587936,587940,4,25
587911,587937,587939,2,26
587911,587931,587940,9,20
587911,587929,587939,10,18
587911,587937,587940,3,26
587911,587937,587940,3,26
587911,587938,587941,3,27
587911,587938,587940,2,27
587911,587939,587942,3,28
587911,587938,587942,4,27
587911,587938,587942,4,27
587911,587940,587942,2,29
587911,587940,587942,2,29
587911,587939,587943,4,28
587911,587940,587943,3,29
587911,587940,587943,3,29
587911,587940,587943,3,29
587911,587938,587943,5,27
587911,587941,587945,4,30
587911,587941,587946,5,30
587911,587941,587946,5,30
587911,587942,587947,5,31
587911,587943,587947,4,32
587911,587943,587946,3,32
587911,587941,587948,7,30
587911,587942,587948,6,31
587911,587942,587948,6,31
587911,587942,587948,6,31
587911,587943,587947,4,32
587911,587942,587948,6,31
587911,587944,587947,3,33
587911,587943,587948,5,32
587911,587945,587949,4,34
587911,587947,587949,2,36
587911,587946,587948,2,35
587911,587946,587949,3,35
587911,587947,587949,2,36
587911,587948,587950,2,37
587911,587948,587951,3,37
587911,587947,587951,4,36
587911,587948,587951,3,37
587911,587948,587951,3,37
587911,587949,587951,2,38
587911,587948,587951,3,37
587911,587948,587950,2,37
587911,587949,587952,3,38
587911,587949,587951,2,38
587911,587949,587951,2,38
587911,587950,587952,2,39
587911,587948,587952,4,37
587911,587950,587953,3,39
587918,587951,587953,2,33
587911,587950,587952,2,39
587918,587951,587954,3,33
587918,587952,587954,2,34
587918,587951,587954,3,33
587918,587951,587954,3,33
587918,587951,587955,4,33
587918,587951,587954,3,33
587918,587952,587955,3,34
587918,587952,587956,4,34
587918,587952,587957,5,34
587918,587953,587961,8,35
587918,587953,587963,10,35
587918,587953,587963,10,35
587918,587953,587964,11,35
587918,587954,587965,11,36
587383,587461,587965,504,78
587918,587954,587966,12,36
587918,587954,587966,12,36
587918,587955,587967,12,37
587918,587956,587966,10,38
587918,587955,587966,11,37
587918,587954,587966,12,36
587918,587955,587967,12,37
587918,587958,587968,10,40
587918,587961,587972,11,43
587918,587963,587973,10,45
587918,587964,587974,10,46
587918,587964,587976,12,46
587918,587967,587977,10,49
587918,587967,587977,10,49
587918,587966,587977,11,48
587918,587966,587978,12,48
587918,587967,587978,11,49
587918,587965,587978,13,47
587918,587966,587977,11,48
587918,587973,587978,5,55
587918,587968,587979,11,50
587918,587967,587978,11,49
587918,587974,587979,5,56
587918,587970,587980,10,52
587918,587972,587981,9,54
587918,587977,587982,5,59
587918,587977,587983,6,59
587918,587976,587983,7,58
587918,587979,587983,4,61
587918,587979,587983,4,61
587918,587978,587983,5,60
587918,587978,587984,6,60
587918,587979,587984,5,61
587918,587980,587983,3,62
587918,587979,587984,5,61
587918,587977,587984,7,59
587918,587982,587985,3,64
587918,587978,587984,6,60
587918,587978,587984,6,60
587918,587981,587986,5,63
587918,587983,587986,3,65
587918,587983,587986,3,65
587918,587983,587985,2,65
587918,587984,587987,3,66
587918,587984,587987,3,66
587918,587983,587987,4,65
587918,587984,587987,3,66
587918,587986,587988,2,68
587918,587985,587987,2,67
587918,587983,587987,4,65
587918,587985,587988,3,67
587918,587984,587988,4,66
587918,587987,587989,2,69
587918,587985,587988,3,67
587918,587986,587988,2,68
587918,587987,587988,1,69
587918,587987,587988,1,69
587918,587985,587988,3,67
587966,587988,587990,2,22
587918,587987,587989,2,69
587918,587986,587989,3,68
587966,587988,587990,2,22
587966,587988,587990,2,22
587966,587989,587992,3,23
587966,587989,587992,3,23
587966,587989,587992,3,23
587966,587989,587992,3,23
587966,587989,587992,3,23
587966,587989,587992,3,23
587966,587989,587994,5,23
587966,587990,588000,10,24
587966,587991,588000,9,25
587966,587989,588001,12,23
587966,587992,588002,10,26
587966,587990,588002,12,24
587966,587990,588002,12,24
587966,587991,588004,13,25
587966,587992,588004,12,26
587966,587992,588003,11,26
587966,587992,588004,12,26
587966,587994,588003,9,28
587966,587994,588005,11,28
587966,587992,588004,12,26
587398,587486,588007,521,88
587966,588005,588007,2,39
587966,588004,588008,4,38
587966,588004,588009,5,38
587966,588005,588009,4,39
587966,588000,588008,8,34
587966,588005,588009,4,39
587966,588000,588009,9,34
587966,588004,588010,6,38
587966,588004,588009,5,38
587966,588002,588011,9,36
587966,588003,588011,8,37
587966,588007,588011,4,41
587966,588007,588012,5,41
587966,588001,588012,11,35
587966,588002,588013,11,36
587966,588008,588014,6,42
587966,588009,588016,7,43
587966,588009,588015,6,43
587966,588011,588016,5,45
587966,588011,588017,6,45
587966,588009,588017,8,43
587966,588011,588017,6,45
587421,587513,588017,504,92
587966,588012,588017,5,46
587966,588010,588017,7,44
587966,588009,588017,8,43
587966,588013,588018,5,47
587966,588010,588017,7,44
587966,588013,588018,5,47
587515,587645,588019,374,130
587966,588017,588019,2,51
587966,588017,588018,1,51
587966,588017,588020,3,51
587966,588017,588020,3,51
587966,588017,588020,3,51
587966,588016,588020,4,50
587966,588017,588021,4,51
587966,588018,588021,3,52
587966,588018,588021,3,52
587966,588009,588020,11,43
587966,588018,588021,3,52
587966,588015,588021,6,49
587966,588020,588021,1,54
587966,588018,588021,3,52
587966,588020,588022,2,54
587966,588019,588022,3,53
587966,588018,588022,4,52
587966,588018,588021,3,52
587966,588021,588023,2,55
587966,588020,588023,3,54
587966,588021,588023,2,55
587966,588020,588023,3,54
587966,588021,588024,3,55
587966,588020,588024,4,54
588007,588021,588024,3,14
588007,588022,588024,2,15
588007,588021,588025,4,14
588007,588021,588025,4,14
588007,588022,588024,2,15
588007,588022,588024,2,15
588007,588022,588026,4,15
588007,588021,588025,4,14
588007,588022,588025,3,15
588007,588023,588029,6,16
588007,588023,588032,9,16
588007,588024,588035,11,17
588007,588023,588035,12,16
588007,588024,588035,11,17
588007,588023,588036,13,16
588007,588025,588036,11,18
588007,588026,588036,10,19
588007,588024,588037,13,17
588007,588026,588036,10,19
588007,588026,588037,11,19
588007,588024,588036,12,17
588007,588026,588038,12,19
588007,588025,588038,13,18
588007,588029,588039,10,22
588007,588026,588039,13,19
587449,587541,588041,500,92
588007,588032,588043,11,25
588007,588036,588044,8,29
588007,588035,588045,10,28
588007,588036,588046,10,29
588007,588042,588046,4,35
588007,588037,588047,10,30
588007,588043,588047,4,36
588007,588038,588047,9,31
588007,588035,588046,11,28
588007,588037,588048,11,30
588007,588037,588048,11,30
588007,588035,588048,13,28
588007,588039,588049,10,32
588007,588040,588049,9,33
588007,588036,588048,12,29
588007,588038,588048,10,31
588007,588037,588050,13,30
588007,588045,588050,5,38
588007,588046,588052,6,39
588007,588047,588053,6,40
588007,588049,588053,4,42
588007,588049,588053,4,42
588007,588045,588052,7,38
588007,588048,588053,5,41
588007,588048,588054,6,41
588007,588050,588054,4,43
588007,588050,588054,4,43
588007,588046,588054,8,39
588007,588052,588054,2,45
588007,588049,588053,4,42
588007,588051,588053,2,44
588007,588047,588055,8,40
588007,588048,588054,6,41
588007,588047,588055,8,40
588007,588047,588055,8,40
588007,588053,588055,2,46
588007,588053,588056,3,46
588007,588055,588056,1,48
588007,588053,588056,3,46
588007,588054,588057,3,47
588007,588053,588057,4,46
588007,588055,588057,2,48
588007,588054,588056,2,47
588007,588053,588056,3,46
588007,588055,588057,2,48
588007,588054,588056,2,47
588007,588055,588058,3,48
588007,588054,588058,4,47
588007,588054,588058,4,47
588018,588055,588058,3,37
588018,588056,588058,2,38
588007,588054,588057,3,47
588018,588056,588059,3,38
588018,588057,588059,2,39
588018,588057,588060,3,39
588018,588057,588060,3,39
588018,588057,588061,4,39
588018,588057,588061,4,39
588018,588057,588061,4,39
588018,588057,588062,5,39
588018,588057,588063,6,39
588018,588058,588067,9,40
588018,588058,588067,9,40
588018,588058,588068,10,40
588018,588059,588069,10,41
588018,588058,588070,12,40
588018,588060,588070,10,42
587558,587703,588069,366,145
588018,588058,588071,13,40
588018,588060,588071,11,42
588018,588058,588072,14,40
588018,588060,588072,12,42
588018,588061,588073,12,43
588018,588061,588073,12,43
588018,588061,588073,12,43
588018,588064,588073,9,46
588018,588062,588074,12,44
588018,588067,588077,10,49
588018,588067,588077,10,49
588018,588073,588077,4,55
588018,588072,588077,5,54
588018,588073,588077,4,55
588018,588074,588078,4,56
587475,587594,588078,484,119
588018,588073,588078,5,55
588018,588068,588079,11,50
588018,588069,588078,9,51
588018,588070,588079,9,52
588018,588074,588079,5,56
588018,588070,588080,10,52
588018,588070,588080,10,52
588018,588077,588081,4,59
588018,588072,588081,9,54
588018,588071,588081,10,53
588018,588077,588081,4,59
588018,588071,588083,12,53
588018,588079,588083,4,61
588018,588077,588083,6,59
588018,588079,588083,4,61
588018,588081,588084,3,63
588018,588079,588084,5,61
588018,588077,588084,7,59
588018,588081,588084,3,63
588018,588078,588084,6,60
588018,588078,588085,7,60
588018,588081,588085,4,63
588018,588079,588084,5,61
588018,588078,588084,6,60
588018,588081,588085,4,63
588018,588083,588085,2,65
588018,588081,588086,5,63
588018,588081,588086,5,63
588018,588078,588085,7,60
588018,588084,588086,2,66
588018,588083,588086,3,65
588018,588083,588085,2,65
588018,588084,588087,3,66
588018,588084,588087,3,66
588018,588083,588087,4,65
588018,588084,588086,2,66
588018,588084,588087,3,66
588018,588085,588088,3,67
588018,588085,588087,2,67
588018,588085,588087,2,67
588018,588085,588088,3,67
588018,588085,588089,4,67
588020,588087,588089,2,67
588020,588087,588088,1,67
588018,588085,588088,3,67
588020,588086,588089,3,66
588020,588086,588089,3,66
588020,588087,588090,3,67
588020,588087,588090,3,67
588020,588086,588089,3,66
588020,588087,588090,3,67
588020,588086,588090,4,66
588020,588087,588092,5,67
588020,588088,588092,4,68
588020,588088,588098,10,68
588020,588088,588099,11,68
588020,588089,588099,10,69
588020,588088,588100,12,68
588020,588089,588099,10,69
588020,588090,588101,11,70
588020,588089,588101,12,69
588020,588089,588101,12,69
588020,588089,588101,12,69
588020,588092,588101,9,72
588020,588090,588101,11,70
588020,588090,588102,12,70
588020,588091,588103,12,71
588020,588089,588103,14,69
588020,588092,588104,12,72
588020,588090,588104,14,70
587623,587747,588106,359,124
588020,588102,588107,5,82
588020,588101,588107,6,81
588020,588098,588108,10,78
588020,588099,588108,9,79
588020,588103,588108,5,83
588020,588103,588108,5,83
588020,588101,588109,8,81
588020,588101,588108,7,81
588020,588103,588110,7,83
588020,588099,588109,10,79
588020,588103,588109,6,83
588020,588100,588109,9,80
588020,588104,588110,6,84
588020,588101,588111,10,81
588020,588100,588111,11,80
588020,588106,588110,4,86
588020,588107,588111,4,87
588020,588104,588111,7,84
588020,588108,588113,5,88
588020,588111,588113,2,91
588020,588108,588113,5,88
588020,588110,588113,3,90
588020,588110,588113,3,90
588020,588108,588114,6,88
588020,588109,588114,5,89
588020,588111,588114,3,91
588020,588110,588113,3,90
588020,588108,588113,5,88
588020,588110,588113,3,90
588020,588112,588115,3,92
588020,588109,588114,5,89
588020,588113,588115,2,93
588020,588112,588116,4,92
588020,588113,588116,3,93
588020,588110,588116,6,90
588020,588108,588115,7,88
588020,588114,588117,3,94
588020,588114,588117,3,94
588020,588114,588117,3,94
588020,588114,588116,2,94
588020,588114,588116,2,94
588020,588114,588117,3,94
588020,588114,588116,2,94
588020,588115,588116,1,95
588042,588116,588118,2,74
587502,587624,588118,494,122
588020,588113,588117,4,93
588020,588112,588117,5,92
588020,588113,588117,4,93
588020,588115,588117,2,95
588042,588116,588117,1,74
588042,588116,588119,3,74
588042,588117,588120,3,75
588042,588117,588120,3,75
588042,588117,588120,3,75
588042,588116,588120,4,74
588042,588117,588121,4,75
588042,588117,588121,4,75
588042,588117,588124,7,75
588042,588117,588125,8,75
588042,588118,588127,9,76
588042,588118,588127,9,76
588042,588118,588128,10,76
588042,588119,588129,10,77
588042,588118,588130,12,76
588042,588118,588131,13,76
588042,588118,588131,13,76
588042,588118,588131,13,76
588042,588120,588130,10,78
588042,588121,588131,10,79
588042,588120,588131,11,78
588042,588119,588131,12,77
588042,588120,588132,12,78
588042,588121,588133,12,79
588042,588120,588134,14,78
588042,588125,588135,10,83
588042,588124,588136,12,82
588042,588132,588137,5,90
588042,588131,588137,6,89
588042,588128,588137,9,86
588042,588131,588138,7,89
588042,588127,588137,10,85
588042,588128,588139,11,86
588042,588133,588139,6,91
588042,588129,588138,9,87
588042,588131,588140,9,89
588042,588133,588140,7,91
588042,588134,588141,7,92
588042,588137,588141,4,95
588042,588130,588142,12,88
588042,588131,588142,11,89
588042,588136,588141,5,94
588042,588138,588142,4,96
588042,588131,588143,12,89
588042,588131,588143,12,89
588042,588138,588143,5,96
588042,588137,588143,6,95
588042,588136,588142,6,94
588042,588137,588142,5,95
588042,588139,588143,4,97
588042,588140,588144,4,98
588042,588141,588145,4,99
588042,588139,588145,6,97
588042,588140,588145,5,98
588042,588142,588145,3,100
588042,588139,588146,7,97
588042,588141,588145,4,99
588042,588142,588145,3,100
588042,588143,588145,2,101
588042,588143,588145,2,101
588042,588144,588146,2,102
588042,588144,588146,2,102
588042,588144,588147,3,102
588042,588142,588147,5,100
588042,588143,588146,3,101
588042,588143,588146,3,101
588042,588145,588147,2,103
588042,588145,588148,3,103
588042,588144,588147,3,102
588042,588145,588148,3,103
588042,588143,588147,4,101
588042,588145,588149,4,103
588071,588146,588149,3,75
588071,588147,588148,1,76
588071,588147,588148,1,76
588042,588146,588149,3,104
588071,588146,588149,3,75
588042,588146,588148,2,104
588071,588147,588150,3,76
588071,588147,588150,3,76
588071,588147,588149,2,76
588071,588147,588150,3,76
588071,588147,588150,3,76
588071,588148,588152,4,77
588071,588148,588156,8,77
588071,588149,588157,8,78
588071,588149,588158,9,78
588071,588149,588159,10,78
588071,588149,588159,10,78
588071,588148,588159,11,77
588071,588150,588160,10,79
588071,588148,588161,13,77
588071,588150,588161,11,79
588071,588150,588161,11,79
588071,588150,588160,10,79
588071,588149,588161,12,78
588071,588150,588161,11,79
588071,588153,588163,10,82
588071,588149,588163,14,78
588071,588150,588162,12,79
588071,588161,588165,4,90
588071,588161,588166,5,90
588071,588157,588166,9,86
588071,588161,588166,5,90
588071,588158,588167,9,87
588071,588156,588166,10,85
588071,588160,588167,7,89
588071,588159,588167,8,88
588071,588161,588167,6,90
588071,588159,588167,8,88
588071,588159,588169,10,88
588071,588163,588171,8,92
588071,588163,588171,8,92
588071,588162,588171,9,91
588071,588167,588172,5,96
588071,588162,588172,10,91
588071,588166,588173,7,95
588071,588166,588173,7,95
588071,588168,588173,5,97
588071,588167,588173,6,96
588071,588165,588173,8,94
588071,588166,588174,8,95
588071,588169,588174,5,98
588071,588168,588173,5,97
588071,588171,588175,4,100
588071,588167,588174,7,96
588071,588163,588176,13,92
588071,588167,588176,9,96
588071,588172,588176,4,101
588071,588173,588176,3,102
588071,588173,588177,4,102
588071,588171,588177,6,100
588071,588171,588177,6,100
588071,588174,588177,3,103
588071,588173,588178,5,102
588071,588173,588177,4,102
588071,588174,588177,3,103
588071,588174,588177,3,103
587544,587675,588177,502,131
588071,588172,588177,5,101
588071,588173,588177,4,102
588071,588175,588178,3,104
588071,588176,588179,3,105
588071,588175,588178,3,104
588071,588176,588178,2,105
588071,588177,588179,2,106
588071,588176,588179,3,105
588071,588177,588180,3,106
588071,588177,588180,3,106
588071,588176,588180,4,105
588078,588178,588181,3,100
588078,588178,588181,3,100
588078,588178,588181,3,100
588078,588178,588182,4,100
588078,588178,588182,4,100
588078,588178,588181,3,100
588078,588178,588182,4,100
588078,588179,588183,4,101
588078,588179,588183,4,101
588078,588179,588184,5,101
588078,588179,588190,11,101
588078,588180,588190,10,102
588078,588180,588192,12,102
588078,588179,588192,13,101
588078,588180,588192,12,102
588078,588181,588192,11,103
588078,588182,588192,10,104
588078,588180,588193,13,102
588078,588181,588193,12,103
588078,588182,588194,12,104
588078,588182,588194,12,104
588078,588184,588195,11,106
588078,588182,588195,13,104
588078,588182,588194,12,104
588078,588183,588195,12,105
588078,588184,588196,12,106
588078,588190,588200,10,112
588078,588192,588201,9,114
588078,588195,588202,7,117
588078,588195,588203,8,117
588078,588192,588203,11,114
588078,588190,588203,13,112
588078,588192,588204,12,114
588078,588195,588204,9,117
588078,588193,588204,11,115
588078,588197,588203,6,119
588078,588192,588204,12,114
588078,588192,588205,13,114
588078,588194,588204,10,116
588078,588200,588205,5,122
588078,588195,588204,9,117
588078,588193,588205,12,115
588078,588194,588205,11,116
588078,588205,588207,2,127
588078,588203,588208,5,125
588078,588204,588208,4,126
588078,588202,588208,6,124
588078,588205,588208,3,127
588078,588204,588209,5,126
588078,588205,588209,4,127
588078,588203,588209,6,125
588078,588204,588209,5,126
588078,588201,588208,7,123
588078,588206,588209,3,128
588078,588203,588209,6,125
588078,588207,588209,2,129
588078,588205,588209,4,127
588078,588208,588210,2,130
588078,588204,588210,6,126
588078,588208,588210,2,130
588078,588208,588211,3,130
588078,588204,588210,6,126
588078,588208,588212,4,130
588078,588209,588212,3,131
588078,588209,588212,3,131
588078,588210,588212,2,132
588078,588208,588211,3,130
588078,588210,588213,3,132
588078,588210,588213,3,132
588078,588209,588213,4,131
588078,588210,588212,2,132
588078,588209,588212,3,131
588078,588210,588213,3,132
588078,588209,588213,4,131
588078,588210,588213,3,132
588106,588212,588214,2,106
588106,588211,588215,4,105
588106,588211,588214,3,105
588106,588212,588216,4,106
588106,588213,588216,3,107
588106,588212,588216,4,106
588106,588212,588215,3,106
588106,588213,588217,4,107
588106,588213,588216,3,107
588106,588213,588218,5,107
588106,588213,588222,9,107
588106,588214,588224,10,108
588106,588214,588225,11,108
588106,588214,588225,11,108
588106,588215,588225,10,109
588106,588214,588226,12,108
588106,588215,588227,12,109
588106,588214,588226,12,108
588106,588216,588228,12,110
588106,588216,588228,12,110
588106,588216,588228,12,110
588106,588216,588228,12,110
588106,588217,588229,12,111
588106,588218,588230,12,112
588106,588217,588230,13,111
587596,587724,588231,507,128
588106,588224,588233,9,118
588106,588222,588232,10,116
588106,588225,588235,10,119
588106,588225,588234,9,119
588106,588225,588235,10,119
588106,588227,588238,11,121
588106,588230,588238,8,124
588106,588226,588238,12,120
588106,588231,588238,7,125
588106,588228,588239,11,122
588106,588227,588238,11,121
588106,588228,588240,12,122
588106,588229,588239,10,123
588106,588234,588240,6,128
588106,588229,588241,12,123
588106,588232,588241,9,126
588106,588233,588241,8,127
588106,588229,588241,12,123
588106,588235,588242,7,129
588106,588238,588243,5,132
588106,588239,588243,4,133
588106,588240,588243,3,134
588106,588235,588243,8,129
588106,588238,588243,5,132
588106,588235,588243,8,129
588106,588240,588244,4,134
588106,588239,588245,6,133
588106,588240,588245,5,134
588106,588241,588245,4,135
588106,588241,588245,4,135
588106,588239,588244,5,133
588106,588241,588245,4,135
588106,588242,588246,4,136
588106,588238,588245,7,132
588106,588242,588246,4,136
588106,588243,588246,3,137
588106,588243,588247,4,137
588106,588243,588246,3,137
588106,588244,588246,2,138
588106,588243,588246,3,137
588106,588245,588247,2,139
588106,588244,588247,3,138
588106,588245,588248,3,139
588106,588245,588248,3,139
588106,588245,588248,3,139
588106,588244,588247,3,138
588106,588245,588248,3,139
588106,588246,588248,2,140
588106,588246,588249,3,140
588106,588245,588248,3,139
588128,588246,588249,3,118
588128,588248,588250,2,120
588128,588247,588249,2,119
588128,588247,588251,4,119
588128,588248,588251,3,120
588128,588247,588251,4,119
588128,588247,588251,4,119
588128,588248,588252,4,120
587810,587898,588251,353,88
588128,588248,588251,3,120
588128,588248,588257,9,120
588128,588249,588259,10,121
588128,588248,588260,12,120
588128,588248,588260,12,120
588128,588248,588260,12,120
588128,588249,588260,11,121
588128,588250,588260,10,122
588128,588250,588261,11,122
588128,588251,588262,11,123
588128,588251,588262,11,123
588128,588249,588262,13,121
588128,588251,588263,12,123
588128,588252,588263,11,124
588128,588251,588265,14,123
588128,588252,588265,13,124
588128,588252,588265,13,124
588128,588260,588269,9,132
588128,588259,588270,11,131
588128,588263,588270,7,135
588128,588260,588270,10,132
588128,588260,588271,11,132
588128,588265,588271,6,137
588128,588265,588271,6,137
588128,588258,588271,13,130
588128,588260,588272,12,132
588128,588261,588271,10,133
588128,588260,588272,12,132
588128,588263,588273,10,135
588128,588262,588273,11,134
588128,588266,588272,6,138
588128,588262,588274,12,134
588128,588263,588275,12,135
588128,588269,588275,6,141
588128,588270,588275,5,142
588128,588270,588276,6,142
588128,588271,588276,5,143
588128,588270,588275,5,142
588128,588274,588277,3,146
588128,588275,588277,2,147
588128,588271,588276,5,143
588128,588273,588277,4,145
588128,588273,588277,4,145
588128,588273,588277,4,145
588128,588272,588278,6,144
588128,588272,588278,6,144
588128,588271,588277,6,143
588128,588275,588278,3,147
588128,588272,588278,6,144
588128,588272,588279,7,144
588128,588277,588279,2,149
588128,588275,588278,3,147
588128,588277,588280,3,149
588128,588277,588280,3,149
588128,588276,588280,4,148
588128,588278,588280,2,150
588128,588277,588279,2,149
588128,588277,588280,3,149
588128,588277,588281,4,149
588128,588278,588281,3,150
588128,588277,588281,4,149
588128,588279,588280,1,151
587641,587771,588280,509,130
588128,588279,588281,2,151
588128,588278,588280,2,150
588128,588276,588280,4,148
588128,588278,588282,4,150
588128,588278,588281,3,150
588179,588280,588282,2,101
588179,588280,588282,2,101
588179,588280,588281,1,101
588179,588280,588283,3,101
588179,588281,588283,2,102
588179,588280,588283,3,101
588179,588281,588283,2,102
588179,588280,588283,3,101
588179,588281,588284,3,102
588179,588281,588285,4,102
587717,587819,588289,470,102
588179,588281,588290,9,102
588179,588281,588291,10,102
588179,588282,588291,9,103
588179,588282,588292,10,103
588179,588282,588293,11,103
588179,588283,588293,10,104
588179,588282,588293,11,103
588179,588281,588294,13,102
588179,588282,588294,12,103
588179,588283,588295,12,104
588179,588283,588295,12,104
588179,588283,588295,12,104
588179,588285,588294,9,106
588179,588284,588296,12,105
588179,588293,588296,3,114
588179,588284,588297,13,105
588179,588293,588297,4,114
588179,588293,588298,5,114
588179,588285,588299,14,106
587689,587796,588299,503,107
588179,588289,588299,10,110
588179,588294,588300,6,115
588179,588294,588299,5,115
588179,588295,588300,5,116
588179,588295,588300,5,116
588179,588292,588301,9,113
588179,588290,588301,11,111
588179,588291,588302,11,112
588179,588295,588302,7,116
588179,588291,588303,12,112
588179,588296,588303,7,117
588179,588297,588303,6,118
588179,588295,588304,9,116
588179,588297,588304,7,118
588179,588299,588304,5,120
588179,588296,588305,9,117
588179,588299,588305,6,120
588179,588299,588305,6,120
588179,588300,588305,5,121
588179,588302,588306,4,123
588179,588300,588306,6,121
588179,588302,588306,4,123
588179,588301,588305,4,122
588179,588303,588306,3,124
588179,588302,588307,5,123
588179,588300,588307,7,121
588179,588298,588308,10,119
588179,588302,588308,6,123
588179,588304,588308,4,125
588179,588305,588308,3,126
588179,588303,588307,4,124
588179,588304,588307,3,125
588179,588304,588308,4,125
588179,588305,588309,4,126
588179,588306,588309,3,127
588179,588305,588309,4,126
588179,588306,588310,4,127
588179,588307,588310,3,128
588179,588306,588309,3,127
588179,588308,588310,2,129
588179,588307,588309,2,128
588179,588306,588309,3,127
588179,588304,588309,5,125
588179,588306,588309,3,127
588179,588306,588310,4,127
588179,588308,588311,3,129
588232,588308,588311,3,76
588232,588309,588311,2,77
588232,588309,588312,3,77
588232,588309,588312,3,77
588232,588308,588312,4,76
588232,588309,588311,2,77
588232,588310,588313,3,78
588232,588310,588312,2,78
588232,588308,588312,4,76
588232,588310,588314,4,78
588232,588310,588318,8,78
588232,588310,588320,10,78
588232,588310,588321,11,78
588232,588310,588321,11,78
588232,588310,588321,11,78
588232,588311,588322,11,79
588232,588311,588323,12,79
588232,588311,588323,12,79
588232,588311,588323,12,79
588232,588314,588323,9,82
588232,588312,588324,12,80
588232,588313,588324,11,81
588232,588313,588324,11,81
588232,588313,588323,10,81
588232,588312,588324,12,80
588232,588313,588324,11,81
588232,588312,588324,12,80
588232,588323,588327,4,91
587784,587843,588326,483,59
588232,588323,588328,5,91
588232,588319,588329,10,87
588232,588323,588330,7,91
588232,588323,588330,7,91
588232,588321,588331,10,89
588232,588320,588331,11,88
588232,588321,588331,10,89
588232,588324,588332,8,92
588232,588322,588332,10,90
588232,588326,588333,7,94
588232,588325,588333,8,93
588232,588321,588332,11,89
588232,588325,588334,9,93
588232,588324,588334,10,92
588232,588324,588333,9,92
588232,588327,588334,7,95
588232,588324,588334,10,92
588232,588329,588335,6,97
588232,588327,588335,8,95
588232,588330,588335,5,98
588232,588331,588336,5,99
588232,588331,588336,5,99
588232,588329,588335,6,97
588232,588332,588337,5,100
588232,588331,588337,6,99
588232,588333,588337,4,101
588232,588335,588338,3,103
588232,588334,588338,4,102
588232,588330,588337,7,98
588232,588335,588338,3,103
588232,588333,588337,4,101
588232,588334,588338,4,102
588232,588335,588338,3,103
588232,588333,588339,6,101
588232,588334,588338,4,102
588232,588334,588339,5,102
588232,588333,588338,5,101
588232,588336,588340,4,104
588232,588334,588339,5,102
588232,588337,588340,3,105
588232,588336,588339,3,104
588232,588336,588339,3,104
588232,588338,588340,2,106
588259,588338,588341,3,79
588232,588337,588340,3,105
588232,588338,588340,2,106
588232,588337,588340,3,105
588232,588338,588340,2,106
588259,588339,588341,2,80
588259,588338,588341,3,79
588259,588338,588341,3,79
588259,588339,588342,3,80
588259,588339,588341,2,80
588259,588339,588341,2,80
588259,588340,588343,3,81
588259,588340,588342,2,81
588259,588340,588343,3,81
587797,587870,588346,476,73
588259,588343,588348,5,84
588259,588340,588348,8,81
588259,588343,588348,5,84
588259,588343,588350,7,84
588259,588341,588352,11,82
588259,588340,588352,12,81
588259,588341,588353,12,82
588259,588341,588353,12,82
588259,588343,588353,10,84
588259,588341,588353,12,82
588259,588346,588354,8,87
588259,588342,588354,12,83
588259,588341,588353,12,82
588259,588341,588353,12,82
588259,588341,588353,12,82
588259,588342,588354,12,83
588259,588342,588354,12,83
588259,588342,588354,12,83
588259,588348,588357,9,89
588259,588348,588358,10,89
588259,588350,588359,9,91
588259,588348,588359,11,89
588259,588352,588361,9,93
588259,588352,588361,9,93
588259,588353,588361,8,94
588259,588353,588361,8,94
588259,588354,588362,8,95
588259,588355,588362,7,96
588259,588353,588362,9,94
588259,588354,588361,7,95
588259,588354,588362,8,95
588259,588355,588364,9,96
588259,588355,588364,9,96
588259,588361,588364,3,102
588259,588362,588364,2,103
588259,588362,588364,2,103
588259,588362,588364,2,103
588259,588355,588364,9,96
588259,588361,588364,3,102
588259,588359,588365,6,100
588259,588361,588365,4,102
588259,588361,588364,3,102
588259,588362,588364,2,103
588259,588353,588364,11,94
588259,588358,588365,7,99
588259,588364,588366,2,105
588259,588364,588366,2,105
588259,588357,588365,8,98
588259,588354,588366,12,95
588259,588359,588367,8,100
588259,588364,588367,3,105
588259,588365,588367,2,106
588259,588364,588366,2,105
588259,588365,588367,2,106
588259,588364,588366,2,105
588259,588364,588366,2,105
588259,588365,588367,2,106
588259,588364,588366,2,105
588259,588365,588367,2,106
588259,588365,588367,2,106
588259,588365,588368,3,106
588259,588366,588368,2,107
588259,588365,588367,2,106
588259,588366,588369,3,107
588293,588367,588369,2,74
588259,588366,588368,2,107
588293,588367,588370,3,74
588293,588367,588370,3,74
588293,588367,588370,3,74
588293,588367,588371,4,74
588293,588367,588371,4,74
588293,588367,588370,3,74
588293,588367,588372,5,74
588293,588367,588371,4,74
588293,588367,588375,8,74
588293,588367,588379,12,74
588293,588368,588380,12,75
588293,588368,588380,12,75
588293,588368,588380,12,75
588293,588369,588380,11,76
588293,588369,588380,11,76
588293,588369,588381,12,76
588293,588368,588380,12,75
588293,588370,588382,12,77
588293,588371,588383,12,78
588293,588370,588382,12,77
588293,588371,588383,12,78
588293,588370,588382,12,77
588293,588371,588384,13,78
588293,588372,588385,13,79
588293,588372,588384,12,79
588293,588375,588388,13,82
588293,588380,588389,9,87
588293,588380,588390,10,87
588293,588383,588390,7,90
588293,588379,588391,12,86
588293,588381,588391,10,88
588293,588380,588391,11,87
588293,588384,588392,8,91
588293,588383,588392,9,90
588293,588383,588393,10,90
588293,588383,588393,10,90
588293,588381,588392,11,88
588293,588385,588394,9,92
588293,588381,588393,12,88
588293,588385,588394,9,92
588293,588382,588394,12,89
588293,588381,588393,12,88
588293,588391,588395,4,98
588293,588392,588396,4,99
588293,588391,588396,5,98
588293,588392,588396,4,99
588293,588393,588396,3,100
588293,588388,588397,9,95
588293,588389,588397,8,96
588293,588391,588398,7,98
588293,588391,588398,7,98
588293,588393,588397,4,100
588293,588390,588399,9,97
588293,588395,588399,4,102
588293,588394,588399,5,101
588293,588394,588399,5,101
588293,588394,588398,4,101
588293,588393,588398,5,100
588293,588394,588399,5,101
588293,588396,588400,4,103
588293,588394,588400,6,101
588293,588396,588400,4,103
588293,588398,588401,3,105
588293,588399,588401,2,106
588293,588396,588400,4,103
588293,588397,588400,3,104
588293,588398,588400,2,105
588293,588397,588400,3,104
588293,588399,588402,3,106
588293,588398,588402,4,105
588293,588399,588402,3,106
588293,588400,588402,2,107
588293,588396,588401,5,103
588293,588399,588401,2,106
588293,588399,588401,2,106
588293,588399,588402,3,106
588293,588400,588402,2,107
588293,588401,588403,2,108
588293,588400,588402,2,107
588293,588400,588402,2,107
588293,588401,588402,1,108
588293,588401,588404,3,108
588293,588401,588403,2,108
588293,588401,588404,3,108
587871,587924,588404,480,53
588293,588401,588408,7,108
588293,588404,588409,5,111
588293,588404,588409,5,111
588293,588403,588411,8,110
588293,588404,588412,8,111
588293,588402,588413,11,109
588293,588402,588413,11,109
588293,588402,588414,12,109
588293,588402,588414,12,109
588293,588402,588414,12,109
588293,588405,588414,9,112
588293,588402,588414,12,109
588293,588403,588415,12,110
588293,588403,588415,12,110
588293,588403,588414,11,110
588293,588403,588414,11,110
588293,588402,588415,13,109
588293,588403,588415,12,110
588293,588408,588417,9,115
588293,588409,588418,9,116
588293,588415,588420,5,122
588293,588417,588420,3,124
588293,588409,588420,11,116
588293,588413,588421,8,120
588293,588413,588421,8,120
588293,588414,588421,7,121
588293,588415,588421,6,122
588293,588415,588422,7,122
588293,588418,588421,3,125
588293,588416,588422,6,123
588293,588414,588422,8,121
588293,588414,588421,7,121
588293,588411,588422,11,118
588293,588414,588421,7,121
588293,588420,588422,2,127
588293,588415,588423,8,122
588293,588420,588423,3,127
588293,588415,588422,7,122
588293,588420,588422,2,127
588293,588421,588424,3,128
588293,588412,588424,12,119
588293,588421,588424,3,128
588293,588422,588424,2,129
588293,588415,588423,8,122
588293,588421,588423,2,128
588293,588421,588424,3,128
588293,588422,588424,2,129
588293,588422,588424,2,129
588293,588422,588424,2,129
588293,588422,588424,2,129
588293,588422,588425,3,129
588293,588424,588426,2,131
588293,588422,588425,3,129
588293,588424,588426,2,131
588293,588423,588425,2,130
588293,588424,588426,2,131
588293,588424,588426,2,131
588293,588423,588426,3,130
588293,588424,588427,3,131
588293,588423,588426,3,130
588293,588423,588426,3,130
588293,588423,588426,3,130
588293,588425,588428,3,132
588293,588425,588427,2,132
588299,588426,588428,2,127
588293,588425,588427,2,132
588299,588426,588428,2,127
588299,588426,588429,3,127
588299,588426,588429,3,127
588299,588426,588429,3,127
588299,588426,588429,3,127
588299,588426,588430,4,127
588299,588426,588429,3,127
588299,588427,588429,2,128
588299,588427,588432,5,128
588299,588427,588438,11,128
587911,587951,588438,487,40
588299,588428,588439,11,129
588299,588427,588438,11,128
588299,588428,588438,10,129
588299,588428,588439,11,129
588299,588427,588440,13,128
588299,588429,588441,12,130
588299,588429,588441,12,130
588299,588429,588442,13,130
588299,588429,588442,13,130
588299,588428,588442,14,129
588299,588430,588441,11,131
588299,588430,588443,13,131
588299,588429,588443,14,130
588299,588430,588443,13,131
588299,588432,588445,13,133
588299,588438,588450,12,139
588299,588439,588450,11,140
588299,588439,588450,11,140
588299,588439,588451,12,140
588299,588442,588451,9,143
588299,588442,588452,10,143
588299,588443,588452,9,144
588299,588438,588451,13,139
588299,588441,588451,10,142
588299,588443,588451,8,144
588299,588441,588453,12,142
588299,588443,588452,9,144
588299,588440,588452,12,141
588299,588444,588453,9,145
588299,588445,588454,9,146
588299,588440,588454,14,141
588299,588442,588453,11,143
588299,588450,588455,5,151
588299,588451,588456,5,152
588299,588451,588456,5,152
588299,588453,588456,3,154
588299,588452,588456,4,153
588299,588451,588457,6,152
588299,588452,588456,4,153
588299,588453,588457,4,154
588299,588452,588456,4,153
588299,588452,588456,4,153
588299,588452,588458,6,153
588299,588454,588458,4,155
588299,588453,588457,4,154
588299,588456,588459,3,157
588299,588450,588459,9,151
588299,588454,588458,4,155
588299,588454,588459,5,155
588299,588456,588459,3,157
588299,588456,588459,3,157
588299,588456,588460,4,157
588299,588456,588460,4,157
588299,588457,588460,3,158
588299,588454,588460,6,155
588299,588457,588460,3,158
588299,588458,588461,3,159
588328,588459,588461,2,131
588299,588457,588460,3,158
588299,588457,588460,3,158
588299,588457,588460,3,158
588328,588459,588462,3,131
588328,588459,588462,3,131
588020,588115,588462,347,95
588299,588459,588461,2,160
588328,588460,588462,2,132
588299,588458,588461,3,159
588299,588459,588461,2,160
588328,588460,588463,3,132
588299,588458,588462,4,159
588328,588460,588463,3,132
588328,588460,588462,2,132
588328,588461,588464,3,133
588328,588461,588463,2,133
588328,588461,588465,4,133
588328,588465,588468,3,137
588328,588464,588469,5,136
588328,588464,588469,5,136
588328,588461,588470,9,133
588328,588463,588472,9,135
588328,588468,588472,4,140
588328,588462,588473,11,134
588328,588461,588473,12,133
588328,588461,588473,12,133
588328,588462,588474,12,134
588328,588462,588474,12,134
588328,588463,588474,11,135
588328,588462,588475,13,134
588328,588462,588474,12,134
588328,588463,588475,12,135
588328,588462,588474,12,134
588328,588463,588474,11,135
588328,588469,588475,6,141
588328,588462,588477,15,134
588328,588469,588478,9,141
587918,587988,588478,490,70
588328,588471,588479,8,143
588328,588475,588481,6,147
588328,588474,588482,8,146
588328,588478,588482,4,150
588328,588472,588482,10,144
588328,588472,588482,10,144
588328,588474,588482,8,146
588328,588474,588482,8,146
588328,588475,588481,6,147
588328,588474,588482,8,146
588328,588476,588483,7,148
588328,588478,588483,5,150
588328,588476,588483,7,148
588328,588475,588482,7,147
588328,588479,588482,3,151
588328,588473,588484,11,145
588328,588482,588483,1,154
588328,588477,588484,7,149
588328,588475,588484,9,147
588328,588481,588484,3,153
588328,588482,588484,2,154
588328,588482,588485,3,154
588328,588482,588484,2,154
588328,588483,588485,2,155
588328,588482,588484,2,154
588328,588474,588486,12,146
588328,588484,588485,1,156
588328,588484,588486,2,156
588328,588482,588485,3,154
588328,588482,588484,2,154
588328,588483,588486,3,155
588328,588483,588485,2,155
588328,588483,588485,2,155
588328,588483,588486,3,155
588328,588484,588487,3,156
588328,588484,588486,2,156
588328,588485,588487,2,157
588328,588483,588486,3,155
588328,588485,588488,3,157
588328,588485,588488,3,157
588328,588485,588487,2,157
588328,588486,588487,1,158
588328,588486,588488,2,158
588352,588486,588489,3,134
588352,588486,588489,3,134
588328,588485,588488,3,157
588328,588485,588488,3,157
588352,588486,588488,2,134
588352,588487,588489,2,135
588352,588487,588489,2,135
588352,588487,588489,2,135
588352,588486,588489,3,134
588352,588487,588490,3,135
588352,588487,588490,3,135
588352,588487,588492,5,135
588352,588491,588495,4,139
588352,588491,588496,5,139
588042,588146,588496,350,104
588352,588488,588495,7,136
588352,588492,588497,5,140
588352,588490,588498,8,138
588352,588489,588499,10,137
588352,588488,588500,12,136
588352,588495,588500,5,143
588352,588488,588501,13,136
588352,588489,588501,12,137
588352,588489,588501,12,137
588352,588489,588502,13,137
588352,588490,588502,12,138
588352,588490,588502,12,138
588352,588490,588501,11,138
588352,588490,588501,11,138
588352,588490,588503,13,138
588352,588490,588502,12,138
588352,588496,588504,8,144
588352,588496,588505,9,144
587966,588021,588505,484,55
588352,588497,588507,10,145
588352,588496,588507,11,144
588352,588499,588507,8,147
588352,588500,588509,9,148
588352,588502,588509,7,150
588352,588499,588508,9,147
588352,588507,588509,2,155
588352,588502,588509,7,150
588352,588502,588508,6,150
588352,588501,588510,9,149
588352,588507,588510,3,155
588352,588501,588510,9,149
588352,588509,588511,2,157
588352,588503,588510,7,151
588352,588505,588511,6,153
588352,588503,588511,8,151
588352,588504,588511,7,152
588352,588503,588512,9,151
588352,588507,588511,4,155
588352,588503,588512,9,151
588352,588509,588511,2,157
588352,588509,588512,3,157
588352,588500,588512,12,148
588352,588509,588512,3,157
588352,588510,588513,3,158
588352,588511,588513,2,159
588352,588509,588512,3,157
588352,588510,588512,2,158
588352,588511,588512,1,159
588352,588507,588512,5,155
588352,588509,588512,3,157
588352,588511,588514,3,159
588352,588511,588514,3,159
588352,588512,588514,2,160
588352,588510,588513,3,158
588352,588512,588514,2,160
588352,588501,588513,12,149
588352,588511,588513,2,159
588352,588512,588514,2,160
588352,588513,588515,2,161
588352,588512,588514,2,160
588352,588512,588514,2,160
588352,588512,588514,2,160
588413,588513,588516,3,100
588413,588513,588516,3,100
588413,588513,588516,3,100
588352,588513,588515,2,161
588352,588513,588515,2,161
588413,588514,588517,3,101
588413,588514,588517,3,101
588413,588514,588516,2,101
588413,588513,588516,3,100
588413,588514,588516,2,101
588413,588514,588517,3,101
588413,588514,588517,3,101
588413,588518,588523,5,105
588413,588514,588524,10,101
588413,588517,588524,7,104
588413,588517,588525,8,104
588413,588515,588525,10,102
588413,588517,588524,7,104
588413,588516,588526,10,103
588413,588518,588526,8,105
588413,588514,588526,12,101
588413,588515,588527,12,102
588413,588516,588528,12,103
588413,588516,588528,12,103
588413,588515,588527,12,102
588413,588515,588529,14,102
588413,588516,588528,12,103
588413,588517,588529,12,104
588072,588177,588529,352,105
588413,588516,588529,13,103
588413,588517,588530,13,104
588413,588524,588533,9,111
588413,588524,588533,9,111
588413,588526,588533,7,113
588413,588525,588534,9,112
588413,588527,588535,8,114
588413,588524,588534,10,111
588413,588526,588535,9,113
588413,588526,588535,9,113
588413,588525,588535,10,112
588007,588055,588535,480,48
588413,588528,588536,8,115
588413,588529,588536,7,116
588413,588529,588536,7,116
588413,588525,588536,11,112
588413,588535,588537,2,122
588413,588528,588537,9,115
588413,588528,588536,8,115
588413,588529,588537,8,116
588413,588535,588538,3,122
588413,588536,588538,2,123
588413,588536,588538,2,123
588413,588529,588537,8,116
588413,588535,588537,2,122
588413,588536,588539,3,123
588413,588530,588539,9,117
588413,588536,588538,2,123
588413,588531,588539,8,118
588413,588535,588538,3,122
588413,588534,588539,5,121
588413,588537,588540,3,124
588413,588533,588539,6,120
588413,588538,588540,2,125
588413,588538,588540,2,125
588413,588537,588540,3,124
588413,588537,588539,2,124
588413,588538,588540,2,125
588413,588537,588539,2,124
588413,588533,588540,7,120
588413,588538,588541,3,125
588413,588538,588540,2,125
588413,588539,588541,2,126
588413,588537,588540,3,124
588413,588539,588541,2,126
588413,588533,588540,7,120
588413,588535,588540,5,122
588439,588540,588542,2,101
588413,588539,588542,3,126
588413,588539,588541,2,126
588413,588539,588541,2,126
588439,588540,588543,3,101
588439,588540,588542,2,101
588439,588540,588543,3,101
588439,588540,588542,2,101
588439,588540,588543,3,101
588439,588541,588544,3,102
588439,588540,588543,3,101
588439,588540,588543,3,101
588439,588541,588545,4,102
588439,588544,588549,5,105
588439,588544,588550,6,105
588439,588544,588550,6,105
588439,588541,588551,10,102
588439,588542,588552,10,103
588439,588544,588551,7,105
588439,588541,588553,12,102
588439,588545,588553,8,106
588439,588541,588553,12,102
588439,588541,588553,12,102
588439,588541,588554,13,102
588439,588542,588554,12,103
588439,588543,588553,10,104
588439,588543,588553,10,104
588439,588542,588553,11,103
588439,588543,588554,11,104
588439,588543,588555,12,104
588439,588543,588555,12,104
588439,588543,588555,12,104
588439,588550,588559,9,111
588439,588549,588559,10,110
588439,588551,588560,9,112
588439,588554,588560,6,115
588439,588553,588561,8,114
588439,588553,588561,8,114
588439,588552,588560,8,113
588439,588553,588561,8,114
588439,588556,588562,6,117
588439,588551,588562,11,112
588439,588552,588562,10,113
588439,588553,588563,10,114
588439,588554,588562,8,115
588439,588555,588563,8,116
588439,588561,588563,2,122
588439,588554,588562,8,115
588439,588554,588562,8,115
588439,588555,588564,9,116
588439,588555,588564,9,116
588439,588563,588565,2,124
588439,588554,588564,10,115
588439,588562,588565,3,123
588439,588562,588565,3,123
588439,588562,588564,2,123
588439,588563,588565,2,124
588439,588563,588566,3,124
588439,588563,588566,3,124
588439,588560,588566,6,121
588439,588563,588566,3,124
588439,588563,588566,3,124
588439,588560,588565,5,121
588439,588561,588566,5,122
588439,588564,588567,3,125
588439,588559,588567,8,120
588439,588565,588567,2,126
588439,588559,588566,7,120
588439,588561,588566,5,122
588439,588561,588568,7,122
588439,588565,588568,3,126
588439,588565,588568,3,126
588439,588564,588567,3,125
588439,588565,588568,3,126
588463,588566,588568,2,103
588439,588566,588568,2,127
588463,588567,588569,2,104
588463,588566,588569,3,103
588439,588565,588569,4,126
588439,588565,588568,3,126
588463,588566,588568,2,103
588439,588566,588568,2,127
588463,588567,588569,2,104
588463,588567,588570,3,104
588463,588567,588570,3,104
588463,588567,588569,2,104
588079,588210,588571,361,131
588018,588086,588570,484,68
588463,588568,588571,3,105
588463,588567,588570,3,104
588463,588571,588574,3,108
588463,588570,588575,5,107
588463,588570,588575,5,107
588463,588571,588575,4,108
588463,588571,588575,4,108
588463,588571,588576,5,108
588463,588568,588578,10,105
588463,588574,588578,4,111
588463,588570,588578,8,107
588463,588568,588578,10,105
588463,588569,588579,10,106
588463,588568,588580,12,105
588463,588568,588580,12,105
588463,588575,588580,5,112
588463,588569,588580,11,106
588463,588569,588581,12,106
588463,588569,588581,12,106
588463,588568,588580,12,105
588463,588569,588582,13,106
588463,588569,588581,12,106
588463,588568,588582,14,105
588463,588575,588583,8,112
588463,588569,588583,14,106
588463,588578,588584,6,115
588463,588578,588584,6,115
588463,588577,588585,8,114
588463,588579,588585,6,116
588463,588576,588585,9,113
588463,588578,588586,8,115
588463,588581,588586,5,118
588463,588580,588586,6,117
588463,588576,588587,11,113
588463,588578,588587,9,115
588463,588580,588586,6,117
588463,588580,588587,7,117
588463,588581,588587,6,118
588463,588582,588588,6,119
588463,588584,588588,4,121
588463,588585,588587,2,122
588463,588581,588587,6,118
588463,588584,588588,4,121
588463,588583,588588,5,120
588463,588582,588589,7,119
588463,588585,588588,3,122
588463,588586,588588,2,123
588463,588585,588589,4,122
588463,588586,588588,2,123
588463,588587,588589,2,124
588463,588582,588588,6,119
588463,588586,588588,2,123
588463,588587,588590,3,124
588463,588588,588590,2,125
588463,588588,588590,2,125
588463,588587,588590,3,124
588463,588588,588590,2,125
588463,588580,588590,10,117
588463,588583,588590,7,120
588463,588588,588590,2,125
588463,588588,588590,2,125
588463,588588,588591,3,125
588463,588588,588591,3,125
588478,588590,588592,2,112
588478,588590,588591,1,112
588478,588589,588592,3,111
588478,588590,588592,2,112
588463,588589,588591,2,126
588463,588589,588591,2,126
588463,588589,588591,2,126
588478,588589,588592,3,111
588463,588588,588591,3,125
588478,588590,588593,3,112
588478,588589,588592,3,111
588478,588590,588592,2,112
588478,588590,588592,2,112
588478,588590,588596,6,112
588478,588593,588597,4,115
588478,588593,588598,5,115
588478,588590,588598,8,112
588478,588594,588599,5,116
588478,588593,588600,7,115
588478,588592,588601,9,114
588478,588596,588601,5,118
588478,588592,588602,10,114
588478,588592,588602,10,114
588478,588592,588602,10,114
588478,588591,588602,11,113
588478,588591,588602,11,113
588478,588591,588603,12,113
588478,588591,588603,12,113
588478,588592,588604,12,114
588478,588592,588604,12,114
588478,588592,588604,12,114
588478,588592,588605,13,114
588478,588592,588605,13,114
588478,588597,588607,10,119
588478,588598,588607,9,120
588478,588598,588608,10,120
588478,588602,588608,6,124
588478,588601,588608,7,123
588478,588602,588609,7,124
588478,588599,588610,11,121
588478,588602,588610,8,124
588478,588603,588610,7,125
588478,588604,588610,6,126
588478,588602,588611,9,124
588478,588603,588610,7,125
588478,588604,588611,7,126
588478,588600,588612,12,122
588478,588604,588612,8,126
588478,588605,588611,6,127
588478,588601,588611,10,123
588478,588610,588613,3,132
588478,588610,588613,3,132
588478,588608,588613,5,130
588478,588609,588613,4,131
588478,588604,588613,9,126
588478,588610,588614,4,132
588478,588606,588614,8,128
588478,588608,588615,7,130
588478,588608,588614,6,130
588478,588611,588614,3,133
588478,588611,588615,4,133
588478,588611,588615,4,133
588478,588610,588615,5,132
588478,588612,588615,3,134
588478,588613,588615,2,135
588478,588607,588615,8,129
588478,588607,588616,9,129
588478,588613,588616,3,135
588478,588613,588616,3,135
588478,588612,588615,3,134
588478,588612,588616,4,134
588478,588614,588617,3,136
588478,588613,588616,3,135
588478,588615,588617,2,137
588478,588613,588616,3,135
588478,588615,588616,1,137
588478,588614,588616,2,136
588500,588615,588617,2,115
588500,588615,588618,3,115
588478,588615,588617,2,137
588500,588615,588618,3,115
588478,588612,588617,5,134
588500,588615,588617,2,115
588500,588616,588619,3,116
588500,588616,588618,2,116
588500,588616,588619,3,116
588500,588616,588619,3,116
588500,588616,588619,3,116
588500,588617,588620,3,117
588500,588619,588623,4,119
588500,588617,588624,7,117
588500,588620,588625,5,120
588500,588619,588626,7,119
588500,588621,588626,5,121
588500,588619,588627,8,119
588500,588617,588628,11,117
588500,588617,588628,11,117
588500,588618,588628,10,118
588500,588623,588628,5,123
588500,588617,588629,12,117
588500,588618,588629,11,118
588500,588625,588630,5,125
588500,588617,588630,13,117
588500,588619,588630,11,119
588500,588618,588630,12,118
588500,588624,588629,5,124
588500,588618,588631,13,118
588500,588617,588631,14,117
588500,588626,588631,5,126
588500,588618,588631,13,118
588500,588618,588632,14,118
588500,588626,588633,7,126
588500,588627,588634,7,127
588500,588628,588635,7,128
588500,588631,588636,5,131
588500,588630,588636,6,130
588500,588628,588636,8,128
588500,588630,588636,6,130
588500,588631,588637,6,131
588500,588629,588637,8,129
588500,588628,588636,8,128
588500,588628,588636,8,128
588500,588629,588638,9,129
588500,588630,588638,8,130
588500,588631,588638,7,131
588500,588636,588638,2,136
588500,588631,588637,6,131
588500,588633,588639,6,133
588500,588637,588639,2,137
588500,588630,588639,9,130
588500,588630,588639,9,130
588500,588637,588639,2,137
588500,588633,588640,7,133
588500,588637,588639,2,137
588500,588636,588639,3,136
588500,588638,588640,2,138
588500,588638,588640,2,138
588500,588636,588641,5,136
588500,588637,588640,3,137
588500,588638,588640,2,138
588500,588638,588641,3,138
588500,588634,588641,7,134
588500,588636,588640,4,136
588500,588639,588640,1,139
588500,588638,588641,3,138
588500,588639,588642,3,139
588500,588640,588642,2,140
588500,588639,588641,2,139
588500,588640,588642,2,140
588500,588636,588641,5,136
588500,588639,588642,3,139
588500,588639,588641,2,139
588507,588641,588643,2,134
588500,588640,588642,2,140
588500,588640,588642,2,140
588507,588641,588644,3,134
588507,588641,588643,2,134
588507,588641,588643,2,134
588507,588641,588643,2,134
588507,588642,588644,2,135
588507,588641,588644,3,134
588507,588641,588643,2,134
588507,588641,588644,3,134
588507,588642,588645,3,135
588507,588644,588648,4,137
588507,588644,588650,6,137
588507,588642,588650,8,135
588507,588645,588650,5,138
588507,588648,588651,3,141
588129,588279,588651,372,150
588507,588643,588653,10,136
588507,588644,588653,9,137
588507,588642,588654,12,135
588507,588650,588654,4,143
588507,588643,588654,11,136
588507,588643,588654,11,136
588507,588643,588655,12,136
588507,588642,588654,12,135
588507,588642,588655,13,135
588507,588650,588656,6,143
588507,588644,588656,12,137
588507,588644,588656,12,137
588507,588644,588656,12,137
588507,588644,588656,12,137
588507,588644,588657,13,137
588507,588650,588659,9,143
588507,588651,588659,8,144
588507,588652,588660,8,145
588507,588653,588661,8,146
588507,588654,588661,7,147
588507,588654,588661,7,147
588507,588655,588662,7,148
588507,588655,588662,7,148
588507,588656,588662,6,149
588507,588656,588662,6,149
588507,588654,588663,9,147
588507,588654,588662,8,147
588507,588653,588664,11,146
588507,588656,588663,7,149
588507,588656,588665,9,149
588507,588657,588665,8,150
588507,588659,588665,6,152
588507,588659,588665,6,152
588507,588662,588666,4,155
588507,588657,588665,8,150
588507,588662,588666,4,155
588507,588661,588666,5,154
588507,588661,588667,6,154
588507,588663,588667,4,156
588507,588660,588666,6,153
588507,588665,588667,2,158
588507,588662,588667,5,155
588507,588657,588666,9,150
588507,588663,588668,5,156
588507,588665,588668,3,158
588507,588661,588668,7,154
588507,588664,588667,3,157
588507,588665,588667,2,158
588507,588665,588667,2,158
588507,588666,588668,2,159
588507,588663,588668,5,156
588507,588667,588669,2,160
588507,588664,588668,4,157
588507,588666,588668,2,159
588507,588667,588669,2,160
588507,588667,588668,1,160
588507,588667,588668,1,160
588530,588668,588669,1,138
588507,588666,588668,2,159
588507,588666,588669,3,159
588530,588668,588670,2,138
588507,588667,588669,2,160
588530,588668,588671,3,138
588530,588668,588671,3,138
588530,588668,588670,2,138
588530,588669,588671,2,139
588530,588669,588671,2,139
588530,588669,588672,3,139
588530,588670,588674,4,140
588530,588670,588674,4,140
588530,588674,588677,3,144
588530,588674,588678,4,144
588530,588673,588678,5,143
588179,588308,588679,371,129
588530,588670,588678,8,140
588530,588670,588681,11,140
588530,588670,588681,11,140
588530,588672,588681,9,142
588530,588677,588682,5,147
588530,588671,588682,11,141
588530,588670,588681,11,140
588530,588670,588681,11,140
588530,588670,588682,12,140
588530,588669,588682,13,139
588530,588678,588683,5,148
588530,588679,588683,4,149
588530,588670,588682,12,140
588530,588671,588682,11,141
588530,588670,588684,14,140
588530,588678,588684,6,148
588530,588671,588683,12,141
588530,588679,588684,5,149
588530,588672,588685,13,142
588530,588681,588687,6,151
588530,588682,588689,7,152
588530,588683,588689,6,153
588530,588684,588689,5,154
588530,588681,588689,8,151
588530,588683,588689,6,153
588530,588682,588690,8,152
588530,588682,588689,7,152
588530,588684,588690,6,154
588530,588682,588690,8,152
588530,588682,588690,8,152
588530,588682,588690,8,152
588530,588683,588691,8,153
588530,588683,588690,7,153
588530,588684,588691,7,154
588530,588681,588690,9,151
588530,588687,588691,4,157
588530,588690,588692,2,160
588530,588686,588692,6,156
588530,588690,588692,2,160
588530,588690,588693,3,160
588530,588691,588693,2,161
588530,588691,588693,2,161
588530,588689,588693,4,159
588530,588685,588692,7,155
588530,588690,588692,2,160
588530,588689,588693,4,159
588530,588689,588694,5,159
588530,588691,588694,3,161
588530,588690,588694,4,160
588530,588689,588693,4,159
588530,588692,588693,1,162
588530,588692,588693,1,162
588530,588691,588694,3,161
588530,588689,588695,6,159
588530,588691,588694,3,161
588530,588692,588694,2,162
588530,588693,588695,2,163
588530,588693,588696,3,163
588530,588694,588696,2,164
588530,588693,588696,3,163
588530,588693,588696,3,163
588530,588692,588695,3,162
588536,588694,588696,2,158
588536,588694,588695,1,158
588536,588695,588697,2,159
588536,588694,588696,2,158
588536,588694,588697,3,158
588536,588695,588698,3,159
588536,588695,588697,2,159
588536,588695,588697,2,159
588536,588695,588698,3,159
588536,588695,588699,4,159
588536,588698,588702,4,162
588536,588695,588703,8,159
588536,588698,588703,5,162
588536,588699,588704,5,163
588536,588698,588705,7,162
588536,588696,588706,10,160
588536,588697,588706,9,161
588536,588702,588707,5,166
588536,588695,588707,12,159
588233,588338,588707,369,105
588536,588696,588707,11,160
588536,588696,588708,12,160
588536,588696,588708,12,160
588536,588703,588708,5,167
588536,588703,588707,4,167
588536,588696,588709,13,160
588536,588696,588708,12,160
588536,588698,588709,11,162
588536,588696,588708,12,160
588536,588698,588710,12,162
588536,588697,588709,12,161
588536,588704,588711,7,168
588536,588705,588713,8,169
588536,588707,588714,7,171
588536,588709,588714,5,173
588536,588706,588714,8,170
588536,588709,588714,5,173
588536,588707,588715,8,171
588536,588708,588715,7,172
588536,588708,588715,7,172
588536,588707,588715,8,171
588536,588708,588715,7,172
588536,588708,588716,8,172
588536,588709,588716,7,173
588536,588707,588716,9,171
588536,588707,588715,8,171
588536,588710,588716,6,174
588536,588709,588717,8,173
588536,588715,588718,3,179
588536,588716,588718,2,180
588536,588710,588718,8,174
588536,588715,588718,3,179
588536,588716,588718,2,180
588536,588716,588718,2,180
588536,588715,588718,3,179
588536,588716,588719,3,180
588536,588715,588719,4,179
588536,588713,588719,6,177
588536,588715,588718,3,179
588536,588714,588719,5,178
588536,588717,588720,3,181
588536,588711,588719,8,175
588536,588718,588720,2,182
588536,588718,588720,2,182
588536,588718,588720,2,182
588536,588714,588719,5,178
588536,588718,588719,1,182
588536,588719,588720,1,183
588536,588714,588719,5,178
588536,588718,588720,2,182
588536,588718,588721,3,182
588536,588718,588721,3,182
588536,588717,588720,3,181
588580,588719,588721,2,139
588536,588714,588720,6,178
588107,588246,588722,476,139
588536,588719,588721,2,183
588536,588719,588721,2,183
588580,588720,588722,2,140
588580,588720,588722,2,140
588580,588720,588723,3,140
588580,588720,588722,2,140
588580,588720,588722,2,140
588580,588720,588722,2,140
588580,588720,588722,2,140
588580,588720,588722,2,140
588580,588720,588724,4,140
588580,588723,588727,4,143
588580,588723,588728,5,143
588580,588724,588728,4,144
588580,588720,588729,9,140
588580,588723,588730,7,143
588580,588723,588730,7,143
588580,588721,588731,10,141
588580,588721,588732,11,141
588580,588722,588732,10,142
588580,588727,588732,5,147
588580,588723,588733,10,143
588580,588722,588732,10,142
588580,588728,588733,5,148
588580,588728,588734,6,148
588580,588722,588734,12,142
588580,588722,588734,12,142
588580,588721,588734,13,141
588580,588721,588734,13,141
588580,588722,588734,12,142
588580,588721,588734,13,141
588580,588723,588736,13,143
588580,588729,588736,7,149
588580,588730,588739,9,150
588580,588732,588739,7,152
588580,588733,588739,6,153
588580,588730,588740,10,150
588580,588732,588739,7,152
588580,588734,588740,6,154
588580,588734,588740,6,154
588580,588734,588740,6,154
588580,588733,588741,8,153
588580,588732,588740,8,152
588580,588733,588741,8,153
588580,588733,588740,7,153
588580,588734,588742,8,154
588580,588736,588741,5,156
588580,588740,588742,2,160
588580,588736,588741,5,156
588580,588741,588743,2,161
588580,588741,588743,2,161
588580,588734,588743,9,154
588580,588735,588742,7,155
588580,588740,588743,3,160
588580,588740,588743,3,160
588580,588740,588743,3,160
588580,588741,588744,3,161
588580,588741,588743,2,161
588580,588740,588744,4,160
588580,588736,588744,8,156
588580,588739,588743,4,159
588580,588743,588744,1,163
588580,588742,588744,2,162
588580,588743,588745,2,163
588580,588742,588745,3,162
588580,588739,588744,5,159
588580,588742,588744,2,162
588580,588743,588745,2,163
588580,588743,588746,3,163
588582,588744,588746,2,162
588580,588743,588746,3,163
588580,588742,588745,3,162
588580,588743,588745,2,163
588580,588743,588745,2,163
588580,588739,588745,6,159
588580,588744,588745,1,164
588580,588744,588746,2,164
588582,588744,588746,2,162
588582,588745,588747,2,163
588582,588744,588746,2,162
588582,588745,588747,2,163
588582,588745,588746,1,163
588582,588744,588748,4,162
588582,588746,588749,3,164
588582,588745,588748,3,163
588582,588745,588748,3,163
588582,588746,588752,6,164
588582,588749,588754,5,167
588582,588749,588755,6,167
588582,588749,588754,5,167
588582,588753,588755,2,171
588582,588748,588756,8,166
588582,588746,588757,11,164
588582,588747,588757,10,165
588582,588746,588758,12,164
588582,588746,588757,11,164
588582,588748,588757,9,166
588582,588754,588758,4,172
588582,588746,588759,13,164
588582,588746,588759,13,164
588582,588747,588759,12,165
588582,588747,588759,12,165
588582,588746,588760,14,164
588582,588748,588760,12,166
588582,588755,588760,5,173
588582,588747,588761,14,165
588582,588755,588763,8,173
588582,588755,588764,9,173
588582,588757,588764,7,175
588582,588760,588765,5,178
588582,588756,588765,9,174
588582,588760,588766,6,178
588582,588759,588766,7,177
588582,588757,588766,9,175
588582,588759,588766,7,177
588582,588759,588766,7,177
588582,588759,588766,7,177
588582,588759,588767,8,177
588582,588759,588767,8,177
588582,588759,588766,7,177
588582,588761,588766,5,179
588582,588760,588766,6,178
588582,588759,588768,9,177
588582,588764,588768,4,182
588582,588766,588769,3,184
588582,588766,588769,3,184
588582,588763,588770,7,181
588582,588766,588769,3,184
588582,588768,588770,2,186
588582,588768,588770,2,186
588582,588767,588770,3,185
588582,588765,588770,5,183
588582,588766,588770,4,184
588582,588764,588771,7,182
588582,588767,588770,3,185
588582,588765,588771,6,183
588582,588766,588771,5,184
588582,588767,588770,3,185
588582,588768,588771,3,186
588582,588768,588770,2,186
588582,588770,588772,2,188
588582,588769,588771,2,187
588582,588770,588771,1,188
588582,588770,588772,2,188
588653,588771,588773,2,118
588582,588766,588773,7,184
588582,588770,588773,3,188
588582,588770,588773,3,188
588582,588770,588773,3,188
588582,588770,588773,3,188
588582,588770,588772,2,188
588653,588771,588773,2,118
588653,588772,588774,2,119
588653,588772,588774,2,119
588653,588771,588773,2,118
588653,588772,588775,3,119
588653,588771,588775,4,118
588582,588771,588774,3,189
588653,588771,588774,3,118
588653,588772,588775,3,119
588653,588773,588776,3,120
588653,588776,588781,5,123
588653,588775,588782,7,122
588653,588773,588784,11,120
588653,588774,588784,10,121
588653,588773,588785,12,120
588653,588773,588785,12,120
588653,588775,588785,10,122
588653,588774,588785,11,121
588653,588774,588785,11,121
588653,588773,588786,13,120
588653,588775,588786,11,122
588653,588773,588786,13,120
588653,588774,588785,11,121
588653,588775,588786,11,122
588653,588774,588787,13,121
588653,588781,588788,7,128
588653,588775,588789,14,122
588653,588783,588791,8,130
588653,588788,588792,4,135
588653,588786,588793,7,133
588653,588785,588793,8,132
588653,588788,588793,5,135
588653,588784,588792,8,131
588653,588789,588794,5,136
588653,588785,588794,9,132
588653,588786,588794,8,133
588653,588788,588794,6,135
588653,588785,588793,8,132
588653,588786,588795,9,133
588653,588784,588794,10,131
588653,588785,588794,9,132
588653,588791,588795,4,138
588653,588786,588795,9,133
588653,588786,588796,10,133
588653,588792,588797,5,139
588653,588793,588799,6,140
588653,588794,588799,5,141
588653,588793,588799,6,140
588653,588795,588799,4,142
588653,588794,588799,5,141
588653,588795,588800,5,142
588653,588795,588800,5,142
588653,588797,588799,2,144
588653,588795,588799,4,142
588653,588793,588799,6,140
588653,588796,588800,4,143
588653,588795,588800,5,142
588653,588793,588801,8,140
588653,588799,588801,2,146
588653,588796,588802,6,143
588653,588794,588802,8,141
588653,588799,588802,3,146
588653,588794,588801,7,141
588653,588799,588801,2,146
588653,588800,588803,3,147
588653,588801,588803,2,148
588653,588800,588803,3,147
588653,588800,588802,2,147
588653,588801,588803,2,148
588653,588800,588804,4,147
588653,588801,588804,3,148
588653,588800,588803,3,147
588653,588799,588803,4,146
588653,588801,588804,3,148
588653,588799,588803,4,146
588681,588802,588805,3,121
588681,588802,588805,3,121
588681,588802,588805,3,121
588681,588803,588805,2,122
588681,588803,588806,3,122
588681,588803,588806,3,122
588681,588803,588805,2,122
588681,588802,588806,4,121
588681,588803,588806,3,122
588681,588804,588809,5,123
588681,588804,588814,10,123
588681,588804,588814,10,123
588681,588805,588815,10,124
588681,588806,588816,10,125
588681,588806,588816,10,125
588681,588804,588816,12,123
588681,588805,588817,12,124
588681,588806,588818,12,125
588681,588806,588817,11,125
588681,588807,588817,10,126
588681,588809,588818,9,128
588681,588804,588819,15,123
588681,588805,588819,14,124
588681,588805,588820,15,124
588681,588806,588821,15,125
588681,588814,588822,8,133
588681,588816,588824,8,135
588681,588816,588824,8,135
588681,588814,588824,10,133
588681,588820,588825,5,139
588681,588819,588825,6,138
588681,588817,588825,8,136
588681,588821,588825,4,140
588681,588818,588826,8,137
588681,588816,588825,9,135
588681,588819,588827,8,138
588681,588819,588827,8,138
588681,588818,588826,8,137
588681,588818,588827,9,137
588681,588822,588827,5,141
588681,588816,588826,10,135
588681,588824,588828,4,143
588681,588824,588827,3,143
588681,588824,588830,6,143
588681,588825,588831,6,144
588681,588826,588831,5,145
588681,588825,588831,6,144
588681,588827,588831,4,146
588681,588828,588831,3,147
588681,588827,588832,5,146
588681,588827,588831,4,146
588681,588828,588831,3,147
588681,588825,588833,8,144
588681,588826,588832,6,145
588681,588827,588833,6,146
588681,588825,588833,8,144
588681,588831,588834,3,150
588681,588827,588834,7,146
588681,588831,588834,3,150
588681,588830,588834,4,149
588681,588831,588834,3,150
588681,588827,588833,6,146
588681,588832,588835,3,151
588681,588831,588834,3,150
588681,588834,588835,1,153
588681,588832,588835,3,151
588681,588832,588834,2,151
588681,588834,588835,1,153
588681,588833,588836,3,152
588681,588831,588835,4,150
588681,588834,588836,2,153
588681,588833,588836,3,152
588681,588833,588837,4,152
588681,588834,588836,2,153
588707,588835,588837,2,128
588707,588835,588837,2,128
588681,588833,588836,3,152
588707,588834,588838,4,127
588707,588835,588838,3,128
588707,588835,588839,4,128
588707,588835,588839,4,128
588707,588835,588839,4,128
588707,588836,588839,3,129
588707,588836,588839,3,129
588328,588486,588840,354,158
588707,588836,588847,11,129
588260,588366,588847,481,106
588707,588837,588848,11,130
588707,588837,588848,11,130
588707,588837,588849,12,130
588707,588836,588850,14,129
588707,588838,588849,11,131
588707,588839,588849,10,132
588707,588839,588849,10,132
588707,588837,588850,13,130
588707,588841,588851,10,134
588707,588839,588851,12,132
588707,588838,588851,13,131
588707,588839,588850,11,132
588707,588840,588852,12,133
588707,588837,588851,14,130
588707,588851,588855,4,144
588707,588852,588855,3,145
588707,588848,588856,8,141
588707,588848,588856,8,141
588707,588851,588856,5,144
588707,588851,588856,5,144
588707,588851,588856,5,144
588707,588847,588857,10,140
588707,588850,588858,8,143
588707,588847,588858,11,140
588707,588852,588858,6,145
588707,588850,588858,8,143
588707,588855,588859,4,148
588707,588850,588859,9,143
588707,588850,588860,10,143
588707,588855,588860,5,148
588707,588849,588860,11,142
588707,588850,588861,11,143
588707,588856,588861,5,149
588707,588856,588862,6,149
588707,588856,588862,6,149
588707,588856,588863,7,149
588707,588858,588863,5,151
588707,588857,588864,7,150
588707,588859,588863,4,152
588707,588861,588863,2,154
588707,588857,588864,7,150
588707,588862,588865,3,155
588707,588860,588865,5,153
588707,588861,588865,4,154
588707,588861,588864,3,154
588707,588858,588866,8,151
588707,588860,588866,6,153
588707,588863,588866,3,156
588707,588860,588865,5,153
588707,588858,588866,8,151
588707,588859,588865,6,152
588707,588864,588867,3,157
588707,588862,588867,5,155
588707,588863,588867,4,156
588707,588864,588867,3,157
588707,588864,588866,2,157
588707,588865,588868,3,158
588707,588866,588868,2,159
588707,588866,588868,2,159
588707,588865,588868,3,158
588707,588865,588867,2,158
588707,588866,588868,2,159
588707,588865,588869,4,158
588707,588866,588869,3,159
588732,588867,588869,2,135
588707,588866,588868,2,159
588732,588867,588868,1,135
588732,588867,588870,3,135
588732,588868,588869,1,136
588732,588867,588870,3,135
588732,588866,588869,3,134
588732,588867,588870,3,135
588732,588868,588870,2,136
588732,588868,588871,3,136
588732,588868,588874,6,136
588732,588868,588875,7,136
588732,588875,588879,4,143
588732,588871,588880,9,139
588732,588874,588880,6,142
588732,588869,588880,11,137
588732,588870,588880,10,138
588732,588869,588881,12,137
588732,588870,588880,10,138
588732,588869,588881,12,137
588732,588869,588882,13,137
588732,588868,588882,14,136
588732,588870,588881,11,138
588732,588871,588881,10,139
588732,588871,588881,10,139
588732,588869,588881,12,137
588732,588870,588882,12,138
588732,588879,588884,5,147
588732,588880,588885,5,148
588732,588880,588887,7,148
588732,588880,588888,8,148
588732,588884,588888,4,152
588732,588881,588889,8,149
588732,588883,588889,6,151
588732,588880,588888,8,148
588732,588885,588889,4,153
588732,588882,588890,8,150
588732,588882,588889,7,150
588732,588881,588890,9,149
588732,588887,588891,4,155
588732,588882,588890,8,150
588732,588883,588890,7,151
588732,588881,588891,10,149
588732,588882,588891,9,150
588414,588540,588891,351,126
588732,588888,588890,2,156
588732,588882,588891,9,150
588732,588888,588891,3,156
588732,588889,588893,4,157
588732,588890,588893,3,158
588732,588891,588894,3,159
588732,588891,588893,2,159
588732,588893,588894,1,161
588732,588891,588895,4,159
588732,588890,588895,5,158
588732,588893,588895,2,161
588732,588889,588895,6,157
588732,588892,588895,3,160
588732,588891,588895,4,159
588732,588891,588896,5,159
588732,588891,588896,5,159
588732,588889,588896,7,157
588732,588891,588895,4,159
588732,588890,588895,5,158
588732,588895,588897,2,163
588732,588894,588896,2,162
588732,588894,588896,2,162
588732,588895,588897,2,163
588732,588891,588897,6,159
588732,588894,588897,3,162
588732,588890,588896,6,158
588732,588895,588898,3,163
588732,588895,588897,2,163
588732,588895,588898,3,163
588848,588896,588899,3,48
588848,588897,588899,2,49
588732,588896,588899,3,164
588732,588895,588899,4,163
588732,588896,588899,3,164
588848,588897,588900,3,49
588848,588897,588899,2,49
588848,588897,588900,3,49
588848,588897,588899,2,49
588848,588897,588899,2,49
588848,588897,588900,3,49
588848,588897,588901,4,49
588294,588425,588904,479,131
588848,588898,588905,7,50
588848,588898,588908,10,50
588848,588899,588909,10,51
588848,588899,588910,11,51
588848,588900,588910,10,52
588848,588898,588910,12,50
588848,588900,588911,11,52
588848,588900,588910,10,52
588848,588901,588912,11,53
588848,588900,588912,12,52
588848,588899,588912,13,51
588848,588900,588912,12,52
588848,588899,588913,14,51
588848,588904,588913,9,56
588848,588901,588913,12,53
588848,588899,588913,14,51
588848,588905,588914,9,57
588848,588912,588916,4,64
588848,588908,588916,8,60
588848,588912,588916,4,64
588293,588425,588917,492,132
588848,588912,588916,4,64
588848,588910,588917,7,62
588848,588913,588918,5,65
588848,588911,588918,7,63
588848,588911,588918,7,63
588848,588912,588917,5,64
588848,588913,588918,5,65
588848,588910,588918,8,62
588848,588915,588919,4,67
588848,588913,588918,5,65
588848,588909,588918,9,61
588848,588915,588920,5,67
588848,588910,588920,10,62
588848,588916,588920,4,68
588848,588916,588921,5,68
588848,588916,588922,6,68
588848,588918,588922,4,70
588848,588920,588922,2,72
588848,588918,588923,5,70
588848,588920,588923,3,72
588848,588917,588923,6,69
588848,588918,588924,6,70
588848,588918,588924,6,70
588848,588917,588923,6,69
588848,588920,588923,3,72
588848,588919,588924,5,71
588848,588921,588924,3,73
588848,588918,588925,7,70
588848,588919,588924,5,71
588848,588917,588924,7,69
588848,588919,588924,5,71
588848,588921,588924,3,73
588848,588923,588925,2,75
588848,588924,588926,2,76
588848,588922,588926,4,74
588848,588923,588925,2,75
588848,588923,588927,4,75
588848,588924,588926,2,76
588848,588924,588927,3,76
588848,588923,588926,3,75
588848,588925,588927,2,77
588848,588923,588926,3,75
588848,588924,588927,3,76
588848,588925,588927,2,77
588848,588926,588927,1,78
588848,588926,588928,2,78
588848,588924,588928,4,76
588848,588925,588927,2,77
588848,588926,588928,2,78
588848,588926,588928,2,78
588848,588927,588929,2,79
588848,588925,588928,3,77
588848,588926,588929,3,78
588848,588927,588929,2,79
588848,588927,588930,3,79
588848,588927,588932,5,79
588848,588927,588935,8,79
588848,588928,588938,10,80
588848,588927,588938,11,79
588848,588927,588938,11,79
588848,588929,588939,10,81
588848,588927,588939,12,79
588848,588928,588938,10,80
588848,588930,588940,10,82
588848,588929,588939,10,81
588848,588929,588939,10,81
588848,588928,588940,12,80
588848,588929,588941,12,81
588848,588929,588941,12,81
588848,588930,588940,10,82
588848,588928,588941,13,80
588848,588932,588940,8,84
588848,588929,588942,13,81
588848,588935,588945,10,87
588848,588939,588946,7,91
588848,588938,588947,9,90
588848,588940,588947,7,92
588848,588938,588948,10,90
588848,588940,588948,8,92
588848,588939,588947,8,91
588848,588940,588948,8,92
588848,588941,588949,8,93
588848,588941,588949,8,93
588848,588938,588948,10,90
588848,588939,588948,9,91
588848,588941,588950,9,93
588848,588941,588950,9,93
588848,588941,588951,10,93
588848,588940,588951,11,92
588848,588946,588951,5,98
588848,588942,588952,10,94
588848,588947,588952,5,99
588848,588947,588952,5,99
588848,588948,588954,6,100
588848,588948,588953,5,100
588848,588951,588954,3,103
588848,588950,588954,4,102
588848,588948,588954,6,100
588848,588948,588953,5,100
588848,588949,588953,4,101
588848,588951,588954,3,103
588848,588952,588955,3,104
588848,588949,588954,5,101
588848,588950,588955,5,102
588848,588952,588955,3,104
588300,588459,588955,496,159
588848,588945,588954,9,97
588848,588951,588955,4,103
588848,588950,588955,5,102
588848,588952,588956,4,104
588848,588951,588956,5,103
588848,588954,588956,2,106
588848,588955,588957,2,107
588848,588955,588956,1,107
588848,588955,588957,2,107
588848,588954,588957,3,106
588848,588954,588957,3,106
588848,588954,588956,2,106
588848,588954,588957,3,106
588848,588955,588958,3,107
588892,588955,588958,3,63
588848,588954,588957,3,106
588848,588955,588957,2,107
588892,588957,588958,1,65
588892,588957,588959,2,65
588892,588957,588958,1,65
588892,588956,588959,3,64
588892,588956,588960,4,64
588892,588956,588960,4,64
588892,588956,588960,4,64
588892,588957,588960,3,65
588892,588957,588962,5,65
588892,588957,588964,7,65
588892,588959,588968,9,67
588892,588957,588968,11,65
588892,588957,588969,12,65
588892,588959,588969,10,67
588892,588959,588969,10,67
588892,588959,588969,10,67
588892,588958,588970,12,66
588892,588958,588969,11,66
588892,588959,588969,10,67
588892,588960,588972,12,68
588892,588961,588973,12,69
588892,588960,588973,13,68
588892,588960,588973,13,68
588892,588962,588974,12,70
588892,588964,588974,10,72
588892,588960,588975,15,68
588892,588971,588975,4,79
588892,588972,588976,4,80
588892,588970,588977,7,78
588892,588969,588977,8,77
588892,588969,588977,8,77
588892,588973,588978,5,81
588892,588973,588978,5,81
588892,588970,588978,8,78
588892,588973,588979,6,81
588892,588968,588979,11,76
588892,588968,588979,11,76
588892,588974,588979,5,82
588892,588969,588981,12,77
588892,588969,588981,12,77
588892,588974,588981,7,82
588892,588979,588982,3,87
588892,588975,588981,6,83
588892,588979,588982,3,87
588892,588977,588983,6,85
588892,588980,588983,3,88
588892,588978,588983,5,86
588892,588977,588983,6,85
588892,588976,588984,8,84
588892,588979,588984,5,87
588892,588975,588984,9,83
588892,588978,588984,6,86
588892,588978,588983,5,86
588892,588982,588985,3,90
588892,588981,588985,4,89
588892,588978,588985,7,86
588892,588981,588985,4,89
588892,588981,588985,4,89
588892,588982,588985,3,90
588892,588983,588986,3,91
588892,588984,588987,3,92
588892,588983,588987,4,91
588892,588983,588986,3,91
588892,588985,588987,2,93
588892,588983,588987,4,91
588892,588982,588986,4,90
588892,588985,588987,2,93
588892,588984,588987,3,92
588892,588985,588988,3,93
588892,588984,588987,3,92
588892,588984,588988,4,92
588892,588985,588987,2,93
588892,588984,588987,3,92
588892,588986,588989,3,94
588910,588987,588989,2,77
588910,588987,588989,2,77
588910,588987,588988,1,77
588910,588987,588989,2,77
588910,588987,588989,2,77
588910,588987,588989,2,77
588910,588986,588989,3,76
588910,588987,588989,2,77
588910,588987,588991,4,77
588500,588640,588991,351,140
588910,588988,588996,8,78
588352,588513,588998,485,161
588910,588990,588999,9,80
588910,588989,588999,10,79
588910,588988,588999,11,78
588910,588990,589000,10,80
588910,588990,589000,10,80
588910,588989,589000,11,79
588910,588988,589000,12,78
588910,588989,589000,11,79
588910,588990,589001,11,80
588910,588990,589001,11,80
588910,588991,589001,10,81
588910,588988,589000,12,78
588910,588992,589000,8,82
588910,588989,589001,12,79
588910,588988,589002,14,78
588910,589000,589003,3,90
588910,589000,589003,3,90
588910,589000,589003,3,90
588910,589000,589004,4,90
588910,589000,589004,4,90
588910,588999,589005,6,89
588910,589001,589004,3,91
588910,589001,589005,4,91
588910,588999,589004,5,89
588910,589001,589004,3,91
588910,588996,589006,10,86
588910,589001,589006,5,91
588910,588999,589006,7,89
588910,589001,589005,4,91
588910,589002,589007,5,92
588910,589002,589008,6,92
588910,589003,589008,5,93
588910,588998,589008,10,88
588910,589006,589010,4,96
588910,589005,589010,5,95
588910,589005,589010,5,95
588910,589008,589011,3,98
588910,589005,589011,6,95
588910,589005,589010,5,95
588910,589007,589011,4,97
588910,589003,589010,7,93
588910,589006,589011,5,96
588910,589008,589011,3,98
588910,589006,589011,5,96
588910,589007,589011,4,97
588910,589004,589011,7,94
588910,589005,589011,6,95
588910,589010,589013,3,100
588910,589010,589013,3,100
588910,589011,589013,2,101
588910,589009,589013,4,99
588910,589011,589014,3,101
588910,589011,589014,3,101
588910,589011,589013,2,101
588910,589004,589013,9,94
588910,589012,589014,2,102
588910,589011,589014,3,101
588910,589011,589014,3,101
588910,589011,589015,4,101
588910,589012,589015,3,102
588910,589013,589014,1,103
588910,589011,589014,3,101
588910,589011,589014,3,101
588917,589014,589016,2,97
588910,589012,589015,3,102
588917,589013,589015,2,96
588917,589014,589017,3,97
588917,589013,589017,4,96
588917,589014,589016,2,97
588917,589014,589017,3,97
588910,589004,589016,12,94
588917,589014,589017,3,97
588917,589014,589018,4,97
588917,589014,589017,3,97
588917,589015,589023,8,98
588917,589015,589025,10,98
588917,589015,589025,10,98
588917,589015,589026,11,98
588917,589016,589027,11,99
588917,589017,589027,10,100
588917,589016,589026,10,99
588917,589015,589028,13,98
588917,589018,589028,10,101
588917,589017,589028,11,100
588917,589017,589028,11,100
588917,589018,589029,11,101
588917,589017,589028,11,100
588917,589016,589028,12,99
588917,589017,589028,11,100
588917,589017,589030,13,100
588917,589027,589031,4,110
588917,589028,589032,4,111
588917,589028,589032,4,111
588917,589028,589032,4,111
588917,589028,589033,5,111
588917,589027,589033,6,110
588917,589025,589034,9,108
588917,589023,589034,11,106
588917,589029,589034,5,112
588917,589029,589033,4,112
588917,589029,589033,4,112
588917,589029,589033,4,112
588917,589026,589034,8,109
588917,589027,589034,7,110
588917,589030,589035,5,113
588917,589031,589034,3,114
588917,589025,589036,11,108
588917,589032,589037,5,115
588917,589035,589038,3,118
588917,589032,589038,6,115
588917,589034,589038,4,117
588917,589032,589038,6,115
588917,589036,589039,3,119
588917,589034,589040,6,117
588917,589033,589040,7,116
588917,589034,589040,6,117
588917,589034,589040,6,117
588917,589034,589039,5,117
588917,589035,589041,6,118
588917,589038,589041,3,121
588917,589035,589041,6,118
588917,589037,589041,4,120
588917,589033,589042,9,116
588917,589035,589042,7,118
588917,589038,589042,4,121
588917,589038,589041,3,121
588917,589040,589042,2,123
588917,589035,589042,7,118
588917,589040,589042,2,123
588917,589041,589043,2,124
588917,589038,589042,4,121
588917,589040,589044,4,123
588917,589040,589043,3,123
588917,589041,589044,3,124
588917,589041,589044,3,124
588917,589040,589043,3,123
588917,589041,589043,2,124
588917,589042,589044,2,125
588917,589040,589043,3,123
588955,589043,589045,2,88
588955,589042,589045,3,87
588917,589042,589044,2,125
588955,589043,589045,2,88
588955,589043,589045,2,88
588955,589042,589045,3,87
588955,589043,589045,2,88
588955,589044,589046,2,89
588955,589044,589046,2,89
588955,589044,589047,3,89
588955,589044,589049,5,89
588439,588566,589050,484,127
588955,589044,589050,6,89
588955,589044,589053,9,89
588955,589045,589054,9,90
588955,589045,589055,10,90
588955,589046,589056,10,91
588955,589046,589056,10,91
588955,589044,589056,12,89
588955,589045,589057,12,90
588955,589046,589057,11,91
588955,589046,589057,11,91
588955,589045,589058,13,90
588955,589047,589058,11,92
588955,589045,589057,12,90
588955,589046,589058,12,91
588955,589049,589059,10,94
588955,589050,589059,9,95
588955,589050,589060,10,95
588955,589056,589060,4,101
588955,589056,589060,4,101
588955,589055,589061,6,100
588955,589056,589060,4,101
588955,589057,589061,4,102
588955,589054,589061,7,99
588955,589057,589062,5,102
588955,589058,589063,5,103
588955,589058,589063,5,103
588955,589053,589064,11,98
588955,589058,589066,8,103
588955,589058,589066,8,103
588955,589060,589067,7,105
588955,589059,589067,8,104
588955,589059,589066,7,104
588955,589062,589068,6,107
588955,589061,589068,7,106
588955,589060,589068,8,105
588955,589062,589067,5,107
588955,589062,589068,6,107
588955,589063,589069,6,108
588955,589063,589069,6,108
588955,589060,589068,8,105
588955,589060,589069,9,105
588955,589061,589069,8,106
588955,589067,589071,4,112
588955,589064,589070,6,109
588955,589068,589071,3,113
588955,589068,589071,3,113
588955,589066,589070,4,111
588955,589068,589071,3,113
588955,589066,589071,5,111
588955,589068,589071,3,113
588955,589069,589072,3,114
588955,589067,589073,6,112
588955,589068,589073,5,113
588955,589071,589073,2,116
588955,589070,589072,2,115
588955,589071,589073,2,116
588955,589067,589072,5,112
588955,589069,589072,3,114
588955,589070,589074,4,115
588955,589071,589074,3,116
588955,589069,589073,4,114
588955,589072,589074,2,117
588955,589071,589074,3,116
588999,589073,589075,2,74
588999,589073,589075,2,74
588955,589071,589074,3,116
588955,589071,589074,3,116
588999,589072,589075,3,73
588463,588589,589076,487,126
588999,589073,589076,3,74
588999,589073,589075,2,74
588999,589073,589076,3,74
588999,589074,589077,3,75
588999,589073,589076,3,74
588999,589073,589076,3,74
588999,589074,589081,7,75
588479,588615,589082,467,136
588999,589074,589083,9,75
588999,589075,589084,9,76
588999,589074,589086,12,75
588999,589075,589086,11,76
588999,589075,589086,11,76
588999,589075,589087,12,76
588999,589077,589087,10,78
588999,589075,589087,12,76
588999,589075,589087,12,76
588999,589076,589088,12,77
588999,589076,589088,12,77
588999,589076,589089,13,77
588999,589077,589089,12,78
588999,589076,589089,13,77
588999,589077,589090,13,78
588999,589081,589094,13,82
588999,589082,589094,12,83
588999,589084,589094,10,85
588999,589083,589095,12,84
588999,589087,589095,8,88
588999,589087,589095,8,88
588999,589087,589095,8,88
588999,589087,589096,9,88
588999,589086,589096,10,87
588999,589089,589096,7,90
588999,589088,589097,9,89
588999,589086,589097,11,87
588999,589089,589097,8,90
588999,589086,589098,12,87
588999,589089,589098,9,90
588999,589090,589097,7,91
588999,589088,589098,10,89
588999,589094,589099,5,95
588999,589095,589099,4,96
588999,589096,589100,4,97
588999,589094,589099,5,95
588999,589096,589101,5,97
588999,589097,589101,4,98
588999,589098,589101,3,99
588999,589096,589102,6,97
588999,589099,589102,3,100
588999,589098,589102,4,99
588999,589099,589102,3,100
588999,589095,589103,8,96
588999,589100,589103,3,101
588999,589096,589103,7,97
588999,589095,589102,7,96
588999,589098,589102,4,99
588999,589096,589102,6,97
588999,589099,589102,3,100
588999,589097,589102,5,98
588999,589101,589104,3,102
588999,589097,589103,6,98
588999,589100,589105,5,101
588999,589101,589105,4,102
588999,589102,589105,3,103
588999,589103,589104,1,104
588999,589103,589106,3,104
588999,589103,589106,3,104
588999,589102,589105,3,103
588999,589102,589105,3,103
588999,589103,589105,2,104
588999,589102,589105,3,103
588999,589103,589106,3,104
588999,589103,589105,2,104
588999,589103,589105,2,104
588999,589102,589105,3,103
588999,589104,589107,3,105
588999,589105,589108,3,106
588999,589104,589107,3,105
588999,589104,589109,5,105
588999,589105,589109,4,106
588999,589105,589109,4,106
588999,589105,589110,5,106
588999,589106,589112,6,107
588999,589106,589118,12,107
588999,589106,589118,12,107
588999,589106,589118,12,107
588999,589106,589118,12,107
588999,589106,589118,12,107
588999,589108,589118,10,109
588999,589106,589119,13,107
588999,589106,589119,13,107
588999,589106,589118,12,107
588999,589106,589118,12,107
588999,589109,589120,11,110
588999,589107,589119,12,108
588999,589108,589120,12,109
588999,589109,589121,12,110
588999,589109,589121,12,110
588999,589112,589121,9,113
588999,589110,589120,10,111
588999,589121,589125,4,122
588999,589120,589125,5,121
588999,589121,589126,5,122
588999,589119,589126,7,120
588999,589119,589127,8,120
588999,589119,589127,8,120
588999,589119,589128,9,120
588999,589119,589128,9,120
588999,589121,589128,7,122
588999,589118,589129,11,119
588999,589118,589128,10,119
588999,589121,589129,8,122
588999,589119,589129,10,120
588999,589118,589129,11,119
588999,589121,589128,7,122
588999,589121,589129,8,122
588999,589118,589130,12,119
588999,589128,589131,3,129
588999,589129,589131,2,130
588999,589129,589132,3,130
588999,589129,589132,3,130
588999,589129,589132,3,130
588999,589129,589132,3,130
588999,589128,589133,5,129
588999,589125,589133,8,126
588999,589125,589133,8,126
588999,589127,589133,6,128
588999,589127,589133,6,128
588999,589129,589132,3,130
588999,589128,589132,4,129
588999,589127,589133,6,128
588999,589130,589134,4,131
588999,589130,589133,3,131
588999,589126,589134,8,127
588999,589131,589135,4,132
588999,589133,589135,2,134
588999,589132,589135,3,133
588999,589132,589135,3,133
588999,589132,589136,4,133
588999,589133,589136,3,134
588999,589133,589136,3,134
588999,589132,589135,3,133
588999,589134,589136,2,135
588999,589131,589135,4,132
588999,589134,589135,1,135
588999,589133,589136,3,134
588999,589133,589136,3,134
588999,589133,589136,3,134
589056,589135,589137,2,79
589056,589135,589138,3,79
589056,589135,589138,3,79
589056,589135,589139,4,79
589056,589136,589138,2,80
589056,589136,589139,3,80
589056,589135,589138,3,79
589056,589136,589138,2,80
589056,589136,589139,3,80
589056,589136,589142,6,80
589056,589136,589143,7,80
589056,589136,589147,11,80
589056,589137,589148,11,81
589056,589137,589148,11,81
589056,589138,589149,11,82
589056,589138,589149,11,82
589056,589137,589149,12,81
589056,589137,589149,12,81
589056,589139,589150,11,83
589056,589139,589151,12,83
589056,589139,589151,12,83
589056,589140,589152,12,84
589056,589140,589152,12,84
589056,589139,589154,15,83
589056,589142,589154,12,86
589056,589143,589154,11,87
589056,589150,589156,6,94
589056,589152,589156,4,96
589056,589147,589157,10,91
589056,589151,589156,5,95
589056,589152,589157,5,96
589056,589152,589158,6,96
589056,589148,589158,10,92
589056,589154,589159,5,98
589056,589149,589159,10,93
589056,589154,589158,4,98
589056,589154,589160,6,98
589056,589148,589160,12,92
589056,589150,589161,11,94
589056,589149,589161,12,93
589056,589149,589162,13,93
589056,589156,589163,7,100
589056,589157,589163,6,101
589056,589158,589164,6,102
589056,589160,589164,4,104
589056,589158,589164,6,102
589056,589158,589165,7,102
589056,589160,589165,5,104
589056,589158,589165,7,102
589056,589157,589164,7,101
588508,588667,589165,498,159
589056,589161,589165,4,105
589056,589159,589166,7,103
589056,589159,589166,7,103
589056,589160,589165,5,104
589056,589164,589166,2,108
589056,589164,589166,2,108
589056,589162,589166,4,106
589056,589163,589166,3,107
589056,589161,589166,5,105
589056,589163,589166,3,107
589056,589165,589168,3,109
589056,589165,589168,3,109
589056,589166,589168,2,110
589056,589165,589168,3,109
589056,589165,589167,2,109
589056,589165,589169,4,109
589056,589166,589169,3,110
589056,589166,589169,3,110
589056,589166,589168,2,110
589056,589166,589170,4,110
589086,589168,589170,2,82
589056,589167,589170,3,111
589056,589167,589169,2,111
589056,589165,589169,4,109
589086,589168,589170,2,82
589056,589166,589169,3,110
589056,589167,589169,2,111
589086,589169,589171,2,83
589086,589169,589171,2,83
589086,589168,589172,4,82
589086,589169,589171,2,83
589086,589168,589172,4,82
589086,589168,589171,3,82
589086,589169,589171,2,83
588530,588694,589173,479,164
589086,589170,589176,6,84
589086,589170,589177,7,84
589086,589170,589180,10,84
589086,589170,589182,12,84
589086,589170,589182,12,84
589086,589170,589182,12,84
589086,589172,589183,11,86
589086,589171,589183,12,85
589086,589171,589182,11,85
589086,589171,589184,13,85
589086,589170,589184,14,84
589086,589172,589184,12,86
589086,589172,589184,12,86
589086,589172,589184,12,86
589086,589172,589186,14,86
589086,589173,589185,12,87
589086,589177,589187,10,91
589086,589176,589187,11,90
589086,589184,589189,5,98
589086,589184,589189,5,98
589086,589185,589190,5,99
589086,589180,589190,10,94
589086,589184,589190,6,98
589086,589184,589190,6,98
589086,589187,589191,4,101
589086,589186,589191,5,100
589086,589187,589192,5,101
589086,589183,589191,8,97
589086,589183,589191,8,97
589086,589183,589192,9,97
589086,589182,589193,11,96
589086,589183,589193,10,97
589086,589182,589194,12,96
589086,589190,589194,4,104
589086,589188,589195,7,102
589086,589191,589196,5,105
589086,589189,589196,7,103
589086,589191,589196,5,105
589086,589190,589196,6,104
589086,589190,589196,6,104
589086,589192,589196,4,106
589086,589195,589196,1,109
589086,589192,589197,5,106
589086,589189,589196,7,103
589086,589193,589197,4,107
589086,589190,589196,6,104
589086,589192,589196,4,106
589086,589192,589196,4,106
589086,589194,589197,3,108
589086,589194,589197,3,108
589086,589195,589199,4,109
589086,589196,589199,3,110
589086,589196,589198,2,110
589086,589197,589199,2,111
589086,589196,589199,3,110
589086,589196,589200,4,110
589086,589198,589200,2,112
589086,589197,589200,3,111
589086,589196,589200,4,110
589086,589196,589199,3,110
589086,589198,589200,2,112
589086,589196,589200,4,110
589086,589198,589201,3,112
589086,589197,589200,3,111
589086,589197,589200,3,111
589087,589199,589201,2,112
589086,589197,589200,3,111
589087,589200,589202,2,113
589087,589199,589202,3,112
589087,589200,589202,2,113
589087,589199,589203,4,112
589087,589200,589203,3,113
589087,589200,589203,3,113
589087,589200,589204,4,113
589087,589200,589205,5,113
589087,589200,589206,6,113
589087,589201,589210,9,114
589087,589201,589212,11,114
589087,589202,589212,10,115
589087,589201,589213,12,114
589087,589201,589213,12,114
589087,589202,589213,11,115
589087,589202,589214,12,115
589087,589201,589213,12,114
589087,589203,589215,12,116
589087,589203,589216,13,116
589087,589205,589217,12,118
589087,589201,589216,15,114
589087,589203,589217,14,116
589087,589205,589216,11,118
589087,589206,589217,11,119
589087,589210,589221,11,123
589087,589212,589221,9,125
589087,589217,589222,5,130
589087,589213,589222,9,126
589087,589214,589222,8,127
589087,589217,589222,5,130
589087,589217,589223,6,130
589087,589214,589223,9,127
589087,589215,589223,8,128
589087,589217,589223,6,130
589087,589213,589224,11,126
589087,589215,589223,8,128
589087,589218,589223,5,131
589087,589213,589223,10,126
589087,589216,589224,8,129
589087,589221,589226,5,134
589087,589222,589228,6,135
589087,589222,589228,6,135
588581,588744,589228,484,163
589087,589224,589228,4,137
589087,589224,589228,4,137
589087,589223,589228,5,136
589087,589223,589229,6,136
589087,589223,589228,5,136
589087,589224,589229,5,137
589087,589223,589228,5,136
589087,589224,589229,5,137
589087,589221,589228,7,134
589087,589223,589228,5,136
589087,589228,589230,2,141
589087,589222,589230,8,135
589087,589226,589229,3,139
589087,589225,589229,4,138
589087,589228,589231,3,141
589087,589228,589231,3,141
589087,589228,589230,2,141
589087,589229,589232,3,142
589087,589228,589232,4,141
589087,589229,589232,3,142
589087,589229,589232,3,142
589087,589230,589232,2,143
589087,589229,589232,3,142
589087,589228,589232,4,141
589087,589229,589233,4,142
589087,589229,589232,3,142
589087,589230,589233,3,143
589087,589229,589232,3,142
589087,589231,589233,2,144
589087,589230,589234,4,143
589087,589231,589233,2,144
589165,589232,589234,2,67
589165,589232,589234,2,67
589087,589230,589233,3,143
588537,588719,589233,514,182
589165,589232,589235,3,67
589165,589232,589235,3,67
589165,589233,589236,3,68
589165,589232,589236,4,67
589165,589232,589235,3,67
589165,589232,589235,3,67
589165,589233,589237,4,68
589165,589233,589240,7,68
589165,589234,589245,11,69
589165,589234,589245,11,69
589165,589234,589246,12,69
589165,589234,589246,12,69
589165,589234,589246,12,69
589165,589233,589246,13,68
589165,589234,589246,12,69
589165,589234,589246,12,69
589165,589235,589248,13,70
589165,589236,589247,11,71
589165,589236,589248,12,71
589165,589236,589248,12,71
589165,589236,589249,13,71
589165,589236,589250,14,71
589165,589237,589251,14,72
589165,589240,589253,13,75
589165,589245,589256,11,80
589165,589245,589256,11,80
589165,589248,589256,8,83
589165,589250,589257,7,85
589165,589246,589257,11,81
589165,589246,589257,11,81
589165,589246,589258,12,81
589165,589246,589258,12,81
589165,589246,589258,12,81
589165,589246,589258,12,81
589165,589248,589258,10,83
589165,589250,589259,9,85
589165,589248,589260,12,83
589165,589248,589260,12,83
589165,589251,589260,9,86
589165,589260,589262,2,95
589165,589256,589262,6,91
589165,589260,589262,2,95
589165,589260,589262,2,95
589165,589259,589263,4,94
589165,589258,589263,5,93
589165,589258,589264,6,93
589165,589256,589264,8,91
589165,589262,589264,2,97
589165,589253,589263,10,88
589165,589258,589264,6,93
589165,589258,589264,6,93
589165,589256,589265,9,91
589165,589257,589265,8,92
589165,589259,589264,5,94
589165,589257,589264,7,92
589165,589262,589264,2,97
589165,589263,589266,3,98
588732,588896,589265,369,164
589165,589257,589265,8,92
589165,589262,589265,3,97
589165,589263,589267,4,98
589165,589264,589267,3,99
589165,589264,589267,3,99
589165,589264,589267,3,99
589165,589264,589268,4,99
589165,589264,589268,4,99
589165,589264,589268,4,99
589180,589267,589269,2,87
589165,589265,589268,3,100
589165,589265,589269,4,100
589180,589267,589269,2,87
589165,589264,589268,4,99
589165,589265,589268,3,100
589165,589266,589268,2,101
589165,589265,589268,3,100
589180,589267,589269,2,87
589165,589265,589268,3,100
589180,589267,589270,3,87
589180,589267,589270,3,87
589180,589267,589270,3,87
589180,589268,589271,3,88
589180,589268,589271,3,88
589180,589268,589271,3,88
588582,588771,589271,500,189
589180,589269,589273,4,89
589180,589269,589279,10,89
589180,589269,589280,11,89
589180,589269,589281,12,89
589180,589269,589281,12,89
589180,589269,589281,12,89
589180,589269,589282,13,89
589180,589270,589282,12,90
589180,589269,589282,13,89
589180,589273,589282,9,93
589180,589271,589283,12,91
589180,589270,589282,12,90
589180,589271,589283,12,91
589180,589270,589283,13,90
589180,589269,589283,14,89
589180,589271,589284,13,91
589180,589269,589283,14,89
589180,589272,589284,12,92
589180,589280,589289,9,100
589180,589281,589289,8,101
589180,589282,589290,8,102
589180,589282,589291,9,102
589180,589282,589291,9,102
589180,589279,589291,12,99
589180,589283,589292,9,103
589180,589281,589292,11,101
589180,589281,589291,10,101
589180,589283,589292,9,103
589180,589282,589291,9,102
589180,589283,589291,8,103
589180,589284,589293,9,104
589180,589283,589292,9,103
589180,589285,589294,9,105
589180,589284,589293,9,104
589180,589292,589295,3,112
589180,589292,589294,2,112
589180,589284,589295,11,104
589180,589292,589295,3,112
589180,589289,589295,6,109
589180,589293,589295,2,113
589180,589292,589294,2,112
589180,589292,589295,3,112
589180,589292,589295,3,112
589180,589293,589296,3,113
589180,589294,589297,3,114
589180,589294,589297,3,114
589180,589291,589297,6,111
589180,589291,589297,6,111
589180,589290,589296,6,110
589180,589295,589297,2,115
589180,589295,589298,3,115
589180,589295,589299,4,115
589180,589296,589299,3,116
589180,589295,589299,4,115
589180,589298,589299,1,118
589180,589291,589298,7,111
589180,589290,589298,8,110
589180,589295,589298,3,115
589180,589296,589299,3,116
589180,589297,589300,3,117
589180,589295,589299,4,115
589180,589296,589299,3,116
589180,589297,589301,4,117
589229,589298,589301,3,69
589180,589297,589300,3,117
589229,589299,589301,2,70
589180,589297,589300,3,117
589180,589297,589300,3,117
589229,589299,589302,3,70
589229,589299,589302,3,70
589229,589299,589302,3,70
589229,589299,589303,4,70
589229,589299,589302,3,70
589229,589299,589303,4,70
589229,589299,589304,5,70
588849,588955,589305,350,106
589229,589300,589308,8,71
588654,588802,589310,508,148
589229,589301,589311,10,72
589229,589301,589312,11,72
589229,589300,589312,12,71
589229,589300,589312,12,71
589229,589301,589313,12,72
589229,589305,589314,9,76
589229,589301,589314,13,72
589229,589302,589314,12,73
589229,589301,589314,13,72
589229,589302,589315,13,73
589229,589303,589314,11,74
589229,589304,589315,11,75
589229,589301,589316,15,72
589229,589303,589316,13,74
589229,589303,589316,13,74
589229,589302,589317,15,73
589229,589308,589319,11,79
589229,589311,589320,9,82
589229,589312,589321,9,83
589229,589310,589321,11,81
589229,589315,589321,6,86
589229,589315,589322,7,86
589229,589314,589322,8,85
589229,589320,589322,2,91
589229,589316,589322,6,87
589229,589317,589323,6,88
588682,588834,589323,489,152
589229,589314,589323,9,85
589229,589319,589323,4,90
589229,589312,589323,11,83
589229,589321,589323,2,92
589229,589316,589324,8,87
589229,589313,589324,11,84
589229,589315,589324,9,86
589229,589322,589324,2,93
589229,589321,589325,4,92
589229,589322,589325,3,93
589229,589321,589325,4,92
589229,589316,589324,8,87
589229,589313,589324,11,84
589229,589315,589324,9,86
589229,589322,589325,3,93
589229,589323,589326,3,94
589229,589323,589326,3,94
589229,589323,589326,3,94
589229,589323,589326,3,94
589229,589323,589327,4,94
589229,589314,589326,12,85
589229,589323,589327,4,94
589229,589324,589327,3,95
589229,589324,589327,3,95
589229,589324,589326,2,95
589229,589325,589326,1,96
589229,589323,589326,3,94
589229,589325,589328,3,96
589229,589324,589327,3,95
589229,589326,589328,2,97
589229,589325,589327,2,96
589229,589325,589328,3,96
589229,589326,589329,3,97
589229,589327,589330,3,98
589229,589326,589330,4,97
589229,589325,589330,5,96
589229,589325,589329,4,96
589229,589325,589329,4,96
589245,589327,589330,3,82
589245,589327,589330,3,82
589245,589328,589330,2,83
589245,589328,589330,2,83
589245,589327,589330,3,82
589245,589328,589331,3,83
589229,589326,589330,4,97
589245,589328,589331,3,83
589245,589328,589331,3,83
589245,589328,589332,4,83
589245,589328,589334,6,83
589245,589330,589341,11,85
589245,589329,589341,12,84
589245,589330,589341,11,85
589245,589330,589341,11,85
589245,589330,589342,12,85
589245,589330,589342,12,85
589245,589330,589342,12,85
589245,589331,589341,10,86
589245,589330,589343,13,85
589245,589331,589343,12,86
589245,589330,589343,13,85
589245,589330,589342,12,85
589245,589330,589342,12,85
589245,589329,589344,15,84
589245,589331,589344,13,86
589245,589333,589345,12,88
589245,589332,589345,13,87
589245,589334,589346,12,89
589245,589342,589348,6,97
589245,589345,589349,4,100
588893,588986,589350,364,93
589245,589344,589350,6,99
589245,589342,589350,8,97
589245,589342,589350,8,97
589245,589345,589351,6,100
589245,589346,589351,5,101
589245,589344,589351,7,99
589245,589341,589352,11,96
589245,589343,589352,9,98
589245,589341,589351,10,96
589245,589342,589351,9,97
589245,589343,589351,8,98
589245,589343,589352,9,98
589245,589350,589353,3,105
589245,589341,589352,11,96
589245,589350,589353,3,105
589245,589341,589353,12,96
589245,589350,589353,3,105
589245,589350,589353,3,105
589245,589348,589352,4,103
589245,589350,589352,2,105
589245,589351,589354,3,106
589245,589351,589354,3,106
589245,589352,589354,2,107
589245,589351,589354,3,106
589245,589352,589354,2,107
589245,589343,589355,12,98
589245,589352,589355,3,107
589245,589352,589355,3,107
589245,589353,589356,3,108
589245,589353,589355,2,108
589245,589353,589356,3,108
589245,589353,589356,3,108
589245,589343,589355,12,98
589245,589354,589356,2,109
589245,589354,589356,2,109
589245,589353,589357,4,108
589245,589353,589357,4,108
589245,589352,589356,4,107
589245,589353,589357,4,108
589245,589353,589357,4,108
589245,589354,589357,3,109
589245,589353,589358,5,108
589267,589355,589357,2,88
589267,589356,589358,2,89
589267,589356,589358,2,89
589245,589354,589357,3,109
589267,589356,589358,2,89
589245,589354,589357,3,109
589267,589356,589359,3,89
589267,589356,589358,2,89
589267,589356,589359,3,89
589245,589355,589359,4,110
589267,589356,589358,2,89
589267,589357,589360,3,90
589267,589357,589361,4,90
589267,589359,589364,5,92
588910,589013,589364,351,103
589267,589361,589365,4,94
589267,589357,589365,8,90
589267,589358,589367,9,91
589267,589364,589367,3,97
589267,589360,589368,8,93
589267,589358,589368,10,91
589267,589357,589368,11,90
589267,589364,589369,5,97
589267,589358,589369,11,91
589267,589365,589369,4,98
589267,589359,589369,10,92
589267,589358,589369,11,91
589267,589357,589369,12,90
588708,588866,589369,503,158
589267,589359,589370,11,92
589267,589358,589370,12,91
589267,589368,589370,2,101
589267,589368,589369,1,101
589267,589359,589369,10,92
589267,589358,589369,11,91
589267,589358,589370,12,91
589267,589359,589370,11,92
589267,589357,589370,13,90
589267,589369,589371,2,102
589267,589369,589370,1,102
589267,589369,589370,1,102
589267,589365,589370,5,98
589267,589369,589371,2,102
589267,589368,589370,2,101
589267,589369,589370,1,102
589267,589370,589372,2,103
589267,589370,589372,2,103
589267,589369,589372,3,102
589267,589370,589372,2,103
589267,589367,589371,4,100
589267,589370,589373,3,103
589267,589370,589372,2,103
589267,589369,589372,3,102
589267,589370,589372,2,103
589267,589370,589373,3,103
589267,589371,589374,3,104
589267,589372,589373,1,105
589267,589372,589373,1,105
589267,589371,589373,2,104
589267,589372,589374,2,105
589267,589371,589373,2,104
589267,589371,589373,2,104
589267,589371,589373,2,104
589267,589372,589373,1,105
589267,589371,589373,2,104
589267,589371,589373,2,104
589267,589371,589374,3,104
589267,589372,589375,3,105
589267,589373,589375,2,106
589267,589373,589375,2,106
589267,589372,589374,2,105
589267,589373,589376,3,106
589267,589372,589375,3,105
589267,589373,589376,3,106
589280,589374,589376,2,94
589267,589374,589376,2,107
589267,589374,589377,3,107
589280,589374,589377,3,94
589280,589374,589377,3,94
589267,589373,589376,3,106
589267,589374,589376,2,107
589280,589374,589378,4,94
589267,589374,589377,3,107
589267,589374,589377,3,107
589280,589374,589377,3,94
589280,589375,589378,3,95
589280,589375,589379,4,95
589280,589375,589379,4,95
589280,589375,589381,6,95
589280,589375,589385,10,95
589280,589376,589387,11,96
589280,589376,589387,11,96
589280,589376,589387,11,96
589280,589376,589388,12,96
589280,589377,589387,10,97
589280,589379,589388,9,99
589280,589378,589388,10,98
589280,589376,589388,12,96
589280,589377,589389,12,97
589280,589379,589388,9,99
589280,589378,589389,11,98
589280,589377,589390,13,97
589280,589377,589390,13,97
589280,589378,589390,12,98
589280,589380,589391,11,100
589280,589388,589391,3,108
589280,589378,589390,12,98
589280,589381,589391,10,101
589280,589387,589393,6,107
589280,589388,589393,5,108
589280,589379,589393,14,99
589280,589387,589393,6,107
589280,589387,589394,7,107
589280,589388,589393,5,108
589280,589393,589395,2,113
589280,589391,589395,4,111
589280,589391,589394,3,111
589280,589385,589395,10,105
589280,589389,589395,6,109
589280,589391,589395,4,111
589280,589391,589394,3,111
589280,589389,589396,7,109
589280,589393,589396,3,113
589280,589388,589395,7,108
589280,589389,589396,7,109
589280,589390,589396,6,110
589280,589391,589395,4,111
589280,589393,589395,2,113
589280,589393,589397,4,113
589280,589394,589397,3,114
589280,589391,589397,6,111
589280,589394,589397,3,114
589280,589389,589398,9,109
589280,589396,589399,3,116
589280,589396,589399,3,116
589280,589395,589399,4,115
589280,589395,589399,4,115
589280,589395,589398,3,115
589280,589396,589398,2,116
589280,589397,589399,2,117
589280,589395,589398,3,115
589280,589395,589398,3,115
589280,589396,589398,2,116
589280,589395,589399,4,115
589280,589397,589400,3,117
589280,589396,589399,3,116
589280,589395,589399,4,115
589280,589397,589400,3,117
589280,589396,589399,3,116
589280,589396,589399,3,116
589312,589399,589401,2,87
589312,589399,589401,2,87
589312,589399,589402,3,87
589280,589398,589401,3,118
589312,589399,589401,2,87
589312,589399,589401,2,87
589312,589399,589402,3,87
589280,589398,589401,3,118
589280,589399,589402,3,119
589312,589399,589401,2,87
589312,589400,589403,3,88
589280,589399,589402,3,119
589312,589400,589403,3,88
589280,589399,589402,3,119
589312,589400,589407,7,88
589312,589403,589409,6,91
589312,589403,589409,6,91
589312,589403,589411,8,91
589312,589402,589411,9,90
589312,589401,589412,11,89
589312,589402,589412,10,90
589312,589401,589411,10,89
589312,589402,589412,10,90
589312,589407,589413,6,95
589312,589403,589412,9,91
589312,589400,589413,13,88
589312,589402,589414,12,90
589312,589402,589414,12,90
589312,589403,589414,11,91
589312,589402,589414,12,90
589312,589413,589415,2,101
589312,589402,589414,12,90
589312,589409,589415,6,97
589312,589409,589415,6,97
589312,589412,589415,3,100
589312,589400,589415,15,88
589312,589400,589416,16,88
589312,589412,589415,3,100
589312,589414,589416,2,102
589312,589411,589415,4,99
589312,589412,589415,3,100
589312,589411,589417,6,99
589312,589414,589416,2,102
589312,589415,589417,2,103
589312,589412,589416,4,100
589312,589413,589416,3,101
589312,589415,589417,2,103
589312,589413,589416,3,101
589312,589415,589416,1,103
589312,589414,589418,4,102
589312,589414,589418,4,102
589312,589416,589418,2,104
589312,589416,589418,2,104
589312,589415,589417,2,103
589312,589415,589417,2,103
589312,589415,589418,3,103
589312,589416,589419,3,104
589312,589417,589419,2,105
589312,589416,589419,3,104
589312,589416,589419,3,104
589312,589417,589420,3,105
589312,589417,589420,3,105
589312,589417,589419,2,105
589312,589418,589420,2,106
589312,589417,589419,2,105
589312,589418,589420,2,106
589312,589417,589419,2,105
589312,589418,589421,3,106
589312,589418,589421,3,106
589312,589418,589421,3,106
589312,589417,589420,3,105
589312,589417,589420,3,105
589312,589418,589421,3,106
589312,589418,589420,2,106
589312,589420,589422,2,108
589312,589419,589422,3,107
589312,589419,589421,2,107
589312,589420,589422,2,108
589312,589420,589421,1,108
589312,589419,589421,2,107
589312,589420,589423,3,108
589312,589419,589423,4,107
589312,589420,589423,3,108
589312,589420,589422,2,108
588956,589072,589424,352,116
589312,589421,589424,3,109
589312,589420,589423,3,108
589312,589421,589423,2,109
589312,589421,589424,3,109
589312,589421,589424,3,109
589312,589421,589426,5,109
589312,589421,589429,8,109
589312,589425,589431,6,113
589312,589425,589431,6,113
589312,589424,589431,7,112
589312,589422,589432,10,110
589312,589422,589432,10,110
589312,589422,589433,11,110
589312,589422,589432,10,110
589312,589421,589433,12,109
589312,589427,589432,5,115
589312,589423,589433,10,111
589312,589423,589434,11,111
589312,589424,589433,9,112
589312,589432,589434,2,120
589312,589422,589434,12,110
589312,589422,589434,12,110
589312,589433,589434,1,121
589312,589433,589435,2,121
589312,589424,589435,11,112
589312,589423,589435,12,111
589312,589429,589434,5,117
589312,589433,589434,1,121
589312,589434,589435,1,122
589312,589434,589435,1,122
589312,589423,589435,12,111
589312,589424,589436,12,112
589312,589433,589436,3,121
589312,589432,589435,3,120
589312,589433,589435,2,121
589312,589434,589437,3,122
589312,589435,589437,2,123
589312,589431,589436,5,119
589312,589434,589437,3,122
589312,589434,589436,2,122
589312,589431,589437,6,119
589312,589435,589436,1,123
589312,589435,589436,1,123
589312,589435,589438,3,123
589312,589435,589438,3,123
589312,589435,589437,2,123
589312,589435,589437,2,123
589312,589436,589437,1,124
589312,589435,589438,3,123
589312,589431,589438,7,119
589312,589436,589438,2,124
589312,589435,589440,5,123
589312,589436,589440,4,124
589312,589437,589440,3,125
589312,589437,589440,3,125
589312,589437,589440,3,125
589312,589437,589440,3,125
589312,589437,589440,3,125
589312,589437,589440,3,125
589312,589438,589441,3,126
589312,589438,589440,2,126
589312,589437,589440,3,125
589312,589437,589440,3,125
589312,589436,589440,4,124
589312,589439,589442,3,127
589323,589440,589441,1,117
589312,589438,589442,4,126
589312,589438,589441,3,126
589312,589440,589443,3,128
589312,589439,589443,4,127
589312,589439,589442,3,127
589323,589440,589442,2,117
589323,589441,589442,1,118
589312,589439,589443,4,127
589323,589440,589442,2,117
589323,589440,589442,2,117
589323,589440,589442,2,117
589323,589441,589444,3,118
589323,589441,589443,2,118
589323,589441,589443,2,118
589323,589441,589446,5,118
589323,589444,589449,5,121
589323,589444,589450,6,121
589323,589446,589452,6,123
589323,589443,589452,9,120
589323,589442,589452,10,119
589323,589442,589453,11,119
589323,589442,589453,11,119
589323,589443,589453,10,120
589323,589443,589453,10,120
589323,589443,589453,10,120
589323,589442,589454,12,119
589323,589443,589453,10,120
589323,589443,589454,11,120
589323,589444,589453,9,121
589323,589443,589453,10,120
589323,589443,589453,10,120
589323,589444,589454,10,121
589323,589450,589454,4,127
589323,589453,589456,3,130
589323,589454,589456,2,131
589323,589453,589456,3,130
589323,589454,589456,2,131
589323,589454,589456,2,131
589323,589453,589456,3,130
589323,589454,589456,2,131
589323,589452,589456,4,129
589323,589455,589457,2,132
588850,588955,589457,502,105
589323,589452,589457,5,129
589323,589452,589456,4,129
589323,589456,589457,1,133
589323,589454,589456,2,131
589323,589455,589457,2,132
589323,589453,589456,3,130
589323,589454,589456,2,131
589323,589451,589457,6,128
589323,589454,589457,3,131
589323,589456,589457,1,133
589323,589456,589458,2,133
589323,589457,589459,2,134
589323,589456,589459,3,133
589323,589457,589459,2,134
589323,589456,589459,3,133
589323,589456,589458,2,133
589323,589457,589460,3,134
589323,589457,589459,2,134
589323,589458,589460,2,135
589323,589457,589460,3,134
589323,589457,589460,3,134
589323,589457,589459,2,134
589323,589457,589459,2,134
589323,589457,589461,4,134
589323,589458,589461,3,135
589323,589458,589460,2,135
589323,589459,589461,2,136
589323,589458,589461,3,135
589323,589459,589461,2,136
589323,589459,589460,1,136
589323,589458,589461,3,135
589323,589459,589462,3,136
589350,589460,589462,2,110
589323,589459,589461,2,136
589350,589461,589463,2,111
589323,589459,589462,3,136
589350,589461,589463,2,111
589323,589460,589463,3,137
589323,589460,589462,2,137
589323,589460,589462,2,137
589350,589461,589462,1,111
589350,589460,589462,2,110
589350,589461,589464,3,111
589323,589460,589463,3,137
589350,589461,589464,3,111
589350,589461,589464,3,111
589350,589461,589463,2,111
589350,589462,589467,5,112
589350,589462,589470,8,112
589350,589462,589471,9,112
589350,589467,589473,6,117
589350,589464,589473,9,114
589350,589463,589474,11,113
589350,589464,589474,10,114
589350,589464,589474,10,114
589350,589463,589475,12,113
589350,589463,589475,12,113
589350,589464,589475,11,114
589350,589463,589475,12,113
589350,589463,589474,11,113
589350,589463,589474,11,113
589350,589463,589476,13,113
589350,589464,589475,11,114
589350,589463,589476,13,113
589350,589470,589475,5,120
589350,589462,589475,13,112
589350,589471,589476,5,121
589350,589475,589476,1,125
589350,589475,589477,2,125
589350,589475,589477,2,125
589350,589476,589478,2,126
589350,589476,589478,2,126
589350,589475,589477,2,125
589350,589475,589477,2,125
589350,589476,589478,2,126
589350,589474,589478,4,124
589350,589474,589478,4,124
589350,589473,589479,6,123
589350,589476,589478,2,126
589350,589476,589478,2,126
589350,589473,589478,5,123
589350,589475,589478,3,125
589350,589476,589478,2,126
589350,589474,589478,4,124
589350,589477,589478,1,127
589350,589477,589478,1,127
589350,589478,589480,2,128
589350,589477,589479,2,127
589350,589478,589479,1,128
589350,589478,589481,3,128
589350,589479,589481,2,129
589350,589478,589481,3,128
589350,589478,589481,3,128
589350,589478,589480,2,128
589350,589479,589481,2,129
589350,589478,589481,3,128
589350,589479,589482,3,129
589350,589479,589481,2,129
589350,589479,589481,2,129
589350,589479,589481,2,129
589350,589479,589481,2,129
589350,589479,589481,2,129
589350,589481,589483,2,131
589350,589480,589483,3,130
589350,589479,589482,3,129
589350,589480,589483,3,130
589350,589481,589482,1,131
589369,589482,589484,2,113
589350,589481,589484,3,131
589369,589482,589483,1,113
589350,589481,589484,3,131
589350,589482,589484,2,132
589369,589482,589484,2,113
589369,589483,589485,2,114
589350,589481,589485,4,131
589350,589481,589484,3,131
589350,589481,589484,3,131
589369,589483,589485,2,114
589369,589483,589486,3,114
589369,589483,589485,2,114
589369,589483,589485,2,114
589369,589483,589487,4,114
589369,589483,589486,3,114
589369,589484,589490,6,115
589369,589484,589495,11,115
589369,589485,589495,10,116
589369,589484,589495,11,115
589369,589485,589495,10,116
589369,589490,589496,6,121
589369,589487,589496,9,118
589369,589485,589496,11,116
589369,589487,589496,9,118
589369,589485,589497,12,116
589369,589485,589497,12,116
589369,589485,589497,12,116
589369,589485,589498,13,116
589369,589486,589498,12,117
589369,589485,589498,13,116
589369,589487,589498,11,118
589369,589495,589500,5,126
589369,589486,589499,13,117
589369,589495,589499,4,126
589369,589499,589502,3,130
589369,589499,589502,3,130
589369,589496,589501,5,127
589369,589500,589501,1,131
589369,589501,589502,1,132
589369,589496,589503,7,127
589369,589501,589503,2,132
589369,589498,589502,4,129
589369,589496,589502,6,127
589369,589502,589504,2,133
589369,589497,589504,7,128
589369,589497,589504,7,128
589369,589502,589503,1,133
589369,589502,589505,3,133
589369,589497,589504,7,128
589369,589498,589505,7,129
589369,589502,589504,2,133
589369,589503,589505,2,134
589369,589498,589504,6,129
589369,589502,589504,2,133
589369,589503,589506,3,134
589369,589496,589505,9,127
589369,589505,589506,1,136
589369,589503,589506,3,134
589369,589504,589506,2,135
589369,589504,589505,1,135
589369,589504,589507,3,135
589369,589505,589506,1,136
589369,589505,589507,2,136
589369,589503,589506,3,134
589369,589496,589507,11,127
589369,589505,589508,3,136
589369,589505,589507,2,136
589369,589506,589508,2,137
589369,589505,589508,3,136
589369,589505,589507,2,136
589369,589506,589507,1,137
589369,589506,589507,1,137
589369,589506,589509,3,137
589369,589506,589509,3,137
589369,589506,589508,2,137
589369,589507,589510,3,138
589370,589508,589510,2,138
589370,589508,589510,2,138
589369,589506,589510,4,137
589369,589507,589509,2,138
589369,589507,589509,2,138
589370,589509,589510,1,139
589370,589508,589510,2,138
589370,589509,589510,1,139
589369,589507,589510,3,138
589370,589508,589510,2,138
589370,589508,589510,2,138
589370,589509,589512,3,139
589370,589508,589511,3,138
589370,589509,589514,5,139
589370,589510,589519,9,140
589370,589511,589520,9,141
589370,589510,589520,10,140
589370,589510,589521,11,140
589370,589510,589520,10,140
589370,589510,589521,11,140
589370,589510,589522,12,140
589370,589511,589523,12,141
589370,589511,589523,12,141
589370,589512,589523,11,142
589370,589511,589524,13,141
589370,589512,589524,12,142
589370,589510,589523,13,140
589370,589511,589524,13,141
589370,589520,589524,4,150
589370,589520,589525,5,150
589370,589515,589524,9,145
589370,589523,589525,2,153
589370,589521,589526,5,151
589370,589524,589526,2,154
589370,589524,589526,2,154
589370,589524,589526,2,154
589370,589523,589527,4,153
589370,589522,589527,5,152
589370,589525,589526,1,155
589370,589519,589526,7,149
589370,589521,589526,5,151
589370,589526,589527,1,156
589370,589524,589526,2,154
589370,589524,589526,2,154
589370,589523,589528,5,153
589370,589526,589528,2,156
589370,589526,589527,1,156
589370,589523,589527,4,153
589370,589526,589528,2,156
589370,589525,589527,2,155
589370,589527,589529,2,157
589370,589527,589528,1,157
589370,589526,589528,2,156
589370,589527,589529,2,157
589370,589527,589530,3,157
589370,589527,589529,2,157
589370,589527,589529,2,157
589370,589527,589530,3,157
589370,589527,589529,2,157
589370,589528,589531,3,158
589370,589528,589530,2,158
589370,589529,589530,1,159
589370,589529,589531,2,159
589370,589529,589531,2,159
589370,589529,589531,2,159
589370,589528,589530,2,158
589370,589528,589531,3,158
589370,589530,589532,2,160
589370,589528,589531,3,158
589370,589530,589532,2,160
589370,589529,589532,3,159
589370,589530,589533,3,160
589370,589531,589533,2,161
589434,589532,589534,2,98
589370,589531,589533,2,161
589370,589531,589534,3,161
589370,589531,589534,3,161
589434,589531,589534,3,97
589370,589530,589533,3,160
589434,589532,589534,2,98
589434,589532,589535,3,98
589370,589531,589534,3,161
589370,589530,589534,4,160
589434,589531,589534,3,97
589434,589533,589536,3,99
589434,589532,589535,3,98
589434,589534,589537,3,100
589434,589533,589536,3,99
589434,589534,589538,4,100
588918,589042,589541,499,124
589434,589534,589542,8,100
589434,589534,589546,12,100
589434,589534,589546,12,100
589434,589537,589546,9,103
589434,589535,589546,11,101
589434,589535,589547,12,101
589434,589534,589547,13,100
589434,589536,589547,11,102
589434,589534,589547,13,100
589434,589536,589546,10,102
589434,589535,589548,13,101
589434,589538,589547,9,104
589434,589537,589548,11,103
589434,589535,589548,13,101
589434,589541,589549,8,107
589434,589542,589550,8,108
589434,589546,589553,7,112
589434,589546,589553,7,112
589434,589546,589554,8,112
589434,589547,589555,8,113
589434,589547,589555,8,113
589434,589547,589555,8,113
589434,589547,589555,8,113
589434,589546,589556,10,112
589434,589548,589555,7,114
589434,589549,589557,8,115
589434,589549,589557,8,115
589434,589549,589556,7,115
589434,589547,589557,10,113
589434,589550,589556,6,116
589434,589553,589558,5,119
589434,589555,589558,3,121
589434,589548,589557,9,114
589434,589555,589558,3,121
589434,589555,589559,4,121
589434,589554,589559,5,120
589434,589557,589559,2,123
589434,589557,589559,2,123
589434,589556,589558,2,122
589434,589553,589559,6,119
589434,589555,589558,3,121
589434,589556,589558,2,122
589434,589558,589559,1,124
589434,589557,589559,2,123
589434,589558,589559,1,124
589434,589558,589560,2,124
589434,589558,589561,3,124
589434,589557,589560,3,123
589434,589559,589561,2,125
589434,589558,589560,2,124
589434,589559,589561,2,125
589434,589559,589562,3,125
589434,589560,589562,2,126
589434,589559,589562,3,125
589434,589559,589562,3,125
589434,589559,589561,2,125
589434,589559,589561,2,125
589434,589559,589561,2,125
589434,589561,589562,1,127
589434,589561,589562,1,127
589458,589562,589564,2,104
589458,589562,589564,2,104
589434,589561,589563,2,127
589434,589561,589564,3,127
589458,589562,589564,2,104
589458,589562,589563,1,104
589434,589561,589564,3,127
589458,589562,589564,2,104
589458,589562,589563,1,104
589458,589562,589564,2,104
589458,589562,589564,2,104
589434,589561,589564,3,127
589434,589561,589564,3,127
589458,589563,589566,3,105
589458,589564,589567,3,106
589458,589564,589570,6,106
589458,589564,589574,10,106
589458,589564,589576,12,106
589458,589566,589576,10,108
589458,589564,589576,12,106
589458,589565,589576,11,107
589458,589564,589576,12,106
589458,589564,589577,13,106
589458,589565,589577,12,107
589458,589564,589577,13,106
589458,589565,589577,12,107
589458,589567,589576,9,109
589458,589565,589576,11,107
589458,589565,589577,12,107
589458,589577,589578,1,119
589458,589577,589579,2,119
589458,589577,589580,3,119
589458,589578,589580,2,120
589458,589577,589580,3,119
589458,589570,589580,10,112
589458,589579,589581,2,121
589458,589574,589581,7,116
589458,589576,589581,5,118
589458,589576,589581,5,118
589458,589579,589582,3,121
589458,589576,589582,6,118
589458,589580,589582,2,122
589458,589576,589581,5,118
589458,589577,589582,5,119
589458,589580,589582,2,122
589458,589577,589583,6,119
589458,589581,589582,1,123
589458,589580,589582,2,122
589458,589581,589582,1,123
589458,589576,589582,6,118
589458,589581,589584,3,123
589458,589582,589584,2,124
589458,589580,589583,3,122
589458,589581,589584,3,123
589458,589582,589585,3,124
589458,589582,589585,3,124
589458,589583,589585,2,125
589458,589582,589584,2,124
589458,589583,589585,2,125
589458,589583,589586,3,125
589458,589583,589585,2,125
589458,589583,589585,2,125
589458,589584,589585,1,126
589458,589583,589585,2,125
589458,589583,589585,2,125
589458,589584,589587,3,126
589458,589584,589586,2,126
589458,589585,589587,2,127
589458,589585,589586,1,127
589458,589584,589586,2,126
589458,589585,589587,2,127
589458,589585,589587,2,127
589458,589585,589588,3,127
589458,589586,589589,3,128
589546,589587,589589,2,41
589458,589586,589589,3,128
589458,589586,589589,3,128
589546,589587,589589,2,41
589458,589586,589589,3,128
589546,589587,589590,3,41
589458,589586,589589,3,128
589458,589586,589589,3,128
589458,589587,589590,3,129
589546,589588,589591,3,42
589546,589589,589591,2,43
589546,589589,589591,2,43
589546,589588,589591,3,42
589546,589588,589590,2,42
589546,589589,589592,3,43
589546,589589,589594,5,43
589546,589589,589600,11,43
589546,589590,589601,11,44
589546,589591,589601,10,45
589546,589590,589602,12,44
589546,589590,589602,12,44
589546,589590,589601,11,44
589546,589591,589601,10,45
589546,589590,589603,13,44
589546,589591,589603,12,45
589546,589591,589603,12,45
589546,589592,589604,12,46
589546,589591,589603,12,45
589546,589594,589606,12,48
589546,589602,589607,5,56
589546,589602,589608,6,56
589088,589232,589609,377,144
589546,589602,589608,6,56
589546,589601,589609,8,55
589546,589602,589610,8,56
589546,589601,589609,8,55
589546,589603,589611,8,57
589546,589600,589612,12,54
589546,589604,589612,8,58
589546,589603,589613,10,57
589546,589604,589613,9,58
589546,589607,589614,7,61
589546,589612,589614,2,66
589546,589612,589615,3,66
589546,589606,589615,9,60
589546,589613,589615,2,67
589546,589613,589615,2,67
589546,589609,589614,5,63
589546,589608,589616,8,62
589546,589603,589615,12,57
589546,589609,589616,7,63
589546,589614,589616,2,68
589546,589612,589615,3,66
589546,589610,589617,7,64
589546,589609,589616,7,63
589546,589611,589616,5,65
589546,589615,589618,3,69
589546,589616,589618,2,70
589546,589614,589617,3,68
589546,589615,589617,2,69
589546,589616,589618,2,70
589546,589615,589618,3,69
589546,589615,589617,2,69
589546,589616,589618,2,70
589546,589617,589619,2,71
589546,589615,589618,3,69
589546,589616,589619,3,70
589546,589616,589618,2,70
589546,589617,589619,2,71
589546,589618,589619,1,72
589546,589618,589620,2,72
589546,589617,589619,2,71
589546,589618,589620,2,72
589546,589618,589620,2,72
589546,589618,589621,3,72
589546,589618,589620,2,72
589546,589619,589622,3,73
589609,589620,589622,2,11
589546,589619,589621,2,73
589546,589619,589621,2,73
589546,589619,589622,3,73
589546,589618,589621,3,72
589546,589620,589622,2,74
589609,589621,589623,2,12
589609,589620,589623,3,11
589609,589620,589622,2,11
589609,589620,589624,4,11
589609,589621,589624,3,12
589609,589621,589625,4,12
589609,589622,589624,2,13
589609,589622,589626,4,13
589166,589266,589626,360,100
589609,589622,589628,6,13
589609,589622,589632,10,13
589001,589134,589632,498,133
589609,589622,589634,12,13
589609,589624,589634,10,15
589609,589622,589634,12,13
589609,589623,589635,12,14
589609,589623,589635,12,14
589609,589624,589636,12,15
589609,589626,589636,10,17
589609,589623,589635,12,14
589609,589624,589636,12,15
589609,589626,589637,11,17
589609,589625,589637,12,16
589609,589627,589638,11,18
589609,589628,589638,10,19
589000,589134,589641,507,134
589609,589632,589642,10,23
589609,589636,589644,8,27
589609,589634,589644,10,25
589609,589636,589644,8,27
589609,589632,589645,13,23
589609,589638,589645,7,29
589609,589637,589646,9,28
589609,589635,589646,11,26
589609,589638,589646,8,29
589609,589638,589647,9,29
589609,589634,589646,12,25
589609,589636,589646,10,27
589609,589635,589647,12,26
589609,589635,589647,12,26
589609,589642,589648,6,33
589609,589641,589648,7,32
589609,589636,589650,14,27
589609,589644,589650,6,35
589609,589644,589651,7,35
589609,589644,589651,7,35
589609,589646,589651,5,37
589609,589645,589651,6,36
589609,589648,589652,4,39
589609,589646,589651,5,37
589609,589645,589653,8,36
589609,589647,589652,5,38
589609,589651,589653,2,42
589609,589647,589653,6,38
589609,589646,589654,8,37
589609,589647,589654,7,38
589609,589651,589654,3,42
589609,589647,589653,6,38
589609,589650,589654,4,41
589609,589652,589655,3,43
589609,589648,589655,7,39
589609,589651,589654,3,42
589609,589652,589655,3,43
589609,589649,589654,5,40
589609,589650,589654,4,41
589609,589654,589656,2,45
589609,589652,589655,3,43
589609,589655,589657,2,46
589609,589654,589657,3,45
589609,589653,589657,4,44
589609,589653,589656,3,44
589609,589654,589657,3,45
589609,589653,589656,3,44
589609,589655,589656,1,46
589609,589654,589658,4,45
589633,589655,589658,3,22
589633,589656,589658,2,23
589609,589653,589657,4,44
589609,589654,589657,3,45
589633,589656,589658,2,23
589633,589657,589660,3,24
589633,589656,589659,3,23
589633,589655,589659,4,22
589633,589657,589660,3,24
589056,589167,589660,493,111
589633,589657,589662,5,24
589633,589657,589661,4,24
589633,589657,589666,9,24
589633,589657,589668,11,24
589633,589658,589668,10,25
589633,589658,589669,11,25
589633,589657,589668,11,24
589633,589658,589668,10,25
589633,589659,589670,11,26
589633,589658,589670,12,25
589633,589660,589672,12,27
589633,589660,589672,12,27
589633,589660,589672,12,27
589633,589658,589672,14,25
589633,589660,589674,14,27
589633,589661,589673,12,28
589633,589662,589674,12,29
589633,589663,589674,11,30
589633,589666,589678,12,33
589633,589668,589678,10,35
589633,589668,589678,10,35
589633,589670,589679,9,37
589633,589670,589680,10,37
589633,589669,589680,11,36
589633,589669,589679,10,36
589633,589672,589680,8,39
589633,589678,589681,3,45
589633,589674,589681,7,41
589633,589672,589680,8,39
589633,589674,589681,7,41
589633,589669,589681,12,36
589633,589678,589682,4,45
589633,589679,589683,4,46
589633,589680,589683,3,47
589633,589672,589683,11,39
589633,589672,589683,11,39
589633,589674,589683,9,41
589633,589681,589684,3,48
589633,589681,589683,2,48
589633,589680,589683,3,47
589633,589681,589684,3,48
589633,589680,589683,3,47
589633,589682,589684,2,49
589633,589674,589683,9,41
589633,589681,589683,2,48
589633,589682,589684,2,49
589633,589678,589685,7,45
589633,589683,589684,1,50
589633,589683,589684,1,50
589633,589684,589685,1,51
589633,589681,589684,3,48
589633,589683,589685,2,50
589633,589683,589685,2,50
589633,589684,589686,2,51
589633,589683,589685,2,50
589633,589684,589686,2,51
589633,589684,589685,1,51
589633,589684,589685,1,51
589633,589684,589687,3,51
589633,589685,589687,2,52
589633,589684,589686,2,51
589633,589684,589688,4,51
589633,589685,589688,3,52
589633,589685,589687,2,52
589633,589685,589687,2,52
589633,589685,589688,3,52
589633,589684,589688,4,51
589633,589686,589689,3,53
589633,589686,589688,2,53
589633,589687,589689,2,54
589633,589685,589688,3,52
589633,589687,589688,1,54
589633,589687,589690,3,54
589633,589686,589689,3,53
589633,589686,589689,3,53
589633,589686,589689,3,53
589633,589688,589692,4,55
589633,589688,589695,7,55
589087,589199,589697,498,112
589633,589688,589698,10,55
589633,589688,589698,10,55
589633,589689,589700,11,56
589633,589688,589700,12,55
589633,589689,589700,11,56
589633,589688,589700,12,55
589633,589689,589700,11,56
589633,589689,589701,12,56
589633,589689,589700,11,56
589633,589690,589702,12,57
589633,589690,589702,12,57
589633,589690,589703,13,57
589633,589690,589703,13,57
589633,589689,589704,15,56
589633,589692,589704,12,59
589633,589695,589707,12,62
589633,589700,589707,7,67
589633,589700,589709,9,67
589633,589697,589709,12,64
589633,589698,589708,10,65
589633,589700,589710,10,67
589633,589700,589711,11,67
589633,589699,589710,11,66
589633,589700,589711,11,67
589633,589703,589712,9,70
589633,589701,589712,11,68
589633,589704,589713,9,71
589633,589705,589713,8,72
589633,589702,589714,12,69
589633,589701,589713,12,68
589633,589702,589714,12,69
589633,589710,589714,4,77
589633,589709,589715,6,76
589633,589707,589715,8,74
589633,589703,589714,11,70
589633,589707,589714,7,74
589633,589711,589716,5,78
589633,589709,589715,6,76
589633,589715,589716,1,82
589633,589711,589716,5,78
589633,589714,589716,2,81
589633,589715,589717,2,82
589633,589710,589717,7,77
589633,589714,589717,3,81
589633,589714,589718,4,81
589633,589713,589718,5,80
589633,589712,589718,6,79
589633,589714,589719,5,81
589633,589711,589718,7,78
589633,589715,589719,4,82
589633,589717,589719,2,84
589633,589713,589720,7,80
589633,589716,589720,4,83
589633,589716,589720,4,83
589633,589717,589719,2,84
589633,589719,589720,1,86
589633,589712,589720,8,79
589633,589717,589719,2,84
589633,589717,589719,2,84
589633,589715,589719,4,82
589633,589717,589720,3,84
589633,589717,589720,3,84
589633,589718,589721,3,85
589642,589720,589722,2,78
589633,589718,589721,3,85
589633,589719,589721,2,86
589642,589719,589722,3,77
589642,589720,589723,3,78
589642,589720,589723,3,78
589642,589720,589723,3,78
589642,589720,589723,3,78
589642,589721,589723,2,79
589642,589721,589724,3,79
589642,589720,589724,4,78
589642,589721,589728,7,79
589642,589723,589733,10,81
589642,589721,589734,13,79
589642,589723,589734,11,81
589642,589722,589734,12,80
589642,589722,589734,12,80
589642,589722,589734,12,80
589642,589724,589734,10,82
589642,589724,589735,11,82
589642,589724,589734,10,82
589642,589721,589736,15,79
589642,589722,589735,13,80
589642,589723,589737,14,81
589642,589724,589737,13,82
589642,589723,589737,14,81
589642,589728,589740,12,86
589642,589735,589741,6,93
589642,589735,589742,7,93
589642,589736,589743,7,94
589642,589733,589744,11,91
589642,589736,589744,8,94
589642,589738,589745,7,96
589642,589734,589744,10,92
589642,589736,589746,10,94
589642,589742,589746,4,100
589642,589734,589746,12,92
589642,589734,589746,12,92
589642,589735,589745,10,93
589642,589743,589747,4,101
589642,589744,589747,3,102
589642,589734,589747,13,92
589642,589741,589748,7,99
589642,589740,589748,8,98
589642,589737,589747,10,95
589642,589738,589747,9,96
589642,589745,589749,4,103
589642,589747,589749,2,105
589642,589746,589749,3,104
589642,589744,589748,4,102
589642,589746,589749,3,104
589642,589746,589749,3,104
589642,589746,589748,2,104
589642,589747,589748,1,105
589642,589748,589749,1,106
589642,589746,589749,3,104
589642,589745,589750,5,103
589642,589749,589750,1,107
589642,589749,589751,2,107
589642,589748,589751,3,106
589642,589747,589750,3,105
589642,589749,589751,2,107
589642,589749,589750,1,107
589642,589749,589751,2,107
589642,589748,589751,3,106
589642,589749,589751,2,107
589642,589749,589752,3,107
589642,589749,589752,3,107
589642,589748,589752,4,106
589642,589749,589751,2,107
589642,589751,589753,2,109
589642,589751,589753,2,109
589642,589749,589752,3,107
589642,589751,589753,2,109
589642,589750,589752,2,108
589668,589751,589754,3,83
589642,589751,589753,2,109
589642,589751,589753,2,109
589668,589752,589755,3,84
589668,589752,589755,3,84
589668,589752,589754,2,84
589668,589752,589755,3,84
589668,589752,589754,2,84
589668,589753,589756,3,85
589668,589751,589755,4,83
589668,589753,589756,3,85
589668,589753,589761,8,85
589668,589753,589763,10,85
589668,589753,589765,12,85
589668,589754,589765,11,86
589668,589755,589765,10,87
589668,589754,589766,12,86
589668,589755,589766,11,87
589668,589756,589766,10,88
589668,589754,589766,12,86
589668,589757,589768,11,89
589668,589755,589768,13,87
589668,589755,589767,12,87
589668,589755,589769,14,87
589668,589756,589770,14,88
589668,589763,589773,10,95
589668,589761,589775,14,93
589668,589768,589776,8,100
589668,589766,589777,11,98
589668,589768,589777,9,100
589668,589765,589777,12,97
589668,589765,589777,12,97
589668,589765,589777,12,97
589668,589767,589778,11,99
589668,589767,589777,10,99
589668,589768,589777,9,100
589668,589766,589778,12,98
589668,589769,589780,11,101
589668,589778,589781,3,110
589668,589770,589782,12,102
589668,589773,589781,8,105
589668,589778,589782,4,110
589668,589778,589782,4,110
589668,589775,589783,8,107
589668,589777,589783,6,109
589668,589777,589782,5,109
589668,589777,589784,7,109
589668,589779,589784,5,111
589668,589777,589783,6,109
589668,589777,589783,6,109
589668,589782,589784,2,114
589668,589782,589785,3,114
589668,589776,589785,9,108
589668,589782,589786,4,114
589668,589783,589786,3,115
589668,589781,589786,5,113
589668,589780,589785,5,112
589668,589783,589786,3,115
589668,589784,589786,2,116
589668,589784,589786,2,116
589668,589784,589787,3,116
589668,589784,589788,4,116
589668,589784,589787,3,116
589668,589786,589788,2,118
589668,589784,589787,3,116
589668,589786,589788,2,118
589668,589782,589789,7,114
589668,589785,589788,3,117
589181,589298,589789,491,117
589668,589787,589788,1,119
589668,589786,589790,4,118
589668,589786,589790,4,118
589668,589785,589789,4,117
589668,589786,589789,3,118
589668,589786,589789,3,118
589668,589788,589790,2,120
589668,589786,589791,5,118
589700,589788,589791,3,88
589668,589788,589790,2,120
589700,589789,589792,3,89
589700,589789,589792,3,89
589700,589788,589791,3,88
589700,589790,589791,1,90
589700,589789,589793,4,89
589700,589790,589793,3,90
589700,589790,589794,4,90
589700,589790,589793,3,90
589700,589790,589797,7,90
589313,589440,589799,359,127
589700,589791,589801,10,91
589700,589790,589802,12,90
589700,589791,589802,11,91
589700,589791,589802,11,91
589700,589790,589802,12,90
589700,589792,589803,11,92
589700,589792,589803,11,92
589700,589792,589803,11,92
589700,589792,589804,12,92
589700,589793,589805,12,93
589700,589794,589806,12,94
589700,589794,589806,12,94
589700,589793,589807,14,93
589700,589799,589809,10,99
589700,589797,589810,13,97
589700,589801,589812,11,101
589700,589804,589812,8,104
589700,589803,589812,9,103
589700,589804,589812,8,104
589700,589803,589814,11,103
589700,589802,589814,12,102
589700,589802,589814,12,102
589700,589805,589815,10,105
589700,589807,589815,8,107
589700,589802,589814,12,102
589700,589806,589815,9,106
589700,589803,589815,12,103
589700,589810,589817,7,110
589700,589806,589817,11,106
589700,589812,589818,6,112
589700,589814,589818,4,114
589700,589810,589818,8,110
589700,589812,589819,7,112
589700,589814,589819,5,114
589230,589327,589820,493,97
589700,589813,589819,6,113
589700,589815,589820,5,115
589700,589814,589820,6,114
589700,589813,589821,8,113
589700,589815,589821,6,115
589700,589815,589822,7,115
589700,589818,589822,4,118
589700,589818,589821,3,118
589700,589815,589821,6,115
589700,589816,589823,7,116
589700,589821,589823,2,121
589700,589817,589823,6,117
589700,589818,589822,4,118
589700,589820,589824,4,120
589700,589820,589824,4,120
589700,589819,589824,5,119
589700,589818,589824,6,118
589700,589820,589823,3,120
589700,589821,589824,3,121
589700,589820,589824,4,120
589700,589822,589825,3,122
589700,589819,589824,5,119
589700,589823,589826,3,123
589700,589824,589826,2,124
589700,589822,589826,4,122
589700,589823,589826,3,123
589700,589822,589825,3,122
589700,589823,589825,2,123
589700,589823,589827,4,123
589790,589825,589827,2,35
589700,589823,589826,3,123
589700,589824,589826,2,124
589790,589824,589827,3,34
589790,589825,589828,3,35
589790,589825,589829,4,35
589790,589825,589829,4,35
589790,589825,589830,5,35
589790,589826,589829,3,36
589790,589826,589830,4,36
589790,589826,589829,3,36
589790,589826,589834,8,36
589790,589826,589836,10,36
589790,589826,589837,11,36
589790,589827,589837,10,37
589790,589827,589839,12,37
589790,589827,589839,12,37
589790,589827,589839,12,37
589790,589827,589840,13,37
589790,589829,589841,12,39
589790,589829,589842,13,39
589790,589830,589842,12,40
589790,589830,589842,12,40
589790,589830,589842,12,40
589790,589829,589842,13,39
589790,589830,589844,14,40
589790,589834,589845,11,44
589790,589836,589847,11,46
589790,589837,589847,10,47
589790,589838,589848,10,48
589790,589839,589850,11,49
589790,589839,589851,12,49
589790,589839,589851,12,49
589790,589842,589852,10,52
589246,589355,589853,498,109
589790,589840,589853,13,50
589790,589842,589854,12,52
589790,589845,589854,9,55
589790,589844,589853,9,54
589790,589847,589854,7,57
589790,589842,589854,12,52
589790,589842,589854,12,52
589790,589841,589855,14,51
589790,589842,589855,13,52
589790,589849,589857,8,59
589790,589851,589856,5,61
589790,589851,589857,6,61
589790,589848,589857,9,58
589790,589855,589859,4,65
589790,589854,589859,5,64
589790,589850,589859,9,60
589790,589852,589859,7,62
589790,589854,589859,5,64
589790,589855,589859,4,65
589790,589854,589859,5,64
589790,589854,589860,6,64
589790,589853,589860,7,63
589790,589857,589859,2,67
589790,589853,589860,7,63
589790,589854,589861,7,64
589790,589858,589861,3,68
589790,589854,589860,6,64
589790,589858,589860,2,68
589790,589859,589862,3,69
589790,589857,589861,4,67
589790,589860,589862,2,70
589790,589859,589862,3,69
589790,589860,589863,3,70
589790,589859,589862,3,69
589790,589860,589863,3,70
589790,589859,589862,3,69
589790,589860,589863,3,70
589790,589859,589862,3,69
589790,589859,589862,3,69
589790,589861,589864,3,71
589801,589862,589864,2,61
589790,589862,589864,2,72
589790,589861,589863,2,71
589790,589861,589864,3,71
589801,589863,589865,2,62
589801,589862,589864,2,61
589801,589863,589865,2,62
589801,589862,589864,2,61
589801,589863,589865,2,62
589801,589863,589866,3,62
589801,589863,589865,2,62
589801,589863,589865,2,62
589267,589374,589867,493,107
589801,589863,589868,5,62
589801,589867,589873,6,66
589801,589868,589873,5,67
589801,589866,589874,8,65
589801,589864,589875,11,63
589801,589865,589875,10,64
589801,589865,589875,10,64
589801,589865,589875,10,64
589801,589864,589875,11,63
589801,589866,589875,9,65
589801,589864,589876,12,63
589801,589864,589876,12,63
589801,589866,589876,10,65
589801,589866,589876,10,65
589801,589873,589877,4,72
589801,589865,589877,12,64
589801,589864,589876,12,63
589801,589863,589876,13,62
589801,589873,589876,3,72
589801,589874,589878,4,73
589801,589875,589878,3,74
589801,589875,589879,4,74
589801,589875,589879,4,74
589801,589875,589879,4,74
589801,589875,589879,4,74
589801,589876,589879,3,75
589801,589876,589880,4,75
589801,589875,589879,4,74
589801,589876,589881,5,75
589280,589399,589882,483,119
589801,589878,589883,5,77
589801,589876,589883,7,75
589371,589531,589884,353,160
589801,589877,589884,7,76
589801,589877,589884,7,76
589801,589879,589884,5,78
589801,589879,589884,5,78
589801,589877,589884,7,76
589801,589877,589885,8,76
589801,589878,589885,7,77
589801,589880,589884,4,79
589801,589877,589884,7,76
589801,589879,589884,5,78
589801,589879,589886,7,78
589801,589883,589886,3,82
589801,589880,589887,7,79
589801,589884,589887,3,83
589801,589884,589887,3,83
589801,589884,589887,3,83
589801,589880,589887,7,79
589801,589884,589887,3,83
589801,589881,589888,7,80
589801,589884,589888,4,83
589801,589884,589888,4,83
589801,589885,589888,3,84
589801,589887,589889,2,86
589801,589885,589889,4,84
589801,589885,589889,4,84
589801,589886,589888,2,85
589801,589887,589889,2,86
589801,589882,589888,6,81
589801,589885,589888,3,84
589801,589884,589888,4,83
589801,589885,589888,3,84
589801,589887,589890,3,86
589801,589886,589889,3,85
589821,589888,589890,2,67
589801,589887,589891,4,86
589821,589889,589891,2,68
589801,589887,589890,3,86
589821,589888,589890,2,67
589821,589889,589891,2,68
589821,589889,589892,3,68
589821,589889,589892,3,68
589821,589888,589891,3,67
589821,589889,589893,4,68
589821,589889,589892,3,68
589821,589889,589896,7,68
589821,589889,589899,10,68
589821,589891,589901,10,70
589821,589889,589901,12,68
589821,589889,589902,13,68
589821,589890,589902,12,69
589821,589890,589902,12,69
589821,589892,589903,11,71
589821,589892,589903,11,71
589821,589891,589903,12,70
589821,589890,589902,12,69
589821,589892,589904,12,71
589821,589892,589904,12,71
589821,589893,589903,10,72
589821,589892,589904,12,71
589821,589892,589906,14,71
589821,589893,589906,13,72
589821,589896,589908,12,75
589821,589899,589911,12,78
589821,589901,589911,10,80
589821,589904,589912,8,83
589821,589903,589912,9,82
589821,589903,589913,10,82
589821,589903,589913,10,82
589821,589905,589913,8,84
589821,589904,589914,10,83
589821,589903,589914,11,82
589821,589906,589914,8,85
589821,589901,589913,12,80
589821,589902,589913,11,81
589821,589902,589915,13,81
589821,589904,589915,11,83
589821,589902,589914,12,81
589821,589908,589916,8,87
589821,589911,589917,6,90
589821,589906,589917,11,85
589821,589911,589917,6,90
589821,589915,589918,3,94
589821,589912,589918,6,91
589821,589913,589918,5,92
589821,589915,589918,3,94
589821,589913,589918,5,92
589821,589914,589919,5,93
589821,589914,589919,5,93
589821,589913,589919,6,92
589821,589915,589918,3,94
589821,589916,589919,3,95
589821,589917,589920,3,96
589821,589917,589920,3,96
589821,589917,589920,3,96
589821,589914,589919,5,93
589821,589914,589919,5,93
589821,589914,589920,6,93
589821,589918,589921,3,97
589821,589913,589920,7,92
589821,589918,589921,3,97
589821,589918,589921,3,97
589821,589918,589920,2,97
589821,589918,589921,3,97
589821,589919,589922,3,98
589821,589919,589921,2,98
589821,589920,589921,1,99
589821,589919,589923,4,98
589853,589921,589923,2,68
589853,589920,589923,3,67
589821,589919,589922,3,98
589821,589920,589922,2,99
589821,589920,589922,2,99
589853,589920,589924,4,67
589853,589920,589924,4,67
589853,589921,589924,3,68
589853,589921,589925,4,68
589853,589921,589926,5,68
589853,589921,589926,5,68
589853,589922,589925,3,69
589853,589922,589929,7,69
589853,589922,589931,9,69
589853,589922,589933,11,69
589853,589923,589933,10,70
589853,589923,589935,12,70
589853,589923,589935,12,70
589853,589923,589936,13,70
589853,589923,589935,12,70
589853,589925,589936,11,72
589853,589924,589936,12,71
589853,589924,589936,12,71
589853,589924,589937,13,71
589853,589926,589937,11,73
589853,589926,589936,10,73
589853,589923,589938,15,70
589853,589926,589937,11,73
589853,589931,589940,9,78
589853,589929,589940,11,76
589314,589440,589941,501,126
589853,589934,589942,8,81
589853,589936,589942,6,83
589853,589935,589942,7,82
589853,589936,589942,6,83
589853,589933,589942,9,80
589853,589935,589944,9,82
589853,589936,589946,10,83
589853,589939,589947,8,86
589853,589940,589947,7,87
589853,589937,589948,11,84
589853,589942,589948,6,89
589853,589937,589948,11,84
589853,589936,589948,12,83
589853,589937,589948,11,84
589853,589936,589948,12,83
589853,589942,589948,6,89
589853,589943,589950,7,90
589853,589943,589949,6,90
589853,589938,589950,12,85
589853,589941,589950,9,88
589853,589945,589951,6,92
589853,589943,589950,7,90
589853,589948,589951,3,95
589853,589940,589951,11,87
589853,589947,589951,4,94
589853,589948,589952,4,95
589853,589948,589951,3,95
589853,589948,589951,3,95
589853,589950,589953,3,97
589853,589946,589952,6,93
589853,589947,589953,6,94
589853,589950,589952,2,97
589853,589952,589954,2,99
589853,589951,589954,3,98
589853,589949,589953,4,96
589853,589952,589954,2,99
589324,589460,589954,494,136
589853,589948,589953,5,95
589853,589950,589953,3,97
589853,589951,589954,3,98
589853,589951,589955,4,98
589853,589951,589955,4,98
589853,589950,589955,5,97
589853,589953,589955,2,100
589853,589951,589954,3,98
589853,589953,589955,2,100
589853,589953,589954,1,100
589875,589954,589956,2,79
589875,589954,589956,2,79
589853,589952,589956,4,99
589853,589953,589956,3,100
589875,589954,589957,3,79
589875,589954,589957,3,79
589875,589954,589958,4,79
589875,589954,589957,3,79
589875,589954,589957,3,79
589875,589954,589958,4,79
589875,589955,589958,3,80
589875,589955,589961,6,80
589875,589956,589966,10,81
589875,589957,589966,9,82
589875,589958,589966,8,83
589875,589956,589966,10,81
589875,589958,589967,9,83
589875,589956,589966,10,81
589875,589955,589967,12,80
589875,589956,589968,12,81
589875,589956,589968,12,81
589875,589955,589968,13,80
589875,589955,589967,12,80
589875,589955,589967,12,80
589875,589959,589969,10,84
589875,589957,589970,13,82
589875,589959,589970,11,84
589875,589967,589970,3,92
589875,589958,589971,13,83
589875,589966,589971,5,91
589875,589966,589971,5,91
589875,589966,589971,5,91
589875,589967,589972,5,92
589875,589967,589973,6,92
589370,589508,589973,465,138
589875,589961,589973,12,86
589547,589620,589973,353,73
589875,589966,589974,8,91
589351,589482,589976,494,131
589875,589968,589977,9,93
589875,589968,589977,9,93
589875,589971,589977,6,96
589875,589970,589977,7,95
589875,589970,589977,7,95
589875,589969,589977,8,94
589875,589968,589977,9,93
589875,589973,589978,5,98
589875,589974,589978,4,99
589875,589971,589977,6,96
589875,589973,589979,6,98
589875,589968,589979,11,93
589875,589968,589978,10,93
589875,589971,589978,7,96
589875,589972,589979,7,97
589875,589971,589979,8,96
589875,589973,589979,6,98
589875,589970,589978,8,95
589875,589977,589980,3,102
589875,589977,589981,4,102
589875,589977,589981,4,102
589875,589973,589980,7,98
589875,589978,589981,3,103
589875,589976,589981,5,101
589875,589978,589981,3,103
589875,589977,589982,5,102
589875,589979,589982,3,104
589875,589978,589981,3,103
589875,589980,589982,2,105
589875,589978,589981,3,103
589875,589977,589981,4,102
589875,589980,589982,2,105
589875,589979,589981,2,104
589875,589980,589983,3,105
589875,589978,589982,4,103
589875,589981,589983,2,106
589875,589979,589982,3,104
589875,589979,589982,3,104
589875,589979,589982,3,104
589882,589981,589983,2,99
589875,589981,589982,1,106
589875,589980,589982,2,105
589882,589981,589984,3,99
589882,589982,589984,2,100
589882,589982,589984,2,100
589882,589981,589983,2,99
589882,589982,589985,3,100
589882,589982,589984,2,100
589882,589982,589985,3,100
589882,589982,589984,2,100
589882,589982,589989,7,100
589882,589985,589990,5,103
589882,589982,589991,9,100
589882,589984,589991,7,102
589882,589985,589991,6,103
589882,589985,589992,7,103
589882,589984,589992,8,102
589882,589985,589993,8,103
589882,589984,589993,9,102
589882,589983,589992,9,101
589882,589984,589993,9,102
589882,589989,589994,5,107
589882,589990,589994,4,108
589882,589983,589995,12,101
589882,589983,589995,12,101
589882,589983,589995,12,101
589882,589991,589994,3,109
589882,589991,589994,3,109
589882,589983,589996,13,101
589882,589983,589995,12,101
589882,589983,589995,12,101
589882,589983,589995,12,101
589882,589983,589995,12,101
589882,589992,589997,5,110
589882,589992,589997,5,110
589882,589991,589997,6,109
589882,589993,589998,5,111
589882,589993,589998,5,111
589882,589996,590000,4,114
589882,589996,590001,5,114
589882,589994,590001,7,112
589882,589994,590001,7,112
589882,589996,590001,5,114
589882,589994,590000,6,112
589882,589997,590002,5,115
589882,589998,590002,4,116
589882,589997,590002,5,115
589882,589995,590003,8,113
589882,589998,590002,4,116
589882,589994,590003,9,112
589882,589997,590003,6,115
589882,589996,590002,6,114
589882,589995,590002,7,113
589882,589997,590002,5,115
589882,589997,590002,5,115
589882,589995,590002,7,113
589882,590002,590004,2,120
589882,590001,590004,3,119
589882,590001,590004,3,119
589882,590002,590004,2,120
589882,589998,590005,7,116
589882,590002,590005,3,120
589882,590001,590005,4,119
589882,590000,590004,4,118
589882,590002,590005,3,120
589882,590003,590006,3,121
589882,590003,590006,3,121
589882,590003,590006,3,121
589882,590004,590005,1,122
589882,590002,590005,3,120
589882,590003,590006,3,121
589882,590003,590005,2,121
589884,590005,590006,1,121
589882,590003,590007,4,121
589884,590005,590007,2,121
589882,590003,590007,4,121
589884,590004,590007,3,120
589884,590004,590008,4,120
589884,590005,590008,3,121
589882,590003,590007,4,121
589882,590003,590007,4,121
589884,590005,590008,3,121
589884,590006,590008,2,122
589884,590006,590009,3,122
589884,590006,590010,4,122
589884,590006,590013,7,122
589884,590006,590017,11,122
589884,590007,590017,10,123
589884,590007,590017,10,123
589884,590006,590019,13,122
589884,590008,590019,11,124
589884,590007,590018,11,123
589884,590008,590019,11,124
589884,590007,590019,12,123
589884,590008,590020,12,124
589884,590007,590020,13,123
589884,590007,590019,12,123
589884,590008,590021,13,124
589884,590010,590020,10,126
589884,590006,590021,15,122
589884,590010,590021,11,126
589884,590017,590022,5,133
589884,590017,590022,5,133
589884,590013,590022,9,129
589884,590010,590021,11,126
589884,590019,590024,5,135
589884,590018,590023,5,134
589884,590010,590025,15,126
589884,590022,590026,4,138
589884,590022,590026,4,138
589884,590024,590027,3,140
589884,590019,590027,8,135
589884,590019,590026,7,135
589884,590020,590028,8,136
589884,590024,590028,4,140
589884,590022,590028,6,138
589884,590021,590028,7,137
589884,590020,590027,7,136
589884,590021,590028,7,137
589884,590019,590028,9,135
589884,590027,590029,2,143
589884,590022,590029,7,138
589884,590020,590028,8,136
589884,590025,590028,3,141
589884,590020,590028,8,136
589884,590021,590028,7,137
589884,590026,590030,4,142
589884,590021,590030,9,137
589884,590026,590029,3,142
589884,590027,590030,3,143
589884,590028,590031,3,144
589884,590027,590031,4,143
589884,590028,590031,3,144
589884,590028,590032,4,144
589884,590028,590032,4,144
589884,590028,590032,4,144
589884,590028,590032,4,144
589884,590030,590032,2,146
589884,590029,590031,2,145
589884,590029,590031,2,145
589884,590031,590033,2,147
589884,590028,590032,4,144
589884,590030,590033,3,146
589884,590031,590033,2,147
589884,590029,590033,4,145
589884,590029,590032,3,145
589884,590029,590032,3,145
589884,590029,590032,3,145
589884,590030,590032,2,146
589884,590032,590034,2,148
589884,590031,590033,2,147
589941,590033,590034,1,92
589941,590032,590035,3,91
589941,590033,590034,1,92
589941,590033,590034,1,92
589941,590032,590034,2,91
589941,590032,590034,2,91
589941,590032,590034,2,91
589941,590033,590036,3,92
589941,590033,590037,4,92
589941,590033,590036,3,92
589941,590037,590041,4,96
589941,590038,590042,4,97
589941,590036,590043,7,95
589941,590036,590043,7,95
589941,590041,590044,3,100
589941,590033,590044,11,92
589941,590035,590045,10,94
589941,590035,590045,10,94
589941,590035,590045,10,94
589941,590034,590045,11,93
589435,589562,590045,483,127
589941,590033,590046,13,92
589941,590033,590045,12,92
589941,590035,590045,10,94
589941,590035,590045,10,94
589941,590042,590047,5,101
589941,590044,590047,3,103
589941,590033,590046,13,92
589941,590033,590047,14,92
589941,590043,590047,4,102
589941,590034,590047,13,93
589941,590043,590048,5,102
589941,590035,590048,13,94
589941,590045,590048,3,104
589941,590044,590048,4,103
589941,590045,590048,3,104
589941,590045,590050,5,104
589941,590045,590050,5,104
589941,590046,590052,6,105
589941,590046,590052,6,105
589941,590048,590052,4,107
589941,590047,590053,6,106
589941,590048,590053,5,107
589941,590048,590053,5,107
589941,590046,590053,7,105
589941,590047,590054,7,106
589941,590047,590054,7,106
589941,590048,590054,6,107
589941,590047,590054,7,106
589941,590048,590054,6,107
589941,590050,590055,5,109
589941,590046,590054,8,105
589941,590046,590054,8,105
589941,590050,590055,5,109
589941,590047,590054,7,106
589941,590048,590054,6,107
589941,590052,590056,4,111
589941,590054,590057,3,113
589941,590053,590057,4,112
589941,590053,590057,4,112
589941,590053,590057,4,112
589941,590053,590057,4,112
589941,590052,590058,6,111
589941,590055,590058,3,114
589941,590054,590057,3,113
589941,590052,590057,5,111
589941,590054,590057,3,113
589941,590056,590059,3,115
589941,590055,590058,3,114
589941,590055,590059,4,114
589941,590055,590058,3,114
589941,590055,590058,3,114
589941,590054,590058,4,113
589941,590055,590058,3,114
589955,590057,590059,2,102
589941,590054,590058,4,113
589941,590057,590058,1,116
589955,590057,590059,2,102
589955,590058,590060,2,103
589955,590058,590060,2,103
589955,590058,590060,2,103
589955,590058,590060,2,103
589955,590058,590060,2,103
589955,590059,590060,1,104
589955,590059,590062,3,104
589955,590059,590065,6,104
589955,590062,590066,4,107
589955,590062,590068,6,107
589955,590061,590069,8,106
589955,590060,590070,10,105
589955,590060,590070,10,105
589955,590065,590070,5,110
589955,590061,590071,10,106
589955,590061,590071,10,106
589955,590066,590071,5,111
589955,590059,590071,12,104
589955,590061,590072,11,106
589955,590059,590072,13,104
589955,590059,590071,12,104
589955,590059,590071,12,104
589955,590059,590072,13,104
589955,590068,590071,3,113
589955,590059,590072,13,104
589955,590061,590071,10,106
589955,590059,590073,14,104
589955,590069,590073,4,114
589955,590070,590073,3,115
589955,590071,590075,4,116
589955,590070,590074,4,115
589955,590071,590075,4,116
589955,590070,590076,6,115
589955,590071,590077,6,116
589955,590072,590078,6,117
589955,590074,590078,4,119
589955,590072,590079,7,117
589459,589587,590079,492,128
589955,590075,590079,4,120
589955,590071,590079,8,116
589955,590075,590078,3,120
589955,590072,590079,7,117
589955,590072,590080,8,117
589955,590074,590079,5,119
589955,590072,590080,8,117
589955,590072,590079,7,117
589955,590075,590079,4,120
589955,590072,590079,7,117
589955,590073,590079,6,118
589955,590077,590080,3,122
589955,590078,590081,3,123
589955,590072,590081,9,117
589955,590078,590080,2,123
589955,590076,590080,4,121
589955,590079,590082,3,124
589955,590079,590083,4,124
589955,590080,590083,3,125
589955,590080,590083,3,125
589955,590079,590083,4,124
589955,590079,590083,4,124
589955,590079,590082,3,124
589955,590081,590082,1,126
589955,590080,590084,4,125
589955,590081,590084,3,126
589955,590080,590084,4,125
589955,590081,590083,2,126
589955,590081,590083,2,126
589955,590079,590083,4,124
589955,590080,590083,3,125
589955,590080,590084,4,125
589955,590080,590084,4,125
589955,590083,590085,2,128
589955,590081,590084,3,126
589973,590083,590085,2,110
589973,590083,590086,3,110
589955,590083,590085,2,128
589973,590083,590085,2,110
589973,590083,590085,2,110
589973,590084,590087,3,111
589973,590084,590087,3,111
589973,590083,590086,3,110
589973,590084,590086,2,111
589973,590084,590086,2,111
589973,590084,590092,8,111
589973,590085,590096,11,112
589973,590084,590096,12,111
589973,590085,590097,12,112
589973,590085,590097,12,112
589973,590087,590096,9,114
589973,590084,590097,13,111
589973,590088,590097,9,115
589973,590085,590097,12,112
589973,590087,590097,10,114
589973,590086,590096,10,113
589973,590087,590097,10,114
589973,590085,590097,12,112
589973,590087,590098,11,114
589973,590092,590097,5,119
589973,590086,590097,11,113
589973,590086,590097,11,113
589973,590086,590099,13,113
589973,590096,590100,4,123
589973,590097,590101,4,124
589973,590097,590101,4,124
589973,590097,590102,5,124
589973,590097,590101,4,124
589973,590097,590103,6,124
589973,590096,590102,6,123
589973,590097,590104,7,124
589642,589751,590104,353,109
589973,590098,590105,7,125
589973,590097,590104,7,124
589973,590100,590105,5,127
589973,590101,590105,4,128
589973,590102,590105,3,129
589973,590097,590105,8,124
589973,590099,590105,6,126
589973,590098,590106,8,125
589973,590098,590105,7,125
589973,590098,590105,7,125
589973,590102,590106,4,129
589973,590099,590106,7,126
589973,590097,590106,9,124
589973,590104,590106,2,131
589973,590103,590107,4,130
589973,590104,590107,3,131
589973,590103,590106,3,130
589973,590106,590108,2,133
589973,590105,590108,3,132
589973,590105,590107,2,132
589973,590101,590107,6,128
589973,590105,590109,4,132
589973,590106,590109,3,133
589973,590105,590109,4,132
589973,590106,590109,3,133
589973,590106,590109,3,133
589973,590105,590108,3,132
589973,590107,590108,1,134
589973,590107,590110,3,134
589973,590108,590110,2,135
589973,590105,590109,4,132
589973,590106,590110,4,133
589973,590107,590109,2,134
589973,590106,590109,3,133
589973,590106,590109,3,133
589973,590106,590109,3,133
589973,590109,590111,2,136
589973,590108,590110,2,135
589973,590108,590110,2,135
589973,590110,590111,1,137
589973,590108,590110,2,135
589973,590109,590112,3,136
589973,590109,590112,3,136
589973,590109,590112,3,136
589973,590110,590112,2,137
589973,590109,590112,3,136
589973,590109,590113,4,136
589973,590110,590112,2,137
589973,590110,590114,4,137
589973,590110,590116,6,137
589973,590111,590122,11,138
589973,590110,590122,12,137
589973,590110,590122,12,137
589973,590110,590123,13,137
589973,590112,590123,11,139
589973,590111,590122,11,138
589973,590111,590122,11,138
589973,590112,590123,11,139
589973,590113,590122,9,140
589973,590113,590123,10,140
589973,590112,590124,12,139
589973,590112,590124,12,139
589973,590110,590123,13,137
589973,590111,590123,12,138
589973,590113,590124,11,140
589973,590112,590124,12,139
589973,590114,590125,11,141
589973,590116,590128,12,143
589973,590124,590129,5,151
589973,590123,590130,7,150
589973,590124,590130,6,151
589973,590125,590130,5,152
589973,590123,590131,8,150
589973,590123,590131,8,150
589973,590124,590132,8,151
589973,590123,590132,9,150
589973,590124,590131,7,151
589973,590129,590132,3,156
589973,590122,590132,10,149
589973,590128,590132,4,155
589973,590130,590133,3,157
589973,590124,590133,9,151
589973,590124,590133,9,151
589973,590123,590133,10,150
589973,590123,590132,9,150
589610,589655,590134,479,45
589973,590122,590134,12,149
589973,590131,590133,2,158
589973,590122,590135,13,149
589973,590132,590135,3,159
589973,590133,590135,2,160
589973,590134,590136,2,161
589973,590123,590135,12,150
589973,590132,590136,4,159
589973,590132,590136,4,159
589973,590131,590136,5,158
589973,590132,590136,4,159
589973,590135,590137,2,162
589973,590133,590137,4,160
589973,590132,590136,4,159
589973,590135,590137,2,162
589973,590132,590136,4,159
589973,590134,590137,3,161
589973,590132,590136,4,159
589973,590135,590136,1,162
589973,590133,590137,4,160
589973,590136,590138,2,163
589973,590133,590137,4,160
589973,590134,590137,3,161
589973,590134,590137,3,161
589973,590132,590137,5,159
589973,590136,590139,3,163
589973,590136,590139,3,163
589973,590137,590139,2,164
589973,590136,590138,2,163
589973,590136,590138,2,163
589977,590137,590140,3,160
589977,590137,590139,2,160
589977,590137,590139,2,160
589977,590137,590140,3,160
589977,590138,590140,2,161
589977,590137,590139,2,160
589977,590137,590139,2,160
589977,590138,590140,2,161
589977,590138,590141,3,161
589977,590138,590144,6,161
589977,590141,590146,5,164
589977,590140,590148,8,163
589977,590144,590149,5,167
589977,590140,590149,9,163
589977,590138,590150,12,161
589977,590140,590150,10,163
589977,590139,590150,11,162
589977,590146,590151,5,169
589977,590139,590151,12,162
589977,590140,590150,10,163
589977,590148,590151,3,171
589977,590138,590151,13,161
589977,590139,590150,11,162
589977,590139,590151,12,162
589977,590140,590152,12,163
589977,590140,590152,12,163
589977,590140,590151,11,163
589977,590140,590152,12,163
589977,590139,590153,14,162
589977,590150,590153,3,173
589977,590150,590154,4,173
589977,590149,590153,4,172
589977,590150,590154,4,173
589977,590150,590155,5,173
589977,590151,590156,5,174
589977,590151,590158,7,174
589977,590153,590158,5,176
589977,590152,590158,6,175
589977,590154,590158,4,177
589977,590154,590159,5,177
589977,590151,590159,8,174
589977,590152,590159,7,175
589977,590155,590158,3,178
589977,590152,590159,7,175
589977,590152,590159,7,175
589977,590154,590159,5,177
589977,590153,590159,6,176
589977,590151,590159,8,174
589977,590152,590159,7,175
589977,590156,590159,3,179
589977,590151,590160,9,174
589977,590151,590161,10,174
589669,589788,590160,372,119
589977,590158,590160,2,181
589977,590158,590160,2,181
589977,590159,590162,3,182
589977,590159,590162,3,182
589977,590158,590163,5,181
589977,590160,590163,3,183
589977,590161,590163,2,184
589977,590159,590163,4,182
589977,590159,590163,4,182
589977,590160,590163,3,183
589977,590158,590162,4,181
589977,590159,590162,3,182
589977,590159,590162,3,182
589977,590161,590163,2,184
589977,590161,590163,2,184
589977,590162,590164,2,185
589977,590159,590163,4,182
589977,590160,590164,4,183
589977,590159,590163,4,182
589977,590161,590163,2,184
589977,590161,590164,3,184
589977,590162,590165,3,185
590047,590163,590166,3,116
590047,590163,590166,3,116
590047,590163,590166,3,116
590047,590163,590166,3,116
590047,590163,590167,4,116
590047,590163,590166,3,116
589977,590163,590166,3,186
590047,590164,590166,2,117
590047,590164,590166,2,117
590047,590164,590166,2,117
590047,590164,590168,4,117
590047,590164,590176,12,117
590047,590164,590176,12,117
590047,590166,590176,10,119
590047,590165,590176,11,118
590047,590165,590177,12,118
590047,590167,590177,10,120
590047,590165,590177,12,118
590047,590167,590177,10,120
590047,590166,590178,12,119
590047,590168,590179,11,121
590047,590166,590179,13,119
590047,590165,590178,13,118
590047,590167,590178,11,120
590047,590167,590178,11,120
590047,590166,590179,13,119
590047,590167,590179,12,120
590047,590169,590179,10,122
590047,590176,590181,5,129
590047,590177,590182,5,130
590047,590177,590185,8,130
590047,590177,590185,8,130
590047,590176,590185,9,129
590047,590178,590186,8,131
590047,590180,590185,5,133
590047,590181,590185,4,134
590047,590179,590186,7,132
590047,590177,590186,9,130
590047,590182,590187,5,135
590047,590179,590187,8,132
590047,590176,590187,11,129
590047,590178,590187,9,131
590047,590186,590188,2,139
590047,590185,590188,3,138
590047,590186,590189,3,139
590047,590186,590189,3,139
590047,590179,590189,10,132
590047,590179,590188,9,132
590047,590185,590189,4,138
590047,590179,590188,9,132
590047,590179,590188,9,132
590047,590185,590188,3,138
590047,590180,590188,8,133
590047,590186,590191,5,139
590047,590187,590191,4,140
590047,590187,590191,4,140
590047,590189,590191,2,142
590047,590187,590192,5,140
590047,590187,590192,5,140
590047,590189,590192,3,142
590047,590189,590193,4,142
590047,590189,590193,4,142
590047,590189,590193,4,142
590047,590189,590192,3,142
590047,590188,590192,4,141
590047,590189,590192,3,142
590047,590191,590194,3,144
590047,590191,590194,3,144
590047,590189,590193,4,142
590047,590192,590194,2,145
590047,590187,590193,6,140
590047,590189,590193,4,142
590047,590189,590193,4,142
590047,590191,590193,2,144
590047,590191,590194,3,144
590047,590192,590194,2,145
590079,590193,590196,3,114
590079,590194,590196,2,115
590079,590193,590196,3,114
590079,590193,590196,3,114
590079,590193,590197,4,114
590079,590193,590197,4,114
590079,590193,590196,3,114
590079,590194,590197,3,115
590079,590194,590198,4,115
590079,590194,590201,7,115
590079,590194,590204,10,115
590079,590195,590206,11,116
590079,590195,590206,11,116
590079,590196,590206,10,117
590079,590195,590206,11,116
590079,590196,590207,11,117
590079,590195,590207,12,116
590079,590195,590208,13,116
590079,590197,590207,10,118
590079,590196,590209,13,117
590079,590197,590209,12,118
590079,590197,590209,12,118
590079,590197,590209,12,118
590079,590197,590210,13,118
590079,590198,590211,13,119
590079,590201,590213,12,122
589635,589719,590214,495,84
590079,590207,590215,8,128
590079,590207,590217,10,128
590079,590206,590217,11,127
590079,590208,590216,8,129
590079,590205,590217,12,126
590079,590209,590218,9,130
590079,590209,590218,9,130
590079,590208,590218,10,129
590079,590214,590219,5,135
590079,590215,590218,3,136
590079,590217,590219,2,138
590079,590206,590218,12,127
590079,590209,590218,9,130
590079,590209,590219,10,130
590079,590206,590219,13,127
590079,590207,590219,12,128
590079,590211,590219,8,132
590079,590213,590221,8,134
590079,590217,590220,3,138
590079,590217,590220,3,138
590079,590218,590221,3,139
590079,590217,590220,3,138
590079,590218,590221,3,139
589634,589719,590220,501,85
590079,590210,590221,11,131
590079,590218,590221,3,139
590079,590219,590221,2,140
590079,590219,590223,4,140
590079,590219,590223,4,140
590079,590219,590222,3,140
590079,590219,590222,3,140
589790,589862,590223,361,72
590079,590221,590223,2,142
590079,590219,590224,5,140
590079,590220,590224,4,141
590079,590221,590224,3,142
590079,590221,590224,3,142
590079,590221,590224,3,142
590079,590221,590224,3,142
590079,590222,590224,2,143
590079,590223,590225,2,144
590079,590221,590224,3,142
590079,590223,590225,2,144
590079,590220,590224,4,141
590079,590221,590224,3,142
590079,590221,590224,3,142
590079,590220,590224,4,141
590105,590224,590226,2,119
590105,590224,590226,2,119
590079,590223,590226,3,144
590079,590222,590225,3,143
590105,590224,590226,2,119
590105,590225,590227,2,120
590105,590224,590227,3,119
590079,590223,590226,3,144
590079,590223,590226,3,144
590105,590224,590226,2,119
590105,590225,590227,2,120
590105,590225,590228,3,120
590105,590225,590227,2,120
590105,590225,590228,3,120
590105,590228,590230,2,123
590105,590228,590230,2,123
590105,590228,590231,3,123
590105,590227,590231,4,122
590105,590225,590232,7,120
590105,590230,590231,1,125
590105,590230,590231,1,125
590105,590231,590233,2,126
590105,590231,590234,3,126
590105,590227,590234,7,122
590105,590225,590235,10,120
590105,590232,590235,3,127
590105,590232,590235,3,127
590105,590232,590235,3,127
590105,590226,590236,10,121
590105,590226,590236,10,121
590105,590226,590236,10,121
590105,590226,590236,10,121
590105,590227,590235,8,122
590105,590226,590237,11,121
590105,590226,590237,11,121
590105,590227,590236,9,122
590105,590227,590237,10,122
590105,590235,590238,3,130
590105,590227,590238,11,122
590105,590225,590237,12,120
590105,590235,590238,3,130
590105,590233,590237,4,128
590105,590234,590237,3,129
590105,590235,590239,4,130
590105,590235,590239,4,130
590105,590236,590240,4,131
590105,590236,590240,4,131
590105,590235,590240,5,130
590105,590236,590239,3,131
590105,590238,590241,3,133
590105,590236,590240,4,131
590105,590238,590241,3,133
590105,590237,590240,3,132
590105,590237,590241,4,132
590105,590236,590240,4,131
590105,590237,590241,4,132
590105,590238,590242,4,133
590105,590238,590242,4,133
590105,590237,590241,4,132
590105,590239,590243,4,134
590105,590239,590243,4,134
590105,590238,590242,4,133
590105,590241,590243,2,136
590105,590241,590243,2,136
590105,590241,590244,3,136
590105,590241,590243,2,136
590105,590240,590244,4,135
590105,590241,590244,3,136
590105,590239,590243,4,134
590105,590241,590244,3,136
590105,590240,590243,3,135
590105,590242,590244,2,137
590105,590240,590244,4,135
590105,590242,590245,3,137
590105,590241,590244,3,136
590105,590240,590244,4,135
590135,590244,590246,2,109
590105,590242,590245,3,137
590135,590244,590246,2,109
590105,590243,590245,2,138
590135,590244,590247,3,109
590135,590244,590247,3,109
590135,590244,590247,3,109
590105,590243,590246,3,138
590135,590244,590246,2,109
590135,590244,590246,2,109
590135,590244,590248,4,109
590135,590244,590247,3,109
590135,590244,590249,5,109
590135,590244,590254,10,109
590135,590245,590255,10,110
590135,590245,590256,11,110
590135,590246,590256,10,111
590135,590245,590257,12,110
590135,590247,590257,10,112
590135,590246,590258,12,111
590135,590247,590259,12,112
590135,590248,590259,11,113
590135,590247,590259,12,112
590135,590247,590259,12,112
590135,590248,590259,11,113
590135,590248,590258,10,113
590135,590246,590259,13,111
590135,590247,590259,12,112
590135,590250,590261,11,115
590135,590257,590261,4,122
590135,590246,590260,14,111
590135,590255,590260,5,120
590135,590254,590263,9,119
590135,590257,590263,6,122
590135,590258,590264,6,123
590135,590259,590264,5,124
590135,590256,590263,7,121
590135,590257,590264,7,122
590135,590259,590265,6,124
590135,590259,590266,7,124
590135,590259,590267,8,124
590135,590261,590267,6,126
590135,590260,590267,7,125
590135,590259,590267,8,124
590135,590261,590268,7,126
590135,590260,590268,8,125
590135,590262,590268,6,127
590135,590261,590268,7,126
590135,590264,590267,3,129
590135,590259,590269,10,124
590135,590264,590270,6,129
590135,590264,590270,6,129
590135,590266,590269,3,131
590135,590265,590270,5,130
590135,590267,590271,4,132
590135,590268,590271,3,133
590135,590263,590270,7,128
590135,590267,590271,4,132
590135,590267,590271,4,132
590135,590263,590270,7,128
590135,590268,590272,4,133
590135,590267,590271,4,132
590135,590268,590272,4,133
590135,590270,590271,1,135
590135,590265,590271,6,130
590135,590270,590272,2,135
590135,590269,590273,4,134
590135,590270,590273,3,135
590135,590271,590272,1,136
590135,590270,590273,3,135
590135,590268,590272,4,133
590135,590269,590272,3,134
590135,590271,590273,2,136
590135,590271,590272,1,136
590135,590271,590274,3,136
590135,590271,590274,3,136
590135,590271,590274,3,136
590162,590272,590273,1,110
590162,590272,590274,2,110
590162,590273,590275,2,111
590162,590273,590275,2,111
590162,590272,590274,2,110
590162,590273,590275,2,111
590162,590273,590274,1,111
590135,590272,590274,2,137
590162,590273,590275,2,111
590162,590273,590276,3,111
590162,590273,590277,4,111
590162,590273,590280,7,111
590162,590273,590281,8,111
590162,590277,590281,4,115
590162,590275,590282,7,113
590162,590277,590281,4,115
590162,590274,590283,9,112
590162,590275,590284,9,113
590162,590281,590283,2,119
590162,590281,590284,3,119
590162,590274,590285,11,112
590162,590280,590285,5,118
590162,590282,590285,3,120
590162,590275,590285,10,113
590162,590275,590285,10,113
590162,590283,590284,1,121
590162,590275,590286,11,113
590162,590282,590285,3,120
590162,590274,590285,11,112
590162,590275,590285,10,113
590162,590284,590285,1,122
590162,590274,590285,11,112
590162,590275,590287,12,113
590162,590284,590286,2,122
590162,590286,590288,2,124
590162,590284,590288,4,122
590162,590275,590287,12,113
590162,590285,590288,3,123
590162,590285,590288,3,123
590162,590286,590289,3,124
590162,590285,590289,4,123
590162,590285,590289,4,123
590162,590286,590290,4,124
590162,590285,590290,5,123
590162,590286,590290,4,124
590162,590286,590290,4,124
590162,590286,590290,4,124
590162,590287,590291,4,125
590162,590288,590291,3,126
590162,590286,590290,4,124
590162,590287,590291,4,125
590162,590289,590292,3,127
590162,590289,590292,3,127
590162,590288,590292,4,126
590162,590288,590293,5,126
590162,590289,590292,3,127
590162,590290,590293,3,128
590162,590288,590293,5,126
590162,590290,590293,3,128
590162,590291,590294,3,129
590162,590291,590294,3,129
590162,590289,590293,4,127
590162,590290,590294,4,128
590162,590292,590294,2,130
590162,590292,590295,3,130
590162,590292,590295,3,130
590162,590291,590295,4,129
590162,590291,590295,4,129
590162,590291,590294,3,129
590162,590290,590294,4,128
590162,590293,590296,3,131
590215,590294,590296,2,79
590162,590293,590296,3,131
590162,590294,590296,2,132
590162,590293,590297,4,131
590215,590294,590296,2,79
590215,590294,590296,2,79
590215,590295,590297,2,80
590162,590293,590296,3,131
590162,590293,590296,3,131
590215,590295,590297,2,80
590215,590295,590297,2,80
589700,589824,590298,474,124
590215,590295,590297,2,80
590215,590295,590297,2,80
590215,590295,590299,4,80
590215,590296,590301,5,81
590215,590299,590303,4,84
590215,590301,590304,3,86
590215,590296,590306,10,81
590215,590297,590306,9,82
590215,590303,590306,3,88
590215,590298,590306,8,83
590215,590297,590306,9,82
590215,590304,590307,3,89
590215,590297,590307,10,82
590215,590297,590307,10,82
590215,590296,590306,10,81
590215,590296,590308,12,81
590215,590297,590308,11,82
590215,590297,590308,11,82
590215,590297,590307,10,82
590215,590298,590307,9,83
590215,590306,590307,1,91
590215,590306,590309,3,91
590215,590298,590308,10,83
590215,590306,590308,2,91
590215,590306,590309,3,91
590215,590307,590310,3,92
590215,590307,590311,4,92
590215,590307,590311,4,92
590215,590308,590311,3,93
590215,590307,590311,4,92
590215,590297,590311,14,82
590215,590308,590311,3,93
590215,590307,590310,3,92
590215,590309,590311,2,94
590215,590308,590312,4,93
590215,590308,590311,3,93
590215,590308,590311,3,93
590215,590308,590312,4,93
590215,590309,590313,4,94
590215,590311,590314,3,96
590215,590311,590314,3,96
590215,590310,590314,4,95
590215,590310,590314,4,95
590215,590311,590315,4,96
590215,590311,590314,3,96
589854,589954,590314,360,100
590215,590309,590314,5,94
590215,590311,590314,3,96
590215,590312,590315,3,97
590215,590312,590316,4,97
590215,590311,590315,4,96
590215,590312,590316,4,97
590215,590311,590316,5,96
590215,590312,590315,3,97
590215,590311,590315,4,96
590215,590315,590317,2,100
590215,590314,590317,3,99
590215,590315,590316,1,100
590215,590313,590317,4,98
590215,590315,590318,3,100
590215,590314,590317,3,99
590215,590315,590318,3,100
590215,590314,590318,4,99
590215,590315,590317,2,100
590222,590317,590319,2,95
590222,590317,590319,2,95
590215,590315,590318,3,100
590215,590316,590319,3,101
590215,590314,590318,4,99
590222,590316,590319,3,94
590215,590316,590319,3,101
590222,590317,590318,1,95
590222,590318,590319,1,96
590215,590316,590318,2,101
590215,590316,590319,3,101
590222,590317,590320,3,95
590222,590318,590320,2,96
590222,590318,590320,2,96
590222,590318,590322,4,96
590222,590319,590324,5,97
590222,590319,590327,8,97
590222,590319,590329,10,97
590222,590319,590329,10,97
590222,590319,590330,11,97
590222,590320,590330,10,98
590222,590322,590330,8,100
590222,590321,590331,10,99
590222,590319,590331,12,97
590222,590319,590331,12,97
590222,590327,590330,3,105
590222,590319,590331,12,97
590222,590329,590332,3,107
590222,590319,590331,12,97
590222,590319,590332,13,97
590222,590320,590331,11,98
590222,590330,590333,3,108
590222,590324,590334,10,102
590222,590330,590333,3,108
590222,590321,590334,13,99
590222,590321,590334,13,99
590222,590331,590335,4,109
590222,590330,590335,5,108
590222,590331,590335,4,109
590222,590332,590336,4,110
590222,590331,590336,5,109
590222,590333,590336,3,111
590222,590332,590336,4,110
590222,590332,590336,4,110
590222,590331,590336,5,109
590222,590331,590336,5,109
590222,590332,590337,5,110
590222,590332,590336,4,110
590222,590336,590339,3,114
590222,590335,590339,4,113
590222,590336,590339,3,114
590222,590335,590339,4,113
590222,590335,590339,4,113
590222,590336,590340,4,114
590222,590336,590340,4,114
590222,590334,590340,6,112
590222,590337,590339,2,115
590222,590334,590340,6,112
590222,590336,590341,5,114
590222,590334,590341,7,112
590222,590337,590341,4,115
590222,590340,590342,2,118
590222,590334,590341,7,112
590222,590340,590342,2,118
590222,590337,590341,4,115
590222,590339,590343,4,117
590222,590340,590343,3,118
590222,590339,590343,4,117
590222,590339,590342,3,117
590222,590338,590342,4,116
590222,590339,590344,5,117
590222,590341,590344,3,119
590222,590342,590343,1,120
590224,590343,590344,1,119
590222,590339,590343,4,117
590222,590341,590343,2,119
590222,590340,590343,3,118
590222,590340,590343,3,118
590222,590342,590344,2,120
590222,590342,590345,3,120
590222,590341,590344,3,119
590224,590343,590345,2,119
590222,590342,590344,2,120
590224,590343,590345,2,119
590224,590344,590346,2,120
590224,590343,590345,2,119
590224,590344,590346,2,120
590224,590344,590346,2,120
590224,590344,590346,2,120
590224,590344,590347,3,120
590224,590344,590348,4,120
590224,590344,590350,6,120
590224,590348,590352,4,124
590224,590344,590353,9,120
590224,590347,590353,6,123
590224,590350,590355,5,126
590224,590346,590355,9,122
590224,590345,590355,10,121
590224,590345,590355,10,121
590224,590345,590355,10,121
590224,590347,590355,8,123
590224,590346,590356,10,122
590224,590344,590356,12,120
590224,590345,590356,11,121
590224,590346,590357,11,122
590224,590345,590356,11,121
590224,590355,590356,1,131
590224,590355,590356,1,131
590224,590347,590356,9,123
590224,590352,590357,5,128
590224,590354,590357,3,130
590224,590355,590357,2,131
590224,590353,590357,4,129
590224,590355,590357,2,131
590224,590356,590359,3,132
590224,590356,590359,3,132
590224,590357,590359,2,133
590224,590356,590360,4,132
590224,590357,590360,3,133
590224,590356,590360,4,132
590224,590357,590360,3,133
590224,590357,590359,2,133
590224,590357,590360,3,133
590224,590357,590360,3,133
590224,590358,590362,4,134
590224,590358,590362,4,134
590224,590358,590361,3,134
590224,590359,590363,4,135
590224,590358,590362,4,134
590224,590358,590362,4,134
590224,590360,590363,3,136
590224,590360,590364,4,136
590224,590359,590364,5,135
590224,590360,590365,5,136
590224,590361,590365,4,137
590224,590360,590364,4,136
590224,590360,590364,4,136
590224,590360,590365,5,136
590224,590363,590365,2,139
590224,590359,590365,6,135
590224,590364,590366,2,140
590224,590362,590365,3,138
590224,590363,590366,3,139
590224,590362,590366,4,138
590224,590363,590367,4,139
590224,590364,590367,3,140
590224,590362,590366,4,138
590224,590366,590367,1,142
590224,590365,590367,2,141
590224,590364,590368,4,140
590224,590366,590368,2,142
590224,590366,590367,1,142
590224,590365,590368,3,141
590224,590365,590368,3,141
590224,590366,590369,3,142
590308,590366,590368,2,58
590308,590367,590369,2,59
590224,590366,590369,3,142
590308,590366,590368,2,58
590308,590368,590370,2,60
590308,590367,590370,3,59
590308,590367,590369,2,59
590308,590368,590369,1,60
590308,590368,590370,2,60
590308,590368,590370,2,60
590308,590367,590369,2,59
590308,590368,590374,6,60
589801,589888,590376,488,87
590308,590369,590377,8,61
590308,590368,590377,9,60
590308,590370,590378,8,62
590308,590374,590378,4,66
590308,590369,590378,9,61
590308,590370,590379,9,62
590308,590370,590379,9,62
590308,590370,590379,9,62
590308,590370,590380,10,62
590308,590376,590380,4,68
590308,590370,590379,9,62
590308,590379,590380,1,71
590308,590377,590380,3,69
590308,590369,590381,12,61
590308,590370,590381,11,62
590308,590369,590381,12,61
590308,590377,590381,4,69
590308,590379,590381,2,71
590308,590380,590382,2,72
590308,590379,590381,2,71
590308,590378,590381,3,70
590308,590379,590382,3,71
590308,590378,590381,3,70
590308,590369,590381,12,61
590308,590380,590382,2,72
590308,590380,590383,3,72
590308,590380,590382,2,72
590308,590380,590384,4,72
590308,590381,590384,3,73
590308,590382,590384,2,74
590308,590381,590384,3,73
590308,590381,590385,4,73
590308,590381,590385,4,73
590308,590383,590385,2,75
590308,590381,590385,4,73
590308,590382,590386,4,74
590308,590382,590385,3,74
590308,590382,590386,4,74
590308,590382,590386,4,74
590308,590383,590386,3,75
590308,590383,590387,4,75
590308,590382,590386,4,74
590308,590385,590388,3,77
590308,590384,590387,3,76
590308,590384,590388,4,76
590308,590384,590387,3,76
590308,590385,590389,4,77
590308,590384,590389,5,76
590308,590387,590389,2,79
590308,590385,590388,3,77
590308,590385,590389,4,77
590308,590387,590390,3,79
590308,590388,590390,2,80
590308,590386,590390,4,78
590308,590386,590389,3,78
590308,590388,590390,2,80
590308,590389,590391,2,81
590308,590386,590390,4,78
590308,590386,590390,4,78
590308,590387,590390,3,79
590308,590388,590391,3,80
590308,590388,590391,3,80
590308,590389,590392,3,81
590316,590390,590392,2,74
590316,590390,590392,2,74
590308,590389,590391,2,81
590316,590389,590391,2,73
590316,590390,590392,2,74
590316,590390,590393,3,74
590316,590391,590392,1,75
590316,590391,590392,1,75
589821,589920,590394,474,99
590316,590391,590393,2,75
590316,590391,590393,2,75
590316,590391,590394,3,75
590316,590391,590398,7,75
590316,590395,590400,5,79
590316,590394,590402,8,78
590316,590392,590402,10,76
590316,590393,590402,9,77
590316,590398,590402,4,82
590316,590391,590402,11,75
590316,590393,590403,10,77
590316,590392,590403,11,76
590316,590393,590403,10,77
590316,590394,590403,9,78
590316,590402,590404,2,86
590316,590392,590404,12,76
590316,590402,590404,2,86
590316,590392,590404,12,76
590316,590394,590404,10,78
590316,590392,590403,11,76
590316,590402,590405,3,86
590316,590392,590404,12,76
590316,590400,590404,4,84
590316,590402,590406,4,86
590316,590403,590405,2,87
590316,590404,590406,2,88
590316,590402,590405,3,86
590316,590403,590407,4,87
590316,590404,590407,3,88
590316,590404,590407,3,88
590316,590404,590407,3,88
590316,590403,590407,4,87
590316,590404,590406,2,88
590316,590404,590408,4,88
590316,590405,590408,3,89
590316,590403,590407,4,87
590316,590405,590408,3,89
590316,590405,590409,4,89
590316,590407,590410,3,91
590316,590407,590411,4,91
590316,590408,590411,3,92
590316,590406,590411,5,90
590316,590407,590411,4,91
590316,590406,590412,6,90
590316,590407,590411,4,91
590316,590408,590412,4,92
590316,590406,590411,5,90
590316,590410,590412,2,94
590316,590407,590412,5,91
590316,590408,590412,4,92
590316,590409,590412,3,93
590316,590409,590413,4,93
590316,590407,590413,6,91
590316,590406,590413,7,90
590316,590411,590413,2,95
590316,590412,590414,2,96
590316,590412,590414,2,96
590316,590412,590414,2,96
590380,590414,590415,1,34
590316,590412,590415,3,96
590316,590412,590415,3,96
590316,590411,590415,4,95
590316,590413,590415,2,97
590316,590412,590414,2,96
590316,590411,590414,3,95
590316,590413,590415,2,97
590316,590411,590414,3,95
590380,590414,590415,1,34
590316,590412,590415,3,96
590316,590413,590415,2,97
590380,590414,590416,2,34
590380,590415,590417,2,35
590380,590414,590417,3,34
590380,590415,590417,2,35
590380,590415,590416,1,35
590380,590415,590418,3,35
590380,590415,590418,3,35
590380,590415,590417,2,35
590380,590415,590423,8,35
590380,590418,590426,8,38
590380,590418,590426,8,38
590380,590415,590426,11,35
590380,590418,590426,8,38
590380,590417,590427,10,37
590380,590416,590427,11,36
590380,590416,590426,10,36
590380,590423,590428,5,43
590380,590415,590428,13,35
590380,590417,590427,10,37
590380,590416,590428,12,36
590380,590418,590427,9,38
590380,590426,590429,3,46
590380,590427,590429,2,47
590380,590426,590429,3,46
590380,590417,590429,12,37
590380,590417,590429,12,37
590380,590427,590429,2,47
590380,590426,590430,4,46
590380,590427,590429,2,47
590380,590426,590431,5,46
590380,590429,590431,2,49
590380,590429,590431,2,49
590380,590428,590430,2,48
590380,590429,590432,3,49
590380,590429,590432,3,49
590380,590429,590432,3,49
590380,590429,590433,4,49
590380,590428,590432,4,48
590380,590428,590432,4,48
590380,590430,590433,3,50
590380,590428,590432,4,48
590380,590428,590432,4,48
590380,590431,590435,4,51
590380,590431,590434,3,51
590380,590431,590435,4,51
590380,590431,590435,4,51
590380,590431,590437,6,51
590380,590434,590437,3,54
590380,590432,590436,4,52
590380,590435,590437,2,55
590380,590435,590437,2,55
590380,590433,590436,3,53
590380,590433,590438,5,53
590380,590435,590438,3,55
590380,590432,590438,6,52
590380,590433,590437,4,53
590380,590432,590437,5,52
590380,590434,590437,3,54
590380,590435,590439,4,55
590380,590437,590440,3,57
590380,590438,590440,2,58
590380,590433,590439,6,53
590380,590437,590440,3,57
590380,590438,590440,2,58
590380,590438,590441,3,58
590380,590438,590441,3,58
590380,590437,590440,3,57
590380,590439,590441,2,59
590380,590438,590441,3,58
590380,590437,590440,3,57
590380,590438,590440,2,58
590403,590440,590441,1,37
590380,590439,590441,2,59
590380,590439,590441,2,59
590403,590440,590442,2,37
590403,590440,590442,2,37
590403,590441,590443,2,38
590403,590441,590443,2,38
590403,590441,590443,2,38
590403,590440,590442,2,37
590403,590441,590443,2,38
590403,590441,590444,3,38
590403,590441,590443,2,38
590403,590442,590446,4,39
589956,590083,590449,366,127
590403,590442,590450,8,39
590403,590442,590452,10,39
590403,590443,590452,9,40
590403,590443,590453,10,40
590403,590449,590453,4,46
590403,590450,590453,3,47
590403,590443,590453,10,40
590403,590442,590453,11,39
590403,590442,590454,12,39
590403,590443,590454,11,40
590403,590443,590453,10,40
590403,590446,590454,8,43
590403,590452,590454,2,49
590403,590453,590455,2,50
590403,590444,590454,10,41
590403,590453,590455,2,50
590403,590444,590455,11,41
590403,590453,590454,1,50
590403,590443,590456,13,40
590403,590452,590456,4,49
590403,590453,590456,3,50
590403,590453,590456,3,50
590403,590454,590457,3,51
590403,590454,590457,3,51
590403,590455,590458,3,52
590403,590456,590458,2,53
590403,590454,590458,4,51
590403,590455,590458,3,52
590403,590455,590458,3,52
590403,590454,590459,5,51
590403,590456,590459,3,53
590403,590456,590459,3,53
590403,590455,590458,3,52
590403,590455,590458,3,52
590403,590457,590461,4,54
590403,590459,590462,3,56
590403,590457,590462,5,54
590403,590458,590462,4,55
590403,590459,590462,3,56
590403,590459,590463,4,56
590403,590458,590463,5,55
590403,590459,590463,4,56
590403,590459,590462,3,56
590403,590457,590463,6,54
590403,590458,590464,6,55
590403,590458,590463,5,55
590403,590462,590464,2,59
590403,590457,590463,6,54
590403,590458,590463,5,55
590403,590462,590464,2,59
590403,590463,590465,2,60
590403,590462,590465,3,59
590403,590463,590466,3,60
590403,590463,590466,3,60
590403,590463,590466,3,60
590403,590463,590466,3,60
590403,590464,590466,2,61
590403,590465,590467,2,62
590403,590462,590466,4,59
590403,590464,590467,3,61
590403,590462,590466,4,59
590403,590464,590466,2,61
590403,590465,590468,3,62
590453,590466,590469,3,13
590403,590465,590468,3,62
590453,590466,590469,3,13
590453,590466,590470,4,13
590453,590467,590470,3,14
590453,590467,590470,3,14
590453,590465,590469,4,12
590453,590466,590470,4,13
590453,590466,590470,4,13
590453,590467,590470,3,14
590453,590467,590477,10,14
590453,590467,590477,10,14
589876,589981,590477,496,105
590453,590468,590480,12,15
590453,590469,590480,11,16
590453,590470,590480,10,17
590453,590469,590481,12,16
590453,590469,590480,11,16
590453,590470,590482,12,17
590453,590470,590482,12,17
590453,590470,590481,11,17
590453,590470,590482,12,17
590453,590471,590483,12,18
590453,590471,590484,13,18
590453,590478,590488,10,25
590453,590477,590488,11,24
590453,590477,590489,12,24
590453,590481,590491,10,28
590453,590480,590491,11,27
590453,590482,590492,10,29
590453,590480,590492,12,27
590453,590481,590492,11,28
590453,590482,590493,11,29
590453,590482,590493,11,29
590453,590482,590493,11,29
590453,590483,590494,11,30
590453,590481,590494,13,28
590453,590484,590495,11,31
589974,590137,590494,357,163
590453,590492,590495,3,39
590453,590491,590495,4,38
589883,590004,590495,491,121
590453,590492,590495,3,39
590453,590491,590496,5,38
590453,590492,590496,4,39
590453,590493,590499,6,40
590453,590488,590499,11,35
590453,590488,590500,12,35
590453,590495,590500,5,42
590453,590489,590499,10,36
590453,590495,590500,5,42
590453,590494,590500,6,41
590453,590493,590500,7,40
590453,590493,590500,7,40
590453,590495,590501,6,42
590453,590495,590500,5,42
590453,590496,590501,5,43
590453,590497,590501,4,44
590453,590495,590500,5,42
590453,590499,590502,3,46
590453,590494,590502,8,41
590453,590500,590502,2,47
590453,590499,590502,3,46
590453,590500,590502,2,47
590453,590500,590503,3,47
590453,590500,590503,3,47
590453,590495,590503,8,42
590453,590500,590502,2,47
590453,590501,590504,3,48
590453,590501,590503,2,48
590453,590502,590504,2,49
590453,590501,590504,3,48
590453,590500,590503,3,47
590453,590501,590504,3,48
590453,590500,590503,3,47
590480,590503,590505,2,23
590453,590501,590504,3,48
590480,590503,590505,2,23
590453,590502,590504,2,49
590480,590503,590506,3,23
590453,590502,590505,3,49
590453,590502,590505,3,49
590480,590504,590505,1,24
590480,590504,590505,1,24
590480,590503,590506,3,23
590480,590504,590507,3,24
590480,590504,590506,2,24
590480,590504,590506,2,24
590480,590504,590509,5,24
590480,590506,590514,8,26
590480,590509,590514,5,29
590480,590504,590516,12,24
590480,590506,590516,10,26
590480,590506,590515,9,26
590480,590507,590516,9,27
590480,590505,590517,12,25
590480,590506,590516,10,26
590480,590507,590517,10,27
590480,590505,590517,12,25
590480,590507,590516,9,27
590480,590505,590518,13,25
590480,590506,590517,11,26
590480,590514,590517,3,34
590480,590516,590518,2,36
590480,590505,590517,12,25
590480,590514,590519,5,34
590480,590516,590519,3,36
590480,590516,590519,3,36
590480,590517,590520,3,37
590480,590516,590519,3,36
590480,590518,590520,2,38
590480,590517,590520,3,37
590480,590518,590520,2,38
590480,590506,590520,14,26
590480,590518,590521,3,38
590480,590518,590521,3,38
590480,590517,590520,3,37
590480,590517,590520,3,37
590480,590518,590520,2,38
590480,590517,590521,4,37
590480,590519,590522,3,39
590480,590519,590522,3,39
590480,590519,590522,3,39
590480,590521,590524,3,41
590480,590522,590525,3,42
590480,590522,590525,3,42
590480,590520,590525,5,40
590480,590520,590525,5,40
590480,590521,590525,4,41
590480,590520,590525,5,40
590480,590521,590526,5,41
590480,590521,590526,5,41
590480,590521,590526,5,41
590480,590520,590525,5,40
590480,590521,590525,4,41
590480,590520,590527,7,40
590480,590524,590527,3,44
590480,590520,590526,6,40
590480,590523,590526,3,43
590480,590525,590528,3,45
590480,590525,590527,2,45
590480,590526,590528,2,46
590480,590525,590528,3,45
590480,590525,590528,3,45
590480,590526,590529,3,46
590480,590526,590529,3,46
590480,590527,590529,2,47
590480,590526,590529,3,46
590480,590526,590528,2,46
590496,590528,590530,2,32
590480,590525,590529,4,45
590480,590527,590530,3,47
590480,590527,590530,3,47
590480,590526,590529,3,46
590496,590528,590531,3,32
590480,590528,590530,2,48
590496,590529,590531,2,33
590496,590528,590530,2,32
590496,590529,590532,3,33
590496,590529,590531,2,33
590496,590529,590531,2,33
590496,590529,590531,2,33
590047,590192,590533,341,145
590496,590530,590532,2,34
590496,590530,590533,3,34
589884,590032,590537,505,148
590496,590530,590538,8,34
590496,590532,590541,9,36
590496,590533,590541,8,37
590496,590531,590542,11,35
590496,590532,590542,10,36
590496,590533,590542,9,37
590496,590531,590543,12,35
590496,590530,590543,13,34
590496,590530,590543,13,34
590496,590541,590543,2,45
590496,590531,590543,12,35
590496,590534,590542,8,38
590496,590541,590543,2,45
590496,590530,590544,14,34
590496,590532,590543,11,36
590496,590539,590544,5,43
590496,590532,590543,11,36
590496,590532,590543,11,36
590496,590537,590545,8,41
590496,590543,590545,2,47
590496,590542,590546,4,46
590496,590542,590545,3,46
590496,590543,590546,3,47
590496,590543,590546,3,47
590496,590543,590546,3,47
590496,590543,590545,2,47
590496,590544,590546,2,48
590496,590542,590546,4,46
590496,590544,590547,3,48
590496,590543,590546,3,47
590496,590543,590546,3,47
590496,590544,590548,4,48
590496,590544,590547,3,48
590496,590545,590549,4,49
589942,590057,590548,491,115
590496,590547,590550,3,51
590496,590546,590550,4,50
590496,590546,590550,4,50
590496,590546,590550,4,50
590496,590547,590551,4,51
590496,590547,590551,4,51
590496,590545,590551,6,49
590496,590547,590551,4,51
590496,590546,590552,6,50
590496,590545,590551,6,49
590496,590546,590552,6,50
590496,590546,590551,5,50
590496,590548,590551,3,52
590496,590549,590553,4,53
590496,590550,590553,3,54
590496,590551,590553,2,55
590496,590550,590553,3,54
590496,590551,590553,2,55
590496,590546,590552,6,50
590496,590548,590552,4,52
590496,590549,590552,3,53
590496,590552,590554,2,56
590496,590550,590554,4,54
590496,590551,590554,3,55
590496,590551,590554,3,55
590496,590552,590554,2,56
590496,590551,590554,3,55
590496,590553,590555,2,57
590496,590552,590554,2,56
590496,590553,590556,3,57
590496,590553,590556,3,57
590496,590553,590555,2,57
590496,590552,590555,3,56
590496,590552,590555,3,56
590496,590553,590556,3,57
590496,590553,590557,4,57
590496,590554,590556,2,58
590496,590553,590556,3,57
590496,590553,590556,3,57
590496,590554,590558,4,58
590496,590554,590557,3,58
590496,590554,590562,8,58
590496,590555,590565,10,59
590496,590556,590565,9,60
590496,590554,590565,11,58
590496,590555,590565,10,59
590496,590555,590566,11,59
590496,590556,590566,10,60
590496,590556,590566,10,60
590496,590556,590567,11,60
590496,590556,590568,12,60
590496,590557,590568,11,61
590496,590556,590568,12,60
590496,590557,590568,11,61
590496,590558,590568,10,62
590496,590558,590568,10,62
590496,590557,590569,12,61
590496,590557,590571,14,61
590496,590568,590571,3,72
590496,590568,590572,4,72
590496,590562,590572,10,66
590496,590568,590572,4,72
590496,590569,590572,3,73
590496,590570,590573,3,74
590496,590570,590574,4,74
590496,590568,590575,7,72
590496,590566,590575,9,70
590496,590565,590575,10,69
590496,590565,590575,10,69
590496,590565,590575,10,69
590496,590567,590576,9,71
590496,590571,590576,5,75
590496,590565,590575,10,69
590496,590571,590576,5,75
590496,590566,590577,11,70
590496,590572,590577,5,76
590496,590566,590577,11,70
590496,590572,590577,5,76
590496,590574,590579,5,78
590496,590575,590579,4,79
590496,590575,590579,4,79
590496,590576,590579,3,80
590496,590576,590579,3,80
590496,590575,590579,4,79
590496,590572,590580,8,76
590496,590573,590580,7,77
590496,590575,590580,5,79
590496,590574,590580,6,78
590496,590576,590580,4,80
590496,590579,590581,2,83
590496,590577,590581,4,81
590496,590576,590580,4,80
590496,590578,590582,4,82
590496,590579,590582,3,83
590496,590580,590582,2,84
590496,590575,590581,6,79
590496,590577,590582,5,81
590496,590580,590583,3,84
590496,590578,590582,4,82
590496,590580,590583,3,84
590496,590580,590583,3,84
590496,590580,590582,2,84
590541,590582,590584,2,41
590496,590581,590584,3,85
590496,590581,590584,3,85
590496,590580,590583,3,84
590541,590582,590583,1,41
590496,590581,590583,2,85
590541,590582,590585,3,41
590541,590582,590585,3,41
590541,590582,590585,3,41
590541,590581,590585,4,40
590541,590583,590586,3,42
590541,590583,590586,3,42
590541,590583,590586,3,42
590080,590224,590585,361,144
590541,590583,590590,7,42
590541,590583,590591,8,42
590541,590584,590593,9,43
590541,590584,590594,10,43
590541,590586,590595,9,45
590541,590586,590596,10,45
590541,590586,590596,10,45
590541,590586,590596,10,45
590541,590585,590597,12,44
590541,590584,590597,13,43
590541,590584,590596,12,43
590541,590584,590596,12,43
590541,590584,590597,13,43
590541,590586,590598,12,45
590541,590585,590598,13,44
590541,590595,590599,4,54
590541,590585,590598,13,44
590541,590591,590599,8,50
590541,590596,590600,4,55
590541,590590,590600,10,49
590541,590596,590600,4,55
590541,590597,590600,3,56
590541,590597,590600,3,56
590541,590594,590600,6,53
590541,590597,590601,4,56
590541,590597,590600,3,56
590541,590596,590600,4,55
590541,590598,590601,3,57
590541,590593,590602,9,52
590541,590598,590602,4,57
590541,590598,590603,5,57
590541,590599,590604,5,58
590541,590599,590604,5,58
590541,590600,590603,3,59
590541,590600,590604,4,59
590541,590602,590606,4,61
590541,590601,590606,5,60
590541,590600,590606,6,59
590541,590600,590606,6,59
590541,590602,590605,3,61
590541,590603,590607,4,62
590541,590601,590607,6,60
590541,590605,590607,2,64
590541,590604,590607,3,63
590541,590601,590607,6,60
590541,590601,590606,5,60
590541,590600,590607,7,59
590541,590601,590606,5,60
590541,590600,590608,8,59
590541,590604,590607,3,63
590541,590607,590609,2,66
590541,590607,590609,2,66
590541,590604,590608,4,63
590541,590606,590609,3,65
590541,590606,590609,3,65
590541,590606,590610,4,65
590541,590607,590610,3,66
590541,590608,590610,2,67
590541,590606,590609,3,65
590541,590607,590609,2,66
590541,590607,590610,3,66
590541,590607,590610,3,66
590541,590607,590610,3,66
590541,590607,590610,3,66
590541,590607,590610,3,66
590541,590608,590610,2,67
590541,590609,590612,3,68
590541,590609,590611,2,68
590541,590609,590611,2,68
590541,590610,590612,2,69
590541,590610,590612,2,69
590541,590609,590613,4,68
590541,590610,590613,3,69
590541,590610,590612,2,69
590541,590609,590613,4,68
590541,590610,590615,5,69
590541,590610,590621,11,69
590541,590612,590621,9,71
590541,590611,590621,10,70
590541,590612,590622,10,71
590541,590611,590621,10,70
590541,590612,590622,10,71
590541,590612,590623,11,71
590541,590610,590622,12,69
590541,590614,590624,10,73
590541,590611,590624,13,70
590541,590611,590624,13,70
590541,590612,590624,12,71
590541,590613,590624,11,72
589975,590137,590626,489,162
590541,590613,590625,12,72
590541,590614,590627,13,73
590541,590615,590628,13,74
590541,590626,590630,4,85
590541,590626,590630,4,85
590541,590627,590631,4,86
590541,590621,590632,11,80
590541,590624,590633,9,83
590541,590622,590633,11,81
590541,590621,590633,12,80
590541,590628,590632,4,87
590541,590624,590634,10,83
590541,590621,590634,13,80
590541,590622,590634,12,81
590541,590623,590634,11,82
590541,590622,590633,11,81
590541,590623,590633,10,82
590541,590625,590635,10,84
590541,590624,590636,12,83
590541,590631,590636,5,90
590541,590632,590636,4,91
590541,590624,590635,11,83
590541,590630,590635,5,89
590541,590631,590637,6,90
590541,590634,590637,3,93
590541,590634,590637,3,93
590541,590635,590638,3,94
590541,590634,590638,4,93
590541,590634,590639,5,93
590541,590634,590639,5,93
590541,590633,590638,5,92
590541,590637,590639,2,96
590541,590636,590639,3,95
590541,590636,590639,3,95
590541,590633,590639,6,92
590541,590633,590639,6,92
590541,590633,590639,6,92
590541,590636,590640,4,95
590541,590636,590639,3,95
590541,590634,590639,5,93
590541,590639,590641,2,98
590541,590637,590640,3,96
590541,590636,590640,4,95
590541,590637,590642,5,96
590541,590638,590642,4,97
590541,590638,590642,4,97
590541,590639,590642,3,98
590541,590639,590643,4,98
590541,590639,590642,3,98
590541,590640,590642,2,99
590541,590639,590643,4,98
590541,590640,590642,2,99
590549,590640,590643,3,91
590549,590640,590644,4,91
590549,590640,590644,4,91
590549,590641,590644,3,92
590549,590641,590644,3,92
590549,590641,590644,3,92
590549,590642,590645,3,93
590549,590642,590645,3,93
590549,590642,590645,3,93
590549,590642,590649,7,93
589978,590163,590652,489,185
590549,590643,590652,9,94
590549,590643,590652,9,94
590549,590643,590652,9,94
590549,590644,590654,10,95
590549,590643,590654,11,94
590549,590645,590655,10,96
590549,590643,590655,12,94
590549,590644,590656,12,95
590549,590644,590657,13,95
590549,590646,590657,11,97
590549,590644,590658,14,95
590549,590644,590657,13,95
590549,590646,590657,11,97
590549,590645,590659,14,96
590549,590652,590660,8,103
590549,590649,590660,11,100
590549,590655,590660,5,106
590549,590657,590661,4,108
590549,590655,590661,6,106
590549,590656,590662,6,107
590549,590654,590662,8,105
590549,590653,590663,10,104
590549,590652,590663,11,103
590549,590654,590663,9,105
590549,590652,590663,11,103
590549,590657,590664,7,108
590549,590658,590666,8,109
590549,590660,590668,8,111
590549,590662,590668,6,113
590549,590661,590668,7,112
590549,590658,590668,10,109
590549,590659,590669,10,110
590549,590663,590669,6,114
590549,590664,590669,5,115
590549,590663,590669,6,114
590549,590662,590669,7,113
590549,590664,590669,5,115
590549,590659,590669,10,110
590549,590665,590670,5,116
590549,590660,590671,11,111
590549,590669,590671,2,120
590549,590661,590671,10,112
590549,590661,590671,10,112
590549,590668,590671,3,119
590549,590668,590672,4,119
590549,590666,590672,6,117
590549,590669,590672,3,120
590549,590668,590672,4,119
590549,590668,590671,3,119
590549,590669,590673,4,120
590549,590669,590673,4,120
590549,590669,590673,4,120
590549,590671,590673,2,122
590549,590670,590673,3,121
590549,590671,590673,2,122
590549,590670,590673,3,121
590549,590670,590673,3,121
590549,590671,590674,3,122
590549,590671,590674,3,122
590549,590671,590674,3,122
590549,590672,590675,3,123
590549,590672,590674,2,123
590549,590672,590675,3,123
590549,590672,590674,2,123
590596,590673,590675,2,77
590549,590672,590674,2,123
590596,590673,590675,2,77
590596,590673,590676,3,77
590596,590673,590676,3,77
590596,590674,590677,3,78
590596,590673,590676,3,77
590596,590674,590677,3,78
590596,590674,590677,3,78
590596,590674,590678,4,78
590596,590675,590681,6,79
590596,590675,590684,9,79
590222,590343,590685,342,121
590596,590675,590685,10,79
590596,590675,590686,11,79
590596,590675,590686,11,79
590596,590676,590687,11,80
590596,590675,590687,12,79
590596,590675,590687,12,79
590596,590676,590688,12,80
590596,590678,590690,12,82
590596,590676,590690,14,80
590596,590677,590691,14,81
590596,590677,590691,14,81
590596,590677,590691,14,81
590596,590677,590690,13,81
590596,590682,590694,12,86
590596,590684,590695,11,88
590596,590685,590695,10,89
590596,590686,590696,10,90
590596,590685,590695,10,89
590596,590691,590697,6,95
590596,590687,590697,10,91
590596,590690,590697,7,94
590596,590686,590698,12,90
590596,590691,590698,7,95
590596,590690,590698,8,94
590596,590691,590697,6,95
590596,590691,590699,8,95
590596,590695,590699,4,99
590596,590687,590699,12,91
590596,590687,590698,11,91
590596,590695,590700,5,99
590596,590688,590699,11,92
590596,590694,590700,6,98
590596,590696,590701,5,100
590596,590696,590701,5,100
590596,590700,590702,2,104
590596,590697,590703,6,101
590596,590699,590703,4,103
590596,590700,590703,3,104
590596,590699,590704,5,103
590596,590699,590704,5,103
590596,590699,590704,5,103
590596,590700,590704,4,104
590596,590697,590703,6,101
590596,590698,590704,6,102
590596,590698,590705,7,102
590596,590697,590704,7,101
590596,590698,590704,6,102
590596,590701,590705,4,105
590596,590702,590705,3,106
590596,590698,590706,8,102
590596,590703,590705,2,107
590596,590705,590707,2,109
590596,590703,590707,4,107
590596,590703,590707,4,107
590596,590702,590706,4,106
590596,590704,590707,3,108
590596,590705,590707,2,109
590596,590704,590707,3,108
590596,590704,590708,4,108
590596,590704,590707,3,108
590596,590704,590707,3,108
590596,590705,590708,3,109
590596,590705,590707,2,109
590596,590704,590708,4,108
590626,590707,590709,2,81
590626,590707,590710,3,81
590626,590707,590710,3,81
590626,590706,590709,3,80
590626,590707,590709,2,81
590626,590707,590710,3,81
590626,590706,590709,3,80
590626,590707,590710,3,81
590626,590708,590711,3,82
590626,590708,590713,5,82
590626,590708,590715,7,82
590626,590708,590717,9,82
590626,590709,590718,9,83
590626,590709,590718,9,83
590626,590708,590718,10,82
590626,590708,590719,11,82
590626,590710,590720,10,84
590626,590710,590719,9,84
590626,590710,590721,11,84
590626,590710,590721,11,84
590626,590710,590720,10,84
590626,590710,590724,14,84
590626,590710,590725,15,84
590626,590715,590725,10,89
590626,590711,590725,14,85
590626,590713,590726,13,87
590626,590718,590726,8,92
590626,590717,590728,11,91
590626,590725,590728,3,99
590626,590726,590729,3,100
590626,590718,590729,11,92
590626,590726,590729,3,100
590626,590720,590730,10,94
590626,590718,590730,12,92
590626,590726,590730,4,100
590626,590725,590730,5,99
590626,590719,590730,11,93
590626,590720,590731,11,94
590626,590728,590732,4,102
590626,590721,590732,11,95
590626,590724,590732,8,98
590626,590721,590731,10,95
590626,590721,590732,11,95
590626,590729,590733,4,103
590626,590728,590733,5,102
590626,590730,590735,5,104
590626,590730,590735,5,104
590626,590729,590736,7,103
590626,590730,590736,6,104
590626,590730,590736,6,104
590626,590729,590736,7,103
590626,590731,590736,5,105
590626,590732,590737,5,106
590626,590732,590737,5,106
590626,590730,590736,6,104
590626,590732,590737,5,106
590626,590732,590736,4,106
590626,590734,590737,3,108
590626,590732,590736,4,106
590626,590734,590737,3,108
590626,590735,590737,2,109
590626,590735,590739,4,109
590626,590736,590739,3,110
590626,590737,590739,2,111
590626,590736,590739,3,110
590105,590244,590739,495,139
590626,590736,590738,2,110
590626,590737,590740,3,111
590626,590736,590740,4,110
590626,590737,590740,3,111
590626,590737,590740,3,111
590626,590737,590739,2,111
590626,590739,590740,1,113
590626,590737,590741,4,111
590654,590739,590741,2,85
590626,590737,590740,3,111
590626,590737,590741,4,111
590654,590739,590741,2,85
590654,590740,590742,2,86
590654,590740,590743,3,86
590654,590740,590742,2,86
590654,590739,590742,3,85
590654,590739,590743,4,85
590654,590740,590743,3,86
590654,590740,590743,3,86
590654,590740,590745,5,86
590654,590740,590748,8,86
590654,590741,590750,9,87
590654,590740,590750,10,86
590654,590741,590751,10,87
590654,590742,590752,10,88
590654,590741,590753,12,87
590654,590742,590753,11,88
590654,590742,590754,12,88
590654,590743,590754,11,89
590654,590743,590756,13,89
590654,590743,590756,13,89
590654,590743,590756,13,89
590654,590743,590756,13,89
590654,590743,590756,13,89
590654,590745,590758,13,91
590654,590748,590759,11,94
590654,590750,590761,11,96
590654,590750,590761,11,96
590654,590758,590761,3,104
590654,590756,590762,6,102
590654,590760,590762,2,106
590654,590751,590762,11,97
590654,590756,590763,7,102
590654,590753,590763,10,99
590654,590753,590764,11,99
590654,590761,590764,3,107
590654,590754,590764,10,100
590654,590752,590763,11,98
590654,590761,590765,4,107
590654,590756,590765,9,102
590654,590762,590766,4,108
590654,590756,590767,11,102
590654,590755,590767,12,101
590654,590756,590767,11,102
590654,590763,590768,5,109
590135,590272,590768,496,137
590654,590764,590769,5,110
590654,590764,590769,5,110
590654,590764,590769,5,110
590654,590764,590769,5,110
590654,590764,590769,5,110
590654,590763,590770,7,109
590654,590765,590769,4,111
590654,590763,590769,6,109
590654,590766,590770,4,112
590654,590768,590771,3,114
590654,590766,590771,5,112
590654,590769,590771,2,115
590654,590767,590772,5,113
590654,590767,590772,5,113
590654,590767,590772,5,113
590654,590762,590771,9,108
590654,590768,590772,4,114
590654,590769,590773,4,115
590654,590769,590773,4,115
590654,590770,590772,2,116
590654,590771,590773,2,117
590654,590769,590772,3,115
590654,590770,590774,4,116
590654,590769,590773,4,115
590654,590771,590774,3,117
590654,590772,590773,1,118
590654,590770,590773,3,116
590654,590771,590775,4,117
590654,590772,590774,2,118
590654,590772,590774,2,118
590686,590773,590775,2,87
590686,590773,590776,3,87
590686,590773,590776,3,87
590686,590772,590776,4,86
590686,590773,590775,2,87
590686,590774,590777,3,88
590686,590774,590777,3,88
590686,590773,590776,3,87
590686,590773,590779,6,87
590686,590774,590779,5,88
590686,590774,590783,9,88
590380,590440,590785,345,60
590686,590775,590786,11,89
590686,590775,590786,11,89
590686,590775,590787,12,89
590686,590776,590786,10,90
590686,590775,590786,11,89
590686,590776,590788,12,90
590686,590774,590788,14,88
590686,590776,590788,12,90
590686,590776,590789,13,90
590686,590777,590789,12,91
590686,590777,590789,12,91
590686,590777,590789,12,91
590686,590779,590791,12,93
590686,590779,590792,13,93
590686,590783,590792,9,97
590162,590294,590792,498,132
590686,590789,590793,4,103
590686,590785,590794,9,99
590686,590786,590795,9,100
590686,590789,590795,6,103
590686,590789,590795,6,103
590686,590791,590797,6,105
590686,590787,590796,9,101
590686,590787,590796,9,101
590686,590786,590797,11,100
590686,590788,590797,9,102
590403,590465,590798,333,62
590686,590788,590799,11,102
590686,590787,590799,12,101
590686,590792,590800,8,106
590686,590791,590799,8,105
590686,590793,590799,6,107
590686,590792,590799,7,106
590686,590788,590801,13,102
590686,590795,590802,7,109
590686,590795,590802,7,109
590686,590792,590802,10,106
590686,590798,590802,4,112
590686,590795,590802,7,109
590686,590797,590803,6,111
590686,590797,590803,6,111
590686,590795,590803,8,109
590686,590797,590802,5,111
590686,590798,590802,4,112
590686,590799,590804,5,113
590686,590797,590804,7,111
590686,590801,590804,3,115
590686,590802,590805,3,116
590686,590800,590805,5,114
590686,590800,590805,5,114
590686,590802,590805,3,116
590686,590799,590804,5,113
590686,590800,590804,4,114
590686,590802,590805,3,116
590686,590802,590805,3,116
590686,590801,590804,3,115
590686,590804,590806,2,118
590686,590803,590806,3,117
590686,590802,590805,3,116
590686,590803,590806,3,117
590686,590805,590806,1,119
590686,590805,590807,2,119
590686,590803,590807,4,117
590686,590804,590807,3,118
590686,590803,590806,3,117
590686,590804,590806,2,118
590740,590805,590808,3,65
590740,590805,590807,2,65
590740,590806,590808,2,66
590740,590805,590808,3,65
590740,590806,590807,1,66
590740,590805,590808,3,65
590740,590805,590808,3,65
590740,590805,590808,3,65
590740,590805,590808,3,65
590740,590806,590811,5,66
590215,590316,590812,496,101
590740,590807,590817,10,67
590740,590807,590817,10,67
590740,590808,590818,10,68
590740,590807,590819,12,67
590740,590807,590819,12,67
590740,590807,590819,12,67
590740,590808,590819,11,68
590740,590806,590818,12,66
590740,590808,590818,10,68
590740,590808,590819,11,68
590740,590809,590820,11,69
590740,590807,590821,14,67
590740,590808,590821,13,68
590740,590810,590821,11,70
590740,590809,590821,12,69
590740,590809,590821,12,69
590740,590811,590820,9,71
590740,590812,590823,11,72
590740,590819,590825,6,79
590740,590819,590825,6,79
590740,590819,590826,7,79
590740,590817,590826,9,77
590740,590819,590826,7,79
590740,590820,590826,6,80
590740,590821,590826,5,81
590740,590819,590826,7,79
590740,590820,590826,6,80
590740,590821,590827,6,81
590740,590821,590827,6,81
590740,590821,590827,6,81
590740,590818,590826,8,78
590740,590818,590828,10,78
590740,590821,590827,6,81
590740,590821,590827,6,81
590740,590823,590828,5,83
590740,590819,590829,10,79
590740,590827,590829,2,87
590740,590825,590830,5,85
590740,590825,590830,5,85
590740,590826,590830,4,86
590740,590827,590831,4,87
590740,590827,590831,4,87
590740,590826,590831,5,86
590740,590827,590830,3,87
590740,590826,590832,6,86
590740,590826,590832,6,86
590740,590827,590831,4,87
590740,590827,590831,4,87
590740,590828,590831,3,88
590740,590826,590832,6,86
590740,590828,590832,4,88
590740,590830,590832,2,90
590740,590831,590833,2,91
590740,590828,590832,4,88
590740,590830,590832,2,90
590740,590829,590834,5,89
590740,590831,590834,3,91
590740,590828,590833,5,88
590740,590831,590834,3,91
590740,590831,590833,2,91
590740,590832,590834,2,92
590768,590832,590835,3,64
590740,590832,590834,2,92
590740,590832,590835,3,92
590768,590832,590835,3,64
590740,590831,590834,3,91
590768,590833,590835,2,65
590768,590833,590834,1,65
590740,590831,590834,3,91
590768,590833,590835,2,65
590768,590833,590835,2,65
590768,590832,590835,3,64
590768,590834,590837,3,66
590768,590834,590837,3,66
590768,590834,590839,5,66
590768,590834,590842,8,66
590768,590834,590844,10,66
590768,590835,590844,9,67
590768,590835,590845,10,67
590768,590835,590846,11,67
590768,590834,590846,12,66
590768,590835,590845,10,67
590768,590835,590845,10,67
590768,590836,590847,11,68
590768,590835,590847,12,67
590768,590836,590846,10,68
590768,590837,590846,9,69
590768,590836,590847,11,68
590768,590835,590848,13,67
590768,590835,590847,12,67
590768,590839,590849,10,71
590768,590837,590850,13,69
590768,590847,590851,4,79
590768,590847,590852,5,79
590768,590847,590851,4,79
590768,590842,590853,11,74
590768,590847,590853,6,79
590768,590848,590853,5,80
590768,590847,590853,6,79
590768,590848,590853,5,80
590453,590502,590853,351,49
590768,590847,590854,7,79
590768,590844,590854,10,76
590768,590844,590855,11,76
590768,590846,590855,9,78
590768,590847,590855,8,79
590768,590848,590855,7,80
590768,590849,590854,5,81
590768,590845,590854,9,77
590768,590852,590856,4,84
590768,590850,590855,5,82
590768,590851,590857,6,83
590225,590366,590857,491,141
590768,590852,590856,4,84
590768,590854,590858,4,86
590768,590854,590857,3,86
590768,590855,590858,3,87
590768,590854,590858,4,86
590768,590855,590859,4,87
590768,590855,590859,4,87
590768,590854,590858,4,86
590768,590855,590859,4,87
590768,590853,590859,6,85
590768,590856,590859,3,88
590768,590853,590859,6,85
590768,590855,590858,3,87
590768,590857,590860,3,89
590768,590853,590860,7,85
590768,590853,590859,6,85
590768,590857,590859,2,89
590768,590856,590861,5,88
590768,590855,590860,5,87
590768,590858,590861,3,90
590768,590858,590860,2,90
590768,590857,590861,4,89
590768,590858,590862,4,90
590768,590858,590862,4,90
590786,590860,590862,2,74
590768,590859,590862,3,91
590768,590859,590862,3,91
590768,590859,590861,2,91
590308,590389,590862,473,81
590786,590859,590861,2,73
590786,590860,590862,2,74
590768,590859,590861,2,91
590786,590861,590863,2,75
590786,590860,590863,3,74
590768,590859,590862,3,91
590786,590859,590862,3,73
590786,590861,590864,3,75
590786,590861,590864,3,75
590786,590860,590863,3,74
590786,590861,590863,2,75
590786,590864,590867,3,78
590786,590864,590867,3,78
590786,590864,590868,4,78
590786,590861,590869,8,75
590786,590864,590869,5,78
590786,590863,590868,5,77
590786,590863,590871,8,77
590786,590867,590872,5,81
590786,590862,590872,10,76
590786,590863,590872,9,77
590786,590862,590872,10,76
590786,590862,590872,10,76
590786,590862,590873,11,76
590786,590862,590874,12,76
590786,590862,590874,12,76
590786,590863,590874,11,77
590786,590862,590875,13,76
590786,590862,590875,13,76
590786,590862,590876,14,76
590786,590868,590876,8,82
590786,590862,590876,14,76
590786,590869,590878,9,83
590786,590872,590878,6,86
590786,590868,590877,9,82
590786,590872,590878,6,86
590786,590872,590879,7,86
590786,590876,590879,3,90
590786,590876,590879,3,90
590786,590873,590879,6,87
590786,590874,590880,6,88
590786,590873,590880,7,87
590786,590869,590880,11,83
590786,590876,590881,5,90
590786,590874,590881,7,88
590786,590878,590880,2,92
590786,590879,590880,1,93
590786,590880,590881,1,94
590317,590413,590880,467,96
590786,590873,590880,7,87
590786,590878,590880,2,92
590786,590879,590880,1,93
590786,590879,590882,3,93
590786,590880,590882,2,94
590786,590879,590881,2,93
590786,590869,590882,13,83
590786,590871,590882,11,85
590786,590878,590881,3,92
590786,590875,590883,8,89
590786,590881,590883,2,95
590786,590881,590883,2,95
590786,590875,590883,8,89
590786,590880,590882,2,94
590786,590881,590883,2,95
590786,590880,590882,2,94
590786,590881,590884,3,95
590786,590881,590883,2,95
590786,590881,590883,2,95
590786,590881,590883,2,95
590786,590882,590884,2,96
590786,590881,590883,2,95
590786,590875,590883,8,89
590786,590882,590885,3,96
590793,590883,590885,2,90
590786,590882,590884,2,96
590786,590882,590884,2,96
590786,590881,590884,3,95
590786,590882,590884,2,96
590793,590883,590886,3,90
590793,590883,590886,3,90
590793,590884,590886,2,91
590793,590883,590886,3,90
590793,590883,590885,2,90
590793,590883,590886,3,90
590793,590883,590886,3,90
590793,590884,590886,2,91
590793,590884,590888,4,91
590793,590884,590892,8,91
590793,590884,590894,10,91
590793,590885,590894,9,92
590793,590885,590895,10,92
590793,590886,590895,9,93
590793,590885,590896,11,92
590793,590884,590896,12,91
590793,590884,590896,12,91
590793,590886,590897,11,93
590793,590886,590896,10,93
590793,590887,590897,10,94
590793,590885,590898,13,92
590793,590886,590897,11,93
590793,590886,590897,11,93
590793,590886,590899,13,93
590793,590895,590899,4,102
590793,590896,590899,3,103
590793,590885,590898,13,92
590793,590888,590898,10,95
590793,590887,590900,13,94
590793,590886,590900,14,93
590793,590892,590901,9,99
590793,590895,590901,6,102
590793,590896,590900,4,103
590793,590896,590902,6,103
590793,590897,590902,5,104
590793,590897,590902,5,104
590793,590895,590903,8,102
590793,590898,590904,6,105
590793,590897,590905,8,104
590793,590894,590905,11,101
590793,590899,590905,6,106
590793,590901,590905,4,108
590793,590901,590906,5,108
590793,590902,590906,4,109
590793,590900,590906,6,107
590793,590899,590906,7,106
590793,590898,590905,7,105
590793,590898,590905,7,105
590793,590902,590906,4,109
590793,590902,590907,5,109
590793,590899,590907,8,106
590793,590899,590906,7,106
590793,590902,590906,4,109
590793,590904,590908,4,111
590793,590904,590908,4,111
590793,590905,590908,3,112
590793,590900,590907,7,107
590793,590906,590909,3,113
590793,590905,590909,4,112
590793,590905,590909,4,112
590793,590906,590908,2,113
590793,590906,590909,3,113
590793,590905,590910,5,112
590793,590907,590909,2,114
590793,590908,590910,2,115
590793,590906,590910,4,113
590793,590906,590909,3,113
590793,590906,590910,4,113
590793,590899,590910,11,106
590793,590907,590910,3,114
590793,590907,590910,3,114
590793,590907,590911,4,114
590799,590909,590911,2,110
590793,590906,590910,4,113
590793,590908,590910,2,115
590799,590909,590912,3,110
590799,590909,590911,2,110
590799,590910,590912,2,111
590799,590909,590912,3,110
590799,590910,590912,2,111
590799,590908,590911,3,109
590799,590909,590912,3,110
590799,590910,590912,2,111
590799,590910,590914,4,111
590799,590913,590916,3,114
590799,590912,590917,5,113
590799,590912,590917,5,113
590799,590910,590919,9,111
590799,590915,590919,4,116
590799,590912,590920,8,113
590799,590910,590922,12,111
590799,590916,590922,6,117
590799,590911,590922,11,112
590799,590910,590923,13,111
590799,590911,590923,12,112
590799,590912,590923,11,113
590799,590910,590923,13,111
590799,590911,590923,12,112
590799,590912,590922,10,113
590799,590912,590922,10,113
590799,590912,590924,12,113
590799,590911,590923,12,112
590799,590912,590925,13,113
590799,590917,590924,7,118
590799,590917,590926,9,118
590799,590919,590928,9,120
590799,590923,590929,6,124
590799,590922,590930,8,123
590799,590923,590930,7,124
590799,590920,590929,9,121
590799,590920,590931,11,121
590799,590925,590931,6,126
590799,590922,590931,9,123
590799,590923,590932,9,124
590799,590923,590932,9,124
590799,590923,590931,8,124
590799,590929,590931,2,130
590799,590930,590932,2,131
590799,590923,590931,8,124
590799,590922,590933,11,123
590799,590925,590933,8,126
590799,590930,590933,3,131
590799,590931,590933,2,132
590799,590924,590932,8,125
590799,590926,590932,6,127
590799,590932,590934,2,133
590799,590932,590933,1,133
590799,590923,590934,11,124
590799,590924,590933,9,125
590799,590931,590934,3,132
590799,590928,590933,5,129
590799,590931,590933,2,132
590799,590932,590935,3,133
590799,590932,590934,2,133
590799,590932,590935,3,133
590799,590933,590934,1,134
590799,590931,590934,3,132
590799,590932,590934,2,133
590799,590934,590936,2,135
590799,590933,590936,3,134
590799,590934,590935,1,135
590799,590934,590935,1,135
590799,590933,590935,2,134
590799,590933,590935,2,134
590799,590934,590937,3,135
590818,590935,590937,2,117
590799,590933,590936,3,134
590799,590933,590936,3,134
590799,590934,590936,2,135
590818,590935,590937,2,117
590799,590934,590936,2,135
590818,590936,590938,2,118
590818,590935,590938,3,117
590818,590935,590939,4,117
590818,590936,590938,2,118
590818,590935,590938,3,117
590818,590935,590938,3,117
590818,590936,590938,2,118
590818,590936,590940,4,118
590818,590937,590946,9,119
590818,590937,590947,10,119
590818,590936,590947,11,118
590818,590937,590948,11,119
590818,590937,590947,10,119
590818,590939,590948,9,121
590818,590940,590948,8,122
590818,590937,590949,12,119
590818,590939,590949,10,121
590818,590937,590948,11,119
590818,590937,590949,12,119
590818,590939,590950,11,121
590818,590939,590951,12,121
590818,590939,590951,12,121
590818,590938,590950,12,120
590818,590937,590952,15,119
590818,590949,590953,4,131
590818,590939,590953,14,121
590818,590949,590953,4,131
590818,590949,590954,5,131
590818,590949,590955,6,131
590818,590949,590955,6,131
590818,590946,590956,10,128
590818,590947,590957,10,129
590818,590947,590957,10,129
590818,590948,590957,9,130
590818,590950,590957,7,132
590818,590949,590958,9,131
590818,590951,590958,7,133
590818,590948,590958,10,130
590818,590951,590959,8,133
590818,590951,590959,8,133
590818,590952,590959,7,134
590818,590953,590960,7,135
590818,590954,590960,6,136
590818,590956,590961,5,138
590818,590957,590961,4,139
590818,590957,590962,5,139
590818,590958,590963,5,140
590818,590957,590963,6,139
590818,590961,590963,2,143
590818,590953,590963,10,135
590818,590958,590962,4,140
590818,590954,590962,8,136
590818,590959,590963,4,141
590818,590959,590964,5,141
590818,590960,590963,3,142
590818,590961,590964,3,143
590818,590958,590963,5,140
590818,590955,590963,8,137
590818,590955,590964,9,137
590818,590960,590965,5,142
590818,590963,590965,2,145
590818,590959,590964,5,141
590818,590963,590966,3,145
590818,590963,590965,2,145
590818,590964,590966,2,146
590818,590964,590965,1,146
590818,590963,590966,3,145
590818,590963,590966,3,145
590818,590962,590966,4,144
590818,590957,590965,8,139
590818,590963,590966,3,145
590818,590963,590967,4,145
590818,590964,590967,3,146
590855,590965,590967,2,110
590855,590964,590968,4,109
590855,590964,590968,4,109
590855,590966,590968,2,111
590855,590966,590967,1,111
590855,590966,590967,1,111
590855,590965,590967,2,110
590855,590966,590968,2,111
590855,590965,590968,3,110
590855,590966,590971,5,111
590855,590968,590973,5,113
590855,590971,590975,4,116
590855,590968,590977,9,113
590855,590966,590977,11,111
590855,590967,590977,10,112
590855,590973,590978,5,118
590855,590966,590978,12,111
590855,590968,590978,10,113
590855,590967,590979,12,112
590855,590967,590979,12,112
590855,590968,590979,11,113
590855,590968,590978,10,113
590855,590968,590978,10,113
590855,590967,590979,12,112
590855,590966,590981,15,111
590855,590975,590981,6,120
590855,590968,590981,13,113
590855,590968,590982,14,113
590855,590977,590983,6,122
590855,590977,590986,9,122
590855,590979,590986,7,124
590855,590977,590986,9,122
590855,590978,590987,9,123
590855,590979,590987,8,124
590855,590978,590988,10,123
590855,590981,590988,7,126
590855,590981,590988,7,126
590855,590979,590988,9,124
590855,590979,590989,10,124
590855,590978,590990,12,123
590855,590981,590989,8,126
590855,590980,590990,10,125
590855,590982,590991,9,127
590855,590984,590991,7,129
590855,590980,590991,11,125
590855,590989,590992,3,134
590855,590988,590992,4,133
590855,590990,590992,2,135
590855,590989,590992,3,134
590855,590990,590993,3,135
590855,590986,590993,7,131
590855,590987,590993,6,132
590855,590991,590993,2,136
590855,590988,590994,6,133
590855,590991,590993,2,136
590855,590991,590994,3,136
590855,590990,590993,3,135
590855,590992,590994,2,137
590855,590988,590993,5,133
590855,590986,590994,8,131
590855,590986,590993,7,131
590855,590987,590993,6,132
590855,590992,590993,1,137
590855,590992,590994,2,137
590855,590992,590994,2,137
590855,590993,590994,1,138
590855,590994,590996,2,139
590855,590993,590995,2,138
590855,590994,590996,2,139
590855,590993,590996,3,138
590855,590993,590996,3,138
590855,590994,590997,3,139
590855,590994,590997,3,139
590858,590994,590997,3,136
590855,590994,590996,2,139
590858,590995,590998,3,137
590855,590994,590997,3,139
590858,590994,590997,3,136
590858,590994,590997,3,136
590858,590994,590998,4,136
590858,590996,590998,2,138
590858,590996,590999,3,138
590858,590995,590999,4,137
590858,590996,591000,4,138
590858,590996,591002,6,138
590858,590996,591006,10,138
590858,590997,591007,10,139
590858,590998,591008,10,140
590481,590528,591009,481,47
590858,590997,591009,12,139
590858,590998,591008,10,140
590858,590998,591009,11,140
590858,590997,591009,12,139
590858,590998,591010,12,140
590858,590997,591009,12,139
590858,590998,591011,13,140
590858,590999,591011,12,141
590858,590998,591012,14,140
590858,591000,591014,14,142
590858,591000,591014,14,142
590858,591007,591016,9,149
590858,591006,591017,11,148
590858,591008,591017,9,150
590858,591002,591016,14,144
590858,591009,591018,9,151
590858,591009,591019,10,151
590858,591009,591018,9,151
590858,591009,591019,10,151
590858,591010,591020,10,152
590858,591009,591020,11,151
590858,591010,591022,12,152
590858,591014,591021,7,156
590858,591014,591022,8,156
590858,591016,591023,7,158
590858,591011,591023,12,153
590858,591011,591025,14,153
590858,591018,591025,7,160
590858,591017,591025,8,159
590858,591012,591025,13,154
590858,591017,591025,8,159
590858,591017,591025,8,159
590858,591019,591025,6,161
590858,591023,591026,3,165
590858,591020,591026,6,162
590858,591022,591027,5,164
590858,591022,591027,5,164
590858,591020,591028,8,162
590858,591019,591028,9,161
590858,591020,591028,8,162
590858,591023,591027,4,165
590858,591026,591028,2,168
590858,591025,591029,4,167
590858,591026,591029,3,168
590858,591026,591029,3,168
590858,591025,591029,4,167
590858,591026,591030,4,168
590858,591025,591030,5,167
590858,591025,591030,5,167
590858,591025,591029,4,167
590858,591027,591030,3,169
590858,591025,591030,5,167
590858,591028,591030,2,170
590858,591029,591031,2,171
590858,591028,591031,3,170
590858,591027,591030,3,169
590858,591028,591031,3,170
590858,591028,591030,2,170
590858,591029,591032,3,171
590862,591030,591032,2,168
590858,591028,591031,3,170
590858,591029,591032,3,171
590858,591029,591032,3,171
590862,591030,591032,2,168
590862,591031,591033,2,169
590862,591030,591033,3,168
590862,591030,591033,3,168
590862,591030,591033,3,168
590862,591031,591033,2,169
590862,591031,591034,3,169
590862,591031,591033,2,169
590862,591031,591035,4,169
590862,591031,591040,9,169
590597,590706,591041,335,109
590862,591033,591042,9,171
590862,591032,591042,10,170
590862,591033,591043,10,171
590862,591032,591043,11,170
590862,591032,591044,12,170
590862,591033,591045,12,171
590862,591034,591044,10,172
590862,591033,591045,12,171
590862,591032,591044,12,170
590862,591032,591045,13,170
590862,591034,591046,12,172
590862,591033,591046,13,171
590862,591035,591048,13,173
590862,591034,591049,15,172
590862,591042,591051,9,180
590862,591040,591052,12,178
590862,591043,591052,9,181
590862,591043,591051,8,181
590862,591042,591052,10,180
590862,591046,591053,7,184
590862,591044,591054,10,182
590862,591043,591054,11,181
590862,591046,591054,8,184
590862,591045,591055,10,183
590862,591045,591054,9,183
590862,591048,591056,8,186
590862,591045,591057,12,183
590862,591052,591058,6,190
590862,591045,591058,13,183
590862,591046,591058,12,184
590862,591056,591059,3,194
590862,591049,591058,9,187
590862,591056,591059,3,194
590862,591054,591059,5,192
590862,591057,591060,3,195
590862,591051,591059,8,189
590862,591054,591060,6,192
590862,591055,591060,5,193
590862,591053,591059,6,191
590862,591052,591061,9,190
590862,591054,591061,7,192
590862,591052,591061,9,190
590862,591059,591062,3,197
590862,591058,591061,3,196
590862,591061,591063,2,199
590862,591060,591063,3,198
590862,591053,591062,9,191
590862,591060,591063,3,198
590862,591059,591063,4,197
590862,591060,591064,4,198
590862,591061,591064,3,199
590862,591060,591064,4,198
590862,591058,591064,6,196
590862,591059,591065,6,197
590862,591062,591064,2,200
590862,591063,591065,2,201
590862,591062,591064,2,200
590862,591062,591064,2,200
590862,591063,591065,2,201
590862,591059,591064,5,197
590862,591061,591064,3,199
590862,591063,591066,3,201
590862,591058,591065,7,196
590862,591063,591065,2,201
590882,591064,591066,2,182
590882,591064,591066,2,182
590882,591064,591067,3,182
590882,591065,591067,2,183
590882,591064,591066,2,182
590498,590581,591066,485,83
590882,591065,591066,1,183
590882,591065,591066,1,183
590882,591065,591066,1,183
590882,591065,591066,1,183
590626,590739,591067,328,113
590882,591065,591067,2,183
590882,591065,591072,7,183
590882,591068,591072,4,186
590882,591067,591073,6,185
590882,591068,591072,4,186
590496,590581,591074,493,85
590882,591067,591074,7,185
590882,591067,591078,11,185
590882,591066,591078,12,184
590882,591066,591078,12,184
590882,591066,591078,12,184
590882,591067,591078,11,185
590882,591067,591078,11,185
590882,591067,591079,12,185
590882,591065,591078,13,183
590882,591072,591078,6,190
590882,591066,591078,12,184
590882,591066,591080,14,184
590882,591067,591079,12,185
590882,591072,591079,7,190
590882,591067,591079,12,185
590882,591073,591081,8,191
590882,591073,591081,8,191
590882,591081,591083,2,199
590882,591081,591083,2,199
590882,591080,591084,4,198
590882,591080,591084,4,198
590882,591079,591085,6,197
590882,591078,591085,7,196
590882,591083,591084,1,201
590882,591074,591085,11,192
590882,591078,591086,8,196
590882,591078,591086,8,196
590882,591078,591085,7,196
590882,591079,591086,7,197
590882,591083,591085,2,201
590882,591079,591086,7,197
590882,591079,591085,6,197
590882,591076,591085,9,194
590882,591084,591087,3,202
590882,591084,591086,2,202
590882,591085,591087,2,203
590882,591085,591087,2,203
590882,591078,591087,9,196
590882,591086,591088,2,204
590882,591085,591088,3,203
590882,591080,591087,7,198
590882,591086,591088,2,204
590882,591086,591088,2,204
590882,591085,591087,2,203
590882,591079,591088,9,197
590882,591086,591088,2,204
590882,591086,591089,3,204
590882,591086,591089,3,204
590882,591087,591088,1,205
590882,591087,591088,1,205
590882,591088,591089,1,206
590882,591086,591088,2,204
590882,591086,591088,2,204
590882,591087,591088,1,205
590882,591080,591088,8,198
590882,591088,591090,2,206
590882,591088,591090,2,206
590882,591088,591090,2,206
590882,591088,591089,1,206
590882,591087,591089,2,205
591009,591089,591090,1,80
591009,591089,591091,2,80
591009,591089,591091,2,80
591009,591089,591091,2,80
590882,591088,591090,2,206
591009,591089,591091,2,80
591009,591089,591092,3,80
591009,591089,591092,3,80
591009,591089,591092,3,80
591009,591089,591091,2,80
591009,591089,591093,4,80
591009,591093,591095,2,84
591009,591092,591096,4,83
591009,591092,591097,5,83
591009,591090,591100,10,81
591009,591095,591100,5,86
591009,591090,591101,11,81
591009,591092,591101,9,83
591009,591090,591101,11,81
591009,591091,591102,11,82
591009,591090,591102,12,81
591009,591091,591101,10,82
591009,591091,591101,10,82
591009,591096,591102,6,87
591009,591090,591102,12,81
591009,591090,591102,12,81
591009,591092,591103,11,83
591009,591091,591104,13,82
591009,591091,591103,12,82
591009,591097,591105,8,88
591009,591092,591106,14,83
591009,591100,591108,8,91
591009,591102,591109,7,93
591009,591102,591109,7,93
591009,591100,591108,8,91
591009,591101,591109,8,92
591009,591102,591110,8,93
591009,591102,591109,7,93
591009,591101,591110,9,92
591009,591102,591110,8,93
591009,591103,591110,7,94
591009,591102,591112,10,93
591009,591106,591112,6,97
591009,591110,591112,2,101
591009,591104,591112,8,95
591009,591110,591112,2,101
591009,591104,591112,8,95
591009,591101,591112,11,92
591009,591102,591113,11,93
591009,591112,591114,2,103
591009,591110,591114,4,101
591009,591110,591113,3,101
591009,591111,591113,2,102
591009,591108,591114,6,99
591009,591112,591114,2,103
591009,591112,591115,3,103
591009,591109,591114,5,100
591009,591110,591115,5,101
591009,591113,591115,2,104
591009,591109,591114,5,100
591009,591112,591114,2,103
591009,591113,591115,2,104
591009,591105,591115,10,96
591009,591113,591116,3,104
591009,591109,591116,7,100
591009,591114,591115,1,105
591009,591114,591116,2,105
591009,591112,591115,3,103
591009,591114,591117,3,105
591009,591115,591117,2,106
590543,590640,591117,477,97
591009,591114,591116,2,105
591009,591115,591116,1,106
591009,591115,591116,1,106
591009,591114,591116,2,105
591009,591114,591116,2,105
591043,591115,591118,3,72
591009,591115,591118,3,106
591043,591116,591118,2,73
591043,591116,591118,2,73
591043,591116,591118,2,73
591043,591115,591118,3,72
591043,591116,591118,2,73
591043,591116,591118,2,73
591043,591116,591119,3,73
591043,591117,591120,3,74
591043,591117,591121,4,74
590541,590640,591124,484,99
591043,591117,591125,8,74
591043,591121,591125,4,78
591043,591120,591126,6,77
591043,591119,591126,7,76
591043,591117,591127,10,74
591043,591124,591128,4,81
591043,591118,591128,10,75
591043,591119,591128,9,76
591043,591118,591128,10,75
591043,591125,591129,4,82
591043,591117,591128,11,74
591043,591119,591129,10,76
591043,591118,591129,11,75
591043,591118,591130,12,75
591043,591126,591130,4,83
591043,591117,591129,12,74
591043,591125,591129,4,82
591043,591118,591130,12,75
591043,591126,591131,5,83
591043,591127,591131,4,84
591043,591118,591130,12,75
591043,591119,591131,12,76
591043,591119,591131,12,76
591043,591128,591133,5,85
591043,591128,591133,5,85
591043,591131,591135,4,88
591043,591131,591135,4,88
591043,591130,591136,6,87
591043,591131,591136,5,88
591043,591129,591136,7,86
591043,591129,591135,6,86
591043,591129,591135,6,86
591043,591128,591136,8,85
591043,591130,591137,7,87
591043,591129,591136,7,86
591043,591130,591136,6,87
591043,591130,591138,8,87
591043,591130,591138,8,87
591043,591131,591137,6,88
591043,591133,591139,6,90
591043,591137,591139,2,94
591043,591128,591138,10,85
591043,591132,591138,6,89
591043,591134,591138,4,91
591043,591137,591138,1,94
591043,591137,591138,1,94
591043,591136,591139,3,93
591043,591137,591140,3,94
591043,591137,591140,3,94
591043,591139,591141,2,96
591043,591135,591141,6,92
591043,591138,591141,3,95
591043,591138,591140,2,95
591043,591138,591141,3,95
591043,591135,591140,5,92
591043,591138,591140,2,95
591043,591139,591142,3,96
591043,591136,591141,5,93
591043,591139,591141,2,96
591043,591139,591142,3,96
591043,591136,591142,6,93
591043,591139,591142,3,96
591043,591139,591141,2,96
591043,591139,591141,2,96
591043,591139,591141,2,96
591076,591140,591142,2,64
591076,591141,591143,2,65
591076,591141,591142,1,65
591076,591141,591144,3,65
591076,591141,591144,3,65
591076,591142,591144,2,66
591076,591141,591143,2,65
591076,591142,591145,3,66
591076,591142,591145,3,66
591076,591142,591146,4,66
591076,591142,591149,7,66
591076,591146,591150,4,70
591076,591145,591150,5,69
591076,591145,591150,5,69
591076,591142,591153,11,66
591076,591142,591154,12,66
591076,591143,591154,11,67
591076,591142,591154,12,66
591076,591142,591154,12,66
591076,591144,591154,10,68
591076,591142,591153,11,66
591076,591142,591153,11,66
591076,591143,591153,10,67
591076,591149,591155,6,73
591076,591143,591155,12,67
591076,591144,591156,12,68
591076,591150,591155,5,74
591076,591144,591156,12,68
591076,591150,591156,6,74
591076,591144,591157,13,68
591076,591150,591159,9,74
591076,591154,591161,7,78
591076,591154,591161,7,78
591076,591156,591162,6,80
591076,591153,591161,8,77
591076,591154,591161,7,78
591076,591154,591161,7,78
591076,591154,591163,9,78
591076,591154,591163,9,78
591076,591156,591163,7,80
591076,591155,591162,7,79
591076,591156,591162,6,80
591076,591154,591164,10,78
591076,591157,591164,7,81
591076,591154,591164,10,78
591076,591155,591165,10,79
591076,591163,591165,2,87
591076,591163,591166,3,87
591076,591159,591166,7,83
591076,591161,591166,5,85
591076,591156,591166,10,80
591076,591163,591165,2,87
591076,591164,591166,2,88
590550,590673,591166,493,123
591076,591164,591167,3,88
591076,591164,591166,2,88
591076,591164,591166,2,88
591076,591165,591168,3,89
591076,591166,591168,2,90
591076,591163,591167,4,87
591076,591163,591167,4,87
591076,591163,591168,5,87
591076,591166,591167,1,90
591076,591161,591168,7,85
591076,591166,591168,2,90
591076,591165,591168,3,89
591076,591165,591167,2,89
591076,591166,591168,2,90
591076,591167,591169,2,91
591076,591166,591168,2,90
591076,591162,591169,7,86
591076,591166,591168,2,90
591076,591167,591170,3,91
591076,591168,591170,2,92
591076,591168,591169,1,92
591076,591167,591169,2,91
591076,591168,591170,2,92
591076,591168,591170,2,92
591076,591168,591171,3,92
591076,591168,591170,2,92
591076,591168,591170,2,92
591076,591167,591170,3,91
591076,591168,591171,3,92
591076,591168,591171,3,92
591076,591168,591170,2,92
591076,591169,591173,4,93
591076,591171,591174,3,95
591076,591171,591175,4,95
591076,591173,591177,4,97
591076,591174,591178,4,98
591076,591171,591178,7,95
591076,591169,591177,8,93
591076,591175,591179,4,99
591076,591171,591180,9,95
591076,591170,591180,10,94
591076,591169,591180,11,93
591076,591170,591181,11,94
591076,591177,591181,4,101
591076,591170,591180,10,94
591076,591169,591181,12,93
591076,591178,591181,3,102
591076,591178,591181,3,102
591076,591171,591181,10,95
591076,591171,591182,11,95
591076,591170,591182,12,94
591076,591169,591181,12,93
591076,591170,591182,12,94
591076,591171,591183,12,95
591076,591170,591182,12,94
591076,591179,591183,4,103
591076,591179,591184,5,103
591076,591180,591185,5,104
591076,591182,591186,4,106
591076,591182,591187,5,106
591076,591182,591187,5,106
591076,591182,591186,4,106
591076,591183,591188,5,107
591076,591180,591188,8,104
591076,591181,591188,7,105
591076,591180,591187,7,104
591076,591181,591187,6,105
591076,591181,591188,7,105
591076,591181,591188,7,105
591076,591183,591188,5,107
591076,591183,591189,6,107
591076,591181,591188,7,105
591076,591188,591190,2,112
591076,591181,591189,8,105
591076,591188,591190,2,112
591076,591184,591190,6,108
591076,591188,591189,1,112
591076,591186,591191,5,110
591076,591187,591191,4,111
591076,591188,591191,3,112
591076,591189,591191,2,113
591076,591182,591190,8,106
591076,591187,591190,3,111
591076,591188,591190,2,112
591076,591188,591191,3,112
591076,591189,591191,2,113
591076,591189,591191,2,113
591076,591190,591192,2,114
591076,591186,591191,5,110
591076,591190,591191,1,114
591076,591187,591193,6,111
591076,591191,591192,1,115
591076,591190,591193,3,114
591076,591191,591193,2,115
591076,591189,591192,3,113
591077,591191,591194,3,114
591076,591190,591193,3,114
591076,591191,591193,2,115
591077,591191,591194,3,114
591077,591191,591193,2,114
591077,591191,591193,2,114
591077,591191,591193,2,114
591077,591192,591195,3,115
591077,591192,591195,3,115
591077,591192,591195,3,115
591077,591192,591195,3,115
591077,591193,591196,3,116
591077,591195,591201,6,118
591077,591196,591201,5,119
591077,591197,591202,5,120
591077,591195,591203,8,118
591077,591193,591203,10,116
591077,591193,591203,10,116
591077,591195,591204,9,118
591077,591193,591205,12,116
591077,591193,591205,12,116
591077,591195,591205,10,118
591077,591194,591206,12,117
591077,591195,591206,11,118
591077,591201,591206,5,124
591077,591193,591206,13,116
591077,591194,591207,13,117
591077,591202,591206,4,125
591077,591194,591206,12,117
591077,591194,591206,12,117
591077,591195,591206,11,118
591077,591201,591206,5,124
591077,591203,591208,5,126
591077,591203,591210,7,126
591077,591206,591212,6,129
591077,591203,591212,9,126
591077,591206,591212,6,129
591077,591205,591213,8,128
591077,591206,591213,7,129
591077,591205,591213,8,128
591077,591204,591212,8,127
591077,591205,591213,8,128
591077,591207,591214,7,130
591077,591207,591214,7,130
591077,591207,591214,7,130
591077,591206,591215,9,129
590769,590859,591215,356,90
591077,591207,591215,8,130
591077,591208,591215,7,131
591077,591207,591215,8,130
591077,591214,591216,2,137
591077,591207,591215,8,130
591077,591214,591216,2,137
591077,591210,591217,7,133
591077,591213,591216,3,136
591077,591213,591217,4,136
591077,591215,591217,2,138
591077,591215,591217,2,138
591077,591214,591216,2,137
591077,591215,591217,2,138
591077,591215,591218,3,138
591077,591212,591218,6,135
591077,591216,591219,3,139
591077,591217,591219,2,140
591077,591216,591218,2,139
591077,591217,591219,2,140
591077,591216,591219,3,139
591077,591213,591219,6,136
591077,591213,591218,5,136
591077,591216,591220,4,139
591077,591217,591220,3,140
591077,591213,591219,6,136
591077,591217,591220,3,140
591077,591217,591220,3,140
591077,591217,591219,2,140
591077,591218,591219,1,141
591128,591219,591220,1,91
591128,591219,591221,2,91
591128,591219,591221,2,91
591077,591213,591220,7,136
591077,591213,591220,7,136
591128,591219,591221,2,91
591128,591219,591222,3,91
591128,591219,591222,3,91
591128,591219,591221,2,91
591128,591220,591222,2,92
591128,591220,591222,2,92
591128,591220,591223,3,92
591128,591223,591228,5,95
591128,591222,591228,6,94
591128,591220,591228,8,92
591128,591222,591230,8,94
591128,591220,591230,10,92
591128,591220,591231,11,92
591128,591220,591231,11,92
591128,591228,591232,4,100
591128,591221,591231,10,93
591128,591221,591231,10,93
591128,591228,591232,4,100
591128,591221,591233,12,93
591128,591221,591233,12,93
591128,591220,591233,13,92
591128,591231,591233,2,103
591128,591222,591234,12,94
591128,591221,591233,12,93
591128,591222,591234,12,94
591128,591229,591234,5,101
591128,591222,591234,12,94
591128,591230,591234,4,102
591128,591231,591236,5,103
591128,591233,591240,7,105
591128,591232,591240,8,104
591128,591233,591240,7,105
591128,591234,591240,6,106
591128,591232,591240,8,104
591128,591232,591241,9,104
591128,591233,591240,7,105
591128,591233,591241,8,105
591128,591235,591241,6,107
591128,591234,591241,7,106
591128,591232,591241,9,104
591128,591235,591242,7,107
591128,591235,591241,6,107
591128,591232,591243,11,104
591128,591235,591243,8,107
591128,591237,591244,7,109
591128,591241,591245,4,113
591128,591241,591246,5,113
591128,591243,591246,3,115
591128,591243,591246,3,115
591128,591241,591246,5,113
591128,591241,591246,5,113
591128,591244,591246,2,116
591128,591241,591246,5,113
591128,591241,591246,5,113
591128,591242,591246,4,114
591128,591240,591248,8,112
591128,591242,591247,5,114
591128,591244,591247,3,116
591128,591240,591248,8,112
590794,590908,591247,339,114
591128,591240,591247,7,112
591128,591247,591248,1,119
591128,591245,591248,3,117
591128,591246,591248,2,118
591128,591247,591249,2,119
591128,591246,591249,3,118
591128,591246,591249,3,118
591128,591246,591249,3,118
591128,591240,591248,8,112
591128,591246,591248,2,118
591129,591248,591250,2,119
591128,591247,591249,2,119
591128,591247,591249,2,119
591128,591248,591250,2,120
591129,591248,591250,2,119
591129,591248,591251,3,119
591129,591248,591251,3,119
591129,591248,591251,3,119
591129,591249,591251,2,120
591129,591249,591250,1,120
591129,591249,591251,2,120
591129,591248,591250,2,119
591129,591249,591253,4,120
590654,590772,591255,483,118
591129,591251,591256,5,122
591129,591249,591257,8,120
591129,591253,591258,5,124
591129,591255,591260,5,126
591129,591250,591260,10,121
591129,591256,591260,4,127
591129,591251,591260,9,122
591129,591257,591261,4,128
591129,591258,591261,3,129
591129,591251,591261,10,122
591129,591251,591261,10,122
591129,591251,591261,10,122
591129,591249,591261,12,120
591129,591250,591261,11,121
591129,591251,591261,10,122
591129,591251,591263,12,122
591129,591251,591263,12,122
591129,591250,591262,12,121
591129,591250,591262,12,121
591129,591260,591263,3,131
591129,591250,591264,14,121
591129,591260,591264,4,131
591129,591260,591268,8,131
591129,591261,591268,7,132
591129,591261,591268,7,132
591129,591264,591269,5,135
591129,591263,591269,6,134
591129,591263,591268,5,134
591129,591262,591268,6,133
591129,591262,591268,6,133
591129,591261,591270,9,132
591129,591263,591270,7,134
591129,591261,591270,9,132
591129,591261,591269,8,132
591129,591263,591270,7,134
591129,591261,591270,9,132
591129,591261,591272,11,132
591129,591270,591272,2,141
591129,591270,591272,2,141
591129,591269,591273,4,140
591129,591269,591273,4,140
591129,591270,591272,2,141
591129,591270,591273,3,141
591129,591269,591274,5,140
591129,591270,591274,4,141
591129,591268,591274,6,139
591129,591269,591274,5,140
591129,591268,591274,6,139
591129,591273,591275,2,144
591129,591273,591274,1,144
591129,591272,591275,3,143
591129,591272,591274,2,143
591129,591273,591275,2,144
591129,591264,591275,11,135
591129,591272,591275,3,143
591129,591269,591274,5,140
591129,591271,591274,3,142
591129,591273,591276,3,144
591129,591274,591276,2,145
591129,591274,591275,1,145
591129,591274,591275,1,145
591129,591274,591276,2,145
591129,591265,591275,10,136
591129,591268,591277,9,139
591129,591274,591276,2,145
591167,591275,591277,2,108
591167,591275,591276,1,108
591167,591275,591276,1,108
591167,591275,591278,3,108
591167,591275,591278,3,108
591167,591275,591278,3,108
591167,591276,591278,2,109
591167,591275,591279,4,108
591167,591276,591279,3,109
591167,591276,591281,5,109
591167,591276,591282,6,109
591167,591282,591285,3,115
591167,591280,591285,5,113
591167,591281,591285,4,114
591167,591276,591286,10,109
591167,591279,591287,8,112
591167,591285,591288,3,118
591167,591277,591287,10,110
591167,591276,591288,12,109
591167,591276,591289,13,109
591167,591277,591289,12,110
591167,591278,591288,10,111
591167,591278,591288,10,111
591167,591278,591290,12,111
591167,591277,591289,12,110
591167,591285,591289,4,118
591167,591287,591290,3,120
591167,591278,591290,12,111
591167,591285,591290,5,118
591167,591278,591291,13,111
591167,591287,591291,4,120
591167,591288,591292,4,121
591167,591278,591291,13,111
590687,590805,591294,489,118
591167,591288,591295,7,121
591167,591291,591295,4,124
591167,591292,591296,4,125
591167,591291,591296,5,124
591167,591289,591297,8,122
591167,591290,591297,7,123
591167,591288,591297,9,121
591167,591289,591296,7,122
591167,591289,591296,7,122
591167,591290,591296,6,123
591167,591290,591297,7,123
591167,591290,591297,7,123
591167,591290,591297,7,123
591167,591289,591297,8,122
591167,591290,591297,7,123
591167,591297,591299,2,130
591167,591297,591299,2,130
591167,591297,591299,2,130
591167,591292,591299,7,125
591167,591297,591300,3,130
591167,591296,591300,4,129
591167,591295,591299,4,128
591167,591297,591300,3,130
591167,591299,591301,2,132
591167,591299,591301,2,132
591167,591298,591301,3,131
591167,591295,591301,6,128
591167,591294,591300,6,127
591167,591297,591301,4,130
591167,591299,591300,1,132
591167,591297,591302,5,130
591167,591298,591301,3,131
591167,591300,591301,1,133
591167,591301,591302,1,134
591167,591299,591302,3,132
591167,591300,591302,2,133
591167,591297,591301,4,130
591167,591300,591302,2,133
591167,591301,591302,1,134
591167,591300,591302,2,133
591216,591302,591304,2,86
591216,591301,591304,3,85
591216,591301,591304,3,85
591216,591302,591303,1,86
591167,591296,591303,7,129
591167,591301,591303,2,134
591216,591302,591304,2,86
591216,591301,591304,3,85
591216,591302,591304,2,86
591216,591302,591305,3,86
591216,591302,591305,3,86
591216,591302,591308,6,86
591216,591303,591313,10,87
591216,591303,591313,10,87
591216,591304,591314,10,88
591216,591306,591314,8,90
591216,591305,591314,9,89
591216,591304,591315,11,88
591216,591305,591315,10,89
591216,591304,591315,11,88
591216,591302,591316,14,86
591216,591304,591316,12,88
591216,591308,591316,8,92
591216,591304,591316,12,88
591216,591305,591316,11,89
591216,591304,591316,12,88
591216,591304,591317,13,88
591216,591304,591317,13,88
591216,591313,591317,4,97
591216,591313,591318,5,97
591216,591314,591318,4,98
591216,591317,591321,4,101
591216,591315,591322,7,99
591216,591314,591322,8,98
591216,591314,591322,8,98
591216,591318,591322,4,102
591216,591315,591322,7,99
591216,591316,591324,8,100
591216,591317,591324,7,101
591216,591316,591324,8,100
591216,591317,591324,7,101
591216,591318,591323,5,102
591216,591315,591324,9,99
591216,591316,591325,9,100
591216,591317,591324,7,101
591216,591321,591326,5,105
591216,591316,591327,11,100
591216,591316,591327,11,100
591216,591322,591328,6,106
591216,591322,591328,6,106
591216,591323,591329,6,107
591216,591324,591329,5,108
591216,591323,591329,6,107
591216,591326,591330,4,110
591216,591325,591330,5,109
591216,591324,591329,5,108
590741,590832,591330,498,91
591216,591322,591330,8,106
591216,591326,591329,3,110
591216,591328,591331,3,112
591216,591329,591331,2,113
591216,591324,591331,7,108
591216,591324,591331,7,108
591216,591325,591330,5,109
591216,591324,591330,6,108
591216,591327,591331,4,111
591216,591327,591331,4,111
591216,591328,591332,4,112
591216,591331,591333,2,115
591216,591331,591332,1,115
591216,591329,591333,4,113
591216,591331,591333,2,115
591216,591330,591333,3,114
591216,591329,591332,3,113
591216,591330,591333,3,114
591216,591330,591333,3,114
591248,591331,591334,3,83
591248,591331,591334,3,83
591216,591330,591333,3,114
591216,591330,591334,4,114
591248,591332,591335,3,84
591248,591332,591335,3,84
591248,591332,591334,2,84
591248,591333,591336,3,85
591248,591333,591335,2,85
591248,591332,591336,4,84
591248,591333,591336,3,85
591248,591333,591340,7,85
591248,591334,591344,10,86
591248,591334,591345,11,86
591248,591336,591346,10,88
591248,591336,591346,10,88
591248,591333,591346,13,85
591248,591333,591345,12,85
591248,591333,591345,12,85
591248,591334,591346,12,86
591248,591334,591347,13,86
591248,591335,591347,12,87
591248,591336,591346,10,88
591248,591334,591346,12,86
591248,591335,591347,12,87
591248,591335,591349,14,87
591248,591336,591349,13,88
591248,591340,591349,9,92
591248,591347,591351,4,99
591248,591344,591352,8,96
591248,591349,591353,4,101
591248,591349,591353,4,101
591248,591346,591354,8,98
591248,591346,591353,7,98
591248,591347,591354,7,99
591248,591345,591354,9,97
591248,591347,591354,7,99
591248,591349,591354,5,101
591248,591346,591355,9,98
591248,591346,591356,10,98
591248,591346,591355,9,98
591248,591346,591355,9,98
591248,591347,591356,9,99
591248,591347,591356,9,99
591248,591353,591356,3,105
591248,591351,591356,5,103
591248,591352,591355,3,104
591248,591354,591359,5,106
591248,591356,591359,3,108
591248,591356,591359,3,108
591248,591354,591360,6,106
591248,591356,591360,4,108
591248,591354,591359,5,106
591248,591356,591360,4,108
591248,591354,591361,7,106
591248,591354,591361,7,106
591248,591354,591361,7,106
591248,591355,591361,6,107
591248,591359,591362,3,111
591248,591359,591362,3,111
591248,591356,591362,6,108
591248,591356,591361,5,108
591248,591353,591362,9,105
591248,591356,591361,5,108
591248,591360,591363,3,112
591248,591360,591362,2,112
591248,591361,591363,2,113
591248,591359,591362,3,111
591248,591362,591363,1,114
591248,591360,591363,3,112
591248,591360,591363,3,112
591248,591356,591362,6,108
591248,591361,591364,3,113
591248,591362,591363,1,114
591248,591361,591364,3,113
591261,591362,591365,3,101
591261,591363,591365,2,102
591261,591362,591364,2,101
591261,591363,591365,2,102
591261,591363,591365,2,102
591248,591361,591364,3,113
591248,591362,591364,2,114
591261,591363,591366,3,102
591261,591363,591366,3,102
591261,591363,591365,2,102
591261,591363,591365,2,102
591261,591364,591368,4,103
591261,591364,591372,8,103
591261,591364,591373,9,103
591261,591368,591374,6,107
591261,591366,591374,8,105
591261,591365,591375,10,104
590787,590882,591376,494,95
591261,591373,591376,3,112
591261,591372,591376,4,111
591261,591364,591376,12,103
591261,591365,591375,10,104
591261,591366,591377,11,105
591261,591366,591376,10,105
591261,591374,591377,3,113
591261,591374,591377,3,113
591261,591365,591377,12,104
591261,591375,591378,3,114
591261,591365,591377,12,104
591261,591365,591379,14,104
591261,591366,591378,12,105
591261,591376,591379,3,115
591261,591376,591378,2,115
591261,591365,591378,13,104
591261,591365,591378,13,104
591261,591376,591380,4,115
591261,591376,591381,5,115
591261,591376,591382,6,115
591261,591379,591384,5,118
591261,591377,591384,7,116
591261,591377,591385,8,116
591261,591377,591384,7,116
591261,591377,591385,8,116
591261,591378,591384,6,117
591261,591378,591386,8,117
591261,591377,591385,8,116
591261,591379,591386,7,118
591261,591382,591386,4,121
591261,591382,591385,3,121
591261,591379,591387,8,118
591261,591379,591387,8,118
591261,591380,591386,6,119
591261,591379,591387,8,118
591261,591386,591388,2,125
591261,591386,591389,3,125
591261,591384,591389,5,123
591261,591386,591389,3,125
591261,591385,591389,4,124
591261,591379,591388,9,118
591261,591386,591390,4,125
591261,591385,591390,5,124
591261,591387,591389,2,126
591261,591387,591390,3,126
591261,591385,591389,4,124
591261,591387,591389,2,126
591261,591384,591389,5,123
591261,591386,591389,3,125
591261,591388,591390,2,127
591261,591389,591391,2,128
591261,591385,591390,5,124
591261,591389,591391,2,128
591261,591387,591390,3,126
591261,591389,591391,2,128
591261,591389,591390,1,128
591261,591389,591392,3,128
591261,591390,591392,2,129
591294,591391,591393,2,97
591294,591390,591393,3,96
591261,591390,591392,2,129
591294,591390,591392,2,96
591294,591390,591392,2,96
591294,591391,591394,3,97
591294,591391,591394,3,97
591261,591390,591393,3,129
591294,591390,591393,3,96
591294,591391,591393,2,97
591294,591391,591393,2,97
591294,591391,591395,4,97
591294,591392,591399,7,98
591294,591395,591401,6,101
591294,591396,591402,6,102
591294,591399,591403,4,105
591294,591393,591403,10,99
591294,591392,591403,11,98
591294,591392,591404,12,98
591294,591393,591403,10,99
591294,591393,591404,11,99
591294,591393,591405,12,99
591294,591401,591404,3,107
591294,591394,591405,11,100
591294,591393,591405,12,99
591294,591394,591406,12,100
591294,591394,591406,12,100
591294,591403,591406,3,109
591294,591394,591405,11,100
591294,591403,591407,4,109
591294,591394,591406,12,100
591294,591404,591407,3,110
591294,591402,591406,4,108
591294,591403,591407,4,109
591294,591404,591409,5,110
591294,591404,591411,7,110
591294,591407,591412,5,113
591294,591408,591412,4,114
591294,591406,591413,7,112
591294,591405,591413,8,111
591294,591407,591413,6,113
591294,591406,591414,8,112
591294,591405,591414,9,111
591294,591405,591414,9,111
591294,591407,591413,6,113
591294,591406,591414,8,112
591294,591406,591415,9,112
591294,591409,591414,5,115
591294,591405,591414,9,111
591294,591407,591414,7,113
591294,591411,591416,5,117
591294,591413,591416,3,119
591294,591412,591416,4,118
590799,590934,591417,483,135
591294,591412,591416,4,118
591294,591414,591418,4,120
591294,591413,591418,5,119
591294,591416,591418,2,122
591294,591413,591418,5,119
591294,591415,591417,2,121
591294,591416,591417,1,122
591294,591415,591418,3,121
591294,591414,591418,4,120
591294,591415,591417,2,121
591294,591416,591419,3,122
591294,591414,591419,5,120
591294,591414,591418,4,120
591294,591414,591419,5,120
591294,591415,591418,3,121
591294,591417,591420,3,123
591294,591418,591420,2,124
591294,591417,591419,2,123
591294,591418,591420,2,124
591331,591419,591421,2,88
591331,591418,591421,3,87
591294,591418,591421,3,124
591331,591419,591421,2,88
591294,591418,591420,2,124
591294,591418,591420,2,124
591294,591418,591420,2,124
591294,591418,591420,2,124
591331,591419,591422,3,88
591331,591420,591422,2,89
591331,591419,591421,2,88
591331,591420,591423,3,89
591331,591420,591423,3,89
591331,591419,591422,3,88
591331,591421,591424,3,90
591331,591424,591429,5,93
591331,591421,591429,8,90
591331,591423,591432,9,92
591331,591421,591432,11,90
591331,591421,591432,11,90
591331,591421,591433,12,90
591331,591421,591433,12,90
591331,591421,591432,11,90
591331,591422,591432,10,91
591331,591430,591433,3,99
591331,591429,591434,5,98
591331,591422,591433,11,91
591331,591422,591433,11,91
591331,591423,591435,12,92
591331,591422,591434,12,91
591331,591423,591435,12,92
591331,591432,591435,3,101
591331,591421,591435,14,90
591331,591432,591436,4,101
591331,591432,591437,5,101
591331,591433,591437,4,102
591331,591433,591441,8,102
591331,591433,591441,8,102
591331,591433,591441,8,102
591331,591436,591441,5,105
591331,591437,591442,5,106
591331,591434,591442,8,103
591331,591435,591442,7,104
591331,591434,591441,7,103
591331,591433,591443,10,102
591331,591435,591442,7,104
591331,591435,591443,8,104
591331,591434,591442,8,103
591331,591435,591442,7,104
591331,591437,591443,6,106
591331,591435,591443,8,104
591331,591441,591445,4,110
591331,591443,591447,4,112
591331,591443,591447,4,112
591331,591443,591446,3,112
591331,591443,591446,3,112
591331,591441,591448,7,110
591331,591443,591448,5,112
591331,591445,591448,3,114
591331,591443,591448,5,112
591331,591441,591448,7,110
591331,591442,591449,7,111
591331,591446,591448,2,115
591331,591443,591448,5,112
591331,591442,591449,7,111
591331,591441,591450,9,110
591331,591442,591450,8,111
591331,591448,591450,2,117
591331,591447,591450,3,116
591331,591448,591451,3,117
591331,591448,591451,3,117
591331,591448,591451,3,117
591331,591448,591450,2,117
591331,591449,591451,2,118
591331,591448,591451,3,117
591377,591450,591452,2,73
591331,591449,591452,3,118
591331,591448,591451,3,117
591331,591447,591451,4,116
591377,591450,591452,2,73
591331,591449,591452,3,118
591377,591450,591452,2,73
591331,591449,591452,3,118
591377,591451,591454,3,74
591377,591451,591454,3,74
590818,590964,591454,490,146
591377,591451,591453,2,74
591377,591451,591454,3,74
591377,591451,591453,2,74
591377,591452,591455,3,75
591377,591452,591456,4,75
591010,591115,591459,344,105
591377,591456,591462,6,79
591377,591452,591463,11,75
591377,591453,591463,10,76
591377,591454,591464,10,77
591377,591452,591464,12,75
591377,591453,591464,11,76
591377,591454,591465,11,77
591377,591452,591465,13,75
591377,591456,591465,9,79
591377,591452,591465,13,75
591377,591454,591465,11,77
591377,591454,591464,10,77
591377,591459,591464,5,82
591377,591454,591466,12,77
591377,591454,591465,11,77
591377,591453,591465,12,76
591377,591462,591467,5,85
591377,591463,591470,7,86
591377,591466,591471,5,89
591377,591466,591471,5,89
591377,591467,591471,4,90
591377,591466,591472,6,89
591377,591464,591472,8,87
591377,591465,591472,7,88
591377,591463,591472,9,86
591377,591465,591472,7,88
591377,591465,591473,8,88
591377,591465,591474,9,88
591377,591465,591474,9,88
591377,591470,591474,4,93
591377,591464,591474,10,87
591377,591464,591474,10,87
591377,591465,591474,9,88
591377,591471,591475,4,94
591377,591465,591475,10,88
591377,591471,591477,6,94
591377,591471,591477,6,94
591377,591472,591477,5,95
591377,591473,591478,5,96
591377,591475,591478,3,98
591377,591472,591479,7,95
591377,591475,591479,4,98
591377,591475,591479,4,98
591377,591472,591479,7,95
591377,591472,591478,6,95
591377,591473,591478,5,96
591377,591477,591479,2,100
591377,591474,591479,5,97
591377,591475,591480,5,98
591377,591474,591479,5,97
591377,591474,591480,6,97
591377,591474,591479,5,97
591377,591478,591481,3,101
591377,591479,591481,2,102
591377,591477,591481,4,100
591377,591477,591480,3,100
591377,591479,591482,3,102
591377,591479,591482,3,102
591377,591479,591481,2,102
591377,591479,591482,3,102
591377,591479,591482,3,102
591377,591479,591482,3,102
591377,591479,591482,3,102
591418,591481,591483,2,63
591418,591480,591483,3,62
591377,591478,591482,4,101
591377,591480,591482,2,103
591418,591481,591483,2,63
591418,591481,591483,2,63
591418,591482,591484,2,64
591418,591481,591484,3,63
591418,591481,591485,4,63
591418,591482,591485,3,64
591418,591482,591485,3,64
590855,590994,591486,492,139
591418,591482,591490,8,64
591418,591482,591493,11,64
591418,591483,591493,10,65
591418,591484,591494,10,66
591418,591484,591494,10,66
591418,591482,591495,13,64
591418,591483,591495,12,65
591418,591483,591496,13,65
591418,591483,591496,13,65
591418,591484,591495,11,66
591418,591484,591496,12,66
591418,591485,591497,12,67
591418,591485,591497,12,67
591418,591485,591496,11,67
591418,591483,591496,13,65
591418,591490,591499,9,72
591418,591487,591499,12,69
591418,591497,591500,3,79
591418,591493,591501,8,75
591418,591497,591501,4,79
591418,591497,591501,4,79
591418,591497,591502,5,79
591418,591494,591502,8,76
591418,591496,591503,7,78
591418,591493,591503,10,75
591418,591496,591503,7,78
591418,591495,591504,9,77
591418,591499,591504,5,81
591418,591495,591504,9,77
591418,591499,591504,5,81
591418,591496,591505,9,78
591418,591496,591505,9,78
591418,591500,591504,4,82
591418,591495,591505,10,77
591418,591501,591505,4,83
591418,591501,591506,5,83
591418,591501,591507,6,83
591418,591503,591508,5,85
591418,591506,591508,2,88
591418,591505,591508,3,87
591418,591504,591509,5,86
591418,591502,591509,7,84
590858,591030,591510,480,172
591418,591502,591510,8,84
591418,591504,591510,6,86
591418,591503,591510,7,85
591418,591505,591509,4,87
591418,591504,591509,5,86
591418,591506,591509,3,88
591418,591508,591510,2,90
591418,591503,591511,8,85
591418,591505,591510,5,87
591418,591507,591511,4,89
591418,591504,591510,6,86
591418,591509,591512,3,91
591418,591508,591512,4,90
591418,591510,591512,2,92
591418,591507,591511,4,89
591418,591509,591513,4,91
591418,591510,591513,3,92
591418,591510,591513,3,92
591418,591510,591512,2,92
591418,591510,591513,3,92
591418,591510,591513,3,92
591418,591510,591512,2,92
591418,591511,591512,1,93
591418,591511,591512,1,93
591464,591511,591514,3,47
591464,591512,591514,2,48
591464,591511,591514,3,47
591464,591512,591515,3,48
591464,591511,591514,3,47
591464,591512,591516,4,48
591464,591512,591515,3,48
591464,591513,591516,3,49
591464,591513,591517,4,49
591464,591513,591522,9,49
591464,591514,591524,10,50
591464,591513,591525,12,49
591464,591514,591525,11,50
591464,591514,591524,10,50
591464,591514,591525,11,50
591464,591513,591525,12,49
591464,591514,591526,12,50
591464,591513,591527,14,49
591464,591516,591526,10,52
591464,591515,591527,12,51
591464,591516,591528,12,52
591464,591515,591527,12,51
591464,591516,591528,12,52
591464,591515,591527,12,51
591464,591517,591529,12,53
591464,591522,591531,9,58
591464,591527,591531,4,63
591464,591528,591532,4,64
591464,591527,591532,5,63
591464,591528,591532,4,64
591464,591524,591533,9,60
591464,591528,591533,5,64
591464,591529,591534,5,65
591464,591527,591534,7,63
591464,591525,591534,9,61
591464,591525,591533,8,61
591464,591525,591534,9,61
591464,591525,591535,10,61
591464,591525,591534,9,61
591464,591528,591534,6,64
591464,591531,591536,5,67
591464,591531,591537,6,67
591464,591526,591537,11,62
591464,591532,591538,6,68
591464,591533,591538,5,69
591464,591535,591539,4,71
591464,591532,591539,7,68
591464,591534,591540,6,70
591464,591535,591540,5,71
591464,591533,591540,7,69
591464,591534,591540,6,70
591464,591535,591539,4,71
591464,591537,591541,4,73
591464,591534,591541,7,70
591464,591534,591541,7,70
591464,591534,591540,6,70
591464,591537,591540,3,73
591464,591539,591541,2,75
591464,591536,591541,5,72
591464,591540,591542,2,76
591464,591539,591543,4,75
591464,591540,591543,3,76
591464,591539,591542,3,75
591464,591539,591542,3,75
591464,591540,591544,4,76
591464,591540,591544,4,76
591464,591541,591543,2,77
591464,591532,591544,12,68
591464,591540,591543,3,76
591464,591542,591544,2,78
591464,591542,591544,2,78
591464,591542,591545,3,78
591464,591541,591544,3,77
591464,591542,591544,2,78
591464,591541,591544,3,77
591464,591542,591544,2,78
591464,591543,591545,2,79
591464,591543,591546,3,79
591464,591544,591545,1,80
591464,591544,591545,1,80
591464,591543,591546,3,79
591464,591543,591546,3,79
591464,591544,591547,3,80
591464,591544,591546,2,80
591464,591544,591549,5,80
591464,591544,591552,8,80
590863,591064,591555,491,201
591464,591545,591555,10,81
591464,591546,591555,9,82
591464,591545,591556,11,81
591464,591546,591555,9,82
591464,591546,591556,10,82
591464,591545,591557,12,81
591464,591545,591556,11,81
591464,591544,591556,12,80
591464,591545,591556,11,81
591464,591546,591557,11,82
591464,591546,591558,12,82
591464,591547,591559,12,83
591464,591546,591560,14,82
591464,591547,591559,12,83
591464,591549,591560,11,85
591464,591558,591561,3,94
591464,591558,591562,4,94
591464,591558,591563,5,94
591464,591555,591563,8,91
591464,591557,591563,6,93
591464,591559,591564,5,95
591464,591558,591563,5,94
591464,591556,591563,7,92
591464,591556,591565,9,92
591464,591552,591565,13,88
591464,591560,591565,5,96
591464,591560,591565,5,96
591464,591555,591566,11,91
591464,591555,591566,11,91
591464,591557,591565,8,93
591464,591561,591565,4,97
591464,591561,591566,5,97
591464,591556,591567,11,92
591464,591562,591568,6,98
591464,591563,591568,5,99
591464,591563,591568,5,99
591464,591563,591568,5,99
591464,591565,591569,4,101
591464,591566,591569,3,102
591464,591565,591569,4,101
591464,591564,591569,5,100
591464,591564,591570,6,100
591464,591566,591570,4,102
591464,591564,591570,6,100
591464,591567,591571,4,103
591464,591565,591571,6,101
591464,591567,591571,4,103
591464,591566,591571,5,102
591464,591565,591570,5,101
591464,591566,591570,4,102
591464,591568,591570,2,104
591464,591568,591572,4,104
591464,591569,591572,3,105
591464,591568,591571,3,104
591464,591570,591573,3,106
591464,591568,591572,4,104
591464,591570,591572,2,106
591464,591569,591573,4,105
591464,591569,591573,4,105
591464,591571,591574,3,107
591464,591571,591574,3,107
591464,591570,591574,4,106
591464,591571,591573,2,107
591464,591571,591573,2,107
591494,591572,591574,2,78
591494,591572,591574,2,78
591494,591572,591574,2,78
591494,591573,591575,2,79
591494,591573,591576,3,79
591494,591572,591575,3,78
591494,591572,591575,3,78
591494,591573,591575,2,79
591494,591573,591579,6,79
590882,591088,591581,493,206
591494,591574,591585,11,80
591494,591574,591585,11,80
591494,591574,591585,11,80
591494,591574,591586,12,80
591494,591575,591586,11,81
591494,591576,591585,9,82
591494,591574,591586,12,80
591494,591574,591585,11,80
591494,591575,591587,12,81
591079,591218,591587,369,139
591494,591574,591586,12,80
591494,591574,591586,12,80
591494,591576,591588,12,82
591494,591576,591589,13,82
591494,591576,591589,13,82
591494,591587,591591,4,93
591494,591586,591591,5,92
591494,591581,591592,11,87
591494,591579,591592,13,85
591494,591587,591592,5,93
591494,591586,591592,6,92
591494,591587,591593,6,93
591494,591585,591593,8,91
591494,591587,591594,7,93
591494,591585,591594,9,91
591494,591586,591594,8,92
591494,591585,591594,9,91
591494,591588,591596,8,94
591494,591586,591596,10,92
591494,591589,591597,8,95
591494,591589,591597,8,95
591494,591586,591598,12,92
591494,591591,591599,8,97
591494,591593,591599,6,99
591494,591594,591599,5,100
591494,591594,591600,6,100
591494,591591,591600,9,97
591494,591592,591600,8,98
591494,591592,591600,8,98
591494,591592,591600,8,98
591494,591592,591600,8,98
591494,591594,591600,6,100
591494,591595,591601,6,101
591494,591597,591602,5,103
591494,591599,591602,3,105
591494,591596,591602,6,102
591494,591597,591602,5,103
591494,591599,591602,3,105
591494,591596,591602,6,102
591494,591599,591603,4,105
591494,591600,591604,4,106
591494,591601,591603,2,107
591494,591602,591604,2,108
591494,591598,591604,6,104
591494,591600,591604,4,106
591494,591600,591604,4,106
591494,591600,591604,4,106
591494,591600,591603,3,106
591494,591602,591605,3,108
591494,591593,591605,12,99
591494,591601,591604,3,107
591494,591602,591604,2,108
591494,591602,591604,2,108
591494,591603,591604,1,109
591494,591603,591604,1,109
591494,591602,591604,2,108
591510,591604,591606,2,94
591494,591602,591605,3,108
591510,591604,591607,3,94
591510,591604,591607,3,94
591510,591604,591607,3,94
591510,591604,591607,3,94
591510,591604,591606,2,94
591510,591605,591608,3,95
591510,591604,591607,3,94
591510,591605,591609,4,95
591510,591605,591613,8,95
591510,591605,591616,11,95
591510,591606,591616,10,96
591510,591606,591616,10,96
591510,591605,591616,11,95
591510,591605,591616,11,95
591510,591605,591618,13,95
591510,591608,591618,10,98
591510,591606,591618,12,96
591510,591607,591619,12,97
591510,591607,591618,11,97
591510,591608,591619,11,98
591510,591608,591619,11,98
591510,591607,591619,12,97
591510,591609,591620,11,99
591510,591607,591621,14,97
591510,591618,591625,7,108
591510,591613,591625,12,103
591510,591616,591626,10,106
591510,591619,591626,7,109
591510,591619,591626,7,109
591510,591618,591626,8,108
591510,591616,591627,11,106
591510,591617,591627,10,107
591510,591617,591628,11,107
591510,591619,591628,9,109
591130,591275,591627,352,145
591510,591618,591629,11,108
591043,591140,591629,489,97
591510,591619,591628,9,109
591510,591616,591629,13,106
591510,591620,591630,10,110
591510,591627,591630,3,117
591510,591626,591630,4,116
591510,591626,591630,4,116
591510,591621,591631,10,111
591510,591626,591631,5,116
591510,591626,591630,4,116
591510,591621,591630,9,111
591510,591625,591631,6,115
591510,591625,591631,6,115
591510,591628,591631,3,118
591510,591630,591633,3,120
591510,591629,591632,3,119
591510,591630,591633,3,120
591510,591630,591634,4,120
591510,591630,591634,4,120
591510,591628,591633,5,118
591510,591628,591634,6,118
591510,591630,591634,4,120
591510,591629,591634,5,119
591510,591631,591635,4,121
591510,591629,591635,6,119
591510,591631,591635,4,121
591510,591629,591634,5,119
591510,591631,591634,3,121
591510,591632,591635,3,122
591510,591633,591636,3,123
591510,591634,591635,1,124
591510,591632,591636,4,122
591510,591634,591636,2,124
591510,591631,591635,4,121
591510,591634,591636,2,124
591510,591633,591635,2,123
591510,591633,591635,2,123
591510,591634,591635,1,124
591510,591634,591637,3,124
591510,591634,591636,2,124
591556,591636,591638,2,80
591556,591635,591638,3,79
591556,591635,591637,2,79
591556,591635,591638,3,79
591556,591635,591639,4,79
591556,591635,591638,3,79
591556,591636,591638,2,80
591556,591636,591638,2,80
591556,591636,591638,2,80
591556,591636,591640,4,80
591556,591636,591643,7,80
591556,591636,591644,8,80
591556,591637,591646,9,81
591556,591636,591647,11,80
591556,591636,591646,10,80
591556,591637,591647,10,81
591556,591638,591648,10,82
591556,591638,591648,10,82
591556,591638,591650,12,82
591556,591638,591650,12,82
591556,591639,591649,10,83
591556,591639,591649,10,83
591556,591639,591651,12,83
591556,591640,591652,12,84
591556,591638,591652,14,82
591556,591639,591651,12,83
591556,591639,591651,12,83
591556,591650,591654,4,94
591556,591647,591654,7,91
591556,591643,591655,12,87
591556,591648,591654,6,92
591556,591650,591655,5,94
591556,591648,591656,8,92
591556,591644,591656,12,88
591556,591650,591655,5,94
591556,591647,591656,9,91
591556,591652,591656,4,96
591556,591646,591657,11,90
591556,591652,591657,5,96
591556,591651,591656,5,95
591556,591652,591657,5,96
591556,591650,591656,6,94
591556,591652,591657,5,96
591556,591654,591657,3,98
591556,591647,591657,10,91
591556,591654,591657,3,98
591556,591655,591659,4,99
591556,591655,591658,3,99
591556,591656,591661,5,100
591556,591656,591661,5,100
591556,591657,591660,3,101
591556,591655,591661,6,99
591556,591657,591661,4,101
591556,591657,591661,4,101
591556,591657,591662,5,101
591556,591659,591662,3,103
591556,591657,591661,4,101
591556,591658,591662,4,102
591556,591658,591661,3,102
591556,591657,591662,5,101
591556,591659,591662,3,103
591556,591660,591662,2,104
591556,591661,591663,2,105
591556,591656,591662,6,100
591556,591659,591662,3,103
591556,591656,591662,6,100
591556,591661,591664,3,105
591556,591662,591663,1,106
591556,591661,591664,3,105
591556,591661,591664,3,105
591556,591661,591664,3,105
591585,591663,591665,2,78
591556,591662,591664,2,106
591556,591661,591664,3,105
591556,591662,591664,2,106
591556,591662,591664,2,106
591585,591662,591666,4,77
591585,591663,591665,2,78
591585,591664,591665,1,79
591585,591664,591665,1,79
591585,591663,591666,3,78
591585,591663,591666,3,78
591585,591663,591665,2,78
591585,591664,591666,2,79
591585,591664,591668,4,79
591585,591664,591671,7,79
591585,591664,591673,9,79
591585,591665,591676,11,80
591585,591666,591676,10,81
591585,591666,591676,10,81
591585,591666,591677,11,81
591585,591666,591676,10,81
591585,591665,591677,12,80
591585,591666,591677,11,81
591585,591666,591678,12,81
591585,591667,591677,10,82
591585,591666,591679,13,81
591585,591666,591679,13,81
591585,591666,591678,12,81
591585,591667,591680,13,82
591585,591668,591680,12,83
591585,591678,591681,3,93
591585,591678,591682,4,93
591585,591671,591683,12,86
591585,591677,591684,7,92
591585,591677,591684,7,92
591585,591679,591683,4,94
591585,591678,591683,5,93
591585,591679,591684,5,94
591585,591679,591685,6,94
591585,591681,591685,4,96
591585,591677,591684,7,92
591585,591680,591685,5,95
591076,591191,591686,495,115
591585,591676,591686,10,91
591585,591673,591686,13,88
591585,591680,591685,5,95
591585,591682,591687,5,97
591585,591676,591686,10,91
591585,591684,591688,4,99
591585,591676,591687,11,91
591585,591684,591688,4,99
591585,591684,591688,4,99
591585,591683,591689,6,98
591585,591686,591689,3,101
591585,591685,591689,4,100
591585,591686,591690,4,101
591585,591685,591689,4,100
591585,591685,591690,5,100
591585,591687,591691,4,102
591585,591686,591691,5,101
591585,591685,591690,5,100
591585,591686,591691,5,101
591585,591684,591691,7,99
591585,591687,591692,5,102
591585,591688,591691,3,103
591585,591688,591692,4,103
591585,591689,591691,2,104
591585,591690,591692,2,105
591585,591687,591691,4,102
591585,591689,591692,3,104
591585,591689,591692,3,104
591585,591691,591693,2,106
591585,591688,591692,4,103
591585,591690,591693,3,105
591585,591689,591693,4,104
591585,591691,591694,3,106
591585,591690,591694,4,105
591585,591691,591694,3,106
591585,591691,591694,3,106
591587,591692,591695,3,105
591587,591692,591695,3,105
591585,591692,591695,3,107
591587,591692,591695,3,105
591587,591692,591695,3,105
591587,591692,591696,4,105
591587,591693,591697,4,106
591587,591693,591696,3,106
591587,591692,591696,4,105
591587,591693,591699,6,106
591587,591693,591701,8,106
591587,591693,591705,12,106
591587,591695,591705,10,108
591587,591695,591705,10,108
591587,591694,591706,12,107
591587,591694,591706,12,107
591587,591694,591707,13,107
591587,591696,591706,10,109
591587,591696,591707,11,109
591587,591694,591708,14,107
591587,591697,591708,11,110
591587,591697,591708,11,110
591587,591696,591709,13,109
591587,591695,591709,14,108
591587,591697,591710,13,110
591078,591218,591710,492,140
591587,591699,591712,13,112
591587,591701,591713,12,114
591587,591709,591714,5,122
591587,591710,591714,4,123
591587,591705,591714,9,118
591587,591705,591714,9,118
591587,591710,591715,5,123
591587,591708,591715,7,121
591587,591706,591715,9,119
591587,591709,591714,5,122
591587,591707,591715,8,120
591587,591706,591716,10,119
591587,591709,591715,6,122
591587,591705,591716,11,118
591587,591707,591716,9,120
591587,591712,591717,5,125
591587,591707,591718,11,120
591587,591708,591718,10,121
591587,591714,591719,5,127
591587,591713,591718,5,126
591587,591715,591721,6,128
591587,591715,591720,5,128
591587,591716,591721,5,129
591587,591715,591721,6,128
591587,591716,591721,5,129
591587,591715,591721,6,128
591587,591717,591721,4,130
591587,591714,591722,8,127
591587,591717,591721,4,130
591587,591714,591722,8,127
591587,591718,591721,3,131
591587,591716,591722,6,129
591587,591718,591723,5,131
591587,591720,591722,2,133
591587,591714,591722,8,127
591587,591718,591722,4,131
591587,591721,591723,2,134
591587,591721,591724,3,134
591587,591721,591723,2,134
591587,591720,591723,3,133
591587,591721,591724,3,134
591587,591721,591724,3,134
591587,591723,591725,2,136
591587,591722,591725,3,135
591587,591721,591724,3,134
591587,591722,591725,3,135
591587,591722,591725,3,135
591587,591722,591724,2,135
591587,591722,591726,4,135
591629,591724,591726,2,95
591587,591723,591726,3,136
591587,591722,591725,3,135
591629,591724,591727,3,95
591629,591725,591727,2,96
591629,591724,591726,2,95
591629,591724,591726,2,95
591629,591725,591726,1,96
591629,591724,591727,3,95
591629,591724,591728,4,95
591629,591723,591727,4,94
591629,591725,591730,5,96
591629,591725,591733,8,96
591629,591725,591736,11,96
591629,591726,591736,10,97
591629,591725,591737,12,96
591629,591727,591738,11,98
591629,591727,591738,11,98
591629,591726,591738,12,97
591629,591727,591738,11,98
591629,591726,591737,11,97
591629,591727,591739,12,98
591629,591727,591738,11,98
591629,591727,591739,12,98
591629,591728,591740,12,99
591629,591726,591740,14,97
591129,591248,591739,491,119
591629,591731,591741,10,102
591629,591728,591740,12,99
591629,591739,591742,3,110
591629,591739,591743,4,110
591629,591740,591743,3,111
591629,591739,591742,3,110
591629,591733,591744,11,104
591629,591738,591744,6,109
591629,591740,591745,5,111
591629,591738,591746,8,109
591629,591740,591746,6,111
591629,591736,591746,10,107
591629,591742,591746,4,113
591629,591741,591747,6,112
591629,591738,591747,9,109
591629,591738,591747,9,109
591629,591737,591747,10,108
591629,591741,591747,6,112
591629,591743,591749,6,114
591629,591743,591749,6,114
591629,591738,591748,10,109
591629,591743,591750,7,114
591629,591737,591749,12,108
591629,591744,591749,5,115
591629,591746,591751,5,117
591629,591747,591750,3,118
591629,591744,591751,7,115
591629,591748,591751,3,119
591629,591746,591751,5,117
591629,591745,591751,6,116
591629,591746,591751,5,117
591629,591749,591752,3,120
591629,591747,591752,5,118
591629,591749,591751,2,120
591629,591747,591753,6,118
591629,591751,591753,2,122
591629,591746,591752,6,117
591629,591748,591752,4,119
591629,591749,591752,3,120
591629,591750,591754,4,121
591629,591750,591754,4,121
591629,591751,591753,2,122
591629,591751,591754,3,122
591629,591751,591755,4,122
591629,591752,591755,3,123
591629,591752,591755,3,123
591629,591752,591754,2,123
591629,591753,591755,2,124
591629,591750,591754,4,121
591629,591753,591754,1,124
591629,591754,591755,1,125
591629,591751,591754,3,122
591629,591753,591756,3,124
591629,591752,591755,3,123
591629,591754,591756,2,125
591629,591754,591756,2,125
591629,591754,591756,2,125
591629,591753,591756,3,124
591629,591753,591756,3,124
591629,591753,591756,3,124
591629,591755,591760,5,126
591629,591755,591766,11,126
591629,591755,591766,11,126
591629,591757,591766,9,128
591629,591755,591767,12,126
591629,591755,591766,11,126
591629,591755,591766,11,126
591629,591756,591767,11,127
591629,591755,591767,12,126
591629,591755,591767,12,126
591629,591755,591768,13,126
591629,591756,591768,12,127
591629,591756,591769,13,127
591629,591756,591768,12,127
591629,591757,591769,12,128
591629,591757,591768,11,128
591629,591756,591769,13,127
591629,591760,591774,14,131
591629,591766,591776,10,137
591629,591766,591776,10,137
591629,591769,591776,7,140
591629,591769,591777,8,140
591629,591767,591777,10,138
591629,591767,591777,10,138
591629,591769,591778,9,140
591629,591770,591778,8,141
591629,591767,591777,10,138
591629,591769,591778,9,140
591629,591767,591778,11,138
591629,591769,591778,9,140
591629,591767,591779,12,138
591629,591767,591778,11,138
591629,591766,591778,12,137
591629,591768,591778,10,139
591629,591778,591780,2,149
591629,591778,591780,2,149
591629,591778,591781,3,149
591629,591779,591781,2,150
591629,591777,591781,4,148
591629,591779,591781,2,150
591629,591777,591781,4,148
591629,591780,591782,2,151
591629,591779,591781,2,150
591629,591780,591782,2,151
591629,591776,591782,6,147
591629,591776,591783,7,147
591629,591780,591782,2,151
591629,591778,591783,5,149
591629,591777,591782,5,148
591629,591776,591784,8,147
591629,591774,591784,10,145
591629,591781,591784,3,152
591629,591778,591783,5,149
591629,591780,591783,3,151
591629,591781,591783,2,152
591629,591782,591783,1,153
591629,591783,591784,1,154
591629,591781,591785,4,152
591629,591782,591785,3,153
591629,591783,591785,2,154
591629,591782,591785,3,153
591629,591781,591784,3,152
591629,591783,591786,3,154
591629,591783,591786,3,154
591629,591782,591786,4,153
591686,591785,591787,2,99
591686,591784,591786,2,98
591686,591785,591787,2,99
591629,591783,591786,3,154
591686,591784,591787,3,98
591686,591785,591787,2,99
591686,591784,591788,4,98
591686,591784,591787,3,98
591686,591785,591787,2,99
591686,591785,591787,2,99
591686,591785,591790,5,99
591167,591301,591791,490,134
591686,591786,591795,9,100
591686,591787,591797,10,101
591686,591787,591797,10,101
591686,591786,591798,12,100
591686,591786,591798,12,100
591686,591787,591797,10,101
591686,591789,591799,10,103
591686,591787,591799,12,101
591686,591788,591799,11,102
591686,591787,591799,12,101
591686,591788,591801,13,102
591686,591790,591801,11,104
591686,591786,591801,15,100
591686,591787,591801,14,101
591686,591791,591801,10,105
591686,591789,591801,12,103
591686,591799,591804,5,113
591686,591799,591805,6,113
591686,591801,591805,4,115
591686,591801,591806,5,115
591686,591801,591806,5,115
591686,591801,591806,5,115
591686,591799,591806,7,113
591686,591797,591805,8,111
591686,591799,591807,8,113
591686,591802,591807,5,116
591686,591801,591806,5,115
591686,591798,591808,10,112
591686,591798,591808,10,112
591686,591797,591807,10,111
591686,591798,591807,9,112
591686,591804,591808,4,118
591686,591795,591808,13,109
591686,591805,591810,5,119
591686,591805,591811,6,119
591686,591806,591811,5,120
591686,591807,591812,5,121
591686,591809,591812,3,123
591686,591809,591812,3,123
591686,591808,591812,4,122
591686,591806,591812,6,120
591686,591808,591812,4,122
591686,591807,591813,6,121
591686,591808,591813,5,122
591686,591808,591812,4,122
591686,591806,591812,6,120
591686,591806,591813,7,120
591686,591807,591814,7,121
591686,591806,591814,8,120
591686,591812,591814,2,126
591686,591811,591814,3,125
591686,591810,591813,3,124
591686,591813,591815,2,127
591686,591811,591814,3,125
591686,591812,591815,3,126
591686,591813,591816,3,127
591686,591812,591816,4,126
591686,591812,591816,4,126
591686,591812,591816,4,126
591686,591812,591815,3,126
591686,591814,591816,2,128
591686,591813,591817,4,127
591686,591813,591817,4,127
591710,591814,591817,3,104
591686,591813,591816,3,127
591686,591814,591816,2,128
591710,591814,591818,4,104
591710,591815,591818,3,105
591710,591815,591817,2,105
591710,591816,591819,3,106
591710,591816,591818,2,106
591710,591815,591818,3,105
591710,591816,591819,3,106
591710,591816,591819,3,106
591710,591816,591822,6,106
591710,591816,591826,10,106
591710,591817,591828,11,107
591710,591818,591828,10,108
591710,591818,591829,11,108
591710,591817,591829,12,107
591710,591817,591829,12,107
591710,591817,591830,13,107
591710,591818,591830,12,108
591710,591819,591829,10,109
591710,591819,591829,10,109
591710,591817,591831,14,107
591710,591819,591831,12,109
591216,591331,591831,500,115
591710,591819,591831,12,109
591710,591820,591833,13,110
591710,591822,591834,12,112
591710,591832,591836,4,122
591710,591833,591837,4,123
591710,591833,591837,4,123
591710,591830,591837,7,120
591710,591831,591837,6,121
591710,591826,591837,11,116
591710,591834,591838,4,124
591710,591831,591837,6,121
591710,591831,591838,7,121
591710,591829,591837,8,119
591710,591830,591839,9,120
591710,591829,591839,10,119
591710,591829,591839,10,119
591710,591828,591839,11,118
591710,591829,591838,9,119
591710,591830,591839,9,120
591710,591836,591840,4,126
591710,591837,591842,5,127
591710,591837,591842,5,127
591710,591838,591842,4,128
591710,591837,591842,5,127
591710,591838,591844,6,128
591710,591839,591844,5,129
591710,591839,591844,5,129
591710,591839,591844,5,129
591710,591839,591844,5,129
591710,591838,591844,6,128
591249,591362,591844,482,113
591710,591841,591845,4,131
591710,591839,591845,6,129
591710,591837,591845,8,127
591710,591837,591845,8,127
591710,591842,591845,3,132
591710,591840,591845,5,130
591710,591842,591846,4,132
591710,591838,591845,7,128
591710,591842,591845,3,132
591710,591844,591847,3,134
591710,591845,591847,2,135
591710,591844,591847,3,134
591710,591845,591848,3,135
591710,591844,591848,4,134
591710,591843,591847,4,133
591710,591844,591848,4,134
591710,591845,591847,2,135
591710,591844,591847,3,134
591710,591845,591847,2,135
591710,591844,591848,4,134
591710,591845,591847,2,135
591741,591847,591849,2,106
591741,591847,591849,2,106
591710,591845,591848,3,135
591710,591844,591848,4,134
591741,591846,591850,4,105
591741,591848,591850,2,107
591741,591847,591850,3,106
591741,591846,591849,3,105
591741,591848,591851,3,107
591377,591480,591851,371,103
591741,591848,591850,2,107
591741,591848,591851,3,107
591741,591848,591854,6,107
591741,591849,591859,10,108
591741,591849,591860,11,108
591741,591848,591860,12,107
591741,591848,591860,12,107
591741,591849,591860,11,108
591741,591849,591861,12,108
591741,591849,591861,12,108
591741,591850,591861,11,109
591741,591851,591862,11,110
591741,591851,591862,11,110
591741,591848,591862,14,107
591741,591850,591862,12,109
591741,591850,591862,12,109
591741,591854,591862,8,113
591741,591850,591863,13,109
591741,591851,591865,14,110
591741,591851,591865,14,110
591741,591863,591866,3,122
591741,591859,591868,9,118
591741,591862,591868,6,121
591741,591860,591868,8,119
591741,591862,591869,7,121
591741,591860,591869,9,119
591741,591862,591869,7,121
591741,591862,591869,7,121
591741,591861,591870,9,120
591741,591862,591869,7,121
591741,591860,591870,10,119
591741,591862,591869,7,121
591741,591864,591870,6,123
591741,591861,591870,9,120
591741,591866,591872,6,125
591741,591865,591872,7,124
591741,591870,591872,2,129
591741,591860,591872,12,119
591741,591865,591872,7,124
591741,591871,591874,3,130
591741,591869,591874,5,128
591741,591870,591874,4,129
591741,591868,591873,5,127
591741,591869,591874,5,128
591741,591872,591873,1,131
591741,591868,591874,6,127
591741,591869,591874,5,128
591741,591871,591874,3,130
591741,591869,591874,5,128
591741,591870,591875,5,129
591741,591872,591875,3,131
591741,591868,591874,6,127
591741,591872,591874,2,131
591741,591872,591876,4,131
591741,591872,591876,4,131
591741,591874,591876,2,133
591741,591874,591876,2,133
591741,591870,591875,5,129
591741,591874,591877,3,133
591741,591874,591877,3,133
591741,591874,591877,3,133
591741,591874,591877,3,133
591741,591874,591877,3,133
591741,591874,591876,2,133
591741,591875,591876,1,134
591741,591875,591877,2,134
591741,591875,591878,3,134
591798,591875,591878,3,77
591798,591876,591878,2,78
591741,591875,591877,2,134
591798,591876,591878,2,78
591798,591876,591879,3,78
591798,591877,591878,1,79
591798,591876,591879,3,78
591798,591876,591878,2,78
591798,591877,591879,2,79
591798,591877,591879,2,79
591798,591877,591883,6,79
591261,591390,591884,494,129
591798,591877,591888,11,79
591798,591877,591888,11,79
591798,591877,591888,11,79
591798,591879,591889,10,81
591798,591878,591889,11,80
591798,591878,591890,12,80
591798,591878,591890,12,80
591798,591878,591890,12,80
591798,591879,591889,10,81
591798,591879,591889,10,81
591798,591879,591891,12,81
591798,591878,591892,14,80
591798,591879,591893,14,81
591798,591880,591893,13,82
591798,591880,591894,14,82
591798,591883,591895,12,85
591798,591884,591896,12,86
591798,591890,591897,7,92
591798,591888,591897,9,90
591798,591889,591899,10,91
591798,591890,591898,8,92
591798,591888,591900,12,90
591798,591891,591900,9,93
591798,591889,591899,10,91
591798,591890,591901,11,92
591798,591889,591901,12,91
591798,591890,591902,12,92
591798,591890,591902,12,92
591798,591897,591902,5,99
591798,591900,591902,2,102
591798,591900,591902,2,102
591798,591892,591903,11,94
591798,591901,591903,2,103
591798,591899,591902,3,101
591798,591900,591902,2,102
591798,591902,591904,2,104
591798,591901,591904,3,103
591798,591893,591904,11,95
591798,591895,591903,8,97
591798,591895,591904,9,97
591798,591899,591903,4,101
591798,591902,591903,1,104
591798,591902,591903,1,104
591798,591897,591905,8,99
591798,591893,591904,11,95
591798,591896,591905,9,98
591798,591902,591904,2,104
591798,591902,591904,2,104
591798,591904,591906,2,106
591798,591904,591906,2,106
591798,591903,591905,2,105
591798,591903,591905,2,105
591798,591903,591905,2,105
591798,591904,591907,3,106
591798,591904,591907,3,106
591295,591418,591906,488,123
591798,591904,591907,3,106
591798,591904,591907,3,106
591798,591904,591906,2,106
591798,591905,591908,3,107
591798,591905,591907,2,107
591798,591905,591908,3,107
591798,591904,591907,3,106
591832,591906,591908,2,74
591798,591904,591907,3,106
591798,591905,591907,2,107
591832,591906,591909,3,74
591832,591906,591908,2,74
591832,591907,591909,2,75
591832,591907,591909,2,75
591798,591905,591909,4,107
591832,591907,591910,3,75
591832,591907,591909,2,75
591832,591906,591909,3,74
591832,591907,591909,2,75
591832,591907,591916,9,75
591466,591572,591918,346,106
591832,591908,591919,11,76
591832,591909,591920,11,77
591832,591910,591919,9,78
591832,591910,591920,10,78
591832,591909,591920,11,77
591832,591908,591920,12,76
591832,591909,591920,11,77
591832,591908,591921,13,76
591832,591910,591920,10,78
591832,591908,591921,13,76
591832,591909,591920,11,77
591832,591910,591922,12,78
591832,591908,591921,13,76
591832,591910,591922,12,78
591832,591909,591921,12,77
591832,591909,591923,14,77
591832,591921,591924,3,89
591832,591920,591925,5,88
591832,591921,591924,3,89
591832,591921,591926,5,89
591832,591916,591926,10,84
591832,591918,591926,8,86
591832,591920,591926,6,88
591832,591921,591927,6,89
591832,591920,591927,7,88
591832,591920,591928,8,88
591832,591925,591928,3,93
591832,591924,591928,4,92
591832,591926,591928,2,94
591832,591919,591927,8,87
591832,591920,591927,7,88
591832,591926,591927,1,94
591832,591925,591928,3,93
591832,591923,591929,6,91
591832,591926,591929,3,94
591832,591926,591928,2,94
591832,591927,591929,2,95
591832,591922,591930,8,90
591832,591922,591930,8,90
591832,591928,591930,2,96
591832,591922,591930,8,90
591832,591922,591930,8,90
591832,591928,591929,1,96
591832,591928,591929,1,96
591832,591929,591931,2,97
591832,591928,591931,3,96
591832,591920,591930,10,88
591832,591928,591930,2,96
591832,591929,591931,2,97
591832,591928,591930,2,96
591832,591928,591930,2,96
591832,591928,591930,2,96
591832,591929,591932,3,97
591832,591928,591931,3,96
591832,591929,591931,2,97
591832,591930,591932,2,98
591832,591930,591932,2,98
591832,591930,591933,3,98
591845,591931,591933,2,86
591832,591930,591933,3,98
591845,591931,591933,2,86
591832,591930,591933,3,98
591832,591930,591933,3,98
591832,591931,591933,2,99
591832,591930,591934,4,98
591845,591932,591934,2,87
591845,591931,591933,2,86
591832,591931,591934,3,99
591845,591932,591935,3,87
591845,591932,591934,2,87
591845,591931,591935,4,86
591832,591931,591934,3,99
591845,591932,591934,2,87
591845,591932,591936,4,87
591845,591933,591942,9,88
591845,591933,591944,11,88
591845,591935,591944,9,90
591845,591934,591944,10,89
591845,591934,591945,11,89
591845,591934,591946,12,89
591845,591935,591946,11,90
591845,591934,591945,11,89
591845,591936,591945,9,91
591845,591934,591945,11,89
591845,591934,591945,11,89
591845,591935,591947,12,90
591845,591934,591947,13,89
591845,591935,591946,11,90
591845,591934,591947,13,89
591845,591935,591947,12,90
591845,591934,591947,13,89
591845,591947,591950,3,102
591845,591947,591950,3,102
591845,591946,591950,4,101
591845,591946,591951,5,101
591845,591942,591951,9,97
591845,591946,591951,5,101
591845,591947,591950,3,102
591845,591946,591951,5,101
591845,591950,591952,2,105
591845,591947,591952,5,102
591845,591944,591951,7,99
591845,591945,591951,6,100
591845,591951,591952,1,106
591332,591450,591952,502,118
591845,591948,591953,5,103
591845,591944,591952,8,99
591845,591951,591952,1,106
591845,591948,591953,5,103
591845,591951,591953,2,106
591845,591952,591954,2,107
591845,591948,591954,6,103
591845,591952,591954,2,107
591845,591951,591954,3,106
591845,591950,591954,4,105
591845,591952,591953,1,107
591845,591951,591953,2,106
591845,591953,591955,2,108
591845,591952,591954,2,107
591845,591952,591954,2,107
591845,591953,591955,2,108
591845,591948,591954,6,103
591845,591950,591954,4,105
591845,591944,591954,10,99
591845,591953,591956,3,108
591845,591953,591956,3,108
591845,591953,591955,2,108
591845,591954,591956,2,109
591845,591954,591956,2,109
591845,591954,591955,1,109
591845,591953,591955,2,108
591845,591955,591957,2,110
591845,591954,591957,3,109
591845,591954,591956,2,109
591845,591954,591956,2,109
591845,591955,591956,1,110
591860,591956,591957,1,96
591845,591954,591956,2,109
591845,591955,591958,3,110
591860,591956,591958,2,96
591845,591955,591957,2,110
591860,591956,591958,2,96
591845,591955,591958,3,110
591860,591956,591958,2,96
591860,591956,591959,3,96
591845,591955,591958,3,110
591860,591956,591959,3,96
591860,591957,591959,2,97
591860,591956,591959,3,96
591860,591957,591961,4,97
591860,591957,591963,6,97
591860,591957,591964,7,97
591860,591957,591967,10,97
591860,591959,591967,8,99
591860,591959,591968,9,99
591860,591958,591968,10,98
591860,591959,591969,10,99
591860,591958,591968,10,98
591860,591958,591969,11,98
591860,591957,591968,11,97
591860,591958,591969,11,98
591860,591963,591970,7,103
591860,591958,591969,11,98
591860,591964,591970,6,104
591860,591958,591970,12,98
591860,591957,591971,14,97
591860,591960,591971,11,100
591860,591968,591971,3,108
591860,591967,591972,5,107
591860,591970,591971,1,110
591860,591969,591972,3,109
591860,591970,591972,2,110
591860,591961,591972,11,101
591860,591970,591971,1,110
591860,591969,591972,3,109
591860,591969,591972,3,109
591860,591971,591973,2,111
591860,591970,591972,2,110
591860,591968,591973,5,108
591860,591959,591973,14,99
591860,591969,591973,4,109
591860,591971,591973,2,111
591860,591972,591974,2,112
591860,591969,591973,4,109
591860,591972,591973,1,112
591860,591972,591973,1,112
591860,591971,591973,2,111
591860,591972,591974,2,112
591860,591973,591975,2,113
591860,591973,591974,1,113
591860,591973,591975,2,113
591860,591968,591974,6,108
591860,591972,591974,2,112
591860,591974,591975,1,114
591860,591974,591976,2,114
591860,591974,591976,2,114
591860,591973,591975,2,113
591860,591974,591976,2,114
591860,591973,591976,3,113
591860,591974,591976,2,114
591860,591973,591975,2,113
591860,591973,591976,3,113
591860,591975,591976,1,115
591860,591975,591977,2,115
591860,591974,591977,3,114
591860,591975,591977,2,115
591860,591974,591976,2,114
591860,591975,591978,3,115
591860,591976,591978,2,116
591860,591974,591977,3,114
591889,591976,591979,3,87
591860,591975,591978,3,115
591860,591976,591979,3,116
591860,591976,591978,2,116
591860,591976,591978,2,116
591860,591976,591978,2,116
591889,591977,591979,2,88
591860,591976,591978,2,116
591889,591977,591978,1,88
591889,591977,591978,1,88
591889,591977,591979,2,88
591889,591978,591979,1,89
591889,591977,591980,3,88
591889,591978,591980,2,89
591889,591977,591979,2,88
591889,591978,591983,5,89
591889,591980,591988,8,91
591889,591979,591989,10,90
591889,591980,591989,9,91
591889,591980,591989,9,91
591889,591983,591990,7,94
591889,591979,591990,11,90
591889,591979,591990,11,90
591889,591979,591989,10,90
591889,591980,591991,11,91
591889,591979,591990,11,90
591889,591979,591991,12,90
591889,591979,591991,12,90
591889,591980,591992,12,91
591889,591979,591991,12,90
591889,591979,591991,12,90
591889,591979,591991,12,90
591889,591989,591993,4,100
591889,591988,591992,4,99
591889,591990,591993,3,101
591889,591991,591994,3,102
591889,591991,591994,3,102
591889,591990,591994,4,101
591889,591990,591993,3,101
591889,591991,591994,3,102
591889,591993,591995,2,104
591889,591992,591995,3,103
591889,591992,591995,3,103
591889,591989,591995,6,100
591889,591993,591995,2,104
591889,591993,591995,2,104
591889,591989,591995,6,100
591889,591992,591994,2,103
591889,591991,591995,4,102
591889,591994,591996,2,105
591889,591994,591996,2,105
591889,591994,591995,1,105
591889,591995,591996,1,106
591889,591994,591995,1,105
591889,591994,591995,1,105
591889,591995,591996,1,106
591889,591990,591995,5,101
591889,591992,591995,3,103
591889,591995,591997,2,106
591889,591995,591997,2,106
591889,591995,591997,2,106
591889,591995,591998,3,106
591889,591996,591998,2,107
591889,591995,591997,2,106
591889,591995,591997,2,106
591889,591996,591998,2,107
591889,591995,591997,2,106
591889,591996,591998,2,107
591889,591996,591998,2,107
591889,591996,591997,1,107
591889,591997,591999,2,108
591889,591996,591999,3,107
591889,591996,591998,2,107
591889,591996,591998,2,107
591889,591998,592000,2,109
591889,591997,592000,3,108
591908,591998,592000,2,90
591908,591998,592000,2,90
591908,591998,591999,1,90
591889,591996,591999,3,107
591889,591997,591999,2,108
591889,591998,592001,3,109
591908,591999,592001,2,91
591908,591999,592000,1,91
591908,591998,592000,2,90
591889,591998,592001,3,109
591889,591998,592002,4,109
591908,591999,592001,2,91
591908,591999,592001,2,91
591908,592000,592001,1,92
591908,592000,592006,6,92
591556,591662,592009,347,106
591419,591511,592009,498,92
591908,592000,592010,10,92
591908,592000,592011,11,92
591908,592003,592011,8,95
591908,592000,592011,11,92
591908,592001,592012,11,93
591908,592000,592012,12,92
591908,592001,592012,11,93
591908,592003,592012,9,95
591908,592003,592011,8,95
591908,592001,592013,12,93
591908,592001,592013,12,93
591908,592002,592014,12,94
591908,592000,592013,13,92
591908,592009,592014,5,101
591908,592009,592015,6,101
591908,592012,592015,3,104
591908,592010,592015,5,102
591908,592002,592015,13,94
591908,592011,592016,5,103
591908,592011,592016,5,103
591908,592012,592015,3,104
591908,592014,592015,1,106
591908,592013,592015,2,105
591908,592014,592016,2,106
591908,592013,592015,2,105
591908,592014,592016,2,106
591908,592015,592017,2,107
591908,592012,592016,4,104
591908,592016,592017,1,108
591908,592012,592016,4,104
591908,592015,592017,2,107
591908,592012,592016,4,104
591908,592015,592016,1,107
591908,592016,592017,1,108
591908,592015,592017,2,107
591908,592006,592017,11,98
591908,592012,592016,4,104
591908,592016,592017,1,108
591908,592016,592018,2,108
591908,592016,592018,2,108
591908,592017,592019,2,109
591908,592017,592018,1,109
591908,592016,592018,2,108
591908,592016,592019,3,108
591908,592017,592019,2,109
591908,592017,592018,1,109
591908,592017,592019,2,109
591908,592017,592018,1,109
591908,592017,592019,2,109
591908,592017,592020,3,109
591908,592018,592019,1,110
591908,592018,592019,1,110
591908,592019,592020,1,111
591908,592017,592019,2,109
591908,592017,592020,3,109
591908,592017,592019,2,109
591908,592017,592019,2,109
591908,592019,592021,2,111
591908,592019,592020,1,111
591908,592018,592020,2,110
591908,592019,592021,2,111
591920,592020,592022,2,100
591908,592019,592022,3,111
591908,592019,592022,3,111
591920,592020,592022,2,100
591908,592019,592021,2,111
591908,592019,592021,2,111
591920,592020,592023,3,100
591920,592020,592022,2,100
591920,592020,592022,2,100
591920,592020,592023,3,100
591920,592021,592024,3,101
591920,592020,592024,4,100
591920,592020,592023,3,100
591920,592021,592025,4,101
591920,592021,592029,8,101
591920,592021,592031,10,101
591920,592022,592032,10,102
591920,592023,592033,10,103
591920,592024,592034,10,104
591920,592023,592034,11,103
591920,592023,592033,10,103
591920,592024,592034,10,104
591920,592022,592034,12,102
591920,592022,592033,11,102
591920,592024,592033,9,104
591920,592022,592034,12,102
591920,592022,592036,14,102
591920,592025,592035,10,105
591920,592023,592036,13,103
591920,592033,592037,4,113
591920,592032,592037,5,112
591920,592023,592038,15,103
591920,592032,592037,5,112
591920,592034,592039,5,114
591920,592034,592038,4,114
591920,592030,592040,10,110
591920,592038,592040,2,118
591920,592034,592040,6,114
591920,592034,592041,7,114
591920,592034,592041,7,114
591920,592036,592041,5,116
591920,592038,592040,2,118
591920,592039,592040,1,119
591920,592039,592040,1,119
591920,592035,592042,7,115
591920,592034,592041,7,114
591920,592037,592041,4,117
591920,592041,592043,2,121
591920,592036,592043,7,116
591920,592034,592042,8,114
591920,592040,592042,2,120
591920,592040,592043,3,120
591920,592037,592042,5,117
591920,592041,592042,1,121
591920,592042,592043,1,122
591920,592040,592043,3,120
591920,592041,592043,2,121
591920,592041,592043,2,121
591920,592041,592043,2,121
591920,592043,592044,1,123
591920,592041,592043,2,121
591920,592036,592045,9,116
591920,592043,592045,2,123
591920,592043,592045,2,123
591920,592042,592044,2,122
591920,592042,592044,2,122
591920,592043,592045,2,123
591920,592043,592045,2,123
591920,592043,592045,2,123
591920,592043,592046,3,123
591920,592044,592046,2,124
591920,592044,592046,2,124
591920,592043,592045,2,123
591920,592044,592047,3,124
591920,592044,592046,2,124
591920,592045,592046,1,125
591953,592046,592047,1,93
591920,592044,592047,3,124
591953,592045,592047,2,92
591953,592045,592048,3,92
591920,592045,592048,3,125
591920,592044,592047,3,124
591953,592045,592047,2,92
591953,592046,592048,2,93
591953,592046,592047,1,93
591953,592046,592048,2,93
591953,592046,592048,2,93
591953,592047,592049,2,94
591953,592047,592051,4,94
591953,592047,592054,7,94
591953,592049,592057,8,96
591953,592049,592058,9,96
591953,592047,592058,11,94
591953,592047,592058,11,94
591953,592049,592059,10,96
591953,592048,592058,10,95
591953,592048,592059,11,95
591953,592048,592060,12,95
591953,592048,592059,11,95
591953,592049,592061,12,96
591953,592048,592061,13,95
591953,592051,592060,9,98
591953,592057,592062,5,104
591953,592048,592062,14,95
591953,592050,592061,11,97
591953,592054,592063,9,101
591953,592058,592062,4,105
591953,592061,592062,1,108
591953,592058,592062,4,105
591953,592062,592063,1,109
591953,592061,592064,3,108
591953,592060,592064,4,107
591953,592059,592063,4,106
591953,592063,592064,1,110
591953,592062,592064,2,109
591953,592061,592065,4,108
591953,592060,592064,4,107
591953,592062,592064,2,109
591953,592063,592064,1,110
591953,592060,592064,4,107
591953,592063,592064,1,110
591953,592063,592064,1,110
591953,592063,592064,1,110
591953,592061,592065,4,108
591953,592064,592066,2,111
591953,592064,592066,2,111
591953,592059,592065,6,106
591953,592064,592065,1,111
591953,592064,592065,1,111
591953,592065,592067,2,112
591953,592064,592067,3,111
591953,592065,592067,2,112
591953,592067,592068,1,114
591953,592066,592068,2,113
591953,592065,592067,2,112
591953,592065,592068,3,112
591953,592066,592067,1,113
591953,592066,592067,1,113
591953,592066,592067,1,113
591953,592066,592067,1,113
591953,592066,592069,3,113
591953,592066,592069,3,113
591953,592067,592068,1,114
591953,592066,592068,2,113
591953,592067,592070,3,114
591953,592068,592070,2,115
591953,592067,592069,2,114
591953,592068,592069,1,115
591953,592068,592069,1,115
592012,592069,592071,2,57
591953,592068,592071,3,115
591953,592068,592071,3,115
591953,592068,592070,2,115
591953,592068,592071,3,115
592012,592069,592071,2,57
592012,592069,592072,3,57
592012,592070,592072,2,58
591953,592068,592071,3,115
592012,592070,592073,3,58
592012,592070,592073,3,58
592012,592069,592072,3,57
592012,592070,592073,3,58
592012,592070,592073,3,58
592012,592071,592076,5,59
592012,592071,592080,9,59
591465,591571,592080,509,106
592012,592071,592081,10,59
592012,592073,592082,9,61
592012,592074,592083,9,62
592012,592071,592083,12,59
592012,592071,592083,12,59
592012,592071,592082,11,59
592012,592072,592082,10,60
592012,592072,592083,11,60
592012,592073,592084,11,61
592012,592076,592085,9,64
592012,592073,592085,12,61
592012,592072,592085,13,60
592012,592073,592087,14,61
592012,592083,592087,4,71
592012,592085,592087,2,73
592012,592085,592087,2,73
592012,592082,592088,6,70
592012,592084,592088,4,72
592012,592081,592087,6,69
592012,592083,592088,5,71
592012,592087,592088,1,75
592012,592083,592088,5,71
592012,592083,592088,5,71
592012,592085,592088,3,73
592012,592088,592089,1,76
592012,592083,592089,6,71
592012,592087,592089,2,75
592012,592084,592090,6,72
592012,592088,592089,1,76
592012,592088,592089,1,76
592012,592088,592090,2,76
592012,592087,592090,3,75
592012,592088,592089,1,76
592012,592088,592090,2,76
592012,592089,592090,1,77
592012,592089,592090,1,77
592012,592089,592090,1,77
592012,592080,592091,11,68
592012,592088,592090,2,76
592012,592080,592091,11,68
592012,592089,592091,2,77
592012,592089,592092,3,77
592012,592090,592092,2,78
592012,592090,592091,1,78
592012,592090,592091,1,78
592012,592090,592091,1,78
592012,592091,592093,2,79
592012,592091,592093,2,79
592012,592090,592092,2,78
592012,592091,592093,2,79
592012,592091,592092,1,79
592012,592091,592092,1,79
592012,592091,592092,1,79
592012,592090,592092,2,78
592012,592091,592093,2,79
592012,592092,592094,2,80
592012,592092,592095,3,80
592012,592091,592094,3,79
592013,592093,592095,2,80
592012,592092,592094,2,80
592012,592092,592095,3,80
592012,592093,592095,2,81
592012,592093,592096,3,81
592012,592092,592096,4,80
592012,592093,592095,2,81
592013,592093,592096,3,80
592013,592093,592095,2,80
592013,592093,592095,2,80
592013,592094,592097,3,81
592013,592094,592097,3,81
592013,592095,592098,3,82
592013,592094,592097,3,81
592013,592095,592099,4,82
592013,592095,592101,6,82
591494,591604,592102,498,110
592013,592095,592105,10,82
592013,592095,592106,11,82
592013,592097,592107,10,84
592013,592095,592108,13,82
592013,592099,592108,9,86
592013,592096,592107,11,83
592013,592097,592107,10,84
592013,592096,592108,12,83
592013,592096,592109,13,83
592013,592096,592109,13,83
592013,592097,592109,12,84
592013,592101,592109,8,88
592013,592096,592109,13,83
592013,592099,592109,10,86
592013,592098,592110,12,85
592013,592107,592112,5,94
592013,592106,592112,6,93
592013,592102,592113,11,89
592013,592108,592113,5,95
592013,592105,592113,8,92
592013,592108,592114,6,95
592013,592109,592115,6,96
592013,592108,592116,8,95
592013,592109,592116,7,96
592013,592109,592116,7,96
592013,592114,592116,2,101
592013,592114,592117,3,101
592013,592109,592117,8,96
592013,592110,592117,7,97
592013,592109,592117,8,96
592013,592115,592118,3,102
592013,592113,592118,5,100
592013,592111,592118,7,98
592013,592112,592117,5,99
592013,592116,592117,1,103
592013,592117,592118,1,104
592013,592109,592117,8,96
592013,592109,592117,8,96
592013,592116,592119,3,103
592013,592113,592119,6,100
592013,592116,592118,2,103
592013,592112,592119,7,99
592013,592117,592118,1,104
592013,592117,592119,2,104
592013,592118,592119,1,105
592013,592118,592120,2,105
592013,592117,592120,3,104
592013,592118,592119,1,105
592013,592118,592120,2,105
592013,592118,592120,2,105
592013,592118,592120,2,105
592013,592119,592121,2,106
592013,592119,592120,1,106
592013,592118,592120,2,105
592013,592118,592120,2,105
592013,592118,592120,2,105
592013,592119,592121,2,106
592013,592119,592121,2,106
592013,592120,592121,1,107
592013,592120,592121,1,107
592082,592121,592122,1,39
592013,592119,592121,2,106
592013,592119,592121,2,106
592013,592120,592123,3,107
592013,592120,592123,3,107
592013,592120,592122,2,107
592082,592121,592122,1,39
592082,592121,592122,1,39
592082,592121,592123,2,39
592082,592121,592124,3,39
592082,592122,592124,2,40
592082,592122,592125,3,40
592082,592122,592125,3,40
592082,592121,592124,3,39
592082,592122,592126,4,40
592082,592122,592130,8,40
592082,592122,592134,12,40
592082,592123,592134,11,41
592082,592124,592134,10,42
592082,592123,592135,12,41
592082,592125,592135,10,43
592082,592123,592134,11,41
592082,592123,592134,11,41
592082,592123,592136,13,41
592082,592124,592136,12,42
592082,592126,592136,10,44
592082,592124,592136,12,42
592082,592125,592136,11,43
592082,592125,592137,12,43
591511,591634,592139,505,123
592082,592135,592139,4,53
592082,592134,592139,5,52
592082,592135,592140,5,53
592082,592135,592140,5,53
592082,592130,592140,10,48
592082,592137,592141,4,55
592082,592136,592141,5,54
592082,592139,592141,2,57
592082,592137,592141,4,55
592082,592135,592141,6,53
592082,592140,592141,1,58
592082,592140,592141,1,58
592082,592141,592142,1,59
592082,592134,592142,8,52
592082,592140,592141,1,58
592082,592139,592142,3,57
592082,592136,592141,5,54
592082,592137,592143,6,55
592082,592141,592143,2,59
592082,592141,592143,2,59
592082,592136,592142,6,54
592082,592141,592142,1,59
592082,592142,592144,2,60
592082,592142,592144,2,60
592082,592142,592143,1,60
592082,592142,592144,2,60
592082,592134,592144,10,52
592082,592141,592143,2,59
592082,592142,592145,3,60
592082,592142,592144,2,60
592082,592142,592144,2,60
592082,592142,592144,2,60
592082,592143,592145,2,61
592082,592143,592145,2,61
592082,592144,592146,2,62
592082,592143,592145,2,61
592082,592143,592145,2,61
592082,592144,592145,1,62
592082,592144,592145,1,62
592082,592143,592145,2,61
592082,592144,592145,1,62
592082,592144,592145,1,62
592082,592144,592146,2,62
592082,592145,592148,3,63
592107,592146,592148,2,39
592107,592146,592148,2,39
592082,592145,592148,3,63
592082,592145,592148,3,63
592082,592145,592148,3,63
592082,592146,592148,2,64
592082,592145,592149,4,63
592082,592146,592148,2,64
592082,592146,592149,3,64
592107,592146,592149,3,39
592107,592146,592148,2,39
592107,592146,592148,2,39
592107,592147,592150,3,40
592107,592148,592150,2,41
592107,592148,592151,3,41
592107,592148,592150,2,41
592107,592148,592153,5,41
592107,592148,592158,10,41
592107,592148,592159,11,41
592107,592148,592159,11,41
592107,592150,592160,10,43
592107,592150,592160,10,43
592107,592150,592160,10,43
592107,592149,592161,12,42
592107,592149,592161,12,42
592107,592149,592161,12,42
592107,592151,592161,10,44
592107,592149,592161,12,42
592107,592150,592162,12,43
592107,592151,592161,10,44
592107,592160,592164,4,53
592107,592153,592163,10,46
592107,592160,592166,6,53
592107,592161,592166,5,54
592107,592161,592166,5,54
592107,592161,592168,7,54
592107,592162,592168,6,55
592107,592159,592168,9,52
592107,592162,592168,6,55
592107,592158,592169,11,51
592107,592161,592170,9,54
592107,592169,592170,1,62
592107,592162,592169,7,55
592107,592164,592171,7,57
592107,592159,592170,11,52
592107,592162,592170,8,55
592107,592169,592171,2,62
592107,592164,592172,8,57
592107,592166,592172,6,59
592107,592166,592172,6,59
592107,592170,592171,1,63
592107,592166,592173,7,59
592107,592171,592172,1,64
592107,592170,592172,2,63
592107,592170,592172,2,63
592107,592172,592174,2,65
592107,592172,592173,1,65
592107,592172,592173,1,65
592107,592171,592173,2,64
592107,592172,592174,2,65
592107,592168,592174,6,61
592107,592171,592173,2,64
592107,592171,592173,2,64
592107,592168,592175,7,61
592107,592173,592175,2,66
592107,592173,592175,2,66
591686,591814,592174,360,128
592107,592168,592174,6,61
592107,592174,592175,1,67
592107,592173,592176,3,66
592107,592174,592176,2,67
592107,592174,592175,1,67
592107,592174,592175,1,67
592107,592174,592176,2,67
592107,592175,592177,2,68
592107,592174,592177,3,67
592107,592173,592176,3,66
592107,592174,592176,2,67
592107,592174,592176,2,67
592107,592175,592177,2,68
592107,592175,592178,3,68
592140,592176,592178,2,36
592140,592176,592179,3,36
592107,592175,592178,3,68
592140,592176,592178,2,36
592140,592176,592178,2,36
592140,592177,592179,2,37
592107,592175,592178,3,68
592140,592177,592180,3,37
592140,592177,592180,3,37
592140,592177,592181,4,37
591586,591692,592182,490,106
592140,592177,592182,5,37
592140,592177,592183,6,37
592140,592177,592188,11,37
592140,592178,592188,10,38
592140,592179,592189,10,39
592140,592178,592190,12,38
592140,592179,592189,10,39
592140,592179,592189,10,39
592140,592179,592189,10,39
592140,592179,592191,12,39
592140,592180,592192,12,40
592140,592179,592192,13,39
592140,592181,592192,11,41
592140,592182,592192,10,42
592140,592181,592192,11,41
592140,592182,592194,12,42
592140,592190,592194,4,50
592140,592184,592194,10,44
592140,592190,592195,5,50
592140,592189,592195,6,49
592140,592191,592196,5,51
592140,592190,592196,6,50
592140,592188,592197,9,48
592140,592189,592197,8,49
592140,592191,592198,7,51
592140,592192,592200,8,52
592140,592198,592200,2,58
592140,592192,592200,8,52
592140,592192,592200,8,52
592140,592195,592201,6,55
592140,592194,592201,7,54
592140,592193,592200,7,53
592140,592197,592201,4,57
592140,592196,592201,5,56
592140,592198,592201,3,58
592140,592194,592201,7,54
592140,592196,592201,5,56
592140,592201,592202,1,61
592140,592195,592201,6,55
592140,592196,592201,5,56
592140,592200,592201,1,60
592140,592200,592203,3,60
592140,592194,592203,9,54
592140,592201,592203,2,61
592140,592200,592202,2,60
592140,592200,592202,2,60
592140,592201,592204,3,61
592140,592202,592203,1,62
592140,592202,592204,2,62
592140,592202,592203,1,62
592140,592201,592203,2,61
592140,592201,592203,2,61
592140,592201,592204,3,61
592140,592202,592205,3,62
592140,592202,592204,2,62
592140,592203,592204,1,63
592140,592203,592205,2,63
592140,592203,592206,3,63
592140,592203,592206,3,63
592140,592204,592206,2,64
592140,592204,592206,2,64
592140,592203,592205,2,63
592140,592203,592206,3,63
592140,592204,592206,2,64
592140,592204,592206,2,64
592176,592205,592207,2,29
592176,592205,592208,3,29
592176,592206,592208,2,30
592176,592205,592208,3,29
592140,592204,592207,3,64
592140,592205,592207,2,65
592176,592205,592209,4,29
592176,592206,592209,3,30
592176,592206,592208,2,30
592176,592206,592209,3,30
592176,592206,592211,5,30
591588,591723,592212,489,135
592176,592207,592215,8,31
592176,592207,592217,10,31
592176,592207,592217,10,31
592176,592208,592218,10,32
592176,592208,592219,11,32
592176,592208,592219,11,32
592176,592208,592220,12,32
592176,592208,592220,12,32
592176,592209,592219,10,33
592176,592207,592221,14,31
592176,592209,592222,13,33
592176,592209,592222,13,33
592176,592209,592221,12,33
592176,592211,592222,11,35
592176,592212,592223,11,36
592176,592220,592226,6,44
592176,592217,592227,10,41
592176,592215,592228,13,39
592176,592217,592228,11,41
592176,592218,592228,10,42
592176,592221,592228,7,45
592176,592219,592228,9,43
592176,592222,592230,8,46
592176,592222,592231,9,46
592176,592222,592231,9,46
592176,592222,592231,9,46
592176,592220,592232,12,44
592176,592220,592232,12,44
592176,592219,592231,12,43
592176,592226,592233,7,50
592176,592224,592233,9,48
592176,592228,592234,6,52
592176,592227,592234,7,51
592176,592228,592235,7,52
592176,592229,592234,5,53
592176,592231,592236,5,55
592176,592231,592236,5,55
592176,592230,592235,5,54
592176,592230,592237,7,54
592176,592233,592237,4,57
592176,592231,592237,6,55
592176,592229,592236,7,53
592176,592234,592237,3,58
592176,592232,592238,6,56
592176,592233,592237,4,57
592176,592232,592237,5,56
592176,592232,592239,7,56
592176,592235,592239,4,59
592176,592235,592238,3,59
592176,592236,592239,3,60
592176,592236,592239,3,60
592176,592237,592240,3,61
592176,592237,592240,3,61
592176,592236,592239,3,60
592176,592237,592239,2,61
592176,592236,592240,4,60
592176,592238,592241,3,62
592176,592238,592241,3,62
592176,592237,592241,4,61
592176,592240,592242,2,64
592176,592237,592241,4,61
592176,592238,592241,3,62
592176,592239,592241,2,63
592176,592239,592241,2,63
592189,592241,592243,2,52
592176,592239,592242,3,63
592189,592240,592243,3,51
592176,592239,592242,3,63
592189,592241,592244,3,52
592189,592241,592244,3,52
592189,592241,592243,2,52
592189,592242,592244,2,53
592189,592241,592245,4,52
592189,592240,592244,4,51
592189,592242,592247,5,53
592189,592242,592246,4,53
592189,592242,592253,11,53
592189,592243,592253,10,54
592189,592242,592253,11,53
592189,592243,592255,12,54
592189,592245,592255,10,56
592189,592244,592255,11,55
592189,592243,592255,12,54
592189,592245,592257,12,56
592189,592244,592257,13,55
592189,592245,592257,12,56
592189,592243,592256,13,54
592189,592244,592256,12,55
592189,592247,592259,12,58
592189,592247,592259,12,58
592189,592253,592263,10,64
592189,592253,592263,10,64
592189,592257,592264,7,68
592189,592257,592264,7,68
592189,592257,592265,8,68
592189,592254,592265,11,65
592189,592257,592266,9,68
591630,591784,592265,481,154
592189,592257,592265,8,68
592189,592259,592266,7,70
592189,592255,592267,12,66
592189,592255,592267,12,66
592189,592256,592267,11,67
592189,592256,592268,12,67
592189,592259,592267,8,70
592189,592263,592269,6,74
592189,592266,592269,3,77
592189,592266,592269,3,77
592189,592267,592268,1,78
592189,592266,592269,3,77
592189,592267,592270,3,78
592189,592266,592270,4,77
592189,592267,592270,3,78
592189,592268,592270,2,79
592189,592263,592270,7,74
592189,592269,592271,2,80
592189,592269,592270,1,80
592189,592266,592270,4,77
592189,592269,592270,1,80
592189,592268,592270,2,79
592189,592270,592272,2,81
592189,592264,592271,7,75
592189,592270,592272,2,81
592189,592270,592272,2,81
592189,592265,592271,6,76
592189,592270,592272,2,81
592189,592269,592271,2,80
592189,592269,592272,3,80
592189,592264,592272,8,75
592189,592271,592273,2,82
592189,592271,592272,1,82
592189,592271,592272,1,82
592189,592271,592272,1,82
592189,592271,592272,1,82
592189,592271,592274,3,82
592189,592272,592274,2,83
592189,592272,592274,2,83
592189,592272,592273,1,83
592189,592272,592275,3,83
592189,592272,592274,2,83
592189,592272,592274,2,83
592218,592273,592275,2,55
592189,592272,592274,2,83
592218,592273,592275,2,55
592218,592273,592276,3,55
592218,592273,592276,3,55
591631,591784,592277,493,153
592218,592273,592277,4,55
592218,592273,592276,3,55
592218,592274,592277,3,56
592218,592274,592278,4,56
592218,592274,592279,5,56
592218,592275,592281,6,57
592218,592275,592286,11,57
592218,592275,592286,11,57
592218,592275,592286,11,57
592218,592276,592287,11,58
592218,592275,592287,12,57
592218,592275,592287,12,57
592218,592275,592288,13,57
592218,592276,592287,11,58
592218,592277,592289,12,59
592218,592277,592288,11,59
592218,592277,592289,12,59
592218,592278,592290,12,60
592218,592278,592290,12,60
592218,592279,592291,12,61
592218,592281,592292,11,63
592218,592286,592296,10,68
592218,592286,592296,10,68
592218,592289,592297,8,71
592218,592290,592297,7,72
592218,592288,592296,8,70
592218,592289,592296,7,71
592218,592291,592298,7,73
592218,592286,592299,13,68
592218,592290,592298,8,72
592218,592287,592298,11,69
592218,592287,592300,13,69
592218,592292,592300,8,74
592218,592298,592300,2,80
592218,592289,592299,10,71
592218,592287,592299,12,69
592218,592297,592301,4,79
592218,592288,592302,14,70
592218,592296,592301,5,78
592218,592300,592302,2,82
592218,592299,592302,3,81
592218,592298,592302,4,80
592218,592300,592303,3,82
592218,592301,592303,2,83
592218,592296,592303,7,78
592218,592300,592303,3,82
592218,592297,592303,6,79
592218,592300,592302,2,82
592218,592301,592302,1,83
592218,592302,592303,1,84
592218,592297,592304,7,79
592218,592299,592303,4,81
592218,592299,592303,4,81
592218,592302,592303,1,84
592218,592302,592304,2,84
592218,592303,592305,2,85
592218,592303,592304,1,85
592218,592302,592305,3,84
592218,592303,592305,2,85
592218,592302,592304,2,84
592218,592303,592306,3,85
592218,592303,592305,2,85
592218,592303,592306,3,85
592218,592303,592306,3,85
592218,592304,592307,3,86
592218,592304,592306,2,86
592218,592305,592306,1,87
592218,592305,592307,2,87
592218,592303,592306,3,85
592218,592304,592306,2,86
592218,592304,592306,2,86
592267,592305,592308,3,38
592267,592305,592308,3,38
592267,592306,592309,3,39
592267,592306,592309,3,39
592267,592305,592308,3,38
592267,592306,592309,3,39
592267,592307,592310,3,40
592267,592307,592310,3,40
592267,592306,592309,3,39
592267,592307,592314,7,40
592267,592308,592318,10,41
592267,592307,592319,12,40
592267,592307,592319,12,40
592267,592307,592319,12,40
592267,592308,592320,12,41
592267,592307,592319,12,40
592267,592310,592321,11,43
592267,592309,592321,12,42
592267,592309,592322,13,42
592267,592309,592321,12,42
592267,592309,592321,12,42
592267,592310,592322,12,43
592267,592310,592323,13,43
592267,592314,592324,10,47
592267,592318,592329,11,51
591711,591846,592329,483,135
592267,592322,592330,8,55
592267,592319,592330,11,52
592267,592319,592330,11,52
592267,592319,592331,12,52
592267,592321,592331,10,54
592267,592320,592332,12,53
592267,592322,592331,9,55
592267,592322,592332,10,55
592267,592320,592331,11,53
592267,592324,592332,8,57
592267,592324,592331,7,57
592267,592321,592334,13,54
592267,592322,592333,11,55
592267,592333,592335,2,66
592267,592332,592335,3,65
592267,592332,592336,4,65
592267,592329,592336,7,62
592267,592332,592336,4,65
592267,592332,592335,3,65
592267,592332,592336,4,65
592267,592331,592337,6,64
592267,592330,592338,8,63
592267,592330,592338,8,63
592267,592331,592338,7,64
592267,592329,592338,9,62
592267,592330,592337,7,63
592267,592334,592337,3,67
592267,592334,592338,4,67
592267,592335,592338,3,68
592267,592335,592339,4,68
592267,592336,592340,4,69
592267,592336,592340,4,69
592267,592336,592340,4,69
592267,592336,592339,3,69
592267,592338,592341,3,71
592267,592338,592341,3,71
592267,592338,592341,3,71
592267,592338,592341,3,71
592267,592338,592342,4,71
592267,592337,592342,5,70
592267,592339,592341,2,72
592267,592338,592342,4,71
592267,592341,592342,1,74
592267,592338,592341,3,71
592267,592337,592342,5,70
592267,592339,592342,3,72
592267,592340,592343,3,73
592267,592341,592342,1,74
592267,592340,592343,3,73
592286,592342,592344,2,56
592286,592341,592344,3,55
592286,592341,592344,3,55
592286,592342,592344,2,56
592267,592340,592343,3,73
592286,592342,592345,3,56
592286,592342,592345,3,56
592286,592342,592345,3,56
592286,592342,592345,3,56
592286,592342,592345,3,56
592286,592343,592349,6,57
592286,592343,592353,10,57
592286,592343,592353,10,57
591742,591875,592354,479,133
592286,592344,592354,10,58
592286,592344,592355,11,58
592286,592343,592355,12,57
592286,592344,592354,10,58
592286,592344,592356,12,58
592286,592344,592357,13,58
592286,592345,592357,12,59
592286,592346,592358,12,60
592286,592346,592359,13,60
592286,592346,592359,13,60
592286,592345,592359,14,59
592286,592349,592361,12,63
592286,592353,592363,10,67
592286,592355,592365,10,69
592286,592353,592365,12,67
592286,592355,592365,10,69
592286,592354,592365,11,68
592286,592354,592366,12,68
592286,592358,592366,8,72
592286,592357,592367,10,71
592286,592355,592367,12,69
592286,592356,592367,11,70
592286,592357,592367,10,71
592286,592359,592367,8,73
592286,592359,592367,8,73
592286,592361,592369,8,75
592286,592367,592370,3,81
592286,592359,592370,11,73
592286,592364,592370,6,78
592286,592367,592371,4,81
592286,592365,592371,6,79
592286,592367,592371,4,81
592286,592365,592371,6,79
592286,592368,592371,3,82
592286,592366,592373,7,80
592286,592366,592372,6,80
592286,592366,592373,7,80
592286,592365,592372,7,79
592286,592367,592372,5,81
592286,592369,592374,5,83
592286,592371,592374,3,85
592286,592371,592375,4,85
592286,592372,592375,3,86
592286,592370,592375,5,84
592286,592370,592374,4,84
592286,592368,592374,6,82
592286,592371,592376,5,85
592286,592374,592376,2,88
592286,592373,592376,3,87
592286,592373,592376,3,87
592286,592374,592376,2,88
592286,592370,592376,6,84
592286,592373,592377,4,87
592286,592375,592377,2,89
592286,592375,592377,2,89
592286,592373,592377,4,87
592286,592373,592377,4,87
592286,592373,592376,3,87
592286,592376,592378,2,90
592286,592376,592378,2,90
592286,592375,592377,2,89
592286,592375,592379,4,89
592330,592377,592379,2,47
592286,592375,592378,3,89
592330,592377,592380,3,47
592330,592377,592380,3,47
592330,592377,592380,3,47
592330,592377,592380,3,47
592330,592377,592379,2,47
592330,592377,592381,4,47
592330,592377,592380,3,47
592330,592377,592382,5,47
592330,592378,592384,6,48
592330,592378,592389,11,48
592330,592378,592388,10,48
592330,592380,592390,10,50
592330,592380,592391,11,50
592330,592379,592391,12,49
592330,592380,592392,12,50
592330,592379,592392,13,49
592330,592380,592392,12,50
592330,592380,592392,12,50
592330,592381,592393,12,51
592330,592381,592393,12,51
592330,592382,592393,11,52
592330,592384,592394,10,54
592330,592380,592393,13,50
592330,592393,592400,7,63
592330,592390,592400,10,60
592330,592393,592401,8,63
592330,592389,592401,12,59
592330,592389,592401,12,59
592330,592391,592402,11,61
592330,592392,592401,9,62
592330,592391,592403,12,61
592330,592392,592403,11,62
592330,592392,592404,12,62
592330,592394,592404,10,64
592330,592392,592404,12,62
592330,592393,592406,13,63
592330,592400,592406,6,70
591799,591906,592407,501,107
592330,592394,592407,13,64
592330,592402,592408,6,72
592330,592401,592408,7,71
592330,592401,592409,8,71
592330,592402,592409,7,72
592330,592404,592410,6,74
592330,592404,592409,5,74
592330,592404,592410,6,74
592330,592404,592410,6,74
592330,592401,592410,9,71
592330,592400,592409,9,70
592330,592403,592411,8,73
592330,592408,592411,3,78
592330,592406,592412,6,76
592330,592407,592411,4,77
592330,592408,592412,4,78
592330,592410,592413,3,80
592330,592410,592413,3,80
592330,592410,592413,3,80
592330,592410,592413,3,80
592330,592410,592413,3,80
592330,592411,592413,2,81
592330,592411,592413,2,81
592330,592407,592414,7,77
592330,592409,592414,5,79
592330,592411,592414,3,81
592330,592407,592413,6,77
592330,592409,592414,5,79
592330,592412,592414,2,82
592330,592413,592415,2,83
592330,592413,592415,2,83
592330,592412,592415,3,82
592330,592412,592415,3,82
592330,592413,592416,3,83
592330,592413,592416,3,83
592330,592413,592415,2,83
592354,592414,592417,3,60
592330,592413,592416,3,83
592354,592415,592417,2,61
592354,592414,592417,3,60
592354,592414,592416,2,60
592354,592414,592418,4,60
592354,592414,592417,3,60
592354,592415,592417,2,61
592354,592415,592419,4,61
592354,592416,592419,3,62
591954,592068,592424,356,114
592354,592416,592424,8,62
592354,592416,592424,8,62
591833,591931,592426,495,98
592354,592417,592427,10,63
592354,592416,592428,12,62
592354,592417,592428,11,63
592354,592417,592428,11,63
592354,592417,592429,12,63
592354,592418,592429,11,64
592354,592417,592429,12,63
592354,592418,592430,12,64
592354,592417,592429,12,63
592354,592418,592431,13,64
592354,592419,592432,13,65
592354,592419,592431,12,65
592354,592424,592434,10,70
591845,591955,592435,480,110
592354,592429,592436,7,75
592354,592424,592436,12,70
592354,592426,592438,12,72
592354,592427,592438,11,73
592354,592425,592437,12,71
592354,592428,592439,11,74
592354,592428,592440,12,74
592354,592432,592440,8,78
592354,592429,592440,11,75
592354,592431,592441,10,77
592354,592428,592440,12,74
592354,592434,592441,7,80
592354,592432,592441,9,78
592354,592431,592442,11,77
592354,592430,592441,11,76
592354,592431,592445,14,77
592354,592438,592445,7,84
592354,592440,592445,5,86
592354,592440,592445,5,86
592354,592438,592446,8,84
592354,592435,592445,10,81
592354,592439,592446,7,85
592354,592436,592447,11,82
592354,592441,592446,5,87
592354,592442,592447,5,88
592354,592445,592447,2,91
592354,592440,592447,7,86
592354,592445,592448,3,91
592354,592442,592448,6,88
592354,592442,592447,5,88
592354,592436,592448,12,82
592354,592441,592449,8,87
592354,592446,592449,3,92
592354,592446,592448,2,92
592354,592447,592449,2,93
592354,592445,592448,3,91
592354,592441,592449,8,87
592354,592438,592450,12,84
592354,592447,592450,3,93
592354,592447,592449,2,93
592354,592445,592449,4,91
592354,592446,592449,3,92
592354,592447,592451,4,93
592354,592447,592451,4,93
592354,592448,592451,3,94
592354,592449,592450,1,95
592354,592449,592451,2,95
592354,592449,592452,3,95
592354,592448,592451,3,94
592354,592449,592451,2,95
592408,592449,592452,3,41
592408,592450,592453,3,42
592354,592449,592452,3,95
592408,592450,592453,3,42
592408,592449,592452,3,41
592408,592451,592454,3,43
592408,592451,592453,2,43
592408,592450,592453,3,42
592408,592451,592454,3,43
592408,592451,592454,3,43
591860,591976,592457,481,116
592408,592451,592459,8,43
592408,592451,592461,10,43
592408,592452,592463,11,44
592408,592453,592464,11,45
592408,592452,592464,12,44
592408,592452,592464,12,44
592408,592452,592463,11,44
592408,592453,592465,12,45
592408,592453,592464,11,45
592408,592453,592466,13,45
592408,592453,592466,13,45
592408,592454,592467,13,46
592408,592454,592466,12,46
592408,592454,592468,14,46
592408,592455,592468,13,47
592408,592455,592467,12,47
592408,592457,592469,12,49
592408,592461,592471,10,53
592408,592460,592471,11,52
592408,592464,592474,10,56
592408,592464,592475,11,56
592408,592464,592475,11,56
592408,592464,592475,11,56
592408,592463,592475,12,55
592408,592468,592476,8,60
592408,592468,592476,8,60
592408,592466,592476,10,58
592408,592467,592477,10,59
592408,592467,592478,11,59
592408,592466,592477,11,58
592408,592468,592477,9,60
592408,592470,592478,8,62
592408,592466,592478,12,58
592408,592465,592478,13,57
592408,592471,592479,8,63
592408,592471,592479,8,63
592408,592475,592480,5,67
592408,592474,592479,5,66
592408,592475,592480,5,67
592408,592478,592481,3,70
592408,592478,592481,3,70
592408,592476,592481,5,68
592408,592479,592481,2,71
592408,592476,592482,6,68
592408,592479,592482,3,71
592408,592475,592481,6,67
592408,592478,592482,4,70
592408,592479,592481,2,71
592408,592480,592482,2,72
592408,592478,592483,5,70
592408,592478,592482,4,70
592408,592476,592482,6,68
592408,592476,592482,6,68
592408,592480,592484,4,72
592408,592480,592484,4,72
592408,592481,592484,3,73
592408,592481,592484,3,73
592408,592477,592483,6,69
592408,592481,592484,3,73
592408,592482,592485,3,74
592408,592481,592485,4,73
592408,592482,592485,3,74
592408,592483,592484,1,75
592408,592483,592484,1,75
592408,592482,592485,3,74
592408,592482,592485,3,74
592427,592483,592486,3,56
592427,592483,592486,3,56
592427,592484,592487,3,57
592427,592484,592487,3,57
592427,592483,592486,3,56
592427,592484,592486,2,57
592427,592484,592488,4,57
592427,592484,592488,4,57
592427,592484,592488,4,57
592427,592485,592491,6,58
592082,592146,592492,346,64
591889,591998,592493,495,109
592427,592485,592495,10,58
592427,592485,592495,10,58
592427,592486,592496,10,59
592427,592485,592496,11,58
592427,592485,592495,10,58
592427,592486,592497,11,59
592427,592487,592499,12,60
592427,592486,592499,13,59
592427,592488,592499,11,61
592427,592488,592500,12,61
592427,592487,592500,13,60
592427,592487,592500,13,60
592427,592487,592499,12,60
592427,592488,592501,13,61
592427,592489,592503,14,62
592427,592492,592503,11,65
592427,592491,592503,12,64
592427,592495,592506,11,68
592427,592493,592506,13,66
592427,592497,592506,9,70
592427,592496,592507,11,69
592427,592495,592508,13,68
592427,592496,592508,12,69
592427,592500,592508,8,73
591908,592019,592509,490,111
592427,592497,592509,12,70
592427,592501,592510,9,74
592427,592500,592510,10,73
592427,592499,592510,11,72
592427,592500,592510,10,73
592427,592503,592510,7,76
592427,592500,592511,11,73
592427,592506,592511,5,79
592427,592499,592510,11,72
592427,592499,592510,11,72
592427,592510,592512,2,83
592427,592506,592512,6,79
592427,592507,592511,4,80
592427,592503,592511,8,76
592427,592507,592513,6,80
592427,592511,592513,2,84
592427,592511,592513,2,84
592427,592509,592514,5,82
592427,592512,592514,2,85
592427,592511,592514,3,84
592427,592510,592513,3,83
592427,592511,592514,3,84
592427,592508,592514,6,81
592427,592512,592515,3,85
592427,592503,592515,12,76
592427,592510,592514,4,83
592427,592508,592514,6,81
592427,592508,592514,6,81
592427,592510,592514,4,83
592427,592512,592514,2,85
592427,592513,592516,3,86
592427,592510,592515,5,83
592427,592513,592516,3,86
592427,592512,592515,3,85
592427,592509,592515,6,82
592427,592514,592516,2,87
592427,592514,592517,3,87
592427,592513,592515,2,86
592427,592514,592517,3,87
592427,592514,592517,3,87
592427,592514,592517,3,87
592427,592515,592517,2,88
592427,592515,592518,3,88
592427,592515,592518,3,88
592427,592515,592518,3,88
592427,592514,592517,3,87
592427,592515,592517,2,88
592427,592515,592518,3,88
592427,592515,592519,4,88
592427,592516,592519,3,89
592427,592516,592522,6,89
592427,592517,592526,9,90
592427,592518,592527,9,91
592427,592517,592527,10,90
592427,592522,592528,6,95
592427,592516,592528,12,89
592427,592517,592528,11,90
592427,592517,592529,12,90
592427,592517,592529,12,90
592427,592518,592529,11,91
592427,592518,592529,11,91
592427,592517,592528,11,90
592427,592516,592529,13,89
592427,592518,592529,11,91
592427,592516,592529,13,89
592427,592519,592529,10,92
592427,592527,592530,3,100
592427,592527,592530,3,100
592427,592519,592529,10,92
592427,592519,592529,10,92
592427,592520,592530,10,93
592427,592519,592530,11,92
592427,592526,592530,4,99
592427,592528,592533,5,101
592427,592528,592532,4,101
592427,592528,592533,5,101
592427,592531,592534,3,104
592427,592531,592534,3,104
592427,592529,592535,6,102
592427,592530,592535,5,103
592107,592175,592536,361,68
592427,592533,592536,3,106
592427,592534,592536,2,107
592427,592533,592536,3,106
592427,592530,592537,7,103
592427,592530,592537,7,103
592427,592530,592536,6,103
592427,592530,592537,7,103
592427,592530,592537,7,103
592427,592530,592537,7,103
592427,592533,592537,4,106
592427,592530,592536,6,103
592427,592530,592537,7,103
592427,592534,592537,3,107
591920,592045,592537,492,125
592427,592537,592539,2,110
592427,592530,592538,8,103
592427,592535,592539,4,108
592427,592529,592538,9,102
592427,592530,592538,8,103
592427,592537,592539,2,110
592427,592535,592539,4,108
592427,592529,592539,10,102
592427,592537,592540,3,110
592427,592536,592540,4,109
592427,592536,592540,4,109
592427,592536,592539,3,109
592427,592538,592540,2,111
592427,592537,592540,3,110
592427,592536,592539,3,109
592427,592537,592541,4,110
592427,592538,592540,2,111
592436,592539,592541,2,103
592427,592537,592540,3,110
592427,592539,592541,2,112
592427,592539,592540,1,112
592427,592538,592540,2,111
592427,592537,592540,3,110
592427,592537,592540,3,110
592436,592539,592542,3,103
592436,592540,592542,2,104
592436,592540,592543,3,104
592436,592539,592543,4,103
592436,592540,592543,3,104
592436,592540,592543,3,104
592436,592540,592542,2,104
592436,592540,592544,4,104
592436,592540,592546,6,104
592436,592540,592549,9,104
592436,592541,592552,11,105
592436,592543,592552,9,107
592436,592543,592552,9,107
592436,592541,592551,10,105
592436,592543,592553,10,107
592436,592541,592552,11,105
592436,592541,592553,12,105
592436,592541,592553,12,105
592436,592541,592553,12,105
592436,592543,592552,9,107
592436,592541,592553,12,105
592436,592543,592555,12,107
592436,592541,592554,13,105
592436,592541,592554,13,105
592436,592542,592555,13,106
592436,592542,592554,12,106
592436,592552,592557,5,116
592436,592545,592557,12,109
592436,592552,592557,5,116
592436,592552,592556,4,116
592436,592552,592557,5,116
592436,592546,592558,12,110
592436,592550,592559,9,114
592436,592553,592559,6,117
592436,592553,592561,8,117
592436,592558,592562,4,122
592436,592553,592562,9,117
592436,592555,592562,7,119
592436,592553,592562,9,117
592436,592557,592562,5,121
592436,592553,592562,9,117
592436,592557,592563,6,121
592436,592555,592563,8,119
592436,592554,592562,8,118
592436,592557,592562,5,121
592436,592558,592563,5,122
592436,592559,592564,5,123
592436,592555,592564,9,119
592436,592555,592563,8,119
592436,592553,592565,12,117
592436,592562,592565,3,126
592436,592559,592564,5,123
592436,592562,592564,2,126
592436,592564,592566,2,128
592436,592563,592566,3,127
592436,592562,592565,3,126
592436,592563,592566,3,127
592436,592561,592565,4,125
592436,592557,592565,8,121
592436,592562,592566,4,126
592436,592563,592567,4,127
592436,592563,592567,4,127
592436,592562,592566,4,126
592436,592562,592566,4,126
592436,592563,592566,3,127
592436,592565,592568,3,129
592464,592566,592567,1,102
592436,592564,592568,4,128
592436,592566,592567,1,130
592436,592566,592568,2,130
592436,592565,592568,3,129
592436,592555,592567,12,119
592436,592564,592567,3,128
592464,592566,592568,2,102
592436,592565,592568,3,129
592436,592566,592568,2,130
592464,592566,592569,3,102
592464,592567,592570,3,103
592464,592567,592570,3,103
592464,592567,592569,2,103
592464,592566,592569,3,102
592464,592567,592571,4,103
592464,592568,592571,3,104
592464,592568,592573,5,104
592464,592568,592578,10,104
592464,592568,592578,10,104
592464,592570,592578,8,106
592464,592570,592579,9,106
592464,592568,592578,10,104
592464,592570,592578,8,106
592464,592571,592580,9,107
592464,592569,592580,11,105
592464,592568,592580,12,104
592464,592571,592580,9,107
592464,592568,592581,13,104
592464,592568,592581,13,104
592464,592569,592580,11,105
592464,592572,592580,8,108
592464,592573,592582,9,109
592464,592579,592582,3,115
592464,592568,592581,13,104
592464,592569,592581,12,105
592464,592578,592582,4,114
592464,592568,592581,13,104
592464,592578,592582,4,114
592464,592579,592584,5,115
592464,592579,592584,5,115
592464,592579,592585,6,115
592464,592580,592586,6,116
592464,592580,592587,7,116
592464,592583,592587,4,119
592464,592580,592587,7,116
592464,592582,592588,6,118
592464,592580,592588,8,116
592464,592581,592588,7,117
592464,592581,592589,8,117
592464,592585,592588,3,121
592464,592584,592589,5,120
592464,592582,592588,6,118
592464,592581,592589,8,117
592464,592581,592590,9,117
592464,592582,592590,8,118
592464,592582,592589,7,118
592464,592585,592591,6,121
592464,592586,592591,5,122
592464,592589,592591,2,125
592464,592589,592591,2,125
592464,592588,592592,4,124
592464,592588,592592,4,124
592464,592589,592592,3,125
592464,592587,592591,4,123
592464,592588,592592,4,124
592464,592589,592593,4,125
592464,592588,592593,5,124
592464,592589,592592,3,125
592464,592590,592593,3,126
592464,592587,592592,5,123
592464,592591,592594,3,127
592464,592591,592594,3,127
592464,592591,592594,3,127
592464,592590,592593,3,126
592464,592582,592593,11,118
592464,592582,592593,11,118
592464,592590,592593,3,126
592464,592592,592595,3,128
592464,592592,592594,2,128
592464,592592,592595,3,128
592464,592592,592594,2,128
592464,592591,592594,3,127
592497,592594,592596,2,97
592497,592593,592596,3,96
592497,592593,592596,3,96
592497,592593,592595,2,96
592497,592594,592597,3,97
592013,592120,592597,477,107
592497,592593,592596,3,96
592497,592593,592596,3,96
592497,592594,592596,2,97
592497,592594,592597,3,97
592497,592594,592601,7,97
592176,592240,592602,362,64
592497,592597,592604,7,100
592497,592595,592605,10,98
592497,592597,592605,8,100
592497,592595,592605,10,98
592497,592597,592606,9,100
592497,592597,592606,9,100
592497,592597,592605,8,100
592497,592602,592605,3,105
592497,592601,592606,5,104
592497,592596,592607,11,99
592497,592594,592607,13,97
592497,592596,592606,10,99
592497,592595,592607,12,98
592497,592595,592607,12,98
592497,592594,592608,14,97
592497,592597,592608,11,100
592497,592596,592608,12,99
592497,592595,592607,12,98
592497,592605,592607,2,108
592497,592604,592608,4,107
592497,592606,592608,2,109
592497,592605,592610,5,108
592497,592596,592610,14,99
592497,592606,592611,5,109
592497,592606,592610,4,109
592497,592606,592612,6,109
592497,592606,592611,5,109
592497,592607,592612,5,110
592497,592608,592613,5,111
592497,592607,592613,6,110
592497,592609,592614,5,112
592497,592607,592614,7,110
592497,592608,592614,6,111
592497,592607,592614,7,110
592497,592607,592613,6,110
592497,592609,592615,6,112
592497,592610,592615,5,113
592497,592608,592615,7,111
592497,592608,592616,8,111
592497,592610,592616,6,113
592497,592611,592616,5,114
592497,592610,592616,6,113
592497,592611,592617,6,114
592497,592612,592616,4,115
592497,592614,592617,3,117
592497,592613,592617,4,116
592497,592614,592617,3,117
592497,592607,592616,9,110
592497,592614,592617,3,117
592497,592613,592618,5,116
592497,592614,592618,4,117
592497,592613,592618,5,116
592497,592615,592618,3,118
592497,592615,592617,2,118
592497,592614,592619,5,117
592014,592121,592619,498,107
592497,592612,592618,6,115
592497,592617,592619,2,120
592497,592616,592618,2,119
592497,592617,592619,2,120
592497,592617,592619,2,120
592497,592615,592619,4,118
592497,592617,592620,3,120
592497,592616,592619,3,119
592497,592618,592620,2,121
592497,592616,592619,3,119
592497,592617,592621,4,120
592497,592617,592621,4,120
592497,592617,592620,3,120
592497,592618,592621,3,121
592497,592617,592620,3,120
592497,592618,592620,2,121
592497,592618,592620,2,121
592497,592618,592621,3,121
592497,592619,592624,5,122
592497,592619,592625,6,122
592497,592619,592629,10,122
592497,592619,592629,10,122
592497,592619,592629,10,122
592497,592619,592630,11,122
592497,592619,592630,11,122
592497,592619,592631,12,122
592497,592621,592630,9,124
592497,592620,592632,12,123
592497,592620,592632,12,123
592497,592621,592632,11,124
592497,592621,592632,11,124
592497,592622,592633,11,125
592497,592620,592632,12,123
592497,592621,592634,13,124
592497,592621,592634,13,124
592497,592621,592633,12,124
592497,592625,592634,9,128
592497,592621,592633,12,124
592497,592624,592636,12,127
592497,592620,592635,15,123
592497,592629,592637,8,132
592497,592629,592637,8,132
592497,592634,592638,4,137
592497,592634,592638,4,137
592497,592630,592638,8,133
592497,592636,592639,3,139
592497,592634,592639,5,137
592497,592630,592640,10,133
592497,592636,592640,4,139
592497,592632,592640,8,135
592497,592637,592639,2,140
592497,592630,592639,9,133
592497,592637,592639,2,140
592497,592632,592640,8,135
592497,592638,592641,3,141
592497,592633,592641,8,136
592497,592631,592640,9,134
592497,592634,592642,8,137
592497,592633,592641,8,136
592497,592639,592642,3,142
592497,592633,592641,8,136
592497,592632,592641,9,135
592497,592634,592641,7,137
592497,592640,592643,3,143
592497,592640,592643,3,143
592497,592638,592643,5,141
592497,592641,592644,3,144
592497,592631,592644,13,134
592497,592639,592644,5,142
592497,592640,592644,4,143
592497,592640,592643,3,143
592497,592642,592644,2,145
592497,592640,592644,4,143
592497,592641,592643,2,144
592497,592640,592644,4,143
592497,592643,592645,2,146
592497,592642,592645,3,145
592497,592639,592644,5,142
592497,592641,592644,3,144
592497,592642,592645,3,145
592497,592642,592644,2,145
592497,592643,592644,1,146
592497,592642,592646,4,145
592219,592305,592645,340,86
592509,592644,592646,2,135
592509,592644,592646,2,135
592509,592644,592646,2,135
592497,592640,592645,5,143
592497,592642,592645,3,145
592509,592644,592647,3,135
592509,592644,592647,3,135
592509,592644,592646,2,135
592509,592644,592646,2,135
592509,592644,592648,4,135
592509,592645,592647,2,136
592509,592645,592651,6,136
592509,592648,592655,7,139
592509,592647,592655,8,138
592509,592647,592655,8,138
592509,592646,592656,10,137
592509,592645,592656,11,136
592509,592651,592656,5,142
592509,592646,592657,11,137
592509,592647,592657,10,138
592509,592645,592657,12,136
592509,592646,592656,10,137
592509,592645,592657,12,136
592509,592646,592656,10,137
592509,592646,592656,10,137
592509,592647,592657,10,138
592509,592655,592658,3,146
592509,592645,592657,12,136
592509,592645,592657,12,136
592509,592655,592657,2,146
592509,592646,592658,12,137
592509,592648,592660,12,139
592509,592656,592660,4,147
592509,592656,592659,3,147
592509,592646,592660,14,137
592509,592655,592661,6,146
592509,592657,592662,5,148
592509,592657,592663,6,148
592509,592656,592662,6,147
592509,592657,592663,6,148
592509,592657,592664,7,148
592509,592658,592664,6,149
592509,592657,592664,7,148
592509,592657,592664,7,148
592509,592660,592665,5,151
592509,592658,592665,7,149
592509,592658,592665,7,149
592509,592660,592664,4,151
592509,592661,592665,4,152
592509,592658,592664,6,149
592509,592660,592666,6,151
592509,592661,592666,5,152
592509,592658,592665,7,149
592509,592659,592665,6,150
592509,592662,592667,5,153
592509,592663,592666,3,154
592509,592664,592667,3,155
592509,592657,592666,9,148
592509,592664,592668,4,155
592509,592665,592668,3,156
592509,592665,592668,3,156
592509,592665,592668,3,156
592509,592663,592668,5,154
592509,592665,592669,4,156
592509,592665,592668,3,156
592509,592665,592669,4,156
592509,592666,592669,3,157
592509,592663,592668,5,154
592509,592665,592669,4,156
592509,592667,592670,3,158
592509,592667,592669,2,158
592509,592664,592669,5,155
592509,592666,592669,3,157
592509,592666,592669,3,157
592509,592667,592669,2,158
592509,592666,592669,3,157
592536,592668,592671,3,132
592536,592669,592671,2,133
592536,592669,592670,1,133
592536,592668,592671,3,132
592509,592667,592670,3,158
592536,592668,592671,3,132
592536,592669,592672,3,133
592536,592669,592673,4,133
592536,592669,592673,4,133
592536,592669,592673,4,133
592536,592669,592676,7,133
592536,592670,592679,9,134
592536,592670,592680,10,134
592536,592671,592681,10,135
592536,592671,592681,10,135
592536,592670,592682,12,134
592536,592670,592682,12,134
592536,592671,592681,10,135
592536,592670,592683,13,134
592536,592671,592684,13,135
592536,592670,592684,14,134
592536,592671,592683,12,135
592536,592670,592684,14,134
592536,592671,592683,12,135
592536,592673,592685,12,137
592536,592672,592684,12,136
592536,592673,592685,12,137
592536,592673,592686,13,137
592536,592682,592689,7,146
592140,592205,592689,484,65
592536,592685,592689,4,149
592536,592682,592689,7,146
592536,592676,592690,14,140
592536,592679,592690,11,143
592536,592682,592691,9,146
592536,592681,592691,10,145
592536,592684,592692,8,148
592536,592689,592692,3,153
592536,592683,592692,9,147
592536,592689,592692,3,153
592536,592681,592691,10,145
592536,592684,592693,9,148
592536,592685,592693,8,149
592536,592680,592692,12,144
592536,592689,592693,4,153
592536,592689,592692,3,153
592536,592684,592693,9,148
592536,592685,592694,9,149
592536,592684,592694,10,148
592536,592690,592693,3,154
592536,592686,592693,7,150
592536,592684,592693,9,148
592536,592691,592694,3,155
592536,592690,592693,3,154
592536,592691,592694,3,155
592536,592692,592695,3,156
592536,592692,592694,2,156
592536,592692,592696,4,156
592536,592694,592696,2,158
592536,592692,592695,3,156
592536,592694,592696,2,158
592536,592694,592696,2,158
592536,592694,592696,2,158
592536,592692,592697,5,156
592536,592693,592697,4,157
592536,592694,592696,2,158
592536,592693,592697,4,157
592536,592694,592696,2,158
592536,592693,592696,3,157
592536,592694,592696,2,158
592536,592694,592696,2,158
592536,592693,592696,3,157
592536,592695,592698,3,159
592539,592696,592698,2,157
592536,592696,592698,2,160
592536,592695,592697,2,159
592536,592693,592697,4,157
592536,592693,592697,4,157
592539,592696,592699,3,157
592539,592696,592698,2,157
592539,592697,592700,3,158
592539,592697,592700,3,158
592539,592697,592700,3,158
592539,592696,592699,3,157
592539,592697,592699,2,158
592539,592697,592700,3,158
592539,592697,592704,7,158
592539,592698,592708,10,159
592539,592697,592708,11,158
592539,592698,592708,10,159
592539,592697,592709,12,158
592539,592697,592709,12,158
592539,592699,592709,10,160
592539,592700,592709,9,161
592539,592698,592710,12,159
592539,592698,592709,11,159
592539,592698,592710,12,159
592539,592700,592711,11,161
592539,592699,592710,11,160
592539,592708,592712,4,169
592539,592698,592712,14,159
592539,592701,592711,10,162
592539,592701,592711,10,162
592539,592708,592713,5,169
592539,592708,592713,5,169
592539,592700,592713,13,161
592539,592701,592712,11,162
592539,592709,592714,5,170
592539,592709,592714,5,170
592539,592710,592714,4,171
592539,592709,592714,5,170
592539,592704,592714,10,165
592539,592710,592715,5,171
592539,592710,592717,7,171
592539,592714,592718,4,175
592539,592714,592718,4,175
592539,592714,592718,4,175
592539,592711,592718,7,172
592539,592714,592717,3,175
592539,592711,592719,8,172
592539,592715,592719,4,176
592539,592715,592719,4,176
592539,592712,592718,6,173
592539,592713,592718,5,174
592539,592712,592720,8,173
592539,592717,592720,3,178
592539,592714,592719,5,175
592539,592712,592719,7,173
592539,592713,592720,7,174
592539,592713,592720,7,174
592539,592718,592721,3,179
592539,592712,592720,8,173
592539,592718,592721,3,179
592539,592711,592720,9,172
592539,592718,592720,2,179
592539,592719,592722,3,180
592539,592720,592722,2,181
592539,592718,592721,3,179
592539,592719,592723,4,180
592539,592719,592723,4,180
592539,592719,592723,4,180
592539,592721,592723,2,182
592539,592720,592723,3,181
592539,592719,592722,3,180
592539,592721,592722,1,182
592539,592720,592723,3,181
592539,592720,592722,2,181
592539,592719,592722,3,180
592539,592720,592723,3,181
592539,592721,592724,3,182
592539,592720,592723,3,181
592539,592721,592723,2,182
592606,592722,592725,3,116
592606,592723,592725,2,117
592606,592722,592725,3,116
592606,592722,592724,2,116
592606,592723,592725,2,117
592606,592723,592726,3,117
592606,592723,592726,3,117
592606,592723,592727,4,117
592606,592723,592727,4,117
592606,592723,592729,6,117
592606,592723,592735,12,117
592606,592723,592735,12,117
592606,592723,592736,13,117
592606,592727,592736,9,121
592606,592725,592736,11,119
592606,592726,592736,10,120
592606,592724,592737,13,118
592606,592724,592737,13,118
592606,592725,592736,11,119
592606,592725,592736,11,119
592606,592726,592738,12,120
592606,592727,592738,11,121
592606,592725,592738,13,119
592606,592724,592737,13,118
592606,592729,592737,8,123
592606,592725,592738,13,119
592606,592724,592738,14,118
592606,592736,592739,3,130
592606,592736,592739,3,130
592606,592736,592740,4,130
592606,592737,592741,4,131
592606,592736,592742,6,130
592606,592737,592744,7,131
592606,592736,592744,8,130
592606,592738,592744,6,132
592606,592737,592744,7,131
592606,592738,592744,6,132
592606,592738,592745,7,132
592606,592740,592745,5,134
592606,592739,592745,6,133
592606,592742,592745,3,136
592606,592739,592744,5,133
592606,592744,592746,2,138
592606,592735,592746,11,129
592606,592737,592745,8,131
592606,592741,592745,4,135
592606,592741,592745,4,135
592606,592738,592746,8,132
592606,592744,592747,3,138
592606,592744,592747,3,138
592606,592738,592747,9,132
592606,592744,592746,2,138
592606,592744,592748,4,138
592606,592738,592748,10,132
592606,592745,592747,2,139
592606,592745,592748,3,139
592606,592745,592747,2,139
592606,592745,592749,4,139
592606,592746,592749,3,140
592606,592745,592749,4,139
592606,592746,592750,4,140
592606,592747,592750,3,141
592606,592747,592750,3,141
592606,592747,592750,3,141
592606,592746,592750,4,140
592606,592748,592750,2,142
592606,592748,592750,2,142
592606,592746,592750,4,140
592606,592748,592751,3,142
592606,592747,592751,4,141
592606,592746,592750,4,140
592606,592746,592750,4,140
592606,592748,592751,3,142
592606,592748,592750,2,142
592606,592749,592751,2,143
592606,592750,592752,2,144
592606,592749,592751,2,143
592606,592750,592752,2,144
592606,592750,592753,3,144
592606,592750,592753,3,144
592606,592750,592752,2,144
592606,592750,592753,3,144
592606,592750,592753,3,144
592190,592273,592754,481,83
592606,592751,592753,2,145
592606,592751,592757,6,145
592606,592751,592761,10,145
592606,592753,592762,9,147
592606,592751,592762,11,145
592606,592752,592762,10,146
592606,592751,592763,12,145
592606,592754,592763,9,148
592606,592751,592763,12,145
592606,592752,592762,10,146
592606,592751,592764,13,145
592606,592752,592764,12,146
592606,592751,592764,13,145
592606,592754,592765,11,148
592606,592753,592765,12,147
592330,592414,592765,351,84
592606,592752,592765,13,146
592606,592753,592765,12,147
592606,592754,592765,11,148
592606,592754,592766,12,148
592606,592757,592766,9,151
592606,592762,592767,5,156
592606,592763,592767,4,157
592606,592762,592768,6,156
592606,592763,592768,5,157
592606,592764,592768,4,158
592606,592763,592769,6,157
592606,592762,592769,7,156
592606,592764,592771,7,158
592606,592765,592771,6,159
592606,592761,592771,10,155
592606,592765,592771,6,159
592606,592768,592772,4,162
592606,592765,592772,7,159
592606,592768,592772,4,162
592606,592764,592772,8,158
592606,592766,592772,6,160
592606,592766,592773,7,160
592606,592768,592773,5,162
592606,592768,592772,4,162
592606,592767,592773,6,161
592606,592769,592772,3,163
592606,592765,592773,8,159
592606,592764,592774,10,158
592606,592765,592773,8,159
592606,592766,592775,9,160
592606,592771,592775,4,165
592606,592772,592775,3,166
592606,592773,592775,2,167
592606,592772,592775,3,166
592606,592771,592774,3,165
592606,592773,592775,2,167
592606,592769,592774,5,163
592606,592772,592776,4,166
592606,592773,592776,3,167
592606,592771,592775,4,165
592606,592772,592776,4,166
592606,592774,592776,2,168
592606,592773,592776,3,167
592606,592773,592776,3,167
592606,592772,592777,5,166
592606,592775,592777,2,169
592606,592775,592776,1,169
592606,592773,592777,4,167
592606,592774,592776,2,168
592606,592775,592777,2,169
592606,592773,592777,4,167
592620,592776,592778,2,156
592606,592775,592777,2,169
592620,592776,592779,3,156
592620,592776,592778,2,156
592620,592775,592778,3,155
592620,592775,592778,3,155
592620,592776,592778,2,156
592620,592776,592780,4,156
592620,592776,592780,4,156
592620,592776,592779,3,156
592620,592777,592783,6,157
592620,592777,592787,10,157
592620,592777,592788,11,157
592620,592778,592788,10,158
592620,592777,592788,11,157
592620,592777,592789,12,157
592620,592777,592789,12,157
592620,592779,592790,11,159
592620,592777,592790,13,157
592620,592779,592790,11,159
592620,592780,592791,11,160
592620,592778,592790,12,158
592620,592779,592791,12,159
592620,592780,592792,12,160
592620,592780,592792,12,160
592620,592780,592792,12,160
592355,592449,592793,344,94
592620,592789,592793,4,169
592620,592780,592792,12,160
592620,592783,592794,11,163
592620,592789,592794,5,169
592620,592788,592795,7,168
592620,592788,592795,7,168
592620,592790,592796,6,170
592620,592788,592796,8,168
592620,592795,592798,3,175
592620,592787,592797,10,167
592620,592796,592798,2,176
592620,592794,592798,4,174
592620,592795,592798,3,175
592620,592790,592798,8,170
592620,592796,592798,2,176
592620,592791,592799,8,171
592620,592794,592799,5,174
592620,592793,592800,7,173
592620,592798,592800,2,178
592620,592793,592800,7,173
592620,592792,592800,8,172
592620,592791,592801,10,171
592620,592791,592801,10,171
592620,592792,592801,9,172
592620,592792,592800,8,172
592620,592798,592800,2,178
592620,592798,592800,2,178
592620,592793,592801,8,173
592620,592798,592802,4,178
592620,592798,592801,3,178
592620,592799,592801,2,179
592620,592800,592802,2,180
592620,592791,592801,10,171
592620,592800,592803,3,180
592620,592798,592802,4,178
592620,592800,592804,4,180
592620,592801,592803,2,181
592620,592801,592804,3,181
592620,592801,592804,3,181
592620,592800,592804,4,180
592620,592801,592803,2,181
592620,592801,592804,3,181
592620,592801,592803,2,181
592620,592801,592803,2,181
592646,592803,592804,1,157
592620,592802,592804,2,182
592620,592802,592803,1,182
592620,592801,592805,4,181
592620,592802,592804,2,182
592620,592799,592804,5,179
592620,592802,592804,2,182
592646,592804,592806,2,158
592646,592804,592806,2,158
592646,592803,592805,2,157
592646,592804,592806,2,158
592646,592804,592807,3,158
592646,592804,592807,3,158
592646,592804,592806,2,158
592646,592804,592807,3,158
592646,592804,592809,5,158
592646,592809,592812,3,163
592646,592808,592814,6,162
592646,592804,592813,9,158
592646,592804,592814,10,158
592646,592804,592814,10,158
592646,592804,592815,11,158
592646,592812,592814,2,166
592646,592807,592816,9,161
592646,592805,592816,11,159
592646,592815,592817,2,169
592646,592814,592817,3,168
592646,592814,592816,2,168
592646,592815,592817,2,169
592646,592805,592817,12,159
592646,592807,592817,10,161
592646,592805,592817,12,159
592646,592807,592818,11,161
592646,592807,592818,11,161
592646,592805,592818,13,159
592646,592815,592817,2,169
592646,592815,592817,2,169
592646,592807,592818,11,161
592646,592806,592819,13,160
592646,592817,592820,3,171
592646,592806,592820,14,160
592646,592817,592820,3,171
592646,592816,592820,4,170
592646,592816,592821,5,170
592646,592817,592821,4,171
592267,592341,592821,480,74
592646,592817,592820,3,171
592646,592817,592822,5,171
592646,592818,592822,4,172
592646,592817,592821,4,171
592646,592818,592822,4,172
592646,592817,592821,4,171
592646,592818,592821,3,172
592646,592818,592821,3,172
592646,592820,592823,3,174
592646,592818,592823,5,172
592646,592820,592824,4,174
592646,592820,592824,4,174
592646,592819,592823,4,173
592646,592821,592825,4,175
592646,592821,592825,4,175
592646,592821,592825,4,175
592646,592821,592825,4,175
592646,592821,592824,3,175
592646,592822,592826,4,176
592646,592822,592826,4,176
592646,592822,592825,3,176
592646,592823,592826,3,177
592646,592822,592825,3,176
592646,592822,592826,4,176
592646,592823,592826,3,177
592646,592820,592825,5,174
592646,592823,592825,2,177
592646,592824,592825,1,178
592646,592824,592827,3,178
592646,592824,592827,3,178
592646,592822,592828,6,176
592646,592825,592827,2,179
592646,592825,592827,2,179
592646,592825,592828,3,179
592646,592825,592827,2,179
592646,592825,592827,2,179
592690,592827,592829,2,137
592690,592826,592828,2,136
592690,592826,592829,3,136
592690,592826,592829,3,136
592690,592826,592829,3,136
592690,592826,592829,3,136
592690,592826,592829,3,136
592690,592826,592829,3,136
592690,592827,592831,4,137
592690,592827,592832,5,137
592690,592828,592838,10,138
592690,592828,592839,11,138
592690,592829,592839,10,139
592690,592829,592839,10,139
592690,592829,592840,11,139
592690,592831,592840,9,141
592690,592831,592840,9,141
592690,592828,592840,12,138
592690,592829,592840,11,139
592690,592828,592839,11,138
592690,592830,592841,11,140
592690,592829,592841,12,139
592690,592827,592841,14,137
592690,592828,592841,13,138
592690,592829,592841,12,139
592690,592832,592843,11,142
592690,592830,592843,13,140
592690,592838,592847,9,148
592690,592840,592848,8,150
592690,592840,592848,8,150
592690,592841,592849,8,151
592690,592843,592850,7,153
592690,592840,592850,10,150
592690,592843,592850,7,153
592690,592840,592850,10,150
592690,592840,592850,10,150
592690,592841,592850,9,151
592690,592842,592851,9,152
592690,592839,592851,12,149
592690,592840,592850,10,150
592690,592847,592851,4,157
592690,592840,592850,10,150
592690,592840,592850,10,150
592690,592841,592851,10,151
592690,592848,592851,3,158
592690,592850,592852,2,160
592690,592841,592851,10,151
592690,592849,592853,4,159
592690,592850,592853,3,160
592690,592848,592852,4,158
592690,592850,592854,4,160
592690,592850,592854,4,160
592690,592852,592855,3,162
592690,592851,592855,4,161
592690,592851,592855,4,161
592690,592851,592855,4,161
592690,592851,592855,4,161
592690,592851,592854,3,161
592690,592851,592854,3,161
592690,592851,592856,5,161
592690,592852,592855,3,162
592690,592851,592855,4,161
592690,592850,592855,5,160
592690,592852,592855,3,162
592690,592854,592855,1,164
592690,592853,592857,4,163
592690,592853,592856,3,163
592690,592853,592856,3,163
592690,592854,592856,2,164
592690,592855,592857,2,165
592690,592855,592856,1,165
592762,592856,592857,1,94
592690,592855,592858,3,165
592690,592855,592857,2,165
592690,592855,592857,2,165
592762,592856,592859,3,94
592762,592857,592858,1,95
592762,592856,592858,2,94
592762,592857,592859,2,95
592690,592855,592858,3,165
592762,592857,592860,3,95
592762,592856,592859,3,94
592762,592856,592859,3,94
592762,592857,592861,4,95
592762,592857,592862,5,95
592762,592857,592867,10,95
592762,592858,592868,10,96
592762,592857,592867,10,95
592762,592857,592869,12,95
592762,592859,592870,11,97
592762,592858,592870,12,96
592762,592860,592870,10,98
592762,592860,592870,10,98
592762,592859,592870,11,97
592762,592861,592871,10,99
592762,592858,592870,12,96
592762,592860,592871,11,98
592286,592376,592870,494,90
592762,592868,592872,4,106
592762,592859,592872,13,97
592762,592868,592872,4,106
592762,592859,592872,13,97
592762,592870,592873,3,108
592762,592859,592872,13,97
592762,592862,592872,10,100
592762,592869,592873,4,107
592762,592870,592875,5,108
592762,592867,592875,8,105
592762,592871,592875,4,109
592762,592871,592875,4,109
592762,592871,592876,5,109
592762,592872,592876,4,110
592762,592872,592876,4,110
592762,592870,592875,5,108
592762,592871,592876,5,109
592762,592871,592876,5,109
592762,592873,592876,3,111
592762,592873,592878,5,111
592762,592873,592879,6,111
592762,592875,592879,4,113
592762,592876,592879,3,114
592762,592875,592879,4,113
592762,592875,592879,4,113
592762,592876,592880,4,114
592762,592873,592880,7,111
592762,592875,592880,5,113
592762,592873,592879,6,111
592762,592877,592881,4,115
592762,592876,592880,4,114
592762,592877,592880,3,115
592762,592879,592881,2,117
592762,592873,592881,8,111
592762,592876,592880,4,114
592762,592875,592880,5,113
592762,592876,592880,4,114
592762,592879,592882,3,117
592762,592880,592883,3,118
592762,592879,592883,4,117
592762,592881,592883,2,119
592762,592881,592883,2,119
592762,592879,592883,4,117
592762,592881,592883,2,119
592762,592878,592883,5,116
592762,592881,592884,3,119
592762,592880,592883,3,118
592762,592881,592884,3,119
592762,592879,592884,5,117
592762,592880,592883,3,118
592762,592880,592883,3,118
592766,592883,592885,2,117
592762,592881,592884,3,119
592766,592882,592884,2,116
592766,592883,592884,1,117
592762,592882,592884,2,120
592766,592883,592885,2,117
592766,592883,592884,1,117
592766,592883,592884,1,117
592766,592883,592885,2,117
592766,592884,592886,2,118
592766,592884,592887,3,118
592766,592884,592888,4,118
592766,592888,592892,4,122
592766,592887,592891,4,121
592766,592885,592893,8,119
592766,592884,592894,10,118
592766,592885,592894,9,119
592766,592885,592894,9,119
592766,592885,592895,10,119
592766,592885,592894,9,119
592766,592894,592896,2,128
592766,592885,592896,11,119
592766,592884,592896,12,118
592766,592892,592896,4,126
592766,592886,592896,10,120
592766,592886,592896,10,120
592766,592885,592897,12,119
592766,592892,592896,4,126
592766,592885,592897,12,119
592766,592894,592896,2,128
592766,592895,592897,2,129
592766,592884,592896,12,118
592766,592894,592896,2,128
592766,592895,592896,1,129
592766,592884,592898,14,118
592766,592894,592897,3,128
592766,592896,592898,2,130
592766,592896,592899,3,130
592766,592896,592899,3,130
592766,592896,592899,3,130
592766,592897,592900,3,131
592766,592896,592900,4,130
592766,592897,592900,3,131
592766,592897,592900,3,131
592766,592897,592901,4,131
592766,592898,592899,1,132
592766,592897,592901,4,131
592766,592897,592900,3,131
592766,592897,592901,4,131
592766,592898,592901,3,132
592766,592899,592902,3,133
592766,592899,592903,4,133
592766,592899,592903,4,133
592766,592898,592902,4,132
592766,592900,592902,2,134
592766,592900,592904,4,134
592766,592901,592904,3,135
592766,592900,592904,4,134
592766,592898,592903,5,132
592766,592899,592903,4,133
592766,592901,592904,3,135
592766,592901,592905,4,135
592766,592902,592905,3,136
592766,592901,592905,4,135
592766,592901,592905,4,135
592766,592902,592904,2,136
592766,592903,592906,3,137
592766,592902,592906,4,136
592766,592903,592906,3,137
592766,592904,592905,1,138
592794,592905,592906,1,111
592766,592903,592906,3,137
592766,592904,592907,3,138
592766,592904,592906,2,138
592766,592904,592906,2,138
592794,592905,592907,2,111
592766,592904,592907,3,138
592766,592904,592908,4,138
592766,592904,592907,3,138
592794,592906,592908,2,112
592794,592906,592907,1,112
592794,592906,592908,2,112
592794,592905,592908,3,111
592794,592906,592908,2,112
592794,592906,592908,2,112
592794,592906,592908,2,112
592794,592906,592909,3,112
592794,592907,592913,6,113
592794,592910,592914,4,116
592794,592907,592915,8,113
592794,592908,592916,8,114
592794,592908,592917,9,114
592794,592913,592917,4,119
592794,592908,592917,9,114
592794,592909,592918,9,115
592794,592914,592918,4,120
592794,592907,592918,11,113
592794,592909,592917,8,115
592794,592908,592919,11,114
592794,592907,592919,12,113
592794,592908,592919,11,114
592794,592915,592918,3,121
592794,592916,592918,2,122
592794,592918,592920,2,124
592794,592908,592919,11,114
592794,592909,592919,10,115
592794,592918,592920,2,124
592794,592908,592920,12,114
592794,592917,592919,2,123
592794,592918,592921,3,124
592794,592918,592921,3,124
592794,592917,592920,3,123
592794,592917,592920,3,123
592794,592919,592922,3,125
592794,592920,592922,2,126
592794,592919,592923,4,125
592794,592919,592923,4,125
592794,592919,592922,3,125
592794,592919,592923,4,125
592794,592920,592923,3,126
592794,592920,592924,4,126
592794,592920,592924,4,126
592794,592921,592924,3,127
592794,592920,592923,3,126
592794,592920,592923,3,126
592794,592921,592925,4,127
592794,592921,592925,4,127
592794,592921,592925,4,127
592794,592923,592926,3,129
592794,592922,592925,3,128
592794,592924,592927,3,130
592794,592923,592927,4,129
592794,592924,592926,2,130
592794,592922,592927,5,128
592794,592923,592927,4,129
592794,592923,592928,5,129
592794,592924,592928,4,130
592794,592923,592928,5,129
592794,592926,592928,2,132
592794,592925,592928,3,131
592794,592924,592929,5,130
592794,592926,592928,2,132
592794,592927,592929,2,133
592794,592925,592929,4,131
592794,592927,592929,2,133
592794,592924,592928,4,130
592794,592925,592928,3,131
592822,592928,592930,2,106
592794,592927,592930,3,133
592822,592928,592930,2,106
592794,592927,592931,4,133
592794,592928,592931,3,134
592794,592928,592931,3,134
592822,592929,592930,1,107
592822,592929,592930,1,107
592794,592927,592930,3,133
592822,592929,592932,3,107
592822,592929,592931,2,107
592822,592929,592932,3,107
592822,592929,592931,2,107
592822,592929,592933,4,107
592822,592930,592934,4,108
592822,592931,592940,9,109
592822,592934,592940,6,112
592822,592931,592941,10,109
592822,592932,592940,8,110
592822,592932,592942,10,110
592822,592930,592942,12,108
592822,592930,592942,12,108
592822,592932,592942,10,110
592822,592941,592943,2,119
592822,592931,592942,11,109
592822,592931,592944,13,109
592822,592932,592944,12,110
592822,592940,592943,3,118
592822,592931,592943,12,109
592822,592933,592943,10,111
592822,592931,592945,14,109
592822,592942,592945,3,120
592822,592942,592944,2,120
592822,592940,592944,4,118
592822,592943,592944,1,121
592822,592942,592945,3,120
592822,592943,592945,2,121
592822,592942,592945,3,120
592822,592944,592947,3,122
592822,592944,592947,3,122
592822,592944,592947,3,122
592822,592945,592948,3,123
592822,592944,592948,4,122
592822,592945,592948,3,123
592822,592945,592949,4,123
592822,592945,592949,4,123
592822,592945,592948,3,123
592822,592945,592948,3,123
592822,592945,592950,5,123
592822,592946,592950,4,124
592822,592946,592950,4,124
592822,592948,592951,3,126
592822,592947,592951,4,125
592822,592947,592950,3,125
592822,592947,592951,4,125
592822,592946,592951,5,124
592822,592949,592952,3,127
592822,592949,592952,3,127
592822,592948,592952,4,126
592822,592949,592953,4,127
592822,592949,592953,4,127
592822,592948,592953,5,126
592822,592950,592954,4,128
592822,592951,592954,3,129
592822,592951,592954,3,129
592822,592950,592954,4,128
592822,592951,592954,3,129
592822,592953,592955,2,131
592822,592953,592955,2,131
592822,592952,592954,2,130
592822,592952,592954,2,130
592822,592951,592956,5,129
592822,592953,592956,3,131
592822,592952,592956,4,130
592822,592954,592956,2,132
592822,592951,592955,4,129
592822,592954,592957,3,132
592872,592955,592957,2,83
592822,592953,592956,3,131
592822,592954,592957,3,132
592872,592955,592957,2,83
592872,592955,592957,2,83
592872,592956,592958,2,84
592872,592955,592957,2,83
592872,592956,592958,2,84
592822,592955,592957,2,133
592872,592956,592959,3,84
592872,592956,592958,2,84
592872,592956,592959,3,84
592872,592957,592961,4,85
592872,592957,592967,10,85
592408,592483,592967,484,75
592872,592958,592968,10,86
592872,592958,592968,10,86
592872,592958,592968,10,86
592872,592959,592969,10,87
592872,592958,592969,11,86
592872,592959,592968,9,87
592872,592958,592968,10,86
592872,592958,592970,12,86
592872,592961,592969,8,89
592872,592959,592971,12,87
592872,592957,592971,14,85
592872,592968,592971,3,96
592872,592957,592971,14,85
592872,592969,592971,2,97
592872,592967,592972,5,95
592872,592970,592972,2,98
592872,592969,592972,3,97
592872,592968,592972,4,96
592872,592969,592973,4,97
592872,592968,592972,4,96
592872,592969,592973,4,97
592872,592971,592974,3,99
592872,592971,592974,3,99
592872,592970,592973,3,98
592872,592972,592975,3,100
592872,592971,592975,4,99
592872,592967,592975,8,95
592872,592971,592975,4,99
592872,592971,592975,4,99
592872,592972,592976,4,100
592872,592972,592976,4,100
592872,592973,592976,3,101
592872,592973,592977,4,101
592872,592974,592977,3,102
592872,592973,592977,4,101
592872,592974,592977,3,102
592872,592975,592978,3,103
592872,592974,592978,4,102
592872,592975,592978,3,103
592872,592975,592979,4,103
592872,592974,592978,4,102
592872,592975,592979,4,103
592872,592975,592979,4,103
592872,592977,592980,3,105
592872,592977,592980,3,105
592872,592976,592980,4,104
592872,592976,592979,3,104
592872,592978,592981,3,106
592872,592976,592981,5,104
592872,592978,592981,3,106
592872,592977,592981,4,105
592872,592977,592981,4,105
592872,592979,592982,3,107
592872,592979,592982,3,107
592872,592979,592981,2,107
592872,592980,592982,2,108
592872,592981,592983,2,109
592872,592980,592983,3,108
592872,592979,592982,3,107
592872,592979,592982,3,107
592872,592980,592984,4,108
592970,592982,592984,2,12
592872,592981,592983,2,109
592872,592980,592983,3,108
592970,592982,592984,2,12
592872,592981,592983,2,109
592970,592983,592985,2,13
592970,592982,592985,3,12
592970,592981,592984,3,11
592970,592983,592984,1,13
592970,592983,592986,3,13
592970,592983,592985,2,13
592970,592983,592987,4,13
592970,592984,592987,3,14
592970,592984,592988,4,14
592970,592984,592992,8,14
592970,592985,592994,9,15
592970,592985,592993,8,15
592970,592985,592995,10,15
592970,592984,592995,11,14
592970,592984,592995,11,14
592970,592986,592996,10,16
592970,592984,592995,11,14
592970,592988,592997,9,18
592970,592994,592998,4,24
592970,592987,592998,11,17
592970,592985,592998,13,15
592970,592992,592998,6,22
592970,592998,592999,1,28
592970,592996,592999,3,26
592970,592995,592999,4,25
592970,592994,592998,4,24
592970,592997,592998,1,27
592970,592987,593000,13,17
592970,592995,592999,4,25
592970,592996,592999,3,26
592970,592995,592999,4,25
592970,592998,593001,3,28
592970,592998,593001,3,28
592970,592999,593002,3,29
592970,592999,593002,3,29
592429,592539,593002,463,110
592970,592986,593001,15,16
592970,592999,593003,4,29
592970,592999,593002,3,29
592970,592999,593003,4,29
592970,592999,593002,3,29
592970,593000,593003,3,30
592970,593000,593004,4,30
592970,593000,593003,3,30
592970,593000,593004,4,30
592970,593001,593005,4,31
592970,593001,593004,3,31
592970,593002,593006,4,32
592970,593003,593006,3,33
592970,593003,593007,4,33
592970,593003,593007,4,33
592970,593003,593006,3,33
592970,593003,593008,5,33
592970,593002,593008,6,32
592970,593002,593008,6,32
592970,593006,593008,2,36
592970,593002,593007,5,32
592970,593006,593007,1,36
592970,593005,593009,4,35
592970,593004,593008,4,34
592970,593005,593008,3,35
592970,593007,593010,3,37
592970,593008,593010,2,38
592970,593004,593009,5,34
592970,593005,593010,5,35
592970,593008,593011,3,38
592970,593009,593011,2,39
592970,593007,593010,3,37
592970,593008,593010,2,38
593002,593010,593011,1,8
592970,593008,593010,2,38
592970,593008,593010,2,38
592970,593008,593012,4,38
593002,593010,593012,2,8
592970,593007,593011,4,37
592970,593009,593011,2,39
593002,593011,593012,1,9
593002,593011,593013,2,9
593002,593010,593012,2,8
593002,593011,593013,2,9
593002,593011,593014,3,9
593002,593011,593013,2,9
593002,593010,593013,3,8
593002,593011,593015,4,9
593002,593011,593019,8,9
592428,592539,593022,483,111
593002,593012,593022,10,10
593002,593013,593022,9,11
593002,593013,593023,10,11
593002,593013,593023,10,11
593002,593014,593024,10,12
593002,593012,593024,12,10
593002,593012,593024,12,10
593002,593014,593025,11,12
593002,593013,593024,11,11
593002,593022,593025,3,20
593002,593022,593025,3,20
593002,593023,593026,3,21
593002,593012,593026,14,10
593002,593015,593026,11,13
593002,593024,593027,3,22
593002,593025,593027,2,23
593002,593023,593027,4,21
593002,593020,593028,8,18
593002,593025,593028,3,23
593002,593025,593028,3,23
593002,593024,593027,3,22
593002,593025,593028,3,23
593002,593014,593028,14,12
593002,593022,593029,7,20
593002,593026,593028,2,24
593002,593026,593028,2,24
593002,593026,593030,4,24
593002,593028,593030,2,26
593002,593028,593030,2,26
593002,593027,593030,3,25
593002,593027,593031,4,25
593002,593026,593031,5,24
593002,593028,593031,3,26
593002,593027,593031,4,25
593002,593028,593032,4,26
593002,593030,593033,3,28
593002,593028,593033,5,26
593002,593029,593034,5,27
593002,593029,593034,5,27
593002,593031,593034,3,29
593002,593031,593034,3,29
593002,593031,593034,3,29
593002,593031,593035,4,29
593002,593032,593035,3,30
592510,592668,593034,366,158
593002,593030,593034,4,28
593002,593030,593034,4,28
593002,593030,593034,4,28
593002,593034,593036,2,32
593002,593034,593036,2,32
593002,593029,593035,6,27
593002,593028,593035,7,26
593002,593033,593037,4,31
593002,593034,593037,3,32
593002,593033,593036,3,31
593002,593035,593037,2,33
592436,592566,593037,471,130
593002,593035,593038,3,33
593002,593036,593038,2,34
593002,593035,593038,3,33
593002,593034,593038,4,32
593002,593036,593038,2,34
593023,593037,593039,2,14
593002,593035,593038,3,33
593002,593035,593038,3,33
593002,593035,593038,3,33
593002,593035,593039,4,33
593023,593037,593040,3,14
593023,593037,593040,3,14
593023,593037,593040,3,14
593023,593037,593039,2,14
593023,593038,593039,1,15
593023,593037,593039,2,14
593023,593038,593040,2,15
593023,593038,593041,3,15
593023,593038,593041,3,15
593023,593038,593043,5,15
593023,593043,593047,4,20
593023,593042,593047,5,19
593023,593039,593049,10,16
593023,593039,593048,9,16
593023,593040,593050,10,17
593023,593040,593050,10,17
593023,593040,593049,9,17
593023,593041,593050,9,18
593023,593039,593051,12,16
593023,593047,593051,4,24
593023,593039,593051,12,16
593023,593040,593051,11,17
593023,593050,593052,2,27
593023,593040,593052,12,17
593023,593039,593052,13,16
593023,593047,593051,4,24
593023,593041,593051,10,18
593023,593049,593052,3,26
593023,593040,593052,12,17
593023,593049,593052,3,26
593023,593050,593052,2,27
593023,593051,593054,3,28
593023,593050,593053,3,27
593023,593050,593053,3,27
593023,593052,593055,3,29
593023,593051,593055,4,28
593023,593053,593055,2,30
593023,593051,593054,3,28
593023,593052,593056,4,29
593023,593052,593056,4,29
593023,593052,593056,4,29
593023,593051,593056,5,28
593023,593053,593055,2,30
593023,593053,593055,2,30
593023,593053,593055,2,30
593023,593052,593056,4,29
593023,593054,593058,4,31
593023,593055,593058,3,32
593023,593056,593059,3,33
593023,593055,593059,4,32
593023,593055,593059,4,32
593023,593055,593060,5,32
593023,593056,593060,4,33
593023,593058,593060,2,35
593023,593056,593060,4,33
593023,593056,593060,4,33
593023,593056,593059,3,33
593023,593056,593060,4,33
593023,593054,593060,6,31
593023,593056,593060,4,33
593023,593054,593060,6,31
592537,592696,593060,364,159
593023,593059,593061,2,36
593023,593057,593060,3,34
593023,593059,593061,2,36
593023,593059,593062,3,36
593023,593060,593062,2,37
593023,593059,593062,3,36
593023,593060,593063,3,37
593023,593060,593063,3,37
593023,593060,593062,2,37
593023,593060,593062,2,37
593023,593061,593063,2,38
593023,593060,593063,3,37
593023,593060,593062,2,37
593036,593061,593063,2,25
593036,593061,593064,3,25
593036,593062,593064,2,26
593036,593062,593063,1,26
593036,593062,593065,3,26
593036,593062,593065,3,26
593036,593061,593065,4,25
593036,593061,593064,3,25
593036,593063,593067,4,27
593036,593063,593067,4,27
593036,593063,593070,7,27
593036,593064,593073,9,28
593036,593064,593073,9,28
593036,593064,593073,9,28
593036,593063,593074,11,27
593036,593064,593074,10,28
593036,593065,593075,10,29
593036,593063,593075,12,27
593036,593063,593075,12,27
593036,593063,593076,13,27
593036,593065,593076,11,29
593036,593065,593077,12,29
592464,592593,593078,485,129
593036,593065,593079,14,29
593036,593067,593080,13,31
593036,593067,593081,14,31
593036,593070,593080,10,34
593036,593073,593083,10,37
593036,593073,593082,9,37
593036,593073,593083,10,37
593036,593081,593084,3,45
593036,593075,593084,9,39
593036,593081,593085,4,45
593036,593075,593085,10,39
593036,593075,593086,11,39
593036,593080,593086,6,44
593036,593076,593086,10,40
593036,593076,593086,10,40
593036,593083,593085,2,47
593036,593083,593085,2,47
593036,593084,593086,2,48
593036,593076,593087,11,40
593036,593083,593086,3,47
593036,593074,593087,13,38
593036,593078,593088,10,42
593036,593077,593087,10,41
593036,593084,593089,5,48
593036,593079,593090,11,43
593036,593086,593090,4,50
593036,593086,593090,4,50
593036,593087,593090,3,51
593036,593086,593090,4,50
593036,593087,593091,4,51
593036,593086,593090,4,50
593036,593086,593091,5,50
593036,593086,593090,4,50
593036,593089,593091,2,53
593036,593089,593092,3,53
593036,593090,593092,2,54
593036,593085,593092,7,49
593036,593087,593091,4,51
593036,593090,593092,2,54
593036,593085,593092,7,49
593036,593088,593092,4,52
593036,593090,593093,3,54
593036,593090,593092,2,54
593036,593091,593093,2,55
593036,593091,593093,2,55
593036,593086,593092,6,50
593036,593091,593094,3,55
593038,593092,593094,2,54
593036,593091,593093,2,55
593036,593092,593094,2,56
593036,593091,593094,3,55
593038,593093,593094,1,55
593036,593092,593095,3,56
593036,593092,593095,3,56
593038,593092,593095,3,54
593036,593091,593094,3,55
593038,593093,593095,2,55
593038,593093,593095,2,55
593038,593093,593095,2,55
593038,593093,593096,3,55
593038,593093,593096,3,55
593038,593094,593096,2,56
593038,593094,593098,4,56
593038,593094,593102,8,56
593038,593096,593105,9,58
593038,593096,593105,9,58
593038,593095,593105,10,57
593038,593098,593106,8,60
593038,593094,593105,11,56
593038,593097,593106,9,59
593038,593096,593106,10,58
593038,593094,593106,12,56
593038,593095,593107,12,57
593038,593096,593106,10,58
593038,593106,593108,2,68
593038,593106,593108,2,68
593038,593097,593108,11,59
593038,593095,593108,13,57
593038,593095,593109,14,57
593038,593102,593108,6,64
593038,593105,593109,4,67
593038,593106,593109,3,68
593038,593106,593109,3,68
593038,593105,593108,3,67
593038,593106,593108,2,68
593038,593106,593110,4,68
593038,593097,593110,13,59
593038,593108,593111,3,70
593038,593108,593111,3,70
593038,593107,593111,4,69
593038,593107,593110,3,69
593038,593108,593110,2,70
593038,593109,593110,1,71
593038,593109,593110,1,71
593038,593109,593112,3,71
593038,593108,593112,4,70
593038,593109,593112,3,71
593038,593110,593113,3,72
593038,593109,593112,3,71
593038,593111,593115,4,73
593038,593110,593114,4,72
593038,593112,593115,3,74
593038,593112,593116,4,74
593038,593111,593115,4,73
593038,593113,593116,3,75
593038,593111,593116,5,73
593038,593112,593115,3,74
593038,593112,593115,3,74
593038,593111,593116,5,73
593038,593112,593116,4,74
593038,593111,593116,5,73
593038,593115,593117,2,77
593038,593113,593117,4,75
593038,593110,593116,6,72
593038,593115,593117,2,77
593038,593116,593118,2,78
593038,593116,593117,1,78
593038,593115,593118,3,77
593038,593116,593118,2,78
593038,593110,593117,7,72
593038,593116,593119,3,78
593038,593116,593118,2,78
593038,593116,593119,3,78
593038,593116,593119,3,78
593038,593116,593119,3,78
593038,593116,593119,3,78
593038,593117,593118,1,79
593038,593117,593120,3,79
593062,593118,593120,2,56
593062,593118,593120,2,56
593062,593119,593121,2,57
593062,593118,593120,2,56
593062,593118,593121,3,56
593062,593118,593121,3,56
593062,593119,593121,2,57
593062,593119,593121,2,57
593062,593118,593121,3,56
593062,593119,593123,4,57
592498,592643,593125,482,145
592608,592775,593128,353,167
593062,593119,593129,10,57
593062,593119,593130,11,57
593062,593120,593130,10,58
593062,593121,593130,9,59
592499,592644,593131,487,145
593062,593120,593131,11,58
593062,593119,593131,12,57
593062,593121,593130,9,59
593062,593121,593130,9,59
593062,593122,593131,9,60
593062,593121,593131,10,59
593062,593123,593133,10,61
593062,593123,593133,10,61
593062,593121,593134,13,59
593062,593125,593136,11,63
593062,593123,593137,14,61
593062,593133,593138,5,71
593062,593128,593138,10,66
593062,593134,593139,5,72
593062,593130,593139,9,68
593062,593130,593139,9,68
593062,593136,593140,4,74
593062,593129,593140,11,67
593062,593138,593140,2,76
593062,593130,593140,10,68
593062,593131,593141,10,69
593062,593131,593140,9,69
593062,593131,593140,9,69
593062,593132,593141,9,70
593062,593138,593140,2,76
593062,593133,593140,7,71
593062,593137,593141,4,75
593062,593131,593142,11,69
593062,593139,593142,3,77
593062,593139,593143,4,77
593062,593131,593143,12,69
593062,593132,593143,11,70
593062,593139,593145,6,77
593062,593141,593145,4,79
593062,593141,593145,4,79
593062,593141,593145,4,79
593062,593141,593146,5,79
593062,593140,593146,6,78
593062,593141,593145,4,79
593062,593143,593146,3,81
593062,593140,593145,5,78
593062,593141,593145,4,79
593062,593142,593146,4,80
593062,593141,593147,6,79
593062,593145,593147,2,83
593062,593145,593147,2,83
593062,593141,593147,6,79
593062,593143,593146,3,81
593062,593145,593147,2,83
593062,593143,593147,4,81
593062,593140,593148,8,78
593062,593146,593148,2,84
593062,593146,593148,2,84
593079,593147,593149,2,68
593062,593146,593149,3,84
593062,593143,593148,5,81
593062,593147,593149,2,85
593062,593146,593149,3,84
593062,593145,593148,3,83
593079,593147,593149,2,68
593062,593146,593148,2,84
593062,593146,593148,2,84
593079,593147,593149,2,68
593062,593146,593150,4,84
593079,593148,593149,1,69
593079,593148,593151,3,69
593079,593149,593151,2,70
593079,593148,593150,2,69
593079,593149,593151,2,70
593079,593149,593152,3,70
593079,593149,593154,5,70
593079,593149,593157,8,70
593079,593149,593160,11,70
593079,593152,593161,9,73
593079,593152,593160,8,73
593079,593149,593160,11,70
593079,593150,593161,11,71
593079,593150,593161,11,71
593079,593149,593161,12,70
593079,593149,593161,12,70
593079,593151,593162,11,72
593079,593151,593161,10,72
593079,593149,593162,13,70
593079,593151,593161,10,72
593079,593149,593163,14,70
593079,593152,593162,10,73
593079,593161,593164,3,82
593079,593154,593164,10,75
593079,593161,593163,2,82
593079,593161,593163,2,82
593079,593162,593165,3,83
593079,593162,593165,3,83
593079,593162,593165,3,83
593079,593162,593164,2,83
593079,593163,593166,3,84
593079,593162,593166,4,83
593079,593162,593165,3,83
593079,593161,593165,4,82
593079,593164,593166,2,85
593079,593162,593165,3,83
593079,593163,593165,2,84
593079,593164,593167,3,85
593079,593160,593168,8,81
593079,593164,593167,3,85
593079,593157,593169,12,78
593079,593164,593168,4,85
593079,593166,593170,4,87
593079,593166,593170,4,87
593079,593167,593170,3,88
593079,593165,593169,4,86
593079,593166,593171,5,87
593079,593165,593171,6,86
593079,593168,593170,2,89
593079,593166,593171,5,87
593079,593165,593171,6,86
593079,593166,593171,5,87
593079,593166,593171,5,87
593079,593169,593172,3,90
593079,593165,593171,6,86
593079,593169,593173,4,90
593079,593166,593173,7,87
593079,593170,593172,2,91
593079,593171,593173,2,92
593079,593170,593173,3,91
593079,593171,593172,1,92
593079,593168,593173,5,89
593079,593171,593174,3,92
593079,593171,593174,3,92
593079,593172,593174,2,93
593079,593171,593174,3,92
593079,593171,593174,3,92
593079,593171,593173,2,92
593079,593172,593175,3,93
593079,593170,593174,4,91
593079,593173,593175,2,94
593130,593173,593175,2,43
593130,593173,593176,3,43
593130,593174,593175,1,44
593079,593172,593175,3,93
593130,593174,593176,2,44
593130,593173,593175,2,43
593130,593174,593177,3,44
593130,593174,593176,2,44
593130,593174,593176,2,44
593130,593173,593178,5,43
593130,593174,593180,6,44
593130,593174,593182,8,44
593130,593176,593185,9,46
593130,593175,593185,10,45
593130,593176,593186,10,46
593130,593176,593187,11,46
593130,593175,593187,12,45
593130,593175,593187,12,45
593130,593176,593188,12,46
593130,593177,593187,10,47
593130,593176,593188,12,46
593130,593175,593189,14,45
593130,593177,593188,11,47
593130,593179,593189,10,49
593130,593178,593188,10,48
593130,593180,593190,10,50
593130,593188,593191,3,58
593130,593182,593191,9,52
593130,593188,593192,4,58
593130,593187,593192,5,57
593130,593189,593192,3,59
593130,593190,593193,3,60
593130,593189,593193,4,59
593130,593185,593193,8,55
593130,593188,593193,5,58
593130,593189,593192,3,59
593130,593190,593193,3,60
593130,593185,593193,8,55
593130,593187,593194,7,57
593130,593186,593194,8,56
593130,593191,593194,3,61
593130,593191,593195,4,61
593130,593192,593197,5,62
593130,593187,593196,9,57
593130,593192,593198,6,62
593130,593194,593198,4,64
593130,593192,593198,6,62
593130,593195,593198,3,65
593130,593193,593199,6,63
593130,593194,593198,4,64
593130,593193,593199,6,63
593130,593194,593199,5,64
593130,593193,593200,7,63
593130,593193,593199,6,63
593130,593193,593199,6,63
593130,593193,593199,6,63
593130,593193,593201,8,63
593130,593197,593201,4,67
593130,593198,593200,2,68
593130,593199,593201,2,69
593130,593198,593200,2,68
593130,593199,593201,2,69
593130,593199,593200,1,69
593130,593198,593202,4,68
593130,593199,593202,3,69
592691,592855,593202,347,164
593130,593198,593202,4,68
593130,593197,593201,4,67
593130,593201,593203,2,71
593130,593200,593203,3,70
593130,593201,593203,2,71
593130,593200,593204,4,70
593130,593201,593204,3,71
593130,593200,593203,3,70
593130,593201,593203,2,71
593130,593201,593204,3,71
593130,593201,593203,2,71
593130,593200,593204,4,70
593130,593202,593205,3,72
593130,593202,593205,3,72
593130,593201,593204,3,71
593130,593202,593204,2,72
593130,593202,593206,4,72
593130,593202,593205,3,72
593130,593203,593205,2,73
593130,593203,593206,3,73
593130,593203,593208,5,73
592539,592721,593211,490,182
593130,593204,593212,8,74
593130,593204,593213,9,74
593130,593204,593213,9,74
593130,593204,593214,10,74
593130,593205,593215,10,75
593130,593204,593215,11,74
593130,593205,593215,10,75
593130,593205,593216,11,75
593130,593205,593215,10,75
593130,593204,593216,12,74
593130,593207,593217,10,77
593130,593205,593216,11,75
593130,593206,593218,12,76
593130,593207,593217,10,77
593130,593207,593220,13,77
593130,593208,593222,14,78
593130,593212,593222,10,82
593130,593218,593223,5,88
593130,593211,593223,12,81
593130,593213,593224,11,83
593130,593220,593224,4,90
593130,593222,593224,2,92
593130,593215,593225,10,85
593130,593213,593225,12,83
593130,593217,593226,9,87
593130,593216,593226,10,86
593130,593216,593226,10,86
593130,593214,593225,11,84
593130,593217,593225,8,87
593130,593216,593227,11,86
593130,593222,593227,5,92
593130,593223,593226,3,93
593130,593215,593226,11,85
593130,593218,593228,10,88
593130,593215,593227,12,85
593130,593224,593229,5,94
593130,593224,593229,5,94
593130,593223,593230,7,93
593130,593224,593230,6,94
593130,593226,593230,4,96
593130,593227,593229,2,97
593130,593226,593231,5,96
593130,593226,593231,5,96
593130,593225,593231,6,95
593130,593227,593231,4,97
593130,593225,593230,5,95
593130,593227,593230,3,97
593130,593227,593230,3,97
593130,593227,593231,4,97
593130,593227,593231,4,97
593130,593228,593232,4,98
593130,593230,593232,2,100
593130,593228,593232,4,98
593130,593229,593231,2,99
593130,593230,593232,2,100
593130,593230,593233,3,100
593130,593231,593233,2,101
593130,593231,593232,1,101
593130,593231,593232,1,101
593130,593230,593233,3,100
593130,593231,593234,3,101
593130,593231,593234,3,101
593130,593231,593234,3,101
593130,593231,593234,3,101
593130,593230,593233,3,100
593131,593232,593235,3,101
593131,593233,593234,1,102
593131,593232,593235,3,101
593131,593232,593235,3,101
593131,593233,593235,2,102
593131,593232,593235,3,101
593131,593232,593235,3,101
593131,593233,593235,2,102
593131,593232,593237,5,101
593131,593233,593238,5,102
593131,593235,593244,9,104
593131,593234,593244,10,103
593131,593233,593244,11,102
593131,593235,593245,10,104
593131,593234,593246,12,103
593131,593235,593245,10,104
593131,593236,593245,9,105
593131,593236,593247,11,105
593131,593234,593247,13,103
593131,593236,593246,10,105
593131,593234,593247,13,103
593131,593234,593247,13,103
593131,593238,593248,10,107
593131,593235,593247,12,104
593131,593236,593248,12,105
593131,593237,593249,12,106
593131,593244,593252,8,113
593131,593245,593254,9,114
593131,593244,593254,10,113
593131,593246,593254,8,115
593131,593245,593254,9,114
593131,593246,593255,9,115
593131,593247,593256,9,116
593131,593246,593256,10,115
593131,593247,593257,10,116
593131,593247,593257,10,116
593131,593248,593258,10,117
593131,593248,593258,10,117
593131,593247,593259,12,116
593131,593249,593259,10,118
593131,593247,593259,12,116
593131,593248,593258,10,117
593131,593252,593260,8,121
593131,593254,593260,6,123
593131,593254,593261,7,123
593131,593255,593261,6,124
593131,593254,593262,8,123
593131,593256,593261,5,125
593131,593260,593262,2,129
593131,593258,593263,5,127
593131,593258,593263,5,127
593131,593257,593263,6,126
593131,593255,593262,7,124
593131,593259,593263,4,128
593131,593261,593263,2,130
593131,593262,593264,2,131
593131,593259,593264,5,128
593131,593260,593263,3,129
593131,593262,593264,2,131
593131,593256,593263,7,125
593131,593261,593263,2,130
593131,593262,593265,3,131
593131,593263,593265,2,132
593131,593259,593265,6,128
593131,593257,593265,8,126
593131,593263,593266,3,132
593131,593262,593265,3,131
593131,593263,593266,3,132
592607,592775,593266,491,168
593131,593263,593265,2,132
593131,593264,593266,2,133
593131,593264,593266,2,133
593131,593263,593266,3,132
593131,593264,593266,2,133
593131,593264,593266,2,133
593203,593265,593267,2,62
593203,593266,593268,2,63
593203,593265,593268,3,62
593131,593264,593268,4,133
593203,593266,593268,2,63
593203,593265,593267,2,62
593203,593266,593268,2,63
593203,593266,593268,2,63
593203,593265,593269,4,62
593203,593266,593269,3,63
593203,593266,593271,5,63
593203,593267,593275,8,64
593203,593267,593277,10,64
593203,593267,593277,10,64
593203,593267,593278,11,64
593203,593267,593278,11,64
593203,593268,593279,11,65
593203,593268,593279,11,65
593203,593268,593279,11,65
593203,593268,593280,12,65
593203,593268,593281,13,65
593203,593271,593281,10,68
593203,593268,593281,13,65
593203,593269,593282,13,66
593203,593269,593281,12,66
593203,593270,593283,13,67
593203,593275,593284,9,72
593203,593281,593285,4,78
593203,593281,593286,5,78
592620,592802,593286,484,182
593203,593277,593286,9,74
593203,593280,593287,7,77
593203,593280,593286,6,77
593203,593281,593287,6,78
593203,593278,593288,10,75
593203,593284,593288,4,81
593203,593282,593289,7,79
593203,593279,593289,10,76
593203,593283,593289,6,80
593203,593278,593288,10,75
593203,593278,593289,11,75
593203,593283,593290,7,80
593203,593286,593290,4,83
593203,593285,593290,5,82
593203,593279,593291,12,76
593203,593286,593291,5,83
593203,593286,593292,6,83
593203,593287,593293,6,84
593203,593288,593293,5,85
593203,593287,593292,5,84
593203,593289,593294,5,86
593203,593290,593293,3,87
593203,593288,593294,6,85
593203,593289,593293,4,86
593203,593287,593294,7,84
593203,593290,593295,5,87
593203,593290,593295,5,87
593203,593291,593295,4,88
593203,593291,593294,3,88
593203,593289,593294,5,86
593203,593290,593294,4,87
593203,593293,593296,3,90
593203,593294,593296,2,91
593203,593293,593295,2,90
593203,593294,593296,2,91
593203,593293,593296,3,90
593203,593289,593295,6,86
593203,593294,593297,3,91
593203,593294,593296,2,91
593203,593295,593297,2,92
593203,593292,593296,4,89
593216,593296,593298,2,80
593216,593296,593297,1,80
593203,593295,593298,3,92
593203,593294,593298,4,91
593216,593296,593298,2,80
593203,593295,593298,3,92
593203,593295,593297,2,92
593203,593295,593299,4,92
593216,593297,593299,2,81
593203,593295,593298,3,92
593216,593297,593299,2,81
593216,593297,593299,2,81
593216,593297,593300,3,81
593216,593296,593299,3,80
593216,593296,593300,4,80
593216,593298,593302,4,82
593216,593298,593306,8,82
593216,593298,593308,10,82
593216,593298,593308,10,82
593216,593298,593309,11,82
593216,593299,593309,10,83
593216,593300,593309,9,84
593216,593299,593308,9,83
593216,593298,593310,12,82
593216,593300,593309,9,84
593216,593300,593310,10,84
593216,593298,593310,12,82
593216,593299,593310,11,83
593216,593302,593311,9,86
593216,593300,593312,12,84
593216,593301,593312,11,85
593216,593312,593316,4,96
593216,593309,593317,8,93
593216,593311,593318,7,95
593216,593308,593318,10,92
593216,593312,593318,6,96
593216,593308,593318,10,92
593216,593309,593319,10,93
593216,593307,593318,11,91
593216,593310,593319,9,94
593216,593309,593319,10,93
593216,593310,593319,9,94
593216,593317,593320,3,101
593216,593310,593320,10,94
593216,593318,593321,3,102
593216,593318,593320,2,102
593216,593310,593321,11,94
593216,593317,593321,4,101
593216,593310,593322,12,94
593216,593318,593322,4,102
593216,593319,593323,4,103
593216,593310,593323,13,94
593216,593319,593323,4,103
593216,593319,593324,5,103
593216,593319,593324,5,103
593216,593320,593324,4,104
593216,593321,593324,3,105
592647,592826,593324,498,179
593216,593320,593325,5,104
593216,593319,593325,6,103
593216,593320,593324,4,104
593216,593321,593324,3,105
593216,593322,593326,4,106
593216,593321,593326,5,105
593216,593323,593326,3,107
593216,593323,593327,4,107
593216,593322,593327,5,106
593216,593324,593327,3,108
593216,593321,593327,6,105
593216,593324,593326,2,108
593216,593323,593328,5,107
593216,593325,593327,2,109
593216,593325,593328,3,109
593216,593325,593328,3,109
593216,593326,593327,1,110
593216,593324,593327,3,108
593216,593325,593328,3,109
593216,593324,593327,3,108
593216,593326,593329,3,110
593216,593326,593329,3,110
593216,593327,593329,2,111
593216,593325,593328,3,109
593267,593327,593329,2,60
593267,593328,593330,2,61
593267,593327,593329,2,60
593267,593328,593330,2,61
593267,593327,593329,2,60
593267,593328,593330,2,61
593267,593328,593330,2,61
593267,593328,593331,3,61
593267,593328,593332,4,61
593267,593328,593333,5,61
593267,593330,593338,8,63
593267,593330,593339,9,63
593267,593330,593339,9,63
593267,593330,593339,9,63
593267,593329,593339,10,62
593267,593329,593339,10,62
593267,593330,593339,9,63
593267,593331,593340,9,64
593267,593330,593340,10,63
593267,593331,593339,8,64
593267,593329,593341,12,62
593267,593329,593342,13,62
593267,593331,593344,13,64
593267,593332,593344,12,65
593267,593333,593344,11,66
593267,593339,593348,9,72
593267,593338,593349,11,71
593267,593339,593349,10,72
593267,593340,593350,10,73
593267,593340,593349,9,73
593267,593340,593350,10,73
593267,593340,593350,10,73
593267,593339,593349,10,72
593267,593340,593349,9,73
593267,593344,593350,6,77
593267,593345,593350,5,78
593267,593340,593352,12,73
593267,593349,593352,3,82
593267,593348,593351,3,81
593267,593350,593352,2,83
593267,593350,593353,3,83
593267,593341,593352,11,74
593267,593344,593354,10,77
593267,593342,593354,12,75
593267,593350,593354,4,83
593267,593350,593355,5,83
593267,593350,593355,5,83
593267,593351,593356,5,84
593267,593352,593356,4,85
593267,593350,593356,6,83
593267,593350,593356,6,83
593267,593352,593356,4,85
593267,593351,593356,5,84
593267,593352,593357,5,85
593267,593352,593356,4,85
593267,593354,593358,4,87
593267,593355,593358,3,88
593267,593356,593358,2,89
593267,593354,593358,4,87
593267,593353,593357,4,86
593267,593353,593357,4,86
593267,593355,593359,4,88
593267,593356,593359,3,89
593267,593357,593360,3,90
592762,592882,593360,478,120
593267,593357,593360,3,90
593267,593356,593359,3,89
593267,593358,593360,2,91
593267,593356,593359,3,89
593267,593358,593360,2,91
593267,593358,593359,1,91
593267,593358,593361,3,91
593267,593357,593361,4,90
593267,593357,593360,3,90
593267,593358,593360,2,91
593286,593360,593362,2,74
593267,593358,593361,3,91
593286,593359,593362,3,73
593286,593360,593361,1,74
593286,593359,593363,4,73
593286,593360,593363,3,74
593286,593360,593362,2,74
593286,593360,593363,3,74
593286,593360,593364,4,74
593286,593360,593364,4,74
593286,593360,593364,4,74
593286,593361,593369,8,75
593286,593362,593370,8,76
593286,593361,593371,10,75
593286,593361,593371,10,75
593286,593361,593371,10,75
593286,593363,593371,8,77
593286,593363,593373,10,77
593286,593362,593374,12,76
593286,593363,593374,11,77
593286,593363,593374,11,77
593286,593362,593374,12,76
593286,593363,593374,11,77
593286,593364,593376,12,78
593286,593364,593376,12,78
593286,593364,593378,14,78
593286,593374,593380,6,88
593286,593371,593380,9,85
593286,593371,593381,10,85
593286,593374,593381,7,88
593286,593376,593382,6,90
593286,593376,593382,6,90
593286,593372,593382,10,86
593286,593369,593382,13,83
593286,593373,593383,10,87
593286,593372,593383,11,86
593286,593371,593382,11,85
593286,593374,593384,10,88
593286,593374,593383,9,88
593286,593378,593384,6,92
593286,593374,593384,10,88
593286,593381,593385,4,95
593286,593381,593385,4,95
593286,593380,593386,6,94
593286,593382,593387,5,96
593286,593381,593388,7,95
593286,593383,593388,5,97
593286,593382,593388,6,96
593286,593384,593388,4,98
593286,593386,593389,3,100
593286,593384,593389,5,98
593286,593383,593389,6,97
593286,593384,593389,5,98
593286,593385,593389,4,99
593286,593384,593389,5,98
593286,593382,593390,8,96
593286,593382,593390,8,96
593286,593383,593389,6,97
593286,593388,593391,3,102
593286,593388,593391,3,102
593286,593386,593390,4,100
593286,593388,593391,3,102
593286,593390,593392,2,104
593286,593387,593392,5,101
593286,593389,593392,3,103
593286,593389,593391,2,103
593286,593389,593393,4,103
593286,593389,593392,3,103
593286,593391,593392,1,105
593286,593389,593393,4,103
593286,593389,593392,3,103
593286,593391,593392,1,105
593286,593390,593393,3,104
593286,593389,593392,3,103
593286,593390,593394,4,104
593326,593392,593394,2,66
593326,593392,593394,2,66
593326,593392,593395,3,66
593286,593391,593394,3,105
593326,593392,593395,3,66
593326,593393,593396,3,67
593326,593393,593396,3,67
593326,593393,593395,2,67
593326,593393,593396,3,67
593326,593393,593396,3,67
592766,592905,593397,492,139
593326,593393,593400,7,67
593326,593394,593404,10,68
593326,593394,593404,10,68
593326,593395,593405,10,69
593326,593394,593405,11,68
593326,593394,593406,12,68
593326,593396,593406,10,70
593326,593395,593407,12,69
593326,593395,593407,12,69
593326,593393,593407,14,67
593326,593397,593407,10,71
593326,593396,593407,11,70
593326,593396,593406,10,70
593326,593397,593409,12,71
593326,593397,593410,13,71
593326,593400,593411,11,74
593326,593408,593413,5,82
593326,593407,593413,6,81
593326,593405,593414,9,79
593326,593407,593415,8,81
593326,593404,593414,10,78
593326,593404,593414,10,78
593326,593406,593416,10,80
593326,593405,593416,11,79
593326,593409,593416,7,83
593326,593411,593417,6,85
593326,593407,593417,10,81
593326,593410,593417,7,84
593326,593406,593417,11,80
593326,593413,593418,5,87
593326,593407,593418,11,81
593326,593413,593417,4,87
593326,593407,593418,11,81
593326,593414,593418,4,88
593326,593415,593420,5,89
593326,593415,593419,4,89
593326,593416,593421,5,90
593326,593415,593421,6,89
593326,593418,593422,4,92
593326,593418,593421,3,92
593326,593420,593422,2,94
593326,593417,593422,5,91
593326,593416,593422,6,90
593326,593417,593423,6,91
593326,593419,593422,3,93
593326,593417,593423,6,91
593326,593419,593422,3,93
593326,593419,593422,3,93
593326,593417,593424,7,91
593326,593420,593423,3,94
593326,593421,593423,2,95
593326,593417,593425,8,91
593326,593422,593425,3,96
593326,593422,593425,3,96
593326,593421,593425,4,95
593326,593423,593426,3,97
593326,593423,593425,2,97
593326,593424,593426,2,98
593326,593423,593426,3,97
593326,593422,593427,5,96
593326,593423,593426,3,97
593326,593423,593426,3,97
593326,593425,593427,2,99
593326,593425,593426,1,99
592795,592928,593427,499,133
593326,593422,593426,4,96
593326,593423,593426,3,97
593360,593425,593427,2,65
593360,593425,593428,3,65
593360,593425,593428,3,65
593360,593426,593429,3,66
593360,593427,593429,2,67
593360,593426,593429,3,66
593360,593426,593429,3,66
593360,593427,593429,2,67
593360,593426,593429,3,66
593360,593427,593431,4,67
593360,593427,593434,7,67
593360,593428,593436,8,68
593360,593428,593437,9,68
593360,593427,593438,11,67
593360,593429,593438,9,69
593360,593427,593439,12,67
593360,593431,593439,8,71
593360,593427,593439,12,67
593360,593427,593438,11,67
593360,593429,593439,10,69
593360,593428,593441,13,68
593360,593429,593441,12,69
593360,593429,593442,13,69
593360,593429,593443,14,69
593360,593430,593442,12,70
593360,593434,593443,9,74
593360,593439,593443,4,79
593360,593439,593445,6,79
593360,593441,593446,5,81
593360,593437,593446,9,77
593360,593442,593446,4,82
593360,593443,593447,4,83
593360,593436,593446,10,76
593360,593442,593448,6,82
593360,593443,593448,5,83
593360,593443,593448,5,83
593360,593438,593447,9,78
593360,593443,593448,5,83
593360,593439,593449,10,79
593360,593438,593450,12,78
593360,593439,593449,10,79
593360,593446,593450,4,86
593360,593446,593451,5,86
593360,593439,593451,12,79
593360,593447,593452,5,87
593360,593445,593451,6,85
593360,593446,593453,7,86
593360,593448,593453,5,88
593360,593449,593452,3,89
593360,593450,593454,4,90
592823,592955,593454,499,132
593360,593448,593453,5,88
593360,593448,593454,6,88
593360,593447,593453,6,87
593360,593450,593453,3,90
593360,593451,593455,4,91
593360,593450,593454,4,90
593360,593451,593455,4,91
593360,593452,593456,4,92
593360,593453,593456,3,93
593360,593448,593455,7,88
593360,593448,593455,7,88
593360,593454,593457,3,94
593360,593454,593457,3,94
593360,593452,593457,5,92
593360,593453,593456,3,93
593360,593454,593457,3,94
593360,593454,593458,4,94
593360,593454,593457,3,94
593360,593455,593458,3,95
593360,593454,593457,3,94
593360,593456,593458,2,96
593360,593455,593458,3,95
593360,593453,593457,4,93
593360,593456,593457,1,96
593404,593457,593459,2,53
593360,593455,593458,3,95
593404,593457,593460,3,53
593404,593457,593459,2,53
593404,593457,593460,3,53
593404,593458,593461,3,54
593404,593458,593461,3,54
593404,593458,593461,3,54
593404,593457,593461,4,53
593404,593456,593461,5,52
593404,593458,593461,3,54
592970,593010,593464,454,40
593404,593458,593465,7,54
593404,593459,593467,8,55
593404,593458,593469,11,54
593404,593458,593469,11,54
593404,593458,593469,11,54
593404,593460,593470,10,56
593404,593460,593472,12,56
593404,593460,593472,12,56
593404,593461,593471,10,57
593404,593465,593473,8,61
593404,593462,593472,10,58
593404,593459,593472,13,55
593404,593461,593474,13,57
593404,593461,593473,12,57
593404,593462,593475,13,58
593404,593461,593475,14,57
593404,593464,593476,12,60
593404,593468,593477,9,64
593404,593473,593477,4,69
593063,593147,593478,331,84
593404,593469,593477,8,65
593404,593473,593478,5,69
593404,593473,593479,6,69
593404,593474,593479,5,70
593404,593474,593480,6,70
593404,593469,593480,11,65
593404,593472,593480,8,68
593404,593470,593479,9,66
593404,593475,593481,6,71
593404,593470,593481,11,66
593404,593476,593481,5,72
592872,592981,593480,499,109
593404,593475,593480,5,71
593404,593472,593482,10,68
593404,593477,593482,5,73
593404,593478,593483,5,74
593404,593477,593482,5,73
593404,593472,593484,12,68
593404,593478,593484,6,74
593404,593481,593484,3,77
593404,593480,593485,5,76
593404,593480,593485,5,76
593404,593480,593484,4,76
593404,593482,593486,4,78
593404,593481,593486,5,77
593404,593481,593486,5,77
593404,593481,593486,5,77
593404,593478,593485,7,74
593404,593479,593485,6,75
593404,593481,593486,5,77
593404,593480,593485,5,76
593404,593482,593486,4,78
593404,593483,593486,3,79
593404,593484,593487,3,80
593404,593479,593486,7,75
593404,593484,593488,4,80
593404,593485,593488,3,81
593404,593486,593488,2,82
593404,593483,593487,4,79
593404,593484,593487,3,80
593404,593485,593489,4,81
593404,593485,593488,3,81
593404,593486,593489,3,82
593404,593486,593489,3,82
593404,593486,593489,3,82
593404,593486,593489,3,82
593437,593488,593490,2,51
593404,593486,593489,3,82
593437,593487,593489,2,50
593437,593487,593489,2,50
593437,593487,593491,4,50
593437,593488,593491,3,51
593437,593488,593491,3,51
593437,593488,593491,3,51
593437,593488,593490,2,51
593437,593487,593491,4,50
593437,593488,593493,5,51
593437,593489,593498,9,52
593437,593489,593499,10,52
593437,593490,593500,10,53
593437,593489,593500,11,52
593437,593489,593501,12,52
593437,593490,593500,10,53
593437,593490,593501,11,53
593437,593491,593501,10,54
593437,593490,593502,12,53
593437,593490,593502,12,53
593437,593491,593501,10,54
593003,593036,593503,467,33
593437,593493,593503,10,56
593437,593492,593503,11,55
593437,593492,593504,12,55
593437,593490,593504,14,53
593437,593491,593503,12,54
593437,593491,593503,12,54
593437,593502,593506,4,65
593437,593503,593507,4,66
593437,593503,593508,5,66
593437,593499,593508,9,62
593437,593503,593509,6,66
593437,593502,593509,7,65
593437,593500,593509,9,63
593437,593498,593509,11,61
593437,593501,593510,9,64
593437,593501,593511,10,64
593437,593504,593511,7,67
593437,593505,593511,6,68
593437,593501,593511,10,64
593437,593501,593511,10,64
593437,593501,593512,11,64
593437,593502,593512,10,65
593437,593507,593513,6,70
593024,593061,593513,452,37
593437,593504,593513,9,67
593437,593506,593513,7,69
593437,593508,593514,6,71
593437,593508,593515,7,71
593437,593509,593515,6,72
593437,593509,593514,5,72
593437,593511,593515,4,74
593437,593504,593514,10,67
593437,593512,593516,4,75
593437,593512,593516,4,75
593437,593511,593515,4,74
593437,593512,593515,3,75
593437,593511,593515,4,74
593437,593509,593516,7,72
593437,593511,593516,5,74
593437,593513,593517,4,76
593437,593511,593516,5,74
593437,593514,593516,2,77
593437,593515,593517,2,78
593437,593510,593516,6,73
593437,593513,593517,4,76
593437,593514,593518,4,77
593437,593516,593518,2,79
593437,593515,593518,3,78
593437,593513,593517,4,76
593437,593515,593517,2,78
593437,593516,593519,3,79
593437,593515,593518,3,78
593437,593516,593518,2,79
593455,593517,593519,2,62
593455,593517,593520,3,62
593437,593516,593519,3,79
593437,593516,593519,3,79
593455,593517,593520,3,62
593455,593517,593521,4,62
593455,593517,593521,4,62
593455,593517,593520,3,62
593455,593518,593521,3,63
593455,593517,593522,5,62
593455,593518,593521,3,63
593455,593518,593523,5,63
593455,593518,593529,11,63
593455,593518,593529,11,63
593455,593520,593530,10,65
593455,593518,593529,11,63
593455,593519,593531,12,64
593455,593520,593530,10,65
593455,593521,593531,10,66
593455,593519,593531,12,64
593455,593521,593532,11,66
593455,593523,593531,8,68
593455,593520,593532,12,65
593455,593520,593532,12,65
593455,593520,593531,11,65
593455,593521,593533,12,66
593455,593521,593533,12,66
593455,593522,593534,12,67
593455,593522,593534,12,67
593455,593522,593536,14,67
593455,593529,593538,9,74
593455,593532,593537,5,77
593455,593532,593538,6,77
593455,593532,593539,7,77
593455,593532,593539,7,77
593455,593529,593539,10,74
593455,593530,593538,8,75
593455,593530,593540,10,75
593455,593533,593541,8,78
593455,593532,593540,8,77
593455,593531,593541,10,76
593455,593531,593542,11,76
593455,593531,593541,10,76
593455,593535,593543,8,80
593455,593531,593543,12,76
593455,593540,593543,3,85
593455,593534,593543,9,79
593455,593536,593543,7,81
593455,593540,593544,4,85
593455,593538,593544,6,83
593455,593540,593545,5,85
593455,593533,593545,12,78
593455,593541,593546,5,86
593455,593541,593546,5,86
593455,593541,593546,5,86
593455,593539,593545,6,84
593455,593538,593545,7,83
593455,593538,593546,8,83
593455,593542,593546,4,87
593455,593545,593547,2,90
593455,593545,593546,1,90
593455,593539,593546,7,84
593455,593542,593547,5,87
593455,593544,593548,4,89
593455,593543,593548,5,88
593455,593544,593547,3,89
593455,593545,593548,3,90
593455,593543,593547,4,88
593455,593543,593547,4,88
593455,593545,593547,2,90
593455,593546,593548,2,91
593455,593547,593549,2,92
593470,593547,593549,2,77
593455,593546,593549,3,91
593455,593546,593548,2,91
593455,593546,593549,3,91
593470,593548,593550,2,78
593455,593546,593549,3,91
593470,593548,593550,2,78
593470,593548,593550,2,78
593455,593547,593550,3,92
593470,593548,593549,1,78
593470,593548,593550,2,78
593470,593548,593550,2,78
593470,593547,593549,2,77
593470,593548,593550,2,78
593470,593548,593552,4,78
593470,593549,593555,6,79
593470,593551,593556,5,81
593470,593550,593557,7,80
593470,593552,593557,5,82
593470,593549,593558,9,79
593470,593550,593559,9,80
593470,593549,593559,10,79
593470,593556,593559,3,86
593470,593555,593558,3,85
593470,593550,593560,10,80
593470,593550,593560,10,80
593470,593549,593561,12,79
593470,593549,593561,12,79
593470,593550,593562,12,80
593470,593550,593562,12,80
593470,593550,593561,11,80
593470,593550,593562,12,80
593470,593557,593563,6,87
593470,593550,593562,12,80
593470,593550,593562,12,80
593470,593558,593565,7,88
593470,593558,593565,7,88
593470,593560,593566,6,90
593470,593559,593567,8,89
593470,593561,593566,5,91
593036,593092,593567,475,56
593470,593559,593567,8,89
593470,593561,593568,7,91
593470,593563,593568,5,93
593470,593562,593568,6,92
593470,593565,593569,4,95
593470,593562,593569,7,92
593470,593562,593568,6,92
593470,593559,593569,10,89
593470,593562,593568,6,92
593470,593565,593568,3,95
593470,593566,593568,2,96
593470,593567,593568,1,97
593470,593567,593568,1,97
593470,593567,593570,3,97
593470,593567,593570,3,97
593470,593559,593570,11,89
593470,593561,593569,8,91
593470,593563,593569,6,93
593470,593568,593570,2,98
593470,593563,593570,7,93
593470,593568,593571,3,98
593470,593569,593571,2,99
593470,593568,593571,3,98
593470,593569,593571,2,99
593470,593569,593571,2,99
593470,593570,593572,2,100
593470,593569,593571,2,99
593470,593570,593572,2,100
593470,593569,593571,2,99
593470,593570,593572,2,100
593470,593569,593571,2,99
593470,593569,593571,2,99
593470,593569,593571,2,99
593470,593570,593572,2,100
593478,593571,593573,2,93
593470,593571,593573,2,101
593470,593571,593572,1,101
593470,593570,593572,2,100
593470,593569,593572,3,99
593470,593570,593572,2,100
593470,593571,593573,2,101
593478,593572,593574,2,94
593478,593572,593575,3,94
593478,593572,593575,3,94
593478,593572,593575,3,94
593478,593572,593574,2,94
593478,593572,593574,2,94
593478,593572,593575,3,94
593478,593572,593574,2,94
593478,593572,593575,3,94
593478,593575,593580,5,97
593478,593576,593580,4,98
593478,593572,593581,9,94
593478,593575,593580,5,97
593478,593573,593583,10,95
593478,593575,593582,7,97
593478,593573,593583,10,95
593478,593580,593583,3,102
593478,593580,593584,4,102
593478,593581,593585,4,103
593478,593573,593585,12,95
593478,593573,593584,11,95
593478,593574,593586,12,96
593478,593574,593586,12,96
593478,593581,593586,5,103
593478,593575,593585,10,97
593478,593575,593586,11,97
593478,593573,593586,13,95
593478,593573,593587,14,95
593478,593575,593587,12,97
593478,593575,593587,12,97
593478,593583,593588,5,105
593478,593583,593590,7,105
593038,593117,593589,472,79
593478,593583,593590,7,105
593478,593586,593592,6,108
593478,593584,593592,8,106
593478,593585,593593,8,107
593478,593584,593593,9,106
593478,593586,593593,7,108
593478,593587,593593,6,109
593478,593586,593594,8,108
593478,593587,593594,7,109
593478,593586,593594,8,108
593478,593588,593593,5,110
593478,593586,593593,7,108
593478,593588,593594,6,110
593478,593585,593594,9,107
593478,593586,593595,9,108
593478,593590,593594,4,112
593478,593590,593595,5,112
593478,593586,593596,10,108
593478,593593,593596,3,115
593478,593593,593596,3,115
593478,593594,593596,2,116
593478,593594,593596,2,116
593478,593593,593596,3,115
593478,593594,593595,1,116
593478,593595,593597,2,117
593478,593594,593597,3,116
593478,593590,593597,7,112
593478,593594,593596,2,116
593478,593593,593597,4,115
593478,593595,593597,2,117
593478,593595,593597,2,117
593478,593596,593598,2,118
593478,593596,593598,2,118
593478,593595,593597,2,117
593478,593596,593598,2,118
593478,593595,593597,2,117
593478,593596,593597,1,118
593478,593596,593597,1,118
593482,593597,593599,2,115
593478,593592,593599,7,114
593478,593596,593598,2,118
593478,593592,593598,6,114
593478,593596,593598,2,118
593482,593597,593600,3,115
593482,593597,593599,2,115
593482,593597,593600,3,115
593482,593597,593600,3,115
593482,593598,593601,3,116
593482,593598,593601,3,116
593482,593598,593601,3,116
593482,593598,593600,2,116
593482,593598,593603,5,116
593482,593598,593606,8,116
593482,593602,593607,5,120
593482,593599,593609,10,117
593482,593599,593609,10,117
593482,593601,593609,8,119
593482,593599,593609,10,117
593482,593600,593610,10,118
593482,593599,593609,10,117
593482,593601,593611,10,119
593482,593599,593611,12,117
593482,593600,593612,12,118
593482,593600,593611,11,118
593482,593601,593612,11,119
593482,593599,593611,12,117
593482,593599,593611,12,117
593482,593600,593612,12,118
593482,593603,593614,11,121
593482,593606,593616,10,124
593482,593607,593617,10,125
593482,593609,593618,9,127
593482,593609,593618,9,127
593482,593609,593619,10,127
593482,593610,593619,9,128
593482,593612,593619,7,130
593482,593612,593620,8,130
593482,593609,593621,12,127
593482,593611,593620,9,129
593482,593611,593621,10,129
593482,593610,593620,10,128
593482,593612,593622,10,130
593482,593612,593622,10,130
593482,593612,593623,11,130
593482,593618,593623,5,136
593482,593621,593624,3,139
593482,593618,593624,6,136
593482,593616,593625,9,134
593482,593613,593625,12,131
593482,593621,593625,4,139
593482,593620,593625,5,138
593482,593618,593625,7,136
593482,593619,593625,6,137
593482,593621,593626,5,139
593482,593621,593625,4,139
593482,593619,593625,6,137
593482,593619,593626,7,137
593482,593614,593627,13,132
593482,593623,593627,4,141
593482,593624,593628,4,142
593482,593623,593628,5,141
593482,593623,593627,4,141
593482,593625,593628,3,143
593482,593624,593627,3,142
593482,593625,593628,3,143
593482,593626,593628,2,144
593482,593622,593627,5,140
593482,593625,593628,3,143
593482,593626,593629,3,144
593482,593625,593628,3,143
593482,593626,593629,3,144
593482,593627,593629,2,145
593482,593626,593628,2,144
593482,593626,593628,2,144
593482,593627,593630,3,145
593503,593628,593630,2,125
593503,593628,593629,1,125
593482,593628,593630,2,146
593482,593627,593630,3,145
593503,593628,593630,2,125
593503,593628,593631,3,125
593503,593628,593630,2,125
593503,593629,593631,2,126
593503,593629,593632,3,126
593503,593628,593631,3,125
593503,593629,593631,2,126
593503,593629,593632,3,126
593203,593296,593634,338,93
593503,593634,593637,3,131
593503,593633,593638,5,130
593503,593629,593637,8,126
593503,593633,593639,6,130
593503,593637,593640,3,134
593503,593630,593640,10,127
593503,593632,593641,9,129
593503,593630,593640,10,127
593503,593629,593642,13,126
593503,593630,593641,11,127
593503,593630,593642,12,127
593503,593638,593642,4,135
593503,593629,593642,13,126
593503,593638,593641,3,135
593503,593631,593641,10,128
593503,593631,593642,11,128
593503,593630,593642,12,127
593503,593631,593643,12,128
593503,593630,593644,14,127
593503,593639,593644,5,136
593503,593632,593645,13,129
593503,593640,593645,5,137
593079,593173,593647,474,94
593503,593643,593648,5,140
593503,593642,593648,6,139
593503,593640,593648,8,137
593503,593642,593649,7,139
593503,593645,593649,4,142
593503,593642,593649,7,139
593503,593643,593648,5,140
593503,593642,593649,7,139
593503,593642,593648,6,139
593503,593648,593650,2,145
593503,593641,593650,9,138
593503,593642,593650,8,139
593503,593647,593651,4,144
593503,593641,593651,10,138
593503,593644,593651,7,141
593503,593648,593650,2,145
593503,593649,593651,2,146
593503,593649,593651,2,146
593503,593648,593650,2,145
593503,593649,593650,1,146
593503,593650,593652,2,147
593503,593649,593651,2,146
593503,593649,593651,2,146
593503,593649,593651,2,146
593503,593650,593651,1,147
593503,593651,593652,1,148
593503,593650,593653,3,147
593503,593651,593653,2,148
593503,593651,593653,2,148
593503,593651,593653,2,148
593503,593651,593653,2,148
593503,593642,593652,10,139
593503,593651,593653,2,148
593503,593644,593653,9,141
593503,593652,593654,2,149
593503,593651,593653,2,148
593503,593645,593654,9,142
593503,593651,593653,2,148
593503,593642,593653,11,139
593503,593652,593654,2,149
593503,593652,593654,2,149
593503,593652,593654,2,149
593503,593652,593654,2,149
593514,593653,593654,1,139
593514,593653,593656,3,139
593514,593654,593656,2,140
593514,593653,593656,3,139
593514,593653,593656,3,139
593514,593653,593656,3,139
593514,593653,593656,3,139
593514,593653,593655,2,139
593514,593653,593656,3,139
593514,593654,593658,4,140
593514,593658,593660,2,144
593514,593654,593661,7,140
593514,593657,593661,4,143
593514,593660,593663,3,146
593514,593657,593662,5,143
593514,593655,593665,10,141
593514,593656,593665,9,142
593514,593661,593664,3,147
593514,593655,593666,11,141
593514,593654,593666,12,140
593514,593661,593666,5,147
593514,593655,593667,12,141
593514,593654,593666,12,140
593514,593656,593667,11,142
593514,593654,593666,12,140
593514,593656,593666,10,142
593514,593656,593668,12,142
593514,593656,593668,12,142
593514,593655,593667,12,141
593514,593663,593667,4,149
593514,593656,593669,13,142
593514,593663,593671,8,149
593514,593667,593673,6,153
593514,593666,593673,7,152
593514,593668,593673,5,154
593514,593667,593674,7,153
593514,593668,593674,6,154
593514,593666,593674,8,152
593514,593668,593675,7,154
593514,593666,593675,9,152
593514,593667,593674,7,153
593514,593668,593675,7,154
593514,593665,593674,9,151
593514,593667,593674,7,153
593514,593665,593675,10,151
593514,593667,593676,9,153
593514,593674,593676,2,160
593514,593674,593677,3,160
593514,593675,593677,2,161
593514,593673,593676,3,159
593514,593675,593676,1,161
593514,593673,593676,3,159
593514,593674,593676,2,160
593514,593675,593677,2,161
593514,593675,593676,1,161
593514,593676,593678,2,162
593514,593675,593677,2,161
593514,593675,593677,2,161
593514,593669,593677,8,155
593514,593675,593678,3,161
593514,593676,593678,2,162
593514,593677,593679,2,163
593514,593678,593679,1,164
593514,593666,593679,13,152
593514,593677,593679,2,163
593514,593671,593678,7,157
593514,593677,593680,3,163
593514,593677,593680,3,163
593514,593677,593679,2,163
593514,593678,593680,2,164
593514,593677,593679,2,163
593514,593673,593679,6,159
593567,593678,593681,3,111
593567,593679,593681,2,112
593514,593678,593680,2,164
593514,593677,593680,3,163
593514,593678,593680,2,164
593567,593679,593680,1,112
593567,593678,593681,3,111
593567,593679,593682,3,112
593567,593679,593681,2,112
593567,593680,593683,3,113
593567,593680,593682,2,113
593567,593680,593682,2,113
593567,593680,593682,2,113
593567,593680,593687,7,113
593567,593683,593687,4,116
593567,593687,593690,3,120
593567,593683,593690,7,116
593567,593680,593691,11,113
593567,593687,593691,4,120
593567,593681,593692,11,114
593567,593681,593691,10,114
593567,593683,593692,9,116
593567,593681,593693,12,114
593567,593681,593693,12,114
593567,593681,593693,12,114
593567,593681,593693,12,114
593567,593680,593693,13,113
593567,593681,593694,13,114
593567,593683,593693,10,116
593567,593682,593695,13,115
593567,593682,593694,12,115
593567,593690,593694,4,123
593567,593691,593695,4,124
593567,593690,593694,4,123
593567,593691,593699,8,124
593567,593692,593699,7,125
593567,593694,593700,6,127
593567,593695,593700,5,128
593567,593695,593701,6,128
593567,593695,593701,6,128
593567,593693,593701,8,126
593567,593695,593701,6,128
593567,593693,593701,8,126
593567,593693,593701,8,126
593567,593692,593702,10,125
593567,593692,593701,9,125
593567,593693,593701,8,126
593567,593695,593702,7,128
593567,593694,593704,10,127
593567,593702,593704,2,135
593567,593701,593704,3,134
593567,593701,593704,3,134
593567,593701,593704,3,134
593567,593701,593704,3,134
593567,593701,593704,3,134
593567,593702,593704,2,135
593567,593699,593705,6,132
593567,593702,593704,2,135
593567,593694,593706,12,127
593567,593704,593706,2,137
593567,593704,593706,2,137
593567,593704,593706,2,137
593567,593699,593706,7,132
593567,593700,593706,6,133
593567,593700,593706,6,133
593567,593701,593705,4,134
593567,593704,593705,1,137
593567,593704,593707,3,137
593567,593704,593706,2,137
593567,593703,593706,3,136
593567,593704,593706,2,137
593567,593705,593706,1,138
593567,593706,593708,2,139
593567,593706,593708,2,139
593131,593232,593707,475,101
593567,593706,593708,2,139
593567,593705,593707,2,138
593567,593706,593708,2,139
593590,593706,593708,2,116
593590,593706,593709,3,116
593567,593705,593708,3,138
593590,593706,593708,2,116
593590,593707,593710,3,117
593590,593706,593709,3,116
593590,593707,593709,2,117
593590,593708,593709,1,118
593590,593707,593710,3,117
593590,593707,593711,4,117
593590,593708,593711,3,118
593590,593711,593716,5,121
593590,593708,593717,9,118
593590,593708,593718,10,118
593590,593709,593719,10,119
593590,593710,593719,9,120
593590,593709,593719,10,119
593590,593711,593719,8,121
593590,593708,593719,11,118
593590,593708,593720,12,118
593590,593708,593720,12,118
593590,593709,593720,11,119
593590,593716,593719,3,126
593590,593708,593720,12,118
593590,593717,593721,4,127
593590,593710,593720,10,120
593590,593718,593721,3,128
593590,593710,593722,12,120
593590,593719,593723,4,129
593590,593710,593722,12,120
593590,593710,593723,13,120
593590,593719,593725,6,129
593590,593719,593725,6,129
593590,593723,593728,5,133
593590,593722,593728,6,132
593590,593721,593728,7,131
593590,593721,593728,7,131
593590,593719,593728,9,129
593590,593721,593729,8,131
593590,593720,593729,9,130
593590,593723,593729,6,133
593590,593721,593730,9,131
593590,593720,593729,9,130
593590,593723,593729,6,133
593590,593721,593730,9,131
593590,593725,593731,6,135
593590,593720,593730,10,130
593590,593719,593730,11,129
593590,593730,593732,2,140
593590,593730,593732,2,140
593590,593730,593731,1,140
593590,593731,593732,1,141
593590,593730,593732,2,140
593590,593729,593732,3,139
593590,593725,593732,7,135
593590,593731,593733,2,141
593590,593730,593732,2,140
593590,593731,593734,3,141
593590,593732,593733,1,142
593590,593732,593734,2,142
593590,593728,593734,6,138
593590,593729,593734,5,139
593590,593732,593734,2,142
593590,593728,593734,6,138
593590,593728,593733,5,138
593590,593728,593733,5,138
593590,593732,593733,1,142
593590,593732,593735,3,142
593590,593732,593735,3,142
593590,593728,593735,7,138
593590,593732,593734,2,142
593590,593733,593736,3,143
593590,593734,593735,1,144
593590,593734,593735,1,144
593590,593733,593735,2,143
593641,593734,593736,2,93
593641,593734,593736,2,93
593641,593735,593736,1,94
593641,593735,593737,2,94
593590,593734,593736,2,144
593641,593735,593737,2,94
593641,593735,593737,2,94
593641,593734,593736,2,93
593641,593734,593737,3,93
593641,593735,593737,2,94
593641,593735,593739,4,94
593133,593264,593743,479,131
593641,593739,593744,5,98
593641,593736,593745,9,95
593641,593738,593746,8,97
593641,593736,593746,10,95
593641,593737,593747,10,96
593641,593736,593746,10,95
593641,593736,593748,12,95
593641,593736,593748,12,95
593641,593737,593747,10,96
593641,593737,593749,12,96
593641,593736,593748,12,95
593641,593737,593749,12,96
593641,593737,593749,12,96
593641,593743,593748,5,102
593641,593738,593749,11,97
593641,593744,593749,5,103
593641,593747,593748,1,106
593132,593264,593750,486,132
593641,593747,593750,3,106
593641,593748,593750,2,107
593641,593745,593749,4,104
593641,593737,593749,12,96
593641,593748,593751,3,107
593641,593746,593750,4,105
593641,593748,593751,3,107
593641,593748,593751,3,107
593641,593749,593753,4,108
593641,593749,593753,4,108
593641,593749,593755,6,108
593641,593750,593755,5,109
593641,593750,593756,6,109
593641,593749,593756,7,108
593641,593751,593755,4,110
593641,593749,593756,7,108
593641,593751,593756,5,110
593641,593751,593756,5,110
593641,593749,593757,8,108
593641,593750,593757,7,109
593641,593750,593758,8,109
593641,593753,593758,5,112
593641,593749,593757,8,108
593641,593750,593758,8,109
593641,593754,593758,4,113
593641,593749,593757,8,108
593641,593752,593757,5,111
593641,593757,593759,2,116
593641,593757,593758,1,116
593641,593757,593759,2,116
593641,593756,593760,4,115
593641,593756,593760,4,115
593641,593756,593760,4,115
593641,593758,593760,2,117
593641,593756,593759,3,115
593641,593755,593759,4,114
593641,593758,593759,1,117
593641,593756,593760,4,115
593641,593758,593761,3,117
593641,593758,593761,3,117
593641,593759,593761,2,118
593641,593756,593760,4,115
593641,593759,593762,3,118
593641,593758,593761,3,117
593641,593758,593761,3,117
593641,593758,593761,3,117
593641,593760,593762,2,119
593648,593760,593763,3,112
593648,593760,593762,2,112
593648,593761,593763,2,113
593641,593760,593762,2,119
593648,593761,593763,2,113
593648,593760,593762,2,112
593648,593761,593763,2,113
593648,593761,593762,1,113
593648,593761,593762,1,113
593648,593761,593764,3,113
593648,593761,593764,3,113
593648,593765,593769,4,117
593648,593762,593770,8,114
593648,593763,593771,8,115
593648,593764,593771,7,116
593648,593769,593772,3,121
593648,593763,593773,10,115
593648,593763,593774,11,115
593648,593762,593774,12,114
593648,593762,593774,12,114
593648,593763,593774,11,115
593648,593770,593773,3,122
593648,593763,593773,10,115
593648,593763,593775,12,115
593648,593762,593775,13,114
593648,593771,593775,4,123
593648,593771,593774,3,123
593648,593763,593776,13,115
593648,593762,593775,13,114
593648,593772,593776,4,124
593648,593763,593775,12,115
593648,593763,593775,12,115
593648,593773,593776,3,125
593648,593774,593779,5,126
593648,593774,593781,7,126
593648,593775,593782,7,127
593648,593775,593782,7,127
593648,593774,593782,8,126
593648,593774,593782,8,126
593648,593776,593783,7,128
593648,593776,593783,7,128
593648,593775,593783,8,127
593648,593776,593783,7,128
593648,593777,593784,7,129
593648,593774,593784,10,126
593648,593775,593784,9,127
593648,593776,593784,8,128
593648,593779,593784,5,131
593648,593774,593783,9,126
593648,593776,593785,9,128
593648,593781,593785,4,133
593648,593784,593786,2,136
593648,593783,593786,3,135
593648,593784,593786,2,136
593648,593783,593787,4,135
593648,593784,593787,3,136
593648,593784,593787,3,136
593648,593784,593786,2,136
593648,593786,593787,1,138
593648,593786,593788,2,138
593648,593782,593788,6,134
593648,593786,593788,2,138
593648,593784,593787,3,136
593648,593785,593787,2,137
593648,593782,593788,6,134
593648,593786,593787,1,138
593648,593783,593788,5,135
593648,593782,593788,6,134
593648,593783,593788,5,135
593648,593787,593789,2,139
593648,593782,593789,7,134
593648,593787,593790,3,139
593648,593787,593790,3,139
593708,593788,593790,2,80
593648,593787,593790,3,139
593648,593788,593789,1,140
593648,593788,593789,1,140
593708,593788,593791,3,80
593708,593788,593791,3,80
593708,593788,593790,2,80
593708,593789,593792,3,81
593708,593789,593792,3,81
593708,593789,593791,2,81
593708,593788,593791,3,80
593708,593790,593793,3,82
593708,593789,593792,3,81
593708,593790,593797,7,82
593708,593794,593799,5,86
593708,593790,593801,11,82
593708,593791,593801,10,83
593708,593797,593802,5,89
593708,593790,593802,12,82
593708,593791,593801,10,83
593708,593791,593801,10,83
593708,593793,593803,10,85
593708,593791,593803,12,83
593708,593790,593803,13,82
593708,593791,593803,12,83
593708,593801,593804,3,93
593708,593801,593804,3,93
593708,593799,593803,4,91
593708,593792,593804,12,84
593708,593792,593804,12,84
593708,593802,593805,3,94
593708,593792,593804,12,84
593708,593792,593804,12,84
593708,593803,593806,3,95
593708,593802,593805,3,94
593216,593327,593806,479,111
593708,593802,593807,5,94
593708,593804,593810,6,96
593708,593803,593810,7,95
593708,593806,593810,4,98
593708,593804,593811,7,96
593708,593804,593811,7,96
593708,593804,593810,6,96
593708,593803,593812,9,95
593708,593805,593812,7,97
593708,593806,593811,5,98
593708,593805,593811,6,97
593708,593804,593811,7,96
593708,593803,593813,10,95
593708,593803,593812,9,95
593708,593805,593813,8,97
593708,593806,593814,8,98
593708,593807,593813,6,99
593708,593810,593815,5,102
593708,593811,593815,4,103
593708,593812,593816,4,104
593708,593813,593816,3,105
593708,593812,593816,4,104
593708,593813,593816,3,105
593708,593814,593816,2,106
593708,593812,593817,5,104
593708,593814,593816,2,106
593708,593814,593817,3,106
593708,593810,593816,6,102
593708,593815,593817,2,107
593708,593812,593816,4,104
593708,593815,593816,1,107
593708,593810,593817,7,102
593708,593812,593817,5,104
593708,593811,593817,6,103
593708,593816,593819,3,108
593708,593811,593819,8,103
593747,593817,593819,2,70
593708,593816,593818,2,108
593708,593816,593819,3,108
593708,593816,593818,2,108
593708,593817,593819,2,109
593708,593816,593818,2,108
593747,593818,593819,1,71
593747,593818,593820,2,71
593708,593817,593820,3,109
593708,593817,593819,2,109
593747,593818,593820,2,71
593747,593819,593821,2,72
593747,593818,593821,3,71
593747,593819,593822,3,72
593747,593819,593822,3,72
593747,593818,593821,3,71
593747,593819,593821,2,72
593267,593358,593823,465,91
593747,593823,593827,4,76
593747,593819,593828,9,72
593747,593822,593828,6,75
593747,593820,593830,10,73
593747,593820,593830,10,73
593747,593822,593831,9,75
593747,593827,593831,4,80
593747,593819,593831,12,72
593747,593820,593831,11,73
593747,593821,593831,10,74
593747,593819,593832,13,72
593747,593828,593832,4,81
593747,593820,593832,12,73
593747,593830,593832,2,83
593747,593820,593832,12,73
593747,593820,593832,12,73
593747,593828,593832,4,81
593747,593822,593834,12,75
593747,593830,593834,4,83
593747,593831,593834,3,84
593747,593821,593833,12,74
593747,593831,593834,3,84
593747,593831,593835,4,84
593747,593822,593835,13,75
593747,593831,593835,4,84
593747,593831,593837,6,84
593747,593833,593839,6,86
593747,593835,593839,4,88
593747,593832,593839,7,85
593747,593832,593839,7,85
593747,593834,593839,5,87
593747,593832,593840,8,85
593747,593834,593840,6,87
593747,593833,593840,7,86
593747,593834,593841,7,87
593747,593834,593840,6,87
593747,593833,593841,8,86
593747,593834,593841,7,87
593747,593833,593840,7,86
593747,593837,593842,5,90
593747,593836,593842,6,89
593747,593841,593843,2,94
593747,593837,593843,6,90
593747,593841,593843,2,94
593747,593840,593843,3,93
593747,593841,593843,2,94
593747,593840,593844,4,93
593747,593841,593844,3,94
593747,593842,593843,1,95
593747,593841,593843,2,94
593747,593839,593844,5,92
593747,593839,593845,6,92
593747,593839,593845,6,92
593747,593839,593845,6,92
593747,593840,593844,4,93
593747,593842,593845,3,95
593747,593839,593844,5,92
593747,593843,593844,1,96
593747,593844,593846,2,97
593747,593843,593846,3,96
593747,593843,593846,3,96
593747,593843,593845,2,96
593747,593844,593845,1,97
593750,593845,593847,2,95
593747,593844,593846,2,97
593750,593845,593847,2,95
593747,593844,593846,2,97
593750,593845,593847,2,95
593750,593846,593848,2,96
593750,593845,593847,2,95
593750,593845,593848,3,95
593750,593845,593848,3,95
593750,593845,593847,2,95
593750,593845,593847,2,95
593750,593846,593849,3,96
593750,593846,593853,7,96
593750,593849,593854,5,99
593750,593853,593857,4,103
593750,593847,593857,10,97
593750,593847,593857,10,97
593750,593848,593857,9,98
593437,593517,593857,340,80
593750,593848,593859,11,98
593750,593847,593859,12,97
593750,593847,593859,12,97
593750,593847,593859,12,97
593750,593848,593859,11,98
593750,593848,593860,12,98
593750,593855,593860,5,105
593750,593848,593860,12,98
593750,593848,593859,11,98
593750,593857,593860,3,107
593750,593847,593859,12,97
593750,593857,593860,3,107
593750,593859,593861,2,109
593750,593857,593861,4,107
593750,593848,593861,13,98
593750,593858,593861,3,108
593750,593858,593863,5,108
593750,593859,593863,4,109
593287,593391,593865,474,104
593750,593861,593866,5,111
593750,593860,593866,6,110
593750,593860,593867,7,110
593750,593860,593867,7,110
593750,593860,593867,7,110
593750,593860,593867,7,110
593750,593859,593866,7,109
593750,593861,593867,6,111
593750,593859,593868,9,109
593750,593862,593867,5,112
593750,593863,593869,6,113
593750,593861,593869,8,111
593750,593860,593868,8,110
593750,593859,593868,9,109
593750,593861,593869,8,111
593750,593866,593870,4,116
593750,593868,593871,3,118
593750,593868,593871,3,118
593750,593867,593871,4,117
593750,593868,593871,3,118
593750,593863,593872,9,113
593750,593866,593872,6,116
593750,593869,593872,3,119
593750,593867,593872,5,117
593750,593869,593872,3,119
593750,593869,593873,4,119
593750,593865,593872,7,115
593750,593868,593872,4,118
593750,593870,593873,3,120
593750,593869,593873,4,119
593750,593870,593872,2,120
593750,593871,593873,2,121
593750,593867,593872,5,117
593750,593872,593874,2,122
593750,593871,593874,3,121
593750,593871,593874,3,121
593750,593871,593873,2,121
593750,593872,593873,1,122
593750,593872,593874,2,122
593750,593867,593874,7,117
593807,593873,593874,1,66
593750,593872,593874,2,122
593807,593873,593875,2,66
593807,593873,593875,2,66
593807,593873,593875,2,66
593807,593873,593875,2,66
593807,593873,593875,2,66
593807,593873,593875,2,66
593807,593873,593875,2,66
593807,593874,593876,2,67
593807,593874,593877,3,67
593807,593874,593880,6,67
593807,593876,593881,5,69
593807,593877,593881,4,70
593455,593547,593882,335,92
593807,593882,593884,2,75
593807,593876,593884,8,69
593807,593875,593885,10,68
593807,593880,593885,5,73
593807,593881,593885,4,74
593807,593874,593884,10,67
593807,593874,593884,10,67
593807,593881,593885,4,74
593807,593876,593886,10,69
593807,593874,593886,12,67
593807,593875,593887,12,68
593807,593874,593887,13,67
593807,593876,593888,12,69
593807,593876,593888,12,69
593807,593885,593887,2,78
593807,593884,593887,3,77
593807,593885,593887,2,78
593807,593886,593888,2,79
593807,593875,593887,12,68
593807,593875,593888,13,68
593807,593885,593889,4,78
593807,593885,593889,4,78
593807,593885,593889,4,78
593807,593876,593889,13,69
593807,593886,593891,5,79
593807,593886,593892,6,79
593807,593888,593892,4,81
593807,593889,593893,4,82
593807,593886,593893,7,79
593807,593889,593893,4,82
593807,593888,593894,6,81
593807,593890,593894,4,83
593807,593888,593893,5,81
593807,593888,593893,5,81
593807,593888,593895,7,81
593807,593887,593895,8,80
593807,593888,593895,7,81
593807,593887,593894,7,80
593807,593893,593896,3,86
593807,593894,593896,2,87
593807,593888,593896,8,81
593807,593892,593896,4,85
593807,593889,593897,8,82
593807,593894,593897,3,87
593807,593894,593897,3,87
593807,593893,593897,4,86
593807,593891,593896,5,84
593807,593895,593897,2,88
593807,593888,593896,8,81
593807,593896,593898,2,89
593807,593895,593898,3,88
593807,593896,593898,2,89
593807,593895,593898,3,88
593807,593895,593898,3,88
593807,593894,593898,4,87
593807,593893,593899,6,86
593807,593896,593898,2,89
593807,593897,593898,1,90
593830,593898,593899,1,68
593807,593893,593898,5,86
593807,593897,593899,2,90
593807,593897,593899,2,90
593807,593896,593898,2,89
593830,593897,593900,3,67
593830,593897,593899,2,67
593830,593898,593900,2,68
593830,593897,593899,2,67
593830,593898,593899,1,68
593830,593898,593900,2,68
593830,593898,593900,2,68
593830,593898,593900,2,68
593326,593425,593902,477,99
593830,593899,593902,3,69
593830,593899,593905,6,69
593830,593901,593906,5,71
593830,593902,593906,4,72
593830,593902,593906,4,72
593830,593905,593908,3,75
593830,593901,593909,8,71
593830,593899,593910,11,69
593830,593906,593910,4,76
593830,593900,593910,10,70
593830,593899,593910,11,69
593830,593908,593911,3,78
593830,593900,593911,11,70
593830,593907,593911,4,77
593830,593906,593910,4,76
593830,593899,593911,12,69
593830,593899,593911,12,69
593830,593909,593912,3,79
593830,593899,593912,13,69
593830,593900,593913,13,70
593830,593900,593913,13,70
593830,593900,593912,12,70
593830,593900,593912,12,70
593830,593910,593913,3,80
593830,593910,593912,2,80
593830,593899,593914,15,69
593830,593910,593914,4,80
593830,593911,593914,3,81
593830,593911,593915,4,81
593830,593911,593917,6,81
593830,593913,593918,5,83
593830,593913,593918,5,83
593830,593913,593918,5,83
593830,593913,593918,5,83
593830,593914,593919,5,84
593830,593913,593919,6,83
593830,593914,593919,5,84
593830,593914,593918,4,84
593830,593911,593919,8,81
593830,593912,593919,7,82
593830,593912,593920,8,82
593830,593913,593920,7,83
593830,593911,593919,8,81
593830,593917,593920,3,87
593830,593916,593919,3,86
593830,593918,593921,3,88
593830,593912,593922,10,82
593830,593919,593921,2,89
593830,593921,593922,1,91
593830,593919,593922,3,89
593830,593920,593922,2,90
593830,593918,593923,5,88
593830,593920,593923,3,90
593830,593920,593922,2,90
593830,593921,593923,2,91
593830,593919,593923,4,89
593830,593918,593922,4,88
593830,593919,593922,3,89
593830,593920,593922,2,90
593830,593920,593922,2,90
593830,593922,593924,2,92
593830,593919,593923,4,89
593830,593919,593923,4,89
593859,593923,593925,2,64
593830,593922,593925,3,92
593830,593922,593924,2,92
593859,593922,593925,3,63
593859,593923,593925,2,64
593859,593923,593925,2,64
593830,593912,593926,14,82
593859,593923,593926,3,64
593859,593923,593925,2,64
593859,593923,593925,2,64
593859,593923,593927,4,64
593859,593923,593927,4,64
593360,593456,593930,474,96
593859,593923,593932,9,64
593859,593924,593934,10,65
593859,593925,593935,10,66
593859,593925,593935,10,66
593859,593924,593936,12,65
593859,593928,593936,8,69
593859,593925,593937,12,66
593859,593925,593937,12,66
593859,593930,593937,7,71
593859,593927,593937,10,68
593479,593597,593936,339,118
593859,593926,593936,10,67
593859,593925,593936,11,66
593859,593932,593938,6,73
593859,593925,593939,14,66
593859,593934,593939,5,75
593859,593926,593938,12,67
593859,593926,593939,13,67
593859,593927,593939,12,68
593859,593924,593939,15,65
593859,593935,593941,6,76
593859,593935,593942,7,76
593859,593939,593943,4,80
593859,593939,593943,4,80
593859,593939,593944,5,80
593859,593938,593944,6,79
593859,593938,593945,7,79
593859,593936,593945,9,77
593859,593937,593945,8,78
593859,593936,593944,8,77
593859,593938,593944,6,79
593859,593941,593945,4,82
593859,593939,593946,7,80
593859,593937,593946,9,78
593859,593938,593945,7,79
593859,593940,593945,5,81
593859,593937,593946,9,78
593859,593937,593945,8,78
593859,593941,593947,6,82
593859,593942,593947,5,83
593859,593946,593949,3,87
593859,593943,593949,6,84
593859,593944,593948,4,85
593859,593947,593949,2,88
593859,593946,593950,4,87
593859,593944,593950,6,85
593859,593946,593950,4,87
593859,593945,593950,5,86
593859,593946,593949,3,87
593859,593946,593949,3,87
593859,593946,593950,4,87
593859,593948,593950,2,89
593859,593943,593951,8,84
593859,593946,593950,4,87
593859,593947,593950,3,88
593859,593949,593952,3,90
593859,593949,593951,2,90
593859,593945,593952,7,86
593859,593945,593951,6,86
593859,593950,593952,2,91
593859,593949,593952,3,90
593865,593950,593952,2,85
593859,593946,593952,6,87
593859,593950,593953,3,91
593865,593951,593953,2,86
593865,593950,593952,2,85
593859,593950,593953,3,91
593859,593949,593952,3,90
593859,593950,593953,3,91
593865,593952,593954,2,87
593865,593952,593953,1,87
593865,593952,593954,2,87
593865,593951,593953,2,86
593865,593951,593953,2,86
593859,593950,593953,3,91
593865,593952,593953,1,87
593405,593486,593955,469,81
593865,593952,593955,3,87
593865,593955,593958,3,90
593865,593952,593959,7,87
593865,593956,593959,3,91
593865,593955,593959,4,90
593865,593958,593960,2,93
593865,593954,593960,6,89
593865,593959,593962,3,94
593865,593959,593961,2,94
593865,593954,593963,9,89
593865,593961,593963,2,96
593865,593959,593962,3,94
593865,593953,593964,11,88
593865,593952,593964,12,87
593865,593961,593964,3,96
593865,593953,593963,10,88
593865,593954,593964,10,89
593865,593954,593965,11,89
593865,593953,593965,12,88
593865,593953,593964,11,88
593865,593953,593964,11,88
593865,593954,593965,11,89
593865,593954,593966,12,89
593865,593953,593966,13,88
593865,593953,593967,14,88
593865,593962,593967,5,97
593865,593962,593968,6,97
593865,593963,593970,7,98
593865,593964,593970,6,99
593865,593963,593970,7,98
593865,593965,593971,6,100
593865,593965,593970,5,100
593865,593964,593971,7,99
593865,593965,593971,6,100
593865,593964,593972,8,99
593865,593967,593972,5,102
593865,593966,593972,6,101
593865,593968,593971,3,103
593865,593967,593972,5,102
593865,593965,593971,6,100
593865,593963,593973,10,98
593865,593964,593972,8,99
593865,593965,593973,8,100
593865,593966,593973,7,101
593865,593965,593973,8,100
593865,593970,593974,4,105
593865,593971,593974,3,106
593865,593970,593975,5,105
593865,593971,593974,3,106
593865,593970,593975,5,105
593865,593971,593974,3,106
593865,593972,593975,3,107
593865,593972,593975,3,107
593865,593973,593975,2,108
593865,593971,593974,3,106
593865,593972,593974,2,107
593865,593973,593976,3,108
593865,593972,593976,4,107
593865,593972,593976,4,107
593865,593973,593975,2,108
593865,593973,593977,4,108
593865,593974,593976,2,109
593886,593975,593976,1,89
593886,593975,593977,2,89
593865,593974,593977,3,109
593865,593974,593976,2,109
593865,593974,593977,3,109
593886,593975,593978,3,89
593865,593975,593977,2,110
593886,593975,593978,3,89
593886,593976,593977,1,90
593886,593976,593978,2,90
593886,593976,593979,3,90
593886,593975,593978,3,89
593886,593976,593980,4,90
593886,593977,593987,10,91
593886,593977,593987,10,91
593886,593976,593987,11,90
593886,593977,593987,10,91
593886,593977,593987,10,91
593886,593978,593989,11,92
593886,593977,593989,12,91
593886,593977,593989,12,91
593886,593978,593989,11,92
593886,593978,593989,11,92
593886,593976,593990,14,90
593886,593978,593990,12,92
593886,593977,593991,14,91
593886,593979,593991,12,93
593886,593979,593990,11,93
593504,593652,593992,340,148
593886,593978,593992,14,92
593886,593987,593994,7,101
593886,593981,593994,13,95
593886,593992,593996,4,106
593886,593991,593996,5,105
593886,593987,593996,9,101
593886,593989,593997,8,103
593886,593988,593998,10,102
593886,593991,593998,7,105
593886,593988,593998,10,102
593886,593990,593997,7,104
593886,593990,593998,8,104
593886,593990,593998,8,104
593886,593992,593998,6,106
593886,593988,593998,10,102
593886,593994,593999,5,108
593886,593991,593999,8,105
593886,593989,593998,9,103
593886,593989,594000,11,103
593886,593990,594000,10,104
593886,593996,594002,6,110
593886,594000,594002,2,114
593886,593996,594002,6,110
593886,593997,594002,5,111
593886,593998,594003,5,112
593886,593999,594003,4,113
593886,593998,594003,5,112
593886,593994,594002,8,108
593886,593998,594003,5,112
593886,594000,594002,2,114
593886,593997,594004,7,111
593886,593999,594003,4,113
593886,593999,594003,4,113
593886,593998,594004,6,112
593886,593998,594005,7,112
593886,593998,594004,6,112
593886,594002,594004,2,116
593886,593998,594005,7,112
593886,594002,594006,4,116
593886,594003,594005,2,117
593886,594003,594005,2,117
593886,594004,594006,2,118
593886,594003,594006,3,117
593886,594004,594006,2,118
593886,594002,594006,4,116
593886,594001,594005,4,115
593886,594003,594006,3,117
593886,594003,594007,4,117
593886,594003,594006,3,117
593910,594005,594006,1,95
593886,594004,594006,2,118
593886,594004,594006,2,118
593910,594005,594007,2,95
593910,594006,594007,1,96
593910,594006,594007,1,96
593910,594006,594008,2,96
593910,594005,594008,3,95
593910,594006,594008,2,96
593910,594005,594007,2,95
593910,594006,594008,2,96
593910,594006,594008,2,96
593910,594006,594012,6,96
593910,594009,594012,3,99
593910,594009,594014,5,99
593910,594008,594015,7,98
593910,594008,594014,6,98
593910,594012,594016,4,102
593910,594012,594015,3,102
593910,594007,594017,10,97
593910,594007,594018,11,97
593910,594006,594018,12,96
593910,594008,594018,10,98
593910,594014,594018,4,104
593910,594007,594018,11,97
593910,594007,594019,12,97
593910,594015,594019,4,105
593910,594015,594018,3,105
593910,594008,594018,10,98
593910,594008,594018,10,98
593910,594006,594019,13,96
593910,594008,594019,11,98
593910,594007,594020,13,97
593910,594007,594019,12,97
593910,594016,594021,5,106
593910,594016,594020,4,106
593910,594017,594024,7,107
593910,594019,594025,6,109
593910,594019,594025,6,109
593910,594020,594026,6,110
593910,594020,594026,6,110
593910,594019,594026,7,109
593910,594019,594026,7,109
593910,594018,594025,7,108
593910,594019,594026,7,109
593910,594019,594027,8,109
593910,594021,594027,6,111
593910,594020,594026,6,110
593910,594018,594026,8,108
593910,594021,594026,5,111
593910,594018,594028,10,108
593910,594018,594028,10,108
593910,594018,594027,9,108
593910,594024,594029,5,114
593910,594025,594030,5,115
593910,594026,594029,3,116
593910,594028,594029,1,118
593910,594026,594030,4,116
593910,594027,594030,3,117
593910,594026,594030,4,116
593910,594027,594031,4,117
593910,594026,594031,5,116
593910,594027,594031,4,117
593910,594028,594031,3,118
593910,594025,594030,5,115
593910,594028,594030,2,118
593910,594029,594031,2,119
593910,594030,594032,2,120
593910,594028,594031,3,118
593910,594030,594032,2,120
593910,594028,594031,3,118
593910,594026,594031,5,116
593910,594026,594033,7,116
593910,594030,594033,3,120
593910,594030,594032,2,120
593910,594030,594032,2,120
593936,594032,594034,2,96
593936,594032,594033,1,96
593936,594031,594034,3,95
593910,594030,594034,4,120
593936,594031,594034,3,95
593936,594031,594033,2,95
593936,594031,594033,2,95
593936,594032,594034,2,96
593936,594031,594033,2,95
593936,594032,594034,2,96
593936,594032,594036,4,96
593471,593571,594040,469,100
593936,594032,594042,10,96
593936,594035,594042,7,99
593936,594036,594042,6,100
593936,594033,594044,11,97
593936,594034,594043,9,98
593936,594033,594044,11,97
593936,594034,594044,10,98
593936,594033,594044,11,97
593936,594033,594044,11,97
593936,594034,594044,10,98
593936,594034,594044,10,98
593936,594034,594044,10,98
593936,594034,594044,10,98
593936,594040,594046,6,104
593936,594034,594046,12,98
593936,594044,594046,2,108
593936,594034,594047,13,98
593936,594042,594047,5,106
593936,594034,594047,13,98
593936,594042,594048,6,106
593936,594042,594047,5,106
593936,594044,594048,4,108
593936,594044,594051,7,108
593936,594047,594052,5,111
593936,594046,594052,6,110
593936,594046,594052,6,110
593936,594044,594052,8,108
593936,594047,594053,6,111
593936,594046,594053,7,110
593936,594045,594053,8,109
593936,594045,594053,8,109
593936,594046,594054,8,110
593936,594047,594054,7,111
593936,594046,594053,7,110
593936,594045,594053,8,109
593936,594049,594055,6,113
593936,594048,594054,6,112
593936,594045,594056,11,109
593936,594048,594056,8,112
593936,594054,594057,3,118
593936,594054,594057,3,118
593936,594054,594057,3,118
593936,594054,594057,3,118
593936,594052,594058,6,116
593936,594052,594057,5,116
593936,594055,594058,3,119
593936,594052,594057,5,116
593936,594053,594057,4,117
593936,594053,594057,4,117
593936,594051,594058,7,115
593936,594055,594059,4,119
593936,594053,594059,6,117
593936,594052,594058,6,116
593936,594056,594060,4,120
593936,594057,594059,2,121
593936,594059,594060,1,123
593936,594057,594059,2,121
593936,594058,594060,2,122
593936,594056,594059,3,120
593936,594053,594059,6,117
593936,594057,594061,4,121
593936,594058,594061,3,122
593936,594058,594060,2,122
593936,594058,594060,2,122
593938,594059,594062,3,121
593938,594059,594062,3,121
593936,594057,594061,4,121
593938,594060,594062,2,122
593938,594060,594063,3,122
593938,594060,594063,3,122
593938,594059,594063,4,121
593938,594059,594063,4,121
593938,594060,594062,2,122
593938,594060,594062,2,122
593938,594060,594066,6,122
593938,594061,594072,11,123
593938,594061,594072,11,123
593938,594060,594071,11,122
593938,594062,594072,10,124
593938,594061,594073,12,123
593938,594063,594073,10,125
593938,594061,594073,12,123
593938,594063,594074,11,125
593938,594063,594073,10,125
593938,594062,594074,12,124
593938,594063,594074,11,125
593938,594062,594076,14,124
593938,594063,594077,14,125
593938,594063,594077,14,125
593938,594066,594078,12,128
593938,594063,594077,14,125
593938,594075,594080,5,137
593938,594074,594080,6,136
593938,594074,594081,7,136
593938,594074,594082,8,136
593938,594073,594082,9,135
593938,594072,594083,11,134
593938,594073,594083,10,135
593938,594072,594082,10,134
593938,594077,594083,6,139
593938,594076,594084,8,138
593938,594082,594084,2,144
593938,594077,594084,7,139
593938,594072,594084,12,134
593938,594078,594083,5,140
593938,594080,594084,4,142
593938,594072,594085,13,134
593938,594073,594085,12,135
593938,594080,594084,4,142
593938,594081,594084,3,143
593938,594082,594085,3,144
593938,594078,594085,7,140
593938,594083,594086,3,145
593938,594085,594088,3,147
593938,594083,594088,5,145
593938,594083,594088,5,145
593938,594084,594089,5,146
593938,594085,594088,3,147
593938,594086,594089,3,148
593938,594084,594089,5,146
593938,594084,594089,5,146
593938,594085,594088,3,147
593938,594085,594089,4,147
593938,594084,594089,5,146
593938,594085,594090,5,147
593938,594086,594090,4,148
593938,594088,594090,2,150
593938,594084,594089,5,146
593938,594084,594089,5,146
593938,594088,594091,3,150
593938,594089,594091,2,151
593938,594089,594092,3,151
593938,594089,594092,3,151
593938,594088,594091,3,150
593938,594084,594091,7,146
593938,594089,594091,2,151
593938,594089,594091,2,151
593938,594089,594091,2,151
593938,594089,594093,4,151
593965,594090,594093,3,125
593965,594090,594092,2,125
593965,594091,594093,2,126
593965,594091,594093,2,126
593938,594089,594092,3,151
593965,594090,594093,3,125
593965,594091,594093,2,126
593965,594092,594095,3,127
593965,594092,594094,2,127
593965,594092,594094,2,127
593965,594092,594097,5,127
593965,594092,594099,7,127
593965,594092,594103,11,127
593965,594093,594103,10,128
593965,594093,594103,10,128
593965,594099,594104,5,134
593965,594092,594103,11,127
593965,594093,594103,10,128
593965,594093,594105,12,128
593965,594093,594105,12,128
593965,594097,594106,9,132
593965,594093,594106,13,128
593965,594094,594106,12,129
593965,594095,594105,10,130
593965,594094,594106,12,129
593965,594095,594106,11,130
593965,594103,594107,4,138
593965,594104,594108,4,139
593965,594095,594107,12,130
593965,594103,594108,5,138
593965,594104,594108,4,139
593482,593628,594110,482,146
593965,594104,594111,7,139
593965,594104,594111,7,139
593965,594108,594112,4,143
593965,594109,594113,4,144
593965,594105,594114,9,140
593965,594108,594114,6,143
593965,594105,594114,9,140
593965,594106,594115,9,141
593965,594107,594115,8,142
593965,594108,594114,6,143
593965,594110,594115,5,145
593965,594106,594114,8,141
593965,594106,594116,10,141
593965,594107,594115,8,142
593965,594107,594115,8,142
593965,594111,594117,6,146
593965,594106,594116,10,141
593965,594113,594119,6,148
593965,594116,594119,3,151
593965,594112,594118,6,147
593965,594112,594118,6,147
593965,594117,594119,2,152
593965,594114,594119,5,149
593965,594114,594120,6,149
593965,594116,594119,3,151
593965,594115,594120,5,150
593965,594116,594120,4,151
593965,594115,594119,4,150
593965,594115,594119,4,150
593965,594115,594121,6,150
593965,594115,594120,5,150
593965,594119,594121,2,154
593965,594119,594122,3,154
593965,594119,594121,2,154
593965,594120,594122,2,155
593965,594120,594121,1,155
593965,594114,594122,8,149
593965,594117,594121,4,152
593965,594119,594122,3,154
593965,594120,594122,2,155
593965,594120,594123,3,155
593965,594119,594122,3,154
593965,594120,594123,3,155
593965,594120,594123,3,155
593992,594122,594124,2,130
593965,594120,594123,3,155
593992,594121,594124,3,129
593992,594121,594123,2,129
593992,594122,594124,2,130
593992,594122,594125,3,130
593992,594122,594124,2,130
593992,594122,594124,2,130
593992,594122,594125,3,130
593992,594122,594124,2,130
593992,594123,594127,4,131
593992,594123,594131,8,131
593992,594124,594133,9,132
593992,594123,594133,10,131
593992,594124,594133,9,132
593992,594124,594134,10,132
593992,594124,594134,10,132
593992,594124,594134,10,132
593992,594123,594135,12,131
593992,594125,594135,10,133
593992,594123,594134,11,131
593992,594125,594136,11,133
593992,594125,594136,11,133
593992,594125,594137,12,133
593992,594125,594138,13,133
593992,594127,594138,11,135
593992,594136,594138,2,144
593992,594136,594139,3,144
593992,594136,594140,4,144
593992,594137,594140,3,145
593992,594135,594140,5,143
593992,594138,594142,4,146
593992,594131,594142,11,139
593992,594138,594142,4,146
593992,594134,594142,8,142
593992,594133,594143,10,141
593992,594138,594142,4,146
593992,594134,594143,9,142
593992,594134,594144,10,142
593992,594133,594143,10,141
593992,594134,594143,9,142
593992,594135,594144,9,143
593992,594140,594143,3,148
593992,594140,594145,5,148
593992,594140,594145,5,148
593992,594139,594144,5,147
593992,594143,594146,3,151
593992,594142,594145,3,150
593992,594143,594146,3,151
593992,594143,594146,3,151
593992,594142,594147,5,150
593992,594142,594147,5,150
593992,594143,594147,4,151
593992,594144,594148,4,152
593992,594144,594147,3,152
593992,594145,594148,3,153
593992,594144,594148,4,152
593992,594144,594149,5,152
593992,594145,594149,4,153
593992,594146,594148,2,154
593992,594146,594148,2,154
593992,594146,594148,2,154
593992,594145,594148,3,153
593992,594147,594150,3,155
593992,594147,594150,3,155
593992,594148,594150,2,156
593992,594148,594150,2,156
593992,594145,594149,4,153
593992,594149,594151,2,157
593992,594148,594150,2,156
593992,594149,594151,2,157
593992,594147,594151,4,155
593992,594146,594150,4,154
593992,594149,594152,3,157
593992,594148,594151,3,156
593992,594149,594151,2,157
594044,594150,594152,2,106
594044,594151,594153,2,107
594044,594150,594153,3,106
594044,594150,594153,3,106
594044,594149,594152,3,105
594044,594150,594153,3,106
594044,594151,594153,2,107
594044,594150,594153,3,106
594044,594151,594155,4,107
593515,593678,594156,478,163
594044,594151,594157,6,107
593709,593817,594159,342,108
594044,594151,594162,11,107
594044,594153,594163,10,109
594044,594152,594163,11,108
594044,594153,594163,10,109
594044,594153,594164,11,109
594044,594152,594164,12,108
594044,594154,594165,11,110
594044,594153,594165,12,109
594044,594153,594165,12,109
594044,594154,594166,12,110
594044,594154,594166,12,110
594044,594152,594165,13,108
594044,594155,594165,10,111
594044,594156,594168,12,112
593568,593706,594169,463,138
594044,594159,594170,11,115
594044,594157,594169,12,113
594044,594163,594173,10,119
594044,594163,594174,11,119
594044,594164,594174,10,120
594044,594166,594174,8,122
594044,594166,594174,8,122
594044,594166,594175,9,122
594044,594166,594175,9,122
594044,594163,594175,12,119
594044,594164,594176,12,120
594044,594162,594175,13,118
594044,594165,594175,10,121
594044,594170,594175,5,126
594044,594165,594177,12,121
594044,594174,594177,3,130
594044,594165,594176,11,121
594044,594168,594177,9,124
594044,594170,594178,8,126
594044,594173,594178,5,129
594044,594174,594177,3,130
594044,594169,594177,8,125
594044,594174,594179,5,130
594044,594178,594180,2,134
594044,594174,594180,6,130
594044,594176,594181,5,132
594044,594175,594180,5,131
594044,594175,594181,6,131
594044,594178,594181,3,134
594044,594177,594182,5,133
594044,594178,594182,4,134
594044,594175,594181,6,131
594044,594177,594181,4,133
594044,594178,594181,3,134
594044,594177,594181,4,133
594044,594180,594183,3,136
594044,594177,594183,6,133
594044,594177,594182,5,133
594044,594176,594182,6,132
594044,594176,594183,7,132
594044,594180,594182,2,136
594044,594181,594183,2,137
594044,594182,594184,2,138
594044,594181,594184,3,137
594044,594182,594184,2,138
594044,594180,594183,3,136
594110,594183,594185,2,73
594044,594181,594184,3,137
594044,594182,594185,3,138
594044,594182,594184,2,138
594044,594182,594184,2,138
594044,594182,594184,2,138
594110,594183,594186,3,73
594110,594184,594185,1,74
594110,594183,594186,3,73
594110,594183,594186,3,73
594110,594184,594187,3,74
594110,594183,594187,4,73
594110,594183,594188,5,73
594110,594183,594187,4,73
594110,594184,594190,6,74
594110,594185,594195,10,75
594110,594185,594196,11,75
594110,594185,594197,12,75
594110,594184,594197,13,74
594110,594186,594196,10,76
594110,594185,594196,11,75
594110,594186,594196,10,76
594110,594185,594198,13,75
594110,594185,594197,12,75
594110,594186,594198,12,76
594110,594186,594199,13,76
594110,594187,594199,12,77
594110,594188,594200,12,78
594110,594187,594199,12,77
594110,594198,594201,3,88
594110,594190,594200,10,80
594110,594188,594200,12,78
594110,594198,594202,4,88
594110,594198,594202,4,88
594110,594199,594203,4,89
594110,594199,594203,4,89
594110,594201,594205,4,91
594110,594200,594204,4,90
594110,594196,594205,9,86
594110,594198,594206,8,88
594110,594198,594205,7,88
594110,594195,594206,11,85
594110,594201,594206,5,91
594110,594201,594206,5,91
594110,594203,594206,3,93
594110,594200,594206,6,90
594110,594202,594206,4,92
594110,594197,594207,10,87
594110,594197,594206,9,87
594110,594202,594208,6,92
594110,594205,594208,3,95
594110,594204,594209,5,94
594110,594206,594209,3,96
594110,594197,594208,11,87
594110,594205,594208,3,95
594110,594206,594209,3,96
594110,594208,594210,2,98
594110,594206,594209,3,96
594110,594208,594211,3,98
594110,594208,594211,3,98
594110,594207,594211,4,97
594110,594206,594210,4,96
594110,594206,594210,4,96
594110,594209,594212,3,99
594110,594207,594212,5,97
594110,594206,594211,5,96
594110,594207,594211,4,97
594110,594209,594212,3,99
594110,594206,594211,5,96
594110,594209,594211,2,99
593591,593734,594213,479,143
594110,594210,594212,2,100
594110,594210,594212,2,100
594110,594211,594213,2,101
594110,594211,594213,2,101
594110,594209,594212,3,99
594110,594209,594213,4,99
594110,594211,594214,3,101
594110,594211,594214,3,101
594110,594212,594213,1,102
594110,594211,594213,2,101
594163,594213,594215,2,50
594163,594212,594214,2,49
594163,594212,594214,2,49
594163,594213,594215,2,50
594163,594212,594215,3,49
594163,594213,594215,2,50
594163,594212,594215,3,49
594163,594213,594215,2,50
594163,594212,594215,3,49
594163,594213,594217,4,50
594163,594213,594219,6,50
594163,594214,594220,6,51
594163,594215,594223,8,52
594163,594215,594224,9,52
594163,594214,594224,10,51
594163,594214,594223,9,51
594163,594215,594225,10,52
594163,594214,594225,11,51
594163,594214,594225,11,51
594163,594215,594225,10,52
594163,594216,594227,11,53
594163,594215,594227,12,52
594163,594216,594228,12,53
594163,594216,594228,12,53
594163,594216,594228,12,53
594163,594227,594229,2,64
594163,594226,594229,3,63
594163,594217,594229,12,54
594163,594227,594231,4,64
594163,594219,594231,12,56
594163,594225,594231,6,62
594163,594228,594232,4,65
594163,594225,594232,7,62
594163,594225,594232,7,62
594163,594228,594232,4,65
594163,594229,594233,4,66
594163,594225,594232,7,62
594163,594228,594232,4,65
594163,594221,594234,13,58
594163,594223,594234,11,60
594163,594224,594234,10,61
594163,594224,594233,9,61
594163,594230,594233,3,67
594163,594230,594235,5,67
594163,594231,594235,4,68
594163,594232,594235,3,69
594163,594232,594235,3,69
594163,594232,594236,4,69
594163,594231,594236,5,68
594163,594233,594236,3,70
594163,594232,594236,4,69
593642,593760,594237,477,118
594163,594232,594236,4,69
594163,594235,594238,3,72
594163,594234,594237,3,71
594163,594236,594238,2,73
594163,594233,594238,5,70
594163,594234,594238,4,71
594163,594234,594239,5,71
594163,594234,594238,4,71
594163,594234,594238,4,71
594163,594236,594239,3,73
594163,594236,594239,3,73
594163,594233,594238,5,70
594163,594235,594238,3,72
594163,594235,594240,5,72
594163,594236,594240,4,73
594163,594238,594240,2,75
594163,594238,594240,2,75
594163,594237,594240,3,74
594163,594237,594240,3,74
594163,594238,594241,3,75
594163,594238,594241,3,75
594163,594236,594240,4,73
594163,594238,594240,2,75
594163,594239,594241,2,76
594163,594239,594241,2,76
594163,594239,594241,2,76
594163,594239,594241,2,76
594163,594240,594242,2,77
594163,594239,594243,4,76
594163,594239,594242,3,76
594163,594240,594243,3,77
594163,594240,594243,3,77
594163,594240,594245,5,77
593648,593788,594245,457,140
594163,594240,594247,7,77
594163,594240,594249,9,77
594163,594241,594252,11,78
594163,594240,594253,13,77
594163,594241,594253,12,78
594163,594242,594253,11,79
594163,594242,594253,11,79
594163,594242,594253,11,79
594163,594241,594253,12,78
594163,594241,594255,14,78
594163,594243,594255,12,80
594163,594243,594255,12,80
594163,594243,594255,12,80
594163,594243,594256,13,80
594163,594242,594256,14,79
594163,594244,594256,12,81
594163,594245,594256,11,82
594163,594247,594257,10,84
594163,594245,594257,12,82
594163,594255,594260,5,92
594163,594255,594260,5,92
594163,594254,594261,7,91
594163,594249,594261,12,86
594163,594256,594261,5,93
594163,594256,594261,5,93
594163,594255,594261,6,92
594163,594252,594260,8,89
594163,594256,594262,6,93
594163,594257,594262,5,94
594163,594253,594261,8,90
594163,594253,594261,8,90
594163,594254,594261,7,91
594163,594256,594261,5,93
594163,594254,594263,9,91
594163,594253,594264,11,90
594163,594258,594264,6,95
594163,594263,594265,2,100
594163,594255,594264,9,92
594163,594262,594265,3,99
594163,594262,594266,4,99
594163,594263,594266,3,100
594163,594260,594266,6,97
594163,594260,594266,6,97
594163,594261,594265,4,98
594163,594263,594267,4,100
594163,594261,594267,6,98
594163,594262,594266,4,99
594163,594261,594266,5,98
594163,594264,594267,3,101
594163,594261,594266,5,98
594163,594263,594266,3,100
594163,594266,594268,2,103
594163,594261,594268,7,98
594163,594261,594267,6,98
594163,594264,594268,4,101
594163,594265,594268,3,102
594163,594266,594269,3,103
594163,594267,594269,2,104
594163,594266,594269,3,103
594163,594265,594268,3,102
594163,594265,594269,4,102
594163,594267,594269,2,104
594163,594267,594270,3,104
594169,594267,594269,2,98
594163,594266,594269,3,103
594163,594267,594271,4,104
594169,594268,594271,3,99
594169,594268,594270,2,99
594169,594268,594271,3,99
594163,594267,594270,3,104
594169,594268,594271,3,99
594169,594268,594270,2,99
594169,594269,594271,2,100
594169,594269,594271,2,100
594169,594269,594271,2,100
594169,594269,594273,4,100
594169,594269,594279,10,100
594169,594270,594279,9,101
594169,594270,594280,10,101
594169,594271,594280,9,102
594169,594270,594281,11,101
594169,594271,594280,9,102
594169,594271,594282,11,102
594169,594272,594282,10,103
594169,594271,594282,11,102
594169,594273,594282,9,104
594169,594272,594283,11,103
594169,594271,594282,11,102
594169,594271,594282,11,102
594169,594272,594284,12,103
594169,594271,594284,13,102
594169,594271,594284,13,102
594169,594283,594286,3,114
594169,594284,594287,3,115
594169,594284,594287,3,115
594169,594284,594288,4,115
594169,594280,594288,8,111
594169,594284,594287,3,115
594169,594284,594289,5,115
594169,594280,594289,9,111
594169,594284,594289,5,115
594169,594280,594290,10,111
594169,594282,594290,8,113
594169,594282,594289,7,113
594169,594286,594291,5,117
594169,594279,594290,11,110
594169,594283,594291,8,114
594169,594282,594291,9,113
594169,594287,594292,5,118
594169,594289,594293,4,120
594169,594287,594293,6,118
594169,594289,594293,4,120
594169,594288,594292,4,119
594169,594281,594293,12,112
594169,594288,594293,5,119
594169,594290,594294,4,121
594169,594288,594294,6,119
594169,594290,594295,5,121
594169,594289,594295,6,120
594169,594290,594294,4,121
594169,594293,594296,3,124
594169,594291,594295,4,122
594169,594293,594296,3,124
594169,594291,594297,6,122
594169,594293,594297,4,124
594169,594292,594297,5,123
594169,594292,594296,4,123
594169,594291,594297,6,122
594169,594296,594298,2,127
594169,594296,594298,2,127
594169,594294,594297,3,125
594169,594295,594298,3,126
594169,594293,594297,4,124
594169,594295,594299,4,126
594169,594294,594298,4,125
594169,594296,594298,2,127
594169,594294,594298,4,125
594169,594294,594298,4,125
594169,594297,594299,2,128
594169,594295,594299,4,126
594213,594298,594300,2,85
594213,594298,594300,2,85
594213,594298,594300,2,85
594169,594297,594299,2,128
594213,594298,594301,3,85
594213,594297,594300,3,84
594213,594298,594301,3,85
594213,594297,594301,4,84
594213,594299,594300,1,86
594213,594299,594302,3,86
594213,594299,594303,4,86
594213,594299,594307,8,86
594213,594300,594309,9,87
594213,594300,594311,11,87
594213,594300,594310,10,87
594213,594299,594311,12,86
594213,594299,594311,12,86
594213,594302,594312,10,89
594213,594303,594313,10,90
594213,594300,594313,13,87
594213,594301,594313,12,88
594213,594300,594313,13,87
594213,594301,594313,12,88
594213,594301,594313,12,88
594213,594301,594313,12,88
594213,594302,594316,14,89
593747,593844,594317,473,97
594213,594314,594317,3,101
594213,594313,594318,5,100
594213,594311,594320,9,98
594213,594307,594320,13,94
594213,594310,594320,10,97
594213,594314,594319,5,101
594213,594314,594319,5,101
594213,594316,594320,4,103
594213,594313,594321,8,100
594213,594313,594321,8,100
594213,594313,594320,7,100
594213,594317,594322,5,104
594213,594311,594321,10,98
594213,594313,594322,9,100
594213,594317,594322,5,104
594213,594311,594323,12,98
594213,594318,594324,6,105
594213,594312,594325,13,99
594213,594320,594324,4,107
594213,594320,594325,5,107
594213,594320,594325,5,107
594213,594320,594326,6,107
594213,594322,594326,4,109
594213,594320,594325,5,107
594213,594321,594326,5,108
594213,594322,594326,4,109
594213,594320,594326,6,107
594213,594323,594327,4,110
594213,594321,594327,6,108
594213,594325,594328,3,112
594213,594322,594327,5,109
594213,594323,594327,4,110
594213,594325,594329,4,112
594213,594324,594329,5,111
594213,594326,594329,3,113
594213,594326,594328,2,113
594213,594325,594330,5,112
594213,594326,594329,3,113
594213,594326,594330,4,113
594213,594326,594330,4,113
594213,594326,594329,3,113
594213,594327,594329,2,114
594213,594327,594330,3,114
594213,594324,594331,7,111
594213,594328,594331,3,115
594213,594328,594330,2,115
594213,594329,594330,1,116
594237,594329,594332,3,92
594213,594325,594331,6,112
594237,594330,594332,2,93
594213,594328,594331,3,115
594213,594329,594331,2,116
594237,594330,594333,3,93
594237,594330,594332,2,93
594237,594330,594333,3,93
594237,594330,594333,3,93
594237,594330,594332,2,93
594237,594331,594334,3,94
594237,594331,594333,2,94
594237,594331,594337,6,94
594237,594331,594338,7,94
594237,594331,594341,10,94
594237,594332,594342,10,95
594237,594332,594343,11,95
594237,594332,594342,10,95
594237,594333,594344,11,96
594237,594334,594344,10,97
594237,594333,594345,12,96
594237,594332,594344,12,95
594237,594333,594345,12,96
594237,594333,594345,12,96
594237,594332,594345,13,95
594237,594338,594347,9,101
594237,594334,594346,12,97
594237,594334,594347,13,97
594237,594337,594350,13,100
594237,594347,594350,3,110
594237,594345,594351,6,108
594237,594342,594351,9,105
594237,594346,594351,5,109
594237,594347,594352,5,110
594237,594342,594352,10,105
594237,594347,594352,5,110
594237,594345,594352,7,108
594237,594343,594352,9,106
594237,594344,594353,9,107
594237,594344,594354,10,107
594237,594345,594353,8,108
594237,594343,594353,10,106
594237,594345,594354,9,108
594237,594350,594354,4,113
594237,594350,594355,5,113
594237,594351,594354,3,114
594237,594351,594356,5,114
594237,594351,594356,5,114
594237,594352,594357,5,115
594237,594352,594357,5,115
594237,594353,594358,5,116
594237,594352,594358,6,115
594237,594354,594359,5,117
594237,594352,594359,7,115
594237,594353,594358,5,116
594237,594355,594358,3,118
593751,593873,594360,487,122
594237,594357,594360,3,120
594237,594354,594360,6,117
594237,594354,594360,6,117
594237,594354,594359,5,117
594237,594354,594359,5,117
594237,594356,594360,4,119
594237,594355,594359,4,118
594237,594358,594360,2,121
594237,594357,594360,3,120
594237,594359,594362,3,122
594237,594359,594362,3,122
594237,594357,594361,4,120
594237,594358,594361,3,121
594237,594360,594362,2,123
594237,594359,594361,2,122
594237,594360,594363,3,123
594237,594359,594363,4,122
594237,594360,594362,2,123
594237,594360,594362,2,123
594237,594360,594363,3,123
594253,594361,594363,2,108
594237,594360,594364,4,123
594253,594362,594364,2,109
594253,594361,594364,3,108
594237,594360,594363,3,123
594253,594363,594365,2,110
594253,594362,594364,2,109
594253,594362,594365,3,109
594253,594362,594364,2,109
594253,594362,594366,4,109
594253,594362,594366,4,109
594253,594363,594368,5,110
594253,594363,594370,7,110
594253,594363,594374,11,110
594253,594364,594373,9,111
594253,594363,594374,11,110
594253,594364,594375,11,111
594253,594363,594375,12,110
594253,594364,594376,12,111
594253,594366,594376,10,113
594253,594364,594377,13,111
594253,594370,594378,8,117
594253,594365,594378,13,112
594253,594365,594378,13,112
594253,594366,594378,12,113
594253,594366,594378,12,113
594253,594368,594380,12,115
593808,593897,594379,482,89
594253,594367,594380,13,114
594253,594374,594382,8,121
594253,594378,594383,5,125
594253,594378,594383,5,125
594253,594374,594383,9,121
594253,594379,594383,4,126
594253,594378,594384,6,125
594253,594375,594384,9,122
594253,594375,594384,9,122
594253,594376,594384,8,123
594253,594377,594385,8,124
594253,594380,594385,5,127
594253,594374,594384,10,121
594253,594376,594384,8,123
594253,594378,594384,6,125
594253,594380,594386,6,127
594253,594383,594387,4,130
594253,594381,594386,5,128
594253,594383,594387,4,130
594253,594383,594388,5,130
594253,594383,594388,5,130
594253,594383,594389,6,130
594253,594385,594389,4,132
594253,594384,594390,6,131
594253,594384,594390,6,131
594253,594385,594390,5,132
594253,594385,594389,4,132
594253,594385,594390,5,132
594253,594384,594390,6,131
594253,594387,594391,4,134
594253,594387,594391,4,134
594253,594388,594391,3,135
594253,594384,594390,6,131
594253,594385,594390,5,132
594253,594387,594392,5,134
594253,594387,594392,5,134
594253,594388,594391,3,135
594253,594390,594393,3,137
594253,594390,594393,3,137
594253,594390,594393,3,137
594253,594391,594394,3,138
594253,594391,594394,3,138
594253,594389,594393,4,136
594253,594391,594394,3,138
594253,594391,594394,3,138
594253,594391,594393,2,138
594253,594389,594393,4,136
594253,594390,594393,3,137
594253,594391,594395,4,138
594253,594391,594394,3,138
594317,594392,594394,2,75
594317,594393,594395,2,76
594317,594393,594396,3,76
594317,594393,594396,3,76
594317,594394,594397,3,77
594317,594393,594397,4,76
594317,594394,594397,3,77
594317,594394,594397,3,77
594317,594394,594398,4,77
594317,594394,594403,9,77
593831,593922,594404,482,91
594317,594394,594405,11,77
594317,594396,594406,10,79
594317,594394,594407,13,77
594317,594395,594407,12,78
594317,594394,594408,14,77
594317,594395,594408,13,78
594317,594395,594408,13,78
594317,594397,594409,12,80
594317,594395,594409,14,78
594317,594397,594409,12,80
594317,594396,594408,12,79
594317,594397,594409,12,80
594317,594397,594411,14,80
593936,594059,594411,352,123
594317,594398,594411,13,81
594317,594409,594415,6,92
594317,594407,594415,8,90
594317,594403,594415,12,86
594317,594407,594416,9,90
594317,594412,594416,4,95
594317,594409,594416,7,92
594317,594406,594415,9,89
594317,594404,594416,12,87
594317,594409,594417,8,92
594317,594405,594417,12,88
594317,594409,594416,7,92
594317,594411,594417,6,94
594317,594412,594416,4,95
594317,594408,594417,9,91
594317,594408,594418,10,91
594317,594408,594419,11,91
594317,594410,594418,8,93
594317,594415,594420,5,98
594317,594415,594420,5,98
594317,594417,594421,4,100
594317,594415,594421,6,98
594317,594419,594422,3,102
594317,594417,594422,5,100
594317,594416,594421,5,99
594317,594417,594422,5,100
594317,594421,594423,2,104
594317,594417,594423,6,100
594317,594417,594422,5,100
594317,594416,594422,6,99
594317,594419,594423,4,102
594317,594420,594422,2,103
594317,594416,594424,8,99
594317,594419,594424,5,102
594317,594417,594423,6,100
594317,594418,594423,5,101
594317,594421,594424,3,104
594317,594416,594423,7,99
594317,594421,594423,2,104
594317,594423,594425,2,106
594317,594423,594425,2,106
594317,594422,594425,3,105
594317,594422,594425,3,105
594317,594423,594426,3,106
594317,594423,594426,3,106
594317,594422,594425,3,105
594317,594424,594426,2,107
594360,594425,594427,2,65
594360,594424,594426,2,64
594360,594425,594427,2,65
594317,594422,594426,4,105
594317,594423,594426,3,106
594317,594424,594427,3,107
594317,594424,594427,3,107
594317,594423,594426,3,106
594360,594424,594427,3,64
594360,594426,594428,2,66
594360,594425,594428,3,65
594360,594424,594427,3,64
594360,594425,594428,3,65
593859,593950,594430,480,91
594360,594426,594429,3,66
594360,594426,594432,6,66
594360,594427,594437,10,67
594360,594427,594437,10,67
594360,594428,594439,11,68
594360,594427,594439,12,67
594360,594427,594438,11,67
594360,594430,594439,9,70
594360,594426,594439,13,66
594360,594430,594439,9,70
594360,594427,594439,12,67
594360,594427,594439,12,67
594360,594428,594440,12,68
594360,594427,594439,12,67
594360,594427,594440,13,67
594360,594427,594439,12,67
594360,594428,594441,13,68
594360,594428,594442,14,68
594360,594432,594442,10,72
594360,594441,594445,4,81
594360,594437,594446,9,77
594360,594440,594446,6,80
594360,594441,594446,5,81
594360,594439,594446,7,79
594360,594440,594447,7,80
594360,594438,594447,9,78
594360,594439,594446,7,79
594360,594439,594447,8,79
594360,594439,594447,8,79
594360,594442,594447,5,82
594360,594439,594448,9,79
594360,594440,594448,8,80
594360,594439,594447,8,79
594360,594440,594447,7,80
594360,594442,594449,7,82
594360,594439,594449,10,79
594360,594448,594450,2,88
594360,594447,594450,3,87
594360,594448,594450,2,88
594360,594447,594451,4,87
594360,594448,594450,2,88
594360,594447,594451,4,87
594360,594447,594451,4,87
594360,594448,594450,2,88
594360,594449,594451,2,89
594360,594447,594452,5,87
594360,594447,594451,4,87
594360,594446,594453,7,86
594360,594450,594452,2,90
594360,594446,594453,7,86
594360,594445,594453,8,85
594360,594450,594453,3,90
594360,594447,594452,5,87
594360,594452,594454,2,92
594360,594451,594454,3,91
594360,594450,594453,3,90
594360,594446,594454,8,86
594360,594450,594453,3,90
593865,593975,594454,479,110
594360,594451,594455,4,91
594360,594451,594455,4,91
594360,594451,594455,4,91
594360,594451,594454,3,91
594360,594452,594454,2,92
594360,594453,594454,1,93
594360,594453,594456,3,93
594360,594453,594455,2,93
594360,594451,594455,4,91
594381,594453,594455,2,72
594381,594454,594456,2,73
594381,594453,594456,3,72
594381,594455,594457,2,74
594381,594454,594457,3,73
594381,594454,594456,2,73
594381,594454,594457,3,73
594381,594454,594457,3,73
594381,594455,594458,3,74
594381,594455,594462,7,74
594381,594456,594466,10,75
594381,594456,594466,10,75
594381,594455,594468,13,74
594381,594456,594468,12,75
594381,594456,594468,12,75
594381,594455,594468,13,74
594381,594457,594467,10,76
594381,594456,594468,12,75
594381,594456,594468,12,75
594381,594457,594468,11,76
594381,594457,594469,12,76
594381,594457,594469,12,76
594381,594458,594471,13,77
594381,594458,594471,13,77
594381,594459,594471,12,78
594381,594457,594471,14,76
594381,594462,594473,11,81
594381,594467,594475,8,86
594381,594466,594475,9,85
594381,594469,594476,7,88
594381,594468,594477,9,87
594381,594468,594478,10,87
594381,594470,594478,8,89
594381,594468,594478,10,87
594381,594471,594478,7,90
594381,594468,594478,10,87
594381,594468,594478,10,87
594381,594470,594480,10,89
594381,594471,594480,9,90
594381,594469,594481,12,88
594381,594473,594481,8,92
593886,594004,594481,477,118
594381,594475,594480,5,94
594381,594479,594480,1,98
594381,594469,594481,12,88
594381,594476,594482,6,95
594381,594471,594481,10,90
594381,594471,594482,11,90
594381,594479,594481,2,98
594381,594480,594483,3,99
594381,594478,594483,5,97
594381,594481,594483,2,100
594381,594478,594483,5,97
594381,594481,594483,2,100
594381,594480,594483,3,99
594381,594482,594484,2,101
594381,594481,594483,2,100
594381,594482,594484,2,101
594381,594476,594483,7,95
594381,594482,594483,1,101
594381,594482,594483,1,101
594381,594478,594484,6,97
594381,594482,594485,3,101
594381,594483,594485,2,102
594381,594477,594484,7,96
594381,594482,594484,2,101
594381,594484,594486,2,103
594381,594482,594485,3,101
594381,594483,594486,3,102
594381,594478,594485,7,97
594405,594484,594486,2,79
594381,594483,594487,4,102
594381,594483,594487,4,102
594381,594484,594487,3,103
594381,594483,594486,3,102
594381,594483,594486,3,102
594405,594484,594486,2,79
594381,594484,594487,3,103
594405,594486,594487,1,81
594405,594485,594488,3,80
594405,594486,594488,2,81
594405,594485,594489,4,80
594405,594486,594488,2,81
594405,594486,594489,3,81
594405,594486,594488,2,81
594405,594486,594497,11,81
594405,594487,594498,11,82
594405,594486,594498,12,81
594405,594486,594498,12,81
594405,594489,594499,10,84
594405,594488,594499,11,83
594405,594487,594499,12,82
594405,594488,594498,10,83
594405,594487,594499,12,82
594405,594488,594500,12,83
594405,594488,594500,12,83
594405,594489,594500,11,84
594405,594487,594501,14,82
594405,594488,594501,13,83
594405,594488,594501,13,83
594405,594489,594501,12,84
594405,594489,594501,12,84
594405,594500,594505,5,95
594405,594500,594505,5,95
594405,594497,594505,8,92
594405,594500,594505,5,95
593993,594149,594506,357,156
594405,594499,594505,6,94
594405,594499,594506,7,94
594405,594500,594505,5,95
594405,594501,594507,6,96
594405,594498,594507,9,93
594405,594501,594507,6,96
594405,594498,594508,10,93
594405,594499,594508,9,94
594405,594501,594509,8,96
594405,594499,594509,10,94
594405,594498,594508,10,93
594405,594507,594510,3,102
594405,594507,594510,3,102
594405,594508,594510,2,103
594405,594507,594510,3,102
594405,594502,594510,8,97
594405,594509,594511,2,104
594405,594502,594510,8,97
594405,594508,594510,2,103
594405,594509,594512,3,104
594405,594506,594511,5,101
594405,594510,594512,2,105
594405,594506,594512,6,101
594405,594510,594512,2,105
594405,594510,594512,2,105
594405,594510,594512,2,105
594405,594505,594513,8,100
594405,594510,594513,3,105
594405,594511,594513,2,106
594405,594505,594512,7,100
594405,594506,594512,6,101
594405,594505,594512,7,100
594405,594507,594514,7,102
594405,594512,594514,2,107
594405,594505,594514,9,100
594405,594511,594513,2,106
594405,594512,594514,2,107
594405,594511,594513,2,106
594405,594511,594514,3,106
594412,594513,594514,1,101
594405,594512,594515,3,107
594405,594512,594515,3,107
594405,594512,594514,2,107
594405,594512,594516,4,107
594412,594514,594516,2,102
594412,594513,594516,3,101
594412,594513,594515,2,101
594405,594512,594515,3,107
594412,594513,594516,3,101
594405,594513,594516,3,108
594412,594514,594517,3,102
594412,594514,594516,2,102
594412,594514,594516,2,102
594412,594514,594517,3,102
594412,594514,594519,5,102
593911,594031,594523,492,120
594412,594514,594524,10,102
594412,594515,594524,9,103
594412,594515,594525,10,103
594412,594516,594526,10,104
594412,594517,594527,10,105
594412,594517,594527,10,105
594412,594515,594527,12,103
594412,594516,594526,10,104
594412,594518,594528,10,106
594412,594516,594528,12,104
594412,594516,594528,12,104
594412,594516,594527,11,104
594412,594516,594528,12,104
594412,594524,594528,4,112
594412,594516,594528,12,104
594412,594517,594528,11,105
594412,594515,594528,13,103
594412,594519,594529,10,107
594412,594524,594530,6,112
594412,594528,594530,2,116
594412,594527,594531,4,115
594412,594529,594530,1,117
594412,594528,594531,3,116
594412,594529,594531,2,117
594412,594528,594530,2,116
594412,594527,594531,4,115
594412,594528,594531,3,116
594412,594523,594531,8,111
594412,594529,594531,2,117
594412,594529,594531,2,117
594412,594530,594532,2,118
594412,594526,594531,5,114
594412,594531,594532,1,119
594412,594527,594531,4,115
594412,594531,594532,1,119
594412,594531,594532,1,119
594412,594529,594531,2,117
594412,594527,594531,4,115
594412,594530,594532,2,118
594412,594528,594533,5,116
594412,594528,594533,5,116
594412,594531,594533,2,119
594412,594532,594533,1,120
594412,594532,594533,1,120
594412,594532,594533,1,120
594412,594532,594534,2,120
594412,594531,594533,2,119
594412,594532,594534,2,120
594412,594531,594533,2,119
594412,594532,594534,2,120
594412,594531,594533,2,119
594412,594532,594534,2,120
594412,594532,594534,2,120
594412,594531,594535,4,119
594412,594532,594534,2,120
594412,594533,594535,2,121
594412,594533,594535,2,121
594412,594532,594534,2,120
594412,594532,594534,2,120
594412,594534,594536,2,122
594412,594533,594536,3,121
594412,594534,594537,3,122
594438,594534,594537,3,96
594438,594534,594537,3,96
594412,594534,594536,2,122
594412,594534,594536,2,122
594412,594534,594536,2,122
594438,594535,594536,1,97
594438,594535,594537,2,97
594438,594535,594538,3,97
594438,594535,594538,3,97
594438,594535,594538,3,97
594438,594534,594537,3,96
594438,594535,594540,5,97
594438,594536,594544,8,98
594438,594536,594546,10,98
594438,594538,594548,10,100
594438,594536,594548,12,98
594438,594537,594548,11,99
594438,594538,594549,11,100
594438,594537,594549,12,99
594438,594538,594549,11,100
594438,594537,594549,12,99
594438,594537,594548,11,99
594438,594538,594550,12,100
594438,594537,594549,12,99
594438,594538,594550,12,100
594438,594540,594550,10,102
594438,594538,594551,13,100
594438,594537,594552,15,99
594438,594538,594552,14,100
594438,594544,594553,9,106
594438,594549,594553,4,111
594438,594549,594553,4,111
594438,594549,594554,5,111
594438,594548,594554,6,110
594438,594550,594554,4,112
594438,594549,594555,6,111
594438,594549,594554,5,111
594438,594547,594556,9,109
594438,594550,594556,6,112
594438,594550,594555,5,112
594438,594548,594557,9,110
594438,594551,594558,7,113
594438,594556,594557,1,118
594438,594551,594558,7,113
594438,594556,594558,2,118
594438,594548,594559,11,110
594438,594556,594559,3,118
594438,594557,594559,2,119
594438,594552,594558,6,114
594438,594553,594559,6,115
594438,594554,594560,6,116
594438,594558,594559,1,120
594438,594554,594560,6,116
594438,594555,594559,4,117
594438,594556,594559,3,118
594438,594553,594560,7,115
594438,594554,594559,5,116
594438,594553,594560,7,115
594438,594554,594560,6,116
594438,594559,594561,2,121
594438,594558,594561,3,120
594438,594559,594561,2,121
594438,594558,594560,2,120
594438,594559,594561,2,121
594438,594559,594560,1,121
594438,594559,594562,3,121
594438,594560,594562,2,122
594438,594560,594562,2,122
594438,594560,594562,2,122
594438,594560,594561,1,122
594438,594560,594561,1,122
594438,594560,594561,1,122
594438,594560,594563,3,122
594438,594560,594562,2,122
594438,594561,594563,2,123
594455,594561,594564,3,106
594438,594561,594563,2,123
594455,594562,594564,2,107
594455,594562,594564,2,107
594455,594561,594563,2,106
594455,594562,594563,1,107
594455,594561,594564,3,106
594455,594562,594565,3,107
594438,594561,594564,3,123
594438,594561,594564,3,123
594455,594563,594564,1,108
594455,594563,594565,2,108
594455,594563,594567,4,108
594455,594565,594573,8,110
594455,594565,594574,9,110
594455,594565,594574,9,110
594455,594564,594575,11,109
594455,594565,594575,10,110
594455,594564,594576,12,109
594455,594563,594576,13,108
594455,594564,594576,12,109
594455,594567,594576,9,112
594455,594563,594575,12,108
594455,594564,594577,13,109
594455,594564,594577,13,109
594455,594565,594577,12,110
594455,594564,594577,13,109
594455,594565,594576,11,110
594455,594564,594577,13,109
593939,594090,594579,489,151
594455,594574,594579,5,119
594455,594575,594579,4,120
594455,594574,594579,5,119
594455,594573,594580,7,118
594455,594576,594579,3,121
594455,594576,594580,4,121
594455,594575,594581,6,120
594455,594576,594581,5,121
594455,594576,594581,5,121
594455,594577,594580,3,122
594455,594576,594581,5,121
594455,594580,594582,2,125
594455,594580,594582,2,125
594455,594577,594581,4,122
594455,594577,594582,5,122
594455,594581,594583,2,126
594455,594577,594583,6,122
594455,594577,594583,6,122
594455,594581,594582,1,126
594455,594581,594583,2,126
594455,594581,594584,3,126
594455,594582,594584,2,127
594455,594582,594584,2,127
594455,594578,594584,6,123
594455,594579,594585,6,124
594455,594582,594584,2,127
594455,594583,594585,2,128
594455,594583,594585,2,128
594455,594579,594584,5,124
594455,594580,594584,4,125
594455,594584,594585,1,129
594455,594579,594584,5,124
594455,594582,594584,2,127
594455,594584,594586,2,129
594455,594583,594585,2,128
594455,594584,594586,2,129
594455,594583,594585,2,128
594455,594583,594585,2,128
594455,594583,594585,2,128
594455,594579,594585,6,124
594455,594584,594585,1,129
594455,594585,594587,2,130
594455,594585,594587,2,130
594455,594585,594587,2,130
594455,594585,594587,2,130
594455,594585,594587,2,130
594455,594585,594588,3,130
594455,594585,594588,3,130
594481,594586,594587,1,105
594455,594585,594587,2,130
594481,594586,594588,2,105
594481,594586,594589,3,105
594481,594586,594589,3,105
594481,594587,594589,2,106
594481,594586,594589,3,105
594481,594586,594588,2,105
594481,594587,594589,2,106
594481,594587,594589,2,106
594481,594587,594593,6,106
594481,594587,594598,11,106
594481,594587,594598,11,106
594481,594588,594598,10,107
594481,594587,594599,12,106
594481,594588,594598,10,107
594481,594589,594599,10,108
594481,594588,594600,12,107
594481,594589,594600,11,108
594481,594590,594600,10,109
594481,594589,594600,11,108
594481,594588,594601,13,107
594481,594590,594601,11,109
594481,594588,594601,13,107
594481,594589,594600,11,108
594481,594589,594601,12,108
594481,594598,594602,4,117
594481,594593,594603,10,112
594481,594599,594603,4,118
594481,594599,594604,5,118
594481,594600,594604,4,119
594481,594600,594604,4,119
594481,594599,594604,5,118
594481,594600,594603,3,119
594481,594598,594605,7,117
594481,594598,594604,6,117
594481,594601,594605,4,120
594481,594604,594606,2,123
594481,594603,594605,2,122
594481,594604,594605,1,123
594481,594605,594606,1,124
594481,594601,594605,4,120
594481,594604,594606,2,123
594481,594600,594605,5,119
594481,594603,594606,3,122
594481,594601,594605,4,120
594481,594602,594605,3,121
594481,594604,594607,3,123
594481,594604,594606,2,123
594481,594605,594607,2,124
594481,594602,594606,4,121
594481,594606,594607,1,125
594481,594605,594606,1,124
594481,594606,594608,2,125
594481,594601,594607,6,120
594481,594606,594607,1,125
594481,594606,594607,1,125
594481,594606,594607,1,125
594481,594606,594609,3,125
594481,594606,594608,2,125
594481,594607,594609,2,126
594481,594606,594609,3,125
594481,594606,594608,2,125
594481,594607,594608,1,126
594481,594607,594609,2,126
594481,594606,594609,3,125
594481,594608,594610,2,127
594481,594607,594609,2,126
594481,594607,594610,3,126
594481,594608,594611,3,127
594481,594608,594610,2,127
594507,594609,594611,2,102
594481,594608,594610,2,127
594481,594609,594612,3,128
594507,594609,594612,3,102
594507,594609,594612,3,102
594507,594609,594611,2,102
594481,594608,594611,3,127
594481,594608,594611,3,127
594481,594609,594611,2,128
594507,594610,594613,3,103
594507,594610,594612,2,103
593966,594121,594612,491,155
594507,594610,594614,4,103
594507,594611,594614,3,104
594507,594610,594613,3,103
594507,594611,594617,6,104
594507,594611,594619,8,104
594507,594611,594622,11,104
594507,594612,594622,10,105
594507,594612,594623,11,105
594507,594612,594623,11,105
594507,594612,594623,11,105
594507,594612,594624,12,105
594507,594614,594623,9,107
594507,594613,594625,12,106
594507,594614,594625,11,107
594507,594614,594624,10,107
594507,594614,594624,10,107
594507,594612,594626,14,105
594507,594612,594625,13,105
594507,594623,594627,4,116
594507,594619,594628,9,112
594507,594614,594628,14,107
594507,594617,594628,11,110
594507,594623,594628,5,116
594507,594623,594628,5,116
594507,594623,594629,6,116
594507,594624,594630,6,117
594507,594624,594630,6,117
594507,594622,594631,9,115
594507,594625,594631,6,118
594507,594625,594632,7,118
594507,594625,594632,7,118
594507,594625,594632,7,118
594507,594631,594633,2,124
594507,594628,594633,5,121
594507,594630,594632,2,123
594507,594630,594632,2,123
594507,594631,594633,2,124
594507,594629,594633,4,122
594165,594267,594634,367,102
594507,594632,594634,2,125
594507,594628,594633,5,121
594507,594633,594634,1,126
594507,594633,594634,1,126
594507,594632,594634,2,125
594507,594628,594635,7,121
594507,594626,594635,9,119
594507,594627,594634,7,120
594507,594633,594634,1,126
594507,594634,594635,1,127
594507,594633,594635,2,126
594507,594626,594634,8,119
594507,594633,594636,3,126
594507,594634,594635,1,127
594507,594634,594636,2,127
594507,594634,594635,1,127
594507,594633,594635,2,126
594507,594634,594636,2,127
594507,594628,594635,7,121
594507,594634,594636,2,127
594507,594635,594637,2,128
594507,594635,594637,2,128
594507,594633,594636,3,126
594507,594628,594636,8,121
594507,594635,594637,2,128
594507,594636,594638,2,129
594526,594636,594637,1,110
594507,594635,594638,3,128
594507,594635,594637,2,128
594507,594635,594637,2,128
594526,594636,594639,3,110
594526,594637,594639,2,111
594507,594635,594639,4,128
594526,594636,594638,2,110
594526,594636,594638,2,110
594526,594637,594639,2,111
594507,594636,594639,3,129
594526,594637,594640,3,111
594526,594636,594639,3,110
594526,594637,594641,4,111
594526,594637,594642,5,111
594526,594638,594645,7,112
594526,594638,594649,11,112
594526,594638,594649,11,112
594526,594640,594650,10,114
594526,594639,594650,11,113
594526,594638,594649,11,112
594526,594639,594649,10,113
594526,594638,594651,13,112
594526,594641,594651,10,115
594526,594640,594651,11,114
594526,594639,594650,11,113
594526,594639,594650,11,113
594526,594639,594651,12,113
594526,594639,594652,13,113
594526,594640,594653,13,114
594526,594649,594653,4,123
594526,594645,594653,8,119
594526,594643,594654,11,117
594526,594652,594654,2,126
594526,594653,594654,1,127
594526,594650,594655,5,124
594526,594653,594654,1,127
594526,594649,594654,5,123
594526,594651,594655,4,125
594526,594650,594655,5,124
594526,594651,594655,4,125
594526,594651,594656,5,125
594526,594650,594655,5,124
594526,594654,594655,1,128
594526,594651,594655,4,125
594526,594651,594656,5,125
594526,594651,594657,6,125
594526,594650,594656,6,124
594526,594654,594657,3,128
594526,594655,594656,1,129
594526,594655,594656,1,129
594526,594655,594656,1,129
594526,594654,594656,2,128
594526,594655,594656,1,129
594526,594655,594657,2,129
594526,594656,594658,2,130
594526,594655,594657,2,129
594526,594656,594658,2,130
594526,594655,594657,2,129
594526,594656,594657,1,130
594526,594657,594658,1,131
594526,594656,594658,2,130
594526,594656,594659,3,130
594526,594657,594659,2,131
594526,594657,594658,1,131
594526,594657,594660,3,131
594526,594657,594660,3,131
594526,594657,594659,2,131
594526,594658,594660,2,132
594526,594657,594659,2,131
594526,594658,594659,1,132
594526,594657,594659,2,131
594526,594658,594661,3,132
594526,594658,594660,2,132
594526,594658,594660,2,132
594526,594658,594660,2,132
594526,594658,594660,2,132
594526,594659,594662,3,133
594526,594659,594662,3,133
594526,594658,594661,3,132
594580,594660,594662,2,80
594580,594660,594662,2,80
594580,594660,594662,2,80
594580,594660,594663,3,80
594580,594660,594662,2,80
594580,594660,594662,2,80
594044,594183,594664,481,139
594580,594661,594664,3,81
594580,594660,594663,3,80
594580,594661,594665,4,81
594580,594661,594667,6,81
594580,594661,594669,8,81
594580,594661,594671,10,81
594580,594662,594672,10,82
594580,594662,594673,11,82
594580,594662,594674,12,82
594580,594664,594674,10,84
594580,594663,594674,11,83
594580,594663,594674,11,83
594580,594664,594674,10,84
594580,594663,594675,12,83
594580,594662,594674,12,82
594580,594665,594674,9,85
594580,594664,594676,12,84
594580,594662,594675,13,82
594580,594663,594675,12,83
594580,594667,594677,10,87
594580,594672,594677,5,92
594580,594669,594678,9,89
594580,594673,594677,4,93
594580,594671,594679,8,91
594580,594677,594679,2,97
594580,594676,594679,3,96
594580,594677,594679,2,97
594580,594674,594679,5,94
594580,594675,594680,5,95
594580,594678,594679,1,98
594580,594679,594680,1,99
594580,594678,594679,1,98
594580,594679,594680,1,99
594580,594674,594680,6,94
594580,594674,594680,6,94
594580,594676,594679,3,96
594580,594674,594679,5,94
594580,594675,594681,6,95
594580,594676,594681,5,96
594580,594675,594681,6,95
594580,594674,594680,6,94
594580,594679,594681,2,99
594580,594680,594682,2,100
594580,594680,594682,2,100
594580,594680,594681,1,100
594580,594680,594681,1,100
594580,594679,594681,2,99
594580,594680,594681,1,100
594580,594680,594681,1,100
594580,594680,594681,1,100
594580,594680,594683,3,100
594580,594680,594683,3,100
594580,594680,594682,2,100
594580,594681,594683,2,101
594580,594682,594684,2,102
594580,594681,594684,3,101
594580,594681,594683,2,101
594580,594681,594683,2,101
594580,594681,594684,3,101
594580,594682,594684,2,102
594580,594682,594684,2,102
594580,594682,594685,3,102
594580,594682,594684,2,102
594580,594682,594684,2,102
594580,594682,594685,3,102
594580,594683,594686,3,103
594624,594684,594686,2,60
594580,594682,594685,3,102
594580,594683,594685,2,103
594580,594683,594686,3,103
594624,594684,594686,2,60
594624,594684,594687,3,60
594624,594684,594687,3,60
594624,594684,594687,3,60
594624,594684,594686,2,60
594624,594685,594687,2,61
594624,594684,594687,3,60
594624,594685,594688,3,61
594624,594685,594691,6,61
594111,594212,594693,481,101
594624,594685,594694,9,61
594624,594686,594696,10,62
594624,594687,594696,9,63
594238,594360,594697,337,122
594624,594686,594697,11,62
594624,594687,594697,10,63
594624,594687,594697,10,63
594624,594687,594698,11,63
594624,594687,594698,11,63
594624,594688,594697,9,64
594624,594686,594699,13,62
594624,594686,594698,12,62
594624,594687,594699,12,63
594624,594687,594699,12,63
594624,594697,594700,3,73
594624,594697,594701,4,73
594624,594686,594701,15,62
594624,594696,594701,5,72
594624,594698,594703,5,74
594624,594698,594703,5,74
594624,594693,594703,10,69
594624,594691,594703,12,67
594624,594698,594704,6,74
594624,594698,594704,6,74
594624,594694,594703,9,70
594624,594698,594704,6,74
594624,594703,594705,2,79
594624,594703,594704,1,79
594624,594703,594706,3,79
594624,594699,594706,7,75
594624,594704,594706,2,80
594624,594703,594706,3,79
594624,594704,594706,2,80
594624,594701,594706,5,77
594624,594705,594707,2,81
594624,594696,594706,10,72
594624,594701,594706,5,77
594624,594704,594706,2,80
594624,594699,594706,7,75
594624,594701,594708,7,77
594624,594702,594707,5,78
594624,594707,594708,1,83
594624,594700,594707,7,76
594624,594706,594708,2,82
594624,594704,594707,3,80
594624,594706,594708,2,82
594624,594699,594708,9,75
594624,594706,594707,1,82
594624,594705,594707,2,81
594624,594706,594708,2,82
594624,594706,594708,2,82
594624,594707,594709,2,83
594624,594706,594708,2,82
594624,594707,594708,1,83
594624,594708,594710,2,84
594624,594707,594709,2,83
594624,594708,594709,1,84
594624,594708,594709,1,84
594624,594707,594709,2,83
594624,594708,594711,3,84
594624,594708,594711,3,84
594624,594708,594711,3,84
594624,594708,594710,2,84
594624,594708,594711,3,84
594624,594708,594710,2,84
594624,594708,594712,4,84
594634,594710,594712,2,76
594634,594710,594712,2,76
594634,594710,594713,3,76
594634,594709,594713,4,75
594634,594709,594713,4,75
594634,594709,594712,3,75
594634,594710,594713,3,76
594634,594710,594714,4,76
594634,594710,594715,5,76
594634,594711,594717,6,77
594634,594711,594722,11,77
594634,594712,594722,10,78
594634,594711,594722,11,77
594634,594711,594723,12,77
594634,594713,594723,10,79
594634,594712,594722,10,78
594634,594711,594724,13,77
594634,594711,594724,13,77
594634,594713,594725,12,79
594634,594713,594725,12,79
594634,594712,594726,14,78
594634,594713,594726,13,79
594634,594713,594725,12,79
594634,594715,594727,12,81
594634,594714,594728,14,80
594634,594717,594729,12,83
594634,594724,594732,8,90
594634,594722,594732,10,88
594634,594722,594732,10,88
594634,594725,594733,8,91
594634,594726,594733,7,92
594634,594725,594733,8,91
594634,594723,594734,11,89
594634,594724,594734,10,90
594634,594726,594733,7,92
594634,594728,594734,6,94
594634,594727,594734,7,93
594634,594723,594735,12,89
594634,594722,594734,12,88
594634,594734,594736,2,100
594634,594726,594736,10,92
594634,594734,594736,2,100
594634,594732,594737,5,98
594634,594724,594737,13,90
594634,594733,594736,3,99
594634,594733,594737,4,99
594634,594733,594737,4,99
594634,594734,594737,3,100
594634,594735,594738,3,101
594634,594736,594738,2,102
594634,594737,594738,1,103
594634,594735,594738,3,101
594634,594734,594738,4,100
594634,594729,594737,8,95
594634,594736,594739,3,102
594634,594737,594738,1,103
594634,594735,594739,4,101
594634,594737,594739,2,103
594634,594737,594740,3,103
594634,594738,594740,2,104
594634,594737,594739,2,103
594634,594732,594739,7,98
594634,594737,594739,2,103
594634,594737,594739,2,103
594634,594738,594741,3,104
594634,594738,594741,3,104
594634,594732,594740,8,98
594634,594738,594741,3,104
594634,594738,594740,2,104
594634,594739,594741,2,105
594672,594740,594742,2,68
594634,594739,594741,2,105
594634,594739,594742,3,105
594634,594740,594742,2,106
594634,594738,594741,3,104
594634,594739,594741,2,105
594672,594740,594743,3,68
594164,594267,594742,475,103
594672,594740,594744,4,68
594672,594741,594744,3,69
594672,594741,594744,3,69
594672,594740,594743,3,68
594672,594741,594743,2,69
594672,594741,594744,3,69
594672,594741,594745,4,69
594672,594741,594746,5,69
594672,594742,594751,9,70
594672,594742,594752,10,70
594672,594742,594754,12,70
594672,594745,594755,10,73
594672,594742,594755,13,70
594672,594743,594755,12,71
594672,594745,594755,10,73
594672,594746,594755,9,74
594672,594744,594756,12,72
594672,594744,594755,11,72
594672,594744,594756,12,72
594672,594742,594756,14,70
594672,594742,594755,13,70
594672,594743,594755,12,71
594672,594745,594755,10,73
594672,594746,594758,12,74
594672,594751,594759,8,79
594672,594755,594760,5,83
594672,594755,594760,5,83
594672,594755,594760,5,83
594672,594755,594760,5,83
594672,594755,594761,6,83
594672,594752,594760,8,80
594672,594754,594762,8,82
594672,594756,594763,7,84
594672,594756,594763,7,84
594672,594756,594763,7,84
594672,594756,594763,7,84
594672,594756,594764,8,84
594672,594759,594764,5,87
594672,594756,594764,8,84
594672,594761,594764,3,89
594672,594756,594764,8,84
594672,594761,594765,4,89
594672,594763,594765,2,91
594672,594763,594766,3,91
594672,594764,594765,1,92
594672,594764,594765,1,92
594672,594758,594765,7,86
594672,594764,594766,2,92
594672,594763,594765,2,91
594672,594764,594766,2,92
594672,594760,594766,6,88
594672,594763,594765,2,91
594672,594763,594765,2,91
594672,594760,594767,7,88
594672,594760,594766,6,88
594672,594760,594766,6,88
594672,594764,594766,2,92
594672,594766,594768,2,94
594672,594766,594768,2,94
594672,594765,594767,2,93
594672,594766,594767,1,94
594672,594766,594767,1,94
594672,594766,594769,3,94
594672,594766,594769,3,94
594672,594766,594768,2,94
594672,594766,594769,3,94
594672,594766,594769,3,94
594672,594767,594769,2,95
594672,594767,594770,3,95
594696,594769,594770,1,73
594696,594768,594770,2,72
594672,594767,594769,2,95
594672,594766,594769,3,94
594696,594768,594771,3,72
594672,594767,594770,3,95
594672,594767,594770,3,95
594696,594769,594772,3,73
594696,594769,594772,3,73
594696,594768,594771,3,72
594696,594769,594771,2,73
594696,594769,594772,3,73
594696,594769,594774,5,73
594696,594769,594775,6,73
594696,594770,594779,9,74
594696,594770,594781,11,74
594696,594770,594781,11,74
594696,594770,594782,12,74
594696,594775,594783,8,79
594696,594773,594783,10,77
594696,594771,594783,12,75
594696,594770,594784,14,74
594696,594771,594784,13,75
594170,594297,594783,486,127
594696,594771,594783,12,75
594696,594773,594784,11,77
594696,594772,594784,12,76
594696,594774,594785,11,78
594696,594772,594786,14,76
594696,594772,594785,13,76
594696,594783,594787,4,87
594696,594783,594789,6,87
594696,594781,594789,8,85
594696,594781,594789,8,85
594696,594779,594790,11,83
594696,594784,594790,6,88
594696,594783,594790,7,87
594696,594784,594790,6,88
594696,594784,594791,7,88
594696,594783,594790,7,87
594696,594784,594791,7,88
594696,594784,594792,8,88
594696,594784,594792,8,88
594696,594787,594793,6,91
594696,594790,594793,3,94
594696,594786,594794,8,90
594696,594792,594794,2,96
594696,594790,594794,4,94
594696,594787,594794,7,91
594696,594790,594793,3,94
594696,594792,594795,3,96
594696,594786,594795,9,90
594696,594789,594794,5,93
594696,594791,594795,4,95
594696,594789,594796,7,93
594696,594793,594796,3,97
594696,594790,594795,5,94
594696,594794,594796,2,98
594696,594794,594796,2,98
594696,594793,594796,3,97
594696,594794,594796,2,98
594696,594796,594797,1,100
594696,594793,594796,3,97
594696,594793,594796,3,97
594696,594794,594796,2,98
594696,594795,594797,2,99
594696,594789,594797,8,93
594696,594795,594797,2,99
594696,594796,594797,1,100
594696,594795,594797,2,99
594696,594796,594798,2,100
594696,594796,594799,3,100
594696,594797,594798,1,101
594696,594797,594799,2,101
594696,594796,594798,2,100
594696,594797,594799,2,101
594696,594796,594798,2,100
594696,594796,594798,2,100
594214,594329,594800,471,115
594696,594797,594800,3,101
594697,594798,594801,3,101
594697,594799,594801,2,102
594696,594797,594800,3,101
594697,594797,594800,3,100
594697,594798,594800,2,101
594697,594797,594800,3,100
594697,594798,594802,4,101
594697,594799,594802,3,102
594697,594799,594802,3,102
594697,594798,594802,4,101
594697,594799,594805,6,102
594697,594799,594811,12,102
594697,594799,594811,12,102
594697,594801,594811,10,104
594697,594801,594812,11,104
594697,594801,594812,11,104
594697,594802,594812,10,105
594697,594799,594811,12,102
594697,594800,594811,11,103
594697,594800,594813,13,103
594697,594801,594814,13,104
594697,594803,594815,12,106
594697,594802,594815,13,105
594697,594801,594814,13,104
594697,594801,594815,14,104
594697,594805,594817,12,108
594697,594802,594816,14,105
594697,594812,594820,8,115
594382,594484,594821,337,102
594697,594815,594822,7,118
594697,594812,594822,10,115
594697,594815,594822,7,118
594697,594811,594823,12,114
594697,594814,594823,9,117
594697,594815,594823,8,118
594697,594811,594823,12,114
594697,594811,594822,11,114
594697,594812,594822,10,115
594697,594812,594824,12,115
594697,594815,594823,8,118
594697,594814,594824,10,117
594697,594812,594823,11,115
594697,594817,594824,7,120
594697,594817,594826,9,120
594697,594821,594826,5,124
594697,594823,594826,3,126
594697,594824,594827,3,127
594697,594824,594826,2,127
594697,594823,594827,4,126
594697,594823,594828,5,126
594697,594823,594828,5,126
594697,594820,594828,8,123
594697,594824,594827,3,127
594697,594822,594828,6,125
594697,594822,594828,6,125
594697,594824,594828,4,127
594697,594827,594829,2,130
594697,594824,594828,4,127
594697,594822,594830,8,125
594697,594828,594830,2,131
594697,594826,594829,3,129
594697,594824,594829,5,127
594697,594824,594829,5,127
594697,594827,594831,4,130
594697,594826,594830,4,129
594697,594828,594831,3,131
594697,594827,594830,3,130
594697,594828,594830,2,131
594697,594826,594832,6,129
594697,594830,594832,2,133
594697,594828,594832,4,131
594697,594828,594831,3,131
594697,594829,594831,2,132
594753,594831,594833,2,78
594697,594829,594832,3,132
594697,594829,594832,3,132
594697,594830,594833,3,133
594753,594830,594833,3,77
594753,594831,594834,3,78
594697,594829,594833,4,132
594753,594831,594834,3,78
594753,594830,594834,4,77
594753,594831,594835,4,78
594753,594831,594834,3,78
594753,594832,594835,3,79
594753,594832,594836,4,79
594753,594832,594838,6,79
594753,594832,594842,10,79
594753,594832,594843,11,79
594753,594833,594844,11,80
594753,594835,594844,9,82
594753,594833,594843,10,80
594753,594834,594846,12,81
594753,594833,594846,13,80
594753,594833,594846,13,80
594753,594834,594846,12,81
594753,594834,594847,13,81
594753,594833,594846,13,80
594753,594835,594847,12,82
594753,594836,594847,11,83
594753,594834,594846,12,81
594753,594835,594846,11,82
594753,594844,594849,5,91
594753,594838,594849,11,85
594753,594844,594850,6,91
594753,594843,594850,7,90
594753,594843,594852,9,90
594753,594844,594852,8,91
594753,594847,594854,7,94
594753,594846,594853,7,93
594753,594847,594854,7,94
594753,594846,594854,8,93
594753,594847,594854,7,94
594753,594846,594854,8,93
594753,594849,594855,6,96
594753,594852,594855,3,99
594753,594848,594854,6,95
594753,594847,594856,9,94
594753,594850,594856,6,97
594753,594847,594855,8,94
594753,594849,594857,8,96
594753,594852,594857,5,99
594753,594855,594857,2,102
594753,594848,594856,8,95
594753,594854,594857,3,101
594753,594856,594858,2,103
594753,594851,594857,6,98
594753,594854,594857,3,101
594753,594855,594858,3,102
594753,594856,594858,2,103
594753,594854,594857,3,101
594753,594854,594857,3,101
594753,594855,594858,3,102
594753,594856,594857,1,103
594753,594857,594859,2,104
594753,594856,594859,3,103
594753,594857,594859,2,104
594753,594857,594858,1,104
594753,594858,594859,1,105
594753,594857,594859,2,104
594753,594857,594860,3,104
594753,594858,594860,2,105
594753,594858,594860,2,105
594753,594858,594861,3,105
594753,594858,594860,2,105
594753,594858,594860,2,105
594753,594858,594860,2,105
594753,594858,594860,2,105
594753,594858,594860,2,105
594753,594858,594860,2,105
594753,594859,594862,3,106
594753,594859,594862,3,106
594784,594859,594862,3,75
594784,594859,594863,4,75
594784,594859,594862,3,75
594784,594860,594864,4,76
594784,594861,594865,4,77
594784,594861,594865,4,77
594784,594861,594865,4,77
594784,594861,594865,4,77
594784,594861,594865,4,77
594254,594392,594867,475,138
594784,594861,594868,7,77
594784,594862,594872,10,78
594784,594862,594872,10,78
594784,594861,594874,13,77
594784,594862,594874,12,78
594784,594863,594874,11,79
594784,594862,594874,12,78
594784,594862,594875,13,78
594784,594864,594876,12,80
594784,594865,594876,11,81
594784,594863,594877,14,79
594784,594866,594878,12,82
594784,594866,594878,12,82
594784,594865,594878,13,81
594784,594866,594879,13,82
594784,594867,594879,12,83
594784,594868,594880,12,84
594784,594872,594882,10,88
594318,594424,594883,459,106
594784,594872,594883,11,88
594784,594874,594885,11,90
594784,594877,594885,8,93
594784,594874,594886,12,90
594784,594879,594886,7,95
594784,594874,594886,12,90
594784,594877,594886,9,93
594784,594879,594887,8,95
594784,594877,594887,10,93
594784,594878,594888,10,94
594784,594879,594887,8,95
594784,594880,594888,8,96
594784,594878,594888,10,94
594784,594885,594888,3,101
594784,594874,594887,13,90
594784,594875,594887,12,91
594784,594882,594889,7,98
594784,594885,594888,3,101
594784,594886,594889,3,102
594784,594886,594890,4,102
594784,594883,594889,6,99
594784,594887,594890,3,103
594784,594883,594890,7,99
594784,594887,594891,4,103
594784,594888,594890,2,104
594784,594888,594891,3,104
594784,594887,594890,3,103
594784,594887,594890,3,103
594784,594888,594891,3,104
594784,594888,594891,3,104
594784,594889,594892,3,105
594784,594888,594892,4,104
594784,594890,594893,3,106
594784,594889,594892,3,105
594784,594889,594893,4,105
594784,594891,594893,2,107
594784,594890,594893,3,106
594784,594891,594894,3,107
594784,594891,594894,3,107
594784,594890,594893,3,106
594784,594891,594893,2,107
594784,594891,594894,3,107
594784,594889,594893,4,105
594784,594889,594893,4,105
594784,594892,594893,1,108
594784,594891,594893,2,107
594784,594890,594894,4,106
594784,594891,594894,3,107
594800,594893,594895,2,93
594800,594893,594896,3,93
594800,594893,594896,3,93
594800,594894,594897,3,94
594800,594893,594896,3,93
594800,594893,594896,3,93
594800,594894,594897,3,94
594800,594894,594898,4,94
594800,594894,594898,4,94
594800,594894,594904,10,94
594800,594895,594905,10,95
594800,594895,594905,10,95
594800,594894,594906,12,94
594800,594895,594906,11,95
594800,594895,594907,12,95
594800,594894,594906,12,94
594800,594896,594907,11,96
594800,594895,594908,13,95
594800,594897,594909,12,97
594800,594897,594909,12,97
594800,594898,594910,12,98
594800,594897,594910,13,97
594800,594897,594910,13,97
594800,594897,594909,12,97
594800,594899,594911,12,99
594800,594905,594915,10,105
594800,594905,594915,10,105
594800,594904,594916,12,104
594800,594906,594917,11,106
594800,594906,594917,11,106
594800,594910,594917,7,110
594800,594909,594918,9,109
594800,594908,594918,10,108
594800,594910,594918,8,110
594800,594910,594919,9,110
594800,594912,594919,7,112
594800,594907,594918,11,107
594800,594909,594919,10,109
594800,594907,594920,13,107
594800,594910,594920,10,110
594800,594907,594919,12,107
594800,594915,594921,6,115
594800,594918,594921,3,118
594800,594915,594921,6,115
594800,594918,594922,4,118
594800,594917,594921,4,117
594800,594919,594922,3,119
594800,594919,594922,3,119
594800,594918,594921,3,118
594800,594919,594923,4,119
594800,594920,594922,2,120
594800,594919,594923,4,119
594800,594920,594924,4,120
594800,594921,594924,3,121
594800,594917,594923,6,117
594800,594916,594923,7,116
594800,594921,594925,4,121
594800,594920,594925,5,120
594800,594917,594924,7,117
594800,594922,594925,3,122
594800,594924,594926,2,124
594800,594922,594926,4,122
594800,594923,594925,2,123
594800,594922,594926,4,122
594800,594921,594926,5,121
594800,594923,594926,3,123
594800,594924,594927,3,124
594800,594922,594926,4,122
594800,594924,594927,3,124
594800,594925,594927,2,125
594800,594923,594926,3,123
594800,594922,594926,4,122
594800,594925,594928,3,125
594800,594924,594927,3,124
594822,594926,594927,1,104
594800,594925,594928,3,125
594822,594926,594929,3,104
594822,594926,594929,3,104
594822,594926,594928,2,104
594822,594926,594930,4,104
594822,594926,594929,3,104
594822,594927,594929,2,105
594822,594927,594929,2,105
594822,594927,594929,2,105
594822,594927,594932,5,105
594361,594453,594933,480,92
594822,594927,594936,9,105
594822,594928,594939,11,106
594822,594928,594939,11,106
594822,594928,594940,12,106
594822,594929,594940,11,107
594822,594929,594939,10,107
594822,594929,594941,12,107
594822,594927,594941,14,105
594822,594929,594940,11,107
594822,594930,594943,13,108
594822,594932,594943,11,110
594822,594930,594943,13,108
594822,594930,594943,13,108
594822,594930,594942,12,108
594822,594930,594943,13,108
594822,594933,594945,12,111
594822,594936,594948,12,114
594822,594939,594949,10,117
594822,594941,594949,8,119
594822,594943,594950,7,121
594822,594941,594951,10,119
594822,594943,594951,8,121
594822,594943,594951,8,121
594822,594940,594952,12,118
594822,594941,594952,11,119
594822,594941,594952,11,119
594822,594939,594951,12,117
594822,594943,594953,10,121
594822,594944,594952,8,122
594822,594945,594954,9,123
594822,594940,594954,14,118
594822,594944,594953,9,122
594822,594949,594955,6,127
594822,594949,594956,7,127
594822,594951,594956,5,129
594822,594951,594956,5,129
594822,594951,594957,6,129
594822,594948,594956,8,126
594822,594955,594957,2,133
594822,594951,594958,7,129
594822,594956,594958,2,134
594822,594954,594958,4,132
594822,594952,594958,6,130
594822,594954,594959,5,132
594822,594952,594958,6,130
594822,594953,594958,5,131
594822,594956,594959,3,134
594822,594952,594959,7,130
594822,594953,594959,6,131
594822,594952,594958,6,130
594822,594957,594960,3,135
594822,594957,594960,3,135
594822,594958,594960,2,136
594822,594957,594960,3,135
594822,594957,594959,2,135
594822,594954,594961,7,132
594822,594959,594962,3,137
594822,594959,594962,3,137
594822,594958,594962,4,136
594873,594960,594962,2,87
594822,594958,594961,3,136
594822,594959,594962,3,137
594873,594960,594962,2,87
594822,594959,594961,2,137
594822,594959,594962,3,137
594873,594960,594963,3,87
594507,594636,594963,327,129
594822,594959,594962,3,137
594822,594959,594962,3,137
594873,594960,594964,4,87
594873,594962,594964,2,89
594873,594960,594963,3,87
594873,594962,594965,3,89
594873,594962,594965,3,89
594873,594961,594965,4,88
594873,594962,594967,5,89
594873,594962,594972,10,89
594873,594963,594973,10,90
594873,594962,594973,11,89
594873,594962,594974,12,89
594873,594962,594975,13,89
594873,594962,594974,12,89
594873,594963,594975,12,90
594873,594963,594976,13,90
594873,594964,594976,12,91
594873,594964,594976,12,91
594873,594965,594976,11,92
594873,594963,594977,14,90
594873,594968,594978,10,95
594873,594964,594978,14,91
594873,594965,594977,12,92
594873,594966,594979,13,93
594873,594972,594982,10,99
594873,594976,594983,7,103
594873,594973,594983,10,100
594873,594976,594984,8,103
594873,594976,594984,8,103
594873,594977,594985,8,104
594873,594978,594985,7,105
594873,594974,594985,11,101
594873,594977,594985,8,104
594873,594978,594984,6,105
594873,594974,594986,12,101
594873,594975,594987,12,102
594873,594979,594987,8,106
594873,594975,594988,13,102
594873,594975,594987,12,102
594873,594978,594987,9,105
594873,594983,594989,6,110
594873,594985,594989,4,112
594873,594985,594989,4,112
594527,594660,594989,329,133
594873,594982,594990,8,109
594873,594985,594990,5,112
594873,594984,594990,6,111
594873,594986,594991,5,113
594873,594985,594990,5,112
594873,594983,594990,7,110
594873,594986,594992,6,113
594873,594989,594992,3,116
594873,594984,594992,8,111
594873,594988,594992,4,115
594873,594988,594993,5,115
594873,594990,594993,3,117
594873,594987,594993,6,114
594873,594988,594993,5,115
594873,594989,594993,4,116
594873,594990,594992,2,117
594873,594987,594994,7,114
594873,594989,594994,5,116
594873,594991,594993,2,118
594873,594990,594993,3,117
594873,594990,594993,3,117
594873,594991,594993,2,118
594412,594534,594995,461,122
594873,594992,594995,3,119
594873,594993,594995,2,120
594873,594992,594994,2,119
594873,594992,594994,2,119
594873,594991,594994,3,118
594873,594993,594996,3,120
594873,594993,594995,2,120
594883,594994,594996,2,111
594883,594993,594996,3,110
594873,594993,594995,2,120
594883,594994,594997,3,111
594883,594994,594997,3,111
594883,594994,594996,2,111
594883,594994,594998,4,111
594883,594995,594998,3,112
594883,594994,594997,3,111
594883,594994,594997,3,111
594406,594513,595000,487,107
594883,594995,595002,7,112
594883,594995,595004,9,112
594883,594995,595005,10,112
594883,594995,595007,12,112
594883,594995,595007,12,112
594883,594997,595007,10,114
594883,594996,595006,10,113
594883,594996,595007,11,113
594883,594996,595008,12,113
594883,594996,595007,11,113
594883,594997,595009,12,114
594883,594998,595010,12,115
594883,594998,595010,12,115
594883,594998,595011,13,115
594883,594997,595010,13,114
594883,594998,595010,12,115
594883,594998,595010,12,115
594883,595000,595012,12,117
594883,595008,595013,5,125
594883,595008,595014,6,125
594883,595002,595014,12,119
594883,595004,595014,10,121
594883,595007,595015,8,124
594883,595005,595016,11,122
594883,595009,595016,7,126
594883,595010,595016,6,127
594883,595007,595017,10,124
594883,595009,595017,8,126
594883,595010,595018,8,127
594883,595007,595018,11,124
594883,595012,595019,7,129
594883,595007,595018,11,124
594883,595012,595019,7,129
594883,595014,595020,6,131
594883,595011,595019,8,128
594883,595013,595020,7,130
594883,595011,595020,9,128
594883,595014,595020,6,131
594883,595014,595021,7,131
594883,595015,595020,5,132
594883,595016,595021,5,133
594883,595016,595022,6,133
594883,595017,595022,5,134
594883,595016,595022,6,133
594883,595017,595022,5,134
594883,595019,595023,4,136
594883,595018,595023,5,135
594883,595011,595022,11,128
594883,595019,595023,4,136
594883,595020,595022,2,137
594883,595020,595024,4,137
594883,595021,595024,3,138
594883,595018,595023,5,135
594883,595020,595023,3,137
594883,595020,595023,3,137
594883,595020,595024,4,137
594883,595019,595023,4,136
594883,595022,595024,2,139
594883,595021,595025,4,138
594883,595022,595025,3,139
594883,595021,595024,3,138
594883,595022,595025,3,139
594883,595022,595025,3,139
594941,595023,595025,2,82
594883,595023,595026,3,140
594941,595024,595026,2,83
594941,595024,595026,2,83
594941,595024,595027,3,83
594883,595023,595026,3,140
594941,595024,595027,3,83
594941,595024,595027,3,83
594883,595023,595026,3,140
594941,595024,595027,3,83
594941,595024,595027,3,83
594941,595024,595027,3,83
594941,595025,595030,5,84
594941,595025,595032,7,84
594941,595025,595034,9,84
594941,595025,595035,10,84
594941,595025,595036,11,84
594941,595026,595036,10,85
594941,595025,595036,11,84
594941,595026,595037,11,85
594941,595026,595036,10,85
594941,595027,595037,10,86
594941,595027,595039,12,86
594941,595029,595040,11,88
594941,595027,595041,14,86
594941,595029,595041,12,88
594941,595027,595041,14,86
594941,595028,595040,12,87
594941,595027,595041,14,86
594941,595030,595042,12,89
594941,595032,595044,12,91
594941,595037,595043,6,96
594941,595034,595045,11,93
594941,595035,595045,10,94
594941,595037,595046,9,96
594941,595037,595046,9,96
594941,595037,595047,10,96
594941,595036,595047,11,95
594941,595036,595048,12,95
594941,595041,595049,8,100
594941,595042,595049,7,101
594439,594561,595049,488,122
594941,595045,595050,5,104
594941,595040,595050,10,99
594941,595039,595049,10,98
594941,595044,595050,6,103
594941,595044,595051,7,103
594941,595045,595051,6,104
594941,595046,595051,5,105
594941,595041,595051,10,100
594941,595046,595052,6,105
594941,595041,595052,11,100
594941,595047,595051,4,106
594941,595047,595052,5,106
594941,595051,595053,2,110
594941,595051,595052,1,110
594941,595041,595054,13,100
594941,595050,595054,4,109
594941,595049,595054,5,108
594941,595050,595053,3,109
594941,595041,595053,12,100
594941,595048,595053,5,107
594941,595052,595054,2,111
594941,595049,595054,5,108
594941,595052,595055,3,111
594941,595053,595055,2,112
594941,595049,595054,5,108
594941,595051,595054,3,110
594941,595052,595055,3,111
594941,595050,595054,4,109
594941,595051,595054,3,110
594941,595052,595056,4,111
594941,595050,595055,5,109
594941,595054,595056,2,113
594941,595054,595057,3,113
594941,595054,595057,3,113
594941,595054,595057,3,113
594973,595054,595057,3,81
594941,595054,595056,2,113
594973,595055,595056,1,82
594941,595054,595056,2,113
594973,595055,595056,1,82
594973,595054,595058,4,81
594973,595055,595057,2,82
594973,595055,595059,4,82
594973,595055,595059,4,82
594973,595055,595058,3,82
594973,595055,595059,4,82
594973,595056,595062,6,83
594625,594709,595063,354,84
594973,595057,595067,10,84
594973,595057,595068,11,84
594973,595057,595068,11,84
594973,595057,595068,11,84
594973,595056,595067,11,83
594973,595059,595068,9,86
594973,595059,595069,10,86
594973,595059,595069,10,86
594973,595057,595069,12,84
594635,594740,595068,328,105
594973,595057,595068,11,84
594973,595057,595069,12,84
594973,595058,595069,11,85
594973,595057,595069,12,84
594973,595058,595070,12,85
594973,595060,595071,11,87
594973,595063,595071,8,90
594973,595057,595072,15,84
594973,595069,595073,4,96
594973,595069,595073,4,96
594973,595069,595074,5,96
594973,595069,595074,5,96
594973,595069,595074,5,96
594973,595062,595074,12,89
594481,594609,595075,466,128
594973,595068,595075,7,95
594973,595068,595076,8,95
594973,595070,595077,7,97
594973,595067,595077,10,94
594973,595070,595077,7,97
594973,595068,595077,9,95
594973,595070,595078,8,97
594973,595074,595078,4,101
594973,595069,595077,8,96
594973,595069,595077,8,96
594973,595071,595077,6,98
594973,595076,595078,2,103
594973,595072,595079,7,99
594973,595075,595078,3,102
594973,595077,595079,2,104
594973,595074,595079,5,101
594973,595070,595079,9,97
594973,595075,595079,4,102
594973,595073,595079,6,100
594973,595073,595080,7,100
594973,595074,595080,6,101
594973,595071,595079,8,98
594973,595074,595079,5,101
594455,594585,595081,496,130
594973,595079,595081,2,106
594973,595077,595080,3,104
594973,595078,595081,3,105
594973,595077,595080,3,104
594973,595079,595082,3,106
594973,595080,595082,2,107
594973,595078,595081,3,105
594973,595079,595082,3,106
594973,595079,595081,2,106
594973,595080,595082,2,107
594973,595079,595081,2,106
594973,595078,595081,3,105
594990,595081,595083,2,91
594973,595077,595083,6,104
594973,595080,595082,2,107
594973,595079,595082,3,106
594973,595078,595082,4,105
594973,595079,595082,3,106
594973,595079,595082,3,106
594973,595079,595082,3,106
594990,595081,595084,3,91
594990,595081,595084,3,91
594990,595081,595083,2,91
594990,595082,595083,1,92
594990,595081,595083,2,91
594990,595082,595085,3,92
594990,595082,595084,2,92
594990,595082,595085,3,92
594990,595082,595087,5,92
594990,595084,595093,9,94
594990,595083,595093,10,93
594990,595083,595094,11,93
594990,595082,595094,12,92
594990,595082,595094,12,92
594990,595083,595095,12,93
594990,595083,595095,12,93
594990,595083,595094,11,93
594990,595084,595094,10,94
594990,595083,595095,12,93
594990,595083,595095,12,93
594990,595085,595096,11,95
594990,595084,595096,12,94
594990,595083,595096,13,93
594990,595087,595096,9,97
594990,595084,595095,11,94
594990,595084,595096,12,94
594990,595082,595097,15,92
594990,595086,595096,10,96
594990,595085,595098,13,95
594990,595094,595098,4,104
594990,595094,595098,4,104
594990,595094,595099,5,104
594990,595095,595100,5,105
594990,595093,595100,7,103
594990,595098,595100,2,108
594990,595095,595101,6,105
594990,595098,595101,3,108
594990,595096,595102,6,106
594990,595099,595102,3,109
594990,595098,595101,3,108
594990,595095,595103,8,105
594990,595093,595102,9,103
594990,595095,595103,8,105
594990,595095,595102,7,105
594990,595096,595103,7,106
594990,595100,595103,3,110
594990,595097,595102,5,107
594990,595100,595102,2,110
594990,595096,595104,8,106
594990,595097,595104,7,107
594990,595101,595104,3,111
594990,595096,595104,8,106
594990,595097,595104,7,107
594990,595101,595103,2,111
594990,595096,595104,8,106
594990,595101,595103,2,111
594990,595096,595105,9,106
594990,595102,595105,3,112
594990,595103,595105,2,113
594990,595103,595105,2,113
594990,595103,595106,3,113
594990,595104,595105,1,114
594990,595104,595106,2,114
594990,595103,595106,3,113
594990,595104,595106,2,114
594990,595104,595106,2,114
594990,595104,595106,2,114
594990,595104,595106,2,114
594990,595102,595107,5,112
594990,595102,595106,4,112
594990,595103,595107,4,113
594990,595103,595107,4,113
594990,595103,595107,4,113
594990,595104,595106,2,114
594995,595105,595106,1,110
594995,595106,595107,1,111
594995,595106,595107,1,111
594995,595106,595108,2,111
594995,595104,595107,3,109
594995,595105,595108,3,110
594995,595106,595108,2,111
594995,595106,595108,2,111
594995,595106,595110,4,111
594995,595106,595112,6,111
594995,595106,595116,10,111
594995,595107,595117,10,112
594995,595107,595117,10,112
594995,595106,595117,11,111
594995,595108,595118,10,113
594995,595106,595118,12,111
594995,595108,595118,10,113
594995,595107,595118,11,112
594995,595107,595117,10,112
594995,595107,595118,11,112
594995,595108,595118,10,113
594995,595107,595118,11,112
594995,595109,595120,11,114
594995,595107,595120,13,112
594995,595109,595120,11,114
594995,595108,595122,14,113
594995,595110,595122,12,115
594995,595108,595123,15,113
594995,595112,595124,12,117
594995,595118,595124,6,123
594995,595118,595125,7,123
594995,595120,595126,6,125
594995,595118,595127,9,123
594995,595119,595128,9,124
594995,595118,595128,10,123
594995,595116,595128,12,121
594995,595121,595129,8,126
594995,595125,595129,4,130
594995,595119,595129,10,124
594995,595118,595129,11,123
594995,595117,595129,12,122
594995,595124,595129,5,129
594995,595117,595129,12,122
594995,595117,595130,13,122
594995,595119,595129,10,124
594995,595125,595129,4,130
594995,595120,595131,11,125
594995,595129,595132,3,134
594995,595122,595132,10,127
594995,595129,595132,3,134
594995,595129,595132,3,134
594995,595122,595131,9,127
594995,595123,595131,8,128
594995,595127,595132,5,132
594995,595131,595133,2,136
594995,595127,595133,6,132
594995,595129,595133,4,134
594995,595129,595133,4,134
594995,595128,595133,5,133
594995,595130,595132,2,135
594995,595128,595133,5,133
594995,595129,595134,5,134
594995,595129,595133,4,134
594995,595131,595133,2,136
594995,595132,595135,3,137
594995,595132,595135,3,137
594995,595133,595135,2,138
594995,595131,595134,3,136
594995,595128,595134,6,133
594995,595133,595135,2,138
595006,595133,595136,3,127
594995,595133,595135,2,138
594995,595133,595136,3,138
594995,595133,595135,2,138
594995,595132,595136,4,137
594995,595133,595135,2,138
595006,595134,595137,3,128
595006,595135,595136,1,129
595006,595133,595136,3,127
595006,595133,595136,3,127
595006,595134,595137,3,128
595006,595135,595138,3,129
595006,595134,595137,3,128
595006,595134,595138,4,128
595006,595135,595139,4,129
595006,595135,595144,9,129
595006,595136,595146,10,130
595006,595136,595146,10,130
595006,595137,595147,10,131
595006,595135,595147,12,129
595006,595136,595148,12,130
595006,595136,595147,11,130
595006,595136,595147,11,130
595006,595137,595148,11,131
595006,595138,595148,10,132
595006,595136,595148,12,130
595006,595137,595149,12,131
595006,595138,595150,12,132
595006,595140,595150,10,134
595006,595136,595150,14,130
595006,595138,595150,12,132
595006,595138,595150,12,132
595006,595138,595152,14,132
594580,594683,595155,472,103
595006,595146,595156,10,140
595006,595144,595156,12,138
595006,595147,595157,10,141
595006,595148,595157,9,142
595006,595150,595157,7,144
595006,595150,595157,7,144
595006,595148,595158,10,142
595006,595147,595158,11,141
595006,595150,595158,8,144
595006,595146,595157,11,140
595006,595150,595157,7,144
595006,595149,595159,10,143
595006,595150,595159,9,144
595006,595150,595158,8,144
595006,595148,595159,11,142
595006,595148,595159,11,142
595006,595156,595160,4,150
595006,595156,595161,5,150
595006,595149,595160,11,143
595006,595157,595161,4,151
595006,595159,595162,3,153
595006,595159,595162,3,153
595006,595160,595162,2,154
595006,595152,595163,11,146
595006,595160,595163,3,154
595006,595161,595163,2,155
595006,595159,595163,4,153
595006,595159,595162,3,153
595006,595157,595162,5,151
595006,595158,595164,6,152
595006,595157,595164,7,151
595006,595160,595163,3,154
595006,595161,595164,3,155
595006,595159,595163,4,153
595006,595159,595163,4,153
595006,595158,595164,6,152
595006,595158,595163,5,152
595006,595162,595164,2,156
595006,595162,595164,2,156
595006,595163,595165,2,157
595006,595162,595164,2,156
595006,595162,595165,3,156
595006,595163,595166,3,157
595006,595163,595166,3,157
595006,595163,595166,3,157
595050,595164,595166,2,114
595006,595163,595167,4,157
595050,595164,595165,1,114
595050,595164,595167,3,114
595050,595164,595166,2,114
595006,595155,595166,11,149
595050,595164,595166,2,114
595050,595165,595168,3,115
595050,595165,595167,2,115
595050,595164,595167,3,114
595050,595165,595167,2,115
594698,594830,595169,339,132
595050,595165,595169,4,115
595050,595165,595174,9,115
595050,595168,595174,6,118
595050,595167,595175,8,117
595050,595168,595175,7,118
595050,595169,595176,7,119
595050,595167,595177,10,117
595050,595168,595177,9,118
595050,595165,595176,11,115
595050,595168,595177,9,118
595050,595166,595177,11,116
595050,595167,595178,11,117
595050,595166,595178,12,116
595050,595166,595178,12,116
595050,595166,595178,12,116
595050,595167,595179,12,117
595050,595170,595178,8,120
595050,595166,595179,13,116
595050,595175,595180,5,125
595050,595167,595179,12,117
595050,595175,595180,5,125
595050,595167,595180,13,117
595050,595176,595181,5,126
595050,595175,595181,6,125
595050,595177,595181,4,127
595050,595174,595183,9,124
595050,595177,595183,6,127
595050,595181,595185,4,131
595050,595179,595185,6,129
595050,595177,595185,8,127
595050,595177,595185,8,127
595050,595180,595185,5,130
595050,595180,595186,6,130
595050,595181,595185,4,131
595050,595182,595187,5,132
595050,595183,595186,3,133
595050,595180,595187,7,130
595050,595179,595187,8,129
595050,595180,595188,8,130
595050,595183,595187,4,133
595050,595185,595188,3,135
595050,595179,595188,9,129
595050,595178,595188,10,128
595050,595177,595188,11,127
595050,595185,595189,4,135
595050,595186,595188,2,136
595050,595187,595189,2,137
595050,595185,595189,4,135
595050,595178,595189,11,128
595050,595187,595190,3,137
595050,595185,595190,5,135
595050,595179,595189,10,129
595050,595178,595190,12,128
595050,595188,595190,2,138
595050,595186,595191,5,136
595050,595188,595191,3,138
595050,595188,595190,2,138
595050,595185,595190,5,135
595050,595187,595191,4,137
595050,595187,595191,4,137
595050,595189,595190,1,139
595050,595188,595192,4,138
595068,595190,595192,2,122
595050,595189,595192,3,139
595050,595189,595191,2,139
595050,595189,595191,2,139
595050,595189,595191,2,139
595068,595190,595193,3,122
595068,595190,595193,3,122
595068,595191,595193,2,123
595068,595189,595194,5,121
595068,595191,595194,3,123
595068,595191,595194,3,123
595068,595191,595193,2,123
595068,595191,595193,2,123
595068,595191,595197,6,123
595068,595191,595201,10,123
595068,595192,595202,10,124
595068,595192,595202,10,124
595068,595192,595203,11,124
595068,595192,595202,10,124
595068,595194,595204,10,126
595068,595194,595203,9,126
595068,595191,595204,13,123
595068,595193,595204,11,125
595068,595192,595204,12,124
595068,595193,595205,12,125
595068,595192,595205,13,124
595068,595194,595205,11,126
595068,595191,595206,15,123
595068,595194,595206,12,126
595068,595193,595206,13,125
595068,595194,595206,12,126
595068,595197,595207,10,129
595068,595204,595209,5,136
595068,595203,595210,7,135
595068,595204,595209,5,136
595068,595202,595212,10,134
595068,595202,595212,10,134
595068,595210,595213,3,142
595068,595210,595212,2,142
595068,595205,595213,8,137
595068,595203,595213,10,135
595068,595203,595213,10,135
595068,595205,595214,9,137
595068,595209,595213,4,141
595068,595212,595214,2,144
595068,595204,595214,10,136
595068,595207,595214,7,139
595068,595213,595215,2,145
595068,595206,595215,9,138
595068,595212,595214,2,144
595068,595213,595215,2,145
595068,595204,595214,10,136
595068,595208,595214,6,140
595068,595205,595214,9,137
595068,595207,595214,7,139
595068,595206,595216,10,138
595068,595204,595216,12,136
595068,595213,595216,3,145
595068,595213,595216,3,145
595068,595213,595215,2,145
595068,595214,595217,3,146
595068,595215,595217,2,147
595068,595214,595217,3,146
595068,595215,595218,3,147
595068,595215,595217,2,147
595068,595216,595218,2,148
595068,595214,595217,3,146
595068,595215,595218,3,147
595068,595214,595218,4,146
595068,595215,595218,3,147
595068,595216,595219,3,148
595068,595215,595219,4,147
595068,595216,595219,3,148
595068,595214,595218,4,146
595068,595217,595218,1,149
595068,595216,595219,3,148
595068,595216,595218,2,148
595068,595216,595218,2,148
595068,595216,595218,2,148
595070,595218,595220,2,148
595070,595218,595220,2,148
595070,595218,595221,3,148
595070,595218,595221,3,148
595070,595218,595220,2,148
595070,595218,595220,2,148
595070,595217,595221,4,147
595070,595218,595222,4,148
595070,595219,595223,4,149
595070,595219,595225,6,149
594785,594892,595227,335,107
595070,595219,595229,10,149
595070,595220,595229,9,150
595070,595219,595230,11,149
595070,595220,595231,11,150
595070,595220,595230,10,150
595070,595219,595231,12,149
595070,595219,595231,12,149
595070,595221,595232,11,151
594673,594768,595232,464,95
595070,595219,595232,13,149
595070,595220,595233,13,150
595070,595221,595234,13,151
595070,595221,595234,13,151
595070,595222,595234,12,152
595070,595221,595234,13,151
595070,595223,595235,12,153
595070,595221,595234,13,151
595070,595225,595237,12,155
595070,595227,595237,10,157
595070,595231,595237,6,161
595070,595230,595238,8,160
595070,595229,595239,10,159
595070,595229,595240,11,159
595070,595237,595240,3,167
595070,595232,595241,9,162
595070,595237,595240,3,167
595070,595238,595240,2,168
595070,595231,595241,10,161
595070,595234,595241,7,164
595070,595234,595241,7,164
595070,595232,595242,10,162
595070,595231,595242,11,161
595070,595235,595242,7,165
595070,595239,595242,3,169
595070,595240,595241,1,170
595070,595233,595242,9,163
595070,595237,595243,6,167
595070,595234,595242,8,164
595070,595231,595243,12,161
595070,595234,595242,8,164
595070,595240,595242,2,170
595070,595232,595243,11,162
595070,595241,595243,2,171
595070,595241,595243,2,171
595070,595241,595243,2,171
595070,595235,595244,9,165
595070,595242,595244,2,172
595070,595241,595245,4,171
595070,595241,595245,4,171
595070,595243,595245,2,173
595070,595242,595246,4,172
595070,595242,595246,4,172
595070,595243,595245,2,173
595070,595244,595246,2,174
595070,595242,595245,3,172
595070,595243,595246,3,173
595070,595243,595246,3,173
595070,595243,595246,3,173
595070,595244,595246,2,174
595070,595244,595247,3,174
595070,595243,595246,3,173
595070,595243,595246,3,173
595070,595244,595246,2,174
595070,595244,595246,2,174
595075,595246,595247,1,171
595070,595241,595246,5,171
595070,595243,595246,3,173
595075,595246,595248,2,171
595075,595246,595248,2,171
595075,595245,595247,2,170
595075,595246,595247,1,171
595075,595245,595249,4,170
595075,595246,595250,4,171
595075,595246,595249,3,171
595075,595246,595249,3,171
595075,595246,595253,7,171
595075,595249,595256,7,174
595075,595246,595256,10,171
595075,595247,595258,11,172
595075,595249,595258,9,174
595075,595250,595258,8,175
595075,595250,595259,9,175
595075,595247,595259,12,172
595075,595247,595259,12,172
595075,595247,595258,11,172
595075,595247,595258,11,172
595075,595247,595258,11,172
595075,595249,595260,11,174
595075,595247,595259,12,172
595075,595248,595260,12,173
595075,595247,595259,12,172
595075,595248,595260,12,173
595075,595250,595262,12,175
595075,595258,595263,5,183
595075,595258,595263,5,183
595075,595259,595264,5,184
595075,595256,595264,8,181
595075,595256,595264,8,181
595075,595253,595265,12,178
595075,595259,595265,6,184
595075,595259,595264,5,184
595075,595259,595266,7,184
595075,595258,595266,8,183
595075,595259,595265,6,184
595075,595260,595268,8,185
595075,595260,595268,8,185
595075,595260,595268,8,185
595075,595264,595268,4,189
595075,595265,595268,3,190
595075,595262,595269,7,187
595075,595264,595269,5,189
595075,595262,595268,6,187
595075,595260,595268,8,185
595075,595260,595268,8,185
595075,595265,595270,5,190
595075,595266,595270,4,191
595075,595266,595269,3,191
595075,595266,595269,3,191
595075,595265,595269,4,190
595075,595268,595270,2,193
595075,595263,595271,8,188
595075,595268,595271,3,193
595075,595264,595270,6,189
595075,595264,595270,6,189
595075,595269,595272,3,194
595075,595270,595272,2,195
595075,595268,595272,4,193
595075,595269,595272,3,194
595075,595270,595272,2,195
595075,595271,595273,2,196
595075,595268,595273,5,193
595075,595269,595272,3,194
595075,595270,595273,3,195
595075,595269,595272,3,194
595075,595268,595272,4,193
595075,595269,595272,3,194
595075,595271,595272,1,196
595081,595272,595274,2,191
595075,595271,595274,3,196
595075,595271,595274,3,196
595075,595270,595274,4,195
595075,595270,595273,3,195
595081,595273,595275,2,192
595081,595273,595274,1,192
595081,595273,595275,2,192
595081,595272,595275,3,191
595081,595272,595275,3,191
595081,595273,595276,3,192
594697,594797,595275,478,100
595081,595273,595276,3,192
595081,595273,595277,4,192
595081,595273,595280,7,192
595081,595275,595282,7,194
595081,595276,595284,8,195
595081,595276,595284,8,195
595081,595273,595284,11,192
595081,595275,595284,9,194
595081,595275,595285,10,194
595081,595273,595284,11,192
595081,595274,595284,10,193
595081,595275,595285,10,194
595081,595277,595285,8,196
595081,595277,595286,9,196
595081,595273,595285,12,192
595081,595274,595286,12,193
595081,595274,595286,12,193
595081,595275,595285,10,194
595081,595274,595287,13,193
595081,595284,595287,3,203
595081,595284,595287,3,203
595081,595274,595288,14,193
595081,595284,595289,5,203
595081,595280,595290,10,199
595081,595285,595290,5,204
595081,595285,595291,6,204
595081,595285,595291,6,204
595081,595282,595291,9,201
595081,595285,595291,6,204
595081,595284,595292,8,203
595081,595285,595293,8,204
595081,595286,595292,6,205
595081,595287,595293,6,206
595081,595286,595292,6,205
595081,595287,595293,6,206
595081,595286,595293,7,205
595081,595287,595293,6,206
595081,595290,595295,5,209
595081,595286,595295,9,205
595081,595291,595295,4,210
595081,595286,595295,9,205
595081,595291,595294,3,210
595081,595289,595295,6,208
595081,595288,595295,7,207
595081,595290,595295,5,209
595081,595292,595296,4,211
595081,595293,595297,4,212
595081,595293,595297,4,212
595081,595293,595297,4,212
595081,595293,595297,4,212
595081,595293,595297,4,212
595081,595294,595297,3,213
595081,595293,595298,5,212
595081,595295,595298,3,214
595081,595295,595298,3,214
595081,595291,595297,6,210
595081,595293,595299,6,212
595081,595295,595298,3,214
595081,595297,595299,2,216
595081,595295,595299,4,214
595081,595296,595299,3,215
595081,595295,595298,3,214
595081,595297,595299,2,216
595081,595296,595299,3,215
595081,595297,595299,2,216
595081,595297,595299,2,216
595156,595298,595301,3,142
595081,595296,595300,4,215
595156,595299,595300,1,143
595156,595299,595301,2,143
595156,595298,595301,3,142
595081,595297,595300,3,216
595156,595299,595301,2,143
595156,595298,595301,3,142
595156,595298,595302,4,142
595156,595299,595302,3,143
595156,595299,595303,4,143
595156,595299,595306,7,143
595156,595299,595309,10,143
595156,595300,595310,10,144
595156,595299,595309,10,143
595156,595300,595310,10,144
595156,595301,595312,11,145
595156,595299,595312,13,143
595156,595301,595312,11,145
595156,595301,595313,12,145
595156,595301,595313,12,145
595156,595302,595313,11,146
595156,595301,595313,12,145
595156,595301,595313,12,145
595156,595302,595314,12,146
595156,595301,595315,14,145
595156,595304,595315,11,148
595156,595302,595316,14,146
595156,595313,595317,4,157
595156,595313,595317,4,157
595156,595306,595317,11,150
595156,595312,595318,6,156
595156,595313,595319,6,157
595156,595309,595319,10,153
595156,595312,595318,6,156
595156,595311,595319,8,155
595156,595310,595320,10,154
595156,595311,595320,9,155
595156,595313,595321,8,157
595156,595319,595322,3,163
595156,595319,595321,2,163
595156,595320,595322,2,164
595156,595315,595322,7,159
595156,595314,595322,8,158
595156,595320,595323,3,164
595156,595320,595323,3,164
595156,595315,595323,8,159
595156,595317,595323,6,161
595156,595322,595323,1,166
595156,595322,595324,2,166
595156,595319,595324,5,163
595156,595317,595324,7,161
595156,595314,595324,10,158
595156,595318,595324,6,162
595156,595315,595324,9,159
595156,595316,595325,9,160
595156,595322,595324,2,166
595156,595317,595325,8,161
595156,595321,595324,3,165
595156,595322,595325,3,166
595156,595323,595326,3,167
595156,595323,595326,3,167
595156,595324,595327,3,168
595156,595324,595326,2,168
595156,595324,595327,3,168
595156,595322,595327,5,166
595156,595324,595327,3,168
595156,595324,595327,3,168
595156,595323,595327,4,167
595156,595324,595328,4,168
595156,595326,595328,2,170
595156,595324,595327,3,168
595156,595325,595328,3,169
595156,595325,595327,2,169
595156,595325,595328,3,169
595156,595324,595327,3,168
595156,595325,595327,2,169
595178,595326,595328,2,148
595178,595327,595329,2,149
595178,595327,595330,3,149
595178,595327,595329,2,149
595178,595327,595330,3,149
595178,595327,595330,3,149
594753,594859,595329,470,106
595178,595327,595329,2,149
595178,595327,595331,4,149
595178,595328,595331,3,150
595178,595328,595333,5,150
595178,595328,595337,9,150
595178,595328,595338,10,150
595178,595328,595338,10,150
595178,595328,595339,11,150
595178,595328,595339,11,150
595178,595328,595340,12,150
595178,595329,595339,10,151
595178,595329,595339,10,151
595178,595330,595340,10,152
595178,595331,595341,10,153
595178,595330,595340,10,152
595178,595331,595342,11,153
595178,595330,595342,12,152
595178,595330,595342,12,152
595178,595330,595342,12,152
595178,595333,595343,10,155
595178,595330,595342,12,152
595178,595340,595344,4,162
595178,595338,595345,7,160
595178,595340,595344,4,162
595178,595339,595346,7,161
595178,595340,595346,6,162
595178,595338,595346,8,160
595178,595339,595346,7,161
595178,595337,595347,10,159
595178,595341,595346,5,163
595178,595342,595348,6,164
595178,595346,595349,3,168
595178,595344,595349,5,166
595178,595342,595349,7,164
595178,595341,595350,9,163
595178,595342,595350,8,164
595178,595342,595351,9,164
595178,595343,595351,8,165
595178,595346,595351,5,168
595178,595345,595350,5,167
595178,595345,595351,6,167
595178,595347,595351,4,169
595178,595343,595350,7,165
595178,595349,595352,3,171
595178,595346,595352,6,168
595178,595342,595351,9,164
595178,595349,595352,3,171
595178,595348,595352,4,170
595178,595349,595353,4,171
595178,595347,595352,5,169
595178,595350,595354,4,172
595178,595351,595354,3,173
595178,595352,595354,2,174
595178,595346,595354,8,168
595178,595351,595354,3,173
595178,595351,595354,3,173
595178,595351,595354,3,173
595178,595352,595355,3,174
595178,595351,595354,3,173
595178,595352,595354,2,174
595178,595353,595354,1,175
595178,595354,595355,1,176
595178,595351,595354,3,173
595178,595352,595354,2,174
595178,595350,595354,4,172
595178,595353,595355,2,175
595178,595351,595354,3,173
595178,595353,595356,3,175
595231,595354,595356,2,123
595231,595354,595356,2,123
595231,595355,595357,2,124
595178,595354,595356,2,176
595231,595355,595357,2,124
595231,595355,595358,3,124
595231,595354,595357,3,123
595231,595355,595357,2,124
595231,595355,595357,2,124
595231,595355,595358,3,124
595231,595355,595363,8,124
595231,595358,595366,8,127
595231,595357,595367,10,126
595231,595355,595367,12,124
595231,595357,595367,10,126
595231,595355,595367,12,124
595231,595355,595367,12,124
595231,595356,595368,12,125
595231,595356,595368,12,125
595231,595358,595367,9,127
595231,595358,595367,9,127
595231,595358,595368,10,127
595231,595356,595368,12,125
595231,595356,595368,12,125
595231,595358,595368,10,127
595231,595357,595369,12,126
595231,595367,595370,3,136
595231,595367,595370,3,136
595231,595367,595370,3,136
595231,595367,595370,3,136
595231,595368,595371,3,137
595231,595367,595371,4,136
595231,595368,595371,3,137
595231,595368,595372,4,137
595231,595368,595372,4,137
595231,595368,595372,4,137
595231,595368,595371,3,137
595231,595368,595371,3,137
595231,595366,595371,5,135
595231,595369,595372,3,138
595231,595370,595374,4,139
595231,595370,595374,4,139
595231,595370,595374,4,139
595231,595363,595373,10,132
595231,595371,595375,4,140
595231,595370,595375,5,139
595231,595371,595375,4,140
595231,595371,595375,4,140
595231,595371,595375,4,140
595231,595372,595376,4,141
595231,595372,595376,4,141
595231,595372,595376,4,141
595231,595372,595377,5,141
595231,595372,595376,4,141
595231,595373,595376,3,142
595231,595374,595377,3,143
595231,595372,595376,4,141
595231,595374,595378,4,143
595231,595374,595378,4,143
595231,595375,595378,3,144
595231,595375,595377,2,144
595231,595375,595379,4,144
595231,595376,595379,3,145
595231,595377,595378,1,146
595231,595377,595379,2,146
595231,595377,595378,1,146
595231,595375,595378,3,144
595231,595376,595379,3,145
595231,595377,595380,3,146
595231,595378,595379,1,147
595231,595377,595380,3,146
595231,595378,595380,2,147
595231,595375,595379,4,144
595231,595377,595379,2,146
595231,595378,595380,2,147
595232,595379,595381,2,147
595231,595374,595380,6,143
595232,595379,595382,3,147
595232,595379,595381,2,147
595232,595379,595382,3,147
595232,595379,595382,3,147
595232,595379,595381,2,147
595232,595380,595382,2,148
595232,595379,595382,3,147
595232,595380,595384,4,148
595232,595380,595386,6,148
595232,595382,595391,9,150
595232,595380,595392,12,148
595232,595381,595392,11,149
595232,595380,595392,12,148
595232,595380,595392,12,148
595232,595381,595392,11,149
595232,595381,595392,11,149
595232,595382,595392,10,150
595232,595382,595394,12,150
595232,595382,595394,12,150
595232,595384,595394,10,152
595232,595384,595394,10,152
595232,595382,595394,12,150
595232,595382,595395,13,150
595232,595386,595398,12,154
594801,594925,595399,474,124
595232,595392,595402,10,160
595232,595394,595403,9,162
595232,595394,595403,9,162
595232,595392,595402,10,160
595232,595392,595403,11,160
595232,595394,595404,10,162
595232,595393,595404,11,161
595232,595395,595404,9,163
595232,595393,595404,11,161
595232,595395,595405,10,163
595232,595392,595404,12,160
595232,595392,595404,12,160
595232,595392,595405,13,160
595232,595399,595406,7,167
595232,595404,595407,3,172
595232,595396,595407,11,164
595232,595398,595407,9,166
595232,595404,595407,3,172
595232,595403,595408,5,171
595232,595405,595408,3,173
595232,595405,595407,2,173
595232,595405,595408,3,173
595232,595405,595407,2,173
595232,595404,595407,3,172
595232,595402,595408,6,170
595232,595403,595409,6,171
595232,595406,595409,3,174
595232,595407,595410,3,175
595232,595403,595410,7,171
595232,595407,595410,3,175
595232,595407,595409,2,175
595232,595409,595410,1,177
595232,595407,595411,4,175
595232,595406,595411,5,174
595232,595409,595411,2,177
595232,595408,595412,4,176
595232,595403,595411,8,171
595232,595409,595412,3,177
595232,595409,595411,2,177
595232,595411,595412,1,179
595232,595408,595412,4,176
595232,595408,595411,3,176
595232,595409,595412,3,177
595232,595408,595411,3,176
595232,595410,595413,3,178
595232,595411,595412,1,179
595232,595410,595413,3,178
595232,595411,595413,2,179
595232,595410,595412,2,178
595286,595412,595414,2,126
595232,595411,595414,3,179
595286,595412,595415,3,126
595286,595412,595415,3,126
595286,595412,595415,3,126
595286,595412,595415,3,126
595286,595412,595414,2,126
595286,595412,595415,3,126
595286,595412,595416,4,126
595286,595412,595415,3,126
595286,595413,595419,6,127
595286,595413,595421,8,127
595286,595414,595423,9,128
595286,595413,595425,12,127
595286,595413,595425,12,127
595286,595413,595425,12,127
595286,595415,595426,11,129
595286,595414,595427,13,128
595286,595415,595427,12,129
595286,595415,595426,11,129
595286,595416,595428,12,130
595286,595416,595428,12,130
595286,595415,595427,12,129
595286,595415,595429,14,129
595286,595415,595429,14,129
595286,595419,595430,11,133
595286,595421,595431,10,135
594822,594959,595433,474,137
595286,595423,595432,9,137
595286,595425,595434,9,139
595286,595425,595435,10,139
595286,595428,595436,8,142
595286,595426,595436,10,140
595286,595428,595437,9,142
595286,595425,595437,12,139
595286,595428,595437,9,142
595286,595429,595437,8,143
595286,595427,595436,9,141
595286,595431,595438,7,145
595286,595430,595439,9,144
595286,595427,595439,12,141
595286,595430,595439,9,144
595286,595437,595440,3,151
595286,595433,595440,7,147
595286,595436,595441,5,150
595286,595433,595440,7,147
595286,595438,595441,3,152
595286,595437,595441,4,151
595286,595427,595440,13,141
595286,595437,595441,4,151
595286,595437,595441,4,151
595286,595435,595442,7,149
595286,595436,595441,5,150
595286,595440,595443,3,154
595286,595437,595442,5,151
595286,595435,595442,7,149
595286,595439,595443,4,153
595286,595439,595443,4,153
595286,595441,595444,3,155
595286,595441,595444,3,155
595286,595440,595444,4,154
595286,595441,595445,4,155
595286,595441,595445,4,155
595286,595441,595444,3,155
595286,595442,595446,4,156
595286,595443,595446,3,157
595286,595443,595446,3,157
595286,595439,595446,7,153
595286,595441,595445,4,155
595286,595442,595445,3,156
595286,595444,595445,1,158
595286,595444,595445,1,158
595286,595443,595446,3,157
595286,595441,595446,5,155
595286,595443,595446,3,157
595286,595444,595446,2,158
595286,595444,595446,2,158
595339,595445,595447,2,106
595339,595446,595448,2,107
595339,595446,595448,2,107
595339,595445,595447,2,106
595339,595446,595448,2,107
595339,595446,595449,3,107
595339,595446,595448,2,107
595339,595446,595450,4,107
595339,595446,595450,4,107
595339,595446,595451,5,107
595339,595447,595458,11,108
595339,595448,595458,10,109
595339,595447,595459,12,108
595339,595447,595459,12,108
595339,595450,595460,10,111
595339,595451,595459,8,112
595339,595448,595460,12,109
595339,595447,595459,12,108
595339,595450,595461,11,111
595339,595447,595461,14,108
595339,595448,595460,12,109
595339,595449,595461,12,110
595339,595448,595460,12,109
595339,595447,595461,14,108
595339,595449,595462,13,110
594873,594993,595461,468,120
595339,595460,595464,4,121
595339,595461,595464,3,122
595339,595461,595464,3,122
595339,595461,595465,4,122
595339,595460,595465,5,121
595339,595461,595465,4,122
595339,595460,595464,4,121
595339,595459,595465,6,120
595339,595459,595466,7,120
595339,595460,595465,5,121
595339,595462,595466,4,123
595339,595461,595466,5,122
595339,595464,595468,4,125
595339,595462,595468,6,123
595339,595462,595468,6,123
595339,595464,595469,5,125
595339,595465,595469,4,126
595339,595466,595470,4,127
595339,595464,595470,6,125
595339,595466,595470,4,127
595339,595459,595469,10,120
595339,595465,595469,4,126
595339,595465,595471,6,126
595339,595458,595471,13,119
595339,595468,595471,3,129
595339,595466,595471,5,127
595339,595466,595470,4,127
595339,595469,595471,2,130
595339,595468,595473,5,129
595339,595471,595473,2,132
595339,595468,595473,5,129
595339,595468,595472,4,129
595339,595465,595472,7,126
595339,595470,595473,3,131
595339,595470,595474,4,131
595339,595470,595473,3,131
595339,595471,595474,3,132
595339,595471,595474,3,132
595339,595470,595473,3,131
595339,595473,595474,1,134
595339,595474,595475,1,135
595339,595471,595475,4,132
595339,595470,595474,4,131
595339,595473,595475,2,134
595339,595473,595476,3,134
595339,595473,595476,3,134
595339,595473,595475,2,134
595400,595474,595476,2,74
595339,595471,595476,5,132
595339,595470,595476,6,131
595339,595473,595475,2,134
595400,595474,595476,2,74
595400,595474,595477,3,74
595400,595475,595477,2,75
595400,595474,595476,2,74
595400,595475,595478,3,75
595400,595475,595478,3,75
595400,595475,595477,2,75
595400,595475,595478,3,75
595400,595476,595481,5,76
595400,595478,595486,8,78
595400,595477,595487,10,77
595400,595478,595488,10,78
595400,595477,595488,11,77
595400,595476,595488,12,76
595400,595478,595488,10,78
595400,595478,595489,11,78
595400,595477,595489,12,77
595400,595476,595488,12,76
595400,595476,595488,12,76
595400,595476,595490,14,76
595400,595476,595490,14,76
595400,595476,595490,14,76
595400,595476,595489,13,76
595400,595487,595491,4,87
595400,595481,595490,9,81
595400,595489,595492,3,89
595400,595488,595492,4,88
595400,595489,595492,3,89
595400,595488,595492,4,88
595400,595488,595492,4,88
595400,595486,595493,7,86
595400,595488,595492,4,88
595400,595490,595492,2,90
595400,595490,595493,3,90
595007,595163,595493,330,156
595400,595490,595494,4,90
595400,595490,595494,4,90
595400,595490,595493,3,90
595400,595490,595494,4,90
595400,595491,595494,3,91
595400,595491,595495,4,91
595400,595492,595496,4,92
594883,595023,595496,473,140
595400,595492,595496,4,92
595400,595492,595495,3,92
595400,595492,595495,3,92
595400,595492,595495,3,92
595400,595493,595497,4,93
595400,595493,595497,4,93
595400,595493,595497,4,93
595400,595495,595498,3,95
595400,595493,595497,4,93
595400,595493,595498,5,93
595400,595494,595498,4,94
595400,595494,595499,5,94
595400,595496,595499,3,96
595400,595494,595499,5,94
595400,595495,595499,4,95
595400,595496,595500,4,96
595400,595496,595500,4,96
595400,595498,595500,2,98
595400,595496,595500,4,96
595400,595497,595500,3,97
595400,595494,595499,5,94
595400,595496,595499,3,96
595400,595496,595501,5,96
595400,595498,595501,3,98
595400,595498,595500,2,98
595400,595499,595501,2,99
595400,595499,595501,2,99
595433,595500,595501,1,67
595400,595498,595501,3,98
595400,595497,595501,4,97
595433,595500,595502,2,67
595400,595497,595501,4,97
595433,595500,595501,1,67
595400,595499,595502,3,99
595433,595500,595503,3,67
595433,595501,595503,2,68
595400,595499,595502,3,99
595400,595500,595502,2,100
595433,595500,595503,3,67
595433,595501,595503,2,68
595433,595501,595503,2,68
595433,595501,595505,4,68
595433,595501,595506,5,68
595433,595502,595511,9,69
595433,595502,595513,11,69
595433,595503,595513,10,70
595433,595504,595513,9,71
595433,595504,595514,10,71
595433,595504,595514,10,71
595433,595502,595515,13,69
595433,595502,595515,13,69
595433,595502,595515,13,69
595433,595502,595514,12,69
595433,595505,595515,10,72
595433,595511,595515,4,78
595433,595513,595516,3,80
595433,595503,595515,12,70
595433,595506,595515,9,73
595433,595503,595515,12,70
595433,595503,595517,14,70
595433,595502,595517,15,69
595433,595514,595517,3,81
595433,595513,595518,5,80
595433,595515,595518,3,82
595433,595513,595517,4,80
595433,595515,595518,3,82
595433,595515,595517,2,82
595433,595516,595518,2,83
595433,595514,595517,3,81
595433,595515,595518,3,82
595433,595515,595518,3,82
595433,595516,595520,4,83
595433,595515,595519,4,82
595433,595517,595520,3,84
595433,595517,595521,4,84
595433,595517,595521,4,84
595433,595517,595521,4,84
595433,595517,595521,4,84
595433,595518,595521,3,85
595433,595518,595522,4,85
595433,595518,595522,4,85
595433,595518,595522,4,85
595433,595518,595522,4,85
595433,595518,595522,4,85
595433,595518,595521,3,85
595433,595518,595522,4,85
595433,595522,595524,2,89
595433,595520,595524,4,87
595433,595521,595524,3,88
595433,595520,595524,4,87
595433,595520,595524,4,87
595433,595521,595525,4,88
595433,595521,595525,4,88
595433,595522,595525,3,89
595433,595520,595524,4,87
595433,595521,595526,5,88
595433,595524,595525,1,91
595433,595522,595526,4,89
595433,595521,595526,5,88
595433,595522,595525,3,89
595433,595523,595526,3,90
595433,595522,595526,4,89
595433,595522,595525,3,89
595433,595524,595526,2,91
595433,595524,595526,2,91
595433,595524,595526,2,91
595463,595525,595526,1,62
595433,595525,595528,3,92
595433,595524,595527,3,91
595463,595525,595528,3,62
595463,595526,595527,1,63
595463,595526,595527,1,63
595463,595526,595528,2,63
595463,595526,595528,2,63
595463,595526,595529,3,63
595463,595526,595528,2,63
595463,595526,595529,3,63
595463,595527,595532,5,64
595463,595527,595536,9,64
595463,595527,595538,11,64
595463,595528,595538,10,65
594941,595054,595537,483,113
595463,595529,595539,10,66
595463,595528,595538,10,65
595463,595528,595539,11,65
595463,595529,595539,10,66
595463,595527,595540,13,64
595463,595528,595540,12,65
595463,595529,595540,11,66
595463,595527,595539,12,64
595463,595528,595541,13,65
595463,595538,595541,3,75
595463,595528,595540,12,65
595463,595529,595541,12,66
595463,595540,595542,2,77
595463,595538,595542,4,75
595463,595540,595542,2,77
595463,595539,595542,3,76
595463,595539,595541,2,76
595463,595538,595543,5,75
595463,595539,595542,3,76
595463,595540,595544,4,77
595463,595541,595544,3,78
595463,595539,595543,4,76
595463,595540,595544,4,77
595463,595532,595543,11,69
595463,595542,595544,2,79
595463,595542,595545,3,79
595463,595537,595545,8,74
595463,595541,595545,4,78
595463,595541,595544,3,78
595463,595542,595544,2,79
595463,595543,595546,3,80
595463,595542,595546,4,79
595463,595542,595546,4,79
595463,595542,595545,3,79
595463,595544,595547,3,81
595463,595544,595547,3,81
595463,595543,595546,3,80
595463,595544,595547,3,81
595463,595544,595548,4,81
595463,595544,595548,4,81
595463,595545,595549,4,82
595463,595545,595549,4,82
595463,595545,595549,4,82
595463,595544,595549,5,81
595463,595545,595548,3,82
595463,595546,595550,4,83
595463,595547,595550,3,84
595463,595546,595550,4,83
595463,595545,595549,4,82
595463,595547,595550,3,84
595463,595548,595551,3,85
595463,595546,595550,4,83
594974,595081,595551,470,107
595463,595546,595550,4,83
595463,595547,595550,3,84
595463,595549,595552,3,86
595463,595549,595552,3,86
595463,595547,595551,4,84
595463,595549,595552,3,86
595463,595548,595551,3,85
595463,595549,595551,2,86
595463,595550,595552,2,87
595463,595550,595551,1,87
595493,595550,595553,3,57
595493,595551,595553,2,58
595493,595551,595554,3,58
595493,595551,595554,3,58
595493,595552,595554,2,59
595493,595551,595555,4,58
595493,595550,595554,4,57
595493,595551,595554,3,58
595493,595551,595554,3,58
595493,595552,595557,5,59
595069,595217,595558,341,148
595493,595552,595560,8,59
595493,595552,595562,10,59
595493,595552,595563,11,59
595493,595552,595563,11,59
595493,595552,595564,12,59
595493,595553,595563,10,60
595493,595553,595565,12,60
595493,595552,595564,12,59
595493,595555,595566,11,62
595493,595555,595566,11,62
595493,595555,595566,11,62
595493,595555,595565,10,62
595493,595559,595567,8,66
595493,595554,595566,12,61
595493,595557,595566,9,64
595493,595565,595567,2,72
595493,595554,595566,12,61
595493,595554,595566,12,61
595493,595564,595568,4,71
595493,595566,595569,3,73
595493,595567,595569,2,74
595493,595565,595569,4,72
595493,595567,595570,3,74
595493,595566,595570,4,73
595493,595566,595570,4,73
595493,595563,595570,7,70
595493,595565,595569,4,72
595493,595566,595570,4,73
595493,595560,595569,9,67
595493,595567,595571,4,74
595493,595567,595570,3,74
595493,595567,595570,3,74
595493,595567,595570,3,74
595493,595563,595570,7,70
595493,595568,595572,4,75
595493,595562,595571,9,69
595493,595570,595574,4,77
595493,595571,595574,3,78
595493,595569,595574,5,76
595493,595570,595574,4,77
595493,595570,595574,4,77
595493,595571,595575,4,78
595493,595570,595575,5,77
595493,595572,595575,3,79
595493,595569,595575,6,76
595493,595570,595575,5,77
595493,595571,595575,4,78
595493,595570,595575,5,77
595493,595574,595576,2,81
595493,595571,595575,4,78
595493,595569,595575,6,76
595493,595571,595575,4,78
595493,595572,595575,3,79
595493,595570,595575,5,77
595493,595574,595577,3,81
595493,595574,595577,3,81
595493,595574,595576,2,81
595493,595576,595578,2,83
595493,595575,595578,3,82
595493,595574,595578,4,81
595493,595575,595578,3,82
595493,595575,595577,2,82
595493,595576,595579,3,83
595493,595575,595579,4,82
595497,595576,595579,3,79
595497,595576,595578,2,79
595497,595576,595578,2,79
595497,595577,595578,1,80
595497,595577,595580,3,80
594991,595104,595580,476,113
595493,595576,595579,3,83
595497,595577,595579,2,80
595497,595577,595579,2,80
595497,595576,595579,3,79
595497,595578,595581,3,81
595497,595578,595583,5,81
595497,595581,595586,5,84
595497,595578,595586,8,81
595497,595583,595587,4,86
595497,595579,595588,9,82
595497,595580,595589,9,83
595497,595579,595589,10,82
595497,595580,595589,9,83
595497,595586,595589,3,89
595497,595580,595589,9,83
595497,595580,595590,10,83
595497,595580,595590,10,83
595497,595586,595590,4,89
595497,595579,595590,11,82
595497,595580,595591,11,83
595497,595579,595591,12,82
595497,595588,595591,3,91
595497,595579,595590,11,82
595497,595589,595591,2,92
595497,595579,595591,12,82
595497,595589,595591,2,92
595497,595587,595591,4,90
595497,595578,595591,13,81
595497,595589,595592,3,92
595497,595579,595591,12,82
595497,595589,595593,4,92
595497,595591,595593,2,94
595497,595590,595592,2,93
595497,595591,595593,2,94
595497,595590,595594,4,93
595497,595591,595594,3,94
595497,595591,595594,3,94
595497,595591,595594,3,94
595497,595590,595593,3,93
595497,595591,595594,3,94
595497,595590,595594,4,93
595497,595592,595595,3,95
595497,595592,595595,3,95
595497,595591,595594,3,94
595497,595591,595594,3,94
595497,595592,595596,4,95
595497,595593,595597,4,96
595497,595592,595597,5,95
595497,595594,595597,3,97
595497,595593,595597,4,96
595497,595594,595598,4,97
595497,595594,595598,4,97
595497,595593,595597,4,96
595497,595595,595598,3,98
595497,595594,595597,3,97
595497,595594,595598,4,97
595497,595594,595597,3,97
595497,595595,595599,4,98
595497,595596,595598,2,99
595497,595596,595599,3,99
595497,595597,595599,2,100
595497,595595,595599,4,98
595497,595595,595599,4,98
595497,595597,595600,3,100
595497,595597,595600,3,100
595497,595596,595599,3,99
595497,595598,595600,2,101
595497,595597,595599,2,100
595538,595599,595601,2,61
595538,595598,595601,3,60
595538,595599,595601,2,61
595497,595598,595600,2,101
595538,595599,595601,2,61
595538,595599,595601,2,61
595538,595599,595601,2,61
595538,595599,595601,2,61
595497,595598,595601,3,101
595497,595598,595601,3,101
595538,595600,595603,3,62
595538,595600,595602,2,62
595538,595600,595604,4,62
595538,595600,595606,6,62
595538,595604,595609,5,66
595538,595606,595611,5,68
595538,595601,595611,10,63
595538,595600,595611,11,62
595538,595603,595611,8,65
595538,595601,595611,10,63
594995,595133,595611,478,138
595538,595600,595612,12,62
595538,595602,595612,10,64
595538,595603,595612,9,65
595538,595602,595613,11,64
595538,595601,595613,12,63
595538,595602,595613,11,64
595538,595601,595614,13,63
595538,595602,595614,12,64
595538,595602,595614,12,64
595538,595611,595614,3,73
595538,595601,595613,12,63
595538,595612,595614,2,74
595538,595611,595615,4,73
595538,595611,595614,3,73
595538,595612,595615,3,74
595538,595609,595614,5,71
595538,595612,595614,2,74
595538,595612,595616,4,74
595538,595611,595616,5,73
595538,595611,595615,4,73
595538,595614,595616,2,76
595538,595614,595617,3,76
595538,595614,595617,3,76
595538,595613,595617,4,75
595538,595615,595617,2,77
595538,595614,595618,4,76
595538,595614,595618,4,76
595538,595613,595617,4,75
595538,595614,595618,4,76
595538,595613,595618,5,75
595538,595615,595618,3,77
595538,595615,595619,4,77
595538,595615,595620,5,77
595538,595616,595620,4,78
595538,595617,595620,3,79
595538,595617,595621,4,79
595538,595615,595620,5,77
595538,595617,595621,4,79
595538,595616,595620,4,78
595538,595618,595621,3,80
595538,595616,595620,4,78
595538,595618,595621,3,80
595538,595619,595622,3,81
595538,595618,595621,3,80
595538,595617,595621,4,79
595538,595620,595622,2,82
595538,595616,595621,5,78
595538,595618,595621,3,80
595538,595620,595623,3,82
595538,595619,595622,3,81
595538,595619,595622,3,81
595538,595620,595623,3,82
595538,595621,595622,1,83
595538,595621,595624,3,83
595552,595622,595624,2,70
595538,595621,595624,3,83
595538,595621,595624,3,83
595538,595621,595623,2,83
595552,595622,595624,2,70
595538,595621,595623,2,83
595552,595622,595624,2,70
595552,595622,595625,3,70
595552,595622,595624,2,70
595552,595623,595625,2,71
595552,595622,595625,3,70
595552,595623,595625,2,71
595552,595623,595625,2,71
595552,595623,595629,6,71
595552,595626,595632,6,74
595552,595624,595633,9,72
595552,595624,595634,10,72
595552,595624,595634,10,72
595552,595629,595634,5,77
595552,595624,595635,11,72
595552,595624,595635,11,72
595552,595624,595634,10,72
595552,595626,595636,10,74
595552,595625,595636,11,73
595552,595624,595636,12,72
595552,595624,595636,12,72
595552,595626,595637,11,74
595552,595625,595637,12,73
595552,595634,595637,3,82
595552,595624,595637,13,72
595552,595625,595638,13,73
595552,595636,595638,2,84
595552,595633,595637,4,81
595552,595633,595638,5,81
595552,595635,595639,4,83
595552,595635,595639,4,83
595552,595635,595639,4,83
595552,595636,595639,3,84
595552,595635,595639,4,83
595552,595634,595639,5,82
595552,595637,595640,3,85
595552,595637,595641,4,85
595552,595637,595640,3,85
595552,595637,595641,4,85
595552,595639,595641,2,87
595552,595637,595640,3,85
595552,595638,595642,4,86
595552,595639,595641,2,87
595552,595637,595642,5,85
595552,595639,595642,3,87
595552,595638,595641,3,86
595552,595639,595641,2,87
595552,595638,595642,4,86
595552,595639,595644,5,87
595552,595641,595644,3,89
595552,595641,595644,3,89
595552,595641,595645,4,89
595552,595641,595645,4,89
595552,595642,595645,3,90
595552,595640,595645,5,88
595552,595639,595645,6,87
595552,595642,595645,3,90
595552,595642,595645,3,90
595552,595642,595646,4,90
595552,595642,595645,3,90
595552,595642,595646,4,90
595552,595641,595645,4,89
595552,595644,595646,2,92
595552,595641,595645,4,89
595552,595644,595647,3,92
595552,595645,595647,2,93
595552,595645,595648,3,93
595552,595644,595648,4,92
595552,595644,595648,4,92
595552,595645,595648,3,93
595552,595645,595648,3,93
595552,595645,595647,2,93
595552,595646,595648,2,94
595552,595645,595648,3,93
595563,595646,595649,3,83
595563,595646,595650,4,83
595563,595646,595649,3,83
595563,595646,595649,3,83
595563,595646,595650,4,83
595563,595648,595651,3,85
595563,595648,595651,3,85
595563,595647,595650,3,84
595563,595648,595652,4,85
595563,595647,595651,4,84
595051,595189,595652,463,138
595563,595648,595655,7,85
595563,595648,595659,11,85
595563,595648,595661,13,85
595563,595649,595660,11,86
595563,595650,595661,11,87
595563,595650,595661,11,87
595563,595650,595661,11,87
595563,595649,595661,12,86
595563,595652,595661,9,89
595563,595648,595662,14,85
595563,595650,595662,12,87
595563,595651,595663,12,88
595563,595651,595664,13,88
595563,595651,595663,12,88
595563,595653,595664,11,90
595563,595652,595665,13,89
595563,595655,595665,10,92
595563,595659,595668,9,96
595563,595661,595670,9,98
595563,595661,595671,10,98
595563,595661,595671,10,98
595563,595661,595673,12,98
595563,595663,595673,10,100
595563,595663,595673,10,100
595563,595662,595673,11,99
595563,595664,595674,10,101
595563,595661,595673,12,98
595563,595663,595673,10,100
595563,595665,595674,9,102
595563,595665,595674,9,102
595563,595664,595675,11,101
595563,595664,595676,12,101
595563,595663,595676,13,100
595563,595670,595676,6,107
595563,595671,595676,5,108
595563,595668,595676,8,105
595563,595672,595677,5,109
595563,595676,595679,3,113
595563,595673,595679,6,110
595563,595676,595679,3,113
595563,595675,595679,4,112
595563,595674,595678,4,111
595563,595674,595679,5,111
595563,595676,595679,3,113
595563,595676,595680,4,113
595563,595673,595680,7,110
595563,595676,595679,3,113
595563,595673,595680,7,110
595563,595673,595679,6,110
595563,595675,595679,4,112
595563,595674,595680,6,111
595563,595679,595681,2,116
595563,595674,595680,6,111
595563,595679,595682,3,116
595563,595679,595682,3,116
595563,595678,595681,3,115
595563,595679,595681,2,116
595563,595679,595681,2,116
595563,595679,595682,3,116
595563,595680,595683,3,117
595563,595680,595682,2,117
595563,595680,595683,3,117
595591,595680,595683,3,89
595563,595680,595683,3,117
595591,595681,595682,1,90
595563,595680,595682,2,117
595591,595682,595684,2,91
595591,595682,595684,2,91
595591,595682,595684,2,91
595563,595679,595683,4,116
595591,595681,595683,2,90
595591,595682,595684,2,91
595591,595683,595685,2,92
595591,595682,595685,3,91
595156,595326,595687,361,170
595591,595683,595689,6,92
595591,595683,595691,8,92
595591,595683,595694,11,92
595591,595685,595694,9,94
595591,595683,595695,12,92
595591,595685,595695,10,94
595591,595684,595695,11,93
595591,595684,595695,11,93
595591,595683,595695,12,92
595591,595684,595696,12,93
595591,595683,595696,13,92
595591,595685,595695,10,94
595591,595683,595695,12,92
595591,595684,595696,12,93
595591,595687,595695,8,96
595591,595685,595695,10,94
595591,595689,595696,7,98
595591,595695,595698,3,104
595591,595691,595697,6,100
595591,595695,595698,3,104
595591,595694,595697,3,103
595591,595695,595699,4,104
595591,595695,595698,3,104
595591,595696,595698,2,105
595591,595696,595699,3,105
595591,595695,595700,5,104
595591,595696,595700,4,105
595591,595695,595700,5,104
595591,595696,595700,4,105
595591,595698,595700,2,107
595591,595696,595699,3,105
595591,595696,595700,4,105
595591,595696,595700,4,105
595591,595696,595700,4,105
595591,595699,595700,1,108
595591,595698,595701,3,107
595591,595699,595701,2,108
595591,595698,595701,3,107
595591,595700,595703,3,109
595591,595699,595703,4,108
595591,595700,595704,4,109
595178,595354,595704,350,176
595591,595701,595704,3,110
595591,595700,595704,4,109
595591,595700,595705,5,109
595591,595699,595705,6,108
595591,595700,595705,5,109
595591,595701,595704,3,110
595591,595703,595705,2,112
595591,595701,595705,4,110
595591,595701,595704,3,110
595591,595702,595705,3,111
595591,595702,595705,3,111
595591,595702,595706,4,111
595591,595700,595706,6,109
595591,595704,595706,2,113
595591,595705,595707,2,114
595591,595704,595707,3,113
595591,595699,595706,7,108
595591,595705,595707,2,114
595591,595703,595706,3,112
595591,595705,595707,2,114
595591,595705,595708,3,114
595591,595705,595707,2,114
595591,595705,595707,2,114
595613,595706,595708,2,93
595591,595704,595707,3,113
595613,595705,595708,3,92
595591,595704,595707,3,113
595613,595706,595708,2,93
595613,595707,595709,2,94
595613,595707,595709,2,94
595613,595707,595708,1,94
595613,595706,595708,2,93
595613,595707,595710,3,94
595613,595707,595711,4,94
595070,595245,595713,468,175
595613,595707,595713,6,94
595613,595707,595716,9,94
595613,595708,595718,10,95
595613,595709,595719,10,96
595613,595710,595720,10,97
595613,595708,595720,12,95
595613,595708,595720,12,95
595613,595708,595720,12,95
595613,595709,595720,11,96
595613,595708,595721,13,95
595613,595708,595721,13,95
595613,595709,595720,11,96
595613,595708,595720,12,95
595613,595708,595721,13,95
595613,595710,595722,12,97
595613,595712,595721,9,99
595613,595714,595723,9,101
595613,595713,595723,10,100
595613,595720,595723,3,107
595613,595719,595722,3,106
595613,595721,595723,2,108
595613,595720,595723,3,107
595613,595720,595724,4,107
595613,595720,595723,3,107
595613,595720,595723,3,107
595613,595719,595723,4,106
595613,595722,595725,3,109
595613,595721,595724,3,108
595613,595721,595725,4,108
595613,595722,595726,4,109
595613,595721,595725,4,108
595613,595722,595726,4,109
595613,595723,595726,3,110
595613,595723,595726,3,110
595613,595723,595726,3,110
595613,595716,595727,11,103
595613,595723,595726,3,110
595613,595723,595726,3,110
595613,595725,595728,3,112
595613,595723,595729,6,110
595613,595726,595729,3,113
595613,595726,595728,2,113
595613,595726,595729,3,113
595613,595725,595730,5,112
595613,595724,595730,6,111
595613,595727,595730,3,114
595613,595728,595730,2,115
595613,595725,595730,5,112
595613,595726,595730,4,113
595613,595724,595729,5,111
595613,595726,595729,3,113
595613,595725,595730,5,112
595613,595726,595730,4,113
595613,595727,595730,3,114
595613,595724,595730,6,111
595613,595727,595730,3,114
595613,595729,595731,2,116
595613,595730,595732,2,117
595613,595729,595732,3,116
595613,595729,595732,3,116
595613,595730,595732,2,117
595613,595730,595733,3,117
595613,595730,595733,3,117
595613,595730,595733,3,117
595613,595729,595732,3,116
595613,595730,595732,2,117
595660,595731,595734,3,71
595660,595731,595733,2,71
595660,595732,595734,2,72
595660,595732,595733,1,72
595660,595731,595734,3,71
595660,595730,595735,5,70
595660,595731,595734,3,71
595660,595731,595734,3,71
595660,595732,595736,4,72
595660,595732,595736,4,72
595231,595378,595736,358,147
595660,595732,595740,8,72
595660,595733,595743,10,73
595660,595733,595744,11,73
595660,595734,595744,10,74
595660,595734,595744,10,74
595660,595736,595744,8,76
595660,595733,595744,11,73
595660,595733,595744,11,73
595660,595734,595745,11,74
595660,595735,595746,11,75
595660,595734,595746,12,74
595660,595733,595746,13,73
595660,595736,595746,10,76
595660,595737,595746,9,77
595660,595734,595745,11,74
595660,595735,595747,12,75
595660,595745,595749,4,85
595660,595735,595749,14,75
595660,595746,595749,3,86
595660,595746,595749,3,86
595660,595744,595749,5,84
595660,595746,595750,4,86
595660,595740,595750,10,80
595660,595744,595749,5,84
595660,595746,595749,3,86
595660,595744,595751,7,84
595660,595746,595750,4,86
595076,595271,595752,481,195
595660,595746,595752,6,86
595660,595747,595753,6,87
595660,595744,595753,9,84
595660,595744,595753,9,84
595660,595743,595752,9,83
595660,595744,595753,9,84
595660,595751,595755,4,91
595660,595751,595755,4,91
595660,595751,595755,4,91
595660,595750,595755,5,90
595660,595749,595756,7,89
595660,595749,595755,6,89
595660,595753,595756,3,93
595660,595752,595756,4,92
595660,595753,595756,3,93
595660,595749,595757,8,89
595660,595750,595756,6,90
595660,595753,595757,4,93
595660,595749,595756,7,89
595660,595749,595757,8,89
595660,595750,595757,7,90
595660,595752,595757,5,92
595660,595753,595757,4,93
595660,595755,595758,3,95
595660,595755,595757,2,95
595660,595753,595757,4,93
595660,595756,595758,2,96
595660,595757,595759,2,97
595660,595757,595758,1,97
595660,595756,595758,2,96
595660,595756,595758,2,96
595660,595756,595758,2,96
595660,595755,595759,4,95
595660,595756,595760,4,96
595695,595758,595760,2,63
595660,595757,595760,3,97
595660,595757,595760,3,97
595695,595758,595760,2,63
595660,595757,595759,2,97
595695,595758,595761,3,63
595695,595758,595760,2,63
595660,595757,595760,3,97
595695,595759,595761,2,64
595695,595758,595761,3,63
595695,595758,595762,4,63
595695,595759,595762,3,64
595695,595759,595762,3,64
595695,595759,595762,3,64
595695,595762,595768,6,67
595695,595759,595769,10,64
595695,595761,595770,9,66
595695,595760,595770,10,65
595695,595760,595769,9,65
595695,595761,595770,9,66
595695,595760,595770,10,65
595695,595761,595771,10,66
595695,595760,595770,10,65
595695,595761,595771,10,66
595695,595760,595772,12,65
595695,595760,595772,12,65
595695,595762,595771,9,67
595695,595762,595771,9,67
595695,595760,595772,12,65
595695,595761,595772,11,66
595695,595763,595776,13,68
595695,595772,595777,5,77
595695,595773,595778,5,78
595695,595773,595778,5,78
595695,595768,595778,10,73
595695,595772,595779,7,77
595695,595770,595779,9,75
595695,595770,595780,10,75
595695,595776,595780,4,81
595695,595771,595779,8,76
595695,595770,595780,10,75
595695,595769,595779,10,74
595695,595771,595780,9,76
595695,595772,595781,9,77
595695,595770,595781,11,75
595695,595770,595780,10,75
595695,595777,595782,5,82
595695,595772,595781,9,77
595695,595778,595781,3,83
595695,595771,595782,11,76
595695,595778,595784,6,83
595695,595779,595784,5,84
595695,595781,595784,3,86
595695,595780,595784,4,85
595695,595781,595785,4,86
595695,595780,595785,5,85
595695,595780,595784,4,85
595695,595778,595784,6,83
595695,595780,595785,5,85
595695,595781,595785,4,86
595695,595780,595785,5,85
595695,595782,595786,4,87
595695,595782,595785,3,87
595695,595782,595785,3,87
595695,595780,595785,5,85
595695,595784,595786,2,89
595695,595785,595787,2,90
595695,595784,595787,3,89
595695,595783,595787,4,88
595695,595784,595788,4,89
595695,595784,595787,3,89
595695,595786,595788,2,91
595695,595779,595787,8,84
595695,595785,595788,3,90
595695,595785,595787,2,90
595695,595785,595788,3,90
595704,595787,595789,2,83
595695,595785,595788,3,90
595704,595786,595789,3,82
595695,595786,595788,2,91
595704,595787,595788,1,83
595695,595785,595788,3,90
595704,595787,595790,3,83
595704,595787,595790,3,83
595704,595788,595790,2,84
595704,595787,595789,2,83
595704,595788,595791,3,84
595704,595788,595792,4,84
595704,595788,595791,3,84
595081,595297,595792,495,216
595704,595788,595796,8,84
595704,595788,595798,10,84
595704,595789,595798,9,85
595704,595790,595798,8,86
595704,595789,595798,9,85
595704,595790,595799,9,86
595704,595789,595798,9,85
595704,595789,595800,11,85
595704,595789,595800,11,85
595704,595789,595800,11,85
595704,595790,595801,11,86
595704,595790,595801,11,86
595704,595788,595802,14,84
595704,595791,595803,12,87
595704,595792,595805,13,88
595704,595792,595805,13,88
595704,595793,595805,12,89
595704,595796,595806,10,92
595704,595798,595808,10,94
595704,595798,595809,11,94
595704,595800,595810,10,96
595704,595805,595810,5,101
595704,595800,595810,10,96
595704,595798,595810,12,94
595704,595806,595810,4,102
595704,595799,595811,12,95
595704,595801,595811,10,97
595704,595801,595810,9,97
595704,595805,595811,6,101
595704,595802,595811,9,98
595704,595808,595811,3,104
595704,595803,595812,9,99
595704,595798,595811,13,94
595704,595800,595811,11,96
595704,595809,595812,3,105
595704,595800,595813,13,96
595704,595805,595814,9,101
595704,595810,595814,4,106
595704,595813,595815,2,109
595704,595812,595815,3,108
595704,595810,595815,5,106
595704,595812,595816,4,108
595704,595811,595816,5,107
595704,595811,595816,5,107
595704,595811,595816,5,107
595339,595474,595815,341,135
595704,595812,595815,3,108
595704,595812,595816,4,108
595704,595811,595817,6,107
595704,595811,595817,6,107
595704,595812,595816,4,108
595704,595811,595817,6,107
595704,595815,595817,2,111
595704,595816,595818,2,112
595704,595815,595817,2,111
595704,595816,595818,2,112
595704,595814,595818,4,110
595704,595810,595817,7,106
595704,595816,595818,2,112
595704,595816,595818,2,112
595704,595810,595818,8,106
595704,595816,595819,3,112
595704,595816,595818,2,112
595704,595814,595819,5,110
595718,595817,595819,2,99
595704,595816,595819,3,112
595704,595816,595819,3,112
595718,595817,595819,2,99
595718,595818,595820,2,100
595718,595818,595820,2,100
595718,595817,595821,4,99
595718,595818,595821,3,100
595718,595818,595820,2,100
595718,595818,595820,2,100
595718,595818,595821,3,100
595718,595818,595822,4,100
595718,595819,595827,8,101
595718,595819,595828,9,101
595718,595820,595828,8,102
595718,595819,595829,10,101
595718,595819,595828,9,101
595718,595820,595830,10,102
595718,595819,595830,11,101
595718,595819,595830,11,101
595718,595820,595830,10,102
595718,595821,595831,10,103
595718,595819,595831,12,101
595718,595821,595830,9,103
595718,595821,595830,9,103
595718,595821,595832,11,103
595718,595820,595831,11,102
595718,595822,595834,12,104
595718,595832,595836,4,114
595718,595832,595836,4,114
595718,595822,595835,13,104
595718,595832,595837,5,114
595718,595828,595837,9,110
595718,595830,595838,8,112
595718,595831,595838,7,113
595718,595834,595837,3,116
595718,595828,595838,10,110
595718,595830,595839,9,112
595718,595829,595839,10,111
595718,595830,595839,9,112
595718,595827,595839,12,109
595718,595836,595838,2,118
595718,595836,595840,4,118
595718,595836,595840,4,118
595718,595830,595840,10,112
595718,595831,595841,10,113
595718,595830,595840,10,112
595718,595831,595840,9,113
595718,595838,595842,4,120
595718,595837,595841,4,119
595718,595839,595843,4,121
595718,595839,595843,4,121
595718,595838,595843,5,120
595718,595838,595843,5,120
595718,595840,595843,3,122
595718,595841,595844,3,123
595718,595839,595844,5,121
595718,595840,595843,3,122
595718,595842,595844,2,124
595718,595840,595844,4,122
595718,595838,595843,5,120
595718,595839,595843,4,121
595718,595840,595844,4,122
595718,595840,595844,4,122
595718,595841,595843,2,123
595718,595843,595845,2,125
595718,595843,595845,2,125
595718,595841,595844,3,123
595718,595842,595845,3,124
595718,595844,595846,2,126
595718,595843,595846,3,125
595718,595844,595846,2,126
595718,595844,595846,2,126
595743,595844,595847,3,101
595718,595844,595847,3,126
595743,595844,595847,3,101
595718,595843,595846,3,125
595718,595844,595846,2,126
595718,595844,595846,2,126
595743,595845,595846,1,102
595743,595846,595847,1,103
595743,595844,595847,3,101
595743,595844,595847,3,101
595743,595845,595849,4,102
595743,595845,595848,3,102
595743,595845,595848,3,102
595743,595846,595849,3,103
595743,595846,595853,7,103
595743,595848,595856,8,105
595743,595847,595856,9,104
595743,595848,595857,9,105
595743,595848,595856,8,105
595743,595846,595857,11,103
595743,595848,595858,10,105
595743,595847,595859,12,104
595743,595847,595859,12,104
595743,595848,595859,11,105
595743,595849,595860,11,106
595743,595849,595860,11,106
595743,595848,595859,11,105
595743,595847,595861,14,104
595743,595849,595861,12,106
595743,595850,595862,12,107
595743,595853,595863,10,110
595743,595856,595865,9,113
595743,595860,595865,5,117
595743,595856,595865,9,113
595743,595857,595866,9,114
595743,595861,595866,5,118
595743,595861,595866,5,118
595743,595857,595867,10,114
595743,595857,595866,9,114
595743,595860,595868,8,117
595743,595860,595867,7,117
595743,595862,595869,7,119
595743,595859,595869,10,116
595743,595865,595869,4,122
595743,595863,595869,6,120
595743,595858,595870,12,115
595743,595860,595869,9,117
595743,595865,595870,5,122
595743,595865,595869,4,122
595743,595866,595870,4,123
595743,595867,595871,4,124
595743,595859,595871,12,116
595743,595867,595872,5,124
595743,595869,595872,3,126
595743,595870,595872,2,127
595743,595866,595873,7,123
595743,595866,595872,6,123
595743,595869,595873,4,126
595743,595869,595873,4,126
595743,595869,595873,4,126
595743,595870,595874,4,127
595743,595869,595874,5,126
595743,595868,595873,5,125
595743,595871,595874,3,128
595743,595872,595874,2,129
595743,595871,595875,4,128
595743,595871,595875,4,128
595743,595870,595874,4,127
595743,595872,595875,3,129
595743,595871,595874,3,128
595743,595874,595876,2,131
595743,595874,595876,2,131
595743,595874,595876,2,131
595743,595874,595876,2,131
595752,595875,595877,2,123
595743,595873,595877,4,130
595743,595872,595876,4,129
595743,595873,595876,3,130
595743,595873,595876,3,130
595752,595875,595878,3,123
595752,595874,595877,3,122
595743,595873,595877,4,130
595752,595875,595877,2,123
595752,595875,595877,2,123
595752,595876,595877,1,124
595752,595876,595879,3,124
595752,595875,595878,3,123
595752,595876,595879,3,124
595752,595876,595880,4,124
595464,595550,595882,332,86
595752,595877,595886,9,125
595752,595879,595887,8,127
595752,595878,595887,9,126
595752,595880,595887,7,128
595752,595878,595888,10,126
595752,595882,595888,6,130
595752,595878,595889,11,126
595752,595879,595889,10,127
595752,595879,595889,10,127
595752,595877,595889,12,125
595752,595878,595888,10,126
595752,595877,595889,12,125
595752,595880,595890,10,128
595752,595878,595889,11,126
595752,595879,595889,10,127
595752,595877,595889,12,125
595752,595890,595895,5,138
595752,595890,595895,5,138
595752,595887,595895,8,135
595752,595890,595895,5,138
595752,595889,595897,8,137
595752,595886,595897,11,134
595752,595888,595898,10,136
595752,595887,595898,11,135
595752,595887,595898,11,135
595752,595888,595898,10,136
595752,595895,595897,2,143
595752,595895,595899,4,143
595752,595889,595899,10,137
595752,595890,595898,8,138
595494,595576,595899,323,82
595752,595889,595898,9,137
595752,595889,595899,10,137
595752,595895,595899,4,143
595752,595889,595900,11,137
595752,595890,595899,9,138
595752,595897,595900,3,145
595752,595896,595900,4,144
595752,595897,595901,4,145
595752,595898,595902,4,146
595752,595900,595903,3,148
595752,595898,595903,5,146
595752,595898,595902,4,146
595752,595899,595902,3,147
595752,595899,595903,4,147
595752,595898,595903,5,146
595752,595899,595903,4,147
595752,595900,595904,4,148
595752,595898,595904,6,146
595752,595901,595904,3,149
595752,595900,595904,4,148
595752,595899,595903,4,147
595752,595900,595905,5,148
595752,595902,595904,2,150
595752,595903,595904,1,151
595752,595903,595905,2,151
595752,595900,595904,4,148
595752,595901,595905,4,149
595752,595903,595906,3,151
595752,595903,595906,3,151
595752,595903,595905,2,151
595752,595903,595905,2,151
595801,595905,595907,2,104
595752,595903,595907,4,151
595752,595903,595907,4,151
595752,595904,595906,2,152
595752,595904,595906,2,152
595801,595904,595907,3,103
595801,595905,595908,3,104
595801,595905,595907,2,104
595801,595905,595907,2,104
595801,595904,595907,3,103
595801,595905,595907,2,104
595801,595906,595908,2,105
595233,595411,595910,499,178
595801,595906,595910,4,105
595801,595906,595909,3,105
595801,595908,595916,8,107
595801,595910,595916,6,109
595801,595907,595916,9,106
595801,595907,595916,9,106
595801,595908,595917,9,107
595801,595907,595917,10,106
595801,595907,595917,10,106
595801,595907,595918,11,106
595801,595908,595918,10,107
595801,595907,595918,11,106
595801,595907,595917,10,106
595801,595907,595918,11,106
595801,595910,595919,9,109
595801,595909,595918,9,108
595801,595908,595918,10,107
595801,595908,595918,10,107
595801,595910,595921,11,109
595801,595919,595923,4,118
595801,595919,595924,5,118
595801,595919,595924,5,118
595801,595919,595924,5,118
595286,595445,595924,479,159
595801,595916,595925,9,115
595801,595916,595926,10,115
595801,595921,595926,5,120
595801,595916,595927,11,115
595801,595917,595926,9,116
595801,595917,595926,9,116
595801,595918,595927,9,117
595801,595923,595927,4,122
595801,595919,595928,9,118
595801,595924,595928,4,123
595801,595918,595928,10,117
595801,595919,595928,9,118
595801,595917,595928,11,116
595801,595924,595929,5,123
595801,595918,595928,10,117
595801,595926,595929,3,125
595801,595924,595929,5,123
595801,595927,595930,3,126
595801,595926,595929,3,125
595801,595927,595931,4,126
595801,595917,595930,13,116
595801,595925,595931,6,124
595801,595927,595931,4,126
595801,595928,595931,3,127
595801,595928,595931,3,127
595801,595928,595931,3,127
595801,595928,595932,4,127
595801,595929,595932,3,128
595801,595926,595931,5,125
595801,595927,595931,4,126
595801,595928,595931,3,127
595801,595927,595931,4,126
595801,595929,595932,3,128
595801,595930,595933,3,129
595801,595930,595933,3,129
595801,595929,595933,4,128
595801,595931,595934,3,130
595801,595931,595934,3,130
595801,595931,595933,2,130
595801,595931,595934,3,130
595801,595931,595933,2,130
595801,595931,595934,3,130
595817,595933,595935,2,116
595801,595930,595934,4,129
595801,595931,595934,3,130
595817,595932,595936,4,115
595817,595933,595936,3,116
595817,595933,595935,2,116
595817,595933,595936,3,116
595817,595932,595935,3,115
595817,595932,595935,3,115
595817,595932,595935,3,115
595817,595932,595936,4,115
595817,595934,595938,4,117
595817,595934,595943,9,117
595817,595934,595944,10,117
595817,595934,595944,10,117
595817,595935,595945,10,118
595817,595936,595946,10,119
595817,595934,595946,12,117
595817,595934,595946,12,117
595817,595936,595947,11,119
595817,595937,595947,10,120
595817,595938,595948,10,121
595817,595935,595947,12,118
595817,595936,595948,12,119
595817,595936,595948,12,119
595817,595935,595947,12,118
595817,595936,595948,12,119
595817,595937,595949,12,120
595817,595937,595949,12,120
595817,595948,595952,4,131
595817,595948,595952,4,131
595817,595948,595953,5,131
595817,595943,595953,10,126
595817,595947,595953,6,130
595817,595944,595953,9,127
595817,595948,595953,5,131
595817,595948,595954,6,131
595817,595945,595954,9,128
595817,595946,595954,8,129
595817,595948,595953,5,131
595817,595949,595953,4,132
595817,595949,595955,6,132
595817,595945,595954,9,128
595817,595947,595957,10,130
595817,595946,595957,11,129
595817,595952,595957,5,135
595817,595946,595956,10,129
595817,595952,595957,5,135
595817,595953,595958,5,136
595817,595955,595958,3,138
595817,595954,595958,4,137
595817,595955,595959,4,138
595817,595955,595959,4,138
595817,595955,595959,4,138
595817,595953,595959,6,136
595817,595953,595958,5,136
595817,595954,595959,5,137
595817,595953,595959,6,136
595817,595957,595961,4,140
595817,595957,595961,4,140
595817,595954,595960,6,137
595817,595957,595960,3,140
595817,595959,595961,2,142
595817,595958,595961,3,141
595817,595953,595960,7,136
595817,595958,595961,3,141
595817,595958,595962,4,141
595817,595959,595962,3,142
595817,595957,595962,5,140
595817,595959,595962,3,142
595817,595960,595963,3,143
595817,595959,595962,3,142
595817,595961,595963,2,144
595889,595961,595963,2,72
595817,595958,595962,4,141
595817,595961,595963,2,144
595889,595961,595963,2,72
595817,595959,595962,3,142
595889,595962,595964,2,73
595817,595960,595963,3,143
595889,595961,595964,3,72
595889,595962,595964,2,73
595889,595961,595963,2,72
595889,595962,595964,2,73
595889,595963,595965,2,74
595889,595962,595966,4,73
595889,595963,595966,3,74
595889,595963,595972,9,74
595889,595966,595972,6,77
595889,595963,595974,11,74
595889,595964,595974,10,75
595889,595965,595974,9,76
595889,595963,595975,12,74
595889,595963,595974,11,74
595889,595964,595975,11,75
595889,595964,595974,10,75
595889,595963,595975,12,74
595889,595963,595975,12,74
595889,595966,595976,10,77
595889,595963,595975,12,74
595889,595964,595976,12,75
595889,595964,595977,13,75
595889,595965,595977,12,76
595889,595972,595981,9,83
595889,595974,595982,8,85
595889,595976,595982,6,87
595889,595978,595983,5,89
595889,595972,595983,11,83
595889,595974,595983,9,85
595889,595977,595983,6,88
595889,595975,595984,9,86
595889,595976,595984,8,87
595889,595975,595984,9,86
595889,595975,595985,10,86
595889,595974,595984,10,85
595889,595975,595985,10,86
595889,595975,595984,9,86
595889,595976,595985,9,87
595889,595975,595985,10,86
595889,595982,595987,5,93
595889,595984,595988,4,95
595889,595983,595989,6,94
595889,595984,595989,5,95
595889,595983,595989,6,94
595889,595985,595989,4,96
595889,595984,595990,6,95
595889,595985,595990,5,96
595889,595983,595990,7,94
595889,595982,595989,7,93
595889,595981,595989,8,92
595889,595985,595990,5,96
595889,595986,595990,4,97
595889,595985,595990,5,96
595889,595987,595991,4,98
595889,595990,595992,2,101
595889,595986,595992,6,97
595889,595989,595992,3,100
595889,595990,595992,2,101
595889,595983,595991,8,94
595889,595990,595993,3,101
595889,595989,595993,4,100
595889,595989,595993,4,100
595889,595992,595993,1,103
595889,595992,595994,2,103
595889,595989,595994,5,100
595889,595990,595993,3,101
595889,595990,595993,3,101
595889,595992,595994,2,103
595889,595990,595993,3,101
595900,595992,595994,2,92
595401,595500,595993,493,99
595889,595991,595995,4,102
595889,595992,595995,3,103
595889,595991,595994,3,102
595900,595993,595996,3,93
595900,595993,595996,3,93
595900,595994,595995,1,94
595900,595994,595996,2,94
595900,595993,595995,2,93
595900,595993,595995,2,93
595900,595994,595997,3,94
595900,595994,595996,2,94
595900,595994,595998,4,94
595900,595994,596000,6,94
595434,595525,596002,477,91
595900,595998,596004,6,98
595900,595997,596004,7,97
595900,596000,596005,5,100
595900,595995,596005,10,95
595900,595994,596005,11,94
595900,595997,596005,8,97
595900,595996,596006,10,96
595900,595995,596006,11,95
595900,595995,596006,11,95
595900,595996,596007,11,96
595900,595994,596007,13,94
595900,595996,596007,11,96
595900,595996,596008,12,96
595900,595996,596008,12,96
595900,595995,596007,12,95
595900,596002,596009,7,102
595900,595996,596008,12,96
595900,596004,596012,8,104
595900,596008,596013,5,108
595900,596006,596014,8,106
595900,596004,596014,10,104
595900,596008,596013,5,108
595900,596005,596015,10,105
595900,596006,596015,9,106
595900,596009,596015,6,109
595900,596005,596016,11,105
595900,596007,596016,9,107
595900,596005,596016,11,105
595900,596005,596016,11,105
595900,596007,596015,8,107
595900,596008,596016,8,108
595900,596007,596016,9,107
595900,596009,596016,7,109
595900,596007,596016,9,107
595900,596015,596019,4,115
595900,596016,596020,4,116
595900,596016,596020,4,116
595900,596014,596020,6,114
595900,596015,596020,5,115
595900,596019,596021,2,119
595900,596016,596021,5,116
595900,596016,596021,5,116
595900,596012,596021,9,112
595900,596016,596020,4,116
595900,596017,596022,5,117
595900,596015,596021,6,115
595900,596014,596021,7,114
595900,596017,596022,5,117
595900,596013,596022,9,113
595900,596018,596021,3,118
595900,596020,596022,2,120
595900,596018,596022,4,118
595900,596014,596023,9,114
595900,596021,596022,1,121
595900,596020,596024,4,120
595900,596021,596023,2,121
595900,596020,596023,3,120
595900,596021,596024,3,121
595900,596021,596023,2,121
595900,596021,596023,2,121
595900,596020,596023,3,120
595918,596022,596025,3,104
595900,596022,596025,3,122
595900,596022,596025,3,122
595918,596023,596025,2,105
595900,596022,596024,2,122
595918,596022,596025,3,104
595918,596023,596026,3,105
595918,596023,596027,4,105
595918,596024,596027,3,106
595918,596022,596026,4,104
595918,596024,596026,2,106
595918,596024,596028,4,106
595918,596024,596027,3,106
595918,596025,596035,10,107
595918,596025,596036,11,107
595918,596024,596036,12,106
595918,596025,596036,11,107
595918,596024,596037,13,106
595918,596026,596037,11,108
595918,596026,596037,11,108
595918,596026,596037,11,108
595918,596028,596038,10,110
595918,596025,596037,12,107
595918,596027,596037,10,109
595918,596025,596038,13,107
595918,596028,596039,11,110
595918,596027,596040,13,109
595918,596027,596039,12,109
595918,596027,596041,14,109
595918,596038,596043,5,120
595918,596035,596044,9,117
595918,596039,596044,5,121
595918,596038,596045,7,120
595918,596037,596045,8,119
595918,596040,596045,5,122
595918,596038,596046,8,120
595918,596038,596046,8,120
595918,596040,596046,6,122
595918,596041,596045,4,123
595918,596036,596047,11,118
595918,596037,596047,10,119
595918,596037,596048,11,119
595918,596036,596048,12,118
595918,596037,596048,11,119
595918,596044,596048,4,126
595918,596037,596047,10,119
595918,596044,596049,5,126
595918,596045,596049,4,127
595918,596044,596049,5,126
595918,596046,596051,5,128
595918,596045,596051,6,127
595918,596045,596051,6,127
595918,596046,596052,6,128
595918,596046,596052,6,128
595918,596048,596052,4,130
595918,596048,596053,5,130
595918,596048,596053,5,130
595918,596048,596053,5,130
595918,596048,596053,5,130
595918,596048,596052,4,130
595918,596046,596052,6,128
595918,596049,596054,5,131
595918,596051,596054,3,133
595918,596051,596055,4,133
595918,596051,596055,4,133
595918,596047,596054,7,129
595918,596051,596055,4,133
595918,596052,596054,2,134
595918,596053,596055,2,135
595497,595598,596055,457,101
595918,596052,596055,3,134
595918,596051,596055,4,133
595918,596053,596056,3,135
595918,596053,596055,2,135
595918,596052,596056,4,134
595918,596053,596056,3,135
595918,596053,596056,3,135
595918,596053,596056,3,135
595918,596054,596056,2,136
595925,596055,596057,2,130
595925,596055,596058,3,130
595925,596055,596058,3,130
595925,596055,596058,3,130
595925,596055,596057,2,130
595925,596055,596059,4,130
595925,596055,596058,3,130
595925,596055,596058,3,130
595925,596056,596059,3,131
595925,596056,596061,5,131
595925,596056,596066,10,131
595925,596057,596068,11,132
595925,596057,596068,11,132
595925,596057,596069,12,132
595925,596057,596069,12,132
595925,596058,596069,11,133
595925,596057,596069,12,132
595925,596058,596069,11,133
595925,596058,596070,12,133
595925,596059,596070,11,134
595925,596059,596069,10,134
595925,596059,596071,12,134
595925,596061,596071,10,136
595925,596059,596071,12,134
595925,596057,596071,14,132
595925,596059,596073,14,134
595925,596070,596074,4,145
595925,596070,596074,4,145
595925,596066,596076,10,141
595925,596071,596076,5,146
595925,596071,596076,5,146
595925,596068,596077,9,143
595925,596071,596076,5,146
595925,596070,596077,7,145
595925,596072,596077,5,147
595925,596074,596079,5,149
595925,596073,596079,6,148
595925,596069,596079,10,144
595925,596070,596080,10,145
595925,596069,596080,11,144
595552,595646,596080,434,94
595925,596069,596080,11,144
595925,596068,596079,11,143
595925,596075,596079,4,150
595925,596069,596081,12,144
595925,596076,596080,4,151
595925,596076,596081,5,151
595925,596077,596083,6,152
595539,595621,596083,462,82
595925,596077,596083,6,152
595925,596077,596083,6,152
595925,596077,596083,6,152
595925,596080,596084,4,155
595925,596078,596084,6,153
595925,596079,596084,5,154
595925,596079,596083,4,154
595925,596079,596085,6,154
595925,596080,596084,4,155
595925,596080,596085,5,155
595925,596080,596084,4,155
595925,596080,596084,4,155
595925,596080,596084,4,155
595925,596081,596085,4,156
595925,596083,596086,3,158
595925,596081,596085,4,156
595925,596083,596086,3,158
595925,596083,596085,2,158
595925,596084,596086,2,159
595925,596082,596087,5,157
595925,596084,596087,3,159
595925,596083,596086,3,158
595925,596085,596087,2,160
595925,596084,596087,3,159
595925,596085,596087,2,160
595925,596084,596087,3,159
595925,596084,596087,3,159
595925,596085,596087,2,160
595995,596085,596089,4,90
595995,596086,596089,3,91
595995,596086,596090,4,91
595995,596085,596090,5,90
595995,596086,596089,3,91
595995,596086,596089,3,91
595995,596086,596089,3,91
595995,596086,596090,4,91
595995,596087,596090,3,92
595995,596087,596092,5,92
595995,596087,596096,9,92
595995,596087,596099,12,92
595995,596087,596099,12,92
595995,596088,596099,11,93
595995,596089,596099,10,94
595995,596087,596099,12,92
595995,596090,596100,10,95
595995,596088,596100,12,93
595995,596089,596101,12,94
595995,596088,596100,12,93
595995,596090,596102,12,95
595995,596090,596102,12,95
595995,596090,596103,13,95
595995,596090,596102,12,95
595995,596090,596102,12,95
595995,596091,596103,12,96
595995,596092,596106,14,97
595995,596102,596107,5,107
595995,596096,596107,11,101
595995,596102,596107,5,107
595995,596099,596109,10,104
595995,596101,596109,8,106
595995,596103,596109,6,108
595995,596099,596109,10,104
595995,596104,596109,5,109
595995,596100,596109,9,105
595995,596099,596110,11,104
595995,596099,596109,10,104
595995,596103,596110,7,108
595995,596100,596110,10,105
595995,596104,596111,7,109
595995,596100,596111,11,105
595995,596106,596112,6,111
595995,596101,596112,11,106
595995,596107,596113,6,112
595995,596107,596113,6,112
595995,596109,596114,5,114
595995,596108,596114,6,113
595995,596110,596115,5,115
595995,596109,596115,6,114
595995,596110,596114,4,115
595995,596110,596114,4,115
595995,596111,596114,3,116
595995,596109,596116,7,114
595995,596111,596116,5,116
595995,596114,596116,2,119
595995,596110,596115,5,115
595995,596109,596115,6,114
595995,596112,596116,4,117
595995,596112,596117,5,117
595995,596113,596117,4,118
595995,596113,596116,3,118
595995,596109,596116,7,114
595995,596110,596116,6,115
595995,596115,596118,3,120
595995,596114,596118,4,119
595995,596115,596118,3,120
595995,596115,596118,3,120
595995,596116,596119,3,121
595995,596115,596119,4,120
595995,596115,596118,3,120
595995,596116,596118,2,121
595995,596116,596118,2,121
595995,596116,596119,3,121
596006,596117,596120,3,111
595995,596116,596119,3,121
596006,596118,596119,1,112
596006,596118,596121,3,112
596006,596117,596121,4,111
596006,596117,596121,4,111
596006,596118,596121,3,112
596006,596118,596122,4,112
596006,596118,596121,3,112
596006,596119,596123,4,113
596006,596119,596126,7,113
596006,596119,596129,10,113
596006,596120,596131,11,114
596006,596119,596131,12,113
596006,596120,596132,12,114
596006,596120,596132,12,114
596006,596119,596131,12,113
596006,596121,596133,12,115
596006,596120,596133,13,114
596006,596122,596132,10,116
596006,596121,596132,11,115
596006,596119,596134,15,113
596006,596121,596133,12,115
596006,596122,596134,12,116
596006,596121,596133,12,115
596006,596123,596136,13,117
596006,596126,596138,12,120
596006,596134,596139,5,128
596006,596131,596139,8,125
596006,596131,596140,9,125
596006,596134,596140,6,128
596006,596136,596141,5,130
596006,596129,596140,11,123
596006,596134,596141,7,128
595563,595680,596141,461,117
596006,596132,596142,10,126
596006,596132,596143,11,126
596006,596132,596143,11,126
596006,596133,596142,9,127
596006,596133,596144,11,127
596006,596133,596144,11,127
596006,596139,596144,5,133
596006,596139,596145,6,133
596006,596133,596145,12,127
596006,596138,596144,6,132
596006,596134,596146,12,128
596006,596141,596146,5,135
596006,596140,596146,6,134
596006,596141,596147,6,135
596006,596140,596147,7,134
596006,596141,596147,6,135
596006,596141,596148,7,135
596006,596142,596147,5,136
596006,596146,596148,2,140
596006,596144,596149,5,138
596006,596145,596149,4,139
596006,596144,596148,4,138
596006,596143,596148,5,137
596006,596143,596149,6,137
596006,596146,596150,4,140
596006,596145,596150,5,139
596006,596144,596149,5,138
596006,596146,596151,5,140
596006,596147,596151,4,141
596006,596145,596150,5,139
596006,596148,596150,2,142
596006,596149,596151,2,143
596006,596147,596150,3,141
596006,596145,596150,5,139
596006,596148,596152,4,142
596006,596147,596151,4,141
596006,596148,596151,3,142
596006,596149,596151,2,143
596006,596150,596152,2,144
596006,596150,596153,3,144
596056,596151,596153,2,95
596056,596151,596153,2,95
596056,596151,596152,1,95
596006,596149,596152,3,143
596056,596151,596153,2,95
596056,596151,596153,2,95
596006,596150,596152,2,144
596056,596151,596154,3,95
596056,596151,596153,2,95
596056,596151,596153,2,95
596056,596152,596154,2,96
595591,595705,596156,451,114
596056,596152,596156,4,96
596056,596152,596159,7,96
596056,596156,596160,4,100
596056,596155,596161,6,99
596056,596156,596161,5,100
596056,596153,596163,10,97
596056,596154,596162,8,98
596056,596153,596164,11,97
596056,596152,596164,12,96
596056,596152,596164,12,96
596056,596159,596164,5,103
596056,596161,596165,4,105
595719,595844,596164,320,125
596056,596160,596164,4,104
596056,596153,596165,12,97
596056,596153,596164,11,97
596056,596153,596166,13,97
596056,596153,596166,13,97
596056,596154,596165,11,98
596056,596154,596165,11,98
596056,596162,596167,5,106
596056,596153,596167,14,97
596056,596163,596167,4,107
596056,596153,596168,15,97
596056,596167,596169,2,111
596056,596163,596170,7,107
596056,596165,596170,5,109
596056,596165,596171,6,109
596056,596166,596171,5,110
596056,596165,596171,6,109
596056,596166,596172,6,110
596056,596168,596172,4,112
596056,596166,596172,6,110
596056,596164,596172,8,108
596056,596167,596172,5,111
596056,596164,596172,8,108
596056,596169,596171,2,113
596056,596170,596171,1,114
596056,596165,596171,6,109
596056,596167,596172,5,111
596056,596164,596172,8,108
596056,596167,596174,7,111
596056,596165,596173,8,109
596056,596170,596173,3,114
596056,596172,596174,2,116
596056,596171,596174,3,115
596056,596171,596174,3,115
596056,596171,596173,2,115
596056,596173,596174,1,117
596056,596173,596174,1,117
596056,596173,596175,2,117
596056,596172,596175,3,116
596056,596172,596174,2,116
596056,596173,596175,2,117
596056,596172,596174,2,116
596056,596172,596174,2,116
596056,596173,596176,3,117
596056,596173,596176,3,117
596056,596164,596176,12,108
596056,596174,596176,2,118
596056,596174,596176,2,118
596056,596174,596176,2,118
596056,596174,596177,3,118
596056,596174,596176,2,118
596056,596175,596177,2,119
596056,596175,596176,1,119
596056,596174,596176,2,118
596081,596175,596177,2,94
596081,596175,596178,3,94
596081,596175,596177,2,94
596081,596175,596178,3,94
596081,596175,596177,2,94
596081,596176,596178,2,95
596081,596176,596179,3,95
596081,596175,596178,3,94
596081,596176,596178,2,95
596081,596176,596182,6,95
596081,596179,596184,5,98
596081,596179,596185,6,98
596081,596176,596185,9,95
596081,596182,596186,4,101
596081,596177,596187,10,96
596081,596179,596187,8,98
596081,596176,596188,12,95
596081,596184,596188,4,103
595744,595874,596188,314,130
596081,596177,596188,11,96
596081,596177,596189,12,96
596081,596178,596189,11,97
596081,596186,596189,3,105
596081,596177,596188,11,96
596081,596185,596189,4,104
596081,596178,596188,10,97
596081,596178,596190,12,97
596081,596185,596189,4,104
596081,596178,596190,12,97
596081,596178,596190,12,97
596081,596177,596190,13,96
596081,596187,596191,4,106
596081,596178,596190,12,97
596081,596187,596194,7,106
595614,595730,596194,464,116
596081,596189,596195,6,108
596081,596189,596195,6,108
596081,596190,596195,5,109
596081,596190,596195,5,109
596081,596190,596195,5,109
596081,596188,596196,8,107
596081,596189,596195,6,108
596081,596190,596197,7,109
596081,596188,596197,9,107
596081,596195,596197,2,114
596081,596191,596197,6,110
596081,596195,596196,1,114
596081,596195,596197,2,114
596081,596188,596196,8,107
596081,596195,596197,2,114
596081,596189,596198,9,108
596081,596196,596198,2,115
596081,596188,596198,10,107
596081,596189,596197,8,108
596081,596196,596199,3,115
596081,596191,596199,8,110
596081,596197,596199,2,116
596081,596197,596199,2,116
596081,596197,596199,2,116
596081,596194,596199,5,113
596081,596197,596199,2,116
596081,596197,596199,2,116
596081,596198,596200,2,117
596081,596197,596199,2,116
596081,596196,596199,3,115
596081,596197,596199,2,116
596081,596198,596200,2,117
596081,596191,596199,8,110
596081,596189,596199,10,108
596081,596199,596200,1,118
596081,596198,596199,1,117
596081,596194,596201,7,113
596081,596197,596200,3,116
596081,596199,596201,2,118
596081,596198,596200,2,117
596081,596199,596201,2,118
596081,596199,596200,1,118
596083,596200,596202,2,117
596083,596200,596202,2,117
596083,596200,596202,2,117
596083,596200,596203,3,117
596083,596200,596202,2,117
596083,596200,596202,2,117
596083,596200,596202,2,117
596083,596200,596203,3,117
596083,596200,596203,3,117
596083,596200,596205,5,117
596083,596203,596208,5,120
596083,596204,596208,4,121
596083,596205,596208,3,122
596083,596203,596209,6,120
596083,596208,596211,3,125
596083,596200,596211,11,117
596083,596200,596211,11,117
596083,596201,596212,11,118
596083,596203,596212,9,120
596083,596208,596212,4,125
596083,596208,596211,3,125
596083,596209,596213,4,126
595661,595757,596213,456,96
596083,596201,596213,12,118
596083,596202,596212,10,119
596083,596201,596213,12,118
596083,596201,596213,12,118
596083,596201,596213,12,118
596083,596202,596213,11,119
596083,596203,596214,11,120
596083,596201,596214,13,118
596083,596202,596214,12,119
596083,596203,596215,12,120
596083,596211,596216,5,128
596083,596211,596218,7,128
596083,596213,596219,6,130
596083,596213,596219,6,130
596083,596215,596218,3,132
596083,596212,596219,7,129
596083,596214,596220,6,131
596083,596218,596219,1,135
596083,596214,596220,6,131
596083,596215,596219,4,132
596083,596213,596219,6,130
596083,596214,596219,5,131
596083,596214,596220,6,131
596083,596213,596221,8,130
596083,596211,596221,10,128
596083,596212,596220,8,129
596083,596219,596220,1,136
596083,596214,596221,7,131
596083,596220,596222,2,137
596083,596215,596222,7,132
596083,596219,596222,3,136
596083,596218,596221,3,135
596083,596219,596222,3,136
596083,596219,596221,2,136
596083,596221,596223,2,138
596083,596220,596222,2,137
596083,596221,596223,2,138
596083,596220,596222,2,137
596083,596221,596223,2,138
596083,596221,596223,2,138
596083,596212,596222,10,129
596083,596220,596222,2,137
596083,596221,596222,1,138
596083,596221,596222,1,138
596083,596222,596224,2,139
596083,596221,596224,3,138
596083,596222,596223,1,139
596083,596221,596223,2,138
596083,596222,596224,2,139
596083,596222,596224,2,139
596083,596222,596224,2,139
596083,596222,596224,2,139
596142,596223,596225,2,81
596142,596223,596226,3,81
596083,596212,596225,13,129
596142,596223,596225,2,81
596142,596223,596226,3,81
596142,596223,596226,3,81
596142,596223,596225,2,81
596142,596223,596226,3,81
596142,596223,596226,3,81
596142,596223,596225,2,81
596142,596224,596227,3,82
596142,596226,596230,4,84
596142,596226,596230,4,84
596142,596228,596232,4,86
596142,596226,596232,6,84
596142,596230,596233,3,88
596142,596224,596233,9,82
596142,596230,596233,3,88
596142,596224,596234,10,82
596142,596232,596235,3,90
596142,596226,596235,9,84
596142,596226,596236,10,84
596142,596224,596236,12,82
596142,596224,596236,12,82
596142,596225,596236,11,83
596142,596225,596237,12,83
596142,596232,596236,4,90
596142,596225,596237,12,83
596142,596224,596237,13,82
596142,596226,596238,12,84
596142,596233,596238,5,91
596142,596226,596238,12,84
596142,596226,596238,12,84
596142,596226,596238,12,84
596142,596233,596241,8,91
596142,596234,596242,8,92
596142,596236,596242,6,94
596142,596233,596242,9,91
596142,596235,596243,8,93
596142,596237,596243,6,95
596142,596238,596243,5,96
596142,596235,596243,8,93
596142,596237,596244,7,95
595752,595904,596243,339,152
596142,596237,596244,7,95
596142,596237,596244,7,95
596142,596237,596243,6,95
596142,596239,596245,6,97
596142,596243,596245,2,101
596142,596236,596244,8,94
596142,596238,596244,6,96
596142,596243,596245,2,101
596142,596242,596244,2,100
596142,596243,596245,2,101
596142,596244,596246,2,102
596142,596238,596245,7,96
596142,596243,596246,3,101
596142,596244,596246,2,102
596142,596241,596246,5,99
596142,596242,596246,4,100
596142,596244,596246,2,102
596142,596243,596245,2,101
596142,596244,596246,2,102
596142,596244,596246,2,102
596142,596245,596247,2,103
595696,595786,596247,461,90
596142,596239,596247,8,97
596142,596245,596247,2,103
596142,596246,596248,2,104
596142,596245,596247,2,103
596142,596245,596247,2,103
596142,596245,596247,2,103
596142,596246,596248,2,104
596142,596245,596247,2,103
596142,596246,596247,1,104
596142,596245,596247,2,103
596164,596246,596249,3,82
596142,596246,596248,2,104
596164,596246,596249,3,82
596142,596236,596249,13,94
596164,596247,596248,1,83
596164,596246,596249,3,82
596164,596248,596250,2,84
596164,596246,596249,3,82
596164,596248,596250,2,84
596164,596248,596251,3,84
596164,596247,596250,3,83
596164,596248,596251,3,84
596164,596251,596255,4,87
596164,596250,596256,6,86
596164,596248,596256,8,84
596164,596251,596255,4,87
596164,596252,596255,3,88
596164,596251,596256,5,87
596164,596255,596258,3,91
596164,596248,596259,11,84
596164,596256,596259,3,92
596164,596249,596259,10,85
596164,596248,596259,11,84
596164,596249,596260,11,85
596164,596248,596260,12,84
596164,596256,596260,4,92
596164,596248,596261,13,84
596164,596248,596260,12,84
596164,596256,596260,4,92
596164,596249,596261,12,85
596164,596249,596261,12,85
596164,596249,596260,11,85
596164,596248,596262,14,84
596164,596250,596263,13,86
596164,596256,596262,6,92
596164,596250,596263,13,86
596164,596259,596265,6,95
596164,596261,596266,5,97
596164,596261,596266,5,97
596164,596260,596266,6,96
596164,596257,596266,9,93
596164,596258,596267,9,94
596164,596261,596266,5,97
596164,596261,596267,6,97
596164,596259,596266,7,95
596164,596259,596266,7,95
596164,596260,596266,6,96
596164,596260,596268,8,96
596164,596266,596269,3,102
596164,596266,596268,2,102
596164,596262,596268,6,98
596164,596263,596269,6,99
596164,596263,596269,6,99
596164,596261,596268,7,97
596164,596266,596269,3,102
596164,596262,596270,8,98
596164,596267,596270,3,103
596164,596267,596270,3,103
596164,596267,596269,2,103
596164,596268,596269,1,104
596164,596268,596269,1,104
596164,596265,596270,5,101
596164,596267,596269,2,103
596164,596266,596271,5,102
596164,596268,596270,2,104
596164,596269,596271,2,105
596164,596269,596270,1,105
596164,596264,596270,6,100
596164,596269,596272,3,105
596166,596270,596272,2,104
596164,596260,596271,11,96
596164,596269,596271,2,105
596164,596269,596271,2,105
596164,596269,596271,2,105
596166,596270,596271,1,104
596166,596270,596271,1,104
596164,596269,596271,2,105
596166,596270,596272,2,104
596164,596270,596272,2,106
596166,596271,596273,2,105
596164,596270,596272,2,106
596166,596271,596273,2,105
596164,596270,596272,2,106
596166,596271,596273,2,105
596166,596271,596273,2,105
596166,596271,596273,2,105
596166,596272,596275,3,106
596166,596273,596278,5,107
596166,596274,596278,4,108
596166,596275,596278,3,109
595705,595817,596279,462,112
596166,596272,596279,7,106
596166,596273,596278,5,107
596166,596274,596278,4,108
596166,596278,596281,3,112
596166,596278,596281,3,112
596166,596278,596281,3,112
596166,596279,596282,3,113
596166,596279,596282,3,113
596166,596279,596283,4,113
596166,596272,596283,11,106
596166,596273,596284,11,107
596166,596272,596284,12,106
596166,596272,596284,12,106
596166,596272,596283,11,106
596166,596273,596283,10,107
596166,596279,596283,4,113
596166,596273,596285,12,107
596166,596272,596285,13,106
596166,596272,596284,12,106
596166,596281,596286,5,115
596166,596272,596286,14,106
596166,596281,596285,4,115
596166,596273,596286,13,107
596166,596281,596286,5,115
596166,596272,596286,14,106
596166,596282,596288,6,116
596166,596283,596289,6,117
596166,596282,596289,7,116
596166,596283,596290,7,117
596166,596284,596290,6,118
596166,596284,596289,5,118
596166,596284,596290,6,118
596166,596285,596290,5,119
596166,596284,596290,6,118
596166,596286,596290,4,120
596166,596286,596291,5,120
596166,596288,596292,4,122
596166,596284,596292,8,118
596166,596285,596291,6,119
596166,596285,596291,6,119
596166,596286,596292,6,120
596166,596287,596292,5,121
596166,596289,596293,4,123
596166,596289,596293,4,123
596166,596286,596292,6,120
596166,596290,596293,3,124
596166,596290,596294,4,124
596166,596290,596294,4,124
596166,596290,596294,4,124
596166,596292,596294,2,126
596166,596290,596293,3,124
596166,596290,596293,3,124
596166,596290,596293,3,124
596166,596291,596294,3,125
596166,596292,596295,3,126
596166,596292,596295,3,126
596166,596284,596294,10,118
596166,596292,596295,3,126
596166,596286,596294,8,120
596166,596292,596295,3,126
596166,596293,596294,1,127
596166,596292,596294,2,126
596188,596294,596296,2,106
596188,596293,596296,3,105
596188,596294,596296,2,106
596188,596294,596295,1,106
596188,596294,596295,1,106
596188,596293,596296,3,105
596188,596294,596297,3,106
596188,596294,596296,2,106
596188,596294,596296,2,106
595817,595961,596298,337,144
596188,596294,596298,4,106
596188,596297,596300,3,109
596188,596298,596301,3,110
596188,596297,596301,4,109
596188,596297,596301,4,109
596188,596299,596302,3,111
596188,596295,596303,8,107
596188,596297,596303,6,109
596188,596301,596304,3,113
596188,596300,596304,4,112
596188,596301,596305,4,113
596188,596301,596305,4,113
596188,596296,596305,9,108
596188,596296,596306,10,108
595889,595992,596305,313,103
596188,596303,596307,4,115
596188,596303,596307,4,115
596188,596295,596307,12,107
596188,596295,596306,11,107
596188,596295,596307,12,107
596188,596296,596306,10,108
596188,596304,596306,2,116
596188,596295,596308,13,107
596188,596296,596307,11,108
596188,596303,596307,4,115
596188,596295,596307,12,107
596188,596295,596308,13,107
596188,596295,596308,13,107
596188,596296,596307,11,108
596188,596304,596308,4,116
596188,596305,596310,5,117
596188,596305,596311,6,117
596188,596307,596312,5,119
596188,596308,596312,4,120
596188,596307,596312,5,119
596188,596308,596312,4,120
596188,596307,596312,5,119
596188,596308,596313,5,120
596188,596307,596312,5,119
596188,596306,596312,6,118
596188,596309,596313,4,121
596188,596305,596313,8,117
596188,596308,596313,5,120
596188,596308,596313,5,120
596188,596308,596313,5,120
596188,596306,596313,7,118
596188,596311,596314,3,123
596188,596308,596313,5,120
596188,596307,596314,7,119
596188,596312,596315,3,124
596188,596312,596315,3,124
596188,596307,596315,8,119
596188,596310,596315,5,122
596188,596312,596315,3,124
596188,596313,596316,3,125
596188,596313,596316,3,125
596188,596313,596316,3,125
596188,596313,596315,2,125
596188,596314,596316,2,126
596188,596313,596316,3,125
596188,596313,596315,2,125
596188,596314,596315,1,126
596195,596315,596317,2,120
596195,596315,596317,2,120
596188,596314,596317,3,126
596188,596314,596316,2,126
596188,596307,596317,10,119
596195,596315,596318,3,120
596188,596314,596318,4,126
596195,596315,596318,3,120
596195,596315,596318,3,120
596188,596314,596317,3,126
596195,596314,596317,3,119
596195,596316,596317,1,121
596195,596316,596318,2,121
596195,596316,596318,2,121
596195,596316,596319,3,121
596195,596319,596322,3,124
596195,596319,596322,3,124
596195,596320,596323,3,125
596195,596320,596323,3,125
596195,596318,596323,5,123
596195,596316,596325,9,121
596195,596322,596325,3,127
596195,596322,596325,3,127
596195,596323,596326,3,128
596195,596323,596327,4,128
596195,596318,596327,9,123
596195,596316,596327,11,121
596195,596317,596327,10,122
596195,596316,596328,12,121
596195,596316,596327,11,121
596195,596317,596327,10,122
596195,596317,596329,12,122
596195,596317,596328,11,122
596195,596317,596329,12,122
596195,596324,596328,4,129
596195,596318,596330,12,123
596195,596318,596329,11,123
596195,596318,596331,13,123
596195,596318,596331,13,123
596195,596325,596332,7,130
596195,596328,596333,5,133
596195,596325,596333,8,130
596195,596327,596334,7,132
596195,596326,596334,8,131
596195,596327,596333,6,132
596195,596329,596334,5,134
596195,596329,596335,6,134
596195,596326,596335,9,131
596195,596327,596335,8,132
596195,596327,596334,7,132
596195,596329,596334,5,134
596195,596328,596335,7,133
596195,596330,596336,6,135
596195,596334,596336,2,139
596195,596334,596335,1,139
596195,596334,596335,1,139
596195,596330,596337,7,135
596195,596328,596337,9,133
596195,596333,596337,4,138
596195,596333,596336,3,138
596195,596334,596336,2,139
596195,596336,596337,1,141
596195,596330,596337,7,135
596195,596335,596336,1,140
596195,596335,596338,3,140
596195,596335,596337,2,140
596195,596331,596338,7,136
596195,596331,596338,7,136
596195,596335,596337,2,140
596195,596332,596339,7,137
596195,596336,596339,3,141
596195,596337,596339,2,142
596195,596337,596338,1,142
596195,596336,596338,2,141
596195,596336,596338,2,141
596195,596337,596338,1,142
596195,596337,596339,2,142
596195,596335,596338,3,140
596213,596337,596340,3,124
596195,596336,596339,3,141
596195,596337,596339,2,142
596213,596338,596340,2,125
596213,596338,596341,3,125
596213,596338,596341,3,125
596213,596338,596341,3,125
596213,596339,596341,2,126
596213,596337,596340,3,124
596213,596339,596341,2,126
596213,596338,596341,3,125
596213,596339,596341,2,126
596213,596339,596345,6,126
596213,596342,596346,4,129
596213,596342,596345,3,129
596213,596341,596346,5,128
596213,596342,596346,4,129
596213,596345,596348,3,132
596213,596346,596349,3,133
596213,596339,596349,10,126
596213,596346,596349,3,133
596213,596339,596349,10,126
596213,596341,596350,9,128
596213,596339,596350,11,126
596213,596346,596351,5,133
596213,596347,596351,4,134
596213,596339,596351,12,126
596213,596348,596351,3,135
596213,596339,596351,12,126
596213,596340,596352,12,127
596213,596340,596352,12,127
596213,596341,596352,11,128
596213,596340,596351,11,127
596213,596340,596353,13,127
596213,596349,596353,4,136
596213,596341,596354,13,128
596213,596341,596353,12,128
596213,596349,596356,7,136
596213,596350,596356,6,137
596213,596351,596357,6,138
596213,596350,596357,7,137
596213,596351,596357,6,138
596213,596353,596358,5,140
596213,596352,596358,6,139
596213,596349,596358,9,136
596213,596351,596358,7,138
596213,596352,596357,5,139
596213,596352,596359,7,139
596213,596351,596358,7,138
596213,596352,596359,7,139
596213,596351,596359,8,138
596213,596358,596360,2,145
596213,596356,596360,4,143
596213,596351,596359,8,138
596213,596353,596360,7,140
596213,596358,596361,3,145
596213,596358,596361,3,145
596213,596357,596360,3,144
596213,596356,596360,4,143
596213,596357,596361,4,144
596213,596358,596360,2,145
596213,596354,596361,7,141
596213,596358,596360,2,145
596213,596359,596361,2,146
596213,596359,596361,2,146
596213,596360,596362,2,147
596213,596360,596361,1,147
596213,596360,596361,1,147
596213,596354,596361,7,141
596213,596359,596361,2,146
596213,596359,596361,2,146
596213,596361,596363,2,148
596213,596357,596362,5,144
596213,596361,596363,2,148
596213,596360,596363,3,147
596245,596361,596363,2,116
596213,596361,596362,1,148
596213,596361,596362,1,148
596245,596361,596364,3,116
596245,596362,596364,2,117
596245,596362,596364,2,117
596245,596361,596363,2,116
596245,596362,596364,2,117
596245,596361,596363,2,116
596245,596362,596365,3,117
596245,596362,596365,3,117
596245,596362,596366,4,117
596245,596365,596368,3,120
596245,596365,596368,3,120
596245,596366,596369,3,121
595919,596054,596370,316,135
596245,596365,596371,6,120
596245,596363,596370,7,118
596245,596368,596372,4,123
596245,596370,596373,3,125
596245,596368,596372,4,123
596245,596369,596372,3,124
596245,596363,596374,11,118
596245,596371,596374,3,126
596245,596363,596374,11,118
596245,596372,596375,3,127
596245,596364,596375,11,119
596245,596372,596374,2,127
596245,596363,596374,11,118
596245,596364,596374,10,119
596245,596373,596375,2,128
596245,596363,596374,11,118
596245,596364,596375,11,119
596245,596363,596376,13,118
596245,596363,596376,13,118
596245,596364,596377,13,119
596245,596364,596376,12,119
596245,596373,596376,3,128
596245,596374,596376,2,129
596245,596363,596376,13,118
596245,596374,596378,4,129
596245,596374,596378,4,129
596245,596373,596377,4,128
596245,596375,596380,5,130
596245,596376,596380,4,131
596245,596375,596381,6,130
596245,596375,596381,6,130
596245,596376,596381,5,131
596245,596375,596381,6,130
596245,596376,596381,5,131
596245,596377,596381,4,132
596245,596378,596382,4,133
596245,596378,596382,4,133
596245,596377,596381,4,132
596245,596377,596381,4,132
596245,596378,596381,3,133
596245,596377,596382,5,132
596245,596375,596383,8,130
596245,596382,596384,2,137
596245,596377,596384,7,132
596245,596380,596384,4,135
596245,596381,596384,3,136
596245,596382,596384,2,137
596245,596381,596383,2,136
596245,596381,596385,4,136
596245,596381,596385,4,136
596245,596382,596385,3,137
596245,596380,596385,5,135
596245,596381,596384,3,136
596245,596384,596385,1,139
596245,596382,596385,3,137
596245,596382,596385,3,137
596245,596383,596384,1,138
596245,596382,596385,3,137
596245,596375,596385,10,130
596245,596382,596385,3,137
596245,596375,596386,11,130
596248,596384,596386,2,136
596248,596385,596386,1,137
596248,596385,596386,1,137
596245,596384,596386,2,139
596248,596385,596388,3,137
596248,596384,596387,3,136
596248,596385,596387,2,137
596248,596384,596387,3,136
596248,596385,596387,2,137
596248,596385,596387,2,137
596248,596385,596390,5,137
596248,596388,596393,5,140
596248,596385,596393,8,137
596248,596390,596394,4,142
596248,596388,596394,6,140
596248,596393,596396,3,145
596248,596393,596396,3,145
596248,596386,596396,10,138
595801,595932,596396,464,131
596248,596394,596397,3,146
596248,596387,596397,10,139
596248,596394,596397,3,146
596248,596387,596398,11,139
596248,596387,596398,11,139
596248,596388,596397,9,140
596248,596387,596399,12,139
596248,596386,596399,13,138
596248,596387,596398,11,139
596248,596387,596400,13,139
596248,596387,596399,12,139
596248,596388,596400,12,140
596248,596396,596400,4,148
596248,596396,596399,3,148
596248,596388,596400,12,140
596248,596396,596400,4,148
596248,596388,596400,12,140
596248,596396,596402,6,148
596248,596397,596403,6,149
596248,596398,596403,5,150
596248,596400,596404,4,152
596248,596400,596405,5,152
596248,596399,596405,6,151
596248,596397,596404,7,149
596248,596398,596404,6,150
596248,596399,596406,7,151
596248,596398,596406,8,150
596248,596400,596406,6,152
596248,596399,596407,8,151
596248,596397,596406,9,149
596248,596402,596407,5,154
596248,596403,596408,5,155
596248,596405,596408,3,157
596248,596400,596407,7,152
596248,596400,596407,7,152
596248,596401,596407,6,153
596248,596401,596407,6,153
596248,596406,596408,2,158
596248,596400,596409,9,152
596248,596403,596409,6,155
596248,596404,596408,4,156
596248,596405,596409,4,157
596248,596405,596408,3,157
596248,596408,596409,1,160
596248,596407,596409,2,159
596248,596406,596408,2,158
596248,596407,596409,2,159
596248,596407,596409,2,159
596248,596405,596410,5,157
596248,596408,596409,1,160
596248,596407,596409,2,159
596248,596408,596411,3,160
596284,596409,596411,2,125
596248,596408,596411,3,160
596248,596408,596411,3,160
596248,596409,596411,2,161
596284,596409,596410,1,125
596284,596409,596412,3,125
596248,596408,596411,3,160
596284,596409,596412,3,125
596284,596409,596412,3,125
596284,596409,596411,2,125
596248,596409,596411,2,161
596284,596410,596412,2,126
596248,596408,596412,4,160
596284,596409,596412,3,125
596284,596410,596412,2,126
596284,596410,596414,4,126
596284,596413,596417,4,129
596284,596413,596418,5,129
596284,596411,596417,6,127
596284,596415,596419,4,131
596284,596411,596420,9,127
596284,596413,596421,8,129
596284,596417,596421,4,133
596284,596418,596422,4,134
596284,596411,596422,11,127
596284,596412,596423,11,128
596284,596411,596423,12,127
596284,596412,596422,10,128
596284,596411,596423,12,127
596284,596419,596422,3,135
596284,596418,596422,4,134
596284,596411,596424,13,127
596284,596420,596423,3,136
596284,596412,596423,11,128
596284,596412,596425,13,128
596284,596421,596425,4,137
596284,596412,596425,13,128
596284,596412,596424,12,128
596284,596412,596424,12,128
596284,596421,596424,3,137
596284,596422,596426,4,138
596284,596422,596425,3,138
596284,596423,596428,5,139
596284,596423,596430,7,139
596284,596424,596430,6,140
596284,596423,596430,7,139
596284,596426,596431,5,142
596284,596424,596431,7,140
596284,596425,596431,6,141
596284,596425,596431,6,141
596284,596423,596431,8,139
596284,596425,596431,6,141
596284,596424,596431,7,140
596284,596423,596431,8,139
596284,596423,596431,8,139
596284,596425,596432,7,141
596284,596425,596432,7,141
596284,596425,596433,8,141
596284,596427,596432,5,143
596284,596431,596434,3,147
596284,596431,596434,3,147
596284,596431,596434,3,147
596284,596430,596434,4,146
596284,596431,596434,3,147
596284,596430,596435,5,146
596284,596430,596435,5,146
596284,596431,596435,4,147
596284,596428,596435,7,144
596306,596435,596436,1,129
596284,596431,596435,4,147
596284,596434,596436,2,150
596284,596431,596435,4,147
596284,596432,596435,3,148
596284,596432,596435,3,148
596284,596432,596435,3,148
596284,596433,596436,3,149
596284,596433,596437,4,149
596284,596434,596437,3,150
596284,596433,596436,3,149
596284,596435,596436,1,151
596284,596435,596437,2,151
596284,596434,596437,3,150
596306,596436,596438,2,130
596306,596436,596438,2,130
596306,596436,596437,1,130
596306,596436,596437,1,130
596306,596435,596438,3,129
596306,596436,596438,2,130
596306,596436,596439,3,130
596306,596436,596439,3,130
596306,596436,596440,4,130
596306,596441,596445,4,135
596306,596440,596445,5,134
596306,596436,596446,10,130
596306,596439,596445,6,133
596306,596437,596448,11,131
596306,596437,596448,11,131
596306,596437,596449,12,131
596306,596438,596449,11,132
596306,596445,596449,4,139
596306,596438,596448,10,132
596306,596445,596448,3,139
596306,596437,596450,13,131
596306,596438,596449,11,132
596306,596437,596449,12,131
596306,596439,596450,11,133
596306,596437,596450,13,131
596306,596439,596450,11,133
596306,596438,596450,12,132
596306,596446,596449,3,140
596306,596448,596451,3,142
596306,596448,596450,2,142
596306,596449,596451,2,143
596306,596446,596450,4,140
596306,596449,596451,2,143
596306,596449,596452,3,143
596306,596449,596453,4,143
596306,596449,596452,3,143
596306,596450,596454,4,144
596306,596450,596454,4,144
596306,596451,596455,4,145
596306,596451,596457,6,145
596306,596452,596457,5,146
596306,596450,596457,7,144
596306,596450,596458,8,144
596306,596453,596458,5,147
596306,596450,596458,8,144
596306,596452,596457,5,146
596306,596452,596457,5,146
596306,596454,596458,4,148
596306,596453,596459,6,147
596306,596450,596459,9,144
596306,596450,596460,10,144
596306,596454,596460,6,148
596306,596450,596460,10,144
596306,596457,596460,3,151
596306,596459,596461,2,153
596306,596457,596461,4,151
596306,596457,596461,4,151
596306,596456,596461,5,150
596306,596458,596462,4,152
596306,596458,596461,3,152
596306,596459,596462,3,153
596306,596460,596463,3,154
596306,596458,596463,5,152
596306,596458,596462,4,152
596306,596459,596462,3,153
596306,596461,596463,2,155
596306,596451,596463,12,145
596306,596458,596462,4,152
596306,596460,596463,3,154
596306,596460,596464,4,154
596306,596461,596463,2,155
596307,596463,596464,1,156
596306,596461,596464,3,155
596307,596462,596463,1,155
596306,596461,596463,2,155
596306,596460,596464,4,154
596307,596462,596464,2,155
596307,596463,596465,2,156
596307,596463,596464,1,156
596307,596463,596466,3,156
596307,596463,596465,2,156
596307,596463,596465,2,156
596307,596463,596465,2,156
596307,596463,596468,5,156
596307,596464,596473,9,157
596307,596464,596474,10,157
596307,596464,596475,11,157
596307,596466,596475,9,159
596307,596464,596474,10,157
596307,596468,596476,8,161
596307,596464,596476,12,157
596307,596466,596476,10,159
596307,596465,596477,12,158
596307,596465,596477,12,158
596307,596466,596478,12,159
596307,596465,596478,13,158
596307,596475,596478,3,168
596307,596465,596477,12,158
596307,596466,596478,12,159
596307,596466,596478,12,159
596307,596475,596478,3,168
596307,596476,596479,3,169
596307,596475,596480,5,168
596307,596474,596480,6,167
596307,596473,596480,7,166
596307,596476,596479,3,169
596307,596477,596480,3,170
596307,596477,596481,4,170
596307,596478,596482,4,171
596307,596477,596481,4,170
596307,596478,596484,6,171
596307,596478,596484,6,171
596307,596480,596486,6,173
596307,596478,596486,8,171
596307,596480,596486,6,173
596307,596480,596487,7,173
596307,596480,596487,7,173
596307,596480,596487,7,173
596307,596482,596488,6,175
596307,596482,596488,6,175
596307,596479,596488,9,172
596307,596482,596488,6,175
596307,596481,596487,6,174
596307,596480,596488,8,173
596307,596484,596489,5,177
595900,596022,596489,467,122
596307,596480,596490,10,173
596307,596484,596490,6,177
596307,596488,596490,2,181
596307,596488,596491,3,181
596307,596486,596490,4,179
596307,596488,596491,3,181
596307,596488,596492,4,181
596307,596488,596492,4,181
596307,596486,596492,6,179
596307,596486,596492,6,179
596307,596490,596492,2,183
596307,596487,596491,4,180
596307,596487,596492,5,180
596307,596491,596493,2,184
596307,596489,596493,4,182
596307,596490,596493,3,183
596307,596489,596492,3,182
596307,596487,596492,5,180
596307,596489,596492,3,182
596307,596491,596494,3,184
596307,596491,596493,2,184
596375,596492,596494,2,117
596307,596492,596494,2,185
596307,596492,596494,2,185
596307,596491,596495,4,184
596375,596492,596495,3,117
596375,596493,596494,1,118
596375,596493,596495,2,118
596375,596493,596495,2,118
596375,596492,596494,2,117
596375,596493,596496,3,118
596375,596493,596496,3,118
596375,596493,596496,3,118
596375,596493,596500,7,118
596375,596494,596504,10,119
596375,596495,596505,10,120
596375,596494,596505,11,119
596375,596494,596504,10,119
596375,596495,596506,11,120
596375,596495,596507,12,120
596375,596495,596507,12,120
596375,596494,596507,13,119
596375,596496,596507,11,121
596375,596494,596507,13,119
596375,596497,596507,10,122
596375,596496,596508,12,121
596375,596495,596508,13,120
596375,596495,596508,13,120
596375,596500,596508,8,125
596375,596504,596510,6,129
596375,596506,596510,4,131
596375,596505,596511,6,130
596375,596507,596511,4,132
596375,596507,596511,4,132
596375,596507,596512,5,132
596375,596505,596511,6,130
596375,596505,596511,6,130
596375,596508,596515,7,133
596375,596510,596516,6,135
596375,596511,596516,5,136
596375,596509,596517,8,134
596375,596508,596517,9,133
596375,596512,596517,5,137
596375,596508,596517,9,133
596375,596508,596518,10,133
596375,596511,596517,6,136
596375,596512,596518,6,137
596056,596175,596517,342,119
596375,596510,596517,7,135
596375,596508,596519,11,133
596375,596508,596518,10,133
596375,596511,596518,7,136
596375,596512,596520,8,137
596375,596518,596520,2,143
596375,596515,596521,6,140
596375,596518,596521,3,143
596375,596516,596521,5,141
596375,596517,596522,5,142
596375,596519,596522,3,144
596375,596517,596522,5,142
596375,596517,596522,5,142
596375,596519,596522,3,144
596375,596518,596523,5,143
596375,596519,596522,3,144
596375,596521,596523,2,146
596375,596522,596524,2,147
596375,596517,596524,7,142
596375,596521,596523,2,146
596375,596521,596524,3,146
596375,596517,596524,7,142
596375,596520,596524,4,145
596375,596518,596523,5,143
596375,596522,596525,3,147
596375,596522,596524,2,147
596398,596524,596525,1,126
596375,596522,596525,3,147
596375,596518,596525,7,143
596398,596524,596525,1,126
596398,596524,596525,1,126
596398,596525,596526,1,127
596375,596522,596525,3,147
596375,596522,596525,3,147
596375,596523,596526,3,148
596398,596524,596526,2,126
596398,596525,596526,1,127
596398,596525,596527,2,127
596398,596524,596527,3,126
596375,596523,596526,3,148
596398,596524,596526,2,126
596398,596525,596528,3,127
596398,596529,596532,3,131
596398,596527,596534,7,129
596398,596532,596534,2,134
596398,596526,596534,8,128
596398,596526,596536,10,128
596398,596526,596537,11,128
596398,596526,596536,10,128
596398,596534,596537,3,136
596398,596534,596537,3,136
596398,596526,596538,12,128
596398,596527,596537,10,129
596398,596526,596537,11,128
596398,596527,596539,12,129
596398,596536,596539,3,138
596398,596526,596539,13,128
596398,596526,596538,12,128
596398,596526,596538,12,128
596398,596537,596539,2,139
596398,596535,596539,4,137
596398,596527,596540,13,129
596398,596527,596540,13,129
596398,596537,596539,2,139
596398,596537,596539,2,139
596398,596539,596541,2,141
596398,596538,596540,2,140
596398,596537,596540,3,139
596398,596538,596542,4,140
596398,596539,596541,2,141
596398,596538,596541,3,140
596398,596539,596542,3,141
596398,596539,596544,5,141
596398,596540,596545,5,142
596398,596541,596545,4,143
596398,596542,596546,4,144
596398,596540,596545,5,142
596398,596541,596545,4,143
596398,596542,596546,4,144
596398,596541,596546,5,143
596398,596542,596547,5,144
596398,596539,596547,8,141
595926,596085,596547,462,159
596398,596542,596547,5,144
596398,596540,596547,7,142
596398,596545,596548,3,147
596398,596540,596547,7,142
596398,596544,596549,5,146
596398,596539,596549,10,141
596398,596545,596548,3,147
596398,596547,596550,3,149
596398,596546,596549,3,148
596398,596548,596550,2,150
596398,596547,596550,3,149
596398,596547,596551,4,149
596398,596547,596551,4,149
596398,596547,596551,4,149
596398,596546,596551,5,148
596398,596547,596550,3,149
596398,596549,596551,2,151
596398,596546,596550,4,148
596398,596548,596552,4,150
596398,596539,596552,13,141
596398,596546,596551,5,148
596398,596549,596551,2,151
596398,596550,596551,1,152
596490,596551,596553,2,61
596398,596550,596553,3,152
596490,596551,596553,2,61
596398,596549,596552,3,151
596490,596551,596553,2,61
596490,596550,596552,2,60
596490,596551,596553,2,61
596490,596551,596554,3,61
596490,596551,596554,3,61
596490,596551,596553,2,61
596490,596552,596555,3,62
596490,596552,596557,5,62
596490,596552,596561,9,62
596490,596552,596563,11,62
596490,596553,596563,10,63
596490,596552,596563,11,62
596490,596557,596564,7,67
596490,596553,596563,10,63
596490,596553,596565,12,63
596490,596556,596565,9,66
596490,596553,596565,12,63
596490,596554,596566,12,64
596490,596553,596566,13,63
596490,596553,596565,12,63
596490,596554,596565,11,64
596490,596554,596565,11,64
596490,596553,596565,12,63
596490,596563,596567,4,73
596490,596563,596567,4,73
596490,596564,596567,3,74
596490,596564,596568,4,74
596490,596563,596567,4,73
596490,596562,596569,7,72
596490,596565,596569,4,75
596490,596565,596568,3,75
596490,596565,596569,4,75
596490,596566,596572,6,76
596490,596567,596573,6,77
596490,596567,596574,7,77
596490,596566,596574,8,76
596490,596566,596575,9,76
596490,596568,596575,7,78
596490,596568,596574,6,78
596490,596566,596575,9,76
596490,596570,596576,6,80
596490,596566,596575,9,76
596490,596569,596576,7,79
596490,596566,596577,11,76
596490,596568,596576,8,78
596490,596569,596576,7,79
596490,596570,596576,6,80
595995,596117,596577,460,122
596490,596572,596578,6,82
596490,596574,596578,4,84
596490,596573,596579,6,83
596490,596576,596580,4,86
596490,596575,596580,5,85
596490,596575,596580,5,85
596490,596577,596580,3,87
596490,596577,596581,4,87
596490,596575,596581,6,85
596490,596577,596581,4,87
596490,596577,596580,3,87
596490,596578,596581,3,88
596490,596576,596581,5,86
596490,596578,596582,4,88
596490,596578,596582,4,88
596490,596575,596581,6,85
596490,596576,596581,5,86
596490,596579,596581,2,89
596490,596575,596582,7,85
596490,596580,596583,3,90
596490,596580,596582,2,90
596490,596580,596582,2,90
596490,596581,596583,2,91
596490,596581,596583,2,91
596519,596581,596584,3,62
596490,596580,596583,3,90
596490,596581,596583,2,91
596519,596582,596585,3,63
596519,596582,596585,3,63
596519,596582,596585,3,63
596519,596582,596585,3,63
596519,596582,596585,3,63
596519,596582,596585,3,63
596519,596583,596587,4,64
596519,596583,596587,4,64
596519,596583,596588,5,64
596519,596583,596592,9,64
596519,596584,596595,11,65
596519,596585,596596,11,66
596519,596584,596596,12,65
596519,596583,596596,13,64
596519,596584,596596,12,65
596519,596584,596597,13,65
596519,596585,596598,13,66
596519,596586,596598,12,67
596519,596586,596599,13,67
596519,596586,596599,13,67
596519,596586,596599,13,67
596519,596588,596599,11,69
596519,596588,596601,13,69
596519,596587,596601,14,68
596519,596592,596602,10,73
596519,596595,596603,8,76
596519,596598,596605,7,79
596519,596596,596605,9,77
596519,596599,596605,6,80
596519,596599,596606,7,80
596519,596596,596605,9,77
596519,596599,596606,7,80
596519,596597,596606,9,78
596519,596599,596608,9,80
596519,596603,596608,5,84
596519,596596,596608,12,77
596519,596598,596608,10,79
596519,596598,596607,9,79
596519,596601,596607,6,82
596519,596602,596607,5,83
596519,596602,596609,7,83
596519,596605,596609,4,86
596519,596606,596609,3,87
596519,596606,596609,3,87
596519,596606,596610,4,87
596519,596605,596610,5,86
596519,596606,596609,3,87
596519,596608,596611,3,89
596519,596605,596610,5,86
596519,596608,596611,3,89
596519,596610,596613,3,91
596519,596609,596613,4,90
596519,596609,596613,4,90
596519,596609,596613,4,90
596519,596608,596613,5,89
596519,596610,596613,3,91
596519,596611,596614,3,92
596519,596608,596614,6,89
596519,596608,596614,6,89
596519,596608,596614,6,89
596519,596611,596613,2,92
596519,596609,596613,4,90
596519,596610,596613,3,91
596519,596608,596615,7,89
596519,596611,596615,4,92
596519,596613,596615,2,94
596548,596614,596616,2,66
596519,596613,596615,2,94
596519,596614,596616,2,95
596519,596613,596616,3,94
596519,596613,596616,3,94
596519,596614,596617,3,95
596519,596613,596617,4,94
596519,596614,596617,3,95
596548,596615,596616,1,67
596548,596614,596618,4,66
596548,596614,596617,3,66
596519,596613,596617,4,94
596548,596615,596618,3,67
596548,596616,596618,2,68
596548,596615,596618,3,67
596548,596616,596618,2,68
596548,596616,596619,3,68
596006,596150,596623,473,144
596548,596616,596623,7,68
596548,596618,596628,10,70
596548,596618,596628,10,70
596548,596618,596629,11,70
596548,596616,596629,13,68
596548,596617,596629,12,69
596548,596618,596630,12,70
596548,596618,596629,11,70
596548,596617,596630,13,69
596548,596619,596629,10,71
596548,596618,596629,11,70
596548,596620,596630,10,72
596548,596618,596632,14,70
596548,596617,596632,15,69
596548,596630,596634,4,82
596548,596628,596634,6,80
596548,596623,596634,11,75
596548,596623,596635,12,75
596548,596628,596635,7,80
596548,596629,596635,6,81
596548,596629,596635,6,81
596548,596630,596635,5,82
596548,596635,596639,4,87
596548,596630,596639,9,82
596548,596630,596640,10,82
596548,596635,596641,6,87
596548,596636,596641,5,88
596548,596631,596642,11,83
596195,596337,596641,304,142
596548,596635,596643,8,87
596548,596630,596643,13,82
596548,596630,596642,12,82
596548,596634,596644,10,86
596548,596632,596645,13,84
596548,596634,596646,12,86
596548,596641,596646,5,93
596548,596632,596646,14,84
596548,596639,596646,7,91
596548,596634,596646,12,86
596548,596635,596646,11,87
596548,596642,596647,5,94
596548,596639,596646,7,91
596548,596641,596648,7,93
596548,596646,596648,2,98
596548,596642,596647,5,94
596548,596643,596647,4,95
596548,596646,596648,2,98
596548,596641,596647,6,93
596548,596643,596648,5,95
596548,596646,596649,3,98
596548,596646,596649,3,98
596548,596646,596649,3,98
596548,596646,596649,3,98
596548,596644,596648,4,96
596548,596648,596650,2,100
596548,596643,596649,6,95
596548,596647,596649,2,99
596548,596647,596650,3,99
596548,596648,596651,3,100
596548,596648,596651,3,100
596548,596648,596650,2,100
596548,596648,596650,2,100
596548,596645,596652,7,97
596579,596649,596652,3,70
596548,596648,596652,4,100
596579,596649,596652,3,70
596579,596650,596653,3,71
596548,596649,596652,3,101
596548,596649,596653,4,101
596548,596649,596652,3,101
596579,596650,596652,2,71
596579,596651,596654,3,72
596579,596651,596653,2,72
596579,596650,596654,4,71
596579,596651,596655,4,72
596579,596651,596655,4,72
596082,596199,596657,458,117
596579,596651,596657,6,72
596579,596652,596662,10,73
596579,596654,596664,10,75
596579,596653,596663,10,74
596579,596652,596665,13,73
596579,596652,596665,13,73
596579,596653,596665,12,74
596579,596653,596665,12,74
596579,596654,596666,12,75
596579,596652,596665,13,73
596579,596653,596665,12,74
596579,596654,596665,11,75
596579,596654,596665,11,75
596579,596656,596667,11,77
596579,596656,596668,12,77
596579,596657,596668,11,78
596579,596657,596670,13,78
596579,596662,596672,10,83
596579,596664,596673,9,85
596579,596664,596673,9,85
596579,596666,596674,8,87
596579,596665,596675,10,86
596579,596668,596675,7,89
596579,596667,596675,8,88
596579,596666,596675,9,87
596579,596666,596675,9,87
596579,596673,596676,3,94
596214,596361,596676,315,147
596579,596665,596676,11,86
596579,596666,596675,9,87
596579,596670,596677,7,91
596579,596665,596677,12,86
596579,596669,596676,7,90
596579,596673,596677,4,94
596579,596665,596676,11,86
596579,596666,596676,10,87
596579,596674,596678,4,95
596579,596672,596677,5,93
596579,596675,596679,4,96
596579,596675,596679,4,96
596579,596678,596680,2,99
596579,596676,596680,4,97
596579,596677,596680,3,98
596579,596677,596681,4,98
596579,596675,596680,5,96
596579,596677,596681,4,98
596579,596677,596681,4,98
596579,596677,596682,5,98
596579,596677,596681,4,98
596579,596679,596681,2,100
596579,596675,596681,6,96
596579,596675,596681,6,96
596579,596680,596683,3,101
596579,596680,596683,3,101
596579,596677,596683,6,98
596579,596680,596682,2,101
596579,596681,596683,2,102
596579,596676,596682,6,97
596579,596676,596682,6,97
596084,596223,596684,461,139
596579,596680,596683,3,101
596579,596681,596684,3,102
596579,596680,596683,3,101
596579,596681,596684,3,102
596579,596681,596683,2,102
596579,596682,596685,3,103
596579,596682,596684,2,103
596579,596682,596684,2,103
596628,596683,596686,3,55
596628,596683,596685,2,55
596628,596682,596686,4,54
596628,596683,596686,3,55
596628,596683,596687,4,55
596628,596683,596687,4,55
596628,596683,596688,5,55
596628,596684,596687,3,56
596628,596684,596688,4,56
596628,596684,596692,8,56
596628,596684,596695,11,56
596628,596684,596695,11,56
596628,596684,596695,11,56
596628,596684,596696,12,56
596628,596686,596696,10,58
596628,596686,596696,10,58
596628,596686,596696,10,58
596628,596686,596696,10,58
596628,596685,596698,13,57
596628,596686,596698,12,58
596628,596686,596698,12,58
596628,596687,596698,11,59
596628,596688,596699,11,60
596628,596688,596700,12,60
596628,596687,596700,13,59
596628,596688,596701,13,60
596628,596692,596704,12,64
596628,596696,596704,8,68
596628,596699,596705,6,71
596628,596697,596705,8,69
596628,596698,596705,7,70
596628,596696,596705,9,68
596628,596697,596706,9,69
596628,596700,596706,6,72
596628,596696,596706,10,68
596628,596700,596707,7,72
596628,596695,596706,11,67
596628,596698,596707,9,70
596628,596699,596707,8,71
596628,596695,596706,11,67
596628,596704,596708,4,76
596628,596701,596708,7,73
596628,596695,596707,12,67
596628,596705,596709,4,77
596628,596705,596708,3,77
596628,596706,596709,3,78
596628,596705,596708,3,77
596628,596698,596708,10,70
596628,596704,596708,4,76
596628,596706,596711,5,78
596628,596709,596711,2,81
596628,596707,596711,4,79
596143,596246,596712,466,103
596628,596707,596711,4,79
596628,596709,596712,3,81
596628,596708,596712,4,80
596628,596709,596711,2,81
596628,596707,596712,5,79
596628,596708,596712,4,80
596628,596710,596713,3,82
596628,596710,596712,2,82
596628,596706,596713,7,78
596628,596707,596712,5,79
596628,596707,596713,6,79
596628,596708,596713,5,80
596628,596709,596713,4,81
596628,596706,596712,6,78
596628,596711,596713,2,83
596628,596712,596714,2,84
596628,596711,596713,2,83
596628,596712,596715,3,84
596628,596712,596715,3,84
596628,596712,596714,2,84
596628,596712,596714,2,84
596628,596712,596715,3,84
596643,596713,596715,2,70
596643,596713,596715,2,70
596643,596714,596716,2,71
596628,596711,596715,4,83
596643,596713,596715,2,70
596643,596713,596716,3,70
596643,596713,596717,4,70
596643,596713,596716,3,70
596643,596713,596717,4,70
596643,596714,596717,3,71
596643,596713,596718,5,70
596164,596270,596717,447,106
596643,596714,596722,8,71
596643,596715,596725,10,72
596643,596715,596725,10,72
596643,596715,596725,10,72
596643,596716,596726,10,73
596643,596715,596726,11,72
596643,596717,596727,10,74
596643,596718,596726,8,75
596643,596715,596728,13,72
596643,596716,596728,12,73
596643,596716,596729,13,73
596643,596716,596729,13,73
596643,596716,596728,12,73
596643,596718,596728,10,75
596643,596717,596730,13,74
596643,596717,596729,12,74
596643,596718,596730,12,75
596643,596716,596729,13,73
596643,596722,596731,9,79
596643,596728,596732,4,85
596643,596728,596731,3,85
596643,596726,596733,7,83
596643,596728,596733,5,85
596643,596726,596733,7,83
596643,596729,596734,5,86
596643,596727,596734,7,84
596643,596725,596733,8,82
596643,596729,596734,5,86
596643,596729,596733,4,86
596643,596730,596735,5,87
596643,596726,596734,8,83
596643,596725,596735,10,82
596643,596730,596736,6,87
596643,596729,596735,6,86
596643,596730,596736,6,87
596643,596731,596735,4,88
596249,596409,596737,328,160
596643,596732,596737,5,89
596643,596733,596736,3,90
596643,596730,596737,7,87
596643,596733,596737,4,90
596643,596734,596738,4,91
596643,596733,596738,5,90
596643,596733,596737,4,90
596643,596734,596738,4,91
596643,596734,596738,4,91
596643,596734,596739,5,91
596643,596735,596739,4,92
596643,596734,596739,5,91
596643,596735,596740,5,92
596643,596736,596740,4,93
596643,596736,596739,3,93
596643,596737,596739,2,94
596643,596738,596740,2,95
596643,596735,596740,5,92
596643,596737,596739,2,94
596643,596737,596740,3,94
596643,596736,596740,4,93
596643,596736,596739,3,93
596643,596737,596740,3,94
596643,596738,596741,3,95
596643,596738,596741,3,95
596643,596738,596741,3,95
596643,596739,596740,1,96
596663,596740,596742,2,77
596643,596737,596741,4,94
596643,596738,596741,3,95
596663,596740,596742,2,77
596663,596740,596743,3,77
596663,596740,596743,3,77
596663,596740,596743,3,77
596663,596740,596743,3,77
596663,596740,596744,4,77
596663,596739,596743,4,76
596663,596740,596743,3,77
596663,596740,596745,5,77
596663,596740,596751,11,77
596663,596741,596752,11,78
596663,596742,596752,10,79
596663,596741,596753,12,78
596663,596742,596753,11,79
596663,596741,596753,12,78
596663,596741,596753,12,78
596663,596743,596753,10,80
596663,596745,596754,9,82
596663,596741,596754,13,78
596663,596744,596754,10,81
596663,596742,596755,13,79
596663,596742,596754,12,79
596663,596744,596754,10,81
596189,596314,596754,440,125
596663,596754,596756,2,91
596663,596743,596755,12,80
596663,596743,596756,13,80
596663,596743,596755,12,80
596663,596745,596756,11,82
596663,596754,596756,2,91
596166,596293,596757,464,127
596663,596754,596758,4,91
596663,596754,596758,4,91
596663,596754,596757,3,91
596663,596753,596759,6,90
596663,596756,596759,3,93
596663,596755,596759,4,92
596663,596755,596760,5,92
596663,596756,596760,4,93
596663,596756,596760,4,93
596663,596756,596760,4,93
596663,596755,596760,5,92
596663,596756,596761,5,93
596663,596757,596761,4,94
596663,596755,596761,6,92
596663,596753,596761,8,90
596663,596757,596760,3,94
596663,596753,596760,7,90
596663,596751,596761,10,88
596663,596758,596762,4,95
596663,596752,596761,9,89
596663,596758,596761,3,95
596663,596758,596762,4,95
596663,596753,596763,10,90
596663,596759,596763,4,96
596663,596759,596763,4,96
596663,596761,596764,3,98
596663,596759,596763,4,96
596663,596761,596763,2,98
596663,596761,596764,3,98
596663,596761,596763,2,98
596663,596761,596764,3,98
596663,596761,596764,3,98
596663,596760,596764,4,97
596663,596761,596764,3,98
596663,596760,596765,5,97
596663,596760,596765,5,97
596663,596760,596765,5,97
596663,596762,596765,3,99
596663,596762,596765,3,99
596663,596763,596766,3,100
596663,596762,596765,3,99
596663,596763,596766,3,100
596663,596763,596765,2,100
596663,596762,596765,3,99
596663,596762,596765,3,99
596677,596764,596767,3,87
596677,596764,596767,3,87
596677,596764,596766,2,87
596677,596764,596766,2,87
596677,596764,596766,2,87
596677,596764,596768,4,87
596677,596764,596768,4,87
596677,596764,596767,3,87
596677,596765,596770,5,88
596677,596765,596775,10,88
596677,596766,596776,10,89
596677,596765,596777,12,88
596677,596765,596777,12,88
596677,596766,596777,11,89
596677,596766,596778,12,89
596677,596766,596778,12,89
596677,596766,596778,12,89
596677,596768,596778,10,91
596677,596766,596778,12,89
596677,596766,596779,13,89
596677,596767,596779,12,90
596677,596767,596778,11,90
596677,596768,596778,10,91
596677,596768,596780,12,91
596677,596767,596779,12,90
596677,596768,596780,12,91
596677,596770,596780,10,93
596677,596768,596781,13,91
596677,596779,596783,4,102
596677,596780,596783,3,103
596677,596780,596784,4,103
596677,596780,596784,4,103
596677,596777,596785,8,100
596677,596776,596785,9,99
596677,596779,596785,6,102
596677,596780,596785,5,103
596677,596779,596786,7,102
596677,596777,596786,9,100
596677,596778,596786,8,101
596677,596778,596785,7,101
596677,596775,596785,10,98
596677,596781,596786,5,104
596677,596780,596787,7,103
596677,596778,596786,8,101
596677,596781,596787,6,104
596677,596777,596787,10,100
596677,596783,596788,5,106
596677,596778,596787,9,101
596677,596785,596788,3,108
596677,596784,596788,4,107
596677,596783,596788,5,106
596677,596785,596789,4,108
596677,596786,596790,4,109
596677,596784,596789,5,107
596677,596787,596790,3,110
596677,596785,596789,4,108
596677,596786,596789,3,109
596677,596788,596790,2,111
596677,596785,596790,5,108
596677,596787,596790,3,110
596677,596787,596790,3,110
596677,596786,596791,5,109
596677,596786,596791,5,109
596677,596789,596791,2,112
596677,596788,596791,3,111
596677,596786,596791,5,109
596677,596787,596790,3,110
596677,596789,596792,3,112
596677,596790,596791,1,113
596677,596787,596791,4,110
596677,596789,596792,3,112
596677,596790,596792,2,113
596677,596790,596792,2,113
596677,596790,596793,3,113
596677,596790,596792,2,113
596684,596791,596793,2,107
596684,596790,596793,3,106
596684,596790,596792,2,106
596684,596791,596794,3,107
596684,596790,596793,3,106
596684,596791,596794,3,107
596684,596791,596794,3,107
596684,596791,596794,3,107
596684,596790,596796,6,106
596684,596791,596797,6,107
596684,596792,596803,11,108
596684,596793,596803,10,109
596684,596792,596803,11,108
596684,596792,596804,12,108
596684,596794,596804,10,110
596684,596793,596804,11,109
596684,596793,596805,12,109
596684,596793,596804,11,109
596684,596793,596806,13,109
596684,596794,596806,12,110
596684,596793,596805,12,109
596684,596795,596805,10,111
596684,596793,596805,12,109
596684,596793,596805,12,109
596684,596794,596807,13,110
596684,596794,596806,12,110
596684,596805,596807,2,121
596684,596796,596807,11,112
596684,596797,596808,11,113
596684,596806,596809,3,122
596684,596805,596808,3,121
596684,596806,596808,2,122
596684,596806,596808,2,122
596684,596806,596810,4,122
596684,596807,596811,4,123
596684,596807,596811,4,123
596684,596806,596810,4,122
596684,596807,596811,4,123
596684,596806,596810,4,122
596684,596803,596812,9,119
596684,596808,596812,4,124
596684,596805,596812,7,121
596684,596804,596813,9,120
596684,596809,596813,4,125
596684,596809,596813,4,125
596684,596804,596813,9,120
596684,596809,596813,4,125
596684,596809,596813,4,125
596684,596807,596813,6,123
596684,596811,596814,3,127
596684,596804,596813,9,120
596684,596803,596813,10,119
596684,596811,596813,2,127
596684,596810,596813,3,126
596684,596813,596815,2,129
596684,596812,596815,3,128
596684,596811,596814,3,127
596684,596813,596816,3,129
596684,596812,596816,4,128
596684,596813,596816,3,129
596684,596811,596815,4,127
596684,596813,596816,3,129
596684,596813,596816,3,129
596684,596814,596817,3,130
596684,596813,596817,4,129
596684,596813,596816,3,129
596684,596814,596817,3,130
596684,596812,596817,5,128
596684,596811,596817,6,127
596684,596814,596816,2,130
596684,596814,596816,2,130
596684,596815,596816,1,131
596684,596815,596818,3,131
596684,596814,596817,3,130
596684,596815,596818,3,131
596712,596816,596818,2,104
596712,596817,596819,2,105
596712,596816,596820,4,104
596712,596816,596819,3,104
596712,596817,596820,3,105
596712,596817,596820,3,105
596712,596817,596820,3,105
596712,596816,596820,4,104
596712,596816,596820,4,104
596712,596817,596824,7,105
596712,596817,596827,10,105
596712,596817,596828,11,105
596712,596818,596828,10,106
596712,596818,596828,10,106
596712,596817,596828,11,105
596712,596818,596829,11,106
596712,596819,596830,11,107
596712,596817,596830,13,105
596712,596818,596829,11,106
596712,596821,596831,10,109
596712,596821,596831,10,109
596712,596820,596832,12,108
596712,596820,596832,12,108
596712,596820,596832,12,108
596712,596820,596832,12,108
596712,596820,596834,14,108
596712,596831,596834,3,119
596712,596831,596834,3,119
596712,596824,596835,11,112
596712,596830,596834,4,118
596712,596832,596835,3,120
596712,596832,596835,3,120
596712,596833,596836,3,121
596712,596827,596837,10,115
596712,596830,596837,7,118
596712,596830,596837,7,118
596712,596833,596837,4,121
596712,596828,596838,10,116
596712,596828,596837,9,116
596712,596834,596838,4,122
596712,596829,596839,10,117
596712,596835,596839,4,123
596712,596829,596838,9,117
596712,596835,596839,4,123
596712,596834,596839,5,122
596712,596837,596839,2,125
596712,596834,596840,6,122
596712,596835,596839,4,123
596712,596838,596840,2,126
596712,596828,596839,11,116
596712,596837,596839,2,125
596712,596836,596840,4,124
596712,596835,596839,4,123
596712,596837,596840,3,125
596712,596837,596840,3,125
596712,596838,596841,3,126
596712,596840,596842,2,128
596712,596839,596842,3,127
596712,596839,596843,4,127
596712,596840,596843,3,128
596712,596840,596843,3,128
596712,596839,596843,4,127
596712,596839,596842,3,127
596712,596840,596842,2,128
596712,596842,596844,2,130
596712,596839,596844,5,127
596712,596838,596843,5,126
596712,596839,596844,5,127
596712,596840,596843,3,128
596712,596840,596843,3,128
596712,596842,596843,1,130
596712,596842,596845,3,130
596712,596841,596844,3,129
596712,596841,596844,3,129
596712,596841,596844,3,129
596726,596843,596846,3,117
596726,596844,596846,2,118
596726,596843,596846,3,117
596726,596843,596845,2,117
596726,596844,596845,1,118
596726,596844,596847,3,118
596726,596843,596846,3,117
596726,596844,596847,3,118
596726,596844,596847,3,118
596726,596844,596852,8,118
596726,596845,596854,9,119
596726,596845,596854,9,119
596726,596846,596856,10,120
596726,596847,596855,8,121
596726,596845,596857,12,119
596726,596845,596857,12,119
596726,596846,596857,11,120
596726,596846,596857,11,120
596245,596384,596858,474,139
596726,596847,596857,10,121
596726,596845,596858,13,119
596726,596845,596857,12,119
596726,596847,596859,12,121
596726,596847,596861,14,121
596726,596858,596861,3,132
596726,596858,596861,3,132
596726,596847,596861,14,121
596726,596848,596862,14,122
596726,596852,596863,11,126
596726,596854,596862,8,128
596726,596858,596862,4,132
596726,596861,596864,3,135
596726,596861,596864,3,135
596726,596861,596865,4,135
596726,596856,596865,9,130
596726,596861,596864,3,135
596726,596861,596866,5,135
596726,596854,596865,11,128
596726,596857,596865,8,131
596726,596857,596865,8,131
596726,596857,596866,9,131
596726,596858,596866,8,132
596398,596550,596867,317,152
596726,596864,596868,4,138
596726,596864,596867,3,138
596726,596863,596868,5,137
596726,596857,596868,11,131
596726,596857,596867,10,131
596726,596862,596867,5,136
596726,596865,596868,3,139
596726,596864,596869,5,138
596726,596865,596869,4,139
596726,596865,596868,3,139
596726,596866,596869,3,140
596726,596864,596869,5,138
596726,596866,596870,4,140
596726,596866,596871,5,140
596726,596868,596871,3,142
596726,596866,596871,5,140
596726,596869,596871,2,143
596726,596866,596871,5,140
596726,596867,596871,4,141
596726,596868,596872,4,142
596726,596868,596872,4,142
596726,596868,596872,4,142
596726,596868,596872,4,142
596726,596869,596872,3,143
596726,596867,596871,4,141
596726,596869,596872,3,143
596726,596868,596872,4,142
596726,596869,596873,4,143
596726,596871,596873,2,145
596726,596871,596872,1,145
596726,596868,596872,4,142
596737,596872,596874,2,135
596737,596872,596874,2,135
596737,596872,596874,2,135
596726,596870,596873,3,144
596726,596870,596873,3,144
596737,596872,596874,2,135
596737,596871,596874,3,134
596726,596871,596873,2,145
596737,596872,596874,2,135
596737,596872,596875,3,135
596737,596871,596874,3,134
596737,596873,596877,4,136
596284,596435,596878,443,151
596737,596873,596879,6,136
596737,596873,596884,11,136
596737,596874,596885,11,137
596737,596873,596885,12,136
596737,596873,596884,11,136
596737,596874,596884,10,137
596737,596873,596885,12,136
596737,596874,596886,12,137
596737,596874,596886,12,137
596737,596874,596887,13,137
596737,596874,596887,13,137
596737,596875,596887,12,138
596737,596874,596886,12,137
596737,596875,596887,12,138
596737,596874,596887,13,137
596737,596874,596887,13,137
596737,596877,596890,13,140
596737,596885,596892,7,148
596737,596878,596892,14,141
596737,596884,596892,8,147
596737,596885,596893,8,148
596737,596885,596893,8,148
596737,596880,596893,13,143
596737,596885,596893,8,148
596737,596888,596894,6,151
596737,596887,596894,7,150
596737,596886,596894,8,149
596737,596886,596894,8,149
596737,596887,596895,8,150
596737,596887,596894,7,150
596737,596887,596895,8,150
596737,596888,596894,6,151
596737,596887,596894,7,150
596737,596885,596895,10,148
596737,596895,596897,2,158
596737,596890,596897,7,153
596737,596895,596898,3,158
596737,596893,596898,5,156
596737,596895,596898,3,158
596737,596896,596898,2,159
596737,596895,596897,2,158
596737,596892,596899,7,155
596737,596893,596898,5,156
596737,596893,596899,6,156
596737,596894,596899,5,157
596737,596894,596899,5,157
596737,596893,596899,6,156
596737,596894,596900,6,157
596737,596893,596899,6,156
596737,596895,596900,5,158
596737,596892,596899,7,155
596737,596894,596901,7,157
596737,596898,596901,3,161
596737,596899,596901,2,162
596737,596899,596901,2,162
596737,596898,596901,3,161
596737,596897,596900,3,160
596737,596898,596901,3,161
596737,596898,596901,3,161
596737,596899,596902,3,162
596737,596899,596902,3,162
596737,596899,596901,2,162
596737,596898,596901,3,161
596737,596900,596902,2,163
596737,596897,596903,6,160
596737,596900,596903,3,163
596756,596901,596903,2,145
596756,596901,596903,2,145
596756,596901,596903,2,145
596756,596901,596902,1,145
596756,596900,596903,3,144
596756,596901,596904,3,145
596756,596901,596904,3,145
596756,596901,596903,2,145
596756,596901,596904,3,145
596756,596902,596907,5,146
596756,596902,596911,9,146
596756,596902,596912,10,146
596756,596903,596912,9,147
596756,596903,596913,10,147
596756,596902,596913,11,146
596756,596903,596913,10,147
596756,596903,596914,11,147
596756,596902,596915,13,146
596756,596903,596914,11,147
596756,596904,596915,11,148
596756,596905,596916,11,149
596756,596902,596915,13,146
596756,596903,596916,13,147
596756,596903,596916,13,147
596756,596907,596917,10,151
596756,596904,596916,12,148
596756,596904,596918,14,148
596756,596916,596919,3,160
596756,596915,596919,4,159
596756,596916,596919,3,160
596756,596916,596920,4,160
596756,596915,596920,5,159
596756,596916,596921,5,160
596756,596911,596921,10,155
596756,596912,596920,8,156
596756,596913,596921,8,157
596756,596912,596921,9,156
596756,596913,596922,9,157
596756,596913,596923,10,157
596756,596917,596922,5,161
596756,596914,596923,9,158
596756,596918,596922,4,162
596756,596917,596923,6,161
596756,596921,596924,3,165
596756,596915,596923,8,159
596756,596919,596925,6,163
596756,596920,596925,5,164
596756,596921,596925,4,165
596756,596919,596925,6,163
596756,596919,596924,5,163
596756,596921,596925,4,165
596756,596920,596926,6,164
596756,596922,596926,4,166
596756,596921,596925,4,165
596756,596923,596927,4,167
596756,596923,596927,4,167
596756,596923,596928,5,167
596756,596923,596928,5,167
596756,596924,596927,3,168
596756,596925,596928,3,169
596756,596923,596928,5,167
596756,596925,596929,4,169
596756,596925,596929,4,169
596756,596926,596929,3,170
596756,596925,596928,3,169
596756,596924,596928,4,168
596756,596925,596928,3,169
596756,596927,596929,2,171
596756,596924,596928,4,168
596756,596925,596928,3,169
596756,596926,596929,3,170
596307,596462,596930,468,155
596756,596928,596930,2,172
596756,596927,596929,2,171
596758,596928,596931,3,170
596756,596928,596931,3,172
596756,596928,596930,2,172
596758,596929,596931,2,171
596758,596929,596930,1,171
596758,596929,596932,3,171
596758,596929,596932,3,171
596758,596929,596931,2,171
596758,596929,596932,3,171
596758,596929,596933,4,171
596758,596929,596933,4,171
596758,596929,596934,5,171
596758,596929,596937,8,171
596758,596930,596941,11,172
596758,596930,596941,11,172
596758,596930,596942,12,172
596758,596932,596942,10,174
596758,596931,596942,11,173
596758,596930,596942,12,172
596758,596932,596941,9,174
596758,596931,596942,11,173
596758,596933,596943,10,175
596758,596932,596944,12,174
596758,596932,596944,12,174
596758,596934,596944,10,176
596758,596931,596943,12,173
596758,596934,596945,11,176
596758,596932,596945,13,174
596758,596932,596944,12,174
596308,596492,596947,455,184
596758,596943,596947,4,185
596758,596944,596947,3,186
596758,596942,596948,6,184
596758,596937,596948,11,179
596758,596944,596947,3,186
596758,596944,596947,3,186
596758,596944,596948,4,186
596758,596942,596949,7,184
596758,596945,596950,5,187
596758,596945,596950,5,187
596758,596942,596950,8,184
596758,596941,596950,9,183
596758,596942,596951,9,184
596758,596945,596951,6,187
596758,596941,596951,10,183
596758,596942,596951,9,184
596758,596947,596952,5,189
596758,596942,596952,10,184
596758,596949,596952,3,191
596758,596948,596953,5,190
596758,596948,596952,4,190
596758,596948,596953,5,190
596758,596948,596952,4,190
596758,596950,596953,3,192
596758,596947,596953,6,189
596758,596950,596953,3,192
596758,596950,596955,5,192
596758,596947,596953,6,189
596758,596950,596954,4,192
596758,596948,596955,7,190
596758,596951,596955,4,193
596758,596952,596956,4,194
596758,596951,596956,5,193
596758,596951,596956,5,193
596758,596952,596956,4,194
596758,596953,596956,3,195
596758,596953,596956,3,195
596758,596952,596955,3,194
596758,596953,596956,3,195
596758,596955,596957,2,197
596758,596953,596957,4,195
596758,596952,596957,5,194
596758,596953,596956,3,195
596858,596956,596958,2,98
596758,596954,596958,4,196
596758,596955,596958,3,197
596758,596955,596958,3,197
596758,596955,596958,3,197
596858,596956,596958,2,98
596858,596956,596959,3,98
596858,596956,596959,3,98
596758,596955,596958,3,197
596858,596956,596959,3,98
596858,596956,596959,3,98
596858,596956,596959,3,98
596858,596956,596960,4,98
596858,596957,596962,5,99
596858,596957,596966,9,99
596858,596958,596968,10,100
596858,596958,596969,11,100
596858,596957,596969,12,99
596858,596957,596970,13,99
596858,596958,596970,12,100
596858,596959,596971,12,101
596858,596958,596971,13,100
596858,596959,596971,12,101
596858,596958,596970,12,100
596858,596959,596971,12,101
596858,596959,596972,13,101
596858,596960,596972,12,102
596858,596962,596972,10,104
596858,596958,596973,15,100
596858,596960,596974,14,102
596858,596960,596974,14,102
596858,596973,596977,4,115
596858,596972,596977,5,114
596858,596969,596978,9,111
596858,596973,596978,5,115
596858,596966,596978,12,108
596858,596968,596979,11,110
596858,596969,596980,11,111
596858,596974,596980,6,116
596858,596971,596980,9,113
596858,596970,596980,10,112
596858,596971,596979,8,113
596858,596972,596980,8,114
596858,596972,596979,7,114
596858,596970,596980,10,112
596858,596977,596981,4,119
596858,596971,596982,11,113
596858,596971,596981,10,113
596858,596975,596981,6,117
596858,596979,596983,4,121
596858,596978,596983,5,120
596858,596978,596983,5,120
596858,596978,596983,5,120
596858,596977,596984,7,119
596858,596980,596984,4,122
596858,596980,596985,5,122
596858,596981,596985,4,123
596858,596980,596984,4,122
596858,596980,596985,5,122
596858,596982,596986,4,124
596858,596980,596986,6,122
596858,596983,596986,3,125
596858,596982,596986,4,124
596858,596983,596985,2,125
596858,596983,596987,4,125
596858,596982,596986,4,124
596858,596983,596987,4,125
596858,596980,596986,6,122
596858,596984,596987,3,126
596858,596980,596987,7,122
596858,596981,596986,5,123
596858,596984,596987,3,126
596858,596985,596988,3,127
596858,596986,596987,1,128
596858,596985,596987,2,127
596858,596985,596988,3,127
596858,596985,596988,3,127
596858,596986,596988,2,128
596858,596986,596988,2,128
596858,596986,596988,2,128
596868,596987,596990,3,119
596868,596987,596990,3,119
596868,596987,596990,3,119
596868,596987,596989,2,119
596868,596987,596990,3,119
596868,596988,596991,3,120
596868,596987,596991,4,119
596868,596987,596990,3,119
596868,596988,596992,4,120
596868,596988,596996,8,120
596375,596523,596998,475,148
596868,596989,596999,10,121
596868,596991,597000,9,123
596868,596989,597002,13,121
596868,596989,597002,13,121
596868,596990,597002,12,122
596868,596989,597002,13,121
596868,596991,597003,12,123
596868,596991,597003,12,123
596868,596989,597002,13,121
596868,596991,597002,11,123
596868,596992,597002,10,124
596868,596990,597004,14,122
596868,596990,597003,13,122
596868,596996,597004,8,128
596868,596991,597004,13,123
596868,596990,597004,14,122
596868,596998,597007,9,130
596868,596999,597007,8,131
596868,597003,597007,4,135
596868,597003,597007,4,135
596868,597003,597007,4,135
596868,597002,597008,6,134
596868,597002,597008,6,134
596868,597002,597007,5,134
596868,597004,597009,5,136
596868,597003,597008,5,135
596868,597003,597008,5,135
596868,597002,597009,7,134
596868,597004,597009,5,136
596868,597000,597009,9,132
596868,597004,597010,6,136
596868,597010,597012,2,142
596868,597009,597012,3,141
596868,597010,597012,2,142
596868,597009,597011,2,141
596868,597010,597012,2,142
596868,597004,597012,8,136
596868,597010,597013,3,142
596868,597007,597013,6,139
596868,597007,597013,6,139
596868,597005,597013,8,137
596868,597009,597014,5,141
596868,597007,597013,6,139
596868,597008,597014,6,140
596868,597007,597013,6,139
596868,597009,597014,5,141
596868,597012,597013,1,144
596868,597007,597014,7,139
596868,597012,597015,3,144
596868,597012,597014,2,144
596868,597008,597015,7,140
596868,597013,597015,2,145
596868,597012,597014,2,144
596868,597013,597015,2,145
596868,597014,597016,2,146
596868,597013,597016,3,145
596868,597013,597015,2,145
596868,597012,597015,3,144
596868,597014,597016,2,146
596868,597014,597016,2,146
596868,597014,597016,2,146
596868,597015,597017,2,147
596868,597014,597017,3,146
596868,597014,597016,2,146
596884,597015,597017,2,131
596884,597015,597018,3,131
596884,597015,597018,3,131
596868,597014,597017,3,146
596884,597015,597018,3,131
596884,597016,597019,3,132
596884,597015,597019,4,131
596884,597016,597018,2,132
596884,597016,597018,2,132
596884,597016,597021,5,132
596884,597016,597022,6,132
596490,596581,597023,442,91
596884,597018,597028,10,134
596884,597017,597029,12,133
596884,597017,597029,12,133
596884,597017,597030,13,133
596884,597017,597030,13,133
596884,597018,597030,12,134
596884,597017,597031,14,133
596884,597019,597031,12,135
596884,597018,597030,12,134
596884,597018,597030,12,134
596884,597018,597030,12,134
596884,597019,597031,12,135
596884,597019,597032,13,135
596884,597019,597031,12,135
596884,597022,597033,11,138
596884,597021,597035,14,137
596884,597028,597037,9,144
596884,597023,597037,14,139
596884,597032,597039,7,148
596884,597031,597039,8,147
596884,597029,597039,10,145
596884,597032,597040,8,148
596884,597030,597040,10,146
596884,597030,597040,10,146
596884,597031,597039,8,147
596884,597029,597040,11,145
596884,597030,597042,12,146
596884,597033,597042,9,149
596884,597035,597043,8,151
596884,597031,597042,11,147
596884,597031,597043,12,147
596884,597037,597044,7,153
596884,597037,597044,7,153
596884,597032,597045,13,148
596884,597031,597044,13,147
596884,597043,597045,2,159
596884,597043,597046,3,159
596884,597044,597045,1,160
596884,597041,597046,5,157
596884,597042,597046,4,158
596884,597040,597047,7,156
596884,597039,597047,8,155
596884,597040,597046,6,156
596884,597044,597047,3,160
596884,597045,597047,2,161
596884,597045,597047,2,161
596884,597040,597046,6,156
596884,597042,597048,6,158
596884,597039,597047,8,155
596884,597045,597048,3,161
596884,597046,597048,2,162
596884,597041,597048,7,157
596884,597043,597047,4,159
596884,597046,597048,2,162
596884,597046,597049,3,162
596884,597039,597048,9,155
596884,597046,597049,3,162
596884,597047,597050,3,163
596884,597047,597050,3,163
596884,597047,597050,3,163
596884,597047,597050,3,163
596930,597048,597050,2,118
596884,597047,597050,3,163
596884,597047,597050,3,163
596930,597048,597051,3,118
596884,597047,597050,3,163
596884,597048,597050,2,164
596930,597048,597052,4,118
596930,597048,597051,3,118
596930,597049,597053,4,119
596930,597049,597052,3,119
596930,597049,597053,4,119
596930,597048,597053,5,118
596930,597050,597053,3,120
596930,597051,597061,10,121
596930,597050,597062,12,120
596930,597051,597062,11,121
596930,597051,597063,12,121
596930,597051,597063,12,121
596930,597050,597064,14,120
596930,597051,597064,13,121
596930,597051,597064,13,121
596930,597052,597065,13,122
596930,597053,597065,12,123
596930,597052,597064,12,122
596930,597050,597065,15,120
596930,597053,597066,13,123
596930,597053,597066,13,123
596930,597053,597065,12,123
596930,597054,597067,13,124
596930,597066,597069,3,136
596930,597066,597069,3,136
596930,597065,597070,5,135
596930,597066,597069,3,136
596930,597061,597071,10,131
596930,597062,597071,9,132
596930,597062,597072,10,132
596930,597066,597071,5,136
596930,597063,597072,9,133
596930,597065,597073,8,135
596930,597065,597074,9,135
596930,597064,597073,9,134
596930,597064,597075,11,134
596930,597064,597075,11,134
596930,597063,597074,11,133
596930,597068,597075,7,138
596930,597071,597076,5,141
596930,597070,597077,7,140
596930,597069,597076,7,139
596930,597071,597077,6,141
596930,597076,597078,2,146
596930,597075,597078,3,145
596930,597069,597078,9,139
596930,597074,597078,4,144
596930,597070,597079,9,140
596930,597072,597079,7,142
596930,597078,597079,1,148
596930,597077,597079,2,147
596930,597076,597078,2,146
596930,597074,597080,6,144
596930,597075,597080,5,145
596930,597077,597080,3,147
596930,597074,597079,5,144
596930,597078,597079,1,148
596930,597072,597079,7,142
596930,597078,597081,3,148
596930,597075,597081,6,145
596930,597079,597081,2,149
596930,597078,597080,2,148
596930,597078,597080,2,148
596930,597073,597080,7,143
596930,597079,597082,3,149
596930,597080,597082,2,150
596930,597079,597081,2,149
596930,597080,597083,3,150
596930,597080,597083,3,150
596930,597079,597083,4,149
596948,597081,597083,2,133
596930,597080,597083,3,150
596930,597079,597083,4,149
596948,597081,597083,2,133
596930,597080,597084,4,150
596948,597082,597084,2,134
596948,597082,597084,2,134
596948,597082,597085,3,134
596643,596739,597085,346,96
596948,597081,597085,4,133
596948,597081,597084,3,133
596520,596614,597084,470,94
596948,597081,597084,3,133
596948,597082,597088,6,134
596663,596764,597092,328,101
596948,597083,597092,9,135
596948,597083,597094,11,135
596948,597085,597095,10,137
596948,597084,597095,11,136
596948,597086,597095,9,138
596948,597083,597096,13,135
596948,597083,597095,12,135
596948,597085,597096,11,137
596948,597083,597096,13,135
596948,597085,597096,11,137
596948,597085,597097,12,137
596948,597083,597096,13,135
596948,597084,597096,12,136
596948,597083,597098,15,135
596948,597088,597099,11,140
596948,597085,597099,14,137
596948,597084,597098,14,136
596948,597096,597100,4,148
596948,597097,597100,3,149
596948,597096,597100,4,148
596948,597096,597101,5,148
596948,597092,597101,9,144
596948,597097,597101,4,149
596948,597097,597102,5,149
596948,597092,597102,10,144
596948,597095,597102,7,147
596948,597096,597101,5,148
596948,597094,597102,8,146
596948,597095,597104,9,147
596948,597098,597104,6,150
596948,597097,597104,7,149
596948,597099,597105,6,151
596948,597103,597106,3,155
596948,597095,597106,11,147
596948,597104,597106,2,156
596948,597104,597105,1,156
596948,597101,597107,6,153
596948,597104,597106,2,156
596948,597100,597106,6,152
596948,597101,597107,6,153
596948,597105,597107,2,157
596948,597100,597107,7,152
596948,597099,597106,7,151
596948,597100,597107,7,152
596948,597106,597108,2,158
596948,597099,597108,9,151
596948,597101,597108,7,153
596948,597102,597108,6,154
596948,597103,597108,5,155
596948,597106,597107,1,158
596948,597106,597109,3,158
596948,597107,597109,2,159
596948,597107,597108,1,159
596948,597102,597108,6,154
596948,597106,597108,2,158
596948,597107,597109,2,159
596948,597108,597110,2,160
596948,597107,597109,2,159
596948,597103,597109,6,155
596948,597107,597109,2,159
596948,597107,597109,2,159
597001,597108,597110,2,107
597001,597109,597111,2,108
597001,597109,597110,1,108
596948,597108,597111,3,160
596948,597108,597111,3,160
596948,597107,597111,4,159
596948,597107,597110,3,159
597001,597109,597111,2,108
597001,597109,597112,3,108
597001,597109,597111,2,108
597001,597109,597112,3,108
597001,597110,597112,2,109
596948,597108,597112,4,160
596678,596790,597113,323,112
597001,597110,597115,5,109
596548,596649,597116,467,101
597001,597110,597118,8,109
597001,597112,597122,10,111
597001,597111,597121,10,110
597001,597111,597122,11,110
597001,597111,597121,10,110
597001,597112,597121,9,111
597001,597110,597122,12,109
597001,597114,597123,9,113
597001,597110,597123,13,109
597001,597111,597124,13,110
597001,597113,597124,11,112
597001,597111,597124,13,110
597001,597112,597124,12,111
597001,597111,597123,12,110
597001,597111,597124,13,110
597001,597115,597125,10,114
597001,597112,597124,12,111
597001,597122,597125,3,121
597001,597112,597125,13,111
597001,597122,597126,4,121
597001,597116,597125,9,115
597001,597123,597126,3,122
597001,597123,597127,4,122
597001,597122,597127,5,121
597001,597122,597127,5,121
597001,597118,597128,10,117
597001,597124,597128,4,123
597001,597122,597127,5,121
597001,597124,597129,5,123
597001,597124,597129,5,123
597001,597128,597130,2,127
597001,597124,597130,6,123
597001,597122,597131,9,121
597001,597128,597131,3,127
597001,597125,597131,6,124
597001,597127,597131,4,126
597001,597124,597131,7,123
597001,597126,597132,6,125
597001,597130,597131,1,129
597001,597128,597132,4,127
597001,597125,597132,7,124
597001,597129,597132,3,128
597001,597128,597131,3,127
597001,597127,597133,6,126
597001,597131,597133,2,130
597001,597125,597132,7,124
597001,597127,597133,6,126
597001,597125,597132,7,124
597001,597127,597132,5,126
597001,597130,597133,3,129
597001,597129,597132,3,128
597001,597131,597132,1,130
597001,597132,597133,1,131
597001,597131,597133,2,130
597001,597132,597133,1,131
597001,597131,597133,2,130
597001,597126,597133,7,125
597001,597132,597134,2,131
597028,597133,597135,2,105
597001,597132,597135,3,131
597001,597133,597135,2,132
597001,597131,597134,3,130
597001,597132,597135,3,131
597001,597132,597134,2,131
597001,597133,597134,1,132
597028,597133,597135,2,105
597028,597134,597136,2,106
597028,597133,597136,3,105
597028,597133,597135,2,105
597001,597133,597135,2,132
597028,597133,597135,2,105
597001,597133,597136,3,132
597028,597134,597137,3,106
597028,597134,597138,4,106
597028,597134,597137,3,106
597028,597134,597141,7,106
597028,597135,597145,10,107
597028,597136,597146,10,108
597028,597136,597146,10,108
597028,597137,597146,9,109
597028,597136,597146,10,108
597028,597135,597147,12,107
597028,597136,597146,10,108
597028,597135,597148,13,107
597028,597135,597148,13,107
597028,597135,597148,13,107
597028,597138,597148,10,110
597028,597136,597148,12,108
597028,597136,597148,12,108
597028,597137,597148,11,109
597028,597136,597149,13,108
596579,596682,597148,466,103
597028,597137,597148,11,109
597028,597138,597150,12,110
597028,597141,597151,10,113
597028,597146,597151,5,118
597028,597148,597151,3,120
597028,597146,597151,5,118
597028,597147,597152,5,119
597028,597145,597152,7,117
597028,597146,597151,5,118
597028,597148,597152,4,120
597028,597148,597153,5,120
597028,597148,597153,5,120
597028,597147,597153,6,119
597028,597148,597153,5,120
597028,597148,597152,4,120
597028,597152,597153,1,124
597028,597152,597154,2,124
597028,597152,597154,2,124
597028,597152,597154,2,124
597028,597148,597155,7,120
597028,597153,597155,2,125
597028,597149,597154,5,121
597028,597153,597155,2,125
597028,597149,597155,6,121
597028,597154,597156,2,126
597028,597153,597156,3,125
597028,597151,597156,5,123
597028,597154,597155,1,126
597028,597154,597155,1,126
597028,597154,597156,2,126
597028,597153,597155,2,125
597028,597149,597156,7,121
597028,597153,597157,4,125
597028,597151,597156,5,123
597028,597155,597157,2,127
597028,597155,597157,2,127
597028,597151,597157,6,123
597028,597156,597158,2,128
597028,597151,597158,7,123
597028,597155,597158,3,127
597028,597156,597157,1,128
597028,597149,597157,8,121
597028,597155,597157,2,127
597028,597156,597157,1,128
597028,597156,597158,2,128
597028,597156,597159,3,128
597095,597157,597159,2,62
597028,597156,597158,2,128
597028,597156,597159,3,128
597028,597150,597158,8,122
597028,597156,597158,2,128
597095,597157,597160,3,62
597095,597157,597160,3,62
597095,597158,597160,2,63
597095,597158,597161,3,63
597095,597157,597160,3,62
597095,597158,597160,2,63
597095,597158,597160,2,63
597095,597158,597161,3,63
597095,597158,597164,6,63
597095,597158,597167,9,63
597095,597158,597169,11,63
597095,597159,597170,11,64
597095,597158,597169,11,63
597095,597159,597169,10,64
597095,597160,597170,10,65
597095,597161,597171,10,66
597095,597160,597171,11,65
597095,597159,597171,12,64
597095,597161,597170,9,66
597095,597159,597172,13,64
597095,597160,597171,11,65
597095,597161,597172,11,66
597095,597159,597172,13,64
597095,597164,597174,10,69
597095,597162,597174,12,67
597095,597162,597174,12,67
597095,597170,597174,4,75
597095,597169,597175,6,74
596629,596712,597174,462,83
597095,597159,597174,15,64
597095,597171,597175,4,76
597095,597172,597174,2,77
597095,597167,597176,9,72
597095,597171,597176,5,76
597095,597171,597176,5,76
597095,597171,597176,5,76
597095,597170,597175,5,75
597095,597171,597175,4,76
597095,597172,597177,5,77
597095,597176,597177,1,81
597095,597172,597176,4,77
597095,597176,597178,2,81
597095,597175,597178,3,80
597095,597172,597177,5,77
597095,597176,597178,2,81
597095,597176,597178,2,81
597095,597176,597178,2,81
597095,597175,597178,3,80
597095,597177,597178,1,82
597095,597177,597178,1,82
597095,597177,597178,1,82
597095,597174,597180,6,79
597095,597175,597180,5,80
597095,597177,597179,2,82
597095,597177,597180,3,82
597095,597174,597179,5,79
597095,597178,597180,2,83
597095,597174,597180,6,79
597095,597174,597180,6,79
597095,597174,597179,5,79
597095,597179,597180,1,84
597095,597179,597181,2,84
597095,597178,597181,3,83
597095,597179,597181,2,84
597095,597175,597180,5,80
597095,597178,597180,2,83
597095,597178,597181,3,83
597095,597179,597181,2,84
597095,597178,597181,3,83
597095,597178,597181,3,83
597095,597180,597183,3,85
597095,597180,597182,2,85
597095,597181,597183,2,86
597095,597180,597183,3,85
597095,597180,597183,3,85
597095,597180,597182,2,85
597095,597180,597182,2,85
597095,597180,597182,2,85
597095,597181,597182,1,86
597095,597181,597184,3,86
597095,597180,597184,4,85
597095,597180,597183,3,85
597095,597181,597184,3,86
597095,597181,597185,4,86
597095,597181,597187,6,86
597095,597181,597190,9,86
597095,597182,597191,9,87
597095,597184,597192,8,89
597095,597183,597193,10,88
597095,597184,597193,9,89
597095,597184,597193,9,89
597095,597182,597194,12,87
597095,597183,597194,11,88
597095,597184,597193,9,89
597095,597183,597195,12,88
597095,597183,597195,12,88
597095,597183,597195,12,88
597095,597183,597195,12,88
597095,597184,597196,12,89
597095,597184,597195,11,89
597095,597183,597196,13,88
597095,597185,597195,10,90
597095,597191,597196,5,96
597095,597182,597197,15,87
597095,597187,597197,10,92
597095,597193,597198,5,98
597095,597193,597198,5,98
597095,597192,597197,5,97
597095,597193,597198,5,98
597095,597190,597198,8,95
597095,597194,597200,6,99
597095,597194,597200,6,99
597095,597194,597200,6,99
597095,597199,597201,2,104
597095,597198,597200,2,103
597095,597200,597201,1,105
597095,597198,597200,2,103
597095,597199,597202,3,104
597095,597197,597202,5,102
597095,597200,597201,1,105
597095,597195,597202,7,100
597095,597195,597202,7,100
597095,597195,597202,7,100
597095,597200,597202,2,105
597095,597201,597203,2,106
597095,597201,597203,2,106
597095,597195,597203,8,100
597095,597198,597202,4,103
597095,597196,597202,6,101
597095,597197,597202,5,102
597095,597198,597202,4,103
597095,597196,597204,8,101
597095,597196,597204,8,101
597095,597201,597203,2,106
597095,597197,597203,6,102
597095,597202,597204,2,107
597095,597202,597203,1,107
597095,597202,597203,1,107
597095,597203,597204,1,108
597095,597202,597204,2,107
597095,597201,597203,2,106
597095,597202,597204,2,107
597095,597202,597205,3,107
596727,596871,597204,333,144
597095,597202,597204,2,107
597095,597203,597204,1,108
597095,597203,597205,2,108
597095,597203,597206,3,108
597095,597203,597206,3,108
597095,597203,597206,3,108
597096,597204,597206,2,108
597095,597203,597207,4,108
597096,597204,597206,2,108
597096,597204,597206,2,108
597096,597204,597206,2,108
597096,597204,597208,4,108
597096,597204,597207,3,108
597096,597204,597207,3,108
597096,597204,597207,3,108
597096,597204,597208,4,108
597096,597204,597212,8,108
597096,597205,597214,9,109
597096,597205,597216,11,109
597096,597206,597216,10,110
597096,597206,597217,11,110
597096,597206,597216,10,110
597096,597207,597217,10,111
597096,597206,597217,11,110
597096,597206,597218,12,110
597096,597208,597218,10,112
597096,597207,597218,11,111
597096,597207,597218,11,111
597096,597205,597218,13,109
597096,597209,597218,9,113
597096,597206,597218,12,110
597096,597208,597218,10,112
597096,597207,597220,13,111
597096,597208,597220,12,112
597096,597208,597219,11,112
597096,597216,597221,5,120
597096,597216,597221,5,120
597096,597214,597222,8,118
597096,597212,597222,10,116
597096,597217,597223,6,121
597096,597217,597222,5,121
597096,597217,597222,5,121
597096,597221,597224,3,125
597096,597218,597223,5,122
597096,597217,597225,8,121
597096,597222,597225,3,126
597096,597218,597224,6,122
597096,597222,597225,3,126
597096,597222,597225,3,126
597096,597224,597226,2,128
597096,597224,597226,2,128
597096,597218,597226,8,122
597096,597219,597226,7,123
597096,597218,597226,8,122
597096,597223,597226,3,127
597096,597223,597226,3,127
597096,597225,597226,1,129
597096,597219,597226,7,123
597096,597221,597227,6,125
597096,597223,597226,3,127
597096,597218,597227,9,122
597096,597225,597226,1,129
597096,597225,597226,1,129
597096,597226,597227,1,130
597096,597221,597227,6,125
597096,597225,597227,2,129
597096,597219,597227,8,123
597096,597226,597228,2,130
597096,597226,597227,1,130
597096,597227,597228,1,131
597096,597225,597227,2,129
597096,597226,597229,3,130
597096,597227,597229,2,131
597096,597227,597229,2,131
597096,597227,597228,1,131
597096,597227,597228,1,131
597096,597226,597228,2,130
597096,597227,597229,2,131
597096,597220,597229,9,124
597096,597227,597229,2,131
597096,597227,597230,3,131
597124,597228,597229,1,104
597124,597228,597230,2,104
597124,597228,597230,2,104
597096,597227,597229,2,131
597124,597228,597231,3,104
597124,597228,597231,3,104
597124,597227,597230,3,103
597124,597229,597232,3,105
597124,597229,597231,2,105
597124,597229,597233,4,105
597124,597229,597234,5,105
597124,597229,597236,7,105
596757,596928,597237,309,171
597124,597230,597240,10,106
597124,597229,597241,12,105
597124,597230,597241,11,106
597124,597233,597241,8,109
597124,597229,597241,12,105
597124,597230,597242,12,106
597124,597230,597242,12,106
597124,597231,597242,11,107
597124,597233,597242,9,109
597124,597232,597243,11,108
597124,597230,597242,12,106
597124,597232,597243,11,108
597124,597234,597243,9,110
597124,597230,597242,12,106
597124,597229,597243,14,105
597124,597236,597244,8,112
597124,597240,597245,5,116
597124,597241,597245,4,117
597124,597231,597246,15,107
597124,597241,597245,4,117
597124,597241,597246,5,117
597124,597237,597245,8,113
597124,597242,597247,5,118
597124,597242,597247,5,118
597124,597242,597247,5,118
597124,597246,597248,2,122
597124,597246,597248,2,122
597124,597242,597247,5,118
597124,597246,597247,1,122
597124,597243,597249,6,119
597124,597243,597249,6,119
597124,597245,597248,3,121
597124,597248,597249,1,124
597124,597246,597248,2,122
597124,597247,597249,2,123
597124,597243,597248,5,119
597124,597247,597248,1,123
597124,597243,597250,7,119
597124,597245,597249,4,121
597124,597244,597250,6,120
597124,597248,597250,2,124
597124,597249,597251,2,125
597124,597249,597250,1,125
597124,597245,597251,6,121
597124,597248,597250,2,124
597124,597247,597250,3,123
597124,597249,597251,2,125
597124,597243,597251,8,119
597124,597249,597251,2,125
597124,597249,597251,2,125
597124,597249,597252,3,125
597124,597248,597251,3,124
597124,597249,597252,3,125
597124,597250,597251,1,126
597124,597250,597251,1,126
597124,597249,597253,4,125
597124,597250,597253,3,126
597124,597251,597253,2,127
597124,597251,597253,2,127
597124,597245,597253,8,121
597124,597251,597253,2,127
597124,597251,597254,3,127
597124,597250,597253,3,126
597124,597251,597253,2,127
597124,597251,597254,3,127
597124,597251,597253,2,127
597124,597251,597255,4,127
597124,597252,597255,3,128
597124,597251,597254,3,127
597124,597252,597256,4,128
597124,597252,597256,4,128
597124,597252,597257,5,128
597124,597252,597256,4,128
597124,597253,597261,8,129
597124,597253,597263,10,129
597124,597253,597263,10,129
597124,597253,597264,11,129
597124,597253,597264,11,129
597124,597254,597265,11,130
597124,597256,597264,8,132
597124,597255,597265,10,131
597124,597254,597266,12,130
597124,597257,597266,9,133
597124,597257,597266,9,133
597124,597255,597266,11,131
597124,597254,597266,12,130
597124,597254,597267,13,130
597124,597255,597267,12,131
597124,597254,597266,12,130
597124,597253,597268,15,129
597124,597256,597267,11,132
597124,597264,597270,6,140
597124,597265,597270,5,141
597124,597264,597271,7,140
597124,597261,597271,10,137
597124,597264,597271,7,140
597124,597265,597271,6,141
597124,597266,597271,5,142
597124,597263,597272,9,139
597124,597266,597272,6,142
597124,597266,597273,7,142
597124,597267,597273,6,143
597124,597266,597273,7,142
597124,597265,597272,7,141
597124,597272,597274,2,148
597124,597271,597274,3,147
597124,597272,597275,3,148
597124,597272,597275,3,148
597124,597271,597275,4,147
597124,597266,597274,8,142
597124,597271,597275,4,147
597124,597267,597275,8,143
597124,597267,597275,8,143
597124,597270,597274,4,146
597124,597273,597275,2,149
597124,597272,597275,3,148
597124,597273,597275,2,149
597124,597273,597276,3,149
597124,597268,597276,8,144
597124,597272,597276,4,148
597124,597274,597275,1,150
597124,597275,597276,1,151
597124,597275,597276,1,151
597124,597273,597275,2,149
597124,597268,597277,9,144
597124,597275,597277,2,151
597124,597275,597277,2,151
597124,597275,597277,2,151
597124,597275,597278,3,151
597124,597275,597278,3,151
597124,597275,597278,3,151
597124,597276,597278,2,152
597124,597275,597277,2,151
597124,597275,597277,2,151
597124,597275,597277,2,151
597124,597276,597279,3,152
597124,597275,597278,3,151
597124,597276,597278,2,152
597149,597277,597278,1,128
597149,597277,597279,2,128
597149,597276,597280,4,127
597124,597276,597279,3,152
596685,596816,597279,463,131
597149,597277,597279,2,128
597149,597277,597279,2,128
597149,597278,597280,2,129
597149,597278,597280,2,129
597149,597278,597282,4,129
597149,597278,597281,3,129
597149,597278,597284,6,129
597149,597278,597288,10,129
597149,597279,597289,10,130
597149,597279,597289,10,130
597149,597279,597290,11,130
597149,597279,597290,11,130
596713,596843,597291,448,130
597149,597280,597290,10,131
597149,597279,597292,13,130
597149,597280,597292,12,131
597149,597280,597292,12,131
597149,597279,597291,12,130
597149,597281,597292,11,132
597149,597282,597292,10,133
597149,597280,597292,12,131
597149,597280,597293,13,131
597149,597282,597293,11,133
597149,597284,597293,9,135
597149,597290,597295,5,141
597149,597291,597295,4,142
597149,597281,597295,14,132
597149,597290,597296,6,141
597149,597289,597297,8,140
597149,597289,597297,8,140
597149,597292,597297,5,143
597149,597292,597297,5,143
597149,597292,597297,5,143
597149,597291,597297,6,142
597149,597292,597297,5,143
597149,597292,597299,7,143
597149,597288,597299,11,139
597149,597297,597299,2,148
597149,597292,597299,7,143
597149,597297,597298,1,148
597149,597297,597298,1,148
597149,597297,597300,3,148
597149,597295,597300,5,146
597149,597297,597300,3,148
597149,597297,597300,3,148
597149,597293,597300,7,144
597149,597299,597301,2,150
597149,597298,597300,2,149
597149,597299,597301,2,150
597149,597295,597300,5,146
597149,597300,597301,1,151
597149,597295,597301,6,146
597149,597299,597301,2,150
597149,597292,597300,8,143
597149,597300,597302,2,151
597149,597300,597302,2,151
597149,597294,597301,7,145
597149,597294,597301,7,145
597149,597300,597301,1,151
597149,597300,597301,1,151
597149,597299,597302,3,150
597149,597300,597303,3,151
597149,597296,597303,7,147
597149,597301,597302,1,152
597149,597301,597303,2,152
597149,597301,597303,2,152
597149,597301,597304,3,152
597149,597301,597303,2,152
597149,597301,597303,2,152
597149,597301,597304,3,152
597149,597301,597303,2,152
597149,597302,597304,2,153
596859,596986,597305,319,127
597175,597303,597304,1,128
597175,597303,597304,1,128
597149,597301,597304,3,152
597175,597303,597305,2,128
597175,597303,597306,3,128
597175,597303,597306,3,128
597175,597303,597305,2,128
597175,597303,597305,2,128
597175,597303,597307,4,128
597175,597302,597306,4,127
597175,597303,597310,7,128
597175,597304,597312,8,129
597175,597304,597314,10,129
597175,597304,597315,11,129
597175,597305,597315,10,130
597175,597305,597315,10,130
597175,597304,597316,12,129
597175,597305,597316,11,130
597175,597307,597316,9,132
597175,597304,597316,12,129
597175,597305,597316,11,130
597175,597304,597317,13,129
597175,597305,597317,12,130
597175,597306,597318,12,131
597175,597306,597317,11,131
597175,597307,597318,11,132
597175,597306,597317,11,131
597175,597310,597319,9,135
597175,597307,597318,11,132
597175,597315,597320,5,140
597175,597315,597320,5,140
597175,597316,597321,5,141
597175,597312,597321,9,137
597175,597315,597322,7,140
597175,597316,597321,5,141
597175,597316,597322,6,141
597175,597317,597322,5,142
597175,597322,597323,1,147
597175,597317,597324,7,142
597175,597317,597324,7,142
597175,597314,597324,10,139
597175,597316,597324,8,141
597175,597322,597324,2,147
597175,597320,597324,4,145
597175,597318,597324,6,143
597175,597318,597325,7,143
597175,597319,597325,6,144
597175,597318,597325,7,143
597175,597319,597325,6,144
597175,597323,597325,2,148
597175,597321,597324,3,146
597175,597324,597326,2,149
597175,597320,597325,5,145
597175,597323,597325,2,148
597175,597325,597326,1,150
597175,597318,597325,7,143
597175,597322,597325,3,147
597175,597324,597326,2,149
597175,597325,597327,2,150
597175,597324,597326,2,149
597175,597326,597327,1,151
597175,597324,597327,3,149
597175,597324,597326,2,149
597175,597325,597327,2,150
597175,597321,597326,5,146
597175,597325,597327,2,150
597175,597324,597326,2,149
597175,597325,597327,2,150
597175,597325,597327,2,150
597175,597326,597328,2,151
597175,597326,597328,2,151
597175,597326,597329,3,151
597205,597327,597329,2,122
597175,597327,597329,2,152
597175,597326,597328,2,151
597175,597326,597328,2,151
597205,597327,597330,3,122
597175,597326,597329,3,151
597205,597327,597330,3,122
597205,597327,597329,2,122
597205,597327,597330,3,122
597205,597327,597331,4,122
597205,597327,597330,3,122
597205,597327,597330,3,122
597205,597327,597332,5,122
597205,597328,597335,7,123
597205,597328,597338,10,123
597205,597330,597339,9,125
597205,597329,597339,10,124
597205,597330,597340,10,125
597205,597328,597340,12,123
597205,597329,597341,12,124
597205,597330,597341,11,125
597205,597329,597341,12,124
597205,597330,597341,11,125
597205,597330,597342,12,125
597205,597330,597342,12,125
597205,597332,597343,11,127
597205,597332,597344,12,127
597205,597331,597343,12,126
597205,597331,597344,13,126
597205,597331,597345,14,126
596738,596900,597347,447,162
597205,597335,597348,13,130
597205,597338,597348,10,133
597205,597340,597349,9,135
597205,597342,597349,7,137
597205,597339,597350,11,134
597205,597339,597349,10,134
597205,597343,597351,8,138
597205,597341,597350,9,136
597205,597344,597351,7,139
597205,597340,597352,12,135
597205,597344,597352,8,139
597205,597350,597352,2,145
597205,597351,597353,2,146
597205,597341,597352,11,136
597205,597342,597352,10,137
597205,597345,597352,7,140
597205,597341,597354,13,136
597205,597348,597353,5,143
597205,597350,597353,3,145
597205,597351,597354,3,146
597205,597345,597354,9,140
597205,597352,597354,2,147
597205,597341,597354,13,136
597205,597347,597355,8,142
597205,597351,597354,3,146
597205,597352,597355,3,147
597205,597349,597354,5,144
597205,597353,597355,2,148
597205,597348,597355,7,143
597205,597349,597355,6,144
597205,597354,597357,3,149
597205,597354,597357,3,149
597205,597353,597356,3,148
597205,597355,597357,2,150
597205,597354,597357,3,149
597205,597355,597357,2,150
597205,597355,597358,3,150
597205,597354,597358,4,149
597205,597354,597357,3,149
597205,597355,597357,2,150
597205,597354,597359,5,149
597205,597353,597358,5,148
597205,597353,597358,5,148
597205,597353,597359,6,148
597243,597357,597359,2,114
597205,597356,597359,3,151
597205,597354,597358,4,149
597205,597355,597358,3,150
597205,597356,597358,2,151
597205,597357,597358,1,152
597243,597358,597360,2,115
597243,597357,597359,2,114
597243,597358,597361,3,115
597243,597357,597361,4,114
597243,597358,597360,2,115
597243,597358,597361,3,115
597243,597358,597361,3,115
597243,597359,597362,3,116
597243,597359,597363,4,116
597243,597359,597368,9,116
597243,597359,597368,9,116
597243,597359,597369,10,116
597243,597359,597370,11,116
597243,597359,597370,11,116
597243,597359,597370,11,116
597243,597360,597371,11,117
597243,597360,597370,10,117
597243,597359,597372,13,116
597243,597361,597371,10,118
597243,597361,597373,12,118
597243,597359,597372,13,116
597243,597361,597373,12,118
597243,597361,597373,12,118
597243,597362,597375,13,119
597243,597361,597375,14,118
597243,597364,597375,11,121
597243,597372,597378,6,129
597243,597373,597379,6,130
597243,597369,597379,10,126
597243,597373,597380,7,130
597243,597368,597379,11,125
597243,597371,597380,9,128
597243,597372,597379,7,129
597243,597373,597380,7,130
597243,597368,597380,12,125
597243,597373,597381,8,130
597243,597370,597382,12,127
597243,597375,597382,7,132
597243,597374,597383,9,131
597243,597370,597383,13,127
597243,597375,597383,8,132
597243,597380,597383,3,137
597243,597375,597382,7,132
597243,597380,597384,4,137
597243,597370,597383,13,127
597243,597380,597383,3,137
597243,597380,597385,5,137
597243,597379,597384,5,136
597243,597380,597384,4,137
597243,597383,597386,3,140
597243,597381,597386,5,138
597243,597378,597385,7,135
597243,597381,597385,4,138
597243,597382,597387,5,139
597243,597379,597386,7,136
597243,597383,597387,4,140
597243,597384,597387,3,141
597243,597385,597387,2,142
597243,597383,597387,4,140
597243,597386,597388,2,143
597243,597383,597388,5,140
597243,597383,597388,5,140
597243,597382,597388,6,139
597243,597385,597388,3,142
597243,597384,597388,4,141
597243,597384,597388,4,141
597243,597385,597389,4,142
597243,597387,597390,3,144
597243,597386,597390,4,143
597243,597387,597389,2,144
597243,597388,597389,1,145
597243,597387,597389,2,144
597243,597387,597390,3,144
597291,597388,597390,2,97
597243,597387,597390,3,144
597291,597389,597392,3,98
597291,597388,597392,4,97
597291,597388,597391,3,97
597291,597388,597391,3,97
597291,597389,597393,4,98
597291,597389,597393,4,98
597291,597389,597392,3,98
597291,597390,597395,5,99
597291,597390,597396,6,99
597291,597390,597400,10,99
597291,597390,597401,11,99
597291,597390,597402,12,99
597291,597391,597402,11,100
597291,597392,597402,10,101
597291,597392,597402,10,101
597291,597391,597403,12,100
597291,597392,597403,11,101
597291,597392,597403,11,101
597291,597392,597405,13,101
597291,597392,597405,13,101
597291,597393,597405,12,102
597291,597393,597405,12,102
597291,597395,597406,11,104
597291,597393,597407,14,102
597291,597396,597407,11,105
597291,597400,597411,11,109
597291,597401,597411,10,110
597291,597405,597412,7,114
597291,597405,597413,8,114
597291,597402,597413,11,111
597291,597402,597413,11,111
597291,597403,597413,10,112
597291,597407,597414,7,116
597291,597406,597414,8,115
597291,597406,597413,7,115
597291,597405,597414,9,114
597291,597406,597413,7,115
597291,597403,597415,12,112
597291,597408,597415,7,117
597291,597402,597414,12,111
597291,597414,597416,2,123
596758,596955,597415,460,197
597291,597404,597416,12,113
597291,597413,597416,3,122
597291,597411,597417,6,120
597291,597414,597417,3,123
597291,597413,597418,5,122
597291,597414,597418,4,123
597291,597414,597418,4,123
597291,597414,597418,4,123
597291,597414,597417,3,123
597291,597412,597417,5,121
597291,597415,597418,3,124
597291,597415,597418,3,124
597291,597416,597419,3,125
597291,597416,597418,2,125
597291,597417,597420,3,126
597291,597416,597419,3,125
597291,597416,597420,4,125
597291,597416,597420,4,125
597291,597418,597421,3,127
597291,597413,597421,8,122
597291,597413,597420,7,122
597291,597418,597421,3,127
597291,597418,597421,3,127
597291,597418,597422,4,127
597291,597418,597421,3,127
597291,597419,597422,3,128
597291,597418,597421,3,127
597291,597419,597421,2,128
597291,597420,597421,1,129
597291,597419,597421,2,128
597291,597417,597421,4,126
597291,597420,597422,2,129
597291,597419,597422,3,128
597292,597420,597424,4,128
597292,597421,597424,3,129
597292,597421,597423,2,129
597292,597421,597425,4,129
597292,597421,597426,5,129
597292,597422,597426,4,130
597292,597422,597426,4,130
597292,597421,597426,5,129
597292,597422,597426,4,130
597292,597422,597430,8,130
597292,597422,597433,11,130
597292,597422,597433,11,130
597292,597422,597433,11,130
597292,597422,597434,12,130
597292,597423,597435,12,131
597292,597422,597434,12,130
597292,597424,597436,12,132
597292,597424,597435,11,132
597292,597424,597436,12,132
597292,597426,597437,11,134
597292,597426,597438,12,134
597292,597426,597438,12,134
597292,597427,597439,12,135
597292,597427,597439,12,135
597292,597426,597439,13,134
597292,597433,597443,10,141
597292,597433,597443,10,141
597292,597430,597443,13,138
597292,597434,597444,10,142
597292,597436,597446,10,144
597292,597437,597446,9,145
597292,597439,597447,8,147
597292,597434,597447,13,142
597292,597439,597447,8,147
597292,597436,597447,11,144
597292,597435,597447,12,143
597292,597436,597448,12,144
597292,597438,597447,9,146
597292,597443,597448,5,151
597292,597439,597447,8,147
597292,597438,597449,11,146
597292,597443,597449,6,151
597292,597436,597449,13,144
597292,597448,597450,2,156
597292,597443,597451,8,151
597292,597447,597451,4,155
597292,597448,597451,3,156
597292,597445,597451,6,153
597292,597446,597451,5,154
597292,597447,597451,4,155
597292,597449,597452,3,157
597292,597447,597452,5,155
597292,597448,597451,3,156
597292,597448,597451,3,156
597292,597447,597451,4,155
597292,597449,597452,3,157
597292,597446,597452,6,154
597292,597450,597454,4,158
597292,597449,597453,4,157
597292,597452,597454,2,160
597292,597452,597454,2,160
597292,597452,597454,2,160
597292,597450,597453,3,158
597292,597452,597455,3,160
597292,597452,597455,3,160
597292,597451,597454,3,159
597292,597451,597455,4,159
597292,597452,597454,2,160
597292,597452,597456,4,160
597292,597452,597455,3,160
597292,597451,597456,5,159
597292,597452,597455,3,160
597292,597454,597455,1,162
597292,597454,597455,1,162
597292,597451,597457,6,159
597305,597454,597457,3,149
597305,597455,597457,2,150
597305,597455,597458,3,150
597305,597454,597457,3,149
597305,597455,597458,3,150
597305,597455,597459,4,150
597305,597454,597458,4,149
597305,597456,597458,2,151
597305,597455,597458,3,150
597305,597456,597460,4,151
597305,597456,597465,9,151
597305,597456,597466,10,151
597305,597457,597466,9,152
597305,597456,597467,11,151
597305,597457,597467,10,152
597305,597456,597467,11,151
597305,597458,597468,10,153
597305,597457,597468,11,152
597305,597458,597469,11,153
597305,597458,597470,12,153
597305,597459,597471,12,154
597305,597459,597471,12,154
597305,597459,597473,14,154
596869,597015,597473,458,146
597305,597459,597472,13,154
597305,597460,597472,12,155
597305,597466,597476,10,161
597305,597465,597477,12,160
597305,597471,597477,6,166
597305,597467,597477,10,162
597305,597472,597477,5,167
597305,597467,597479,12,162
597305,597468,597479,11,163
597305,597467,597478,11,162
597305,597473,597479,6,168
597305,597470,597480,10,165
597305,597469,597481,12,164
597305,597473,597480,7,168
597305,597469,597481,12,164
597305,597469,597482,13,164
597305,597477,597482,5,172
597305,597473,597484,11,168
597305,597477,597484,7,172
597305,597477,597484,7,172
597305,597479,597484,5,174
597305,597480,597484,4,175
597305,597479,597485,6,174
597305,597473,597484,11,168
597305,597476,597485,9,171
597305,597481,597486,5,176
597305,597477,597485,8,172
597305,597479,597485,6,174
597305,597479,597486,7,174
597305,597484,597487,3,179
597305,597482,597487,5,177
597305,597481,597486,5,176
597305,597485,597487,2,180
597305,597485,597488,3,180
597305,597483,597487,4,178
597305,597485,597488,3,180
597305,597484,597488,4,179
597305,597486,597489,3,181
597305,597486,597489,3,181
597305,597484,597488,4,179
597305,597481,597488,7,176
597305,597484,597488,4,179
597305,597486,597489,3,181
597305,597487,597489,2,182
597305,597488,597490,2,183
597305,597487,597490,3,182
597305,597487,597490,3,182
597305,597484,597489,5,179
597305,597486,597489,3,181
597305,597488,597491,3,183
597305,597487,597491,4,182
597305,597488,597491,3,183
597347,597489,597492,3,142
597347,597490,597492,2,143
597347,597489,597492,3,142
597347,597490,597491,1,143
597347,597490,597492,2,143
597347,597489,597492,3,142
597347,597489,597493,4,142
597347,597489,597492,3,142
597347,597489,597493,4,142
597347,597490,597498,8,143
597347,597491,597501,10,144
597347,597492,597501,9,145
597347,597490,597502,12,143
597347,597491,597502,11,144
597347,597490,597503,13,143
597347,597492,597502,10,145
597347,597492,597502,10,145
597347,597491,597503,12,144
597347,597492,597504,12,145
597347,597493,597505,12,146
597347,597493,597505,12,146
596885,597048,597506,458,163
597347,597493,597505,12,146
597347,597492,597506,14,145
597347,597494,597507,13,147
597347,597498,597511,13,151
597347,597502,597512,10,155
597347,597501,597513,12,154
597347,597504,597514,10,157
597347,597503,597514,11,156
597347,597502,597514,12,155
597347,597502,597514,12,155
597347,597505,597513,8,158
597347,597506,597514,8,159
597347,597506,597514,8,159
597347,597503,597515,12,156
597347,597507,597515,8,160
597347,597505,597515,10,158
597347,597506,597516,10,159
597347,597504,597516,12,157
597347,597505,597516,11,158
597347,597512,597517,5,165
597347,597515,597518,3,168
597347,597515,597518,3,168
597347,597511,597518,7,164
597347,597515,597519,4,168
597347,597516,597519,3,169
597347,597514,597519,5,167
597347,597514,597519,5,167
597347,597514,597520,6,167
597347,597516,597519,3,169
597347,597514,597520,6,167
597347,597514,597520,6,167
597347,597517,597521,4,170
597347,597514,597521,7,167
597347,597517,597520,3,170
597347,597513,597520,7,166
597347,597514,597521,7,167
597347,597518,597523,5,171
597347,597521,597523,2,174
597347,597518,597523,5,171
597347,597520,597522,2,173
597347,597521,597523,2,174
597347,597520,597523,3,173
597347,597518,597523,5,171
597347,597521,597524,3,174
597347,597519,597524,5,172
597347,597520,597523,3,173
597347,597519,597524,5,172
597347,597519,597523,4,172
597417,597523,597525,2,106
597347,597521,597524,3,174
597347,597523,597524,1,176
597347,597519,597524,5,172
597347,597521,597524,3,174
597347,597522,597526,4,175
597417,597523,597525,2,106
597417,597523,597525,2,106
597347,597523,597526,3,176
597417,597523,597526,3,106
597417,597524,597527,3,107
597417,597524,597527,3,107
597417,597524,597528,4,107
597417,597524,597527,3,107
597417,597525,597528,3,108
597417,597524,597527,3,107
597417,597526,597535,9,109
597417,597525,597535,10,108
597417,597525,597535,10,108
597417,597526,597536,10,109
597417,597526,597537,11,109
597417,597526,597537,11,109
597417,597525,597538,13,108
597417,597527,597538,11,110
597417,597528,597539,11,111
597417,597525,597538,13,108
597417,597527,597539,12,110
597417,597528,597540,12,111
597417,597527,597541,14,110
597417,597528,597540,12,111
597417,597528,597542,14,111
596931,597080,597545,465,149
597417,597535,597545,10,118
597417,597535,597546,11,118
597417,597540,597546,6,123
597417,597540,597546,6,123
597417,597539,597548,9,122
597417,597535,597547,12,118
597417,597539,597548,9,122
597417,597541,597549,8,124
597417,597537,597548,11,120
597417,597538,597549,11,121
597417,597537,597550,13,120
597417,597539,597551,12,122
597417,597538,597550,12,121
597417,597541,597550,9,124
597417,597546,597551,5,129
597417,597542,597551,9,125
597417,597546,597552,6,129
597417,597546,597553,7,129
597417,597549,597553,4,132
597417,597545,597554,9,128
597417,597546,597555,9,129
597417,597548,597555,7,131
597417,597549,597555,6,132
597096,597227,597555,328,131
597417,597550,597556,6,133
597417,597551,597556,5,134
597417,597549,597555,6,132
597417,597549,597556,7,132
597417,597551,597557,6,134
597417,597551,597556,5,134
597417,597552,597556,4,135
597417,597549,597556,7,132
597417,597551,597556,5,134
597417,597551,597556,5,134
597417,597553,597557,4,136
597417,597556,597558,2,139
597417,597555,597557,2,138
597417,597554,597557,3,137
597417,597554,597557,3,137
597417,597555,597557,2,138
597417,597556,597559,3,139
597417,597556,597559,3,139
597417,597555,597559,4,138
597417,597557,597559,2,140
597417,597555,597558,3,138
597417,597557,597560,3,140
597417,597557,597560,3,140
597417,597557,597560,3,140
597417,597557,597559,2,140
597473,597558,597560,2,85
597417,597557,597561,4,140
597473,597559,597560,1,86
597473,597559,597561,2,86
597417,597557,597560,3,140
597473,597558,597561,3,85
597473,597558,597561,3,85
597473,597559,597562,3,86
597473,597558,597562,4,85
597473,597559,597561,2,86
597473,597559,597563,4,86
597473,597559,597562,3,86
597473,597560,597568,8,87
597473,597560,597570,10,87
597473,597560,597571,11,87
597473,597561,597571,10,88
597473,597561,597572,11,88
597473,597561,597571,10,88
597473,597561,597573,12,88
597473,597560,597573,13,87
597473,597560,597572,12,87
597473,597561,597573,12,88
597473,597562,597574,12,89
597473,597561,597574,13,88
597473,597562,597574,12,89
597473,597563,597575,12,90
597473,597563,597575,12,90
596948,597108,597575,467,160
597473,597563,597575,12,90
597473,597568,597579,11,95
597473,597574,597580,6,101
597473,597570,597581,11,97
597473,597574,597581,7,101
597473,597571,597581,10,98
597473,597571,597581,10,98
597473,597572,597583,11,99
597473,597574,597583,9,101
597473,597574,597583,9,101
597473,597574,597584,10,101
597473,597575,597584,9,102
597473,597575,597584,9,102
597473,597572,597584,12,99
597473,597575,597585,10,102
597473,597575,597585,10,102
597473,597573,597584,11,100
597473,597582,597586,4,109
597473,597581,597586,5,108
597473,597573,597586,13,100
597473,597579,597587,8,106
597473,597581,597586,5,108
597126,597276,597587,311,150
597473,597583,597588,5,110
597473,597583,597588,5,110
597473,597583,597588,5,110
597473,597586,597589,3,113
597473,597587,597589,2,114
597473,597581,597589,8,108
597473,597586,597588,2,113
597473,597586,597590,4,113
597473,597585,597589,4,112
597473,597585,597590,5,112
597473,597585,597590,5,112
597473,597584,597590,6,111
597473,597588,597589,1,115
597473,597584,597589,5,111
597473,597585,597589,4,112
597473,597587,597589,2,114
597473,597588,597591,3,115
597473,597580,597590,10,107
597473,597589,597591,2,116
597473,597589,597591,2,116
597473,597588,597592,4,115
597473,597588,597591,3,115
597473,597584,597591,7,111
597473,597589,597591,2,116
597506,597590,597592,2,84
597506,597590,597593,3,84
597473,597589,597593,4,116
597506,597591,597593,2,85
597473,597590,597593,3,117
597473,597590,597592,2,117
597506,597591,597594,3,85
597506,597592,597594,2,86
597473,597590,597593,3,117
597506,597591,597594,3,85
597506,597590,597594,4,84
597506,597590,597594,4,84
597506,597590,597594,4,84
597001,597133,597595,462,132
597506,597592,597597,5,86
597506,597592,597601,9,86
597506,597592,597602,10,86
597506,597593,597602,9,87
597506,597592,597602,10,86
597506,597593,597604,11,87
597506,597594,597604,10,88
597506,597593,597604,11,87
597506,597592,597604,12,86
597506,597593,597604,11,87
597506,597593,597605,12,87
597506,597594,597604,10,88
597506,597594,597606,12,88
597506,597595,597607,12,89
597506,597595,597607,12,89
597506,597595,597608,13,89
597124,597276,597609,333,152
597506,597595,597608,13,89
597506,597595,597608,13,89
597506,597597,597609,12,91
597506,597603,597612,9,97
597506,597603,597612,9,97
597506,597604,597613,9,98
597506,597601,597613,12,95
597506,597604,597614,10,98
597506,597604,597614,10,98
597506,597604,597614,10,98
597506,597604,597614,10,98
597506,597604,597615,11,98
597506,597605,597615,10,99
597506,597607,597615,8,101
597506,597605,597615,10,99
597506,597612,597616,4,106
597506,597606,597617,11,100
597506,597607,597617,10,101
597506,597609,597617,8,103
597506,597609,597617,8,103
597506,597610,597617,7,104
597506,597612,597618,6,106
597506,597615,597618,3,109
597506,597614,597618,4,108
597506,597613,597619,6,107
597506,597617,597619,2,111
597506,597613,597618,5,107
597506,597614,597619,5,108
597506,597608,597618,10,102
597506,597609,597618,9,103
597506,597615,597620,5,109
597506,597617,597620,3,111
597506,597614,597620,6,108
597506,597617,597619,2,111
597506,597614,597619,5,108
597506,597617,597620,3,111
597506,597615,597619,4,109
597506,597616,597620,4,110
597506,597616,597620,4,110
597506,597617,597619,2,111
597506,597618,597621,3,112
597506,597618,597620,2,112
597506,597618,597620,2,112
597506,597619,597621,2,113
597545,597620,597622,2,75
597506,597619,597622,3,113
597506,597619,597622,3,113
597506,597619,597622,3,113
597029,597156,597622,466,127
597545,597620,597623,3,75
597506,597619,597623,4,113
597545,597621,597623,2,76
597506,597620,597623,3,114
597545,597620,597623,3,75
597545,597620,597623,3,75
597545,597620,597623,3,75
597545,597620,597624,4,75
597545,597620,597624,4,75
597506,597619,597623,4,113
597545,597620,597623,3,75
597545,597621,597624,3,76
597545,597621,597629,8,76
597545,597621,597631,10,76
597545,597622,597632,10,77
597545,597623,597633,10,78
597545,597623,597633,10,78
597545,597622,597634,12,77
597545,597622,597634,12,77
597545,597623,597634,11,78
597545,597622,597634,12,77
597545,597622,597634,12,77
597545,597623,597634,11,78
597545,597623,597634,11,78
597545,597625,597635,10,80
597545,597623,597636,13,78
597545,597624,597636,12,79
597545,597624,597636,12,79
597545,597623,597635,12,78
597545,597624,597637,13,79
597545,597624,597636,12,79
597545,597629,597639,10,84
597545,597634,597642,8,89
597545,597631,597641,10,86
597545,597633,597642,9,88
597545,597636,597643,7,91
597545,597633,597642,9,88
597545,597632,597642,10,87
597545,597635,597644,9,90
597545,597639,597643,4,94
597545,597636,597644,8,91
597545,597635,597644,9,90
597545,597636,597644,8,91
597545,597634,597645,11,89
597545,597634,597645,11,89
597545,597634,597645,11,89
597545,597634,597645,11,89
597545,597636,597644,8,91
597545,597637,597646,9,92
597545,597634,597645,11,89
597545,597642,597647,5,97
597545,597642,597647,5,97
597545,597642,597647,5,97
597545,597637,597647,10,92
597545,597645,597647,2,100
597545,597645,597648,3,100
597545,597643,597648,5,98
597545,597644,597647,3,99
597545,597644,597647,3,99
597545,597643,597648,5,98
597545,597645,597647,2,100
597545,597644,597648,4,99
597545,597645,597649,4,100
597545,597644,597649,5,99
597545,597645,597649,4,100
597545,597646,597649,3,101
597545,597644,597648,4,99
597545,597647,597649,2,102
597545,597647,597649,2,102
597545,597648,597650,2,103
597545,597647,597650,3,102
597095,597204,597649,445,109
597545,597644,597649,5,99
597545,597646,597649,3,101
597545,597647,597651,4,102
597545,597648,597651,3,103
597545,597648,597651,3,103
597545,597648,597650,2,103
597555,597649,597651,2,94
597555,597648,597651,3,93
597555,597648,597651,3,93
597555,597648,597652,4,93
597555,597649,597652,3,94
597555,597649,597651,2,94
597555,597649,597651,2,94
597555,597649,597652,3,94
597555,597649,597652,3,94
597555,597650,597653,3,95
597555,597650,597658,8,95
597555,597652,597661,9,97
597555,597651,597661,10,96
597555,597650,597661,11,95
597555,597650,597662,12,95
597555,597652,597662,10,97
597555,597651,597662,11,96
597555,597651,597662,11,96
597555,597651,597662,11,96
597555,597653,597662,9,98
597555,597651,597662,11,96
597555,597653,597663,10,98
597555,597651,597663,12,96
597555,597651,597663,12,96
597555,597653,597663,10,98
597555,597651,597664,13,96
597555,597652,597664,12,97
597555,597652,597664,12,97
597555,597653,597664,11,98
597555,597662,597666,4,107
597555,597662,597667,5,107
597555,597658,597667,9,103
597555,597662,597669,7,107
597555,597662,597669,7,107
597555,597662,597669,7,107
597555,597662,597669,7,107
597555,597662,597670,8,107
597555,597663,597669,6,108
597555,597663,597670,7,108
597555,597663,597671,8,108
597555,597667,597671,4,112
597555,597666,597670,4,111
597555,597668,597671,3,113
597555,597664,597671,7,109
597555,597661,597671,10,106
597555,597663,597671,8,108
597555,597664,597670,6,109
597555,597665,597672,7,110
597555,597663,597671,8,108
597555,597665,597672,7,110
597555,597669,597673,4,114
597555,597669,597673,4,114
597555,597670,597673,3,115
597555,597669,597673,4,114
597555,597670,597673,3,115
597555,597663,597672,9,108
597555,597669,597672,3,114
597555,597670,597674,4,115
597555,597672,597675,3,117
597555,597671,597674,3,116
597555,597671,597674,3,116
597555,597673,597675,2,118
597555,597671,597675,4,116
597555,597671,597674,3,116
597555,597671,597674,3,116
597555,597672,597675,3,117
597555,597671,597675,4,116
597555,597671,597674,3,116
597555,597671,597674,3,116
597555,597673,597674,1,118
597555,597673,597676,3,118
597555,597673,597676,3,118
597555,597672,597675,3,117
597555,597673,597676,3,118
597575,597674,597676,2,99
597555,597673,597675,2,118
597575,597675,597677,2,100
597575,597675,597677,2,100
597575,597675,597676,1,100
597575,597675,597676,1,100
597575,597675,597677,2,100
597575,597675,597678,3,100
597575,597675,597678,3,100
597575,597675,597678,3,100
597575,597675,597681,6,100
597098,597227,597681,454,129
597575,597676,597686,10,101
597575,597675,597686,11,100
597575,597676,597687,11,101
597575,597676,597687,11,101
597575,597676,597688,12,101
597575,597676,597687,11,101
597575,597677,597688,11,102
597575,597677,597688,11,102
597575,597677,597688,11,102
597575,597676,597688,12,101
597575,597678,597689,11,103
597575,597678,597688,10,103
597575,597676,597688,12,101
597575,597678,597690,12,103
597575,597676,597690,14,101
597575,597677,597691,14,102
597575,597678,597690,12,103
597575,597688,597693,5,113
597575,597688,597693,5,113
597575,597681,597693,12,106
597575,597682,597694,12,107
597575,597688,597696,8,113
597575,597689,597696,7,114
597575,597688,597697,9,113
597575,597689,597697,8,114
597575,597686,597697,11,111
597575,597690,597698,8,115
597575,597688,597698,10,113
597575,597693,597698,5,118
597575,597689,597698,9,114
597575,597687,597699,12,112
597575,597693,597698,5,118
597575,597686,597698,12,111
597575,597694,597699,5,119
597575,597693,597698,5,118
597575,597691,597698,7,116
597575,597690,597700,10,115
597575,597689,597699,10,114
597575,597687,597699,12,112
597575,597698,597701,3,123
597575,597697,597701,4,122
597575,597697,597701,4,122
597575,597698,597702,4,123
597575,597698,597702,4,123
597575,597696,597701,5,121
597575,597698,597701,3,123
597575,597699,597701,2,124
597575,597697,597702,5,122
597575,597699,597702,3,124
597575,597691,597702,11,116
597575,597701,597703,2,126
597575,597701,597703,2,126
597575,597699,597703,4,124
597575,597699,597702,3,124
597575,597699,597704,5,124
597575,597701,597703,2,126
597575,597699,597704,5,124
597575,597700,597703,3,125
597575,597701,597704,3,126
597575,597702,597704,2,127
597575,597700,597703,3,125
597575,597702,597704,2,127
597575,597702,597704,2,127
597588,597703,597705,2,115
597588,597703,597705,2,115
597588,597702,597705,3,114
597588,597703,597706,3,115
597575,597702,597705,3,127
597588,597703,597706,3,115
597575,597696,597705,9,121
597588,597702,597706,4,114
597588,597702,597706,4,114
597243,597388,597705,317,145
597588,597704,597707,3,116
597588,597704,597710,6,116
597588,597704,597711,7,116
597588,597704,597714,10,116
597588,597705,597715,10,117
597588,597705,597716,11,117
597588,597705,597715,10,117
597588,597705,597716,11,117
597588,597704,597716,12,116
597588,597705,597717,12,117
597588,597704,597716,12,116
597588,597706,597717,11,118
597588,597706,597718,12,118
597588,597706,597718,12,118
597588,597707,597717,10,119
597588,597706,597718,12,118
597588,597705,597717,12,117
597588,597706,597719,13,118
597588,597706,597718,12,118
597588,597708,597718,10,120
597588,597716,597722,6,128
597588,597710,597723,13,122
597588,597716,597723,7,128
597588,597711,597723,12,123
597588,597716,597723,7,128
597588,597723,597725,2,135
597588,597715,597724,9,127
597588,597723,597725,2,135
597588,597715,597725,10,127
597588,597719,597726,7,131
597588,597718,597726,8,130
597588,597723,597726,3,135
597588,597717,597726,9,129
597588,597718,597726,8,130
597588,597723,597727,4,135
597588,597716,597727,11,128
597588,597719,597727,8,131
597588,597718,597727,9,130
597588,597725,597727,2,137
597588,597725,597727,2,137
597588,597717,597727,10,129
597588,597719,597728,9,131
597588,597717,597727,10,129
597588,597725,597728,3,137
597588,597718,597727,9,130
597588,597719,597728,9,131
597588,597722,597727,5,134
597588,597725,597727,2,137
597588,597726,597728,2,138
597588,597726,597728,2,138
597588,597727,597730,3,139
597588,597727,597730,3,139
597588,597727,597730,3,139
597588,597727,597730,3,139
597588,597727,597729,2,139
597588,597729,597730,1,141
597588,597728,597730,2,140
597588,597726,597731,5,138
597588,597728,597731,3,140
597588,597727,597730,3,139
597588,597728,597731,3,140
597588,597728,597730,2,140
597588,597728,597730,2,140
597588,597729,597730,1,141
597588,597729,597732,3,141
597588,597728,597731,3,140
597605,597730,597732,2,125
597605,597730,597733,3,125
597588,597727,597732,5,139
597588,597726,597732,6,138
597605,597730,597732,2,125
597605,597730,597732,2,125
597605,597731,597733,2,126
597605,597730,597734,4,125
597605,597731,597733,2,126
597605,597731,597733,2,126
597605,597730,597733,3,125
597605,597731,597735,4,126
597605,597734,597740,6,129
597605,597735,597741,6,130
597605,597734,597740,6,129
597605,597734,597741,7,129
597605,597734,597742,8,129
597605,597732,597742,10,127
597605,597732,597743,11,127
597605,597731,597743,12,126
597605,597732,597743,11,127
597605,597731,597744,13,126
597605,597733,597744,11,128
597605,597733,597744,11,128
597605,597731,597743,12,126
597605,597732,597745,13,127
597605,597733,597744,11,128
597605,597733,597745,12,128
597605,597733,597744,11,128
597605,597733,597745,12,128
597605,597741,597747,6,136
597605,597742,597747,5,137
597605,597740,597748,8,135
597605,597743,597748,5,138
597605,597741,597749,8,136
597605,597741,597751,10,136
597605,597744,597750,6,139
597605,597745,597751,6,140
597605,597745,597752,7,140
597605,597745,597752,7,140
597605,597747,597752,5,142
597605,597742,597752,10,137
597605,597746,597752,6,141
597605,597743,597753,10,138
597605,597744,597753,9,139
597605,597748,597753,5,143
597605,597747,597752,5,142
597605,597744,597753,9,139
597605,597749,597753,4,144
597605,597752,597755,3,147
597605,597752,597755,3,147
597605,597745,597755,10,140
597605,597749,597754,5,144
597605,597745,597755,10,140
597605,597752,597755,3,147
597605,597752,597755,3,147
597605,597753,597756,3,148
597605,597751,597756,5,146
597605,597745,597755,10,140
597605,597752,597756,4,147
597605,597753,597755,2,148
597605,597754,597756,2,149
597605,597755,597757,2,150
597605,597755,597757,2,150
597605,597753,597757,4,148
597605,597752,597756,4,147
597605,597753,597757,4,148
597605,597752,597757,5,147
597605,597755,597758,3,150
597605,597755,597758,3,150
597605,597754,597757,3,149
597605,597756,597758,2,151
597605,597755,597757,2,150
597605,597756,597759,3,151
597605,597756,597759,3,151
597610,597757,597759,2,147
597610,597756,597759,3,146
597610,597756,597758,2,146
597610,597757,597760,3,147
597610,597757,597759,2,147
597605,597756,597759,3,151
597605,597756,597759,3,151
597610,597757,597759,2,147
597610,597757,597761,4,147
597150,597302,597762,460,152
597610,597758,597761,3,148
597610,597758,597761,3,148
597610,597758,597764,6,148
597293,597454,597768,314,161
597610,597759,597769,10,149
597610,597758,597769,11,148
597610,597759,597770,11,149
597610,597758,597770,12,148
597610,597759,597769,10,149
597610,597759,597771,12,149
597610,597759,597770,11,149
597610,597760,597770,10,150
597610,597760,597772,12,150
597610,597760,597772,12,150
597610,597760,597772,12,150
597610,597758,597772,14,148
597610,597760,597773,13,150
597610,597763,597774,11,153
597610,597762,597774,12,152
597610,597761,597775,14,151
597610,597764,597774,10,154
597610,597768,597776,8,158
597610,597763,597775,12,153
597610,597769,597777,8,159
597610,597770,597778,8,160
597610,597771,597778,7,161
597610,597772,597779,7,162
597610,597771,597780,9,161
597610,597769,597780,11,159
597610,597770,597780,10,160
597610,597777,597780,3,167
597610,597779,597781,2,169
597610,597770,597781,11,160
597610,597772,597781,9,162
597610,597778,597781,3,168
597610,597778,597781,3,168
597610,597776,597781,5,166
597610,597772,597781,9,162
597610,597773,597781,8,163
597610,597776,597782,6,166
597610,597781,597783,2,171
597610,597772,597783,11,162
597610,597774,597783,9,164
597610,597774,597782,8,164
597610,597772,597784,12,162
597610,597776,597783,7,166
597610,597780,597783,3,170
597610,597781,597783,2,171
597610,597781,597783,2,171
597610,597775,597784,9,165
597610,597780,597783,3,170
597610,597782,597784,2,172
597610,597782,597784,2,172
597610,597783,597785,2,173
597610,597781,597785,4,171
597610,597782,597785,3,172
597610,597781,597785,4,171
597610,597781,597786,5,171
597610,597782,597786,4,172
597610,597782,597785,3,172
597610,597783,597786,3,173
597610,597783,597785,2,173
597610,597784,597786,2,174
597610,597784,597786,2,174
597622,597785,597787,2,163
597622,597785,597786,1,163
597622,597785,597787,2,163
597610,597783,597786,3,173
597610,597784,597786,2,174
597610,597784,597787,3,174
597610,597784,597787,3,174
597622,597785,597788,3,163
597610,597784,597787,3,174
597622,597785,597787,2,163
597622,597785,597789,4,163
597622,597786,597788,2,164
597622,597786,597789,3,164
597622,597786,597788,2,164
597622,597786,597791,5,164
597176,597327,597793,466,151
597622,597787,597796,9,165
597622,597786,597796,10,164
597622,597787,597797,10,165
597622,597789,597797,8,167
597622,597787,597798,11,165
597622,597787,597797,10,165
597622,597787,597798,11,165
597622,597789,597797,8,167
597622,597787,597799,12,165
597622,597789,597799,10,167
597622,597789,597800,11,167
597622,597787,597799,12,165
597622,597788,597800,12,166
597622,597787,597799,12,165
597622,597787,597800,13,165
597622,597788,597800,12,166
597622,597788,597802,14,166
597622,597791,597802,11,169
597622,597796,597803,7,174
597622,597793,597803,10,171
597622,597799,597804,5,177
597622,597798,597804,6,176
597622,597798,597804,6,176
597622,597797,597805,8,175
597622,597799,597805,6,177
597622,597798,597805,7,176
597622,597796,597805,9,174
597622,597800,597806,6,178
597622,597800,597807,7,178
597622,597804,597807,3,182
597622,597797,597808,11,175
597622,597805,597808,3,183
597622,597800,597808,8,178
597622,597800,597808,8,178
597622,597803,597807,4,181
597622,597804,597807,3,182
597622,597800,597808,8,178
597622,597802,597808,6,180
597622,597798,597808,10,176
597622,597800,597809,9,178
597622,597804,597808,4,182
597622,597806,597808,2,184
597622,597803,597808,5,181
597622,597806,597810,4,184
597622,597802,597809,7,180
597622,597808,597810,2,186
597622,597805,597809,4,183
597622,597808,597810,2,186
597622,597808,597811,3,186
597622,597806,597810,4,184
597622,597807,597811,4,185
597622,597808,597810,2,186
597622,597807,597811,4,185
597622,597808,597811,3,186
597622,597808,597811,3,186
597622,597809,597812,3,187
597622,597809,597811,2,187
597622,597810,597812,2,188
597622,597808,597811,3,186
597622,597808,597811,3,186
597622,597809,597811,2,187
597650,597811,597813,2,161
597622,597809,597812,3,187
597622,597810,597813,3,188
597622,597810,597813,3,188
597206,597357,597812,455,151
597622,597809,597812,3,187
597650,597811,597814,3,161
597650,597810,597813,3,160
597650,597811,597813,2,161
597650,597811,597813,2,161
597650,597811,597814,3,161
597650,597811,597814,3,161
597650,597811,597814,3,161
597650,597812,597815,3,162
597650,597812,597815,3,162
597650,597812,597821,9,162
597650,597814,597822,8,164
597650,597813,597822,9,163
597650,597812,597823,11,162
597650,597815,597823,8,165
597650,597813,597823,10,163
597650,597814,597824,10,164
597650,597814,597824,10,164
597650,597813,597824,11,163
597650,597814,597825,11,164
597650,597813,597825,12,163
597650,597815,597826,11,165
597650,597813,597826,13,163
597650,597813,597826,13,163
597650,597813,597826,13,163
597650,597815,597826,11,165
597650,597814,597826,12,164
597650,597814,597827,13,164
597650,597813,597826,13,163
597650,597824,597828,4,174
597650,597821,597829,8,171
597650,597822,597830,8,172
597650,597824,597830,6,174
597650,597824,597829,5,174
597650,597823,597830,7,173
597650,597825,597830,5,175
597650,597822,597830,8,172
597650,597823,597831,8,173
597650,597825,597832,7,175
597650,597823,597832,9,173
597650,597826,597832,6,176
597650,597830,597833,3,180
597650,597827,597833,6,177
597650,597828,597833,5,178
597650,597826,597833,7,176
597650,597830,597834,4,180
597650,597830,597834,4,180
597650,597827,597834,7,177
597650,597827,597834,7,177
597650,597827,597833,6,177
597650,597827,597834,7,177
597650,597830,597835,5,180
597650,597832,597835,3,182
597650,597829,597834,5,179
597650,597831,597834,3,181
597650,597831,597835,4,181
597650,597826,597834,8,176
597650,597833,597836,3,183
597650,597833,597836,3,183
597650,597832,597836,4,182
597650,597834,597836,2,184
597650,597834,597836,2,184
597650,597835,597837,2,185
597650,597834,597837,3,184
597650,597833,597837,4,183
597650,597833,597837,4,183
597650,597833,597836,3,183
597650,597835,597837,2,185
597650,597833,597837,4,183
597650,597834,597836,2,184
597650,597835,597838,3,185
597650,597834,597837,3,184
597650,597835,597837,2,185
597650,597834,597837,3,184
597650,597835,597837,2,185
597687,597836,597838,2,149
597687,597837,597838,1,150
597687,597837,597839,2,150
597687,597836,597839,3,149
597687,597836,597839,3,149
597687,597837,597839,2,150
597687,597837,597840,3,150
597687,597837,597840,3,150
597687,597837,597840,3,150
597687,597836,597839,3,149
597687,597837,597847,10,150
597687,597839,597848,9,152
597687,597840,597848,8,153
597687,597839,597849,10,152
597687,597837,597849,12,150
597687,597838,597850,12,151
597687,597838,597850,12,151
597687,597839,597849,10,152
597687,597838,597850,12,151
597687,597840,597851,11,153
597687,597839,597851,12,152
597687,597838,597851,13,151
597687,597838,597850,12,151
597687,597839,597852,13,152
597687,597838,597852,14,151
597687,597840,597851,11,153
597687,597839,597851,12,152
597687,597840,597851,11,153
597687,597850,597854,4,163
597687,597847,597855,8,160
597687,597849,597856,7,162
597687,597850,597856,6,163
597687,597849,597857,8,162
597687,597850,597857,7,163
597687,597849,597857,8,162
597687,597850,597858,8,163
597687,597848,597858,10,161
597687,597852,597858,6,165
597687,597852,597859,7,165
597687,597852,597859,7,165
597687,597851,597859,8,164
597687,597851,597859,8,164
597687,597851,597858,7,164
597687,597852,597859,7,165
597687,597857,597859,2,170
597687,597852,597860,8,165
597687,597855,597860,5,168
597687,597851,597859,8,164
597687,597856,597860,4,169
597687,597858,597860,2,171
597687,597858,597861,3,171
597687,597857,597861,4,170
597687,597856,597860,4,169
597687,597859,597861,2,172
597687,597857,597860,3,170
597687,597854,597860,6,167
597687,597859,597862,3,172
597687,597859,597862,3,172
597687,597858,597862,4,171
597687,597859,597861,2,172
597687,597860,597862,2,173
597687,597860,597862,2,173
597687,597859,597861,2,172
597687,597860,597863,3,173
597687,597860,597863,3,173
597687,597859,597862,3,172
597687,597859,597862,3,172
597687,597860,597862,2,173
597687,597861,597863,2,174
597716,597862,597864,2,146
597687,597861,597864,3,174
597716,597862,597864,2,146
597716,597862,597864,2,146
597687,597861,597864,3,174
597687,597861,597864,3,174
597687,597861,597863,2,174
597687,597862,597864,2,175
597716,597862,597865,3,146
597687,597861,597864,3,174
597716,597862,597864,2,146
597716,597863,597866,3,147
597716,597863,597866,3,147
597716,597863,597865,2,147
597716,597863,597867,4,147
597716,597863,597871,8,147
597716,597864,597874,10,148
597716,597864,597874,10,148
597716,597864,597874,10,148
597716,597864,597874,10,148
597716,597866,597875,9,150
597716,597864,597876,12,148
597716,597865,597876,11,149
597716,597867,597876,9,151
597291,597420,597876,456,129
597716,597864,597877,13,148
597716,597864,597877,13,148
597716,597864,597876,12,148
597716,597865,597878,13,149
597716,597865,597877,12,149
597716,597866,597877,11,150
597716,597866,597877,11,150
597716,597865,597877,12,149
597716,597876,597879,3,160
597716,597875,597879,4,159
597716,597877,597880,3,161
597716,597876,597880,4,160
597716,597876,597880,4,160
597716,597876,597881,5,160
597716,597877,597881,4,161
597716,597877,597881,4,161
597716,597871,597880,9,155
597716,597877,597880,3,161
597716,597878,597882,4,162
597716,597874,597882,8,158
597716,597875,597881,6,159
597716,597878,597882,4,162
597716,597878,597883,5,162
597716,597878,597883,5,162
597716,597878,597882,4,162
597716,597874,597882,8,158
597716,597879,597885,6,163
597716,597881,597885,4,165
597716,597880,597885,5,164
597716,597879,597885,6,163
597716,597882,597885,3,166
597716,597881,597885,4,165
597716,597880,597885,5,164
597716,597881,597886,5,165
597716,597882,597885,3,166
597716,597882,597886,4,166
597716,597882,597887,5,166
597716,597883,597886,3,167
597716,597882,597886,4,166
597716,597883,597887,4,167
597716,597883,597887,4,167
597716,597885,597887,2,169
597716,597886,597888,2,170
597716,597881,597887,6,165
597716,597885,597888,3,169
597716,597880,597887,7,164
597716,597883,597887,4,167
597716,597886,597889,3,170
597716,597886,597889,3,170
597716,597885,597889,4,169
597716,597885,597888,3,169
597716,597885,597888,3,169
597716,597887,597889,2,171
597716,597885,597889,4,169
597716,597887,597888,1,171
597716,597887,597890,3,171
597772,597888,597890,2,116
597716,597887,597889,2,171
597772,597888,597891,3,116
597772,597888,597890,2,116
597772,597888,597891,3,116
597772,597887,597891,4,115
597772,597888,597890,2,116
597772,597888,597890,2,116
597772,597889,597891,2,117
597772,597889,597892,3,117
597772,597889,597894,5,117
597772,597889,597897,8,117
597772,597889,597899,10,117
597772,597890,597900,10,118
597772,597889,597901,12,117
597772,597889,597901,12,117
597772,597891,597901,10,119
597772,597890,597901,11,118
597772,597891,597902,11,119
597772,597891,597902,11,119
597772,597889,597902,13,117
597772,597893,597903,10,121
597772,597891,597902,11,119
597772,597890,597903,13,118
597772,597891,597902,11,119
597772,597892,597902,10,120
597772,597891,597903,12,119
597772,597895,597904,9,123
597772,597897,597907,10,125
597772,597904,597910,6,132
597772,597902,597911,9,130
597772,597903,597911,8,131
597772,597901,597911,10,129
597772,597900,597911,11,128
597772,597900,597911,11,128
597772,597904,597912,8,132
597772,597902,597911,9,130
597772,597903,597912,9,131
597772,597901,597913,12,129
597772,597901,597913,12,129
597772,597902,597913,11,130
597772,597901,597913,12,129
597772,597903,597912,9,131
597772,597905,597914,9,133
597772,597911,597914,3,139
597772,597912,597914,2,140
597772,597903,597913,10,131
597772,597908,597915,7,136
597772,597911,597915,4,139
597772,597912,597915,3,140
597772,597911,597914,3,139
597772,597912,597914,2,140
597772,597912,597916,4,140
597772,597913,597915,2,141
597772,597913,597916,3,141
597772,597914,597916,2,142
597772,597913,597917,4,141
597772,597914,597917,3,142
597772,597915,597917,2,143
597772,597914,597916,2,142
597772,597914,597917,3,142
597772,597916,597918,2,144
597772,597915,597918,3,143
597772,597913,597918,5,141
597772,597910,597917,7,138
597772,597915,597918,3,143
597772,597913,597917,4,141
597772,597916,597918,2,144
597772,597915,597917,2,143
597772,597916,597917,1,144
597772,597917,597919,2,145
597772,597917,597919,2,145
597772,597914,597918,4,142
597772,597916,597918,2,144
597772,597915,597918,3,143
597772,597917,597918,1,145
597772,597917,597919,2,145
597772,597918,597920,2,146
597772,597917,597920,3,145
597772,597918,597919,1,146
597772,597918,597921,3,146
597772,597918,597920,2,146
597772,597918,597921,3,146
597772,597918,597921,3,146
597772,597918,597921,3,146
597772,597919,597923,4,147
597772,597919,597926,7,147
597772,597919,597930,11,147
597772,597920,597930,10,148
597772,597921,597931,10,149
597772,597920,597931,11,148
597772,597921,597931,10,149
597772,597920,597931,11,148
597772,597919,597931,12,147
597772,597920,597932,12,148
597772,597919,597931,12,147
597772,597921,597932,11,149
597772,597923,597932,9,151
597772,597919,597931,12,147
597772,597920,597933,13,148
597306,597488,597932,444,182
597772,597922,597933,11,150
597772,597921,597932,11,149
597772,597919,597932,13,147
597772,597930,597933,3,158
597772,597931,597933,2,159
597772,597926,597934,8,154
597772,597931,597935,4,159
597772,597931,597934,3,159
597772,597932,597935,3,160
597772,597930,597935,5,158
597772,597931,597934,3,159
597772,597932,597935,3,160
597772,597932,597936,4,160
597772,597932,597936,4,160
597772,597933,597936,3,161
597772,597932,597936,4,160
597772,597933,597937,4,161
597772,597933,597937,4,161
597772,597933,597937,4,161
597772,597933,597937,4,161
597772,597933,597937,4,161
597772,597932,597936,4,160
597772,597933,597937,4,161
597772,597935,597939,4,163
597772,597935,597939,4,163
597772,597934,597938,4,162
597772,597935,597938,3,163
597772,597935,597938,3,163
597772,597936,597940,4,164
597772,597935,597939,4,163
597772,597936,597940,4,164
597772,597936,597940,4,164
597772,597937,597940,3,165
597772,597937,597940,3,165
597772,597937,597940,3,165
597772,597935,597939,4,163
597772,597936,597941,5,164
597772,597937,597940,3,165
597772,597938,597942,4,166
597772,597939,597942,3,167
597772,597940,597941,1,168
597772,597937,597941,4,165
597772,597940,597942,2,168
597772,597937,597941,4,165
597772,597939,597942,3,167
597772,597940,597942,2,168
597772,597939,597942,3,167
597772,597939,597942,3,167
597772,597940,597942,2,168
597772,597940,597942,2,168
597772,597940,597942,2,168
597799,597941,597943,2,142
597799,597942,597944,2,143
597799,597942,597944,2,143
597799,597941,597944,3,142
597799,597941,597943,2,142
597799,597942,597944,2,143
597799,597942,597945,3,143
597799,597942,597944,2,143
597799,597942,597945,3,143
597799,597942,597949,7,143
597799,597942,597953,11,143
597799,597943,597953,10,144
597799,597944,597954,10,145
597799,597943,597954,11,144
597799,597943,597955,12,144
597799,597943,597955,12,144
597799,597944,597954,10,145
597799,597945,597955,10,146
597799,597944,597956,12,145
597799,597943,597956,13,144
597799,597945,597957,12,146
597799,597944,597956,12,145
597799,597944,597956,12,145
597799,597944,597958,14,145
597799,597945,597958,13,146
597799,597949,597961,12,150
597799,597954,597963,9,155
597799,597953,597964,11,154
597799,597953,597964,11,154
597799,597955,597964,9,156
597799,597955,597965,10,156
597799,597958,597966,8,159
597799,597954,597966,12,155
597799,597957,597966,9,158
597799,597957,597966,9,158
597799,597958,597967,9,159
597799,597955,597967,12,156
597799,597955,597967,12,156
597799,597956,597968,12,157
597799,597957,597968,11,158
597799,597956,597968,12,157
597799,597964,597968,4,165
597799,597961,597969,8,162
597799,597964,597970,6,165
597799,597966,597970,4,167
597799,597966,597970,4,167
597799,597966,597970,4,167
597799,597966,597971,5,167
597799,597965,597970,5,166
597799,597967,597971,4,168
597799,597969,597971,2,170
597799,597964,597971,7,165
597799,597968,597972,4,169
597799,597968,597972,4,169
597799,597968,597972,4,169
597799,597965,597971,6,166
597799,597967,597973,6,168
597799,597969,597972,3,170
597799,597970,597973,3,171
597799,597971,597973,2,172
597799,597970,597972,2,171
597799,597967,597972,5,168
597799,597970,597974,4,171
597799,597971,597974,3,172
597799,597972,597973,1,173
597799,597971,597974,3,172
597799,597971,597975,4,172
597799,597971,597974,3,172
597799,597973,597975,2,174
597799,597971,597975,4,172
597799,597972,597974,2,173
597799,597972,597974,2,173
597799,597973,597975,2,174
597799,597972,597974,2,173
597799,597973,597975,2,174
597813,597973,597975,2,160
597813,597974,597976,2,161
597813,597974,597976,2,161
597813,597975,597977,2,162
597347,597523,597977,454,176
597813,597974,597976,2,161
597813,597973,597976,3,160
597813,597975,597977,2,162
597813,597975,597977,2,162
597813,597975,597978,3,162
597813,597975,597982,7,162
597813,597975,597984,9,162
597813,597976,597986,10,163
597813,597975,597986,11,162
597813,597976,597987,11,163
597813,597975,597987,12,162
597813,597975,597988,13,162
597813,597976,597988,12,163
597813,597977,597987,10,164
597813,597976,597989,13,163
597813,597977,597989,12,164
597813,597978,597988,10,165
597813,597977,597988,11,164
597813,597977,597989,12,164
597813,597979,597990,11,166
597813,597978,597990,12,165
597546,597648,597992,344,102
597813,597989,597993,4,176
597813,597989,597993,4,176
597813,597989,597993,4,176
597813,597988,597994,6,175
597813,597984,597994,10,171
597813,597982,597994,12,169
597813,597989,597994,5,176
597813,597988,597995,7,175
597813,597990,597995,5,177
597813,597988,597994,6,175
597813,597986,597995,9,173
597813,597987,597995,8,174
597813,597987,597996,9,174
597813,597987,597996,9,174
597813,597990,597997,7,177
597813,597994,597999,5,181
597813,597995,597999,4,182
597813,597995,597999,4,182
597813,597992,597999,7,179
597813,597996,598000,4,183
597813,597993,598000,7,180
597813,597993,598000,7,180
597813,597994,598000,6,181
597813,597995,598000,5,182
597417,597558,598001,443,141
597813,597993,598001,8,180
597813,597997,598002,5,184
597813,597994,598001,7,181
597813,597996,598001,5,183
597813,597994,598002,8,181
597813,597997,598001,4,184
597813,597999,598002,3,186
597813,597992,598001,9,179
597813,597997,598001,4,184
597813,598000,598003,3,187
597813,598000,598002,2,187
597813,597999,598003,4,186
597813,598000,598003,3,187
597813,598002,598004,2,189
597813,597999,598004,5,186
597813,598000,598004,4,187
597813,598000,598003,3,187
597813,598001,598004,3,188
597813,598002,598005,3,189
597813,598002,598005,3,189
597813,598002,598004,2,189
597877,598003,598005,2,126
597877,598003,598004,1,126
597813,598000,598005,5,187
597877,598003,598005,2,126
597813,598001,598004,3,188
597813,598002,598004,2,189
597813,598002,598004,2,189
597877,598003,598005,2,126
597877,598004,598006,2,127
597813,598002,598005,3,189
597877,598004,598007,3,127
597877,598004,598006,2,127
597877,598004,598007,3,127
597877,598004,598008,4,127
597877,598005,598012,7,128
597877,598006,598014,8,129
597877,598005,598015,10,128
597877,598005,598016,11,128
597877,598005,598016,11,128
597877,598005,598017,12,128
597877,598007,598017,10,130
597877,598005,598017,12,128
597877,598005,598017,12,128
597877,598007,598018,11,130
597877,598007,598018,11,130
597877,598005,598017,12,128
597877,598005,598018,13,128
597877,598005,598018,13,128
597877,598008,598019,11,131
597877,598016,598019,3,139
597877,598016,598019,3,139
597877,598005,598018,13,128
597877,598006,598018,12,129
597877,598015,598020,5,138
597877,598017,598020,3,140
597877,598017,598021,4,140
597877,598017,598021,4,140
597877,598017,598021,4,140
597877,598019,598022,3,142
597877,598018,598022,4,141
597877,598018,598021,3,141
597877,598018,598021,3,141
597877,598019,598022,3,142
597877,598020,598023,3,143
597877,598018,598023,5,141
597877,598012,598022,10,135
597877,598019,598023,4,142
597877,598018,598022,4,141
597877,598019,598024,5,142
597877,598014,598023,9,137
597877,598020,598024,4,143
597877,598022,598025,3,145
597877,598021,598025,4,144
597877,598019,598025,6,142
597877,598021,598025,4,144
597877,598023,598026,3,146
597877,598023,598026,3,146
597877,598021,598026,5,144
597877,598023,598027,4,146
597877,598022,598027,5,145
597877,598023,598027,4,146
597877,598022,598027,5,145
597877,598022,598027,5,145
597877,598023,598026,3,146
597877,598024,598027,3,147
597877,598023,598026,3,146
597877,598026,598028,2,149
597877,598024,598027,3,147
597877,598025,598029,4,148
597576,597702,598029,327,126
597877,598025,598028,3,148
597877,598027,598029,2,150
597877,598027,598029,2,150
597877,598025,598028,3,148
597934,598027,598029,2,93
597877,598025,598028,3,148
597877,598027,598029,2,150
597934,598028,598030,2,94
597877,598026,598029,3,149
597934,598027,598030,3,93
597877,598026,598029,3,149
597877,598027,598029,2,150
597877,598025,598029,4,148
597934,598028,598031,3,94
597877,598027,598030,3,150
597934,598029,598030,1,95
597934,598029,598031,2,95
597934,598029,598032,3,95
597934,598029,598032,3,95
597934,598029,598033,4,95
597934,598029,598034,5,95
597473,597590,598037,447,117
597934,598029,598038,9,95
597934,598030,598041,11,96
597934,598031,598041,10,97
597934,598032,598041,9,98
597934,598031,598041,10,97
597934,598029,598041,12,95
597934,598030,598042,12,96
597934,598032,598043,11,98
597934,598034,598042,8,100
597934,598030,598043,13,96
597934,598030,598043,13,96
597934,598030,598042,12,96
597934,598041,598043,2,107
597934,598029,598044,15,95
597934,598030,598044,14,96
597934,598031,598043,12,97
597934,598041,598044,3,107
597934,598033,598045,12,99
597934,598038,598044,6,104
597934,598041,598045,4,107
597934,598031,598046,15,97
597934,598037,598046,9,103
597934,598041,598045,4,107
597934,598041,598045,4,107
597934,598043,598046,3,109
597934,598042,598046,4,108
597934,598043,598047,4,109
597934,598043,598047,4,109
597934,598043,598046,3,109
597934,598043,598048,5,109
597934,598044,598048,4,110
597934,598044,598048,4,110
597934,598045,598048,3,111
597934,598044,598048,4,110
597934,598046,598049,3,112
597934,598044,598048,4,110
597934,598045,598048,3,111
597934,598043,598048,5,109
597934,598045,598050,5,111
597934,598047,598050,3,113
597934,598046,598050,4,112
597934,598047,598050,3,113
597934,598046,598051,5,112
597934,598047,598051,4,113
597934,598046,598050,4,112
597934,598048,598051,3,114
597934,598048,598052,4,114
597934,598047,598052,5,113
597934,598048,598051,3,114
597934,598049,598052,3,115
597934,598047,598051,4,113
597934,598049,598052,3,115
597934,598050,598053,3,116
597934,598048,598052,4,114
597934,598049,598053,4,115
597934,598050,598053,3,116
597934,598048,598052,4,114
597934,598050,598053,3,116
597934,598050,598052,2,116
597986,598052,598053,1,66
597986,598052,598054,2,66
597934,598051,598054,3,117
597934,598051,598054,3,117
597934,598052,598054,2,118
597934,598049,598053,4,115
597934,598051,598053,2,117
597986,598053,598055,2,67
597986,598052,598055,3,66
597934,598051,598055,4,117
597986,598052,598055,3,66
597986,598053,598056,3,67
597986,598053,598055,2,67
597986,598053,598055,2,67
597986,598053,598057,4,67
597986,598053,598058,5,67
597986,598053,598062,9,67
597986,598054,598064,10,68
597986,598054,598064,10,68
597986,598055,598065,10,69
597986,598056,598066,10,70
597986,598054,598066,12,68
597986,598054,598066,12,68
597986,598056,598066,10,70
597588,597730,598065,335,142
597986,598055,598067,12,69
597986,598056,598066,10,70
597986,598055,598066,11,69
597986,598057,598066,9,71
597986,598055,598067,12,69
597986,598054,598068,14,68
597986,598065,598069,4,79
597986,598056,598068,12,70
597986,598066,598069,3,80
597986,598055,598069,14,69
597986,598066,598069,3,80
597986,598065,598068,3,79
597986,598067,598068,1,81
597986,598060,598069,9,74
597986,598066,598070,4,80
597986,598062,598069,7,76
597986,598064,598070,6,78
597986,598067,598070,3,81
597986,598066,598070,4,80
597986,598067,598070,3,81
597986,598068,598072,4,82
597986,598068,598072,4,82
597986,598068,598072,4,82
597986,598069,598072,3,83
597986,598070,598071,1,84
597986,598070,598072,2,84
597986,598069,598073,4,83
597986,598069,598073,4,83
597986,598070,598073,3,84
597986,598068,598073,5,82
597986,598069,598073,4,83
597986,598069,598073,4,83
597986,598070,598073,3,84
597986,598070,598075,5,84
597986,598072,598075,3,86
597986,598070,598074,4,84
597986,598070,598074,4,84
597986,598072,598076,4,86
597986,598072,598075,3,86
597986,598073,598076,3,87
597986,598070,598075,5,84
597986,598071,598075,4,85
597986,598072,598075,3,86
597986,598072,598075,3,86
597986,598073,598077,4,87
597986,598072,598076,4,86
597986,598075,598077,2,89
597986,598074,598077,3,88
597986,598073,598076,3,87
597986,598075,598076,1,89
597986,598073,598078,5,87
597986,598074,598077,3,88
597986,598076,598078,2,90
597986,598075,598077,2,89
597993,598076,598079,3,83
597993,598076,598078,2,83
597993,598077,598079,2,84
597986,598076,598079,3,90
597986,598076,598078,2,90
597986,598076,598078,2,90
597993,598077,598079,2,84
597993,598077,598080,3,84
597993,598076,598080,4,83
597993,598076,598079,3,83
597993,598077,598079,2,84
597993,598077,598080,3,84
597993,598077,598084,7,84
597507,597620,598088,468,113
597993,598079,598089,10,86
597993,598080,598089,9,87
597993,598080,598089,9,87
597993,598080,598089,9,87
597993,598079,598089,10,86
597993,598080,598090,10,87
597993,598078,598091,13,85
597993,598079,598091,12,86
597993,598079,598091,12,86
597993,598080,598091,11,87
597993,598078,598091,13,85
597993,598084,598092,8,91
597993,598078,598092,14,85
597993,598079,598091,12,86
597993,598081,598092,11,88
597993,598078,598092,14,85
597993,598090,598093,3,97
597993,598080,598092,12,87
597993,598089,598093,4,96
597993,598091,598094,3,98
597993,598089,598093,4,96
597993,598089,598093,4,96
597993,598090,598094,4,97
597993,598091,598095,4,98
597993,598091,598095,4,98
597993,598092,598094,2,99
597993,598092,598095,3,99
597993,598093,598095,2,100
597993,598089,598094,5,96
597993,598091,598095,4,98
597993,598092,598096,4,99
597993,598094,598096,2,101
597993,598092,598096,4,99
597993,598092,598096,4,99
597993,598088,598097,9,95
597993,598092,598096,4,99
597993,598094,598097,3,101
597993,598094,598096,2,101
597993,598094,598098,4,101
597993,598095,598098,3,102
597993,598096,598098,2,103
597993,598094,598098,4,101
597993,598095,598099,4,102
597993,598096,598099,3,103
597993,598096,598099,3,103
597993,598096,598100,4,103
597993,598097,598100,3,104
597993,598095,598100,5,102
597993,598095,598099,4,102
597993,598095,598100,5,102
597993,598095,598099,4,102
597993,598094,598099,5,101
597993,598095,598099,4,102
597993,598098,598101,3,105
597993,598099,598100,1,106
597993,598098,598100,2,105
597993,598098,598100,2,105
597993,598097,598100,3,104
597993,598097,598100,3,104
597993,598097,598100,3,104
597993,598099,598101,2,106
597993,598099,598102,3,106
598001,598100,598102,2,99
597993,598100,598101,1,107
598001,598100,598102,2,99
598001,598100,598103,3,99
598001,598101,598103,2,100
598001,598101,598102,1,100
598001,598101,598103,2,100
597993,598098,598102,4,105
598001,598100,598102,2,99
598001,598100,598103,3,99
597993,598100,598103,3,107
598001,598101,598104,3,100
598001,598101,598108,7,100
598001,598101,598112,11,100
598001,598103,598112,9,102
598001,598103,598113,10,102
598001,598103,598113,10,102
598001,598102,598113,11,101
598001,598103,598113,10,102
598001,598104,598113,9,103
598001,598103,598113,10,102
598001,598103,598113,10,102
598001,598101,598113,12,100
598001,598101,598113,12,100
598001,598102,598115,13,101
598001,598102,598115,13,101
598001,598102,598114,12,101
598001,598114,598116,2,113
598001,598114,598116,2,113
598001,598103,598116,13,102
598001,598103,598117,14,102
598001,598113,598117,4,112
598001,598113,598116,3,112
598001,598108,598118,10,107
598001,598115,598118,3,114
598001,598113,598118,5,112
598001,598113,598118,5,112
598001,598113,598117,4,112
598001,598114,598118,4,113
598001,598115,598118,3,114
598001,598116,598119,3,115
598001,598115,598120,5,114
598001,598112,598119,7,111
598001,598115,598119,4,114
598001,598117,598120,3,116
598001,598116,598119,3,115
598001,598117,598119,2,116
598001,598118,598121,3,117
598001,598118,598121,3,117
598001,598118,598121,3,117
598001,598116,598120,4,115
598001,598117,598120,3,116
598001,598118,598122,4,117
598001,598119,598122,3,118
598001,598112,598121,9,111
598001,598118,598122,4,117
598001,598120,598123,3,119
598001,598120,598123,3,119
598001,598120,598123,3,119
598001,598120,598124,4,119
598001,598120,598124,4,119
598001,598121,598125,4,120
598001,598120,598125,5,119
598001,598121,598125,4,120
598001,598122,598124,2,121
598001,598123,598125,2,122
598001,598121,598124,3,120
598001,598123,598125,2,122
598001,598119,598124,5,118
598001,598119,598124,5,118
598001,598121,598124,3,120
598001,598121,598124,3,120
598001,598123,598126,3,122
598001,598123,598125,2,122
598001,598122,598125,3,121
598001,598124,598127,3,123
598029,598125,598127,2,96
598029,598125,598127,2,96
598001,598124,598126,2,123
598001,598124,598126,2,123
598029,598125,598128,3,96
598029,598125,598128,3,96
598029,598125,598127,2,96
598029,598125,598127,2,96
598029,598125,598128,3,96
598029,598125,598128,3,96
598029,598125,598128,3,96
598029,598125,598130,5,96
598029,598126,598135,9,97
598029,598127,598135,8,98
597556,597673,598136,463,117
598029,598127,598136,9,98
598029,598126,598137,11,97
598029,598128,598137,9,99
598029,598126,598138,12,97
598029,598128,598138,10,99
598029,598128,598139,11,99
598029,598127,598139,12,98
598029,598129,598139,10,100
598029,598130,598139,9,101
598029,598128,598139,11,99
598029,598129,598140,11,100
598029,598128,598139,11,99
598029,598129,598141,12,100
598029,598138,598143,5,109
598029,598128,598143,15,99
598029,598139,598143,4,110
598029,598139,598143,4,110
598029,598140,598143,3,111
598029,598140,598144,4,111
598029,598140,598144,4,111
598029,598139,598144,5,110
598029,598136,598144,8,107
598029,598143,598145,2,114
598029,598140,598144,4,111
598029,598141,598144,3,112
598029,598135,598146,11,106
598029,598136,598145,9,107
598029,598143,598146,3,114
598029,598138,598146,8,109
598029,598135,598145,10,106
598029,598143,598146,3,114
598029,598143,598145,2,114
598029,598137,598146,9,108
598029,598143,598146,3,114
598029,598137,598147,10,108
598029,598144,598149,5,115
598029,598146,598149,3,117
598029,598144,598149,5,115
598029,598146,598149,3,117
598029,598145,598150,5,116
598029,598144,598149,5,115
598029,598146,598150,4,117
598029,598145,598150,5,116
598029,598146,598149,3,117
598029,598145,598149,4,116
598029,598146,598150,4,117
598029,598146,598150,4,117
598029,598146,598149,3,117
598029,598147,598151,4,118
598029,598144,598150,6,115
598029,598147,598150,3,118
598029,598149,598151,2,120
598029,598149,598151,2,120
598029,598149,598152,3,120
598029,598150,598152,2,121
598029,598148,598151,3,119
598029,598149,598151,2,120
598029,598150,598153,3,121
598029,598150,598153,3,121
598029,598150,598152,2,121
598042,598151,598153,2,109
598029,598150,598153,3,121
598042,598151,598153,2,109
598029,598150,598154,4,121
598042,598151,598153,2,109
598042,598151,598154,3,109
598029,598150,598153,3,121
598042,598151,598153,2,109
598042,598152,598154,2,110
598042,598151,598153,2,109
598042,598152,598153,1,110
598042,598152,598156,4,110
598042,598152,598159,7,110
598042,598153,598162,9,111
598042,598154,598162,8,112
598042,598153,598164,11,111
598042,598154,598164,10,112
598042,598154,598165,11,112
598042,598156,598165,9,114
598042,598153,598164,11,111
598042,598153,598165,12,111
598042,598154,598166,12,112
598042,598154,598165,11,112
598042,598153,598167,14,111
598042,598154,598167,13,112
598042,598154,598166,12,112
598042,598154,598166,12,112
598042,598154,598167,13,112
598042,598164,598168,4,122
598042,598164,598168,4,122
598042,598159,598168,9,117
598042,598165,598168,3,123
598042,598166,598170,4,124
598042,598165,598170,5,123
598042,598162,598169,7,120
598042,598167,598170,3,125
598042,598167,598171,4,125
598042,598165,598170,5,123
598042,598166,598171,5,124
598042,598166,598170,4,124
598042,598167,598171,4,125
598042,598168,598171,3,126
598042,598168,598171,3,126
598042,598170,598172,2,128
598042,598167,598172,5,125
598042,598167,598171,4,125
598042,598169,598173,4,127
598042,598168,598173,5,126
598042,598170,598173,3,128
598042,598162,598172,10,120
598042,598170,598174,4,128
598042,598171,598174,3,129
598042,598170,598174,4,128
598042,598171,598174,3,129
598042,598172,598175,3,130
598042,598171,598174,3,129
598042,598171,598174,3,129
598042,598171,598175,4,129
598042,598172,598175,3,130
598042,598174,598176,2,132
598042,598172,598176,4,130
598042,598171,598176,5,129
598042,598172,598175,3,130
598042,598173,598177,4,131
598042,598173,598176,3,131
598042,598175,598177,2,133
598042,598173,598177,4,131
598042,598174,598177,3,132
598042,598173,598176,3,131
598042,598176,598178,2,134
598042,598174,598177,3,132
598042,598175,598178,3,133
598042,598174,598177,3,132
598067,598177,598179,2,110
598042,598176,598179,3,134
598042,598175,598178,3,133
598042,598176,598178,2,134
598042,598175,598178,3,133
598042,598176,598179,3,134
598067,598177,598180,3,110
598067,598177,598179,2,110
598067,598177,598180,3,110
598067,598177,598179,2,110
598067,598178,598181,3,111
598067,598178,598181,3,111
598067,598178,598181,3,111
598067,598177,598181,4,110
598067,598178,598181,3,111
598067,598179,598188,9,112
598067,598179,598189,10,112
598067,598180,598190,10,113
598067,598180,598190,10,113
598067,598179,598190,11,112
598067,598181,598190,9,114
598067,598179,598191,12,112
598067,598179,598191,12,112
598067,598180,598191,11,113
598067,598181,598192,11,114
598067,598180,598193,13,113
598067,598180,598192,12,113
598067,598182,598193,11,115
598067,598181,598193,12,114
598067,598182,598194,12,115
598067,598188,598196,8,121
598067,598193,598197,4,126
598067,598193,598198,5,126
598067,598189,598198,9,122
598067,598190,598198,8,123
598067,598193,598199,6,126
598067,598190,598199,9,123
598067,598193,598199,6,126
598067,598190,598200,10,123
598067,598191,598200,9,124
598067,598191,598201,10,124
598067,598192,598201,9,125
598067,598190,598201,11,123
598067,598191,598201,10,124
598067,598196,598201,5,129
598067,598196,598203,7,129
598067,598197,598204,7,130
598067,598199,598205,6,132
598067,598198,598205,7,131
598067,598201,598206,5,134
598067,598199,598206,7,132
598067,598200,598206,6,133
598067,598202,598207,5,135
598067,598198,598206,8,131
598067,598200,598206,6,133
598067,598201,598206,5,134
598067,598201,598207,6,134
598067,598198,598206,8,131
598067,598203,598208,5,136
598067,598202,598208,6,135
598067,598205,598209,4,138
598067,598200,598208,8,133
598067,598205,598208,3,138
598067,598206,598209,3,139
598067,598207,598210,3,140
598067,598207,598210,3,140
598067,598207,598210,3,140
598067,598207,598209,2,140
598067,598208,598210,2,141
598067,598207,598210,3,140
598067,598206,598209,3,139
598067,598206,598210,4,139
598067,598207,598211,4,140
598067,598205,598211,6,138
598067,598209,598210,1,142
598090,598210,598211,1,120
598090,598210,598212,2,120
598090,598210,598212,2,120
598067,598208,598211,3,141
598067,598209,598212,3,142
598067,598209,598212,3,142
598067,598210,598212,2,143
598090,598211,598213,2,121
598067,598209,598212,3,142
598090,598210,598213,3,120
598090,598210,598212,2,120
598090,598211,598214,3,121
598090,598211,598214,3,121
598090,598211,598213,2,121
598090,598212,598217,5,122
597605,597756,598219,463,151
598090,598212,598223,11,122
598090,598212,598222,10,122
598090,598214,598224,10,124
598090,598214,598223,9,124
598090,598212,598224,12,122
598090,598212,598225,13,122
598090,598213,598225,12,123
598090,598212,598225,13,122
598090,598214,598226,12,124
598090,598217,598226,9,127
598090,598213,598225,12,123
598090,598213,598227,14,123
598090,598213,598226,13,123
598090,598213,598227,14,123
598090,598224,598228,4,134
598090,598226,598228,2,136
598090,598219,598229,10,129
598090,598226,598229,3,136
598090,598224,598229,5,134
598090,598225,598230,5,135
598090,598225,598230,5,135
598090,598223,598230,7,133
598090,598223,598230,7,133
598090,598227,598230,3,137
598090,598225,598230,5,135
598090,598226,598231,5,136
598090,598224,598230,6,134
598090,598227,598230,3,137
598090,598228,598232,4,138
598090,598230,598232,2,140
598090,598228,598231,3,138
598090,598228,598231,3,138
598090,598229,598233,4,139
598090,598230,598232,2,140
598090,598229,598233,4,139
598090,598230,598234,4,140
598090,598230,598234,4,140
598090,598230,598234,4,140
598090,598230,598233,3,140
598090,598230,598233,3,140
598090,598232,598235,3,142
598090,598232,598236,4,142
598090,598231,598236,5,141
598090,598232,598235,3,142
598090,598233,598236,3,143
598090,598231,598236,5,141
598090,598233,598237,4,143
598090,598233,598236,3,143
598090,598235,598237,2,145
598090,598233,598236,3,143
598090,598234,598237,3,144
598090,598234,598237,3,144
598090,598235,598238,3,145
598090,598236,598238,2,146
598090,598235,598237,2,145
598090,598234,598237,3,144
598090,598231,598237,6,141
598090,598236,598239,3,146
598090,598236,598238,2,146
598090,598237,598240,3,147
598090,598237,598240,3,147
598090,598237,598239,2,147
598090,598236,598240,4,146
598090,598237,598239,2,147
598138,598238,598241,3,100
598138,598238,598241,3,100
598138,598237,598241,4,99
598090,598237,598240,3,147
598138,598238,598240,2,100
598138,598238,598242,4,100
598138,598239,598241,2,101
598138,598238,598241,3,100
598138,598239,598241,2,101
598138,598240,598243,3,102
598138,598240,598246,6,102
597611,597784,598248,464,173
598138,598240,598249,9,102
598138,598240,598251,11,102
598138,598240,598251,11,102
598138,598241,598251,10,103
598138,598241,598251,10,103
598138,598244,598253,9,106
597772,597941,598252,311,169
598138,598242,598253,11,104
598138,598241,598253,12,103
598138,598242,598254,12,104
598138,598241,598254,13,103
598138,598241,598254,13,103
598138,598242,598254,12,104
598138,598253,598255,2,115
598138,598253,598256,3,115
598138,598246,598257,11,108
598138,598242,598257,15,104
598138,598253,598257,4,115
598138,598248,598258,10,110
598138,598254,598257,3,116
598138,598256,598258,2,118
597623,597810,598257,447,187
598138,598255,598259,4,117
598138,598255,598259,4,117
598138,598251,598259,8,113
598138,598249,598258,9,111
598138,598255,598259,4,117
598138,598251,598260,9,113
598138,598257,598260,3,119
598138,598252,598260,8,114
598138,598253,598259,6,115
598138,598255,598259,4,117
598138,598258,598261,3,120
598138,598251,598261,10,113
598138,598257,598262,5,119
598138,598258,598261,3,120
598138,598258,598261,3,120
598138,598258,598262,4,120
598138,598259,598262,3,121
598138,598257,598261,4,119
598138,598260,598264,4,122
598138,598260,598264,4,122
598138,598259,598263,4,121
598138,598259,598264,5,121
598138,598261,598264,3,123
598138,598260,598265,5,122
598138,598261,598265,4,123
598138,598260,598264,4,122
598138,598262,598265,3,124
598138,598260,598265,5,122
598138,598259,598264,5,121
598138,598262,598266,4,124
598138,598264,598266,2,126
598138,598259,598265,6,121
598138,598262,598265,3,124
598138,598262,598265,3,124
598138,598262,598265,3,124
598138,598264,598266,2,126
598138,598265,598267,2,127
598138,598264,598267,3,126
598138,598265,598267,2,127
598138,598265,598267,2,127
598138,598262,598266,4,124
598138,598265,598267,2,127
598224,598266,598268,2,42
598138,598265,598267,2,127
598138,598264,598267,3,126
598138,598265,598269,4,127
598224,598267,598269,2,43
598224,598267,598268,1,43
598224,598266,598269,3,42
598224,598266,598270,4,42
598224,598266,598270,4,42
598224,598266,598271,5,42
598224,598267,598271,4,43
598224,598267,598270,3,43
598224,598266,598271,5,42
598224,598267,598275,8,43
598224,598269,598278,9,45
598224,598268,598278,10,44
598224,598268,598279,11,44
598224,598267,598279,12,43
598224,598270,598279,9,46
598224,598268,598279,11,44
598224,598269,598279,10,45
598224,598268,598280,12,44
598224,598270,598281,11,46
598224,598271,598280,9,47
598224,598271,598281,10,47
598224,598269,598282,13,45
598224,598271,598282,11,47
598224,598269,598283,14,45
598224,598275,598284,9,51
598224,598272,598285,13,48
598224,598278,598286,8,54
598224,598279,598288,9,55
598224,598279,598289,10,55
598224,598279,598289,10,55
598224,598281,598290,9,57
598224,598279,598290,11,55
598224,598281,598290,9,57
598224,598279,598291,12,55
598224,598281,598290,9,57
598224,598281,598291,10,57
598224,598282,598292,10,58
598224,598281,598292,11,57
598224,598289,598292,3,65
598224,598282,598292,10,58
598224,598288,598293,5,64
598224,598286,598292,6,62
598224,598289,598292,3,65
598224,598283,598293,10,59
598224,598290,598294,4,66
598224,598284,598294,10,60
598224,598290,598294,4,66
598224,598285,598295,10,61
598224,598292,598296,4,68
598224,598292,598296,4,68
598224,598292,598296,4,68
598224,598293,598296,3,69
598224,598290,598295,5,66
598224,598292,598297,5,68
598224,598291,598296,5,67
598224,598292,598297,5,68
598224,598293,598297,4,69
598224,598293,598296,3,69
598224,598294,598296,2,70
598224,598294,598298,4,70
598224,598296,598298,2,72
598224,598291,598297,6,67
598224,598294,598297,3,70
598224,598296,598297,1,72
598224,598296,598299,3,72
598224,598293,598299,6,69
598224,598295,598298,3,71
598224,598296,598298,2,72
598224,598297,598299,2,73
598224,598297,598300,3,73
598224,598297,598299,2,73
598224,598297,598300,3,73
598252,598298,598300,2,46
598224,598297,598300,3,73
598252,598298,598300,2,46
598224,598297,598299,2,73
598252,598298,598301,3,46
598252,598298,598301,3,46
598252,598299,598302,3,47
598252,598299,598302,3,47
598252,598298,598302,4,46
598252,598299,598301,2,47
598252,598299,598301,2,47
598252,598299,598303,4,47
597651,597835,598305,470,184
598252,598300,598308,8,48
598252,598302,598309,7,50
598252,598304,598310,6,52
598252,598300,598310,10,48
598252,598300,598311,11,48
598252,598305,598311,6,53
598252,598300,598311,11,48
597800,597973,598310,337,173
598252,598300,598310,10,48
598252,598302,598311,9,50
598252,598302,598312,10,50
598252,598301,598312,11,49
598252,598300,598312,12,48
598252,598301,598312,11,49
598252,598302,598312,10,50
598252,598300,598312,12,48
598252,598302,598315,13,50
598252,598309,598317,8,57
598252,598309,598317,8,57
598252,598313,598317,4,61
598252,598313,598319,6,61
598252,598315,598319,4,63
598252,598311,598319,8,59
598252,598310,598319,9,58
598252,598317,598320,3,65
598252,598317,598319,2,65
598252,598311,598320,9,59
598252,598311,598321,10,59
598252,598311,598320,9,59
598252,598310,598321,11,58
598252,598312,598321,9,60
598252,598313,598321,8,61
598252,598319,598322,3,67
598252,598318,598322,4,66
598252,598313,598322,9,61
598252,598311,598321,10,59
598252,598319,598323,4,67
598252,598319,598323,4,67
598252,598312,598322,10,60
598252,598319,598322,3,67
598252,598312,598322,10,60
598252,598320,598323,3,68
598252,598322,598324,2,70
598252,598322,598325,3,70
598252,598320,598325,5,68
598252,598323,598326,3,71
598252,598321,598325,4,69
598252,598322,598325,3,70
598252,598323,598325,2,71
598252,598324,598326,2,72
598252,598321,598326,5,69
598252,598321,598325,4,69
598252,598321,598325,4,69
598252,598323,598326,3,71
598252,598323,598326,3,71
598252,598324,598326,2,72
598252,598323,598326,3,71
598252,598320,598326,6,68
598252,598322,598326,4,70
598252,598326,598328,2,74
598252,598326,598327,1,74
598253,598326,598328,2,73
598252,598325,598328,3,73
598252,598325,598328,3,73
598252,598321,598327,6,69
598253,598326,598329,3,73
598252,598326,598328,2,74
598253,598326,598329,3,73
598253,598326,598328,2,73
598252,598326,598328,2,74
598253,598326,598329,3,73
598253,598327,598329,2,74
598253,598327,598329,2,74
598253,598327,598330,3,74
598253,598326,598329,3,73
598253,598328,598331,3,75
598253,598328,598335,7,75
598253,598329,598337,8,76
598253,598329,598338,9,76
598253,598328,598338,10,75
598253,598329,598338,9,76
598253,598328,598338,10,75
598253,598328,598339,11,75
598253,598331,598340,9,78
598253,598329,598340,11,76
598253,598329,598340,11,76
598253,598328,598341,13,75
598253,598330,598341,11,77
598253,598330,598340,10,77
598253,598330,598340,10,77
598253,598330,598342,12,77
598253,598330,598341,11,77
597688,597862,598342,480,174
598253,598335,598344,9,82
597716,597887,598344,457,171
598253,598337,598346,9,84
598253,598341,598346,5,88
598253,598338,598347,9,85
598253,598343,598348,5,90
598253,598341,598348,7,88
598253,598344,598348,4,91
598253,598342,598348,6,89
598253,598338,598348,10,85
598253,598342,598349,7,89
598253,598340,598348,8,87
598253,598341,598350,9,88
598253,598338,598349,11,85
598253,598339,598349,10,86
598253,598340,598350,10,87
597878,598027,598350,323,149
598253,598338,598349,11,85
598253,598340,598349,9,87
598253,598346,598351,5,93
598253,598341,598351,10,88
598253,598347,598351,4,94
598253,598344,598351,7,91
598253,598346,598351,5,93
598253,598348,598352,4,95
598253,598348,598353,5,95
598253,598348,598353,5,95
598253,598348,598352,4,95
598253,598349,598352,3,96
598253,598350,598353,3,97
598253,598351,598353,2,98
598253,598349,598353,4,96
598253,598350,598354,4,97
598253,598350,598354,4,97
598253,598351,598354,3,98
598253,598351,598353,2,98
598253,598348,598354,6,95
598253,598351,598355,4,98
598253,598350,598355,5,97
598253,598353,598355,2,100
598253,598353,598355,2,100
598253,598352,598355,3,99
598253,598350,598356,6,97
598259,598354,598356,2,95
598253,598350,598355,5,97
598253,598353,598356,3,100
598253,598351,598355,4,98
598253,598353,598355,2,100
598259,598354,598356,2,95
598253,598350,598356,6,97
598253,598353,598356,3,100
598253,598354,598356,2,101
598259,598355,598357,2,96
598253,598353,598356,3,100
598259,598355,598358,3,96
598259,598355,598358,3,96
598259,598355,598357,2,96
598259,598354,598357,3,95
598259,598354,598357,3,95
598259,598355,598357,2,96
598259,598356,598361,5,97
598259,598356,598362,6,97
598259,598358,598364,6,99
598259,598359,598364,5,100
598259,598358,598365,7,99
598259,598357,598365,8,98
598259,598356,598366,10,97
598259,598357,598366,9,98
598259,598359,598366,7,100
598259,598356,598366,10,97
598259,598357,598367,10,98
598259,598358,598367,9,99
598259,598356,598368,12,97
598259,598356,598368,12,97
598259,598356,598368,12,97
598259,598356,598368,12,97
598259,598358,598367,9,99
598259,598357,598369,12,98
598259,598362,598371,9,103
598259,598361,598370,9,102
598259,598368,598372,4,109
598259,598368,598372,4,109
598259,598368,598372,4,109
598259,598369,598372,3,110
598259,598371,598373,2,112
598259,598368,598373,5,109
598259,598365,598374,9,106
598259,598364,598374,10,105
598259,598365,598374,9,106
598259,598364,598373,9,105
598259,598366,598374,8,107
598259,598372,598376,4,113
598259,598371,598376,5,112
598259,598372,598376,4,113
598259,598367,598376,9,108
598259,598367,598375,8,108
598259,598366,598376,10,107
598259,598372,598377,5,113
598259,598368,598377,9,109
598259,598374,598377,3,115
598259,598366,598376,10,107
598259,598373,598378,5,114
598259,598372,598378,6,113
598259,598373,598378,5,114
598259,598374,598377,3,115
598259,598374,598379,5,115
598259,598367,598379,12,108
598259,598377,598379,2,118
598259,598374,598379,5,115
598259,598376,598379,3,117
598259,598376,598380,4,117
598259,598376,598380,4,117
598259,598376,598379,3,117
598259,598377,598380,3,118
598259,598375,598379,4,116
598259,598378,598380,2,119
598259,598377,598379,2,118
598259,598377,598380,3,118
598259,598379,598381,2,120
598259,598377,598380,3,118
598259,598378,598380,2,119
598259,598378,598381,3,119
598259,598378,598381,3,119
598259,598379,598381,2,120
598259,598379,598382,3,120
598311,598380,598382,2,69
598259,598377,598381,4,118
598311,598380,598382,2,69
598311,598379,598382,3,68
598311,598380,598382,2,69
598311,598380,598383,3,69
598311,598380,598382,2,69
598311,598380,598384,4,69
598311,598380,598383,3,69
598311,598380,598384,4,69
598311,598381,598383,2,70
598311,598384,598390,6,73
598311,598385,598391,6,74
598311,598381,598391,10,70
598311,598382,598392,10,71
598311,598383,598391,8,72
598311,598382,598392,10,71
598311,598384,598392,8,73
598311,598382,598392,10,71
598311,598382,598392,10,71
598311,598382,598392,10,71
598311,598381,598392,11,70
598311,598381,598393,12,70
598311,598382,598394,12,71
598311,598382,598394,12,71
598311,598384,598394,10,73
598311,598383,598393,10,72
598311,598384,598394,10,73
597773,597941,598396,455,168
598311,598394,598399,5,83
598311,598392,598399,7,81
598311,598390,598399,9,79
598311,598395,598400,5,84
598311,598392,598400,8,81
598311,598394,598400,6,83
598311,598394,598400,6,83
598311,598397,598400,3,86
598311,598391,598401,10,80
598311,598391,598400,9,80
598311,598392,598402,10,81
598311,598394,598402,8,83
598311,598392,598401,9,81
598311,598393,598402,9,82
598311,598392,598402,10,81
598311,598392,598402,10,81
598311,598393,598403,10,82
598311,598399,598402,3,88
598311,598392,598402,10,81
598311,598400,598404,4,89
598311,598399,598403,4,88
597987,598076,598404,328,89
598311,598399,598403,4,88
598311,598400,598405,5,89
598311,598401,598404,3,90
598311,598400,598405,5,89
598311,598401,598406,5,90
598311,598402,598406,4,91
598311,598400,598406,6,89
598311,598402,598406,4,91
598311,598400,598406,6,89
598311,598403,598406,3,92
598311,598403,598407,4,92
598311,598402,598407,5,91
598311,598403,598407,4,92
598311,598403,598406,3,92
598311,598404,598407,3,93
598311,598404,598407,3,93
598311,598404,598406,2,93
598311,598402,598406,4,91
598311,598402,598407,5,91
598311,598406,598407,1,95
598311,598405,598408,3,94
598311,598406,598408,2,95
598311,598404,598408,4,93
598311,598406,598408,2,95
598312,598407,598409,2,95
598311,598406,598409,3,95
598311,598406,598408,2,95
598312,598406,598410,4,94
598312,598407,598410,3,95
598312,598407,598410,3,95
598311,598405,598409,4,94
598312,598408,598411,3,96
598312,598408,598410,2,96
598312,598407,598410,3,95
598312,598407,598410,3,95
598312,598408,598413,5,96
598312,598407,598412,5,95
598312,598408,598419,11,96
598312,598409,598419,10,97
598312,598409,598419,10,97
598312,598409,598419,10,97
598312,598410,598420,10,98
598312,598409,598421,12,97
598312,598409,598421,12,97
598312,598409,598421,12,97
598312,598411,598421,10,99
598312,598410,598422,12,98
598312,598411,598421,10,99
598312,598410,598423,13,98
598312,598409,598423,14,97
598312,598411,598423,12,99
598312,598413,598422,9,101
598312,598410,598422,12,98
598312,598413,598424,11,101
598312,598411,598423,12,99
598312,598422,598426,4,110
598312,598422,598426,4,110
598312,598422,598427,5,110
598312,598423,598427,4,111
598312,598419,598428,9,107
598312,598423,598428,5,111
598312,598423,598428,5,111
598312,598423,598428,5,111
598312,598420,598429,9,108
598312,598419,598428,9,107
598312,598423,598429,6,111
598312,598420,598430,10,108
598312,598425,598430,5,113
598312,598419,598429,10,107
598312,598424,598430,6,112
598312,598421,598431,10,109
598312,598427,598431,4,115
598312,598421,598431,10,109
598312,598421,598432,11,109
598312,598426,598432,6,114
598312,598429,598432,3,117
598312,598428,598431,3,116
598312,598430,598432,2,118
598312,598426,598431,5,114
598312,598427,598433,6,115
598312,598429,598433,4,117
598312,598430,598432,2,118
598312,598428,598432,4,116
598312,598429,598432,3,117
598312,598431,598434,3,119
598312,598428,598433,5,116
598312,598430,598434,4,118
598312,598428,598434,6,116
598312,598431,598434,3,119
598312,598432,598434,2,120
598312,598432,598434,2,120
598312,598433,598434,1,121
598312,598430,598435,5,118
598312,598432,598435,3,120
598312,598431,598435,4,119
598312,598432,598434,2,120
598312,598433,598435,2,121
598312,598433,598436,3,121
598312,598433,598436,3,121
598312,598432,598435,3,120
598312,598433,598436,3,121
598312,598432,598435,3,120
598344,598434,598436,2,90
598344,598434,598436,2,90
598344,598434,598436,2,90
598344,598435,598436,1,91
598344,598435,598437,2,91
598344,598434,598437,3,90
598344,598434,598437,3,90
598344,598435,598437,2,91
598344,598435,598439,4,91
598344,598435,598439,4,91
598344,598435,598442,7,91
598344,598437,598445,8,93
598344,598438,598445,7,94
598344,598435,598446,11,91
598344,598437,598445,8,93
598344,598437,598446,9,93
598344,598436,598446,10,92
598344,598436,598446,10,92
598344,598439,598446,7,95
598344,598439,598446,7,95
598344,598437,598447,10,93
598344,598436,598447,11,92
598344,598437,598448,11,93
598344,598436,598447,11,92
598344,598436,598448,12,92
598344,598436,598448,12,92
598344,598436,598448,12,92
598344,598442,598450,8,98
598344,598448,598452,4,104
598344,598448,598452,4,104
598344,598448,598453,5,104
598344,598448,598453,5,104
598344,598445,598455,10,101
598344,598446,598455,9,102
598344,598451,598455,4,107
597814,598003,598455,452,189
598344,598446,598455,9,102
598344,598446,598455,9,102
598344,598453,598456,3,109
598344,598448,598456,8,104
598344,598446,598456,10,102
598344,598452,598457,5,108
598344,598446,598456,10,102
598344,598448,598457,9,104
598344,598446,598457,11,102
598344,598446,598456,10,102
598344,598452,598456,4,108
598344,598445,598457,12,101
598344,598447,598458,11,103
598344,598455,598459,4,111
598344,598453,598458,5,109
598344,598456,598459,3,112
598344,598456,598460,4,112
598344,598455,598460,5,111
598344,598457,598460,3,113
598344,598455,598460,5,111
598344,598457,598461,4,113
598344,598457,598461,4,113
598344,598456,598461,5,112
598344,598457,598460,3,113
598344,598456,598460,4,112
598344,598458,598461,3,114
598344,598455,598460,5,111
598344,598456,598461,5,112
598344,598457,598461,4,113
598344,598460,598462,2,116
598344,598458,598461,3,114
598344,598459,598461,2,115
598344,598460,598462,2,116
598344,598458,598462,4,114
598344,598460,598463,3,116
598344,598459,598462,3,115
598344,598460,598463,3,116
598344,598460,598462,2,116
598345,598461,598464,3,116
598345,598461,598464,3,116
598345,598461,598463,2,116
598345,598461,598463,2,116
598344,598461,598463,2,117
598345,598462,598464,2,117
598344,598461,598463,2,117
598345,598462,598465,3,117
598345,598462,598465,3,117
598345,598462,598464,2,117
598345,598462,598464,2,117
598345,598462,598466,4,117
598345,598465,598471,6,120
598345,598464,598472,8,119
598345,598464,598473,9,119
598345,598462,598473,11,117
598345,598464,598474,10,119
598345,598464,598474,10,119
598345,598463,598474,11,118
598345,598465,598474,9,120
598345,598465,598475,10,120
598345,598466,598475,9,121
598345,598463,598475,12,118
598345,598463,598475,12,118
598345,598463,598474,11,118
598345,598465,598476,11,120
598345,598464,598476,12,119
598345,598464,598475,11,119
598345,598464,598476,12,119
598345,598471,598480,9,126
598345,598472,598482,10,127
598345,598473,598483,10,128
598345,598477,598484,7,132
598345,598475,598484,9,130
598345,598475,598484,9,130
598345,598477,598484,7,132
598345,598474,598485,11,129
598345,598476,598485,9,131
598345,598475,598484,9,130
598345,598480,598486,6,135
598345,598475,598485,10,130
598345,598474,598486,12,129
598345,598482,598486,4,137
598345,598474,598486,12,129
598345,598476,598486,10,131
598345,598474,598486,12,129
598345,598473,598488,15,128
598345,598475,598488,13,130
598345,598483,598487,4,138
598345,598484,598488,4,139
598345,598485,598489,4,140
598345,598484,598489,5,139
598345,598484,598488,4,139
598345,598485,598489,4,140
598345,598484,598490,6,139
598345,598486,598490,4,141
598345,598486,598489,3,141
598345,598487,598491,4,142
598345,598488,598491,3,143
598345,598485,598491,6,140
598345,598488,598491,3,143
598345,598487,598491,4,142
598345,598486,598490,4,141
598345,598488,598492,4,143
598345,598488,598492,4,143
598345,598489,598491,2,144
598345,598489,598491,2,144
598345,598491,598492,1,146
598345,598487,598492,5,142
598345,598490,598492,2,145
598345,598491,598493,2,146
598345,598489,598493,4,144
598345,598489,598493,4,144
598345,598490,598493,3,145
598345,598489,598493,4,144
598345,598491,598493,2,146
598345,598490,598493,3,145
598351,598492,598495,3,141
598351,598491,598494,3,140
598351,598492,598495,3,141
598351,598493,598495,2,142
598351,598491,598495,4,140
598351,598492,598495,3,141
598351,598492,598495,3,141
598351,598492,598496,4,141
598351,598492,598496,4,141
598351,598493,598496,3,142
598351,598493,598504,11,142
598351,598493,598504,11,142
598351,598496,598505,9,145
598351,598493,598505,12,142
598351,598493,598505,12,142
598351,598495,598506,11,144
598351,598495,598505,10,144
598351,598494,598505,11,143
598351,598495,598507,12,144
598351,598496,598507,11,145
598351,598496,598506,10,145
598351,598494,598506,12,143
598351,598496,598507,11,145
598351,598495,598507,12,144
598351,598497,598507,10,146
598351,598496,598507,11,145
597934,598052,598508,456,118
598351,598507,598512,5,156
598351,598508,598512,4,157
598351,598508,598512,4,157
598351,598505,598513,8,154
598351,598508,598513,5,157
598351,598509,598514,5,158
598351,598504,598513,9,153
598351,598505,598515,10,154
598351,598506,598514,8,155
598351,598505,598515,10,154
598351,598504,598515,11,153
598351,598507,598516,9,156
598351,598507,598516,9,156
598351,598506,598516,10,155
598351,598507,598516,9,156
598351,598507,598515,8,156
598351,598507,598515,8,156
598351,598512,598517,5,161
598351,598513,598517,4,162
598351,598512,598518,6,161
598351,598513,598518,5,162
598351,598517,598519,2,166
598351,598516,598519,3,165
598351,598513,598519,6,162
598351,598515,598519,4,164
598351,598517,598520,3,166
598351,598515,598520,5,164
598351,598517,598520,3,166
598351,598515,598520,5,164
598351,598516,598520,4,165
598351,598516,598521,5,165
598351,598516,598521,5,165
598351,598515,598521,6,164
598351,598519,598521,2,168
598351,598520,598522,2,169
598351,598514,598521,7,163
598351,598514,598522,8,163
598351,598516,598521,5,165
598351,598518,598521,3,167
598351,598519,598521,2,168
598351,598520,598522,2,169
598351,598520,598523,3,169
598351,598520,598523,3,169
598351,598520,598522,2,169
598351,598520,598523,3,169
598351,598518,598522,4,167
598397,598522,598524,2,125
598351,598519,598523,4,168
598351,598521,598523,2,170
598397,598522,598524,2,125
598351,598521,598523,2,170
598397,598522,598525,3,125
598397,598522,598524,2,125
598397,598522,598525,3,125
598397,598522,598524,2,125
598397,598522,598526,4,125
598397,598522,598525,3,125
598397,598523,598527,4,126
598397,598523,598526,3,126
598397,598523,598531,8,126
598397,598525,598534,9,128
598397,598524,598534,10,127
598397,598525,598534,9,128
598397,598524,598534,10,127
598397,598526,598534,8,129
598397,598524,598535,11,127
598397,598524,598536,12,127
598397,598525,598536,11,128
598397,598523,598536,13,126
598397,598523,598535,12,126
598397,598526,598537,11,129
598397,598525,598536,11,128
598397,598527,598538,11,130
598397,598526,598537,11,129
598397,598527,598539,12,130
598397,598532,598541,9,135
598397,598537,598542,5,140
598397,598537,598542,5,140
598397,598538,598542,4,141
598397,598538,598543,5,141
598397,598534,598543,9,137
598397,598539,598544,5,142
598397,598535,598544,9,138
598397,598535,598544,9,138
598397,598534,598544,10,137
598397,598535,598545,10,138
598397,598537,598544,7,140
598397,598534,598544,10,137
598397,598536,598545,9,139
598397,598536,598545,9,139
598397,598536,598546,10,139
598397,598541,598545,4,144
598002,598125,598547,422,123
598397,598543,598547,4,146
598397,598544,598547,3,147
598397,598542,598548,6,145
598397,598542,598548,6,145
598397,598544,598548,4,147
598397,598542,598548,6,145
598397,598544,598549,5,147
598397,598545,598549,4,148
598397,598543,598549,6,146
598397,598546,598550,4,149
598397,598547,598550,3,150
598397,598546,598550,4,149
598397,598544,598550,6,147
598397,598548,598550,2,151
598397,598548,598551,3,151
598397,598545,598550,5,148
598397,598547,598551,4,150
598397,598545,598550,5,148
598397,598548,598550,2,151
598397,598548,598551,3,151
598397,598546,598550,4,149
598397,598549,598552,3,152
598397,598549,598552,3,152
598397,598548,598552,4,151
598397,598548,598551,3,151
598397,598550,598553,3,153
598397,598550,598553,3,153
598397,598549,598553,4,152
598397,598550,598553,3,153
598397,598550,598552,2,153
598397,598551,598552,1,154
598397,598551,598552,1,154
598405,598551,598554,3,146
598405,598551,598553,2,146
598405,598552,598554,2,147
598405,598551,598554,3,146
598405,598551,598553,2,146
598405,598552,598555,3,147
598405,598552,598555,3,147
598405,598552,598554,2,147
598405,598552,598554,2,147
598405,598553,598557,4,148
597993,598100,598559,459,107
598405,598555,598562,7,150
598405,598555,598563,8,150
598405,598553,598563,10,148
598405,598557,598563,6,152
598405,598553,598564,11,148
598405,598553,598563,10,148
598405,598554,598564,10,149
598405,598553,598563,10,148
598405,598553,598563,10,148
598405,598554,598565,11,149
598405,598554,598565,11,149
598405,598559,598566,7,154
598405,598555,598566,11,150
598405,598555,598565,10,150
598405,598554,598565,11,149
598405,598553,598566,13,148
598405,598554,598567,13,149
598405,598562,598569,7,157
598405,598563,598571,8,158
598405,598563,598571,8,158
598405,598567,598572,5,162
598405,598564,598573,9,159
598405,598565,598573,8,160
598405,598567,598573,6,162
598405,598564,598573,9,159
598405,598567,598573,6,162
598405,598565,598574,9,160
598405,598565,598573,8,160
598405,598564,598574,10,159
598405,598565,598573,8,160
598405,598564,598573,9,159
598405,598569,598575,6,164
598405,598569,598575,6,164
598405,598567,598574,7,162
598139,598265,598574,309,126
598405,598566,598575,9,161
598405,598571,598576,5,166
598405,598573,598577,4,168
598405,598574,598577,3,169
598405,598573,598578,5,168
598405,598574,598577,3,169
598405,598576,598578,2,171
598405,598576,598578,2,171
598405,598573,598578,5,168
598405,598572,598578,6,167
598405,598574,598578,4,169
598405,598575,598579,4,170
598405,598575,598579,4,170
598405,598573,598579,6,168
598405,598577,598580,3,172
598405,598575,598579,4,170
598405,598576,598580,4,171
598405,598577,598580,3,172
598405,598573,598579,6,168
598405,598574,598579,5,169
598405,598574,598579,5,169
598405,598571,598579,8,166
598405,598578,598580,2,173
598405,598578,598580,2,173
598405,598578,598581,3,173
598405,598578,598580,2,173
598405,598579,598581,2,174
598405,598578,598581,3,173
598455,598580,598582,2,125
598405,598579,598581,2,174
598405,598579,598581,2,174
598405,598579,598581,2,174
598455,598580,598583,3,125
598455,598580,598583,3,125
598455,598580,598583,3,125
598455,598581,598584,3,126
598455,598580,598584,4,125
598455,598580,598583,3,125
598455,598580,598583,3,125
598455,598580,598584,4,125
598455,598581,598586,5,126
598029,598151,598586,435,122
598455,598581,598589,8,126
598455,598581,598591,10,126
598455,598582,598592,10,127
598455,598581,598593,12,126
598455,598581,598593,12,126
598455,598583,598594,11,128
598455,598582,598594,12,127
598455,598583,598595,12,128
598455,598583,598595,12,128
598455,598584,598594,10,129
598455,598583,598595,12,128
598455,598584,598595,11,129
598455,598584,598596,12,129
598455,598586,598595,9,131
598455,598586,598595,9,131
598455,598584,598597,13,129
598455,598589,598597,8,134
598455,598584,598597,13,129
598455,598585,598598,13,130
598455,598595,598599,4,140
598455,598595,598599,4,140
598455,598591,598600,9,136
598455,598596,598600,4,141
598455,598596,598600,4,141
598455,598595,598600,5,140
598455,598596,598601,5,141
598455,598597,598601,4,142
598455,598597,598602,5,142
598455,598592,598601,9,137
598455,598597,598603,6,142
598455,598593,598603,10,138
598455,598594,598602,8,139
598455,598594,598603,9,139
598455,598595,598604,9,140
598455,598599,598604,5,144
598455,598600,598604,4,145
598455,598598,598603,5,143
598455,598600,598604,4,145
598455,598601,598605,4,146
598455,598599,598605,6,144
598455,598600,598606,6,145
598455,598601,598606,5,146
598455,598602,598606,4,147
598455,598602,598606,4,147
598455,598603,598605,2,148
598455,598595,598607,12,140
598455,598604,598606,2,149
598455,598605,598607,2,150
598455,598604,598606,2,149
598455,598594,598606,12,139
598455,598603,598606,3,148
598455,598603,598607,4,148
598455,598603,598607,4,148
598455,598605,598607,2,150
598455,598606,598608,2,151
598455,598604,598607,3,149
598455,598605,598608,3,150
598455,598600,598607,7,145
598455,598604,598607,3,149
598455,598606,598609,3,151
598455,598606,598609,3,151
598455,598606,598609,3,151
598455,598607,598608,1,152
598455,598606,598608,2,151
598509,598607,598608,1,98
598509,598608,598610,2,99
598455,598607,598609,2,152
598509,598607,598610,3,98
598509,598607,598610,3,98
598509,598607,598610,3,98
598509,598608,598611,3,99
598509,598608,598610,2,99
598509,598608,598610,2,99
598042,598176,598612,436,134
598509,598608,598612,4,99
598509,598608,598613,5,99
598509,598608,598616,8,99
598509,598611,598618,7,102
598509,598611,598618,7,102
598509,598612,598618,6,103
598509,598612,598619,7,103
598509,598610,598620,10,101
598509,598609,598620,11,100
598509,598609,598621,12,100
598509,598609,598621,12,100
598509,598609,598621,12,100
598509,598610,598620,10,101
598509,598610,598620,10,101
598509,598613,598621,8,104
598509,598610,598622,12,101
598509,598610,598622,12,101
598509,598610,598622,12,101
598509,598611,598622,11,102
598509,598610,598624,14,101
598509,598621,598626,5,112
598509,598616,598626,10,107
598509,598622,598626,4,113
598509,598621,598627,6,112
598509,598622,598627,5,113
598509,598618,598626,8,109
598509,598618,598627,9,109
598509,598618,598627,9,109
598509,598620,598628,8,111
598509,598619,598629,10,110
598509,598620,598629,9,111
598509,598623,598629,6,114
598509,598623,598628,5,114
598509,598621,598629,8,112
598509,598624,598630,6,115
598509,598621,598630,9,112
598509,598621,598630,9,112
598509,598628,598631,3,119
598509,598626,598632,6,117
598509,598627,598631,4,118
598509,598621,598632,11,112
598509,598627,598632,5,118
598509,598629,598632,3,120
598509,598627,598632,5,118
598509,598629,598633,4,120
598509,598628,598633,5,119
598509,598629,598634,5,120
598509,598626,598634,8,117
598509,598631,598634,3,122
598509,598630,598634,4,121
598509,598626,598633,7,117
598509,598627,598634,7,118
598509,598632,598634,2,123
598509,598632,598635,3,123
598509,598629,598634,5,120
598509,598632,598635,3,123
598509,598630,598634,4,121
598509,598630,598635,5,121
598509,598631,598634,3,122
598509,598632,598634,2,123
598509,598632,598634,2,123
598509,598633,598636,3,124
598509,598632,598635,3,123
598548,598634,598636,2,86
598509,598634,598635,1,125
598548,598635,598636,1,87
598509,598633,598636,3,124
598509,598634,598636,2,125
598548,598635,598637,2,87
598548,598634,598636,2,86
598548,598635,598637,2,87
598509,598634,598636,2,125
598548,598634,598636,2,86
598548,598635,598637,2,87
598548,598635,598638,3,87
598548,598635,598638,3,87
598548,598635,598637,2,87
598252,598326,598640,314,74
598548,598635,598641,6,87
598548,598638,598643,5,90
598548,598638,598642,4,90
598548,598638,598644,6,90
598548,598640,598644,4,92
598548,598637,598645,8,89
598548,598642,598646,4,94
598548,598644,598647,3,96
598548,598643,598647,4,95
598548,598643,598646,3,95
598548,598636,598647,11,88
598548,598644,598647,3,96
598548,598636,598648,12,88
598548,598637,598647,10,89
598548,598637,598647,10,89
598548,598636,598649,13,88
598548,598637,598649,12,89
598548,598637,598649,12,89
598548,598637,598649,12,89
598548,598637,598649,12,89
598548,598637,598650,13,89
598548,598645,598650,5,97
598548,598637,598649,12,89
598548,598637,598649,12,89
598548,598646,598652,6,98
598548,598650,598653,3,102
598548,598651,598654,3,103
598548,598648,598654,6,100
598548,598647,598654,7,99
598548,598650,598654,4,102
598548,598649,598654,5,101
598548,598647,598654,7,99
598548,598648,598653,5,100
598548,598649,598655,6,101
598548,598648,598655,7,100
598548,598647,598655,8,99
598548,598649,598654,5,101
598548,598652,598654,2,104
598548,598649,598654,5,101
598548,598649,598654,5,101
598548,598650,598654,4,102
598548,598654,598656,2,106
598548,598653,598656,3,105
598548,598647,598656,9,99
598548,598654,598655,1,106
598548,598654,598656,2,106
598548,598654,598656,2,106
598548,598654,598656,2,106
598548,598655,598657,2,107
598548,598654,598656,2,106
598548,598647,598656,9,99
598548,598654,598656,2,106
598548,598655,598657,2,107
598548,598655,598657,2,107
598548,598656,598658,2,108
598548,598655,598658,3,107
598548,598656,598658,2,108
598548,598655,598657,2,107
598548,598656,598657,1,108
598548,598657,598658,1,109
598548,598655,598657,2,107
598548,598656,598658,2,108
598548,598656,598659,3,108
598548,598656,598658,2,108
598564,598657,598660,3,93
598564,598657,598660,3,93
598548,598656,598659,3,108
598564,598657,598660,3,93
598564,598658,598659,1,94
598564,598657,598660,3,93
598564,598658,598661,3,94
598564,598658,598660,2,94
598564,598658,598661,3,94
598564,598657,598660,3,93
598564,598657,598660,3,93
598564,598658,598664,6,94
598564,598661,598666,5,97
598067,598210,598667,457,143
598564,598661,598667,6,97
598564,598659,598667,8,95
598564,598664,598668,4,100
598564,598661,598667,6,97
598564,598658,598669,11,94
598090,598237,598669,432,147
598564,598661,598670,9,97
598564,598660,598670,10,96
598564,598658,598670,12,94
598564,598659,598670,11,95
598564,598660,598671,11,96
598564,598661,598671,10,97
598564,598661,598670,9,97
598564,598660,598671,11,96
598564,598658,598670,12,94
598564,598666,598672,6,102
598564,598660,598672,12,96
598564,598660,598671,11,96
598564,598667,598672,5,103
598564,598667,598675,8,103
598564,598667,598677,10,103
598564,598668,598677,9,104
598564,598671,598677,6,107
598564,598671,598677,6,107
598564,598671,598678,7,107
598564,598669,598677,8,105
598564,598670,598679,9,106
598564,598671,598678,7,107
598564,598672,598679,7,108
598564,598670,598679,9,106
598564,598668,598679,11,104
598564,598671,598678,7,107
598564,598672,598678,6,108
598564,598672,598680,8,108
598564,598670,598679,9,106
598564,598672,598680,8,108
598564,598669,598680,11,105
598564,598670,598680,10,106
598564,598675,598681,6,111
598564,598678,598680,2,114
598564,598677,598682,5,113
598564,598679,598682,3,115
598564,598677,598682,5,113
598564,598678,598682,4,114
598564,598677,598683,6,113
598564,598679,598682,3,115
598564,598679,598683,4,115
598564,598677,598682,5,113
598564,598679,598682,3,115
598564,598680,598683,3,116
598564,598679,598683,4,115
598564,598680,598683,3,116
598564,598680,598684,4,116
598564,598681,598684,3,117
598564,598682,598683,1,118
598564,598681,598684,3,117
598564,598679,598683,4,115
598564,598679,598683,4,115
598564,598682,598683,1,118
598564,598682,598685,3,118
598564,598682,598685,3,118
598576,598683,598685,2,107
598564,598681,598684,3,117
598576,598683,598686,3,107
598576,598683,598686,3,107
598576,598684,598685,1,108
598576,598684,598686,2,108
598576,598683,598685,2,107
598576,598683,598685,2,107
598576,598684,598686,2,108
598576,598683,598685,2,107
598564,598682,598685,3,118
598564,598683,598685,2,119
598576,598684,598688,4,108
598576,598688,598691,3,112
598576,598687,598691,4,111
598576,598687,598692,5,111
598576,598687,598691,4,111
598576,598684,598692,8,108
598576,598691,598694,3,115
598576,598686,598694,8,110
598576,598691,598694,3,115
598576,598685,598695,10,109
598576,598692,598695,3,116
598576,598692,598696,4,116
598576,598686,598696,10,110
598576,598686,598696,10,110
598576,598692,598695,3,116
598576,598685,598697,12,109
598576,598694,598697,3,118
598576,598686,598696,10,110
598576,598685,598697,12,109
598576,598686,598697,11,110
598576,598686,598696,10,110
598576,598685,598697,12,109
598576,598686,598698,12,110
598576,598694,598697,3,118
598576,598685,598699,14,109
598576,598694,598698,4,118
598576,598684,598699,15,108
598576,598697,598701,4,121
598576,598695,598702,7,119
598576,598696,598702,6,120
598576,598697,598703,6,121
598576,598696,598702,6,120
598576,598698,598703,5,122
598576,598697,598703,6,121
598576,598696,598703,7,120
598576,598697,598704,7,121
598576,598696,598704,8,120
598576,598698,598703,5,122
598576,598700,598705,5,124
598576,598695,598704,9,119
598576,598702,598705,3,126
598576,598697,598705,8,121
598576,598703,598705,2,127
598576,598697,598704,7,121
598576,598703,598704,1,127
598576,598704,598706,2,128
598576,598701,598706,5,125
598576,598704,598706,2,128
598576,598700,598706,6,124
598576,598703,598705,2,127
598576,598703,598705,2,127
598576,598699,598705,6,123
598576,598698,598706,8,122
598576,598703,598706,3,127
598576,598702,598706,4,126
598576,598706,598707,1,130
598576,598705,598706,1,129
598576,598706,598707,1,130
598576,598705,598707,2,129
598576,598704,598707,3,128
598576,598706,598708,2,130
598576,598705,598707,2,129
598576,598706,598708,2,130
598576,598706,598707,1,130
598576,598705,598707,2,129
598576,598705,598708,3,129
598593,598706,598708,2,113
598593,598707,598708,1,114
598593,598707,598709,2,114
598593,598707,598709,2,114
598593,598707,598709,2,114
598593,598707,598709,2,114
598593,598707,598709,2,114
598593,598707,598709,2,114
598593,598707,598709,2,114
598593,598707,598711,4,114
598593,598711,598715,4,118
598593,598710,598716,6,117
598593,598708,598716,8,115
598593,598710,598717,7,117
598593,598710,598718,8,117
598593,598715,598719,4,122
598593,598709,598719,10,116
598593,598708,598718,10,115
598593,598716,598720,4,123
598593,598708,598720,12,115
598593,598708,598720,12,115
598593,598709,598719,10,116
598593,598709,598719,10,116
598593,598709,598721,12,116
598593,598716,598721,5,123
598593,598708,598720,12,115
598593,598708,598720,12,115
598593,598709,598721,12,116
598593,598718,598720,2,125
598593,598718,598721,3,125
598593,598719,598722,3,126
598593,598708,598722,14,115
598593,598710,598722,12,117
598593,598719,598722,3,126
598593,598719,598723,4,126
598593,598723,598726,3,130
598593,598721,598726,5,128
598593,598720,598726,6,127
598593,598722,598726,4,129
598593,598721,598727,6,128
598593,598721,598727,6,128
598593,598722,598727,5,129
598593,598721,598727,6,128
598593,598721,598727,6,128
598593,598720,598727,7,127
598593,598722,598727,5,129
598593,598726,598728,2,133
598593,598720,598728,8,127
598593,598727,598729,2,134
598593,598723,598729,6,130
598593,598723,598729,6,130
598593,598723,598729,6,130
598593,598720,598728,8,127
598593,598727,598729,2,134
598593,598727,598729,2,134
598593,598726,598728,2,133
598593,598727,598728,1,134
598593,598727,598728,1,134
598593,598727,598730,3,134
598593,598727,598730,3,134
598593,598728,598730,2,135
598593,598728,598731,3,135
598593,598729,598731,2,136
598593,598729,598731,2,136
598593,598729,598730,1,136
598593,598729,598730,1,136
598593,598729,598731,2,136
598593,598729,598732,3,136
598224,598298,598732,434,74
598593,598729,598731,2,136
598593,598729,598731,2,136
598593,598729,598731,2,136
598593,598729,598731,2,136
598593,598729,598731,2,136
598593,598729,598731,2,136
598620,598731,598733,2,111
598620,598731,598733,2,111
598593,598720,598732,12,127
598620,598731,598733,2,111
598620,598730,598732,2,110
598620,598731,598733,2,111
598620,598731,598733,2,111
598620,598731,598734,3,111
598620,598731,598733,2,111
598620,598732,598735,3,112
598620,598732,598735,3,112
598620,598734,598739,5,114
598620,598735,598740,5,115
598620,598736,598740,4,116
598620,598732,598742,10,112
598620,598732,598743,11,112
598620,598739,598743,4,119
598620,598734,598743,9,114
598620,598732,598743,11,112
598620,598733,598743,10,113
598620,598740,598743,3,120
598620,598732,598744,12,112
598620,598733,598743,10,113
598620,598740,598744,4,120
598620,598743,598745,2,123
598620,598732,598745,13,112
598620,598733,598745,12,113
598620,598733,598745,12,113
598620,598743,598745,2,123
598620,598732,598746,14,112
598620,598742,598746,4,122
598620,598734,598746,12,114
598620,598733,598746,13,113
598620,598734,598746,12,114
598620,598743,598748,5,123
598620,598744,598749,5,124
598620,598745,598750,5,125
598620,598745,598750,5,125
598620,598744,598751,7,124
598620,598746,598751,5,126
598620,598745,598751,6,125
598620,598746,598751,5,126
598620,598746,598752,6,126
598620,598745,598752,7,125
598620,598744,598752,8,124
598620,598744,598751,7,124
598620,598744,598752,8,124
598620,598747,598753,6,127
598620,598750,598753,3,130
598620,598751,598752,1,131
598620,598750,598753,3,130
598620,598751,598753,2,131
598620,598752,598754,2,132
598620,598752,598754,2,132
598620,598745,598754,9,125
598620,598752,598754,2,132
598620,598751,598753,2,131
598620,598753,598755,2,133
598620,598747,598755,8,127
598620,598753,598755,2,133
598620,598751,598754,3,131
598620,598749,598755,6,129
598620,598753,598754,1,133
598620,598749,598755,6,129
598620,598754,598756,2,134
598620,598754,598756,2,134
598620,598753,598755,2,133
598620,598754,598755,1,134
598620,598754,598756,2,134
598620,598752,598755,3,132
598620,598753,598755,2,133
598620,598754,598755,1,134
598648,598755,598757,2,107
598620,598744,598757,13,124
598620,598755,598757,2,135
598620,598755,598756,1,135
598648,598755,598758,3,107
598648,598755,598757,2,107
598648,598756,598758,2,108
598648,598756,598758,2,108
598620,598754,598757,3,134
598648,598756,598759,3,108
598648,598756,598758,2,108
598648,598756,598758,2,108
598648,598756,598758,2,108
598313,598434,598760,326,121
598648,598756,598760,4,108
598648,598756,598763,7,108
598648,598760,598764,4,112
598648,598760,598764,4,112
598648,598761,598765,4,113
598648,598764,598766,2,116
598648,598763,598766,3,115
598648,598759,598766,7,111
598648,598757,598767,10,109
598648,598757,598767,10,109
598648,598758,598768,10,110
598648,598764,598768,4,116
598648,598756,598768,12,108
598648,598757,598768,11,109
598648,598765,598769,4,117
598648,598766,598769,3,118
598648,598759,598769,10,111
598648,598758,598768,10,110
598648,598766,598768,2,118
598648,598758,598770,12,110
598648,598767,598770,3,119
598648,598758,598770,12,110
598648,598757,598770,13,109
598648,598768,598771,3,120
598648,598766,598770,4,118
598648,598759,598771,12,111
598648,598758,598772,14,110
598648,598768,598772,4,120
598648,598768,598773,5,120
598648,598769,598774,5,121
598648,598771,598774,3,123
598648,598768,598776,8,120
598648,598771,598776,5,123
598648,598770,598776,6,122
598648,598769,598775,6,121
598648,598770,598775,5,122
598648,598770,598775,5,122
598648,598769,598775,6,121
598648,598769,598777,8,121
598648,598769,598776,7,121
598648,598769,598776,7,121
598648,598771,598777,6,123
598648,598770,598776,6,122
598648,598776,598778,2,128
598648,598773,598778,5,125
598648,598776,598779,3,128
598648,598776,598778,2,128
598648,598777,598779,2,129
598648,598777,598780,3,129
598648,598776,598780,4,128
598648,598777,598779,2,129
598648,598772,598780,8,124
598648,598777,598780,3,129
598648,598775,598779,4,127
598648,598776,598779,3,128
598648,598778,598779,1,130
598648,598775,598779,4,127
598648,598778,598779,1,130
598648,598779,598780,1,131
598648,598776,598781,5,128
598648,598774,598781,7,126
598648,598777,598780,3,129
598648,598779,598781,2,131
598648,598776,598780,4,128
598648,598779,598782,3,131
598670,598780,598782,2,110
598670,598780,598781,1,110
598670,598780,598782,2,110
598648,598780,598782,2,132
598670,598780,598782,2,110
598670,598780,598783,3,110
598670,598780,598782,2,110
598670,598780,598783,3,110
598670,598780,598782,2,110
598670,598780,598782,2,110
598670,598781,598786,5,111
598253,598354,598787,433,101
598670,598783,598789,6,113
598670,598781,598790,9,111
598670,598783,598791,8,113
598670,598786,598791,5,116
598670,598789,598792,3,119
598670,598782,598792,10,112
598670,598788,598793,5,118
598670,598781,598793,12,111
598670,598781,598793,12,111
598670,598782,598792,10,112
598670,598782,598792,10,112
598670,598790,598794,4,120
598670,598781,598793,12,111
598670,598782,598794,12,112
598670,598783,598793,10,113
598670,598792,598795,3,122
598670,598791,598795,4,121
598670,598791,598794,3,121
598670,598792,598794,2,122
598670,598783,598794,11,113
598670,598782,598795,13,112
598670,598783,598796,13,113
598670,598783,598796,13,113
598670,598793,598797,4,123
598670,598793,598796,3,123
598670,598794,598800,6,124
598670,598795,598800,5,125
598670,598795,598800,5,125
598670,598795,598801,6,125
598670,598793,598801,8,123
598670,598794,598801,7,124
598670,598796,598801,5,126
598670,598793,598801,8,123
598670,598795,598800,5,125
598670,598795,598800,5,125
598670,598794,598802,8,124
598670,598795,598801,6,125
598670,598794,598801,7,124
598670,598795,598803,8,125
598670,598801,598802,1,131
598670,598797,598803,6,127
598670,598796,598803,7,126
598670,598801,598804,3,131
598670,598801,598804,3,131
598670,598802,598803,1,132
598670,598803,598804,1,133
598670,598801,598803,2,131
598670,598802,598804,2,132
598670,598802,598803,1,132
598670,598802,598803,1,132
598670,598801,598803,2,131
598670,598802,598804,2,132
598670,598797,598804,7,127
598670,598800,598805,5,130
598670,598800,598804,4,130
598670,598803,598804,1,133
598670,598804,598806,2,134
598670,598804,598805,1,134
598670,598804,598806,2,134
598672,598804,598806,2,132
598670,598800,598806,6,130
598670,598803,598805,2,133
598670,598804,598806,2,134
598670,598804,598806,2,134
598670,598803,598805,2,133
598672,598805,598807,2,133
598670,598804,598806,2,134
598672,598805,598807,2,133
598672,598805,598807,2,133
598672,598806,598808,2,134
598672,598806,598807,1,134
598672,598805,598807,2,133
598672,598805,598807,2,133
598672,598805,598807,2,133
598672,598806,598810,4,134
598672,598808,598814,6,136
598672,598806,598815,9,134
598672,598810,598815,5,138
598672,598807,598817,10,135
598672,598808,598818,10,136
598672,598808,598818,10,136
598672,598806,598818,12,134
598672,598806,598818,12,134
598672,598815,598818,3,143
598672,598806,598818,12,134
598672,598806,598819,13,134
598672,598807,598819,12,135
598672,598808,598818,10,136
598672,598815,598819,4,143
598672,598806,598819,13,134
598672,598808,598820,12,136
598672,598817,598820,3,145
598672,598816,598820,4,144
598672,598818,598821,3,146
598672,598807,598821,14,135
598672,598808,598821,13,136
598260,598379,598821,442,119
598672,598818,598822,4,146
598672,598818,598822,4,146
598672,598818,598821,3,146
598672,598818,598822,4,146
598672,598818,598825,7,146
598672,598822,598826,4,150
598672,598819,598826,7,147
598672,598821,598826,5,149
598672,598819,598827,8,147
598672,598821,598827,6,149
598672,598821,598827,6,149
598672,598819,598827,8,147
598672,598821,598826,5,149
598672,598822,598827,5,150
598672,598820,598827,7,148
598672,598822,598828,6,150
598672,598820,598827,7,148
598672,598819,598827,8,147
598672,598822,598829,7,150
598672,598827,598829,2,155
598672,598819,598828,9,147
598672,598820,598829,9,148
598672,598827,598830,3,155
598672,598827,598828,1,155
598672,598827,598828,1,155
598672,598827,598829,2,155
598672,598827,598829,2,155
598672,598828,598830,2,156
598672,598828,598829,1,156
598672,598826,598831,5,154
598672,598827,598830,3,155
598672,598829,598831,2,157
598672,598825,598831,6,153
598672,598826,598830,4,154
598672,598827,598830,3,155
598672,598829,598832,3,157
598672,598830,598832,2,158
598672,598830,598832,2,158
598672,598829,598831,2,157
598672,598830,598832,2,158
598672,598830,598831,1,158
598672,598830,598831,1,158
598672,598829,598831,2,157
598672,598830,598833,3,158
598732,598830,598832,2,98
598732,598831,598833,2,99
598732,598831,598833,2,99
598732,598831,598833,2,99
598732,598831,598833,2,99
598732,598831,598833,2,99
598732,598832,598834,2,100
598732,598832,598834,2,100
598732,598832,598834,2,100
598732,598832,598836,4,100
598732,598836,598840,4,104
598732,598832,598841,9,100
598732,598835,598841,6,103
598732,598832,598843,11,100
598732,598835,598843,8,103
598732,598833,598843,10,101
598732,598832,598843,11,100
598732,598832,598844,12,100
598732,598840,598844,4,108
598732,598833,598843,10,101
598732,598834,598845,11,102
598732,598832,598845,13,100
598732,598841,598845,4,109
598732,598843,598846,3,111
598732,598843,598845,2,111
598732,598834,598845,11,102
598732,598834,598846,12,102
598732,598834,598846,12,102
598732,598843,598847,4,111
598732,598844,598846,2,112
598732,598841,598846,5,109
598732,598844,598847,3,112
598732,598833,598847,14,101
598732,598844,598847,3,112
598732,598844,598848,4,112
598732,598834,598849,15,102
598732,598845,598849,4,113
598732,598845,598852,7,113
598312,598406,598852,446,94
598732,598846,598852,6,114
598732,598846,598852,6,114
598732,598845,598852,7,113
598732,598848,598853,5,116
598732,598847,598853,6,115
598732,598847,598853,6,115
598732,598847,598853,6,115
598732,598848,598854,6,116
598732,598847,598854,7,115
598732,598846,598854,8,114
598732,598847,598853,6,115
598732,598846,598853,7,114
598732,598850,598855,5,118
598732,598849,598855,6,117
598732,598853,598855,2,121
598732,598853,598855,2,121
598732,598853,598856,3,121
598732,598852,598856,4,120
598732,598852,598856,4,120
598732,598854,598855,1,122
598732,598853,598855,2,121
598732,598854,598856,2,122
598732,598854,598856,2,122
598732,598854,598856,2,122
598732,598854,598857,3,122
598732,598855,598856,1,123
598732,598849,598857,8,117
598732,598855,598856,1,123
598732,598856,598857,1,124
598732,598852,598857,5,120
598732,598853,598857,4,121
598732,598856,598858,2,124
598732,598856,598857,1,124
598732,598855,598858,3,123
598732,598855,598857,2,123
598732,598852,598857,5,120
598768,598857,598859,2,89
598768,598856,598859,3,88
598732,598856,598858,2,124
598768,598857,598860,3,89
598768,598857,598859,2,89
598768,598857,598859,2,89
598768,598857,598859,2,89
598768,598857,598859,2,89
598768,598857,598859,2,89
598768,598857,598860,3,89
598768,598858,598861,3,90
598768,598858,598865,7,90
598768,598860,598865,5,92
598768,598862,598866,4,94
598768,598860,598866,6,92
598768,598858,598867,9,90
598768,598865,598867,2,97
598768,598865,598869,4,97
598768,598866,598869,3,98
598768,598859,598869,10,91
598768,598867,598870,3,99
598768,598860,598870,10,92
598768,598858,598870,12,90
598768,598858,598870,12,90
598768,598860,598870,10,92
598768,598867,598870,3,99
598768,598866,598870,4,98
598768,598860,598870,10,92
598768,598869,598871,2,101
598768,598860,598871,11,92
598768,598860,598872,12,92
598768,598859,598872,13,91
598768,598859,598872,13,91
598768,598870,598872,2,102
598768,598869,598873,4,101
598768,598869,598873,4,101
598768,598859,598874,15,91
598768,598870,598873,3,102
598768,598870,598873,3,102
598768,598870,598873,3,102
598768,598871,598873,2,103
598768,598871,598873,2,103
598768,598871,598874,3,103
598768,598871,598875,4,103
598768,598871,598876,5,103
598768,598872,598876,4,104
598768,598874,598877,3,106
598768,598872,598877,5,104
598768,598871,598877,6,103
598768,598872,598877,5,104
598768,598874,598877,3,106
598768,598876,598878,2,108
598768,598872,598878,6,104
598768,598874,598878,4,106
598768,598874,598878,4,106
598768,598873,598878,5,105
598768,598874,598877,3,106
598768,598873,598878,5,105
598768,598876,598879,3,108
598768,598874,598879,5,106
598768,598875,598878,3,107
598768,598874,598879,5,106
598768,598878,598880,2,110
598768,598877,598880,3,109
598768,598878,598881,3,110
598768,598877,598881,4,109
598768,598877,598880,3,109
598768,598878,598881,3,110
598768,598878,598881,3,110
598768,598879,598881,2,111
598768,598878,598881,3,110
598768,598878,598882,4,110
598792,598880,598882,2,88
598768,598878,598881,3,110
598768,598879,598881,2,111
598768,598878,598881,3,110
598768,598878,598881,3,110
598792,598879,598883,4,87
598792,598880,598883,3,88
598792,598881,598882,1,89
598792,598881,598883,2,89
598792,598881,598882,1,89
598792,598881,598883,2,89
598792,598881,598883,2,89
598792,598881,598883,2,89
598792,598881,598885,4,89
598792,598885,598889,4,93
598792,598884,598890,6,92
598792,598889,598892,3,97
598792,598882,598891,9,90
598792,598882,598892,10,90
598792,598882,598892,10,90
598792,598883,598893,10,91
598792,598890,598894,4,98
598792,598884,598894,10,92
598792,598883,598893,10,91
598344,598461,598894,433,117
598792,598882,598894,12,90
598792,598883,598895,12,91
598792,598892,598895,3,100
598792,598893,598895,2,101
598792,598892,598894,2,100
598792,598882,598894,12,90
598792,598882,598895,13,90
598792,598894,598896,2,102
598792,598892,598895,3,100
598792,598894,598897,3,102
598792,598894,598897,3,102
598792,598892,598897,5,100
598792,598883,598897,14,91
598792,598884,598896,12,92
598792,598884,598896,12,92
598792,598894,598898,4,102
598792,598894,598897,3,102
598792,598895,598899,4,103
598792,598895,598899,4,103
598792,598895,598901,6,103
598792,598895,598901,6,103
598792,598896,598902,6,104
598792,598897,598902,5,105
598792,598895,598902,7,103
598792,598897,598902,5,105
598792,598897,598903,6,105
598792,598897,598903,6,105
598792,598898,598903,5,106
598792,598897,598903,6,105
598792,598896,598902,6,104
598792,598897,598903,6,105
598792,598898,598904,6,106
598792,598896,598903,7,104
598792,598901,598905,4,109
598792,598903,598904,1,111
598792,598900,598905,5,108
598792,598902,598905,3,110
598792,598904,598906,2,112
598792,598903,598906,3,111
598792,598901,598906,5,109
598792,598899,598906,7,107
598456,598607,598905,298,151
598792,598903,598905,2,111
598792,598902,598906,4,110
598792,598903,598905,2,111
598792,598903,598905,2,111
598792,598905,598906,1,113
598792,598905,598907,2,113
598792,598903,598907,4,111
598792,598902,598906,4,110
598792,598904,598906,2,112
598792,598905,598908,3,113
598792,598903,598907,4,111
598822,598906,598907,1,84
598822,598906,598907,1,84
598822,598907,598908,1,85
598792,598906,598907,1,114
598822,598906,598908,2,84
598822,598906,598909,3,84
598822,598906,598909,3,84
598792,598906,598909,3,114
598822,598907,598908,1,85
598792,598906,598908,2,114
598822,598907,598910,3,85
598822,598906,598909,3,84
598822,598907,598911,4,85
598822,598910,598913,3,88
598822,598911,598913,2,89
598822,598910,598916,6,88
598822,598913,598916,3,91
598822,598908,598917,9,86
598822,598914,598917,3,92
598822,598908,598918,10,86
598822,598908,598919,11,86
598822,598908,598918,10,86
598822,598908,598918,10,86
598822,598909,598919,10,87
598822,598916,598919,3,94
598822,598916,598919,3,94
598822,598917,598919,2,95
598822,598908,598919,11,86
598822,598908,598919,11,86
598822,598910,598919,9,88
598822,598908,598920,12,86
598822,598917,598920,3,95
598822,598918,598920,2,96
598822,598909,598921,12,87
598822,598909,598921,12,87
598822,598919,598921,2,97
598822,598909,598922,13,87
598822,598919,598921,2,97
598822,598919,598922,3,97
598822,598919,598923,4,97
598822,598919,598923,4,97
598822,598919,598923,4,97
598822,598919,598922,3,97
598822,598920,598925,5,98
598822,598922,598926,4,100
598822,598920,598926,6,98
598822,598920,598926,6,98
598822,598919,598926,7,97
598822,598922,598926,4,100
598822,598922,598927,5,100
598822,598921,598926,5,99
598822,598920,598928,8,98
598822,598923,598928,5,101
598822,598920,598928,8,98
598822,598921,598928,7,99
598822,598923,598929,6,101
598822,598923,598928,5,101
598822,598927,598930,3,105
598822,598927,598930,3,105
598822,598923,598930,7,101
598822,598928,598931,3,106
598822,598928,598931,3,106
598822,598928,598931,3,106
598822,598926,598931,5,104
598822,598928,598931,3,106
598822,598925,598930,5,103
598822,598926,598930,4,104
598822,598929,598931,2,107
598822,598930,598932,2,108
598822,598928,598931,3,106
598822,598929,598932,3,107
598822,598926,598931,5,104
598822,598927,598931,4,105
598822,598921,598931,10,99
598852,598931,598933,2,79
598822,598930,598933,3,108
598822,598931,598933,2,109
598822,598931,598933,2,109
598852,598931,598933,2,79
598852,598932,598934,2,80
598852,598932,598933,1,80
598852,598931,598934,3,79
598852,598931,598933,2,79
598852,598932,598934,2,80
598822,598931,598933,2,109
598852,598932,598934,2,80
598852,598932,598934,2,80
598852,598932,598936,4,80
598345,598491,598936,445,146
598852,598936,598939,3,84
598852,598936,598939,3,84
598852,598932,598939,7,80
598852,598935,598941,6,83
598852,598939,598942,3,87
598852,598933,598942,9,81
598852,598939,598942,3,87
598852,598939,598942,3,87
598852,598934,598944,10,82
598852,598934,598943,9,82
598852,598933,598944,11,81
598852,598941,598944,3,89
598852,598933,598945,12,81
598852,598934,598945,11,82
598852,598933,598945,12,81
598852,598934,598944,10,82
598852,598942,598944,2,90
598852,598942,598945,3,90
598852,598942,598946,4,90
598852,598934,598946,12,82
598852,598942,598945,3,90
598510,598634,598947,313,124
598852,598934,598946,12,82
598852,598934,598947,13,82
598852,598944,598947,3,92
598852,598944,598946,2,92
598852,598944,598946,2,92
598852,598934,598946,12,82
598852,598944,598947,3,92
598852,598945,598948,3,93
598852,598945,598949,4,93
598852,598945,598949,4,93
598852,598946,598950,4,94
598852,598947,598951,4,95
598852,598947,598951,4,95
598852,598946,598952,6,94
598852,598947,598951,4,95
598852,598947,598951,4,95
598852,598946,598952,6,94
598852,598947,598952,5,95
598852,598947,598952,5,95
598852,598947,598952,5,95
598852,598947,598952,5,95
598852,598949,598953,4,97
598852,598946,598953,7,94
598852,598948,598953,5,96
598852,598949,598954,5,97
598852,598950,598953,3,98
598852,598951,598954,3,99
598852,598952,598955,3,100
598852,598952,598954,2,100
598852,598952,598954,2,100
598852,598952,598955,3,100
598852,598946,598954,8,94
598852,598952,598955,3,100
598852,598952,598955,3,100
598852,598954,598956,2,102
598852,598946,598955,9,94
598852,598951,598956,5,99
598852,598953,598955,2,101
598852,598953,598956,3,101
598852,598954,598956,2,102
598852,598953,598955,2,101
598852,598954,598956,2,102
598852,598952,598956,4,100
598852,598953,598955,2,101
598895,598955,598956,1,60
598895,598955,598956,1,60
598895,598955,598956,1,60
598895,598956,598957,1,61
598895,598955,598958,3,60
598895,598955,598958,3,60
598895,598955,598958,3,60
598895,598956,598958,2,61
598895,598956,598959,3,61
598895,598956,598960,4,61
598352,598521,598961,440,169
598895,598956,598963,7,61
598895,598959,598963,4,64
598895,598960,598964,4,65
598895,598961,598965,4,66
598895,598963,598966,3,68
598895,598957,598967,10,62
598895,598964,598967,3,69
598895,598956,598968,12,61
598895,598956,598968,12,61
598895,598957,598967,10,62
598895,598957,598968,11,62
598895,598957,598967,10,62
598895,598964,598968,4,69
598895,598959,598967,8,64
598895,598956,598969,13,61
598895,598956,598968,12,61
598895,598966,598969,3,71
598895,598956,598968,12,61
598895,598958,598970,12,63
598895,598958,598970,12,63
598895,598965,598969,4,70
598895,598968,598970,2,73
598895,598958,598969,11,63
598895,598968,598971,3,73
598895,598967,598971,4,72
598895,598968,598970,2,73
598895,598967,598970,3,72
598895,598968,598970,2,73
598895,598968,598970,2,73
598895,598968,598972,4,73
598895,598969,598972,3,74
598895,598968,598971,3,73
598895,598969,598973,4,74
598895,598971,598974,3,76
598895,598971,598975,4,76
598895,598970,598975,5,75
598895,598971,598974,3,76
598895,598969,598974,5,74
598895,598970,598975,5,75
598895,598970,598975,5,75
598895,598972,598976,4,77
598895,598971,598975,4,76
598895,598971,598976,5,76
598895,598972,598975,3,77
598895,598971,598975,4,76
598895,598971,598976,5,76
598895,598972,598975,3,77
598895,598969,598976,7,74
598895,598970,598976,6,75
598895,598974,598977,3,79
598895,598973,598976,3,78
598895,598975,598978,3,80
598895,598975,598977,2,80
598895,598975,598977,2,80
598895,598976,598978,2,81
598895,598975,598978,3,80
598895,598975,598978,3,80
598895,598975,598978,3,80
598895,598976,598979,3,81
598895,598976,598979,3,81
598906,598977,598979,2,71
598895,598976,598979,3,81
598906,598978,598980,2,72
598895,598977,598980,3,82
598895,598976,598979,3,81
598895,598976,598979,3,81
598906,598977,598980,3,71
598895,598976,598979,3,81
598906,598978,598981,3,72
598906,598978,598981,3,72
598906,598978,598980,2,72
598906,598978,598980,2,72
598906,598978,598982,4,72
598906,598978,598982,4,72
598906,598979,598987,8,73
598906,598979,598989,10,73
598906,598979,598989,10,73
598906,598980,598990,10,74
598906,598981,598991,10,75
598906,598981,598991,10,75
598906,598981,598992,11,75
598906,598980,598992,12,74
598906,598979,598992,13,73
598906,598980,598992,12,74
598906,598980,598992,12,74
598906,598980,598993,13,74
598906,598980,598993,13,74
598906,598981,598992,11,75
598906,598982,598993,11,76
598906,598982,598993,11,76
598906,598989,598995,6,83
598906,598990,598997,7,84
598906,598991,598997,6,85
598906,598992,598997,5,86
598906,598992,598998,6,86
598906,598989,598999,10,83
598906,598992,598999,7,86
598906,598992,599000,8,86
598906,598987,599000,13,81
598906,598992,599001,9,86
598906,598992,599001,9,86
598906,598994,599001,7,88
598906,598993,599002,9,87
598906,598993,599002,9,87
598906,598995,599002,7,89
598906,598998,599002,4,92
598906,598993,599002,9,87
598906,598994,599002,8,88
598397,598551,599003,452,154
598906,598997,599004,7,91
598906,598999,599004,5,93
598906,598999,599004,5,93
598906,598997,599003,6,91
598906,599000,599005,5,94
598906,598998,599005,7,92
598906,599000,599006,6,94
598906,599004,599006,2,98
598906,599002,599007,5,96
598906,599004,599007,3,98
598906,599002,599007,5,96
598906,599001,599007,6,95
598906,599002,599006,4,96
598906,599002,599006,4,96
598906,599005,599006,1,99
598906,599006,599008,2,100
598906,599002,599008,6,96
598906,599001,599007,6,95
598906,599003,599007,4,97
598906,599004,599007,3,98
598906,599006,599009,3,100
598906,599002,599009,7,96
598906,599001,599009,8,95
598906,599005,599008,3,99
598906,599007,599010,3,101
598906,599007,599010,3,101
598906,599007,599009,2,101
598945,599008,599010,2,63
598906,599006,599009,3,100
598906,599007,599009,2,101
598906,599007,599009,2,101
598906,599007,599009,2,101
598906,599007,599009,2,101
598945,599008,599011,3,63
598945,599008,599010,2,63
598945,599009,599011,2,64
598945,599009,599010,1,64
598945,599009,599011,2,64
598945,599010,599012,2,65
598945,599008,599011,3,63
598945,599009,599011,2,64
598945,599010,599013,3,65
598945,599012,599018,6,67
598945,599014,599019,5,69
598945,599010,599019,9,65
598945,599012,599019,7,67
598945,599010,599021,11,65
598945,599011,599021,10,66
598945,599010,599022,12,65
598945,599018,599022,4,73
598945,599010,599021,11,65
598945,599010,599021,11,65
598945,599010,599022,12,65
598945,599010,599023,13,65
598406,598579,599023,444,173
598945,599019,599022,3,74
598945,599011,599023,12,66
598945,599011,599023,12,66
598945,599011,599023,12,66
598945,599011,599023,12,66
598945,599012,599024,12,67
598945,599019,599023,4,74
598945,599021,599024,3,76
598945,599022,599024,2,77
598945,599022,599025,3,77
598945,599022,599025,3,77
598945,599021,599025,4,76
598945,599020,599024,4,75
598945,599023,599026,3,78
598945,599022,599026,4,77
598945,599023,599026,3,78
598945,599022,599025,3,77
598945,599023,599027,4,78
598945,599023,599027,4,78
598945,599024,599029,5,79
598945,599025,599029,4,80
598945,599024,599029,5,79
598945,599025,599029,4,80
598945,599026,599029,3,81
598945,599026,599029,3,81
598945,599025,599029,4,80
598945,599025,599029,4,80
598945,599025,599030,5,80
598945,599027,599031,4,82
598945,599024,599031,7,79
598945,599024,599030,6,79
598945,599026,599030,4,81
598945,599026,599032,6,81
598945,599029,599032,3,84
598945,599028,599031,3,83
598945,599029,599032,3,84
598945,599030,599033,3,85
598945,599030,599033,3,85
598945,599029,599033,4,84
598945,599030,599032,2,85
598945,599030,599033,3,85
598945,599029,599032,3,84
598945,599024,599033,9,79
598945,599030,599033,3,85
598945,599032,599034,2,87
598948,599033,599035,2,85
598945,599032,599035,3,87
598945,599032,599035,3,87
598945,599024,599034,10,79
598945,599031,599034,3,86
598945,599031,599034,3,86
598945,599031,599034,3,86
598945,599032,599034,2,87
598945,599031,599034,3,86
598948,599033,599036,3,85
598948,599033,599035,2,85
598948,599033,599036,3,85
598948,599033,599036,3,85
598948,599033,599036,3,85
598948,599034,599038,4,86
598948,599035,599038,3,87
598948,599035,599038,3,87
598948,599035,599043,8,87
598948,599035,599045,10,87
598948,599036,599046,10,88
598948,599036,599047,11,88
598948,599035,599047,12,87
598948,599035,599048,13,87
598948,599035,599048,13,87
598948,599038,599048,10,90
598948,599035,599048,13,87
598948,599036,599048,12,88
598948,599038,599049,11,90
598948,599037,599050,13,89
598948,599035,599049,14,87
598948,599035,599050,15,87
598948,599039,599050,11,91
598948,599038,599050,12,90
598948,599043,599056,13,95
598948,599047,599056,9,99
598948,599048,599056,8,100
598948,599045,599056,11,97
598948,599048,599056,8,100
598948,599046,599057,11,98
598948,599047,599057,10,99
598948,599050,599058,8,102
598948,599050,599058,8,102
598948,599048,599058,10,100
598948,599049,599058,9,101
598948,599050,599057,7,102
598948,599049,599059,10,101
598948,599050,599058,8,102
598948,599050,599059,9,102
598948,599057,599060,3,109
598948,599048,599060,12,100
598948,599057,599060,3,109
598948,599056,599062,6,108
598948,599058,599062,4,110
598948,599056,599062,6,108
598948,599056,599061,5,108
598948,599058,599062,4,110
598948,599056,599063,7,108
598948,599058,599064,6,110
598948,599056,599064,8,108
598948,599060,599064,4,112
598948,599059,599064,5,111
598948,599060,599065,5,112
598948,599062,599065,3,114
598948,599059,599065,6,111
598948,599058,599065,7,110
598948,599058,599064,6,110
598948,599062,599064,2,114
598948,599060,599066,6,112
598948,599063,599066,3,115
598948,599064,599066,2,116
598948,599062,599066,4,114
598948,599060,599065,5,112
598948,599062,599065,3,114
598948,599064,599067,3,116
598948,599064,599067,3,116
598948,599062,599066,4,114
598948,599065,599068,3,117
598948,599065,599068,3,117
598948,599065,599068,3,117
598966,599066,599067,1,100
598948,599065,599067,2,117
598948,599065,599068,3,117
598948,599065,599067,2,117
598948,599065,599067,2,117
598966,599066,599067,1,100
598966,599066,599069,3,100
598966,599066,599068,2,100
598966,599067,599069,2,101
598966,599067,599070,3,101
598966,599066,599069,3,100
598966,599067,599070,3,101
598966,599068,599070,2,102
598966,599068,599072,4,102
598966,599072,599077,5,106
598966,599071,599078,7,105
598966,599068,599079,11,102
598966,599068,599079,11,102
598966,599068,599079,11,102
598966,599068,599079,11,102
598966,599068,599080,12,102
598966,599069,599080,11,103
598966,599068,599081,13,102
598966,599069,599081,12,103
598966,599070,599082,12,104
598966,599068,599082,14,102
598966,599070,599081,11,104
598966,599069,599081,12,103
598966,599070,599081,11,104
598966,599078,599083,5,112
598966,599079,599083,4,113
598966,599077,599082,5,111
598966,599079,599083,4,113
598966,599080,599083,3,114
598966,599080,599083,3,114
598966,599081,599085,4,115
598966,599081,599085,4,115
598966,599080,599085,5,114
598966,599082,599085,3,116
598966,599082,599086,4,116
598966,599081,599085,4,115
598966,599082,599085,3,116
598966,599082,599086,4,116
598966,599082,599087,5,116
598966,599083,599089,6,117
598966,599083,599089,6,117
598966,599083,599089,6,117
598548,598657,599089,432,109
598966,599085,599091,6,119
598966,599085,599091,6,119
598966,599085,599091,6,119
598966,599086,599092,6,120
598966,599086,599092,6,120
598966,599085,599091,6,119
598966,599086,599093,7,120
598966,599087,599093,6,121
598966,599083,599092,9,117
598966,599085,599092,7,119
598966,599091,599093,2,125
598966,599085,599094,9,119
598966,599090,599094,4,124
598966,599088,599094,6,122
598966,599091,599094,3,125
598966,599089,599095,6,123
598966,599092,599095,3,126
598966,599089,599095,6,123
598966,599091,599095,4,125
598966,599092,599094,2,126
598966,599089,599095,6,123
598966,599092,599095,3,126
598966,599094,599095,1,128
598966,599093,599095,2,127
598966,599095,599097,2,129
598966,599093,599097,4,127
598966,599093,599097,4,127
598966,599093,599096,3,127
599004,599095,599097,2,91
598966,599094,599097,3,128
599004,599095,599096,1,91
598966,599094,599097,3,128
598966,599094,599097,3,128
599004,599095,599097,2,91
599004,599095,599097,2,91
598966,599094,599097,3,128
599004,599095,599097,2,91
599004,599097,599099,2,93
599004,599097,599099,2,93
599004,599097,599099,2,93
599004,599097,599100,3,93
599004,599097,599101,4,93
599004,599097,599106,9,93
599004,599097,599107,10,93
599004,599101,599106,5,97
599004,599100,599108,8,96
599004,599099,599108,9,95
599004,599097,599109,12,93
599004,599100,599109,9,96
599004,599097,599109,12,93
599004,599098,599110,12,94
599004,599098,599110,12,94
599004,599099,599110,11,95
599004,599099,599111,12,95
599004,599098,599110,12,94
599004,599098,599110,12,94
599004,599099,599111,12,95
599004,599108,599112,4,104
599004,599109,599113,4,105
599004,599109,599113,4,105
599004,599109,599113,4,105
599004,599106,599113,7,102
599004,599108,599114,6,104
599004,599108,599113,5,104
599004,599108,599114,6,104
599004,599110,599113,3,106
599004,599110,599114,4,106
599004,599110,599115,5,106
599004,599111,599114,3,107
599004,599111,599117,6,107
599004,599114,599120,6,110
599004,599113,599120,7,109
599004,599111,599120,9,107
599004,599115,599120,5,111
599004,599113,599120,7,109
599004,599113,599121,8,109
599004,599114,599120,6,110
599004,599115,599120,5,111
599004,599114,599120,6,110
599004,599114,599121,7,110
599004,599112,599121,9,108
599004,599114,599121,7,110
599004,599111,599121,10,107
599004,599117,599123,6,113
599004,599113,599122,9,109
599004,599121,599123,2,117
599004,599121,599124,3,117
599004,599121,599124,3,117
599004,599121,599124,3,117
599004,599121,599124,3,117
599004,599121,599124,3,117
599004,599120,599125,5,116
599004,599120,599125,5,116
599004,599122,599125,3,118
599004,599121,599125,4,117
599004,599120,599126,6,116
599004,599120,599126,6,116
599004,599124,599126,2,120
599004,599120,599125,5,116
599004,599123,599125,2,119
599004,599124,599126,2,120
599004,599125,599127,2,121
599004,599124,599127,3,120
599004,599123,599126,3,119
599004,599124,599128,4,120
599024,599126,599128,2,102
599024,599126,599128,2,102
599004,599123,599127,4,119
599004,599124,599127,3,120
599024,599125,599128,3,101
599024,599127,599129,2,103
599024,599125,599128,3,101
599024,599126,599129,3,102
599024,599127,599128,1,103
599024,599127,599129,2,103
599024,599127,599129,2,103
598671,598804,599131,327,133
599024,599127,599133,6,103
598565,598683,599134,451,118
599024,599128,599138,10,104
599024,599129,599139,10,105
599024,599127,599140,13,103
599024,599128,599140,12,104
599024,599129,599139,10,105
599024,599129,599140,11,105
599024,599128,599140,12,104
599024,599129,599140,11,105
599024,599134,599141,7,110
599024,599131,599141,10,107
599024,599128,599140,12,104
599024,599129,599140,11,105
599024,599128,599142,14,104
599024,599129,599141,12,105
599024,599130,599142,12,106
599024,599133,599143,10,109
599024,599138,599144,6,114
599024,599140,599144,4,116
599024,599141,599145,4,117
599024,599139,599144,5,115
599024,599140,599146,6,116
599024,599141,599145,4,117
599024,599140,599146,6,116
599024,599141,599146,5,117
599024,599140,599147,7,116
599024,599141,599148,7,117
598576,598706,599149,443,130
599024,599141,599150,9,117
599024,599142,599151,9,118
599024,599142,599151,9,118
599024,599144,599151,7,120
599024,599142,599151,9,118
599024,599143,599151,8,119
599024,599144,599151,7,120
599024,599143,599151,8,119
599024,599146,599151,5,122
599024,599146,599153,7,122
599024,599146,599152,6,122
599024,599145,599153,8,121
599024,599146,599152,6,122
599024,599146,599152,6,122
599024,599147,599153,6,123
599024,599151,599154,3,127
599024,599153,599155,2,129
599024,599150,599155,5,126
599024,599152,599155,3,128
599024,599148,599154,6,124
599024,599153,599156,3,129
599024,599151,599156,5,127
599024,599154,599156,2,130
599024,599151,599156,5,127
599024,599152,599155,3,128
599024,599151,599156,5,127
599024,599151,599155,4,127
599024,599154,599157,3,130
599024,599153,599156,3,129
599024,599153,599156,3,129
599024,599153,599157,4,129
599024,599151,599157,6,127
599024,599149,599156,7,125
599024,599155,599158,3,131
599024,599155,599157,2,131
599024,599155,599157,2,131
599024,599156,599159,3,132
599090,599157,599159,2,67
599024,599156,599158,2,132
598594,598730,599158,428,136
599024,599155,599158,3,131
599090,599156,599160,4,66
599090,599156,599160,4,66
599090,599157,599160,3,67
599090,599157,599160,3,67
599090,599157,599161,4,67
599090,599156,599160,4,66
599090,599157,599160,3,67
599090,599157,599163,6,67
599090,599157,599165,8,67
599090,599158,599169,11,68
599090,599158,599169,11,68
599090,599158,599170,12,68
599090,599159,599169,10,69
599090,599159,599171,12,69
599090,599160,599172,12,70
599090,599160,599172,12,70
599090,599160,599172,12,70
599090,599160,599172,12,70
599090,599161,599173,12,71
599090,599160,599174,14,70
599090,599162,599173,11,72
599090,599161,599174,13,71
599090,599161,599173,12,71
599090,599161,599173,12,71
599090,599163,599176,13,73
599090,599165,599178,13,75
599090,599170,599178,8,80
599090,599169,599179,10,79
599090,599172,599179,7,82
599090,599172,599180,8,82
599090,599169,599180,11,79
599090,599170,599180,10,80
599090,599173,599181,8,83
599090,599171,599181,10,81
599090,599176,599181,5,86
599090,599174,599181,7,84
599090,599180,599182,2,90
599090,599180,599182,2,90
599090,599174,599183,9,84
599090,599172,599182,10,82
599090,599175,599182,7,85
599090,599175,599183,8,85
599090,599179,599183,4,89
599090,599178,599183,5,88
599090,599179,599182,3,89
599090,599174,599184,10,84
599090,599172,599183,11,82
599090,599180,599184,4,90
599090,599181,599184,3,91
599090,599178,599185,7,88
599090,599184,599186,2,94
599090,599183,599187,4,93
599090,599183,599187,4,93
599090,599182,599187,5,92
599090,599183,599187,4,93
599090,599182,599186,4,92
599090,599183,599188,5,93
599090,599181,599188,7,91
599090,599184,599188,4,94
599090,599181,599188,7,91
599090,599184,599187,3,94
599090,599185,599188,3,95
599090,599183,599189,6,93
599090,599185,599188,3,95
599090,599183,599189,6,93
599090,599181,599189,8,91
599090,599186,599189,3,96
599090,599186,599188,2,96
599090,599187,599190,3,97
599090,599187,599190,3,97
599090,599188,599189,1,98
599139,599188,599191,3,49
599090,599187,599191,4,97
599090,599187,599190,3,97
599090,599188,599190,2,98
599139,599189,599191,2,50
599139,599188,599192,4,49
599139,599189,599192,3,50
599139,599188,599191,3,49
599139,599188,599191,3,49
599139,599189,599193,4,50
599139,599189,599194,5,50
599139,599189,599193,4,50
599139,599189,599195,6,50
599139,599190,599198,8,51
599139,599190,599201,11,51
599139,599190,599202,12,51
599139,599191,599202,11,52
599139,599191,599203,12,52
599139,599191,599204,13,52
599139,599192,599204,12,53
599139,599192,599204,12,53
599139,599192,599204,12,53
599139,599191,599204,13,52
599139,599191,599204,13,52
599139,599192,599205,13,53
599139,599193,599206,13,54
599139,599196,599206,10,57
599139,599194,599206,12,55
599139,599194,599206,12,55
599139,599198,599208,10,59
598621,598755,599208,453,134
599139,599202,599210,8,63
599139,599206,599211,5,67
599139,599206,599211,5,67
599139,599203,599211,8,64
599139,599206,599212,6,67
599139,599208,599212,4,69
599139,599204,599212,8,65
599139,599203,599213,10,64
599139,599204,599212,8,65
599139,599204,599213,9,65
599139,599202,599214,12,63
598793,598906,599213,307,113
599139,599212,599214,2,73
599139,599210,599214,4,71
599139,599205,599213,8,66
599139,599206,599213,7,67
599139,599207,599213,6,68
599139,599208,599214,6,69
599139,599204,599214,10,65
599139,599211,599214,3,72
599139,599211,599214,3,72
599139,599212,599215,3,73
599139,599211,599216,5,72
599139,599212,599215,3,73
599139,599205,599215,10,66
599139,599213,599215,2,74
599139,599214,599217,3,75
599139,599215,599217,2,76
599139,599213,599216,3,74
599139,599215,599218,3,76
599139,599214,599218,4,75
599139,599214,599218,4,75
599139,599213,599218,5,74
599139,599215,599219,4,76
599139,599214,599219,5,75
599139,599214,599218,4,75
599139,599216,599219,3,77
599139,599214,599219,5,75
599139,599215,599218,3,76
599139,599214,599220,6,75
599139,599218,599220,2,79
599139,599216,599220,4,77
599139,599217,599219,2,78
599139,599218,599219,1,79
599139,599214,599219,5,75
599139,599216,599219,3,77
599139,599216,599219,3,77
599139,599218,599221,3,79
599139,599218,599220,2,79
599139,599219,599221,2,80
599139,599217,599220,3,78
599139,599219,599222,3,80
599139,599218,599221,3,79
599139,599219,599222,3,80
599139,599219,599221,2,80
599139,599219,599222,3,80
599139,599219,599223,4,80
599139,599220,599223,3,81
599139,599220,599226,6,81
598823,598931,599229,298,108
598648,598780,599230,450,132
599139,599220,599231,11,81
599139,599222,599231,9,83
599139,599222,599232,10,83
599139,599220,599231,11,81
599139,599222,599232,10,83
599139,599221,599232,11,82
599139,599221,599233,12,82
599139,599221,599233,12,82
599139,599221,599233,12,82
599139,599223,599234,11,84
599139,599220,599234,14,81
599139,599221,599233,12,82
599139,599221,599233,12,82
599139,599223,599234,11,84
599139,599227,599235,8,88
599139,599222,599234,12,83
599139,599224,599236,12,85
599139,599222,599235,13,83
599139,599233,599236,3,94
599139,599234,599237,3,95
599139,599233,599237,4,94
599139,599234,599237,3,95
599139,599234,599238,4,95
599139,599234,599237,3,95
599139,599234,599238,4,95
599139,599229,599238,9,90
599139,599232,599238,6,93
599139,599233,599238,5,94
599139,599232,599239,7,93
599139,599235,599238,3,96
599139,599231,599240,9,92
599139,599236,599240,4,97
599139,599235,599240,5,96
599139,599230,599240,10,91
599139,599232,599240,8,93
599139,599238,599240,2,99
599139,599238,599241,3,99
599139,599231,599241,10,92
599139,599238,599241,3,99
599139,599236,599241,5,97
599139,599237,599241,4,98
599139,599236,599241,5,97
599139,599238,599241,3,99
599139,599237,599242,5,98
599139,599238,599241,3,99
599139,599232,599241,9,93
599139,599237,599241,4,98
599139,599239,599243,4,100
599139,599241,599243,2,102
599139,599239,599243,4,100
599139,599240,599244,4,101
599139,599240,599244,4,101
599139,599240,599244,4,101
599139,599241,599244,3,102
599139,599240,599243,3,101
599139,599240,599243,3,101
599139,599241,599243,2,102
599139,599241,599245,4,102
599139,599239,599244,5,100
599139,599241,599244,3,102
599139,599241,599244,3,102
599139,599242,599245,3,103
599150,599243,599245,2,93
599139,599241,599244,3,102
599139,599240,599244,4,101
599150,599243,599245,2,93
599139,599242,599245,3,103
599150,599244,599247,3,94
599150,599244,599247,3,94
599150,599243,599246,3,93
599150,599244,599247,3,94
599150,599244,599246,2,94
599150,599244,599248,4,94
599150,599244,599248,4,94
599150,599244,599249,5,94
599150,599245,599254,9,95
599150,599245,599255,10,95
599150,599245,599255,10,95
599150,599245,599257,12,95
599150,599245,599257,12,95
599150,599248,599256,8,98
599150,599245,599257,12,95
599150,599247,599258,11,97
599150,599245,599257,12,95
599150,599245,599257,12,95
599150,599247,599257,10,97
599150,599248,599259,11,98
599150,599247,599259,12,97
599150,599247,599259,12,97
599150,599246,599258,12,96
599150,599250,599258,8,100
599150,599245,599260,15,95
599150,599258,599260,2,108
599150,599247,599259,12,97
599150,599258,599262,4,108
599150,599258,599262,4,108
599150,599259,599263,4,109
599150,599259,599263,4,109
599150,599259,599263,4,109
599150,599259,599263,4,109
599150,599260,599264,4,110
599150,599260,599264,4,110
599150,599254,599264,10,104
599150,599259,599264,5,109
599150,599257,599265,8,107
599150,599261,599265,4,111
599150,599256,599264,8,106
599150,599255,599264,9,105
599150,599260,599264,4,110
599150,599262,599265,3,112
599150,599257,599266,9,107
599150,599264,599266,2,114
599150,599257,599266,9,107
599150,599262,599265,3,112
599150,599257,599266,9,107
599150,599263,599266,3,113
599150,599263,599266,3,113
599150,599263,599266,3,113
599150,599264,599266,2,114
599150,599264,599266,2,114
599150,599265,599268,3,115
599150,599266,599268,2,116
599150,599264,599268,4,114
599150,599265,599268,3,115
599150,599266,599269,3,116
599150,599266,599269,3,116
599150,599266,599269,3,116
599150,599266,599268,2,116
599150,599266,599269,3,116
599150,599267,599269,2,117
599150,599268,599270,2,118
599150,599265,599269,4,115
599150,599265,599269,4,115
599150,599264,599269,5,114
599150,599265,599269,4,115
599150,599266,599269,3,116
599150,599267,599271,4,117
599150,599268,599270,2,118
599150,599267,599270,3,117
599170,599268,599270,2,98
599150,599265,599271,6,115
599170,599269,599272,3,99
599170,599269,599271,2,99
599170,599269,599272,3,99
599170,599269,599273,4,99
599170,599269,599273,4,99
599170,599269,599272,3,99
599170,599270,599272,2,100
599170,599270,599274,4,100
599170,599270,599277,7,100
599170,599271,599281,10,101
599170,599271,599281,10,101
599170,599272,599282,10,102
599170,599271,599283,12,101
599170,599272,599283,11,102
599170,599271,599283,12,101
599170,599271,599283,12,101
599170,599273,599284,11,103
599170,599274,599283,9,104
599170,599271,599283,12,101
599170,599273,599283,10,103
598672,598830,599284,454,158
599170,599272,599284,12,102
599170,599273,599285,12,103
599170,599272,599285,13,102
599170,599272,599284,12,102
599170,599284,599286,2,114
599170,599273,599286,13,103
599170,599285,599287,2,115
599170,599277,599287,10,107
599170,599284,599288,4,114
599170,599284,599288,4,114
599170,599284,599288,4,114
599170,599284,599288,4,114
599170,599285,599289,4,115
599170,599285,599289,4,115
599170,599285,599289,4,115
599170,599286,599289,3,116
599170,599282,599290,8,112
599170,599286,599290,4,116
599170,599282,599290,8,112
599170,599287,599291,4,117
599170,599288,599291,3,118
599170,599283,599291,8,113
599170,599288,599292,4,118
599170,599287,599292,5,117
599170,599288,599292,4,118
599170,599281,599291,10,111
599170,599288,599292,4,118
599170,599289,599292,3,119
599170,599289,599291,2,119
599170,599283,599292,9,113
599170,599289,599292,3,119
599170,599289,599292,3,119
599170,599290,599293,3,120
599170,599283,599292,9,113
599170,599290,599292,2,120
599170,599291,599294,3,121
599170,599290,599293,3,120
599170,599283,599293,10,113
598732,598856,599293,437,124
599170,599291,599294,3,121
599170,599292,599295,3,122
599170,599291,599294,3,121
599170,599292,599295,3,122
599170,599292,599295,3,122
599170,599292,599294,2,122
599170,599294,599295,1,124
599170,599292,599295,3,122
599170,599292,599295,3,122
599170,599294,599296,2,124
599170,599293,599296,3,123
599170,599294,599295,1,124
599170,599293,599296,3,123
599170,599292,599295,3,122
599170,599293,599296,3,123
599170,599293,599296,3,123
599209,599294,599298,4,85
599209,599294,599297,3,85
599209,599295,599298,3,86
599209,599295,599298,3,86
599209,599294,599297,3,85
599209,599295,599299,4,86
599209,599295,599299,4,86
599209,599295,599298,3,86
599209,599295,599299,4,86
599209,599295,599302,7,86
599209,599295,599305,10,86
599209,599296,599306,10,87
599209,599296,599306,10,87
599209,599296,599306,10,87
599209,599299,599308,9,90
599209,599296,599308,12,87
599209,599296,599309,13,87
599209,599297,599309,12,88
599209,599296,599310,14,87
599209,599298,599309,11,89
599209,599298,599310,12,89
599209,599298,599310,12,89
599209,599299,599311,12,90
599209,599300,599310,10,91
599209,599298,599310,12,89
599209,599298,599310,12,89
599209,599302,599312,10,93
599209,599310,599313,3,101
599209,599299,599312,13,90
599209,599310,599313,3,101
599209,599309,599314,5,100
599209,599310,599314,4,101
599209,599311,599315,4,102
599209,599306,599315,9,97
599209,599305,599315,10,96
599209,599311,599314,3,102
599209,599311,599315,4,102
599209,599311,599314,3,102
599209,599306,599316,10,97
599209,599307,599316,9,98
599209,599311,599315,4,102
599209,599312,599316,4,103
599209,599308,599317,9,99
599209,599313,599316,3,104
599209,599309,599317,8,100
599209,599308,599317,9,99
598907,599008,599317,309,101
599209,599315,599317,2,106
599209,599316,599318,2,107
599209,599314,599318,4,105
599209,599313,599318,5,104
599209,599314,599318,4,105
599209,599315,599318,3,106
599209,599316,599317,1,107
599209,599315,599318,3,106
599209,599315,599318,3,106
599209,599315,599318,3,106
599209,599313,599318,5,104
599209,599315,599318,3,106
599209,599316,599320,4,107
599209,599316,599320,4,107
599209,599317,599319,2,108
599209,599318,599320,2,109
598769,598879,599320,441,110
599209,599318,599320,2,109
599209,599318,599319,1,109
599209,599318,599321,3,109
599209,599318,599321,3,109
599209,599317,599321,4,108
599209,599318,599321,3,109
599209,599318,599321,3,109
599209,599318,599321,3,109
599209,599317,599320,3,108
599209,599317,599322,5,108
599214,599320,599322,2,106
599209,599319,599321,2,110
599209,599319,599322,3,110
599209,599319,599322,3,110
599214,599320,599323,3,106
599214,599320,599322,2,106
599214,599320,599323,3,106
599214,599319,599324,5,105
599214,599320,599324,4,106
599214,599320,599324,4,106
599214,599320,599323,3,106
599214,599321,599325,4,107
599214,599321,599329,8,107
599214,599321,599331,10,107
599214,599321,599332,11,107
599214,599321,599333,12,107
599214,599321,599333,12,107
599214,599322,599333,11,108
599214,599321,599333,12,107
599214,599323,599334,11,109
599214,599322,599334,12,108
599214,599322,599335,13,108
599214,599323,599334,11,109
599214,599323,599335,12,109
599214,599324,599335,11,110
599214,599323,599335,12,109
599214,599323,599336,13,109
599214,599324,599336,12,110
599214,599324,599335,11,110
599214,599325,599337,12,111
599214,599335,599339,4,121
599214,599324,599339,15,110
599214,599331,599340,9,117
599214,599333,599341,8,119
599214,599334,599341,7,120
599214,599335,599341,6,121
599214,599333,599340,7,119
599214,599336,599342,6,122
599214,599332,599342,10,118
599214,599335,599341,6,121
599214,599336,599342,6,122
599214,599337,599342,5,123
599214,599334,599342,8,120
599214,599333,599342,9,119
599214,599336,599343,7,122
599214,599336,599342,6,122
599214,599329,599343,14,115
599214,599341,599344,3,127
599214,599340,599344,4,126
599214,599333,599343,10,119
599214,599335,599344,9,121
599214,599340,599344,4,126
599214,599341,599345,4,127
599214,599341,599346,5,127
599214,599343,599346,3,129
599214,599339,599346,7,125
599214,599342,599346,4,128
599214,599343,599346,3,129
599214,599342,599347,5,128
599214,599342,599347,5,128
599214,599344,599346,2,130
599214,599344,599346,2,130
599214,599342,599347,5,128
599214,599344,599347,3,130
599214,599341,599347,6,127
599214,599343,599347,4,129
599214,599342,599348,6,128
599214,599344,599347,3,130
599214,599343,599347,4,129
599214,599343,599347,4,129
599214,599345,599347,2,131
599214,599346,599347,1,132
599214,599345,599349,4,131
599214,599346,599349,3,132
599214,599347,599349,2,133
599214,599347,599349,2,133
599214,599346,599348,2,132
599214,599346,599350,4,132
599232,599347,599350,3,115
599232,599347,599349,2,115
599232,599347,599351,4,115
599232,599348,599351,3,116
599232,599347,599350,3,115
599232,599348,599351,3,116
599232,599348,599352,4,116
599232,599348,599352,4,116
599232,599348,599353,5,116
599232,599349,599357,8,117
599232,599349,599359,10,117
599232,599349,599359,10,117
599232,599349,599360,11,117
599232,599349,599360,11,117
599232,599350,599361,11,118
599232,599349,599361,12,117
599232,599349,599361,12,117
599232,599350,599360,10,118
599232,599349,599361,12,117
599232,599351,599362,11,119
599232,599351,599361,10,119
599232,599353,599363,10,121
599232,599352,599364,12,120
599232,599350,599364,14,118
599232,599352,599365,13,120
599232,599362,599365,3,130
599232,599361,599366,5,129
599232,599362,599365,3,130
599232,599353,599365,12,121
599232,599363,599366,3,131
599232,599353,599367,14,121
599232,599357,599367,10,125
599232,599364,599366,2,132
599232,599361,599367,6,129
599232,599359,599368,9,127
599232,599365,599367,2,133
599232,599361,599369,8,129
599232,599361,599369,8,129
599232,599365,599369,4,133
599232,599360,599369,9,128
599232,599361,599369,8,129
599232,599364,599368,4,132
599232,599366,599370,4,134
599232,599360,599369,9,128
599232,599367,599370,3,135
599232,599366,599369,3,134
599232,599366,599370,4,134
599232,599360,599370,10,128
599232,599369,599371,2,137
599232,599366,599370,4,134
599232,599367,599371,4,135
599232,599367,599371,4,135
599232,599368,599370,2,136
599232,599369,599372,3,137
599232,599369,599371,2,137
599232,599369,599372,3,137
599232,599367,599371,4,135
599232,599368,599372,4,136
599232,599371,599373,2,139
599232,599370,599372,2,138
599232,599370,599372,2,138
599232,599371,599373,2,139
599232,599369,599374,5,137
599232,599371,599374,3,139
599232,599371,599373,2,139
599232,599370,599374,4,138
599232,599371,599374,3,139
599232,599371,599374,3,139
599232,599370,599374,4,138
599232,599371,599374,3,139
599232,599371,599374,3,139
599232,599373,599375,2,141
599232,599372,599375,3,140
599232,599372,599375,3,140
599232,599373,599375,2,141
599232,599373,599375,2,141
599232,599373,599376,3,141
599232,599372,599375,3,140
599232,599373,599376,3,141
599232,599373,599375,2,141
599232,599374,599377,3,142
599232,599374,599377,3,142
599232,599374,599376,2,142
599232,599374,599378,4,142
599232,599375,599381,6,143
599232,599375,599386,11,143
599232,599375,599386,11,143
599232,599375,599386,11,143
599232,599375,599387,12,143
599232,599376,599386,10,144
599232,599376,599386,10,144
599232,599375,599388,13,143
599232,599375,599388,13,143
599232,599375,599388,13,143
599232,599376,599388,12,144
599232,599377,599387,10,145
599232,599376,599388,12,144
599232,599375,599388,13,143
599232,599377,599390,13,145
599232,599378,599390,12,146
599232,599376,599390,14,144
599232,599378,599392,14,146
599232,599381,599392,11,149
599232,599389,599394,5,157
599232,599390,599394,4,158
599232,599388,599394,6,156
599232,599387,599395,8,155
599232,599386,599395,9,154
599232,599386,599396,10,154
599232,599388,599396,8,156
599232,599388,599396,8,156
599232,599390,599395,5,158
599232,599388,599396,8,156
599232,599386,599395,9,154
599232,599387,599395,8,155
599232,599388,599395,7,156
599232,599388,599397,9,156
599232,599390,599397,7,158
599232,599392,599398,6,160
599232,599387,599397,10,155
599232,599392,599399,7,160
599232,599395,599400,5,163
599232,599396,599400,4,164
599232,599397,599400,3,165
599232,599394,599400,6,162
599232,599396,599400,4,164
599232,599396,599401,5,164
599232,599397,599401,4,165
599232,599397,599401,4,165
599232,599394,599401,7,162
599232,599396,599400,4,164
599232,599396,599401,5,164
599232,599396,599402,6,164
599232,599398,599402,4,166
599232,599394,599401,7,162
599232,599395,599402,7,163
599232,599400,599402,2,168
599232,599396,599402,6,164
599232,599398,599402,4,166
599232,599400,599402,2,168
599232,599401,599403,2,169
599232,599400,599403,3,168
599232,599399,599402,3,167
599232,599401,599403,2,169
599285,599402,599404,2,117
599232,599400,599404,4,168
599232,599401,599404,3,169
599285,599402,599404,2,117
599232,599401,599404,3,169
599232,599401,599404,3,169
599285,599402,599405,3,117
599285,599402,599405,3,117
599232,599401,599404,3,169
599232,599402,599404,2,170
599285,599403,599406,3,118
599285,599403,599405,2,118
599285,599403,599405,2,118
599285,599403,599406,3,118
599285,599403,599407,4,118
598896,598977,599408,431,81
599285,599404,599409,5,119
599285,599404,599412,8,119
599285,599404,599414,10,119
599285,599406,599415,9,121
599285,599404,599415,11,119
599285,599404,599416,12,119
599285,599404,599416,12,119
599285,599405,599417,12,120
599285,599405,599417,12,120
599285,599406,599416,10,121
599285,599407,599417,10,122
599285,599406,599417,11,121
599285,599405,599417,12,120
599285,599409,599417,8,124
599285,599406,599417,11,121
599285,599405,599417,12,120
599285,599404,599418,14,119
599285,599417,599419,2,132
599285,599417,599420,3,132
598853,598955,599420,465,102
599285,599408,599419,11,123
599285,599412,599421,9,127
598967,599095,599420,325,128
599285,599418,599421,3,133
599285,599418,599421,3,133
599285,599417,599420,3,132
599285,599418,599422,4,133
599285,599417,599421,4,132
599285,599414,599423,9,129
599285,599419,599423,4,134
599285,599420,599423,3,135
599285,599417,599425,8,132
599285,599415,599425,10,130
599285,599421,599425,4,136
599285,599415,599425,10,130
599285,599420,599425,5,135
599285,599421,599425,4,136
599285,599421,599426,5,136
599285,599417,599425,8,132
599285,599417,599426,9,132
599285,599416,599425,9,131
599285,599422,599426,4,137
599285,599421,599425,4,136
599285,599423,599425,2,138
599285,599423,599425,2,138
599285,599421,599426,5,136
599285,599422,599426,4,137
599285,599424,599427,3,139
599285,599421,599426,5,136
599285,599417,599427,10,132
599285,599425,599428,3,140
599285,599425,599428,3,140
599285,599425,599428,3,140
599285,599426,599429,3,141
599285,599426,599428,2,141
599285,599425,599429,4,140
599285,599426,599429,3,141
599285,599426,599429,3,141
599285,599426,599429,3,141
599285,599426,599429,3,141
599285,599425,599430,5,140
599285,599427,599429,2,142
599285,599425,599429,4,140
599285,599426,599429,3,141
599285,599426,599429,3,141
599295,599428,599430,2,133
599295,599428,599431,3,133
599285,599428,599431,3,143
599295,599428,599431,3,133
599285,599427,599430,3,142
599285,599427,599430,3,142
599295,599429,599431,2,134
599295,599429,599431,2,134
599295,599429,599431,2,134
599295,599429,599431,2,134
599295,599429,599433,4,134
599295,599429,599432,3,134
599295,599429,599439,10,134
599295,599430,599441,11,135
599295,599431,599441,10,136
599295,599430,599441,11,135
599295,599431,599442,11,136
599295,599431,599441,10,136
599295,599431,599442,11,136
599295,599431,599442,11,136
599295,599433,599442,9,138
599295,599432,599443,11,137
599295,599432,599443,11,137
599295,599433,599443,10,138
599295,599433,599443,10,138
599295,599432,599443,11,137
599295,599431,599443,12,136
599295,599432,599443,11,137
599295,599432,599443,11,137
599295,599431,599445,14,136
599295,599443,599446,3,148
599295,599443,599446,3,148
599295,599444,599446,2,149
599295,599443,599447,4,148
599295,599443,599447,4,148
599295,599439,599448,9,144
599295,599444,599448,4,149
599295,599441,599448,7,146
599295,599441,599448,7,146
599295,599444,599450,6,149
599295,599442,599450,8,147
599295,599442,599450,8,147
599295,599442,599450,8,147
599295,599445,599451,6,150
599295,599446,599451,5,151
599295,599443,599450,7,148
599295,599444,599450,6,149
599295,599448,599451,3,153
599295,599442,599451,9,147
599295,599442,599451,9,147
599295,599447,599452,5,152
599295,599447,599451,4,152
599295,599448,599451,3,153
599295,599446,599451,5,151
599295,599446,599451,5,151
599295,599448,599452,4,153
599295,599448,599452,4,153
599295,599450,599454,4,155
599295,599450,599454,4,155
599295,599451,599454,3,156
599295,599451,599454,3,156
599295,599450,599455,5,155
599295,599452,599455,3,157
599295,599451,599455,4,156
599295,599452,599455,3,157
599295,599452,599455,3,157
599295,599450,599454,4,155
599295,599452,599454,2,157
599295,599452,599454,2,157
599295,599452,599456,4,157
599295,599451,599455,4,156
599295,599451,599455,4,156
599295,599453,599456,3,158
599295,599452,599455,3,157
599319,599455,599457,2,136
599295,599454,599457,3,159
599295,599454,599457,3,159
599295,599454,599456,2,159
599295,599454,599456,2,159
599319,599455,599458,3,136
599319,599456,599457,1,137
599319,599456,599458,2,137
599319,599455,599458,3,136
599319,599456,599459,3,137
599319,599455,599458,3,136
599319,599455,599459,4,136
599024,599156,599458,302,132
599319,599456,599458,2,137
599319,599456,599462,6,137
599319,599457,599467,10,138
599319,599459,599468,9,140
599319,599459,599468,9,140
599319,599457,599468,11,138
599319,599456,599468,12,137
599319,599456,599469,13,137
599319,599459,599468,9,140
599319,599456,599468,12,137
599319,599458,599468,10,139
599319,599458,599468,10,139
599319,599457,599469,12,138
599319,599457,599470,13,138
599319,599457,599469,12,138
599319,599462,599471,9,143
599319,599458,599471,13,139
599319,599458,599470,12,139
599319,599470,599472,2,151
599319,599459,599472,13,140
599319,599459,599472,13,140
598946,599033,599473,440,87
599319,599469,599472,3,150
599319,599470,599473,3,151
599319,599470,599474,4,151
599319,599469,599475,6,150
599319,599469,599475,6,150
599319,599470,599476,6,151
599319,599468,599476,8,149
599319,599468,599475,7,149
599319,599468,599477,9,149
599319,599468,599477,9,149
599319,599471,599477,6,152
599319,599469,599477,8,150
599319,599471,599478,7,152
599319,599467,599477,10,148
599319,599472,599477,5,153
599319,599473,599479,6,154
599319,599473,599478,5,154
599319,599476,599479,3,157
599319,599471,599479,8,152
599319,599477,599480,3,158
599319,599476,599480,4,157
599319,599476,599480,4,157
599319,599477,599480,3,158
599319,599478,599479,1,159
599319,599478,599479,1,159
599319,599479,599480,1,160
599319,599479,599481,2,160
599319,599478,599481,3,159
599319,599477,599481,4,158
599319,599473,599480,7,154
599319,599478,599480,2,159
599319,599475,599480,5,156
599319,599480,599481,1,161
599319,599473,599480,7,154
599319,599476,599481,5,157
599319,599479,599482,3,160
599319,599474,599481,7,155
599319,599480,599482,2,161
599319,599474,599481,7,155
599319,599479,599481,2,160
599319,599480,599482,2,161
599319,599480,599482,2,161
599319,599481,599483,2,162
599319,599480,599483,3,161
599321,599481,599483,2,160
599319,599480,599483,3,161
599321,599481,599484,3,160
599319,599481,599483,2,162
599321,599481,599483,2,160
599321,599481,599485,4,160
599321,599481,599485,4,160
599321,599481,599484,3,160
599321,599482,599486,4,161
599321,599482,599486,4,161
599321,599481,599485,4,160
599321,599482,599489,7,161
599321,599483,599493,10,162
599321,599483,599493,10,162
599321,599483,599493,10,162
599321,599483,599493,10,162
599321,599482,599494,12,161
599321,599482,599494,12,161
599321,599483,599495,12,162
599321,599484,599494,10,163
599321,599483,599496,13,162
599321,599484,599495,11,163
599321,599485,599497,12,164
599321,599485,599497,12,164
599321,599485,599497,12,164
599321,599486,599497,11,165
599321,599485,599499,14,164
599321,599486,599498,12,165
599321,599486,599499,13,165
599321,599497,599501,4,176
599321,599490,599500,10,169
599321,599497,599501,4,176
599321,599493,599501,8,172
599321,599495,599501,6,174
599321,599494,599502,8,173
599321,599494,599502,8,173
599321,599495,599502,7,174
599321,599498,599502,4,177
599321,599494,599503,9,173
599321,599496,599502,6,175
599321,599495,599502,7,174
599321,599494,599504,10,173
599321,599498,599504,6,177
599321,599499,599504,5,178
599321,599499,599504,5,178
599321,599501,599505,4,180
599321,599499,599505,6,178
599321,599502,599505,3,181
599321,599502,599506,4,181
599321,599496,599506,10,175
599321,599502,599505,3,181
599321,599501,599506,5,180
599321,599501,599506,5,180
599321,599503,599506,3,182
599321,599503,599507,4,182
599321,599505,599507,2,184
599321,599501,599507,6,180
599321,599503,599506,3,182
599321,599504,599508,4,183
599321,599504,599508,4,183
599321,599504,599508,4,183
599321,599504,599508,4,183
599321,599505,599507,2,184
599321,599505,599508,3,184
599321,599507,599509,2,186
599321,599506,599508,2,185
599321,599507,599509,2,186
599321,599501,599508,7,180
599321,599503,599508,5,182
599321,599507,599509,2,186
599321,599507,599510,3,186
599321,599506,599509,3,185
599321,599508,599510,2,187
599321,599506,599509,3,185
599321,599507,599510,3,186
599321,599506,599509,3,185
599417,599508,599511,3,91
599321,599507,599510,3,186
599417,599509,599511,2,92
599417,599508,599510,2,91
599417,599508,599511,3,91
599417,599509,599512,3,92
599417,599508,599512,4,91
599417,599509,599511,2,92
599417,599509,599513,4,92
598948,599066,599514,448,118
599417,599509,599513,4,92
599417,599510,599516,6,93
599417,599510,599520,10,93
599417,599510,599521,11,93
599417,599510,599522,12,93
599417,599511,599522,11,94
599417,599511,599522,11,94
599417,599510,599522,12,93
599417,599512,599523,11,95
599417,599513,599523,10,96
599417,599510,599523,13,93
599417,599511,599523,12,94
599417,599510,599522,12,93
599417,599511,599523,12,94
599417,599514,599525,11,97
599417,599516,599525,9,99
599417,599512,599524,12,95
599417,599514,599526,12,97
599417,599513,599525,12,96
599417,599512,599527,15,95
599417,599523,599527,4,106
599417,599525,599528,3,108
599417,599523,599529,6,106
599417,599523,599529,6,106
599417,599523,599529,6,106
599417,599520,599530,10,103
599417,599522,599530,8,105
599417,599522,599530,8,105
599417,599522,599530,8,105
599417,599523,599531,8,106
599417,599525,599530,5,108
599417,599525,599530,5,108
599417,599522,599532,10,105
599417,599521,599532,11,104
599417,599526,599533,7,109
599417,599531,599533,2,114
599417,599525,599533,8,108
599417,599527,599533,6,110
599417,599532,599534,2,115
599417,599530,599534,4,113
599417,599526,599534,8,109
599417,599531,599533,2,114
599417,599531,599533,2,114
599417,599529,599535,6,112
599417,599529,599535,6,112
599417,599531,599535,4,114
599417,599530,599534,4,113
599417,599532,599534,2,115
599417,599533,599536,3,116
599417,599534,599536,2,117
599417,599534,599536,2,117
599417,599527,599535,8,110
599417,599530,599535,5,113
599417,599534,599535,1,117
599417,599528,599535,7,111
599417,599535,599537,2,118
599417,599529,599536,7,112
599417,599534,599537,3,117
599417,599534,599536,2,117
599417,599534,599537,3,117
599417,599535,599538,3,118
599417,599535,599538,3,118
599417,599535,599537,2,118
599417,599535,599537,2,118
599417,599535,599538,3,118
599421,599536,599539,3,115
599421,599537,599538,1,116
599417,599535,599538,3,118
599417,599536,599538,2,119
599421,599537,599540,3,116
599421,599537,599540,3,116
599421,599536,599540,4,115
599421,599536,599539,3,115
599421,599536,599539,3,115
599421,599537,599540,3,116
599421,599537,599541,4,116
599421,599537,599543,6,116
599421,599538,599548,10,117
599421,599538,599549,11,117
599421,599538,599550,12,117
599421,599539,599550,11,118
599421,599538,599550,12,117
599421,599538,599551,13,117
599421,599539,599550,11,118
599421,599541,599551,10,120
599421,599540,599552,12,119
599421,599540,599552,12,119
599421,599540,599553,13,119
599421,599541,599553,12,120
599421,599540,599552,12,119
599421,599540,599554,14,119
599421,599542,599554,12,121
599421,599541,599554,13,120
599421,599543,599556,13,122
599421,599549,599559,10,128
599421,599550,599559,9,129
599421,599549,599560,11,128
599421,599553,599560,7,132
599421,599553,599560,7,132
599421,599550,599561,11,129
599421,599551,599562,11,130
599421,599551,599562,11,130
599421,599553,599562,9,132
599421,599550,599561,11,129
599421,599552,599561,9,131
599421,599551,599562,11,130
599421,599552,599564,12,131
599421,599555,599563,8,134
599421,599556,599563,7,135
599421,599559,599565,6,138
599421,599555,599565,10,134
599421,599560,599565,5,139
599421,599554,599566,12,133
599421,599561,599566,5,140
599421,599559,599565,6,138
599421,599563,599567,4,142
599421,599562,599567,5,141
599421,599565,599567,2,144
599421,599560,599567,7,139
599421,599565,599566,1,144
599421,599562,599568,6,141
599421,599564,599568,4,143
599421,599560,599567,7,139
599421,599564,599568,4,143
599421,599562,599567,5,141
599421,599565,599567,2,144
599421,599562,599569,7,141
599421,599567,599569,2,146
599421,599562,599569,7,141
599421,599564,599568,4,143
599421,599566,599569,3,145
599421,599567,599569,2,146
599421,599567,599569,2,146
599421,599567,599570,3,146
599421,599567,599570,3,146
599421,599568,599571,3,147
599421,599568,599570,2,147
599421,599569,599571,2,148
599421,599567,599570,3,146
599421,599568,599571,3,147
599421,599566,599570,4,145
599421,599568,599571,3,147
599421,599569,599572,3,148
599421,599568,599571,3,147
599421,599568,599571,3,147
599421,599570,599572,2,149
599421,599569,599573,4,148
599421,599570,599573,3,149
599421,599569,599573,4,148
599421,599569,599573,4,148
599004,599125,599575,450,121
599421,599570,599575,5,149
599421,599571,599577,6,150
599421,599571,599581,10,150
599421,599571,599581,10,150
599421,599571,599582,11,150
599421,599571,599583,12,150
599421,599572,599582,10,151
599421,599573,599583,10,152
599421,599573,599583,10,152
599421,599571,599583,12,150
599421,599571,599583,12,150
599421,599571,599583,12,150
599421,599573,599584,11,152
599421,599573,599584,11,152
599421,599573,599584,11,152
599421,599572,599584,12,151
599421,599572,599584,12,151
599421,599577,599586,9,156
599421,599575,599585,10,154
599421,599583,599587,4,162
599421,599583,599588,5,162
599421,599583,599588,5,162
599421,599577,599588,11,156
599421,599584,599589,5,163
599421,599583,599589,6,162
599421,599584,599588,4,163
599421,599584,599589,5,163
599421,599583,599588,5,162
599421,599584,599589,5,163
599421,599582,599590,8,161
599421,599583,599591,8,162
599421,599581,599590,9,160
599421,599585,599591,6,164
599421,599581,599591,10,160
599421,599585,599592,7,164
599421,599587,599592,5,166
599421,599591,599593,2,170
599421,599586,599593,7,165
599421,599591,599593,2,170
599421,599588,599593,5,167
599421,599589,599594,5,168
599421,599590,599593,3,169
599421,599592,599594,2,171
599421,599591,599594,3,170
599421,599592,599594,2,171
599421,599591,599593,2,170
599421,599589,599594,5,168
599421,599586,599594,8,165
599421,599589,599595,6,168
599421,599589,599595,6,168
599421,599593,599594,1,172
599421,599594,599595,1,173
599421,599594,599595,1,173
599421,599593,599595,2,172
599421,599588,599595,7,167
599421,599594,599596,2,173
599421,599594,599595,1,173
599421,599589,599595,6,168
599421,599593,599595,2,172
599421,599589,599595,6,168
599421,599588,599595,7,167
599421,599594,599595,1,173
599421,599594,599597,3,173
599421,599594,599596,2,173
599468,599595,599597,2,127
599468,599595,599598,3,127
599421,599595,599598,3,174
599421,599595,599597,2,174
599421,599595,599597,2,174
599468,599596,599598,2,128
599468,599596,599598,2,128
599468,599596,599599,3,128
599468,599595,599598,3,127
599468,599596,599599,3,128
599468,599596,599600,4,128
599468,599596,599600,4,128
599468,599596,599603,7,128
599468,599597,599604,7,129
599468,599598,599609,11,130
599468,599597,599609,12,129
599468,599598,599610,12,130
599468,599598,599609,11,130
599468,599599,599609,10,131
599468,599599,599611,12,131
599468,599599,599610,11,131
599468,599600,599610,10,132
599468,599598,599612,14,130
599468,599599,599612,13,131
599468,599598,599611,13,130
599468,599598,599611,13,130
599468,599598,599611,13,130
599468,599604,599613,9,136
599468,599600,599614,14,132
599468,599604,599614,10,136
599468,599610,599615,5,142
599468,599610,599616,6,142
599468,599611,599617,6,143
599468,599612,599616,4,144
599468,599609,599617,8,141
599468,599611,599617,6,143
599468,599612,599618,6,144
599468,599613,599617,4,145
599468,599613,599618,5,145
599468,599613,599618,5,145
599468,599612,599619,7,144
599468,599609,599619,10,141
599468,599613,599619,6,145
599468,599614,599620,6,146
599468,599610,599620,10,142
599468,599615,599621,6,147
599468,599619,599621,2,151
599468,599618,599621,3,150
599468,599614,599620,6,146
599468,599619,599621,2,151
599468,599619,599621,2,151
599468,599616,599621,5,148
599468,599621,599622,1,153
599468,599620,599622,2,152
599468,599617,599623,6,149
599468,599617,599622,5,149
599468,599618,599622,4,150
599468,599621,599623,2,153
599468,599621,599623,2,153
599468,599621,599622,1,153
599468,599618,599624,6,150
599468,599617,599623,6,149
599468,599621,599623,2,153
599468,599618,599624,6,150
599468,599622,599624,2,154
599468,599622,599623,1,154
599468,599622,599623,1,154
599468,599621,599623,2,153
599468,599623,599625,2,155
599468,599622,599625,3,154
599468,599623,599624,1,155
599468,599623,599624,1,155
599468,599623,599626,3,155
599468,599617,599625,8,149
599468,599623,599625,2,155
599468,599623,599625,2,155
599468,599624,599626,2,156
599468,599624,599626,2,156
599473,599624,599627,3,151
599473,599625,599627,2,152
599473,599624,599627,3,151
599473,599624,599627,3,151
599473,599625,599628,3,152
599473,599625,599628,3,152
599473,599624,599628,4,151
599473,599624,599628,4,151
599473,599625,599629,4,152
599473,599626,599632,6,153
599473,599627,599637,10,154
599473,599627,599637,10,154
599473,599627,599638,11,154
599473,599628,599637,9,155
599473,599629,599638,9,156
599473,599626,599638,12,153
599473,599626,599639,13,153
599473,599626,599640,14,153
599473,599626,599639,13,153
599473,599626,599639,13,153
599473,599628,599640,12,155
599473,599628,599641,13,155
599473,599628,599641,13,155
599473,599628,599642,14,155
599091,599188,599644,456,97
599473,599641,599645,4,168
599473,599632,599644,12,159
599473,599637,599645,8,164
599473,599640,599646,6,167
599473,599640,599645,5,167
599473,599638,599646,8,165
599473,599642,599647,5,169
599473,599637,599646,9,164
599473,599638,599646,8,165
599473,599638,599646,8,165
599473,599640,599648,8,167
599473,599643,599648,5,170
599473,599638,599648,10,165
599473,599639,599649,10,166
599473,599644,599649,5,171
599473,599640,599650,10,167
599473,599645,599651,6,172
599473,599646,599651,5,173
599473,599645,599652,7,172
599473,599646,599652,6,173
599473,599651,599653,2,178
599473,599649,599653,4,176
599473,599648,599654,6,175
599473,599652,599654,2,179
599473,599647,599654,7,174
599473,599651,599654,3,178
599473,599647,599653,6,174
599473,599648,599654,6,175
599473,599646,599653,7,173
599473,599649,599653,4,176
599473,599648,599655,7,175
599473,599652,599655,3,179
599473,599646,599654,8,173
599473,599649,599654,5,176
599473,599653,599655,2,180
599473,599653,599654,1,180
599473,599651,599655,4,178
599473,599647,599655,8,174
599473,599654,599655,1,181
599473,599654,599655,1,181
599473,599654,599655,1,181
599473,599654,599657,3,181
599473,599654,599657,3,181
599473,599654,599657,3,181
599473,599654,599657,3,181
599473,599655,599657,2,182
599473,599655,599657,2,182
599473,599655,599658,3,182
599473,599654,599657,3,181
599473,599655,599657,2,182
599473,599655,599658,3,182
599521,599657,599659,2,136
599521,599656,599659,3,135
599521,599656,599660,4,135
599521,599657,599660,3,136
599521,599657,599660,3,136
599521,599657,599659,2,136
599521,599657,599660,3,136
599521,599656,599660,4,135
599521,599657,599661,4,136
599521,599657,599665,8,136
599521,599659,599669,10,138
599521,599658,599670,12,137
599521,599658,599669,11,137
599521,599658,599670,12,137
599521,599659,599670,11,138
599521,599660,599671,11,139
599521,599660,599671,11,139
599521,599658,599671,13,137
599521,599659,599672,13,138
599521,599660,599673,13,139
599521,599662,599673,11,141
599215,599347,599673,326,132
599521,599660,599674,14,139
599521,599661,599673,12,140
599521,599661,599674,13,140
599140,599243,599677,434,103
599521,599665,599677,12,144
599521,599673,599677,4,152
599521,599673,599678,5,152
599521,599672,599678,6,151
599521,599670,599678,8,149
599521,599674,599679,5,153
599521,599673,599679,6,152
599521,599671,599678,7,150
599521,599674,599679,5,153
599521,599670,599679,9,149
599521,599670,599680,10,149
599521,599672,599680,8,151
599521,599675,599681,6,154
599521,599672,599680,8,151
599521,599671,599681,10,150
599521,599677,599682,5,156
599521,599670,599681,11,149
599521,599679,599684,5,158
599521,599677,599684,7,156
599521,599682,599685,3,161
599521,599682,599685,3,161
599521,599678,599684,6,157
599521,599678,599685,7,157
599521,599681,599685,4,160
599521,599678,599685,7,157
599521,599679,599685,6,158
599521,599680,599686,6,159
599521,599681,599686,5,160
599521,599680,599685,5,159
599521,599684,599685,1,163
599521,599678,599685,7,157
599521,599679,599685,6,158
599521,599682,599685,3,161
599521,599680,599687,7,159
599521,599685,599687,2,164
599521,599684,599687,3,163
599521,599685,599686,1,164
599521,599685,599686,1,164
599521,599679,599686,7,158
599521,599686,599688,2,165
599521,599686,599688,2,165
599521,599685,599687,2,164
599521,599685,599687,2,164
599521,599686,599688,2,165
599521,599686,599689,3,165
599521,599686,599689,3,165
599521,599686,599689,3,165
599521,599686,599688,2,165
599521,599686,599688,2,165
599521,599686,599690,4,165
599582,599688,599690,2,106
599521,599687,599689,2,166
599582,599688,599690,2,106
599582,599687,599691,4,105
599582,599688,599691,3,106
599582,599687,599690,3,105
599582,599688,599691,3,106
599582,599687,599690,3,105
599582,599687,599692,5,105
599582,599688,599693,5,106
599582,599689,599695,6,107
599139,599242,599696,454,103
599582,599689,599697,8,107
599582,599690,599700,10,108
599582,599690,599700,10,108
599582,599692,599702,10,110
599582,599689,599702,13,107
599582,599690,599702,12,108
599582,599691,599702,11,109
599582,599689,599702,13,107
599582,599691,599703,12,109
599582,599691,599703,12,109
599582,599691,599703,12,109
599582,599689,599703,14,107
599582,599693,599704,11,111
599582,599692,599704,12,110
599582,599690,599704,14,108
599582,599695,599705,10,113
599582,599696,599706,10,114
599582,599703,599706,3,121
599582,599697,599707,10,115
599582,599703,599707,4,121
599582,599704,599708,4,122
599582,599703,599708,5,121
599582,599703,599708,5,121
599582,599702,599709,7,120
599582,599701,599709,8,119
599582,599704,599709,5,122
599582,599702,599708,6,120
599582,599703,599708,5,121
599582,599704,599708,4,122
599582,599702,599708,6,120
599582,599703,599708,5,121
599582,599700,599709,9,118
599582,599705,599711,6,123
599582,599709,599711,2,127
599582,599709,599711,2,127
599582,599709,599712,3,127
599582,599710,599712,2,128
599582,599707,599712,5,125
599582,599711,599713,2,129
599582,599709,599712,3,127
599582,599711,599713,2,129
599582,599709,599714,5,127
599582,599708,599714,6,126
599582,599712,599714,2,130
599582,599706,599714,8,124
599582,599707,599714,7,125
599582,599712,599714,2,130
599582,599712,599714,2,130
599582,599708,599714,6,126
599582,599713,599715,2,131
599582,599707,599714,7,125
599582,599711,599714,3,129
599582,599709,599714,5,127
599582,599709,599714,5,127
599582,599713,599716,3,131
599582,599713,599715,2,131
599582,599708,599716,8,126
599582,599714,599715,1,132
599582,599709,599715,6,127
599582,599714,599716,2,132
599582,599714,599715,1,132
599582,599714,599716,2,132
599582,599714,599716,2,132
599582,599714,599716,2,132
599582,599715,599716,1,133
599645,599715,599718,3,70
599645,599715,599718,3,70
599151,599268,599718,450,117
599645,599715,599717,2,70
599645,599715,599718,3,70
599645,599716,599718,2,71
599645,599716,599719,3,71
599645,599715,599718,3,70
599645,599716,599720,4,71
599645,599716,599720,4,71
599645,599716,599723,7,71
599645,599716,599724,8,71
599645,599716,599726,10,71
599645,599717,599727,10,72
599645,599717,599728,11,72
599645,599718,599729,11,73
599645,599719,599729,10,74
599645,599719,599729,10,74
599645,599716,599729,13,71
599645,599720,599729,9,75
599645,599717,599729,12,72
599645,599718,599731,13,73
599645,599719,599731,12,74
599645,599719,599730,11,74
599645,599720,599731,11,75
599645,599718,599730,12,73
599645,599718,599732,14,73
599645,599723,599733,10,78
599645,599729,599733,4,84
599645,599730,599734,4,85
599645,599729,599734,5,84
599645,599729,599734,5,84
599645,599725,599735,10,80
599645,599729,599735,6,84
599645,599727,599734,7,82
599645,599728,599736,8,83
599645,599731,599736,5,86
599645,599728,599736,8,83
599645,599730,599735,5,85
599645,599731,599737,6,86
599645,599731,599738,7,86
599645,599736,599737,1,91
599645,599736,599738,2,91
599645,599731,599739,8,86
599645,599731,599739,8,86
599645,599736,599738,2,91
599645,599735,599739,4,90
599645,599735,599739,4,90
599645,599734,599739,5,89
599645,599732,599739,7,87
599645,599735,599740,5,90
599645,599737,599739,2,92
599645,599738,599740,2,93
599645,599734,599740,6,89
599645,599736,599740,4,91
599645,599733,599739,6,88
599645,599734,599739,5,89
599645,599739,599740,1,94
599645,599738,599741,3,93
599645,599739,599741,2,94
599645,599739,599741,2,94
599645,599739,599740,1,94
599645,599740,599741,1,95
599645,599734,599741,7,89
599645,599739,599742,3,94
599645,599739,599741,2,94
599645,599739,599741,2,94
599645,599740,599742,2,95
599645,599738,599741,3,93
599645,599740,599742,2,95
599645,599740,599742,2,95
599645,599740,599742,2,95
599645,599740,599743,3,95
599645,599740,599743,3,95
599645,599740,599742,2,95
599674,599741,599744,3,67
599171,599294,599744,450,123
599645,599741,599743,2,96
599674,599741,599744,3,67
599674,599742,599745,3,68
599674,599742,599746,4,68
599674,599741,599745,4,67
599674,599742,599746,4,68
599674,599742,599747,5,68
599674,599742,599747,5,68
599674,599742,599747,5,68
599674,599742,599751,9,68
599674,599742,599752,10,68
599209,599319,599752,433,110
599674,599742,599753,11,68
599674,599744,599754,10,70
599674,599743,599755,12,69
599674,599743,599755,12,69
599674,599743,599756,13,69
599674,599745,599755,10,71
599674,599744,599757,13,70
599674,599745,599757,12,71
599674,599746,599759,13,72
599674,599746,599759,13,72
599674,599745,599759,14,71
599674,599746,599759,13,72
599674,599747,599759,12,73
599674,599747,599760,13,73
599674,599748,599760,12,74
599674,599751,599763,12,77
599674,599752,599762,10,78
599674,599752,599764,12,78
599674,599754,599765,11,80
599674,599754,599764,10,80
599674,599759,599766,7,85
599674,599757,599766,9,83
599674,599755,599767,12,81
599674,599757,599767,10,83
599674,599756,599767,11,82
599674,599756,599766,10,82
599674,599759,599768,9,85
599674,599759,599767,8,85
599674,599755,599767,12,81
599674,599759,599767,8,85
599674,599765,599768,3,91
599674,599759,599767,8,85
599674,599760,599767,7,86
599674,599763,599769,6,89
599674,599767,599769,2,93
599674,599761,599770,9,87
599674,599764,599770,6,90
599674,599763,599770,7,89
599674,599766,599770,4,92
599674,599767,599770,3,93
599674,599765,599769,4,91
599674,599767,599771,4,93
599674,599767,599771,4,93
599674,599767,599770,3,93
599674,599768,599770,2,94
599674,599768,599771,3,94
599674,599768,599771,3,94
599674,599769,599772,3,95
599674,599768,599771,3,94
599674,599769,599772,3,95
599674,599771,599773,2,97
599674,599768,599772,4,94
599674,599771,599773,2,97
599674,599768,599772,4,94
599674,599769,599772,3,95
599674,599770,599773,3,96
599674,599770,599773,3,96
599674,599770,599773,3,96
599674,599770,599773,3,96
599674,599770,599772,2,96
599674,599771,599773,2,97
599674,599770,599774,4,96
599674,599771,599773,2,97
599674,599771,599773,2,97
599678,599772,599774,2,94
599678,599772,599776,4,94
599678,599773,599776,3,95
599678,599773,599776,3,95
599678,599772,599775,3,94
599678,599773,599777,4,95
599295,599454,599777,323,159
599678,599773,599777,4,95
599678,599773,599777,4,95
599678,599773,599777,4,95
599678,599773,599780,7,95
599678,599774,599783,9,96
599678,599773,599784,11,95
599678,599774,599784,10,96
599678,599774,599785,11,96
599678,599775,599786,11,97
599678,599775,599786,11,97
599678,599774,599786,12,96
599678,599776,599786,10,98
599678,599773,599787,14,95
599678,599776,599787,11,98
599678,599776,599786,10,98
599678,599777,599786,9,99
599678,599776,599788,12,98
599678,599777,599789,12,99
599678,599786,599789,3,108
599678,599778,599790,12,100
599678,599786,599790,4,108
599678,599779,599789,10,101
599678,599779,599789,10,101
599678,599785,599790,5,107
599678,599780,599791,11,102
599678,599786,599791,5,108
599678,599783,599791,8,105
599678,599786,599792,6,108
599678,599787,599793,6,109
599678,599787,599793,6,109
599678,599784,599793,9,106
599678,599787,599793,6,109
599678,599784,599794,10,106
599678,599787,599794,7,109
599678,599788,599793,5,110
599678,599791,599795,4,113
599678,599792,599795,3,114
599678,599789,599795,6,111
599678,599794,599796,2,116
599678,599791,599796,5,113
599678,599793,599796,3,115
599678,599790,599796,6,112
599678,599791,599795,4,113
599678,599789,599795,6,111
599678,599793,599795,2,115
599678,599793,599796,3,115
599678,599793,599797,4,115
599678,599794,599796,2,116
599678,599790,599797,7,112
599678,599794,599796,2,116
599678,599791,599796,5,113
599678,599795,599797,2,117
599678,599795,599796,1,117
599678,599790,599796,6,112
599678,599795,599798,3,117
599678,599796,599798,2,118
599678,599796,599798,2,118
599678,599796,599798,2,118
599678,599796,599798,2,118
599678,599796,599798,2,118
599678,599797,599799,2,119
599678,599796,599799,3,118
599678,599790,599798,8,112
599678,599796,599798,2,118
599678,599796,599798,2,118
599678,599797,599799,2,119
599701,599797,599800,3,96
599701,599798,599799,1,97
599701,599797,599800,3,96
599678,599797,599800,3,119
599678,599797,599799,2,119
599678,599797,599799,2,119
599701,599798,599801,3,97
599701,599798,599801,3,97
599701,599798,599800,2,97
599701,599798,599800,2,97
599701,599799,599802,3,98
599701,599799,599803,4,98
599701,599799,599805,6,98
599701,599800,599808,8,99
599701,599799,599810,11,98
599701,599800,599810,10,99
599701,599801,599810,9,100
599701,599800,599810,10,99
599701,599801,599811,10,100
599701,599799,599812,13,98
599701,599802,599812,10,101
599701,599801,599813,12,100
599701,599800,599813,13,99
599701,599799,599812,13,98
599701,599799,599812,13,98
599701,599800,599812,12,99
599701,599801,599814,13,100
599701,599801,599813,12,100
599701,599803,599814,11,102
599701,599811,599815,4,110
599701,599811,599816,5,110
599701,599812,599816,4,111
599701,599805,599817,12,104
599701,599808,599817,9,107
599701,599812,599817,5,111
599701,599813,599818,5,112
599701,599810,599818,8,109
599701,599813,599818,5,112
599701,599810,599817,7,109
599701,599813,599819,6,112
599701,599813,599820,7,112
599701,599810,599820,10,109
599701,599813,599820,7,112
599701,599815,599821,6,114
599701,599818,599821,3,117
599701,599814,599820,6,113
599701,599814,599821,7,113
599701,599820,599822,2,119
599701,599818,599822,4,117
599701,599818,599822,4,117
599701,599816,599821,5,115
599701,599819,599821,2,118
599701,599821,599822,1,120
599701,599814,599821,7,113
599701,599820,599822,2,119
599701,599817,599822,5,116
599701,599820,599822,2,119
599701,599817,599823,6,116
599701,599821,599822,1,120
599701,599822,599823,1,121
599701,599817,599824,7,116
599701,599821,599824,3,120
599701,599817,599823,6,116
599701,599822,599824,2,121
599701,599819,599823,4,118
599701,599822,599824,2,121
599701,599822,599824,2,121
599701,599822,599824,2,121
599701,599822,599823,1,121
599701,599822,599823,1,121
599701,599822,599823,1,121
599701,599822,599825,3,121
599701,599822,599824,2,121
599701,599822,599824,2,121
599701,599823,599826,3,122
599701,599824,599826,2,123
599701,599824,599825,1,123
599728,599824,599826,2,96
599728,599824,599827,3,96
599728,599824,599827,3,96
599728,599824,599827,3,96
599701,599824,599827,3,123
599728,599824,599827,3,96
599728,599824,599828,4,96
599728,599824,599827,3,96
599728,599824,599827,3,96
599728,599824,599829,5,96
599728,599825,599831,6,97
599728,599826,599836,10,98
599233,599402,599836,434,169
599728,599829,599837,8,101
599728,599826,599836,10,98
599728,599825,599837,12,97
599728,599825,599837,12,97
599728,599827,599838,11,99
599728,599828,599837,9,100
599728,599826,599838,12,98
599728,599826,599838,12,98
599728,599827,599839,12,99
599728,599827,599839,12,99
599728,599828,599839,11,100
599728,599828,599840,12,100
599728,599827,599841,14,99
599728,599828,599840,12,100
599728,599838,599842,4,110
599728,599831,599843,12,103
599728,599838,599842,4,110
599728,599838,599843,5,110
599728,599837,599844,7,109
599728,599836,599844,8,108
599728,599838,599845,7,110
599728,599839,599845,6,111
599728,599836,599846,10,108
599728,599837,599846,9,109
599728,599839,599846,7,111
599728,599837,599845,8,109
599728,599837,599847,10,109
599728,599840,599848,8,112
599728,599841,599848,7,113
599728,599846,599848,2,118
599728,599846,599848,2,118
599728,599845,599849,4,117
599728,599841,599849,8,113
599728,599840,599848,8,112
599728,599846,599849,3,118
599728,599843,599849,6,115
599728,599845,599848,3,117
599728,599846,599849,3,118
599728,599842,599848,6,114
599728,599843,599848,5,115
599728,599848,599850,2,120
599728,599848,599850,2,120
599728,599844,599849,5,116
599728,599845,599849,4,117
599728,599848,599851,3,120
599728,599849,599851,2,121
599728,599849,599851,2,121
599728,599847,599851,4,119
599728,599843,599851,8,115
599232,599402,599850,448,170
599728,599849,599851,2,121
599728,599848,599850,2,120
599728,599849,599850,1,121
599728,599849,599851,2,121
599728,599849,599851,2,121
599728,599849,599852,3,121
599728,599849,599851,2,121
599728,599849,599851,2,121
599728,599850,599851,1,122
599728,599851,599852,1,123
599728,599851,599853,2,123
599754,599851,599853,2,97
599728,599850,599853,3,122
599728,599850,599853,3,122
599728,599850,599853,3,122
599728,599851,599854,3,123
599754,599851,599854,3,97
599754,599851,599854,3,97
599754,599851,599853,2,97
599754,599851,599855,4,97
599754,599851,599854,3,97
599754,599852,599855,3,98
599754,599852,599856,4,98
599754,599852,599855,3,98
599754,599852,599858,6,98
599286,599428,599859,431,142
599754,599852,599861,9,98
599754,599854,599862,8,100
599754,599852,599863,11,98
599754,599854,599863,9,100
599754,599855,599865,10,101
599754,599855,599865,10,101
599754,599853,599866,13,99
599754,599858,599866,8,104
599754,599854,599866,12,100
599754,599854,599866,12,100
599754,599855,599867,12,101
599754,599854,599866,12,100
599754,599854,599867,13,100
599754,599856,599866,10,102
599754,599855,599867,12,101
599417,599536,599866,330,119
599754,599856,599868,12,102
599754,599854,599868,14,100
599754,599859,599868,9,105
599754,599861,599869,8,107
599754,599865,599870,5,111
599754,599863,599871,8,109
599754,599865,599871,6,111
599754,599863,599870,7,109
599754,599867,599873,6,113
599754,599869,599872,3,115
599754,599870,599873,3,116
599754,599862,599873,11,108
599754,599867,599873,6,113
599754,599867,599873,6,113
599754,599867,599874,7,113
599754,599866,599873,7,112
599754,599871,599874,3,117
599754,599866,599874,8,112
599754,599866,599874,8,112
599754,599868,599874,6,114
599754,599871,599874,3,117
599754,599873,599875,2,119
599754,599867,599875,8,113
599754,599867,599874,7,113
599754,599871,599874,3,117
599754,599868,599876,8,114
599754,599866,599875,9,112
599754,599873,599876,3,119
599754,599873,599875,2,119
599754,599873,599875,2,119
599754,599874,599875,1,120
599754,599874,599876,2,120
599754,599869,599876,7,115
599754,599873,599877,4,119
599754,599874,599877,3,120
599754,599875,599877,2,121
599754,599873,599876,3,119
599754,599874,599876,2,120
599754,599875,599878,3,121
599754,599875,599878,3,121
599754,599876,599878,2,122
599754,599875,599878,3,121
599754,599876,599879,3,122
599754,599874,599879,5,120
599754,599876,599878,2,122
599754,599876,599878,2,122
599754,599874,599878,4,120
599754,599875,599878,3,121
599754,599876,599878,2,122
599756,599877,599880,3,121
599754,599876,599879,3,122
599756,599877,599880,3,121
599756,599876,599881,5,120
599756,599878,599881,3,122
599756,599878,599881,3,122
599756,599877,599880,3,121
599756,599878,599880,2,122
599756,599878,599882,4,122
599756,599878,599882,4,122
599756,599879,599886,7,123
599756,599879,599888,9,123
599756,599879,599889,10,123
599756,599880,599890,10,124
599756,599879,599890,11,123
599756,599879,599890,11,123
599756,599879,599890,11,123
599756,599881,599891,10,125
599756,599880,599892,12,124
599756,599881,599892,11,125
599756,599879,599892,13,123
599756,599880,599891,11,124
599756,599881,599893,12,125
599756,599879,599892,13,123
599756,599881,599893,12,125
599756,599881,599894,13,125
599756,599882,599893,11,126
599756,599882,599894,12,126
599756,599886,599898,12,130
599756,599889,599899,10,133
599756,599893,599899,6,137
599756,599892,599899,7,136
599756,599892,599900,8,136
599756,599893,599900,7,137
599756,599893,599900,7,137
599756,599894,599900,6,138
599756,599894,599901,7,138
599756,599890,599901,11,134
599756,599892,599900,8,136
599756,599894,599901,7,138
599756,599890,599900,10,134
599756,599891,599901,10,135
599756,599893,599901,8,137
599756,599888,599902,14,132
599756,599890,599902,12,134
599756,599900,599903,3,144
599756,599901,599903,2,145
599756,599890,599902,12,134
599756,599901,599904,3,145
599756,599899,599903,4,143
599756,599900,599903,3,144
599756,599902,599904,2,146
599756,599902,599904,2,146
599756,599900,599903,3,144
599756,599900,599903,3,144
599756,599901,599903,2,145
599756,599900,599904,4,144
599756,599901,599904,3,145
599756,599899,599904,5,143
599756,599903,599906,3,147
599756,599904,599906,2,148
599756,599903,599906,3,147
599756,599902,599906,4,146
599756,599898,599905,7,142
599756,599902,599906,4,146
599756,599905,599907,2,149
599756,599902,599906,4,146
599756,599905,599907,2,149
599756,599904,599907,3,148
599756,599904,599906,2,148
599756,599904,599906,2,148
599756,599904,599906,2,148
599756,599903,599907,4,147
599756,599905,599907,2,149
599756,599904,599907,3,148
599756,599905,599907,2,149
599785,599906,599907,1,121
599785,599906,599907,1,121
599785,599906,599909,3,121
599785,599906,599909,3,121
599785,599907,599910,3,122
599785,599906,599910,4,121
599785,599907,599909,2,122
599785,599906,599910,4,121
599785,599907,599910,3,122
599785,599907,599911,4,122
599785,599907,599913,6,122
599785,599908,599917,9,123
599423,599595,599917,322,172
599785,599908,599918,10,123
599785,599907,599917,10,122
599785,599908,599918,10,123
599785,599909,599918,9,124
599785,599908,599920,12,123
599785,599908,599920,12,123
599785,599909,599920,11,124
599785,599909,599921,12,124
599785,599908,599920,12,123
599785,599910,599922,12,125
599785,599910,599922,12,125
599785,599910,599922,12,125
599785,599912,599924,12,127
599785,599911,599923,12,126
599785,599913,599924,11,128
599785,599910,599924,14,125
599785,599917,599927,10,132
599785,599917,599927,10,132
599785,599921,599928,7,136
599785,599918,599928,10,133
599785,599920,599928,8,135
599785,599920,599928,8,135
599785,599919,599929,10,134
599785,599922,599929,7,137
599785,599922,599929,7,137
599319,599481,599929,448,162
599785,599918,599928,10,133
599785,599924,599930,6,139
599785,599918,599929,11,133
599785,599920,599930,10,135
599785,599921,599930,9,136
599785,599923,599930,7,138
599785,599927,599931,4,142
599785,599924,599932,8,139
599785,599924,599931,7,139
599785,599929,599932,3,144
599785,599928,599932,4,143
599785,599929,599931,2,144
599785,599930,599933,3,145
599785,599925,599933,8,140
599785,599928,599933,5,143
599785,599929,599933,4,144
599785,599928,599934,6,143
599785,599928,599934,6,143
599785,599927,599933,6,142
599785,599930,599934,4,145
599785,599929,599933,4,144
599785,599930,599934,4,145
599785,599931,599934,3,146
599785,599932,599935,3,147
599785,599931,599935,4,146
599785,599932,599935,3,147
599785,599932,599935,3,147
599785,599931,599935,4,146
599785,599931,599936,5,146
599785,599932,599935,3,147
599785,599933,599935,2,148
599785,599933,599936,3,148
599785,599933,599936,3,148
599785,599934,599936,2,149
599837,599935,599937,2,98
599785,599934,599937,3,149
599785,599934,599936,2,149
599785,599932,599936,4,147
599785,599933,599936,3,148
599837,599935,599938,3,98
599837,599934,599937,3,97
599837,599934,599937,3,97
599837,599934,599938,4,97
599837,599936,599938,2,99
599837,599935,599938,3,98
599837,599936,599940,4,99
599837,599936,599940,4,99
599837,599936,599941,5,99
599837,599936,599946,10,99
599837,599937,599947,10,100
599837,599937,599947,10,100
599837,599938,599948,10,101
599837,599936,599948,12,99
599837,599936,599948,12,99
599837,599937,599947,10,100
599837,599938,599949,11,101
599837,599938,599948,10,101
599837,599936,599948,12,99
599837,599938,599950,12,101
599837,599938,599950,12,101
599837,599939,599950,11,102
599837,599938,599950,12,101
599837,599940,599951,11,103
599837,599939,599952,13,102
599837,599941,599953,12,104
599837,599942,599954,12,105
599837,599948,599956,8,111
599837,599949,599956,7,112
599837,599946,599957,11,109
599837,599947,599957,10,110
599321,599508,599958,450,187
599837,599949,599958,9,112
599837,599951,599958,7,114
599837,599950,599958,8,113
599837,599951,599958,7,114
599837,599951,599958,7,114
599837,599948,599959,11,111
599837,599948,599958,10,111
599837,599951,599958,7,114
599837,599948,599960,12,111
599837,599958,599960,2,121
599837,599947,599959,12,110
599837,599949,599960,11,112
599837,599952,599959,7,115
599837,599956,599961,5,119
599837,599958,599961,3,121
599837,599959,599961,2,122
599837,599958,599960,2,121
599837,599958,599962,4,121
599837,599959,599962,3,122
599837,599953,599961,8,116
599837,599958,599961,3,121
599837,599956,599961,5,119
599837,599957,599961,4,120
599837,599955,599962,7,118
599837,599960,599963,3,123
599837,599959,599963,4,122
599474,599655,599962,307,181
599837,599957,599962,5,120
599837,599962,599964,2,125
599837,599959,599964,5,122
599837,599961,599964,3,124
599837,599960,599964,4,123
599837,599962,599964,2,125
599837,599961,599964,3,124
599837,599962,599965,3,125
599837,599960,599965,5,123
599837,599962,599964,2,125
599837,599962,599965,3,125
599837,599962,599964,2,125
599837,599960,599964,4,123
599837,599962,599964,2,125
599837,599961,599964,3,124
599852,599963,599965,2,111
599852,599963,599966,3,111
599837,599963,599965,2,126
599837,599960,599965,5,123
599852,599964,599966,2,112
599852,599963,599966,3,111
599852,599964,599967,3,112
599852,599964,599968,4,112
599852,599964,599968,4,112
599852,599964,599968,4,112
599852,599964,599970,6,112
599852,599965,599971,6,113
599852,599965,599975,10,113
599852,599965,599976,11,113
599852,599966,599976,10,114
599852,599965,599977,12,113
599852,599965,599977,12,113
599852,599966,599976,10,114
599852,599965,599977,12,113
599852,599966,599978,12,114
599852,599965,599977,12,113
599852,599967,599978,11,115
599852,599968,599979,11,116
599852,599965,599978,13,113
599852,599966,599979,13,114
599852,599968,599980,12,116
599852,599968,599980,12,116
599852,599968,599980,12,116
599852,599967,599980,13,115
599852,599970,599983,13,118
599852,599971,599983,12,119
599852,599979,599985,6,127
599852,599979,599985,6,127
599852,599979,599985,6,127
599852,599977,599986,9,125
599852,599976,599986,10,124
599852,599978,599986,8,126
599852,599975,599986,11,123
599852,599980,599987,7,128
599852,599976,599986,10,124
599852,599980,599987,7,128
599852,599979,599987,8,127
599852,599977,599988,11,125
599852,599980,599988,8,128
599852,599985,599988,3,133
599852,599978,599988,10,126
599852,599985,599988,3,133
599852,599981,599988,7,129
599852,599986,599989,3,134
599852,599986,599988,2,134
599852,599986,599988,2,134
599852,599987,599989,2,135
599852,599987,599989,2,135
599852,599983,599989,6,131
599852,599978,599988,10,126
599852,599983,599990,7,131
599852,599987,599989,2,135
599852,599977,599989,12,125
599852,599985,599989,4,133
599852,599989,599991,2,137
599852,599989,599991,2,137
599852,599987,599991,4,135
599852,599989,599991,2,137
599852,599989,599992,3,137
599852,599988,599992,4,136
599852,599988,599991,3,136
599852,599990,599992,2,138
599852,599989,599992,3,137
599852,599989,599992,3,137
599852,599989,599991,2,137
599852,599988,599991,3,136
599852,599988,599992,4,136
599852,599989,599992,3,137
599852,599990,599993,3,138
599864,599991,599993,2,127
599852,599987,599992,5,135
599852,599988,599992,4,136
599864,599991,599993,2,127
599864,599991,599994,3,127
599852,599990,599993,3,138
599864,599992,599994,2,128
599864,599992,599995,3,128
599864,599992,599994,2,128
599864,599992,599995,3,128
599864,599992,599995,3,128
599864,599992,599996,4,128
599864,599992,599995,3,128
599864,599992,600001,9,128
599864,599993,600003,10,129
599864,599993,600003,10,129
599864,599993,600003,10,129
599864,599993,600004,11,129
599864,599993,600004,11,129
599864,599993,600005,12,129
599864,599993,600005,12,129
599864,599994,600005,11,130
599864,599994,600006,12,130
599864,599995,600006,11,131
599864,599994,600006,12,130
599864,599993,600005,12,129
599864,599995,600007,12,131
599864,599995,600006,11,131
599864,599996,600008,12,132
599864,599995,600009,14,131
599864,599996,600009,13,132
599864,600006,600011,5,142
599864,600001,600011,10,137
599864,600005,600011,6,141
599864,600006,600013,7,142
599864,600006,600013,7,142
599864,600003,600013,10,139
599864,600003,600013,10,139
599864,600005,600013,8,141
599864,600007,600014,7,143
599864,600007,600013,6,143
599864,600006,600015,9,142
599864,600004,600015,11,140
599864,600008,600015,7,144
599864,600003,600014,11,139
599864,600005,600014,9,141
599864,600005,600016,11,141
599864,600013,600016,3,149
599864,600013,600016,3,149
599864,600014,600017,3,150
599864,600014,600017,3,150
599864,600009,600016,7,145
599864,600013,600017,4,149
599864,600010,600017,7,146
599864,600011,600017,6,147
599864,600011,600017,6,147
599864,600015,600017,2,151
599864,600012,600018,6,148
599864,600013,600019,6,149
599864,600015,600019,4,151
599864,600017,600019,2,153
599864,600015,600019,4,151
599864,600015,600020,5,151
599864,600015,600019,4,151
599864,600016,600019,3,152
599864,600017,600020,3,153
599864,600016,600019,3,152
599864,600018,600020,2,154
599864,600017,600020,3,153
599864,600016,600019,3,152
599864,600018,600020,2,154
599864,600017,600020,3,153
599864,600018,600020,2,154
599864,600019,600021,2,155
599864,600017,600020,3,153
599864,600018,600021,3,154
599864,600019,600022,3,155
599868,600020,600022,2,152
599864,600018,600021,3,154
599868,600020,600022,2,152
599868,600020,600023,3,152
599868,600020,600023,3,152
599868,600020,600023,3,152
599868,600020,600023,3,152
599868,600020,600023,3,152
599868,600019,600022,3,151
599868,600020,600022,2,152
599868,600020,600023,3,152
599868,600021,600029,8,153
599868,600021,600031,10,153
599868,600021,600031,10,153
599868,600022,600032,10,154
599868,600022,600032,10,154
599868,600022,600033,11,154
599868,600021,600033,12,153
599868,600022,600033,11,154
599868,600023,600033,10,155
599868,600023,600034,11,155
599868,600023,600033,10,155
599868,600023,600035,12,155
599868,600023,600035,12,155
599868,600023,600034,11,155
599868,600023,600035,12,155
599868,600023,600036,13,155
599868,600024,600036,12,156
599422,599595,600040,445,173
599868,600029,600040,11,161
599868,600032,600041,9,164
599868,600033,600041,8,165
599868,600032,600042,10,164
599868,600033,600042,9,165
599868,600032,600042,10,164
599868,600034,600043,9,166
599868,600033,600044,11,165
599868,600035,600044,9,167
599868,600036,600044,8,168
599868,600033,600044,11,165
599868,600032,600044,12,164
599868,600034,600044,10,166
599868,600035,600045,10,167
599868,600036,600044,8,168
599868,600035,600044,9,167
599868,600041,600046,5,173
599868,600036,600046,10,168
599868,600041,600046,5,173
599868,600040,600047,7,172
599868,600042,600047,5,174
599868,600043,600047,4,175
599868,600043,600048,5,175
599868,600042,600048,6,174
599868,600046,600048,2,178
599868,600041,600048,7,173
599868,600044,600049,5,176
599868,600044,600049,5,176
599868,600044,600049,5,176
599868,600044,600048,4,176
599868,600045,600049,4,177
599868,600047,600050,3,179
599868,600046,600049,3,178
599868,600048,600050,2,180
599868,600044,600050,6,176
599868,600046,600049,3,178
599868,600048,600051,3,180
599868,600045,600050,5,177
599868,600047,600050,3,179
599868,600044,600050,6,176
599868,600045,600050,5,177
599868,600049,600051,2,181
599868,600048,600050,2,180
599868,600048,600052,4,180
599919,600050,600052,2,131
599919,600050,600052,2,131
599868,600048,600051,3,180
599868,600049,600051,2,181
599919,600050,600052,2,131
599868,600049,600052,3,181
599868,600049,600052,3,181
599919,600051,600052,1,132
599919,600051,600054,3,132
599919,600050,600054,4,131
599919,600051,600054,3,132
599919,600050,600053,3,131
599919,600051,600054,3,132
599919,600051,600056,5,132
599919,600051,600062,11,132
599919,600051,600062,11,132
599919,600052,600062,10,133
599919,600053,600064,11,134
599919,600052,600064,12,133
599919,600052,600064,12,133
599919,600052,600064,12,133
599919,600052,600064,12,133
599919,600053,600063,10,134
599919,600054,600065,11,135
599919,600053,600065,12,134
599919,600054,600066,12,135
599919,600054,600066,12,135
599919,600054,600067,13,135
599919,600055,600067,12,136
599919,600053,600067,14,134
599919,600056,600068,12,137
599919,600062,600072,10,143
599919,600062,600074,12,143
599919,600065,600074,9,146
599919,600063,600073,10,144
599919,600064,600074,10,145
599919,600066,600074,8,147
599919,600064,600075,11,145
599919,600064,600075,11,145
599919,600064,600074,10,145
599919,600064,600076,12,145
599919,600064,600076,12,145
599919,600068,600075,7,149
599919,600068,600077,9,149
599919,600067,600076,9,148
599919,600067,600076,9,148
599919,600067,600077,10,148
599919,600065,600077,12,146
599919,600074,600078,4,155
599919,600072,600078,6,153
599919,600075,600079,4,156
599468,599624,600078,454,156
599919,600075,600080,5,156
599919,600074,600080,6,155
599919,600075,600079,4,156
599919,600075,600079,4,156
599919,600076,600081,5,157
599919,600074,600080,6,155
599919,600079,600081,2,160
599919,600077,600081,4,158
599919,600078,600081,3,159
599919,600077,600081,4,158
599919,600077,600080,3,158
599919,600077,600081,4,158
599919,600079,600082,3,160
599919,600076,600081,5,157
599919,600079,600082,3,160
599919,600080,600083,3,161
599919,600074,600082,8,155
599919,600076,600083,7,157
599919,600078,600082,4,159
599919,600080,600083,3,161
599919,600080,600082,2,161
599919,600081,600083,2,162
599919,600081,600082,1,162
599919,600081,600083,2,162
599919,600080,600084,4,161
599930,600082,600084,2,152
599919,600081,600083,2,162
599930,600083,600085,2,153
599919,600081,600084,3,162
599919,600081,600084,3,162
599930,600083,600085,2,153
599930,600083,600086,3,153
599930,600082,600085,3,152
599930,600083,600086,3,153
599930,600083,600086,3,153
599930,600083,600086,3,153
599930,600082,600085,3,152
599930,600083,600085,2,153
599930,600083,600089,6,153
599930,600083,600093,10,153
599930,600084,600094,10,154
599930,600086,600094,8,156
599930,600083,600095,12,153
599930,600084,600095,11,154
599930,600085,600095,10,155
599930,600085,600095,10,155
599930,600085,600096,11,155
599930,600085,600096,11,155
599930,600086,600096,10,156
599930,600084,600097,13,154
599930,600086,600098,12,156
599930,600086,600098,12,156
599930,600086,600098,12,156
599930,600086,600099,13,156
599930,600086,600099,13,156
599930,600089,600100,11,159
599930,600096,600103,7,166
599930,600096,600103,7,166
599930,600093,600104,11,163
599930,600096,600104,8,166
599930,600094,600104,10,164
599930,600095,600105,10,165
599930,600095,600105,10,165
599930,600095,600105,10,165
599930,600094,600106,12,164
599930,600095,600106,11,165
599930,600097,600107,10,167
599930,600098,600107,9,168
599930,600100,600107,7,170
599930,600098,600108,10,168
599930,600098,600109,11,168
599930,600105,600109,4,175
599930,600099,600109,10,169
599930,600105,600109,4,175
599930,600103,600109,6,173
599930,600104,600110,6,174
599930,600099,600110,11,169
599930,600103,600109,6,173
599930,600104,600109,5,174
599930,600104,600111,7,174
599930,600105,600110,5,175
599930,600106,600111,5,176
599930,600107,600111,4,177
599930,600106,600111,5,176
599930,600107,600112,5,177
599930,600108,600112,4,178
599930,600110,600112,2,180
599930,600107,600111,4,177
599930,600109,600111,2,179
599930,600109,600113,4,179
599930,600109,600113,4,179
599930,600110,600112,2,180
599930,600111,600113,2,181
599930,600109,600112,3,179
599930,600109,600113,4,179
599930,600111,600114,3,181
599930,600111,600113,2,181
599930,600111,600114,3,181
599930,600110,600113,3,180
599930,600112,600114,2,182
599930,600111,600115,4,181
599959,600113,600114,1,154
599959,600113,600115,2,154
599930,600111,600114,3,181
599930,600112,600114,2,182
599959,600113,600116,3,154
599959,600113,600116,3,154
599959,600113,600116,3,154
599959,600113,600115,2,154
599959,600113,600116,3,154
599959,600114,600117,3,155
599959,600114,600116,2,155
599959,600114,600117,3,155
599959,600114,600121,7,155
599959,600114,600123,9,155
599959,600115,600124,9,156
599959,600115,600125,10,156
599959,600115,600126,11,156
599959,600115,600125,10,156
599959,600114,600126,12,155
599959,600115,600126,11,156
599959,600116,600127,11,157
599959,600116,600127,11,157
599959,600116,600128,12,157
599959,600116,600128,12,157
599959,600117,600128,11,158
599959,600117,600128,11,158
599959,600117,600129,12,158
599959,600117,600129,12,158
599522,599687,600132,445,165
599959,600124,600134,10,165
599959,600121,600133,12,162
599959,600128,600136,8,169
599959,600123,600135,12,164
599959,600128,600135,7,169
599959,600126,600136,10,167
599959,600128,600135,7,169
599959,600127,600136,9,168
599959,600126,600137,11,167
599959,600127,600136,9,168
599959,600126,600138,12,167
599959,600126,600137,11,167
599959,600129,600137,8,170
599959,600125,600139,14,166
599959,600129,600138,9,170
599959,600132,600140,8,173
599959,600128,600140,12,169
599959,600136,600141,5,177
599959,600134,600142,8,175
599959,600137,600142,5,178
599959,600136,600142,6,177
599959,600136,600141,5,177
599959,600137,600143,6,178
599959,600138,600143,5,179
599959,600136,600143,7,177
599959,600136,600142,6,177
599959,600138,600144,6,179
599959,600139,600144,5,180
599959,600139,600143,4,180
599959,600134,600143,9,175
599959,600139,600143,4,180
599959,600140,600145,5,181
599959,600142,600145,3,183
599959,600141,600144,3,182
599959,600142,600144,2,183
599959,600143,600145,2,184
599959,600140,600144,4,181
599959,600143,600145,2,184
599959,600142,600144,2,183
599959,600143,600146,3,184
599959,600136,600146,10,177
599959,600143,600146,3,184
599959,600143,600145,2,184
599964,600145,600147,2,181
599959,600144,600147,3,185
599959,600144,600147,3,185
599959,600144,600147,3,185
599964,600145,600148,3,181
599964,600146,600148,2,182
599959,600144,600147,3,185
599959,600144,600147,3,185
599964,600145,600148,3,181
599583,599715,600148,433,132
599959,600145,600147,2,186
599964,600145,600147,2,181
599964,600145,600147,2,181
599964,600145,600148,3,181
599964,600146,600148,2,182
599964,600146,600148,2,182
599964,600146,600150,4,182
599964,600147,600154,7,183
599964,600149,600155,6,185
599964,600150,600156,6,186
599964,600149,600156,7,185
599964,600149,600157,8,185
599964,600148,600158,10,184
599964,600149,600158,9,185
599964,600148,600159,11,184
599964,600149,600159,10,185
599964,600147,600159,12,183
599964,600147,600160,13,183
599964,600154,600160,6,190
599964,600148,600160,12,184
599964,600148,600160,12,184
599964,600148,600160,12,184
599964,600147,600161,14,183
599964,600148,600160,12,184
599964,600155,600163,8,191
599964,600157,600163,6,193
599964,600148,600162,14,184
599964,600156,600164,8,192
599964,600156,600164,8,192
599964,600158,600164,6,194
599964,600159,600164,5,195
599964,600160,600164,4,196
599964,600159,600166,7,195
599964,600159,600166,7,195
599964,600159,600166,7,195
599964,600161,600168,7,197
599964,600160,600167,7,196
599964,600160,600168,8,196
599964,600163,600168,5,199
599964,600160,600169,9,196
599964,600163,600169,6,199
599964,600164,600169,5,200
599964,600161,600168,7,197
599964,600166,600170,4,202
599964,600166,600170,4,202
599964,600163,600169,6,199
599964,600165,600169,4,201
599964,600165,600169,4,201
599964,600160,600171,11,196
599964,600166,600170,4,202
599964,600164,600170,6,200
599964,600165,600170,5,201
599964,600169,600172,3,205
599964,600168,600172,4,204
599964,600169,600172,3,205
599964,600168,600171,3,204
599964,600169,600171,2,205
599964,600170,600172,2,206
599964,600169,600173,4,205
599964,600170,600173,3,206
599964,600169,600172,3,205
599964,600170,600172,2,206
599964,600168,600172,4,204
599964,600171,600173,2,207
599964,600171,600174,3,207
599964,600170,600174,4,206
599964,600170,600173,3,206
600040,600172,600174,2,132
599964,600172,600174,2,208
599964,600172,600174,2,208
599964,600171,600173,2,207
599964,600171,600173,2,207
599964,600172,600174,2,208
600040,600174,600176,2,134
600040,600173,600176,3,133
600040,600172,600175,3,132
600040,600174,600175,1,134
600040,600174,600177,3,134
600040,600173,600176,3,133
600040,600173,600177,4,133
600040,600174,600177,3,134
600040,600174,600179,5,134
600040,600174,600183,9,134
600040,600174,600184,10,134
600040,600175,600185,10,135
600040,600175,600186,11,135
600040,600174,600186,12,134
600040,600177,600186,9,137
600040,600174,600186,12,134
600040,600175,600187,12,135
600040,600177,600186,9,137
600040,600176,600188,12,136
600040,600177,600188,11,137
600040,600176,600189,13,136
600040,600177,600190,13,137
600040,600178,600191,13,138
599645,599741,600191,450,96
600040,600179,600192,13,139
600040,600178,600191,13,138
600040,600183,600194,11,143
600040,600187,600196,9,147
600040,600184,600196,12,144
600040,600186,600197,11,146
600040,600186,600196,10,146
600040,600186,600197,11,146
600040,600187,600197,10,147
600040,600185,600197,12,145
600040,600186,600198,12,146
600040,600188,600198,10,148
600040,600190,600198,8,150
600040,600189,600198,9,149
600040,600188,600200,12,148
600040,600194,600200,6,154
599755,599876,600201,325,121
600040,600191,600201,10,151
600040,600197,600201,4,157
600040,600191,600200,9,151
600040,600192,600200,8,152
600040,600197,600202,5,157
600040,600192,600202,10,152
600040,600196,600201,5,156
600040,600197,600203,6,157
600040,600197,600203,6,157
600040,600197,600203,6,157
600040,600198,600202,4,158
600040,600201,600204,3,161
600040,600198,600204,6,158
600040,600199,600204,5,159
600040,600201,600204,3,161
600040,600196,600204,8,156
600040,600201,600205,4,161
600040,600200,600205,5,160
600040,600200,600205,5,160
600040,600202,600205,3,162
600040,600200,600204,4,160
600040,600203,600205,2,163
600040,600203,600206,3,163
600040,600203,600205,2,163
600040,600203,600205,2,163
600040,600204,600206,2,164
600040,600202,600206,4,162
600040,600202,600205,3,162
600040,600202,600205,3,162
600040,600203,600207,4,163
600040,600204,600207,3,164
600080,600205,600208,3,125
600040,600205,600207,2,165
600040,600205,600208,3,165
600080,600205,600208,3,125
600040,600205,600207,2,165
600080,600206,600208,2,126
600080,600206,600207,1,126
600040,600204,600207,3,164
600080,600206,600208,2,126
600080,600206,600208,2,126
600080,600206,600207,1,126
600080,600206,600208,2,126
600080,600206,600210,4,126
600080,600206,600209,3,126
600080,600206,600215,9,126
600080,600208,600216,8,128
600080,600210,600217,7,130
600080,600208,600217,9,128
600080,600208,600218,10,128
600080,600210,600218,8,130
600080,600207,600219,12,127
600080,600208,600218,10,128
600080,600208,600220,12,128
600080,600207,600220,13,127
600080,600208,600220,12,128
600080,600208,600219,11,128
600080,600208,600219,11,128
600080,600208,600220,12,128
600080,600208,600220,12,128
599674,599772,600222,450,98
600080,600210,600222,12,130
600080,600208,600222,14,128
599679,599797,600223,426,118
600080,600219,600223,4,139
600080,600220,600225,5,140
600080,600219,600225,6,139
600080,600218,600226,8,138
600080,600216,600226,10,136
600080,600220,600227,7,140
600080,600220,600228,8,140
600080,600215,600227,12,135
600080,600217,600227,10,137
600080,600218,600228,10,138
600080,600222,600229,7,142
600080,600223,600229,6,143
600080,600220,600229,9,140
600080,600217,600229,12,137
600080,600226,600230,4,146
600080,600228,600231,3,148
600080,600226,600231,5,146
600080,600225,600230,5,145
600080,600221,600231,10,141
600080,600222,600231,9,142
600080,600225,600230,5,145
600080,600227,600231,4,147
600080,600220,600232,12,140
600080,600228,600232,4,148
600080,600223,600232,9,143
600080,600222,600232,10,142
600080,600229,600233,4,149
600080,600221,600232,11,141
600080,600228,600232,4,148
600080,600229,600232,3,149
600080,600231,600233,2,151
600080,600228,600232,4,148
600080,600230,600234,4,150
600080,600229,600233,4,149
600080,600231,600234,3,151
600080,600231,600234,3,151
600080,600230,600233,3,150
600080,600232,600235,3,152
600080,600232,600235,3,152
600080,600233,600235,2,153
600080,600231,600235,4,151
600080,600232,600234,2,152
600133,600234,600236,2,101
600080,600231,600235,4,151
600080,600232,600235,3,152
600133,600233,600235,2,100
600080,600233,600235,2,153
600080,600231,600235,4,151
600080,600233,600235,2,153
600080,600233,600235,2,153
600133,600235,600237,2,102
600133,600234,600237,3,101
600133,600234,600237,3,101
600133,600233,600236,3,100
600133,600234,600236,2,101
600133,600235,600238,3,102
600133,600235,600237,2,102
600133,600235,600238,3,102
600133,600235,600243,8,102
600133,600238,600245,7,105
600133,600238,600246,8,105
600133,600236,600246,10,103
600133,600236,600246,10,103
600133,600238,600246,8,105
600133,600238,600246,8,105
600133,600236,600247,11,103
600133,600236,600247,11,103
600133,600236,600248,12,103
600133,600236,600248,12,103
600133,600236,600248,12,103
600133,600237,600248,11,104
600133,600236,600248,12,103
600133,600236,600248,12,103
600133,600237,600250,13,104
600133,600237,600249,12,104
600133,600237,600249,12,104
600133,600243,600251,8,110
600133,600246,600251,5,113
600133,600246,600252,6,113
600133,600246,600252,6,113
600133,600248,600253,5,115
600133,600248,600253,5,115
600133,600245,600252,7,112
600133,600247,600253,6,114
600133,600248,600254,6,115
600133,600246,600254,8,113
600133,600247,600255,8,114
600133,600248,600255,7,115
600133,600250,600255,5,117
600133,600248,600255,7,115
600133,600250,600256,6,117
600133,600253,600256,3,120
600133,600248,600256,8,115
600133,600250,600256,6,117
600133,600252,600256,4,119
600133,600254,600258,4,121
600133,600253,600258,5,120
600133,600254,600258,4,121
600133,600252,600258,6,119
600133,600248,600258,10,115
600133,600252,600258,6,119
600133,600251,600258,7,118
600133,600255,600259,4,122
600133,600253,600258,5,120
600133,600253,600258,5,120
600133,600256,600259,3,123
600133,600255,600258,3,122
600133,600255,600260,5,122
600133,600257,600260,3,124
600133,600256,600260,4,123
600133,600256,600260,4,123
600133,600258,600260,2,125
600133,600257,600259,2,124
599701,599824,600260,436,123
600133,600258,600261,3,125
600133,600258,600261,3,125
600133,600258,600261,3,125
600133,600256,600260,4,123
600133,600258,600260,2,125
600133,600258,600260,2,125
600148,600260,600262,2,112
600148,600260,600262,2,112
600133,600259,600261,2,126
600133,600259,600261,2,126
600133,600258,600261,3,125
600133,600259,600261,2,126
600148,600260,600262,2,112
600148,600260,600262,2,112
600148,600260,600262,2,112
600148,600260,600262,2,112
600148,600259,600263,4,111
600148,600260,600263,3,112
600148,600261,600263,2,113
600148,600261,600265,4,113
599785,599934,600270,336,149
600148,600261,600270,9,113
600148,600262,600272,10,114
600148,600262,600272,10,114
600148,600264,600273,9,116
600148,600264,600273,9,116
600148,600265,600273,8,117
600148,600262,600273,11,114
600148,600261,600274,13,113
600148,600263,600274,11,115
600148,600262,600274,12,114
600148,600262,600274,12,114
600148,600264,600275,11,116
600148,600262,600275,13,114
600148,600263,600275,12,115
600148,600261,600274,13,113
600148,600263,600274,11,115
600148,600262,600275,13,114
600148,600263,600275,12,115
600148,600274,600278,4,126
600148,600273,600278,5,125
600148,600274,600278,4,126
600148,600272,600278,6,124
600148,600273,600279,6,125
600148,600274,600279,5,126
600148,600270,600279,9,122
600148,600272,600280,8,124
600148,600273,600280,7,125
600148,600273,600281,8,125
600148,600270,600281,11,122
600148,600279,600282,3,131
600148,600279,600282,3,131
600148,600275,600282,7,127
600148,600275,600282,7,127
600148,600280,600282,2,132
600148,600275,600283,8,127
600148,600275,600283,8,127
600148,600276,600283,7,128
600148,600275,600282,7,127
600148,600280,600282,2,132
600148,600279,600282,3,131
600148,600275,600284,9,127
600148,600278,600283,5,130
600148,600281,600284,3,133
600148,600276,600283,7,128
600148,600278,600283,5,130
600148,600280,600283,3,132
600148,600278,600285,7,130
600148,600282,600285,3,134
600148,600282,600284,2,134
600148,600283,600285,2,135
600148,600281,600284,3,133
600148,600282,600285,3,134
600148,600283,600286,3,135
600148,600283,600286,3,135
600148,600282,600286,4,134
600148,600283,600286,3,135
600148,600283,600286,3,135
600148,600282,600285,3,134
600148,600284,600286,2,136
600192,600285,600287,2,93
600148,600284,600287,3,136
600148,600284,600287,3,136
600148,600283,600286,3,135
600192,600285,600287,2,93
600148,600284,600286,2,136
600192,600285,600288,3,93
600192,600285,600288,3,93
600148,600284,600287,3,136
600148,600284,600287,3,136
600192,600285,600287,2,93
600192,600286,600289,3,94
600192,600286,600288,2,94
600192,600286,600288,2,94
600192,600286,600288,2,94
600192,600286,600291,5,94
600192,600287,600297,10,95
600192,600287,600297,10,95
600192,600288,600298,10,96
600192,600288,600298,10,96
600192,600289,600298,9,97
600192,600289,600298,9,97
600192,600286,600298,12,94
600192,600287,600299,12,95
600192,600287,600299,12,95
600192,600287,600299,12,95
600192,600286,600298,12,94
600192,600287,600299,12,95
600192,600288,600300,12,96
600192,600288,600300,12,96
600192,600288,600299,11,96
600192,600289,600300,11,97
600192,600289,600299,10,97
600192,600291,600301,10,99
600192,600298,600303,5,106
600192,600299,600304,5,107
600192,600298,600304,6,106
600192,600299,600304,5,107
600192,600298,600305,7,106
599729,599851,600305,454,122
600192,600297,600305,8,105
600192,600298,600306,8,106
600192,600299,600306,7,107
600192,600298,600306,8,106
600192,600300,600307,7,108
600192,600297,600307,10,105
600192,600299,600306,7,107
600192,600300,600307,7,108
600192,600300,600307,7,108
600192,600299,600306,7,107
600192,600305,600307,2,113
600192,600300,600307,7,108
600192,600301,600308,7,109
600192,600306,600307,1,114
600192,600306,600309,3,114
600192,600300,600308,8,108
600192,600305,600309,4,113
600192,600305,600308,3,113
600192,600304,600309,5,112
600192,600307,600309,2,115
600192,600304,600309,5,112
600192,600307,600310,3,115
600192,600306,600310,4,114
600192,600303,600309,6,111
600192,600307,600310,3,115
600192,600304,600309,5,112
600192,600309,600311,2,117
600192,600308,600311,3,116
600192,600307,600311,4,115
600192,600307,600310,3,115
600192,600307,600310,3,115
600192,600307,600310,3,115
600192,600309,600312,3,117
600192,600309,600312,3,117
600192,600309,600312,3,117
600192,600307,600311,4,115
600192,600309,600311,2,117
600192,600310,600313,3,118
600192,600310,600313,3,118
600201,600310,600313,3,109
600192,600309,600312,3,117
600192,600309,600312,3,117
600201,600310,600314,4,109
600192,600310,600313,3,118
600201,600311,600313,2,110
600201,600311,600313,2,110
599852,599990,600315,325,138
600201,600311,600314,3,110
600201,600311,600314,3,110
600201,600311,600314,3,110
600201,600311,600314,3,110
600201,600312,600316,4,111
600201,600312,600317,5,111
600201,600313,600322,9,112
600201,600313,600323,10,112
600201,600313,600324,11,112
600201,600312,600324,12,111
600201,600313,600324,11,112
600201,600313,600324,11,112
600201,600312,600324,12,111
600201,600315,600325,10,114
600201,600314,600324,10,113
600201,600315,600325,10,114
600201,600314,600326,12,113
600201,600314,600326,12,113
600201,600314,600326,12,113
600201,600317,600326,9,116
600201,600315,600326,11,114
600201,600315,600327,12,114
599864,600019,600327,308,155
600201,600316,600326,10,115
600201,600315,600328,13,114
600201,600317,600329,12,116
600201,600325,600332,7,124
600201,600327,600332,5,126
600201,600323,600333,10,122
600201,600327,600332,5,126
600201,600326,600333,7,125
600201,600326,600333,7,125
600201,600323,600333,10,122
600201,600327,600333,6,126
600201,600326,600334,8,125
600201,600324,600334,10,123
600201,600324,600334,10,123
600201,600325,600335,10,124
600201,600325,600335,10,124
600201,600328,600335,7,127
600201,600332,600335,3,131
600201,600326,600336,10,125
600201,600324,600336,12,123
600201,600326,600337,11,125
600201,600329,600336,7,128
600201,600333,600336,3,132
600201,600333,600336,3,132
600201,600335,600338,3,134
600201,600333,600338,5,132
600201,600334,600337,3,133
600201,600335,600338,3,134
600201,600324,600338,14,123
600201,600336,600338,2,135
600201,600333,600338,5,132
600201,600324,600337,13,123
600201,600334,600337,3,133
600201,600333,600338,5,132
600201,600335,600338,3,134
600201,600332,600338,6,131
600201,600333,600338,5,132
600201,600337,600339,2,136
600201,600337,600340,3,136
600201,600336,600340,4,135
600201,600336,600339,3,135
600201,600338,600340,2,137
600201,600337,600340,3,136
600201,600338,600339,1,137
600201,600335,600339,4,134
600201,600338,600341,3,137
600222,600339,600341,2,117
600222,600338,600341,3,116
600222,600338,600341,3,116
600201,600337,600340,3,136
600201,600338,600340,2,137
600201,600338,600340,2,137
600222,600339,600342,3,117
600222,600339,600342,3,117
600222,600340,600342,2,118
600222,600339,600341,2,117
600222,600339,600342,3,117
600222,600340,600343,3,118
600222,600340,600346,6,118
600222,600340,600350,10,118
599756,599905,600350,445,149
600222,600340,600352,12,118
600222,600340,600352,12,118
600222,600342,600352,10,120
600222,600340,600352,12,118
600222,600341,600351,10,119
600222,600341,600353,12,119
600222,600341,600353,12,119
600222,600341,600353,12,119
600222,600342,600352,10,120
600222,600341,600354,13,119
600222,600341,600354,13,119
600222,600342,600354,12,120
600222,600344,600355,11,122
600222,600341,600354,13,119
600222,600342,600354,12,120
600222,600343,600355,12,121
600222,600340,600355,15,118
600222,600346,600355,9,124
600222,600352,600357,5,130
600222,600352,600358,6,130
600222,600352,600358,6,130
600222,600350,600357,7,128
600222,600352,600359,7,130
600222,600350,600360,10,128
600222,600352,600360,8,130
600222,600357,600360,3,135
600222,600353,600360,7,131
600222,600354,600360,6,132
600222,600355,600361,6,133
600222,600353,600361,8,131
600222,600353,600361,8,131
600222,600359,600360,1,137
600222,600353,600362,9,131
600222,600360,600362,2,138
600222,600356,600362,6,134
600222,600358,600362,4,136
600222,600358,600362,4,136
600222,600355,600362,7,133
600222,600359,600361,2,137
600222,600360,600363,3,138
600222,600355,600362,7,133
600222,600360,600363,3,138
600222,600356,600363,7,134
600222,600354,600362,8,132
600222,600360,600362,2,138
600222,600361,600364,3,139
600222,600360,600364,4,138
600222,600361,600364,3,139
600222,600354,600363,9,132
600222,600355,600363,8,133
600222,600361,600365,4,139
600222,600362,600365,3,140
600222,600362,600365,3,140
600222,600362,600365,3,140
600222,600362,600365,3,140
600222,600362,600364,2,140
600222,600362,600365,3,140
600222,600363,600366,3,141
600222,600363,600366,3,141
600222,600363,600365,2,141
600222,600362,600365,3,140
600222,600361,600365,4,139
600224,600364,600366,2,140
600222,600363,600366,3,141
600224,600364,600367,3,140
600222,600364,600366,2,142
600224,600364,600366,2,140
600224,600365,600366,1,141
600224,600364,600368,4,140
600224,600365,600367,2,141
600224,600365,600368,3,141
600224,600365,600367,2,141
600224,600364,600368,4,140
600224,600365,600372,7,141
600224,600365,600374,9,141
600224,600366,600376,10,142
600224,600366,600377,11,142
600224,600366,600377,11,142
600224,600366,600378,12,142
600224,600367,600378,11,143
600224,600366,600378,12,142
600224,600366,600378,12,142
600224,600366,600378,12,142
600224,600367,600378,11,143
600224,600366,600379,13,142
600224,600368,600378,10,144
600224,600367,600378,11,143
600224,600368,600380,12,144
600224,600368,600380,12,144
600224,600368,600380,12,144
600224,600369,600381,12,145
600224,600367,600380,13,143
600224,600378,600382,4,154
600224,600372,600383,11,148
600224,600374,600383,9,150
600224,600378,600385,7,154
600224,600376,600385,9,152
600224,600378,600386,8,154
600224,600377,600386,9,153
600224,600379,600386,7,155
600224,600377,600386,9,153
600224,600380,600387,7,156
600224,600383,600387,4,159
600224,600379,600387,8,155
600224,600378,600386,8,154
600224,600378,600388,10,154
600224,600381,600388,7,157
600224,600385,600388,3,161
600224,600386,600388,2,162
600224,600385,600388,3,161
600224,600386,600388,2,162
600224,600380,600389,9,156
600224,600381,600388,7,157
600224,600386,600389,3,162
600224,600381,600389,8,157
600224,600380,600388,8,156
600224,600382,600388,6,158
600224,600383,600388,5,159
600224,600387,600390,3,163
600224,600386,600389,3,162
600224,600380,600389,9,156
600224,600387,600389,2,163
600224,600388,600391,3,164
600224,600389,600391,2,165
600224,600388,600391,3,164
600224,600388,600391,3,164
600224,600388,600391,3,164
600224,600388,600391,3,164
600224,600389,600392,3,165
600224,600388,600391,3,164
600224,600389,600392,3,165
600224,600388,600392,4,164
600224,600389,600392,3,165
600224,600389,600392,3,165
600224,600387,600392,5,163
599838,599963,600392,429,125
600224,600389,600392,3,165
600224,600389,600392,3,165
600224,600390,600392,2,166
600261,600391,600392,1,130
600224,600390,600392,2,166
600261,600391,600392,1,130
600261,600391,600394,3,130
600261,600391,600393,2,130
600261,600392,600394,2,131
600261,600391,600394,3,130
600261,600391,600395,4,130
600261,600392,600394,2,131
600261,600391,600394,3,130
600261,600392,600399,7,131
600261,600392,600403,11,131
600261,600394,600404,10,133
600261,600393,600404,11,132
600261,600392,600404,12,131
600261,600392,600404,12,131
600261,600393,600405,12,132
600261,600393,600405,12,132
600261,600393,600405,12,132
600261,600394,600404,10,133
600261,600394,600406,12,133
600261,600393,600406,13,132
600261,600395,600405,10,134
600261,600394,600405,11,133
600261,600395,600405,10,134
600261,600394,600407,13,133
600261,600393,600406,13,132
600261,600394,600408,14,133
600261,600395,600408,13,134
600261,600399,600411,12,138
600261,600404,600412,8,143
600261,600407,600413,6,146
600261,600407,600413,6,146
600261,600404,600413,9,143
600261,600406,600412,6,145
600261,600406,600414,8,145
600261,600406,600414,8,145
600261,600407,600414,7,146
600261,600404,600414,10,143
600261,600408,600415,7,147
600261,600406,600415,9,145
600261,600413,600415,2,152
600261,600403,600415,12,142
600261,600405,600415,10,144
600261,600404,600414,10,143
600261,600408,600414,6,147
600261,600405,600414,9,144
600261,600405,600415,10,144
600261,600412,600416,4,151
600261,600411,600416,5,150
600261,600414,600416,2,153
600261,600405,600416,11,144
600261,600413,600417,4,152
600261,600414,600417,3,153
600261,600413,600416,3,152
600261,600413,600417,4,152
600261,600414,600417,3,153
600261,600414,600416,2,153
600261,600415,600418,3,154
600261,600415,600418,3,154
600261,600415,600418,3,154
600261,600417,600419,2,156
600261,600416,600419,3,155
600261,600417,600419,2,156
600261,600415,600419,4,154
600261,600415,600418,3,154
600261,600417,600419,2,156
600261,600415,600418,3,154
600261,600417,600419,2,156
600261,600416,600418,2,155
600261,600415,600418,3,154
600261,600417,600419,2,156
600273,600418,600420,2,145
600261,600417,600419,2,156
600261,600415,600419,4,154
600261,600416,600419,3,155
600261,600416,600419,3,155
600273,600418,600421,3,145
600273,600418,600420,2,145
600273,600419,600420,1,146
600273,600419,600422,3,146
600273,600419,600422,3,146
600273,600419,600422,3,146
600273,600419,600421,2,146
600273,600419,600422,3,146
600273,600419,600425,6,146
600273,600419,600430,11,146
600273,600419,600430,11,146
600273,600420,600431,11,147
600273,600422,600431,9,149
600273,600419,600431,12,146
600273,600422,600431,9,149
600273,600421,600431,10,148
600273,600420,600432,12,147
600273,600422,600432,10,149
600273,600419,600431,12,146
600273,600420,600432,12,147
600273,600420,600433,13,147
600273,600420,600433,13,147
600273,600422,600433,11,149
600273,600421,600432,11,148
600273,600421,600435,14,148
600273,600425,600435,10,152
600273,600431,600435,4,158
600273,600423,600434,11,150
600273,600432,600435,3,159
600273,600432,600434,2,159
600273,600433,600436,3,160
600273,600431,600436,5,158
600273,600431,600436,5,158
600273,600432,600437,5,159
600273,600433,600437,4,160
600273,600431,600437,6,158
600273,600432,600437,5,159
600273,600433,600437,4,160
600273,600433,600437,4,160
600273,600430,600437,7,157
600273,600433,600437,4,160
600273,600436,600439,3,163
600273,600430,600440,10,157
600273,600435,600440,5,162
600273,600435,600440,5,162
600273,600435,600439,4,162
600273,600437,600440,3,164
600273,600435,600440,5,162
600273,600436,600440,4,163
600273,600437,600441,4,164
600273,600435,600441,6,162
600273,600437,600441,4,164
600273,600435,600440,5,162
600273,600437,600440,3,164
600273,600438,600441,3,165
600273,600439,600441,2,166
600273,600436,600440,4,163
600273,600438,600442,4,165
600273,600437,600442,5,164
600273,600438,600441,3,165
600273,600441,600443,2,168
600273,600440,600443,3,167
600273,600440,600443,3,167
600273,600441,600442,1,168
600273,600441,600442,1,168
600273,600441,600444,3,168
600273,600440,600444,4,167
600273,600440,600444,4,167
600273,600441,600443,2,168
600273,600440,600443,3,167
600273,600441,600443,2,168
600273,600441,600443,2,168
600273,600440,600445,5,167
600273,600440,600445,5,167
600305,600443,600445,2,138
600305,600443,600445,2,138
600305,600442,600444,2,137
599930,600112,600445,333,182
600305,600444,600445,1,139
600305,600444,600446,2,139
600305,600442,600445,3,137
600305,600443,600446,3,138
600305,600442,600445,3,137
600305,600444,600448,4,139
600305,600444,600450,6,139
600305,600444,600454,10,139
600305,600444,600455,11,139
600305,600445,600455,10,140
600305,600446,600456,10,141
600305,600444,600456,12,139
600305,600444,600456,12,139
600305,600445,600457,12,140
600305,600446,600457,11,141
600305,600446,600456,10,141
600305,600445,600457,12,140
600305,600444,600456,12,139
600305,600445,600456,11,140
600305,600446,600458,12,141
600305,600445,600458,13,140
600305,600446,600458,12,141
600305,600446,600458,12,141
600305,600448,600459,11,143
600305,600456,600464,8,151
600305,600451,600465,14,146
600305,600458,600465,7,153
600305,600455,600465,10,150
600305,600458,600465,7,153
600305,600456,600466,10,151
600305,600458,600466,8,153
600305,600456,600466,10,151
600305,600458,600466,8,153
600305,600457,600465,8,152
600305,600457,600465,8,152
600305,600454,600467,13,149
600305,600456,600467,11,151
600305,600457,600466,9,152
600305,600460,600466,6,155
600305,600457,600467,10,152
600305,600458,600469,11,153
600305,600467,600469,2,162
600305,600457,600469,12,152
600305,600465,600470,5,160
600305,600464,600470,6,159
600305,600467,600470,3,162
600305,600465,600470,5,160
600305,600467,600470,3,162
600305,600467,600470,3,162
600305,600466,600471,5,161
600305,600466,600471,5,161
600305,600465,600471,6,160
600305,600465,600470,5,160
600305,600466,600470,4,161
600305,600466,600471,5,161
600305,600469,600472,3,164
600305,600466,600472,6,161
600305,600468,600471,3,163
599869,600049,600472,423,180
600305,600467,600471,4,162
600305,600469,600473,4,164
600305,600470,600473,3,165
600305,600470,600473,3,165
600305,600469,600472,3,164
600305,600471,600473,2,166
600305,600470,600472,2,165
600305,600470,600472,2,165
600305,600470,600472,2,165
600324,600472,600474,2,148
600305,600470,600473,3,165
600305,600472,600474,2,167
600305,600472,600474,2,167
600305,600471,600474,3,166
600305,600471,600473,2,166
600324,600472,600473,1,148
600324,600473,600475,2,149
600324,600472,600475,3,148
600324,600472,600475,3,148
600324,600473,600476,3,149
600324,600473,600475,2,149
600324,600472,600475,3,148
600324,600473,600476,3,149
600324,600473,600479,6,149
600324,600473,600481,8,149
600324,600473,600484,11,149
600324,600476,600485,9,152
600324,600475,600485,10,151
600324,600473,600484,11,149
600324,600474,600484,10,150
600324,600475,600485,10,151
600324,600474,600486,12,150
600324,600476,600486,10,152
600324,600476,600486,10,152
600324,600474,600486,12,150
600324,600474,600487,13,150
600324,600474,600486,12,150
600324,600475,600487,12,151
600324,600475,600487,12,151
600324,600474,600488,14,150
600324,600485,600488,3,161
600324,600479,600487,8,155
600324,600476,600487,11,152
600324,600485,600489,4,161
600324,600486,600489,3,162
600324,600487,600490,3,163
600324,600486,600490,4,162
600324,600486,600490,4,162
600324,600485,600489,4,161
600324,600486,600490,4,162
600324,600487,600490,3,163
600324,600481,600489,8,157
600324,600487,600490,3,163
600324,600485,600491,6,161
600324,600487,600490,3,163
600324,600488,600490,2,164
600324,600484,600492,8,160
600324,600488,600492,4,164
600324,600488,600492,4,164
600324,600488,600491,3,164
600324,600489,600492,3,165
600324,600490,600493,3,166
600324,600490,600494,4,166
600324,600491,600494,3,167
600324,600489,600494,5,165
600324,600485,600494,9,161
600324,600490,600494,4,166
600324,600491,600495,4,167
600324,600490,600495,5,166
600324,600490,600495,5,166
600324,600491,600495,4,167
600324,600490,600494,4,166
600324,600492,600494,2,168
600324,600492,600496,4,168
600324,600492,600496,4,168
600324,600494,600496,2,170
600324,600493,600496,3,169
600324,600491,600495,4,167
600324,600490,600495,5,166
600324,600495,600497,2,171
600324,600493,600497,4,169
600324,600493,600497,4,169
600324,600495,600497,2,171
600324,600494,600496,2,170
600324,600494,600496,2,170
600324,600494,600496,2,170
600324,600495,600497,2,171
600328,600495,600497,2,167
600328,600496,600498,2,168
600324,600494,600497,3,170
600324,600495,600497,2,171
600328,600496,600498,2,168
600328,600496,600499,3,168
600328,600496,600499,3,168
600328,600496,600498,2,168
600328,600497,600499,2,169
600328,600496,600498,2,168
600328,600497,600500,3,169
600328,600497,600504,7,169
600328,600497,600507,10,169
600328,600497,600507,10,169
600328,600499,600508,9,171
600328,600498,600508,10,170
600328,600498,600508,10,170
600328,600497,600509,12,169
600328,600497,600509,12,169
600328,600500,600509,9,172
600328,600499,600508,9,171
600328,600497,600510,13,169
600328,600498,600510,12,170
600328,600501,600511,10,173
600328,600498,600510,12,170
599920,600081,600510,429,161
600328,600499,600511,12,171
600328,600499,600512,13,171
600328,600510,600513,3,182
600328,600510,600513,3,182
600328,600498,600513,15,170
600328,600509,600514,5,181
600328,600509,600514,5,181
600328,600510,600514,4,182
600328,600508,600514,6,180
600328,600504,600515,11,176
600328,600507,600515,8,179
600328,600509,600514,5,181
600328,600508,600516,8,180
600328,600513,600516,3,185
600328,600511,600515,4,183
600328,600511,600515,4,183
600328,600514,600517,3,186
600328,600512,600516,4,184
600328,600513,600517,4,185
600328,600507,600517,10,179
600328,600514,600517,3,186
600328,600512,600517,5,184
600328,600512,600516,4,184
600328,600514,600517,3,186
600328,600508,600516,8,180
600328,600514,600518,4,186
600328,600513,600517,4,185
600328,600515,600519,4,187
600328,600516,600520,4,188
600328,600515,600520,5,187
600328,600516,600520,4,188
600328,600515,600519,4,187
600328,600517,600520,3,189
600328,600517,600521,4,189
600328,600517,600521,4,189
600328,600516,600520,4,188
600328,600517,600521,4,189
600328,600517,600520,3,189
600328,600517,600521,4,189
600328,600518,600521,3,190
600328,600517,600520,3,189
600328,600518,600520,2,190
600328,600520,600521,1,192
600328,600517,600521,4,189
600328,600516,600521,5,188
600328,600520,600521,1,192
600352,600521,600523,2,169
600328,600520,600523,3,192
600352,600521,600523,2,169
600352,600521,600523,2,169
600328,600517,600522,5,189
600328,600519,600522,3,191
600328,600520,600522,2,192
600352,600521,600524,3,169
600328,600521,600524,3,193
600352,600521,600524,3,169
600328,600520,600523,3,192
600352,600521,600523,2,169
600352,600521,600523,2,169
600352,600521,600524,3,169
600352,600522,600525,3,170
600352,600522,600531,9,170
600352,600522,600532,10,170
600352,600523,600533,10,171
600352,600523,600533,10,171
600352,600523,600534,11,171
600352,600524,600535,11,172
600352,600525,600535,10,173
600352,600524,600535,11,172
600352,600523,600536,13,171
600352,600524,600537,13,172
600352,600524,600537,13,172
600352,600524,600537,13,172
600352,600527,600537,10,175
600352,600523,600537,14,171
600352,600524,600536,12,172
600352,600523,600537,14,171
600352,600523,600539,16,171
600352,600534,600539,5,182
600352,600535,600539,4,183
600352,600531,600540,9,179
600352,600535,600540,5,183
600352,600533,600541,8,181
600352,600537,600541,4,185
600352,600537,600541,4,185
600352,600533,600541,8,181
600352,600536,600540,4,184
600352,600537,600542,5,185
600352,600537,600542,5,185
600352,600535,600542,7,183
600352,600539,600542,3,187
600352,600532,600543,11,180
600352,600538,600543,5,186
600352,600539,600543,4,187
600352,600537,600542,5,185
600352,600538,600544,6,186
600352,600539,600545,6,187
600352,600541,600545,4,189
600352,600542,600546,4,190
600352,600543,600546,3,191
600352,600541,600546,5,189
600352,600541,600546,5,189
600352,600541,600546,5,189
600352,600541,600546,5,189
600352,600543,600546,3,191
600352,600543,600546,3,191
600352,600542,600546,4,190
600352,600542,600546,4,190
600352,600542,600547,5,190
600352,600540,600548,8,188
600352,600546,600548,2,194
600352,600545,600548,3,193
600352,600540,600548,8,188
600352,600544,600547,3,192
600352,600543,600547,4,191
600352,600546,600548,2,194
600352,600547,600549,2,195
600352,600547,600549,2,195
600352,600545,600548,3,193
600352,600546,600550,4,194
600352,600546,600549,3,194
600352,600547,600550,3,195
600352,600547,600550,3,195
600352,600547,600549,2,195
600352,600547,600550,3,195
600404,600548,600550,2,144
600404,600549,600550,1,145
600404,600549,600551,2,145
600352,600546,600551,5,194
600352,600548,600550,2,196
600404,600548,600551,3,144
600404,600549,600550,1,145
600404,600548,600552,4,144
600404,600549,600552,3,145
600404,600548,600551,3,144
600404,600550,600553,3,146
600404,600550,600556,6,146
600404,600550,600559,9,146
600404,600551,600561,10,147
600404,600550,600562,12,146
600404,600550,600562,12,146
600404,600552,600562,10,148
600404,600551,600561,10,147
600404,600551,600561,10,147
600404,600553,600563,10,149
600404,600551,600563,12,147
600404,600551,600563,12,147
600404,600551,600563,12,147
600404,600551,600562,11,147
600081,600233,600563,330,152
600404,600551,600563,12,147
600404,600552,600563,11,148
600404,600556,600565,9,152
600404,600552,600565,13,148
600404,600562,600566,4,158
600404,600564,600566,2,160
600404,600563,600567,4,159
600404,600563,600567,4,159
600404,600564,600567,3,160
600404,600563,600567,4,159
600404,600563,600567,4,159
600404,600563,600568,5,159
600404,600562,600567,5,158
600404,600565,600568,3,161
600404,600566,600569,3,162
600404,600565,600569,4,161
600404,600560,600568,8,156
600404,600561,600570,9,157
600404,600566,600570,4,162
600404,600565,600570,5,161
600404,600562,600570,8,158
600404,600567,600570,3,163
600404,600562,600571,9,158
600404,600562,600571,9,158
600404,600567,600571,4,163
600404,600567,600571,4,163
600404,600567,600571,4,163
600404,600569,600572,3,165
600404,600568,600572,4,164
600404,600568,600573,5,164
600404,600568,600572,4,164
600404,600570,600573,3,166
600404,600568,600572,4,164
600404,600570,600574,4,166
600404,600569,600574,5,165
600404,600570,600574,4,166
600404,600570,600574,4,166
600404,600570,600573,3,166
600404,600570,600575,5,166
600404,600571,600575,4,167
600404,600573,600575,2,169
600404,600572,600574,2,168
600404,600573,600575,2,169
600404,600571,600575,4,167
600404,600571,600574,3,167
600404,600571,600574,3,167
600404,600572,600575,3,168
600404,600574,600576,2,170
600404,600573,600576,3,169
600404,600574,600576,2,170
600456,600574,600576,2,118
600404,600572,600575,3,168
600456,600575,600577,2,119
600404,600573,600577,4,169
600456,600575,600577,2,119
600404,600574,600576,2,170
600456,600576,600578,2,120
600456,600575,600577,2,119
600456,600575,600578,3,119
600456,600575,600578,3,119
600456,600575,600577,2,119
600456,600576,600579,3,120
600456,600576,600581,5,120
600456,600576,600585,9,120
599959,600145,600586,441,186
600456,600578,600586,8,122
600456,600576,600587,11,120
600456,600576,600587,11,120
600456,600577,600588,11,121
600456,600578,600588,10,122
600456,600577,600587,10,121
600456,600576,600588,12,120
600456,600579,600589,10,123
600456,600577,600589,12,121
600456,600576,600588,12,120
600456,600578,600588,10,122
600456,600578,600590,12,122
600456,600581,600590,9,125
600456,600589,600592,3,133
600456,600578,600592,14,122
600456,600588,600592,4,132
600456,600577,600591,14,121
600456,600588,600592,4,132
600456,600588,600593,5,132
600456,600587,600593,6,131
600456,600586,600594,8,130
600456,600589,600594,5,133
600456,600588,600593,5,132
600456,600590,600593,3,134
600456,600589,600594,5,133
600456,600587,600595,8,131
600456,600586,600595,9,130
600456,600589,600594,5,133
600456,600585,600594,9,129
600456,600591,600595,4,135
600456,600592,600595,3,136
600456,600593,600596,3,137
600456,600593,600596,3,137
600456,600593,600597,4,137
600456,600593,600597,4,137
600456,600594,600598,4,138
600456,600595,600598,3,139
600456,600594,600598,4,138
600456,600595,600598,3,139
600456,600593,600598,5,137
600456,600596,600599,3,140
600456,600597,600599,2,141
600456,600595,600599,4,139
600456,600595,600599,4,139
600456,600592,600598,6,136
600456,600594,600599,5,138
600456,600594,600598,4,138
600456,600595,600598,3,139
600456,600597,600600,3,141
600456,600596,600599,3,140
600456,600595,600600,5,139
600456,600598,600601,3,142
600456,600597,600601,4,141
600456,600598,600601,3,142
600456,600598,600600,2,142
600456,600599,600600,1,143
600473,600600,600601,1,127
600456,600598,600600,2,142
600456,600599,600600,1,143
600456,600599,600602,3,143
600456,600598,600601,3,142
600456,600599,600602,3,143
600456,600599,600602,3,143
600473,600600,600603,3,127
600456,600600,600602,2,144
600473,600602,600603,1,129
600456,600599,600602,3,143
600473,600600,600602,2,127
600473,600601,600604,3,128
600473,600601,600604,3,128
600133,600259,600603,344,126
600473,600601,600604,3,128
600473,600601,600603,2,128
600473,600602,600605,3,129
600473,600602,600606,4,129
600473,600602,600609,7,129
600473,600604,600612,8,131
600473,600602,600613,11,129
600473,600605,600612,7,132
600473,600604,600614,10,131
600473,600604,600614,10,131
600473,600602,600614,12,129
600473,600603,600614,11,130
600473,600604,600616,12,131
600473,600603,600616,13,130
600473,600602,600616,14,129
600473,600606,600615,9,133
600473,600603,600615,12,130
600473,600604,600616,12,131
600473,600602,600616,14,129
600473,600604,600616,12,131
600473,600614,600617,3,141
600473,600614,600618,4,141
600473,600603,600617,14,130
600473,600609,600618,9,136
600473,600616,600619,3,143
600473,600614,600620,6,141
600473,600616,600620,4,143
600473,600616,600620,4,143
600473,600616,600620,4,143
600473,600612,600620,8,139
600473,600616,600619,3,143
600473,600614,600621,7,141
600473,600617,600621,4,144
600473,600616,600621,5,143
600473,600618,600621,3,145
600473,600616,600621,5,143
600473,600617,600622,5,144
600473,600613,600622,9,140
600473,600619,600621,2,146
600473,600618,600623,5,145
600473,600620,600623,3,147
600473,600613,600622,9,140
600473,600620,600622,2,147
600473,600620,600624,4,147
600473,600621,600623,2,148
600473,600619,600624,5,146
600473,600620,600623,3,147
600473,600620,600625,5,147
600473,600621,600625,4,148
600473,600621,600625,4,148
600473,600621,600624,3,148
600473,600622,600625,3,149
600473,600620,600625,5,147
600473,600621,600626,5,148
600473,600622,600625,3,149
600473,600624,600626,2,151
600473,600622,600625,3,149
600473,600623,600626,3,150
600473,600624,600627,3,151
600473,600624,600627,3,151
600473,600624,600626,2,151
600473,600625,600627,2,152
600473,600623,600627,4,150
600473,600623,600627,4,150
600473,600625,600627,2,152
600473,600625,600628,3,152
600473,600625,600627,2,152
600473,600624,600627,3,151
600473,600625,600627,2,152
600512,600626,600629,3,114
600512,600626,600629,3,114
600512,600627,600629,2,115
600512,600626,600628,2,114
600512,600627,600628,1,115
600512,600627,600628,1,115
600512,600626,600629,3,114
600512,600627,600630,3,115
600512,600627,600630,3,115
599965,600172,600630,458,207
600512,600627,600633,6,115
600512,600627,600637,10,115
600512,600630,600638,8,118
600512,600630,600639,9,118
600512,600628,600638,10,116
600512,600627,600639,12,115
600512,600628,600640,12,116
600512,600629,600640,11,117
600512,600631,600640,9,119
600512,600629,600639,10,117
600512,600629,600641,12,117
600512,600629,600640,11,117
600512,600629,600641,12,117
600512,600628,600640,12,116
600512,600630,600641,11,118
600512,600629,600641,12,117
600512,600629,600643,14,117
600512,600633,600643,10,121
600512,600640,600643,3,128
600512,600641,600644,3,129
600512,600641,600644,3,129
600512,600640,600644,4,128
600512,600640,600645,5,128
600512,600639,600645,6,127
600512,600641,600644,3,129
600512,600641,600644,3,129
600512,600641,600646,5,129
600512,600638,600645,7,126
600512,600639,600646,7,127
600512,600642,600646,4,130
600512,600643,600647,4,131
600512,600637,600646,9,125
600512,600644,600646,2,132
600512,600644,600648,4,132
600512,600639,600647,8,127
600512,600642,600648,6,130
600512,600643,600648,5,131
600512,600643,600649,6,131
600512,600644,600649,5,132
600512,600645,600649,4,133
600512,600645,600649,4,133
600512,600646,600650,4,134
600512,600645,600649,4,133
600512,600646,600649,3,134
600512,600648,600650,2,136
600512,600646,600650,4,134
600041,600205,600651,446,164
600512,600648,600651,3,136
600512,600646,600650,4,134
600512,600647,600650,3,135
600512,600648,600650,2,136
600512,600647,600652,5,135
600512,600650,600652,2,138
600512,600650,600652,2,138
600512,600648,600652,4,136
600512,600649,600652,3,137
600512,600647,600651,4,135
600512,600648,600652,4,136
600512,600649,600653,4,137
600512,600650,600652,2,138
600512,600649,600653,4,137
600512,600650,600652,2,138
600512,600651,600653,2,139
600512,600649,600652,3,137
600512,600651,600654,3,139
600564,600652,600654,2,88
600512,600650,600653,3,138
600512,600651,600654,3,139
600564,600651,600654,3,87
600564,600652,600655,3,88
600564,600652,600655,3,88
600564,600652,600654,2,88
600564,600652,600654,2,88
600564,600652,600656,4,88
600564,600652,600656,4,88
600564,600653,600655,2,89
600564,600653,600657,4,89
600564,600653,600660,7,89
600564,600653,600662,9,89
600564,600653,600663,10,89
600564,600654,600663,9,90
600564,600653,600665,12,89
600564,600655,600665,10,91
600564,600655,600665,10,91
600564,600655,600665,10,91
600564,600654,600665,11,90
600564,600654,600665,11,90
600564,600656,600665,9,92
600564,600655,600666,11,91
600564,600654,600666,12,90
600564,600655,600665,10,91
600564,600657,600665,8,93
600564,600656,600666,10,92
600564,600658,600667,9,94
600564,600660,600669,9,96
600202,600338,600669,331,136
600564,600662,600670,8,98
600564,600663,600670,7,99
600564,600663,600671,8,99
600564,600666,600672,6,102
600564,600665,600673,8,101
600564,600666,600673,7,102
600564,600665,600673,8,101
600564,600665,600673,8,101
600564,600665,600674,9,101
600564,600665,600675,10,101
600564,600665,600675,10,101
600564,600669,600676,7,105
600564,600670,600676,6,106
600564,600666,600675,9,102
600564,600668,600676,8,104
600564,600669,600676,7,105
600564,600666,600677,11,102
600564,600665,600677,12,101
600564,600667,600676,9,103
600564,600673,600678,5,109
600564,600671,600678,7,107
600564,600673,600678,5,109
600564,600673,600678,5,109
600564,600671,600678,7,107
600564,600674,600678,4,110
600564,600673,600679,6,109
600564,600675,600680,5,111
600564,600672,600679,7,108
600564,600676,600679,3,112
600564,600678,600680,2,114
600564,600676,600679,3,112
600564,600678,600680,2,114
600564,600678,600680,2,114
600564,600676,600680,4,112
600564,600676,600680,4,112
600564,600675,600680,5,111
600564,600677,600680,3,113
600564,600677,600680,3,113
600564,600678,600681,3,114
600564,600677,600681,4,113
600564,600676,600680,4,112
600564,600679,600682,3,115
600564,600680,600682,2,116
600587,600680,600682,2,93
600564,600678,600681,3,114
600564,600678,600681,3,114
600587,600680,600682,2,93
600564,600680,600681,1,116
600564,600680,600681,1,116
600587,600680,600683,3,93
600587,600680,600683,3,93
600587,600680,600682,2,93
600587,600680,600682,2,93
600587,600680,600683,3,93
600587,600681,600684,3,94
600587,600681,600684,3,94
600587,600681,600689,8,94
600587,600683,600692,9,96
600587,600681,600692,11,94
600587,600682,600692,10,95
600587,600683,600693,10,96
600587,600683,600693,10,96
600587,600682,600693,11,95
600587,600684,600693,9,97
600587,600682,600693,11,95
600587,600682,600694,12,95
600587,600682,600694,12,95
600587,600683,600694,11,96
600587,600685,600694,9,98
600587,600683,600693,10,96
600587,600683,600694,11,96
600587,600683,600695,12,96
600587,600682,600695,13,95
600587,600693,600697,4,106
600587,600693,600697,4,106
600587,600693,600698,5,106
600587,600693,600698,5,106
600587,600695,600698,3,108
600587,600694,600698,4,107
600587,600689,600698,9,102
600587,600695,600699,4,108
600587,600693,600699,6,106
600587,600694,600699,5,107
600587,600694,600700,6,107
600587,600697,600700,3,110
600587,600692,600699,7,105
600587,600697,600700,3,110
600587,600694,600699,5,107
600587,600696,600700,4,109
600587,600696,600700,4,109
600587,600692,600701,9,105
600587,600693,600701,8,106
600587,600698,600702,4,111
600587,600698,600702,4,111
600587,600698,600702,4,111
600587,600698,600701,3,111
600587,600699,600702,3,112
600587,600700,600703,3,113
600587,600700,600704,4,113
600587,600700,600704,4,113
600587,600700,600704,4,113
600587,600701,600704,3,114
600587,600699,600704,5,112
600587,600699,600703,4,112
600587,600701,600704,3,114
600587,600701,600703,2,114
600587,600700,600705,5,113
600587,600700,600704,4,113
600587,600703,600705,2,116
600587,600700,600704,4,113
600587,600702,600706,4,115
600587,600702,600706,4,115
600587,600704,600706,2,117
600587,600703,600705,2,116
600587,600702,600705,3,115
600587,600704,600705,1,117
600587,600703,600705,2,116
600587,600704,600707,3,117
600587,600704,600707,3,117
600587,600704,600707,3,117
600614,600705,600707,2,91
600587,600704,600707,3,117
600587,600704,600707,3,117
600614,600705,600708,3,91
600614,600706,600708,2,92
600614,600706,600708,2,92
600614,600706,600709,3,92
600614,600705,600708,3,91
600614,600706,600709,3,92
600614,600706,600708,2,92
600614,600706,600710,4,92
600614,600706,600710,4,92
600614,600706,600714,8,92
600614,600710,600715,5,96
600614,600707,600717,10,93
600614,600709,600717,8,95
600614,600708,600717,9,94
600614,600710,600718,8,96
600614,600709,600718,9,95
600614,600708,600718,10,94
600614,600707,600718,11,93
600614,600707,600719,12,93
600614,600708,600719,11,94
600614,600707,600719,12,93
600614,600709,600718,9,95
600614,600708,600718,10,94
600614,600708,600719,11,94
600614,600709,600720,11,95
600614,600714,600721,7,100
600614,600715,600724,9,101
600614,600717,600726,9,103
600614,600719,600727,8,105
600614,600717,600727,10,103
600614,600719,600728,9,105
600614,600719,600728,9,105
600614,600719,600728,9,105
600614,600721,600728,7,107
600614,600719,600729,10,105
600614,600726,600729,3,112
600614,600720,600728,8,106
600614,600720,600728,8,106
600614,600719,600729,10,105
600614,600717,600728,11,103
600614,600727,600729,2,113
600614,600718,600730,12,104
600614,600727,600731,4,113
600614,600724,600730,6,110
600614,600718,600731,13,104
600614,600728,600731,3,114
600614,600718,600730,12,104
600614,600728,600732,4,114
600614,600728,600731,3,114
600614,600728,600732,4,114
600614,600729,600733,4,115
600614,600730,600732,2,116
600614,600729,600734,5,115
600614,600731,600734,3,117
600614,600730,600734,4,116
600614,600731,600733,2,117
600614,600729,600734,5,115
600614,600731,600733,2,117
600614,600729,600733,4,115
600614,600729,600733,4,115
600614,600729,600733,4,115
600614,600731,600734,3,117
600614,600732,600735,3,118
600614,600731,600734,3,117
600614,600733,600736,3,119
600614,600734,600736,2,120
600614,600733,600736,3,119
600614,600733,600735,2,119
600614,600734,600736,2,120
600614,600734,600736,2,120
600614,600732,600735,3,118
600614,600734,600737,3,120
600614,600734,600737,3,120
600614,600734,600736,2,120
600639,600734,600738,4,95
600639,600735,600738,3,96
600639,600736,600738,2,97
600639,600734,600737,3,95
600639,600736,600738,2,97
600639,600735,600737,2,96
600639,600736,600737,1,97
600639,600736,600737,1,97
600639,600735,600739,4,96
600639,600736,600741,5,97
600149,600285,600742,457,136
600639,600737,600745,8,98
600639,600739,600748,9,100
600639,600737,600748,11,98
600639,600738,600748,10,99
600639,600737,600748,11,98
600639,600739,600749,10,100
600192,600310,600749,439,118
600639,600738,600748,10,99
600639,600739,600750,11,100
600639,600737,600749,12,98
600639,600737,600750,13,98
600639,600741,600749,8,102
600639,600738,600750,12,99
600639,600739,600750,11,100
600639,600738,600752,14,99
600639,600742,600751,9,103
600639,600738,600752,14,99
600639,600750,600754,4,111
600639,600750,600754,4,111
600639,600749,600755,6,110
600639,600745,600755,10,106
600639,600750,600755,5,111
600639,600752,600755,3,113
600639,600750,600755,5,111
600639,600748,600756,8,109
600639,600752,600756,4,113
600639,600752,600756,4,113
600639,600751,600755,4,112
600639,600748,600756,8,109
600639,600749,600757,8,110
600639,600753,600757,4,114
600639,600748,600756,8,109
600639,600754,600758,4,115
600639,600749,600757,8,110
600639,600755,600757,2,116
600639,600755,600759,4,116
600639,600749,600758,9,110
600639,600755,600760,5,116
600639,600756,600760,4,117
600639,600756,600760,4,117
600639,600755,600760,5,116
600639,600755,600760,5,116
600639,600756,600759,3,117
600639,600758,600760,2,119
600639,600755,600761,6,116
600639,600757,600761,4,118
600639,600756,600761,5,117
600639,600757,600761,4,118
600639,600758,600762,4,119
600639,600756,600761,5,117
600639,600758,600761,3,119
600639,600761,600762,1,122
600639,600757,600763,6,118
600639,600759,600763,4,120
600639,600760,600763,3,121
600639,600760,600763,3,121
600639,600759,600762,3,120
600639,600760,600764,4,121
600639,600760,600763,3,121
600639,600760,600764,4,121
600639,600761,600764,3,122
600639,600760,600763,3,121
600639,600761,600764,3,122
600639,600761,600764,3,122
600651,600762,600765,3,111
600639,600761,600764,3,122
600639,600762,600764,2,123
600651,600763,600764,1,112
600651,600763,600766,3,112
600651,600763,600766,3,112
600651,600763,600766,3,112
600651,600763,600766,3,112
600651,600764,600766,2,113
600651,600764,600767,3,113
600651,600764,600767,3,113
600651,600764,600766,2,113
600651,600764,600773,9,113
600651,600766,600774,8,115
600651,600765,600775,10,114
600651,600766,600775,9,115
600651,600765,600776,11,114
600651,600765,600776,11,114
600651,600765,600776,11,114
600651,600765,600776,11,114
600651,600765,600775,10,114
600651,600767,600777,10,116
600651,600767,600777,10,116
600651,600767,600777,10,116
600651,600766,600778,12,115
600651,600766,600778,12,115
600651,600767,600779,12,116
600651,600767,600782,15,116
600651,600777,600782,5,126
600651,600773,600782,9,122
600651,600777,600782,5,126
600651,600779,600782,3,128
600651,600778,600783,5,127
600651,600774,600782,8,123
600651,600778,600783,5,127
600651,600779,600782,3,128
600651,600776,600784,8,125
600651,600775,600783,8,124
600651,600776,600784,8,125
600651,600782,600785,3,131
600651,600775,600784,9,124
600651,600776,600785,9,125
600651,600776,600785,9,125
600651,600782,600786,4,131
600651,600782,600786,4,131
600651,600782,600786,4,131
600651,600783,600786,3,132
600651,600783,600786,3,132
600651,600783,600787,4,132
600651,600783,600788,5,132
600651,600776,600787,11,125
600651,600785,600788,3,134
600651,600784,600787,3,133
600651,600783,600789,6,132
600651,600786,600789,3,135
600651,600784,600789,5,133
600651,600785,600789,4,134
600651,600786,600790,4,135
600651,600784,600790,6,133
600651,600785,600789,4,134
600651,600785,600789,4,134
600651,600787,600790,3,136
600651,600786,600790,4,135
600651,600786,600790,4,135
600651,600789,600791,2,138
600651,600789,600791,2,138
600651,600786,600790,4,135
600651,600788,600792,4,137
600651,600789,600792,3,138
600651,600788,600792,4,137
600651,600788,600791,3,137
600651,600788,600791,3,137
600651,600789,600792,3,138
600651,600790,600793,3,139
600670,600791,600792,1,121
600651,600790,600792,2,139
600670,600791,600792,1,121
600651,600790,600792,2,139
600651,600790,600793,3,139
600670,600792,600794,2,122
600670,600792,600794,2,122
600670,600790,600794,4,120
600670,600790,600794,4,120
600670,600792,600795,3,122
600670,600792,600794,2,122
600670,600792,600794,2,122
600670,600792,600796,4,122
600670,600794,600803,9,124
600670,600796,600803,7,126
600670,600794,600803,9,124
600670,600796,600803,7,126
600670,600794,600804,10,124
600223,600364,600803,439,141
600670,600792,600804,12,122
600670,600794,600804,10,124
600670,600793,600803,10,123
600670,600795,600805,10,125
600670,600793,600804,11,123
600670,600794,600805,11,124
600670,600793,600805,12,123
600670,600795,600805,10,125
600670,600794,600807,13,124
600670,600793,600807,14,123
600670,600803,600807,4,133
600670,600803,600808,5,133
600670,600803,600809,6,133
600670,600808,600811,3,138
600670,600807,600812,5,137
600670,600804,600812,8,134
600670,600809,600812,3,139
600670,600805,600813,8,135
600670,600804,600813,9,134
600670,600805,600814,9,135
600670,600811,600814,3,141
600670,600805,600813,8,135
600670,600804,600814,10,134
600670,600807,600815,8,137
600670,600804,600814,10,134
600670,600812,600815,3,142
600670,600805,600815,10,135
600670,600806,600815,9,136
600670,600807,600816,9,137
600670,600812,600815,3,142
600670,600805,600816,11,135
600670,600804,600815,11,134
600670,600813,600816,3,143
600670,600812,600816,4,142
600670,600814,600818,4,144
600670,600815,600818,3,145
600670,600813,600818,5,143
600670,600814,600818,4,144
600670,600815,600819,4,145
600670,600816,600819,3,146
600670,600815,600819,4,145
600670,600814,600819,5,144
600670,600814,600818,4,144
600670,600816,600820,4,146
600670,600816,600820,4,146
600670,600816,600820,4,146
600670,600816,600819,3,146
600670,600816,600819,3,146
600670,600815,600819,4,145
600670,600816,600820,4,146
600670,600818,600820,2,148
600670,600819,600821,2,149
600670,600818,600820,2,148
600670,600818,600822,4,148
600670,600819,600822,3,149
600748,600820,600822,2,72
600670,600819,600822,3,149
600748,600820,600822,2,72
600670,600819,600823,4,149
600670,600820,600822,2,150
600748,600821,600823,2,73
600670,600818,600822,4,148
600670,600819,600822,3,149
600748,600820,600823,3,72
600748,600820,600824,4,72
600748,600821,600823,2,73
600748,600821,600823,2,73
600748,600822,600825,3,74
600748,600821,600825,4,73
600748,600822,600825,3,74
600748,600822,600829,7,74
600748,600823,600831,8,75
600224,600390,600832,442,166
600748,600825,600832,7,77
600748,600825,600833,8,77
600748,600824,600833,9,76
600748,600823,600833,10,75
600748,600824,600833,9,76
600748,600825,600834,9,77
600748,600824,600834,10,76
600748,600829,600833,4,81
600748,600822,600834,12,74
600748,600823,600833,10,75
600748,600822,600834,12,74
600748,600831,600835,4,83
600748,600823,600834,11,75
600748,600824,600836,12,76
600748,600823,600835,12,75
600748,600832,600838,6,84
600748,600832,600839,7,84
600748,600836,600840,4,88
600748,600833,600840,7,85
600748,600836,600841,5,88
600748,600834,600841,7,86
600748,600838,600842,4,90
600748,600833,600842,9,85
600748,600835,600842,7,87
600748,600839,600842,3,91
600748,600840,600843,3,92
600748,600833,600843,10,85
600748,600835,600843,8,87
600748,600834,600843,9,86
600748,600840,600842,2,92
600748,600833,600844,11,85
600748,600841,600844,3,93
600748,600835,600844,9,87
600748,600834,600843,9,86
600748,600835,600844,9,87
600748,600841,600845,4,93
600748,600842,600845,3,94
600748,600834,600844,10,86
600748,600842,600846,4,94
600748,600842,600845,3,94
600748,600843,600847,4,95
600748,600844,600847,3,96
600748,600843,600847,4,95
600748,600842,600847,5,94
600748,600844,600848,4,96
600748,600843,600848,5,95
600748,600845,600848,3,97
600748,600844,600848,4,96
600748,600846,600849,3,98
600748,600844,600848,4,96
600748,600843,600848,5,95
600748,600845,600848,3,97
600748,600843,600848,5,95
600748,600844,600848,4,96
600748,600845,600848,3,97
600748,600846,600850,4,98
600748,600847,600850,3,99
600748,600847,600850,3,99
600748,600848,600849,1,100
600748,600848,600850,2,100
600748,600848,600850,2,100
600748,600848,600850,2,100
600748,600848,600850,2,100
600750,600849,600851,2,99
600750,600850,600852,2,100
600750,600849,600852,3,99
600750,600849,600852,3,99
600750,600849,600852,3,99
600750,600850,600852,2,100
600750,600849,600852,3,99
600750,600849,600851,2,99
600750,600850,600853,3,100
600750,600849,600852,3,99
600261,600417,600853,436,156
600750,600850,600859,9,100
600750,600853,600860,7,103
600750,600852,600861,9,102
600750,600854,600861,7,104
600750,600853,600860,7,103
600750,600850,600861,11,100
600750,600850,600862,12,100
600750,600852,600862,10,102
600750,600852,600862,10,102
600750,600850,600862,12,100
600750,600852,600861,9,102
600750,600852,600863,11,102
600750,600852,600863,11,102
600750,600859,600863,4,109
600750,600852,600862,10,102
600750,600853,600862,9,103
600750,600851,600864,13,101
600353,600548,600865,317,195
600750,600860,600866,6,110
600750,600864,600867,3,114
600750,600861,600868,7,111
600750,600865,600868,3,115
600750,600861,600869,8,111
600750,600866,600869,3,116
600750,600863,600870,7,113
600750,600863,600870,7,113
600750,600867,600870,3,117
600750,600863,600870,7,113
600750,600868,600870,2,118
600750,600869,600871,2,119
600750,600862,600871,9,112
600750,600862,600871,9,112
600750,600861,600872,11,111
600750,600862,600872,10,112
600750,600863,600872,9,113
600750,600862,600872,10,112
600750,600862,600873,11,112
600750,600869,600873,4,119
600750,600861,600872,11,111
600750,600869,600873,4,119
600750,600871,600875,4,121
600750,600870,600874,4,120
600750,600873,600875,2,123
600750,600872,600875,3,122
600750,600872,600875,3,122
600750,600863,600875,12,113
600750,600870,600874,4,120
600750,600871,600876,5,121
600750,600872,600876,4,122
600750,600873,600875,2,123
600750,600871,600875,4,121
600750,600871,600876,5,121
600750,600871,600876,5,121
600750,600872,600876,4,122
600750,600873,600876,3,123
600750,600875,600877,2,125
600750,600871,600876,5,121
600805,600876,600878,2,71
600750,600875,600878,3,125
600750,600875,600878,3,125
600750,600875,600878,3,125
600750,600875,600878,3,125
600750,600875,600879,4,125
600750,600875,600878,3,125
600805,600876,600878,2,71
600750,600876,600878,2,126
600750,600875,600878,3,125
600805,600876,600878,2,71
600805,600877,600879,2,72
600805,600877,600879,2,72
600750,600876,600879,3,126
600805,600877,600880,3,72
600805,600878,600879,1,73
600805,600878,600881,3,73
600805,600877,600880,3,72
600805,600878,600880,2,73
600274,600441,600884,443,167
600805,600878,600886,8,73
600805,600881,600886,5,76
600805,600881,600887,6,76
600805,600880,600888,8,75
600805,600880,600888,8,75
600805,600879,600889,10,74
600805,600880,600889,9,75
600805,600879,600889,10,74
600805,600881,600888,7,76
600805,600884,600889,5,79
600805,600880,600889,9,75
600805,600880,600890,10,75
600805,600880,600889,9,75
600805,600878,600890,12,73
600805,600879,600889,10,74
600805,600886,600892,6,81
600805,600880,600891,11,75
600805,600879,600893,14,74
600805,600886,600894,8,81
600805,600892,600896,4,87
600805,600887,600896,9,82
600805,600890,600896,6,85
600805,600888,600897,9,83
600805,600894,600897,3,89
600805,600892,600897,5,87
600805,600890,600898,8,85
600805,600890,600898,8,85
600805,600893,600898,5,88
600805,600888,600897,9,83
600805,600889,600897,8,84
600805,600889,600899,10,84
600805,600889,600899,10,84
600805,600889,600899,10,84
600805,600890,600899,9,85
600805,600889,600900,11,84
600805,600896,600899,3,91
600805,600896,600900,4,91
600805,600890,600899,9,85
600805,600896,600899,3,91
600805,600897,600900,3,92
600805,600899,600902,3,94
600805,600900,600902,2,95
600805,600899,600902,3,94
600805,600900,600902,2,95
600805,600897,600903,6,92
600805,600900,600903,3,95
600805,600900,600903,3,95
600805,600899,600902,3,94
600805,600899,600902,3,94
600805,600898,600903,5,93
600805,600898,600904,6,93
600805,600898,600904,6,93
600805,600899,600903,4,94
600805,600902,600904,2,97
600805,600903,600905,2,98
600805,600898,600905,7,93
600805,600899,600904,5,94
600805,600901,600904,3,96
600805,600902,600904,2,97
600805,600900,600906,6,95
600805,600902,600906,4,97
600805,600903,600906,3,98
600805,600903,600905,2,98
600834,600904,600906,2,70
600834,600905,600906,1,71
600834,600905,600907,2,71
600834,600904,600907,3,70
600834,600905,600907,2,71
600834,600904,600907,3,70
600805,600902,600906,4,97
600805,600903,600906,3,98
600834,600904,600906,2,70
600834,600905,600908,3,71
600834,600905,600907,2,71
600834,600905,600908,3,71
600834,600906,600914,8,72
600834,600908,600914,6,74
600834,600909,600914,5,75
600834,600907,600916,9,73
600834,600907,600916,9,73
600306,600472,600917,445,166
600834,600907,600917,10,73
600834,600907,600917,10,73
600834,600907,600917,10,73
600834,600907,600917,10,73
600834,600906,600918,12,72
600834,600907,600917,10,73
600834,600908,600918,10,74
600834,600906,600917,11,72
600834,600907,600918,11,73
600834,600906,600918,12,72
600834,600906,600919,13,72
600834,600914,600919,5,80
600834,600914,600922,8,80
600834,600914,600923,9,80
600834,600916,600926,10,82
600834,600917,600926,9,83
600834,600919,600927,8,85
600834,600919,600927,8,85
600834,600919,600927,8,85
600834,600917,600927,10,83
600834,600918,600928,10,84
600834,600918,600927,9,84
600834,600916,600927,11,82
600834,600920,600928,8,86
600834,600923,600929,6,89
600834,600921,600929,8,87
600834,600917,600929,12,83
600834,600923,600929,6,89
600834,600917,600930,13,83
600834,600918,600930,12,84
600834,600926,600930,4,92
600834,600926,600930,4,92
600834,600917,600931,14,83
600834,600929,600932,3,95
600834,600928,600932,4,94
600834,600928,600932,4,94
600834,600929,600933,4,95
600834,600930,600933,3,96
600834,600928,600933,5,94
600834,600927,600932,5,93
600834,600929,600933,4,95
600834,600930,600933,3,96
600834,600930,600932,2,96
600834,600929,600934,5,95
600834,600930,600934,4,96
600834,600927,600934,7,93
600834,600932,600934,2,98
600834,600929,600934,5,95
600834,600933,600935,2,99
600834,600932,600935,3,98
600834,600931,600935,4,97
600834,600928,600934,6,94
600834,600932,600936,4,98
600834,600933,600936,3,99
600863,600934,600936,2,71
600834,600933,600936,3,99
600834,600933,600936,3,99
600834,600933,600935,2,99
600863,600935,600937,2,72
600834,600933,600936,3,99
600834,600933,600936,3,99
600863,600934,600937,3,71
600325,600495,600937,442,170
600834,600927,600936,9,93
600863,600934,600937,3,71
600863,600935,600938,3,72
600863,600935,600937,2,72
600863,600935,600938,3,72
600863,600934,600937,3,71
600863,600936,600939,3,73
600863,600936,600939,3,73
600863,600936,600942,6,73
600863,600939,600944,5,76
600863,600938,600944,6,75
600863,600936,600946,10,73
600863,600938,600946,8,75
600863,600937,600947,10,74
600863,600937,600946,9,74
600863,600938,600947,9,75
600863,600938,600947,9,75
600863,600937,600947,10,74
600863,600937,600948,11,74
600863,600938,600947,9,75
600863,600941,600948,7,78
600863,600936,600948,12,73
600863,600937,600947,10,74
600863,600937,600949,12,74
600863,600936,600950,14,73
600513,600651,600950,299,138
600863,600942,600951,9,79
600863,600948,600953,5,85
600863,600948,600954,6,85
600863,600950,600954,4,87
600863,600944,600955,11,81
600863,600946,600955,9,83
600863,600946,600955,9,83
600863,600948,600954,6,85
600863,600950,600956,6,87
600863,600947,600956,9,84
600863,600946,600955,9,83
600863,600949,600955,6,86
600863,600948,600956,8,85
600863,600948,600957,9,85
600863,600951,600956,5,88
600863,600947,600957,10,84
600863,600947,600956,9,84
600863,600955,600958,3,92
600863,600947,600957,10,84
600863,600947,600959,12,84
600863,600953,600959,6,90
600863,600954,600959,5,91
600863,600954,600958,4,91
600863,600955,600959,4,92
600863,600956,600960,4,93
600863,600955,600960,5,92
600863,600955,600960,5,92
600863,600956,600960,4,93
600863,600956,600960,4,93
600863,600957,600960,3,94
600863,600957,600961,4,94
600863,600958,600961,3,95
600863,600956,600961,5,93
600863,600956,600962,6,93
600863,600957,600961,4,94
600863,600959,600962,3,96
600863,600960,600962,2,97
600863,600957,600961,4,94
600863,600959,600963,4,96
600863,600958,600963,5,95
600863,600959,600962,3,96
600863,600959,600963,4,96
600863,600960,600962,2,97
600866,600961,600963,2,95
600863,600960,600963,3,97
600863,600960,600963,3,97
600863,600960,600962,2,97
600863,600960,600962,2,97
600863,600960,600962,2,97
600866,600961,600962,1,95
600866,600962,600964,2,96
600866,600962,600964,2,96
600866,600962,600964,2,96
600866,600962,600965,3,96
600866,600962,600965,3,96
600866,600963,600966,3,97
600866,600963,600966,3,97
600866,600963,600968,5,97
600866,600963,600971,8,97
600866,600963,600973,10,97
600866,600964,600973,9,98
600866,600966,600974,8,100
600866,600964,600974,10,98
600866,600965,600973,8,99
600866,600963,600974,11,97
600866,600968,600974,6,102
600866,600966,600975,9,100
600866,600964,600974,10,98
600866,600964,600974,10,98
600866,600963,600974,11,97
600866,600965,600975,10,99
600866,600963,600975,12,97
600866,600964,600976,12,98
600866,600963,600975,12,97
600866,600963,600977,14,97
600866,600972,600978,6,106
600866,600973,600979,6,107
600866,600976,600981,5,110
600866,600974,600981,7,108
600866,600976,600981,5,110
600866,600977,600982,5,111
600328,600521,600982,461,193
600866,600975,600983,8,109
600866,600975,600983,8,109
600866,600975,600983,8,109
600866,600975,600983,8,109
600866,600978,600983,5,112
600565,600680,600984,304,115
600866,600974,600983,9,108
600866,600974,600984,10,108
600866,600975,600983,8,109
600866,600979,600984,5,113
600866,600975,600985,10,109
600866,600975,600985,10,109
600866,600974,600985,11,108
600866,600974,600984,10,108
600866,600981,600985,4,115
600866,600984,600987,3,118
600866,600983,600986,3,117
600866,600984,600986,2,118
600866,600981,600988,7,115
600866,600985,600988,3,119
600866,600983,600988,5,117
600866,600984,600988,4,118
600866,600982,600987,5,116
600866,600983,600987,4,117
600866,600984,600987,3,118
600866,600987,600988,1,121
600866,600983,600988,5,117
600866,600985,600989,4,119
600866,600981,600988,7,115
600866,600983,600989,6,117
600866,600982,600989,7,116
600866,600985,600989,4,119
600866,600985,600990,5,119
600866,600987,600989,2,121
600866,600987,600989,2,121
600866,600988,600990,2,122
600866,600987,600990,3,121
600866,600988,600990,2,122
600866,600985,600989,4,119
600866,600988,600991,3,122
600866,600988,600991,3,122
600866,600988,600991,3,122
600866,600988,600991,3,122
600890,600988,600990,2,98
600890,600989,600992,3,99
600890,600989,600991,2,99
600890,600990,600992,2,100
600890,600989,600992,3,99
600890,600990,600993,3,100
600890,600989,600992,3,99
600890,600989,600992,3,99
600890,600990,600993,3,100
600890,600990,600993,3,100
600890,600990,600998,8,100
600890,600990,601000,10,100
600890,600992,601000,8,102
600890,600991,601000,9,101
600890,600991,601001,10,101
600890,600992,601001,9,102
600890,600991,601001,10,101
600890,600991,601001,10,101
600890,600990,601002,12,100
600890,600993,601002,9,103
600890,600992,601002,10,102
600890,600993,601001,8,103
600890,600993,601003,10,103
600890,600993,601002,9,103
600890,600993,601003,10,103
600890,600990,601002,12,100
600890,600992,601002,10,102
600890,600994,601006,12,104
600890,601002,601006,4,112
600890,601003,601007,4,113
600890,601002,601007,5,112
600890,601003,601008,5,113
600890,600998,601007,9,108
600890,601003,601008,5,113
600890,601003,601009,6,113
600890,601000,601009,9,110
600890,601003,601008,5,113
600890,601001,601009,8,111
600890,601000,601010,10,110
600890,601006,601010,4,116
600890,601001,601010,9,111
600890,601006,601011,5,116
600890,601001,601011,10,111
600890,601001,601010,9,111
600890,601000,601012,12,110
600890,601008,601012,4,118
600890,601002,601011,9,112
600890,601008,601012,4,118
600588,600704,601011,307,116
600890,601009,601013,4,119
600890,601009,601013,4,119
600890,601007,601013,6,117
600890,601008,601013,5,118
600890,601002,601012,10,112
600890,601007,601012,5,117
600890,601010,601013,3,120
600890,601012,601014,2,122
600890,601010,601013,3,120
600890,601009,601014,5,119
600890,601011,601014,3,121
600890,601009,601013,4,119
600890,601010,601015,5,120
600890,601013,601015,2,123
600890,601011,601015,4,121
600890,601011,601015,4,121
600890,601013,601015,2,123
600890,601014,601016,2,124
600890,601013,601016,3,123
600890,601013,601016,3,123
600890,601012,601015,3,122
600890,601012,601015,3,122
600890,601012,601015,3,122
600890,601013,601016,3,123
600918,601015,601017,2,97
600890,601012,601016,4,122
600890,601013,601016,3,123
600890,601014,601016,2,124
600918,601014,601018,4,96
600918,601015,601018,3,97
600918,601014,601017,3,96
600918,601015,601018,3,97
600918,601014,601017,3,96
600918,601016,601017,1,98
600918,601016,601018,2,98
600918,601015,601017,2,97
600456,600600,601019,419,144
600405,600574,601021,447,169
600918,601016,601022,6,98
600918,601017,601027,10,99
600918,601017,601027,10,99
600918,601019,601028,9,101
600918,601016,601028,12,98
600918,601016,601027,11,98
600918,601018,601029,11,100
600918,601016,601029,13,98
600918,601016,601029,13,98
600918,601016,601029,13,98
600918,601020,601029,9,102
600918,601018,601030,12,100
600918,601018,601030,12,100
600918,601018,601029,11,100
600918,601017,601029,12,99
600918,601017,601029,12,99
600918,601018,601030,12,100
600918,601021,601031,10,103
600918,601018,601031,13,100
600918,601018,601030,12,100
600918,601030,601033,3,112
600918,601022,601032,10,104
600918,601029,601033,4,111
600918,601029,601033,4,111
600473,600625,601033,408,152
600918,601030,601034,4,112
600918,601030,601035,5,112
600918,601030,601035,5,112
600918,601030,601036,6,112
600918,601027,601036,9,109
600918,601031,601036,5,113
600918,601027,601036,9,109
600918,601030,601036,6,112
600918,601031,601037,6,113
600918,601033,601037,4,115
600918,601029,601036,7,111
600918,601031,601036,5,113
600918,601029,601038,9,111
600918,601033,601038,5,115
600918,601033,601038,5,115
600918,601029,601037,8,111
600918,601028,601037,9,110
600918,601029,601039,10,111
600918,601036,601039,3,118
600918,601033,601039,6,115
600918,601034,601039,5,116
600918,601036,601039,3,118
600918,601028,601039,11,110
600918,601036,601040,4,118
600918,601035,601039,4,117
600918,601037,601040,3,119
600918,601034,601039,5,116
600918,601036,601040,4,118
600918,601039,601041,2,121
600918,601038,601041,3,120
600918,601038,601041,3,120
600918,601036,601040,4,118
600918,601037,601040,3,119
600918,601038,601040,2,120
600918,601039,601042,3,121
600918,601038,601041,3,120
600947,601040,601041,1,93
600918,601038,601041,3,120
600918,601039,601041,2,121
600918,601038,601041,3,120
600918,601039,601041,2,121
600918,601037,601041,4,119
600918,601038,601041,3,120
600947,601040,601043,3,93
600947,601040,601043,3,93
600947,601040,601043,3,93
600947,601041,601044,3,94
600947,601040,601043,3,93
600947,601041,601044,3,94
600947,601041,601043,2,94
600947,601040,601043,3,93
600947,601041,601045,4,94
600947,601044,601051,7,97
600947,601041,601051,10,94
600947,601042,601052,10,95
600947,601042,601052,10,95
600947,601042,601052,10,95
600947,601044,601052,8,97
600947,601044,601053,9,97
600947,601042,601053,11,95
600947,601044,601052,8,97
600947,601042,601054,12,95
600947,601042,601054,12,95
600947,601042,601054,12,95
600947,601042,601055,13,95
600947,601043,601055,12,96
600947,601044,601054,10,97
600947,601043,601055,12,96
600947,601045,601055,10,98
600947,601042,601054,12,95
600947,601044,601054,10,97
600947,601043,601055,12,96
600947,601054,601057,3,107
600947,601054,601058,4,107
600947,601054,601058,4,107
600947,601053,601058,5,106
600947,601055,601060,5,108
600947,601052,601060,8,105
600947,601055,601060,5,108
600947,601055,601060,5,108
600947,601055,601060,5,108
600947,601052,601060,8,105
600947,601055,601061,6,108
600947,601055,601060,5,108
600947,601052,601060,8,105
600947,601053,601061,8,106
600947,601051,601061,10,104
600947,601056,601062,6,109
600947,601058,601062,4,111
600947,601051,601061,10,104
600947,601052,601062,10,105
600947,601060,601063,3,113
600947,601055,601062,7,108
600947,601057,601062,5,110
600947,601060,601063,3,113
600947,601060,601063,3,113
600947,601053,601062,9,106
600947,601060,601064,4,113
600947,601058,601064,6,111
600947,601060,601064,4,113
600947,601061,601064,3,114
600947,601061,601063,2,114
600947,601060,601065,5,113
600947,601061,601064,3,114
600947,601062,601064,2,115
600947,601063,601065,2,116
600947,601058,601064,6,111
600947,601062,601065,3,115
600947,601063,601065,2,116
600947,601061,601065,4,114
600947,601063,601066,3,116
600947,601063,601066,3,116
600947,601062,601065,3,115
600947,601062,601065,3,115
600947,601062,601065,3,115
600947,601063,601065,2,116
600950,601064,601066,2,114
600950,601064,601067,3,114
600950,601065,601066,1,115
600950,601065,601067,2,115
600947,601063,601066,3,116
600950,601064,601066,2,114
600950,601065,601068,3,115
600950,601065,601068,3,115
600950,601065,601067,2,115
600950,601065,601067,2,115
600950,601065,601067,2,115
600950,601068,601071,3,118
600950,601068,601071,3,118
600950,601068,601072,4,118
600950,601068,601072,4,118
600950,601071,601074,3,121
600950,601071,601074,3,121
600950,601068,601074,6,118
600950,601065,601075,10,115
600950,601072,601076,4,122
600950,601073,601076,3,123
600950,601074,601077,3,124
600950,601067,601077,10,117
600950,601067,601077,10,117
600950,601065,601076,11,115
600950,601067,601078,11,117
600950,601074,601078,4,124
600950,601066,601078,12,116
600950,601066,601078,12,116
600950,601066,601078,12,116
600950,601067,601078,11,117
600950,601066,601077,11,116
600950,601067,601079,12,117
600950,601067,601079,12,117
600950,601067,601079,12,117
600950,601066,601080,14,116
600950,601075,601081,6,125
600950,601075,601080,5,125
600950,601077,601082,5,127
600950,601079,601082,3,129
600950,601078,601083,5,128
600950,601078,601082,4,128
600950,601078,601083,5,128
600950,601078,601083,5,128
600950,601078,601083,5,128
600950,601076,601083,7,126
600950,601080,601083,3,130
600950,601077,601084,7,127
600950,601081,601083,2,131
600950,601078,601084,6,128
600950,601077,601084,7,127
600950,601082,601083,1,132
600950,601083,601084,1,133
600950,601082,601084,2,132
600950,601081,601083,2,131
600950,601079,601084,5,129
600950,601083,601085,2,133
600950,601078,601085,7,128
600950,601077,601085,8,127
600950,601079,601084,5,129
600950,601083,601086,3,133
600950,601084,601086,2,134
600950,601083,601086,3,133
600950,601083,601086,3,133
600950,601083,601086,3,133
600950,601083,601085,2,133
600950,601085,601087,2,135
600950,601084,601086,2,134
600950,601085,601087,2,135
600950,601084,601086,2,134
600950,601084,601086,2,134
600950,601084,601087,3,134
600950,601084,601086,2,134
600950,601084,601086,2,134
600983,601085,601087,2,102
600950,601076,601088,12,126
600983,601086,601088,2,103
600983,601085,601088,3,102
600950,601085,601087,2,135
600983,601086,601088,2,103
600983,601086,601089,3,103
600983,601086,601089,3,103
600983,601086,601089,3,103
600983,601087,601089,2,104
600983,601086,601090,4,103
600983,601087,601089,2,104
600983,601089,601095,6,106
600983,601087,601096,9,104
600983,601089,601096,7,106
600983,601090,601097,7,107
600983,601088,601098,10,105
600983,601090,601097,7,107
600983,601089,601098,9,106
600983,601087,601098,11,104
600983,601087,601099,12,104
600983,601087,601099,12,104
600983,601088,601098,10,105
600983,601087,601100,13,104
600983,601089,601100,11,106
600983,601088,601100,12,105
600983,601088,601100,12,105
600983,601088,601100,12,105
600983,601087,601101,14,104
600983,601088,601101,13,105
600983,601096,601104,8,113
600983,601100,601104,4,117
600983,601100,601105,5,117
600983,601101,601105,4,118
600983,601095,601105,10,112
600983,601101,601106,5,118
600983,601098,601106,8,115
600983,601098,601106,8,115
600983,601097,601106,9,114
600983,601099,601107,8,116
600983,601100,601107,7,117
600983,601101,601107,6,118
600983,601104,601108,4,121
600983,601098,601108,10,115
600983,601096,601108,12,113
600983,601099,601107,8,116
600983,601098,601108,10,115
600983,601099,601108,9,116
600983,601102,601108,6,119
600983,601107,601110,3,124
600983,601105,601110,5,122
600983,601106,601110,4,123
600983,601105,601110,5,122
600983,601106,601110,4,123
600983,601104,601111,7,121
600983,601105,601111,6,122
600983,601106,601110,4,123
600983,601108,601111,3,125
600983,601107,601110,3,124
600983,601108,601112,4,125
600983,601108,601112,4,125
600983,601109,601112,3,126
600983,601110,601112,2,127
600983,601108,601111,3,125
600983,601110,601113,3,127
600983,601109,601112,3,126
600983,601109,601113,4,126
600983,601111,601113,2,128
600983,601106,601112,6,123
600983,601108,601113,5,125
600983,601111,601113,2,128
600983,601110,601113,3,127
600983,601111,601114,3,128
600983,601111,601113,2,128
600984,601112,601114,2,128
600983,601111,601114,3,128
600983,601111,601114,3,128
600983,601111,601113,2,128
600984,601113,601115,2,129
600984,601112,601115,3,128
600984,601112,601114,2,128
600984,601113,601115,2,129
600984,601113,601115,2,129
600984,601112,601115,3,128
600984,601113,601115,2,129
600984,601113,601115,2,129
600984,601113,601117,4,129
600984,601113,601121,8,129
600984,601116,601122,6,132
600984,601121,601124,3,137
600984,601113,601124,11,129
600984,601116,601124,8,132
600984,601117,601124,7,133
600984,601114,601124,10,130
600984,601115,601125,10,131
600984,601114,601125,11,130
600984,601114,601126,12,130
600984,601114,601125,11,130
600984,601116,601125,9,132
600984,601114,601127,13,130
600984,601124,601127,3,140
600984,601114,601127,13,130
600984,601124,601127,3,140
600984,601115,601127,12,131
600984,601122,601127,5,138
600984,601124,601128,4,140
600984,601115,601128,13,131
600984,601115,601127,12,131
600984,601124,601127,3,140
600984,601115,601129,14,131
600984,601125,601129,4,141
600984,601124,601129,5,140
600984,601125,601129,4,141
600984,601126,601131,5,142
600984,601127,601132,5,143
600984,601126,601132,6,142
600984,601129,601133,4,145
600984,601128,601133,5,144
600984,601128,601133,5,144
600984,601128,601133,5,144
600984,601128,601134,6,144
600984,601128,601134,6,144
600984,601127,601133,6,143
600984,601129,601134,5,145
600984,601129,601135,6,145
600984,601126,601134,8,142
600984,601127,601134,7,143
600984,601132,601134,2,148
600984,601133,601134,1,149
600984,601133,601134,1,149
600984,601127,601135,8,143
600984,601127,601135,8,143
600984,601133,601135,2,149
600984,601133,601135,2,149
600984,601134,601136,2,150
600984,601133,601135,2,149
600984,601134,601136,2,150
600984,601134,601136,2,150
600984,601135,601136,1,151
600984,601135,601137,2,151
600615,600734,601137,403,119
600984,601131,601136,5,147
600984,601135,601137,2,151
600984,601129,601137,8,145
600984,601134,601137,3,150
600984,601135,601137,2,151
600984,601135,601138,3,151
600984,601135,601137,2,151
600984,601135,601137,2,151
600984,601135,601137,2,151
600984,601136,601138,2,152
601013,601137,601139,2,124
600984,601136,601138,2,152
601013,601136,601139,3,123
600984,601136,601138,2,152
601013,601136,601139,3,123
601013,601137,601138,1,124
601013,601137,601138,1,124
601013,601137,601140,3,124
601013,601137,601139,2,124
601013,601137,601139,2,124
601013,601137,601139,2,124
601013,601137,601140,3,124
601013,601140,601144,4,127
601013,601138,601145,7,125
601013,601140,601147,7,127
601013,601141,601147,6,128
601013,601138,601148,10,125
601013,601138,601149,11,125
601013,601139,601149,10,126
601013,601144,601148,4,131
601013,601145,601149,4,132
601013,601140,601151,11,127
601013,601138,601150,12,125
601013,601138,601150,12,125
601013,601139,601151,12,126
601013,601139,601150,11,126
601013,601139,601150,11,126
601013,601148,601151,3,135
601013,601139,601151,12,126
601013,601147,601150,3,134
601013,601149,601151,2,136
601013,601147,601151,4,134
601013,601139,601152,13,126
601013,601139,601152,13,126
601013,601149,601153,4,136
601013,601149,601153,4,136
601013,601149,601153,4,136
601013,601140,601154,14,127
601013,601151,601155,4,138
601013,601151,601156,5,138
601013,601151,601156,5,138
601013,601151,601157,6,138
601013,601151,601157,6,138
601013,601152,601157,5,139
601013,601153,601157,4,140
601013,601152,601158,6,139
601013,601151,601158,7,138
601013,601151,601158,7,138
601013,601151,601159,8,138
601013,601153,601158,5,140
601013,601151,601158,7,138
601013,601151,601158,7,138
601013,601157,601160,3,144
601013,601157,601160,3,144
601013,601157,601160,3,144
601013,601156,601160,4,143
601013,601158,601160,2,145
601013,601154,601160,6,141
601013,601151,601159,8,138
601013,601157,601159,2,144
601013,601158,601159,1,145
601013,601158,601161,3,145
601013,601153,601160,7,140
601013,601156,601160,4,143
601013,601156,601162,6,143
601013,601160,601162,2,147
601013,601160,601162,2,147
601013,601159,601162,3,146
601013,601159,601161,2,146
601013,601159,601162,3,146
601013,601160,601161,1,147
601013,601160,601162,2,147
601013,601160,601163,3,147
601013,601160,601162,2,147
601013,601159,601162,3,146
601013,601160,601162,2,147
601013,601160,601162,2,147
601028,601161,601164,3,133
601028,601161,601164,3,133
601028,601161,601163,2,133
601028,601162,601164,2,134
601028,601162,601163,1,134
601028,601162,601164,2,134
601028,601162,601165,3,134
601028,601162,601165,3,134
601028,601162,601164,2,134
601028,601162,601165,3,134
601028,601165,601172,7,137
601028,601166,601172,6,138
601028,601163,601172,9,135
601028,601165,601173,8,137
601028,601165,601175,10,137
601028,601164,601175,11,136
601028,601164,601175,11,136
601028,601163,601175,12,135
601028,601165,601175,10,137
601028,601165,601176,11,137
601028,601163,601176,13,135
601028,601163,601175,12,135
601028,601163,601175,12,135
601028,601164,601175,11,136
601028,601173,601176,3,145
601028,601163,601177,14,135
601028,601164,601177,13,136
601028,601172,601176,4,144
601028,601172,601178,6,144
600640,600762,601178,416,122
601028,601172,601178,6,144
601028,601177,601180,3,149
601028,601175,601181,6,147
601028,601178,601182,4,150
601028,601176,601183,7,148
601028,601177,601184,7,149
601028,601175,601184,9,147
601028,601179,601184,5,151
601028,601176,601184,8,148
601028,601176,601185,9,148
601028,601177,601185,8,149
601028,601176,601185,9,148
601028,601180,601186,6,152
601028,601175,601185,10,147
601028,601176,601185,9,148
601028,601175,601185,10,147
601028,601176,601185,9,148
601028,601176,601185,9,148
601028,601178,601185,7,150
601028,601183,601188,5,155
601028,601182,601188,6,154
601028,601181,601188,7,153
601028,601185,601189,4,157
601028,601184,601189,5,156
601028,601185,601189,4,157
601028,601186,601188,2,158
601028,601184,601189,5,156
601028,601186,601190,4,158
601028,601188,601190,2,160
601028,601188,601190,2,160
601028,601185,601190,5,157
601028,601186,601190,4,158
601028,601186,601189,3,158
601028,601186,601190,4,158
601028,601184,601189,5,156
601028,601186,601190,4,158
601028,601186,601190,4,158
601028,601185,601190,5,157
601028,601189,601192,3,161
601028,601188,601191,3,160
601028,601189,601192,3,161
601028,601189,601192,3,161
601028,601189,601191,2,161
601028,601189,601191,2,161
601028,601190,601191,1,162
601029,601190,601193,3,161
601029,601190,601193,3,161
601028,601190,601192,2,162
601029,601191,601194,3,162
601029,601190,601193,3,161
601029,601190,601193,3,161
601029,601192,601194,2,163
601029,601191,601193,2,162
601029,601191,601193,2,162
601029,601191,601193,2,162
601029,601192,601195,3,163
601029,601192,601200,8,163
601029,601195,601201,6,166
601029,601195,601201,6,166
601029,601195,601203,8,166
601029,601192,601204,12,163
601029,601193,601203,10,164
601029,601193,601203,10,164
601029,601193,601204,11,164
601029,601194,601205,11,165
601029,601193,601205,12,164
601029,601193,601205,12,164
601029,601194,601205,11,165
601029,601194,601205,11,165
601029,601194,601206,12,165
601029,601192,601205,13,163
601029,601200,601205,5,171
601029,601201,601207,6,172
601029,601202,601207,5,173
601029,601194,601206,12,165
601029,601203,601208,5,174
601029,601204,601209,5,175
600652,600790,601208,418,138
601029,601204,601210,6,175
601029,601207,601212,5,178
600805,600903,601212,309,98
601029,601204,601213,9,175
601029,601205,601213,8,176
601029,601207,601213,6,178
601029,601206,601214,8,177
601029,601205,601214,9,176
601029,601207,601214,7,178
601029,601205,601213,8,176
601029,601206,601214,8,177
601029,601204,601214,10,175
601029,601206,601213,7,177
601029,601205,601214,9,176
601029,601208,601215,7,179
601029,601205,601214,9,176
601029,601210,601215,5,181
601029,601209,601216,7,180
601029,601210,601216,6,181
601029,601214,601217,3,185
601029,601214,601217,3,185
601029,601214,601217,3,185
601029,601215,601217,2,186
601029,601214,601218,4,185
601029,601213,601218,5,184
601029,601214,601218,4,185
601029,601212,601218,6,183
601029,601214,601217,3,185
601029,601214,601219,5,185
601029,601212,601218,6,183
601029,601216,601219,3,187
601029,601215,601218,3,186
601029,601215,601218,3,186
601029,601215,601219,4,186
601029,601216,601220,4,187
601029,601213,601220,7,184
601029,601218,601220,2,189
601029,601217,601220,3,188
601029,601217,601220,3,188
601029,601213,601219,6,184
601029,601217,601220,3,188
601029,601217,601220,3,188
601035,601219,601220,1,184
601035,601220,601221,1,185
601035,601219,601221,2,184
601029,601218,601220,2,189
601029,601218,601220,2,189
601035,601220,601221,1,185
601029,601218,601221,3,189
601035,601220,601222,2,185
601035,601219,601221,2,184
601035,601220,601222,2,185
601035,601220,601222,2,185
601035,601220,601222,2,185
601035,601220,601222,2,185
601035,601220,601226,6,185
601035,601223,601228,5,188
601035,601223,601228,5,188
601035,601226,601230,4,191
601035,601223,601230,7,188
601035,601223,601230,7,188
601035,601221,601231,10,186
601035,601220,601232,12,185
601035,601221,601232,11,186
601035,601221,601231,10,186
601035,601228,601232,4,193
601035,601222,601233,11,187
601035,601220,601233,13,185
601035,601222,601234,12,187
601035,601228,601233,5,193
601035,601231,601234,3,196
601035,601231,601234,3,196
601035,601221,601233,12,186
601035,601222,601233,11,187
601035,601230,601235,5,195
601035,601222,601234,12,187
601035,601222,601234,12,187
601035,601222,601234,12,187
601035,601230,601234,4,195
601035,601232,601236,4,197
601035,601232,601237,5,197
600670,600820,601237,417,150
601035,601234,601238,4,199
601035,601237,601239,2,202
601035,601236,601239,3,201
601035,601235,601240,5,200
601035,601235,601240,5,200
601035,601234,601240,6,199
601035,601232,601239,7,197
601035,601235,601240,5,200
601035,601234,601240,6,199
601035,601233,601240,7,198
601035,601234,601241,7,199
601035,601234,601241,7,199
601035,601235,601240,5,200
601035,601235,601241,6,200
601035,601239,601240,1,204
601035,601239,601240,1,204
601035,601240,601241,1,205
601035,601240,601242,2,205
601035,601234,601241,7,199
601035,601240,601242,2,205
601035,601239,601241,2,204
601035,601239,601241,2,204
601035,601240,601242,2,205
601035,601232,601243,11,197
601035,601241,601243,2,206
601035,601240,601242,2,205
601035,601241,601243,2,206
601035,601240,601242,2,205
601035,601240,601242,2,205
601035,601241,601244,3,206
601035,601241,601243,2,206
601035,601242,601244,2,207
601035,601241,601243,2,206
601035,601241,601243,2,206
601035,601233,601243,10,198
601035,601241,601243,2,206
601035,601242,601244,2,207
601138,601242,601245,3,104
601035,601242,601244,2,207
601138,601243,601245,2,105
601138,601243,601244,1,105
601138,601243,601245,2,105
601138,601243,601245,2,105
601138,601243,601246,3,105
601035,601242,601245,3,207
601138,601243,601245,2,105
601138,601244,601247,3,106
601138,601244,601247,3,106
601138,601244,601247,3,106
601138,601247,601251,4,109
601138,601248,601252,4,110
601138,601244,601252,8,106
601138,601247,601252,5,109
601138,601246,601253,7,108
601138,601244,601254,10,106
601138,601251,601255,4,113
601138,601245,601256,11,107
601138,601252,601255,3,114
601138,601253,601256,3,115
601138,601244,601256,12,106
601138,601253,601256,3,115
601138,601245,601257,12,107
601138,601252,601257,5,114
601138,601245,601257,12,107
601138,601244,601256,12,106
601138,601244,601256,12,106
601138,601245,601257,12,107
601138,601255,601257,2,117
601138,601256,601258,2,118
601138,601246,601258,12,108
601138,601246,601258,12,108
601138,601255,601259,4,117
601138,601246,601258,12,108
601138,601256,601258,2,118
601138,601256,601260,4,118
601138,601246,601260,14,108
601138,601256,601262,6,118
601138,601258,601263,5,120
601138,601258,601263,5,120
601138,601256,601263,7,118
601138,601258,601263,5,120
601138,601257,601264,7,119
601138,601258,601263,5,120
601138,601257,601264,7,119
601138,601259,601263,4,121
601138,601257,601265,8,119
601138,601259,601265,6,121
601138,601257,601265,8,119
601138,601259,601264,5,121
601138,601257,601265,8,119
601138,601257,601266,9,119
601138,601264,601266,2,126
601138,601264,601266,2,126
601138,601263,601266,3,125
601138,601260,601266,6,122
601138,601264,601267,3,126
601138,601263,601267,4,125
601138,601260,601267,7,122
601138,601264,601266,2,126
601138,601265,601267,2,127
601138,601262,601266,4,124
601138,601265,601267,2,127
601138,601263,601266,3,125
601138,601265,601267,2,127
601138,601266,601268,2,128
601138,601266,601268,2,128
601138,601265,601267,2,127
601138,601263,601267,4,125
601138,601266,601268,2,128
601138,601267,601269,2,129
601138,601266,601269,3,128
601138,601267,601268,1,129
601178,601267,601269,2,89
601138,601267,601268,1,129
601178,601267,601270,3,89
601178,601267,601270,3,89
601178,601268,601269,1,90
601178,601268,601269,1,90
601138,601266,601269,3,128
601178,601267,601269,2,89
601178,601267,601269,2,89
601178,601268,601270,2,90
601178,601268,601271,3,90
601178,601268,601272,4,90
601178,601272,601276,4,94
601178,601269,601276,7,91
601178,601271,601277,6,93
601178,601271,601278,7,93
601178,601269,601279,10,91
601178,601269,601280,11,91
601178,601270,601281,11,92
601178,601276,601280,4,98
601178,601269,601281,12,91
601178,601270,601281,11,92
601178,601270,601281,11,92
601178,601277,601282,5,99
601178,601278,601282,4,100
601178,601270,601281,11,92
601178,601271,601282,11,93
601178,601270,601281,11,92
601178,601276,601281,5,98
601178,601271,601283,12,93
601178,601280,601283,3,102
601178,601279,601282,3,101
601178,601269,601282,13,91
601178,601270,601283,13,92
601178,601281,601284,3,103
601178,601281,601284,3,103
601178,601281,601283,2,103
601178,601281,601284,3,103
601178,601281,601284,3,103
601178,601282,601286,4,104
601178,601282,601288,6,104
600748,600848,601288,440,100
601178,601282,601288,6,104
601178,601284,601289,5,106
601178,601282,601289,7,104
601178,601282,601289,7,104
601178,601284,601289,5,106
601178,601284,601288,4,106
601178,601284,601290,6,106
601178,601282,601290,8,104
601178,601283,601290,7,105
601178,601284,601289,5,106
601178,601283,601290,7,105
601178,601283,601290,7,105
601178,601289,601291,2,111
601178,601289,601292,3,111
601178,601289,601292,3,111
601178,601285,601291,6,107
601178,601290,601292,2,112
601178,601283,601291,8,105
601178,601289,601292,3,111
601178,601290,601293,3,112
601178,601288,601293,5,110
601178,601291,601292,1,113
601178,601289,601292,3,111
601178,601290,601292,2,112
601178,601291,601293,2,113
601178,601288,601293,5,110
601178,601290,601292,2,112
601178,601286,601293,7,108
601178,601291,601294,3,113
601178,601292,601294,2,114
601178,601292,601293,1,114
601178,601288,601293,5,110
601178,601292,601295,3,114
601178,601292,601294,2,114
601178,601292,601294,2,114
601178,601293,601295,2,115
601210,601293,601295,2,83
601210,601293,601295,2,83
601210,601293,601294,1,83
601210,601293,601295,2,83
601210,601293,601295,2,83
601210,601293,601295,2,83
601210,601293,601296,3,83
601210,601293,601296,3,83
601210,601294,601296,2,84
600867,600988,601298,310,121
601210,601294,601298,4,84
601210,601298,601300,2,88
601210,601297,601301,4,87
601210,601294,601302,8,84
601210,601298,601302,4,88
601210,601297,601303,6,87
601210,601300,601303,3,90
601210,601301,601305,4,91
601210,601302,601305,3,92
601210,601302,601305,3,92
601210,601303,601306,3,93
601210,601295,601306,11,85
601210,601294,601306,12,84
601210,601295,601306,11,85
601210,601295,601307,12,85
601210,601295,601307,12,85
601210,601295,601307,12,85
601210,601295,601307,12,85
601210,601305,601307,2,95
600751,600876,601308,432,125
601210,601303,601307,4,93
601210,601295,601307,12,85
601210,601296,601308,12,86
601210,601306,601308,2,96
601210,601306,601309,3,96
601210,601296,601308,12,86
601210,601296,601309,13,86
601210,601305,601308,3,95
601210,601296,601308,12,86
601210,601305,601309,4,95
601210,601306,601310,4,96
601210,601308,601312,4,98
601210,601307,601312,5,97
601210,601308,601313,5,98
601210,601309,601313,4,99
601210,601309,601313,4,99
601210,601307,601313,6,97
601210,601306,601314,8,96
601210,601307,601313,6,97
601210,601307,601314,7,97
601210,601308,601314,6,98
601210,601309,601314,5,99
601210,601313,601315,2,103
601210,601310,601314,4,100
601210,601310,601314,4,100
601210,601307,601314,7,97
601210,601314,601315,1,104
601210,601312,601315,3,102
601210,601308,601315,7,98
601210,601314,601316,2,104
601210,601313,601316,3,103
601210,601314,601316,2,104
601210,601312,601315,3,102
601210,601309,601315,6,99
601210,601315,601317,2,105
601210,601315,601317,2,105
601210,601314,601317,3,104
601210,601313,601316,3,103
601210,601314,601316,2,104
601210,601315,601317,2,105
601210,601309,601316,7,99
601210,601308,601316,8,98
601210,601314,601316,2,104
601210,601315,601318,3,105
601210,601315,601318,3,105
601210,601315,601317,2,105
601213,601316,601318,2,103
601210,601316,601318,2,106
601213,601316,601319,3,103
601213,601317,601318,1,104
601213,601316,601318,2,103
601213,601317,601318,1,104
601213,601316,601318,2,103
601213,601317,601319,2,104
601213,601317,601319,2,104
601213,601317,601320,3,104
601213,601317,601321,4,104
601213,601320,601323,3,107
601213,601321,601323,2,108
601213,601320,601324,4,107
601213,601323,601326,3,110
601213,601323,601325,2,110
601213,601317,601327,10,104
601213,601319,601327,8,106
601213,601325,601328,3,112
601213,601317,601329,12,104
601213,601326,601329,3,113
601213,601318,601329,11,105
601213,601319,601329,10,106
601213,601319,601329,10,106
601213,601318,601330,12,105
601213,601318,601329,11,105
601213,601326,601330,4,113
601213,601317,601329,12,104
601213,601318,601330,12,105
601213,601319,601331,12,106
601213,601319,601330,11,106
601213,601327,601331,4,114
601213,601327,601331,4,114
601213,601318,601332,14,105
601213,601329,601332,3,116
601213,601329,601332,3,116
601213,601330,601331,1,117
601213,601319,601331,12,106
601213,601328,601331,3,115
601213,601329,601333,4,116
601213,601330,601333,3,117
601213,601329,601332,3,116
601213,601330,601334,4,117
600890,601014,601333,319,124
601213,601330,601333,3,117
601213,601330,601333,3,117
601213,601332,601335,3,119
601213,601331,601334,3,118
601213,601330,601336,6,117
601213,601331,601336,5,118
601213,601333,601336,3,120
601213,601333,601336,3,120
601213,601333,601336,3,120
601213,601332,601336,4,119
601213,601333,601337,4,120
601213,601331,601337,6,118
601213,601332,601336,4,119
601213,601332,601336,4,119
601213,601332,601337,5,119
601213,601333,601336,3,120
601213,601334,601337,3,121
601213,601334,601337,3,121
601213,601334,601338,4,121
601213,601334,601337,3,121
601213,601336,601339,3,123
601213,601336,601339,3,123
601213,601336,601339,3,123
601213,601336,601339,3,123
601213,601336,601339,3,123
601213,601337,601339,2,124
601213,601336,601338,2,123
601213,601337,601340,3,124
601213,601337,601339,2,124
601239,601338,601340,2,99
601213,601337,601339,2,124
601213,601337,601340,3,124
601213,601336,601339,3,123
601239,601338,601339,1,99
601213,601337,601341,4,124
600918,601039,601341,302,121
601239,601338,601340,2,99
601239,601339,601341,2,100
601239,601338,601340,2,99
601239,601339,601341,2,100
601239,601339,601341,2,100
601239,601339,601340,1,100
601239,601339,601342,3,100
601239,601339,601342,3,100
601239,601341,601344,3,102
601239,601341,601345,4,102
601239,601342,601345,3,103
601239,601342,601346,4,103
601239,601344,601346,2,105
601239,601339,601347,8,100
601239,601341,601348,7,102
601239,601345,601349,4,106
601239,601346,601349,3,107
601239,601346,601349,3,107
601239,601345,601349,4,106
601239,601347,601350,3,108
601239,601340,601351,11,101
601239,601348,601351,3,109
601239,601341,601351,10,102
601239,601340,601352,12,101
601239,601349,601352,3,110
601239,601340,601352,12,101
601239,601340,601351,11,101
601239,601341,601351,10,102
601239,601340,601352,12,101
601239,601350,601353,3,111
601239,601349,601352,3,110
601239,601340,601352,12,101
601239,601349,601352,3,110
601239,601349,601354,5,110
601239,601341,601354,13,102
601239,601341,601353,12,102
601239,601340,601353,13,101
601239,601341,601354,13,102
601239,601351,601356,5,112
601239,601353,601357,4,114
601239,601352,601357,5,113
601239,601353,601358,5,114
601239,601353,601358,5,114
601239,601354,601359,5,115
601239,601353,601359,6,114
601239,601351,601359,8,112
601239,601352,601359,7,113
601239,601351,601359,8,112
601239,601352,601358,6,113
601239,601352,601358,6,113
601239,601352,601358,6,113
601239,601358,601359,1,119
601239,601357,601360,3,118
601239,601355,601360,5,116
601239,601354,601360,6,115
601239,601352,601359,7,113
601239,601354,601359,5,115
601239,601354,601359,5,115
601239,601359,601360,1,120
601239,601359,601361,2,120
601239,601359,601361,2,120
601239,601356,601360,4,117
601239,601360,601361,1,121
601239,601357,601360,3,118
601239,601359,601361,2,120
601239,601358,601360,2,119
601239,601359,601361,2,120
601239,601359,601361,2,120
601239,601359,601361,2,120
601239,601359,601361,2,120
601239,601360,601362,2,121
601239,601359,601361,2,120
601239,601360,601363,3,121
601289,601360,601363,3,71
601289,601361,601363,2,72
601289,601361,601363,2,72
601289,601361,601362,1,72
601289,601361,601362,1,72
601289,601361,601362,1,72
601289,601361,601362,1,72
601289,601361,601363,2,72
601289,601361,601363,2,72
601289,601361,601364,3,72
601289,601364,601367,3,75
601289,601363,601368,5,74
601289,601364,601368,4,75
601289,601361,601369,8,72
601289,601367,601370,3,78
601289,601368,601371,3,79
601289,601363,601371,8,74
601289,601368,601372,4,79
600835,600934,601373,439,99
601289,601362,601372,10,73
601289,601362,601373,11,73
601289,601362,601373,11,73
601289,601363,601374,11,74
601289,601369,601374,5,80
601289,601363,601374,11,74
601289,601372,601374,2,83
601289,601363,601375,12,74
601289,601371,601375,4,82
601289,601362,601374,12,73
601289,601362,601374,12,73
601289,601370,601374,4,81
601289,601363,601374,11,74
601289,601363,601375,12,74
601289,601372,601376,4,83
601289,601373,601376,3,84
601289,601363,601376,13,74
601289,601373,601377,4,84
601289,601373,601377,4,84
601289,601363,601377,14,74
601289,601374,601377,3,85
601289,601374,601378,4,85
601289,601374,601379,5,85
601289,601374,601379,5,85
601289,601376,601380,4,87
601289,601376,601380,4,87
601289,601375,601381,6,86
601289,601377,601381,4,88
601289,601374,601380,6,85
601289,601375,601381,6,86
601289,601377,601381,4,88
601289,601375,601381,6,86
601289,601376,601381,5,87
601289,601376,601381,5,87
601289,601378,601382,4,89
601289,601377,601382,5,88
601289,601375,601382,7,86
601289,601377,601382,5,88
601289,601381,601383,2,92
601289,601379,601383,4,90
601289,601379,601383,4,90
601289,601375,601382,7,86
601289,601375,601382,7,86
601289,601381,601384,3,92
601289,601381,601384,3,92
601289,601381,601384,3,92
601289,601381,601384,3,92
601289,601381,601383,2,92
601289,601381,601384,3,92
601289,601380,601383,3,91
601289,601381,601383,2,92
601289,601380,601384,4,91
601289,601382,601384,2,93
601289,601383,601384,1,94
601289,601382,601384,2,93
601306,601383,601385,2,77
601289,601382,601384,2,93
601289,601382,601384,2,93
601306,601384,601386,2,78
601306,601383,601385,2,77
601306,601383,601385,2,77
601306,601384,601386,2,78
601306,601384,601386,2,78
601306,601384,601385,1,78
601306,601384,601386,2,78
601306,601384,601386,2,78
601306,601385,601387,2,79
601306,601387,601390,3,81
600863,600961,601390,429,98
601306,601387,601391,4,81
601306,601386,601391,5,80
601306,601385,601392,7,79
601306,601386,601393,7,80
601306,601390,601392,2,84
601306,601390,601394,4,84
601306,601391,601395,4,85
601306,601385,601395,10,79
601306,601391,601396,5,85
601306,601392,601396,4,86
601306,601393,601396,3,87
601306,601385,601396,11,79
601306,601385,601397,12,79
601306,601385,601397,12,79
601306,601385,601397,12,79
601306,601385,601397,12,79
601306,601385,601397,12,79
601306,601386,601398,12,80
601306,601386,601398,12,80
601306,601386,601397,11,80
601306,601393,601397,4,87
601306,601395,601398,3,89
601306,601386,601398,12,80
601306,601394,601398,4,88
601306,601395,601399,4,89
601306,601396,601399,3,90
601306,601396,601398,2,90
601306,601396,601398,2,90
601306,601396,601399,3,90
601306,601386,601398,12,80
601306,601397,601400,3,91
601306,601397,601401,4,91
601306,601397,601400,3,91
601306,601399,601401,2,93
601306,601398,601402,4,92
601306,601398,601402,4,92
601306,601399,601402,3,93
601306,601398,601403,5,92
601306,601398,601403,5,92
601306,601398,601403,5,92
601306,601399,601403,4,93
601306,601399,601402,3,93
601306,601398,601404,6,92
601306,601398,601404,6,92
601306,601399,601403,4,93
601306,601399,601404,5,93
601306,601402,601404,2,96
601306,601399,601403,4,93
601306,601397,601403,6,91
601306,601401,601404,3,95
601306,601402,601405,3,96
601306,601400,601404,4,94
601306,601401,601404,3,95
601306,601402,601404,2,96
601306,601403,601405,2,97
601306,601401,601404,3,95
601306,601403,601406,3,97
601306,601403,601405,2,97
601308,601405,601406,1,97
601308,601405,601406,1,97
601306,601403,601406,3,97
601306,601404,601406,2,98
601306,601404,601407,3,98
601306,601404,601407,3,98
601306,601403,601406,3,97
601308,601404,601406,2,96
601308,601405,601407,2,97
601308,601405,601407,2,97
601306,601404,601406,2,98
601308,601405,601407,2,97
601308,601404,601406,2,96
601308,601405,601406,1,97
601308,601405,601407,2,97
601308,601406,601409,3,98
601308,601408,601410,2,100
601308,601408,601411,3,100
601308,601409,601412,3,101
601308,601406,601413,7,98
601308,601410,601413,3,102
601308,601407,601415,8,99
601308,601411,601414,3,103
601308,601412,601415,3,104
601308,601413,601416,3,105
601308,601413,601417,4,105
601308,601407,601417,10,99
601308,601407,601417,10,99
601308,601407,601417,10,99
601308,601415,601418,3,107
601308,601407,601418,11,99
601308,601407,601417,10,99
601308,601407,601418,11,99
601308,601407,601418,11,99
601308,601407,601418,11,99
601308,601407,601418,11,99
601308,601407,601419,12,99
601308,601407,601419,12,99
601308,601415,601418,3,107
601308,601417,601419,2,109
601308,601417,601420,3,109
601308,601407,601419,12,99
601308,601416,601420,4,108
601308,601417,601420,3,109
601308,601416,601419,3,108
601308,601417,601421,4,109
601308,601418,601422,4,110
601308,601418,601422,4,110
601308,601418,601421,3,110
601308,601420,601423,3,112
601308,601420,601424,4,112
601308,601419,601424,5,111
601308,601421,601424,3,113
601308,601420,601424,4,112
601308,601420,601424,4,112
601308,601418,601425,7,110
601308,601418,601425,7,110
601308,601419,601424,5,111
601308,601420,601425,5,112
601308,601419,601426,7,111
601308,601419,601425,6,111
601308,601418,601425,7,110
601308,601422,601425,3,114
601308,601423,601427,4,115
601308,601422,601427,5,114
601308,601424,601427,3,116
601308,601422,601427,5,114
601308,601419,601427,8,111
601308,601425,601428,3,117
601308,601425,601428,3,117
601308,601424,601428,4,116
601308,601426,601428,2,118
601308,601424,601427,3,116
601308,601425,601428,3,117
601308,601426,601429,3,118
601308,601424,601428,4,116
601308,601425,601428,3,117
601308,601427,601428,1,119
601308,601424,601428,4,116
601308,601426,601428,2,118
601308,601426,601428,2,118
601335,601427,601428,1,92
601335,601428,601430,2,93
601335,601428,601430,2,93
601335,601427,601429,2,92
601335,601428,601430,2,93
601335,601428,601430,2,93
601335,601428,601431,3,93
601335,601428,601430,2,93
601335,601429,601431,2,94
601335,601429,601433,4,94
601335,601433,601438,5,98
601335,601432,601438,6,97
601335,601429,601439,10,94
601335,601430,601440,10,95
601335,601431,601439,8,96
601335,601429,601440,11,94
601335,601430,601440,10,95
601335,601429,601441,12,94
601335,601429,601442,13,94
601335,601430,601442,12,95
601335,601430,601442,12,95
601335,601438,601442,4,103
601335,601430,601442,12,95
601335,601430,601443,13,95
601335,601440,601443,3,105
601335,601429,601442,13,94
601335,601431,601444,13,96
601335,601439,601443,4,104
601335,601439,601444,5,104
601335,601431,601444,13,96
601335,601441,601444,3,106
601335,601442,601445,3,107
601335,601441,601444,3,106
601335,601442,601445,3,107
601335,601440,601446,6,105
601335,601441,601445,4,106
601335,601442,601446,4,107
601335,601442,601446,4,107
601335,601443,601446,3,108
601335,601443,601445,2,108
601335,601442,601446,4,107
601335,601444,601448,4,109
601335,601443,601447,4,108
601335,601446,601449,3,111
601335,601444,601449,5,109
601335,601446,601449,3,111
601335,601445,601450,5,110
601335,601446,601450,4,111
601335,601445,601450,5,110
601335,601446,601450,4,111
601335,601444,601449,5,109
601335,601446,601450,4,111
601335,601447,601451,4,112
601335,601448,601451,3,113
601335,601445,601450,5,110
601335,601446,601450,4,111
601335,601448,601451,3,113
601335,601444,601451,7,109
601335,601449,601452,3,114
601335,601449,601451,2,114
601335,601444,601452,8,109
601335,601450,601452,2,115
601335,601449,601453,4,114
601335,601450,601453,3,115
601335,601450,601453,3,115
601335,601450,601452,2,115
601335,601450,601452,2,115
601335,601450,601454,4,115
601335,601452,601454,2,117
601335,601451,601454,3,116
601335,601451,601455,4,116
601335,601451,601454,3,116
601335,601451,601454,3,116
601335,601451,601454,3,116
601352,601453,601455,2,101
601335,601451,601454,3,116
601352,601453,601455,2,101
601352,601452,601455,3,100
601352,601452,601454,2,100
601352,601454,601456,2,102
601352,601454,601456,2,102
601352,601454,601456,2,102
601352,601453,601455,2,101
601352,601453,601455,2,101
601352,601455,601458,3,103
601013,601160,601463,303,147
601352,601459,601464,5,107
601352,601456,601465,9,104
601352,601455,601466,11,103
601352,601456,601466,10,104
601352,601456,601468,12,104
601352,601455,601468,13,103
601352,601455,601468,13,103
601352,601455,601468,13,103
601352,601463,601467,4,111
601352,601455,601468,13,103
601352,601455,601468,13,103
601352,601455,601469,14,103
601352,601455,601469,14,103
601352,601455,601468,13,103
601352,601456,601468,12,104
601352,601456,601469,13,104
601352,601466,601470,4,114
601352,601464,601470,6,112
601352,601469,601471,2,117
601352,601469,601471,2,117
601352,601466,601472,6,114
601352,601469,601472,3,117
601352,601466,601472,6,114
601352,601468,601472,4,116
601352,601468,601473,5,116
601352,601469,601472,3,117
601352,601469,601473,4,117
601352,601468,601474,6,116
601352,601469,601473,4,117
601352,601468,601473,5,116
601352,601469,601477,8,117
601352,601470,601477,7,118
601352,601470,601477,7,118
601352,601473,601478,5,121
601352,601473,601478,5,121
601352,601473,601478,5,121
601352,601471,601478,7,119
601352,601472,601479,7,120
601352,601474,601479,5,122
601352,601472,601479,7,120
601352,601472,601478,6,120
601352,601474,601480,6,122
601352,601474,601480,6,122
601352,601478,601480,2,126
601352,601471,601479,8,119
601352,601474,601479,5,122
601352,601478,601481,3,126
601352,601477,601481,4,125
601352,601478,601481,3,126
601352,601479,601482,3,127
601352,601472,601481,9,120
601352,601477,601481,4,125
601352,601478,601482,4,126
601352,601479,601482,3,127
601352,601480,601483,3,128
601352,601481,601483,2,129
601352,601479,601482,3,127
601352,601480,601483,3,128
601352,601479,601483,4,127
601352,601480,601482,2,128
601352,601480,601483,3,128
601352,601480,601482,2,128
601352,601481,601484,3,129
601352,601477,601483,6,125
601352,601481,601484,3,129
601375,601482,601484,2,107
601375,601483,601485,2,108
601375,601482,601485,3,107
601375,601482,601484,2,107
601375,601483,601484,1,108
601375,601482,601484,2,107
601375,601483,601486,3,108
601375,601483,601485,2,108
601375,601483,601485,2,108
601375,601483,601487,4,108
601375,601487,601490,3,112
601375,601483,601491,8,108
601375,601490,601492,2,115
601029,601190,601493,303,161
600948,601064,601493,429,116
601375,601492,601494,2,117
601375,601486,601495,9,111
601375,601485,601495,10,110
601375,601484,601495,11,109
601375,601493,601494,1,118
601375,601484,601496,12,109
601375,601483,601495,12,108
601375,601493,601496,3,118
601375,601492,601495,3,117
601375,601494,601497,3,119
601375,601484,601496,12,109
601375,601485,601496,11,110
601375,601484,601496,12,109
601375,601485,601497,12,110
601375,601486,601497,11,111
601375,601485,601497,12,110
601375,601486,601498,12,111
601375,601485,601497,12,110
601375,601495,601499,4,120
601375,601496,601499,3,121
601375,601496,601499,3,121
601375,601495,601499,4,120
601375,601495,601498,3,120
601375,601496,601498,2,121
601375,601496,601500,4,121
601375,601497,601500,3,122
601375,601496,601499,3,121
601375,601497,601500,3,122
601375,601497,601500,3,122
601375,601497,601501,4,122
601375,601497,601501,4,122
601375,601498,601503,5,123
601375,601497,601503,6,122
601375,601500,601503,3,125
601375,601499,601503,4,124
601375,601499,601503,4,124
601375,601500,601503,3,125
601375,601499,601504,5,124
601375,601499,601504,5,124
601375,601499,601504,5,124
601375,601498,601504,6,123
601375,601499,601503,4,124
601375,601500,601503,3,125
601375,601498,601504,6,123
601375,601500,601503,3,125
601375,601503,601505,2,128
601375,601500,601504,4,125
601375,601501,601504,3,126
601375,601502,601505,3,127
601375,601503,601505,2,128
601375,601503,601506,3,128
601375,601504,601506,2,129
601375,601504,601506,2,129
601375,601503,601506,3,128
601375,601503,601507,4,128
601375,601503,601506,3,128
601375,601504,601507,3,129
601375,601504,601507,3,129
601375,601504,601506,2,129
601375,601504,601507,3,129
601375,601504,601506,2,129
601396,601505,601507,2,109
601396,601505,601507,2,109
601396,601505,601508,3,109
601396,601505,601508,3,109
601375,601504,601507,3,129
601396,601506,601508,2,110
601396,601506,601509,3,110
601396,601506,601508,2,110
601396,601506,601508,2,110
601396,601507,601510,3,111
601396,601507,601510,3,111
600951,601085,601513,428,134
601396,601507,601514,7,111
601396,601511,601515,4,115
601396,601510,601515,5,114
601396,601510,601517,7,114
601396,601507,601517,10,111
601396,601514,601518,4,118
601396,601507,601518,11,111
601396,601513,601518,5,117
601396,601507,601519,12,111
601396,601508,601519,11,112
601396,601515,601519,4,119
601396,601515,601518,3,119
601396,601508,601519,11,112
601396,601507,601519,12,111
601396,601507,601519,12,111
601396,601508,601520,12,112
601396,601517,601520,3,121
601396,601508,601519,11,112
601396,601509,601521,12,113
601396,601509,601521,12,113
601396,601518,601521,3,122
601396,601519,601522,3,123
601396,601517,601521,4,121
601396,601518,601522,4,122
601396,601519,601522,3,123
601396,601518,601521,3,122
601396,601509,601521,12,113
601396,601520,601522,2,124
601396,601520,601523,3,124
601396,601519,601523,4,123
601396,601520,601523,3,124
601396,601519,601522,3,123
601396,601519,601522,3,123
601396,601520,601523,3,124
601396,601523,601526,3,127
601396,601523,601526,3,127
601396,601522,601526,4,126
601396,601521,601526,5,125
601396,601521,601526,5,125
601396,601521,601527,6,125
601396,601522,601526,4,126
601396,601522,601527,5,126
601396,601522,601526,4,126
601396,601523,601527,4,127
601396,601521,601527,6,125
601396,601522,601527,5,126
601396,601523,601527,4,127
601396,601523,601526,3,127
601396,601523,601527,4,127
601396,601523,601527,4,127
601396,601524,601527,3,128
601396,601526,601529,3,130
601396,601526,601529,3,130
601396,601526,601529,3,130
601396,601527,601529,2,131
601396,601527,601530,3,131
601396,601526,601529,3,130
601396,601527,601529,2,131
601396,601527,601530,3,131
601396,601527,601530,3,131
601396,601527,601530,3,131
601396,601527,601530,3,131
601396,601526,601529,3,130
601396,601527,601529,2,131
601396,601527,601529,2,131
601467,601529,601531,2,62
601467,601529,601531,2,62
601467,601529,601532,3,62
601467,601529,601532,3,62
601467,601528,601532,4,61
601467,601529,601533,4,62
601467,601530,601532,2,63
601467,601530,601534,4,63
601467,601530,601537,7,63
601467,601530,601538,8,63
601467,601530,601542,12,63
601467,601531,601542,11,64
601467,601531,601543,12,64
601467,601530,601543,13,63
601467,601531,601543,12,64
601467,601530,601544,14,63
601467,601532,601544,12,65
601467,601530,601543,13,63
601467,601531,601543,12,64
601467,601533,601545,12,66
601467,601532,601545,13,65
601467,601533,601544,11,66
601467,601534,601546,12,67
601467,601532,601545,13,65
600983,601112,601549,437,129
601467,601538,601550,12,71
601467,601537,601551,14,70
601467,601546,601551,5,79
601467,601543,601551,8,76
601467,601544,601552,8,77
601467,601542,601553,11,75
601467,601546,601553,7,79
601467,601544,601553,9,77
601467,601544,601552,8,77
601467,601545,601553,8,78
601467,601545,601554,9,78
601467,601543,601554,11,76
601467,601544,601555,11,77
601467,601549,601555,6,82
601467,601543,601554,11,76
601467,601546,601554,8,79
601467,601553,601555,2,86
601467,601542,601555,13,75
601467,601553,601556,3,86
601467,601553,601556,3,86
601467,601553,601556,3,86
601467,601552,601557,5,85
601467,601554,601557,3,87
601467,601550,601556,6,83
601467,601553,601558,5,86
601467,601555,601558,3,88
601467,601552,601557,5,85
601467,601554,601557,3,87
601467,601552,601557,5,85
601467,601551,601558,7,84
601467,601556,601559,3,89
601467,601556,601560,4,89
601467,601557,601560,3,90
601467,601556,601560,4,89
601467,601555,601560,5,88
601467,601557,601560,3,90
601467,601557,601561,4,90
601467,601556,601561,5,89
601467,601555,601560,5,88
601467,601556,601561,5,89
601467,601558,601562,4,91
600985,601136,601562,426,151
601467,601558,601562,4,91
601467,601555,601561,6,88
601467,601558,601561,3,91
601467,601558,601561,3,91
601467,601560,601561,1,93
601467,601560,601563,3,93
601467,601560,601563,3,93
601467,601558,601562,4,91
601495,601561,601564,3,66
601495,601561,601564,3,66
601495,601561,601563,2,66
601467,601560,601563,3,93
601495,601562,601564,2,67
601467,601559,601563,4,92
601495,601561,601564,3,66
601495,601561,601563,2,66
601495,601562,601565,3,67
601495,601562,601565,3,67
601495,601562,601564,2,67
601495,601562,601566,4,67
601495,601565,601572,7,70
601495,601567,601573,6,72
601495,601562,601573,11,67
601495,601565,601574,9,70
601495,601565,601574,9,70
601495,601563,601575,12,68
601495,601564,601575,11,69
601495,601563,601576,13,68
601495,601564,601576,12,69
601495,601563,601575,12,68
601495,601564,601575,11,69
601495,601564,601575,11,69
601495,601564,601577,13,69
601495,601562,601576,14,67
601495,601564,601576,12,69
601495,601564,601577,13,69
601495,601573,601577,4,78
601495,601564,601577,13,69
601495,601572,601578,6,77
601495,601573,601579,6,78
601495,601574,601580,6,79
601495,601576,601580,4,81
601495,601575,601580,5,80
601495,601575,601580,5,80
601495,601574,601581,7,79
601495,601576,601581,5,81
601495,601576,601583,7,81
601495,601577,601584,7,82
601495,601577,601584,7,82
601495,601577,601584,7,82
601495,601576,601585,9,81
601495,601577,601585,8,82
601495,601577,601585,8,82
601495,601580,601585,5,85
601495,601577,601585,8,82
601495,601578,601586,8,83
601495,601577,601585,8,82
601495,601580,601585,5,85
601495,601581,601586,5,86
601495,601580,601587,7,85
601495,601579,601586,7,84
601495,601580,601587,7,85
601495,601584,601588,4,89
601495,601585,601588,3,90
601495,601581,601588,7,86
601495,601586,601589,3,91
601495,601586,601589,3,91
601495,601585,601589,4,90
601495,601586,601589,3,91
601495,601587,601589,2,92
601495,601584,601589,5,89
601495,601587,601590,3,92
601495,601583,601590,7,88
601495,601588,601590,2,93
601495,601585,601589,4,90
601495,601585,601589,4,90
601495,601586,601589,3,91
601495,601585,601590,5,90
601495,601587,601590,3,92
601495,601589,601591,2,94
601495,601585,601591,6,90
601495,601588,601591,3,93
601495,601589,601592,3,94
601495,601589,601592,3,94
601495,601590,601592,2,95
601495,601589,601591,2,94
601495,601590,601593,3,95
601495,601589,601593,4,94
601495,601590,601593,3,95
601495,601590,601593,3,95
601495,601589,601592,3,94
601495,601590,601593,3,95
601495,601590,601594,4,95
601495,601590,601595,5,95
601495,601591,601597,6,96
601495,601591,601600,9,96
601495,601592,601603,11,97
601495,601592,601603,11,97
601495,601591,601603,12,96
601495,601591,601603,12,96
601495,601592,601604,12,97
601495,601592,601604,12,97
601495,601593,601605,12,98
601495,601593,601605,12,98
601495,601593,601605,12,98
601495,601592,601605,13,97
601495,601593,601605,12,98
601495,601593,601606,13,98
601495,601595,601605,10,100
601495,601594,601606,12,99
601495,601594,601606,12,99
601495,601597,601607,10,102
601495,601605,601609,4,110
601495,601600,601609,9,105
601495,601605,601609,4,110
601495,601605,601609,4,110
601495,601606,601610,4,111
601495,601606,601610,4,111
601495,601606,601610,4,111
601495,601603,601610,7,108
601495,601607,601611,4,112
601495,601603,601611,8,108
601495,601604,601612,8,109
601495,601604,601612,8,109
601495,601610,601612,2,115
601495,601604,601612,8,109
601495,601603,601612,9,108
601495,601609,601613,4,114
601495,601607,601612,5,112
601495,601609,601613,4,114
601495,601609,601613,4,114
601495,601611,601613,2,116
601495,601605,601614,9,110
601495,601611,601613,2,116
601495,601609,601614,5,114
601495,601610,601613,3,115
601495,601610,601613,3,115
601495,601612,601615,3,117
601495,601605,601614,9,110
601495,601610,601614,4,115
601495,601612,601615,3,117
601495,601612,601615,3,117
601495,601613,601616,3,118
601495,601613,601616,3,118
601495,601612,601617,5,117
601495,601614,601616,2,119
601495,601614,601617,3,119
601495,601614,601617,3,119
601495,601613,601617,4,118
601495,601614,601617,3,119
601495,601613,601617,4,118
601495,601616,601617,1,121
601495,601613,601618,5,118
601495,601614,601617,3,119
601495,601615,601618,3,120
601495,601615,601618,3,120
601495,601613,601617,4,118
601495,601616,601619,3,121
601495,601615,601618,3,120
601519,601617,601619,2,98
601495,601616,601618,2,121
601519,601617,601620,3,98
601519,601617,601621,4,98
601519,601617,601621,4,98
601519,601618,601621,3,99
601519,601617,601620,3,98
601519,601617,601620,3,98
601519,601617,601620,3,98
601519,601618,601622,4,99
601519,601618,601623,5,99
601179,601293,601625,332,114
601519,601618,601628,10,99
601519,601619,601630,11,100
601519,601618,601630,12,99
601519,601619,601631,12,100
601519,601620,601631,11,101
601519,601619,601632,13,100
601519,601621,601633,12,102
601519,601621,601633,12,102
601519,601622,601633,11,103
601519,601621,601634,13,102
601519,601621,601634,13,102
601519,601622,601633,11,103
601519,601621,601635,14,102
601519,601623,601635,12,104
601519,601622,601635,13,103
601519,601630,601637,7,111
601519,601625,601636,11,106
601519,601632,601638,6,113
601519,601631,601638,7,112
601519,601633,601639,6,114
601519,601630,601640,10,111
601519,601628,601640,12,109
601519,601631,601639,8,112
601519,601633,601640,7,114
601519,601633,601641,8,114
601519,601634,601643,9,115
601519,601634,601643,9,115
601519,601634,601643,9,115
601519,601640,601644,4,121
601519,601640,601644,4,121
601519,601640,601644,4,121
601519,601637,601645,8,118
601519,601635,601645,10,116
601519,601635,601645,10,116
601519,601637,601645,8,118
601519,601639,601646,7,120
601519,601640,601645,5,121
601519,601638,601646,8,119
601519,601639,601648,9,120
601519,601636,601648,12,117
601519,601645,601648,3,126
601519,601642,601648,6,123
601519,601643,601649,6,124
601030,601218,601649,431,188
601519,601646,601649,3,127
601519,601644,601649,5,125
601519,601646,601649,3,127
601519,601646,601649,3,127
601519,601645,601650,5,126
601519,601645,601650,5,126
601519,601645,601650,5,126
601519,601644,601650,6,125
601519,601643,601651,8,124
601519,601644,601650,6,125
601519,601648,601651,3,129
601519,601649,601651,2,130
601519,601643,601651,8,124
601519,601648,601650,2,129
601519,601649,601652,3,130
601519,601648,601651,3,129
601519,601649,601652,3,130
601519,601649,601652,3,130
601519,601649,601653,4,130
601519,601650,601653,3,131
601519,601649,601652,3,130
601550,601651,601653,2,101
601519,601649,601652,3,130
601550,601651,601654,3,101
601550,601651,601654,3,101
601550,601650,601654,4,100
601550,601650,601653,3,100
601550,601651,601655,4,101
601550,601651,601655,4,101
601550,601651,601654,3,101
601550,601652,601657,5,102
601550,601652,601659,7,102
601550,601652,601664,12,102
601550,601652,601664,12,102
601550,601653,601664,11,103
601550,601653,601665,12,103
601550,601653,601665,12,103
601550,601654,601665,11,104
601550,601654,601666,12,104
601550,601654,601666,12,104
601550,601653,601667,14,103
601550,601654,601667,13,104
601550,601653,601667,14,103
601550,601655,601668,13,105
601550,601655,601669,14,105
601550,601657,601668,11,107
601036,601242,601669,427,206
601550,601655,601670,15,105
601550,601659,601670,11,109
601550,601666,601674,8,116
601289,601383,601674,291,94
601550,601667,601674,7,117
601550,601664,601675,11,114
601550,601664,601675,11,114
601550,601665,601675,10,115
601550,601664,601676,12,114
601550,601667,601676,9,117
601550,601666,601676,10,116
601550,601666,601676,10,116
601550,601667,601676,9,117
601550,601669,601676,7,119
601550,601667,601678,11,117
601550,601675,601678,3,125
601550,601668,601677,9,118
601550,601669,601678,9,119
601550,601669,601678,9,119
601550,601675,601679,4,125
601550,601676,601679,3,126
601550,601675,601679,4,125
601550,601674,601678,4,124
601550,601674,601680,6,124
601550,601671,601679,8,121
601550,601674,601679,5,124
601550,601676,601679,3,126
601550,601670,601681,11,120
601550,601680,601682,2,130
601550,601677,601682,5,127
601550,601677,601681,4,127
601550,601679,601682,3,129
601550,601679,601682,3,129
601550,601679,601683,4,129
601550,601678,601683,5,128
601550,601679,601683,4,129
601550,601680,601683,3,130
601550,601679,601682,3,129
601550,601677,601683,6,127
601550,601680,601684,4,130
601550,601680,601683,3,130
601550,601678,601684,6,128
601550,601682,601684,2,132
601550,601677,601683,6,127
601550,601678,601683,5,128
601550,601678,601684,6,128
601550,601681,601685,4,131
601550,601682,601685,3,132
601550,601682,601684,2,132
601550,601683,601685,2,133
601563,601684,601686,2,121
601550,601682,601685,3,132
601563,601683,601686,3,120
601550,601682,601685,3,132
601563,601684,601686,2,121
601563,601684,601687,3,121
601563,601684,601687,3,121
601563,601683,601687,4,120
601563,601684,601687,3,121
601563,601683,601687,4,120
601563,601684,601689,5,121
601563,601684,601691,7,121
601138,601267,601691,424,129
601563,601686,601696,10,123
601563,601685,601697,12,122
601563,601686,601698,12,123
601563,601686,601698,12,123
601563,601686,601698,12,123
601563,601686,601699,13,123
601563,601687,601699,12,124
601563,601686,601698,12,123
601563,601684,601699,15,121
601563,601687,601699,12,124
601563,601687,601699,12,124
601563,601687,601700,13,124
601563,601687,601700,13,124
601563,601685,601699,14,122
601563,601691,601701,10,128
601563,601689,601701,12,126
601563,601688,601700,12,125
601563,601691,601703,12,128
601563,601701,601706,5,138
601563,601701,601706,5,138
601563,601698,601707,9,135
601563,601702,601707,5,139
601563,601700,601707,7,137
601563,601699,601707,8,136
601563,601698,601707,9,135
601563,601700,601707,7,137
601563,601699,601708,9,136
601563,601699,601708,9,136
601563,601699,601707,8,136
601563,601697,601707,10,134
601563,601706,601708,2,143
601563,601699,601708,9,136
601563,601700,601709,9,137
601563,601697,601710,13,134
601563,601704,601709,5,141
601563,601706,601710,4,143
601563,601699,601710,11,136
601563,601698,601709,11,135
601563,601707,601710,3,144
601563,601707,601711,4,144
601563,601707,601710,3,144
601563,601707,601711,4,144
601563,601707,601711,4,144
601563,601708,601712,4,145
601563,601707,601713,6,144
601563,601708,601713,5,145
601563,601708,601713,5,145
601563,601708,601713,5,145
601563,601710,601713,3,147
601563,601708,601713,5,145
601563,601710,601713,3,147
601563,601710,601714,4,147
601563,601710,601714,4,147
601563,601710,601714,4,147
601563,601710,601713,3,147
601563,601711,601715,4,148
601563,601713,601715,2,150
601563,601712,601714,2,149
601563,601713,601715,2,150
601563,601709,601714,5,146
601563,601709,601714,5,146
601563,601711,601714,3,148
601563,601711,601714,3,148
601563,601713,601715,2,150
601563,601712,601714,2,149
601631,601713,601716,3,82
601631,601713,601717,4,82
601631,601714,601717,3,83
601631,601714,601717,3,83
601631,601713,601717,4,82
601631,601714,601718,4,83
601631,601714,601717,3,83
601631,601715,601719,4,84
601631,601715,601719,4,84
601306,601404,601721,317,98
601631,601715,601725,10,84
601631,601715,601725,10,84
601631,601715,601727,12,84
601631,601715,601727,12,84
601631,601715,601727,12,84
601631,601715,601728,13,84
601631,601715,601727,12,84
601631,601716,601728,12,85
601631,601718,601729,11,87
601631,601717,601729,12,86
601631,601717,601730,13,86
601631,601715,601730,15,84
601631,601719,601730,11,88
601631,601721,601731,10,90
601631,601718,601731,13,87
601631,601717,601732,15,86
601631,601717,601732,15,86
601631,601730,601733,3,99
601631,601719,601734,15,88
601631,601730,601734,4,99
601631,601725,601734,9,94
601631,601731,601733,2,100
601631,601730,601733,3,99
601631,601726,601735,9,95
601631,601731,601735,4,100
601631,601733,601735,2,102
601631,601728,601736,8,97
601631,601728,601736,8,97
601631,601728,601736,8,97
601631,601732,601735,3,101
601631,601734,601737,3,103
601631,601729,601736,7,98
601631,601729,601737,8,98
601631,601732,601736,4,101
601631,601727,601736,9,96
601631,601727,601736,9,96
601631,601728,601736,8,97
601631,601734,601738,4,103
601631,601734,601738,4,103
601631,601734,601737,3,103
601631,601736,601738,2,105
601631,601734,601739,5,103
601631,601735,601738,3,104
601631,601735,601739,4,104
601211,601316,601739,423,105
601631,601735,601738,3,104
601631,601737,601738,1,106
601631,601736,601739,3,105
601631,601737,601740,3,106
601631,601738,601740,2,107
601631,601736,601739,3,105
601631,601737,601740,3,106
601631,601737,601739,2,106
601631,601736,601739,3,105
601631,601739,601741,2,108
601631,601738,601741,3,107
601631,601738,601741,3,107
601631,601737,601740,3,106
601631,601740,601742,2,109
601631,601738,601742,4,107
601631,601738,601742,4,107
601631,601739,601742,3,108
601631,601738,601742,4,107
601631,601739,601742,3,108
601631,601740,601742,2,109
601631,601739,601743,4,108
601650,601740,601743,3,90
601650,601740,601742,2,90
601650,601741,601742,1,91
601650,601740,601744,4,90
601650,601741,601744,3,91
601650,601740,601743,3,90
601631,601740,601743,3,109
601650,601740,601744,4,90
601650,601741,601744,3,91
601650,601742,601745,3,92
601650,601742,601748,6,92
601650,601742,601751,9,92
601650,601743,601753,10,93
601650,601742,601754,12,92
601650,601743,601754,11,93
601650,601742,601754,12,92
601650,601742,601754,12,92
601650,601745,601755,10,95
601650,601744,601754,10,94
601650,601744,601754,10,94
601650,601743,601756,13,93
601650,601748,601756,8,98
601650,601744,601756,12,94
601650,601742,601756,14,92
601650,601743,601756,13,93
601650,601746,601757,11,96
601650,601744,601756,12,94
601650,601744,601756,12,94
601650,601755,601758,3,105
601650,601756,601758,2,106
601650,601744,601757,13,94
601650,601756,601758,2,106
601650,601756,601759,3,106
601650,601751,601759,8,101
601650,601756,601759,3,106
601650,601756,601760,4,106
601650,601756,601760,4,106
601650,601757,601760,3,107
601650,601755,601761,6,105
601650,601757,601761,4,107
601650,601758,601761,3,108
601650,601758,601761,3,108
601650,601757,601761,4,107
601650,601758,601762,4,108
601650,601754,601762,8,104
601650,601754,601762,8,104
601650,601753,601761,8,103
601650,601754,601761,7,104
601650,601760,601763,3,110
601650,601759,601763,4,109
601650,601759,601762,3,109
601650,601761,601763,2,111
601650,601761,601763,2,111
601650,601758,601762,4,108
601650,601760,601764,4,110
601650,601760,601764,4,110
601650,601759,601763,4,109
601650,601761,601763,2,111
601650,601761,601764,3,111
601650,601762,601765,3,112
601650,601762,601765,3,112
601650,601754,601764,10,104
601650,601762,601764,2,112
601650,601763,601765,2,113
601650,601762,601766,4,112
601650,601763,601766,3,113
601650,601763,601766,3,113
601650,601762,601766,4,112
601650,601762,601766,4,112
601650,601763,601767,4,113
601650,601764,601767,3,114
601650,601764,601767,3,114
601650,601763,601766,3,113
601650,601764,601767,3,114
601670,601765,601767,2,95
601650,601763,601766,3,113
601650,601764,601766,2,114
601670,601765,601768,3,95
601670,601765,601768,3,95
601670,601765,601769,4,95
601670,601766,601769,3,96
601670,601765,601768,3,95
601670,601766,601770,4,96
601670,601766,601771,5,96
601670,601766,601771,5,96
601670,601766,601772,6,96
601214,601338,601773,435,124
601670,601767,601776,9,97
601670,601767,601777,10,97
601670,601767,601778,11,97
601670,601767,601779,12,97
601670,601767,601780,13,97
601670,601768,601779,11,98
601670,601767,601780,13,97
601670,601767,601781,14,97
601670,601769,601781,12,99
601670,601771,601781,10,101
601670,601769,601781,12,99
601670,601770,601782,12,100
601335,601452,601781,329,117
601670,601769,601781,12,99
601670,601769,601782,13,99
601670,601772,601781,9,102
601670,601767,601782,15,97
601670,601773,601783,10,103
601670,601771,601783,12,101
601670,601781,601784,3,111
601239,601360,601784,424,121
601670,601781,601784,3,111
601670,601781,601784,3,111
601670,601782,601785,3,112
601670,601782,601785,3,112
601670,601782,601784,2,112
601670,601782,601786,4,112
601670,601776,601786,10,106
601670,601778,601786,8,108
601670,601782,601785,3,112
601670,601777,601785,8,107
601670,601783,601787,4,113
601670,601782,601787,5,112
601670,601783,601786,3,113
601670,601784,601788,4,114
601670,601784,601787,3,114
601670,601786,601787,1,116
601670,601785,601788,3,115
601670,601781,601787,6,111
601670,601786,601788,2,116
601670,601786,601788,2,116
601670,601785,601788,3,115
601670,601787,601789,2,117
601670,601780,601789,9,110
601670,601785,601788,3,115
601670,601787,601789,2,117
601670,601785,601788,3,115
601670,601786,601788,2,116
601670,601787,601790,3,117
601670,601779,601789,10,109
601670,601786,601789,3,116
601670,601788,601790,2,118
601670,601789,601791,2,119
601670,601788,601791,3,118
601670,601787,601791,4,117
601670,601788,601791,3,118
601670,601788,601791,3,118
601670,601780,601790,10,110
601670,601780,601790,10,110
601670,601789,601792,3,119
601670,601789,601792,3,119
601670,601788,601791,3,118
601670,601788,601791,3,118
601670,601788,601791,3,118
601670,601789,601791,2,119
601675,601791,601793,2,116
601675,601791,601793,2,116
601675,601790,601793,3,115
601670,601789,601792,3,119
601675,601791,601792,1,116
601675,601791,601794,3,116
601675,601790,601794,4,115
601670,601789,601793,4,119
601675,601790,601794,4,115
601675,601791,601794,3,116
601675,601791,601795,4,116
601352,601482,601797,315,130
601675,601791,601800,9,116
601675,601792,601802,10,117
601675,601792,601802,10,117
601675,601791,601803,12,116
601675,601793,601803,10,118
601675,601792,601803,11,117
601675,601793,601803,10,118
601675,601792,601805,13,117
601675,601792,601805,13,117
601675,601792,601805,13,117
601675,601793,601804,11,118
601675,601793,601806,13,118
601675,601793,601806,13,118
601675,601794,601806,12,119
601675,601797,601807,10,122
601675,601794,601806,12,119
601675,601794,601808,14,119
601675,601794,601807,13,119
601675,601794,601808,14,119
601675,601800,601810,10,125
601675,601803,601810,7,128
601675,601807,601810,3,132
601675,601796,601809,13,121
601675,601807,601811,4,132
601675,601805,601812,7,130
601675,601806,601811,5,131
601675,601802,601811,9,127
601675,601806,601811,5,131
601675,601803,601812,9,128
601675,601807,601813,6,132
601675,601805,601813,8,130
601675,601803,601813,10,128
601675,601811,601814,3,136
601675,601805,601814,9,130
601675,601808,601813,5,133
601675,601808,601814,6,133
601675,601805,601813,8,130
601675,601810,601814,4,135
601675,601805,601813,8,130
601675,601808,601815,7,133
601675,601804,601814,10,129
601675,601810,601815,5,135
601675,601811,601814,3,136
601675,601812,601816,4,137
601675,601814,601816,2,139
601675,601813,601816,3,138
601675,601814,601817,3,139
601675,601814,601817,3,139
601675,601814,601816,2,139
601675,601812,601816,4,137
601675,601814,601817,3,139
601675,601814,601817,3,139
601675,601813,601817,4,138
601675,601811,601816,5,136
601675,601813,601817,4,138
601675,601812,601818,6,137
601675,601814,601817,3,139
601675,601812,601817,5,137
601675,601814,601817,3,139
601675,601815,601819,4,140
601675,601815,601819,4,140
601675,601816,601818,2,141
601696,601817,601819,2,121
601675,601817,601819,2,142
601675,601816,601818,2,141
601675,601816,601818,2,141
601675,601815,601818,3,140
601696,601817,601820,3,121
601696,601817,601819,2,121
601696,601817,601819,2,121
601696,601817,601821,4,121
601696,601817,601821,4,121
601696,601817,601820,3,121
601375,601505,601820,315,130
601696,601817,601820,3,121
601696,601818,601824,6,122
601696,601818,601824,6,122
601696,601819,601829,10,123
601696,601819,601829,10,123
601696,601820,601830,10,124
601696,601819,601829,10,123
601696,601820,601831,11,124
601696,601819,601831,12,123
601696,601820,601831,11,124
601696,601819,601831,12,123
601696,601818,601831,13,122
601696,601819,601832,13,123
601696,601821,601831,10,125
601696,601821,601832,11,125
601696,601819,601832,13,123
601696,601819,601832,13,123
601696,601818,601833,15,122
601696,601821,601833,12,125
601696,601821,601832,11,125
601696,601832,601834,2,136
601696,601824,601833,9,128
601696,601821,601834,13,125
601696,601832,601835,3,136
601696,601832,601834,2,136
601696,601831,601836,5,135
601696,601831,601836,5,135
601696,601831,601836,5,135
601696,601832,601836,4,136
601696,601834,601836,2,138
601696,601832,601837,5,136
601696,601833,601837,4,137
601696,601825,601836,11,129
601696,601831,601838,7,135
601696,601834,601838,4,138
601696,601833,601837,4,137
601696,601836,601838,2,140
601696,601834,601838,4,138
601696,601833,601837,4,137
601696,601829,601839,10,133
601696,601830,601838,8,134
601696,601830,601839,9,134
601696,601837,601838,1,141
601696,601835,601839,4,139
601696,601831,601839,8,135
601696,601836,601839,3,140
601696,601836,601839,3,140
601696,601837,601839,2,141
601696,601837,601840,3,141
601696,601838,601839,1,142
601696,601830,601839,9,134
601696,601836,601839,3,140
601696,601837,601839,2,141
601696,601838,601841,3,142
601696,601839,601841,2,143
601696,601839,601841,2,143
601696,601836,601840,4,140
601696,601838,601840,2,142
601696,601839,601842,3,143
601696,601839,601841,2,143
601696,601839,601841,2,143
601696,601838,601841,3,142
601696,601838,601842,4,142
601696,601839,601842,3,143
601696,601838,601843,5,142
601696,601839,601842,3,143
601727,601840,601842,2,113
601727,601841,601842,1,114
601696,601839,601842,3,143
601727,601840,601842,2,113
601727,601840,601842,2,113
601727,601841,601842,1,114
601696,601839,601843,4,143
601727,601840,601843,3,113
601727,601841,601843,2,114
601727,601841,601845,4,114
601727,601841,601846,5,114
601727,601842,601848,6,115
601727,601842,601852,10,115
601727,601842,601853,11,115
601727,601842,601853,11,115
601727,601843,601854,11,116
601727,601843,601855,12,116
601727,601844,601854,10,117
601727,601844,601854,10,117
601727,601842,601856,14,115
601727,601843,601856,13,116
601727,601843,601856,13,116
601727,601842,601856,14,115
601727,601843,601857,14,116
601727,601844,601857,13,117
601727,601843,601858,15,116
601727,601844,601857,13,117
601727,601844,601857,13,117
601727,601845,601859,14,118
601727,601848,601860,12,121
601727,601853,601861,8,126
601727,601847,601861,14,120
601727,601852,601861,9,125
601727,601854,601863,9,127
601727,601858,601863,5,131
601727,601855,601862,7,128
601727,601855,601863,8,128
601727,601857,601863,6,130
601727,601855,601863,8,128
601727,601858,601863,5,131
601727,601858,601863,5,131
601727,601856,601865,9,129
601727,601856,601865,9,129
601727,601856,601865,9,129
601727,601856,601864,8,129
601727,601855,601864,9,128
601727,601857,601865,8,130
601727,601861,601866,5,134
601727,601860,601865,5,133
601727,601861,601867,6,134
601308,601427,601868,441,119
601727,601864,601868,4,137
601727,601865,601868,3,138
601727,601865,601868,3,138
601727,601863,601869,6,136
601727,601866,601868,2,139
601727,601865,601869,4,138
601727,601863,601869,6,136
601727,601866,601869,3,139
601727,601863,601868,5,136
601727,601866,601868,2,139
601727,601867,601869,2,140
601727,601859,601868,9,132
601727,601861,601868,7,134
601727,601863,601869,6,136
601727,601863,601870,7,136
601727,601868,601870,2,141
601727,601865,601869,4,138
601727,601866,601869,3,139
601727,601868,601871,3,141
601727,601868,601871,3,141
601727,601865,601870,5,138
601727,601865,601870,5,138
601727,601869,601870,1,142
601727,601869,601870,1,142
601727,601869,601872,3,142
601740,601869,601871,2,129
601740,601869,601871,2,129
601740,601870,601872,2,130
601727,601869,601872,3,142
601740,601869,601872,3,129
601727,601868,601871,3,141
601740,601869,601873,4,129
601740,601870,601872,2,130
601740,601870,601873,3,130
601740,601869,601872,3,129
601740,601870,601874,4,130
601740,601870,601880,10,130
601740,601872,601882,10,132
601740,601872,601882,10,132
601740,601871,601882,11,131
601740,601872,601883,11,132
601740,601872,601882,10,132
601740,601872,601883,11,132
601740,601872,601882,10,132
601740,601872,601883,11,132
601740,601871,601883,12,131
601740,601873,601884,11,133
601740,601873,601883,10,133
601740,601872,601884,12,132
601740,601874,601883,9,134
601740,601872,601884,12,132
601740,601871,601883,12,131
601740,601874,601883,9,134
601740,601873,601885,12,133
601740,601871,601885,14,131
601740,601884,601886,2,144
601740,601884,601886,2,144
601740,601883,601887,4,143
601740,601884,601887,3,144
601740,601884,601888,4,144
601740,601884,601888,4,144
601740,601884,601888,4,144
601740,601885,601889,4,145
601740,601883,601889,6,143
601740,601886,601889,3,146
601740,601884,601888,4,144
601740,601883,601890,7,143
601740,601882,601890,8,142
601740,601886,601889,3,146
601740,601880,601890,10,140
601740,601885,601891,6,145
601740,601883,601890,7,143
601740,601888,601891,3,148
601740,601887,601892,5,147
601740,601882,601891,9,142
601740,601889,601891,2,149
601740,601890,601892,2,150
601740,601889,601891,2,149
601740,601890,601891,1,150
601740,601890,601892,2,150
601740,601883,601891,8,143
601740,601883,601891,8,143
601740,601891,601893,2,151
601740,601888,601893,5,148
601740,601883,601892,9,143
601740,601889,601892,3,149
601740,601888,601892,4,148
601740,601888,601892,4,148
601740,601892,601894,2,152
601740,601890,601894,4,150
601740,601889,601893,4,149
601740,601892,601894,2,152
601740,601892,601895,3,152
601740,601891,601895,4,151
601740,601892,601894,2,152
601740,601892,601894,2,152
601740,601892,601894,2,152
601740,601893,601895,2,153
601740,601892,601895,3,152
601740,601892,601895,3,152
601740,601892,601894,2,152
601778,601893,601896,3,115
601778,601893,601896,3,115
601740,601892,601895,3,152
601778,601893,601896,3,115
601778,601894,601896,2,116
601778,601894,601896,2,116
601778,601894,601896,2,116
601778,601895,601898,3,117
601778,601895,601897,2,117
601778,601894,601898,4,116
601778,601895,601902,7,117
601778,601897,601906,9,119
601778,601895,601905,10,117
601778,601895,601905,10,117
601778,601895,601905,10,117
601778,601895,601905,10,117
601778,601896,601907,11,118
601778,601895,601907,12,117
601778,601898,601907,9,120
601778,601895,601908,13,117
601778,601896,601908,12,118
601778,601895,601908,13,117
601778,601898,601908,10,120
601778,601896,601908,12,118
601778,601897,601908,11,119
601778,601897,601908,11,119
601778,601898,601908,10,120
601778,601898,601911,13,120
601778,601903,601912,9,125
601778,601908,601912,4,130
601778,601910,601912,2,132
601778,601908,601913,5,130
601778,601909,601913,4,131
601778,601906,601913,7,128
601778,601909,601913,4,131
601778,601907,601914,7,129
601778,601907,601914,7,129
601778,601909,601913,4,131
601778,601909,601914,5,131
601778,601907,601914,7,129
601778,601907,601915,8,129
601778,601908,601915,7,130
601778,601906,601914,8,128
601778,601907,601914,7,129
601778,601907,601915,8,129
601778,601911,601915,4,133
601778,601913,601916,3,135
601778,601915,601917,2,137
601778,601912,601917,5,134
601778,601913,601917,4,135
601778,601914,601917,3,136
601778,601912,601916,4,134
601778,601914,601917,3,136
601778,601912,601917,5,134
601778,601913,601918,5,135
601778,601914,601917,3,136
601778,601915,601917,2,137
601778,601915,601918,3,137
601778,601914,601917,3,136
601778,601917,601919,2,139
601778,601915,601918,3,137
601778,601914,601918,4,136
601778,601915,601920,5,137
601778,601918,601920,2,140
601778,601917,601920,3,139
601778,601917,601919,2,139
601778,601918,601920,2,140
601778,601918,601920,2,140
601778,601917,601921,4,139
601778,601917,601921,4,139
601778,601918,601921,3,140
601778,601918,601920,2,140
601782,601919,601921,2,137
601778,601917,601920,3,139
601495,601616,601920,304,121
601778,601918,601920,2,140
601778,601918,601920,2,140
601778,601917,601921,4,139
601782,601919,601922,3,137
601782,601920,601923,3,138
601782,601920,601923,3,138
601782,601920,601922,2,138
601782,601920,601923,3,138
601782,601920,601922,2,138
601782,601919,601924,5,137
601782,601920,601924,4,138
601782,601921,601929,8,139
601782,601921,601931,10,139
601782,601921,601932,11,139
601782,601921,601932,11,139
601782,601921,601933,12,139
601782,601922,601932,10,140
601782,601922,601932,10,140
601782,601924,601933,9,142
601782,601921,601934,13,139
601782,601924,601934,10,142
601782,601923,601933,10,141
601782,601923,601933,10,141
601782,601922,601935,13,140
601782,601924,601936,12,142
601782,601922,601936,14,140
601782,601921,601936,15,139
601782,601923,601938,15,141
601782,601929,601938,9,147
601782,601923,601937,14,141
601782,601931,601940,9,149
601782,601933,601940,7,151
601782,601932,601940,8,150
601782,601935,601941,6,153
601782,601936,601941,5,154
601782,601933,601940,7,151
601782,601933,601941,8,151
601782,601936,601941,5,154
601782,601932,601942,10,150
601782,601934,601943,9,152
601782,601933,601943,10,151
601782,601935,601942,7,153
601782,601936,601944,8,154
601782,601936,601943,7,154
601782,601940,601945,5,158
601782,601934,601945,11,152
601782,601938,601945,7,156
601782,601940,601946,6,158
601782,601943,601946,3,161
601782,601942,601945,3,160
601782,601938,601946,8,156
601782,601938,601946,8,156
601782,601941,601946,5,159
601782,601943,601947,4,161
601782,601941,601946,5,159
601782,601941,601946,5,159
601782,601945,601947,2,163
601782,601943,601946,3,161
601782,601944,601947,3,162
601782,601941,601947,6,159
601782,601941,601947,6,159
601782,601946,601948,2,164
601782,601946,601948,2,164
601782,601945,601948,3,163
601782,601941,601947,6,159
601782,601944,601948,4,162
601782,601946,601948,2,164
601782,601945,601949,4,163
601785,601948,601950,2,163
601782,601946,601950,4,164
601782,601947,601949,2,165
601782,601947,601949,2,165
601782,601947,601950,3,165
601782,601946,601950,4,164
601782,601946,601949,3,164
601782,601947,601951,4,165
601782,601947,601950,3,165
601785,601948,601950,2,163
601785,601948,601951,3,163
601785,601948,601950,2,163
601782,601947,601950,3,165
601785,601949,601951,2,164
601785,601948,601952,4,163
601785,601948,601951,3,163
601785,601950,601953,3,165
601785,601949,601954,5,164
601785,601950,601956,6,165
601785,601950,601958,8,165
601785,601950,601961,11,165
601785,601951,601961,10,166
601785,601950,601962,12,165
601785,601950,601961,11,165
601785,601951,601963,12,166
601785,601953,601963,10,168
601785,601951,601962,11,166
601785,601951,601963,12,166
601785,601951,601963,12,166
601785,601951,601963,12,166
601785,601951,601964,13,166
601785,601952,601963,11,167
601785,601953,601965,12,168
601785,601956,601966,10,171
601785,601958,601967,9,173
601397,601528,601966,438,131
601785,601952,601968,16,167
601785,601964,601968,4,179
601785,601964,601968,4,179
601785,601961,601969,8,176
601785,601965,601969,4,180
601785,601966,601970,4,181
601785,601961,601970,9,176
601785,601963,601969,6,178
601785,601962,601970,8,177
601785,601954,601969,15,169
601785,601964,601970,6,179
601785,601963,601970,7,178
601785,601967,601970,3,182
601785,601963,601971,8,178
601785,601963,601972,9,178
601785,601963,601971,8,178
601785,601968,601973,5,183
601785,601967,601973,6,182
601785,601970,601973,3,185
601785,601962,601972,10,177
601785,601970,601974,4,185
601785,601969,601973,4,184
601785,601971,601974,3,186
601785,601971,601973,2,186
601785,601970,601974,4,185
601785,601970,601975,5,185
601785,601970,601974,4,185
601785,601968,601975,7,183
601785,601968,601974,6,183
601785,601971,601975,4,186
601785,601973,601976,3,188
601785,601974,601976,2,189
601785,601972,601976,4,187
601785,601973,601975,2,188
601785,601974,601976,2,189
601785,601970,601975,5,185
601785,601969,601975,6,184
601785,601972,601976,4,187
601785,601973,601977,4,188
601785,601973,601976,3,188
601785,601975,601977,2,190
601785,601974,601976,2,189
601785,601974,601976,2,189
601785,601974,601978,4,189
601785,601975,601978,3,190
601785,601976,601978,2,191
601805,601976,601979,3,171
601805,601976,601978,2,171
601805,601976,601979,3,171
601785,601975,601979,4,190
601785,601975,601978,3,190
601805,601977,601979,2,172
601785,601975,601978,3,190
601805,601976,601980,4,171
601805,601977,601979,2,172
601805,601977,601979,2,172
601467,601560,601980,420,93
601805,601976,601980,4,171
601805,601977,601981,4,172
601805,601977,601983,6,172
601805,601977,601987,10,172
601805,601979,601988,9,174
601805,601978,601990,12,173
601805,601978,601990,12,173
601805,601979,601989,10,174
601805,601982,601990,8,177
601805,601980,601990,10,175
601805,601983,601991,8,178
601805,601979,601991,12,174
601805,601978,601991,13,173
601805,601980,601990,10,175
601805,601981,601992,11,176
601805,601980,601992,12,175
601805,601979,601991,12,174
601805,601980,601991,11,175
601805,601980,601992,12,175
601805,601979,601993,14,174
601805,601988,601996,8,183
601805,601988,601996,8,183
601805,601991,601996,5,186
601805,601992,601996,4,187
601805,601982,601996,14,177
601805,601992,601997,5,187
601805,601992,601997,5,187
601805,601990,601997,7,185
601805,601991,601998,7,186
601805,601991,601998,7,186
601805,601990,601997,7,185
601805,601990,601999,9,185
601805,601991,601999,8,186
601805,601990,601999,9,185
601805,601990,602000,10,185
601805,601992,601999,7,187
601805,601992,602000,8,187
601805,601999,602001,2,194
601805,601996,602001,5,191
601805,601993,602002,9,188
601805,601996,602001,5,191
601805,601999,602002,3,194
601805,601998,602003,5,193
601805,601998,602003,5,193
601805,602001,602003,2,196
601805,601999,602003,4,194
601805,601997,602003,6,192
601805,601999,602003,4,194
601805,602000,602004,4,195
601805,602000,602003,3,195
601805,601997,602004,7,192
601805,602002,602004,2,197
601805,601996,602004,8,191
601805,601996,602003,7,191
601805,601996,602003,7,191
601805,602001,602003,2,196
601805,602003,602004,1,198
601805,602000,602003,3,195
601805,602002,602005,3,197
601805,602002,602005,3,197
601805,602003,602005,2,198
601805,601998,602004,6,193
601805,602003,602005,2,198
601805,602003,602006,3,198
601805,602003,602006,3,198
601805,602003,602006,3,198
601830,602004,602007,3,174
601830,602004,602006,2,174
601805,602004,602007,3,199
601830,602004,602006,2,174
601830,602004,602007,3,174
601805,602004,602007,3,199
601830,602004,602007,3,174
601830,602004,602007,3,174
601830,602004,602007,3,174
601830,602005,602008,3,175
601830,602005,602009,4,175
601830,602005,602010,5,175
601830,602005,602015,10,175
601830,602006,602017,11,176
601830,602007,602017,10,177
601830,602007,602017,10,177
601830,602006,602018,12,176
601830,602009,602018,9,179
601830,602007,602018,11,177
601830,602008,602019,11,178
601830,602007,602019,12,177
601830,602006,602019,13,176
601830,602006,602019,13,176
601830,602008,602019,11,178
601830,602008,602020,12,178
601830,602008,602019,11,178
601830,602008,602021,13,178
601830,602010,602022,12,180
601830,602007,602022,15,177
601830,602015,602024,9,185
601830,602020,602024,4,190
601830,602020,602025,5,190
601830,602017,602025,8,187
601830,602017,602026,9,187
601830,602020,602026,6,190
601830,602021,602026,5,191
601830,602020,602025,5,190
601830,602018,602026,8,188
601830,602017,602027,10,187
601830,602019,602026,7,189
601830,602018,602027,9,188
601830,602019,602026,7,189
601830,602019,602026,7,189
601830,602018,602028,10,188
601830,602027,602030,3,197
601830,602022,602030,8,192
601830,602024,602030,6,194
601830,602027,602030,3,197
601830,602024,602030,6,194
601830,602027,602031,4,197
601830,602026,602031,5,196
601830,602030,602032,2,200
601830,602026,602032,6,196
601830,602027,602032,5,197
601830,602026,602032,6,196
601830,602026,602032,6,196
601830,602023,602031,8,193
601830,602026,602032,6,196
601830,602030,602032,2,200
601830,602027,602032,5,197
601830,602026,602033,7,196
601830,602030,602032,2,200
601830,602025,602032,7,195
601830,602028,602032,4,198
601830,602030,602033,3,200
601830,602032,602034,2,202
601830,602032,602034,2,202
601830,602031,602033,2,201
601830,602032,602033,1,202
601830,602033,602034,1,203
601830,602032,602034,2,202
601830,602032,602033,1,202
601830,602031,602033,2,201
601830,602032,602034,2,202
601830,602033,602035,2,203
601830,602033,602034,1,203
601868,602033,602036,3,165
601868,602033,602036,3,165
601868,602034,602036,2,166
601830,602033,602035,2,203
601868,602034,602036,2,166
601868,602034,602037,3,166
601868,602033,602036,3,165
601868,602034,602037,3,166
601868,602034,602037,3,166
601868,602033,602037,4,165
601868,602034,602040,6,166
601868,602034,602043,9,166
601868,602035,602046,11,167
601868,602034,602046,12,166
601868,602036,602047,11,168
601868,602034,602047,13,166
601868,602037,602048,11,169
601868,602036,602048,12,168
601868,602036,602049,13,168
601868,602037,602048,11,169
601868,602036,602049,13,168
601868,602035,602049,14,167
601868,602037,602050,13,169
601868,602037,602049,12,169
601868,602038,602052,14,170
601868,602038,602053,15,170
601868,602040,602053,13,172
601868,602043,602053,10,175
601868,602047,602056,9,179
601496,601617,602056,439,121
601868,602050,602057,7,182
601868,602047,602058,11,179
601868,602048,602058,10,180
601868,602046,602057,11,178
601868,602048,602057,9,180
601868,602046,602059,13,178
601868,602050,602059,9,182
601868,602049,602059,10,181
601868,602049,602059,10,181
601868,602052,602061,9,184
601868,602053,602061,8,185
601868,602053,602061,8,185
601868,602053,602062,9,185
601868,602049,602061,12,181
601868,602056,602064,8,188
601868,602049,602064,15,181
601868,602058,602064,6,190
601868,602056,602064,8,188
601868,602057,602065,8,189
601868,602058,602065,7,190
601868,602058,602064,6,190
601868,602059,602064,5,191
601868,602059,602065,6,191
601868,602062,602065,3,194
601868,602059,602066,7,191
601868,602061,602067,6,193
601868,602061,602067,6,193
601868,602062,602067,5,194
601868,602058,602067,9,190
601868,602059,602066,7,191
601868,602064,602066,2,196
601868,602065,602067,2,197
601868,602064,602068,4,196
601868,602065,602068,3,197
601868,602065,602067,2,197
601868,602065,602068,3,197
601868,602064,602068,4,196
601868,602063,602067,4,195
601868,602064,602067,3,196
601868,602065,602069,4,197
601868,602066,602069,3,198
601868,602066,602070,4,198
601868,602067,602070,3,199
601868,602067,602070,3,199
601868,602067,602069,2,199
601922,602068,602070,2,146
601868,602067,602070,3,199
601922,602068,602071,3,146
601922,602067,602070,3,145
601922,602068,602071,3,146
601868,602067,602070,3,199
601922,602068,602070,2,146
601922,602068,602072,4,146
601922,602069,602072,3,147
601922,602069,602073,4,147
601922,602069,602073,4,147
601922,602069,602074,5,147
601922,602070,602080,10,148
601922,602070,602081,11,148
601922,602070,602082,12,148
601922,602071,602082,11,149
601922,602071,602081,10,149
601922,602074,602082,8,152
601922,602071,602082,11,149
601519,601650,602083,433,131
601922,602070,602083,13,148
601922,602071,602082,11,149
601922,602071,602083,12,149
601922,602072,602084,12,150
601922,602070,602084,14,148
601922,602073,602085,12,151
601922,602072,602084,12,150
601922,602074,602086,12,152
601922,602072,602086,14,150
601922,602085,602088,3,163
601922,602084,602088,4,162
601922,602083,602088,5,161
601922,602086,602089,3,164
601922,602083,602088,5,161
601922,602081,602090,9,159
601922,602080,602090,10,158
601922,602083,602089,6,161
601922,602085,602090,5,163
601922,602084,602089,5,162
601922,602082,602091,9,160
601922,602083,602091,8,161
601922,602082,602091,9,160
601922,602082,602092,10,160
601922,602082,602091,9,160
601922,602082,602091,9,160
601922,602086,602092,6,164
601922,602088,602094,6,166
601922,602088,602094,6,166
601922,602091,602095,4,169
601922,602093,602095,2,171
601922,602093,602094,1,171
601922,602093,602095,2,171
601922,602088,602096,8,166
601922,602090,602095,5,168
601922,602092,602096,4,170
601922,602091,602096,5,169
601922,602089,602096,7,167
601922,602091,602095,4,169
601922,602091,602096,5,169
601922,602090,602097,7,168
601922,602095,602096,1,173
601922,602095,602096,1,173
601922,602095,602096,1,173
601922,602096,602097,1,174
601922,602094,602096,2,172
601922,602094,602096,2,172
601922,602089,602097,8,167
601922,602090,602097,7,168
601922,602090,602097,7,168
601922,602096,602098,2,174
601922,602095,602098,3,173
601922,602096,602098,2,174
601922,602096,602098,2,174
601922,602096,602099,3,174
601922,602097,602099,2,175
601922,602096,602099,3,174
601922,602096,602099,3,174
601968,602097,602100,3,129
601968,602097,602100,3,129
601922,602097,602099,2,175
601968,602097,602101,4,129
601968,602097,602100,3,129
601968,602098,602101,3,130
601968,602098,602101,3,130
601968,602098,602101,3,130
601968,602098,602102,4,130
601968,602098,602102,4,130
601968,602098,602103,5,130
601968,602099,602109,10,131
601968,602098,602110,12,130
601968,602100,602110,10,132
601968,602101,602111,10,133
601968,602099,602111,12,131
601968,602101,602112,11,133
601968,602100,602112,12,132
601968,602100,602112,12,132
601968,602099,602111,12,131
601968,602101,602111,10,133
601968,602099,602113,14,131
601968,602101,602114,13,133
601968,602103,602114,11,135
601968,602102,602116,14,134
601968,602103,602115,12,135
601968,602102,602117,15,134
601968,602109,602118,9,141
601968,602114,602118,4,146
601968,602110,602119,9,142
601968,602114,602119,5,146
601968,602113,602119,6,145
601968,602111,602119,8,143
601968,602112,602120,8,144
601968,602112,602121,9,144
601968,602116,602120,4,148
601968,602116,602121,5,148
601968,602110,602120,10,142
601968,602112,602121,9,144
601968,602111,602121,10,143
601968,602112,602122,10,144
601968,602112,602122,10,144
601968,602117,602122,5,149
601968,602118,602123,5,150
601968,602119,602125,6,151
601968,602118,602125,7,150
601968,602122,602125,3,154
601968,602121,602125,4,153
601968,602119,602126,7,151
601968,602123,602126,3,155
601968,602122,602126,4,154
601968,602121,602126,5,153
601968,602120,602125,5,152
601968,602122,602125,3,154
601968,602125,602127,2,157
601968,602121,602126,5,153
601968,602125,602127,2,157
601968,602121,602126,5,153
601968,602125,602127,2,157
601968,602125,602128,3,157
601968,602126,602128,2,158
601968,602121,602127,6,153
601968,602121,602128,7,153
601968,602120,602127,7,152
601968,602126,602128,2,158
601968,602126,602127,1,158
601968,602119,602127,8,151
601968,602127,602129,2,159
601968,602126,602129,3,158
601968,602126,602128,2,158
601968,602127,602129,2,159
601968,602127,602128,1,159
601968,602127,602130,3,159
601968,602127,602130,3,159
601968,602128,602130,2,160
601968,602127,602129,2,159
601990,602128,602131,3,138
601990,602128,602131,3,138
601990,602128,602131,3,138
601990,602128,602131,3,138
601990,602128,602131,3,138
601990,602129,602133,4,139
601990,602128,602133,5,138
601990,602129,602134,5,139
601551,601683,602135,452,132
601990,602129,602135,6,139
601990,602129,602134,5,139
601990,602129,602139,10,139
601990,602130,602142,12,140
601990,602130,602142,12,140
601990,602130,602142,12,140
601990,602130,602142,12,140
601990,602132,602143,11,142
601990,602131,602143,12,141
601990,602131,602144,13,141
601563,601713,602144,431,150
601990,602133,602144,11,143
601990,602132,602144,12,142
601990,602133,602144,11,143
601990,602135,602146,11,145
601990,602135,602147,12,145
601990,602135,602147,12,145
601990,602135,602148,13,145
601990,602133,602149,16,143
601990,602139,602149,10,149
601990,602145,602150,5,155
601990,602145,602151,6,155
601990,602145,602151,6,155
601990,602147,602151,4,157
601990,602142,602151,9,152
601990,602143,602151,8,153
601990,602142,602152,10,152
601990,602146,602151,5,156
601990,602148,602152,4,158
601990,602144,602151,7,154
601990,602147,602151,4,157
601990,602142,602153,11,152
601990,602143,602152,9,153
601990,602142,602153,11,152
601990,602144,602153,9,154
601990,602149,602155,6,159
601990,602149,602156,7,159
601990,602152,602157,5,162
601990,602153,602157,4,163
601990,602151,602157,6,161
601990,602152,602157,5,162
601990,602151,602157,6,161
601990,602154,602157,3,164
601990,602151,602158,7,161
601990,602152,602157,5,162
601990,602153,602158,5,163
601990,602150,602158,8,160
601990,602152,602158,6,162
601990,602155,602158,3,165
601990,602151,602158,7,161
601990,602157,602158,1,167
601990,602151,602158,7,161
601990,602153,602158,5,163
601990,602157,602158,1,167
601990,602152,602158,6,162
601990,602156,602159,3,166
601990,602157,602160,3,167
601990,602158,602160,2,168
601990,602157,602159,2,167
601990,602158,602160,2,168
601990,602157,602159,2,167
601990,602158,602160,2,168
601990,602159,602161,2,169
601990,602158,602160,2,168
601990,602157,602160,3,167
602057,602159,602162,3,102
601990,602159,602162,3,169
601990,602159,602161,2,169
602057,602159,602162,3,102
601990,602159,602161,2,169
602057,602160,602163,3,103
602057,602160,602163,3,103
602057,602160,602164,4,103
602057,602159,602164,5,102
602057,602160,602163,3,103
602057,602160,602165,5,103
602057,602160,602164,4,103
602057,602160,602165,5,103
602057,602161,602168,7,104
602057,602161,602172,11,104
602057,602162,602173,11,105
602057,602161,602173,12,104
602057,602162,602174,12,105
602057,602162,602174,12,105
602057,602163,602175,12,106
602057,602164,602176,12,107
602057,602162,602176,14,105
602057,602162,602176,14,105
602057,602165,602177,12,108
602057,602163,602177,14,106
602057,602168,602177,9,111
602057,602166,602177,11,109
602057,602164,602178,14,107
602057,602164,602178,14,107
602057,602165,602179,14,108
601631,601740,602178,438,109
602057,602177,602180,3,120
602057,602173,602181,8,116
602057,602177,602181,4,120
602057,602177,602181,4,120
602057,602176,602182,6,119
602057,602172,602182,10,115
602057,602178,602182,4,121
602057,602176,602182,6,119
602057,602177,602182,5,120
602057,602178,602183,5,121
602057,602174,602184,10,117
602057,602175,602184,9,118
602057,602174,602184,10,117
602057,602173,602185,12,116
602057,602179,602186,7,122
602057,602176,602185,9,119
602057,602181,602186,5,124
602057,602179,602186,7,122
602057,602180,602187,7,123
602057,602185,602188,3,128
602057,602186,602188,2,129
602057,602186,602188,2,129
602057,602186,602188,2,129
602057,602183,602188,5,126
602057,602182,602188,6,125
602057,602181,602188,7,124
602057,602186,602189,3,129
602057,602187,602188,1,130
602057,602181,602188,7,124
602057,602182,602189,7,125
602057,602184,602189,5,127
602057,602182,602188,6,125
602057,602184,602188,4,127
602057,602188,602190,2,131
602057,602188,602189,1,131
602057,602184,602189,5,127
602057,602188,602190,2,131
602057,602182,602189,7,125
602057,602188,602190,2,131
602057,602188,602191,3,131
602057,602189,602191,2,132
602057,602188,602190,2,131
602057,602189,602192,3,132
602057,602182,602191,9,125
602057,602189,602191,2,132
602084,602190,602192,2,106
602057,602189,602191,2,132
602057,602189,602192,3,132
602057,602189,602192,3,132
602084,602190,602193,3,106
602084,602191,602193,2,107
602084,602190,602193,3,106
602084,602190,602193,3,106
602084,602190,602193,3,106
602084,602189,602193,4,105
602084,602190,602194,4,106
602084,602191,602194,3,107
602084,602191,602199,8,107
602084,602192,602201,9,108
602084,602192,602202,10,108
602084,602192,602203,11,108
602084,602193,602203,10,109
602084,602192,602204,12,108
602084,602195,602205,10,111
602084,602193,602205,12,109
602084,602193,602205,12,109
602084,602194,602206,12,110
602084,602192,602207,15,108
602084,602194,602206,12,110
602084,602195,602207,12,111
602084,602194,602206,12,110
602084,602193,602206,13,109
602084,602193,602209,16,109
601650,601765,602210,445,115
602084,602201,602211,10,117
602084,602203,602211,8,119
602084,602203,602211,8,119
602084,602203,602211,8,119
602084,602207,602212,5,123
602084,602206,602211,5,122
602084,602207,602212,5,123
602084,602207,602211,4,123
602084,602207,602213,6,123
602084,602207,602213,6,123
602084,602199,602213,14,115
602084,602206,602212,6,122
602084,602205,602214,9,121
602084,602205,602213,8,121
602084,602205,602214,9,121
602084,602209,602214,5,125
602084,602210,602217,7,126
602084,602214,602217,3,130
602084,602213,602217,4,129
602084,602211,602217,6,127
602084,602213,602217,4,129
602084,602211,602217,6,127
602084,602211,602217,6,127
602084,602212,602217,5,128
602084,602212,602218,6,128
602084,602215,602218,3,131
602084,602212,602217,5,128
602084,602213,602218,5,129
602084,602211,602217,6,127
602084,602212,602218,6,128
602084,602217,602219,2,133
602084,602213,602218,5,129
602084,602217,602219,2,133
602084,602217,602218,1,133
602084,602217,602219,2,133
602084,602214,602218,4,130
602084,602217,602219,2,133
602084,602217,602219,2,133
602084,602218,602220,2,134
602084,602218,602219,1,134
602084,602217,602219,2,133
602084,602218,602220,2,134
602084,602214,602219,5,130
602084,602218,602220,2,134
602084,602218,602220,2,134
602084,602219,602220,1,135
602084,602218,602220,2,134
602084,602218,602220,2,134
602084,602219,602221,2,135
602084,602219,602221,2,135
602140,602219,602222,3,79
602140,602220,602223,3,80
602140,602219,602223,4,79
602140,602220,602222,2,80
602140,602219,602223,4,79
602140,602220,602224,4,80
602140,602220,602223,3,80
602140,602220,602223,3,80
602140,602220,602225,5,80
602140,602221,602226,5,81
602140,602221,602230,9,81
602140,602221,602231,10,81
602140,602221,602232,11,81
602140,602221,602232,11,81
602140,602221,602233,12,81
602140,602224,602235,11,84
602140,602223,602235,12,83
602140,602222,602236,14,82
602140,602223,602236,13,83
602140,602222,602236,14,82
602140,602223,602235,12,83
602140,602225,602235,10,85
602140,602223,602237,14,83
602140,602224,602236,12,84
602140,602225,602237,12,85
602140,602226,602237,11,86
602140,602230,602239,9,90
602140,602231,602240,9,91
602140,602232,602241,9,92
602140,602236,602241,5,96
602140,602232,602242,10,92
602140,602237,602242,5,97
602140,602236,602242,6,96
601783,601948,602242,294,165
602140,602235,602241,6,95
602140,602237,602241,4,97
602140,602237,602243,6,97
602140,602236,602243,7,96
602140,602237,602242,5,97
602140,602234,602244,10,94
602140,602238,602245,7,98
602140,602235,602245,10,95
602140,602239,602245,6,99
602140,602238,602246,8,98
602140,602242,602246,4,102
602140,602242,602247,5,102
602140,602244,602246,2,104
602140,602245,602247,2,105
602140,602240,602247,7,100
601671,601789,602246,457,118
602140,602245,602247,2,105
602140,602242,602248,6,102
602140,602242,602248,6,102
602140,602242,602247,5,102
602140,602243,602248,5,103
602140,602247,602248,1,107
602140,602246,602248,2,106
602140,602244,602247,3,104
602140,602243,602247,4,103
602140,602245,602247,2,105
602140,602247,602249,2,107
602140,602241,602249,8,101
602140,602242,602249,7,102
602140,602247,602249,2,107
602140,602247,602249,2,107
602140,602248,602250,2,108
602140,602241,602249,8,101
602140,602247,602249,2,107
602140,602248,602250,2,108
602140,602247,602249,2,107
602140,602248,602250,2,108
602140,602248,602249,1,108
602140,602247,602249,2,107
602145,602249,602251,2,104
602140,602248,602250,2,108
602140,602249,602251,2,109
602140,602248,602251,3,108
602145,602249,602252,3,104
602140,602248,602252,4,108
602145,602250,602253,3,105
602145,602250,602252,2,105
602145,602250,602253,3,105
602145,602249,602252,3,104
601675,601817,602252,435,142
602145,602250,602253,3,105
602145,602250,602253,3,105
602145,602250,602254,4,105
602145,602250,602256,6,105
602145,602250,602261,11,105
602145,602250,602261,11,105
602145,602251,602261,10,106
602145,602251,602261,10,106
602145,602251,602263,12,106
602145,602252,602263,11,107
602145,602250,602263,13,105
602145,602253,602264,11,108
602145,602254,602264,10,109
602145,602253,602265,12,108
602145,602253,602265,12,108
602145,602252,602264,12,107
602145,602256,602266,10,111
602145,602252,602266,14,107
602145,602253,602265,12,108
602145,602255,602265,10,110
602145,602253,602266,13,108
602145,602254,602265,11,109
602145,602261,602269,8,116
602145,602263,602270,7,118
602145,602261,602270,9,116
602145,602263,602270,7,118
602145,602265,602270,5,120
602145,602264,602270,6,119
602145,602264,602271,7,119
602145,602261,602271,10,116
602145,602264,602270,6,119
602145,602261,602271,10,116
602145,602265,602271,6,120
602145,602266,602272,6,121
602145,602266,602272,6,121
602145,602265,602272,7,120
602145,602266,602273,7,121
602145,602266,602273,7,121
602145,602272,602274,2,127
602145,602266,602273,7,121
602145,602271,602274,3,126
602145,602266,602273,7,121
602145,602271,602274,3,126
602145,602270,602274,4,125
602145,602273,602275,2,128
602145,602272,602275,3,127
602145,602269,602275,6,124
602145,602271,602275,4,126
602145,602272,602275,3,127
602145,602270,602274,4,125
602145,602271,602274,3,126
602145,602274,602276,2,129
602145,602272,602275,3,127
602145,602273,602276,3,128
602145,602270,602275,5,125
602145,602274,602276,2,129
602145,602270,602275,5,125
602145,602270,602276,6,125
602145,602275,602277,2,130
602145,602274,602276,2,129
602145,602274,602276,2,129
602145,602275,602277,2,130
602145,602275,602276,1,130
602145,602274,602276,2,129
602145,602274,602276,2,129
602145,602275,602278,3,130
602145,602275,602278,3,130
602145,602275,602278,3,130
602145,602275,602278,3,130
602179,602276,602279,3,97
602179,602276,602279,3,97
601697,601840,602279,439,143
602179,602277,602280,3,98
602179,602276,602280,4,97
602179,602276,602279,3,97
602179,602277,602279,2,98
602179,602277,602279,2,98
602179,602276,602280,4,97
602179,602277,602282,5,98
602179,602277,602283,6,98
602179,602277,602286,9,98
602179,602279,602289,10,100
602179,602277,602289,12,98
602179,602277,602290,13,98
602179,602279,602289,10,100
602179,602278,602291,13,99
602179,602281,602291,10,102
602179,602280,602291,11,101
602179,602278,602290,12,99
602179,602278,602290,12,99
602179,602280,602292,12,101
602179,602279,602292,13,100
602179,602280,602291,11,101
602179,602280,602293,13,101
602179,602282,602292,10,103
602179,602279,602292,13,100
602179,602280,602293,13,101
602179,602286,602294,8,107
602179,602284,602295,11,105
602179,602291,602296,5,112
602179,602291,602297,6,112
602179,602291,602297,6,112
602179,602290,602297,7,111
602179,602291,602297,6,112
602179,602292,602298,6,113
602179,602291,602298,7,112
602179,602292,602298,6,113
602179,602295,602299,4,116
602179,602289,602299,10,110
602179,602289,602299,10,110
602179,602293,602299,6,114
602179,602294,602300,6,115
602179,602290,602299,9,111
602179,602292,602300,8,113
602179,602299,602301,2,120
602179,602296,602301,5,117
602179,602298,602301,3,119
602179,602293,602300,7,114
602179,602297,602300,3,118
602179,602298,602301,3,119
602179,602299,602302,3,120
602179,602299,602302,3,120
602179,602297,602302,5,118
602179,602299,602301,2,120
602179,602293,602301,8,114
602179,602298,602302,4,119
602179,602297,602302,5,118
601727,601869,602301,432,142
602179,602297,602301,4,118
602179,602295,602302,7,116
602179,602300,602302,2,121
602179,602300,602302,2,121
602179,602301,602302,1,122
602179,602300,602302,2,121
602179,602302,602304,2,123
602179,602301,602303,2,122
602179,602301,602304,3,122
602179,602302,602305,3,123
602179,602301,602305,4,122
602179,602302,602305,3,123
602210,602303,602305,2,93
602179,602302,602305,3,123
602179,602302,602304,2,123
602179,602302,602304,2,123
602210,602302,602306,4,92
602179,602301,602305,4,122
602179,602301,602305,4,122
602210,602303,602306,3,93
602179,602302,602305,3,123
601785,601976,602306,330,191
602210,602303,602306,3,93
602210,602303,602307,4,93
602210,602304,602307,3,94
602210,602304,602307,3,94
601805,602004,602309,305,199
602210,602305,602308,3,95
602210,602305,602309,4,95
602210,602305,602312,7,95
602210,602305,602316,11,95
602210,602306,602316,10,96
602210,602305,602316,11,95
602210,602307,602316,9,97
602210,602306,602317,11,96
602210,602306,602317,11,96
602210,602307,602317,10,97
602210,602305,602318,13,95
602210,602309,602318,9,99
602210,602305,602318,13,95
602210,602306,602318,12,96
602210,602305,602317,12,95
602210,602306,602318,12,96
602210,602306,602318,12,96
602210,602309,602319,10,99
602210,602305,602318,13,95
602210,602306,602318,12,96
602210,602308,602319,11,98
602210,602309,602321,12,99
602210,602317,602321,4,107
601741,601893,602321,428,152
602210,602312,602322,10,102
602210,602318,602323,5,108
602210,602316,602324,8,106
602210,602316,602324,8,106
602210,602316,602323,7,106
602210,602319,602324,5,109
602210,602321,602323,2,111
602210,602322,602325,3,112
602210,602321,602325,4,111
602210,602319,602325,6,109
602210,602317,602324,7,107
602210,602323,602326,3,113
602210,602318,602326,8,108
602210,602318,602326,8,108
602210,602324,602326,2,114
602210,602319,602326,7,109
602210,602316,602326,10,106
602210,602318,602325,7,108
602210,602318,602325,7,108
602210,602318,602326,8,108
602210,602320,602327,7,110
602210,602324,602327,3,114
602210,602324,602326,2,114
602210,602321,602328,7,111
602210,602318,602327,9,108
602210,602325,602328,3,115
602210,602324,602328,4,114
602210,602325,602328,3,115
602210,602324,602327,3,114
602210,602326,602328,2,116
602210,602326,602329,3,116
602210,602326,602329,3,116
602210,602326,602329,3,116
602210,602319,602328,9,109
602210,602326,602329,3,116
602210,602325,602328,3,115
602210,602328,602330,2,118
602210,602326,602330,4,116
602210,602327,602329,2,117
602210,602325,602329,4,115
602210,602326,602329,3,116
602243,602328,602330,2,85
602210,602326,602329,3,116
602210,602326,602329,3,116
602210,602327,602329,2,117
602243,602328,602331,3,85
602243,602328,602331,3,85
602210,602327,602330,3,117
602243,602328,602330,2,85
602243,602328,602330,2,85
602243,602329,602331,2,86
602243,602329,602332,3,86
602243,602329,602332,3,86
602243,602329,602332,3,86
602243,602329,602333,4,86
602243,602329,602338,9,86
602243,602330,602340,10,87
602243,602331,602340,9,88
602243,602330,602341,11,87
602243,602330,602341,11,87
602243,602330,602341,11,87
602243,602330,602341,11,87
602243,602331,602341,10,88
602243,602330,602341,11,87
602243,602330,602341,11,87
602243,602330,602341,11,87
602243,602331,602342,11,88
602243,602331,602341,10,88
602243,602332,602342,10,89
602243,602331,602343,12,88
602243,602330,602342,12,87
602243,602333,602345,12,90
601779,601919,602345,426,140
602243,602332,602345,13,89
602243,602333,602345,12,90
602243,602334,602347,13,91
602243,602341,602348,7,98
602243,602341,602349,8,98
602243,602340,602349,9,97
602243,602338,602350,12,95
602243,602342,602350,8,99
602243,602341,602350,9,98
602243,602341,602350,9,98
602243,602341,602350,9,98
602243,602342,602350,8,99
602243,602345,602351,6,102
602243,602342,602351,9,99
602243,602340,602352,12,97
602243,602341,602352,11,98
602243,602341,602352,11,98
602243,602345,602352,7,102
602243,602345,602351,6,102
602243,602347,602352,5,104
602243,602343,602351,8,100
602243,602349,602353,4,106
602243,602345,602352,7,102
602243,602342,602352,10,99
602243,602350,602353,3,107
602243,602350,602354,4,107
602243,602348,602353,5,105
602243,602350,602354,4,107
602243,602351,602354,3,108
602243,602350,602353,3,107
602243,602352,602355,3,109
602243,602351,602354,3,108
602243,602352,602355,3,109
602243,602349,602355,6,106
602243,602351,602354,3,108
602243,602343,602354,11,100
602243,602350,602354,4,107
602243,602352,602355,3,109
602243,602352,602354,2,109
602243,602353,602355,2,110
602243,602353,602355,2,110
602243,602352,602355,3,109
602243,602352,602355,3,109
602243,602353,602356,3,110
602243,602352,602356,4,109
602243,602353,602357,4,110
602243,602354,602357,3,111
602243,602354,602357,3,111
602248,602354,602357,3,106
602248,602356,602358,2,108
602248,602355,602359,4,107
602248,602355,602358,3,107
602248,602355,602359,4,107
602248,602355,602360,5,107
602248,602355,602360,5,107
602248,602355,602360,5,107
602248,602355,602360,5,107
602248,602355,602362,7,107
602248,602356,602366,10,108
602248,602356,602366,10,108
602248,602355,602367,12,107
602248,602356,602368,12,108
602248,602356,602368,12,108
602248,602358,602368,10,110
602248,602357,602369,12,109
602248,602356,602368,12,108
602248,602359,602369,10,111
602248,602357,602369,12,109
602248,602358,602370,12,110
602248,602356,602370,14,108
602248,602357,602370,13,109
602248,602359,602371,12,111
602248,602360,602371,11,112
602248,602359,602371,12,111
602248,602360,602371,11,112
602248,602361,602373,12,113
602248,602360,602372,12,112
602248,602369,602375,6,121
602248,602364,602376,12,116
602248,602366,602376,10,118
602248,602366,602376,10,118
602248,602369,602377,8,121
602248,602373,602377,4,125
601869,602067,602377,310,198
602248,602370,602377,7,122
602248,602371,602378,7,123
602248,602370,602378,8,122
602248,602372,602378,6,124
602248,602371,602378,7,123
602248,602370,602377,7,122
602248,602370,602379,9,122
602248,602376,602379,3,128
602248,602368,602378,10,120
602248,602376,602379,3,128
602248,602372,602378,6,124
602248,602368,602379,11,120
602248,602369,602378,9,121
602248,602368,602380,12,120
602248,602373,602379,6,125
602248,602378,602380,2,130
602248,602367,602380,13,119
602248,602377,602379,2,129
602248,602375,602380,5,127
602248,602377,602380,3,129
602248,602378,602381,3,130
602248,602376,602380,4,128
602248,602377,602380,3,129
602248,602378,602380,2,130
602248,602377,602380,3,129
602248,602378,602380,2,130
602248,602379,602382,3,131
602248,602380,602381,1,132
602248,602378,602382,4,130
602248,602379,602382,3,131
602248,602379,602382,3,131
602248,602381,602383,2,133
602248,602380,602383,3,132
602248,602379,602382,3,131
602248,602379,602382,3,131
602248,602379,602383,4,131
602248,602380,602382,2,132
602263,602381,602384,3,118
602248,602380,602383,3,132
602248,602379,602383,4,131
602248,602380,602383,3,132
602263,602382,602385,3,119
602263,602381,602384,3,118
602263,602381,602385,4,118
602263,602381,602384,3,118
602263,602382,602386,4,119
602263,602381,602386,5,118
602263,602382,602385,3,119
602263,602382,602387,5,119
602263,602382,602390,8,119
602263,602382,602392,10,119
602263,602383,602394,11,120
602263,602385,602395,10,122
602263,602383,602395,12,120
602263,602383,602395,12,120
602263,602384,602396,12,121
602263,602384,602396,12,121
602263,602383,602396,13,120
602263,602386,602397,11,123
602263,602384,602396,12,121
602263,602384,602396,12,121
602263,602383,602397,14,120
602263,602386,602398,12,123
602263,602386,602398,12,123
602263,602385,602397,12,122
602263,602385,602397,12,122
602263,602384,602398,14,121
602263,602387,602399,12,124
602263,602386,602400,14,123
602263,602390,602402,12,127
602263,602392,602402,10,129
602263,602397,602404,7,134
602263,602394,602404,10,131
602263,602398,602404,6,135
602263,602399,602405,6,136
602263,602397,602405,8,134
602263,602398,602405,7,135
602263,602396,602405,9,133
602263,602397,602405,8,134
602263,602399,602405,6,136
602263,602402,602404,2,139
602263,602399,602406,7,136
602263,602400,602405,5,137
602263,602397,602406,9,134
602263,602395,602405,10,132
602263,602404,602406,2,141
602263,602404,602406,2,141
602263,602396,602405,9,133
602263,602396,602407,11,133
602263,602395,602407,12,132
602263,602402,602406,4,139
602263,602398,602406,8,135
602263,602405,602408,3,142
602263,602396,602408,12,133
602263,602405,602408,3,142
602263,602405,602408,3,142
602263,602405,602408,3,142
602263,602406,602409,3,143
602263,602406,602409,3,143
602263,602405,602408,3,142
602263,602404,602408,4,141
602263,602405,602408,3,142
602263,602405,602409,4,142
602263,602407,602410,3,144
602263,602407,602409,2,144
602263,602407,602410,3,144
602263,602406,602409,3,143
602263,602406,602409,3,143
602263,602408,602410,2,145
602263,602406,602409,3,143
602263,602408,602410,2,145
602263,602406,602411,5,143
602263,602406,602410,4,143
602289,602409,602411,2,120
602289,602409,602411,2,120
602263,602407,602410,3,144
602263,602408,602410,2,145
601922,602097,602411,314,175
602289,602409,602411,2,120
602289,602409,602413,4,120
602289,602409,602413,4,120
602289,602409,602413,4,120
602289,602410,602414,4,121
602289,602410,602415,5,121
602289,602410,602414,4,121
602289,602410,602416,6,121
602289,602410,602418,8,121
602289,602411,602421,10,122
602289,602411,602421,10,122
602289,602410,602422,12,121
602289,602411,602422,11,122
602289,602412,602422,10,123
602289,602412,602422,10,123
602289,602410,602422,12,121
602289,602411,602423,12,122
602289,602410,602423,13,121
602289,602410,602422,12,121
602289,602411,602423,12,122
602289,602411,602423,12,122
602289,602413,602425,12,124
602289,602414,602426,12,125
602289,602413,602425,12,124
602289,602413,602426,13,124
602289,602415,602427,12,126
602289,602415,602426,11,126
602289,602418,602429,11,129
602289,602417,602429,12,128
602289,602422,602430,8,133
602289,602423,602430,7,134
602289,602423,602431,8,134
602289,602425,602431,6,136
602289,602423,602431,8,134
602289,602422,602431,9,133
602289,602422,602432,10,133
602289,602421,602432,11,132
602289,602421,602431,10,132
602289,602430,602432,2,141
602289,602424,602432,8,135
602289,602424,602432,8,135
602289,602430,602433,3,141
602289,602427,602433,6,138
602289,602426,602434,8,137
602289,602429,602433,4,140
602289,602431,602433,2,142
602289,602432,602434,2,143
602289,602431,602434,3,142
602289,602431,602434,3,142
602289,602426,602433,7,137
602289,602427,602434,7,138
602289,602427,602433,6,138
602289,602432,602434,2,143
602289,602423,602433,10,134
602289,602431,602433,2,142
602289,602422,602434,12,133
602289,602432,602434,2,143
602289,602429,602434,5,140
602289,602432,602435,3,143
602289,602434,602436,2,145
602289,602434,602436,2,145
602289,602434,602436,2,145
602289,602434,602437,3,145
602289,602434,602437,3,145
602289,602434,602436,2,145
602289,602433,602437,4,144
602289,602434,602436,2,145
602289,602434,602436,2,145
602289,602433,602437,4,144
602289,602434,602436,2,145
602289,602433,602437,4,144
602303,602435,602438,3,132
602303,602434,602438,4,131
602303,602436,602438,2,133
602289,602432,602437,5,143
602289,602434,602437,3,145
602303,602435,602438,3,132
602303,602435,602438,3,132
602303,602436,602438,2,133
602303,602435,602438,3,132
602303,602436,602440,4,133
602303,602437,602442,5,134
602303,602437,602442,5,134
602303,602438,602447,9,135
602303,602437,602448,11,134
601969,602128,602448,320,159
602303,602437,602448,11,134
602303,602438,602449,11,135
602303,602439,602449,10,136
602303,602438,602449,11,135
602303,602438,602449,11,135
602303,602437,602449,12,134
602303,602439,602450,11,136
602303,602439,602450,11,136
602303,602438,602450,12,135
602303,602437,602449,12,134
602303,602438,602450,12,135
602303,602437,602451,14,134
602303,602439,602452,13,136
602303,602439,602452,13,136
602303,602440,602452,12,137
602303,602442,602454,12,139
602303,602442,602454,12,139
602303,602450,602455,5,147
602303,602450,602456,6,147
602303,602450,602457,7,147
602303,602450,602457,7,147
602303,602449,602457,8,146
602303,602449,602458,9,146
602303,602449,602458,9,146
602303,602449,602458,9,146
602303,602450,602458,8,147
602303,602447,602457,10,144
602303,602452,602459,7,149
602303,602448,602458,10,145
602303,602449,602459,10,146
602303,602449,602459,10,146
602303,602452,602459,7,149
602303,602451,602458,7,148
602303,602453,602460,7,150
602303,602449,602459,10,146
602303,602458,602460,2,155
602303,602456,602460,4,153
602303,602458,602460,2,155
601831,602033,602460,427,202
602303,602454,602460,6,151
602303,602458,602461,3,155
602303,602454,602460,6,151
602303,602457,602460,3,154
602303,602457,602460,3,154
602303,602457,602461,4,154
602303,602460,602462,2,157
602303,602456,602462,6,153
602303,602460,602462,2,157
602303,602458,602461,3,155
602303,602460,602463,3,157
602303,602459,602463,4,156
602303,602461,602463,2,158
602303,602460,602463,3,157
602303,602459,602462,3,156
602303,602459,602462,3,156
602303,602459,602462,3,156
602303,602460,602462,2,157
602317,602461,602464,3,144
602303,602459,602463,4,156
602303,602461,602463,2,158
602303,602461,602463,2,158
602303,602459,602463,4,156
602303,602459,602463,4,156
602303,602461,602463,2,158
602303,602461,602463,2,158
602317,602462,602463,1,145
602317,602463,602465,2,146
602317,602462,602464,2,145
602317,602463,602466,3,146
602317,602462,602466,4,145
602317,602463,602466,3,146
602317,602462,602466,4,145
602317,602463,602466,3,146
602317,602463,602466,3,146
602317,602463,602470,7,146
602317,602463,602472,9,146
602317,602463,602474,11,146
602317,602466,602474,8,149
602317,602466,602474,8,149
602317,602466,602475,9,149
602317,602464,602475,11,147
602317,602464,602475,11,147
602317,602464,602476,12,147
602317,602465,602475,10,148
602317,602464,602477,13,147
602317,602464,602477,13,147
602317,602464,602477,13,147
602317,602467,602477,10,150
602317,602466,602478,12,149
602317,602464,602478,14,147
602317,602464,602477,13,147
602317,602465,602477,12,148
602317,602466,602477,11,149
602317,602466,602480,14,149
602317,602470,602480,10,153
602317,602472,602483,11,155
602317,602475,602483,8,158
602317,602474,602483,9,157
602317,602478,602484,6,161
602317,602474,602484,10,157
602317,602475,602484,9,158
602317,602474,602485,11,157
602317,602475,602485,10,158
602317,602478,602485,7,161
602317,602480,602485,5,163
602317,602477,602485,8,160
602317,602478,602486,8,161
602317,602476,602485,9,159
602317,602480,602486,6,163
602317,602476,602485,9,159
602317,602477,602485,8,160
602317,602478,602486,8,161
602317,602477,602486,9,160
602317,602483,602486,3,166
602317,602477,602486,9,160
602317,602483,602487,4,166
602317,602478,602486,8,161
602317,602484,602488,4,167
602317,602484,602488,4,167
602317,602486,602488,2,169
602317,602484,602487,3,167
602317,602483,602488,5,166
602317,602485,602489,4,168
602317,602486,602489,3,169
602317,602485,602489,4,168
602317,602485,602489,4,168
602317,602486,602488,2,169
602317,602486,602488,2,169
602317,602486,602488,2,169
602317,602486,602488,2,169
602317,602487,602490,3,170
602317,602486,602489,3,169
602317,602487,602490,3,170
602317,602485,602489,4,168
602317,602486,602489,3,169
602317,602487,602491,4,170
602317,602488,602491,3,171
602317,602487,602490,3,170
602317,602488,602490,2,171
602318,602488,602491,3,170
602318,602489,602492,3,171
602318,602489,602491,2,171
602318,602489,602492,3,171
602318,602489,602491,2,171
602318,602489,602492,3,171
602318,602490,602492,2,172
602318,602490,602492,2,172
602318,602489,602492,3,171
602318,602489,602492,3,171
602318,602490,602497,7,172
602318,602491,602499,8,173
602318,602493,602500,7,175
602318,602493,602500,7,175
602318,602490,602501,11,172
602318,602492,602501,9,174
602318,602491,602501,10,173
602318,602491,602501,10,173
602318,602490,602501,11,172
602318,602491,602501,10,173
602318,602490,602502,12,172
602318,602493,602503,10,175
602318,602490,602503,13,172
602318,602491,602502,11,173
602318,602492,602503,11,174
602318,602492,602504,12,174
602318,602493,602505,12,175
602318,602493,602505,12,175
602318,602492,602504,12,174
602318,602497,602507,10,179
602318,602499,602510,11,181
602318,602501,602510,9,183
602318,602501,602510,9,183
602318,602502,602510,8,184
602318,602500,602510,10,182
602318,602503,602510,7,185
602318,602501,602511,10,183
602318,602501,602511,10,183
602318,602503,602512,9,185
602318,602507,602512,5,189
602318,602503,602512,9,185
602318,602505,602512,7,187
602318,602501,602512,11,183
602318,602501,602513,12,183
602318,602504,602513,9,186
602318,602505,602512,7,187
602318,602502,602512,10,184
602318,602503,602513,10,185
602318,602510,602514,4,192
602318,602505,602513,8,187
602318,602510,602514,4,192
602318,602511,602514,3,193
602318,602513,602515,2,195
602318,602510,602515,5,192
602318,602512,602515,3,194
602318,602512,602515,3,194
602318,602511,602516,5,193
602318,602513,602516,3,195
602318,602511,602516,5,193
602318,602512,602516,4,194
602318,602513,602516,3,195
602318,602511,602515,4,193
602318,602514,602515,1,196
602318,602515,602516,1,197
602318,602515,602517,2,197
602318,602512,602516,4,194
602318,602513,602516,3,195
602318,602513,602516,3,195
602318,602510,602516,6,192
602318,602514,602517,3,196
602318,602512,602516,4,194
602318,602514,602516,2,196
602318,602515,602518,3,197
602318,602515,602517,2,197
602322,602516,602519,3,194
602322,602517,602519,2,195
602322,602517,602518,1,195
602322,602517,602518,1,195
602322,602516,602519,3,194
602322,602516,602519,3,194
602322,602517,602519,2,195
602318,602515,602518,3,197
602322,602516,602518,2,194
602322,602517,602520,3,195
602322,602517,602523,6,195
602322,602518,602528,10,196
602322,602519,602528,9,197
602322,602517,602528,11,195
602322,602517,602528,11,195
602322,602519,602528,9,197
602322,602517,602529,12,195
602322,602519,602529,10,197
602322,602519,602529,10,197
602322,602517,602529,12,195
602322,602518,602528,10,196
602322,602519,602529,10,197
602322,602517,602530,13,195
602322,602519,602531,12,197
602322,602519,602531,12,197
602084,602219,602531,312,135
602322,602519,602531,12,197
602322,602520,602532,12,198
602322,602519,602532,13,197
602322,602530,602536,6,208
602322,602529,602536,7,207
602322,602529,602536,7,207
602322,602531,602537,6,209
602322,602531,602537,6,209
602322,602529,602538,9,207
602322,602529,602538,9,207
602322,602523,602537,14,201
602322,602528,602539,11,206
602322,602530,602538,8,208
602322,602528,602539,11,206
602322,602531,602539,8,209
602322,602529,602540,11,207
602322,602531,602539,8,209
602322,602528,602540,12,206
602322,602528,602540,12,206
602322,602532,602540,8,210
602322,602533,602541,8,211
602322,602536,602541,5,214
602322,602528,602540,12,206
602322,602538,602542,4,216
602322,602539,602541,2,217
602322,602538,602542,4,216
602322,602537,602542,5,215
602322,602538,602543,5,216
602322,602539,602543,4,217
602322,602536,602542,6,214
602322,602540,602542,2,218
602322,602537,602543,6,215
602322,602540,602543,3,218
602322,602536,602543,7,214
602322,602540,602544,4,218
602322,602541,602544,3,219
602322,602542,602543,1,220
602322,602540,602543,3,218
602322,602540,602543,3,218
602322,602541,602545,4,219
602322,602541,602545,4,219
602322,602541,602544,3,219
602322,602542,602544,2,220
602322,602543,602545,2,221
602322,602542,602544,2,220
602322,602542,602544,2,220
602322,602543,602546,3,221
602345,602543,602546,3,198
602322,602543,602546,3,221
602322,602543,602545,2,221
602345,602544,602546,2,199
602322,602543,602546,3,221
602322,602541,602546,5,219
602345,602544,602547,3,199
602345,602544,602546,2,199
602345,602545,602548,3,200
602345,602545,602548,3,200
602345,602544,602548,4,199
602345,602545,602547,2,200
602345,602545,602548,3,200
602345,602545,602548,3,200
602345,602545,602553,8,200
602345,602545,602554,9,200
602345,602546,602554,8,201
602345,602546,602556,10,201
602345,602546,602556,10,201
602345,602546,602557,11,201
602345,602547,602557,10,202
602345,602547,602557,10,202
602345,602546,602558,12,201
602345,602548,602558,10,203
602345,602548,602558,10,203
602345,602547,602558,11,202
602345,602546,602557,11,201
602345,602547,602559,12,202
602345,602548,602559,11,203
602345,602548,602560,12,203
602345,602549,602560,11,204
602345,602549,602561,12,204
602345,602558,602563,5,213
602345,602554,602564,10,209
602345,602554,602564,10,209
602345,602559,602564,5,214
602345,602558,602565,7,213
602345,602553,602564,11,208
602345,602558,602564,6,213
602345,602558,602565,7,213
602345,602558,602565,7,213
602345,602560,602566,6,215
602345,602556,602566,10,211
602345,602560,602567,7,215
602345,602557,602567,10,212
602345,602557,602566,9,212
602345,602559,602567,8,214
602345,602556,602568,12,211
602345,602557,602568,11,212
602345,602564,602569,5,219
602345,602565,602569,4,220
602345,602562,602569,7,217
602345,602564,602569,5,219
602345,602567,602570,3,222
602345,602566,602570,4,221
602345,602566,602570,4,221
602345,602565,602570,5,220
602345,602565,602570,5,220
602345,602565,602569,4,220
602345,602563,602569,6,218
602345,602565,602570,5,220
602345,602567,602571,4,222
602345,602568,602571,3,223
602345,602566,602570,4,221
602345,602567,602570,3,222
602345,602570,602572,2,225
602345,602567,602571,4,222
602345,602569,602572,3,224
602345,602570,602571,1,225
602345,602568,602572,4,223
602345,602569,602573,4,224
602345,602570,602573,3,225
602345,602570,602573,3,225
602345,602570,602572,2,225
602345,602571,602573,2,226
602345,602570,602573,3,225
602345,602570,602572,2,225
602345,602569,602573,4,224
602345,602570,602574,4,225
602378,602572,602574,2,194
602378,602571,602573,2,193
602378,602572,602575,3,194
602378,602572,602574,2,194
602378,602572,602575,3,194
602378,602572,602574,2,194
602378,602572,602574,2,194
602378,602572,602574,2,194
602378,602573,602575,2,195
602378,602573,602578,5,195
602378,602573,602583,10,195
602378,602573,602583,10,195
602378,602574,602584,10,196
602378,602573,602585,12,195
602378,602573,602585,12,195
602378,602573,602585,12,195
602378,602574,602585,11,196
602378,602574,602586,12,196
602378,602575,602585,10,197
602378,602575,602586,11,197
602378,602575,602585,10,197
602378,602576,602587,11,198
602378,602574,602586,12,196
602378,602575,602588,13,197
602378,602575,602588,13,197
602378,602575,602587,12,197
602378,602578,602590,12,200
602378,602587,602593,6,209
602378,602583,602593,10,205
602378,602584,602594,10,206
602378,602586,602594,8,208
602378,602586,602595,9,208
602378,602584,602594,10,206
602378,602587,602596,9,209
602378,602588,602596,8,210
602378,602586,602596,10,208
602378,602585,602596,11,207
602378,602585,602597,12,207
602378,602585,602597,12,207
602378,602588,602596,8,210
602378,602585,602596,11,207
602378,602586,602596,10,208
602378,602588,602598,10,210
602378,602590,602598,8,212
601990,602159,602599,440,169
602378,602596,602599,3,218
602378,602595,602599,4,217
602378,602594,602600,6,216
602378,602595,602600,5,217
602378,602593,602600,7,215
602378,602593,602600,7,215
602378,602598,602600,2,220
602378,602596,602601,5,218
602378,602597,602601,4,219
602378,602597,602601,4,219
602378,602596,602601,5,218
602378,602596,602600,4,218
602378,602597,602600,3,219
602378,602598,602602,4,220
602378,602599,602602,3,221
602378,602594,602601,7,216
602378,602600,602602,2,222
602378,602599,602602,3,221
602378,602600,602603,3,222
602378,602599,602602,3,221
602378,602600,602602,2,222
602378,602601,602603,2,223
602378,602601,602603,2,223
602378,602597,602602,5,219
602378,602601,602603,2,223
602378,602598,602602,4,220
602378,602601,602603,2,223
602422,602602,602604,2,180
602378,602601,602603,2,223
602378,602601,602604,3,223
602378,602601,602603,2,223
602378,602601,602603,2,223
602422,602602,602605,3,180
602422,602602,602605,3,180
602422,602602,602605,3,180
602422,602603,602605,2,181
602422,602603,602604,1,181
602422,602603,602605,2,181
602422,602603,602605,2,181
602422,602603,602605,2,181
602422,602603,602607,4,181
602145,602276,602611,335,131
602422,602606,602613,7,184
602422,602603,602613,10,181
602422,602607,602614,7,185
602422,602604,602615,11,182
602422,602604,602615,11,182
602422,602605,602614,9,183
602422,602606,602615,9,184
602422,602605,602615,10,183
602422,602604,602616,12,182
602422,602605,602615,10,183
602422,602604,602616,12,182
602422,602605,602616,11,183
602422,602604,602617,13,182
602058,602189,602617,428,131
602422,602605,602617,12,183
602422,602604,602617,13,182
602422,602607,602619,12,185
602422,602604,602620,16,182
602422,602611,602621,10,189
602422,602615,602623,8,193
602422,602613,602623,10,191
602422,602616,602624,8,194
602422,602616,602624,8,194
602422,602616,602624,8,194
602422,602617,602625,8,195
602422,602615,602625,10,193
602422,602613,602625,12,191
602422,602615,602625,10,193
602422,602615,602625,10,193
602422,602619,602627,8,197
602422,602618,602627,9,196
602422,602614,602626,12,192
602422,602616,602627,11,194
602422,602615,602627,12,193
602422,602618,602628,10,196
602422,602624,602627,3,202
602422,602621,602627,6,199
602422,602625,602628,3,203
602422,602620,602629,9,198
602422,602626,602629,3,204
602422,602626,602629,3,204
602422,602618,602628,10,196
602422,602624,602629,5,202
602422,602625,602629,4,203
602422,602625,602628,3,203
602422,602624,602629,5,202
602422,602625,602629,4,203
602422,602623,602631,8,201
602422,602628,602630,2,206
602422,602627,602631,4,205
602422,602627,602631,4,205
602422,602628,602631,3,206
602422,602629,602631,2,207
602422,602629,602632,3,207
602422,602629,602632,3,207
602422,602629,602631,2,207
602422,602630,602632,2,208
602422,602627,602631,4,205
602422,602628,602631,3,206
602422,602630,602632,2,208
602422,602628,602631,3,206
602422,602628,602631,3,206
602422,602628,602631,3,206
602422,602629,602632,3,207
602422,602629,602633,4,207
602422,602630,602633,3,208
602450,602631,602633,2,181
602450,602631,602632,1,181
602450,602632,602633,1,182
602450,602631,602634,3,181
602450,602631,602634,3,181
602450,602632,602634,2,182
602450,602631,602633,2,181
602450,602632,602633,1,182
602450,602632,602634,2,182
602450,602632,602636,4,182
602450,602632,602641,9,182
602450,602634,602641,7,184
602450,602635,602641,6,185
602450,602632,602643,11,182
602450,602632,602643,11,182
602450,602634,602642,8,184
602450,602633,602644,11,183
602450,602633,602643,10,183
602450,602632,602644,12,182
602450,602632,602643,11,182
602450,602633,602643,10,183
602450,602634,602645,11,184
602450,602632,602644,12,182
602450,602634,602645,11,184
602450,602634,602645,11,184
602450,602633,602645,12,183
602450,602636,602644,8,186
602450,602633,602645,12,183
602450,602644,602647,3,194
602450,602644,602648,4,194
602450,602643,602649,6,193
602450,602644,602649,5,194
602450,602644,602649,5,194
602450,602643,602650,7,193
602450,602641,602651,10,191
602450,602641,602651,10,191
602450,602643,602651,8,193
602450,602645,602652,7,195
602450,602641,602651,10,191
602450,602644,602652,8,194
602450,602645,602653,8,195
602450,602647,602653,6,197
602450,602645,602652,7,195
602450,602645,602653,8,195
602450,602645,602654,9,195
602450,602649,602654,5,199
602450,602645,602654,9,195
602450,602649,602653,4,199
602450,602648,602653,5,198
602450,602651,602654,3,201
602450,602646,602655,9,196
602450,602649,602655,6,199
602450,602653,602655,2,203
602450,602651,602655,4,201
602450,602652,602656,4,202
602450,602652,602656,4,202
602450,602651,602655,4,201
602450,602652,602656,4,202
602450,602650,602655,5,200
602450,602654,602656,2,204
602450,602653,602657,4,203
602450,602654,602656,2,204
602450,602656,602657,1,206
602450,602654,602657,3,204
602450,602654,602657,3,204
602450,602653,602656,3,203
602450,602654,602658,4,204
602450,602655,602658,3,205
602450,602656,602658,2,206
602450,602654,602657,3,204
602450,602655,602657,2,205
602461,602656,602658,2,195
602450,602654,602657,3,204
602461,602656,602658,2,195
602450,602655,602658,3,205
602450,602656,602658,2,206
602450,602656,602658,2,206
602461,602657,602659,2,196
602461,602657,602659,2,196
602461,602657,602660,3,196
602461,602657,602659,2,196
602461,602657,602659,2,196
602461,602658,602660,2,197
602461,602657,602662,5,196
602461,602658,602664,6,197
602461,602660,602669,9,199
602461,602659,602669,10,198
602461,602659,602669,10,198
602461,602658,602669,11,197
602461,602658,602669,11,197
602461,602658,602670,12,197
602461,602658,602670,12,197
602461,602658,602670,12,197
602461,602660,602671,11,199
602461,602659,602671,12,198
602461,602661,602671,10,200
602461,602658,602670,12,197
602461,602659,602671,12,198
602461,602662,602672,10,201
602461,602659,602671,12,198
602461,602661,602671,10,200
602461,602664,602674,10,203
602461,602671,602679,8,210
602461,602671,602679,8,210
602461,602669,602679,10,208
602461,602670,602680,10,209
602461,602671,602680,9,210
602461,602670,602680,10,209
602461,602669,602679,10,208
602461,602671,602681,10,210
602461,602670,602680,10,209
602461,602672,602681,9,211
602461,602672,602681,9,211
602461,602670,602682,12,209
602461,602674,602682,8,213
602461,602670,602681,11,209
602461,602669,602681,12,208
602461,602672,602682,10,211
602461,602671,602682,11,210
602461,602680,602684,4,219
602461,602681,602685,4,220
602461,602681,602685,4,220
602461,602679,602685,6,218
602461,602682,602685,3,221
602461,602681,602686,5,220
602461,602681,602686,5,220
602461,602680,602686,6,219
602461,602682,602686,4,221
602461,602679,602685,6,218
602461,602680,602686,6,219
602461,602682,602686,4,221
602461,602683,602687,4,222
602461,602680,602686,6,219
602461,602682,602686,4,221
602461,602682,602686,4,221
602461,602684,602687,3,223
602461,602685,602688,3,224
602461,602679,602687,8,218
602461,602685,602687,2,224
602461,602686,602688,2,225
602532,602687,602689,2,155
602461,602685,602689,4,224
602461,602686,602689,3,225
602461,602686,602689,3,225
602461,602686,602688,2,225
602461,602687,602689,2,226
602461,602685,602688,3,224
602461,602686,602688,2,225
602461,602687,602690,3,226
602532,602687,602690,3,155
602461,602686,602689,3,225
602461,602687,602689,2,226
602532,602688,602691,3,156
602532,602688,602690,2,156
602532,602689,602690,1,157
602532,602689,602690,1,157
602532,602689,602690,1,157
602532,602689,602692,3,157
602532,602689,602691,2,157
602532,602689,602693,4,157
602532,602692,602699,7,160
602532,602693,602699,6,161
602532,602690,602699,9,158
602532,602689,602699,10,157
602141,602249,602700,451,108
602532,602691,602701,10,159
602532,602691,602701,10,159
602532,602691,602701,10,159
602532,602691,602702,11,159
602532,602692,602702,10,160
602532,602691,602702,11,159
602532,602689,602701,12,157
602532,602689,602702,13,157
602532,602691,602703,12,159
602532,602690,602702,12,158
602532,602689,602704,15,157
602532,602701,602705,4,169
602532,602702,602705,3,170
602532,602702,602705,3,170
602532,602690,602704,14,158
602532,602699,602706,7,167
602532,602701,602706,5,169
602532,602699,602705,6,167
602532,602701,602707,6,169
602532,602702,602707,5,170
602532,602699,602707,8,167
602532,602702,602707,5,170
602532,602703,602708,5,171
602532,602699,602707,8,167
602532,602700,602707,7,168
602532,602703,602709,6,171
602532,602703,602711,8,171
602532,602708,602711,3,176
602532,602705,602711,6,173
602532,602707,602711,4,175
602532,602708,602711,3,176
602532,602707,602712,5,175
602532,602704,602711,7,172
602532,602705,602712,7,173
602532,602705,602712,7,173
602532,602706,602711,5,174
602532,602708,602711,3,176
602532,602707,602713,6,175
602532,602705,602713,8,173
602532,602708,602712,4,176
602532,602711,602713,2,179
602532,602706,602712,6,174
602532,602711,602713,2,179
602532,602706,602712,6,174
602532,602711,602714,3,179
602532,602712,602714,2,180
602532,602712,602714,2,180
602532,602712,602715,3,180
602532,602713,602715,2,181
602532,602711,602715,4,179
602532,602711,602714,3,179
602532,602712,602715,3,180
602532,602711,602715,4,179
602532,602713,602716,3,181
602532,602712,602715,3,180
602532,602713,602716,3,181
602532,602713,602715,2,181
602532,602713,602715,2,181
602532,602713,602715,2,181
602532,602712,602716,4,180
602532,602713,602716,3,181
602599,602715,602716,1,116
602599,602715,602717,2,116
602599,602715,602716,1,116
602599,602715,602716,1,116
602599,602715,602718,3,116
602599,602715,602717,2,116
602599,602715,602717,2,116
602599,602715,602718,3,116
602599,602716,602718,2,117
602599,602716,602720,4,117
602599,602716,602726,10,117
602599,602720,602727,7,121
602599,602716,602727,11,117
602599,602717,602727,10,118
602599,602717,602728,11,118
602599,602717,602728,11,118
602599,602716,602728,12,117
602599,602716,602728,12,117
602599,602717,602728,11,118
602599,602717,602729,12,118
602599,602720,602728,8,121
602599,602718,602730,12,119
602599,602719,602730,11,120
602599,602717,602729,12,118
602599,602718,602731,13,119
602599,602718,602731,13,119
602599,602726,602732,6,127
602599,602728,602733,5,129
602599,602728,602734,6,129
602599,602727,602734,7,128
602599,602728,602734,6,129
602599,602728,602734,6,129
602599,602728,602734,6,129
602599,602728,602733,5,129
602599,602729,602733,4,130
602599,602729,602734,5,130
602599,602730,602735,5,131
602599,602730,602735,5,131
602599,602729,602736,7,130
602599,602730,602735,5,131
602599,602732,602737,5,133
602599,602731,602737,6,132
602599,602735,602738,3,136
602599,602733,602738,5,134
602599,602731,602739,8,132
602599,602735,602739,4,136
602599,602734,602738,4,135
602599,602735,602739,4,136
602599,602734,602740,6,135
602599,602736,602740,4,137
602599,602734,602740,6,135
602599,602735,602739,4,136
602599,602737,602740,3,138
602599,602737,602739,2,138
602599,602738,602741,3,139
602599,602738,602741,3,139
602599,602734,602740,6,135
602599,602739,602742,3,140
602599,602734,602741,7,135
602599,602740,602742,2,141
602599,602739,602742,3,140
602599,602734,602742,8,135
602599,602739,602742,3,140
602599,602741,602743,2,142
602599,602739,602743,4,140
602599,602740,602743,3,141
602599,602741,602743,2,142
602599,602738,602743,5,139
602180,602302,602743,441,122
602599,602740,602742,2,141
602599,602740,602743,3,141
602599,602741,602744,3,142
602599,602742,602743,1,143
602599,602740,602743,3,141
602599,602740,602743,3,141
602616,602743,602745,2,127
602616,602742,602745,3,126
602616,602743,602745,2,127
602599,602742,602744,2,143
602616,602743,602746,3,127
602616,602743,602746,3,127
602616,602743,602745,2,127
602616,602742,602746,4,126
602616,602743,602745,2,127
602616,602743,602746,3,127
602211,602328,602749,421,117
602616,602743,602750,7,127
602616,602746,602754,8,130
602616,602744,602754,10,128
602616,602744,602754,10,128
602616,602744,602755,11,128
602616,602744,602756,12,128
602616,602745,602756,11,129
602616,602744,602756,12,128
602616,602745,602757,12,129
602616,602746,602756,10,130
602616,602745,602757,12,129
602616,602746,602757,11,130
602616,602745,602757,12,129
602616,602749,602758,9,133
602616,602746,602758,12,130
602616,602746,602758,12,130
602616,602746,602760,14,130
602616,602750,602762,12,134
602616,602756,602763,7,140
602616,602754,602764,10,138
602616,602754,602764,10,138
602616,602754,602765,11,138
602616,602758,602765,7,142
602616,602755,602766,11,139
602616,602756,602765,9,140
602616,602757,602766,9,141
602616,602760,602766,6,144
602616,602757,602766,9,141
602616,602757,602767,10,141
602616,602760,602767,7,144
602616,602756,602768,12,140
602616,602757,602768,11,141
602616,602758,602768,10,142
602616,602766,602769,3,150
602616,602758,602770,12,142
602616,602767,602770,3,151
602616,602766,602770,4,150
602616,602764,602770,6,148
602616,602767,602770,3,151
602616,602765,602771,6,149
602616,602766,602770,4,150
602616,602768,602771,3,152
602616,602762,602770,8,146
602616,602764,602770,6,148
602616,602766,602770,4,150
602616,602766,602771,5,150
602616,602768,602771,3,152
602616,602763,602771,8,147
602616,602770,602773,3,154
602616,602769,602773,4,153
602616,602770,602773,3,154
602616,602769,602773,4,153
602616,602765,602772,7,149
602616,602771,602774,3,155
602616,602770,602774,4,154
602616,602771,602773,2,155
602616,602771,602773,2,155
602616,602773,602774,1,157
602616,602771,602773,2,155
602616,602772,602774,2,156
602616,602770,602774,4,154
602616,602770,602775,5,154
602616,602772,602775,3,156
602619,602773,602775,2,154
602616,602771,602774,3,155
602616,602771,602774,3,155
602616,602772,602774,2,156
602619,602774,602776,2,155
602619,602773,602776,3,154
602619,602773,602776,3,154
602619,602774,602777,3,155
602619,602774,602777,3,155
602619,602774,602776,2,155
602619,602774,602776,2,155
602619,602774,602776,2,155
602619,602774,602779,5,155
602619,602774,602783,9,155
602619,602777,602784,7,158
602619,602779,602785,6,160
602619,602775,602785,10,156
602619,602775,602786,11,156
602619,602776,602786,10,157
602619,602776,602786,10,157
602619,602776,602787,11,157
602619,602777,602787,10,158
602619,602777,602787,10,158
602243,602354,602787,433,111
602619,602775,602788,13,156
602619,602775,602787,12,156
602619,602777,602788,11,158
602619,602775,602788,13,156
602619,602775,602787,12,156
602619,602783,602789,6,164
602619,602777,602790,13,158
602619,602787,602790,3,168
602619,602784,602791,7,165
602619,602787,602791,4,168
602619,602787,602791,4,168
602619,602786,602791,5,167
602619,602787,602791,4,168
602619,602788,602792,4,169
602619,602786,602792,6,167
602619,602785,602793,8,166
602619,602788,602793,5,169
602619,602786,602793,7,167
602619,602788,602793,5,169
602619,602786,602794,8,167
602619,602788,602794,6,169
602619,602788,602795,7,169
602619,602793,602796,3,174
602619,602791,602796,5,172
602619,602789,602796,7,170
602619,602793,602796,3,174
602619,602792,602797,5,173
602619,602792,602796,4,173
602619,602794,602797,3,175
602619,602794,602797,3,175
602619,602794,602797,3,175
602619,602791,602798,7,172
602619,602790,602797,7,171
602619,602793,602797,4,174
602619,602790,602797,7,171
602619,602792,602797,5,173
602619,602795,602798,3,176
602619,602796,602798,2,177
602619,602791,602798,7,172
602619,602796,602799,3,177
602619,602792,602798,6,173
602619,602796,602800,4,177
602619,602798,602800,2,179
602619,602798,602800,2,179
602619,602797,602800,3,178
602619,602798,602800,2,179
602619,602798,602801,3,179
602619,602797,602801,4,178
602619,602798,602800,2,179
602701,602799,602801,2,98
602619,602797,602800,3,178
602619,602798,602801,3,179
602619,602798,602801,3,179
602317,602488,602801,313,171
602701,602800,602802,2,99
602619,602797,602801,4,178
602701,602800,602802,2,99
602619,602798,602801,3,179
602701,602799,602802,3,98
602701,602800,602803,3,99
602701,602800,602802,2,99
602619,602796,602802,6,177
602701,602800,602802,2,99
602701,602801,602803,2,100
602701,602801,602804,3,100
602701,602801,602805,4,100
602701,602801,602810,9,100
602701,602802,602812,10,101
602701,602801,602813,12,100
602701,602803,602813,10,102
602701,602804,602813,9,103
602701,602802,602814,12,101
602701,602801,602813,12,100
602701,602802,602814,12,101
602701,602802,602814,12,101
602701,602802,602813,11,101
602701,602803,602814,11,102
602701,602803,602815,12,102
602701,602801,602815,14,100
602701,602803,602815,12,102
602701,602802,602816,14,101
602701,602805,602816,11,104
602701,602804,602815,11,103
602701,602814,602817,3,113
602249,602381,602818,437,132
602701,602814,602818,4,113
602701,602810,602819,9,109
602701,602812,602819,7,111
602701,602814,602819,5,113
602701,602814,602819,5,113
602701,602813,602820,7,112
602701,602814,602820,6,113
602701,602814,602820,6,113
602701,602813,602821,8,112
602701,602815,602821,6,114
602701,602813,602820,7,112
602701,602820,602823,3,119
602701,602820,602823,3,119
602701,602817,602823,6,116
602701,602816,602823,7,115
602701,602815,602823,8,114
602701,602816,602823,7,115
602701,602819,602824,5,118
602701,602820,602824,4,119
602701,602819,602824,5,118
602701,602815,602824,9,114
602701,602821,602824,3,120
602701,602821,602824,3,120
602701,602818,602825,7,117
602701,602823,602825,2,122
602701,602817,602825,8,116
602701,602821,602824,3,120
602701,602819,602824,5,118
602701,602819,602825,6,118
602701,602818,602825,7,117
602701,602823,602826,3,122
602701,602824,602826,2,123
602701,602825,602827,2,124
602701,602823,602826,3,122
602701,602824,602827,3,123
602701,602824,602827,3,123
602701,602824,602827,3,123
602701,602823,602827,4,122
602701,602824,602827,3,123
602701,602824,602827,3,123
602701,602826,602828,2,125
602701,602824,602828,4,123
602701,602825,602827,2,124
602701,602825,602828,3,124
602701,602823,602827,4,122
602701,602825,602828,3,124
602701,602825,602827,2,124
602744,602826,602828,2,82
602744,602827,602829,2,83
602744,602827,602829,2,83
602744,602827,602829,2,83
602744,602827,602830,3,83
602744,602827,602830,3,83
602744,602827,602830,3,83
602744,602827,602831,4,83
602744,602827,602832,5,83
602744,602827,602835,8,83
602744,602828,602838,10,84
602744,602829,602839,10,85
602744,602828,602840,12,84
602744,602828,602840,12,84
602744,602828,602840,12,84
602744,602829,602839,10,85
602744,602829,602840,11,85
602744,602830,602841,11,86
602744,602828,602841,13,84
602744,602830,602841,11,86
602744,602830,602842,12,86
602744,602828,602841,13,84
602744,602830,602842,12,86
602744,602832,602844,12,88
602263,602408,602844,436,145
602744,602830,602845,15,86
602744,602831,602846,15,87
602744,602840,602848,8,96
602744,602838,602848,10,94
602744,602835,602849,14,91
602744,602841,602848,7,97
602744,602840,602850,10,96
602744,602840,602850,10,96
602744,602839,602850,11,95
602744,602842,602851,9,98
602744,602842,602851,9,98
602744,602842,602851,9,98
602744,602844,602852,8,100
602744,602842,602851,9,98
602744,602840,602851,11,96
602744,602845,602852,7,101
602744,602841,602853,12,97
602744,602848,602853,5,104
602744,602840,602852,12,96
602744,602848,602853,5,104
602744,602850,602854,4,106
602744,602850,602855,5,106
602744,602846,602855,9,102
602744,602849,602855,6,105
602744,602851,602854,3,107
602744,602845,602854,9,101
602744,602851,602856,5,107
602744,602853,602856,3,109
602744,602852,602856,4,108
602744,602850,602856,6,106
602744,602853,602856,3,109
602744,602853,602855,2,109
602744,602853,602856,3,109
602744,602851,602855,4,107
602744,602852,602857,5,108
602744,602855,602857,2,111
602744,602853,602856,3,109
602744,602852,602856,4,108
602744,602854,602858,4,110
602744,602855,602857,2,111
602744,602856,602858,2,112
602744,602856,602858,2,112
602744,602856,602858,2,112
602744,602856,602858,2,112
602744,602849,602857,8,105
602744,602855,602859,4,111
602744,602855,602859,4,111
602744,602856,602858,2,112
602744,602855,602859,4,111
602744,602856,602859,3,112
602744,602856,602858,2,112
602756,602857,602859,2,101
602756,602858,602860,2,102
602756,602858,602860,2,102
602756,602858,602860,2,102
602756,602857,602860,3,101
602756,602858,602861,3,102
602756,602857,602860,3,101
602756,602858,602861,3,102
602756,602858,602862,4,102
602290,602434,602865,431,144
602756,602858,602865,7,102
602756,602859,602870,11,103
602756,602860,602870,10,104
602756,602859,602870,11,103
602756,602860,602870,10,104
602756,602860,602871,11,104
602756,602859,602871,12,103
602756,602859,602871,12,103
602756,602860,602870,10,104
602756,602860,602873,13,104
602756,602859,602873,14,103
602756,602858,602873,15,102
602756,602861,602874,13,105
602756,602861,602874,13,105
602756,602861,602873,12,105
602756,602862,602874,12,106
602756,602859,602874,15,103
602756,602874,602878,4,118
602756,602865,602878,13,109
602756,602870,602878,8,114
602756,602871,602879,8,115
602756,602870,602879,9,114
602756,602865,602879,14,109
602756,602874,602880,6,118
602756,602871,602880,9,115
602756,602871,602880,9,115
602756,602874,602879,5,118
602756,602871,602881,10,115
602756,602871,602880,9,115
602756,602873,602882,9,117
602756,602870,602881,11,114
602756,602875,602882,7,119
602756,602873,602882,9,117
602756,602873,602883,10,117
602756,602878,602883,5,122
602756,602880,602884,4,124
602756,602878,602884,6,122
602756,602880,602885,5,124
602756,602882,602885,3,126
602756,602880,602885,5,124
602756,602874,602884,10,118
602756,602881,602885,4,125
602756,602879,602884,5,123
602756,602878,602885,7,122
602756,602882,602886,4,126
602756,602882,602886,4,126
602756,602880,602886,6,124
602756,602880,602886,6,124
602756,602882,602886,4,126
602756,602881,602885,4,125
602756,602879,602885,6,123
602756,602883,602885,2,127
602756,602883,602887,4,127
602756,602885,602887,2,129
602756,602885,602887,2,129
602756,602884,602888,4,128
602756,602885,602888,3,129
602756,602885,602887,2,129
602756,602886,602888,2,130
602756,602885,602887,2,129
602756,602884,602887,3,128
602756,602885,602887,2,129
602756,602886,602888,2,130
602756,602886,602888,2,130
602788,602886,602889,3,98
602756,602885,602888,3,129
602756,602886,602888,2,130
602788,602887,602890,3,99
602788,602886,602890,4,98
602304,602461,602890,429,157
602788,602886,602889,3,98
602788,602887,602889,2,99
602788,602888,602891,3,100
602788,602887,602890,3,99
602788,602888,602892,4,100
602788,602888,602893,5,100
602788,602888,602897,9,100
602788,602888,602898,10,100
602788,602889,602899,10,101
602788,602888,602900,12,100
602788,602888,602900,12,100
602788,602888,602901,13,100
602788,602890,602901,11,102
602788,602891,602901,10,103
602788,602890,602902,12,102
602788,602889,602902,13,101
602788,602890,602902,12,102
602788,602891,602901,10,103
602788,602893,602903,10,105
602788,602892,602903,11,104
602788,602891,602902,11,103
602788,602890,602904,14,102
602788,602890,602904,14,102
602788,602891,602904,13,103
602788,602897,602906,9,109
602788,602898,602909,11,110
602788,602904,602909,5,116
602788,602901,602909,8,113
602788,602904,602910,6,116
602788,602903,602910,7,115
602788,602903,602910,7,115
602788,602905,602909,4,117
602788,602901,602910,9,113
602788,602899,602909,10,111
602788,602903,602910,7,115
602788,602903,602911,8,115
602788,602901,602911,10,113
602788,602902,602912,10,114
602788,602906,602912,6,118
602788,602902,602913,11,114
602788,602902,602913,11,114
602788,602900,602913,13,112
602788,602909,602914,5,121
602788,602910,602914,4,122
602788,602911,602914,3,123
602788,602912,602915,3,124
602788,602911,602915,4,123
602788,602912,602915,3,124
602788,602901,602915,14,113
602788,602910,602915,5,122
602788,602910,602916,6,122
602788,602910,602916,6,122
602788,602913,602916,3,125
602788,602909,602915,6,121
602788,602910,602915,5,122
602788,602909,602916,7,121
602788,602910,602915,5,122
602788,602910,602915,5,122
602788,602914,602916,2,126
602788,602913,602918,5,125
602788,602913,602918,5,125
602788,602915,602918,3,127
602788,602915,602918,3,127
602788,602915,602918,3,127
602788,602916,602918,2,128
602788,602915,602918,3,127
602788,602915,602918,3,127
602788,602916,602918,2,128
602788,602916,602919,3,128
602802,602916,602919,3,114
602788,602915,602918,3,127
602788,602916,602918,2,128
602788,602915,602918,3,127
602802,602918,602920,2,116
602802,602917,602919,2,115
602802,602918,602920,2,116
602802,602917,602919,2,115
602802,602916,602919,3,114
602802,602918,602921,3,116
602802,602918,602921,3,116
602802,602918,602921,3,116
602802,602918,602922,4,116
602802,602918,602927,9,116
602802,602919,602929,10,117
602802,602920,602930,10,118
602802,602919,602931,12,117
602802,602920,602931,11,118
602802,602919,602931,12,117
602802,602919,602931,12,117
602802,602919,602931,12,117
602802,602922,602932,10,120
602802,602919,602932,13,117
602802,602922,602931,9,120
602802,602919,602931,12,117
602802,602920,602931,11,118
602802,602921,602931,10,119
602802,602920,602932,12,118
602802,602921,602933,12,119
602319,602516,602933,417,197
602802,602920,602935,15,118
602802,602932,602935,3,130
602802,602927,602936,9,125
602802,602932,602936,4,130
602802,602929,602936,7,127
602802,602932,602936,4,130
602802,602933,602937,4,131
602802,602932,602937,5,130
602802,602932,602938,6,130
602802,602933,602937,4,131
602802,602932,602937,5,130
602802,602933,602938,5,131
602802,602930,602938,8,128
602802,602935,602939,4,133
602802,602931,602938,7,129
602802,602936,602938,2,134
602802,602931,602940,9,129
602802,602931,602940,9,129
602802,602931,602940,9,129
602802,602931,602939,8,129
602802,602936,602940,4,134
602802,602937,602940,3,135
602802,602937,602941,4,135
602802,602936,602940,4,134
602802,602935,602941,6,133
602802,602937,602942,5,135
602802,602939,602942,3,137
602802,602938,602942,4,136
602802,602938,602942,4,136
602802,602940,602943,3,138
602802,602938,602943,5,136
602802,602940,602943,3,138
602802,602938,602943,5,136
602802,602940,602943,3,138
602802,602938,602943,5,136
602802,602942,602944,2,140
602802,602941,602944,3,139
602802,602940,602943,3,138
602802,602942,602944,2,140
602802,602939,602943,4,137
602802,602940,602944,4,138
602802,602940,602945,5,138
602802,602942,602945,3,140
602802,602943,602945,2,141
602802,602942,602944,2,140
602802,602943,602944,1,141
602802,602941,602944,3,139
602802,602941,602944,3,139
602819,602944,602946,2,125
602802,602941,602945,4,139
602819,602943,602946,3,124
602819,602944,602947,3,125
602819,602944,602947,3,125
602819,602943,602947,4,124
602819,602944,602947,3,125
602819,602944,602947,3,125
602819,602944,602947,3,125
602819,602944,602949,5,125
602819,602945,602953,8,126
602422,602631,602955,324,209
602819,602945,602956,11,126
602819,602945,602957,12,126
602819,602948,602957,9,129
602819,602946,602956,10,127
602819,602945,602956,11,126
602819,602945,602958,13,126
602819,602945,602958,13,126
602819,602947,602958,11,128
602819,602946,602959,13,127
602819,602947,602959,12,128
602819,602945,602958,13,126
602819,602947,602959,12,128
602819,602947,602959,12,128
602819,602946,602959,13,127
602819,602950,602961,11,131
602819,602947,602960,13,128
602819,602953,602963,10,134
602819,602955,602963,8,136
602819,602958,602964,6,139
602819,602958,602965,7,139
602819,602956,602964,8,137
602819,602957,602965,8,138
602819,602959,602966,7,140
602819,602959,602967,8,140
602819,602960,602967,7,141
602819,602957,602966,9,138
602451,602656,602967,311,205
602819,602958,602966,8,139
602819,602957,602968,11,138
602819,602958,602968,10,139
602819,602959,602967,8,140
602819,602964,602969,5,145
602819,602960,602968,8,141
602819,602961,602969,8,142
602819,602965,602970,5,146
602819,602964,602970,6,145
602819,602966,602970,4,147
602819,602961,602970,9,142
602819,602959,602970,11,140
602819,602963,602970,7,144
602819,602966,602970,4,147
602819,602968,602972,4,149
602819,602968,602972,4,149
602819,602967,602971,4,148
602819,602969,602972,3,150
602819,602967,602972,5,148
602819,602966,602971,5,147
602819,602967,602972,5,148
602819,602967,602973,6,148
602819,602969,602973,4,150
602819,602968,602973,5,149
602819,602970,602972,2,151
602819,602970,602973,3,151
602819,602972,602974,2,153
602819,602972,602973,1,153
602819,602968,602973,5,149
602819,602970,602973,3,151
602819,602972,602974,2,153
602819,602972,602974,2,153
602819,602970,602973,3,151
602819,602970,602973,3,151
602819,602970,602973,3,151
602819,602971,602973,2,152
602819,602970,602973,3,151
602819,602972,602975,3,153
602845,602973,602975,2,128
602819,602972,602974,2,153
602845,602973,602975,2,128
602845,602974,602976,2,129
602845,602973,602976,3,128
602845,602973,602975,2,128
602845,602974,602976,2,129
602845,602974,602977,3,129
602845,602974,602976,2,129
602845,602974,602976,2,129
602845,602974,602980,6,129
602845,602974,602982,8,129
602845,602977,602984,7,132
602845,602977,602985,8,132
602845,602974,602985,11,129
602845,602974,602985,11,129
602322,602543,602986,443,221
602845,602975,602986,11,130
602845,602974,602986,12,129
602845,602976,602986,10,131
602845,602974,602986,12,129
602845,602975,602987,12,130
602845,602975,602987,12,130
602845,602976,602986,10,131
602845,602977,602986,9,132
602845,602975,602987,12,130
602845,602976,602989,13,131
602845,602976,602989,13,131
602845,602980,602989,9,135
602845,602975,602989,14,130
602845,602986,602990,4,141
602845,602986,602990,4,141
602845,602986,602991,5,141
602845,602986,602991,5,141
602845,602987,602991,4,142
602845,602982,602992,10,137
602845,602986,602992,6,141
602845,602984,602993,9,139
602845,602987,602993,6,142
602845,602985,602993,8,140
602845,602987,602992,5,142
602845,602987,602992,5,142
602845,602989,602994,5,144
602845,602985,602993,8,140
602845,602990,602994,4,145
602845,602988,602994,6,143
602845,602985,602995,10,140
602845,602989,602995,6,144
602845,602991,602995,4,146
602845,602989,602994,5,144
602845,602990,602996,6,145
602845,602990,602995,5,145
602845,602992,602996,4,147
602845,602991,602996,5,146
602845,602991,602997,6,146
602845,602993,602997,4,148
602845,602993,602997,4,148
602845,602992,602996,4,147
602845,602994,602998,4,149
602845,602993,602998,5,148
602845,602994,602998,4,149
602845,602994,602997,3,149
602845,602994,602997,3,149
602845,602994,602997,3,149
602845,602995,602997,2,150
602845,602995,602999,4,150
602845,602996,602999,3,151
602845,602996,602999,3,151
602845,602997,602998,1,152
602845,602997,602998,1,152
602845,602995,602999,4,150
602845,602997,603000,3,152
602845,602996,602999,3,151
602845,602995,602999,4,150
602845,602997,602999,2,152
602871,602998,603000,2,127
602845,602993,602999,6,148
602845,602996,602999,3,151
602871,602998,603001,3,127
602871,602998,603001,3,127
602871,602998,603000,2,127
602871,602998,603000,2,127
602871,602999,603002,3,128
602871,602998,603001,3,127
602871,602999,603002,3,128
602871,602999,603001,2,128
602871,603000,603004,4,129
602871,603000,603007,7,129
602346,602571,603010,439,225
602871,603002,603011,9,131
602871,603002,603011,9,131
602871,603001,603011,10,130
602871,603001,603012,11,130
602871,603000,603012,12,129
602871,603000,603012,12,129
602871,603001,603012,11,130
602871,603000,603012,12,129
602871,603002,603012,10,131
602871,603002,603013,11,131
602871,603000,603013,13,129
602871,603004,603013,9,133
602871,603000,603013,13,129
602871,603000,603012,12,129
602871,603000,603012,12,129
602871,603000,603014,14,129
602871,603001,603013,12,130
602871,603013,603015,2,142
602871,603008,603015,7,137
602871,603012,603016,4,141
602871,603013,603016,3,142
602871,603012,603015,3,141
602871,603012,603015,3,141
602871,603013,603016,3,142
602871,603013,603017,4,142
602871,603012,603017,5,141
602871,603013,603017,4,142
602871,603014,603017,3,143
602871,603013,603017,4,142
602871,603012,603018,6,141
602871,603015,603019,4,144
602871,603011,603019,8,140
602871,603014,603019,5,143
602871,603011,603019,8,140
602871,603010,603019,9,139
602871,603012,603019,7,141
602871,603016,603020,4,145
602871,603015,603019,4,144
602871,603011,603019,8,140
602871,603016,603021,5,145
602871,603017,603021,4,146
602871,603016,603020,4,145
602871,603019,603021,2,148
602871,603016,603021,5,145
602871,603016,603022,6,145
602871,603017,603022,5,146
602871,603018,603022,4,147
602871,603018,603022,4,147
602871,603019,603021,2,148
602871,603017,603022,5,146
602871,603019,603023,4,148
602871,603021,603023,2,150
602871,603017,603022,5,146
602871,603020,603022,2,149
602871,603019,603023,4,148
602871,603021,603024,3,150
602871,603022,603023,1,151
602871,603020,603023,3,149
602871,603021,603024,3,150
602871,603022,603023,1,151
602871,603019,603024,5,148
602871,603022,603024,2,151
602871,603020,603023,3,149
602899,603022,603025,3,123
602899,603022,603025,3,123
602871,603021,603024,3,150
602899,603022,603024,2,123
602899,603024,603025,1,125
602899,603023,603026,3,124
602899,603023,603026,3,124
602899,603024,603027,3,125
602899,603023,603026,3,124
602899,603023,603026,3,124
602899,603024,603028,4,125
602899,603024,603033,9,125
602899,603024,603034,10,125
602899,603024,603034,10,125
602379,602602,603035,433,223
602899,603024,603034,10,125
602899,603025,603036,11,126
602899,603024,603036,12,125
602899,603027,603036,9,128
602899,603024,603036,12,125
602899,603024,603036,12,125
602899,603025,603037,12,126
602899,603027,603037,10,128
602899,603025,603036,11,126
602899,603026,603038,12,127
602899,603027,603038,11,128
602899,603025,603037,12,126
602899,603026,603038,12,127
602899,603029,603037,8,130
602899,603025,603040,15,126
602899,603037,603040,3,138
602899,603036,603041,5,137
602899,603036,603041,5,137
602899,603038,603041,3,139
602899,603036,603041,5,137
602899,603037,603041,4,138
602899,603033,603041,8,134
602899,603038,603042,4,139
602899,603037,603041,4,138
602899,603034,603041,7,135
602899,603036,603043,7,137
602899,603038,603043,5,139
602899,603038,603042,4,139
602899,603038,603042,4,139
602899,603035,603044,9,136
602899,603040,603044,4,141
602899,603034,603044,10,135
602899,603035,603044,9,136
602899,603041,603044,3,142
602899,603040,603043,3,141
602899,603036,603044,8,137
602899,603041,603046,5,142
602899,603043,603046,3,144
602899,603041,603046,5,142
602899,603043,603046,3,144
602899,603041,603045,4,142
602899,603043,603046,3,144
602899,603044,603047,3,145
602899,603042,603046,4,143
602899,603041,603046,5,142
602899,603041,603046,5,142
602899,603044,603046,2,145
602899,603042,603047,5,143
602899,603043,603047,4,144
602899,603044,603048,4,145
602899,603046,603048,2,147
602899,603044,603048,4,145
602899,603046,603048,2,147
602899,603045,603047,2,146
602899,603044,603048,4,145
602899,603044,603047,3,145
602899,603043,603049,6,144
602899,603046,603049,3,147
602899,603046,603048,2,147
602899,603046,603048,2,147
602899,603047,603048,1,148
602934,603047,603049,2,113
602934,603047,603050,3,113
602934,603047,603050,3,113
602899,603046,603049,3,147
602934,603048,603051,3,114
602934,603047,603051,4,113
602934,603048,603051,3,114
602934,603048,603051,3,114
602934,603048,603050,2,114
602934,603048,603050,2,114
602934,603048,603052,4,114
602599,602742,603057,315,143
602934,603048,603058,10,114
602934,603051,603059,8,117
602934,603051,603060,9,117
602934,603050,603060,10,116
602934,603048,603060,12,114
602934,603049,603061,12,115
602934,603050,603061,11,116
602934,603050,603060,10,116
602934,603052,603060,8,118
602934,603049,603061,12,115
602934,603050,603061,11,116
602934,603051,603061,10,117
602934,603050,603062,12,116
602934,603051,603062,11,117
602934,603051,603063,12,117
602934,603050,603063,13,116
602934,603061,603064,3,127
602934,603049,603064,15,115
602934,603057,603065,8,123
602934,603061,603065,4,127
602934,603062,603065,3,128
602934,603061,603066,5,127
602934,603061,603066,5,127
602934,603051,603065,14,117
602934,603062,603066,4,128
602934,603060,603067,7,126
602934,603059,603066,7,125
602934,603061,603066,5,127
602934,603061,603068,7,127
602934,603064,603068,4,130
602934,603063,603068,5,129
602934,603063,603067,4,129
602934,603058,603067,9,124
602934,603060,603069,9,126
602934,603065,603069,4,131
602934,603060,603069,9,126
602934,603062,603068,6,128
602934,603065,603069,4,131
602934,603065,603070,5,131
602934,603065,603070,5,131
602934,603066,603071,5,132
602934,603067,603070,3,133
602934,603068,603071,3,134
602934,603066,603071,5,132
602934,603067,603071,4,133
602934,603068,603071,3,134
602934,603066,603072,6,132
602934,603068,603072,4,134
602934,603069,603072,3,135
602934,603068,603072,4,134
602934,603067,603071,4,133
602934,603069,603072,3,135
602934,603066,603072,6,132
602934,603071,603073,2,137
602934,603068,603073,5,134
602934,603069,603072,3,135
602934,603070,603072,2,136
602934,603071,603073,2,137
602934,603071,603074,3,137
602934,603070,603074,4,136
602934,603071,603074,3,137
602934,603069,603073,4,135
602934,603072,603074,2,138
602934,603071,603073,2,137
602934,603070,603073,3,136
602957,603072,603075,3,115
602957,603073,603074,1,116
602957,603072,603075,3,115
602957,603072,603076,4,115
602957,603072,603075,3,115
602957,603072,603076,4,115
602957,603073,603075,2,116
602957,603072,603075,3,115
602957,603073,603076,3,116
602957,603073,603078,5,116
602957,603073,603084,11,116
602957,603076,603084,8,119
602957,603074,603085,11,117
602957,603075,603085,10,118
602957,603074,603086,12,117
602957,603074,603086,12,117
602957,603075,603085,10,118
602957,603074,603086,12,117
602957,603078,603085,7,121
602957,603074,603087,13,117
602957,603076,603086,10,119
602957,603075,603087,12,118
602957,603077,603086,9,120
602957,603075,603087,12,118
602957,603076,603088,12,119
602957,603074,603089,15,117
602957,603076,603088,12,119
602957,603076,603089,13,119
602957,603087,603091,4,130
602957,603087,603091,4,130
602957,603087,603091,4,130
602957,603087,603091,4,130
602957,603084,603092,8,127
602957,603088,603092,4,131
602957,603084,603092,8,127
602957,603087,603092,5,130
602957,603087,603092,5,130
602957,603089,603093,4,132
602957,603085,603093,8,128
602957,603086,603093,7,129
602957,603085,603093,8,128
602957,603086,603094,8,129
602957,603089,603094,5,132
602957,603089,603093,4,132
602957,603086,603094,8,129
602957,603091,603095,4,134
602957,603092,603095,3,135
602957,603086,603095,9,129
602957,603092,603096,4,135
602957,603092,603096,4,135
602957,603091,603097,6,134
602957,603093,603096,3,136
602957,603094,603097,3,137
602957,603091,603097,6,134
602957,603092,603097,5,135
602957,603094,603097,3,137
602957,603091,603098,7,134
602957,603093,603098,5,136
602957,603094,603098,4,137
602957,603093,603097,4,136
602957,603094,603097,3,137
602957,603092,603097,5,135
602957,603097,603099,2,140
602957,603094,603098,4,137
602957,603097,603099,2,140
602957,603095,603099,4,138
602957,603097,603100,3,140
602957,603095,603100,5,138
602957,603096,603100,4,139
602957,603097,603099,2,140
602968,603098,603100,2,130
602957,603097,603100,3,140
602957,603096,603100,4,139
602957,603095,603099,4,138
602968,603099,603101,2,131
602957,603098,603100,2,141
602968,603098,603101,3,130
602957,603097,603100,3,140
602968,603098,603100,2,130
602968,603099,603102,3,131
602968,603099,603101,2,131
602968,603099,603101,2,131
602968,603100,603103,3,132
602968,603099,603102,3,131
602968,603100,603104,4,132
602968,603100,603106,6,132
602968,603103,603110,7,135
602968,603100,603110,10,132
602968,603101,603111,10,133
602968,603100,603111,11,132
602968,603101,603110,9,133
602968,603102,603111,9,134
602968,603101,603110,9,133
602968,603102,603112,10,134
602968,603101,603112,11,133
602968,603102,603112,10,134
602968,603104,603113,9,136
602968,603102,603112,10,134
602968,603100,603113,13,132
602968,603106,603114,8,138
602968,603103,603113,10,135
602968,603103,603113,10,135
602968,603100,603115,15,132
602968,603114,603117,3,146
602968,603110,603118,8,142
602968,603114,603118,4,146
602968,603113,603118,5,145
602968,603115,603118,3,147
602968,603113,603118,5,145
602968,603113,603119,6,145
602968,603110,603118,8,142
602968,603113,603119,6,145
602968,603114,603119,5,146
602968,603111,603118,7,143
602968,603111,603118,7,143
602968,603112,603119,7,144
602968,603111,603119,8,143
602968,603112,603119,7,144
602462,602687,603120,433,225
602968,603111,603120,9,143
602968,603118,603121,3,150
602968,603112,603122,10,144
602968,603119,603122,3,151
602968,603117,603121,4,149
602968,603120,603123,3,152
602968,603118,603123,5,150
602968,603118,603123,5,150
602968,603118,603123,5,150
602968,603119,603124,5,151
602968,603118,603124,6,150
602968,603119,603124,5,151
602968,603119,603123,4,151
602968,603119,603124,5,151
602968,603119,603124,5,151
602968,603120,603125,5,152
602968,603121,603125,4,153
602968,603120,603124,4,152
602968,603121,603124,3,153
602968,603120,603124,4,152
602968,603124,603126,2,156
602968,603123,603126,3,155
602968,603123,603127,4,155
602968,603124,603127,3,156
602968,603124,603127,3,156
602968,603123,603126,3,155
602968,603124,603126,2,156
602968,603123,603127,4,155
602968,603123,603127,4,155
602968,603124,603126,2,156
602986,603125,603128,3,139
602986,603125,603128,3,139
602968,603122,603127,5,154
602968,603122,603127,5,154
602986,603125,603128,3,139
602986,603125,603127,2,139
602986,603126,603129,3,140
602986,603125,603129,4,139
602986,603126,603128,2,140
602986,603127,603128,1,141
602986,603127,603129,2,141
602986,603127,603132,5,141
602986,603127,603135,8,141
602986,603129,603137,8,143
602986,603127,603137,10,141
602986,603128,603138,10,142
602986,603129,603137,8,143
602986,603128,603139,11,142
602986,603130,603139,9,144
602986,603127,603139,12,141
602986,603128,603140,12,142
602986,603127,603139,12,141
602986,603127,603141,14,141
602986,603128,603140,12,142
602986,603128,603142,14,142
602986,603128,603141,13,142
602986,603129,603142,13,143
602986,603132,603142,10,146
602986,603135,603143,8,149
602986,603129,603142,13,143
602986,603137,603145,8,151
602986,603141,603145,4,155
602986,603137,603145,8,151
602986,603140,603145,5,154
602986,603142,603146,4,156
602986,603141,603146,5,155
602986,603140,603146,6,154
602986,603140,603146,6,154
602986,603143,603146,3,157
602986,603139,603146,7,153
602986,603138,603146,8,152
602986,603138,603146,8,152
602986,603142,603146,4,156
602986,603142,603147,5,156
602986,603142,603148,6,156
602986,603139,603147,8,153
602533,602714,603149,435,181
602986,603145,603149,4,159
602986,603143,603148,5,157
602986,603145,603150,5,159
602986,603146,603149,3,160
602986,603147,603150,3,161
602986,603147,603149,2,161
602986,603146,603150,4,160
602986,603145,603149,4,159
602986,603145,603150,5,159
602986,603146,603151,5,160
602986,603147,603151,4,161
602986,603146,603151,5,160
602986,603147,603151,4,161
602986,603146,603152,6,160
602986,603146,603151,5,160
602986,603150,603152,2,164
602986,603148,603152,4,162
602986,603148,603152,4,162
602986,603150,603153,3,164
602986,603149,603152,3,163
602986,603150,603153,3,164
602986,603150,603152,2,164
602986,603150,603153,3,164
602986,603149,603153,4,163
602986,603151,603154,3,165
602986,603151,603154,3,165
602986,603150,603154,4,164
602986,603151,603153,2,165
602986,603151,603154,3,165
602986,603150,603153,3,164
603011,603152,603154,2,141
603011,603153,603155,2,142
603011,603153,603154,1,142
603011,603152,603154,2,141
603011,603153,603155,2,142
602986,603150,603154,4,164
603011,603153,603155,2,142
603011,603153,603156,3,142
603011,603152,603155,3,141
603011,603152,603155,3,141
603011,603153,603159,6,142
603011,603154,603164,10,143
603011,603156,603165,9,145
603011,603155,603165,10,144
603011,603155,603165,10,144
603011,603155,603166,11,144
603011,603154,603166,12,143
603011,603156,603166,10,145
603011,603155,603165,10,144
603011,603155,603165,10,144
603011,603156,603166,10,145
603011,603154,603166,12,143
603011,603155,603167,12,144
603011,603154,603166,12,143
603011,603154,603168,14,143
603011,603156,603167,11,145
603011,603159,603168,9,148
603011,603154,603168,14,143
603011,603166,603171,5,155
603011,603167,603171,4,156
603011,603166,603171,5,155
603011,603166,603172,6,155
603011,603167,603172,5,156
603011,603168,603172,4,157
603011,603168,603173,5,157
603011,603166,603173,7,155
603011,603168,603173,5,157
603011,603164,603174,10,153
603011,603168,603174,6,157
603011,603166,603174,8,155
603011,603165,603173,8,154
603011,603165,603174,9,154
603011,603167,603173,6,156
603011,603166,603174,8,155
603011,603171,603175,4,160
603011,603165,603174,9,154
603011,603172,603176,4,161
603011,603171,603176,5,160
603011,603172,603176,4,161
603011,603174,603176,2,163
603011,603175,603177,2,164
603011,603174,603177,3,163
603011,603174,603177,3,163
603011,603174,603177,3,163
603011,603172,603178,6,161
603011,603173,603178,5,162
603011,603174,603178,4,163
603011,603172,603177,5,161
603011,603175,603177,2,164
603011,603176,603179,3,165
603011,603173,603179,6,162
603011,603173,603179,6,162
603011,603174,603178,4,163
603011,603176,603180,4,165
603011,603177,603180,3,166
603011,603177,603179,2,166
603011,603177,603179,2,166
603011,603174,603179,5,163
603011,603178,603181,3,167
603011,603178,603181,3,167
603011,603178,603181,3,167
603011,603177,603180,3,166
603011,603179,603180,1,168
603011,603178,603180,2,167
603011,603177,603180,3,166
603011,603177,603180,3,166
603036,603180,603182,2,144
603036,603180,603182,2,144
603036,603179,603182,3,143
603036,603180,603183,3,144
603036,603180,603183,3,144
603036,603179,603182,3,143
603036,603180,603182,2,144
603036,603179,603182,3,143
603036,603181,603184,3,145
603036,603181,603187,6,145
603036,603181,603192,11,145
603036,603182,603192,10,146
603036,603181,603192,11,145
603036,603182,603192,10,146
603036,603182,603192,10,146
603036,603181,603193,12,145
603036,603182,603192,10,146
603036,603181,603194,13,145
603036,603183,603195,12,147
603036,603183,603195,12,147
603036,603183,603195,12,147
603036,603184,603195,11,148
603036,603183,603196,13,147
603036,603183,603196,13,147
603036,603182,603195,13,146
603036,603187,603197,10,151
603036,603196,603200,4,160
603036,603192,603200,8,156
603036,603196,603200,4,160
603036,603195,603200,5,159
603036,603194,603201,7,158
603036,603196,603201,5,160
603036,603192,603201,9,156
603036,603193,603201,8,157
603036,603192,603202,10,156
603036,603193,603202,9,157
603036,603196,603202,6,160
603036,603195,603201,6,159
603036,603193,603202,9,157
603036,603195,603202,7,159
603036,603194,603202,8,158
603036,603198,603203,5,162
603036,603200,603204,4,164
603036,603200,603204,4,164
603036,603201,603205,4,165
603036,603201,603205,4,165
602616,602773,603205,432,157
603036,603200,603205,5,164
603036,603202,603206,4,166
603036,603204,603206,2,168
603036,603201,603207,6,165
603036,603201,603207,6,165
603036,603202,603207,5,166
603036,603201,603206,5,165
603036,603202,603206,4,166
603036,603204,603207,3,168
603036,603202,603206,4,166
603036,603202,603208,6,166
603036,603202,603207,5,166
603036,603203,603207,4,167
603036,603203,603207,4,167
603036,603205,603207,2,169
603036,603205,603209,4,169
603036,603207,603209,2,171
603036,603205,603208,3,169
603036,603207,603210,3,171
603036,603208,603210,2,172
603036,603206,603210,4,170
603036,603207,603209,2,171
603036,603207,603210,3,171
603036,603205,603210,5,169
603036,603206,603209,3,170
603061,603208,603210,2,147
603036,603208,603210,2,172
603036,603208,603211,3,172
603036,603207,603211,4,171
603036,603207,603210,3,171
603061,603209,603211,2,148
603061,603210,603212,2,149
603061,603210,603212,2,149
603061,603209,603211,2,148
603061,603210,603212,2,149
603061,603208,603211,3,147
603061,603209,603212,3,148
603061,603210,603212,2,149
603061,603210,603213,3,149
603061,603210,603218,8,149
603061,603213,603219,6,152
603061,603213,603220,7,152
603061,603212,603220,8,151
603061,603210,603220,10,149
603061,603212,603221,9,151
603061,603212,603221,9,151
603061,603213,603221,8,152
603061,603210,603220,10,149
603061,603211,603222,11,150
603061,603211,603222,11,150
603061,603212,603221,9,151
603061,603212,603222,10,151
603061,603210,603223,13,149
603061,603211,603222,11,150
603061,603220,603224,4,159
603061,603212,603224,12,151
603061,603218,603223,5,157
603061,603220,603225,5,159
603061,603220,603225,5,159
603061,603220,603227,7,159
603061,603225,603228,3,164
603061,603221,603229,8,160
603061,603225,603229,4,164
603061,603227,603229,2,166
603061,603221,603229,8,160
603061,603225,603229,4,164
603061,603222,603229,7,161
603061,603221,603230,9,160
603061,603222,603231,9,161
603061,603224,603231,7,163
603061,603228,603231,3,167
603061,603223,603231,8,162
603061,603222,603230,8,161
603061,603224,603230,6,163
603061,603229,603230,1,168
603061,603222,603232,10,161
603061,603221,603231,10,160
603061,603230,603232,2,169
603061,603229,603232,3,168
603061,603223,603232,9,162
603061,603230,603233,3,169
603061,603230,603234,4,169
603061,603230,603235,5,169
603061,603231,603235,4,170
603061,603231,603235,4,170
603061,603232,603235,3,171
603061,603232,603235,3,171
603061,603232,603235,3,171
603061,603232,603234,2,171
603061,603232,603234,2,171
603061,603231,603235,4,170
603061,603231,603236,5,170
603061,603234,603236,2,173
603061,603231,603236,5,170
603061,603233,603237,4,172
603061,603233,603236,3,172
603061,603235,603237,2,174
603061,603232,603236,4,171
603061,603235,603237,2,174
603121,603235,603237,2,114
603061,603233,603236,3,172
603061,603235,603238,3,174
603061,603235,603238,3,174
602789,602916,603238,322,127
603061,603235,603237,2,174
603121,603236,603239,3,115
603121,603236,603238,2,115
603121,603236,603239,3,115
603061,603235,603238,3,174
603121,603237,603240,3,116
603121,603236,603240,4,115
603121,603237,603240,3,116
603121,603237,603239,2,116
603121,603237,603239,2,116
603121,603237,603240,3,116
602802,602943,603241,298,141
602620,602798,603243,445,178
603121,603237,603243,6,116
603121,603240,603246,6,119
603121,603239,603248,9,118
603121,603238,603248,10,117
603121,603241,603248,7,120
603121,603238,603248,10,117
603121,603240,603249,9,119
603121,603240,603248,8,119
603121,603239,603249,10,118
603121,603238,603250,12,117
603121,603238,603250,12,117
603121,603243,603249,6,122
603121,603239,603250,11,118
603121,603238,603249,11,117
603121,603240,603250,10,119
603121,603240,603251,11,119
603121,603239,603251,12,118
603121,603243,603252,9,122
603121,603243,603253,10,122
603121,603246,603254,8,125
603121,603248,603255,7,127
603121,603248,603255,7,127
603121,603248,603257,9,127
603121,603248,603257,9,127
603121,603250,603257,7,129
603121,603249,603258,9,128
603121,603249,603258,9,128
603121,603251,603258,7,130
603121,603252,603258,6,131
603121,603250,603259,9,129
603121,603250,603258,8,129
602701,602826,603260,434,125
603121,603256,603260,4,135
603121,603253,603259,6,132
603121,603250,603261,11,129
603121,603257,603261,4,136
603121,603250,603261,11,129
603121,603251,603260,9,130
603121,603257,603261,4,136
603121,603251,603261,10,130
603121,603257,603263,6,136
603121,603258,603263,5,137
603121,603255,603263,8,134
603121,603249,603263,14,128
603121,603258,603263,5,137
603121,603254,603263,9,133
603121,603259,603263,4,138
603121,603260,603264,4,139
603121,603259,603264,5,138
603121,603259,603264,5,138
603121,603259,603263,4,138
603121,603260,603264,4,139
603121,603261,603265,4,140
603121,603263,603265,2,142
603121,603260,603264,4,139
603121,603261,603264,3,140
603121,603263,603264,1,142
603149,603264,603266,2,115
603121,603262,603266,4,141
603121,603263,603265,2,142
603121,603263,603266,3,142
603121,603261,603265,4,140
603149,603264,603266,2,115
603121,603263,603265,2,142
603121,603261,603266,5,140
603121,603261,603265,4,140
603121,603264,603265,1,143
603149,603264,603267,3,115
603149,603264,603267,3,115
603121,603264,603266,2,143
603149,603265,603267,2,116
603149,603266,603268,2,117
603149,603265,603267,2,116
603149,603265,603267,2,116
603149,603265,603267,2,116
603149,603265,603267,2,116
603149,603268,603273,5,119
603149,603268,603274,6,119
603149,603268,603273,5,119
603149,603268,603273,5,119
603149,603268,603275,7,119
603149,603267,603276,9,118
603149,603266,603276,10,117
603149,603268,603275,7,119
603149,603266,603276,10,117
603149,603267,603276,9,118
603149,603267,603277,10,118
603149,603267,603278,11,118
603149,603266,603277,11,117
603149,603266,603278,12,117
603149,603266,603277,11,117
603149,603266,603278,12,117
603149,603273,603279,6,124
603149,603266,603278,12,117
603149,603266,603279,13,117
603149,603279,603281,2,130
603149,603274,603282,8,125
603149,603279,603282,3,130
603149,603279,603283,4,130
603149,603278,603283,5,129
603149,603281,603283,2,132
603149,603276,603284,8,127
603149,603278,603284,6,129
603149,603276,603283,7,127
603149,603276,603285,9,127
603149,603282,603285,3,133
603149,603282,603285,3,133
603149,603274,603284,10,125
603149,603274,603284,10,125
603149,603275,603286,11,126
603149,603278,603286,8,129
603149,603277,603286,9,128
603149,603276,603285,9,127
603149,603276,603286,10,127
603149,603278,603285,7,129
603149,603283,603286,3,134
603149,603283,603286,3,134
603149,603278,603286,8,129
603149,603283,603286,3,134
603149,603284,603288,4,135
603149,603286,603288,2,137
603149,603284,603288,4,135
603149,603285,603288,3,136
603149,603285,603289,4,136
603149,603285,603289,4,136
602744,602856,603290,434,112
603149,603285,603290,5,136
603149,603288,603290,2,139
603149,603285,603289,4,136
603149,603286,603290,4,137
603149,603288,603291,3,139
603149,603289,603290,1,140
603149,603286,603291,5,137
603149,603288,603291,3,139
603149,603288,603290,2,139
603149,603284,603290,6,135
603149,603286,603291,5,137
603149,603286,603290,4,137
603149,603287,603290,3,138
603205,603290,603292,2,85
603149,603286,603291,5,137
603149,603288,603291,3,139
603205,603290,603292,2,85
603149,603289,603291,2,140
603205,603290,603293,3,85
603205,603291,603292,1,86
603205,603291,603292,1,86
603205,603290,603293,3,85
603205,603290,603292,2,85
603205,603290,603292,2,85
603205,603291,603294,3,86
603205,603291,603293,2,86
603205,603291,603298,7,86
603205,603293,603299,6,88
603205,603293,603299,6,88
603205,603294,603299,5,89
603205,603293,603300,7,88
603205,603294,603299,5,89
603205,603292,603301,9,87
603205,603293,603300,7,88
603205,603292,603301,9,87
603205,603293,603301,8,88
603205,603293,603301,8,88
603205,603292,603302,10,87
603205,603292,603303,11,87
603205,603291,603303,12,86
603205,603292,603303,11,87
603205,603291,603303,12,86
603205,603291,603303,12,86
603205,603298,603303,5,93
603205,603291,603305,14,86
603205,603299,603305,6,94
603205,603304,603307,3,99
603205,603303,603307,4,98
603205,603299,603307,8,94
603205,603301,603307,6,96
603205,603304,603307,3,99
603205,603307,603309,2,102
603205,603305,603309,4,100
603205,603301,603308,7,96
603205,603300,603310,10,95
603205,603307,603310,3,102
603205,603299,603310,11,94
603205,603303,603309,6,98
603205,603300,603309,9,95
603205,603302,603309,7,97
603205,603302,603310,8,97
603205,603301,603311,10,96
603205,603308,603311,3,103
603205,603303,603310,7,98
603205,603303,603310,7,98
603205,603301,603312,11,96
603205,603307,603311,4,102
603205,603307,603311,4,102
603205,603309,603313,4,104
603205,603309,603313,4,104
603205,603308,603313,5,103
603205,603309,603313,4,104
603205,603310,603314,4,105
603205,603310,603314,4,105
603205,603310,603313,3,105
603205,603310,603313,3,105
603205,603311,603313,2,106
603205,603311,603315,4,106
603205,603310,603315,5,105
603205,603310,603315,5,105
603205,603311,603314,3,106
603205,603313,603314,1,108
603205,603311,603315,4,106
603205,603313,603315,2,108
603205,603312,603315,3,107
603205,603314,603316,2,109
603205,603312,603316,4,107
603205,603312,603315,3,107
603238,603314,603317,3,76
603205,603312,603317,5,107
603238,603314,603317,3,76
603205,603313,603316,3,108
603205,603314,603316,2,109
603238,603314,603317,3,76
603238,603315,603317,2,77
603238,603315,603318,3,77
603238,603315,603318,3,77
603238,603315,603317,2,77
603238,603316,603317,1,78
603238,603316,603319,3,78
603238,603316,603318,2,78
603238,603316,603324,8,78
603238,603318,603324,6,80
603238,603319,603324,5,81
603238,603319,603325,6,81
603238,603317,603325,8,79
603238,603318,603326,8,80
603238,603317,603327,10,79
603238,603318,603327,9,80
602757,602886,603327,441,129
603238,603317,603328,11,79
603238,603318,603328,10,80
603238,603317,603328,11,79
603238,603318,603327,9,80
603238,603318,603328,10,80
603238,603316,603328,12,78
603238,603316,603328,12,78
603238,603317,603328,11,79
603238,603316,603328,12,78
603238,603324,603332,8,86
603238,603328,603332,4,90
603238,603324,603332,8,86
603238,603328,603333,5,90
603238,603328,603333,5,90
603238,603324,603334,10,86
603238,603326,603334,8,88
603238,603328,603335,7,90
603238,603329,603335,6,91
603238,603325,603335,10,87
603238,603325,603334,9,87
603238,603329,603335,6,91
603238,603327,603336,9,89
603238,603328,603335,7,90
603238,603332,603336,4,94
603238,603327,603337,10,89
603238,603327,603337,10,89
603238,603328,603336,8,90
603238,603334,603338,4,96
603238,603334,603338,4,96
603238,603328,603338,10,90
603238,603333,603338,5,95
603238,603335,603339,4,97
603238,603332,603339,7,94
603238,603333,603339,6,95
603238,603332,603338,6,94
603238,603335,603339,4,97
603238,603335,603339,4,97
603238,603335,603339,4,97
603238,603336,603339,3,98
603238,603336,603339,3,98
603238,603336,603339,3,98
603238,603338,603341,3,100
603238,603335,603340,5,97
603238,603338,603341,3,100
603238,603337,603340,3,99
603238,603337,603340,3,99
603238,603339,603341,2,101
603238,603337,603341,4,99
603238,603338,603340,2,100
603238,603339,603341,2,101
603238,603338,603342,4,100
603238,603339,603342,3,101
603238,603339,603342,3,101
603238,603339,603342,3,101
603238,603340,603343,3,102
603250,603340,603343,3,90
603238,603339,603342,3,101
603250,603341,603343,2,91
603238,603340,603342,2,102
603250,603341,603342,1,91
603250,603341,603344,3,91
603250,603341,603344,3,91
603250,603341,603343,2,91
603250,603341,603343,2,91
603250,603341,603344,3,91
603250,603341,603344,3,91
603250,603341,603344,3,91
603250,603346,603350,4,96
603250,603345,603351,6,95
603250,603343,603351,8,93
603250,603343,603352,9,93
603250,603345,603352,7,95
603250,603344,603352,8,94
603250,603343,603351,8,93
603250,603344,603353,9,94
603250,603343,603353,10,93
603250,603342,603354,12,92
603250,603342,603354,12,92
603250,603344,603354,10,94
603250,603343,603354,11,93
603250,603342,603354,12,92
603250,603343,603355,12,93
603250,603350,603354,4,100
603250,603344,603354,10,94
603250,603342,603354,12,92
603250,603351,603356,5,101
603250,603351,603357,6,101
603250,603356,603358,2,106
603250,603355,603359,4,105
603250,603355,603359,4,105
603250,603352,603360,8,102
603250,603353,603361,8,103
603250,603352,603361,9,102
603250,603357,603360,3,107
603250,603353,603361,8,103
603250,603355,603360,5,105
603250,603352,603362,10,102
603250,603358,603361,3,108
603250,603354,603362,8,104
603250,603359,603362,3,109
603250,603354,603363,9,104
603250,603355,603362,7,105
603250,603360,603363,3,110
603250,603354,603363,9,104
603250,603354,603363,9,104
603250,603353,603363,10,103
603250,603361,603364,3,111
603250,603354,603363,9,104
603250,603359,603363,4,109
603250,603361,603365,4,111
603250,603361,603365,4,111
603250,603361,603366,5,111
603250,603361,603365,4,111
603250,603363,603366,3,113
603250,603362,603366,4,112
603250,603363,603366,3,113
603250,603362,603366,4,112
603250,603362,603366,4,112
603250,603364,603367,3,114
603250,603363,603367,4,113
603250,603362,603366,4,112
603250,603363,603368,5,113
603250,603365,603367,2,115
603250,603366,603368,2,116
603250,603363,603367,4,113
603250,603365,603368,3,115
603250,603364,603367,3,114
603250,603366,603368,2,116
603250,603364,603368,4,114
603250,603366,603369,3,116
603250,603366,603369,3,116
603250,603366,603368,2,116
603250,603367,603369,2,117
603250,603366,603369,3,116
603250,603366,603368,2,116
603250,603368,603370,2,118
603250,603366,603369,3,116
603250,603367,603371,4,117
603250,603368,603370,2,118
603250,603368,603371,3,118
603250,603367,603370,3,117
603250,603368,603372,4,118
603250,603368,603377,9,118
603250,603369,603379,10,119
603250,603369,603379,10,119
603250,603368,603380,12,118
603250,603368,603380,12,118
603250,603369,603379,10,119
603250,603369,603380,11,119
603250,603372,603379,7,122
603250,603368,603380,12,118
603250,603371,603380,9,121
603250,603369,603381,12,119
603250,603370,603380,10,120
603250,603369,603380,11,119
603250,603372,603382,10,122
603250,603371,603381,10,121
603250,603371,603383,12,121
603250,603370,603382,12,120
603250,603382,603385,3,132
603250,603382,603385,3,132
603250,603381,603386,5,131
603250,603383,603387,4,133
603250,603379,603388,9,129
603250,603379,603388,9,129
603250,603383,603388,5,133
603250,603378,603388,10,128
603250,603381,603388,7,131
603250,603385,603388,3,135
603250,603380,603388,8,130
603250,603381,603390,9,131
603250,603380,603390,10,130
603250,603380,603390,10,130
603250,603380,603390,10,130
603250,603380,603390,10,130
603250,603380,603390,10,130
603250,603386,603391,5,136
603250,603385,603390,5,135
603250,603388,603392,4,138
602819,602972,603392,420,153
603250,603387,603392,5,137
603250,603381,603392,11,131
603250,603388,603391,3,138
603250,603390,603392,2,140
603250,603388,603393,5,138
603250,603390,603393,3,140
603250,603389,603394,5,139
603250,603390,603393,3,140
603250,603392,603394,2,142
603250,603391,603394,3,141
603250,603390,603394,4,140
603250,603390,603394,4,140
603250,603390,603394,4,140
603250,603392,603394,2,142
603250,603392,603395,3,142
603250,603390,603395,5,140
603250,603391,603395,4,141
603250,603392,603395,3,142
603250,603392,603395,3,142
603250,603390,603394,4,140
603250,603391,603394,3,141
603250,603394,603396,2,144
603250,603393,603395,2,143
603250,603392,603395,3,142
603250,603394,603397,3,144
603250,603394,603396,2,144
603250,603393,603396,3,143
603250,603394,603396,2,144
603261,603395,603397,2,134
603261,603394,603397,3,133
603261,603395,603396,1,134
603261,603395,603396,1,134
603261,603395,603398,3,134
603261,603395,603398,3,134
603261,603395,603398,3,134
603261,603396,603398,2,135
603261,603396,603399,3,135
603261,603396,603398,2,135
603261,603396,603402,6,135
603261,603399,603404,5,138
603261,603399,603404,5,138
603261,603397,603406,9,136
603261,603404,603407,3,143
603261,603399,603406,7,138
603261,603398,603406,8,137
603261,603402,603406,4,141
603261,603397,603407,10,136
603261,603397,603407,10,136
603261,603397,603408,11,136
603261,603397,603407,10,136
603261,603396,603409,13,135
603261,603398,603408,10,137
603261,603405,603409,4,144
603261,603398,603408,10,137
603261,603406,603409,3,145
603261,603397,603409,12,136
603261,603397,603409,12,136
603261,603398,603411,13,137
603261,603407,603412,5,146
602846,602998,603412,414,152
603261,603410,603414,4,149
603261,603409,603415,6,148
603261,603411,603415,4,150
603261,603410,603414,4,149
603261,603407,603416,9,146
603261,603412,603416,4,151
603261,603413,603417,4,152
603261,603409,603417,8,148
603261,603407,603416,9,146
603261,603407,603416,9,146
603261,603409,603417,8,148
603261,603409,603416,7,148
603261,603408,603418,10,147
603261,603409,603418,9,148
603261,603407,603418,11,146
603261,603409,603419,10,148
603261,603414,603419,5,153
603261,603415,603419,4,154
603261,603407,603419,12,146
603261,603416,603419,3,155
603261,603418,603420,2,157
603261,603416,603421,5,155
603261,603416,603420,4,155
603261,603417,603421,4,156
603261,603417,603420,3,156
603261,603415,603421,6,154
603261,603418,603421,3,157
603261,603419,603422,3,158
603261,603417,603422,5,156
603261,603419,603422,3,158
603261,603418,603422,4,157
603261,603419,603422,3,158
603261,603417,603422,5,156
603261,603419,603423,4,158
603261,603417,603422,5,156
603261,603418,603422,4,157
603261,603419,603422,3,158
603261,603421,603424,3,160
603290,603422,603423,1,132
603261,603421,603424,3,160
603261,603421,603424,3,160
603290,603422,603424,2,132
603261,603421,603423,2,160
603261,603421,603423,2,160
603261,603421,603424,3,160
603261,603421,603424,3,160
603290,603422,603425,3,132
603290,603423,603426,3,133
603290,603424,603426,2,134
603290,603423,603426,3,133
603290,603424,603426,2,134
603290,603423,603425,2,133
603290,603423,603427,4,133
603290,603423,603427,4,133
603290,603427,603431,4,137
603290,603424,603432,8,134
603290,603424,603433,9,134
603290,603427,603433,6,137
603290,603426,603433,7,136
603290,603424,603434,10,134
603290,603426,603435,9,136
603290,603424,603435,11,134
603290,603424,603435,11,134
603290,603425,603436,11,135
603290,603432,603436,4,142
603290,603424,603436,12,134
603290,603425,603435,10,135
603290,603426,603436,10,136
603290,603425,603437,12,135
603290,603431,603436,5,141
603290,603426,603436,10,136
603290,603426,603436,10,136
603290,603433,603439,6,143
603290,603433,603440,7,143
603290,603434,603442,8,144
603290,603437,603443,6,147
603290,603437,603444,7,147
603290,603437,603445,8,147
603290,603435,603445,10,145
603290,603433,603445,12,143
603290,603435,603445,10,145
603290,603437,603446,9,147
603290,603439,603446,7,149
603290,603436,603446,10,146
603290,603440,603447,7,150
603290,603436,603447,11,146
603290,603435,603446,11,145
603290,603443,603448,5,153
603290,603443,603448,5,153
603290,603436,603448,12,146
603290,603436,603449,13,146
603290,603436,603448,12,146
603290,603444,603449,5,154
603290,603446,603450,4,156
603290,603445,603449,4,155
603290,603447,603451,4,157
603290,603448,603451,3,158
603290,603445,603450,5,155
603290,603445,603452,7,155
603290,603447,603452,5,157
603290,603448,603451,3,158
603290,603449,603452,3,159
603290,603448,603451,3,158
603290,603448,603452,4,158
603290,603445,603451,6,155
603290,603446,603451,5,156
603290,603447,603452,5,157
603290,603449,603452,3,159
603290,603449,603452,3,159
603290,603450,603452,2,160
603290,603452,603454,2,162
603290,603451,603453,2,161
603290,603452,603454,2,162
603290,603452,603454,2,162
603290,603450,603453,3,160
603290,603452,603455,3,162
603290,603452,603455,3,162
603290,603451,603454,3,161
603329,603453,603455,2,124
603290,603452,603454,2,162
603329,603454,603456,2,125
603329,603454,603455,1,125
603329,603453,603455,2,124
603329,603454,603456,2,125
603329,603453,603455,2,124
603329,603453,603456,3,124
603329,603453,603457,4,124
603329,603454,603457,3,125
603329,603453,603457,4,124
603329,603456,603463,7,127
603329,603456,603463,7,127
603329,603458,603463,5,129
603329,603454,603464,10,125
603329,603456,603465,9,127
603329,603457,603465,8,128
603329,603456,603465,9,127
603329,603457,603466,9,128
603329,603456,603465,9,127
603329,603455,603465,10,126
603329,603455,603466,11,126
603329,603455,603466,11,126
603329,603455,603467,12,126
603329,603455,603467,12,126
603329,603457,603466,9,128
603329,603464,603467,3,135
602871,603022,603468,446,151
603329,603464,603468,4,135
603329,603464,603469,5,135
603329,603468,603471,3,139
603329,603464,603472,8,135
603329,603468,603472,4,139
603329,603467,603473,6,138
603329,603469,603474,5,140
603329,603466,603474,8,137
603329,603465,603475,10,136
603329,603467,603475,8,138
603329,603465,603474,9,136
603329,603466,603476,10,137
603329,603467,603475,8,138
603329,603467,603476,9,138
603329,603471,603475,4,142
603329,603466,603475,9,137
603329,603465,603477,12,136
603329,603466,603476,10,137
603329,603466,603476,10,137
603329,603472,603477,5,143
602900,603047,603477,430,147
603329,603473,603478,5,144
603329,603474,603478,4,145
603329,603473,603478,5,144
603329,603475,603479,4,146
603329,603475,603480,5,146
603329,603475,603480,5,146
603329,603476,603480,4,147
603329,603477,603480,3,148
603329,603476,603481,5,147
603329,603476,603481,5,147
603329,603478,603481,3,149
603329,603478,603480,2,149
603329,603477,603481,4,148
603329,603474,603480,6,145
603329,603476,603480,4,147
603329,603477,603480,3,148
603329,603477,603481,4,148
603329,603477,603481,4,148
603329,603476,603481,5,147
603329,603478,603481,3,149
603329,603479,603482,3,150
603329,603481,603483,2,152
603329,603481,603483,2,152
603329,603480,603482,2,151
603329,603481,603482,1,152
603329,603480,603483,3,151
603329,603481,603484,3,152
603392,603482,603484,2,90
603329,603480,603484,4,151
603329,603480,603483,3,151
603392,603482,603485,3,90
603392,603482,603484,2,90
603392,603482,603485,3,90
603392,603483,603485,2,91
603392,603482,603485,3,90
603392,603482,603484,2,90
603392,603482,603485,3,90
603392,603483,603485,2,91
603392,603483,603487,4,91
603012,603179,603489,310,167
603392,603486,603492,6,94
603392,603487,603492,5,95
603392,603483,603492,9,91
603392,603483,603494,11,91
603392,603484,603494,10,92
603392,603489,603495,6,97
603392,603486,603495,9,94
603392,603485,603495,10,93
603392,603484,603496,12,92
603392,603485,603496,11,93
603392,603485,603496,11,93
603392,603484,603496,12,92
603392,603485,603497,12,93
603392,603484,603497,13,92
603392,603484,603496,12,92
603392,603485,603496,11,93
603392,603485,603497,12,93
603392,603492,603498,6,100
602934,603072,603500,428,138
603392,603492,603500,8,100
603392,603498,603501,3,106
603392,603497,603502,5,105
603392,603492,603502,10,100
603392,603498,603502,4,106
603392,603497,603501,4,105
603392,603497,603501,4,105
603392,603494,603503,9,102
603392,603497,603504,7,105
603392,603495,603504,9,103
603392,603500,603504,4,108
603392,603495,603503,8,103
603392,603495,603503,8,103
603392,603496,603505,9,104
603392,603496,603505,9,104
603392,603500,603505,5,108
603392,603496,603506,10,104
603392,603501,603506,5,109
603392,603495,603505,10,103
603392,603497,603506,9,105
603392,603502,603507,5,110
603392,603502,603506,4,110
603392,603503,603507,4,111
603392,603502,603507,5,110
603392,603502,603506,4,110
603392,603506,603508,2,114
603392,603502,603507,5,110
603392,603505,603509,4,113
603392,603505,603508,3,113
603392,603506,603509,3,114
603392,603505,603508,3,113
603392,603505,603508,3,113
603392,603507,603509,2,115
603392,603504,603509,5,112
603392,603504,603508,4,112
603392,603504,603509,5,112
603392,603507,603510,3,115
603392,603506,603509,3,114
603392,603506,603510,4,114
603392,603505,603509,4,113
603392,603507,603511,4,115
603392,603507,603510,3,115
603392,603509,603511,2,117
603062,603235,603510,275,173
603414,603509,603511,2,95
603414,603509,603511,2,95
603392,603507,603510,3,115
603392,603508,603510,2,116
603392,603508,603511,3,116
603392,603509,603511,2,117
603414,603509,603512,3,95
603414,603510,603512,2,96
603414,603509,603511,2,95
603414,603510,603512,2,96
603414,603510,603512,2,96
603414,603510,603513,3,96
603414,603510,603513,3,96
603414,603511,603515,4,97
603414,603511,603518,7,97
602958,603098,603519,421,140
603414,603513,603520,7,99
603414,603514,603520,6,100
603414,603515,603520,5,101
603414,603511,603520,9,97
603414,603511,603521,10,97
603414,603514,603520,6,100
603414,603511,603521,10,97
603414,603511,603522,11,97
603414,603511,603522,11,97
603414,603512,603523,11,98
603414,603511,603523,12,97
603414,603512,603522,10,98
603414,603511,603522,11,97
603414,603511,603524,13,97
603414,603518,603524,6,104
603414,603513,603523,10,99
603414,603512,603524,12,98
603414,603511,603525,14,97
603414,603524,603527,3,110
603414,603524,603528,4,110
603414,603520,603528,8,106
603414,603524,603528,4,110
603414,603520,603528,8,106
603414,603520,603529,9,106
603414,603524,603529,5,110
603414,603520,603529,9,106
603414,603524,603529,5,110
603414,603521,603529,8,107
603414,603522,603530,8,108
603414,603522,603530,8,108
603414,603521,603530,9,107
603414,603520,603529,9,106
603414,603521,603530,9,107
603414,603523,603530,7,109
603414,603525,603530,5,111
603414,603523,603532,9,109
603414,603527,603532,5,113
603414,603526,603532,6,112
603414,603529,603532,3,115
603414,603530,603533,3,116
603414,603529,603533,4,115
603414,603528,603533,5,114
603414,603530,603533,3,116
603414,603528,603533,5,114
603414,603530,603533,3,116
603414,603529,603533,4,115
603414,603529,603533,4,115
603414,603530,603533,3,116
603414,603530,603533,3,116
603414,603531,603533,2,117
603414,603528,603535,7,114
603414,603533,603535,2,119
603414,603533,603535,2,119
603414,603532,603534,2,118
603414,603530,603534,4,116
603414,603532,603535,3,118
603414,603533,603536,3,119
603414,603533,603536,3,119
603414,603533,603536,3,119
603468,603534,603536,2,66
603414,603533,603535,2,119
603414,603528,603535,7,114
603414,603534,603537,3,120
603468,603535,603537,2,67
603468,603534,603536,2,66
603468,603534,603536,2,66
603468,603535,603537,2,67
603468,603534,603537,3,66
603414,603532,603536,4,118
603414,603534,603536,2,120
603468,603535,603538,3,67
603468,603535,603538,3,67
603468,603535,603537,2,67
603468,603535,603540,5,67
603468,603538,603544,6,70
603468,603538,603545,7,70
603468,603538,603545,7,70
603468,603537,603546,9,69
603468,603536,603545,9,68
603468,603537,603546,9,69
603468,603540,603545,5,72
603468,603537,603547,10,69
603468,603537,603547,10,69
603468,603536,603546,10,68
603468,603537,603548,11,69
603468,603536,603548,12,68
603468,603536,603547,11,68
603468,603537,603547,10,69
603468,603536,603549,13,68
603468,603537,603548,11,69
603468,603544,603549,5,76
603468,603537,603549,12,69
603468,603536,603550,14,68
603468,603545,603551,6,77
603468,603549,603553,4,81
603468,603545,603553,8,77
603468,603549,603553,4,81
603468,603546,603554,8,78
603468,603549,603553,4,81
603468,603548,603555,7,80
603468,603546,603555,9,78
603468,603549,603556,7,81
603468,603548,603555,7,80
603468,603546,603555,9,78
603468,603547,603555,8,79
603468,603548,603555,7,80
603468,603550,603556,6,82
603468,603548,603556,8,80
603468,603547,603556,9,79
603468,603548,603557,9,80
603468,603551,603556,5,83
602969,603124,603557,433,155
603468,603546,603557,11,78
603468,603554,603557,3,86
603468,603556,603559,3,88
603468,603553,603559,6,85
603468,603556,603559,3,88
603468,603556,603559,3,88
603468,603553,603560,7,85
603468,603553,603560,7,85
603468,603557,603560,3,89
603468,603554,603560,6,86
603468,603556,603559,3,88
603468,603555,603559,4,87
603468,603556,603559,3,88
603468,603556,603560,4,88
603468,603557,603561,4,89
603468,603556,603561,5,88
603468,603559,603561,2,91
603468,603556,603560,4,88
603468,603557,603560,3,89
603468,603558,603561,3,90
603468,603559,603561,2,91
603468,603555,603560,5,87
603477,603560,603561,1,83
603477,603560,603562,2,83
603468,603559,603562,3,91
603468,603558,603561,3,90
603468,603560,603562,2,92
603477,603560,603562,2,83
603477,603561,603562,1,84
603468,603560,603562,2,92
603468,603559,603562,3,91
603468,603560,603562,2,92
603477,603561,603564,3,84
603477,603561,603563,2,84
603477,603561,603564,3,84
603477,603561,603564,3,84
603477,603560,603563,3,83
603477,603561,603564,3,84
602986,603152,603566,414,166
603477,603561,603567,6,84
603477,603564,603569,5,87
603477,603564,603571,7,87
603477,603567,603571,4,90
603477,603566,603571,5,89
603477,603564,603571,7,87
603477,603562,603572,10,85
603477,603562,603572,10,85
603477,603566,603571,5,89
603477,603564,603573,9,87
603477,603562,603572,10,85
603477,603563,603574,11,86
603477,603569,603574,5,92
603477,603563,603573,10,86
603477,603563,603573,10,86
603477,603563,603575,12,86
603477,603562,603575,13,85
603477,603563,603575,12,86
603477,603564,603574,10,87
603477,603561,603576,15,84
603477,603563,603575,12,86
603477,603571,603576,5,94
603477,603571,603578,7,94
603477,603573,603579,6,96
603477,603575,603579,4,98
603477,603575,603580,5,98
603477,603572,603580,8,95
603477,603571,603580,9,94
603477,603575,603580,5,98
603477,603572,603580,8,95
603477,603574,603581,7,97
603477,603574,603580,6,97
603477,603572,603581,9,95
603477,603571,603580,9,94
603477,603575,603581,6,98
603477,603574,603581,7,97
603477,603576,603582,6,99
603477,603576,603581,5,99
603477,603573,603581,8,96
603477,603574,603583,9,97
603477,603578,603583,5,101
603477,603576,603583,7,99
603477,603581,603582,1,104
603477,603580,603583,3,103
603477,603580,603584,4,103
603477,603581,603585,4,104
603477,603581,603585,4,104
603477,603583,603585,2,106
603477,603580,603584,4,103
603477,603579,603584,5,102
603477,603580,603585,5,103
603477,603579,603584,5,102
603477,603580,603584,4,103
603477,603581,603584,3,104
603477,603583,603586,3,106
603477,603584,603585,1,107
603495,603585,603586,1,90
603495,603585,603586,1,90
603477,603581,603585,4,104
603477,603582,603585,3,105
603477,603582,603585,3,105
603477,603582,603585,3,105
603477,603582,603585,3,105
603477,603584,603587,3,107
603495,603585,603586,1,90
603495,603585,603587,2,90
603477,603583,603586,3,106
603495,603585,603587,2,90
603477,603584,603587,3,107
603477,603585,603587,2,108
603495,603585,603587,2,90
603495,603585,603587,2,90
603495,603586,603588,2,91
603495,603586,603588,2,91
603495,603586,603589,3,91
603495,603589,603591,2,94
603495,603588,603592,4,93
603495,603589,603593,4,94
603495,603586,603594,8,91
603495,603590,603593,3,95
603495,603592,603595,3,97
603495,603588,603594,6,93
603495,603592,603597,5,97
603495,603594,603596,2,99
603495,603594,603597,3,99
603495,603587,603597,10,92
603495,603593,603596,3,98
603495,603587,603597,10,92
603495,603595,603598,3,100
603495,603587,603597,10,92
603495,603586,603598,12,91
603495,603587,603599,12,92
603495,603597,603599,2,102
603495,603587,603599,12,92
603495,603586,603599,13,91
603495,603595,603598,3,100
603495,603586,603600,14,91
603495,603597,603600,3,102
603495,603587,603600,13,92
603495,603586,603599,13,91
603495,603586,603599,13,91
603495,603597,603599,2,102
603495,603587,603601,14,92
603495,603597,603601,4,102
603495,603599,603604,5,104
603495,603597,603604,7,102
603495,603600,603603,3,105
603495,603599,603605,6,104
603495,603600,603605,5,105
603495,603599,603605,6,104
603495,603598,603604,6,103
603495,603598,603604,6,103
603495,603598,603605,7,103
603495,603600,603606,6,105
603495,603604,603606,2,109
603495,603600,603606,6,105
603495,603601,603605,4,106
603495,603604,603606,2,109
603495,603599,603605,6,104
603495,603601,603605,4,106
603495,603604,603606,2,109
603495,603605,603607,2,110
603495,603600,603606,6,105
603495,603605,603606,1,110
603495,603605,603606,1,110
603495,603606,603607,1,111
603495,603599,603606,7,104
603495,603600,603606,6,105
603495,603605,603607,2,110
603495,603605,603608,3,110
603495,603606,603608,2,111
603495,603605,603607,2,110
603495,603606,603607,1,111
603495,603598,603609,11,103
603495,603607,603608,1,112
603500,603607,603609,2,107
603500,603607,603609,2,107
603500,603607,603609,2,107
603495,603606,603609,3,111
603495,603606,603608,2,111
603495,603607,603609,2,112
603495,603606,603608,2,111
603495,603606,603608,2,111
603500,603607,603610,3,107
603500,603607,603610,3,107
603500,603607,603609,2,107
603500,603608,603610,2,108
603500,603608,603611,3,108
603500,603608,603611,3,108
603500,603608,603611,3,108
603500,603611,603615,4,111
603500,603609,603616,7,109
603500,603611,603617,6,111
603500,603611,603618,7,111
603500,603609,603619,10,109
603500,603609,603619,10,109
603500,603610,603620,10,110
603500,603609,603620,11,109
603500,603611,603620,9,111
603500,603610,603620,10,110
603500,603615,603619,4,115
603500,603609,603619,10,109
603500,603609,603619,10,109
603500,603610,603621,11,110
603500,603609,603621,12,109
603500,603609,603620,11,109
603500,603609,603621,12,109
603500,603610,603621,11,110
603500,603616,603621,5,116
603500,603618,603622,4,118
603500,603619,603623,4,119
603500,603617,603622,5,117
603500,603619,603623,4,119
603500,603620,603627,7,120
603500,603620,603627,7,120
603500,603620,603627,7,120
603500,603622,603627,5,122
603500,603621,603628,7,121
603500,603623,603628,5,123
603500,603620,603627,7,120
603500,603621,603628,7,121
603500,603623,603629,6,123
603500,603622,603629,7,122
603500,603622,603629,7,122
603500,603621,603628,7,121
603500,603620,603630,10,120
603500,603620,603629,9,120
603500,603622,603629,7,122
603500,603620,603629,9,120
603500,603629,603631,2,129
603500,603623,603631,8,123
603036,603208,603631,423,172
603500,603628,603632,4,128
603500,603629,603632,3,129
603500,603629,603632,3,129
603500,603627,603631,4,127
603500,603628,603631,3,128
603500,603627,603633,6,127
603500,603631,603633,2,131
603500,603627,603633,6,127
603500,603628,603633,5,128
603500,603629,603632,3,129
603500,603630,603634,4,130
603500,603630,603633,3,130
603500,603631,603634,3,131
603500,603627,603633,6,127
603500,603630,603634,4,130
603500,603631,603634,3,131
603500,603629,603633,4,129
603500,603632,603634,2,132
603500,603632,603634,2,132
603500,603632,603634,2,132
603521,603633,603634,1,112
603500,603630,603634,4,130
603521,603633,603635,2,112
603521,603634,603636,2,113
603500,603632,603635,3,132
603521,603633,603636,3,112
603500,603632,603635,3,132
603521,603634,603636,2,113
603521,603634,603636,2,113
603500,603633,603635,2,133
603521,603634,603636,2,113
603521,603634,603636,2,113
603521,603634,603636,2,113
603521,603634,603636,2,113
603521,603635,603641,6,114
603521,603637,603642,5,116
603521,603637,603642,5,116
603521,603637,603643,6,116
603521,603635,603644,9,114
603521,603641,603644,3,120
603521,603635,603646,11,114
603521,603637,603646,9,116
603521,603636,603647,11,115
603521,603635,603646,11,114
603521,603635,603647,12,114
603521,603642,603647,5,121
603521,603644,603648,4,123
603521,603636,603648,12,115
603521,603643,603647,4,122
603521,603636,603647,11,115
603521,603636,603648,12,115
603521,603636,603648,12,115
603521,603636,603648,12,115
603521,603636,603647,11,115
603521,603643,603647,4,122
603521,603644,603647,3,123
603521,603636,603649,13,115
603239,603340,603648,308,101
603521,603646,603649,3,125
603521,603646,603651,5,125
603521,603647,603652,5,126
603521,603648,603653,5,127
603521,603648,603653,5,127
603521,603648,603654,6,127
603521,603648,603654,6,127
603521,603648,603654,6,127
603521,603649,603653,4,128
603521,603650,603654,4,129
603521,603653,603655,2,132
603521,603649,603655,6,128
603521,603648,603654,6,127
603521,603647,603654,7,126
603521,603649,603654,5,128
603521,603647,603654,7,126
603521,603648,603654,6,127
603521,603647,603655,8,126
603521,603655,603656,1,134
603521,603653,603656,3,132
603521,603654,603656,2,133
603521,603654,603656,2,133
603521,603654,603656,2,133
603521,603654,603656,2,133
603521,603655,603656,1,134
603521,603656,603657,1,135
603521,603654,603656,2,133
603521,603648,603656,8,127
603521,603655,603656,1,134
603521,603651,603656,5,130
603521,603655,603657,2,134
603521,603655,603658,3,134
603521,603655,603657,2,134
603521,603656,603658,2,135
603521,603656,603658,2,135
603521,603656,603658,2,135
603521,603656,603658,2,135
603521,603657,603659,2,136
603521,603657,603659,2,136
603521,603656,603658,2,135
603521,603656,603658,2,135
603521,603657,603660,3,136
603521,603657,603659,2,136
603521,603657,603659,2,136
603521,603658,603660,2,137
603521,603657,603659,2,136
603521,603658,603660,2,137
603521,603657,603659,2,136
603521,603657,603659,2,136
603521,603648,603661,13,127
603521,603658,603660,2,137
603521,603658,603662,4,137
603521,603660,603663,3,139
603521,603661,603663,2,140
603521,603661,603663,2,140
603521,603662,603665,3,141
603521,603663,603666,3,142
603521,603658,603666,8,137
603521,603663,603667,4,142
603521,603660,603666,6,139
603521,603666,603669,3,145
603521,603664,603669,5,143
603521,603659,603669,10,138
603521,603666,603670,4,145
603521,603659,603670,11,138
603521,603666,603670,4,145
603521,603658,603670,12,137
603521,603658,603670,12,137
603521,603669,603671,2,148
603521,603667,603670,3,146
603521,603659,603671,12,138
603521,603667,603670,3,146
603521,603660,603670,10,139
603521,603660,603671,11,139
603521,603660,603672,12,139
603521,603659,603672,13,138
603521,603660,603672,12,139
603521,603669,603671,2,148
603521,603669,603671,2,148
603521,603660,603671,11,139
603521,603660,603672,12,139
603521,603670,603674,4,149
603521,603670,603674,4,149
603521,603671,603675,4,150
603521,603671,603676,5,150
603521,603671,603676,5,150
603521,603672,603677,5,151
603521,603672,603677,5,151
603521,603670,603677,7,149
603521,603675,603677,2,154
603521,603674,603677,3,153
603521,603670,603677,7,149
603521,603671,603676,5,150
603521,603672,603677,5,151
603521,603672,603678,6,151
603521,603673,603677,4,152
603521,603674,603678,4,153
603122,603264,603678,414,142
603521,603670,603677,7,149
603521,603673,603678,5,152
603521,603671,603677,6,150
603521,603672,603677,5,151
603521,603676,603677,1,155
603521,603677,603678,1,156
603521,603676,603679,3,155
603521,603671,603678,7,150
603521,603677,603679,2,156
603521,603677,603679,2,156
603521,603677,603678,1,156
603521,603677,603679,2,156
603521,603677,603679,2,156
603521,603678,603680,2,157
603521,603677,603680,3,156
603558,603678,603680,2,120
603558,603678,603680,2,120
603521,603678,603680,2,157
603521,603678,603680,2,157
603521,603678,603680,2,157
603558,603678,603680,2,120
603521,603678,603680,2,157
603521,603678,603680,2,157
603558,603680,603682,2,122
603558,603679,603681,2,121
603558,603679,603681,2,121
603558,603679,603681,2,121
603558,603679,603681,2,121
603558,603679,603681,2,121
603558,603680,603684,4,122
603558,603682,603687,5,124
603558,603682,603687,5,124
603558,603680,603688,8,122
603558,603684,603688,4,126
603558,603680,603690,10,122
603558,603680,603691,11,122
603558,603688,603691,3,130
603558,603687,603692,5,129
603558,603680,603692,12,122
603558,603688,603692,4,130
603558,603681,603691,10,123
603558,603682,603692,10,124
603558,603680,603693,13,122
603558,603681,603693,12,123
603558,603687,603692,5,129
603558,603682,603693,11,124
603558,603682,603694,12,124
603558,603682,603694,12,124
603558,603681,603693,12,123
603558,603681,603693,12,123
603558,603690,603693,3,132
603558,603691,603694,3,133
603558,603681,603695,14,123
603558,603692,603696,4,134
603558,603691,603695,4,133
603558,603692,603696,4,134
603558,603692,603695,3,134
603558,603693,603697,4,135
603558,603695,603698,3,137
603558,603695,603699,4,137
603558,603693,603699,6,135
603558,603694,603699,5,136
603558,603694,603700,6,136
603558,603694,603700,6,136
603558,603694,603700,6,136
603558,603697,603699,2,139
603558,603699,603700,1,141
603558,603698,603700,2,140
603558,603693,603701,8,135
603558,603699,603701,2,141
603558,603696,603700,4,138
603558,603696,603701,5,138
603558,603696,603700,4,138
603558,603695,603701,6,137
603558,603693,603701,8,135
603558,603699,603702,3,141
603558,603700,603702,2,142
603558,603693,603702,9,135
603558,603700,603702,2,142
603558,603700,603701,1,142
603558,603701,603702,1,143
603558,603700,603701,1,142
603558,603700,603701,1,142
603558,603701,603703,2,143
603558,603693,603702,9,135
603558,603696,603702,6,138
603558,603700,603702,2,142
603558,603701,603703,2,143
603558,603701,603704,3,143
603574,603702,603704,2,128
603558,603702,603704,2,144
603558,603701,603703,2,143
603558,603702,603704,2,144
603558,603702,603704,2,144
603558,603702,603705,3,144
603574,603703,603705,2,129
603574,603702,603704,2,128
603558,603702,603704,2,144
603574,603703,603704,1,129
603574,603703,603704,1,129
603149,603289,603706,417,140
603574,603704,603706,2,130
603574,603703,603705,2,129
603574,603703,603705,2,129
603574,603703,603706,3,129
603574,603704,603708,4,130
603574,603704,603709,5,130
603574,603706,603710,4,132
603574,603707,603711,4,133
603574,603708,603712,4,134
603574,603709,603712,3,135
603574,603706,603713,7,132
603574,603710,603715,5,136
603574,603711,603715,4,137
603574,603712,603715,3,138
603574,603705,603715,10,131
603574,603705,603716,11,131
603574,603705,603716,11,131
603574,603704,603716,12,130
603574,603704,603716,12,130
603574,603704,603716,12,130
603574,603712,603716,4,138
603574,603705,603717,12,131
603574,603704,603716,12,130
603574,603705,603717,12,131
603574,603706,603718,12,132
603574,603715,603718,3,141
603574,603713,603717,4,139
603574,603706,603718,12,132
603574,603715,603719,4,141
603574,603715,603719,4,141
603574,603705,603719,14,131
603574,603716,603720,4,142
603574,603715,603719,4,141
603574,603716,603719,3,142
603574,603718,603722,4,144
603574,603717,603722,5,143
603574,603716,603722,6,142
603574,603720,603723,3,146
603574,603716,603723,7,142
603574,603717,603723,6,143
603574,603719,603724,5,145
603574,603719,603723,4,145
603574,603718,603723,5,144
603574,603722,603724,2,148
603574,603720,603724,4,146
603574,603722,603724,2,148
603574,603717,603723,6,143
603574,603718,603723,5,144
603206,603314,603725,411,108
603574,603723,603724,1,149
603574,603716,603725,9,142
603574,603723,603725,2,149
603574,603723,603726,3,149
603574,603724,603726,2,150
603574,603719,603725,6,145
603574,603723,603725,2,149
603574,603720,603726,6,146
603574,603724,603725,1,150
603574,603725,603727,2,151
603574,603725,603727,2,151
603574,603725,603727,2,151
603574,603720,603726,6,146
603574,603724,603726,2,150
603574,603724,603726,2,150
603574,603725,603727,2,151
603574,603716,603727,11,142
603261,603422,603726,304,161
603574,603724,603726,2,150
603574,603725,603726,1,151
603574,603725,603727,2,151
603574,603726,603728,2,152
603574,603724,603727,3,150
603632,603726,603728,2,94
603632,603727,603729,2,95
603632,603726,603728,2,94
603632,603726,603728,2,94
603632,603727,603729,2,95
603632,603726,603728,2,94
603632,603727,603730,3,95
603632,603727,603729,2,95
603632,603727,603730,3,95
603632,603727,603730,3,95
603632,603730,603733,3,98
603632,603730,603734,4,98
603632,603730,603733,3,98
603632,603730,603735,5,98
603632,603729,603737,8,97
603632,603727,603737,10,95
603632,603733,603737,4,101
603632,603734,603738,4,102
603632,603728,603738,10,96
603632,603728,603738,10,96
603632,603735,603738,3,103
603632,603734,603738,4,102
603632,603728,603738,10,96
603632,603737,603740,3,105
603632,603728,603740,12,96
603632,603729,603739,10,97
603632,603738,603740,2,106
603632,603728,603739,11,96
603632,603737,603739,2,105
603632,603728,603740,12,96
603632,603737,603741,4,105
603632,603727,603741,14,95
603632,603738,603741,3,106
603632,603729,603741,12,97
603632,603729,603741,12,97
603632,603729,603741,12,97
603632,603729,603742,13,97
603632,603738,603741,3,106
603632,603739,603743,4,107
603632,603739,603743,4,107
603632,603741,603745,4,109
603632,603741,603746,5,109
603632,603741,603746,5,109
603632,603739,603745,6,107
603632,603741,603746,5,109
603632,603741,603746,5,109
603632,603740,603746,6,108
603632,603742,603747,5,110
603632,603740,603747,7,108
603632,603740,603747,7,108
603632,603740,603747,7,108
603632,603741,603746,5,109
603632,603742,603746,4,110
603632,603740,603748,8,108
603632,603742,603747,5,110
603632,603746,603748,2,114
603632,603740,603747,7,108
603632,603745,603747,2,113
603632,603746,603748,2,114
603632,603743,603747,4,111
603632,603747,603749,2,115
603632,603746,603749,3,114
603632,603746,603749,3,114
603632,603744,603748,4,112
603632,603746,603749,3,114
603650,603748,603750,2,98
603632,603746,603749,3,114
603632,603748,603750,2,116
603632,603747,603750,3,115
603632,603747,603750,3,115
603632,603748,603749,1,116
603650,603749,603750,1,99
603632,603747,603749,2,115
603632,603748,603750,2,116
603650,603748,603751,3,98
603632,603748,603750,2,116
603632,603748,603750,2,116
603650,603749,603751,2,99
603632,603748,603750,2,116
603650,603749,603752,3,99
603650,603749,603751,2,99
603650,603750,603751,1,100
603650,603749,603751,2,99
603650,603750,603752,2,100
603650,603750,603753,3,100
603650,603753,603756,3,103
603650,603752,603756,4,102
603650,603754,603758,4,104
603650,603750,603758,8,100
603650,603752,603759,7,102
603650,603756,603759,3,106
603650,603758,603760,2,108
603650,603750,603760,10,100
603650,603756,603759,3,106
603650,603750,603760,10,100
603650,603759,603760,1,109
603650,603758,603760,2,108
603650,603750,603762,12,100
603650,603760,603762,2,110
603650,603751,603762,11,101
603650,603751,603763,12,101
603650,603751,603763,12,101
603650,603750,603762,12,100
603650,603751,603763,12,101
603650,603759,603762,3,109
603650,603752,603762,10,102
603650,603760,603764,4,110
603650,603750,603764,14,100
603650,603761,603764,3,111
603650,603751,603763,12,101
603650,603761,603763,2,111
603650,603760,603763,3,110
603650,603752,603765,13,102
603650,603762,603765,3,112
603650,603762,603765,3,112
603650,603762,603764,2,112
603650,603762,603766,4,112
603650,603763,603767,4,113
603650,603763,603766,3,113
603650,603763,603768,5,113
603650,603764,603768,4,114
603650,603764,603768,4,114
603650,603765,603768,3,115
603650,603765,603769,4,115
603650,603764,603769,5,114
603650,603764,603769,5,114
603650,603766,603768,2,116
603650,603765,603769,4,115
603650,603764,603770,6,114
603650,603763,603770,7,113
603650,603763,603769,6,113
603650,603765,603769,4,115
603650,603768,603771,3,118
603650,603768,603771,3,118
603650,603766,603770,4,116
603650,603768,603771,3,118
603650,603767,603770,3,117
603650,603769,603772,3,119
603650,603763,603772,9,113
603650,603768,603772,4,118
603650,603769,603772,3,119
603650,603769,603773,4,119
603650,603770,603773,3,120
603650,603770,603772,2,120
603650,603771,603772,1,121
603650,603769,603773,4,119
603650,603770,603772,2,120
603650,603768,603772,4,118
603650,603769,603772,3,119
603678,603771,603774,3,93
603678,603771,603774,3,93
603678,603772,603773,1,94
603678,603772,603774,2,94
603678,603771,603773,2,93
603650,603770,603773,3,120
603678,603772,603775,3,94
603678,603772,603774,2,94
603678,603773,603775,2,95
603678,603773,603775,2,95
603678,603773,603776,3,95
603678,603777,603779,2,99
603678,603773,603780,7,95
603678,603776,603780,4,98
603678,603775,603781,6,97
603678,603780,603782,2,102
603678,603779,603782,3,101
603678,603780,603784,4,102
603678,603773,603784,11,95
603678,603774,603784,10,96
603678,603773,603785,12,95
603678,603781,603784,3,103
603678,603782,603786,4,104
603678,603774,603786,12,96
603678,603773,603786,13,95
603678,603774,603786,12,96
603678,603773,603785,12,95
603678,603774,603786,12,96
603678,603775,603786,11,97
603678,603783,603787,4,105
603678,603774,603787,13,96
603678,603775,603786,11,97
603678,603784,603787,3,106
603678,603774,603787,13,96
603678,603784,603788,4,106
603678,603785,603788,3,107
603678,603784,603789,5,106
603678,603786,603788,2,108
603678,603786,603789,3,108
603678,603785,603789,4,107
603678,603786,603789,3,108
603678,603786,603789,3,108
603678,603786,603792,6,108
603678,603789,603792,3,111
603678,603787,603793,6,109
603678,603787,603793,6,109
603678,603787,603793,6,109
603678,603788,603793,5,110
603678,603789,603794,5,111
603678,603788,603794,6,110
603678,603786,603793,7,108
603678,603788,603794,6,110
603678,603787,603794,7,109
603678,603789,603793,4,111
603678,603788,603795,7,110
603678,603790,603795,5,112
603678,603790,603794,4,112
603678,603790,603794,4,112
603678,603793,603796,3,115
603678,603793,603795,2,115
603678,603795,603796,1,117
603678,603794,603796,2,116
603678,603794,603796,2,116
603678,603794,603796,2,116
603678,603793,603796,3,115
603678,603795,603797,2,117
603678,603793,603797,4,115
603678,603793,603796,3,115
603678,603794,603796,2,116
603678,603795,603797,2,117
603678,603792,603796,4,114
603678,603794,603796,2,116
603678,603795,603798,3,117
603678,603796,603798,2,118
603678,603795,603797,2,117
603716,603796,603799,3,80
603716,603797,603799,2,81
603678,603796,603798,2,118
603716,603796,603799,3,80
603716,603797,603799,2,81
603716,603797,603800,3,81
603716,603797,603799,2,81
603716,603796,603799,3,80
603716,603797,603799,2,81
603716,603797,603799,2,81
603716,603797,603800,3,81
603716,603801,603804,3,85
603716,603797,603805,8,81
603716,603801,603807,6,85
603716,603804,603808,4,88
603251,603394,603808,414,143
603716,603798,603808,10,82
603716,603805,603808,3,89
603716,603798,603810,12,82
603716,603808,603810,2,92
603716,603799,603811,12,83
603716,603808,603811,3,92
603716,603799,603811,12,83
603716,603799,603811,12,83
603716,603799,603811,12,83
603716,603808,603811,3,92
603716,603800,603812,12,84
603716,603800,603811,11,84
603716,603798,603811,13,82
603716,603808,603811,3,92
603716,603799,603813,14,83
603716,603800,603812,12,84
603716,603800,603813,13,84
603716,603809,603813,4,93
603716,603811,603814,3,95
603716,603811,603814,3,95
603716,603811,603814,3,95
603716,603811,603814,3,95
603716,603811,603814,3,95
603716,603812,603815,3,96
603716,603810,603814,4,94
603716,603811,603814,3,95
603716,603811,603814,3,95
603716,603812,603816,4,96
603716,603813,603818,5,97
603716,603814,603818,4,98
603252,603394,603818,424,142
603716,603815,603818,3,99
603716,603814,603819,5,98
603716,603814,603819,5,98
603716,603815,603820,5,99
603716,603813,603819,6,97
603716,603814,603819,5,98
603716,603813,603820,7,97
603716,603814,603819,5,98
603716,603815,603819,4,99
603716,603815,603819,4,99
603716,603813,603821,8,97
603716,603814,603821,7,98
603716,603818,603821,3,102
603716,603818,603821,3,102
603716,603813,603820,7,97
603716,603816,603820,4,100
603716,603819,603821,2,103
603716,603819,603821,2,103
603716,603820,603822,2,104
603716,603818,603823,5,102
603716,603820,603822,2,104
603716,603818,603823,5,102
603716,603820,603823,3,104
603716,603821,603823,2,105
603716,603821,603822,1,105
603716,603820,603822,2,104
603716,603820,603822,2,104
603716,603820,603823,3,104
603716,603821,603823,2,105
603725,603821,603823,2,96
603725,603821,603824,3,96
603716,603821,603823,2,105
603716,603821,603823,2,105
603725,603822,603825,3,97
603725,603823,603825,2,98
603725,603822,603824,2,97
603725,603823,603825,2,98
603725,603823,603825,2,98
603725,603823,603826,3,98
603725,603823,603825,2,98
603725,603823,603825,2,98
603725,603826,603829,3,101
603725,603826,603830,4,101
603725,603826,603831,5,101
603725,603823,603831,8,98
603725,603831,603833,2,106
603725,603830,603834,4,105
603725,603830,603835,5,105
603725,603832,603835,3,107
603725,603824,603836,12,99
603725,603833,603836,3,108
603725,603824,603836,12,99
603725,603824,603836,12,99
603725,603825,603836,11,100
603725,603824,603836,12,99
603725,603825,603837,12,100
603725,603825,603837,12,100
603725,603825,603836,11,100
603725,603824,603836,12,99
603725,603825,603836,11,100
603725,603836,603838,2,111
603725,603825,603838,13,100
603725,603824,603837,13,99
603725,603834,603838,4,109
603725,603836,603839,3,111
603725,603835,603839,4,110
603725,603836,603839,3,111
603725,603836,603839,3,111
603725,603836,603839,3,111
603725,603837,603840,3,112
603725,603836,603839,3,111
603725,603837,603841,4,112
603725,603837,603840,3,112
603725,603837,603842,5,112
603725,603837,603841,4,112
603725,603837,603843,6,112
603725,603838,603843,5,113
603725,603839,603844,5,114
603725,603838,603844,6,113
603725,603838,603844,6,113
603725,603841,603844,3,116
603725,603839,603845,6,114
603725,603839,603845,6,114
603725,603840,603844,4,115
603725,603841,603845,4,116
603725,603839,603845,6,114
603725,603839,603845,6,114
603725,603839,603845,6,114
603725,603841,603845,4,116
603725,603842,603846,4,117
603725,603844,603847,3,119
603725,603845,603847,2,120
603725,603845,603847,2,120
603725,603844,603847,3,119
603725,603844,603847,3,119
603725,603842,603846,4,117
603725,603843,603846,3,118
603725,603844,603847,3,119
603725,603845,603848,3,120
603725,603845,603848,3,120
603725,603846,603848,2,121
603728,603847,603848,1,119
603725,603846,603849,3,121
603725,603845,603848,3,120
603725,603844,603848,4,119
603725,603846,603848,2,121
603728,603847,603849,2,119
603728,603847,603849,2,119
603728,603848,603850,2,120
603725,603847,603849,2,122
603728,603847,603849,2,119
603728,603847,603849,2,119
603728,603848,603851,3,120
603728,603848,603850,2,120
603728,603847,603850,3,119
603728,603848,603852,4,120
603728,603849,603856,7,121
603728,603852,603856,4,124
603728,603856,603859,3,128
603728,603851,603859,8,123
603728,603856,603860,4,128
603728,603849,603861,12,121
603728,603849,603861,12,121
603728,603859,603861,2,131
603728,603850,603862,12,122
603728,603849,603862,13,121
603728,603849,603861,12,121
603728,603850,603862,12,122
603728,603849,603863,14,121
603728,603850,603862,12,122
603728,603850,603862,12,122
603728,603851,603864,13,123
603728,603859,603864,5,131
603728,603860,603864,4,132
603728,603851,603864,13,123
603728,603862,603864,2,134
603728,603861,603864,3,133
603728,603850,603864,14,122
603728,603861,603864,3,133
603728,603862,603865,3,134
603728,603863,603866,3,135
603728,603862,603866,4,134
603728,603863,603867,4,135
603728,603864,603867,3,136
603728,603864,603867,3,136
603728,603864,603867,3,136
603728,603862,603866,4,134
603728,603864,603866,2,136
603728,603862,603868,6,134
603728,603864,603867,3,136
603728,603863,603867,4,135
603728,603867,603870,3,139
603728,603865,603870,5,137
603728,603865,603871,6,137
603728,603867,603871,4,139
603728,603865,603871,6,137
603728,603866,603871,5,138
603728,603868,603872,4,140
603728,603868,603872,4,140
603728,603870,603872,2,142
603728,603867,603871,4,139
603728,603867,603871,4,139
603728,603868,603871,3,140
603728,603867,603871,4,139
603728,603866,603871,5,138
603728,603867,603871,4,139
603728,603870,603873,3,142
603728,603867,603872,5,139
603728,603872,603874,2,144
603728,603871,603874,3,143
603728,603871,603874,3,143
603728,603872,603875,3,144
603728,603871,603875,4,143
603728,603871,603875,4,143
603728,603872,603874,2,144
603728,603872,603875,3,144
603728,603872,603875,3,144
603728,603872,603876,4,144
603728,603872,603875,3,144
603810,603873,603875,2,63
603810,603874,603875,1,64
603728,603872,603875,3,144
603728,603872,603875,3,144
603810,603874,603876,2,64
603810,603874,603876,2,64
603810,603875,603877,2,65
603810,603876,603878,2,66
603810,603875,603878,3,65
603810,603875,603878,3,65
603810,603875,603877,2,65
603291,603452,603879,427,161
603810,603876,603880,4,66
603810,603876,603884,8,66
603810,603880,603884,4,70
603810,603879,603886,7,69
603810,603876,603886,10,66
603810,603884,603887,3,74
603810,603876,603888,12,66
603810,603876,603888,12,66
603810,603876,603888,12,66
603810,603876,603888,12,66
603810,603877,603889,12,67
603810,603876,603889,13,66
603810,603887,603889,2,77
603810,603878,603890,12,68
603810,603878,603890,12,68
603810,603885,603889,4,75
603810,603877,603890,13,67
603810,603878,603889,11,68
603810,603886,603890,4,76
603810,603878,603889,11,68
603810,603888,603891,3,78
603810,603887,603890,3,77
603810,603889,603892,3,79
603810,603889,603892,3,79
603329,603481,603891,410,152
603810,603888,603891,3,78
603810,603890,603892,2,80
603810,603889,603892,3,79
603810,603890,603893,3,80
603810,603889,603892,3,79
603810,603890,603894,4,80
603810,603891,603894,3,81
603810,603890,603894,4,80
603810,603890,603893,3,80
603810,603890,603893,3,80
603810,603890,603894,4,80
603810,603892,603895,3,82
603810,603891,603896,5,81
603810,603891,603895,4,81
603810,603892,603896,4,82
603810,603892,603897,5,82
603810,603892,603897,5,82
603810,603892,603897,5,82
603810,603893,603897,4,83
603810,603894,603897,3,84
603810,603895,603898,3,85
603810,603894,603898,4,84
603810,603892,603897,5,82
603810,603893,603897,4,83
603810,603894,603897,3,84
603810,603896,603898,2,86
603810,603896,603899,3,86
603810,603894,603898,4,84
603810,603894,603898,4,84
603810,603897,603899,2,87
603810,603896,603900,4,86
603810,603897,603899,2,87
603810,603897,603899,2,87
603810,603899,603901,2,89
603810,603897,603900,3,87
603810,603898,603901,3,88
603810,603898,603901,3,88
603819,603899,603901,2,80
603819,603899,603902,3,80
603810,603898,603902,4,88
603819,603899,603902,3,80
603810,603898,603901,3,88
603810,603898,603901,3,88
603810,603898,603901,3,88
603810,603898,603901,3,88
603819,603901,603903,2,82
603819,603900,603902,2,81
603819,603901,603903,2,82
603819,603900,603902,2,81
603819,603901,603903,2,82
603819,603901,603902,1,82
603819,603901,603905,4,82
603819,603905,603909,4,86
603819,603903,603910,7,84
603819,603902,603911,9,83
603819,603910,603912,2,91
603819,603909,603912,3,90
603496,603607,603913,306,111
603819,603902,603913,11,83
603819,603903,603914,11,84
603819,603902,603914,12,83
603819,603902,603914,12,83
603819,603911,603915,4,92
603819,603912,603915,3,93
603819,603902,603914,12,83
603819,603902,603914,12,83
603819,603903,603915,12,84
603819,603902,603914,12,83
603819,603912,603916,4,93
603819,603903,603915,12,84
603819,603903,603915,12,84
603819,603902,603916,14,83
603819,603903,603916,13,84
603819,603913,603915,2,94
603819,603913,603917,4,94
603819,603914,603918,4,95
603819,603915,603917,2,96
603819,603915,603918,3,96
603819,603914,603918,4,95
603819,603916,603919,3,97
603819,603915,603918,3,96
603819,603916,603919,3,97
603819,603914,603919,5,95
603819,603915,603918,3,96
603819,603915,603918,3,96
603819,603915,603918,3,96
603819,603916,603920,4,97
603819,603917,603920,3,98
603819,603916,603919,3,97
603501,603633,603921,288,132
603819,603916,603921,5,97
603819,603919,603922,3,100
603819,603917,603922,5,98
603819,603918,603922,4,99
603819,603919,603922,3,100
603819,603919,603923,4,100
603819,603919,603922,3,100
603819,603919,603923,4,100
603819,603918,603923,5,99
603819,603918,603923,5,99
603819,603919,603923,4,100
603819,603920,603922,2,101
603819,603920,603924,4,101
603819,603919,603923,4,100
603819,603921,603924,3,102
603819,603918,603923,5,99
603819,603920,603923,3,101
603819,603922,603924,2,103
603819,603921,603923,2,102
603819,603923,603925,2,104
603819,603922,603925,3,103
603819,603923,603925,2,104
603888,603924,603926,2,36
603819,603923,603925,2,104
603819,603923,603926,3,104
603888,603924,603926,2,36
603819,603923,603926,3,104
603819,603922,603925,3,103
603819,603923,603925,2,104
603888,603924,603926,2,36
603819,603923,603925,2,104
603888,603924,603926,2,36
603888,603924,603926,2,36
603888,603925,603927,2,37
603819,603923,603926,3,104
603888,603924,603926,2,36
603888,603925,603927,2,37
603888,603925,603927,2,37
603888,603926,603929,3,38
603888,603929,603932,3,41
603888,603928,603934,6,40
603888,603928,603934,6,40
603393,603509,603935,426,116
603888,603926,603935,9,38
603888,603926,603936,10,38
603888,603932,603935,3,44
603888,603926,603937,11,38
603888,603934,603937,3,46
603888,603934,603938,4,46
603888,603926,603938,12,38
603888,603926,603938,12,38
603888,603926,603938,12,38
603888,603927,603938,11,39
603888,603935,603939,4,47
603888,603936,603939,3,48
603888,603936,603939,3,48
603888,603926,603938,12,38
603888,603926,603938,12,38
603888,603926,603938,12,38
603888,603927,603940,13,39
603888,603937,603940,3,49
603888,603927,603939,12,39
603888,603927,603941,14,39
603888,603939,603941,2,51
603888,603938,603941,3,50
603888,603938,603941,3,50
603888,603939,603942,3,51
603888,603938,603942,4,50
603888,603938,603942,4,50
603888,603939,603942,3,51
603888,603938,603941,3,50
603888,603938,603941,3,50
603888,603939,603943,4,51
603888,603937,603942,5,49
603888,603939,603944,5,51
603888,603940,603944,4,52
603888,603941,603944,3,53
603888,603942,603945,3,54
603888,603942,603945,3,54
603888,603942,603944,2,54
603888,603940,603945,5,52
603888,603942,603946,4,54
603888,603941,603946,5,53
603888,603940,603946,6,52
603888,603939,603945,6,51
603888,603942,603945,3,54
603888,603944,603946,2,56
603888,603944,603946,2,56
603888,603941,603946,5,53
603888,603942,603946,4,54
603888,603941,603946,5,53
603888,603943,603946,3,55
603888,603943,603947,4,55
603888,603944,603946,2,56
603888,603945,603947,2,57
603888,603945,603948,3,57
603888,603946,603948,2,58
603888,603945,603948,3,57
603888,603946,603948,2,58
603888,603946,603949,3,58
603888,603946,603949,3,58
603893,603947,603949,2,54
603888,603946,603949,3,58
603888,603946,603948,2,58
603893,603947,603949,2,54
603893,603947,603949,2,54
603893,603948,603950,2,55
603888,603945,603949,4,57
603888,603946,603949,3,58
603893,603947,603949,2,54
603893,603947,603950,3,54
603893,603947,603949,2,54
603893,603948,603949,1,55
603893,603948,603951,3,55
603893,603948,603951,3,55
603893,603951,603955,4,58
603893,603951,603956,5,58
603893,603949,603956,7,56
603893,603950,603957,7,57
603893,603955,603959,4,62
603893,603949,603959,10,56
603893,603957,603960,3,64
603893,603956,603960,4,63
603893,603956,603961,5,63
603893,603949,603961,12,56
603893,603950,603961,11,57
603893,603959,603962,3,66
603893,603949,603961,12,56
603893,603950,603962,12,57
603893,603950,603961,11,57
603893,603950,603961,11,57
603893,603949,603961,12,56
603893,603959,603962,3,66
603893,603949,603962,13,56
603893,603950,603963,13,57
603893,603950,603962,12,57
603893,603950,603964,14,57
603893,603962,603964,2,69
603893,603961,603964,3,68
603893,603961,603964,3,68
603893,603962,603964,2,69
603893,603962,603965,3,69
603893,603962,603965,3,69
603893,603960,603965,5,67
603893,603960,603965,5,67
603893,603961,603964,3,68
603893,603962,603965,3,69
603893,603962,603965,3,69
603893,603962,603965,3,69
603893,603965,603967,2,72
603893,603963,603967,4,70
603893,603963,603968,5,70
603893,603964,603968,4,71
603893,603963,603968,5,70
603893,603964,603968,4,71
603893,603964,603968,4,71
603893,603965,603968,3,72
603893,603964,603969,5,71
603893,603965,603969,4,72
603893,603965,603968,3,72
603893,603965,603968,3,72
603893,603964,603970,6,71
603893,603967,603969,2,74
603893,603968,603970,2,75
603893,603966,603970,4,73
603893,603966,603969,3,73
603893,603965,603969,4,72
603893,603967,603970,3,74
603893,603968,603971,3,75
603893,603969,603971,2,76
603893,603968,603971,3,75
603414,603534,603970,436,120
603893,603970,603972,2,77
603893,603970,603971,1,77
603893,603969,603972,3,76
603893,603969,603972,3,76
603893,603969,603971,2,76
603893,603968,603971,3,75
603914,603971,603973,2,57
603893,603970,603973,3,77
603893,603969,603972,3,76
603893,603969,603973,4,76
603914,603970,603973,3,56
603914,603971,603973,2,57
603914,603970,603974,4,56
603914,603972,603974,2,58
603914,603971,603973,2,57
603914,603972,603975,3,58
603914,603970,603974,4,56
603914,603971,603974,3,57
603523,603678,603975,297,155
603914,603972,603980,8,58
603914,603972,603983,11,58
603914,603973,603983,10,59
603914,603972,603984,12,58
603914,603972,603984,12,58
603914,603974,603985,11,60
603914,603973,603985,12,59
603914,603974,603986,12,60
603914,603973,603986,13,59
603914,603975,603985,10,61
603914,603973,603985,12,59
603914,603974,603986,12,60
603914,603975,603986,11,61
603914,603973,603986,13,59
603914,603976,603986,10,62
603914,603975,603987,12,61
603914,603975,603988,13,61
603914,603985,603992,7,71
603914,603980,603992,12,66
603914,603983,603993,10,69
603914,603985,603993,8,71
603914,603986,603992,6,72
603469,603560,603993,433,91
603914,603986,603993,7,72
603914,603986,603994,8,72
603914,603983,603994,11,69
603914,603986,603994,8,72
603914,603987,603995,8,73
603914,603986,603994,8,72
603914,603986,603994,8,72
603914,603993,603996,3,79
603914,603993,603996,3,79
603914,603994,603996,2,80
603914,603986,603996,10,72
603914,603992,603997,5,78
603914,603989,603997,8,75
603914,603993,603997,4,79
603914,603994,603997,3,80
603914,603993,603997,4,79
603914,603988,603996,8,74
603914,603984,603998,14,70
603914,603992,603998,6,78
603914,603995,603997,2,81
603914,603985,603998,13,71
603914,603994,603997,3,80
603914,603993,603998,5,79
603914,603998,604000,2,84
603914,603996,604000,4,82
603914,603998,604000,2,84
603914,603998,604000,2,84
603914,603996,604001,5,82
603914,603997,604001,4,83
603914,603995,604001,6,81
603914,603998,604000,2,84
603914,603998,604001,3,84
603914,603996,604000,4,82
603914,603997,604000,3,83
603914,603997,604002,5,83
603914,603998,604001,3,84
603914,604000,604002,2,86
603914,603997,604001,4,83
603914,603996,604001,5,82
603914,603999,604001,2,85
603914,603996,604001,5,82
603914,603997,604001,4,83
603914,604000,604002,2,86
603921,604002,604003,1,81
603921,604002,604004,2,81
603914,604000,604003,3,86
603921,604001,604004,3,80
603921,604001,604003,2,80
603921,604002,604005,3,81
603921,604001,604005,4,80
603921,604001,604004,3,80
603921,604001,604004,3,80
603921,604002,604008,6,81
603921,604002,604009,7,81
603921,604003,604013,10,82
603921,604002,604014,12,81
603921,604003,604014,11,82
603921,604004,604014,10,83
603478,603585,604014,429,107
603921,604004,604014,10,83
603921,604002,604014,12,81
603921,604002,604014,12,81
603921,604004,604016,12,83
603921,604004,604016,12,83
603921,604003,604017,14,82
603921,604006,604017,11,85
603921,604005,604018,13,84
603921,604006,604017,11,85
603921,604005,604018,13,84
603921,604004,604017,13,83
603921,604009,604019,10,88
603921,604008,604021,13,87
603921,604014,604021,7,93
603921,604018,604022,4,97
603921,604018,604022,4,97
603921,604018,604022,4,97
603921,604015,604023,8,94
603921,604014,604023,9,93
603921,604016,604023,7,95
603921,604019,604024,5,98
603921,604016,604024,8,95
603921,604017,604024,7,96
603921,604015,604023,8,94
603921,604017,604024,7,96
603921,604016,604024,8,95
603921,604013,604024,11,92
603921,604021,604025,4,100
603921,604014,604024,10,93
603921,604021,604026,5,100
603921,604023,604026,3,102
603921,604024,604026,2,103
603921,604022,604026,4,101
603921,604023,604027,4,102
603921,604024,604026,2,103
603921,604014,604027,13,93
603921,604022,604027,5,101
603921,604024,604026,2,103
603921,604023,604026,3,102
603921,604024,604026,2,103
603921,604018,604027,9,97
603921,604025,604028,3,104
603921,604024,604027,3,103
603921,604026,604029,3,105
603921,604025,604029,4,104
603921,604026,604028,2,105
603921,604024,604029,5,103
603921,604027,604030,3,106
603921,604026,604030,4,105
603921,604027,604029,2,106
603921,604026,604029,3,105
603921,604027,604030,3,106
603921,604027,604030,3,106
603921,604027,604029,2,106
603921,604024,604030,6,103
603921,604027,604030,3,106
603921,604026,604030,4,105
603921,604028,604030,2,107
603937,604029,604030,1,92
603937,604029,604030,1,92
603921,604027,604030,3,106
603921,604028,604030,2,107
603937,604030,604032,2,93
603937,604030,604032,2,93
603921,604028,604031,3,107
603937,604029,604031,2,92
603937,604030,604032,2,93
603937,604030,604033,3,93
603937,604030,604032,2,93
603937,604030,604032,2,93
603937,604030,604034,4,93
603575,603726,604037,311,151
603937,604030,604038,8,93
603937,604033,604038,5,96
603937,604033,604038,5,96
603937,604034,604038,4,97
603937,604033,604040,7,96
603937,604031,604041,10,94
603937,604037,604042,5,100
603937,604030,604042,12,93
603937,604031,604041,10,94
603937,604031,604043,12,94
603937,604031,604043,12,94
603937,604032,604043,11,95
603937,604032,604043,11,95
603937,604032,604043,11,95
603937,604038,604043,5,101
603937,604038,604044,6,101
603937,604031,604043,12,94
603937,604038,604044,6,101
603937,604032,604043,11,95
603937,604032,604043,11,95
603937,604038,604045,7,101
603937,604043,604045,2,106
603937,604042,604045,3,105
603937,604031,604044,13,94
603937,604041,604045,4,104
603937,604043,604046,3,106
603937,604040,604045,5,103
603937,604042,604046,4,105
603937,604043,604047,4,106
603937,604043,604046,3,106
603937,604043,604048,5,106
603937,604045,604049,4,108
603937,604043,604050,7,106
603937,604043,604050,7,106
603937,604046,604049,3,109
603937,604044,604051,7,107
603937,604044,604051,7,107
603937,604046,604051,5,109
603937,604045,604051,6,108
603937,604044,604051,7,107
603937,604046,604052,6,109
603937,604044,604052,8,107
603937,604045,604051,6,108
603937,604047,604052,5,110
603937,604046,604051,5,109
603937,604049,604053,4,112
603937,604051,604052,1,114
603937,604044,604052,8,107
603937,604048,604053,5,111
603937,604051,604053,2,114
603937,604050,604054,4,113
603937,604045,604053,8,108
603937,604051,604053,2,114
603937,604047,604054,7,110
603937,604051,604053,2,114
603937,604051,604053,2,114
603937,604053,604055,2,116
603971,604053,604055,2,82
603937,604052,604055,3,115
603937,604052,604055,3,115
603937,604051,604054,3,114
603971,604053,604055,2,82
603937,604050,604055,5,113
603937,604052,604056,4,115
603937,604052,604056,4,115
603971,604054,604056,2,83
603937,604053,604055,2,116
603937,604052,604055,3,115
603971,604054,604056,2,83
603971,604054,604057,3,83
603971,604054,604056,2,83
603971,604055,604057,2,84
603971,604054,604057,3,83
603971,604055,604058,3,84
603971,604054,604057,3,83
603632,603748,604058,310,116
603971,604058,604063,5,87
603971,604059,604064,5,88
603971,604055,604064,9,84
603971,604058,604065,7,87
603971,604057,604065,8,86
603971,604057,604066,9,86
603971,604056,604066,10,85
603971,604057,604067,10,86
603971,604055,604067,12,84
603971,604063,604068,5,92
603971,604056,604068,12,85
603971,604055,604068,13,84
603971,604057,604067,10,86
603971,604057,604068,11,86
603971,604064,604068,4,93
603971,604055,604069,14,84
603971,604056,604069,13,85
603971,604056,604069,13,85
603971,604057,604068,11,86
603971,604055,604069,14,84
603971,604066,604071,5,95
603971,604065,604070,5,94
603971,604064,604071,7,93
603971,604065,604072,7,94
603971,604066,604072,6,95
603971,604067,604071,4,96
603971,604068,604072,4,97
603971,604067,604072,5,96
603971,604068,604074,6,97
603971,604068,604074,6,97
603971,604068,604075,7,97
603971,604068,604075,7,97
603971,604071,604075,4,100
603971,604071,604075,4,100
603971,604069,604075,6,98
603971,604070,604076,6,99
603971,604072,604077,5,101
603971,604069,604076,7,98
603971,604069,604077,8,98
603971,604069,604076,7,98
603971,604072,604076,4,101
603971,604069,604076,7,98
603971,604071,604078,7,100
603971,604074,604078,4,103
603971,604076,604078,2,105
603971,604077,604079,2,106
603971,604072,604078,6,101
603971,604072,604078,6,101
603971,604073,604078,5,102
603971,604075,604078,3,104
603971,604077,604079,2,106
603971,604075,604079,4,104
603971,604075,604080,5,104
603971,604077,604079,2,106
603971,604075,604080,5,104
603971,604078,604080,2,107
603971,604074,604080,6,103
603971,604076,604080,4,105
603971,604077,604080,3,106
603971,604079,604081,2,108
603971,604077,604080,3,106
603971,604078,604081,3,107
603971,604077,604080,3,106
603983,604079,604082,3,96
603983,604080,604081,1,97
603971,604079,604081,2,108
603971,604079,604082,3,108
603983,604079,604082,3,96
603983,604079,604082,3,96
603983,604080,604082,2,97
603983,604079,604082,3,96
603983,604080,604083,3,97
603983,604080,604083,3,97
603650,603771,604082,311,121
603983,604080,604084,4,97
603983,604080,604083,3,97
603983,604080,604091,11,97
603983,604081,604091,10,98
603983,604083,604092,9,100
603983,604082,604092,10,99
603983,604081,604093,12,98
603983,604082,604092,10,99
603983,604083,604093,10,100
603983,604081,604093,12,98
603983,604084,604093,9,101
603983,604082,604092,10,99
603983,604083,604093,10,100
603983,604082,604094,12,99
603983,604081,604093,12,98
603983,604084,604094,10,101
603983,604082,604094,12,99
603983,604082,604094,12,99
603983,604083,604095,12,100
603983,604093,604096,3,110
603983,604093,604097,4,110
603983,604082,604097,15,99
603983,604093,604097,4,110
603983,604095,604098,3,112
603983,604095,604098,3,112
603983,604096,604098,2,113
603983,604094,604098,4,111
603679,603796,604098,302,117
603983,604094,604098,4,111
603983,604094,604098,4,111
603983,604094,604098,4,111
603983,604091,604099,8,108
603983,604095,604098,3,112
603983,604093,604098,5,110
603983,604092,604100,8,109
603983,604092,604100,8,109
603983,604093,604100,7,110
603983,604093,604100,7,110
603983,604098,604101,3,115
603983,604098,604100,2,115
603983,604099,604101,2,116
603983,604091,604101,10,108
603983,604098,604101,3,115
603983,604098,604101,3,115
603983,604098,604101,3,115
603983,604098,604101,3,115
603983,604097,604101,4,114
603983,604099,604102,3,116
603983,604099,604101,2,116
603983,604099,604101,2,116
603983,604100,604102,2,117
603983,604099,604102,3,116
603983,604101,604103,2,118
603983,604097,604103,6,114
603983,604100,604102,2,117
603983,604101,604103,2,118
603983,604098,604102,4,115
603983,604101,604104,3,118
603983,604101,604104,3,118
603983,604101,604104,3,118
603983,604100,604104,4,117
603983,604101,604104,3,118
603983,604101,604104,3,118
603983,604101,604103,2,118
603983,604101,604104,3,118
603994,604103,604105,2,109
603983,604101,604105,4,118
603983,604102,604104,2,119
603983,604102,604105,3,119
603994,604102,604104,2,108
603994,604103,604104,1,109
603994,604102,604105,3,108
603994,604103,604106,3,109
603994,604103,604105,2,109
603994,604104,604106,2,110
603994,604103,604105,2,109
603994,604104,604107,3,110
603521,603678,604108,430,157
603994,604104,604110,6,110
603994,604104,604114,10,110
603994,604104,604115,11,110
603994,604106,604115,9,112
603994,604105,604116,11,111
603994,604104,604116,12,110
603994,604104,604116,12,110
603994,604105,604115,10,111
603994,604105,604116,11,111
603994,604105,604117,12,111
603994,604105,604116,11,111
603994,604104,604117,13,110
603994,604106,604116,10,112
603994,604106,604117,11,112
603994,604106,604118,12,112
603994,604105,604118,13,111
603994,604106,604119,13,112
603994,604108,604119,11,114
603994,604115,604120,5,121
603994,604110,604120,10,116
603994,604116,604121,5,122
603558,603702,604121,419,144
603994,604107,604120,13,113
603994,604114,604121,7,120
603994,604116,604121,5,122
603994,604115,604121,6,121
603994,604116,604123,7,122
603994,604116,604124,8,122
603994,604117,604124,7,123
603994,604121,604123,2,127
603994,604117,604125,8,123
603994,604117,604125,8,123
603994,604121,604125,4,127
603994,604121,604124,3,127
603994,604117,604126,9,123
603994,604116,604125,9,122
603994,604120,604126,6,126
603994,604121,604126,5,127
603994,604118,604127,9,124
603994,604121,604127,6,127
603994,604122,604127,5,128
603994,604120,604126,6,126
603994,604118,604128,10,124
603994,604124,604128,4,130
603994,604119,604128,9,125
603994,604125,604128,3,131
603994,604119,604127,8,125
603994,604118,604128,10,124
603994,604125,604129,4,131
603994,604126,604129,3,132
603994,604123,604128,5,129
603994,604124,604128,4,130
603994,604128,604129,1,134
603994,604127,604130,3,133
603994,604127,604129,2,133
603994,604128,604130,2,134
603994,604126,604130,4,132
603994,604126,604129,3,132
603994,604124,604129,5,130
603994,604125,604129,4,131
603994,604127,604129,2,133
603994,604127,604129,2,133
603994,604125,604130,5,131
603994,604126,604130,4,132
603994,604128,604130,2,134
604015,604129,604132,3,114
604015,604129,604131,2,114
603994,604128,604131,3,134
604015,604130,604132,2,115
604015,604129,604131,2,114
604015,604130,604131,1,115
604015,604129,604132,3,114
603994,604128,604131,3,134
604015,604130,604132,2,115
604015,604129,604132,3,114
604015,604130,604134,4,115
604015,604130,604136,6,115
604015,604131,604141,10,116
604015,604130,604141,11,115
604015,604131,604142,11,116
604015,604132,604143,11,117
604015,604131,604143,12,116
604015,604131,604143,12,116
604015,604132,604142,10,117
604015,604132,604142,10,117
604015,604131,604143,12,116
604015,604131,604144,13,116
604015,604132,604143,11,117
604015,604132,604144,12,117
604015,604132,604144,12,117
604015,604132,604145,13,117
604015,604134,604145,11,119
604015,604133,604144,11,118
604015,604132,604145,13,117
604015,604134,604147,13,119
604015,604136,604146,10,121
604015,604141,604150,9,126
604015,604144,604150,6,129
604015,604141,604150,9,126
604015,604143,604150,7,128
604015,604143,604151,8,128
604015,604145,604151,6,130
604015,604142,604151,9,127
604015,604145,604151,6,130
604015,604143,604152,9,128
604015,604144,604152,8,129
604015,604143,604152,9,128
604015,604143,604151,8,128
604015,604145,604153,8,130
604015,604147,604152,5,132
604015,604151,604153,2,136
604015,604147,604153,6,132
604015,604144,604153,9,129
604015,604143,604152,9,128
604015,604145,604154,9,130
604015,604150,604153,3,135
604015,604144,604154,10,129
604015,604150,604153,3,135
604015,604151,604154,3,136
604015,604152,604155,3,137
604015,604153,604156,3,138
604015,604153,604156,3,138
604015,604151,604155,4,136
604015,604152,604156,4,137
604015,604154,604155,1,139
604015,604152,604156,4,137
604015,604153,604156,3,138
604015,604154,604157,3,139
604015,604154,604157,3,139
604015,604153,604157,4,138
604015,604152,604157,5,137
604015,604154,604156,2,139
604015,604153,604157,4,138
604015,604152,604157,5,137
604042,604156,604158,2,114
604015,604152,604157,5,137
604015,604153,604157,4,138
604015,604151,604157,6,136
604015,604156,604159,3,141
604015,604156,604158,2,141
604015,604156,604159,3,141
604015,604155,604158,3,140
604015,604156,604158,2,141
604042,604156,604160,4,114
604042,604157,604159,2,115
604042,604157,604159,2,115
604042,604157,604161,4,115
604042,604157,604160,3,115
604042,604157,604161,4,115
604042,604157,604160,3,115
604042,604157,604162,5,115
604042,604158,604166,8,116
604042,604158,604168,10,116
604042,604159,604169,10,117
604042,604159,604169,10,117
604042,604158,604170,12,116
604042,604159,604171,12,117
604042,604159,604171,12,117
604042,604160,604171,11,118
604042,604160,604170,10,118
604042,604160,604170,10,118
604042,604158,604170,12,116
604042,604159,604172,13,117
604042,604161,604173,12,119
604042,604161,604173,12,119
604042,604160,604173,13,118
604042,604161,604174,13,119
604042,604162,604174,12,120
604042,604162,604174,12,120
604042,604166,604175,9,124
604042,604172,604176,4,130
604042,604171,604176,5,129
604042,604168,604176,8,126
604042,604173,604177,4,131
604042,604174,604177,3,132
604042,604169,604177,8,127
604042,604174,604177,3,132
604042,604173,604177,4,131
604042,604169,604177,8,127
604042,604173,604178,5,131
604042,604171,604178,7,129
604042,604174,604178,4,132
604042,604175,604178,3,133
604042,604171,604179,8,129
604042,604170,604179,9,128
604042,604176,604179,3,134
604042,604171,604178,7,129
604042,604176,604180,4,134
604042,604178,604180,2,136
604042,604176,604180,4,134
604042,604171,604179,8,129
604042,604177,604180,3,135
604042,604177,604180,3,135
604042,604178,604181,3,136
604042,604178,604180,2,136
604042,604179,604181,2,137
604042,604171,604181,10,129
604042,604177,604180,3,135
604042,604178,604181,3,136
604042,604177,604181,4,135
604042,604179,604180,1,137
604042,604177,604180,3,135
604042,604178,604181,3,136
604042,604179,604181,2,137
604042,604180,604182,2,138
604042,604179,604181,2,137
604042,604180,604183,3,138
604042,604180,604183,3,138
604067,604181,604183,2,114
604042,604180,604182,2,138
604042,604181,604182,1,139
604042,604181,604182,1,139
604042,604180,604184,4,138
604042,604181,604183,2,139
604042,604180,604184,4,138
604042,604181,604184,3,139
604042,604181,604183,2,139
604067,604181,604185,4,114
604042,604181,604184,3,139
604067,604182,604185,3,115
604067,604181,604185,4,114
604067,604183,604186,3,116
604067,604182,604185,3,115
604067,604182,604185,3,115
604067,604183,604186,3,116
604067,604183,604187,4,116
604067,604184,604193,9,117
604067,604183,604194,11,116
604067,604184,604194,10,117
604067,604184,604195,11,117
604067,604184,604196,12,117
604067,604184,604196,12,117
604067,604184,604196,12,117
604067,604185,604197,12,118
604067,604185,604197,12,118
604067,604184,604197,13,117
604067,604185,604196,11,118
604067,604185,604198,13,118
604067,604188,604198,10,121
604067,604186,604197,11,119
604067,604186,604198,12,119
604067,604186,604200,14,119
604067,604186,604199,13,119
604067,604198,604201,3,131
604067,604198,604203,5,131
604067,604199,604203,4,132
604067,604193,604204,11,126
604067,604201,604204,3,134
604067,604197,604204,7,130
604067,604198,604205,7,131
604067,604196,604205,9,129
604067,604200,604205,5,133
604067,604195,604205,10,128
604067,604197,604204,7,130
604067,604200,604205,5,133
604067,604194,604204,10,127
604067,604195,604204,9,128
604067,604196,604205,9,129
604067,604197,604205,8,130
604067,604204,604206,2,137
604067,604196,604205,9,129
604067,604204,604206,2,137
604067,604203,604207,4,136
604067,604197,604207,10,130
604067,604205,604207,2,138
604067,604203,604206,3,136
604067,604206,604208,2,139
604067,604205,604208,3,138
604067,604205,604207,2,138
604067,604206,604208,2,139
604067,604205,604208,3,138
604067,604205,604208,3,138
604067,604205,604207,2,138
604067,604204,604207,3,137
604067,604205,604209,4,138
604067,604205,604208,3,138
604067,604206,604209,3,139
604067,604206,604208,2,139
604067,604207,604209,2,140
604067,604206,604209,3,139
604067,604208,604210,2,141
604067,604207,604209,2,140
604067,604208,604210,2,141
604067,604207,604210,3,140
604067,604208,604211,3,141
604067,604208,604211,3,141
604067,604207,604210,3,140
604067,604208,604211,3,141
604067,604208,604211,3,141
604067,604208,604211,3,141
604067,604208,604210,2,141
604094,604210,604212,2,116
604094,604210,604212,2,116
604067,604209,604212,3,142
604094,604209,604212,3,115
604094,604209,604212,3,115
604094,604210,604213,3,116
604094,604210,604213,3,116
604094,604209,604212,3,115
604094,604209,604212,3,115
604094,604211,604217,6,117
604094,604211,604221,10,117
604094,604212,604222,10,118
604094,604212,604222,10,118
604094,604211,604223,12,117
604094,604212,604222,10,118
604094,604213,604223,10,119
604094,604211,604224,13,117
604094,604212,604224,12,118
604094,604211,604224,13,117
604094,604211,604225,14,117
604094,604212,604224,12,118
604094,604213,604224,11,119
604094,604214,604224,10,120
604094,604212,604225,13,118
604094,604213,604226,13,119
604094,604217,604230,13,123
604094,604226,604231,5,132
604094,604223,604231,8,129
604094,604222,604231,9,128
604094,604224,604232,8,130
604094,604223,604231,8,129
604094,604224,604232,8,130
604094,604226,604231,5,132
604094,604223,604232,9,129
604094,604221,604233,12,127
604094,604222,604233,11,128
604094,604224,604233,9,130
604094,604225,604234,9,131
604094,604230,604234,4,136
604094,604225,604233,8,131
604094,604231,604235,4,137
604094,604231,604234,3,137
604094,604232,604235,3,138
604094,604232,604235,3,138
604094,604225,604235,10,131
604094,604232,604236,4,138
604094,604225,604236,11,131
604094,604233,604236,3,139
604094,604233,604236,3,139
604094,604235,604237,2,141
604094,604232,604236,4,138
604094,604233,604237,4,139
604094,604232,604236,4,138
604094,604235,604237,2,141
604094,604235,604237,2,141
604094,604236,604238,2,142
604094,604233,604238,5,139
604094,604234,604238,4,140
604094,604234,604237,3,140
604094,604234,604237,3,140
604094,604236,604239,3,142
604094,604237,604239,2,143
604094,604235,604238,3,141
604094,604236,604238,2,142
604094,604236,604240,4,142
604094,604236,604240,4,142
604094,604237,604239,2,143
604094,604238,604240,2,144
604094,604238,604239,1,144
604094,604237,604240,3,143
604094,604237,604240,3,143
604094,604237,604240,3,143
604094,604238,604241,3,144
604094,604238,604241,3,144
604094,604238,604241,3,144
604099,604239,604242,3,140
604094,604238,604241,3,144
604099,604240,604242,2,141
604099,604239,604243,4,140
604099,604239,604243,4,140
604099,604240,604243,3,141
604099,604240,604242,2,141
604099,604240,604243,3,141
604099,604240,604242,2,141
604099,604240,604247,7,141
603716,603821,604247,426,105
604099,604240,604250,10,141
604099,604242,604252,10,143
604099,604242,604252,10,143
604099,604241,604253,12,142
604099,604242,604253,11,143
604099,604241,604254,13,142
604099,604243,604254,11,144
604099,604241,604254,13,142
604099,604243,604254,11,144
604099,604243,604255,12,144
604099,604241,604254,13,142
604099,604243,604254,11,144
604099,604243,604256,13,144
604099,604243,604257,14,144
604099,604247,604260,13,148
604099,604254,604261,7,155
604099,604247,604261,14,148
604099,604250,604262,12,151
604099,604252,604262,10,153
604099,604257,604262,5,158
604099,604255,604263,8,156
604099,604252,604262,10,153
604099,604255,604263,8,156
604099,604253,604263,10,154
604099,604254,604263,9,155
604099,604260,604263,3,161
604099,604261,604263,2,162
604099,604254,604263,9,155
604099,604256,604264,8,157
604099,604262,604265,3,163
604099,604255,604265,10,156
604099,604254,604264,10,155
604099,604262,604265,3,163
604099,604255,604264,9,156
604099,604263,604266,3,164
604099,604261,604265,4,162
604099,604263,604267,4,164
604099,604263,604267,4,164
604099,604263,604267,4,164
604099,604263,604266,3,164
604099,604264,604266,2,165
604099,604263,604268,5,164
604099,604265,604268,3,166
604099,604266,604268,2,167
604099,604263,604268,5,164
604099,604265,604269,4,166
604099,604265,604269,4,166
604099,604265,604269,4,166
604099,604265,604269,4,166
604099,604264,604268,4,165
604099,604266,604268,2,167
604099,604266,604270,4,167
604099,604268,604270,2,169
604099,604268,604271,3,169
604099,604269,604271,2,170
604099,604268,604270,2,169
604099,604268,604270,2,169
604099,604269,604270,1,170
604099,604267,604270,3,168
604099,604267,604271,4,168
604099,604267,604270,3,168
604099,604269,604272,3,170
604099,604269,604272,3,170
604099,604269,604272,3,170
604099,604269,604271,2,170
604116,604271,604273,2,155
604116,604271,604273,2,155
604099,604269,604272,3,170
604116,604271,604273,2,155
604116,604270,604273,3,154
604116,604270,604274,4,154
604116,604271,604273,2,155
604116,604271,604274,3,155
604116,604271,604275,4,155
604116,604271,604275,4,155
603725,603847,604275,428,122
604116,604272,604280,8,156
604116,604272,604283,11,156
604116,604273,604284,11,157
604116,604273,604284,11,157
604116,604272,604284,12,156
604116,604273,604284,11,157
604116,604274,604285,11,158
604116,604274,604286,12,158
604116,604275,604285,10,159
604116,604274,604286,12,158
604116,604272,604286,14,156
604116,604274,604285,11,158
604116,604273,604287,14,157
604116,604275,604287,12,159
604116,604274,604289,15,158
604116,604276,604290,14,160
604116,604284,604291,7,168
604116,604287,604290,3,171
604116,604285,604292,7,169
604116,604289,604292,3,173
604116,604280,604292,12,164
604116,604287,604293,6,171
604116,604284,604293,9,168
604116,604284,604292,8,168
604116,604286,604292,6,170
604116,604285,604294,9,169
604116,604286,604294,8,170
604116,604291,604294,3,175
604116,604286,604294,8,170
604116,604290,604294,4,174
604116,604292,604295,3,176
604116,604286,604295,9,170
604116,604294,604296,2,178
604116,604283,604295,12,167
604116,604292,604295,3,176
604116,604287,604295,8,171
604116,604293,604296,3,177
604116,604293,604296,3,177
604116,604295,604297,2,179
604116,604292,604297,5,176
604116,604294,604297,3,178
604116,604293,604297,4,177
604116,604294,604297,3,178
604116,604294,604297,3,178
604116,604292,604298,6,176
604116,604296,604298,2,180
604116,604293,604297,4,177
604116,604294,604297,3,178
604116,604295,604298,3,179
604116,604297,604299,2,181
604116,604297,604300,3,181
604116,604297,604299,2,181
604116,604296,604300,4,180
604116,604298,604300,2,182
604116,604297,604300,3,181
604116,604297,604300,3,181
604116,604297,604300,3,181
604116,604297,604300,3,181
604116,604297,604301,4,181
604116,604298,604301,3,182
604116,604296,604301,5,180
604116,604296,604300,4,180
604116,604298,604301,3,182
604121,604300,604302,2,179
604116,604299,604301,2,183
604121,604300,604301,1,179
604116,604298,604301,3,182
604116,604299,604303,4,183
603729,603873,604302,429,144
604121,604300,604303,3,179
604121,604300,604302,2,179
604121,604300,604303,3,179
604121,604300,604304,4,179
604121,604300,604304,4,179
604121,604301,604305,4,180
604121,604301,604307,6,180
604121,604301,604310,9,180
604121,604301,604312,11,180
604121,604302,604312,10,181
604121,604302,604313,11,181
604121,604302,604313,11,181
604121,604302,604315,13,181
604121,604303,604315,12,182
604121,604303,604315,12,182
604121,604302,604315,13,181
604121,604304,604316,12,183
604121,604304,604316,12,183
604121,604304,604316,12,183
604121,604303,604315,12,182
604121,604304,604317,13,183
603921,604029,604317,288,108
604121,604305,604319,14,184
604121,604317,604319,2,196
604121,604307,604319,12,186
604121,604316,604320,4,195
604121,604317,604320,3,196
604121,604316,604321,5,195
604121,604313,604321,8,192
604121,604313,604321,8,192
604121,604319,604322,3,198
604121,604312,604321,9,191
604121,604319,604323,4,198
604121,604310,604322,12,189
604121,604319,604323,4,198
604121,604314,604323,9,193
604121,604316,604323,7,195
604121,604320,604324,4,199
604121,604315,604324,9,194
604121,604321,604323,2,200
604121,604315,604323,8,194
604121,604320,604323,3,199
604121,604321,604323,2,200
604121,604315,604324,9,194
604121,604321,604324,3,200
604121,604315,604324,9,194
604121,604322,604324,2,201
604121,604316,604324,8,195
604121,604324,604326,2,203
604121,604323,604326,3,202
604121,604323,604326,3,202
604121,604322,604326,4,201
604121,604324,604326,2,203
604121,604324,604327,3,203
604121,604323,604327,4,202
604121,604323,604327,4,202
604121,604324,604326,2,203
604121,604324,604326,2,203
604121,604326,604328,2,205
604121,604326,604328,2,205
604121,604325,604328,3,204
604121,604324,604327,3,203
604121,604324,604327,3,203
604121,604325,604327,2,204
604121,604325,604329,4,204
604121,604325,604328,3,204
604121,604325,604328,3,204
604121,604326,604329,3,205
604121,604326,604329,3,205
604121,604326,604329,3,205
603811,603899,604330,431,88
604121,604327,604329,2,206
604121,604327,604329,2,206
604121,604327,604330,3,206
604253,604328,604331,3,75
604253,604328,604330,2,75
604253,604329,604331,2,76
604253,604328,604331,3,75
604121,604327,604330,3,206
604253,604328,604332,4,75
604253,604328,604331,3,75
604253,604329,604333,4,76
604253,604329,604332,3,76
604253,604329,604334,5,76
604253,604329,604336,7,76
604253,604329,604341,12,76
604253,604329,604341,12,76
604253,604331,604342,11,78
604253,604330,604342,12,77
604253,604331,604342,11,78
604253,604330,604342,12,77
604253,604330,604343,13,77
604253,604331,604344,13,78
604253,604331,604344,13,78
604253,604332,604344,12,79
604253,604331,604343,12,78
604253,604333,604343,10,80
604253,604331,604343,12,78
604253,604332,604344,12,79
604253,604334,604346,12,81
603819,603924,604347,423,105
604253,604333,604347,14,80
604253,604336,604348,12,83
604253,604342,604350,8,89
604253,604344,604350,6,91
604253,604347,604351,4,94
604253,604346,604351,5,93
604253,604346,604350,4,93
604253,604342,604351,9,89
604253,604348,604352,4,95
604253,604344,604352,8,91
604253,604344,604353,9,91
604253,604347,604353,6,94
604253,604344,604353,9,91
604253,604342,604353,11,89
604253,604341,604352,11,88
604253,604344,604353,9,91
604253,604343,604354,11,90
604253,604342,604354,12,89
604253,604344,604353,9,91
604253,604341,604353,12,88
604253,604350,604355,5,97
604253,604353,604355,2,100
604253,604351,604356,5,98
604253,604353,604356,3,100
604253,604351,604356,5,98
604253,604352,604356,4,99
604253,604353,604356,3,100
604253,604351,604355,4,98
604253,604352,604357,5,99
604253,604351,604356,5,98
604253,604353,604357,4,100
604253,604352,604357,5,99
604253,604355,604357,2,102
604253,604353,604356,3,100
604253,604353,604356,3,100
604253,604355,604358,3,102
604253,604354,604358,4,101
604253,604354,604358,4,101
604253,604354,604358,4,101
604253,604356,604358,2,103
604253,604356,604359,3,103
604253,604354,604359,5,101
604253,604356,604359,3,103
604253,604356,604358,2,103
604253,604356,604359,3,103
604253,604357,604359,2,104
604253,604357,604360,3,104
604253,604356,604360,4,103
604253,604357,604360,3,104
604283,604358,604360,2,75
604253,604357,604359,2,104
604283,604357,604360,3,74
604283,604358,604361,3,75
604283,604358,604360,2,75
604283,604358,604360,2,75
604283,604357,604360,3,74
604283,604358,604362,4,75
604283,604359,604362,3,76
604283,604359,604363,4,76
604283,604359,604366,7,76
604283,604359,604369,10,76
603889,603947,604369,422,58
604283,604360,604371,11,77
604283,604360,604372,12,77
604283,604360,604372,12,77
604283,604359,604372,13,76
604283,604360,604372,12,77
604283,604363,604373,10,80
604283,604361,604373,12,78
604283,604360,604372,12,77
604283,604360,604374,14,77
604283,604361,604373,12,78
604283,604361,604374,13,78
604283,604361,604373,12,78
604283,604364,604375,11,81
604283,604362,604374,12,79
604283,604366,604376,10,83
604283,604362,604376,14,79
604283,604375,604380,5,92
604283,604369,604380,11,86
604283,604375,604380,5,92
604283,604372,604381,9,89
604283,604372,604381,9,89
604283,604373,604381,8,90
604283,604376,604382,6,93
604283,604377,604382,5,94
604283,604369,604382,13,86
604283,604372,604382,10,89
604283,604373,604382,9,90
604283,604374,604383,9,91
604283,604373,604383,10,90
604283,604372,604383,11,89
604283,604374,604382,8,91
604283,604380,604384,4,97
604283,604374,604384,10,91
604283,604372,604383,11,89
604283,604374,604383,9,91
604283,604380,604385,5,97
604283,604380,604385,5,97
604283,604382,604386,4,99
604283,604381,604387,6,98
604283,604381,604387,6,98
604283,604383,604387,4,100
604283,604384,604387,3,101
604283,604382,604387,5,99
604283,604384,604388,4,101
604283,604382,604388,6,99
604283,604383,604388,5,100
604283,604381,604387,6,98
604283,604383,604387,4,100
604283,604382,604389,7,99
604283,604385,604389,4,102
604283,604383,604389,6,100
604283,604384,604388,4,101
604283,604383,604388,5,100
604283,604385,604388,3,102
604283,604384,604389,5,101
604283,604386,604390,4,103
604283,604387,604389,2,104
604283,604387,604390,3,104
604283,604388,604390,2,105
604283,604388,604389,1,105
604313,604389,604391,2,76
604283,604388,604391,3,105
604283,604388,604391,3,105
604283,604387,604391,4,104
604313,604389,604391,2,76
604283,604388,604390,2,105
604313,604389,604392,3,76
604313,604389,604392,3,76
604313,604389,604392,3,76
604313,604389,604391,2,76
604313,604390,604393,3,77
604313,604389,604393,4,76
604313,604390,604394,4,77
604313,604390,604396,6,77
604313,604390,604400,10,77
603984,604102,604401,299,118
604313,604391,604401,10,78
604313,604390,604402,12,77
604313,604392,604403,11,79
604313,604391,604402,11,78
604313,604391,604403,12,78
604313,604391,604404,13,78
604313,604391,604404,13,78
604313,604394,604404,10,81
604313,604393,604404,11,80
604313,604393,604404,11,80
604313,604391,604405,14,78
603894,603970,604405,435,76
604313,604392,604404,12,79
604313,604392,604404,12,79
604313,604392,604404,12,79
604313,604396,604407,11,83
604313,604401,604407,6,88
604313,604391,604406,15,78
604313,604401,604409,8,88
604313,604400,604410,10,87
604313,604402,604411,9,89
604313,604407,604411,4,94
604313,604405,604410,5,92
604313,604407,604410,3,94
604313,604403,604412,9,90
604313,604404,604412,8,91
604313,604403,604412,9,90
604313,604403,604411,8,90
604313,604404,604413,9,91
604313,604405,604412,7,92
604313,604404,604412,8,91
604313,604407,604413,6,94
604313,604409,604413,4,96
604313,604404,604414,10,91
604313,604405,604413,8,92
604313,604405,604413,8,92
604313,604404,604413,9,91
604313,604405,604414,9,92
604313,604413,604416,3,100
604313,604410,604416,6,97
604313,604414,604417,3,101
604313,604415,604417,2,102
604313,604414,604417,3,101
604313,604411,604417,6,98
604313,604412,604416,4,99
604313,604411,604417,6,98
604313,604414,604418,4,101
604313,604413,604418,5,100
604313,604412,604418,6,99
604313,604412,604417,5,99
604313,604413,604417,4,100
604313,604416,604418,2,103
604313,604412,604418,6,99
604313,604413,604418,5,100
604313,604412,604418,6,99
604313,604415,604419,4,102
604313,604417,604419,2,104
604313,604413,604418,5,100
604313,604412,604420,8,99
604313,604417,604420,3,104
604313,604416,604419,3,103
604313,604417,604420,3,104
604313,604417,604419,2,104
604318,604418,604421,3,100
604318,604418,604421,3,100
604313,604417,604420,3,104
604313,604418,604420,2,105
604318,604418,604422,4,100
604318,604418,604421,3,100
604318,604418,604421,3,100
604318,604418,604421,3,100
604318,604419,604423,4,101
604318,604419,604423,4,101
604318,604419,604423,4,101
604318,604419,604426,7,101
604318,604421,604431,10,103
604318,604421,604431,10,103
604318,604420,604431,11,102
604318,604419,604431,12,101
604318,604420,604432,12,102
604318,604421,604432,11,103
604318,604420,604432,12,102
604318,604420,604432,12,102
604318,604422,604433,11,104
604318,604421,604433,12,103
604318,604426,604434,8,108
604318,604422,604434,12,104
604318,604421,604435,14,103
603914,604000,604435,435,86
604318,604423,604435,12,105
604318,604422,604434,12,104
604318,604422,604434,12,104
604318,604424,604436,12,106
604318,604423,604438,15,105
604318,604434,604439,5,116
604318,604435,604439,4,117
604318,604435,604439,4,117
604318,604432,604440,8,114
604318,604431,604441,10,113
604318,604434,604441,7,116
604318,604435,604441,6,117
604318,604433,604441,8,115
604318,604432,604441,9,114
604318,604433,604441,8,115
604318,604431,604441,10,113
604318,604432,604442,10,114
604318,604431,604443,12,113
604318,604436,604442,6,118
604318,604436,604442,6,118
604318,604431,604442,11,113
604318,604432,604444,12,114
604318,604438,604444,6,120
604318,604441,604444,3,123
604318,604439,604444,5,121
604318,604437,604444,7,119
604318,604441,604445,4,123
604318,604441,604446,5,123
604318,604441,604445,4,123
604318,604444,604446,2,126
604318,604444,604446,2,126
604318,604442,604445,3,124
604318,604441,604446,5,123
604318,604444,604445,1,126
604318,604444,604446,2,126
604318,604443,604446,3,125
604318,604443,604446,3,125
604318,604443,604447,4,125
604318,604439,604446,7,121
604318,604444,604447,3,126
604318,604441,604446,5,123
604318,604443,604446,3,125
604318,604445,604447,2,127
604318,604440,604448,8,122
604318,604440,604447,7,122
604318,604446,604447,1,128
604318,604446,604447,1,128
604318,604441,604447,6,123
604318,604446,604449,3,128
604318,604446,604448,2,128
604330,604446,604450,4,116
604330,604447,604450,3,117
604330,604447,604449,2,117
604318,604446,604449,3,128
604330,604447,604449,2,117
604318,604446,604449,3,128
604330,604447,604449,2,117
604330,604447,604449,2,117
604330,604448,604450,2,118
604330,604448,604452,4,118
604330,604448,604451,3,118
604330,604448,604455,7,118
604330,604448,604459,11,118
604330,604448,604459,11,118
604330,604449,604461,12,119
604330,604449,604461,12,119
604330,604452,604461,9,122
604330,604451,604462,11,121
604330,604450,604462,12,120
604330,604448,604461,13,118
604330,604450,604462,12,120
604330,604450,604461,11,120
604330,604450,604462,12,120
604330,604452,604463,11,122
604330,604450,604463,13,120
604330,604449,604463,14,119
604330,604450,604463,13,120
604330,604450,604463,13,120
604330,604450,604463,13,120
604330,604457,604465,8,127
604330,604459,604465,6,129
604330,604460,604470,10,130
604330,604463,604470,7,133
604330,604463,604470,7,133
604330,604461,604470,9,131
604330,604463,604471,8,133
604330,604463,604471,8,133
604330,604463,604471,8,133
604330,604463,604470,7,133
604330,604465,604470,5,135
604330,604461,604473,12,131
604330,604461,604473,12,131
604330,604462,604472,10,132
604330,604462,604474,12,132
604330,604462,604474,12,132
604330,604462,604474,12,132
604330,604465,604475,10,135
604330,604464,604474,10,134
604330,604462,604475,13,132
604016,604156,604475,319,140
604330,604470,604476,6,140
604330,604470,604476,6,140
604330,604470,604477,7,140
604330,604471,604477,6,141
604330,604476,604477,1,146
604330,604471,604476,5,141
604330,604474,604477,3,144
604330,604473,604477,4,143
604330,604471,604476,5,141
604330,604472,604476,4,142
604330,604473,604478,5,143
604330,604474,604477,3,144
604330,604473,604478,5,143
604330,604470,604478,8,140
604042,604181,604478,297,139
604330,604472,604478,6,142
604330,604475,604479,4,145
604330,604476,604479,3,146
604330,604476,604479,3,146
604330,604476,604478,2,146
604330,604477,604479,2,147
604330,604477,604480,3,147
604330,604475,604479,4,145
604330,604477,604479,2,147
604348,604478,604480,2,130
604330,604475,604479,4,145
604348,604478,604480,2,130
604348,604478,604481,3,130
604348,604478,604480,2,130
604330,604477,604480,3,147
604330,604477,604480,3,147
604330,604477,604480,3,147
604348,604478,604480,2,130
604330,604477,604480,3,147
604348,604479,604481,2,131
604348,604479,604482,3,131
604348,604479,604482,3,131
604348,604479,604483,4,131
603938,604053,604482,429,115
604348,604479,604486,7,131
604348,604482,604488,6,134
604348,604483,604489,6,135
604348,604479,604490,11,131
604348,604480,604490,10,132
604348,604483,604491,8,135
604348,604481,604491,10,133
604348,604481,604491,10,133
604348,604482,604492,10,134
604348,604480,604492,12,132
604348,604480,604491,11,132
604348,604481,604492,11,133
604348,604481,604492,11,133
604348,604480,604492,12,132
604348,604481,604493,12,133
604348,604481,604493,12,133
604348,604480,604492,12,132
604348,604481,604493,12,133
604348,604482,604492,10,134
604348,604481,604492,11,133
604348,604486,604494,8,138
604348,604491,604498,7,143
604348,604493,604498,5,145
604348,604492,604499,7,144
604348,604488,604499,11,140
604348,604492,604498,6,144
604348,604490,604500,10,142
604348,604491,604500,9,143
604348,604491,604500,9,143
604348,604492,604500,8,144
604348,604489,604499,10,141
604348,604492,604500,8,144
604348,604494,604500,6,146
604348,604492,604499,7,144
604348,604493,604499,6,145
604348,604493,604500,7,145
604348,604493,604500,7,145
604348,604492,604500,8,144
604348,604493,604500,7,145
604348,604494,604501,7,146
604348,604500,604502,2,152
604348,604500,604503,3,152
604348,604498,604503,5,150
604348,604500,604503,3,152
604348,604500,604504,4,152
604348,604501,604504,3,153
604348,604499,604503,4,151
604348,604502,604504,2,154
604348,604492,604503,11,144
604348,604500,604503,3,152
604348,604500,604503,3,152
604348,604500,604503,3,152
604348,604502,604504,2,154
604348,604502,604505,3,154
604348,604501,604505,4,153
604348,604503,604505,2,155
604348,604499,604505,6,151
604348,604502,604504,2,154
604348,604501,604504,3,153
604348,604502,604504,2,154
604348,604503,604505,2,155
604348,604499,604505,6,151
604348,604503,604506,3,155
604348,604499,604505,6,151
604348,604504,604506,2,156
604348,604504,604507,3,156
604370,604504,604507,3,134
603972,604079,604506,427,107
604370,604504,604506,2,134
604370,604505,604508,3,135
604370,604504,604508,4,134
604370,604504,604507,3,134
604370,604505,604507,2,135
604370,604505,604507,2,135
604370,604505,604508,3,135
604370,604505,604508,3,135
604370,604505,604512,7,135
604370,604509,604515,6,139
604370,604508,604515,7,138
604370,604509,604516,7,139
604370,604506,604517,11,136
604370,604507,604517,10,137
604370,604505,604517,12,135
604370,604505,604517,12,135
604370,604509,604518,9,139
604370,604508,604518,10,138
604370,604505,604518,13,135
604370,604507,604518,11,137
604370,604506,604518,12,136
604370,604505,604518,13,135
604370,604506,604518,12,136
604370,604506,604518,12,136
604370,604508,604520,12,138
604370,604507,604519,12,137
604370,604508,604519,11,138
604370,604507,604519,12,137
604370,604512,604522,10,142
604370,604518,604523,5,148
604370,604518,604524,6,148
604370,604518,604525,7,148
604370,604517,604525,8,147
604370,604515,604524,9,145
604370,604518,604526,8,148
604370,604517,604526,9,147
604370,604519,604525,6,149
604370,604517,604526,9,147
604370,604516,604526,10,146
604370,604518,604526,8,148
604370,604519,604526,7,149
604370,604517,604527,10,147
604370,604520,604527,7,150
604370,604519,604528,9,149
604370,604515,604527,12,145
604370,604526,604528,2,156
604370,604520,604527,7,150
604370,604526,604528,2,156
604370,604520,604527,7,150
604370,604520,604529,9,150
604370,604526,604529,3,156
604370,604525,604529,4,155
604370,604522,604528,6,152
604370,604526,604529,3,156
604370,604526,604530,4,156
604370,604526,604530,4,156
604370,604526,604530,4,156
604370,604523,604530,7,153
604370,604525,604530,5,155
604370,604528,604531,3,158
604370,604528,604531,3,158
604370,604527,604530,3,157
604370,604528,604531,3,158
604370,604527,604530,3,157
604370,604528,604531,3,158
604370,604529,604531,2,159
604370,604525,604531,6,155
604370,604528,604531,3,158
604370,604529,604532,3,159
604370,604524,604531,7,154
604370,604528,604531,3,158
604370,604529,604531,2,159
604402,604530,604533,3,128
604402,604530,604533,3,128
604402,604531,604533,2,129
604370,604529,604532,3,159
604370,604529,604532,3,159
604402,604531,604535,4,129
604402,604530,604535,5,128
604402,604531,604534,3,129
604402,604531,604535,4,129
604402,604531,604535,4,129
604402,604531,604535,4,129
604402,604531,604538,7,129
604402,604531,604538,7,129
603994,604128,604539,411,134
604402,604532,604543,11,130
604402,604533,604544,11,131
604402,604532,604544,12,130
604402,604532,604543,11,130
604402,604532,604544,12,130
604402,604533,604545,12,131
604402,604533,604545,12,131
604402,604533,604545,12,131
604402,604533,604546,13,131
604402,604533,604545,12,131
604402,604538,604546,8,136
604402,604538,604546,8,136
604402,604535,604547,12,133
604402,604535,604547,12,133
604402,604533,604546,13,131
604402,604535,604548,13,133
604402,604536,604547,11,134
604402,604536,604549,13,134
604402,604535,604548,13,133
604402,604539,604548,9,137
604402,604545,604550,5,143
604402,604546,604550,4,144
604402,604545,604550,5,143
604402,604546,604550,4,144
604402,604545,604551,6,143
604402,604546,604550,4,144
604402,604544,604551,7,142
604402,604544,604553,9,142
604402,604550,604553,3,148
604402,604547,604553,6,145
604402,604549,604554,5,147
604402,604544,604554,10,142
604402,604547,604554,7,145
604402,604547,604554,7,145
604402,604543,604553,10,141
604402,604544,604553,9,142
604402,604549,604554,5,147
604402,604550,604555,5,148
604402,604546,604555,9,144
604402,604548,604554,6,146
604402,604548,604554,6,146
604402,604549,604554,5,147
604402,604551,604556,5,149
604402,604551,604556,5,149
604402,604554,604556,2,152
604402,604553,604556,3,151
604402,604555,604557,2,153
604402,604550,604556,6,148
604402,604553,604557,4,151
604402,604554,604556,2,152
604402,604551,604557,6,149
604402,604551,604556,5,149
604402,604554,604556,2,152
604402,604555,604557,2,153
604402,604554,604556,2,152
604402,604554,604557,3,152
604402,604554,604556,2,152
604402,604556,604558,2,154
604406,604556,604558,2,150
604402,604555,604557,2,153
604402,604555,604557,2,153
604402,604556,604558,2,154
604402,604553,604557,4,151
604402,604555,604557,2,153
604402,604556,604558,2,154
604406,604557,604560,3,151
604406,604557,604560,3,151
604406,604557,604560,3,151
604406,604557,604560,3,151
604406,604557,604560,3,151
604406,604557,604562,5,151
604406,604557,604561,4,151
604406,604557,604561,4,151
604406,604557,604564,7,151
604406,604558,604568,10,152
604406,604558,604568,10,152
604406,604562,604569,7,156
604406,604557,604569,12,151
604406,604562,604570,8,156
604406,604558,604570,12,152
604406,604557,604571,14,151
604406,604558,604571,13,152
604406,604558,604570,12,152
604406,604560,604571,11,154
604406,604558,604571,13,152
604406,604562,604572,10,156
604406,604558,604571,13,152
604406,604560,604572,12,154
604406,604559,604571,12,153
604406,604560,604571,11,154
604406,604561,604572,11,155
604406,604560,604573,13,154
604406,604564,604574,10,158
604406,604568,604576,8,162
604406,604568,604577,9,162
604406,604572,604577,5,166
604406,604572,604577,5,166
604406,604572,604578,6,166
604406,604572,604577,5,166
604406,604569,604579,10,163
604406,604572,604579,7,166
604406,604571,604579,8,165
604406,604571,604579,8,165
604406,604571,604579,8,165
604406,604571,604578,7,165
604406,604569,604579,10,163
604406,604571,604580,9,165
604406,604570,604580,10,164
604406,604570,604579,9,164
604406,604572,604580,8,166
604406,604577,604581,4,171
604406,604574,604582,8,168
604406,604579,604582,3,173
604406,604579,604582,3,173
604406,604574,604581,7,168
604406,604579,604583,4,173
604406,604579,604583,4,173
604406,604577,604583,6,171
604406,604581,604583,2,175
604406,604576,604583,7,170
604406,604579,604583,4,173
604406,604577,604584,7,171
604406,604580,604583,3,174
604406,604578,604584,6,172
604406,604580,604583,3,174
604406,604580,604583,3,174
604406,604578,604584,6,172
604406,604580,604583,3,174
604406,604582,604584,2,176
604406,604580,604583,3,174
604406,604580,604583,3,174
604406,604583,604585,2,177
604406,604583,604585,2,177
604406,604582,604585,3,176
604406,604583,604586,3,177
604406,604583,604585,2,177
604406,604582,604585,3,176
604406,604583,604585,2,177
604406,604583,604585,2,177
604436,604584,604587,3,148
604436,604584,604587,3,148
604436,604584,604588,4,148
604436,604584,604587,3,148
604436,604584,604588,4,148
604436,604584,604588,4,148
604436,604584,604589,5,148
604436,604584,604588,4,148
604436,604584,604588,4,148
604436,604584,604593,9,148
604436,604585,604595,10,149
604436,604586,604596,10,150
604436,604586,604597,11,150
604436,604585,604597,12,149
604436,604586,604598,12,150
604436,604585,604597,12,149
604436,604586,604599,13,150
604436,604587,604599,12,151
604436,604589,604599,10,153
604436,604587,604599,12,151
604436,604588,604600,12,152
604436,604586,604599,13,150
604436,604588,604599,11,152
604436,604588,604599,11,152
604436,604589,604601,12,153
604436,604589,604601,12,153
604436,604588,604601,13,152
604436,604593,604602,9,157
604436,604595,604604,9,159
604436,604596,604605,9,160
604436,604600,604605,5,164
604436,604600,604606,6,164
604436,604600,604606,6,164
604436,604601,604606,5,165
604436,604599,604607,8,163
604436,604597,604606,9,161
604436,604600,604608,8,164
604436,604599,604608,9,163
604436,604598,604608,10,162
604436,604599,604609,10,163
604436,604598,604609,11,162
604436,604602,604609,7,166
604436,604604,604609,5,168
604436,604601,604608,7,165
604436,604598,604608,10,162
604436,604603,604610,7,167
604436,604600,604610,10,164
604436,604609,604611,2,173
604436,604608,604611,3,172
604436,604609,604612,3,173
604436,604606,604612,6,170
604436,604608,604611,3,172
604436,604609,604612,3,173
604436,604609,604612,3,173
604436,604611,604613,2,175
604436,604605,604613,8,169
604436,604609,604613,4,173
604436,604605,604612,7,169
604436,604609,604612,3,173
604436,604607,604613,6,171
604436,604610,604612,2,174
604436,604606,604613,7,170
604436,604612,604614,2,176
604436,604612,604614,2,176
604116,604300,604613,313,184
604436,604607,604614,7,171
604436,604612,604614,2,176
604436,604612,604615,3,176
604436,604612,604615,3,176
604436,604613,604615,2,177
604436,604611,604614,3,175
604436,604608,604615,7,172
604436,604613,604614,1,177
604436,604606,604614,8,170
604436,604613,604616,3,177
604476,604614,604616,2,138
604436,604612,604615,3,176
604476,604614,604617,3,138
604476,604613,604617,4,137
604476,604614,604616,2,138
604476,604613,604616,3,137
604476,604615,604617,2,139
604476,604615,604618,3,139
604476,604614,604618,4,138
604476,604614,604617,3,138
604476,604615,604620,5,139
604476,604615,604623,8,139
604476,604615,604624,9,139
604476,604615,604625,10,139
604476,604615,604625,10,139
604476,604615,604626,11,139
604476,604616,604626,10,140
604476,604618,604628,10,142
604476,604618,604628,10,142
604476,604616,604629,13,140
604476,604616,604629,13,140
604476,604618,604629,11,142
604476,604617,604629,12,141
604476,604618,604629,11,142
604476,604620,604630,10,144
604476,604617,604629,12,141
604476,604617,604629,12,141
604476,604615,604629,14,139
604476,604623,604631,8,147
604476,604617,604631,14,141
604476,604626,604632,6,150
604068,604209,604633,424,141
604476,604624,604633,9,148
604476,604626,604634,8,150
604476,604625,604634,9,149
604476,604625,604634,9,149
604476,604629,604634,5,153
604476,604628,604634,6,152
604476,604629,604634,5,153
604476,604630,604636,6,154
604476,604629,604636,7,153
604476,604631,604636,5,155
604476,604629,604635,6,153
604476,604633,604637,4,157
604476,604631,604637,6,155
604476,604634,604637,3,158
604476,604630,604636,6,154
604476,604630,604636,6,154
604476,604634,604637,3,158
604476,604634,604638,4,158
604476,604630,604638,8,154
604476,604633,604638,5,157
604476,604634,604637,3,158
604476,604636,604638,2,160
604476,604632,604637,5,156
604476,604637,604638,1,161
604476,604634,604638,4,158
604476,604636,604639,3,160
604476,604636,604638,2,160
604476,604637,604639,2,161
604476,604631,604638,7,155
604476,604632,604639,7,156
604476,604638,604640,2,162
604476,604637,604639,2,161
604476,604637,604640,3,161
604476,604637,604640,3,161
604476,604638,604640,2,162
604476,604636,604639,3,160
604476,604637,604639,2,161
604476,604634,604639,5,158
604476,604638,604639,1,162
604476,604638,604641,3,162
604476,604638,604640,2,162
604476,604638,604640,2,162
604476,604639,604642,3,163
604476,604638,604642,4,162
604479,604639,604642,3,160
604479,604640,604642,2,161
604476,604638,604641,3,162
604479,604639,604642,3,160
604479,604640,604642,2,161
604479,604640,604643,3,161
604479,604640,604642,2,161
604479,604639,604642,3,160
604479,604640,604643,3,161
604479,604640,604643,3,161
604479,604640,604646,6,161
604122,604327,604650,323,205
604479,604640,604651,11,161
604479,604641,604652,11,162
604479,604642,604651,9,163
604479,604642,604652,10,163
604479,604640,604652,12,161
604479,604641,604652,11,162
604479,604642,604653,11,163
604479,604642,604654,12,163
604479,604642,604654,12,163
604479,604642,604653,11,163
604479,604642,604655,13,163
604479,604642,604655,13,163
604479,604643,604655,12,164
604479,604643,604655,12,164
604479,604644,604655,11,165
604479,604644,604655,11,165
604479,604643,604655,12,164
604479,604646,604657,11,167
604479,604652,604658,6,173
604479,604650,604659,9,171
604479,604654,604659,5,175
604479,604652,604660,8,173
604479,604652,604659,7,173
604479,604652,604660,8,173
604479,604653,604660,7,174
604479,604652,604660,8,173
604479,604651,604660,9,172
604479,604654,604661,7,175
604479,604654,604660,6,175
604479,604655,604662,7,176
604479,604660,604662,2,181
604479,604655,604662,7,176
604479,604656,604662,6,177
604479,604655,604661,6,176
604479,604660,604662,2,181
604479,604655,604663,8,176
604479,604656,604662,6,177
604479,604660,604663,3,181
604479,604659,604663,4,180
604479,604659,604663,4,180
604479,604660,604663,3,181
604479,604662,604664,2,183
604479,604656,604663,7,177
604479,604660,604664,4,181
604479,604657,604663,6,178
604479,604658,604663,5,179
604479,604662,604664,2,183
604479,604661,604664,3,182
604479,604660,604664,4,181
604479,604661,604664,3,182
604479,604662,604665,3,183
604479,604662,604665,3,183
604479,604662,604664,2,183
604479,604663,604666,3,184
604479,604663,604666,3,184
604479,604662,604666,4,183
604479,604664,604666,2,185
604479,604663,604667,4,184
604479,604663,604666,3,184
604479,604664,604667,3,185
604479,604664,604666,2,185
604479,604664,604666,2,185
604479,604664,604666,2,185
604492,604665,604668,3,173
604479,604664,604667,3,185
604492,604665,604667,2,173
604492,604665,604668,3,173
604479,604664,604667,3,185
604492,604664,604669,5,172
604492,604666,604669,3,174
604492,604665,604668,3,173
604492,604666,604670,4,174
604492,604666,604670,4,174
604253,604357,604672,315,104
604492,604666,604672,6,174
604094,604239,604674,435,145
604492,604666,604674,8,174
604492,604667,604678,11,175
604492,604667,604678,11,175
604492,604667,604678,11,175
604492,604668,604678,10,176
604492,604667,604679,12,175
604492,604667,604678,11,175
604492,604667,604678,11,175
604492,604668,604680,12,176
604492,604668,604681,13,176
604492,604669,604681,12,177
604492,604669,604681,12,177
604492,604672,604681,9,180
604492,604668,604681,13,176
604492,604669,604681,12,177
604492,604669,604682,13,177
604492,604670,604683,13,178
604492,604670,604683,13,178
604492,604674,604684,10,182
604492,604681,604684,3,189
604492,604674,604684,10,182
604492,604681,604685,4,189
604492,604681,604685,4,189
604492,604678,604685,7,186
604492,604681,604686,5,189
604492,604672,604685,13,180
604492,604679,604686,7,187
604492,604681,604686,5,189
604492,604679,604686,7,187
604492,604681,604687,6,189
604492,604679,604687,8,187
604492,604679,604686,7,187
604492,604680,604688,8,188
604492,604684,604688,4,192
604492,604678,604688,10,186
604492,604678,604687,9,186
604492,604683,604689,6,191
604492,604683,604690,7,191
604492,604684,604690,6,192
604492,604688,604690,2,196
604492,604687,604690,3,195
604492,604689,604690,1,197
604492,604687,604689,2,195
604492,604688,604689,1,196
604492,604685,604691,6,193
604492,604689,604691,2,197
604492,604685,604691,6,193
604492,604689,604691,2,197
604492,604685,604690,5,193
604492,604686,604690,4,194
604492,604683,604690,7,191
604492,604686,604690,4,194
604492,604688,604690,2,196
604492,604690,604692,2,198
604492,604684,604692,8,192
604492,604687,604691,4,195
604492,604686,604692,6,194
604492,604690,604692,2,198
604492,604690,604692,2,198
604492,604691,604693,2,199
604492,604686,604692,6,194
604492,604690,604692,2,198
604492,604691,604692,1,199
604492,604691,604692,1,199
604492,604690,604692,2,198
604518,604691,604694,3,173
604492,604691,604693,2,199
604518,604691,604695,4,173
604518,604691,604695,4,173
604518,604691,604694,3,173
604518,604692,604695,3,174
604518,604692,604695,3,174
604518,604692,604695,3,174
604518,604692,604697,5,174
604518,604692,604697,5,174
604518,604693,604699,6,175
604518,604693,604702,9,175
604518,604693,604704,11,175
604518,604694,604704,10,176
604518,604693,604704,11,175
604518,604693,604705,12,175
604518,604693,604705,12,175
604518,604693,604705,12,175
604518,604695,604706,11,177
604518,604694,604706,12,176
604518,604693,604705,12,175
604518,604695,604706,11,177
604518,604695,604707,12,177
604518,604693,604708,15,175
604518,604696,604707,11,178
604518,604697,604708,11,179
604518,604696,604708,12,178
604518,604697,604708,11,179
604518,604696,604709,13,178
604518,604699,604709,10,181
604100,604269,604709,440,169
604518,604707,604711,4,189
604518,604702,604711,9,184
604518,604706,604711,5,188
604518,604706,604711,5,188
604518,604706,604711,5,188
604518,604706,604712,6,188
604518,604704,604712,8,186
604518,604704,604712,8,186
604518,604708,604713,5,190
604518,604705,604713,8,187
604518,604708,604714,6,190
604518,604705,604714,9,187
604518,604708,604714,6,190
604518,604705,604713,8,187
604518,604705,604715,10,187
604518,604708,604715,7,190
604518,604714,604716,2,196
604518,604709,604715,6,191
604518,604712,604716,4,194
604518,604708,604715,7,190
604518,604712,604716,4,194
604518,604711,604716,5,193
604518,604713,604717,4,195
604518,604714,604717,3,196
604518,604711,604717,6,193
604518,604715,604717,2,197
604518,604714,604716,2,196
604518,604715,604717,2,197
604518,604716,604718,2,198
604518,604714,604718,4,196
604518,604713,604718,5,195
604518,604712,604718,6,194
604518,604716,604718,2,198
604518,604709,604717,8,191
604518,604716,604717,1,198
604518,604711,604718,7,193
604518,604709,604719,10,191
604518,604716,604719,3,198
604518,604711,604718,7,193
604518,604717,604718,1,199
604518,604717,604718,1,199
604518,604711,604718,7,193
604518,604717,604718,1,199
604544,604718,604720,2,174
604518,604717,604719,2,199
604518,604717,604720,3,199
604518,604717,604720,3,199
604544,604717,604720,3,173
604544,604718,604722,4,174
604544,604718,604722,4,174
604544,604718,604721,3,174
604544,604718,604722,4,174
604544,604718,604721,3,174
604544,604718,604722,4,174
604544,604718,604723,5,174
604544,604719,604726,7,175
604544,604719,604729,10,175
604544,604719,604729,10,175
604544,604719,604730,11,175
604544,604719,604730,11,175
604544,604719,604729,10,175
604544,604719,604731,12,175
604544,604722,604731,9,178
604544,604720,604731,11,176
604544,604723,604733,10,179
604544,604721,604733,12,177
604544,604721,604734,13,177
604544,604721,604734,13,177
604544,604722,604734,12,178
604544,604723,604734,11,179
604544,604721,604734,13,177
604544,604722,604735,13,178
604544,604722,604735,13,178
604544,604722,604734,12,178
604544,604731,604736,5,187
604544,604729,604736,7,185
604544,604726,604735,9,182
604544,604730,604737,7,186
604544,604732,604737,5,188
604544,604731,604738,7,187
604544,604734,604738,4,190
604544,604731,604739,8,187
604544,604733,604739,6,189
604544,604733,604739,6,189
604544,604729,604739,10,185
604544,604734,604739,5,190
604544,604730,604739,9,186
604544,604734,604741,7,190
604544,604736,604741,5,192
604544,604734,604740,6,190
604544,604734,604741,7,190
604544,604735,604742,7,191
604544,604736,604742,6,192
604544,604736,604741,5,192
604544,604737,604742,5,193
604544,604735,604742,7,191
604544,604735,604742,7,191
604544,604737,604741,4,193
604544,604739,604742,3,195
604544,604740,604743,3,196
604544,604738,604743,5,194
604544,604741,604742,1,197
604544,604740,604743,3,196
604544,604739,604742,3,195
604544,604741,604742,1,197
604544,604740,604744,4,196
604544,604742,604744,2,198
604544,604739,604743,4,195
604544,604741,604743,2,197
604544,604742,604744,2,198
604544,604742,604743,1,198
604544,604742,604743,1,198
604544,604738,604743,5,194
604544,604742,604744,2,198
604544,604742,604743,1,198
604544,604742,604744,2,198
604544,604743,604745,2,199
604544,604743,604745,2,199
604544,604743,604745,2,199
604544,604741,604744,3,197
604544,604742,604744,2,198
604614,604744,604747,3,130
604614,604743,604747,4,129
604614,604744,604747,3,130
604614,604744,604748,4,130
604614,604744,604748,4,130
604614,604743,604747,4,129
604614,604744,604748,4,130
604614,604744,604748,4,130
604614,604744,604749,5,130
604614,604744,604754,10,130
604614,604745,604755,10,131
604614,604744,604755,11,130
604614,604745,604755,10,131
604614,604745,604757,12,131
604614,604748,604757,9,134
604614,604744,604757,13,130
604614,604745,604758,13,131
604614,604745,604757,12,131
604614,604745,604758,13,131
604614,604747,604758,11,133
604614,604747,604758,11,133
604614,604748,604758,10,134
604614,604748,604759,11,134
604614,604750,604760,10,136
604614,604747,604760,13,133
604331,604478,604761,283,147
604614,604749,604761,12,135
604318,604446,604762,316,128
604614,604751,604762,11,137
604614,604755,604765,10,141
604614,604754,604765,11,140
604614,604760,604766,6,146
604614,604756,604767,11,142
604614,604759,604767,8,145
604614,604760,604767,7,146
604614,604762,604767,5,148
604614,604758,604767,9,144
604614,604759,604768,9,145
604614,604756,604767,11,142
604614,604761,604767,6,147
604614,604757,604768,11,143
604614,604757,604767,10,143
604614,604761,604768,7,147
604614,604758,604769,11,144
604614,604757,604769,12,143
604614,604758,604768,10,144
604614,604759,604768,9,145
604614,604758,604768,10,144
604614,604768,604770,2,154
604614,604764,604770,6,150
604614,604767,604770,3,153
604614,604768,604770,2,154
604614,604765,604771,6,151
604614,604768,604770,2,154
604614,604767,604771,4,153
604614,604767,604770,3,153
604614,604768,604770,2,154
604614,604766,604770,4,152
604614,604767,604770,3,153
604614,604767,604771,4,153
604614,604770,604772,2,156
604614,604765,604772,7,151
604614,604769,604772,3,155
604614,604768,604771,3,154
604614,604770,604772,2,156
604614,604771,604773,2,157
604614,604769,604773,4,155
604614,604769,604772,3,155
604614,604769,604773,4,155
604614,604770,604772,2,156
604614,604770,604773,3,156
604614,604771,604773,2,157
604614,604771,604774,3,157
604614,604769,604774,5,155
604614,604771,604773,2,157
604614,604770,604773,3,156
604614,604771,604773,2,157
604634,604772,604774,2,138
604634,604772,604774,2,138
604634,604773,604775,2,139
604634,604773,604775,2,139
604634,604773,604774,1,139
604634,604771,604775,4,137
604634,604772,604775,3,138
604634,604773,604776,3,139
604634,604772,604777,5,138
604634,604773,604779,6,139
604634,604773,604782,9,139
604634,604773,604783,10,139
604634,604774,604784,10,140
604634,604774,604784,10,140
604634,604775,604784,9,141
604634,604773,604785,12,139
604634,604775,604784,9,141
604634,604775,604785,10,141
604634,604774,604785,11,140
604634,604774,604785,11,140
604634,604775,604785,10,141
604634,604775,604785,10,141
604634,604773,604785,12,139
604634,604775,604785,10,141
604634,604775,604785,10,141
604634,604774,604786,12,140
604634,604776,604787,11,142
604634,604777,604786,9,143
604634,604779,604789,10,145
604634,604785,604790,5,151
604634,604785,604791,6,151
604634,604784,604791,7,150
604634,604784,604791,7,150
604634,604785,604791,6,151
604634,604785,604791,6,151
604634,604787,604792,5,153
604634,604786,604792,6,152
604634,604786,604793,7,152
604634,604785,604793,8,151
604634,604785,604792,7,151
604634,604789,604793,4,155
604634,604786,604792,6,152
604634,604786,604792,6,152
604634,604791,604793,2,157
604634,604786,604794,8,152
604634,604787,604793,6,153
604634,604790,604794,4,156
604634,604782,604793,11,148
604634,604784,604793,9,150
604634,604784,604793,9,150
604634,604792,604795,3,158
604634,604791,604795,4,157
604634,604792,604795,3,158
604634,604793,604795,2,159
604634,604793,604796,3,159
604634,604792,604796,4,158
604634,604793,604796,3,159
604634,604793,604796,3,159
604634,604793,604795,2,159
604634,604792,604795,3,158
604634,604794,604797,3,160
604634,604795,604797,2,161
604634,604793,604797,4,159
604634,604793,604796,3,159
604634,604793,604796,3,159
604634,604794,604798,4,160
604634,604795,604797,2,161
604634,604796,604798,2,162
604634,604795,604798,3,161
604634,604796,604798,2,162
604634,604794,604797,3,160
604634,604794,604797,3,160
604634,604794,604797,3,160
604634,604794,604798,4,160
604284,604388,604799,411,104
604634,604796,604798,2,162
604652,604796,604799,3,144
604652,604796,604798,2,144
604652,604796,604799,3,144
604652,604797,604799,2,145
604652,604797,604800,3,145
604652,604797,604801,4,145
604652,604797,604802,5,145
604652,604797,604801,4,145
604652,604798,604802,4,146
604652,604798,604805,7,146
604652,604798,604808,10,146
604652,604799,604809,10,147
604652,604798,604810,12,146
604652,604799,604810,11,147
604652,604798,604810,12,146
604652,604799,604810,11,147
604652,604798,604810,12,146
604652,604799,604811,12,147
604652,604798,604810,12,146
604348,604504,604812,308,156
604652,604798,604813,15,146
604314,604418,604837,419,104
604370,604530,604952,422,160
604403,604556,604979,423,153
604406,604583,604998,415,177
604436,604613,605031,418,177
604477,604639,605050,411,162
604479,604664,605064,400,185
604615,604771,605068,297,156
604492,604691,605127,436,199
604519,604717,605141,424,198
604544,604743,605179,436,199
604634,604796,605214,418,162
