submit_time,start_time,end_time,run_time,wait_time
39106,39106,40695,1589,0
46335,46335,46983,648,0
53496,53496,54072,576,0
57795,57795,58357,562,0
79164,79165,85120,5955,1
132910,132910,132924,14,0
141753,141753,141759,6,0
142698,142698,142881,183,0
142618,142618,142901,283,0
142630,142630,142917,287,0
142621,142621,142958,337,0
142668,142668,142970,302,0
142607,142607,142977,370,0
142616,142616,142982,366,0
142633,142633,143008,375,0
142655,142655,143033,378,0
142657,142657,143036,379,0
142680,142680,143060,380,0
142619,142619,143064,445,0
142620,142620,143064,444,0
142622,142622,143064,442,0
142623,142623,143064,441,0
142624,142624,143064,440,0
142625,142625,143064,439,0
142625,142626,143064,438,1
142626,142626,143064,438,0
142696,142696,143064,368,0
142697,142697,143064,367,0
142699,142699,143064,365,0
142605,142605,143064,459,0
142606,142606,143064,458,0
142608,142608,143064,456,0
142609,142609,143064,455,0
142610,142610,143064,454,0
142611,142611,143064,453,0
142611,142611,143064,453,0
142648,142648,143064,416,0
142649,142649,143064,415,0
142650,142650,143064,414,0
142651,142651,143064,413,0
142652,142652,143064,412,0
142653,142653,143064,411,0
142654,142654,143064,410,0
142656,142656,143064,408,0
142679,142679,143064,385,0
142681,142681,143064,383,0
142682,142682,143064,382,0
142683,142683,143064,381,0
142684,142684,143064,380,0
142685,142685,143064,379,0
142686,142686,143064,378,0
142663,142663,143064,401,0
142664,142664,143064,400,0
142665,142665,143064,399,0
142666,142666,143064,398,0
142667,142667,143064,397,0
142669,142669,143064,395,0
142670,142670,143064,394,0
142671,142671,143064,393,0
142634,142634,143064,430,0
142635,142635,143064,429,0
142635,142635,143064,429,0
142636,142636,143064,428,0
142637,142637,143064,427,0
142638,142638,143064,426,0
142639,142639,143064,425,0
142640,142640,143064,424,0
142641,142641,143064,423,0
142627,142627,143064,437,0
142628,142628,143064,436,0
142629,142629,143064,435,0
142631,142631,143064,433,0
142632,142632,143064,432,0
142612,142612,143064,452,0
142613,142613,143064,451,0
142614,142614,143064,450,0
142615,142615,143064,449,0
142617,142617,143064,447,0
142618,142618,143064,446,0
142687,142687,143064,377,0
142688,142688,143064,376,0
142689,142689,143064,375,0
142690,142690,143064,374,0
142691,142691,143064,373,0
142692,142692,143064,372,0
142693,142693,143064,371,0
142694,142694,143064,370,0
142658,142658,143064,406,0
142659,142659,143064,405,0
142660,142660,143064,404,0
142661,142661,143064,403,0
142661,142662,143064,402,1
142662,142662,143064,402,0
142672,142672,143064,392,0
142673,142673,143064,391,0
142674,142674,143064,390,0
142675,142675,143064,389,0
142676,142676,143064,388,0
142677,142677,143064,387,0
142678,142678,143064,386,0
142642,142642,143064,422,0
142643,142643,143064,421,0
142644,142644,143064,420,0
142645,142645,143064,419,0
142645,142645,143064,419,0
142646,142646,143064,418,0
142647,142647,143064,417,0
143132,143132,143424,292,0
143201,143201,143444,243,0
143120,143120,143504,384,0
143118,143118,143580,462,0
143117,143117,143592,475,0
143171,143171,143596,425,0
143109,143109,143615,506,0
143123,143123,143635,512,0
143176,143176,143651,475,0
143135,143135,143654,519,0
143165,143165,143698,533,0
143198,143198,143699,501,0
143202,143202,143707,505,0
143159,143159,143710,551,0
143157,143157,143722,565,0
143116,143116,143725,609,0
143139,143139,143738,599,0
143166,143166,143741,575,0
143154,143154,143743,589,0
143183,143183,143744,561,0
143194,143194,143746,552,0
143197,143197,143755,558,0
143189,143189,143763,574,0
143177,143177,143768,591,0
143180,143180,143776,596,0
143107,143107,143782,675,0
143121,143121,143782,661,0
143122,143122,143782,660,0
143124,143124,143782,658,0
143125,143125,143782,657,0
143126,143126,143782,656,0
143127,143127,143782,655,0
143128,143128,143782,654,0
143167,143167,143782,615,0
143168,143168,143782,614,0
143169,143169,143782,613,0
143170,143170,143782,612,0
143136,143136,143782,646,0
143137,143137,143782,645,0
143137,143138,143782,644,1
143138,143138,143782,644,0
143140,143140,143782,642,0
143141,143141,143782,641,0
143142,143142,143782,640,0
143150,143150,143782,632,0
143151,143151,143782,631,0
143152,143152,143782,630,0
143153,143153,143782,629,0
143155,143155,143782,627,0
143156,143156,143782,626,0
143158,143158,143782,624,0
143160,143160,143782,622,0
143161,143161,143782,621,0
143199,143200,143783,583,1
143108,143108,143782,674,0
143110,143110,143782,672,0
143111,143111,143782,671,0
143112,143112,143782,670,0
143113,143113,143782,669,0
143114,143114,143782,668,0
143114,143115,143782,667,1
143115,143115,143782,667,0
143119,143119,143782,663,0
143121,143121,143782,661,0
143128,143128,143782,654,0
143130,143130,143782,652,0
143130,143130,143782,652,0
143131,143131,143782,651,0
143133,143133,143782,649,0
143134,143134,143782,648,0
143172,143172,143783,611,0
143173,143173,143783,610,0
143174,143174,143783,609,0
143175,143175,143783,608,0
143178,143178,143783,605,0
143179,143179,143783,604,0
143181,143181,143783,602,0
143182,143182,143783,601,0
143184,143184,143783,599,0
143185,143185,143783,598,0
143186,143186,143783,597,0
143187,143187,143783,596,0
143188,143188,143783,595,0
143190,143190,143783,593,0
143191,143191,143783,592,0
143143,143143,143782,639,0
143144,143144,143782,638,0
143145,143145,143782,637,0
143146,143146,143782,636,0
143147,143147,143782,635,0
143148,143148,143782,634,0
143149,143149,143782,633,0
143149,143149,143782,633,0
143162,143162,143783,621,0
143163,143163,143783,620,0
143164,143164,143783,619,0
143192,143192,143783,591,0
143193,143193,143783,590,0
143195,143195,143783,588,0
143196,143196,143783,587,0
143844,143846,144126,280,2
143832,143832,144220,388,0
143882,143882,144303,421,0
143829,143829,144306,477,0
143830,143830,144312,482,0
143821,143821,144326,505,0
143835,143835,144333,498,0
143887,143887,144343,456,0
143847,143847,144380,533,0
143877,143877,144402,525,0
143900,143900,144415,515,0
143905,143905,144416,511,0
143908,143908,144432,524,0
143871,143871,144432,561,0
143912,143912,144443,531,0
143869,143869,144452,583,0
143894,143894,144454,560,0
143851,143856,144460,604,5
143828,143828,144460,632,0
143904,143904,144464,560,0
143888,143888,144473,585,0
143901,143901,144485,584,0
143878,143878,144498,620,0
143891,143891,144502,611,0
143839,143840,144512,672,1
143849,143849,144516,667,0
143840,143841,144519,678,1
143833,143833,144531,698,0
143895,143895,144533,638,0
143822,143822,144542,720,0
143880,143880,144546,666,0
143872,143872,144562,690,0
143861,143865,144562,697,4
143885,143885,144575,690,0
143855,143861,144582,721,6
143848,143848,144592,744,0
143893,143893,144595,702,0
143881,143881,144596,715,0
143853,143860,144598,738,7
143831,143831,144601,770,0
143883,143883,144602,719,0
143820,143820,144609,789,0
143854,143861,144611,750,7
143857,143862,144613,751,5
143879,143879,144614,735,0
143827,143827,144624,797,0
143892,143892,144624,732,0
143834,143834,144625,791,0
143858,143863,144636,773,5
143850,143852,144642,790,2
143850,143854,144650,796,4
143896,143896,144661,765,0
143820,143820,144684,864,0
143868,143868,144685,817,0
143845,143847,144687,840,2
143852,143858,144700,842,6
143825,143825,144705,880,0
143861,143866,144714,848,5
143906,143906,144715,809,0
143842,143843,144717,874,1
143824,143824,144735,911,0
143909,143910,144736,826,1
143834,143834,144742,908,0
143913,143913,144745,832,0
143897,143897,144754,857,0
143876,143876,144757,881,0
143898,143898,144761,863,0
143838,143839,144786,947,1
143903,143903,144801,898,0
143890,143890,144821,931,0
143860,143864,144834,970,4
143846,143847,144866,1019,1
143870,143870,144866,996,0
143874,143874,144894,1020,0
143907,143907,144903,996,0
143841,143842,144927,1085,1
143884,143884,144934,1050,0
143836,143836,144935,1099,0
143873,143873,144952,1079,0
143823,143823,144957,1134,0
143899,143899,144958,1059,0
143902,143902,144961,1059,0
143875,143875,144988,1113,0
143866,144676,144989,313,810
143889,143889,145004,1115,0
143826,143826,145007,1181,0
143837,143838,145014,1176,1
143859,143864,145022,1158,5
143864,144671,145032,361,807
143842,143844,145038,1194,2
143886,143886,145042,1156,0
143865,144671,145086,415,806
143856,143861,145095,1234,5
143879,143880,145111,1231,1
143827,143827,145121,1294,0
143862,144666,145126,460,804
143863,144666,145181,515,803
143843,143845,145186,1341,2
143911,143911,145233,1322,0
143867,143867,146002,2135,0
147180,147180,147288,108,0
152472,152472,152477,5,0
152473,152473,152479,6,0
152475,152475,152482,7,0
152477,152477,152484,7,0
152478,152478,152485,7,0
152480,152480,152486,6,0
152482,152482,152488,6,0
152484,152484,152491,7,0
152486,152486,152491,5,0
152487,152487,152493,6,0
152489,152489,152495,6,0
152491,152491,152497,6,0
152492,152492,152497,5,0
152494,152494,152499,5,0
152496,152496,152502,6,0
152498,152498,152502,4,0
152500,152500,152505,5,0
152501,152501,152506,5,0
152503,152503,152507,4,0
152505,152505,152509,4,0
152507,152507,152510,3,0
152509,152509,152512,3,0
152510,152510,152513,3,0
152512,152512,152515,3,0
152514,152514,152517,3,0
152515,152516,152518,2,1
152517,152517,152520,3,0
152519,152519,152522,3,0
152521,152521,152523,2,0
152523,152523,152525,2,0
152524,152524,152527,3,0
152526,152526,152528,2,0
152530,152530,152532,2,0
152528,152528,152533,5,0
152531,152531,152534,3,0
152533,152533,152537,4,0
152535,152535,152538,3,0
152537,152537,152539,2,0
152538,152538,152543,5,0
152540,152540,152543,3,0
152542,152542,152545,3,0
152544,152544,152548,4,0
152545,152545,152549,4,0
152547,152547,152550,3,0
152549,152549,152553,4,0
152551,152551,152554,3,0
152552,152552,152555,3,0
152554,152554,152558,4,0
152556,152556,152559,3,0
152558,152558,152560,2,0
152560,152560,152563,3,0
152561,152561,152565,4,0
152563,152563,152566,3,0
152565,152565,152567,2,0
152567,152567,152570,3,0
152570,152570,152572,2,0
152568,152568,152573,5,0
152572,152572,152575,3,0
152575,152575,152578,3,0
152574,152574,152577,3,0
152577,152577,152580,3,0
152579,152579,152582,3,0
152581,152581,152583,2,0
152582,152582,152584,2,0
152584,152584,152586,2,0
152586,152586,152588,2,0
152587,152587,152590,3,0
152589,152589,152592,3,0
152591,152591,152593,2,0
152592,152592,152595,3,0
152594,152594,152596,2,0
152596,152596,152598,2,0
152598,152598,152600,2,0
152599,152599,152602,3,0
152601,152601,152603,2,0
152603,152603,152605,2,0
152604,152604,152606,2,0
152606,152606,152608,2,0
152608,152608,152610,2,0
152609,152610,152612,2,1
152611,152611,152613,2,0
152613,152613,152615,2,0
152615,152615,152617,2,0
152616,152616,152618,2,0
152618,152618,152620,2,0
152620,152620,152622,2,0
152621,152621,152624,3,0
152623,152623,152625,2,0
152625,152625,152627,2,0
152627,152627,152629,2,0
152628,152628,152631,3,0
152630,152630,152633,3,0
152632,152632,152634,2,0
152633,152633,152636,3,0
152635,152635,152638,3,0
152637,152637,152639,2,0
152639,152639,152642,3,0
152640,152640,152643,3,0
152642,152642,152644,2,0
152644,152644,152647,3,0
152645,152645,152649,4,0
152647,152647,152649,2,0
152649,152649,152652,3,0
152650,152651,152652,1,1
152652,152652,152654,2,0
152654,152654,152656,2,0
152656,152656,152658,2,0
152657,152657,152659,2,0
152659,152659,152661,2,0
152661,152661,152663,2,0
152663,152663,152665,2,0
152666,152666,152668,2,0
152664,152664,152668,4,0
152668,152668,152671,3,0
152669,152669,152672,3,0
152671,152671,152673,2,0
152673,152673,152675,2,0
152674,152674,152677,3,0
152676,152676,152679,3,0
152678,152678,152680,2,0
152680,152680,152682,2,0
152681,152681,152683,2,0
152683,152683,152686,3,0
152685,152685,152687,2,0
152686,152686,152688,2,0
152688,152688,152692,4,0
152690,152690,152692,2,0
152691,152692,152694,2,1
152695,152695,152697,2,0
152693,152693,152697,4,0
152697,152697,152699,2,0
152698,152698,152703,5,0
152700,152700,152702,2,0
152702,152702,152705,3,0
152705,152705,152707,2,0
152704,152704,152708,4,0
152707,152707,152709,2,0
152709,152709,152712,3,0
152711,152711,152714,3,0
152712,152712,152714,2,0
152714,152714,152717,3,0
152716,152716,152718,2,0
152718,152718,152721,3,0
152719,152719,152722,3,0
152721,152721,152724,3,0
152723,152723,152725,2,0
152725,152725,152727,2,0
152726,152726,152728,2,0
152728,152728,152732,4,0
152730,152730,152732,2,0
152731,152731,152735,4,0
152733,152733,152735,2,0
152735,152735,152737,2,0
152737,152737,152739,2,0
152738,152738,152741,3,0
152740,152740,152742,2,0
152742,152742,152744,2,0
152745,152745,152747,2,0
152743,152743,152747,4,0
152747,152747,152750,3,0
152749,152749,152752,3,0
152750,152750,152753,3,0
152752,152752,152755,3,0
152755,152755,152758,3,0
152754,152754,152758,4,0
152757,152757,152759,2,0
152759,152759,152762,3,0
152761,152761,152764,3,0
152762,152762,152765,3,0
152766,152766,152768,2,0
152764,152764,152768,4,0
152767,152768,152770,2,1
152769,152769,152772,3,0
152771,152771,152774,3,0
213222,213222,213223,1,0
213227,213227,213228,1,0
213266,213266,213267,1,0
220925,220925,221140,215,0
220951,220951,221610,659,0
220972,220972,221737,765,0
220912,220912,221813,901,0
220907,220907,221921,1014,0
220959,220959,221948,989,0
222576,222576,223022,446,0
222607,222607,223116,509,0
222644,222644,223251,607,0
222594,222594,223411,817,0
222642,222642,223471,829,0
222646,222646,223521,875,0
222583,222583,223706,1123,0
222561,222561,223741,1180,0
222562,222562,223765,1203,0
222578,222578,223836,1258,0
222570,222570,223841,1271,0
222552,222552,223872,1320,0
222598,222598,223896,1298,0
222632,222632,223910,1278,0
222608,222608,223912,1304,0
222566,222567,223922,1355,1
222623,222623,223926,1303,0
222627,222627,223930,1303,0
222602,222602,223948,1346,0
222601,222601,223954,1353,0
222643,222643,223963,1320,0
222563,222563,223970,1407,0
222614,222614,223985,1371,0
222620,222620,223985,1365,0
222559,222559,223995,1436,0
222596,222596,223996,1400,0
222609,222609,224007,1398,0
222571,222571,224019,1448,0
222586,222586,224027,1441,0
222641,222641,224046,1405,0
222600,222600,224051,1451,0
222597,222597,224056,1459,0
222637,222637,224058,1421,0
222558,222558,224059,1501,0
222595,222595,224070,1475,0
222603,222603,224074,1471,0
222579,222579,224083,1504,0
222585,222585,224091,1506,0
222624,222624,224096,1472,0
222566,222566,224097,1531,0
222612,222612,224099,1487,0
222592,222592,224109,1517,0
222561,222561,224113,1552,0
222553,222553,224122,1569,0
222560,222560,224127,1567,0
222613,222613,224132,1519,0
222589,222589,224136,1547,0
222577,222577,224153,1576,0
222626,222626,224154,1528,0
222588,222588,224184,1596,0
222638,222638,224200,1562,0
222625,222625,224207,1582,0
222582,222582,224209,1627,0
222601,222602,224218,1616,1
222581,222581,224220,1639,0
222565,222565,224222,1657,0
222551,222551,224234,1683,0
222580,222580,224240,1660,0
222585,222586,224249,1663,1
222575,222575,224254,1679,0
222554,222554,224272,1718,0
222593,222593,224274,1681,0
222615,222615,224277,1662,0
222555,222555,224281,1726,0
222622,222622,224287,1665,0
222610,222610,224301,1691,0
222628,222628,224310,1682,0
222569,222569,224320,1751,0
222639,222639,224337,1698,0
222584,222584,224345,1761,0
222605,222605,224371,1766,0
222573,222573,224375,1802,0
222629,222629,224384,1755,0
222590,222590,224384,1794,0
222619,222619,224391,1772,0
222630,222630,224407,1777,0
222604,222604,224408,1804,0
222577,222577,224417,1840,0
222550,222550,224418,1868,0
222636,222636,224442,1806,0
222640,222640,224445,1805,0
222572,222572,224483,1911,0
222554,222554,224489,1935,0
222567,222567,224494,1927,0
222574,222574,224526,1952,0
222606,222606,224530,1924,0
222568,222568,224543,1975,0
222634,222635,224550,1915,1
222616,222616,224588,1972,0
222621,222621,224595,1974,0
222611,222611,224598,1987,0
222631,222631,224653,2022,0
222556,222556,224669,2113,0
222557,222557,224676,2119,0
222591,222591,224725,2134,0
222587,222587,224732,2145,0
222618,222618,224740,2122,0
222599,222599,225417,2818,0
222633,222634,225706,3072,1
222617,222617,230009,7392,0
230460,230460,230467,7,0
230458,230458,230466,8,0
230461,230461,230470,9,0
230463,230463,230471,8,0
230466,230466,230473,7,0
230465,230465,230474,9,0
230468,230468,230476,8,0
230470,230470,230477,7,0
230472,230472,230479,7,0
230474,230474,230481,7,0
230475,230475,230482,7,0
230477,230477,230485,8,0
230479,230479,230487,8,0
230483,230483,230488,5,0
230481,230481,230488,7,0
230484,230484,230490,6,0
230486,230486,230492,6,0
230488,230488,230492,4,0
230490,230490,230494,4,0
230491,230491,230495,4,0
230493,230493,230498,5,0
230495,230495,230499,4,0
230497,230497,230502,5,0
230498,230499,230503,4,1
230500,230500,230504,4,0
230502,230502,230507,5,0
230504,230504,230508,4,0
230506,230506,230509,3,0
230507,230507,230511,4,0
230509,230509,230512,3,0
230511,230511,230513,2,0
230513,230513,230515,2,0
230514,230514,230517,3,0
230516,230516,230519,3,0
230518,230518,230520,2,0
230520,230520,230522,2,0
230521,230521,230524,3,0
230523,230523,230526,3,0
230525,230525,230527,2,0
230526,230526,230529,3,0
230528,230528,230530,2,0
230530,230530,230532,2,0
230532,230532,230534,2,0
230533,230533,230535,2,0
230535,230535,230539,4,0
230537,230537,230539,2,0
230538,230538,230541,3,0
230540,230540,230542,2,0
230542,230542,230546,4,0
230544,230544,230546,2,0
230545,230545,230548,3,0
230547,230547,230550,3,0
230549,230549,230552,3,0
230551,230551,230552,1,0
230552,230552,230556,4,0
230554,230554,230556,2,0
230556,230556,230559,3,0
230558,230558,230560,2,0
230559,230559,230563,4,0
230561,230561,230564,3,0
230563,230563,230566,3,0
230564,230565,230566,1,1
230566,230566,230569,3,0
230568,230568,230571,3,0
230570,230570,230572,2,0
230571,230571,230574,3,0
230573,230573,230575,2,0
230575,230575,230576,1,0
230576,230576,230579,3,0
230578,230578,230580,2,0
230580,230580,230582,2,0
230582,230582,230584,2,0
230583,230583,230586,3,0
230585,230585,230587,2,0
230587,230587,230588,1,0
230588,230588,230590,2,0
230590,230590,230592,2,0
230592,230592,230594,2,0
230593,230593,230595,2,0
230595,230595,230597,2,0
230596,230597,230598,1,1
230598,230598,230600,2,0
230600,230600,230602,2,0
230601,230602,230604,2,1
230603,230603,230605,2,0
230605,230605,230607,2,0
230607,230607,230609,2,0
230608,230608,230610,2,0
230610,230610,230612,2,0
230612,230612,230614,2,0
230613,230613,230615,2,0
230615,230615,230617,2,0
230617,230617,230619,2,0
230618,230618,230620,2,0
230620,230620,230622,2,0
230622,230622,230623,1,0
230623,230623,230626,3,0
230625,230625,230627,2,0
230627,230627,230629,2,0
230629,230629,230631,2,0
230630,230630,230632,2,0
230632,230632,230634,2,0
230634,230634,230635,1,0
230635,230635,230637,2,0
230637,230637,230639,2,0
230639,230639,230641,2,0
230640,230640,230642,2,0
230642,230642,230644,2,0
230644,230644,230645,1,0
230645,230645,230647,2,0
230647,230647,230649,2,0
230649,230649,230651,2,0
230650,230650,230652,2,0
230652,230652,230654,2,0
230654,230654,230657,3,0
230655,230655,230657,2,0
230659,230659,230660,1,0
230657,230657,230661,4,0
230660,230661,230662,1,1
230662,230662,230666,4,0
230664,230664,230666,2,0
230666,230666,230668,2,0
230667,230667,230671,4,0
230669,230669,230671,2,0
230671,230671,230673,2,0
230673,230673,230676,3,0
230674,230674,230677,3,0
230676,230676,230678,2,0
230678,230678,230682,4,0
230680,230680,230682,2,0
230682,230682,230683,1,0
230683,230683,230686,3,0
230685,230685,230687,2,0
230687,230687,230690,3,0
230688,230688,230691,3,0
230690,230690,230694,4,0
230692,230692,230694,2,0
230694,230694,230696,2,0
230696,230696,230698,2,0
230697,230697,230700,3,0
230699,230699,230701,2,0
230701,230701,230704,3,0
230703,230703,230706,3,0
230704,230704,230706,2,0
230706,230706,230709,3,0
230708,230708,230710,2,0
230709,230709,230711,2,0
230711,230711,230714,3,0
230713,230713,230715,2,0
230715,230715,230718,3,0
230716,230716,230719,3,0
230720,230720,230721,1,0
230718,230718,230722,4,0
230721,230721,230724,3,0
230723,230723,230726,3,0
230725,230725,230727,2,0
230726,230727,230729,2,1
230728,230728,230731,3,0
230730,230730,230733,3,0
230732,230732,230734,2,0
230733,230733,230737,4,0
230735,230735,230739,4,0
230737,230737,230740,3,0
230739,230739,230742,3,0
230740,230740,230744,4,0
230744,230744,230746,2,0
230742,230742,230746,4,0
230745,230745,230748,3,0
230747,230747,230750,3,0
230749,230749,230751,2,0
230751,230751,230753,2,0
230752,230752,230755,3,0
230754,230754,230756,2,0
230756,230756,230758,2,0
231422,231422,231432,10,0
231424,231424,231434,10,0
231427,231427,231437,10,0
231425,231426,231437,11,1
231429,231429,231440,11,0
231431,231431,231443,12,0
231433,231433,231443,10,0
231435,231435,231445,10,0
231436,231437,231446,9,1
231438,231438,231449,11,0
231440,231440,231450,10,0
231442,231442,231453,11,0
231446,231446,231455,9,0
231444,231444,231455,11,0
231448,231448,231459,11,0
231449,231449,231461,12,0
231451,231451,231463,12,0
231453,231453,231465,12,0
231455,231455,231466,11,0
231457,231457,231467,10,0
231460,231460,231471,11,0
231459,231459,231471,12,0
231462,231462,231473,11,0
231464,231464,231475,11,0
231466,231466,231475,9,0
231468,231468,231478,10,0
231470,231470,231479,9,0
231472,231472,231481,9,0
231474,231474,231484,10,0
231476,231476,231485,9,0
231477,231477,231488,11,0
231479,231479,231489,10,0
231481,231481,231490,9,0
231483,231483,231494,11,0
231485,231485,231494,9,0
231487,231487,231496,9,0
231488,231489,231500,11,1
231490,231490,231500,10,0
231492,231492,231501,9,0
231494,231494,231504,10,0
231496,231496,231506,10,0
231499,231499,231510,11,0
231498,231498,231510,12,0
231501,231501,231511,10,0
231503,231503,231515,12,0
231505,231505,231515,10,0
231507,231507,231517,10,0
231508,231508,231520,12,0
231510,231510,231520,10,0
231512,231512,231523,11,0
231514,231514,231526,12,0
231516,231516,231526,10,0
231518,231518,231530,12,0
231521,231521,231531,10,0
231520,231520,231531,11,0
231523,231523,231535,12,0
231525,231525,231537,12,0
231527,231527,231537,10,0
231529,231529,231540,11,0
231530,231531,231542,11,1
231532,231532,231543,11,0
231534,231534,231545,11,0
231536,231536,231550,14,0
231538,231538,231550,12,0
231540,231540,231550,10,0
231544,231544,231555,11,0
231542,231542,231555,13,0
231545,231546,231556,10,1
231549,231549,231560,11,0
231547,231547,231560,13,0
231551,231551,231561,10,0
231555,231555,231565,10,0
231553,231553,231566,13,0
231557,231557,231567,10,0
231558,231558,231570,12,0
231560,231560,231570,10,0
231562,231562,231572,10,0
231564,231564,231575,11,0
231566,231566,231576,10,0
231568,231568,231579,11,0
231570,231570,231580,10,0
231571,231572,231582,10,1
231573,231573,231585,12,0
231575,231575,231585,10,0
231577,231577,231587,10,0
231579,231579,231590,11,0
231581,231581,231591,10,0
231583,231583,231594,11,0
231584,231585,231595,10,1
231586,231586,231597,11,0
231590,231590,231600,10,0
231588,231588,231601,13,0
231592,231592,231602,10,0
231594,231594,231605,11,0
231596,231596,231606,10,0
231598,231598,231609,11,0
231600,231600,231610,10,0
231602,231602,231611,9,0
231603,231604,231615,11,1
231605,231605,231616,11,0
231607,231607,231617,10,0
231609,231609,231620,11,0
231611,231611,231623,12,0
231613,231613,231625,12,0
231615,231615,231625,10,0
231617,231617,231630,13,0
231619,231619,231630,11,0
231621,231621,231631,10,0
231625,231625,231635,10,0
231623,231623,231636,13,0
231627,231627,231641,14,0
231632,231632,231642,10,0
231630,231630,231643,13,0
231628,231628,231643,15,0
231634,231634,231646,12,0
231636,231636,231648,12,0
231640,231640,231650,10,0
231638,231638,231651,13,0
231642,231642,231652,10,0
231646,231646,231656,10,0
231644,231644,231655,11,0
231648,231648,231660,12,0
231649,231649,231661,12,0
231651,231651,231661,10,0
231655,231655,231666,11,0
231653,231653,231665,12,0
231657,231657,231670,13,0
231659,231659,231671,12,0
231661,231661,231672,11,0
231663,231663,231674,11,0
231665,231665,231676,11,0
231667,231667,231676,9,0
231669,231669,231680,11,0
231670,231670,231681,11,0
231672,231672,231682,10,0
231674,231674,231685,11,0
231676,231676,231687,11,0
231678,231678,231690,12,0
231680,231680,231690,10,0
231682,231682,231693,11,0
231685,231685,231695,10,0
231684,231684,231695,11,0
231687,231687,231698,11,0
231689,231689,231700,11,0
231691,231691,231701,10,0
231693,231693,231704,11,0
231695,231695,231705,10,0
231697,231697,231708,11,0
231699,231699,231710,11,0
231701,231701,231710,9,0
231703,231703,231712,9,0
231705,231705,231715,10,0
231706,231706,231716,10,0
231708,231708,231721,13,0
231710,231710,231721,11,0
231714,231714,231724,10,0
231712,231712,231725,13,0
231716,231716,231725,9,0
231720,231720,231730,10,0
231718,231718,231731,13,0
231722,231722,231731,9,0
231726,231726,231736,10,0
231724,231724,231736,12,0
231728,231728,231737,9,0
231730,231730,231739,9,0
231732,231732,231741,9,0
231734,231734,231744,10,0
231736,231736,231745,9,0
231738,231738,231747,9,0
236472,236472,236495,23,0
236473,236473,236500,27,0
236475,236475,236501,26,0
236477,236477,236503,26,0
236479,236479,236505,26,0
236483,236483,236506,23,0
236485,236485,236507,22,0
236481,236481,236507,26,0
236486,236486,236509,23,0
236488,236488,236512,24,0
236490,236490,236517,27,0
236492,236492,236518,26,0
236494,236494,236520,26,0
236496,236496,236522,26,0
236498,236498,236522,24,0
236500,236500,236523,23,0
236502,236502,236528,26,0
236504,236504,236529,25,0
236506,236506,236533,27,0
236508,236508,236534,26,0
236510,236511,236537,26,1
236516,236516,236543,27,0
236512,236513,236543,30,1
236514,236514,236543,29,0
236519,236519,236543,24,0
236521,236521,236544,23,0
236523,236523,236547,24,0
236527,236527,236549,22,0
236525,236525,236549,24,0
236529,236529,236552,23,0
236531,236531,236555,24,0
236533,236533,236557,24,0
236535,236535,236558,23,0
236537,236537,236560,23,0
236539,236539,236565,26,0
236541,236541,236567,26,0
236545,236545,236569,24,0
236543,236543,236572,29,0
236547,236548,236572,24,1
236552,236552,236577,25,0
236550,236550,236577,27,0
236554,236554,236582,28,0
236556,236556,236583,27,0
236558,236558,236583,25,0
236560,236560,236588,28,0
236563,236563,236589,26,0
236561,236561,236589,28,0
236565,236566,236592,26,1
236568,236568,236593,25,0
236571,236571,236598,27,0
236574,236574,236600,26,0
236570,236570,236602,32,0
236578,236578,236604,26,0
236576,236576,236603,27,0
236580,236580,236608,28,0
236582,236582,236609,27,0
236584,236584,236612,28,0
236586,236586,236613,27,0
236588,236588,236617,29,0
236590,236590,236617,27,0
236592,236592,236619,27,0
236596,236596,236623,27,0
236598,236598,236626,28,0
236594,236594,236627,33,0
236600,236600,236629,29,0
236602,236603,236632,29,1
236605,236605,236633,28,0
236607,236607,236634,27,0
236609,236609,236637,28,0
236611,236611,236637,26,0
236613,236613,236642,29,0
236617,236617,236643,26,0
236615,236615,236643,28,0
236619,236619,236647,28,0
236621,236621,236648,27,0
236623,236623,236649,26,0
236625,236625,236656,31,0
236627,236627,236656,29,0
236629,236629,236657,28,0
236631,236631,236662,31,0
236633,236634,236664,30,1
236636,236636,236665,29,0
236638,236638,236665,27,0
236640,236640,236669,29,0
236642,236642,236670,28,0
236644,236644,236672,28,0
236646,236646,236674,28,0
236648,236648,236677,29,0
236650,236650,236678,28,0
236652,236652,236679,27,0
236654,236654,236683,29,0
236656,236657,236684,27,1
236659,236659,236687,28,0
236661,236661,236693,32,0
236663,236663,236693,30,0
236665,236665,236697,32,0
236667,236667,236697,30,0
236669,236669,236698,29,0
236671,236671,236698,27,0
236673,236673,236699,26,0
236675,236675,236702,27,0
236677,236677,236704,27,0
236679,236679,236708,29,0
236681,236681,236708,27,0
236683,236683,236709,26,0
236687,236687,236713,26,0
236685,236685,236715,30,0
236689,236689,236718,29,0
236691,236691,236719,28,0
236693,236694,236720,26,1
236696,236696,236723,27,0
236698,236698,236724,26,0
236700,236700,236728,28,0
236702,236702,236728,26,0
236704,236704,236732,28,0
236706,236706,236733,27,0
236708,236708,236735,27,0
236710,236710,236737,27,0
236712,236712,236739,27,0
236716,236716,236743,27,0
236714,236714,236743,29,0
236719,236719,236747,28,0
236721,236721,236748,27,0
236723,236723,236748,25,0
236725,236725,236753,28,0
236727,236727,236754,27,0
236729,236729,236757,28,0
236731,236731,236758,27,0
236733,236733,236760,27,0
236735,236735,236763,28,0
236737,236738,236768,30,1
236740,236740,236768,28,0
236742,236742,236768,26,0
236744,236744,236772,28,0
236745,236745,236773,28,0
236748,236748,236773,25,0
236750,236750,236778,28,0
236752,236752,236779,27,0
236754,236754,236780,26,0
236756,236756,236783,27,0
236758,236758,236784,26,0
236760,236760,236788,28,0
236762,236762,236788,26,0
236764,236764,236792,28,0
236766,236766,236793,27,0
236768,236768,236794,26,0
236770,236770,236797,27,0
236772,236772,236799,27,0
236774,236774,236808,34,0
236776,236776,236808,32,0
236781,236781,236808,27,0
236778,236778,236808,30,0
236785,236785,236813,28,0
236783,236783,236814,31,0
236787,236787,236814,27,0
236791,236791,236818,27,0
236793,236793,236819,26,0
236789,236789,236819,30,0
236795,236795,236822,27,0
236797,236797,236823,26,0
236799,236799,236829,30,0
236805,236805,236833,28,0
236803,236803,236833,30,0
236801,236801,236834,33,0
236807,236807,236837,30,0
236810,236810,236838,28,0
236812,236812,236838,26,0
236814,236814,236842,28,0
236816,236816,236844,28,0
259291,259292,260256,964,1
260265,260265,261229,964,0
261235,261236,261984,748,1
316229,316230,317195,965,1
317204,317204,318169,965,0
318175,318175,319140,965,0
319146,319146,319494,348,0
464007,464007,464009,2,0
464233,464233,464249,16,0
464402,464402,464406,4,0
464437,464437,464439,2,0
483008,483008,483011,3,0
483103,483103,483107,4,0
483127,483127,483137,10,0
483566,483566,483578,12,0
484288,484288,484300,12,0
487191,487191,487205,14,0
487219,487220,487235,15,1
489996,489996,490001,5,0
490744,490744,490750,6,0
490965,490965,490979,14,0
599403,599404,599405,1,1
599857,599857,599859,2,0
600476,600476,600478,2,0
600666,600667,600670,3,1
600670,600670,600671,1,0
600679,600680,600683,3,1
