submit_time,start_time,end_time,run_time,wait_time
139228,139228,141937,2709,0
139299,139299,142024,2725,0
139267,139267,142091,2824,0
139188,139188,142098,2910,0
139208,139208,142149,2941,0
139335,139335,142152,2817,0
139197,139198,142165,2967,1
139368,139368,142201,2833,0
139403,139403,142356,2953,0
139788,139788,142543,2755,0
139718,139718,142598,2880,0
139596,139596,142626,3030,0
139553,139553,142672,3119,0
139653,139653,142690,3037,0
139432,139433,142703,3270,1
139499,139499,142739,3240,0
139529,139529,142745,3216,0
139680,139680,142750,3070,0
139630,139630,142755,3125,0
139812,139812,142756,2944,0
139746,139746,142771,3025,0
139466,139467,142804,3337,1
139945,139945,142895,2950,0
139982,139982,142903,2921,0
140013,140013,142906,2893,0
139890,139890,142909,3019,0
139856,139856,142910,3054,0
139919,139919,142913,2994,0
140036,140036,143015,2979,0
140080,140081,143154,3073,1
140252,140253,143549,3296,1
140189,140189,143558,3369,0
140131,140131,143563,3432,0
140158,140158,143574,3416,0
140222,140222,143680,3458,0
140394,140394,143797,3403,0
140464,140464,143798,3334,0
140282,140282,143804,3522,0
140315,140315,143858,3543,0
140514,140514,143879,3365,0
142036,142036,144986,2950,0
141952,141952,145119,3167,0
142226,142227,145176,2949,1
142103,142103,145178,3075,0
142575,142575,145274,2699,0
142174,142174,145291,3117,0
142146,142146,145291,3145,0
142270,142270,145359,3089,0
142629,142629,145424,2795,0
142314,142314,145491,3177,0
142404,142404,145574,3170,0
142673,142673,145578,2905,0
142843,142844,145763,2919,1
142720,142720,145823,3103,0
142903,142903,145903,3000,0
142967,142967,145940,2973,0
142938,142938,145944,3006,0
142808,142808,146010,3202,0
142757,142757,146028,3271,0
143020,143021,146035,3014,1
143052,143052,146051,2999,0
143192,143192,146132,2940,0
143249,143249,146174,2925,0
143333,143333,146285,2952,0
143099,143099,146340,3241,0
143156,143156,146344,3188,0
143288,143288,146378,3090,0
143425,143426,146569,3143,1
143455,143455,146651,3196,0
143367,143367,146653,3286,0
143580,143580,146744,3164,0
143820,143820,146863,3043,0
143609,143609,146909,3300,0
143721,143721,146925,3204,0
143642,143642,146931,3289,0
143873,143873,146937,3064,0
143685,143685,146939,3254,0
143992,143992,147068,3076,0
143910,143910,147085,3175,0
143959,143959,147127,3168,0
145014,145014,147848,2834,0
145191,145191,148193,3002,0
145139,145139,148268,3129,0
145223,145223,148298,3075,0
145430,145430,148382,2952,0
145294,145294,148422,3128,0
145349,145349,148494,3145,0
145369,145369,148529,3160,0
145526,145526,148560,3034,0
145478,145478,148595,3117,0
145790,145790,148604,2814,0
145600,145600,148638,3038,0
145651,145651,148767,3116,0
145921,145921,148808,2887,0
145839,145839,148891,3052,0
146020,146020,148897,2877,0
145972,145972,148942,2970,0
146056,146056,149111,3055,0
146173,146173,149223,3050,0
146284,146285,149288,3003,1
146106,146106,149345,3239,0
146139,146139,149396,3257,0
146232,146232,149456,3224,0
146344,146344,149490,3146,0
146389,146389,149532,3143,0
146438,146438,149599,3161,0
146598,146598,149614,3016,0
146481,146481,149629,3148,0
146732,146732,149755,3023,0
146688,146688,149813,3125,0
146787,146787,149967,3180,0
146929,146929,150096,3167,0
147010,147010,150128,3118,0
146882,146882,150142,3260,0
146976,146976,150150,3174,0
147067,147067,150207,3140,0
147182,147182,150229,3047,0
147146,147146,150313,3167,0
147217,147217,150346,3129,0
147100,147100,150372,3272,0
147861,147861,150822,2961,0
148285,148285,151081,2796,0
148213,148213,151116,2903,0
148417,148417,151276,2859,0
148339,148339,151348,3009,0
148635,148635,151591,2956,0
148470,148470,151622,3152,0
148565,148565,151642,3077,0
148524,148524,151655,3131,0
148673,148674,151679,3005,1
148857,148857,151774,2917,0
148970,148971,151823,2852,1
148803,148803,151833,3030,0
148729,148729,151851,3122,0
148934,148934,151855,2921,0
149010,149010,151875,2865,0
148755,148755,151985,3230,0
149239,149239,152163,2924,0
149138,149138,152203,3065,0
149305,149305,152242,2937,0
149361,149361,152337,2976,0
149410,149410,152472,3062,0
149472,149473,152542,3069,1
149663,149663,152640,2977,0
149570,149570,152686,3116,0
149632,149632,152687,3055,0
149707,149707,152693,2986,0
149789,149789,152700,2911,0
149530,149530,152745,3215,0
149851,149851,152942,3091,0
150115,150115,153128,3013,0
149999,149999,153143,3144,0
150156,150156,153279,3123,0
150302,150302,153304,3002,0
150267,150267,153312,3045,0
150189,150189,153321,3132,0
150237,150237,153368,3131,0
150403,150403,153495,3092,0
150372,150372,153535,3163,0
150460,150461,153628,3167,1
150842,150842,153660,2818,0
151095,151095,153995,2900,0
151134,151134,154131,2997,0
151288,151288,154137,2849,0
151370,151370,154412,3042,0
151608,151608,154459,2851,0
151641,151641,154533,2892,0
151722,151722,154609,2887,0
151689,151689,154739,3050,0
151777,151777,154832,3055,0
151917,151917,154932,3015,0
151977,151977,154983,3006,0
151828,151828,154992,3164,0
151873,151873,155010,3137,0
152236,152236,155062,2826,0
152052,152052,155062,3010,0
152004,152004,155137,3133,0
152186,152186,155198,3012,0
152088,152088,155215,3127,0
152363,152363,155216,2853,0
152300,152300,155342,3042,0
152497,152497,155477,2980,0
152557,152557,155565,3008,0
152654,152654,155689,3035,0
152708,152708,155831,3123,0
152749,152750,155894,3144,1
152824,152825,155909,3084,1
152972,152972,155928,2956,0
152877,152877,155964,3087,0
152793,152793,155966,3173,0
153175,153175,155969,2794,0
153146,153146,156000,2854,0
153311,153311,156114,2803,0
153351,153351,156221,2870,0
153390,153390,156328,2938,0
153474,153474,156517,3043,0
153579,153579,156518,2939,0
153436,153436,156519,3083,0
153539,153539,156603,3064,0
153691,153691,156668,2977,0
153658,153658,156675,3017,0
154009,154009,156731,2722,0
154166,154166,156796,2630,0
154142,154143,156969,2826,1
154424,154425,157185,2760,1
154473,154473,157187,2714,0
154549,154549,157261,2712,0
154629,154629,157427,2798,0
154773,154773,157444,2671,0
154853,154853,157484,2631,0
154950,154950,157504,2554,0
155072,155072,157632,2560,0
155037,155037,157668,2631,0
155004,155004,157733,2729,0
155225,155225,157761,2536,0
155281,155281,157819,2538,0
155136,155137,157913,2776,1
155178,155179,157922,2743,1
155327,155327,158007,2680,0
155369,155369,158114,2745,0
155507,155507,158149,2642,0
155407,155407,158195,2788,0
155594,155594,158303,2709,0
155722,155722,158314,2592,0
211652,211652,211653,1,0
211624,211624,211653,29,0
211552,211553,211653,100,1
211527,211527,211653,126,0
211306,211306,211653,347,0
211220,211220,211653,433,0
211248,211248,211653,405,0
211274,211274,211653,379,0
211154,211154,211653,499,0
211082,211082,211653,571,0
211100,211100,211653,553,0
211408,211408,211653,245,0
211590,211590,211653,63,0
211185,211185,211653,468,0
211358,211358,211653,295,0
211091,211091,211653,562,0
211438,211438,211653,215,0
211334,211334,211653,319,0
211115,211115,211653,538,0
211468,211468,211653,185,0
211502,211502,211653,151,0
211948,211948,214407,2459,0
211904,211904,214450,2546,0
211995,211995,214451,2456,0
211915,211915,214506,2591,0
212040,212040,214557,2517,0
211925,211925,214562,2637,0
211936,211936,214577,2641,0
212107,212107,214634,2527,0
212082,212082,214652,2570,0
212138,212138,214806,2668,0
215290,215290,218274,2984,0
215432,215433,218353,2920,1
215303,215303,218422,3119,0
215318,215318,218423,3105,0
215348,215349,218432,3083,1
215487,215487,218448,2961,0
215382,215382,218509,3127,0
215407,215408,218657,3249,1
215575,215575,218659,3084,0
215622,215622,218681,3059,0
215500,215500,218723,3223,0
215833,215833,218776,2943,0
215760,215760,218777,3017,0
215547,215547,218789,3242,0
215978,215978,218841,2863,0
215667,215668,218843,3175,1
218907,218908,218911,3,1
215903,215903,218931,3028,0
215878,215878,218949,3071,0
215930,215931,218952,3021,1
216053,216053,218961,2908,0
216006,216006,218973,2967,0
218971,218971,218975,4,0
215809,215809,218977,3168,0
216089,216089,219043,2954,0
216129,216129,219056,2927,0
215690,215690,219082,3392,0
216159,216159,219090,2931,0
215734,215734,219098,3364,0
216191,216191,219134,2943,0
216235,216235,219278,3043,0
216289,216289,219287,2998,0
216262,216262,219352,3090,0
216329,216330,219439,3109,1
219470,219470,219473,3,0
216416,216416,219492,3076,0
216455,216455,219492,3037,0
216379,216379,219536,3157,0
216494,216494,219701,3207,0
216670,216670,219748,3078,0
216531,216531,219768,3237,0
216582,216582,219892,3310,0
219892,219892,219910,18,0
216624,216624,219911,3287,0
220251,220251,223220,2969,0
220266,220267,223264,2997,1
220280,220280,223274,2994,0
220320,220320,223338,3018,0
220410,220410,223507,3097,0
220355,220355,223576,3221,0
220455,220455,223582,3127,0
220634,220634,223592,2958,0
220489,220489,223632,3143,0
220388,220388,223646,3258,0
220538,220538,223666,3128,0
220730,220730,223680,2950,0
220571,220571,223746,3175,0
220905,220905,223812,2907,0
220769,220769,223871,3102,0
220989,220989,223911,2922,0
220603,220603,223958,3355,0
221025,221025,223994,2969,0
220832,220832,223998,3166,0
220866,220866,224011,3145,0
220803,220803,224023,3220,0
220940,220940,224043,3103,0
220689,220689,224044,3355,0
221108,221108,224085,2977,0
221158,221158,224085,2927,0
221068,221068,224122,3054,0
221204,221204,224139,2935,0
221311,221311,224304,2993,0
221236,221236,224344,3108,0
221359,221359,224361,3002,0
221278,221278,224434,3156,0
221429,221429,224474,3045,0
221627,221628,224519,2891,1
221662,221662,224591,2929,0
221476,221476,224675,3199,0
221757,221757,224676,2919,0
221708,221708,224679,2971,0
221526,221526,224804,3278,0
221560,221560,224897,3337,0
221595,221595,224910,3315,0
225083,225084,228027,2943,1
225121,225121,228078,2957,0
225170,225170,228129,2959,0
225219,225219,228199,2980,0
225094,225094,228263,3169,0
225106,225106,228318,3212,0
225346,225346,228365,3019,0
225483,225484,228484,3000,1
225263,225264,228511,3247,1
225586,225586,228517,2931,0
225395,225395,228531,3136,0
225289,225289,228575,3286,0
225445,225445,228610,3165,0
225821,225821,228703,2882,0
225772,225772,228711,2939,0
225514,225514,228712,3198,0
225890,225890,228747,2857,0
225700,225700,228791,3091,0
225748,225748,228791,3043,0
225321,225321,228826,3505,0
225563,225563,228893,3330,0
225954,225954,228952,2998,0
225933,225933,228958,3025,0
226014,226015,228964,2949,1
225847,225847,228980,3133,0
225671,225671,229002,3331,0
225637,225637,229004,3367,0
226051,226051,229015,2964,0
226097,226097,229093,2996,0
226138,226138,229162,3024,0
226256,226256,229184,2928,0
226173,226173,229226,3053,0
226211,226211,229294,3083,0
226335,226335,229442,3107,0
226572,226572,229447,2875,0
226376,226376,229586,3210,0
226422,226422,229735,3313,0
226499,226499,229740,3241,0
226463,226463,229743,3280,0
226538,226538,229758,3220,0
230027,230028,233005,2977,1
230040,230040,233027,2987,0
230056,230056,233056,3000,0
230099,230099,233124,3025,0
230164,230164,233205,3041,0
230132,230132,233222,3090,0
230319,230319,233303,2984,0
230274,230274,233384,3110,0
230240,230240,233420,3180,0
230206,230206,233483,3277,0
230453,230453,233574,3121,0
230351,230351,233688,3337,0
230684,230684,233746,3062,0
230379,230379,233805,3426,0
230805,230805,233832,3027,0
230628,230628,233895,3267,0
230761,230761,233921,3160,0
230880,230880,233922,3042,0
230504,230504,233924,3420,0
230714,230714,233945,3231,0
230428,230428,233990,3562,0
230543,230543,234061,3518,0
230833,230833,234065,3232,0
230576,230576,234177,3601,0
230606,230606,234185,3579,0
230981,230982,234213,3231,1
230937,230937,234234,3297,0
231026,231026,234237,3211,0
231064,231064,234524,3460,0
231227,231227,234763,3536,0
231107,231107,234814,3707,0
231182,231182,234830,3648,0
231259,231259,234884,3625,0
231141,231141,234885,3744,0
231292,231292,234963,3671,0
231489,231489,235075,3586,0
231538,231538,235091,3553,0
231406,231406,235093,3687,0
231327,231327,235094,3767,0
231367,231367,235095,3728,0
233020,233020,236250,3230,0
233049,233049,236250,3201,0
233093,233093,236268,3175,0
233146,233146,236417,3271,0
233370,233370,236502,3132,0
233234,233234,236542,3308,0
233298,233298,236584,3286,0
233619,233619,236631,3012,0
233835,233835,236758,2923,0
233786,233786,236812,3026,0
233725,233725,236828,3103,0
233475,233475,236912,3437,0
233892,233892,236933,3041,0
233429,233429,236950,3521,0
233520,233520,236956,3436,0
233987,233987,237135,3148,0
236585,236586,237173,587,1
234155,234155,237250,3095,0
233947,233947,237279,3332,0
234114,234114,237324,3210,0
234065,234065,237326,3261,0
234041,234041,237364,3323,0
234214,234214,237474,3260,0
234266,234266,237546,3280,0
234414,234414,237746,3332,0
234319,234319,237842,3523,0
234473,234473,237884,3411,0
234576,234576,237923,3347,0
234358,234358,237925,3567,0
234508,234509,238002,3493,1
234780,234780,238037,3257,0
234862,234862,238092,3230,0
234828,234828,238112,3284,0
234966,234966,238128,3162,0
234918,234918,238160,3242,0
234999,234999,238198,3199,0
235233,235233,238525,3292,0
235152,235152,238537,3385,0
235107,235107,238553,3446,0
235206,235206,238585,3379,0
235177,235177,238594,3417,0
236304,236304,239333,3029,0
236271,236271,239412,3141,0
236352,236352,239464,3112,0
236542,236542,239681,3139,0
236445,236445,239729,3284,0
236669,236669,239735,3066,0
236572,236572,239768,3196,0
236883,236883,239806,2923,0
236850,236850,239822,2972,0
236789,236790,239826,3036,1
236624,236624,239837,3213,0
236958,236958,239962,3004,0
237010,237010,239972,2962,0
237066,237066,240021,2955,0
237153,237153,240074,2921,0
237113,237113,240191,3078,0
237274,237274,240237,2963,0
237316,237316,240345,3029,0
237409,237409,240354,2945,0
237448,237448,240430,2982,0
237347,237347,240439,3092,0
237528,237528,240493,2965,0
237591,237591,240562,2971,0
237767,237767,240697,2930,0
237854,237854,240797,2943,0
237951,237951,240836,2885,0
237899,237899,240837,2938,0
238050,238050,240938,2888,0
237989,237989,240993,3004,0
238125,238125,241112,2987,0
238169,238169,241117,2948,0
238327,238327,241223,2896,0
238254,238254,241256,3002,0
238208,238208,241266,3058,0
238289,238289,241275,2986,0
238587,238587,241419,2832,0
238555,238555,241451,2896,0
238623,238623,241547,2924,0
238691,238691,241563,2872,0
238654,238654,241577,2923,0
248490,248490,251316,2826,0
248480,248480,251334,2854,0
248501,248501,251352,2851,0
248536,248536,251529,2993,0
248565,248565,251572,3007,0
248640,248640,251635,2995,0
248695,248695,251647,2952,0
248666,248666,251851,3185,0
248891,248891,251857,2966,0
248596,248596,251882,3286,0
248985,248985,251993,3008,0
248938,248938,251995,3057,0
248738,248738,252012,3274,0
248835,248836,252087,3251,1
249086,249086,252134,3048,0
248865,248865,252162,3297,0
249113,249113,252220,3107,0
249020,249020,252239,3219,0
249182,249182,252240,3058,0
249161,249162,252240,3078,1
249045,249045,252246,3201,0
248794,248794,252306,3512,0
248766,248766,252309,3543,0
249229,249230,252328,3098,1
249336,249336,252350,3014,0
249302,249302,252351,3049,0
249260,249260,252377,3117,0
249378,249378,252444,3066,0
249411,249411,252605,3194,0
249476,249476,252751,3275,0
249447,249447,252794,3347,0
249603,249603,252808,3205,0
249511,249511,252816,3305,0
249557,249557,252882,3325,0
249817,249817,252900,3083,0
249639,249640,253059,3419,1
249681,249682,253062,3380,1
249886,249886,253114,3228,0
249774,249774,253173,3399,0
249732,249732,253181,3449,0
251367,251367,254258,2891,0
251335,251335,254278,2943,0
251408,251408,254327,2919,0
251549,251549,254524,2975,0
251602,251602,254544,2942,0
251666,251666,254548,2882,0
251888,251888,254587,2699,0
251730,251730,254658,2928,0
252023,252023,254673,2650,0
251925,251925,254720,2795,0
251971,251971,254770,2799,0
252061,252061,254776,2715,0
252104,252104,254806,2702,0
252148,252148,254883,2735,0
252180,252181,254917,2736,1
252241,252241,254954,2713,0
252487,252487,255184,2697,0
252402,252402,255208,2806,0
252358,252358,255214,2856,0
252440,252440,255226,2786,0
252323,252323,255285,2962,0
252572,252572,255460,2888,0
252606,252606,255474,2868,0
252644,252644,255484,2840,0
326200,326200,329094,2894,0
326239,326239,329143,2904,0
326110,326110,329168,3058,0
326120,326121,329180,3059,1
326131,326131,329180,3049,0
326275,326275,329190,2915,0
326155,326155,329236,3081,0
326310,326310,329324,3014,0
326382,326382,329373,2991,0
326351,326351,329456,3105,0
326545,326545,329581,3036,0
326473,326473,329600,3127,0
326520,326520,329648,3128,0
326440,326440,329649,3209,0
326719,326719,329672,2953,0
326416,326416,329699,3283,0
326595,326595,329724,3129,0
326804,326805,329736,2931,1
326654,326654,329738,3084,0
326755,326755,329741,2986,0
326702,326702,329762,3060,0
326631,326631,329780,3149,0
326878,326878,329822,2944,0
326908,326908,329836,2928,0
326938,326938,329837,2899,0
326836,326836,329853,3017,0
326980,326980,329871,2891,0
327007,327007,329928,2921,0
327165,327165,330049,2884,0
327060,327061,330308,3247,1
327246,327246,330318,3072,0
327385,327386,330371,2985,1
327092,327092,330413,3321,0
327127,327127,330426,3299,0
327194,327194,330429,3235,0
327217,327217,330439,3222,0
327497,327497,330461,2964,0
327548,327548,330518,2970,0
327311,327311,330615,3304,0
327444,327444,330620,3176,0
329107,329107,331651,2544,0
329164,329164,331672,2508,0
336470,336470,338984,2514,0
336481,336481,339028,2547,0
336690,336690,339220,2530,0
336491,336491,339287,2796,0
336519,336519,339312,2793,0
336732,336732,339387,2655,0
336552,336552,339394,2842,0
336587,336587,339431,2844,0
336742,336742,339451,2709,0
336749,336749,339453,2704,0
336622,336622,339455,2833,0
336657,336657,339468,2811,0
371703,371703,374775,3072,0
371714,371714,374799,3085,0
371719,371719,374866,3147,0
371733,371733,374937,3204,0
371962,371962,374984,3022,0
371798,371798,374991,3193,0
371738,371739,375031,3292,1
372003,372003,375054,3051,0
371753,371753,375079,3326,0
372342,372342,375086,2744,0
371745,371745,375100,3355,0
372091,372091,375111,3020,0
371723,371723,375128,3405,0
372038,372038,375148,3110,0
372139,372139,375165,3026,0
372194,372194,375173,2979,0
372224,372225,375215,2990,1
372174,372174,375219,3045,0
372375,372375,375244,2869,0
372271,372271,375278,3007,0
371761,371761,375304,3543,0
372315,372315,375311,2996,0
371729,371729,375329,3600,0
372418,372418,375334,2916,0
372494,372494,375347,2853,0
372451,372451,375359,2908,0
372528,372528,375390,2862,0
372559,372559,375413,2854,0
372603,372603,375460,2857,0
372629,372629,375496,2867,0
372663,372663,375531,2868,0
372749,372749,375572,2823,0
372704,372704,375583,2879,0
372858,372858,375832,2974,0
372808,372808,375837,3029,0
372998,372998,375969,2971,0
372958,372958,376155,3197,0
372910,372910,376180,3270,0
428087,428087,428092,5,0
428235,428235,428236,1,0
428294,428295,428296,1,1
428346,428346,428347,1,0
428499,428499,428516,17,0
512550,512550,514923,2373,0
567316,567316,567563,247,0
567941,567941,568739,798,0
568739,568739,568741,2,0
568739,568739,568741,2,0
568739,568739,568741,2,0
568739,568739,568741,2,0
568739,568739,568741,2,0
568739,568739,568742,3,0
568739,568739,568741,2,0
568739,568739,568742,3,0
568739,568739,568741,2,0
568739,568739,568741,2,0
568739,568739,568741,2,0
568739,568739,568741,2,0
568739,568739,568741,2,0
568739,568739,568746,7,0
568739,568739,568754,15,0
568739,568739,568765,26,0
568739,568765,568773,8,26
568739,568773,568778,5,34
568739,568778,568783,5,39
568739,568741,568784,43,2
568739,568783,568788,5,44
568739,568784,568789,5,45
568739,568741,568789,48,2
568739,568788,568790,2,49
568739,568789,568792,3,50
568739,568789,568792,3,50
568739,568790,568793,3,51
568739,568741,568795,54,2
568739,568741,568797,56,2
568739,568742,568800,58,3
568739,568741,568800,59,2
568739,568742,568801,59,3
568739,568742,568802,60,3
568739,568743,568803,60,4
568739,568743,568803,60,4
568739,568742,568805,63,3
568739,568742,568806,64,3
568739,568743,568807,64,4
568739,568747,568810,63,8
568739,568754,568814,60,15
571952,571952,573260,1308,0
573262,573262,573265,3,0
573262,573262,573266,4,0
573262,573262,573266,4,0
573262,573262,573266,4,0
573262,573262,573266,4,0
573262,573262,573266,4,0
573262,573263,573267,4,1
573262,573262,573267,5,0
573262,573262,573266,4,0
573262,573262,573267,5,0
573262,573262,573267,5,0
573262,573262,573266,4,0
573262,573262,573266,4,0
573262,573262,573266,4,0
573262,573262,573267,5,0
571944,571944,573268,1324,0
573262,573262,573269,7,0
573262,573266,573269,3,4
573262,573266,573269,3,4
573262,573266,573270,4,4
573262,573266,573271,5,4
573262,573266,573271,5,4
573262,573266,573276,10,4
573262,573262,573283,21,0
573262,573267,573285,18,5
573262,573285,573288,3,23
573262,573283,573291,8,21
573262,573289,573292,3,27
573262,573262,573292,30,0
573262,573262,573294,32,0
573262,573262,573295,33,0
573262,573267,573295,28,5
573262,573291,573296,5,29
573262,573262,573296,34,0
573262,573262,573297,35,0
573262,573277,573298,21,15
573262,573262,573299,37,0
573262,573262,573299,37,0
573262,573262,573300,38,0
573262,573262,573300,38,0
573262,573262,573299,37,0
573262,573297,573300,3,35
573262,573262,573301,39,0
573262,573262,573301,39,0
573262,573298,573302,4,36
573262,573299,573301,2,37
573262,573296,573302,6,34
573262,573292,573303,11,30
573262,573267,573305,38,5
573262,573300,573305,5,38
573262,573268,573308,40,6
573262,573262,573309,47,0
573262,573267,573310,43,5
573262,573267,573310,43,5
573262,573267,573313,46,5
573262,573267,573314,47,5
573262,573270,573317,47,8
573262,573302,573317,15,40
573262,573270,573317,47,8
573262,573303,573317,14,41
573262,573302,573318,16,40
573262,573269,573317,48,7
573262,573267,573319,52,5
573262,573269,573319,50,7
573262,573268,573318,50,6
573262,573292,573320,28,30
573262,573301,573319,18,39
573262,573303,573319,16,41
573262,573272,573322,50,10
573262,573301,573322,21,39
573262,573271,573322,51,9
573262,573305,573326,21,43
573269,573308,573326,18,39
573262,573306,573327,21,44
573262,573300,573328,28,38
573262,573296,573329,33,34
571945,571945,573333,1388,0
573262,573294,573334,40,32
573262,573301,573336,35,39
573262,573300,573337,37,38
573262,573295,573338,43,33
573269,573310,573341,31,41
573262,573301,573341,40,39
573269,573309,573341,32,40
573269,573310,573343,33,41
573262,573295,573349,54,33
571946,571946,573349,1403,0
573269,573320,573349,29,51
573269,573322,573350,28,53
573269,573314,573350,36,45
573269,573320,573352,32,51
573269,573326,573354,28,57
573269,573329,573354,25,60
573269,573317,573354,37,48
573269,573327,573355,28,58
573269,573320,573356,36,51
573269,573328,573356,28,59
573269,573333,573356,23,64
573269,573319,573356,37,50
573269,573322,573359,37,53
573269,573335,573359,24,66
573269,573322,573360,38,53
573269,573318,573360,42,49
573269,573318,573361,43,49
573269,573313,573362,49,44
573269,573317,573363,46,48
571950,571950,573363,1413,0
573269,573319,573364,45,50
573269,573326,573364,38,57
573269,573336,573365,29,67
573269,573337,573365,28,68
573269,573318,573366,48,49
573269,573319,573366,47,50
573269,573317,573370,53,48
573269,573338,573371,33,69
573269,573341,573378,37,72
573269,573341,573379,38,72
573269,573341,573387,46,72
573269,573343,573396,53,74
573269,573355,573399,44,86
573269,573349,573399,50,80
573269,573350,573400,50,81
573269,573356,573401,45,87
573269,573349,573402,53,80
573269,573350,573405,55,81
573269,573354,573405,51,85
573269,573350,573405,55,81
573269,573361,573408,47,92
573269,573356,573408,52,87
573269,573359,573409,50,90
573269,573355,573409,54,86
573269,573405,573410,5,136
573269,573408,573411,3,139
573269,573408,573411,3,139
573269,573409,573413,4,140
573269,573352,573414,62,83
573269,573356,573414,58,87
573269,573365,573415,50,96
573269,573356,573414,58,87
573269,573360,573416,56,91
573269,573354,573418,64,85
573269,573360,573419,59,91
573269,573363,573419,56,94
573269,573365,573419,54,96
573333,573409,573422,13,76
573269,573362,573426,64,93
573269,573371,573428,57,102
573269,573359,573428,69,90
573269,573364,573430,66,95
571951,571951,573431,1480,0
573333,573422,573430,8,89
573333,573428,573431,3,95
573269,573366,573431,65,97
573269,573370,573432,62,101
573333,573428,573432,4,95
573333,573431,573434,3,98
573269,573366,573434,68,97
573269,573363,573434,71,94
573333,573426,573434,8,93
573333,573431,573434,3,98
573333,573430,573434,4,97
573333,573431,573434,3,98
573333,573432,573435,3,99
573333,573432,573436,4,99
573333,573434,573436,2,101
573269,573364,573436,72,95
573333,573411,573437,26,78
573333,573431,573436,5,98
573333,573434,573437,3,101
573269,573378,573437,59,109
573333,573434,573438,4,101
573333,573434,573438,4,101
573333,573434,573439,5,101
573333,573434,573439,5,101
573333,573435,573439,4,102
573333,573419,573440,21,86
573333,573436,573441,5,103
573333,573436,573442,6,103
573269,573405,573443,38,136
573333,573411,573443,32,78
573333,573436,573445,9,103
573333,573410,573446,36,77
573333,573413,573447,34,80
573269,573379,573449,70,110
573269,573400,573451,51,131
573333,573419,573451,32,86
573269,573387,573452,65,118
573333,573415,573453,38,82
573269,573400,573454,54,131
573269,573402,573455,53,133
573333,573414,573456,42,81
573269,573399,573457,58,130
573333,573414,573457,43,81
573333,573436,573458,22,103
573269,573405,573458,53,136
573333,573415,573462,47,82
573333,573419,573463,44,86
573333,573437,573466,29,104
573333,573416,573466,50,83
573269,573402,573469,67,133
573333,573418,573471,53,85
573269,573396,573472,76,127
573333,573438,573484,46,105
573333,573440,573485,45,107
573333,573438,573484,46,105
573333,573439,573488,49,106
573333,573437,573489,52,104
573333,573443,573489,46,110
573333,573437,573491,54,104
573333,573443,573491,48,110
573333,573445,573493,48,112
573333,573447,573494,47,114
573333,573491,573495,4,158
573333,573446,573495,49,113
573333,573489,573495,6,156
573333,573491,573496,5,158
573333,573438,573498,60,105
573333,573491,573498,7,158
573333,573439,573500,61,106
573333,573488,573501,13,155
573333,573439,573502,63,106
573333,573451,573503,52,118
573333,573441,573503,62,108
573333,573442,573504,62,109
573333,573451,573504,53,118
573333,573454,573505,51,121
573357,573504,573506,2,147
573357,573504,573506,2,147
573357,573505,573506,1,148
573357,573503,573507,4,146
573357,573506,573508,2,149
573333,573449,573508,59,116
573333,573456,573509,53,123
573333,573457,573509,52,124
573357,573507,573509,2,150
573357,573507,573509,2,150
573357,573508,573509,1,151
573357,573508,573511,3,151
573357,573509,573511,2,152
573357,573508,573511,3,151
573333,573453,573510,57,120
573357,573509,573510,1,152
573333,573459,573512,53,126
573357,573509,573511,2,152
573357,573510,573512,2,153
573357,573509,573512,3,152
573357,573511,573513,2,154
573357,573511,573514,3,154
573357,573512,573514,2,155
573357,573511,573514,3,154
573357,573511,573513,2,154
573357,573511,573513,2,154
573357,573512,573513,1,155
573357,573512,573514,2,155
573357,573512,573516,4,155
573357,573513,573515,2,156
573357,573503,573518,15,146
573333,573458,573518,60,125
573333,573458,573519,61,125
573333,573466,573520,54,133
573333,573457,573520,63,124
573333,573469,573523,54,136
573357,573493,573524,31,136
573357,573514,573524,10,157
573333,573452,573525,73,119
573357,573494,573526,32,137
573333,573466,573526,60,133
573357,573498,573527,29,141
573357,573495,573528,33,138
573333,573486,573529,43,153
573333,573462,573530,68,129
573333,573484,573531,47,151
573333,573472,573532,60,139
573357,573495,573533,38,138
573333,573485,573534,49,152
573357,573496,573536,40,139
573333,573463,573537,74,130
573357,573498,573540,42,141
573333,573471,573540,69,138
573357,573501,573542,41,144
573357,573495,573541,46,138
573357,573514,573546,32,157
573357,573500,573549,49,143
573357,573502,573550,48,145
573357,573514,573553,39,157
573357,573514,573554,40,157
573357,573515,573554,39,158
573357,573514,573554,40,157
573357,573518,573560,42,161
573357,573520,573561,41,163
573357,573516,573562,46,159
573357,573514,573563,49,157
573357,573555,573566,11,198
573357,573554,573566,12,197
573357,573518,573567,49,161
573357,573524,573570,46,167
573357,573516,573571,55,159
573357,573560,573571,11,203
573357,573554,573572,18,197
573357,573523,573572,49,166
573357,573520,573574,54,163
573357,573529,573574,45,172
573357,573527,573575,48,170
573357,573526,573575,49,169
573357,573519,573576,57,162
573364,573575,573577,2,211
573357,573531,573577,46,174
573364,573576,573578,2,212
573357,573561,573578,17,204
573357,573528,573578,50,171
573364,573577,573579,2,213
573364,573577,573579,2,213
573364,573578,573580,2,214
573364,573578,573580,2,214
573364,573575,573580,5,211
573357,573534,573581,47,177
573364,573579,573580,1,215
573364,573579,573580,1,215
573364,573580,573582,2,216
573364,573580,573581,1,216
573364,573580,573582,2,216
573357,573525,573581,56,168
573364,573581,573583,2,217
573364,573580,573583,3,216
573364,573581,573583,2,217
573357,573525,573583,58,168
573357,573526,573583,57,169
573364,573582,573583,1,218
573364,573582,573584,2,218
573357,573553,573584,31,196
573364,573582,573584,2,218
573364,573581,573583,2,217
573364,573583,573585,2,219
573357,573530,573585,55,173
573364,573583,573585,2,219
573364,573582,573585,3,218
573364,573584,573586,2,220
573364,573583,573586,3,219
573364,573583,573585,2,219
573364,573583,573586,3,219
573357,573532,573587,55,175
573357,573542,573588,46,185
573357,573546,573589,43,189
573357,573540,573591,51,183
573357,573533,573591,58,176
573364,573584,573592,8,220
573357,573536,573593,57,179
573364,573562,573595,33,198
573357,573551,573597,46,194
573357,573537,573597,60,180
573357,573541,573597,56,184
573357,573549,573598,49,192
573364,573566,573599,33,202
573357,573542,573598,56,185
573364,573566,573601,35,202
573364,573574,573603,29,210
573364,573571,573603,32,207
573364,573570,573604,34,206
573364,573572,573606,34,208
573364,573563,573607,44,199
573364,573584,573609,25,220
573364,573595,573612,17,231
573364,573593,573613,20,229
573364,573568,573613,45,204
573364,573571,573614,43,207
573364,573574,573616,42,210
573364,573572,573616,44,208
573364,573603,573618,15,239
573364,573584,573618,34,220
573364,573584,573619,35,220
573364,573592,573620,28,228
573364,573585,573621,36,221
573364,573603,573622,19,239
573364,573585,573625,40,221
573364,573589,573627,38,225
573364,573588,573628,40,224
573364,573586,573629,43,222
573364,573585,573630,45,221
573364,573591,573632,41,227
573364,573604,573633,29,240
573364,573601,573633,32,237
573364,573616,573634,18,252
573364,573587,573634,47,223
573364,573585,573635,50,221
573364,573591,573636,45,227
573364,573618,573636,18,254
573364,573586,573636,50,222
573364,573588,573637,49,224
573431,573636,573638,2,205
573431,573635,573638,3,204
573431,573636,573638,2,205
573364,573586,573638,52,222
573431,573638,573640,2,207
573431,573637,573639,2,206
573364,573599,573640,41,235
573431,573638,573640,2,207
573431,573638,573641,3,207
573431,573634,573641,7,203
573431,573639,573641,2,208
573431,573638,573640,2,207
573364,573618,573640,22,254
573431,573640,573642,2,209
573431,573640,573641,1,209
573431,573640,573643,3,209
573431,573640,573643,3,209
573431,573641,573643,2,210
573364,573616,573642,26,252
573431,573641,573643,2,210
573364,573613,573643,30,249
573364,573606,573643,37,242
573431,573641,573644,3,210
573364,573613,573643,30,249
573431,573641,573644,3,210
573431,573642,573644,2,211
573431,573643,573644,1,212
573431,573641,573645,4,210
573364,573597,573645,48,233
573364,573597,573645,48,233
573431,573643,573646,3,212
573431,573643,573646,3,212
573431,573643,573645,2,212
573431,573643,573645,2,212
573364,573619,573647,28,255
573364,573609,573647,38,245
573364,573614,573646,32,250
573364,573598,573647,49,234
573431,573643,573646,3,212
573364,573612,573649,37,248
573364,573599,573650,51,235
573431,573634,573650,16,203
573364,573597,573650,53,233
573431,573643,573652,9,212
573431,573620,573653,33,189
573364,573607,573654,47,243
573431,573622,573655,33,191
573431,573621,573656,35,190
573431,573625,573657,32,194
573431,573634,573658,24,203
573431,573647,573659,12,216
573431,573629,573661,32,198
573431,573629,573663,34,198
573431,573633,573662,29,202
573431,573627,573663,36,196
573431,573647,573665,18,216
573431,573656,573665,9,225
573431,573655,573667,12,224
573431,573643,573668,25,212
573431,573647,573669,22,216
573431,573657,573670,13,226
573431,573647,573671,24,216
573431,573632,573673,41,201
573431,573649,573673,24,218
573431,573630,573674,44,199
573431,573665,573676,11,234
573431,573644,573679,35,213
573431,573644,573681,37,213
573431,573665,573681,16,234
573431,573645,573682,37,214
573431,573654,573683,29,223
573431,573645,573683,38,214
573431,573646,573684,38,215
573431,573644,573684,40,213
573431,573644,573686,42,213
573431,573658,573686,28,227
573431,573647,573687,40,216
573431,573668,573688,20,237
573431,573644,573688,44,213
573431,573667,573689,22,236
573431,573646,573689,43,215
573431,573650,573689,39,219
573431,573653,573690,37,222
573431,573646,573691,45,215
573431,573670,573691,21,239
573431,573647,573693,46,216
573431,573664,573694,30,233
573431,573645,573695,50,214
573431,573650,573695,45,219
573431,573661,573695,34,230
573431,573673,573697,24,242
573431,573659,573697,38,228
573431,573650,573697,47,219
573431,573669,573697,28,238
573431,573663,573699,36,232
573431,573663,573700,37,232
573431,573652,573700,48,221
571949,571949,573859,1910,0
573860,573860,573862,2,0
573860,573860,573861,1,0
573860,573860,573861,1,0
573860,573860,573863,3,0
573860,573860,573863,3,0
573860,573860,573863,3,0
573860,573860,573863,3,0
573860,573860,573863,3,0
573860,573860,573863,3,0
573860,573860,573863,3,0
573860,573862,573864,2,2
573860,573860,573863,3,0
573860,573860,573863,3,0
573860,573860,573863,3,0
573860,573860,573863,3,0
573860,573860,573863,3,0
573860,573860,573863,3,0
573860,573860,573863,3,0
573860,573860,573863,3,0
573860,573860,573863,3,0
573860,573860,573863,3,0
573860,573860,573863,3,0
573860,573860,573863,3,0
573860,573860,573863,3,0
573860,573860,573863,3,0
573860,573862,573865,3,2
571947,571947,573866,1919,0
573860,573863,573873,10,3
573860,573860,573877,17,0
573860,573860,573885,25,0
571946,571946,573890,1944,0
573860,573860,573891,31,0
573860,573860,573891,31,0
573860,573860,573892,32,0
573860,573860,573891,31,0
573860,573860,573894,34,0
573860,573860,573895,35,0
573860,573860,573896,36,0
573860,573860,573896,36,0
573860,573860,573897,37,0
573860,573860,573898,38,0
573860,573863,573899,36,3
571948,571948,573901,1953,0
573860,573863,573902,39,3
573860,573863,573903,40,3
573860,573864,573908,44,4
573860,573865,573909,44,5
573860,573864,573910,46,4
573860,573863,573911,48,3
573860,573863,573912,49,3
573860,573898,573912,14,38
573860,573864,573913,49,4
573860,573897,573913,16,37
573860,573864,573913,49,4
573860,573863,573914,51,3
573860,573863,573913,50,3
573860,573896,573914,18,36
573860,573864,573914,50,4
573860,573864,573915,51,4
573860,573864,573916,52,4
573860,573864,573916,52,4
573860,573864,573916,52,4
573860,573864,573915,51,4
573867,573914,573917,3,47
573867,573914,573917,3,47
573860,573864,573917,53,4
573860,573896,573917,21,36
573860,573864,573918,54,4
573860,573864,573918,54,4
573867,573915,573917,2,48
573867,573916,573919,3,49
573867,573917,573919,2,50
573867,573917,573919,2,50
573867,573916,573918,2,49
573867,573916,573918,2,49
573867,573917,573918,1,50
573860,573864,573920,56,4
573867,573917,573920,3,50
573860,573873,573920,47,13
573860,573867,573919,52,7
573867,573917,573919,2,50
573860,573877,573921,44,17
573867,573918,573921,3,51
573867,573918,573921,3,51
573867,573919,573921,2,52
573867,573919,573921,2,52
573867,573918,573920,2,51
573867,573919,573921,2,52
573867,573919,573922,3,52
573860,573864,573921,57,4
573867,573919,573921,2,52
573867,573920,573923,3,53
573867,573919,573922,3,52
573867,573920,573922,2,53
573867,573920,573923,3,53
573867,573920,573922,2,53
573860,573901,573924,23,41
573867,573920,573923,3,53
573860,573885,573925,40,25
573860,573899,573924,25,39
573867,573921,573925,4,54
573860,573895,573925,30,35
573860,573891,573932,41,31
573860,573902,573933,31,42
573867,573914,573933,19,47
573860,573892,573933,41,32
573860,573894,573933,39,34
573867,573903,573935,32,36
573860,573892,573935,43,32
573860,573891,573936,45,31
573860,573890,573940,50,30
573867,573909,573940,31,42
573867,573921,573946,25,54
573867,573912,573946,34,45
573867,573909,573946,37,42
573867,573913,573948,35,46
573867,573912,573952,40,45
573867,573921,573952,31,54
573867,573921,573952,31,54
573867,573911,573954,43,44
573867,573921,573954,33,54
573867,573914,573954,40,47
573867,573910,573956,46,43
573867,573913,573960,47,46
573867,573913,573962,49,46
573867,573923,573965,42,56
573867,573954,573967,13,87
571949,571949,573967,2018,0
573867,573923,573970,47,56
573867,573926,573971,45,59
573867,573921,573971,50,54
573867,573925,573972,47,58
573867,573921,573972,51,54
573867,573954,573971,17,87
573867,573925,573971,46,58
573867,573956,573973,17,89
573867,573922,573973,51,55
573867,573924,573974,50,57
573867,573923,573974,51,56
573867,573922,573975,53,55
573867,573922,573975,53,55
573891,573973,573976,3,82
573867,573953,573976,23,86
573891,573974,573976,2,83
573891,573974,573977,3,83
573867,573923,573977,54,56
573867,573923,573976,53,56
573891,573975,573977,2,84
573867,573932,573977,45,65
573891,573975,573978,3,84
573867,573925,573978,53,58
573867,573934,573979,45,67
573867,573954,573979,25,87
573891,573976,573979,3,85
573891,573976,573979,3,85
573891,573976,573978,2,85
573891,573977,573980,3,86
573891,573977,573979,2,86
573867,573934,573980,46,67
573891,573978,573980,2,87
573867,573960,573980,20,93
573891,573977,573979,2,86
573867,573924,573980,56,57
573891,573978,573981,3,87
573891,573977,573980,3,86
573891,573977,573980,3,86
573891,573979,573981,2,88
573891,573979,573980,1,88
573867,573935,573982,47,68
573891,573980,573982,2,89
573891,573980,573982,2,89
573891,573979,573981,2,88
573891,573979,573981,2,88
573867,573935,573983,48,68
573891,573980,573983,3,89
573891,573980,573982,2,89
573891,573980,573983,3,89
573891,573980,573984,4,89
573867,573952,573983,31,85
573867,573933,573985,52,66
573867,573937,573986,49,70
573867,573940,573986,46,73
573891,573980,573988,8,89
573867,573946,573989,43,79
573867,573947,573989,42,80
573867,573933,573990,57,66
573867,573948,573991,43,81
573891,573962,573992,30,71
573867,573940,573992,52,73
573891,573973,573993,20,82
573891,573965,573995,30,74
573867,573946,573999,53,79
573891,573967,574003,36,76
573891,573971,574003,32,80
573891,573968,574005,37,77
573891,573972,574006,34,81
573867,573952,574009,57,85
573891,573981,574010,29,90
573891,573970,574011,41,79
573891,573972,574011,39,81
573891,573972,574013,41,81
573891,573971,574014,43,80
573891,573972,574020,48,81
573891,573981,574020,39,90
573891,573982,574023,41,91
573891,573982,574023,41,91
573891,573981,574024,43,90
573891,573981,574027,46,90
573891,574012,574027,15,121
573891,573981,574028,47,90
573891,573982,574028,46,91
573891,573983,574029,46,92
573891,574013,574031,18,122
573891,574014,574031,17,123
573891,573986,574032,46,95
573891,573991,574033,42,100
573891,573981,574033,52,90
573891,573984,574033,49,93
573891,573986,574034,48,95
573891,573982,574034,52,91
573891,573983,574034,51,92
573891,573984,574035,51,93
573891,573983,574036,53,92
573902,574034,574036,2,132
573902,574033,574035,2,131
573902,574034,574035,1,132
573902,574034,574037,3,132
573902,574033,574037,4,131
573891,573989,574037,48,98
573891,573983,574037,54,92
573902,574035,574038,3,133
573902,574036,574038,2,134
573902,574037,574039,2,135
573902,574036,574039,3,134
573891,573989,574039,50,98
573902,574036,574038,2,134
573891,574020,574038,18,129
573902,574037,574039,2,135
573902,574036,574038,2,134
573902,574037,574040,3,135
573891,573995,574039,44,104
573902,574038,574040,2,136
573902,574037,574040,3,135
573902,574038,574041,3,136
573902,574039,574041,2,137
573891,573988,574040,52,97
573902,574039,574040,1,137
573902,574039,574040,1,137
573902,574039,574042,3,137
573902,574039,574041,2,137
573891,573984,574042,58,93
573891,574020,574041,21,129
573902,574040,574042,2,138
573902,574040,574043,3,138
573902,574039,574042,3,137
573902,574039,574042,3,137
573902,574040,574042,2,138
573891,574011,574044,33,120
573891,573985,574044,59,94
573891,573992,574045,53,101
573891,573990,574046,56,99
573891,574003,574046,43,112
573891,573992,574047,55,101
573891,574006,574049,43,115
573891,573993,574050,57,102
573891,574003,574051,48,112
573891,573999,574051,52,108
573902,574023,574053,30,121
573902,574033,574055,22,131
573891,574010,574055,45,119
573902,574040,574057,17,138
573902,574023,574059,36,121
573891,574005,574059,54,114
573902,574032,574060,28,130
573902,574025,574061,36,123
573891,574009,574062,53,118
573902,574027,574062,35,125
573902,574028,574065,37,126
573902,574029,574067,38,127
573902,574027,574071,44,125
573902,574028,574074,46,126
573902,574041,574076,35,139
573902,574031,574076,45,129
573902,574041,574077,36,139
573902,574041,574077,36,139
573902,574031,574077,46,129
573902,574041,574079,38,139
573902,574042,574082,40,140
573902,574066,574084,18,164
573902,574041,574084,43,139
573902,574067,574086,19,165
573902,574043,574087,44,141
573902,574043,574087,44,141
573902,574046,574088,42,144
573902,574042,574090,48,140
573902,574071,574091,20,169
573902,574043,574092,49,141
573902,574043,574093,50,141
573902,574042,574094,52,140
573902,574042,574094,52,140
573902,574076,574095,19,174
573902,574043,574094,51,141
573902,574046,574095,49,144
573968,574094,574096,2,126
573968,574093,574096,3,125
573902,574049,574095,46,147
573902,574051,574095,44,149
573968,574095,574097,2,127
573902,574044,574097,53,142
573968,574094,574096,2,126
573968,574095,574097,2,127
573902,574053,574098,45,151
573968,574092,574098,6,124
573968,574096,574099,3,128
573902,574076,574099,23,174
573968,574096,574098,2,128
573968,574096,574098,2,128
573968,574097,574098,1,129
573968,574095,574098,3,127
573968,574096,574098,2,128
573902,574074,574099,25,172
573902,574047,574099,52,145
573968,574097,574100,3,129
573968,574097,574099,2,129
573968,574098,574099,1,130
573968,574098,574101,3,130
573902,574045,574101,56,143
573902,574055,574101,46,153
573968,574098,574100,2,130
573968,574099,574101,2,131
573902,574044,574100,56,142
573968,574099,574102,3,131
573968,574100,574102,2,132
573968,574099,574101,2,131
573902,574059,574101,42,157
573968,574099,574101,2,131
573968,574100,574101,1,132
573902,574050,574103,53,148
573968,574100,574102,2,132
573968,574100,574103,3,132
573902,574077,574103,26,175
573902,574063,574104,41,161
573968,574100,574103,3,132
573902,574055,574106,51,153
573902,574051,574106,55,149
573902,574061,574106,45,159
573902,574060,574107,47,158
573902,574057,574110,53,155
573968,574077,574112,35,109
573902,574059,574112,53,157
573902,574062,574114,52,160
573968,574079,574115,36,111
573968,574078,574118,40,110
573968,574100,574118,18,132
573968,574084,574120,36,116
573968,574082,574121,39,114
573968,574087,574121,34,119
573968,574086,574122,36,118
573968,574091,574123,32,123
573968,574088,574125,37,120
573968,574088,574125,37,120
573968,574104,574126,22,136
573968,574084,574127,43,116
573968,574100,574129,29,132
573968,574090,574130,40,122
573968,574100,574133,33,132
573968,574101,574140,39,133
573968,574125,574141,16,157
573968,574101,574141,40,133
573968,574101,574143,42,133
573968,574102,574143,41,134
573968,574102,574144,42,134
573968,574103,574144,41,135
573968,574101,574145,44,133
573968,574101,574145,44,133
573968,574102,574146,44,134
573968,574123,574146,23,155
573968,574114,574145,31,146
573968,574125,574146,21,157
573968,574122,574147,25,154
573968,574103,574148,45,135
573968,574107,574148,41,139
573968,574127,574149,22,159
573968,574102,574149,47,134
573968,574103,574150,47,135
573968,574126,574150,24,158
573968,574101,574149,48,133
573968,574112,574150,38,144
573968,574115,574150,35,147
573968,574102,574150,48,134
573968,574122,574150,28,154
573968,574102,574151,49,134
573968,574108,574152,44,140
573968,574103,574153,50,135
573968,574106,574153,47,138
573968,574105,574153,48,137
573968,574112,574155,43,144
573968,574106,574158,52,138
573968,574121,574159,38,153
573968,574129,574158,29,161
573968,574110,574160,50,142
573968,574120,574160,40,152
573968,574118,574163,45,150
573968,574119,574166,47,151
574436,574436,575887,1451,0
575888,575888,575891,3,0
575888,575888,575891,3,0
575888,575888,575891,3,0
575888,575888,575891,3,0
575888,575888,575892,4,0
575888,575888,575892,4,0
575888,575888,575893,5,0
575888,575888,575893,5,0
575888,575891,575893,2,3
575888,575891,575894,3,3
575888,575891,575894,3,3
575888,575892,575895,3,4
575888,575891,575894,3,3
575888,575892,575894,2,4
575888,575888,575898,10,0
575888,575888,575901,13,0
575888,575888,575909,21,0
575888,575888,575914,26,0
575888,575888,575917,29,0
575888,575888,575919,31,0
575888,575893,575921,28,5
575888,575888,575927,39,0
575888,575888,575927,39,0
575888,575888,575929,41,0
575888,575888,575929,41,0
575888,575895,575930,35,7
575888,575888,575932,44,0
575888,575888,575932,44,0
575888,575893,575933,40,5
575888,575888,575935,47,0
575888,575894,575938,44,6
575888,575894,575939,45,6
575888,575895,575939,44,7
575888,575893,575941,48,5
575888,575898,575941,43,10
574442,574442,575943,1501,0
575888,575940,575945,5,52
574438,574438,575945,1507,0
575888,575938,575945,7,50
575888,575941,575946,5,53
575888,575939,575946,7,51
575888,575895,575946,51,7
575888,575941,575947,6,53
575888,575901,575948,47,13
575888,575943,575948,5,55
575888,575948,575950,2,60
575888,575947,575950,3,59
575888,575946,575949,3,58
575888,575946,575950,4,58
575888,575945,575951,6,57
575888,575946,575950,4,58
575888,575948,575951,3,60
575888,575945,575952,7,57
575888,575950,575952,2,62
575888,575951,575953,2,63
575888,575945,575952,7,57
575888,575935,575953,18,47
575888,575950,575953,3,62
575888,575950,575952,2,62
575888,575950,575953,3,62
575888,575952,575955,3,64
575888,575952,575955,3,64
575888,575953,575955,2,65
575888,575951,575954,3,63
575888,575953,575955,2,65
575888,575953,575957,4,65
575888,575953,575957,4,65
575888,575953,575957,4,65
575888,575933,575958,25,45
575888,575909,575959,50,21
575888,575954,575960,6,66
575888,575917,575963,46,29
575888,575914,575968,54,26
575944,575968,575972,4,24
575888,575921,575972,51,33
575888,575931,575973,42,43
575888,575919,575973,54,31
575888,575927,575974,47,39
575944,575972,575975,3,28
575944,575972,575975,3,28
575944,575973,575975,2,29
574445,574445,575974,1529,0
575944,575973,575974,1,29
574439,574439,575977,1538,0
575944,575974,575977,3,30
575944,575975,575978,3,31
575944,575975,575978,3,31
575944,575975,575978,3,31
575944,575975,575977,2,31
575944,575975,575977,2,31
575888,575927,575979,52,39
575944,575977,575978,1,33
575944,575977,575980,3,33
575944,575978,575980,2,34
575888,575932,575980,48,44
575944,575978,575980,2,34
575944,575978,575980,2,34
575888,575929,575981,52,41
575944,575978,575980,2,34
575944,575978,575981,3,34
575888,575930,575982,52,42
575944,575979,575981,2,35
575944,575980,575982,2,36
575944,575980,575982,2,36
575944,575980,575983,3,36
575944,575979,575984,5,35
575944,575980,575984,4,36
575944,575980,575983,3,36
575944,575963,575984,21,19
575888,575932,575986,54,44
575944,575981,575986,5,37
575944,575955,575987,32,11
574437,574437,575989,1552,0
575944,575955,575995,40,11
575944,575955,575995,40,11
575944,575981,575996,15,37
575944,575962,575997,35,18
575944,575959,575999,40,15
575944,575955,575999,44,11
575944,575957,576000,43,13
575944,575955,575999,44,11
575944,575958,576001,43,14
575944,575957,576001,44,13
574440,574440,576003,1563,0
574437,574437,576006,1569,0
575944,575957,576007,50,13
575944,575981,576019,38,37
575944,575982,576020,38,38
575944,575982,576023,41,38
575944,575982,576026,44,38
575944,575987,576028,41,43
574434,574434,576029,1595,0
575944,575982,576029,47,38
575944,575986,576031,45,42
575944,575989,576034,45,45
574441,574441,576035,1594,0
575944,575995,576036,41,51
575944,575986,576036,50,42
575944,575984,576037,53,40
575944,575984,576037,53,40
575944,575984,576038,54,40
574443,574443,576039,1596,0
575944,575997,576039,42,53
575944,575984,576040,56,40
575944,575983,576042,59,39
575944,575999,576044,45,55
575944,576000,576044,44,56
575944,575995,576048,53,51
575944,576035,576048,13,91
575944,575997,576049,52,53
574444,574445,576049,1604,1
575944,576007,576050,43,63
575944,576036,576050,14,92
575944,576037,576051,14,93
575944,576005,576051,46,61
575944,576029,576051,22,85
575944,575999,576052,53,55
574435,574435,576053,1618,0
575946,576051,576053,2,105
575946,576050,576053,3,104
575944,576001,576053,52,57
575944,576029,576054,25,85
575944,576000,576053,53,56
575946,576051,576053,2,105
575946,576053,576055,2,107
575946,576053,576055,2,107
575946,576052,576055,3,106
575944,576036,576054,18,92
575946,576052,576054,2,106
575946,576054,576056,2,108
575944,576037,576056,19,93
575946,576053,576056,3,107
575946,576055,576057,2,109
575946,576053,576057,4,107
575946,576055,576056,1,109
575946,576054,576057,3,108
575946,576054,576057,3,108
575946,576056,576057,1,110
575946,576056,576058,2,110
575946,576057,576059,2,111
575946,576056,576059,3,110
575946,576055,576059,4,109
575946,576056,576058,2,110
575946,576056,576058,2,110
575946,576057,576058,1,111
575944,576034,576058,24,90
575944,576001,576060,59,57
575946,576057,576059,2,111
575946,576050,576060,10,104
575946,576058,576061,3,112
575944,576007,576063,56,63
575944,576020,576064,44,76
575944,576031,576066,35,87
575944,576023,576066,43,79
575944,576028,576067,39,84
575946,576039,576067,28,93
575946,576039,576068,29,93
575944,576019,576072,53,75
575944,576026,576074,48,82
575946,576050,576075,25,104
575946,576058,576077,19,112
575946,576040,576079,39,94
575946,576045,576083,38,99
575946,576048,576083,35,102
575946,576048,576085,37,102
575946,576044,576084,40,98
574444,574444,576086,1642,0
575946,576042,576087,45,96
575946,576049,576089,40,103
575946,576059,576092,33,113
575946,576085,576092,7,139
575946,576058,576094,36,112
575946,576086,576097,11,140
575946,576085,576096,11,139
575946,576079,576098,19,133
575946,576094,576099,5,148
575946,576077,576100,23,131
575946,576085,576100,15,139
575946,576060,576100,40,114
575946,576097,576101,4,151
575946,576097,576101,4,151
575946,576059,576101,42,113
575946,576093,576101,8,147
575946,576099,576101,2,153
575946,576059,576101,42,113
575946,576098,576101,3,152
575946,576060,576101,41,114
575946,576092,576101,9,146
575946,576089,576102,13,143
575946,576100,576103,3,154
575946,576100,576103,3,154
575946,576087,576103,16,141
575946,576100,576103,3,154
575946,576060,576104,44,114
575946,576101,576103,2,155
575946,576101,576105,4,155
575946,576083,576104,21,137
575946,576058,576106,48,112
575946,576059,576106,47,113
575977,576105,576107,2,128
575946,576065,576107,42,119
575977,576105,576108,3,128
575946,576075,576108,33,129
575977,576106,576108,2,129
575946,576067,576108,41,121
575977,576106,576108,2,129
575946,576066,576108,42,120
575977,576107,576109,2,130
575977,576107,576109,2,130
574446,574446,576110,1664,0
575977,576108,576110,2,131
575946,576059,576110,51,113
575946,576069,576110,41,123
575977,576109,576110,1,132
575977,576108,576111,3,131
575977,576109,576111,2,132
575977,576109,576111,2,132
575977,576108,576111,3,131
575977,576109,576111,2,132
575977,576110,576111,1,133
575977,576110,576112,2,133
575977,576109,576111,2,132
575977,576110,576112,2,133
575977,576110,576112,2,133
575946,576060,576113,53,114
575977,576111,576113,2,134
575977,576110,576113,3,133
575977,576111,576112,1,134
575977,576111,576114,3,134
575946,576067,576113,46,121
575977,576111,576113,2,134
575977,576111,576114,3,134
575977,576112,576114,2,135
575946,576059,576115,56,113
575946,576063,576116,53,117
575946,576061,576116,55,115
575977,576104,576118,14,127
575946,576066,576118,52,120
575977,576112,576124,12,135
575946,576074,576125,51,128
575946,576072,576127,55,126
575977,576104,576135,31,127
575977,576112,576135,23,135
575977,576102,576136,34,125
575977,576101,576137,36,124
575977,576103,576136,33,126
575977,576102,576140,38,125
575977,576101,576140,39,124
575977,576102,576140,38,125
575977,576101,576140,39,124
575977,576103,576142,39,126
575977,576103,576142,39,126
575977,576135,576142,7,158
575977,576112,576143,31,135
575977,576103,576144,41,126
575977,576136,576144,8,159
575977,576135,576145,10,158
575977,576143,576146,3,166
575977,576144,576148,4,167
575977,576142,576149,7,165
575977,576137,576152,15,160
575977,576102,576152,50,125
575977,576144,576152,8,167
575977,576127,576152,25,150
575977,576113,576155,42,136
575977,576112,576155,43,135
575977,576114,576158,44,137
575977,576113,576159,46,136
575977,576114,576160,46,137
575977,576113,576162,49,136
575977,576114,576162,48,137
575977,576142,576163,21,165
575977,576118,576164,46,141
575977,576148,576166,18,171
575977,576149,576168,19,172
575977,576124,576168,44,147
575978,576168,576170,2,190
575977,576114,576170,56,137
575977,576113,576171,58,136
575977,576145,576171,26,168
575977,576114,576172,58,137
575978,576168,576172,4,190
575977,576118,576172,54,141
575978,576170,576171,1,192
575978,576170,576173,3,192
575978,576171,576173,2,193
575978,576171,576174,3,193
575978,576172,576174,2,194
575978,576172,576174,2,194
575977,576152,576174,22,175
575978,576172,576175,3,194
575978,576172,576175,3,194
575978,576173,576175,2,195
575978,576174,576176,2,196
575977,576125,576176,51,148
575978,576173,576175,2,195
575978,576174,576177,3,196
575977,576137,576177,40,160
575978,576175,576177,2,197
575978,576174,576177,3,196
575978,576174,576177,3,196
575978,576175,576178,3,197
575978,576176,576178,2,198
575978,576175,576177,2,197
575978,576177,576179,2,199
575978,576176,576179,3,198
575978,576177,576179,2,199
575977,576117,576178,61,140
575978,576177,576179,2,199
575978,576176,576179,3,198
575978,576167,576179,12,189
575977,576115,576179,64,138
575977,576116,576181,65,139
575977,576152,576181,29,175
575977,576147,576183,36,170
575978,576177,576182,5,199
575978,576158,576186,28,180
575978,576155,576186,31,177
575977,576140,576187,47,163
575977,576140,576187,47,163
575977,576145,576189,44,168
575978,576155,576189,34,177
575978,576153,576189,36,175
575978,576162,576191,29,184
575978,576164,576191,27,186
575977,576140,576193,53,163
575978,576160,576196,36,182
575978,576159,576197,38,181
575977,576140,576197,57,163
575978,576163,576200,37,185
575978,576162,576206,44,184
575978,576198,576211,13,220
575978,576201,576214,13,223
575978,576178,576215,37,200
575978,576196,576214,18,218
575978,576179,576217,38,201
575978,576197,576217,20,219
575978,576177,576217,40,199
575978,576179,576218,39,201
575978,576180,576219,39,202
575978,576206,576221,15,228
575978,576218,576221,3,240
575978,576193,576222,29,215
575978,576191,576222,31,213
575978,576217,576222,5,239
575978,576186,576222,36,208
575978,576183,576222,39,205
575978,576180,576222,42,202
575978,576217,576223,6,239
575978,576219,576222,3,241
575978,576216,576224,8,238
575978,576221,576224,3,243
575978,576211,576224,13,233
575978,576217,576224,7,239
575978,576221,576225,4,243
575978,576191,576225,34,213
575978,576178,576226,48,200
575978,576214,576226,12,236
575978,576186,576225,39,208
575978,576179,576227,48,201
575978,576181,576227,46,203
575978,576215,576227,12,237
575978,576222,576228,6,244
575978,576179,576228,49,201
575978,576187,576229,42,209
575978,576178,576229,51,200
575978,576189,576230,41,211
575978,576187,576230,43,209
575978,576189,576231,42,211
575978,576181,576232,51,203
575978,576183,576234,51,205
575978,576181,576235,54,203
575978,576189,576237,48,211
575978,576179,576237,58,201
576030,576225,576238,13,195
576030,576229,576239,10,199
574440,574440,576240,1800,0
576030,576225,576241,16,195
576030,576225,576251,26,195
576030,576228,576254,26,198
576030,576229,576254,25,199
576030,576225,576255,30,195
576030,576224,576256,32,194
576030,576223,576258,35,193
576030,576227,576260,33,197
576030,576228,576261,33,198
576030,576224,576261,37,194
576030,576222,576262,40,192
576030,576224,576262,38,194
576030,576222,576262,40,192
576030,576230,576262,32,200
576030,576227,576264,37,197
576030,576231,576265,34,201
576030,576263,576266,3,233
576030,576262,576266,4,232
576030,576222,576267,45,192
576030,576264,576267,3,234
576030,576231,576269,38,201
576030,576266,576269,3,236
576030,576265,576268,3,235
576030,576266,576268,2,236
576030,576226,576270,44,196
576030,576269,576271,2,239
576030,576267,576271,4,237
576030,576267,576270,3,237
576030,576223,576270,47,193
576030,576269,576271,2,239
576030,576262,576272,10,232
576030,576227,576272,45,197
576030,576226,576272,46,196
576030,576269,576271,2,239
576030,576271,576273,2,241
576030,576271,576273,2,241
576030,576271,576273,2,241
576030,576270,576272,2,240
576030,576269,576274,5,239
576030,576272,576274,2,242
576030,576271,576274,3,241
576030,576271,576274,3,241
576030,576272,576275,3,242
576030,576272,576275,3,242
576030,576272,576274,2,242
576030,576273,576276,3,243
576030,576238,576276,38,208
576030,576273,576276,3,243
576030,576274,576277,3,244
576030,576273,576276,3,243
576030,576273,576277,4,243
576030,576274,576276,2,244
576030,576227,576277,50,197
576030,576234,576278,44,204
576030,576275,576279,4,245
576030,576274,576279,5,244
576030,576274,576278,4,244
576030,576276,576279,3,246
576030,576232,576280,48,202
576030,576275,576280,5,245
576030,576276,576280,4,246
576030,576240,576281,41,210
576030,576237,576282,45,207
576031,576280,576282,2,249
576031,576280,576283,3,249
576031,576281,576283,2,250
576031,576280,576283,3,249
576031,576282,576284,2,251
576030,576276,576284,8,246
576030,576239,576284,45,209
576031,576282,576285,3,251
576031,576283,576285,2,252
576031,576283,576284,1,252
576031,576279,576286,7,248
576031,576284,576286,2,253
576030,576235,576287,52,205
576031,576283,576287,4,252
576031,576284,576287,3,253
576031,576285,576288,3,254
576031,576286,576287,1,255
576031,576286,576287,1,255
576031,576285,576288,3,254
576031,576286,576287,1,255
576031,576287,576290,3,256
576031,576287,576291,4,256
576030,576237,576290,53,207
576030,576241,576292,51,211
576031,576284,576295,11,253
576030,576256,576296,40,226
576030,576254,576302,48,224
576030,576258,576302,44,228
576030,576260,576303,43,230
576030,576261,576303,42,231
576030,576251,576303,52,221
576031,576279,576304,25,248
576031,576276,576303,27,245
576030,576262,576304,42,232
576030,576255,576304,49,225
576031,576277,576309,32,246
576031,576277,576309,32,246
576030,576254,576310,56,224
576031,576277,576310,33,246
576031,576279,576311,32,248
576031,576287,576315,28,256
576031,576277,576315,38,246
576031,576278,576316,38,247
576031,576279,576317,38,248
576031,576278,576319,41,247
576030,576261,576320,59,231
576031,576311,576321,10,280
576031,576288,576321,33,257
576031,576310,576322,12,279
576031,576315,576322,7,284
576031,576315,576322,7,284
576031,576316,576324,8,285
576031,576288,576324,36,257
576031,576322,576325,3,291
576031,576322,576326,4,291
576031,576322,576326,4,291
576031,576324,576327,3,293
576031,576321,576326,5,290
576031,576324,576327,3,293
576031,576325,576327,2,294
576031,576319,576328,9,288
576031,576289,576328,39,258
576031,576320,576329,9,289
576031,576326,576328,2,295
576031,576327,576329,2,296
576031,576317,576329,12,286
576031,576310,576329,19,279
576031,576326,576329,3,295
576031,576327,576330,3,296
576031,576327,576330,3,296
576031,576327,576330,3,296
576031,576321,576330,9,290
576031,576328,576331,3,297
576031,576329,576332,3,298
576031,576328,576333,5,297
576031,576290,576333,43,259
576031,576295,576334,39,264
576031,576288,576335,47,257
576031,576288,576335,47,257
576031,576334,576336,2,303
576031,576329,576336,7,298
576031,576296,576336,40,265
576031,576291,576337,46,260
576031,576293,576337,44,262
576031,576335,576337,2,304
576031,576335,576337,2,304
576031,576291,576338,47,260
576031,576336,576338,2,305
576031,576336,576337,1,305
576031,576336,576337,1,305
576031,576333,576338,5,302
576031,576337,576340,3,306
576031,576337,576340,3,306
576031,576337,576340,3,306
576031,576337,576340,3,306
576031,576338,576340,2,307
576031,576338,576340,2,307
576031,576338,576340,2,307
576031,576303,576341,38,272
576031,576338,576341,3,307
576031,576309,576340,31,278
576031,576302,576342,40,271
576031,576340,576342,2,309
576031,576339,576342,3,308
576031,576340,576342,2,309
576031,576340,576342,2,309
576031,576340,576343,3,309
576031,576340,576343,3,309
576031,576340,576343,3,309
576031,576304,576343,39,273
576031,576341,576342,1,310
576031,576304,576342,38,273
576031,576341,576344,3,310
576031,576340,576343,3,309
576031,576303,576345,42,272
576031,576341,576344,3,310
576031,576305,576348,43,274
576031,576302,576349,47,271
574448,574448,576349,1901,0
576031,576303,576350,47,272
576031,576309,576350,41,278
576031,576304,576353,49,273
576031,576333,576353,20,302
576031,576342,576353,11,311
576031,576329,576362,33,298
576031,576331,576363,32,300
576031,576330,576364,34,299
576031,576333,576365,32,302
576031,576330,576365,35,299
576031,576330,576366,36,299
576031,576329,576367,38,298
576031,576330,576370,40,299
576031,576330,576371,41,299
576031,576329,576372,43,298
576031,576342,576374,32,311
576031,576343,576377,34,312
576031,576342,576379,37,311
576031,576342,576381,39,311
576031,576344,576381,37,313
576031,576343,576382,39,312
576031,576344,576382,38,313
576031,576342,576383,41,311
576031,576375,576384,9,344
576031,576377,576385,8,346
576031,576345,576385,40,314
576031,576372,576387,15,341
576031,576379,576388,9,348
576031,576384,576388,4,353
576031,576385,576389,4,354
576031,576381,576391,10,350
576031,576382,576391,9,351
576031,576372,576391,19,341
576031,576350,576392,42,319
576031,576381,576392,11,350
576031,576343,576392,49,312
576031,576343,576393,50,312
576031,576353,576393,40,322
576031,576343,576393,50,312
576031,576382,576394,12,351
576031,576383,576393,10,352
576031,576348,576395,47,317
576033,576393,576395,2,360
576033,576394,576396,2,361
576033,576393,576396,3,360
576033,576394,576395,1,361
576033,576395,576397,2,362
576031,576344,576397,53,313
576033,576395,576398,3,362
576031,576353,576398,45,322
576033,576396,576398,2,363
576033,576397,576399,2,364
576031,576349,576399,50,318
576033,576396,576399,3,363
576031,576349,576398,49,318
576033,576397,576398,1,364
576031,576353,576400,47,322
576031,576345,576399,54,314
576033,576398,576400,2,365
576033,576398,576401,3,365
576033,576398,576401,3,365
576033,576399,576401,2,366
576033,576397,576400,3,364
576033,576399,576401,2,366
574447,574447,576400,1953,0
576033,576399,576400,1,366
576031,576363,576401,38,332
576033,576399,576402,3,366
576033,576399,576401,2,366
576033,576400,576403,3,367
576031,576350,576403,53,319
576033,576393,576404,11,360
576033,576400,576403,3,367
576031,576364,576404,40,333
576031,576362,576404,42,331
576031,576365,576405,40,334
576033,576400,576406,6,367
576031,576370,576411,41,339
574450,574450,576412,1962,0
576031,576367,576413,46,336
576031,576365,576414,49,334
576031,576366,576416,50,335
576033,576388,576421,33,355
576033,576391,576422,31,358
576033,576391,576423,32,358
576033,576392,576423,31,359
576033,576392,576423,31,359
576033,576387,576424,37,354
576033,576388,576423,35,355
576033,576389,576427,38,356
576033,576392,576430,38,359
576033,576424,576432,8,391
576033,576424,576433,9,391
576033,576427,576434,7,394
576033,576423,576435,12,390
576033,576423,576436,13,390
576033,576422,576436,14,389
576033,576423,576437,14,390
576033,576391,576438,47,358
576033,576434,576438,4,401
576033,576436,576439,3,403
576033,576401,576439,38,368
576033,576421,576440,19,388
576033,576433,576440,7,400
576033,576435,576439,4,402
576033,576436,576439,3,403
576033,576438,576440,2,405
576033,576432,576439,7,399
576033,576401,576441,40,368
576033,576402,576441,39,369
576033,576438,576441,3,405
576033,576402,576440,38,369
576033,576437,576441,4,404
576033,576439,576441,2,406
576033,576440,576442,2,407
576033,576430,576442,12,397
576033,576439,576441,2,406
576033,576440,576442,2,407
576033,576440,576443,3,407
576033,576402,576444,42,369
576033,576404,576444,40,371
576033,576440,576446,6,407
576033,576401,576446,45,368
576036,576444,576446,2,408
576036,576444,576446,2,408
576033,576401,576448,47,368
576036,576446,576447,1,410
576033,576402,576449,47,369
576033,576406,576449,43,373
576036,576446,576449,3,410
576036,576446,576449,3,410
576036,576447,576449,2,411
576033,576403,576449,46,370
576033,576404,576449,45,371
576036,576449,576450,1,413
576036,576448,576451,3,412
576036,576449,576451,2,413
576033,576404,576451,47,371
576033,576401,576451,50,368
576036,576449,576450,1,413
576036,576450,576452,2,414
576036,576449,576452,3,413
576033,576407,576452,45,374
576036,576450,576452,2,414
576036,576449,576451,2,413
576033,576404,576451,47,371
576036,576449,576451,2,413
576036,576449,576452,3,413
576033,576401,576452,51,368
576036,576443,576452,9,407
576036,576451,576454,3,415
576036,576451,576453,2,415
576036,576452,576454,2,416
576036,576451,576454,3,415
576036,576451,576453,2,415
576033,576403,576454,51,370
576036,576452,576453,1,416
576036,576452,576453,1,416
576036,576452,576455,3,416
576036,576452,576454,2,416
576033,576411,576460,49,378
576033,576416,576460,44,383
576036,576452,576460,8,416
576033,576414,576463,49,381
576033,576414,576464,50,381
576036,576443,576466,23,407
576033,576412,576466,54,379
576036,576441,576470,29,405
576036,576440,576470,30,404
576036,576442,576471,29,406
576036,576441,576472,31,405
576036,576442,576473,31,406
574449,574449,576474,2025,0
576036,576442,576476,34,406
576036,576452,576479,27,416
576036,576442,576480,38,406
576036,576442,576481,39,406
576036,576452,576482,30,416
576036,576441,576482,41,405
576036,576441,576485,44,405
576036,576453,576489,36,417
576036,576454,576490,36,418
576036,576454,576492,38,418
576036,576455,576492,37,419
576036,576455,576494,39,419
576036,576455,576496,41,419
576036,576453,576497,44,417
576036,576453,576497,44,417
576036,576454,576498,44,418
576036,576490,576498,8,454
576036,576485,576500,15,449
576036,576455,576500,45,419
576036,576455,576501,46,419
576036,576455,576501,46,419
576036,576489,576500,11,453
576036,576492,576502,10,456
576036,576482,576501,19,446
576036,576492,576503,11,456
576036,576454,576503,49,418
576036,576466,576504,38,430
576036,576461,576506,45,425
576036,576496,576506,10,460
576036,576494,576507,13,458
576036,576497,576507,10,461
576036,576460,576506,46,424
576036,576460,576507,47,424
576040,576505,576508,3,465
576036,576471,576508,37,435
576040,576506,576508,2,466
576040,576506,576508,2,466
576036,576470,576508,38,434
576040,576507,576509,2,467
576040,576507,576510,3,467
576036,576470,576509,39,434
576036,576472,576510,38,436
576040,576508,576509,1,468
576040,576507,576510,3,467
576040,576508,576510,2,468
576040,576507,576510,3,467
576040,576508,576509,1,468
576036,576465,576510,45,429
576040,576508,576510,2,468
576040,576509,576510,1,469
576040,576510,576512,2,470
576040,576510,576511,1,470
576040,576510,576512,2,470
576040,576508,576511,3,468
576040,576510,576512,2,470
576040,576510,576513,3,470
576040,576510,576513,3,470
576040,576510,576512,2,470
576036,576463,576513,50,427
576036,576466,576512,46,430
576040,576510,576512,2,470
576040,576512,576514,2,472
576040,576512,576513,1,472
576040,576512,576514,2,472
576040,576512,576515,3,472
576040,576511,576514,3,471
576036,576473,576515,42,437
576036,576476,576515,39,440
576036,576474,576517,43,438
576040,576503,576517,14,463
576036,576482,576521,39,446
576036,576479,576522,43,443
576036,576480,576525,45,444
576036,576481,576526,45,445
576040,576497,576528,31,457
576040,576501,576529,28,461
576040,576503,576529,26,463
576040,576498,576530,32,458
576040,576512,576532,20,472
576040,576498,576535,37,458
576040,576516,576537,21,476
576040,576500,576537,37,460
576040,576500,576539,39,460
576040,576516,576538,22,476
576040,576502,576540,38,462
576040,576502,576541,39,462
576040,576512,576547,35,472
576040,576501,576551,50,461
576040,576512,576553,41,472
576040,576513,576555,42,473
576040,576501,576556,55,461
576040,576514,576557,43,474
576040,576514,576559,45,474
576040,576514,576558,44,474
576040,576537,576560,23,497
576040,576515,576560,45,475
576040,576513,576561,48,473
576040,576514,576562,48,474
576040,576513,576563,50,473
576040,576513,576564,51,473
576040,576514,576567,53,474
576040,576537,576567,30,497
576040,576541,576569,28,501
576040,576517,576570,53,477
576040,576515,576571,56,475
576040,576551,576574,23,511
576040,576518,576574,56,478
576040,576529,576574,45,489
576040,576531,576574,43,491
576040,576557,576574,17,517
576040,576532,576574,42,492
576040,576547,576575,28,507
576051,576574,576576,2,523
576051,576574,576576,2,523
576051,576574,576576,2,523
576040,576556,576576,20,516
576040,576521,576577,56,481
576040,576559,576577,18,519
576051,576576,576577,1,525
576051,576576,576578,2,525
576051,576575,576577,2,524
576051,576576,576578,2,525
576051,576576,576578,2,525
576051,576574,576578,4,523
576040,576523,576579,56,483
576051,576576,576579,3,525
576040,576539,576578,39,499
576040,576555,576579,24,515
576051,576577,576579,2,526
576051,576578,576580,2,527
576051,576578,576580,2,527
576040,576525,576581,56,485
576040,576526,576581,55,486
576051,576577,576580,3,526
576051,576578,576580,2,527
576051,576578,576580,2,527
576040,576559,576580,21,519
576051,576578,576580,2,527
576040,576553,576582,29,513
576051,576580,576582,2,529
576051,576580,576582,2,529
576051,576580,576582,2,529
576040,576529,576582,53,489
576040,576528,576581,53,488
576051,576580,576582,2,529
576051,576580,576583,3,529
576051,576580,576583,3,529
576051,576580,576582,2,529
576051,576580,576582,2,529
576051,576581,576585,4,530
576040,576535,576587,52,495
576040,576539,576589,50,499
576051,576561,576589,28,510
576051,576560,576590,30,509
576040,576540,576590,50,500
576051,576562,576599,37,511
576051,576581,576600,19,530
576051,576562,576600,38,511
576051,576569,576600,31,518
576051,576564,576600,36,513
576051,576563,576600,37,512
576051,576567,576607,40,516
576051,576567,576608,41,516
576051,576581,576609,28,530
576051,576570,576610,40,519
576051,576571,576610,39,520
576051,576581,576613,32,530
576051,576574,576613,39,523
576051,576581,576615,34,530
576051,576590,576616,26,539
576051,576582,576618,36,531
576051,576581,576618,37,530
576051,576582,576619,37,531
576051,576582,576620,38,531
576051,576600,576620,20,549
576051,576582,576621,39,531
576051,576589,576621,32,538
576051,576600,576620,20,549
576051,576583,576623,40,532
576051,576583,576624,41,532
576051,576616,576626,10,565
576051,576610,576627,17,559
576051,576582,576628,46,531
576051,576582,576628,46,531
576051,576609,576628,19,558
576051,576582,576629,47,531
576051,576585,576629,44,534
576051,576583,576630,47,532
576055,576628,576630,2,573
576051,576618,576630,12,567
576055,576629,576631,2,574
576055,576629,576632,3,574
576051,576583,576632,49,532
576051,576583,576631,48,532
576051,576619,576633,14,568
576051,576620,576633,13,569
576051,576590,576635,45,539
576055,576633,576635,2,578
576055,576633,576635,2,578
576055,576630,576635,5,575
576051,576587,576636,49,536
576051,576618,576636,18,567
576051,576615,576637,22,564
576051,576610,576636,26,559
576055,576635,576638,3,580
576055,576635,576638,3,580
576055,576628,576638,10,573
576051,576589,576641,52,538
576055,576632,576643,11,577
576051,576599,576645,46,548
576051,576600,576647,47,549
576051,576608,576648,40,557
576051,576600,576650,50,549
576055,576621,576651,30,566
576055,576624,576654,30,569
576055,576630,576655,25,575
576051,576601,576655,54,550
576055,576635,576655,20,580
576055,576621,576655,34,566
576051,576607,576655,48,556
576055,576628,576656,28,573
576055,576628,576657,29,573
576055,576621,576658,37,566
576051,576613,576661,48,562
576055,576630,576660,30,575
576051,576613,576661,48,562
576055,576658,576662,4,603
576055,576623,576661,38,568
576055,576632,576661,29,577
576055,576626,576663,37,571
576055,576661,576664,3,606
576055,576631,576664,33,576
576055,576620,576664,44,565
576055,576661,576665,4,606
576055,576661,576665,4,606
576055,576662,576665,3,607
576055,576662,576665,3,607
576055,576632,576667,35,577
576055,576663,576667,4,608
576055,576664,576667,3,609
576055,576665,576667,2,610
576055,576665,576668,3,610
576055,576664,576668,4,609
576055,576664,576668,4,609
576055,576665,576669,4,610
576055,576662,576668,6,607
576055,576667,576669,2,612
576055,576657,576669,12,602
576055,576667,576668,1,612
576055,576667,576669,2,612
576055,576668,576670,2,613
576055,576667,576670,3,612
576055,576668,576671,3,613
576055,576667,576670,3,612
576055,576636,576670,34,581
576055,576668,576670,2,613
576055,576669,576672,3,614
576055,576669,576672,3,614
576055,576669,576672,3,614
576055,576669,576671,2,614
576055,576669,576672,3,614
576055,576669,576672,3,614
576055,576670,576673,3,615
576055,576637,576674,37,582
576055,576670,576674,4,615
576055,576638,576674,36,583
576055,576671,576675,4,616
576055,576635,576676,41,580
576121,576676,576678,2,555
576055,576637,576678,41,582
576121,576675,576679,4,554
576055,576636,576680,44,581
576055,576671,576680,9,616
576121,576678,576681,3,557
576121,576678,576681,3,557
576121,576679,576681,2,558
576055,576638,576682,44,583
576121,576680,576682,2,559
576121,576680,576683,3,559
576121,576681,576683,2,560
576055,576639,576684,45,584
576121,576681,576684,3,560
576121,576681,576683,2,560
576121,576682,576684,2,561
576055,576641,576685,44,586
576121,576683,576686,3,562
576121,576682,576685,3,561
576121,576684,576687,3,563
576121,576683,576686,3,562
576121,576684,576687,3,563
576121,576684,576686,2,563
576121,576685,576688,3,564
576121,576684,576687,3,563
576121,576686,576689,3,565
576121,576686,576689,3,565
576055,576651,576689,38,596
576121,576687,576689,2,566
576121,576687,576690,3,566
576121,576687,576690,3,566
576055,576654,576690,36,599
576055,576645,576691,46,590
576121,576687,576690,3,566
576055,576643,576692,49,588
576121,576688,576692,4,567
576055,576655,576694,39,600
576055,576649,576695,46,594
576055,576647,576695,48,592
576055,576650,576696,46,595
576055,576656,576697,41,601
576055,576655,576697,42,600
576055,576655,576696,41,600
576121,576674,576697,23,553
576055,576655,576700,45,600
576121,576671,576701,30,550
576121,576688,576706,18,567
576121,576672,576707,35,551
576121,576674,576707,33,553
576055,576656,576708,52,601
576121,576673,576711,38,552
576121,576672,576711,39,551
576121,576674,576712,38,553
576121,576674,576713,39,553
576121,576671,576714,43,550
576121,576672,576715,43,551
576121,576672,576717,45,551
576121,576689,576720,31,568
576121,576672,576720,48,551
576121,576689,576725,36,568
576121,576689,576730,41,568
576121,576691,576731,40,570
576121,576689,576732,43,568
576121,576690,576735,45,569
576121,576694,576737,43,573
576121,576691,576738,47,570
576121,576697,576739,42,576
576121,576697,576739,42,576
576121,576695,576745,50,574
576121,576697,576745,48,576
576121,576691,576746,55,570
576121,576701,576746,45,580
576121,576725,576747,22,604
576121,576696,576746,50,575
576121,576692,576748,56,571
576121,576696,576749,53,575
576121,576692,576749,57,571
576121,576731,576748,17,610
576121,576690,576749,59,569
576121,576707,576751,44,586
576121,576697,576753,56,576
576121,576700,576753,53,579
576121,576730,576753,23,609
576122,576751,576754,3,629
576121,576711,576754,43,590
576122,576753,576755,2,631
576122,576753,576755,2,631
576122,576753,576755,2,631
576121,576713,576755,42,592
576122,576754,576756,2,632
576121,576712,576756,44,591
576122,576754,576756,2,632
576121,576711,576757,46,590
576121,576732,576757,25,611
576121,576737,576756,19,616
576121,576735,576757,22,614
576122,576756,576758,2,634
576122,576756,576758,2,634
576122,576755,576758,3,633
576122,576755,576758,3,633
576122,576755,576758,3,633
576122,576755,576757,2,633
576122,576756,576758,2,634
576122,576757,576758,1,635
576122,576757,576759,2,635
576122,576758,576760,2,636
576122,576757,576760,3,635
576122,576758,576759,1,636
576121,576706,576760,54,585
576122,576758,576760,2,636
576121,576708,576760,52,587
576122,576758,576760,2,636
576122,576758,576761,3,636
576122,576758,576761,3,636
576122,576759,576761,2,637
576122,576757,576760,3,635
576122,576759,576762,3,637
576121,576738,576764,26,617
576121,576720,576763,43,599
576121,576720,576766,46,599
576121,576714,576766,52,593
576122,576739,576767,28,617
576121,576707,576769,62,586
576122,576760,576769,9,638
576122,576750,576769,19,628
576121,576716,576770,54,595
576122,576749,576772,23,627
576121,576717,576774,57,596
576122,576745,576779,34,623
576122,576772,576779,7,650
576122,576774,576780,6,652
576122,576745,576781,36,623
576122,576746,576781,35,624
576122,576770,576781,11,648
576122,576746,576781,35,624
576122,576760,576783,23,638
576122,576740,576784,44,618
576122,576779,576784,5,657
576122,576779,576784,5,657
576122,576749,576785,36,627
576122,576760,576786,26,638
576122,576784,576787,3,662
576122,576780,576788,8,658
576122,576784,576788,4,662
576122,576785,576788,3,663
576122,576784,576787,3,662
576122,576748,576788,40,626
576122,576786,576789,3,664
576122,576769,576791,22,647
576122,576783,576791,8,661
576122,576747,576791,44,625
576122,576761,576793,32,639
576122,576749,576793,44,627
576122,576747,576794,47,625
576122,576760,576794,34,638
576122,576761,576795,34,639
576122,576760,576794,34,638
576122,576787,576797,10,665
576122,576760,576796,36,638
576279,576797,576799,2,518
576279,576797,576800,3,518
576122,576760,576800,40,638
576279,576799,576802,3,520
576279,576800,576802,2,521
576122,576781,576802,21,659
576279,576800,576803,3,521
576122,576760,576803,43,638
576279,576802,576804,2,523
576279,576802,576804,2,523
576279,576802,576804,2,523
576279,576803,576805,2,524
576279,576804,576806,2,525
576279,576803,576806,3,524
576122,576789,576806,17,667
576122,576788,576807,19,666
576122,576762,576807,45,640
576279,576804,576807,3,525
576279,576806,576808,2,527
576279,576805,576808,3,526
576279,576806,576807,1,527
576279,576806,576809,3,527
576279,576807,576809,2,528
576122,576769,576809,40,647
576122,576782,576808,26,660
576279,576805,576808,3,526
576122,576761,576809,48,639
576279,576807,576808,1,528
576122,576788,576810,22,666
576279,576808,576810,2,529
576279,576807,576810,3,528
576279,576795,576810,15,516
576279,576808,576810,2,529
576122,576761,576810,49,639
576122,576765,576810,45,643
576279,576809,576811,2,530
576279,576809,576812,3,530
576279,576808,576811,3,529
576279,576809,576811,2,530
576122,576767,576814,47,645
576279,576790,576816,26,511
576122,576765,576817,52,643
576279,576791,576817,26,512
576122,576766,576818,52,644
576122,576769,576819,50,647
576279,576795,576821,26,516
576279,576809,576822,13,530
576122,576766,576824,58,644
576279,576793,576827,34,514
576122,576781,576827,46,659
576279,576789,576828,39,510
576279,576793,576829,36,514
576122,576781,576829,48,659
576122,576788,576830,42,666
576279,576794,576829,35,515
576279,576794,576831,37,515
576279,576791,576834,43,512
576279,576791,576835,44,512
576279,576830,576841,11,551
576279,576831,576841,10,552
576279,576831,576844,13,552
576279,576834,576845,11,555
576279,576810,576846,36,531
576279,576835,576847,12,556
576279,576810,576847,37,531
576279,576810,576848,38,531
576279,576809,576848,39,530
576279,576810,576849,39,531
576279,576811,576849,38,532
576279,576830,576849,19,551
576279,576812,576849,37,533
576279,576814,576849,35,535
576279,576848,576850,2,569
576279,576847,576850,3,568
576279,576811,576851,40,532
576279,576846,576852,6,567
576279,576847,576852,5,568
576279,576841,576852,11,562
576279,576817,576851,34,538
576279,576848,576853,5,569
576279,576844,576853,9,565
576279,576809,576853,44,530
576279,576816,576854,38,537
576279,576812,576855,43,533
576279,576845,576855,10,566
576279,576810,576855,45,531
576384,576854,576856,2,470
576279,576811,576856,45,532
576384,576853,576856,3,469
576384,576853,576856,3,469
576279,576810,576855,45,531
576279,576841,576856,15,562
576384,576855,576858,3,471
576384,576856,576857,1,472
576384,576855,576857,2,471
576384,576856,576858,2,472
576384,576855,576859,4,471
576279,576812,576858,46,533
576279,576817,576859,42,538
576384,576856,576858,2,472
576384,576856,576858,2,472
576384,576857,576859,2,473
576279,576822,576860,38,543
576384,576856,576859,3,472
576279,576818,576860,42,539
576384,576858,576861,3,474
576384,576858,576861,3,474
576384,576858,576861,3,474
576384,576858,576860,2,474
576384,576859,576861,2,475
576384,576859,576862,3,475
576384,576860,576862,2,476
576384,576859,576862,3,475
576384,576859,576861,2,475
576384,576859,576862,3,475
576384,576859,576862,3,475
576384,576860,576864,4,476
576384,576860,576863,3,476
576384,576853,576865,12,469
576279,576827,576865,38,548
576279,576829,576865,36,550
576279,576819,576866,47,540
576279,576821,576867,46,542
576384,576861,576868,7,477
576279,576824,576870,46,545
576279,576828,576872,44,549
576279,576827,576873,46,548
576384,576849,576876,27,465
576384,576852,576877,25,468
576384,576876,576880,4,492
576384,576877,576880,3,493
576384,576850,576882,32,466
576384,576880,576883,3,496
576384,576850,576882,32,466
576384,576881,576884,3,497
576384,576882,576885,3,498
576384,576851,576885,34,467
576384,576873,576886,13,489
576384,576850,576886,36,466
576384,576852,576887,35,468
576384,576849,576887,38,465
576384,576883,576886,3,499
576384,576849,576888,39,465
576384,576886,576889,3,502
576384,576886,576889,3,502
576384,576850,576888,38,466
576384,576883,576888,5,499
576384,576887,576889,2,503
576384,576885,576889,4,501
576384,576887,576890,3,503
576384,576886,576890,4,502
576384,576852,576890,38,468
576384,576885,576889,4,501
576384,576852,576891,39,468
576384,576888,576891,3,504
576384,576887,576891,4,503
576384,576889,576891,2,505
576384,576889,576891,2,505
576384,576861,576892,31,477
576384,576889,576892,3,505
576384,576861,576895,34,477
576384,576889,576895,6,505
576384,576861,576896,35,477
576446,576895,576897,2,449
576446,576895,576897,2,449
576446,576896,576899,3,450
576384,576862,576898,36,478
576446,576897,576898,1,451
576446,576897,576898,1,451
576446,576893,576901,8,447
576446,576899,576901,2,453
576446,576899,576901,2,453
576446,576899,576901,2,453
576446,576899,576901,2,453
576446,576901,576903,2,455
576446,576901,576902,1,455
576446,576901,576904,3,455
576446,576903,576905,2,457
576446,576902,576904,2,456
576446,576902,576904,2,456
576446,576904,576905,1,458
576446,576904,576907,3,458
576446,576905,576907,2,459
576446,576905,576907,2,459
576446,576905,576906,1,459
576384,576861,576908,47,477
576446,576905,576907,2,459
576384,576872,576909,37,488
576446,576907,576909,2,461
576446,576907,576910,3,461
576446,576907,576910,3,461
576446,576907,576910,3,461
576384,576862,576911,49,478
576384,576862,576911,49,478
576384,576865,576912,47,481
576384,576863,576912,49,479
576384,576863,576912,49,479
576384,576866,576912,46,482
576384,576863,576915,52,479
576384,576864,576916,52,480
576384,576864,576915,51,480
576384,576868,576918,50,484
576446,576908,576919,11,462
576384,576865,576919,54,481
576384,576870,576921,51,486
576384,576867,576924,57,483
576384,576865,576924,59,481
576446,576889,576924,35,443
576446,576892,576925,33,446
576446,576891,576925,34,445
576446,576893,576925,32,447
576446,576890,576927,37,444
576446,576891,576927,36,445
576446,576890,576927,37,444
576446,576924,576928,4,478
576446,576925,576928,3,479
576446,576890,576929,39,444
576446,576925,576929,4,479
576446,576925,576930,5,479
576446,576890,576930,40,444
576446,576909,576931,22,463
576446,576927,576931,4,481
576446,576929,576932,3,483
576446,576927,576932,5,481
576446,576891,576931,40,445
576446,576927,576932,5,481
576446,576930,576933,3,484
576446,576930,576933,3,484
576446,576924,576933,9,478
576446,576931,576934,3,485
576446,576890,576934,44,444
576446,576928,576934,6,482
576446,576932,576934,2,486
576446,576932,576934,2,486
576446,576929,576934,5,483
576446,576932,576936,4,486
576446,576932,576936,4,486
576446,576891,576936,45,445
576446,576928,576936,8,482
576446,576932,576939,7,486
576446,576936,576942,6,490
576446,576936,576944,8,490
576446,576942,576944,2,496
576446,576944,576946,2,498
576446,576944,576946,2,498
576446,576946,576947,1,500
576446,576946,576948,2,500
576446,576948,576950,2,502
576446,576939,576950,11,493
576446,576933,576951,18,487
576446,576948,576951,3,502
576446,576909,576951,42,463
576446,576950,576952,2,504
576446,576909,576952,43,463
576446,576950,576952,2,504
576446,576951,576953,2,505
576446,576911,576952,41,465
576446,576936,576952,16,490
576446,576951,576954,3,505
576446,576951,576954,3,505
576446,576910,576954,44,464
576446,576911,576953,42,465
576446,576952,576953,1,506
576446,576924,576955,31,478
576446,576953,576955,2,507
576446,576952,576955,3,506
576446,576911,576954,43,465
576446,576953,576954,1,507
576446,576952,576954,2,506
576446,576954,576956,2,508
576446,576953,576956,3,507
576446,576954,576956,2,508
576446,576912,576957,45,466
576446,576954,576957,3,508
576446,576954,576957,3,508
576446,576936,576957,21,490
576446,576954,576957,3,508
576446,576955,576959,4,509
576446,576955,576959,4,509
576446,576934,576961,27,488
576446,576912,576961,49,466
576446,576937,576962,25,491
576446,576935,576962,27,489
576446,576911,576963,52,465
576446,576936,576964,28,490
576446,576955,576966,11,509
576446,576934,576967,33,488
576446,576913,576968,55,467
576446,576912,576968,56,466
576446,576955,576970,15,509
576446,576918,576970,52,472
576446,576968,576972,4,522
576446,576956,576972,16,510
576446,576955,576973,18,509
576446,576934,576973,39,488
576446,576969,576972,3,523
576446,576970,576974,4,524
576446,576970,576974,4,524
576446,576916,576975,59,470
576446,576933,576974,41,487
576446,576920,576975,55,474
576446,576972,576975,3,526
576446,576972,576974,2,526
576446,576973,576975,2,527
576446,576973,576975,2,527
576446,576921,576976,55,475
576446,576915,576976,61,469
576446,576974,576977,3,528
576446,576967,576977,10,521
576446,576975,576977,2,529
576446,576975,576977,2,529
576446,576975,576977,2,529
576446,576975,576977,2,529
576446,576975,576978,3,529
576446,576973,576978,5,527
576446,576975,576978,3,529
576446,576975,576977,2,529
576446,576974,576977,3,528
576446,576933,576979,46,487
576446,576976,576979,3,530
576446,576919,576980,61,473
576446,576916,576979,63,470
576446,576956,576980,24,510
576446,576976,576979,3,530
576446,576955,576979,24,509
576446,576959,576981,22,513
576446,576961,576982,21,515
576505,576980,576983,3,475
576505,576980,576983,3,475
576505,576980,576983,3,475
576505,576981,576982,1,476
576505,576982,576984,2,477
576505,576980,576983,3,475
576505,576980,576983,3,475
576446,576956,576984,28,510
576505,576983,576985,2,478
576505,576984,576986,2,479
576505,576984,576986,2,479
576505,576983,576986,3,478
576505,576983,576985,2,478
576505,576986,576988,2,481
576446,576958,576987,29,512
576505,576986,576988,2,481
576505,576984,576987,3,479
576505,576984,576987,3,479
576505,576985,576988,3,480
576505,576979,576989,10,474
576505,576985,576988,3,480
576446,576957,576988,31,511
576446,576966,576989,23,520
576505,576988,576989,1,483
576505,576988,576990,2,483
576505,576988,576990,2,483
576446,576957,576990,33,511
576446,576957,576989,32,511
576505,576987,576989,2,482
576446,576957,576990,33,511
576505,576987,576990,3,482
576505,576988,576991,3,483
576505,576988,576991,3,483
576505,576988,576994,6,483
576446,576959,577003,44,513
576446,576963,577004,41,517
576446,576962,577005,43,516
576505,576977,577005,28,472
576505,576979,577007,28,474
576505,576989,577010,21,484
576505,576978,577011,33,473
576505,576978,577012,34,473
576505,576977,577014,37,472
576505,577012,577014,2,507
576446,576961,577014,53,515
576505,576978,577014,36,473
576505,577011,577016,5,506
576505,576977,577016,39,472
576505,577014,577017,3,509
576505,576978,577017,39,473
576505,577014,577018,4,509
576505,576977,577018,41,472
576505,576977,577020,43,472
576505,577016,577020,4,511
576505,577015,577019,4,510
576505,577015,577019,4,510
576505,577016,577021,5,511
576505,577017,577020,3,512
576446,576964,577021,57,518
576505,577018,577021,3,513
576505,577010,577021,11,505
576505,577018,577021,3,513
576505,576978,577021,43,473
576505,576978,577021,43,473
576505,577017,577021,4,512
576505,577020,577022,2,515
576446,576964,577022,58,518
576505,577020,577023,3,515
576505,577021,577023,2,516
576505,577020,577023,3,515
576505,577020,577023,3,515
576505,577021,577024,3,516
576505,577021,577024,3,516
576505,576989,577026,37,484
576505,577021,577026,5,516
576505,576990,577027,37,485
576505,576990,577027,37,485
576505,576989,577028,39,484
576505,576990,577028,38,485
576505,576989,577028,39,484
576505,576990,577029,39,485
576505,576991,577033,42,486
576505,576990,577040,50,485
576505,576990,577040,50,485
576505,577007,577040,33,502
576505,576991,577043,52,486
576505,576991,577044,53,486
576505,576991,577044,53,486
576505,577007,577046,39,502
576505,577004,577050,46,499
576505,577005,577051,46,500
576505,576994,577053,59,489
576505,577003,577059,56,498
575947,576101,577517,1416,154
577518,577518,577520,2,0
577518,577518,577520,2,0
577518,577518,577520,2,0
577518,577518,577520,2,0
577518,577518,577521,3,0
577518,577518,577520,2,0
577518,577518,577520,2,0
577518,577518,577521,3,0
577518,577518,577521,3,0
577518,577518,577521,3,0
577518,577518,577521,3,0
577518,577518,577522,4,0
577518,577518,577521,3,0
577518,577518,577521,3,0
577518,577518,577522,4,0
577518,577518,577521,3,0
577518,577518,577521,3,0
577518,577520,577522,2,2
577518,577520,577522,2,2
577518,577518,577521,3,0
577518,577518,577522,4,0
577518,577518,577521,3,0
577518,577518,577521,3,0
577518,577518,577521,3,0
577518,577518,577521,3,0
577518,577518,577521,3,0
577518,577520,577521,1,2
577518,577518,577522,4,0
577518,577518,577522,4,0
577518,577518,577524,6,0
577518,577521,577524,3,3
577518,577524,577526,2,6
577518,577523,577527,4,5
577518,577524,577528,4,6
577518,577523,577527,4,5
577518,577526,577529,3,8
577518,577522,577529,7,4
577518,577529,577531,2,11
577518,577529,577531,2,11
577518,577527,577532,5,9
577518,577531,577533,2,13
577518,577531,577533,2,13
577518,577528,577534,6,10
577518,577521,577533,12,3
577518,577528,577533,5,10
577518,577533,577535,2,15
577518,577533,577535,2,15
577518,577532,577536,4,14
577518,577534,577537,3,16
577518,577534,577537,3,16
577518,577534,577538,4,16
577518,577535,577538,3,17
577518,577522,577540,18,4
577518,577518,577543,25,0
577518,577518,577543,25,0
577518,577518,577546,28,0
577518,577518,577548,30,0
577518,577518,577552,34,0
577518,577518,577553,35,0
577518,577521,577553,32,3
577518,577518,577555,37,0
577518,577521,577555,34,3
577518,577522,577561,39,4
577518,577521,577562,41,3
577518,577522,577562,40,4
577518,577521,577563,42,3
577518,577522,577564,42,4
577518,577522,577564,42,4
577518,577521,577566,45,3
577518,577522,577567,45,4
577518,577522,577568,46,4
577518,577522,577569,47,4
577518,577522,577569,47,4
577518,577521,577570,49,3
577518,577522,577572,50,4
577518,577522,577573,51,4
577518,577522,577574,52,4
575979,576222,577575,1353,243
577518,577522,577576,54,4
577518,577522,577578,56,4
577577,577577,577579,2,0
577577,577577,577579,2,0
577577,577577,577579,2,0
577577,577577,577578,1,0
577577,577577,577578,1,0
577577,577577,577578,1,0
577577,577577,577578,1,0
577577,577577,577578,1,0
577577,577577,577579,2,0
577577,577577,577580,3,0
577577,577577,577580,3,0
577577,577577,577580,3,0
577577,577577,577580,3,0
577577,577577,577580,3,0
577577,577577,577580,3,0
577577,577577,577580,3,0
577577,577577,577580,3,0
577577,577577,577580,3,0
577577,577577,577580,3,0
577577,577577,577580,3,0
577518,577522,577580,58,4
577577,577579,577581,2,2
577577,577577,577580,3,0
577577,577577,577580,3,0
577577,577577,577580,3,0
577577,577579,577581,2,2
577577,577577,577580,3,0
577577,577577,577580,3,0
577577,577578,577580,2,1
577577,577579,577582,3,2
577577,577579,577582,3,2
577577,577579,577583,4,2
577577,577582,577587,5,5
577577,577583,577588,5,6
577577,577582,577589,7,5
577577,577582,577588,6,5
577577,577582,577591,9,5
577577,577588,577592,4,11
577577,577582,577593,11,5
577577,577587,577593,6,10
577577,577589,577593,4,12
577577,577589,577593,4,12
577577,577591,577594,3,14
577577,577592,577594,2,15
577577,577593,577596,3,16
577577,577593,577596,3,16
577577,577593,577596,3,16
577577,577594,577596,2,17
577577,577594,577597,3,17
577577,577594,577596,2,17
577577,577581,577597,16,4
577577,577579,577597,18,2
577577,577596,577598,2,19
577577,577580,577599,19,3
577577,577596,577600,4,19
577577,577577,577604,27,0
577577,577577,577604,27,0
577577,577580,577605,25,3
577577,577577,577606,29,0
577577,577581,577607,26,4
577577,577579,577608,29,2
577577,577577,577608,31,0
577577,577577,577609,32,0
577577,577577,577610,33,0
577577,577577,577610,33,0
577577,577581,577612,31,4
577577,577577,577611,34,0
577577,577580,577617,37,3
577577,577581,577622,41,4
577577,577581,577623,42,4
577577,577580,577623,43,3
577577,577580,577625,45,3
577577,577580,577625,45,3
577577,577581,577626,45,4
577577,577581,577627,46,4
577577,577580,577629,49,3
577577,577581,577629,48,4
577577,577581,577629,48,4
577577,577581,577633,52,4
577577,577581,577635,54,4
577577,577581,577635,54,4
576034,576440,577711,1271,406
577726,577726,577728,2,0
577726,577726,577728,2,0
577726,577726,577728,2,0
577726,577726,577728,2,0
577726,577726,577729,3,0
577726,577726,577729,3,0
577726,577726,577729,3,0
577726,577726,577728,2,0
577726,577726,577729,3,0
577726,577726,577729,3,0
577726,577726,577728,2,0
577726,577726,577729,3,0
577726,577726,577729,3,0
577726,577726,577729,3,0
577726,577726,577729,3,0
577726,577726,577730,4,0
577726,577726,577730,4,0
577726,577726,577730,4,0
577726,577726,577730,4,0
577726,577728,577730,2,2
577726,577728,577730,2,2
577726,577726,577729,3,0
577726,577726,577729,3,0
577726,577726,577729,3,0
577726,577726,577730,4,0
577726,577726,577730,4,0
577726,577726,577730,4,0
577726,577726,577730,4,0
577726,577726,577730,4,0
577726,577726,577730,4,0
577726,577728,577732,4,2
577726,577731,577734,3,5
577726,577731,577736,5,5
577726,577731,577736,5,5
577726,577726,577739,13,0
577726,577731,577739,8,5
577726,577732,577740,8,6
577726,577731,577740,9,5
577726,577740,577742,2,14
577726,577728,577743,15,2
577726,577739,577743,4,13
577726,577740,577743,3,14
577726,577742,577744,2,16
577726,577726,577743,17,0
577726,577743,577745,2,17
577726,577743,577746,3,17
577726,577743,577746,3,17
577726,577739,577746,7,13
577726,577744,577746,2,18
577726,577744,577747,3,18
577726,577734,577746,12,8
577726,577736,577747,11,10
577726,577736,577748,12,10
577726,577726,577751,25,0
577726,577726,577754,28,0
577726,577726,577757,31,0
577726,577726,577757,31,0
577726,577729,577758,29,3
577726,577731,577758,27,5
577726,577726,577758,32,0
577726,577726,577762,36,0
577726,577729,577766,37,3
577726,577730,577767,37,4
577726,577729,577769,40,3
577726,577729,577769,40,3
577726,577729,577773,44,3
577726,577729,577774,45,3
577726,577730,577774,44,4
577726,577729,577775,46,3
577726,577729,577775,46,3
577726,577730,577776,46,4
577726,577729,577776,47,3
577726,577730,577777,47,4
577726,577730,577777,47,4
577726,577730,577779,49,4
577726,577730,577780,50,4
577726,577731,577781,50,5
577726,577730,577781,51,4
577726,577731,577781,50,5
577726,577731,577786,55,5
575889,575954,577803,1849,65
576032,576386,577810,1424,354
577879,577879,577881,2,0
577879,577879,577881,2,0
577879,577879,577881,2,0
577879,577879,577881,2,0
577879,577879,577882,3,0
577879,577879,577882,3,0
577879,577879,577882,3,0
577879,577879,577882,3,0
577879,577879,577882,3,0
577879,577879,577882,3,0
577879,577879,577882,3,0
577879,577879,577882,3,0
577879,577879,577883,4,0
577879,577879,577882,3,0
577879,577879,577882,3,0
577879,577879,577883,4,0
577879,577879,577882,3,0
577879,577879,577882,3,0
577879,577879,577882,3,0
577879,577879,577882,3,0
577879,577879,577882,3,0
577879,577879,577882,3,0
577879,577879,577882,3,0
577879,577879,577882,3,0
577879,577879,577882,3,0
577879,577879,577884,5,0
577879,577879,577885,6,0
577879,577879,577887,8,0
577879,577884,577887,3,5
577879,577884,577887,3,5
577879,577885,577887,2,6
577879,577884,577887,3,5
577879,577883,577888,5,4
577879,577879,577888,9,0
577879,577879,577889,10,0
577879,577887,577889,2,8
577879,577887,577890,3,8
577879,577887,577890,3,8
577879,577889,577891,2,10
577879,577889,577891,2,10
577879,577888,577891,3,9
577879,577888,577891,3,9
577879,577887,577890,3,8
577879,577888,577892,4,9
577879,577891,577893,2,12
577879,577891,577893,2,12
577879,577890,577893,3,11
577879,577891,577894,3,12
577879,577890,577893,3,11
577879,577891,577894,3,12
577879,577879,577893,14,0
577879,577894,577896,2,15
577879,577879,577897,18,0
577879,577896,577898,2,17
577879,577897,577898,1,18
577879,577881,577899,18,2
577879,577898,577900,2,19
577879,577881,577900,19,2
577879,577899,577901,2,20
577879,577900,577902,2,21
577879,577900,577901,1,21
577879,577900,577901,1,21
577879,577881,577902,21,2
577879,577902,577904,2,23
577879,577883,577904,21,4
577879,577902,577903,1,23
577879,577902,577903,1,23
577879,577902,577904,2,23
577879,577879,577904,25,0
577879,577902,577904,2,23
577879,577904,577906,2,25
577879,577904,577906,2,25
577879,577904,577906,2,25
577879,577904,577907,3,25
577879,577904,577906,2,25
577879,577905,577907,2,26
577879,577905,577907,2,26
577879,577906,577908,2,27
577879,577906,577908,2,27
577879,577906,577908,2,27
577879,577907,577909,2,28
577879,577879,577908,29,0
577879,577908,577909,1,29
577879,577908,577910,2,29
577879,577908,577909,1,29
577879,577907,577909,2,28
577879,577908,577910,2,29
577879,577908,577910,2,29
577879,577879,577910,31,0
577879,577879,577913,34,0
577879,577894,577913,19,15
577879,577879,577913,34,0
577879,577909,577914,5,30
577879,577879,577914,35,0
577879,577881,577917,36,2
577879,577883,577918,35,4
577879,577892,577921,29,13
577879,577882,577923,41,3
577879,577892,577923,31,13
577879,577883,577923,40,4
577879,577882,577923,41,3
577879,577894,577926,32,15
577879,577893,577927,34,14
577879,577882,577927,45,3
577879,577882,577928,46,3
577879,577893,577928,35,14
577879,577910,577928,18,31
577879,577883,577928,45,4
577879,577882,577928,46,3
577879,577882,577929,47,3
577879,577893,577928,35,14
577879,577883,577930,47,4
577879,577930,577932,2,51
577879,577894,577932,38,15
577879,577928,577933,5,49
577879,577928,577933,5,49
577879,577928,577934,6,49
577879,577883,577934,51,4
577879,577932,577934,2,53
577879,577927,577935,8,48
577879,577928,577935,7,49
577879,577883,577935,52,4
577879,577883,577935,52,4
577879,577932,577935,3,53
577879,577934,577936,2,55
577879,577933,577936,3,54
577879,577934,577936,2,55
577879,577934,577936,2,55
577879,577934,577937,3,55
577879,577935,577937,2,56
577879,577928,577937,9,49
577879,577935,577937,2,56
577879,577883,577937,54,4
577879,577883,577938,55,4
577879,577929,577938,9,50
577879,577928,577938,10,49
577879,577910,577937,27,31
577879,577935,577939,4,56
577879,577883,577939,56,4
577879,577929,577939,10,50
577879,577926,577940,14,47
577879,577910,577941,31,31
577879,577883,577942,59,4
577879,577910,577944,34,31
577879,577913,577945,32,34
577879,577910,577947,37,31
577879,577911,577947,36,32
577879,577910,577949,39,31
577879,577913,577950,37,34
577879,577917,577955,38,38
577879,577913,577955,42,34
577879,577915,577957,42,36
577879,577910,577958,48,31
577879,577914,577961,47,35
577879,577921,577962,41,42
577879,577923,577963,40,44
577879,577923,577969,46,44
577879,577919,577970,51,40
577879,577923,577972,49,44
577879,577923,577972,49,44
575945,576038,578001,1963,93
578010,578010,578012,2,0
578010,578010,578012,2,0
578010,578010,578012,2,0
578010,578010,578013,3,0
578010,578011,578012,1,1
578010,578010,578012,2,0
578010,578010,578012,2,0
578010,578010,578012,2,0
578010,578010,578012,2,0
578010,578010,578013,3,0
578010,578010,578014,4,0
578010,578010,578013,3,0
578010,578010,578013,3,0
578010,578010,578014,4,0
578010,578010,578014,4,0
578010,578010,578014,4,0
578010,578010,578013,3,0
578010,578010,578014,4,0
578010,578010,578013,3,0
578010,578010,578014,4,0
578010,578010,578014,4,0
578010,578010,578015,5,0
578010,578010,578014,4,0
578010,578011,578014,3,1
578010,578010,578014,4,0
578010,578010,578014,4,0
578010,578010,578014,4,0
578010,578010,578014,4,0
578010,578010,578014,4,0
578010,578010,578014,4,0
578010,578011,578018,7,1
578010,578015,578018,3,5
578010,578015,578018,3,5
578010,578015,578019,4,5
578010,578015,578019,4,5
578010,578015,578018,3,5
578010,578015,578020,5,5
578010,578018,578020,2,8
578010,578015,578020,5,5
578010,578015,578020,5,5
578010,578019,578021,2,9
578010,578018,578021,3,8
578010,578018,578021,3,8
578010,578020,578022,2,10
578010,578020,578022,2,10
578010,578019,578022,3,9
578010,578020,578023,3,10
578010,578020,578023,3,10
578010,578021,578024,3,11
578010,578021,578024,3,11
578010,578010,578026,16,0
578010,578015,578026,11,5
578010,578011,578029,18,1
578010,578010,578032,22,0
578010,578015,578033,18,5
578010,578011,578033,22,1
578010,578010,578034,24,0
578010,578010,578034,24,0
578010,578010,578038,28,0
578010,578010,578039,29,0
578010,578012,578041,29,2
578010,578012,578046,34,2
578010,578012,578047,35,2
578010,578013,578048,35,3
578010,578013,578048,35,3
578010,578013,578051,38,3
578010,578013,578051,38,3
578010,578013,578053,40,3
578010,578013,578057,44,3
575977,576152,578058,1906,175
578010,578013,578060,47,3
578010,578014,578060,46,4
578010,578014,578060,46,4
578010,578015,578061,46,5
578010,578014,578063,49,4
578010,578014,578065,51,4
578010,578014,578065,51,4
578010,578014,578066,52,4
578010,578014,578066,52,4
578010,578014,578067,53,4
578010,578014,578073,59,4
578090,578090,578092,2,0
578090,578090,578091,1,0
578090,578090,578092,2,0
578090,578090,578092,2,0
578090,578090,578091,1,0
578090,578090,578091,1,0
578090,578090,578092,2,0
578090,578090,578093,3,0
578090,578090,578093,3,0
578090,578090,578093,3,0
578090,578090,578093,3,0
578090,578090,578093,3,0
578090,578090,578093,3,0
578090,578090,578093,3,0
578090,578090,578093,3,0
578090,578090,578094,4,0
578090,578090,578093,3,0
578090,578090,578093,3,0
578090,578090,578094,4,0
578090,578090,578093,3,0
578090,578090,578093,3,0
578090,578090,578093,3,0
578090,578090,578093,3,0
578090,578090,578093,3,0
578090,578090,578093,3,0
578090,578090,578093,3,0
578090,578090,578093,3,0
578090,578090,578093,3,0
578090,578090,578093,3,0
578090,578090,578093,3,0
578090,578090,578096,6,0
578090,578093,578096,3,3
578090,578094,578097,3,4
578090,578094,578098,4,4
578090,578094,578098,4,4
578090,578096,578098,2,6
578090,578096,578098,2,6
578090,578094,578098,4,4
578090,578094,578098,4,4
578090,578094,578099,5,4
578090,578094,578099,5,4
578090,578097,578099,2,7
578090,578094,578099,5,4
578090,578094,578100,6,4
578090,578098,578101,3,8
578090,578098,578101,3,8
578090,578098,578101,3,8
578090,578098,578101,3,8
578090,578098,578100,2,8
578090,578094,578102,8,4
578090,578099,578102,3,9
578090,578099,578101,2,9
578090,578094,578105,11,4
578090,578090,578108,18,0
578090,578094,578115,21,4
578090,578092,578115,23,2
578090,578090,578118,28,0
578090,578090,578120,30,0
578090,578090,578120,30,0
578090,578090,578120,30,0
578090,578090,578121,31,0
578090,578090,578123,33,0
578090,578090,578125,35,0
578090,578090,578126,36,0
578090,578092,578126,34,2
578090,578092,578128,36,2
578090,578092,578129,37,2
578090,578094,578129,35,4
578090,578092,578129,37,2
578090,578092,578130,38,2
578090,578094,578130,36,4
578090,578092,578131,39,2
578090,578093,578138,45,3
578090,578094,578140,46,4
578090,578094,578142,48,4
578090,578093,578143,50,3
578090,578093,578143,50,3
578090,578093,578143,50,3
578090,578094,578144,50,4
578090,578093,578144,51,3
588073,588073,588313,240,0
589826,589826,589959,133,0
590934,590934,591079,145,0
592763,592763,595209,2446,0
595210,595210,595221,11,0
595210,595210,595221,11,0
595210,595210,595222,12,0
595210,595210,595222,12,0
595210,595210,595224,14,0
595210,595210,595224,14,0
595210,595210,595224,14,0
595210,595210,595225,15,0
595210,595210,595224,14,0
595210,595210,595225,15,0
595210,595210,595226,16,0
595210,595210,595226,16,0
595210,595210,595225,15,0
595210,595210,595225,15,0
595210,595210,595225,15,0
595210,595226,595228,2,16
595210,595226,595228,2,16
595210,595226,595228,2,16
595210,595210,595229,19,0
595210,595225,595228,3,15
595210,595226,595228,2,16
595210,595226,595228,2,16
595210,595228,595230,2,18
595210,595228,595230,2,18
595210,595229,595231,2,19
595210,595229,595230,1,19
595210,595229,595231,2,19
595210,595229,595232,3,19
595210,595229,595232,3,19
595210,595231,595232,1,21
595210,595230,595232,2,20
595210,595221,595232,11,11
595210,595230,595232,2,20
595210,595232,595234,2,22
595210,595232,595234,2,22
595210,595232,595233,1,22
595210,595232,595234,2,22
595210,595225,595234,9,15
595210,595233,595234,1,23
595210,595233,595235,2,23
595210,595234,595236,2,24
595210,595233,595235,2,23
595210,595233,595235,2,23
595210,595221,595237,16,11
595210,595234,595236,2,24
595210,595224,595238,14,14
595210,595222,595239,17,12
595210,595224,595239,15,14
595210,595224,595239,15,14
595210,595225,595239,14,15
595210,595223,595240,17,13
595210,595235,595242,7,25
595210,595240,595245,5,30
595210,595242,595246,4,32
595210,595245,595248,3,35
595210,595240,595250,10,30
595210,595246,595249,3,36
595210,595235,595251,16,25
595210,595235,595252,17,25
595210,595248,595252,4,38
595210,595235,595253,18,25
595210,595251,595255,4,41
595210,595251,595255,4,41
595210,595250,595254,4,40
595210,595252,595255,3,42
595210,595253,595256,3,43
595210,595239,595256,17,29
595210,595252,595255,3,42
595210,595236,595256,20,26
595210,595237,595257,20,27
595210,595236,595257,21,26
595210,595236,595257,21,26
595210,595255,595258,3,45
595210,595255,595258,3,45
595210,595255,595258,3,45
595210,595238,595257,19,28
595210,595237,595259,22,27
595210,595236,595258,22,26
595210,595239,595260,21,29
595210,595239,595260,21,29
593777,593777,596476,2699,0
596477,596477,596479,2,0
596477,596477,596479,2,0
596477,596477,596479,2,0
596477,596477,596479,2,0
596477,596477,596479,2,0
596477,596477,596479,2,0
596477,596477,596479,2,0
596477,596477,596479,2,0
596477,596477,596479,2,0
596477,596477,596479,2,0
596477,596477,596479,2,0
596477,596477,596480,3,0
596477,596477,596480,3,0
596477,596477,596479,2,0
596477,596477,596480,3,0
596477,596477,596480,3,0
596477,596477,596480,3,0
596477,596477,596480,3,0
596477,596477,596480,3,0
596477,596477,596480,3,0
596477,596477,596480,3,0
596477,596477,596481,4,0
596477,596477,596481,4,0
596477,596477,596481,4,0
596477,596479,596481,2,2
596477,596477,596480,3,0
596477,596477,596481,4,0
596477,596477,596480,3,0
596477,596477,596481,4,0
596477,596477,596481,4,0
596477,596477,596481,4,0
596477,596477,596482,5,0
596477,596479,596485,6,2
596477,596477,596489,12,0
596477,596477,596491,14,0
596477,596477,596492,15,0
596477,596479,596492,13,2
596477,596479,596492,13,2
596477,596477,596492,15,0
596477,596477,596492,15,0
596477,596480,596493,13,3
596477,596480,596494,14,3
596477,596477,596494,17,0
596477,596477,596494,17,0
596477,596480,596493,13,3
596477,596480,596494,14,3
596477,596477,596494,17,0
596477,596480,596493,13,3
596477,596480,596495,15,3
596477,596477,596495,18,0
596477,596480,596494,14,3
596477,596480,596496,16,3
596477,596481,596496,15,4
596477,596481,596495,14,4
596477,596480,596497,17,3
596477,596481,596497,16,4
596477,596480,596497,17,3
596477,596481,596497,16,4
596477,596482,596497,15,5
596477,596482,596498,16,5
596477,596481,596498,17,4
596477,596482,596498,16,5
596477,596480,596498,18,3
596477,596480,596497,17,3
596477,596481,596497,16,4
596477,596480,596497,17,3
596477,596481,596497,16,4
596477,596486,596499,13,9
596477,596480,596498,18,3
596477,596480,596498,18,3
596477,596481,596498,17,4
596477,596482,596498,16,5
596477,596481,596498,17,4
596477,596490,596504,14,13
596477,596491,596504,13,14
596477,596492,596505,13,15
596477,596492,596505,13,15
596477,596492,596504,12,15
596477,596492,596507,15,15
596477,596492,596508,16,15
595812,595812,596594,782,0
596595,596595,596618,23,0
596595,596595,596621,26,0
596595,596595,596624,29,0
596595,596595,596625,30,0
596595,596595,596627,32,0
596595,596595,596630,35,0
596595,596595,596631,36,0
596595,596595,596631,36,0
596595,596595,596632,37,0
596595,596595,596632,37,0
596595,596595,596634,39,0
596595,596634,596636,2,39
596595,596632,596636,4,37
596595,596595,596636,41,0
596595,596595,596636,41,0
596595,596636,596638,2,41
596595,596636,596638,2,41
596595,596636,596639,3,41
596595,596595,596638,43,0
596595,596637,596639,2,42
596595,596638,596640,2,43
596595,596638,596640,2,43
596595,596639,596641,2,44
596595,596595,596640,45,0
596595,596639,596641,2,44
596595,596640,596642,2,45
596595,596640,596642,2,45
596595,596641,596643,2,46
596595,596595,596642,47,0
596595,596641,596643,2,46
596595,596640,596642,2,45
596595,596642,596644,2,47
596595,596642,596644,2,47
596595,596643,596645,2,48
596595,596642,596644,2,47
596595,596643,596645,2,48
596595,596643,596645,2,48
596595,596644,596646,2,49
596595,596643,596645,2,48
596595,596644,596646,2,49
596595,596645,596647,2,50
596595,596645,596648,3,50
596595,596646,596653,7,51
596595,596621,596654,33,26
596595,596618,596655,37,23
596595,596632,596659,27,37
596595,596631,596665,34,36
596595,596631,596667,36,36
596595,596624,596667,43,29
596595,596627,596667,40,32
596595,596625,596670,45,30
596595,596646,596672,26,51
596595,596646,596674,28,51
596595,596646,596675,29,51
596595,596630,596678,48,35
596595,596646,596683,37,51
596595,596647,596696,49,52
596595,596654,596707,53,59
596595,596648,596708,60,53
596595,596653,596713,60,58
600710,600710,600714,4,0
600714,600714,600715,1,0
600714,600714,600715,1,0
600714,600714,600715,1,0
600714,600714,600715,1,0
600714,600714,600715,1,0
600714,600714,600715,1,0
600714,600714,600715,1,0
600714,600714,600715,1,0
600714,600714,600715,1,0
600714,600714,600715,1,0
600714,600714,600715,1,0
600714,600714,600715,1,0
600714,600714,600715,1,0
600714,600714,600715,1,0
600714,600714,600715,1,0
600714,600714,600715,1,0
600714,600714,600715,1,0
600714,600714,600715,1,0
600714,600714,600715,1,0
600714,600714,600715,1,0
600714,600714,600715,1,0
600714,600714,600715,1,0
600714,600714,600715,1,0
600714,600714,600715,1,0
600714,600714,600715,1,0
600714,600714,600715,1,0
600714,600714,600715,1,0
600714,600714,600715,1,0
600714,600714,600715,1,0
600714,600714,600715,1,0
600714,600714,600715,1,0
600714,600714,600715,1,0
600714,600714,600715,1,0
600714,600714,600715,1,0
600714,600714,600715,1,0
600714,600714,600715,1,0
600714,600714,600715,1,0
600714,600714,600715,1,0
600714,600714,600715,1,0
600714,600714,600715,1,0
599654,599654,601909,2255,0
601909,601909,601921,12,0
601909,601909,601921,12,0
601909,601909,601923,14,0
601909,601909,601924,15,0
601909,601909,601925,16,0
601909,601909,601925,16,0
601909,601909,601924,15,0
601909,601909,601925,16,0
601909,601909,601926,17,0
601909,601909,601926,17,0
601909,601909,601927,18,0
601909,601909,601927,18,0
601909,601909,601926,17,0
601909,601909,601926,17,0
601909,601909,601926,17,0
601909,601909,601928,19,0
601909,601927,601929,2,18
601909,601927,601929,2,18
601909,601927,601930,3,18
601909,601926,601929,3,17
601909,601927,601929,2,18
601909,601927,601929,2,18
601909,601928,601929,1,19
601909,601929,601931,2,20
601909,601929,601930,1,20
601909,601930,601932,2,21
601909,601930,601932,2,21
601909,601930,601932,2,21
601909,601930,601932,2,21
601909,601931,601933,2,22
601909,601931,601933,2,22
601909,601930,601933,3,21
601909,601932,601934,2,23
601909,601932,601934,2,23
601909,601933,601935,2,24
601909,601933,601935,2,24
601909,601933,601935,2,24
601909,601922,601936,14,13
601909,601933,601935,2,24
601909,601934,601937,3,25
601909,601934,601936,2,25
601909,601935,601937,2,26
601909,601935,601937,2,26
601909,601921,601938,17,12
601909,601926,601938,12,17
601909,601925,601941,16,16
601909,601924,601941,17,15
601909,601923,601942,19,14
601909,601935,601941,6,26
601909,601925,601941,16,16
601909,601925,601942,17,16
601909,601925,601944,19,16
601909,601935,601952,17,26
601909,601936,601955,19,27
601909,601937,601958,21,28
601909,601936,601958,22,27
601909,601937,601959,22,28
601909,601938,601960,22,29
601909,601939,601960,21,30
601909,601938,601961,23,29
603113,603113,603120,7,0
