submit_time,start_time,end_time,run_time,wait_time
15496,15734,30304,14570,238
32149,32149,32290,141,0
32170,32171,32324,153,1
32597,32598,32773,175,1
32643,32644,32879,235,1
33065,33066,33259,193,1
33177,33178,33450,272,1
33527,33528,33712,184,1
33737,33737,33954,217,0
35859,35860,36061,201,1
35876,35877,36081,204,1
36371,36371,36623,252,0
36385,36386,36633,247,1
36939,36940,37125,185,1
36946,36947,37135,188,1
37438,37439,37662,223,1
37452,37453,37682,229,1
46860,46861,46981,120,1
47242,47243,47370,127,1
47622,47623,47754,131,1
48021,48022,48151,129,1
30314,30316,50599,20283,2
57958,57959,58026,67,1
58291,58291,58359,68,0
58627,58627,58701,74,0
58969,58969,59060,91,0
50380,50601,70896,20295,221
85795,85795,85863,68,0
70731,70898,86164,15266,167
86106,86106,86174,68,0
86434,86435,86554,119,1
86830,86831,86951,120,1
86174,86175,106471,20296,1
112777,112778,113100,322,1
112786,112786,113109,323,0
114639,114639,114644,5,0
114639,114639,114644,5,0
114640,114640,114645,5,0
114641,114641,114645,4,0
114638,114638,114645,7,0
114639,114639,114646,7,0
114641,114641,114646,5,0
114638,114638,114646,8,0
114640,114640,114648,8,0
114639,114639,114649,10,0
114642,114642,114649,7,0
114642,114642,114650,8,0
114641,114642,114650,8,1
114643,114643,114650,7,0
114644,114644,114651,7,0
114646,114646,114651,5,0
114645,114645,114651,6,0
114643,114643,114652,9,0
114645,114645,114652,7,0
114643,114643,114652,9,0
114646,114646,114652,6,0
114643,114643,114652,9,0
114642,114642,114653,11,0
114646,114646,114653,7,0
114645,114645,114652,7,0
114640,114640,114653,13,0
114646,114647,114653,6,1
114644,114644,114654,10,0
114641,114641,114654,13,0
114647,114648,114654,6,1
114645,114645,114654,9,0
114647,114647,114654,7,0
114648,114648,114655,7,0
114649,114649,114655,6,0
114646,114646,114656,10,0
114648,114648,114657,9,0
114642,114642,114656,14,0
114649,114649,114656,7,0
114644,114644,114657,13,0
114644,114645,114656,11,1
114648,114648,114657,9,0
114648,114649,114658,9,1
114647,114647,114660,13,0
114647,114647,114660,13,0
114647,114647,114660,13,0
114649,114649,114662,13,0
114648,114648,114665,17,0
114717,114717,114776,59,0
114719,114719,114785,66,0
114724,114724,114791,67,0
114722,114722,114792,70,0
114719,114719,114800,81,0
114723,114723,114802,79,0
114725,114725,114805,80,0
114721,114721,114805,84,0
114726,114726,114806,80,0
114726,114726,114808,82,0
114718,114718,114810,92,0
114718,114718,114810,92,0
114717,114717,114816,99,0
114726,114726,114817,91,0
114716,114716,114818,102,0
114717,114717,114819,102,0
114724,114724,114826,102,0
114723,114723,114828,105,0
114724,114724,114829,105,0
114727,114727,114832,105,0
114722,114722,114832,110,0
114726,114726,114833,107,0
114716,114716,114836,120,0
114724,114724,114838,114,0
114720,114720,114839,119,0
114721,114721,114853,132,0
114716,114716,114853,137,0
114723,114723,114860,137,0
114722,114722,114863,141,0
114720,114720,114874,154,0
114725,114725,114877,152,0
114719,114719,114880,161,0
114726,114726,114883,157,0
114721,114721,114889,168,0
114719,114720,114891,171,1
114719,114719,114900,181,0
114721,114721,114900,179,0
114720,114720,114931,211,0
114717,114717,114951,234,0
114720,114720,114965,245,0
114725,114725,114973,248,0
114724,114724,114983,259,0
114716,114716,114996,280,0
114722,114722,115000,278,0
114725,114725,115059,334,0
114720,114720,115123,403,0
114725,114725,115157,432,0
114221,114222,115292,1070,1
114206,114207,115293,1086,1
115296,115297,116380,1083,1
115302,115302,116383,1081,0
116389,116390,118121,1731,1
116395,116395,118126,1731,0
118124,118125,119146,1021,1
118129,118129,119151,1022,0
119157,119158,119256,98,1
119163,119163,119259,96,0
121461,121462,122431,969,1
122436,122437,122439,2,1
121462,121463,122443,980,1
122447,122448,122454,6,1
123518,123519,124142,623,1
123544,123544,124191,647,0
106126,106473,126780,20307,347
128142,128142,128144,2,0
128142,128142,128145,3,0
128143,128143,128145,2,0
128144,128144,128146,2,0
128144,128144,128147,3,0
128145,128145,128147,2,0
128146,128146,128148,2,0
128146,128146,128149,3,0
128147,128147,128150,3,0
128148,128148,128150,2,0
128148,128149,128151,2,1
128149,128149,128152,3,0
128150,128150,128153,3,0
128151,128151,128153,2,0
128151,128151,128154,3,0
128152,128152,128155,3,0
128153,128153,128155,2,0
128153,128154,128156,2,1
128154,128154,128157,3,0
128155,128155,128157,2,0
128156,128156,128158,2,0
128156,128156,128159,3,0
128157,128157,128160,3,0
128158,128158,128160,2,0
128158,128158,128161,3,0
128159,128159,128162,3,0
128160,128160,128163,3,0
128161,128161,128163,2,0
128161,128161,128164,3,0
128162,128162,128164,2,0
128163,128163,128165,2,0
128163,128163,128166,3,0
128164,128164,128167,3,0
128165,128165,128167,2,0
128165,128165,128168,3,0
128166,128166,128169,3,0
128167,128168,128170,2,1
128168,128168,128171,3,0
128169,128169,128171,2,0
128170,128170,128172,2,0
128170,128170,128173,3,0
128171,128171,128174,3,0
128172,128172,128174,2,0
128172,128172,128175,3,0
128173,128173,128176,3,0
128174,128174,128176,2,0
128174,128175,128177,2,1
128175,128175,128178,3,0
128176,128176,128178,2,0
128177,128177,128179,2,0
128177,128177,128180,3,0
128178,128178,128180,2,0
128179,128179,128181,2,0
128179,128179,128182,3,0
128180,128180,128183,3,0
128181,128181,128183,2,0
128182,128182,128184,2,0
128182,128182,128185,3,0
128183,128183,128186,3,0
128184,128184,128186,2,0
128184,128184,128187,3,0
128185,128185,128188,3,0
128186,128186,128189,3,0
128187,128187,128189,2,0
128187,128187,128190,3,0
128188,128188,128190,2,0
128189,128189,128191,2,0
128189,128189,128192,3,0
128190,128190,128193,3,0
128191,128191,128193,2,0
128192,128192,128195,3,0
128193,128193,128196,3,0
128194,128194,128196,2,0
128194,128194,128197,3,0
128191,128192,128197,5,1
128195,128195,128198,3,0
128196,128196,128198,2,0
128197,128197,128199,2,0
128197,128197,128200,3,0
128198,128198,128201,3,0
128200,128200,128202,2,0
128199,128199,128204,5,0
128201,128201,128204,3,0
128202,128202,128204,2,0
128202,128202,128205,3,0
128203,128203,128206,3,0
128205,128205,128207,2,0
128205,128205,128208,3,0
128204,128204,128208,4,0
128206,128206,128209,3,0
128207,128207,128209,2,0
128208,128208,128211,3,0
128209,128209,128212,3,0
128208,128208,128212,4,0
128210,128210,128212,2,0
128211,128211,128213,2,0
128212,128212,128215,3,0
128213,128213,128215,2,0
128211,128211,128215,4,0
128214,128214,128216,2,0
128214,128214,128217,3,0
128216,128216,128218,2,0
128216,128217,128219,2,1
128215,128215,128220,5,0
128217,128217,128220,3,0
128218,128218,128220,2,0
128219,128219,128222,3,0
128220,128220,128223,3,0
128219,128219,128223,4,0
128221,128221,128224,3,0
128222,128223,128225,2,1
128223,128223,128226,3,0
128222,128222,128227,5,0
128225,128225,128227,2,0
128224,128224,128228,4,0
128226,128226,128229,3,0
128228,128228,128230,2,0
128229,128229,128232,3,0
128230,128230,128232,2,0
128228,128228,128233,5,0
128227,128227,128232,5,0
128231,128231,128234,3,0
128231,128231,128235,4,0
128232,128232,128236,4,0
128234,128234,128236,2,0
128234,128234,128237,3,0
128233,128233,128237,4,0
128235,128235,128238,3,0
128236,128236,128239,3,0
128237,128237,128240,3,0
128237,128237,128240,3,0
128239,128239,128241,2,0
128240,128240,128242,2,0
128238,128238,128242,4,0
128241,128241,128244,3,0
128242,128242,128245,3,0
128240,128240,128245,5,0
128242,128243,128245,2,1
128243,128243,128246,3,0
128245,128245,128247,2,0
128246,128246,128248,2,0
128244,128244,128248,4,0
128246,128246,128249,3,0
128248,128248,128250,2,0
128247,128247,128252,5,0
128249,128249,128252,3,0
128250,128250,128253,3,0
128249,128249,128253,4,0
128251,128251,128254,3,0
128252,128252,128254,2,0
128253,128253,128256,3,0
128252,128252,128257,5,0
128254,128254,128256,2,0
128255,128255,128257,2,0
128255,128255,128258,3,0
128256,128256,128259,3,0
128258,128258,128260,2,0
128258,128258,128261,3,0
128257,128257,128261,4,0
128259,128259,128262,3,0
128260,128260,128263,3,0
128261,128261,128263,2,0
128261,128261,128264,3,0
128263,128263,128266,3,0
128264,128264,128266,2,0
128264,128264,128267,3,0
128262,128262,128267,5,0
128265,128265,128268,3,0
128266,128266,128268,2,0
128267,128267,128270,3,0
128267,128267,128270,3,0
128268,128268,128271,3,0
128269,128269,128271,2,0
128270,128270,128272,2,0
128270,128270,128273,3,0
128272,128272,128274,2,0
128272,128273,128275,2,1
128271,128271,128275,4,0
128273,128273,128276,3,0
128274,128274,128277,3,0
128275,128275,128277,2,0
128276,128276,128279,3,0
128277,128277,128280,3,0
128276,128276,128280,4,0
128278,128278,128281,3,0
128279,128279,128281,2,0
128279,128279,128282,3,0
128280,128280,128283,3,0
128282,128282,128285,3,0
128281,128281,128285,4,0
128282,128283,128285,2,1
128283,128283,128286,3,0
128284,128284,128287,3,0
128285,128285,128288,3,0
128286,128286,128289,3,0
128287,128287,128290,3,0
128286,128286,128290,4,0
128288,128288,128291,3,0
128289,128289,128291,2,0
128289,128289,128292,3,0
128290,128290,128293,3,0
128291,128291,128293,2,0
128292,128292,128295,3,0
128292,128292,128295,3,0
128293,128293,128296,3,0
128294,128294,128297,3,0
128295,128295,128297,2,0
128295,128295,128298,3,0
128296,128296,128299,3,0
128297,128297,128300,3,0
128298,128298,128300,2,0
128298,128298,128301,3,0
128299,128299,128302,3,0
128300,128300,128303,3,0
128301,128301,128303,2,0
128301,128301,128304,3,0
128302,128302,128305,3,0
128303,128303,128306,3,0
128304,128304,128307,3,0
128305,128305,128307,2,0
128305,128305,128308,3,0
128306,128306,128309,3,0
128307,128307,128309,2,0
128308,128308,128310,2,0
128308,128308,128311,3,0
128309,128309,128312,3,0
128310,128310,128313,3,0
128311,128311,128313,2,0
128311,128311,128314,3,0
128313,128313,128315,2,0
128313,128314,128316,2,1
128314,128314,128317,3,0
128315,128315,128318,3,0
128316,128316,128318,2,0
128316,128316,128319,3,0
128317,128317,128320,3,0
128318,128318,128320,2,0
128319,128319,128322,3,0
128320,128320,128323,3,0
128321,128321,128323,2,0
128321,128321,128324,3,0
128322,128322,128325,3,0
128323,128323,128326,3,0
128323,128323,128326,3,0
128324,128324,128327,3,0
128325,128325,128328,3,0
128326,128326,128328,2,0
128326,128326,128329,3,0
128327,128327,128330,3,0
128328,128328,128330,2,0
128328,128329,128331,2,1
128329,128329,128332,3,0
128330,128330,128333,3,0
128331,128331,128333,2,0
128331,128331,128334,3,0
128332,128332,128335,3,0
128333,128333,128335,2,0
128333,128334,128336,2,1
128334,128334,128337,3,0
128335,128335,128338,3,0
128336,128336,128338,2,0
128336,128336,128339,3,0
128337,128337,128340,3,0
128338,128338,128340,2,0
128339,128339,128341,2,0
128339,128339,128342,3,0
128340,128340,128343,3,0
128341,128341,128343,2,0
128341,128341,128344,3,0
128342,128342,128345,3,0
128343,128343,128345,2,0
128344,128344,128347,3,0
128345,128345,128348,3,0
128343,128344,128348,4,1
128346,128346,128348,2,0
128346,128346,128349,3,0
128347,128347,128350,3,0
128348,128348,128351,3,0
128350,128350,128353,3,0
128349,128349,128353,4,0
128351,128351,128353,2,0
128352,128352,128355,3,0
128353,128353,128356,3,0
128352,128352,128356,4,0
128354,128354,128356,2,0
128354,128354,128357,3,0
128356,128356,128359,3,0
128355,128355,128359,4,0
128357,128357,128360,3,0
128358,128358,128361,3,0
128359,128359,128362,3,0
128357,128357,128362,5,0
128360,128361,128363,2,1
128361,128361,128364,3,0
128360,128360,128364,4,0
128363,128364,128366,2,1
128363,128363,128366,3,0
128364,128364,128367,3,0
128362,128362,128367,5,0
128365,128365,128368,3,0
128366,128366,128368,2,0
128367,128367,128370,3,0
128368,128368,128371,3,0
128366,128367,128371,4,1
128369,128369,128371,2,0
128370,128370,128373,3,0
128371,128371,128374,3,0
128372,128372,128374,2,0
128372,128372,128375,3,0
128374,128374,128377,3,0
128375,128375,128377,2,0
128373,128373,128377,4,0
128375,128375,128378,3,0
128376,128376,128379,3,0
128377,128377,128379,2,0
128377,128378,128380,2,1
128379,128379,128382,3,0
128380,128380,128382,2,0
128378,128378,128383,5,0
128380,128380,128383,3,0
128381,128381,128384,3,0
128382,128382,128385,3,0
128383,128383,128386,3,0
128384,128384,128387,3,0
128385,128385,128388,3,0
128386,128386,128388,2,0
128384,128384,128389,5,0
128387,128387,128389,2,0
128387,128387,128390,3,0
128388,128388,128391,3,0
128389,128389,128391,2,0
128389,128390,128392,2,1
128390,128390,128393,3,0
128391,128391,128394,3,0
128392,128392,128394,2,0
128392,128393,128395,2,1
128393,128393,128396,3,0
128394,128394,128397,3,0
128395,128395,128397,2,0
128395,128395,128398,3,0
128396,128396,128399,3,0
128397,128397,128399,2,0
128398,128398,128400,2,0
128398,128398,128401,3,0
128399,128399,128402,3,0
128400,128400,128402,2,0
128401,128401,128403,2,0
128402,128402,128405,3,0
128403,128403,128405,2,0
128403,128403,128406,3,0
128404,128404,128407,3,0
128405,128405,128407,2,0
128405,128405,128408,3,0
128406,128406,128409,3,0
128407,128407,128409,2,0
128407,128408,128410,2,1
128408,128408,128411,3,0
128409,128409,128412,3,0
128410,128410,128412,2,0
128410,128410,128413,3,0
128411,128411,128414,3,0
128412,128412,128414,2,0
128412,128412,128415,3,0
128413,128413,128416,3,0
128414,128414,128416,2,0
128414,128415,128417,2,1
128415,128415,128418,3,0
128416,128416,128418,2,0
128417,128417,128419,2,0
128417,128417,128420,3,0
128418,128418,128420,2,0
128419,128419,128422,3,0
128420,128420,128422,2,0
128419,128419,128423,4,0
128421,128421,128423,2,0
128422,128422,128425,3,0
128423,128423,128425,2,0
128423,128424,128426,2,1
128425,128426,128428,2,1
128424,128424,128428,4,0
128426,128426,128429,3,0
128427,128427,128429,2,0
128428,128428,128431,3,0
128427,128428,128432,4,1
128430,128430,128432,2,0
128429,128429,128433,4,0
128431,128431,128433,2,0
128431,128431,128434,3,0
128432,128432,128434,2,0
128434,128434,128437,3,0
128434,128434,128438,4,0
128433,128433,128437,4,0
128435,128435,128437,2,0
128436,128436,128438,2,0
128437,128437,128440,3,0
128437,128437,128440,3,0
128439,128439,128441,2,0
128439,128439,128442,3,0
128438,128438,128442,4,0
128440,128440,128443,3,0
128442,128442,128444,2,0
128441,128441,128445,4,0
128443,128443,128446,3,0
128443,128443,128446,3,0
128444,128444,128446,2,0
128445,128445,128448,3,0
130299,130299,130300,1,0
130317,130317,130318,1,0
130325,130325,130326,1,0
130286,130287,130542,255,1
130548,130549,130551,2,1
130558,130560,130563,3,2
130569,130571,130573,2,2
134831,134831,136200,1369,0
134839,134840,136200,1360,1
136205,136206,136292,86,1
136208,136208,136295,87,0
137410,137410,137898,488,0
139433,139433,139690,257,0
140607,140607,140904,297,0
141822,141823,142138,315,1
126561,126782,142196,15414,221
143065,143065,143430,365,0
146093,146093,146353,260,0
146840,146841,147192,351,1
147326,147326,147634,308,0
148270,148271,148314,43,1
148631,148631,148888,257,0
149767,149767,150062,295,0
150774,150775,150777,2,1
150774,150774,150778,4,0
150775,150775,150777,2,0
150776,150776,150778,2,0
150777,150777,150779,2,0
150777,150777,150780,3,0
150778,150778,150780,2,0
150780,150780,150782,2,0
150779,150779,150783,4,0
150780,150780,150782,2,0
150782,150782,150784,2,0
150781,150781,150783,2,0
150783,150783,150785,2,0
150785,150785,150787,2,0
150784,150784,150786,2,0
150783,150783,150787,4,0
150785,150785,150788,3,0
150786,150786,150788,2,0
150787,150787,150789,2,0
150788,150788,150790,2,0
150789,150789,150791,2,0
150788,150788,150792,4,0
150790,150790,150792,2,0
150791,150791,150793,2,0
150792,150792,150794,2,0
150791,150791,150795,4,0
150794,150794,150796,2,0
150793,150793,150797,4,0
150794,150794,150796,2,0
150795,150795,150797,2,0
150797,150797,150799,2,0
150796,150796,150800,4,0
150798,150798,150800,2,0
150797,150797,150801,4,0
150799,150799,150801,2,0
150800,150800,150802,2,0
150800,150801,150803,2,1
150802,150802,150804,2,0
150801,150801,150805,4,0
150804,150804,150806,2,0
150803,150803,150807,4,0
150804,150804,150807,3,0
150805,150805,150807,2,0
150806,150806,150808,2,0
150807,150807,150809,2,0
150807,150807,150810,3,0
150809,150809,150811,2,0
150810,150810,150812,2,0
150808,150808,150812,4,0
150811,150811,150813,2,0
150810,150811,150813,2,1
150812,150812,150814,2,0
150813,150813,150815,2,0
150814,150814,150816,2,0
150816,150816,150818,2,0
150813,150813,150817,4,0
150815,150815,150817,2,0
150817,150817,150819,2,0
150816,150816,150819,3,0
150818,150818,150820,2,0
150819,150819,150821,2,0
150820,150820,150822,2,0
150819,150819,150823,4,0
150821,150821,150823,2,0
150822,150822,150824,2,0
150821,150821,150824,3,0
150823,150823,150825,2,0
150824,150824,150826,2,0
150826,150826,150828,2,0
150825,150825,150827,2,0
150826,150826,150828,2,0
150824,150824,150828,4,0
150827,150827,150829,2,0
150828,150828,150830,2,0
150829,150829,150831,2,0
150830,150830,150832,2,0
150829,150829,150833,4,0
150831,150831,150833,2,0
150832,150832,150834,2,0
150831,150832,150834,2,1
150833,150833,150835,2,0
150834,150835,150836,1,1
150834,150834,150836,2,0
150835,150835,150837,2,0
150837,150837,150839,2,0
150836,150836,150838,2,0
150837,150837,150840,3,0
150838,150838,150840,2,0
150839,150839,150841,2,0
150839,150840,150842,2,1
150840,150840,150842,2,0
150841,150841,150843,2,0
150842,150842,150844,2,0
150842,150842,150844,2,0
150843,150843,150845,2,0
150844,150844,150846,2,0
150845,150845,150847,2,0
150845,150845,150848,3,0
150846,150846,150848,2,0
150847,150847,150849,2,0
150847,150848,150850,2,1
150848,150848,150851,3,0
150849,150849,150851,2,0
150850,150850,150852,2,0
150850,150850,150852,2,0
150851,150851,150853,2,0
150852,150852,150854,2,0
150852,150853,150855,2,1
150853,150853,150855,2,0
150854,150854,150856,2,0
150855,150855,150857,2,0
150855,150855,150858,3,0
150856,150856,150858,2,0
150857,150857,150859,2,0
150857,150857,150859,2,0
150858,150858,150860,2,0
150859,150859,150861,2,0
150860,150860,150862,2,0
150860,150860,150862,2,0
150861,150861,150863,2,0
150862,150862,150865,3,0
150863,150863,150865,2,0
150862,150862,150866,4,0
150864,150864,150866,2,0
150865,150865,150867,2,0
150865,150865,150867,2,0
150866,150866,150868,2,0
150867,150867,150869,2,0
150868,150868,150870,2,0
150867,150867,150871,4,0
150869,150869,150871,2,0
150870,150870,150872,2,0
150870,150870,150873,3,0
150871,150871,150873,2,0
150872,150872,150874,2,0
150873,150873,150875,2,0
150873,150873,150876,3,0
150874,150874,150876,2,0
150875,150875,150877,2,0
150876,150876,150878,2,0
150876,150876,150878,2,0
150877,150877,150879,2,0
150878,150878,150880,2,0
150879,150879,150881,2,0
150879,150879,150881,2,0
150880,150880,150882,2,0
150881,150881,150883,2,0
150881,150882,150884,2,1
150882,150882,150884,2,0
150883,150883,150885,2,0
150884,150884,150886,2,0
150884,150885,150887,2,1
150886,150886,150888,2,0
150885,150885,150887,2,0
150887,150887,150889,2,0
150887,150887,150890,3,0
150888,150888,150890,2,0
150889,150889,150891,2,0
150890,150890,150892,2,0
150890,150890,150892,2,0
150891,150891,150893,2,0
150892,150892,150894,2,0
150892,150893,150895,2,1
150893,150893,150895,2,0
150894,150894,150896,2,0
150895,150895,150897,2,0
150895,150895,150898,3,0
150896,150896,150898,2,0
150897,150897,150899,2,0
150897,150897,150900,3,0
150898,150898,150900,2,0
150899,150899,150901,2,0
150900,150900,150902,2,0
150900,150900,150902,2,0
150901,150901,150903,2,0
150902,150903,150905,2,1
150902,150902,150905,3,0
150904,150904,150906,2,0
150903,150903,150905,2,0
150905,150905,150907,2,0
150906,150906,150908,2,0
150905,150905,150907,2,0
150907,150907,150909,2,0
150908,150908,150910,2,0
150907,150908,150910,2,1
150909,150909,150911,2,0
150910,150910,150912,2,0
150910,150910,150913,3,0
150912,150912,150914,2,0
150911,150911,150913,2,0
150912,150912,150914,2,0
150914,150914,150916,2,0
150913,150913,150915,2,0
150915,150915,150917,2,0
150916,150916,150918,2,0
150915,150915,150918,3,0
150917,150917,150919,2,0
150917,150918,150920,2,1
150919,150919,150921,2,0
150918,150918,150920,2,0
150920,150920,150922,2,0
150921,150921,150923,2,0
150920,150920,150924,4,0
150922,150922,150924,2,0
150923,150923,150925,2,0
150922,150923,150925,2,1
150924,150924,150926,2,0
150925,150925,150927,2,0
150927,150927,150929,2,0
150926,150926,150928,2,0
150927,150928,150929,1,1
150925,150925,150929,4,0
150929,150929,150931,2,0
150928,150928,150931,3,0
150930,150930,150932,2,0
150931,150931,150933,2,0
150930,150930,150932,2,0
150932,150932,150934,2,0
150933,150933,150935,2,0
150932,150933,150935,2,1
150934,150934,150936,2,0
150935,150935,150937,2,0
150935,150935,150937,2,0
150936,150936,150938,2,0
150937,150937,150939,2,0
150937,150937,150939,2,0
150938,150938,150940,2,0
150939,150940,150941,1,1
150939,150939,150941,2,0
150940,150940,150942,2,0
150942,150942,150944,2,0
150941,150941,150943,2,0
150943,150943,150945,2,0
150942,150942,150944,2,0
150944,150944,150946,2,0
150945,150945,150947,2,0
150944,150944,150946,2,0
150946,150946,150948,2,0
150947,150947,150949,2,0
150948,150948,150950,2,0
150947,150947,150951,4,0
150949,150949,150951,2,0
150949,150949,150952,3,0
150951,150951,150953,2,0
150950,150950,150952,2,0
150952,150952,150954,2,0
150952,150952,150954,2,0
150953,150953,150955,2,0
150955,150955,150957,2,0
150954,150954,150957,3,0
150954,150954,150957,3,0
150956,150956,150958,2,0
150957,150957,150959,2,0
150957,150957,150959,2,0
150959,150959,150961,2,0
150958,150958,150960,2,0
150959,150959,150962,3,0
150961,150961,150963,2,0
150960,150960,150962,2,0
150963,150963,150965,2,0
150962,150962,150965,3,0
150962,150962,150965,3,0
150964,150964,150966,2,0
150964,150964,150966,2,0
150965,150965,150967,2,0
150967,150967,150969,2,0
150967,150967,150969,2,0
150966,150966,150969,3,0
150969,150969,150971,2,0
150968,150968,150970,2,0
150969,150969,150971,2,0
150971,150971,150973,2,0
150970,150970,150973,3,0
150972,150972,150974,2,0
150973,150973,150975,2,0
150972,150972,150974,2,0
150974,150974,150976,2,0
150975,150975,150977,2,0
150974,150974,150978,4,0
150976,150976,150978,2,0
150976,150976,150978,2,0
150977,150977,150979,2,0
150978,150978,150980,2,0
150980,150980,150982,2,0
150979,150979,150981,2,0
150979,150979,150982,3,0
150981,150981,150983,2,0
150981,150982,150984,2,1
150982,150982,150984,2,0
150984,150984,150986,2,0
150983,150983,150986,3,0
150984,150984,150986,2,0
150986,150986,150988,2,0
150986,150986,150988,2,0
150985,150985,150989,4,0
150987,150987,150990,3,0
150988,150988,150990,2,0
150989,150989,150991,2,0
150989,150989,150991,2,0
150991,150991,150994,3,0
150992,150992,150994,2,0
150990,150990,150994,4,0
150992,150992,150994,2,0
150993,150993,150995,2,0
150994,150994,150996,2,0
150995,150995,150997,2,0
150996,150996,150998,2,0
150995,150995,150999,4,0
150997,150997,150999,2,0
150998,150998,151000,2,0
150997,150997,151000,3,0
150999,150999,151001,2,0
151001,151001,151003,2,0
151000,151000,151002,2,0
151000,151000,151004,4,0
151002,151002,151004,2,0
151002,151003,151005,2,1
151003,151003,151005,2,0
151004,151004,151006,2,0
151005,151005,151008,3,0
151006,151006,151008,2,0
151005,151005,151009,4,0
151007,151007,151009,2,0
151008,151008,151010,2,0
151007,151008,151010,2,1
151009,151009,151011,2,0
151010,151011,151013,2,1
151012,151012,151014,2,0
151011,151011,151013,2,0
151010,151010,151014,4,0
151013,151013,151015,2,0
151013,151013,151015,2,0
151014,151014,151016,2,0
151015,151016,151018,2,1
151016,151016,151018,2,0
151015,151015,151019,4,0
151017,151017,151019,2,0
151018,151018,151020,2,0
151018,151018,151020,2,0
151019,151019,151021,2,0
151021,151021,151023,2,0
151021,151021,151023,2,0
151023,151023,151025,2,0
151020,151020,151024,4,0
151022,151022,151024,2,0
151024,151024,151026,2,0
151023,151023,151025,2,0
151026,151026,151028,2,0
151026,151026,151028,2,0
151028,151028,151030,2,0
151025,151025,151029,4,0
151027,151027,151029,2,0
151028,151028,151030,2,0
151029,151029,151031,2,0
151031,151031,151033,2,0
151030,151030,151032,2,0
151031,151031,151033,2,0
151032,151032,151034,2,0
151033,151034,151035,1,1
151033,151033,151035,2,0
151034,151034,151036,2,0
151036,151036,151038,2,0
151035,151035,151037,2,0
151036,151036,151038,2,0
151038,151038,151040,2,0
151037,151037,151039,2,0
151039,151039,151041,2,0
151038,151039,151041,2,1
151041,151041,151043,2,0
151040,151040,151042,2,0
151041,151041,151043,2,0
151043,151043,151045,2,0
151042,151042,151044,2,0
151044,151044,151046,2,0
151045,151045,151047,2,0
151044,151044,151047,3,0
151046,151046,151048,2,0
151046,151046,151048,2,0
151048,151048,151050,2,0
151047,151047,151049,2,0
151049,151049,151051,2,0
151050,151050,151052,2,0
151049,151049,151051,2,0
151051,151051,151053,2,0
151052,151052,151054,2,0
151051,151051,151054,3,0
151054,151054,151056,2,0
151053,151053,151055,2,0
151055,151055,151057,2,0
151054,151054,151056,2,0
151056,151056,151058,2,0
151057,151057,151059,2,0
151056,151056,151059,3,0
151058,151058,151060,2,0
151059,151059,151061,2,0
151059,151059,151061,2,0
151060,151060,151062,2,0
151061,151061,151063,2,0
151062,151062,151064,2,0
151061,151062,151064,2,1
151063,151063,151065,2,0
151064,151064,151066,2,0
151064,151064,151066,2,0
151065,151065,151067,2,0
151066,151066,151069,3,0
151066,151066,151070,4,0
151067,151067,151069,2,0
151068,151068,151070,2,0
151069,151069,151071,2,0
151068,151068,151071,3,0
151070,151070,151072,2,0
151071,151071,151073,2,0
151071,151071,151073,2,0
151072,151072,151074,2,0
151074,151074,151076,2,0
151074,151074,151076,2,0
151073,151073,151077,4,0
151075,151075,151077,2,0
151076,151076,151078,2,0
151076,151076,151078,2,0
151077,151077,151079,2,0
151079,151079,151081,2,0
151078,151078,151081,3,0
151079,151079,151081,2,0
151080,151080,151082,2,0
151081,151081,151083,2,0
151082,151082,151084,2,0
151081,151082,151085,3,1
151084,151084,151086,2,0
151083,151083,151085,2,0
151084,151085,151087,2,1
151086,151086,151088,2,0
151085,151085,151088,3,0
151087,151087,151089,2,0
151087,151087,151089,2,0
151089,151089,151091,2,0
151088,151088,151090,2,0
151090,151090,151092,2,0
151091,151091,151093,2,0
151090,151090,151092,2,0
151092,151092,151094,2,0
151093,151093,151095,2,0
151092,151093,151096,3,1
151094,151094,151096,2,0
151095,151095,151097,2,0
151096,151096,151098,2,0
151095,151095,151098,3,0
151097,151097,151099,2,0
151098,151098,151100,2,0
151098,151098,151100,2,0
151099,151099,151101,2,0
151100,151100,151103,3,0
151100,151100,151103,3,0
151101,151101,151103,2,0
151102,151102,151104,2,0
151103,151103,151105,2,0
151103,151103,151106,3,0
151105,151105,151107,2,0
151104,151104,151106,2,0
151106,151107,151109,2,1
151106,151106,151108,2,0
151107,151107,151109,2,0
151108,151108,151110,2,0
151109,151109,151112,3,0
151109,151109,151112,3,0
151110,151110,151112,2,0
151111,151111,151113,2,0
151112,151112,151114,2,0
151112,151112,151114,2,0
151113,151113,151115,2,0
151114,151114,151117,3,0
151115,151115,151117,2,0
151115,151115,151118,3,0
151116,151116,151118,2,0
151117,151117,151119,2,0
151118,151118,151120,2,0
151118,151118,151121,3,0
151119,151119,151122,3,0
151120,151120,151122,2,0
151121,151121,151123,2,0
151121,151121,151123,2,0
151122,151122,151124,2,0
151123,151123,151125,2,0
151124,151124,151126,2,0
151125,151125,151127,2,0
151124,151124,151127,3,0
151126,151126,151128,2,0
151127,151127,151129,2,0
151127,151127,151130,3,0
151128,151128,151130,2,0
151129,151129,151132,3,0
151129,151130,151132,2,1
151130,151130,151133,3,0
151132,151132,151134,2,0
151131,151131,151133,2,0
151133,151133,151135,2,0
151132,151132,151135,3,0
151134,151134,151136,2,0
151134,151134,151137,3,0
151135,151135,151137,2,0
151136,151136,151138,2,0
151137,151137,151139,2,0
151137,151137,151140,3,0
151138,151138,151141,3,0
151140,151140,151142,2,0
151139,151139,151142,3,0
151141,151141,151143,2,0
151141,151141,151144,3,0
151142,151142,151144,2,0
151144,151144,151146,2,0
151143,151143,151145,2,0
151144,151145,151147,2,1
151146,151146,151148,2,0
151145,151145,151148,3,0
151147,151147,151149,2,0
151147,151147,151150,3,0
151148,151148,151150,2,0
151149,151149,151151,2,0
151150,151150,151152,2,0
151150,151150,151152,2,0
151152,151152,151154,2,0
151151,151151,151154,3,0
151152,151153,151155,2,1
151153,151153,151155,2,0
151155,151155,151157,2,0
151154,151154,151156,2,0
151155,151155,151158,3,0
151156,151156,151159,3,0
151157,151157,151159,2,0
151158,151158,151160,2,0
151158,151158,151160,2,0
151159,151159,151161,2,0
151160,151160,151162,2,0
151160,151160,151162,2,0
151162,151162,151164,2,0
151161,151161,151163,2,0
151162,151162,151165,3,0
151163,151163,151165,2,0
151164,151164,151166,2,0
151165,151165,151167,2,0
151165,151165,151167,2,0
151166,151166,151168,2,0
151167,151167,151169,2,0
151167,151167,151170,3,0
151168,151168,151170,2,0
151170,151170,151172,2,0
151169,151169,151173,4,0
151170,151170,151173,3,0
151171,151171,151173,2,0
151172,151172,151174,2,0
151172,151173,151174,1,1
151173,151173,151176,3,0
151174,151174,151176,2,0
151175,151176,151178,2,1
151175,151175,151177,2,0
151177,151177,151179,2,0
151176,151176,151180,4,0
151178,151178,151180,2,0
151178,151178,151181,3,0
151180,151180,151182,2,0
151179,151179,151182,3,0
151181,151181,151183,2,0
151181,151181,151183,2,0
151183,151183,151185,2,0
151182,151182,151186,4,0
151183,151183,151186,3,0
151184,151184,151186,2,0
151185,151185,151187,2,0
151186,151186,151188,2,0
151187,151187,151190,3,0
151186,151186,151190,4,0
151188,151188,151190,2,0
151188,151188,151191,3,0
151189,151189,151191,2,0
151190,151190,151192,2,0
151191,151191,151194,3,0
151191,151191,151194,3,0
151192,151192,151194,2,0
151193,151193,151195,2,0
151194,151194,151196,2,0
151194,151194,151197,3,0
151195,151195,151197,2,0
151196,151196,151198,2,0
151197,151198,151200,2,1
151197,151197,151200,3,0
151198,151198,151200,2,0
151199,151199,151201,2,0
151200,151200,151202,2,0
151200,151201,151203,2,1
151201,151201,151205,4,0
151203,151203,151205,2,0
151202,151202,151205,3,0
151203,151203,151206,3,0
151205,151205,151207,2,0
151204,151204,151207,3,0
151206,151207,151209,2,1
151207,151207,151209,2,0
151206,151206,151210,4,0
151209,151209,151211,2,0
151208,151208,151211,3,0
151209,151209,151212,3,0
151210,151210,151213,3,0
151211,151211,151213,2,0
151212,151212,151214,2,0
151213,151213,151216,3,0
151212,151213,151216,3,1
151214,151214,151216,2,0
151215,151215,151217,2,0
151215,151216,151218,2,1
151218,151218,151220,2,0
151217,151217,151220,3,0
151216,151216,151220,4,0
151218,151218,151221,3,0
151219,151219,151222,3,0
151220,151220,151222,2,0
151221,151221,151223,2,0
151222,151222,151224,2,0
151223,151223,151226,3,0
151222,151222,151226,4,0
151225,151225,151227,2,0
151225,151225,151227,2,0
151224,151224,151228,4,0
151226,151226,151229,3,0
151228,151228,151230,2,0
151227,151227,151230,3,0
151228,151228,151231,3,0
151230,151230,151232,2,0
151230,151230,151233,3,0
151229,151229,151233,4,0
151231,151231,151233,2,0
151233,151233,151235,2,0
151232,151232,151235,3,0
151233,151234,151236,2,1
151235,151235,151237,2,0
151234,151234,151238,4,0
151236,151236,151238,2,0
151237,151237,151239,2,0
151236,151237,151240,3,1
151238,151238,151240,2,0
151239,151239,151241,2,0
151240,151240,151242,2,0
151239,151239,151243,4,0
151242,151242,151244,2,0
151242,151243,151245,2,1
151241,151241,151244,3,0
151243,151243,151246,3,0
151245,151245,151247,2,0
151244,151244,151248,4,0
151246,151246,151248,2,0
151245,151246,151249,3,1
151247,151247,151249,2,0
151248,151248,151250,2,0
151249,151249,151252,3,0
151248,151248,151252,4,0
151251,151251,151254,3,0
151251,151251,151253,2,0
151250,151250,151253,3,0
151252,151252,151255,3,0
151254,151254,151256,2,0
151253,151253,151257,4,0
151255,151255,151257,2,0
151254,151254,151258,4,0
151256,151256,151258,2,0
151257,151257,151259,2,0
151257,151257,151259,2,0
151258,151258,151261,3,0
151260,151260,151262,2,0
151260,151260,151262,2,0
151259,151259,151262,3,0
151261,151261,151263,2,0
151262,151262,151264,2,0
151263,151263,151265,2,0
151264,151264,151266,2,0
151263,151263,151267,4,0
151265,151265,151267,2,0
151265,151265,151268,3,0
151266,151266,151268,2,0
151267,151267,151270,3,0
151268,151268,151271,3,0
151268,151268,151271,3,0
151269,151269,151271,2,0
151270,151270,151273,3,0
151271,151271,151273,2,0
151272,151272,151274,2,0
151271,151271,151276,5,0
151274,151274,151276,2,0
151273,151273,151276,3,0
151275,151275,151277,2,0
151275,151275,151278,3,0
151276,151276,151278,2,0
151277,151277,151279,2,0
151278,151278,151281,3,0
151278,151278,151281,3,0
151279,151279,151281,2,0
151280,151280,151282,2,0
151281,151281,151283,2,0
151282,151282,151285,3,0
151281,151281,151285,4,0
151283,151283,151285,2,0
151284,151284,151286,2,0
151284,151284,151287,3,0
151286,151286,151288,2,0
151287,151287,151289,2,0
151285,151285,151289,4,0
151287,151287,151290,3,0
151288,151288,151290,2,0
151290,151290,151292,2,0
151289,151289,151293,4,0
151290,151290,151293,3,0
151291,151291,151293,2,0
151292,151292,151294,2,0
151293,151293,151295,2,0
151294,151294,151296,2,0
151295,151295,151297,2,0
151293,151294,151298,4,1
151296,151296,151298,2,0
151296,151296,151299,3,0
151297,151297,151300,3,0
151298,151298,151300,2,0
151299,151299,151301,2,0
151299,151299,151302,3,0
151300,151300,151303,3,0
151302,151302,151304,2,0
151302,151302,151305,3,0
151301,151301,151305,4,0
151303,151303,151306,3,0
151304,151304,151307,3,0
151305,151305,151307,2,0
151305,151306,151308,2,1
151306,151306,151309,3,0
151307,151307,151309,2,0
151308,151309,151311,2,1
151309,151309,151311,2,0
151308,151308,151312,4,0
151310,151310,151312,2,0
151311,151311,151313,2,0
151311,151312,151314,2,1
151312,151312,151315,3,0
151313,151313,151315,2,0
151314,151314,151316,2,0
151314,151315,151317,2,1
151316,151316,151318,2,0
151315,151315,151319,4,0
151317,151317,151319,2,0
151317,151318,151320,2,1
151318,151318,151321,3,0
151319,151319,151321,2,0
151320,151321,151323,2,1
151321,151321,151324,3,0
151320,151320,151324,4,0
151322,151322,151324,2,0
151323,151323,151325,2,0
151323,151324,151326,2,1
151324,151324,151326,2,0
151325,151325,151327,2,0
151326,151326,151328,2,0
151327,151327,151329,2,0
151326,151327,151331,4,1
151328,151328,151330,2,0
151329,151329,151331,2,0
151329,151330,151332,2,1
151330,151330,151333,3,0
151332,151332,151334,2,0
151333,151333,151335,2,0
151331,151331,151335,4,0
151333,151333,151336,3,0
151334,151334,151336,2,0
151335,151335,151337,2,0
151336,151336,151338,2,0
151336,151336,151339,3,0
151337,151337,151339,2,0
151339,151339,151341,2,0
151339,151339,151341,2,0
151338,151338,151342,4,0
151340,151340,151343,3,0
151341,151341,151343,2,0
151342,151342,151344,2,0
151342,151342,151344,2,0
151343,151343,151345,2,0
151345,151345,151347,2,0
151345,151345,151348,3,0
151344,151344,151348,4,0
151346,151346,151348,2,0
151347,151347,151349,2,0
151348,151348,151350,2,0
151348,151348,151351,3,0
151349,151349,151352,3,0
151350,151350,151352,2,0
151351,151351,151353,2,0
151351,151351,151354,3,0
151352,151352,151354,2,0
151353,151353,151355,2,0
151354,151354,151356,2,0
151354,151354,151357,3,0
151355,151355,151358,3,0
151356,151356,151358,2,0
151357,151357,151359,2,0
151357,151357,151359,2,0
151358,151358,151360,2,0
151360,151360,151362,2,0
151359,151359,151362,3,0
151360,151360,151363,3,0
151361,151361,151363,2,0
151362,151362,151364,2,0
151363,151363,151365,2,0
151363,151363,151366,3,0
151365,151365,151367,2,0
151364,151364,151367,3,0
151366,151366,151368,2,0
151366,151366,151369,3,0
151367,151367,151369,2,0
151368,151368,151370,2,0
151369,151369,151371,2,0
151369,151369,151372,3,0
151370,151370,151373,3,0
151371,151371,151373,2,0
151372,151372,151374,2,0
151372,151372,151375,3,0
151373,151373,151375,2,0
151375,151375,151377,2,0
151374,151374,151377,3,0
151375,151375,151378,3,0
151376,151376,151378,2,0
151377,151377,151379,2,0
151378,151378,151381,3,0
151378,151378,151381,3,0
151379,151379,151382,3,0
151380,151380,151382,2,0
151381,151381,151383,2,0
151381,151381,151384,3,0
151382,151382,151385,3,0
151383,151383,151387,4,0
151384,151384,151387,3,0
151384,151384,151387,3,0
151385,151385,151388,3,0
151386,151386,151388,2,0
151387,151387,151390,3,0
151388,151388,151390,2,0
151387,151387,151391,4,0
151389,151389,151391,2,0
151390,151390,151393,3,0
151390,151390,151393,3,0
151392,151392,151394,2,0
151391,151391,151394,3,0
151393,151393,151395,2,0
151394,151394,151396,2,0
151393,151393,151397,4,0
151395,151395,151397,2,0
151396,151396,151398,2,0
151396,151396,151399,3,0
151398,151398,151400,2,0
151397,151397,151400,3,0
151399,151399,151402,3,0
151399,151399,151402,3,0
151400,151400,151403,3,0
151401,151401,151403,2,0
151402,151402,151404,2,0
151402,151402,151405,3,0
151404,151404,151406,2,0
151403,151403,151407,4,0
151405,151405,151407,2,0
151405,151405,151408,3,0
151406,151406,151408,2,0
151408,151408,151410,2,0
151407,151407,151411,4,0
151409,151409,151411,2,0
151408,151408,151412,4,0
151410,151410,151412,2,0
151411,151411,151413,2,0
151411,151411,151414,3,0
151413,151413,151415,2,0
151412,151412,151416,4,0
151413,151414,151416,2,1
151415,151415,151418,3,0
151414,151414,151418,4,0
151416,151416,151418,2,0
151417,151417,151419,2,0
151417,151417,151419,2,0
151419,151419,151421,2,0
151418,151418,151422,4,0
151420,151420,151422,2,0
151420,151420,151423,3,0
151421,151421,151423,2,0
151422,151422,151424,2,0
151423,151423,151425,2,0
151423,151423,151426,3,0
151425,151425,151427,2,0
151426,151426,151428,2,0
151424,151424,151429,5,0
151426,151426,151429,3,0
151427,151427,151430,3,0
151429,151429,151431,2,0
151428,151428,151431,3,0
151429,151429,151431,2,0
151430,151430,151433,3,0
151431,151431,151433,2,0
151432,151432,151434,2,0
151432,151432,151434,2,0
151433,151433,151435,2,0
151434,151434,151436,2,0
151435,151435,151437,2,0
151435,151435,151438,3,0
151436,151436,151438,2,0
151437,151437,151439,2,0
151438,151438,151440,2,0
151438,151438,151441,3,0
151439,151439,151441,2,0
151440,151440,151442,2,0
151441,151441,151443,2,0
151441,151441,151444,3,0
151442,151442,151445,3,0
151443,151443,151445,2,0
151444,151444,151446,2,0
151444,151444,151446,2,0
151445,151445,151448,3,0
151446,151446,151448,2,0
151447,151447,151449,2,0
151447,151447,151449,2,0
151448,151448,151450,2,0
151449,151449,151451,2,0
151450,151450,151452,2,0
151450,151450,151453,3,0
151451,151451,151453,2,0
151452,151452,151454,2,0
151453,151453,151455,2,0
151453,151453,151456,3,0
151454,151454,151456,2,0
151455,151455,151457,2,0
151456,151456,151458,2,0
151456,151456,151459,3,0
151457,151457,151460,3,0
151458,151458,151460,2,0
151459,151459,151461,2,0
151459,151459,151462,3,0
151460,151460,151463,3,0
151461,151461,151464,3,0
151462,151462,151464,2,0
151462,151463,151465,2,1
151463,151463,151466,3,0
151464,151464,151467,3,0
151465,151465,151467,2,0
151466,151466,151468,2,0
151466,151466,151469,3,0
151467,151467,151469,2,0
151468,151468,151470,2,0
151469,151469,151471,2,0
151469,151469,151472,3,0
151470,151470,151473,3,0
151471,151471,151473,2,0
151472,151472,151474,2,0
151472,151472,151474,2,0
151473,151473,151475,2,0
151474,151474,151476,2,0
151475,151475,151477,2,0
151475,151475,151478,3,0
151476,151476,151478,2,0
151477,151477,151479,2,0
151478,151478,151480,2,0
151478,151478,151480,2,0
151479,151479,151482,3,0
151480,151480,151482,2,0
151481,151481,151483,2,0
151481,151481,151484,3,0
151482,151482,151484,2,0
151483,151483,151485,2,0
151484,151484,151486,2,0
151484,151484,151487,3,0
151485,151485,151487,2,0
151486,151486,151488,2,0
151486,151486,151489,3,0
151487,151487,151489,2,0
151488,151488,151490,2,0
151489,151489,151491,2,0
151489,151489,151492,3,0
151490,151490,151493,3,0
151491,151491,151493,2,0
151492,151492,151494,2,0
151492,151492,151495,3,0
151493,151493,151495,2,0
151494,151494,151496,2,0
151495,151495,151497,2,0
151495,151495,151498,3,0
151496,151496,151499,3,0
151497,151497,151499,2,0
151498,151498,151500,2,0
151498,151498,151500,2,0
151499,151499,151501,2,0
151500,151500,151502,2,0
151501,151501,151504,3,0
151501,151501,151504,3,0
151502,151502,151504,2,0
151503,151503,151505,2,0
151504,151504,151506,2,0
151504,151504,151507,3,0
151505,151505,151507,2,0
151507,151507,151509,2,0
151506,151506,151509,3,0
151508,151508,151510,2,0
151508,151508,151510,2,0
151509,151509,151511,2,0
151510,151510,151512,2,0
151511,151511,151513,2,0
151512,151512,151514,2,0
151511,151511,151515,4,0
151513,151513,151515,2,0
151514,151514,151516,2,0
151514,151514,151517,3,0
151515,151515,151517,2,0
151516,151516,151518,2,0
151517,151517,151519,2,0
151518,151518,151520,2,0
151518,151518,151521,3,0
151519,151519,151521,2,0
151520,151520,151522,2,0
151521,151521,151523,2,0
151521,151522,151524,2,1
151522,151522,151525,3,0
151523,151523,151526,3,0
151524,151524,151527,3,0
151525,151525,151527,2,0
151525,151526,151528,2,1
151526,151526,151529,3,0
151527,151527,151529,2,0
151528,151528,151530,2,0
151528,151529,151531,2,1
151529,151529,151531,2,0
151530,151530,151532,2,0
151531,151531,151534,3,0
151532,151532,151534,2,0
151531,151531,151535,4,0
151533,151533,151535,2,0
151534,151534,151536,2,0
151535,151535,151537,2,0
151536,151536,151538,2,0
151534,151534,151539,5,0
151537,151537,151539,2,0
151537,151537,151540,3,0
151538,151538,151541,3,0
151539,151539,151541,2,0
151540,151540,151542,2,0
151540,151540,151543,3,0
151541,151541,151544,3,0
151542,151542,151544,2,0
151543,151543,151545,2,0
151543,151543,151546,3,0
151544,151544,151546,2,0
151545,151545,151547,2,0
151546,151546,151548,2,0
151546,151546,151549,3,0
151548,151548,151550,2,0
151549,151549,151551,2,0
151547,151547,151551,4,0
151549,151550,151552,2,1
151550,151550,151553,3,0
151551,151551,151553,2,0
151552,151552,151554,2,0
151552,151552,151555,3,0
151553,151553,151555,2,0
151554,151554,151556,2,0
151555,151555,151557,2,0
151555,151556,151558,2,1
151556,151556,151559,3,0
151557,151557,151559,2,0
151558,151558,151560,2,0
151558,151559,151561,2,1
151559,151559,151561,2,0
151560,151560,151562,2,0
151561,151561,151563,2,0
151561,151561,151564,3,0
151562,151562,151564,2,0
151563,151563,151565,2,0
151564,151564,151566,2,0
151564,151564,151567,3,0
151565,151565,151568,3,0
151566,151566,151568,2,0
151567,151567,151569,2,0
151567,151567,151570,3,0
151568,151568,151570,2,0
151569,151569,151571,2,0
151570,151570,151572,2,0
151570,151570,151572,2,0
151571,151571,151574,3,0
151572,151572,151574,2,0
151573,151573,151575,2,0
151573,151573,151575,2,0
151574,151574,151576,2,0
151575,151575,151577,2,0
151576,151576,151578,2,0
151576,151576,151579,3,0
151577,151577,151579,2,0
151578,151578,151580,2,0
151579,151579,151581,2,0
151579,151579,151582,3,0
151580,151580,151582,2,0
151581,151581,151583,2,0
151582,151582,151584,2,0
151582,151582,151585,3,0
151583,151583,151585,2,0
151584,151584,151586,2,0
151585,151585,151587,2,0
151584,151585,151587,2,1
151586,151586,151588,2,0
151587,151587,151589,2,0
151588,151588,151590,2,0
151587,151588,151590,2,1
151589,151589,151591,2,0
151590,151590,151592,2,0
151590,151590,151592,2,0
151591,151591,151593,2,0
151592,151592,151594,2,0
151593,151593,151596,3,0
151594,151594,151596,2,0
151592,151592,151597,5,0
151595,151595,151597,2,0
151595,151595,151598,3,0
151596,151596,151598,2,0
151597,151597,151599,2,0
151598,151598,151600,2,0
151598,151598,151601,3,0
151599,151599,151601,2,0
151601,151601,151603,2,0
151601,151601,151603,2,0
151600,151600,151604,4,0
151602,151602,151604,2,0
151603,151603,151605,2,0
151604,151604,151607,3,0
151604,151604,151607,3,0
151605,151605,151607,2,0
151606,151606,151608,2,0
151607,151607,151609,2,0
151608,151608,151610,2,0
151609,151609,151611,2,0
151607,151607,151611,4,0
151609,151610,151612,2,1
151610,151610,151612,2,0
151612,151613,151614,1,1
151612,151612,151614,2,0
151611,151611,151614,3,0
151613,151613,151616,3,0
151614,151614,151616,2,0
151615,151615,151617,2,0
151615,151615,151618,3,0
151617,151617,151619,2,0
151617,151618,151620,2,1
151616,151616,151620,4,0
151618,151618,151620,2,0
151619,151619,151621,2,0
151620,151620,151623,3,0
151620,151620,151623,3,0
151621,151621,151623,2,0
151622,151622,151624,2,0
151623,151623,151625,2,0
151624,151624,151627,3,0
151625,151625,151627,2,0
151623,151624,151628,4,1
151626,151626,151628,2,0
151626,151626,151629,3,0
151628,151628,151630,2,0
151627,151627,151630,3,0
151629,151629,151631,2,0
151629,151629,151631,2,0
151630,151630,151633,3,0
151632,151632,151634,2,0
151631,151631,151635,4,0
151633,151633,151635,2,0
151632,151632,151635,3,0
151634,151634,151636,2,0
151635,151635,151637,2,0
151635,151635,151638,3,0
151636,151636,151638,2,0
151637,151637,151639,2,0
151637,151637,151640,3,0
151639,151639,151641,2,0
151638,151638,151642,4,0
151640,151640,151642,2,0
151640,151640,151642,2,0
151641,151641,151644,3,0
151642,151642,151644,2,0
151643,151643,151646,3,0
151642,151643,151646,3,1
151644,151644,151646,2,0
151645,151645,151647,2,0
151645,151645,151648,3,0
151647,151647,151649,2,0
151646,151646,151650,4,0
151648,151648,151650,2,0
151648,151648,151651,3,0
151649,151649,151651,2,0
151651,151651,151653,2,0
151650,151650,151653,3,0
151651,151651,151653,2,0
151652,151652,151654,2,0
151653,151653,151655,2,0
151655,151655,151657,2,0
151654,151654,151657,3,0
151654,151654,151657,3,0
151656,151656,151658,2,0
151657,151657,151659,2,0
151656,151656,151658,2,0
151658,151658,151660,2,0
151659,151659,151662,3,0
151658,151659,151662,3,1
151660,151660,151662,2,0
151661,151661,151663,2,0
151661,151661,151664,3,0
151662,151662,151664,2,0
151663,151663,151665,2,0
151664,151664,151666,2,0
151664,151664,151667,3,0
151665,151665,151668,3,0
151666,151666,151668,2,0
151667,151667,151669,2,0
151668,151668,151670,2,0
151667,151667,151670,3,0
151669,151669,151671,2,0
151670,151670,151672,2,0
151670,151670,151673,3,0
151671,151671,151673,2,0
151672,151672,151674,2,0
151672,151672,151675,3,0
151673,151673,151675,2,0
151674,151674,151676,2,0
151675,151675,151677,2,0
151674,151675,151678,3,1
151676,151676,151678,2,0
151677,151677,151679,2,0
151677,151677,151680,3,0
151678,151678,151680,2,0
151679,151679,151681,2,0
151680,151680,151682,2,0
151681,151681,151684,3,0
151680,151680,151683,3,0
151682,151682,151684,2,0
151683,151683,151685,2,0
151684,151684,151686,2,0
151683,151683,151686,3,0
151685,151685,151687,2,0
151686,151686,151688,2,0
151686,151686,151689,3,0
151687,151687,151689,2,0
151688,151688,151690,2,0
151688,151689,151691,2,1
151689,151689,151691,2,0
151690,151690,151692,2,0
151691,151691,151693,2,0
151692,151692,151695,3,0
151691,151692,151695,3,1
151693,151693,151695,2,0
151694,151694,151696,2,0
151695,151695,151697,2,0
151694,151695,151697,2,1
151696,151696,151698,2,0
151697,151697,151699,2,0
151697,151697,151700,3,0
151698,151698,151701,3,0
151699,151699,151701,2,0
151700,151700,151702,2,0
151700,151700,151702,2,0
151701,151701,151703,2,0
151702,151702,151704,2,0
151703,151703,151706,3,0
151703,151703,151706,3,0
151704,151704,151707,3,0
151705,151705,151707,2,0
151706,151706,151708,2,0
151706,151706,151708,2,0
151707,151707,151709,2,0
151709,151709,151711,2,0
151708,151708,151711,3,0
151709,151709,151712,3,0
151710,151710,151712,2,0
151711,151711,151713,2,0
151711,151711,151713,2,0
151713,151713,151715,2,0
151712,151712,151715,3,0
151714,151714,151716,2,0
151714,151714,151717,3,0
151715,151715,151717,2,0
151716,151716,151718,2,0
151717,151717,151719,2,0
151717,151717,151719,2,0
151718,151718,151720,2,0
151719,151719,151721,2,0
151720,151720,151722,2,0
151720,151720,151723,3,0
151721,151721,151723,2,0
151722,151722,151724,2,0
151723,151723,151725,2,0
151724,151724,151726,2,0
151724,151724,151726,2,0
151725,151725,151727,2,0
151726,151726,151728,2,0
151727,151727,151729,2,0
151727,151727,151730,3,0
151728,151728,151730,2,0
151729,151729,151731,2,0
151730,151730,151732,2,0
151730,151730,151732,2,0
151731,151731,151733,2,0
151732,151732,151734,2,0
151733,151733,151735,2,0
151733,151733,151736,3,0
151734,151734,151736,2,0
151735,151735,151737,2,0
151736,151736,151738,2,0
151736,151736,151738,2,0
151737,151737,151739,2,0
151738,151738,151740,2,0
151738,151738,151741,3,0
151739,151739,151742,3,0
151740,151740,151742,2,0
151741,151741,151743,2,0
151741,151741,151743,2,0
151742,151742,151744,2,0
151743,151743,151745,2,0
151743,151744,151746,2,1
151744,151744,151747,3,0
151745,151745,151747,2,0
151747,151747,151749,2,0
151746,151746,151749,3,0
151746,151746,151749,3,0
151748,151748,151750,2,0
151748,151748,151750,2,0
151750,151750,151752,2,0
151751,151751,151753,2,0
151749,151749,151753,4,0
151752,151752,151754,2,0
151751,151751,151756,5,0
151754,151754,151756,2,0
151753,151753,151757,4,0
151755,151755,151757,2,0
151756,151756,151758,2,0
151754,151754,151759,5,0
151757,151757,151759,2,0
151758,151758,151760,2,0
151758,151758,151760,2,0
151760,151760,151762,2,0
151760,151761,151763,2,1
151759,151759,151763,4,0
151761,151761,151763,2,0
151762,151762,151764,2,0
151763,151764,151766,2,1
151763,151763,151766,3,0
151764,151764,151767,3,0
151766,151766,151768,2,0
151766,151767,151769,2,1
151765,151765,151769,4,0
151767,151767,151770,3,0
151769,151769,151771,2,0
151768,151768,151770,2,0
151769,151769,151772,3,0
151771,151771,151773,2,0
151770,151770,151774,4,0
151772,151772,151774,2,0
151772,151772,151774,2,0
151773,151773,151775,2,0
151774,151774,151778,4,0
151775,151775,151778,3,0
151776,151776,151778,2,0
151775,151775,151779,4,0
151777,151777,151779,2,0
151778,151778,151780,2,0
151779,151779,151781,2,0
151778,151778,151782,4,0
151781,151781,151783,2,0
151781,151781,151783,2,0
151780,151780,151784,4,0
151782,151782,151784,2,0
151784,151784,151786,2,0
151783,151783,151787,4,0
151784,151784,151787,3,0
151786,151786,151788,2,0
151787,151787,151789,2,0
151785,151785,151789,4,0
151787,151787,151789,2,0
151789,151789,151791,2,0
151788,151788,151792,4,0
151790,151790,151792,2,0
151790,151790,151792,2,0
151791,151791,151793,2,0
151792,151792,151794,2,0
151793,151793,151796,3,0
151793,151793,151796,3,0
151794,151794,151796,2,0
151795,151795,151797,2,0
151796,151796,151798,2,0
151795,151795,151798,3,0
151798,151798,151800,2,0
151797,151797,151801,4,0
151798,151798,151801,3,0
151800,151800,151802,2,0
151799,151799,151802,3,0
151801,151801,151803,2,0
151802,151802,151804,2,0
151801,151801,151805,4,0
151803,151803,151805,2,0
151804,151804,151806,2,0
151804,151804,151806,2,0
151805,151805,151807,2,0
151806,151806,151808,2,0
151807,151807,151810,3,0
151807,151807,151810,3,0
151808,151808,151810,2,0
151809,151809,151811,2,0
151810,151810,151812,2,0
151810,151810,151813,3,0
151812,151812,151814,2,0
151811,151811,151815,4,0
151813,151813,151815,2,0
151813,151813,151815,2,0
151815,151815,151817,2,0
151814,151814,151816,2,0
151816,151816,151818,2,0
151816,151816,151819,3,0
151817,151817,151819,2,0
151818,151818,151820,2,0
151818,151819,151821,2,1
151819,151819,151822,3,0
151820,151820,151822,2,0
151821,151821,151823,2,0
151822,151822,151824,2,0
151821,151821,151824,3,0
151823,151823,151825,2,0
151823,151823,151826,3,0
151824,151824,151826,2,0
151825,151825,151827,2,0
151826,151826,151828,2,0
151826,151826,151829,3,0
151827,151827,151829,2,0
151828,151828,151830,2,0
151828,151829,151831,2,1
151829,151829,151831,2,0
151830,151830,151832,2,0
151831,151831,151833,2,0
151831,151831,151833,2,0
151832,151832,151835,3,0
151833,151833,151835,2,0
151834,151834,151836,2,0
151834,151834,151837,3,0
151835,151835,151837,2,0
151836,151836,151838,2,0
151837,151837,151839,2,0
151836,151836,151838,2,0
151838,151838,151840,2,0
151838,151839,151841,2,1
151840,151840,151842,2,0
151839,151839,151841,2,0
151841,151841,151843,2,0
151841,151841,151844,3,0
151843,151843,151845,2,0
151842,151842,151844,2,0
151844,151844,151846,2,0
151844,151844,151847,3,0
151845,151845,151847,2,0
151846,151846,151848,2,0
151847,151847,151849,2,0
151846,151847,151850,3,1
151849,151849,151851,2,0
151848,151848,151850,2,0
151849,151849,151852,3,0
151850,151850,151852,2,0
151851,151851,151853,2,0
151852,151852,151854,2,0
151851,151852,151855,3,1
151853,151853,151855,2,0
151854,151854,151856,2,0
151854,151854,151856,2,0
151855,151855,151857,2,0
151857,151857,151859,2,0
151857,151857,151859,2,0
151856,151856,151860,4,0
151858,151858,151860,2,0
151860,151860,151862,2,0
151859,151859,151861,2,0
151860,151860,151863,3,0
151862,151862,151864,2,0
151861,151861,151865,4,0
151862,151863,151864,1,1
151863,151863,151865,2,0
151864,151864,151866,2,0
151865,151865,151867,2,0
151866,151866,151868,2,0
151865,151865,151869,4,0
151867,151867,151869,2,0
151868,151868,151870,2,0
151868,151869,151871,2,1
151869,151869,151871,2,0
151870,151870,151872,2,0
151871,151872,151873,1,1
151871,151871,151874,3,0
151872,151872,151875,3,0
151873,151873,151875,2,0
151874,151874,151876,2,0
151874,151874,151876,2,0
151876,151876,151878,2,0
151875,151875,151879,4,0
151877,151877,151879,2,0
151877,151877,151880,3,0
151878,151878,151880,2,0
151879,151879,151881,2,0
151880,151880,151882,2,0
151879,151880,151883,3,1
151881,151881,151883,2,0
151882,151882,151884,2,0
151883,151883,151885,2,0
151883,151883,151886,3,0
151884,151884,151886,2,0
151885,151885,151887,2,0
151886,151886,151889,3,0
151886,151886,151889,3,0
151887,151887,151889,2,0
151888,151888,151890,2,0
151889,151889,151891,2,0
151889,151889,151892,3,0
151890,151890,151892,2,0
151891,151891,151893,2,0
151892,151892,151894,2,0
151892,151892,151894,2,0
151893,151893,151895,2,0
151894,151894,151896,2,0
151894,151895,151897,2,1
151895,151895,151897,2,0
151896,151896,151898,2,0
151897,151897,151899,2,0
151897,151898,151900,2,1
151898,151898,151900,2,0
151899,151899,151901,2,0
151900,151900,151902,2,0
151900,151900,151903,3,0
151902,151902,151904,2,0
151901,151901,151903,2,0
151903,151903,151905,2,0
151904,151904,151906,2,0
151903,151903,151906,3,0
151905,151905,151907,2,0
151905,151906,151908,2,1
151906,151906,151908,2,0
151907,151907,151909,2,0
151908,151908,151910,2,0
151908,151908,151911,3,0
151910,151910,151912,2,0
151909,151909,151913,4,0
151910,151911,151913,2,1
151911,151911,151914,3,0
151912,151912,151914,2,0
151914,151914,151916,2,0
151913,151913,151916,3,0
151914,151914,151916,2,0
151916,151916,151918,2,0
151915,151915,151917,2,0
151918,151918,151920,2,0
151917,151917,151919,2,0
151916,151917,151920,3,1
151919,151919,151921,2,0
151920,151920,151922,2,0
151919,151919,151922,3,0
151921,151921,151924,3,0
151922,151922,151924,2,0
151922,151922,151924,2,0
151923,151923,151925,2,0
151924,151924,151926,2,0
151925,151925,151927,2,0
151924,151924,151927,3,0
151926,151927,151928,1,1
151926,151926,151928,2,0
151927,151927,151929,2,0
151928,151928,151930,2,0
151929,151929,151931,2,0
151930,151930,151932,2,0
151929,151929,151932,3,0
151931,151932,151933,1,1
151931,151931,151933,2,0
151932,151932,151934,2,0
151934,151934,151936,2,0
151933,151933,151936,3,0
151934,151934,151937,3,0
151936,151936,151938,2,0
151935,151935,151937,2,0
151936,151937,151939,2,1
151938,151938,151940,2,0
151937,151937,151940,3,0
151939,151939,151941,2,0
151939,151939,151942,3,0
151940,151940,151942,2,0
151942,151942,151944,2,0
151941,151941,151944,3,0
151942,151942,151945,3,0
151943,151943,151945,2,0
151944,151944,151946,2,0
151944,151945,151948,3,1
151946,151946,151948,2,0
151945,151945,151948,3,0
151947,151947,151949,2,0
151947,151947,151950,3,0
151948,151948,151950,2,0
151949,151949,151951,2,0
151950,151950,151953,3,0
151950,151950,151953,3,0
151951,151951,151954,3,0
151953,151953,151955,2,0
151952,151952,151954,2,0
151955,151955,151957,2,0
151954,151954,151956,2,0
151953,151953,151956,3,0
151956,151956,151958,2,0
151957,151957,151959,2,0
151956,151956,151959,3,0
151958,151958,151960,2,0
151959,151959,151961,2,0
151958,151958,151962,4,0
151960,151960,151962,2,0
151961,151961,151963,2,0
151961,151961,151963,2,0
151962,151962,151964,2,0
151963,151963,151965,2,0
151963,151964,151966,2,1
151964,151964,151967,3,0
151965,151965,151967,2,0
151966,151966,151968,2,0
151966,151966,151969,3,0
151967,151967,151969,2,0
151968,151968,151970,2,0
151969,151969,151971,2,0
151969,151969,151971,2,0
151970,151970,151972,2,0
151971,151971,151973,2,0
151972,151972,151974,2,0
151972,151972,151975,3,0
151973,151973,151975,2,0
151974,151974,151976,2,0
151975,151975,151977,2,0
151975,151975,151978,3,0
151976,151976,151978,2,0
151977,151977,151979,2,0
151977,151977,151979,2,0
151978,151978,151981,3,0
151979,151979,151981,2,0
151980,151980,151982,2,0
151980,151980,151982,2,0
151981,151981,151983,2,0
151982,151982,151984,2,0
151982,151982,151985,3,0
151983,151983,151985,2,0
151984,151984,151986,2,0
151985,151985,151987,2,0
151985,151985,151988,3,0
151986,151986,151988,2,0
151987,151987,151989,2,0
151987,151987,151990,3,0
151988,151988,151990,2,0
151989,151989,151991,2,0
151990,151990,151992,2,0
151990,151990,151993,3,0
151991,151991,151993,2,0
151992,151992,151994,2,0
151992,151992,151995,3,0
151993,151993,151995,2,0
151994,151994,151996,2,0
151995,151995,151997,2,0
151995,151995,151997,2,0
151996,151996,151998,2,0
151997,151997,151999,2,0
151997,151998,152000,2,1
151998,151998,152000,2,0
151999,151999,152001,2,0
152000,152000,152002,2,0
152000,152000,152003,3,0
152001,152001,152003,2,0
152002,152002,152004,2,0
152002,152003,152005,2,1
152003,152003,152006,3,0
152004,152004,152006,2,0
152005,152005,152007,2,0
152005,152006,152008,2,1
152007,152007,152009,2,0
152006,152006,152010,4,0
152008,152008,152010,2,0
152008,152008,152011,3,0
152009,152009,152011,2,0
152010,152010,152012,2,0
152011,152011,152014,3,0
152011,152011,152014,3,0
152012,152012,152014,2,0
152013,152014,152015,1,1
152013,152013,152015,2,0
152014,152014,152017,3,0
152015,152015,152017,2,0
152016,152016,152018,2,0
152018,152018,152020,2,0
152017,152017,152019,2,0
152016,152016,152020,4,0
152019,152019,152021,2,0
152019,152019,152022,3,0
152020,152020,152022,2,0
152022,152022,152024,2,0
152021,152021,152024,3,0
152022,152022,152025,3,0
152023,152023,152025,2,0
152024,152024,152026,2,0
152024,152024,152027,3,0
152026,152026,152028,2,0
152025,152025,152029,4,0
152027,152027,152029,2,0
152028,152028,152030,2,0
152027,152028,152030,2,1
152029,152029,152031,2,0
152030,152030,152032,2,0
152030,152031,152033,2,1
152032,152032,152034,2,0
152031,152031,152035,4,0
152033,152033,152035,2,0
152033,152033,152036,3,0
152034,152034,152036,2,0
152036,152036,152039,3,0
152036,152036,152039,3,0
152035,152035,152039,4,0
152037,152037,152039,2,0
152038,152038,152040,2,0
152039,152039,152041,2,0
152040,152040,152042,2,0
152040,152040,152043,3,0
152042,152042,152044,2,0
152041,152041,152045,4,0
152043,152043,152045,2,0
152043,152043,152046,3,0
152044,152044,152046,2,0
152045,152045,152047,2,0
152046,152046,152048,2,0
152046,152046,152049,3,0
152047,152047,152049,2,0
152049,152049,152051,2,0
152048,152048,152050,2,0
151778,151778,152052,274,0
152051,152051,152053,2,0
152050,152050,152054,4,0
152049,152049,152053,4,0
152052,152052,152054,2,0
152052,152052,152054,2,0
152053,152053,152055,2,0
152054,152054,152056,2,0
152055,152055,152058,3,0
152055,152055,152058,3,0
152056,152056,152058,2,0
152057,152057,152059,2,0
152058,152058,152060,2,0
152058,152059,152061,2,1
152060,152060,152062,2,0
152059,152059,152063,4,0
152061,152061,152063,2,0
152062,152062,152064,2,0
152062,152062,152064,2,0
152063,152063,152065,2,0
152065,152065,152067,2,0
152064,152064,152068,4,0
152065,152065,152067,2,0
152066,152066,152068,2,0
152067,152067,152069,2,0
152068,152068,152070,2,0
152068,152068,152071,3,0
152070,152070,152072,2,0
152069,152069,152073,4,0
152071,152071,152073,2,0
152071,152071,152074,3,0
152072,152072,152074,2,0
152073,152073,152075,2,0
152074,152074,152076,2,0
152073,152074,152077,3,1
152075,152075,152077,2,0
152076,152076,152078,2,0
152077,152077,152079,2,0
152076,152076,152078,2,0
152079,152079,152081,2,0
152078,152078,152082,4,0
152079,152079,152082,3,0
152080,152080,152082,2,0
152081,152081,152083,2,0
152081,152082,152084,2,1
152084,152084,152086,2,0
152083,152083,152085,2,0
152082,152082,152086,4,0
152085,152085,152087,2,0
152084,152085,152087,2,1
152086,152086,152088,2,0
152087,152087,152089,2,0
152087,152087,152089,2,0
152088,152088,152090,2,0
152089,152089,152091,2,0
152090,152090,152092,2,0
152090,152090,152093,3,0
152091,152091,152093,2,0
152092,152092,152094,2,0
152092,152093,152095,2,1
152094,152094,152096,2,0
152093,152093,152097,4,0
152095,152095,152097,2,0
152095,152095,152097,2,0
152096,152096,152098,2,0
152097,152097,152099,2,0
152098,152098,152100,2,0
152099,152099,152101,2,0
152098,152098,152102,4,0
152100,152100,152102,2,0
152101,152101,152103,2,0
152101,152101,152104,3,0
152102,152102,152104,2,0
152104,152104,152106,2,0
152103,152104,152106,2,1
152103,152103,152107,4,0
152105,152105,152107,2,0
152106,152106,152108,2,0
152106,152106,152108,2,0
152109,152109,152111,2,0
152108,152108,152110,2,0
152107,152107,152111,4,0
152109,152109,152111,2,0
152111,152111,152113,2,0
152113,152113,152115,2,0
152110,152110,152114,4,0
152112,152112,152115,3,0
152111,152112,152115,3,1
152114,152114,152116,2,0
152115,152115,152117,2,0
152114,152114,152117,3,0
152117,152117,152119,2,0
152117,152117,152120,3,0
152116,152116,152120,4,0
152118,152118,152120,2,0
152119,152120,152121,1,1
152119,152119,152121,2,0
152120,152120,152122,2,0
152122,152122,152124,2,0
152121,152121,152125,4,0
152123,152123,152126,3,0
152125,152125,152127,2,0
152122,152122,152126,4,0
152124,152124,152126,2,0
152126,152126,152128,2,0
152125,152125,152129,4,0
152127,152128,152129,1,1
152127,152127,152131,4,0
152128,152128,152131,3,0
152129,152129,152131,2,0
152130,152130,152132,2,0
152130,152130,152133,3,0
152133,152133,152135,2,0
152132,152132,152134,2,0
152131,152131,152135,4,0
152133,152133,152135,2,0
152135,152135,152137,2,0
152134,152134,152136,2,0
152135,152135,152138,3,0
152137,152137,152139,2,0
152136,152136,152140,4,0
152138,152138,152140,2,0
152139,152139,152141,2,0
152138,152138,152141,3,0
152140,152140,152142,2,0
152142,152142,152144,2,0
152141,152141,152143,2,0
152141,152141,152145,4,0
152143,152143,152145,2,0
152143,152144,152146,2,1
152145,152145,152147,2,0
152144,152144,152147,3,0
152147,152147,152149,2,0
152147,152148,152150,2,1
152146,152146,152150,4,0
152148,152148,152150,2,0
152149,152149,152151,2,0
152150,152151,152153,2,1
152150,152150,152154,4,0
152152,152152,152154,2,0
152151,152151,152154,3,0
152153,152153,152155,2,0
152154,152154,152156,2,0
152154,152154,152156,2,0
152156,152156,152158,2,0
152155,152155,152157,2,0
152157,152157,152159,2,0
152157,152157,152160,3,0
152158,152158,152160,2,0
152159,152159,152161,2,0
152160,152160,152163,3,0
152160,152160,152163,3,0
152161,152161,152163,2,0
152162,152162,152164,2,0
152163,152163,152165,2,0
152163,152163,152165,2,0
152164,152164,152166,2,0
152165,152165,152167,2,0
152166,152166,152168,2,0
152166,152166,152168,2,0
152168,152168,152170,2,0
152167,152167,152170,3,0
152169,152169,152171,2,0
152170,152170,152172,2,0
152169,152169,152172,3,0
152172,152172,152174,2,0
152171,152171,152173,2,0
152172,152173,152175,2,1
152173,152173,152175,2,0
152174,152174,152176,2,0
152175,152175,152177,2,0
152175,152175,152177,2,0
152176,152176,152178,2,0
152177,152177,152179,2,0
152178,152178,152180,2,0
152179,152179,152181,2,0
152178,152178,152181,3,0
152180,152180,152182,2,0
152180,152180,152183,3,0
152181,152181,152184,3,0
152182,152182,152184,2,0
152183,152183,152185,2,0
152184,152184,152186,2,0
152184,152184,152186,2,0
152185,152185,152187,2,0
152186,152186,152188,2,0
152187,152187,152189,2,0
152187,152187,152190,3,0
152188,152188,152190,2,0
152189,152189,152191,2,0
152190,152190,152192,2,0
152190,152190,152192,2,0
152191,152191,152193,2,0
152192,152192,152194,2,0
152193,152193,152195,2,0
152192,152193,152195,2,1
152194,152194,152197,3,0
152195,152195,152197,2,0
152195,152195,152197,2,0
152197,152197,152199,2,0
152196,152196,152199,3,0
152198,152198,152200,2,0
152199,152199,152201,2,0
152199,152199,152202,3,0
152200,152200,152202,2,0
152201,152201,152204,3,0
152201,152201,152204,3,0
152202,152202,152204,2,0
152203,152203,152205,2,0
152204,152204,152206,2,0
152204,152204,152207,3,0
152205,152205,152208,3,0
152206,152206,152208,2,0
152207,152207,152209,2,0
152207,152207,152210,3,0
152208,152208,152211,3,0
152209,152209,152211,2,0
152211,152211,152213,2,0
152210,152210,152212,2,0
152211,152211,152214,3,0
152212,152212,152214,2,0
152213,152213,152215,2,0
152214,152214,152216,2,0
152214,152214,152217,3,0
152215,152215,152217,2,0
152216,152216,152218,2,0
152217,152217,152219,2,0
152217,152217,152220,3,0
152218,152218,152220,2,0
152219,152219,152221,2,0
152220,152220,152222,2,0
152220,152220,152222,2,0
152221,152221,152224,3,0
152222,152222,152225,3,0
152223,152223,152225,2,0
152223,152223,152226,3,0
152224,152224,152226,2,0
152225,152225,152227,2,0
152226,152226,152229,3,0
152225,152226,152229,3,1
152227,152227,152229,2,0
152228,152228,152230,2,0
152228,152228,152231,3,0
152229,152229,152231,2,0
152230,152230,152232,2,0
152231,152231,152233,2,0
152232,152232,152234,2,0
152232,152232,152235,3,0
152233,152233,152235,2,0
152234,152234,152236,2,0
152235,152235,152237,2,0
152236,152236,152238,2,0
152235,152235,152238,3,0
152237,152237,152239,2,0
152238,152238,152240,2,0
152238,152238,152241,3,0
152239,152239,152242,3,0
152240,152240,152242,2,0
152241,152241,152243,2,0
152241,152241,152244,3,0
152242,152242,152244,2,0
152244,152244,152246,2,0
152243,152243,152245,2,0
152244,152244,152247,3,0
152245,152245,152248,3,0
152246,152246,152248,2,0
152247,152247,152250,3,0
152247,152247,152250,3,0
152248,152248,152251,3,0
152249,152249,152251,2,0
152250,152250,152252,2,0
152251,152251,152253,2,0
152252,152252,152254,2,0
152251,152251,152255,4,0
152253,152253,152255,2,0
152254,152254,152256,2,0
152254,152254,152257,3,0
152255,152255,152257,2,0
152257,152257,152259,2,0
152256,152256,152260,4,0
152257,152257,152260,3,0
152258,152258,152260,2,0
152260,152260,152262,2,0
152259,152259,152261,2,0
152261,152261,152263,2,0
152261,152261,152264,3,0
152262,152262,152264,2,0
152263,152263,152265,2,0
152264,152264,152267,3,0
152263,152264,152267,3,1
152265,152265,152267,2,0
152266,152266,152268,2,0
152266,152266,152268,2,0
152267,152267,152271,4,0
152269,152269,152271,2,0
152268,152268,152272,4,0
152270,152270,152272,2,0
152270,152270,152273,3,0
152271,152271,152273,2,0
152273,152273,152275,2,0
152272,152272,152274,2,0
152274,152274,152277,3,0
152273,152273,152277,4,0
152275,152275,152277,2,0
152276,152276,152278,2,0
152277,152277,152279,2,0
152278,152278,152280,2,0
152277,152278,152281,3,1
152279,152279,152281,2,0
152280,152280,152282,2,0
152281,152281,152283,2,0
152280,152280,152283,3,0
152283,152283,152285,2,0
152282,152282,152286,4,0
152284,152284,152286,2,0
152284,152284,152287,3,0
152285,152285,152287,2,0
152287,152287,152289,2,0
152286,152286,152289,3,0
152287,152287,152289,2,0
152288,152288,152290,2,0
152289,152289,152291,2,0
152290,152290,152292,2,0
152290,152290,152294,4,0
152291,152291,152293,2,0
152292,152292,152294,2,0
152293,152293,152295,2,0
152294,152294,152296,2,0
152295,152295,152297,2,0
152294,152294,152297,3,0
152296,152296,152298,2,0
152298,152298,152300,2,0
152297,152297,152299,2,0
152298,152298,152301,3,0
152300,152300,152302,2,0
152299,152299,152301,2,0
152300,152301,152303,2,1
152301,152301,152304,3,0
152302,152302,152304,2,0
152303,152303,152305,2,0
152303,152303,152306,3,0
152305,152305,152307,2,0
152304,152304,152306,2,0
152306,152306,152308,2,0
152306,152306,152308,2,0
152307,152307,152309,2,0
152308,152308,152310,2,0
152309,152309,152311,2,0
152309,152309,152312,3,0
152310,152310,152312,2,0
152311,152311,152313,2,0
152312,152312,152314,2,0
152312,152312,152315,3,0
152313,152313,152315,2,0
152314,152314,152316,2,0
152314,152315,152316,1,1
152315,152315,152318,3,0
152316,152316,152318,2,0
152317,152317,152319,2,0
152318,152318,152320,2,0
152317,152317,152320,3,0
152319,152319,152321,2,0
152320,152320,152322,2,0
152320,152320,152322,2,0
152321,152321,152324,3,0
152322,152322,152324,2,0
152323,152323,152325,2,0
152323,152323,152326,3,0
152324,152324,152326,2,0
152325,152325,152327,2,0
152325,152326,152328,2,1
152326,152326,152329,3,0
152327,152327,152329,2,0
152328,152328,152330,2,0
152328,152328,152331,3,0
152329,152329,152332,3,0
152330,152330,152332,2,0
152331,152331,152333,2,0
152331,152331,152334,3,0
152332,152332,152334,2,0
152333,152333,152335,2,0
152334,152334,152336,2,0
152334,152334,152337,3,0
152335,152335,152337,2,0
152336,152336,152338,2,0
152336,152336,152339,3,0
152337,152337,152339,2,0
152338,152338,152340,2,0
152339,152339,152341,2,0
152340,152340,152342,2,0
152340,152340,152343,3,0
152342,152342,152344,2,0
152342,152342,152345,3,0
152341,152341,152345,4,0
152343,152343,152345,2,0
152344,152344,152346,2,0
152345,152345,152347,2,0
152345,152345,152348,3,0
152346,152346,152349,3,0
152347,152347,152349,2,0
152349,152349,152351,2,0
152349,152349,152352,3,0
152348,152348,152352,4,0
152350,152350,152352,2,0
152351,152351,152353,2,0
152352,152352,152354,2,0
152352,152352,152355,3,0
152354,152354,152356,2,0
152355,152355,152357,2,0
152353,152353,152357,4,0
152356,152356,152358,2,0
152356,152356,152359,3,0
152357,152357,152359,2,0
152359,152359,152362,3,0
152358,152358,152362,4,0
152360,152360,152362,2,0
152360,152360,152363,3,0
152361,152361,152364,3,0
152362,152362,152364,2,0
152363,152363,152366,3,0
152363,152363,152367,4,0
152364,152364,152366,2,0
152365,152365,152367,2,0
152366,152366,152368,2,0
152366,152367,152369,2,1
152368,152368,152370,2,0
152369,152369,152371,2,0
152367,152367,152371,4,0
152370,152370,152372,2,0
152370,152370,152373,3,0
152371,152371,152374,3,0
152373,152373,152375,2,0
152373,152373,152376,3,0
152372,152372,152376,4,0
152375,152375,152377,2,0
152374,152374,152378,4,0
152376,152376,152378,2,0
152377,152377,152380,3,0
152378,152378,152380,2,0
152377,152377,152381,4,0
152379,152379,152381,2,0
152380,152380,152382,2,0
152381,152381,152383,2,0
152381,152381,152384,3,0
152383,152383,152385,2,0
152384,152384,152386,2,0
152382,152382,152386,4,0
152385,152385,152387,2,0
152385,152385,152388,3,0
152386,152386,152388,2,0
152388,152388,152390,2,0
152388,152388,152391,3,0
152387,152387,152391,4,0
152389,152389,152391,2,0
152390,152390,152392,2,0
152391,152391,152394,3,0
152391,152391,152395,4,0
152392,152392,152394,2,0
152393,152393,152395,2,0
152394,152394,152396,2,0
152394,152394,152397,3,0
152396,152396,152398,2,0
152395,152395,152399,4,0
152397,152397,152399,2,0
152398,152398,152400,2,0
152398,152398,152401,3,0
152399,152399,152401,2,0
152400,152400,152402,2,0
152401,152401,152403,2,0
152402,152402,152404,2,0
152402,152402,152404,2,0
152404,152404,152406,2,0
152403,152403,152406,3,0
152404,152404,152407,3,0
152405,152405,152408,3,0
152406,152406,152409,3,0
152408,152408,152410,2,0
152407,152407,152410,3,0
152409,152409,152411,2,0
152408,152408,152412,4,0
152410,152410,152412,2,0
152411,152411,152413,2,0
152412,152412,152414,2,0
152411,152411,152415,4,0
152413,152413,152416,3,0
152414,152415,152417,2,1
152414,152414,152418,4,0
152415,152415,152418,3,0
152417,152417,152419,2,0
152416,152416,152420,4,0
152418,152418,152420,2,0
152418,152418,152420,2,0
152419,152419,152422,3,0
152420,152420,152424,4,0
152421,152421,152423,2,0
152422,152422,152424,2,0
152422,152422,152426,4,0
152423,152423,152426,3,0
152425,152425,152427,2,0
152425,152425,152428,3,0
152424,152424,152428,4,0
152426,152426,152429,3,0
152427,152427,152429,2,0
152428,152428,152431,3,0
152428,152429,152432,3,1
152430,152430,152432,2,0
152429,152429,152433,4,0
152431,152431,152433,2,0
152432,152432,152434,2,0
152432,152432,152436,4,0
152434,152434,152436,2,0
152433,152433,152436,3,0
152435,152435,152438,3,0
152435,152435,152439,4,0
152436,152436,152439,3,0
152437,152437,152439,2,0
152438,152438,152441,3,0
152438,152439,152442,3,1
152440,152440,152442,2,0
152439,152439,152443,4,0
152441,152441,152443,2,0
152442,152442,152444,2,0
152443,152443,152445,2,0
152442,152442,152446,4,0
152445,152445,152447,2,0
152444,152444,152448,4,0
152445,152445,152448,3,0
152446,152446,152449,3,0
152447,152447,152449,2,0
152448,152448,152450,2,0
152449,152449,152452,3,0
152450,152450,152452,2,0
152448,152449,152453,4,1
152451,152451,152453,2,0
152452,152452,152454,2,0
152452,152452,152455,3,0
152453,152453,152456,3,0
152454,152454,152456,2,0
152455,152455,152457,2,0
152455,152455,152458,3,0
152456,152456,152459,3,0
152457,152457,152459,2,0
152458,152458,152460,2,0
152458,152458,152461,3,0
152459,152459,152461,2,0
152460,152460,152462,2,0
152461,152461,152463,2,0
152461,152461,152464,3,0
152462,152462,152465,3,0
152463,152463,152465,2,0
152464,152464,152466,2,0
152464,152465,152467,2,1
152465,152465,152468,3,0
152466,152466,152468,2,0
152467,152467,152469,2,0
152467,152468,152470,2,1
152468,152468,152471,3,0
152469,152469,152471,2,0
152470,152470,152472,2,0
152470,152470,152473,3,0
152471,152471,152473,2,0
152472,152472,152474,2,0
152473,152473,152475,2,0
152473,152473,152476,3,0
152474,152474,152476,2,0
152475,152475,152477,2,0
152476,152476,152479,3,0
152475,152476,152479,3,1
152477,152477,152479,2,0
152478,152478,152480,2,0
152478,152479,152481,2,1
152479,152479,152482,3,0
152480,152480,152483,3,0
152481,152481,152483,2,0
152482,152482,152484,2,0
152482,152482,152485,3,0
152483,152483,152486,3,0
152484,152484,152486,2,0
152485,152485,152487,2,0
152485,152486,152488,2,1
152487,152487,152489,2,0
152486,152486,152489,3,0
152488,152488,152490,2,0
152489,152489,152491,2,0
152490,152490,152492,2,0
152490,152490,152493,3,0
152491,152491,152493,2,0
152492,152492,152495,3,0
152492,152493,152495,2,1
152493,152493,152496,3,0
152494,152494,152496,2,0
152495,152495,152498,3,0
152496,152496,152498,2,0
152496,152496,152499,3,0
152497,152497,152499,2,0
152498,152498,152500,2,0
152500,152500,152502,2,0
152499,152499,152502,3,0
152501,152501,152503,2,0
152501,152501,152504,3,0
152502,152502,152504,2,0
152503,152503,152505,2,0
152504,152504,152506,2,0
152505,152505,152507,2,0
152505,152505,152508,3,0
152506,152506,152509,3,0
152507,152507,152510,3,0
152508,152508,152510,2,0
152508,152508,152511,3,0
152509,152509,152512,3,0
152510,152510,152513,3,0
152511,152511,152513,2,0
152512,152512,152514,2,0
152512,152512,152515,3,0
152513,152513,152515,2,0
152514,152514,152516,2,0
152515,152515,152517,2,0
152515,152515,152518,3,0
152516,152516,152519,3,0
152517,152517,152519,2,0
152518,152518,152520,2,0
152519,152519,152521,2,0
152519,152519,152522,3,0
152520,152520,152522,2,0
152521,152521,152523,2,0
152522,152522,152524,2,0
152522,152523,152525,2,1
152523,152523,152525,2,0
152524,152524,152526,2,0
152525,152525,152527,2,0
152526,152526,152528,2,0
152526,152527,152529,2,1
152527,152527,152529,2,0
152528,152528,152530,2,0
152529,152529,152531,2,0
152529,152529,152532,3,0
152530,152530,152532,2,0
152531,152531,152533,2,0
152531,152532,152534,2,1
152532,152532,152535,3,0
152533,152533,152535,2,0
152534,152534,152536,2,0
152534,152534,152537,3,0
152535,152535,152538,3,0
152536,152536,152538,2,0
152537,152537,152539,2,0
152538,152538,152540,2,0
152538,152538,152541,3,0
152539,152539,152541,2,0
152540,152540,152542,2,0
152541,152541,152543,2,0
152541,152541,152544,3,0
152542,152542,152544,2,0
152543,152543,152545,2,0
152544,152544,152546,2,0
152544,152544,152546,2,0
152545,152545,152547,2,0
152546,152546,152548,2,0
152546,152546,152549,3,0
152547,152547,152550,3,0
152548,152548,152550,2,0
152549,152549,152551,2,0
152549,152549,152552,3,0
152550,152550,152553,3,0
152551,152551,152553,2,0
152552,152552,152554,2,0
152552,152552,152555,3,0
152553,152553,152556,3,0
152554,152554,152556,2,0
152555,152555,152557,2,0
152555,152555,152558,3,0
152556,152556,152558,2,0
152557,152557,152559,2,0
152557,152558,152560,2,1
152558,152558,152560,2,0
152559,152559,152561,2,0
152560,152560,152562,2,0
152560,152560,152563,3,0
152561,152561,152564,3,0
152562,152562,152564,2,0
152563,152563,152565,2,0
152564,152564,152566,2,0
152564,152564,152567,3,0
152565,152565,152567,2,0
152566,152566,152568,2,0
152567,152567,152569,2,0
152567,152567,152570,3,0
152569,152569,152571,2,0
152568,152568,152572,4,0
152570,152570,152572,2,0
152570,152570,152573,3,0
152571,152571,152573,2,0
152572,152572,152574,2,0
152573,152573,152576,3,0
152573,152573,152576,3,0
152574,152574,152577,3,0
152575,152575,152577,2,0
152576,152576,152578,2,0
152576,152576,152579,3,0
152577,152577,152580,3,0
152579,152579,152581,2,0
152578,152578,152582,4,0
152579,152580,152582,2,1
152580,152580,152583,3,0
152581,152581,152583,2,0
152582,152582,152584,2,0
152583,152583,152586,3,0
152582,152583,152586,3,1
152584,152584,152586,2,0
152585,152585,152587,2,0
152586,152586,152588,2,0
152587,152587,152589,2,0
152588,152588,152590,2,0
152587,152587,152591,4,0
152589,152589,152591,2,0
152590,152590,152593,3,0
152591,152591,152593,2,0
152589,152590,152594,4,1
152592,152592,152594,2,0
152593,152593,152596,3,0
152593,152593,152596,3,0
152595,152595,152597,2,0
152596,152596,152599,3,0
152594,152594,152598,4,0
152597,152597,152599,2,0
152598,152598,152600,2,0
152597,152597,152601,4,0
152600,152600,152602,2,0
152599,152599,152603,4,0
152601,152601,152604,3,0
152600,152601,152604,3,1
152602,152602,152604,2,0
152603,152603,152605,2,0
152605,152605,152607,2,0
152604,152605,152608,3,1
152604,152604,152608,4,0
152606,152606,152608,2,0
152608,152608,152610,2,0
152607,152607,152610,3,0
152608,152608,152611,3,0
152610,152610,152612,2,0
152611,152611,152613,2,0
152609,152609,152613,4,0
152611,152611,152614,3,0
152613,152613,152615,2,0
152612,152612,152615,3,0
152615,152615,152617,2,0
152615,152615,152618,3,0
152614,152614,152618,4,0
152616,152616,152618,2,0
152617,152617,152620,3,0
152618,152618,152620,2,0
152618,152619,152621,2,1
152620,152620,152622,2,0
152621,152621,152623,2,0
152619,152619,152623,4,0
152622,152622,152624,2,0
152623,152623,152625,2,0
152622,152622,152627,5,0
152625,152625,152627,2,0
152625,152625,152628,3,0
152624,152624,152628,4,0
152626,152626,152628,2,0
152627,152627,152629,2,0
152628,152628,152630,2,0
152629,152629,152632,3,0
152630,152630,152632,2,0
152628,152629,152633,4,1
152631,152631,152633,2,0
152632,152632,152634,2,0
152632,152632,152635,3,0
152633,152633,152635,2,0
152634,152634,152637,3,0
152635,152635,152637,2,0
152636,152636,152638,2,0
152636,152636,152639,3,0
152637,152637,152639,2,0
152638,152638,152640,2,0
152638,152639,152641,2,1
152639,152639,152642,3,0
152640,152640,152642,2,0
152641,152641,152643,2,0
152641,152641,152644,3,0
152642,152642,152645,3,0
152643,152643,152645,2,0
152644,152644,152646,2,0
152644,152644,152647,3,0
152645,152645,152648,3,0
152646,152646,152648,2,0
152647,152647,152649,2,0
152647,152647,152650,3,0
152648,152648,152650,2,0
152649,152649,152651,2,0
152650,152650,152652,2,0
152651,152651,152653,2,0
152651,152651,152654,3,0
152652,152652,152655,3,0
152653,152653,152655,2,0
152654,152654,152656,2,0
152655,152655,152657,2,0
152655,152655,152658,3,0
152656,152656,152658,2,0
152657,152657,152659,2,0
152658,152658,152661,3,0
152658,152658,152661,3,0
152659,152659,152661,2,0
152660,152660,152662,2,0
152660,152660,152663,3,0
152661,152661,152663,2,0
152662,152662,152664,2,0
152663,152663,152665,2,0
152664,152664,152666,2,0
152663,152664,152667,3,1
152665,152665,152667,2,0
152666,152666,152668,2,0
152667,152667,152669,2,0
152667,152667,152669,2,0
152668,152668,152670,2,0
152669,152669,152671,2,0
152670,152670,152673,3,0
152670,152670,152673,3,0
152671,152671,152674,3,0
152672,152672,152674,2,0
152673,152673,152675,2,0
152674,152674,152676,2,0
152674,152674,152677,3,0
152675,152675,152678,3,0
152677,152677,152679,2,0
152676,152676,152680,4,0
152678,152678,152680,2,0
152678,152678,152681,3,0
152679,152679,152682,3,0
152680,152680,152682,2,0
152681,152681,152683,2,0
152682,152682,152684,2,0
152682,152682,152685,3,0
152684,152684,152686,2,0
152683,152683,152687,4,0
152685,152685,152687,2,0
152686,152686,152688,2,0
152686,152686,152689,3,0
152687,152687,152689,2,0
152688,152688,152690,2,0
152689,152689,152692,3,0
152689,152689,152692,3,0
152690,152690,152693,3,0
152691,152691,152693,2,0
152692,152692,152694,2,0
152692,152692,152695,3,0
152693,152693,152696,3,0
152694,152694,152696,2,0
152695,152695,152697,2,0
152696,152696,152699,3,0
152695,152696,152699,3,1
152697,152697,152699,2,0
152698,152698,152700,2,0
152699,152699,152701,2,0
152699,152699,152702,3,0
152700,152700,152702,2,0
152701,152701,152703,2,0
152702,152702,152704,2,0
152702,152702,152705,3,0
152703,152703,152706,3,0
152704,152704,152706,2,0
152705,152705,152707,2,0
152705,152705,152708,3,0
152706,152706,152709,3,0
152707,152707,152709,2,0
152708,152708,152710,2,0
152708,152709,152711,2,1
152709,152709,152712,3,0
152710,152710,152712,2,0
152711,152711,152713,2,0
152712,152712,152714,2,0
152712,152713,152715,2,1
152713,152713,152716,3,0
152714,152714,152716,2,0
152715,152715,152717,2,0
152715,152715,152718,3,0
152716,152716,152719,3,0
152717,152717,152720,3,0
152718,152718,152720,2,0
152718,152718,152721,3,0
152719,152719,152721,2,0
152720,152720,152722,2,0
152721,152721,152723,2,0
152721,152721,152723,2,0
152722,152722,152725,3,0
152723,152723,152725,2,0
152724,152724,152726,2,0
152724,152724,152727,3,0
152725,152725,152727,2,0
152726,152726,152728,2,0
152726,152727,152729,2,1
152727,152727,152730,3,0
152728,152728,152730,2,0
152729,152729,152731,2,0
152729,152729,152732,3,0
152730,152730,152732,2,0
152731,152731,152733,2,0
152732,152732,152734,2,0
152732,152732,152734,2,0
152733,152733,152735,2,0
152734,152734,152736,2,0
152734,152735,152737,2,1
152735,152735,152738,3,0
152736,152736,152738,2,0
152737,152737,152739,2,0
152737,152737,152740,3,0
152738,152738,152741,3,0
152739,152739,152741,2,0
152740,152740,152742,2,0
152740,152741,152743,2,1
152741,152741,152744,3,0
152743,152743,152745,2,0
152742,152742,152746,4,0
152744,152744,152746,2,0
152744,152744,152747,3,0
152745,152745,152747,2,0
152746,152746,152748,2,0
152747,152747,152750,3,0
152747,152747,152750,3,0
152748,152748,152750,2,0
152749,152749,152752,3,0
152750,152750,152752,2,0
152751,152751,152753,2,0
152751,152751,152754,3,0
152753,152753,152755,2,0
152752,152752,152756,4,0
152754,152754,152756,2,0
152754,152754,152757,3,0
152755,152755,152757,2,0
152756,152756,152758,2,0
152757,152757,152760,3,0
152757,152757,152760,3,0
152758,152758,152760,2,0
152759,152759,152761,2,0
152760,152760,152762,2,0
152760,152760,152762,2,0
152762,152762,152764,2,0
152761,152761,152765,4,0
152763,152763,152765,2,0
152763,152764,152766,2,1
152764,152764,152767,3,0
152765,152765,152767,2,0
152766,152766,152768,2,0
152767,152767,152770,3,0
152767,152767,152770,3,0
152768,152768,152770,2,0
152769,152769,152771,2,0
152770,152770,152773,3,0
152771,152771,152773,2,0
152772,152772,152774,2,0
152772,152772,152775,3,0
152773,152773,152775,2,0
152774,152774,152776,2,0
152775,152775,152777,2,0
152775,152776,152778,2,1
152776,152776,152779,3,0
152777,152777,152779,2,0
152778,152778,152780,2,0
152778,152778,152781,3,0
152779,152779,152782,3,0
152780,152780,152782,2,0
152781,152781,152783,2,0
152781,152781,152783,2,0
152782,152782,152784,2,0
152783,152783,152785,2,0
152784,152784,152786,2,0
152784,152784,152787,3,0
152785,152785,152787,2,0
152786,152786,152788,2,0
152787,152787,152789,2,0
152787,152787,152790,3,0
152788,152788,152790,2,0
152789,152789,152791,2,0
152789,152790,152792,2,1
152790,152790,152793,3,0
152791,152791,152794,3,0
152792,152792,152794,2,0
152793,152793,152795,2,0
152793,152793,152797,4,0
152795,152795,152797,2,0
152794,152794,152798,4,0
152795,152796,152798,2,1
152796,152796,152799,3,0
152797,152797,152799,2,0
152799,152799,152802,3,0
152798,152798,152802,4,0
152800,152800,152802,2,0
152799,152799,152803,4,0
152801,152801,152803,2,0
152802,152802,152804,2,0
152802,152803,152805,2,1
152803,152803,152806,3,0
152805,152805,152807,2,0
152806,152806,152808,2,0
152804,152804,152808,4,0
152806,152806,152809,3,0
152807,152807,152809,2,0
152808,152808,152810,2,0
152809,152809,152811,2,0
152810,152810,152812,2,0
152809,152809,152814,5,0
152811,152811,152814,3,0
152812,152812,152814,2,0
152813,152813,152815,2,0
152813,152813,152816,3,0
152815,152815,152817,2,0
152816,152816,152818,2,0
152814,152814,152819,5,0
152816,152817,152819,2,1
152817,152817,152819,2,0
152818,152818,152820,2,0
152819,152819,152821,2,0
152820,152820,152823,3,0
152821,152821,152823,2,0
152820,152820,152824,4,0
152822,152822,152824,2,0
152823,152823,152826,3,0
152823,152823,152827,4,0
152824,152824,152827,3,0
152825,152825,152827,2,0
152827,152827,152829,2,0
152826,152826,152830,4,0
152828,152828,152830,2,0
152828,152828,152831,3,0
152829,152829,152833,4,0
152830,152830,152834,4,0
152831,152831,152834,3,0
152832,152832,152835,3,0
152831,152831,152835,4,0
152833,152833,152835,2,0
152835,152835,152837,2,0
152835,152835,152838,3,0
152834,152834,152838,4,0
152836,152836,152838,2,0
152838,152838,152840,2,0
152837,152837,152841,4,0
152839,152839,152841,2,0
152840,152840,152842,2,0
152839,152839,152843,4,0
152842,152842,152844,2,0
152841,152841,152844,3,0
152842,152842,152845,3,0
152843,152843,152847,4,0
152845,152845,152847,2,0
152844,152844,152848,4,0
152845,152845,152848,3,0
152846,152846,152848,2,0
152848,152848,152850,2,0
152847,152847,152851,4,0
152848,152849,152851,2,1
152850,152850,152852,2,0
152851,152851,152853,2,0
152849,152849,152853,4,0
152852,152852,152854,2,0
152853,152853,152855,2,0
152852,152852,152856,4,0
152854,152854,152856,2,0
152855,152855,152857,2,0
152856,152856,152858,2,0
152855,152856,152860,4,1
152857,152857,152859,2,0
152858,152858,152861,3,0
152858,152858,152861,3,0
152859,152859,152861,2,0
152861,152861,152863,2,0
152861,152861,152864,3,0
152860,152860,152864,4,0
152862,152862,152864,2,0
152864,152864,152866,2,0
152863,152863,152867,4,0
152865,152865,152867,2,0
152866,152866,152868,2,0
152865,152865,152869,4,0
152867,152867,152869,2,0
152868,152868,152871,3,0
152868,152868,152872,4,0
152869,152869,152871,2,0
152870,152870,152872,2,0
152871,152871,152873,2,0
152872,152872,152874,2,0
152872,152872,152875,3,0
152873,152873,152876,3,0
152875,152875,152877,2,0
152874,152874,152878,4,0
152875,152875,152878,3,0
152876,152876,152879,3,0
152877,152877,152879,2,0
152878,152878,152880,2,0
152879,152879,152881,2,0
152879,152879,152882,3,0
152881,152881,152883,2,0
152880,152880,152884,4,0
152882,152882,152884,2,0
152882,152882,152885,3,0
152883,152883,152886,3,0
152884,152884,152886,2,0
152885,152885,152887,2,0
152885,152886,152888,2,1
152887,152887,152889,2,0
152886,152886,152890,4,0
152888,152888,152890,2,0
152889,152889,152891,2,0
152889,152889,152892,3,0
152890,152890,152892,2,0
152891,152891,152893,2,0
152892,152892,152894,2,0
152892,152892,152895,3,0
152893,152893,152895,2,0
152894,152894,152896,2,0
152895,152895,152897,2,0
152896,152896,152898,2,0
152896,152896,152898,2,0
152897,152897,152899,2,0
152898,152898,152900,2,0
152899,152899,152901,2,0
152899,152899,152902,3,0
152900,152900,152902,2,0
152901,152901,152903,2,0
152902,152902,152904,2,0
152902,152903,152905,2,1
152903,152903,152906,3,0
152904,152904,152906,2,0
152905,152905,152907,2,0
152906,152906,152908,2,0
152906,152906,152909,3,0
152907,152907,152909,2,0
152908,152908,152910,2,0
152909,152909,152911,2,0
152909,152909,152912,3,0
152910,152910,152912,2,0
152911,152911,152913,2,0
152912,152912,152914,2,0
152912,152912,152914,2,0
152913,152913,152915,2,0
152914,152914,152916,2,0
152915,152915,152917,2,0
152915,152915,152918,3,0
152916,152916,152918,2,0
152917,152917,152919,2,0
152918,152918,152920,2,0
152918,152919,152921,2,1
152919,152919,152921,2,0
152920,152920,152923,3,0
152921,152921,152923,2,0
152922,152922,152924,2,0
152922,152922,152924,2,0
152923,152923,152925,2,0
152924,152924,152926,2,0
152925,152925,152927,2,0
152925,152926,152928,2,1
152926,152926,152928,2,0
152927,152927,152929,2,0
152928,152928,152930,2,0
152929,152929,152931,2,0
152929,152929,152932,3,0
152930,152930,152932,2,0
152931,152931,152934,3,0
152932,152932,152934,2,0
152933,152933,152935,2,0
152933,152934,152936,2,1
152934,152934,152937,3,0
152935,152935,152937,2,0
152936,152936,152938,2,0
152936,152936,152939,3,0
152937,152937,152939,2,0
152938,152938,152940,2,0
152939,152939,152941,2,0
152939,152939,152941,2,0
152940,152940,152942,2,0
152941,152941,152943,2,0
152942,152942,152944,2,0
152942,152942,152945,3,0
152943,152943,152945,2,0
152944,152944,152946,2,0
152944,152945,152947,2,1
152945,152945,152948,3,0
152946,152946,152948,2,0
152947,152947,152949,2,0
152947,152948,152950,2,1
152948,152948,152951,3,0
152949,152949,152951,2,0
152950,152950,152952,2,0
152950,152950,152953,3,0
152951,152951,152954,3,0
152952,152952,152954,2,0
152953,152953,152955,2,0
152953,152953,152956,3,0
152954,152954,152956,2,0
152955,152955,152957,2,0
152956,152956,152959,3,0
152957,152957,152959,2,0
152956,152956,152960,4,0
152958,152958,152960,2,0
152959,152959,152961,2,0
152959,152960,152962,2,1
152960,152960,152962,2,0
152962,152962,152964,2,0
152963,152963,152965,2,0
152961,152961,152965,4,0
152963,152963,152966,3,0
152964,152964,152966,2,0
152965,152965,152967,2,0
152966,152966,152968,2,0
152966,152966,152969,3,0
152968,152968,152970,2,0
152969,152969,152971,2,0
152967,152967,152972,5,0
152969,152969,152972,3,0
152970,152970,152972,2,0
152971,152971,152973,2,0
152972,152972,152974,2,0
152973,152973,152975,2,0
152974,152974,152976,2,0
152975,152975,152977,2,0
152973,152973,152978,5,0
152976,152976,152978,2,0
152976,152976,152979,3,0
152977,152977,152980,3,0
152978,152978,152980,2,0
152979,152979,152981,2,0
152980,152980,152983,3,0
152981,152981,152983,2,0
152979,152980,152984,4,1
152982,152982,152984,2,0
152983,152983,152985,2,0
152983,152984,152986,2,1
152984,152984,152986,2,0
152985,152985,152987,2,0
152986,152987,152989,2,1
152987,152987,152990,3,0
152986,152986,152990,4,0
152988,152988,152990,2,0
152989,152989,152991,2,0
152990,152990,152992,2,0
152990,152990,152993,3,0
152992,152992,152994,2,0
152993,152993,152995,2,0
152991,152991,152996,5,0
152994,152994,152996,2,0
152994,152994,152997,3,0
152995,152995,152997,2,0
152996,152996,152998,2,0
152997,152997,152999,2,0
152997,152997,153000,3,0
152998,152998,153000,2,0
152999,152999,153001,2,0
153000,153000,153002,2,0
153001,153001,153003,2,0
153001,153001,153003,2,0
153002,153002,153004,2,0
153003,153003,153005,2,0
153004,153004,153006,2,0
153005,153005,153007,2,0
153005,153005,153008,3,0
153006,153006,153008,2,0
153007,153007,153009,2,0
153008,153008,153010,2,0
153008,153008,153011,3,0
153009,153009,153011,2,0
153010,153010,153012,2,0
153011,153011,153013,2,0
153011,153011,153014,3,0
153012,153012,153014,2,0
153013,153013,153015,2,0
153014,153014,153016,2,0
153015,153015,153017,2,0
153015,153016,153018,2,1
153016,153016,153019,3,0
153017,153017,153020,3,0
153018,153018,153021,3,0
153019,153019,153021,2,0
153019,153019,153022,3,0
153020,153020,153022,2,0
153021,153021,153023,2,0
153022,153022,153024,2,0
153023,153023,153025,2,0
153022,153022,153026,4,0
153024,153024,153026,2,0
153025,153025,153027,2,0
153025,153025,153028,3,0
153026,153026,153028,2,0
153028,153028,153030,2,0
153027,153027,153031,4,0
153028,153028,153031,3,0
153029,153029,153032,3,0
153031,153031,153033,2,0
153030,153030,153034,4,0
153032,153032,153034,2,0
153033,153033,153035,2,0
153032,153032,153036,4,0
153034,153034,153036,2,0
153035,153035,153037,2,0
153035,153035,153038,3,0
153036,153036,153038,2,0
153038,153038,153040,2,0
153038,153038,153041,3,0
153037,153037,153041,4,0
153039,153039,153042,3,0
153041,153041,153043,2,0
153040,153040,153044,4,0
153042,153042,153044,2,0
153042,153042,153045,3,0
153044,153044,153046,2,0
153045,153045,153047,2,0
153043,153043,153047,4,0
153045,153045,153048,3,0
153047,153047,153049,2,0
153046,153046,153050,4,0
153048,153048,153050,2,0
153048,153048,153051,3,0
153050,153050,153052,2,0
153051,153051,153053,2,0
153049,153049,153053,4,0
153052,153052,153054,2,0
153052,153052,153055,3,0
153053,153053,153055,2,0
153054,153054,153056,2,0
153055,153055,153057,2,0
153056,153056,153058,2,0
153057,153057,153059,2,0
153055,153056,153060,4,1
153058,153058,153060,2,0
153059,153059,153061,2,0
153059,153059,153061,2,0
153061,153061,153063,2,0
153062,153062,153064,2,0
153060,153060,153064,4,0
153062,153062,153064,2,0
153063,153063,153066,3,0
153064,153064,153066,2,0
153065,153065,153067,2,0
153066,153066,153069,3,0
153067,153067,153069,2,0
153066,153066,153070,4,0
153068,153068,153070,2,0
153069,153069,153071,2,0
153070,153070,153072,2,0
153069,153069,153073,4,0
153071,153071,153073,2,0
153072,153072,153074,2,0
153073,153073,153075,2,0
153073,153073,153076,3,0
153074,153074,153076,2,0
153075,153075,153077,2,0
153076,153076,153078,2,0
153076,153076,153079,3,0
153077,153077,153079,2,0
153078,153078,153080,2,0
153079,153079,153081,2,0
153079,153079,153082,3,0
153080,153080,153082,2,0
153081,153081,153083,2,0
153082,153082,153084,2,0
153083,153083,153085,2,0
153083,153083,153086,3,0
153084,153084,153086,2,0
153085,153085,153087,2,0
153086,153086,153088,2,0
153087,153087,153089,2,0
153087,153087,153090,3,0
153088,153088,153091,3,0
153089,153089,153091,2,0
153090,153090,153092,2,0
153090,153090,153093,3,0
153091,153091,153093,2,0
153092,153092,153094,2,0
153092,153093,153095,2,1
153094,153094,153096,2,0
153093,153093,153097,4,0
153095,153095,153097,2,0
153095,153095,153098,3,0
153096,153096,153098,2,0
153097,153097,153099,2,0
153098,153098,153100,2,0
153098,153098,153101,3,0
153099,153099,153102,3,0
153100,153100,153102,2,0
153101,153101,153103,2,0
153102,153102,153104,2,0
153102,153102,153105,3,0
153103,153103,153105,2,0
153104,153104,153106,2,0
153105,153105,153107,2,0
153105,153105,153108,3,0
153106,153106,153108,2,0
153107,153107,153109,2,0
153108,153108,153110,2,0
153109,153109,153111,2,0
153109,153109,153111,2,0
153110,153110,153113,3,0
153111,153111,153113,2,0
153112,153112,153114,2,0
153113,153113,153115,2,0
153113,153113,153116,3,0
153114,153114,153117,3,0
153115,153115,153117,2,0
153116,153116,153118,2,0
153117,153117,153119,2,0
153118,153118,153120,2,0
153118,153118,153121,3,0
153119,153119,153121,2,0
153120,153120,153122,2,0
153121,153121,153123,2,0
153122,153122,153124,2,0
153122,153122,153125,3,0
153123,153123,153125,2,0
153124,153124,153126,2,0
153125,153125,153127,2,0
153125,153125,153128,3,0
153126,153126,153128,2,0
153127,153127,153129,2,0
153127,153127,153130,3,0
153128,153128,153131,3,0
153129,153129,153131,2,0
153130,153130,153132,2,0
153130,153130,153133,3,0
153131,153131,153133,2,0
153132,153132,153134,2,0
153133,153133,153135,2,0
153133,153133,153135,2,0
153134,153134,153136,2,0
153135,153135,153137,2,0
153136,153136,153138,2,0
153136,153136,153139,3,0
153137,153137,153139,2,0
153138,153138,153141,3,0
153139,153139,153141,2,0
153139,153139,153142,3,0
153140,153140,153142,2,0
153141,153141,153143,2,0
153142,153142,153144,2,0
153142,153142,153145,3,0
153143,153143,153145,2,0
153144,153144,153146,2,0
153145,153145,153148,3,0
153145,153145,153148,3,0
153146,153146,153148,2,0
153147,153147,153149,2,0
153147,153147,153150,3,0
153148,153148,153152,4,0
153150,153150,153152,2,0
153150,153150,153153,3,0
153149,153149,153153,4,0
153151,153151,153154,3,0
153152,153152,153154,2,0
153153,153153,153155,2,0
153154,153154,153156,2,0
153154,153154,153157,3,0
153156,153156,153158,2,0
153155,153155,153159,4,0
153157,153157,153159,2,0
153157,153157,153160,3,0
153158,153158,153161,3,0
153159,153159,153161,2,0
153160,153160,153162,2,0
153161,153161,153163,2,0
153162,153162,153164,2,0
153163,153163,153165,2,0
153161,153161,153166,5,0
153164,153164,153166,2,0
153164,153164,153167,3,0
153165,153165,153167,2,0
153166,153166,153168,2,0
153167,153167,153169,2,0
153168,153168,153171,3,0
153167,153168,153171,3,1
153169,153169,153172,3,0
153170,153170,153172,2,0
153171,153171,153173,2,0
153171,153171,153174,3,0
153172,153172,153174,2,0
153173,153173,153175,2,0
153175,153175,153177,2,0
153175,153175,153178,3,0
153174,153174,153178,4,0
153176,153176,153178,2,0
153177,153177,153179,2,0
153178,153178,153181,3,0
153177,153178,153181,3,1
153179,153179,153181,2,0
153180,153180,153183,3,0
153182,153182,153184,2,0
153181,153181,153185,4,0
153183,153183,153185,2,0
153183,153183,153186,3,0
153184,153184,153186,2,0
153185,153185,153188,3,0
153187,153187,153189,2,0
153186,153186,153190,4,0
153188,153188,153190,2,0
153187,153187,153191,4,0
153189,153189,153191,2,0
153190,153190,153193,3,0
153190,153190,153193,3,0
153191,153191,153194,3,0
153192,153192,153194,2,0
153193,153194,153196,2,1
153193,153193,153196,3,0
153194,153194,153197,3,0
153195,153195,153198,3,0
153197,153197,153199,2,0
153196,153196,153200,4,0
153198,153198,153201,3,0
153197,153197,153201,4,0
153199,153199,153201,2,0
153200,153200,153202,2,0
153201,153201,153204,3,0
153201,153201,153205,4,0
153203,153203,153205,2,0
153202,153202,153206,4,0
153204,153204,153206,2,0
153204,153205,153207,2,1
153206,153206,153208,2,0
153205,153205,153209,4,0
153208,153208,153210,2,0
153207,153207,153211,4,0
153209,153209,153212,3,0
153208,153208,153212,4,0
153210,153210,153212,2,0
153211,153211,153213,2,0
153212,153212,153215,3,0
153212,153212,153215,3,0
153213,153213,153215,2,0
153215,153215,153217,2,0
153214,153214,153217,3,0
153217,153217,153219,2,0
153216,153216,153220,4,0
153215,153215,153220,5,0
153218,153218,153220,2,0
153219,153219,153222,3,0
153219,153219,153222,3,0
153220,153220,153222,2,0
153221,153221,153223,2,0
153222,153222,153225,3,0
153222,153222,153225,3,0
153223,153223,153225,2,0
153224,153224,153226,2,0
153225,153226,153228,2,1
153225,153225,153228,3,0
153226,153226,153228,2,0
153227,153227,153229,2,0
153229,153229,153231,2,0
153228,153228,153232,4,0
153229,153229,153231,2,0
153230,153230,153232,2,0
153232,153232,153234,2,0
153231,153231,153235,4,0
153233,153233,153235,2,0
153234,153234,153237,3,0
153232,153232,153236,4,0
153236,153236,153238,2,0
153235,153235,153239,4,0
153237,153237,153239,2,0
153238,153238,153240,2,0
153238,153238,153242,4,0
153240,153240,153242,2,0
153239,153239,153243,4,0
153241,153241,153243,2,0
153241,153241,153244,3,0
153242,153242,153244,2,0
153243,153243,153245,2,0
153244,153244,153246,2,0
153244,153244,153248,4,0
153246,153246,153248,2,0
153245,153245,153249,4,0
153247,153247,153249,2,0
153247,153248,153250,2,1
153248,153248,153251,3,0
153249,153249,153251,2,0
153250,153250,153252,2,0
153251,153251,153253,2,0
153252,153252,153255,3,0
153251,153251,153255,4,0
153253,153253,153255,2,0
153254,153254,153256,2,0
153254,153254,153256,2,0
153255,153255,153257,2,0
153257,153257,153259,2,0
153256,153256,153260,4,0
153258,153258,153260,2,0
153258,153258,153261,3,0
153259,153259,153261,2,0
153260,153260,153262,2,0
153261,153261,153263,2,0
153261,153262,153263,1,1
153262,153262,153264,2,0
153263,153263,153265,2,0
153264,153264,153266,2,0
153265,153265,153267,2,0
153265,153265,153268,3,0
153267,153267,153269,2,0
153268,153268,153270,2,0
153266,153266,153270,4,0
153268,153268,153271,3,0
153269,153269,153271,2,0
153270,153270,153272,2,0
153271,153271,153273,2,0
153271,153271,153275,4,0
153272,153272,153274,2,0
153273,153273,153276,3,0
153274,153274,153276,2,0
153275,153275,153277,2,0
153276,153276,153278,2,0
153278,153278,153280,2,0
153277,153277,153279,2,0
153275,153275,153279,4,0
153279,153279,153281,2,0
153279,153279,153282,3,0
153281,153281,153283,2,0
153280,153280,153284,4,0
153282,153282,153284,2,0
153282,153282,153285,3,0
153283,153283,153285,2,0
153285,153285,153288,3,0
153284,153284,153288,4,0
153286,153286,153288,2,0
153285,153285,153289,4,0
153287,153287,153289,2,0
153288,153288,153290,2,0
153288,153288,153291,3,0
153289,153289,153291,2,0
153291,153291,153293,2,0
153292,153292,153294,2,0
153291,153291,153294,3,0
153290,153290,153294,4,0
153293,153293,153295,2,0
153294,153294,153296,2,0
153295,153296,153298,2,1
153295,153295,153299,4,0
153296,153296,153298,2,0
153297,153297,153299,2,0
153298,153298,153300,2,0
153298,153299,153302,3,1
153300,153300,153302,2,0
153299,153300,153303,3,1
153301,153301,153303,2,0
153302,153302,153304,2,0
153302,153302,153305,3,0
153305,153305,153307,2,0
153304,153304,153308,4,0
153303,153303,153308,5,0
153306,153306,153308,2,0
153306,153306,153309,3,0
153307,153307,153309,2,0
153308,153308,153310,2,0
153310,153310,153312,2,0
153310,153310,153312,2,0
153309,153309,153313,4,0
153311,153311,153313,2,0
153312,153312,153314,2,0
153312,153313,153315,2,1
153313,153313,153316,3,0
153314,153314,153316,2,0
153315,153315,153317,2,0
153316,153316,153318,2,0
153316,153317,153319,2,1
153317,153317,153319,2,0
153318,153318,153320,2,0
153319,153319,153321,2,0
153320,153320,153322,2,0
153320,153320,153323,3,0
153321,153321,153323,2,0
153322,153322,153324,2,0
153323,153323,153325,2,0
153323,153323,153326,3,0
153324,153324,153326,2,0
153325,153325,153327,2,0
153326,153326,153328,2,0
153326,153327,153329,2,1
153327,153327,153329,2,0
153328,153328,153330,2,0
153329,153329,153331,2,0
153330,153330,153332,2,0
153331,153331,153333,2,0
153331,153331,153334,3,0
153015,153015,153334,319,0
153332,153332,153334,2,0
153333,153333,153335,2,0
153334,153334,153336,2,0
153335,153335,153337,2,0
153335,153336,153338,2,1
153336,153336,153339,3,0
153337,153337,153339,2,0
153338,153338,153340,2,0
153339,153339,153341,2,0
153339,153339,153342,3,0
153340,153340,153342,2,0
153341,153341,153343,2,0
153342,153342,153344,2,0
153342,153343,153345,2,1
153343,153343,153345,2,0
153344,153344,153346,2,0
153345,153345,153347,2,0
153345,153346,153348,2,1
153346,153346,153349,3,0
153347,153347,153349,2,0
153348,153348,153350,2,0
153348,153348,153351,3,0
153349,153349,153351,2,0
153350,153350,153352,2,0
153351,153351,153353,2,0
153351,153351,153354,3,0
153352,153352,153354,2,0
153353,153353,153355,2,0
153354,153354,153356,2,0
153354,153354,153356,2,0
153355,153355,153357,2,0
153356,153357,153359,2,1
153357,153357,153359,2,0
153356,153356,153360,4,0
153358,153358,153360,2,0
153359,153359,153361,2,0
153359,153360,153362,2,1
153360,153360,153362,2,0
153361,153361,153363,2,0
153362,153362,153364,2,0
153363,153363,153365,2,0
153363,153363,153365,2,0
153364,153364,153366,2,0
153365,153365,153367,2,0
153366,153366,153368,2,0
153367,153367,153369,2,0
153367,153367,153370,3,0
153368,153368,153370,2,0
153369,153369,153371,2,0
153370,153370,153372,2,0
153371,153371,153373,2,0
153370,153370,153374,4,0
153372,153372,153374,2,0
153372,153373,153375,2,1
153373,153373,153376,3,0
153374,153374,153376,2,0
153375,153375,153377,2,0
153376,153376,153378,2,0
153376,153376,153378,2,0
153377,153377,153379,2,0
153378,153378,153380,2,0
153379,153379,153381,2,0
153379,153379,153381,2,0
153380,153380,153382,2,0
153381,153381,153383,2,0
153382,153382,153384,2,0
153382,153382,153385,3,0
153383,153383,153385,2,0
153384,153384,153386,2,0
153385,153385,153387,2,0
153386,153386,153388,2,0
153386,153386,153389,3,0
153387,153387,153390,3,0
153388,153388,153390,2,0
153389,153389,153391,2,0
153390,153390,153392,2,0
153391,153391,153393,2,0
153392,153392,153394,2,0
153390,153390,153395,5,0
153393,153393,153395,2,0
153393,153393,153396,3,0
153394,153394,153396,2,0
153395,153395,153397,2,0
153396,153396,153398,2,0
153396,153396,153399,3,0
153397,153397,153399,2,0
153398,153398,153400,2,0
153399,153399,153401,2,0
153400,153400,153402,2,0
153400,153400,153403,3,0
153401,153401,153403,2,0
153402,153402,153404,2,0
153403,153403,153405,2,0
153404,153404,153406,2,0
153404,153404,153407,3,0
153405,153405,153407,2,0
153406,153406,153408,2,0
153407,153407,153409,2,0
153407,153407,153410,3,0
153408,153408,153411,3,0
153410,153410,153412,2,0
153409,153409,153413,4,0
153411,153411,153413,2,0
153411,153411,153414,3,0
153412,153412,153414,2,0
153413,153413,153415,2,0
153414,153414,153416,2,0
153414,153414,153417,3,0
153416,153416,153418,2,0
153415,153415,153419,4,0
153417,153417,153419,2,0
153418,153418,153420,2,0
153419,153419,153421,2,0
153419,153419,153422,3,0
153420,153420,153422,2,0
153421,153421,153423,2,0
153422,153422,153424,2,0
153422,153422,153425,3,0
153423,153423,153425,2,0
153424,153424,153426,2,0
153425,153425,153427,2,0
153425,153425,153428,3,0
153426,153426,153428,2,0
153428,153428,153430,2,0
153427,153427,153430,3,0
153428,153428,153431,3,0
153429,153429,153432,3,0
153430,153430,153432,2,0
153431,153431,153433,2,0
153431,153432,153434,2,1
153432,153432,153435,3,0
153433,153433,153435,2,0
153434,153434,153436,2,0
153435,153435,153437,2,0
153435,153435,153438,3,0
153436,153436,153438,2,0
153437,153437,153439,2,0
153438,153438,153440,2,0
153438,153438,153441,3,0
153440,153440,153442,2,0
153439,153439,153442,3,0
153441,153441,153443,2,0
153442,153442,153444,2,0
153442,153442,153445,3,0
153443,153443,153445,2,0
153445,153445,153447,2,0
153444,153444,153448,4,0
153446,153446,153448,2,0
153445,153445,153448,3,0
153447,153447,153449,2,0
153448,153448,153450,2,0
153448,153448,153451,3,0
153449,153449,153451,2,0
153450,153450,153453,3,0
153451,153451,153453,2,0
153451,153451,153454,3,0
153452,153452,153454,2,0
153453,153453,153455,2,0
153454,153454,153456,2,0
153454,153454,153457,3,0
153455,153455,153458,3,0
153456,153456,153458,2,0
153457,153457,153459,2,0
153457,153458,153460,2,1
153458,153458,153461,3,0
153459,153459,153461,2,0
153460,153460,153462,2,0
153460,153460,153463,3,0
153461,153461,153463,2,0
153462,153462,153464,2,0
153463,153463,153465,2,0
153463,153463,153465,2,0
153464,153464,153466,2,0
153465,153465,153467,2,0
153466,153466,153468,2,0
153466,153466,153468,2,0
153467,153467,153469,2,0
153468,153468,153470,2,0
153469,153469,153471,2,0
153469,153469,153472,3,0
153470,153470,153472,2,0
153471,153471,153473,2,0
153472,153472,153474,2,0
153471,153472,153475,3,1
153473,153473,153475,2,0
153474,153474,153476,2,0
153474,153474,153477,3,0
153475,153475,153478,3,0
153476,153476,153478,2,0
153477,153477,153479,2,0
153477,153477,153480,3,0
153478,153478,153480,2,0
153479,153479,153481,2,0
153480,153480,153482,2,0
153481,153481,153483,2,0
153481,153481,153484,3,0
153482,153482,153484,2,0
153483,153483,153485,2,0
153484,153484,153486,2,0
153484,153484,153487,3,0
153485,153485,153487,2,0
153486,153486,153489,3,0
153487,153487,153489,2,0
153488,153488,153490,2,0
153488,153488,153491,3,0
153490,153490,153492,2,0
153489,153489,153493,4,0
153491,153491,153493,2,0
153491,153491,153494,3,0
153492,153492,153494,2,0
153493,153493,153495,2,0
153494,153494,153496,2,0
153494,153495,153497,2,1
153495,153495,153497,2,0
153496,153496,153499,3,0
153498,153498,153500,2,0
153497,153497,153501,4,0
153498,153498,153501,3,0
153499,153499,153501,2,0
153500,153500,153502,2,0
153501,153501,153503,2,0
153502,153502,153504,2,0
153503,153503,153505,2,0
153503,153503,153505,2,0
153504,153504,153506,2,0
153505,153506,153508,2,1
153506,153506,153509,3,0
153505,153505,153509,4,0
153507,153507,153509,2,0
153508,153508,153510,2,0
153508,153509,153511,2,1
153509,153509,153511,2,0
153510,153510,153512,2,0
153511,153511,153513,2,0
153512,153512,153514,2,0
153511,153512,153514,2,1
153513,153513,153515,2,0
153515,153515,153517,2,0
153514,153514,153516,2,0
153515,153515,153517,2,0
153516,153516,153518,2,0
153518,153518,153520,2,0
153517,153517,153519,2,0
153519,153519,153521,2,0
153520,153520,153522,2,0
153519,153519,153522,3,0
153521,153521,153523,2,0
153522,153522,153524,2,0
153521,153522,153524,2,1
153523,153523,153525,2,0
153525,153525,153527,2,0
153524,153524,153526,2,0
153525,153525,153527,2,0
153527,153527,153529,2,0
153526,153526,153528,2,0
153527,153528,153530,2,1
153529,153529,153531,2,0
153528,153528,153532,4,0
153530,153530,153532,2,0
153530,153530,153533,3,0
153532,153532,153534,2,0
153531,153531,153533,2,0
153534,153534,153536,2,0
153533,153533,153536,3,0
153533,153533,153536,3,0
153535,153535,153537,2,0
153536,153536,153538,2,0
153535,153536,153538,2,1
153539,153539,153541,2,0
153538,153538,153540,2,0
153537,153537,153541,4,0
153539,153539,153542,3,0
153541,153541,153543,2,0
153540,153540,153542,2,0
153542,153542,153544,2,0
153543,153543,153546,3,0
153542,153542,153546,4,0
153544,153544,153546,2,0
153545,153545,153547,2,0
153545,153545,153548,3,0
153546,153546,153549,3,0
153548,153548,153550,2,0
153547,153547,153551,4,0
153549,153549,153551,2,0
153550,153550,153553,3,0
153551,153551,153553,2,0
153549,153549,153554,5,0
153552,153552,153554,2,0
153553,153553,153556,3,0
153554,153554,153557,3,0
153554,153554,153558,4,0
153555,153555,153557,2,0
153556,153556,153558,2,0
153557,153557,153559,2,0
153558,153558,153560,2,0
153557,153557,153561,4,0
153559,153559,153561,2,0
153560,153560,153563,3,0
153561,153561,153563,2,0
153560,153560,153564,4,0
153562,153562,153564,2,0
153563,153563,153566,3,0
153563,153563,153566,3,0
153564,153564,153567,3,0
153566,153566,153568,2,0
153566,153566,153568,2,0
153565,153565,153569,4,0
153567,153567,153569,2,0
153568,153568,153570,2,0
153569,153569,153571,2,0
153570,153570,153573,3,0
153570,153570,153574,4,0
153571,153571,153573,2,0
153572,153572,153574,2,0
153573,153573,153575,2,0
153573,153573,153576,3,0
153575,153575,153577,2,0
153574,153574,153578,4,0
153576,153576,153578,2,0
153577,153577,153579,2,0
153577,153577,153579,2,0
153578,153578,153580,2,0
153580,153580,153582,2,0
153579,153579,153583,4,0
153580,153581,153583,2,1
153581,153581,153584,3,0
153582,153582,153584,2,0
153583,153583,153585,2,0
153584,153584,153587,3,0
153584,153584,153588,4,0
153585,153585,153587,2,0
153586,153586,153588,2,0
153587,153587,153589,2,0
153587,153587,153590,3,0
153589,153589,153591,2,0
153588,153588,153592,4,0
153590,153590,153592,2,0
153590,153590,153593,3,0
153591,153591,153593,2,0
153592,153592,153594,2,0
153593,153593,153595,2,0
153593,153594,153596,2,1
153594,153594,153597,3,0
153595,153595,153597,2,0
153596,153596,153598,2,0
153597,153597,153599,2,0
153597,153597,153600,3,0
153598,153598,153600,2,0
153599,153599,153601,2,0
153600,153600,153602,2,0
153600,153600,153603,3,0
153601,153601,153603,2,0
153602,153602,153604,2,0
153603,153603,153605,2,0
153604,153604,153606,2,0
153604,153604,153607,3,0
153605,153605,153608,3,0
153606,153606,153608,2,0
153607,153607,153609,2,0
153607,153608,153610,2,1
153608,153608,153610,2,0
153609,153609,153611,2,0
153610,153610,153612,2,0
153611,153611,153613,2,0
153611,153611,153614,3,0
153612,153612,153614,2,0
153613,153613,153615,2,0
153614,153614,153616,2,0
153614,153614,153617,3,0
153615,153615,153617,2,0
153616,153616,153618,2,0
153617,153617,153619,2,0
153618,153618,153620,2,0
153618,153618,153621,3,0
153619,153619,153621,2,0
153620,153620,153622,2,0
153621,153621,153623,2,0
153621,153621,153624,3,0
153622,153622,153624,2,0
153623,153623,153625,2,0
153624,153624,153626,2,0
153624,153624,153627,3,0
153625,153625,153628,3,0
153626,153626,153628,2,0
153627,153627,153629,2,0
153628,153628,153630,2,0
153628,153628,153631,3,0
153629,153629,153631,2,0
153630,153630,153632,2,0
153631,153631,153633,2,0
153631,153632,153634,2,1
153632,153632,153634,2,0
153633,153633,153635,2,0
153634,153634,153636,2,0
153635,153635,153638,3,0
153636,153636,153638,2,0
153634,153635,153639,4,1
153637,153637,153639,2,0
153638,153638,153640,2,0
153638,153638,153641,3,0
153639,153639,153641,2,0
153641,153641,153643,2,0
153640,153640,153644,4,0
153642,153642,153644,2,0
153642,153642,153644,2,0
153644,153644,153646,2,0
153643,153643,153646,3,0
153645,153645,153648,3,0
153646,153646,153648,2,0
153645,153645,153649,4,0
153647,153647,153651,4,0
153649,153649,153651,2,0
153648,153648,153651,3,0
153649,153649,153651,2,0
153651,153651,153653,2,0
153652,153652,153654,2,0
153650,153650,153654,4,0
153653,153653,153655,2,0
153652,153652,153656,4,0
153654,153654,153656,2,0
153655,153655,153657,2,0
153656,153656,153658,2,0
153655,153656,153660,4,1
153658,153659,153660,1,1
153658,153658,153660,2,0
153657,153657,153660,3,0
153659,153659,153663,4,0
153661,153661,153663,2,0
153661,153661,153664,3,0
153660,153660,153664,4,0
153662,153662,153665,3,0
153664,153664,153666,2,0
153663,153663,153666,3,0
153664,153665,153667,2,1
153665,153665,153667,2,0
153667,153667,153669,2,0
153668,153668,153670,2,0
153666,153666,153670,4,0
153668,153668,153671,3,0
153670,153670,153672,2,0
153669,153669,153672,3,0
153671,153671,153673,2,0
153671,153672,153674,2,1
153673,153673,153675,2,0
153674,153674,153676,2,0
153672,153672,153677,5,0
153675,153675,153677,2,0
153676,153676,153678,2,0
153675,153675,153679,4,0
153677,153677,153679,2,0
153678,153678,153680,2,0
153679,153679,153681,2,0
153678,153678,153682,4,0
153680,153680,153682,2,0
153681,153681,153683,2,0
153682,153682,153685,3,0
153682,153682,153685,3,0
153683,153683,153686,3,0
153684,153684,153686,2,0
153685,153686,153688,2,1
153685,153685,153688,3,0
153686,153686,153688,2,0
153687,153687,153689,2,0
153689,153689,153691,2,0
153688,153688,153690,2,0
153689,153689,153692,3,0
153690,153690,153692,2,0
153691,153691,153693,2,0
153692,153692,153694,2,0
153692,153692,153694,2,0
153693,153693,153695,2,0
153694,153694,153696,2,0
153694,153695,153697,2,1
153696,153696,153698,2,0
153695,153695,153697,2,0
153697,153697,153699,2,0
153697,153697,153700,3,0
153698,153698,153700,2,0
153699,153699,153701,2,0
153700,153700,153702,2,0
153700,153700,153703,3,0
153701,153701,153703,2,0
153702,153702,153704,2,0
153702,153702,153705,3,0
153703,153703,153705,2,0
153704,153704,153706,2,0
153705,153705,153707,2,0
153706,153706,153708,2,0
153707,153707,153709,2,0
153706,153706,153708,2,0
153708,153708,153710,2,0
153708,153709,153711,2,1
153709,153709,153711,2,0
153710,153710,153712,2,0
153711,153711,153713,2,0
153711,153711,153714,3,0
153712,153712,153714,2,0
153713,153713,153715,2,0
153714,153714,153716,2,0
153714,153715,153717,2,1
153715,153715,153717,2,0
153716,153716,153718,2,0
153717,153717,153719,2,0
153717,153717,153720,3,0
153718,153718,153720,2,0
153719,153719,153721,2,0
153720,153720,153722,2,0
153721,153721,153723,2,0
153721,153721,153724,3,0
153722,153722,153724,2,0
153723,153723,153725,2,0
153724,153724,153726,2,0
153724,153724,153726,2,0
153725,153725,153727,2,0
153726,153726,153728,2,0
153726,153727,153729,2,1
153727,153727,153730,3,0
153728,153728,153730,2,0
153729,153729,153731,2,0
153729,153729,153732,3,0
153730,153730,153732,2,0
153731,153731,153733,2,0
153732,153732,153734,2,0
153732,153732,153735,3,0
153733,153733,153735,2,0
153734,153734,153736,2,0
153735,153735,153737,2,0
153735,153735,153738,3,0
153736,153736,153738,2,0
153737,153737,153739,2,0
153737,153737,153740,3,0
153738,153738,153740,2,0
153739,153739,153741,2,0
153740,153740,153742,2,0
153740,153741,153743,2,1
153741,153741,153743,2,0
153742,153742,153744,2,0
153743,153743,153745,2,0
153743,153744,153746,2,1
153744,153744,153746,2,0
153745,153745,153747,2,0
153746,153746,153748,2,0
153747,153747,153749,2,0
153747,153747,153750,3,0
153748,153748,153750,2,0
153749,153749,153751,2,0
153750,153750,153752,2,0
153750,153750,153752,2,0
153751,153751,153753,2,0
153752,153752,153754,2,0
153752,153753,153755,2,1
153753,153753,153756,3,0
153754,153754,153756,2,0
153755,153755,153757,2,0
153755,153755,153758,3,0
153756,153756,153758,2,0
153757,153757,153759,2,0
153758,153758,153760,2,0
153758,153758,153761,3,0
153760,153760,153762,2,0
153759,153759,153761,2,0
153761,153761,153763,2,0
153761,153761,153764,3,0
153762,153762,153764,2,0
153763,153764,153765,1,1
153763,153763,153765,2,0
153764,153764,153767,3,0
153765,153765,153767,2,0
153766,153766,153768,2,0
153767,153767,153769,2,0
153767,153767,153770,3,0
153769,153769,153771,2,0
153768,153768,153772,4,0
153770,153770,153772,2,0
153770,153770,153773,3,0
153772,153772,153774,2,0
153771,153771,153773,2,0
153773,153773,153776,3,0
153773,153773,153776,3,0
153774,153774,153776,2,0
153775,153775,153777,2,0
153776,153776,153778,2,0
153776,153776,153778,2,0
153778,153778,153780,2,0
153777,153777,153781,4,0
153779,153779,153781,2,0
153779,153779,153782,3,0
153781,153781,153783,2,0
153780,153780,153782,2,0
153782,153782,153784,2,0
153783,153783,153785,2,0
153784,153784,153786,2,0
153783,153783,153787,4,0
153785,153785,153787,2,0
153786,153786,153788,2,0
153786,153786,153789,3,0
153787,153787,153789,2,0
153789,153789,153791,2,0
153788,153788,153791,3,0
153789,153789,153792,3,0
153790,153790,153792,2,0
153791,153791,153793,2,0
153792,153792,153794,2,0
153792,153792,153795,3,0
153794,153794,153796,2,0
153793,153793,153797,4,0
153795,153795,153797,2,0
153795,153796,153798,2,1
153796,153796,153798,2,0
153797,153797,153799,2,0
153798,153798,153801,3,0
153799,153799,153801,2,0
153800,153801,153803,2,1
153800,153800,153803,3,0
153801,153801,153803,2,0
153802,153802,153804,2,0
153803,153803,153805,2,0
153804,153804,153806,2,0
153805,153805,153807,2,0
153804,153804,153808,4,0
153806,153806,153808,2,0
153807,153807,153809,2,0
153807,153808,153810,2,1
153808,153808,153811,3,0
153809,153809,153811,2,0
153810,153810,153812,2,0
153811,153811,153813,2,0
153811,153811,153814,3,0
153812,153812,153814,2,0
153813,153813,153815,2,0
153814,153814,153816,2,0
153814,153814,153817,3,0
153815,153815,153818,3,0
153816,153816,153818,2,0
153817,153817,153819,2,0
153817,153818,153820,2,1
153819,153819,153821,2,0
153820,153820,153822,2,0
153818,153818,153822,4,0
153821,153821,153823,2,0
153821,153821,153824,3,0
153822,153822,153824,2,0
153824,153824,153826,2,0
153823,153823,153826,3,0
153824,153824,153827,3,0
153826,153826,153828,2,0
153825,153825,153828,3,0
153827,153827,153829,2,0
153828,153828,153830,2,0
153828,153828,153830,2,0
153829,153829,153832,3,0
153831,153831,153833,2,0
153831,153831,153834,3,0
153830,153830,153834,4,0
153832,153832,153834,2,0
153833,153834,153835,1,1
153833,153833,153835,2,0
153834,153834,153837,3,0
153836,153836,153838,2,0
153835,153835,153839,4,0
153837,153837,153839,2,0
153838,153838,153840,2,0
153837,153837,153840,3,0
153839,153839,153841,2,0
153840,153840,153843,3,0
153840,153840,153844,4,0
153841,153841,153843,2,0
153842,153842,153844,2,0
153843,153843,153845,2,0
153844,153844,153846,2,0
153843,153843,153847,4,0
153845,153845,153847,2,0
153846,153846,153849,3,0
153847,153847,153850,3,0
153846,153846,153850,4,0
153848,153848,153850,2,0
153849,153849,153851,2,0
153850,153850,153852,2,0
153850,153850,153853,3,0
153851,153851,153853,2,0
153853,153853,153855,2,0
153852,153852,153856,4,0
153854,153854,153856,2,0
153853,153853,153856,3,0
153855,153855,153857,2,0
153856,153856,153858,2,0
153856,153857,153859,2,1
153857,153857,153859,2,0
153859,153859,153861,2,0
153859,153859,153862,3,0
153858,153858,153862,4,0
153860,153860,153862,2,0
153861,153861,153863,2,0
153862,153863,153865,2,1
153862,153862,153865,3,0
153863,153863,153866,3,0
153864,153864,153866,2,0
153865,153865,153867,2,0
153866,153866,153869,3,0
153867,153867,153869,2,0
153866,153866,153870,4,0
153868,153868,153870,2,0
153869,153869,153871,2,0
153869,153869,153872,3,0
153870,153870,153872,2,0
153871,153871,153873,2,0
153872,153872,153874,2,0
153873,153873,153875,2,0
153873,153873,153875,2,0
153874,153874,153876,2,0
153875,153875,153877,2,0
153876,153876,153878,2,0
153877,153877,153879,2,0
153878,153878,153880,2,0
153876,153876,153881,5,0
153879,153879,153881,2,0
153879,153879,153881,2,0
153880,153880,153883,3,0
153882,153882,153884,2,0
153882,153882,153884,2,0
153881,153881,153885,4,0
153883,153883,153885,2,0
153884,153885,153886,1,1
153884,153884,153886,2,0
153885,153885,153887,2,0
153887,153887,153889,2,0
153888,153888,153890,2,0
153886,153886,153891,5,0
153888,153888,153891,3,0
153889,153889,153891,2,0
153890,153890,153892,2,0
153891,153891,153893,2,0
153892,153892,153894,2,0
153893,153893,153895,2,0
153894,153894,153896,2,0
153892,153892,153897,5,0
153895,153895,153897,2,0
153897,153897,153899,2,0
153896,153896,153898,2,0
153897,153897,153900,3,0
153899,153899,153901,2,0
153898,153898,153900,2,0
153900,153900,153902,2,0
153901,153901,153903,2,0
153899,153900,153904,4,1
153902,153902,153904,2,0
153902,153903,153905,2,1
153903,153903,153906,3,0
153904,153904,153906,2,0
153905,153905,153907,2,0
153906,153906,153908,2,0
153906,153906,153909,3,0
153907,153907,153910,3,0
153908,153908,153910,2,0
153909,153909,153911,2,0
153910,153910,153912,2,0
153910,153910,153913,3,0
153911,153911,153914,3,0
153912,153912,153914,2,0
153913,153913,153915,2,0
153914,153914,153916,2,0
153914,153914,153917,3,0
153915,153915,153917,2,0
153916,153916,153918,2,0
153917,153917,153919,2,0
153917,153917,153919,2,0
153918,153918,153920,2,0
153919,153919,153921,2,0
153920,153920,153922,2,0
153920,153920,153923,3,0
153921,153921,153923,2,0
153922,153922,153924,2,0
153923,153923,153925,2,0
153924,153924,153926,2,0
153924,153924,153926,2,0
153925,153925,153927,2,0
153926,153926,153928,2,0
153927,153927,153929,2,0
153927,153927,153930,3,0
153928,153928,153930,2,0
153929,153929,153931,2,0
153929,153930,153932,2,1
153930,153930,153932,2,0
153931,153931,153933,2,0
153932,153932,153934,2,0
153932,153932,153935,3,0
153933,153933,153935,2,0
153934,153934,153936,2,0
153935,153935,153937,2,0
153935,153935,153937,2,0
153936,153936,153938,2,0
153937,153937,153939,2,0
153938,153938,153940,2,0
153938,153938,153941,3,0
153940,153940,153942,2,0
153939,153939,153941,2,0
153941,153941,153943,2,0
153941,153941,153944,3,0
153942,153942,153944,2,0
153944,153944,153946,2,0
153943,153943,153945,2,0
153944,153944,153947,3,0
153946,153946,153948,2,0
153945,153945,153947,2,0
153947,153947,153949,2,0
153947,153947,153950,3,0
153948,153948,153950,2,0
153949,153949,153951,2,0
153949,153950,153952,2,1
153950,153950,153952,2,0
153952,153952,153954,2,0
153951,153951,153953,2,0
153952,153953,153955,2,1
153954,153954,153956,2,0
153953,153953,153955,2,0
153955,153955,153957,2,0
153956,153956,153958,2,0
153955,153955,153958,3,0
153957,153957,153959,2,0
153958,153958,153960,2,0
153958,153958,153960,2,0
153959,153959,153961,2,0
153961,153961,153963,2,0
153960,153960,153962,2,0
153961,153961,153964,3,0
153963,153963,153965,2,0
153962,153962,153964,2,0
153964,153964,153966,2,0
153965,153965,153967,2,0
153965,153965,153967,2,0
153966,153966,153968,2,0
153967,153967,153969,2,0
153967,153967,153969,2,0
153970,153970,153972,2,0
153969,153969,153971,2,0
153968,153968,153972,4,0
153970,153970,153973,3,0
153972,153972,153974,2,0
153971,153971,153973,2,0
153974,153974,153976,2,0
153973,153973,153976,3,0
153973,153973,153976,3,0
153975,153975,153977,2,0
153976,153976,153978,2,0
153976,153976,153978,2,0
153978,153978,153980,2,0
153978,153978,153980,2,0
153977,153977,153980,3,0
153979,153979,153982,3,0
153981,153981,153983,2,0
153982,153982,153984,2,0
153980,153980,153984,4,0
153983,153983,153986,3,0
153982,153983,153986,3,1
153984,153984,153986,2,0
153985,153985,153988,3,0
153986,153986,153988,2,0
153986,153986,153990,4,0
153988,153988,153990,2,0
153987,153987,153991,4,0
153989,153989,153991,2,0
153989,153990,153992,2,1
153990,153990,153993,3,0
153991,153991,153993,2,0
153993,153993,153995,2,0
153992,153992,153995,3,0
153993,153993,153996,3,0
153995,153995,153997,2,0
153994,153994,153996,2,0
153997,153997,153999,2,0
153996,153996,153999,3,0
153996,153996,154000,4,0
153998,153998,154000,2,0
153999,153999,154001,2,0
153999,153999,154001,2,0
154000,154000,154004,4,0
154002,154002,154004,2,0
154001,154001,154004,3,0
154001,154001,154004,3,0
154003,154003,154005,2,0
154004,154004,154006,2,0
154004,154004,154006,2,0
154005,154005,154007,2,0
154007,154007,154009,2,0
154006,154006,154010,4,0
154007,154007,154009,2,0
154009,154009,154011,2,0
154008,154008,154012,4,0
154010,154010,154012,2,0
154010,154010,154013,3,0
154011,154011,154013,2,0
154012,154012,154014,2,0
154014,154014,154016,2,0
154014,154014,154016,2,0
154013,154013,154017,4,0
154015,154015,154017,2,0
154016,154016,154018,2,0
154017,154017,154019,2,0
154017,154018,154020,2,1
154018,154018,154021,3,0
154019,154019,154021,2,0
154020,154021,154022,1,1
154020,154020,154022,2,0
154021,154021,154023,2,0
154023,154023,154025,2,0
154022,154022,154026,4,0
154023,154023,154025,2,0
154024,154024,154026,2,0
154025,154025,154027,2,0
154026,154026,154028,2,0
154027,154027,154029,2,0
154026,154026,154030,4,0
154028,154028,154030,2,0
154029,154029,154031,2,0
154029,154029,154032,3,0
154030,154030,154032,2,0
154031,154031,154033,2,0
154032,154032,154034,2,0
154032,154032,154035,3,0
154034,154034,154036,2,0
154035,154035,154037,2,0
154033,154033,154037,4,0
154035,154035,154038,3,0
154036,154036,154038,2,0
154037,154037,154039,2,0
154038,154038,154040,2,0
154039,154039,154041,2,0
154040,154040,154043,3,0
154039,154040,154043,3,1
154041,154041,154043,2,0
154042,154042,154044,2,0
154042,154042,154045,3,0
154043,154043,154045,2,0
154044,154044,154046,2,0
154045,154045,154047,2,0
154046,154046,154048,2,0
154048,154048,154050,2,0
154048,154048,154051,3,0
154047,154047,154051,4,0
154049,154049,154051,2,0
154050,154050,154052,2,0
154051,154051,154053,2,0
154051,154051,154054,3,0
154052,154052,154055,3,0
154054,154054,154056,2,0
154055,154055,154057,2,0
154053,154053,154057,4,0
154055,154055,154058,3,0
154056,154056,154059,3,0
154057,154057,154059,2,0
154058,154058,154060,2,0
154059,154059,154061,2,0
154060,154060,154062,2,0
154061,154061,154063,2,0
154059,154059,154063,4,0
154062,154062,154064,2,0
154062,154062,154065,3,0
154063,154063,154065,2,0
154065,154065,154067,2,0
154064,154064,154066,2,0
154067,154067,154069,2,0
154066,154066,154068,2,0
154065,154066,154070,4,1
154068,154068,154070,2,0
154069,154069,154071,2,0
154069,154069,154071,2,0
154070,154070,154072,2,0
154071,154071,154073,2,0
154071,154071,154073,2,0
154072,154072,154074,2,0
154073,154073,154075,2,0
154074,154074,154076,2,0
154074,154074,154077,3,0
154076,154076,154078,2,0
154077,154077,154079,2,0
154077,154078,154080,2,1
154075,154075,154080,5,0
154078,154078,154080,2,0
154079,154079,154081,2,0
154081,154081,154083,2,0
154080,154080,154083,3,0
154081,154082,154084,2,1
154082,154082,154084,2,0
154083,154083,154085,2,0
154084,154084,154086,2,0
154085,154085,154087,2,0
154085,154085,154089,4,0
154087,154087,154089,2,0
154088,154088,154090,2,0
154086,154086,154091,5,0
154089,154089,154091,2,0
154089,154089,154092,3,0
154090,154090,154092,2,0
154091,154091,154093,2,0
154092,154092,154095,3,0
154093,154093,154095,2,0
154094,154094,154096,2,0
154092,154092,154097,5,0
154095,154095,154097,2,0
154095,154095,154098,3,0
154097,154097,154099,2,0
154096,154096,154099,3,0
154098,154098,154100,2,0
154099,154099,154102,3,0
154100,154100,154102,2,0
154099,154099,154103,4,0
154101,154101,154103,2,0
154102,154102,154104,2,0
154103,154103,154105,2,0
154102,154102,154106,4,0
154104,154104,154106,2,0
154105,154105,154107,2,0
154106,154106,154108,2,0
154107,154107,154109,2,0
154107,154107,154110,3,0
154109,154109,154111,2,0
154109,154110,154112,2,1
154108,154108,154112,4,0
154110,154110,154113,3,0
154111,154111,154113,2,0
154112,154112,154114,2,0
154113,154113,154115,2,0
154113,154114,154116,2,1
154114,154114,154116,2,0
154115,154115,154118,3,0
154116,154116,154118,2,0
154117,154117,154119,2,0
154118,154118,154120,2,0
154119,154119,154121,2,0
154118,154118,154121,3,0
154120,154120,154122,2,0
154121,154121,154123,2,0
154121,154121,154123,2,0
154122,154122,154124,2,0
154123,154123,154125,2,0
154124,154124,154126,2,0
154124,154124,154127,3,0
154125,154125,154127,2,0
154126,154126,154128,2,0
154127,154127,154129,2,0
154128,154128,154130,2,0
154128,154128,154131,3,0
154129,154129,154131,2,0
154130,154130,154132,2,0
154131,154131,154133,2,0
154131,154131,154134,3,0
154132,154132,154134,2,0
154133,154133,154135,2,0
154134,154134,154136,2,0
154134,154134,154137,3,0
154135,154135,154137,2,0
154136,154136,154138,2,0
154137,154137,154139,2,0
154138,154138,154140,2,0
154138,154138,154141,3,0
154139,154139,154141,2,0
154140,154140,154142,2,0
154141,154141,154143,2,0
154142,154142,154144,2,0
154142,154143,154145,2,1
154143,154143,154146,3,0
154144,154144,154146,2,0
154145,154145,154148,3,0
154145,154145,154148,3,0
154146,154146,154148,2,0
154147,154147,154149,2,0
154148,154148,154150,2,0
154148,154148,154151,3,0
154150,154150,154152,2,0
154149,154149,154153,4,0
154151,154151,154153,2,0
154152,154152,154154,2,0
154152,154152,154155,3,0
154153,154153,154155,2,0
154154,154154,154156,2,0
154155,154155,154157,2,0
154156,154156,154158,2,0
154155,154155,154159,4,0
154157,154157,154159,2,0
154158,154158,154160,2,0
154158,154159,154161,2,1
154159,154159,154162,3,0
154160,154160,154163,3,0
154161,154161,154163,2,0
154162,154162,154165,3,0
154162,154162,154166,4,0
154163,154163,154166,3,0
154164,154164,154166,2,0
154165,154165,154167,2,0
154166,154166,154168,2,0
154166,154166,154169,3,0
154167,154167,154169,2,0
154169,154169,154171,2,0
154168,154168,154172,4,0
154170,154170,154172,2,0
154170,154170,154173,3,0
154172,154172,154174,2,0
154171,154171,154175,4,0
154173,154173,154175,2,0
154173,154174,154176,2,1
154175,154175,154177,2,0
154174,154174,154178,4,0
154177,154177,154179,2,0
154176,154176,154180,4,0
154177,154177,154180,3,0
154178,154178,154180,2,0
154180,154180,154182,2,0
154179,154179,154182,3,0
154180,154180,154183,3,0
154181,154181,154183,2,0
154182,154182,154185,3,0
154183,154183,154185,2,0
154184,154184,154186,2,0
154184,154185,154187,2,1
154185,154185,154187,2,0
154187,154187,154189,2,0
154186,154186,154190,4,0
154188,154188,154190,2,0
154188,154189,154191,2,1
154189,154189,154191,2,0
154190,154190,154192,2,0
154191,154191,154193,2,0
154192,154192,154194,2,0
154191,154192,154195,3,1
154193,154193,154195,2,0
154194,154194,154196,2,0
154194,154194,154197,3,0
154195,154195,154198,3,0
154196,154196,154198,2,0
154197,154197,154199,2,0
154197,154198,154200,2,1
154199,154199,154202,3,0
154199,154199,154202,3,0
154200,154200,154202,2,0
154201,154201,154203,2,0
154202,154202,154204,2,0
154202,154202,154205,3,0
154203,154203,154205,2,0
154204,154204,154206,2,0
154205,154205,154207,2,0
154206,154206,154208,2,0
154205,154206,154209,3,1
154207,154207,154209,2,0
154208,154208,154210,2,0
154209,154209,154211,2,0
154209,154209,154212,3,0
154210,154210,154212,2,0
154211,154211,154213,2,0
154212,154212,154214,2,0
154212,154212,154215,3,0
154213,154213,154215,2,0
154214,154214,154216,2,0
154215,154215,154217,2,0
154216,154216,154218,2,0
154216,154216,154219,3,0
154218,154218,154220,2,0
154217,154217,154221,4,0
154219,154219,154221,2,0
154220,154220,154222,2,0
154220,154220,154222,2,0
154221,154221,154223,2,0
154223,154223,154225,2,0
154222,154222,154225,3,0
154223,154223,154226,3,0
154224,154224,154227,3,0
154225,154225,154227,2,0
154226,154226,154228,2,0
154227,154227,154230,3,0
154226,154227,154230,3,1
154228,154228,154230,2,0
154229,154229,154231,2,0
154230,154230,154232,2,0
154231,154231,154234,3,0
154231,154231,154234,3,0
154232,154232,154234,2,0
154233,154233,154235,2,0
154234,154234,154236,2,0
154234,154234,154236,2,0
154236,154236,154238,2,0
154235,154235,154239,4,0
154237,154237,154239,2,0
154238,154238,154240,2,0
154238,154238,154240,2,0
154239,154239,154241,2,0
154241,154241,154243,2,0
154240,154240,154243,3,0
154241,154241,154244,3,0
154242,154242,154245,3,0
154243,154243,154245,2,0
154244,154244,154246,2,0
154245,154246,154248,2,1
154245,154245,154248,3,0
154246,154246,154248,2,0
154247,154247,154249,2,0
154248,154248,154250,2,0
154248,154249,154252,3,1
154250,154250,154252,2,0
154249,154249,154253,4,0
154251,154251,154253,2,0
154252,154252,154254,2,0
154252,154252,154254,2,0
154253,154253,154255,2,0
154255,154255,154257,2,0
154254,154254,154257,3,0
154255,154255,154258,3,0
154256,154256,154259,3,0
154257,154257,154259,2,0
154258,154258,154260,2,0
154258,154258,154261,3,0
154259,154259,154262,3,0
154260,154260,154262,2,0
154261,154261,154263,2,0
154262,154262,154264,2,0
154263,154263,154265,2,0
154263,154263,154265,2,0
154264,154264,154266,2,0
154265,154265,154267,2,0
154265,154266,154268,2,1
154267,154267,154269,2,0
154266,154266,154270,4,0
154268,154268,154270,2,0
154268,154269,154271,2,1
154269,154269,154271,2,0
154270,154270,154272,2,0
154271,154271,154273,2,0
154272,154272,154274,2,0
154272,154272,154275,3,0
154273,154273,154275,2,0
154274,154274,154276,2,0
154275,154275,154277,2,0
154275,154275,154278,3,0
154276,154276,154278,2,0
154277,154277,154279,2,0
154278,154278,154280,2,0
154278,154278,154281,3,0
154279,154279,154281,2,0
154280,154280,154282,2,0
154281,154281,154283,2,0
154282,154282,154284,2,0
154283,154283,154285,2,0
154283,154283,154286,3,0
154284,154284,154286,2,0
154286,154286,154288,2,0
154286,154286,154289,3,0
154285,154285,154289,4,0
154287,154287,154289,2,0
154288,154288,154290,2,0
154289,154289,154291,2,0
154289,154289,154292,3,0
154290,154290,154292,2,0
154291,154291,154293,2,0
154292,154292,154294,2,0
154293,154293,154295,2,0
154293,154293,154296,3,0
154294,154294,154296,2,0
154295,154295,154297,2,0
154296,154296,154298,2,0
154296,154296,154299,3,0
154297,154297,154300,3,0
154298,154298,154300,2,0
154299,154299,154301,2,0
154300,154300,154302,2,0
154300,154300,154302,2,0
154301,154301,154303,2,0
154303,154303,154305,2,0
154304,154304,154306,2,0
154302,154302,154306,4,0
154304,154304,154307,3,0
154305,154305,154308,3,0
154306,154306,154308,2,0
154307,154307,154309,2,0
154307,154307,154309,2,0
154308,154308,154310,2,0
154310,154310,154312,2,0
154309,154309,154313,4,0
154310,154311,154313,2,1
154311,154311,154314,3,0
154312,154312,154314,2,0
154313,154313,154315,2,0
154314,154314,154316,2,0
154315,154315,154318,3,0
154314,154315,154318,3,1
154316,154316,154318,2,0
154317,154317,154319,2,0
154318,154318,154320,2,0
154319,154319,154322,3,0
154320,154320,154322,2,0
154319,154319,154323,4,0
154321,154321,154323,2,0
154321,154322,154324,2,1
154322,154322,154324,2,0
154323,154323,154325,2,0
154324,154324,154326,2,0
154325,154325,154328,3,0
154325,154325,154329,4,0
154326,154326,154328,2,0
154327,154327,154329,2,0
154328,154328,154331,3,0
154329,154329,154332,3,0
154329,154329,154333,4,0
154330,154330,154332,2,0
154331,154331,154333,2,0
154332,154332,154334,2,0
154333,154333,154335,2,0
154332,154333,154336,3,1
154335,154335,154337,2,0
154334,154334,154338,4,0
154336,154336,154338,2,0
154336,154336,154338,2,0
154338,154338,154340,2,0
154337,154337,154341,4,0
154339,154339,154342,3,0
154339,154339,154343,4,0
154340,154340,154342,2,0
154341,154341,154343,2,0
154342,154342,154345,3,0
154342,154342,154345,3,0
154344,154344,154347,3,0
154343,154343,154347,4,0
154345,154345,154347,2,0
154346,154346,154348,2,0
154347,154347,154349,2,0
154346,154346,154350,4,0
154348,154348,154350,2,0
154349,154349,154351,2,0
154350,154350,154352,2,0
154350,154350,154353,3,0
154351,154351,154353,2,0
154352,154352,154354,2,0
154353,154353,154356,3,0
154353,154353,154356,3,0
154354,154354,154356,2,0
154355,154355,154357,2,0
154356,154356,154358,2,0
154357,154357,154359,2,0
154357,154357,154359,2,0
154358,154358,154361,3,0
154360,154360,154362,2,0
154359,154359,154363,4,0
154361,154361,154363,2,0
154361,154361,154364,3,0
154362,154362,154364,2,0
154363,154363,154365,2,0
154364,154364,154366,2,0
154364,154364,154366,2,0
154365,154365,154368,3,0
154367,154367,154369,2,0
154366,154366,154369,3,0
154367,154367,154370,3,0
154368,154368,154371,3,0
154369,154369,154371,2,0
154370,154370,154372,2,0
154371,154371,154373,2,0
154371,154371,154374,3,0
154372,154372,154374,2,0
154373,154373,154375,2,0
154374,154374,154376,2,0
154374,154374,154377,3,0
154375,154375,154378,3,0
154376,154376,154378,2,0
154377,154377,154379,2,0
154378,154378,154380,2,0
154378,154378,154380,2,0
154379,154379,154381,2,0
154380,154380,154382,2,0
154381,154381,154383,2,0
154381,154381,154383,2,0
154382,154382,154384,2,0
154383,154383,154385,2,0
154384,154384,154386,2,0
154384,154385,154387,2,1
154385,154385,154387,2,0
154386,154386,154388,2,0
154387,154387,154389,2,0
154388,154388,154390,2,0
154388,154388,154391,3,0
154389,154389,154391,2,0
154390,154390,154392,2,0
154391,154391,154393,2,0
154392,154392,154394,2,0
154392,154392,154395,3,0
154393,154393,154396,3,0
154394,154394,154396,2,0
154395,154395,154398,3,0
154395,154395,154398,3,0
154396,154396,154399,3,0
154397,154397,154399,2,0
154398,154398,154400,2,0
154398,154398,154400,2,0
154399,154399,154401,2,0
154400,154400,154402,2,0
154401,154401,154403,2,0
154402,154402,154404,2,0
154402,154402,154405,3,0
154403,154403,154405,2,0
154404,154404,154406,2,0
154405,154405,154407,2,0
154405,154405,154408,3,0
154406,154406,154408,2,0
154407,154407,154409,2,0
154408,154408,154410,2,0
154408,154408,154410,2,0
154409,154409,154411,2,0
154410,154410,154412,2,0
154410,154411,154413,2,1
154411,154411,154413,2,0
154412,154412,154414,2,0
154413,154413,154415,2,0
154414,154414,154416,2,0
154414,154414,154417,3,0
154415,154415,154417,2,0
154416,154416,154418,2,0
154416,154417,154419,2,1
154417,154417,154420,3,0
154418,154418,154420,2,0
154419,154419,154421,2,0
154420,154420,154422,2,0
154420,154420,154423,3,0
154421,154421,154423,2,0
154422,154422,154424,2,0
154422,154422,154425,3,0
154424,154424,154426,2,0
154423,154423,154427,4,0
154425,154425,154427,2,0
154425,154425,154428,3,0
154426,154426,154428,2,0
154427,154427,154429,2,0
154428,154428,154430,2,0
154428,154429,154431,2,1
154430,154430,154432,2,0
154429,154429,154432,3,0
154431,154431,154433,2,0
154431,154432,154434,2,1
154433,154433,154435,2,0
154432,154432,154434,2,0
154434,154434,154436,2,0
154434,154434,154436,2,0
154435,154435,154437,2,0
154436,154436,154438,2,0
154437,154437,154439,2,0
154438,154438,154440,2,0
154437,154437,154440,3,0
154439,154439,154441,2,0
154439,154439,154442,3,0
154440,154440,154442,2,0
154442,154442,154444,2,0
154441,154441,154443,2,0
154442,154442,154445,3,0
154443,154443,154445,2,0
154444,154444,154446,2,0
154445,154445,154447,2,0
154444,154445,154447,2,1
154446,154446,154448,2,0
154447,154447,154449,2,0
154447,154447,154449,2,0
154449,154449,154451,2,0
154448,154448,154452,4,0
154450,154450,154452,2,0
154451,154451,154453,2,0
154450,154450,154452,2,0
154452,154452,154454,2,0
154453,154453,154456,3,0
154452,154453,154456,3,1
154454,154454,154456,2,0
154455,154455,154457,2,0
154456,154456,154458,2,0
154455,154455,154458,3,0
154457,154457,154459,2,0
154458,154458,154460,2,0
154459,154459,154461,2,0
154458,154458,154462,4,0
154460,154460,154462,2,0
154460,154461,154463,2,1
154461,154461,154463,2,0
154462,154462,154464,2,0
154463,154463,154465,2,0
154463,154463,154466,3,0
154464,154464,154466,2,0
154465,154465,154467,2,0
154466,154466,154468,2,0
154466,154466,154468,2,0
154468,154468,154470,2,0
154467,154467,154470,3,0
154468,154468,154471,3,0
154470,154470,154472,2,0
154469,154469,154471,2,0
154471,154471,154474,3,0
154471,154471,154474,3,0
154473,154473,154475,2,0
154472,154472,154474,2,0
154474,154474,154476,2,0
154473,154474,154477,3,1
154475,154475,154477,2,0
154476,154476,154478,2,0
154476,154476,154478,2,0
154477,154477,154479,2,0
154479,154479,154481,2,0
154478,154478,154481,3,0
154479,154479,154482,3,0
154481,154481,154483,2,0
154480,154480,154482,2,0
154482,154482,154485,3,0
154483,154483,154485,2,0
154482,154482,154486,4,0
154484,154484,154486,2,0
154485,154485,154488,3,0
154484,154485,154488,3,1
154487,154487,154489,2,0
154486,154486,154488,2,0
154488,154488,154490,2,0
154489,154489,154491,2,0
154489,154489,154491,2,0
154491,154491,154493,2,0
154490,154490,154492,2,0
154492,154492,154494,2,0
154493,154493,154495,2,0
154494,154494,154496,2,0
154491,154491,154496,5,0
154494,154494,154496,2,0
154496,154496,154498,2,0
154495,154495,154499,4,0
154497,154497,154499,2,0
154497,154497,154499,2,0
154499,154499,154501,2,0
154498,154498,154502,4,0
154499,154500,154502,2,1
154500,154500,154502,2,0
154502,154502,154504,2,0
154501,154501,154503,2,0
154503,154503,154505,2,0
154502,154503,154506,3,1
154504,154504,154506,2,0
154505,154505,154507,2,0
154506,154506,154508,2,0
154505,154505,154508,3,0
154507,154507,154509,2,0
154508,154508,154511,3,0
154508,154508,154511,3,0
154509,154509,154511,2,0
154510,154510,154512,2,0
154511,154512,154513,1,1
154511,154511,154513,2,0
154513,154513,154515,2,0
154512,154512,154516,4,0
154514,154514,154516,2,0
154514,154515,154517,2,1
154516,154516,154518,2,0
154515,154515,154517,2,0
154517,154518,154520,2,1
154517,154517,154520,3,0
154518,154518,154520,2,0
154519,154519,154521,2,0
154520,154521,154522,1,1
154520,154520,154522,2,0
154521,154521,154523,2,0
154522,154522,154526,4,0
154523,154524,154526,2,1
154523,154523,154526,3,0
154524,154524,154526,2,0
154525,154525,154527,2,0
154526,154526,154528,2,0
154527,154527,154529,2,0
154529,154529,154531,2,0
154528,154528,154530,2,0
154527,154527,154530,3,0
154531,154531,154533,2,0
154530,154530,154533,3,0
154530,154530,154533,3,0
154532,154532,154534,2,0
154533,154533,154535,2,0
154533,154533,154535,2,0
154535,154535,154537,2,0
154534,154534,154537,3,0
154537,154537,154539,2,0
154536,154536,154538,2,0
154535,154536,154539,3,1
154538,154538,154540,2,0
154539,154539,154541,2,0
154538,154539,154541,2,1
154541,154541,154543,2,0
154540,154540,154543,3,0
154541,154541,154544,3,0
154542,154542,154544,2,0
154544,154544,154546,2,0
154543,154543,154545,2,0
154545,154545,154547,2,0
154544,154544,154548,4,0
154547,154547,154549,2,0
154546,154546,154548,2,0
154547,154547,154549,2,0
154549,154549,154551,2,0
154548,154548,154552,4,0
154550,154550,154552,2,0
154549,154550,154553,3,1
154552,154552,154554,2,0
154551,154551,154553,2,0
154553,154553,154555,2,0
154553,154553,154555,2,0
154556,154556,154558,2,0
154555,154555,154557,2,0
154554,154554,154557,3,0
154556,154556,154558,2,0
154558,154558,154560,2,0
154557,154557,154559,2,0
154559,154559,154561,2,0
154559,154559,154562,3,0
154560,154560,154562,2,0
154561,154561,154563,2,0
154561,154561,154563,2,0
154562,154562,154564,2,0
154563,154563,154565,2,0
154565,154565,154567,2,0
154564,154564,154566,2,0
154565,154565,154567,2,0
154566,154566,154568,2,0
154568,154568,154570,2,0
154567,154567,154569,2,0
154568,154568,154571,3,0
154569,154569,154571,2,0
154570,154570,154572,2,0
154570,154571,154573,2,1
154571,154571,154573,2,0
154573,154573,154575,2,0
154572,154572,154574,2,0
154573,154573,154575,2,0
154574,154574,154577,3,0
154576,154576,154578,2,0
154575,154575,154577,2,0
154577,154577,154579,2,0
154577,154577,154580,3,0
154578,154578,154580,2,0
154579,154579,154581,2,0
154580,154580,154582,2,0
154579,154580,154582,2,1
154581,154581,154583,2,0
154582,154582,154584,2,0
154583,154583,154585,2,0
154582,154582,154585,3,0
154584,154584,154586,2,0
154585,154585,154587,2,0
154585,154585,154588,3,0
154586,154586,154588,2,0
154587,154588,154590,2,1
154587,154587,154589,2,0
154588,154588,154590,2,0
154589,154589,154591,2,0
154590,154590,154592,2,0
154591,154591,154593,2,0
154592,154592,154594,2,0
154593,154593,154595,2,0
154592,154592,154595,3,0
154594,154594,154596,2,0
154595,154595,154597,2,0
154595,154595,154598,3,0
154596,154596,154598,2,0
154598,154598,154600,2,0
154598,154598,154600,2,0
154597,154597,154601,4,0
154599,154599,154601,2,0
154336,154337,154688,351,1
155662,155663,156019,356,1
142206,142209,162507,20298,3
163455,163455,163733,278,0
164645,164646,164991,345,1
165867,165867,166130,263,0
166990,166991,167292,301,1
168643,168643,168904,261,0
169857,169858,170116,258,1
171041,171041,171343,302,0
172302,172302,172623,321,0
176639,176639,176705,66,0
176929,176929,176994,65,0
177222,177223,177290,67,1
177540,177540,177619,79,0
202258,202258,202323,65,0
202557,202558,202623,65,1
202842,202842,202908,66,0
203135,203135,203211,76,0
208904,208904,209368,464,0
210901,210904,211373,469,3
212901,212902,213440,538,1
162159,162509,214162,51653,350
214995,214996,215491,495,1
217297,217297,217771,474,0
215215,215216,218892,3676,1
218893,218893,218894,1,0
218893,218894,218895,1,1
218893,218894,218895,1,1
218893,218894,218895,1,1
218893,218894,218895,1,1
218893,218894,218895,1,1
218893,218894,218895,1,1
218893,218894,218895,1,1
218893,218894,218896,2,1
218893,218894,218896,2,1
218893,218894,218895,1,1
218893,218894,218896,2,1
218893,218894,218895,1,1
218893,218895,218896,1,2
218893,218895,218896,1,2
218893,218894,218896,2,1
218893,218894,218896,2,1
218893,218894,218896,2,1
218893,218894,218896,2,1
218893,218894,218896,2,1
218893,218894,218896,2,1
218893,218894,218896,2,1
218893,218894,218897,3,1
218893,218895,218896,1,2
218893,218895,218896,1,2
218893,218894,218896,2,1
218893,218896,218898,2,3
218893,218896,218897,1,3
218893,218896,218898,2,3
218893,218896,218898,2,3
218893,218896,218897,1,3
218893,218896,218898,2,3
218893,218897,218898,1,4
218893,218897,218898,1,4
218893,218896,218898,2,3
218893,218897,218899,2,4
218893,218897,218898,1,4
218893,218897,218899,2,4
218893,218896,218898,2,3
218893,218896,218898,2,3
218893,218896,218898,2,3
218893,218896,218898,2,3
218893,218896,218898,2,3
218893,218897,218898,1,4
218893,218897,218898,1,4
218893,218898,218900,2,5
218893,218897,218899,2,4
218893,218897,218899,2,4
218893,218897,218899,2,4
218893,218897,218899,2,4
218893,218897,218899,2,4
218893,218898,218900,2,5
218893,218897,218899,2,4
218893,218898,218900,2,5
218893,218898,218899,1,5
218893,218899,218900,1,6
218893,218899,218900,1,6
218893,218899,218900,1,6
218893,218899,218900,1,6
218893,218899,218901,2,6
218893,218899,218901,2,6
218893,218899,218901,2,6
218893,218898,218900,2,5
218893,218899,218901,2,6
218893,218899,218901,2,6
218893,218899,218901,2,6
218893,218899,218901,2,6
218893,218899,218901,2,6
218893,218898,218900,2,5
218893,218900,218901,1,7
218893,218900,218901,1,7
218893,218900,218901,1,7
218893,218901,218902,1,8
218893,218901,218902,1,8
218893,218900,218901,1,7
218893,218900,218902,2,7
218893,218900,218902,2,7
218893,218899,218901,2,6
218893,218900,218902,2,7
218893,218900,218902,2,7
218893,218900,218902,2,7
218893,218900,218902,2,7
218893,218900,218902,2,7
218893,218900,218902,2,7
218893,218901,218902,1,8
218893,218901,218902,1,8
218893,218901,218902,1,8
218893,218902,218903,1,9
218893,218902,218903,1,9
218893,218901,218903,2,8
218893,218901,218903,2,8
218893,218901,218902,1,8
218893,218901,218903,2,8
218893,218901,218903,2,8
218893,218901,218903,2,8
218893,218901,218903,2,8
218893,218901,218903,2,8
218893,218901,218903,2,8
218893,218901,218903,2,8
218893,218902,218903,1,9
218893,218902,218903,1,9
218893,218902,218903,1,9
218893,218902,218904,2,9
218893,218902,218903,1,9
218893,218902,218904,2,9
218893,218902,218904,2,9
218893,218902,218904,2,9
218893,218902,218904,2,9
218893,218902,218904,2,9
218893,218902,218904,2,9
218893,218902,218904,2,9
218893,218902,218904,2,9
218893,218903,218904,1,10
218893,218903,218904,1,10
218893,218903,218905,2,10
218893,218903,218905,2,10
218893,218903,218905,2,10
218893,218904,218905,1,11
218893,218903,218905,2,10
218893,218903,218905,2,10
218893,218903,218905,2,10
218893,218903,218905,2,10
218893,218903,218905,2,10
218893,218903,218905,2,10
218893,218904,218905,1,11
218893,218905,218906,1,12
218893,218905,218906,1,12
218893,218904,218906,2,11
218893,218905,218906,1,12
218893,218905,218906,1,12
218893,218905,218906,1,12
218893,218905,218906,1,12
218893,218905,218906,1,12
218893,218905,218907,2,12
218893,218905,218907,2,12
218893,218906,218907,1,13
218893,218905,218906,1,12
218893,218905,218906,1,12
218893,218905,218907,2,12
218893,218905,218907,2,12
218893,218905,218907,2,12
218893,218905,218907,2,12
218893,218906,218907,1,13
218893,218906,218907,1,13
218893,218906,218907,1,13
218893,218906,218907,1,13
218893,218906,218907,1,13
218893,218906,218907,1,13
218893,218907,218908,1,14
218893,218906,218907,1,13
218893,218906,218908,2,13
218893,218907,218908,1,14
218893,218907,218908,1,14
218893,218907,218908,1,14
218893,218907,218908,1,14
218893,218907,218908,1,14
218893,218907,218908,1,14
218893,218907,218908,1,14
218893,218907,218908,1,14
218893,218908,218909,1,15
218893,218908,218909,1,15
218893,218907,218908,1,14
218893,218907,218908,1,14
218893,218908,218909,1,15
218893,218908,218909,1,15
218893,218908,218909,1,15
218893,218908,218909,1,15
218893,218908,218909,1,15
218893,218908,218909,1,15
218893,218908,218910,2,15
218893,218908,218909,1,15
218893,218907,218909,2,14
218893,218908,218909,1,15
218893,218907,218909,2,14
218893,218908,218909,1,15
218893,218909,218910,1,16
218893,218909,218910,1,16
218893,218909,218910,1,16
218893,218909,218910,1,16
218893,218909,218910,1,16
218893,218909,218910,1,16
218893,218909,218910,1,16
218893,218909,218910,1,16
218893,218909,218910,1,16
218893,218909,218910,1,16
218893,218909,218910,1,16
218893,218909,218910,1,16
218893,218909,218910,1,16
218893,218910,218911,1,17
218893,218910,218911,1,17
218893,218910,218911,1,17
218893,218910,218911,1,17
218893,218910,218911,1,17
218893,218910,218911,1,17
215218,215218,219090,3872,0
219091,219091,219092,1,0
219091,219091,219093,2,0
219091,219091,219093,2,0
219091,219091,219094,3,0
219091,219091,219093,2,0
219091,219091,219094,3,0
219091,219091,219094,3,0
219091,219091,219094,3,0
219091,219091,219094,3,0
219091,219091,219093,2,0
219091,219091,219094,3,0
219091,219091,219094,3,0
219091,219091,219095,4,0
219091,219091,219094,3,0
219091,219091,219094,3,0
219091,219091,219094,3,0
219091,219091,219094,3,0
219091,219091,219095,4,0
219091,219091,219094,3,0
219091,219091,219095,4,0
219091,219091,219095,4,0
219091,219091,219094,3,0
219091,219091,219094,3,0
219091,219091,219094,3,0
219091,219091,219094,3,0
219091,219093,219095,2,2
219091,219093,219097,4,2
219091,219094,219097,3,3
219091,219094,219098,4,3
219091,219094,219098,4,3
219091,219094,219098,4,3
219091,219094,219098,4,3
219091,219094,219098,4,3
219091,219095,219098,3,4
219091,219095,219099,4,4
219091,219094,219098,4,3
219091,219095,219099,4,4
219091,219095,219099,4,4
219091,219094,219098,4,3
219091,219095,219099,4,4
219091,219094,219099,5,3
219091,219097,219099,2,6
219091,219095,219099,4,4
219091,219095,219099,4,4
219091,219095,219100,5,4
219091,219095,219100,5,4
219091,219099,219100,1,8
219091,219098,219101,3,7
219091,219098,219101,3,7
219091,219095,219100,5,4
219091,219095,219100,5,4
219091,219095,219100,5,4
219091,219095,219100,5,4
219091,219095,219100,5,4
219091,219098,219101,3,7
219091,219095,219100,5,4
219091,219098,219101,3,7
219091,219098,219101,3,7
219091,219098,219101,3,7
219091,219100,219101,1,9
219091,219100,219101,1,9
219091,219099,219102,3,8
219091,219099,219101,2,8
219091,219099,219102,3,8
219091,219099,219102,3,8
219091,219099,219102,3,8
219091,219099,219102,3,8
219091,219101,219102,1,10
219091,219100,219103,3,9
219091,219100,219102,2,9
219091,219101,219103,2,10
219091,219101,219103,2,10
219091,219101,219103,2,10
219091,219101,219103,2,10
219091,219101,219103,2,10
219091,219100,219103,3,9
219091,219102,219103,1,11
219091,219102,219103,1,11
219091,219102,219103,1,11
219091,219102,219103,1,11
219091,219102,219103,1,11
219091,219101,219103,2,10
219091,219102,219103,1,11
219091,219102,219103,1,11
219091,219102,219103,1,11
219091,219102,219104,2,11
215223,215223,219104,3881,0
219091,219102,219104,2,11
219091,219104,219105,1,13
219091,219103,219104,1,12
219091,219102,219104,2,11
219091,219103,219104,1,12
219091,219103,219104,1,12
219091,219103,219104,1,12
219091,219103,219104,1,12
219091,219103,219105,2,12
219091,219103,219105,2,12
219091,219104,219105,1,13
219091,219104,219105,1,13
219091,219104,219105,1,13
219091,219104,219105,1,13
219091,219104,219105,1,13
219091,219104,219105,1,13
219091,219104,219105,1,13
219091,219104,219105,1,13
219091,219104,219106,2,13
219091,219104,219107,3,13
219091,219104,219107,3,13
219091,219104,219107,3,13
219091,219104,219108,4,13
219091,219105,219108,3,14
219091,219105,219108,3,14
219091,219105,219108,3,14
219091,219105,219108,3,14
219091,219105,219108,3,14
219091,219105,219108,3,14
219091,219105,219109,4,14
219091,219105,219109,4,14
219091,219105,219108,3,14
219091,219105,219109,4,14
219091,219106,219109,3,15
219091,219106,219109,3,15
219091,219106,219109,3,15
219091,219106,219109,3,15
219091,219106,219109,3,15
219091,219106,219110,4,15
219091,219106,219109,3,15
219091,219108,219109,1,17
219091,219108,219109,1,17
219091,219105,219109,4,14
219091,219106,219109,3,15
219091,219106,219110,4,15
219091,219106,219109,3,15
219091,219108,219110,2,17
219091,219107,219109,2,16
219091,219109,219110,1,18
219091,219109,219110,1,18
219091,219109,219111,2,18
219091,219109,219110,1,18
219091,219109,219111,2,18
219091,219109,219110,1,18
219091,219108,219110,2,17
219091,219109,219111,2,18
219091,219109,219110,1,18
219091,219109,219110,1,18
219091,219110,219111,1,19
219091,219110,219111,1,19
219091,219109,219111,2,18
219091,219109,219111,2,18
219091,219110,219112,2,19
219091,219110,219112,2,19
219091,219110,219112,2,19
219091,219110,219111,1,19
219091,219111,219112,1,20
219091,219110,219112,2,19
219091,219110,219112,2,19
219091,219110,219112,2,19
219091,219110,219112,2,19
219091,219110,219112,2,19
219091,219110,219113,3,19
219091,219111,219113,2,20
219091,219112,219113,1,21
219091,219110,219113,3,19
219091,219110,219113,3,19
219091,219111,219113,2,20
219091,219111,219113,2,20
219091,219111,219113,2,20
219091,219111,219113,2,20
219091,219111,219113,2,20
219091,219111,219113,2,20
219091,219112,219114,2,21
219091,219112,219114,2,21
219091,219111,219114,3,20
219091,219112,219114,2,21
219091,219112,219114,2,21
219091,219111,219113,2,20
219091,219112,219114,2,21
219091,219112,219114,2,21
219091,219112,219114,2,21
219091,219112,219113,1,21
219091,219113,219114,1,22
219091,219112,219114,2,21
219091,219113,219114,1,22
219091,219114,219115,1,23
219091,219113,219114,1,22
219091,219113,219115,2,22
219091,219113,219115,2,22
219091,219113,219115,2,22
219091,219113,219115,2,22
219091,219113,219115,2,22
219105,219114,219115,1,9
219105,219114,219115,1,9
219091,219113,219115,2,22
219091,219113,219115,2,22
219091,219113,219115,2,22
219091,219113,219114,1,22
219091,219113,219114,1,22
219091,219113,219115,2,22
219105,219114,219115,1,9
219091,219114,219115,1,23
219091,219114,219115,1,23
219091,219114,219116,2,23
219105,219114,219116,2,9
219105,219114,219116,2,9
219105,219114,219115,1,9
219105,219114,219116,2,9
219091,219114,219116,2,23
219105,219114,219116,2,9
219105,219115,219116,1,10
219105,219115,219117,2,10
219105,219115,219117,2,10
219105,219115,219117,2,10
219105,219115,219116,1,10
219105,219115,219117,2,10
219105,219115,219117,2,10
219105,219115,219117,2,10
219105,219115,219117,2,10
219105,219115,219117,2,10
219105,219115,219117,2,10
219105,219115,219117,2,10
219105,219115,219117,2,10
219105,219115,219117,2,10
219105,219116,219118,2,11
219105,219116,219118,2,11
219105,219116,219118,2,11
219105,219118,219119,1,13
219105,219117,219119,2,12
219105,219117,219119,2,12
219105,219117,219119,2,12
219105,219117,219119,2,12
219105,219116,219118,2,11
219105,219116,219118,2,11
219105,219116,219118,2,11
219105,219116,219119,3,11
219105,219117,219119,2,12
219105,219117,219119,2,12
219105,219117,219119,2,12
219105,219115,219119,4,10
219105,219115,219119,4,10
219105,219116,219118,2,11
219105,219117,219119,2,12
219105,219117,219119,2,12
219105,219118,219119,1,13
219105,219118,219120,2,13
219105,219117,219120,3,12
219105,219117,219120,3,12
219105,219119,219120,1,14
219105,219119,219120,1,14
219105,219118,219120,2,13
219105,219118,219120,2,13
219105,219119,219121,2,14
219105,219119,219121,2,14
219105,219119,219121,2,14
219105,219119,219121,2,14
219105,219119,219121,2,14
219105,219119,219121,2,14
219105,219119,219121,2,14
219105,219120,219121,1,15
219105,219120,219121,1,15
219105,219119,219123,4,14
219105,219119,219123,4,14
219105,219119,219123,4,14
219105,219120,219123,3,15
219105,219120,219124,4,15
219105,219120,219123,3,15
219105,219120,219123,3,15
219105,219121,219124,3,16
219105,219122,219124,2,17
219105,219122,219124,2,17
219105,219122,219124,2,17
219105,219122,219125,3,17
219105,219121,219124,3,16
219105,219121,219124,3,16
219105,219121,219124,3,16
219105,219122,219124,2,17
219105,219122,219124,2,17
219105,219121,219124,3,16
219105,219121,219124,3,16
219105,219121,219124,3,16
219105,219124,219125,1,19
219105,219124,219125,1,19
219105,219124,219126,2,19
219105,219124,219126,2,19
219105,219125,219126,1,20
219105,219125,219126,1,20
219105,219122,219125,3,17
219105,219122,219125,3,17
219105,219124,219125,1,19
219105,219125,219126,1,20
219105,219116,219126,10,11
219105,219124,219125,1,19
219105,219124,219125,1,19
219105,219125,219126,1,20
219105,219125,219126,1,20
219105,219125,219126,1,20
219105,219126,219127,1,21
219105,219125,219126,1,20
219105,219125,219127,2,20
219105,219125,219126,1,20
219105,219126,219127,1,21
219105,219125,219127,2,20
219105,219125,219126,1,20
219105,219125,219127,2,20
219105,219126,219127,1,21
219105,219126,219127,1,21
219105,219127,219128,1,22
219105,219126,219127,1,21
219105,219126,219128,2,21
219105,219126,219128,2,21
219105,219126,219127,1,21
219105,219126,219128,2,21
219105,219126,219128,2,21
219105,219126,219127,1,21
219105,219126,219127,1,21
219105,219126,219127,1,21
219105,219126,219127,1,21
219105,219126,219127,1,21
219105,219128,219129,1,23
219105,219126,219129,3,21
219105,219127,219129,2,22
219105,219127,219128,1,22
219105,219127,219128,1,22
219105,219127,219128,1,22
219105,219128,219129,1,23
219105,219127,219129,2,22
219105,219127,219129,2,22
219105,219127,219129,2,22
219105,219120,219130,10,15
219105,219128,219130,2,23
219105,219128,219129,1,23
219105,219128,219129,1,23
219105,219129,219130,1,24
219105,219128,219129,1,23
219105,219128,219130,2,23
219105,219128,219130,2,23
219105,219128,219129,1,23
219105,219128,219130,2,23
219105,219128,219129,1,23
219105,219129,219130,1,24
219105,219128,219130,2,23
219105,219128,219130,2,23
219105,219128,219130,2,23
219105,219130,219131,1,25
219105,219130,219131,1,25
219105,219129,219130,1,24
219105,219129,219131,2,24
219105,219129,219131,2,24
219105,219129,219130,1,24
219105,219129,219130,1,24
219105,219130,219131,1,25
219105,219120,219130,10,15
219105,219129,219131,2,24
219105,219129,219131,2,24
219105,219129,219131,2,24
219105,219130,219131,1,25
219105,219130,219131,1,25
219105,219130,219132,2,25
219105,219130,219132,2,25
219105,219130,219132,2,25
219105,219130,219132,2,25
219105,219130,219131,1,25
219105,219126,219132,6,21
219105,219131,219132,1,26
219105,219131,219133,2,26
219105,219131,219133,2,26
219105,219131,219132,1,26
219105,219130,219132,2,25
219105,219131,219133,2,26
219105,219131,219133,2,26
219105,219131,219133,2,26
219105,219131,219133,2,26
219105,219131,219133,2,26
219105,219131,219132,1,26
219105,219132,219133,1,27
219105,219132,219133,1,27
219105,219132,219133,1,27
219105,219132,219133,1,27
219105,219132,219133,1,27
219105,219132,219133,1,27
219105,219131,219133,2,26
219105,219132,219134,2,27
219105,219132,219134,2,27
219105,219132,219134,2,27
219105,219132,219134,2,27
219105,219133,219134,1,28
219105,219133,219134,1,28
219105,219133,219135,2,28
219105,219133,219135,2,28
219105,219133,219135,2,28
219105,219133,219135,2,28
219105,219133,219135,2,28
219105,219133,219135,2,28
219105,219133,219135,2,28
219105,219133,219134,1,28
219105,219130,219136,6,25
219105,219131,219138,7,26
219105,219133,219138,5,28
215241,215241,219194,3953,0
219196,219196,219198,2,0
219196,219196,219197,1,0
219196,219196,219197,1,0
219196,219196,219197,1,0
219196,219196,219197,1,0
219196,219196,219197,1,0
219196,219196,219197,1,0
219196,219196,219198,2,0
219196,219196,219198,2,0
219196,219196,219198,2,0
219196,219196,219198,2,0
219196,219196,219198,2,0
219196,219196,219198,2,0
219196,219196,219198,2,0
219196,219196,219198,2,0
219196,219196,219198,2,0
219196,219196,219198,2,0
219196,219196,219198,2,0
219196,219196,219198,2,0
219196,219196,219198,2,0
219196,219196,219198,2,0
219196,219196,219198,2,0
219196,219196,219198,2,0
219196,219196,219198,2,0
219196,219196,219198,2,0
219196,219198,219199,1,2
219196,219198,219199,1,2
219196,219198,219199,1,2
219196,219198,219199,1,2
219196,219198,219199,1,2
219196,219198,219200,2,2
219196,219199,219200,1,3
219196,219199,219201,2,3
219196,219198,219200,2,2
219196,219200,219201,1,4
219196,219199,219201,2,3
219196,219199,219201,2,3
219196,219199,219201,2,3
219196,219199,219201,2,3
219196,219199,219201,2,3
219196,219199,219201,2,3
219196,219200,219201,1,4
219196,219199,219201,2,3
219196,219199,219201,2,3
219196,219199,219201,2,3
219196,219199,219201,2,3
219196,219199,219201,2,3
219196,219199,219201,2,3
219196,219200,219202,2,4
219196,219200,219201,1,4
219196,219200,219201,1,4
219196,219200,219201,1,4
219196,219199,219201,2,3
219196,219201,219202,1,5
219196,219201,219203,2,5
219196,219201,219203,2,5
219196,219201,219203,2,5
219196,219201,219203,2,5
219196,219201,219203,2,5
219196,219202,219203,1,6
219196,219202,219204,2,6
219196,219202,219204,2,6
219196,219202,219204,2,6
219196,219203,219204,1,7
219196,219203,219204,1,7
219196,219202,219204,2,6
219196,219202,219203,1,6
219196,219202,219203,1,6
219196,219202,219203,1,6
219196,219203,219204,1,7
219196,219202,219204,2,6
219196,219202,219204,2,6
219196,219202,219205,3,6
219196,219202,219205,3,6
219196,219202,219204,2,6
219196,219203,219204,1,7
219196,219202,219205,3,6
219196,219202,219205,3,6
219196,219202,219205,3,6
219196,219204,219205,1,8
219196,219204,219205,1,8
219196,219204,219206,2,8
219196,219204,219205,1,8
219196,219204,219206,2,8
219196,219204,219206,2,8
219196,219204,219206,2,8
219196,219204,219206,2,8
219196,219204,219205,1,8
219196,219204,219205,1,8
219196,219204,219205,1,8
219196,219204,219206,2,8
219196,219204,219206,2,8
219196,219205,219207,2,9
219196,219205,219207,2,9
219196,219205,219207,2,9
219196,219205,219207,2,9
219196,219205,219207,2,9
219196,219205,219207,2,9
219196,219205,219207,2,9
219196,219205,219207,2,9
219196,219205,219207,2,9
219196,219206,219207,1,10
219196,219206,219207,1,10
219196,219206,219208,2,10
219196,219206,219208,2,10
219196,219206,219208,2,10
219196,219206,219208,2,10
219196,219205,219208,3,9
219196,219206,219208,2,10
219196,219206,219208,2,10
219196,219206,219207,1,10
219196,219206,219207,1,10
219196,219207,219208,1,11
219196,219206,219208,2,10
219196,219207,219208,1,11
219196,219207,219208,1,11
219196,219207,219209,2,11
219196,219208,219209,1,12
219196,219206,219208,2,10
219196,219207,219209,2,11
219196,219207,219209,2,11
219196,219208,219209,1,12
219196,219207,219209,2,11
219196,219207,219209,2,11
219196,219207,219209,2,11
219196,219208,219210,2,12
219196,219208,219210,2,12
219196,219208,219210,2,12
219196,219208,219210,2,12
219196,219208,219210,2,12
219196,219208,219210,2,12
219196,219208,219210,2,12
219196,219209,219210,1,13
219196,219208,219210,2,12
219196,219208,219210,2,12
219196,219208,219210,2,12
219196,219209,219210,1,13
219196,219209,219211,2,13
219196,219209,219211,2,13
219196,219209,219211,2,13
219196,219209,219210,1,13
219196,219209,219211,2,13
219196,219209,219211,2,13
219196,219210,219211,1,14
219196,219210,219211,1,14
219196,219210,219211,1,14
219196,219209,219211,2,13
219196,219210,219215,5,14
219196,219210,219215,5,14
219196,219210,219215,5,14
219196,219210,219215,5,14
219196,219211,219216,5,15
219196,219211,219216,5,15
219196,219211,219216,5,15
219196,219211,219216,5,15
219196,219211,219216,5,15
219196,219211,219216,5,15
219196,219211,219216,5,15
219196,219211,219216,5,15
219196,219211,219216,5,15
219196,219211,219216,5,15
219196,219211,219216,5,15
219196,219211,219216,5,15
219196,219212,219216,4,16
219196,219212,219216,4,16
219196,219212,219216,4,16
219196,219212,219217,5,16
219196,219212,219217,5,16
219196,219212,219217,5,16
219196,219216,219219,3,20
219196,219216,219219,3,20
219196,219215,219219,4,19
219196,219216,219219,3,20
219196,219217,219220,3,21
219196,219217,219219,2,21
219196,219217,219220,3,21
219196,219217,219220,3,21
219196,219217,219220,3,21
219196,219216,219220,4,20
219196,219217,219220,3,21
219196,219216,219220,4,20
219196,219216,219219,3,20
219196,219216,219220,4,20
219196,219217,219220,3,21
219196,219217,219220,3,21
219196,219217,219221,4,21
219196,219217,219220,3,21
219196,219217,219220,3,21
219196,219218,219221,3,22
219196,219218,219222,4,22
219196,219218,219221,3,22
219196,219220,219222,2,24
219196,219219,219222,3,23
219196,219219,219222,3,23
219196,219220,219223,3,24
219196,219220,219223,3,24
219196,219220,219223,3,24
219196,219239,219244,5,43
219196,219239,219244,5,43
219196,219239,219244,5,43
215246,215246,219421,4175,0
219423,219423,219424,1,0
219423,219423,219424,1,0
219423,219423,219425,2,0
219423,219423,219425,2,0
219423,219423,219424,1,0
219423,219423,219424,1,0
219423,219423,219424,1,0
219423,219423,219425,2,0
219423,219423,219425,2,0
219423,219423,219424,1,0
219423,219423,219425,2,0
219423,219423,219425,2,0
219423,219423,219425,2,0
219423,219423,219425,2,0
219423,219423,219425,2,0
219423,219423,219425,2,0
219423,219423,219426,3,0
219423,219423,219425,2,0
219423,219423,219425,2,0
219423,219423,219425,2,0
219423,219423,219425,2,0
219423,219424,219426,2,1
219423,219424,219426,2,1
219423,219424,219426,2,1
219423,219424,219426,2,1
219423,219423,219425,2,0
219423,219423,219426,3,0
219423,219425,219427,2,2
219423,219425,219427,2,2
219423,219425,219426,1,2
219423,219425,219426,1,2
219423,219425,219427,2,2
219423,219425,219427,2,2
219423,219425,219427,2,2
219423,219425,219427,2,2
219423,219426,219428,2,3
219423,219426,219427,1,3
219423,219426,219428,2,3
219423,219426,219428,2,3
219423,219425,219427,2,2
219423,219426,219428,2,3
219423,219426,219427,1,3
219423,219426,219427,1,3
219423,219426,219428,2,3
219423,219426,219427,1,3
219423,219426,219428,2,3
219423,219425,219427,2,2
219423,219425,219428,3,2
219423,219426,219428,2,3
219423,219427,219429,2,4
219423,219427,219429,2,4
219423,219426,219428,2,3
219423,219426,219428,2,3
219423,219427,219429,2,4
219423,219427,219428,1,4
219423,219426,219428,2,3
219423,219427,219429,2,4
219423,219427,219429,2,4
219423,219427,219429,2,4
219423,219427,219429,2,4
219423,219428,219430,2,5
219423,219428,219430,2,5
219423,219428,219430,2,5
219423,219428,219430,2,5
219423,219428,219430,2,5
219423,219428,219429,1,5
219423,219428,219430,2,5
219423,219428,219430,2,5
219423,219428,219430,2,5
219423,219429,219430,1,6
219423,219428,219430,2,5
219423,219428,219430,2,5
219423,219428,219430,2,5
219423,219430,219431,1,7
219423,219429,219430,1,6
219423,219429,219430,1,6
219423,219429,219430,1,6
219423,219430,219431,1,7
219423,219428,219430,2,5
219423,219429,219430,1,6
219423,219429,219431,2,6
219423,219429,219430,1,6
219423,219430,219431,1,7
219423,219430,219431,1,7
219423,219430,219431,1,7
219423,219429,219430,1,6
219423,219429,219431,2,6
219423,219429,219431,2,6
219423,219429,219430,1,6
219423,219429,219431,2,6
219423,219430,219431,1,7
219423,219430,219431,1,7
219423,219431,219432,1,8
219423,219430,219432,2,7
219423,219431,219432,1,8
219423,219430,219431,1,7
219423,219430,219431,1,7
219423,219430,219431,1,7
219423,219430,219432,2,7
219423,219430,219432,2,7
219423,219431,219432,1,8
219423,219431,219433,2,8
219423,219431,219433,2,8
219423,219431,219433,2,8
219423,219431,219433,2,8
219423,219431,219433,2,8
219423,219431,219433,2,8
219423,219431,219433,2,8
219423,219431,219432,1,8
219423,219431,219433,2,8
219423,219432,219433,1,9
219423,219432,219433,1,9
219423,219431,219433,2,8
219423,219431,219433,2,8
219423,219431,219433,2,8
219423,219431,219433,2,8
219423,219431,219433,2,8
219423,219433,219434,1,10
219423,219432,219433,1,9
219423,219432,219434,2,9
219423,219432,219434,2,9
219423,219432,219433,1,9
219423,219433,219434,1,10
219423,219433,219434,1,10
219423,219432,219434,2,9
219423,219432,219434,2,9
219423,219432,219434,2,9
219423,219432,219434,2,9
219423,219433,219435,2,10
219423,219433,219435,2,10
219423,219433,219435,2,10
219423,219433,219435,2,10
219423,219433,219435,2,10
219423,219433,219435,2,10
219423,219433,219435,2,10
219423,219433,219435,2,10
219423,219434,219435,1,11
219423,219434,219436,2,11
219423,219433,219436,3,10
219423,219433,219436,3,10
219423,219433,219436,3,10
219423,219433,219436,3,10
219423,219434,219436,2,11
219423,219434,219437,3,11
219423,219434,219437,3,11
219423,219434,219437,3,11
219423,219434,219437,3,11
219423,219434,219437,3,11
219423,219434,219437,3,11
219423,219436,219437,1,13
219423,219434,219437,3,11
219423,219435,219437,2,12
219423,219435,219437,2,12
219423,219435,219437,2,12
219423,219435,219437,2,12
219423,219434,219437,3,11
219423,219435,219437,2,12
219423,219435,219437,2,12
219423,219435,219437,2,12
219423,219435,219438,3,12
219423,219435,219438,3,12
219423,219435,219438,3,12
219423,219436,219438,2,13
219423,219437,219438,1,14
219423,219437,219438,1,14
219423,219437,219438,1,14
219423,219436,219438,2,13
219423,219437,219438,1,14
219423,219437,219438,1,14
219423,219437,219439,2,14
219423,219437,219439,2,14
219423,219437,219439,2,14
219423,219437,219438,1,14
219423,219437,219439,2,14
219423,219437,219439,2,14
219423,219438,219439,1,15
219423,219438,219439,1,15
219423,219438,219439,1,15
219423,219438,219439,1,15
219423,219438,219439,1,15
219423,219438,219439,1,15
219423,219438,219439,1,15
219423,219438,219439,1,15
219423,219438,219440,2,15
219423,219438,219440,2,15
219423,219438,219440,2,15
219423,219439,219440,1,16
219423,219439,219440,1,16
219423,219439,219440,1,16
219423,219439,219440,1,16
219423,219439,219441,2,16
219423,219439,219440,1,16
219423,219439,219440,1,16
219423,219440,219441,1,17
219423,219439,219442,3,16
219423,219439,219442,3,16
219423,219439,219442,3,16
219423,219440,219443,3,17
215239,215239,219493,4254,0
219494,219494,219495,1,0
219494,219494,219495,1,0
219494,219494,219495,1,0
219494,219494,219495,1,0
219494,219494,219495,1,0
219494,219494,219496,2,0
219494,219494,219495,1,0
219494,219494,219495,1,0
219494,219494,219496,2,0
219494,219494,219496,2,0
219494,219494,219495,1,0
219494,219494,219496,2,0
219494,219494,219496,2,0
219494,219494,219496,2,0
219494,219494,219496,2,0
219494,219494,219496,2,0
219494,219494,219496,2,0
219494,219494,219496,2,0
219494,219494,219497,3,0
219494,219494,219496,2,0
219494,219494,219496,2,0
219494,219494,219496,2,0
219494,219494,219496,2,0
219494,219494,219497,3,0
219494,219494,219497,3,0
219494,219495,219498,3,1
219494,219496,219499,3,2
219494,219496,219499,3,2
219494,219496,219499,3,2
219494,219496,219499,3,2
219494,219496,219499,3,2
219494,219499,219500,1,5
219494,219496,219499,3,2
219494,219496,219499,3,2
219494,219497,219500,3,3
219494,219496,219500,4,2
219494,219497,219500,3,3
219494,219497,219500,3,3
219494,219496,219500,4,2
219494,219496,219500,4,2
219494,219496,219500,4,2
219494,219496,219500,4,2
219494,219496,219500,4,2
219494,219496,219500,4,2
219494,219496,219500,4,2
219494,219497,219500,3,3
219494,219496,219499,3,2
219494,219497,219500,3,3
219494,219499,219500,1,5
219494,219499,219501,2,5
219494,219499,219500,1,5
219494,219499,219501,2,5
219494,219499,219501,2,5
219494,219498,219500,2,4
219494,219499,219501,2,5
219494,219499,219501,2,5
219494,219500,219502,2,6
219494,219500,219503,3,6
219494,219501,219504,3,7
219494,219502,219504,2,8
219494,219501,219504,3,7
219494,219501,219504,3,7
219494,219501,219504,3,7
219494,219500,219503,3,6
219494,219500,219504,4,6
219494,219500,219504,4,6
219494,219500,219504,4,6
219494,219500,219504,4,6
219494,219500,219504,4,6
219494,219500,219504,4,6
219494,219501,219504,3,7
219494,219502,219504,2,8
219494,219504,219505,1,10
219494,219504,219505,1,10
219494,219503,219505,2,9
219494,219500,219505,5,6
219494,219500,219505,5,6
219494,219500,219505,5,6
219494,219500,219505,5,6
219494,219500,219505,5,6
219494,219500,219505,5,6
219494,219500,219505,5,6
219494,219500,219505,5,6
219494,219501,219505,4,7
219494,219501,219505,4,7
219494,219504,219505,1,10
219494,219505,219506,1,11
219494,219504,219505,1,10
219494,219504,219506,2,10
219494,219505,219506,1,11
219494,219504,219506,2,10
219494,219504,219506,2,10
219494,219504,219506,2,10
219494,219504,219506,2,10
219494,219504,219506,2,10
219494,219504,219506,2,10
219494,219504,219506,2,10
219494,219505,219506,1,11
219494,219505,219506,1,11
219494,219506,219507,1,12
219494,219506,219507,1,12
219494,219506,219507,1,12
219494,219505,219507,2,11
219494,219505,219506,1,11
219494,219506,219507,1,12
219494,219506,219507,1,12
219494,219506,219507,1,12
219494,219506,219507,1,12
219494,219506,219507,1,12
219494,219506,219507,1,12
219494,219506,219507,1,12
219494,219506,219508,2,12
219494,219506,219508,2,12
219494,219506,219508,2,12
219494,219506,219508,2,12
219494,219506,219508,2,12
219494,219506,219508,2,12
219494,219506,219508,2,12
219494,219507,219508,1,13
219494,219506,219508,2,12
219494,219507,219509,2,13
219494,219507,219509,2,13
219494,219507,219510,3,13
219494,219508,219510,2,14
219494,219507,219511,4,13
219494,219508,219511,3,14
219494,219508,219511,3,14
219494,219508,219511,3,14
219494,219508,219511,3,14
219494,219509,219512,3,15
219494,219509,219511,2,15
219494,219508,219511,3,14
219494,219509,219511,2,15
219494,219509,219511,2,15
219494,219509,219511,2,15
219494,219508,219512,4,14
219494,219508,219512,4,14
219494,219508,219511,3,14
219494,219508,219511,3,14
219494,219508,219511,3,14
219494,219508,219511,3,14
219494,219508,219511,3,14
219494,219509,219511,2,15
219494,219508,219511,3,14
219494,219509,219511,2,15
219494,219511,219512,1,17
219494,219510,219512,2,16
219494,219510,219512,2,16
219494,219512,219513,1,18
219494,219512,219513,1,18
219494,219512,219514,2,18
219494,219512,219513,1,18
219494,219512,219513,1,18
219494,219512,219513,1,18
219494,219512,219513,1,18
219494,219512,219514,2,18
219494,219512,219513,1,18
219494,219512,219514,2,18
219494,219512,219514,2,18
219494,219512,219514,2,18
219494,219512,219514,2,18
219494,219512,219514,2,18
219494,219512,219514,2,18
219494,219512,219513,1,18
219494,219512,219514,2,18
219494,219512,219514,2,18
219494,219512,219514,2,18
219494,219512,219514,2,18
219494,219512,219514,2,18
219494,219514,219515,1,20
219494,219514,219515,1,20
219494,219513,219515,2,19
219494,219514,219516,2,20
219494,219514,219516,2,20
219494,219513,219515,2,19
219494,219513,219515,2,19
219494,219514,219516,2,20
219494,219514,219516,2,20
219494,219514,219516,2,20
219494,219516,219517,1,22
219494,219514,219516,2,20
219494,219514,219516,2,20
219494,219516,219517,1,22
219494,219514,219516,2,20
219494,219514,219516,2,20
219494,219514,219516,2,20
219494,219514,219516,2,20
219494,219515,219516,1,21
219494,219514,219516,2,20
219494,219514,219516,2,20
219494,219515,219516,1,21
219494,219515,219517,2,21
219494,219514,219516,2,20
219494,219514,219516,2,20
219494,219514,219516,2,20
219494,219515,219516,1,21
219494,219516,219517,1,22
215232,215232,219551,4319,0
219552,219552,219553,1,0
219552,219552,219553,1,0
219552,219552,219553,1,0
219552,219552,219554,2,0
219552,219552,219554,2,0
219552,219552,219554,2,0
219552,219552,219554,2,0
219552,219552,219554,2,0
219552,219552,219554,2,0
219552,219552,219554,2,0
219552,219552,219554,2,0
219552,219552,219554,2,0
219552,219552,219554,2,0
219552,219552,219554,2,0
219552,219552,219554,2,0
219552,219552,219554,2,0
219552,219552,219554,2,0
219552,219552,219554,2,0
219552,219552,219554,2,0
219552,219552,219554,2,0
219552,219553,219555,2,1
219552,219552,219554,2,0
219552,219552,219555,3,0
219552,219552,219554,2,0
219552,219553,219555,2,1
219552,219553,219555,2,1
219552,219552,219554,2,0
219552,219554,219555,1,2
219552,219554,219556,2,2
219552,219554,219556,2,2
219552,219554,219556,2,2
219552,219554,219556,2,2
219552,219554,219556,2,2
219552,219555,219557,2,3
219552,219555,219557,2,3
219552,219555,219557,2,3
219552,219555,219557,2,3
219552,219554,219557,3,2
219552,219554,219557,3,2
219552,219555,219557,2,3
219552,219556,219557,1,4
219552,219555,219557,2,3
219552,219555,219557,2,3
219552,219555,219557,2,3
219552,219555,219557,2,3
219552,219555,219557,2,3
219552,219555,219557,2,3
219552,219555,219557,2,3
219552,219555,219557,2,3
219552,219555,219557,2,3
219552,219555,219557,2,3
219552,219552,219558,6,0
219552,219556,219557,1,4
219552,219556,219558,2,4
219552,219556,219558,2,4
219552,219557,219558,1,5
219552,219557,219558,1,5
219552,219557,219558,1,5
219552,219558,219559,1,6
219552,219558,219559,1,6
219552,219558,219559,1,6
219552,219558,219559,1,6
219552,219558,219560,2,6
219552,219559,219560,1,7
219552,219558,219559,1,6
219552,219558,219559,1,6
219552,219558,219560,2,6
219552,219558,219560,2,6
219552,219558,219559,1,6
219552,219558,219560,2,6
219552,219559,219560,1,7
219552,219559,219560,1,7
219552,219559,219560,1,7
219552,219558,219560,2,6
219552,219558,219560,2,6
219552,219558,219560,2,6
219552,219558,219560,2,6
219552,219558,219560,2,6
219552,219558,219560,2,6
219552,219558,219561,3,6
219552,219558,219561,3,6
219552,219561,219562,1,9
219552,219560,219562,2,8
219552,219560,219562,2,8
219552,219560,219562,2,8
219552,219560,219562,2,8
219552,219560,219562,2,8
219552,219560,219562,2,8
219552,219560,219562,2,8
219552,219560,219562,2,8
219552,219560,219562,2,8
219552,219560,219563,3,8
219552,219560,219563,3,8
219552,219561,219563,2,9
219552,219563,219564,1,11
219552,219561,219563,2,9
219552,219561,219563,2,9
219552,219560,219563,3,8
219552,219560,219563,3,8
219552,219563,219564,1,11
219552,219561,219563,2,9
219552,219561,219564,3,9
219552,219561,219563,2,9
219552,219561,219563,2,9
219552,219561,219563,2,9
219552,219562,219563,1,10
219552,219562,219563,1,10
219552,219563,219564,1,11
219552,219563,219564,1,11
219552,219563,219564,1,11
219552,219563,219564,1,11
219552,219563,219564,1,11
219552,219564,219565,1,12
219552,219563,219564,1,11
219552,219563,219564,1,11
219552,219563,219565,2,11
219552,219563,219565,2,11
219552,219563,219565,2,11
219552,219565,219566,1,13
219552,219564,219565,1,12
219552,219564,219565,1,12
219552,219564,219565,1,12
219552,219564,219565,1,12
219552,219564,219565,1,12
219552,219564,219566,2,12
219552,219564,219566,2,12
219552,219564,219566,2,12
219552,219564,219566,2,12
219552,219564,219566,2,12
219552,219564,219566,2,12
219552,219558,219566,8,6
219552,219565,219567,2,13
219552,219565,219568,3,13
219552,219565,219568,3,13
219552,219565,219567,2,13
219552,219566,219568,2,14
219552,219568,219569,1,16
219552,219565,219568,3,13
219552,219566,219569,3,14
219552,219565,219568,3,13
219552,219566,219569,3,14
219552,219566,219569,3,14
219552,219565,219568,3,13
219552,219568,219569,1,16
219552,219565,219569,4,13
219552,219565,219568,3,13
219552,219566,219569,3,14
219552,219566,219569,3,14
219552,219565,219569,4,13
219552,219565,219569,4,13
219552,219566,219569,3,14
219552,219566,219569,3,14
219552,219565,219568,3,13
219552,219566,219569,3,14
219552,219566,219569,3,14
219552,219568,219569,1,16
219552,219566,219569,3,14
219552,219568,219569,1,16
219552,219566,219569,3,14
219552,219569,219570,1,17
219552,219569,219570,1,17
219552,219570,219571,1,18
219552,219569,219570,1,17
219552,219569,219571,2,17
219552,219569,219571,2,17
219552,219569,219571,2,17
219552,219569,219570,1,17
219552,219569,219570,1,17
219552,219570,219571,1,18
219552,219569,219571,2,17
219552,219569,219571,2,17
219552,219569,219571,2,17
219552,219569,219571,2,17
219552,219569,219571,2,17
219552,219569,219571,2,17
219552,219569,219571,2,17
219552,219569,219571,2,17
219552,219569,219571,2,17
219552,219567,219571,4,15
219552,219569,219571,2,17
219552,219570,219571,1,18
219552,219569,219571,2,17
219552,219570,219571,1,18
219552,219569,219571,2,17
219552,219571,219573,2,19
219552,219571,219574,3,19
219552,219571,219574,3,19
219552,219571,219574,3,19
219552,219571,219575,4,19
219552,219571,219575,4,19
219552,219571,219574,3,19
219552,219571,219575,4,19
219552,219571,219575,4,19
219552,219571,219576,5,19
219552,219571,219576,5,19
215237,215237,219613,4376,0
219615,219615,219619,4,0
219615,219615,219620,5,0
219615,219615,219620,5,0
219615,219615,219620,5,0
219615,219615,219620,5,0
219615,219615,219621,6,0
219615,219615,219620,5,0
219615,219615,219620,5,0
219615,219615,219620,5,0
219615,219615,219621,6,0
219615,219615,219620,5,0
219615,219615,219621,6,0
219615,219615,219620,5,0
219615,219615,219621,6,0
219615,219615,219621,6,0
219615,219615,219621,6,0
219615,219615,219621,6,0
219615,219615,219620,5,0
219615,219615,219621,6,0
219615,219615,219620,5,0
219615,219615,219621,6,0
219615,219620,219623,3,5
219615,219620,219624,4,5
219615,219620,219624,4,5
219615,219621,219625,4,6
219615,219615,219625,10,0
219615,219621,219625,4,6
219615,219620,219625,5,5
219615,219620,219625,5,5
215217,215217,219626,4409,0
219615,219621,219626,5,6
219615,219621,219626,5,6
219615,219621,219626,5,6
219615,219621,219626,5,6
219615,219621,219626,5,6
219615,219621,219626,5,6
219615,219621,219626,5,6
219615,219621,219626,5,6
219615,219621,219627,6,6
219615,219621,219628,7,6
219615,219623,219629,6,8
219615,219625,219629,4,10
219615,219621,219629,8,6
219615,219621,219629,8,6
219615,219615,219630,15,0
219615,219615,219630,15,0
219615,219615,219630,15,0
219615,219624,219630,6,9
219615,219624,219630,6,9
219615,219626,219630,4,11
219615,219625,219630,5,10
219615,219625,219630,5,10
219615,219621,219630,9,6
219615,219621,219630,9,6
219615,219626,219630,4,11
219615,219626,219631,5,11
219615,219625,219631,6,10
219615,219625,219631,6,10
219615,219626,219631,5,11
219615,219626,219631,5,11
219615,219626,219632,6,11
219615,219627,219632,5,12
219615,219628,219632,4,13
219615,219629,219632,3,14
219615,219630,219632,2,15
219615,219631,219633,2,16
219615,219626,219632,6,11
219615,219630,219632,2,15
219615,219626,219632,6,11
219615,219627,219632,5,12
219615,219630,219633,3,15
219615,219630,219633,3,15
219615,219630,219633,3,15
219615,219631,219633,2,16
219615,219630,219634,4,15
219615,219630,219634,4,15
219615,219631,219635,4,16
219615,219632,219635,3,17
219615,219631,219635,4,16
219615,219633,219636,3,18
219615,219632,219635,3,17
219615,219633,219635,2,18
219615,219633,219635,2,18
219615,219632,219635,3,17
219615,219631,219635,4,16
219615,219633,219635,2,18
219615,219633,219635,2,18
219615,219633,219636,3,18
219615,219632,219636,4,17
219615,219633,219636,3,18
219615,219632,219636,4,17
219615,219633,219636,3,18
219615,219633,219636,3,18
219615,219635,219638,3,20
219615,219634,219638,4,19
219615,219636,219640,4,21
219615,219635,219640,5,20
219615,219636,219640,4,21
219615,219636,219640,4,21
219615,219636,219640,4,21
219615,219637,219640,3,22
219615,219636,219640,4,21
219615,219636,219640,4,21
219615,219637,219640,3,22
219615,219633,219640,7,18
219615,219634,219639,5,19
219615,219636,219640,4,21
219615,219634,219640,6,19
219615,219636,219640,4,21
219615,219636,219640,4,21
219615,219636,219640,4,21
219615,219630,219640,10,15
219615,219630,219640,10,15
219615,219637,219640,3,22
219615,219636,219640,4,21
219615,219637,219640,3,22
219615,219639,219642,3,24
219615,219639,219643,4,24
219615,219637,219643,6,22
219615,219637,219643,6,22
219615,219630,219643,13,15
219615,219640,219644,4,25
219615,219640,219643,3,25
219615,219640,219643,3,25
219615,219640,219643,3,25
219615,219640,219644,4,25
219615,219640,219644,4,25
219615,219640,219643,3,25
219615,219640,219643,3,25
219615,219640,219643,3,25
219615,219640,219644,4,25
219615,219640,219644,4,25
219615,219641,219644,3,26
219615,219640,219645,5,25
219615,219640,219644,4,25
219615,219643,219645,2,28
219615,219641,219647,6,26
219615,219641,219646,5,26
219615,219643,219646,3,28
219615,219644,219647,3,29
219615,219640,219646,6,25
219615,219640,219646,6,25
219615,219640,219646,6,25
219615,219645,219648,3,30
219615,219644,219647,3,29
219615,219647,219648,1,32
219615,219644,219647,3,29
219615,219644,219648,4,29
219615,219644,219647,3,29
219615,219644,219647,3,29
219615,219645,219648,3,30
219615,219643,219647,4,28
219615,219643,219647,4,28
219615,219644,219648,4,29
219615,219644,219647,3,29
219615,219646,219648,2,31
219615,219644,219648,4,29
219615,219644,219649,5,29
219615,219644,219648,4,29
219615,219645,219650,5,30
219615,219648,219651,3,33
219615,219647,219651,4,32
219615,219648,219650,2,33
219615,219647,219650,3,32
219615,219648,219651,3,33
219615,219647,219650,3,32
219615,219648,219651,3,33
219615,219648,219651,3,33
219615,219647,219651,4,32
219615,219647,219651,4,32
219615,219647,219651,4,32
219615,219648,219651,3,33
219615,219648,219651,3,33
219615,219648,219651,3,33
219615,219648,219652,4,33
219615,219649,219653,4,34
219615,219649,219653,4,34
219615,219648,219653,5,33
219615,219648,219653,5,33
219615,219648,219653,5,33
219615,219651,219654,3,36
219615,219650,219654,4,35
219615,219651,219654,3,36
219615,219651,219654,3,36
219615,219651,219653,2,36
219615,219649,219654,5,34
219615,219649,219653,4,34
219615,219641,219654,13,26
219615,219641,219654,13,26
219615,219651,219654,3,36
219615,219651,219655,4,36
219615,219651,219655,4,36
219615,219652,219655,3,37
219615,219651,219655,4,36
219615,219652,219655,3,37
219615,219651,219655,4,36
219615,219644,219655,11,29
219615,219652,219655,3,37
219615,219651,219656,5,36
219615,219651,219656,5,36
219615,219652,219657,5,37
219627,219654,219657,3,27
219627,219653,219657,4,26
219627,219654,219657,3,27
219627,219654,219657,3,27
219627,219654,219657,3,27
219627,219653,219657,4,26
219627,219653,219657,4,26
219627,219654,219657,3,27
219627,219654,219658,4,27
219627,219654,219657,3,27
219627,219654,219657,3,27
219627,219655,219658,3,28
219627,219655,219658,3,28
219627,219655,219659,4,28
219627,219655,219658,3,28
219627,219655,219659,4,28
219627,219656,219659,3,29
219627,219657,219660,3,30
219627,219657,219660,3,30
219627,219655,219659,4,28
219627,219655,219659,4,28
219627,219657,219660,3,30
219627,219656,219660,4,29
219627,219657,219660,3,30
219627,219657,219660,3,30
219627,219657,219660,3,30
219627,219656,219660,4,29
219627,219657,219661,4,30
219627,219657,219661,4,30
219627,219658,219661,3,31
219627,219655,219662,7,28
219627,219659,219662,3,32
219627,219658,219662,4,31
219627,219658,219662,4,31
219627,219658,219662,4,31
219627,219658,219662,4,31
219627,219658,219662,4,31
219627,219658,219662,4,31
219627,219661,219663,2,34
219627,219659,219663,4,32
219627,219659,219663,4,32
219627,219660,219663,3,33
219627,219660,219663,3,33
219627,219660,219663,3,33
219627,219660,219663,3,33
219627,219660,219663,3,33
219627,219660,219663,3,33
219627,219660,219664,4,33
219627,219660,219664,4,33
219627,219658,219664,6,31
219627,219660,219665,5,33
219627,219662,219665,3,35
219627,219662,219665,3,35
219627,219660,219665,5,33
219627,219662,219666,4,35
219627,219661,219666,5,34
219627,219662,219667,5,35
219627,219662,219667,5,35
219627,219662,219667,5,35
219627,219664,219667,3,37
219627,219663,219668,5,36
219627,219663,219668,5,36
219627,219663,219668,5,36
219627,219663,219668,5,36
219627,219664,219668,4,37
219627,219664,219668,4,37
219627,219664,219668,4,37
219627,219665,219668,3,38
219627,219664,219668,4,37
219627,219666,219668,2,39
219627,219664,219670,6,37
219627,219668,219670,2,41
219627,219669,219670,1,42
219627,219666,219670,4,39
219627,219667,219670,3,40
219627,219665,219671,6,38
219627,219666,219671,5,39
219627,219662,219670,8,35
219627,219664,219671,7,37
219627,219664,219671,7,37
219627,219664,219670,6,37
219627,219666,219671,5,39
219627,219667,219671,4,40
219627,219668,219671,3,41
219627,219668,219671,3,41
219627,219668,219672,4,41
219627,219668,219672,4,41
219627,219669,219673,4,42
219627,219668,219673,5,41
219627,219669,219673,4,42
219627,219669,219674,5,42
219627,219671,219674,3,44
219627,219669,219673,4,42
219627,219668,219673,5,41
219627,219671,219674,3,44
219627,219671,219674,3,44
219627,219670,219674,4,43
219627,219669,219674,5,42
219627,219671,219674,3,44
219627,219669,219674,5,42
219627,219671,219675,4,44
219627,219671,219675,4,44
219627,219671,219675,4,44
219627,219671,219675,4,44
219627,219672,219675,3,45
219627,219671,219675,4,44
219627,219672,219675,3,45
219627,219673,219675,2,46
219627,219673,219675,2,46
219627,219674,219676,2,47
219627,219671,219675,4,44
219627,219673,219676,3,46
219627,219672,219676,4,45
219627,219671,219675,4,44
219627,219675,219676,1,48
219627,219675,219676,1,48
219627,219674,219677,3,47
219627,219675,219677,2,48
219627,219674,219676,2,47
219627,219674,219677,3,47
219627,219676,219677,1,49
219627,219674,219677,3,47
219627,219674,219677,3,47
219627,219674,219676,2,47
219627,219674,219677,3,47
219627,219675,219677,2,48
219627,219675,219677,2,48
219627,219675,219677,2,48
219627,219675,219677,2,48
219627,219676,219677,1,49
219627,219676,219677,1,49
219627,219676,219678,2,49
219627,219676,219677,1,49
219627,219676,219677,1,49
219627,219676,219677,1,49
219627,219677,219678,1,50
219627,219676,219678,2,49
219627,219676,219678,2,49
219627,219677,219678,1,50
219627,219677,219678,1,50
219627,219677,219679,2,50
219627,219671,219679,8,44
219627,219677,219679,2,50
219627,219677,219679,2,50
219627,219677,219679,2,50
219627,219677,219679,2,50
219627,219677,219679,2,50
219627,219677,219679,2,50
219627,219678,219679,1,51
219627,219677,219679,2,50
219627,219677,219679,2,50
219627,219678,219680,2,51
219627,219678,219680,2,51
219627,219677,219679,2,50
219627,219677,219680,3,50
219627,219678,219680,2,51
219627,219678,219680,2,51
219627,219678,219680,2,51
219627,219679,219681,2,52
219627,219678,219680,2,51
219627,219678,219681,3,51
219627,219678,219680,2,51
219627,219678,219681,3,51
219627,219679,219682,3,52
219627,219679,219681,2,52
219627,219679,219682,3,52
219627,219679,219682,3,52
219627,219680,219682,2,53
219627,219680,219682,2,53
219627,219680,219682,2,53
219627,219680,219683,3,53
219627,219681,219683,2,54
219627,219680,219683,3,53
219627,219680,219683,3,53
219627,219680,219683,3,53
219627,219680,219682,2,53
219627,219681,219683,2,54
219627,219681,219683,2,54
219627,219680,219683,3,53
219627,219681,219683,2,54
219627,219679,219683,4,52
219627,219679,219682,3,52
219627,219681,219683,2,54
219627,219682,219684,2,55
219627,219681,219684,3,54
219627,219681,219683,2,54
219627,219681,219683,2,54
219627,219682,219684,2,55
219627,219683,219684,1,56
219627,219682,219684,2,55
219627,219681,219684,3,54
219627,219682,219684,2,55
219627,219683,219684,1,56
219627,219683,219684,1,56
219627,219683,219684,1,56
219627,219683,219684,1,56
219627,219683,219684,1,56
219627,219683,219685,2,56
219627,219683,219685,2,56
219627,219679,219685,6,52
215235,215235,219704,4469,0
219706,219706,219707,1,0
219706,219706,219707,1,0
219706,219706,219707,1,0
219706,219706,219707,1,0
219706,219706,219707,1,0
219706,219706,219707,1,0
219706,219706,219707,1,0
219706,219706,219708,2,0
219706,219706,219707,1,0
219706,219706,219708,2,0
219706,219706,219708,2,0
219706,219706,219708,2,0
219706,219706,219708,2,0
219706,219706,219708,2,0
219706,219706,219708,2,0
219706,219706,219708,2,0
219706,219707,219708,1,1
219706,219706,219708,2,0
219706,219707,219708,1,1
219706,219707,219708,1,1
219706,219706,219708,2,0
219706,219706,219708,2,0
219706,219706,219710,4,0
219706,219706,219710,4,0
219706,219708,219710,2,2
219706,219708,219710,2,2
219706,219709,219711,2,3
219706,219708,219711,3,2
219706,219709,219712,3,3
219706,219708,219711,3,2
219706,219708,219711,3,2
219706,219708,219711,3,2
219706,219708,219711,3,2
219706,219709,219712,3,3
219706,219709,219711,2,3
219706,219708,219712,4,2
219706,219708,219711,3,2
219706,219708,219712,4,2
219706,219708,219712,4,2
219706,219708,219712,4,2
219706,219708,219712,4,2
219706,219708,219712,4,2
219706,219711,219712,1,5
219706,219706,219712,6,0
219706,219706,219712,6,0
219706,219711,219713,2,5
219706,219706,219713,7,0
219706,219709,219713,4,3
219706,219709,219713,4,3
219706,219710,219713,3,4
219706,219710,219713,3,4
219706,219712,219713,1,6
219706,219712,219714,2,6
219706,219712,219714,2,6
219706,219712,219714,2,6
219706,219712,219714,2,6
219706,219712,219714,2,6
215243,215243,219714,4471,0
219706,219712,219714,2,6
219706,219712,219713,1,6
219706,219712,219714,2,6
219706,219712,219714,2,6
219706,219713,219714,1,7
219706,219714,219715,1,8
219706,219713,219715,2,7
219706,219714,219715,1,8
219706,219714,219715,1,8
219706,219712,219715,3,6
219706,219712,219715,3,6
219706,219713,219715,2,7
219706,219712,219715,3,6
219706,219712,219715,3,6
219706,219712,219714,2,6
219706,219713,219715,2,7
219706,219712,219715,3,6
219706,219714,219715,1,8
219706,219714,219715,1,8
219706,219714,219715,1,8
219706,219714,219715,1,8
219706,219714,219716,2,8
219706,219714,219715,1,8
219706,219714,219715,1,8
219706,219714,219715,1,8
219706,219714,219715,1,8
219706,219715,219716,1,9
219706,219715,219716,1,9
219706,219715,219717,2,9
219706,219715,219716,1,9
219706,219715,219718,3,9
219706,219714,219718,4,8
219706,219716,219719,3,10
219706,219716,219719,3,10
219706,219716,219719,3,10
219706,219715,219719,4,9
219706,219716,219719,3,10
219706,219715,219719,4,9
219706,219717,219720,3,11
219706,219717,219720,3,11
219706,219716,219720,4,10
219706,219716,219720,4,10
219706,219716,219720,4,10
219706,219717,219720,3,11
219706,219716,219720,4,10
219706,219716,219720,4,10
219706,219716,219720,4,10
219706,219716,219720,4,10
219706,219716,219719,3,10
219706,219718,219720,2,12
219706,219716,219720,4,10
219706,219716,219720,4,10
219706,219716,219720,4,10
219706,219713,219721,8,7
219706,219717,219721,4,11
219706,219720,219721,1,14
219706,219720,219721,1,14
219706,219720,219721,1,14
219706,219719,219721,2,13
219706,219720,219721,1,14
219706,219720,219721,1,14
219706,219720,219722,2,14
219706,219720,219721,1,14
219706,219720,219721,1,14
219706,219720,219722,2,14
219706,219720,219722,2,14
219706,219720,219722,2,14
219706,219720,219722,2,14
219706,219720,219722,2,14
219706,219720,219722,2,14
219706,219721,219722,1,15
219706,219721,219722,1,15
219706,219721,219722,1,15
219706,219721,219722,1,15
219706,219721,219722,1,15
219706,219713,219723,10,7
219706,219721,219723,2,15
219706,219721,219723,2,15
219706,219721,219723,2,15
219706,219721,219723,2,15
219706,219722,219723,1,16
219706,219722,219723,1,16
219706,219722,219723,1,16
219706,219722,219724,2,16
219706,219722,219724,2,16
219706,219722,219724,2,16
219706,219722,219724,2,16
219706,219722,219723,1,16
219706,219722,219723,1,16
219706,219713,219723,10,7
219706,219722,219724,2,16
219706,219722,219724,2,16
219706,219722,219724,2,16
219706,219722,219724,2,16
219706,219722,219724,2,16
219706,219722,219724,2,16
219706,219723,219724,1,17
219706,219723,219724,1,17
219706,219723,219724,1,17
219706,219723,219724,1,17
219706,219723,219724,1,17
219706,219723,219725,2,17
219706,219724,219725,1,18
219706,219724,219728,4,18
219706,219725,219727,2,19
219706,219724,219727,3,18
219706,219724,219728,4,18
219706,219724,219727,3,18
219706,219724,219727,3,18
219706,219724,219728,4,18
219706,219724,219728,4,18
219706,219724,219728,4,18
219706,219724,219728,4,18
219706,219725,219728,3,19
219706,219724,219729,5,18
219706,219724,219729,5,18
219706,219725,219729,4,19
219706,219725,219730,5,19
219706,219725,219729,4,19
219706,219725,219730,5,19
219706,219725,219730,5,19
219706,219725,219730,5,19
219706,219725,219730,5,19
219706,219726,219730,4,20
219706,219725,219730,5,19
219706,219725,219730,5,19
219706,219726,219731,5,20
219706,219728,219731,3,22
219706,219728,219731,3,22
219706,219729,219731,2,23
219706,219729,219731,2,23
219714,219730,219732,2,16
219714,219730,219732,2,16
219706,219728,219731,3,22
219706,219728,219731,3,22
219706,219728,219731,3,22
219706,219728,219732,4,22
219706,219729,219732,3,23
219706,219728,219732,4,22
219706,219728,219732,4,22
219706,219728,219731,3,22
219714,219730,219732,2,16
219714,219730,219732,2,16
219714,219730,219734,4,16
219714,219732,219734,2,18
219706,219729,219733,4,23
219714,219731,219734,3,17
219714,219731,219734,3,17
219714,219732,219734,2,18
219714,219732,219734,2,18
219714,219732,219734,2,18
219714,219731,219734,3,17
219714,219732,219734,2,18
219714,219732,219735,3,18
219714,219732,219735,3,18
219714,219732,219735,3,18
219706,219723,219735,12,17
219714,219731,219736,5,17
219714,219732,219735,3,18
219714,219734,219736,2,20
219714,219734,219736,2,20
219714,219732,219736,4,18
219714,219732,219736,4,18
219714,219732,219736,4,18
219714,219732,219736,4,18
219706,219724,219736,12,18
219714,219733,219737,4,19
219714,219735,219737,2,21
219714,219735,219737,2,21
219714,219732,219736,4,18
219714,219732,219736,4,18
219714,219735,219737,2,21
219714,219735,219737,2,21
219714,219735,219737,2,21
219714,219733,219737,4,19
219714,219735,219737,2,21
219714,219734,219737,3,20
219714,219735,219737,2,21
219714,219735,219738,3,21
219714,219735,219737,2,21
219714,219736,219738,2,22
219714,219736,219738,2,22
219714,219736,219738,2,22
219714,219736,219738,2,22
219714,219737,219739,2,23
219714,219736,219738,2,22
219714,219735,219738,3,21
219714,219736,219738,2,22
219714,219737,219739,2,23
219714,219737,219739,2,23
219714,219737,219739,2,23
219714,219737,219739,2,23
219714,219737,219739,2,23
219714,219737,219739,2,23
219714,219738,219740,2,24
219714,219738,219740,2,24
219714,219737,219740,3,23
219714,219738,219741,3,24
219714,219738,219741,3,24
219714,219738,219741,3,24
219714,219738,219741,3,24
219714,219738,219741,3,24
219714,219738,219741,3,24
219714,219739,219742,3,25
219714,219739,219742,3,25
219714,219739,219742,3,25
219714,219739,219743,4,25
219714,219738,219742,4,24
219714,219739,219743,4,25
219714,219739,219744,5,25
219714,219740,219744,4,26
219714,219739,219745,6,25
219714,219742,219745,3,28
219714,219741,219745,4,27
219714,219739,219745,6,25
219714,219741,219745,4,27
219714,219739,219745,6,25
219714,219742,219746,4,28
219714,219739,219745,6,25
219714,219742,219745,3,28
219714,219741,219746,5,27
219714,219742,219746,4,28
219714,219739,219746,7,25
219714,219740,219746,6,26
219714,219742,219746,4,28
219714,219741,219747,6,27
219714,219744,219747,3,30
219714,219742,219747,5,28
219714,219744,219748,4,30
219714,219735,219748,13,21
219714,219737,219749,12,23
219714,219743,219749,6,29
219714,219746,219749,3,32
219714,219744,219749,5,30
219714,219746,219749,3,32
219714,219745,219749,4,31
219714,219745,219749,4,31
219714,219745,219749,4,31
219714,219746,219749,3,32
219714,219743,219749,6,29
219714,219746,219749,3,32
219714,219745,219749,4,31
219714,219745,219750,5,31
219714,219747,219749,2,33
219714,219746,219749,3,32
219714,219747,219750,3,33
219714,219746,219751,5,32
219714,219748,219751,3,34
219714,219747,219751,4,33
219714,219749,219751,2,35
219714,219737,219751,14,23
219714,219748,219751,3,34
219714,219747,219751,4,33
219714,219747,219752,5,33
219714,219749,219752,3,35
219714,219749,219752,3,35
219714,219749,219752,3,35
219714,219749,219752,3,35
219714,219736,219751,15,22
219714,219749,219752,3,35
219714,219749,219752,3,35
219714,219749,219752,3,35
219714,219750,219752,2,36
219714,219750,219752,2,36
219714,219750,219752,2,36
219714,219750,219752,2,36
219714,219750,219752,2,36
219714,219749,219752,3,35
219714,219750,219753,3,36
219714,219749,219753,4,35
219714,219752,219753,1,38
219714,219750,219754,4,36
219714,219751,219754,3,37
219714,219751,219754,3,37
219714,219751,219754,3,37
219714,219752,219754,2,38
219714,219752,219754,2,38
219714,219751,219754,3,37
219714,219751,219754,3,37
219714,219752,219755,3,38
219714,219752,219755,3,38
219714,219751,219754,3,37
219714,219753,219755,2,39
219714,219752,219755,3,38
219714,219752,219755,3,38
219714,219753,219755,2,39
219714,219753,219755,2,39
219714,219753,219755,2,39
219714,219753,219755,2,39
219714,219753,219755,2,39
219714,219754,219755,1,40
219714,219753,219755,2,39
219714,219753,219756,3,39
219714,219754,219756,2,40
219714,219754,219756,2,40
219714,219755,219756,1,41
219714,219754,219756,2,40
219714,219755,219756,1,41
219714,219756,219757,1,42
219714,219756,219757,1,42
219714,219755,219756,1,41
219714,219755,219757,2,41
219714,219755,219757,2,41
219714,219755,219757,2,41
219714,219755,219757,2,41
219714,219755,219757,2,41
219714,219755,219757,2,41
219714,219756,219757,1,42
219714,219756,219757,1,42
219714,219756,219757,1,42
219714,219756,219757,1,42
219714,219756,219757,1,42
219714,219756,219757,1,42
219714,219756,219757,1,42
219714,219757,219758,1,43
219714,219757,219758,1,43
219714,219756,219757,1,42
219714,219751,219757,6,37
219714,219757,219758,1,43
219714,219756,219758,2,42
219714,219756,219758,2,42
219714,219756,219758,2,42
219714,219757,219758,1,43
219714,219757,219758,1,43
219714,219757,219758,1,43
219714,219752,219758,6,38
219714,219757,219759,2,43
219714,219758,219759,1,44
219714,219758,219759,1,44
219714,219758,219759,1,44
219714,219758,219760,2,44
219714,219758,219760,2,44
219714,219758,219760,2,44
219714,219758,219760,2,44
219714,219758,219760,2,44
219714,219757,219760,3,43
219714,219758,219760,2,44
219714,219758,219760,2,44
219714,219758,219760,2,44
219714,219758,219760,2,44
219714,219758,219761,3,44
219714,219758,219761,3,44
215215,215215,219846,4631,0
219847,219847,219850,3,0
219847,219847,219851,4,0
219847,219847,219852,5,0
219847,219847,219852,5,0
219847,219847,219852,5,0
219847,219847,219851,4,0
219847,219847,219852,5,0
219847,219847,219852,5,0
219847,219847,219852,5,0
219847,219847,219852,5,0
219847,219847,219852,5,0
219847,219847,219852,5,0
219847,219847,219852,5,0
219847,219847,219852,5,0
219847,219847,219852,5,0
219847,219847,219853,6,0
219847,219847,219853,6,0
219847,219851,219855,4,4
219847,219852,219855,3,5
219847,219847,219854,7,0
219847,219852,219855,3,5
219847,219847,219855,8,0
219847,219847,219854,7,0
219847,219847,219855,8,0
219847,219847,219855,8,0
219847,219847,219855,8,0
219847,219852,219855,3,5
219847,219852,219856,4,5
219847,219852,219856,4,5
219847,219847,219855,8,0
219847,219852,219856,4,5
219847,219853,219857,4,6
219847,219852,219857,5,5
219847,219852,219857,5,5
219847,219852,219857,5,5
219847,219852,219857,5,5
219847,219853,219857,4,6
219847,219852,219857,5,5
219847,219852,219857,5,5
219847,219855,219858,3,8
219847,219855,219858,3,8
219847,219855,219858,3,8
219847,219852,219857,5,5
219847,219853,219858,5,6
219847,219855,219858,3,8
219847,219855,219859,4,8
219847,219856,219860,4,9
219847,219856,219860,4,9
219847,219855,219860,5,8
219847,219855,219860,5,8
219847,219855,219860,5,8
219847,219857,219860,3,10
219847,219857,219860,3,10
219847,219857,219860,3,10
219847,219856,219860,4,9
219847,219855,219860,5,8
219847,219856,219860,4,9
219847,219858,219861,3,11
219847,219857,219861,4,10
219847,219857,219861,4,10
219847,219858,219861,3,11
219847,219857,219861,4,10
219847,219858,219861,3,11
219847,219859,219861,2,12
219847,219857,219861,4,10
219847,219857,219861,4,10
219847,219857,219861,4,10
219847,219858,219861,3,11
219847,219860,219862,2,13
219847,219860,219862,2,13
219847,219858,219862,4,11
219847,219860,219862,2,13
219847,219861,219862,1,14
219847,219860,219862,2,13
219847,219861,219862,1,14
219847,219861,219862,1,14
219847,219860,219862,2,13
219847,219858,219862,4,11
219847,219861,219862,1,14
219847,219861,219862,1,14
219847,219861,219863,2,14
219847,219861,219863,2,14
219847,219861,219863,2,14
219847,219861,219863,2,14
219847,219861,219863,2,14
219847,219861,219863,2,14
219847,219861,219863,2,14
219847,219861,219863,2,14
219847,219862,219863,1,15
219847,219862,219863,1,15
219847,219863,219864,1,16
219847,219863,219864,1,16
219847,219862,219864,2,15
219847,219863,219864,1,16
219847,219862,219864,2,15
219847,219863,219864,1,16
219847,219863,219866,3,16
219847,219863,219866,3,16
219847,219863,219865,2,16
219847,219863,219866,3,16
219847,219863,219866,3,16
219847,219863,219866,3,16
219847,219863,219866,3,16
219847,219862,219866,4,15
219847,219863,219866,3,16
219847,219864,219866,2,17
219847,219864,219867,3,17
219847,219863,219866,3,16
219847,219863,219866,3,16
219847,219864,219867,3,17
219847,219864,219866,2,17
219847,219863,219866,3,16
219847,219863,219866,3,16
219847,219865,219868,3,18
219847,219864,219868,4,17
219847,219865,219868,3,18
219847,219865,219868,3,18
219847,219864,219867,3,17
219847,219864,219867,3,17
219847,219866,219868,2,19
219847,219864,219868,4,17
219847,219866,219868,2,19
219847,219866,219868,2,19
219847,219867,219868,1,20
219847,219866,219868,2,19
219847,219867,219868,1,20
219847,219867,219868,1,20
219847,219867,219868,1,20
219847,219867,219869,2,20
219847,219867,219869,2,20
219847,219866,219869,3,19
219847,219867,219869,2,20
219847,219867,219869,2,20
219847,219867,219869,2,20
219847,219867,219869,2,20
219847,219868,219869,1,21
219847,219868,219869,1,21
219847,219867,219869,2,20
219847,219868,219869,1,21
219847,219868,219869,1,21
219847,219868,219869,1,21
219847,219868,219869,1,21
219847,219868,219869,1,21
219847,219867,219869,2,20
219847,219868,219870,2,21
219847,219869,219870,1,22
219847,219869,219870,1,22
219847,219869,219870,1,22
219847,219869,219870,1,22
219847,219869,219870,1,22
219847,219870,219871,1,23
219847,219868,219870,2,21
219847,219869,219871,2,22
219847,219870,219871,1,23
219847,219868,219870,2,21
219847,219869,219871,2,22
219847,219847,219871,24,0
219847,219869,219871,2,22
219847,219869,219871,2,22
219847,219871,219872,1,24
219847,219869,219871,2,22
219847,219869,219871,2,22
219847,219870,219872,2,23
219847,219870,219871,1,23
219847,219869,219871,2,22
219847,219870,219872,2,23
219847,219869,219871,2,22
219847,219870,219871,1,23
219847,219870,219872,2,23
219847,219870,219872,2,23
219847,219870,219872,2,23
219847,219871,219872,1,24
219847,219871,219872,1,24
219847,219871,219872,1,24
219847,219871,219872,1,24
219847,219871,219872,1,24
219847,219871,219872,1,24
219847,219871,219872,1,24
219847,219871,219873,2,24
219847,219871,219872,1,24
219847,219872,219873,1,25
219847,219872,219873,1,25
219847,219872,219873,1,25
219847,219872,219873,1,25
219847,219872,219874,2,25
219847,219872,219874,2,25
219847,219872,219874,2,25
219847,219872,219874,2,25
219847,219872,219874,2,25
219847,219872,219874,2,25
219847,219872,219874,2,25
219847,219872,219874,2,25
219847,219872,219873,1,25
219847,219872,219874,2,25
219847,219873,219874,1,26
219847,219873,219874,1,26
219847,219872,219875,3,25
219847,219873,219877,4,26
215216,215216,219878,4662,0
219847,219872,219878,6,25
215233,215233,219883,4650,0
219888,219888,219890,2,0
219888,219888,219890,2,0
219888,219888,219890,2,0
219888,219888,219890,2,0
219888,219888,219890,2,0
219888,219888,219890,2,0
219888,219888,219890,2,0
219888,219888,219890,2,0
219888,219888,219890,2,0
219888,219888,219890,2,0
219888,219888,219890,2,0
219888,219888,219890,2,0
219888,219888,219890,2,0
219888,219888,219891,3,0
219888,219888,219891,3,0
219888,219888,219891,3,0
219888,219888,219891,3,0
219888,219888,219891,3,0
219888,219888,219891,3,0
219888,219888,219891,3,0
219888,219888,219891,3,0
219888,219888,219891,3,0
219888,219888,219891,3,0
219888,219888,219891,3,0
219888,219891,219892,1,3
219888,219891,219892,1,3
219888,219891,219892,1,3
219888,219891,219892,1,3
219888,219891,219892,1,3
219888,219891,219892,1,3
219888,219891,219892,1,3
219888,219891,219892,1,3
219888,219891,219892,1,3
219888,219891,219892,1,3
219888,219891,219892,1,3
219888,219891,219893,2,3
219888,219891,219893,2,3
219888,219892,219893,1,4
219888,219892,219894,2,4
219888,219891,219893,2,3
219888,219891,219893,2,3
219888,219888,219894,6,0
219888,219893,219894,1,5
219888,219893,219894,1,5
219888,219893,219894,1,5
219888,219893,219894,1,5
219888,219892,219894,2,4
219888,219892,219894,2,4
219888,219892,219894,2,4
219888,219892,219894,2,4
219888,219893,219894,1,5
219888,219893,219894,1,5
219888,219893,219894,1,5
219888,219893,219895,2,5
219888,219893,219895,2,5
219888,219893,219894,1,5
219888,219892,219894,2,4
219888,219892,219894,2,4
219888,219892,219894,2,4
219888,219891,219895,4,3
219888,219894,219895,1,6
219888,219893,219895,2,5
219888,219894,219895,1,6
219888,219895,219897,2,7
219888,219894,219897,3,6
219888,219894,219897,3,6
219888,219895,219897,2,7
219888,219895,219897,2,7
219888,219895,219897,2,7
219888,219894,219896,2,6
219888,219895,219897,2,7
219888,219895,219897,2,7
219888,219895,219897,2,7
219888,219895,219897,2,7
219888,219895,219898,3,7
219888,219895,219897,2,7
219888,219895,219898,3,7
219888,219895,219897,2,7
219888,219895,219897,2,7
219888,219894,219897,3,6
219888,219895,219898,3,7
219888,219896,219898,2,8
219888,219897,219898,1,9
219888,219895,219898,3,7
219888,219896,219897,1,8
219888,219897,219898,1,9
219888,219898,219899,1,10
219888,219897,219899,2,9
219888,219897,219898,1,9
219888,219895,219898,3,7
219888,219895,219898,3,7
219888,219896,219898,2,8
219888,219897,219899,2,9
219888,219897,219898,1,9
219888,219897,219899,2,9
219888,219898,219899,1,10
219888,219898,219899,1,10
219888,219897,219898,1,9
219888,219898,219899,1,10
219888,219899,219900,1,11
219888,219899,219900,1,11
219888,219898,219900,2,10
219888,219898,219900,2,10
219888,219898,219899,1,10
219888,219898,219900,2,10
219888,219898,219899,1,10
219888,219898,219900,2,10
219888,219898,219900,2,10
219888,219898,219900,2,10
219888,219899,219900,1,11
219888,219899,219900,1,11
219888,219895,219899,4,7
219888,219899,219900,1,11
219888,219900,219901,1,12
219888,219899,219900,1,11
219888,219899,219901,2,11
219888,219899,219900,1,11
219888,219899,219900,1,11
219888,219899,219900,1,11
219888,219899,219900,1,11
219888,219899,219901,2,11
219888,219899,219901,2,11
219888,219899,219901,2,11
219888,219899,219900,1,11
219888,219900,219901,1,12
219888,219900,219901,1,12
219888,219900,219902,2,12
219888,219901,219902,1,13
219888,219901,219902,1,13
219888,219900,219902,2,12
219888,219901,219902,1,13
219888,219900,219902,2,12
219888,219901,219902,1,13
219888,219901,219902,1,13
219888,219900,219902,2,12
219888,219895,219902,7,7
219888,219902,219903,1,14
219888,219902,219903,1,14
219888,219902,219903,1,14
219888,219900,219903,3,12
219888,219900,219902,2,12
219888,219900,219902,2,12
219888,219900,219902,2,12
219888,219901,219903,2,13
219888,219901,219903,2,13
219888,219900,219903,3,12
219888,219901,219903,2,13
219888,219901,219903,2,13
219888,219901,219903,2,13
219888,219900,219903,3,12
219888,219901,219903,2,13
219888,219901,219903,2,13
219888,219901,219903,2,13
219888,219903,219904,1,15
219888,219902,219903,1,14
219888,219903,219904,1,15
219888,219902,219904,2,14
219888,219902,219903,1,14
219888,219903,219904,1,15
219888,219902,219903,1,14
219888,219902,219903,1,14
219888,219902,219903,1,14
219888,219903,219904,1,15
219888,219902,219903,1,14
219888,219904,219905,1,16
219888,219903,219904,1,15
219888,219904,219905,1,16
219888,219904,219905,1,16
219888,219903,219904,1,15
219888,219903,219905,2,15
219888,219903,219905,2,15
219888,219903,219905,2,15
219888,219903,219905,2,15
219888,219903,219905,2,15
219888,219903,219905,2,15
219888,219903,219905,2,15
219888,219903,219905,2,15
219888,219903,219905,2,15
219888,219903,219905,2,15
219888,219904,219906,2,16
219888,219904,219906,2,16
219888,219903,219905,2,15
219888,219905,219906,1,17
219888,219905,219906,1,17
219888,219905,219906,1,17
219888,219905,219906,1,17
219888,219905,219907,2,17
219888,219905,219907,2,17
219888,219903,219906,3,15
219888,219904,219907,3,16
219888,219905,219907,2,17
219889,219905,219907,2,16
219889,219905,219907,2,16
219888,219905,219907,2,17
219889,219906,219907,1,17
219889,219907,219908,1,18
219889,219907,219908,1,18
219888,219905,219908,3,17
219889,219907,219908,1,18
219889,219907,219908,1,18
219888,219905,219908,3,17
219888,219905,219908,3,17
219889,219905,219908,3,16
219889,219905,219908,3,16
219889,219906,219908,2,17
219889,219907,219908,1,18
219889,219905,219908,3,16
219889,219907,219908,1,18
219888,219903,219908,5,15
219889,219906,219908,2,17
219889,219906,219908,2,17
219889,219906,219908,2,17
219889,219907,219909,2,18
219889,219907,219909,2,18
219889,219908,219909,1,19
219889,219908,219909,1,19
219889,219908,219909,1,19
219889,219908,219909,1,19
219889,219908,219909,1,19
219889,219908,219909,1,19
219889,219908,219909,1,19
219889,219908,219909,1,19
219889,219908,219910,2,19
219889,219908,219910,2,19
219889,219908,219910,2,19
219889,219909,219910,1,20
219889,219909,219910,1,20
219889,219909,219911,2,20
219889,219909,219910,1,20
219889,219909,219910,1,20
219889,219909,219911,2,20
219889,219909,219910,1,20
219889,219909,219911,2,20
219889,219909,219911,2,20
219889,219909,219911,2,20
219889,219909,219911,2,20
219889,219909,219912,3,20
219889,219910,219912,2,21
219889,219910,219912,2,21
219889,219910,219912,2,21
219889,219910,219912,2,21
219889,219911,219913,2,22
219889,219910,219912,2,21
219889,219910,219912,2,21
219889,219910,219913,3,21
219889,219910,219912,2,21
219889,219910,219912,2,21
219889,219910,219913,3,21
219889,219910,219913,3,21
219889,219911,219913,2,22
219889,219911,219913,2,22
219889,219911,219914,3,22
219889,219911,219913,2,22
219889,219912,219913,1,23
219889,219911,219913,2,22
219889,219911,219913,2,22
219889,219911,219913,2,22
219889,219911,219913,2,22
219889,219912,219914,2,23
219889,219912,219914,2,23
219889,219912,219914,2,23
219889,219910,219913,3,21
219889,219913,219914,1,24
219889,219912,219914,2,23
219889,219913,219914,1,24
219889,219913,219914,1,24
219889,219914,219915,1,25
219889,219913,219914,1,24
219889,219913,219915,2,24
219889,219914,219915,1,25
219889,219913,219914,1,24
219889,219914,219915,1,25
219889,219913,219914,1,24
219889,219913,219914,1,24
219889,219914,219915,1,25
219889,219914,219915,1,25
219889,219913,219914,1,24
219889,219914,219915,1,25
219889,219914,219915,1,25
219889,219915,219916,1,26
219889,219915,219916,1,26
219889,219914,219915,1,25
219889,219914,219915,1,25
219889,219914,219915,1,25
219889,219914,219915,1,25
219889,219914,219916,2,25
219889,219914,219916,2,25
219889,219914,219916,2,25
219889,219914,219916,2,25
219889,219914,219916,2,25
219889,219915,219916,1,26
219889,219915,219917,2,26
219889,219915,219917,2,26
219889,219915,219917,2,26
219889,219915,219917,2,26
219889,219915,219917,2,26
219889,219915,219917,2,26
219889,219914,219917,3,25
219889,219916,219917,1,27
219889,219916,219917,1,27
219889,219917,219918,1,28
219889,219916,219918,2,27
219889,219915,219917,2,26
219889,219915,219917,2,26
219889,219915,219917,2,26
219889,219916,219918,2,27
219889,219915,219917,2,26
219889,219916,219918,2,27
219889,219916,219918,2,27
219889,219915,219918,3,26
219889,219915,219918,3,26
219889,219916,219918,2,27
219889,219917,219918,1,28
219889,219918,219919,1,29
219889,219918,219919,1,29
219889,219909,219918,9,20
219889,219917,219918,1,28
219889,219917,219919,2,28
219889,219916,219919,3,27
219889,219917,219919,2,28
219889,219917,219919,2,28
219889,219916,219918,2,27
219889,219917,219918,1,28
219889,219918,219919,1,29
219889,219918,219919,1,29
219889,219916,219918,2,27
219889,219916,219918,2,27
219889,219918,219919,1,29
219889,219918,219920,2,29
219889,219918,219919,1,29
219889,219919,219920,1,30
219889,219919,219920,1,30
219889,219918,219919,1,29
219889,219918,219920,2,29
219889,219918,219919,1,29
219889,219918,219919,1,29
219889,219919,219920,1,30
219889,219919,219920,1,30
219889,219918,219920,2,29
219889,219918,219920,2,29
219889,219918,219920,2,29
219889,219920,219921,1,31
219889,219920,219921,1,31
219889,219920,219921,1,31
219889,219919,219920,1,30
219889,219919,219920,1,30
219889,219919,219920,1,30
219889,219919,219921,2,30
219889,219919,219921,2,30
219889,219919,219921,2,30
219889,219919,219920,1,30
219889,219920,219921,1,31
219889,219920,219921,1,31
219889,219920,219921,1,31
219889,219920,219921,1,31
219889,219920,219921,1,31
219889,219921,219922,1,32
219889,219920,219922,2,31
219889,219920,219922,2,31
219889,219920,219921,1,31
219889,219920,219922,2,31
219889,219920,219921,1,31
219889,219921,219923,2,32
219889,219921,219923,2,32
219889,219921,219922,1,32
219889,219921,219922,1,32
219889,219921,219922,1,32
219889,219921,219922,1,32
219889,219921,219922,1,32
219889,219921,219923,2,32
219889,219921,219923,2,32
219889,219921,219923,2,32
219889,219921,219923,2,32
219889,219921,219923,2,32
219889,219921,219923,2,32
219889,219922,219924,2,33
219889,219922,219924,2,33
219889,219922,219923,1,33
219889,219922,219923,1,33
219889,219922,219924,2,33
219889,219922,219924,2,33
219889,219922,219924,2,33
219889,219921,219924,3,32
219889,219922,219924,2,33
219889,219923,219924,1,34
219889,219923,219924,1,34
219889,219922,219924,2,33
219889,219923,219924,1,34
219889,219919,219925,6,30
219889,219922,219925,3,33
219889,219933,219936,3,44
215227,215227,219978,4751,0
215221,215221,219986,4765,0
219987,219987,219991,4,0
219987,219987,219990,3,0
219987,219987,219991,4,0
219987,219987,219991,4,0
219987,219987,219991,4,0
219987,219987,219991,4,0
219987,219987,219991,4,0
219987,219987,219991,4,0
219987,219987,219991,4,0
219987,219987,219991,4,0
219987,219987,219991,4,0
219987,219987,219991,4,0
219987,219987,219992,5,0
219987,219987,219991,4,0
219987,219987,219992,5,0
219987,219987,219992,5,0
219987,219987,219992,5,0
219987,219987,219992,5,0
219987,219987,219992,5,0
219987,219987,219992,5,0
219987,219987,219992,5,0
219987,219987,219992,5,0
219987,219987,219992,5,0
219987,219987,219994,7,0
219987,219987,219994,7,0
219987,219991,219994,3,4
219987,219991,219995,4,4
219987,219991,219995,4,4
219987,219991,219996,5,4
219987,219991,219996,5,4
219987,219991,219996,5,4
219987,219991,219996,5,4
219987,219991,219996,5,4
219987,219991,219996,5,4
219987,219991,219996,5,4
219987,219991,219996,5,4
219987,219992,219997,5,5
219987,219992,219997,5,5
219987,219994,219997,3,7
219987,219992,219997,5,5
219987,219992,219997,5,5
219987,219993,219997,4,6
219987,219993,219997,4,6
219987,219993,219997,4,6
219987,219993,219997,4,6
219987,219993,219997,4,6
219987,219993,219997,4,6
219987,219993,219999,6,6
219987,219994,219999,5,7
219987,219995,219999,4,8
219987,219992,219999,7,5
219987,219996,219999,3,9
219987,219997,220000,3,10
219987,219994,219999,5,7
219987,219998,220001,3,11
219987,219997,220001,4,10
219987,219997,220001,4,10
219987,219997,220001,4,10
219987,219997,220001,4,10
219987,219997,220001,4,10
219987,219997,220001,4,10
219987,219998,220001,3,11
219987,219997,220002,5,10
219987,219997,220002,5,10
219987,219998,220002,4,11
219987,219998,220002,4,11
219987,219998,220002,4,11
219987,219999,220002,3,12
219987,219997,220002,5,10
219987,219998,220002,4,11
219987,219998,220002,4,11
219987,219999,220003,4,12
219987,220000,220003,3,13
219987,219998,220003,5,11
219987,220000,220003,3,13
219987,220001,220004,3,14
219987,219998,220004,6,11
219987,220000,220005,5,13
219987,220002,220004,2,15
219987,219999,220005,6,12
219987,220000,220005,5,13
219987,220002,220005,3,15
219987,220002,220005,3,15
219987,220002,220006,4,15
219987,220002,220006,4,15
219987,220002,220005,3,15
219987,220002,220006,4,15
219987,220003,220005,2,16
219987,220004,220006,2,17
219987,220003,220006,3,16
219987,220003,220006,3,16
219987,220003,220006,3,16
219987,220004,220007,3,17
219987,220003,220007,4,16
219987,220003,220007,4,16
219987,220003,220007,4,16
219987,220003,220008,5,16
219987,220003,220008,5,16
219987,220005,220008,3,18
219987,220006,220009,3,19
219987,220004,220009,5,17
219987,220005,220009,4,18
219987,220005,220009,4,18
219987,220004,220009,5,17
219987,220005,220009,4,18
219987,220006,220009,3,19
219987,220006,220010,4,19
219987,220007,220010,3,20
219987,220006,220010,4,19
219987,220007,220010,3,20
219987,220006,220010,4,19
219987,220008,220010,2,21
219987,220007,220010,3,20
219987,220006,220010,4,19
219987,220006,220010,4,19
219987,220006,220010,4,19
219987,220006,220010,4,19
219987,220007,220012,5,20
219987,220008,220012,4,21
219987,220009,220012,3,22
219987,220008,220012,4,21
219987,220008,220012,4,21
219987,220008,220012,4,21
219987,220008,220012,4,21
219987,220011,220013,2,24
219987,220010,220014,4,23
219987,220010,220014,4,23
219987,220010,220014,4,23
219987,220010,220014,4,23
219987,220011,220015,4,24
219987,220011,220015,4,24
219987,220011,220014,3,24
219987,220011,220015,4,24
219987,220010,220015,5,23
219987,220011,220015,4,24
219987,220011,220015,4,24
219987,220011,220015,4,24
219987,220010,220015,5,23
219987,220011,220015,4,24
219987,220010,220014,4,23
219987,220011,220015,4,24
219987,220011,220016,5,24
219987,220012,220016,4,25
219987,220012,220015,3,25
219987,220013,220016,3,26
219987,220012,220015,3,25
219987,220012,220016,4,25
219987,220014,220016,2,27
219987,220012,220016,4,25
219987,220014,220016,2,27
219987,220014,220016,2,27
219987,220015,220017,2,28
219987,220015,220016,1,28
219987,220015,220016,1,28
219987,220015,220017,2,28
219987,220015,220017,2,28
219987,220015,220017,2,28
219987,220015,220017,2,28
219987,220015,220017,2,28
219987,220014,220017,3,27
219987,220016,220017,1,29
219987,220016,220017,1,29
219987,220013,220017,4,26
219987,220014,220017,3,27
219987,220016,220017,1,29
219987,220017,220018,1,30
219987,220016,220017,1,29
219987,220016,220018,2,29
219987,220016,220017,1,29
219987,220016,220017,1,29
219987,220017,220018,1,30
219987,220016,220017,1,29
219987,220016,220018,2,29
219987,220016,220018,2,29
219987,219987,220018,31,0
219987,220017,220018,1,30
219987,220017,220018,1,30
219987,220017,220018,1,30
219987,220016,220018,2,29
219987,220017,220018,1,30
219987,220017,220018,1,30
219987,220017,220019,2,30
219987,220018,220019,1,31
219987,220018,220019,1,31
219987,220018,220020,2,31
219987,220017,220020,3,30
219987,220018,220020,2,31
219987,220018,220020,2,31
219987,220018,220020,2,31
219987,220018,220020,2,31
219987,220018,220020,2,31
219987,220018,220020,2,31
219987,220018,220021,3,31
219987,220018,220021,3,31
219987,220018,220021,3,31
219987,220019,220022,3,32
219987,220018,220022,4,31
219987,220018,220022,4,31
219987,220018,220022,4,31
219987,220018,220021,3,31
219987,220019,220022,3,32
219987,220018,220022,4,31
219987,220019,220022,3,32
219987,220020,220022,2,33
219987,220019,220024,5,32
219987,220019,220023,4,32
219987,220021,220024,3,34
219987,220020,220024,4,33
219987,220020,220024,4,33
219987,220019,220024,5,32
219987,220020,220025,5,33
219987,220021,220025,4,34
219987,220023,220026,3,36
219987,220020,220025,5,33
219987,220021,220025,4,34
219987,220021,220025,4,34
219987,220021,220025,4,34
219987,220021,220025,4,34
219987,220021,220025,4,34
219987,220021,220025,4,34
219987,220021,220026,5,34
219987,220022,220027,5,35
219987,220022,220027,5,35
219987,220022,220027,5,35
219987,220023,220027,4,36
219987,220023,220027,4,36
219987,220022,220027,5,35
219987,220022,220028,6,35
219987,220022,220028,6,35
219987,220024,220029,5,37
219987,220024,220029,5,37
219987,220025,220030,5,38
219987,220025,220029,4,38
219987,220026,220030,4,39
219987,220025,220030,5,38
219987,220026,220030,4,39
219987,220026,220030,4,39
219987,220024,220031,7,37
219987,220027,220031,4,40
219987,220026,220031,5,39
219987,220026,220031,5,39
219987,220026,220031,5,39
219987,220026,220031,5,39
219987,220026,220031,5,39
219987,220026,220032,6,39
219987,220028,220032,4,41
219987,220026,220032,6,39
219987,220027,220032,5,40
219987,220027,220032,5,40
219987,220028,220032,4,41
219987,220028,220032,4,41
219987,220028,220032,4,41
219987,220028,220032,4,41
219987,220027,220033,6,40
219987,220030,220034,4,43
219987,220029,220034,5,42
219987,220032,220034,2,45
219987,220031,220034,3,44
219987,220030,220034,4,43
219987,220030,220034,4,43
219987,220030,220034,4,43
219987,220030,220034,4,43
219987,220031,220034,3,44
219987,220031,220035,4,44
219987,220032,220036,4,45
219987,220032,220036,4,45
219987,220032,220036,4,45
219987,220032,220036,4,45
219987,220032,220036,4,45
219987,220032,220036,4,45
219987,220032,220036,4,45
219987,220033,220037,4,46
219987,220034,220036,2,47
219987,220033,220037,4,46
219987,220032,220036,4,45
219987,220032,220036,4,45
219987,220033,220037,4,46
219987,220032,220036,4,45
219987,220033,220037,4,46
219987,220034,220037,3,47
219987,220033,220037,4,46
219987,220034,220038,4,47
219987,220035,220039,4,48
219987,220035,220039,4,48
219987,220035,220039,4,48
219987,220035,220039,4,48
219987,220035,220039,4,48
219987,220035,220039,4,48
219987,220036,220040,4,49
219987,220035,220040,5,48
219987,220037,220040,3,50
219987,220036,220040,4,49
219987,220036,220040,4,49
219987,220036,220040,4,49
219987,220036,220040,4,49
219987,220036,220040,4,49
219987,220037,220041,4,50
219987,220037,220041,4,50
219987,220036,220041,5,49
219987,220038,220041,3,51
219987,220038,220041,3,51
219987,220039,220041,2,52
219987,220038,220042,4,51
219987,220037,220042,5,50
219987,220037,220042,5,50
219987,220037,220043,6,50
219987,220037,220042,5,50
219987,220039,220043,4,52
219987,220039,220043,4,52
219987,220040,220043,3,53
219987,220040,220043,3,53
219987,220041,220043,2,54
219987,220040,220043,3,53
219987,220040,220043,3,53
219987,220040,220043,3,53
219987,220040,220043,3,53
219987,220040,220044,4,53
219987,220041,220045,4,54
219987,220041,220044,3,54
219987,220042,220044,2,55
219987,220042,220044,2,55
219987,220040,220044,4,53
219987,220040,220045,5,53
219987,220042,220045,3,55
219987,220042,220045,3,55
219987,220042,220045,3,55
219987,220042,220045,3,55
219987,220042,220045,3,55
219987,220043,220046,3,56
219987,220043,220046,3,56
219987,220042,220046,4,55
219987,220043,220047,4,56
219987,220043,220046,3,56
219987,220043,220047,4,56
219987,220019,220047,28,32
219987,220044,220047,3,57
219987,220044,220048,4,57
219987,220044,220048,4,57
219987,220045,220048,3,58
219987,220044,220048,4,57
219987,220045,220048,3,58
219987,220046,220049,3,59
219987,220044,220049,5,57
219987,220045,220048,3,58
219987,220045,220048,3,58
219987,220044,220048,4,57
219987,220044,220048,4,57
219987,220045,220049,4,58
219987,220046,220050,4,59
219987,220046,220050,4,59
219987,220046,220050,4,59
219987,220046,220050,4,59
219987,220046,220051,5,59
219987,220048,220051,3,61
219987,220047,220051,4,60
219987,220048,220051,3,61
219987,220045,220051,6,58
219987,220047,220052,5,60
219987,220048,220052,4,61
219987,220049,220052,3,62
219987,220046,220051,5,59
219987,220047,220051,4,60
219987,220049,220052,3,62
219987,220049,220052,3,62
219987,220049,220053,4,62
219987,220049,220052,3,62
219987,220049,220052,3,62
219987,220049,220052,3,62
219987,220049,220052,3,62
219987,220047,220052,5,60
219987,220050,220053,3,63
219987,220050,220053,3,63
219987,220051,220053,2,64
219987,220049,220053,4,62
219987,220049,220053,4,62
219987,220051,220053,2,64
219987,220052,220054,2,65
219987,220052,220053,1,65
219987,220052,220053,1,65
219987,220052,220054,2,65
219987,220052,220054,2,65
219987,220052,220054,2,65
219987,220052,220054,2,65
219987,220049,220053,4,62
219987,220050,220053,3,63
219987,220053,220054,1,66
219987,220053,220054,1,66
219987,220053,220055,2,66
219987,220053,220055,2,66
219987,220053,220054,1,66
219987,220053,220055,2,66
219987,220053,220054,1,66
219987,220051,220054,3,64
219987,220052,220054,2,65
219987,220053,220055,2,66
219987,220053,220054,1,66
219987,220052,220054,2,65
219987,220053,220055,2,66
219987,220053,220055,2,66
219987,220048,220063,15,61
220074,220074,220099,25,0
220073,220073,220099,26,0
220074,220074,220099,25,0
220130,220131,221130,999,1
215219,215219,221262,6043,0
221263,221263,221264,1,0
221263,221263,221264,1,0
221263,221263,221264,1,0
221263,221263,221264,1,0
221263,221263,221264,1,0
221263,221263,221264,1,0
221263,221263,221264,1,0
221263,221263,221265,2,0
221263,221263,221265,2,0
221263,221263,221265,2,0
221263,221263,221265,2,0
221263,221263,221265,2,0
221263,221263,221264,1,0
221263,221263,221265,2,0
221263,221263,221265,2,0
221263,221263,221264,1,0
221263,221263,221264,1,0
221263,221263,221264,1,0
221263,221263,221265,2,0
221263,221263,221265,2,0
221263,221263,221266,3,0
221263,221263,221265,2,0
221263,221264,221265,1,1
221263,221264,221265,1,1
221263,221263,221265,2,0
221263,221264,221265,1,1
221263,221264,221265,1,1
221263,221263,221265,2,0
221263,221264,221266,2,1
221263,221263,221266,3,0
221263,221265,221266,1,2
221263,221265,221266,1,2
221263,221265,221267,2,2
221263,221265,221267,2,2
221263,221265,221267,2,2
221263,221265,221267,2,2
221263,221265,221267,2,2
221263,221266,221268,2,3
221263,221266,221268,2,3
221263,221265,221267,2,2
221263,221266,221268,2,3
221263,221266,221268,2,3
221263,221266,221268,2,3
221263,221265,221268,3,2
221263,221265,221267,2,2
221263,221265,221267,2,2
221263,221266,221268,2,3
221263,221265,221267,2,2
221263,221265,221267,2,2
221263,221266,221268,2,3
221263,221266,221268,2,3
221263,221266,221268,2,3
221263,221266,221268,2,3
221263,221267,221268,1,4
221263,221267,221268,1,4
221263,221266,221269,3,3
221263,221267,221269,2,4
221263,221267,221269,2,4
221263,221267,221269,2,4
221263,221267,221269,2,4
221263,221267,221268,1,4
221263,221267,221269,2,4
221263,221268,221270,2,5
221263,221269,221270,1,6
221263,221268,221270,2,5
221263,221268,221269,1,5
221263,221268,221270,2,5
221263,221268,221270,2,5
221263,221268,221270,2,5
221263,221268,221270,2,5
221263,221268,221270,2,5
221263,221268,221270,2,5
221263,221268,221270,2,5
221263,221269,221270,1,6
221263,221268,221269,1,5
221263,221269,221270,1,6
221263,221269,221270,1,6
221263,221269,221270,1,6
221263,221270,221271,1,7
221263,221269,221271,2,6
221263,221268,221270,2,5
221263,221269,221271,2,6
221263,221270,221271,1,7
221263,221268,221270,2,5
221263,221268,221270,2,5
221263,221268,221271,3,5
221263,221268,221270,2,5
221263,221269,221271,2,6
221263,221271,221272,1,8
221263,221270,221272,2,7
221263,221270,221272,2,7
221263,221271,221272,1,8
221263,221270,221272,2,7
221263,221270,221271,1,7
221263,221271,221272,1,8
221263,221270,221271,1,7
221263,221271,221272,1,8
221263,221271,221272,1,8
221263,221271,221272,1,8
221263,221271,221272,1,8
221263,221271,221272,1,8
221263,221272,221273,1,9
221263,221271,221273,2,8
221263,221271,221273,2,8
221263,221271,221273,2,8
221263,221272,221273,1,9
221263,221272,221274,2,9
221263,221272,221273,1,9
221263,221272,221273,1,9
221263,221272,221273,1,9
221263,221272,221273,1,9
221263,221272,221273,1,9
221263,221272,221273,1,9
221263,221272,221274,2,9
221263,221272,221274,2,9
221263,221272,221274,2,9
221263,221272,221274,2,9
221263,221272,221274,2,9
221263,221272,221274,2,9
221263,221272,221274,2,9
221263,221272,221274,2,9
221263,221273,221274,1,10
221263,221273,221274,1,10
221263,221273,221274,1,10
221263,221273,221274,1,10
221263,221273,221274,1,10
221263,221273,221274,1,10
221263,221273,221275,2,10
221263,221275,221276,1,12
221263,221274,221275,1,11
221263,221274,221275,1,11
221263,221274,221275,1,11
221263,221274,221275,1,11
221263,221274,221275,1,11
221263,221274,221275,1,11
221263,221274,221275,1,11
221263,221274,221275,1,11
221263,221274,221275,1,11
221263,221275,221276,1,12
221263,221274,221275,1,11
221263,221274,221276,2,11
221263,221275,221276,1,12
221263,221274,221276,2,11
221263,221275,221276,1,12
221263,221274,221276,2,11
221263,221275,221276,1,12
221263,221275,221276,1,12
221263,221275,221276,1,12
221263,221275,221276,1,12
221263,221275,221276,1,12
221263,221275,221276,1,12
221263,221276,221277,1,13
221263,221275,221277,2,12
221263,221276,221277,1,13
221263,221276,221277,1,13
221263,221276,221277,1,13
221263,221276,221277,1,13
221263,221276,221277,1,13
221263,221276,221277,1,13
221263,221276,221278,2,13
221263,221276,221277,1,13
221263,221276,221277,1,13
221263,221276,221277,1,13
221263,221276,221277,1,13
221263,221276,221278,2,13
221263,221276,221278,2,13
221263,221276,221278,2,13
221263,221277,221278,1,14
221263,221277,221278,1,14
221263,221277,221278,1,14
221263,221277,221278,1,14
221263,221277,221279,2,14
221263,221277,221279,2,14
221263,221278,221280,2,15
221263,221278,221280,2,15
221263,221278,221280,2,15
221263,221278,221280,2,15
221263,221277,221279,2,14
221263,221277,221280,3,14
221263,221277,221280,3,14
221263,221277,221279,2,14
221263,221278,221280,2,15
221263,221279,221281,2,16
221263,221279,221280,1,16
221263,221278,221280,2,15
221263,221278,221280,2,15
221263,221278,221280,2,15
221263,221278,221280,2,15
221263,221278,221280,2,15
221263,221278,221280,2,15
221263,221278,221281,3,15
221263,221278,221281,3,15
221263,221279,221281,2,16
221263,221278,221282,4,15
220131,220131,221312,1181,0
220131,220131,221333,1202,0
220130,220130,221336,1206,0
220132,220132,221365,1233,0
220130,220130,221396,1266,0
220132,220132,221398,1266,0
220130,220130,221427,1297,0
220130,220130,221666,1536,0
220131,220132,221695,1563,1
215230,215230,221807,6577,0
221808,221809,221810,1,1
221808,221809,221810,1,1
221808,221809,221810,1,1
221808,221809,221811,2,1
221808,221809,221810,1,1
221808,221809,221810,1,1
221808,221809,221810,1,1
221808,221809,221810,1,1
221808,221809,221811,2,1
221808,221809,221810,1,1
221808,221809,221810,1,1
221808,221809,221810,1,1
221808,221809,221811,2,1
221808,221809,221811,2,1
221808,221809,221810,1,1
221808,221809,221811,2,1
221808,221809,221811,2,1
221808,221810,221811,1,2
221808,221809,221811,2,1
221808,221809,221811,2,1
221808,221809,221811,2,1
221808,221810,221811,1,2
221808,221810,221811,1,2
221808,221809,221811,2,1
221808,221809,221811,2,1
221808,221809,221811,2,1
221808,221811,221812,1,3
221808,221811,221812,1,3
221808,221811,221812,1,3
221808,221811,221812,1,3
221808,221811,221812,1,3
221808,221811,221812,1,3
221808,221811,221812,1,3
221808,221811,221812,1,3
221808,221811,221812,1,3
221808,221811,221813,2,3
221808,221811,221813,2,3
221808,221811,221813,2,3
221808,221812,221813,1,4
221808,221812,221813,1,4
221808,221812,221814,2,4
221808,221811,221813,2,3
221808,221812,221814,2,4
221808,221812,221813,1,4
221808,221812,221813,1,4
221808,221812,221813,1,4
221808,221812,221813,1,4
221808,221812,221814,2,4
221808,221811,221813,2,3
221808,221812,221814,2,4
221808,221813,221814,1,5
221808,221813,221814,1,5
221808,221813,221814,1,5
221808,221813,221814,1,5
221808,221812,221814,2,4
221808,221813,221814,1,5
221808,221813,221814,1,5
221808,221813,221814,1,5
221808,221813,221815,2,5
221808,221813,221815,2,5
221808,221813,221815,2,5
221808,221813,221815,2,5
221808,221814,221815,1,6
221808,221815,221816,1,7
221808,221814,221815,1,6
221808,221814,221816,2,6
221808,221814,221815,1,6
221808,221814,221816,2,6
221808,221813,221815,2,5
221808,221814,221816,2,6
221808,221815,221816,1,7
221808,221815,221816,1,7
221808,221814,221815,1,6
221808,221815,221816,1,7
221808,221814,221815,1,6
221808,221815,221816,1,7
221808,221814,221815,1,6
221808,221814,221815,1,6
221808,221814,221816,2,6
221808,221814,221815,1,6
221808,221816,221817,1,8
221808,221816,221817,1,8
221808,221815,221816,1,7
221808,221815,221816,1,7
221808,221816,221817,1,8
221808,221815,221816,1,7
221808,221815,221816,1,7
221808,221815,221816,1,7
221808,221815,221817,2,7
221808,221816,221817,1,8
221808,221817,221818,1,9
221808,221817,221818,1,9
221808,221816,221817,1,8
221808,221816,221817,1,8
221808,221816,221817,1,8
221808,221816,221817,1,8
221808,221816,221817,1,8
221808,221816,221817,1,8
221808,221816,221817,1,8
221808,221817,221818,1,9
221808,221816,221817,1,8
221808,221816,221817,1,8
221808,221816,221817,1,8
221808,221816,221817,1,8
221808,221816,221818,2,8
221808,221816,221818,2,8
221808,221816,221818,2,8
221808,221816,221818,2,8
221808,221818,221819,1,10
221808,221818,221819,1,10
221808,221817,221818,1,9
221808,221817,221818,1,9
221808,221817,221818,1,9
221808,221817,221818,1,9
221808,221817,221819,2,9
221808,221817,221818,1,9
221808,221818,221819,1,10
221808,221819,221820,1,11
221808,221818,221819,1,10
221808,221818,221820,2,10
221808,221818,221820,2,10
221808,221818,221819,1,10
221808,221818,221820,2,10
221808,221818,221819,1,10
221808,221818,221819,1,10
221808,221818,221819,1,10
221808,221818,221819,1,10
221808,221818,221819,1,10
221808,221819,221820,1,11
221808,221818,221819,1,10
221808,221818,221819,1,10
221808,221819,221820,1,11
221808,221818,221820,2,10
221808,221818,221820,2,10
221808,221818,221820,2,10
221808,221819,221820,1,11
221808,221820,221821,1,12
221808,221819,221820,1,11
221808,221818,221820,2,10
221808,221819,221821,2,11
221808,221819,221821,2,11
221808,221819,221821,2,11
221808,221820,221822,2,12
221808,221821,221822,1,13
221808,221820,221822,2,12
221808,221820,221822,2,12
221808,221820,221822,2,12
221808,221820,221821,1,12
221808,221820,221821,1,12
221808,221820,221821,1,12
221808,221820,221822,2,12
221808,221820,221821,1,12
221808,221820,221822,2,12
221808,221820,221821,1,12
221808,221820,221821,1,12
221808,221820,221821,1,12
221808,221820,221821,1,12
221808,221820,221822,2,12
221808,221820,221822,2,12
221808,221820,221822,2,12
221808,221820,221822,2,12
221808,221821,221822,1,13
221808,221822,221823,1,14
221808,221821,221823,2,13
221808,221822,221823,1,14
221808,221821,221822,1,13
221808,221821,221823,2,13
221808,221821,221822,1,13
221808,221821,221823,2,13
221808,221822,221823,1,14
221808,221822,221824,2,14
221808,221822,221823,1,14
221808,221823,221824,1,15
221808,221822,221823,1,14
221808,221822,221824,2,14
221808,221822,221823,1,14
221808,221822,221823,1,14
221808,221822,221824,2,14
221808,221822,221824,2,14
221808,221822,221823,1,14
221808,221822,221823,1,14
221808,221822,221824,2,14
221808,221822,221823,1,14
221808,221822,221824,2,14
221808,221823,221824,1,15
221808,221822,221824,2,14
221808,221822,221824,2,14
221808,221822,221824,2,14
221808,221823,221824,1,15
221808,221823,221825,2,15
221808,221823,221825,2,15
221808,221823,221824,1,15
221808,221823,221825,2,15
221808,221824,221825,1,16
221808,221824,221826,2,16
221808,221824,221825,1,16
221808,221824,221826,2,16
221808,221824,221826,2,16
215225,215225,221862,6637,0
221864,221864,221865,1,0
221864,221864,221866,2,0
221864,221864,221865,1,0
221864,221864,221866,2,0
221864,221864,221865,1,0
221864,221864,221865,1,0
221864,221864,221866,2,0
221864,221864,221865,1,0
221864,221864,221865,1,0
221864,221864,221866,2,0
221864,221864,221865,1,0
221864,221864,221866,2,0
221864,221864,221866,2,0
221864,221864,221866,2,0
221864,221864,221866,2,0
221864,221864,221866,2,0
221864,221864,221866,2,0
221864,221864,221866,2,0
221864,221864,221866,2,0
221864,221864,221866,2,0
221864,221864,221867,3,0
221864,221864,221867,3,0
221864,221866,221867,1,2
221864,221866,221868,2,2
221864,221866,221867,1,2
221864,221866,221867,1,2
221864,221864,221867,3,0
221864,221866,221867,1,2
221864,221866,221868,2,2
221864,221866,221867,1,2
221864,221866,221867,1,2
221864,221866,221867,1,2
221864,221866,221867,1,2
221864,221866,221868,2,2
221864,221867,221868,1,3
221864,221867,221869,2,3
221864,221867,221869,2,3
221864,221867,221869,2,3
221864,221867,221869,2,3
221864,221867,221869,2,3
221864,221867,221869,2,3
221864,221867,221869,2,3
221864,221868,221869,1,4
221864,221867,221869,2,3
221864,221868,221869,1,4
221864,221868,221869,1,4
221864,221868,221869,1,4
221864,221868,221870,2,4
221864,221868,221870,2,4
221864,221868,221869,1,4
221864,221868,221869,1,4
221864,221868,221870,2,4
221864,221867,221869,2,3
221864,221867,221869,2,3
221864,221868,221870,2,4
221864,221868,221870,2,4
221864,221868,221870,2,4
221864,221869,221871,2,5
221864,221869,221871,2,5
221864,221869,221871,2,5
221864,221869,221870,1,5
221864,221870,221871,1,6
221864,221869,221871,2,5
221864,221869,221871,2,5
221864,221869,221871,2,5
221864,221869,221871,2,5
221864,221870,221871,1,6
221864,221870,221872,2,6
221864,221870,221871,1,6
221864,221870,221871,1,6
221864,221870,221871,1,6
221864,221870,221872,2,6
221864,221870,221871,1,6
221864,221871,221872,1,7
221864,221871,221872,1,7
221864,221870,221872,2,6
221864,221870,221872,2,6
221864,221871,221872,1,7
221864,221870,221872,2,6
221864,221870,221872,2,6
221864,221870,221872,2,6
221864,221870,221872,2,6
221864,221872,221873,1,8
221864,221871,221872,1,7
221864,221872,221873,1,8
221864,221871,221872,1,7
221864,221871,221872,1,7
221864,221871,221873,2,7
221864,221871,221872,1,7
221864,221872,221873,1,8
221864,221871,221872,1,7
221864,221864,221873,9,0
221864,221864,221873,9,0
221864,221871,221873,2,7
221864,221872,221873,1,8
221864,221872,221873,1,8
221864,221872,221873,1,8
221864,221873,221874,1,9
221864,221872,221873,1,8
221864,221872,221873,1,8
221864,221872,221874,2,8
221864,221872,221874,2,8
221864,221872,221873,1,8
221864,221872,221873,1,8
221864,221873,221874,1,9
221864,221872,221874,2,8
221864,221872,221874,2,8
221864,221872,221874,2,8
221864,221872,221874,2,8
221864,221873,221874,1,9
221864,221873,221875,2,9
221864,221874,221875,1,10
221864,221873,221874,1,9
221864,221873,221874,1,9
221864,221874,221875,1,10
221864,221873,221875,2,9
221864,221873,221874,1,9
221864,221873,221875,2,9
221864,221874,221875,1,10
221864,221874,221876,2,10
221864,221874,221875,1,10
221864,221874,221875,1,10
221864,221874,221875,1,10
221864,221874,221875,1,10
221864,221874,221876,2,10
221864,221874,221876,2,10
221864,221874,221876,2,10
221864,221875,221876,1,11
221864,221874,221876,2,10
221864,221874,221875,1,10
221864,221874,221876,2,10
221864,221874,221876,2,10
221864,221874,221876,2,10
221864,221875,221876,1,11
221864,221875,221876,1,11
221864,221875,221876,1,11
221864,221875,221877,2,11
221864,221876,221877,1,12
221864,221875,221876,1,11
221864,221875,221877,2,11
221864,221875,221877,2,11
221864,221875,221877,2,11
221864,221876,221877,1,12
221864,221876,221877,1,12
221864,221876,221877,1,12
221864,221876,221878,2,12
221864,221876,221878,2,12
221864,221876,221878,2,12
221864,221876,221877,1,12
221864,221877,221878,1,13
221864,221877,221878,1,13
221864,221876,221878,2,12
221864,221877,221878,1,13
221864,221877,221878,1,13
221864,221877,221878,1,13
221864,221877,221878,1,13
221864,221877,221878,1,13
221864,221878,221879,1,14
221864,221877,221878,1,13
221864,221877,221878,1,13
221864,221877,221878,1,13
221864,221877,221879,2,13
221864,221878,221879,1,14
221864,221877,221879,2,13
221864,221877,221879,2,13
221864,221878,221879,1,14
221864,221878,221879,1,14
221864,221879,221880,1,15
221864,221879,221880,1,15
221864,221877,221879,2,13
221864,221878,221879,1,14
221864,221878,221880,2,14
221864,221878,221880,2,14
221864,221878,221880,2,14
221864,221878,221880,2,14
221864,221878,221879,1,14
221864,221878,221879,1,14
221864,221879,221880,1,15
221864,221878,221880,2,14
221864,221879,221880,1,15
221864,221879,221880,1,15
221864,221879,221880,1,15
221864,221879,221880,1,15
221864,221880,221881,1,16
221864,221879,221880,1,15
221864,221880,221881,1,16
221864,221879,221880,1,15
221864,221879,221880,1,15
221864,221879,221880,1,15
221864,221879,221881,2,15
221864,221879,221881,2,15
221864,221879,221881,2,15
221864,221880,221881,1,16
221864,221880,221881,1,16
221864,221880,221881,1,16
221864,221880,221881,1,16
221864,221880,221882,2,16
220131,220131,221963,1832,0
215214,215214,222083,6869,0
222083,222083,222086,3,0
222083,222083,222086,3,0
222083,222083,222086,3,0
222083,222083,222086,3,0
222083,222083,222086,3,0
222083,222083,222086,3,0
222083,222083,222086,3,0
222083,222083,222086,3,0
222083,222083,222086,3,0
222083,222083,222086,3,0
222083,222083,222086,3,0
222083,222083,222086,3,0
222083,222083,222086,3,0
222083,222083,222086,3,0
222083,222083,222086,3,0
222083,222083,222086,3,0
222083,222083,222087,4,0
222083,222083,222087,4,0
222083,222083,222087,4,0
222083,222083,222087,4,0
222083,222083,222087,4,0
222083,222083,222087,4,0
222083,222086,222088,2,3
222083,222083,222087,4,0
222083,222087,222088,1,4
222083,222087,222088,1,4
222083,222087,222088,1,4
222083,222087,222088,1,4
222083,222087,222088,1,4
222083,222087,222089,2,4
222083,222087,222088,1,4
222083,222087,222089,2,4
222083,222087,222088,1,4
222083,222087,222089,2,4
222083,222087,222089,2,4
222083,222086,222089,3,3
222083,222086,222091,5,3
222083,222087,222091,4,4
222083,222089,222091,2,6
222083,222089,222092,3,6
222083,222087,222091,4,4
222083,222087,222091,4,4
222083,222087,222091,4,4
222083,222088,222091,3,5
222083,222088,222091,3,5
222083,222088,222091,3,5
222083,222087,222091,4,4
222083,222088,222091,3,5
222083,222088,222091,3,5
222083,222088,222092,4,5
222083,222089,222092,3,6
222083,222089,222092,3,6
222083,222089,222093,4,6
222083,222089,222094,5,6
222083,222089,222094,5,6
222083,222092,222094,2,9
222083,222089,222094,5,6
222083,222089,222094,5,6
222083,222092,222094,2,9
222083,222089,222094,5,6
222083,222092,222095,3,9
222083,222089,222094,5,6
222083,222092,222095,3,9
222083,222092,222094,2,9
222083,222090,222094,4,7
222083,222091,222095,4,8
222083,222092,222095,3,9
222083,222093,222095,2,10
222083,222092,222096,4,9
222083,222092,222095,3,9
222083,222092,222096,4,9
222083,222093,222095,2,10
222083,222094,222095,1,11
222083,222090,222095,5,7
222083,222092,222096,4,9
222083,222092,222095,3,9
222083,222093,222096,3,10
222083,222095,222096,1,12
222083,222095,222096,1,12
222083,222095,222096,1,12
222083,222095,222096,1,12
222083,222095,222096,1,12
222083,222095,222096,1,12
222083,222092,222096,4,9
222083,222095,222097,2,12
222083,222095,222097,2,12
222083,222094,222096,2,11
222083,222095,222097,2,12
222083,222095,222097,2,12
222083,222095,222097,2,12
222083,222096,222097,1,13
222083,222097,222098,1,14
222083,222096,222097,1,13
222083,222096,222097,1,13
222083,222096,222098,2,13
222083,222096,222098,2,13
222083,222095,222098,3,12
222083,222096,222097,1,13
222083,222096,222097,1,13
222083,222096,222098,2,13
222083,222097,222098,1,14
222083,222096,222098,2,13
222083,222097,222098,1,14
222083,222097,222098,1,14
222083,222097,222099,2,14
222083,222097,222098,1,14
222083,222096,222099,3,13
222083,222097,222099,2,14
222083,222097,222099,2,14
222083,222098,222099,1,15
222083,222098,222099,1,15
222083,222097,222099,2,14
222083,222097,222099,2,14
222083,222098,222100,2,15
222083,222098,222100,2,15
222083,222098,222100,2,15
222083,222097,222099,2,14
222083,222098,222100,2,15
222083,222098,222100,2,15
222083,222097,222099,2,14
222083,222097,222100,3,14
222083,222097,222100,3,14
222083,222099,222100,1,16
222083,222099,222100,1,16
222083,222099,222100,1,16
222083,222100,222101,1,17
222083,222099,222101,2,16
222083,222098,222100,2,15
222083,222099,222101,2,16
222083,222098,222101,3,15
222083,222099,222101,2,16
222083,222098,222101,3,15
222083,222099,222102,3,16
222083,222100,222101,1,17
222083,222101,222102,1,18
222083,222100,222102,2,17
222083,222100,222102,2,17
222083,222100,222102,2,17
222083,222100,222102,2,17
222083,222100,222101,1,17
222083,222100,222102,2,17
222083,222100,222102,2,17
222083,222100,222102,2,17
222083,222100,222101,1,17
222083,222101,222102,1,18
222083,222099,222102,3,16
222083,222101,222102,1,18
222083,222100,222102,2,17
222083,222101,222102,1,18
222083,222101,222102,1,18
222083,222101,222102,1,18
222083,222101,222103,2,18
222083,222101,222103,2,18
222083,222101,222102,1,18
222083,222101,222103,2,18
222083,222101,222102,1,18
222083,222101,222103,2,18
222083,222102,222103,1,19
222083,222102,222104,2,19
222083,222102,222103,1,19
222083,222102,222104,2,19
222083,222102,222104,2,19
222083,222102,222104,2,19
222083,222102,222103,1,19
222083,222102,222103,1,19
222083,222102,222104,2,19
222083,222102,222104,2,19
222083,222102,222104,2,19
222083,222102,222104,2,19
222083,222103,222104,1,20
222083,222103,222104,1,20
222083,222103,222105,2,20
222083,222103,222105,2,20
222083,222103,222104,1,20
222083,222104,222105,1,21
222083,222103,222105,2,20
222083,222104,222105,1,21
222083,222103,222105,2,20
222083,222103,222105,2,20
222083,222103,222105,2,20
222083,222103,222105,2,20
222083,222103,222105,2,20
222083,222103,222105,2,20
222083,222104,222105,1,21
222083,222104,222106,2,21
222083,222104,222106,2,21
222083,222104,222106,2,21
222083,222104,222106,2,21
222083,222104,222106,2,21
222083,222104,222106,2,21
222083,222104,222106,2,21
222083,222104,222106,2,21
222083,222105,222106,1,22
222083,222104,222106,2,21
222083,222105,222107,2,22
222083,222105,222106,1,22
222083,222105,222107,2,22
222083,222105,222106,1,22
222083,222105,222106,1,22
222083,222105,222107,2,22
220130,220130,222142,2012,0
220132,220132,222437,2305,0
220132,220132,222486,2354,0
220130,220130,222511,2381,0
220132,220132,222538,2406,0
220132,220132,222568,2436,0
220131,220131,222590,2459,0
219196,219220,223031,3811,24
223032,223032,223033,1,0
223032,223032,223033,1,0
223032,223032,223033,1,0
223032,223032,223033,1,0
223032,223032,223033,1,0
223032,223032,223033,1,0
223032,223032,223034,2,0
223032,223032,223033,1,0
223032,223032,223033,1,0
223032,223032,223033,1,0
223032,223032,223033,1,0
223032,223032,223034,2,0
223032,223032,223033,1,0
223032,223032,223033,1,0
223032,223032,223034,2,0
223032,223032,223034,2,0
223032,223032,223034,2,0
223032,223032,223034,2,0
223032,223032,223034,2,0
223032,223033,223034,1,1
223032,223032,223034,2,0
223032,223032,223034,2,0
223032,223032,223034,2,0
223032,223033,223034,1,1
223032,223032,223034,2,0
223032,223032,223034,2,0
223032,223032,223034,2,0
223032,223034,223035,1,2
223032,223034,223035,1,2
223032,223034,223035,1,2
223032,223034,223035,1,2
223032,223034,223035,1,2
223032,223034,223035,1,2
223032,223034,223036,2,2
223032,223034,223035,1,2
223032,223034,223035,1,2
223032,223034,223036,2,2
223032,223034,223036,2,2
223032,223034,223036,2,2
223032,223034,223036,2,2
223032,223035,223037,2,3
223032,223035,223037,2,3
223032,223035,223036,1,3
223032,223034,223036,2,2
223032,223035,223037,2,3
223032,223035,223037,2,3
223032,223035,223037,2,3
223032,223035,223036,1,3
223032,223035,223037,2,3
223032,223035,223037,2,3
223032,223035,223037,2,3
223032,223036,223037,1,4
223032,223036,223037,1,4
223032,223036,223038,2,4
223032,223036,223037,1,4
223032,223036,223037,1,4
223032,223036,223037,1,4
223032,223036,223038,2,4
223032,223036,223037,1,4
223032,223036,223037,1,4
223032,223035,223037,2,3
223032,223036,223038,2,4
223032,223036,223038,2,4
223032,223036,223038,2,4
223032,223036,223038,2,4
223032,223038,223039,1,6
223032,223037,223038,1,5
223032,223037,223038,1,5
223032,223037,223039,2,5
223032,223037,223039,2,5
223032,223038,223039,1,6
223032,223038,223039,1,6
223032,223038,223039,1,6
223032,223038,223039,1,6
223032,223038,223039,1,6
223032,223037,223039,2,5
223032,223037,223039,2,5
223032,223038,223039,1,6
223032,223037,223038,1,5
223032,223038,223039,1,6
223032,223038,223039,1,6
223032,223037,223039,2,5
223032,223037,223038,1,5
223032,223038,223039,1,6
223032,223039,223040,1,7
223032,223039,223040,1,7
223032,223037,223039,2,5
223032,223039,223040,1,7
223032,223039,223040,1,7
223032,223039,223040,1,7
223032,223039,223040,1,7
223032,223039,223040,1,7
223032,223038,223040,2,6
223032,223038,223040,2,6
223032,223038,223039,1,6
223032,223039,223040,1,7
223032,223039,223040,1,7
223032,223039,223040,1,7
223032,223038,223040,2,6
223032,223038,223039,1,6
223032,223040,223041,1,8
223032,223040,223041,1,8
223032,223039,223040,1,7
223032,223039,223040,1,7
223032,223040,223041,1,8
223032,223039,223040,1,7
223032,223039,223041,2,7
223032,223039,223040,1,7
223032,223039,223040,1,7
223032,223040,223041,1,8
223032,223040,223041,1,8
223032,223039,223041,2,7
223032,223039,223041,2,7
223032,223040,223042,2,8
223032,223041,223042,1,9
223032,223040,223041,1,8
223032,223041,223042,1,9
223032,223040,223042,2,8
223032,223040,223041,1,8
223032,223040,223042,2,8
223032,223040,223042,2,8
223032,223040,223041,1,8
223032,223040,223042,2,8
223032,223041,223042,1,9
223032,223040,223041,1,8
223032,223040,223041,1,8
223032,223041,223042,1,9
223032,223040,223042,2,8
223032,223040,223042,2,8
223032,223042,223043,1,10
223032,223041,223042,1,9
223032,223041,223043,2,9
223032,223041,223043,2,9
223032,223042,223043,1,10
223032,223041,223042,1,9
223032,223041,223043,2,9
223032,223041,223043,2,9
223032,223042,223043,1,10
223032,223042,223043,1,10
223032,223042,223043,1,10
223032,223041,223043,2,9
223032,223041,223043,2,9
223032,223042,223043,1,10
223032,223041,223043,2,9
223032,223042,223043,1,10
223032,223043,223044,1,11
223032,223043,223044,1,11
223032,223042,223043,1,10
223032,223043,223044,1,11
223032,223042,223044,2,10
223032,223042,223044,2,10
223032,223042,223044,2,10
223032,223042,223044,2,10
223032,223042,223044,2,10
223032,223042,223044,2,10
223032,223042,223044,2,10
223032,223042,223044,2,10
223032,223043,223045,2,11
223032,223043,223045,2,11
223032,223044,223045,1,12
223032,223043,223045,2,11
223032,223043,223045,2,11
223032,223043,223045,2,11
223032,223044,223045,1,12
223032,223044,223045,1,12
223032,223044,223045,1,12
223032,223044,223045,1,12
223032,223044,223046,2,12
223032,223044,223045,1,12
223032,223044,223045,1,12
223032,223044,223046,2,12
223032,223045,223046,1,13
223032,223045,223046,1,13
223032,223045,223046,1,13
223032,223045,223046,1,13
223032,223045,223046,1,13
223032,223045,223046,1,13
223032,223046,223047,1,14
223032,223045,223046,1,13
223032,223045,223046,1,13
223032,223045,223046,1,13
223032,223045,223046,1,13
223032,223046,223047,1,14
223032,223046,223047,1,14
223032,223046,223047,1,14
223032,223046,223047,1,14
223032,223045,223047,2,13
223032,223045,223047,2,13
223032,223045,223047,2,13
223032,223045,223047,2,13
223032,223045,223047,2,13
223032,223046,223047,1,14
223032,223046,223047,1,14
223032,223046,223047,1,14
223032,223046,223048,2,14
219108,219133,223188,4055,25
223189,223189,223190,1,0
223189,223189,223190,1,0
223189,223189,223190,1,0
223189,223189,223191,2,0
223189,223189,223191,2,0
223189,223189,223191,2,0
223189,223189,223191,2,0
223189,223189,223191,2,0
223189,223189,223191,2,0
223189,223189,223191,2,0
223189,223189,223191,2,0
223189,223189,223191,2,0
223189,223189,223191,2,0
223189,223189,223191,2,0
223189,223189,223191,2,0
223189,223189,223191,2,0
223189,223189,223191,2,0
223189,223189,223191,2,0
223189,223189,223191,2,0
223189,223189,223192,3,0
223189,223190,223192,2,1
223189,223189,223192,3,0
223189,223189,223192,3,0
223189,223189,223192,3,0
223189,223190,223192,2,1
223189,223190,223192,2,1
223189,223189,223192,3,0
223189,223189,223192,3,0
223189,223191,223193,2,2
223189,223191,223193,2,2
223189,223192,223193,1,3
223189,223192,223193,1,3
223189,223192,223193,1,3
223189,223192,223193,1,3
223189,223192,223193,1,3
223189,223192,223193,1,3
223189,223192,223194,2,3
223189,223192,223193,1,3
223189,223192,223194,2,3
223189,223192,223194,2,3
223189,223192,223194,2,3
223189,223192,223194,2,3
223189,223193,223194,1,4
223189,223193,223194,1,4
223189,223193,223194,1,4
223189,223192,223194,2,3
223189,223192,223194,2,3
223189,223192,223194,2,3
223189,223193,223195,2,4
223189,223193,223194,1,4
223189,223192,223195,3,3
223189,223193,223195,2,4
223189,223192,223195,3,3
223189,223194,223195,1,5
223189,223193,223196,3,4
223189,223194,223195,1,5
223189,223194,223195,1,5
223189,223194,223196,2,5
223189,223194,223195,1,5
223189,223194,223195,1,5
223189,223194,223195,1,5
223189,223194,223195,1,5
223189,223194,223196,2,5
223189,223195,223196,1,6
223189,223195,223197,2,6
223189,223195,223196,1,6
223189,223196,223197,1,7
223189,223196,223197,1,7
223189,223195,223196,1,6
223189,223195,223196,1,6
223189,223195,223196,1,6
223189,223196,223197,1,7
223189,223196,223197,1,7
223189,223195,223197,2,6
223189,223196,223197,1,7
223189,223196,223197,1,7
223189,223196,223197,1,7
223189,223195,223197,2,6
223189,223196,223197,1,7
223189,223195,223197,2,6
223189,223195,223197,2,6
223189,223195,223197,2,6
223189,223195,223197,2,6
223189,223196,223198,2,7
223189,223196,223197,1,7
223189,223196,223197,1,7
223189,223198,223199,1,9
223189,223197,223199,2,8
223189,223197,223198,1,8
223189,223197,223198,1,8
223189,223197,223198,1,8
223189,223197,223198,1,8
223189,223197,223198,1,8
223189,223197,223199,2,8
223189,223197,223198,1,8
223189,223197,223198,1,8
223189,223197,223198,1,8
223189,223197,223198,1,8
223189,223198,223199,1,9
223189,223198,223199,1,9
223189,223198,223199,1,9
223189,223198,223199,1,9
223189,223198,223199,1,9
223189,223199,223200,1,10
223189,223198,223199,1,9
223189,223198,223200,2,9
223189,223198,223200,2,9
223189,223198,223199,1,9
223189,223198,223200,2,9
223189,223198,223200,2,9
223189,223198,223199,1,9
223189,223199,223200,1,10
223189,223198,223199,1,9
223189,223199,223201,2,10
223189,223199,223200,1,10
223189,223199,223200,1,10
223189,223199,223200,1,10
223189,223199,223200,1,10
223189,223199,223200,1,10
223189,223199,223200,1,10
223189,223199,223200,1,10
223189,223199,223200,1,10
223189,223200,223201,1,11
223189,223199,223200,1,10
223189,223200,223202,2,11
223189,223201,223202,1,12
223189,223200,223201,1,11
223189,223200,223201,1,11
223189,223200,223202,2,11
223189,223200,223202,2,11
223189,223200,223202,2,11
223189,223200,223202,2,11
223189,223200,223202,2,11
223189,223200,223201,1,11
223189,223201,223203,2,12
223189,223201,223202,1,12
223189,223201,223202,1,12
223189,223201,223202,1,12
223189,223201,223202,1,12
223189,223200,223202,2,11
223189,223200,223202,2,11
223189,223201,223203,2,12
223189,223201,223203,2,12
223189,223201,223203,2,12
223189,223201,223203,2,12
223189,223201,223203,2,12
223189,223202,223203,1,13
223189,223202,223203,1,13
223189,223202,223204,2,13
223189,223201,223203,2,12
223189,223202,223204,2,13
223189,223202,223204,2,13
223189,223200,223203,3,11
223189,223202,223204,2,13
223189,223203,223204,1,14
223189,223202,223204,2,13
223189,223202,223204,2,13
223189,223204,223205,1,15
223189,223202,223204,2,13
223189,223203,223204,1,14
223189,223202,223204,2,13
223189,223203,223205,2,14
223189,223203,223204,1,14
223189,223203,223204,1,14
223189,223203,223204,1,14
223189,223202,223204,2,13
223189,223203,223205,2,14
223189,223203,223205,2,14
223189,223203,223205,2,14
223189,223203,223205,2,14
223189,223203,223205,2,14
223189,223204,223205,1,15
223189,223203,223204,1,14
223189,223205,223206,1,16
223189,223205,223206,1,16
223189,223204,223205,1,15
223189,223205,223206,1,16
223189,223204,223205,1,15
223189,223204,223206,2,15
223189,223204,223206,2,15
223189,223204,223206,2,15
223189,223205,223206,1,16
223189,223205,223207,2,16
223189,223205,223207,2,16
223189,223205,223206,1,16
223189,223205,223206,1,16
223189,223205,223206,1,16
223189,223205,223206,1,16
223189,223205,223207,2,16
223189,223205,223207,2,16
223189,223204,223206,2,15
223189,223204,223208,4,15
219850,219873,223284,3411,23
223286,223286,223287,1,0
223286,223286,223287,1,0
223286,223286,223287,1,0
223286,223286,223287,1,0
223286,223286,223287,1,0
223286,223286,223287,1,0
223286,223286,223287,1,0
223286,223286,223287,1,0
223286,223286,223287,1,0
223286,223286,223287,1,0
223286,223286,223287,1,0
223286,223286,223287,1,0
223286,223286,223288,2,0
223286,223286,223288,2,0
223286,223286,223288,2,0
223286,223286,223288,2,0
223286,223287,223289,2,1
223286,223286,223288,2,0
223286,223286,223288,2,0
223286,223286,223288,2,0
223286,223286,223288,2,0
223286,223286,223288,2,0
223286,223286,223288,2,0
223286,223286,223288,2,0
223286,223286,223288,2,0
223286,223286,223288,2,0
223286,223288,223289,1,2
223286,223288,223290,2,2
223286,223288,223289,1,2
223286,223288,223290,2,2
223286,223288,223290,2,2
223286,223287,223289,2,1
223286,223288,223289,1,2
223286,223288,223290,2,2
223286,223288,223290,2,2
223286,223289,223291,2,3
223286,223289,223291,2,3
223286,223289,223290,1,3
223286,223288,223290,2,2
223286,223289,223291,2,3
223286,223289,223290,1,3
223286,223288,223290,2,2
223286,223289,223291,2,3
223286,223289,223291,2,3
223286,223290,223291,1,4
223286,223288,223290,2,2
223286,223289,223291,2,3
223286,223289,223291,2,3
223286,223289,223291,2,3
223286,223290,223291,1,4
223286,223289,223291,2,3
223286,223289,223291,2,3
223286,223289,223291,2,3
223286,223290,223291,1,4
223286,223290,223291,1,4
223286,223290,223291,1,4
223286,223290,223291,1,4
223286,223290,223291,1,4
223286,223291,223292,1,5
223286,223290,223292,2,4
223286,223290,223292,2,4
223286,223291,223292,1,5
223286,223291,223292,1,5
223286,223291,223292,1,5
223286,223291,223294,3,5
223286,223291,223294,3,5
223286,223291,223294,3,5
223286,223291,223294,3,5
223286,223291,223294,3,5
223286,223291,223294,3,5
223286,223291,223294,3,5
223286,223291,223294,3,5
223286,223291,223294,3,5
223286,223292,223294,2,6
223286,223291,223294,3,5
223286,223292,223295,3,6
223286,223293,223294,1,7
223286,223292,223294,2,6
223286,223292,223294,2,6
223286,223292,223294,2,6
223286,223292,223294,2,6
223286,223293,223295,2,7
223286,223292,223295,3,6
223286,223292,223295,3,6
223286,223292,223294,2,6
223286,223292,223295,3,6
223286,223292,223294,2,6
223286,223292,223295,3,6
223286,223295,223296,1,9
223286,223294,223295,1,8
223286,223295,223296,1,9
223286,223293,223295,2,7
223286,223294,223295,1,8
223286,223295,223296,1,9
223286,223295,223296,1,9
223286,223294,223295,1,8
223286,223294,223296,2,8
223286,223294,223295,1,8
223286,223295,223296,1,9
223286,223294,223296,2,8
223286,223294,223296,2,8
223286,223294,223296,2,8
223286,223294,223296,2,8
223286,223294,223296,2,8
223286,223295,223296,1,9
223286,223296,223297,1,10
223286,223296,223297,1,10
223286,223295,223296,1,9
223286,223295,223297,2,9
223286,223295,223297,2,9
223286,223295,223296,1,9
223286,223295,223296,1,9
223286,223295,223296,1,9
223286,223296,223297,1,10
223286,223295,223297,2,9
223286,223296,223297,1,10
223286,223296,223297,1,10
223286,223296,223297,1,10
223286,223296,223297,1,10
223286,223296,223297,1,10
223286,223296,223297,1,10
223286,223296,223298,2,10
223286,223296,223298,2,10
223286,223296,223298,2,10
223286,223296,223298,2,10
223286,223296,223298,2,10
223286,223296,223300,4,10
223286,223296,223300,4,10
223286,223296,223300,4,10
223286,223297,223301,4,11
223286,223297,223300,3,11
223286,223297,223300,3,11
223286,223298,223301,3,12
223286,223298,223301,3,12
223286,223298,223301,3,12
223286,223297,223301,4,11
223286,223297,223301,4,11
223286,223297,223301,4,11
223286,223297,223301,4,11
223286,223297,223301,4,11
223286,223297,223301,4,11
223286,223298,223301,3,12
223286,223298,223301,3,12
223286,223298,223301,3,12
223286,223298,223301,3,12
223286,223301,223302,1,15
223286,223301,223302,1,15
223286,223298,223301,3,12
223286,223301,223302,1,15
223286,223297,223302,5,11
223286,223299,223302,3,13
223286,223299,223302,3,13
223286,223298,223302,4,12
223286,223301,223302,1,15
223286,223301,223302,1,15
223286,223301,223302,1,15
223286,223302,223303,1,16
223286,223298,223302,4,12
223286,223301,223303,2,15
223286,223301,223303,2,15
223286,223301,223302,1,15
223286,223302,223303,1,16
223286,223301,223302,1,15
223286,223301,223303,2,15
223286,223301,223303,2,15
223286,223301,223303,2,15
223286,223301,223303,2,15
223286,223301,223303,2,15
223286,223301,223303,2,15
223286,223301,223303,2,15
223286,223302,223303,1,16
223286,223302,223304,2,16
223286,223302,223303,1,16
223286,223303,223304,1,17
223286,223303,223304,1,17
223286,223303,223304,1,17
223286,223302,223304,2,16
223286,223302,223304,2,16
223286,223303,223304,1,17
223286,223303,223304,1,17
223286,223303,223304,1,17
223286,223303,223304,1,17
223286,223303,223305,2,17
223286,223304,223305,1,18
223286,223303,223305,2,17
223286,223303,223304,1,17
223286,223304,223305,1,18
223286,223303,223305,2,17
223286,223303,223305,2,17
223286,223304,223305,1,18
223286,223304,223305,1,18
223286,223304,223305,1,18
223286,223304,223305,1,18
223286,223304,223305,1,18
223286,223304,223305,1,18
223286,223304,223305,1,18
223286,223303,223305,2,17
223286,223304,223306,2,18
223286,223305,223306,1,19
219424,219440,223437,3997,16
223438,223438,223439,1,0
223438,223438,223439,1,0
223438,223438,223440,2,0
223438,223438,223440,2,0
223438,223438,223440,2,0
223438,223438,223440,2,0
223438,223438,223440,2,0
223438,223438,223440,2,0
223438,223438,223440,2,0
223438,223438,223440,2,0
223438,223438,223440,2,0
223438,223438,223440,2,0
223438,223438,223440,2,0
223438,223438,223440,2,0
223438,223438,223440,2,0
223438,223438,223440,2,0
223438,223438,223441,3,0
223438,223438,223441,3,0
223438,223439,223440,1,1
223438,223438,223440,2,0
223438,223438,223441,3,0
223438,223438,223441,3,0
223438,223438,223441,3,0
223438,223438,223441,3,0
223438,223438,223441,3,0
223438,223439,223442,3,1
223438,223440,223443,3,2
223438,223441,223443,2,3
223438,223441,223443,2,3
223438,223441,223443,2,3
223438,223441,223443,2,3
223438,223441,223443,2,3
223438,223441,223444,3,3
223438,223443,223444,1,5
223438,223441,223444,3,3
223438,223441,223444,3,3
223438,223441,223444,3,3
223438,223441,223445,4,3
223438,223441,223444,3,3
223438,223441,223444,3,3
223438,223441,223444,3,3
223438,223441,223444,3,3
223438,223441,223444,3,3
223438,223441,223445,4,3
223438,223441,223445,4,3
223438,223444,223445,1,6
223438,223442,223445,3,4
223438,223442,223445,3,4
223438,223444,223446,2,6
223438,223442,223445,3,4
223438,223442,223445,3,4
223438,223442,223445,3,4
223438,223444,223446,2,6
223438,223441,223445,4,3
223438,223445,223446,1,7
223438,223444,223446,2,6
223438,223444,223446,2,6
223438,223445,223447,2,7
223438,223445,223446,1,7
223438,223444,223446,2,6
223438,223445,223447,2,7
223438,223445,223447,2,7
223438,223445,223446,1,7
223438,223445,223446,1,7
223438,223445,223446,1,7
223438,223445,223447,2,7
223438,223446,223447,1,8
223438,223445,223447,2,7
223438,223445,223447,2,7
223438,223446,223447,1,8
223438,223446,223447,1,8
223438,223446,223447,1,8
223438,223446,223447,1,8
223438,223447,223448,1,9
223438,223446,223447,1,8
223438,223446,223447,1,8
223438,223447,223448,1,9
223438,223447,223448,1,9
223438,223447,223448,1,9
223438,223447,223448,1,9
223438,223445,223447,2,7
223438,223445,223447,2,7
223438,223447,223448,1,9
223438,223448,223449,1,10
223438,223447,223448,1,9
223438,223448,223449,1,10
223438,223448,223449,1,10
223438,223448,223449,1,10
223438,223447,223448,1,9
223438,223447,223448,1,9
223438,223448,223449,1,10
223438,223448,223449,1,10
223438,223448,223449,1,10
223438,223447,223449,2,9
223438,223449,223450,1,11
223438,223448,223450,2,10
223438,223448,223449,1,10
223438,223449,223450,1,11
223438,223448,223449,1,10
223438,223448,223449,1,10
223438,223448,223450,2,10
223438,223448,223450,2,10
223438,223448,223450,2,10
223438,223448,223450,2,10
223438,223448,223450,2,10
223438,223448,223450,2,10
223438,223448,223450,2,10
223438,223450,223451,1,12
223438,223449,223450,1,11
223438,223449,223450,1,11
223438,223449,223450,1,11
223438,223450,223451,1,12
223438,223449,223450,1,11
223438,223449,223450,1,11
223438,223449,223451,2,11
223438,223449,223450,1,11
223438,223449,223451,2,11
223438,223450,223451,1,12
223438,223449,223451,2,11
223438,223449,223451,2,11
223438,223450,223452,2,12
223438,223451,223452,1,13
223438,223450,223451,1,12
223438,223451,223452,1,13
223438,223451,223452,1,13
223438,223451,223452,1,13
223438,223449,223451,2,11
223438,223450,223451,1,12
223438,223450,223451,1,12
223438,223449,223451,2,11
223438,223450,223451,1,12
223438,223450,223451,1,12
223438,223451,223452,1,13
223438,223451,223452,1,13
223438,223450,223452,2,12
223438,223450,223452,2,12
223438,223450,223452,2,12
223438,223451,223452,1,13
223438,223452,223453,1,14
223438,223452,223453,1,14
223438,223451,223453,2,13
223438,223451,223452,1,13
223438,223452,223453,1,14
223438,223452,223453,1,14
223438,223451,223452,1,13
223438,223451,223452,1,13
223438,223452,223453,1,14
223438,223451,223453,2,13
223438,223453,223454,1,15
223438,223452,223453,1,14
223438,223452,223453,1,14
223438,223453,223454,1,15
223438,223452,223453,1,14
223438,223453,223454,1,15
223438,223453,223454,1,15
223438,223452,223453,1,14
223438,223453,223454,1,15
223438,223452,223454,2,14
223438,223452,223454,2,14
223438,223452,223454,2,14
223438,223452,223453,1,14
223438,223452,223454,2,14
223438,223452,223453,1,14
223438,223453,223454,1,15
223438,223453,223454,1,15
223438,223452,223454,2,14
223438,223452,223454,2,14
223438,223452,223454,2,14
223438,223453,223454,1,15
223438,223453,223454,1,15
223438,223453,223455,2,15
223438,223454,223455,1,16
223438,223454,223455,1,16
223438,223452,223455,3,14
223438,223453,223454,1,15
223438,223454,223455,1,16
223438,223454,223455,1,16
223438,223454,223456,2,16
223438,223454,223455,1,16
223438,223454,223455,1,16
223438,223454,223455,1,16
223438,223454,223455,1,16
223438,223454,223456,2,16
223438,223454,223456,2,16
223438,223454,223456,2,16
223438,223454,223456,2,16
223438,223454,223456,2,16
223438,223454,223455,1,16
223438,223454,223456,2,16
219495,219516,223462,3946,21
223463,223464,223465,1,1
223463,223464,223465,1,1
223463,223464,223465,1,1
223463,223464,223465,1,1
223463,223464,223465,1,1
223463,223464,223465,1,1
223463,223464,223465,1,1
223463,223464,223465,1,1
223463,223464,223465,1,1
223463,223464,223465,1,1
223463,223464,223466,2,1
223463,223464,223465,1,1
223463,223465,223466,1,2
223463,223464,223466,2,1
223463,223464,223466,2,1
223463,223465,223466,1,2
223463,223465,223466,1,2
223463,223465,223466,1,2
223463,223464,223466,2,1
223463,223464,223466,2,1
223463,223464,223466,2,1
223463,223464,223466,2,1
223463,223464,223466,2,1
223463,223466,223468,2,3
223463,223467,223468,1,4
223463,223466,223467,1,3
223463,223466,223468,2,3
223463,223466,223467,1,3
223463,223466,223468,2,3
223463,223466,223468,2,3
223463,223466,223467,1,3
223463,223466,223467,1,3
223463,223466,223468,2,3
223463,223466,223468,2,3
223463,223467,223469,2,4
223463,223468,223469,1,5
223463,223467,223468,1,4
223463,223466,223468,2,3
223463,223467,223469,2,4
223463,223467,223468,1,4
223463,223467,223468,1,4
223463,223467,223468,1,4
223463,223467,223469,2,4
223463,223467,223469,2,4
223463,223468,223469,1,5
223463,223467,223469,2,4
223463,223468,223470,2,5
223463,223468,223470,2,5
223463,223468,223470,2,5
223463,223468,223470,2,5
223463,223468,223469,1,5
223463,223467,223469,2,4
223463,223468,223470,2,5
223463,223468,223470,2,5
223463,223468,223470,2,5
223463,223464,223470,6,1
223463,223464,223470,6,1
223463,223469,223471,2,6
223463,223469,223470,1,6
223463,223469,223471,2,6
223463,223469,223471,2,6
223463,223470,223471,1,7
223463,223470,223471,1,7
223463,223471,223472,1,8
223463,223469,223471,2,6
223463,223470,223471,1,7
223463,223471,223472,1,8
223463,223464,223471,7,1
223463,223469,223471,2,6
223463,223470,223471,1,7
223463,223469,223472,3,6
223463,223470,223472,2,7
223463,223470,223471,1,7
223463,223469,223471,2,6
223463,223471,223472,1,8
223463,223471,223472,1,8
223463,223469,223471,2,6
223463,223469,223472,3,6
223463,223470,223472,2,7
223463,223470,223472,2,7
223463,223471,223472,1,8
223463,223470,223472,2,7
223463,223471,223472,1,8
223463,223472,223473,1,9
223463,223472,223473,1,9
223463,223472,223473,1,9
223463,223469,223472,3,6
223463,223472,223473,1,9
223463,223472,223473,1,9
223463,223472,223473,1,9
223463,223472,223473,1,9
223463,223472,223473,1,9
223463,223472,223473,1,9
223463,223473,223474,1,10
223463,223473,223474,1,10
223463,223472,223473,1,9
223463,223472,223473,1,9
223463,223472,223473,1,9
223463,223472,223474,2,9
223463,223472,223473,1,9
223463,223472,223474,2,9
223463,223472,223474,2,9
223463,223472,223474,2,9
223463,223473,223474,1,10
223463,223473,223474,1,10
223463,223473,223474,1,10
223463,223474,223475,1,11
223463,223473,223474,1,10
223463,223473,223474,1,10
223463,223473,223474,1,10
223463,223474,223475,1,11
223463,223473,223475,2,10
223463,223473,223475,2,10
223463,223473,223475,2,10
223463,223474,223475,1,11
223463,223474,223475,1,11
223463,223475,223476,1,12
223463,223474,223475,1,11
223463,223474,223476,2,11
223463,223474,223475,1,11
223463,223475,223476,1,12
223463,223475,223476,1,12
223463,223474,223476,2,11
223463,223474,223476,2,11
223463,223474,223476,2,11
223463,223474,223476,2,11
223463,223474,223476,2,11
223463,223474,223476,2,11
223463,223474,223476,2,11
223463,223474,223476,2,11
223463,223475,223476,1,12
223463,223475,223476,1,12
223463,223475,223476,1,12
223463,223475,223476,1,12
223463,223476,223477,1,13
223463,223475,223476,1,12
223463,223475,223476,1,12
223463,223471,223477,6,8
223463,223471,223476,5,8
223463,223476,223477,1,13
223463,223475,223476,1,12
223463,223475,223477,2,12
223463,223476,223477,1,13
223463,223476,223477,1,13
223463,223477,223478,1,14
223463,223476,223478,2,13
223463,223476,223478,2,13
223463,223476,223477,1,13
223463,223476,223477,1,13
223463,223477,223478,1,14
223463,223472,223477,5,9
223463,223476,223477,1,13
223463,223476,223478,2,13
223463,223476,223477,1,13
223463,223476,223478,2,13
223463,223476,223478,2,13
223463,223476,223478,2,13
223463,223476,223478,2,13
223463,223476,223478,2,13
223463,223476,223478,2,13
223463,223477,223478,1,14
223463,223478,223479,1,15
223463,223477,223479,2,14
223463,223477,223479,2,14
223463,223478,223479,1,15
223463,223478,223479,1,15
223463,223477,223479,2,14
223463,223477,223479,2,14
223463,223478,223479,1,15
223463,223478,223479,1,15
223463,223478,223480,2,15
223463,223478,223480,2,15
223463,223478,223480,2,15
223463,223478,223479,1,15
223463,223479,223480,1,16
223463,223479,223481,2,16
223463,223479,223480,1,16
223463,223479,223480,1,16
223463,223479,223480,1,16
223463,223479,223481,2,16
223463,223479,223480,1,16
223463,223478,223480,2,15
223463,223479,223481,2,16
223463,223479,223481,2,16
223463,223479,223481,2,16
223463,223479,223481,2,16
223463,223479,223482,3,16
223463,223479,223482,3,16
223463,223477,223483,6,14
223463,223477,223483,6,14
223463,223478,223485,7,15
219618,219653,223586,3933,35
223587,223587,223588,1,0
223587,223587,223588,1,0
223587,223587,223589,2,0
223587,223587,223588,1,0
223587,223587,223589,2,0
223587,223587,223589,2,0
223587,223587,223589,2,0
223587,223587,223588,1,0
223587,223587,223588,1,0
223587,223587,223589,2,0
223587,223587,223589,2,0
223587,223587,223588,1,0
223587,223587,223588,1,0
223587,223587,223589,2,0
223587,223587,223589,2,0
223587,223587,223588,1,0
223587,223587,223589,2,0
223587,223587,223589,2,0
223587,223587,223589,2,0
223587,223588,223589,1,1
223587,223587,223590,3,0
223587,223588,223589,1,1
223587,223587,223590,3,0
223587,223587,223589,2,0
223587,223587,223589,2,0
223587,223589,223591,2,2
223587,223589,223591,2,2
223587,223589,223591,2,2
223587,223589,223591,2,2
223587,223589,223591,2,2
223587,223589,223591,2,2
223587,223589,223591,2,2
223587,223589,223591,2,2
223587,223589,223591,2,2
223587,223589,223591,2,2
223587,223589,223591,2,2
223587,223589,223591,2,2
223587,223589,223591,2,2
223587,223589,223591,2,2
223587,223589,223591,2,2
223587,223589,223591,2,2
223587,223589,223591,2,2
223587,223590,223592,2,3
223587,223589,223591,2,2
223587,223589,223591,2,2
223587,223590,223592,2,3
223587,223590,223593,3,3
223587,223590,223593,3,3
223587,223590,223593,3,3
223587,223590,223593,3,3
223587,223592,223594,2,5
223587,223591,223594,3,4
223587,223591,223593,2,4
223587,223591,223594,3,4
223587,223591,223594,3,4
223587,223591,223594,3,4
223587,223591,223594,3,4
223587,223591,223594,3,4
223587,223591,223594,3,4
223587,223593,223594,1,6
223587,223592,223594,2,5
223587,223592,223594,2,5
223587,223593,223594,1,6
223587,223592,223594,2,5
223587,223592,223595,3,5
223587,223592,223594,2,5
223587,223592,223595,3,5
223587,223594,223595,1,7
223587,223592,223595,3,5
223587,223595,223596,1,8
223587,223593,223595,2,6
223587,223595,223596,1,8
223587,223595,223596,1,8
223587,223594,223595,1,7
223587,223592,223595,3,5
223587,223594,223595,1,7
223587,223594,223595,1,7
223587,223592,223596,4,5
223587,223592,223596,4,5
223587,223595,223596,1,8
223587,223595,223596,1,8
223587,223595,223596,1,8
223587,223596,223597,1,9
223587,223595,223596,1,8
223587,223595,223596,1,8
223587,223596,223597,1,9
223587,223595,223596,1,8
223587,223595,223596,1,8
223587,223595,223596,1,8
223587,223596,223597,1,9
223587,223595,223596,1,8
223587,223596,223597,1,9
223587,223596,223597,1,9
223587,223596,223598,2,9
223587,223596,223598,2,9
223587,223596,223597,1,9
223587,223596,223597,1,9
223587,223596,223598,2,9
223587,223596,223598,2,9
223587,223596,223598,2,9
223587,223596,223598,2,9
223587,223596,223598,2,9
223587,223596,223598,2,9
223587,223597,223598,1,10
223587,223597,223599,2,10
223587,223597,223599,2,10
223587,223597,223598,1,10
223587,223597,223598,1,10
223587,223597,223598,1,10
223587,223597,223599,2,10
223587,223597,223599,2,10
223587,223597,223598,1,10
223587,223597,223599,2,10
223587,223598,223599,1,11
223587,223598,223600,2,11
223587,223598,223600,2,11
223587,223597,223599,2,10
223587,223597,223599,2,10
223587,223598,223600,2,11
223587,223597,223599,2,10
223587,223598,223600,2,11
223587,223598,223600,2,11
223587,223599,223600,1,12
223587,223599,223601,2,12
223587,223599,223601,2,12
223587,223598,223600,2,11
223587,223599,223601,2,12
223587,223599,223601,2,12
223587,223598,223600,2,11
223587,223598,223600,2,11
223587,223598,223600,2,11
223587,223598,223601,3,11
223587,223600,223601,1,13
223587,223598,223601,3,11
223587,223599,223601,2,12
223587,223600,223602,2,13
223587,223599,223601,2,12
223587,223600,223602,2,13
223587,223599,223601,2,12
223587,223599,223601,2,12
223587,223599,223601,2,12
223587,223600,223601,1,13
223587,223600,223602,2,13
223587,223601,223602,1,14
223587,223601,223602,1,14
223587,223601,223602,1,14
223587,223601,223602,1,14
223587,223600,223602,2,13
223587,223601,223603,2,14
223587,223601,223602,1,14
223587,223601,223602,1,14
223587,223602,223603,1,15
223587,223602,223603,1,15
223587,223600,223602,2,13
223587,223601,223603,2,14
223587,223601,223603,2,14
223587,223601,223603,2,14
223587,223601,223603,2,14
223587,223602,223603,1,15
223587,223601,223603,2,14
223587,223602,223604,2,15
223587,223602,223603,1,15
223587,223602,223603,1,15
223587,223602,223603,1,15
223587,223602,223603,1,15
223587,223602,223603,1,15
223587,223602,223604,2,15
223587,223603,223604,1,16
223587,223603,223604,1,16
223587,223603,223604,1,16
223587,223603,223604,1,16
223587,223604,223605,1,17
223587,223603,223604,1,16
223587,223603,223604,1,16
223587,223603,223604,1,16
223587,223603,223604,1,16
223587,223603,223605,2,16
223587,223603,223604,1,16
223587,223603,223604,1,16
223587,223603,223605,2,16
223587,223603,223605,2,16
223587,223603,223605,2,16
223587,223604,223605,1,17
223587,223604,223605,1,17
223587,223604,223606,2,17
223587,223604,223606,2,17
223587,223604,223605,1,17
223587,223604,223605,1,17
223587,223604,223605,1,17
223587,223603,223605,2,16
223587,223604,223606,2,17
219629,219683,223613,3930,54
223616,223616,223619,3,0
223616,223616,223619,3,0
223616,223616,223619,3,0
223616,223616,223620,4,0
223616,223616,223619,3,0
223616,223616,223619,3,0
223616,223616,223620,4,0
223616,223616,223620,4,0
223616,223616,223620,4,0
223616,223616,223621,5,0
223616,223616,223621,5,0
223616,223616,223620,4,0
223616,223616,223621,5,0
223616,223616,223620,4,0
223616,223616,223621,5,0
223616,223616,223621,5,0
223616,223616,223621,5,0
223616,223616,223620,4,0
223616,223616,223620,4,0
223616,223616,223621,5,0
223616,223616,223621,5,0
223616,223616,223621,5,0
223616,223616,223621,5,0
223616,223620,223622,2,4
223616,223620,223623,3,4
223616,223620,223622,2,4
223616,223620,223623,3,4
223616,223620,223622,2,4
223616,223620,223623,3,4
223616,223620,223623,3,4
223616,223621,223624,3,5
223616,223616,223624,8,0
223616,223621,223624,3,5
223616,223621,223624,3,5
223616,223622,223624,2,6
223616,223620,223623,3,4
223616,223621,223624,3,5
223616,223621,223624,3,5
223616,223621,223624,3,5
223616,223621,223624,3,5
223616,223621,223624,3,5
223616,223621,223624,3,5
223616,223623,223624,1,7
223616,223621,223624,3,5
223616,223622,223625,3,6
223616,223622,223625,3,6
223616,223623,223625,2,7
223616,223623,223625,2,7
223616,223616,223624,8,0
223616,223623,223625,2,7
223616,223623,223625,2,7
223616,223623,223625,2,7
223616,223622,223625,3,6
223616,223623,223625,2,7
223616,223621,223624,3,5
223616,223624,223626,2,8
223616,223624,223626,2,8
223616,223624,223626,2,8
223616,223625,223626,1,9
223616,223624,223626,2,8
223616,223624,223626,2,8
223616,223624,223626,2,8
223616,223624,223626,2,8
223616,223625,223626,1,9
223616,223624,223626,2,8
223616,223624,223626,2,8
223616,223625,223626,1,9
223616,223625,223627,2,9
223616,223626,223627,1,10
223616,223624,223627,3,8
223616,223625,223627,2,9
223616,223625,223626,1,9
223616,223625,223627,2,9
223616,223625,223626,1,9
223616,223625,223626,1,9
223616,223626,223627,1,10
223616,223625,223627,2,9
223616,223626,223627,1,10
223616,223624,223627,3,8
223616,223625,223627,2,9
223616,223626,223627,1,10
223616,223626,223628,2,10
223616,223625,223627,2,9
223616,223626,223627,1,10
223616,223626,223628,2,10
223616,223626,223629,3,10
223616,223626,223629,3,10
223616,223627,223629,2,11
223616,223627,223630,3,11
223616,223627,223630,3,11
223616,223627,223630,3,11
223616,223627,223630,3,11
223616,223627,223630,3,11
223616,223627,223630,3,11
223616,223626,223630,4,10
223616,223628,223630,2,12
223616,223626,223630,4,10
223616,223628,223631,3,12
223616,223627,223630,3,11
223616,223627,223630,3,11
223616,223628,223631,3,12
223616,223628,223632,4,12
223616,223627,223632,5,11
223616,223628,223632,4,12
223616,223631,223633,2,15
223616,223629,223632,3,13
223616,223630,223632,2,14
223616,223630,223632,2,14
223616,223628,223632,4,12
223616,223629,223632,3,13
223616,223630,223632,2,14
223616,223628,223632,4,12
223616,223630,223633,3,14
223616,223631,223633,2,15
223616,223631,223633,2,15
223616,223631,223633,2,15
223616,223631,223634,3,15
223616,223631,223634,3,15
223616,223631,223634,3,15
223616,223631,223633,2,15
223616,223631,223634,3,15
223616,223633,223635,2,17
223616,223632,223635,3,16
223616,223631,223634,3,15
223616,223632,223635,3,16
223616,223631,223634,3,15
223616,223633,223635,2,17
223616,223624,223635,11,8
223616,223625,223634,9,9
223616,223632,223635,3,16
223616,223632,223635,3,16
223616,223634,223635,1,18
223616,223633,223635,2,17
223616,223634,223635,1,18
223616,223633,223635,2,17
223616,223633,223635,2,17
223616,223633,223635,2,17
223616,223633,223635,2,17
223616,223633,223635,2,17
223616,223633,223636,3,17
223616,223634,223636,2,18
223616,223634,223636,2,18
223616,223635,223637,2,19
223616,223634,223636,2,18
223616,223634,223636,2,18
223616,223634,223637,3,18
223616,223635,223637,2,19
223616,223634,223637,3,18
223616,223636,223638,2,20
223616,223636,223638,2,20
223616,223635,223637,2,19
223616,223635,223637,2,19
223616,223636,223638,2,20
223616,223635,223638,3,19
223616,223637,223638,1,21
223616,223636,223638,2,20
223616,223636,223638,2,20
223616,223636,223638,2,20
223616,223636,223638,2,20
223616,223637,223638,1,21
223616,223636,223638,2,20
223616,223636,223638,2,20
223616,223637,223638,1,21
223616,223637,223638,1,21
223616,223637,223639,2,21
223616,223636,223639,3,20
223616,223636,223639,3,20
223616,223637,223639,2,21
223616,223637,223639,2,21
223616,223638,223639,1,22
223616,223638,223639,1,22
223616,223638,223639,1,22
223616,223639,223640,1,23
223616,223639,223640,1,23
223616,223637,223639,2,21
223616,223638,223640,2,22
223616,223638,223640,2,22
223616,223639,223640,1,23
223616,223638,223640,2,22
223616,223639,223640,1,23
223616,223639,223640,1,23
223616,223639,223640,1,23
223616,223639,223640,1,23
223616,223639,223640,1,23
223616,223639,223640,1,23
223616,223639,223640,1,23
223616,223640,223641,1,24
223616,223640,223641,1,24
223616,223639,223640,1,23
223616,223639,223640,1,23
223616,223640,223641,1,24
223616,223639,223640,1,23
223616,223639,223641,2,23
223616,223639,223641,2,23
223616,223639,223641,2,23
223616,223639,223641,2,23
223616,223640,223641,1,24
223616,223636,223642,6,20
223616,223640,223642,2,24
223616,223636,223643,7,20
219993,220054,223653,3599,61
223656,223656,223658,2,0
223656,223656,223658,2,0
223656,223656,223658,2,0
223656,223656,223658,2,0
223656,223656,223658,2,0
223656,223656,223658,2,0
223656,223656,223658,2,0
223656,223656,223658,2,0
223656,223656,223658,2,0
223656,223656,223659,3,0
223656,223656,223659,3,0
223656,223656,223659,3,0
223656,223656,223659,3,0
223656,223656,223659,3,0
223656,223656,223659,3,0
223656,223656,223659,3,0
223656,223656,223659,3,0
223656,223656,223659,3,0
223656,223656,223659,3,0
223656,223656,223659,3,0
223656,223656,223659,3,0
223656,223659,223660,1,3
223656,223659,223660,1,3
223656,223659,223660,1,3
223656,223659,223660,1,3
223656,223659,223660,1,3
223656,223659,223660,1,3
223656,223659,223660,1,3
223656,223659,223661,2,3
223656,223659,223661,2,3
223656,223659,223661,2,3
223656,223660,223662,2,4
223656,223661,223662,1,5
223656,223661,223662,1,5
223656,223661,223662,1,5
223656,223660,223663,3,4
223656,223661,223662,1,5
223656,223661,223662,1,5
223656,223661,223662,1,5
223656,223661,223662,1,5
223656,223659,223663,4,3
223656,223660,223663,3,4
223656,223660,223663,3,4
223656,223660,223663,3,4
223656,223660,223663,3,4
223656,223656,223663,7,0
223656,223657,223663,6,1
223656,223660,223663,3,4
223656,223662,223663,1,6
223656,223660,223663,3,4
223656,223660,223663,3,4
223656,223660,223663,3,4
223656,223662,223663,1,6
223656,223662,223663,1,6
223656,223657,223664,7,1
223656,223657,223664,7,1
223656,223663,223664,1,7
223656,223663,223664,1,7
223656,223663,223664,1,7
223656,223663,223664,1,7
223656,223663,223664,1,7
223656,223663,223665,2,7
223656,223663,223664,1,7
223656,223663,223664,1,7
223656,223664,223665,1,8
223656,223664,223665,1,8
223656,223664,223665,1,8
223656,223664,223666,2,8
223656,223663,223665,2,7
223656,223664,223665,1,8
223656,223665,223666,1,9
223656,223664,223665,1,8
223656,223664,223665,1,8
223656,223664,223665,1,8
223656,223664,223665,1,8
223656,223665,223666,1,9
223656,223665,223666,1,9
223656,223664,223666,2,8
223656,223664,223666,2,8
223656,223664,223666,2,8
223656,223665,223666,1,9
223656,223665,223666,1,9
223656,223665,223666,1,9
223656,223665,223666,1,9
223656,223666,223667,1,10
223656,223665,223667,2,9
223656,223665,223666,1,9
223656,223666,223667,1,10
223656,223666,223667,1,10
223656,223666,223667,1,10
223656,223666,223667,1,10
223656,223666,223667,1,10
223656,223666,223667,1,10
223656,223666,223667,1,10
223656,223667,223668,1,11
223656,223667,223668,1,11
223656,223667,223668,1,11
223656,223666,223667,1,10
223656,223666,223667,1,10
223656,223666,223668,2,10
223656,223666,223667,1,10
223656,223667,223668,1,11
223656,223667,223668,1,11
223656,223667,223669,2,11
223656,223667,223668,1,11
223656,223667,223668,1,11
223656,223667,223668,1,11
223656,223667,223668,1,11
223656,223667,223668,1,11
223656,223668,223669,1,12
223656,223668,223669,1,12
223656,223668,223669,1,12
223656,223668,223669,1,12
223656,223664,223669,5,8
223656,223668,223669,1,12
223656,223668,223669,1,12
223656,223668,223669,1,12
223656,223668,223669,1,12
223656,223668,223669,1,12
223656,223668,223669,1,12
223656,223669,223670,1,13
223656,223664,223670,6,8
223656,223669,223670,1,13
223656,223668,223670,2,12
223656,223668,223670,2,12
223656,223669,223671,2,13
223656,223669,223671,2,13
223656,223668,223671,3,12
223656,223669,223671,2,13
223656,223669,223672,3,13
223656,223669,223672,3,13
223656,223670,223673,3,14
223656,223670,223672,2,14
223656,223669,223672,3,13
223656,223670,223673,3,14
223656,223670,223673,3,14
223656,223670,223673,3,14
223656,223670,223673,3,14
223656,223670,223674,4,14
223656,223665,223673,8,9
223656,223665,223674,9,9
223656,223670,223673,3,14
223656,223670,223673,3,14
223656,223671,223674,3,15
223656,223670,223674,4,14
223656,223673,223674,1,17
223656,223670,223673,3,14
223656,223671,223673,2,15
223656,223672,223674,2,16
223656,223671,223674,3,15
223656,223671,223674,3,15
223656,223672,223674,2,16
223656,223672,223674,2,16
223656,223672,223674,2,16
223656,223671,223674,3,15
223656,223673,223675,2,17
223656,223672,223674,2,16
223656,223673,223675,2,17
223656,223673,223674,1,17
223656,223674,223675,1,18
223656,223672,223674,2,16
223656,223673,223675,2,17
223656,223674,223675,1,18
223656,223674,223675,1,18
223656,223673,223675,2,17
223656,223674,223676,2,18
223656,223675,223676,1,19
223656,223675,223676,1,19
223656,223674,223676,2,18
223656,223674,223675,1,18
223656,223674,223675,1,18
223656,223674,223675,1,18
223656,223674,223675,1,18
223656,223674,223675,1,18
223656,223674,223676,2,18
223656,223674,223676,2,18
223656,223674,223676,2,18
223656,223674,223676,2,18
223656,223675,223676,1,19
223656,223675,223677,2,19
223656,223675,223676,1,19
223656,223675,223677,2,19
223656,223674,223677,3,18
223656,223675,223677,2,19
223656,223675,223676,1,19
223656,223676,223677,1,20
223656,223675,223677,2,19
223656,223676,223678,2,20
223656,223676,223678,2,20
223656,223676,223678,2,20
223656,223676,223679,3,20
223656,223676,223679,3,20
223656,223676,223679,3,20
223656,223676,223679,3,20
223656,223676,223679,3,20
223656,223676,223680,4,20
223656,223677,223680,3,21
223656,223677,223680,3,21
223656,223676,223684,8,20
223656,223676,223684,8,20
219892,219923,223781,3858,31
223782,223782,223783,1,0
223782,223782,223783,1,0
223782,223782,223783,1,0
223782,223782,223783,1,0
223782,223782,223783,1,0
223782,223782,223783,1,0
223782,223782,223783,1,0
223782,223782,223784,2,0
223782,223782,223785,3,0
223782,223782,223784,2,0
223782,223782,223784,2,0
223782,223782,223784,2,0
223782,223782,223784,2,0
223782,223782,223784,2,0
223782,223782,223785,3,0
223782,223782,223786,4,0
223782,223782,223786,4,0
223782,223782,223786,4,0
223782,223784,223787,3,2
223782,223782,223787,5,0
223782,223782,223787,5,0
223782,223782,223788,6,0
223782,223782,223788,6,0
223782,223782,223787,5,0
223782,223782,223787,5,0
223782,223784,223787,3,2
223782,223784,223787,3,2
223782,223785,223788,3,3
223782,223784,223788,4,2
223782,223784,223787,3,2
223782,223785,223788,3,3
223782,223784,223787,3,2
223782,223784,223787,3,2
223782,223785,223788,3,3
223782,223782,223788,6,0
223782,223785,223789,4,3
223782,223785,223788,3,3
223782,223785,223789,4,3
223782,223787,223790,3,5
223782,223787,223790,3,5
223782,223787,223790,3,5
223782,223788,223790,2,6
223782,223788,223790,2,6
223782,223786,223790,4,4
223782,223787,223790,3,5
223782,223785,223791,6,3
223782,223787,223791,4,5
223782,223788,223792,4,6
223782,223788,223792,4,6
223782,223788,223791,3,6
223782,223788,223792,4,6
223782,223787,223791,4,5
223782,223788,223792,4,6
223782,223788,223792,4,6
223782,223789,223792,3,7
223782,223788,223792,4,6
223782,223788,223792,4,6
223782,223789,223792,3,7
223782,223790,223793,3,8
223782,223788,223793,5,6
223782,223790,223793,3,8
223782,223789,223793,4,7
223782,223790,223793,3,8
223782,223788,223793,5,6
223782,223789,223793,4,7
223782,223790,223793,3,8
223782,223790,223795,5,8
223782,223790,223795,5,8
223782,223792,223795,3,10
223782,223792,223795,3,10
223782,223792,223795,3,10
223782,223792,223795,3,10
223782,223792,223795,3,10
223782,223791,223795,4,9
223782,223791,223795,4,9
223782,223791,223795,4,9
223782,223793,223796,3,11
223782,223792,223796,4,10
223782,223793,223796,3,11
223782,223791,223796,5,9
223782,223794,223796,2,12
223782,223794,223796,2,12
223782,223792,223796,4,10
223782,223793,223796,3,11
223782,223794,223796,2,12
223782,223793,223797,4,11
223782,223795,223797,2,13
223782,223792,223796,4,10
223782,223795,223797,2,13
223782,223795,223797,2,13
223782,223795,223797,2,13
223782,223795,223797,2,13
223782,223792,223796,4,10
223782,223794,223797,3,12
223782,223796,223798,2,14
223782,223795,223798,3,13
223782,223794,223798,4,12
223782,223795,223798,3,13
223782,223796,223799,3,14
223782,223796,223799,3,14
223782,223796,223799,3,14
223782,223796,223799,3,14
223782,223796,223799,3,14
223782,223794,223798,4,12
223782,223796,223799,3,14
223782,223797,223800,3,15
223782,223796,223800,4,14
223782,223797,223800,3,15
223782,223796,223800,4,14
223782,223796,223800,4,14
223782,223797,223801,4,15
223782,223798,223801,3,16
223782,223797,223801,4,15
223782,223796,223801,5,14
223782,223796,223801,5,14
223782,223798,223801,3,16
223782,223798,223802,4,16
223782,223797,223802,5,15
223782,223798,223801,3,16
223782,223799,223802,3,17
223782,223797,223801,4,15
223782,223797,223801,4,15
223782,223799,223802,3,17
223782,223799,223802,3,17
223782,223799,223802,3,17
223782,223800,223803,3,18
223782,223800,223803,3,18
223782,223800,223803,3,18
223782,223797,223803,6,15
223782,223798,223803,5,16
223782,223801,223803,2,19
223782,223801,223803,2,19
223782,223802,223804,2,20
223782,223802,223805,3,20
223782,223799,223805,6,17
223782,223799,223805,6,17
223782,223802,223805,3,20
223782,223801,223805,4,19
223782,223802,223805,3,20
223782,223799,223805,6,17
223782,223802,223805,3,20
223782,223802,223805,3,20
223782,223801,223805,4,19
223782,223802,223806,4,20
223782,223802,223806,4,20
223782,223802,223806,4,20
223782,223803,223806,3,21
223782,223804,223806,2,22
223782,223805,223807,2,23
223782,223801,223806,5,19
223782,223803,223807,4,21
223782,223801,223807,6,19
223782,223804,223807,3,22
223782,223804,223807,3,22
223782,223802,223808,6,20
223782,223804,223808,4,22
223782,223805,223808,3,23
223782,223806,223808,2,24
223782,223804,223808,4,22
223782,223805,223808,3,23
223782,223805,223809,4,23
223782,223805,223808,3,23
223782,223805,223808,3,23
223782,223807,223809,2,25
223782,223805,223809,4,23
223782,223806,223809,3,24
223782,223807,223809,2,25
223782,223808,223809,1,26
223782,223807,223809,2,25
223782,223806,223809,3,24
223782,223808,223809,1,26
223782,223808,223810,2,26
223782,223804,223809,5,22
223782,223806,223809,3,24
223782,223807,223809,2,25
223782,223807,223809,2,25
223782,223807,223809,2,25
223782,223809,223810,1,27
223782,223806,223811,5,24
223782,223808,223811,3,26
223782,223809,223811,2,27
223782,223810,223811,1,28
223782,223808,223811,3,26
223782,223809,223811,2,27
223782,223810,223812,2,28
223782,223809,223812,3,27
223782,223809,223812,3,27
223782,223809,223812,3,27
223782,223809,223812,3,27
223782,223809,223812,3,27
223782,223809,223812,3,27
223782,223810,223812,2,28
223782,223810,223812,2,28
223782,223810,223812,2,28
223782,223810,223812,2,28
223782,223810,223812,2,28
223782,223810,223813,3,28
223782,223810,223813,3,28
223782,223809,223813,4,27
223782,223809,223813,4,27
219890,219923,223987,4064,33
223988,223988,223989,1,0
223988,223988,223989,1,0
223988,223988,223989,1,0
223988,223988,223989,1,0
223988,223988,223989,1,0
223988,223988,223990,2,0
223988,223988,223989,1,0
223988,223988,223989,1,0
223988,223988,223990,2,0
223988,223988,223989,1,0
223988,223988,223989,1,0
223988,223988,223989,1,0
223988,223988,223989,1,0
223988,223988,223989,1,0
223988,223988,223990,2,0
223988,223988,223989,1,0
223988,223988,223989,1,0
223988,223988,223989,1,0
223988,223988,223989,1,0
223988,223988,223989,1,0
223988,223988,223989,1,0
223988,223988,223990,2,0
223988,223988,223990,2,0
223988,223988,223991,3,0
223988,223988,223990,2,0
223988,223990,223991,1,2
223988,223989,223990,1,1
223988,223989,223990,1,1
223988,223989,223991,2,1
223988,223990,223991,1,2
223988,223990,223992,2,2
223988,223990,223992,2,2
223988,223990,223992,2,2
223988,223990,223992,2,2
223988,223990,223992,2,2
223988,223990,223991,1,2
223988,223990,223992,2,2
223988,223990,223992,2,2
223988,223990,223992,2,2
223988,223990,223992,2,2
223988,223990,223991,1,2
223988,223991,223992,1,3
223988,223991,223993,2,3
223988,223990,223992,2,2
223988,223990,223992,2,2
223988,223990,223992,2,2
223988,223990,223992,2,2
223988,223991,223993,2,3
223988,223990,223992,2,2
223988,223991,223993,2,3
223988,223991,223992,1,3
223988,223991,223992,1,3
223988,223991,223992,1,3
223988,223992,223993,1,4
223988,223992,223993,1,4
223988,223991,223993,2,3
223988,223992,223994,2,4
223988,223992,223994,2,4
223988,223992,223993,1,4
223988,223992,223993,1,4
223988,223993,223994,1,5
223988,223992,223993,1,4
223988,223992,223994,2,4
223988,223992,223993,1,4
223988,223992,223993,1,4
223988,223992,223993,1,4
223988,223992,223994,2,4
223988,223993,223994,1,5
223988,223993,223994,1,5
223988,223993,223995,2,5
223988,223992,223994,2,4
223988,223994,223995,1,6
223988,223994,223995,1,6
223988,223993,223995,2,5
223988,223993,223995,2,5
223988,223993,223995,2,5
223988,223993,223995,2,5
223988,223993,223995,2,5
223988,223993,223995,2,5
223988,223993,223995,2,5
223988,223994,223995,1,6
223988,223994,223996,2,6
223988,223994,223995,1,6
223988,223995,223996,1,7
223988,223994,223996,2,6
223988,223994,223996,2,6
223988,223994,223995,1,6
223988,223994,223995,1,6
223988,223994,223996,2,6
223988,223994,223996,2,6
223988,223994,223996,2,6
223988,223994,223996,2,6
223988,223994,223996,2,6
223988,223995,223996,1,7
223988,223994,223996,2,6
223988,223994,223996,2,6
223988,223995,223996,1,7
223988,223995,223997,2,7
223988,223995,223997,2,7
223988,223995,223997,2,7
223988,223995,223996,1,7
223988,223995,223997,2,7
223988,223995,223997,2,7
223988,223995,223997,2,7
223988,223995,223997,2,7
223988,223996,223997,1,8
223988,223996,223997,1,8
223988,223996,223997,1,8
223988,223995,223997,2,7
223988,223996,223997,1,8
223988,223996,223997,1,8
223988,223996,223998,2,8
223988,223996,223997,1,8
223988,223997,223998,1,9
223988,223996,223998,2,8
223988,223996,223998,2,8
223988,223996,223997,1,8
223988,223997,223998,1,9
223988,223996,223998,2,8
223988,223996,223998,2,8
223988,223996,223997,1,8
223988,223996,223998,2,8
223988,223996,223998,2,8
223988,223996,223998,2,8
223988,223997,223998,1,9
223988,223997,223998,1,9
223988,223997,223999,2,9
223988,223997,223999,2,9
223988,223997,223999,2,9
223988,223997,223999,2,9
223988,223997,223999,2,9
223988,223997,223999,2,9
223988,223997,223999,2,9
223988,223997,223999,2,9
223988,223998,223999,1,10
223988,223998,223999,1,10
223988,223997,223999,2,9
223988,223998,224000,2,10
223988,223997,223999,2,9
223988,223998,224000,2,10
223988,223998,223999,1,10
223988,223998,223999,1,10
223988,223998,223999,1,10
223988,223998,223999,1,10
223988,223999,224000,1,11
223988,224000,224001,1,12
223988,223999,224000,1,11
223988,223999,224000,1,11
223988,223999,224000,1,11
223988,224000,224001,1,12
223988,224000,224001,1,12
223988,223999,224000,1,11
223988,223999,224001,2,11
223988,223999,224001,2,11
223988,223999,224001,2,11
223988,223999,224001,2,11
223988,223999,224001,2,11
223988,223999,224001,2,11
223988,223999,224001,2,11
223988,223999,224001,2,11
223988,223999,224001,2,11
223988,224000,224001,1,12
223988,224000,224001,1,12
223988,224001,224002,1,13
223988,224001,224002,1,13
223988,224000,224001,1,12
223988,224000,224002,2,12
223988,224000,224002,2,12
223988,224002,224003,1,14
223988,224001,224002,1,13
223988,224001,224002,1,13
223988,224001,224002,1,13
223988,224001,224002,1,13
223988,224001,224002,1,13
223988,224002,224003,1,14
223988,224002,224003,1,14
223988,224001,224002,1,13
223988,224001,224003,2,13
223988,224001,224003,2,13
223988,224001,224003,2,13
223988,224001,224003,2,13
223988,224001,224003,2,13
223988,224001,224003,2,13
223988,224001,224003,2,13
223988,224003,224004,1,15
223988,224002,224003,1,14
223988,224002,224003,1,14
223988,224002,224003,1,14
223988,224002,224003,1,14
223988,224002,224003,1,14
223988,224002,224003,1,14
223988,224003,224004,1,15
223988,224003,224004,1,15
218895,218910,224210,5300,15
224212,224212,224213,1,0
224212,224212,224213,1,0
224212,224212,224213,1,0
224212,224212,224213,1,0
224212,224212,224214,2,0
224212,224212,224213,1,0
224212,224212,224213,1,0
224212,224212,224213,1,0
224212,224212,224213,1,0
224212,224212,224213,1,0
224212,224212,224213,1,0
224212,224212,224213,1,0
224212,224212,224214,2,0
224212,224212,224213,1,0
224212,224212,224213,1,0
224212,224212,224213,1,0
224212,224212,224213,1,0
224212,224212,224214,2,0
224212,224212,224214,2,0
224212,224212,224214,2,0
224212,224212,224214,2,0
224212,224212,224215,3,0
224212,224212,224214,2,0
224212,224213,224214,1,1
224212,224212,224214,2,0
224212,224213,224214,1,1
224212,224214,224215,1,2
224212,224214,224215,1,2
224212,224214,224215,1,2
224212,224214,224215,1,2
224212,224214,224215,1,2
224212,224214,224215,1,2
224212,224214,224215,1,2
224212,224214,224216,2,2
224212,224214,224215,1,2
224212,224214,224215,1,2
224212,224214,224216,2,2
224212,224214,224215,1,2
224212,224214,224215,1,2
224212,224214,224216,2,2
224212,224214,224215,1,2
224212,224214,224215,1,2
224212,224215,224216,1,3
224212,224215,224216,1,3
224212,224215,224217,2,3
224212,224215,224217,2,3
224212,224215,224217,2,3
224212,224215,224216,1,3
224212,224215,224216,1,3
224212,224215,224216,1,3
224212,224215,224217,2,3
224212,224216,224217,1,4
224212,224216,224217,1,4
224212,224216,224217,1,4
224212,224216,224217,1,4
224212,224216,224217,1,4
224212,224216,224217,1,4
224212,224216,224217,1,4
224212,224216,224218,2,4
224212,224216,224218,2,4
224212,224216,224217,1,4
224212,224216,224217,1,4
224212,224217,224218,1,5
224212,224216,224217,1,4
224212,224216,224218,2,4
224212,224216,224218,2,4
224212,224216,224218,2,4
224212,224217,224218,1,5
224212,224217,224218,1,5
224212,224217,224218,1,5
224212,224218,224219,1,6
224212,224218,224219,1,6
224212,224218,224219,1,6
224212,224218,224219,1,6
224212,224217,224219,2,5
224212,224216,224218,2,4
224212,224217,224218,1,5
224212,224218,224219,1,6
224212,224218,224219,1,6
224212,224217,224219,2,5
224212,224218,224219,1,6
224212,224217,224218,1,5
224212,224218,224219,1,6
224212,224218,224219,1,6
224212,224219,224220,1,7
224212,224219,224220,1,7
224212,224219,224220,1,7
224212,224219,224220,1,7
224212,224218,224219,1,6
224212,224219,224220,1,7
224212,224218,224219,1,6
224212,224219,224220,1,7
224212,224219,224220,1,7
224212,224218,224220,2,6
224212,224218,224219,1,6
224212,224218,224219,1,6
224212,224219,224220,1,7
224212,224218,224219,1,6
224212,224218,224219,1,6
224212,224219,224220,1,7
224212,224218,224219,1,6
224212,224218,224219,1,6
224212,224219,224220,1,7
224212,224219,224220,1,7
224212,224220,224221,1,8
224212,224220,224221,1,8
224212,224219,224220,1,7
224212,224219,224220,1,7
224212,224219,224221,2,7
224212,224219,224220,1,7
224212,224220,224221,1,8
224212,224220,224221,1,8
224212,224221,224222,1,9
224212,224220,224221,1,8
224212,224220,224221,1,8
224212,224221,224222,1,9
224212,224220,224221,1,8
224212,224220,224221,1,8
224212,224220,224221,1,8
224212,224220,224221,1,8
224212,224220,224222,2,8
224212,224220,224221,1,8
224212,224220,224221,1,8
224212,224220,224222,2,8
224212,224220,224222,2,8
224212,224220,224222,2,8
224212,224220,224221,1,8
224212,224220,224222,2,8
224212,224220,224222,2,8
224212,224221,224222,1,9
224212,224221,224222,1,9
224212,224221,224222,1,9
224212,224221,224222,1,9
224212,224222,224223,1,10
224212,224221,224223,2,9
224212,224221,224223,2,9
224212,224222,224223,1,10
224212,224222,224223,1,10
224212,224222,224223,1,10
224212,224222,224223,1,10
224212,224222,224223,1,10
224212,224222,224224,2,10
224212,224222,224223,1,10
224212,224223,224224,1,11
224212,224222,224224,2,10
224212,224222,224224,2,10
224212,224222,224224,2,10
224212,224222,224224,2,10
224212,224223,224224,1,11
224212,224222,224224,2,10
224212,224222,224223,1,10
224212,224223,224224,1,11
224212,224222,224224,2,10
224212,224222,224224,2,10
224212,224222,224224,2,10
224212,224222,224223,1,10
224212,224222,224224,2,10
224212,224222,224224,2,10
224212,224223,224224,1,11
224212,224223,224225,2,11
224212,224224,224225,1,12
224212,224223,224225,2,11
224212,224223,224225,2,11
224212,224223,224225,2,11
224212,224224,224225,1,12
224212,224224,224225,1,12
224212,224224,224225,1,12
224212,224225,224226,1,13
224212,224224,224225,1,12
224212,224224,224225,1,12
224212,224224,224226,2,12
224212,224224,224226,2,12
224212,224224,224226,2,12
224212,224224,224225,1,12
224212,224224,224226,2,12
224212,224224,224226,2,12
224212,224224,224226,2,12
224212,224224,224226,2,12
224212,224225,224226,1,13
224212,224224,224226,2,12
224212,224224,224226,2,12
224212,224224,224226,2,12
224212,224224,224226,2,12
224212,224225,224226,1,13
224212,224225,224226,1,13
224212,224225,224227,2,13
224212,224226,224227,1,14
224212,224226,224227,1,14
224212,224225,224227,2,13
224212,224225,224227,2,13
224212,224225,224227,2,13
224212,224226,224227,1,14
224212,224226,224228,2,14
224212,224226,224228,2,14
224212,224226,224228,2,14
224212,224226,224228,2,14
224212,224226,224228,2,14
219093,219114,224439,5325,21
224440,224440,224441,1,0
224440,224440,224441,1,0
224440,224440,224441,1,0
224440,224440,224441,1,0
224440,224440,224441,1,0
224440,224440,224441,1,0
224440,224440,224441,1,0
224440,224440,224441,1,0
224440,224440,224441,1,0
224440,224440,224441,1,0
224440,224440,224441,1,0
224440,224440,224441,1,0
224440,224440,224441,1,0
224440,224440,224441,1,0
224440,224440,224441,1,0
224440,224440,224441,1,0
224440,224440,224442,2,0
224440,224440,224442,2,0
224440,224440,224442,2,0
224440,224440,224442,2,0
224440,224440,224442,2,0
224440,224440,224443,3,0
224440,224440,224442,2,0
224440,224440,224443,3,0
224440,224440,224443,3,0
224440,224442,224443,1,2
224440,224442,224444,2,2
224440,224442,224443,1,2
224440,224442,224444,2,2
224440,224442,224443,1,2
224440,224442,224444,2,2
224440,224442,224443,1,2
224440,224442,224444,2,2
224440,224442,224444,2,2
224440,224442,224444,2,2
224440,224442,224444,2,2
224440,224442,224443,1,2
224440,224442,224444,2,2
224440,224442,224444,2,2
224440,224442,224444,2,2
224440,224443,224445,2,3
224440,224443,224445,2,3
224440,224442,224444,2,2
224440,224443,224445,2,3
224440,224442,224444,2,2
224440,224442,224444,2,2
224440,224443,224445,2,3
224440,224443,224446,3,3
224440,224443,224445,2,3
224440,224443,224445,2,3
224440,224444,224445,1,4
224440,224444,224445,1,4
224440,224444,224445,1,4
224440,224444,224445,1,4
224440,224444,224446,2,4
224440,224444,224446,2,4
224440,224444,224445,1,4
224440,224444,224445,1,4
224440,224444,224445,1,4
224440,224444,224446,2,4
224440,224444,224446,2,4
224440,224444,224446,2,4
224440,224444,224446,2,4
224440,224444,224446,2,4
224440,224445,224446,1,5
224440,224445,224446,1,5
224440,224445,224447,2,5
224440,224445,224447,2,5
224440,224446,224447,1,6
224440,224446,224447,1,6
224440,224444,224446,2,4
224440,224445,224447,2,5
224440,224446,224447,1,6
224440,224446,224447,1,6
224440,224445,224447,2,5
224440,224447,224448,1,7
224440,224445,224447,2,5
224440,224446,224448,2,6
224440,224446,224447,1,6
224440,224446,224447,1,6
224440,224447,224448,1,7
224440,224446,224447,1,6
224440,224447,224448,1,7
224440,224446,224447,1,6
224440,224446,224447,1,6
224440,224446,224447,1,6
224440,224446,224447,1,6
224440,224447,224448,1,7
224440,224446,224447,1,6
224440,224447,224448,1,7
224440,224446,224448,2,6
224440,224446,224448,2,6
224440,224447,224448,1,7
224440,224447,224448,1,7
224440,224446,224448,2,6
224440,224447,224448,1,7
224440,224447,224449,2,7
224440,224447,224448,1,7
224440,224448,224450,2,8
224440,224448,224450,2,8
224440,224446,224449,3,6
224440,224448,224450,2,8
224440,224448,224450,2,8
224440,224448,224450,2,8
224440,224448,224450,2,8
224440,224448,224450,2,8
224440,224448,224450,2,8
224440,224448,224450,2,8
224440,224448,224450,2,8
224440,224448,224450,2,8
224440,224447,224449,2,7
224440,224448,224450,2,8
224440,224448,224450,2,8
224440,224448,224450,2,8
224440,224448,224450,2,8
224440,224449,224450,1,9
224440,224449,224450,1,9
224440,224450,224451,1,10
224440,224449,224451,2,9
224440,224449,224451,2,9
224440,224448,224450,2,8
224440,224450,224451,1,10
224440,224450,224451,1,10
224440,224450,224451,1,10
224440,224448,224451,3,8
224440,224449,224451,2,9
224440,224450,224452,2,10
224440,224449,224451,2,9
224440,224450,224452,2,10
224440,224450,224451,1,10
224440,224450,224451,1,10
224440,224450,224452,2,10
224440,224450,224452,2,10
224440,224450,224451,1,10
224440,224450,224452,2,10
224440,224450,224452,2,10
224440,224450,224452,2,10
224440,224450,224452,2,10
224440,224450,224452,2,10
224440,224450,224452,2,10
224440,224450,224452,2,10
224440,224451,224452,1,11
224440,224451,224452,1,11
224440,224451,224452,1,11
224440,224451,224452,1,11
224440,224451,224453,2,11
224440,224451,224453,2,11
224440,224451,224453,2,11
224440,224451,224453,2,11
224440,224451,224453,2,11
224440,224452,224454,2,12
224440,224451,224453,2,11
224440,224452,224454,2,12
224440,224452,224454,2,12
224440,224452,224454,2,12
224440,224452,224454,2,12
224440,224452,224454,2,12
224440,224452,224454,2,12
224440,224452,224454,2,12
224440,224453,224454,1,13
224440,224453,224454,1,13
224440,224453,224454,1,13
224440,224453,224455,2,13
224440,224453,224454,1,13
224440,224453,224454,1,13
224440,224453,224454,1,13
224440,224453,224455,2,13
224440,224453,224455,2,13
224440,224453,224455,2,13
224440,224452,224454,2,12
224440,224453,224455,2,13
224440,224453,224455,2,13
224440,224453,224455,2,13
224440,224454,224456,2,14
224440,224454,224455,1,14
224440,224454,224456,2,14
224440,224455,224456,1,15
224440,224455,224456,1,15
224440,224455,224456,1,15
224440,224456,224457,1,16
224440,224455,224456,1,15
224440,224455,224456,1,15
224440,224455,224456,1,15
224440,224455,224456,1,15
224440,224455,224456,1,15
224440,224455,224456,1,15
224440,224455,224456,1,15
224440,224455,224456,1,15
224440,224455,224456,1,15
224440,224455,224456,1,15
224440,224455,224456,1,15
224440,224455,224456,1,15
224440,224455,224457,2,15
224440,224455,224457,2,15
224440,224454,224456,2,14
224440,224454,224457,3,14
224440,224456,224457,1,16
224440,224456,224457,1,16
224440,224456,224457,1,16
224440,224455,224457,2,15
219553,219571,224634,5063,18
224635,224635,224636,1,0
224635,224635,224636,1,0
224635,224635,224637,2,0
224635,224635,224636,1,0
224635,224635,224637,2,0
224635,224635,224637,2,0
224635,224635,224637,2,0
224635,224635,224637,2,0
224635,224635,224637,2,0
224635,224635,224637,2,0
224635,224635,224637,2,0
224635,224635,224637,2,0
224635,224635,224637,2,0
224635,224635,224637,2,0
224635,224635,224637,2,0
224635,224636,224637,1,1
224635,224635,224637,2,0
224635,224635,224637,2,0
224635,224635,224637,2,0
224635,224635,224637,2,0
224635,224635,224637,2,0
224635,224637,224638,1,2
224635,224636,224638,2,1
224635,224635,224638,3,0
224635,224635,224638,3,0
224635,224636,224638,2,1
224635,224635,224638,3,0
224635,224638,224639,1,3
224635,224638,224639,1,3
224635,224638,224639,1,3
224635,224638,224639,1,3
224635,224638,224639,1,3
224635,224638,224639,1,3
224635,224638,224639,1,3
224635,224638,224639,1,3
224635,224638,224639,1,3
224635,224638,224639,1,3
224635,224638,224640,2,3
224635,224638,224639,1,3
224635,224638,224639,1,3
224635,224638,224639,1,3
224635,224638,224639,1,3
224635,224638,224639,1,3
224635,224638,224639,1,3
224635,224638,224640,2,3
224635,224638,224640,2,3
224635,224639,224640,1,4
224635,224639,224640,1,4
224635,224638,224640,2,3
224635,224638,224640,2,3
224635,224639,224641,2,4
224635,224639,224641,2,4
224635,224640,224641,1,5
224635,224640,224641,1,5
224635,224640,224641,1,5
224635,224640,224641,1,5
224635,224640,224641,1,5
224635,224640,224641,1,5
224635,224640,224641,1,5
224635,224640,224641,1,5
224635,224640,224642,2,5
224635,224640,224641,1,5
224635,224640,224641,1,5
224635,224640,224641,1,5
224635,224640,224641,1,5
224635,224640,224641,1,5
224635,224640,224641,1,5
224635,224641,224643,2,6
224635,224642,224643,1,7
224635,224642,224643,1,7
224635,224640,224642,2,5
224635,224641,224642,1,6
224635,224641,224642,1,6
224635,224642,224643,1,7
224635,224642,224643,1,7
224635,224641,224642,1,6
224635,224641,224642,1,6
224635,224642,224643,1,7
224635,224642,224643,1,7
224635,224642,224643,1,7
224635,224642,224643,1,7
224635,224642,224643,1,7
224635,224640,224642,2,5
224635,224642,224643,1,7
224635,224641,224643,2,6
224635,224642,224643,1,7
224635,224642,224643,1,7
224635,224642,224643,1,7
224635,224643,224644,1,8
224635,224643,224644,1,8
224635,224642,224643,1,7
224635,224643,224644,1,8
224635,224643,224645,2,8
224635,224643,224644,1,8
224635,224643,224644,1,8
224635,224643,224644,1,8
224635,224643,224644,1,8
224635,224643,224644,1,8
224635,224643,224644,1,8
224635,224643,224644,1,8
224635,224644,224645,1,9
224635,224643,224645,2,8
224635,224643,224645,2,8
224635,224643,224645,2,8
224635,224643,224644,1,8
224635,224643,224644,1,8
224635,224643,224644,1,8
224635,224643,224644,1,8
224635,224644,224645,1,9
224635,224643,224644,1,8
224635,224643,224644,1,8
224635,224644,224645,1,9
224635,224644,224645,1,9
224635,224644,224645,1,9
224635,224644,224645,1,9
224635,224644,224645,1,9
224635,224645,224646,1,10
224635,224645,224646,1,10
224635,224645,224647,2,10
224635,224645,224646,1,10
224635,224645,224646,1,10
224635,224645,224646,1,10
224635,224645,224646,1,10
224635,224646,224647,1,11
224635,224645,224646,1,10
224635,224645,224646,1,10
224635,224645,224646,1,10
224635,224645,224647,2,10
224635,224645,224647,2,10
224635,224645,224647,2,10
224635,224645,224646,1,10
224635,224645,224646,1,10
224635,224645,224646,1,10
224635,224645,224646,1,10
224635,224645,224646,1,10
224635,224645,224647,2,10
224635,224645,224646,1,10
224635,224645,224647,2,10
224635,224646,224647,1,11
224635,224646,224648,2,11
224635,224646,224647,1,11
224635,224646,224647,1,11
224635,224647,224648,1,12
224635,224647,224649,2,12
224635,224647,224648,1,12
224635,224647,224648,1,12
224635,224647,224648,1,12
224635,224647,224648,1,12
224635,224647,224648,1,12
224635,224647,224648,1,12
224635,224647,224648,1,12
224635,224647,224648,1,12
224635,224647,224649,2,12
224635,224647,224648,1,12
224635,224647,224648,1,12
224635,224647,224648,1,12
224635,224647,224649,2,12
224635,224647,224649,2,12
224635,224647,224649,2,12
224635,224647,224649,2,12
224635,224647,224649,2,12
224635,224648,224649,1,13
224635,224648,224649,1,13
224635,224648,224649,1,13
224635,224649,224650,1,14
224635,224648,224649,1,13
224635,224649,224650,1,14
224635,224647,224649,2,12
224635,224647,224649,2,12
224635,224649,224650,1,14
224635,224649,224651,2,14
224635,224649,224650,1,14
224635,224649,224651,2,14
224635,224649,224651,2,14
224635,224649,224650,1,14
224635,224649,224650,1,14
224635,224649,224651,2,14
224635,224650,224651,1,15
224635,224649,224651,2,14
224635,224649,224651,2,14
224635,224649,224651,2,14
224635,224649,224651,2,14
224635,224649,224650,1,14
224635,224649,224650,1,14
224635,224649,224651,2,14
224635,224649,224651,2,14
224635,224649,224651,2,14
224635,224650,224651,1,15
224635,224650,224651,1,15
224635,224650,224651,1,15
224635,224650,224651,1,15
224635,224650,224652,2,15
224635,224650,224652,2,15
224635,224650,224652,2,15
224635,224651,224653,2,16
224635,224651,224653,2,16
224635,224651,224653,2,16
219990,220053,225250,5197,63
225251,225252,225253,1,1
225251,225252,225253,1,1
225251,225252,225253,1,1
225251,225252,225253,1,1
225251,225252,225253,1,1
225251,225252,225253,1,1
225251,225252,225253,1,1
225251,225252,225253,1,1
225251,225252,225253,1,1
225251,225252,225253,1,1
225251,225252,225253,1,1
225251,225252,225253,1,1
225251,225252,225253,1,1
225251,225252,225253,1,1
225251,225252,225253,1,1
225251,225252,225253,1,1
225251,225252,225253,1,1
225251,225252,225253,1,1
225251,225252,225253,1,1
225251,225252,225254,2,1
225251,225252,225254,2,1
225251,225252,225254,2,1
225251,225253,225254,1,2
225251,225252,225254,2,1
225251,225253,225254,1,2
225251,225252,225254,2,1
225251,225254,225255,1,3
225251,225254,225255,1,3
225251,225254,225255,1,3
225251,225254,225255,1,3
225251,225254,225255,1,3
225251,225254,225255,1,3
225251,225254,225255,1,3
225251,225254,225255,1,3
225251,225254,225255,1,3
225251,225254,225255,1,3
225251,225254,225255,1,3
225251,225254,225255,1,3
225251,225254,225256,2,3
225251,225254,225256,2,3
225251,225254,225256,2,3
225251,225255,225256,1,4
225251,225255,225257,2,4
225251,225254,225256,2,3
225251,225254,225256,2,3
225251,225255,225256,1,4
225251,225255,225256,1,4
225251,225254,225256,2,3
225251,225255,225256,1,4
225251,225255,225256,1,4
225251,225255,225257,2,4
225251,225256,225257,1,5
225251,225256,225257,1,5
225251,225256,225257,1,5
225251,225256,225257,1,5
225251,225256,225257,1,5
225251,225256,225258,2,5
225251,225256,225257,1,5
225251,225256,225257,1,5
225251,225256,225257,1,5
225251,225256,225257,1,5
225251,225256,225257,1,5
225251,225256,225257,1,5
225251,225256,225257,1,5
225251,225256,225258,2,5
225251,225256,225258,2,5
225251,225257,225258,1,6
225251,225257,225259,2,6
225251,225257,225259,2,6
225251,225258,225259,1,7
225251,225257,225258,1,6
225251,225258,225259,1,7
225251,225258,225259,1,7
225251,225258,225259,1,7
225251,225258,225259,1,7
225251,225257,225258,1,6
225251,225258,225259,1,7
225251,225257,225258,1,6
225251,225257,225258,1,6
225251,225258,225259,1,7
225251,225257,225258,1,6
225251,225257,225259,2,6
225251,225258,225259,1,7
225251,225259,225260,1,8
225251,225258,225259,1,7
225251,225258,225259,1,7
225251,225259,225260,1,8
225251,225259,225260,1,8
225251,225259,225260,1,8
225251,225259,225260,1,8
225251,225259,225260,1,8
225251,225258,225259,1,7
225251,225258,225259,1,7
225251,225258,225259,1,7
225251,225259,225260,1,8
225251,225259,225260,1,8
225251,225258,225259,1,7
225251,225258,225259,1,7
225251,225258,225259,1,7
225251,225259,225260,1,8
225251,225259,225260,1,8
225251,225259,225260,1,8
225251,225259,225260,1,8
225251,225259,225260,1,8
225251,225259,225260,1,8
225251,225260,225261,1,9
225251,225260,225261,1,9
225251,225260,225261,1,9
225251,225260,225261,1,9
225251,225260,225261,1,9
225251,225260,225261,1,9
225251,225259,225260,1,8
225251,225260,225261,1,9
225251,225260,225261,1,9
225251,225260,225261,1,9
225251,225260,225261,1,9
225251,225260,225261,1,9
225251,225260,225261,1,9
225251,225260,225261,1,9
225251,225260,225261,1,9
225251,225261,225262,1,10
225251,225260,225261,1,9
225251,225260,225262,2,9
225251,225260,225262,2,9
225251,225260,225262,2,9
225251,225261,225262,1,10
225251,225261,225262,1,10
225251,225261,225262,1,10
225251,225261,225262,1,10
225251,225261,225262,1,10
225251,225261,225262,1,10
225251,225261,225263,2,10
225251,225261,225262,1,10
225251,225261,225262,1,10
225251,225262,225263,1,11
225251,225261,225262,1,10
225251,225261,225263,2,10
225251,225262,225263,1,11
225251,225261,225264,3,10
225251,225262,225263,1,11
225251,225262,225264,2,11
225251,225263,225264,1,12
225251,225263,225264,1,12
225251,225262,225263,1,11
225251,225262,225263,1,11
225251,225262,225263,1,11
225251,225262,225263,1,11
225251,225263,225264,1,12
225251,225262,225263,1,11
225251,225262,225263,1,11
225251,225263,225264,1,12
225251,225262,225264,2,11
225251,225262,225264,2,11
225251,225262,225264,2,11
225251,225263,225265,2,12
225251,225263,225264,1,12
225251,225263,225265,2,12
225251,225263,225265,2,12
225251,225263,225264,1,12
225251,225264,225265,1,13
225251,225264,225265,1,13
225251,225263,225264,1,12
225251,225263,225264,1,12
225251,225264,225265,1,13
225251,225263,225265,2,12
225251,225264,225265,1,13
225251,225264,225266,2,13
225251,225264,225265,1,13
225251,225264,225265,1,13
225251,225264,225265,1,13
225251,225264,225265,1,13
225251,225264,225266,2,13
225251,225264,225265,1,13
225251,225265,225266,1,14
225251,225265,225266,1,14
225251,225264,225265,1,13
225251,225264,225265,1,13
225251,225264,225266,2,13
225251,225264,225266,2,13
225251,225264,225266,2,13
225251,225264,225266,2,13
225251,225265,225267,2,14
225251,225265,225267,2,14
225251,225265,225267,2,14
225251,225265,225267,2,14
225251,225265,225267,2,14
225251,225265,225266,1,14
225251,225265,225266,1,14
225251,225265,225266,1,14
225251,225266,225267,1,15
225251,225266,225267,1,15
225251,225265,225267,2,14
225251,225266,225267,1,15
225251,225266,225267,1,15
225251,225266,225267,1,15
225251,225266,225268,2,15
225251,225266,225267,1,15
225251,225266,225267,1,15
225251,225266,225267,1,15
219715,219758,225459,5701,43
225460,225460,225461,1,0
225460,225460,225461,1,0
225460,225460,225461,1,0
225460,225460,225461,1,0
225460,225460,225461,1,0
225460,225460,225462,2,0
225460,225460,225462,2,0
225460,225460,225462,2,0
225460,225460,225462,2,0
225460,225460,225462,2,0
225460,225460,225462,2,0
225460,225460,225462,2,0
225460,225460,225462,2,0
225460,225460,225462,2,0
225460,225460,225462,2,0
225460,225460,225462,2,0
225460,225460,225462,2,0
225460,225460,225462,2,0
225460,225460,225462,2,0
225460,225460,225462,2,0
225460,225460,225463,3,0
225460,225460,225463,3,0
225460,225461,225462,1,1
225460,225461,225463,2,1
225460,225461,225463,2,1
225460,225461,225463,2,1
225460,225461,225463,2,1
225460,225460,225463,3,0
225460,225460,225463,3,0
225460,225460,225463,3,0
225460,225463,225464,1,3
225460,225463,225464,1,3
225460,225463,225464,1,3
225460,225463,225464,1,3
225460,225463,225464,1,3
225460,225463,225464,1,3
225460,225463,225464,1,3
225460,225463,225464,1,3
225460,225463,225464,1,3
225460,225463,225464,1,3
225460,225463,225464,1,3
225460,225463,225465,2,3
225460,225463,225465,2,3
225460,225463,225465,2,3
225460,225462,225465,3,2
225460,225463,225465,2,3
225460,225463,225465,2,3
225460,225464,225465,1,4
225460,225464,225465,1,4
225460,225464,225465,1,4
225460,225464,225465,1,4
225460,225464,225465,1,4
225460,225464,225465,1,4
225460,225464,225465,1,4
225460,225464,225465,1,4
225460,225465,225466,1,5
225460,225465,225466,1,5
225460,225465,225466,1,5
225460,225465,225466,1,5
225460,225465,225466,1,5
225460,225466,225467,1,6
225460,225465,225467,2,5
225460,225465,225466,1,5
225460,225466,225467,1,6
225460,225465,225466,1,5
225460,225465,225466,1,5
225460,225466,225467,1,6
225460,225466,225467,1,6
225460,225465,225466,1,5
225460,225465,225467,2,5
225460,225465,225467,2,5
225460,225466,225467,1,6
225460,225466,225467,1,6
225460,225466,225467,1,6
225460,225466,225467,1,6
225460,225466,225467,1,6
225460,225467,225468,1,7
225460,225466,225467,1,6
225460,225467,225468,1,7
225460,225467,225468,1,7
225460,225467,225468,1,7
225460,225467,225468,1,7
225460,225467,225468,1,7
225460,225467,225468,1,7
225460,225467,225468,1,7
225460,225466,225467,1,6
225460,225466,225467,1,6
225460,225468,225469,1,8
225460,225468,225469,1,8
225460,225468,225469,1,8
225460,225468,225469,1,8
225460,225468,225469,1,8
225460,225467,225468,1,7
225460,225467,225468,1,7
225460,225467,225468,1,7
225460,225467,225468,1,7
225460,225468,225469,1,8
225460,225467,225468,1,7
225460,225467,225468,1,7
225460,225468,225469,1,8
225460,225468,225469,1,8
225460,225468,225469,1,8
225460,225468,225469,1,8
225460,225468,225469,1,8
225460,225468,225469,1,8
225460,225469,225470,1,9
225460,225468,225469,1,8
225460,225469,225470,1,9
225460,225468,225469,1,8
225460,225469,225470,1,9
225460,225468,225469,1,8
225460,225468,225469,1,8
225460,225468,225469,1,8
225460,225468,225469,1,8
225460,225468,225469,1,8
225460,225469,225470,1,9
225460,225469,225470,1,9
225460,225470,225471,1,10
225460,225470,225471,1,10
225460,225470,225471,1,10
225460,225469,225470,1,9
225460,225469,225470,1,9
225460,225469,225470,1,9
225460,225469,225470,1,9
225460,225469,225471,2,9
225460,225469,225470,1,9
225460,225469,225471,2,9
225460,225470,225471,1,10
225460,225470,225472,2,10
225460,225470,225471,1,10
225460,225470,225471,1,10
225460,225470,225471,1,10
225460,225470,225471,1,10
225460,225470,225471,1,10
225460,225471,225472,1,11
225460,225471,225472,1,11
225460,225470,225471,1,10
225460,225471,225472,1,11
225460,225470,225471,1,10
225460,225471,225472,1,11
225460,225471,225472,1,11
225460,225471,225472,1,11
225460,225470,225472,2,10
225460,225470,225472,2,10
225460,225470,225471,1,10
225460,225470,225472,2,10
225460,225471,225472,1,11
225460,225472,225473,1,12
225460,225472,225473,1,12
225460,225472,225473,1,12
225460,225471,225472,1,11
225460,225471,225472,1,11
225460,225471,225473,2,11
225460,225471,225472,1,11
225460,225471,225473,2,11
225460,225472,225473,1,12
225460,225472,225473,1,12
225460,225472,225473,1,12
225460,225472,225474,2,12
225460,225472,225473,1,12
225460,225472,225473,1,12
225460,225472,225473,1,12
225460,225472,225473,1,12
225460,225473,225474,1,13
225460,225473,225474,1,13
225460,225472,225473,1,12
225460,225472,225473,1,12
225460,225472,225473,1,12
225460,225472,225473,1,12
225460,225473,225474,1,13
225460,225472,225473,1,12
225460,225472,225473,1,12
225460,225472,225474,2,12
225460,225473,225474,1,13
225460,225473,225474,1,13
225460,225474,225475,1,14
225460,225474,225475,1,14
225460,225473,225474,1,13
225460,225474,225475,1,14
225460,225474,225475,1,14
225460,225474,225475,1,14
225460,225473,225475,2,13
225460,225473,225475,2,13
225460,225473,225475,2,13
225460,225473,225475,2,13
225460,225474,225475,1,14
225460,225474,225475,1,14
225460,225474,225475,1,14
225460,225474,225475,1,14
225460,225474,225475,1,14
225460,225474,225475,1,14
225460,225474,225476,2,14
225460,225474,225476,2,14
225460,225474,225476,2,14
225460,225474,225475,1,14
225460,225474,225476,2,14
225460,225474,225476,2,14
219707,219730,225477,5747,23
225484,225484,225486,2,0
225484,225484,225486,2,0
225484,225484,225486,2,0
225484,225484,225485,1,0
225484,225484,225486,2,0
225484,225484,225485,1,0
225484,225484,225486,2,0
225484,225484,225485,1,0
225484,225484,225486,2,0
225484,225484,225486,2,0
225484,225484,225485,1,0
225484,225484,225486,2,0
225484,225484,225486,2,0
225484,225484,225486,2,0
225484,225484,225486,2,0
225484,225484,225486,2,0
225484,225484,225487,3,0
225484,225484,225486,2,0
225484,225484,225486,2,0
225484,225484,225486,2,0
225484,225484,225486,2,0
225484,225484,225486,2,0
225484,225486,225488,2,2
225484,225486,225488,2,2
225484,225486,225488,2,2
225484,225486,225488,2,2
225484,225486,225488,2,2
225484,225486,225488,2,2
225484,225486,225488,2,2
225484,225486,225488,2,2
225484,225486,225488,2,2
225484,225486,225488,2,2
225484,225486,225488,2,2
225484,225486,225488,2,2
225484,225486,225488,2,2
225484,225486,225488,2,2
225484,225486,225488,2,2
225484,225486,225488,2,2
225484,225487,225490,3,3
225484,225488,225490,2,4
225484,225487,225490,3,3
225484,225484,225490,6,0
225484,225484,225490,6,0
225484,225484,225490,6,0
225484,225487,225490,3,3
225484,225487,225490,3,3
225484,225487,225490,3,3
225484,225487,225490,3,3
225484,225488,225491,3,4
225484,225488,225491,3,4
225484,225488,225491,3,4
225484,225488,225491,3,4
225484,225488,225491,3,4
225484,225488,225491,3,4
225484,225488,225491,3,4
225484,225488,225491,3,4
225484,225488,225491,3,4
225484,225488,225491,3,4
225484,225488,225491,3,4
225484,225488,225491,3,4
225484,225489,225492,3,5
225484,225491,225492,1,7
225484,225491,225492,1,7
225484,225491,225492,1,7
225484,225491,225492,1,7
225484,225491,225492,1,7
225484,225491,225492,1,7
225484,225490,225492,2,6
225484,225490,225492,2,6
225484,225491,225492,1,7
225484,225490,225492,2,6
225484,225491,225492,1,7
225484,225488,225492,4,4
225484,225491,225492,1,7
225484,225491,225492,1,7
225484,225488,225492,4,4
225484,225491,225492,1,7
225484,225491,225492,1,7
225484,225492,225493,1,8
225484,225491,225493,2,7
225484,225492,225493,1,8
225484,225492,225493,1,8
225484,225492,225494,2,8
225484,225492,225494,2,8
225484,225492,225494,2,8
225484,225492,225494,2,8
225484,225493,225494,1,9
225484,225492,225494,2,8
225484,225493,225494,1,9
225484,225493,225494,1,9
225484,225493,225494,1,9
225484,225493,225494,1,9
225484,225493,225495,2,9
225484,225493,225495,2,9
225484,225495,225496,1,11
225484,225494,225495,1,10
225484,225493,225495,2,9
225484,225493,225495,2,9
225484,225493,225495,2,9
225484,225493,225495,2,9
225484,225493,225495,2,9
225484,225493,225495,2,9
225484,225493,225495,2,9
225484,225494,225495,1,10
225484,225494,225495,1,10
225484,225494,225496,2,10
225484,225495,225496,1,11
225484,225495,225496,1,11
225484,225495,225496,1,11
225484,225495,225496,1,11
225484,225495,225496,1,11
225484,225496,225497,1,12
225484,225496,225497,1,12
225484,225496,225497,1,12
225484,225496,225497,1,12
225484,225496,225497,1,12
225484,225497,225498,1,13
225484,225496,225497,1,12
225484,225496,225497,1,12
225484,225496,225497,1,12
225484,225496,225498,2,12
225484,225496,225497,1,12
225484,225496,225498,2,12
225484,225496,225497,1,12
225484,225496,225497,1,12
225484,225496,225497,1,12
225484,225496,225498,2,12
225484,225497,225498,1,13
225484,225497,225498,1,13
225484,225497,225498,1,13
225484,225497,225498,1,13
225484,225497,225498,1,13
225484,225497,225498,1,13
225484,225497,225498,1,13
225484,225498,225499,1,14
225484,225498,225500,2,14
225484,225499,225501,2,15
225484,225499,225501,2,15
225484,225499,225501,2,15
225484,225499,225501,2,15
225484,225499,225501,2,15
225484,225498,225501,3,14
225484,225498,225501,3,14
225484,225498,225500,2,14
225484,225498,225500,2,14
225484,225500,225501,1,16
225484,225498,225501,3,14
225484,225498,225501,3,14
225484,225498,225500,2,14
225484,225498,225500,2,14
225484,225498,225500,2,14
225484,225498,225501,3,14
225484,225501,225502,1,17
225484,225498,225501,3,14
225484,225499,225501,2,15
225484,225500,225501,1,16
225484,225501,225502,1,17
225484,225491,225502,11,7
225484,225491,225501,10,7
225484,225491,225501,10,7
225484,225499,225501,2,15
225484,225498,225501,3,14
225484,225498,225501,3,14
225484,225501,225502,1,17
225484,225501,225502,1,17
225484,225502,225503,1,18
225484,225501,225502,1,17
225484,225502,225503,1,18
225484,225501,225502,1,17
225484,225501,225502,1,17
225484,225501,225502,1,17
225484,225501,225502,1,17
225484,225501,225502,1,17
225484,225502,225503,1,18
225484,225501,225502,1,17
225484,225501,225502,1,17
225484,225501,225503,2,17
225484,225501,225502,1,17
225484,225502,225503,1,18
225484,225502,225503,1,18
225484,225502,225503,1,18
225484,225502,225503,1,18
225484,225502,225503,1,18
225484,225502,225503,1,18
225484,225502,225504,2,18
225484,225502,225503,1,18
225484,225503,225505,2,19
225484,225503,225505,2,19
225484,225503,225505,2,19
225484,225503,225505,2,19
225484,225503,225506,3,19
225484,225502,225510,8,18
225484,225503,225510,7,19
225484,225502,225510,8,18
222086,222105,225659,3554,19
225660,225660,225661,1,0
225660,225660,225662,2,0
225660,225660,225661,1,0
225660,225660,225661,1,0
225660,225660,225661,1,0
225660,225660,225661,1,0
225660,225660,225662,2,0
225660,225660,225661,1,0
225660,225660,225661,1,0
225660,225660,225662,2,0
225660,225660,225662,2,0
225660,225660,225662,2,0
225660,225660,225661,1,0
225660,225660,225662,2,0
225660,225660,225662,2,0
225660,225660,225661,1,0
225660,225660,225662,2,0
225660,225660,225662,2,0
225660,225660,225662,2,0
225660,225660,225662,2,0
225660,225660,225662,2,0
225660,225660,225662,2,0
225660,225661,225665,4,1
225660,225662,225665,3,2
225660,225662,225665,3,2
225660,225662,225665,3,2
225660,225660,225664,4,0
225660,225660,225665,5,0
225660,225660,225665,5,0
225660,225662,225665,3,2
225660,225662,225665,3,2
225660,225662,225665,3,2
225660,225662,225665,3,2
225660,225662,225666,4,2
225660,225662,225665,3,2
225660,225662,225665,3,2
225660,225662,225666,4,2
225660,225662,225665,3,2
225660,225662,225666,4,2
225660,225665,225666,1,5
225660,225662,225666,4,2
225660,225662,225666,4,2
225660,225663,225666,3,3
225660,225662,225667,5,2
225660,225663,225667,4,3
225660,225665,225667,2,5
225660,225662,225666,4,2
225660,225663,225666,3,3
225660,225665,225667,2,5
225660,225663,225667,4,3
225660,225665,225667,2,5
225660,225665,225666,1,5
225660,225665,225667,2,5
225660,225666,225668,2,6
225660,225665,225668,3,5
225660,225666,225668,2,6
225660,225666,225668,2,6
225660,225666,225668,2,6
225660,225665,225668,3,5
225660,225665,225668,3,5
225660,225666,225668,2,6
225660,225667,225669,2,7
225660,225666,225668,2,6
225660,225666,225668,2,6
225660,225668,225669,1,8
225660,225666,225669,3,6
225660,225667,225669,2,7
225660,225667,225669,2,7
225660,225667,225668,1,7
225660,225668,225669,1,8
225660,225667,225669,2,7
225660,225668,225669,1,8
225660,225667,225669,2,7
225660,225667,225669,2,7
225660,225665,225669,4,5
225660,225667,225669,2,7
225660,225667,225669,2,7
225660,225667,225669,2,7
225660,225667,225669,2,7
225660,225668,225670,2,8
225660,225669,225670,1,9
225660,225667,225669,2,7
225660,225667,225670,3,7
225660,225669,225670,1,9
225660,225669,225670,1,9
225660,225669,225670,1,9
225660,225669,225670,1,9
225660,225668,225670,2,8
225660,225668,225670,2,8
225660,225668,225670,2,8
225660,225670,225671,1,10
225660,225669,225670,1,9
225660,225670,225671,1,10
225660,225670,225671,1,10
225660,225670,225671,1,10
225660,225669,225671,2,9
225660,225669,225671,2,9
225660,225669,225671,2,9
225660,225669,225670,1,9
225660,225669,225670,1,9
225660,225669,225671,2,9
225660,225669,225671,2,9
225660,225670,225671,1,10
225660,225670,225671,1,10
225660,225670,225671,1,10
225660,225670,225672,2,10
225660,225670,225671,1,10
225660,225670,225672,2,10
225660,225670,225671,1,10
225660,225670,225672,2,10
225660,225670,225673,3,10
225660,225670,225673,3,10
225660,225672,225673,1,12
225660,225670,225673,3,10
225660,225671,225673,2,11
225660,225671,225673,2,11
225660,225671,225673,2,11
225660,225671,225674,3,11
225660,225671,225673,2,11
225660,225672,225674,2,12
225660,225671,225674,3,11
225660,225671,225674,3,11
225660,225673,225674,1,13
225660,225673,225674,1,13
225660,225671,225674,3,11
225660,225672,225674,2,12
225660,225672,225674,2,12
225660,225672,225674,2,12
225660,225672,225674,2,12
225660,225672,225674,2,12
225660,225672,225674,2,12
225660,225672,225674,2,12
225660,225672,225674,2,12
225660,225672,225676,4,12
225660,225674,225677,3,14
225660,225674,225677,3,14
225660,225674,225677,3,14
225660,225675,225677,2,15
225660,225675,225677,2,15
225660,225675,225677,2,15
225660,225675,225677,2,15
225660,225674,225677,3,14
225660,225674,225677,3,14
225660,225674,225678,4,14
225660,225674,225678,4,14
225660,225675,225678,3,15
225660,225673,225678,5,13
225660,225673,225678,5,13
225660,225673,225678,5,13
225660,225674,225678,4,14
225660,225675,225678,3,15
225660,225675,225678,3,15
225660,225675,225678,3,15
225660,225675,225678,3,15
225660,225675,225678,3,15
225660,225675,225678,3,15
225660,225676,225679,3,16
225660,225675,225679,4,15
225660,225675,225679,4,15
225660,225677,225680,3,17
225660,225677,225680,3,17
225660,225678,225680,2,18
225660,225678,225680,2,18
225660,225678,225680,2,18
225660,225678,225680,2,18
225660,225678,225680,2,18
225660,225678,225680,2,18
225660,225679,225681,2,19
225660,225678,225680,2,18
225660,225678,225681,3,18
225660,225678,225680,2,18
225660,225678,225681,3,18
225660,225679,225681,2,19
225660,225678,225681,3,18
225660,225679,225681,2,19
225660,225679,225682,3,19
225660,225679,225682,3,19
225660,225680,225682,2,20
225660,225679,225681,2,19
225660,225679,225682,3,19
225660,225679,225682,3,19
225660,225678,225682,4,18
225660,225679,225682,3,19
225660,225681,225682,1,21
225660,225681,225682,1,21
225660,225681,225682,1,21
225660,225681,225682,1,21
225660,225681,225682,1,21
225660,225681,225682,1,21
225660,225681,225682,1,21
225660,225681,225683,2,21
225660,225680,225682,2,20
225660,225680,225682,2,20
225660,225681,225683,2,21
225660,225681,225683,2,21
225660,225681,225683,2,21
225660,225680,225682,2,20
225660,225682,225683,1,22
225660,225681,225683,2,21
220131,220131,225750,5619,0
221264,221279,226368,5089,15
226369,226369,226370,1,0
226369,226369,226370,1,0
226369,226369,226370,1,0
226369,226369,226370,1,0
226369,226369,226370,1,0
226369,226369,226370,1,0
226369,226369,226371,2,0
226369,226369,226370,1,0
226369,226369,226371,2,0
226369,226369,226371,2,0
226369,226369,226371,2,0
226369,226369,226370,1,0
226369,226369,226371,2,0
226369,226369,226371,2,0
226369,226369,226372,3,0
226369,226369,226372,3,0
226369,226369,226372,3,0
226369,226369,226371,2,0
226369,226369,226371,2,0
226369,226369,226371,2,0
226369,226369,226371,2,0
226369,226369,226371,2,0
226369,226370,226371,1,1
226369,226369,226371,2,0
226369,226369,226371,2,0
226369,226370,226371,1,1
226369,226369,226371,2,0
226369,226371,226373,2,2
226369,226371,226373,2,2
226369,226371,226373,2,2
226369,226371,226373,2,2
226369,226371,226373,2,2
226369,226372,226374,2,3
226369,226371,226373,2,2
226369,226371,226374,3,2
226369,226371,226373,2,2
226369,226372,226374,2,3
226369,226371,226374,3,2
226369,226372,226374,2,3
226369,226372,226374,2,3
226369,226371,226374,3,2
226369,226371,226374,3,2
226369,226372,226374,2,3
226369,226372,226374,2,3
226369,226372,226374,2,3
226369,226372,226374,2,3
226369,226372,226374,2,3
226369,226372,226375,3,3
226369,226372,226375,3,3
226369,226372,226374,2,3
226369,226372,226375,3,3
226369,226372,226375,3,3
226369,226373,226375,2,4
226369,226373,226374,1,4
226369,226374,226375,1,5
226369,226374,226375,1,5
226369,226374,226375,1,5
226369,226374,226375,1,5
226369,226375,226376,1,6
226369,226374,226376,2,5
226369,226374,226376,2,5
226369,226374,226376,2,5
226369,226374,226376,2,5
226369,226374,226376,2,5
226369,226374,226376,2,5
226369,226374,226376,2,5
226369,226375,226377,2,6
226369,226375,226377,2,6
226369,226375,226377,2,6
226369,226375,226377,2,6
226369,226375,226377,2,6
226369,226375,226377,2,6
226369,226375,226377,2,6
226369,226375,226376,1,6
226369,226374,226376,2,5
226369,226374,226376,2,5
226369,226374,226376,2,5
226369,226375,226377,2,6
226369,226375,226378,3,6
226369,226376,226377,1,7
226369,226377,226378,1,8
226369,226377,226378,1,8
226369,226376,226378,2,7
226369,226376,226378,2,7
226369,226376,226378,2,7
226369,226376,226378,2,7
226369,226376,226378,2,7
226369,226376,226378,2,7
226369,226376,226378,2,7
226369,226376,226378,2,7
226369,226376,226378,2,7
226369,226376,226378,2,7
226369,226377,226378,1,8
226369,226377,226379,2,8
226369,226377,226379,2,8
226369,226378,226379,1,9
226369,226377,226379,2,8
226369,226377,226379,2,8
226369,226377,226379,2,8
226369,226378,226379,1,9
226369,226378,226379,1,9
226369,226377,226379,2,8
226369,226377,226379,2,8
226369,226378,226379,1,9
226369,226378,226379,1,9
226369,226378,226380,2,9
226369,226378,226380,2,9
226369,226378,226380,2,9
226369,226378,226380,2,9
226369,226379,226380,1,10
226369,226378,226380,2,9
226369,226378,226379,1,9
226369,226379,226380,1,10
226369,226379,226380,1,10
226369,226379,226380,1,10
226369,226379,226380,1,10
226369,226379,226380,1,10
226369,226379,226380,1,10
226369,226379,226380,1,10
226369,226379,226381,2,10
226369,226379,226381,2,10
226369,226380,226381,1,11
226369,226380,226381,1,11
226369,226379,226381,2,10
226369,226379,226381,2,10
226369,226379,226381,2,10
226369,226380,226381,1,11
226369,226380,226381,1,11
226369,226380,226381,1,11
226369,226380,226382,2,11
226369,226380,226382,2,11
226369,226380,226382,2,11
226369,226381,226382,1,12
226369,226381,226383,2,12
226369,226381,226383,2,12
226369,226381,226383,2,12
226369,226381,226383,2,12
226369,226381,226383,2,12
226369,226380,226382,2,11
226369,226381,226383,2,12
226369,226380,226383,3,11
226369,226380,226383,3,11
226369,226381,226383,2,12
226369,226381,226383,2,12
226369,226383,226384,1,14
226369,226383,226384,1,14
226369,226381,226384,3,12
226369,226383,226384,1,14
226369,226382,226384,2,13
226369,226382,226384,2,13
226369,226382,226384,2,13
226369,226382,226384,2,13
226369,226382,226384,2,13
226369,226383,226384,1,14
226369,226383,226385,2,14
226369,226383,226384,1,14
226369,226383,226384,1,14
226369,226382,226384,2,13
226369,226382,226385,3,13
226369,226383,226385,2,14
226369,226383,226385,2,14
226369,226382,226384,2,13
226369,226383,226385,2,14
226369,226384,226385,1,15
226369,226382,226385,3,13
226369,226384,226385,1,15
226369,226383,226385,2,14
226369,226383,226385,2,14
226369,226384,226386,2,15
226369,226385,226386,1,16
226369,226385,226386,1,16
226369,226385,226386,1,16
226369,226385,226386,1,16
226369,226385,226386,1,16
226369,226385,226386,1,16
226369,226385,226386,1,16
226369,226385,226386,1,16
226369,226385,226386,1,16
226369,226385,226386,1,16
226369,226385,226386,1,16
226369,226385,226386,1,16
226369,226385,226386,1,16
226369,226385,226386,1,16
226369,226385,226387,2,16
226369,226385,226387,2,16
226369,226385,226387,2,16
226369,226385,226387,2,16
226369,226386,226387,1,17
226369,226386,226387,1,17
226369,226386,226387,1,17
226369,226386,226387,1,17
226369,226386,226388,2,17
226369,226386,226387,1,17
226369,226387,226389,2,18
226369,226387,226389,2,18
226369,226387,226389,2,18
226369,226387,226390,3,18
226369,226387,226390,3,18
226369,226387,226390,3,18
223033,223046,226651,3605,13
226652,226652,226653,1,0
226652,226652,226653,1,0
226652,226652,226653,1,0
226652,226652,226653,1,0
226652,226652,226653,1,0
226652,226652,226653,1,0
226652,226652,226653,1,0
226652,226652,226653,1,0
226652,226652,226653,1,0
226652,226652,226653,1,0
226652,226652,226654,2,0
226652,226652,226653,1,0
226652,226652,226653,1,0
226652,226652,226654,2,0
226652,226652,226654,2,0
226652,226652,226654,2,0
226652,226652,226653,1,0
226652,226652,226653,1,0
226652,226652,226653,1,0
226652,226652,226653,1,0
226652,226652,226654,2,0
226652,226652,226654,2,0
226652,226652,226654,2,0
226652,226652,226654,2,0
226652,226652,226654,2,0
226652,226654,226655,1,2
226652,226654,226655,1,2
226652,226654,226655,1,2
226652,226654,226655,1,2
226652,226654,226655,1,2
226652,226654,226656,2,2
226652,226654,226656,2,2
226652,226654,226655,1,2
226652,226654,226655,1,2
226652,226654,226656,2,2
226652,226654,226656,2,2
226652,226654,226656,2,2
226652,226654,226656,2,2
226652,226654,226656,2,2
226652,226655,226656,1,3
226652,226654,226656,2,2
226652,226655,226656,1,3
226652,226655,226657,2,3
226652,226654,226656,2,2
226652,226654,226656,2,2
226652,226655,226656,1,3
226652,226654,226656,2,2
226652,226654,226656,2,2
226652,226655,226657,2,3
226652,226654,226656,2,2
226652,226656,226657,1,4
226652,226656,226657,1,4
226652,226656,226657,1,4
226652,226656,226657,1,4
226652,226656,226657,1,4
226652,226656,226657,1,4
226652,226656,226657,1,4
226652,226656,226657,1,4
226652,226656,226657,1,4
226652,226658,226659,1,6
226652,226657,226659,2,5
226652,226657,226659,2,5
226652,226657,226659,2,5
226652,226656,226658,2,4
226652,226657,226659,2,5
226652,226657,226659,2,5
226652,226657,226659,2,5
226652,226657,226658,1,5
226652,226657,226659,2,5
226652,226657,226659,2,5
226652,226657,226658,1,5
226652,226658,226659,1,6
226652,226658,226659,1,6
226652,226658,226659,1,6
226652,226658,226659,1,6
226652,226658,226659,1,6
226652,226658,226659,1,6
226652,226659,226660,1,7
226652,226658,226659,1,6
226652,226658,226659,1,6
226652,226657,226659,2,5
226652,226657,226659,2,5
226652,226657,226659,2,5
226652,226657,226659,2,5
226652,226657,226659,2,5
226652,226659,226660,1,7
226652,226659,226660,1,7
226652,226660,226661,1,8
226652,226660,226661,1,8
226652,226659,226660,1,7
226652,226659,226660,1,7
226652,226659,226660,1,7
226652,226660,226661,1,8
226652,226660,226661,1,8
226652,226660,226661,1,8
226652,226660,226661,1,8
226652,226659,226660,1,7
226652,226659,226661,2,7
226652,226659,226660,1,7
226652,226659,226660,1,7
226652,226659,226660,1,7
226652,226659,226661,2,7
226652,226659,226661,2,7
226652,226659,226660,1,7
226652,226659,226660,1,7
226652,226660,226661,1,8
226652,226660,226661,1,8
226652,226661,226662,1,9
226652,226661,226662,1,9
226652,226660,226661,1,8
226652,226661,226662,1,9
226652,226660,226661,1,8
226652,226660,226662,2,8
226652,226660,226662,2,8
226652,226660,226661,1,8
226652,226661,226662,1,9
226652,226661,226662,1,9
226652,226661,226662,1,9
226652,226661,226663,2,9
226652,226661,226663,2,9
226652,226661,226663,2,9
226652,226661,226663,2,9
226652,226661,226663,2,9
226652,226661,226663,2,9
226652,226661,226663,2,9
226652,226661,226662,1,9
226652,226662,226663,1,10
226652,226661,226663,2,9
226652,226661,226663,2,9
226652,226661,226662,1,9
226652,226661,226662,1,9
226652,226661,226663,2,9
226652,226661,226663,2,9
226652,226662,226663,1,10
226652,226662,226663,1,10
226652,226662,226664,2,10
226652,226662,226664,2,10
226652,226662,226664,2,10
226652,226663,226664,1,11
226652,226664,226665,1,12
226652,226663,226664,1,11
226652,226663,226664,1,11
226652,226663,226665,2,11
226652,226663,226665,2,11
226652,226663,226665,2,11
226652,226663,226665,2,11
226652,226663,226665,2,11
226652,226663,226665,2,11
226652,226663,226665,2,11
226652,226663,226665,2,11
226652,226663,226665,2,11
226652,226663,226665,2,11
226652,226662,226664,2,10
226652,226662,226664,2,10
226652,226663,226665,2,11
226652,226663,226664,1,11
226652,226663,226665,2,11
226652,226663,226665,2,11
226652,226664,226665,1,12
226652,226664,226665,1,12
226652,226664,226666,2,12
226652,226663,226666,3,11
226652,226664,226666,2,12
226652,226664,226666,2,12
226652,226665,226666,1,13
226652,226666,226667,1,14
226652,226665,226666,1,13
226652,226665,226666,1,13
226652,226665,226667,2,13
226652,226665,226667,2,13
226652,226665,226667,2,13
226652,226665,226667,2,13
226652,226665,226667,2,13
226652,226665,226667,2,13
226652,226665,226667,2,13
226652,226665,226667,2,13
226652,226665,226667,2,13
226652,226665,226667,2,13
226652,226665,226667,2,13
226652,226665,226667,2,13
226652,226666,226667,1,14
226652,226666,226667,1,14
226652,226666,226667,1,14
226652,226666,226667,1,14
226652,226667,226668,1,15
226652,226667,226668,1,15
226652,226666,226668,2,14
226652,226666,226668,2,14
226652,226666,226668,2,14
226652,226665,226668,3,13
226652,226667,226668,1,15
226652,226667,226669,2,15
226652,226667,226669,2,15
226652,226667,226669,2,15
226652,226667,226669,2,15
226652,226667,226669,2,15
226652,226667,226669,2,15
226652,226667,226669,2,15
226652,226667,226669,2,15
226652,226667,226669,2,15
223191,223205,226815,3610,14
226816,226816,226817,1,0
226816,226816,226817,1,0
226816,226816,226818,2,0
226816,226816,226818,2,0
226816,226816,226818,2,0
226816,226816,226818,2,0
226816,226816,226818,2,0
226816,226816,226818,2,0
226816,226816,226817,1,0
226816,226816,226817,1,0
226816,226816,226817,1,0
226816,226816,226817,1,0
226816,226816,226818,2,0
226816,226816,226817,1,0
226816,226816,226818,2,0
226816,226816,226818,2,0
226816,226816,226819,3,0
226816,226817,226818,1,1
226816,226816,226818,2,0
226816,226816,226818,2,0
226816,226816,226818,2,0
226816,226816,226818,2,0
226816,226816,226819,3,0
226816,226816,226818,2,0
226816,226816,226818,2,0
226816,226816,226819,3,0
226816,226817,226818,1,1
226816,226818,226820,2,2
226816,226818,226820,2,2
226816,226818,226820,2,2
226816,226818,226820,2,2
226816,226818,226820,2,2
226816,226818,226820,2,2
226816,226818,226820,2,2
226816,226818,226820,2,2
226816,226818,226820,2,2
226816,226818,226820,2,2
226816,226818,226820,2,2
226816,226818,226820,2,2
226816,226819,226821,2,3
226816,226818,226821,3,2
226816,226818,226820,2,2
226816,226819,226821,2,3
226816,226819,226821,2,3
226816,226819,226821,2,3
226816,226820,226822,2,4
226816,226819,226821,2,3
226816,226819,226822,3,3
226816,226819,226822,3,3
226816,226819,226822,3,3
226816,226819,226822,3,3
226816,226820,226822,2,4
226816,226819,226821,2,3
226816,226819,226821,2,3
226816,226820,226822,2,4
226816,226820,226822,2,4
226816,226820,226822,2,4
226816,226820,226822,2,4
226816,226820,226822,2,4
226816,226820,226822,2,4
226816,226820,226822,2,4
226816,226821,226822,1,5
226816,226821,226822,1,5
226816,226821,226822,1,5
226816,226821,226822,1,5
226816,226821,226823,2,5
226816,226821,226823,2,5
226816,226821,226823,2,5
226816,226823,226824,1,7
226816,226822,226824,2,6
226816,226823,226824,1,7
226816,226822,226824,2,6
226816,226822,226824,2,6
226816,226822,226824,2,6
226816,226822,226824,2,6
226816,226821,226824,3,5
226816,226822,226824,2,6
226816,226822,226824,2,6
226816,226823,226824,1,7
226816,226823,226824,1,7
226816,226823,226824,1,7
226816,226823,226824,1,7
226816,226823,226824,1,7
226816,226823,226824,1,7
226816,226823,226824,1,7
226816,226823,226824,1,7
226816,226822,226825,3,6
226816,226824,226825,1,8
226816,226823,226825,2,7
226816,226823,226825,2,7
226816,226824,226825,1,8
226816,226824,226825,1,8
226816,226824,226825,1,8
226816,226825,226826,1,9
226816,226825,226826,1,9
226816,226824,226826,2,8
226816,226824,226826,2,8
226816,226824,226826,2,8
226816,226825,226826,1,9
226816,226825,226826,1,9
226816,226825,226826,1,9
226816,226825,226826,1,9
226816,226825,226826,1,9
226816,226825,226826,1,9
226816,226825,226826,1,9
226816,226825,226826,1,9
226816,226825,226826,1,9
226816,226825,226826,1,9
226816,226825,226826,1,9
226816,226825,226826,1,9
226816,226826,226827,1,10
226816,226825,226827,2,9
226816,226826,226827,1,10
226816,226825,226827,2,9
226816,226826,226827,1,10
226816,226826,226827,1,10
226816,226826,226827,1,10
226816,226826,226827,1,10
226816,226826,226827,1,10
226816,226826,226828,2,10
226816,226826,226828,2,10
226816,226826,226828,2,10
226816,226827,226828,1,11
226816,226827,226828,1,11
226816,226827,226828,1,11
226816,226827,226829,2,11
226816,226827,226828,1,11
226816,226827,226828,1,11
226816,226827,226829,2,11
226816,226827,226829,2,11
226816,226827,226828,1,11
226816,226827,226828,1,11
226816,226827,226828,1,11
226816,226827,226828,1,11
226816,226827,226828,1,11
226816,226828,226829,1,12
226816,226828,226829,1,12
226816,226828,226829,1,12
226816,226827,226829,2,11
226816,226828,226830,2,12
226816,226828,226830,2,12
226816,226828,226829,1,12
226816,226828,226829,1,12
226816,226827,226830,3,11
226816,226828,226830,2,12
226816,226829,226830,1,13
226816,226829,226830,1,13
226816,226829,226830,1,13
226816,226829,226830,1,13
226816,226829,226830,1,13
226816,226829,226830,1,13
226816,226829,226830,1,13
226816,226829,226830,1,13
226816,226829,226830,1,13
226816,226829,226830,1,13
226816,226829,226830,1,13
226816,226829,226831,2,13
226816,226829,226831,2,13
226816,226829,226831,2,13
226816,226829,226831,2,13
226816,226829,226831,2,13
226816,226830,226831,1,14
226816,226830,226831,1,14
226816,226830,226832,2,14
226816,226831,226832,1,15
226816,226829,226831,2,13
226816,226830,226832,2,14
226816,226830,226832,2,14
226816,226830,226831,1,14
226816,226830,226832,2,14
226816,226830,226832,2,14
226816,226831,226832,1,15
226816,226831,226832,1,15
226816,226831,226832,1,15
226816,226831,226832,1,15
226816,226831,226832,1,15
226816,226831,226833,2,15
226816,226831,226832,1,15
226816,226831,226832,1,15
226816,226831,226832,1,15
226816,226831,226833,2,15
226816,226832,226833,1,16
226816,226831,226832,1,15
226816,226831,226833,2,15
226816,226831,226832,1,15
226816,226831,226832,1,15
226816,226831,226832,1,15
226816,226831,226832,1,15
226816,226832,226833,1,16
226816,226832,226833,1,16
226816,226832,226834,2,16
226816,226832,226834,2,16
226816,226832,226833,1,16
226816,226832,226833,1,16
226816,226832,226834,2,16
223287,223305,227042,3737,18
227043,227043,227044,1,0
227043,227043,227045,2,0
227043,227043,227045,2,0
227043,227043,227044,1,0
227043,227043,227045,2,0
227043,227043,227044,1,0
227043,227043,227044,1,0
227043,227043,227045,2,0
227043,227043,227045,2,0
227043,227043,227045,2,0
227043,227043,227045,2,0
227043,227043,227045,2,0
227043,227043,227045,2,0
227043,227043,227045,2,0
227043,227043,227044,1,0
227043,227043,227044,1,0
227043,227043,227044,1,0
227043,227043,227045,2,0
227043,227043,227044,1,0
227043,227043,227045,2,0
227043,227043,227045,2,0
227043,227043,227045,2,0
227043,227043,227045,2,0
227043,227043,227046,3,0
227043,227043,227046,3,0
227043,227044,227045,1,1
227043,227045,227047,2,2
227043,227045,227046,1,2
227043,227045,227047,2,2
227043,227045,227047,2,2
227043,227045,227047,2,2
227043,227045,227047,2,2
227043,227045,227047,2,2
227043,227045,227047,2,2
227043,227045,227047,2,2
227043,227045,227047,2,2
227043,227045,227047,2,2
227043,227045,227047,2,2
227043,227045,227047,2,2
227043,227045,227047,2,2
227043,227045,227047,2,2
227043,227046,227048,2,3
227043,227045,227048,3,2
227043,227045,227047,2,2
227043,227045,227047,2,2
227043,227046,227048,2,3
227043,227046,227048,2,3
227043,227045,227047,2,2
227043,227046,227047,1,3
227043,227046,227048,2,3
227043,227046,227048,2,3
227043,227047,227049,2,4
227043,227047,227048,1,4
227043,227047,227049,2,4
227043,227047,227048,1,4
227043,227047,227049,2,4
227043,227047,227049,2,4
227043,227047,227049,2,4
227043,227047,227049,2,4
227043,227047,227049,2,4
227043,227047,227049,2,4
227043,227047,227049,2,4
227043,227047,227049,2,4
227043,227047,227049,2,4
227043,227047,227049,2,4
227043,227048,227050,2,5
227043,227048,227050,2,5
227043,227049,227050,1,6
227043,227048,227050,2,5
227043,227048,227050,2,5
227043,227048,227050,2,5
227043,227048,227050,2,5
227043,227048,227050,2,5
227043,227048,227050,2,5
227043,227048,227049,1,5
227043,227049,227050,1,6
227043,227049,227050,1,6
227043,227049,227050,1,6
227043,227049,227050,1,6
227043,227049,227051,2,6
227043,227049,227051,2,6
227043,227049,227051,2,6
227043,227049,227050,1,6
227043,227049,227051,2,6
227043,227050,227051,1,7
227043,227049,227051,2,6
227043,227049,227051,2,6
227043,227049,227050,1,6
227043,227049,227051,2,6
227043,227049,227051,2,6
227043,227051,227052,1,8
227043,227050,227052,2,7
227043,227049,227051,2,6
227043,227050,227052,2,7
227043,227051,227052,1,8
227043,227051,227052,1,8
227043,227051,227052,1,8
227043,227050,227052,2,7
227043,227050,227052,2,7
227043,227050,227052,2,7
227043,227050,227052,2,7
227043,227050,227052,2,7
227043,227050,227051,1,7
227043,227051,227052,1,8
227043,227051,227052,1,8
227043,227051,227052,1,8
227043,227051,227053,2,8
227043,227051,227053,2,8
227043,227051,227052,1,8
227043,227052,227053,1,9
227043,227051,227053,2,8
227043,227052,227053,1,9
227043,227052,227053,1,9
227043,227052,227053,1,9
227043,227052,227053,1,9
227043,227052,227053,1,9
227043,227052,227053,1,9
227043,227052,227054,2,9
227043,227052,227054,2,9
227043,227052,227054,2,9
227043,227053,227054,1,10
227043,227053,227054,1,10
227043,227053,227054,1,10
227043,227053,227054,1,10
227043,227053,227054,1,10
227043,227053,227054,1,10
227043,227053,227054,1,10
227043,227053,227054,1,10
227043,227053,227054,1,10
227043,227053,227055,2,10
227043,227053,227055,2,10
227043,227052,227054,2,9
227043,227054,227055,1,11
227043,227054,227055,1,11
227043,227054,227055,1,11
227043,227054,227055,1,11
227043,227054,227055,1,11
227043,227054,227055,1,11
227043,227054,227055,1,11
227043,227054,227055,1,11
227043,227054,227056,2,11
227043,227054,227056,2,11
227043,227055,227056,1,12
227043,227055,227056,1,12
227043,227055,227056,1,12
227043,227055,227056,1,12
227043,227055,227057,2,12
227043,227055,227056,1,12
227043,227055,227056,1,12
227043,227055,227056,1,12
227043,227055,227056,1,12
227043,227055,227056,1,12
227043,227056,227057,1,13
227043,227055,227057,2,12
227043,227055,227057,2,12
227043,227055,227057,2,12
227043,227056,227057,1,13
227043,227057,227058,1,14
227043,227055,227057,2,12
227043,227056,227057,1,13
227043,227056,227057,1,13
227043,227056,227057,1,13
227043,227056,227057,1,13
227043,227056,227057,1,13
227043,227056,227057,1,13
227043,227056,227058,2,13
227043,227057,227058,1,14
227043,227057,227058,1,14
227043,227057,227058,1,14
227043,227057,227058,1,14
227043,227057,227058,1,14
227043,227057,227059,2,14
227043,227057,227058,1,14
227043,227057,227058,1,14
227043,227057,227058,1,14
227043,227057,227059,2,14
227043,227057,227059,2,14
227043,227057,227058,1,14
227043,227057,227059,2,14
227043,227057,227059,2,14
227043,227058,227059,1,15
227043,227058,227059,1,15
227043,227059,227060,1,16
227043,227058,227059,1,15
227043,227058,227060,2,15
227043,227058,227060,2,15
227043,227058,227059,1,15
227043,227058,227060,2,15
227043,227058,227059,1,15
227043,227058,227059,1,15
227043,227058,227060,2,15
227043,227058,227060,2,15
227043,227059,227060,1,16
227043,227059,227060,1,16
221866,221880,227181,5301,14
227183,227183,227185,2,0
227183,227183,227185,2,0
227183,227183,227184,1,0
227183,227183,227185,2,0
227183,227183,227185,2,0
227183,227183,227185,2,0
227183,227183,227186,3,0
227183,227183,227186,3,0
227183,227183,227186,3,0
227183,227183,227186,3,0
227183,227183,227186,3,0
227183,227183,227186,3,0
227183,227183,227185,2,0
227183,227183,227185,2,0
227183,227183,227185,2,0
227183,227183,227186,3,0
227183,227183,227185,2,0
227183,227183,227185,2,0
227183,227183,227186,3,0
227183,227183,227185,2,0
227183,227183,227186,3,0
227183,227183,227186,3,0
227183,227183,227186,3,0
227183,227185,227187,2,2
227183,227185,227187,2,2
227183,227185,227187,2,2
227183,227185,227187,2,2
227183,227185,227187,2,2
227183,227185,227186,1,2
227183,227183,227187,4,0
227183,227183,227187,4,0
227183,227186,227188,2,3
227183,227186,227188,2,3
227183,227186,227188,2,3
227183,227186,227188,2,3
227183,227186,227187,1,3
227183,227186,227188,2,3
227183,227186,227188,2,3
227183,227186,227188,2,3
227183,227186,227188,2,3
227183,227186,227187,1,3
227183,227186,227188,2,3
227183,227186,227188,2,3
227183,227187,227189,2,4
227183,227186,227188,2,3
227183,227187,227189,2,4
227183,227186,227188,2,3
227183,227187,227189,2,4
227183,227187,227188,1,4
227183,227187,227189,2,4
227183,227187,227189,2,4
227183,227187,227189,2,4
227183,227187,227188,1,4
227183,227188,227190,2,5
227183,227188,227190,2,5
227183,227188,227190,2,5
227183,227187,227189,2,4
227183,227188,227190,2,5
227183,227188,227189,1,5
227183,227188,227190,2,5
227183,227188,227190,2,5
227183,227188,227190,2,5
227183,227188,227190,2,5
227183,227188,227190,2,5
227183,227188,227190,2,5
227183,227188,227190,2,5
227183,227188,227190,2,5
227183,227188,227191,3,5
227183,227189,227190,1,6
227183,227189,227191,2,6
227183,227189,227190,1,6
227183,227189,227190,1,6
227183,227189,227191,2,6
227183,227189,227190,1,6
227183,227189,227190,1,6
227183,227189,227190,1,6
227183,227189,227190,1,6
227183,227189,227192,3,6
227183,227190,227193,3,7
227183,227190,227194,4,7
227183,227190,227193,3,7
227183,227190,227193,3,7
227183,227190,227194,4,7
227183,227190,227193,3,7
227183,227191,227194,3,8
227183,227190,227193,3,7
227183,227190,227193,3,7
227183,227191,227194,3,8
227183,227190,227193,3,7
227183,227190,227193,3,7
227183,227190,227194,4,7
227183,227190,227194,4,7
227183,227190,227194,4,7
227183,227191,227195,4,8
227183,227191,227195,4,8
227183,227191,227195,4,8
227183,227191,227194,3,8
227183,227191,227194,3,8
227183,227191,227195,4,8
227183,227191,227195,4,8
227183,227191,227196,5,8
227183,227191,227196,5,8
227183,227193,227196,3,10
227183,227194,227196,2,11
227183,227194,227197,3,11
227183,227194,227197,3,11
227183,227194,227197,3,11
227183,227194,227197,3,11
227183,227194,227197,3,11
227183,227194,227197,3,11
227183,227194,227197,3,11
227183,227194,227197,3,11
227183,227194,227197,3,11
227183,227194,227197,3,11
227183,227195,227197,2,12
227183,227195,227197,2,12
227183,227195,227197,2,12
227183,227195,227198,3,12
227183,227194,227197,3,11
227183,227195,227198,3,12
227183,227195,227198,3,12
227183,227195,227198,3,12
227183,227196,227198,2,13
227183,227196,227198,2,13
227183,227196,227198,2,13
227183,227196,227199,3,13
227183,227195,227198,3,12
227183,227197,227199,2,14
227183,227197,227199,2,14
227183,227196,227199,3,13
227183,227197,227199,2,14
227183,227197,227199,2,14
227183,227197,227199,2,14
227183,227197,227199,2,14
227183,227198,227199,1,15
227183,227198,227199,1,15
227183,227199,227200,1,16
227183,227198,227200,2,15
227183,227198,227199,1,15
227183,227198,227199,1,15
227183,227198,227199,1,15
227183,227198,227199,1,15
227183,227196,227200,4,13
227183,227198,227200,2,15
227183,227198,227200,2,15
227183,227198,227200,2,15
227183,227198,227200,2,15
227183,227199,227201,2,16
227183,227199,227200,1,16
227183,227199,227200,1,16
227183,227199,227200,1,16
227183,227199,227201,2,16
227183,227199,227201,2,16
227183,227199,227201,2,16
227183,227199,227201,2,16
227183,227200,227201,1,17
227183,227200,227201,1,17
227183,227200,227201,1,17
227183,227200,227201,1,17
227183,227200,227201,1,17
227183,227200,227202,2,17
227183,227200,227201,1,17
227183,227200,227201,1,17
227183,227200,227201,1,17
227183,227200,227201,1,17
227183,227200,227201,1,17
227183,227201,227202,1,18
227183,227200,227202,2,17
227183,227200,227202,2,17
227183,227201,227202,1,18
227183,227200,227203,3,17
227183,227201,227202,1,18
227183,227200,227204,4,17
227183,227201,227205,4,18
227183,227201,227205,4,18
227183,227201,227205,4,18
227183,227201,227205,4,18
227183,227201,227205,4,18
227183,227202,227205,3,19
227183,227202,227205,3,19
227183,227202,227206,4,19
227183,227202,227206,4,19
227183,227202,227205,3,19
227183,227201,227205,4,18
227183,227202,227205,3,19
227183,227202,227206,4,19
227183,227202,227206,4,19
227183,227201,227206,5,18
227183,227202,227206,4,19
227183,227202,227206,4,19
227183,227202,227206,4,19
227183,227202,227206,4,19
227183,227202,227206,4,19
227183,227202,227207,5,19
227183,227204,227207,3,21
227183,227203,227207,4,20
227183,227203,227208,5,20
227183,227203,227207,4,20
227183,227205,227208,3,22
227183,227205,227209,4,22
221810,221824,227247,5423,14
227248,227248,227250,2,0
227248,227248,227250,2,0
227248,227248,227250,2,0
227248,227248,227249,1,0
227248,227248,227250,2,0
227248,227248,227250,2,0
227248,227248,227250,2,0
227248,227248,227250,2,0
227248,227248,227250,2,0
227248,227248,227250,2,0
227248,227248,227249,1,0
227248,227248,227250,2,0
227248,227248,227249,1,0
227248,227248,227250,2,0
227248,227248,227250,2,0
227248,227248,227250,2,0
227248,227248,227250,2,0
227248,227248,227250,2,0
227248,227248,227251,3,0
227248,227248,227251,3,0
227248,227248,227250,2,0
227248,227248,227251,3,0
227248,227248,227251,3,0
227248,227248,227251,3,0
227248,227250,227252,2,2
227248,227250,227252,2,2
227248,227250,227252,2,2
227248,227250,227252,2,2
227248,227250,227252,2,2
227248,227250,227252,2,2
227248,227250,227252,2,2
227248,227250,227252,2,2
227248,227250,227252,2,2
227248,227250,227252,2,2
227248,227250,227252,2,2
227248,227250,227252,2,2
227248,227250,227252,2,2
227248,227250,227252,2,2
227248,227250,227253,3,2
227248,227250,227253,3,2
227248,227250,227252,2,2
227248,227251,227253,2,3
227248,227251,227253,2,3
227248,227252,227253,1,4
227248,227251,227253,2,3
227248,227248,227254,6,0
227248,227251,227254,3,3
227248,227251,227254,3,3
227248,227251,227254,3,3
223441,223454,227255,3801,13
227248,227252,227255,3,4
227248,227252,227255,3,4
227248,227253,227255,2,5
227248,227252,227255,3,4
227248,227252,227255,3,4
227248,227253,227255,2,5
227248,227253,227255,2,5
227248,227253,227255,2,5
227248,227253,227255,2,5
227248,227253,227255,2,5
227248,227254,227255,1,6
227248,227253,227255,2,5
227248,227253,227255,2,5
227248,227253,227255,2,5
227248,227253,227255,2,5
227248,227253,227255,2,5
227248,227255,227256,1,7
227248,227254,227256,2,6
227248,227253,227256,3,5
227248,227253,227256,3,5
223588,223604,227256,3652,16
227248,227254,227256,2,6
227248,227254,227256,2,6
227248,227255,227256,1,7
227248,227254,227256,2,6
227248,227255,227256,1,7
227248,227256,227257,1,8
227248,227256,227257,1,8
227248,227255,227257,2,7
227248,227256,227257,1,8
227248,227256,227257,1,8
227248,227256,227257,1,8
227248,227256,227257,1,8
227248,227256,227257,1,8
227248,227256,227257,1,8
227248,227256,227257,1,8
227248,227256,227257,1,8
227248,227256,227257,1,8
227248,227256,227257,1,8
227248,227256,227257,1,8
227248,227257,227258,1,9
227248,227254,227258,4,6
227248,227257,227258,1,9
227248,227257,227258,1,9
227248,227257,227258,1,9
227248,227258,227259,1,10
227248,227257,227258,1,9
227248,227257,227258,1,9
227248,227257,227258,1,9
227248,227257,227258,1,9
227248,227258,227259,1,10
227248,227257,227258,1,9
227248,227257,227258,1,9
227248,227257,227258,1,9
227248,227258,227259,1,10
227248,227258,227259,1,10
227248,227257,227258,1,9
227248,227258,227259,1,10
227248,227258,227259,1,10
227248,227259,227260,1,11
227248,227259,227260,1,11
227248,227257,227260,3,9
227248,227258,227260,2,10
227248,227258,227259,1,10
227248,227258,227259,1,10
227248,227258,227259,1,10
227248,227258,227259,1,10
227248,227258,227259,1,10
227248,227258,227260,2,10
227248,227259,227260,1,11
227248,227259,227260,1,11
227248,227259,227261,2,11
227248,227259,227260,1,11
227248,227260,227261,1,12
227248,227259,227260,1,11
227248,227260,227261,1,12
227248,227259,227260,1,11
227248,227259,227260,1,11
227248,227259,227260,1,11
227248,227259,227260,1,11
227248,227259,227260,1,11
227248,227259,227260,1,11
227248,227259,227261,2,11
227248,227259,227260,1,11
227248,227259,227261,2,11
227248,227260,227261,1,12
227248,227260,227261,1,12
227248,227261,227262,1,13
227248,227261,227262,1,13
227248,227260,227261,1,12
227248,227260,227262,2,12
227248,227261,227262,1,13
227248,227260,227261,1,12
227248,227260,227261,1,12
227248,227260,227261,1,12
227248,227260,227261,1,12
227248,227260,227261,1,12
227248,227260,227261,1,12
227248,227261,227262,1,13
227248,227261,227262,1,13
227248,227261,227262,1,13
227248,227261,227262,1,13
227248,227261,227262,1,13
227248,227261,227262,1,13
227248,227261,227262,1,13
227248,227261,227262,1,13
227248,227261,227263,2,13
227248,227261,227262,1,13
227248,227261,227262,1,13
227248,227261,227262,1,13
227248,227261,227264,3,13
227248,227262,227264,2,14
227248,227262,227265,3,14
227248,227262,227265,3,14
227248,227262,227265,3,14
227248,227263,227265,2,15
227248,227262,227265,3,14
227248,227262,227265,3,14
227248,227262,227265,3,14
227248,227263,227265,2,15
227248,227263,227266,3,15
227248,227263,227265,2,15
227248,227262,227265,3,14
227248,227262,227265,3,14
227248,227265,227266,1,17
227248,227262,227265,3,14
227248,227262,227266,4,14
227248,227263,227266,3,15
227248,227265,227266,1,17
227248,227262,227265,3,14
227248,227262,227266,4,14
227248,227263,227266,3,15
227248,227263,227265,2,15
227248,227263,227265,2,15
227248,227265,227266,1,17
227248,227262,227265,3,14
227248,227264,227266,2,16
227248,227263,227265,2,15
227248,227265,227266,1,17
227248,227265,227266,1,17
227248,227265,227266,1,17
227248,227263,227266,3,15
227248,227263,227266,3,15
227255,227266,227267,1,11
227255,227266,227267,1,11
227255,227266,227267,1,11
227255,227266,227267,1,11
227248,227265,227267,2,17
227248,227265,227267,2,17
227248,227266,227267,1,18
227255,227266,227268,2,11
227255,227266,227267,1,11
227255,227266,227268,2,11
227255,227266,227267,1,11
227255,227266,227268,2,11
227255,227266,227267,1,11
227255,227266,227268,2,11
227255,227266,227268,2,11
227255,227266,227268,2,11
227255,227266,227268,2,11
227255,227266,227268,2,11
227255,227266,227268,2,11
227255,227266,227268,2,11
227255,227266,227268,2,11
227255,227267,227269,2,12
227255,227267,227269,2,12
227255,227267,227270,3,12
227255,227267,227270,3,12
227255,227267,227270,3,12
227255,227268,227270,2,13
227255,227268,227271,3,13
227255,227267,227270,3,12
227255,227267,227270,3,12
227255,227268,227271,3,13
227255,227268,227271,3,13
227255,227268,227271,3,13
227255,227268,227271,3,13
227255,227268,227271,3,13
227255,227268,227271,3,13
227255,227267,227271,4,12
227255,227269,227271,2,14
227255,227269,227271,2,14
227255,227269,227271,2,14
227255,227269,227271,2,14
227255,227270,227271,1,15
227255,227270,227272,2,15
227255,227268,227271,3,13
227255,227268,227272,4,13
227255,227268,227272,4,13
227255,227270,227272,2,15
227255,227268,227271,3,13
227255,227271,227272,1,16
227255,227270,227272,2,15
227255,227270,227272,2,15
227255,227271,227273,2,16
227255,227271,227273,2,16
227255,227271,227273,2,16
227255,227271,227273,2,16
227255,227272,227273,1,17
227255,227272,227273,1,17
227255,227272,227273,1,17
227255,227272,227273,1,17
227255,227272,227274,2,17
227255,227272,227273,1,17
227255,227272,227273,1,17
227255,227272,227273,1,17
227255,227272,227273,1,17
227255,227272,227273,1,17
227255,227271,227273,2,16
227255,227272,227274,2,17
227255,227273,227274,1,18
227255,227272,227276,4,17
227255,227273,227276,3,18
227255,227272,227276,4,17
227255,227272,227276,4,17
227255,227272,227276,4,17
227255,227273,227276,3,18
227255,227274,227276,2,19
227255,227275,227276,1,20
227255,227274,227276,2,19
227255,227274,227276,2,19
227255,227274,227277,3,19
227255,227274,227276,2,19
227255,227273,227276,3,18
227255,227274,227276,2,19
227255,227274,227276,2,19
227255,227274,227276,2,19
227255,227267,227276,9,12
227255,227273,227277,4,18
227255,227274,227277,3,19
227255,227274,227277,3,19
227255,227275,227277,2,20
227255,227274,227277,3,19
227255,227274,227277,3,19
227255,227274,227277,3,19
227255,227277,227278,1,22
227255,227277,227278,1,22
227255,227273,227277,4,18
227255,227276,227278,2,21
227255,227276,227277,1,21
227255,227277,227278,1,22
227255,227277,227278,1,22
227255,227277,227278,1,22
227255,227277,227278,1,22
227255,227277,227278,1,22
227255,227277,227278,1,22
227255,227277,227278,1,22
227255,227277,227279,2,22
227255,227277,227278,1,22
227255,227277,227278,1,22
227255,227277,227279,2,22
227255,227277,227279,2,22
227255,227277,227279,2,22
227255,227278,227279,1,23
227255,227278,227280,2,23
227255,227278,227281,3,23
227255,227278,227281,3,23
227255,227278,227281,3,23
227255,227278,227281,3,23
227255,227278,227281,3,23
227255,227279,227281,2,24
227255,227279,227282,3,24
227255,227278,227281,3,23
227255,227278,227281,3,23
227255,227278,227281,3,23
227255,227278,227281,3,23
227255,227279,227282,3,24
227255,227279,227282,3,24
227255,227279,227282,3,24
227255,227279,227282,3,24
227255,227280,227282,2,25
227255,227282,227283,1,27
227255,227279,227282,3,24
227255,227280,227282,2,25
227255,227281,227282,1,26
227255,227281,227282,1,26
227255,227281,227282,1,26
227255,227282,227283,1,27
227255,227279,227282,3,24
227255,227279,227282,3,24
227255,227279,227282,3,24
227255,227279,227283,4,24
227255,227279,227282,3,24
227255,227281,227282,1,26
227255,227279,227283,4,24
227255,227282,227283,1,27
227255,227283,227284,1,28
227255,227282,227284,2,27
227255,227282,227284,2,27
227255,227283,227284,1,28
227255,227282,227284,2,27
227255,227282,227283,1,27
227255,227282,227284,2,27
227255,227283,227284,1,28
227255,227283,227284,1,28
227255,227283,227284,1,28
227255,227283,227285,2,28
227255,227283,227285,2,28
227255,227283,227285,2,28
227255,227283,227284,1,28
227255,227283,227284,1,28
227255,227283,227284,1,28
227255,227283,227285,2,28
227255,227283,227284,1,28
227255,227283,227284,1,28
227255,227277,227284,7,22
227255,227283,227285,2,28
227255,227283,227284,1,28
227255,227284,227286,2,29
227255,227284,227286,2,29
227255,227284,227286,2,29
227255,227284,227286,2,29
227255,227285,227286,1,30
227255,227284,227286,2,29
227255,227284,227286,2,29
227255,227285,227287,2,30
227255,227285,227287,2,30
227255,227284,227287,3,29
227255,227284,227287,3,29
227255,227284,227287,3,29
227255,227285,227287,2,30
227255,227287,227288,1,32
227255,227285,227287,2,30
227255,227285,227288,3,30
227255,227285,227287,2,30
227255,227285,227287,2,30
227255,227285,227288,3,30
227255,227286,227287,1,31
227255,227287,227288,1,32
227255,227287,227288,1,32
227255,227285,227288,3,30
227255,227285,227287,2,30
227255,227285,227287,2,30
227255,227285,227287,2,30
227255,227285,227287,2,30
227255,227287,227288,1,32
227255,227285,227288,3,30
227255,227286,227288,2,31
227255,227287,227288,1,32
227257,227288,227289,1,31
227257,227288,227289,1,31
227257,227288,227289,1,31
227257,227287,227289,2,30
227257,227288,227289,1,31
227257,227288,227289,1,31
227257,227289,227290,1,32
227257,227288,227289,1,31
227257,227288,227289,1,31
227257,227288,227290,2,31
227257,227288,227290,2,31
227257,227288,227290,2,31
227257,227288,227289,1,31
227257,227288,227290,2,31
227257,227288,227290,2,31
227257,227288,227289,1,31
227257,227288,227290,2,31
227257,227288,227289,1,31
227257,227288,227290,2,31
227257,227289,227290,1,32
227257,227289,227291,2,32
227257,227289,227291,2,32
227257,227289,227291,2,32
227257,227290,227291,1,33
227257,227290,227292,2,33
227257,227289,227291,2,32
227255,227285,227291,6,30
227257,227289,227291,2,32
227257,227290,227292,2,33
227257,227291,227292,1,34
227257,227290,227292,2,33
227257,227290,227293,3,33
227257,227290,227293,3,33
227257,227290,227293,3,33
227257,227290,227293,3,33
227257,227290,227293,3,33
227257,227291,227293,2,34
227257,227291,227293,2,34
227257,227290,227292,2,33
227257,227290,227293,3,33
227257,227290,227293,3,33
227257,227290,227293,3,33
227257,227290,227293,3,33
227257,227290,227293,3,33
227257,227291,227293,2,34
227257,227292,227293,1,35
227257,227292,227293,1,35
227257,227292,227293,1,35
227257,227292,227294,2,35
227257,227293,227294,1,36
227257,227293,227294,1,36
227257,227293,227294,1,36
227257,227293,227294,1,36
227257,227292,227294,2,35
227257,227293,227295,2,36
227257,227293,227295,2,36
227257,227293,227295,2,36
227257,227293,227295,2,36
227257,227293,227295,2,36
227257,227288,227295,7,31
227257,227293,227295,2,36
227257,227294,227295,1,37
227257,227294,227295,1,37
227257,227294,227295,1,37
227257,227294,227295,1,37
227257,227294,227295,1,37
227257,227294,227295,1,37
227257,227294,227295,1,37
227257,227294,227295,1,37
227257,227294,227295,1,37
227257,227294,227295,1,37
227257,227295,227296,1,38
227257,227295,227296,1,38
227257,227296,227297,1,39
227257,227296,227297,1,39
227257,227295,227296,1,38
227257,227295,227296,1,38
227257,227296,227297,1,39
227257,227295,227297,2,38
227257,227295,227297,2,38
227257,227295,227297,2,38
227257,227296,227297,1,39
227257,227296,227297,1,39
227257,227297,227298,1,40
227257,227297,227298,1,40
227257,227296,227297,1,39
227257,227296,227297,1,39
227257,227296,227297,1,39
227257,227297,227298,1,40
227257,227296,227297,1,39
227257,227296,227297,1,39
227257,227296,227297,1,39
227257,227297,227298,1,40
227257,227295,227297,2,38
227257,227295,227297,2,38
227257,227297,227298,1,40
227257,227297,227298,1,40
227257,227298,227299,1,41
227257,227298,227299,1,41
227257,227296,227298,2,39
227257,227298,227299,1,41
227257,227298,227299,1,41
227257,227292,227299,7,35
227257,227297,227299,2,40
227257,227298,227299,1,41
227257,227298,227299,1,41
227257,227298,227299,1,41
227257,227298,227299,1,41
227257,227298,227299,1,41
227257,227299,227300,1,42
227257,227298,227299,1,41
227257,227298,227299,1,41
227257,227299,227300,1,42
227257,227299,227300,1,42
227257,227298,227299,1,41
227257,227298,227299,1,41
227257,227299,227300,1,42
227257,227298,227300,2,41
227257,227298,227300,2,41
227257,227298,227300,2,41
227257,227298,227300,2,41
227257,227298,227300,2,41
227257,227299,227301,2,42
227257,227299,227301,2,42
227257,227300,227301,1,43
227257,227300,227302,2,43
227257,227299,227301,2,42
227257,227300,227301,1,43
227257,227300,227302,2,43
227257,227300,227302,2,43
227257,227300,227302,2,43
227257,227299,227301,2,42
227257,227300,227302,2,43
227257,227296,227302,6,39
227257,227300,227302,2,43
227257,227300,227302,2,43
227257,227300,227302,2,43
227257,227300,227302,2,43
227257,227300,227302,2,43
227257,227300,227302,2,43
227257,227300,227302,2,43
227257,227302,227303,1,45
227257,227300,227302,2,43
227257,227302,227303,1,45
227257,227302,227303,1,45
227257,227302,227303,1,45
227257,227300,227303,3,43
227257,227300,227303,3,43
227257,227302,227303,1,45
227257,227302,227303,1,45
227257,227302,227303,1,45
227257,227302,227303,1,45
227257,227303,227304,1,46
227257,227303,227304,1,46
227257,227303,227304,1,46
227257,227303,227304,1,46
227257,227303,227304,1,46
227257,227303,227304,1,46
227257,227302,227304,2,45
227257,227302,227304,2,45
227257,227300,227304,4,43
227257,227303,227304,1,46
227257,227303,227304,1,46
227257,227303,227304,1,46
227257,227304,227305,1,47
227257,227303,227304,1,46
227257,227303,227305,2,46
227257,227303,227304,1,46
227257,227304,227305,1,47
227257,227304,227305,1,47
227257,227304,227305,1,47
227257,227304,227305,1,47
227257,227304,227305,1,47
227257,227303,227304,1,46
227257,227299,227305,6,42
227257,227304,227305,1,47
227257,227304,227305,1,47
227257,227305,227306,1,48
227257,227305,227306,1,48
227257,227304,227305,1,47
227257,227304,227305,1,47
227257,227304,227306,2,47
227257,227304,227305,1,47
227257,227304,227306,2,47
227257,227305,227306,1,48
227257,227305,227306,1,48
227257,227305,227306,1,48
227257,227305,227306,1,48
227257,227305,227307,2,48
227257,227304,227307,3,47
227257,227303,227309,6,46
227248,227373,227379,6,125
223784,223810,227524,3714,26
227526,227526,227528,2,0
227526,227526,227528,2,0
227526,227527,227528,1,1
227526,227526,227528,2,0
227526,227526,227528,2,0
227526,227526,227528,2,0
227526,227526,227528,2,0
227526,227527,227528,1,1
227526,227526,227528,2,0
227526,227526,227528,2,0
227526,227526,227528,2,0
227526,227527,227528,1,1
227526,227527,227529,2,1
227526,227526,227529,3,0
227526,227526,227529,3,0
227526,227527,227529,2,1
227526,227526,227529,3,0
227526,227526,227530,4,0
227526,227527,227529,2,1
227526,227526,227529,3,0
227526,227527,227529,2,1
227526,227527,227529,2,1
227526,227527,227530,3,1
227526,227527,227530,3,1
227526,227526,227530,4,0
227526,227529,227530,1,3
227526,227529,227532,3,3
227526,227529,227531,2,3
227526,227529,227531,2,3
227526,227529,227532,3,3
227526,227529,227532,3,3
227526,227529,227532,3,3
227526,227529,227532,3,3
227526,227529,227532,3,3
227526,227529,227532,3,3
227526,227529,227532,3,3
227526,227529,227532,3,3
227526,227530,227532,2,4
227526,227530,227532,2,4
227526,227530,227532,2,4
227526,227530,227533,3,4
227526,227530,227534,4,4
227526,227530,227533,3,4
227526,227530,227534,4,4
227526,227530,227533,3,4
227526,227530,227533,3,4
227526,227532,227534,2,6
227526,227531,227534,3,5
227526,227532,227534,2,6
227526,227532,227534,2,6
227526,227532,227535,3,6
227526,227530,227534,4,4
227526,227532,227534,2,6
227526,227532,227534,2,6
227526,227532,227534,2,6
227526,227532,227535,3,6
227526,227532,227535,3,6
227526,227532,227534,2,6
227526,227532,227535,3,6
227526,227533,227535,2,7
227526,227531,227535,4,5
227526,227531,227535,4,5
227526,227533,227535,2,7
227526,227533,227535,2,7
227526,227534,227536,2,8
227526,227534,227536,2,8
227526,227534,227536,2,8
227526,227534,227536,2,8
227526,227534,227536,2,8
227526,227534,227535,1,8
227526,227531,227536,5,5
227526,227535,227536,1,9
227526,227535,227536,1,9
227526,227535,227536,1,9
227526,227535,227536,1,9
227526,227535,227536,1,9
227526,227535,227537,2,9
227526,227535,227536,1,9
227526,227535,227536,1,9
227526,227535,227536,1,9
227526,227535,227536,1,9
227526,227535,227536,1,9
227526,227535,227538,3,9
227526,227536,227539,3,10
227526,227536,227539,3,10
227526,227536,227539,3,10
227526,227536,227539,3,10
227526,227536,227539,3,10
227526,227536,227539,3,10
227526,227535,227539,4,9
227526,227536,227539,3,10
227526,227536,227539,3,10
227526,227536,227539,3,10
227526,227536,227539,3,10
227526,227535,227539,4,9
227526,227537,227541,4,11
227526,227537,227542,5,11
227526,227537,227542,5,11
227526,227537,227542,5,11
227526,227537,227542,5,11
227526,227537,227541,4,11
227526,227538,227542,4,12
227526,227537,227542,5,11
227526,227537,227542,5,11
227526,227537,227542,5,11
227526,227537,227542,5,11
227526,227537,227542,5,11
227526,227540,227542,2,14
227526,227540,227543,3,14
227526,227537,227542,5,11
227526,227542,227543,1,16
227526,227540,227543,3,14
227526,227540,227543,3,14
227526,227540,227543,3,14
227526,227540,227543,3,14
227526,227540,227542,2,14
227526,227540,227543,3,14
227526,227542,227543,1,16
227526,227542,227543,1,16
227526,227542,227544,2,16
227526,227542,227543,1,16
227526,227542,227543,1,16
227526,227540,227543,3,14
227526,227540,227543,3,14
227526,227540,227543,3,14
227526,227540,227543,3,14
227526,227542,227543,1,16
227526,227542,227544,2,16
227526,227542,227544,2,16
227526,227542,227544,2,16
227526,227543,227544,1,17
227526,227543,227544,1,17
227526,227543,227546,3,17
227526,227543,227546,3,17
227526,227543,227546,3,17
227526,227543,227547,4,17
227526,227544,227547,3,18
227526,227543,227548,5,17
227526,227544,227548,4,18
227526,227543,227548,5,17
227526,227543,227548,5,17
227526,227544,227548,4,18
227526,227543,227548,5,17
227526,227543,227548,5,17
227526,227544,227548,4,18
227526,227544,227548,4,18
227526,227544,227548,4,18
227526,227544,227549,5,18
227526,227544,227548,4,18
227526,227545,227550,5,19
227526,227544,227550,6,18
227526,227544,227550,6,18
227526,227544,227550,6,18
227526,227545,227551,6,19
227526,227544,227551,7,18
227526,227544,227551,7,18
227526,227544,227551,7,18
227526,227548,227551,3,22
227526,227547,227551,4,21
227526,227547,227552,5,21
227526,227547,227551,4,21
227526,227548,227552,4,22
227526,227548,227552,4,22
227526,227549,227552,3,23
227526,227549,227552,3,23
227526,227546,227552,6,20
227526,227550,227552,2,24
227526,227550,227552,2,24
227526,227549,227552,3,23
227526,227549,227553,4,23
227526,227549,227552,3,23
227526,227549,227552,3,23
227526,227550,227552,2,24
227526,227551,227553,2,25
227526,227548,227553,5,22
227526,227549,227553,4,23
227526,227551,227553,2,25
227526,227550,227552,2,24
227526,227548,227552,4,22
227526,227548,227552,4,22
227526,227551,227553,2,25
227526,227552,227553,1,26
227526,227552,227553,1,26
227526,227552,227554,2,26
227526,227552,227554,2,26
227526,227552,227554,2,26
227526,227553,227554,1,27
227526,227553,227554,1,27
227526,227553,227555,2,27
227526,227553,227554,1,27
227526,227552,227555,3,26
227526,227552,227555,3,26
227526,227553,227555,2,27
227526,227553,227555,2,27
227526,227553,227555,2,27
227526,227553,227555,2,27
227526,227552,227555,3,26
227526,227552,227555,3,26
227526,227553,227555,2,27
227526,227553,227555,2,27
224213,224227,227839,3612,14
227840,227840,227841,1,0
227840,227840,227841,1,0
227840,227840,227842,2,0
227840,227840,227842,2,0
227840,227840,227841,1,0
227840,227840,227842,2,0
227840,227840,227841,1,0
227840,227840,227842,2,0
227840,227840,227841,1,0
227840,227840,227841,1,0
227840,227840,227841,1,0
227840,227840,227842,2,0
227840,227840,227841,1,0
227840,227840,227842,2,0
227840,227840,227842,2,0
227840,227840,227842,2,0
227840,227840,227842,2,0
227840,227840,227843,3,0
227840,227840,227843,3,0
227840,227840,227842,2,0
227840,227840,227843,3,0
227840,227840,227843,3,0
227840,227840,227843,3,0
227840,227841,227842,1,1
227840,227840,227842,2,0
227840,227840,227843,3,0
227840,227842,227843,1,2
227840,227842,227844,2,2
227840,227842,227844,2,2
227840,227842,227844,2,2
227840,227842,227844,2,2
227840,227842,227844,2,2
227840,227842,227844,2,2
227840,227842,227844,2,2
227840,227842,227844,2,2
227840,227842,227844,2,2
227840,227842,227844,2,2
227840,227842,227844,2,2
227840,227842,227844,2,2
227840,227842,227844,2,2
227840,227843,227845,2,3
227840,227843,227845,2,3
227840,227842,227844,2,2
227840,227843,227844,1,3
227840,227843,227845,2,3
227840,227843,227845,2,3
227840,227844,227845,1,4
227840,227843,227845,2,3
227840,227843,227846,3,3
227840,227843,227846,3,3
227840,227843,227846,3,3
227840,227844,227846,2,4
227840,227844,227846,2,4
227840,227844,227846,2,4
227840,227844,227846,2,4
227840,227844,227846,2,4
227840,227844,227846,2,4
227840,227844,227846,2,4
227840,227844,227846,2,4
227840,227843,227846,3,3
227840,227844,227846,2,4
227840,227844,227846,2,4
227840,227844,227846,2,4
227840,227844,227846,2,4
227840,227845,227847,2,5
227840,227845,227847,2,5
227840,227846,227847,1,6
227840,227845,227847,2,5
227840,227847,227848,1,7
227840,227846,227848,2,6
227840,227845,227847,2,5
227840,227846,227847,1,6
227840,227845,227848,3,5
227840,227847,227848,1,7
227840,227845,227848,3,5
227840,227846,227848,2,6
227840,227846,227848,2,6
227840,227846,227848,2,6
227840,227846,227848,2,6
227840,227847,227848,1,7
227840,227847,227848,1,7
227840,227847,227848,1,7
227840,227846,227848,2,6
227840,227847,227848,1,7
227840,227847,227848,1,7
227840,227847,227848,1,7
227840,227847,227848,1,7
227840,227848,227849,1,8
227840,227848,227849,1,8
227840,227848,227849,1,8
227840,227848,227849,1,8
227840,227848,227850,2,8
227840,227848,227850,2,8
227840,227849,227850,1,9
227840,227848,227850,2,8
227840,227848,227850,2,8
227840,227848,227850,2,8
227840,227848,227850,2,8
227840,227848,227850,2,8
227840,227848,227850,2,8
227840,227849,227850,1,9
227840,227849,227850,1,9
227840,227849,227850,1,9
227840,227849,227850,1,9
227840,227849,227850,1,9
227840,227849,227850,1,9
227840,227849,227850,1,9
227840,227849,227850,1,9
227840,227849,227850,1,9
227840,227849,227850,1,9
227840,227849,227850,1,9
227840,227849,227850,1,9
227840,227849,227851,2,9
227840,227848,227851,3,8
227840,227850,227851,1,10
227840,227850,227852,2,10
227840,227850,227852,2,10
227840,227851,227853,2,11
227840,227851,227852,1,11
227840,227851,227853,2,11
227840,227850,227852,2,10
227840,227851,227853,2,11
227840,227851,227853,2,11
227840,227851,227853,2,11
227840,227851,227853,2,11
227840,227851,227853,2,11
227840,227850,227853,3,10
227840,227850,227853,3,10
227840,227852,227853,1,12
227840,227850,227853,3,10
227840,227850,227853,3,10
227840,227850,227853,3,10
227840,227850,227853,3,10
227840,227851,227853,2,11
227840,227852,227853,1,12
227840,227851,227853,2,11
227840,227851,227853,2,11
227840,227851,227853,2,11
227840,227852,227854,2,12
227840,227851,227853,2,11
227840,227853,227854,1,13
227840,227853,227854,1,13
227840,227853,227854,1,13
227840,227851,227853,2,11
227840,227852,227854,2,12
227840,227853,227854,1,13
227840,227854,227855,1,14
227840,227853,227854,1,13
227840,227853,227854,1,13
227840,227853,227854,1,13
227840,227853,227854,1,13
227840,227853,227854,1,13
227840,227854,227855,1,14
227840,227853,227855,2,13
227840,227853,227854,1,13
227840,227853,227854,1,13
227840,227853,227855,2,13
227840,227853,227855,2,13
227840,227854,227855,1,14
227840,227854,227855,1,14
227840,227854,227856,2,14
227840,227854,227855,1,14
227840,227854,227855,1,14
227840,227854,227855,1,14
227840,227854,227855,1,14
227840,227854,227855,1,14
227840,227854,227857,3,14
227840,227854,227856,2,14
227840,227854,227856,2,14
227840,227855,227857,2,15
227840,227855,227857,2,15
227840,227856,227858,2,16
227840,227855,227857,2,15
227840,227855,227857,2,15
227840,227855,227857,2,15
227840,227856,227858,2,16
227840,227856,227857,1,16
227840,227855,227858,3,15
227840,227855,227857,2,15
227840,227855,227858,3,15
227840,227855,227857,2,15
227840,227855,227857,2,15
227840,227856,227858,2,16
227840,227856,227858,2,16
227840,227855,227858,3,15
227840,227855,227858,3,15
227840,227856,227858,2,16
227840,227856,227858,2,16
227840,227857,227859,2,17
227840,227856,227858,2,16
227840,227856,227858,2,16
227840,227856,227859,3,16
227840,227857,227859,2,17
223465,223479,228581,5102,14
228583,228583,228584,1,0
228583,228583,228584,1,0
228583,228583,228584,1,0
228583,228583,228585,2,0
228583,228583,228584,1,0
228583,228583,228584,1,0
228583,228583,228584,1,0
228583,228583,228584,1,0
228583,228583,228584,1,0
228583,228583,228584,1,0
228583,228583,228584,1,0
228583,228583,228584,1,0
228583,228583,228585,2,0
228583,228583,228584,1,0
228583,228583,228584,1,0
228583,228583,228584,1,0
228583,228583,228584,1,0
228583,228583,228584,1,0
228583,228583,228586,3,0
228583,228583,228585,2,0
228583,228583,228586,3,0
228583,228583,228586,3,0
228583,228583,228585,2,0
228583,228583,228586,3,0
228583,228585,228586,1,2
228583,228585,228586,1,2
228583,228585,228586,1,2
228583,228585,228587,2,2
228583,228583,228586,3,0
228583,228585,228586,1,2
228583,228585,228586,1,2
228583,228585,228586,1,2
228583,228585,228586,1,2
228583,228585,228586,1,2
228583,228585,228587,2,2
228583,228585,228587,2,2
228583,228585,228587,2,2
228583,228585,228587,2,2
228583,228585,228586,1,2
228583,228585,228587,2,2
228583,228585,228587,2,2
228583,228585,228587,2,2
228583,228585,228587,2,2
228583,228586,228588,2,3
228583,228586,228588,2,3
228583,228587,228588,1,4
228583,228586,228588,2,3
228583,228587,228589,2,4
228583,228587,228588,1,4
228583,228587,228588,1,4
228583,228587,228588,1,4
228583,228587,228588,1,4
228583,228587,228588,1,4
228583,228587,228588,1,4
228583,228587,228589,2,4
228583,228587,228589,2,4
228583,228586,228588,2,3
228583,228586,228588,2,3
228583,228586,228588,2,3
228583,228587,228589,2,4
228583,228587,228588,1,4
228583,228587,228588,1,4
228583,228587,228589,2,4
228583,228587,228589,2,4
228583,228587,228589,2,4
228583,228588,228589,1,5
228583,228588,228590,2,5
228583,228587,228589,2,4
228583,228589,228591,2,6
228583,228589,228591,2,6
228583,228589,228591,2,6
228583,228589,228591,2,6
228583,228589,228591,2,6
228583,228589,228591,2,6
228583,228589,228591,2,6
228583,228589,228591,2,6
228583,228589,228591,2,6
228583,228589,228591,2,6
228583,228589,228591,2,6
228583,228589,228591,2,6
228583,228589,228590,1,6
228583,228589,228591,2,6
228583,228589,228591,2,6
228583,228589,228591,2,6
228583,228589,228591,2,6
228583,228589,228592,3,6
228583,228589,228591,2,6
228583,228591,228592,1,8
228583,228589,228592,3,6
228583,228589,228591,2,6
228583,228590,228592,2,7
228583,228591,228592,1,8
228583,228591,228592,1,8
228583,228591,228592,1,8
228583,228590,228592,2,7
228583,228590,228591,1,7
228583,228590,228592,2,7
228583,228591,228592,1,8
228583,228592,228593,1,9
228583,228591,228592,1,8
228583,228591,228593,2,8
228583,228591,228593,2,8
228583,228591,228593,2,8
228583,228591,228593,2,8
228583,228592,228593,1,9
228583,228591,228592,1,8
228583,228591,228593,2,8
228583,228592,228593,1,9
228583,228591,228593,2,8
228583,228591,228593,2,8
228583,228591,228593,2,8
228583,228591,228593,2,8
228583,228592,228593,1,9
228583,228592,228594,2,9
228583,228593,228594,1,10
228583,228591,228593,2,8
228583,228592,228594,2,9
228583,228592,228594,2,9
228583,228592,228594,2,9
228583,228592,228594,2,9
228583,228592,228594,2,9
228583,228592,228594,2,9
228583,228592,228594,2,9
228583,228593,228595,2,10
228583,228593,228595,2,10
228583,228593,228595,2,10
228583,228594,228595,1,11
228583,228594,228595,1,11
228583,228594,228595,1,11
228583,228594,228595,1,11
228583,228594,228596,2,11
228583,228594,228595,1,11
228583,228594,228595,1,11
228583,228594,228595,1,11
228583,228594,228595,1,11
228583,228594,228595,1,11
228583,228594,228596,2,11
228583,228594,228596,2,11
228583,228594,228595,1,11
228583,228594,228596,2,11
228583,228594,228596,2,11
228583,228594,228596,2,11
228583,228596,228597,1,13
228583,228594,228596,2,11
228583,228595,228596,1,12
228583,228595,228596,1,12
228583,228595,228596,1,12
228583,228594,228597,3,11
228583,228596,228597,1,13
228583,228596,228597,1,13
228583,228597,228598,1,14
228583,228596,228597,1,13
228583,228596,228597,1,13
228583,228596,228597,1,13
228583,228597,228598,1,14
228583,228596,228597,1,13
228583,228596,228597,1,13
228583,228596,228597,1,13
228583,228596,228597,1,13
228583,228596,228597,1,13
228583,228596,228598,2,13
228583,228596,228598,2,13
228583,228596,228598,2,13
228583,228596,228597,1,13
228583,228596,228598,2,13
228583,228596,228598,2,13
228583,228596,228598,2,13
228583,228598,228599,1,15
228583,228598,228599,1,15
228583,228597,228598,1,14
228583,228597,228598,1,14
228583,228597,228599,2,14
228583,228598,228599,1,15
228583,228598,228599,1,15
228583,228597,228599,2,14
228583,228598,228599,1,15
228583,228598,228599,1,15
228583,228598,228599,1,15
228583,228598,228599,1,15
228583,228598,228599,1,15
228583,228598,228599,1,15
228583,228598,228599,1,15
228583,228598,228599,1,15
228583,228598,228599,1,15
228583,228598,228599,1,15
228583,228597,228599,2,14
228583,228598,228600,2,15
228583,228598,228600,2,15
228583,228598,228600,2,15
228583,228599,228600,1,16
228583,228599,228600,1,16
228583,228599,228600,1,16
228583,228599,228600,1,16
228583,228598,228600,2,15
228583,228599,228601,2,16
223619,223640,228609,4969,21
228612,228612,228613,1,0
228612,228612,228613,1,0
228612,228612,228613,1,0
228612,228612,228614,2,0
228612,228612,228614,2,0
228612,228612,228614,2,0
228612,228612,228614,2,0
228612,228612,228613,1,0
228612,228612,228613,1,0
228612,228612,228613,1,0
228612,228612,228613,1,0
228612,228612,228613,1,0
228612,228612,228613,1,0
228612,228612,228613,1,0
228612,228612,228614,2,0
228612,228612,228614,2,0
228612,228612,228614,2,0
228612,228612,228613,1,0
228612,228612,228613,1,0
228612,228612,228614,2,0
228612,228612,228615,3,0
228612,228612,228614,2,0
228612,228612,228614,2,0
228612,228613,228614,1,1
228612,228613,228614,1,1
228612,228614,228616,2,2
228612,228614,228616,2,2
228612,228614,228616,2,2
228612,228615,228617,2,3
228612,228614,228617,3,2
228612,228614,228617,3,2
228612,228614,228616,2,2
228612,228614,228616,2,2
228612,228614,228616,2,2
228612,228614,228617,3,2
228612,228614,228617,3,2
228612,228614,228617,3,2
228612,228614,228617,3,2
228612,228614,228616,2,2
228612,228614,228616,2,2
228612,228614,228616,2,2
228612,228615,228617,2,3
228612,228614,228616,2,2
228612,228614,228616,2,2
228612,228615,228616,1,3
228612,228615,228617,2,3
228612,228615,228617,2,3
228612,228616,228617,1,4
228612,228615,228617,2,3
228612,228616,228618,2,4
228612,228616,228618,2,4
228612,228612,228618,6,0
228612,228617,228619,2,5
228612,228617,228619,2,5
228612,228617,228619,2,5
228612,228617,228619,2,5
228612,228617,228619,2,5
228612,228617,228619,2,5
228612,228617,228619,2,5
228612,228618,228619,1,6
228612,228617,228619,2,5
228612,228617,228619,2,5
228612,228618,228619,1,6
228612,228617,228619,2,5
228612,228617,228619,2,5
228612,228617,228619,2,5
228612,228617,228619,2,5
228612,228617,228619,2,5
228612,228617,228619,2,5
228612,228617,228619,2,5
228612,228617,228619,2,5
228612,228617,228619,2,5
228612,228618,228619,1,6
228612,228618,228620,2,6
228612,228612,228620,8,0
228612,228619,228620,1,7
228612,228619,228620,1,7
228612,228619,228620,1,7
228612,228619,228620,1,7
228612,228619,228620,1,7
228612,228618,228620,2,6
228612,228619,228621,2,7
228612,228619,228621,2,7
228612,228619,228620,1,7
228612,228619,228620,1,7
228612,228619,228620,1,7
228612,228619,228620,1,7
228612,228619,228620,1,7
228612,228620,228621,1,8
228612,228619,228620,1,7
228612,228619,228621,2,7
228612,228619,228621,2,7
228612,228619,228621,2,7
228612,228619,228620,1,7
228612,228619,228621,2,7
228612,228619,228621,2,7
228612,228620,228621,1,8
228612,228620,228621,1,8
228612,228620,228621,1,8
228612,228620,228621,1,8
228612,228620,228621,1,8
228612,228620,228622,2,8
228612,228621,228622,1,9
228612,228620,228622,2,8
228612,228621,228623,2,9
228612,228621,228622,1,9
228612,228621,228623,2,9
228612,228621,228622,1,9
228612,228621,228622,1,9
228612,228621,228623,2,9
228612,228622,228623,1,10
228612,228622,228623,1,10
228612,228622,228623,1,10
228612,228622,228623,1,10
228612,228622,228623,1,10
228612,228622,228623,1,10
228612,228622,228623,1,10
228612,228622,228623,1,10
228612,228622,228623,1,10
228612,228622,228623,1,10
228612,228622,228623,1,10
228612,228622,228623,1,10
228612,228622,228623,1,10
228612,228623,228624,1,11
228612,228623,228624,1,11
228612,228623,228624,1,11
228612,228624,228625,1,12
228612,228623,228625,2,11
228612,228623,228625,2,11
228612,228623,228624,1,11
228612,228623,228624,1,11
228612,228623,228625,2,11
228612,228624,228625,1,12
228612,228624,228625,1,12
228612,228624,228625,1,12
228612,228624,228625,1,12
228612,228624,228625,1,12
228612,228624,228626,2,12
228612,228624,228625,1,12
228612,228624,228625,1,12
228612,228624,228625,1,12
228612,228624,228625,1,12
228612,228623,228625,2,11
228612,228624,228626,2,12
228612,228619,228625,6,7
228612,228623,228625,2,11
228612,228625,228626,1,13
228612,228625,228626,1,13
228612,228625,228626,1,13
228612,228625,228626,1,13
228612,228625,228626,1,13
228612,228626,228627,1,14
228612,228624,228626,2,12
228612,228626,228627,1,14
228612,228625,228627,2,13
228612,228625,228627,2,13
228612,228625,228627,2,13
228612,228625,228627,2,13
228612,228620,228627,7,8
228612,228627,228628,1,15
228612,228627,228628,1,15
228612,228626,228627,1,14
228612,228626,228627,1,14
228612,228626,228627,1,14
228612,228626,228627,1,14
228612,228626,228627,1,14
228612,228626,228627,1,14
228612,228626,228627,1,14
228612,228626,228627,1,14
228612,228626,228627,1,14
228612,228627,228628,1,15
228612,228626,228628,2,14
228612,228627,228628,1,15
228612,228626,228628,2,14
228612,228627,228628,1,15
228612,228627,228628,1,15
228612,228628,228629,1,16
228612,228628,228629,1,16
228612,228628,228629,1,16
228612,228627,228628,1,15
228612,228628,228629,1,16
228612,228628,228629,1,16
228612,228627,228629,2,15
228612,228628,228629,1,16
228612,228627,228629,2,15
228612,228627,228629,2,15
228612,228628,228629,1,16
228612,228628,228629,1,16
228612,228628,228629,1,16
228612,228628,228629,1,16
228612,228628,228629,1,16
228612,228628,228629,1,16
228612,228628,228629,1,16
228612,228628,228630,2,16
228612,228627,228633,6,15
228612,228628,228634,6,16
220131,220131,228780,8649,0
225485,225503,229037,3534,18
229039,229039,229040,1,0
229039,229039,229040,1,0
229039,229039,229040,1,0
229039,229039,229040,1,0
229039,229039,229040,1,0
229039,229039,229040,1,0
229039,229039,229041,2,0
229039,229039,229040,1,0
229039,229039,229040,1,0
229039,229039,229040,1,0
229039,229039,229040,1,0
229039,229039,229040,1,0
229039,229039,229040,1,0
229039,229039,229041,2,0
229039,229039,229041,2,0
229039,229039,229041,2,0
229039,229039,229040,1,0
229039,229039,229041,2,0
229039,229039,229041,2,0
229039,229039,229042,3,0
229039,229039,229042,3,0
229039,229039,229041,2,0
229039,229039,229041,2,0
229039,229040,229041,1,1
229039,229040,229042,2,1
229039,229040,229041,1,1
229039,229039,229041,2,0
229039,229039,229041,2,0
229039,229040,229041,1,1
229039,229040,229041,1,1
229039,229041,229042,1,2
229039,229041,229043,2,2
229039,229041,229043,2,2
229039,229041,229043,2,2
229039,229041,229043,2,2
229039,229041,229042,1,2
229039,229041,229043,2,2
229039,229041,229043,2,2
229039,229041,229043,2,2
229039,229041,229043,2,2
229039,229041,229043,2,2
229039,229041,229042,1,2
229039,229042,229044,2,3
229039,229042,229044,2,3
229039,229042,229044,2,3
229039,229042,229044,2,3
229039,229042,229044,2,3
229039,229042,229044,2,3
229039,229042,229044,2,3
229039,229042,229044,2,3
229039,229042,229044,2,3
229039,229042,229043,1,3
229039,229042,229044,2,3
229039,229043,229044,1,4
229039,229042,229044,2,3
229039,229042,229044,2,3
229039,229043,229045,2,4
229039,229043,229045,2,4
229039,229043,229045,2,4
229039,229043,229045,2,4
229039,229043,229045,2,4
229039,229043,229045,2,4
229039,229043,229045,2,4
229039,229043,229045,2,4
229039,229043,229045,2,4
229039,229044,229045,1,5
229039,229043,229045,2,4
229039,229044,229045,1,5
229039,229044,229045,1,5
229039,229045,229046,1,6
229039,229044,229045,1,5
229039,229044,229046,2,5
229039,229043,229045,2,4
229039,229044,229046,2,5
229039,229044,229045,1,5
229039,229045,229046,1,6
229039,229045,229046,1,6
229039,229044,229045,1,5
229039,229044,229045,1,5
229039,229045,229046,1,6
229039,229045,229046,1,6
229039,229045,229046,1,6
229039,229044,229046,2,5
229039,229045,229046,1,6
229039,229045,229046,1,6
229039,229045,229046,1,6
229039,229045,229046,1,6
229039,229045,229047,2,6
229039,229045,229047,2,6
229039,229046,229047,1,7
229039,229046,229047,1,7
229039,229046,229047,1,7
229039,229045,229046,1,6
229039,229045,229046,1,6
229039,229045,229047,2,6
229039,229045,229047,2,6
229039,229045,229047,2,6
229039,229047,229048,1,8
229039,229047,229048,1,8
229039,229046,229048,2,7
229039,229046,229048,2,7
229039,229046,229048,2,7
229039,229046,229048,2,7
229039,229046,229047,1,7
229039,229046,229047,1,7
229039,229046,229047,1,7
229039,229046,229048,2,7
229039,229047,229048,1,8
229039,229046,229048,2,7
229039,229046,229047,1,7
229039,229046,229048,2,7
229039,229047,229048,1,8
229039,229048,229049,1,9
229039,229048,229049,1,9
229039,229047,229048,1,8
229039,229047,229048,1,8
229039,229047,229049,2,8
229039,229048,229049,1,9
229039,229047,229048,1,8
229039,229048,229049,1,9
229039,229049,229050,1,10
229039,229047,229049,2,8
229039,229048,229049,1,9
229039,229048,229049,1,9
229039,229048,229049,1,9
229039,229048,229049,1,9
229039,229049,229050,1,10
229039,229049,229050,1,10
229039,229048,229050,2,9
229039,229048,229050,2,9
229039,229048,229050,2,9
229039,229049,229050,1,10
229039,229049,229050,1,10
229039,229049,229050,1,10
229039,229049,229050,1,10
229039,229049,229050,1,10
229039,229049,229050,1,10
229039,229049,229050,1,10
229039,229049,229050,1,10
229039,229050,229051,1,11
229039,229049,229051,2,10
229039,229049,229051,2,10
229039,229049,229051,2,10
229039,229050,229051,1,11
229039,229049,229051,2,10
229039,229050,229051,1,11
229039,229051,229052,1,12
229039,229050,229051,1,11
229039,229050,229051,1,11
229039,229051,229052,1,12
229039,229050,229051,1,11
229039,229050,229051,1,11
229039,229050,229051,1,11
229039,229051,229052,1,12
229039,229051,229052,1,12
229039,229050,229052,2,11
229039,229050,229052,2,11
229039,229050,229052,2,11
229039,229051,229052,1,12
229039,229051,229052,1,12
229039,229051,229052,1,12
229039,229051,229052,1,12
229039,229051,229052,1,12
229039,229052,229053,1,13
229039,229051,229053,2,12
229039,229051,229053,2,12
229039,229051,229053,2,12
229039,229051,229052,1,12
229039,229051,229053,2,12
229039,229052,229053,1,13
229039,229052,229053,1,13
229039,229052,229053,1,13
229039,229053,229054,1,14
229039,229053,229054,1,14
229039,229052,229053,1,13
229039,229052,229053,1,13
229039,229052,229053,1,13
229039,229053,229054,1,14
229039,229052,229053,1,13
229039,229052,229053,1,13
229039,229052,229053,1,13
229039,229052,229053,1,13
229039,229052,229053,1,13
229039,229053,229054,1,14
229039,229052,229054,2,13
229039,229052,229054,2,13
229039,229052,229054,2,13
229039,229053,229054,1,14
229039,229053,229054,1,14
229039,229053,229055,2,14
229039,229053,229055,2,14
229039,229053,229055,2,14
229039,229053,229054,1,14
229039,229053,229054,1,14
225253,225266,229058,3792,13
229065,229065,229067,2,0
229065,229065,229066,1,0
229065,229065,229066,1,0
229065,229065,229067,2,0
229065,229065,229066,1,0
229065,229065,229066,1,0
229065,229065,229066,1,0
229065,229065,229067,2,0
229065,229065,229067,2,0
229065,229065,229067,2,0
229065,229065,229067,2,0
229065,229065,229067,2,0
229065,229065,229067,2,0
229065,229065,229067,2,0
229065,229065,229068,3,0
229065,229065,229067,2,0
229065,229065,229067,2,0
229065,229065,229067,2,0
229065,229065,229067,2,0
229065,229065,229067,2,0
229065,229065,229068,3,0
229065,229065,229067,2,0
229065,229065,229067,2,0
229065,229067,229069,2,2
229065,229067,229070,3,2
229065,229067,229070,3,2
229065,229068,229071,3,3
229065,229068,229071,3,3
229065,229067,229070,3,2
229065,229067,229070,3,2
229065,229068,229071,3,3
229065,229068,229071,3,3
229065,229067,229070,3,2
229065,229067,229071,4,2
229065,229067,229070,3,2
229065,229067,229070,3,2
229065,229067,229070,3,2
229065,229068,229070,2,3
229065,229068,229071,3,3
229065,229068,229071,3,3
229065,229068,229071,3,3
229065,229068,229071,3,3
229065,229068,229071,3,3
229065,229068,229071,3,3
229065,229068,229071,3,3
229065,229068,229071,3,3
229065,229070,229071,1,5
229065,229070,229072,2,5
229065,229070,229072,2,5
229065,229071,229073,2,6
229065,229065,229072,7,0
229065,229071,229073,2,6
229065,229071,229073,2,6
229065,229071,229072,1,6
229065,229071,229073,2,6
229065,229071,229073,2,6
229065,229071,229073,2,6
229065,229071,229073,2,6
229065,229071,229073,2,6
229065,229071,229073,2,6
229065,229071,229073,2,6
229065,229071,229073,2,6
229065,229071,229073,2,6
229065,229071,229073,2,6
229065,229071,229073,2,6
229065,229065,229074,9,0
229065,229071,229073,2,6
229065,229071,229073,2,6
229065,229071,229073,2,6
229065,229072,229075,3,7
229065,229071,229074,3,6
229065,229072,229075,3,7
229065,229072,229074,2,7
229065,229073,229075,2,8
229065,229073,229075,2,8
229065,229073,229075,2,8
229065,229072,229075,3,7
229065,229073,229075,2,8
229065,229073,229075,2,8
229065,229073,229076,3,8
229065,229073,229075,2,8
229065,229073,229075,2,8
229065,229073,229075,2,8
229065,229074,229076,2,9
229065,229073,229075,2,8
229065,229074,229076,2,9
229065,229073,229075,2,8
229065,229075,229076,1,10
229065,229075,229076,1,10
229065,229074,229075,1,9
229065,229075,229076,1,10
229065,229073,229076,3,8
229065,229073,229076,3,8
229065,229074,229076,2,9
229065,229073,229076,3,8
229065,229075,229076,1,10
229065,229076,229077,1,11
229065,229076,229077,1,11
229065,229075,229077,2,10
229065,229076,229077,1,11
229065,229075,229077,2,10
229065,229075,229077,2,10
229065,229076,229077,1,11
229065,229076,229077,1,11
229065,229076,229077,1,11
229065,229076,229078,2,11
229065,229076,229078,2,11
229065,229076,229078,2,11
229065,229077,229078,1,12
229065,229077,229079,2,12
229065,229077,229079,2,12
229065,229076,229079,3,11
229065,229076,229079,3,11
229065,229076,229079,3,11
229065,229077,229079,2,12
229065,229077,229079,2,12
229065,229077,229079,2,12
229065,229077,229079,2,12
229065,229077,229079,2,12
229065,229076,229079,3,11
229065,229073,229080,7,8
229065,229074,229080,6,9
229065,229077,229079,2,12
229065,229078,229081,3,13
229065,229079,229081,2,14
229065,229079,229081,2,14
229065,229079,229081,2,14
229065,229080,229082,2,15
229065,229078,229081,3,13
229065,229078,229081,3,13
229065,229078,229081,3,13
229065,229078,229081,3,13
229065,229078,229081,3,13
229065,229079,229081,2,14
229065,229081,229082,1,16
229065,229078,229082,4,13
229065,229080,229082,2,15
229065,229080,229082,2,15
229065,229078,229082,4,13
229065,229079,229081,2,14
229065,229081,229082,1,16
229065,229079,229082,3,14
229065,229079,229082,3,14
229065,229079,229082,3,14
229065,229080,229082,2,15
229065,229082,229083,1,17
229065,229082,229083,1,17
229065,229080,229082,2,15
229065,229080,229082,2,15
229065,229080,229082,2,15
229065,229082,229083,1,17
229065,229082,229083,1,17
229065,229082,229083,1,17
229065,229082,229083,1,17
229065,229082,229083,1,17
229065,229082,229083,1,17
229065,229082,229083,1,17
229065,229082,229083,1,17
229065,229082,229083,1,17
229065,229082,229083,1,17
229065,229082,229084,2,17
229065,229082,229084,2,17
229065,229082,229084,2,17
229065,229082,229084,2,17
229065,229082,229084,2,17
229065,229082,229084,2,17
229065,229082,229084,2,17
229065,229082,229085,3,17
229065,229083,229085,2,18
229065,229084,229086,2,19
229065,229083,229086,3,18
229065,229084,229086,2,19
229065,229084,229086,2,19
229065,229084,229086,2,19
229065,229084,229086,2,19
229065,229083,229086,3,18
229065,229083,229086,3,18
229065,229083,229086,3,18
229065,229085,229086,1,20
229065,229084,229086,2,19
229065,229086,229087,1,21
229065,229086,229087,1,21
229065,229084,229087,3,19
229065,229086,229087,1,21
229065,229086,229087,1,21
229065,229084,229087,3,19
229065,229085,229087,2,20
229065,229084,229087,3,19
229065,229083,229086,3,18
229065,229084,229087,3,19
229065,229084,229087,3,19
229065,229080,229087,7,15
229065,229085,229087,2,20
229065,229085,229087,2,20
229065,229085,229087,2,20
229065,229085,229087,2,20
229065,229086,229087,1,21
229065,229080,229088,8,15
223658,223676,229142,5466,18
229143,229143,229147,4,0
229143,229143,229147,4,0
229143,229143,229146,3,0
229143,229143,229147,4,0
229143,229143,229147,4,0
229143,229143,229147,4,0
229143,229143,229146,3,0
229143,229143,229147,4,0
229143,229143,229147,4,0
229143,229143,229147,4,0
229143,229143,229147,4,0
229143,229143,229147,4,0
229143,229143,229147,4,0
229143,229143,229147,4,0
229143,229143,229147,4,0
229143,229143,229147,4,0
229143,229143,229147,4,0
229143,229143,229147,4,0
229143,229143,229147,4,0
229143,229143,229147,4,0
229143,229143,229149,6,0
229143,229146,229149,3,3
229143,229146,229149,3,3
229143,229147,229150,3,4
229143,229147,229150,3,4
229143,229147,229150,3,4
229143,229143,229150,7,0
229143,229143,229149,6,0
229143,229147,229151,4,4
229143,229147,229150,3,4
229143,229147,229151,4,4
229143,229148,229151,3,5
229143,229147,229151,4,4
229143,229147,229150,3,4
229143,229147,229150,3,4
229143,229147,229151,4,4
229143,229148,229151,3,5
229143,229147,229150,3,4
229143,229147,229151,4,4
229143,229147,229150,3,4
229143,229147,229150,3,4
229143,229148,229151,3,5
229143,229147,229153,6,4
229143,229149,229153,4,6
229143,229147,229153,6,4
229143,229148,229154,6,5
229143,229151,229155,4,8
229143,229150,229155,5,7
229143,229150,229155,5,7
229143,229150,229155,5,7
229143,229150,229154,4,7
229143,229150,229154,4,7
229143,229151,229155,4,8
229143,229152,229155,3,9
229143,229151,229155,4,8
229143,229150,229155,5,7
229143,229151,229155,4,8
229143,229151,229156,5,8
229143,229151,229156,5,8
229143,229151,229156,5,8
229143,229151,229156,5,8
229143,229151,229156,5,8
229143,229151,229156,5,8
229143,229151,229156,5,8
229143,229152,229156,4,9
229143,229151,229157,6,8
229143,229155,229157,2,12
229143,229156,229157,1,13
229143,229156,229157,1,13
229143,229156,229157,1,13
229143,229151,229157,6,8
229143,229154,229157,3,11
229143,229154,229157,3,11
229143,229156,229157,1,13
229143,229155,229157,2,12
229143,229156,229158,2,13
229143,229156,229157,1,13
229143,229155,229158,3,12
229143,229154,229158,4,11
229143,229154,229158,4,11
229143,229156,229158,2,13
229143,229156,229159,3,13
229143,229156,229159,3,13
229143,229157,229159,2,14
229143,229157,229159,2,14
229143,229157,229159,2,14
229143,229157,229160,3,14
229143,229157,229160,3,14
229143,229157,229159,2,14
229143,229157,229159,2,14
229143,229158,229160,2,15
229143,229158,229160,2,15
229143,229158,229160,2,15
229143,229158,229160,2,15
229143,229158,229161,3,15
229143,229158,229160,2,15
229143,229158,229160,2,15
229143,229158,229160,2,15
229143,229158,229160,2,15
229143,229158,229160,2,15
229143,229158,229161,3,15
229143,229159,229161,2,16
229143,229158,229161,3,15
229143,229158,229161,3,15
229143,229158,229161,3,15
229143,229159,229161,2,16
229143,229159,229162,3,16
229143,229160,229162,2,17
229143,229160,229162,2,17
229143,229160,229163,3,17
229143,229160,229162,2,17
229143,229160,229162,2,17
229143,229160,229163,3,17
229143,229160,229163,3,17
229143,229161,229163,2,18
229143,229161,229163,2,18
229143,229161,229163,2,18
229143,229161,229163,2,18
229143,229160,229163,3,17
229143,229161,229164,3,18
229143,229161,229164,3,18
229143,229161,229164,3,18
229143,229160,229164,4,17
229143,229162,229164,2,19
229143,229163,229165,2,20
229143,229161,229164,3,18
229143,229162,229165,3,19
229143,229161,229164,3,18
229143,229162,229165,3,19
229143,229163,229165,2,20
229143,229162,229165,3,19
229143,229162,229165,3,19
229143,229164,229166,2,21
229143,229163,229165,2,20
229143,229164,229166,2,21
229143,229163,229166,3,20
229143,229163,229165,2,20
229143,229163,229166,3,20
229143,229162,229165,3,19
229143,229162,229166,4,19
229143,229165,229166,1,22
229143,229164,229166,2,21
229143,229164,229166,2,21
229143,229164,229166,2,21
229143,229164,229166,2,21
229143,229165,229167,2,22
229143,229165,229167,2,22
229143,229164,229167,3,21
229143,229164,229166,2,21
229143,229165,229167,2,22
229143,229164,229167,3,21
229143,229166,229167,1,23
229143,229165,229167,2,22
229143,229166,229168,2,23
229143,229166,229167,1,23
229143,229167,229168,1,24
229143,229166,229167,1,23
229143,229165,229168,3,22
229143,229165,229168,3,22
229143,229166,229168,2,23
229143,229166,229167,1,23
229143,229166,229167,1,23
229143,229164,229168,4,21
229143,229165,229168,3,22
229143,229166,229169,3,23
229143,229167,229169,2,24
229143,229167,229169,2,24
229143,229168,229170,2,25
229143,229167,229170,3,24
229143,229167,229169,2,24
229143,229167,229169,2,24
229143,229167,229170,3,24
229143,229167,229169,2,24
229143,229168,229170,2,25
229143,229167,229170,3,24
229143,229167,229170,3,24
229143,229168,229170,2,25
229143,229169,229171,2,26
229143,229168,229170,2,25
229143,229168,229171,3,25
229143,229168,229170,2,25
229143,229168,229170,2,25
229143,229168,229170,2,25
229143,229169,229171,2,26
229143,229167,229170,3,24
229143,229168,229171,3,25
229143,229168,229171,3,25
229143,229170,229172,2,27
229143,229168,229172,4,25
229143,229168,229172,4,25
229143,229168,229172,4,25
229143,229170,229172,2,27
229143,229170,229172,2,27
229143,229169,229172,3,26
229143,229170,229172,2,27
229143,229170,229172,2,27
229143,229170,229172,2,27
229143,229170,229173,3,27
229143,229170,229173,3,27
229143,229171,229173,2,28
223989,224003,229220,5217,14
229221,229221,229223,2,0
229221,229221,229223,2,0
229221,229221,229223,2,0
229221,229221,229223,2,0
229221,229221,229223,2,0
229221,229221,229223,2,0
229221,229221,229223,2,0
229221,229221,229223,2,0
229221,229221,229223,2,0
229221,229221,229223,2,0
229221,229221,229223,2,0
229221,229221,229223,2,0
229221,229221,229224,3,0
229221,229221,229224,3,0
229221,229221,229224,3,0
229221,229221,229224,3,0
229221,229221,229224,3,0
229221,229221,229224,3,0
229221,229221,229224,3,0
229221,229221,229224,3,0
229221,229221,229224,3,0
229221,229221,229224,3,0
229221,229221,229224,3,0
229221,229221,229224,3,0
229221,229223,229225,2,2
229221,229223,229225,2,2
229221,229223,229225,2,2
229221,229223,229225,2,2
229221,229223,229225,2,2
229221,229224,229225,1,3
229221,229224,229225,1,3
229221,229224,229225,1,3
229221,229224,229225,1,3
229221,229224,229225,1,3
229221,229224,229225,1,3
229221,229224,229225,1,3
229221,229224,229226,2,3
229221,229224,229226,2,3
229221,229224,229226,2,3
229221,229224,229226,2,3
229221,229224,229226,2,3
229221,229224,229226,2,3
229221,229224,229226,2,3
229221,229224,229226,2,3
229221,229225,229227,2,4
229221,229226,229227,1,5
229221,229226,229227,1,5
229221,229226,229227,1,5
229221,229226,229227,1,5
229221,229225,229227,2,4
229221,229225,229227,2,4
229221,229225,229227,2,4
229221,229225,229227,2,4
229221,229226,229227,1,5
229221,229226,229227,1,5
229221,229226,229227,1,5
229221,229226,229227,1,5
229221,229226,229227,1,5
229221,229226,229227,1,5
229221,229226,229227,1,5
229221,229227,229228,1,6
229221,229227,229228,1,6
229221,229227,229228,1,6
229221,229228,229229,1,7
229221,229228,229229,1,7
229221,229227,229229,2,6
229221,229226,229229,3,5
229221,229221,229229,8,0
229221,229226,229229,3,5
229221,229228,229229,1,7
229221,229227,229229,2,6
229221,229228,229229,1,7
229221,229228,229229,1,7
229221,229228,229229,1,7
229221,229228,229229,1,7
229221,229229,229230,1,8
229221,229228,229229,1,7
229221,229228,229230,2,7
229221,229228,229230,2,7
229221,229228,229230,2,7
229221,229228,229229,1,7
229221,229228,229229,1,7
229221,229228,229229,1,7
229221,229228,229229,1,7
229221,229228,229229,1,7
229221,229229,229230,1,8
229221,229230,229231,1,9
229221,229230,229231,1,9
229221,229230,229231,1,9
229221,229230,229231,1,9
229221,229229,229231,2,8
229221,229229,229231,2,8
229221,229230,229231,1,9
229221,229230,229231,1,9
229221,229230,229231,1,9
229221,229230,229231,1,9
229221,229230,229231,1,9
229221,229230,229231,1,9
229221,229230,229231,1,9
229221,229230,229231,1,9
229221,229230,229231,1,9
229221,229230,229232,2,9
229221,229230,229232,2,9
229221,229230,229231,1,9
229221,229230,229231,1,9
229221,229230,229231,1,9
229221,229231,229232,1,10
229221,229230,229231,1,9
229221,229231,229232,1,10
229221,229231,229232,1,10
229221,229230,229232,2,9
229221,229230,229232,2,9
229221,229231,229232,1,10
229221,229231,229232,1,10
229221,229231,229233,2,10
229221,229232,229233,1,11
229221,229232,229233,1,11
229221,229232,229233,1,11
229221,229232,229233,1,11
229221,229232,229233,1,11
229221,229232,229233,1,11
229221,229232,229233,1,11
229221,229232,229233,1,11
229221,229232,229234,2,11
229221,229232,229234,2,11
229221,229232,229234,2,11
229221,229232,229233,1,11
229221,229232,229233,1,11
229221,229232,229234,2,11
229221,229232,229233,1,11
229221,229232,229233,1,11
229221,229233,229234,1,12
229221,229233,229234,1,12
229221,229233,229234,1,12
229221,229234,229235,1,13
229221,229233,229234,1,12
229221,229232,229234,2,11
229221,229233,229234,1,12
229221,229233,229234,1,12
229221,229234,229235,1,13
229221,229234,229235,1,13
229221,229234,229235,1,13
229221,229234,229235,1,13
229221,229230,229235,5,9
229221,229234,229235,1,13
229221,229234,229235,1,13
229221,229234,229235,1,13
229221,229234,229235,1,13
229221,229234,229235,1,13
229221,229234,229235,1,13
229221,229235,229236,1,14
229221,229234,229235,1,13
229221,229234,229235,1,13
229221,229235,229236,1,14
229221,229234,229236,2,13
229221,229234,229235,1,13
229221,229234,229236,2,13
229221,229234,229236,2,13
229221,229234,229235,1,13
229221,229234,229235,1,13
229221,229235,229236,1,14
229221,229235,229236,1,14
229221,229236,229237,1,15
229221,229235,229236,1,14
229221,229235,229237,2,14
229221,229235,229237,2,14
229221,229236,229237,1,15
229221,229235,229236,1,14
229221,229236,229237,1,15
229221,229236,229237,1,15
229221,229236,229237,1,15
229221,229236,229237,1,15
229221,229236,229237,1,15
229221,229236,229237,1,15
229221,229236,229237,1,15
229221,229236,229237,1,15
229221,229236,229237,1,15
229221,229236,229237,1,15
229221,229236,229238,2,15
229221,229236,229238,2,15
229221,229236,229238,2,15
229221,229236,229238,2,15
229221,229236,229238,2,15
229221,229237,229239,2,16
229221,229237,229239,2,16
229221,229236,229239,3,15
229221,229237,229239,2,16
229221,229236,229238,2,15
229221,229237,229239,2,16
229221,229237,229239,2,16
229221,229237,229239,2,16
229221,229237,229240,3,16
229221,229237,229240,3,16
229221,229237,229239,2,16
229221,229236,229242,6,15
225661,225682,229476,3794,21
229477,229477,229479,2,0
229477,229477,229479,2,0
229477,229477,229479,2,0
229477,229477,229479,2,0
229477,229477,229479,2,0
229477,229477,229479,2,0
229477,229477,229479,2,0
229477,229477,229479,2,0
229477,229477,229479,2,0
229477,229477,229479,2,0
229477,229477,229480,3,0
229477,229478,229480,2,1
229477,229478,229480,2,1
229477,229477,229480,3,0
229477,229477,229480,3,0
229477,229477,229480,3,0
229477,229477,229480,3,0
229477,229478,229480,2,1
229477,229477,229480,3,0
229477,229477,229480,3,0
229477,229477,229480,3,0
229477,229477,229480,3,0
229477,229477,229480,3,0
229477,229477,229480,3,0
229477,229477,229480,3,0
229477,229479,229481,2,2
229477,229480,229481,1,3
229477,229480,229481,1,3
229477,229480,229481,1,3
229477,229480,229481,1,3
229477,229480,229481,1,3
229477,229480,229481,1,3
229477,229480,229481,1,3
229477,229480,229481,1,3
229477,229480,229482,2,3
229477,229481,229482,1,4
229477,229481,229482,1,4
229477,229480,229482,2,3
229477,229481,229482,1,4
229477,229481,229482,1,4
229477,229481,229482,1,4
229477,229481,229482,1,4
229477,229481,229482,1,4
229477,229481,229482,1,4
229477,229481,229482,1,4
229477,229482,229483,1,5
229477,229481,229483,2,4
229477,229482,229483,1,5
229477,229482,229483,1,5
229477,229481,229483,2,4
229477,229482,229483,1,5
229477,229481,229483,2,4
229477,229481,229483,2,4
229477,229481,229483,2,4
229477,229482,229483,1,5
229477,229482,229483,1,5
229477,229482,229483,1,5
229477,229482,229483,1,5
229477,229483,229484,1,6
229477,229483,229484,1,6
229477,229482,229484,2,5
229477,229483,229484,1,6
229477,229483,229485,2,6
229477,229483,229484,1,6
229477,229483,229485,2,6
229477,229483,229484,1,6
229477,229483,229485,2,6
229477,229483,229484,1,6
229477,229483,229484,1,6
229477,229484,229485,1,7
229477,229484,229485,1,7
229477,229484,229485,1,7
229477,229484,229485,1,7
229477,229484,229485,1,7
229477,229485,229486,1,8
229477,229484,229485,1,7
229477,229485,229486,1,8
229477,229484,229486,2,7
229477,229484,229486,2,7
229477,229484,229486,2,7
229477,229483,229485,2,6
229477,229484,229485,1,7
229477,229485,229486,1,8
229477,229484,229485,1,7
229477,229484,229485,1,7
229477,229485,229486,1,8
229477,229484,229485,1,7
229477,229485,229486,1,8
229477,229485,229486,1,8
229477,229485,229486,1,8
229477,229485,229486,1,8
229477,229485,229486,1,8
229477,229486,229487,1,9
229477,229486,229487,1,9
229477,229485,229487,2,8
229477,229486,229487,1,9
229477,229486,229487,1,9
229477,229487,229488,1,10
229477,229486,229487,1,9
229477,229486,229487,1,9
229477,229486,229487,1,9
229477,229487,229488,1,10
229477,229487,229488,1,10
229477,229486,229487,1,9
229477,229487,229488,1,10
229477,229486,229488,2,9
229477,229486,229488,2,9
229477,229486,229487,1,9
229477,229486,229488,2,9
229477,229486,229487,1,9
229477,229486,229487,1,9
229477,229486,229487,1,9
229477,229486,229487,1,9
229477,229487,229488,1,10
229477,229486,229487,1,9
229477,229486,229487,1,9
229477,229486,229488,2,9
229477,229487,229488,1,10
229477,229486,229488,2,9
229477,229487,229489,2,10
229477,229487,229490,3,10
229477,229488,229489,1,11
229477,229487,229489,2,10
229477,229490,229491,1,13
229477,229488,229490,2,11
229477,229488,229490,2,11
229477,229488,229490,2,11
229477,229488,229490,2,11
229477,229488,229490,2,11
229477,229488,229490,2,11
229477,229488,229490,2,11
229477,229488,229491,3,11
229477,229488,229491,3,11
229477,229488,229491,3,11
229477,229488,229491,3,11
229477,229488,229490,2,11
229477,229488,229491,3,11
229477,229488,229490,2,11
229477,229488,229491,3,11
229477,229488,229491,3,11
229477,229488,229491,3,11
229477,229488,229491,3,11
229477,229490,229492,2,13
229477,229491,229492,1,14
229477,229491,229492,1,14
229477,229490,229491,1,13
229477,229488,229491,3,11
229477,229488,229491,3,11
229477,229489,229491,2,12
229477,229489,229492,3,12
229477,229491,229492,1,14
229477,229491,229492,1,14
229477,229492,229493,1,15
229477,229491,229492,1,14
229477,229491,229493,2,14
229477,229491,229492,1,14
229477,229491,229492,1,14
229477,229491,229492,1,14
229477,229492,229493,1,15
229477,229491,229492,1,14
229477,229491,229493,2,14
229477,229491,229493,2,14
229477,229491,229493,2,14
229477,229491,229493,2,14
229477,229491,229493,2,14
229477,229491,229493,2,14
229477,229492,229493,1,15
229477,229491,229493,2,14
229477,229491,229492,1,14
229477,229491,229493,2,14
229477,229492,229493,1,15
229477,229492,229493,1,15
229477,229492,229493,1,15
229477,229493,229494,1,16
229477,229493,229495,2,16
229477,229493,229495,2,16
229477,229492,229495,3,15
229477,229492,229495,3,15
229477,229492,229495,3,15
229477,229492,229495,3,15
229477,229493,229495,2,16
229477,229493,229495,2,16
229477,229493,229495,2,16
229477,229493,229495,2,16
229477,229493,229496,3,16
229477,229493,229496,3,16
229477,229493,229496,3,16
229477,229493,229495,2,16
229477,229493,229495,2,16
229477,229493,229496,3,16
229477,229493,229496,3,16
229477,229493,229496,3,16
229477,229493,229496,3,16
229477,229493,229496,3,16
229477,229493,229496,3,16
229477,229494,229496,2,17
229477,229493,229496,3,16
224441,224456,229796,5340,15
229797,229797,229798,1,0
229797,229797,229798,1,0
229797,229797,229799,2,0
229797,229797,229798,1,0
229797,229797,229798,1,0
229797,229797,229798,1,0
229797,229797,229798,1,0
229797,229797,229798,1,0
229797,229797,229798,1,0
229797,229797,229798,1,0
229797,229797,229798,1,0
229797,229797,229798,1,0
229797,229797,229799,2,0
229797,229797,229799,2,0
229797,229797,229799,2,0
229797,229797,229799,2,0
229797,229797,229799,2,0
229797,229797,229799,2,0
229797,229797,229799,2,0
229797,229798,229799,1,1
229797,229797,229799,2,0
229797,229797,229799,2,0
229797,229797,229799,2,0
229797,229797,229799,2,0
229797,229797,229799,2,0
229797,229798,229799,1,1
229797,229797,229800,3,0
229797,229799,229800,1,2
229797,229799,229800,1,2
229797,229799,229800,1,2
229797,229799,229800,1,2
229797,229799,229800,1,2
229797,229799,229801,2,2
229797,229799,229801,2,2
229797,229799,229801,2,2
229797,229799,229800,1,2
229797,229799,229801,2,2
229797,229799,229800,1,2
229797,229799,229801,2,2
229797,229799,229801,2,2
229797,229799,229801,2,2
229797,229800,229801,1,3
229797,229800,229802,2,3
229797,229800,229802,2,3
229797,229800,229802,2,3
229797,229800,229802,2,3
229797,229800,229801,1,3
229797,229799,229801,2,2
229797,229800,229802,2,3
229797,229802,229803,1,5
229797,229801,229802,1,4
229797,229801,229802,1,4
229797,229800,229802,2,3
229797,229800,229802,2,3
229797,229800,229802,2,3
229797,229801,229803,2,4
229797,229802,229803,1,5
229797,229801,229803,2,4
229797,229801,229803,2,4
229797,229801,229803,2,4
229797,229801,229803,2,4
229797,229801,229803,2,4
229797,229801,229803,2,4
229797,229801,229803,2,4
229797,229801,229803,2,4
229797,229801,229803,2,4
229797,229802,229804,2,5
229797,229803,229804,1,6
229797,229802,229804,2,5
229797,229803,229804,1,6
229797,229802,229804,2,5
229797,229802,229804,2,5
229797,229802,229804,2,5
229797,229803,229804,1,6
229797,229803,229804,1,6
229797,229803,229804,1,6
229797,229803,229804,1,6
229797,229801,229803,2,4
229797,229802,229804,2,5
229797,229802,229804,2,5
229797,229803,229804,1,6
229797,229803,229804,1,6
229797,229803,229804,1,6
229797,229804,229805,1,7
229797,229803,229804,1,6
229797,229803,229804,1,6
229797,229804,229805,1,7
229797,229803,229805,2,6
229797,229803,229805,2,6
229797,229804,229805,1,7
229797,229804,229805,1,7
229797,229803,229804,1,6
229797,229803,229804,1,6
229797,229804,229805,1,7
229797,229804,229805,1,7
229797,229803,229804,1,6
229797,229803,229805,2,6
229797,229804,229805,1,7
229797,229804,229806,2,7
229797,229804,229805,1,7
229797,229804,229805,1,7
229797,229804,229805,1,7
229797,229805,229806,1,8
229797,229804,229806,2,7
229797,229805,229806,1,8
229797,229805,229806,1,8
229797,229804,229806,2,7
229797,229804,229806,2,7
229797,229804,229806,2,7
229797,229804,229806,2,7
229797,229804,229806,2,7
229797,229805,229806,1,8
229797,229805,229807,2,8
229797,229805,229806,1,8
229797,229806,229807,1,9
229797,229806,229807,1,9
229797,229805,229807,2,8
229797,229805,229807,2,8
229797,229805,229806,1,8
229797,229805,229806,1,8
229797,229806,229807,1,9
229797,229806,229807,1,9
229797,229806,229807,1,9
229797,229806,229807,1,9
229797,229806,229807,1,9
229797,229806,229808,2,9
229797,229806,229808,2,9
229797,229807,229808,1,10
229797,229806,229808,2,9
229797,229806,229808,2,9
229797,229807,229808,1,10
229797,229807,229809,2,10
229797,229807,229808,1,10
229797,229807,229808,1,10
229797,229808,229809,1,11
229797,229808,229809,1,11
229797,229807,229808,1,10
229797,229808,229809,1,11
229797,229807,229808,1,10
229797,229807,229809,2,10
229797,229808,229809,1,11
229797,229807,229809,2,10
229797,229808,229809,1,11
229797,229807,229809,2,10
229797,229807,229809,2,10
229797,229807,229809,2,10
229797,229808,229809,1,11
229797,229808,229809,1,11
229797,229808,229809,1,11
229797,229809,229810,1,12
229797,229809,229810,1,12
229797,229808,229809,1,11
229797,229808,229809,1,11
229797,229808,229809,1,11
229797,229808,229810,2,11
229797,229809,229810,1,12
229797,229807,229809,2,10
229797,229808,229810,2,11
229797,229809,229810,1,12
229797,229808,229810,2,11
229797,229809,229810,1,12
229797,229809,229810,1,12
229797,229810,229811,1,13
229797,229809,229810,1,12
229797,229809,229810,1,12
229797,229810,229811,1,13
229797,229810,229811,1,13
229797,229810,229811,1,13
229797,229809,229810,1,12
229797,229809,229811,2,12
229797,229809,229810,1,12
229797,229810,229811,1,13
229797,229809,229811,2,12
229797,229809,229811,2,12
229797,229810,229811,1,13
229797,229810,229811,1,13
229797,229809,229811,2,12
229797,229810,229811,1,13
229797,229810,229811,1,13
229797,229810,229811,1,13
229797,229810,229811,1,13
229797,229811,229812,1,14
229797,229811,229812,1,14
229797,229810,229812,2,13
229797,229811,229812,1,14
229797,229810,229812,2,13
229797,229810,229812,2,13
229797,229811,229812,1,14
229797,229810,229812,2,13
229797,229811,229812,1,14
229797,229811,229812,1,14
229797,229811,229812,1,14
229797,229811,229812,1,14
229797,229811,229812,1,14
229797,229811,229813,2,14
229797,229812,229813,1,15
224637,224651,229826,5175,14
229827,229827,229830,3,0
229827,229827,229830,3,0
229827,229827,229830,3,0
229827,229827,229830,3,0
229827,229827,229830,3,0
229827,229827,229830,3,0
229827,229827,229830,3,0
229827,229827,229830,3,0
229827,229827,229830,3,0
229827,229827,229830,3,0
229827,229827,229830,3,0
229827,229827,229830,3,0
229827,229827,229830,3,0
229827,229827,229830,3,0
229827,229827,229830,3,0
229827,229827,229830,3,0
229827,229827,229830,3,0
229827,229827,229831,4,0
229827,229827,229830,3,0
229827,229827,229830,3,0
229827,229827,229831,4,0
229827,229827,229831,4,0
229827,229830,229832,2,3
229827,229830,229832,2,3
229827,229830,229832,2,3
229827,229830,229832,2,3
229827,229830,229832,2,3
229827,229831,229832,1,4
229827,229831,229832,1,4
229827,229831,229832,1,4
229827,229831,229832,1,4
229827,229831,229832,1,4
229827,229831,229832,1,4
229827,229827,229832,5,0
229827,229831,229832,1,4
229827,229831,229833,2,4
229827,229831,229832,1,4
229827,229831,229832,1,4
229827,229831,229832,1,4
229827,229831,229832,1,4
229827,229831,229833,2,4
229827,229831,229833,2,4
229827,229831,229834,3,4
229827,229832,229834,2,5
229827,229832,229834,2,5
229827,229833,229834,1,6
229827,229833,229834,1,6
229827,229831,229834,3,4
229827,229833,229835,2,6
229827,229832,229834,2,5
229827,229833,229835,2,6
229827,229834,229835,1,7
229827,229833,229835,2,6
229827,229833,229835,2,6
229827,229835,229836,1,8
229827,229833,229835,2,6
229827,229833,229835,2,6
229827,229833,229835,2,6
229827,229833,229835,2,6
229827,229833,229835,2,6
229827,229833,229835,2,6
229827,229833,229835,2,6
229827,229833,229835,2,6
229827,229835,229836,1,8
229827,229827,229836,9,0
229827,229827,229836,9,0
229827,229835,229836,1,8
229827,229835,229836,1,8
229827,229835,229836,1,8
229827,229835,229837,2,8
229827,229833,229836,3,6
229827,229833,229836,3,6
229827,229833,229836,3,6
229827,229835,229836,1,8
229827,229836,229837,1,9
229827,229836,229837,1,9
229827,229836,229837,1,9
229827,229836,229837,1,9
229827,229836,229837,1,9
229827,229836,229837,1,9
229827,229836,229837,1,9
229827,229834,229837,3,7
229827,229837,229838,1,10
229827,229836,229837,1,9
229827,229836,229837,1,9
229827,229836,229837,1,9
229827,229837,229838,1,10
229827,229836,229837,1,9
229827,229836,229837,1,9
229827,229837,229838,1,10
229827,229836,229837,1,9
229827,229837,229838,1,10
229827,229837,229839,2,10
229827,229837,229839,2,10
229827,229837,229839,2,10
229827,229837,229838,1,10
229827,229837,229838,1,10
229827,229837,229838,1,10
229827,229837,229838,1,10
229827,229837,229838,1,10
229827,229837,229839,2,10
229827,229838,229839,1,11
229827,229838,229839,1,11
229827,229838,229839,1,11
229827,229838,229840,2,11
229827,229838,229839,1,11
229827,229837,229839,2,10
229827,229838,229840,2,11
229827,229838,229840,2,11
229827,229838,229840,2,11
229827,229838,229840,2,11
229827,229838,229840,2,11
229827,229840,229841,1,13
229827,229838,229840,2,11
229827,229839,229840,1,12
229827,229840,229841,1,13
229827,229838,229840,2,11
229827,229839,229841,2,12
229827,229839,229841,2,12
229827,229839,229841,2,12
229827,229839,229840,1,12
229827,229840,229841,1,13
229827,229839,229840,1,12
229827,229839,229840,1,12
229827,229839,229841,2,12
229827,229839,229841,2,12
229827,229840,229841,1,13
229827,229840,229841,1,13
229827,229840,229841,1,13
229827,229840,229841,1,13
229827,229840,229841,1,13
229827,229841,229842,1,14
229827,229840,229841,1,13
229827,229840,229842,2,13
229827,229841,229842,1,14
229827,229840,229841,1,13
229827,229840,229841,1,13
229827,229841,229842,1,14
229827,229841,229842,1,14
229827,229841,229843,2,14
229827,229842,229843,1,15
229827,229842,229843,1,15
229827,229841,229842,1,14
229827,229841,229843,2,14
229827,229841,229843,2,14
229827,229841,229843,2,14
229827,229841,229842,1,14
229827,229842,229843,1,15
229827,229841,229842,1,14
229827,229841,229842,1,14
229827,229841,229843,2,14
229827,229842,229843,1,15
229827,229841,229842,1,14
229827,229841,229843,2,14
229827,229842,229843,1,15
229827,229842,229843,1,15
229827,229842,229843,1,15
229827,229841,229843,2,14
229827,229842,229843,1,15
229827,229842,229844,2,15
229827,229843,229844,1,16
229827,229837,229844,7,10
229827,229843,229845,2,16
229827,229843,229846,3,16
229827,229843,229845,2,16
229827,229843,229845,2,16
229827,229843,229846,3,16
229827,229843,229846,3,16
229827,229843,229846,3,16
229827,229843,229846,3,16
229827,229843,229846,3,16
229827,229843,229846,3,16
229827,229843,229846,3,16
229827,229844,229846,2,17
229827,229844,229846,2,17
229827,229844,229846,2,17
229827,229844,229846,2,17
229827,229845,229846,1,18
229827,229844,229847,3,17
229827,229846,229847,1,19
229827,229846,229847,1,19
229827,229844,229846,2,17
229827,229846,229847,1,19
229827,229846,229847,1,19
229827,229843,229847,4,16
229827,229843,229846,3,16
229827,229843,229847,4,16
229827,229844,229847,3,17
229827,229846,229847,1,19
229827,229844,229847,3,17
229827,229846,229847,1,19
229827,229846,229848,2,19
229827,229846,229847,1,19
229827,229846,229848,2,19
229827,229837,229845,8,10
229827,229880,229882,2,53
226370,226387,230357,3970,17
230359,230359,230360,1,0
230359,230359,230360,1,0
230359,230359,230361,2,0
230359,230359,230360,1,0
230359,230359,230360,1,0
230359,230359,230360,1,0
230359,230359,230360,1,0
230359,230359,230360,1,0
230359,230359,230360,1,0
230359,230359,230360,1,0
230359,230359,230360,1,0
230359,230359,230360,1,0
230359,230359,230360,1,0
230359,230359,230360,1,0
230359,230359,230361,2,0
230359,230359,230362,3,0
230359,230359,230361,2,0
230359,230359,230361,2,0
230359,230359,230361,2,0
230359,230359,230361,2,0
230359,230359,230361,2,0
230359,230359,230361,2,0
230359,230359,230361,2,0
230359,230359,230362,3,0
230359,230359,230361,2,0
230359,230361,230362,1,2
230359,230361,230363,2,2
230359,230361,230362,1,2
230359,230361,230362,1,2
230359,230361,230362,1,2
230359,230361,230362,1,2
230359,230361,230362,1,2
230359,230361,230362,1,2
230359,230361,230363,2,2
230359,230361,230362,1,2
230359,230361,230362,1,2
230359,230361,230362,1,2
230359,230362,230363,1,3
230359,230362,230363,1,3
230359,230362,230363,1,3
230359,230362,230364,2,3
230359,230361,230363,2,2
230359,230361,230363,2,2
230359,230362,230364,2,3
230359,230362,230364,2,3
230359,230363,230364,1,4
230359,230362,230364,2,3
230359,230363,230365,2,4
230359,230363,230364,1,4
230359,230363,230364,1,4
230359,230363,230364,1,4
230359,230363,230364,1,4
230359,230363,230365,2,4
230359,230363,230364,1,4
230359,230362,230364,2,3
230359,230362,230364,2,3
230359,230362,230364,2,3
230359,230362,230364,2,3
230359,230363,230365,2,4
230359,230363,230365,2,4
230359,230363,230364,1,4
230359,230363,230365,2,4
230359,230364,230366,2,5
230359,230364,230366,2,5
230359,230364,230365,1,5
230359,230364,230365,1,5
230359,230364,230365,1,5
230359,230365,230366,1,6
230359,230365,230366,1,6
230359,230364,230366,2,5
230359,230366,230367,1,7
230359,230364,230366,2,5
230359,230365,230366,1,6
230359,230365,230366,1,6
230359,230365,230366,1,6
230359,230365,230366,1,6
230359,230365,230366,1,6
230359,230365,230366,1,6
230359,230365,230366,1,6
230359,230366,230367,1,7
230359,230366,230367,1,7
230359,230365,230367,2,6
230359,230365,230366,1,6
230359,230365,230367,2,6
230359,230365,230366,1,6
230359,230365,230366,1,6
230359,230365,230366,1,6
230359,230365,230366,1,6
230359,230366,230367,1,7
230359,230367,230368,1,8
230359,230365,230367,2,6
230359,230366,230367,1,7
230359,230367,230368,1,8
230359,230367,230368,1,8
230359,230367,230368,1,8
230359,230367,230368,1,8
230359,230365,230367,2,6
230359,230367,230368,1,8
230359,230367,230368,1,8
230359,230367,230369,2,8
230359,230367,230368,1,8
230359,230367,230368,1,8
230359,230367,230368,1,8
230359,230367,230368,1,8
230359,230367,230368,1,8
230359,230367,230368,1,8
230359,230368,230369,1,9
230359,230367,230368,1,8
230359,230367,230368,1,8
230359,230367,230369,2,8
230359,230367,230369,2,8
230359,230367,230369,2,8
230359,230367,230369,2,8
230359,230367,230369,2,8
230359,230368,230370,2,9
230359,230368,230369,1,9
230359,230368,230370,2,9
230359,230368,230369,1,9
230359,230368,230369,1,9
230359,230368,230369,1,9
230359,230368,230369,1,9
230359,230369,230370,1,10
230359,230369,230370,1,10
230359,230369,230370,1,10
230359,230368,230370,2,9
230359,230369,230370,1,10
230359,230369,230370,1,10
230359,230369,230371,2,10
230359,230369,230370,1,10
230359,230369,230370,1,10
230359,230369,230370,1,10
230359,230369,230371,2,10
230359,230369,230371,2,10
230359,230369,230371,2,10
230359,230369,230371,2,10
230359,230369,230371,2,10
230359,230370,230371,1,11
230359,230370,230371,1,11
230359,230370,230372,2,11
230359,230370,230372,2,11
230359,230370,230372,2,11
230359,230370,230372,2,11
230359,230370,230372,2,11
230359,230369,230371,2,10
230359,230369,230371,2,10
230359,230369,230371,2,10
230359,230370,230372,2,11
230359,230371,230373,2,12
230359,230371,230373,2,12
230359,230371,230373,2,12
230359,230372,230373,1,13
230359,230370,230372,2,11
230359,230370,230372,2,11
230359,230370,230373,3,11
230359,230371,230373,2,12
230359,230371,230373,2,12
230359,230371,230373,2,12
230359,230371,230373,2,12
230359,230372,230373,1,13
230359,230372,230373,1,13
230359,230372,230373,1,13
230359,230371,230373,2,12
230359,230372,230373,1,13
230359,230371,230373,2,12
230359,230373,230374,1,14
230359,230371,230373,2,12
230359,230372,230373,1,13
230359,230372,230374,2,13
230359,230372,230374,2,13
230359,230373,230374,1,14
230359,230372,230373,1,13
230359,230373,230374,1,14
230359,230373,230374,1,14
230359,230373,230374,1,14
230359,230374,230375,1,15
230359,230373,230375,2,14
230359,230373,230374,1,14
230359,230374,230375,1,15
230359,230373,230374,1,14
230359,230374,230375,1,15
230359,230374,230375,1,15
230359,230374,230375,1,15
230359,230374,230375,1,15
230359,230374,230375,1,15
230359,230374,230375,1,15
230359,230374,230375,1,15
230359,230374,230375,1,15
230359,230374,230375,1,15
230359,230374,230375,1,15
230359,230374,230376,2,15
230359,230374,230376,2,15
230359,230374,230375,1,15
230359,230374,230376,2,15
230359,230374,230376,2,15
230359,230374,230376,2,15
230359,230374,230376,2,15
230359,230374,230376,2,15
230359,230375,230376,1,16
230359,230375,230376,1,16
226817,226833,230381,3548,16
230387,230387,230391,4,0
230387,230387,230391,4,0
230387,230387,230391,4,0
230387,230387,230391,4,0
230387,230387,230392,5,0
230387,230387,230391,4,0
230387,230387,230391,4,0
230387,230387,230391,4,0
230387,230387,230391,4,0
230387,230387,230391,4,0
230387,230387,230391,4,0
230387,230387,230392,5,0
230387,230387,230391,4,0
230387,230387,230391,4,0
230387,230387,230391,4,0
230387,230387,230391,4,0
230387,230387,230391,4,0
230387,230387,230391,4,0
230387,230387,230391,4,0
230387,230387,230392,5,0
230387,230387,230392,5,0
230387,230387,230392,5,0
230387,230387,230393,6,0
230387,230387,230392,5,0
230387,230387,230392,5,0
230387,230392,230393,1,5
230387,230392,230394,2,5
230387,230392,230393,1,5
230387,230392,230394,2,5
230387,230392,230393,1,5
230387,230392,230394,2,5
230387,230392,230393,1,5
230387,230392,230393,1,5
230387,230392,230394,2,5
230387,230392,230394,2,5
230387,230392,230393,1,5
230387,230392,230393,1,5
230387,230392,230393,1,5
230387,230392,230393,1,5
230387,230392,230394,2,5
230387,230392,230393,1,5
230387,230392,230393,1,5
230387,230392,230394,2,5
230387,230392,230394,2,5
230387,230393,230395,2,6
230387,230393,230394,1,6
230387,230393,230395,2,6
230387,230394,230396,2,7
230387,230394,230395,1,7
230387,230394,230395,1,7
230387,230394,230396,2,7
230387,230394,230395,1,7
230387,230394,230395,1,7
230387,230393,230395,2,6
230387,230394,230396,2,7
230387,230393,230395,2,6
230387,230393,230396,3,6
230387,230394,230395,1,7
230387,230394,230395,1,7
230387,230394,230395,1,7
230387,230394,230396,2,7
230387,230394,230395,1,7
230387,230394,230396,2,7
230387,230394,230395,1,7
230387,230394,230395,1,7
230387,230394,230395,1,7
230387,230394,230395,1,7
230387,230394,230395,1,7
230387,230396,230397,1,9
230387,230396,230397,1,9
230387,230395,230397,2,8
230387,230395,230397,2,8
230387,230395,230397,2,8
230387,230396,230397,1,9
230387,230396,230397,1,9
230387,230396,230397,1,9
230387,230396,230397,1,9
230387,230396,230397,1,9
230387,230396,230397,1,9
230387,230396,230397,1,9
230387,230396,230397,1,9
230387,230396,230397,1,9
230387,230396,230397,1,9
230387,230395,230397,2,8
230387,230397,230398,1,10
230387,230396,230398,2,9
230387,230396,230397,1,9
230387,230396,230397,1,9
230387,230396,230397,1,9
230387,230396,230397,1,9
230387,230396,230398,2,9
230387,230396,230397,1,9
230387,230397,230398,1,10
230387,230396,230397,1,9
230387,230396,230397,1,9
230387,230397,230398,1,10
230387,230397,230398,1,10
230387,230397,230398,1,10
230387,230398,230399,1,11
230387,230397,230399,2,10
230387,230397,230399,2,10
230387,230397,230398,1,10
230387,230397,230398,1,10
230387,230397,230398,1,10
230387,230398,230399,1,11
230387,230397,230398,1,10
230387,230398,230399,1,11
230387,230398,230400,2,11
230387,230398,230399,1,11
230387,230398,230399,1,11
230387,230398,230399,1,11
230387,230398,230399,1,11
230387,230398,230400,2,11
230387,230399,230400,1,12
230387,230398,230399,1,11
230387,230398,230400,2,11
230387,230399,230400,1,12
230387,230398,230399,1,11
230387,230398,230400,2,11
230387,230398,230399,1,11
230387,230399,230400,1,12
230387,230398,230400,2,11
230387,230398,230399,1,11
230387,230399,230400,1,12
230387,230399,230400,1,12
230387,230398,230400,2,11
230387,230399,230401,2,12
230387,230399,230401,2,12
230387,230400,230402,2,13
230387,230401,230402,1,14
230387,230399,230401,2,12
230387,230399,230401,2,12
230387,230400,230402,2,13
230387,230400,230402,2,13
230387,230399,230402,3,12
230387,230400,230402,2,13
230387,230400,230402,2,13
230387,230400,230402,2,13
230387,230400,230402,2,13
230387,230400,230402,2,13
230387,230400,230402,2,13
230387,230400,230402,2,13
230387,230400,230402,2,13
230387,230400,230402,2,13
230387,230400,230402,2,13
230387,230400,230402,2,13
230387,230400,230402,2,13
230387,230400,230403,3,13
230387,230400,230402,2,13
230387,230402,230403,1,15
230387,230400,230403,3,13
230387,230401,230403,2,14
230387,230401,230403,2,14
230387,230402,230403,1,15
230387,230402,230404,2,15
230387,230402,230403,1,15
230387,230403,230404,1,16
230387,230403,230404,1,16
230387,230403,230404,1,16
230387,230403,230404,1,16
230387,230402,230404,2,15
230387,230403,230404,1,16
230387,230403,230404,1,16
230387,230403,230404,1,16
230387,230403,230404,1,16
230387,230403,230404,1,16
230387,230403,230404,1,16
230387,230403,230404,1,16
230387,230403,230404,1,16
230387,230403,230405,2,16
230387,230403,230404,1,16
230387,230403,230405,2,16
230387,230403,230405,2,16
230387,230404,230405,1,17
230387,230403,230405,2,16
230387,230404,230406,2,17
230387,230404,230406,2,17
230387,230404,230406,2,17
230387,230404,230406,2,17
230387,230404,230406,2,17
230387,230405,230406,1,18
230387,230405,230406,1,18
230387,230405,230407,2,18
230387,230405,230406,1,18
230387,230405,230406,1,18
230387,230405,230407,2,18
230387,230405,230406,1,18
230387,230405,230407,2,18
230387,230405,230407,2,18
230387,230405,230407,2,18
230387,230405,230407,2,18
230387,230405,230407,2,18
230387,230405,230407,2,18
230387,230405,230407,2,18
230387,230405,230407,2,18
230387,230405,230407,2,18
230387,230405,230410,5,18
227249,227266,230839,3573,17
230842,230842,230844,2,0
230842,230842,230844,2,0
230842,230842,230844,2,0
230842,230842,230844,2,0
230842,230842,230845,3,0
230842,230842,230845,3,0
230842,230842,230845,3,0
230842,230842,230845,3,0
230842,230842,230845,3,0
230842,230842,230845,3,0
230842,230842,230845,3,0
230842,230842,230845,3,0
230842,230842,230845,3,0
230842,230842,230845,3,0
230842,230842,230844,2,0
230842,230842,230845,3,0
230842,230842,230845,3,0
230842,230844,230846,2,2
230842,230843,230846,3,1
230842,230843,230846,3,1
230842,230842,230846,4,0
230842,230842,230846,4,0
230842,230842,230846,4,0
230842,230842,230845,3,0
230842,230842,230846,4,0
230842,230842,230846,4,0
230842,230844,230846,2,2
230842,230844,230846,2,2
230842,230844,230846,2,2
230842,230846,230847,1,4
230842,230845,230849,4,3
230842,230846,230849,3,4
230842,230846,230849,3,4
230842,230846,230849,3,4
230842,230846,230849,3,4
230842,230846,230849,3,4
230842,230846,230849,3,4
230842,230846,230850,4,4
230842,230846,230849,3,4
230842,230846,230849,3,4
230842,230846,230849,3,4
230842,230846,230849,3,4
230842,230847,230850,3,5
230842,230846,230850,4,4
230842,230847,230850,3,5
230842,230847,230850,3,5
230842,230848,230850,2,6
230842,230846,230851,5,4
230842,230849,230851,2,7
230842,230846,230851,5,4
230842,230847,230851,4,5
230842,230847,230851,4,5
230842,230846,230851,5,4
230842,230846,230851,5,4
230842,230850,230851,1,8
230842,230850,230851,1,8
230842,230850,230851,1,8
230842,230850,230851,1,8
230842,230850,230851,1,8
230842,230850,230851,1,8
230842,230851,230852,1,9
230842,230847,230851,4,5
230842,230847,230851,4,5
230842,230850,230851,1,8
230842,230851,230852,1,9
230842,230850,230851,1,8
230842,230850,230851,1,8
230842,230850,230851,1,8
230842,230851,230852,1,9
230842,230852,230853,1,10
230842,230852,230853,1,10
230842,230852,230853,1,10
230842,230852,230853,1,10
230842,230851,230852,1,9
230842,230852,230853,1,10
230842,230852,230853,1,10
230842,230850,230852,2,8
230842,230851,230852,1,9
230842,230852,230853,1,10
230842,230852,230853,1,10
230842,230852,230853,1,10
230842,230851,230853,2,9
230842,230852,230853,1,10
230842,230852,230853,1,10
230842,230852,230853,1,10
230842,230852,230853,1,10
230842,230852,230853,1,10
230842,230852,230853,1,10
230842,230853,230854,1,11
230842,230853,230854,1,11
230842,230853,230854,1,11
230842,230853,230854,1,11
230842,230853,230854,1,11
230842,230853,230854,1,11
230842,230852,230853,1,10
230842,230852,230853,1,10
230842,230852,230853,1,10
230842,230853,230854,1,11
230842,230852,230854,2,10
230842,230854,230855,1,12
230842,230854,230855,1,12
230842,230853,230854,1,11
230842,230853,230854,1,11
230842,230853,230855,2,11
230842,230853,230855,2,11
230842,230853,230855,2,11
230842,230853,230854,1,11
230842,230853,230854,1,11
230842,230854,230855,1,12
230842,230854,230855,1,12
230842,230854,230855,1,12
230842,230854,230856,2,12
230842,230854,230855,1,12
230842,230854,230855,1,12
230842,230854,230855,1,12
230842,230855,230856,1,13
230842,230854,230855,1,12
230842,230854,230855,1,12
230842,230854,230855,1,12
230842,230855,230856,1,13
230842,230854,230855,1,12
230842,230855,230856,1,13
230842,230854,230856,2,12
230842,230854,230856,2,12
230842,230854,230856,2,12
230842,230855,230856,1,13
230842,230855,230856,1,13
230842,230854,230856,2,12
230842,230855,230857,2,13
230842,230855,230856,1,13
230842,230856,230857,1,14
230842,230855,230857,2,13
230842,230855,230857,2,13
230842,230855,230856,1,13
230842,230856,230857,1,14
230842,230856,230857,1,14
230842,230856,230857,1,14
230842,230856,230857,1,14
230842,230856,230857,1,14
230842,230856,230857,1,14
230842,230856,230858,2,14
230842,230856,230857,1,14
230842,230857,230858,1,15
230842,230856,230857,1,14
230842,230856,230857,1,14
230842,230856,230858,2,14
230842,230856,230857,1,14
230842,230855,230857,2,13
230842,230856,230858,2,14
230842,230856,230857,1,14
230842,230856,230858,2,14
230842,230856,230857,1,14
230842,230856,230858,2,14
230842,230857,230859,2,15
230842,230857,230859,2,15
230842,230857,230859,2,15
230842,230857,230859,2,15
230842,230857,230859,2,15
230842,230857,230859,2,15
230842,230858,230860,2,16
230842,230858,230860,2,16
230842,230858,230860,2,16
230842,230859,230860,1,17
230842,230857,230859,2,15
230842,230858,230860,2,16
230842,230858,230860,2,16
230842,230859,230860,1,17
230842,230857,230860,3,15
230842,230858,230860,2,16
230842,230857,230860,3,15
230842,230858,230860,2,16
230842,230858,230860,2,16
230842,230858,230860,2,16
230842,230858,230860,2,16
230842,230859,230861,2,17
230842,230858,230860,2,16
230842,230858,230860,2,16
230842,230858,230860,2,16
230842,230859,230860,1,17
230842,230860,230861,1,18
230842,230860,230861,1,18
230842,230858,230861,3,16
230842,230859,230861,2,17
230842,230858,230861,3,16
230842,230860,230862,2,18
230842,230861,230862,1,19
230842,230861,230862,1,19
230842,230861,230862,1,19
230842,230861,230862,1,19
230842,230861,230862,1,19
230842,230861,230862,1,19
230842,230861,230862,1,19
230842,230861,230862,1,19
230842,230861,230862,1,19
230842,230861,230862,1,19
230842,230861,230862,1,19
230842,230860,230862,2,18
225461,225474,230997,5523,13
230997,230997,230999,2,0
230997,230997,230999,2,0
230997,230997,230999,2,0
230997,230997,230999,2,0
230997,230997,230999,2,0
230997,230997,230999,2,0
230997,230997,230999,2,0
230997,230997,230999,2,0
230997,230997,230998,1,0
230997,230997,230999,2,0
230997,230997,230999,2,0
230997,230997,230999,2,0
230997,230997,230999,2,0
230997,230997,230999,2,0
230997,230997,230999,2,0
230997,230997,230999,2,0
230997,230997,230999,2,0
230997,230997,230999,2,0
230997,230997,230999,2,0
230997,230997,230999,2,0
230997,230997,231001,4,0
230997,230997,231001,4,0
230997,230997,231002,5,0
230997,230997,231001,4,0
230997,230999,231002,3,2
230997,230999,231002,3,2
230997,230999,231002,3,2
230997,230997,231002,5,0
230997,230999,231002,3,2
230997,230999,231002,3,2
230997,230999,231002,3,2
230997,230999,231002,3,2
230997,230999,231002,3,2
230997,230999,231002,3,2
230997,230999,231002,3,2
230997,230999,231003,4,2
230997,230999,231003,4,2
230997,230999,231002,3,2
230997,231000,231003,3,3
230997,231001,231003,2,4
230997,230999,231002,3,2
230997,231000,231003,3,3
230997,231000,231003,3,3
230997,230999,231002,3,2
230997,231000,231003,3,3
230997,231000,231004,4,3
230997,231002,231004,2,5
230997,231002,231004,2,5
230997,231002,231004,2,5
230997,231002,231004,2,5
230997,231002,231004,2,5
230997,231002,231004,2,5
230997,231002,231004,2,5
230997,231001,231004,3,4
230997,231002,231004,2,5
230997,231002,231004,2,5
230997,231002,231004,2,5
230997,231002,231004,2,5
230997,231002,231005,3,5
230997,231003,231005,2,6
230997,231003,231005,2,6
230997,231003,231005,2,6
230997,231004,231005,1,7
230997,231004,231005,1,7
230997,231003,231005,2,6
230997,231004,231005,1,7
230997,231003,231005,2,6
230997,231004,231006,2,7
230997,231004,231006,2,7
230997,231002,231005,3,5
230997,231004,231006,2,7
230997,231005,231006,1,8
230997,231004,231006,2,7
230997,231005,231006,1,8
230997,231005,231006,1,8
230997,231005,231006,1,8
230997,231005,231006,1,8
230997,231005,231006,1,8
230997,231005,231006,1,8
230997,231005,231006,1,8
230997,231005,231006,1,8
230997,231005,231006,1,8
230997,231005,231006,1,8
230997,231005,231006,1,8
230997,231005,231007,2,8
230997,231006,231007,1,9
230997,231007,231008,1,10
230997,231006,231007,1,9
230997,231006,231007,1,9
230997,231006,231007,1,9
230997,231006,231008,2,9
230997,231006,231007,1,9
230997,231006,231008,2,9
230997,231007,231008,1,10
230997,231008,231009,1,11
230997,231007,231008,1,10
230997,231007,231008,1,10
230997,231007,231008,1,10
230997,231007,231008,1,10
230997,231007,231008,1,10
230997,231007,231008,1,10
230997,231007,231008,1,10
230997,231007,231008,1,10
230997,231007,231008,1,10
230997,231007,231008,1,10
230997,231007,231008,1,10
230997,231007,231008,1,10
230997,231007,231009,2,10
230997,231006,231009,3,9
230997,231008,231009,1,11
230997,231008,231009,1,11
230997,231009,231010,1,12
230997,231009,231010,1,12
230997,231008,231010,2,11
230997,231008,231010,2,11
230997,231008,231010,2,11
230997,231008,231010,2,11
230997,231008,231010,2,11
230997,231007,231010,3,10
230997,231009,231010,1,12
230997,231009,231010,1,12
230997,231009,231011,2,12
230997,231009,231011,2,12
230997,231009,231010,1,12
230997,231009,231010,1,12
230997,231009,231010,1,12
230997,231009,231011,2,12
230997,231009,231011,2,12
230997,231009,231010,1,12
230997,231009,231011,2,12
230997,231010,231012,2,13
230997,231010,231011,1,13
230997,231010,231011,1,13
230997,231011,231012,1,14
230997,231009,231011,2,12
230997,231010,231012,2,13
230997,231011,231012,1,14
230997,231009,231011,2,12
230997,231010,231012,2,13
230997,231010,231012,2,13
230997,231009,231011,2,12
230997,231011,231012,1,14
230997,231010,231012,2,13
230997,231010,231012,2,13
230997,231011,231012,1,14
230997,231012,231013,1,15
230997,231011,231012,1,14
230997,231012,231013,1,15
230997,231011,231012,1,14
230997,231011,231012,1,14
230997,231011,231012,1,14
230997,231011,231012,1,14
230997,231011,231012,1,14
230997,231011,231012,1,14
230997,231010,231013,3,13
230997,231009,231013,4,12
230997,231011,231013,2,14
230997,231012,231013,1,15
230997,231012,231013,1,15
230997,231012,231013,1,15
230997,231013,231014,1,16
230997,231012,231013,1,15
230997,231012,231013,1,15
230997,231013,231014,1,16
230997,231013,231014,1,16
230997,231013,231014,1,16
230997,231012,231014,2,15
230997,231012,231014,2,15
230997,231012,231013,1,15
230997,231012,231013,1,15
230997,231013,231014,1,16
230997,231013,231014,1,16
230997,231013,231014,1,16
230997,231013,231014,1,16
230997,231013,231014,1,16
230997,231013,231014,1,16
230997,231013,231014,1,16
230997,231013,231015,2,16
230997,231014,231015,1,17
230997,231014,231015,1,17
230997,231014,231015,1,17
230997,231014,231016,2,17
230997,231014,231015,1,17
230997,231014,231016,2,17
230997,231014,231016,2,17
230997,231014,231016,2,17
230997,231014,231016,2,17
230997,231014,231016,2,17
230997,231012,231015,3,15
230997,231013,231015,2,16
230997,231014,231016,2,17
230997,231014,231016,2,17
230997,231014,231016,2,17
230997,231014,231017,3,17
227258,227305,231184,3879,47
231185,231185,231186,1,0
231185,231185,231186,1,0
231185,231185,231186,1,0
231185,231185,231187,2,0
231185,231185,231187,2,0
231185,231185,231186,1,0
231185,231185,231187,2,0
231185,231185,231186,1,0
231185,231185,231186,1,0
231185,231185,231186,1,0
231185,231185,231187,2,0
231185,231185,231186,1,0
231185,231185,231186,1,0
231185,231185,231186,1,0
231185,231185,231186,1,0
231185,231185,231187,2,0
231185,231185,231187,2,0
231185,231185,231186,1,0
231185,231185,231187,2,0
231185,231185,231187,2,0
231185,231185,231187,2,0
231185,231186,231187,1,1
231185,231185,231187,2,0
231185,231185,231187,2,0
231185,231185,231187,2,0
231185,231185,231187,2,0
231185,231186,231187,1,1
231185,231187,231188,1,2
231185,231187,231188,1,2
231185,231187,231188,1,2
231185,231187,231189,2,2
231185,231187,231189,2,2
231185,231187,231188,1,2
231185,231187,231188,1,2
231185,231187,231188,1,2
231185,231187,231188,1,2
231185,231187,231188,1,2
231185,231187,231189,2,2
231185,231187,231188,1,2
231185,231187,231188,1,2
231185,231187,231189,2,2
231185,231187,231188,1,2
231185,231188,231189,1,3
231185,231187,231189,2,2
231185,231188,231190,2,3
231185,231188,231190,2,3
231185,231188,231190,2,3
231185,231188,231190,2,3
231185,231188,231190,2,3
231185,231189,231191,2,4
231185,231189,231190,1,4
231185,231189,231190,1,4
231185,231189,231190,1,4
231185,231189,231190,1,4
231185,231189,231191,2,4
231185,231189,231190,1,4
231185,231189,231191,2,4
231185,231189,231191,2,4
231185,231189,231191,2,4
231185,231189,231190,1,4
231185,231189,231190,1,4
231185,231189,231190,1,4
231185,231188,231191,3,3
231185,231188,231190,2,3
231185,231188,231191,3,3
231185,231189,231191,2,4
231185,231189,231192,3,4
231185,231191,231192,1,6
231185,231191,231192,1,6
231185,231191,231192,1,6
231185,231190,231191,1,5
231185,231191,231192,1,6
231185,231191,231192,1,6
231185,231190,231192,2,5
231185,231191,231192,1,6
231185,231191,231192,1,6
231185,231191,231192,1,6
231185,231190,231191,1,5
231185,231191,231192,1,6
231185,231190,231192,2,5
231185,231191,231193,2,6
231185,231191,231192,1,6
231185,231191,231193,2,6
231185,231191,231192,1,6
231185,231191,231192,1,6
231185,231191,231192,1,6
231185,231192,231193,1,7
231185,231192,231193,1,7
231185,231192,231193,1,7
231185,231192,231193,1,7
231185,231191,231193,2,6
231185,231191,231193,2,6
231185,231191,231193,2,6
231185,231191,231192,1,6
231185,231192,231194,2,7
231185,231192,231194,2,7
231185,231192,231193,1,7
231185,231192,231193,1,7
231185,231192,231193,1,7
231185,231192,231193,1,7
231185,231192,231194,2,7
231185,231192,231194,2,7
231185,231192,231193,1,7
231185,231192,231193,1,7
231185,231192,231194,2,7
231185,231193,231194,1,8
231185,231193,231194,1,8
231185,231193,231194,1,8
231185,231193,231195,2,8
231185,231193,231194,1,8
231185,231193,231194,1,8
231185,231193,231195,2,8
231185,231194,231195,1,9
231185,231194,231195,1,9
231185,231194,231195,1,9
231185,231193,231195,2,8
231185,231194,231195,1,9
231185,231193,231195,2,8
231185,231193,231195,2,8
231185,231193,231195,2,8
231185,231193,231195,2,8
231185,231194,231196,2,9
231185,231193,231195,2,8
231185,231193,231195,2,8
231185,231194,231195,1,9
231185,231194,231196,2,9
231185,231194,231196,2,9
231185,231194,231196,2,9
231185,231194,231196,2,9
231185,231194,231196,2,9
231185,231195,231197,2,10
231185,231195,231197,2,10
231185,231195,231196,1,10
231185,231195,231196,1,10
231185,231195,231197,2,10
231185,231195,231197,2,10
231185,231195,231197,2,10
231185,231195,231197,2,10
231185,231195,231197,2,10
231185,231195,231197,2,10
231185,231196,231197,1,11
231185,231196,231197,1,11
231185,231195,231197,2,10
231185,231195,231197,2,10
231185,231196,231197,1,11
231185,231196,231198,2,11
231185,231196,231198,2,11
231185,231196,231198,2,11
231185,231196,231198,2,11
231185,231197,231198,1,12
231185,231197,231198,1,12
231185,231197,231198,1,12
231185,231195,231198,3,10
231185,231196,231198,2,11
231185,231196,231198,2,11
231185,231198,231199,1,13
231185,231198,231199,1,13
231185,231196,231198,2,11
231185,231197,231199,2,12
231185,231197,231198,1,12
231185,231197,231198,1,12
231185,231198,231199,1,13
231185,231197,231199,2,12
231185,231197,231198,1,12
231185,231198,231199,1,13
231185,231197,231199,2,12
231185,231197,231198,1,12
231185,231198,231199,1,13
231185,231198,231199,1,13
231185,231198,231199,1,13
231185,231198,231199,1,13
231185,231197,231199,2,12
231185,231198,231199,1,13
231185,231198,231199,1,13
231185,231198,231200,2,13
231185,231198,231200,2,13
231185,231199,231200,1,14
231185,231199,231200,1,14
231185,231199,231200,1,14
231185,231199,231200,1,14
231185,231199,231200,1,14
231185,231200,231201,1,15
231185,231199,231201,2,14
231185,231199,231201,2,14
231185,231198,231200,2,13
231185,231199,231200,1,14
231185,231199,231200,1,14
231185,231199,231200,1,14
231185,231199,231201,2,14
231185,231199,231201,2,14
231185,231200,231201,1,15
231185,231200,231201,1,15
231185,231200,231201,1,15
231185,231200,231201,1,15
231185,231200,231201,1,15
231185,231200,231201,1,15
231185,231200,231201,1,15
231185,231200,231201,1,15
226653,226667,231761,5094,14
231763,231763,231764,1,0
231763,231763,231764,1,0
231763,231763,231764,1,0
231763,231763,231765,2,0
231763,231763,231765,2,0
231763,231763,231764,1,0
231763,231763,231764,1,0
231763,231763,231764,1,0
231763,231763,231764,1,0
231763,231763,231764,1,0
231763,231763,231764,1,0
231763,231763,231765,2,0
231763,231763,231765,2,0
231763,231763,231765,2,0
231763,231763,231764,1,0
231763,231763,231765,2,0
231763,231763,231765,2,0
231763,231763,231765,2,0
231763,231763,231765,2,0
231763,231763,231765,2,0
231763,231763,231765,2,0
231763,231764,231765,1,1
231763,231763,231766,3,0
231763,231763,231766,3,0
231763,231765,231767,2,2
231763,231763,231767,4,0
231763,231763,231767,4,0
231763,231765,231767,2,2
231763,231765,231767,2,2
231763,231765,231768,3,2
231763,231765,231768,3,2
231763,231765,231768,3,2
231763,231765,231767,2,2
231763,231765,231768,3,2
231763,231765,231767,2,2
231763,231765,231768,3,2
231763,231765,231768,3,2
231763,231765,231768,3,2
231763,231765,231768,3,2
231763,231765,231767,2,2
231763,231766,231768,2,3
231763,231765,231768,3,2
231763,231767,231768,1,4
231763,231766,231769,3,3
231763,231766,231769,3,3
231763,231767,231768,1,4
231763,231765,231768,3,2
231763,231766,231768,2,3
231763,231765,231768,3,2
231763,231766,231769,3,3
231763,231766,231769,3,3
231763,231767,231769,2,4
231763,231767,231770,3,4
231763,231768,231770,2,5
231763,231768,231770,2,5
231763,231768,231770,2,5
231763,231768,231770,2,5
231763,231768,231770,2,5
231763,231768,231770,2,5
231763,231769,231770,1,6
231763,231768,231769,1,5
231763,231768,231770,2,5
231763,231768,231770,2,5
231763,231768,231770,2,5
231763,231768,231770,2,5
231763,231768,231770,2,5
231763,231768,231770,2,5
231763,231769,231770,1,6
231763,231769,231771,2,6
231763,231769,231771,2,6
231763,231770,231771,1,7
231763,231770,231771,1,7
231763,231770,231771,1,7
231763,231770,231771,1,7
231763,231768,231771,3,5
231763,231769,231771,2,6
231763,231769,231771,2,6
231763,231769,231771,2,6
231763,231769,231770,1,6
231763,231769,231771,2,6
231763,231770,231771,1,7
231763,231770,231772,2,7
231763,231771,231772,1,8
231763,231770,231772,2,7
231763,231770,231772,2,7
231763,231770,231771,1,7
231763,231770,231771,1,7
231763,231770,231772,2,7
231763,231770,231772,2,7
231763,231770,231772,2,7
231763,231772,231773,1,9
231763,231770,231772,2,7
231763,231771,231772,1,8
231763,231772,231773,1,9
231763,231771,231773,2,8
231763,231771,231773,2,8
231763,231772,231773,1,9
231763,231772,231773,1,9
231763,231772,231773,1,9
231763,231772,231773,1,9
231763,231772,231773,1,9
231763,231772,231773,1,9
231763,231772,231773,1,9
231763,231773,231774,1,10
231763,231773,231774,1,10
231763,231772,231774,2,9
231763,231772,231774,2,9
231763,231773,231774,1,10
231763,231773,231774,1,10
231763,231773,231774,1,10
231763,231773,231774,1,10
231763,231773,231774,1,10
231763,231773,231774,1,10
231763,231774,231775,1,11
231763,231772,231774,2,9
231763,231772,231774,2,9
231763,231773,231774,1,10
231763,231774,231775,1,11
231763,231773,231774,1,10
231763,231773,231774,1,10
231763,231774,231775,1,11
231763,231773,231775,2,10
231763,231773,231775,2,10
231763,231774,231775,1,11
231763,231774,231775,1,11
231763,231774,231775,1,11
231763,231774,231775,1,11
231763,231774,231775,1,11
231763,231774,231775,1,11
231763,231774,231775,1,11
231763,231775,231776,1,12
231763,231775,231776,1,12
231763,231774,231776,2,11
231763,231774,231776,2,11
231763,231775,231776,1,12
231763,231775,231776,1,12
231763,231776,231777,1,13
231763,231775,231776,1,12
231763,231775,231776,1,12
231763,231775,231776,1,12
231763,231775,231776,1,12
231763,231775,231776,1,12
231763,231776,231777,1,13
231763,231775,231776,1,12
231763,231775,231776,1,12
231763,231775,231776,1,12
231763,231776,231777,1,13
231763,231775,231777,2,12
231763,231775,231777,2,12
231763,231776,231777,1,13
231763,231777,231778,1,14
231763,231776,231777,1,13
231763,231776,231777,1,13
231763,231776,231777,1,13
231763,231776,231777,1,13
231763,231777,231778,1,14
231763,231776,231777,1,13
231763,231776,231777,1,13
231763,231776,231777,1,13
231763,231777,231778,1,14
231763,231777,231778,1,14
231763,231777,231778,1,14
231763,231777,231778,1,14
231763,231778,231779,1,15
231763,231777,231778,1,14
231763,231777,231778,1,14
231763,231778,231779,1,15
231763,231777,231778,1,14
231763,231777,231778,1,14
231763,231778,231779,1,15
231763,231777,231778,1,14
231763,231777,231778,1,14
231763,231777,231778,1,14
231763,231777,231778,1,14
231763,231778,231779,1,15
231763,231778,231779,1,15
231763,231778,231779,1,15
231763,231778,231779,1,15
231763,231779,231780,1,16
231763,231779,231780,1,16
231763,231778,231779,1,15
231763,231779,231780,1,16
231763,231778,231779,1,15
231763,231778,231779,1,15
231763,231778,231780,2,15
231763,231778,231779,1,15
231763,231779,231780,1,16
231763,231779,231780,1,16
231763,231779,231780,1,16
231763,231779,231780,1,16
231763,231779,231781,2,16
227044,227059,232290,5231,15
232291,232291,232292,1,0
232291,232291,232293,2,0
232291,232291,232293,2,0
232291,232291,232292,1,0
232291,232291,232293,2,0
232291,232291,232293,2,0
232291,232291,232293,2,0
232291,232291,232293,2,0
232291,232291,232293,2,0
232291,232291,232293,2,0
232291,232291,232293,2,0
232291,232291,232293,2,0
232291,232291,232293,2,0
232291,232291,232293,2,0
232291,232291,232293,2,0
232291,232292,232293,1,1
232291,232291,232293,2,0
232291,232291,232294,3,0
232291,232291,232294,3,0
232291,232291,232294,3,0
232291,232292,232294,2,1
232291,232292,232294,2,1
232291,232291,232294,3,0
232291,232291,232294,3,0
232291,232291,232294,3,0
232291,232293,232295,2,2
232291,232293,232295,2,2
232291,232293,232295,2,2
232291,232293,232295,2,2
232291,232293,232295,2,2
232291,232293,232295,2,2
232291,232293,232295,2,2
232291,232293,232295,2,2
232291,232293,232295,2,2
232291,232294,232295,1,3
232291,232294,232295,1,3
232291,232294,232295,1,3
232291,232294,232295,1,3
232291,232293,232296,3,2
232291,232294,232295,1,3
232291,232294,232295,1,3
232291,232294,232296,2,3
232291,232295,232296,1,4
232291,232295,232296,1,4
232291,232295,232296,1,4
232291,232295,232296,1,4
232291,232295,232296,1,4
232291,232295,232296,1,4
232291,232294,232297,3,3
232291,232294,232296,2,3
232291,232295,232297,2,4
232291,232296,232297,1,5
232291,232296,232297,1,5
232291,232296,232297,1,5
232291,232296,232297,1,5
232291,232296,232297,1,5
232291,232296,232297,1,5
232291,232296,232297,1,5
232291,232296,232297,1,5
232291,232296,232297,1,5
232291,232296,232297,1,5
232291,232296,232298,2,5
232291,232296,232297,1,5
232291,232296,232298,2,5
232291,232296,232297,1,5
232291,232298,232299,1,7
232291,232298,232299,1,7
232291,232298,232299,1,7
232291,232297,232298,1,6
232291,232297,232298,1,6
232291,232298,232299,1,7
232291,232298,232299,1,7
232291,232297,232298,1,6
232291,232297,232298,1,6
232291,232296,232298,2,5
232291,232297,232298,1,6
232291,232297,232298,1,6
232291,232297,232299,2,6
232291,232297,232299,2,6
232291,232297,232299,2,6
232291,232298,232299,1,7
232291,232298,232299,1,7
232291,232299,232300,1,8
232291,232298,232299,1,7
232291,232299,232300,1,8
232291,232299,232300,1,8
232291,232299,232300,1,8
232291,232299,232300,1,8
232291,232298,232299,1,7
232291,232298,232299,1,7
232291,232298,232299,1,7
232291,232299,232300,1,8
232291,232298,232299,1,7
232291,232300,232301,1,9
232291,232300,232301,1,9
232291,232299,232300,1,8
232291,232299,232300,1,8
232291,232300,232301,1,9
232291,232299,232300,1,8
232291,232300,232301,1,9
232291,232299,232300,1,8
232291,232299,232300,1,8
232291,232299,232301,2,8
232291,232299,232301,2,8
232291,232300,232301,1,9
232291,232300,232301,1,9
232291,232301,232302,1,10
232291,232300,232301,1,9
232291,232300,232301,1,9
232291,232301,232302,1,10
232291,232300,232301,1,9
232291,232300,232301,1,9
232291,232300,232301,1,9
232291,232300,232301,1,9
232291,232300,232301,1,9
232291,232300,232301,1,9
232291,232301,232302,1,10
232291,232300,232301,1,9
232291,232299,232302,3,8
232291,232299,232302,3,8
232291,232302,232303,1,11
232291,232302,232303,1,11
232291,232301,232302,1,10
232291,232302,232303,1,11
232291,232301,232302,1,10
232291,232301,232303,2,10
232291,232301,232302,1,10
232291,232302,232303,1,11
232291,232301,232302,1,10
232291,232301,232302,1,10
232291,232301,232302,1,10
232291,232302,232303,1,11
232291,232301,232303,2,10
232291,232301,232303,2,10
232291,232302,232303,1,11
232291,232302,232303,1,11
232291,232303,232304,1,12
232291,232302,232303,1,11
232291,232302,232303,1,11
232291,232303,232304,1,12
232291,232302,232303,1,11
232291,232303,232304,1,12
232291,232302,232303,1,11
232291,232302,232304,2,11
232291,232302,232304,2,11
232291,232303,232304,1,12
232291,232303,232304,1,12
232291,232302,232304,2,11
232291,232302,232304,2,11
232291,232302,232304,2,11
232291,232304,232305,1,13
232291,232303,232304,1,12
232291,232303,232304,1,12
232291,232303,232304,1,12
232291,232303,232305,2,12
232291,232303,232304,1,12
232291,232303,232304,1,12
232291,232303,232304,1,12
232291,232304,232305,1,13
232291,232303,232305,2,12
232291,232303,232305,2,12
232291,232304,232305,1,13
232291,232304,232305,1,13
232291,232305,232306,1,14
232291,232304,232305,1,13
232291,232304,232305,1,13
232291,232305,232306,1,14
232291,232304,232305,1,13
232291,232304,232305,1,13
232291,232305,232306,1,14
232291,232304,232306,2,13
232291,232304,232306,2,13
232291,232304,232306,2,13
232291,232304,232305,1,13
232291,232305,232306,1,14
232291,232304,232306,2,13
232291,232304,232306,2,13
232291,232304,232306,2,13
232291,232306,232307,1,15
232291,232305,232306,1,14
232291,232305,232306,1,14
232291,232305,232306,1,14
232291,232305,232307,2,14
232291,232305,232306,1,14
232291,232305,232306,1,14
232291,232305,232307,2,14
232291,232305,232307,2,14
232291,232306,232307,1,15
232291,232306,232308,2,15
232291,232306,232307,1,15
232291,232306,232307,1,15
232291,232306,232308,2,15
232291,232306,232308,2,15
232291,232306,232310,4,15
229040,229054,232452,3398,14
232454,232454,232455,1,0
232454,232454,232455,1,0
232454,232454,232455,1,0
232454,232454,232456,2,0
232454,232454,232456,2,0
232454,232454,232456,2,0
232454,232454,232456,2,0
232454,232454,232456,2,0
232454,232454,232456,2,0
232454,232454,232456,2,0
232454,232454,232455,1,0
232454,232454,232456,2,0
232454,232454,232456,2,0
232454,232454,232456,2,0
232454,232454,232456,2,0
232454,232454,232455,1,0
232454,232454,232455,1,0
232454,232455,232456,1,1
232454,232454,232457,3,0
232454,232454,232457,3,0
232454,232454,232456,2,0
232454,232454,232456,2,0
232454,232454,232457,3,0
232454,232454,232456,2,0
232454,232454,232457,3,0
232454,232454,232456,2,0
232454,232455,232456,1,1
232454,232455,232457,2,1
232454,232456,232458,2,2
232454,232456,232458,2,2
232454,232456,232458,2,2
232454,232456,232458,2,2
232454,232456,232458,2,2
232454,232456,232458,2,2
232454,232456,232458,2,2
232454,232456,232458,2,2
232454,232456,232458,2,2
232454,232456,232458,2,2
232454,232456,232458,2,2
232454,232456,232457,1,2
232454,232456,232458,2,2
232454,232456,232458,2,2
232454,232457,232458,1,3
232454,232457,232459,2,3
232454,232457,232459,2,3
232454,232457,232459,2,3
232454,232457,232459,2,3
232454,232458,232460,2,4
232454,232457,232460,3,3
232454,232457,232460,3,3
232454,232457,232460,3,3
232454,232457,232460,3,3
232454,232457,232460,3,3
232454,232457,232460,3,3
232454,232458,232460,2,4
232454,232458,232460,2,4
232454,232458,232460,2,4
232454,232458,232460,2,4
232454,232458,232460,2,4
232454,232459,232461,2,5
232454,232458,232461,3,4
232454,232458,232461,3,4
232454,232458,232461,3,4
232454,232460,232461,1,6
232454,232458,232461,3,4
232454,232458,232461,3,4
232454,232459,232461,2,5
232454,232458,232461,3,4
232454,232459,232461,2,5
232454,232458,232461,3,4
232454,232458,232461,3,4
232454,232461,232462,1,7
232454,232460,232462,2,6
232454,232461,232462,1,7
232454,232461,232462,1,7
232454,232461,232462,1,7
232454,232461,232462,1,7
232454,232461,232462,1,7
232454,232461,232462,1,7
232454,232461,232462,1,7
232454,232461,232462,1,7
232454,232461,232462,1,7
232454,232462,232463,1,8
232454,232462,232463,1,8
232454,232462,232463,1,8
232454,232461,232462,1,7
232454,232461,232463,2,7
232454,232462,232463,1,8
232454,232462,232463,1,8
232454,232462,232463,1,8
232454,232462,232463,1,8
232454,232462,232463,1,8
232454,232463,232464,1,9
232454,232462,232463,1,8
232454,232462,232463,1,8
232454,232463,232464,1,9
232454,232462,232464,2,8
232454,232462,232464,2,8
232454,232463,232464,1,9
232454,232464,232465,1,10
232454,232463,232464,1,9
232454,232463,232464,1,9
232454,232463,232465,2,9
232454,232464,232465,1,10
232454,232463,232464,1,9
232454,232463,232464,1,9
232454,232463,232465,2,9
232454,232463,232464,1,9
232454,232463,232464,1,9
232454,232465,232466,1,11
232454,232465,232466,1,11
232454,232465,232466,1,11
232454,232464,232465,1,10
232454,232465,232466,1,11
232454,232464,232465,1,10
232454,232463,232465,2,9
232454,232463,232465,2,9
232454,232464,232465,1,10
232454,232464,232465,1,10
232454,232464,232465,1,10
232454,232464,232465,1,10
232454,232464,232465,1,10
232454,232464,232465,1,10
232454,232465,232466,1,11
232454,232464,232465,1,10
232454,232463,232466,3,9
232454,232464,232466,2,10
232454,232465,232466,1,11
232454,232465,232466,1,11
232454,232466,232467,1,12
232454,232466,232467,1,12
232454,232466,232467,1,12
232454,232465,232466,1,11
232454,232465,232467,2,11
232454,232466,232467,1,12
232454,232465,232466,1,11
232454,232465,232466,1,11
232454,232466,232467,1,12
232454,232466,232467,1,12
232454,232465,232467,2,11
232454,232466,232467,1,12
232454,232466,232467,1,12
232454,232467,232468,1,13
232454,232467,232468,1,13
232454,232467,232468,1,13
232454,232466,232467,1,12
232454,232466,232467,1,12
232454,232467,232468,1,13
232454,232466,232467,1,12
232454,232466,232467,1,12
232454,232466,232467,1,12
232454,232466,232467,1,12
232454,232466,232467,1,12
232454,232466,232467,1,12
232454,232467,232468,1,13
232454,232467,232468,1,13
232454,232467,232468,1,13
232454,232467,232468,1,13
232454,232467,232468,1,13
232454,232468,232469,1,14
232454,232468,232469,1,14
232454,232468,232469,1,14
232454,232467,232468,1,13
232454,232467,232468,1,13
232454,232467,232469,2,13
232454,232468,232469,1,14
232454,232468,232469,1,14
232454,232467,232469,2,13
232454,232467,232468,1,13
232454,232468,232469,1,14
232454,232468,232469,1,14
232454,232469,232470,1,15
232454,232469,232470,1,15
232454,232468,232469,1,14
232454,232469,232470,1,15
232454,232468,232469,1,14
232454,232468,232469,1,14
232454,232468,232469,1,14
232454,232468,232470,2,14
232454,232468,232470,2,14
232454,232468,232469,1,14
232454,232468,232469,1,14
232454,232469,232471,2,15
232454,232469,232470,1,15
232454,232469,232470,1,15
232454,232469,232470,1,15
232454,232469,232471,2,15
232454,232469,232470,1,15
232454,232469,232470,1,15
227257,227287,232657,5370,30
232659,232659,232660,1,0
232659,232659,232660,1,0
232659,232659,232660,1,0
232659,232659,232661,2,0
232659,232659,232660,1,0
232659,232659,232660,1,0
232659,232659,232660,1,0
232659,232659,232660,1,0
232659,232659,232660,1,0
232659,232659,232660,1,0
232659,232659,232660,1,0
232659,232659,232660,1,0
232659,232659,232661,2,0
232659,232659,232661,2,0
232659,232659,232661,2,0
232659,232659,232661,2,0
232659,232659,232661,2,0
232659,232659,232661,2,0
232659,232659,232661,2,0
232659,232659,232661,2,0
232659,232659,232661,2,0
232659,232659,232661,2,0
232659,232659,232662,3,0
232659,232659,232662,3,0
232659,232659,232662,3,0
232659,232661,232662,1,2
232659,232661,232662,1,2
232659,232661,232662,1,2
232659,232661,232662,1,2
232659,232661,232662,1,2
232659,232661,232663,2,2
232659,232661,232663,2,2
232659,232661,232662,1,2
232659,232661,232662,1,2
232659,232661,232663,2,2
232659,232661,232662,1,2
232659,232661,232663,2,2
232659,232661,232662,1,2
232659,232661,232663,2,2
232659,232661,232663,2,2
232659,232662,232665,3,3
232659,232662,232665,3,3
232659,232662,232665,3,3
232659,232663,232665,2,4
232659,232663,232665,2,4
232659,232663,232665,2,4
232659,232662,232665,3,3
232659,232662,232665,3,3
232659,232663,232665,2,4
232659,232663,232665,2,4
232659,232662,232665,3,3
232659,232662,232665,3,3
232659,232662,232665,3,3
232659,232662,232665,3,3
232659,232662,232665,3,3
232659,232663,232666,3,4
232659,232663,232665,2,4
232659,232663,232666,3,4
232659,232663,232667,4,4
232659,232663,232667,4,4
232659,232663,232667,4,4
232659,232663,232667,4,4
232659,232663,232667,4,4
232659,232663,232667,4,4
232659,232663,232667,4,4
232659,232665,232667,2,6
232659,232665,232668,3,6
232659,232665,232667,2,6
232659,232665,232667,2,6
232659,232665,232667,2,6
232659,232666,232667,1,7
232659,232667,232668,1,8
232659,232665,232668,3,6
232659,232665,232668,3,6
232659,232665,232668,3,6
232659,232665,232667,2,6
232659,232666,232667,1,7
232659,232667,232668,1,8
232659,232665,232668,3,6
232659,232665,232667,2,6
232659,232666,232667,1,7
232659,232667,232668,1,8
232659,232667,232668,1,8
232659,232665,232668,3,6
232659,232665,232668,3,6
232659,232665,232668,3,6
232659,232665,232668,3,6
232659,232667,232668,1,8
232659,232667,232668,1,8
232659,232667,232669,2,8
232659,232668,232670,2,9
232659,232668,232669,1,9
232659,232668,232669,1,9
232659,232668,232669,1,9
232659,232668,232669,1,9
232659,232668,232669,1,9
232659,232668,232669,1,9
232659,232668,232670,2,9
232659,232668,232670,2,9
232659,232668,232670,2,9
232659,232668,232670,2,9
232659,232668,232670,2,9
232659,232668,232670,2,9
232659,232668,232670,2,9
232659,232668,232670,2,9
232659,232668,232670,2,9
232659,232668,232670,2,9
232659,232668,232670,2,9
232659,232668,232671,3,9
232659,232669,232672,3,10
232659,232669,232672,3,10
232659,232668,232672,4,9
232659,232669,232673,4,10
232659,232668,232673,5,9
232659,232669,232673,4,10
232659,232670,232673,3,11
232659,232670,232674,4,11
232659,232670,232673,3,11
232659,232670,232674,4,11
232659,232670,232674,4,11
232659,232670,232674,4,11
232659,232670,232674,4,11
232659,232670,232674,4,11
232659,232670,232675,5,11
232659,232673,232675,2,14
232659,232670,232675,5,11
232659,232670,232675,5,11
232659,232670,232675,5,11
232659,232670,232674,4,11
232659,232670,232675,5,11
232659,232670,232675,5,11
232659,232670,232674,4,11
232659,232672,232675,3,13
232659,232670,232675,5,11
232659,232670,232675,5,11
232659,232673,232675,2,14
232659,232672,232675,3,13
232659,232674,232675,1,15
232659,232674,232675,1,15
232659,232674,232676,2,15
232659,232674,232676,2,15
232659,232674,232676,2,15
232659,232674,232675,1,15
232659,232674,232676,2,15
232659,232674,232676,2,15
232659,232675,232676,1,16
232659,232675,232676,1,16
232659,232673,232676,3,14
232659,232674,232676,2,15
232659,232675,232677,2,16
232659,232676,232677,1,17
232659,232675,232677,2,16
232659,232676,232677,1,17
232659,232676,232678,2,17
232659,232676,232678,2,17
232659,232676,232678,2,17
232659,232675,232678,3,16
232659,232676,232678,2,17
232659,232676,232678,2,17
232659,232676,232678,2,17
232659,232676,232678,2,17
232659,232675,232678,3,16
232659,232675,232678,3,16
232659,232675,232678,3,16
232659,232676,232678,2,17
232659,232676,232678,2,17
232659,232676,232678,2,17
232659,232676,232679,3,17
232659,232677,232679,2,18
232659,232676,232679,3,17
232659,232677,232680,3,18
232659,232677,232681,4,18
232659,232678,232681,3,19
232659,232677,232681,4,18
232659,232678,232681,3,19
232659,232678,232681,3,19
232659,232677,232681,4,18
232659,232677,232681,4,18
232659,232678,232682,4,19
232659,232678,232681,3,19
232659,232678,232682,4,19
232659,232678,232682,4,19
232659,232680,232682,2,21
232659,232679,232682,3,20
232659,232679,232682,3,20
232659,232679,232682,3,20
232659,232678,232682,4,19
232659,232679,232682,3,20
232659,232679,232682,3,20
232659,232680,232682,2,21
232659,232681,232682,1,22
232659,232682,232683,1,23
232659,232678,232683,5,19
232659,232678,232682,4,19
232659,232680,232682,2,21
232659,232678,232682,4,19
232659,232679,232683,4,20
232659,232681,232683,2,22
232659,232682,232683,1,23
227185,227205,232828,5623,20
232830,232830,232832,2,0
232830,232830,232832,2,0
232830,232830,232832,2,0
232830,232830,232832,2,0
232830,232830,232832,2,0
232830,232830,232832,2,0
232830,232830,232832,2,0
232830,232830,232832,2,0
232830,232830,232832,2,0
232830,232830,232832,2,0
232830,232830,232832,2,0
232830,232832,232833,1,2
232830,232830,232833,3,0
232830,232830,232833,3,0
232830,232830,232833,3,0
232830,232830,232833,3,0
232830,232830,232832,2,0
232830,232830,232833,3,0
232830,232830,232833,3,0
232830,232830,232833,3,0
232830,232830,232833,3,0
232830,232830,232833,3,0
232830,232830,232833,3,0
232830,232830,232833,3,0
232830,232830,232833,3,0
232830,232830,232833,3,0
232830,232833,232834,1,3
232830,232833,232834,1,3
232830,232833,232834,1,3
232830,232833,232834,1,3
232830,232833,232834,1,3
232830,232833,232834,1,3
232830,232833,232834,1,3
232830,232833,232834,1,3
232830,232833,232834,1,3
232830,232833,232834,1,3
232830,232833,232834,1,3
232830,232833,232835,2,3
232830,232833,232835,2,3
232830,232833,232835,2,3
232830,232833,232834,1,3
232830,232833,232835,2,3
232830,232833,232835,2,3
232830,232834,232836,2,4
232830,232834,232835,1,4
232830,232834,232836,2,4
232830,232833,232835,2,3
232830,232834,232835,1,4
232830,232834,232836,2,4
232830,232834,232836,2,4
232830,232835,232838,3,5
232830,232835,232838,3,5
232830,232835,232837,2,5
232830,232834,232837,3,4
232830,232835,232838,3,5
232830,232835,232838,3,5
232830,232838,232839,1,8
232830,232835,232838,3,5
232830,232835,232839,4,5
232830,232835,232838,3,5
232830,232835,232838,3,5
232830,232835,232839,4,5
232830,232838,232839,1,8
232830,232835,232838,3,5
232830,232838,232839,1,8
232830,232835,232838,3,5
232830,232835,232838,3,5
232830,232835,232839,4,5
232830,232835,232839,4,5
232830,232836,232839,3,6
232830,232836,232839,3,6
232830,232835,232839,4,5
232830,232836,232838,2,6
232830,232837,232839,2,7
232830,232835,232839,4,5
232830,232836,232839,3,6
232830,232836,232839,3,6
232830,232836,232839,3,6
232830,232839,232840,1,9
232830,232839,232840,1,9
232830,232839,232840,1,9
232830,232839,232840,1,9
232830,232838,232839,1,8
232830,232839,232840,1,9
232830,232839,232840,1,9
232830,232839,232840,1,9
232830,232839,232841,2,9
232830,232839,232840,1,9
232830,232839,232840,1,9
232830,232839,232840,1,9
232830,232839,232840,1,9
232830,232839,232840,1,9
232830,232839,232841,2,9
232830,232839,232841,2,9
232830,232839,232841,2,9
232830,232839,232841,2,9
232830,232840,232841,1,10
232830,232839,232841,2,9
232830,232839,232841,2,9
232830,232839,232841,2,9
232830,232839,232841,2,9
232830,232839,232841,2,9
232830,232839,232842,3,9
232830,232839,232842,3,9
232830,232840,232842,2,10
232830,232840,232842,2,10
232830,232840,232843,3,10
232830,232840,232843,3,10
232830,232841,232844,3,11
232830,232841,232844,3,11
232830,232841,232844,3,11
232830,232841,232844,3,11
232830,232841,232844,3,11
232830,232841,232844,3,11
232830,232841,232843,2,11
232830,232841,232844,3,11
232830,232841,232844,3,11
232830,232841,232844,3,11
232830,232843,232844,1,13
232830,232843,232844,1,13
232830,232844,232845,1,14
232830,232844,232845,1,14
232830,232841,232844,3,11
232830,232842,232844,2,12
232830,232844,232845,1,14
232830,232842,232844,2,12
232830,232843,232845,2,13
232830,232844,232845,1,14
232830,232842,232845,3,12
232830,232842,232845,3,12
232830,232842,232845,3,12
232830,232842,232844,2,12
232830,232842,232845,3,12
232830,232841,232845,4,11
232830,232842,232845,3,12
232830,232842,232845,3,12
232830,232845,232846,1,15
232830,232845,232846,1,15
232830,232844,232845,1,14
232830,232844,232845,1,14
232830,232845,232846,1,15
232830,232844,232845,1,14
232830,232845,232846,1,15
232830,232844,232846,2,14
232830,232844,232846,2,14
232830,232843,232845,2,13
232830,232845,232846,1,15
232830,232845,232846,1,15
232830,232845,232846,1,15
232830,232845,232847,2,15
232830,232845,232847,2,15
232830,232845,232847,2,15
232830,232845,232847,2,15
232830,232845,232847,2,15
232830,232845,232847,2,15
232830,232846,232847,1,16
232830,232846,232847,1,16
232830,232846,232847,1,16
232830,232846,232847,1,16
232830,232846,232847,1,16
232830,232846,232847,1,16
232830,232846,232849,3,16
232830,232846,232850,4,16
232830,232847,232850,3,17
232830,232847,232850,3,17
232830,232846,232850,4,16
232830,232846,232850,4,16
232830,232846,232850,4,16
232830,232846,232850,4,16
232830,232847,232850,3,17
232830,232850,232851,1,20
232830,232850,232851,1,20
232830,232847,232850,3,17
232830,232850,232851,1,20
232830,232847,232851,4,17
232830,232847,232851,4,17
232830,232847,232851,4,17
232830,232846,232850,4,16
232830,232846,232851,5,16
232830,232847,232851,4,17
232830,232850,232851,1,20
232830,232846,232851,5,16
232830,232847,232851,4,17
232830,232848,232852,4,18
232830,232848,232852,4,18
232830,232848,232852,4,18
232830,232848,232852,4,18
232830,232848,232851,3,18
232830,232848,232851,3,18
232830,232849,232851,2,19
232830,232851,232852,1,21
232830,232851,232852,1,21
232830,232850,232852,2,20
232830,232850,232852,2,20
232830,232851,232852,1,21
232830,232848,232852,4,18
232830,232851,232853,2,21
232830,232851,232852,1,21
232830,232851,232852,1,21
232830,232851,232853,2,21
227528,227553,232862,5309,25
232863,232863,232864,1,0
232863,232863,232864,1,0
232863,232863,232864,1,0
232863,232863,232864,1,0
232863,232863,232864,1,0
232863,232863,232865,2,0
232863,232863,232864,1,0
232863,232863,232864,1,0
232863,232863,232864,1,0
232863,232863,232865,2,0
232863,232863,232865,2,0
232863,232863,232865,2,0
232863,232863,232865,2,0
232863,232863,232865,2,0
232863,232863,232866,3,0
232863,232863,232865,2,0
232863,232863,232865,2,0
232863,232863,232865,2,0
232863,232863,232866,3,0
232863,232863,232865,2,0
232863,232863,232865,2,0
232863,232863,232865,2,0
232863,232863,232866,3,0
232863,232865,232866,1,2
232863,232865,232866,1,2
232863,232865,232867,2,2
232863,232865,232866,1,2
232863,232865,232866,1,2
232863,232865,232867,2,2
232863,232865,232866,1,2
232863,232865,232866,1,2
232863,232865,232866,1,2
232863,232865,232867,2,2
232863,232865,232867,2,2
232863,232865,232867,2,2
232863,232866,232867,1,3
232863,232866,232868,2,3
232863,232866,232868,2,3
232863,232866,232868,2,3
232863,232866,232868,2,3
232863,232866,232868,2,3
232863,232866,232868,2,3
232863,232866,232868,2,3
232863,232866,232868,2,3
232863,232867,232868,1,4
232863,232867,232868,1,4
232863,232867,232868,1,4
232863,232867,232868,1,4
232863,232867,232868,1,4
232863,232867,232868,1,4
232863,232867,232868,1,4
232863,232867,232869,2,4
232863,232867,232869,2,4
232863,232867,232869,2,4
232863,232867,232869,2,4
232863,232866,232868,2,3
232863,232866,232868,2,3
232863,232867,232869,2,4
232863,232868,232870,2,5
232863,232868,232870,2,5
232863,232868,232870,2,5
232863,232868,232870,2,5
232863,232868,232870,2,5
232863,232868,232870,2,5
232863,232868,232870,2,5
232863,232868,232870,2,5
232863,232868,232870,2,5
232863,232869,232870,1,6
232863,232869,232870,1,6
232863,232869,232870,1,6
232863,232869,232871,2,6
232863,232869,232870,1,6
232863,232869,232870,1,6
232863,232869,232870,1,6
232863,232869,232870,1,6
232863,232869,232871,2,6
232863,232869,232871,2,6
232863,232869,232871,2,6
232863,232869,232871,2,6
232863,232869,232871,2,6
232863,232869,232871,2,6
232863,232870,232871,1,7
232863,232863,232872,9,0
232863,232871,232872,1,8
232863,232871,232872,1,8
232863,232871,232872,1,8
232863,232871,232872,1,8
232863,232871,232872,1,8
232863,232871,232872,1,8
232863,232871,232872,1,8
232863,232870,232871,1,7
232863,232870,232872,2,7
232863,232870,232872,2,7
232863,232870,232871,1,7
232863,232870,232872,2,7
232863,232870,232872,2,7
232863,232870,232872,2,7
232863,232870,232872,2,7
232863,232863,232873,10,0
232863,232872,232873,1,9
232863,232871,232873,2,8
232863,232872,232873,1,9
232863,232871,232872,1,8
232863,232871,232873,2,8
232863,232871,232873,2,8
232863,232871,232873,2,8
232863,232871,232873,2,8
232863,232872,232873,1,9
232863,232873,232874,1,10
232863,232872,232873,1,9
232863,232872,232874,2,9
232863,232873,232874,1,10
232863,232872,232873,1,9
232863,232873,232874,1,10
232863,232872,232873,1,9
232863,232872,232873,1,9
232863,232871,232873,2,8
232863,232872,232874,2,9
232863,232872,232874,2,9
232863,232873,232874,1,10
232863,232873,232874,1,10
232863,232873,232874,1,10
232863,232872,232874,2,9
232863,232872,232874,2,9
232863,232873,232874,1,10
232863,232874,232875,1,11
232863,232874,232875,1,11
232863,232874,232875,1,11
232863,232874,232875,1,11
232863,232874,232875,1,11
232863,232873,232875,2,10
232863,232873,232875,2,10
232863,232873,232875,2,10
229146,229171,232876,3705,25
232863,232875,232876,1,12
232863,232874,232875,1,11
232863,232874,232875,1,11
232863,232874,232875,1,11
232863,232874,232876,2,11
232863,232875,232876,1,12
232863,232875,232876,1,12
232863,232873,232876,3,10
232863,232874,232876,2,11
232863,232874,232876,2,11
232863,232874,232876,2,11
232863,232875,232877,2,12
232863,232875,232876,1,12
232863,232875,232876,1,12
232863,232875,232876,1,12
232863,232875,232876,1,12
232863,232875,232876,1,12
232863,232875,232876,1,12
232863,232875,232876,1,12
232863,232876,232877,1,13
232863,232876,232877,1,13
232863,232875,232876,1,12
232863,232876,232877,1,13
232863,232876,232877,1,13
232863,232876,232877,1,13
232863,232876,232877,1,13
232863,232877,232878,1,14
232863,232876,232878,2,13
232863,232878,232879,1,15
232863,232877,232878,1,14
232863,232877,232878,1,14
232863,232877,232878,1,14
232863,232877,232878,1,14
232863,232877,232878,1,14
232863,232878,232879,1,15
232863,232877,232878,1,14
232863,232877,232879,2,14
232863,232877,232878,1,14
232863,232877,232878,1,14
232863,232877,232878,1,14
232863,232877,232879,2,14
232863,232877,232878,1,14
232863,232878,232879,1,15
232863,232878,232879,1,15
232863,232878,232879,1,15
232863,232878,232879,1,15
232863,232877,232879,2,14
232863,232877,232879,2,14
232863,232872,232880,8,9
232863,232878,232880,2,15
232863,232879,232881,2,16
232863,232879,232881,2,16
232876,232879,232881,2,3
232876,232879,232881,2,3
232863,232878,232881,3,15
232876,232880,232881,1,4
232863,232879,232881,2,16
232863,232879,232881,2,16
232863,232879,232882,3,16
232876,232880,232881,1,4
232863,232879,232881,2,16
232863,232879,232881,2,16
232876,232880,232881,1,4
232863,232879,232881,2,16
232876,232880,232881,1,4
232876,232880,232881,1,4
232863,232879,232881,2,16
232863,232879,232881,2,16
232876,232880,232882,2,4
232876,232879,232881,2,3
232876,232881,232882,1,5
232876,232882,232883,1,6
232863,232879,232882,3,16
232876,232880,232882,2,4
232876,232881,232882,1,5
232876,232882,232883,1,6
232876,232882,232883,1,6
232876,232882,232883,1,6
232876,232882,232883,1,6
232876,232882,232883,1,6
232876,232882,232883,1,6
232876,232882,232884,2,6
232876,232882,232883,1,6
232876,232882,232884,2,6
232876,232882,232884,2,6
232876,232882,232884,2,6
232876,232882,232884,2,6
232863,232879,232884,5,16
232876,232881,232884,3,5
232876,232883,232884,1,7
232876,232883,232884,1,7
232876,232883,232885,2,7
232876,232882,232884,2,6
232876,232882,232884,2,6
232876,232882,232884,2,6
232876,232883,232885,2,7
232876,232883,232886,3,7
232876,232884,232886,2,8
232876,232884,232886,2,8
232876,232885,232887,2,9
232876,232884,232886,2,8
232876,232884,232887,3,8
232876,232884,232886,2,8
232876,232884,232887,3,8
232876,232884,232887,3,8
232876,232884,232887,3,8
232876,232884,232887,3,8
232876,232884,232887,3,8
232876,232885,232887,2,9
232876,232885,232887,2,9
232876,232887,232888,1,11
232876,232884,232887,3,8
232876,232884,232887,3,8
232876,232885,232888,3,9
232876,232887,232888,1,11
232876,232885,232887,2,9
232876,232885,232887,2,9
232876,232885,232887,2,9
232876,232886,232888,2,10
232876,232888,232889,1,12
232876,232888,232889,1,12
232876,232887,232888,1,11
232876,232887,232888,1,11
232876,232887,232888,1,11
232876,232887,232888,1,11
232876,232887,232888,1,11
232876,232887,232888,1,11
232876,232888,232889,1,12
232876,232887,232888,1,11
232876,232887,232888,1,11
232876,232887,232889,2,11
232876,232887,232888,1,11
232876,232888,232890,2,12
232876,232888,232890,2,12
232876,232888,232890,2,12
232876,232888,232890,2,12
232876,232889,232891,2,13
232876,232888,232890,2,12
232876,232888,232891,3,12
232876,232888,232891,3,12
232876,232889,232891,2,13
232876,232889,232891,2,13
232876,232889,232891,2,13
232876,232889,232891,2,13
232876,232889,232891,2,13
232876,232889,232891,2,13
232876,232889,232891,2,13
232876,232889,232891,2,13
232876,232891,232892,1,15
232876,232889,232892,3,13
232876,232889,232891,2,13
232876,232889,232892,3,13
232876,232890,232892,2,14
232876,232889,232892,3,13
232876,232890,232892,2,14
232876,232890,232892,2,14
232876,232892,232893,1,16
232876,232892,232893,1,16
232876,232892,232893,1,16
232876,232892,232893,1,16
232876,232890,232893,3,14
232876,232891,232893,2,15
232876,232891,232893,2,15
232876,232891,232893,2,15
232876,232892,232893,1,16
232876,232893,232894,1,17
232876,232892,232893,1,16
232876,232893,232894,1,17
232876,232892,232893,1,16
232876,232893,232894,1,17
232876,232892,232893,1,16
232876,232892,232894,2,16
232876,232893,232894,1,17
232876,232892,232894,2,16
232876,232892,232894,2,16
232876,232892,232893,1,16
232876,232882,232893,11,6
232876,232884,232894,10,8
232876,232892,232894,2,16
232876,232892,232894,2,16
232876,232893,232894,1,17
232876,232893,232894,1,17
232876,232884,232895,11,8
232876,232894,232896,2,18
232876,232894,232896,2,18
232876,232894,232896,2,18
232876,232894,232896,2,18
232876,232893,232896,3,17
232876,232893,232896,3,17
232876,232894,232896,2,18
232876,232894,232896,2,18
232876,232894,232896,2,18
232876,232894,232896,2,18
232876,232894,232896,2,18
232876,232894,232897,3,18
232876,232896,232897,1,20
232876,232896,232897,1,20
232876,232896,232897,1,20
232876,232894,232896,2,18
232876,232894,232897,3,18
232876,232896,232897,1,20
232876,232894,232897,3,18
232876,232894,232897,3,18
232876,232894,232897,3,18
232876,232894,232897,3,18
232876,232895,232897,2,19
232876,232895,232897,2,19
232876,232897,232898,1,21
232876,232897,232898,1,21
232876,232897,232898,1,21
232876,232897,232898,1,21
232876,232897,232898,1,21
232876,232897,232898,1,21
232876,232897,232898,1,21
232876,232896,232898,2,20
232876,232896,232898,2,20
232876,232896,232898,2,20
232876,232897,232898,1,21
232876,232897,232898,1,21
232876,232898,232899,1,22
232876,232897,232899,2,21
232876,232898,232899,1,22
232876,232898,232899,1,22
232876,232897,232899,2,21
232876,232898,232899,1,22
232876,232897,232899,2,21
232876,232897,232899,2,21
232876,232898,232899,1,22
232876,232898,232899,1,22
232876,232898,232899,1,22
232876,232898,232900,2,22
232876,232898,232899,1,22
232876,232899,232900,1,23
232876,232898,232900,2,22
232876,232899,232900,1,23
232876,232898,232900,2,22
232876,232899,232900,1,23
232876,232899,232901,2,23
232876,232899,232900,1,23
232876,232900,232901,1,24
232876,232899,232901,2,23
232876,232900,232901,1,24
232876,232900,232901,1,24
232876,232894,232901,7,18
232876,232894,232901,7,18
232876,232900,232901,1,24
232876,232900,232901,1,24
232876,232900,232901,1,24
232876,232900,232901,1,24
232876,232899,232901,2,23
232876,232900,232902,2,24
232876,232900,232902,2,24
232876,232900,232901,1,24
232876,232901,232902,1,25
232876,232901,232902,1,25
232876,232901,232902,1,25
232876,232895,232902,7,19
232876,232900,232902,2,24
229067,229086,232911,3825,19
232912,232912,232914,2,0
232912,232912,232913,1,0
232912,232912,232913,1,0
232912,232912,232913,1,0
232912,232912,232913,1,0
232912,232912,232914,2,0
232912,232912,232913,1,0
232912,232912,232914,2,0
232912,232912,232914,2,0
232912,232912,232914,2,0
232912,232912,232913,1,0
232912,232912,232914,2,0
232912,232912,232914,2,0
232912,232912,232914,2,0
232912,232912,232914,2,0
232912,232912,232915,3,0
232912,232912,232915,3,0
232912,232914,232915,1,2
232912,232914,232915,1,2
232912,232914,232915,1,2
232912,232914,232916,2,2
232912,232914,232916,2,2
232912,232914,232915,1,2
232912,232914,232916,2,2
232912,232914,232916,2,2
232912,232914,232916,2,2
232912,232914,232916,2,2
232912,232914,232916,2,2
232912,232914,232916,2,2
232912,232914,232916,2,2
232912,232914,232916,2,2
232912,232912,232915,3,0
232912,232915,232917,2,3
232912,232915,232917,2,3
232912,232916,232917,1,4
232912,232916,232917,1,4
232912,232916,232917,1,4
232912,232916,232917,1,4
232912,232916,232918,2,4
232912,232916,232918,2,4
232912,232916,232918,2,4
232912,232916,232918,2,4
232912,232916,232918,2,4
232912,232916,232917,1,4
232912,232916,232918,2,4
232912,232916,232918,2,4
232912,232916,232918,2,4
232912,232915,232917,2,3
232912,232916,232919,3,4
232912,232916,232918,2,4
232912,232918,232920,2,6
232912,232918,232919,1,6
232912,232918,232920,2,6
232912,232912,232920,8,0
232912,232918,232920,2,6
232912,232918,232919,1,6
232912,232918,232920,2,6
232912,232918,232920,2,6
232912,232918,232919,1,6
232912,232918,232920,2,6
232912,232918,232920,2,6
232912,232919,232920,1,7
232912,232918,232920,2,6
232912,232918,232920,2,6
232912,232918,232920,2,6
232912,232917,232920,3,5
232912,232917,232920,3,5
232912,232918,232920,2,6
232912,232912,232921,9,0
232912,232912,232921,9,0
232912,232920,232921,1,8
232912,232920,232921,1,8
232912,232920,232921,1,8
232912,232919,232921,2,7
232863,232873,232880,7,10
232912,232920,232921,1,8
232912,232920,232921,1,8
232912,232921,232922,1,9
232912,232912,232922,10,0
232912,232920,232921,1,8
232912,232921,232922,1,9
232912,232921,232922,1,9
232912,232920,232922,2,8
232912,232920,232922,2,8
232912,232920,232922,2,8
232912,232920,232922,2,8
232912,232921,232922,1,9
232912,232921,232922,1,9
232912,232921,232922,1,9
232912,232921,232922,1,9
232912,232921,232922,1,9
232912,232921,232922,1,9
232912,232922,232923,1,10
232912,232922,232924,2,10
232912,232922,232924,2,10
232912,232922,232924,2,10
232876,232922,232924,2,46
232912,232922,232924,2,10
232912,232922,232925,3,10
232912,232922,232925,3,10
232912,232922,232925,3,10
232912,232923,232925,2,11
232912,232923,232925,2,11
232912,232923,232925,2,11
232912,232923,232925,2,11
232912,232923,232925,2,11
232912,232923,232925,2,11
232912,232923,232925,2,11
232912,232923,232925,2,11
232912,232923,232926,3,11
232912,232923,232926,3,11
232912,232924,232925,1,12
232912,232924,232925,1,12
232912,232925,232926,1,13
232912,232926,232927,1,14
232912,232923,232926,3,11
232912,232924,232927,3,12
232912,232926,232927,1,14
232912,232926,232927,1,14
232912,232926,232927,1,14
232912,232927,232928,1,15
232912,232927,232928,1,15
232912,232926,232927,1,14
232912,232926,232927,1,14
232912,232926,232927,1,14
232912,232926,232927,1,14
232912,232927,232928,1,15
232912,232926,232927,1,14
232912,232926,232927,1,14
232912,232926,232927,1,14
232912,232926,232927,1,14
232912,232926,232927,1,14
232912,232926,232927,1,14
232912,232925,232928,3,13
232912,232925,232928,3,13
232912,232927,232928,1,15
232912,232927,232928,1,15
232912,232928,232929,1,16
232912,232928,232930,2,16
232912,232928,232931,3,16
232912,232928,232930,2,16
232912,232928,232930,2,16
232912,232928,232931,3,16
232912,232928,232931,3,16
232912,232928,232931,3,16
232912,232929,232931,2,17
232912,232930,232931,1,18
232912,232920,232931,11,8
232912,232928,232931,3,16
232912,232928,232931,3,16
232912,232931,232932,1,19
232912,232928,232931,3,16
232912,232928,232931,3,16
232912,232928,232931,3,16
232912,232928,232932,4,16
232912,232928,232931,3,16
232912,232929,232932,3,17
232912,232929,232932,3,17
232912,232931,232932,1,19
232912,232928,232932,4,16
232912,232928,232932,4,16
232912,232932,232933,1,20
232912,232931,232932,1,19
232912,232931,232932,1,19
232912,232931,232932,1,19
232912,232931,232932,1,19
232912,232931,232932,1,19
232912,232932,232933,1,20
232912,232932,232933,1,20
232912,232932,232933,1,20
232912,232932,232933,1,20
232912,232923,232932,9,11
232912,232932,232933,1,20
232912,232933,232934,1,21
232912,232933,232934,1,21
232912,232933,232934,1,21
232912,232933,232934,1,21
232912,232932,232933,1,20
232912,232932,232933,1,20
232912,232933,232934,1,21
232912,232933,232934,1,21
232912,232932,232934,2,20
232912,232932,232934,2,20
232912,232932,232934,2,20
232912,232932,232934,2,20
232912,232932,232934,2,20
232912,232932,232934,2,20
232912,232933,232934,1,21
232912,232933,232934,1,21
232912,232933,232934,1,21
232912,232933,232934,1,21
232912,232933,232934,1,21
232912,232932,232946,14,20
232912,232912,232922,10,0
232912,233009,233011,2,97
232912,233009,233011,2,97
227841,227857,233036,5179,16
233037,233037,233038,1,0
233037,233037,233038,1,0
233037,233037,233039,2,0
233037,233037,233039,2,0
233037,233037,233039,2,0
233037,233037,233038,1,0
233037,233037,233039,2,0
233037,233037,233039,2,0
233037,233037,233039,2,0
233037,233037,233039,2,0
233037,233037,233039,2,0
233037,233037,233039,2,0
233037,233037,233038,1,0
233037,233037,233038,1,0
233037,233037,233040,3,0
233037,233037,233040,3,0
233037,233038,233039,1,1
233037,233038,233040,2,1
233037,233037,233039,2,0
233037,233037,233040,3,0
233037,233037,233040,3,0
233037,233037,233040,3,0
233037,233037,233040,3,0
233037,233037,233040,3,0
233037,233037,233040,3,0
233037,233037,233040,3,0
233037,233039,233041,2,2
233037,233039,233041,2,2
233037,233039,233041,2,2
233037,233039,233041,2,2
233037,233039,233041,2,2
233037,233039,233041,2,2
233037,233039,233042,3,2
233037,233039,233041,2,2
233037,233039,233042,3,2
233037,233039,233042,3,2
233037,233039,233042,3,2
233037,233039,233042,3,2
233037,233037,233042,5,0
233037,233040,233043,3,3
233037,233040,233043,3,3
233037,233040,233043,3,3
233037,233040,233043,3,3
233037,233042,233044,2,5
233037,233041,233044,3,4
233037,233042,233044,2,5
233037,233041,233044,3,4
233037,233041,233044,3,4
233037,233042,233044,2,5
233037,233042,233044,2,5
233037,233041,233044,3,4
233037,233041,233044,3,4
233037,233042,233044,2,5
233037,233043,233044,1,6
233037,233041,233044,3,4
233037,233042,233044,2,5
233037,233040,233044,4,3
233037,233041,233044,3,4
233037,233041,233044,3,4
233037,233041,233044,3,4
233037,233041,233045,4,4
233037,233041,233045,4,4
233037,233041,233045,4,4
233037,233041,233045,4,4
233037,233044,233045,1,7
233037,233043,233045,2,6
233037,233044,233046,2,7
233037,233043,233046,3,6
233037,233044,233046,2,7
233037,233045,233046,1,8
233037,233045,233046,1,8
233037,233045,233046,1,8
233037,233045,233046,1,8
233037,233045,233046,1,8
233037,233045,233046,1,8
233037,233045,233046,1,8
233037,233045,233046,1,8
233037,233045,233046,1,8
233037,233045,233046,1,8
233037,233045,233046,1,8
233037,233045,233046,1,8
233037,233045,233047,2,8
233037,233046,233047,1,9
233037,233046,233047,1,9
233037,233045,233047,2,8
233037,233045,233048,3,8
233037,233045,233048,3,8
233037,233046,233048,2,9
233037,233046,233048,2,9
233037,233047,233049,2,10
233037,233046,233049,3,9
233037,233046,233049,3,9
233037,233046,233048,2,9
233037,233046,233049,3,9
233037,233047,233049,2,10
233037,233047,233049,2,10
233037,233047,233049,2,10
233037,233048,233050,2,11
233037,233047,233049,2,10
233037,233047,233049,2,10
233037,233047,233049,2,10
233037,233048,233050,2,11
233037,233047,233049,2,10
233037,233047,233049,2,10
233037,233047,233050,3,10
233037,233046,233050,4,9
233037,233049,233050,1,12
233037,233049,233050,1,12
233037,233050,233051,1,13
233037,233048,233050,2,11
233037,233047,233050,3,10
233037,233047,233050,3,10
233037,233048,233051,3,11
233037,233048,233051,3,11
233037,233048,233051,3,11
233037,233050,233051,1,13
233037,233050,233051,1,13
233037,233050,233051,1,13
233037,233050,233051,1,13
233037,233050,233051,1,13
233037,233051,233052,1,14
233037,233050,233051,1,13
233037,233050,233051,1,13
233037,233050,233051,1,13
233037,233051,233052,1,14
233037,233050,233051,1,13
233037,233050,233051,1,13
233037,233050,233052,2,13
233037,233048,233051,3,11
233037,233049,233052,3,12
233037,233050,233052,2,13
233037,233051,233052,1,14
233037,233050,233052,2,13
233037,233051,233052,1,14
233037,233051,233052,1,14
233037,233051,233053,2,14
233037,233051,233053,2,14
233037,233051,233053,2,14
233037,233051,233053,2,14
233037,233052,233053,1,15
233037,233052,233053,1,15
233037,233052,233053,1,15
233037,233052,233053,1,15
233037,233053,233054,1,16
233037,233052,233053,1,15
233037,233052,233053,1,15
233037,233052,233053,1,15
233037,233052,233053,1,15
233037,233052,233053,1,15
233037,233052,233053,1,15
233037,233053,233054,1,16
233037,233052,233053,1,15
233037,233052,233053,1,15
233037,233053,233054,1,16
233037,233052,233054,2,15
233037,233051,233053,2,14
233037,233052,233056,4,15
233037,233052,233057,5,15
233037,233054,233057,3,17
233037,233054,233058,4,17
233037,233054,233058,4,17
233037,233053,233058,5,16
233037,233053,233058,5,16
233037,233054,233058,4,17
233037,233054,233058,4,17
233037,233054,233058,4,17
233037,233054,233058,4,17
233037,233054,233058,4,17
233037,233054,233058,4,17
233037,233054,233058,4,17
233037,233054,233058,4,17
233037,233054,233058,4,17
233037,233054,233058,4,17
233037,233054,233058,4,17
233037,233054,233058,4,17
233037,233054,233058,4,17
233037,233053,233058,5,16
233037,233053,233057,4,16
233037,233053,233058,5,16
233037,233054,233058,4,17
233037,233058,233060,2,21
233037,233058,233060,2,21
233037,233058,233061,3,21
233037,233058,233061,3,21
233037,233058,233060,2,21
233037,233058,233060,2,21
233037,233058,233060,2,21
233037,233058,233061,3,21
233037,233058,233061,3,21
233037,233058,233060,2,21
233037,233058,233060,2,21
233037,233058,233060,2,21
233037,233054,233061,7,17
233037,233057,233061,4,20
233037,233058,233061,3,21
233037,233058,233062,4,21
233037,233058,233063,5,21
233037,233058,233062,4,21
229829,229847,233307,3460,18
233308,233308,233309,1,0
233308,233308,233309,1,0
233308,233308,233309,1,0
233308,233308,233309,1,0
233308,233308,233309,1,0
233308,233308,233309,1,0
233308,233308,233309,1,0
233308,233308,233309,1,0
233308,233308,233309,1,0
233308,233308,233309,1,0
233308,233308,233309,1,0
233308,233308,233309,1,0
233308,233308,233310,2,0
233308,233308,233310,2,0
233308,233308,233310,2,0
233308,233308,233310,2,0
233308,233308,233310,2,0
233308,233309,233310,1,1
233308,233309,233310,1,1
233308,233309,233310,1,1
233308,233308,233310,2,0
233308,233308,233310,2,0
233308,233308,233310,2,0
233308,233308,233311,3,0
233308,233308,233311,3,0
233308,233308,233311,3,0
233308,233310,233312,2,2
233308,233310,233312,2,2
233308,233310,233312,2,2
233308,233308,233312,4,0
233308,233310,233312,2,2
233308,233310,233312,2,2
233308,233310,233312,2,2
233308,233310,233312,2,2
233308,233310,233313,3,2
233308,233311,233313,2,3
233308,233310,233312,2,2
233308,233311,233312,1,3
233308,233311,233313,2,3
233308,233310,233312,2,2
233308,233311,233312,1,3
233308,233311,233313,2,3
233308,233310,233313,3,2
233308,233310,233313,3,2
233308,233311,233313,2,3
233308,233311,233313,2,3
233308,233312,233313,1,4
233308,233312,233314,2,4
233308,233312,233313,1,4
233308,233312,233313,1,4
233308,233312,233313,1,4
233308,233311,233313,2,3
233308,233311,233313,2,3
233308,233312,233314,2,4
233308,233312,233314,2,4
233308,233313,233314,1,5
233308,233313,233314,1,5
233308,233313,233314,1,5
233308,233313,233314,1,5
233308,233313,233315,2,5
233308,233313,233314,1,5
233308,233313,233315,2,5
233308,233313,233314,1,5
233308,233313,233314,1,5
233308,233313,233314,1,5
233308,233314,233315,1,6
233308,233313,233314,1,5
233308,233314,233315,1,6
233308,233313,233314,1,5
233308,233313,233315,2,5
233308,233314,233315,1,6
233308,233314,233315,1,6
233308,233314,233315,1,6
233308,233313,233315,2,5
233308,233314,233316,2,6
233308,233314,233316,2,6
233308,233315,233317,2,7
233308,233314,233316,2,6
233308,233315,233317,2,7
233308,233315,233317,2,7
233308,233315,233317,2,7
233308,233314,233317,3,6
233308,233314,233317,3,6
233308,233315,233317,2,7
233308,233315,233317,2,7
233308,233317,233318,1,9
233308,233315,233317,2,7
233308,233315,233317,2,7
233308,233315,233317,2,7
233308,233315,233317,2,7
233308,233315,233317,2,7
233308,233315,233317,2,7
233308,233316,233318,2,8
233308,233315,233317,2,7
233308,233315,233317,2,7
233308,233317,233318,1,9
233308,233315,233318,3,7
233308,233316,233318,2,8
233308,233316,233318,2,8
233308,233317,233318,1,9
233308,233315,233317,2,7
233308,233316,233318,2,8
233308,233317,233318,1,9
233308,233317,233319,2,9
233308,233318,233319,1,10
233308,233318,233319,1,10
233308,233317,233319,2,9
233308,233318,233319,1,10
233308,233317,233318,1,9
233308,233317,233319,2,9
233308,233317,233319,2,9
233308,233318,233319,1,10
233308,233319,233320,1,11
233308,233318,233319,1,10
233308,233318,233319,1,10
233308,233318,233319,1,10
233308,233318,233320,2,10
233308,233318,233319,1,10
233308,233318,233320,2,10
233308,233318,233319,1,10
233308,233318,233319,1,10
233308,233319,233320,1,11
233308,233318,233320,2,10
233308,233318,233320,2,10
233308,233318,233320,2,10
233308,233319,233320,1,11
233308,233318,233320,2,10
233308,233318,233320,2,10
233308,233319,233321,2,11
233308,233319,233321,2,11
233308,233319,233320,1,11
233308,233319,233320,1,11
233308,233318,233320,2,10
233308,233319,233321,2,11
233308,233319,233321,2,11
233308,233318,233322,4,10
233308,233320,233322,2,12
233308,233320,233323,3,12
233308,233320,233323,3,12
233308,233320,233323,3,12
233308,233320,233323,3,12
233308,233320,233323,3,12
233308,233320,233323,3,12
233308,233320,233323,3,12
233308,233320,233323,3,12
233308,233320,233323,3,12
233308,233320,233323,3,12
233308,233320,233323,3,12
233308,233320,233323,3,12
233308,233320,233323,3,12
233308,233321,233323,2,13
233308,233321,233324,3,13
233308,233323,233324,1,15
233308,233323,233324,1,15
233308,233323,233324,1,15
233308,233321,233323,2,13
233308,233323,233324,1,15
233308,233323,233324,1,15
233308,233321,233323,2,13
233308,233320,233324,4,12
233308,233320,233323,3,12
233308,233321,233324,3,13
233308,233320,233324,4,12
233308,233321,233324,3,13
233308,233323,233324,1,15
233308,233324,233325,1,16
233308,233324,233325,1,16
233308,233324,233325,1,16
233308,233323,233325,2,15
233308,233323,233324,1,15
233308,233323,233325,2,15
233308,233324,233325,1,16
233308,233324,233325,1,16
233308,233323,233325,2,15
233308,233323,233325,2,15
233308,233323,233325,2,15
233308,233323,233324,1,15
233308,233321,233325,4,13
233308,233324,233325,1,16
233308,233323,233325,2,15
233308,233324,233326,2,16
233308,233324,233326,2,16
233308,233324,233325,1,16
233308,233324,233326,2,16
233308,233324,233326,2,16
233308,233324,233326,2,16
233308,233324,233326,2,16
233308,233325,233326,1,17
233308,233325,233326,1,17
233308,233325,233328,3,17
233308,233325,233328,3,17
233308,233325,233328,3,17
233308,233325,233328,3,17
233308,233325,233328,3,17
233308,233325,233328,3,17
233308,233325,233329,4,17
233308,233325,233329,4,17
233308,233325,233329,4,17
233308,233325,233328,3,17
230360,230375,233864,3489,15
228584,228599,233865,5266,15
233865,233865,233867,2,0
233865,233865,233867,2,0
233865,233865,233867,2,0
233865,233865,233867,2,0
233865,233865,233867,2,0
233865,233865,233867,2,0
233865,233865,233867,2,0
233865,233865,233867,2,0
233865,233865,233867,2,0
233865,233865,233867,2,0
233865,233865,233868,3,0
233865,233865,233868,3,0
233865,233865,233868,3,0
233865,233865,233868,3,0
233865,233865,233868,3,0
233865,233865,233869,4,0
233865,233865,233868,3,0
233865,233865,233869,4,0
233865,233865,233869,4,0
233865,233865,233869,4,0
233865,233865,233869,4,0
233865,233865,233869,4,0
233865,233865,233868,3,0
233865,233865,233869,4,0
233865,233865,233868,3,0
233865,233867,233869,2,2
233865,233867,233869,2,2
233865,233867,233869,2,2
233865,233867,233870,3,2
233865,233867,233870,3,2
233865,233867,233870,3,2
233865,233868,233870,2,3
233865,233865,233870,5,0
233865,233867,233870,3,2
233865,233868,233870,2,3
233865,233868,233870,2,3
233865,233867,233870,3,2
233865,233867,233870,3,2
233865,233867,233870,3,2
233865,233868,233870,2,3
233865,233869,233871,2,4
233865,233869,233871,2,4
233865,233869,233871,2,4
233865,233869,233871,2,4
233865,233869,233871,2,4
233865,233869,233871,2,4
233865,233869,233871,2,4
233865,233869,233872,3,4
233865,233869,233871,2,4
233865,233869,233872,3,4
233865,233870,233872,2,5
233865,233870,233872,2,5
233865,233870,233872,2,5
233865,233870,233872,2,5
233865,233869,233871,2,4
233865,233869,233872,3,4
233865,233870,233872,2,5
233865,233869,233872,3,4
233865,233870,233873,3,5
233865,233871,233872,1,6
233865,233871,233872,1,6
233865,233871,233872,1,6
233865,233871,233872,1,6
233865,233871,233872,1,6
233865,233871,233872,1,6
233865,233871,233872,1,6
233865,233871,233873,2,6
233865,233871,233873,2,6
233865,233872,233873,1,7
233865,233872,233873,1,7
233865,233872,233873,1,7
233865,233872,233873,1,7
233865,233873,233876,3,8
233865,233873,233875,2,8
233865,233873,233876,3,8
233865,233872,233876,4,7
233865,233873,233876,3,8
233865,233873,233876,3,8
233865,233873,233876,3,8
233865,233873,233876,3,8
233865,233873,233876,3,8
233865,233873,233877,4,8
233865,233873,233877,4,8
233865,233873,233876,3,8
233865,233873,233876,3,8
233865,233873,233876,3,8
233865,233873,233876,3,8
233865,233873,233876,3,8
233865,233874,233876,2,9
233865,233876,233877,1,11
233865,233873,233876,3,8
233865,233873,233876,3,8
233865,233873,233876,3,8
233865,233874,233876,2,9
233865,233876,233877,1,11
233865,233872,233877,5,7
233865,233872,233877,5,7
233865,233872,233877,5,7
233865,233877,233878,1,12
233865,233877,233878,1,12
233865,233874,233877,3,9
233865,233874,233877,3,9
233865,233876,233878,2,11
233865,233877,233878,1,12
233865,233877,233878,1,12
233865,233877,233878,1,12
233865,233877,233878,1,12
233865,233877,233878,1,12
233865,233877,233878,1,12
233865,233877,233878,1,12
233865,233878,233879,1,13
233865,233877,233878,1,12
233865,233877,233878,1,12
233865,233877,233878,1,12
233865,233877,233878,1,12
233865,233877,233878,1,12
233865,233877,233878,1,12
233865,233877,233878,1,12
233865,233877,233878,1,12
233865,233877,233879,2,12
233865,233877,233879,2,12
233865,233877,233879,2,12
233865,233877,233880,3,12
233865,233878,233880,2,13
233865,233878,233880,2,13
233865,233878,233881,3,13
233865,233879,233881,2,14
233865,233879,233881,2,14
233865,233879,233881,2,14
233865,233879,233881,2,14
233865,233879,233882,3,14
233865,233879,233882,3,14
233865,233879,233882,3,14
233865,233879,233882,3,14
233865,233879,233882,3,14
233865,233879,233882,3,14
233865,233879,233882,3,14
233865,233879,233881,2,14
233865,233879,233882,3,14
233865,233879,233882,3,14
233865,233878,233882,4,13
233865,233878,233881,3,13
233865,233879,233882,3,14
233865,233879,233882,3,14
233865,233879,233882,3,14
233865,233879,233882,3,14
233865,233881,233882,1,16
233865,233879,233882,3,14
233865,233879,233882,3,14
233865,233882,233883,1,17
233865,233882,233883,1,17
233865,233882,233883,1,17
233865,233880,233883,3,15
233865,233881,233882,1,16
233865,233882,233883,1,17
233865,233881,233883,2,16
233865,233882,233883,1,17
233865,233883,233884,1,18
233865,233883,233884,1,18
233865,233882,233883,1,17
233865,233882,233883,1,17
233865,233882,233883,1,17
233865,233882,233883,1,17
233865,233882,233883,1,17
233865,233882,233883,1,17
233865,233882,233883,1,17
233865,233882,233883,1,17
233865,233882,233883,1,17
233865,233882,233884,2,17
233865,233882,233884,2,17
233865,233883,233884,1,18
233865,233883,233884,1,18
233865,233883,233884,1,18
233865,233883,233884,1,18
233865,233883,233884,1,18
233865,233883,233884,1,18
233865,233882,233884,2,17
233865,233882,233884,2,17
233865,233884,233886,2,19
233865,233883,233885,2,18
233865,233883,233886,3,18
233865,233884,233886,2,19
233865,233882,233886,4,17
233865,233885,233887,2,20
233865,233884,233886,2,19
233865,233884,233886,2,19
233866,233886,233887,1,20
233865,233884,233886,2,19
233866,233885,233886,1,19
233865,233884,233886,2,19
233865,233884,233886,2,19
233866,233885,233887,2,19
233865,233884,233886,2,19
233865,233884,233886,2,19
233865,233884,233886,2,19
233865,233884,233886,2,19
233865,233884,233886,2,19
233865,233884,233886,2,19
233866,233886,233887,1,20
233866,233886,233887,1,20
233866,233886,233887,1,20
233865,233884,233887,3,19
233866,233885,233887,2,19
233866,233885,233887,2,19
233865,233884,233887,3,19
233865,233885,233887,2,20
233865,233885,233887,2,20
233865,233885,233887,2,20
233866,233887,233888,1,21
233866,233887,233888,1,21
233866,233887,233888,1,21
233866,233886,233887,1,20
233866,233887,233888,1,21
233866,233887,233888,1,21
233866,233887,233888,1,21
233866,233887,233889,2,21
233866,233887,233889,2,21
233866,233887,233889,2,21
233866,233887,233888,1,21
233866,233887,233888,1,21
233866,233887,233888,1,21
233866,233887,233889,2,21
233866,233887,233888,1,21
233866,233887,233889,2,21
233866,233887,233889,2,21
233866,233887,233889,2,21
233866,233887,233889,2,21
233866,233887,233889,2,21
233866,233888,233889,1,22
233866,233888,233890,2,22
233866,233888,233890,2,22
233866,233888,233889,1,22
233866,233888,233889,1,22
233866,233888,233890,2,22
233866,233888,233890,2,22
233866,233887,233890,3,21
233866,233887,233890,3,21
233866,233888,233891,3,22
233866,233889,233891,2,23
233866,233889,233891,2,23
233866,233889,233891,2,23
233866,233890,233892,2,24
233866,233890,233892,2,24
233866,233890,233892,2,24
233866,233889,233892,3,23
233866,233889,233891,2,23
233866,233889,233892,3,23
233866,233889,233892,3,23
233866,233889,233892,3,23
233866,233889,233892,3,23
233866,233889,233892,3,23
233866,233889,233892,3,23
233866,233889,233892,3,23
233866,233889,233892,3,23
233866,233890,233892,2,24
233866,233890,233893,3,24
233866,233890,233893,3,24
233866,233890,233893,3,24
233866,233892,233893,1,26
233866,233889,233893,4,23
233866,233889,233893,4,23
233866,233892,233893,1,26
233866,233892,233893,1,26
233866,233889,233893,4,23
233866,233891,233893,2,25
233866,233891,233893,2,25
233866,233892,233893,1,26
233866,233892,233893,1,26
233866,233892,233893,1,26
233866,233892,233893,1,26
233866,233892,233893,1,26
233866,233892,233894,2,26
233866,233893,233894,1,27
233866,233892,233894,2,26
233866,233892,233894,2,26
233866,233892,233894,2,26
233866,233892,233894,2,26
233866,233892,233894,2,26
233866,233892,233894,2,26
233866,233892,233894,2,26
233866,233892,233894,2,26
233866,233893,233894,1,27
233866,233893,233894,1,27
233866,233893,233895,2,27
233866,233893,233895,2,27
233866,233893,233894,1,27
233866,233893,233896,3,27
233866,233893,233896,3,27
233866,233894,233896,2,28
233866,233894,233896,2,28
233866,233894,233897,3,28
233866,233894,233897,3,28
233866,233894,233896,2,28
233866,233894,233896,2,28
233866,233894,233897,3,28
233866,233894,233897,3,28
233866,233894,233896,2,28
233866,233894,233897,3,28
233866,233895,233897,2,29
233866,233894,233896,2,28
233866,233894,233897,3,28
233866,233895,233897,2,29
233866,233895,233897,2,29
233866,233895,233897,2,29
233866,233895,233897,2,29
233866,233895,233897,2,29
233866,233894,233898,4,28
233866,233894,233897,3,28
233866,233895,233897,2,29
233866,233896,233898,2,30
233866,233894,233897,3,28
233866,233895,233898,3,29
233866,233897,233898,1,31
233866,233897,233898,1,31
233866,233895,233898,3,29
233866,233897,233898,1,31
233866,233897,233898,1,31
233866,233897,233898,1,31
233866,233897,233899,2,31
233866,233898,233899,1,32
233866,233898,233899,1,32
233866,233898,233899,1,32
233866,233898,233899,1,32
233866,233898,233899,1,32
233866,233898,233899,1,32
233866,233898,233899,1,32
233866,233898,233899,1,32
233866,233898,233900,2,32
233866,233898,233899,1,32
233866,233898,233899,1,32
233866,233898,233899,1,32
233866,233897,233899,2,31
233866,233898,233899,1,32
233866,233898,233899,1,32
233866,233898,233900,2,32
233866,233898,233900,2,32
233866,233898,233900,2,32
233866,233899,233900,1,33
233866,233899,233901,2,33
233866,233899,233901,2,33
233866,233899,233901,2,33
233866,233900,233901,1,34
233866,233900,233901,1,34
233866,233900,233901,1,34
233866,233900,233901,1,34
233866,233900,233901,1,34
233866,233900,233901,1,34
233866,233900,233901,1,34
233866,233900,233902,2,34
233866,233900,233902,2,34
233866,233900,233902,2,34
233866,233900,233902,2,34
233866,233900,233901,1,34
233866,233899,233901,2,33
233866,233899,233901,2,33
233866,233900,233902,2,34
233866,233900,233902,2,34
233866,233900,233902,2,34
233866,233899,233901,2,33
233866,233900,233902,2,34
233866,233901,233902,1,35
233866,233900,233902,2,34
233866,233901,233902,1,35
233866,233902,233903,1,36
233866,233900,233903,3,34
233866,233900,233903,3,34
233866,233902,233903,1,36
233866,233903,233904,1,37
233866,233902,233903,1,36
233866,233902,233903,1,36
233866,233902,233903,1,36
233866,233903,233904,1,37
233866,233902,233903,1,36
233866,233902,233903,1,36
233866,233902,233903,1,36
233866,233902,233903,1,36
233866,233902,233903,1,36
233866,233902,233903,1,36
233866,233902,233903,1,36
233866,233902,233904,2,36
233866,233902,233904,2,36
233866,233902,233904,2,36
233866,233902,233904,2,36
233866,233902,233904,2,36
233866,233903,233904,1,37
233866,233903,233904,1,37
233866,233903,233904,1,37
233866,233903,233904,1,37
233866,233903,233904,1,37
233866,233902,233905,3,36
233866,233902,233904,2,36
233866,233903,233905,2,37
233866,233904,233905,1,38
233866,233904,233906,2,38
228613,228629,234164,5535,16
234165,234165,234169,4,0
234165,234165,234169,4,0
234165,234165,234169,4,0
234165,234165,234169,4,0
234165,234165,234169,4,0
234165,234165,234169,4,0
234165,234165,234169,4,0
234165,234165,234168,3,0
234165,234165,234169,4,0
234165,234165,234169,4,0
234165,234165,234169,4,0
234165,234165,234169,4,0
234165,234165,234170,5,0
234165,234165,234170,5,0
234165,234165,234170,5,0
234165,234165,234169,4,0
234165,234165,234170,5,0
234165,234165,234169,4,0
234165,234165,234170,5,0
234165,234165,234170,5,0
234165,234165,234170,5,0
234165,234165,234169,4,0
234165,234165,234169,4,0
234165,234165,234169,4,0
234165,234169,234172,3,4
234165,234169,234172,3,4
234165,234169,234172,3,4
234165,234169,234172,3,4
234165,234169,234172,3,4
234165,234165,234172,7,0
234165,234169,234172,3,4
234165,234169,234172,3,4
234165,234169,234172,3,4
234165,234169,234172,3,4
234165,234169,234172,3,4
234165,234169,234172,3,4
234165,234170,234173,3,5
234165,234170,234173,3,5
234165,234170,234173,3,5
234165,234170,234173,3,5
234165,234170,234173,3,5
234165,234170,234172,2,5
234165,234170,234173,3,5
234165,234170,234173,3,5
234165,234172,234174,2,7
234165,234172,234174,2,7
234165,234172,234174,2,7
234165,234172,234174,2,7
234165,234170,234173,3,5
234165,234172,234174,2,7
234165,234170,234174,4,5
234165,234170,234174,4,5
234165,234170,234174,4,5
234165,234170,234174,4,5
234165,234172,234174,2,7
234165,234172,234174,2,7
234165,234173,234174,1,8
234165,234173,234174,1,8
234165,234173,234174,1,8
234165,234172,234174,2,7
234165,234173,234175,2,8
234165,234173,234175,2,8
234165,234173,234175,2,8
234165,234173,234175,2,8
234165,234172,234174,2,7
234165,234173,234175,2,8
234165,234173,234175,2,8
234165,234174,234175,1,9
234165,234173,234176,3,8
234165,234174,234176,2,9
234165,234174,234176,2,9
234165,234174,234175,1,9
234165,234174,234176,2,9
234165,234174,234176,2,9
234165,234174,234176,2,9
234165,234175,234176,1,10
234165,234175,234176,1,10
234165,234175,234176,1,10
234165,234175,234176,1,10
234165,234175,234176,1,10
234165,234175,234176,1,10
234165,234175,234176,1,10
234165,234175,234177,2,10
234165,234175,234176,1,10
234165,234176,234177,1,11
234165,234175,234177,2,10
234165,234175,234176,1,10
234165,234175,234176,1,10
234165,234175,234177,2,10
234165,234175,234177,2,10
234165,234175,234177,2,10
234165,234175,234177,2,10
234165,234175,234177,2,10
234165,234177,234178,1,12
234165,234177,234178,1,12
234165,234177,234178,1,12
234165,234177,234178,1,12
234165,234177,234178,1,12
234165,234177,234178,1,12
234165,234177,234178,1,12
234165,234177,234178,1,12
234165,234177,234178,1,12
234165,234177,234178,1,12
234165,234177,234178,1,12
234165,234177,234179,2,12
234165,234177,234179,2,12
234165,234177,234179,2,12
234165,234178,234179,1,13
234165,234178,234179,1,13
234165,234178,234179,1,13
234165,234178,234179,1,13
234165,234178,234179,1,13
234165,234178,234179,1,13
234165,234178,234179,1,13
234165,234178,234179,1,13
234165,234178,234180,2,13
234165,234178,234180,2,13
234165,234178,234180,2,13
234165,234179,234180,1,14
234165,234179,234180,1,14
234165,234179,234180,1,14
234165,234179,234180,1,14
234165,234179,234180,1,14
234165,234179,234180,1,14
234165,234179,234180,1,14
234165,234179,234180,1,14
234165,234179,234180,1,14
234165,234179,234180,1,14
234165,234179,234180,1,14
234165,234179,234181,2,14
234165,234179,234181,2,14
234165,234179,234181,2,14
234165,234180,234181,1,15
234165,234180,234181,1,15
234165,234180,234181,1,15
234165,234180,234181,1,15
234165,234180,234181,1,15
234165,234180,234181,1,15
234165,234180,234182,2,15
234165,234180,234181,1,15
234165,234180,234182,2,15
234165,234181,234182,1,16
234165,234181,234182,1,16
234165,234181,234182,1,16
234165,234182,234183,1,17
234165,234181,234182,1,16
234165,234182,234183,1,17
234165,234181,234182,1,16
234165,234181,234183,2,16
234165,234181,234182,1,16
234165,234181,234182,1,16
234165,234181,234182,1,16
234165,234181,234182,1,16
234165,234182,234183,1,17
234165,234181,234182,1,16
234165,234181,234182,1,16
234165,234181,234182,1,16
234165,234181,234183,2,16
234165,234182,234183,1,17
234165,234182,234183,1,17
234165,234182,234184,2,17
234165,234182,234183,1,17
234165,234182,234183,1,17
234165,234182,234183,1,17
234165,234183,234184,1,18
234165,234182,234183,1,17
234165,234182,234183,1,17
234165,234182,234183,1,17
234165,234183,234184,1,18
234165,234183,234184,1,18
234165,234183,234184,1,18
234165,234184,234185,1,19
234165,234184,234185,1,19
234165,234183,234184,1,18
234165,234184,234185,1,19
234165,234183,234184,1,18
234165,234183,234184,1,18
234165,234183,234184,1,18
234165,234183,234184,1,18
234165,234183,234184,1,18
234165,234183,234184,1,18
234165,234183,234185,2,18
234165,234183,234184,1,18
234165,234183,234184,1,18
234165,234183,234185,2,18
234165,234184,234185,1,19
234165,234184,234185,1,19
234165,234184,234185,1,19
234165,234184,234186,2,19
234165,234184,234185,1,19
234165,234184,234185,1,19
234165,234184,234185,1,19
234165,234184,234185,1,19
234165,234184,234185,1,19
234165,234185,234186,1,20
214178,214179,234491,20312,1
229223,229238,234553,5315,15
234555,234555,234556,1,0
234555,234555,234556,1,0
234555,234555,234556,1,0
234555,234555,234557,2,0
234555,234555,234557,2,0
234555,234555,234557,2,0
234555,234555,234556,1,0
234555,234555,234558,3,0
234555,234555,234557,2,0
234555,234555,234557,2,0
234555,234555,234557,2,0
234555,234555,234557,2,0
234555,234555,234557,2,0
234555,234555,234557,2,0
234555,234555,234557,2,0
234555,234555,234557,2,0
234555,234555,234557,2,0
234555,234555,234557,2,0
234555,234555,234558,3,0
234555,234555,234558,3,0
234555,234555,234558,3,0
234555,234557,234558,1,2
234555,234557,234558,1,2
234555,234555,234558,3,0
234555,234555,234558,3,0
234555,234555,234558,3,0
234555,234555,234558,3,0
234555,234557,234558,1,2
234555,234557,234558,1,2
234555,234557,234558,1,2
234555,234557,234558,1,2
234555,234557,234558,1,2
234555,234558,234559,1,3
234555,234558,234560,2,3
234555,234558,234559,1,3
234555,234558,234559,1,3
234555,234558,234560,2,3
234555,234558,234560,2,3
234555,234558,234560,2,3
234555,234558,234560,2,3
234555,234558,234560,2,3
234555,234559,234562,3,4
234555,234558,234562,4,3
234555,234558,234562,4,3
234555,234559,234563,4,4
234555,234559,234562,3,4
234555,234559,234562,3,4
234555,234559,234562,3,4
234555,234559,234563,4,4
234555,234559,234563,4,4
234555,234560,234563,3,5
234555,234559,234563,4,4
234555,234560,234564,4,5
234555,234561,234563,2,6
234555,234561,234564,3,6
234555,234562,234563,1,7
234555,234563,234564,1,8
234555,234561,234564,3,6
234555,234559,234563,4,4
234555,234559,234564,5,4
234555,234559,234563,4,4
234555,234560,234563,3,5
234555,234560,234563,3,5
234555,234563,234564,1,8
234555,234563,234564,1,8
234555,234559,234563,4,4
234555,234559,234563,4,4
234555,234560,234563,3,5
234555,234561,234564,3,6
234555,234563,234564,1,8
234555,234562,234564,2,7
234555,234562,234564,2,7
234555,234559,234564,5,4
234555,234564,234565,1,9
234555,234564,234566,2,9
234555,234564,234565,1,9
234555,234564,234565,1,9
234555,234564,234565,1,9
234555,234564,234565,1,9
234555,234564,234565,1,9
234555,234564,234565,1,9
234555,234564,234565,1,9
234555,234564,234566,2,9
234555,234564,234566,2,9
234555,234564,234566,2,9
234555,234564,234566,2,9
234555,234564,234566,2,9
234555,234564,234566,2,9
234555,234564,234566,2,9
234555,234564,234566,2,9
234555,234565,234568,3,10
234555,234565,234568,3,10
234555,234564,234567,3,9
234555,234565,234568,3,10
234555,234564,234568,4,9
234555,234564,234568,4,9
234555,234566,234568,2,11
234555,234566,234568,2,11
234555,234566,234568,2,11
234555,234566,234568,2,11
234555,234566,234569,3,11
234555,234567,234569,2,12
234555,234565,234569,4,10
234555,234566,234568,2,11
234555,234567,234569,2,12
234555,234565,234569,4,10
234555,234567,234569,2,12
234555,234567,234569,2,12
234555,234566,234569,3,11
234555,234566,234569,3,11
234555,234566,234569,3,11
234555,234566,234569,3,11
234555,234569,234570,1,14
234555,234569,234570,1,14
234555,234568,234569,1,13
234555,234568,234570,2,13
234555,234567,234569,2,12
234555,234567,234570,3,12
234555,234567,234570,3,12
234555,234568,234570,2,13
234555,234568,234570,2,13
234555,234568,234570,2,13
234555,234569,234570,1,14
234555,234569,234570,1,14
234555,234569,234570,1,14
234555,234570,234571,1,15
234555,234570,234571,1,15
234555,234569,234570,1,14
234555,234568,234570,2,13
234555,234569,234571,2,14
234555,234569,234570,1,14
234555,234569,234570,1,14
234555,234570,234571,1,15
234555,234569,234571,2,14
234555,234569,234570,1,14
234555,234569,234571,2,14
234555,234570,234571,1,15
234555,234570,234571,1,15
234555,234570,234571,1,15
234555,234570,234571,1,15
234555,234570,234571,1,15
234555,234570,234571,1,15
234555,234570,234571,1,15
234555,234571,234572,1,16
234555,234570,234573,3,15
234555,234571,234573,2,16
234555,234570,234574,4,15
234555,234570,234574,4,15
234555,234571,234575,4,16
234555,234571,234575,4,16
234555,234571,234575,4,16
234555,234571,234575,4,16
234555,234571,234575,4,16
234555,234571,234575,4,16
234555,234571,234575,4,16
234555,234571,234575,4,16
234555,234571,234575,4,16
234555,234571,234575,4,16
234555,234571,234575,4,16
234555,234571,234575,4,16
234555,234573,234575,2,18
234555,234572,234575,3,17
234555,234572,234576,4,17
234555,234575,234576,1,20
234555,234575,234576,1,20
234555,234571,234576,5,16
234555,234572,234576,4,17
234555,234572,234576,4,17
234555,234573,234576,3,18
234555,234575,234577,2,20
234555,234572,234576,4,17
234555,234574,234576,2,19
234555,234576,234577,1,21
234555,234575,234576,1,20
234555,234576,234577,1,21
234555,234572,234576,4,17
234555,234572,234576,4,17
234555,234575,234577,2,20
234555,234576,234577,1,21
234555,234575,234577,2,20
234555,234575,234577,2,20
234555,234575,234577,2,20
234555,234575,234578,3,20
234555,234575,234577,2,20
234555,234575,234577,2,20
234555,234576,234578,2,21
234555,234576,234577,1,21
234555,234576,234577,1,21
234555,234577,234578,1,22
234555,234576,234578,2,21
234555,234576,234577,1,21
234555,234577,234578,1,22
231000,231014,234578,3564,14
234555,234577,234578,1,22
234555,234577,234578,1,22
234555,234577,234578,1,22
234555,234577,234578,1,22
234555,234577,234579,2,22
234555,234577,234578,1,22
234555,234577,234578,1,22
234591,234591,234592,1,0
234591,234591,234592,1,0
234591,234591,234592,1,0
234591,234591,234592,1,0
234591,234591,234592,1,0
234591,234591,234592,1,0
234591,234591,234593,2,0
234591,234591,234592,1,0
234591,234591,234592,1,0
234591,234591,234592,1,0
234591,234591,234592,1,0
234591,234591,234592,1,0
234591,234591,234592,1,0
234591,234591,234592,1,0
234591,234591,234592,1,0
234591,234591,234593,2,0
234591,234591,234593,2,0
234591,234591,234593,2,0
234591,234591,234593,2,0
234591,234591,234593,2,0
234591,234591,234593,2,0
234591,234591,234593,2,0
234591,234591,234593,2,0
234591,234591,234593,2,0
234591,234593,234594,1,2
234591,234593,234594,1,2
234591,234593,234594,1,2
234591,234593,234594,1,2
234591,234593,234594,1,2
234591,234593,234595,2,2
234591,234593,234595,2,2
234591,234593,234595,2,2
234591,234593,234594,1,2
234591,234593,234595,2,2
234591,234593,234595,2,2
234591,234593,234595,2,2
234591,234593,234595,2,2
234591,234593,234595,2,2
234591,234593,234595,2,2
234591,234594,234596,2,3
234591,234594,234597,3,3
234591,234595,234596,1,4
234591,234594,234596,2,3
234591,234595,234596,1,4
234591,234595,234596,1,4
234591,234594,234596,2,3
234591,234595,234597,2,4
234591,234595,234596,1,4
234591,234595,234597,2,4
234591,234594,234596,2,3
234591,234594,234596,2,3
234591,234595,234596,1,4
234591,234594,234597,3,3
234591,234594,234597,3,3
234591,234594,234596,2,3
234591,234595,234597,2,4
234591,234596,234597,1,5
234591,234595,234597,2,4
234591,234596,234598,2,5
234591,234596,234598,2,5
234591,234596,234598,2,5
234591,234596,234598,2,5
234591,234596,234598,2,5
234591,234597,234598,1,6
234591,234597,234599,2,6
234591,234597,234599,2,6
234591,234597,234598,1,6
234591,234597,234598,1,6
234591,234597,234598,1,6
234591,234597,234599,2,6
234591,234597,234599,2,6
234591,234597,234599,2,6
234591,234597,234598,1,6
234591,234597,234598,1,6
234591,234597,234599,2,6
234591,234597,234599,2,6
234591,234597,234598,1,6
234591,234597,234598,1,6
234591,234597,234598,1,6
234591,234598,234599,1,7
234591,234598,234599,1,7
234591,234597,234600,3,6
234591,234598,234599,1,7
234591,234598,234599,1,7
234591,234598,234599,1,7
234591,234598,234599,1,7
234591,234598,234600,2,7
234591,234591,234600,9,0
234591,234599,234600,1,8
234591,234599,234600,1,8
234591,234599,234601,2,8
234591,234599,234600,1,8
234591,234599,234600,1,8
234591,234599,234601,2,8
234591,234599,234601,2,8
234591,234599,234601,2,8
234591,234599,234601,2,8
234591,234599,234601,2,8
234591,234599,234601,2,8
234591,234599,234601,2,8
234591,234599,234601,2,8
234591,234599,234601,2,8
234591,234600,234601,1,9
234591,234600,234601,1,9
234591,234601,234602,1,10
234591,234600,234601,1,9
234591,234600,234601,1,9
234591,234600,234602,2,9
234591,234599,234601,2,8
234591,234599,234601,2,8
234591,234600,234602,2,9
234591,234601,234602,1,10
234591,234600,234601,1,9
234591,234602,234603,1,11
234591,234601,234602,1,10
234591,234601,234603,2,10
234591,234601,234602,1,10
234591,234601,234602,1,10
234591,234601,234602,1,10
234591,234600,234603,3,9
234591,234601,234602,1,10
234591,234601,234602,1,10
234591,234601,234602,1,10
234591,234601,234603,2,10
234591,234601,234603,2,10
234591,234601,234602,1,10
234591,234602,234603,1,11
234591,234601,234603,2,10
234591,234601,234603,2,10
234591,234602,234603,1,11
234591,234602,234603,1,11
234591,234603,234604,1,12
234591,234602,234603,1,11
234591,234603,234604,1,12
234591,234603,234604,1,12
234591,234602,234604,2,11
234591,234602,234603,1,11
234591,234602,234604,2,11
234591,234602,234604,2,11
234591,234602,234604,2,11
234591,234603,234604,1,12
234591,234603,234604,1,12
234591,234603,234604,1,12
234591,234603,234605,2,12
234591,234603,234605,2,12
234591,234603,234604,1,12
234591,234603,234604,1,12
234591,234603,234605,2,12
234591,234603,234605,2,12
234591,234603,234605,2,12
234591,234604,234605,1,13
234591,234604,234605,1,13
234591,234604,234605,1,13
234591,234604,234605,1,13
234591,234604,234606,2,13
234591,234605,234606,1,14
234591,234603,234606,3,12
234591,234604,234606,2,13
234591,234606,234607,1,15
234591,234604,234606,2,13
234591,234606,234607,1,15
234591,234605,234607,2,14
234591,234604,234607,3,13
234591,234605,234607,2,14
234591,234604,234606,2,13
234591,234606,234607,1,15
234591,234604,234607,3,13
234591,234604,234607,3,13
234591,234605,234607,2,14
234591,234605,234607,2,14
234591,234605,234607,2,14
234591,234606,234607,1,15
234591,234606,234607,1,15
234591,234606,234607,1,15
234591,234604,234607,3,13
234591,234604,234607,3,13
234591,234606,234607,1,15
234591,234606,234607,1,15
234591,234606,234607,1,15
234591,234601,234608,7,10
234591,234607,234608,1,16
234591,234605,234607,2,14
234591,234607,234608,1,16
234591,234607,234608,1,16
234591,234607,234608,1,16
234591,234607,234608,1,16
234591,234607,234608,1,16
234591,234607,234608,1,16
234591,234607,234609,2,16
234591,234607,234608,1,16
234591,234607,234609,2,16
234591,234607,234609,2,16
234591,234607,234609,2,16
234591,234607,234609,2,16
234591,234607,234609,2,16
234591,234608,234609,1,17
234591,234608,234609,1,17
234591,234607,234610,3,16
229479,229494,234760,5266,15
229798,229812,234760,4948,14
234762,234762,234763,1,0
234762,234762,234763,1,0
234762,234762,234763,1,0
234762,234762,234763,1,0
234762,234762,234763,1,0
234762,234762,234763,1,0
234762,234762,234763,1,0
234762,234762,234763,1,0
234762,234762,234763,1,0
234762,234762,234763,1,0
234762,234762,234764,2,0
234762,234762,234763,1,0
234762,234762,234763,1,0
234762,234762,234763,1,0
234762,234762,234763,1,0
234762,234762,234764,2,0
234762,234762,234764,2,0
234762,234762,234764,2,0
234762,234762,234764,2,0
234762,234762,234764,2,0
234762,234762,234764,2,0
234762,234762,234765,3,0
234762,234762,234764,2,0
234762,234763,234764,1,1
234762,234763,234765,2,1
234762,234762,234765,3,0
234762,234764,234765,1,2
234762,234764,234765,1,2
234762,234764,234765,1,2
234762,234764,234765,1,2
234762,234764,234765,1,2
234762,234764,234765,1,2
234762,234764,234765,1,2
234762,234764,234765,1,2
234762,234764,234765,1,2
234762,234764,234765,1,2
234762,234764,234765,1,2
234762,234764,234766,2,2
234762,234762,234765,3,0
234762,234764,234765,1,2
234762,234764,234765,1,2
234762,234765,234766,1,3
234762,234765,234767,2,3
234762,234765,234767,2,3
234762,234765,234767,2,3
234762,234765,234767,2,3
234762,234765,234766,1,3
234762,234765,234766,1,3
234762,234765,234766,1,3
234762,234766,234767,1,4
234762,234766,234767,1,4
234762,234766,234767,1,4
234762,234766,234767,1,4
234762,234766,234767,1,4
234762,234766,234768,2,4
234762,234765,234767,2,3
234762,234765,234767,2,3
234762,234766,234767,1,4
234762,234766,234767,1,4
234762,234766,234768,2,4
234762,234766,234767,1,4
234762,234766,234767,1,4
234762,234767,234768,1,5
234762,234766,234767,1,4
234762,234766,234767,1,4
234762,234766,234768,2,4
234762,234766,234768,2,4
234762,234768,234769,1,6
234762,234767,234768,1,5
234762,234767,234768,1,5
234762,234766,234768,2,4
234762,234767,234769,2,5
234762,234767,234769,2,5
234762,234767,234768,1,5
234762,234767,234768,1,5
234762,234768,234769,1,6
234762,234768,234769,1,6
234762,234768,234769,1,6
234762,234767,234768,1,5
234762,234768,234770,2,6
234762,234768,234769,1,6
234762,234768,234769,1,6
234762,234768,234769,1,6
234762,234769,234770,1,7
234762,234768,234769,1,6
234762,234768,234769,1,6
234762,234768,234769,1,6
234762,234768,234769,1,6
234762,234768,234769,1,6
234762,234768,234769,1,6
234762,234768,234769,1,6
234762,234769,234770,1,7
234762,234768,234769,1,6
234762,234768,234769,1,6
234762,234769,234770,1,7
234762,234769,234770,1,7
234762,234769,234770,1,7
234762,234769,234770,1,7
234762,234769,234771,2,7
234762,234769,234770,1,7
234762,234769,234770,1,7
234762,234769,234770,1,7
234762,234770,234771,1,8
234762,234769,234771,2,7
234762,234769,234770,1,7
234762,234770,234772,2,8
234762,234771,234772,1,9
234762,234770,234771,1,8
234762,234770,234771,1,8
234762,234770,234771,1,8
234762,234770,234771,1,8
234762,234770,234771,1,8
234762,234770,234771,1,8
234762,234770,234771,1,8
234762,234770,234772,2,8
234762,234770,234772,2,8
234762,234770,234772,2,8
234762,234770,234772,2,8
234762,234770,234772,2,8
234762,234770,234771,1,8
234762,234770,234772,2,8
234762,234770,234772,2,8
234762,234771,234772,1,9
234762,234772,234773,1,10
234762,234771,234772,1,9
234762,234771,234773,2,9
234762,234772,234773,1,10
234762,234771,234772,1,9
234762,234771,234773,2,9
234762,234771,234773,2,9
234762,234771,234773,2,9
234762,234771,234773,2,9
234762,234771,234772,1,9
234762,234772,234773,1,10
234762,234772,234773,1,10
234762,234772,234773,1,10
234762,234772,234773,1,10
234762,234772,234774,2,10
234762,234772,234774,2,10
234762,234772,234774,2,10
234762,234772,234774,2,10
234762,234772,234774,2,10
234762,234772,234774,2,10
234762,234772,234774,2,10
234762,234773,234775,2,11
234762,234772,234774,2,10
234762,234773,234775,2,11
234762,234772,234775,3,10
234762,234772,234775,3,10
234762,234772,234775,3,10
234762,234772,234775,3,10
234762,234775,234776,1,13
234762,234774,234776,2,12
234762,234774,234776,2,12
234762,234773,234775,2,11
234762,234773,234776,3,11
234762,234773,234776,3,11
234762,234773,234776,3,11
234762,234773,234776,3,11
234762,234774,234776,2,12
234762,234775,234776,1,13
234762,234773,234776,3,11
234762,234773,234776,3,11
234762,234774,234776,2,12
234762,234773,234776,3,11
234762,234774,234776,2,12
234762,234774,234776,2,12
234762,234774,234776,2,12
234762,234776,234777,1,14
234762,234774,234776,2,12
234762,234774,234776,2,12
234762,234775,234776,1,13
234762,234774,234776,2,12
234762,234775,234777,2,13
234762,234775,234777,2,13
234762,234775,234777,2,13
234762,234774,234777,3,12
234762,234777,234778,1,15
234762,234776,234777,1,14
234762,234776,234778,2,14
234762,234776,234778,2,14
234762,234776,234777,1,14
234762,234776,234778,2,14
234762,234776,234778,2,14
234762,234776,234778,2,14
234762,234776,234778,2,14
234764,234777,234778,1,13
234762,234776,234778,2,14
234762,234776,234778,2,14
234762,234777,234778,1,15
234762,234777,234778,1,15
234762,234777,234778,1,15
234762,234777,234778,1,15
234762,234777,234778,1,15
234762,234777,234778,1,15
234764,234777,234778,1,13
234762,234776,234779,3,14
234764,234777,234779,2,13
234764,234777,234779,2,13
234764,234778,234779,1,14
234764,234778,234779,1,14
234764,234778,234780,2,14
234764,234778,234779,1,14
234764,234778,234780,2,14
234764,234778,234780,2,14
234764,234778,234780,2,14
234764,234778,234780,2,14
234764,234778,234780,2,14
234764,234778,234780,2,14
234764,234778,234781,3,14
234764,234779,234780,1,15
234764,234779,234780,1,15
234764,234779,234781,2,15
234764,234779,234781,2,15
234764,234779,234781,2,15
234764,234779,234780,1,15
234764,234779,234781,2,15
234764,234778,234781,3,14
234764,234779,234781,2,15
234764,234780,234781,1,16
234764,234780,234782,2,16
234764,234779,234781,2,15
234764,234779,234781,2,15
234764,234780,234781,1,16
234764,234780,234781,1,16
234764,234780,234781,1,16
234764,234780,234782,2,16
234764,234780,234782,2,16
234764,234780,234782,2,16
234764,234781,234782,1,17
234764,234781,234782,1,17
234764,234781,234782,1,17
234764,234781,234782,1,17
234764,234781,234782,1,17
234764,234781,234782,1,17
234764,234781,234782,1,17
234764,234781,234782,1,17
234764,234781,234782,1,17
234764,234781,234782,1,17
234764,234781,234782,1,17
234764,234781,234782,1,17
234764,234781,234783,2,17
234764,234782,234783,1,18
234764,234782,234784,2,18
234764,234782,234784,2,18
234764,234782,234784,2,18
234764,234782,234784,2,18
234764,234782,234784,2,18
234764,234782,234784,2,18
234764,234782,234784,2,18
234764,234783,234784,1,19
234764,234783,234784,1,19
234764,234783,234784,1,19
234764,234782,234784,2,18
234764,234783,234785,2,19
234764,234783,234784,1,19
234764,234782,234784,2,18
234764,234782,234784,2,18
234764,234785,234786,1,21
234764,234783,234786,3,19
234764,234783,234785,2,19
234764,234783,234785,2,19
234764,234783,234785,2,19
234764,234783,234785,2,19
234764,234783,234785,2,19
234764,234783,234785,2,19
234764,234783,234786,3,19
234764,234784,234786,2,20
234764,234779,234785,6,15
234764,234785,234786,1,21
234764,234785,234786,1,21
234764,234785,234786,1,21
234764,234785,234786,1,21
234764,234785,234786,1,21
234764,234785,234787,2,21
234764,234785,234786,1,21
234764,234785,234786,1,21
234764,234785,234786,1,21
234764,234785,234786,1,21
234764,234785,234786,1,21
234764,234785,234786,1,21
234764,234785,234786,1,21
234764,234786,234787,1,22
234764,234786,234787,1,22
234764,234786,234787,1,22
234764,234786,234787,1,22
234764,234786,234787,1,22
234764,234786,234787,1,22
234764,234786,234787,1,22
234764,234787,234788,1,23
234764,234785,234787,2,21
234764,234786,234788,2,22
234764,234786,234787,1,22
234764,234787,234788,1,23
234764,234787,234788,1,23
234764,234787,234788,1,23
234764,234787,234788,1,23
234764,234787,234788,1,23
234764,234787,234789,2,23
234764,234787,234788,1,23
234764,234787,234788,1,23
234764,234787,234788,1,23
234764,234787,234788,1,23
234764,234787,234788,1,23
234764,234787,234789,2,23
234764,234787,234788,1,23
234764,234787,234789,2,23
234764,234787,234788,1,23
234764,234787,234788,1,23
234764,234787,234788,1,23
234764,234787,234788,1,23
234764,234787,234789,2,23
234764,234787,234788,1,23
234764,234788,234791,3,24
234764,234788,234791,3,24
234764,234789,234792,3,25
234764,234789,234791,2,25
234764,234789,234792,3,25
234764,234789,234792,3,25
234764,234789,234792,3,25
234764,234788,234791,3,24
234764,234788,234791,3,24
234764,234789,234792,3,25
234764,234789,234791,2,25
234764,234789,234792,3,25
234764,234789,234792,3,25
234764,234791,234792,1,27
234764,234789,234792,3,25
234764,234789,234792,3,25
234764,234789,234792,3,25
234764,234791,234793,2,27
234764,234789,234792,3,25
234764,234789,234792,3,25
234764,234789,234792,3,25
234764,234789,234792,3,25
234764,234792,234793,1,28
234764,234789,234792,3,25
234764,234789,234792,3,25
234764,234792,234793,1,28
234764,234789,234793,4,25
234764,234792,234793,1,28
234764,234792,234793,1,28
234764,234792,234793,1,28
234764,234792,234793,1,28
234764,234793,234794,1,29
234764,234789,234793,4,25
234764,234792,234793,1,28
234764,234792,234794,2,28
234764,234792,234793,1,28
234764,234792,234793,1,28
234764,234792,234793,1,28
234764,234793,234794,1,29
234764,234793,234794,1,29
234764,234793,234795,2,29
234764,234793,234795,2,29
234764,234793,234794,1,29
234764,234793,234795,2,29
234764,234793,234795,2,29
234764,234793,234795,2,29
234764,234793,234795,2,29
234764,234793,234795,2,29
234764,234793,234795,2,29
234764,234793,234795,2,29
234764,234794,234795,1,30
234764,234786,234795,9,22
234764,234793,234795,2,29
234764,234793,234795,2,29
234764,234795,234796,1,31
234764,234794,234795,1,30
234764,234794,234795,1,30
234764,234794,234796,2,30
234764,234793,234795,2,29
234764,234794,234796,2,30
234764,234794,234796,2,30
234764,234793,234795,2,29
234764,234794,234796,2,30
234764,234795,234796,1,31
234764,234795,234796,1,31
234764,234795,234796,1,31
234764,234795,234796,1,31
234764,234795,234796,1,31
234764,234795,234796,1,31
234764,234795,234797,2,31
234764,234795,234796,1,31
234764,234795,234796,1,31
234764,234795,234797,2,31
234764,234795,234796,1,31
234764,234795,234796,1,31
234764,234796,234797,1,32
234764,234796,234802,6,32
231764,231779,235210,3431,15
235211,235211,235212,1,0
235211,235211,235212,1,0
235211,235211,235212,1,0
235211,235211,235212,1,0
235211,235211,235213,2,0
235211,235211,235212,1,0
235211,235211,235212,1,0
235211,235211,235212,1,0
235211,235211,235213,2,0
235211,235211,235212,1,0
235211,235211,235212,1,0
235211,235211,235213,2,0
235211,235211,235213,2,0
235211,235211,235213,2,0
235211,235211,235214,3,0
235211,235211,235213,2,0
235211,235211,235213,2,0
235211,235211,235214,3,0
235211,235211,235214,3,0
235211,235211,235214,3,0
235211,235211,235214,3,0
235211,235211,235214,3,0
235211,235212,235213,1,1
235211,235212,235214,2,1
235211,235211,235213,2,0
235211,235211,235214,3,0
235211,235211,235214,3,0
235211,235213,235215,2,2
235211,235213,235216,3,2
235211,235213,235216,3,2
235211,235213,235216,3,2
235211,235213,235216,3,2
235211,235213,235217,4,2
235211,235214,235217,3,3
235211,235214,235217,3,3
235211,235214,235217,3,3
235211,235213,235216,3,2
235211,235213,235217,4,2
235211,235213,235217,4,2
235211,235213,235216,3,2
235211,235214,235216,2,3
235211,235213,235217,4,2
235211,235214,235217,3,3
235211,235213,235216,3,2
235211,235214,235217,3,3
235211,235214,235218,4,3
235211,235214,235218,4,3
235211,235216,235217,1,5
235211,235216,235217,1,5
235211,235214,235217,3,3
235211,235216,235218,2,5
235211,235214,235217,3,3
235211,235214,235217,3,3
235211,235216,235217,1,5
235211,235216,235217,1,5
235211,235214,235217,3,3
235211,235215,235218,3,4
235211,235217,235219,2,6
235211,235218,235219,1,7
235211,235217,235219,2,6
235211,235217,235218,1,6
235211,235217,235219,2,6
235211,235218,235219,1,7
235211,235217,235219,2,6
235211,235217,235219,2,6
235211,235217,235219,2,6
235211,235217,235219,2,6
235211,235217,235219,2,6
235211,235217,235219,2,6
235211,235217,235219,2,6
235211,235218,235220,2,7
235211,235218,235219,1,7
235211,235218,235219,1,7
235211,235218,235219,1,7
235211,235217,235219,2,6
235211,235218,235220,2,7
235211,235217,235219,2,6
235211,235218,235219,1,7
235211,235218,235220,2,7
235211,235218,235220,2,7
235211,235218,235220,2,7
235211,235218,235220,2,7
235211,235220,235223,3,9
235211,235219,235222,3,8
235211,235219,235223,4,8
235211,235219,235223,4,8
235211,235219,235222,3,8
235211,235219,235223,4,8
235211,235219,235223,4,8
235211,235219,235222,3,8
235211,235219,235223,4,8
235211,235221,235224,3,10
235211,235219,235224,5,8
235211,235221,235224,3,10
235211,235221,235224,3,10
235211,235220,235224,4,9
235211,235219,235223,4,8
235211,235219,235223,4,8
235211,235219,235224,5,8
235211,235220,235224,4,9
235211,235221,235224,3,10
235211,235219,235224,5,8
235211,235220,235224,4,9
235211,235220,235224,4,9
235211,235220,235223,3,9
235211,235223,235224,1,12
235211,235223,235225,2,12
235211,235223,235224,1,12
235211,235223,235225,2,12
235211,235223,235225,2,12
235211,235223,235225,2,12
235211,235223,235225,2,12
235211,235220,235225,5,9
235211,235220,235225,5,9
235211,235223,235225,2,12
235211,235223,235225,2,12
235211,235224,235226,2,13
235211,235224,235226,2,13
235211,235224,235226,2,13
235211,235224,235226,2,13
235211,235224,235225,1,13
235211,235224,235226,2,13
235211,235224,235226,2,13
235211,235224,235226,2,13
235211,235224,235226,2,13
235211,235225,235226,1,14
235211,235225,235226,1,14
235211,235225,235227,2,14
235211,235225,235228,3,14
235211,235224,235228,4,13
235211,235225,235228,3,14
235211,235225,235229,4,14
235211,235225,235229,4,14
235211,235226,235230,4,15
235211,235225,235230,5,14
235211,235225,235230,5,14
235211,235226,235230,4,15
235211,235226,235230,4,15
235211,235226,235230,4,15
235211,235226,235230,4,15
235211,235226,235230,4,15
235211,235227,235231,4,16
235211,235225,235230,5,14
235211,235227,235231,4,16
235211,235226,235231,5,15
235211,235227,235231,4,16
235211,235227,235231,4,16
235211,235230,235231,1,19
235211,235227,235232,5,16
235211,235227,235231,4,16
235211,235226,235231,5,15
235211,235228,235232,4,17
235211,235226,235232,6,15
235211,235226,235231,5,15
235211,235226,235231,5,15
235211,235230,235232,2,19
235211,235231,235232,1,20
235211,235231,235232,1,20
235211,235231,235232,1,20
235211,235229,235232,3,18
235211,235231,235232,1,20
235211,235229,235232,3,18
235211,235230,235232,2,19
235211,235231,235232,1,20
235211,235231,235232,1,20
235211,235232,235233,1,21
235211,235232,235233,1,21
235211,235232,235233,1,21
235211,235232,235233,1,21
235211,235231,235233,2,20
235211,235231,235233,2,20
235211,235231,235233,2,20
235211,235232,235234,2,21
235211,235231,235233,2,20
235211,235232,235233,1,21
235211,235232,235234,2,21
235211,235232,235234,2,21
235211,235232,235233,1,21
235211,235232,235234,2,21
235211,235232,235234,2,21
235211,235232,235234,2,21
235211,235233,235234,1,22
235211,235233,235234,1,22
235211,235233,235234,1,22
235211,235233,235234,1,22
235211,235233,235234,1,22
235211,235233,235234,1,22
235211,235233,235234,1,22
235211,235233,235234,1,22
235211,235232,235234,2,21
235211,235234,235237,3,23
235211,235234,235237,3,23
235211,235234,235237,3,23
235211,235234,235237,3,23
235211,235234,235238,4,23
235211,235234,235238,4,23
235211,235234,235238,4,23
235211,235234,235240,6,23
235211,235234,235240,6,23
235211,235234,235241,7,23
230390,230405,235637,5232,15
235638,235638,235641,3,0
235638,235638,235641,3,0
235638,235638,235641,3,0
235638,235638,235641,3,0
235638,235638,235641,3,0
235638,235638,235641,3,0
235638,235638,235642,4,0
235638,235638,235641,3,0
235638,235638,235642,4,0
235638,235638,235642,4,0
235638,235638,235641,3,0
235638,235638,235642,4,0
235638,235638,235642,4,0
235638,235638,235642,4,0
235638,235638,235642,4,0
235638,235638,235642,4,0
235638,235638,235642,4,0
235638,235638,235641,3,0
235638,235638,235642,4,0
235638,235638,235641,3,0
235638,235638,235641,3,0
235638,235638,235642,4,0
235638,235641,235642,1,3
235638,235641,235642,1,3
235638,235641,235643,2,3
235638,235641,235643,2,3
235638,235638,235642,4,0
235638,235638,235642,4,0
235638,235641,235642,1,3
235638,235641,235642,1,3
235638,235638,235642,4,0
235638,235642,235643,1,4
235638,235642,235643,1,4
235638,235642,235644,2,4
235638,235642,235644,2,4
235638,235642,235644,2,4
235638,235642,235644,2,4
235638,235642,235644,2,4
235638,235642,235644,2,4
235638,235642,235644,2,4
235638,235642,235644,2,4
235638,235642,235644,2,4
235638,235642,235644,2,4
235638,235643,235645,2,5
235638,235643,235645,2,5
235638,235643,235645,2,5
235638,235643,235645,2,5
235638,235642,235644,2,4
235638,235642,235644,2,4
235638,235643,235645,2,5
235638,235643,235645,2,5
235638,235642,235645,3,4
235638,235643,235645,2,5
235638,235643,235645,2,5
235638,235643,235645,2,5
235638,235644,235645,1,6
235638,235644,235645,1,6
235638,235645,235646,1,7
235638,235643,235645,2,5
235638,235644,235646,2,6
235638,235644,235646,2,6
235638,235644,235646,2,6
235638,235644,235646,2,6
235638,235644,235646,2,6
235638,235645,235646,1,7
235638,235644,235646,2,6
235638,235644,235645,1,6
235638,235644,235646,2,6
235638,235645,235646,1,7
235638,235644,235646,2,6
235638,235644,235646,2,6
235638,235645,235646,1,7
235638,235646,235647,1,8
235638,235646,235647,1,8
235638,235646,235647,1,8
235638,235645,235646,1,7
235638,235645,235647,2,7
235638,235645,235646,1,7
235638,235645,235647,2,7
235638,235645,235647,2,7
235638,235645,235647,2,7
235638,235645,235647,2,7
235638,235646,235647,1,8
235638,235646,235647,1,8
235638,235646,235648,2,8
235638,235647,235648,1,9
235638,235646,235647,1,8
235638,235646,235648,2,8
235638,235646,235648,2,8
235638,235647,235648,1,9
235638,235646,235648,2,8
235638,235647,235648,1,9
235638,235647,235648,1,9
235638,235647,235648,1,9
235638,235647,235648,1,9
235638,235647,235648,1,9
235638,235648,235649,1,10
235638,235647,235648,1,9
235638,235647,235649,2,9
235638,235648,235649,1,10
235638,235647,235648,1,9
235638,235647,235649,2,9
235638,235647,235649,2,9
235638,235647,235649,2,9
235638,235647,235649,2,9
235638,235648,235649,1,10
235638,235648,235649,1,10
235638,235648,235649,1,10
235638,235648,235650,2,10
235638,235649,235650,1,11
235638,235649,235650,1,11
235638,235648,235650,2,10
235638,235648,235650,2,10
235638,235649,235650,1,11
235638,235649,235650,1,11
235638,235649,235650,1,11
235638,235649,235650,1,11
235638,235649,235650,1,11
235638,235649,235650,1,11
235638,235649,235650,1,11
235638,235649,235650,1,11
235638,235649,235650,1,11
235638,235650,235651,1,12
235638,235649,235651,2,11
235638,235650,235651,1,12
235638,235650,235651,1,12
235638,235650,235651,1,12
235638,235650,235651,1,12
235638,235648,235651,3,10
235638,235650,235651,1,12
235638,235650,235651,1,12
235638,235650,235651,1,12
235638,235650,235651,1,12
235638,235650,235651,1,12
235638,235650,235651,1,12
235638,235651,235652,1,13
235638,235650,235652,2,12
235638,235651,235652,1,13
235638,235652,235653,1,14
235638,235651,235652,1,13
235638,235651,235652,1,13
235638,235651,235652,1,13
235638,235651,235652,1,13
235638,235651,235652,1,13
235638,235651,235652,1,13
235638,235651,235652,1,13
235638,235651,235652,1,13
235638,235651,235652,1,13
235638,235651,235652,1,13
235638,235652,235653,1,14
235638,235652,235653,1,14
235638,235652,235654,2,14
235638,235652,235653,1,14
235638,235652,235653,1,14
235638,235653,235654,1,15
235638,235652,235653,1,14
235638,235652,235653,1,14
235638,235653,235654,1,15
235638,235652,235653,1,14
235638,235652,235653,1,14
235638,235652,235654,2,14
235638,235654,235655,1,16
235638,235652,235654,2,14
235638,235652,235654,2,14
235638,235653,235654,1,15
235638,235653,235654,1,15
235638,235653,235654,1,15
235638,235653,235655,2,15
235638,235653,235655,2,15
235638,235653,235655,2,15
235638,235653,235655,2,15
235638,235653,235655,2,15
235638,235653,235654,1,15
235638,235653,235654,1,15
235638,235654,235655,1,16
235638,235655,235656,1,17
235638,235654,235655,1,16
235638,235654,235655,1,16
235638,235654,235655,1,16
235638,235654,235655,1,16
235638,235654,235655,1,16
235638,235654,235655,1,16
235638,235654,235655,1,16
235638,235654,235655,1,16
235638,235654,235655,1,16
235638,235654,235656,2,16
235638,235655,235656,1,17
235638,235655,235656,1,17
235638,235655,235656,1,17
235638,235655,235656,1,17
235638,235655,235656,1,17
235638,235655,235656,1,17
230844,230861,235942,5081,17
235943,235943,235944,1,0
235943,235943,235944,1,0
235943,235943,235945,2,0
235943,235943,235945,2,0
235943,235943,235945,2,0
235943,235943,235944,1,0
235943,235943,235945,2,0
235943,235943,235945,2,0
235943,235943,235945,2,0
235943,235943,235945,2,0
235943,235943,235945,2,0
235943,235943,235945,2,0
235943,235943,235945,2,0
235943,235943,235945,2,0
235943,235943,235945,2,0
235943,235943,235946,3,0
235943,235943,235946,3,0
235943,235943,235946,3,0
235943,235943,235946,3,0
235943,235943,235946,3,0
235943,235943,235945,2,0
235943,235943,235946,3,0
235943,235944,235946,2,1
235943,235943,235945,2,0
235943,235943,235946,3,0
235943,235944,235946,2,1
235943,235945,235947,2,2
235943,235945,235947,2,2
235943,235945,235947,2,2
235943,235945,235947,2,2
235943,235945,235947,2,2
235943,235945,235947,2,2
235943,235943,235947,4,0
235943,235945,235947,2,2
235943,235945,235947,2,2
235943,235945,235947,2,2
235943,235945,235947,2,2
235943,235945,235947,2,2
235943,235946,235947,1,3
235943,235945,235947,2,2
235943,235946,235948,2,3
235943,235946,235948,2,3
235943,235946,235948,2,3
235943,235946,235949,3,3
235943,235947,235948,1,4
235943,235946,235949,3,3
235943,235946,235948,2,3
235943,235947,235948,1,4
235943,235947,235948,1,4
235943,235947,235948,1,4
235943,235947,235949,2,4
235943,235948,235949,1,5
235943,235948,235949,1,5
235943,235948,235949,1,5
235943,235948,235949,1,5
235943,235948,235949,1,5
235943,235946,235949,3,3
235943,235948,235949,1,5
235943,235948,235949,1,5
235943,235948,235949,1,5
235943,235948,235949,1,5
235943,235948,235949,1,5
235943,235948,235949,1,5
235943,235948,235949,1,5
235943,235948,235949,1,5
235943,235949,235950,1,6
235943,235948,235950,2,5
235943,235950,235951,1,7
235943,235950,235951,1,7
235943,235950,235951,1,7
235943,235949,235950,1,6
235943,235949,235950,1,6
235943,235949,235950,1,6
235943,235949,235950,1,6
235943,235949,235950,1,6
235943,235950,235951,1,7
235943,235949,235950,1,6
235943,235949,235950,1,6
235943,235950,235951,1,7
235943,235949,235950,1,6
235943,235950,235951,1,7
235943,235948,235951,3,5
235943,235951,235952,1,8
235943,235950,235951,1,7
235943,235951,235952,1,8
235943,235950,235951,1,7
235943,235951,235952,1,8
235943,235950,235951,1,7
235943,235950,235951,1,7
235943,235950,235951,1,7
235943,235950,235951,1,7
235943,235950,235951,1,7
235943,235952,235953,1,9
235943,235951,235952,1,8
235943,235951,235952,1,8
235943,235952,235953,1,9
235943,235951,235952,1,8
235943,235951,235952,1,8
235943,235951,235952,1,8
235943,235952,235953,1,9
235943,235951,235952,1,8
235943,235951,235952,1,8
235943,235951,235952,1,8
235943,235951,235952,1,8
235943,235951,235952,1,8
235943,235951,235953,2,8
235943,235951,235953,2,8
235943,235951,235953,2,8
235943,235952,235953,1,9
235943,235952,235954,2,9
235943,235952,235953,1,9
235943,235952,235953,1,9
235943,235952,235953,1,9
235943,235952,235953,1,9
235943,235952,235953,1,9
235943,235953,235954,1,10
235943,235952,235953,1,9
235943,235952,235953,1,9
235943,235953,235954,1,10
235943,235953,235955,2,10
235943,235953,235954,1,10
235943,235953,235954,1,10
235943,235954,235955,1,11
235943,235953,235954,1,10
235943,235954,235955,1,11
235943,235954,235955,1,11
235943,235953,235955,2,10
235943,235953,235955,2,10
235943,235953,235954,1,10
235943,235953,235954,1,10
235943,235954,235955,1,11
235943,235953,235955,2,10
235943,235953,235954,1,10
235943,235953,235954,1,10
235943,235953,235954,1,10
235943,235954,235955,1,11
235943,235954,235955,1,11
235943,235954,235955,1,11
235943,235954,235955,1,11
235943,235953,235955,2,10
235943,235955,235956,1,12
235943,235953,235955,2,10
235943,235955,235956,1,12
235943,235954,235955,1,11
235943,235955,235956,1,12
235943,235954,235956,2,11
235943,235955,235956,1,12
235943,235955,235956,1,12
235943,235955,235956,1,12
235943,235955,235956,1,12
235943,235955,235956,1,12
235943,235956,235957,1,13
235943,235955,235957,2,12
235943,235955,235956,1,12
235943,235955,235956,1,12
235943,235955,235956,1,12
235943,235956,235957,1,13
235943,235955,235957,2,12
235943,235955,235956,1,12
235943,235955,235956,1,12
235943,235956,235957,1,13
235943,235955,235956,1,12
235943,235956,235957,1,13
235943,235956,235957,1,13
235943,235956,235957,1,13
235943,235956,235957,1,13
235943,235956,235957,1,13
235943,235956,235957,1,13
235943,235956,235957,1,13
235943,235956,235958,2,13
235943,235955,235957,2,12
235943,235956,235958,2,13
235943,235957,235958,1,14
235943,235957,235959,2,14
235943,235957,235958,1,14
235943,235957,235959,2,14
235943,235957,235959,2,14
235943,235957,235959,2,14
235943,235957,235959,2,14
235943,235957,235959,2,14
235943,235957,235959,2,14
235943,235957,235959,2,14
235943,235957,235959,2,14
235943,235957,235959,2,14
235943,235957,235959,2,14
235943,235957,235959,2,14
235943,235957,235959,2,14
235943,235959,235960,1,16
235943,235958,235960,2,15
235943,235958,235959,1,15
235943,235958,235959,1,15
235943,235958,235959,1,15
235943,235957,235959,2,14
235943,235957,235959,2,14
235943,235958,235960,2,15
235943,235958,235960,2,15
235943,235958,235960,2,15
235943,235958,235960,2,15
232455,232469,236006,3537,14
236007,236007,236008,1,0
236007,236007,236008,1,0
236007,236007,236008,1,0
236007,236007,236009,2,0
236007,236007,236009,2,0
236007,236007,236009,2,0
236007,236007,236009,2,0
236007,236007,236008,1,0
236007,236007,236008,1,0
236007,236007,236009,2,0
236007,236007,236009,2,0
236007,236007,236008,1,0
236007,236007,236009,2,0
236007,236007,236008,1,0
236007,236007,236009,2,0
236007,236007,236009,2,0
236007,236007,236009,2,0
236007,236007,236009,2,0
236007,236007,236009,2,0
236007,236007,236009,2,0
236007,236007,236009,2,0
236007,236007,236009,2,0
236007,236007,236009,2,0
236007,236007,236010,3,0
236007,236009,236011,2,2
236007,236007,236010,3,0
236007,236009,236011,2,2
236007,236009,236011,2,2
236007,236009,236011,2,2
236007,236009,236011,2,2
236007,236009,236011,2,2
236007,236009,236012,3,2
236007,236009,236012,3,2
236007,236009,236012,3,2
236007,236009,236012,3,2
236007,236009,236011,2,2
236007,236010,236012,2,3
236007,236009,236011,2,2
236007,236009,236011,2,2
236007,236009,236012,3,2
236007,236009,236012,3,2
236007,236010,236012,2,3
236007,236010,236012,2,3
236007,236010,236012,2,3
236007,236011,236012,1,4
236007,236011,236013,2,4
236007,236010,236012,2,3
236007,236010,236012,2,3
236007,236010,236012,2,3
236007,236011,236013,2,4
236007,236009,236012,3,2
236007,236010,236013,3,3
236007,236012,236014,2,5
236007,236012,236013,1,5
236007,236012,236013,1,5
236007,236012,236013,1,5
236007,236012,236014,2,5
236007,236012,236014,2,5
236007,236012,236014,2,5
236007,236012,236014,2,5
236007,236012,236014,2,5
236007,236012,236014,2,5
236007,236012,236014,2,5
236007,236013,236015,2,6
236007,236013,236014,1,6
236007,236012,236015,3,5
236007,236012,236014,2,5
236007,236012,236014,2,5
236007,236013,236016,3,6
236007,236013,236016,3,6
236007,236013,236016,3,6
236007,236013,236016,3,6
236007,236013,236016,3,6
236007,236013,236016,3,6
236007,236013,236016,3,6
236007,236013,236016,3,6
236007,236013,236016,3,6
236007,236014,236017,3,7
236007,236014,236017,3,7
236007,236014,236016,2,7
236007,236014,236017,3,7
236007,236014,236016,2,7
236007,236014,236016,2,7
236007,236014,236017,3,7
236007,236015,236018,3,8
236007,236014,236017,3,7
236007,236014,236017,3,7
236007,236014,236017,3,7
236007,236015,236018,3,8
236007,236014,236017,3,7
236007,236015,236018,3,8
236007,236015,236018,3,8
236007,236016,236018,2,9
236007,236016,236018,2,9
236007,236017,236019,2,10
236007,236018,236019,1,11
236007,236015,236018,3,8
236007,236016,236019,3,9
236007,236016,236019,3,9
236007,236017,236018,1,10
236007,236017,236019,2,10
236007,236017,236019,2,10
236007,236016,236019,3,9
236007,236017,236019,2,10
236007,236016,236018,2,9
236007,236017,236019,2,10
236007,236016,236019,3,9
236007,236016,236019,3,9
236007,236017,236019,2,10
236007,236018,236019,1,11
236007,236018,236019,1,11
236007,236018,236019,1,11
236007,236018,236019,1,11
236007,236018,236020,2,11
236007,236018,236020,2,11
236007,236019,236020,1,12
236007,236018,236020,2,11
236007,236018,236020,2,11
236007,236017,236020,3,10
236007,236019,236020,1,12
236007,236020,236021,1,13
236007,236019,236021,2,12
236007,236020,236021,1,13
236007,236019,236021,2,12
236007,236019,236021,2,12
236007,236019,236021,2,12
236007,236019,236021,2,12
236007,236019,236021,2,12
236007,236019,236021,2,12
236007,236020,236021,1,13
236007,236020,236021,1,13
236007,236020,236021,1,13
236007,236019,236021,2,12
236007,236019,236021,2,12
236007,236019,236021,2,12
236007,236020,236021,1,13
236007,236020,236021,1,13
236007,236020,236021,1,13
236007,236020,236021,1,13
236007,236020,236022,2,13
236007,236020,236022,2,13
236007,236021,236022,1,14
236007,236020,236022,2,13
236007,236021,236024,3,14
236007,236021,236024,3,14
236007,236021,236024,3,14
236007,236023,236024,1,16
236007,236022,236024,2,15
236007,236022,236024,2,15
236007,236022,236024,2,15
236007,236022,236024,2,15
236007,236022,236024,2,15
236007,236022,236024,2,15
236007,236022,236024,2,15
236007,236022,236024,2,15
236007,236022,236024,2,15
236007,236021,236024,3,14
236007,236022,236025,3,15
236007,236022,236024,2,15
236007,236022,236025,3,15
236007,236022,236025,3,15
236007,236022,236025,3,15
236007,236023,236025,2,16
236007,236025,236026,1,18
236007,236022,236025,3,15
236007,236023,236026,3,16
236007,236024,236025,1,17
236007,236022,236025,3,15
236007,236023,236025,2,16
236007,236025,236026,1,18
236007,236022,236025,3,15
236007,236024,236025,1,17
236007,236025,236026,1,18
236007,236025,236026,1,18
236007,236025,236027,2,18
236007,236025,236026,1,18
236007,236025,236026,1,18
236007,236025,236026,1,18
236007,236025,236027,2,18
236007,236025,236027,2,18
236007,236025,236027,2,18
236007,236025,236027,2,18
236007,236025,236027,2,18
236007,236026,236027,1,19
236007,236026,236027,1,19
236007,236026,236027,1,19
236007,236026,236027,1,19
236007,236026,236028,2,19
236007,236026,236028,2,19
236007,236026,236028,2,19
236007,236026,236028,2,19
236007,236027,236028,1,20
236007,236026,236028,2,19
236007,236026,236028,2,19
236007,236027,236029,2,20
236007,236026,236028,2,19
236007,236026,236028,2,19
236007,236026,236028,2,19
236007,236026,236029,3,19
236007,236027,236029,2,20
232293,232306,236108,3802,13
236110,236110,236111,1,0
236110,236110,236111,1,0
236110,236110,236111,1,0
236110,236110,236111,1,0
236110,236110,236112,2,0
236110,236110,236111,1,0
236110,236110,236112,2,0
236110,236110,236111,1,0
236110,236110,236112,2,0
236110,236110,236111,1,0
236110,236110,236112,2,0
236110,236110,236111,1,0
236110,236110,236112,2,0
236110,236110,236111,1,0
236110,236110,236112,2,0
236110,236110,236112,2,0
236110,236110,236112,2,0
236110,236110,236112,2,0
236110,236110,236113,3,0
236110,236110,236113,3,0
236110,236110,236113,3,0
236110,236111,236112,1,1
236110,236111,236113,2,1
236110,236112,236113,1,2
236110,236110,236113,3,0
236110,236110,236113,3,0
236110,236112,236114,2,2
236110,236112,236114,2,2
236110,236112,236114,2,2
236110,236112,236113,1,2
236110,236112,236114,2,2
236110,236112,236114,2,2
236110,236112,236114,2,2
236110,236112,236114,2,2
236110,236112,236114,2,2
236110,236112,236114,2,2
236110,236112,236114,2,2
236110,236112,236113,1,2
236110,236112,236114,2,2
236110,236113,236115,2,3
236110,236113,236115,2,3
236110,236113,236115,2,3
236110,236113,236115,2,3
236110,236113,236115,2,3
236110,236113,236115,2,3
236110,236113,236115,2,3
236110,236114,236115,1,4
236110,236114,236116,2,4
236110,236114,236115,1,4
236110,236114,236116,2,4
236110,236114,236116,2,4
236110,236114,236116,2,4
236110,236114,236116,2,4
236110,236114,236116,2,4
236110,236114,236116,2,4
236110,236114,236116,2,4
236110,236114,236116,2,4
236110,236114,236116,2,4
236110,236114,236116,2,4
236110,236114,236116,2,4
236110,236114,236117,3,4
236110,236115,236117,2,5
236110,236116,236117,1,6
236110,236115,236117,2,5
236110,236115,236117,2,5
236110,236116,236117,1,6
236110,236116,236117,1,6
236110,236116,236117,1,6
236110,236116,236117,1,6
236110,236115,236117,2,5
236110,236116,236118,2,6
236110,236114,236117,3,4
236110,236115,236118,3,5
236110,236115,236118,3,5
236110,236116,236117,1,6
236110,236116,236117,1,6
236110,236117,236118,1,7
236110,236115,236117,2,5
236110,236116,236118,2,6
236110,236117,236118,1,7
236110,236116,236117,1,6
236110,236116,236117,1,6
236110,236117,236118,1,7
236110,236116,236118,2,6
236110,236116,236118,2,6
236110,236116,236118,2,6
236110,236118,236119,1,8
236110,236118,236119,1,8
236110,236118,236119,1,8
236110,236117,236119,2,7
236110,236117,236118,1,7
236110,236118,236119,1,8
236110,236118,236119,1,8
236110,236119,236120,1,9
236110,236118,236120,2,8
236110,236118,236120,2,8
236110,236119,236120,1,9
236110,236118,236120,2,8
236110,236118,236120,2,8
236110,236118,236120,2,8
236110,236118,236120,2,8
236110,236118,236120,2,8
236110,236119,236120,1,9
236110,236119,236120,1,9
236110,236119,236120,1,9
236110,236119,236120,1,9
236110,236119,236120,1,9
236110,236120,236121,1,10
236110,236120,236121,1,10
236110,236119,236120,1,9
236110,236119,236121,2,9
236110,236120,236121,1,10
236110,236118,236121,3,8
236110,236119,236121,2,9
236110,236121,236122,1,11
236110,236120,236121,1,10
236110,236121,236122,1,11
236110,236121,236122,1,11
236110,236121,236122,1,11
236110,236120,236122,2,10
236110,236120,236122,2,10
236110,236121,236122,1,11
236110,236119,236122,3,9
236110,236120,236122,2,10
236110,236120,236122,2,10
236110,236121,236122,1,11
236110,236121,236122,1,11
236110,236121,236122,1,11
236110,236121,236122,1,11
236110,236121,236122,1,11
236110,236121,236122,1,11
236110,236121,236122,1,11
236110,236121,236122,1,11
236110,236121,236122,1,11
236110,236122,236123,1,12
236110,236122,236123,1,12
236110,236121,236122,1,11
236110,236121,236123,2,11
236110,236122,236123,1,12
236110,236123,236124,1,13
236110,236123,236124,1,13
236110,236122,236123,1,12
236110,236122,236123,1,12
236110,236123,236124,1,13
236110,236123,236124,1,13
236110,236122,236124,2,12
236110,236122,236124,2,12
236110,236123,236124,1,13
236110,236123,236124,1,13
236110,236123,236124,1,13
236110,236123,236124,1,13
236110,236123,236125,2,13
236110,236123,236124,1,13
236110,236124,236125,1,14
236110,236124,236125,1,14
236110,236123,236124,1,13
236110,236123,236124,1,13
236110,236123,236124,1,13
236110,236123,236125,2,13
236110,236124,236125,1,14
236110,236124,236125,1,14
236110,236123,236125,2,13
236110,236125,236126,1,15
236110,236124,236125,1,14
236110,236124,236125,1,14
236110,236125,236126,1,15
236110,236124,236125,1,14
236110,236125,236126,1,15
236110,236125,236126,1,15
236110,236124,236125,1,14
236110,236125,236126,1,15
236110,236125,236126,1,15
236110,236124,236126,2,14
236110,236126,236127,1,16
236110,236124,236126,2,14
236110,236125,236127,2,15
236110,236125,236127,2,15
236110,236125,236126,1,15
236110,236125,236126,1,15
236110,236126,236127,1,16
236110,236126,236127,1,16
236110,236125,236126,1,15
236110,236125,236126,1,15
236110,236125,236127,2,15
236110,236126,236127,1,16
236110,236126,236127,1,16
236110,236126,236127,1,16
236110,236126,236127,1,16
236110,236126,236128,2,16
236110,236111,236114,3,1
236110,236145,236147,2,35
233039,233058,236446,3388,19
236447,236447,236448,1,0
236447,236447,236448,1,0
236447,236447,236449,2,0
236447,236447,236448,1,0
236447,236447,236448,1,0
236447,236447,236448,1,0
236447,236447,236448,1,0
236447,236447,236448,1,0
236447,236447,236448,1,0
236447,236447,236448,1,0
236447,236448,236449,1,1
236447,236447,236448,1,0
236447,236447,236448,1,0
236447,236447,236448,1,0
236447,236447,236448,1,0
236447,236447,236449,2,0
236447,236447,236449,2,0
236447,236447,236449,2,0
236447,236447,236450,3,0
236447,236447,236450,3,0
236447,236447,236449,2,0
236447,236447,236449,2,0
236447,236447,236449,2,0
236447,236447,236450,3,0
236447,236447,236449,2,0
236447,236447,236449,2,0
236447,236449,236450,1,2
236447,236449,236450,1,2
236447,236449,236451,2,2
236447,236449,236450,1,2
236447,236449,236451,2,2
236447,236449,236451,2,2
236447,236449,236451,2,2
236447,236449,236451,2,2
236447,236449,236451,2,2
236447,236449,236451,2,2
236447,236449,236451,2,2
236447,236449,236451,2,2
236447,236449,236451,2,2
236447,236450,236452,2,3
236447,236449,236451,2,2
236447,236450,236452,2,3
236447,236450,236452,2,3
236447,236450,236452,2,3
236447,236450,236452,2,3
236447,236450,236452,2,3
236447,236450,236452,2,3
236447,236450,236453,3,3
236447,236450,236452,2,3
236447,236450,236452,2,3
236447,236451,236453,2,4
236447,236451,236453,2,4
236447,236451,236453,2,4
236447,236451,236453,2,4
236447,236450,236453,3,3
236447,236451,236453,2,4
236447,236451,236453,2,4
236447,236451,236453,2,4
236447,236451,236453,2,4
236447,236452,236454,2,5
236447,236452,236454,2,5
236447,236452,236454,2,5
236447,236452,236454,2,5
236447,236451,236453,2,4
236447,236451,236454,3,4
236447,236451,236454,3,4
236447,236451,236454,3,4
236447,236451,236453,2,4
236447,236453,236454,1,6
236447,236454,236455,1,7
236447,236453,236455,2,6
236447,236453,236455,2,6
236447,236453,236454,1,6
236447,236453,236455,2,6
236447,236453,236454,1,6
236447,236453,236454,1,6
236447,236453,236455,2,6
236447,236453,236455,2,6
236447,236453,236455,2,6
236447,236453,236455,2,6
236447,236454,236455,1,7
236447,236453,236455,2,6
236447,236454,236455,1,7
236447,236454,236455,1,7
236447,236454,236455,1,7
236447,236453,236455,2,6
236447,236453,236455,2,6
236447,236454,236455,1,7
236447,236455,236456,1,8
236447,236454,236455,1,7
236447,236454,236455,1,7
236447,236453,236455,2,6
236447,236454,236456,2,7
236447,236454,236456,2,7
236447,236455,236456,1,8
236447,236455,236456,1,8
236447,236455,236457,2,8
236447,236455,236456,1,8
236447,236455,236456,1,8
236447,236455,236456,1,8
236447,236455,236457,2,8
236447,236455,236457,2,8
236447,236455,236456,1,8
236447,236456,236457,1,9
236447,236456,236457,1,9
236447,236456,236457,1,9
236447,236456,236457,1,9
236447,236456,236457,1,9
236447,236456,236457,1,9
236447,236455,236458,3,8
236447,236455,236458,3,8
236447,236455,236458,3,8
236447,236456,236458,2,9
236447,236456,236458,2,9
236447,236457,236458,1,10
236447,236456,236459,3,9
236447,236456,236459,3,9
236447,236457,236459,2,10
236447,236457,236459,2,10
236447,236457,236458,1,10
236447,236456,236459,3,9
236447,236457,236459,2,10
236447,236456,236459,3,9
236447,236456,236459,3,9
236447,236457,236459,2,10
236447,236457,236459,2,10
236447,236456,236459,3,9
236447,236458,236459,1,11
236447,236458,236459,1,11
236447,236458,236459,1,11
236447,236458,236459,1,11
236447,236457,236460,3,10
236447,236458,236460,2,11
236447,236459,236460,1,12
236447,236458,236460,2,11
236447,236458,236460,2,11
236447,236458,236460,2,11
236447,236459,236461,2,12
236447,236459,236461,2,12
236447,236459,236461,2,12
236447,236459,236461,2,12
236447,236459,236461,2,12
236447,236460,236461,1,13
236447,236460,236461,1,13
236447,236460,236461,1,13
236447,236460,236461,1,13
236447,236460,236461,1,13
236447,236459,236461,2,12
236447,236460,236461,1,13
236447,236460,236461,1,13
236447,236460,236461,1,13
236447,236461,236462,1,14
236447,236460,236461,1,13
236447,236460,236461,1,13
236447,236460,236461,1,13
236447,236460,236461,1,13
236447,236460,236462,2,13
236447,236461,236462,1,14
236447,236460,236463,3,13
236447,236461,236464,3,14
236447,236460,236463,3,13
236447,236461,236464,3,14
236447,236461,236464,3,14
236447,236462,236464,2,15
236447,236462,236464,2,15
236447,236462,236464,2,15
236447,236462,236465,3,15
236447,236462,236464,2,15
236447,236462,236464,2,15
236447,236463,236464,1,16
236447,236462,236464,2,15
236447,236462,236464,2,15
236447,236462,236464,2,15
236447,236462,236465,3,15
236447,236462,236464,2,15
236447,236462,236464,2,15
236447,236462,236465,3,15
236447,236464,236465,1,17
236447,236461,236464,3,14
236447,236462,236465,3,15
236447,236462,236465,3,15
236447,236464,236465,1,17
236447,236462,236465,3,15
236447,236465,236466,1,18
236447,236462,236465,3,15
236447,236464,236465,1,17
236447,236462,236465,3,15
236447,236464,236465,1,17
236447,236465,236466,1,18
236447,236465,236466,1,18
236447,236465,236467,2,18
236447,236465,236466,1,18
236447,236465,236466,1,18
236447,236465,236466,1,18
232660,232682,236501,3819,22
236502,236502,236503,1,0
236502,236502,236504,2,0
236502,236502,236504,2,0
236502,236502,236504,2,0
236502,236502,236503,1,0
236502,236502,236504,2,0
236502,236502,236504,2,0
236502,236502,236504,2,0
236502,236502,236504,2,0
236502,236502,236503,1,0
236502,236502,236504,2,0
236502,236502,236504,2,0
236502,236502,236504,2,0
236502,236502,236504,2,0
236502,236502,236504,2,0
236502,236502,236505,3,0
236502,236502,236505,3,0
236502,236502,236504,2,0
236502,236502,236505,3,0
236502,236503,236504,1,1
236502,236502,236504,2,0
236502,236502,236504,2,0
236502,236502,236505,3,0
236502,236502,236505,3,0
236502,236504,236507,3,2
236502,236504,236507,3,2
236502,236504,236507,3,2
236502,236504,236507,3,2
236502,236505,236507,2,3
236502,236505,236507,2,3
236502,236505,236508,3,3
236502,236504,236508,4,2
236502,236504,236508,4,2
236502,236505,236508,3,3
236502,236505,236508,3,3
236502,236504,236508,4,2
236502,236504,236508,4,2
236502,236506,236508,2,4
236502,236506,236508,2,4
236502,236506,236508,2,4
236502,236506,236508,2,4
236502,236505,236508,3,3
236502,236505,236508,3,3
236502,236505,236509,4,3
236502,236505,236509,4,3
236502,236505,236509,4,3
236502,236502,236509,7,0
236502,236508,236509,1,6
236502,236508,236509,1,6
236502,236508,236509,1,6
236502,236506,236509,3,4
236502,236508,236509,1,6
236502,236508,236509,1,6
236502,236508,236509,1,6
236502,236508,236510,2,6
236502,236508,236510,2,6
236502,236502,236511,9,0
236502,236509,236510,1,7
236502,236509,236510,1,7
236502,236509,236510,1,7
236502,236509,236510,1,7
236502,236508,236511,3,6
236502,236509,236511,2,7
236502,236509,236511,2,7
236502,236509,236511,2,7
236502,236509,236511,2,7
236502,236510,236512,2,8
236502,236509,236511,2,7
236502,236509,236511,2,7
236502,236510,236512,2,8
236502,236510,236511,1,8
236502,236510,236512,2,8
236502,236510,236511,1,8
236502,236510,236511,1,8
236502,236511,236512,1,9
236502,236511,236512,1,9
236502,236509,236512,3,7
236502,236510,236512,2,8
236502,236509,236512,3,7
236502,236512,236513,1,10
236502,236510,236512,2,8
236502,236512,236513,1,10
236502,236512,236513,1,10
236502,236512,236513,1,10
236502,236513,236514,1,11
236502,236512,236513,1,10
236502,236512,236513,1,10
236502,236512,236513,1,10
236502,236512,236513,1,10
236502,236512,236514,2,10
236502,236512,236514,2,10
236502,236512,236513,1,10
236502,236512,236513,1,10
236502,236513,236514,1,11
236502,236512,236513,1,10
236502,236512,236513,1,10
236502,236512,236513,1,10
236502,236513,236514,1,11
236502,236513,236514,1,11
236502,236513,236514,1,11
236502,236513,236514,1,11
236502,236512,236514,2,10
236502,236512,236514,2,10
236502,236513,236514,1,11
236502,236514,236515,1,12
236502,236513,236514,1,11
236502,236514,236515,1,12
236502,236514,236516,2,12
236502,236514,236515,1,12
236502,236514,236515,1,12
236502,236514,236516,2,12
236502,236514,236516,2,12
236502,236514,236516,2,12
236502,236510,236517,7,8
236502,236514,236516,2,12
236502,236514,236516,2,12
236502,236514,236516,2,12
236502,236514,236516,2,12
236502,236515,236517,2,13
236502,236514,236516,2,12
236502,236514,236516,2,12
236502,236514,236516,2,12
236502,236516,236517,1,14
236502,236515,236517,2,13
236502,236515,236518,3,13
236502,236515,236518,3,13
236502,236515,236517,2,13
236502,236516,236517,1,14
236502,236515,236517,2,13
236502,236515,236517,2,13
236502,236515,236517,2,13
236502,236515,236517,2,13
236502,236516,236517,1,14
236502,236516,236517,1,14
236502,236517,236518,1,15
236502,236517,236518,1,15
236502,236511,236517,6,9
236502,236517,236518,1,15
236502,236517,236518,1,15
236502,236517,236519,2,15
236502,236517,236519,2,15
236502,236517,236519,2,15
236502,236518,236519,1,16
236502,236517,236518,1,15
236502,236517,236519,2,15
236502,236517,236519,2,15
236502,236518,236519,1,16
236502,236518,236519,1,16
236502,236518,236519,1,16
236502,236518,236519,1,16
236502,236518,236519,1,16
236502,236518,236520,2,16
236502,236518,236519,1,16
236502,236518,236519,1,16
236502,236517,236519,2,15
236502,236517,236519,2,15
236502,236518,236520,2,16
236502,236518,236520,2,16
236502,236518,236520,2,16
236502,236519,236521,2,17
236502,236518,236520,2,16
236502,236519,236521,2,17
236502,236519,236521,2,17
236502,236519,236521,2,17
236502,236519,236521,2,17
236502,236519,236522,3,17
236502,236519,236522,3,17
236502,236519,236522,3,17
236502,236519,236522,3,17
236502,236520,236522,2,18
236502,236520,236522,2,18
236502,236520,236522,2,18
236502,236520,236523,3,18
236502,236520,236522,2,18
236502,236520,236522,2,18
236502,236520,236522,2,18
236502,236520,236523,3,18
236502,236520,236522,2,18
236502,236520,236523,3,18
236502,236520,236522,2,18
236502,236521,236523,2,19
236502,236521,236523,2,19
236502,236522,236523,1,20
236502,236522,236523,1,20
236502,236520,236523,3,18
236502,236519,236523,4,17
236502,236519,236523,4,17
236502,236522,236523,1,20
231186,231200,236523,5323,14
236502,236521,236524,3,19
236502,236522,236524,2,20
236502,236521,236523,2,19
236502,236520,236523,3,18
236532,236532,236534,2,0
236532,236532,236534,2,0
236532,236532,236534,2,0
236532,236532,236534,2,0
236532,236532,236534,2,0
236532,236532,236533,1,0
236532,236532,236534,2,0
236532,236532,236534,2,0
236532,236532,236534,2,0
236532,236532,236534,2,0
236532,236532,236534,2,0
236532,236532,236534,2,0
236532,236532,236535,3,0
236532,236532,236535,3,0
236532,236532,236535,3,0
236532,236532,236535,3,0
236532,236532,236535,3,0
236532,236532,236535,3,0
236532,236532,236535,3,0
236532,236532,236535,3,0
236532,236532,236535,3,0
236532,236532,236534,2,0
236532,236532,236534,2,0
236532,236534,236535,1,2
236532,236534,236536,2,2
236532,236534,236536,2,2
236532,236534,236535,1,2
236532,236534,236536,2,2
236532,236534,236536,2,2
236532,236534,236536,2,2
236532,236534,236536,2,2
236532,236534,236535,1,2
236532,236534,236535,1,2
236532,236535,236536,1,3
236532,236535,236536,1,3
236532,236535,236537,2,3
236532,236535,236537,2,3
236532,236535,236537,2,3
236532,236535,236537,2,3
236532,236535,236537,2,3
236532,236535,236537,2,3
236532,236535,236538,3,3
236532,236535,236538,3,3
236532,236536,236539,3,4
236532,236535,236539,4,3
236532,236535,236539,4,3
236532,236535,236539,4,3
236532,236536,236539,3,4
236532,236537,236540,3,5
236532,236537,236540,3,5
236532,236536,236540,4,4
236532,236536,236540,4,4
236532,236536,236540,4,4
236532,236536,236540,4,4
236532,236536,236539,3,4
236532,236536,236540,4,4
236532,236536,236540,4,4
236532,236536,236540,4,4
236532,236537,236540,3,5
236532,236537,236540,3,5
236532,236539,236541,2,7
236532,236539,236541,2,7
236532,236539,236541,2,7
236532,236539,236541,2,7
236532,236539,236541,2,7
236532,236539,236541,2,7
236532,236537,236541,4,5
236532,236537,236541,4,5
236532,236537,236541,4,5
236532,236537,236540,3,5
236532,236539,236541,2,7
236532,236540,236541,1,8
236532,236540,236541,1,8
236532,236541,236542,1,9
236532,236532,236542,10,0
236532,236540,236542,2,8
236532,236540,236541,1,8
236532,236540,236541,1,8
236532,236540,236542,2,8
236532,236540,236542,2,8
236532,236541,236542,1,9
236532,236541,236542,1,9
236532,236541,236542,1,9
236532,236541,236542,1,9
236532,236532,236543,11,0
236532,236541,236543,2,9
236532,236542,236543,1,10
236532,236542,236544,2,10
236532,236541,236544,3,9
236532,236541,236544,3,9
236532,236543,236544,1,11
236532,236542,236544,2,10
236532,236542,236544,2,10
236532,236542,236544,2,10
236532,236542,236544,2,10
236532,236542,236544,2,10
236532,236542,236544,2,10
236532,236542,236544,2,10
236532,236542,236544,2,10
236532,236543,236544,1,11
236532,236543,236544,1,11
236532,236544,236545,1,12
236532,236542,236544,2,10
236532,236543,236544,1,11
236532,236543,236544,1,11
236532,236543,236544,1,11
236532,236542,236544,2,10
236532,236542,236544,2,10
236532,236543,236545,2,11
236532,236544,236546,2,12
236532,236544,236546,2,12
236532,236545,236546,1,13
236532,236545,236546,1,13
236532,236545,236546,1,13
236532,236545,236546,1,13
236532,236545,236546,1,13
236532,236545,236546,1,13
236532,236545,236546,1,13
236532,236545,236546,1,13
236532,236545,236546,1,13
236532,236545,236547,2,13
236532,236545,236546,1,13
236532,236545,236546,1,13
236532,236545,236546,1,13
236532,236545,236546,1,13
236532,236545,236546,1,13
236532,236545,236546,1,13
236532,236545,236547,2,13
236532,236546,236547,1,14
236532,236546,236547,1,14
236532,236545,236547,2,13
236532,236547,236548,1,15
236532,236546,236548,2,14
236532,236547,236548,1,15
236532,236547,236548,1,15
236532,236547,236548,1,15
236532,236547,236549,2,15
236532,236547,236549,2,15
236532,236547,236549,2,15
236532,236547,236549,2,15
236532,236547,236549,2,15
236532,236542,236549,7,10
236532,236547,236549,2,15
236532,236548,236549,1,16
236532,236548,236549,1,16
236532,236547,236549,2,15
236532,236547,236549,2,15
236532,236547,236549,2,15
236532,236547,236550,3,15
236532,236547,236549,2,15
236532,236547,236549,2,15
236532,236547,236549,2,15
236532,236547,236549,2,15
236532,236547,236549,2,15
236532,236543,236550,7,11
236532,236549,236550,1,17
236532,236549,236551,2,17
236532,236549,236550,1,17
236532,236549,236550,1,17
236532,236548,236550,2,16
236532,236549,236550,1,17
236532,236549,236550,1,17
236532,236550,236551,1,18
236532,236549,236550,1,17
236532,236550,236551,1,18
236532,236549,236550,1,17
236532,236549,236550,1,17
236532,236549,236551,2,17
236532,236550,236551,1,18
236532,236550,236552,2,18
236532,236550,236551,1,18
236532,236550,236552,2,18
236532,236551,236552,1,19
236532,236551,236552,1,19
236532,236550,236552,2,18
236532,236550,236551,1,18
236532,236550,236552,2,18
236532,236550,236551,1,18
236532,236550,236551,1,18
236532,236550,236551,1,18
236532,236551,236552,1,19
236532,236551,236552,1,19
236532,236551,236552,1,19
236532,236551,236552,1,19
236532,236551,236552,1,19
236532,236551,236552,1,19
236532,236551,236552,1,19
236532,236551,236552,1,19
236532,236551,236552,1,19
236532,236551,236552,1,19
236532,236551,236553,2,19
236532,236552,236554,2,20
236532,236552,236554,2,20
236532,236552,236553,1,20
236532,236552,236554,2,20
236532,236549,236554,5,17
236532,236552,236554,2,20
236532,236551,236557,6,19
233309,233325,236874,3549,16
236875,236875,236876,1,0
236875,236875,236876,1,0
236875,236875,236876,1,0
236875,236875,236876,1,0
236875,236875,236876,1,0
236875,236875,236876,1,0
236875,236875,236877,2,0
236875,236875,236876,1,0
236875,236875,236876,1,0
236875,236875,236876,1,0
236875,236875,236877,2,0
236875,236875,236876,1,0
236875,236875,236876,1,0
236875,236875,236876,1,0
236875,236875,236876,1,0
236875,236875,236876,1,0
236875,236875,236878,3,0
236875,236875,236878,3,0
236875,236875,236877,2,0
236875,236875,236877,2,0
236875,236875,236877,2,0
236875,236876,236877,1,1
236875,236875,236877,2,0
236875,236875,236877,2,0
236875,236875,236877,2,0
236875,236875,236877,2,0
236875,236877,236878,1,2
236875,236877,236879,2,2
236875,236877,236878,1,2
236875,236877,236878,1,2
236875,236877,236879,2,2
236875,236877,236879,2,2
236875,236877,236879,2,2
236875,236877,236879,2,2
236875,236877,236878,1,2
236875,236877,236879,2,2
236875,236877,236879,2,2
236875,236877,236878,1,2
236875,236877,236879,2,2
236875,236877,236879,2,2
236875,236878,236880,2,3
236875,236878,236880,2,3
236875,236877,236879,2,2
236875,236878,236879,1,3
236875,236878,236880,2,3
236875,236878,236880,2,3
236875,236878,236880,2,3
236875,236879,236880,1,4
236875,236879,236880,1,4
236875,236879,236881,2,4
236875,236879,236881,2,4
236875,236878,236880,2,3
236875,236878,236881,3,3
236875,236879,236881,2,4
236875,236879,236881,2,4
236875,236879,236881,2,4
236875,236879,236881,2,4
236875,236878,236881,3,3
236875,236879,236881,2,4
236875,236879,236881,2,4
236875,236879,236881,2,4
236875,236879,236881,2,4
236875,236880,236882,2,5
236875,236879,236881,2,4
236875,236880,236882,2,5
236875,236881,236882,1,6
236875,236878,236881,3,3
236875,236880,236881,1,5
236875,236881,236882,1,6
236875,236879,236882,3,4
236875,236880,236882,2,5
236875,236880,236882,2,5
236875,236880,236882,2,5
236875,236881,236882,1,6
236875,236881,236882,1,6
236875,236881,236882,1,6
236875,236880,236883,3,5
236875,236881,236882,1,6
236875,236881,236882,1,6
236875,236881,236882,1,6
236875,236882,236883,1,7
236875,236881,236883,2,6
236875,236881,236883,2,6
236875,236882,236883,1,7
236875,236881,236883,2,6
236875,236881,236882,1,6
236875,236882,236883,1,7
236875,236881,236883,2,6
236875,236881,236883,2,6
236875,236882,236883,1,7
236875,236882,236884,2,7
236875,236882,236883,1,7
236875,236882,236883,1,7
236875,236882,236884,2,7
236875,236883,236884,1,8
236875,236883,236884,1,8
236875,236881,236884,3,6
236875,236882,236884,2,7
236875,236882,236884,2,7
236875,236882,236884,2,7
236875,236882,236884,2,7
236875,236883,236884,1,8
236875,236883,236884,1,8
236875,236882,236884,2,7
236875,236883,236884,1,8
236875,236883,236884,1,8
236875,236883,236884,1,8
236875,236884,236885,1,9
236875,236884,236885,1,9
236875,236883,236884,1,8
236875,236883,236884,1,8
236875,236883,236884,1,8
236875,236884,236885,1,9
236875,236883,236885,2,8
236875,236883,236885,2,8
236875,236884,236885,1,9
236875,236884,236885,1,9
236875,236884,236886,2,9
236875,236884,236886,2,9
236875,236884,236886,2,9
236875,236884,236886,2,9
236875,236885,236886,1,10
236875,236885,236886,1,10
236875,236885,236886,1,10
236875,236885,236886,1,10
236875,236885,236886,1,10
236875,236885,236886,1,10
236875,236885,236886,1,10
236875,236885,236886,1,10
236875,236884,236886,2,9
236875,236885,236886,1,10
236875,236886,236887,1,11
236875,236885,236886,1,10
236875,236885,236886,1,10
236875,236886,236887,1,11
236875,236886,236887,1,11
236875,236885,236887,2,10
236875,236886,236887,1,11
236875,236885,236887,2,10
236875,236886,236887,1,11
236875,236886,236887,1,11
236875,236884,236887,3,9
236875,236886,236887,1,11
236875,236887,236888,1,12
236875,236887,236888,1,12
236875,236887,236888,1,12
236875,236886,236888,2,11
236875,236886,236888,2,11
236875,236886,236888,2,11
236875,236886,236888,2,11
236875,236887,236888,1,12
236875,236887,236888,1,12
236875,236887,236888,1,12
236875,236887,236888,1,12
236875,236887,236888,1,12
236875,236887,236888,1,12
236875,236887,236888,1,12
236875,236888,236889,1,13
236875,236888,236889,1,13
236875,236888,236889,1,13
236875,236888,236889,1,13
236875,236887,236888,1,12
236875,236887,236888,1,12
236875,236887,236888,1,12
236875,236887,236888,1,12
236875,236887,236889,2,12
236875,236887,236888,1,12
236875,236887,236889,2,12
236875,236888,236889,1,13
236875,236888,236889,1,13
236875,236888,236890,2,13
236875,236889,236890,1,14
236875,236889,236890,1,14
236875,236888,236890,2,13
236875,236888,236890,2,13
236875,236889,236890,1,14
236875,236889,236890,1,14
236875,236889,236890,1,14
236875,236889,236890,1,14
236875,236889,236890,1,14
236875,236889,236891,2,14
236875,236889,236890,1,14
236875,236888,236890,2,13
236875,236889,236890,1,14
236875,236889,236890,1,14
236875,236889,236890,1,14
236875,236889,236890,1,14
236875,236889,236890,1,14
236875,236889,236890,1,14
236875,236889,236891,2,14
236875,236888,236890,2,13
236875,236890,236891,1,15
236875,236890,236892,2,15
233868,233904,237367,3463,36
237369,237369,237370,1,0
237369,237369,237371,2,0
237369,237369,237370,1,0
237369,237369,237370,1,0
237369,237369,237370,1,0
237369,237369,237371,2,0
237369,237369,237370,1,0
237369,237369,237370,1,0
237369,237369,237370,1,0
237369,237369,237370,1,0
237369,237369,237370,1,0
237369,237369,237371,2,0
237369,237369,237370,1,0
237369,237369,237370,1,0
237369,237369,237371,2,0
237369,237369,237370,1,0
237369,237369,237370,1,0
237369,237369,237371,2,0
237369,237369,237371,2,0
237369,237369,237371,2,0
237369,237369,237371,2,0
237369,237369,237372,3,0
237369,237369,237372,3,0
237369,237369,237372,3,0
237369,237371,237373,2,2
237369,237371,237373,2,2
237369,237371,237373,2,2
237369,237371,237373,2,2
237369,237371,237373,2,2
237369,237369,237372,3,0
237369,237371,237373,2,2
237369,237371,237372,1,2
237369,237371,237373,2,2
237369,237372,237373,1,3
237369,237371,237373,2,2
237369,237371,237373,2,2
237369,237371,237374,3,2
237369,237371,237373,2,2
237369,237371,237373,2,2
237369,237371,237373,2,2
237369,237371,237373,2,2
237369,237372,237374,2,3
237369,237371,237373,2,2
237369,237371,237373,2,2
237369,237372,237373,1,3
237369,237372,237373,1,3
237369,237373,237374,1,4
237369,237373,237375,2,4
237369,237373,237375,2,4
237369,237373,237374,1,4
237369,237373,237374,1,4
237369,237373,237375,2,4
237369,237373,237375,2,4
237369,237373,237374,1,4
237369,237373,237374,1,4
237369,237373,237374,1,4
237369,237373,237374,1,4
237369,237373,237375,2,4
237369,237374,237376,2,5
237369,237374,237376,2,5
237369,237374,237376,2,5
237369,237374,237375,1,5
237369,237374,237376,2,5
237369,237374,237375,1,5
237369,237374,237376,2,5
237369,237374,237376,2,5
237369,237374,237376,2,5
237369,237374,237375,1,5
237369,237374,237375,1,5
237369,237374,237375,1,5
237369,237374,237375,1,5
237369,237375,237377,2,6
237369,237375,237376,1,6
237369,237375,237376,1,6
237369,237375,237377,2,6
237369,237375,237376,1,6
237369,237376,237377,1,7
237369,237375,237376,1,6
237369,237375,237376,1,6
237369,237375,237377,2,6
237369,237375,237377,2,6
237369,237375,237377,2,6
237369,237375,237377,2,6
237369,237376,237378,2,7
237369,237376,237377,1,7
237369,237376,237377,1,7
237369,237376,237377,1,7
237369,237377,237378,1,8
237369,237376,237378,2,7
237369,237376,237377,1,7
237369,237376,237377,1,7
237369,237376,237377,1,7
237369,237377,237378,1,8
237369,237375,237377,2,6
237369,237376,237377,1,7
237369,237377,237378,1,8
237369,237376,237377,1,7
237369,237377,237378,1,8
237369,237377,237378,1,8
237369,237377,237378,1,8
237369,237376,237378,2,7
237369,237377,237378,1,8
237369,237376,237378,2,7
237369,237378,237379,1,9
237369,237378,237379,1,9
237369,237377,237378,1,8
237369,237377,237378,1,8
237369,237377,237379,2,8
237369,237378,237379,1,9
237369,237378,237379,1,9
237369,237378,237380,2,9
237369,237378,237379,1,9
237369,237378,237380,2,9
237369,237378,237379,1,9
237369,237378,237379,1,9
237369,237379,237380,1,10
237369,237378,237379,1,9
237369,237378,237379,1,9
237369,237378,237380,2,9
237369,237378,237380,2,9
237369,237378,237380,2,9
237369,237378,237380,2,9
237369,237378,237379,1,9
237369,237378,237379,1,9
237369,237378,237380,2,9
237369,237378,237380,2,9
237369,237379,237380,1,10
237369,237379,237380,1,10
237369,237379,237380,1,10
237369,237379,237381,2,10
237369,237379,237381,2,10
237369,237379,237380,1,10
237369,237379,237381,2,10
237369,237379,237381,2,10
237369,237380,237382,2,11
237369,237380,237382,2,11
237369,237380,237381,1,11
237369,237380,237382,2,11
237369,237380,237382,2,11
237369,237380,237381,1,11
237369,237380,237381,1,11
237369,237380,237382,2,11
237369,237380,237382,2,11
237369,237380,237382,2,11
237369,237380,237382,2,11
237369,237380,237382,2,11
237369,237380,237382,2,11
237369,237380,237382,2,11
237369,237380,237382,2,11
237369,237380,237382,2,11
237369,237381,237382,1,12
237369,237381,237382,1,12
237369,237382,237383,1,13
237369,237381,237383,2,12
237369,237381,237383,2,12
237369,237382,237383,1,13
237369,237382,237383,1,13
237369,237380,237382,2,11
237369,237382,237383,1,13
237369,237380,237383,3,11
237369,237383,237384,1,14
237369,237382,237383,1,13
237369,237383,237384,1,14
237369,237383,237384,1,14
237369,237382,237384,2,13
237369,237382,237384,2,13
237369,237381,237384,3,12
237369,237382,237384,2,13
237369,237382,237384,2,13
237369,237382,237384,2,13
237369,237382,237384,2,13
237369,237383,237384,1,14
237369,237382,237383,1,13
237369,237383,237384,1,14
237369,237382,237384,2,13
237369,237383,237384,1,14
237369,237382,237384,2,13
237369,237382,237384,2,13
237369,237383,237384,1,14
237369,237383,237384,1,14
237369,237384,237385,1,15
237369,237384,237385,1,15
237369,237383,237384,1,14
237369,237384,237385,1,15
237369,237383,237385,2,14
237369,237383,237385,2,14
237369,237384,237385,1,15
237369,237384,237385,1,15
237369,237383,237385,2,14
237369,237384,237385,1,15
237369,237384,237385,1,15
237369,237384,237386,2,15
237369,237384,237386,2,15
237369,237384,237386,2,15
237369,237384,237386,2,15
237369,237384,237386,2,15
237369,237384,237386,2,15
237369,237384,237386,2,15
237369,237384,237386,2,15
237388,237388,237389,1,0
237390,237390,237391,1,0
237395,237395,237396,1,0
237398,237398,237399,1,0
237400,237400,237401,1,0
237403,237403,237404,1,0
237405,237405,237406,1,0
237407,237407,237408,1,0
237409,237409,237410,1,0
237412,237412,237413,1,0
237414,237414,237415,1,0
237417,237417,237418,1,0
237419,237419,237420,1,0
237421,237421,237422,1,0
237423,237423,237424,1,0
237425,237425,237426,1,0
237428,237428,237429,1,0
237430,237430,237432,2,0
237434,237434,237436,2,0
237436,237436,237437,1,0
237438,237438,237439,1,0
237440,237440,237441,1,0
237442,237442,237443,1,0
237444,237444,237445,1,0
237446,237446,237447,1,0
237448,237448,237449,1,0
237450,237450,237452,2,0
237454,237455,237456,1,1
237456,237456,237457,1,0
237458,237458,237460,2,0
237460,237460,237461,1,0
233870,233904,237462,3558,34
237463,237463,237464,1,0
237462,237462,237464,2,0
237463,237463,237464,1,0
237463,237463,237464,1,0
237463,237463,237465,2,0
237463,237463,237465,2,0
237463,237463,237465,2,0
237463,237463,237464,1,0
237463,237463,237464,1,0
237463,237463,237464,1,0
237463,237463,237464,1,0
237463,237463,237464,1,0
237463,237463,237464,1,0
237463,237463,237464,1,0
237463,237463,237464,1,0
237463,237463,237465,2,0
237463,237463,237465,2,0
237463,237463,237465,2,0
237463,237463,237465,2,0
237463,237463,237465,2,0
237463,237463,237465,2,0
237463,237463,237465,2,0
237463,237463,237466,3,0
237463,237463,237465,2,0
237463,237463,237465,2,0
237463,237463,237465,2,0
237463,237464,237465,1,1
237465,237465,237466,1,0
237463,237465,237466,1,2
237463,237465,237466,1,2
237463,237465,237467,2,2
237463,237465,237467,2,2
237463,237465,237467,2,2
237463,237465,237467,2,2
237463,237465,237467,2,2
237463,237465,237467,2,2
237463,237465,237467,2,2
237463,237465,237467,2,2
237463,237465,237467,2,2
237463,237465,237467,2,2
237463,237466,237467,1,3
237463,237465,237467,2,2
237463,237465,237468,3,2
237463,237465,237468,3,2
237463,237466,237468,2,3
237463,237466,237469,3,3
237463,237466,237469,3,3
237463,237466,237469,3,3
237463,237466,237469,3,3
237463,237467,237469,2,4
237463,237467,237469,2,4
237463,237466,237468,2,3
237463,237467,237469,2,4
237463,237466,237469,3,3
237463,237466,237469,3,3
237463,237467,237469,2,4
237463,237467,237469,2,4
237463,237467,237469,2,4
237463,237467,237469,2,4
237463,237467,237469,2,4
237463,237467,237469,2,4
237463,237467,237469,2,4
237463,237468,237470,2,5
237469,237469,237470,1,0
237463,237466,237470,4,3
237463,237468,237470,2,5
237463,237468,237470,2,5
237463,237467,237470,3,4
237463,237467,237470,3,4
237463,237468,237470,2,5
237463,237469,237470,1,6
237463,237470,237471,1,7
237463,237470,237471,1,7
237463,237469,237471,2,6
237463,237470,237471,1,7
237463,237469,237471,2,6
237463,237469,237471,2,6
237463,237469,237471,2,6
237463,237469,237470,1,6
237463,237469,237471,2,6
237463,237469,237471,2,6
237463,237469,237471,2,6
237463,237469,237471,2,6
237463,237469,237471,2,6
237463,237470,237471,1,7
237463,237470,237471,1,7
237463,237470,237471,1,7
237463,237470,237471,1,7
237463,237469,237471,2,6
237463,237469,237471,2,6
237463,237471,237472,1,8
237463,237471,237472,1,8
237463,237469,237471,2,6
237463,237470,237472,2,7
237463,237470,237471,1,7
237463,237470,237471,1,7
237463,237471,237472,1,8
237463,237471,237472,1,8
237463,237471,237472,1,8
237463,237471,237472,1,8
237463,237471,237472,1,8
237463,237472,237473,1,9
237471,237471,237472,1,0
237463,237471,237472,1,8
237463,237471,237473,2,8
237463,237472,237473,1,9
237463,237472,237474,2,9
237463,237472,237473,1,9
237463,237472,237473,1,9
237463,237472,237474,2,9
237463,237472,237474,2,9
237463,237472,237474,2,9
237463,237473,237475,2,10
237463,237473,237475,2,10
237463,237473,237475,2,10
237463,237473,237475,2,10
237463,237473,237475,2,10
237463,237473,237476,3,10
237463,237474,237476,2,11
237463,237472,237475,3,9
237463,237472,237476,4,9
237463,237472,237476,4,9
237463,237472,237476,4,9
237463,237473,237476,3,10
237463,237472,237476,4,9
237463,237472,237476,4,9
237463,237472,237476,4,9
237463,237472,237476,4,9
237463,237472,237475,3,9
237463,237475,237477,2,12
237463,237473,237476,3,10
237463,237474,237476,2,11
237463,237474,237476,2,11
237463,237474,237476,2,11
237463,237473,237477,4,10
237463,237476,237477,1,13
237463,237476,237478,2,13
237463,237476,237478,2,13
237463,237476,237477,1,13
237463,237475,237477,2,12
237463,237475,237477,2,12
237463,237476,237478,2,13
237463,237476,237477,1,13
237463,237476,237478,2,13
237463,237476,237478,2,13
237463,237476,237478,2,13
237463,237476,237478,2,13
237463,237476,237478,2,13
237463,237476,237478,2,13
237463,237476,237478,2,13
237463,237478,237479,1,15
237463,237478,237479,1,15
237478,237478,237479,1,0
237463,237477,237478,1,14
237463,237478,237479,1,15
237463,237478,237479,1,15
237463,237477,237478,1,14
237463,237477,237478,1,14
237463,237477,237478,1,14
237463,237478,237479,1,15
237463,237476,237478,2,13
237463,237476,237479,3,13
237463,237476,237479,3,13
237463,237476,237479,3,13
237463,237478,237479,1,15
237463,237479,237480,1,16
237463,237478,237479,1,15
237463,237478,237479,1,15
237463,237479,237480,1,16
237463,237477,237479,2,14
237463,237478,237479,1,15
237463,237478,237480,2,15
237463,237479,237480,1,16
237463,237479,237480,1,16
237463,237479,237480,1,16
237463,237479,237480,1,16
237463,237479,237480,1,16
237463,237479,237480,1,16
237463,237479,237480,1,16
237463,237480,237481,1,17
237480,237480,237481,1,0
237463,237480,237481,1,17
237463,237480,237481,1,17
237463,237480,237481,1,17
237463,237479,237480,1,16
237463,237479,237480,1,16
237463,237480,237481,1,17
237463,237479,237480,1,16
237463,237479,237480,1,16
237463,237480,237481,1,17
237463,237480,237481,1,17
237463,237479,237481,2,16
237463,237480,237481,1,17
237463,237480,237481,1,17
237463,237480,237481,1,17
237463,237480,237481,1,17
237463,237480,237481,1,17
237463,237479,237482,3,16
237463,237480,237482,2,17
237463,237480,237482,2,17
237489,237489,237490,1,0
237496,237496,237497,1,0
237501,237501,237502,1,0
237503,237503,237504,1,0
237513,237513,237514,1,0
237516,237516,237518,2,0
237518,237518,237519,1,0
237520,237520,237521,1,0
237522,237522,237523,1,0
237524,237525,237526,1,1
237526,237526,237527,1,0
237528,237528,237530,2,0
237530,237530,237531,1,0
237532,237532,237534,2,0
237535,237535,237536,1,0
237537,237537,237538,1,0
237539,237539,237540,1,0
237541,237541,237542,1,0
237543,237543,237544,1,0
237545,237545,237546,1,0
237546,237546,237548,2,0
237549,237549,237551,2,0
237551,237551,237552,1,0
237554,237554,237555,1,0
237556,237556,237557,1,0
237558,237558,237560,2,0
237560,237560,237561,1,0
237562,237562,237563,1,0
237564,237564,237566,2,0
237566,237566,237567,1,0
237569,237569,237570,1,0
237573,237573,237574,1,0
237576,237576,237577,1,0
237578,237578,237580,2,0
237583,237583,237584,1,0
237585,237585,237586,1,0
237587,237587,237588,1,0
237595,237595,237596,1,0
237597,237597,237598,1,0
237601,237601,237603,2,0
237610,237610,237612,2,0
237612,237613,237614,1,1
237620,237620,237621,1,0
237627,237627,237628,1,0
237629,237629,237630,1,0
237631,237631,237632,1,0
237634,237634,237635,1,0
237636,237636,237637,1,0
237638,237638,237639,1,0
237640,237640,237641,1,0
237642,237642,237643,1,0
237644,237644,237645,1,0
237646,237646,237647,1,0
237648,237648,237649,1,0
237651,237651,237652,1,0
237653,237653,237654,1,0
237655,237655,237656,1,0
237657,237657,237658,1,0
237661,237661,237662,1,0
237663,237663,237664,1,0
237665,237665,237666,1,0
237667,237667,237668,1,0
237669,237669,237670,1,0
237672,237672,237673,1,0
237675,237675,237676,1,0
237677,237677,237678,1,0
237680,237680,237681,1,0
237682,237682,237683,1,0
237687,237687,237688,1,0
237689,237689,237690,1,0
237691,237691,237692,1,0
237694,237694,237695,1,0
237696,237696,237697,1,0
237699,237699,237700,1,0
237705,237705,237706,1,0
237706,237706,237708,2,0
237709,237709,237710,1,0
237711,237711,237712,1,0
237713,237713,237715,2,0
237716,237716,237717,1,0
237718,237718,237719,1,0
237720,237720,237721,1,0
237722,237722,237723,1,0
237726,237726,237728,2,0
237731,237731,237733,2,0
237734,237734,237735,1,0
237740,237740,237741,1,0
237742,237742,237743,1,0
237748,237748,237749,1,0
237750,237750,237751,1,0
237752,237752,237753,1,0
237755,237755,237756,1,0
237759,237759,237760,1,0
237761,237761,237762,1,0
237763,237763,237764,1,0
237765,237765,237766,1,0
237767,237767,237768,1,0
237774,237774,237775,1,0
237776,237776,237777,1,0
237778,237778,237779,1,0
237780,237780,237781,1,0
237783,237783,237784,1,0
237785,237785,237786,1,0
237789,237789,237790,1,0
237791,237791,237792,1,0
237793,237793,237794,1,0
237795,237795,237796,1,0
237798,237798,237799,1,0
237800,237800,237801,1,0
237802,237802,237803,1,0
232864,232879,237804,4925,15
237804,237804,237806,2,0
237805,237805,237806,1,0
237805,237805,237806,1,0
237805,237805,237806,1,0
237805,237805,237806,1,0
237805,237805,237806,1,0
237805,237805,237806,1,0
237805,237805,237806,1,0
237805,237805,237806,1,0
237805,237805,237807,2,0
237805,237805,237806,1,0
237805,237805,237806,1,0
237805,237805,237806,1,0
237805,237805,237806,1,0
237805,237805,237806,1,0
237805,237805,237806,1,0
237805,237805,237807,2,0
237805,237805,237807,2,0
237805,237805,237807,2,0
237805,237805,237807,2,0
237805,237805,237807,2,0
237805,237805,237807,2,0
237805,237805,237807,2,0
237805,237805,237807,2,0
237805,237805,237807,2,0
237805,237806,237807,1,1
237805,237807,237808,1,2
237805,237807,237808,1,2
237805,237807,237808,1,2
237805,237807,237808,1,2
237805,237807,237808,1,2
237805,237807,237808,1,2
237805,237807,237808,1,2
237805,237807,237808,1,2
237805,237807,237808,1,2
237805,237807,237808,1,2
237805,237807,237808,1,2
237805,237807,237808,1,2
237805,237807,237808,1,2
237805,237807,237808,1,2
237805,237807,237808,1,2
237808,237808,237809,1,0
237805,237808,237810,2,3
237805,237808,237810,2,3
237805,237808,237810,2,3
237805,237808,237810,2,3
237805,237808,237810,2,3
237805,237808,237809,1,3
237805,237808,237809,1,3
237805,237808,237809,1,3
237805,237808,237810,2,3
237805,237808,237810,2,3
237805,237809,237810,1,4
237805,237809,237810,1,4
237805,237809,237810,1,4
237805,237809,237810,1,4
237805,237809,237810,1,4
237805,237809,237811,2,4
237805,237809,237810,1,4
237805,237809,237810,1,4
237805,237809,237810,1,4
237805,237809,237810,1,4
237805,237810,237811,1,5
237805,237809,237810,1,4
237805,237809,237810,1,4
237805,237809,237811,2,4
237805,237809,237810,1,4
237805,237810,237811,1,5
237805,237810,237811,1,5
237805,237810,237812,2,5
237805,237810,237812,2,5
237805,237809,237811,2,4
237805,237810,237811,1,5
237805,237811,237812,1,6
237805,237811,237812,1,6
237805,237811,237812,1,6
237805,237811,237812,1,6
237805,237811,237812,1,6
237805,237810,237811,1,5
237805,237811,237812,1,6
237805,237810,237811,1,5
237805,237811,237812,1,6
237805,237811,237812,1,6
237811,237811,237812,1,0
237805,237811,237812,1,6
237805,237811,237813,2,6
237805,237811,237812,1,6
237805,237811,237812,1,6
237805,237811,237812,1,6
237805,237811,237812,1,6
237805,237811,237812,1,6
237805,237811,237812,1,6
237805,237811,237812,1,6
237805,237812,237815,3,7
237805,237812,237815,3,7
237805,237812,237815,3,7
237805,237812,237816,4,7
237805,237812,237815,3,7
237805,237812,237815,3,7
237805,237812,237815,3,7
237805,237812,237815,3,7
237805,237813,237816,3,8
237805,237812,237815,3,7
237805,237812,237816,4,7
237805,237812,237815,3,7
237805,237812,237816,4,7
237805,237812,237816,4,7
237805,237813,237816,3,8
237805,237812,237816,4,7
237805,237812,237816,4,7
237805,237815,237817,2,10
237805,237812,237816,4,7
237805,237813,237817,4,8
237805,237815,237816,1,10
237805,237816,237817,1,11
237805,237816,237817,1,11
237805,237813,237816,3,8
237805,237815,237816,1,10
237805,237816,237817,1,11
237805,237813,237817,4,8
237805,237816,237817,1,11
237805,237816,237817,1,11
237805,237813,237817,4,8
237805,237813,237816,3,8
237805,237813,237816,3,8
237805,237816,237817,1,11
237805,237816,237817,1,11
237817,237817,237818,1,0
237805,237816,237817,1,11
237805,237816,237817,1,11
237805,237816,237817,1,11
237805,237813,237817,4,8
237805,237816,237817,1,11
237805,237816,237817,1,11
237805,237817,237818,1,12
237805,237817,237818,1,12
237805,237817,237818,1,12
237805,237816,237817,1,11
237805,237816,237817,1,11
237805,237817,237818,1,12
237805,237817,237818,1,12
237805,237817,237819,2,12
237805,237817,237818,1,12
237805,237817,237818,1,12
237805,237817,237818,1,12
237805,237817,237818,1,12
237805,237817,237818,1,12
237805,237817,237818,1,12
237805,237817,237818,1,12
237805,237817,237818,1,12
237805,237817,237818,1,12
237805,237817,237818,1,12
237805,237817,237819,2,12
237805,237818,237820,2,13
237805,237818,237819,1,13
237805,237818,237820,2,13
237805,237818,237820,2,13
237805,237818,237820,2,13
237805,237818,237820,2,13
237805,237818,237820,2,13
237805,237818,237820,2,13
237805,237819,237821,2,14
237805,237819,237821,2,14
237805,237819,237821,2,14
237805,237819,237821,2,14
237805,237818,237820,2,13
237805,237819,237821,2,14
237805,237819,237821,2,14
237805,237818,237820,2,13
237805,237818,237821,3,13
237805,237819,237821,2,14
237805,237819,237821,2,14
237805,237819,237821,2,14
237805,237819,237821,2,14
237821,237821,237822,1,0
237805,237819,237821,2,14
237805,237820,237822,2,15
237805,237819,237821,2,14
237805,237819,237821,2,14
237805,237820,237822,2,15
237805,237820,237821,1,15
237805,237820,237821,1,15
237805,237820,237822,2,15
237805,237821,237822,1,16
237805,237819,237821,2,14
237805,237821,237822,1,16
237805,237821,237822,1,16
237805,237822,237823,1,17
237805,237822,237823,1,17
237805,237820,237822,2,15
237805,237821,237823,2,16
237805,237821,237823,2,16
237805,237821,237823,2,16
237805,237821,237822,1,16
237805,237821,237823,2,16
237805,237821,237823,2,16
237805,237821,237823,2,16
237805,237821,237822,1,16
237805,237822,237823,1,17
237805,237822,237823,1,17
237823,237823,237824,1,0
237805,237822,237823,1,17
237805,237822,237824,2,17
237805,237822,237823,1,17
237805,237822,237824,2,17
237825,237825,237826,1,0
237827,237827,237828,1,0
237830,237830,237831,1,0
237832,237832,237833,1,0
237835,237835,237836,1,0
237837,237837,237838,1,0
237840,237840,237841,1,0
237842,237842,237843,1,0
237844,237844,237845,1,0
237846,237846,237847,1,0
237848,237848,237849,1,0
237851,237851,237852,1,0
237861,237861,237862,1,0
237863,237863,237864,1,0
237867,237867,237868,1,0
237871,237871,237872,1,0
237874,237874,237875,1,0
237878,237878,237879,1,0
237880,237880,237881,1,0
237882,237882,237883,1,0
237884,237884,237885,1,0
237886,237886,237887,1,0
237889,237889,237890,1,0
237891,237891,237892,1,0
237893,237893,237894,1,0
237895,237895,237896,1,0
237897,237897,237898,1,0
237899,237899,237900,1,0
237901,237901,237902,1,0
237903,237903,237904,1,0
237906,237906,237907,1,0
237908,237908,237909,1,0
237912,237912,237913,1,0
237914,237914,237915,1,0
237920,237920,237921,1,0
237922,237922,237923,1,0
237924,237924,237926,2,0
237934,237934,237935,1,0
237937,237937,237938,1,0
237939,237939,237940,1,0
232832,232851,237941,5090,19
237943,237943,237946,3,0
237943,237943,237947,4,0
237943,237943,237947,4,0
237943,237943,237946,3,0
237943,237943,237946,3,0
237943,237943,237946,3,0
237943,237943,237947,4,0
237943,237943,237946,3,0
237943,237943,237947,4,0
237943,237943,237947,4,0
237943,237943,237947,4,0
237943,237943,237946,3,0
237943,237943,237946,3,0
237943,237943,237947,4,0
237943,237943,237947,4,0
237943,237943,237947,4,0
237943,237943,237947,4,0
237943,237943,237947,4,0
237943,237943,237948,5,0
237943,237943,237947,4,0
237943,237943,237947,4,0
237943,237943,237949,6,0
237943,237943,237948,5,0
237943,237943,237949,6,0
237943,237947,237949,2,4
237943,237947,237950,3,4
237943,237947,237950,3,4
237943,237947,237950,3,4
237943,237947,237950,3,4
237943,237947,237950,3,4
237943,237947,237950,3,4
237943,237947,237950,3,4
237943,237947,237950,3,4
237943,237947,237950,3,4
237943,237947,237950,3,4
237943,237943,237949,6,0
237948,237948,237950,2,0
237943,237947,237951,4,4
237943,237948,237951,3,5
237943,237947,237951,4,4
237943,237947,237951,4,4
237943,237947,237951,4,4
237943,237948,237951,3,5
237943,237947,237950,3,4
237943,237948,237951,3,5
237943,237947,237951,4,4
237943,237948,237951,3,5
237943,237950,237952,2,7
237943,237950,237952,2,7
237943,237951,237952,1,8
237943,237951,237952,1,8
237943,237951,237952,1,8
237943,237949,237952,3,6
237943,237949,237952,3,6
237943,237951,237952,1,8
237943,237951,237952,1,8
237943,237949,237952,3,6
237943,237952,237953,1,9
237943,237953,237954,1,10
237943,237951,237953,2,8
237943,237953,237954,1,10
237943,237952,237953,1,9
237943,237953,237954,1,10
237943,237951,237953,2,8
237943,237952,237953,1,9
237943,237952,237953,1,9
237943,237950,237953,3,7
237943,237951,237953,2,8
237943,237952,237953,1,9
237943,237951,237954,3,8
237943,237951,237954,3,8
237943,237951,237954,3,8
237943,237951,237954,3,8
237943,237951,237954,3,8
237943,237951,237954,3,8
237943,237952,237954,2,9
237943,237953,237954,1,10
237943,237953,237954,1,10
237943,237953,237954,1,10
237943,237953,237954,1,10
237943,237954,237955,1,11
237943,237954,237955,1,11
237943,237954,237955,1,11
237943,237954,237955,1,11
237943,237953,237954,1,10
237943,237954,237955,1,11
237943,237954,237955,1,11
237943,237954,237955,1,11
237943,237954,237955,1,11
237943,237954,237955,1,11
237943,237954,237955,1,11
237943,237955,237956,1,12
237943,237954,237955,1,11
237955,237955,237956,1,0
237943,237954,237956,2,11
237943,237955,237956,1,12
237943,237954,237956,2,11
237943,237955,237956,1,12
237943,237955,237956,1,12
237943,237955,237956,1,12
237943,237955,237956,1,12
237943,237955,237956,1,12
237943,237955,237956,1,12
237943,237955,237956,1,12
237943,237955,237956,1,12
237943,237955,237957,2,12
237943,237955,237956,1,12
237943,237955,237956,1,12
237943,237955,237956,1,12
237943,237955,237957,2,12
237943,237956,237959,3,13
237943,237956,237959,3,13
237943,237956,237959,3,13
237943,237956,237960,4,13
237943,237956,237959,3,13
237943,237956,237959,3,13
237943,237956,237959,3,13
237943,237957,237960,3,14
237943,237957,237960,3,14
237943,237957,237960,3,14
237943,237957,237960,3,14
237943,237957,237961,4,14
237943,237957,237960,3,14
237943,237956,237960,4,13
237943,237957,237961,4,14
237943,237957,237960,3,14
237943,237957,237961,4,14
237943,237957,237961,4,14
237943,237957,237961,4,14
237943,237957,237961,4,14
237943,237960,237962,2,17
237943,237956,237962,6,13
237943,237958,237962,4,15
237943,237957,237961,4,14
237943,237957,237961,4,14
237943,237960,237962,2,17
237943,237957,237962,5,14
237943,237961,237963,2,18
237943,237960,237962,2,17
237943,237961,237963,2,18
237943,237961,237963,2,18
237943,237960,237963,3,17
237943,237960,237963,3,17
237943,237960,237963,3,17
237943,237960,237963,3,17
237943,237961,237963,2,18
237943,237961,237963,2,18
237943,237962,237964,2,19
237943,237962,237964,2,19
237943,237962,237964,2,19
237943,237961,237964,3,18
237943,237961,237964,3,18
237943,237961,237963,2,18
237943,237962,237964,2,19
237943,237961,237964,3,18
237943,237962,237964,2,19
237943,237962,237964,2,19
237943,237963,237965,2,20
237943,237964,237965,1,21
237943,237963,237964,1,20
237943,237963,237964,1,20
237943,237964,237965,1,21
237963,237963,237964,1,0
237943,237962,237965,3,19
237943,237963,237965,2,20
237943,237962,237965,3,19
237943,237962,237964,2,19
237943,237962,237965,3,19
237943,237964,237965,1,21
237943,237963,237965,2,20
237943,237963,237965,2,20
237943,237963,237965,2,20
237943,237963,237965,2,20
237943,237964,237965,1,21
237943,237964,237965,1,21
237943,237965,237966,1,22
237965,237965,237966,1,0
237943,237965,237966,1,22
237943,237964,237965,1,21
237943,237962,237965,3,19
237943,237964,237966,2,21
237943,237964,237966,2,21
237943,237965,237966,1,22
237943,237965,237966,1,22
237943,237965,237966,1,22
237943,237964,237965,1,21
237943,237965,237966,1,22
237943,237965,237966,1,22
237943,237965,237966,1,22
237943,237965,237966,1,22
237943,237965,237966,1,22
237943,237965,237966,1,22
237943,237965,237966,1,22
237943,237965,237966,1,22
237943,237965,237966,1,22
237943,237965,237966,1,22
237943,237965,237966,1,22
237943,237966,237967,1,23
237967,237967,237968,1,0
237943,237965,237967,2,22
237969,237969,237970,1,0
237971,237971,237972,1,0
237973,237973,237974,1,0
237975,237975,237976,1,0
237977,237977,237978,1,0
237980,237980,237981,1,0
237982,237982,237983,1,0
237984,237984,237985,1,0
237986,237986,237987,1,0
237988,237988,237989,1,0
237990,237990,237991,1,0
237992,237992,237993,1,0
237994,237994,237995,1,0
238000,238000,238001,1,0
238002,238002,238003,1,0
238005,238005,238006,1,0
238007,238007,238008,1,0
238009,238009,238010,1,0
238011,238011,238012,1,0
238013,238013,238014,1,0
238015,238015,238016,1,0
238018,238018,238019,1,0
238020,238020,238021,1,0
238022,238022,238023,1,0
238024,238024,238025,1,0
238026,238026,238027,1,0
238028,238028,238029,1,0
238030,238030,238031,1,0
238031,238031,238032,1,0
238033,238033,238034,1,0
238035,238035,238036,1,0
238037,238037,238038,1,0
238039,238039,238040,1,0
238041,238041,238042,1,0
238043,238043,238044,1,0
238045,238045,238046,1,0
238047,238047,238048,1,0
238053,238053,238054,1,0
238055,238055,238056,1,0
238057,238057,238058,1,0
238063,238063,238064,1,0
238065,238065,238066,1,0
238072,238072,238073,1,0
238074,238074,238075,1,0
238084,238084,238085,1,0
238086,238086,238087,1,0
238090,238090,238091,1,0
232877,232901,238164,5263,24
238165,238165,238166,1,0
238165,238165,238166,1,0
238165,238165,238167,2,0
238165,238165,238167,2,0
238165,238165,238167,2,0
238165,238165,238167,2,0
238165,238165,238167,2,0
238165,238165,238167,2,0
238165,238165,238166,1,0
238165,238165,238167,2,0
238165,238165,238167,2,0
238165,238165,238167,2,0
238165,238165,238166,1,0
238165,238165,238167,2,0
238165,238165,238167,2,0
238165,238165,238167,2,0
238165,238165,238168,3,0
238165,238165,238167,2,0
238165,238165,238167,2,0
238165,238165,238168,3,0
238165,238165,238167,2,0
238165,238165,238168,3,0
238165,238165,238167,2,0
238165,238165,238167,2,0
238165,238166,238167,1,1
238165,238165,238169,4,0
238165,238167,238170,3,2
238165,238167,238170,3,2
238165,238167,238170,3,2
238165,238167,238170,3,2
238165,238167,238170,3,2
238165,238167,238170,3,2
238165,238167,238170,3,2
238165,238167,238170,3,2
238165,238167,238170,3,2
238165,238167,238170,3,2
238165,238167,238170,3,2
238165,238167,238170,3,2
238165,238167,238170,3,2
238165,238167,238170,3,2
238165,238168,238170,2,3
238165,238167,238171,4,2
238165,238168,238171,3,3
238165,238168,238171,3,3
238165,238168,238171,3,3
238165,238168,238171,3,3
238165,238168,238171,3,3
238165,238168,238171,3,3
238165,238168,238171,3,3
238165,238170,238172,2,5
238165,238170,238172,2,5
238165,238170,238172,2,5
238165,238170,238172,2,5
238165,238170,238172,2,5
238165,238170,238172,2,5
238165,238170,238172,2,5
238165,238168,238171,3,3
238165,238170,238172,2,5
238165,238170,238172,2,5
238165,238170,238172,2,5
238165,238171,238172,1,6
238165,238171,238172,1,6
238165,238171,238172,1,6
238165,238171,238172,1,6
238165,238171,238173,2,6
238165,238170,238173,3,5
238165,238171,238173,2,6
238165,238172,238173,1,7
238165,238171,238174,3,6
238165,238171,238174,3,6
238165,238171,238174,3,6
238165,238172,238174,2,7
238165,238172,238174,2,7
238165,238173,238175,2,8
238165,238173,238175,2,8
238165,238173,238175,2,8
238165,238173,238175,2,8
238165,238172,238175,3,7
238165,238173,238175,2,8
238165,238173,238175,2,8
238165,238173,238175,2,8
238165,238172,238175,3,7
238165,238173,238175,2,8
238165,238173,238175,2,8
238165,238174,238176,2,9
238165,238173,238175,2,8
238165,238173,238176,3,8
238165,238173,238175,2,8
238165,238173,238176,3,8
238165,238173,238176,3,8
238165,238175,238176,1,10
238165,238175,238176,1,10
238165,238173,238176,3,8
238165,238174,238176,2,9
238165,238175,238176,1,10
238165,238176,238177,1,11
238165,238176,238177,1,11
238165,238176,238177,1,11
238165,238175,238176,1,10
238165,238175,238176,1,10
238165,238173,238176,3,8
238165,238176,238177,1,11
238165,238176,238177,1,11
238165,238176,238177,1,11
238165,238176,238177,1,11
238165,238176,238177,1,11
238165,238176,238177,1,11
238165,238176,238177,1,11
238165,238176,238177,1,11
238165,238176,238177,1,11
238165,238176,238177,1,11
238165,238176,238177,1,11
238165,238177,238178,1,12
238165,238176,238178,2,11
238165,238177,238178,1,12
238165,238177,238178,1,12
238165,238177,238178,1,12
238165,238177,238178,1,12
238165,238177,238178,1,12
238165,238177,238178,1,12
238165,238177,238178,1,12
238165,238177,238178,1,12
238165,238177,238178,1,12
238165,238177,238178,1,12
238165,238176,238179,3,11
238165,238177,238179,2,12
238165,238178,238180,2,13
238165,238178,238181,3,13
238165,238178,238180,2,13
238165,238178,238180,2,13
238165,238178,238180,2,13
238165,238178,238180,2,13
238165,238179,238181,2,14
238165,238178,238180,2,13
238165,238179,238181,2,14
238165,238178,238180,2,13
238165,238179,238180,1,14
238165,238179,238181,2,14
238165,238178,238180,2,13
238165,238178,238180,2,13
238165,238178,238181,3,13
238165,238178,238181,3,13
238165,238178,238181,3,13
238165,238179,238181,2,14
238165,238179,238181,2,14
238165,238179,238181,2,14
238165,238179,238181,2,14
238165,238179,238181,2,14
238165,238181,238182,1,16
238165,238181,238182,1,16
238165,238179,238181,2,14
238165,238180,238182,2,15
238165,238180,238181,1,15
238165,238181,238182,1,16
238165,238179,238182,3,14
238165,238181,238182,1,16
238165,238181,238182,1,16
238165,238181,238182,1,16
238165,238181,238182,1,16
238165,238181,238182,1,16
238165,238181,238182,1,16
238165,238181,238182,1,16
238165,238181,238182,1,16
238165,238181,238182,1,16
238165,238182,238183,1,17
238165,238182,238183,1,17
238165,238181,238183,2,16
238165,238181,238182,1,16
238165,238181,238183,2,16
238165,238182,238183,1,17
238165,238182,238183,1,17
238165,238181,238183,2,16
238165,238182,238183,1,17
238165,238182,238184,2,17
238165,238182,238184,2,17
238165,238182,238184,2,17
238165,238182,238184,2,17
238165,238182,238184,2,17
238165,238182,238184,2,17
238165,238183,238185,2,18
238165,238183,238184,1,18
238165,238183,238185,2,18
238165,238183,238184,1,18
238165,238183,238185,2,18
238165,238183,238185,2,18
238165,238183,238184,1,18
238165,238183,238185,2,18
238165,238183,238184,1,18
238165,238183,238185,2,18
238165,238183,238184,1,18
238165,238183,238185,2,18
238165,238183,238185,2,18
238165,238183,238185,2,18
238165,238183,238185,2,18
238165,238183,238185,2,18
238165,238184,238185,1,19
238165,238183,238185,2,18
238165,238184,238185,1,19
238165,238184,238186,2,19
234765,234796,238194,3398,31
238195,238195,238197,2,0
238195,238195,238197,2,0
238195,238195,238197,2,0
238195,238195,238196,1,0
238195,238195,238196,1,0
238195,238195,238197,2,0
238195,238195,238197,2,0
238195,238195,238196,1,0
238195,238195,238196,1,0
238195,238195,238196,1,0
238195,238195,238197,2,0
238195,238195,238197,2,0
238195,238195,238196,1,0
238195,238195,238197,2,0
238195,238195,238197,2,0
238195,238195,238196,1,0
238195,238195,238197,2,0
238195,238195,238196,1,0
238195,238195,238197,2,0
238195,238195,238198,3,0
238195,238195,238197,2,0
238195,238195,238197,2,0
238195,238195,238197,2,0
238195,238195,238198,3,0
238195,238197,238198,1,2
238195,238197,238198,1,2
238195,238197,238199,2,2
238195,238197,238199,2,2
238195,238197,238199,2,2
238195,238197,238198,1,2
238195,238197,238199,2,2
238195,238197,238199,2,2
238195,238197,238199,2,2
238195,238197,238198,1,2
238195,238197,238199,2,2
238195,238197,238199,2,2
238195,238197,238199,2,2
238195,238197,238199,2,2
238195,238197,238199,2,2
238195,238197,238199,2,2
238195,238197,238199,2,2
238195,238197,238199,2,2
238195,238197,238199,2,2
238195,238198,238200,2,3
238195,238198,238200,2,3
238195,238198,238200,2,3
238195,238198,238200,2,3
238195,238198,238200,2,3
238195,238199,238200,1,4
238195,238199,238201,2,4
238195,238199,238201,2,4
238195,238199,238201,2,4
238195,238199,238201,2,4
238195,238199,238201,2,4
238195,238199,238201,2,4
238195,238199,238201,2,4
238195,238199,238201,2,4
238195,238199,238201,2,4
238195,238199,238201,2,4
238195,238199,238201,2,4
238195,238199,238201,2,4
238195,238199,238201,2,4
238195,238199,238201,2,4
238195,238200,238201,1,5
238195,238200,238201,1,5
238195,238200,238201,1,5
238195,238200,238202,2,5
238195,238199,238201,2,4
238195,238200,238202,2,5
238195,238200,238202,2,5
238195,238202,238203,1,7
238195,238202,238203,1,7
238195,238200,238202,2,5
238195,238201,238202,1,6
238195,238201,238203,2,6
238195,238202,238203,1,7
238195,238202,238203,1,7
238195,238202,238203,1,7
238195,238202,238203,1,7
238195,238202,238203,1,7
238195,238195,238204,9,0
238195,238201,238204,3,6
238195,238202,238203,1,7
238195,238200,238204,4,5
238195,238201,238203,2,6
238195,238201,238203,2,6
238195,238201,238203,2,6
238195,238201,238203,2,6
238195,238201,238203,2,6
238195,238201,238203,2,6
238195,238203,238204,1,8
238195,238203,238204,1,8
238195,238203,238204,1,8
238195,238203,238204,1,8
238195,238203,238204,1,8
238195,238203,238204,1,8
238195,238204,238205,1,9
238195,238204,238205,1,9
238195,238203,238205,2,8
238195,238205,238206,1,10
238195,238204,238205,1,9
238195,238204,238205,1,9
238195,238205,238206,1,10
238195,238204,238205,1,9
238195,238205,238206,1,10
238195,238205,238206,1,10
238195,238204,238206,2,9
238195,238204,238206,2,9
238195,238204,238206,2,9
238195,238204,238206,2,9
238195,238204,238206,2,9
238195,238204,238206,2,9
238195,238205,238206,1,10
238195,238205,238206,1,10
238195,238205,238206,1,10
238195,238205,238206,1,10
238195,238206,238207,1,11
238195,238206,238207,1,11
238195,238205,238206,1,10
238195,238205,238206,1,10
238195,238206,238207,1,11
238195,238205,238206,1,10
238195,238205,238206,1,10
238195,238205,238206,1,10
238195,238205,238207,2,10
238195,238207,238208,1,12
238195,238207,238208,1,12
238195,238206,238207,1,11
238195,238206,238207,1,11
238195,238207,238208,1,12
238195,238207,238208,1,12
238195,238207,238208,1,12
238195,238206,238207,1,11
238195,238207,238208,1,12
238195,238206,238208,2,11
238195,238205,238208,3,10
238195,238206,238208,2,11
238195,238207,238208,1,12
238195,238207,238208,1,12
238195,238207,238208,1,12
238195,238207,238208,1,12
238195,238208,238209,1,13
238195,238207,238208,1,12
238195,238207,238208,1,12
238195,238207,238208,1,12
238195,238207,238208,1,12
238195,238208,238209,1,13
238195,238207,238208,1,12
238195,238207,238208,1,12
238195,238208,238209,1,13
238195,238208,238209,1,13
238195,238207,238208,1,12
238195,238208,238209,1,13
238195,238209,238210,1,14
238195,238208,238209,1,13
238195,238209,238210,1,14
238195,238208,238210,2,13
238195,238208,238209,1,13
238195,238208,238209,1,13
238195,238209,238210,1,14
238195,238208,238209,1,13
238195,238209,238210,1,14
238195,238209,238210,1,14
238195,238209,238210,1,14
238195,238208,238210,2,13
238195,238208,238210,2,13
238195,238208,238210,2,13
238195,238209,238210,1,14
238195,238210,238211,1,15
238195,238210,238211,1,15
238195,238209,238210,1,14
238195,238210,238211,1,15
238195,238210,238211,1,15
238195,238209,238210,1,14
238195,238209,238211,2,14
238195,238209,238210,1,14
238195,238210,238211,1,15
238195,238210,238211,1,15
238195,238209,238211,2,14
238195,238209,238211,2,14
238195,238210,238211,1,15
238195,238210,238211,1,15
238195,238204,238211,7,9
238195,238209,238211,2,14
238195,238210,238211,1,15
238195,238210,238211,1,15
238195,238210,238211,1,15
238195,238210,238211,1,15
238195,238210,238211,1,15
238195,238210,238212,2,15
232913,232933,238257,5324,20
238259,238259,238260,1,0
238259,238259,238260,1,0
238259,238259,238261,2,0
238259,238259,238260,1,0
238259,238259,238260,1,0
238259,238259,238260,1,0
238259,238259,238260,1,0
238259,238259,238260,1,0
238259,238259,238260,1,0
238259,238259,238261,2,0
238259,238259,238260,1,0
238259,238259,238261,2,0
238259,238259,238261,2,0
238259,238259,238260,1,0
238259,238259,238260,1,0
238259,238259,238260,1,0
238259,238259,238260,1,0
238259,238259,238260,1,0
238259,238259,238260,1,0
238259,238259,238260,1,0
238259,238259,238260,1,0
238259,238260,238261,1,1
238259,238259,238261,2,0
238259,238260,238261,1,1
238259,238260,238261,1,1
238259,238261,238262,1,2
238259,238261,238262,1,2
238259,238261,238262,1,2
238259,238261,238262,1,2
238259,238261,238262,1,2
238259,238261,238262,1,2
238259,238261,238262,1,2
238259,238261,238263,2,2
238259,238261,238263,2,2
238259,238261,238263,2,2
238259,238261,238262,1,2
238259,238261,238262,1,2
238259,238261,238262,1,2
238259,238261,238262,1,2
238259,238261,238262,1,2
238259,238261,238262,1,2
238259,238261,238262,1,2
238259,238261,238262,1,2
238259,238261,238263,2,2
238259,238262,238263,1,3
238259,238262,238263,1,3
238259,238262,238263,1,3
238259,238262,238263,1,3
238259,238263,238265,2,4
238259,238263,238265,2,4
238259,238263,238266,3,4
238259,238263,238266,3,4
238259,238263,238266,3,4
238259,238263,238266,3,4
238259,238263,238266,3,4
238259,238263,238266,3,4
238259,238264,238267,3,5
238259,238263,238266,3,4
238259,238263,238267,4,4
238259,238264,238266,2,5
238259,238264,238266,2,5
238259,238266,238267,1,7
238259,238266,238267,1,7
238259,238263,238266,3,4
238259,238263,238267,4,4
238259,238263,238266,3,4
238259,238264,238266,2,5
238259,238266,238267,1,7
238259,238266,238267,1,7
238259,238263,238266,3,4
238259,238263,238266,3,4
238259,238263,238266,3,4
238259,238263,238266,3,4
238259,238263,238266,3,4
238259,238264,238266,2,5
238259,238266,238267,1,7
238259,238266,238267,1,7
238259,238266,238267,1,7
238259,238266,238267,1,7
238259,238267,238268,1,8
238259,238267,238268,1,8
238259,238267,238268,1,8
238259,238267,238268,1,8
238259,238267,238268,1,8
238259,238267,238268,1,8
238259,238267,238268,1,8
238259,238267,238268,1,8
238259,238267,238268,1,8
238259,238267,238269,2,8
238259,238267,238269,2,8
238259,238267,238268,1,8
238259,238267,238268,1,8
238259,238267,238268,1,8
238259,238267,238268,1,8
238259,238268,238269,1,9
238259,238268,238269,1,9
238259,238267,238268,1,8
238259,238267,238268,1,8
238259,238268,238269,1,9
238259,238267,238268,1,8
238259,238268,238269,1,9
238259,238267,238268,1,8
238259,238267,238268,1,8
238259,238268,238269,1,9
238259,238268,238269,1,9
238259,238268,238269,1,9
238259,238268,238269,1,9
238259,238268,238269,1,9
238259,238268,238269,1,9
238259,238268,238269,1,9
238259,238269,238270,1,10
238259,238269,238273,4,10
238259,238269,238273,4,10
238259,238269,238272,3,10
238259,238269,238272,3,10
238259,238269,238273,4,10
238259,238269,238273,4,10
238259,238269,238273,4,10
238259,238269,238273,4,10
238259,238269,238273,4,10
238259,238269,238273,4,10
238259,238270,238274,4,11
238259,238270,238273,3,11
238259,238270,238273,3,11
238259,238270,238273,3,11
238259,238269,238273,4,10
238259,238269,238274,5,10
238259,238269,238273,4,10
238259,238269,238273,4,10
238259,238269,238274,5,10
238259,238269,238274,5,10
238259,238270,238274,4,11
238259,238270,238273,3,11
238259,238271,238274,3,12
238259,238273,238275,2,14
238259,238273,238275,2,14
238259,238273,238275,2,14
238259,238273,238276,3,14
238259,238273,238276,3,14
238259,238273,238276,3,14
238259,238273,238276,3,14
238259,238273,238276,3,14
238259,238273,238276,3,14
238259,238274,238276,2,15
238259,238275,238276,1,16
238259,238275,238277,2,16
238259,238274,238277,3,15
238259,238274,238276,2,15
238259,238274,238277,3,15
238259,238273,238276,3,14
238259,238274,238277,3,15
238259,238275,238277,2,16
238259,238276,238277,1,17
238259,238274,238276,2,15
238259,238275,238277,2,16
238259,238276,238277,1,17
238259,238274,238277,3,15
238259,238277,238278,1,18
238259,238275,238277,2,16
238259,238276,238277,1,17
238259,238274,238277,3,15
238259,238275,238278,3,16
238259,238277,238278,1,18
238259,238274,238278,4,15
238259,238276,238277,1,17
238259,238276,238278,2,17
238259,238276,238278,2,17
238259,238277,238278,1,18
238259,238277,238278,1,18
238259,238278,238279,1,19
238259,238277,238279,2,18
238259,238277,238279,2,18
238259,238277,238279,2,18
238259,238277,238279,2,18
238259,238278,238279,1,19
238259,238278,238279,1,19
238259,238278,238279,1,19
238259,238278,238279,1,19
238259,238278,238279,1,19
238259,238278,238279,1,19
238259,238278,238279,1,19
238259,238279,238280,1,20
238259,238278,238279,1,19
238259,238278,238280,2,19
238259,238278,238279,1,19
238259,238278,238280,2,19
238259,238278,238280,2,19
238259,238279,238280,1,20
238259,238279,238280,1,20
238259,238279,238280,1,20
238259,238279,238281,2,20
238259,238290,238294,4,31
238259,238294,238297,3,35
234168,234185,239318,5133,17
239320,239320,239321,1,0
239320,239320,239321,1,0
239320,239320,239321,1,0
239320,239320,239321,1,0
239320,239320,239321,1,0
239320,239320,239321,1,0
239320,239320,239321,1,0
239320,239320,239321,1,0
239320,239320,239321,1,0
239320,239320,239322,2,0
239320,239320,239321,1,0
239320,239320,239322,2,0
239320,239320,239321,1,0
239320,239320,239321,1,0
239320,239320,239321,1,0
239320,239320,239322,2,0
239320,239320,239322,2,0
239320,239320,239322,2,0
239320,239320,239322,2,0
239320,239320,239323,3,0
239320,239320,239322,2,0
239320,239321,239322,1,1
239320,239322,239324,2,2
239320,239320,239323,3,0
239320,239320,239323,3,0
239320,239320,239323,3,0
239320,239321,239323,2,1
239320,239322,239324,2,2
239320,239322,239324,2,2
239320,239322,239324,2,2
239320,239322,239324,2,2
239320,239320,239324,4,0
239320,239322,239324,2,2
239320,239322,239324,2,2
239320,239322,239324,2,2
239320,239322,239324,2,2
239320,239322,239324,2,2
239320,239322,239324,2,2
239320,239323,239325,2,3
239320,239322,239324,2,2
239320,239322,239324,2,2
239320,239323,239324,1,3
239320,239324,239325,1,4
239320,239323,239325,2,3
239320,239323,239325,2,3
239320,239323,239325,2,3
239320,239323,239325,2,3
239320,239323,239325,2,3
239320,239324,239325,1,4
239320,239324,239325,1,4
239320,239324,239325,1,4
239320,239324,239326,2,4
239320,239324,239325,1,4
239320,239324,239326,2,4
239320,239324,239326,2,4
239320,239324,239326,2,4
239320,239325,239326,1,5
239320,239325,239327,2,5
239320,239325,239326,1,5
239320,239325,239326,1,5
239320,239325,239326,1,5
239320,239325,239327,2,5
239320,239325,239327,2,5
239320,239325,239327,2,5
239320,239325,239327,2,5
239320,239325,239327,2,5
239320,239325,239327,2,5
239320,239325,239327,2,5
239320,239326,239327,1,6
239320,239326,239328,2,6
239320,239326,239328,2,6
239320,239326,239328,2,6
239320,239326,239328,2,6
239320,239327,239328,1,7
239320,239327,239328,1,7
239320,239327,239328,1,7
239320,239327,239328,1,7
239320,239327,239328,1,7
239320,239326,239328,2,6
239320,239326,239328,2,6
239320,239326,239328,2,6
239320,239326,239328,2,6
239320,239326,239328,2,6
239320,239328,239329,1,8
239320,239327,239328,1,7
239320,239327,239328,1,7
239320,239327,239328,1,7
239320,239326,239328,2,6
239320,239326,239329,3,6
239320,239327,239329,2,7
239320,239328,239329,1,8
239320,239328,239329,1,8
239320,239327,239328,1,7
239320,239328,239329,1,8
239320,239328,239329,1,8
239320,239326,239328,2,6
239320,239327,239328,1,7
239320,239328,239329,1,8
239320,239328,239329,1,8
239320,239328,239330,2,8
239320,239328,239329,1,8
239320,239328,239330,2,8
239320,239328,239330,2,8
239320,239329,239330,1,9
239320,239329,239331,2,9
239320,239329,239331,2,9
239320,239329,239330,1,9
239320,239329,239331,2,9
239320,239329,239330,1,9
239320,239329,239330,1,9
239320,239329,239330,1,9
239320,239329,239330,1,9
239320,239329,239330,1,9
239320,239329,239331,2,9
239320,239329,239331,2,9
239320,239329,239331,2,9
239320,239329,239331,2,9
239320,239329,239331,2,9
239320,239329,239331,2,9
239320,239329,239331,2,9
239320,239329,239331,2,9
239320,239330,239331,1,10
239320,239329,239331,2,9
239320,239331,239332,1,11
239320,239331,239333,2,11
239320,239331,239333,2,11
239320,239330,239333,3,10
239320,239331,239332,1,11
239320,239331,239333,2,11
239320,239331,239333,2,11
239320,239331,239333,2,11
239320,239331,239333,2,11
239320,239331,239333,2,11
239320,239331,239333,2,11
239320,239331,239333,2,11
239320,239331,239333,2,11
239320,239330,239333,3,10
239320,239331,239333,2,11
239320,239331,239333,2,11
239320,239331,239333,2,11
239320,239332,239334,2,12
239320,239331,239334,3,11
239320,239331,239333,2,11
239320,239331,239334,3,11
239320,239331,239333,2,11
239320,239331,239334,3,11
239320,239332,239334,2,12
239320,239332,239334,2,12
239320,239333,239334,1,13
239320,239333,239334,1,13
239320,239334,239335,1,14
239320,239333,239335,2,13
239320,239333,239334,1,13
239320,239333,239335,2,13
239320,239333,239335,2,13
239320,239333,239335,2,13
239320,239333,239335,2,13
239320,239333,239335,2,13
239320,239333,239335,2,13
239320,239333,239335,2,13
239320,239333,239335,2,13
239320,239334,239335,1,14
239320,239333,239335,2,13
239320,239333,239335,2,13
239320,239335,239336,1,15
239320,239335,239336,1,15
239320,239335,239336,1,15
239320,239333,239335,2,13
239320,239335,239336,1,15
239320,239333,239335,2,13
239320,239335,239336,1,15
239320,239335,239336,1,15
239320,239335,239336,1,15
239320,239335,239336,1,15
239320,239336,239337,1,16
239320,239335,239336,1,15
239320,239335,239337,2,15
239320,239335,239336,1,15
239320,239336,239337,1,16
239320,239336,239337,1,16
239320,239335,239336,1,15
239320,239336,239337,1,16
239320,239335,239337,2,15
239320,239335,239337,2,15
239320,239335,239337,2,15
239320,239335,239337,2,15
239320,239336,239337,1,16
239320,239336,239337,1,16
239320,239336,239337,1,16
239320,239336,239337,1,16
239320,239336,239337,1,16
239320,239336,239337,1,16
239320,239336,239337,1,16
239320,239336,239338,2,16
239320,239336,239338,2,16
239320,239335,239337,2,15
239320,239337,239339,2,17
235945,235959,239352,3393,14
239352,239353,239354,1,1
239352,239353,239354,1,1
239352,239353,239354,1,1
239352,239353,239354,1,1
239352,239353,239354,1,1
239352,239353,239355,2,1
239352,239353,239354,1,1
239352,239353,239354,1,1
239352,239353,239354,1,1
239352,239353,239354,1,1
239352,239353,239354,1,1
239352,239353,239354,1,1
239352,239353,239354,1,1
239352,239353,239354,1,1
239352,239353,239354,1,1
239352,239353,239354,1,1
239352,239353,239355,2,1
239352,239353,239355,2,1
239352,239353,239355,2,1
239352,239353,239355,2,1
239352,239353,239355,2,1
239352,239353,239355,2,1
239352,239353,239355,2,1
239352,239355,239356,1,3
239352,239355,239356,1,3
239352,239355,239356,1,3
239352,239355,239356,1,3
239352,239355,239356,1,3
239352,239355,239356,1,3
239352,239355,239356,1,3
239352,239355,239356,1,3
239352,239355,239356,1,3
239352,239355,239356,1,3
239352,239355,239356,1,3
239352,239355,239356,1,3
239352,239355,239356,1,3
239352,239355,239356,1,3
239352,239355,239356,1,3
239352,239356,239357,1,4
239352,239356,239358,2,4
239352,239356,239357,1,4
239352,239355,239357,2,3
239352,239357,239358,1,5
239352,239356,239358,2,4
239352,239357,239358,1,5
239352,239353,239358,5,1
239352,239356,239358,2,4
239352,239356,239358,2,4
239352,239356,239358,2,4
239352,239357,239359,2,5
239352,239357,239358,1,5
239352,239357,239358,1,5
239352,239357,239358,1,5
239352,239357,239358,1,5
239352,239357,239358,1,5
239352,239357,239358,1,5
239352,239357,239358,1,5
239352,239357,239358,1,5
239352,239357,239358,1,5
239352,239357,239358,1,5
239352,239357,239358,1,5
239352,239358,239360,2,6
239352,239358,239360,2,6
239352,239358,239360,2,6
239352,239353,239359,6,1
239352,239358,239359,1,6
239352,239357,239359,2,5
239352,239359,239360,1,7
239352,239359,239360,1,7
239352,239359,239360,1,7
239352,239360,239361,1,8
239352,239358,239360,2,6
239352,239359,239360,1,7
239352,239359,239361,2,7
239352,239359,239361,2,7
239352,239358,239360,2,6
239352,239359,239360,1,7
239352,239359,239360,1,7
239352,239359,239360,1,7
239352,239360,239361,1,8
239352,239359,239360,1,7
239352,239359,239360,1,7
239352,239360,239361,1,8
239352,239359,239360,1,7
239352,239359,239360,1,7
239352,239359,239360,1,7
239352,239360,239361,1,8
239352,239359,239361,2,7
239352,239360,239361,1,8
239352,239360,239361,1,8
239352,239359,239361,2,7
239352,239361,239362,1,9
239352,239360,239361,1,8
239352,239361,239362,1,9
239352,239361,239362,1,9
239352,239361,239362,1,9
239352,239361,239362,1,9
239352,239361,239362,1,9
239352,239361,239362,1,9
239352,239361,239362,1,9
239352,239361,239362,1,9
239352,239361,239362,1,9
239352,239362,239363,1,10
239352,239361,239362,1,9
239352,239361,239362,1,9
239352,239361,239362,1,9
239352,239362,239363,1,10
239352,239361,239362,1,9
239352,239361,239362,1,9
239352,239361,239362,1,9
239352,239361,239363,2,9
239352,239361,239363,2,9
239352,239362,239363,1,10
239352,239362,239363,1,10
239352,239362,239363,1,10
239352,239362,239363,1,10
239352,239362,239363,1,10
239352,239363,239364,1,11
239352,239362,239364,2,10
239352,239363,239364,1,11
239352,239362,239363,1,10
239352,239363,239364,1,11
239352,239363,239364,1,11
239352,239363,239364,1,11
239352,239364,239365,1,12
239352,239363,239365,2,11
239352,239363,239364,1,11
239352,239363,239364,1,11
239352,239364,239365,1,12
239352,239363,239364,1,11
239352,239363,239364,1,11
239352,239364,239365,1,12
239352,239363,239365,2,11
239352,239363,239364,1,11
239352,239363,239365,2,11
239352,239363,239364,1,11
239352,239364,239365,1,12
239352,239364,239365,1,12
239352,239360,239366,6,8
239352,239364,239365,1,12
239352,239363,239365,2,11
239352,239363,239365,2,11
239352,239363,239365,2,11
239352,239364,239366,2,12
239352,239365,239366,1,13
239352,239365,239366,1,13
239352,239364,239365,1,12
239352,239365,239366,1,13
239352,239365,239366,1,13
239352,239365,239366,1,13
239352,239365,239367,2,13
239352,239365,239366,1,13
239352,239359,239366,7,7
239352,239366,239367,1,14
239352,239366,239367,1,14
239352,239365,239367,2,13
239352,239365,239367,2,13
239352,239365,239366,1,13
239352,239366,239367,1,14
239352,239365,239366,1,13
239352,239366,239367,1,14
239352,239365,239366,1,13
239352,239365,239366,1,13
239352,239365,239366,1,13
239352,239365,239367,2,13
239352,239366,239367,1,14
239352,239366,239368,2,14
239352,239366,239368,2,14
239352,239366,239368,2,14
239352,239366,239368,2,14
239352,239366,239367,1,14
239352,239366,239367,1,14
239352,239366,239368,2,14
239352,239367,239369,2,15
239352,239367,239369,2,15
239352,239366,239368,2,14
239352,239367,239369,2,15
239352,239367,239369,2,15
239352,239367,239369,2,15
239352,239367,239369,2,15
239352,239367,239369,2,15
239352,239367,239369,2,15
239352,239367,239369,2,15
239352,239367,239369,2,15
239352,239367,239369,2,15
239352,239367,239369,2,15
239352,239368,239369,1,16
239352,239368,239369,1,16
239352,239368,239370,2,16
239352,239368,239370,2,16
239352,239368,239370,2,16
239352,239368,239370,2,16
239352,239368,239369,1,16
239352,239368,239369,1,16
239352,239369,239370,1,17
239352,239368,239370,2,16
239352,239369,239371,2,17
239352,239366,239371,5,14
239352,239367,239372,5,15
236111,236126,239391,3265,15
239393,239393,239394,1,0
239393,239393,239394,1,0
239393,239393,239394,1,0
239393,239393,239394,1,0
239393,239393,239394,1,0
239393,239393,239395,2,0
239393,239393,239395,2,0
239393,239393,239394,1,0
239393,239393,239395,2,0
239393,239393,239394,1,0
239393,239394,239395,1,1
239393,239393,239395,2,0
239393,239393,239394,1,0
239393,239393,239394,1,0
239393,239393,239394,1,0
239393,239394,239395,1,1
239393,239393,239394,1,0
239393,239393,239394,1,0
239393,239393,239394,1,0
239393,239394,239395,1,1
239393,239393,239394,1,0
239393,239393,239394,1,0
239393,239394,239395,1,1
239393,239393,239395,2,0
239393,239393,239395,2,0
239393,239393,239395,2,0
239393,239395,239396,1,2
239393,239394,239395,1,1
239393,239395,239397,2,2
239393,239395,239396,1,2
239393,239395,239397,2,2
239393,239395,239396,1,2
239393,239395,239396,1,2
239393,239395,239396,1,2
239393,239395,239397,2,2
239393,239395,239396,1,2
239393,239395,239397,2,2
239393,239395,239396,1,2
239393,239395,239397,2,2
239393,239395,239397,2,2
239393,239395,239397,2,2
239393,239395,239397,2,2
239393,239395,239397,2,2
239393,239395,239397,2,2
239393,239395,239397,2,2
239393,239396,239397,1,3
239393,239396,239397,1,3
239393,239397,239398,1,4
239393,239397,239398,1,4
239393,239397,239399,2,4
239393,239397,239399,2,4
239393,239397,239399,2,4
239393,239396,239398,2,3
239393,239396,239398,2,3
239393,239396,239398,2,3
239393,239397,239398,1,4
239393,239398,239399,1,5
239393,239397,239398,1,4
239393,239397,239399,2,4
239393,239397,239399,2,4
239393,239397,239398,1,4
239393,239397,239399,2,4
239393,239397,239399,2,4
239393,239397,239399,2,4
239393,239397,239399,2,4
239393,239397,239399,2,4
239393,239397,239399,2,4
239393,239398,239399,1,5
239393,239398,239400,2,5
239393,239393,239399,6,0
239393,239399,239400,1,6
239393,239398,239400,2,5
239393,239398,239400,2,5
239393,239399,239400,1,6
239393,239399,239400,1,6
239393,239399,239400,1,6
239393,239399,239400,1,6
239393,239399,239400,1,6
239393,239399,239400,1,6
239393,239399,239400,1,6
239393,239399,239400,1,6
239393,239399,239400,1,6
239393,239399,239401,2,6
239393,239399,239400,1,6
239393,239399,239400,1,6
239393,239399,239400,1,6
239393,239400,239401,1,7
239393,239399,239400,1,6
239393,239399,239400,1,6
239393,239399,239401,2,6
239393,239400,239401,1,7
239393,239400,239401,1,7
239393,239399,239400,1,6
239393,239400,239401,1,7
239393,239400,239401,1,7
239393,239399,239401,2,6
239393,239399,239401,2,6
239393,239400,239401,1,7
239393,239400,239401,1,7
239393,239399,239401,2,6
239393,239400,239401,1,7
239393,239400,239401,1,7
239393,239400,239401,1,7
239393,239400,239402,2,7
239393,239400,239402,2,7
239393,239401,239402,1,8
239393,239401,239402,1,8
239393,239401,239402,1,8
239393,239401,239402,1,8
239393,239401,239402,1,8
239393,239401,239403,2,8
239393,239401,239403,2,8
239393,239401,239403,2,8
239393,239401,239403,2,8
239393,239401,239402,1,8
239393,239402,239403,1,9
239393,239401,239403,2,8
239393,239401,239403,2,8
239393,239402,239403,1,9
239393,239402,239403,1,9
239393,239402,239403,1,9
239393,239402,239403,1,9
239393,239402,239403,1,9
239393,239402,239403,1,9
239393,239402,239403,1,9
239393,239401,239403,2,8
239393,239402,239404,2,9
239393,239402,239404,2,9
239393,239403,239404,1,10
239393,239403,239404,1,10
239393,239403,239404,1,10
239393,239402,239404,2,9
239393,239403,239405,2,10
239393,239403,239405,2,10
239393,239403,239405,2,10
239393,239403,239405,2,10
239393,239403,239405,2,10
239393,239403,239405,2,10
239393,239404,239405,1,11
239393,239404,239405,1,11
239393,239404,239405,1,11
239393,239404,239405,1,11
239393,239404,239405,1,11
239393,239404,239405,1,11
239393,239404,239405,1,11
239393,239404,239405,1,11
239393,239404,239405,1,11
239393,239404,239405,1,11
239393,239404,239405,1,11
239393,239404,239405,1,11
239393,239404,239406,2,11
239393,239405,239406,1,12
239393,239406,239407,1,13
239393,239406,239407,1,13
239393,239406,239407,1,13
239393,239405,239407,2,12
239393,239405,239406,1,12
239393,239406,239407,1,13
239393,239405,239407,2,12
239393,239405,239407,2,12
239393,239405,239407,2,12
239393,239404,239406,2,11
239393,239405,239407,2,12
239393,239406,239407,1,13
239393,239407,239408,1,14
239393,239406,239407,1,13
239393,239406,239407,1,13
239393,239407,239408,1,14
239393,239406,239407,1,13
239393,239406,239407,1,13
239393,239406,239407,1,13
239393,239406,239407,1,13
239393,239406,239407,1,13
239393,239407,239408,1,14
239393,239407,239408,1,14
239393,239407,239408,1,14
239393,239407,239408,1,14
239393,239407,239408,1,14
239393,239407,239409,2,14
239393,239407,239409,2,14
239393,239407,239409,2,14
239393,239407,239409,2,14
239393,239407,239409,2,14
239393,239406,239409,3,13
239393,239408,239409,1,15
239393,239408,239409,1,15
239393,239408,239409,1,15
239393,239407,239410,3,14
239393,239408,239410,2,15
239393,239408,239410,2,15
239393,239408,239410,2,15
239393,239437,239440,3,44
234592,234608,239537,4929,16
239539,239539,239540,1,0
239539,239539,239540,1,0
239539,239539,239541,2,0
239539,239539,239541,2,0
239539,239539,239541,2,0
239539,239539,239541,2,0
239539,239539,239541,2,0
239539,239539,239541,2,0
239539,239539,239541,2,0
239539,239539,239540,1,0
239539,239539,239541,2,0
239539,239539,239541,2,0
239539,239539,239541,2,0
239539,239539,239541,2,0
239539,239539,239541,2,0
239539,239539,239541,2,0
239539,239539,239541,2,0
239539,239539,239542,3,0
239539,239540,239542,2,1
239539,239539,239542,3,0
239539,239539,239542,3,0
239539,239539,239541,2,0
239539,239540,239542,2,1
239539,239540,239544,4,1
239539,239540,239544,4,1
239539,239540,239544,4,1
239539,239541,239544,3,2
239539,239540,239544,4,1
239539,239542,239545,3,3
239539,239541,239544,3,2
239539,239541,239545,4,2
239539,239541,239545,4,2
239539,239541,239545,4,2
239539,239542,239545,3,3
239539,239541,239545,4,2
239539,239542,239545,3,3
239539,239542,239545,3,3
239539,239542,239545,3,3
239539,239542,239545,3,3
239539,239542,239545,3,3
239539,239543,239546,3,4
239539,239542,239546,4,3
239539,239542,239546,4,3
239539,239542,239547,5,3
239539,239545,239547,2,6
239539,239545,239547,2,6
239539,239542,239547,5,3
239539,239545,239547,2,6
239539,239543,239547,4,4
239539,239543,239547,4,4
239539,239545,239547,2,6
239539,239543,239547,4,4
239539,239545,239548,3,6
239539,239546,239548,2,7
239539,239546,239548,2,7
239539,239546,239548,2,7
239539,239546,239549,3,7
239539,239546,239548,2,7
239539,239545,239549,4,6
239539,239545,239549,4,6
239539,239546,239549,3,7
239539,239546,239549,3,7
239539,239546,239549,3,7
239539,239547,239549,2,8
239539,239547,239549,2,8
239539,239546,239549,3,7
239539,239546,239549,3,7
239539,239548,239550,2,9
239539,239548,239550,2,9
239539,239547,239551,4,8
239539,239548,239550,2,9
239539,239549,239551,2,10
239539,239548,239550,2,9
239539,239548,239551,3,9
239539,239548,239551,3,9
239539,239549,239551,2,10
239539,239548,239551,3,9
239539,239549,239551,2,10
239539,239548,239552,4,9
239539,239550,239552,2,11
239539,239548,239552,4,9
239539,239550,239552,2,11
239539,239550,239552,2,11
239539,239551,239553,2,12
239539,239551,239552,1,12
239539,239550,239552,2,11
239539,239551,239553,2,12
239539,239551,239553,2,12
239539,239549,239552,3,10
239539,239549,239552,3,10
239539,239549,239552,3,10
239539,239550,239552,2,11
239539,239550,239552,2,11
239539,239550,239552,2,11
239539,239550,239552,2,11
239539,239551,239553,2,12
239539,239549,239554,5,10
239539,239553,239554,1,14
239539,239551,239553,2,12
239539,239552,239554,2,13
239539,239552,239554,2,13
239539,239552,239553,1,13
239539,239552,239553,1,13
239539,239553,239554,1,14
239539,239552,239553,1,13
239539,239553,239554,1,14
239539,239553,239554,1,14
239539,239553,239554,1,14
239539,239553,239554,1,14
239539,239553,239554,1,14
239539,239553,239554,1,14
239539,239553,239554,1,14
239539,239553,239554,1,14
239539,239553,239554,1,14
239539,239553,239555,2,14
239539,239553,239554,1,14
239539,239553,239555,2,14
239539,239553,239554,1,14
239539,239553,239554,1,14
239539,239554,239555,1,15
239539,239553,239555,2,14
239539,239553,239556,3,14
239539,239554,239555,1,15
239539,239554,239556,2,15
239539,239554,239555,1,15
239539,239554,239556,2,15
239539,239554,239555,1,15
239539,239555,239556,1,16
239539,239554,239555,1,15
239539,239554,239555,1,15
239539,239555,239556,1,16
239539,239555,239556,1,16
239539,239555,239556,1,16
239539,239554,239556,2,15
239539,239555,239557,2,16
239539,239555,239556,1,16
239539,239555,239556,1,16
239539,239556,239557,1,17
239539,239555,239556,1,16
239539,239556,239557,1,17
239539,239555,239556,1,16
239539,239556,239557,1,17
239539,239555,239556,1,16
239539,239555,239556,1,16
239539,239555,239556,1,16
239539,239555,239556,1,16
239539,239555,239557,2,16
239539,239555,239556,1,16
239539,239556,239557,1,17
239539,239556,239558,2,17
239539,239556,239558,2,17
239539,239556,239558,2,17
239539,239556,239558,2,17
239539,239556,239558,2,17
239539,239557,239559,2,18
239539,239557,239559,2,18
239539,239557,239558,1,18
239539,239557,239558,1,18
239539,239556,239558,2,17
239539,239556,239558,2,17
239539,239557,239558,1,18
239539,239557,239559,2,18
239539,239557,239559,2,18
239539,239557,239558,1,18
239539,239556,239558,2,17
239539,239557,239559,2,18
239539,239557,239559,2,18
239539,239557,239559,2,18
239539,239558,239559,1,19
239539,239557,239559,2,18
239539,239557,239559,2,18
239539,239557,239559,2,18
239539,239558,239559,1,19
239539,239557,239559,2,18
239539,239558,239559,1,19
239539,239557,239559,2,18
239539,239559,239560,1,20
239539,239559,239560,1,20
239539,239558,239559,1,19
239539,239558,239559,1,19
239539,239559,239560,1,20
239539,239559,239560,1,20
239539,239558,239560,2,19
239539,239559,239560,1,20
239539,239559,239560,1,20
239539,239559,239560,1,20
239539,239559,239561,2,20
239539,239559,239560,1,20
239539,239559,239560,1,20
239539,239559,239561,2,20
239539,239559,239561,2,20
239539,239559,239561,2,20
239539,239559,239561,2,20
239539,239559,239561,2,20
239539,239559,239560,1,20
239539,239559,239561,2,20
239539,239559,239561,2,20
239539,239559,239561,2,20
239539,239560,239561,1,21
239539,239560,239562,2,21
236534,236552,239809,3257,18
239810,239810,239811,1,0
239810,239810,239811,1,0
239810,239810,239811,1,0
239810,239810,239812,2,0
239810,239810,239812,2,0
239810,239810,239812,2,0
239810,239810,239812,2,0
239810,239810,239812,2,0
239810,239810,239812,2,0
239810,239810,239812,2,0
239810,239810,239812,2,0
239810,239810,239812,2,0
239810,239810,239812,2,0
239810,239810,239812,2,0
239810,239810,239812,2,0
239810,239810,239812,2,0
239810,239810,239812,2,0
239810,239810,239812,2,0
239810,239810,239813,3,0
239810,239810,239813,3,0
239810,239810,239813,3,0
239810,239810,239813,3,0
239810,239810,239813,3,0
239810,239811,239813,2,1
239810,239811,239813,2,1
239810,239811,239813,2,1
239810,239811,239814,3,1
239810,239812,239814,2,2
239810,239812,239814,2,2
239810,239812,239814,2,2
239810,239812,239814,2,2
239810,239810,239813,3,0
239810,239812,239814,2,2
239810,239813,239814,1,3
239810,239813,239814,1,3
239810,239812,239814,2,2
239810,239813,239814,1,3
239810,239813,239814,1,3
239810,239813,239814,1,3
239810,239813,239814,1,3
239810,239813,239814,1,3
239810,239813,239814,1,3
239810,239813,239814,1,3
239810,239814,239815,1,4
239810,239814,239815,1,4
239810,239814,239815,1,4
239810,239813,239816,3,3
239810,239813,239816,3,3
239810,239814,239816,2,4
239810,239814,239816,2,4
239810,239814,239817,3,4
239810,239815,239817,2,5
239810,239815,239817,2,5
239810,239815,239818,3,5
239810,239813,239817,4,3
239810,239813,239817,4,3
239810,239815,239817,2,5
239810,239815,239818,3,5
239810,239815,239817,2,5
239810,239815,239817,2,5
239810,239815,239817,2,5
239810,239815,239817,2,5
239810,239815,239817,2,5
239810,239816,239817,1,6
239810,239815,239817,2,5
239810,239815,239817,2,5
239810,239816,239818,2,6
239810,239816,239818,2,6
239810,239817,239818,1,7
239810,239815,239818,3,5
239810,239815,239818,3,5
239810,239818,239819,1,8
239810,239815,239818,3,5
239810,239818,239819,1,8
239810,239818,239819,1,8
239810,239818,239819,1,8
239810,239817,239819,2,7
239810,239816,239819,3,6
239810,239818,239819,1,8
239810,239818,239819,1,8
239810,239818,239819,1,8
239810,239819,239820,1,9
239810,239817,239819,2,7
239810,239818,239819,1,8
239810,239818,239819,1,8
239810,239818,239820,2,8
239810,239819,239820,1,9
239810,239818,239819,1,8
239810,239818,239819,1,8
239810,239818,239819,1,8
239810,239818,239819,1,8
239810,239818,239819,1,8
239810,239818,239819,1,8
239810,239818,239819,1,8
239810,239819,239820,1,9
239810,239819,239820,1,9
239810,239819,239821,2,9
239810,239820,239821,1,10
239810,239820,239822,2,10
239810,239820,239822,2,10
239810,239820,239822,2,10
239810,239820,239823,3,10
239810,239820,239822,2,10
239810,239820,239823,3,10
239810,239820,239823,3,10
239810,239820,239823,3,10
239810,239820,239823,3,10
239810,239820,239823,3,10
239810,239820,239823,3,10
239810,239820,239823,3,10
239810,239820,239823,3,10
239810,239820,239823,3,10
239810,239820,239823,3,10
239810,239820,239823,3,10
239810,239820,239823,3,10
239810,239820,239823,3,10
239810,239820,239823,3,10
239810,239820,239823,3,10
239810,239820,239824,4,10
239810,239820,239823,3,10
236448,236465,239824,3359,17
239810,239823,239824,1,13
239810,239823,239824,1,13
239810,239823,239824,1,13
239810,239823,239824,1,13
239810,239823,239824,1,13
239810,239823,239824,1,13
239810,239823,239824,1,13
239810,239822,239824,2,12
239810,239823,239824,1,13
239810,239822,239824,2,12
239810,239823,239824,1,13
239810,239823,239824,1,13
239810,239823,239824,1,13
239810,239823,239824,1,13
239810,239821,239824,3,11
239810,239824,239825,1,14
239810,239823,239824,1,13
239810,239824,239825,1,14
239810,239823,239825,2,13
239810,239823,239825,2,13
239810,239824,239825,1,14
239810,239824,239825,1,14
239810,239823,239824,1,13
239810,239823,239824,1,13
239810,239823,239825,2,13
239810,239824,239825,1,14
239810,239824,239825,1,14
239810,239824,239825,1,14
239810,239824,239825,1,14
239810,239824,239825,1,14
239810,239825,239826,1,15
239810,239825,239826,1,15
239810,239824,239826,2,14
239810,239824,239826,2,14
239810,239825,239827,2,15
239810,239824,239826,2,14
239810,239825,239827,2,15
239810,239825,239827,2,15
239810,239825,239827,2,15
239810,239825,239827,2,15
239810,239825,239828,3,15
239810,239825,239827,2,15
239810,239826,239828,2,16
239810,239826,239828,2,16
239810,239825,239828,3,15
239810,239825,239827,2,15
239810,239826,239828,2,16
239810,239825,239827,2,15
239810,239825,239828,3,15
239810,239825,239827,2,15
239810,239825,239827,2,15
239810,239825,239828,3,15
239810,239825,239828,3,15
239810,239825,239828,3,15
239810,239825,239828,3,15
239810,239827,239828,1,17
239810,239827,239829,2,17
239810,239828,239829,1,18
239810,239827,239829,2,17
239810,239827,239829,2,17
239810,239827,239829,2,17
239810,239826,239828,2,16
239810,239827,239829,2,17
239810,239827,239828,1,17
239810,239828,239829,1,18
239810,239828,239829,1,18
239810,239828,239829,1,18
239810,239828,239829,1,18
239825,239828,239829,1,3
239825,239828,239829,1,3
239825,239828,239829,1,3
239825,239828,239829,1,3
239810,239828,239829,1,18
239810,239828,239829,1,18
239825,239829,239830,1,4
239810,239828,239829,1,18
239810,239828,239830,2,18
239825,239829,239830,1,4
239825,239829,239830,1,4
239810,239828,239830,2,18
239825,239829,239830,1,4
239825,239829,239830,1,4
239825,239828,239830,2,3
239825,239828,239830,2,3
239825,239829,239830,1,4
239825,239829,239830,1,4
239825,239829,239831,2,4
239825,239829,239830,1,4
239825,239829,239831,2,4
239825,239829,239830,1,4
239825,239830,239831,1,5
239825,239829,239831,2,4
239825,239830,239832,2,5
239825,239830,239833,3,5
239825,239830,239833,3,5
239825,239830,239833,3,5
239825,239829,239832,3,4
239825,239830,239833,3,5
239825,239830,239833,3,5
239825,239830,239833,3,5
239825,239830,239833,3,5
239825,239830,239833,3,5
239825,239831,239833,2,6
239825,239831,239833,2,6
239825,239831,239833,2,6
239825,239831,239834,3,6
239810,239828,239834,6,18
239825,239831,239833,2,6
239825,239831,239834,3,6
239825,239833,239835,2,8
239825,239831,239834,3,6
239825,239832,239834,2,7
239825,239833,239834,1,8
239825,239833,239834,1,8
239825,239831,239835,4,6
239825,239832,239835,3,7
239825,239833,239834,1,8
239825,239830,239835,5,5
239825,239831,239835,4,6
239825,239834,239835,1,9
239825,239834,239835,1,9
239825,239834,239835,1,9
239825,239834,239835,1,9
239825,239834,239835,1,9
239825,239834,239835,1,9
239825,239835,239837,2,10
239825,239834,239837,3,9
239825,239829,239837,8,4
239825,239835,239837,2,10
239825,239835,239837,2,10
239825,239835,239837,2,10
239825,239835,239837,2,10
239825,239835,239838,3,10
239825,239835,239837,2,10
239825,239833,239838,5,8
239825,239829,239838,9,4
239825,239836,239838,2,11
239825,239838,239839,1,13
239825,239836,239839,3,11
239825,239836,239838,2,11
239825,239836,239839,3,11
239825,239836,239839,3,11
239825,239836,239838,2,11
239825,239837,239839,2,12
239825,239835,239838,3,10
239825,239835,239838,3,10
239825,239835,239839,4,10
239825,239835,239838,3,10
239825,239837,239839,2,12
239825,239835,239839,4,10
239825,239838,239839,1,13
239825,239839,239840,1,14
239825,239838,239839,1,13
239825,239838,239839,1,13
239825,239839,239840,1,14
239825,239838,239840,2,13
239825,239839,239840,1,14
239825,239839,239840,1,14
239825,239839,239840,1,14
239825,239839,239840,1,14
239825,239839,239840,1,14
239825,239835,239839,4,10
239825,239835,239840,5,10
239825,239839,239840,1,14
239825,239840,239841,1,15
239825,239840,239841,1,15
239825,239838,239840,2,13
239825,239840,239841,1,15
239825,239840,239841,1,15
239825,239839,239840,1,14
239825,239840,239841,1,15
239825,239840,239841,1,15
239825,239840,239841,1,15
239825,239839,239840,1,14
239825,239839,239841,2,14
239825,239839,239841,2,14
239825,239840,239841,1,15
239825,239840,239841,1,15
239825,239840,239841,1,15
239825,239840,239841,1,15
239825,239840,239841,1,15
239825,239840,239842,2,15
239825,239840,239843,3,15
239825,239841,239845,4,16
239825,239841,239844,3,16
239825,239841,239845,4,16
239825,239841,239845,4,16
239825,239841,239845,4,16
239825,239841,239846,5,16
239825,239841,239845,4,16
239825,239842,239846,4,17
239825,239841,239845,4,16
239825,239841,239845,4,16
239825,239841,239845,4,16
239825,239842,239846,4,17
239825,239841,239846,5,16
239825,239842,239846,4,17
239825,239841,239846,5,16
239825,239841,239846,5,16
239825,239841,239846,5,16
239825,239841,239845,4,16
239825,239838,239846,8,13
239825,239843,239846,3,18
239825,239845,239847,2,20
239825,239845,239847,2,20
239825,239842,239846,4,17
239825,239842,239847,5,17
239825,239835,239847,12,10
239825,239839,239847,8,14
239825,239846,239848,2,21
239825,239846,239848,2,21
239825,239846,239848,2,21
239825,239846,239847,1,21
239825,239842,239848,6,17
239825,239846,239848,2,21
239825,239846,239848,2,21
239825,239846,239848,2,21
239825,239846,239848,2,21
239825,239846,239848,2,21
239825,239847,239849,2,22
239825,239846,239848,2,21
239825,239846,239848,2,21
239825,239846,239849,3,21
239825,239846,239849,3,21
239825,239846,239848,2,21
239825,239848,239849,1,23
239825,239846,239848,2,21
234556,234577,239849,5272,21
239825,239846,239848,2,21
239825,239847,239848,1,22
239825,239848,239849,1,23
239825,239847,239849,2,22
239825,239849,239850,1,24
239825,239848,239849,1,23
239825,239849,239850,1,24
239825,239848,239849,1,23
239825,239849,239850,1,24
239825,239848,239849,1,23
239825,239848,239849,1,23
239825,239849,239850,1,24
239825,239848,239850,2,23
239825,239848,239850,2,23
239825,239849,239850,1,24
239825,239849,239850,1,24
239825,239849,239850,1,24
239825,239849,239851,2,24
239825,239849,239851,2,24
239825,239849,239851,2,24
239825,239849,239850,1,24
239825,239849,239851,2,24
239825,239849,239851,2,24
239825,239849,239851,2,24
239825,239849,239851,2,24
239825,239849,239851,2,24
239825,239849,239851,2,24
239825,239850,239855,5,25
239825,239850,239855,5,25
239825,239850,239855,5,25
239825,239850,239855,5,25
239825,239850,239855,5,25
239850,239852,239855,3,2
239850,239852,239855,3,2
239825,239850,239855,5,25
239850,239852,239855,3,2
239825,239851,239855,4,26
239850,239852,239855,3,2
239850,239851,239856,5,1
239850,239851,239856,5,1
239850,239851,239855,4,1
239850,239851,239856,5,1
239825,239850,239856,6,25
239825,239850,239855,5,25
239850,239851,239856,5,1
239850,239852,239856,4,2
239850,239855,239857,2,5
239850,239852,239856,4,2
239850,239851,239857,6,1
239850,239855,239857,2,5
239825,239847,239857,10,22
239850,239855,239857,2,5
239850,239855,239856,1,5
239850,239855,239857,2,5
239850,239856,239857,1,6
239850,239856,239857,1,6
239850,239856,239858,2,6
239850,239856,239857,1,6
239850,239856,239858,2,6
239850,239856,239857,1,6
239850,239856,239858,2,6
239850,239856,239858,2,6
239825,239848,239857,9,23
239850,239856,239858,2,6
239850,239856,239858,2,6
239850,239857,239858,1,7
239850,239856,239858,2,6
239850,239851,239859,8,1
239850,239857,239859,2,7
239850,239857,239859,2,7
239850,239857,239859,2,7
239850,239857,239859,2,7
239850,239857,239859,2,7
239850,239857,239859,2,7
239850,239857,239859,2,7
239825,239848,239859,11,23
239850,239858,239859,1,8
239850,239858,239859,1,8
239850,239858,239859,1,8
239850,239858,239859,1,8
239850,239858,239860,2,8
239850,239858,239860,2,8
239850,239858,239860,2,8
239850,239859,239862,3,9
239850,239859,239862,3,9
239850,239859,239862,3,9
239850,239859,239863,4,9
239850,239859,239863,4,9
239850,239858,239863,5,8
239850,239860,239863,3,10
239850,239860,239864,4,10
239850,239859,239864,5,9
239850,239860,239864,4,10
239850,239860,239864,4,10
239850,239860,239864,4,10
239850,239860,239864,4,10
239850,239860,239864,4,10
239850,239860,239864,4,10
239850,239860,239864,4,10
239850,239863,239865,2,13
239850,239860,239864,4,10
239850,239863,239865,2,13
239850,239863,239865,2,13
239850,239863,239865,2,13
239850,239859,239864,5,9
239850,239859,239865,6,9
239850,239864,239865,1,14
239850,239864,239865,1,14
239850,239863,239865,2,13
239850,239863,239865,2,13
239850,239864,239866,2,14
239850,239865,239866,1,15
239850,239865,239866,1,15
239850,239865,239866,1,15
239850,239865,239866,1,15
239850,239865,239866,1,15
239850,239865,239866,1,15
239850,239865,239866,1,15
239850,239865,239867,2,15
239850,239865,239866,1,15
239850,239865,239867,2,15
239850,239856,239867,11,6
239850,239865,239867,2,15
239850,239865,239867,2,15
239850,239865,239868,3,15
239850,239857,239867,10,7
239850,239865,239867,2,15
239850,239856,239868,12,6
239850,239866,239868,2,16
239850,239866,239869,3,16
239850,239867,239870,3,17
239850,239867,239869,2,17
239850,239867,239869,2,17
239850,239867,239869,2,17
239850,239866,239869,3,16
239850,239867,239869,2,17
239850,239867,239869,2,17
239850,239867,239870,3,17
239850,239867,239869,2,17
239850,239867,239870,3,17
239850,239867,239870,3,17
239850,239867,239870,3,17
239850,239867,239870,3,17
239850,239867,239870,3,17
239850,239868,239871,3,18
239850,239870,239871,1,20
239850,239870,239871,1,20
239850,239868,239870,2,18
239850,239869,239870,1,19
239850,239869,239871,2,19
239850,239859,239871,12,9
239850,239867,239870,3,17
239850,239858,239871,13,8
239850,239860,239871,11,10
239850,239870,239871,1,20
239850,239870,239871,1,20
239850,239870,239871,1,20
239850,239870,239871,1,20
239850,239870,239871,1,20
239850,239870,239871,1,20
239850,239870,239871,1,20
239850,239870,239872,2,20
239850,239870,239872,2,20
239850,239870,239872,2,20
239850,239870,239872,2,20
239850,239871,239872,1,21
239850,239871,239872,1,21
239850,239871,239872,1,21
239850,239871,239872,1,21
239850,239871,239873,2,21
239850,239871,239873,2,21
239850,239871,239873,2,21
239850,239871,239874,3,21
239850,239872,239874,2,22
239850,239872,239874,2,22
239850,239873,239875,2,23
239850,239873,239875,2,23
239850,239872,239875,3,22
239850,239872,239874,2,22
239850,239872,239875,3,22
239850,239872,239875,3,22
239850,239873,239875,2,23
239850,239872,239875,3,22
239850,239872,239875,3,22
239850,239867,239875,8,17
239850,239874,239876,2,24
239850,239875,239876,1,25
239850,239872,239875,3,22
239850,239873,239876,3,23
239850,239873,239875,2,23
239850,239872,239875,3,22
239850,239872,239876,4,22
239850,239874,239876,2,24
239850,239868,239876,8,18
239850,239874,239876,2,24
239850,239875,239877,2,25
239850,239875,239876,1,25
239850,239875,239876,1,25
239850,239875,239876,1,25
239850,239875,239876,1,25
239850,239875,239876,1,25
239850,239876,239877,1,26
239850,239875,239876,1,25
239850,239875,239877,2,25
239850,239875,239876,1,25
239850,239876,239877,1,26
239850,239877,239878,1,27
239850,239876,239878,2,26
239850,239876,239878,2,26
239850,239875,239878,3,25
239850,239876,239878,2,26
239850,239876,239878,2,26
239850,239877,239878,1,27
239850,239877,239878,1,27
239850,239877,239878,1,27
239850,239877,239879,2,27
239850,239877,239879,2,27
239850,239877,239879,2,27
239850,239877,239879,2,27
239850,239877,239879,2,27
239850,239876,239878,2,26
239850,239877,239879,2,27
239850,239877,239879,2,27
239850,239871,239879,8,21
239850,239872,239879,7,22
239850,239872,239879,7,22
239850,239877,239879,2,27
239850,239878,239880,2,28
239850,239878,239879,1,28
239850,239878,239880,2,28
239850,239878,239880,2,28
239850,239878,239880,2,28
239850,239872,239880,8,22
239850,239879,239880,1,29
239850,239879,239880,1,29
239850,239879,239881,2,29
239850,239879,239880,1,29
239850,239876,239882,6,26
239850,239877,239883,6,27
234763,234777,240046,5269,14
240047,240047,240048,1,0
240047,240047,240048,1,0
240047,240047,240048,1,0
240047,240047,240048,1,0
240047,240047,240049,2,0
240047,240047,240048,1,0
240047,240047,240048,1,0
240047,240047,240048,1,0
240047,240047,240048,1,0
240047,240047,240049,2,0
240047,240047,240049,2,0
240047,240047,240049,2,0
240047,240047,240049,2,0
240047,240047,240049,2,0
240047,240047,240049,2,0
240047,240047,240049,2,0
240047,240047,240049,2,0
240047,240047,240049,2,0
240047,240047,240050,3,0
240047,240047,240049,2,0
240047,240048,240049,1,1
240047,240047,240050,3,0
240047,240047,240050,3,0
240047,240047,240049,2,0
240047,240047,240051,4,0
240047,240047,240050,3,0
240047,240049,240050,1,2
240047,240049,240051,2,2
240047,240049,240051,2,2
240047,240049,240050,1,2
240047,240049,240051,2,2
240047,240049,240051,2,2
240047,240049,240051,2,2
240047,240049,240051,2,2
240047,240049,240051,2,2
240047,240049,240051,2,2
240047,240049,240051,2,2
240047,240050,240052,2,3
240047,240050,240052,2,3
240047,240049,240052,3,2
240047,240050,240052,2,3
240047,240050,240052,2,3
240047,240050,240052,2,3
240047,240050,240053,3,3
240047,240050,240053,3,3
240047,240050,240052,2,3
240047,240051,240053,2,4
240047,240051,240052,1,4
240047,240051,240052,1,4
240047,240051,240053,2,4
240047,240051,240053,2,4
240047,240051,240053,2,4
240047,240051,240052,1,4
240047,240051,240053,2,4
240047,240051,240053,2,4
240047,240050,240053,3,3
240047,240050,240053,3,3
240047,240050,240053,3,3
240047,240051,240053,2,4
240047,240051,240053,2,4
240047,240052,240053,1,5
240047,240052,240054,2,5
240047,240052,240054,2,5
240047,240053,240055,2,6
240047,240053,240055,2,6
240047,240053,240055,2,6
240047,240051,240054,3,4
240047,240051,240054,3,4
240047,240053,240054,1,6
240047,240053,240055,2,6
240047,240053,240055,2,6
240047,240053,240055,2,6
240047,240053,240055,2,6
240047,240053,240055,2,6
240047,240053,240055,2,6
240047,240054,240055,1,7
240047,240053,240055,2,6
240047,240053,240055,2,6
240047,240054,240055,1,7
240047,240053,240055,2,6
240047,240053,240055,2,6
240047,240053,240055,2,6
240047,240053,240055,2,6
240047,240053,240056,3,6
240047,240055,240056,1,8
240047,240055,240056,1,8
240047,240055,240056,1,8
240047,240055,240056,1,8
240047,240055,240056,1,8
240047,240055,240056,1,8
240047,240055,240056,1,8
240047,240055,240056,1,8
240047,240053,240056,3,6
240047,240053,240056,3,6
240047,240053,240056,3,6
240047,240055,240056,1,8
240047,240055,240056,1,8
240047,240056,240057,1,9
240047,240055,240056,1,8
240047,240055,240057,2,8
240047,240055,240057,2,8
240047,240055,240056,1,8
240047,240056,240057,1,9
240047,240056,240057,1,9
240047,240056,240057,1,9
240047,240056,240057,1,9
240047,240056,240058,2,9
240047,240056,240058,2,9
240047,240056,240058,2,9
240047,240056,240058,2,9
240047,240056,240057,1,9
240047,240057,240058,1,10
240047,240056,240057,1,9
240047,240056,240058,2,9
240047,240056,240058,2,9
240047,240056,240058,2,9
240047,240056,240058,2,9
240047,240056,240057,1,9
240047,240057,240058,1,10
240047,240057,240058,1,10
240047,240057,240058,1,10
240047,240058,240059,1,11
240047,240057,240059,2,10
240047,240057,240059,2,10
240047,240056,240059,3,9
240047,240056,240059,3,9
240047,240058,240059,1,11
240047,240058,240059,1,11
240047,240058,240059,1,11
240047,240057,240060,3,10
240047,240058,240059,1,11
240047,240058,240060,2,11
240047,240058,240060,2,11
240047,240058,240060,2,11
240047,240058,240060,2,11
240047,240058,240059,1,11
240047,240058,240060,2,11
240047,240058,240060,2,11
240047,240057,240060,3,10
240047,240058,240060,2,11
240047,240059,240060,1,12
240047,240059,240060,1,12
240047,240059,240060,1,12
240047,240059,240060,1,12
240047,240059,240061,2,12
240047,240058,240061,3,11
240047,240059,240063,4,12
240047,240060,240063,3,13
240047,240060,240063,3,13
240047,240060,240063,3,13
240047,240060,240063,3,13
240047,240060,240064,4,13
240047,240060,240063,3,13
240047,240060,240064,4,13
240047,240060,240064,4,13
240047,240060,240064,4,13
240047,240061,240064,3,14
240047,240061,240064,3,14
240047,240059,240064,5,12
240047,240061,240064,3,14
240047,240061,240064,3,14
240047,240061,240064,3,14
240047,240061,240064,3,14
240047,240060,240065,5,13
240047,240061,240065,4,14
240047,240060,240064,4,13
240047,240061,240064,3,14
240047,240060,240064,4,13
240047,240060,240065,5,13
240047,240062,240065,3,15
240047,240061,240065,4,14
240047,240065,240066,1,18
240047,240065,240066,1,18
240047,240064,240065,1,17
240047,240064,240065,1,17
240047,240064,240065,1,17
240047,240064,240065,1,17
240047,240064,240065,1,17
240047,240065,240066,1,18
240047,240065,240066,1,18
240047,240065,240066,1,18
240047,240065,240066,1,18
240047,240065,240066,1,18
240047,240065,240066,1,18
240047,240066,240067,1,19
240047,240065,240066,1,18
240047,240065,240066,1,18
240047,240065,240066,1,18
240047,240065,240066,1,18
240047,240065,240067,2,18
240047,240065,240067,2,18
240047,240066,240067,1,19
240047,240066,240067,1,19
240047,240065,240067,2,18
240047,240066,240067,1,19
240047,240065,240068,3,18
240047,240065,240068,3,18
240047,240066,240068,2,19
235212,235234,240365,5131,22
240367,240367,240368,1,0
240367,240367,240368,1,0
240367,240367,240368,1,0
240367,240367,240368,1,0
240367,240367,240368,1,0
240367,240367,240368,1,0
240367,240367,240368,1,0
240367,240367,240368,1,0
240367,240367,240368,1,0
240367,240367,240368,1,0
240367,240367,240368,1,0
240367,240367,240368,1,0
240367,240367,240368,1,0
240367,240367,240369,2,0
240367,240367,240369,2,0
240367,240367,240369,2,0
240367,240367,240369,2,0
240367,240367,240369,2,0
240367,240367,240369,2,0
240367,240367,240369,2,0
240367,240367,240369,2,0
240367,240367,240369,2,0
240367,240368,240369,1,1
240367,240367,240369,2,0
240367,240367,240369,2,0
240367,240368,240369,1,1
240367,240369,240370,1,2
240367,240369,240371,2,2
240367,240369,240371,2,2
240367,240369,240371,2,2
240367,240369,240370,1,2
240367,240369,240370,1,2
240367,240369,240370,1,2
240367,240369,240371,2,2
240367,240369,240371,2,2
240367,240369,240371,2,2
240367,240370,240371,1,3
240367,240370,240371,1,3
240367,240370,240371,1,3
240367,240369,240371,2,2
240367,240369,240371,2,2
240367,240370,240371,1,3
240367,240370,240371,1,3
240367,240370,240371,1,3
240367,240369,240371,2,2
240367,240370,240371,1,3
240367,240370,240372,2,3
240367,240370,240372,2,3
240367,240370,240372,2,3
240367,240370,240372,2,3
240367,240370,240372,2,3
240367,240371,240372,1,4
240367,240371,240372,1,4
240367,240371,240372,1,4
240367,240371,240372,1,4
240367,240371,240372,1,4
240367,240371,240372,1,4
240367,240371,240372,1,4
240367,240371,240372,1,4
240367,240371,240372,1,4
240367,240371,240372,1,4
240367,240372,240373,1,5
240367,240372,240373,1,5
240367,240372,240374,2,5
240367,240373,240374,1,6
240367,240372,240374,2,5
240367,240372,240374,2,5
240367,240372,240373,1,5
240367,240373,240374,1,6
240367,240372,240373,1,5
240367,240372,240373,1,5
240367,240373,240375,2,6
240367,240372,240374,2,5
240367,240373,240374,1,6
240367,240373,240374,1,6
240367,240373,240374,1,6
240367,240373,240374,1,6
240367,240374,240375,1,7
240367,240372,240375,3,5
240367,240374,240375,1,7
240367,240373,240374,1,6
240367,240373,240375,2,6
240367,240374,240375,1,7
240367,240373,240375,2,6
240367,240374,240375,1,7
240367,240373,240374,1,6
240367,240373,240374,1,6
240367,240374,240375,1,7
240367,240374,240375,1,7
240367,240374,240375,1,7
240367,240373,240375,2,6
240367,240373,240375,2,6
240367,240373,240375,2,6
240367,240374,240375,1,7
240367,240375,240376,1,8
240367,240375,240376,1,8
240367,240374,240375,1,7
240367,240374,240375,1,7
240367,240375,240376,1,8
240367,240375,240376,1,8
240367,240375,240376,1,8
240367,240375,240376,1,8
240367,240375,240376,1,8
240367,240375,240376,1,8
240367,240375,240376,1,8
240367,240375,240376,1,8
240367,240375,240376,1,8
240367,240375,240376,1,8
240367,240375,240376,1,8
240367,240375,240376,1,8
240367,240375,240376,1,8
240367,240375,240376,1,8
240367,240376,240377,1,9
240367,240375,240377,2,8
240367,240376,240377,1,9
240367,240376,240377,1,9
240367,240376,240378,2,9
240367,240376,240377,1,9
240367,240376,240378,2,9
240367,240376,240378,2,9
240367,240376,240377,1,9
240367,240376,240377,1,9
240367,240376,240377,1,9
240367,240376,240378,2,9
240367,240377,240378,1,10
240367,240377,240378,1,10
240367,240377,240378,1,10
240367,240377,240378,1,10
240367,240377,240379,2,10
240367,240376,240379,3,9
240367,240377,240378,1,10
240367,240377,240378,1,10
240367,240377,240378,1,10
240367,240377,240378,1,10
240367,240377,240379,2,10
240367,240377,240379,2,10
240367,240377,240378,1,10
240367,240377,240378,1,10
240367,240377,240378,1,10
240367,240377,240379,2,10
240367,240377,240378,1,10
240367,240378,240380,2,11
240367,240378,240380,2,11
240367,240378,240380,2,11
240367,240378,240380,2,11
240367,240378,240380,2,11
240367,240378,240380,2,11
240367,240378,240380,2,11
240367,240378,240380,2,11
240367,240378,240380,2,11
240367,240379,240381,2,12
240367,240379,240381,2,12
240367,240379,240381,2,12
240367,240379,240381,2,12
240367,240379,240381,2,12
240367,240380,240381,1,13
240367,240380,240381,1,13
240367,240378,240381,3,11
240367,240380,240381,1,13
240367,240379,240381,2,12
240367,240379,240381,2,12
240367,240379,240381,2,12
240367,240379,240382,3,12
240367,240380,240381,1,13
240367,240378,240381,3,11
240367,240379,240381,2,12
240367,240379,240382,3,12
240367,240382,240383,1,15
240367,240381,240382,1,14
240367,240382,240383,1,15
240367,240380,240382,2,13
240367,240380,240382,2,13
240367,240381,240382,1,14
240367,240381,240382,1,14
240367,240381,240382,1,14
240367,240381,240383,2,14
240367,240381,240383,2,14
240367,240381,240382,1,14
240367,240382,240383,1,15
240367,240382,240383,1,15
240367,240382,240383,1,15
240367,240383,240384,1,16
240367,240382,240383,1,15
240367,240382,240383,1,15
240367,240382,240383,1,15
240367,240383,240384,1,16
240367,240382,240383,1,15
240367,240382,240383,1,15
240367,240382,240383,1,15
240367,240382,240384,2,15
240367,240382,240384,2,15
240367,240382,240384,2,15
240367,240383,240384,1,16
240367,240383,240384,1,16
240367,240383,240385,2,16
237371,237385,240648,3263,14
240649,240649,240651,2,0
240649,240649,240651,2,0
240649,240649,240651,2,0
240649,240649,240651,2,0
240649,240649,240651,2,0
240649,240649,240651,2,0
240649,240649,240652,3,0
240649,240649,240652,3,0
240649,240649,240652,3,0
240649,240649,240652,3,0
240649,240649,240652,3,0
240649,240649,240651,2,0
240649,240649,240651,2,0
240649,240649,240651,2,0
240649,240649,240651,2,0
240649,240649,240651,2,0
240649,240649,240653,4,0
240649,240649,240653,4,0
240649,240649,240652,3,0
240649,240649,240652,3,0
240649,240649,240653,4,0
240649,240649,240652,3,0
240649,240649,240652,3,0
240649,240649,240653,4,0
240649,240651,240653,2,2
240649,240651,240653,2,2
240649,240651,240653,2,2
240649,240651,240653,2,2
240649,240651,240653,2,2
240649,240651,240653,2,2
240649,240652,240654,2,3
240649,240649,240653,4,0
240649,240652,240654,2,3
240649,240652,240653,1,3
240649,240652,240654,2,3
240649,240652,240654,2,3
240649,240652,240653,1,3
240649,240652,240654,2,3
240649,240652,240654,2,3
240649,240652,240653,1,3
240649,240652,240654,2,3
240649,240653,240655,2,4
240649,240653,240655,2,4
240649,240653,240655,2,4
240649,240653,240655,2,4
240649,240653,240655,2,4
240649,240653,240655,2,4
240649,240653,240655,2,4
240649,240653,240655,2,4
240649,240653,240655,2,4
240649,240653,240655,2,4
240649,240653,240655,2,4
240649,240653,240655,2,4
240649,240654,240656,2,5
240649,240654,240656,2,5
240649,240654,240656,2,5
240649,240654,240655,1,5
240649,240653,240656,3,4
240649,240653,240656,3,4
240649,240654,240656,2,5
240649,240654,240656,2,5
240649,240654,240656,2,5
240649,240656,240657,1,7
240649,240654,240656,2,5
240649,240654,240656,2,5
240649,240654,240656,2,5
240649,240654,240656,2,5
240649,240655,240657,2,6
240649,240655,240657,2,6
240649,240656,240657,1,7
240649,240655,240657,2,6
240649,240656,240657,1,7
240649,240655,240657,2,6
240649,240655,240657,2,6
240649,240656,240657,1,7
240649,240656,240657,1,7
240649,240656,240657,1,7
240649,240657,240658,1,8
240649,240655,240657,2,6
240649,240655,240657,2,6
240649,240656,240658,2,7
240649,240656,240657,1,7
240649,240656,240658,2,7
240649,240657,240658,1,8
240649,240656,240658,2,7
240649,240656,240658,2,7
240649,240657,240658,1,8
240649,240658,240659,1,9
240649,240658,240659,1,9
240649,240658,240659,1,9
240649,240658,240659,1,9
240649,240657,240658,1,8
240649,240658,240659,1,9
240649,240658,240659,1,9
240649,240657,240658,1,8
240649,240657,240659,2,8
240649,240659,240660,1,10
240649,240658,240659,1,9
240649,240658,240659,1,9
240649,240658,240659,1,9
240649,240659,240660,1,10
240649,240658,240659,1,9
240649,240659,240660,1,10
240649,240659,240660,1,10
240649,240658,240660,2,9
240649,240658,240660,2,9
240649,240658,240660,2,9
240649,240659,240660,1,10
240649,240659,240661,2,10
240649,240659,240660,1,10
240649,240659,240660,1,10
240649,240660,240661,1,11
240649,240660,240661,1,11
240649,240659,240660,1,10
240649,240659,240660,1,10
240649,240660,240661,1,11
240649,240659,240660,1,10
240649,240659,240660,1,10
240649,240659,240661,2,10
240649,240660,240661,1,11
240649,240660,240661,1,11
240649,240659,240661,2,10
240649,240660,240661,1,11
240649,240660,240661,1,11
240649,240660,240661,1,11
240649,240660,240661,1,11
240649,240661,240662,1,12
240649,240661,240662,1,12
240649,240661,240662,1,12
240649,240660,240661,1,11
240649,240661,240662,1,12
240649,240660,240662,2,11
240649,240659,240662,3,10
240649,240660,240662,2,11
240649,240661,240662,1,12
240649,240661,240662,1,12
240649,240661,240662,1,12
240649,240660,240662,2,11
240649,240662,240663,1,13
240649,240661,240662,1,12
240649,240662,240663,1,13
240649,240661,240662,1,12
240649,240661,240662,1,12
240649,240662,240663,1,13
240649,240661,240662,1,12
240649,240662,240663,1,13
240649,240662,240663,1,13
240649,240662,240663,1,13
240649,240662,240663,1,13
240649,240663,240664,1,14
240649,240662,240663,1,13
240649,240662,240663,1,13
240649,240662,240663,1,13
240649,240662,240663,1,13
240649,240662,240663,1,13
240649,240662,240663,1,13
240649,240663,240664,1,14
240649,240662,240663,1,13
240649,240663,240664,1,14
240649,240662,240664,2,13
240649,240662,240664,2,13
240649,240662,240664,2,13
240649,240663,240664,1,14
240649,240663,240664,1,14
240649,240663,240664,1,14
240649,240664,240665,1,15
240649,240664,240665,1,15
240649,240663,240664,1,14
240649,240664,240665,1,15
240649,240663,240664,1,14
240649,240663,240664,1,14
240649,240664,240665,1,15
240649,240663,240664,1,14
240649,240663,240664,1,14
240649,240664,240665,1,15
240649,240663,240664,1,14
240649,240664,240665,1,15
240649,240664,240665,1,15
240649,240664,240666,2,15
240649,240664,240665,1,15
240649,240664,240665,1,15
240649,240664,240665,1,15
240649,240664,240665,1,15
240649,240664,240666,2,15
240649,240664,240666,2,15
240649,240664,240667,3,15
235640,235655,240709,5054,15
240710,240710,240711,1,0
240710,240710,240712,2,0
240710,240710,240711,1,0
240710,240710,240711,1,0
240710,240710,240711,1,0
240710,240710,240712,2,0
240710,240710,240711,1,0
240710,240710,240711,1,0
240710,240710,240711,1,0
240710,240710,240711,1,0
240710,240710,240711,1,0
240710,240710,240712,2,0
240710,240710,240712,2,0
240710,240710,240711,1,0
240710,240710,240711,1,0
240710,240710,240711,1,0
240710,240710,240711,1,0
240710,240710,240712,2,0
240710,240710,240712,2,0
240710,240710,240713,3,0
240710,240710,240713,3,0
240710,240710,240712,2,0
240710,240710,240712,2,0
240710,240711,240713,2,1
240710,240710,240713,3,0
240710,240712,240714,2,2
240710,240712,240714,2,2
240710,240712,240713,1,2
240710,240712,240714,2,2
240710,240712,240714,2,2
240710,240712,240714,2,2
240710,240712,240713,1,2
240710,240712,240713,1,2
240710,240712,240713,1,2
240710,240712,240714,2,2
240710,240712,240714,2,2
240710,240712,240714,2,2
240710,240712,240714,2,2
240710,240712,240714,2,2
240710,240712,240714,2,2
240710,240712,240713,1,2
240710,240710,240713,3,0
240710,240713,240715,2,3
240710,240713,240715,2,3
240710,240713,240714,1,3
240710,240712,240714,2,2
240710,240713,240715,2,3
240710,240714,240716,2,4
240710,240713,240715,2,3
240710,240713,240715,2,3
240710,240713,240715,2,3
240710,240714,240715,1,4
240710,240714,240715,1,4
240710,240714,240715,1,4
240710,240714,240716,2,4
240710,240714,240716,2,4
240710,240714,240716,2,4
240710,240714,240715,1,4
240710,240714,240716,2,4
240710,240714,240716,2,4
240710,240714,240716,2,4
240710,240714,240716,2,4
240710,240714,240715,1,4
240710,240714,240716,2,4
240710,240714,240716,2,4
240710,240714,240716,2,4
240710,240716,240718,2,6
240710,240716,240718,2,6
240710,240715,240717,2,5
240710,240716,240718,2,6
240710,240715,240718,3,5
240710,240716,240718,2,6
240710,240716,240718,2,6
240710,240714,240718,4,4
240710,240715,240718,3,5
240710,240715,240718,3,5
240710,240715,240718,3,5
240710,240716,240718,2,6
240710,240716,240718,2,6
240710,240716,240718,2,6
240710,240716,240718,2,6
240710,240716,240718,2,6
240710,240716,240718,2,6
240710,240716,240718,2,6
240710,240717,240718,1,7
240710,240716,240719,3,6
240710,240716,240718,2,6
240710,240716,240719,3,6
240710,240718,240719,1,8
240710,240718,240719,1,8
240710,240718,240719,1,8
240710,240718,240719,1,8
240710,240717,240719,2,7
240710,240716,240718,2,6
240710,240718,240719,1,8
240710,240718,240719,1,8
240710,240718,240719,1,8
240710,240718,240719,1,8
240710,240718,240719,1,8
240710,240718,240719,1,8
240710,240716,240719,3,6
240710,240719,240720,1,9
240710,240718,240720,2,8
240710,240718,240720,2,8
240710,240718,240720,2,8
240710,240718,240720,2,8
240710,240718,240720,2,8
240710,240718,240720,2,8
240710,240718,240720,2,8
240710,240718,240720,2,8
240710,240718,240720,2,8
240710,240719,240721,2,9
240710,240719,240720,1,9
240710,240719,240720,1,9
240710,240719,240721,2,9
240710,240719,240721,2,9
240710,240719,240720,1,9
240710,240719,240721,2,9
240710,240719,240721,2,9
240710,240719,240721,2,9
240710,240719,240721,2,9
240710,240719,240721,2,9
240710,240719,240721,2,9
240710,240720,240721,1,10
240710,240720,240721,1,10
240710,240719,240721,2,9
240710,240719,240721,2,9
240710,240720,240721,1,10
240710,240720,240722,2,10
240710,240720,240722,2,10
240710,240720,240722,2,10
240710,240720,240722,2,10
240710,240720,240722,2,10
240710,240720,240722,2,10
240710,240720,240722,2,10
240710,240721,240723,2,11
240710,240721,240723,2,11
240710,240721,240723,2,11
240710,240721,240723,2,11
240710,240721,240723,2,11
240710,240720,240723,3,10
240710,240722,240723,1,12
240710,240722,240723,1,12
240710,240722,240723,1,12
240710,240722,240723,1,12
240710,240722,240723,1,12
240710,240722,240724,2,12
240710,240721,240723,2,11
240710,240722,240724,2,12
240710,240722,240724,2,12
240710,240721,240723,2,11
240710,240722,240724,2,12
240710,240723,240724,1,13
240710,240721,240723,2,11
240710,240722,240724,2,12
240710,240722,240724,2,12
240710,240723,240724,1,13
240710,240723,240724,1,13
240710,240723,240724,1,13
240710,240723,240724,1,13
240710,240724,240725,1,14
240710,240723,240725,2,13
240710,240723,240725,2,13
240710,240725,240726,1,15
240710,240724,240725,1,14
240710,240724,240725,1,14
240710,240724,240725,1,14
240710,240724,240725,1,14
240710,240724,240725,1,14
240710,240724,240725,1,14
240710,240724,240725,1,14
240710,240724,240725,1,14
240710,240724,240725,1,14
240710,240725,240726,1,15
240710,240724,240726,2,14
240710,240724,240726,2,14
240710,240724,240725,1,14
240710,240724,240725,1,14
240710,240724,240726,2,14
240710,240725,240726,1,15
240710,240725,240726,1,15
240710,240726,240727,1,16
240710,240725,240726,1,15
240710,240725,240726,1,15
240710,240726,240727,1,16
240710,240726,240727,1,16
240710,240725,240727,2,15
240710,240724,240726,2,14
240710,240724,240726,2,14
240710,240725,240726,1,15
240710,240724,240726,2,14
240710,240726,240727,1,16
240710,240726,240727,1,16
240710,240726,240727,1,16
240710,240726,240727,1,16
240710,240726,240727,1,16
240710,240726,240727,1,16
240710,240726,240727,1,16
240710,240726,240727,1,16
240710,240726,240729,3,16
236008,236027,241061,5034,19
241062,241062,241064,2,0
241062,241062,241065,3,0
241062,241062,241065,3,0
241062,241062,241065,3,0
241062,241062,241065,3,0
241062,241062,241065,3,0
241062,241062,241064,2,0
241062,241062,241065,3,0
241062,241062,241065,3,0
241062,241062,241065,3,0
241062,241062,241065,3,0
241062,241062,241065,3,0
241062,241062,241065,3,0
241062,241063,241065,2,1
241062,241062,241065,3,0
241062,241062,241065,3,0
241062,241062,241066,4,0
241062,241063,241066,3,1
241062,241062,241066,4,0
241062,241062,241066,4,0
241062,241063,241066,3,1
241062,241063,241066,3,1
241062,241063,241066,3,1
241062,241063,241066,3,1
241062,241063,241066,3,1
241062,241066,241067,1,4
241062,241065,241066,1,3
241062,241066,241067,1,4
241062,241066,241067,1,4
241062,241066,241067,1,4
241062,241066,241067,1,4
241062,241066,241067,1,4
241062,241066,241067,1,4
241062,241066,241067,1,4
241062,241066,241067,1,4
241062,241066,241067,1,4
241062,241066,241068,2,4
241062,241066,241067,1,4
241062,241066,241067,1,4
241062,241066,241067,1,4
241062,241067,241068,1,5
241062,241067,241068,1,5
241062,241067,241068,1,5
241062,241066,241068,2,4
241062,241066,241068,2,4
241062,241067,241068,1,5
241062,241066,241069,3,4
241062,241067,241069,2,5
241062,241067,241069,2,5
241062,241067,241069,2,5
241062,241067,241069,2,5
241062,241067,241069,2,5
241062,241068,241070,2,6
241062,241068,241070,2,6
241062,241068,241070,2,6
241062,241068,241070,2,6
241062,241068,241070,2,6
241062,241068,241070,2,6
241062,241068,241070,2,6
241062,241068,241070,2,6
241062,241069,241070,1,7
241062,241068,241070,2,6
241062,241068,241070,2,6
241062,241068,241070,2,6
241062,241068,241070,2,6
241062,241069,241070,1,7
241062,241068,241071,3,6
241062,241070,241071,1,8
241062,241070,241071,1,8
241062,241070,241071,1,8
241062,241069,241071,2,7
241062,241069,241071,2,7
241062,241070,241071,1,8
241062,241070,241071,1,8
241062,241070,241071,1,8
241062,241071,241072,1,9
241062,241071,241072,1,9
241062,241069,241071,2,7
241062,241069,241071,2,7
241062,241071,241072,1,9
241062,241071,241072,1,9
241062,241071,241072,1,9
241062,241071,241072,1,9
241062,241071,241072,1,9
241062,241071,241072,1,9
241062,241072,241073,1,10
241062,241072,241073,1,10
241062,241071,241072,1,9
241062,241071,241072,1,9
241062,241072,241073,1,10
241062,241071,241072,1,9
241062,241072,241073,1,10
241062,241071,241072,1,9
241062,241072,241073,1,10
241062,241072,241073,1,10
241062,241071,241072,1,9
241062,241072,241073,1,10
241062,241072,241073,1,10
241062,241072,241073,1,10
241062,241072,241073,1,10
241062,241072,241074,2,10
241062,241072,241074,2,10
241062,241072,241073,1,10
241062,241072,241073,1,10
241062,241072,241074,2,10
241062,241072,241074,2,10
241062,241072,241073,1,10
241062,241072,241073,1,10
241062,241072,241073,1,10
241062,241073,241074,1,11
241062,241073,241074,1,11
241062,241073,241074,1,11
241062,241073,241074,1,11
241062,241073,241074,1,11
241062,241072,241074,2,10
241062,241073,241074,1,11
241062,241074,241075,1,12
241062,241073,241074,1,11
241062,241073,241075,2,11
241062,241074,241075,1,12
241062,241073,241074,1,11
241062,241073,241074,1,11
241062,241074,241075,1,12
241062,241073,241074,1,11
241062,241073,241074,1,11
241062,241074,241075,1,12
241062,241074,241075,1,12
241062,241074,241075,1,12
241062,241074,241076,2,12
241062,241074,241076,2,12
241062,241074,241076,2,12
241062,241075,241076,1,13
241062,241074,241075,1,12
241062,241074,241076,2,12
241062,241075,241076,1,13
241062,241074,241076,2,12
241062,241075,241076,1,13
241062,241075,241076,1,13
241062,241075,241076,1,13
241062,241075,241076,1,13
241062,241075,241076,1,13
241062,241075,241077,2,13
241062,241076,241077,1,14
241062,241075,241076,1,13
241062,241075,241076,1,13
241062,241075,241076,1,13
241062,241075,241077,2,13
241062,241075,241076,1,13
241062,241076,241077,1,14
241062,241075,241077,2,13
241062,241075,241076,1,13
241062,241076,241077,1,14
241062,241075,241076,1,13
241062,241076,241077,1,14
241062,241076,241077,1,14
241062,241076,241077,1,14
241062,241077,241078,1,15
241062,241077,241078,1,15
241062,241076,241077,1,14
241062,241076,241078,2,14
241062,241077,241078,1,15
241062,241077,241078,1,15
241062,241076,241077,1,14
241062,241076,241077,1,14
241062,241076,241078,2,14
241062,241076,241078,2,14
241062,241076,241078,2,14
241062,241077,241079,2,15
241062,241077,241079,2,15
241062,241077,241079,2,15
241062,241077,241079,2,15
241062,241078,241080,2,16
241062,241078,241080,2,16
241062,241079,241080,1,17
241062,241077,241079,2,15
241062,241077,241079,2,15
241062,241077,241079,2,15
241062,241077,241080,3,15
241062,241079,241080,1,17
241062,241077,241080,3,15
241062,241077,241080,3,15
241062,241078,241080,2,16
241062,241077,241080,3,15
241062,241077,241080,3,15
241062,241079,241080,1,17
241062,241078,241080,2,16
241062,241079,241081,2,17
241062,241078,241080,2,16
241062,241078,241080,2,16
241062,241078,241081,3,16
241062,241078,241080,2,16
241062,241079,241081,2,17
241062,241078,241080,2,16
241062,241079,241080,1,17
241062,241079,241081,2,17
241062,241080,241081,1,18
241062,241078,241081,3,16
236503,236522,241707,5185,19
241708,241709,241710,1,1
241708,241709,241710,1,1
241708,241709,241710,1,1
241708,241709,241710,1,1
241708,241709,241711,2,1
241708,241709,241711,2,1
241708,241709,241711,2,1
241708,241709,241711,2,1
241708,241709,241711,2,1
241708,241709,241711,2,1
241708,241709,241711,2,1
241708,241709,241711,2,1
241708,241709,241711,2,1
241708,241709,241711,2,1
241708,241709,241711,2,1
241708,241709,241711,2,1
241708,241709,241712,3,1
241708,241709,241712,3,1
241708,241709,241712,3,1
241708,241709,241712,3,1
241708,241709,241712,3,1
241708,241709,241712,3,1
241708,241709,241712,3,1
241708,241711,241712,1,3
241708,241711,241712,1,3
241708,241711,241712,1,3
241708,241709,241712,3,1
241708,241709,241712,3,1
241708,241711,241712,1,3
241708,241712,241713,1,4
241708,241712,241713,1,4
241708,241712,241713,1,4
241708,241712,241713,1,4
241708,241712,241713,1,4
241708,241712,241713,1,4
241708,241712,241713,1,4
241708,241712,241713,1,4
241708,241712,241713,1,4
241708,241712,241713,1,4
241708,241713,241714,1,5
241708,241713,241715,2,5
241708,241713,241714,1,5
241708,241713,241714,1,5
241708,241713,241714,1,5
241708,241712,241714,2,4
241708,241713,241715,2,5
241708,241713,241714,1,5
241708,241712,241714,2,4
241708,241713,241714,1,5
241708,241713,241715,2,5
241708,241713,241715,2,5
241708,241713,241715,2,5
241708,241714,241715,1,6
241708,241714,241715,1,6
241708,241714,241715,1,6
241708,241714,241715,1,6
241708,241713,241715,2,5
241708,241714,241716,2,6
241708,241714,241717,3,6
241708,241713,241716,3,5
241708,241714,241716,2,6
241708,241714,241717,3,6
241708,241714,241716,2,6
241708,241714,241716,2,6
241708,241715,241717,2,7
241708,241715,241717,2,7
241708,241715,241717,2,7
241708,241715,241718,3,7
241708,241715,241717,2,7
241708,241716,241717,1,8
241708,241715,241717,2,7
241708,241715,241718,3,7
241708,241717,241718,1,9
241708,241716,241717,1,8
241708,241717,241718,1,9
241708,241717,241718,1,9
241708,241716,241718,2,8
241708,241716,241718,2,8
241708,241717,241718,1,9
241708,241718,241719,1,10
241708,241715,241718,3,7
241708,241717,241718,1,9
241708,241717,241718,1,9
241708,241716,241719,3,8
241708,241718,241719,1,10
241708,241718,241719,1,10
241708,241716,241719,3,8
241708,241716,241718,2,8
241708,241715,241718,3,7
241708,241716,241718,2,8
241708,241718,241719,1,10
241708,241718,241719,1,10
241708,241718,241719,1,10
241708,241718,241719,1,10
241708,241718,241719,1,10
241708,241718,241719,1,10
241708,241717,241719,2,9
241708,241719,241720,1,11
241708,241719,241720,1,11
241708,241719,241720,1,11
241708,241718,241719,1,10
241708,241715,241719,4,7
241708,241718,241719,1,10
241708,241718,241719,1,10
241708,241719,241720,1,11
241708,241718,241719,1,10
241708,241718,241719,1,10
241708,241719,241720,1,11
241708,241718,241719,1,10
241708,241719,241720,1,11
241708,241719,241721,2,11
241708,241719,241721,2,11
241708,241719,241720,1,11
241708,241720,241721,1,12
241708,241719,241720,1,11
241708,241719,241720,1,11
241708,241719,241721,2,11
241708,241719,241721,2,11
241708,241719,241721,2,11
241708,241719,241720,1,11
241708,241719,241720,1,11
241708,241720,241721,1,12
241708,241720,241722,2,12
241708,241721,241722,1,13
241708,241720,241721,1,12
241708,241721,241722,1,13
241708,241720,241722,2,12
241708,241720,241722,2,12
241708,241720,241722,2,12
241708,241720,241722,2,12
241708,241720,241722,2,12
241708,241720,241722,2,12
241708,241720,241722,2,12
241708,241721,241722,1,13
241708,241720,241722,2,12
241708,241721,241723,2,13
241708,241721,241722,1,13
241708,241721,241723,2,13
241708,241720,241722,2,12
241708,241721,241723,2,13
241708,241722,241723,1,14
241708,241722,241723,1,14
241708,241720,241722,2,12
241708,241721,241722,1,13
241708,241721,241722,1,13
241708,241722,241723,1,14
241708,241721,241722,1,13
241708,241721,241723,2,13
241708,241721,241723,2,13
241708,241722,241723,1,14
241708,241723,241724,1,15
241708,241722,241723,1,14
241708,241723,241724,1,15
241708,241722,241723,1,14
241708,241723,241724,1,15
241708,241722,241723,1,14
241708,241722,241723,1,14
241708,241722,241723,1,14
241708,241722,241723,1,14
241708,241722,241724,2,14
241708,241723,241724,1,15
241708,241722,241724,2,14
241708,241722,241724,2,14
241708,241723,241724,1,15
241708,241722,241724,2,14
241708,241723,241724,1,15
241708,241723,241725,2,15
241708,241723,241724,1,15
241708,241723,241724,1,15
241708,241724,241725,1,16
241708,241724,241725,1,16
241708,241723,241724,1,15
241708,241723,241725,2,15
241708,241723,241725,2,15
241708,241724,241725,1,16
241708,241724,241725,1,16
241708,241724,241725,1,16
241708,241724,241725,1,16
241708,241723,241725,2,15
241708,241723,241725,2,15
241708,241724,241725,1,16
241708,241724,241725,1,16
241708,241724,241725,1,16
241708,241724,241725,1,16
241708,241724,241726,2,16
241708,241724,241726,2,16
241708,241724,241725,1,16
241708,241724,241726,2,16
241708,241724,241726,2,16
241708,241724,241726,2,16
241708,241725,241727,2,17
241708,241725,241727,2,17
241708,241725,241727,2,17
241708,241725,241727,2,17
241708,241725,241728,3,17
241708,241725,241727,2,17
241708,241725,241727,2,17
241708,241725,241728,3,17
241708,241725,241728,3,17
238260,238279,241738,3459,19
241740,241740,241741,1,0
241740,241740,241741,1,0
241740,241740,241741,1,0
241740,241740,241742,2,0
241740,241740,241741,1,0
241740,241740,241741,1,0
241740,241740,241741,1,0
241740,241740,241741,1,0
241740,241740,241741,1,0
241740,241740,241741,1,0
241740,241740,241741,1,0
241740,241740,241741,1,0
241740,241740,241741,1,0
241740,241740,241742,2,0
241740,241740,241742,2,0
241740,241740,241742,2,0
241740,241740,241742,2,0
241740,241740,241742,2,0
241740,241740,241742,2,0
241740,241740,241742,2,0
241740,241740,241743,3,0
241740,241742,241743,1,2
241740,241742,241743,1,2
241740,241742,241743,1,2
241740,241742,241744,2,2
241740,241742,241743,1,2
241740,241740,241743,3,0
241740,241742,241743,1,2
241740,241742,241743,1,2
241740,241742,241743,1,2
241740,241740,241743,3,0
241740,241742,241743,1,2
241740,241742,241743,1,2
241740,241742,241743,1,2
241740,241743,241744,1,3
241740,241742,241744,2,2
241740,241743,241745,2,3
241740,241743,241744,1,3
241740,241743,241744,1,3
241740,241743,241744,1,3
241740,241742,241744,2,2
241740,241743,241745,2,3
241740,241744,241745,1,4
241740,241740,241746,6,0
241740,241744,241745,1,4
241740,241744,241745,1,4
241740,241743,241745,2,3
241740,241743,241745,2,3
241740,241744,241746,2,4
241740,241744,241745,1,4
241740,241744,241745,1,4
241740,241744,241745,1,4
241740,241744,241746,2,4
241740,241744,241745,1,4
241740,241744,241745,1,4
241740,241744,241746,2,4
241740,241744,241746,2,4
241740,241740,241747,7,0
241740,241745,241747,2,5
241740,241744,241746,2,4
241740,241745,241747,2,5
241740,241745,241747,2,5
241740,241745,241747,2,5
241740,241745,241747,2,5
241740,241745,241747,2,5
241740,241745,241747,2,5
241740,241746,241748,2,6
241740,241746,241747,1,6
241740,241746,241747,1,6
241740,241746,241747,1,6
241740,241746,241747,1,6
241740,241746,241747,1,6
241740,241746,241748,2,6
241740,241746,241748,2,6
241740,241746,241748,2,6
241740,241746,241747,1,6
241740,241746,241747,1,6
241740,241745,241747,2,5
241740,241746,241748,2,6
241740,241747,241748,1,7
241740,241747,241748,1,7
241740,241746,241748,2,6
241740,241747,241749,2,7
241740,241748,241749,1,8
241740,241747,241749,2,7
241740,241746,241748,2,6
241740,241747,241749,2,7
241740,241748,241749,1,8
241740,241748,241749,1,8
241740,241748,241749,1,8
241740,241747,241748,1,7
241740,241747,241748,1,7
241740,241748,241749,1,8
241740,241748,241749,1,8
241740,241748,241749,1,8
241740,241749,241750,1,9
241740,241748,241749,1,8
241740,241748,241749,1,8
241740,241748,241749,1,8
241740,241749,241750,1,9
241740,241748,241750,2,8
241740,241748,241749,1,8
241740,241748,241750,2,8
241740,241748,241749,1,8
241740,241748,241750,2,8
241740,241749,241750,1,9
241740,241750,241751,1,10
241740,241749,241751,2,9
241740,241749,241751,2,9
241740,241750,241751,1,10
241740,241749,241750,1,9
241740,241750,241751,1,10
241740,241749,241751,2,9
241740,241749,241751,2,9
241740,241749,241750,1,9
241740,241749,241750,1,9
241740,241748,241750,2,8
241740,241749,241751,2,9
241740,241750,241751,1,10
241740,241750,241751,1,10
241740,241750,241752,2,10
241740,241750,241751,1,10
241740,241750,241752,2,10
241740,241750,241752,2,10
241740,241750,241752,2,10
241740,241750,241752,2,10
241740,241750,241752,2,10
241740,241751,241753,2,11
241740,241751,241753,2,11
241740,241751,241752,1,11
241740,241751,241753,2,11
241740,241751,241753,2,11
241740,241752,241753,1,12
241740,241750,241752,2,10
241740,241751,241753,2,11
241740,241751,241753,2,11
241740,241751,241753,2,11
241740,241751,241753,2,11
241740,241750,241753,3,10
241740,241752,241753,1,12
241740,241752,241753,1,12
241740,241747,241753,6,7
241740,241751,241753,2,11
241740,241752,241753,1,12
241740,241753,241754,1,13
241740,241752,241754,2,12
241740,241752,241753,1,12
241740,241753,241754,1,13
241740,241753,241754,1,13
241740,241751,241753,2,11
241740,241752,241753,1,12
241740,241753,241754,1,13
241740,241751,241754,3,11
241740,241752,241754,2,12
241740,241752,241754,2,12
241740,241753,241755,2,13
241740,241753,241754,1,13
241740,241746,241754,8,6
241740,241754,241755,1,14
241740,241753,241755,2,13
241740,241753,241755,2,13
241740,241753,241755,2,13
241740,241753,241755,2,13
241740,241753,241755,2,13
241740,241754,241755,1,14
241740,241754,241755,1,14
241740,241754,241755,1,14
241740,241755,241756,1,15
241740,241754,241755,1,14
241740,241754,241755,1,14
241740,241755,241756,1,15
241740,241754,241756,2,14
241740,241754,241755,1,14
241740,241754,241756,2,14
241740,241754,241756,2,14
241740,241754,241756,2,14
241740,241754,241756,2,14
241740,241754,241756,2,14
241740,241755,241756,1,15
241740,241755,241757,2,15
241740,241755,241757,2,15
241740,241754,241758,4,14
241740,241755,241758,3,15
241740,241756,241759,3,16
241740,241756,241758,2,16
241740,241756,241759,3,16
241740,241756,241758,2,16
241740,241756,241758,2,16
241740,241756,241759,3,16
241740,241756,241759,3,16
241740,241756,241759,3,16
241740,241755,241759,4,15
241740,241756,241759,3,16
241740,241757,241759,2,17
241740,241757,241759,2,17
241740,241757,241759,2,17
241740,241756,241759,3,16
241740,241756,241759,3,16
241740,241754,241761,7,14
236876,236890,241761,4871,14
241763,241763,241766,3,0
241763,241763,241765,2,0
241763,241763,241766,3,0
241763,241763,241766,3,0
241740,241755,241766,11,15
241763,241763,241765,2,0
241763,241763,241766,3,0
241763,241763,241766,3,0
241763,241763,241765,2,0
241763,241763,241766,3,0
241763,241763,241766,3,0
241763,241763,241766,3,0
241763,241763,241766,3,0
241763,241763,241766,3,0
241763,241763,241766,3,0
241763,241763,241766,3,0
241763,241763,241766,3,0
241763,241763,241766,3,0
241763,241763,241766,3,0
241763,241763,241767,4,0
241763,241763,241767,4,0
241763,241763,241767,4,0
241763,241766,241768,2,3
241763,241766,241768,2,3
241763,241766,241767,1,3
241763,241766,241767,1,3
241763,241766,241768,2,3
241763,241766,241767,1,3
241763,241766,241768,2,3
241763,241766,241768,2,3
241763,241766,241768,2,3
241763,241766,241768,2,3
241763,241766,241769,3,3
241763,241766,241769,3,3
241763,241766,241768,2,3
241763,241767,241770,3,4
241763,241767,241771,4,4
241763,241767,241770,3,4
241763,241767,241770,3,4
241763,241767,241772,5,4
241763,241767,241773,6,4
241763,241767,241773,6,4
241763,241768,241773,5,5
241763,241768,241772,4,5
241763,241768,241773,5,5
241763,241768,241773,5,5
241763,241768,241773,5,5
241763,241768,241773,5,5
241763,241767,241772,5,4
241763,241769,241773,4,6
241763,241769,241774,5,6
241763,241768,241774,6,5
241763,241768,241773,5,5
241763,241769,241774,5,6
241763,241770,241774,4,7
241763,241769,241774,5,6
241763,241769,241774,5,6
241763,241763,241768,5,0
241763,241771,241776,5,8
241763,241763,241776,13,0
241763,241771,241777,6,8
241763,241771,241776,5,8
241763,241763,241777,14,0
241763,241774,241777,3,11
241763,241773,241778,5,10
241763,241773,241778,5,10
241763,241773,241778,5,10
241763,241773,241778,5,10
241763,241774,241778,4,11
241763,241776,241778,2,13
241763,241773,241777,4,10
241763,241773,241778,5,10
241763,241774,241777,3,11
241763,241773,241778,5,10
241763,241773,241778,5,10
241763,241774,241778,4,11
241763,241773,241778,5,10
241763,241774,241778,4,11
241763,241775,241778,3,12
241763,241775,241778,3,12
241763,241775,241778,3,12
241763,241777,241779,2,14
241763,241777,241779,2,14
241763,241773,241779,6,10
241763,241778,241779,1,15
241763,241778,241780,2,15
241763,241778,241780,2,15
241763,241778,241780,2,15
241763,241778,241780,2,15
241763,241778,241780,2,15
241763,241778,241780,2,15
241763,241778,241779,1,15
241763,241778,241779,1,15
241763,241778,241780,2,15
241763,241778,241780,2,15
241763,241778,241780,2,15
241763,241778,241780,2,15
241763,241778,241780,2,15
241763,241778,241780,2,15
241763,241778,241780,2,15
241763,241778,241780,2,15
241763,241779,241780,1,16
241763,241779,241781,2,16
241763,241779,241782,3,16
241763,241780,241784,4,17
241763,241780,241784,4,17
241763,241780,241784,4,17
241763,241780,241784,4,17
241763,241779,241784,5,16
241763,241780,241784,4,17
241763,241780,241784,4,17
241763,241780,241784,4,17
241763,241776,241784,8,13
241763,241780,241785,5,17
241763,241780,241785,5,17
241763,241780,241787,7,17
241763,241781,241788,7,18
241763,241781,241787,6,18
241763,241784,241788,4,21
241763,241781,241788,7,18
241763,241782,241788,6,19
241763,241784,241788,4,21
241763,241784,241788,4,21
241763,241780,241788,8,17
241763,241780,241788,8,17
241763,241780,241788,8,17
241763,241784,241788,4,21
241763,241781,241788,7,18
241763,241781,241788,7,18
241763,241781,241788,7,18
241763,241784,241789,5,21
241763,241777,241789,12,14
241763,241778,241789,11,15
241763,241785,241790,5,22
241763,241784,241790,6,21
241763,241785,241790,5,22
241763,241785,241790,5,22
241763,241785,241790,5,22
241763,241788,241790,2,25
241763,241788,241791,3,25
241763,241788,241791,3,25
241763,241789,241791,2,26
241763,241788,241791,3,25
241763,241788,241791,3,25
241763,241788,241791,3,25
241763,241789,241791,2,26
241763,241789,241791,2,26
241763,241788,241791,3,25
241763,241789,241791,2,26
241763,241789,241791,2,26
241763,241789,241791,2,26
241763,241788,241791,3,25
241763,241776,241792,16,13
241763,241788,241792,4,25
241763,241790,241791,1,27
241763,241788,241792,4,25
241763,241791,241792,1,28
241763,241791,241792,1,28
241763,241791,241793,2,28
241763,241791,241792,1,28
241763,241791,241793,2,28
241763,241791,241793,2,28
241763,241791,241793,2,28
241763,241792,241793,1,29
241763,241792,241793,1,29
241763,241792,241794,2,29
241763,241792,241795,3,29
241763,241792,241795,3,29
241763,241791,241794,3,28
241763,241792,241794,2,29
241763,241792,241794,2,29
241763,241792,241795,3,29
241763,241792,241794,2,29
241763,241792,241795,3,29
241763,241793,241795,2,30
241763,241792,241796,4,29
241763,241793,241796,3,30
241763,241793,241796,3,30
241763,241793,241796,3,30
241763,241785,241795,10,22
241763,241793,241796,3,30
241763,241794,241796,2,31
241763,241795,241797,2,32
241763,241793,241796,3,30
241763,241793,241796,3,30
241763,241794,241796,2,31
241763,241794,241796,2,31
241763,241793,241796,3,30
241763,241795,241797,2,32
241763,241795,241797,2,32
241763,241795,241797,2,32
241763,241795,241797,2,32
241763,241790,241797,7,27
241763,241795,241797,2,32
241763,241792,241796,4,29
241763,241796,241797,1,33
241763,241795,241797,2,32
241763,241795,241797,2,32
241763,241796,241797,1,33
241763,241795,241797,2,32
241763,241790,241798,8,27
237464,237481,242449,4968,17
242451,242451,242452,1,0
242451,242451,242452,1,0
242451,242451,242452,1,0
242451,242451,242452,1,0
242451,242451,242453,2,0
242451,242451,242452,1,0
242451,242451,242452,1,0
242451,242451,242453,2,0
242451,242451,242452,1,0
242451,242451,242453,2,0
242451,242451,242453,2,0
242451,242451,242452,1,0
242451,242451,242452,1,0
242451,242451,242452,1,0
242451,242451,242453,2,0
242451,242451,242452,1,0
242451,242451,242453,2,0
242451,242451,242453,2,0
242451,242451,242454,3,0
242451,242451,242453,2,0
242451,242451,242454,3,0
242451,242452,242454,2,1
242451,242451,242454,3,0
242451,242451,242453,2,0
242451,242451,242453,2,0
242451,242452,242453,1,1
242451,242453,242454,1,2
242451,242453,242455,2,2
242451,242453,242454,1,2
242451,242453,242455,2,2
242451,242453,242454,1,2
242451,242453,242455,2,2
242451,242453,242455,2,2
242451,242454,242455,1,3
242451,242451,242454,3,0
242451,242453,242455,2,2
242451,242453,242454,1,2
242451,242453,242454,1,2
242451,242453,242455,2,2
242451,242454,242456,2,3
242451,242454,242456,2,3
242451,242454,242456,2,3
242451,242453,242455,2,2
242451,242454,242456,2,3
242451,242455,242456,1,4
242451,242454,242456,2,3
242451,242453,242455,2,2
242451,242454,242456,2,3
242451,242453,242455,2,2
242451,242453,242455,2,2
242451,242453,242455,2,2
242451,242454,242455,1,3
242451,242455,242457,2,4
242451,242455,242456,1,4
242451,242455,242456,1,4
242451,242455,242456,1,4
242451,242455,242456,1,4
242451,242455,242456,1,4
242451,242455,242457,2,4
242451,242455,242457,2,4
242451,242455,242457,2,4
242451,242455,242457,2,4
242451,242455,242457,2,4
242451,242456,242458,2,5
242451,242456,242458,2,5
242451,242456,242458,2,5
242451,242456,242458,2,5
242451,242457,242458,1,6
242451,242457,242458,1,6
242451,242457,242458,1,6
242451,242457,242458,1,6
242451,242457,242458,1,6
242451,242457,242458,1,6
242451,242456,242457,1,5
242451,242457,242458,1,6
242451,242455,242458,3,4
242451,242456,242458,2,5
242451,242456,242458,2,5
242451,242457,242458,1,6
242451,242456,242458,2,5
242451,242457,242458,1,6
242451,242456,242458,2,5
242451,242456,242458,2,5
242451,242456,242458,2,5
242451,242457,242458,1,6
242451,242456,242458,2,5
242451,242458,242459,1,7
242451,242458,242459,1,7
242451,242458,242459,1,7
242451,242458,242459,1,7
242451,242458,242459,1,7
242451,242458,242459,1,7
242451,242458,242459,1,7
242451,242458,242459,1,7
242451,242456,242458,2,5
242451,242457,242458,1,6
242451,242458,242459,1,7
242451,242458,242460,2,7
242451,242458,242459,1,7
242451,242459,242460,1,8
242451,242459,242460,1,8
242451,242458,242460,2,7
242451,242458,242460,2,7
242451,242458,242459,1,7
242451,242458,242460,2,7
242451,242458,242460,2,7
242451,242458,242460,2,7
242451,242458,242460,2,7
242451,242459,242461,2,8
242451,242458,242460,2,7
242451,242459,242460,1,8
242451,242459,242460,1,8
242451,242459,242460,1,8
242451,242459,242461,2,8
242451,242459,242461,2,8
242451,242459,242460,1,8
242451,242459,242460,1,8
242451,242460,242461,1,9
242451,242459,242461,2,8
242451,242459,242460,1,8
242451,242459,242461,2,8
242451,242460,242461,1,9
242451,242459,242461,2,8
242451,242460,242462,2,9
242451,242460,242462,2,9
242451,242461,242462,1,10
242451,242460,242461,1,9
242451,242460,242462,2,9
242451,242460,242461,1,9
242451,242461,242462,1,10
242451,242461,242462,1,10
242451,242461,242462,1,10
242451,242461,242462,1,10
242451,242461,242462,1,10
242451,242461,242462,1,10
242451,242461,242462,1,10
242451,242461,242462,1,10
242451,242461,242462,1,10
242451,242460,242462,2,9
242451,242461,242463,2,10
242451,242461,242463,2,10
242451,242461,242463,2,10
242451,242462,242463,1,11
242451,242462,242463,1,11
242451,242462,242463,1,11
242451,242462,242463,1,11
242451,242462,242464,2,11
242451,242463,242464,1,12
242451,242462,242464,2,11
242451,242462,242464,2,11
242451,242463,242464,1,12
242451,242463,242464,1,12
242451,242463,242464,1,12
242451,242464,242465,1,13
242451,242463,242464,1,12
242451,242463,242464,1,12
242451,242463,242464,1,12
242451,242464,242465,1,13
242451,242463,242464,1,12
242451,242463,242464,1,12
242451,242463,242464,1,12
242451,242463,242464,1,12
242451,242463,242465,2,12
242451,242463,242465,2,12
242451,242463,242465,2,12
242451,242464,242465,1,13
242451,242465,242466,1,14
242451,242465,242466,1,14
242451,242465,242466,1,14
242451,242464,242465,1,13
242451,242463,242465,2,12
242451,242464,242465,1,13
242451,242464,242466,2,13
242451,242464,242466,2,13
242451,242465,242466,1,14
242451,242465,242466,1,14
242451,242465,242466,1,14
242451,242465,242466,1,14
242451,242465,242466,1,14
242451,242465,242466,1,14
242451,242465,242466,1,14
242451,242465,242466,1,14
242451,242465,242467,2,14
242451,242465,242466,1,14
242451,242465,242467,2,14
242451,242465,242467,2,14
242451,242465,242467,2,14
242451,242466,242467,1,15
242451,242466,242467,1,15
242451,242465,242468,3,14
239321,239337,242617,3280,16
242618,242618,242619,1,0
242618,242618,242620,2,0
242618,242618,242619,1,0
242618,242618,242619,1,0
242618,242618,242620,2,0
242618,242618,242619,1,0
242618,242618,242620,2,0
242618,242618,242620,2,0
242618,242618,242620,2,0
242618,242618,242621,3,0
242618,242618,242620,2,0
242618,242618,242620,2,0
242618,242618,242620,2,0
242618,242618,242620,2,0
242618,242618,242620,2,0
242618,242618,242621,3,0
242618,242618,242621,3,0
242618,242618,242621,3,0
242618,242618,242621,3,0
242618,242618,242621,3,0
242618,242618,242620,2,0
242618,242618,242621,3,0
242618,242618,242621,3,0
242618,242620,242621,1,2
242618,242618,242621,3,0
242618,242618,242621,3,0
242618,242620,242622,2,2
242618,242620,242621,1,2
242618,242620,242622,2,2
242618,242620,242622,2,2
242618,242620,242622,2,2
242618,242620,242622,2,2
242618,242621,242623,2,3
242618,242621,242623,2,3
242618,242621,242623,2,3
242618,242621,242623,2,3
242618,242621,242623,2,3
242618,242621,242623,2,3
242618,242621,242623,2,3
242618,242622,242624,2,4
242618,242621,242624,3,3
242618,242621,242624,3,3
242618,242621,242624,3,3
242618,242621,242624,3,3
242618,242622,242624,2,4
242618,242622,242624,2,4
242618,242622,242624,2,4
242618,242622,242624,2,4
242618,242622,242624,2,4
242618,242621,242623,2,3
242618,242621,242624,3,3
242618,242621,242624,3,3
242618,242622,242624,2,4
242618,242622,242625,3,4
242618,242622,242625,3,4
242618,242623,242625,2,5
242618,242623,242624,1,5
242618,242623,242624,1,5
242618,242623,242625,2,5
242618,242624,242625,1,6
242618,242623,242625,2,5
242618,242622,242625,3,4
242618,242622,242625,3,4
242618,242624,242626,2,6
242618,242624,242626,2,6
242618,242624,242626,2,6
242618,242624,242625,1,6
242618,242624,242626,2,6
242618,242624,242626,2,6
242618,242625,242626,1,7
242618,242623,242626,3,5
242618,242623,242626,3,5
242618,242624,242626,2,6
242618,242624,242626,2,6
242618,242625,242626,1,7
242618,242624,242626,2,6
242618,242625,242627,2,7
242618,242624,242627,3,6
242618,242624,242627,3,6
242618,242625,242626,1,7
242618,242625,242626,1,7
242618,242626,242627,1,8
242618,242626,242628,2,8
242618,242625,242627,2,7
242618,242625,242627,2,7
242618,242626,242627,1,8
242618,242626,242627,1,8
242618,242626,242628,2,8
242618,242626,242628,2,8
242618,242626,242627,1,8
242618,242626,242628,2,8
242618,242626,242628,2,8
242618,242627,242628,1,9
242618,242627,242628,1,9
242618,242626,242628,2,8
242618,242626,242628,2,8
242618,242627,242629,2,9
242618,242627,242629,2,9
242618,242626,242629,3,8
242618,242627,242630,3,9
242618,242627,242630,3,9
242618,242627,242630,3,9
242618,242627,242630,3,9
242618,242628,242632,4,10
242618,242628,242632,4,10
242618,242626,242632,6,8
242618,242628,242633,5,10
242618,242627,242632,5,9
242618,242627,242632,5,9
242618,242630,242634,4,12
242618,242628,242634,6,10
242618,242628,242634,6,10
242618,242628,242634,6,10
242618,242628,242634,6,10
242618,242629,242634,5,11
242618,242628,242634,6,10
242618,242628,242634,6,10
242618,242629,242634,5,11
242618,242629,242634,5,11
242618,242628,242634,6,10
242618,242628,242634,6,10
242618,242631,242635,4,13
242618,242631,242635,4,13
242618,242629,242635,6,11
242618,242629,242635,6,11
242618,242630,242635,5,12
242618,242630,242635,5,12
242618,242632,242635,3,14
242618,242633,242636,3,15
242618,242634,242636,2,16
242618,242633,242635,2,15
242618,242633,242635,2,15
242618,242633,242635,2,15
242618,242634,242636,2,16
242618,242634,242636,2,16
242618,242634,242636,2,16
242618,242634,242636,2,16
242618,242634,242636,2,16
242618,242634,242636,2,16
242618,242634,242636,2,16
242618,242629,242636,7,11
242618,242635,242637,2,17
242618,242636,242638,2,18
242618,242636,242638,2,18
242618,242636,242638,2,18
242618,242635,242637,2,17
242618,242636,242638,2,18
242618,242635,242638,3,17
242618,242635,242638,3,17
242618,242633,242638,5,15
242618,242636,242638,2,18
242618,242636,242638,2,18
242618,242636,242638,2,18
242618,242635,242638,3,17
242618,242635,242638,3,17
242618,242636,242638,2,18
242618,242637,242638,1,19
242618,242637,242638,1,19
242618,242637,242638,1,19
242618,242637,242638,1,19
242618,242637,242638,1,19
242618,242636,242638,2,18
242618,242636,242638,2,18
242618,242636,242638,2,18
242618,242638,242642,4,20
242618,242639,242642,3,21
242618,242637,242642,5,19
242618,242639,242642,3,21
242618,242639,242642,3,21
242618,242639,242643,4,21
242618,242639,242643,4,21
242618,242638,242642,4,20
242618,242638,242643,5,20
242618,242638,242643,5,20
242618,242637,242643,6,19
242618,242638,242643,5,20
242618,242638,242643,5,20
242618,242638,242643,5,20
242618,242640,242643,3,22
242618,242639,242643,4,21
242618,242639,242643,4,21
242618,242638,242643,5,20
242618,242639,242644,5,21
242618,242638,242644,6,20
242618,242638,242645,7,20
242618,242642,242645,3,24
242618,242639,242645,6,21
242618,242638,242645,7,20
242618,242643,242646,3,25
242618,242643,242645,2,25
242618,242639,242645,6,21
242618,242643,242645,2,25
242618,242638,242645,7,20
242618,242643,242646,3,25
242618,242643,242646,3,25
242618,242643,242646,3,25
242618,242643,242646,3,25
242618,242643,242646,3,25
242618,242643,242647,4,25
239394,239408,242827,3419,14
242829,242829,242830,1,0
242829,242829,242830,1,0
242829,242829,242830,1,0
242829,242829,242830,1,0
242829,242829,242830,1,0
242829,242829,242830,1,0
242829,242829,242830,1,0
242829,242829,242830,1,0
242829,242829,242830,1,0
242829,242829,242830,1,0
242829,242829,242830,1,0
242829,242829,242830,1,0
242829,242829,242830,1,0
242829,242829,242830,1,0
242829,242829,242830,1,0
242829,242829,242830,1,0
242829,242829,242831,2,0
242829,242829,242832,3,0
242829,242829,242831,2,0
242829,242829,242831,2,0
242829,242829,242831,2,0
242829,242829,242831,2,0
242829,242829,242831,2,0
242829,242829,242831,2,0
242829,242829,242832,3,0
242829,242830,242831,1,1
242829,242831,242832,1,2
242829,242831,242832,1,2
242829,242831,242832,1,2
242829,242831,242832,1,2
242829,242831,242832,1,2
242829,242831,242832,1,2
242829,242831,242832,1,2
242829,242831,242832,1,2
242829,242831,242832,1,2
242829,242831,242832,1,2
242829,242831,242832,1,2
242829,242831,242833,2,2
242829,242831,242833,2,2
242829,242832,242834,2,3
242829,242832,242834,2,3
242829,242832,242833,1,3
242829,242832,242834,2,3
242829,242832,242834,2,3
242829,242832,242833,1,3
242829,242831,242833,2,2
242829,242831,242833,2,2
242829,242833,242834,1,4
242829,242832,242834,2,3
242829,242832,242834,2,3
242829,242832,242834,2,3
242829,242832,242834,2,3
242829,242833,242834,1,4
242829,242833,242834,1,4
242829,242833,242834,1,4
242829,242833,242834,1,4
242829,242833,242834,1,4
242829,242833,242835,2,4
242829,242833,242834,1,4
242829,242833,242834,1,4
242829,242833,242834,1,4
242829,242833,242834,1,4
242829,242834,242835,1,5
242829,242833,242835,2,4
242829,242833,242835,2,4
242829,242834,242836,2,5
242829,242834,242836,2,5
242829,242834,242835,1,5
242829,242834,242836,2,5
242829,242835,242836,1,6
242829,242835,242836,1,6
242829,242835,242836,1,6
242829,242835,242836,1,6
242829,242835,242836,1,6
242829,242835,242836,1,6
242829,242835,242836,1,6
242829,242834,242836,2,5
242829,242834,242836,2,5
242829,242835,242836,1,6
242829,242834,242836,2,5
242829,242835,242836,1,6
242829,242835,242837,2,6
242829,242835,242836,1,6
242829,242836,242837,1,7
242829,242835,242836,1,6
242829,242836,242837,1,7
242829,242836,242837,1,7
242829,242835,242836,1,6
242829,242836,242837,1,7
242829,242836,242837,1,7
242829,242835,242836,1,6
242829,242836,242837,1,7
242829,242836,242837,1,7
242829,242835,242837,2,6
242829,242835,242837,2,6
242829,242836,242837,1,7
242829,242836,242837,1,7
242829,242837,242838,1,8
242829,242835,242837,2,6
242829,242836,242837,1,7
242829,242836,242837,1,7
242829,242835,242838,3,6
242829,242837,242838,1,8
242829,242837,242838,1,8
242829,242837,242838,1,8
242829,242837,242838,1,8
242829,242837,242838,1,8
242829,242836,242837,1,7
242829,242836,242837,1,7
242829,242837,242838,1,8
242829,242837,242838,1,8
242829,242837,242838,1,8
242829,242837,242838,1,8
242829,242838,242839,1,9
242829,242837,242838,1,8
242829,242837,242838,1,8
242829,242837,242838,1,8
242829,242837,242839,2,8
242829,242838,242839,1,9
242829,242837,242839,2,8
242829,242838,242839,1,9
242829,242837,242839,2,8
242829,242837,242839,2,8
242829,242838,242839,1,9
242829,242838,242839,1,9
242829,242838,242839,1,9
242829,242838,242839,1,9
242829,242838,242840,2,9
242829,242838,242839,1,9
242829,242838,242840,2,9
242829,242838,242839,1,9
242829,242838,242839,1,9
242829,242839,242840,1,10
242829,242839,242840,1,10
242829,242839,242840,1,10
242829,242838,242840,2,9
242829,242838,242840,2,9
242829,242840,242841,1,11
242829,242839,242840,1,10
242829,242839,242840,1,10
242829,242839,242840,1,10
242829,242839,242841,2,10
242829,242839,242841,2,10
242829,242839,242840,1,10
242829,242839,242840,1,10
242829,242840,242841,1,11
242829,242839,242840,1,10
242829,242839,242841,2,10
242829,242840,242841,1,11
242829,242840,242841,1,11
242829,242839,242841,2,10
242829,242839,242841,2,10
242829,242840,242842,2,11
242829,242840,242842,2,11
242829,242841,242842,1,12
242829,242840,242842,2,11
242829,242840,242842,2,11
242829,242840,242842,2,11
242829,242841,242842,1,12
242829,242840,242842,2,11
242829,242840,242841,1,11
242829,242840,242842,2,11
242829,242841,242842,1,12
242829,242841,242842,1,12
242829,242840,242842,2,11
242829,242840,242842,2,11
242829,242841,242842,1,12
242829,242841,242842,1,12
242829,242842,242843,1,13
242829,242841,242843,2,12
242829,242841,242843,2,12
242829,242841,242843,2,12
242829,242841,242843,2,12
242829,242841,242843,2,12
242829,242841,242843,2,12
242829,242841,242843,2,12
242829,242842,242843,1,13
242829,242842,242843,1,13
242829,242842,242843,1,13
242829,242842,242843,1,13
242829,242842,242843,1,13
242829,242842,242844,2,13
242829,242842,242844,2,13
242829,242843,242844,1,14
242829,242843,242844,1,14
242829,242842,242844,2,13
242829,242843,242844,1,14
242829,242843,242844,1,14
242829,242843,242844,1,14
242829,242843,242844,1,14
242829,242842,242844,2,13
242829,242843,242845,2,14
242829,242843,242845,2,14
242829,242843,242845,2,14
242829,242844,242845,1,15
242829,242844,242845,1,15
242829,242844,242845,1,15
237806,237822,242963,5141,16
242964,242964,242967,3,0
242964,242964,242967,3,0
242964,242964,242967,3,0
242964,242964,242967,3,0
242964,242964,242967,3,0
242964,242964,242967,3,0
242964,242964,242967,3,0
242964,242964,242967,3,0
242964,242964,242967,3,0
242964,242964,242968,4,0
242964,242964,242968,4,0
242964,242964,242968,4,0
242964,242964,242968,4,0
242964,242964,242968,4,0
242964,242964,242968,4,0
242964,242964,242968,4,0
242964,242964,242969,5,0
242964,242964,242969,5,0
242964,242964,242969,5,0
242964,242964,242969,5,0
242964,242967,242969,2,3
242964,242968,242969,1,4
242964,242964,242969,5,0
242964,242964,242969,5,0
242964,242964,242969,5,0
242964,242964,242969,5,0
242964,242964,242969,5,0
242964,242968,242970,2,4
242964,242967,242970,3,3
242964,242968,242970,2,4
242964,242967,242970,3,3
242964,242968,242970,2,4
242964,242969,242970,1,5
242964,242967,242970,3,3
242964,242969,242970,1,5
242964,242968,242971,3,4
242964,242970,242971,1,6
242964,242967,242971,4,3
242964,242970,242971,1,6
242964,242969,242971,2,5
242964,242971,242972,1,7
242964,242970,242971,1,6
242964,242969,242971,2,5
242964,242969,242971,2,5
242964,242970,242972,2,6
242964,242968,242972,4,4
242964,242970,242972,2,6
242964,242970,242972,2,6
242964,242969,242972,3,5
242964,242971,242972,1,7
242964,242970,242972,2,6
242964,242971,242972,1,7
242964,242971,242972,1,7
242964,242971,242972,1,7
242964,242970,242972,2,6
242964,242970,242972,2,6
242964,242970,242972,2,6
242964,242970,242972,2,6
242964,242971,242972,1,7
242964,242971,242972,1,7
242964,242972,242973,1,8
242964,242972,242973,1,8
242964,242972,242973,1,8
242964,242972,242973,1,8
242964,242972,242973,1,8
242964,242972,242974,2,8
242964,242972,242973,1,8
242964,242973,242974,1,9
242964,242972,242973,1,8
242964,242973,242974,1,9
242964,242973,242974,1,9
242964,242972,242974,2,8
242964,242972,242974,2,8
242964,242973,242974,1,9
242964,242973,242974,1,9
242964,242973,242974,1,9
242964,242973,242974,1,9
242964,242973,242975,2,9
242964,242973,242974,1,9
242964,242973,242975,2,9
242964,242973,242975,2,9
242964,242973,242975,2,9
242964,242973,242975,2,9
242964,242973,242974,1,9
242964,242974,242975,1,10
242964,242973,242975,2,9
242964,242974,242975,1,10
242964,242974,242976,2,10
242964,242974,242976,2,10
242964,242974,242976,2,10
242964,242975,242977,2,11
242964,242975,242976,1,11
242964,242975,242977,2,11
242964,242975,242976,1,11
242964,242975,242977,2,11
242964,242975,242976,1,11
242964,242974,242976,2,10
242964,242974,242976,2,10
242964,242976,242977,1,12
242964,242975,242977,2,11
242964,242976,242977,1,12
242964,242975,242977,2,11
242964,242975,242977,2,11
242964,242975,242977,2,11
242964,242976,242977,1,12
242964,242977,242978,1,13
242964,242977,242978,1,13
242964,242977,242978,1,13
237946,237966,242977,5011,20
242964,242975,242977,2,11
242964,242976,242977,1,12
242964,242975,242978,3,11
242964,242975,242977,2,11
242964,242977,242978,1,13
242964,242975,242977,2,11
242964,242975,242977,2,11
242964,242975,242978,3,11
242964,242975,242977,2,11
242964,242976,242977,1,12
242964,242977,242978,1,13
242964,242977,242978,1,13
242964,242977,242978,1,13
242964,242977,242978,1,13
242964,242977,242978,1,13
242964,242978,242979,1,14
242964,242978,242979,1,14
242964,242978,242979,1,14
242964,242978,242979,1,14
242964,242976,242978,2,12
242964,242977,242978,1,13
242964,242977,242978,1,13
242964,242978,242979,1,14
242964,242978,242979,1,14
242964,242978,242979,1,14
242964,242978,242979,1,14
242964,242979,242980,1,15
242964,242978,242979,1,14
242964,242979,242980,1,15
242964,242979,242980,1,15
242964,242979,242980,1,15
242964,242978,242980,2,14
242964,242978,242979,1,14
242964,242978,242980,2,14
242964,242978,242980,2,14
242964,242978,242979,1,14
242964,242978,242980,2,14
242964,242978,242980,2,14
242964,242978,242980,2,14
242964,242978,242980,2,14
242964,242979,242980,1,15
242964,242979,242980,1,15
242964,242980,242981,1,16
242964,242979,242980,1,15
242964,242979,242980,1,15
242964,242980,242981,1,16
242964,242980,242981,1,16
242964,242980,242981,1,16
242964,242979,242981,2,15
242964,242979,242980,1,15
242964,242979,242980,1,15
242964,242979,242980,1,15
242964,242978,242980,2,14
242964,242978,242980,2,14
242964,242980,242981,1,16
242964,242980,242981,1,16
242964,242980,242981,1,16
242964,242980,242982,2,16
242964,242981,242982,1,17
242964,242980,242981,1,16
242964,242981,242982,1,17
242964,242981,242982,1,17
242964,242980,242982,2,16
242964,242980,242982,2,16
242964,242981,242982,1,17
242964,242981,242982,1,17
242964,242980,242982,2,16
242964,242980,242981,1,16
242964,242980,242982,2,16
242964,242980,242982,2,16
242964,242980,242982,2,16
242964,242980,242981,1,16
242964,242981,242982,1,17
242964,242981,242982,1,17
242964,242982,242983,1,18
242964,242981,242982,1,17
242964,242981,242982,1,17
242964,242981,242982,1,17
242964,242982,242983,1,18
242964,242982,242983,1,18
242964,242981,242983,2,17
242964,242981,242982,1,17
242979,242982,242983,1,3
242979,242982,242983,1,3
242964,242981,242983,2,17
242964,242981,242983,2,17
242979,242983,242984,1,4
242964,242982,242983,1,18
242964,242982,242983,1,18
242979,242983,242984,1,4
242964,242982,242983,1,18
242979,242983,242984,1,4
242979,242983,242984,1,4
242979,242983,242984,1,4
242979,242983,242984,1,4
242979,242983,242984,1,4
242979,242982,242984,2,3
242979,242983,242984,1,4
242979,242982,242984,2,3
242979,242982,242983,1,3
242979,242982,242984,2,3
242979,242982,242984,2,3
242979,242982,242984,2,3
242979,242983,242984,1,4
242979,242983,242985,2,4
242979,242983,242984,1,4
242979,242983,242985,2,4
242979,242983,242985,2,4
242979,242984,242985,1,5
242979,242984,242985,1,5
242979,242984,242985,1,5
242979,242984,242985,1,5
242979,242984,242987,3,5
242979,242984,242987,3,5
242979,242984,242986,2,5
242979,242984,242986,2,5
242979,242984,242987,3,5
242979,242984,242987,3,5
242979,242983,242987,4,4
242979,242984,242987,3,5
242979,242985,242987,2,6
242979,242986,242988,2,7
242979,242986,242988,2,7
242979,242986,242988,2,7
242979,242984,242988,4,5
242979,242984,242988,4,5
242979,242985,242988,3,6
242979,242985,242988,3,6
242979,242984,242988,4,5
242979,242984,242988,4,5
242979,242984,242988,4,5
242979,242985,242988,3,6
242979,242985,242988,3,6
242979,242986,242988,2,7
242979,242986,242988,2,7
242979,242985,242988,3,6
242979,242987,242989,2,8
242979,242987,242989,2,8
242979,242987,242988,1,8
242979,242987,242989,2,8
242979,242987,242989,2,8
242979,242987,242989,2,8
242979,242987,242989,2,8
242979,242988,242989,1,9
242979,242988,242989,1,9
242979,242988,242989,1,9
242979,242988,242989,1,9
242979,242988,242989,1,9
242979,242989,242990,1,10
242979,242988,242990,2,9
242979,242989,242990,1,10
242979,242989,242990,1,10
242979,242989,242990,1,10
242979,242990,242991,1,11
242979,242989,242991,2,10
242979,242989,242990,1,10
242979,242989,242991,2,10
242979,242989,242990,1,10
242979,242989,242991,2,10
242979,242989,242991,2,10
242979,242990,242991,1,11
242979,242990,242991,1,11
242979,242990,242991,1,11
242979,242989,242991,2,10
242979,242989,242991,2,10
242979,242990,242991,1,11
242979,242989,242990,1,10
242979,242989,242990,1,10
242979,242990,242991,1,11
242979,242990,242991,1,11
242979,242990,242991,1,11
242979,242990,242991,1,11
242979,242991,242992,1,12
242979,242989,242991,2,10
242979,242989,242991,2,10
242979,242991,242992,1,12
242979,242991,242992,1,12
242979,242991,242992,1,12
242979,242991,242992,1,12
242979,242991,242992,1,12
242979,242992,242993,1,13
242979,242991,242992,1,12
242979,242991,242992,1,12
242979,242992,242993,1,13
242979,242991,242992,1,12
242979,242991,242992,1,12
242979,242991,242992,1,12
242979,242992,242993,1,13
242979,242991,242993,2,12
242979,242991,242993,2,12
242979,242991,242992,1,12
242979,242991,242992,1,12
242979,242992,242993,1,13
242979,242992,242993,1,13
242979,242991,242993,2,12
242979,242991,242992,1,12
242979,242992,242993,1,13
242979,242984,242993,9,5
242979,242993,242994,1,14
242979,242992,242993,1,13
242979,242993,242994,1,14
242979,242992,242993,1,13
242979,242993,242994,1,14
242979,242993,242994,1,14
242979,242992,242993,1,13
242979,242994,242995,1,15
242979,242993,242994,1,14
242979,242994,242995,1,15
242979,242993,242994,1,14
242979,242993,242994,1,14
242979,242993,242995,2,14
242979,242993,242995,2,14
242979,242993,242995,2,14
242979,242993,242995,2,14
242979,242993,242995,2,14
242979,242993,242995,2,14
242979,242993,242995,2,14
242979,242994,242995,1,15
242979,242993,242994,1,14
242979,242993,242995,2,14
242979,242994,242995,1,15
242979,242993,242995,2,14
242979,242994,242995,1,15
242979,242994,242995,1,15
242979,242994,242995,1,15
242979,242995,242997,2,16
242979,242995,242997,2,16
242979,242994,242996,2,15
242979,242995,242997,2,16
242979,242996,242997,1,17
242979,242988,242997,9,9
242979,242995,242997,2,16
242979,242995,242997,2,16
242979,242995,242998,3,16
242979,242995,242998,3,16
242979,242995,242998,3,16
242979,242995,242997,2,16
242979,242996,242998,2,17
242979,242997,242998,1,18
242979,242995,242998,3,16
242979,242995,242998,3,16
242979,242995,242998,3,16
242979,242995,242998,3,16
242979,242995,242998,3,16
242979,242997,242998,1,18
242979,242995,242997,2,16
242979,242995,242997,2,16
242979,242995,242998,3,16
242979,242995,242997,2,16
242979,242998,242999,1,19
242979,242998,242999,1,19
242979,242996,242998,2,17
242979,242998,242999,1,19
242979,242995,242998,3,16
242979,242997,242998,1,18
242979,242998,242999,1,19
242979,242999,243000,1,20
242979,242999,243000,1,20
242979,242998,242999,1,19
242979,242998,242999,1,19
242979,242998,242999,1,19
242979,242998,242999,1,19
242979,242998,242999,1,19
242979,242999,243000,1,20
242979,242998,243000,2,19
242979,242998,243000,2,19
242979,242998,243000,2,19
242979,242998,243000,2,19
242979,242998,243000,2,19
242979,242998,243000,2,19
242979,242998,243000,2,19
242979,242998,243000,2,19
242979,242998,243000,2,19
242979,242998,243000,2,19
242979,242999,243000,1,20
242979,242999,243000,1,20
242979,242994,243001,7,15
242979,242998,243004,6,19
239811,239828,243007,3179,17
243014,243014,243015,1,0
243014,243014,243015,1,0
243014,243014,243015,1,0
243014,243014,243016,2,0
243014,243014,243016,2,0
243014,243014,243016,2,0
243014,243014,243016,2,0
243014,243014,243016,2,0
243014,243014,243016,2,0
243014,243014,243015,1,0
243014,243014,243016,2,0
243014,243014,243016,2,0
243014,243014,243016,2,0
243014,243014,243016,2,0
243014,243014,243016,2,0
243014,243014,243016,2,0
243014,243014,243016,2,0
243014,243014,243017,3,0
243014,243014,243017,3,0
243014,243014,243017,3,0
243014,243016,243018,2,2
243014,243017,243018,1,3
243014,243017,243018,1,3
243014,243016,243018,2,2
243014,243017,243018,1,3
243014,243017,243018,1,3
243014,243017,243018,1,3
243014,243017,243018,1,3
243014,243017,243018,1,3
243014,243017,243018,1,3
243014,243016,243018,2,2
243014,243016,243018,2,2
243014,243017,243019,2,3
243014,243017,243019,2,3
243014,243017,243019,2,3
243014,243017,243019,2,3
243014,243017,243019,2,3
243014,243018,243019,1,4
243014,243018,243019,1,4
243014,243019,243020,1,5
243014,243018,243020,2,4
243014,243019,243020,1,5
243014,243019,243020,1,5
243014,243019,243020,1,5
243014,243019,243020,1,5
243014,243019,243020,1,5
243014,243019,243020,1,5
243014,243019,243020,1,5
243014,243019,243020,1,5
243014,243019,243020,1,5
243014,243019,243020,1,5
243014,243019,243020,1,5
243014,243020,243022,2,6
243014,243020,243021,1,6
243014,243020,243021,1,6
243014,243020,243021,1,6
243014,243020,243022,2,6
243014,243022,243023,1,8
243014,243021,243023,2,7
243014,243020,243022,2,6
243014,243020,243022,2,6
243014,243022,243023,1,8
243014,243021,243023,2,7
243014,243015,243023,8,1
243014,243021,243023,2,7
243014,243021,243022,1,7
243014,243021,243023,2,7
243014,243021,243023,2,7
243014,243022,243023,1,8
243014,243021,243023,2,7
243014,243021,243023,2,7
243014,243023,243024,1,9
243014,243023,243024,1,9
243014,243021,243023,2,7
243014,243021,243023,2,7
243014,243021,243023,2,7
243014,243021,243023,2,7
243014,243021,243023,2,7
243014,243023,243024,1,9
243014,243022,243023,1,8
243014,243023,243024,1,9
243014,243023,243024,1,9
243014,243015,243023,8,1
243014,243024,243025,1,10
243014,243024,243025,1,10
243014,243023,243024,1,9
243014,243023,243024,1,9
243014,243023,243024,1,9
243014,243015,243025,10,1
243014,243024,243025,1,10
243014,243024,243025,1,10
243014,243024,243025,1,10
243014,243024,243025,1,10
243014,243024,243025,1,10
243014,243024,243025,1,10
243014,243024,243025,1,10
243014,243025,243026,1,11
243014,243025,243026,1,11
243014,243024,243025,1,10
243014,243024,243025,1,10
243014,243024,243025,1,10
243014,243024,243025,1,10
243014,243024,243025,1,10
243014,243024,243025,1,10
243014,243024,243025,1,10
243014,243024,243025,1,10
243014,243025,243027,2,11
243014,243025,243027,2,11
243014,243025,243027,2,11
243014,243026,243028,2,12
243014,243026,243028,2,12
243014,243026,243028,2,12
243014,243026,243028,2,12
243014,243026,243028,2,12
243014,243026,243028,2,12
243014,243026,243028,2,12
243014,243026,243028,2,12
243014,243026,243029,3,12
243014,243026,243028,2,12
243014,243026,243028,2,12
243014,243026,243028,2,12
243014,243028,243029,1,14
243014,243026,243028,2,12
243014,243028,243029,1,14
243014,243026,243028,2,12
243014,243027,243029,2,13
243014,243027,243029,2,13
243014,243027,243029,2,13
243014,243026,243028,2,12
243014,243026,243028,2,12
243014,243028,243029,1,14
243014,243026,243029,3,12
243014,243029,243030,1,15
243014,243028,243029,1,14
243014,243028,243029,1,14
243014,243028,243029,1,14
243014,243028,243029,1,14
243014,243029,243030,1,15
243014,243029,243030,1,15
243014,243029,243030,1,15
243014,243029,243030,1,15
243014,243029,243030,1,15
243014,243029,243030,1,15
243014,243029,243030,1,15
243014,243030,243031,1,16
243014,243030,243031,1,16
243014,243030,243031,1,16
243014,243029,243030,1,15
243014,243029,243031,2,15
243014,243029,243031,2,15
243014,243029,243031,2,15
243014,243029,243030,1,15
243014,243029,243031,2,15
243014,243029,243031,2,15
243014,243030,243031,1,16
243014,243030,243031,1,16
243014,243030,243032,2,16
243014,243031,243033,2,17
243014,243023,243033,10,9
243014,243024,243033,9,10
243014,243026,243033,7,12
243014,243031,243034,3,17
243014,243031,243034,3,17
243014,243031,243034,3,17
243014,243031,243034,3,17
243014,243031,243033,2,17
243014,243031,243034,3,17
243014,243031,243034,3,17
243014,243031,243034,3,17
243014,243031,243033,2,17
243014,243031,243034,3,17
243014,243031,243034,3,17
243014,243031,243034,3,17
243014,243031,243034,3,17
243014,243031,243034,3,17
243014,243032,243034,2,18
243014,243032,243034,2,18
243014,243031,243034,3,17
243014,243031,243034,3,17
243014,243033,243034,1,19
243014,243034,243035,1,20
243014,243034,243035,1,20
243014,243034,243035,1,20
243014,243033,243034,1,19
243014,243034,243035,1,20
243014,243034,243035,1,20
243014,243034,243035,1,20
243014,243034,243035,1,20
243014,243034,243035,1,20
243014,243034,243035,1,20
243014,243034,243035,1,20
243014,243034,243036,2,20
243014,243034,243036,2,20
243014,243034,243036,2,20
238166,238184,243046,4862,18
243046,243046,243048,2,0
243046,243046,243048,2,0
243046,243046,243048,2,0
243046,243046,243048,2,0
243046,243046,243048,2,0
243046,243046,243048,2,0
243046,243046,243048,2,0
243046,243046,243048,2,0
243046,243046,243048,2,0
243046,243046,243048,2,0
243046,243046,243049,3,0
243046,243046,243048,2,0
243046,243046,243048,2,0
243046,243046,243049,3,0
243046,243046,243048,2,0
243046,243046,243048,2,0
243046,243046,243049,3,0
243046,243046,243049,3,0
243046,243048,243050,2,2
243046,243048,243050,2,2
243046,243048,243050,2,2
243046,243048,243050,2,2
243046,243048,243050,2,2
243046,243048,243050,2,2
243046,243048,243050,2,2
243046,243048,243050,2,2
243046,243048,243050,2,2
243046,243048,243050,2,2
243046,243049,243051,2,3
243046,243049,243051,2,3
243046,243049,243051,2,3
243046,243049,243051,2,3
243046,243049,243051,2,3
243046,243049,243051,2,3
243046,243049,243051,2,3
243046,243049,243051,2,3
243046,243050,243052,2,4
243046,243050,243052,2,4
243046,243050,243052,2,4
243046,243050,243052,2,4
243046,243050,243052,2,4
243046,243051,243052,1,5
243046,243050,243052,2,4
243046,243050,243052,2,4
243046,243051,243052,1,5
243046,243050,243052,2,4
243046,243046,243052,6,0
243046,243046,243053,7,0
243046,243051,243054,3,5
243046,243052,243054,2,6
243046,243052,243055,3,6
243046,243052,243054,2,6
243046,243053,243054,1,7
243046,243053,243054,1,7
243046,243053,243054,1,7
243046,243053,243054,1,7
243046,243053,243054,1,7
243046,243053,243054,1,7
243046,243053,243054,1,7
243046,243053,243054,1,7
243046,243053,243054,1,7
243046,243052,243054,2,6
243046,243052,243054,2,6
243046,243052,243054,2,6
243046,243052,243054,2,6
243046,243053,243054,1,7
243046,243054,243056,2,8
243046,243055,243056,1,9
243046,243055,243056,1,9
243046,243055,243056,1,9
243046,243055,243056,1,9
243046,243055,243056,1,9
243046,243055,243056,1,9
243046,243055,243056,1,9
243046,243055,243056,1,9
243046,243055,243056,1,9
243046,243055,243056,1,9
243046,243055,243056,1,9
243046,243055,243056,1,9
243046,243055,243056,1,9
243046,243055,243056,1,9
243046,243055,243056,1,9
243046,243055,243056,1,9
243046,243055,243057,2,9
243046,243057,243059,2,11
243046,243057,243059,2,11
243046,243056,243059,3,10
243046,243057,243059,2,11
243046,243057,243059,2,11
243046,243057,243059,2,11
243046,243057,243059,2,11
243046,243057,243059,2,11
243046,243057,243059,2,11
243046,243057,243059,2,11
243046,243057,243059,2,11
243046,243057,243059,2,11
243046,243057,243059,2,11
243046,243057,243059,2,11
243046,243059,243060,1,13
243046,243057,243060,3,11
243046,243057,243060,3,11
243046,243058,243060,2,12
243046,243057,243059,2,11
243046,243059,243060,1,13
243046,243060,243061,1,14
243046,243060,243061,1,14
243046,243060,243061,1,14
243046,243059,243061,2,13
243046,243060,243061,1,14
243046,243060,243061,1,14
243046,243060,243062,2,14
243046,243060,243062,2,14
243046,243060,243062,2,14
243046,243060,243061,1,14
243046,243061,243062,1,15
243046,243060,243061,1,14
243046,243060,243061,1,14
243046,243061,243062,1,15
243046,243060,243061,1,14
243046,243060,243061,1,14
243046,243060,243062,2,14
243046,243060,243062,2,14
243046,243060,243062,2,14
243046,243060,243061,1,14
243046,243053,243062,9,7
243046,243061,243062,1,15
243046,243053,243063,10,7
243046,243062,243064,2,16
243046,243062,243064,2,16
243046,243062,243064,2,16
243046,243062,243064,2,16
243046,243062,243064,2,16
243046,243062,243064,2,16
243046,243061,243064,3,15
243046,243062,243064,2,16
243046,243062,243064,2,16
243046,243062,243065,3,16
243046,243062,243065,3,16
243046,243062,243065,3,16
243046,243062,243064,2,16
243046,243063,243064,1,17
243046,243062,243065,3,16
243046,243062,243065,3,16
243046,243062,243064,2,16
243046,243062,243065,3,16
243046,243064,243065,1,18
243046,243064,243066,2,18
243046,243064,243066,2,18
243046,243064,243065,1,18
243046,243065,243066,1,19
243046,243064,243065,1,18
243046,243064,243065,1,18
243046,243065,243066,1,19
243046,243065,243067,2,19
243046,243065,243066,1,19
243046,243065,243067,2,19
243046,243065,243067,2,19
243046,243065,243067,2,19
243046,243066,243067,1,20
243046,243066,243067,1,20
243046,243065,243067,2,19
243046,243065,243067,2,19
243046,243065,243067,2,19
243046,243065,243066,1,19
243046,243065,243066,1,19
243046,243066,243068,2,20
243046,243066,243068,2,20
243046,243066,243068,2,20
243046,243066,243068,2,20
243046,243066,243068,2,20
243046,243067,243069,2,21
243046,243067,243069,2,21
243046,243067,243069,2,21
243046,243067,243070,3,21
243046,243067,243070,3,21
243046,243067,243070,3,21
243046,243068,243070,2,22
243046,243067,243070,3,21
243046,243068,243070,2,22
243046,243067,243069,2,21
243046,243068,243070,2,22
243046,243067,243070,3,21
243046,243067,243070,3,21
243046,243067,243070,3,21
243046,243067,243070,3,21
243046,243068,243070,2,22
243046,243068,243070,2,22
243046,243063,243070,7,17
243046,243064,243070,6,18
243046,243067,243070,3,21
243046,243070,243071,1,24
243046,243070,243071,1,24
243046,243070,243071,1,24
243046,243070,243072,2,24
243046,243070,243072,2,24
243046,243070,243072,2,24
243046,243070,243072,2,24
243046,243070,243072,2,24
243046,243071,243072,1,25
243046,243070,243072,2,24
243014,243081,243084,3,67
243014,243081,243085,4,67
243014,243117,243120,3,103
243014,243117,243121,4,103
243014,243117,243121,4,103
239827,239851,243391,3540,24
239853,239879,243391,3512,26
243392,243392,243393,1,0
243392,243392,243393,1,0
243392,243392,243393,1,0
243392,243392,243394,2,0
243392,243392,243393,1,0
243392,243392,243393,1,0
243392,243392,243393,1,0
243392,243392,243393,1,0
243392,243392,243393,1,0
243392,243392,243393,1,0
243392,243392,243393,1,0
243392,243392,243393,1,0
243392,243392,243393,1,0
243392,243392,243394,2,0
243392,243392,243394,2,0
243392,243392,243394,2,0
243392,243392,243394,2,0
243392,243392,243394,2,0
243392,243393,243394,1,1
243392,243393,243394,1,1
243392,243392,243395,3,0
243392,243394,243396,2,2
243392,243392,243395,3,0
243392,243392,243395,3,0
243392,243392,243395,3,0
243392,243392,243395,3,0
243392,243392,243395,3,0
243392,243394,243396,2,2
243392,243394,243396,2,2
243392,243394,243396,2,2
243392,243394,243396,2,2
243392,243394,243396,2,2
243392,243394,243397,3,2
243392,243394,243397,3,2
243392,243395,243397,2,3
243392,243394,243396,2,2
243392,243394,243396,2,2
243392,243395,243397,2,3
243392,243394,243396,2,2
243392,243394,243396,2,2
243392,243395,243396,1,3
243392,243394,243397,3,2
243392,243396,243397,1,4
243392,243397,243398,1,5
243392,243395,243397,2,3
243392,243395,243398,3,3
243392,243396,243398,2,4
243392,243397,243398,1,5
243392,243395,243397,2,3
243392,243395,243397,2,3
243392,243396,243398,2,4
243392,243396,243398,2,4
243392,243396,243398,2,4
243392,243397,243398,1,5
243392,243398,243399,1,6
243392,243397,243399,2,5
243392,243397,243399,2,5
243392,243397,243399,2,5
243392,243396,243398,2,4
243392,243396,243398,2,4
243392,243397,243398,1,5
243392,243397,243398,1,5
243392,243398,243399,1,6
243392,243397,243398,1,5
243392,243397,243398,1,5
243392,243397,243398,1,5
243392,243397,243398,1,5
243392,243397,243398,1,5
243392,243397,243398,1,5
243392,243397,243399,2,5
243392,243398,243399,1,6
243392,243398,243399,1,6
243392,243398,243399,1,6
243392,243398,243399,1,6
243392,243399,243401,2,7
243392,243399,243401,2,7
243392,243399,243400,1,7
243392,243398,243400,2,6
243392,243398,243401,3,6
243392,243399,243401,2,7
243392,243399,243401,2,7
243392,243399,243401,2,7
243392,243399,243401,2,7
243392,243399,243401,2,7
243392,243399,243401,2,7
243392,243399,243401,2,7
243392,243399,243401,2,7
243392,243400,243401,1,8
243392,243399,243401,2,7
243392,243399,243401,2,7
243392,243399,243402,3,7
243392,243399,243401,2,7
243392,243400,243402,2,8
243392,243399,243401,2,7
243392,243399,243401,2,7
243392,243399,243401,2,7
243392,243401,243402,1,9
243392,243399,243401,2,7
243392,243400,243402,2,8
243392,243400,243402,2,8
243392,243399,243401,2,7
243392,243401,243402,1,9
243392,243401,243402,1,9
243392,243401,243402,1,9
243392,243401,243402,1,9
243392,243401,243402,1,9
243392,243402,243403,1,10
243392,243401,243402,1,9
243392,243402,243403,1,10
243392,243401,243403,2,9
243392,243401,243403,2,9
243392,243401,243402,1,9
243392,243401,243402,1,9
243392,243402,243403,1,10
243392,243402,243403,1,10
243392,243401,243402,1,9
243392,243402,243403,1,10
243392,243403,243404,1,11
243392,243403,243404,1,11
243392,243402,243404,2,10
243392,243402,243404,2,10
243392,243402,243404,2,10
243392,243402,243404,2,10
243392,243402,243403,1,10
243392,243403,243404,1,11
243392,243402,243404,2,10
243392,243402,243404,2,10
243392,243402,243404,2,10
243392,243402,243403,1,10
243392,243402,243404,2,10
243392,243403,243404,1,11
243392,243402,243403,1,10
243392,243403,243404,1,11
243392,243403,243404,1,11
243392,243402,243404,2,10
243392,243402,243404,2,10
243392,243403,243404,1,11
243392,243403,243405,2,11
243392,243403,243404,1,11
243392,243402,243404,2,10
243392,243403,243405,2,11
243392,243403,243404,1,11
243392,243403,243404,1,11
243392,243404,243406,2,12
243392,243404,243407,3,12
243392,243404,243407,3,12
243392,243404,243407,3,12
243392,243404,243407,3,12
243392,243404,243407,3,12
243392,243404,243407,3,12
243392,243404,243407,3,12
243392,243404,243407,3,12
243392,243404,243407,3,12
243392,243405,243407,2,13
243392,243405,243408,3,13
243392,243405,243408,3,13
243392,243405,243407,2,13
243392,243407,243408,1,15
243392,243404,243408,4,12
243392,243404,243407,3,12
243392,243405,243408,3,13
243392,243404,243408,4,12
243392,243405,243408,3,13
243392,243404,243408,4,12
243392,243404,243407,3,12
243392,243404,243408,4,12
243392,243405,243408,3,13
243392,243407,243408,1,15
243392,243407,243408,1,15
243392,243405,243408,3,13
243392,243407,243408,1,15
243392,243405,243408,3,13
243392,243405,243409,4,13
243392,243408,243409,1,16
243392,243407,243409,2,15
243392,243407,243409,2,15
243392,243407,243409,2,15
243392,243407,243409,2,15
243392,243408,243409,1,16
243392,243408,243409,1,16
243392,243408,243409,1,16
243392,243408,243409,1,16
243392,243408,243410,2,16
243392,243408,243410,2,16
243392,243408,243410,2,16
243392,243409,243410,1,17
243392,243409,243410,1,17
243392,243409,243410,1,17
243392,243409,243410,1,17
243392,243408,243411,3,16
243392,243408,243411,3,16
243392,243408,243411,3,16
243392,243408,243411,3,16
243393,243410,243411,1,17
243392,243409,243411,2,17
243393,243409,243412,3,16
243393,243409,243412,3,16
243393,243409,243411,2,16
243393,243410,243412,2,17
243393,243409,243412,3,16
243393,243410,243412,2,17
243393,243411,243412,1,18
243393,243411,243412,1,18
243393,243411,243412,1,18
243393,243410,243412,2,17
243393,243410,243412,2,17
243393,243410,243412,2,17
243393,243410,243412,2,17
243393,243410,243412,2,17
243393,243410,243413,3,17
243393,243410,243413,3,17
243393,243411,243413,2,18
243393,243411,243413,2,18
243393,243411,243413,2,18
243393,243412,243413,1,19
243393,243412,243413,1,19
243393,243412,243414,2,19
243393,243411,243413,2,18
243393,243412,243414,2,19
243393,243412,243414,2,19
243393,243412,243413,1,19
243393,243412,243414,2,19
243393,243412,243414,2,19
243393,243413,243414,1,20
243393,243413,243414,1,20
243393,243413,243414,1,20
243393,243413,243414,1,20
243393,243413,243414,1,20
243393,243413,243414,1,20
243393,243413,243414,1,20
243393,243413,243414,1,20
243393,243413,243414,1,20
243393,243413,243414,1,20
243393,243412,243415,3,19
243393,243413,243415,2,20
243393,243414,243415,1,21
243393,243414,243415,1,21
243393,243414,243415,1,21
243393,243414,243415,1,21
243393,243414,243415,1,21
243393,243414,243417,3,21
243393,243414,243417,3,21
243393,243415,243418,3,22
243393,243414,243418,4,21
243393,243414,243418,4,21
243393,243414,243418,4,21
243393,243415,243418,3,22
243393,243415,243418,3,22
243393,243415,243418,3,22
243393,243416,243419,3,23
243393,243415,243418,3,22
243393,243415,243418,3,22
243393,243415,243418,3,22
243393,243415,243418,3,22
243393,243415,243418,3,22
243393,243415,243418,3,22
243393,243415,243418,3,22
243393,243415,243418,3,22
243393,243416,243418,2,23
243393,243414,243419,5,21
243393,243415,243419,4,22
243393,243416,243419,3,23
243393,243416,243419,3,23
243393,243419,243420,1,26
243393,243419,243420,1,26
243393,243416,243419,3,23
243393,243418,243419,1,25
243393,243419,243420,1,26
243393,243419,243420,1,26
243393,243419,243420,1,26
243393,243417,243419,2,24
243393,243418,243419,1,25
243393,243419,243420,1,26
243393,243415,243419,4,22
243393,243418,243420,2,25
243393,243418,243420,2,25
243393,243418,243420,2,25
243393,243419,243420,1,26
243393,243419,243420,1,26
243393,243419,243420,1,26
243393,243419,243420,1,26
243393,243419,243420,1,26
243393,243419,243420,1,26
243393,243419,243420,1,26
243393,243419,243422,3,26
243393,243420,243423,3,27
243393,243420,243423,3,27
243393,243420,243422,2,27
243393,243420,243423,3,27
243393,243420,243423,3,27
243393,243420,243423,3,27
243393,243420,243422,2,27
243393,243420,243422,2,27
243393,243420,243423,3,27
243393,243420,243423,3,27
243393,243420,243423,3,27
243393,243419,243422,3,26
243393,243421,243423,2,28
243393,243421,243423,2,28
243393,243421,243423,2,28
243393,243421,243424,3,28
243393,243421,243424,3,28
243393,243421,243424,3,28
243393,243421,243424,3,28
243393,243420,243423,3,27
243393,243421,243423,2,28
243393,243423,243424,1,30
243393,243421,243424,3,28
243393,243423,243424,1,30
243393,243423,243425,2,30
243393,243423,243424,1,30
243393,243423,243424,1,30
243393,243423,243424,1,30
243393,243424,243425,1,31
243393,243421,243424,3,28
243393,243423,243425,2,30
243393,243423,243424,1,30
243393,243423,243424,1,30
243393,243423,243424,1,30
243393,243423,243424,1,30
243393,243423,243425,2,30
243393,243424,243425,1,31
243393,243420,243425,5,27
243393,243423,243425,2,30
243393,243424,243425,1,31
243393,243424,243425,1,31
243393,243424,243425,1,31
243393,243424,243425,1,31
243393,243424,243426,2,31
243393,243424,243426,2,31
243393,243425,243426,1,32
243393,243425,243426,1,32
243393,243424,243426,2,31
243393,243425,243426,1,32
243393,243425,243426,1,32
243393,243425,243426,1,32
243393,243425,243426,1,32
243393,243425,243427,2,32
243393,243425,243427,2,32
243393,243425,243426,1,32
243393,243425,243427,2,32
243393,243425,243426,1,32
243393,243425,243427,2,32
243393,243425,243427,2,32
243393,243425,243427,2,32
243393,243425,243428,3,32
243393,243425,243428,3,32
243393,243426,243428,2,33
243393,243426,243428,2,33
243393,243426,243428,2,33
243393,243426,243428,2,33
243393,243426,243428,2,33
243393,243426,243428,2,33
243393,243426,243428,2,33
243393,243426,243429,3,33
243393,243426,243429,3,33
243393,243426,243429,3,33
243393,243426,243429,3,33
243393,243426,243429,3,33
243393,243426,243429,3,33
243393,243427,243429,2,34
243393,243427,243428,1,34
243393,243428,243429,1,35
243393,243428,243429,1,35
243393,243427,243429,2,34
243393,243427,243429,2,34
243393,243427,243429,2,34
243393,243427,243429,2,34
243393,243427,243429,2,34
243393,243427,243429,2,34
243393,243427,243429,2,34
243393,243427,243429,2,34
243393,243428,243430,2,35
243393,243428,243430,2,35
243393,243429,243430,1,36
243393,243429,243430,1,36
243393,243429,243430,1,36
243393,243429,243430,1,36
243393,243429,243430,1,36
243393,243429,243430,1,36
243393,243429,243431,2,36
243393,243429,243431,2,36
243393,243429,243431,2,36
243393,243429,243431,2,36
243393,243429,243431,2,36
243393,243429,243430,1,36
243393,243430,243431,1,37
243393,243430,243431,1,37
243393,243430,243431,1,37
243393,243429,243431,2,36
243393,243430,243431,1,37
243393,243430,243432,2,37
238196,238211,243665,5454,15
243666,243666,243667,1,0
243666,243666,243668,2,0
243666,243666,243668,2,0
243666,243666,243667,1,0
243666,243666,243667,1,0
243666,243666,243667,1,0
243666,243666,243667,1,0
243666,243666,243667,1,0
243666,243666,243667,1,0
243666,243666,243668,2,0
243666,243666,243667,1,0
243666,243666,243667,1,0
243666,243666,243667,1,0
243666,243666,243668,2,0
243666,243666,243668,2,0
243666,243666,243668,2,0
243666,243666,243667,1,0
243666,243666,243667,1,0
243666,243666,243669,3,0
243666,243666,243668,2,0
243666,243666,243668,2,0
243666,243666,243668,2,0
243666,243666,243668,2,0
243666,243667,243668,1,1
243666,243666,243668,2,0
243666,243668,243670,2,2
243666,243666,243669,3,0
243666,243668,243670,2,2
243666,243668,243669,1,2
243666,243668,243670,2,2
243666,243668,243669,1,2
243666,243668,243670,2,2
243666,243668,243670,2,2
243666,243668,243669,1,2
243666,243668,243670,2,2
243666,243668,243670,2,2
243666,243668,243669,1,2
243666,243668,243670,2,2
243666,243668,243670,2,2
243666,243668,243670,2,2
243666,243669,243671,2,3
243666,243669,243671,2,3
243666,243668,243670,2,2
243666,243668,243670,2,2
243666,243669,243671,2,3
243666,243669,243670,1,3
243666,243669,243671,2,3
243666,243669,243671,2,3
243666,243668,243670,2,2
243666,243669,243671,2,3
243666,243670,243672,2,4
243666,243670,243672,2,4
243666,243670,243672,2,4
243666,243670,243671,1,4
243666,243670,243671,1,4
243666,243670,243671,1,4
243666,243670,243671,1,4
243666,243670,243672,2,4
243666,243670,243671,1,4
243666,243670,243672,2,4
243666,243670,243672,2,4
243666,243670,243672,2,4
243666,243670,243672,2,4
243666,243670,243672,2,4
243666,243671,243673,2,5
243666,243671,243673,2,5
243666,243672,243673,1,6
243666,243672,243673,1,6
243666,243671,243673,2,5
243666,243671,243673,2,5
243666,243672,243673,1,6
243666,243672,243673,1,6
243666,243672,243673,1,6
243666,243672,243673,1,6
243666,243670,243672,2,4
243666,243671,243672,1,5
243666,243671,243673,2,5
243666,243671,243673,2,5
243666,243672,243673,1,6
243666,243672,243673,1,6
243666,243671,243673,2,5
243666,243672,243673,1,6
243666,243672,243673,1,6
243666,243672,243673,1,6
243666,243673,243674,1,7
243666,243672,243673,1,6
243666,243673,243674,1,7
243666,243673,243674,1,7
243666,243671,243673,2,5
243666,243672,243673,1,6
243666,243673,243674,1,7
243666,243672,243673,1,6
243666,243671,243673,2,5
243666,243673,243675,2,7
243666,243674,243675,1,8
243666,243674,243675,1,8
243666,243673,243674,1,7
243666,243673,243675,2,7
243666,243673,243674,1,7
243666,243674,243675,1,8
243666,243673,243674,1,7
243666,243673,243674,1,7
243666,243673,243674,1,7
243666,243673,243675,2,7
243666,243673,243675,2,7
243666,243673,243674,1,7
243666,243673,243675,2,7
243666,243674,243675,1,8
243666,243673,243675,2,7
243666,243673,243675,2,7
243666,243673,243675,2,7
243666,243674,243675,1,8
243666,243674,243676,2,8
243666,243674,243676,2,8
243666,243674,243676,2,8
243666,243675,243676,1,9
243666,243675,243676,1,9
243666,243674,243676,2,8
243666,243674,243675,1,8
243666,243674,243676,2,8
243666,243675,243677,2,9
243666,243676,243677,1,10
243666,243675,243677,2,9
243666,243675,243677,2,9
243666,243675,243676,1,9
243666,243675,243676,1,9
243666,243676,243677,1,10
243666,243675,243677,2,9
243666,243675,243677,2,9
243666,243675,243677,2,9
243666,243675,243677,2,9
243666,243675,243677,2,9
243666,243675,243677,2,9
243666,243675,243677,2,9
243666,243675,243677,2,9
243666,243675,243677,2,9
243666,243675,243677,2,9
243666,243675,243677,2,9
243666,243676,243677,1,10
243666,243676,243677,1,10
243666,243676,243678,2,10
243666,243676,243678,2,10
243666,243676,243677,1,10
243666,243677,243678,1,11
243666,243676,243678,2,10
243666,243677,243678,1,11
243666,243676,243678,2,10
243666,243677,243679,2,11
243666,243678,243679,1,12
243666,243678,243679,1,12
243666,243677,243679,2,11
243666,243677,243679,2,11
243666,243677,243679,2,11
243666,243677,243679,2,11
243666,243678,243679,1,12
243666,243678,243679,1,12
243666,243678,243679,1,12
243666,243678,243679,1,12
243666,243678,243679,1,12
243666,243678,243679,1,12
243666,243678,243679,1,12
243666,243678,243679,1,12
243666,243678,243679,1,12
243666,243678,243679,1,12
243666,243678,243679,1,12
243666,243678,243680,2,12
243666,243678,243680,2,12
243666,243678,243680,2,12
243666,243678,243680,2,12
243666,243679,243680,1,13
243666,243679,243680,1,13
243666,243678,243680,2,12
243666,243680,243681,1,14
243666,243680,243681,1,14
243666,243679,243680,1,13
243666,243679,243681,2,13
243666,243680,243681,1,14
243666,243680,243681,1,14
243666,243680,243681,1,14
243666,243680,243681,1,14
243666,243680,243681,1,14
243666,243680,243681,1,14
243666,243680,243681,1,14
243666,243680,243681,1,14
243666,243680,243681,1,14
243666,243680,243681,1,14
243666,243680,243681,1,14
243666,243680,243681,1,14
243666,243680,243681,1,14
243666,243680,243682,2,14
243666,243680,243682,2,14
243666,243681,243682,1,15
243666,243681,243682,1,15
243666,243680,243682,2,14
243666,243680,243682,2,14
239354,239369,244300,4931,15
244301,244301,244302,1,0
244301,244301,244302,1,0
244301,244301,244302,1,0
244301,244301,244302,1,0
244301,244301,244303,2,0
244301,244301,244303,2,0
244301,244301,244302,1,0
244301,244301,244303,2,0
244301,244301,244303,2,0
244301,244301,244303,2,0
244301,244301,244303,2,0
244301,244301,244303,2,0
244301,244301,244303,2,0
244301,244301,244303,2,0
244301,244301,244302,1,0
244301,244301,244303,2,0
244301,244301,244303,2,0
244301,244301,244302,1,0
244301,244301,244303,2,0
244301,244301,244304,3,0
244301,244301,244303,2,0
244301,244301,244303,2,0
244301,244301,244304,3,0
244301,244301,244304,3,0
244301,244302,244303,1,1
244301,244302,244303,1,1
244301,244302,244304,2,1
244301,244301,244304,3,0
244301,244302,244304,2,1
244301,244303,244305,2,2
244301,244303,244305,2,2
244301,244303,244305,2,2
244301,244303,244305,2,2
244301,244303,244305,2,2
244301,244303,244305,2,2
244301,244304,244305,1,3
244301,244303,244305,2,2
244301,244303,244305,2,2
244301,244303,244305,2,2
244301,244303,244305,2,2
244301,244303,244305,2,2
244301,244304,244306,2,3
244301,244304,244306,2,3
244301,244304,244306,2,3
244301,244304,244306,2,3
244301,244303,244306,3,2
244301,244305,244306,1,4
244301,244305,244306,1,4
244301,244305,244306,1,4
244301,244305,244306,1,4
244301,244305,244306,1,4
244301,244304,244306,2,3
244301,244304,244307,3,3
244301,244305,244307,2,4
244301,244306,244307,1,5
244301,244306,244307,1,5
244301,244306,244307,1,5
244301,244306,244307,1,5
244301,244304,244307,3,3
244301,244306,244307,1,5
244301,244306,244307,1,5
244301,244306,244307,1,5
244301,244307,244308,1,6
244301,244306,244307,1,5
244301,244307,244308,1,6
244301,244306,244307,1,5
244301,244306,244307,1,5
244301,244306,244308,2,5
244301,244306,244308,2,5
244301,244308,244309,1,7
244301,244307,244308,1,6
244301,244307,244308,1,6
244301,244307,244308,1,6
244301,244307,244308,1,6
244301,244307,244309,2,6
244301,244307,244308,1,6
244301,244308,244309,1,7
244301,244307,244308,1,6
244301,244308,244309,1,7
244301,244307,244309,2,6
244301,244307,244309,2,6
244301,244307,244309,2,6
244301,244308,244309,1,7
244301,244309,244310,1,8
244301,244308,244309,1,7
244301,244308,244309,1,7
244301,244308,244309,1,7
244301,244308,244309,1,7
244301,244309,244310,1,8
244301,244309,244310,1,8
244301,244308,244309,1,7
244301,244309,244310,1,8
244301,244309,244310,1,8
244301,244309,244310,1,8
244301,244309,244310,1,8
244301,244309,244310,1,8
244301,244309,244310,1,8
244301,244309,244311,2,8
244301,244309,244310,1,8
244301,244309,244310,1,8
244301,244309,244310,1,8
244301,244309,244310,1,8
244301,244310,244311,1,9
244301,244310,244311,1,9
244301,244310,244311,1,9
244301,244310,244311,1,9
244301,244310,244311,1,9
244301,244310,244312,2,9
244301,244310,244312,2,9
244301,244310,244311,1,9
244301,244310,244312,2,9
244301,244310,244311,1,9
244301,244310,244311,1,9
244301,244309,244312,3,8
244301,244310,244312,2,9
244301,244311,244312,1,10
244301,244311,244313,2,10
244301,244311,244312,1,10
244301,244311,244312,1,10
244301,244310,244312,2,9
244301,244311,244313,2,10
244301,244311,244312,1,10
244301,244311,244313,2,10
244301,244312,244313,1,11
244301,244311,244312,1,10
244301,244311,244312,1,10
244301,244312,244313,1,11
244301,244311,244312,1,10
244301,244311,244312,1,10
244301,244312,244313,1,11
244301,244312,244313,1,11
244301,244312,244313,1,11
244301,244312,244313,1,11
244301,244312,244313,1,11
244301,244312,244313,1,11
244301,244312,244313,1,11
244301,244312,244313,1,11
244301,244313,244314,1,12
244301,244312,244313,1,11
244301,244313,244314,1,12
244301,244313,244314,1,12
244301,244313,244314,1,12
244301,244313,244314,1,12
244301,244313,244314,1,12
244301,244313,244314,1,12
244301,244313,244314,1,12
244301,244313,244314,1,12
244301,244313,244315,2,12
244301,244313,244314,1,12
244301,244313,244314,1,12
244301,244313,244315,2,12
244301,244314,244315,1,13
244301,244314,244315,1,13
244301,244313,244315,2,12
244301,244314,244315,1,13
244301,244314,244315,1,13
244301,244313,244315,2,12
244301,244314,244316,2,13
244301,244313,244315,2,12
244301,244315,244317,2,14
244301,244316,244317,1,15
244301,244316,244317,1,15
244301,244314,244316,2,13
244301,244315,244317,2,14
244301,244314,244316,2,13
244301,244315,244317,2,14
244301,244314,244316,2,13
244301,244316,244317,1,15
244301,244314,244316,2,13
244301,244315,244317,2,14
244301,244315,244317,2,14
244301,244315,244317,2,14
244301,244314,244316,2,13
244301,244315,244317,2,14
244301,244315,244317,2,14
244301,244315,244317,2,14
244301,244316,244317,1,15
244301,244316,244317,1,15
244301,244316,244317,1,15
244301,244316,244318,2,15
244301,244317,244318,1,16
244301,244315,244317,2,14
244301,244316,244318,2,15
244301,244315,244317,2,14
244301,244316,244318,2,15
244301,244317,244318,1,16
244301,244317,244318,1,16
244301,244317,244319,2,16
244301,244317,244319,2,16
244301,244317,244318,1,16
244301,244317,244319,2,16
244301,244317,244318,1,16
244301,244317,244318,1,16
244301,244317,244319,2,16
239541,239560,244554,4994,19
244555,244555,244556,1,0
244555,244555,244556,1,0
244555,244555,244556,1,0
244555,244555,244556,1,0
244555,244555,244556,1,0
244555,244555,244557,2,0
244555,244555,244557,2,0
244555,244555,244556,1,0
244555,244555,244556,1,0
244555,244555,244557,2,0
244555,244555,244557,2,0
244555,244555,244556,1,0
244555,244555,244556,1,0
244555,244555,244557,2,0
244555,244555,244557,2,0
244555,244555,244557,2,0
244555,244555,244557,2,0
244555,244555,244557,2,0
244555,244555,244558,3,0
244555,244555,244558,3,0
244555,244557,244558,1,2
244555,244555,244557,2,0
244555,244555,244558,3,0
244555,244556,244557,1,1
244555,244555,244557,2,0
244555,244555,244558,3,0
244555,244555,244557,2,0
244555,244557,244559,2,2
244555,244557,244559,2,2
244555,244557,244559,2,2
244555,244557,244559,2,2
244555,244557,244559,2,2
244555,244557,244559,2,2
244555,244557,244559,2,2
244555,244557,244559,2,2
244555,244557,244559,2,2
244555,244557,244559,2,2
244555,244557,244559,2,2
244555,244558,244560,2,3
244555,244558,244559,1,3
244555,244557,244559,2,2
244555,244557,244560,3,2
244555,244558,244560,2,3
244555,244557,244559,2,2
244555,244557,244559,2,2
244555,244557,244559,2,2
244555,244559,244561,2,4
244555,244559,244560,1,4
244555,244558,244561,3,3
244555,244558,244560,2,3
244555,244559,244561,2,4
244555,244559,244560,1,4
244555,244558,244560,2,3
244555,244559,244561,2,4
244555,244560,244561,1,5
244555,244558,244561,3,3
244555,244558,244561,3,3
244555,244559,244561,2,4
244555,244559,244561,2,4
244555,244558,244561,3,3
244555,244559,244561,2,4
244555,244560,244562,2,5
244555,244560,244562,2,5
244555,244560,244562,2,5
244555,244560,244562,2,5
244555,244561,244562,1,6
244555,244560,244561,1,5
244555,244561,244562,1,6
244555,244561,244562,1,6
244555,244560,244562,2,5
244555,244560,244562,2,5
244555,244560,244562,2,5
244555,244561,244563,2,6
244555,244561,244563,2,6
244555,244561,244563,2,6
244555,244561,244562,1,6
244555,244561,244563,2,6
244555,244561,244563,2,6
244555,244561,244562,1,6
244555,244562,244563,1,7
244555,244560,244562,2,5
244555,244561,244563,2,6
244555,244561,244563,2,6
244555,244562,244563,1,7
244555,244560,244563,3,5
244555,244561,244563,2,6
244555,244561,244563,2,6
244555,244563,244564,1,8
244555,244561,244563,2,6
244555,244563,244564,1,8
244555,244563,244564,1,8
244555,244562,244563,1,7
244555,244562,244564,2,7
244555,244562,244564,2,7
244555,244562,244563,1,7
244555,244562,244564,2,7
244555,244562,244563,1,7
244555,244562,244564,2,7
244555,244562,244564,2,7
244555,244562,244564,2,7
244555,244563,244564,1,8
244555,244564,244565,1,9
244555,244563,244565,2,8
244555,244563,244564,1,8
244555,244563,244564,1,8
244555,244564,244565,1,9
244555,244563,244565,2,8
244555,244563,244565,2,8
244555,244563,244564,1,8
244555,244564,244566,2,9
244555,244564,244565,1,9
244555,244564,244566,2,9
244555,244564,244566,2,9
244555,244564,244566,2,9
244555,244564,244565,1,9
244555,244565,244566,1,10
244555,244564,244566,2,9
244555,244565,244566,1,10
244555,244563,244565,2,8
244555,244563,244565,2,8
244555,244565,244566,1,10
244555,244565,244566,1,10
244555,244564,244566,2,9
244555,244565,244566,1,10
244555,244565,244566,1,10
244555,244565,244566,1,10
244555,244566,244567,1,11
244555,244565,244566,1,10
244555,244565,244566,1,10
244555,244565,244567,2,10
244555,244564,244567,3,9
244555,244565,244567,2,10
244555,244565,244567,2,10
244555,244565,244567,2,10
244555,244566,244567,1,11
244555,244566,244568,2,11
244555,244566,244568,2,11
244555,244566,244568,2,11
244555,244567,244568,1,12
244555,244567,244568,1,12
244555,244568,244569,1,13
244555,244567,244568,1,12
244555,244567,244568,1,12
244555,244567,244568,1,12
244555,244567,244568,1,12
244555,244567,244568,1,12
244555,244567,244568,1,12
244555,244567,244568,1,12
244555,244567,244568,1,12
244555,244567,244569,2,12
244555,244567,244569,2,12
244555,244567,244569,2,12
244555,244567,244569,2,12
244555,244568,244569,1,13
244555,244568,244569,1,13
244555,244568,244569,1,13
244555,244569,244570,1,14
244555,244567,244569,2,12
244555,244568,244569,1,13
244555,244568,244570,2,13
244555,244569,244570,1,14
244555,244569,244570,1,14
244555,244569,244570,1,14
244555,244569,244570,1,14
244555,244569,244570,1,14
244555,244569,244570,1,14
244555,244569,244570,1,14
244555,244569,244570,1,14
244555,244569,244570,1,14
244555,244569,244570,1,14
244555,244569,244570,1,14
244555,244569,244570,1,14
244555,244570,244571,1,15
244555,244570,244571,1,15
244555,244570,244572,2,15
244555,244569,244571,2,14
244555,244569,244571,2,14
244555,244570,244573,3,15
244555,244570,244572,2,15
244555,244570,244573,3,15
244555,244570,244572,2,15
244555,244571,244573,2,16
244555,244571,244573,2,16
244555,244571,244573,2,16
244555,244571,244573,2,16
244555,244570,244573,3,15
244555,244571,244574,3,16
244555,244571,244573,2,16
244555,244571,244573,2,16
244555,244570,244573,3,15
244555,244570,244574,4,15
244555,244571,244574,3,16
244555,244571,244573,2,16
244555,244570,244574,4,15
244555,244571,244573,2,16
241065,241080,244735,3655,15
244736,244736,244737,1,0
244736,244736,244737,1,0
244736,244736,244738,2,0
244736,244736,244737,1,0
244736,244736,244738,2,0
244736,244736,244737,1,0
244736,244736,244737,1,0
244736,244736,244737,1,0
244736,244736,244737,1,0
244736,244736,244737,1,0
244736,244736,244737,1,0
244736,244736,244738,2,0
244736,244736,244738,2,0
244736,244736,244738,2,0
244736,244736,244738,2,0
244736,244736,244738,2,0
244736,244736,244738,2,0
244736,244736,244738,2,0
244736,244736,244738,2,0
244736,244736,244738,2,0
244736,244736,244738,2,0
244736,244736,244739,3,0
244736,244736,244739,3,0
244736,244736,244738,2,0
244736,244736,244738,2,0
244736,244737,244738,1,1
244736,244738,244739,1,2
244736,244738,244739,1,2
244736,244738,244740,2,2
244736,244738,244739,1,2
244736,244738,244740,2,2
244736,244738,244739,1,2
244736,244738,244740,2,2
244736,244738,244740,2,2
244736,244738,244741,3,2
244736,244738,244741,3,2
244736,244739,244743,4,3
244736,244739,244743,4,3
244736,244739,244743,4,3
244736,244738,244743,5,2
244736,244738,244743,5,2
244736,244738,244743,5,2
244736,244739,244743,4,3
244736,244739,244743,4,3
244736,244740,244743,3,4
244736,244740,244744,4,4
244736,244739,244743,4,3
244736,244739,244743,4,3
244736,244740,244744,4,4
244736,244740,244744,4,4
244736,244740,244744,4,4
244736,244739,244743,4,3
244736,244739,244744,5,3
244736,244739,244744,5,3
244736,244740,244744,4,4
244736,244740,244744,4,4
244736,244743,244745,2,7
244736,244739,244744,5,3
244736,244739,244744,5,3
244736,244743,244745,2,7
244736,244743,244745,2,7
244736,244743,244745,2,7
244736,244742,244745,3,6
244736,244741,244745,4,5
244736,244742,244745,3,6
244736,244744,244746,2,8
244736,244744,244746,2,8
244736,244743,244745,2,7
244736,244743,244745,2,7
244736,244743,244745,2,7
244736,244744,244745,1,8
244736,244744,244746,2,8
244736,244744,244746,2,8
244736,244744,244746,2,8
244736,244744,244746,2,8
244736,244744,244746,2,8
244736,244745,244746,1,9
244736,244744,244746,2,8
244736,244744,244746,2,8
244736,244745,244746,1,9
244736,244744,244747,3,8
244736,244745,244747,2,9
244736,244746,244747,1,10
244736,244746,244747,1,10
244736,244746,244747,1,10
244736,244746,244747,1,10
244736,244744,244746,2,8
244736,244745,244747,2,9
244736,244745,244747,2,9
244736,244745,244747,2,9
244736,244746,244747,1,10
244736,244746,244747,1,10
244736,244746,244748,2,10
244736,244744,244747,3,8
244736,244746,244748,2,10
244736,244746,244748,2,10
244736,244746,244748,2,10
244736,244746,244747,1,10
244736,244746,244749,3,10
244736,244747,244750,3,11
244736,244746,244750,4,10
244736,244747,244750,3,11
244736,244747,244750,3,11
244736,244747,244751,4,11
244736,244747,244750,3,11
244736,244747,244750,3,11
244736,244747,244751,4,11
244736,244747,244751,4,11
244736,244746,244750,4,10
244736,244746,244750,4,10
244736,244747,244751,4,11
244736,244747,244750,3,11
244736,244747,244752,5,11
244736,244747,244752,5,11
244736,244747,244752,5,11
244736,244747,244752,5,11
244736,244748,244752,4,12
244736,244748,244752,4,12
244736,244748,244752,4,12
244736,244750,244753,3,14
244736,244748,244753,5,12
244736,244750,244753,3,14
244736,244748,244753,5,12
244736,244748,244753,5,12
244736,244748,244753,5,12
244736,244750,244753,3,14
244736,244751,244754,3,15
244736,244750,244753,3,14
244736,244751,244754,3,15
244736,244751,244754,3,15
244736,244753,244754,1,17
244736,244751,244754,3,15
244736,244751,244754,3,15
244736,244750,244754,4,14
244736,244751,244754,3,15
244736,244751,244753,2,15
244736,244753,244754,1,17
244736,244752,244754,2,16
244736,244752,244754,2,16
244736,244751,244754,3,15
244736,244753,244754,1,17
244736,244754,244755,1,18
244736,244753,244755,2,17
244736,244753,244755,2,17
244736,244752,244754,2,16
244736,244754,244755,1,18
244736,244751,244754,3,15
244736,244752,244755,3,16
244736,244754,244755,1,18
244736,244754,244755,1,18
244736,244754,244756,2,18
244736,244754,244756,2,18
244736,244754,244755,1,18
244736,244755,244756,1,19
244736,244753,244755,2,17
244736,244754,244756,2,18
244736,244754,244756,2,18
244736,244754,244755,1,18
244736,244754,244756,2,18
244736,244754,244756,2,18
244736,244754,244756,2,18
244736,244753,244756,3,17
244736,244755,244756,1,19
244736,244755,244756,1,19
244736,244755,244756,1,19
244736,244755,244756,1,19
244736,244755,244756,1,19
244736,244754,244757,3,18
244736,244756,244757,1,20
244736,244755,244758,3,19
244736,244755,244758,3,19
244736,244755,244759,4,19
244736,244756,244759,3,20
244736,244756,244759,3,20
244736,244756,244759,3,20
244736,244757,244760,3,21
244736,244757,244760,3,21
244736,244757,244760,3,21
244736,244757,244760,3,21
244736,244756,244760,4,20
244736,244757,244760,3,21
244736,244757,244761,4,21
244736,244757,244761,4,21
244736,244757,244760,3,21
244736,244757,244760,3,21
244736,244756,244760,4,20
244736,244757,244761,4,21
244736,244757,244761,4,21
244736,244757,244762,5,21
244736,244758,244762,4,22
244736,244757,244762,5,21
244736,244758,244762,4,22
244736,244757,244762,5,21
244736,244757,244762,5,21
244736,244757,244762,5,21
244736,244759,244763,4,23
244736,244759,244763,4,23
244736,244760,244763,3,24
244736,244760,244764,4,24
244736,244759,244764,5,23
240048,240066,244782,4716,18
244785,244785,244787,2,0
244785,244785,244786,1,0
244785,244785,244787,2,0
244785,244785,244787,2,0
244785,244785,244787,2,0
244785,244785,244787,2,0
244785,244785,244787,2,0
244785,244785,244787,2,0
244785,244785,244787,2,0
244785,244785,244787,2,0
244785,244785,244787,2,0
244785,244785,244787,2,0
244785,244785,244788,3,0
244785,244785,244787,2,0
244785,244785,244788,3,0
244785,244785,244787,2,0
244785,244785,244787,2,0
244785,244785,244788,3,0
244785,244785,244787,2,0
244785,244785,244787,2,0
244785,244785,244788,3,0
244785,244787,244788,1,2
244785,244785,244788,3,0
244785,244785,244788,3,0
244785,244785,244788,3,0
244785,244787,244788,1,2
244785,244787,244788,1,2
244785,244788,244789,1,3
244785,244788,244789,1,3
244785,244788,244790,2,3
244785,244788,244789,1,3
244785,244788,244789,1,3
244785,244788,244789,1,3
244785,244788,244789,1,3
244785,244788,244790,2,3
244785,244788,244790,2,3
244785,244788,244790,2,3
244785,244788,244789,1,3
244785,244788,244789,1,3
244785,244788,244790,2,3
244785,244788,244790,2,3
244785,244788,244790,2,3
244785,244788,244790,2,3
244785,244789,244791,2,4
244785,244789,244790,1,4
244785,244788,244790,2,3
244785,244789,244791,2,4
244785,244789,244791,2,4
244785,244789,244791,2,4
244785,244789,244791,2,4
244785,244785,244791,6,0
244785,244789,244791,2,4
244785,244790,244792,2,5
244785,244790,244792,2,5
244785,244790,244792,2,5
244785,244790,244791,1,5
244785,244790,244792,2,5
244785,244790,244792,2,5
244785,244790,244792,2,5
244785,244790,244792,2,5
244785,244790,244792,2,5
244785,244790,244792,2,5
244785,244790,244792,2,5
244785,244790,244792,2,5
244785,244790,244792,2,5
244785,244792,244793,1,7
244785,244792,244793,1,7
244785,244792,244793,1,7
244785,244791,244793,2,6
244785,244792,244793,1,7
244785,244790,244792,2,5
244785,244792,244793,1,7
244785,244792,244793,1,7
244785,244791,244792,1,6
244785,244792,244793,1,7
244785,244792,244793,1,7
244785,244791,244793,2,6
244785,244792,244793,1,7
244785,244792,244793,1,7
244785,244792,244793,1,7
244785,244792,244793,1,7
244785,244793,244794,1,8
244785,244793,244794,1,8
244785,244791,244793,2,6
244785,244791,244793,2,6
244785,244791,244793,2,6
244785,244791,244793,2,6
244785,244791,244793,2,6
244785,244791,244794,3,6
244785,244793,244794,1,8
244785,244793,244794,1,8
244785,244793,244794,1,8
244785,244793,244794,1,8
244785,244793,244794,1,8
244785,244792,244793,1,7
244785,244793,244794,1,8
244785,244793,244794,1,8
244785,244793,244794,1,8
244785,244793,244794,1,8
244785,244793,244794,1,8
244785,244794,244795,1,9
244785,244793,244794,1,8
244785,244793,244794,1,8
244785,244794,244795,1,9
244785,244794,244795,1,9
244785,244794,244796,2,9
244785,244794,244796,2,9
244785,244794,244796,2,9
244785,244794,244796,2,9
244785,244794,244796,2,9
244785,244794,244795,1,9
244785,244794,244795,1,9
244785,244794,244795,1,9
244785,244794,244795,1,9
244785,244794,244796,2,9
244785,244794,244796,2,9
244785,244794,244795,1,9
244785,244794,244795,1,9
244785,244794,244795,1,9
244785,244794,244796,2,9
244785,244795,244797,2,10
244785,244795,244796,1,10
244785,244795,244796,1,10
244785,244794,244797,3,9
244785,244794,244796,2,9
244785,244795,244796,1,10
244785,244795,244797,2,10
244785,244796,244797,1,11
244785,244796,244797,1,11
244785,244796,244798,2,11
244785,244796,244797,1,11
244785,244796,244797,1,11
244785,244796,244797,1,11
244785,244797,244798,1,12
244785,244797,244798,1,12
244785,244796,244798,2,11
244785,244796,244798,2,11
244785,244796,244798,2,11
244785,244796,244798,2,11
244785,244796,244797,1,11
244785,244796,244797,1,11
244785,244796,244797,1,11
244785,244796,244797,1,11
244785,244796,244798,2,11
244785,244792,244798,6,7
244785,244797,244798,1,12
244785,244798,244799,1,13
244785,244798,244799,1,13
244785,244796,244798,2,11
244785,244797,244799,2,12
244785,244796,244798,2,11
244785,244797,244799,2,12
244785,244797,244799,2,12
244785,244797,244798,1,12
244785,244798,244799,1,13
244785,244798,244799,1,13
244785,244798,244800,2,13
244785,244799,244800,1,14
244785,244798,244800,2,13
244785,244798,244799,1,13
244785,244798,244800,2,13
244785,244798,244800,2,13
244785,244798,244800,2,13
244785,244798,244799,1,13
244785,244798,244800,2,13
244785,244798,244800,2,13
244785,244798,244800,2,13
244785,244798,244799,1,13
244785,244798,244800,2,13
244785,244798,244800,2,13
244785,244799,244801,2,14
244785,244799,244800,1,14
244785,244799,244801,2,14
244785,244800,244802,2,15
244785,244800,244802,2,15
244785,244800,244802,2,15
244785,244799,244802,3,14
244785,244799,244802,3,14
244785,244799,244801,2,14
244785,244799,244802,3,14
244785,244801,244802,1,16
244785,244801,244802,1,16
244785,244801,244802,1,16
244785,244801,244802,1,16
244785,244801,244802,1,16
244785,244799,244802,3,14
244785,244800,244803,3,15
244785,244800,244803,3,15
244785,244800,244802,2,15
244785,244801,244803,2,16
244785,244802,244803,1,17
244785,244800,244803,3,15
244785,244800,244802,2,15
244785,244802,244803,1,17
244785,244800,244803,3,15
244785,244801,244803,2,16
244785,244801,244803,2,16
244785,244802,244803,1,17
244785,244799,244804,5,14
244785,244801,244803,2,16
241765,241796,245157,3361,31
245158,245158,245159,1,0
245158,245158,245159,1,0
245158,245158,245159,1,0
245158,245158,245160,2,0
245158,245158,245159,1,0
245158,245158,245159,1,0
245158,245158,245159,1,0
245158,245158,245160,2,0
245158,245158,245160,2,0
245158,245158,245159,1,0
245158,245158,245159,1,0
245158,245158,245159,1,0
245158,245158,245160,2,0
245158,245158,245160,2,0
245158,245158,245160,2,0
245158,245158,245160,2,0
245158,245158,245160,2,0
245158,245158,245160,2,0
245158,245158,245160,2,0
245158,245158,245160,2,0
245158,245159,245160,1,1
245158,245158,245160,2,0
245158,245158,245160,2,0
245158,245158,245160,2,0
245158,245159,245160,1,1
245158,245158,245160,2,0
245158,245160,245161,1,2
245158,245160,245161,1,2
245158,245160,245161,1,2
245158,245160,245161,1,2
245158,245160,245161,1,2
245158,245160,245161,1,2
245158,245160,245161,1,2
245158,245160,245161,1,2
245158,245160,245161,1,2
245158,245160,245161,1,2
245158,245161,245163,2,3
245158,245160,245162,2,2
245158,245161,245163,2,3
245158,245161,245163,2,3
245158,245161,245162,1,3
245158,245161,245163,2,3
245158,245162,245163,1,4
245158,245162,245163,1,4
245158,245160,245162,2,2
245158,245160,245162,2,2
245158,245161,245163,2,3
245158,245161,245162,1,3
245158,245162,245163,1,4
245158,245161,245162,1,3
245158,245161,245163,2,3
245158,245161,245163,2,3
245158,245162,245163,1,4
245158,245162,245163,1,4
245158,245161,245163,2,3
245158,245161,245164,3,3
245158,245162,245164,2,4
245158,245162,245164,2,4
245158,245162,245164,2,4
245158,245163,245164,1,5
245158,245162,245164,2,4
245158,245162,245164,2,4
245158,245164,245165,1,6
245158,245163,245165,2,5
245158,245163,245165,2,5
245158,245163,245165,2,5
245158,245163,245165,2,5
245158,245163,245165,2,5
245158,245163,245165,2,5
245158,245163,245165,2,5
245158,245163,245165,2,5
245158,245163,245165,2,5
245158,245163,245165,2,5
245158,245163,245165,2,5
245158,245163,245164,1,5
245158,245164,245165,1,6
245158,245163,245164,1,5
245158,245164,245165,1,6
245158,245164,245165,1,6
245158,245163,245165,2,5
245158,245164,245165,1,6
245158,245165,245166,1,7
245158,245164,245166,2,6
245158,245164,245166,2,6
245158,245165,245166,1,7
245158,245164,245165,1,6
245158,245163,245166,3,5
245158,245164,245165,1,6
245158,245164,245165,1,6
245158,245165,245166,1,7
245158,245165,245166,1,7
245158,245166,245167,1,8
245158,245166,245167,1,8
245158,245165,245167,2,7
245158,245165,245166,1,7
245158,245166,245167,1,8
245158,245165,245166,1,7
245158,245165,245167,2,7
245158,245165,245167,2,7
245158,245165,245167,2,7
245158,245165,245166,1,7
245158,245165,245167,2,7
245158,245165,245167,2,7
245158,245165,245167,2,7
245158,245165,245166,1,7
245158,245165,245166,1,7
245158,245165,245167,2,7
245158,245165,245167,2,7
245158,245167,245168,1,9
245158,245166,245168,2,8
245158,245166,245168,2,8
245158,245167,245168,1,9
245158,245166,245168,2,8
245158,245166,245167,1,8
245158,245166,245168,2,8
245158,245166,245168,2,8
245158,245167,245169,2,9
245158,245167,245168,1,9
245158,245168,245169,1,10
245158,245167,245169,2,9
245158,245167,245168,1,9
245158,245168,245169,1,10
245158,245167,245169,2,9
245158,245167,245169,2,9
245158,245167,245169,2,9
245158,245167,245169,2,9
245158,245167,245169,2,9
245158,245167,245169,2,9
245158,245167,245168,1,9
245158,245167,245169,2,9
245158,245167,245169,2,9
245158,245167,245169,2,9
245158,245167,245169,2,9
245158,245167,245169,2,9
245158,245168,245170,2,10
245158,245168,245170,2,10
245158,245169,245170,1,11
245158,245169,245170,1,11
245158,245169,245170,1,11
245158,245168,245170,2,10
245158,245167,245170,3,9
245158,245168,245170,2,10
245158,245168,245170,2,10
245158,245168,245170,2,10
245158,245169,245170,1,11
245158,245169,245170,1,11
245158,245169,245170,1,11
245158,245169,245171,2,11
245158,245170,245171,1,12
245158,245170,245171,1,12
245158,245169,245170,1,11
245158,245169,245170,1,11
245158,245169,245171,2,11
245158,245170,245171,1,12
245158,245169,245171,2,11
245158,245169,245171,2,11
245158,245169,245171,2,11
245158,245169,245171,2,11
245158,245169,245171,2,11
245158,245169,245171,2,11
245158,245169,245171,2,11
245158,245170,245172,2,12
245158,245170,245172,2,12
245158,245170,245172,2,12
245158,245170,245172,2,12
245158,245170,245172,2,12
245158,245171,245172,1,13
245158,245171,245172,1,13
245158,245171,245172,1,13
245158,245171,245173,2,13
245158,245171,245172,1,13
245158,245171,245173,2,13
245158,245171,245173,2,13
245158,245171,245173,2,13
245158,245172,245173,1,14
245158,245171,245173,2,13
245158,245172,245173,1,14
245158,245172,245173,1,14
245158,245171,245173,2,13
245158,245172,245173,1,14
245158,245172,245173,1,14
245158,245172,245173,1,14
245158,245172,245173,1,14
245158,245172,245173,1,14
245158,245172,245174,2,14
245158,245173,245174,1,15
245158,245173,245174,1,15
245158,245172,245174,2,14
245158,245172,245174,2,14
245158,245171,245174,3,13
245158,245173,245174,1,15
245158,245172,245174,2,14
245158,245173,245174,1,15
245158,245173,245174,1,15
245158,245173,245174,1,15
245158,245173,245175,2,15
245158,245173,245175,2,15
245158,245173,245175,2,15
240368,240383,245333,4950,15
245335,245335,245337,2,0
245335,245335,245337,2,0
245335,245335,245336,1,0
245335,245335,245337,2,0
245335,245335,245337,2,0
245335,245335,245337,2,0
245335,245335,245337,2,0
245335,245335,245337,2,0
245335,245335,245337,2,0
245335,245335,245337,2,0
245335,245335,245337,2,0
245335,245335,245337,2,0
245335,245335,245338,3,0
245335,245335,245338,3,0
245335,245335,245337,2,0
245335,245335,245338,3,0
245335,245335,245338,3,0
245335,245335,245338,3,0
245335,245335,245338,3,0
245335,245335,245338,3,0
245335,245335,245338,3,0
245335,245335,245338,3,0
245335,245335,245338,3,0
245335,245335,245338,3,0
245335,245337,245338,1,2
245335,245337,245339,2,2
245335,245337,245339,2,2
245335,245337,245339,2,2
245335,245337,245339,2,2
245335,245337,245339,2,2
245335,245337,245339,2,2
245335,245335,245338,3,0
245335,245337,245339,2,2
245335,245337,245339,2,2
245335,245338,245340,2,3
245335,245338,245340,2,3
245335,245339,245340,1,4
245335,245338,245340,2,3
245335,245338,245340,2,3
245335,245338,245340,2,3
245335,245337,245339,2,2
245335,245338,245340,2,3
245335,245338,245340,2,3
245335,245338,245340,2,3
245335,245338,245340,2,3
245335,245337,245339,2,2
245335,245338,245340,2,3
245335,245339,245340,1,4
245335,245338,245340,2,3
245335,245339,245340,1,4
245335,245340,245341,1,5
245335,245339,245341,2,4
245335,245339,245341,2,4
245335,245339,245341,2,4
245335,245339,245340,1,4
245335,245338,245340,2,3
245335,245338,245340,2,3
245335,245339,245341,2,4
245335,245339,245341,2,4
245335,245341,245342,1,6
245335,245340,245342,2,5
245335,245340,245342,2,5
245335,245341,245342,1,6
245335,245341,245342,1,6
245335,245340,245342,2,5
245335,245340,245342,2,5
245335,245340,245342,2,5
245335,245340,245342,2,5
245335,245341,245342,1,6
245335,245341,245342,1,6
245335,245341,245342,1,6
245335,245340,245342,2,5
245335,245340,245342,2,5
245335,245339,245342,3,4
245335,245340,245342,2,5
245335,245341,245342,1,6
245335,245340,245342,2,5
245335,245340,245343,3,5
241742,241757,245343,3586,15
245335,245342,245343,1,7
245335,245341,245343,2,6
245335,245342,245343,1,7
245335,245342,245343,1,7
245335,245342,245343,1,7
245335,245341,245343,2,6
245335,245340,245343,3,5
245335,245342,245343,1,7
245335,245343,245344,1,8
245335,245343,245344,1,8
245335,245342,245343,1,7
245335,245342,245344,2,7
245335,245343,245344,1,8
245335,245343,245344,1,8
245335,245343,245344,1,8
245335,245343,245344,1,8
245335,245343,245344,1,8
245335,245343,245344,1,8
245335,245343,245344,1,8
245335,245343,245345,2,8
245335,245343,245344,1,8
245335,245343,245344,1,8
245335,245344,245345,1,9
245335,245343,245344,1,8
245335,245343,245345,2,8
245335,245344,245345,1,9
245335,245344,245345,1,9
245335,245344,245345,1,9
245335,245344,245345,1,9
245335,245345,245346,1,10
245335,245344,245345,1,9
245335,245344,245345,1,9
245335,245344,245345,1,9
245335,245344,245345,1,9
245335,245345,245346,1,10
245335,245345,245346,1,10
245335,245345,245346,1,10
245335,245346,245347,1,11
245335,245346,245347,1,11
245335,245345,245346,1,10
245335,245345,245346,1,10
245335,245345,245346,1,10
245335,245345,245346,1,10
245335,245345,245347,2,10
245335,245345,245346,1,10
245335,245345,245346,1,10
245335,245345,245346,1,10
245335,245345,245346,1,10
245335,245346,245347,1,11
245335,245346,245347,1,11
245335,245346,245347,1,11
245335,245346,245347,1,11
245335,245346,245347,1,11
245335,245346,245347,1,11
245335,245347,245348,1,12
245335,245345,245347,2,10
245335,245346,245347,1,11
245335,245346,245347,1,11
245335,245346,245347,1,11
245335,245346,245347,1,11
245335,245346,245348,2,11
245335,245347,245348,1,12
245335,245347,245349,2,12
245335,245347,245348,1,12
245335,245347,245348,1,12
245335,245347,245348,1,12
245335,245347,245348,1,12
245335,245347,245348,1,12
245335,245347,245349,2,12
245335,245347,245349,2,12
245335,245347,245348,1,12
245335,245347,245348,1,12
245335,245348,245349,1,13
245335,245347,245348,1,12
245335,245348,245349,1,13
245335,245348,245349,1,13
245335,245348,245349,1,13
245335,245348,245349,1,13
245335,245348,245349,1,13
245335,245348,245349,1,13
245335,245348,245349,1,13
245335,245348,245350,2,13
245335,245348,245350,2,13
245335,245348,245349,1,13
245335,245348,245349,1,13
245335,245348,245350,2,13
245335,245349,245350,1,14
245335,245349,245350,1,14
245335,245349,245350,1,14
245335,245350,245351,1,15
245335,245348,245350,2,13
245335,245350,245351,1,15
245335,245349,245350,1,14
245335,245349,245350,1,14
245335,245350,245351,1,15
245335,245349,245350,1,14
245335,245349,245351,2,14
245335,245349,245351,2,14
245335,245349,245351,2,14
245335,245349,245350,1,14
245335,245350,245351,1,15
245335,245349,245350,1,14
245335,245349,245351,2,14
245335,245350,245351,1,15
245335,245350,245351,1,15
245335,245350,245351,1,15
245335,245350,245351,1,15
245335,245349,245353,4,14
245335,245350,245353,3,15
245345,245351,245353,2,6
245335,245350,245353,3,15
245335,245350,245353,3,15
245335,245350,245353,3,15
245345,245351,245353,2,6
245345,245351,245353,2,6
245345,245351,245353,2,6
245345,245352,245354,2,7
245345,245352,245354,2,7
245345,245351,245353,2,6
245345,245352,245354,2,7
245345,245351,245354,3,6
245345,245351,245354,3,6
245345,245351,245354,3,6
245345,245351,245354,3,6
245345,245351,245354,3,6
245345,245351,245354,3,6
245345,245351,245354,3,6
245345,245351,245353,2,6
245345,245351,245353,2,6
245345,245352,245354,2,7
245345,245352,245354,2,7
245345,245353,245354,1,8
245345,245353,245355,2,8
245345,245353,245354,1,8
245345,245354,245355,1,9
245345,245353,245355,2,8
245345,245353,245355,2,8
245345,245354,245355,1,9
245345,245354,245355,1,9
245345,245354,245355,1,9
245345,245354,245355,1,9
245345,245354,245355,1,9
245345,245354,245356,2,9
245345,245354,245356,2,9
245345,245354,245356,2,9
245345,245354,245356,2,9
245345,245354,245356,2,9
245345,245354,245356,2,9
245345,245354,245355,1,9
245345,245354,245356,2,9
245345,245354,245356,2,9
245345,245355,245357,2,10
245345,245355,245356,1,10
245345,245354,245357,3,9
245345,245355,245358,3,10
245345,245354,245358,4,9
245345,245355,245358,3,10
245345,245355,245358,3,10
245345,245356,245359,3,11
245345,245356,245358,2,11
245345,245356,245359,3,11
245345,245356,245359,3,11
245345,245356,245359,3,11
245345,245356,245359,3,11
245345,245355,245358,3,10
245345,245356,245359,3,11
245345,245355,245359,4,10
245345,245356,245359,3,11
245345,245351,245359,8,6
245345,245356,245359,3,11
245345,245356,245359,3,11
245345,245356,245359,3,11
245345,245356,245359,3,11
245345,245359,245360,1,14
245345,245359,245360,1,14
245345,245357,245359,2,12
245345,245357,245359,2,12
245345,245356,245360,4,11
245345,245358,245360,2,13
245345,245357,245360,3,12
245345,245356,245360,4,11
245345,245359,245360,1,14
245345,245359,245360,1,14
245345,245359,245361,2,14
245345,245359,245361,2,14
245345,245359,245360,1,14
245345,245360,245361,1,15
245345,245360,245361,1,15
245345,245360,245361,1,15
245345,245360,245361,1,15
245345,245360,245361,1,15
245345,245359,245361,2,14
245345,245359,245361,2,14
245345,245360,245361,1,15
245345,245359,245361,2,14
245345,245359,245361,2,14
245345,245358,245361,3,13
245345,245360,245361,1,15
245345,245359,245362,3,14
245345,245361,245362,1,16
245345,245361,245362,1,16
245345,245359,245363,4,14
245345,245360,245363,3,15
245345,245359,245364,5,14
245345,245361,245364,3,16
245345,245361,245364,3,16
245345,245361,245364,3,16
245345,245361,245364,3,16
245345,245361,245364,3,16
245345,245360,245364,4,15
245345,245353,245364,11,8
245345,245362,245365,3,17
245345,245361,245365,4,16
245345,245361,245364,3,16
245345,245361,245365,4,16
245345,245361,245365,4,16
245345,245361,245365,4,16
245345,245361,245365,4,16
245345,245362,245365,3,17
245345,245362,245365,3,17
245345,245362,245365,3,17
245345,245362,245365,3,17
245345,245362,245366,4,17
245345,245363,245365,2,18
245345,245363,245365,2,18
245345,245365,245366,1,20
245345,245364,245366,2,19
245345,245364,245365,1,19
245345,245364,245366,2,19
245345,245364,245365,1,19
245345,245365,245366,1,20
245345,245364,245366,2,19
245345,245365,245366,1,20
245345,245365,245366,1,20
245345,245364,245366,2,19
245345,245364,245366,2,19
245345,245365,245366,1,20
245345,245366,245367,1,21
245345,245366,245367,1,21
245345,245365,245366,1,20
245345,245365,245367,2,20
245345,245366,245367,1,21
245345,245366,245367,1,21
245345,245366,245367,1,21
245345,245366,245367,1,21
245345,245366,245367,1,21
245345,245366,245367,1,21
245345,245366,245367,1,21
245345,245366,245367,1,21
245345,245366,245367,1,21
245345,245366,245367,1,21
245345,245366,245367,1,21
245345,245367,245368,1,22
245345,245366,245368,2,21
245345,245366,245368,2,21
245345,245367,245368,1,22
245345,245367,245368,1,22
245345,245367,245368,1,22
245345,245360,245368,8,15
245345,245367,245368,1,22
245345,245367,245368,1,22
245345,245367,245368,1,22
245345,245366,245368,2,21
245345,245367,245368,1,22
245345,245367,245368,1,22
245345,245367,245368,1,22
245345,245367,245369,2,22
245345,245368,245370,2,23
245345,245368,245370,2,23
245345,245369,245370,1,24
245345,245369,245370,1,24
245345,245368,245370,2,23
245345,245368,245370,2,23
245345,245369,245370,1,24
245345,245368,245370,2,23
245345,245368,245370,2,23
245345,245368,245370,2,23
245345,245369,245371,2,24
245345,245368,245370,2,23
245345,245368,245370,2,23
245345,245368,245370,2,23
245345,245369,245371,2,24
245345,245368,245371,3,23
245345,245368,245370,2,23
245345,245369,245371,2,24
245345,245369,245371,2,24
245345,245369,245371,2,24
245345,245369,245371,2,24
245345,245371,245372,1,26
245345,245369,245372,3,24
245345,245369,245372,3,24
245345,245370,245372,2,25
245345,245371,245372,1,26
245345,245371,245372,1,26
245345,245365,245372,7,20
245345,245371,245372,1,26
245345,245371,245372,1,26
245345,245371,245372,1,26
245345,245371,245372,1,26
245345,245371,245372,1,26
245345,245371,245372,1,26
245345,245371,245372,1,26
245345,245371,245372,1,26
245345,245371,245373,2,26
245345,245372,245373,1,27
245345,245371,245373,2,26
245345,245371,245374,3,26
245345,245369,245376,7,24
241711,241725,245517,3792,14
245518,245518,245519,1,0
245518,245518,245520,2,0
245518,245518,245519,1,0
245518,245518,245519,1,0
245518,245518,245520,2,0
245518,245518,245519,1,0
245518,245518,245519,1,0
245518,245518,245520,2,0
245518,245518,245519,1,0
245518,245518,245520,2,0
245518,245518,245520,2,0
245518,245518,245521,3,0
245518,245518,245521,3,0
245518,245518,245521,3,0
245518,245518,245521,3,0
245518,245518,245520,2,0
245518,245518,245520,2,0
245518,245518,245521,3,0
245518,245518,245520,2,0
245518,245518,245520,2,0
245518,245518,245520,2,0
245518,245518,245521,3,0
245518,245518,245521,3,0
245518,245520,245521,1,2
245518,245520,245521,1,2
245518,245520,245522,2,2
245518,245520,245521,1,2
245518,245520,245522,2,2
245518,245520,245521,1,2
245518,245520,245521,1,2
245518,245520,245521,1,2
245518,245520,245522,2,2
245518,245520,245522,2,2
245518,245518,245522,4,0
245518,245518,245522,4,0
245518,245522,245523,1,4
245518,245522,245523,1,4
245518,245522,245523,1,4
245518,245522,245523,1,4
245518,245522,245524,2,4
245518,245522,245524,2,4
245518,245521,245523,2,3
245518,245521,245523,2,3
245518,245521,245523,2,3
245518,245521,245523,2,3
245518,245521,245523,2,3
245518,245522,245524,2,4
245518,245522,245524,2,4
245518,245521,245523,2,3
245518,245521,245523,2,3
245518,245521,245523,2,3
245518,245521,245523,2,3
245518,245521,245523,2,3
245518,245521,245523,2,3
245518,245521,245524,3,3
245518,245521,245524,3,3
245518,245522,245525,3,4
245518,245522,245524,2,4
245518,245524,245526,2,6
245518,245522,245526,4,4
245518,245524,245527,3,6
245518,245524,245527,3,6
245518,245524,245527,3,6
245518,245526,245527,1,8
245518,245524,245527,3,6
245518,245524,245527,3,6
245518,245524,245527,3,6
245518,245524,245527,3,6
245518,245524,245527,3,6
245518,245525,245527,2,7
245518,245527,245528,1,9
245518,245527,245528,1,9
245518,245527,245528,1,9
245518,245527,245528,1,9
245518,245524,245528,4,6
245518,245524,245528,4,6
245518,245524,245528,4,6
245518,245527,245528,1,9
245518,245527,245528,1,9
245518,245524,245528,4,6
245518,245524,245528,4,6
245518,245525,245528,3,7
245518,245524,245528,4,6
245518,245524,245528,4,6
245518,245524,245528,4,6
245518,245524,245528,4,6
245518,245524,245528,4,6
245518,245524,245527,3,6
245518,245525,245528,3,7
245518,245527,245528,1,9
245518,245527,245528,1,9
245518,245527,245528,1,9
245518,245524,245528,4,6
245518,245527,245529,2,9
245518,245528,245529,1,10
245518,245528,245529,1,10
245518,245528,245529,1,10
245518,245528,245529,1,10
245518,245528,245529,1,10
245518,245527,245529,2,9
245518,245528,245530,2,10
245518,245528,245530,2,10
245518,245528,245530,2,10
245518,245528,245529,1,10
245518,245528,245530,2,10
245518,245528,245530,2,10
245518,245528,245530,2,10
245518,245528,245530,2,10
245518,245528,245530,2,10
245518,245528,245530,2,10
245518,245529,245531,2,11
245518,245528,245530,2,10
245518,245528,245530,2,10
245518,245528,245530,2,10
245518,245528,245531,3,10
245518,245528,245531,3,10
245518,245528,245531,3,10
245518,245528,245531,3,10
245518,245529,245531,2,11
245518,245529,245532,3,11
245518,245529,245532,3,11
245518,245529,245532,3,11
245518,245529,245532,3,11
245518,245529,245532,3,11
245518,245529,245532,3,11
245518,245530,245533,3,12
245518,245530,245533,3,12
245518,245530,245533,3,12
245518,245530,245533,3,12
245518,245531,245533,2,13
245518,245531,245533,2,13
245518,245531,245533,2,13
245518,245532,245534,2,14
245518,245531,245534,3,13
245518,245532,245534,2,14
245518,245532,245534,2,14
245518,245532,245534,2,14
245518,245531,245534,3,13
245518,245531,245534,3,13
245518,245530,245534,4,12
245518,245534,245535,1,16
245518,245530,245534,4,12
245518,245530,245534,4,12
245518,245532,245534,2,14
245518,245532,245534,2,14
245518,245532,245534,2,14
245518,245532,245534,2,14
245518,245534,245535,1,16
245518,245533,245535,2,15
245518,245534,245535,1,16
245518,245533,245535,2,15
245518,245534,245535,1,16
245518,245531,245535,4,13
245518,245534,245535,1,16
245518,245534,245535,1,16
245518,245534,245535,1,16
245518,245533,245536,3,15
245518,245534,245536,2,16
245518,245534,245536,2,16
245518,245534,245536,2,16
245518,245535,245536,1,17
245518,245535,245536,1,17
245518,245535,245536,1,17
245518,245535,245537,2,17
245518,245535,245536,1,17
245518,245535,245537,2,17
245518,245535,245536,1,17
245518,245535,245537,2,17
245518,245535,245537,2,17
245518,245535,245537,2,17
245518,245535,245537,2,17
245518,245533,245537,4,15
245518,245535,245536,1,17
245518,245536,245537,1,18
245518,245536,245537,1,18
245518,245536,245537,1,18
245518,245536,245537,1,18
245518,245536,245537,1,18
245518,245536,245537,1,18
245518,245536,245537,1,18
245518,245536,245537,1,18
245518,245536,245537,1,18
245518,245537,245538,1,19
245518,245537,245538,1,19
245518,245537,245538,1,19
245518,245537,245538,1,19
245518,245537,245538,1,19
245518,245537,245538,1,19
245518,245537,245538,1,19
245518,245537,245539,2,19
245518,245537,245539,2,19
245518,245537,245539,2,19
245518,245537,245538,1,19
245518,245536,245539,3,18
245518,245537,245539,2,19
245518,245537,245539,2,19
245518,245537,245539,2,19
245518,245537,245539,2,19
245518,245537,245540,3,19
245518,245538,245541,3,20
240651,240664,245834,5170,13
245835,245835,245836,1,0
245835,245835,245836,1,0
245835,245835,245836,1,0
245835,245835,245836,1,0
245835,245835,245836,1,0
245835,245835,245836,1,0
245835,245835,245836,1,0
245835,245835,245836,1,0
245835,245835,245836,1,0
245835,245835,245838,3,0
245835,245836,245837,1,1
245835,245835,245838,3,0
245835,245835,245837,2,0
245835,245835,245837,2,0
245835,245835,245837,2,0
245835,245835,245838,3,0
245835,245835,245838,3,0
245835,245835,245837,2,0
245835,245835,245838,3,0
245835,245836,245837,1,1
245835,245835,245837,2,0
245835,245835,245837,2,0
245835,245835,245837,2,0
245835,245835,245837,2,0
245835,245835,245837,2,0
245835,245835,245837,2,0
245835,245835,245838,3,0
245835,245836,245838,2,1
245835,245837,245838,1,2
245835,245837,245839,2,2
245835,245837,245838,1,2
245835,245837,245839,2,2
245835,245837,245839,2,2
245835,245837,245839,2,2
245835,245838,245839,1,3
245835,245838,245840,2,3
245835,245838,245839,1,3
245835,245838,245840,2,3
245835,245838,245840,2,3
245835,245838,245840,2,3
245835,245838,245840,2,3
245835,245838,245840,2,3
245835,245838,245840,2,3
245835,245838,245840,2,3
245835,245838,245840,2,3
245835,245838,245840,2,3
245835,245838,245840,2,3
245835,245838,245840,2,3
245835,245838,245840,2,3
245835,245840,245841,1,5
245835,245838,245840,2,3
245835,245839,245840,1,4
245835,245839,245840,1,4
245835,245839,245840,1,4
245835,245839,245840,1,4
245835,245838,245841,3,3
245835,245838,245841,3,3
245835,245838,245841,3,3
245835,245839,245840,1,4
245835,245839,245841,2,4
245835,245841,245842,1,6
245835,245840,245842,2,5
245835,245840,245841,1,5
245835,245841,245842,1,6
245835,245841,245842,1,6
245835,245840,245842,2,5
245835,245840,245842,2,5
245835,245840,245842,2,5
245835,245840,245842,2,5
245835,245840,245842,2,5
245835,245840,245842,2,5
245835,245840,245842,2,5
245835,245840,245842,2,5
245835,245840,245842,2,5
245835,245840,245841,1,5
245835,245841,245842,1,6
245835,245841,245842,1,6
245835,245841,245843,2,6
245835,245842,245843,1,7
245835,245841,245843,2,6
245835,245842,245843,1,7
245835,245841,245842,1,6
245835,245842,245843,1,7
245835,245841,245842,1,6
245835,245842,245843,1,7
245835,245841,245843,2,6
245835,245841,245843,2,6
245835,245841,245843,2,6
245835,245840,245842,2,5
245835,245842,245843,1,7
245835,245842,245843,1,7
245835,245843,245844,1,8
245835,245842,245844,2,7
245835,245843,245844,1,8
245835,245843,245844,1,8
245835,245843,245844,1,8
245835,245842,245844,2,7
245835,245842,245844,2,7
245835,245842,245844,2,7
245835,245842,245843,1,7
245835,245842,245844,2,7
245835,245842,245844,2,7
245835,245842,245844,2,7
245835,245842,245844,2,7
245835,245842,245844,2,7
245835,245842,245844,2,7
245835,245843,245845,2,8
245835,245844,245845,1,9
245835,245843,245845,2,8
245835,245844,245845,1,9
245835,245843,245844,1,8
245835,245843,245845,2,8
245835,245844,245845,1,9
245835,245844,245845,1,9
245835,245843,245845,2,8
245835,245843,245845,2,8
245835,245843,245845,2,8
245835,245843,245845,2,8
245835,245843,245845,2,8
245835,245845,245846,1,10
245835,245845,245846,1,10
245835,245844,245846,2,9
245835,245845,245846,1,10
245835,245845,245846,1,10
245835,245845,245846,1,10
245835,245844,245846,2,9
245835,245844,245846,2,9
245835,245845,245846,1,10
245835,245845,245846,1,10
245835,245844,245846,2,9
245835,245844,245846,2,9
245835,245844,245846,2,9
245835,245845,245846,1,10
245835,245845,245846,1,10
245835,245845,245846,1,10
245835,245845,245846,1,10
245835,245845,245847,2,10
245835,245846,245847,1,11
245835,245845,245847,2,10
245835,245846,245847,1,11
245835,245846,245847,1,11
245835,245846,245847,1,11
245835,245846,245847,1,11
245835,245844,245847,3,9
245835,245846,245847,1,11
245835,245846,245847,1,11
245835,245846,245847,1,11
245835,245846,245847,1,11
245835,245847,245848,1,12
245835,245847,245848,1,12
245835,245847,245848,1,12
245835,245847,245848,1,12
245835,245848,245849,1,13
245835,245847,245848,1,12
245835,245846,245848,2,11
245835,245846,245848,2,11
245835,245847,245848,1,12
245835,245847,245848,1,12
245835,245846,245848,2,11
245835,245847,245848,1,12
245835,245847,245848,1,12
245835,245847,245848,1,12
245835,245847,245848,1,12
245835,245848,245849,1,13
245835,245848,245849,1,13
245835,245847,245849,2,12
245835,245848,245849,1,13
245835,245847,245849,2,12
245835,245847,245849,2,12
245835,245848,245849,1,13
245835,245848,245849,1,13
245835,245848,245849,1,13
245835,245848,245849,1,13
245835,245848,245849,1,13
245835,245849,245850,1,14
245835,245848,245849,1,13
245835,245849,245850,1,14
245835,245849,245850,1,14
245835,245849,245850,1,14
245835,245849,245850,1,14
245835,245849,245850,1,14
245835,245849,245850,1,14
245835,245849,245850,1,14
245835,245849,245850,1,14
245835,245849,245850,1,14
245835,245849,245850,1,14
245835,245849,245850,1,14
245835,245849,245850,1,14
245835,245849,245851,2,14
245835,245849,245851,2,14
245835,245849,245851,2,14
245835,245850,245851,1,15
245835,245849,245851,2,14
240711,240726,245874,5148,15
245876,245876,245877,1,0
245876,245876,245877,1,0
245876,245876,245877,1,0
245876,245876,245877,1,0
245876,245876,245878,2,0
245876,245876,245878,2,0
245876,245876,245878,2,0
245876,245876,245878,2,0
245876,245876,245878,2,0
245876,245876,245877,1,0
245876,245876,245877,1,0
245876,245876,245878,2,0
245876,245876,245878,2,0
245876,245876,245878,2,0
245876,245876,245878,2,0
245876,245876,245878,2,0
245876,245876,245878,2,0
245876,245876,245878,2,0
245876,245876,245878,2,0
245876,245876,245878,2,0
245876,245877,245878,1,1
245876,245877,245879,2,1
245876,245876,245879,3,0
245876,245876,245878,2,0
245876,245876,245878,2,0
245876,245876,245879,3,0
245876,245878,245879,1,2
245876,245878,245880,2,2
245876,245878,245880,2,2
245876,245878,245880,2,2
245876,245878,245880,2,2
245876,245878,245880,2,2
245876,245878,245880,2,2
245876,245878,245880,2,2
245876,245879,245880,1,3
245876,245878,245880,2,2
245876,245878,245880,2,2
245876,245878,245880,2,2
245876,245878,245880,2,2
245876,245878,245880,2,2
245876,245878,245880,2,2
245876,245878,245880,2,2
245876,245879,245881,2,3
245876,245879,245881,2,3
245876,245879,245881,2,3
245876,245878,245880,2,2
245876,245879,245881,2,3
245876,245879,245881,2,3
245876,245879,245881,2,3
245876,245879,245881,2,3
245876,245876,245882,6,0
245876,245880,245881,1,4
245876,245880,245881,1,4
245876,245880,245882,2,4
245876,245880,245882,2,4
245876,245880,245881,1,4
245876,245880,245882,2,4
245876,245880,245882,2,4
245876,245880,245882,2,4
245876,245880,245882,2,4
245876,245880,245882,2,4
245876,245880,245882,2,4
245876,245880,245882,2,4
245876,245880,245882,2,4
245876,245880,245882,2,4
245876,245880,245882,2,4
245876,245881,245883,2,5
245876,245882,245883,1,6
245876,245882,245883,1,6
245876,245880,245882,2,4
245876,245881,245883,2,5
245876,245881,245882,1,5
245876,245882,245883,1,6
245876,245882,245883,1,6
245876,245882,245883,1,6
245876,245882,245883,1,6
245876,245881,245883,2,5
245876,245881,245883,2,5
245876,245881,245883,2,5
245876,245881,245883,2,5
245876,245881,245883,2,5
245876,245883,245884,1,7
245876,245883,245884,1,7
245876,245883,245884,1,7
245876,245883,245884,1,7
245876,245883,245884,1,7
245876,245883,245884,1,7
245876,245882,245884,2,6
245876,245882,245884,2,6
245876,245882,245884,2,6
245876,245883,245884,1,7
245876,245883,245884,1,7
245876,245883,245884,1,7
245876,245883,245884,1,7
245876,245883,245885,2,7
245876,245884,245885,1,8
245876,245884,245885,1,8
245876,245883,245885,2,7
245876,245884,245885,1,8
245876,245884,245885,1,8
245876,245884,245885,1,8
245876,245884,245885,1,8
245876,245884,245885,1,8
245876,245884,245885,1,8
245876,245884,245885,1,8
245876,245884,245885,1,8
245876,245884,245885,1,8
245876,245885,245886,1,9
245876,245885,245886,1,9
245876,245884,245886,2,8
245876,245886,245887,1,10
245876,245885,245886,1,9
245876,245885,245886,1,9
245876,245885,245886,1,9
245876,245885,245886,1,9
245876,245885,245886,1,9
245876,245885,245886,1,9
245876,245885,245886,1,9
245876,245885,245886,1,9
245876,245885,245886,1,9
245876,245885,245886,1,9
245876,245885,245887,2,9
245876,245886,245887,1,10
245876,245885,245886,1,9
245876,245886,245887,1,10
245876,245886,245887,1,10
245876,245886,245887,1,10
245876,245887,245888,1,11
245876,245886,245887,1,10
245876,245886,245887,1,10
245876,245886,245887,1,10
245876,245886,245888,2,10
245876,245887,245888,1,11
245876,245886,245887,1,10
245876,245886,245888,2,10
245876,245887,245888,1,11
245876,245887,245888,1,11
245876,245887,245888,1,11
245876,245887,245888,1,11
245876,245887,245888,1,11
245876,245887,245888,1,11
245876,245888,245889,1,12
245876,245887,245888,1,11
245876,245887,245888,1,11
245876,245887,245888,1,11
245876,245887,245888,1,11
245876,245882,245889,7,6
245876,245887,245889,2,11
245876,245888,245889,1,12
245876,245888,245889,1,12
245876,245887,245889,2,11
245876,245888,245889,1,12
245876,245888,245890,2,12
245876,245888,245889,1,12
245876,245888,245890,2,12
245876,245888,245890,2,12
245876,245888,245889,1,12
245876,245888,245890,2,12
245876,245888,245890,2,12
245876,245889,245890,1,13
245876,245889,245890,1,13
245876,245889,245890,1,13
245876,245889,245890,1,13
245876,245889,245891,2,13
245876,245889,245891,2,13
245876,245889,245891,2,13
245876,245889,245891,2,13
245876,245889,245891,2,13
245876,245889,245891,2,13
245876,245890,245891,1,14
245876,245890,245891,1,14
245876,245890,245891,1,14
245876,245891,245892,1,15
245876,245889,245891,2,13
245876,245889,245891,2,13
245876,245890,245891,1,14
245876,245890,245892,2,14
245876,245891,245892,1,15
245876,245891,245892,1,15
245876,245890,245892,2,14
245876,245890,245891,1,14
245876,245890,245892,2,14
245876,245889,245891,2,13
245876,245891,245892,1,15
245876,245889,245891,2,13
245876,245891,245892,1,15
245876,245891,245892,1,15
245876,245890,245892,2,14
245876,245891,245893,2,15
245876,245891,245892,1,15
245876,245890,245893,3,14
245876,245891,245893,2,15
245876,245891,245892,1,15
245876,245898,245900,2,22
242452,242466,246007,3541,14
246008,246008,246010,2,0
246008,246008,246010,2,0
246008,246008,246010,2,0
246008,246008,246010,2,0
246008,246008,246010,2,0
246008,246008,246010,2,0
246008,246008,246010,2,0
246008,246008,246010,2,0
246008,246008,246010,2,0
246008,246008,246010,2,0
246008,246008,246010,2,0
246008,246008,246010,2,0
246008,246008,246010,2,0
246008,246008,246010,2,0
246008,246008,246011,3,0
246008,246008,246011,3,0
246008,246008,246011,3,0
246008,246009,246011,2,1
246008,246008,246011,3,0
246008,246008,246011,3,0
246008,246008,246011,3,0
246008,246008,246011,3,0
246008,246008,246011,3,0
246008,246009,246011,2,1
246008,246009,246012,3,1
246008,246011,246014,3,3
246008,246011,246014,3,3
246008,246011,246014,3,3
246008,246011,246014,3,3
246008,246011,246014,3,3
246008,246011,246015,4,3
246008,246011,246015,4,3
246008,246011,246015,4,3
246008,246011,246015,4,3
246008,246011,246015,4,3
246008,246011,246015,4,3
246008,246011,246015,4,3
246008,246011,246015,4,3
246008,246012,246015,3,4
246008,246012,246016,4,4
246008,246012,246016,4,4
246008,246012,246016,4,4
246008,246012,246016,4,4
246008,246011,246016,5,3
246008,246015,246017,2,7
246008,246012,246017,5,4
246008,246012,246016,4,4
246008,246012,246016,4,4
246008,246013,246016,3,5
246008,246012,246016,4,4
246008,246012,246016,4,4
246008,246015,246017,2,7
246008,246015,246017,2,7
246008,246015,246017,2,7
246008,246015,246017,2,7
246008,246015,246017,2,7
246008,246016,246018,2,8
246008,246016,246018,2,8
246008,246016,246018,2,8
246008,246016,246019,3,8
246008,246016,246019,3,8
246008,246018,246020,2,10
246008,246016,246019,3,8
246008,246016,246019,3,8
246008,246017,246020,3,9
246008,246016,246019,3,8
246008,246017,246020,3,9
246008,246017,246020,3,9
246008,246017,246019,2,9
246008,246019,246020,1,11
246008,246017,246020,3,9
246008,246017,246020,3,9
246008,246017,246020,3,9
246008,246018,246020,2,10
246008,246018,246020,2,10
246008,246020,246021,1,12
246008,246019,246020,1,11
246008,246020,246021,1,12
246008,246018,246020,2,10
246008,246017,246020,3,9
246008,246017,246020,3,9
246008,246017,246020,3,9
246008,246020,246021,1,12
246008,246017,246020,3,9
246008,246017,246020,3,9
246008,246019,246020,1,11
246008,246020,246021,1,12
246008,246020,246021,1,12
246008,246018,246020,2,10
246008,246019,246020,1,11
246008,246020,246021,1,12
246008,246021,246022,1,13
246008,246021,246022,1,13
246008,246021,246022,1,13
246008,246021,246022,1,13
246008,246020,246021,1,12
246008,246020,246021,1,12
246008,246020,246021,1,12
246008,246020,246021,1,12
246008,246021,246022,1,13
246008,246020,246022,2,12
246008,246020,246022,2,12
246008,246020,246021,1,12
246008,246022,246023,1,14
246008,246021,246022,1,13
246008,246022,246023,1,14
246008,246021,246023,2,13
246008,246021,246023,2,13
246008,246021,246023,2,13
246008,246021,246023,2,13
246008,246021,246023,2,13
246008,246021,246022,1,13
246008,246021,246022,1,13
246008,246022,246023,1,14
246008,246021,246023,2,13
246008,246021,246023,2,13
246008,246022,246023,1,14
246008,246022,246023,1,14
246008,246022,246023,1,14
246008,246022,246023,1,14
246008,246022,246023,1,14
246008,246022,246024,2,14
246008,246021,246023,2,13
246008,246022,246023,1,14
246008,246022,246024,2,14
246008,246022,246023,1,14
246008,246022,246023,1,14
246008,246023,246024,1,15
246008,246022,246026,4,14
246008,246023,246027,4,15
246008,246023,246027,4,15
246008,246023,246027,4,15
246008,246023,246027,4,15
246008,246024,246027,3,16
246008,246024,246028,4,16
246008,246023,246027,4,15
246008,246023,246027,4,15
246008,246024,246027,3,16
246008,246023,246028,5,15
246008,246023,246028,5,15
246008,246023,246028,5,15
246008,246023,246028,5,15
246008,246023,246028,5,15
246008,246024,246029,5,16
246008,246025,246028,3,17
246008,246024,246029,5,16
246008,246024,246029,5,16
246008,246024,246029,5,16
246008,246024,246028,4,16
246008,246024,246029,5,16
246008,246028,246030,2,20
246008,246027,246030,3,19
246008,246027,246029,2,19
246008,246023,246030,7,15
246008,246024,246030,6,16
246008,246024,246030,6,16
246008,246029,246030,1,21
246008,246028,246030,2,20
246008,246028,246030,2,20
246008,246028,246030,2,20
246008,246029,246031,2,21
246008,246028,246030,2,20
246008,246026,246031,5,18
246008,246027,246030,3,19
246008,246029,246031,2,21
246008,246028,246031,3,20
246008,246029,246031,2,21
246008,246027,246030,3,19
246008,246028,246031,3,20
246008,246028,246031,3,20
246008,246029,246030,1,21
246008,246030,246031,1,22
246008,246028,246031,3,20
246008,246028,246031,3,20
246008,246030,246031,1,22
246008,246029,246031,2,21
246008,246031,246032,1,23
246008,246031,246032,1,23
246008,246030,246031,1,22
246008,246031,246032,1,23
246008,246030,246031,1,22
246008,246030,246031,1,22
246008,246030,246032,2,22
246008,246031,246032,1,23
246008,246031,246032,1,23
246008,246031,246033,2,23
246008,246031,246033,2,23
246008,246031,246033,2,23
246008,246031,246033,2,23
246008,246031,246033,2,23
246008,246031,246033,2,23
246008,246031,246033,2,23
246008,246031,246033,2,23
246008,246031,246033,2,23
246008,246031,246033,2,23
246008,246032,246033,1,24
246008,246032,246033,1,24
246008,246031,246033,2,23
246008,246031,246033,2,23
242830,242844,246294,3450,14
246294,246294,246296,2,0
246294,246294,246296,2,0
246294,246294,246296,2,0
246294,246294,246296,2,0
246294,246294,246296,2,0
246294,246294,246296,2,0
246294,246294,246296,2,0
246294,246294,246296,2,0
246294,246294,246296,2,0
246294,246294,246297,3,0
246294,246295,246297,2,1
246294,246295,246297,2,1
246294,246294,246297,3,0
246294,246294,246297,3,0
246294,246294,246297,3,0
246294,246294,246297,3,0
246294,246294,246297,3,0
246294,246294,246297,3,0
246294,246294,246297,3,0
246294,246294,246297,3,0
246294,246294,246297,3,0
246294,246294,246297,3,0
246294,246294,246297,3,0
246294,246295,246297,2,1
246294,246296,246298,2,2
246294,246296,246298,2,2
246294,246297,246298,1,3
246294,246297,246298,1,3
246294,246297,246298,1,3
246294,246294,246298,4,0
246294,246297,246298,1,3
246294,246297,246298,1,3
246294,246297,246298,1,3
246294,246297,246298,1,3
246294,246297,246299,2,3
246294,246298,246299,1,4
246294,246298,246299,1,4
246294,246298,246299,1,4
246294,246298,246299,1,4
246294,246298,246299,1,4
246294,246298,246300,2,4
246294,246299,246300,1,5
246294,246297,246300,3,3
246294,246298,246300,2,4
246294,246299,246300,1,5
246294,246299,246300,1,5
246294,246299,246300,1,5
246294,246299,246300,1,5
246294,246298,246300,2,4
246294,246298,246300,2,4
246294,246298,246300,2,4
246294,246298,246300,2,4
246294,246298,246300,2,4
246294,246299,246300,1,5
246294,246298,246300,2,4
246294,246299,246300,1,5
246294,246299,246300,1,5
246294,246299,246300,1,5
246294,246299,246300,1,5
246294,246300,246301,1,6
246294,246300,246301,1,6
246294,246300,246302,2,6
246294,246300,246301,1,6
246294,246300,246301,1,6
246294,246301,246302,1,7
246294,246301,246302,1,7
246294,246300,246302,2,6
246294,246301,246303,2,7
246294,246301,246302,1,7
246294,246301,246302,1,7
246294,246301,246302,1,7
246294,246301,246302,1,7
246294,246301,246302,1,7
246294,246301,246303,2,7
246294,246300,246302,2,6
246294,246301,246302,1,7
246294,246301,246302,1,7
246294,246301,246302,1,7
246294,246301,246303,2,7
246294,246302,246303,1,8
246294,246301,246302,1,7
246294,246301,246302,1,7
246294,246301,246302,1,7
246294,246301,246302,1,7
246294,246303,246304,1,9
246294,246302,246303,1,8
246294,246302,246303,1,8
246294,246302,246303,1,8
246294,246302,246303,1,8
246294,246303,246304,1,9
246294,246301,246303,2,7
246294,246303,246304,1,9
246294,246303,246304,1,9
246294,246303,246304,1,9
246294,246303,246304,1,9
246294,246303,246304,1,9
246294,246303,246304,1,9
246294,246304,246305,1,10
246294,246303,246305,2,9
246294,246303,246305,2,9
246294,246303,246305,2,9
246294,246303,246305,2,9
246294,246303,246305,2,9
246294,246303,246304,1,9
246294,246303,246305,2,9
246294,246303,246304,1,9
246294,246303,246304,1,9
246294,246303,246304,1,9
246294,246304,246305,1,10
246294,246304,246305,1,10
246294,246304,246306,2,10
246294,246304,246306,2,10
246294,246304,246306,2,10
246294,246304,246306,2,10
246294,246304,246306,2,10
246294,246304,246306,2,10
246294,246305,246306,1,11
246294,246305,246306,1,11
246294,246305,246306,1,11
246294,246305,246306,1,11
246294,246305,246307,2,11
246294,246305,246307,2,11
246294,246305,246307,2,11
246294,246305,246307,2,11
246294,246305,246307,2,11
246294,246305,246307,2,11
246294,246306,246307,1,12
246294,246305,246307,2,11
246294,246307,246308,1,13
246294,246305,246307,2,11
246294,246305,246307,2,11
246294,246305,246308,3,11
246294,246305,246307,2,11
246294,246306,246308,2,12
246294,246306,246308,2,12
246294,246306,246307,1,12
246294,246306,246308,2,12
246294,246305,246307,2,11
246294,246305,246307,2,11
246294,246305,246308,3,11
246294,246306,246307,1,12
246294,246307,246308,1,13
246294,246307,246308,1,13
246294,246307,246308,1,13
246294,246307,246308,1,13
246294,246306,246308,2,12
246294,246307,246309,2,13
246294,246307,246308,1,13
246294,246308,246309,1,14
246294,246308,246309,1,14
246294,246308,246309,1,14
246294,246308,246309,1,14
246294,246308,246310,2,14
246294,246309,246310,1,15
246294,246308,246309,1,14
246294,246309,246310,1,15
246294,246308,246309,1,14
246294,246308,246310,2,14
246294,246308,246310,2,14
246294,246308,246310,2,14
246294,246308,246310,2,14
246294,246308,246310,2,14
246294,246308,246310,2,14
246294,246308,246310,2,14
246294,246308,246310,2,14
246294,246308,246310,2,14
246294,246308,246310,2,14
246294,246308,246310,2,14
246294,246308,246310,2,14
246294,246308,246311,3,14
246294,246309,246311,2,15
246294,246309,246312,3,15
246294,246309,246312,3,15
246294,246309,246312,3,15
246294,246311,246312,1,17
246294,246310,246312,2,16
246294,246310,246312,2,16
246294,246310,246312,2,16
246294,246311,246313,2,17
246294,246310,246312,2,16
246294,246310,246312,2,16
246294,246310,246312,2,16
246294,246310,246313,3,16
246294,246310,246313,3,16
246294,246310,246313,3,16
246294,246310,246313,3,16
246294,246310,246313,3,16
246294,246310,246313,3,16
246294,246311,246313,2,17
246294,246310,246313,3,16
246294,246310,246313,3,16
246294,246312,246314,2,18
246294,246310,246313,3,16
246294,246311,246313,2,17
246294,246310,246314,4,16
246294,246310,246313,3,16
243017,243034,246540,3506,17
246541,246541,246543,2,0
246541,246541,246543,2,0
246541,246541,246543,2,0
246541,246541,246543,2,0
246541,246541,246543,2,0
246541,246541,246543,2,0
246541,246541,246544,3,0
246541,246541,246543,2,0
246541,246541,246544,3,0
246541,246541,246544,3,0
246541,246541,246544,3,0
246541,246541,246543,2,0
246541,246541,246543,2,0
246541,246541,246544,3,0
246541,246541,246543,2,0
246541,246541,246544,3,0
246541,246541,246544,3,0
246541,246541,246544,3,0
246541,246541,246543,2,0
246541,246541,246544,3,0
246541,246541,246543,2,0
246541,246541,246544,3,0
246541,246541,246545,4,0
246541,246543,246544,1,2
246541,246543,246544,1,2
246541,246543,246544,1,2
246541,246541,246544,3,0
246541,246541,246545,4,0
246541,246544,246545,1,3
246541,246544,246546,2,3
246541,246544,246545,1,3
246541,246545,246546,1,4
246541,246544,246546,2,3
246541,246544,246546,2,3
246541,246544,246546,2,3
246541,246544,246546,2,3
246541,246544,246546,2,3
246541,246544,246546,2,3
246541,246545,246547,2,4
246541,246544,246546,2,3
246541,246544,246546,2,3
246541,246544,246546,2,3
246541,246544,246546,2,3
246541,246544,246546,2,3
246541,246544,246546,2,3
246541,246544,246546,2,3
246541,246544,246546,2,3
246541,246544,246546,2,3
246541,246545,246547,2,4
246541,246545,246546,1,4
246541,246545,246547,2,4
246541,246544,246546,2,3
246541,246545,246547,2,4
246541,246546,246547,1,5
246541,246546,246547,1,5
246541,246546,246547,1,5
246541,246546,246548,2,5
246541,246546,246548,2,5
246541,246546,246548,2,5
246541,246546,246547,1,5
246541,246546,246548,2,5
246541,246546,246548,2,5
246541,246546,246547,1,5
246541,246547,246549,2,6
246541,246547,246549,2,6
246541,246548,246549,1,7
246541,246548,246549,1,7
246541,246547,246549,2,6
246541,246547,246549,2,6
246541,246547,246549,2,6
246541,246547,246549,2,6
246541,246547,246549,2,6
246541,246548,246549,1,7
246541,246547,246549,2,6
246541,246547,246549,2,6
246541,246547,246549,2,6
246541,246548,246549,1,7
246541,246547,246549,2,6
246541,246548,246549,1,7
246541,246548,246549,1,7
246541,246549,246550,1,8
246541,246548,246550,2,7
246541,246549,246550,1,8
246541,246547,246549,2,6
246541,246547,246549,2,6
246541,246547,246549,2,6
246541,246548,246549,1,7
246541,246548,246549,1,7
246541,246547,246549,2,6
246541,246548,246550,2,7
246541,246549,246550,1,8
246541,246549,246551,2,8
246541,246549,246550,1,8
246541,246549,246551,2,8
246541,246549,246551,2,8
246541,246549,246551,2,8
246541,246549,246551,2,8
246541,246549,246551,2,8
246541,246549,246551,2,8
246541,246549,246551,2,8
246541,246550,246551,1,9
246541,246549,246552,3,8
246541,246549,246551,2,8
246541,246550,246553,3,9
246541,246550,246553,3,9
246541,246551,246553,2,10
246541,246550,246553,3,9
246541,246550,246553,3,9
246541,246550,246553,3,9
246541,246551,246553,2,10
246541,246551,246553,2,10
246541,246551,246553,2,10
246541,246550,246553,3,9
246541,246550,246553,3,9
246541,246551,246554,3,10
246541,246551,246554,3,10
246541,246553,246554,1,12
246541,246553,246554,1,12
246541,246550,246554,4,9
246541,246550,246554,4,9
246541,246550,246554,4,9
246541,246552,246554,2,11
246541,246550,246554,4,9
246541,246551,246554,3,10
246541,246550,246554,4,9
246541,246552,246554,2,11
246541,246551,246554,3,10
246541,246552,246554,2,11
246541,246551,246554,3,10
246541,246552,246554,2,11
246541,246553,246554,1,12
246541,246553,246555,2,12
246541,246554,246555,1,13
246541,246554,246555,1,13
246541,246554,246555,1,13
246541,246554,246555,1,13
246541,246554,246555,1,13
246541,246554,246555,1,13
246541,246554,246555,1,13
246541,246554,246555,1,13
246541,246554,246556,2,13
246541,246554,246556,2,13
246541,246555,246556,1,14
246541,246555,246556,1,14
246541,246555,246556,1,14
246541,246555,246556,1,14
246541,246555,246556,1,14
246541,246555,246557,2,14
246541,246555,246557,2,14
246541,246555,246557,2,14
246541,246555,246557,2,14
246541,246555,246557,2,14
246541,246555,246557,2,14
246541,246555,246557,2,14
246541,246555,246557,2,14
246541,246555,246557,2,14
246541,246555,246558,3,14
246541,246555,246558,3,14
246541,246556,246559,3,15
246541,246556,246559,3,15
246541,246555,246559,4,14
246541,246556,246559,3,15
246541,246556,246559,3,15
246541,246556,246559,3,15
246541,246557,246559,2,16
246541,246556,246559,3,15
246541,246556,246559,3,15
246541,246556,246559,3,15
246541,246558,246560,2,17
246541,246558,246560,2,17
246541,246558,246560,2,17
246541,246557,246560,3,16
246541,246560,246561,1,19
246541,246558,246561,3,17
246541,246558,246561,3,17
246541,246557,246560,3,16
246541,246557,246560,3,16
246541,246557,246561,4,16
246541,246557,246560,3,16
246541,246557,246560,3,16
246541,246558,246561,3,17
246541,246557,246561,4,16
246541,246560,246561,1,19
246541,246559,246561,2,18
246541,246559,246561,2,18
246541,246561,246562,1,20
246541,246560,246561,1,19
246541,246560,246561,1,19
246541,246560,246561,1,19
246541,246561,246562,1,20
246541,246560,246561,1,19
246541,246558,246561,3,17
246541,246558,246561,3,17
246541,246560,246562,2,19
246541,246560,246561,1,19
246541,246561,246562,1,20
246541,246561,246562,1,20
246541,246561,246562,1,20
243048,243070,246640,3570,22
246641,246641,246643,2,0
246641,246641,246643,2,0
246641,246641,246643,2,0
246641,246641,246643,2,0
246641,246641,246643,2,0
246641,246641,246642,1,0
246641,246641,246643,2,0
246641,246641,246643,2,0
246641,246641,246643,2,0
246641,246641,246643,2,0
246641,246641,246643,2,0
246641,246641,246644,3,0
246641,246641,246643,2,0
246641,246641,246644,3,0
246641,246641,246644,3,0
246641,246642,246644,2,1
246641,246642,246644,2,1
246641,246641,246644,3,0
246641,246642,246644,2,1
246641,246642,246644,2,1
246641,246642,246644,2,1
246641,246642,246644,2,1
246641,246644,246645,1,3
246641,246644,246645,1,3
246641,246644,246645,1,3
246641,246644,246645,1,3
246641,246644,246645,1,3
246641,246644,246645,1,3
246641,246644,246645,1,3
246641,246644,246645,1,3
246641,246644,246645,1,3
246641,246644,246645,1,3
246641,246644,246645,1,3
246641,246644,246646,2,3
246641,246645,246646,1,4
246641,246645,246646,1,4
246641,246644,246646,2,3
246641,246645,246647,2,4
246641,246645,246646,1,4
246641,246645,246647,2,4
246641,246646,246647,1,5
246641,246645,246647,2,4
246641,246645,246647,2,4
246641,246646,246647,1,5
246641,246646,246647,1,5
246641,246646,246647,1,5
246641,246646,246647,1,5
246641,246646,246647,1,5
246641,246646,246647,1,5
246641,246646,246647,1,5
246641,246646,246647,1,5
246641,246646,246647,1,5
246641,246646,246648,2,5
246641,246645,246647,2,4
246641,246645,246647,2,4
246641,246647,246649,2,6
246641,246648,246649,1,7
246641,246648,246649,1,7
246641,246648,246649,1,7
246641,246648,246649,1,7
246641,246647,246649,2,6
246641,246647,246649,2,6
246641,246648,246649,1,7
246641,246648,246649,1,7
246641,246648,246649,1,7
246641,246648,246649,1,7
246641,246648,246649,1,7
246641,246648,246650,2,7
246641,246648,246649,1,7
246641,246648,246649,1,7
246641,246647,246649,2,6
246641,246647,246649,2,6
246641,246648,246649,1,7
246641,246647,246649,2,6
246641,246648,246650,2,7
246641,246648,246650,2,7
246641,246649,246650,1,8
246641,246650,246651,1,9
246641,246650,246651,1,9
246641,246650,246651,1,9
246641,246650,246651,1,9
246641,246650,246651,1,9
246641,246650,246651,1,9
246641,246650,246651,1,9
246641,246648,246650,2,7
246641,246650,246651,1,9
246641,246651,246652,1,10
246641,246650,246651,1,9
246641,246650,246651,1,9
246641,246650,246651,1,9
246641,246651,246652,1,10
246641,246651,246652,1,10
246641,246651,246652,1,10
246641,246650,246652,2,9
246641,246650,246651,1,9
246641,246650,246651,1,9
246641,246650,246651,1,9
246641,246650,246652,2,9
246641,246650,246652,2,9
246641,246651,246652,1,10
246641,246651,246652,1,10
246641,246651,246652,1,10
246641,246651,246652,1,10
246641,246651,246652,1,10
246641,246650,246652,2,9
246641,246651,246654,3,10
246641,246651,246654,3,10
246641,246652,246655,3,11
246641,246652,246655,3,11
246641,246652,246655,3,11
246641,246652,246655,3,11
246641,246652,246655,3,11
246641,246652,246655,3,11
246641,246653,246655,2,12
246641,246653,246655,2,12
246641,246652,246655,3,11
246641,246652,246655,3,11
246641,246652,246655,3,11
246641,246652,246655,3,11
246641,246652,246655,3,11
246641,246653,246656,3,12
246641,246655,246656,1,14
246641,246652,246655,3,11
246641,246653,246656,3,12
246641,246655,246656,1,14
246641,246655,246656,1,14
246641,246654,246655,1,13
246641,246655,246656,1,14
246641,246653,246655,2,12
246641,246655,246656,1,14
246641,246655,246656,1,14
246641,246652,246655,3,11
246641,246653,246655,2,12
246641,246652,246655,3,11
246641,246654,246656,2,13
246641,246655,246656,1,14
246641,246655,246656,1,14
246641,246655,246656,1,14
246641,246656,246657,1,15
246641,246655,246657,2,14
246641,246656,246657,1,15
246641,246655,246656,1,14
246641,246656,246658,2,15
246641,246656,246657,1,15
246641,246656,246657,1,15
246641,246656,246658,2,15
246641,246656,246657,1,15
246641,246656,246657,1,15
246641,246656,246657,1,15
246641,246656,246657,1,15
246641,246656,246658,2,15
246641,246656,246658,2,15
246641,246656,246658,2,15
246641,246655,246658,3,14
246641,246657,246659,2,16
246641,246656,246659,3,15
246641,246657,246661,4,16
246641,246657,246660,3,16
246641,246657,246661,4,16
246641,246657,246661,4,16
246641,246657,246661,4,16
246641,246658,246661,3,17
246641,246657,246661,4,16
246641,246656,246661,5,15
246641,246656,246661,5,15
246641,246661,246662,1,20
246641,246661,246662,1,20
246641,246658,246661,3,17
246641,246658,246661,3,17
246641,246658,246662,4,17
246641,246658,246662,4,17
246641,246658,246661,3,17
246641,246661,246662,1,20
246641,246658,246662,4,17
246641,246658,246662,4,17
246641,246661,246662,1,20
246641,246658,246662,4,17
246641,246658,246662,4,17
246641,246658,246662,4,17
246641,246660,246662,2,19
246641,246659,246663,4,18
246641,246660,246663,3,19
246641,246661,246663,2,20
246641,246662,246663,1,21
246641,246661,246663,2,20
246641,246662,246663,1,21
246641,246661,246663,2,20
246641,246659,246663,4,18
246641,246662,246664,2,21
246641,246662,246664,2,21
246641,246659,246663,4,18
246641,246659,246663,4,18
246641,246662,246663,1,21
246641,246662,246663,1,21
246641,246662,246663,1,21
246641,246662,246664,2,21
246641,246662,246664,2,21
243393,243409,246805,3396,16
246806,246806,246807,1,0
246806,246806,246807,1,0
246806,246806,246807,1,0
246806,246806,246808,2,0
246806,246806,246807,1,0
246806,246806,246807,1,0
246806,246806,246808,2,0
246806,246806,246808,2,0
246806,246806,246808,2,0
246806,246806,246808,2,0
246806,246806,246808,2,0
246806,246806,246808,2,0
246806,246806,246808,2,0
246806,246807,246808,1,1
246806,246807,246808,1,1
246806,246806,246809,3,0
246806,246806,246809,3,0
246806,246807,246809,2,1
246806,246807,246809,2,1
246806,246808,246809,1,2
246806,246806,246809,3,0
246806,246806,246809,3,0
246806,246806,246809,3,0
246806,246806,246809,3,0
246806,246807,246809,2,1
246806,246808,246809,1,2
246806,246808,246809,1,2
246806,246808,246809,1,2
246806,246807,246809,2,1
246806,246809,246810,1,3
246806,246809,246810,1,3
246806,246809,246810,1,3
246806,246809,246810,1,3
246806,246809,246810,1,3
246806,246809,246810,1,3
246806,246809,246810,1,3
246806,246809,246810,1,3
246806,246809,246810,1,3
246806,246809,246811,2,3
246806,246810,246811,1,4
246806,246810,246811,1,4
246806,246810,246811,1,4
246806,246809,246811,2,3
246806,246810,246811,1,4
246806,246810,246811,1,4
246806,246810,246811,1,4
246806,246810,246811,1,4
246806,246810,246811,1,4
246806,246810,246811,1,4
246806,246810,246811,1,4
246806,246809,246811,2,3
246806,246810,246812,2,4
246806,246810,246811,1,4
246806,246811,246812,1,5
246806,246810,246812,2,4
246806,246811,246812,1,5
246806,246811,246812,1,5
246806,246811,246812,1,5
246806,246811,246812,1,5
246806,246811,246812,1,5
246806,246811,246812,1,5
246806,246812,246813,1,6
246806,246811,246813,2,5
246806,246811,246813,2,5
246806,246811,246813,2,5
246806,246813,246814,1,7
246806,246812,246813,1,6
246806,246813,246814,1,7
246806,246812,246814,2,6
246806,246812,246814,2,6
246806,246812,246813,1,6
246806,246812,246814,2,6
246806,246812,246813,1,6
246806,246813,246814,1,7
246806,246812,246813,1,6
246806,246812,246813,1,6
246806,246813,246814,1,7
246806,246812,246813,1,6
246806,246812,246813,1,6
246806,246812,246813,1,6
246806,246812,246814,2,6
246806,246812,246814,2,6
246806,246813,246814,1,7
246806,246813,246814,1,7
246806,246814,246815,1,8
246806,246813,246815,2,7
246806,246813,246814,1,7
246806,246814,246815,1,8
246806,246814,246815,1,8
246806,246813,246815,2,7
246806,246814,246815,1,8
246806,246814,246815,1,8
246806,246814,246815,1,8
246806,246814,246815,1,8
246806,246814,246816,2,8
246806,246814,246815,1,8
246806,246814,246815,1,8
246806,246814,246815,1,8
246806,246814,246816,2,8
246806,246814,246815,1,8
246806,246815,246816,1,9
246806,246814,246816,2,8
246806,246815,246816,1,9
246806,246815,246816,1,9
246806,246815,246817,2,9
246806,246815,246817,2,9
246806,246815,246816,1,9
246806,246815,246816,1,9
246806,246815,246816,1,9
246806,246815,246816,1,9
246806,246815,246817,2,9
246806,246815,246817,2,9
246806,246814,246816,2,8
246806,246815,246817,2,9
246806,246815,246816,1,9
246806,246816,246817,1,10
246806,246817,246818,1,11
246806,246816,246817,1,10
246806,246816,246817,1,10
246806,246817,246818,1,11
246806,246816,246818,2,10
246806,246816,246817,1,10
246806,246816,246818,2,10
246806,246816,246817,1,10
246806,246816,246818,2,10
246806,246816,246817,1,10
246806,246816,246818,2,10
246806,246816,246817,1,10
246806,246817,246818,1,11
246806,246816,246818,2,10
246806,246817,246818,1,11
246806,246817,246819,2,11
246806,246817,246818,1,11
246806,246818,246819,1,12
246806,246817,246818,1,11
246806,246817,246818,1,11
246806,246817,246819,2,11
246806,246817,246819,2,11
246806,246817,246819,2,11
246806,246817,246819,2,11
246806,246817,246818,1,11
246806,246818,246819,1,12
246806,246817,246819,2,11
246806,246818,246819,1,12
246806,246818,246819,1,12
246806,246819,246820,1,13
246806,246818,246819,1,12
246806,246818,246820,2,12
246806,246818,246820,2,12
246806,246818,246820,2,12
246806,246819,246820,1,13
246806,246818,246820,2,12
246806,246818,246820,2,12
246806,246818,246819,1,12
246806,246818,246819,1,12
246806,246819,246820,1,13
246806,246819,246821,2,13
246806,246820,246821,1,14
246806,246819,246820,1,13
246806,246818,246820,2,12
246806,246818,246820,2,12
246806,246819,246821,2,13
246806,246819,246821,2,13
246806,246819,246821,2,13
246806,246819,246821,2,13
246806,246820,246821,1,14
246806,246820,246821,1,14
246806,246819,246821,2,13
246806,246820,246821,1,14
246806,246820,246821,1,14
246806,246820,246821,1,14
246806,246821,246822,1,15
246806,246820,246822,2,14
246806,246820,246822,2,14
246806,246820,246822,2,14
246806,246820,246822,2,14
246806,246820,246822,2,14
246806,246821,246822,1,15
246806,246819,246821,2,13
246806,246820,246822,2,14
246806,246820,246822,2,14
246806,246820,246821,1,14
246806,246821,246823,2,15
246806,246821,246822,1,15
246806,246820,246822,2,14
246806,246821,246823,2,15
246806,246821,246823,2,15
246806,246821,246823,2,15
246806,246821,246823,2,15
246806,246821,246823,2,15
246806,246821,246823,2,15
246806,246821,246822,1,15
246806,246822,246823,1,16
246806,246822,246824,2,16
243667,243681,247150,3469,14
247151,247151,247152,1,0
247151,247151,247152,1,0
247151,247151,247152,1,0
247151,247151,247153,2,0
247151,247151,247153,2,0
247151,247151,247152,1,0
247151,247151,247152,1,0
247151,247151,247152,1,0
247151,247151,247153,2,0
247151,247151,247153,2,0
247151,247151,247153,2,0
247151,247151,247152,1,0
247151,247151,247152,1,0
247151,247151,247153,2,0
247151,247151,247153,2,0
247151,247151,247153,2,0
247151,247151,247153,2,0
247151,247151,247153,2,0
247151,247151,247154,3,0
247151,247151,247154,3,0
247151,247151,247154,3,0
247151,247151,247153,2,0
247151,247151,247153,2,0
247151,247151,247153,2,0
247151,247152,247153,1,1
247151,247152,247153,1,1
247151,247153,247154,1,2
247151,247153,247154,1,2
247151,247153,247155,2,2
247151,247153,247154,1,2
247151,247153,247154,1,2
247151,247153,247155,2,2
247151,247153,247155,2,2
247151,247153,247155,2,2
247151,247153,247154,1,2
247151,247153,247155,2,2
247151,247153,247155,2,2
247151,247153,247154,1,2
247151,247154,247156,2,3
247151,247153,247155,2,2
247151,247154,247156,2,3
247151,247154,247156,2,3
247151,247154,247155,1,3
247151,247154,247156,2,3
247151,247154,247156,2,3
247151,247154,247155,1,3
247151,247155,247156,1,4
247151,247155,247156,1,4
247151,247155,247157,2,4
247151,247154,247156,2,3
247151,247154,247156,2,3
247151,247155,247156,1,4
247151,247155,247156,1,4
247151,247155,247156,1,4
247151,247154,247156,2,3
247151,247154,247157,3,3
247151,247154,247156,2,3
247151,247155,247157,2,4
247151,247155,247157,2,4
247151,247155,247156,1,4
247151,247155,247157,2,4
247151,247155,247156,1,4
247151,247157,247158,1,6
247151,247156,247158,2,5
247151,247157,247158,1,6
247151,247157,247158,1,6
247151,247157,247158,1,6
247151,247156,247158,2,5
247151,247156,247158,2,5
247151,247156,247157,1,5
247151,247157,247158,1,6
247151,247155,247157,2,4
247151,247156,247158,2,5
247151,247156,247158,2,5
247151,247156,247157,1,5
247151,247157,247158,1,6
247151,247158,247159,1,7
247151,247157,247158,1,6
247151,247157,247159,2,6
247151,247157,247159,2,6
247151,247157,247158,1,6
247151,247158,247159,1,7
247151,247158,247159,1,7
247151,247158,247159,1,7
247151,247157,247158,1,6
247151,247157,247159,2,6
247151,247157,247159,2,6
247151,247157,247159,2,6
247151,247156,247158,2,5
247151,247157,247159,2,6
247151,247158,247159,1,7
247151,247157,247158,1,6
247151,247158,247159,1,7
247151,247158,247159,1,7
247151,247159,247160,1,8
247151,247159,247160,1,8
247151,247158,247160,2,7
247151,247158,247159,1,7
247151,247159,247160,1,8
247151,247158,247159,1,7
247151,247159,247160,1,8
247151,247158,247160,2,7
247151,247158,247160,2,7
247151,247158,247160,2,7
247151,247158,247160,2,7
247151,247159,247160,1,8
247151,247159,247160,1,8
247151,247160,247161,1,9
247151,247159,247161,2,8
247151,247160,247161,1,9
247151,247159,247161,2,8
247151,247159,247161,2,8
247151,247159,247161,2,8
247151,247159,247161,2,8
247151,247159,247161,2,8
247151,247160,247161,1,9
247151,247159,247161,2,8
247151,247159,247161,2,8
247151,247159,247161,2,8
247151,247160,247161,1,9
247151,247159,247161,2,8
247151,247160,247161,1,9
247151,247159,247162,3,8
247151,247159,247161,2,8
247151,247160,247162,2,9
247151,247160,247162,2,9
247151,247160,247162,2,9
247151,247160,247161,1,9
247151,247161,247163,2,10
247151,247161,247163,2,10
247151,247160,247163,3,9
247151,247160,247163,3,9
247151,247160,247163,3,9
247151,247160,247163,3,9
247151,247162,247163,1,11
247151,247161,247164,3,10
247151,247163,247164,1,12
247151,247163,247164,1,12
247151,247161,247164,3,10
247151,247161,247164,3,10
247151,247161,247164,3,10
247151,247161,247164,3,10
247151,247161,247164,3,10
247151,247161,247164,3,10
247151,247161,247164,3,10
247151,247161,247164,3,10
247151,247161,247164,3,10
247151,247161,247164,3,10
247151,247162,247164,2,11
247151,247162,247165,3,11
247151,247162,247164,2,11
247151,247163,247164,1,12
247151,247164,247165,1,13
247151,247164,247165,1,13
247151,247163,247165,2,12
247151,247163,247165,2,12
247151,247162,247165,3,11
247151,247162,247165,3,11
247151,247162,247165,3,11
247151,247163,247165,2,12
247151,247163,247165,2,12
247151,247164,247165,1,13
247151,247164,247166,2,13
247151,247165,247166,1,14
247151,247165,247166,1,14
247151,247164,247166,2,13
247151,247164,247166,2,13
247151,247164,247166,2,13
247151,247164,247166,2,13
247151,247164,247166,2,13
247151,247164,247166,2,13
247151,247165,247166,1,14
247151,247165,247166,1,14
247151,247165,247166,1,14
247151,247165,247167,2,14
247151,247165,247166,1,14
247151,247165,247166,1,14
247151,247165,247167,2,14
247151,247165,247167,2,14
247151,247166,247167,1,15
247151,247166,247167,1,15
247151,247165,247167,2,14
247151,247165,247167,2,14
247151,247166,247168,2,15
247151,247166,247168,2,15
247151,247166,247168,2,15
247151,247166,247168,2,15
247151,247166,247169,3,15
247151,247166,247169,3,15
247151,247167,247169,2,16
247151,247167,247169,2,16
247151,247167,247169,2,16
247151,247167,247169,2,16
247151,247167,247169,2,16
247151,247166,247169,3,15
247151,247166,247170,4,15
247151,247166,247170,4,15
247151,247166,247170,4,15
247151,247167,247171,4,16
234284,234494,247378,12884,210
242619,242644,247463,4819,25
247464,247464,247466,2,0
247464,247464,247466,2,0
247464,247464,247467,3,0
247464,247464,247467,3,0
247464,247464,247467,3,0
247464,247464,247467,3,0
247464,247464,247467,3,0
247464,247464,247467,3,0
247464,247464,247467,3,0
247464,247464,247467,3,0
247464,247464,247467,3,0
247464,247464,247467,3,0
247464,247464,247468,4,0
247464,247465,247468,3,1
247464,247465,247468,3,1
247464,247464,247468,4,0
247464,247466,247468,2,2
247464,247464,247468,4,0
247464,247464,247468,4,0
247464,247464,247468,4,0
247464,247467,247468,1,3
247464,247464,247468,4,0
247464,247464,247468,4,0
247464,247464,247468,4,0
247464,247465,247468,3,1
247464,247464,247468,4,0
247464,247464,247468,4,0
247464,247467,247469,2,3
247464,247468,247469,1,4
247464,247468,247469,1,4
247464,247468,247469,1,4
247464,247468,247469,1,4
247464,247468,247469,1,4
247464,247468,247469,1,4
247464,247468,247469,1,4
247464,247468,247469,1,4
247464,247468,247469,1,4
247464,247469,247470,1,5
247464,247469,247470,1,5
247464,247469,247470,1,5
247464,247469,247470,1,5
247464,247469,247470,1,5
247464,247469,247470,1,5
247464,247469,247471,2,5
247464,247469,247470,1,5
247464,247469,247471,2,5
247464,247469,247471,2,5
247464,247469,247471,2,5
247464,247470,247471,1,6
247464,247469,247471,2,5
247464,247469,247471,2,5
247464,247469,247471,2,5
247464,247470,247471,1,6
247464,247470,247471,1,6
247464,247470,247471,1,6
247464,247470,247471,1,6
247464,247470,247471,1,6
247464,247470,247471,1,6
247464,247470,247471,1,6
247464,247470,247471,1,6
247464,247471,247472,1,7
247464,247471,247473,2,7
247464,247470,247472,2,6
247464,247470,247472,2,6
247464,247472,247473,1,8
247464,247472,247473,1,8
247464,247473,247474,1,9
247464,247472,247474,2,8
247464,247472,247473,1,8
247464,247472,247473,1,8
247464,247473,247474,1,9
247464,247472,247473,1,8
247464,247472,247473,1,8
247464,247472,247473,1,8
247464,247472,247473,1,8
247464,247472,247473,1,8
247464,247472,247473,1,8
247464,247471,247473,2,7
247464,247472,247473,1,8
247464,247472,247473,1,8
247464,247471,247473,2,7
247464,247471,247473,2,7
247464,247471,247473,2,7
247464,247471,247473,2,7
247464,247471,247474,3,7
247464,247472,247474,2,8
247464,247472,247474,2,8
247464,247474,247475,1,10
247464,247474,247475,1,10
247464,247473,247474,1,9
247464,247473,247474,1,9
247464,247474,247475,1,10
247464,247474,247475,1,10
247464,247474,247475,1,10
247464,247474,247475,1,10
247464,247474,247475,1,10
247464,247474,247476,2,10
247464,247475,247476,1,11
247464,247474,247475,1,10
247464,247474,247475,1,10
247464,247474,247475,1,10
247464,247474,247475,1,10
247464,247474,247475,1,10
247464,247474,247475,1,10
247464,247474,247475,1,10
247464,247474,247475,1,10
247464,247474,247476,2,10
247464,247474,247475,1,10
247464,247474,247475,1,10
247464,247474,247476,2,10
247464,247475,247477,2,11
247464,247475,247476,1,11
247464,247475,247477,2,11
247464,247475,247476,1,11
247464,247475,247477,2,11
247464,247475,247476,1,11
247464,247476,247479,3,12
247464,247476,247479,3,12
247464,247476,247479,3,12
247464,247476,247479,3,12
247464,247476,247479,3,12
247464,247476,247479,3,12
247464,247476,247479,3,12
247464,247477,247480,3,13
247464,247476,247479,3,12
247464,247476,247479,3,12
247464,247477,247480,3,13
247464,247476,247479,3,12
247464,247476,247479,3,12
247464,247476,247480,4,12
247464,247476,247480,4,12
247464,247479,247480,1,15
247464,247476,247479,3,12
247464,247479,247480,1,15
247464,247479,247480,1,15
247464,247476,247479,3,12
247464,247476,247479,3,12
247464,247476,247479,3,12
247464,247477,247479,2,13
247464,247479,247480,1,15
247464,247477,247480,3,13
247464,247476,247479,3,12
247464,247476,247479,3,12
247464,247479,247480,1,15
247464,247477,247480,3,13
247464,247480,247481,1,16
247464,247477,247480,3,13
247464,247479,247480,1,15
247464,247479,247480,1,15
247464,247480,247481,1,16
247464,247480,247481,1,16
247464,247480,247481,1,16
247464,247480,247481,1,16
247464,247480,247481,1,16
247464,247480,247481,1,16
247464,247480,247482,2,16
247464,247480,247481,1,16
247464,247480,247481,1,16
247464,247480,247481,1,16
247464,247480,247482,2,16
247464,247480,247481,1,16
247464,247480,247481,1,16
247464,247480,247481,1,16
247464,247480,247481,1,16
247464,247480,247481,1,16
247464,247480,247482,2,16
247464,247480,247482,2,16
247464,247480,247482,2,16
247464,247480,247482,2,16
247464,247482,247485,3,18
247464,247482,247484,2,18
247464,247481,247484,3,17
247464,247482,247485,3,18
247464,247482,247485,3,18
247464,247482,247484,2,18
247464,247482,247485,3,18
247464,247482,247484,2,18
247464,247482,247485,3,18
247464,247481,247485,4,17
247464,247482,247485,3,18
247464,247482,247485,3,18
247464,247482,247485,3,18
247464,247481,247485,4,17
247464,247482,247485,3,18
247464,247482,247485,3,18
247464,247482,247485,3,18
247464,247482,247485,3,18
247464,247485,247486,1,21
247464,247481,247485,4,17
247464,247482,247485,3,18
247464,247482,247485,3,18
247464,247485,247486,1,21
247464,247482,247485,3,18
247464,247483,247486,3,19
247464,247481,247485,4,17
247464,247482,247486,4,18
247464,247485,247486,1,21
247464,247485,247487,2,21
247464,247485,247487,2,21
247464,247485,247486,1,21
244302,244317,247848,3531,15
247848,247848,247850,2,0
247848,247848,247850,2,0
247848,247848,247849,1,0
247848,247848,247850,2,0
247848,247848,247850,2,0
247848,247848,247850,2,0
247848,247848,247850,2,0
247848,247848,247850,2,0
247848,247848,247851,3,0
247848,247848,247850,2,0
247848,247848,247851,3,0
247848,247848,247851,3,0
247848,247848,247850,2,0
247848,247848,247851,3,0
247848,247848,247851,3,0
247848,247848,247851,3,0
247848,247848,247851,3,0
247848,247848,247851,3,0
247848,247848,247851,3,0
247848,247848,247851,3,0
247848,247848,247850,2,0
247848,247848,247850,2,0
247848,247848,247851,3,0
247848,247848,247851,3,0
247848,247848,247851,3,0
247848,247850,247852,2,2
247848,247850,247852,2,2
247848,247850,247852,2,2
247848,247850,247852,2,2
247848,247850,247852,2,2
247848,247850,247852,2,2
247848,247850,247852,2,2
247848,247850,247852,2,2
247848,247851,247853,2,3
247848,247851,247853,2,3
247848,247851,247853,2,3
247848,247851,247853,2,3
247848,247851,247853,2,3
247848,247852,247853,1,4
247848,247852,247853,1,4
247848,247851,247853,2,3
247848,247851,247853,2,3
247848,247851,247853,2,3
247848,247852,247853,1,4
247848,247852,247854,2,4
247848,247852,247854,2,4
247848,247852,247854,2,4
247848,247852,247854,2,4
247848,247852,247853,1,4
247848,247851,247854,3,3
247848,247851,247854,3,3
247848,247852,247854,2,4
247848,247852,247854,2,4
247848,247852,247854,2,4
247848,247851,247854,3,3
247848,247851,247854,3,3
247848,247853,247854,1,5
247848,247853,247854,1,5
247848,247854,247855,1,6
247848,247854,247855,1,6
247848,247855,247856,1,7
247848,247855,247856,1,7
247848,247854,247856,2,6
247848,247855,247857,2,7
247848,247854,247856,2,6
247848,247854,247856,2,6
247848,247854,247856,2,6
247848,247854,247856,2,6
247848,247854,247856,2,6
247848,247854,247856,2,6
247848,247854,247857,3,6
247848,247854,247856,2,6
247848,247855,247857,2,7
247848,247855,247857,2,7
247848,247855,247857,2,7
247848,247856,247857,1,8
247848,247855,247857,2,7
247848,247855,247857,2,7
247848,247855,247857,2,7
247848,247855,247857,2,7
247848,247855,247857,2,7
247848,247855,247857,2,7
247848,247855,247857,2,7
247848,247856,247857,1,8
247848,247857,247858,1,9
247848,247857,247858,1,9
247848,247855,247858,3,7
247848,247858,247859,1,10
247848,247857,247859,2,9
247848,247858,247859,1,10
247848,247857,247858,1,9
247848,247857,247858,1,9
247848,247857,247858,1,9
247848,247857,247858,1,9
247848,247857,247858,1,9
247848,247857,247858,1,9
247848,247857,247859,2,9
247848,247858,247859,1,10
247848,247858,247859,1,10
247848,247858,247859,1,10
247848,247859,247860,1,11
247848,247858,247860,2,10
247848,247858,247860,2,10
247848,247858,247859,1,10
247848,247858,247860,2,10
247848,247858,247859,1,10
247848,247858,247859,1,10
247848,247858,247860,2,10
247848,247858,247860,2,10
247848,247858,247859,1,10
247848,247859,247861,2,11
247848,247859,247861,2,11
247848,247859,247860,1,11
247848,247859,247860,1,11
247848,247860,247861,1,12
247848,247859,247861,2,11
247848,247859,247861,2,11
247848,247860,247862,2,12
247848,247859,247862,3,11
247848,247859,247862,3,11
247848,247859,247862,3,11
247848,247859,247862,3,11
247848,247859,247862,3,11
247848,247860,247862,2,12
247848,247860,247862,2,12
247848,247861,247862,1,13
247848,247861,247862,1,13
247848,247860,247863,3,12
247848,247860,247863,3,12
247848,247860,247862,2,12
247848,247860,247863,3,12
247848,247860,247863,3,12
247848,247860,247863,3,12
247848,247861,247863,2,13
247848,247862,247863,1,14
247848,247860,247862,2,12
247848,247859,247863,4,11
247848,247860,247863,3,12
247848,247861,247863,2,13
247848,247863,247864,1,15
247848,247863,247864,1,15
247848,247862,247863,1,14
247848,247863,247864,1,15
247848,247860,247863,3,12
247848,247862,247863,1,14
247848,247863,247864,1,15
247848,247862,247863,1,14
247848,247862,247863,1,14
247848,247862,247864,2,14
247848,247862,247864,2,14
247848,247862,247864,2,14
247848,247864,247865,1,16
247848,247863,247864,1,15
247848,247863,247864,1,15
247848,247864,247865,1,16
247848,247863,247865,2,15
247848,247863,247864,1,15
247848,247864,247865,1,16
247848,247863,247864,1,15
247848,247863,247865,2,15
247848,247863,247864,1,15
247848,247863,247864,1,15
247848,247863,247864,1,15
247848,247863,247865,2,15
247848,247864,247866,2,16
247848,247864,247865,1,16
247848,247864,247865,1,16
247848,247864,247865,1,16
247848,247864,247865,1,16
247848,247864,247866,2,16
247848,247864,247866,2,16
247848,247864,247866,2,16
247848,247864,247866,2,16
247848,247864,247866,2,16
247848,247865,247867,2,17
247848,247865,247868,3,17
247848,247865,247868,3,17
247848,247865,247868,3,17
247848,247866,247869,3,18
247848,247865,247869,4,17
247848,247865,247868,3,17
247848,247865,247869,4,17
247848,247865,247869,4,17
247848,247865,247869,4,17
247848,247865,247869,4,17
247848,247865,247868,3,17
247848,247866,247869,3,18
247848,247865,247868,3,17
247848,247865,247869,4,17
247848,247866,247869,3,18
247848,247865,247870,5,17
247848,247865,247870,5,17
247848,247866,247870,4,18
242980,242999,248021,5022,19
248022,248022,248023,1,0
248022,248022,248023,1,0
248022,248022,248023,1,0
248022,248022,248023,1,0
248022,248022,248023,1,0
248022,248022,248024,2,0
248022,248022,248023,1,0
248022,248022,248024,2,0
248022,248022,248024,2,0
248022,248022,248024,2,0
248022,248022,248024,2,0
248022,248022,248024,2,0
248022,248022,248024,2,0
248022,248022,248024,2,0
248022,248022,248024,2,0
248022,248022,248024,2,0
248022,248022,248024,2,0
248022,248022,248024,2,0
248022,248022,248025,3,0
248022,248022,248025,3,0
248022,248022,248024,2,0
248022,248022,248025,3,0
248022,248022,248024,2,0
248022,248022,248026,4,0
248022,248022,248025,3,0
248022,248024,248025,1,2
248022,248024,248025,1,2
248022,248024,248026,2,2
248022,248024,248026,2,2
248022,248024,248026,2,2
248022,248024,248026,2,2
248022,248024,248026,2,2
248022,248024,248026,2,2
248022,248024,248026,2,2
248022,248024,248026,2,2
248022,248024,248026,2,2
248022,248025,248027,2,3
248022,248024,248026,2,2
248022,248025,248027,2,3
248022,248024,248026,2,2
248022,248024,248026,2,2
248022,248025,248027,2,3
248022,248025,248027,2,3
248022,248025,248027,2,3
248022,248026,248028,2,4
248022,248026,248028,2,4
248022,248025,248027,2,3
248022,248025,248028,3,3
248022,248025,248027,2,3
248022,248025,248027,2,3
248022,248026,248028,2,4
248022,248026,248028,2,4
248022,248026,248028,2,4
248022,248026,248028,2,4
248022,248026,248028,2,4
248022,248026,248028,2,4
248022,248026,248028,2,4
248022,248026,248028,2,4
248022,248026,248029,3,4
248022,248027,248029,2,5
248022,248026,248028,2,4
248022,248027,248029,2,5
248022,248027,248029,2,5
248022,248026,248029,3,4
248022,248027,248029,2,5
248022,248027,248029,2,5
248022,248027,248029,2,5
248022,248028,248030,2,6
248022,248028,248030,2,6
248022,248028,248030,2,6
248022,248028,248030,2,6
248022,248028,248030,2,6
248022,248028,248030,2,6
248022,248028,248030,2,6
248022,248028,248030,2,6
248022,248028,248030,2,6
248022,248028,248030,2,6
248022,248028,248030,2,6
248022,248028,248029,1,6
248022,248028,248030,2,6
248022,248028,248031,3,6
248022,248029,248031,2,7
248022,248028,248031,3,6
248022,248028,248031,3,6
248022,248029,248030,1,7
248022,248030,248031,1,8
248022,248030,248031,1,8
248022,248029,248031,2,7
248022,248029,248031,2,7
248022,248029,248031,2,7
248022,248030,248031,1,8
248022,248030,248031,1,8
248022,248030,248031,1,8
248022,248030,248031,1,8
248022,248030,248032,2,8
248022,248030,248032,2,8
248022,248030,248032,2,8
248022,248030,248032,2,8
248022,248030,248031,1,8
248022,248030,248032,2,8
248022,248030,248032,2,8
248022,248030,248032,2,8
248022,248030,248031,1,8
248022,248031,248032,1,9
248022,248030,248032,2,8
248022,248030,248032,2,8
248022,248032,248033,1,10
248022,248031,248033,2,9
248022,248031,248033,2,9
248022,248031,248033,2,9
248022,248031,248033,2,9
248022,248031,248033,2,9
248022,248032,248033,1,10
248022,248032,248033,1,10
248022,248032,248033,1,10
248022,248032,248033,1,10
248022,248032,248033,1,10
248022,248032,248034,2,10
248022,248032,248033,1,10
248022,248032,248034,2,10
248022,248032,248034,2,10
248022,248032,248034,2,10
248022,248032,248034,2,10
248022,248032,248034,2,10
248022,248033,248034,1,11
248022,248033,248034,1,11
248022,248033,248034,1,11
248022,248033,248034,1,11
248022,248033,248034,1,11
248022,248033,248034,1,11
248022,248033,248035,2,11
248022,248033,248035,2,11
248022,248034,248036,2,12
248022,248033,248036,3,11
248022,248035,248036,1,13
248022,248033,248036,3,11
248022,248034,248036,2,12
248022,248035,248037,2,13
248022,248034,248036,2,12
248022,248034,248036,2,12
248022,248035,248037,2,13
248022,248034,248037,3,12
248022,248034,248036,2,12
248022,248034,248037,3,12
248022,248034,248037,3,12
248022,248033,248037,4,11
248022,248033,248037,4,11
248022,248035,248038,3,13
248022,248035,248037,2,13
248022,248035,248037,2,13
248022,248036,248037,1,14
248022,248035,248037,2,13
248022,248037,248038,1,15
248022,248034,248037,3,12
248022,248035,248037,2,13
248022,248036,248037,1,14
248022,248037,248038,1,15
248022,248034,248037,3,12
248022,248034,248037,3,12
248022,248037,248038,1,15
248022,248037,248038,1,15
248022,248037,248038,1,15
248022,248037,248038,1,15
248022,248037,248038,1,15
248022,248037,248038,1,15
248022,248037,248039,2,15
248022,248037,248039,2,15
248022,248037,248039,2,15
248022,248037,248039,2,15
248022,248038,248039,1,16
248022,248038,248039,1,16
248022,248038,248039,1,16
248022,248038,248039,1,16
248022,248038,248039,1,16
248022,248037,248039,2,15
248022,248038,248039,1,16
248022,248038,248039,1,16
248022,248038,248039,1,16
248022,248038,248040,2,16
248022,248038,248039,1,16
248022,248038,248039,1,16
248022,248038,248039,1,16
248022,248038,248039,1,16
248022,248038,248040,2,16
248022,248039,248040,1,17
248022,248039,248040,1,17
248022,248039,248040,1,17
248022,248039,248041,2,17
248022,248039,248041,2,17
248022,248039,248041,2,17
248022,248039,248041,2,17
248022,248039,248041,2,17
248022,248040,248041,1,18
248022,248040,248041,1,18
248022,248040,248041,1,18
248022,248040,248041,1,18
248022,248040,248041,1,18
248022,248040,248042,2,18
248022,248040,248042,2,18
248022,248040,248042,2,18
242967,242982,248203,5221,15
248204,248204,248206,2,0
248204,248204,248206,2,0
248204,248204,248206,2,0
248204,248204,248206,2,0
248204,248204,248206,2,0
248204,248204,248206,2,0
248204,248204,248207,3,0
248204,248204,248206,2,0
248204,248204,248206,2,0
248204,248204,248207,3,0
248204,248204,248207,3,0
248204,248204,248206,2,0
248204,248204,248207,3,0
248204,248204,248207,3,0
248204,248204,248208,4,0
248204,248204,248207,3,0
248204,248204,248208,4,0
248204,248204,248207,3,0
248204,248204,248208,4,0
248204,248204,248208,4,0
248204,248204,248208,4,0
248204,248204,248207,3,0
248204,248204,248207,3,0
248204,248206,248208,2,2
248204,248207,248209,2,3
248204,248207,248209,2,3
248204,248204,248208,4,0
248204,248207,248209,2,3
248204,248207,248209,2,3
248204,248207,248209,2,3
248204,248204,248209,5,0
248204,248207,248210,3,3
248204,248207,248210,3,3
248204,248208,248210,2,4
248204,248208,248210,2,4
248204,248207,248210,3,3
248204,248207,248209,2,3
248204,248208,248210,2,4
248204,248208,248210,2,4
248204,248207,248209,2,3
248204,248207,248209,2,3
248204,248207,248209,2,3
248204,248207,248210,3,3
248204,248208,248210,2,4
248204,248208,248210,2,4
248204,248208,248210,2,4
248204,248208,248210,2,4
248204,248208,248210,2,4
248204,248209,248210,1,5
248204,248209,248210,1,5
248204,248209,248210,1,5
248204,248209,248211,2,5
248204,248209,248211,2,5
248204,248209,248211,2,5
248204,248209,248211,2,5
248204,248209,248211,2,5
248204,248210,248212,2,6
248204,248210,248212,2,6
248204,248210,248212,2,6
248204,248210,248212,2,6
248204,248210,248212,2,6
248204,248210,248212,2,6
248204,248210,248212,2,6
248204,248210,248212,2,6
248204,248210,248212,2,6
248204,248210,248212,2,6
248204,248210,248212,2,6
248204,248210,248212,2,6
248204,248210,248212,2,6
248204,248210,248212,2,6
248204,248211,248214,3,7
248204,248211,248214,3,7
248204,248211,248214,3,7
248204,248210,248214,4,6
248204,248210,248214,4,6
248204,248210,248214,4,6
248204,248211,248214,3,7
248204,248214,248215,1,10
248204,248212,248215,3,8
248204,248214,248215,1,10
248204,248211,248214,3,7
248204,248212,248214,2,8
248204,248211,248214,3,7
248204,248212,248215,3,8
248204,248212,248215,3,8
248204,248211,248214,3,7
248204,248214,248215,1,10
248204,248212,248215,3,8
248204,248212,248215,3,8
248204,248212,248215,3,8
248204,248212,248215,3,8
248204,248212,248215,3,8
248204,248212,248214,2,8
248204,248211,248215,4,7
248204,248212,248215,3,8
248204,248212,248215,3,8
248204,248212,248215,3,8
248204,248215,248216,1,11
248204,248215,248216,1,11
248204,248212,248215,3,8
248204,248215,248216,1,11
248204,248215,248216,1,11
248204,248215,248216,1,11
248204,248214,248216,2,10
248204,248214,248216,2,10
248204,248215,248216,1,11
248204,248215,248216,1,11
248204,248215,248217,2,11
248204,248215,248217,2,11
248204,248215,248217,2,11
248204,248215,248217,2,11
248204,248216,248217,1,12
248204,248216,248217,1,12
248204,248216,248217,1,12
248204,248216,248217,1,12
248204,248216,248217,1,12
248204,248216,248217,1,12
248204,248216,248217,1,12
248204,248216,248217,1,12
248204,248216,248217,1,12
248204,248215,248218,3,11
248204,248216,248218,2,12
248204,248216,248219,3,12
248204,248216,248219,3,12
248204,248216,248219,3,12
248204,248216,248219,3,12
248204,248216,248219,3,12
248204,248217,248220,3,13
248204,248217,248220,3,13
248204,248219,248220,1,15
248204,248216,248219,3,12
248204,248217,248220,3,13
248204,248217,248220,3,13
248204,248217,248220,3,13
248204,248217,248220,3,13
248204,248219,248220,1,15
248204,248218,248220,2,14
248204,248218,248220,2,14
248204,248218,248220,2,14
248204,248218,248220,2,14
248204,248218,248220,2,14
248204,248218,248220,2,14
248204,248218,248220,2,14
248204,248218,248220,2,14
248204,248218,248220,2,14
248204,248219,248220,1,15
248204,248219,248220,1,15
248204,248220,248221,1,16
248204,248219,248220,1,15
248204,248220,248221,1,16
248204,248217,248221,4,13
248204,248217,248221,4,13
248204,248221,248222,1,17
248204,248221,248222,1,17
248204,248220,248221,1,16
248204,248220,248221,1,16
248204,248220,248222,2,16
248204,248220,248222,2,16
248204,248220,248222,2,16
248204,248221,248222,1,17
248204,248221,248222,1,17
248204,248221,248222,1,17
248204,248221,248222,1,17
248204,248221,248222,1,17
248204,248221,248222,1,17
248204,248221,248222,1,17
248204,248221,248222,1,17
248204,248220,248223,3,16
248204,248221,248223,2,17
248204,248221,248223,2,17
248204,248221,248224,3,17
248204,248221,248224,3,17
248204,248221,248224,3,17
248204,248222,248224,2,18
248204,248222,248224,2,18
248204,248222,248225,3,18
248204,248223,248225,2,19
248204,248222,248225,3,18
248204,248222,248224,2,18
248204,248222,248224,2,18
248204,248223,248225,2,19
248204,248222,248225,3,18
248204,248224,248225,1,20
248204,248224,248225,1,20
248204,248222,248225,3,18
248204,248223,248225,2,19
248204,248223,248225,2,19
248204,248223,248225,2,19
248204,248223,248225,2,19
248204,248223,248225,2,19
248204,248223,248225,2,19
248204,248223,248225,2,19
248204,248224,248225,1,20
248204,248222,248226,4,18
248204,248223,248226,3,19
248204,248224,248225,1,20
248204,248223,248225,2,19
244786,244803,248282,3479,17
248284,248284,248285,1,0
248284,248284,248285,1,0
248284,248284,248285,1,0
248284,248284,248285,1,0
248284,248284,248285,1,0
248284,248284,248285,1,0
248284,248284,248286,2,0
248284,248284,248285,1,0
248284,248284,248285,1,0
248284,248284,248285,1,0
248284,248284,248285,1,0
248284,248284,248286,2,0
248284,248284,248286,2,0
248284,248284,248286,2,0
248284,248284,248286,2,0
248284,248284,248286,2,0
248284,248284,248285,1,0
248284,248284,248286,2,0
248284,248284,248285,1,0
248284,248284,248286,2,0
248284,248284,248286,2,0
248284,248285,248286,1,1
248284,248284,248286,2,0
248284,248284,248287,3,0
248284,248284,248286,2,0
248284,248284,248286,2,0
248284,248286,248287,1,2
248284,248286,248287,1,2
248284,248286,248287,1,2
248284,248286,248288,2,2
248284,248286,248288,2,2
248284,248286,248287,1,2
248284,248286,248288,2,2
248284,248286,248288,2,2
248284,248286,248288,2,2
248284,248286,248288,2,2
248284,248286,248288,2,2
248284,248286,248288,2,2
248284,248286,248288,2,2
248284,248286,248288,2,2
248284,248286,248288,2,2
248284,248287,248288,1,3
248284,248287,248289,2,3
248284,248287,248289,2,3
248284,248287,248289,2,3
248284,248286,248288,2,2
248284,248286,248288,2,2
248284,248286,248288,2,2
248284,248289,248290,1,5
248284,248287,248289,2,3
248284,248287,248289,2,3
248284,248288,248289,1,4
248284,248288,248289,1,4
248284,248288,248289,1,4
248284,248288,248290,2,4
248284,248288,248290,2,4
248284,248288,248289,1,4
248284,248288,248289,1,4
248284,248288,248289,1,4
248284,248287,248290,3,3
248284,248288,248290,2,4
248284,248288,248290,2,4
248284,248288,248290,2,4
248284,248288,248290,2,4
248284,248288,248290,2,4
248284,248288,248290,2,4
248284,248288,248290,2,4
248284,248290,248291,1,6
248284,248290,248291,1,6
248284,248290,248291,1,6
248284,248289,248291,2,5
248284,248289,248291,2,5
248284,248289,248291,2,5
248284,248290,248291,1,6
248284,248289,248291,2,5
248284,248289,248291,2,5
248284,248289,248291,2,5
248284,248290,248292,2,6
248284,248290,248292,2,6
248284,248290,248291,1,6
248284,248290,248291,1,6
248284,248290,248291,1,6
248284,248291,248292,1,7
248284,248290,248292,2,6
248284,248290,248291,1,6
248284,248290,248291,1,6
248284,248290,248292,2,6
248284,248290,248292,2,6
248284,248291,248292,1,7
248284,248290,248291,1,6
248284,248290,248291,1,6
248284,248290,248291,1,6
248284,248290,248291,1,6
248284,248290,248292,2,6
248284,248292,248293,1,8
248284,248291,248292,1,7
248284,248292,248293,1,8
248284,248292,248293,1,8
248284,248291,248292,1,7
248284,248291,248293,2,7
248284,248291,248292,1,7
248284,248291,248292,1,7
248284,248291,248293,2,7
248284,248293,248294,1,9
248284,248292,248293,1,8
248284,248292,248294,2,8
248284,248292,248293,1,8
248284,248292,248293,1,8
248284,248292,248293,1,8
248284,248293,248294,1,9
248284,248292,248294,2,8
248284,248292,248294,2,8
248284,248293,248294,1,9
248284,248292,248294,2,8
248284,248292,248294,2,8
248284,248291,248293,2,7
248284,248292,248294,2,8
248284,248292,248294,2,8
248284,248292,248294,2,8
248284,248292,248294,2,8
248284,248293,248294,1,9
248284,248294,248295,1,10
248284,248293,248295,2,9
248284,248292,248295,3,8
248284,248293,248295,2,9
248284,248293,248295,2,9
248284,248293,248295,2,9
248284,248293,248295,2,9
248284,248293,248295,2,9
248284,248295,248296,1,11
248284,248294,248296,2,10
248284,248294,248296,2,10
248284,248294,248296,2,10
248284,248294,248296,2,10
248284,248294,248296,2,10
248284,248294,248295,1,10
248284,248294,248296,2,10
248284,248294,248296,2,10
248284,248294,248296,2,10
248284,248294,248296,2,10
248284,248294,248296,2,10
248284,248294,248296,2,10
248284,248294,248296,2,10
248284,248294,248296,2,10
248284,248294,248296,2,10
248284,248294,248296,2,10
248284,248295,248296,1,11
248284,248296,248297,1,12
248284,248296,248297,1,12
248284,248295,248297,2,11
248284,248295,248297,2,11
248284,248295,248297,2,11
248284,248295,248297,2,11
248284,248296,248297,1,12
248284,248296,248297,1,12
248284,248296,248297,1,12
248284,248297,248298,1,13
248284,248296,248298,2,12
248284,248296,248298,2,12
248284,248296,248298,2,12
248284,248296,248298,2,12
248284,248296,248298,2,12
248284,248296,248298,2,12
248284,248296,248298,2,12
248284,248296,248298,2,12
248284,248296,248298,2,12
248284,248296,248298,2,12
248284,248297,248298,1,13
248284,248297,248298,1,13
248284,248296,248298,2,12
248284,248297,248298,1,13
248284,248297,248298,1,13
248284,248298,248299,1,14
248284,248297,248298,1,13
248284,248298,248299,1,14
248284,248299,248300,1,15
248284,248297,248299,2,13
248284,248297,248299,2,13
248284,248298,248299,1,14
248284,248298,248299,1,14
248284,248298,248299,1,14
248284,248298,248299,1,14
248284,248298,248299,1,14
248284,248299,248300,1,15
248284,248298,248300,2,14
248284,248298,248300,2,14
248284,248298,248300,2,14
248284,248298,248300,2,14
248284,248298,248299,1,14
248284,248299,248300,1,15
248284,248299,248300,1,15
248284,248299,248300,1,15
248284,248299,248300,1,15
248284,248299,248300,1,15
248284,248299,248300,1,15
248284,248299,248300,1,15
248284,248299,248300,1,15
248284,248299,248300,1,15
248284,248299,248301,2,15
243395,243430,248366,4936,35
248368,248368,248369,1,0
248368,248368,248369,1,0
248368,248368,248369,1,0
248368,248368,248370,2,0
248368,248368,248369,1,0
248368,248368,248369,1,0
248368,248368,248370,2,0
248368,248368,248370,2,0
248368,248368,248369,1,0
248368,248368,248369,1,0
248368,248368,248369,1,0
248368,248368,248370,2,0
248368,248368,248370,2,0
248368,248368,248370,2,0
248368,248368,248370,2,0
248368,248368,248370,2,0
248368,248368,248370,2,0
248368,248368,248370,2,0
248368,248368,248370,2,0
248368,248368,248370,2,0
248368,248368,248370,2,0
248368,248368,248370,2,0
248368,248368,248370,2,0
248368,248368,248370,2,0
248368,248368,248371,3,0
248368,248370,248371,1,2
248368,248370,248371,1,2
248368,248370,248371,1,2
248368,248370,248371,1,2
248368,248370,248372,2,2
248368,248370,248372,2,2
248368,248370,248372,2,2
248368,248370,248372,2,2
248368,248370,248372,2,2
248368,248370,248372,2,2
248368,248371,248373,2,3
248368,248371,248373,2,3
248368,248371,248373,2,3
248368,248370,248372,2,2
248368,248371,248373,2,3
248368,248370,248372,2,2
248368,248370,248372,2,2
248368,248371,248373,2,3
248368,248371,248373,2,3
248368,248371,248373,2,3
248368,248370,248373,3,2
248368,248370,248373,3,2
248368,248370,248373,3,2
248368,248371,248373,2,3
248368,248372,248373,1,4
248368,248372,248373,1,4
248368,248372,248373,1,4
248368,248372,248373,1,4
248368,248372,248374,2,4
248368,248372,248374,2,4
248368,248372,248374,2,4
248368,248372,248374,2,4
248368,248371,248373,2,3
248368,248372,248374,2,4
248368,248372,248374,2,4
248368,248374,248375,1,6
248368,248374,248375,1,6
248368,248373,248375,2,5
248368,248373,248375,2,5
248368,248373,248374,1,5
248368,248373,248375,2,5
248368,248373,248375,2,5
248368,248374,248375,1,6
248368,248374,248375,1,6
248368,248373,248375,2,5
248368,248373,248375,2,5
248368,248374,248375,1,6
248368,248373,248375,2,5
248368,248373,248375,2,5
248368,248373,248375,2,5
248368,248373,248375,2,5
248368,248373,248375,2,5
248368,248375,248376,1,7
248368,248375,248376,1,7
248368,248375,248376,1,7
248368,248373,248375,2,5
248368,248374,248376,2,6
248368,248374,248375,1,6
248368,248374,248375,1,6
248368,248374,248375,1,6
248368,248374,248375,1,6
248368,248374,248375,1,6
248368,248373,248376,3,5
248368,248376,248377,1,8
248368,248375,248376,1,7
248368,248375,248376,1,7
248368,248375,248377,2,7
248368,248375,248377,2,7
248368,248375,248377,2,7
248368,248375,248376,1,7
248368,248376,248377,1,8
248368,248375,248377,2,7
248368,248375,248377,2,7
248368,248375,248377,2,7
248368,248375,248377,2,7
248368,248375,248377,2,7
248368,248375,248377,2,7
248368,248375,248377,2,7
248368,248375,248377,2,7
248368,248377,248378,1,9
248368,248376,248377,1,8
248368,248376,248378,2,8
248368,248376,248378,2,8
248368,248376,248378,2,8
248368,248376,248378,2,8
248368,248376,248378,2,8
248368,248376,248378,2,8
248368,248376,248378,2,8
248368,248376,248378,2,8
248368,248378,248379,1,10
248368,248377,248379,2,9
248368,248378,248379,1,10
248368,248377,248378,1,9
248368,248377,248378,1,9
248368,248377,248378,1,9
248368,248377,248379,2,9
248368,248377,248379,2,9
248368,248377,248379,2,9
248368,248377,248379,2,9
248368,248377,248379,2,9
248368,248378,248379,1,10
248368,248377,248379,2,9
248368,248377,248379,2,9
248368,248377,248379,2,9
248368,248377,248379,2,9
248368,248378,248379,1,10
248368,248379,248380,1,11
248368,248377,248379,2,9
248368,248379,248380,1,11
248368,248379,248380,1,11
248368,248378,248380,2,10
248368,248378,248380,2,10
248368,248378,248380,2,10
248368,248378,248380,2,10
248368,248378,248380,2,10
248368,248378,248380,2,10
248368,248379,248380,1,11
248368,248380,248381,1,12
248368,248379,248381,2,11
248368,248379,248381,2,11
248368,248380,248381,1,12
248368,248379,248381,2,11
248368,248379,248381,2,11
248368,248379,248381,2,11
248368,248379,248381,2,11
248368,248379,248381,2,11
248368,248379,248381,2,11
248368,248379,248381,2,11
248368,248379,248381,2,11
248368,248379,248381,2,11
248368,248380,248382,2,12
248368,248380,248381,1,12
248368,248380,248382,2,12
248368,248381,248382,1,13
248368,248380,248382,2,12
248368,248380,248381,1,12
248368,248381,248382,1,13
248368,248381,248382,1,13
248368,248381,248382,1,13
248368,248381,248382,1,13
248368,248381,248382,1,13
248368,248382,248383,1,14
248368,248381,248383,2,13
248368,248382,248383,1,14
248368,248381,248382,1,13
248368,248382,248383,1,14
248368,248381,248383,2,13
248368,248381,248382,1,13
248368,248381,248383,2,13
248368,248380,248383,3,12
248368,248381,248383,2,13
248368,248381,248383,2,13
248368,248382,248383,1,14
248368,248382,248383,1,14
248368,248382,248383,1,14
248368,248382,248383,1,14
248368,248382,248383,1,14
248368,248382,248383,1,14
248368,248383,248384,1,15
248368,248382,248383,1,14
248368,248382,248383,1,14
248368,248382,248383,1,14
248368,248383,248384,1,15
248368,248382,248384,2,14
248368,248383,248384,1,15
248368,248383,248384,1,15
248368,248383,248384,1,15
248368,248383,248384,1,15
248368,248383,248384,1,15
248368,248383,248385,2,15
248368,248384,248385,1,16
248368,248384,248385,1,16
248368,248384,248385,1,16
248368,248384,248385,1,16
244737,244761,248387,3626,24
248395,248395,248397,2,0
248395,248395,248396,1,0
248395,248395,248397,2,0
248395,248395,248396,1,0
248395,248395,248397,2,0
248395,248395,248397,2,0
248395,248395,248397,2,0
248395,248395,248397,2,0
248395,248395,248397,2,0
248395,248395,248397,2,0
248395,248395,248397,2,0
248395,248395,248397,2,0
248395,248395,248397,2,0
248395,248395,248397,2,0
248395,248395,248397,2,0
248395,248395,248398,3,0
248395,248395,248397,2,0
248395,248395,248399,4,0
248395,248395,248399,4,0
248395,248395,248399,4,0
248395,248397,248399,2,2
248395,248395,248399,4,0
248395,248397,248400,3,2
248395,248395,248399,4,0
248395,248397,248399,2,2
248395,248395,248399,4,0
248395,248397,248400,3,2
248395,248397,248400,3,2
248395,248397,248400,3,2
248395,248397,248401,4,2
248395,248397,248400,3,2
248395,248397,248401,4,2
248395,248397,248400,3,2
248395,248398,248400,2,3
248395,248397,248400,3,2
248395,248398,248400,2,3
248395,248397,248400,3,2
248395,248398,248401,3,3
248395,248398,248401,3,3
248395,248400,248401,1,5
248395,248400,248401,1,5
248395,248400,248402,2,5
248395,248398,248401,3,3
248395,248400,248402,2,5
248395,248400,248401,1,5
248395,248400,248402,2,5
248395,248400,248402,2,5
248395,248400,248402,2,5
248395,248401,248402,1,6
248395,248401,248402,1,6
248395,248401,248402,1,6
248395,248400,248402,2,5
248395,248401,248403,2,6
248395,248401,248402,1,6
248395,248402,248404,2,7
248395,248401,248404,3,6
248395,248401,248404,3,6
248395,248401,248404,3,6
248395,248401,248404,3,6
248395,248401,248405,4,6
248395,248402,248405,3,7
248395,248401,248404,3,6
248395,248402,248405,3,7
248395,248401,248405,4,6
248395,248401,248405,4,6
248395,248402,248405,3,7
248395,248404,248406,2,9
248395,248403,248405,2,8
248395,248403,248406,3,8
248395,248402,248405,3,7
248395,248403,248405,2,8
248395,248402,248405,3,7
248395,248395,248405,10,0
248395,248403,248406,3,8
248395,248403,248406,3,8
248395,248405,248406,1,10
248395,248403,248406,3,8
248395,248406,248407,1,11
248395,248403,248406,3,8
248395,248403,248406,3,8
248395,248403,248406,3,8
248395,248406,248407,1,11
248395,248404,248406,2,9
248395,248404,248406,2,9
248395,248405,248407,2,10
248395,248405,248407,2,10
248395,248406,248407,1,11
248395,248404,248406,2,9
248395,248405,248406,1,10
248395,248405,248407,2,10
248395,248395,248406,11,0
248395,248404,248406,2,9
248395,248405,248407,2,10
248395,248405,248407,2,10
248395,248407,248408,1,12
248395,248406,248407,1,11
248395,248406,248407,1,11
248395,248406,248408,2,11
248395,248406,248407,1,11
248395,248406,248408,2,11
248395,248406,248407,1,11
248395,248406,248408,2,11
248395,248407,248409,2,12
248395,248407,248408,1,12
248395,248407,248409,2,12
248395,248407,248408,1,12
248395,248407,248409,2,12
248395,248407,248409,2,12
248395,248407,248408,1,12
248395,248407,248408,1,12
248395,248407,248409,2,12
248395,248407,248409,2,12
248395,248407,248409,2,12
248395,248408,248409,1,13
248395,248408,248410,2,13
248395,248408,248409,1,13
248395,248408,248410,2,13
248395,248407,248410,3,12
248395,248408,248410,2,13
248395,248408,248410,2,13
248395,248407,248410,3,12
248395,248407,248410,3,12
248395,248407,248410,3,12
248395,248409,248411,2,14
248395,248409,248410,1,14
248395,248409,248411,2,14
248395,248409,248411,2,14
248395,248409,248411,2,14
248395,248406,248411,5,11
248395,248409,248411,2,14
248395,248408,248411,3,13
248395,248410,248411,1,15
248395,248410,248411,1,15
248395,248409,248411,2,14
248395,248409,248411,2,14
248395,248410,248411,1,15
248395,248411,248412,1,16
248395,248410,248411,1,15
248395,248409,248412,3,14
248395,248409,248412,3,14
248395,248410,248412,2,15
248395,248409,248411,2,14
248395,248410,248412,2,15
248395,248410,248412,2,15
248395,248408,248412,4,13
248395,248410,248412,2,15
248395,248410,248412,2,15
248395,248410,248412,2,15
248395,248411,248413,2,16
248395,248412,248413,1,17
248395,248411,248413,2,16
248395,248412,248413,1,17
248395,248411,248413,2,16
248395,248411,248413,2,16
248395,248407,248413,6,12
248395,248411,248413,2,16
248395,248412,248413,1,17
248395,248412,248414,2,17
248395,248412,248414,2,17
248395,248412,248414,2,17
248395,248412,248414,2,17
248395,248411,248414,3,16
248395,248412,248414,2,17
248395,248412,248414,2,17
248395,248412,248414,2,17
248395,248412,248414,2,17
248395,248412,248414,2,17
248395,248413,248414,1,18
248395,248413,248415,2,18
248395,248413,248415,2,18
248395,248414,248416,2,19
248395,248413,248415,2,18
248395,248413,248415,2,18
248395,248413,248415,2,18
248395,248413,248415,2,18
248395,248414,248416,2,19
248395,248413,248416,3,18
248395,248413,248416,3,18
248395,248414,248416,2,19
248395,248413,248416,3,18
248395,248414,248416,2,19
248395,248413,248416,3,18
248395,248415,248416,1,20
248395,248414,248416,2,19
248395,248415,248417,2,20
248395,248414,248417,3,19
248395,248414,248417,3,19
248395,248416,248417,1,21
248395,248411,248417,6,16
248395,248414,248417,3,19
248395,248414,248417,3,19
248395,248414,248417,3,19
248395,248415,248417,2,20
248395,248415,248417,2,20
248395,248416,248417,1,21
248395,248416,248417,1,21
248395,248416,248418,2,21
248395,248416,248418,2,21
248395,248416,248418,2,21
248395,248414,248422,8,19
245159,245174,248770,3596,15
248773,248773,248774,1,0
248773,248773,248774,1,0
248773,248773,248774,1,0
248773,248773,248774,1,0
248773,248773,248775,2,0
248773,248773,248775,2,0
248773,248773,248775,2,0
248773,248773,248774,1,0
248773,248773,248775,2,0
248773,248773,248775,2,0
248773,248773,248774,1,0
248773,248773,248775,2,0
248773,248773,248774,1,0
248773,248773,248775,2,0
248773,248773,248776,3,0
248773,248773,248776,3,0
248773,248773,248775,2,0
248773,248773,248775,2,0
248773,248774,248775,1,1
248773,248773,248775,2,0
248773,248773,248775,2,0
248773,248773,248775,2,0
248773,248773,248775,2,0
248773,248773,248775,2,0
248773,248773,248776,3,0
248773,248775,248776,1,2
248773,248775,248777,2,2
248773,248773,248776,3,0
248773,248775,248777,2,2
248773,248775,248776,1,2
248773,248775,248777,2,2
248773,248775,248777,2,2
248773,248775,248777,2,2
248773,248775,248777,2,2
248773,248775,248777,2,2
248773,248775,248777,2,2
248773,248775,248777,2,2
248773,248775,248777,2,2
248773,248776,248778,2,3
248773,248776,248778,2,3
248773,248776,248777,1,3
248773,248776,248778,2,3
248773,248776,248778,2,3
248773,248775,248777,2,2
248773,248776,248778,2,3
248773,248777,248778,1,4
248773,248777,248778,1,4
248773,248776,248779,3,3
248773,248776,248779,3,3
248773,248776,248778,2,3
248773,248777,248778,1,4
248773,248777,248779,2,4
248773,248777,248779,2,4
248773,248777,248779,2,4
248773,248777,248779,2,4
248773,248777,248779,2,4
248773,248776,248778,2,3
248773,248776,248778,2,3
248773,248778,248780,2,5
248773,248778,248780,2,5
248773,248779,248780,1,6
248773,248778,248780,2,5
248773,248778,248780,2,5
248773,248778,248780,2,5
248773,248778,248780,2,5
248773,248778,248780,2,5
248773,248778,248780,2,5
248773,248777,248779,2,4
248773,248777,248779,2,4
248773,248780,248781,1,7
248773,248779,248780,1,6
248773,248780,248781,1,7
248773,248778,248781,3,5
248773,248778,248781,3,5
248773,248779,248780,1,6
248773,248780,248781,1,7
248773,248779,248781,2,6
248773,248780,248781,1,7
248773,248780,248781,1,7
248773,248779,248781,2,6
248773,248779,248781,2,6
248773,248779,248781,2,6
248773,248779,248781,2,6
248773,248779,248781,2,6
248773,248779,248781,2,6
248773,248779,248781,2,6
248773,248780,248781,1,7
248773,248781,248782,1,8
248773,248781,248782,1,8
248773,248779,248781,2,6
248773,248779,248781,2,6
248773,248780,248782,2,7
248773,248781,248782,1,8
248773,248780,248782,2,7
248773,248780,248781,1,7
248773,248780,248782,2,7
248773,248780,248782,2,7
248773,248781,248783,2,8
248773,248782,248783,1,9
248773,248781,248782,1,8
248773,248781,248783,2,8
248773,248781,248782,1,8
248773,248781,248783,2,8
248773,248781,248783,2,8
248773,248781,248783,2,8
248773,248781,248783,2,8
248773,248781,248783,2,8
248773,248781,248783,2,8
248773,248781,248783,2,8
248773,248781,248783,2,8
248773,248781,248783,2,8
248773,248781,248783,2,8
248773,248782,248784,2,9
248773,248782,248783,1,9
248773,248782,248784,2,9
248773,248782,248784,2,9
248773,248782,248784,2,9
248773,248782,248784,2,9
248773,248783,248784,1,10
248773,248783,248784,1,10
248773,248783,248784,1,10
248773,248783,248784,1,10
248773,248783,248786,3,10
248773,248783,248786,3,10
248773,248783,248786,3,10
248773,248784,248786,2,11
248773,248783,248786,3,10
248773,248783,248787,4,10
248773,248784,248786,2,11
248773,248784,248786,2,11
248773,248784,248786,2,11
248773,248784,248786,2,11
248773,248784,248786,2,11
248773,248784,248787,3,11
248773,248783,248787,4,10
248773,248784,248787,3,11
248773,248784,248786,2,11
248773,248786,248787,1,13
248773,248783,248787,4,10
248773,248784,248787,3,11
248773,248783,248787,4,10
248773,248784,248787,3,11
248773,248785,248788,3,12
248773,248785,248788,3,12
248773,248785,248787,2,12
248773,248785,248788,3,12
248773,248787,248788,1,14
248773,248784,248788,4,11
248773,248784,248788,4,11
248773,248786,248788,2,13
248773,248787,248788,1,14
248773,248787,248788,1,14
248773,248787,248788,1,14
248773,248787,248788,1,14
248773,248787,248788,1,14
248773,248787,248788,1,14
248773,248787,248788,1,14
248773,248787,248788,1,14
248773,248787,248789,2,14
248773,248787,248788,1,14
248773,248787,248789,2,14
248773,248787,248789,2,14
248773,248787,248788,1,14
248773,248787,248789,2,14
248773,248787,248789,2,14
248773,248788,248789,1,15
248773,248788,248789,1,15
248773,248788,248792,4,15
248773,248788,248792,4,15
248773,248789,248792,3,16
248773,248789,248792,3,16
248773,248789,248792,3,16
248773,248789,248793,4,16
248773,248789,248792,3,16
248773,248789,248793,4,16
248773,248788,248792,4,15
248773,248788,248792,4,15
248773,248788,248792,4,15
248773,248789,248793,4,16
248773,248789,248793,4,16
248773,248790,248793,3,17
248773,248790,248793,3,17
248773,248790,248793,3,17
248773,248790,248793,3,17
248773,248789,248793,4,16
248773,248789,248793,4,16
248773,248789,248793,4,16
248773,248789,248793,4,16
248773,248789,248793,4,16
248773,248790,248793,3,17
248773,248788,248794,6,15
248773,248788,248794,6,15
248773,248793,248794,1,20
248773,248793,248794,1,20
248773,248793,248794,1,20
248773,248793,248794,1,20
248773,248793,248795,2,20
248773,248793,248794,1,20
248773,248793,248794,1,20
248773,248792,248794,2,19
245346,245372,248833,3461,26
248835,248835,248836,1,0
248835,248835,248837,2,0
248835,248835,248837,2,0
248835,248835,248837,2,0
248835,248835,248836,1,0
248835,248835,248837,2,0
248835,248835,248837,2,0
248835,248835,248836,1,0
248835,248835,248836,1,0
248835,248835,248836,1,0
248835,248835,248837,2,0
248835,248835,248836,1,0
248835,248835,248837,2,0
248835,248835,248836,1,0
248835,248835,248836,1,0
248835,248835,248837,2,0
248835,248835,248838,3,0
248835,248835,248837,2,0
248835,248835,248838,3,0
248835,248835,248837,2,0
248835,248836,248837,1,1
248835,248835,248838,3,0
248835,248835,248837,2,0
248835,248835,248837,2,0
248835,248837,248839,2,2
248835,248837,248839,2,2
248835,248837,248839,2,2
248835,248837,248839,2,2
248835,248837,248839,2,2
248835,248837,248839,2,2
248835,248837,248839,2,2
248835,248837,248839,2,2
248835,248837,248839,2,2
248835,248837,248838,1,2
248835,248837,248839,2,2
248835,248837,248839,2,2
248835,248837,248839,2,2
248835,248837,248839,2,2
248835,248838,248840,2,3
248835,248838,248840,2,3
248835,248837,248839,2,2
248835,248838,248839,1,3
248835,248838,248840,2,3
248835,248838,248840,2,3
248835,248838,248840,2,3
248835,248838,248840,2,3
248835,248838,248841,3,3
248835,248839,248841,2,4
248835,248839,248840,1,4
248835,248839,248841,2,4
248835,248839,248841,2,4
248835,248839,248841,2,4
248835,248839,248841,2,4
248835,248839,248841,2,4
248835,248839,248841,2,4
248835,248839,248841,2,4
248835,248839,248841,2,4
248835,248839,248841,2,4
248835,248839,248841,2,4
248835,248839,248841,2,4
248835,248840,248842,2,5
248835,248840,248842,2,5
248835,248840,248842,2,5
248835,248840,248842,2,5
248835,248840,248842,2,5
248835,248841,248842,1,6
248835,248841,248842,1,6
248835,248841,248842,1,6
248835,248841,248842,1,6
248835,248839,248841,2,4
248835,248840,248842,2,5
248835,248841,248843,2,6
248835,248841,248843,2,6
248835,248841,248843,2,6
248835,248841,248843,2,6
248835,248841,248842,1,6
248835,248842,248843,1,7
248835,248841,248842,1,6
248835,248841,248843,2,6
248835,248842,248843,1,7
248835,248842,248843,1,7
248835,248842,248843,1,7
248835,248842,248843,1,7
248835,248841,248843,2,6
248835,248841,248843,2,6
248835,248841,248842,1,6
248835,248840,248843,3,5
248835,248841,248843,2,6
248835,248842,248843,1,7
248835,248842,248844,2,7
248835,248842,248844,2,7
248835,248842,248843,1,7
248835,248843,248844,1,8
248835,248842,248844,2,7
248835,248835,248844,9,0
248835,248835,248845,10,0
248835,248843,248845,2,8
248835,248843,248844,1,8
248835,248843,248845,2,8
248835,248843,248844,1,8
248835,248843,248845,2,8
248835,248843,248845,2,8
248835,248843,248845,2,8
248835,248843,248845,2,8
248835,248844,248845,1,9
248835,248844,248845,1,9
248835,248844,248845,1,9
248835,248844,248845,1,9
248835,248844,248845,1,9
248835,248844,248845,1,9
248835,248844,248845,1,9
248835,248845,248846,1,10
248835,248844,248846,2,9
248835,248844,248846,2,9
248835,248844,248845,1,9
248835,248845,248846,1,10
248835,248844,248846,2,9
248835,248844,248846,2,9
248835,248845,248846,1,10
248835,248845,248847,2,10
248835,248845,248847,2,10
248835,248845,248847,2,10
248835,248845,248847,2,10
248835,248846,248847,1,11
248835,248846,248847,1,11
248835,248846,248847,1,11
248835,248846,248847,1,11
248835,248846,248847,1,11
248835,248846,248847,1,11
248835,248846,248847,1,11
248835,248846,248847,1,11
248835,248846,248847,1,11
248835,248846,248847,1,11
248835,248846,248847,1,11
248835,248846,248848,2,11
248835,248846,248848,2,11
248835,248846,248848,2,11
248835,248847,248848,1,12
248835,248847,248848,1,12
248835,248847,248848,1,12
248835,248847,248848,1,12
248835,248847,248849,2,12
248835,248847,248849,2,12
248835,248847,248849,2,12
248835,248848,248849,1,13
248835,248848,248849,1,13
248835,248848,248849,1,13
248835,248848,248849,1,13
248835,248848,248849,1,13
248835,248848,248849,1,13
248835,248848,248849,1,13
248835,248848,248850,2,13
248835,248848,248849,1,13
248835,248848,248849,1,13
248835,248848,248849,1,13
248835,248848,248850,2,13
248835,248848,248850,2,13
248835,248848,248850,2,13
248835,248849,248850,1,14
248835,248849,248850,1,14
248835,248849,248850,1,14
248835,248849,248851,2,14
248835,248849,248851,2,14
248835,248849,248851,2,14
248835,248849,248851,2,14
248835,248850,248851,1,15
248835,248850,248852,2,15
248835,248850,248851,1,15
248835,248850,248851,1,15
248835,248850,248851,1,15
248835,248850,248852,2,15
248835,248850,248852,2,15
248835,248850,248852,2,15
248835,248850,248851,1,15
248835,248850,248852,2,15
248835,248850,248852,2,15
248835,248850,248852,2,15
248835,248850,248852,2,15
248835,248851,248852,1,16
248835,248851,248852,1,16
248835,248851,248852,1,16
248835,248852,248853,1,17
248835,248852,248853,1,17
248835,248850,248852,2,15
248835,248850,248852,2,15
248835,248851,248853,2,16
248835,248851,248852,1,16
248835,248845,248853,8,10
248835,248845,248853,8,10
248835,248852,248853,1,17
248835,248851,248853,2,16
248835,248851,248853,2,16
248835,248852,248853,1,17
248835,248852,248853,1,17
248835,248852,248853,1,17
248835,248852,248854,2,17
245836,245850,249236,3386,14
249237,249237,249238,1,0
249237,249237,249238,1,0
249237,249237,249239,2,0
249237,249237,249239,2,0
249237,249237,249239,2,0
249237,249237,249239,2,0
249237,249237,249239,2,0
249237,249237,249239,2,0
249237,249237,249239,2,0
249237,249237,249238,1,0
249237,249237,249238,1,0
249237,249237,249239,2,0
249237,249237,249239,2,0
249237,249237,249239,2,0
249237,249237,249239,2,0
249237,249237,249239,2,0
249237,249237,249240,3,0
249237,249237,249240,3,0
249237,249237,249240,3,0
249237,249237,249239,2,0
249237,249237,249239,2,0
249237,249237,249240,3,0
249237,249238,249239,1,1
249237,249238,249240,2,1
249237,249237,249240,3,0
249237,249237,249240,3,0
249237,249237,249240,3,0
249237,249239,249241,2,2
249237,249239,249241,2,2
249237,249239,249241,2,2
249237,249239,249241,2,2
249237,249239,249241,2,2
249237,249239,249241,2,2
249237,249239,249241,2,2
249237,249239,249241,2,2
249237,249239,249241,2,2
249237,249239,249241,2,2
249237,249239,249241,2,2
249237,249239,249241,2,2
249237,249239,249242,3,2
249237,249239,249241,2,2
249237,249240,249242,2,3
249237,249240,249242,2,3
249237,249240,249242,2,3
249237,249240,249242,2,3
249237,249241,249242,1,4
249237,249241,249242,1,4
249237,249241,249242,1,4
249237,249241,249242,1,4
249237,249240,249242,2,3
249237,249240,249242,2,3
249237,249241,249243,2,4
249237,249241,249243,2,4
245877,245892,249243,3351,15
249237,249242,249243,1,5
249237,249242,249243,1,5
249237,249242,249243,1,5
249237,249242,249243,1,5
249237,249242,249243,1,5
249237,249242,249243,1,5
249237,249242,249243,1,5
249237,249242,249243,1,5
249237,249242,249243,1,5
249237,249242,249244,2,5
249237,249242,249244,2,5
249237,249242,249244,2,5
249237,249243,249244,1,6
249237,249243,249244,1,6
249237,249244,249245,1,7
249237,249244,249245,1,7
249237,249243,249244,1,6
249237,249244,249245,1,7
249237,249242,249244,2,5
249237,249242,249244,2,5
249237,249243,249244,1,6
249237,249243,249244,1,6
249237,249242,249245,3,5
249237,249243,249245,2,6
249237,249243,249245,2,6
249237,249244,249245,1,7
249237,249244,249245,1,7
249237,249244,249245,1,7
249237,249244,249245,1,7
249237,249244,249245,1,7
249237,249244,249245,1,7
249237,249244,249245,1,7
249237,249244,249245,1,7
249237,249244,249245,1,7
249237,249245,249246,1,8
249237,249245,249246,1,8
249237,249245,249246,1,8
249237,249245,249246,1,8
249237,249245,249246,1,8
249237,249246,249247,1,9
249237,249245,249246,1,8
249237,249246,249247,1,9
249237,249245,249246,1,8
249237,249245,249246,1,8
249237,249245,249246,1,8
249237,249245,249246,1,8
249237,249245,249247,2,8
249237,249245,249247,2,8
249237,249245,249247,2,8
249237,249246,249247,1,9
249237,249246,249247,1,9
249237,249246,249247,1,9
249237,249246,249247,1,9
249237,249246,249247,1,9
249237,249246,249247,1,9
249237,249247,249248,1,10
249237,249246,249247,1,9
249237,249246,249247,1,9
249237,249247,249248,1,10
249237,249246,249247,1,9
249237,249246,249247,1,9
249237,249246,249247,1,9
249237,249246,249247,1,9
249237,249246,249247,1,9
249237,249246,249247,1,9
249237,249247,249248,1,10
249237,249247,249248,1,10
249237,249247,249248,1,10
249237,249247,249248,1,10
249237,249248,249249,1,11
249237,249247,249249,2,10
249237,249247,249248,1,10
249237,249248,249249,1,11
249237,249248,249249,1,11
249237,249248,249249,1,11
249237,249247,249249,2,10
249237,249247,249249,2,10
249237,249248,249249,1,11
249237,249248,249249,1,11
249237,249248,249249,1,11
249237,249248,249249,1,11
249237,249248,249249,1,11
249237,249248,249249,1,11
249237,249249,249250,1,12
249237,249248,249249,1,11
249237,249247,249249,2,10
249237,249248,249249,1,11
249237,249248,249249,1,11
249237,249249,249250,1,12
249237,249248,249249,1,11
249237,249248,249249,1,11
249237,249249,249250,1,12
249237,249247,249249,2,10
249237,249247,249249,2,10
249237,249249,249250,1,12
249237,249248,249250,2,11
249237,249249,249250,1,12
249237,249249,249250,1,12
249237,249250,249251,1,13
249237,249249,249250,1,12
249237,249249,249250,1,12
249237,249250,249251,1,13
249237,249250,249251,1,13
249237,249249,249251,2,12
249237,249249,249251,2,12
249237,249250,249251,1,13
249237,249250,249251,1,13
249237,249250,249252,2,13
249237,249250,249251,1,13
249237,249250,249252,2,13
249237,249250,249251,1,13
249237,249250,249251,1,13
249237,249251,249252,1,14
249237,249249,249251,2,12
249237,249250,249251,1,13
249237,249250,249251,1,13
249237,249250,249251,1,13
249237,249250,249251,1,13
249237,249250,249251,1,13
249237,249251,249252,1,14
249237,249251,249252,1,14
249237,249250,249252,2,13
249237,249250,249252,2,13
249237,249251,249252,1,14
249237,249251,249253,2,14
249237,249251,249252,1,14
249237,249251,249252,1,14
249237,249252,249253,1,15
249237,249251,249253,2,14
249237,249251,249252,1,14
249237,249252,249253,1,15
249245,249252,249253,1,7
249245,249252,249253,1,7
249237,249251,249253,2,14
249237,249251,249253,2,14
249237,249252,249253,1,15
249237,249252,249253,1,15
249237,249252,249253,1,15
249237,249252,249253,1,15
249237,249252,249253,1,15
249237,249252,249253,1,15
249245,249253,249254,1,8
249245,249253,249254,1,8
249237,249252,249254,2,15
249237,249252,249254,2,15
249245,249253,249254,1,8
249237,249252,249254,2,15
249245,249252,249253,1,7
249245,249252,249254,2,7
249245,249252,249254,2,7
249237,249252,249254,2,15
249245,249253,249254,1,8
249245,249253,249255,2,8
249245,249253,249254,1,8
249245,249253,249254,1,8
249245,249253,249255,2,8
249245,249253,249255,2,8
249245,249253,249255,2,8
249245,249253,249255,2,8
249245,249254,249256,2,9
249245,249254,249256,2,9
249245,249254,249256,2,9
249245,249254,249257,3,9
249245,249254,249256,2,9
249245,249254,249257,3,9
249245,249254,249257,3,9
249245,249254,249257,3,9
249245,249255,249257,2,10
249245,249255,249257,2,10
249245,249254,249257,3,9
249245,249254,249257,3,9
249245,249256,249258,2,11
249245,249254,249257,3,9
249245,249255,249257,2,10
249245,249255,249257,2,10
249245,249254,249258,4,9
249245,249254,249258,4,9
249245,249255,249258,3,10
249245,249256,249258,2,11
249245,249256,249258,2,11
249245,249257,249259,2,12
249245,249257,249259,2,12
249245,249255,249258,3,10
249245,249255,249258,3,10
249245,249257,249258,1,12
249245,249257,249259,2,12
249245,249257,249259,2,12
249245,249257,249259,2,12
249245,249253,249259,6,8
249245,249258,249259,1,13
249245,249258,249259,1,13
249245,249258,249259,1,13
249245,249258,249260,2,13
249245,249258,249260,2,13
249245,249258,249261,3,13
249245,249258,249261,3,13
249245,249258,249261,3,13
249245,249258,249261,3,13
249245,249258,249262,4,13
249245,249258,249262,4,13
249245,249258,249262,4,13
249245,249260,249262,2,15
249245,249259,249262,3,14
249245,249259,249262,3,14
249245,249259,249262,3,14
249245,249259,249262,3,14
249245,249259,249262,3,14
249245,249259,249263,4,14
249245,249260,249264,4,15
249245,249259,249264,5,14
249245,249259,249264,5,14
249245,249259,249264,5,14
249245,249259,249264,5,14
249245,249260,249264,4,15
249245,249260,249264,4,15
249245,249261,249264,3,16
249245,249262,249265,3,17
249245,249262,249265,3,17
249245,249261,249264,3,16
249245,249263,249265,2,18
249245,249265,249266,1,20
249245,249265,249266,1,20
249245,249263,249266,3,18
249245,249263,249266,3,18
249245,249263,249266,3,18
249245,249262,249265,3,17
249245,249264,249266,2,19
249245,249262,249266,4,17
249245,249262,249265,3,17
249245,249262,249265,3,17
249245,249264,249266,2,19
249245,249264,249266,2,19
249245,249264,249266,2,19
249245,249266,249267,1,21
249245,249266,249267,1,21
249245,249266,249267,1,21
249245,249263,249266,3,18
249245,249263,249266,3,18
249245,249264,249266,2,19
249245,249265,249267,2,20
249245,249263,249266,3,18
249245,249265,249266,1,20
249245,249265,249267,2,20
249245,249265,249267,2,20
249245,249254,249267,13,9
249245,249267,249268,1,22
249245,249266,249268,2,21
249245,249266,249268,2,21
249245,249266,249268,2,21
249245,249266,249268,2,21
249245,249266,249268,2,21
249245,249266,249268,2,21
249245,249267,249268,1,22
249245,249267,249268,1,22
249245,249267,249268,1,22
249245,249266,249268,2,21
249245,249254,249268,14,9
249245,249267,249268,1,22
249245,249267,249268,1,22
249245,249267,249269,2,22
249245,249267,249269,2,22
249245,249267,249269,2,22
249245,249267,249269,2,22
249245,249267,249270,3,22
249245,249267,249270,3,22
249245,249267,249271,4,22
249245,249267,249271,4,22
249245,249268,249272,4,23
249245,249267,249271,4,22
249245,249269,249273,4,24
249245,249268,249273,5,23
249245,249268,249274,6,23
249245,249268,249274,6,23
249245,249268,249274,6,23
249245,249269,249274,5,24
249245,249269,249274,5,24
249245,249269,249274,5,24
249245,249269,249274,5,24
249245,249269,249274,5,24
249245,249269,249275,6,24
249245,249269,249274,5,24
249245,249269,249275,6,24
249245,249269,249275,6,24
249245,249268,249274,6,23
249245,249270,249275,5,25
249245,249271,249275,4,26
249245,249271,249277,6,26
249245,249272,249276,4,27
249245,249271,249276,5,26
249245,249272,249278,6,27
249245,249274,249278,4,29
249245,249274,249278,4,29
249245,249274,249277,3,29
249245,249271,249278,7,26
249245,249274,249278,4,29
249245,249259,249278,19,14
249245,249274,249278,4,29
249245,249275,249279,4,30
249245,249275,249278,3,30
249245,249275,249279,4,30
249245,249275,249279,4,30
249245,249275,249279,4,30
249245,249275,249279,4,30
249245,249268,249279,11,23
249245,249275,249279,4,30
249245,249275,249279,4,30
249245,249275,249280,5,30
249245,249276,249280,4,31
249245,249278,249280,2,33
249245,249279,249280,1,34
249245,249277,249280,3,32
249245,249279,249280,1,34
249245,249276,249280,4,31
249245,249275,249280,5,30
249245,249277,249280,3,32
249245,249279,249280,1,34
249245,249280,249281,1,35
249245,249279,249281,2,34
249245,249279,249281,2,34
249245,249277,249281,4,32
249245,249278,249281,3,33
249245,249279,249281,2,34
249245,249280,249281,1,35
249245,249278,249280,2,33
249245,249278,249281,3,33
249245,249278,249281,3,33
249245,249279,249281,2,34
249245,249278,249281,3,33
249245,249280,249281,1,35
249245,249281,249282,1,36
249245,249280,249282,2,35
249245,249280,249281,1,35
249245,249280,249281,1,35
249245,249280,249282,2,35
249245,249280,249282,2,35
249245,249280,249282,2,35
249245,249269,249282,13,24
249245,249281,249282,1,36
249245,249280,249282,2,35
249245,249281,249282,1,36
249245,249280,249282,2,35
249245,249279,249284,5,34
249245,249280,249284,4,35
244556,244571,249310,4739,15
249312,249312,249313,1,0
249312,249312,249313,1,0
249312,249312,249313,1,0
249312,249312,249314,2,0
249312,249312,249313,1,0
249312,249312,249313,1,0
249312,249312,249313,1,0
249312,249312,249313,1,0
249312,249312,249313,1,0
249312,249312,249313,1,0
249312,249312,249313,1,0
249312,249312,249313,1,0
249312,249312,249313,1,0
249312,249313,249314,1,1
249312,249312,249314,2,0
249312,249312,249314,2,0
249312,249312,249314,2,0
249312,249312,249314,2,0
249312,249312,249314,2,0
249312,249312,249314,2,0
249312,249312,249314,2,0
249312,249312,249314,2,0
249312,249312,249314,2,0
249312,249312,249314,2,0
249312,249312,249314,2,0
249312,249314,249315,1,2
249312,249314,249315,1,2
249312,249314,249315,1,2
249312,249314,249315,1,2
249312,249314,249315,1,2
249312,249314,249315,1,2
249312,249314,249316,2,2
249312,249314,249315,1,2
249312,249314,249316,2,2
249312,249315,249316,1,3
249312,249314,249316,2,2
249312,249315,249317,2,3
249312,249314,249316,2,2
249312,249314,249316,2,2
249312,249315,249316,1,3
249312,249315,249316,1,3
249312,249315,249317,2,3
249312,249315,249316,1,3
249312,249315,249316,1,3
249312,249315,249317,2,3
249312,249315,249317,2,3
249312,249315,249316,1,3
249312,249315,249317,2,3
249312,249316,249317,1,4
249312,249316,249317,1,4
249312,249316,249317,1,4
249312,249316,249317,1,4
249312,249316,249317,1,4
249312,249316,249317,1,4
249312,249315,249317,2,3
249312,249316,249317,1,4
249312,249312,249318,6,0
249312,249317,249318,1,5
249312,249317,249319,2,5
249312,249316,249318,2,4
249312,249317,249319,2,5
249312,249318,249319,1,6
249312,249316,249318,2,4
249312,249317,249319,2,5
249312,249317,249319,2,5
249312,249317,249318,1,5
249312,249317,249318,1,5
249312,249317,249319,2,5
249312,249317,249319,2,5
249312,249318,249319,1,6
249312,249318,249320,2,6
249312,249318,249319,1,6
249312,249318,249319,1,6
249312,249318,249319,1,6
249312,249318,249319,1,6
249312,249318,249319,1,6
249312,249317,249319,2,5
249312,249317,249319,2,5
249312,249317,249319,2,5
249312,249318,249320,2,6
249312,249318,249319,1,6
249312,249319,249320,1,7
249312,249320,249321,1,8
249312,249320,249321,1,8
249312,249319,249321,2,7
249312,249320,249321,1,8
249312,249320,249321,1,8
249312,249319,249321,2,7
249312,249319,249320,1,7
249312,249319,249321,2,7
249312,249319,249321,2,7
249312,249319,249321,2,7
249312,249320,249322,2,8
249312,249320,249321,1,8
249312,249320,249321,1,8
249312,249320,249321,1,8
249312,249319,249321,2,7
249312,249319,249321,2,7
249312,249320,249321,1,8
249312,249321,249322,1,9
249312,249321,249322,1,9
249312,249321,249322,1,9
249312,249319,249321,2,7
249312,249320,249322,2,8
249312,249320,249322,2,8
249312,249320,249322,2,8
249312,249320,249322,2,8
249312,249320,249321,1,8
249312,249322,249323,1,10
249312,249321,249322,1,9
249312,249321,249322,1,9
249312,249322,249323,1,10
249312,249321,249323,2,9
249312,249321,249323,2,9
249312,249321,249323,2,9
249312,249321,249323,2,9
249312,249323,249324,1,11
249312,249322,249324,2,10
249312,249322,249323,1,10
249312,249322,249324,2,10
249312,249322,249324,2,10
249312,249322,249324,2,10
249312,249322,249323,1,10
249312,249323,249324,1,11
249312,249322,249323,1,10
249312,249322,249324,2,10
249312,249322,249324,2,10
249312,249322,249324,2,10
249312,249322,249324,2,10
249312,249322,249324,2,10
249312,249322,249324,2,10
249312,249322,249324,2,10
249312,249322,249324,2,10
249312,249322,249324,2,10
249312,249323,249324,1,11
249312,249323,249325,2,11
249312,249323,249325,2,11
249312,249323,249325,2,11
249312,249323,249325,2,11
249312,249323,249325,2,11
249312,249324,249326,2,12
249312,249324,249326,2,12
249312,249319,249326,7,7
249312,249326,249327,1,14
249312,249324,249326,2,12
249312,249324,249327,3,12
249312,249324,249326,2,12
249312,249324,249326,2,12
249312,249324,249327,3,12
249312,249326,249327,1,14
249312,249324,249327,3,12
249312,249325,249327,2,13
249312,249325,249327,2,13
249312,249324,249327,3,12
249312,249324,249327,3,12
249312,249324,249327,3,12
249312,249325,249327,2,13
249312,249325,249327,2,13
249312,249324,249327,3,12
249312,249324,249327,3,12
249312,249324,249327,3,12
249312,249326,249327,1,14
249312,249324,249327,3,12
249312,249325,249327,2,13
249312,249325,249327,2,13
249312,249327,249328,1,15
249312,249324,249327,3,12
249312,249327,249328,1,15
249312,249325,249328,3,13
249312,249327,249328,1,15
249312,249328,249329,1,16
249312,249327,249328,1,15
249312,249327,249329,2,15
249312,249327,249329,2,15
249312,249327,249329,2,15
249312,249327,249329,2,15
249312,249328,249329,1,16
249312,249328,249329,1,16
249312,249328,249329,1,16
249312,249328,249329,1,16
249312,249328,249329,1,16
249312,249328,249329,1,16
249312,249328,249330,2,16
249312,249328,249329,1,16
249312,249328,249330,2,16
249312,249328,249329,1,16
249312,249328,249329,1,16
249312,249328,249330,2,16
249312,249328,249329,1,16
249312,249328,249330,2,16
249312,249329,249330,1,17
249312,249327,249332,5,15
249312,249329,249332,3,17
249312,249329,249333,4,17
249312,249329,249333,4,17
249787,249787,249788,1,0
249787,249787,249788,1,0
249787,249787,249788,1,0
249787,249787,249788,1,0
249787,249787,249789,2,0
249787,249787,249789,2,0
249787,249787,249788,1,0
249787,249787,249789,2,0
249787,249787,249788,1,0
249787,249787,249789,2,0
249787,249787,249789,2,0
249787,249787,249789,2,0
249787,249787,249788,1,0
249787,249787,249788,1,0
249787,249787,249789,2,0
249787,249787,249789,2,0
249787,249787,249789,2,0
249787,249788,249789,1,1
249787,249788,249789,1,1
249787,249788,249790,2,1
249787,249788,249789,1,1
249787,249787,249790,3,0
249787,249787,249790,3,0
249787,249788,249789,1,1
249787,249788,249789,1,1
249787,249787,249789,2,0
249787,249787,249789,2,0
249787,249788,249790,2,1
249787,249789,249790,1,2
249787,249789,249791,2,2
249787,249789,249791,2,2
249787,249789,249790,1,2
249787,249789,249790,1,2
249787,249789,249791,2,2
249787,249789,249791,2,2
249787,249789,249791,2,2
249787,249789,249791,2,2
249787,249789,249791,2,2
249787,249789,249791,2,2
249787,249789,249790,1,2
249787,249789,249791,2,2
249787,249790,249791,1,3
249787,249789,249791,2,2
249787,249789,249791,2,2
249787,249790,249792,2,3
249787,249790,249792,2,3
249787,249790,249792,2,3
249787,249790,249792,2,3
249787,249790,249792,2,3
249787,249790,249791,1,3
249787,249790,249792,2,3
249787,249790,249792,2,3
249787,249791,249793,2,4
249787,249791,249792,1,4
249787,249791,249793,2,4
249787,249791,249793,2,4
249787,249791,249793,2,4
249787,249791,249793,2,4
249787,249791,249792,1,4
249787,249791,249792,1,4
249787,249791,249793,2,4
249787,249792,249793,1,5
249787,249791,249793,2,4
249787,249791,249793,2,4
249787,249791,249793,2,4
249787,249791,249793,2,4
249787,249791,249793,2,4
249787,249791,249793,2,4
249787,249791,249793,2,4
249787,249792,249794,2,5
249787,249792,249794,2,5
249787,249792,249794,2,5
249787,249792,249794,2,5
249787,249793,249794,1,6
249787,249793,249794,1,6
249787,249793,249794,1,6
249787,249793,249794,1,6
249787,249791,249794,3,4
249787,249793,249794,1,6
249787,249793,249794,1,6
249787,249792,249794,2,5
249787,249793,249794,1,6
249787,249794,249795,1,7
249787,249794,249795,1,7
249787,249793,249795,2,6
249787,249793,249795,2,6
249787,249794,249795,1,7
249787,249794,249795,1,7
249787,249794,249795,1,7
249787,249794,249795,1,7
249787,249794,249795,1,7
249787,249795,249796,1,8
249787,249794,249795,1,7
249787,249794,249795,1,7
249787,249794,249796,2,7
249787,249794,249796,2,7
249787,249795,249796,1,8
249787,249795,249796,1,8
249787,249796,249797,1,9
249787,249796,249797,1,9
249787,249795,249796,1,8
249787,249796,249797,1,9
249787,249795,249796,1,8
249787,249795,249796,1,8
249787,249795,249796,1,8
249787,249795,249796,1,8
249787,249795,249796,1,8
249787,249795,249797,2,8
249787,249796,249797,1,9
249787,249796,249797,1,9
249787,249795,249797,2,8
249787,249795,249797,2,8
249787,249796,249797,1,9
249787,249796,249797,1,9
249787,249796,249797,1,9
249787,249796,249797,1,9
249787,249797,249798,1,10
249787,249796,249797,1,9
249787,249797,249798,1,10
249787,249796,249797,1,9
249787,249797,249798,1,10
249787,249797,249798,1,10
249787,249796,249797,1,9
249787,249796,249798,2,9
249787,249796,249797,1,9
249787,249797,249798,1,10
249787,249797,249798,1,10
249787,249798,249799,1,11
249787,249797,249798,1,10
249787,249798,249799,1,11
249787,249798,249799,1,11
249787,249797,249799,2,10
249787,249797,249799,2,10
249787,249797,249798,1,10
249787,249797,249799,2,10
249787,249797,249799,2,10
249787,249797,249799,2,10
249787,249797,249799,2,10
249787,249798,249799,1,11
249787,249797,249799,2,10
249787,249797,249799,2,10
249787,249798,249799,1,11
249787,249798,249799,1,11
249787,249798,249799,1,11
249787,249798,249799,1,11
249787,249799,249800,1,12
249787,249799,249800,1,12
249787,249798,249799,1,11
249787,249798,249799,1,11
249787,249798,249799,1,11
249787,249799,249800,1,12
249787,249799,249800,1,12
249787,249798,249800,2,11
249787,249798,249800,2,11
249787,249798,249800,2,11
249787,249800,249801,1,13
249787,249800,249801,1,13
249787,249799,249800,1,12
249787,249800,249801,1,13
249787,249800,249801,1,13
249787,249799,249800,1,12
249787,249799,249800,1,12
249787,249799,249801,2,12
249787,249799,249801,2,12
249787,249799,249801,2,12
249787,249799,249801,2,12
249787,249799,249801,2,12
249787,249800,249801,1,13
249787,249800,249801,1,13
249787,249800,249801,1,13
249787,249800,249802,2,13
249787,249800,249801,1,13
249787,249800,249801,1,13
249787,249800,249801,1,13
249787,249800,249801,1,13
249787,249801,249802,1,14
249787,249800,249801,1,13
249787,249801,249802,1,14
249787,249801,249802,1,14
249787,249801,249802,1,14
249787,249800,249802,2,13
249787,249800,249802,2,13
249787,249800,249802,2,13
249787,249801,249802,1,14
249787,249801,249802,1,14
249787,249801,249802,1,14
249787,249802,249803,1,15
249787,249802,249803,1,15
249787,249801,249803,2,14
246296,246313,250063,3750,17
250066,250066,250067,1,0
250066,250066,250067,1,0
250066,250066,250067,1,0
250066,250066,250067,1,0
250066,250066,250067,1,0
250066,250066,250068,2,0
250066,250066,250067,1,0
250066,250066,250068,2,0
250066,250066,250067,1,0
250066,250066,250067,1,0
250066,250066,250067,1,0
250066,250066,250068,2,0
250066,250066,250069,3,0
250066,250066,250068,2,0
250066,250066,250068,2,0
250066,250066,250068,2,0
250066,250066,250068,2,0
250066,250066,250068,2,0
250066,250066,250068,2,0
250066,250066,250068,2,0
250066,250066,250068,2,0
250066,250066,250068,2,0
250066,250066,250068,2,0
250066,250066,250068,2,0
250066,250066,250068,2,0
250066,250068,250069,1,2
250066,250068,250069,1,2
250066,250068,250069,1,2
250066,250068,250069,1,2
250066,250068,250069,1,2
250066,250068,250069,1,2
250066,250068,250069,1,2
250066,250068,250069,1,2
250066,250068,250069,1,2
250066,250068,250069,1,2
250066,250069,250070,1,3
250066,250068,250070,2,2
250066,250069,250071,2,3
250066,250069,250071,2,3
250066,250069,250071,2,3
250066,250069,250071,2,3
250066,250069,250071,2,3
250066,250069,250071,2,3
250066,250069,250071,2,3
250066,250069,250071,2,3
250066,250069,250071,2,3
250066,250070,250071,1,4
250066,250069,250071,2,3
250066,250069,250072,3,3
250066,250069,250071,2,3
250066,250069,250072,3,3
250066,250070,250072,2,4
250066,250070,250072,2,4
250066,250070,250072,2,4
250066,250070,250072,2,4
250066,250071,250072,1,5
250066,250070,250072,2,4
250066,250070,250072,2,4
250066,250070,250072,2,4
250066,250070,250072,2,4
250066,250070,250072,2,4
250066,250073,250074,1,7
250066,250071,250073,2,5
250066,250072,250073,1,6
250066,250072,250074,2,6
250066,250072,250074,2,6
250066,250072,250074,2,6
250066,250072,250074,2,6
250066,250072,250073,1,6
250066,250073,250074,1,7
250066,250073,250074,1,7
250066,250073,250074,1,7
250066,250072,250074,2,6
250066,250072,250074,2,6
250066,250073,250074,1,7
250066,250072,250074,2,6
250066,250072,250074,2,6
250066,250072,250074,2,6
250066,250073,250074,1,7
250066,250073,250074,1,7
250066,250073,250074,1,7
250066,250073,250074,1,7
250066,250074,250075,1,8
250066,250074,250075,1,8
250066,250073,250074,1,7
250066,250074,250075,1,8
250066,250074,250075,1,8
250066,250072,250074,2,6
250066,250072,250074,2,6
250066,250072,250074,2,6
250066,250074,250075,1,8
250066,250074,250075,1,8
250066,250074,250075,1,8
250066,250074,250075,1,8
250066,250074,250075,1,8
250066,250074,250075,1,8
250066,250074,250077,3,8
250066,250075,250077,2,9
250066,250075,250077,2,9
250066,250075,250077,2,9
250066,250075,250077,2,9
250066,250075,250078,3,9
250066,250075,250078,3,9
250066,250075,250077,2,9
250066,250075,250077,2,9
250066,250075,250078,3,9
250066,250075,250078,3,9
250066,250075,250077,2,9
250066,250075,250078,3,9
250066,250075,250078,3,9
250066,250075,250078,3,9
250066,250075,250078,3,9
250066,250078,250079,1,12
250066,250075,250078,3,9
250066,250076,250079,3,10
250066,250076,250078,2,10
250066,250076,250079,3,10
250066,250076,250078,2,10
250066,250075,250078,3,9
250066,250076,250079,3,10
250066,250076,250079,3,10
250066,250075,250079,4,9
250066,250077,250079,2,11
250066,250078,250079,1,12
250066,250079,250080,1,13
250066,250078,250079,1,12
250066,250078,250079,1,12
250066,250078,250080,2,12
250066,250078,250080,2,12
250066,250078,250079,1,12
250066,250078,250079,1,12
250066,250078,250080,2,12
250066,250078,250079,1,12
250066,250078,250079,1,12
250066,250078,250080,2,12
250066,250078,250080,2,12
250066,250078,250080,2,12
250066,250079,250081,2,13
250066,250079,250081,2,13
250066,250079,250081,2,13
250066,250079,250081,2,13
250066,250079,250081,2,13
250066,250079,250081,2,13
250066,250079,250081,2,13
250066,250079,250081,2,13
250066,250080,250082,2,14
250066,250079,250081,2,13
250066,250080,250082,2,14
250066,250079,250081,2,13
250066,250079,250081,2,13
250066,250080,250082,2,14
250066,250080,250082,2,14
250066,250080,250082,2,14
250066,250080,250082,2,14
250066,250080,250082,2,14
250066,250080,250082,2,14
250066,250080,250082,2,14
250066,250080,250082,2,14
250066,250080,250082,2,14
250066,250080,250082,2,14
250066,250080,250082,2,14
250066,250080,250082,2,14
250066,250081,250083,2,15
250066,250081,250083,2,15
250066,250081,250083,2,15
250066,250081,250083,2,15
250066,250081,250083,2,15
250066,250081,250083,2,15
250066,250082,250084,2,16
250066,250082,250083,1,16
250066,250082,250083,1,16
250066,250082,250083,1,16
250066,250082,250084,2,16
250066,250082,250084,2,16
250066,250082,250084,2,16
250066,250082,250084,2,16
250066,250082,250084,2,16
250066,250082,250084,2,16
250066,250082,250083,1,16
250066,250082,250084,2,16
250066,250082,250083,1,16
250066,250082,250084,2,16
250066,250082,250084,2,16
250066,250081,250084,3,15
250066,250082,250084,2,16
250066,250082,250084,2,16
250066,250084,250085,1,18
250066,250084,250085,1,18
250066,250082,250084,2,16
250066,250083,250085,2,17
250066,250083,250085,2,17
250066,250083,250085,2,17
250066,250083,250085,2,17
250066,250083,250085,2,17
250066,250084,250085,1,18
250066,250084,250086,2,18
250066,250084,250086,2,18
250066,250084,250086,2,18
250066,250084,250086,2,18
246643,246663,250246,3583,20
250247,250247,250248,1,0
250247,250247,250248,1,0
250247,250247,250248,1,0
250247,250247,250249,2,0
250247,250247,250249,2,0
250247,250247,250249,2,0
250247,250247,250249,2,0
250247,250247,250249,2,0
250247,250247,250249,2,0
250247,250247,250249,2,0
250247,250247,250248,1,0
250247,250247,250249,2,0
250247,250247,250248,1,0
250247,250247,250248,1,0
250247,250247,250249,2,0
250247,250247,250249,2,0
250247,250247,250249,2,0
250247,250247,250249,2,0
250247,250247,250249,2,0
250247,250247,250250,3,0
250247,250247,250249,2,0
250247,250247,250249,2,0
250247,250248,250249,1,1
250247,250248,250250,2,1
250247,250247,250250,3,0
250247,250247,250249,2,0
250247,250247,250250,3,0
250247,250249,250250,1,2
250247,250249,250251,2,2
250247,250249,250251,2,2
250247,250249,250251,2,2
250247,250249,250251,2,2
250247,250249,250251,2,2
250247,250249,250251,2,2
250247,250249,250251,2,2
250247,250249,250251,2,2
250247,250249,250251,2,2
250247,250249,250251,2,2
250247,250249,250251,2,2
250247,250249,250251,2,2
250247,250250,250252,2,3
250247,250250,250252,2,3
250247,250250,250252,2,3
250247,250250,250252,2,3
250247,250250,250252,2,3
250247,250250,250252,2,3
250247,250250,250252,2,3
250247,250251,250252,1,4
250247,250250,250253,3,3
250247,250251,250253,2,4
250247,250251,250253,2,4
250247,250251,250253,2,4
250247,250251,250253,2,4
250247,250251,250253,2,4
250247,250250,250253,3,3
250247,250252,250253,1,5
250247,250252,250253,1,5
250247,250252,250253,1,5
250247,250252,250253,1,5
250247,250252,250253,1,5
250247,250251,250253,2,4
250247,250251,250253,2,4
250247,250251,250253,2,4
250247,250252,250254,2,5
250247,250252,250254,2,5
250247,250252,250254,2,5
250247,250252,250254,2,5
250247,250254,250255,1,7
250247,250253,250255,2,6
250247,250253,250254,1,6
250247,250253,250254,1,6
250247,250252,250254,2,5
250247,250253,250255,2,6
250247,250253,250254,1,6
250247,250253,250255,2,6
250247,250253,250255,2,6
250247,250254,250255,1,7
250247,250254,250255,1,7
250247,250255,250256,1,8
250247,250254,250255,1,7
250247,250254,250255,1,7
250247,250254,250255,1,7
250247,250255,250256,1,8
250247,250255,250256,1,8
250247,250254,250255,1,7
250247,250254,250255,1,7
250247,250254,250256,2,7
250247,250255,250256,1,8
250247,250254,250256,2,7
250247,250255,250256,1,8
250247,250255,250256,1,8
250247,250255,250256,1,8
250247,250255,250256,1,8
250247,250255,250256,1,8
250247,250255,250257,2,8
250247,250255,250257,2,8
250247,250256,250257,1,9
250247,250256,250257,1,9
250247,250256,250257,1,9
250247,250256,250257,1,9
250247,250256,250257,1,9
250247,250256,250258,2,9
250247,250256,250258,2,9
250247,250256,250257,1,9
250247,250256,250257,1,9
250247,250256,250257,1,9
250247,250256,250257,1,9
250247,250256,250257,1,9
250247,250257,250258,1,10
250247,250256,250258,2,9
250247,250255,250258,3,8
250247,250257,250259,2,10
250247,250258,250259,1,11
250247,250257,250258,1,10
250247,250257,250258,1,10
250247,250257,250258,1,10
250247,250258,250259,1,11
250247,250258,250259,1,11
250247,250257,250258,1,10
250247,250258,250259,1,11
250247,250256,250258,2,9
250247,250256,250258,2,9
250247,250256,250258,2,9
250247,250257,250259,2,10
250247,250257,250258,1,10
250247,250258,250259,1,11
250247,250258,250259,1,11
250247,250259,250260,1,12
250247,250259,250260,1,12
250247,250258,250259,1,11
250247,250258,250259,1,11
250247,250258,250259,1,11
250247,250258,250259,1,11
250247,250258,250259,1,11
250247,250258,250259,1,11
250247,250258,250259,1,11
250247,250258,250260,2,11
250247,250259,250261,2,12
250247,250259,250260,1,12
250247,250260,250261,1,13
250247,250260,250261,1,13
250247,250259,250261,2,12
250247,250259,250260,1,12
250247,250259,250260,1,12
250247,250259,250260,1,12
250247,250260,250261,1,13
250247,250259,250260,1,12
250247,250259,250260,1,12
250247,250260,250261,1,13
250247,250260,250261,1,13
250247,250259,250261,2,12
250247,250259,250261,2,12
250247,250259,250261,2,12
250247,250260,250261,1,13
250247,250260,250261,1,13
250247,250260,250261,1,13
250247,250260,250261,1,13
250247,250260,250261,1,13
250247,250260,250261,1,13
250247,250259,250261,2,12
250247,250260,250262,2,13
250247,250261,250262,1,14
250247,250261,250262,1,14
250247,250261,250262,1,14
250247,250261,250263,2,14
250247,250261,250263,2,14
250247,250261,250263,2,14
250247,250261,250262,1,14
250247,250261,250263,2,14
250247,250261,250262,1,14
250247,250261,250262,1,14
250247,250261,250263,2,14
250247,250262,250263,1,15
250247,250262,250263,1,15
250247,250261,250263,2,14
250247,250261,250263,2,14
250247,250261,250263,2,14
250247,250261,250263,2,14
250247,250261,250263,2,14
250247,250262,250264,2,15
250247,250263,250264,1,16
250247,250263,250264,1,16
250247,250261,250263,2,14
250247,250262,250263,1,15
250247,250262,250264,2,15
250247,250262,250263,1,15
250247,250262,250264,2,15
250247,250262,250264,2,15
250247,250263,250265,2,16
250247,250263,250265,2,16
250247,250263,250265,2,16
246807,246822,250360,3538,15
250361,250361,250364,3,0
250361,250361,250364,3,0
250361,250361,250364,3,0
250361,250361,250364,3,0
250361,250361,250364,3,0
250361,250362,250364,2,1
250361,250361,250364,3,0
250361,250362,250364,2,1
250361,250361,250365,4,0
250361,250361,250365,4,0
250361,250361,250365,4,0
250361,250361,250365,4,0
250361,250361,250365,4,0
250361,250361,250365,4,0
250361,250361,250365,4,0
250361,250362,250365,3,1
250361,250362,250365,3,1
250361,250361,250365,4,0
250361,250361,250365,4,0
250361,250361,250365,4,0
250361,250361,250365,4,0
250361,250361,250365,4,0
250361,250361,250365,4,0
250361,250361,250365,4,0
250361,250361,250365,4,0
250361,250365,250367,2,4
250361,250365,250367,2,4
250361,250365,250367,2,4
250361,250366,250368,2,5
250361,250366,250368,2,5
250361,250366,250367,1,5
250361,250365,250367,2,4
250361,250365,250367,2,4
250361,250366,250368,2,5
250361,250365,250367,2,4
250361,250365,250367,2,4
250361,250366,250368,2,5
250361,250366,250367,1,5
250361,250365,250367,2,4
250361,250365,250368,3,4
250361,250366,250368,2,5
250361,250366,250368,2,5
250361,250366,250368,2,5
250361,250366,250368,2,5
250361,250366,250368,2,5
250361,250366,250369,3,5
250361,250366,250369,3,5
250361,250366,250368,2,5
250361,250366,250368,2,5
250361,250366,250369,3,5
250361,250368,250369,1,7
250361,250368,250369,1,7
250361,250368,250369,1,7
250361,250368,250369,1,7
250361,250368,250369,1,7
250361,250368,250369,1,7
250361,250368,250369,1,7
250361,250368,250369,1,7
250361,250368,250369,1,7
250361,250368,250369,1,7
250361,250368,250369,1,7
250361,250368,250369,1,7
250361,250368,250370,2,7
250361,250369,250370,1,8
250361,250369,250370,1,8
250361,250370,250371,1,9
250361,250370,250371,1,9
250361,250370,250371,1,9
250361,250368,250370,2,7
250361,250369,250371,2,8
250361,250369,250370,1,8
250361,250369,250370,1,8
250361,250369,250370,1,8
250361,250370,250371,1,9
250361,250370,250371,1,9
250361,250369,250371,2,8
250361,250369,250370,1,8
250361,250370,250371,1,9
250361,250370,250371,1,9
250361,250370,250371,1,9
250361,250370,250371,1,9
250361,250370,250371,1,9
250361,250369,250371,2,8
250361,250369,250371,2,8
250361,250371,250374,3,10
250361,250371,250374,3,10
250361,250371,250374,3,10
250361,250371,250374,3,10
250361,250371,250374,3,10
250361,250371,250374,3,10
250361,250371,250375,4,10
250361,250371,250374,3,10
250361,250371,250374,3,10
250361,250371,250374,3,10
250361,250371,250374,3,10
250361,250371,250374,3,10
250361,250372,250375,3,11
250361,250371,250374,3,10
250361,250371,250375,4,10
250361,250371,250374,3,10
250361,250371,250374,3,10
250361,250372,250375,3,11
250361,250371,250374,3,10
250361,250371,250375,4,10
250361,250372,250375,3,11
250361,250372,250375,3,11
250361,250374,250375,1,13
250361,250372,250375,3,11
250361,250372,250375,3,11
250361,250374,250377,3,13
250361,250375,250377,2,14
250361,250375,250377,2,14
250361,250375,250378,3,14
250361,250374,250377,3,13
250361,250375,250378,3,14
250361,250375,250377,2,14
250361,250375,250377,2,14
250361,250375,250378,3,14
250361,250375,250378,3,14
250361,250375,250378,3,14
250361,250375,250378,3,14
250361,250375,250377,2,14
250361,250375,250377,2,14
250361,250375,250378,3,14
250361,250372,250377,5,11
250361,250375,250377,2,14
250361,250376,250378,2,15
250361,250376,250378,2,15
250361,250378,250379,1,17
250361,250375,250378,3,14
250361,250375,250378,3,14
250361,250377,250378,1,16
250361,250376,250379,3,15
250361,250375,250379,4,14
250361,250375,250378,3,14
250361,250378,250380,2,17
250361,250379,250380,1,18
250361,250376,250379,3,15
250361,250378,250379,1,17
250361,250378,250379,1,17
250361,250378,250379,1,17
250361,250378,250379,1,17
250361,250379,250380,1,18
250361,250378,250380,2,17
250361,250378,250380,2,17
250361,250378,250379,1,17
250361,250378,250380,2,17
250361,250378,250379,1,17
250361,250378,250380,2,17
250361,250378,250380,2,17
250361,250378,250379,1,17
250361,250379,250380,1,18
250361,250378,250380,2,17
250361,250378,250380,2,17
250361,250379,250380,1,18
250361,250380,250381,1,19
250361,250380,250381,1,19
250361,250380,250381,1,19
250361,250379,250381,2,18
250361,250380,250381,1,19
250361,250379,250380,1,18
250361,250379,250381,2,18
250361,250379,250381,2,18
250361,250379,250381,2,18
250361,250380,250381,1,19
250361,250381,250382,1,20
250361,250380,250382,2,19
250361,250380,250382,2,19
250361,250381,250382,1,20
250361,250380,250382,2,19
250361,250380,250382,2,19
250361,250381,250382,1,20
250361,250380,250382,2,19
250361,250380,250382,2,19
250361,250381,250382,1,20
250361,250380,250382,2,19
250361,250380,250382,2,19
250361,250381,250382,1,20
250361,250380,250382,2,19
250361,250380,250382,2,19
250361,250380,250382,2,19
250361,250380,250382,2,19
250361,250380,250382,2,19
250361,250380,250382,2,19
250361,250381,250382,1,20
250361,250382,250383,1,21
250361,250382,250383,1,21
250361,250381,250383,2,20
250361,250381,250382,1,20
250361,250381,250383,2,20
250361,250381,250383,2,20
250361,250382,250383,1,21
250361,250382,250383,1,21
250361,250382,250383,1,21
250361,250382,250386,4,21
250361,250382,250386,4,21
245519,245538,250520,4982,19
250521,250521,250522,1,0
250521,250521,250523,2,0
250521,250521,250523,2,0
250521,250521,250523,2,0
250521,250521,250523,2,0
250521,250521,250523,2,0
250521,250521,250523,2,0
250521,250521,250523,2,0
250521,250521,250523,2,0
250521,250521,250523,2,0
250521,250521,250523,2,0
250521,250521,250523,2,0
250521,250521,250523,2,0
250521,250521,250523,2,0
250521,250521,250523,2,0
250521,250521,250523,2,0
250521,250521,250524,3,0
250521,250521,250524,3,0
250521,250521,250524,3,0
250521,250521,250523,2,0
250521,250521,250524,3,0
250521,250522,250523,1,1
250521,250521,250524,3,0
250521,250521,250524,3,0
250521,250521,250523,2,0
250521,250523,250524,1,2
250521,250523,250525,2,2
250521,250523,250525,2,2
250521,250523,250525,2,2
250521,250523,250525,2,2
250521,250523,250525,2,2
250521,250523,250525,2,2
250521,250523,250525,2,2
250521,250523,250525,2,2
250521,250521,250524,3,0
250521,250523,250525,2,2
250521,250523,250525,2,2
250521,250523,250525,2,2
250521,250523,250525,2,2
250521,250524,250526,2,3
250521,250523,250525,2,2
250521,250523,250526,3,2
250521,250524,250527,3,3
250521,250525,250528,3,4
250521,250524,250527,3,3
250521,250525,250528,3,4
250521,250524,250528,4,3
250521,250524,250528,4,3
250521,250524,250528,4,3
250521,250525,250528,3,4
250521,250525,250528,3,4
250521,250524,250528,4,3
250521,250524,250528,4,3
250521,250525,250528,3,4
250521,250525,250528,3,4
250521,250525,250529,4,4
250521,250525,250529,4,4
250521,250525,250529,4,4
250521,250525,250529,4,4
250521,250526,250529,3,5
250521,250526,250529,3,5
250521,250526,250529,3,5
250521,250525,250529,4,4
250521,250527,250529,2,6
250521,250526,250529,3,5
250521,250527,250529,2,6
250521,250526,250530,4,5
250521,250528,250530,2,7
250521,250527,250530,3,6
250521,250528,250530,2,7
250521,250528,250530,2,7
250521,250528,250530,2,7
250521,250529,250530,1,8
250521,250528,250530,2,7
250521,250529,250530,1,8
250521,250529,250530,1,8
250521,250529,250530,1,8
250521,250529,250530,1,8
250521,250529,250530,1,8
250521,250530,250531,1,9
250521,250530,250531,1,9
250521,250530,250531,1,9
250521,250529,250531,2,8
250521,250529,250531,2,8
250521,250529,250531,2,8
250521,250530,250531,1,9
250521,250528,250531,3,7
250521,250530,250531,1,9
250521,250530,250531,1,9
250521,250531,250532,1,10
250521,250530,250531,1,9
250521,250530,250531,1,9
250521,250530,250531,1,9
250521,250530,250532,2,9
250521,250530,250532,2,9
250521,250531,250532,1,10
250521,250531,250532,1,10
250521,250531,250532,1,10
250521,250531,250532,1,10
250521,250531,250532,1,10
250521,250531,250533,2,10
250521,250531,250533,2,10
250521,250531,250533,2,10
250521,250531,250533,2,10
250521,250531,250533,2,10
250521,250531,250533,2,10
250521,250531,250534,3,10
250521,250531,250534,3,10
250521,250533,250534,1,12
250521,250532,250534,2,11
250521,250532,250534,2,11
250521,250532,250535,3,11
250521,250532,250534,2,11
250521,250532,250535,3,11
250521,250532,250534,2,11
250521,250532,250534,2,11
250521,250533,250534,1,12
250521,250533,250534,1,12
250521,250532,250535,3,11
250521,250533,250534,1,12
250521,250534,250535,1,13
250521,250534,250535,1,13
250521,250532,250535,3,11
250521,250533,250535,2,12
250521,250533,250535,2,12
250521,250533,250535,2,12
250521,250533,250535,2,12
250521,250535,250536,1,14
250521,250532,250535,3,11
250521,250534,250536,2,13
250521,250535,250536,1,14
250521,250535,250536,1,14
250521,250535,250536,1,14
250521,250535,250536,1,14
250521,250535,250536,1,14
250521,250535,250536,1,14
250521,250535,250536,1,14
250521,250535,250537,2,14
250521,250535,250536,1,14
250521,250535,250536,1,14
250521,250535,250536,1,14
250521,250536,250537,1,15
250521,250534,250536,2,13
250521,250535,250536,1,14
250521,250535,250536,1,14
250521,250535,250536,1,14
250521,250535,250536,1,14
250521,250535,250537,2,14
250521,250536,250537,1,15
250521,250536,250537,1,15
250521,250536,250537,1,15
250521,250536,250537,1,15
250521,250536,250537,1,15
250521,250536,250537,1,15
250521,250537,250540,3,16
250521,250537,250540,3,16
250521,250537,250541,4,16
250521,250537,250541,4,16
250521,250537,250541,4,16
250521,250537,250541,4,16
250521,250541,250542,1,20
250521,250541,250542,1,20
250521,250537,250541,4,16
250521,250538,250542,4,17
250521,250537,250541,4,16
250521,250541,250542,1,20
250521,250537,250542,5,16
250521,250537,250541,4,16
250521,250537,250542,5,16
250521,250537,250541,4,16
250521,250538,250542,4,17
250521,250537,250541,4,16
250521,250537,250541,4,16
250521,250541,250542,1,20
250521,250537,250541,4,16
250521,250537,250541,4,16
250521,250538,250542,4,17
250521,250537,250541,4,16
250521,250537,250542,5,16
250521,250537,250541,4,16
250521,250538,250542,4,17
250521,250538,250543,5,17
250521,250538,250542,4,17
250521,250542,250543,1,21
250521,250542,250543,1,21
250521,250542,250543,1,21
250521,250542,250543,1,21
250521,250542,250543,1,21
250521,250542,250543,1,21
250521,250542,250543,1,21
250521,250542,250543,1,21
250521,250542,250544,2,21
250521,250542,250544,2,21
250521,250542,250544,2,21
250521,250542,250544,2,21
246010,246032,250749,4717,22
250750,250750,250752,2,0
250750,250750,250752,2,0
250750,250750,250752,2,0
250750,250750,250753,3,0
250750,250750,250753,3,0
250750,250750,250753,3,0
250750,250750,250753,3,0
250750,250750,250753,3,0
250750,250750,250753,3,0
250750,250750,250753,3,0
250750,250750,250753,3,0
250750,250750,250753,3,0
250750,250750,250753,3,0
250750,250750,250753,3,0
250750,250750,250753,3,0
250750,250750,250752,2,0
250750,250750,250753,3,0
250750,250750,250753,3,0
250750,250750,250754,4,0
250750,250752,250754,2,2
250750,250750,250754,4,0
250750,250752,250754,2,2
250750,250750,250754,4,0
250750,250750,250754,4,0
250750,250750,250754,4,0
250750,250750,250754,4,0
250750,250750,250754,4,0
250750,250753,250755,2,3
250750,250753,250755,2,3
250750,250752,250754,2,2
250750,250753,250755,2,3
250750,250753,250755,2,3
250750,250753,250755,2,3
250750,250753,250755,2,3
250750,250753,250755,2,3
250750,250753,250755,2,3
250750,250753,250755,2,3
250750,250754,250756,2,4
250750,250753,250755,2,3
250750,250753,250756,3,3
250750,250754,250756,2,4
250750,250754,250756,2,4
250750,250753,250756,3,3
250750,250753,250756,3,3
250750,250753,250755,2,3
250750,250753,250756,3,3
250750,250754,250756,2,4
250750,250754,250756,2,4
250750,250755,250757,2,5
250750,250755,250757,2,5
250750,250755,250757,2,5
250750,250755,250757,2,5
250750,250754,250757,3,4
250750,250755,250757,2,5
250750,250754,250757,3,4
250750,250756,250758,2,6
250750,250756,250757,1,6
250750,250756,250757,1,6
250750,250755,250758,3,5
250750,250756,250758,2,6
250750,250757,250758,1,7
250750,250755,250758,3,5
250750,250757,250758,1,7
250750,250757,250758,1,7
250750,250756,250758,2,6
250750,250756,250758,2,6
250750,250756,250759,3,6
250750,250756,250759,3,6
250750,250756,250759,3,6
250750,250758,250759,1,8
250750,250758,250759,1,8
250750,250757,250759,2,7
250750,250757,250759,2,7
250750,250757,250759,2,7
250750,250758,250759,1,8
250750,250758,250759,1,8
250750,250758,250759,1,8
250750,250758,250759,1,8
250750,250757,250759,2,7
250750,250758,250760,2,8
250750,250758,250759,1,8
250750,250758,250759,1,8
250750,250759,250760,1,9
250750,250758,250760,2,8
250750,250759,250760,1,9
250750,250758,250760,2,8
250750,250759,250760,1,9
250750,250759,250761,2,9
250750,250758,250761,3,8
250750,250759,250761,2,9
250750,250760,250761,1,10
250750,250760,250761,1,10
250750,250760,250761,1,10
250750,250760,250762,2,10
250750,250760,250761,1,10
250750,250760,250761,1,10
250750,250760,250761,1,10
250750,250760,250761,1,10
250750,250760,250761,1,10
250750,250760,250761,1,10
250750,250760,250761,1,10
250750,250760,250761,1,10
250750,250760,250761,1,10
250750,250760,250761,1,10
250750,250760,250762,2,10
250750,250760,250762,2,10
250750,250760,250762,2,10
250750,250761,250762,1,11
250750,250761,250762,1,11
250750,250761,250763,2,11
250750,250761,250763,2,11
250750,250761,250763,2,11
250750,250762,250763,1,12
250750,250762,250763,1,12
250750,250762,250763,1,12
250750,250763,250764,1,13
250750,250762,250763,1,12
250750,250762,250763,1,12
250750,250762,250763,1,12
250750,250762,250763,1,12
250750,250762,250763,1,12
250750,250762,250763,1,12
250750,250761,250763,2,11
250750,250762,250763,1,12
250750,250762,250764,2,12
250750,250762,250764,2,12
250750,250764,250765,1,14
250750,250762,250764,2,12
250750,250763,250764,1,13
250750,250762,250764,2,12
250750,250762,250764,2,12
250750,250762,250764,2,12
250750,250762,250764,2,12
250750,250764,250765,1,14
250750,250764,250765,1,14
250750,250762,250764,2,12
250750,250762,250764,2,12
250750,250763,250764,1,13
250750,250764,250765,1,14
250750,250764,250766,2,14
250750,250764,250765,1,14
250750,250764,250765,1,14
250750,250765,250766,1,15
250750,250764,250765,1,14
250750,250764,250765,1,14
250750,250765,250766,1,15
250750,250764,250765,1,14
250750,250764,250765,1,14
250750,250764,250765,1,14
250750,250764,250766,2,14
250750,250764,250765,1,14
250750,250764,250765,1,14
250750,250764,250766,2,14
250750,250765,250766,1,15
250750,250765,250766,1,15
250750,250765,250766,1,15
250750,250765,250767,2,15
250750,250765,250767,2,15
250750,250765,250767,2,15
250750,250765,250767,2,15
250750,250765,250767,2,15
250750,250765,250767,2,15
250750,250766,250767,1,16
250750,250766,250767,1,16
250750,250767,250768,1,17
250750,250766,250768,2,16
250750,250766,250767,1,16
250750,250766,250767,1,16
250750,250766,250767,1,16
250750,250766,250767,1,16
250750,250766,250767,1,16
250750,250766,250767,1,16
250750,250766,250767,1,16
250750,250766,250767,1,16
250750,250766,250768,2,16
250750,250766,250768,2,16
250750,250766,250768,2,16
250750,250766,250768,2,16
250750,250768,250769,1,18
250750,250766,250768,2,16
250750,250767,250768,1,17
250750,250768,250769,1,18
250750,250767,250768,1,17
250750,250767,250769,2,17
250750,250767,250768,1,17
250750,250767,250769,2,17
250750,250768,250769,1,18
250750,250768,250769,1,18
250750,250767,250769,2,17
250750,250767,250769,2,17
250750,250767,250768,1,17
250750,250768,250770,2,18
250750,250768,250769,1,18
250750,250768,250769,1,18
250750,250768,250769,1,18
250750,250768,250769,1,18
247467,247485,250955,3470,18
250955,250955,250956,1,0
250955,250955,250957,2,0
250955,250955,250957,2,0
250955,250955,250957,2,0
250955,250955,250957,2,0
250955,250955,250957,2,0
250955,250955,250957,2,0
250955,250955,250957,2,0
250955,250955,250957,2,0
250955,250956,250957,1,1
250955,250955,250957,2,0
250955,250955,250957,2,0
250955,250956,250957,1,1
250955,250956,250957,1,1
250955,250955,250957,2,0
250955,250955,250957,2,0
250955,250956,250957,1,1
250955,250955,250958,3,0
250955,250955,250958,3,0
250955,250955,250958,3,0
250955,250956,250958,2,1
250955,250957,250958,1,2
250955,250956,250958,2,1
250955,250955,250958,3,0
250955,250956,250958,2,1
250955,250956,250958,2,1
250955,250958,250959,1,3
250955,250958,250959,1,3
250955,250958,250959,1,3
250955,250958,250959,1,3
250955,250958,250959,1,3
250955,250958,250960,2,3
250955,250958,250959,1,3
250955,250958,250959,1,3
250955,250958,250959,1,3
250955,250958,250959,1,3
250955,250958,250959,1,3
250955,250958,250960,2,3
250955,250958,250960,2,3
250955,250958,250959,1,3
250955,250958,250960,2,3
250955,250959,250960,1,4
250955,250959,250960,1,4
250955,250959,250960,1,4
250955,250959,250960,1,4
250955,250958,250960,2,3
250955,250959,250960,1,4
250955,250959,250960,1,4
250955,250959,250961,2,4
250955,250959,250961,2,4
250955,250959,250961,2,4
250955,250960,250961,1,5
250955,250960,250961,1,5
250955,250960,250961,1,5
250955,250960,250961,1,5
250955,250960,250961,1,5
250955,250960,250961,1,5
250955,250960,250961,1,5
250955,250960,250961,1,5
250955,250960,250961,1,5
250955,250960,250962,2,5
250955,250960,250961,1,5
250955,250960,250962,2,5
250955,250960,250962,2,5
250955,250961,250962,1,6
250955,250960,250962,2,5
250955,250961,250963,2,6
250955,250962,250963,1,7
250955,250961,250962,1,6
250955,250961,250962,1,6
250955,250961,250963,2,6
250955,250961,250962,1,6
250955,250961,250962,1,6
250955,250961,250963,2,6
250955,250961,250963,2,6
250955,250961,250962,1,6
250955,250961,250963,2,6
250955,250962,250963,1,7
250955,250962,250963,1,7
250955,250962,250963,1,7
250955,250962,250963,1,7
250955,250963,250964,1,8
250955,250962,250963,1,7
250955,250962,250963,1,7
250955,250962,250963,1,7
250955,250962,250963,1,7
250955,250962,250963,1,7
250955,250962,250963,1,7
250955,250963,250964,1,8
250955,250962,250963,1,7
250955,250963,250964,1,8
250955,250963,250964,1,8
250955,250963,250964,1,8
250955,250964,250965,1,9
250955,250964,250965,1,9
250955,250964,250965,1,9
250955,250964,250965,1,9
250955,250964,250965,1,9
250955,250964,250965,1,9
250955,250963,250964,1,8
250955,250963,250964,1,8
250955,250964,250965,1,9
250955,250963,250964,1,8
250955,250962,250964,2,7
250955,250963,250964,1,8
250955,250963,250964,1,8
250955,250963,250964,1,8
250955,250963,250965,2,8
250955,250964,250965,1,9
250955,250965,250966,1,10
250955,250965,250966,1,10
250955,250964,250965,1,9
250955,250964,250965,1,9
250955,250964,250965,1,9
250955,250964,250965,1,9
250955,250964,250965,1,9
250955,250965,250966,1,10
250955,250965,250966,1,10
250955,250965,250967,2,10
250955,250965,250966,1,10
250955,250965,250966,1,10
250955,250965,250966,1,10
250955,250966,250967,1,11
250955,250965,250966,1,10
250955,250966,250967,1,11
250955,250965,250967,2,10
250955,250965,250967,2,10
250955,250965,250967,2,10
250955,250965,250966,1,10
250955,250965,250967,2,10
250955,250965,250967,2,10
250955,250965,250967,2,10
250955,250965,250967,2,10
250955,250965,250967,2,10
250955,250965,250967,2,10
250955,250966,250967,1,11
250955,250966,250967,1,11
250955,250966,250967,1,11
250955,250966,250968,2,11
250955,250966,250967,1,11
250955,250966,250968,2,11
250955,250967,250968,1,12
250955,250967,250969,2,12
250955,250967,250969,2,12
250955,250967,250969,2,12
250955,250967,250968,1,12
250955,250967,250969,2,12
250955,250967,250969,2,12
250955,250967,250969,2,12
250955,250967,250969,2,12
250955,250967,250969,2,12
250955,250968,250969,1,13
250955,250967,250969,2,12
250955,250967,250969,2,12
250955,250967,250969,2,12
250955,250968,250969,1,13
250955,250967,250969,2,12
250955,250967,250969,2,12
250955,250967,250969,2,12
250955,250968,250970,2,13
250955,250968,250970,2,13
250955,250968,250969,1,13
250955,250967,250970,3,12
250955,250967,250970,3,12
250955,250967,250969,2,12
250955,250968,250970,2,13
250955,250969,250970,1,14
250955,250969,250970,1,14
250955,250969,250970,1,14
250955,250969,250970,1,14
250955,250969,250970,1,14
250955,250969,250970,1,14
250955,250969,250971,2,14
250955,250969,250971,2,14
250955,250969,250971,2,14
250955,250969,250970,1,14
250955,250969,250971,2,14
250955,250970,250971,1,15
250955,250970,250971,1,15
250955,250970,250971,1,15
250955,250970,250971,1,15
250955,250971,250972,1,16
250955,250971,250972,1,16
250955,250970,250971,1,15
250955,250970,250972,2,15
250955,250970,250972,2,15
250955,250970,250972,2,15
250955,250970,250972,2,15
250955,250970,250972,2,15
250955,250971,250972,1,16
250955,250971,250972,1,16
250955,250971,250972,1,16
250955,250971,250972,1,16
250955,250971,250972,1,16
250955,250971,250972,1,16
250955,250971,250972,1,16
250955,250971,250972,1,16
250955,250971,250973,2,16
247850,247866,251248,3382,16
251249,251249,251250,1,0
251249,251249,251250,1,0
251249,251249,251250,1,0
251249,251249,251251,2,0
251249,251249,251251,2,0
251249,251249,251251,2,0
251249,251249,251251,2,0
251249,251249,251250,1,0
251249,251249,251251,2,0
251249,251249,251251,2,0
251249,251249,251251,2,0
251249,251249,251251,2,0
251249,251249,251251,2,0
251249,251249,251251,2,0
251249,251249,251250,1,0
251249,251249,251251,2,0
251249,251249,251251,2,0
251249,251249,251252,3,0
251249,251249,251252,3,0
251249,251249,251252,3,0
251249,251250,251251,1,1
251249,251250,251252,2,1
251249,251249,251252,3,0
251249,251250,251252,2,1
251249,251249,251252,3,0
251249,251249,251252,3,0
251249,251249,251252,3,0
251249,251249,251252,3,0
251249,251251,251253,2,2
251249,251251,251253,2,2
251249,251251,251253,2,2
251249,251251,251253,2,2
251249,251251,251253,2,2
251249,251251,251253,2,2
251249,251251,251253,2,2
251249,251251,251253,2,2
251249,251252,251253,1,3
251249,251251,251253,2,2
251249,251251,251253,2,2
251249,251251,251253,2,2
251249,251251,251253,2,2
251249,251252,251253,1,3
251249,251252,251254,2,3
251249,251252,251254,2,3
251249,251252,251254,2,3
251249,251252,251254,2,3
251249,251252,251254,2,3
251249,251253,251254,1,4
251249,251252,251254,2,3
251249,251253,251254,1,4
251249,251253,251254,1,4
251249,251253,251255,2,4
251249,251253,251255,2,4
251249,251253,251255,2,4
251249,251254,251255,1,5
251249,251254,251255,1,5
251249,251254,251255,1,5
251249,251254,251255,1,5
251249,251254,251255,1,5
251249,251255,251256,1,6
251249,251254,251255,1,5
251249,251254,251255,1,5
251249,251254,251255,1,5
251249,251254,251255,1,5
251249,251255,251256,1,6
251249,251254,251256,2,5
251249,251254,251256,2,5
251249,251255,251256,1,6
251249,251255,251256,1,6
251249,251256,251257,1,7
251249,251256,251257,1,7
251249,251255,251257,2,6
251249,251254,251256,2,5
251249,251255,251256,1,6
251249,251255,251256,1,6
251249,251255,251256,1,6
251249,251255,251257,2,6
251249,251254,251257,3,5
251249,251257,251258,1,8
251249,251257,251258,1,8
251249,251257,251258,1,8
251249,251257,251258,1,8
251249,251256,251257,1,7
251249,251256,251257,1,7
251249,251256,251257,1,7
251249,251257,251258,1,8
251249,251256,251257,1,7
251249,251256,251257,1,7
251249,251255,251257,2,6
251249,251257,251258,1,8
251249,251257,251258,1,8
251249,251257,251258,1,8
251249,251257,251258,1,8
251249,251258,251259,1,9
251249,251257,251258,1,8
251249,251258,251259,1,9
251249,251258,251259,1,9
251249,251257,251258,1,8
251249,251257,251258,1,8
251249,251257,251258,1,8
251249,251257,251258,1,8
251249,251257,251258,1,8
251249,251257,251259,2,8
251249,251258,251259,1,9
251249,251259,251260,1,10
251249,251258,251259,1,9
251249,251258,251259,1,9
251249,251258,251259,1,9
251249,251258,251259,1,9
251249,251258,251259,1,9
251249,251259,251260,1,10
251249,251259,251260,1,10
251249,251259,251260,1,10
251249,251258,251260,2,9
251249,251258,251259,1,9
251249,251257,251259,2,8
251249,251258,251260,2,9
251249,251259,251260,1,10
251249,251259,251260,1,10
251249,251259,251261,2,10
251249,251259,251260,1,10
251249,251259,251260,1,10
251249,251260,251261,1,11
251249,251260,251261,1,11
251249,251260,251261,1,11
251249,251259,251260,1,10
251249,251259,251260,1,10
251249,251259,251261,2,10
251249,251259,251261,2,10
251249,251259,251261,2,10
251249,251259,251261,2,10
251249,251260,251261,1,11
251249,251260,251261,1,11
251249,251260,251261,1,11
251249,251260,251261,1,11
251249,251260,251261,1,11
251249,251261,251262,1,12
251249,251260,251261,1,11
251249,251261,251262,1,12
251249,251260,251261,1,11
251249,251261,251262,1,12
251249,251260,251261,1,11
251249,251260,251262,2,11
251249,251260,251262,2,11
251249,251260,251262,2,11
251249,251261,251262,1,12
251249,251261,251262,1,12
251249,251261,251263,2,12
251249,251261,251262,1,12
251249,251262,251263,1,13
251249,251262,251263,1,13
251249,251261,251262,1,12
251249,251262,251263,1,13
251249,251262,251263,1,13
251249,251262,251263,1,13
251249,251261,251263,2,12
251249,251261,251263,2,12
251249,251261,251262,1,12
251249,251261,251263,2,12
251249,251261,251263,2,12
251249,251262,251263,1,13
251249,251262,251263,1,13
251249,251262,251263,1,13
251249,251262,251263,1,13
251249,251263,251264,1,14
251249,251262,251263,1,13
251249,251262,251263,1,13
251249,251263,251264,1,14
251249,251263,251264,1,14
251249,251262,251264,2,13
251249,251262,251263,1,13
251249,251262,251264,2,13
251249,251262,251264,2,13
251249,251263,251264,1,14
251249,251263,251264,1,14
251249,251263,251264,1,14
251249,251263,251264,1,14
251249,251263,251264,1,14
251249,251264,251265,1,15
251249,251263,251264,1,14
251249,251263,251264,1,14
251249,251263,251265,2,14
251249,251263,251264,1,14
251249,251263,251265,2,14
251249,251263,251265,2,14
251249,251263,251265,2,14
251249,251264,251265,1,15
251249,251264,251265,1,15
251249,251264,251265,1,15
246542,246561,251494,4933,19
251494,251494,251497,3,0
251494,251494,251497,3,0
251494,251494,251497,3,0
251494,251494,251497,3,0
251494,251494,251497,3,0
251494,251494,251497,3,0
251494,251494,251497,3,0
251494,251494,251497,3,0
251494,251494,251497,3,0
251494,251494,251497,3,0
251494,251494,251497,3,0
251494,251494,251498,4,0
251494,251494,251498,4,0
251494,251494,251498,4,0
251494,251494,251498,4,0
251494,251494,251498,4,0
251494,251494,251498,4,0
251494,251494,251498,4,0
251494,251494,251498,4,0
251494,251494,251498,4,0
251494,251494,251498,4,0
251494,251494,251498,4,0
251494,251494,251498,4,0
251494,251494,251499,5,0
251494,251494,251499,5,0
251494,251497,251499,2,3
251494,251497,251499,2,3
251494,251497,251499,2,3
251494,251497,251499,2,3
251494,251497,251499,2,3
251494,251497,251499,2,3
251494,251497,251499,2,3
251494,251498,251499,1,4
251494,251497,251499,2,3
251494,251498,251499,1,4
251494,251498,251500,2,4
251494,251498,251500,2,4
251494,251497,251500,3,3
251494,251498,251501,3,4
251494,251498,251501,3,4
251494,251498,251501,3,4
251494,251498,251501,3,4
251494,251498,251502,4,4
251494,251499,251501,2,5
251494,251499,251502,3,5
251494,251498,251501,3,4
251494,251500,251502,2,6
251494,251500,251502,2,6
251494,251500,251502,2,6
251494,251499,251502,3,5
251494,251499,251502,3,5
251494,251499,251502,3,5
251494,251500,251503,3,6
251494,251500,251503,3,6
251494,251500,251503,3,6
251494,251500,251503,3,6
251494,251500,251503,3,6
251494,251500,251504,4,6
251494,251500,251503,3,6
251494,251500,251504,4,6
251494,251501,251504,3,7
251494,251500,251504,4,6
251494,251502,251504,2,8
251494,251502,251505,3,8
251494,251503,251504,1,9
251494,251503,251505,2,9
251494,251504,251505,1,10
251494,251503,251504,1,9
251494,251504,251505,1,10
251494,251502,251505,3,8
251494,251502,251505,3,8
251494,251503,251505,2,9
251494,251503,251505,2,9
251494,251502,251505,3,8
251494,251503,251505,2,9
251494,251502,251505,3,8
251494,251504,251505,1,10
251494,251505,251506,1,11
251494,251504,251505,1,10
251494,251504,251505,1,10
251494,251505,251506,1,11
251494,251505,251506,1,11
251494,251505,251506,1,11
251494,251504,251505,1,10
251494,251505,251506,1,11
251494,251501,251505,4,7
251494,251503,251505,2,9
251494,251503,251505,2,9
251494,251505,251506,1,11
251494,251505,251506,1,11
251494,251505,251506,1,11
251494,251505,251506,1,11
251494,251505,251506,1,11
251494,251506,251507,1,12
251494,251505,251506,1,11
251494,251506,251507,1,12
251494,251506,251507,1,12
251494,251506,251507,1,12
251494,251506,251507,1,12
251494,251506,251507,1,12
251494,251506,251507,1,12
251494,251506,251507,1,12
251494,251506,251507,1,12
251494,251506,251507,1,12
251494,251506,251507,1,12
251494,251506,251507,1,12
251494,251506,251507,1,12
251494,251506,251507,1,12
251494,251506,251508,2,12
251494,251506,251507,1,12
251494,251506,251508,2,12
251494,251507,251508,1,13
251494,251507,251508,1,13
251494,251507,251508,1,13
251494,251507,251508,1,13
251494,251507,251508,1,13
251494,251506,251509,3,12
251494,251507,251509,2,13
251494,251508,251510,2,14
251494,251507,251509,2,13
251494,251507,251509,2,13
251494,251507,251509,2,13
251494,251506,251510,4,12
251494,251508,251511,3,14
251494,251508,251511,3,14
251494,251508,251511,3,14
251494,251509,251511,2,15
251494,251508,251510,2,14
251494,251508,251510,2,14
251494,251508,251511,3,14
251494,251508,251510,2,14
251494,251508,251510,2,14
251494,251508,251510,2,14
251494,251508,251511,3,14
251494,251508,251511,3,14
251494,251508,251511,3,14
251494,251509,251512,3,15
251494,251509,251511,2,15
251494,251508,251511,3,14
251494,251509,251512,3,15
251494,251510,251512,2,16
251494,251510,251511,1,16
251494,251511,251512,1,17
251494,251509,251511,2,15
251494,251510,251511,1,16
251494,251510,251511,1,16
251494,251510,251511,1,16
251494,251511,251512,1,17
251494,251511,251512,1,17
251494,251509,251512,3,15
251494,251510,251512,2,16
251494,251512,251513,1,18
251494,251511,251512,1,17
251494,251511,251512,1,17
251494,251512,251513,1,18
251494,251511,251512,1,17
251494,251511,251512,1,17
251494,251512,251513,1,18
251494,251511,251512,1,17
251494,251511,251512,1,17
251494,251511,251512,1,17
251494,251511,251513,2,17
251494,251511,251513,2,17
251494,251512,251513,1,18
251494,251511,251513,2,17
251494,251512,251513,1,18
251494,251512,251513,1,18
251494,251512,251513,1,18
251494,251513,251514,1,19
251494,251513,251514,1,19
251494,251512,251514,2,18
251494,251512,251513,1,18
251494,251512,251513,1,18
251494,251512,251513,1,18
251494,251512,251513,1,18
251494,251512,251514,2,18
251494,251512,251514,2,18
251494,251513,251514,1,19
251494,251512,251514,2,18
251494,251513,251514,1,19
251494,251513,251514,1,19
251494,251513,251514,1,19
251494,251513,251514,1,19
251494,251513,251515,2,19
251494,251513,251514,1,19
251494,251513,251516,3,19
251494,251513,251516,3,19
251494,251513,251516,3,19
251494,251514,251517,3,20
251494,251514,251517,3,20
251494,251514,251516,2,20
251494,251514,251516,2,20
251494,251514,251517,3,20
251494,251514,251517,3,20
251494,251514,251517,3,20
251494,251514,251517,3,20
251494,251514,251517,3,20
248023,248040,251654,3614,17
251655,251655,251656,1,0
251655,251655,251656,1,0
251655,251655,251656,1,0
251655,251655,251656,1,0
251655,251655,251656,1,0
251655,251655,251657,2,0
251655,251655,251656,1,0
251655,251655,251656,1,0
251655,251655,251656,1,0
251655,251655,251656,1,0
251655,251655,251657,2,0
251655,251655,251657,2,0
251655,251655,251657,2,0
251655,251655,251657,2,0
251655,251655,251657,2,0
251655,251655,251656,1,0
251655,251655,251656,1,0
251655,251655,251657,2,0
251655,251655,251657,2,0
251655,251656,251657,1,1
251655,251655,251657,2,0
251655,251655,251657,2,0
251655,251655,251657,2,0
251655,251655,251657,2,0
251655,251655,251657,2,0
251655,251655,251657,2,0
251655,251657,251658,1,2
251655,251657,251658,1,2
251655,251657,251658,1,2
251655,251657,251658,1,2
251655,251657,251658,1,2
251655,251657,251658,1,2
251655,251657,251659,2,2
251655,251657,251659,2,2
251655,251657,251658,1,2
251655,251657,251658,1,2
251655,251657,251658,1,2
251655,251657,251658,1,2
251655,251657,251659,2,2
251655,251657,251658,1,2
251655,251657,251659,2,2
251655,251657,251659,2,2
251655,251657,251659,2,2
251655,251658,251659,1,3
251655,251658,251660,2,3
251655,251658,251659,1,3
251655,251658,251660,2,3
251655,251658,251660,2,3
251655,251658,251660,2,3
251655,251658,251660,2,3
251655,251658,251660,2,3
251655,251659,251660,1,4
251655,251659,251661,2,4
251655,251659,251660,1,4
251655,251659,251661,2,4
251655,251659,251660,1,4
251655,251659,251661,2,4
251655,251659,251660,1,4
251655,251659,251660,1,4
251655,251659,251660,1,4
251655,251659,251661,2,4
251655,251659,251661,2,4
251655,251659,251660,1,4
251655,251660,251661,1,5
251655,251659,251661,2,4
251655,251659,251661,2,4
251655,251659,251661,2,4
251655,251660,251662,2,5
251655,251661,251662,1,6
251655,251661,251662,1,6
251655,251661,251662,1,6
251655,251661,251662,1,6
251655,251661,251662,1,6
251655,251661,251662,1,6
251655,251660,251662,2,5
251655,251660,251662,2,5
251655,251660,251662,2,5
251655,251660,251662,2,5
251655,251660,251662,2,5
251655,251660,251662,2,5
251655,251660,251662,2,5
251655,251661,251662,1,6
251655,251661,251662,1,6
251655,251661,251662,1,6
251655,251661,251662,1,6
251655,251661,251662,1,6
251655,251662,251663,1,7
251655,251661,251662,1,6
251655,251661,251662,1,6
251655,251662,251663,1,7
251655,251662,251663,1,7
251655,251662,251663,1,7
251655,251661,251663,2,6
251655,251661,251663,2,6
251655,251660,251662,2,5
251655,251661,251663,2,6
251655,251662,251663,1,7
251655,251663,251664,1,8
251655,251663,251664,1,8
251655,251662,251663,1,7
251655,251662,251663,1,7
251655,251662,251663,1,7
251655,251662,251664,2,7
251655,251662,251664,2,7
251655,251662,251664,2,7
251655,251663,251664,1,8
251655,251662,251664,2,7
251655,251662,251664,2,7
251655,251663,251664,1,8
251655,251663,251664,1,8
251655,251664,251665,1,9
251655,251663,251664,1,8
251655,251664,251665,1,9
251655,251663,251664,1,8
251655,251663,251664,1,8
251655,251663,251664,1,8
251655,251663,251664,1,8
251655,251663,251665,2,8
251655,251663,251665,2,8
251655,251663,251664,1,8
251655,251663,251665,2,8
251655,251663,251665,2,8
251655,251663,251665,2,8
251655,251664,251666,2,9
251655,251665,251666,1,10
251655,251665,251666,1,10
251655,251664,251665,1,9
251655,251664,251665,1,9
251655,251664,251665,1,9
251655,251664,251666,2,9
251655,251664,251666,2,9
251655,251664,251666,2,9
251655,251664,251666,2,9
251655,251664,251666,2,9
251655,251664,251666,2,9
251655,251665,251667,2,10
251655,251665,251666,1,10
251655,251666,251667,1,11
251655,251665,251666,1,10
251655,251665,251666,1,10
251655,251665,251666,1,10
251655,251665,251667,2,10
251655,251665,251667,2,10
251655,251666,251667,1,11
251655,251665,251667,2,10
251655,251665,251666,1,10
251655,251665,251667,2,10
251655,251665,251667,2,10
251655,251665,251667,2,10
251655,251666,251668,2,11
251655,251666,251668,2,11
251655,251667,251668,1,12
251655,251666,251668,2,11
251655,251665,251668,3,10
251655,251666,251668,2,11
251655,251666,251668,2,11
251655,251666,251667,1,11
251655,251666,251668,2,11
251655,251666,251668,2,11
251655,251667,251668,1,12
251655,251666,251668,2,11
251655,251666,251668,2,11
251655,251667,251668,1,12
251655,251667,251668,1,12
251655,251667,251668,1,12
251655,251667,251669,2,12
251655,251667,251668,1,12
251655,251667,251669,2,12
251655,251667,251669,2,12
251655,251667,251669,2,12
251655,251667,251669,2,12
251655,251667,251669,2,12
251655,251668,251669,1,13
251655,251668,251669,1,13
251655,251668,251670,2,13
251655,251669,251670,1,14
251655,251668,251669,1,13
251655,251668,251670,2,13
251655,251668,251670,2,13
251655,251668,251670,2,13
251655,251668,251670,2,13
251655,251669,251670,1,14
251655,251669,251670,1,14
251655,251669,251670,1,14
251655,251669,251670,1,14
251655,251669,251670,1,14
251655,251669,251670,1,14
251655,251669,251671,2,14
251655,251669,251671,2,14
251655,251669,251671,2,14
251655,251669,251671,2,14
251655,251669,251671,2,14
251655,251668,251671,3,13
251655,251670,251671,1,15
251655,251670,251671,1,15
251655,251670,251671,1,15
251655,251670,251671,1,15
251655,251670,251671,1,15
251655,251670,251671,1,15
248397,248416,251774,3358,19
251775,251776,251777,1,1
251775,251776,251777,1,1
251775,251776,251777,1,1
251775,251776,251777,1,1
251775,251776,251777,1,1
251775,251776,251777,1,1
251775,251776,251777,1,1
251775,251776,251777,1,1
251775,251776,251777,1,1
251775,251776,251777,1,1
251775,251776,251778,2,1
251775,251776,251778,2,1
251775,251776,251778,2,1
251775,251776,251778,2,1
251775,251776,251778,2,1
251775,251776,251778,2,1
251775,251776,251779,3,1
251775,251776,251778,2,1
251775,251776,251778,2,1
251775,251776,251778,2,1
251775,251776,251778,2,1
251775,251776,251780,4,1
251775,251777,251780,3,2
251775,251778,251780,2,3
251775,251777,251780,3,2
251775,251777,251780,3,2
251775,251778,251781,3,3
251775,251778,251781,3,3
251775,251778,251781,3,3
251775,251778,251781,3,3
251775,251778,251781,3,3
251775,251778,251781,3,3
251775,251778,251781,3,3
251775,251778,251781,3,3
251775,251779,251782,3,4
251775,251779,251782,3,4
251775,251779,251783,4,4
251775,251781,251782,1,6
251775,251781,251782,1,6
251775,251779,251782,3,4
251775,251779,251782,3,4
251775,251779,251782,3,4
251775,251781,251783,2,6
251775,251781,251782,1,6
251775,251778,251782,4,3
251775,251780,251783,3,5
251775,251779,251782,3,4
251775,251779,251782,3,4
251775,251779,251782,3,4
251775,251779,251783,4,4
251775,251781,251783,2,6
251775,251779,251783,4,4
251775,251782,251785,3,7
251775,251782,251785,3,7
251775,251782,251785,3,7
251775,251782,251785,3,7
251775,251782,251785,3,7
251775,251783,251785,2,8
251775,251782,251785,3,7
251775,251783,251785,2,8
251775,251783,251785,2,8
251775,251783,251786,3,8
251775,251783,251786,3,8
251775,251782,251785,3,7
251775,251785,251786,1,10
251775,251786,251787,1,11
251775,251784,251787,3,9
251775,251783,251786,3,8
251775,251783,251786,3,8
251775,251784,251787,3,9
251775,251783,251786,3,8
251775,251783,251786,3,8
251775,251783,251786,3,8
251775,251784,251786,2,9
251775,251786,251787,1,11
251775,251786,251787,1,11
251775,251786,251787,1,11
251775,251783,251786,3,8
251775,251783,251786,3,8
251775,251786,251787,1,11
251775,251783,251786,3,8
251775,251783,251786,3,8
251775,251783,251786,3,8
251775,251786,251787,1,11
251775,251786,251787,1,11
251775,251786,251787,1,11
251775,251787,251788,1,12
251775,251787,251788,1,12
251775,251786,251787,1,11
251775,251786,251787,1,11
251775,251787,251788,1,12
251775,251787,251788,1,12
251775,251787,251788,1,12
251775,251786,251787,1,11
251775,251788,251789,1,13
251775,251787,251788,1,12
251775,251787,251789,2,12
251775,251787,251789,2,12
251775,251787,251789,2,12
251775,251788,251789,1,13
251775,251787,251789,2,12
251775,251787,251788,1,12
248207,248225,251788,3563,18
251775,251787,251788,1,12
251775,251787,251788,1,12
251775,251787,251788,1,12
251775,251787,251789,2,12
251775,251787,251789,2,12
251775,251787,251789,2,12
251775,251787,251789,2,12
251775,251788,251789,1,13
251775,251788,251790,2,13
251775,251788,251789,1,13
251775,251789,251790,1,14
251775,251788,251789,1,13
251775,251789,251790,1,14
251775,251787,251789,2,12
251775,251788,251789,1,13
251775,251789,251790,1,14
251775,251788,251789,1,13
251775,251789,251790,1,14
251775,251787,251789,2,12
251775,251788,251790,2,13
251775,251788,251791,3,13
251775,251789,251791,2,14
251775,251789,251791,2,14
251775,251789,251791,2,14
251775,251789,251791,2,14
251775,251789,251792,3,14
251775,251789,251792,3,14
251775,251789,251792,3,14
251775,251789,251792,3,14
251775,251789,251792,3,14
251775,251789,251792,3,14
251775,251790,251793,3,15
251775,251790,251792,2,15
251775,251790,251792,2,15
251775,251790,251792,2,15
251775,251790,251793,3,15
251775,251790,251793,3,15
251775,251790,251793,3,15
251775,251790,251793,3,15
251775,251790,251793,3,15
251775,251790,251793,3,15
251775,251789,251793,4,14
251775,251789,251793,4,14
251775,251791,251793,2,16
251775,251791,251793,2,16
251775,251790,251793,3,15
251775,251790,251794,4,15
251775,251793,251795,2,18
251775,251791,251794,3,16
251775,251792,251795,3,17
251775,251793,251795,2,18
251775,251791,251795,4,16
251775,251791,251795,4,16
251775,251793,251795,2,18
251775,251791,251795,4,16
251775,251792,251795,3,17
251775,251792,251795,3,17
251775,251792,251795,3,17
251775,251792,251795,3,17
251775,251793,251795,2,18
251775,251793,251795,2,18
251775,251793,251796,3,18
251775,251793,251795,2,18
251775,251793,251796,3,18
251775,251793,251796,3,18
251775,251793,251795,2,18
251775,251794,251796,2,19
251775,251795,251797,2,20
251775,251793,251796,3,18
251775,251794,251797,3,19
251775,251794,251797,3,19
251775,251794,251797,3,19
251775,251796,251799,3,21
251775,251796,251799,3,21
251775,251796,251799,3,21
251775,251795,251799,4,20
251775,251795,251799,4,20
251775,251795,251799,4,20
251775,251795,251799,4,20
251775,251796,251799,3,21
251775,251797,251799,2,22
251775,251795,251799,4,20
251775,251795,251799,4,20
251775,251795,251799,4,20
251775,251796,251799,3,21
251775,251796,251799,3,21
251775,251796,251799,3,21
251775,251796,251799,3,21
251775,251794,251799,5,19
251775,251796,251799,3,21
251775,251795,251799,4,20
251775,251795,251799,4,20
251775,251797,251799,2,22
251775,251797,251799,2,22
251790,251799,251802,3,9
251790,251799,251802,3,9
251790,251799,251802,3,9
251790,251799,251802,3,9
251775,251797,251802,5,22
251790,251800,251802,2,10
251790,251799,251802,3,9
251790,251798,251802,4,8
251790,251799,251802,3,9
251790,251798,251802,4,8
251790,251799,251802,3,9
251790,251799,251802,3,9
251790,251799,251802,3,9
251790,251799,251803,4,9
251790,251799,251804,5,9
251790,251799,251804,5,9
251790,251799,251804,5,9
251790,251799,251804,5,9
251790,251800,251805,5,10
251790,251800,251805,5,10
251790,251800,251805,5,10
251790,251802,251805,3,12
251790,251802,251805,3,12
251790,251802,251805,3,12
251790,251800,251805,5,10
251790,251800,251805,5,10
251790,251800,251806,6,10
251790,251803,251806,3,13
251790,251803,251806,3,13
251790,251802,251806,4,12
251790,251803,251806,3,13
251790,251803,251806,3,13
251790,251803,251806,3,13
251790,251804,251806,2,14
251790,251803,251807,4,13
251790,251803,251807,4,13
251790,251805,251807,2,15
251790,251804,251807,3,14
251790,251804,251807,3,14
251790,251805,251807,2,15
251790,251806,251807,1,16
251790,251805,251807,2,15
251790,251805,251808,3,15
251790,251805,251807,2,15
251790,251806,251808,2,16
251790,251806,251808,2,16
251790,251804,251808,4,14
251790,251804,251807,3,14
251790,251807,251808,1,17
251790,251808,251809,1,18
251790,251807,251808,1,17
251790,251807,251808,1,17
251790,251807,251808,1,17
251790,251807,251808,1,17
251790,251807,251808,1,17
251790,251806,251809,3,16
251790,251806,251808,2,16
251790,251799,251808,9,9
251790,251807,251808,1,17
251790,251807,251808,1,17
251790,251808,251809,1,18
251790,251807,251809,2,17
251790,251809,251810,1,19
251790,251809,251810,1,19
251790,251809,251810,1,19
251790,251808,251809,1,18
251790,251808,251810,2,18
251790,251808,251810,2,18
251790,251808,251810,2,18
251790,251809,251810,1,19
251790,251809,251810,1,19
251790,251809,251810,1,19
251790,251809,251811,2,19
251790,251809,251811,2,19
251790,251808,251812,4,18
251790,251809,251812,3,19
251790,251807,251812,5,17
251790,251808,251812,4,18
251790,251810,251812,2,20
251790,251810,251813,3,20
251790,251809,251812,3,19
251790,251808,251813,5,18
251790,251810,251813,3,20
251790,251810,251813,3,20
251790,251810,251813,3,20
251790,251809,251813,4,19
251790,251809,251813,4,19
251790,251811,251815,4,21
251790,251810,251815,5,20
251790,251811,251815,4,21
251790,251810,251816,6,20
251790,251810,251815,5,20
251790,251810,251815,5,20
251790,251811,251816,5,21
251790,251812,251816,4,22
251790,251811,251816,5,21
251790,251813,251817,4,23
251790,251813,251817,4,23
251790,251814,251818,4,24
251790,251814,251818,4,24
251790,251812,251818,6,22
251790,251813,251818,5,23
251790,251813,251818,5,23
251790,251814,251818,4,24
251790,251816,251819,3,26
251790,251814,251818,4,24
251790,251813,251818,5,23
251790,251812,251818,6,22
251790,251813,251818,5,23
251790,251815,251819,4,25
251790,251817,251819,2,27
251790,251814,251819,5,24
251790,251817,251819,2,27
251790,251815,251819,4,25
251790,251816,251819,3,26
251790,251816,251820,4,26
251790,251818,251821,3,28
251790,251819,251821,2,29
251790,251816,251821,5,26
251790,251803,251820,17,13
251790,251816,251821,5,26
251790,251818,251821,3,28
251790,251819,251822,3,29
251790,251819,251821,2,29
251790,251819,251821,2,29
251790,251820,251822,2,30
251790,251819,251821,2,29
251790,251819,251822,3,29
251790,251818,251822,4,28
251790,251818,251822,4,28
251790,251819,251822,3,29
251790,251820,251822,2,30
251790,251820,251822,2,30
251790,251819,251822,3,29
251790,251822,251823,1,32
251790,251822,251823,1,32
251790,251822,251823,1,32
251790,251820,251822,2,30
251790,251821,251822,1,31
251790,251820,251822,2,30
251790,251821,251822,1,31
251790,251820,251823,3,30
251790,251820,251823,3,30
251790,251821,251823,2,31
251790,251803,251823,20,13
251790,251809,251823,14,19
251790,251819,251823,4,29
251790,251822,251824,2,32
251790,251822,251823,1,32
251790,251823,251824,1,33
251790,251822,251824,2,32
251790,251822,251824,2,32
251790,251823,251824,1,33
251790,251823,251824,1,33
251790,251823,251824,1,33
251790,251823,251824,1,33
251790,251823,251824,1,33
251790,251823,251824,1,33
251790,251824,251825,1,34
251790,251823,251824,1,33
251790,251823,251824,1,33
251790,251823,251825,2,33
251790,251823,251824,1,33
251790,251824,251825,1,34
251790,251824,251825,1,34
251790,251824,251825,1,34
251790,251823,251824,1,33
251790,251823,251824,1,33
251790,251824,251825,1,34
251790,251823,251825,2,33
251790,251825,251826,1,35
251790,251824,251825,1,34
251790,251824,251825,1,34
251790,251824,251826,2,34
251790,251824,251825,1,34
251790,251824,251825,1,34
251790,251823,251825,2,33
251790,251823,251825,2,33
251790,251825,251826,1,35
251790,251825,251826,1,35
251790,251825,251826,1,35
251790,251825,251827,2,35
251790,251825,251827,2,35
251790,251824,251827,3,34
251790,251825,251827,2,35
251790,251826,251828,2,36
251790,251825,251827,2,35
251790,251825,251828,3,35
251790,251825,251827,2,35
251790,251825,251827,2,35
251790,251825,251827,2,35
251790,251825,251828,3,35
251790,251825,251828,3,35
251790,251821,251830,9,31
251790,251824,251831,7,34
251790,251824,251832,8,34
248285,248300,251974,3674,15
251974,251974,251975,1,0
251974,251974,251975,1,0
251974,251974,251975,1,0
251974,251974,251975,1,0
251974,251974,251975,1,0
251974,251974,251975,1,0
251974,251974,251975,1,0
251974,251974,251975,1,0
251974,251974,251976,2,0
251974,251974,251975,1,0
251974,251974,251975,1,0
251974,251974,251976,2,0
251974,251974,251976,2,0
251974,251974,251977,3,0
251974,251974,251977,3,0
251974,251974,251976,2,0
251974,251974,251976,2,0
251974,251974,251977,3,0
251974,251974,251977,3,0
251974,251975,251977,2,1
251974,251975,251977,2,1
251974,251975,251977,2,1
251974,251975,251978,3,1
251974,251974,251978,4,0
251974,251974,251978,4,0
251974,251975,251978,3,1
251974,251975,251978,3,1
251974,251975,251978,3,1
251974,251975,251978,3,1
251974,251976,251979,3,2
251974,251976,251979,3,2
251974,251976,251979,3,2
251974,251977,251979,2,3
251974,251977,251979,2,3
251974,251976,251979,3,2
251974,251978,251979,1,4
251974,251977,251979,2,3
251974,251979,251980,1,5
251974,251979,251980,1,5
251974,251978,251980,2,4
251974,251975,251980,5,1
251974,251978,251980,2,4
251974,251978,251980,2,4
251974,251978,251980,2,4
251974,251979,251980,1,5
251974,251980,251981,1,6
251974,251978,251980,2,4
251974,251979,251980,1,5
251974,251978,251981,3,4
251974,251978,251981,3,4
251974,251977,251981,4,3
251974,251977,251981,4,3
251974,251980,251981,1,6
251974,251980,251981,1,6
251974,251980,251981,1,6
251974,251980,251981,1,6
251974,251980,251981,1,6
251974,251978,251981,3,4
251974,251978,251981,3,4
251974,251980,251981,1,6
251974,251981,251982,1,7
251974,251981,251982,1,7
251974,251978,251982,4,4
251974,251981,251982,1,7
251974,251981,251982,1,7
251974,251981,251982,1,7
251974,251981,251982,1,7
251974,251982,251983,1,8
251974,251980,251982,2,6
251974,251981,251982,1,7
251974,251981,251982,1,7
251974,251981,251982,1,7
251974,251982,251983,1,8
251974,251981,251982,1,7
251974,251982,251983,1,8
251974,251981,251982,1,7
251974,251982,251983,1,8
251974,251982,251983,1,8
251974,251982,251983,1,8
251974,251982,251983,1,8
251974,251982,251983,1,8
251974,251982,251983,1,8
251974,251983,251984,1,9
251974,251982,251983,1,8
251974,251983,251984,1,9
251974,251983,251984,1,9
251974,251983,251984,1,9
251974,251983,251984,1,9
251974,251984,251985,1,10
251974,251983,251984,1,9
251974,251983,251984,1,9
251974,251983,251984,1,9
251974,251983,251984,1,9
251974,251983,251985,2,9
251974,251983,251985,2,9
251974,251983,251985,2,9
251974,251983,251985,2,9
251974,251983,251984,1,9
251974,251983,251984,1,9
251974,251983,251984,1,9
251974,251983,251984,1,9
251974,251984,251985,1,10
251974,251984,251985,1,10
251974,251984,251985,1,10
251974,251984,251985,1,10
251974,251985,251986,1,11
251974,251985,251986,1,11
251974,251984,251985,1,10
251974,251984,251985,1,10
251974,251985,251986,1,11
251974,251985,251986,1,11
251974,251984,251985,1,10
251974,251985,251986,1,11
251974,251984,251986,2,10
251974,251985,251986,1,11
251974,251986,251987,1,12
251974,251985,251986,1,11
251974,251985,251986,1,11
251974,251985,251986,1,11
251974,251985,251987,2,11
251974,251985,251986,1,11
251974,251985,251986,1,11
251974,251985,251987,2,11
251974,251985,251986,1,11
251974,251985,251987,2,11
251974,251985,251986,1,11
251974,251985,251986,1,11
251974,251986,251987,1,12
251974,251986,251987,1,12
251974,251986,251987,1,12
251974,251986,251987,1,12
251974,251986,251987,1,12
251974,251985,251987,2,11
251974,251986,251987,1,12
251974,251986,251989,3,12
251974,251986,251988,2,12
251974,251987,251988,1,13
251974,251987,251989,2,13
251974,251986,251989,3,12
251974,251987,251990,3,13
251974,251988,251990,2,14
251974,251987,251989,2,13
251974,251987,251989,2,13
251974,251987,251990,3,13
251974,251987,251989,2,13
251974,251986,251990,4,12
251974,251987,251990,3,13
251974,251987,251990,3,13
251974,251987,251990,3,13
251974,251987,251990,3,13
251974,251988,251990,2,14
251974,251988,251991,3,14
251974,251987,251990,3,13
251974,251988,251990,2,14
251974,251988,251992,4,14
251974,251989,251992,3,15
251974,251990,251992,2,16
251974,251988,251992,4,14
251974,251988,251992,4,14
251974,251987,251992,5,13
251974,251987,251992,5,13
251974,251990,251992,2,16
251974,251989,251992,3,15
251974,251990,251993,3,16
251974,251989,251992,3,15
251974,251990,251993,3,16
251974,251990,251993,3,16
251974,251991,251993,2,17
251974,251990,251993,3,16
251974,251991,251993,2,17
251974,251990,251993,3,16
251974,251990,251993,3,16
251974,251991,251993,2,17
251974,251991,251993,2,17
251974,251990,251993,3,16
251974,251990,251993,3,16
251974,251990,251993,3,16
251974,251990,251993,3,16
251974,251990,251993,3,16
251974,251993,251994,1,19
251974,251993,251994,1,19
251974,251992,251993,1,18
251974,251992,251993,1,18
251974,251992,251993,1,18
251974,251992,251994,2,18
251974,251992,251993,1,18
251974,251992,251994,2,18
251974,251992,251994,2,18
251974,251993,251994,1,19
251974,251993,251994,1,19
251974,251993,251995,2,19
251974,251993,251994,1,19
251974,251993,251995,2,19
251974,251993,251995,2,19
247152,247167,252292,5125,15
252293,252293,252294,1,0
252293,252293,252294,1,0
252293,252293,252294,1,0
252293,252293,252294,1,0
252293,252293,252294,1,0
252293,252293,252294,1,0
252293,252293,252294,1,0
252293,252293,252294,1,0
252293,252293,252294,1,0
252293,252293,252294,1,0
252293,252293,252294,1,0
252293,252293,252294,1,0
252293,252293,252294,1,0
252293,252293,252295,2,0
252293,252293,252294,1,0
252293,252293,252294,1,0
252293,252293,252294,1,0
252293,252293,252295,2,0
252293,252293,252295,2,0
252293,252293,252295,2,0
252293,252293,252295,2,0
252293,252293,252295,2,0
252293,252293,252295,2,0
252293,252294,252295,1,1
252293,252293,252295,2,0
252293,252293,252295,2,0
252293,252294,252295,1,1
252293,252295,252296,1,2
252293,252295,252297,2,2
252293,252295,252296,1,2
252293,252295,252296,1,2
252293,252295,252296,1,2
252293,252295,252297,2,2
252293,252295,252296,1,2
252293,252295,252296,1,2
252293,252295,252296,1,2
252293,252295,252296,1,2
252293,252295,252297,2,2
252293,252295,252296,1,2
252293,252295,252296,1,2
252293,252295,252296,1,2
252293,252296,252297,1,3
252293,252295,252297,2,2
252293,252296,252298,2,3
252293,252296,252298,2,3
252293,252296,252297,1,3
252293,252297,252298,1,4
252293,252296,252298,2,3
252293,252296,252298,2,3
252293,252296,252298,2,3
252293,252296,252298,2,3
252293,252296,252298,2,3
252293,252296,252298,2,3
252293,252297,252298,1,4
252293,252297,252299,2,4
252293,252297,252298,1,4
252293,252297,252298,1,4
252293,252297,252298,1,4
252293,252297,252298,1,4
252293,252297,252298,1,4
252293,252297,252299,2,4
252293,252297,252299,2,4
252293,252297,252298,1,4
252293,252297,252299,2,4
252293,252297,252298,1,4
252293,252297,252298,1,4
252293,252298,252299,1,5
252293,252299,252300,1,6
252293,252298,252299,1,5
252293,252299,252300,1,6
252293,252299,252300,1,6
252293,252299,252300,1,6
252293,252298,252299,1,5
252293,252298,252300,2,5
252293,252299,252300,1,6
252293,252298,252300,2,5
252293,252299,252300,1,6
252293,252299,252300,1,6
252293,252299,252301,2,6
252293,252299,252301,2,6
252293,252299,252300,1,6
252293,252299,252300,1,6
252293,252299,252300,1,6
252293,252299,252300,1,6
252293,252299,252300,1,6
252293,252300,252301,1,7
252293,252300,252301,1,7
252293,252300,252301,1,7
252293,252300,252301,1,7
252293,252299,252300,1,6
252293,252299,252300,1,6
252293,252299,252300,1,6
252293,252299,252300,1,6
252293,252300,252301,1,7
252293,252299,252300,1,6
252293,252299,252300,1,6
252293,252300,252301,1,7
252293,252301,252302,1,8
252293,252300,252301,1,7
252293,252300,252301,1,7
252293,252300,252301,1,7
252293,252300,252301,1,7
252293,252300,252301,1,7
252293,252301,252302,1,8
252293,252301,252302,1,8
252293,252301,252302,1,8
252293,252301,252302,1,8
252293,252302,252303,1,9
252293,252301,252302,1,8
252293,252301,252302,1,8
252293,252301,252302,1,8
252293,252301,252302,1,8
252293,252301,252303,2,8
252293,252301,252303,2,8
252293,252301,252302,1,8
252293,252302,252303,1,9
252293,252301,252303,2,8
252293,252301,252302,1,8
252293,252302,252303,1,9
252293,252301,252302,1,8
252293,252301,252302,1,8
252293,252302,252303,1,9
252293,252301,252303,2,8
252293,252301,252302,1,8
252293,252302,252303,1,9
252293,252301,252303,2,8
252293,252301,252303,2,8
252293,252302,252303,1,9
252293,252303,252304,1,10
252293,252302,252304,2,9
252293,252302,252304,2,9
252293,252302,252304,2,9
252293,252302,252303,1,9
252293,252303,252304,1,10
252293,252303,252304,1,10
252293,252303,252304,1,10
252293,252304,252305,1,11
252293,252303,252305,2,10
252293,252303,252305,2,10
252293,252303,252304,1,10
252293,252303,252305,2,10
252293,252303,252304,1,10
252293,252303,252305,2,10
252293,252303,252305,2,10
252293,252303,252304,1,10
252293,252303,252305,2,10
252293,252304,252305,1,11
252293,252303,252304,1,10
252293,252303,252305,2,10
252293,252303,252305,2,10
252293,252303,252305,2,10
252293,252303,252305,2,10
252293,252305,252306,1,12
252293,252303,252305,2,10
252293,252303,252305,2,10
252293,252305,252306,1,12
252293,252304,252306,2,11
252293,252304,252306,2,11
252293,252303,252305,2,10
252293,252304,252306,2,11
252293,252304,252305,1,11
252293,252304,252305,1,11
252293,252305,252306,1,12
252293,252305,252306,1,12
252293,252304,252305,1,11
252293,252305,252306,1,12
252293,252306,252307,1,13
252293,252305,252307,2,12
252293,252305,252307,2,12
252293,252305,252307,2,12
252293,252305,252307,2,12
252293,252305,252307,2,12
252293,252305,252307,2,12
252293,252306,252307,1,13
252293,252305,252307,2,12
252293,252306,252307,1,13
252293,252305,252306,1,12
252293,252305,252307,2,12
252293,252306,252307,1,13
252293,252305,252307,2,12
252293,252307,252308,1,14
252293,252305,252307,2,12
252293,252306,252308,2,13
252293,252306,252308,2,13
252293,252306,252308,2,13
252293,252306,252308,2,13
252293,252306,252308,2,13
252293,252306,252308,2,13
252293,252307,252308,1,14
252293,252306,252308,2,13
252293,252306,252308,2,13
252293,252306,252308,2,13
252293,252307,252309,2,14
252293,252306,252308,2,13
252293,252307,252308,1,14
252293,252307,252309,2,14
252293,252307,252309,2,14
252293,252307,252309,2,14
249238,249252,252715,3463,14
252717,252717,252718,1,0
252717,252717,252718,1,0
252717,252717,252719,2,0
252717,252717,252719,2,0
252717,252717,252719,2,0
252717,252717,252719,2,0
252717,252717,252719,2,0
252717,252717,252719,2,0
252717,252717,252719,2,0
252717,252717,252719,2,0
252717,252717,252718,1,0
252717,252717,252719,2,0
252717,252717,252719,2,0
252717,252717,252719,2,0
252717,252717,252719,2,0
252717,252717,252719,2,0
252717,252717,252720,3,0
252717,252717,252720,3,0
252717,252717,252719,2,0
252717,252717,252720,3,0
252717,252717,252719,2,0
252717,252717,252720,3,0
252717,252717,252720,3,0
252717,252717,252720,3,0
252717,252718,252720,2,1
252717,252718,252720,2,1
252717,252717,252720,3,0
252717,252719,252721,2,2
252717,252719,252721,2,2
252717,252719,252721,2,2
252717,252719,252721,2,2
252717,252719,252721,2,2
252717,252719,252721,2,2
252717,252719,252721,2,2
252717,252719,252721,2,2
252717,252719,252721,2,2
252717,252719,252721,2,2
252717,252719,252721,2,2
252717,252719,252721,2,2
252717,252720,252722,2,3
252717,252719,252722,3,2
252717,252720,252722,2,3
252717,252720,252722,2,3
252717,252720,252722,2,3
252717,252720,252722,2,3
252717,252721,252722,1,4
252717,252719,252722,3,2
252717,252721,252722,1,4
252717,252721,252722,1,4
252717,252721,252723,2,4
252717,252721,252723,2,4
252717,252720,252723,3,3
252717,252720,252723,3,3
252717,252720,252723,3,3
252717,252721,252723,2,4
252717,252722,252723,1,5
252717,252722,252723,1,5
252717,252722,252723,1,5
252717,252722,252723,1,5
252717,252722,252723,1,5
252717,252722,252723,1,5
252717,252722,252723,1,5
252717,252722,252723,1,5
252717,252722,252723,1,5
252717,252723,252724,1,6
252717,252722,252724,2,5
252717,252723,252724,1,6
252717,252723,252725,2,6
252717,252723,252724,1,6
252717,252723,252725,2,6
252717,252723,252724,1,6
252717,252724,252725,1,7
252717,252723,252724,1,6
252717,252723,252724,1,6
252717,252724,252725,1,7
252717,252724,252725,1,7
252717,252724,252725,1,7
252717,252724,252725,1,7
252717,252723,252725,2,6
252717,252724,252725,1,7
252717,252724,252725,1,7
252717,252725,252726,1,8
252717,252724,252725,1,7
252717,252724,252725,1,7
252717,252724,252725,1,7
252717,252724,252725,1,7
252717,252725,252726,1,8
252717,252724,252725,1,7
252717,252723,252725,2,6
252717,252724,252726,2,7
252717,252724,252725,1,7
252717,252725,252726,1,8
252717,252725,252726,1,8
252717,252725,252726,1,8
252717,252725,252726,1,8
252717,252725,252726,1,8
252717,252725,252726,1,8
252717,252726,252727,1,9
252717,252726,252727,1,9
252717,252726,252727,1,9
252717,252726,252727,1,9
252717,252726,252727,1,9
252717,252726,252727,1,9
252717,252726,252727,1,9
252717,252726,252727,1,9
252717,252726,252727,1,9
252717,252726,252728,2,9
252717,252726,252727,1,9
252717,252726,252728,2,9
252717,252725,252727,2,8
252717,252726,252727,1,9
252717,252726,252727,1,9
252717,252726,252727,1,9
252717,252726,252727,1,9
252717,252727,252728,1,10
252717,252728,252729,1,11
252717,252726,252728,2,9
252717,252727,252728,1,10
252717,252727,252728,1,10
252717,252727,252728,1,10
252717,252726,252728,2,9
252717,252727,252728,1,10
252717,252728,252729,1,11
252717,252728,252729,1,11
252717,252728,252729,1,11
252717,252728,252729,1,11
252717,252728,252729,1,11
252717,252728,252729,1,11
252717,252728,252729,1,11
252717,252728,252729,1,11
252717,252728,252729,1,11
252717,252728,252729,1,11
252717,252728,252729,1,11
252717,252728,252730,2,11
252717,252729,252730,1,12
252717,252728,252730,2,11
252717,252728,252729,1,11
252717,252728,252729,1,11
252717,252728,252729,1,11
252717,252728,252730,2,11
252717,252728,252730,2,11
252717,252729,252731,2,12
252717,252729,252730,1,12
252717,252729,252730,1,12
252717,252729,252731,2,12
252717,252729,252731,2,12
252717,252731,252732,1,14
252717,252730,252731,1,13
252717,252730,252731,1,13
252717,252730,252731,1,13
252717,252730,252731,1,13
252717,252730,252731,1,13
252717,252730,252731,1,13
252717,252730,252731,1,13
252717,252730,252731,1,13
252717,252730,252731,1,13
252717,252730,252731,1,13
252717,252730,252731,1,13
252717,252730,252732,2,13
252717,252730,252731,1,13
252717,252731,252732,1,14
252717,252730,252731,1,13
252717,252730,252731,1,13
252717,252730,252731,1,13
252717,252730,252732,2,13
252717,252731,252732,1,14
252717,252731,252733,2,14
252717,252731,252732,1,14
252717,252731,252732,1,14
252717,252731,252733,2,14
252717,252732,252733,1,15
252717,252732,252733,1,15
252717,252732,252733,1,15
252717,252732,252733,1,15
252717,252732,252733,1,15
252717,252732,252733,1,15
252717,252732,252733,1,15
252717,252732,252733,1,15
252717,252732,252733,1,15
252717,252732,252733,1,15
252717,252732,252733,1,15
252717,252732,252733,1,15
252717,252732,252733,1,15
252717,252732,252734,2,15
252717,252732,252733,1,15
252717,252732,252734,2,15
252717,252731,252733,2,14
252717,252732,252734,2,15
252717,252732,252734,2,15
252717,252732,252733,1,15
252717,252733,252735,2,16
252717,252733,252735,2,16
252717,252733,252735,2,16
248369,248384,253364,4980,15
253365,253365,253366,1,0
253365,253365,253366,1,0
253365,253365,253366,1,0
253365,253365,253366,1,0
253365,253365,253366,1,0
253365,253365,253367,2,0
253365,253365,253367,2,0
253365,253365,253367,2,0
253365,253365,253367,2,0
253365,253365,253367,2,0
253365,253365,253367,2,0
253365,253365,253367,2,0
253365,253365,253366,1,0
253365,253365,253367,2,0
253365,253365,253367,2,0
253365,253365,253367,2,0
253365,253365,253367,2,0
253365,253365,253367,2,0
253365,253365,253367,2,0
253365,253365,253367,2,0
253365,253365,253367,2,0
253365,253365,253367,2,0
253365,253365,253367,2,0
253365,253365,253367,2,0
253365,253365,253367,2,0
253365,253366,253367,1,1
253365,253366,253367,1,1
253365,253366,253367,1,1
253365,253367,253368,1,2
253365,253367,253369,2,2
253365,253367,253369,2,2
253365,253367,253369,2,2
253365,253367,253369,2,2
253365,253367,253369,2,2
253365,253367,253369,2,2
253365,253367,253369,2,2
253365,253367,253369,2,2
253365,253367,253369,2,2
253365,253367,253369,2,2
253365,253367,253369,2,2
253365,253367,253369,2,2
253365,253367,253369,2,2
253365,253367,253369,2,2
253365,253368,253370,2,3
253365,253368,253370,2,3
253365,253367,253369,2,2
253365,253367,253369,2,2
253365,253368,253370,2,3
253365,253368,253370,2,3
253365,253368,253370,2,3
253365,253368,253370,2,3
253365,253369,253370,1,4
253365,253369,253371,2,4
253365,253369,253371,2,4
253365,253369,253371,2,4
253365,253368,253371,3,3
253365,253368,253371,3,3
253365,253369,253371,2,4
253365,253369,253371,2,4
253365,253369,253371,2,4
253365,253369,253371,2,4
253365,253369,253371,2,4
253365,253369,253371,2,4
253365,253369,253371,2,4
253365,253370,253371,1,5
253365,253369,253372,3,4
253365,253369,253371,2,4
253365,253370,253372,2,5
253365,253370,253372,2,5
253365,253370,253373,3,5
253365,253370,253373,3,5
253365,253371,253373,2,6
253365,253371,253373,2,6
253365,253371,253373,2,6
253365,253371,253373,2,6
253365,253370,253373,3,5
253365,253372,253373,1,7
253365,253371,253373,2,6
253365,253370,253373,3,5
253365,253370,253373,3,5
253365,253371,253373,2,6
253365,253371,253373,2,6
253365,253372,253373,1,7
253365,253371,253373,2,6
253365,253371,253373,2,6
253365,253372,253373,1,7
253365,253372,253373,1,7
253365,253372,253373,1,7
253365,253372,253373,1,7
253365,253371,253373,2,6
253365,253371,253373,2,6
253365,253372,253373,1,7
253365,253373,253374,1,8
253365,253372,253374,2,7
253365,253372,253374,2,7
253365,253373,253374,1,8
253365,253373,253375,2,8
253365,253373,253375,2,8
253365,253374,253375,1,9
253365,253373,253375,2,8
253365,253373,253375,2,8
253365,253373,253375,2,8
253365,253373,253375,2,8
253365,253373,253375,2,8
253365,253374,253375,1,9
253365,253374,253375,1,9
253365,253374,253375,1,9
253365,253374,253375,1,9
253365,253374,253375,1,9
253365,253374,253375,1,9
253365,253374,253375,1,9
253365,253374,253375,1,9
253365,253374,253375,1,9
253365,253374,253375,1,9
253365,253374,253375,1,9
253365,253374,253375,1,9
253365,253374,253376,2,9
253365,253373,253376,3,8
253365,253373,253376,3,8
253365,253375,253376,1,10
253365,253375,253378,3,10
253365,253375,253378,3,10
253365,253376,253378,2,11
253365,253376,253378,2,11
253365,253376,253379,3,11
253365,253376,253379,3,11
253365,253376,253379,3,11
253365,253376,253379,3,11
253365,253376,253379,3,11
253365,253376,253379,3,11
253365,253375,253379,4,10
253365,253375,253379,4,10
253365,253375,253379,4,10
253365,253375,253379,4,10
253365,253378,253379,1,13
253365,253375,253379,4,10
253365,253375,253379,4,10
253365,253376,253379,3,11
253365,253377,253379,2,12
253365,253376,253379,3,11
253365,253377,253379,2,12
253365,253376,253379,3,11
253365,253377,253379,2,12
253365,253376,253379,3,11
253365,253376,253379,3,11
253365,253379,253380,1,14
253365,253378,253379,1,13
253365,253377,253380,3,12
253365,253379,253380,1,14
253365,253379,253380,1,14
253365,253379,253380,1,14
253365,253379,253380,1,14
253365,253379,253380,1,14
253365,253379,253380,1,14
253365,253379,253380,1,14
253365,253380,253381,1,15
253365,253379,253381,2,14
253365,253379,253381,2,14
253365,253380,253381,1,15
253365,253380,253381,1,15
253365,253380,253381,1,15
253365,253380,253381,1,15
253365,253380,253381,1,15
253365,253380,253382,2,15
253365,253380,253381,1,15
253365,253380,253381,1,15
253365,253380,253381,1,15
253365,253380,253381,1,15
253365,253380,253382,2,15
253365,253380,253382,2,15
253365,253380,253382,2,15
253365,253380,253383,3,15
253365,253382,253383,1,17
253365,253382,253383,1,17
253365,253381,253384,3,16
253365,253381,253384,3,16
253365,253381,253384,3,16
253365,253381,253383,2,16
253365,253382,253384,2,17
253365,253382,253384,2,17
253365,253381,253383,2,16
253365,253382,253383,1,17
253365,253381,253384,3,16
253365,253381,253383,2,16
253365,253381,253384,3,16
253365,253382,253384,2,17
253365,253382,253384,2,17
253365,253382,253384,2,17
253365,253382,253384,2,17
253365,253382,253384,2,17
253365,253382,253384,2,17
253365,253382,253384,2,17
253365,253383,253384,1,18
253365,253381,253384,3,16
253365,253384,253385,1,19
253365,253384,253385,1,19
253365,253383,253385,2,18
253365,253383,253385,2,18
250067,250084,253539,3455,17
253540,253540,253542,2,0
253540,253540,253541,1,0
253540,253540,253542,2,0
253540,253540,253542,2,0
253540,253540,253542,2,0
253540,253540,253542,2,0
253540,253540,253542,2,0
253540,253540,253543,3,0
253540,253540,253543,3,0
253540,253540,253542,2,0
253540,253540,253543,3,0
253540,253540,253543,3,0
253540,253540,253543,3,0
253540,253540,253543,3,0
253540,253540,253542,2,0
253540,253540,253542,2,0
253540,253540,253542,2,0
253540,253540,253542,2,0
253540,253540,253543,3,0
253540,253540,253543,3,0
253540,253540,253543,3,0
253540,253540,253543,3,0
253540,253540,253543,3,0
253540,253542,253543,1,2
253540,253542,253544,2,2
253540,253542,253544,2,2
253540,253540,253543,3,0
253540,253540,253543,3,0
253540,253542,253544,2,2
253540,253542,253544,2,2
253540,253542,253544,2,2
253540,253542,253544,2,2
253540,253544,253545,1,4
253540,253543,253545,2,3
253540,253543,253545,2,3
253540,253543,253545,2,3
253540,253543,253545,2,3
253540,253543,253545,2,3
253540,253543,253545,2,3
253540,253543,253545,2,3
253540,253543,253545,2,3
253540,253543,253545,2,3
253540,253543,253546,3,3
253540,253543,253546,3,3
253540,253543,253545,2,3
253540,253544,253545,1,4
253540,253543,253545,2,3
253540,253544,253546,2,4
253540,253544,253546,2,4
253540,253543,253546,3,3
253540,253543,253547,4,3
253540,253544,253547,3,4
253540,253544,253548,4,4
253540,253545,253549,4,5
253540,253545,253549,4,5
253540,253543,253548,5,3
253540,253544,253549,5,4
253540,253545,253549,4,5
253540,253545,253549,4,5
253540,253546,253549,3,6
253540,253544,253549,5,4
253540,253544,253549,5,4
253540,253545,253549,4,5
253540,253545,253549,4,5
253540,253546,253550,4,6
253540,253546,253550,4,6
253540,253547,253550,3,7
253540,253545,253550,5,5
253540,253545,253550,5,5
253540,253545,253550,5,5
253540,253547,253550,3,7
253540,253547,253550,3,7
253540,253549,253551,2,9
253540,253546,253551,5,6
253540,253546,253551,5,6
253540,253549,253551,2,9
253540,253549,253551,2,9
253540,253550,253551,1,10
253540,253550,253551,1,10
253540,253549,253551,2,9
253540,253550,253551,1,10
253540,253548,253551,3,8
253540,253549,253551,2,9
253540,253550,253551,1,10
253540,253547,253551,4,7
253540,253550,253551,1,10
253540,253550,253551,1,10
253540,253550,253551,1,10
253540,253545,253551,6,5
253540,253550,253551,1,10
253540,253551,253552,1,11
253540,253550,253552,2,10
253540,253547,253552,5,7
253540,253551,253552,1,11
253540,253551,253552,1,11
253540,253551,253552,1,11
253540,253552,253553,1,12
253540,253551,253553,2,11
253540,253551,253553,2,11
253540,253551,253553,2,11
253540,253552,253553,1,12
253540,253552,253553,1,12
253540,253552,253553,1,12
253540,253552,253553,1,12
253540,253552,253553,1,12
253540,253552,253553,1,12
253540,253552,253553,1,12
253540,253552,253554,2,12
253540,253552,253553,1,12
253540,253552,253553,1,12
253540,253552,253553,1,12
253540,253552,253553,1,12
253540,253553,253554,1,13
253540,253553,253554,1,13
253540,253553,253554,1,13
253540,253553,253554,1,13
253540,253553,253554,1,13
253540,253552,253554,2,12
253540,253552,253554,2,12
253540,253553,253554,1,13
253540,253553,253554,1,13
253540,253554,253557,3,14
253540,253553,253558,5,13
253540,253553,253558,5,13
253540,253554,253558,4,14
253540,253554,253559,5,14
253540,253554,253558,4,14
253540,253554,253558,4,14
253540,253554,253558,4,14
253540,253555,253558,3,15
253540,253554,253558,4,14
253540,253554,253558,4,14
253540,253554,253558,4,14
253540,253554,253558,4,14
253540,253555,253559,4,15
253540,253555,253560,5,15
253540,253554,253560,6,14
253540,253555,253561,6,15
253540,253553,253561,8,13
253540,253555,253561,6,15
253540,253559,253561,2,19
253540,253555,253561,6,15
253540,253559,253561,2,19
253540,253559,253561,2,19
253540,253558,253561,3,18
253540,253554,253561,7,14
253540,253554,253561,7,14
253540,253555,253561,6,15
253540,253555,253561,6,15
253540,253555,253561,6,15
253540,253558,253562,4,18
253540,253559,253562,3,19
253540,253559,253562,3,19
253540,253559,253563,4,19
253540,253559,253563,4,19
253540,253559,253563,4,19
253540,253559,253562,3,19
253540,253561,253563,2,21
253540,253559,253563,4,19
253540,253562,253563,1,22
253540,253559,253563,4,19
253540,253562,253563,1,22
253540,253560,253563,3,20
253540,253562,253563,1,22
253540,253562,253564,2,22
253540,253562,253564,2,22
253540,253560,253563,3,20
253540,253562,253564,2,22
253540,253561,253564,3,21
253540,253562,253564,2,22
253540,253562,253564,2,22
253540,253562,253564,2,22
253540,253562,253564,2,22
253540,253562,253564,2,22
253540,253563,253564,1,23
253540,253563,253564,1,23
253540,253564,253565,1,24
253540,253563,253565,2,23
253540,253563,253565,2,23
253540,253563,253564,1,23
253540,253563,253565,2,23
253540,253563,253565,2,23
253540,253562,253564,2,22
253540,253564,253565,1,24
253540,253564,253565,1,24
253540,253564,253565,1,24
253540,253564,253565,1,24
253540,253564,253565,1,24
253540,253564,253565,1,24
253540,253564,253566,2,24
253540,253564,253565,1,24
253540,253564,253565,1,24
253540,253564,253566,2,24
253540,253564,253566,2,24
250248,250263,253589,3326,15
253590,253590,253591,1,0
253590,253590,253591,1,0
253590,253590,253592,2,0
253590,253590,253592,2,0
253590,253590,253592,2,0
253590,253590,253592,2,0
253590,253590,253592,2,0
253590,253590,253592,2,0
253590,253590,253592,2,0
253590,253590,253592,2,0
253590,253590,253592,2,0
253590,253590,253592,2,0
253590,253590,253592,2,0
253590,253590,253592,2,0
253590,253590,253592,2,0
253590,253590,253592,2,0
253590,253590,253592,2,0
253590,253590,253591,1,0
253590,253590,253592,2,0
253590,253591,253593,2,1
253590,253590,253592,2,0
253590,253591,253592,1,1
253590,253590,253593,3,0
253590,253590,253593,3,0
253590,253593,253594,1,3
253590,253593,253594,1,3
253590,253593,253594,1,3
253590,253593,253594,1,3
253590,253593,253594,1,3
253590,253593,253594,1,3
253590,253593,253594,1,3
253590,253593,253594,1,3
253590,253593,253594,1,3
253590,253593,253594,1,3
253590,253593,253594,1,3
253590,253593,253594,1,3
253590,253593,253594,1,3
253590,253594,253595,1,4
253590,253593,253595,2,3
253590,253593,253595,2,3
253590,253593,253595,2,3
253590,253594,253596,2,4
253590,253593,253595,2,3
253590,253593,253595,2,3
253590,253595,253596,1,5
253590,253593,253595,2,3
253590,253594,253596,2,4
253590,253595,253596,1,5
253590,253595,253596,1,5
253590,253595,253596,1,5
253590,253595,253596,1,5
253590,253595,253596,1,5
253590,253595,253596,1,5
253590,253595,253596,1,5
253590,253595,253596,1,5
253590,253595,253596,1,5
253590,253595,253596,1,5
253590,253595,253596,1,5
253590,253595,253596,1,5
253590,253596,253597,1,6
253590,253596,253597,1,6
253590,253596,253598,2,6
253590,253597,253598,1,7
253590,253591,253597,6,1
253590,253596,253597,1,6
253590,253596,253597,1,6
253590,253596,253597,1,6
253590,253597,253598,1,7
253590,253597,253598,1,7
253590,253596,253597,1,6
253590,253596,253597,1,6
253590,253597,253598,1,7
253590,253597,253598,1,7
253590,253597,253598,1,7
253590,253598,253599,1,8
253590,253596,253598,2,6
253590,253597,253598,1,7
253590,253598,253599,1,8
253590,253597,253598,1,7
253590,253597,253598,1,7
253590,253597,253598,1,7
253590,253598,253599,1,8
253590,253598,253599,1,8
253590,253597,253598,1,7
253590,253598,253599,1,8
253590,253599,253600,1,9
253590,253598,253599,1,8
253590,253598,253599,1,8
253590,253598,253599,1,8
253590,253599,253600,1,9
253590,253599,253600,1,9
253590,253598,253599,1,8
253590,253598,253600,2,8
253590,253598,253599,1,8
253590,253599,253600,1,9
253590,253599,253600,1,9
253590,253599,253600,1,9
253590,253599,253600,1,9
253590,253599,253600,1,9
253590,253599,253600,1,9
253590,253600,253601,1,10
253590,253599,253600,1,9
253590,253599,253601,2,9
253590,253599,253600,1,9
253590,253599,253600,1,9
253590,253599,253600,1,9
253590,253600,253601,1,10
253590,253601,253602,1,11
253590,253600,253602,2,10
253590,253600,253601,1,10
253590,253600,253601,1,10
253590,253600,253601,1,10
253590,253600,253601,1,10
253590,253600,253602,2,10
253590,253600,253601,1,10
253590,253602,253603,1,12
253590,253601,253602,1,11
253590,253601,253602,1,11
253590,253601,253602,1,11
253590,253601,253602,1,11
253590,253601,253603,2,11
253590,253601,253602,1,11
253590,253602,253603,1,12
253590,253601,253602,1,11
253590,253601,253603,2,11
253590,253601,253602,1,11
253590,253601,253602,1,11
253590,253602,253603,1,12
253590,253600,253602,2,10
253590,253601,253603,2,11
253590,253603,253604,1,13
253590,253602,253603,1,12
253590,253603,253604,1,13
253590,253602,253604,2,12
253590,253602,253603,1,12
253590,253602,253603,1,12
253590,253602,253603,1,12
253590,253602,253604,2,12
253590,253604,253605,1,14
253590,253603,253604,1,13
253590,253603,253604,1,13
253590,253603,253604,1,13
253590,253603,253604,1,13
253590,253603,253605,2,13
253590,253602,253604,2,12
253590,253603,253604,1,13
253590,253603,253605,2,13
253590,253604,253605,1,14
253590,253603,253604,1,13
253590,253603,253604,1,13
253590,253603,253605,2,13
253590,253603,253605,2,13
253590,253603,253605,2,13
253590,253605,253606,1,15
253590,253604,253605,1,14
253590,253605,253606,1,15
253590,253604,253605,1,14
253590,253605,253606,1,15
253590,253604,253606,2,14
253590,253603,253605,2,13
253590,253604,253605,1,14
253590,253604,253605,1,14
253590,253605,253606,1,15
253590,253605,253606,1,15
253590,253604,253606,2,14
253590,253606,253607,1,16
253590,253605,253606,1,15
253590,253605,253606,1,15
253590,253606,253607,1,16
253590,253605,253606,1,15
253590,253605,253607,2,15
253590,253606,253607,1,16
253590,253605,253607,2,15
253590,253605,253607,2,15
253590,253605,253607,2,15
253590,253606,253608,2,16
253590,253605,253607,2,15
253590,253606,253608,2,16
253590,253606,253607,1,16
253590,253605,253608,3,15
253590,253606,253608,2,16
253590,253606,253607,1,16
253590,253606,253608,2,16
253590,253606,253607,1,16
253590,253606,253607,1,16
253590,253605,253607,2,15
253590,253606,253608,2,16
253590,253607,253609,2,17
253590,253607,253609,2,17
253590,253591,253598,7,1
253590,253591,253599,8,1
253590,253643,253645,2,53
250364,250382,253781,3399,18
253782,253783,253784,1,1
253782,253783,253784,1,1
253782,253783,253784,1,1
253782,253783,253784,1,1
253782,253783,253784,1,1
253782,253783,253785,2,1
253782,253783,253785,2,1
253782,253783,253784,1,1
253782,253783,253784,1,1
253782,253783,253784,1,1
253782,253783,253784,1,1
253782,253783,253784,1,1
253782,253783,253784,1,1
253782,253783,253784,1,1
253782,253783,253784,1,1
253782,253783,253784,1,1
253782,253783,253784,1,1
253782,253783,253784,1,1
253782,253783,253785,2,1
253782,253783,253785,2,1
253782,253783,253785,2,1
253782,253783,253785,2,1
253782,253783,253785,2,1
253782,253783,253785,2,1
253782,253783,253785,2,1
253782,253785,253786,1,3
253782,253785,253787,2,3
253782,253785,253787,2,3
253782,253785,253787,2,3
253782,253785,253786,1,3
253782,253785,253786,1,3
253782,253785,253786,1,3
253782,253785,253786,1,3
253782,253785,253786,1,3
253782,253785,253786,1,3
253782,253785,253787,2,3
253782,253785,253787,2,3
253782,253785,253787,2,3
253782,253785,253786,1,3
253782,253785,253787,2,3
253782,253786,253787,1,4
253782,253785,253787,2,3
253782,253785,253787,2,3
253782,253785,253787,2,3
253782,253786,253787,1,4
253782,253786,253788,2,4
253782,253786,253788,2,4
253782,253786,253788,2,4
253782,253786,253789,3,4
253782,253787,253790,3,5
253782,253786,253790,4,4
253782,253787,253790,3,5
253782,253787,253790,3,5
253782,253787,253790,3,5
253782,253787,253790,3,5
253782,253787,253790,3,5
253782,253787,253790,3,5
253782,253787,253790,3,5
253782,253787,253791,4,5
253782,253787,253791,4,5
253782,253787,253790,3,5
253782,253787,253791,4,5
253782,253787,253791,4,5
253782,253787,253791,4,5
253782,253788,253791,3,6
253782,253789,253792,3,7
253782,253791,253792,1,9
253782,253789,253791,2,7
253782,253788,253791,3,6
253782,253789,253791,2,7
253782,253788,253791,3,6
253782,253788,253791,3,6
253782,253790,253792,2,8
253782,253791,253792,1,9
253782,253791,253792,1,9
253782,253791,253792,1,9
253782,253791,253792,1,9
253782,253788,253791,3,6
253782,253790,253791,1,8
253782,253791,253792,1,9
253782,253787,253791,4,5
253782,253791,253792,1,9
253782,253790,253792,2,8
253782,253791,253792,1,9
253782,253791,253792,1,9
253782,253791,253793,2,9
253782,253791,253792,1,9
253782,253791,253792,1,9
253782,253791,253792,1,9
253782,253792,253793,1,10
253782,253792,253793,1,10
253782,253792,253793,1,10
253782,253792,253793,1,10
253782,253792,253793,1,10
253782,253793,253794,1,11
253782,253792,253793,1,10
253782,253793,253794,1,11
253782,253792,253794,2,10
253782,253792,253794,2,10
253782,253792,253794,2,10
253782,253792,253793,1,10
253782,253792,253794,2,10
253782,253792,253794,2,10
253782,253792,253794,2,10
253782,253792,253794,2,10
253782,253792,253793,1,10
253782,253792,253793,1,10
253782,253792,253793,1,10
253782,253792,253794,2,10
253782,253793,253796,3,11
253782,253793,253795,2,11
253782,253793,253796,3,11
253782,253794,253797,3,12
253782,253794,253797,3,12
253782,253794,253797,3,12
253782,253794,253797,3,12
253782,253794,253798,4,12
253782,253794,253797,3,12
253782,253794,253797,3,12
253782,253794,253797,3,12
253782,253794,253798,4,12
253782,253794,253798,4,12
253782,253794,253798,4,12
253782,253794,253798,4,12
253782,253794,253797,3,12
253782,253794,253798,4,12
253782,253796,253798,2,14
253782,253793,253797,4,11
253782,253793,253797,4,11
253782,253795,253799,4,13
253782,253796,253798,2,14
253782,253794,253799,5,12
253782,253794,253798,4,12
253782,253794,253799,5,12
253782,253796,253799,3,14
253782,253794,253798,4,12
253782,253794,253798,4,12
253782,253798,253799,1,16
253782,253798,253800,2,16
253782,253798,253799,1,16
253782,253798,253800,2,16
253782,253798,253800,2,16
253782,253798,253799,1,16
253782,253798,253799,1,16
253782,253798,253799,1,16
253782,253798,253800,2,16
253782,253798,253800,2,16
253782,253798,253800,2,16
253782,253798,253799,1,16
253782,253798,253800,2,16
253782,253798,253799,1,16
253782,253798,253800,2,16
253782,253798,253799,1,16
253782,253798,253799,1,16
253782,253800,253801,1,18
253782,253799,253801,2,17
253782,253799,253800,1,17
253782,253799,253801,2,17
253782,253799,253801,2,17
253782,253800,253801,1,18
253782,253800,253801,1,18
253782,253799,253800,1,17
253782,253799,253800,1,17
253782,253800,253801,1,18
253782,253800,253801,1,18
253782,253800,253801,1,18
253782,253800,253802,2,18
253782,253800,253801,1,18
253782,253799,253801,2,17
253782,253800,253802,2,18
253782,253800,253801,1,18
253782,253800,253802,2,18
253782,253801,253803,2,19
253782,253800,253803,3,18
253782,253800,253802,2,18
253782,253799,253803,4,17
253782,253800,253803,3,18
253782,253800,253803,3,18
253782,253800,253803,3,18
253782,253801,253804,3,19
253782,253800,253803,3,18
253782,253801,253804,3,19
253782,253801,253804,3,19
253782,253801,253804,3,19
253782,253802,253804,2,20
253782,253801,253804,3,19
253782,253801,253804,3,19
253782,253801,253804,3,19
253782,253803,253804,1,21
253782,253802,253804,2,20
253782,253802,253804,2,20
253782,253803,253804,1,21
253782,253801,253805,4,19
253782,253802,253804,2,20
253782,253802,253805,3,20
253782,253803,253805,2,21
253782,253803,253805,2,21
253782,253802,253805,3,20
253782,253802,253805,3,20
253782,253803,253805,2,21
248836,248852,253941,5089,16
253943,253943,253944,1,0
253943,253943,253944,1,0
253943,253943,253944,1,0
253943,253943,253945,2,0
253943,253943,253944,1,0
253943,253943,253945,2,0
253943,253943,253945,2,0
253943,253943,253945,2,0
253943,253943,253944,1,0
253943,253943,253945,2,0
253943,253943,253945,2,0
253943,253943,253945,2,0
253943,253943,253945,2,0
253943,253943,253944,1,0
253943,253943,253944,1,0
253943,253943,253944,1,0
253943,253943,253945,2,0
253943,253943,253945,2,0
253943,253943,253945,2,0
253943,253943,253945,2,0
253943,253943,253945,2,0
253943,253944,253945,1,1
253943,253943,253945,2,0
253943,253943,253945,2,0
253943,253943,253946,3,0
253943,253945,253946,1,2
253943,253945,253947,2,2
253943,253943,253946,3,0
253943,253945,253947,2,2
253943,253945,253947,2,2
253943,253945,253947,2,2
253943,253945,253947,2,2
253943,253945,253947,2,2
253943,253945,253947,2,2
253943,253945,253947,2,2
253943,253945,253947,2,2
253943,253945,253947,2,2
253943,253945,253947,2,2
253943,253945,253947,2,2
253943,253945,253947,2,2
253943,253945,253947,2,2
253943,253945,253948,3,2
253943,253945,253947,2,2
253943,253946,253948,2,3
253943,253946,253948,2,3
253943,253946,253948,2,3
253943,253946,253947,1,3
253943,253945,253948,3,2
253943,253946,253948,2,3
253943,253946,253948,2,3
253943,253947,253948,1,4
253943,253947,253948,1,4
253943,253947,253949,2,4
253943,253947,253949,2,4
253943,253947,253949,2,4
253943,253947,253949,2,4
253943,253947,253949,2,4
253943,253947,253948,1,4
253943,253947,253949,2,4
253943,253947,253949,2,4
253943,253947,253949,2,4
253943,253947,253949,2,4
253943,253947,253949,2,4
253943,253949,253950,1,6
253943,253947,253949,2,4
253943,253948,253950,2,5
253943,253948,253950,2,5
253943,253948,253950,2,5
253943,253948,253950,2,5
253943,253948,253949,1,5
253943,253949,253950,1,6
253943,253948,253950,2,5
253943,253948,253950,2,5
253943,253949,253950,1,6
253943,253949,253950,1,6
253943,253949,253950,1,6
253943,253948,253950,2,5
253943,253949,253950,1,6
253943,253949,253950,1,6
253943,253949,253950,1,6
253943,253949,253950,1,6
253943,253950,253951,1,7
253943,253949,253951,2,6
253943,253948,253950,2,5
253943,253948,253950,2,5
253943,253948,253950,2,5
253943,253950,253951,1,7
253943,253949,253951,2,6
253943,253949,253951,2,6
253943,253949,253951,2,6
253943,253951,253952,1,8
253943,253951,253952,1,8
253943,253950,253952,2,7
253943,253950,253952,2,7
253943,253950,253952,2,7
253943,253950,253952,2,7
253943,253950,253952,2,7
253943,253951,253952,1,8
253943,253951,253952,1,8
253943,253951,253952,1,8
253943,253951,253952,1,8
253943,253950,253952,2,7
253943,253950,253952,2,7
253943,253951,253952,1,8
253943,253951,253952,1,8
253943,253951,253952,1,8
253943,253952,253953,1,9
253943,253952,253953,1,9
253943,253951,253952,1,8
253943,253951,253953,2,8
253943,253951,253953,2,8
253943,253951,253953,2,8
253943,253951,253953,2,8
253943,253952,253953,1,9
253943,253953,253954,1,10
253943,253952,253953,1,9
253943,253953,253954,1,10
253943,253952,253954,2,9
253943,253952,253954,2,9
253943,253953,253954,1,10
253943,253953,253954,1,10
253943,253953,253954,1,10
253943,253953,253954,1,10
253943,253953,253954,1,10
253943,253953,253954,1,10
253943,253953,253954,1,10
253943,253953,253954,1,10
253943,253953,253954,1,10
253943,253953,253954,1,10
253943,253953,253954,1,10
253943,253953,253954,1,10
253943,253953,253954,1,10
253943,253953,253954,1,10
253943,253953,253955,2,10
253943,253953,253955,2,10
253943,253954,253955,1,11
253943,253954,253955,1,11
253943,253954,253955,1,11
253943,253954,253955,1,11
253943,253954,253956,2,11
253943,253954,253956,2,11
253943,253953,253956,3,10
253943,253954,253956,2,11
253943,253955,253956,1,12
253943,253955,253956,1,12
253943,253955,253956,1,12
253943,253955,253957,2,12
253943,253955,253956,1,12
253943,253955,253956,1,12
253943,253955,253956,1,12
253943,253955,253957,2,12
253943,253955,253956,1,12
253943,253955,253956,1,12
253943,253955,253956,1,12
253943,253955,253956,1,12
253943,253955,253956,1,12
253943,253955,253957,2,12
253943,253955,253956,1,12
253943,253956,253957,1,13
253943,253955,253956,1,12
253943,253955,253957,2,12
253943,253956,253957,1,13
253943,253956,253957,1,13
253943,253956,253957,1,13
253943,253956,253957,1,13
253943,253957,253958,1,14
253943,253957,253958,1,14
253943,253957,253958,1,14
253943,253957,253958,1,14
253943,253957,253958,1,14
253943,253957,253958,1,14
253943,253957,253958,1,14
253943,253957,253958,1,14
253943,253957,253958,1,14
253943,253957,253958,1,14
253943,253957,253958,1,14
253943,253957,253958,1,14
253943,253957,253958,1,14
253943,253957,253958,1,14
253943,253957,253958,1,14
253943,253957,253958,1,14
253943,253957,253958,1,14
253943,253957,253958,1,14
253943,253957,253958,1,14
253943,253957,253958,1,14
253943,253958,253959,1,15
253943,253958,253959,1,15
253943,253958,253959,1,15
253943,253958,253959,1,15
253943,253958,253959,1,15
253943,253958,253959,1,15
253943,253958,253959,1,15
253943,253959,253960,1,16
253943,253959,253960,1,16
253943,253959,253960,1,16
253943,253959,253960,1,16
253943,253959,253961,2,16
248774,248793,253963,5170,19
253970,253970,253972,2,0
253970,253970,253972,2,0
253970,253970,253972,2,0
253970,253970,253971,1,0
253970,253970,253972,2,0
253970,253970,253972,2,0
253970,253970,253972,2,0
253970,253970,253972,2,0
253970,253970,253972,2,0
253970,253970,253972,2,0
253970,253970,253972,2,0
253970,253970,253972,2,0
253970,253970,253973,3,0
253970,253970,253973,3,0
253970,253970,253972,2,0
253970,253970,253972,2,0
253970,253970,253973,3,0
253970,253970,253973,3,0
253970,253970,253973,3,0
253970,253970,253973,3,0
253970,253970,253973,3,0
253970,253970,253972,2,0
253970,253970,253972,2,0
253970,253972,253974,2,2
253970,253972,253974,2,2
253970,253972,253974,2,2
253970,253972,253974,2,2
253970,253972,253974,2,2
253970,253972,253974,2,2
253970,253972,253974,2,2
253970,253972,253974,2,2
253970,253972,253974,2,2
253970,253972,253974,2,2
253970,253972,253974,2,2
253970,253972,253974,2,2
253970,253973,253975,2,3
253970,253973,253975,2,3
253970,253973,253975,2,3
253970,253973,253975,2,3
253970,253973,253975,2,3
253970,253973,253975,2,3
253970,253973,253975,2,3
253970,253973,253975,2,3
253970,253973,253975,2,3
253970,253973,253975,2,3
253970,253974,253976,2,4
253970,253974,253975,1,4
253970,253970,253975,5,0
253970,253974,253976,2,4
253970,253974,253976,2,4
253970,253974,253976,2,4
253970,253973,253975,2,3
253970,253974,253976,2,4
253970,253974,253976,2,4
253970,253974,253976,2,4
253970,253974,253976,2,4
253970,253974,253976,2,4
253970,253976,253977,1,6
253970,253975,253977,2,5
253970,253975,253977,2,5
253970,253975,253977,2,5
253970,253974,253977,3,4
253970,253975,253977,2,5
253970,253975,253977,2,5
253970,253975,253977,2,5
253970,253974,253977,3,4
253970,253975,253977,2,5
253970,253975,253976,1,5
253970,253975,253977,2,5
253970,253976,253977,1,6
253970,253977,253978,1,7
253970,253976,253977,1,6
253970,253976,253977,1,6
253970,253970,253978,8,0
253970,253976,253978,2,6
253970,253976,253978,2,6
253970,253977,253978,1,7
253970,253975,253978,3,5
253970,253977,253978,1,7
253970,253977,253978,1,7
253970,253977,253978,1,7
253970,253977,253979,2,7
253970,253977,253979,2,7
253970,253977,253978,1,7
253970,253977,253979,2,7
253970,253978,253979,1,8
253970,253978,253979,1,8
253970,253978,253979,1,8
253970,253978,253979,1,8
253970,253978,253979,1,8
253970,253978,253979,1,8
253970,253978,253980,2,8
253970,253978,253980,2,8
253970,253978,253980,2,8
253970,253978,253980,2,8
253970,253978,253980,2,8
253970,253979,253980,1,9
253970,253979,253980,1,9
253970,253979,253980,1,9
253970,253979,253980,1,9
253970,253979,253980,1,9
253970,253979,253980,1,9
253970,253979,253980,1,9
253970,253979,253980,1,9
253970,253980,253981,1,10
253970,253980,253982,2,10
253970,253980,253982,2,10
253970,253979,253982,3,9
253970,253979,253982,3,9
253970,253980,253982,2,10
253970,253980,253982,2,10
253970,253980,253982,2,10
253970,253981,253982,1,11
253970,253981,253982,1,11
253970,253980,253982,2,10
253970,253980,253982,2,10
253970,253980,253982,2,10
253970,253980,253982,2,10
253970,253980,253982,2,10
253970,253981,253983,2,11
253970,253980,253982,2,10
253970,253981,253983,2,11
253970,253981,253983,2,11
253970,253981,253982,1,11
253970,253981,253983,2,11
253970,253981,253982,1,11
253970,253981,253983,2,11
253970,253982,253983,1,12
253970,253982,253983,1,12
253970,253982,253983,1,12
253970,253983,253984,1,13
253970,253983,253984,1,13
253970,253982,253984,2,12
253970,253982,253984,2,12
253970,253983,253984,1,13
253970,253983,253984,1,13
253970,253983,253984,1,13
253970,253983,253984,1,13
253970,253983,253984,1,13
253970,253983,253984,1,13
253970,253983,253984,1,13
253970,253983,253984,1,13
253970,253983,253984,1,13
253970,253984,253985,1,14
253970,253983,253985,2,13
253970,253983,253985,2,13
253970,253983,253984,1,13
253970,253983,253984,1,13
253970,253983,253984,1,13
253970,253984,253985,1,14
253970,253983,253984,1,13
253970,253983,253985,2,13
253970,253976,253985,9,6
253970,253983,253985,2,13
253970,253985,253986,1,15
253970,253985,253986,1,15
253970,253984,253986,2,14
253970,253985,253987,2,15
253970,253985,253987,2,15
253970,253985,253987,2,15
253970,253985,253987,2,15
253970,253985,253987,2,15
253970,253985,253987,2,15
253970,253985,253987,2,15
253970,253985,253987,2,15
253970,253985,253987,2,15
253970,253985,253987,2,15
253970,253985,253987,2,15
253970,253985,253987,2,15
253970,253986,253987,1,16
253970,253985,253987,2,15
253970,253985,253987,2,15
253970,253985,253987,2,15
253970,253985,253987,2,15
253970,253979,253988,9,9
253970,253985,253987,2,15
253970,253985,253987,2,15
253970,253986,253987,1,16
253970,253987,253988,1,17
253970,253987,253988,1,17
253970,253987,253988,1,17
253970,253987,253988,1,17
253970,253987,253988,1,17
253970,253987,253989,2,17
253970,253987,253988,1,17
253970,253987,253988,1,17
253970,253987,253988,1,17
253970,253987,253988,1,17
253970,253987,253989,2,17
253970,253987,253988,1,17
253970,253987,253989,2,17
253970,253987,253988,1,17
253970,253986,253992,6,16
249246,249281,254409,5128,35
254411,254411,254412,1,0
254411,254411,254412,1,0
254411,254411,254412,1,0
254411,254411,254412,1,0
254411,254411,254413,2,0
254411,254411,254413,2,0
254411,254411,254412,1,0
254411,254411,254412,1,0
254411,254411,254413,2,0
254411,254411,254413,2,0
254411,254411,254413,2,0
254411,254411,254412,1,0
254411,254411,254412,1,0
254411,254411,254412,1,0
254411,254411,254412,1,0
254411,254411,254412,1,0
254411,254411,254413,2,0
254411,254411,254413,2,0
254411,254411,254414,3,0
254411,254412,254413,1,1
254411,254411,254414,3,0
254411,254412,254413,1,1
254411,254412,254413,1,1
254411,254412,254413,1,1
254411,254411,254413,2,0
254411,254411,254413,2,0
254411,254411,254413,2,0
254411,254411,254413,2,0
254411,254413,254415,2,2
254411,254413,254415,2,2
254411,254413,254414,1,2
254411,254413,254415,2,2
254411,254411,254414,3,0
254411,254413,254414,1,2
254411,254413,254415,2,2
254411,254413,254415,2,2
254411,254413,254415,2,2
254411,254413,254414,1,2
254411,254413,254415,2,2
254411,254413,254415,2,2
254411,254413,254415,2,2
254411,254414,254416,2,3
254411,254414,254415,1,3
254411,254414,254416,2,3
254411,254414,254416,2,3
254411,254414,254415,1,3
254411,254414,254415,1,3
254411,254414,254417,3,3
254411,254414,254416,2,3
254411,254415,254417,2,4
254411,254415,254417,2,4
254411,254415,254416,1,4
254411,254415,254417,2,4
254411,254415,254416,1,4
254411,254415,254417,2,4
254411,254415,254417,2,4
254411,254415,254417,2,4
254411,254414,254416,2,3
254411,254414,254416,2,3
254411,254414,254416,2,3
254411,254414,254416,2,3
254411,254415,254417,2,4
254411,254416,254417,1,5
254411,254415,254417,2,4
254411,254415,254417,2,4
254411,254415,254417,2,4
254411,254416,254417,1,5
254411,254416,254418,2,5
254411,254416,254417,1,5
254411,254416,254418,2,5
254411,254416,254418,2,5
254411,254417,254418,1,6
254411,254416,254418,2,5
254411,254417,254418,1,6
254411,254417,254418,1,6
254411,254417,254419,2,6
254411,254417,254419,2,6
254411,254417,254418,1,6
254411,254417,254419,2,6
254411,254417,254418,1,6
254411,254417,254419,2,6
254411,254417,254418,1,6
254411,254418,254419,1,7
254411,254417,254419,2,6
254411,254418,254419,1,7
254411,254417,254419,2,6
254411,254418,254419,1,7
254411,254417,254419,2,6
254411,254417,254419,2,6
254411,254417,254419,2,6
254411,254417,254419,2,6
254411,254417,254418,1,6
254411,254418,254419,1,7
254411,254418,254419,1,7
254411,254417,254418,1,6
254411,254417,254418,1,6
254411,254417,254419,2,6
254411,254418,254419,1,7
254411,254418,254419,1,7
254411,254419,254420,1,8
249313,249329,254420,5091,16
254411,254418,254420,2,7
254411,254420,254421,1,9
254411,254419,254421,2,8
254411,254419,254421,2,8
254411,254419,254420,1,8
254411,254419,254421,2,8
254411,254419,254421,2,8
254411,254419,254421,2,8
254411,254419,254420,1,8
254411,254419,254421,2,8
254411,254419,254421,2,8
254411,254420,254421,1,9
254411,254420,254421,1,9
254411,254419,254422,3,8
254411,254420,254421,1,9
254411,254420,254421,1,9
254411,254420,254421,1,9
254411,254420,254421,1,9
254411,254420,254421,1,9
254411,254419,254421,2,8
254411,254419,254422,3,8
254411,254420,254422,2,9
254411,254419,254422,3,8
254411,254420,254423,3,9
254411,254420,254422,2,9
254411,254421,254422,1,10
254411,254421,254423,2,10
254411,254421,254423,2,10
254411,254421,254423,2,10
254411,254420,254423,3,9
254411,254421,254423,2,10
254411,254422,254423,1,11
254411,254420,254423,3,9
254411,254422,254423,1,11
254411,254422,254423,1,11
254411,254422,254423,1,11
254411,254422,254423,1,11
254411,254422,254423,1,11
254411,254422,254424,2,11
254411,254422,254423,1,11
254411,254422,254423,1,11
254411,254421,254423,2,10
254411,254421,254424,3,10
254411,254421,254423,2,10
254411,254423,254424,1,12
254411,254421,254424,3,10
254411,254422,254424,2,11
254411,254422,254424,2,11
254411,254422,254424,2,11
254411,254423,254424,1,12
254411,254423,254424,1,12
254411,254423,254424,1,12
254411,254423,254424,1,12
254411,254424,254425,1,13
254411,254423,254424,1,12
254411,254423,254425,2,12
254411,254423,254425,2,12
254411,254423,254424,1,12
254411,254424,254425,1,13
254411,254424,254425,1,13
254411,254424,254425,1,13
254411,254424,254425,1,13
254411,254424,254425,1,13
254411,254424,254425,1,13
254411,254424,254425,1,13
254411,254424,254425,1,13
254411,254425,254426,1,14
254411,254424,254425,1,13
254411,254425,254426,1,14
254411,254424,254426,2,13
254411,254424,254426,2,13
254411,254425,254426,1,14
254411,254425,254426,1,14
254411,254425,254426,1,14
254411,254425,254427,2,14
254411,254425,254427,2,14
254411,254425,254427,2,14
254411,254425,254427,2,14
254411,254425,254428,3,14
254411,254424,254427,3,13
254411,254425,254428,3,14
254411,254426,254428,2,15
254411,254426,254428,2,15
254411,254426,254429,3,15
254411,254426,254429,3,15
254411,254426,254429,3,15
254411,254426,254429,3,15
254411,254426,254429,3,15
254411,254426,254429,3,15
254411,254426,254428,2,15
254411,254427,254429,2,16
254411,254425,254429,4,14
254411,254425,254429,4,14
254411,254426,254429,3,15
254411,254427,254429,2,16
254421,254429,254430,1,8
254421,254429,254430,1,8
254411,254426,254429,3,15
254411,254427,254429,2,16
254421,254429,254430,1,8
254421,254429,254430,1,8
254421,254429,254430,1,8
254421,254428,254429,1,7
254421,254428,254430,2,7
254421,254428,254430,2,7
254421,254428,254430,2,7
254411,254426,254429,3,15
254411,254426,254429,3,15
254421,254429,254430,1,8
254421,254428,254429,1,7
254421,254428,254430,2,7
254421,254429,254430,1,8
254421,254429,254430,1,8
254421,254430,254431,1,9
254421,254430,254431,1,9
254421,254430,254431,1,9
254421,254430,254431,1,9
254421,254430,254431,1,9
254421,254430,254432,2,9
254421,254430,254432,2,9
254421,254430,254431,1,9
254421,254430,254431,1,9
254421,254430,254432,2,9
254421,254430,254432,2,9
254421,254430,254432,2,9
254421,254430,254433,3,9
254421,254430,254433,3,9
254421,254431,254433,2,10
254421,254430,254433,3,9
254421,254431,254435,4,10
254421,254430,254434,4,9
254421,254430,254435,5,9
254421,254430,254434,4,9
254421,254432,254436,4,11
254421,254432,254435,3,11
254421,254431,254435,4,10
254421,254432,254435,3,11
254421,254432,254435,3,11
254421,254431,254435,4,10
254421,254432,254435,3,11
254421,254432,254436,4,11
254421,254432,254436,4,11
254421,254432,254435,3,11
254421,254432,254437,5,11
254421,254435,254437,2,14
254421,254432,254437,5,11
254421,254433,254437,4,12
254421,254433,254437,4,12
254421,254434,254437,3,13
254421,254435,254437,2,14
254421,254435,254437,2,14
254421,254434,254437,3,13
254421,254436,254438,2,15
254421,254433,254437,4,12
254421,254436,254438,2,15
254421,254436,254438,2,15
254421,254437,254438,1,16
254421,254436,254438,2,15
254421,254436,254438,2,15
254421,254436,254438,2,15
254421,254433,254437,4,12
254421,254435,254438,3,14
254421,254436,254438,2,15
254421,254436,254439,3,15
254421,254437,254438,1,16
254421,254438,254439,1,17
254421,254438,254439,1,17
254421,254436,254439,3,15
254421,254436,254438,2,15
254421,254437,254438,1,16
254421,254438,254439,1,17
254421,254438,254439,1,17
254421,254438,254439,1,17
254421,254437,254439,2,16
254421,254437,254439,2,16
254421,254437,254439,2,16
254421,254437,254439,2,16
254421,254437,254439,2,16
254421,254438,254439,1,17
254421,254429,254439,10,8
254421,254429,254439,10,8
254421,254438,254439,1,17
254421,254438,254440,2,17
254421,254439,254441,2,18
254421,254439,254441,2,18
254421,254438,254441,3,17
254421,254429,254442,13,8
254421,254439,254442,3,18
254421,254439,254443,4,18
254421,254439,254443,4,18
254421,254440,254444,4,19
254421,254439,254444,5,18
254421,254439,254444,5,18
254421,254439,254444,5,18
254421,254439,254444,5,18
254421,254439,254444,5,18
254421,254439,254444,5,18
254421,254439,254445,6,18
254421,254439,254445,6,18
254421,254439,254445,6,18
254421,254439,254445,6,18
254421,254439,254445,6,18
254421,254439,254445,6,18
254421,254440,254445,5,19
254421,254442,254445,3,21
254421,254439,254446,7,18
254421,254440,254446,6,19
254421,254442,254446,4,21
254421,254446,254449,3,25
254421,254443,254448,5,22
254421,254444,254449,5,23
254421,254444,254449,5,23
254421,254444,254449,5,23
254421,254443,254449,6,22
254421,254442,254450,8,21
254421,254443,254450,7,22
254421,254444,254449,5,23
254421,254445,254450,5,24
254421,254444,254450,6,23
254421,254444,254450,6,23
254421,254446,254450,4,25
254421,254446,254451,5,25
254421,254446,254450,4,25
254421,254447,254451,4,26
254421,254449,254451,2,28
254421,254445,254451,6,24
254421,254445,254450,5,24
254421,254446,254451,5,25
254421,254447,254451,4,26
254421,254450,254451,1,29
254421,254445,254451,6,24
254421,254447,254452,5,26
254421,254451,254452,1,30
254421,254449,254451,2,28
254421,254449,254451,2,28
254421,254450,254452,2,29
254421,254450,254452,2,29
254421,254450,254452,2,29
254421,254451,254452,1,30
254421,254451,254452,1,30
254421,254451,254452,1,30
254421,254451,254452,1,30
254421,254449,254452,3,28
254421,254451,254453,2,30
254421,254450,254452,2,29
254421,254451,254452,1,30
254421,254450,254453,3,29
254421,254451,254453,2,30
254421,254451,254453,2,30
254421,254440,254453,13,19
254421,254452,254453,1,31
254421,254452,254453,1,31
254421,254452,254453,1,31
254421,254452,254453,1,31
254421,254452,254453,1,31
254421,254452,254454,2,31
254421,254452,254453,1,31
254421,254452,254454,2,31
254421,254452,254454,2,31
254421,254452,254454,2,31
254421,254453,254454,1,32
254421,254453,254454,1,32
254421,254440,254454,14,19
254421,254453,254454,1,32
254421,254453,254454,1,32
254421,254453,254454,1,32
254421,254453,254454,1,32
254421,254443,254455,12,22
254421,254453,254456,3,32
254421,254453,254456,3,32
254421,254453,254456,3,32
254421,254454,254458,4,33
254421,254454,254458,4,33
254421,254454,254459,5,33
254421,254453,254459,6,32
254421,254454,254459,5,33
254421,254454,254459,5,33
254421,254455,254460,5,34
254421,254454,254460,6,33
254421,254454,254459,5,33
254421,254454,254460,6,33
254421,254454,254460,6,33
254421,254455,254460,5,34
254421,254454,254460,6,33
254421,254455,254461,6,34
254421,254455,254460,5,34
254421,254455,254461,6,34
254421,254455,254460,5,34
254421,254455,254461,6,34
254421,254457,254461,4,36
254421,254457,254461,4,36
254421,254454,254461,7,33
254421,254457,254461,4,36
254421,254454,254465,11,33
254421,254455,254465,10,34
254421,254456,254465,9,35
250752,250768,254479,3711,16
254480,254481,254482,1,1
254480,254481,254482,1,1
254480,254481,254482,1,1
254480,254481,254482,1,1
254480,254481,254482,1,1
254480,254481,254482,1,1
254480,254481,254482,1,1
254480,254481,254482,1,1
254480,254481,254482,1,1
254480,254481,254483,2,1
254480,254481,254482,1,1
254480,254481,254482,1,1
254480,254481,254483,2,1
254480,254481,254483,2,1
254480,254481,254483,2,1
254480,254481,254483,2,1
254480,254481,254483,2,1
254480,254482,254483,1,2
254480,254481,254483,2,1
254480,254481,254483,2,1
254480,254481,254483,2,1
254480,254483,254484,1,3
254480,254483,254484,1,3
254480,254483,254484,1,3
254480,254483,254485,2,3
254480,254483,254484,1,3
254480,254483,254484,1,3
254480,254483,254485,2,3
254480,254483,254485,2,3
254480,254483,254485,2,3
254480,254484,254485,1,4
254480,254484,254485,1,4
254480,254484,254486,2,4
254480,254484,254486,2,4
254480,254484,254485,1,4
254480,254484,254485,1,4
254480,254483,254485,2,3
254480,254483,254485,2,3
254480,254484,254486,2,4
254480,254485,254486,1,5
254480,254485,254486,1,5
254480,254485,254486,1,5
254480,254485,254486,1,5
254480,254485,254487,2,5
254480,254481,254486,5,1
254480,254481,254487,6,1
254480,254485,254486,1,5
254480,254485,254487,2,5
254480,254485,254486,1,5
254480,254484,254486,2,4
254480,254484,254486,2,4
254480,254485,254486,1,5
254480,254486,254488,2,6
254480,254487,254488,1,7
254480,254487,254488,1,7
254480,254486,254487,1,6
254480,254482,254488,6,2
254480,254482,254487,5,2
254480,254482,254487,5,2
254480,254486,254488,2,6
254480,254486,254488,2,6
254480,254486,254487,1,6
254480,254486,254488,2,6
254480,254486,254487,1,6
254480,254486,254488,2,6
254480,254487,254488,1,7
254480,254487,254488,1,7
254480,254487,254488,1,7
254480,254488,254489,1,8
254480,254487,254488,1,7
254480,254488,254489,1,8
254480,254487,254488,1,7
254480,254486,254488,2,6
254480,254487,254488,1,7
254480,254487,254488,1,7
254480,254487,254489,2,7
254480,254487,254488,1,7
254480,254488,254489,1,8
254480,254489,254490,1,9
254480,254489,254490,1,9
254480,254489,254490,1,9
254480,254489,254490,1,9
254480,254488,254489,1,8
254480,254488,254489,1,8
254480,254488,254489,1,8
254480,254488,254489,1,8
254480,254488,254489,1,8
254480,254488,254489,1,8
254480,254489,254490,1,9
254480,254489,254490,1,9
254480,254490,254491,1,10
254480,254489,254490,1,9
254480,254489,254491,2,9
254480,254489,254490,1,9
254480,254489,254490,1,9
254480,254489,254491,2,9
254480,254489,254491,2,9
254480,254489,254491,2,9
254480,254490,254491,1,10
254480,254490,254491,1,10
254480,254490,254491,1,10
254480,254491,254492,1,11
254480,254490,254492,2,10
254480,254490,254492,2,10
254480,254490,254491,1,10
254480,254491,254492,1,11
254480,254490,254492,2,10
254480,254490,254492,2,10
254480,254490,254491,1,10
254480,254490,254491,1,10
254480,254491,254492,1,11
254480,254491,254492,1,11
254480,254487,254492,5,7
254480,254487,254493,6,7
254480,254492,254493,1,12
254480,254492,254493,1,12
254480,254491,254493,2,11
254480,254491,254493,2,11
254480,254491,254493,2,11
254480,254491,254493,2,11
254480,254491,254493,2,11
254480,254491,254493,2,11
254480,254492,254493,1,12
254480,254492,254493,1,12
254480,254492,254493,1,12
254480,254493,254494,1,13
254480,254492,254494,2,12
254480,254492,254493,1,12
254480,254493,254494,1,13
254480,254492,254494,2,12
254480,254492,254494,2,12
254480,254492,254493,1,12
254480,254492,254494,2,12
254480,254488,254493,5,8
254480,254488,254494,6,8
254480,254488,254494,6,8
254480,254493,254494,1,13
254480,254493,254494,1,13
254480,254492,254494,2,12
254480,254494,254495,1,14
254480,254494,254495,1,14
254480,254493,254495,2,13
254480,254493,254495,2,13
254480,254493,254495,2,13
254480,254493,254495,2,13
254480,254493,254495,2,13
254480,254493,254495,2,13
254480,254494,254495,1,14
254480,254494,254496,2,14
254480,254494,254495,1,14
254480,254494,254496,2,14
254480,254494,254495,1,14
254480,254494,254495,1,14
254480,254494,254496,2,14
254480,254494,254496,2,14
254480,254494,254495,1,14
254480,254495,254496,1,15
254480,254495,254496,1,15
254480,254495,254496,1,15
254480,254495,254496,1,15
254480,254495,254496,1,15
254480,254495,254497,2,15
254480,254495,254496,1,15
254480,254496,254497,1,16
254480,254495,254497,2,15
254480,254495,254497,2,15
254480,254495,254497,2,15
254480,254495,254497,2,15
254480,254496,254497,1,16
254480,254496,254497,1,16
254480,254496,254497,1,16
254480,254496,254498,2,16
254480,254496,254497,1,16
254480,254497,254498,1,17
254480,254496,254498,2,16
254480,254496,254497,1,16
254480,254497,254498,1,17
254480,254496,254498,2,16
254480,254496,254498,2,16
254480,254496,254498,2,16
254480,254497,254499,2,17
254480,254497,254498,1,17
254480,254497,254499,2,17
254480,254497,254498,1,17
254480,254497,254498,1,17
254480,254493,254499,6,13
254480,254493,254499,6,13
254480,254496,254498,2,16
254480,254497,254499,2,17
254480,254497,254499,2,17
254480,254497,254499,2,17
254480,254497,254499,2,17
254480,254497,254499,2,17
254480,254498,254499,1,18
254480,254498,254499,1,18
254480,254498,254499,1,18
254480,254498,254499,1,18
254480,254498,254499,1,18
254480,254498,254500,2,18
249788,249802,254597,4795,14
254598,254598,254599,1,0
254598,254598,254599,1,0
254598,254598,254599,1,0
254598,254598,254599,1,0
254598,254598,254599,1,0
254598,254598,254599,1,0
254598,254598,254599,1,0
254598,254598,254600,2,0
254598,254598,254599,1,0
254598,254598,254599,1,0
254598,254598,254600,2,0
254598,254598,254599,1,0
254598,254598,254600,2,0
254598,254598,254599,1,0
254598,254598,254599,1,0
254598,254598,254601,3,0
254598,254599,254601,2,1
254598,254598,254600,2,0
254598,254598,254600,2,0
254598,254598,254601,3,0
254598,254599,254601,2,1
254598,254599,254601,2,1
254598,254598,254601,3,0
254598,254598,254601,3,0
254598,254598,254601,3,0
254598,254598,254601,3,0
254598,254598,254602,4,0
254598,254600,254601,1,2
254598,254600,254601,1,2
254598,254600,254601,1,2
254598,254600,254602,2,2
254598,254600,254602,2,2
254598,254600,254602,2,2
254598,254600,254602,2,2
254598,254600,254602,2,2
254598,254600,254601,1,2
254598,254600,254602,2,2
254598,254600,254602,2,2
254598,254600,254602,2,2
254598,254598,254601,3,0
254598,254601,254602,1,3
254598,254601,254602,1,3
254598,254601,254602,1,3
254598,254601,254603,2,3
254598,254601,254603,2,3
254598,254601,254603,2,3
254598,254601,254603,2,3
254598,254602,254603,1,4
254598,254602,254604,2,4
254598,254602,254604,2,4
254598,254602,254603,1,4
254598,254602,254604,2,4
254598,254603,254604,1,5
254598,254602,254604,2,4
254598,254602,254604,2,4
254598,254602,254604,2,4
254598,254602,254604,2,4
254598,254602,254604,2,4
254598,254601,254603,2,3
254598,254601,254603,2,3
254598,254601,254603,2,3
254598,254601,254603,2,3
254598,254602,254604,2,4
254598,254602,254604,2,4
254598,254603,254605,2,5
254598,254603,254604,1,5
254598,254603,254604,1,5
254598,254603,254605,2,5
254598,254602,254606,4,4
254598,254603,254607,4,5
254598,254604,254607,3,6
254598,254602,254607,5,4
254598,254604,254608,4,6
254598,254604,254608,4,6
254598,254604,254608,4,6
254598,254604,254607,3,6
254598,254604,254607,3,6
254598,254604,254608,4,6
254598,254604,254607,3,6
254598,254604,254608,4,6
254598,254604,254607,3,6
254598,254604,254607,3,6
254598,254605,254608,3,7
254598,254605,254608,3,7
254598,254605,254608,3,7
254598,254605,254608,3,7
254598,254605,254608,3,7
254598,254604,254608,4,6
254598,254604,254608,4,6
254598,254604,254608,4,6
254598,254604,254608,4,6
254598,254604,254608,4,6
254598,254608,254609,1,10
254598,254608,254609,1,10
254598,254608,254609,1,10
254598,254608,254609,1,10
254598,254605,254608,3,7
254598,254607,254609,2,9
254598,254607,254609,2,9
254598,254607,254609,2,9
254598,254608,254609,1,10
254598,254608,254609,1,10
254598,254608,254609,1,10
254598,254608,254610,2,10
254598,254608,254609,1,10
254598,254609,254611,2,11
254598,254609,254611,2,11
254598,254609,254611,2,11
254598,254608,254611,3,10
254598,254608,254610,2,10
254598,254608,254610,2,10
254598,254608,254611,3,10
254598,254608,254611,3,10
254598,254609,254611,2,11
254598,254608,254611,3,10
254598,254608,254611,3,10
254598,254609,254611,2,11
254598,254609,254611,2,11
254598,254609,254611,2,11
254598,254608,254611,3,10
254598,254609,254612,3,11
254598,254610,254612,2,12
254598,254611,254612,1,13
254598,254609,254611,2,11
254598,254610,254612,2,12
254598,254611,254612,1,13
254598,254610,254612,2,12
254598,254610,254612,2,12
254598,254610,254612,2,12
254598,254609,254612,3,11
254598,254609,254612,3,11
254598,254611,254612,1,13
254598,254612,254613,1,14
254598,254611,254613,2,13
254598,254612,254613,1,14
254598,254612,254613,1,14
254598,254611,254613,2,13
254598,254611,254612,1,13
254598,254610,254613,3,12
254598,254612,254613,1,14
254598,254613,254614,1,15
254598,254612,254613,1,14
254598,254612,254613,1,14
254598,254612,254613,1,14
254598,254612,254613,1,14
254598,254612,254614,2,14
254598,254612,254614,2,14
254598,254612,254614,2,14
254598,254612,254614,2,14
254598,254612,254613,1,14
254598,254613,254614,1,15
254598,254613,254614,1,15
254598,254613,254614,1,15
254598,254613,254614,1,15
254598,254613,254614,1,15
254598,254613,254614,1,15
254598,254612,254614,2,14
254598,254612,254615,3,14
254598,254613,254615,2,15
254598,254614,254615,1,16
254598,254614,254615,1,16
254598,254614,254615,1,16
254598,254614,254615,1,16
254598,254614,254615,1,16
254598,254614,254615,1,16
254598,254614,254615,1,16
254598,254614,254615,1,16
254598,254614,254616,2,16
254598,254614,254616,2,16
254598,254614,254616,2,16
254598,254614,254616,2,16
254598,254615,254617,2,17
254598,254615,254617,2,17
254598,254615,254616,1,17
254598,254614,254616,2,16
254598,254614,254616,2,16
254598,254614,254616,2,16
254598,254614,254617,3,16
254598,254616,254617,1,18
254598,254616,254617,1,18
254598,254614,254617,3,16
254598,254616,254617,1,18
254598,254616,254617,1,18
254598,254616,254617,1,18
254598,254616,254617,1,18
254598,254616,254617,1,18
254598,254615,254617,2,17
254598,254615,254617,2,17
254598,254616,254617,1,18
254598,254615,254617,2,17
254598,254615,254618,3,17
254598,254617,254618,1,19
254598,254617,254618,1,19
254598,254617,254618,1,19
254598,254617,254618,1,19
254598,254617,254618,1,19
254598,254617,254618,1,19
251250,251264,254897,3633,14
254898,254898,254899,1,0
254898,254898,254899,1,0
254898,254898,254899,1,0
254898,254898,254900,2,0
254898,254898,254899,1,0
254898,254898,254899,1,0
254898,254898,254899,1,0
254898,254898,254899,1,0
254898,254898,254899,1,0
254898,254898,254899,1,0
254898,254898,254899,1,0
254898,254898,254900,2,0
254898,254898,254900,2,0
254898,254898,254899,1,0
254898,254898,254900,2,0
254898,254898,254900,2,0
254898,254898,254899,1,0
254898,254898,254899,1,0
254898,254899,254900,1,1
254898,254898,254900,2,0
254898,254898,254900,2,0
254898,254898,254900,2,0
254898,254899,254900,1,1
254898,254899,254900,1,1
254898,254898,254900,2,0
254898,254898,254900,2,0
254898,254898,254900,2,0
254898,254898,254900,2,0
254898,254900,254902,2,2
254898,254900,254901,1,2
254898,254900,254902,2,2
254898,254900,254902,2,2
254898,254900,254902,2,2
254898,254900,254902,2,2
254898,254900,254901,1,2
254898,254900,254902,2,2
254898,254900,254902,2,2
254898,254900,254902,2,2
254898,254900,254901,1,2
254898,254901,254902,1,3
254898,254901,254902,1,3
254898,254901,254902,1,3
254898,254901,254903,2,3
254898,254900,254902,2,2
254898,254900,254902,2,2
254898,254900,254902,2,2
254898,254901,254903,2,3
254898,254901,254903,2,3
254898,254900,254902,2,2
254898,254901,254903,2,3
254898,254902,254903,1,4
254898,254902,254904,2,4
254898,254903,254904,1,5
254898,254901,254903,2,3
254898,254903,254904,1,5
254898,254903,254904,1,5
254898,254902,254903,1,4
254898,254902,254904,2,4
254898,254901,254903,2,3
254898,254902,254903,1,4
254898,254902,254904,2,4
254898,254902,254904,2,4
254898,254901,254903,2,3
254898,254902,254903,1,4
254898,254902,254903,1,4
254898,254902,254903,1,4
254898,254902,254903,1,4
254898,254903,254904,1,5
254898,254904,254905,1,6
254898,254904,254905,1,6
254898,254903,254904,1,5
254898,254904,254905,1,6
254898,254903,254905,2,5
254898,254903,254905,2,5
254898,254903,254905,2,5
254898,254904,254905,1,6
254898,254904,254905,1,6
254898,254903,254905,2,5
254898,254903,254905,2,5
254898,254904,254905,1,6
254898,254904,254905,1,6
254898,254904,254905,1,6
254898,254903,254905,2,5
254898,254903,254905,2,5
254898,254904,254905,1,6
254898,254905,254906,1,7
254898,254904,254905,1,6
254898,254904,254905,1,6
254898,254904,254905,1,6
254898,254905,254906,1,7
254898,254904,254906,2,6
254898,254904,254905,1,6
254898,254904,254906,2,6
254898,254904,254906,2,6
254898,254904,254905,1,6
254898,254905,254907,2,7
254898,254906,254907,1,8
254898,254905,254906,1,7
254898,254905,254907,2,7
254898,254905,254907,2,7
254898,254905,254907,2,7
254898,254905,254907,2,7
254898,254905,254907,2,7
254898,254905,254906,1,7
254898,254905,254907,2,7
254898,254905,254907,2,7
254898,254905,254907,2,7
254898,254905,254906,1,7
254898,254906,254907,1,8
254898,254905,254907,2,7
254898,254905,254907,2,7
254898,254906,254907,1,8
254898,254905,254906,1,7
254898,254906,254907,1,8
254898,254907,254908,1,9
254898,254906,254908,2,8
254898,254906,254908,2,8
254898,254906,254908,2,8
254898,254906,254908,2,8
254898,254906,254908,2,8
254898,254906,254908,2,8
254898,254907,254909,2,9
254898,254908,254909,1,10
254898,254907,254909,2,9
254898,254907,254909,2,9
254898,254907,254908,1,9
254898,254907,254909,2,9
254898,254907,254909,2,9
254898,254907,254909,2,9
254898,254907,254909,2,9
254898,254907,254909,2,9
254898,254907,254909,2,9
254898,254908,254909,1,10
254898,254908,254909,1,10
254898,254908,254909,1,10
254898,254908,254909,1,10
254898,254908,254909,1,10
254898,254909,254910,1,11
254898,254909,254910,1,11
254898,254909,254910,1,11
254898,254907,254910,3,9
254898,254910,254911,1,12
254898,254908,254910,2,10
254898,254909,254910,1,11
254898,254909,254910,1,11
254898,254909,254910,1,11
254898,254909,254911,2,11
254898,254910,254911,1,12
254898,254909,254911,2,11
254898,254909,254911,2,11
254898,254910,254911,1,12
254898,254910,254911,1,12
254898,254910,254911,1,12
254898,254910,254911,1,12
254898,254910,254911,1,12
254898,254910,254911,1,12
254898,254910,254911,1,12
254898,254910,254911,1,12
254898,254908,254911,3,10
254898,254911,254912,1,13
254898,254909,254911,2,11
254898,254910,254911,1,12
254898,254910,254911,1,12
254898,254911,254912,1,13
254898,254910,254911,1,12
254898,254911,254912,1,13
254898,254911,254912,1,13
254898,254912,254913,1,14
254898,254911,254912,1,13
254898,254911,254912,1,13
254898,254911,254912,1,13
254898,254912,254913,1,14
254898,254911,254913,2,13
254898,254912,254913,1,14
254898,254911,254913,2,13
254898,254911,254913,2,13
254898,254912,254913,1,14
254898,254912,254913,1,14
254898,254912,254913,1,14
254898,254912,254913,1,14
254898,254912,254913,1,14
254898,254912,254913,1,14
254898,254912,254913,1,14
254898,254912,254913,1,14
254898,254912,254913,1,14
254898,254912,254913,1,14
254898,254912,254913,1,14
254898,254912,254913,1,14
254898,254912,254913,1,14
254898,254912,254913,1,14
254898,254912,254913,1,14
254898,254913,254914,1,15
254898,254913,254914,1,15
254898,254913,254914,1,15
251497,251514,255275,3761,17
251656,251670,255275,3605,14
255276,255276,255277,1,0
255276,255276,255277,1,0
255276,255276,255277,1,0
255276,255276,255277,1,0
255276,255276,255277,1,0
255276,255276,255277,1,0
255276,255276,255278,2,0
255276,255276,255277,1,0
255276,255276,255278,2,0
255276,255276,255277,1,0
255276,255276,255277,1,0
255276,255276,255277,1,0
255276,255276,255277,1,0
255276,255276,255277,1,0
255276,255276,255277,1,0
255276,255276,255278,2,0
255276,255276,255278,2,0
255276,255276,255279,3,0
255276,255277,255278,1,1
255276,255276,255278,2,0
255276,255276,255278,2,0
255276,255276,255278,2,0
255276,255276,255278,2,0
255276,255276,255278,2,0
255276,255276,255278,2,0
255276,255277,255278,1,1
255276,255277,255278,1,1
255276,255277,255278,1,1
255276,255276,255278,2,0
255276,255276,255279,3,0
255276,255278,255279,1,2
255276,255278,255279,1,2
255276,255278,255279,1,2
255276,255278,255279,1,2
255276,255278,255279,1,2
255276,255278,255279,1,2
255276,255278,255279,1,2
255276,255278,255279,1,2
255276,255278,255279,1,2
255276,255278,255279,1,2
255276,255278,255280,2,2
255276,255278,255280,2,2
255276,255278,255280,2,2
255276,255279,255281,2,3
255276,255279,255280,1,3
255276,255280,255281,1,4
255276,255279,255280,1,3
255276,255279,255281,2,3
255276,255280,255281,1,4
255276,255279,255280,1,3
255276,255279,255280,1,3
255276,255280,255281,1,4
255276,255279,255280,1,3
255276,255280,255281,1,4
255276,255279,255280,1,3
255276,255280,255281,1,4
255276,255279,255281,2,3
255276,255280,255281,1,4
255276,255281,255282,1,5
255276,255281,255282,1,5
255276,255279,255281,2,3
255276,255279,255281,2,3
255276,255279,255282,3,3
255276,255280,255281,1,4
255276,255280,255281,1,4
255276,255281,255282,1,5
255276,255280,255281,1,4
255276,255280,255281,1,4
255276,255281,255282,1,5
255276,255281,255282,1,5
255276,255281,255282,1,5
255276,255281,255282,1,5
255276,255280,255281,1,4
255276,255281,255282,1,5
255276,255281,255282,1,5
255276,255280,255281,1,4
255276,255280,255281,1,4
255276,255281,255282,1,5
255276,255281,255282,1,5
255276,255282,255283,1,6
255276,255282,255283,1,6
255276,255281,255282,1,5
255276,255281,255282,1,5
255276,255281,255282,1,5
255276,255282,255283,1,6
255276,255282,255283,1,6
255276,255282,255283,1,6
255276,255281,255282,1,5
255276,255282,255283,1,6
255276,255283,255284,1,7
255276,255283,255284,1,7
255276,255282,255283,1,6
255276,255282,255284,2,6
255276,255282,255284,2,6
255276,255282,255283,1,6
255276,255282,255283,1,6
255276,255282,255283,1,6
255276,255282,255283,1,6
255276,255282,255283,1,6
255276,255282,255283,1,6
255276,255283,255284,1,7
255276,255283,255284,1,7
255276,255282,255283,1,6
255276,255282,255283,1,6
255276,255282,255284,2,6
255276,255282,255284,2,6
255276,255282,255284,2,6
255276,255283,255285,2,7
255276,255283,255285,2,7
255276,255284,255285,1,8
255276,255284,255285,1,8
255276,255283,255284,1,7
255276,255283,255285,2,7
255276,255283,255285,2,7
255276,255284,255285,1,8
255276,255283,255284,1,7
255276,255283,255284,1,7
255276,255284,255285,1,8
255276,255285,255286,1,9
255276,255284,255286,2,8
255276,255284,255286,2,8
255276,255284,255286,2,8
255276,255284,255286,2,8
255276,255284,255286,2,8
255276,255284,255285,1,8
255276,255284,255286,2,8
255276,255285,255286,1,9
255276,255284,255285,1,8
255276,255284,255285,1,8
255276,255284,255285,1,8
255276,255284,255285,1,8
255276,255284,255285,1,8
255276,255284,255285,1,8
255276,255285,255286,1,9
255276,255284,255286,2,8
255276,255284,255286,2,8
255276,255285,255286,1,9
255276,255285,255287,2,9
255276,255285,255287,2,9
255276,255285,255286,1,9
255276,255285,255286,1,9
255276,255286,255288,2,10
255276,255285,255287,2,9
255276,255285,255288,3,9
255276,255286,255287,1,10
255276,255286,255288,2,10
255276,255286,255288,2,10
255276,255286,255288,2,10
255276,255286,255288,2,10
255276,255286,255289,3,10
255276,255286,255288,2,10
255276,255286,255289,3,10
255276,255286,255289,3,10
255276,255286,255289,3,10
255276,255286,255289,3,10
255276,255287,255290,3,11
255276,255288,255290,2,12
255276,255286,255289,3,10
255276,255288,255290,2,12
255276,255289,255290,1,13
255276,255286,255290,4,10
255276,255289,255290,1,13
255276,255286,255290,4,10
255276,255286,255290,4,10
255276,255287,255290,3,11
255276,255288,255291,3,12
255276,255288,255291,3,12
255276,255286,255290,4,10
255276,255286,255291,5,10
255276,255286,255291,5,10
255276,255290,255291,1,14
255276,255290,255291,1,14
255276,255287,255291,4,11
255276,255287,255291,4,11
255276,255288,255291,3,12
255276,255289,255291,2,13
255276,255289,255291,2,13
255276,255287,255291,4,11
255276,255288,255291,3,12
255276,255288,255291,3,12
255276,255290,255291,1,14
255276,255289,255291,2,13
255276,255291,255292,1,15
255276,255289,255291,2,13
255276,255288,255291,3,12
255276,255291,255292,1,15
255276,255291,255292,1,15
255276,255291,255292,1,15
255276,255291,255292,1,15
255276,255291,255292,1,15
255276,255291,255293,2,15
255276,255291,255292,1,15
255278,255292,255293,1,14
255276,255291,255293,2,15
255276,255291,255293,2,15
255278,255292,255293,1,14
255278,255292,255293,1,14
255278,255292,255293,1,14
255278,255292,255293,1,14
255278,255292,255293,1,14
255278,255292,255293,1,14
255278,255292,255293,1,14
255278,255292,255293,1,14
255278,255292,255293,1,14
255278,255292,255293,1,14
255278,255292,255293,1,14
255276,255291,255294,3,15
255276,255291,255294,3,15
255276,255291,255294,3,15
255278,255293,255294,1,15
255278,255293,255299,6,15
255278,255294,255299,5,16
255278,255293,255299,6,15
255278,255293,255299,6,15
255278,255293,255299,6,15
255278,255293,255299,6,15
255278,255294,255299,5,16
255278,255295,255299,4,17
255278,255294,255299,5,16
255278,255294,255300,6,16
255278,255294,255299,5,16
255278,255294,255299,5,16
255278,255294,255299,5,16
255278,255294,255299,5,16
255278,255294,255299,5,16
255278,255294,255299,5,16
255278,255294,255299,5,16
255278,255293,255299,6,15
255278,255293,255299,6,15
255278,255294,255300,6,16
255278,255299,255301,2,21
255278,255299,255301,2,21
255278,255299,255301,2,21
255278,255300,255301,1,22
255278,255295,255301,6,17
255278,255295,255301,6,17
255278,255295,255301,6,17
255278,255300,255301,1,22
255278,255300,255301,1,22
255278,255300,255301,1,22
255278,255300,255301,1,22
255278,255300,255301,1,22
255278,255300,255301,1,22
255278,255300,255301,1,22
255278,255300,255302,2,22
255278,255300,255301,1,22
255278,255300,255301,1,22
255278,255300,255301,1,22
255278,255300,255302,2,22
255278,255300,255302,2,22
255278,255299,255301,2,21
255278,255299,255301,2,21
255278,255301,255302,1,23
255278,255301,255302,1,23
255278,255302,255303,1,24
255278,255302,255303,1,24
255278,255301,255303,2,23
255278,255302,255305,3,24
255278,255302,255305,3,24
255278,255302,255305,3,24
255278,255302,255305,3,24
255278,255302,255305,3,24
255278,255302,255305,3,24
255278,255302,255305,3,24
255278,255302,255305,3,24
255278,255302,255305,3,24
255278,255302,255306,4,24
255278,255302,255305,3,24
255278,255302,255305,3,24
255278,255302,255306,4,24
255278,255294,255307,13,16
255278,255294,255307,13,16
255278,255302,255306,4,24
255278,255302,255306,4,24
255278,255302,255306,4,24
255278,255302,255306,4,24
255278,255302,255306,4,24
255278,255304,255309,5,26
255278,255304,255309,5,26
255278,255304,255309,5,26
255278,255306,255309,3,28
255278,255303,255309,6,25
255278,255303,255309,6,25
255278,255306,255310,4,28
255278,255306,255310,4,28
255278,255306,255310,4,28
255278,255306,255310,4,28
255278,255306,255310,4,28
255278,255306,255310,4,28
255278,255306,255310,4,28
255278,255306,255310,4,28
255278,255306,255311,5,28
255278,255306,255310,4,28
255278,255307,255312,5,29
255278,255307,255312,5,29
255278,255309,255313,4,31
255278,255310,255313,3,32
255278,255306,255313,7,28
255278,255306,255313,7,28
255278,255307,255313,6,29
255278,255307,255314,7,29
255278,255309,255314,5,31
255278,255311,255315,4,33
255278,255310,255315,5,32
255278,255310,255315,5,32
255278,255307,255315,8,29
255278,255310,255315,5,32
255278,255310,255315,5,32
255278,255311,255315,4,33
255278,255311,255316,5,33
255278,255311,255315,4,33
255278,255312,255315,3,34
255278,255311,255316,5,33
255278,255312,255316,4,34
255278,255311,255316,5,33
255278,255314,255316,2,36
255278,255314,255316,2,36
255278,255315,255316,1,37
255278,255315,255316,1,37
255278,255316,255317,1,38
255278,255314,255316,2,36
255278,255314,255316,2,36
255278,255316,255317,1,38
255278,255311,255316,5,33
255278,255311,255316,5,33
255278,255315,255317,2,37
255278,255316,255317,1,38
255278,255315,255317,2,37
255278,255315,255317,2,37
255278,255314,255317,3,36
255278,255317,255318,1,39
255278,255311,255317,6,33
255278,255314,255318,4,36
255278,255314,255317,3,36
255278,255316,255317,1,38
255278,255317,255318,1,39
255278,255316,255318,2,38
255278,255317,255318,1,39
255278,255316,255317,1,38
255278,255317,255318,1,39
255278,255316,255318,2,38
255278,255315,255318,3,37
255278,255317,255318,1,39
255278,255317,255319,2,39
255278,255317,255318,1,39
255278,255317,255319,2,39
255278,255317,255319,2,39
255278,255317,255319,2,39
255278,255317,255319,2,39
255278,255317,255319,2,39
255278,255317,255319,2,39
255278,255318,255319,1,40
255278,255318,255320,2,40
255278,255317,255322,5,39
255278,255319,255322,3,41
255278,255318,255322,4,40
255278,255318,255322,4,40
255278,255318,255323,5,40
255278,255319,255323,4,41
255278,255318,255324,6,40
255278,255318,255324,6,40
255278,255318,255324,6,40
255278,255319,255324,5,41
255278,255319,255323,4,41
255278,255318,255323,5,40
255278,255318,255324,6,40
255278,255318,255324,6,40
255278,255319,255324,5,41
255278,255319,255324,5,41
255278,255319,255324,5,41
255278,255319,255324,5,41
255278,255320,255324,4,42
255278,255307,255324,17,29
255278,255321,255324,3,43
255278,255319,255325,6,41
255278,255319,255325,6,41
255278,255320,255325,5,42
255278,255323,255326,3,45
255278,255323,255326,3,45
255278,255324,255326,2,46
255278,255323,255326,3,45
255278,255323,255326,3,45
255278,255307,255326,19,29
255278,255324,255327,3,46
255278,255323,255326,3,45
255278,255324,255327,3,46
255278,255324,255327,3,46
255278,255324,255327,3,46
255278,255324,255327,3,46
255278,255324,255327,3,46
255278,255324,255327,3,46
255278,255324,255327,3,46
255278,255324,255328,4,46
255278,255324,255328,4,46
250523,250542,255480,4938,19
255481,255481,255483,2,0
255481,255481,255483,2,0
255481,255481,255483,2,0
255481,255481,255483,2,0
255481,255481,255484,3,0
255481,255481,255483,2,0
255481,255481,255483,2,0
255481,255481,255483,2,0
255481,255481,255484,3,0
255481,255481,255484,3,0
255481,255481,255484,3,0
255481,255481,255484,3,0
255481,255481,255485,4,0
255481,255481,255484,3,0
255481,255481,255484,3,0
255481,255481,255485,4,0
255481,255481,255484,3,0
255481,255481,255484,3,0
255481,255481,255484,3,0
255481,255481,255485,4,0
255481,255481,255485,4,0
255481,255481,255485,4,0
255481,255481,255485,4,0
255481,255481,255486,5,0
255481,255481,255486,5,0
255481,255484,255486,2,3
255481,255484,255486,2,3
255481,255484,255487,3,3
255481,255484,255486,2,3
255481,255484,255487,3,3
255481,255484,255487,3,3
255481,255484,255487,3,3
255481,255484,255487,3,3
255481,255484,255487,3,3
255481,255485,255488,3,4
255481,255485,255488,3,4
255481,255485,255488,3,4
255481,255485,255488,3,4
255481,255485,255488,3,4
255481,255485,255488,3,4
255481,255485,255488,3,4
255481,255485,255488,3,4
255481,255486,255488,2,5
255481,255486,255488,2,5
255481,255485,255488,3,4
255481,255486,255488,2,5
255481,255486,255488,2,5
255481,255487,255488,1,6
255481,255487,255488,1,6
255481,255487,255488,1,6
255481,255486,255489,3,5
255481,255487,255488,1,6
255481,255487,255488,1,6
255481,255486,255488,2,5
255481,255485,255488,3,4
255481,255487,255488,1,6
255481,255487,255488,1,6
255481,255486,255489,3,5
255481,255486,255489,3,5
255481,255488,255489,1,7
255481,255489,255490,1,8
255481,255489,255490,1,8
255481,255489,255490,1,8
255481,255488,255490,2,7
255481,255488,255490,2,7
255481,255489,255490,1,8
255481,255488,255490,2,7
255481,255488,255490,2,7
255481,255489,255490,1,8
255481,255489,255490,1,8
255481,255488,255489,1,7
255481,255488,255489,1,7
255481,255488,255489,1,7
255481,255489,255490,1,8
255481,255489,255490,1,8
255481,255489,255491,2,8
255481,255489,255491,2,8
255481,255489,255491,2,8
255481,255488,255490,2,7
255481,255488,255490,2,7
255481,255489,255491,2,8
255481,255490,255491,1,9
255481,255490,255491,1,9
255481,255490,255491,1,9
255481,255490,255491,1,9
255481,255489,255490,1,8
255481,255490,255491,1,9
255481,255489,255491,2,8
255481,255490,255491,1,9
255481,255490,255491,1,9
255481,255490,255491,1,9
255481,255490,255491,1,9
255481,255491,255493,2,10
255481,255490,255493,3,9
255481,255490,255493,3,9
255481,255490,255493,3,9
255481,255490,255493,3,9
255481,255490,255493,3,9
255481,255490,255493,3,9
255481,255490,255493,3,9
255481,255489,255493,4,8
255481,255491,255494,3,10
255481,255491,255494,3,10
255481,255491,255494,3,10
255481,255491,255494,3,10
255481,255491,255494,3,10
255481,255491,255494,3,10
255481,255491,255494,3,10
255481,255491,255495,4,10
255481,255491,255495,4,10
255481,255491,255495,4,10
255481,255491,255494,3,10
255481,255493,255495,2,12
255481,255492,255494,2,11
255481,255492,255495,3,11
255481,255492,255495,3,11
255481,255492,255495,3,11
255481,255493,255495,2,12
255481,255493,255495,2,12
255481,255493,255495,2,12
255481,255493,255495,2,12
255481,255493,255495,2,12
255481,255493,255495,2,12
255481,255492,255495,3,11
255481,255494,255496,2,13
255481,255494,255496,2,13
255481,255493,255495,2,12
255481,255494,255497,3,13
255481,255494,255497,3,13
255481,255494,255497,3,13
255481,255495,255497,2,14
255481,255494,255497,3,13
255481,255494,255497,3,13
255481,255495,255498,3,14
255481,255495,255498,3,14
255481,255495,255498,3,14
255481,255495,255498,3,14
255481,255495,255498,3,14
255481,255495,255498,3,14
255481,255495,255498,3,14
255481,255495,255498,3,14
255481,255495,255498,3,14
255481,255495,255498,3,14
255481,255495,255498,3,14
255481,255496,255498,2,15
255481,255496,255498,2,15
255481,255496,255498,2,15
255481,255497,255499,2,16
255481,255497,255499,2,16
255481,255495,255499,4,14
255481,255496,255498,2,15
255481,255497,255499,2,16
255481,255496,255498,2,15
255481,255498,255499,1,17
255481,255497,255499,2,16
255481,255496,255499,3,15
255481,255498,255499,1,17
255481,255497,255499,2,16
255481,255498,255500,2,17
255481,255498,255500,2,17
255481,255498,255500,2,17
255481,255499,255500,1,18
255481,255499,255500,1,18
255481,255498,255500,2,17
255481,255498,255500,2,17
255481,255499,255500,1,18
255481,255499,255500,1,18
255481,255498,255500,2,17
255481,255499,255500,1,18
255481,255499,255500,1,18
255481,255499,255500,1,18
255481,255499,255500,1,18
255481,255499,255500,1,18
255481,255496,255500,4,15
255481,255499,255501,2,18
255481,255499,255501,2,18
255481,255499,255501,2,18
255481,255499,255500,1,18
255481,255500,255501,1,19
255481,255499,255501,2,18
255481,255500,255501,1,19
255481,255501,255502,1,20
255481,255500,255501,1,19
255481,255500,255501,1,19
255481,255500,255502,2,19
255481,255500,255502,2,19
255481,255500,255502,2,19
255481,255501,255502,1,20
255481,255501,255502,1,20
255481,255501,255502,1,20
255481,255501,255502,1,20
255481,255501,255502,1,20
255481,255501,255502,1,20
255481,255501,255502,1,20
255481,255501,255502,1,20
255481,255501,255502,1,20
255481,255501,255502,1,20
255481,255500,255502,2,19
255481,255501,255503,2,20
250957,250971,255638,4667,14
255639,255639,255641,2,0
255639,255639,255641,2,0
255639,255639,255641,2,0
255639,255639,255641,2,0
255639,255639,255641,2,0
255639,255639,255641,2,0
255639,255639,255641,2,0
255639,255639,255641,2,0
255639,255639,255641,2,0
255639,255639,255641,2,0
255639,255639,255641,2,0
255639,255639,255642,3,0
255639,255639,255642,3,0
255639,255639,255641,2,0
255639,255639,255641,2,0
255639,255639,255641,2,0
255639,255639,255641,2,0
255639,255639,255643,4,0
255639,255639,255643,4,0
255639,255639,255642,3,0
255639,255639,255642,3,0
255639,255639,255642,3,0
255639,255639,255642,3,0
255639,255639,255642,3,0
255639,255641,255644,3,2
255639,255641,255644,3,2
255639,255641,255644,3,2
255639,255639,255643,4,0
255639,255641,255644,3,2
255639,255642,255645,3,3
255639,255642,255645,3,3
255639,255641,255644,3,2
255639,255641,255644,3,2
255639,255642,255644,2,3
255639,255642,255645,3,3
255639,255642,255645,3,3
255639,255644,255646,2,5
255639,255642,255645,3,3
255639,255642,255645,3,3
255639,255642,255645,3,3
255639,255644,255646,2,5
255639,255642,255645,3,3
255639,255642,255645,3,3
255639,255642,255646,4,3
255639,255643,255646,3,4
255639,255643,255646,3,4
255639,255643,255646,3,4
255639,255645,255646,1,6
255639,255645,255646,1,6
255639,255646,255647,1,7
255639,255643,255647,4,4
255639,255644,255647,3,5
255639,255644,255647,3,5
255639,255644,255647,3,5
255639,255646,255647,1,7
255639,255645,255646,1,6
255639,255646,255647,1,7
255639,255645,255647,2,6
255639,255646,255647,1,7
255639,255643,255647,4,4
255639,255646,255647,1,7
255639,255646,255647,1,7
255639,255643,255647,4,4
255639,255643,255648,5,4
255639,255646,255648,2,7
255639,255645,255647,2,6
255639,255647,255648,1,8
255639,255646,255647,1,7
255639,255647,255648,1,8
255639,255646,255648,2,7
255639,255646,255648,2,7
255639,255647,255649,2,8
255639,255647,255649,2,8
255639,255647,255649,2,8
255639,255647,255648,1,8
255639,255648,255649,1,9
255639,255647,255648,1,8
255639,255647,255649,2,8
255639,255647,255649,2,8
255639,255647,255649,2,8
255639,255647,255649,2,8
255639,255647,255649,2,8
255639,255648,255649,1,9
255639,255647,255648,1,8
255639,255648,255649,1,9
255639,255648,255649,1,9
255639,255647,255648,1,8
255639,255647,255649,2,8
255639,255647,255648,1,8
255639,255647,255649,2,8
255639,255648,255649,1,9
255639,255648,255649,1,9
255639,255648,255649,1,9
255639,255648,255649,1,9
255639,255648,255649,1,9
255639,255648,255651,3,9
255639,255649,255653,4,10
255639,255649,255653,4,10
255639,255649,255653,4,10
255639,255649,255653,4,10
255639,255649,255653,4,10
255639,255649,255653,4,10
255639,255649,255653,4,10
255639,255649,255653,4,10
255639,255649,255653,4,10
255639,255649,255654,5,10
255639,255649,255654,5,10
255639,255649,255654,5,10
255639,255649,255653,4,10
255639,255649,255653,4,10
255639,255650,255654,4,11
255639,255649,255653,4,10
255639,255649,255653,4,10
255639,255653,255654,1,14
255639,255649,255654,5,10
255639,255650,255654,4,11
255639,255649,255654,5,10
255639,255649,255653,4,10
255639,255653,255654,1,14
255639,255653,255654,1,14
255639,255651,255654,3,12
255639,255651,255654,3,12
255639,255652,255655,3,13
255639,255653,255655,2,14
255639,255650,255655,5,11
255639,255653,255655,2,14
255639,255653,255655,2,14
255639,255653,255655,2,14
255639,255654,255655,1,15
255639,255654,255655,1,15
255639,255655,255656,1,16
255639,255655,255656,1,16
255639,255654,255656,2,15
255639,255654,255656,2,15
255639,255654,255656,2,15
255639,255654,255656,2,15
255639,255654,255656,2,15
255639,255654,255656,2,15
255639,255654,255656,2,15
255639,255654,255656,2,15
255639,255654,255656,2,15
255639,255654,255656,2,15
255639,255654,255656,2,15
255639,255655,255656,1,16
255639,255655,255656,1,16
255639,255655,255656,1,16
255639,255655,255656,1,16
255639,255656,255657,1,17
255639,255655,255657,2,16
255639,255656,255657,1,17
255639,255656,255657,1,17
255639,255656,255657,1,17
255639,255656,255657,1,17
255639,255656,255657,1,17
255639,255656,255657,1,17
255639,255656,255658,2,17
255639,255656,255658,2,17
255639,255656,255658,2,17
255639,255657,255658,1,18
255639,255657,255658,1,18
255639,255656,255658,2,17
255639,255657,255659,2,18
255639,255657,255658,1,18
255639,255657,255658,1,18
255639,255657,255658,1,18
255639,255657,255658,1,18
255639,255657,255659,2,18
255639,255657,255659,2,18
255639,255656,255658,2,17
255639,255656,255658,2,17
255639,255656,255659,3,17
255639,255658,255659,1,19
255639,255659,255660,1,20
255639,255659,255660,1,20
255639,255657,255659,2,18
255639,255658,255659,1,19
255639,255657,255659,2,18
255639,255658,255659,1,19
255639,255658,255659,1,19
255639,255659,255660,1,20
255639,255659,255660,1,20
255639,255658,255659,1,19
255639,255658,255659,1,19
255639,255658,255659,1,19
255639,255658,255659,1,19
255639,255659,255660,1,20
255639,255659,255660,1,20
255639,255659,255660,1,20
255639,255659,255660,1,20
255639,255659,255660,1,20
255639,255659,255660,1,20
255639,255659,255660,1,20
255639,255659,255660,1,20
255639,255660,255661,1,21
255639,255660,255661,1,21
255639,255660,255661,1,21
255639,255660,255661,1,21
255639,255660,255661,1,21
251978,251993,255681,3688,15
255682,255682,255683,1,0
255682,255682,255683,1,0
255682,255682,255683,1,0
255682,255682,255683,1,0
255682,255682,255683,1,0
255682,255682,255683,1,0
255682,255682,255683,1,0
255682,255682,255683,1,0
255682,255682,255683,1,0
255682,255682,255683,1,0
255682,255682,255684,2,0
255682,255682,255683,1,0
255682,255682,255683,1,0
255682,255682,255683,1,0
255682,255682,255684,2,0
255682,255682,255683,1,0
255682,255682,255684,2,0
255682,255682,255684,2,0
255682,255682,255684,2,0
255682,255682,255684,2,0
255682,255682,255684,2,0
255682,255682,255684,2,0
255682,255682,255684,2,0
255682,255683,255685,2,1
255682,255682,255684,2,0
255682,255684,255685,1,2
255682,255684,255685,1,2
255682,255684,255685,1,2
255682,255684,255686,2,2
255682,255684,255686,2,2
255682,255684,255685,1,2
255682,255684,255685,1,2
255682,255684,255686,2,2
255682,255684,255686,2,2
255682,255684,255685,1,2
255682,255684,255686,2,2
255682,255684,255685,1,2
255682,255684,255685,1,2
255682,255684,255686,2,2
255682,255684,255686,2,2
255682,255685,255687,2,3
255682,255685,255687,2,3
255682,255685,255686,1,3
255682,255685,255686,1,3
255682,255685,255687,2,3
255682,255685,255687,2,3
255682,255684,255686,2,2
255682,255685,255687,2,3
255682,255682,255687,5,0
255682,255686,255687,1,4
255682,255686,255687,1,4
255682,255686,255687,1,4
255682,255686,255688,2,4
255682,255685,255687,2,3
255682,255686,255688,2,4
255682,255686,255688,2,4
255682,255686,255688,2,4
255682,255686,255687,1,4
255682,255686,255687,1,4
255682,255686,255687,1,4
255682,255686,255688,2,4
255682,255686,255688,2,4
255682,255686,255688,2,4
255682,255686,255688,2,4
255682,255686,255688,2,4
255682,255687,255689,2,5
255682,255687,255689,2,5
255682,255687,255689,2,5
255682,255687,255689,2,5
255682,255687,255689,2,5
255682,255687,255689,2,5
255682,255688,255689,1,6
255682,255687,255689,2,5
255682,255687,255689,2,5
255682,255688,255690,2,6
255682,255688,255689,1,6
255682,255688,255689,1,6
255682,255688,255689,1,6
255682,255688,255689,1,6
255682,255688,255690,2,6
255682,255688,255690,2,6
255682,255688,255689,1,6
255682,255688,255689,1,6
255682,255688,255689,1,6
255682,255688,255689,1,6
255682,255688,255689,1,6
255682,255688,255689,1,6
255682,255689,255690,1,7
255682,255689,255690,1,7
255682,255688,255690,2,6
255682,255688,255690,2,6
255682,255689,255690,1,7
255682,255689,255690,1,7
255682,255689,255690,1,7
255682,255689,255690,1,7
255682,255689,255690,1,7
255682,255689,255690,1,7
255682,255689,255690,1,7
255682,255690,255691,1,8
255682,255690,255691,1,8
255682,255690,255691,1,8
255682,255690,255691,1,8
255682,255690,255691,1,8
255682,255690,255692,2,8
255682,255690,255692,2,8
255682,255690,255692,2,8
255682,255690,255691,1,8
255682,255690,255692,2,8
255682,255690,255692,2,8
255682,255690,255691,1,8
255682,255690,255691,1,8
255682,255690,255692,2,8
255682,255690,255692,2,8
255682,255690,255692,2,8
255682,255690,255692,2,8
255682,255692,255693,1,10
255682,255691,255693,2,9
255682,255691,255693,2,9
255682,255691,255693,2,9
255682,255691,255693,2,9
255682,255691,255692,1,9
255682,255692,255693,1,10
255682,255691,255693,2,9
255682,255691,255693,2,9
255682,255692,255693,1,10
255682,255692,255694,2,10
255682,255692,255693,1,10
255682,255693,255694,1,11
255682,255691,255693,2,9
255682,255692,255694,2,10
255682,255692,255694,2,10
255682,255692,255694,2,10
255682,255692,255693,1,10
255682,255692,255694,2,10
255682,255692,255693,1,10
255682,255692,255693,1,10
255682,255692,255693,1,10
255682,255692,255693,1,10
255682,255693,255694,1,11
255682,255693,255694,1,11
255682,255692,255694,2,10
255682,255692,255694,2,10
255682,255693,255694,1,11
255682,255688,255694,6,6
255682,255694,255695,1,12
255682,255693,255695,2,11
255682,255693,255695,2,11
255682,255693,255695,2,11
255682,255693,255695,2,11
255682,255694,255695,1,12
255682,255693,255695,2,11
255682,255694,255695,1,12
255682,255694,255696,2,12
255682,255694,255696,2,12
255682,255694,255696,2,12
255682,255694,255695,1,12
255682,255695,255696,1,13
255682,255694,255695,1,12
255682,255694,255695,1,12
255682,255694,255696,2,12
255682,255694,255696,2,12
255682,255694,255696,2,12
255682,255694,255695,1,12
255682,255695,255696,1,13
255682,255695,255696,1,13
255682,255695,255696,1,13
255682,255696,255697,1,14
255682,255695,255696,1,13
255682,255695,255696,1,13
255682,255695,255696,1,13
255682,255695,255697,2,13
255682,255696,255697,1,14
255682,255696,255697,1,14
255682,255695,255696,1,13
255682,255695,255697,2,13
255682,255696,255697,1,14
255682,255696,255697,1,14
255682,255695,255697,2,13
255682,255696,255697,1,14
255682,255696,255697,1,14
255682,255696,255697,1,14
255682,255696,255698,2,14
255682,255696,255698,2,14
255682,255696,255698,2,14
255682,255697,255698,1,15
255682,255697,255698,1,15
255682,255696,255698,2,14
255682,255696,255698,2,14
255682,255696,255698,2,14
255682,255697,255698,1,15
255682,255697,255698,1,15
255682,255697,255698,1,15
255682,255697,255698,1,15
255682,255697,255698,1,15
255682,255697,255699,2,15
255682,255697,255699,2,15
255682,255695,255700,5,13
252294,252307,255819,3512,13
255820,255820,255821,1,0
255820,255820,255821,1,0
255820,255820,255821,1,0
255820,255821,255822,1,1
255820,255820,255822,2,0
255820,255820,255822,2,0
255820,255820,255822,2,0
255820,255820,255822,2,0
255820,255820,255822,2,0
255820,255821,255822,1,1
255820,255820,255822,2,0
255820,255820,255822,2,0
255820,255821,255823,2,1
255820,255820,255822,2,0
255820,255820,255822,2,0
255820,255820,255822,2,0
255820,255820,255822,2,0
255820,255821,255822,1,1
255820,255821,255823,2,1
255820,255821,255823,2,1
255820,255821,255823,2,1
255820,255820,255823,3,0
255820,255821,255823,2,1
255820,255822,255823,1,2
255820,255822,255823,1,2
255820,255822,255823,1,2
255820,255821,255823,2,1
255820,255823,255824,1,3
255820,255823,255824,1,3
255820,255823,255824,1,3
255820,255823,255824,1,3
255820,255823,255824,1,3
255820,255821,255824,3,1
255820,255823,255824,1,3
255820,255823,255824,1,3
255820,255823,255824,1,3
255820,255823,255824,1,3
255820,255823,255824,1,3
255820,255823,255824,1,3
255820,255823,255825,2,3
255820,255823,255824,1,3
255820,255823,255825,2,3
255820,255823,255825,2,3
255820,255824,255825,1,4
255820,255824,255825,1,4
255820,255824,255825,1,4
255820,255824,255825,1,4
255820,255824,255826,2,4
255820,255824,255825,1,4
255820,255823,255825,2,3
255820,255824,255826,2,4
255820,255824,255826,2,4
255820,255825,255826,1,5
255820,255825,255826,1,5
255820,255825,255826,1,5
255820,255825,255827,2,5
255820,255825,255827,2,5
255820,255825,255826,1,5
255820,255825,255826,1,5
255820,255825,255826,1,5
255820,255825,255826,1,5
255820,255825,255826,1,5
255820,255825,255826,1,5
255820,255825,255826,1,5
255820,255825,255826,1,5
255820,255827,255828,1,7
255820,255827,255828,1,7
255820,255827,255828,1,7
255820,255826,255828,2,6
255820,255826,255827,1,6
255820,255826,255828,2,6
255820,255827,255828,1,7
255820,255826,255827,1,6
255820,255827,255828,1,7
255820,255826,255827,1,6
255820,255826,255827,1,6
255820,255826,255827,1,6
255820,255827,255828,1,7
255820,255827,255828,1,7
255820,255826,255828,2,6
255820,255826,255827,1,6
255820,255825,255828,3,5
255820,255826,255828,2,6
255820,255828,255829,1,8
255820,255827,255828,1,7
255820,255828,255829,1,8
255820,255828,255829,1,8
255820,255826,255829,3,6
255820,255827,255829,2,7
255820,255827,255828,1,7
255820,255827,255828,1,7
255820,255828,255829,1,8
255820,255828,255829,1,8
255820,255828,255830,2,8
255820,255828,255830,2,8
255820,255828,255830,2,8
255820,255828,255829,1,8
255820,255828,255829,1,8
255820,255828,255829,1,8
255820,255828,255829,1,8
255820,255829,255830,1,9
255820,255828,255829,1,8
255820,255828,255829,1,8
255820,255828,255829,1,8
255820,255828,255830,2,8
255820,255828,255830,2,8
255820,255828,255830,2,8
255820,255828,255830,2,8
255820,255829,255830,1,9
255820,255829,255830,1,9
255820,255829,255830,1,9
255820,255829,255831,2,9
255820,255829,255831,2,9
255820,255829,255831,2,9
255820,255828,255830,2,8
255820,255830,255831,1,10
255820,255830,255831,1,10
255820,255831,255832,1,11
255820,255830,255832,2,10
255820,255830,255832,2,10
255820,255830,255832,2,10
255820,255830,255831,1,10
255820,255830,255831,1,10
255820,255830,255831,1,10
255820,255831,255832,1,11
255820,255830,255831,1,10
255820,255830,255831,1,10
255820,255830,255831,1,10
255820,255830,255831,1,10
255820,255830,255831,1,10
255820,255829,255831,2,9
255820,255830,255832,2,10
255820,255830,255832,2,10
255820,255830,255832,2,10
255820,255831,255832,1,11
255820,255832,255833,1,12
255820,255832,255833,1,12
255820,255832,255833,1,12
255820,255831,255833,2,11
255820,255830,255832,2,10
255820,255831,255833,2,11
255820,255831,255833,2,11
255820,255831,255833,2,11
255820,255832,255833,1,12
255820,255832,255833,1,12
255820,255832,255833,1,12
255820,255832,255834,2,12
255820,255832,255834,2,12
255820,255832,255834,2,12
255820,255832,255834,2,12
255820,255832,255834,2,12
255820,255832,255834,2,12
255820,255833,255834,1,13
255820,255832,255834,2,12
255820,255833,255834,1,13
255820,255832,255834,2,12
255820,255832,255834,2,12
255820,255833,255834,1,13
255820,255832,255834,2,12
255820,255832,255834,2,12
255820,255832,255834,2,12
255820,255832,255834,2,12
255820,255833,255835,2,13
255820,255833,255835,2,13
255820,255833,255835,2,13
255820,255833,255835,2,13
255820,255834,255835,1,14
255820,255834,255835,1,14
255820,255834,255836,2,14
255820,255834,255836,2,14
255820,255834,255836,2,14
255820,255834,255836,2,14
255820,255834,255836,2,14
255820,255834,255835,1,14
255820,255834,255836,2,14
255820,255834,255835,1,14
255820,255834,255835,1,14
255820,255834,255836,2,14
255820,255834,255836,2,14
255820,255834,255836,2,14
255820,255833,255835,2,13
255820,255834,255836,2,14
255820,255834,255836,2,14
255820,255834,255836,2,14
255820,255834,255837,3,14
255820,255833,255837,4,13
255820,255835,255837,2,15
255820,255834,255838,4,14
255820,255836,255839,3,16
255820,255836,255839,3,16
255820,255836,255839,3,16
255820,255836,255839,3,16
255820,255835,255839,4,15
255820,255836,255839,3,16
255820,255836,255839,3,16
255820,255836,255839,3,16
255820,255836,255839,3,16
255820,255836,255840,4,16
252718,252733,256109,3376,15
256110,256110,256112,2,0
256110,256110,256112,2,0
256110,256110,256112,2,0
256110,256110,256112,2,0
256110,256110,256112,2,0
256110,256110,256112,2,0
256110,256110,256112,2,0
256110,256110,256113,3,0
256110,256110,256112,2,0
256110,256110,256113,3,0
256110,256110,256113,3,0
256110,256110,256113,3,0
256110,256110,256113,3,0
256110,256110,256113,3,0
256110,256110,256113,3,0
256110,256110,256113,3,0
256110,256110,256113,3,0
256110,256110,256112,2,0
256110,256110,256112,2,0
256110,256110,256112,2,0
256110,256110,256113,3,0
256110,256110,256113,3,0
256110,256110,256114,4,0
256110,256112,256113,1,2
256110,256112,256114,2,2
256110,256112,256114,2,2
256110,256110,256113,3,0
256110,256110,256113,3,0
256110,256112,256114,2,2
256110,256112,256114,2,2
256110,256112,256114,2,2
256110,256112,256114,2,2
256110,256113,256115,2,3
256110,256113,256115,2,3
256110,256114,256115,1,4
256110,256113,256115,2,3
256110,256113,256115,2,3
256110,256113,256115,2,3
256110,256114,256115,1,4
256110,256114,256115,1,4
256110,256114,256115,1,4
256110,256114,256115,1,4
256110,256113,256115,2,3
256110,256114,256115,1,4
256110,256114,256115,1,4
256110,256114,256116,2,4
256110,256114,256116,2,4
256110,256114,256116,2,4
256110,256113,256116,3,3
256110,256113,256116,3,3
256110,256115,256116,1,5
256110,256115,256116,1,5
256110,256115,256116,1,5
256110,256115,256116,1,5
256110,256115,256116,1,5
256110,256115,256116,1,5
256110,256114,256116,2,4
256110,256115,256117,2,5
256110,256115,256117,2,5
256110,256116,256117,1,6
256110,256116,256117,1,6
256110,256116,256118,2,6
256110,256116,256118,2,6
256110,256117,256118,1,7
256110,256117,256118,1,7
256110,256117,256118,1,7
256110,256116,256118,2,6
256110,256117,256118,1,7
256110,256116,256118,2,6
256110,256117,256118,1,7
256110,256117,256118,1,7
256110,256116,256118,2,6
256110,256116,256118,2,6
256110,256117,256118,1,7
256110,256116,256118,2,6
256110,256116,256118,2,6
256110,256116,256119,3,6
256110,256118,256119,1,8
256110,256116,256119,3,6
256110,256117,256119,2,7
256110,256118,256119,1,8
256110,256118,256119,1,8
256110,256117,256119,2,7
256110,256117,256119,2,7
256110,256117,256119,2,7
256110,256118,256119,1,8
256110,256119,256120,1,9
256110,256119,256120,1,9
256110,256119,256120,1,9
256110,256120,256121,1,10
256110,256119,256120,1,9
256110,256119,256120,1,9
256110,256119,256120,1,9
256110,256119,256120,1,9
256110,256119,256120,1,9
256110,256119,256120,1,9
256110,256120,256121,1,10
256110,256119,256121,2,9
256110,256119,256120,1,9
256110,256119,256120,1,9
256110,256119,256120,1,9
256110,256120,256121,1,10
256110,256120,256121,1,10
256110,256120,256121,1,10
256110,256120,256121,1,10
256110,256120,256121,1,10
256110,256120,256122,2,10
256110,256120,256122,2,10
256110,256120,256121,1,10
256110,256120,256121,1,10
256110,256120,256122,2,10
256110,256120,256121,1,10
256110,256120,256121,1,10
256110,256121,256122,1,11
256110,256122,256123,1,12
256110,256120,256122,2,10
256110,256121,256122,1,11
256110,256122,256123,1,12
256110,256121,256123,2,11
256110,256121,256122,1,11
256110,256122,256123,1,12
256110,256121,256123,2,11
256110,256121,256122,1,11
256110,256121,256123,2,11
256110,256121,256123,2,11
256110,256121,256123,2,11
256110,256121,256123,2,11
256110,256121,256123,2,11
256110,256122,256123,1,12
256110,256122,256123,1,12
256110,256122,256123,1,12
256110,256122,256123,1,12
256110,256122,256123,1,12
256110,256122,256123,1,12
256110,256123,256124,1,13
256110,256123,256124,1,13
256110,256123,256124,1,13
256110,256123,256124,1,13
256110,256121,256123,2,11
256110,256122,256124,2,12
256110,256122,256123,1,12
256110,256123,256124,1,13
256110,256123,256124,1,13
256110,256123,256124,1,13
256110,256123,256124,1,13
256110,256122,256124,2,12
256110,256123,256124,1,13
256110,256124,256125,1,14
256110,256124,256125,1,14
256110,256124,256125,1,14
256110,256124,256125,1,14
256110,256123,256124,1,13
256110,256123,256124,1,13
256110,256124,256125,1,14
256110,256124,256125,1,14
256110,256123,256124,1,13
256110,256123,256125,2,13
256110,256123,256124,1,13
256110,256123,256125,2,13
256110,256124,256125,1,14
256110,256124,256125,1,14
256110,256124,256125,1,14
256110,256124,256125,1,14
256110,256124,256126,2,14
256110,256125,256126,1,15
256110,256125,256126,1,15
256110,256124,256126,2,14
256110,256124,256126,2,14
256110,256124,256125,1,14
256110,256125,256126,1,15
256110,256124,256126,2,14
256110,256125,256126,1,15
256110,256125,256126,1,15
256110,256124,256125,1,14
256110,256124,256125,1,14
256110,256125,256126,1,15
256110,256125,256127,2,15
256110,256125,256126,1,15
256110,256125,256127,2,15
256110,256125,256127,2,15
256110,256125,256127,2,15
256110,256125,256127,2,15
256110,256126,256127,1,16
256110,256126,256127,1,16
256110,256125,256127,2,15
256110,256125,256128,3,15
256110,256126,256128,2,16
256110,256126,256128,2,16
256110,256126,256129,3,16
256110,256126,256128,2,16
256110,256126,256128,2,16
256110,256126,256129,3,16
256110,256126,256128,2,16
256110,256126,256128,2,16
253366,253384,256809,3425,18
256811,256811,256812,1,0
256811,256811,256812,1,0
256811,256811,256812,1,0
256811,256811,256812,1,0
256811,256811,256813,2,0
256811,256811,256812,1,0
256811,256811,256812,1,0
256811,256811,256812,1,0
256811,256811,256813,2,0
256811,256811,256813,2,0
256811,256811,256812,1,0
256811,256811,256812,1,0
256811,256811,256812,1,0
256811,256811,256812,1,0
256811,256811,256812,1,0
256811,256811,256812,1,0
256811,256811,256812,1,0
256811,256811,256812,1,0
256811,256811,256813,2,0
256811,256811,256812,1,0
256811,256812,256813,1,1
256811,256811,256814,3,0
256811,256811,256813,2,0
256811,256811,256813,2,0
256811,256811,256813,2,0
256811,256811,256813,2,0
256811,256812,256813,1,1
256811,256813,256814,1,2
256811,256813,256814,1,2
256811,256813,256814,1,2
256811,256813,256814,1,2
256811,256813,256815,2,2
256811,256813,256814,1,2
256811,256813,256815,2,2
256811,256813,256814,1,2
256811,256813,256814,1,2
256811,256813,256814,1,2
256811,256813,256814,1,2
256811,256813,256814,1,2
256811,256813,256814,1,2
256811,256813,256815,2,2
256811,256813,256815,2,2
256811,256813,256815,2,2
256811,256813,256815,2,2
256811,256814,256815,1,3
256811,256814,256815,1,3
256811,256814,256816,2,3
256811,256813,256815,2,2
256811,256814,256816,2,3
256811,256814,256816,2,3
256811,256814,256815,1,3
256811,256815,256816,1,4
256811,256815,256816,1,4
256811,256816,256817,1,5
256811,256815,256816,1,4
256811,256815,256816,1,4
256811,256815,256816,1,4
256811,256815,256816,1,4
256811,256815,256816,1,4
256811,256815,256817,2,4
256811,256814,256816,2,3
256811,256815,256816,1,4
256811,256815,256816,1,4
256811,256816,256817,1,5
256811,256816,256817,1,5
256811,256815,256816,1,4
256811,256815,256816,1,4
256811,256815,256816,1,4
256811,256816,256817,1,5
256811,256815,256817,2,4
256811,256815,256817,2,4
256811,256815,256817,2,4
256811,256815,256817,2,4
256811,256817,256818,1,6
256811,256816,256818,2,5
256811,256816,256817,1,5
256811,256817,256818,1,6
256811,256816,256817,1,5
256811,256817,256818,1,6
256811,256816,256818,2,5
256811,256816,256818,2,5
256811,256817,256818,1,6
256811,256817,256818,1,6
256811,256817,256818,1,6
256811,256817,256818,1,6
256811,256818,256819,1,7
256811,256817,256818,1,6
256811,256818,256819,1,7
256811,256817,256819,2,6
256811,256817,256818,1,6
256811,256818,256819,1,7
256811,256817,256818,1,6
256811,256817,256819,2,6
256811,256817,256819,2,6
256811,256817,256818,1,6
256811,256817,256818,1,6
256811,256818,256819,1,7
256811,256817,256819,2,6
256811,256817,256819,2,6
256811,256817,256819,2,6
256811,256817,256819,2,6
256811,256817,256818,1,6
256811,256818,256819,1,7
256811,256818,256819,1,7
256811,256818,256819,1,7
256811,256819,256820,1,8
256811,256818,256819,1,7
256811,256818,256819,1,7
256811,256818,256820,2,7
256811,256818,256820,2,7
256811,256819,256820,1,8
256811,256819,256820,1,8
256811,256818,256820,2,7
256811,256819,256820,1,8
256811,256819,256820,1,8
256811,256819,256820,1,8
256811,256819,256820,1,8
256811,256819,256820,1,8
256811,256819,256821,2,8
256811,256819,256820,1,8
256811,256819,256821,2,8
256811,256819,256820,1,8
256811,256819,256821,2,8
256811,256819,256820,1,8
256811,256819,256821,2,8
256811,256819,256821,2,8
256811,256819,256821,2,8
256811,256819,256821,2,8
256811,256819,256821,2,8
256811,256819,256821,2,8
256811,256820,256822,2,9
256811,256820,256822,2,9
256811,256820,256822,2,9
256811,256820,256822,2,9
256811,256820,256822,2,9
256811,256820,256822,2,9
256811,256821,256822,1,10
256811,256821,256822,1,10
256811,256821,256822,1,10
256811,256821,256822,1,10
256811,256822,256823,1,11
256811,256820,256822,2,9
256811,256820,256822,2,9
256811,256821,256822,1,10
256811,256821,256822,1,10
256811,256821,256823,2,10
256811,256822,256823,1,11
256811,256822,256823,1,11
256811,256821,256823,2,10
256811,256821,256823,2,10
256811,256820,256823,3,9
256811,256821,256823,2,10
256811,256822,256823,1,11
256811,256822,256823,1,11
256811,256822,256823,1,11
256811,256822,256823,1,11
256811,256822,256823,1,11
256811,256822,256823,1,11
256811,256822,256823,1,11
256811,256822,256823,1,11
256811,256823,256824,1,12
256811,256823,256824,1,12
256811,256823,256824,1,12
256811,256822,256823,1,11
256811,256823,256824,1,12
256811,256823,256824,1,12
256811,256822,256823,1,11
256811,256824,256825,1,13
256811,256824,256825,1,13
256811,256823,256824,1,12
256811,256823,256824,1,12
256811,256824,256825,1,13
256811,256823,256824,1,12
256811,256824,256825,1,13
256811,256823,256825,2,12
256811,256824,256825,1,13
256811,256824,256825,1,13
256811,256823,256825,2,12
256811,256823,256825,2,12
256811,256823,256825,2,12
256811,256823,256825,2,12
256811,256824,256825,1,13
256811,256824,256825,1,13
256811,256824,256825,1,13
256811,256824,256825,1,13
256811,256824,256825,1,13
256811,256824,256825,1,13
256811,256824,256825,1,13
256811,256824,256826,2,13
256811,256825,256827,2,14
256811,256825,256827,2,14
256811,256825,256826,1,14
256811,256825,256827,2,14
251778,251798,256849,5051,20
256849,256849,256850,1,0
256849,256849,256850,1,0
256849,256849,256850,1,0
256849,256849,256851,2,0
256849,256849,256850,1,0
256849,256849,256851,2,0
256849,256849,256850,1,0
256849,256849,256850,1,0
256849,256849,256851,2,0
256849,256849,256851,2,0
256849,256849,256851,2,0
256849,256849,256851,2,0
256849,256849,256851,2,0
256849,256849,256851,2,0
256849,256849,256850,1,0
256849,256849,256851,2,0
256849,256849,256851,2,0
256849,256849,256851,2,0
256849,256849,256851,2,0
256849,256849,256851,2,0
256849,256849,256852,3,0
256849,256849,256851,2,0
256849,256849,256851,2,0
256849,256849,256851,2,0
256849,256851,256852,1,2
256849,256851,256853,2,2
256849,256851,256853,2,2
256849,256851,256853,2,2
256849,256851,256853,2,2
256849,256851,256853,2,2
256849,256851,256853,2,2
256849,256851,256853,2,2
256849,256851,256853,2,2
256849,256851,256853,2,2
256849,256851,256853,2,2
256849,256851,256853,2,2
256849,256851,256853,2,2
256849,256849,256853,4,0
256849,256852,256854,2,3
256849,256851,256853,2,2
256849,256852,256854,2,3
256849,256851,256854,3,2
256849,256851,256854,3,2
256849,256851,256854,3,2
256849,256851,256854,3,2
256849,256851,256854,3,2
256849,256852,256854,2,3
256849,256852,256854,2,3
256849,256851,256853,2,2
256849,256853,256854,1,4
256849,256853,256855,2,4
256849,256853,256855,2,4
256849,256853,256855,2,4
256849,256853,256855,2,4
256849,256853,256855,2,4
256849,256853,256854,1,4
256849,256853,256855,2,4
256849,256853,256855,2,4
256849,256853,256855,2,4
256849,256854,256855,1,5
256849,256854,256855,1,5
256849,256855,256856,1,6
256849,256854,256856,2,5
256849,256854,256856,2,5
256849,256854,256856,2,5
256849,256853,256856,3,4
256849,256855,256856,1,6
256849,256855,256856,1,6
256849,256854,256856,2,5
256849,256854,256856,2,5
256849,256854,256856,2,5
256849,256855,256856,1,6
256849,256855,256856,1,6
256849,256855,256856,1,6
256849,256855,256856,1,6
256849,256855,256856,1,6
256849,256855,256856,1,6
256849,256855,256856,1,6
256849,256855,256856,1,6
256849,256855,256857,2,6
256849,256855,256857,2,6
256849,256856,256857,1,7
256849,256856,256857,1,7
256849,256856,256858,2,7
256849,256856,256857,1,7
256849,256856,256858,2,7
256849,256856,256858,2,7
256849,256856,256858,2,7
256849,256856,256858,2,7
256849,256856,256858,2,7
256849,256856,256858,2,7
256849,256856,256858,2,7
256849,256857,256858,1,8
256849,256857,256858,1,8
256849,256858,256859,1,9
256849,256857,256859,2,8
256849,256857,256859,2,8
256849,256857,256859,2,8
256849,256857,256859,2,8
256849,256857,256859,2,8
256849,256857,256859,2,8
256849,256857,256859,2,8
256849,256857,256859,2,8
256849,256857,256859,2,8
256849,256857,256859,2,8
256849,256857,256859,2,8
256849,256858,256859,1,9
256849,256858,256859,1,9
256849,256858,256859,1,9
256849,256858,256859,1,9
256849,256858,256860,2,9
256849,256859,256860,1,10
256849,256858,256860,2,9
256849,256858,256860,2,9
256849,256859,256860,1,10
256849,256859,256860,1,10
256849,256859,256860,1,10
256849,256860,256861,1,11
256849,256860,256861,1,11
256849,256858,256861,3,9
256849,256860,256861,1,11
256849,256860,256861,1,11
256849,256860,256862,2,11
256849,256860,256862,2,11
256849,256860,256861,1,11
256849,256860,256861,1,11
256849,256861,256862,1,12
256849,256860,256861,1,11
256849,256860,256862,2,11
256849,256860,256862,2,11
256849,256860,256861,1,11
256849,256860,256861,1,11
256849,256860,256861,1,11
256849,256860,256861,1,11
256849,256860,256862,2,11
256849,256861,256862,1,12
256849,256861,256862,1,12
256849,256861,256862,1,12
256849,256861,256862,1,12
256849,256861,256862,1,12
256849,256860,256862,2,11
256849,256862,256863,1,13
256849,256862,256865,3,13
256849,256862,256864,2,13
256849,256863,256865,2,14
256849,256862,256864,2,13
256849,256862,256864,2,13
256849,256862,256864,2,13
256849,256862,256865,3,13
256849,256862,256865,3,13
256849,256862,256865,3,13
256849,256862,256864,2,13
256849,256862,256864,2,13
256849,256862,256864,2,13
256849,256862,256865,3,13
256849,256864,256865,1,15
256849,256863,256865,2,14
256849,256862,256865,3,13
256849,256862,256865,3,13
256849,256862,256865,3,13
256849,256862,256865,3,13
256849,256865,256866,1,16
256849,256865,256866,1,16
256849,256863,256865,2,14
256849,256863,256865,2,14
256849,256865,256866,1,16
256849,256865,256866,1,16
256849,256862,256865,3,13
256849,256863,256865,2,14
256849,256865,256866,1,16
256849,256865,256866,1,16
256849,256863,256866,3,14
256849,256865,256866,1,16
256849,256865,256866,1,16
256849,256865,256866,1,16
256849,256865,256867,2,16
256849,256865,256866,1,16
256849,256865,256867,2,16
256849,256866,256867,1,17
256849,256866,256867,1,17
256849,256866,256867,1,17
256849,256866,256867,1,17
256849,256866,256867,1,17
256849,256866,256867,1,17
256849,256866,256867,1,17
256849,256866,256868,2,17
256849,256866,256867,1,17
256849,256866,256867,1,17
256849,256866,256867,1,17
256849,256866,256867,1,17
256849,256866,256867,1,17
256849,256866,256867,1,17
256849,256866,256868,2,17
256849,256866,256868,2,17
256849,256900,256901,1,51
251792,251826,256902,5076,34
256908,256908,256910,2,0
256908,256908,256910,2,0
256908,256908,256910,2,0
256908,256908,256910,2,0
256908,256908,256910,2,0
256908,256908,256910,2,0
256908,256908,256910,2,0
256908,256908,256910,2,0
256908,256908,256910,2,0
256908,256908,256910,2,0
256908,256908,256910,2,0
256908,256908,256910,2,0
256908,256908,256910,2,0
256908,256908,256910,2,0
256908,256908,256911,3,0
256908,256908,256911,3,0
256908,256908,256911,3,0
256908,256908,256911,3,0
256908,256908,256910,2,0
256908,256908,256911,3,0
256908,256908,256911,3,0
256908,256908,256911,3,0
256908,256908,256911,3,0
256908,256908,256911,3,0
256908,256908,256911,3,0
256908,256910,256912,2,2
256908,256910,256912,2,2
256908,256910,256912,2,2
256908,256910,256912,2,2
256908,256910,256912,2,2
256908,256910,256912,2,2
256908,256910,256912,2,2
256908,256910,256912,2,2
256908,256911,256912,1,3
256908,256910,256912,2,2
256908,256910,256912,2,2
256908,256911,256912,1,3
256908,256911,256912,1,3
256908,256911,256913,2,3
256908,256911,256913,2,3
256908,256911,256913,2,3
256908,256912,256913,1,4
256908,256911,256913,2,3
256908,256913,256914,1,5
256908,256912,256914,2,4
256908,256911,256914,3,3
256908,256911,256914,3,3
256908,256912,256914,2,4
256908,256913,256914,1,5
256908,256913,256914,1,5
256908,256913,256914,1,5
256908,256913,256914,1,5
256908,256913,256914,1,5
256908,256912,256914,2,4
256908,256912,256914,2,4
256908,256912,256914,2,4
256908,256912,256914,2,4
256908,256913,256914,1,5
256908,256913,256914,1,5
256908,256913,256914,1,5
256908,256913,256914,1,5
256908,256911,256914,3,3
256908,256911,256914,3,3
256908,256914,256915,1,6
256908,256915,256916,1,7
256908,256914,256916,2,6
256908,256914,256915,1,6
256908,256915,256916,1,7
256908,256914,256916,2,6
256908,256915,256916,1,7
256908,256914,256916,2,6
256908,256915,256917,2,7
256908,256913,256916,3,5
256908,256915,256917,2,7
256908,256915,256916,1,7
256908,256913,256916,3,5
256908,256915,256917,2,7
256908,256915,256916,1,7
256908,256915,256916,1,7
256908,256915,256916,1,7
256908,256915,256916,1,7
256908,256915,256916,1,7
256908,256915,256916,1,7
256908,256915,256916,1,7
256908,256915,256916,1,7
256908,256915,256916,1,7
256908,256916,256917,1,8
256908,256916,256917,1,8
256908,256915,256916,1,7
256908,256916,256917,1,8
256908,256916,256917,1,8
256908,256916,256918,2,8
256908,256917,256918,1,9
256908,256917,256919,2,9
256908,256917,256918,1,9
256908,256917,256918,1,9
256908,256917,256918,1,9
256908,256917,256918,1,9
256908,256917,256919,2,9
256908,256917,256918,1,9
256908,256917,256918,1,9
256908,256917,256918,1,9
256908,256917,256918,1,9
256908,256917,256919,2,9
256908,256917,256918,1,9
256908,256917,256919,2,9
256908,256917,256919,2,9
256908,256917,256919,2,9
256908,256917,256919,2,9
256908,256917,256919,2,9
256908,256917,256919,2,9
256908,256917,256919,2,9
256908,256918,256921,3,10
256908,256918,256920,2,10
256908,256919,256921,2,11
256908,256919,256921,2,11
256908,256919,256922,3,11
256908,256919,256921,2,11
256908,256919,256921,2,11
256908,256919,256922,3,11
256908,256919,256922,3,11
256908,256919,256921,2,11
256908,256919,256921,2,11
256908,256919,256921,2,11
256908,256919,256921,2,11
256908,256920,256922,2,12
256908,256919,256921,2,11
256908,256919,256922,3,11
256908,256919,256921,2,11
256908,256921,256922,1,13
256908,256919,256922,3,11
256908,256919,256922,3,11
256908,256920,256922,2,12
256908,256919,256922,3,11
256908,256920,256922,2,12
256908,256922,256923,1,14
256908,256919,256922,3,11
256908,256921,256923,2,13
256908,256922,256923,1,14
256908,256922,256923,1,14
256908,256921,256923,2,13
256908,256922,256923,1,14
256908,256922,256923,1,14
256908,256922,256923,1,14
256908,256922,256924,2,14
256908,256922,256923,1,14
256908,256923,256924,1,15
256908,256922,256923,1,14
256908,256922,256923,1,14
256908,256922,256923,1,14
256908,256922,256924,2,14
256908,256922,256923,1,14
256908,256922,256923,1,14
256908,256922,256923,1,14
256908,256922,256923,1,14
256908,256923,256924,1,15
256908,256923,256924,1,15
256908,256923,256924,1,15
256908,256923,256925,2,15
256908,256923,256924,1,15
256908,256923,256925,2,15
256908,256923,256926,3,15
256908,256923,256926,3,15
256908,256923,256926,3,15
256908,256924,256927,3,16
256908,256924,256927,3,16
256908,256924,256926,2,16
256908,256924,256927,3,16
256908,256924,256927,3,16
256908,256924,256927,3,16
256908,256924,256927,3,16
256908,256924,256927,3,16
256908,256924,256927,3,16
256908,256925,256928,3,17
256908,256925,256927,2,17
256908,256924,256927,3,16
256908,256924,256927,3,16
256908,256927,256928,1,19
256908,256924,256927,3,16
256908,256925,256927,2,17
256908,256925,256928,3,17
256908,256927,256928,1,19
256908,256924,256928,4,16
256908,256924,256927,3,16
256908,256925,256928,3,17
256908,256925,256928,3,17
256908,256927,256928,1,19
256908,256927,256928,1,19
256908,256927,256928,1,19
256908,256927,256928,1,19
256908,256927,256928,1,19
256908,256928,256929,1,20
256908,256945,256949,4,37
256908,256946,256949,3,38
253591,253607,257036,3429,16
257038,257038,257039,1,0
257038,257038,257040,2,0
257038,257038,257040,2,0
257038,257038,257039,1,0
257038,257038,257040,2,0
257038,257038,257040,2,0
257038,257038,257040,2,0
257038,257038,257039,1,0
257038,257038,257040,2,0
257038,257038,257040,2,0
257038,257038,257040,2,0
257038,257038,257040,2,0
257038,257038,257040,2,0
257038,257038,257040,2,0
257038,257038,257040,2,0
257038,257038,257040,2,0
257038,257038,257040,2,0
257038,257038,257040,2,0
257038,257039,257040,1,1
257038,257039,257040,1,1
257038,257038,257041,3,0
257038,257038,257041,3,0
257038,257038,257040,2,0
257038,257038,257041,3,0
257038,257038,257040,2,0
257038,257040,257042,2,2
257038,257040,257042,2,2
257038,257040,257042,2,2
257038,257039,257042,3,1
257038,257040,257042,2,2
257038,257040,257042,2,2
257038,257041,257043,2,3
257038,257040,257043,3,2
257038,257041,257043,2,3
257038,257040,257043,3,2
257038,257040,257043,3,2
257038,257040,257043,3,2
257038,257043,257044,1,5
257038,257040,257043,3,2
257038,257040,257044,4,2
257038,257040,257043,3,2
257038,257041,257043,2,3
257038,257041,257043,2,3
257038,257041,257044,3,3
257038,257041,257043,2,3
257038,257041,257043,2,3
257038,257042,257044,2,4
257038,257041,257043,2,3
257038,257041,257044,3,3
257038,257040,257044,4,2
257038,257041,257044,3,3
257038,257042,257043,1,4
257038,257042,257044,2,4
257038,257043,257044,1,5
257038,257042,257044,2,4
257038,257043,257045,2,5
257038,257043,257045,2,5
257038,257044,257045,1,6
257038,257044,257045,1,6
257038,257044,257045,1,6
257038,257044,257045,1,6
257038,257044,257045,1,6
257038,257044,257047,3,6
257038,257043,257047,4,5
257038,257045,257047,2,7
257038,257044,257047,3,6
257038,257044,257047,3,6
257038,257044,257047,3,6
257038,257044,257048,4,6
257038,257045,257047,2,7
257038,257044,257047,3,6
257038,257044,257047,3,6
257038,257044,257048,4,6
257038,257044,257047,3,6
257038,257044,257048,4,6
257038,257044,257048,4,6
257038,257045,257048,3,7
257038,257045,257048,3,7
257038,257046,257049,3,8
257038,257046,257048,2,8
257038,257046,257049,3,8
257038,257046,257048,2,8
257038,257046,257048,2,8
257038,257048,257049,1,10
257038,257045,257048,3,7
257038,257045,257048,3,7
257038,257047,257049,2,9
257038,257044,257049,5,6
257038,257048,257049,1,10
257038,257048,257049,1,10
257038,257046,257049,3,8
257038,257048,257049,1,10
257038,257048,257050,2,10
257038,257048,257050,2,10
257038,257048,257050,2,10
257038,257048,257049,1,10
257038,257048,257049,1,10
257038,257049,257050,1,11
257038,257048,257049,1,10
257038,257048,257050,2,10
257038,257049,257050,1,11
257038,257050,257051,1,12
257038,257049,257050,1,11
257038,257049,257050,1,11
257038,257049,257050,1,11
257038,257049,257050,1,11
257038,257049,257050,1,11
257038,257049,257050,1,11
257038,257049,257050,1,11
257038,257049,257051,2,11
257038,257050,257051,1,12
257038,257050,257051,1,12
257038,257050,257051,1,12
257038,257050,257051,1,12
257038,257050,257051,1,12
257038,257050,257051,1,12
257038,257050,257052,2,12
257038,257050,257052,2,12
257038,257050,257052,2,12
257038,257050,257052,2,12
257038,257051,257052,1,13
257038,257050,257052,2,12
257038,257051,257052,1,13
257038,257051,257052,1,13
257038,257051,257052,1,13
257038,257051,257052,1,13
257038,257051,257052,1,13
257038,257051,257052,1,13
257038,257051,257053,2,13
257038,257051,257052,1,13
257038,257050,257053,3,12
257038,257051,257054,3,13
257038,257051,257054,3,13
257038,257052,257054,2,14
257038,257052,257054,2,14
257038,257051,257054,3,13
257038,257051,257054,3,13
257038,257052,257055,3,14
257038,257052,257056,4,14
257038,257052,257056,4,14
257038,257054,257056,2,16
257038,257052,257056,4,14
257038,257052,257056,4,14
257038,257053,257057,4,15
257038,257053,257057,4,15
257038,257053,257056,3,15
257038,257053,257057,4,15
257038,257052,257056,4,14
257038,257053,257057,4,15
257038,257053,257056,3,15
257038,257052,257057,5,14
257038,257052,257057,5,14
257038,257052,257056,4,14
257038,257052,257057,5,14
257038,257053,257057,4,15
257038,257055,257057,2,17
257038,257055,257057,2,17
257038,257055,257058,3,17
257038,257055,257058,3,17
257038,257053,257057,4,15
257038,257053,257057,4,15
257038,257054,257058,4,16
257038,257056,257058,2,18
257038,257056,257059,3,18
257038,257057,257058,1,19
257038,257058,257059,1,20
257038,257057,257059,2,19
257038,257056,257059,3,18
257038,257058,257059,1,20
257038,257058,257059,1,20
257038,257056,257058,2,18
257038,257057,257058,1,19
257038,257057,257059,2,19
257038,257057,257059,2,19
257038,257056,257059,3,18
257038,257057,257059,2,19
257038,257057,257059,2,19
257038,257057,257059,2,19
257038,257057,257059,2,19
257038,257057,257059,2,19
257038,257057,257059,2,19
257038,257057,257059,2,19
257038,257059,257060,1,21
257038,257059,257060,1,21
257038,257058,257059,1,20
257038,257059,257060,1,21
257038,257058,257060,2,20
257038,257058,257060,2,20
257038,257059,257060,1,21
257038,257058,257060,2,20
257038,257057,257059,2,19
257038,257059,257060,1,21
257038,257059,257060,1,21
257038,257059,257060,1,21
257038,257059,257060,1,21
257038,257059,257060,1,21
257038,257059,257060,1,21
257038,257059,257060,1,21
253972,253988,257424,3436,16
257426,257426,257428,2,0
257426,257426,257427,1,0
257426,257426,257427,1,0
257426,257426,257427,1,0
257426,257426,257427,1,0
257426,257426,257427,1,0
257426,257426,257427,1,0
257426,257426,257427,1,0
257426,257426,257427,1,0
257426,257426,257427,1,0
257426,257426,257427,1,0
257426,257426,257427,1,0
257426,257426,257427,1,0
257426,257426,257427,1,0
257426,257426,257428,2,0
257426,257426,257427,1,0
257426,257426,257427,1,0
257426,257426,257428,2,0
257426,257426,257428,2,0
257426,257426,257428,2,0
257426,257426,257428,2,0
257426,257426,257428,2,0
257426,257426,257428,2,0
257426,257426,257428,2,0
257426,257427,257428,1,1
257426,257428,257429,1,2
257426,257428,257429,1,2
257426,257428,257429,1,2
257426,257428,257430,2,2
257426,257428,257429,1,2
257426,257428,257429,1,2
257426,257428,257430,2,2
257426,257428,257430,2,2
257426,257428,257429,1,2
257426,257428,257429,1,2
257426,257428,257429,1,2
257426,257428,257429,1,2
257426,257428,257429,1,2
257426,257428,257429,1,2
257426,257428,257430,2,2
257426,257428,257430,2,2
257426,257428,257430,2,2
257426,257429,257430,1,3
257426,257429,257431,2,3
257426,257429,257431,2,3
257426,257430,257431,1,4
257426,257428,257430,2,2
257426,257428,257430,2,2
257426,257428,257430,2,2
257426,257428,257430,2,2
257426,257429,257430,1,3
257426,257430,257431,1,4
257426,257430,257431,1,4
257426,257430,257431,1,4
257426,257430,257431,1,4
257426,257430,257431,1,4
257426,257430,257431,1,4
257426,257430,257431,1,4
257426,257430,257432,2,4
257426,257430,257432,2,4
257426,257430,257431,1,4
257426,257430,257431,1,4
257426,257431,257432,1,5
257426,257430,257431,1,4
257426,257430,257431,1,4
257426,257431,257432,1,5
257426,257432,257433,1,6
257426,257432,257433,1,6
257426,257431,257432,1,5
257426,257431,257432,1,5
257426,257431,257433,2,5
257426,257432,257433,1,6
257426,257432,257433,1,6
257426,257431,257432,1,5
257426,257432,257433,1,6
257426,257432,257433,1,6
257426,257432,257433,1,6
257426,257431,257433,2,5
257426,257431,257433,2,5
257426,257431,257433,2,5
257426,257431,257433,2,5
257426,257432,257433,1,6
257426,257432,257433,1,6
257426,257432,257433,1,6
257426,257432,257433,1,6
257426,257433,257434,1,7
257426,257433,257434,1,7
257426,257431,257433,2,5
257426,257431,257433,2,5
257426,257432,257434,2,6
257426,257432,257433,1,6
257426,257433,257434,1,7
257426,257433,257434,1,7
257426,257433,257434,1,7
257426,257433,257434,1,7
257426,257433,257434,1,7
257426,257432,257433,1,6
257426,257433,257434,1,7
257426,257432,257433,1,6
257426,257433,257434,1,7
257426,257434,257435,1,8
257426,257434,257435,1,8
257426,257434,257435,1,8
257426,257433,257434,1,7
257426,257434,257435,1,8
257426,257434,257435,1,8
257426,257433,257435,2,7
257426,257433,257435,2,7
257426,257433,257435,2,7
257426,257433,257435,2,7
257426,257434,257435,1,8
257426,257434,257435,1,8
257426,257434,257435,1,8
257426,257433,257434,1,7
257426,257434,257435,1,8
257426,257433,257435,2,7
257426,257434,257435,1,8
257426,257433,257436,3,7
257426,257434,257435,1,8
257426,257434,257435,1,8
257426,257434,257435,1,8
257426,257434,257436,2,8
257426,257435,257436,1,9
257426,257435,257436,1,9
257426,257435,257436,1,9
257426,257435,257436,1,9
257426,257434,257435,1,8
257426,257435,257436,1,9
257426,257435,257436,1,9
257426,257434,257436,2,8
257426,257435,257436,1,9
257426,257435,257437,2,9
257426,257435,257436,1,9
257426,257435,257436,1,9
257426,257435,257436,1,9
257426,257435,257437,2,9
257426,257435,257437,2,9
257426,257435,257437,2,9
257426,257435,257437,2,9
257426,257435,257436,1,9
257426,257436,257437,1,10
257426,257436,257437,1,10
257426,257436,257437,1,10
257426,257435,257437,2,9
257426,257436,257437,1,10
257426,257436,257437,1,10
257426,257436,257438,2,10
257426,257436,257438,2,10
257426,257436,257438,2,10
257426,257437,257438,1,11
257426,257437,257438,1,11
257426,257436,257437,1,10
257426,257436,257437,1,10
257426,257436,257437,1,10
257426,257436,257438,2,10
257426,257436,257438,2,10
257426,257436,257438,2,10
257426,257437,257438,1,11
257426,257437,257439,2,11
257426,257437,257438,1,11
257426,257438,257439,1,12
257426,257438,257439,1,12
257426,257438,257439,1,12
257426,257437,257439,2,11
257426,257437,257439,2,11
257426,257438,257439,1,12
257426,257438,257439,1,12
257426,257438,257439,1,12
257426,257438,257439,1,12
257426,257438,257439,1,12
257426,257438,257440,2,12
257426,257438,257440,2,12
257426,257438,257440,2,12
257426,257438,257439,1,12
257426,257438,257439,1,12
257426,257439,257440,1,13
257426,257438,257440,2,12
257426,257439,257440,1,13
257426,257439,257440,1,13
257426,257439,257440,1,13
257426,257440,257441,1,14
257426,257439,257440,1,13
257426,257439,257441,2,13
257426,257439,257440,1,13
257426,257439,257440,1,13
257426,257440,257441,1,14
257426,257440,257441,1,14
257426,257440,257441,1,14
257426,257440,257441,1,14
257426,257440,257441,1,14
254412,254427,257775,3348,15
257777,257777,257778,1,0
257777,257777,257778,1,0
257777,257777,257778,1,0
257777,257777,257778,1,0
257777,257777,257779,2,0
257777,257777,257778,1,0
257777,257777,257778,1,0
257777,257777,257779,2,0
257777,257777,257779,2,0
257777,257777,257779,2,0
257777,257777,257779,2,0
257777,257777,257779,2,0
257777,257777,257779,2,0
257777,257777,257778,1,0
257777,257777,257778,1,0
257777,257777,257778,1,0
257777,257777,257779,2,0
257777,257777,257779,2,0
257777,257777,257779,2,0
257777,257777,257779,2,0
257777,257777,257779,2,0
257777,257777,257779,2,0
257777,257777,257780,3,0
257777,257777,257779,2,0
257777,257777,257779,2,0
257777,257778,257779,1,1
257777,257778,257779,1,1
257777,257778,257779,1,1
257777,257779,257780,1,2
257777,257779,257781,2,2
257777,257779,257781,2,2
257777,257779,257781,2,2
257777,257779,257781,2,2
257777,257779,257781,2,2
257777,257779,257781,2,2
257777,257779,257781,2,2
257777,257779,257781,2,2
257777,257779,257781,2,2
257777,257780,257781,1,3
257777,257779,257781,2,2
257777,257779,257781,2,2
257777,257779,257780,1,2
257777,257779,257780,1,2
257777,257779,257781,2,2
257777,257779,257781,2,2
257777,257780,257782,2,3
257777,257780,257782,2,3
257777,257780,257782,2,3
257777,257780,257781,1,3
257777,257780,257781,1,3
257777,257779,257781,2,2
257777,257779,257782,3,2
257777,257781,257782,1,4
257777,257781,257783,2,4
257777,257781,257783,2,4
257777,257781,257783,2,4
257777,257781,257782,1,4
257777,257781,257783,2,4
257777,257780,257782,2,3
257777,257781,257783,2,4
257777,257781,257783,2,4
257777,257781,257783,2,4
257777,257781,257783,2,4
257777,257781,257783,2,4
257777,257781,257783,2,4
257777,257781,257783,2,4
257777,257782,257783,1,5
257777,257781,257783,2,4
257777,257782,257783,1,5
257777,257781,257783,2,4
257777,257781,257783,2,4
257777,257781,257783,2,4
257777,257783,257784,1,6
257777,257783,257784,1,6
257777,257783,257784,1,6
257777,257782,257784,2,5
257777,257783,257784,1,6
257777,257782,257784,2,5
257777,257782,257784,2,5
257777,257783,257784,1,6
257777,257782,257784,2,5
257777,257782,257784,2,5
257777,257784,257785,1,7
257777,257783,257784,1,6
257777,257783,257785,2,6
257777,257783,257785,2,6
257777,257783,257785,2,6
257777,257783,257785,2,6
257777,257784,257785,1,7
257777,257784,257785,1,7
257777,257783,257785,2,6
257777,257783,257785,2,6
257777,257783,257784,1,6
257777,257783,257785,2,6
257777,257783,257785,2,6
257777,257783,257785,2,6
257777,257783,257784,1,6
257777,257783,257785,2,6
257777,257784,257785,1,7
257777,257784,257785,1,7
257777,257784,257785,1,7
257777,257784,257786,2,7
257777,257784,257786,2,7
257777,257785,257786,1,8
257777,257785,257786,1,8
257777,257785,257786,1,8
257777,257785,257786,1,8
257777,257785,257787,2,8
257777,257785,257787,2,8
257777,257785,257787,2,8
257777,257785,257787,2,8
257777,257785,257787,2,8
257777,257785,257787,2,8
257777,257786,257787,1,9
257777,257786,257787,1,9
257777,257786,257787,1,9
257777,257786,257787,1,9
257777,257786,257787,1,9
257777,257786,257787,1,9
257777,257786,257787,1,9
257777,257787,257788,1,10
257777,257786,257788,2,9
257777,257786,257788,2,9
257777,257786,257788,2,9
257777,257788,257789,1,11
257777,257788,257789,1,11
257777,257786,257788,2,9
257777,257788,257789,1,11
257777,257788,257789,1,11
257777,257786,257788,2,9
257777,257787,257788,1,10
257777,257787,257788,1,10
257777,257786,257788,2,9
257777,257786,257788,2,9
257777,257787,257788,1,10
257777,257787,257789,2,10
257777,257787,257788,1,10
257777,257788,257789,1,11
257777,257787,257789,2,10
257777,257787,257789,2,10
257777,257787,257789,2,10
257777,257787,257789,2,10
257777,257789,257790,1,12
257777,257788,257789,1,11
257777,257789,257790,1,12
257777,257789,257790,1,12
257777,257789,257790,1,12
257777,257789,257790,1,12
257777,257789,257790,1,12
257777,257789,257790,1,12
257777,257790,257791,1,13
257777,257789,257790,1,12
257777,257789,257790,1,12
257777,257789,257790,1,12
257777,257789,257790,1,12
257777,257789,257790,1,12
257777,257789,257790,1,12
257777,257790,257791,1,13
257777,257789,257791,2,12
257777,257789,257791,2,12
257777,257789,257791,2,12
257777,257789,257791,2,12
257777,257789,257791,2,12
257777,257790,257791,1,13
257777,257790,257791,1,13
257777,257790,257791,1,13
257777,257790,257791,1,13
257777,257790,257791,1,13
257777,257790,257791,1,13
257777,257790,257791,1,13
257777,257789,257791,2,12
257777,257791,257792,1,14
257777,257791,257792,1,14
257777,257791,257792,1,14
257777,257791,257792,1,14
257777,257791,257792,1,14
257777,257791,257792,1,14
257777,257791,257793,2,14
257777,257791,257793,2,14
257777,257791,257792,1,14
257777,257791,257792,1,14
257777,257791,257793,2,14
257777,257791,257793,2,14
257777,257791,257793,2,14
257777,257791,257793,2,14
257777,257791,257793,2,14
257777,257791,257793,2,14
257777,257791,257793,2,14
257777,257791,257793,2,14
257777,257792,257793,1,15
257777,257792,257793,1,15
257777,257792,257793,1,15
257777,257792,257794,2,15
254423,254459,257988,3529,36
257990,257990,257991,1,0
257990,257990,257991,1,0
257990,257990,257991,1,0
257990,257990,257991,1,0
257990,257990,257991,1,0
257990,257990,257991,1,0
257990,257990,257991,1,0
257990,257990,257991,1,0
257990,257990,257992,2,0
257990,257990,257991,1,0
257990,257990,257991,1,0
257990,257990,257991,1,0
257990,257990,257991,1,0
257990,257990,257991,1,0
257990,257990,257992,2,0
257990,257990,257991,1,0
257990,257990,257991,1,0
257990,257990,257991,1,0
257990,257990,257992,2,0
257990,257990,257992,2,0
257990,257990,257992,2,0
257990,257990,257993,3,0
257990,257991,257992,1,1
257990,257990,257992,2,0
257990,257990,257992,2,0
257990,257990,257992,2,0
257990,257991,257992,1,1
257990,257993,257994,1,3
257990,257992,257994,2,2
257990,257992,257994,2,2
257990,257992,257993,1,2
257990,257992,257993,1,2
257990,257992,257994,2,2
257990,257992,257993,1,2
257990,257992,257993,1,2
257990,257992,257993,1,2
257990,257992,257993,1,2
257990,257993,257994,1,3
257990,257993,257994,1,3
257990,257994,257995,1,4
257990,257992,257994,2,2
257990,257993,257994,1,3
257990,257992,257994,2,2
257990,257992,257994,2,2
257990,257992,257994,2,2
257990,257993,257994,1,3
257990,257992,257994,2,2
257990,257992,257994,2,2
257990,257993,257995,2,3
257990,257992,257995,3,2
257990,257992,257995,3,2
257990,257992,257994,2,2
257990,257992,257994,2,2
257990,257995,257996,1,5
257990,257994,257995,1,4
257990,257994,257995,1,4
257990,257994,257995,1,4
257990,257994,257995,1,4
257990,257994,257995,1,4
257990,257994,257995,1,4
257990,257994,257995,1,4
257990,257994,257995,1,4
257990,257994,257995,1,4
257990,257994,257995,1,4
257990,257995,257996,1,5
257990,257995,257997,2,5
257990,257995,257997,2,5
257990,257995,257997,2,5
257990,257995,257997,2,5
257990,257995,257997,2,5
257990,257995,257996,1,5
257990,257995,257997,2,5
257990,257995,257997,2,5
257990,257996,257997,1,6
257990,257996,257997,1,6
257990,257996,257997,1,6
257990,257996,257997,1,6
257990,257996,257997,1,6
257990,257996,257997,1,6
257990,257996,257997,1,6
257990,257996,257997,1,6
257990,257995,257997,2,5
257990,257995,257997,2,5
257990,257995,257997,2,5
257990,257996,257997,1,6
257990,257997,257998,1,7
257990,257995,257997,2,5
257990,257995,257997,2,5
257990,257996,257997,1,6
257990,257996,257997,1,6
257990,257997,257998,1,7
257990,257997,257998,1,7
257990,257997,257998,1,7
257990,257997,257998,1,7
257990,257997,257998,1,7
257990,257997,257998,1,7
257990,257998,257999,1,8
257990,257997,257998,1,7
257990,257997,257998,1,7
257990,257997,257998,1,7
257990,257997,257998,1,7
257990,257997,257998,1,7
257990,257997,257999,2,7
257990,257997,257998,1,7
257990,257997,257998,1,7
257990,257998,257999,1,8
257990,257997,257998,1,7
257990,257998,257999,1,8
257990,257998,257999,1,8
257990,257997,257998,1,7
257990,257998,257999,1,8
257990,257998,257999,1,8
257990,257997,257999,2,7
257990,257997,257999,2,7
257990,257997,257999,2,7
257990,257997,257999,2,7
257990,257999,258000,1,9
257990,257998,257999,1,8
257990,257999,258000,1,9
257990,257998,257999,1,8
257990,257998,257999,1,8
257990,257998,257999,1,8
257990,257999,258000,1,9
257990,257999,258000,1,9
257990,257999,258000,1,9
257990,257999,258000,1,9
257990,257999,258000,1,9
257990,257999,258000,1,9
257990,258000,258001,1,10
257990,257999,258000,1,9
257990,257999,258001,2,9
257990,257999,258001,2,9
257990,257999,258001,2,9
257990,257999,258001,2,9
257990,258000,258001,1,10
257990,257999,258000,1,9
257990,257999,258001,2,9
257990,257999,258000,1,9
257990,257999,258000,1,9
257990,258000,258001,1,10
257990,258000,258001,1,10
257990,258000,258001,1,10
257990,258000,258001,1,10
257990,257999,258001,2,9
257990,257999,258001,2,9
257990,257999,258001,2,9
257990,258000,258001,1,10
257990,258001,258002,1,11
257990,258000,258001,1,10
257990,258001,258002,1,11
257990,258000,258001,1,10
257990,258000,258001,1,10
257990,258000,258001,1,10
257990,258000,258001,1,10
257990,258001,258002,1,11
257990,258001,258002,1,11
257990,258001,258002,1,11
257990,258002,258003,1,12
257990,258001,258002,1,11
257990,258001,258003,2,11
257990,258001,258003,2,11
257990,258001,258002,1,11
257990,258001,258002,1,11
257990,258002,258003,1,12
257990,258001,258003,2,11
257990,258001,258003,2,11
257990,258001,258003,2,11
257990,258001,258003,2,11
257990,258002,258003,1,12
257990,258001,258003,2,11
257990,258002,258003,1,12
257990,258002,258003,1,12
257990,258002,258003,1,12
257990,258003,258004,1,13
257990,258002,258003,1,12
257990,258003,258004,1,13
257990,258002,258004,2,12
257990,258002,258004,2,12
257990,258002,258003,1,12
257990,258002,258004,2,12
257990,258003,258004,1,13
257990,258002,258004,2,12
257990,258003,258005,2,13
257990,258003,258005,2,13
257990,258003,258004,1,13
257990,258003,258005,2,13
257990,258003,258005,2,13
257990,258003,258005,2,13
257990,258003,258005,2,13
257990,258003,258005,2,13
257990,258004,258005,1,14
257990,258004,258005,1,14
257990,258004,258005,1,14
253542,253564,258414,4850,22
258415,258415,258416,1,0
258415,258415,258416,1,0
258415,258415,258416,1,0
258415,258415,258416,1,0
258415,258415,258416,1,0
258415,258415,258417,2,0
258415,258415,258416,1,0
258415,258415,258416,1,0
258415,258415,258417,2,0
258415,258415,258417,2,0
258415,258415,258417,2,0
258415,258415,258417,2,0
258415,258415,258417,2,0
258415,258415,258416,1,0
258415,258415,258416,1,0
258415,258415,258417,2,0
258415,258415,258417,2,0
258415,258415,258417,2,0
258415,258415,258417,2,0
258415,258415,258416,1,0
258415,258415,258417,2,0
258415,258415,258417,2,0
258415,258415,258417,2,0
258415,258415,258417,2,0
258415,258416,258417,1,1
258415,258415,258417,2,0
258415,258416,258417,1,1
258415,258416,258418,2,1
258415,258416,258418,2,1
258415,258417,258418,1,2
258415,258417,258418,1,2
258415,258417,258419,2,2
258415,258417,258419,2,2
258415,258417,258419,2,2
258415,258417,258419,2,2
258415,258417,258419,2,2
258415,258417,258419,2,2
258415,258417,258419,2,2
258415,258417,258419,2,2
258415,258417,258418,1,2
258415,258417,258419,2,2
258415,258417,258419,2,2
258415,258417,258419,2,2
258415,258417,258419,2,2
258415,258417,258419,2,2
258415,258417,258419,2,2
258415,258417,258419,2,2
258415,258418,258419,1,3
258415,258417,258419,2,2
258415,258418,258420,2,3
258415,258418,258420,2,3
258415,258418,258419,1,3
258415,258418,258420,2,3
258415,258420,258421,1,5
258415,258419,258421,2,4
258415,258418,258420,2,3
258415,258419,258421,2,4
258415,258419,258421,2,4
258415,258419,258421,2,4
258415,258419,258421,2,4
258415,258419,258421,2,4
258415,258419,258421,2,4
258415,258420,258421,1,5
258415,258419,258421,2,4
258415,258420,258421,1,5
258415,258419,258421,2,4
258415,258419,258421,2,4
258415,258419,258421,2,4
258415,258419,258421,2,4
258415,258420,258421,1,5
258415,258421,258422,1,6
258415,258421,258422,1,6
258415,258419,258422,3,4
258415,258419,258421,2,4
258415,258420,258422,2,5
258415,258419,258422,3,4
258415,258421,258422,1,6
258415,258421,258422,1,6
258415,258421,258422,1,6
258415,258420,258421,1,5
258415,258422,258423,1,7
258415,258422,258423,1,7
258415,258419,258422,3,4
258415,258420,258422,2,5
258415,258421,258423,2,6
258415,258422,258423,1,7
258415,258422,258423,1,7
258415,258421,258423,2,6
258415,258421,258423,2,6
258415,258421,258423,2,6
258415,258422,258423,1,7
258415,258422,258423,1,7
258415,258423,258424,1,8
258415,258422,258423,1,7
258415,258422,258423,1,7
258415,258423,258424,1,8
258415,258422,258424,2,7
258415,258422,258424,2,7
258415,258423,258424,1,8
258415,258422,258424,2,7
258415,258422,258424,2,7
258415,258423,258424,1,8
258415,258423,258424,1,8
258415,258423,258424,1,8
258415,258423,258424,1,8
258415,258423,258424,1,8
258415,258423,258424,1,8
258415,258423,258424,1,8
258415,258423,258424,1,8
258415,258423,258424,1,8
258415,258424,258425,1,9
258415,258423,258424,1,8
258415,258424,258425,1,9
258415,258424,258425,1,9
258415,258424,258425,1,9
258415,258423,258425,2,8
258415,258424,258425,1,9
258415,258424,258425,1,9
258415,258425,258426,1,10
258415,258425,258426,1,10
258415,258424,258425,1,9
258415,258425,258426,1,10
258415,258424,258426,2,9
258415,258425,258426,1,10
258415,258425,258426,1,10
258415,258425,258426,1,10
258415,258426,258427,1,11
258415,258425,258426,1,10
258415,258425,258426,1,10
258415,258425,258426,1,10
258415,258425,258426,1,10
258415,258426,258427,1,11
258415,258426,258427,1,11
258415,258425,258426,1,10
258415,258425,258426,1,10
258415,258426,258427,1,11
258415,258425,258426,1,10
258415,258425,258426,1,10
258415,258425,258426,1,10
258415,258425,258426,1,10
258415,258425,258427,2,10
258415,258426,258427,1,11
258415,258426,258427,1,11
258415,258426,258427,1,11
258415,258426,258427,1,11
258415,258427,258428,1,12
258415,258427,258428,1,12
258415,258427,258428,1,12
258415,258427,258428,1,12
258415,258427,258428,1,12
258415,258427,258428,1,12
258415,258427,258428,1,12
258415,258427,258428,1,12
258415,258427,258428,1,12
258415,258427,258428,1,12
258415,258428,258429,1,13
258415,258427,258428,1,12
258415,258428,258429,1,13
258415,258428,258429,1,13
258415,258427,258428,1,12
258415,258427,258429,2,12
258415,258427,258429,2,12
258415,258428,258429,1,13
258415,258428,258429,1,13
258415,258427,258428,1,12
258415,258427,258428,1,12
258415,258427,258428,1,12
258415,258427,258428,1,12
258415,258427,258429,2,12
258415,258428,258429,1,13
258415,258428,258429,1,13
258415,258428,258429,1,13
258415,258429,258430,1,14
258415,258429,258430,1,14
258415,258428,258429,1,13
258415,258429,258430,1,14
258415,258428,258430,2,13
258415,258429,258430,1,14
258415,258429,258430,1,14
258415,258429,258430,1,14
258415,258429,258431,2,14
254899,254913,258482,3569,14
258483,258483,258484,1,0
258483,258483,258484,1,0
258483,258483,258485,2,0
258483,258483,258485,2,0
258483,258483,258485,2,0
258483,258483,258485,2,0
258483,258483,258485,2,0
258483,258483,258484,1,0
258483,258483,258485,2,0
258483,258483,258485,2,0
258483,258483,258485,2,0
258483,258483,258484,1,0
258483,258483,258485,2,0
258483,258483,258485,2,0
258483,258483,258485,2,0
258483,258483,258485,2,0
258483,258483,258485,2,0
258483,258483,258485,2,0
258483,258483,258485,2,0
258483,258483,258485,2,0
258483,258483,258486,3,0
258483,258483,258485,2,0
258483,258483,258486,3,0
258483,258483,258485,2,0
258483,258483,258485,2,0
258483,258485,258486,1,2
258483,258485,258487,2,2
258483,258485,258487,2,2
258483,258485,258487,2,2
258483,258485,258487,2,2
258483,258485,258487,2,2
258483,258485,258486,1,2
258483,258485,258487,2,2
258483,258485,258487,2,2
258483,258485,258487,2,2
258483,258485,258487,2,2
258483,258485,258487,2,2
258483,258485,258487,2,2
258483,258485,258487,2,2
258483,258485,258487,2,2
258483,258485,258487,2,2
258483,258486,258488,2,3
258483,258485,258487,2,2
258483,258485,258487,2,2
258483,258486,258488,2,3
258483,258486,258488,2,3
258483,258487,258488,1,4
258483,258486,258488,2,3
258483,258486,258488,2,3
258483,258487,258489,2,4
258483,258487,258489,2,4
258483,258487,258489,2,4
258483,258487,258489,2,4
258483,258487,258489,2,4
258483,258487,258489,2,4
258483,258487,258489,2,4
258483,258487,258489,2,4
258483,258489,258490,1,6
258483,258487,258490,3,4
258483,258488,258490,2,5
258483,258487,258490,3,4
258483,258488,258490,2,5
258483,258489,258490,1,6
258483,258489,258490,1,6
258483,258487,258490,3,4
258483,258487,258490,3,4
258483,258487,258490,3,4
258483,258487,258490,3,4
258483,258489,258490,1,6
258483,258489,258490,1,6
258483,258489,258490,1,6
258483,258489,258491,2,6
258483,258490,258491,1,7
258483,258489,258491,2,6
258483,258490,258491,1,7
258483,258490,258491,1,7
258483,258490,258491,1,7
258483,258491,258492,1,8
258483,258491,258492,1,8
258483,258490,258492,2,7
258483,258490,258491,1,7
258483,258491,258492,1,8
258483,258489,258491,2,6
258483,258490,258492,2,7
258483,258490,258492,2,7
258483,258490,258492,2,7
258483,258490,258492,2,7
258483,258491,258492,1,8
258483,258491,258492,1,8
258483,258491,258492,1,8
258483,258492,258493,1,9
258483,258492,258493,1,9
258483,258491,258492,1,8
258483,258491,258492,1,8
258483,258491,258492,1,8
258483,258491,258492,1,8
258483,258491,258493,2,8
258483,258491,258493,2,8
258483,258492,258493,1,9
258483,258492,258493,1,9
258483,258492,258493,1,9
258483,258492,258493,1,9
258483,258492,258494,2,9
258483,258492,258494,2,9
258483,258492,258494,2,9
258483,258492,258494,2,9
258483,258493,258494,1,10
258483,258493,258494,1,10
258483,258493,258495,2,10
258483,258494,258495,1,11
258483,258493,258494,1,10
258483,258493,258494,1,10
258483,258494,258495,1,11
258483,258493,258495,2,10
258483,258493,258494,1,10
258483,258493,258495,2,10
258483,258493,258495,2,10
258483,258493,258495,2,10
258483,258494,258495,1,11
258483,258493,258495,2,10
258483,258493,258495,2,10
258483,258493,258495,2,10
258483,258493,258495,2,10
258483,258493,258495,2,10
258483,258493,258495,2,10
258483,258493,258495,2,10
258483,258495,258496,1,12
258483,258494,258495,1,11
258483,258494,258495,1,11
258483,258495,258496,1,12
258483,258494,258496,2,11
258483,258495,258496,1,12
258483,258494,258496,2,11
258483,258495,258496,1,12
258483,258495,258496,1,12
258483,258495,258496,1,12
258483,258495,258496,1,12
258483,258496,258497,1,13
258483,258495,258496,1,12
258483,258495,258497,2,12
258483,258495,258497,2,12
258483,258495,258497,2,12
258483,258495,258497,2,12
258483,258496,258497,1,13
258483,258496,258497,1,13
258483,258496,258497,1,13
258483,258496,258497,1,13
258483,258497,258498,1,14
258483,258496,258497,1,13
258483,258496,258497,1,13
258483,258496,258497,1,13
258483,258496,258497,1,13
258483,258496,258497,1,13
258483,258496,258497,1,13
258483,258497,258498,1,14
258483,258497,258498,1,14
258483,258497,258499,2,14
258483,258497,258498,1,14
258483,258497,258498,1,14
258483,258496,258498,2,13
258483,258497,258498,1,14
258483,258497,258498,1,14
258483,258497,258498,1,14
258483,258498,258499,1,15
258483,258498,258499,1,15
258483,258498,258499,1,15
258483,258498,258500,2,15
258483,258498,258500,2,15
258483,258498,258500,2,15
258483,258498,258500,2,15
258483,258498,258499,1,15
258483,258499,258500,1,16
258483,258497,258500,3,14
258483,258497,258499,2,14
258483,258497,258500,3,14
258483,258497,258500,3,14
258483,258497,258500,3,14
258483,258498,258500,2,15
258483,258498,258500,2,15
258483,258498,258500,2,15
258483,258499,258500,1,16
258483,258498,258500,2,15
258483,258499,258500,1,16
258483,258499,258500,1,16
258483,258499,258500,1,16
258483,258500,258501,1,17
258483,258499,258500,1,16
253784,253803,258814,5011,19
258814,258814,258815,1,0
258814,258814,258815,1,0
258814,258814,258815,1,0
258814,258814,258815,1,0
258814,258814,258815,1,0
258814,258814,258815,1,0
258814,258814,258816,2,0
258814,258814,258816,2,0
258814,258814,258816,2,0
258814,258814,258816,2,0
258814,258814,258816,2,0
258814,258814,258816,2,0
258814,258814,258816,2,0
258814,258814,258816,2,0
258814,258814,258816,2,0
258814,258814,258816,2,0
258814,258814,258815,1,0
258814,258814,258816,2,0
258814,258814,258815,1,0
258814,258814,258816,2,0
258814,258814,258816,2,0
258814,258814,258816,2,0
258814,258814,258816,2,0
258814,258814,258816,2,0
258814,258815,258816,1,1
258814,258814,258816,2,0
258814,258815,258816,1,1
258814,258815,258816,1,1
258814,258815,258816,1,1
258814,258815,258816,1,1
258814,258816,258817,1,2
258814,258817,258818,1,3
258814,258816,258818,2,2
258814,258816,258818,2,2
258814,258816,258818,2,2
258814,258816,258818,2,2
258814,258816,258818,2,2
258814,258816,258818,2,2
258814,258816,258818,2,2
258814,258816,258818,2,2
258814,258816,258817,1,2
258814,258816,258817,1,2
258814,258816,258817,1,2
258814,258816,258817,1,2
258814,258817,258818,1,3
258814,258816,258818,2,2
258814,258816,258818,2,2
258814,258816,258818,2,2
258814,258816,258818,2,2
258814,258816,258818,2,2
258814,258817,258818,1,3
258814,258817,258818,1,3
258814,258817,258818,1,3
258814,258816,258818,2,2
258814,258818,258820,2,4
258814,258817,258820,3,3
258814,258818,258820,2,4
258814,258818,258820,2,4
258814,258818,258820,2,4
258814,258820,258821,1,6
258814,258818,258821,3,4
258814,258818,258821,3,4
258814,258818,258821,3,4
258814,258819,258821,2,5
258814,258818,258821,3,4
258814,258818,258820,2,4
258814,258818,258821,3,4
258814,258818,258821,3,4
258814,258818,258820,2,4
258814,258818,258821,3,4
258814,258819,258821,2,5
258814,258819,258821,2,5
258814,258818,258821,3,4
258814,258819,258821,2,5
258814,258820,258821,1,6
258814,258818,258821,3,4
258814,258819,258821,2,5
258814,258818,258821,3,4
258814,258818,258821,3,4
258814,258818,258821,3,4
258814,258819,258821,2,5
258814,258821,258822,1,7
258814,258821,258822,1,7
258814,258820,258822,2,6
258814,258821,258822,1,7
258814,258821,258822,1,7
258814,258820,258822,2,6
258814,258821,258822,1,7
258814,258821,258822,1,7
258814,258821,258822,1,7
258814,258822,258823,1,8
258814,258822,258823,1,8
258814,258821,258822,1,7
258814,258821,258823,2,7
258814,258821,258823,2,7
258814,258821,258823,2,7
258814,258821,258823,2,7
258814,258821,258823,2,7
258814,258822,258823,1,8
258814,258821,258823,2,7
258814,258822,258823,1,8
258814,258822,258823,1,8
258814,258822,258823,1,8
258814,258822,258823,1,8
258814,258823,258824,1,9
258814,258821,258823,2,7
258814,258822,258823,1,8
258814,258822,258823,1,8
258814,258822,258823,1,8
258814,258822,258823,1,8
258814,258822,258824,2,8
258814,258822,258824,2,8
258814,258823,258824,1,9
258814,258823,258825,2,9
258814,258824,258826,2,10
258814,258824,258826,2,10
258814,258825,258826,1,11
258814,258823,258825,2,9
258814,258823,258826,3,9
258814,258823,258826,3,9
258814,258824,258826,2,10
258814,258824,258826,2,10
258814,258824,258826,2,10
258814,258824,258826,2,10
258814,258824,258826,2,10
258814,258824,258826,2,10
258814,258824,258826,2,10
258814,258824,258826,2,10
258814,258825,258826,1,11
258814,258824,258826,2,10
258814,258824,258826,2,10
258814,258826,258827,1,12
258814,258824,258826,2,10
258814,258824,258827,3,10
258814,258826,258827,1,12
258814,258825,258827,2,11
258814,258825,258827,2,11
258814,258824,258827,3,10
258814,258824,258827,3,10
258814,258827,258828,1,13
258814,258827,258828,1,13
258814,258827,258828,1,13
258814,258827,258828,1,13
258814,258824,258827,3,10
258814,258824,258827,3,10
258814,258827,258828,1,13
258814,258826,258828,2,12
258814,258827,258828,1,13
258814,258827,258828,1,13
258814,258827,258828,1,13
258814,258827,258828,1,13
258814,258827,258828,1,13
258814,258827,258828,1,13
258814,258827,258828,1,13
258814,258827,258828,1,13
258814,258827,258828,1,13
258814,258827,258828,1,13
258814,258827,258828,1,13
258814,258828,258829,1,14
258814,258827,258828,1,13
258814,258828,258829,1,14
258814,258828,258829,1,14
258814,258828,258829,1,14
258814,258828,258829,1,14
258814,258828,258829,1,14
258814,258828,258829,1,14
258814,258828,258829,1,14
258814,258828,258829,1,14
258814,258828,258829,1,14
258814,258828,258830,2,14
258814,258828,258831,3,14
258814,258828,258831,3,14
258814,258829,258831,2,15
258814,258829,258831,2,15
258814,258829,258832,3,15
258814,258829,258832,3,15
258814,258829,258831,2,15
258814,258829,258831,2,15
258814,258830,258832,2,16
258814,258830,258832,2,16
258814,258830,258831,1,16
258814,258829,258831,2,15
258814,258829,258831,2,15
258814,258830,258832,2,16
258814,258829,258832,3,15
258814,258830,258832,2,16
258814,258829,258832,3,15
258814,258829,258832,3,15
258814,258830,258832,2,16
258814,258830,258832,2,16
258814,258829,258832,3,15
258814,258829,258832,3,15
258814,258830,258832,2,16
258814,258830,258833,3,16
258814,258831,258832,1,17
258814,258831,258832,1,17
253944,253959,258982,5023,15
258984,258984,258985,1,0
258984,258984,258985,1,0
258984,258984,258985,1,0
258984,258984,258985,1,0
258984,258984,258985,1,0
258984,258984,258986,2,0
258984,258984,258985,1,0
258984,258984,258985,1,0
258984,258984,258986,2,0
258984,258984,258986,2,0
258984,258984,258985,1,0
258984,258984,258986,2,0
258984,258984,258986,2,0
258984,258984,258986,2,0
258984,258984,258986,2,0
258984,258984,258985,1,0
258984,258984,258985,1,0
258984,258984,258985,1,0
258984,258984,258985,1,0
258984,258985,258986,1,1
258984,258984,258986,2,0
258984,258984,258986,2,0
258984,258984,258985,1,0
258984,258984,258986,2,0
258984,258984,258986,2,0
258984,258984,258986,2,0
258984,258985,258986,1,1
258984,258985,258986,1,1
258984,258986,258988,2,2
258984,258986,258988,2,2
258984,258986,258987,1,2
258984,258986,258987,1,2
258984,258986,258987,1,2
258984,258986,258988,2,2
258984,258986,258988,2,2
258984,258986,258988,2,2
258984,258986,258988,2,2
258984,258986,258988,2,2
258984,258986,258987,1,2
258984,258986,258988,2,2
258984,258986,258988,2,2
258984,258986,258988,2,2
258984,258987,258989,2,3
258984,258986,258988,2,2
258984,258986,258988,2,2
258984,258986,258988,2,2
258984,258987,258989,2,3
258984,258986,258989,3,2
258984,258986,258989,3,2
258984,258986,258989,3,2
258984,258986,258989,3,2
258984,258987,258989,2,3
258984,258987,258989,2,3
258984,258989,258990,1,5
258984,258988,258990,2,4
258984,258988,258990,2,4
258984,258988,258989,1,4
258984,258988,258990,2,4
258984,258988,258990,2,4
258984,258988,258990,2,4
258984,258988,258990,2,4
258984,258988,258990,2,4
258984,258988,258990,2,4
258984,258988,258990,2,4
258984,258988,258989,1,4
258984,258988,258990,2,4
258984,258988,258990,2,4
258984,258988,258990,2,4
258984,258989,258990,1,5
258984,258989,258990,1,5
258984,258990,258991,1,6
258984,258989,258990,1,5
258984,258989,258990,1,5
258984,258990,258991,1,6
258984,258990,258991,1,6
258984,258990,258991,1,6
258984,258990,258991,1,6
258984,258990,258991,1,6
258984,258990,258991,1,6
258984,258990,258991,1,6
258984,258990,258992,2,6
258984,258991,258992,1,7
258984,258990,258992,2,6
258984,258990,258992,2,6
258984,258991,258992,1,7
258984,258990,258991,1,6
258984,258991,258992,1,7
258984,258990,258992,2,6
258984,258990,258992,2,6
258984,258990,258992,2,6
258984,258990,258992,2,6
258984,258990,258992,2,6
258984,258990,258992,2,6
258984,258990,258991,1,6
258984,258990,258991,1,6
258984,258990,258992,2,6
258984,258990,258992,2,6
258984,258990,258992,2,6
258984,258991,258993,2,7
258984,258991,258992,1,7
258984,258992,258995,3,8
258984,258992,258995,3,8
258984,258992,258995,3,8
258984,258992,258995,3,8
258984,258992,258995,3,8
258984,258992,258995,3,8
258984,258992,258995,3,8
258984,258992,258995,3,8
258984,258992,258995,3,8
258984,258993,258995,2,9
258984,258993,258995,2,9
258984,258993,258995,2,9
258984,258993,258995,2,9
258984,258992,258995,3,8
258984,258992,258996,4,8
258984,258992,258996,4,8
258984,258992,258996,4,8
258984,258992,258996,4,8
258984,258995,258996,1,11
258984,258992,258996,4,8
258984,258993,258996,3,9
258984,258992,258996,4,8
258984,258995,258996,1,11
258984,258995,258996,1,11
258984,258992,258996,4,8
258984,258992,258995,3,8
258984,258992,258996,4,8
258984,258996,258997,1,12
258984,258996,258997,1,12
258984,258992,258997,5,8
258984,258996,258997,1,12
258984,258995,258997,2,11
258984,258995,258997,2,11
258984,258996,258997,1,12
258984,258996,258997,1,12
258984,258996,258997,1,12
258984,258996,258997,1,12
258984,258996,258997,1,12
258984,258996,258997,1,12
258984,258996,258998,2,12
258984,258996,258998,2,12
258984,258996,258998,2,12
258984,258997,258998,1,13
258984,258997,258998,1,13
258984,258997,258998,1,13
258984,258997,258998,1,13
258984,258997,258998,1,13
258984,258997,258998,1,13
258984,258997,258998,1,13
258984,258996,258999,3,12
258984,258997,258999,2,13
258984,258997,258999,2,13
258984,258997,258999,2,13
258984,258997,258999,2,13
258984,258997,258999,2,13
258984,258997,259000,3,13
258984,258998,259000,2,14
258984,258998,259000,2,14
258984,258998,259000,2,14
258984,258998,259001,3,14
258984,258997,259001,4,13
258984,258999,259001,2,15
258984,258999,259001,2,15
258984,258999,259001,2,15
258984,258999,259001,2,15
258984,258999,259001,2,15
258984,259001,259002,1,17
258984,258999,259001,2,15
258984,258999,259001,2,15
258984,258999,259001,2,15
258984,258999,259001,2,15
258984,259001,259002,1,17
258984,259000,259001,1,16
258984,259000,259001,1,16
258984,259000,259001,1,16
258984,258998,259001,3,14
258984,258998,259001,3,14
258984,258998,259001,3,14
258984,258999,259002,3,15
258984,258998,259002,4,14
258984,258999,259002,3,15
258984,259001,259002,1,17
258984,259002,259003,1,18
258984,259000,259002,2,16
258984,259002,259003,1,18
258984,259002,259003,1,18
258984,259002,259003,1,18
258984,259002,259003,1,18
258984,259001,259002,1,17
258984,259001,259003,2,17
258984,259002,259003,1,18
258984,259002,259003,1,18
258984,259002,259003,1,18
258984,259002,259003,1,18
255683,255697,259024,3327,14
259026,259026,259027,1,0
259026,259026,259027,1,0
259026,259026,259027,1,0
259026,259026,259027,1,0
259026,259026,259028,2,0
259026,259026,259028,2,0
259026,259026,259028,2,0
259026,259026,259028,2,0
259026,259026,259028,2,0
259026,259026,259027,1,0
259026,259026,259027,1,0
259026,259026,259027,1,0
259026,259026,259028,2,0
259026,259026,259027,1,0
259026,259026,259027,1,0
259026,259026,259027,1,0
259026,259026,259027,1,0
259026,259026,259027,1,0
259026,259026,259028,2,0
259026,259026,259028,2,0
259026,259026,259028,2,0
259026,259026,259028,2,0
259026,259026,259029,3,0
259026,259027,259028,1,1
259026,259027,259028,1,1
259026,259027,259028,1,1
259026,259028,259030,2,2
259026,259028,259030,2,2
259026,259028,259030,2,2
259026,259028,259030,2,2
259026,259028,259029,1,2
259026,259028,259029,1,2
259026,259028,259029,1,2
259026,259029,259030,1,3
259026,259028,259029,1,2
259026,259028,259030,2,2
259026,259028,259030,2,2
259026,259028,259030,2,2
259026,259028,259030,2,2
259026,259028,259030,2,2
259026,259029,259031,2,3
259026,259029,259031,2,3
259026,259028,259030,2,2
259026,259028,259030,2,2
259026,259028,259030,2,2
259026,259029,259030,1,3
259026,259028,259031,3,2
259026,259028,259030,2,2
259026,259029,259030,1,3
259026,259030,259032,2,4
259026,259026,259031,5,0
259026,259026,259032,6,0
259026,259030,259031,1,4
259026,259030,259032,2,4
259026,259030,259031,1,4
259026,259030,259032,2,4
259026,259030,259031,1,4
259026,259030,259032,2,4
259026,259030,259032,2,4
259026,259030,259032,2,4
259026,259030,259032,2,4
259026,259030,259032,2,4
259026,259031,259032,1,5
259026,259031,259032,1,5
259026,259031,259033,2,5
259026,259030,259032,2,4
259026,259031,259033,2,5
259026,259032,259033,1,6
259026,259032,259033,1,6
259026,259032,259033,1,6
259026,259031,259032,1,5
259026,259032,259033,1,6
259026,259030,259033,3,4
259026,259030,259032,2,4
259026,259031,259033,2,5
259026,259031,259033,2,5
259026,259032,259033,1,6
259026,259032,259033,1,6
259026,259032,259033,1,6
259026,259031,259033,2,5
259026,259031,259033,2,5
259026,259032,259033,1,6
259026,259032,259033,1,6
259026,259032,259033,1,6
259026,259033,259034,1,7
259026,259032,259033,1,6
259026,259033,259034,1,7
259026,259033,259034,1,7
259026,259033,259034,1,7
259026,259032,259033,1,6
259026,259033,259034,1,7
259026,259033,259034,1,7
259026,259033,259034,1,7
259026,259034,259035,1,8
259026,259033,259034,1,7
259026,259033,259034,1,7
259026,259034,259035,1,8
259026,259034,259035,1,8
259026,259033,259035,2,7
259026,259033,259035,2,7
259026,259033,259035,2,7
259026,259033,259035,2,7
259026,259033,259034,1,7
259026,259033,259035,2,7
259026,259033,259035,2,7
259026,259034,259035,1,8
259026,259034,259036,2,8
259026,259034,259036,2,8
259026,259034,259036,2,8
259026,259034,259036,2,8
259026,259034,259036,2,8
259026,259034,259036,2,8
259026,259034,259036,2,8
259026,259035,259037,2,9
259026,259035,259037,2,9
259026,259035,259037,2,9
259026,259035,259037,2,9
259026,259035,259037,2,9
259026,259035,259037,2,9
259026,259036,259038,2,10
259026,259036,259037,1,10
259026,259035,259038,3,9
259026,259035,259038,3,9
259026,259036,259038,2,10
259026,259036,259038,2,10
259026,259036,259038,2,10
259026,259037,259038,1,11
259026,259036,259038,2,10
259026,259035,259038,3,9
259026,259035,259038,3,9
259026,259036,259038,2,10
259026,259036,259038,2,10
259026,259036,259038,2,10
259026,259037,259038,1,11
259026,259038,259039,1,12
259026,259037,259039,2,11
259026,259037,259039,2,11
259026,259037,259039,2,11
259026,259036,259038,2,10
259026,259032,259039,7,6
259026,259037,259038,1,11
259026,259038,259039,1,12
259026,259038,259039,1,12
259026,259038,259040,2,12
259026,259038,259040,2,12
259026,259038,259040,2,12
259026,259038,259040,2,12
259026,259038,259040,2,12
259026,259038,259040,2,12
259026,259039,259041,2,13
259026,259039,259041,2,13
259026,259039,259041,2,13
259026,259039,259041,2,13
259026,259039,259040,1,13
259026,259039,259040,1,13
259026,259039,259040,1,13
259026,259039,259040,1,13
259026,259039,259041,2,13
259026,259039,259041,2,13
259026,259039,259041,2,13
259026,259039,259041,2,13
259026,259032,259041,9,6
259026,259040,259041,1,14
259026,259040,259041,1,14
259026,259040,259041,1,14
259026,259040,259041,1,14
259026,259040,259041,1,14
259026,259041,259042,1,15
259026,259041,259042,1,15
259026,259040,259042,2,14
259026,259040,259042,2,14
259026,259041,259042,1,15
259026,259041,259042,1,15
259026,259041,259042,1,15
259026,259041,259042,1,15
259026,259042,259043,1,16
259026,259041,259042,1,15
259026,259041,259043,2,15
259026,259041,259043,2,15
259026,259041,259042,1,15
259026,259041,259042,1,15
259026,259041,259042,1,15
259026,259042,259043,1,16
259026,259041,259043,2,15
259026,259041,259043,2,15
259026,259041,259043,2,15
259026,259041,259043,2,15
259026,259042,259043,1,16
259026,259042,259043,1,16
259026,259042,259043,1,16
259026,259042,259043,1,16
259026,259042,259044,2,16
259026,259042,259044,2,16
259026,259040,259045,5,14
259026,259042,259048,6,16
255822,255836,259102,3266,14
259103,259103,259105,2,0
259103,259103,259105,2,0
259103,259103,259105,2,0
259103,259103,259105,2,0
259103,259103,259106,3,0
259103,259103,259105,2,0
259103,259103,259106,3,0
259103,259103,259106,3,0
259103,259103,259105,2,0
259103,259103,259106,3,0
259103,259103,259105,2,0
259103,259103,259105,2,0
259103,259103,259105,2,0
259103,259103,259106,3,0
259103,259103,259105,2,0
259103,259103,259106,3,0
259103,259103,259106,3,0
259103,259103,259106,3,0
259103,259103,259106,3,0
259103,259105,259107,2,2
259103,259103,259107,4,0
259103,259103,259107,4,0
259103,259105,259107,2,2
259103,259105,259107,2,2
259103,259105,259107,2,2
259103,259104,259107,3,1
259103,259104,259107,3,1
259103,259106,259108,2,3
259103,259106,259108,2,3
259103,259106,259108,2,3
259103,259106,259108,2,3
259103,259106,259108,2,3
259103,259106,259108,2,3
259103,259106,259108,2,3
259103,259107,259108,1,4
259103,259107,259108,1,4
259103,259107,259108,1,4
259103,259107,259109,2,4
259103,259106,259109,3,3
259103,259107,259109,2,4
259103,259108,259109,1,5
259103,259108,259109,1,5
259103,259108,259109,1,5
259103,259107,259109,2,4
259103,259107,259109,2,4
259103,259107,259109,2,4
259103,259107,259109,2,4
259103,259108,259109,1,5
259103,259108,259111,3,5
259103,259108,259111,3,5
259103,259109,259111,2,6
259103,259109,259112,3,6
259103,259109,259112,3,6
259103,259109,259111,2,6
259103,259109,259112,3,6
259103,259109,259112,3,6
259103,259108,259111,3,5
259103,259109,259112,3,6
259103,259109,259112,3,6
259103,259110,259112,2,7
259103,259109,259112,3,6
259103,259110,259112,2,7
259103,259110,259112,2,7
259103,259109,259112,3,6
259103,259110,259112,2,7
259103,259110,259113,3,7
259103,259110,259113,3,7
259103,259112,259113,1,9
259103,259110,259113,3,7
259103,259110,259113,3,7
259103,259113,259114,1,10
259103,259112,259113,1,9
259103,259112,259113,1,9
259103,259112,259113,1,9
259103,259110,259113,3,7
259103,259110,259113,3,7
259103,259112,259113,1,9
259103,259112,259113,1,9
259103,259113,259114,1,10
259103,259113,259114,1,10
259103,259111,259113,2,8
259103,259112,259114,2,9
259103,259112,259114,2,9
259103,259113,259114,1,10
259103,259113,259114,1,10
259103,259114,259115,1,11
259103,259113,259114,1,10
259103,259114,259115,1,11
259103,259114,259115,1,11
259103,259114,259115,1,11
259103,259113,259114,1,10
259103,259113,259114,1,10
259103,259114,259115,1,11
259103,259114,259115,1,11
259103,259114,259115,1,11
259103,259114,259115,1,11
259103,259114,259115,1,11
259103,259115,259116,1,12
259103,259115,259116,1,12
259103,259114,259115,1,11
259103,259115,259116,1,12
259103,259115,259116,1,12
259103,259114,259115,1,11
259103,259114,259115,1,11
259103,259114,259116,2,11
259103,259115,259116,1,12
259103,259114,259116,2,11
259103,259115,259116,1,12
259103,259115,259116,1,12
259103,259115,259116,1,12
259103,259116,259117,1,13
259103,259116,259117,1,13
259103,259115,259116,1,12
259103,259116,259117,1,13
259103,259116,259117,1,13
259103,259115,259116,1,12
259103,259115,259116,1,12
259103,259115,259116,1,12
259103,259115,259116,1,12
259103,259116,259117,1,13
259103,259116,259117,1,13
259103,259114,259117,3,11
259103,259116,259117,1,13
259103,259115,259117,2,12
259103,259116,259117,1,13
259103,259116,259117,1,13
259103,259116,259117,1,13
259103,259116,259117,1,13
259103,259116,259118,2,13
259103,259117,259120,3,14
259103,259117,259120,3,14
259103,259117,259120,3,14
259103,259117,259120,3,14
259103,259117,259120,3,14
259103,259117,259120,3,14
259103,259117,259121,4,14
259103,259117,259120,3,14
259103,259117,259121,4,14
259103,259118,259121,3,15
259103,259117,259121,4,14
259103,259117,259121,4,14
259103,259117,259120,3,14
259103,259117,259120,3,14
259103,259117,259121,4,14
259103,259118,259121,3,15
259103,259118,259121,3,15
259103,259117,259121,4,14
259103,259118,259121,3,15
259103,259118,259121,3,15
259103,259120,259122,2,17
259103,259117,259121,4,14
259103,259118,259122,4,15
259103,259118,259122,4,15
259103,259120,259122,2,17
259103,259121,259122,1,18
259103,259121,259123,2,18
259103,259121,259123,2,18
259103,259121,259123,2,18
259103,259121,259123,2,18
259103,259121,259123,2,18
259103,259122,259124,2,19
259103,259121,259123,2,18
259103,259121,259124,3,18
259103,259121,259124,3,18
259103,259121,259124,3,18
259103,259121,259124,3,18
259103,259121,259124,3,18
259103,259122,259124,2,19
259103,259121,259124,3,18
259103,259121,259124,3,18
259103,259122,259124,2,19
259103,259122,259124,2,19
259103,259122,259124,2,19
259103,259122,259124,2,19
259103,259123,259124,1,20
259103,259124,259125,1,21
259103,259124,259125,1,21
259103,259124,259125,1,21
259103,259122,259125,3,19
259103,259122,259125,3,19
259103,259122,259125,3,19
259103,259124,259125,1,21
259103,259123,259124,1,20
259103,259123,259125,2,20
259103,259125,259126,1,22
259103,259124,259125,1,21
259103,259124,259126,2,21
259103,259124,259126,2,21
259103,259124,259125,1,21
259103,259124,259126,2,21
259103,259149,259151,2,46
259103,259149,259151,2,46
255643,255660,259320,3660,17
259321,259321,259322,1,0
259321,259321,259322,1,0
259321,259321,259323,2,0
259321,259321,259323,2,0
259321,259321,259323,2,0
259321,259321,259323,2,0
259321,259321,259323,2,0
259321,259321,259323,2,0
259321,259322,259323,1,1
259321,259321,259323,2,0
259321,259321,259323,2,0
259321,259321,259323,2,0
259321,259321,259323,2,0
259321,259321,259323,2,0
259321,259321,259323,2,0
259321,259321,259323,2,0
259321,259321,259323,2,0
259321,259321,259323,2,0
259321,259321,259323,2,0
259321,259321,259323,2,0
259321,259321,259323,2,0
259321,259321,259323,2,0
259321,259322,259324,2,1
259321,259321,259323,2,0
259321,259323,259324,1,2
259321,259322,259324,2,1
259321,259323,259325,2,2
259321,259324,259325,1,3
259321,259324,259326,2,3
259321,259324,259325,1,3
259321,259324,259325,1,3
259321,259324,259326,2,3
259321,259324,259325,1,3
259321,259325,259326,1,4
259321,259324,259325,1,3
259321,259324,259325,1,3
259321,259324,259325,1,3
259321,259324,259325,1,3
259321,259324,259325,1,3
259321,259324,259325,1,3
259321,259324,259325,1,3
259321,259324,259325,1,3
259321,259324,259326,2,3
259321,259324,259326,2,3
259321,259325,259326,1,4
259321,259324,259326,2,3
259321,259326,259327,1,5
259321,259324,259326,2,3
259321,259324,259326,2,3
259321,259325,259327,2,4
259321,259326,259327,1,5
259321,259326,259327,1,5
259321,259326,259327,1,5
259321,259326,259327,1,5
259321,259325,259327,2,4
259321,259326,259327,1,5
259321,259326,259327,1,5
259321,259326,259327,1,5
259321,259326,259327,1,5
259321,259326,259328,2,5
259321,259326,259328,2,5
259321,259326,259328,2,5
259321,259326,259328,2,5
259321,259326,259328,2,5
259321,259326,259327,1,5
259321,259326,259328,2,5
259321,259326,259328,2,5
259321,259327,259328,1,6
259321,259328,259329,1,7
259321,259328,259329,1,7
259321,259328,259329,1,7
259321,259328,259329,1,7
259321,259328,259329,1,7
259321,259328,259329,1,7
259321,259328,259329,1,7
259321,259326,259328,2,5
259321,259327,259328,1,6
259321,259327,259328,1,6
259321,259328,259329,1,7
259321,259328,259329,1,7
259321,259328,259329,1,7
259321,259328,259329,1,7
259321,259328,259329,1,7
259321,259328,259329,1,7
259321,259328,259329,1,7
259321,259328,259329,1,7
259321,259329,259330,1,8
259321,259328,259329,1,7
259321,259329,259330,1,8
259321,259329,259330,1,8
259321,259328,259329,1,7
259321,259329,259330,1,8
259321,259329,259330,1,8
259321,259329,259330,1,8
259321,259329,259330,1,8
259321,259330,259331,1,9
259321,259329,259330,1,8
259321,259329,259331,2,8
259321,259329,259331,2,8
259321,259329,259330,1,8
259321,259330,259331,1,9
259321,259329,259330,1,8
259321,259330,259331,1,9
259321,259330,259331,1,9
259321,259330,259331,1,9
259321,259330,259331,1,9
259321,259330,259331,1,9
259321,259330,259331,1,9
259321,259330,259331,1,9
259321,259330,259331,1,9
259321,259330,259331,1,9
259321,259330,259331,1,9
259321,259330,259331,1,9
259321,259329,259331,2,8
259321,259331,259332,1,10
259321,259330,259332,2,9
259321,259330,259332,2,9
259321,259331,259333,2,10
259321,259331,259333,2,10
259321,259331,259333,2,10
259321,259331,259333,2,10
259321,259331,259333,2,10
259321,259331,259334,3,10
259321,259331,259333,2,10
259321,259332,259334,2,11
259321,259331,259333,2,10
259321,259332,259334,2,11
259321,259332,259334,2,11
259321,259333,259334,1,12
259321,259331,259334,3,10
259321,259331,259333,2,10
259321,259332,259334,2,11
259321,259331,259333,2,10
259321,259332,259334,2,11
259321,259333,259334,1,12
259321,259333,259334,1,12
259321,259332,259334,2,11
259321,259332,259334,2,11
259321,259333,259334,1,12
259321,259333,259334,1,12
259321,259332,259334,2,11
259321,259332,259334,2,11
259321,259332,259334,2,11
259321,259334,259335,1,13
259321,259333,259334,1,12
259321,259334,259335,1,13
259321,259334,259335,1,13
259321,259334,259335,1,13
259321,259333,259335,2,12
259321,259333,259335,2,12
259321,259334,259335,1,13
259321,259334,259335,1,13
259321,259335,259336,1,14
259321,259334,259336,2,13
259321,259335,259336,1,14
259321,259335,259336,1,14
259321,259334,259335,1,13
259321,259334,259336,2,13
259321,259335,259336,1,14
259321,259335,259336,1,14
259321,259334,259336,2,13
259321,259334,259336,2,13
259321,259334,259336,2,13
259321,259334,259336,2,13
259321,259336,259337,1,15
259321,259335,259337,2,14
259321,259335,259337,2,14
259321,259335,259336,1,14
259321,259335,259337,2,14
259321,259335,259337,2,14
259321,259335,259336,1,14
259321,259335,259337,2,14
259321,259335,259337,2,14
259321,259336,259337,1,15
259321,259336,259337,1,15
259321,259336,259337,1,15
259321,259335,259337,2,14
259321,259336,259337,1,15
259321,259337,259338,1,16
259321,259336,259338,2,15
259321,259337,259338,1,16
259321,259337,259338,1,16
259321,259337,259338,1,16
259321,259337,259338,1,16
259321,259337,259338,1,16
259321,259337,259338,1,16
259321,259337,259338,1,16
259321,259337,259339,2,16
259321,259337,259338,1,16
259321,259344,259346,2,23
254599,254617,259599,4982,18
259601,259601,259602,1,0
259601,259601,259603,2,0
259601,259601,259602,1,0
259601,259601,259602,1,0
259601,259601,259602,1,0
259601,259601,259602,1,0
259601,259601,259602,1,0
259601,259601,259603,2,0
259601,259601,259603,2,0
259601,259601,259602,1,0
259601,259601,259602,1,0
259601,259601,259602,1,0
259601,259601,259602,1,0
259601,259601,259602,1,0
259601,259601,259602,1,0
259601,259601,259602,1,0
259601,259601,259602,1,0
259601,259601,259602,1,0
259601,259601,259603,2,0
259601,259601,259603,2,0
259601,259601,259603,2,0
259601,259601,259603,2,0
259601,259601,259603,2,0
259601,259601,259603,2,0
259601,259601,259603,2,0
259601,259603,259604,1,2
259601,259603,259604,1,2
259601,259603,259605,2,2
259601,259603,259604,1,2
259601,259603,259604,1,2
259601,259603,259605,2,2
259601,259603,259605,2,2
259601,259603,259605,2,2
259601,259603,259604,1,2
259601,259603,259604,1,2
259601,259603,259604,1,2
259601,259603,259605,2,2
259601,259603,259605,2,2
259601,259603,259605,2,2
259601,259603,259605,2,2
259601,259603,259604,1,2
259601,259603,259605,2,2
259601,259603,259605,2,2
259601,259604,259607,3,3
259601,259605,259608,3,4
259601,259605,259608,3,4
259601,259605,259608,3,4
259601,259605,259607,2,4
259601,259604,259607,3,3
259601,259604,259607,3,3
259601,259605,259608,3,4
259601,259605,259608,3,4
259601,259605,259608,3,4
259601,259604,259607,3,3
259601,259604,259607,3,3
259601,259604,259607,3,3
259601,259604,259607,3,3
259601,259605,259608,3,4
259601,259608,259609,1,7
259601,259605,259608,3,4
259601,259605,259608,3,4
259601,259605,259609,4,4
259601,259608,259609,1,7
259601,259605,259608,3,4
259601,259605,259608,3,4
259601,259605,259608,3,4
259601,259608,259609,1,7
259601,259605,259608,3,4
259601,259605,259609,4,4
259601,259608,259609,1,7
259601,259608,259609,1,7
259601,259607,259609,2,6
259601,259608,259609,1,7
259601,259608,259609,1,7
259601,259609,259610,1,8
259601,259606,259609,3,5
259601,259606,259609,3,5
259601,259608,259609,1,7
259601,259609,259610,1,8
259601,259608,259609,1,7
259601,259609,259610,1,8
259601,259609,259610,1,8
259601,259609,259610,1,8
259601,259609,259610,1,8
259601,259609,259610,1,8
259601,259608,259610,2,7
259601,259608,259610,2,7
259601,259608,259610,2,7
259601,259608,259610,2,7
259601,259609,259610,1,8
259601,259609,259610,1,8
259601,259610,259611,1,9
259601,259610,259611,1,9
259601,259610,259611,1,9
259601,259610,259611,1,9
259601,259609,259610,1,8
259601,259609,259610,1,8
259601,259609,259610,1,8
259601,259610,259611,1,9
259601,259609,259610,1,8
259601,259609,259610,1,8
259601,259610,259611,1,9
259601,259610,259611,1,9
259601,259610,259612,2,9
259601,259610,259611,1,9
259601,259610,259612,2,9
259601,259610,259611,1,9
259601,259610,259611,1,9
259601,259610,259612,2,9
259601,259610,259612,2,9
259601,259610,259612,2,9
259601,259610,259612,2,9
259601,259610,259613,3,9
259601,259611,259613,2,10
259601,259611,259613,2,10
259601,259611,259613,2,10
259601,259611,259614,3,10
259601,259611,259614,3,10
259601,259610,259613,3,9
259601,259610,259613,3,9
259601,259610,259613,3,9
259601,259611,259614,3,10
259601,259611,259614,3,10
259601,259612,259614,2,11
259601,259611,259614,3,10
259601,259611,259614,3,10
259601,259612,259615,3,11
259601,259611,259614,3,10
259601,259614,259615,1,13
259601,259612,259614,2,11
259601,259612,259615,3,11
259601,259612,259615,3,11
259601,259612,259614,2,11
259601,259612,259615,3,11
259601,259614,259615,1,13
259601,259614,259615,1,13
259601,259613,259615,2,12
259601,259612,259615,3,11
259601,259612,259615,3,11
259601,259614,259615,1,13
259601,259612,259615,3,11
259601,259614,259615,1,13
259601,259614,259615,1,13
259601,259613,259615,2,12
259601,259615,259616,1,14
259601,259615,259616,1,14
259601,259615,259616,1,14
259601,259614,259616,2,13
259601,259614,259616,2,13
259601,259614,259616,2,13
259601,259614,259615,1,13
259601,259616,259617,1,15
259601,259616,259617,1,15
259601,259615,259616,1,14
259601,259615,259616,1,14
259601,259615,259616,1,14
259601,259615,259616,1,14
259601,259615,259616,1,14
259601,259615,259617,2,14
259601,259615,259617,2,14
259601,259616,259617,1,15
259601,259616,259617,1,15
259601,259615,259617,2,14
259601,259615,259616,1,14
259601,259615,259617,2,14
259601,259616,259617,1,15
259601,259615,259617,2,14
259601,259616,259617,1,15
259601,259616,259617,1,15
259601,259616,259617,1,15
259601,259616,259618,2,15
259601,259617,259618,1,16
259601,259617,259618,1,16
259601,259617,259618,1,16
259601,259616,259619,3,15
259601,259617,259619,2,16
259601,259616,259619,3,15
259601,259617,259619,2,16
259601,259617,259619,2,16
259601,259617,259620,3,16
259601,259617,259620,3,16
259601,259617,259620,3,16
259601,259617,259620,3,16
259601,259617,259620,3,16
259601,259617,259620,3,16
259601,259617,259620,3,16
259601,259617,259620,3,16
259601,259617,259620,3,16
259601,259618,259620,2,17
259601,259619,259620,1,18
259601,259619,259620,1,18
259601,259619,259620,1,18
259601,259617,259620,3,16
259601,259618,259621,3,17
259601,259617,259621,4,16
259601,259617,259621,4,16
259601,259618,259621,3,17
259601,259618,259621,3,17
259601,259618,259622,4,17
254482,254498,259712,5214,16
259713,259713,259715,2,0
259713,259713,259715,2,0
259713,259713,259715,2,0
259713,259713,259715,2,0
259713,259713,259715,2,0
259713,259714,259715,1,1
259713,259714,259715,1,1
259713,259715,259716,1,2
259713,259714,259715,1,1
259713,259714,259715,1,1
259713,259714,259715,1,1
259713,259713,259715,2,0
259713,259714,259715,1,1
259713,259714,259715,1,1
259713,259714,259715,1,1
259713,259713,259715,2,0
259713,259714,259715,1,1
259713,259714,259715,1,1
259713,259714,259715,1,1
259713,259713,259716,3,0
259713,259715,259716,1,2
259713,259714,259716,2,1
259713,259714,259716,2,1
259713,259714,259716,2,1
259713,259714,259716,2,1
259713,259716,259717,1,3
259713,259716,259717,1,3
259713,259716,259717,1,3
259713,259716,259717,1,3
259713,259716,259717,1,3
259713,259716,259717,1,3
259713,259716,259717,1,3
259713,259716,259717,1,3
259713,259716,259717,1,3
259713,259716,259717,1,3
259713,259716,259717,1,3
259713,259716,259717,1,3
259713,259716,259717,1,3
259713,259716,259717,1,3
259713,259716,259717,1,3
259713,259716,259717,1,3
259713,259716,259717,1,3
259713,259716,259718,2,3
259713,259716,259718,2,3
259713,259717,259718,1,4
259713,259717,259718,1,4
259713,259717,259719,2,4
259713,259718,259719,1,5
259713,259718,259719,1,5
259713,259718,259719,1,5
259713,259718,259719,1,5
259713,259718,259719,1,5
259713,259718,259719,1,5
259713,259718,259720,2,5
259713,259718,259720,2,5
259713,259718,259719,1,5
259713,259718,259720,2,5
259713,259718,259720,2,5
259713,259718,259720,2,5
259713,259719,259721,2,6
259713,259719,259720,1,6
259713,259718,259720,2,5
259713,259718,259720,2,5
259713,259719,259721,2,6
259713,259718,259720,2,5
259713,259718,259720,2,5
259713,259718,259720,2,5
259713,259718,259720,2,5
259713,259720,259721,1,7
259713,259720,259721,1,7
259713,259720,259721,1,7
259713,259720,259721,1,7
259713,259720,259721,1,7
259713,259720,259721,1,7
259713,259720,259722,2,7
259713,259721,259722,1,8
259713,259720,259722,2,7
259713,259720,259721,1,7
259713,259720,259721,1,7
259713,259720,259722,2,7
259713,259721,259723,2,8
259713,259721,259722,1,8
259713,259721,259723,2,8
259713,259722,259723,1,9
259713,259722,259723,1,9
259713,259721,259722,1,8
259713,259722,259723,1,9
259713,259721,259722,1,8
259713,259721,259722,1,8
259713,259722,259723,1,9
259713,259721,259723,2,8
259713,259721,259723,2,8
259713,259721,259723,2,8
259713,259721,259723,2,8
259713,259722,259723,1,9
259713,259722,259723,1,9
259713,259722,259723,1,9
259713,259723,259724,1,10
259713,259722,259723,1,9
259713,259722,259723,1,9
259713,259723,259724,1,10
259713,259723,259724,1,10
259713,259723,259724,1,10
259713,259722,259724,2,9
259713,259723,259724,1,10
259713,259722,259723,1,9
259713,259723,259724,1,10
259713,259723,259724,1,10
259713,259723,259724,1,10
259713,259724,259725,1,11
259713,259723,259724,1,10
259713,259723,259725,2,10
259713,259724,259725,1,11
259713,259724,259725,1,11
259713,259724,259725,1,11
259713,259724,259725,1,11
259713,259723,259724,1,10
259713,259723,259724,1,10
259713,259723,259724,1,10
259713,259723,259724,1,10
259713,259723,259724,1,10
259713,259724,259725,1,11
259713,259724,259725,1,11
259713,259723,259724,1,10
259713,259724,259725,1,11
259713,259724,259725,1,11
259713,259724,259725,1,11
259713,259725,259726,1,12
259713,259725,259726,1,12
259713,259724,259725,1,11
259713,259725,259726,1,12
259713,259725,259726,1,12
259713,259725,259726,1,12
259713,259725,259726,1,12
259713,259724,259726,2,11
259713,259726,259727,1,13
259713,259725,259726,1,12
259713,259725,259726,1,12
259713,259725,259726,1,12
259713,259725,259726,1,12
259713,259726,259727,1,13
259713,259725,259726,1,12
259713,259725,259727,2,12
259713,259725,259726,1,12
259713,259725,259726,1,12
259713,259725,259726,1,12
259713,259725,259727,2,12
259713,259725,259726,1,12
259713,259725,259727,2,12
259713,259725,259727,2,12
259713,259725,259727,2,12
259713,259726,259727,1,13
259713,259726,259728,2,13
259713,259726,259729,3,13
259713,259727,259730,3,14
259713,259727,259730,3,14
259713,259727,259730,3,14
259713,259726,259730,4,13
259713,259726,259730,4,13
259713,259728,259730,2,15
259713,259728,259730,2,15
259713,259727,259730,3,14
259713,259727,259731,4,14
259713,259727,259730,3,14
259713,259727,259731,4,14
259713,259727,259731,4,14
259713,259727,259730,3,14
259713,259728,259730,2,15
259713,259729,259731,2,16
259713,259727,259731,4,14
259713,259727,259731,4,14
259713,259727,259731,4,14
259713,259727,259731,4,14
259713,259727,259731,4,14
259713,259727,259731,4,14
259713,259730,259731,1,17
259713,259728,259731,3,15
259713,259730,259732,2,17
259713,259730,259732,2,17
259713,259731,259732,1,18
259713,259731,259732,1,18
259713,259731,259733,2,18
259713,259731,259733,2,18
259713,259731,259733,2,18
259713,259731,259733,2,18
259713,259731,259733,2,18
259713,259731,259733,2,18
259713,259731,259733,2,18
259713,259731,259733,2,18
259713,259731,259733,2,18
259713,259731,259733,2,18
259713,259731,259733,2,18
259713,259731,259733,2,18
259713,259735,259737,2,22
259713,259735,259737,2,22
259713,259735,259737,2,22
256850,256867,260319,3452,17
260320,260320,260322,2,0
260320,260320,260322,2,0
260320,260320,260322,2,0
260320,260320,260322,2,0
260320,260320,260321,1,0
260320,260320,260322,2,0
260320,260320,260322,2,0
260320,260320,260322,2,0
260320,260320,260322,2,0
260320,260320,260322,2,0
260320,260320,260322,2,0
260320,260320,260322,2,0
260320,260320,260322,2,0
260320,260320,260322,2,0
260320,260320,260323,3,0
260320,260320,260323,3,0
260320,260320,260323,3,0
260320,260320,260323,3,0
260320,260320,260323,3,0
260320,260320,260323,3,0
260320,260320,260323,3,0
260320,260320,260322,2,0
260320,260320,260323,3,0
260320,260320,260323,3,0
260320,260320,260323,3,0
260320,260322,260324,2,2
260320,260322,260324,2,2
260320,260322,260324,2,2
260320,260322,260324,2,2
260320,260322,260324,2,2
260320,260322,260323,1,2
260320,260322,260324,2,2
260320,260322,260324,2,2
260320,260322,260324,2,2
260320,260322,260324,2,2
260320,260322,260324,2,2
260320,260322,260324,2,2
260320,260322,260324,2,2
260320,260322,260324,2,2
260320,260323,260325,2,3
260320,260323,260325,2,3
260320,260323,260325,2,3
260320,260323,260325,2,3
260320,260323,260326,3,3
260320,260323,260326,3,3
260320,260323,260326,3,3
260320,260323,260326,3,3
260320,260323,260326,3,3
260320,260323,260325,2,3
260320,260324,260326,2,4
260320,260324,260326,2,4
260320,260324,260326,2,4
260320,260324,260326,2,4
260320,260324,260326,2,4
260320,260324,260326,2,4
260320,260324,260326,2,4
260320,260324,260326,2,4
260320,260324,260326,2,4
260320,260324,260326,2,4
260320,260325,260326,1,5
260320,260325,260326,1,5
260320,260325,260326,1,5
260320,260324,260326,2,4
260320,260325,260327,2,5
260320,260325,260327,2,5
260320,260324,260327,3,4
260320,260326,260328,2,6
260320,260326,260327,1,6
260320,260327,260328,1,7
260320,260326,260328,2,6
260320,260327,260328,1,7
260320,260327,260328,1,7
260320,260327,260328,1,7
260320,260327,260328,1,7
260320,260327,260328,1,7
260320,260327,260328,1,7
260320,260327,260329,2,7
260320,260327,260328,1,7
260320,260327,260329,2,7
260320,260327,260328,1,7
260320,260327,260328,1,7
260320,260327,260329,2,7
260320,260326,260329,3,6
260320,260327,260329,2,7
260320,260328,260329,1,8
260320,260326,260329,3,6
260320,260327,260329,2,7
260320,260326,260329,3,6
260320,260327,260329,2,7
260320,260328,260329,1,8
260320,260328,260329,1,8
260320,260326,260329,3,6
260320,260328,260329,1,8
260320,260329,260330,1,9
260320,260329,260330,1,9
260320,260329,260330,1,9
260320,260330,260331,1,10
260320,260329,260330,1,9
260320,260330,260331,1,10
260320,260329,260330,1,9
260320,260329,260330,1,9
260320,260329,260330,1,9
260320,260329,260330,1,9
260320,260329,260331,2,9
260320,260330,260331,1,10
260320,260330,260331,1,10
260320,260330,260332,2,10
260320,260330,260331,1,10
260320,260330,260331,1,10
260320,260330,260331,1,10
260320,260330,260331,1,10
260320,260330,260331,1,10
260320,260330,260331,1,10
260320,260330,260331,1,10
260320,260330,260331,1,10
260320,260330,260331,1,10
260320,260329,260332,3,9
260320,260329,260332,3,9
260320,260330,260332,2,10
260320,260331,260332,1,11
260320,260331,260332,1,11
260320,260331,260332,1,11
260320,260331,260332,1,11
260320,260330,260332,2,10
260320,260331,260333,2,11
260320,260331,260333,2,11
260320,260331,260333,2,11
260320,260331,260334,3,11
260320,260332,260334,2,12
260320,260332,260334,2,12
260320,260332,260334,2,12
260320,260332,260334,2,12
260320,260332,260335,3,12
260320,260332,260334,2,12
260320,260332,260334,2,12
260320,260332,260335,3,12
260320,260332,260334,2,12
260320,260332,260334,2,12
260320,260332,260334,2,12
260320,260332,260334,2,12
260320,260333,260334,1,13
260320,260333,260334,1,13
260320,260332,260334,2,12
260320,260333,260334,1,13
260320,260333,260334,1,13
260320,260333,260335,2,13
260320,260333,260335,2,13
260320,260334,260335,1,14
260320,260334,260335,1,14
260320,260332,260335,3,12
260320,260333,260335,2,13
260320,260333,260335,2,13
260320,260334,260335,1,14
260320,260334,260335,1,14
260320,260334,260335,1,14
260320,260335,260336,1,15
260320,260335,260336,1,15
260320,260335,260336,1,15
260320,260335,260336,1,15
260320,260335,260336,1,15
260320,260335,260336,1,15
260320,260335,260336,1,15
260320,260335,260337,2,15
260320,260335,260336,1,15
260320,260335,260336,1,15
260320,260335,260336,1,15
260320,260335,260336,1,15
260320,260335,260336,1,15
260320,260335,260336,1,15
260320,260335,260336,1,15
260320,260335,260336,1,15
260320,260335,260336,1,15
260320,260335,260336,1,15
260320,260336,260337,1,16
260320,260336,260337,1,16
260320,260335,260337,2,15
260320,260336,260338,2,16
260320,260336,260338,2,16
260320,260335,260338,3,15
260320,260337,260339,2,17
260320,260336,260338,2,16
260320,260337,260339,2,17
260320,260337,260339,2,17
260320,260337,260340,3,17
260320,260337,260340,3,17
260320,260337,260340,3,17
260320,260337,260339,2,17
260320,260337,260339,2,17
260320,260337,260339,2,17
260320,260337,260340,3,17
260320,260337,260340,3,17
260320,260337,260340,3,17
260320,260337,260340,3,17
260320,260337,260340,3,17
260320,260337,260339,2,17
255279,255324,260362,5038,45
260364,260364,260365,1,0
260364,260364,260366,2,0
260364,260364,260365,1,0
260364,260364,260366,2,0
260364,260364,260365,1,0
260364,260364,260366,2,0
260364,260364,260366,2,0
260364,260364,260366,2,0
260364,260364,260366,2,0
260364,260364,260367,3,0
260364,260364,260366,2,0
260364,260364,260367,3,0
260364,260364,260366,2,0
260364,260364,260367,3,0
260364,260364,260367,3,0
260364,260364,260367,3,0
260364,260364,260366,2,0
260364,260364,260367,3,0
260364,260364,260366,2,0
260364,260364,260366,2,0
260364,260364,260366,2,0
260364,260364,260366,2,0
260364,260366,260367,1,2
260364,260366,260367,1,2
260364,260366,260367,1,2
260364,260366,260368,2,2
260364,260366,260368,2,2
260364,260366,260367,1,2
260364,260366,260367,1,2
260364,260368,260369,1,4
260364,260367,260368,1,3
260364,260367,260369,2,3
260364,260367,260368,1,3
260364,260367,260369,2,3
260364,260368,260369,1,4
260364,260367,260368,1,3
260364,260367,260368,1,3
260364,260367,260368,1,3
260364,260367,260369,2,3
260364,260367,260369,2,3
260364,260367,260369,2,3
260364,260367,260369,2,3
260364,260367,260369,2,3
260364,260369,260370,1,5
260364,260367,260369,2,3
260364,260367,260370,3,3
260364,260368,260370,2,4
260364,260368,260370,2,4
260364,260367,260370,3,3
260364,260368,260369,1,4
260364,260368,260369,1,4
260364,260368,260369,1,4
260364,260369,260371,2,5
260364,260369,260371,2,5
260364,260369,260371,2,5
260364,260369,260371,2,5
260364,260369,260371,2,5
260364,260369,260371,2,5
260364,260364,260371,7,0
260364,260364,260372,8,0
260364,260364,260371,7,0
260364,260370,260371,1,6
260364,260370,260372,2,6
260364,260370,260372,2,6
260364,260369,260371,2,5
255277,255291,260372,5081,14
260364,260370,260372,2,6
260364,260370,260372,2,6
260364,260370,260372,2,6
260364,260370,260371,1,6
260364,260370,260371,1,6
260364,260371,260372,1,7
260364,260369,260371,2,5
260364,260370,260372,2,6
260364,260370,260371,1,6
260364,260371,260372,1,7
260364,260371,260372,1,7
260364,260369,260372,3,5
260364,260369,260372,3,5
260364,260369,260372,3,5
260364,260372,260373,1,8
260364,260371,260372,1,7
260364,260370,260372,2,6
260364,260371,260372,1,7
260364,260371,260372,1,7
260364,260372,260373,1,8
260364,260372,260374,2,8
260364,260372,260374,2,8
260364,260372,260373,1,8
260364,260372,260373,1,8
260364,260372,260374,2,8
260364,260372,260374,2,8
260364,260372,260374,2,8
260364,260372,260373,1,8
260364,260372,260373,1,8
260364,260372,260374,2,8
260364,260372,260374,2,8
260364,260372,260373,1,8
260364,260372,260374,2,8
260364,260372,260374,2,8
260364,260372,260374,2,8
260364,260372,260374,2,8
260364,260372,260374,2,8
260364,260373,260374,1,9
260364,260373,260374,1,9
260364,260373,260374,1,9
260364,260373,260374,1,9
260364,260373,260375,2,9
260364,260374,260376,2,10
260364,260374,260377,3,10
260364,260375,260377,2,11
260364,260374,260377,3,10
260364,260375,260377,2,11
260364,260374,260377,3,10
260364,260374,260377,3,10
260364,260375,260377,2,11
260364,260374,260377,3,10
260364,260374,260377,3,10
260364,260374,260377,3,10
260364,260375,260377,2,11
260364,260374,260377,3,10
260364,260374,260377,3,10
260364,260374,260377,3,10
260364,260377,260378,1,13
260364,260374,260378,4,10
260364,260374,260377,3,10
260364,260377,260378,1,13
260364,260374,260377,3,10
260364,260374,260378,4,10
260364,260376,260378,2,12
260364,260377,260378,1,13
260364,260372,260378,6,8
260364,260375,260378,3,11
260364,260375,260378,3,11
260364,260375,260378,3,11
260364,260372,260379,7,8
260364,260377,260378,1,13
260364,260377,260379,2,13
260364,260378,260379,1,14
260364,260377,260378,1,13
260364,260377,260379,2,13
260364,260377,260379,2,13
260364,260377,260379,2,13
260364,260377,260379,2,13
260364,260377,260379,2,13
260364,260378,260379,1,14
260364,260377,260379,2,13
260364,260377,260379,2,13
260364,260377,260379,2,13
260364,260378,260379,1,14
260364,260372,260379,7,8
260364,260378,260380,2,14
260364,260378,260380,2,14
260364,260379,260380,1,15
260364,260379,260380,1,15
260364,260379,260380,1,15
260364,260379,260380,1,15
260364,260379,260380,1,15
260364,260379,260381,2,15
260364,260379,260382,3,15
260364,260379,260382,3,15
260364,260379,260382,3,15
260364,260379,260382,3,15
260364,260380,260382,2,16
260364,260379,260382,3,15
260364,260380,260382,2,16
260364,260380,260382,2,16
260364,260380,260382,2,16
260364,260380,260382,2,16
260364,260380,260382,2,16
260364,260380,260382,2,16
260364,260380,260382,2,16
260364,260381,260382,1,17
260364,260379,260383,4,15
260364,260379,260383,4,15
260364,260382,260383,1,18
260364,260380,260383,3,16
260364,260380,260383,3,16
260364,260383,260384,1,19
260364,260383,260384,1,19
260364,260381,260383,2,17
260364,260382,260383,1,18
260364,260383,260384,1,19
260364,260381,260383,2,17
260364,260381,260383,2,17
260364,260381,260383,2,17
260364,260382,260383,1,18
260364,260382,260384,2,18
260373,260383,260384,1,10
260364,260383,260384,1,19
260364,260383,260384,1,19
260364,260383,260384,1,19
260364,260383,260384,1,19
260364,260383,260384,1,19
260364,260383,260384,1,19
260364,260383,260384,1,19
260373,260384,260385,1,11
260364,260383,260384,1,19
260373,260384,260385,1,11
260364,260383,260385,2,19
260373,260384,260385,1,11
260373,260384,260385,1,11
260373,260384,260385,1,11
260373,260384,260385,1,11
260373,260384,260385,1,11
260364,260379,260386,7,15
260364,260379,260385,6,15
260373,260385,260386,1,12
260373,260384,260385,1,11
260373,260384,260385,1,11
260373,260384,260385,1,11
260373,260384,260386,2,11
260373,260385,260386,1,12
260373,260385,260386,1,12
260373,260385,260386,1,12
260373,260385,260386,1,12
260373,260385,260386,1,12
260373,260385,260386,1,12
260373,260385,260386,1,12
260373,260385,260386,1,12
260373,260385,260387,2,12
260364,260380,260387,7,16
260373,260385,260387,2,12
260373,260386,260387,1,13
260373,260386,260387,1,13
260373,260386,260387,1,13
260373,260386,260387,1,13
260373,260386,260388,2,13
260373,260386,260388,2,13
260373,260386,260388,2,13
260373,260387,260388,1,14
260373,260386,260388,2,13
260373,260387,260388,1,14
260373,260387,260388,1,14
260373,260387,260388,1,14
260373,260387,260388,1,14
260373,260388,260389,1,15
260373,260387,260388,1,14
260373,260387,260388,1,14
260373,260386,260388,2,13
260373,260386,260388,2,13
260373,260388,260389,1,15
260373,260388,260389,1,15
260373,260388,260390,2,15
260373,260387,260389,2,14
260373,260387,260389,2,14
260373,260387,260389,2,14
260373,260388,260389,1,15
260373,260388,260390,2,15
260373,260388,260390,2,15
260373,260388,260390,2,15
260373,260389,260390,1,16
260373,260389,260390,1,16
260373,260389,260390,1,16
260373,260389,260390,1,16
260373,260389,260390,1,16
260373,260389,260390,1,16
260373,260389,260390,1,16
260373,260389,260392,3,16
260373,260389,260391,2,16
260373,260389,260392,3,16
260373,260389,260392,3,16
260373,260390,260392,2,17
260373,260390,260392,2,17
260373,260390,260393,3,17
260373,260390,260393,3,17
260373,260391,260393,2,18
260373,260390,260392,2,17
260373,260391,260393,2,18
260373,260391,260393,2,18
260373,260390,260393,3,17
260373,260390,260393,3,17
260373,260390,260393,3,17
260373,260391,260393,2,18
260373,260390,260393,3,17
260373,260392,260394,2,19
260373,260390,260393,3,17
260373,260393,260394,1,20
260373,260391,260393,2,18
260373,260391,260393,2,18
260373,260393,260394,1,20
260373,260391,260393,2,18
260373,260393,260394,1,20
260373,260393,260394,1,20
260373,260392,260394,2,19
260373,260392,260394,2,19
260373,260392,260394,2,19
260373,260393,260394,1,20
260373,260386,260395,9,13
260373,260394,260395,1,21
260373,260393,260394,1,20
260373,260394,260395,1,21
260373,260393,260394,1,20
260373,260386,260395,9,13
260373,260386,260394,8,13
260373,260393,260394,1,20
260373,260393,260394,1,20
260373,260393,260394,1,20
260373,260394,260395,1,21
260373,260394,260396,2,21
260373,260394,260395,1,21
260373,260394,260396,2,21
260373,260394,260396,2,21
260373,260394,260396,2,21
260373,260394,260395,1,21
260373,260394,260395,1,21
260373,260394,260395,1,21
260373,260394,260396,2,21
260373,260394,260396,2,21
260373,260395,260397,2,22
260373,260394,260397,3,21
260373,260394,260397,3,21
260373,260395,260397,2,22
260373,260395,260397,2,22
260373,260395,260398,3,22
260373,260395,260398,3,22
260373,260395,260398,3,22
260373,260395,260398,3,22
260373,260395,260398,3,22
260373,260397,260399,2,24
260373,260387,260398,11,14
260373,260396,260399,3,23
260373,260396,260398,2,23
260373,260396,260399,3,23
260373,260396,260399,3,23
260373,260396,260399,3,23
260373,260396,260399,3,23
260373,260396,260398,2,23
260373,260396,260399,3,23
260373,260398,260400,2,25
260373,260398,260400,2,25
260373,260398,260400,2,25
260373,260399,260400,1,26
260373,260398,260400,2,25
260373,260398,260400,2,25
260373,260396,260399,3,23
260373,260396,260399,3,23
260373,260396,260400,4,23
260373,260396,260400,4,23
260373,260399,260400,1,26
260373,260398,260400,2,25
260373,260399,260400,1,26
260373,260399,260400,1,26
260373,260398,260399,1,25
260373,260396,260399,3,23
260373,260398,260400,2,25
260373,260398,260400,2,25
260373,260400,260401,1,27
260373,260399,260400,1,26
260373,260399,260400,1,26
260373,260400,260401,1,27
260373,260399,260401,2,26
260373,260399,260401,2,26
260373,260400,260401,1,27
260373,260400,260401,1,27
260373,260399,260400,1,26
260373,260399,260400,1,26
260373,260400,260401,1,27
260373,260400,260401,1,27
260373,260400,260401,1,27
260373,260400,260402,2,27
260373,260400,260402,2,27
260373,260400,260402,2,27
260373,260400,260402,2,27
260373,260400,260402,2,27
260373,260400,260402,2,27
260373,260401,260402,1,28
260373,260401,260403,2,28
260373,260400,260403,3,27
260373,260401,260403,2,28
260373,260401,260403,2,28
260373,260401,260403,2,28
260373,260401,260404,3,28
260373,260401,260404,3,28
260373,260401,260404,3,28
260373,260401,260404,3,28
260373,260401,260404,3,28
260373,260402,260404,2,29
260373,260402,260404,2,29
260373,260395,260405,10,22
260373,260402,260404,2,29
260373,260403,260405,2,30
260373,260402,260405,3,29
260373,260402,260405,3,29
260373,260401,260405,4,28
260373,260401,260405,4,28
260373,260403,260406,3,30
260373,260404,260405,1,31
260373,260404,260406,2,31
260373,260404,260405,1,31
260373,260403,260405,2,30
260373,260403,260405,2,30
260373,260402,260405,3,29
260373,260402,260405,3,29
260373,260402,260405,3,29
260373,260402,260405,3,29
260373,260403,260405,2,30
255483,255501,260410,4909,18
260416,260416,260419,3,0
260416,260416,260418,2,0
260416,260416,260419,3,0
260416,260416,260419,3,0
260416,260416,260419,3,0
260416,260416,260419,3,0
260416,260416,260419,3,0
260416,260416,260419,3,0
260416,260416,260419,3,0
260416,260416,260420,4,0
260416,260416,260420,4,0
260416,260416,260420,4,0
260416,260416,260419,3,0
260416,260416,260420,4,0
260416,260416,260420,4,0
260416,260416,260419,3,0
260416,260416,260420,4,0
260416,260416,260420,4,0
260416,260416,260420,4,0
260416,260416,260420,4,0
260416,260417,260420,3,1
260416,260417,260420,3,1
260416,260420,260421,1,4
260416,260419,260421,2,3
260416,260419,260421,2,3
260416,260419,260421,2,3
260416,260419,260421,2,3
260416,260419,260421,2,3
260416,260419,260421,2,3
260416,260419,260422,3,3
260416,260421,260422,1,5
260416,260421,260422,1,5
260416,260421,260422,1,5
260416,260421,260422,1,5
260416,260420,260422,2,4
260416,260421,260423,2,5
260416,260421,260422,1,5
260416,260421,260422,1,5
260416,260422,260423,1,6
260416,260420,260423,3,4
260416,260421,260423,2,5
260416,260422,260423,1,6
260416,260422,260423,1,6
260416,260421,260423,2,5
260416,260422,260423,1,6
260416,260422,260423,1,6
260416,260422,260423,1,6
260416,260421,260423,2,5
260416,260421,260423,2,5
260416,260421,260423,2,5
260416,260422,260424,2,6
260416,260416,260425,9,0
260416,260423,260425,2,7
260416,260423,260425,2,7
260416,260423,260426,3,7
260416,260423,260426,3,7
260416,260424,260426,2,8
260416,260424,260426,2,8
260416,260416,260426,10,0
260416,260424,260427,3,8
260416,260423,260426,3,7
260416,260424,260426,2,8
260416,260424,260426,2,8
260416,260424,260426,2,8
260416,260424,260426,2,8
260416,260426,260427,1,10
260416,260423,260426,3,7
260416,260423,260426,3,7
260416,260424,260426,2,8
260416,260423,260426,3,7
260416,260423,260426,3,7
260416,260424,260426,2,8
260416,260424,260426,2,8
260416,260424,260426,2,8
260416,260425,260426,1,9
260416,260424,260427,3,8
260416,260427,260428,1,11
260416,260426,260428,2,10
260416,260426,260428,2,10
260416,260427,260428,1,11
260416,260427,260428,1,11
260416,260427,260428,1,11
260416,260427,260428,1,11
260416,260427,260428,1,11
260416,260427,260428,1,11
260416,260427,260428,1,11
260416,260427,260428,1,11
260416,260427,260429,2,11
260416,260427,260429,2,11
260416,260427,260429,2,11
260416,260427,260429,2,11
260416,260418,260429,11,2
260416,260427,260429,2,11
260416,260427,260429,2,11
260416,260427,260429,2,11
260416,260428,260430,2,12
260416,260427,260429,2,11
260416,260427,260429,2,11
260416,260427,260429,2,11
260416,260429,260430,1,13
260416,260429,260430,1,13
260416,260428,260430,2,12
260416,260428,260430,2,12
260416,260429,260430,1,13
260416,260429,260430,1,13
260416,260429,260430,1,13
260416,260429,260430,1,13
260416,260429,260431,2,13
260416,260429,260431,2,13
260416,260429,260431,2,13
260416,260429,260431,2,13
260416,260430,260431,1,14
260416,260429,260431,2,13
260416,260430,260431,1,14
260416,260430,260432,2,14
260416,260429,260431,2,13
260416,260430,260431,1,14
260416,260429,260431,2,13
260416,260430,260431,1,14
260416,260430,260432,2,14
260416,260430,260432,2,14
260416,260431,260432,1,15
260416,260431,260432,1,15
260416,260431,260432,1,15
260416,260431,260432,1,15
260416,260431,260432,1,15
260416,260431,260432,1,15
260416,260431,260433,2,15
260416,260431,260433,2,15
260416,260431,260433,2,15
260416,260431,260433,2,15
260416,260431,260433,2,15
260416,260432,260434,2,16
260416,260426,260435,9,10
260416,260432,260435,3,16
260416,260432,260435,3,16
260416,260432,260435,3,16
260416,260432,260435,3,16
260416,260432,260435,3,16
260416,260432,260435,3,16
260416,260432,260435,3,16
260416,260432,260435,3,16
260416,260433,260435,2,17
260416,260433,260435,2,17
260416,260433,260436,3,17
260416,260433,260436,3,17
260416,260432,260435,3,16
260416,260432,260435,3,16
260416,260427,260436,9,11
260416,260433,260436,3,17
260416,260433,260437,4,17
260416,260433,260437,4,17
260416,260433,260437,4,17
260416,260433,260437,4,17
260416,260434,260437,3,18
260416,260434,260437,3,18
260416,260436,260438,2,20
260416,260436,260438,2,20
260416,260434,260438,4,18
260416,260435,260438,3,19
260416,260435,260438,3,19
260416,260435,260438,3,19
260416,260435,260438,3,19
260416,260435,260438,3,19
260416,260435,260438,3,19
260416,260430,260438,8,14
260416,260437,260438,1,21
260416,260436,260439,3,20
260416,260436,260439,3,20
260416,260436,260438,2,20
260416,260437,260438,1,21
260416,260437,260439,2,21
260416,260437,260439,2,21
260416,260437,260439,2,21
260416,260436,260439,3,20
260416,260436,260439,3,20
260416,260437,260439,2,21
260416,260436,260439,3,20
260416,260438,260440,2,22
260416,260438,260439,1,22
260416,260438,260439,1,22
260416,260438,260440,2,22
260416,260438,260440,2,22
260416,260438,260440,2,22
260416,260439,260440,1,23
260416,260439,260440,1,23
260416,260439,260441,2,23
260416,260439,260440,1,23
260416,260439,260440,1,23
260416,260439,260441,2,23
260416,260439,260441,2,23
260416,260439,260440,1,23
260416,260439,260440,1,23
260416,260439,260441,2,23
260416,260439,260441,2,23
260416,260439,260441,2,23
260416,260435,260442,7,19
260416,260440,260441,1,24
260416,260437,260443,6,21
260416,260439,260447,8,23
257040,257059,260622,3563,19
260624,260624,260625,1,0
260624,260624,260625,1,0
260624,260624,260625,1,0
260624,260624,260625,1,0
260624,260624,260625,1,0
260624,260624,260625,1,0
260624,260624,260625,1,0
260624,260624,260626,2,0
260624,260624,260626,2,0
260624,260624,260625,1,0
260624,260624,260626,2,0
260624,260624,260626,2,0
260624,260624,260626,2,0
260624,260624,260626,2,0
260624,260624,260626,2,0
260624,260624,260626,2,0
260624,260624,260626,2,0
260624,260624,260626,2,0
260624,260624,260626,2,0
260624,260625,260629,4,1
260624,260625,260629,4,1
260624,260624,260628,4,0
260624,260624,260628,4,0
260624,260624,260628,4,0
260624,260626,260628,2,2
260624,260626,260629,3,2
260624,260626,260629,3,2
260624,260626,260629,3,2
260624,260626,260629,3,2
260624,260624,260629,5,0
260624,260625,260629,4,1
260624,260625,260629,4,1
260624,260626,260629,3,2
260624,260626,260629,3,2
260624,260626,260629,3,2
260624,260626,260629,3,2
260624,260626,260629,3,2
260624,260626,260629,3,2
260624,260626,260629,3,2
260624,260626,260630,4,2
260624,260627,260630,3,3
260624,260627,260630,3,3
260624,260626,260630,4,2
260624,260626,260630,4,2
260624,260629,260630,1,5
260624,260629,260631,2,5
260624,260629,260631,2,5
260624,260629,260631,2,5
260624,260629,260631,2,5
260624,260627,260630,3,3
260624,260627,260630,3,3
260624,260629,260631,2,5
260624,260629,260631,2,5
260624,260629,260631,2,5
260624,260629,260631,2,5
260624,260629,260631,2,5
260624,260630,260632,2,6
260624,260630,260632,2,6
260624,260629,260631,2,5
260624,260630,260631,1,6
260624,260630,260631,1,6
260624,260630,260631,1,6
260624,260630,260632,2,6
260624,260630,260632,2,6
260624,260630,260632,2,6
260624,260630,260632,2,6
260624,260630,260632,2,6
260624,260630,260633,3,6
260624,260631,260632,1,7
260624,260631,260633,2,7
260624,260631,260632,1,7
260624,260631,260633,2,7
260624,260631,260633,2,7
260624,260631,260633,2,7
260624,260631,260633,2,7
260624,260631,260633,2,7
260624,260630,260633,3,6
260624,260630,260633,3,6
260624,260630,260633,3,6
260624,260631,260633,2,7
260624,260632,260634,2,8
260624,260632,260634,2,8
260624,260632,260634,2,8
260624,260633,260634,1,9
260624,260632,260633,1,8
260624,260632,260633,1,8
260624,260632,260633,1,8
260624,260632,260633,1,8
260624,260631,260634,3,7
260624,260631,260633,2,7
260624,260632,260634,2,8
260624,260632,260634,2,8
260624,260632,260634,2,8
260624,260633,260634,1,9
260624,260633,260634,1,9
260624,260633,260634,1,9
260624,260633,260634,1,9
260624,260633,260634,1,9
260624,260632,260635,3,8
260624,260633,260635,2,9
260624,260633,260635,2,9
260624,260634,260635,1,10
260624,260633,260635,2,9
260624,260633,260635,2,9
260624,260633,260635,2,9
260624,260634,260635,1,10
260624,260634,260635,1,10
260624,260634,260635,1,10
260624,260634,260635,1,10
260624,260634,260636,2,10
260624,260634,260636,2,10
260624,260634,260635,1,10
260624,260634,260635,1,10
260624,260634,260635,1,10
260624,260634,260636,2,10
260624,260635,260636,1,11
260624,260634,260636,2,10
260624,260634,260636,2,10
260624,260634,260636,2,10
260624,260634,260636,2,10
260624,260634,260636,2,10
260624,260634,260636,2,10
260624,260635,260636,1,11
260624,260635,260636,1,11
260624,260635,260637,2,11
260624,260635,260637,2,11
260624,260635,260637,2,11
260624,260635,260637,2,11
260624,260635,260637,2,11
260624,260636,260637,1,12
260624,260636,260637,1,12
260624,260636,260637,1,12
260624,260636,260637,1,12
260624,260636,260637,1,12
260624,260636,260637,1,12
260624,260636,260638,2,12
260624,260636,260638,2,12
260624,260635,260637,2,11
260624,260636,260638,2,12
260624,260636,260638,2,12
260624,260636,260638,2,12
260624,260636,260638,2,12
260624,260637,260638,1,13
260624,260638,260639,1,14
260624,260637,260638,1,13
260624,260637,260638,1,13
260624,260637,260638,1,13
260624,260637,260638,1,13
260624,260637,260639,2,13
260624,260637,260639,2,13
260624,260637,260639,2,13
260624,260637,260639,2,13
260624,260636,260639,3,12
260624,260636,260639,3,12
260624,260637,260639,2,13
260624,260638,260639,1,14
260624,260639,260640,1,15
260624,260639,260640,1,15
260624,260638,260639,1,14
260624,260638,260639,1,14
260624,260638,260639,1,14
260624,260638,260639,1,14
260624,260637,260639,2,13
260624,260638,260639,1,14
260624,260638,260640,2,14
260624,260638,260640,2,14
260624,260638,260639,1,14
260624,260638,260640,2,14
260624,260638,260640,2,14
260624,260638,260640,2,14
260624,260639,260640,1,15
260624,260639,260640,1,15
260624,260639,260640,1,15
260624,260639,260640,1,15
260624,260640,260641,1,16
260624,260640,260641,1,16
260624,260638,260640,2,14
260624,260639,260641,2,15
260624,260639,260641,2,15
260624,260639,260640,1,15
260624,260640,260641,1,16
260624,260640,260641,1,16
260624,260640,260641,1,16
260624,260640,260641,1,16
260624,260641,260642,1,17
260624,260640,260641,1,16
260624,260640,260642,2,16
260624,260640,260642,2,16
260624,260640,260642,2,16
260624,260640,260642,2,16
260624,260640,260642,2,16
260624,260641,260642,1,17
260624,260641,260642,1,17
260624,260640,260641,1,16
260624,260640,260642,2,16
260624,260640,260642,2,16
260624,260640,260642,2,16
260624,260640,260642,2,16
260624,260641,260642,1,17
260624,260641,260642,1,17
260626,260642,260643,1,16
260626,260642,260643,1,16
260626,260642,260643,1,16
260626,260641,260643,2,15
260626,260641,260643,2,15
260626,260642,260643,1,16
260626,260642,260643,1,16
260626,260642,260643,1,16
260626,260642,260643,1,16
260626,260642,260643,1,16
260626,260642,260644,2,16
260626,260642,260644,2,16
260626,260642,260644,2,16
260626,260642,260644,2,16
260626,260641,260643,2,15
260626,260643,260644,1,17
260626,260643,260644,1,17
260626,260641,260644,3,15
260626,260643,260644,1,17
260626,260643,260644,1,17
260626,260643,260644,1,17
260626,260643,260644,1,17
260626,260643,260644,1,17
260626,260643,260644,1,17
260626,260644,260645,1,18
260626,260643,260644,1,17
260626,260644,260645,1,18
260626,260644,260646,2,18
260626,260643,260645,2,17
260626,260644,260645,1,18
260626,260644,260645,1,18
260626,260644,260645,1,18
260626,260644,260645,1,18
260626,260644,260645,1,18
260626,260644,260646,2,18
260626,260644,260646,2,18
260626,260644,260646,2,18
260626,260644,260646,2,18
260626,260645,260647,2,19
260626,260645,260647,2,19
260626,260644,260646,2,18
260626,260645,260646,1,19
260626,260645,260646,1,19
260626,260645,260647,2,19
260626,260645,260647,2,19
260626,260645,260646,1,19
260626,260645,260646,1,19
260626,260645,260646,1,19
260626,260642,260646,4,16
260626,260642,260647,5,16
260626,260644,260647,3,18
260626,260645,260647,2,19
260626,260646,260647,1,20
260626,260646,260647,1,20
260626,260646,260647,1,20
260626,260646,260647,1,20
260626,260646,260647,1,20
260626,260646,260647,1,20
260626,260646,260648,2,20
260626,260647,260650,3,21
260626,260647,260650,3,21
260626,260646,260650,4,20
260626,260646,260650,4,20
260626,260647,260650,3,21
260626,260647,260650,3,21
260626,260648,260651,3,22
260626,260647,260650,3,21
260626,260648,260650,2,22
260626,260646,260650,4,20
260626,260647,260650,3,21
260626,260647,260650,3,21
260626,260649,260651,2,23
260626,260647,260651,4,21
260626,260647,260650,3,21
260626,260648,260651,3,22
260626,260647,260651,4,21
260626,260648,260651,3,22
260626,260646,260651,5,20
260626,260646,260651,5,20
260626,260650,260651,1,24
260626,260650,260651,1,24
260626,260648,260651,3,22
260626,260647,260651,4,21
260626,260648,260651,3,22
260626,260648,260651,3,22
260626,260651,260652,1,25
260626,260650,260651,1,24
260626,260651,260652,1,25
260626,260651,260652,1,25
260626,260650,260651,1,24
260626,260651,260652,1,25
260626,260651,260652,1,25
260626,260651,260652,1,25
260626,260651,260653,2,25
260626,260651,260653,2,25
260626,260651,260653,2,25
260626,260651,260652,1,25
260626,260651,260653,2,25
260626,260652,260653,1,26
260626,260652,260653,1,26
260626,260652,260653,1,26
260626,260652,260653,1,26
260626,260652,260653,1,26
260626,260652,260653,1,26
260626,260652,260653,1,26
260626,260652,260653,1,26
260626,260652,260653,1,26
260626,260652,260654,2,26
260626,260652,260654,2,26
260626,260652,260654,2,26
260626,260652,260654,2,26
260626,260652,260654,2,26
260626,260652,260654,2,26
260626,260652,260654,2,26
260626,260652,260654,2,26
260626,260653,260655,2,27
260626,260652,260654,2,26
260626,260653,260656,3,27
260626,260653,260656,3,27
260626,260653,260656,3,27
260626,260654,260656,2,28
260626,260654,260657,3,28
260626,260654,260657,3,28
260626,260654,260656,2,28
260626,260654,260657,3,28
260626,260654,260656,2,28
260626,260654,260657,3,28
260626,260654,260656,2,28
260626,260654,260657,3,28
260626,260655,260657,2,29
260626,260654,260657,3,28
260626,260654,260657,3,28
260626,260654,260657,3,28
260626,260654,260657,3,28
260626,260653,260657,4,27
260626,260653,260657,4,27
260626,260647,260657,10,21
260626,260656,260657,1,30
260626,260654,260657,3,28
260626,260654,260657,3,28
260626,260655,260657,2,29
260626,260655,260657,2,29
260626,260654,260658,4,28
260626,260647,260657,10,21
260626,260656,260657,1,30
260626,260657,260658,1,31
260626,260657,260658,1,31
260626,260657,260658,1,31
260626,260657,260658,1,31
260626,260657,260658,1,31
260626,260657,260658,1,31
260626,260658,260659,1,32
260626,260658,260659,1,32
260626,260658,260659,1,32
260626,260658,260659,1,32
260626,260657,260659,2,31
260626,260657,260659,2,31
260626,260657,260659,2,31
260626,260657,260659,2,31
260626,260657,260659,2,31
260626,260658,260659,1,32
260626,260658,260659,1,32
260626,260658,260659,1,32
260626,260658,260659,1,32
260626,260657,260659,2,31
260626,260657,260659,2,31
260626,260658,260660,2,32
260626,260658,260661,3,32
260626,260658,260661,3,32
260626,260659,260661,2,33
260626,260659,260661,2,33
260626,260659,260662,3,33
260626,260659,260662,3,33
260626,260659,260661,2,33
260626,260660,260662,2,34
260626,260660,260663,3,34
260626,260660,260662,2,34
260626,260659,260662,3,33
260626,260659,260662,3,33
260626,260659,260662,3,33
260626,260659,260662,3,33
260626,260661,260662,1,35
260626,260662,260663,1,36
260626,260660,260662,2,34
260626,260660,260662,2,34
260626,260660,260662,2,34
260626,260659,260662,3,33
260626,260660,260663,3,34
260626,260662,260663,1,36
260626,260662,260663,1,36
260628,260662,260663,1,34
260628,260662,260663,1,34
260626,260660,260663,3,34
260626,260660,260663,3,34
260626,260660,260663,3,34
260626,260659,260663,4,33
260626,260660,260663,3,34
260626,260662,260663,1,36
260628,260663,260664,1,35
260628,260663,260664,1,35
260628,260663,260664,1,35
260628,260663,260664,1,35
260628,260663,260664,1,35
260628,260663,260664,1,35
260628,260663,260664,1,35
260628,260663,260664,1,35
260628,260662,260664,2,34
260628,260662,260664,2,34
260628,260662,260664,2,34
260628,260663,260664,1,35
260628,260663,260664,1,35
260628,260664,260665,1,36
260628,260663,260664,1,35
260628,260663,260664,1,35
260628,260663,260664,1,35
260628,260663,260664,1,35
260628,260663,260664,1,35
260628,260664,260665,1,36
260628,260663,260665,2,35
260628,260664,260665,1,36
260628,260664,260665,1,36
260628,260664,260665,1,36
260628,260664,260665,1,36
260628,260664,260667,3,36
260628,260664,260666,2,36
260628,260664,260667,3,36
260628,260664,260667,3,36
260628,260665,260667,2,37
260628,260665,260668,3,37
260628,260665,260667,2,37
260628,260665,260667,2,37
260628,260665,260668,3,37
260628,260665,260668,3,37
260628,260665,260668,3,37
260628,260665,260668,3,37
260628,260666,260668,2,38
260628,260666,260668,2,38
260628,260665,260668,3,37
260628,260665,260668,3,37
260628,260666,260669,3,38
260628,260666,260668,2,38
260628,260665,260668,3,37
260628,260665,260668,3,37
260628,260666,260669,3,38
260628,260667,260669,2,39
260628,260665,260668,3,37
260628,260665,260668,3,37
260628,260666,260668,2,38
260628,260668,260669,1,40
260628,260668,260669,1,40
260628,260667,260668,1,39
260628,260667,260668,1,39
260626,260657,260669,12,31
260626,260658,260669,11,32
260628,260668,260669,1,40
260628,260668,260669,1,40
260628,260668,260669,1,40
260628,260668,260669,1,40
260628,260668,260669,1,40
260628,260668,260669,1,40
260628,260668,260669,1,40
260628,260668,260669,1,40
260628,260669,260670,1,41
260628,260669,260670,1,41
260628,260669,260670,1,41
260628,260669,260671,2,41
260628,260669,260671,2,41
260628,260669,260671,2,41
260628,260669,260671,2,41
260628,260669,260671,2,41
260628,260669,260671,2,41
260628,260670,260671,1,42
260628,260669,260671,2,41
260628,260669,260670,1,41
260628,260669,260670,1,41
260628,260669,260671,2,41
260628,260669,260671,2,41
260628,260670,260671,1,42
260628,260670,260671,1,42
260628,260670,260672,2,42
260628,260669,260671,2,41
260628,260670,260671,1,42
260628,260669,260672,3,41
260628,260670,260672,2,42
260628,260670,260673,3,42
260628,260670,260673,3,42
260628,260671,260674,3,43
260628,260671,260674,3,43
260628,260671,260674,3,43
260628,260670,260674,4,42
260628,260673,260674,1,45
260628,260671,260674,3,43
260628,260671,260674,3,43
260628,260671,260674,3,43
260628,260672,260674,2,44
260628,260672,260674,2,44
260628,260671,260674,3,43
260628,260672,260675,3,44
260628,260673,260675,2,45
260628,260671,260674,3,43
260628,260671,260674,3,43
260628,260671,260674,3,43
260628,260671,260675,4,43
260628,260671,260675,4,43
260628,260671,260675,4,43
260628,260671,260675,4,43
260628,260672,260675,3,44
260628,260672,260675,3,44
260628,260673,260675,2,45
260628,260672,260675,3,44
260628,260674,260676,2,46
260628,260674,260676,2,46
260628,260674,260676,2,46
260628,260674,260675,1,46
260628,260674,260675,1,46
260628,260675,260676,1,47
260628,260675,260676,1,47
260628,260675,260677,2,47
260628,260675,260676,1,47
260628,260675,260676,1,47
260628,260675,260676,1,47
260628,260675,260676,1,47
260628,260675,260677,2,47
260628,260675,260677,2,47
260628,260675,260677,2,47
260628,260676,260677,1,48
260628,260676,260677,1,48
260628,260676,260677,1,48
260628,260670,260678,8,42
260628,260675,260677,2,47
260628,260675,260677,2,47
260628,260676,260678,2,48
260628,260675,260677,2,47
260628,260676,260678,2,48
260628,260676,260678,2,48
260628,260676,260678,2,48
260628,260677,260678,1,49
260628,260677,260678,1,49
260628,260677,260678,1,49
260628,260677,260678,1,49
260628,260677,260678,1,49
260628,260677,260678,1,49
260628,260670,260679,9,42
260628,260677,260679,2,49
260628,260677,260679,2,49
260628,260677,260679,2,49
260628,260677,260679,2,49
260628,260677,260679,2,49
260628,260678,260680,2,50
260628,260678,260680,2,50
260628,260679,260680,1,51
260628,260679,260680,1,51
260628,260678,260679,1,50
260628,260679,260680,1,51
260628,260677,260679,2,49
260628,260678,260680,2,50
260628,260678,260680,2,50
260628,260677,260680,3,49
260628,260677,260679,2,49
260628,260678,260680,2,50
260628,260678,260680,2,50
260628,260678,260680,2,50
260628,260679,260681,2,51
260628,260679,260681,2,51
260628,260680,260681,1,52
260628,260679,260680,1,51
260628,260679,260680,1,51
260628,260679,260680,1,51
260628,260680,260681,1,52
260628,260679,260680,1,51
260628,260679,260680,1,51
260628,260679,260680,1,51
260628,260679,260680,1,51
260628,260679,260681,2,51
260628,260680,260682,2,52
260628,260680,260681,1,52
260628,260680,260681,1,52
260628,260680,260681,1,52
260628,260680,260682,2,52
260628,260680,260682,2,52
260628,260680,260682,2,52
260628,260680,260682,2,52
260628,260680,260682,2,52
260628,260680,260682,2,52
260628,260680,260682,2,52
260628,260680,260682,2,52
260628,260681,260683,2,53
260628,260681,260682,1,53
260628,260681,260682,1,53
260628,260681,260682,1,53
260628,260681,260682,1,53
260628,260681,260682,1,53
260628,260681,260682,1,53
260628,260681,260683,2,53
260628,260678,260684,6,50
260628,260679,260685,6,51
256910,256928,260707,3779,18
260709,260709,260710,1,0
260709,260709,260710,1,0
260709,260709,260710,1,0
260709,260709,260710,1,0
260709,260709,260710,1,0
260709,260709,260710,1,0
260709,260709,260710,1,0
260709,260709,260711,2,0
260709,260709,260710,1,0
260709,260709,260710,1,0
260709,260709,260711,2,0
260709,260709,260711,2,0
260709,260709,260711,2,0
260709,260709,260711,2,0
260709,260709,260711,2,0
260709,260709,260711,2,0
260709,260709,260711,2,0
260709,260710,260711,1,1
260709,260710,260711,1,1
260709,260709,260711,2,0
260709,260710,260711,1,1
260709,260710,260711,1,1
260709,260710,260711,1,1
260709,260709,260711,2,0
260709,260709,260712,3,0
260709,260709,260711,2,0
260709,260709,260712,3,0
260709,260711,260712,1,2
260709,260711,260712,1,2
260709,260711,260712,1,2
260709,260711,260712,1,2
260709,260711,260713,2,2
260709,260712,260714,2,3
260709,260712,260714,2,3
260709,260712,260714,2,3
260709,260712,260713,1,3
260709,260712,260713,1,3
260709,260711,260714,3,2
260709,260711,260714,3,2
260709,260711,260714,3,2
260709,260711,260714,3,2
260709,260711,260713,2,2
260709,260712,260714,2,3
260709,260713,260714,1,4
260709,260713,260714,1,4
260709,260711,260714,3,2
260709,260712,260715,3,3
260709,260713,260714,1,4
260709,260713,260715,2,4
260709,260712,260714,2,3
260709,260712,260714,2,3
260709,260713,260715,2,4
260709,260712,260715,3,3
260709,260712,260715,3,3
260709,260709,260715,6,0
260709,260709,260716,7,0
260709,260714,260715,1,5
260709,260714,260715,1,5
260709,260714,260715,1,5
260709,260715,260716,1,6
260709,260714,260715,1,5
260709,260714,260715,1,5
260709,260715,260716,1,6
260709,260715,260717,2,6
260709,260715,260716,1,6
260709,260715,260716,1,6
260709,260715,260716,1,6
260709,260715,260716,1,6
260709,260715,260717,2,6
260709,260715,260717,2,6
260709,260709,260716,7,0
260709,260715,260717,2,6
260709,260715,260717,2,6
260709,260715,260717,2,6
260709,260716,260718,2,7
260709,260716,260717,1,7
260709,260716,260717,1,7
260709,260716,260717,1,7
260709,260716,260718,2,7
260709,260716,260717,1,7
260709,260716,260717,1,7
260709,260714,260717,3,5
260709,260715,260717,2,6
260709,260715,260717,2,6
260709,260715,260717,2,6
260709,260715,260718,3,6
260709,260717,260718,1,8
260709,260717,260718,1,8
260709,260717,260719,2,8
260709,260717,260719,2,8
260709,260717,260719,2,8
260709,260717,260719,2,8
260709,260717,260719,2,8
260709,260718,260719,1,9
260709,260718,260720,2,9
260709,260718,260719,1,9
260709,260718,260719,1,9
260709,260718,260719,1,9
260709,260718,260720,2,9
260709,260718,260720,2,9
260709,260718,260720,2,9
260709,260718,260720,2,9
260709,260718,260720,2,9
260709,260719,260721,2,10
260709,260719,260720,1,10
260709,260720,260721,1,11
260709,260718,260720,2,9
260709,260718,260721,3,9
260709,260718,260721,3,9
260709,260718,260721,3,9
260709,260720,260721,1,11
260709,260720,260722,2,11
260709,260720,260722,2,11
260709,260720,260722,2,11
260709,260716,260721,5,7
260709,260719,260721,2,10
260709,260719,260721,2,10
260709,260719,260721,2,10
260709,260720,260721,1,11
260709,260720,260721,1,11
260709,260720,260721,1,11
260709,260720,260721,1,11
260709,260720,260722,2,11
260709,260720,260722,2,11
260709,260721,260723,2,12
260709,260720,260723,3,11
260709,260721,260723,2,12
260709,260721,260723,2,12
260709,260721,260723,2,12
260709,260722,260723,1,13
260709,260722,260724,2,13
260709,260722,260724,2,13
260709,260722,260724,2,13
260709,260722,260724,2,13
260709,260722,260724,2,13
260709,260722,260724,2,13
260709,260722,260724,2,13
260709,260722,260724,2,13
260709,260722,260725,3,13
260709,260722,260724,2,13
260709,260722,260724,2,13
260709,260722,260725,3,13
260709,260722,260724,2,13
260709,260723,260725,2,14
260709,260716,260724,8,7
260709,260717,260725,8,8
260709,260722,260725,3,13
260709,260722,260724,2,13
260709,260723,260725,2,14
260709,260723,260725,2,14
260709,260722,260725,3,13
260709,260724,260725,1,15
260709,260724,260725,1,15
260709,260724,260725,1,15
260709,260724,260725,1,15
260709,260724,260725,1,15
260709,260724,260726,2,15
260709,260724,260726,2,15
260709,260723,260726,3,14
260709,260725,260726,1,16
260709,260725,260727,2,16
260709,260725,260727,2,16
260709,260725,260727,2,16
260709,260725,260726,1,16
260709,260725,260726,1,16
260709,260726,260727,1,17
260709,260726,260727,1,17
260709,260725,260727,2,16
260709,260725,260727,2,16
260709,260725,260728,3,16
260709,260726,260728,2,17
260709,260725,260727,2,16
260709,260726,260728,2,17
260709,260725,260727,2,16
260709,260725,260728,3,16
260709,260726,260728,2,17
260709,260726,260728,2,17
260709,260727,260729,2,18
260709,260726,260728,2,17
260709,260727,260729,2,18
260709,260727,260729,2,18
260709,260727,260729,2,18
260709,260727,260729,2,18
260709,260728,260729,1,19
260709,260728,260729,1,19
260709,260728,260730,2,19
260709,260727,260729,2,18
260709,260727,260730,3,18
260709,260727,260730,3,18
260709,260729,260730,1,20
260709,260727,260730,3,18
260709,260728,260730,2,19
260709,260728,260730,2,19
260709,260728,260730,2,19
260709,260728,260730,2,19
260709,260725,260731,6,16
260709,260725,260732,7,16
260709,260728,260733,5,19
260709,260727,260733,6,18
257427,257440,261129,3689,13
261131,261131,261133,2,0
261131,261131,261133,2,0
261131,261131,261133,2,0
261131,261131,261133,2,0
261131,261131,261133,2,0
261131,261131,261134,3,0
261131,261131,261134,3,0
261131,261131,261133,2,0
261131,261131,261134,3,0
261131,261131,261134,3,0
261131,261131,261133,2,0
261131,261131,261133,2,0
261131,261131,261133,2,0
261131,261131,261133,2,0
261131,261131,261134,3,0
261131,261131,261133,2,0
261131,261131,261134,3,0
261131,261131,261134,3,0
261131,261131,261134,3,0
261131,261131,261135,4,0
261131,261131,261135,4,0
261131,261133,261135,2,2
261131,261133,261135,2,2
261131,261133,261135,2,2
261131,261133,261135,2,2
261131,261133,261135,2,2
261131,261131,261134,3,0
261131,261131,261134,3,0
261131,261131,261134,3,0
261131,261131,261135,4,0
261131,261134,261136,2,3
261131,261134,261136,2,3
261131,261134,261136,2,3
261131,261134,261135,1,3
261131,261134,261136,2,3
261131,261135,261136,1,4
261131,261134,261136,2,3
261131,261134,261136,2,3
261131,261134,261136,2,3
261131,261134,261136,2,3
261131,261134,261136,2,3
261131,261134,261136,2,3
261131,261134,261136,2,3
261131,261135,261137,2,4
261131,261135,261137,2,4
261131,261135,261136,1,4
261131,261135,261137,2,4
261131,261135,261136,1,4
261131,261135,261137,2,4
261131,261134,261137,3,3
261131,261135,261137,2,4
261131,261135,261137,2,4
261131,261136,261138,2,5
261131,261135,261138,3,4
261131,261136,261138,2,5
261131,261136,261138,2,5
261131,261136,261138,2,5
261131,261136,261138,2,5
261131,261136,261138,2,5
261131,261136,261138,2,5
261131,261136,261138,2,5
261131,261135,261138,3,4
261131,261135,261138,3,4
261131,261136,261138,2,5
261131,261137,261138,1,6
261131,261137,261138,1,6
261131,261136,261139,3,5
261131,261136,261138,2,5
261131,261137,261139,2,6
261131,261137,261139,2,6
261131,261137,261139,2,6
261131,261137,261139,2,6
261131,261137,261139,2,6
261131,261138,261139,1,7
261131,261138,261139,1,7
261131,261138,261140,2,7
261131,261137,261139,2,6
261131,261138,261140,2,7
261131,261139,261140,1,8
261131,261139,261140,1,8
261131,261139,261140,1,8
261131,261139,261140,1,8
261131,261139,261140,1,8
261131,261139,261140,1,8
261131,261139,261140,1,8
261131,261140,261141,1,9
261131,261138,261140,2,7
261131,261139,261140,1,8
261131,261139,261140,1,8
261131,261139,261140,1,8
261131,261139,261140,1,8
261131,261139,261140,1,8
261131,261139,261141,2,8
261131,261139,261141,2,8
261131,261139,261141,2,8
261131,261140,261141,1,9
261131,261141,261142,1,10
261131,261140,261141,1,9
261131,261140,261141,1,9
261131,261140,261141,1,9
261131,261140,261142,2,9
261131,261140,261142,2,9
261131,261140,261142,2,9
261131,261141,261142,1,10
261131,261141,261142,1,10
261131,261141,261142,1,10
261131,261141,261142,1,10
261131,261142,261143,1,11
261131,261142,261143,1,11
261131,261141,261142,1,10
261131,261141,261142,1,10
261131,261142,261143,1,11
261131,261141,261143,2,10
261131,261141,261143,2,10
261131,261141,261143,2,10
261131,261141,261142,1,10
261131,261141,261142,1,10
261131,261141,261143,2,10
261131,261141,261143,2,10
261131,261142,261143,1,11
261131,261142,261143,1,11
261131,261142,261143,1,11
261131,261143,261145,2,12
261131,261143,261145,2,12
261131,261142,261145,3,11
261131,261142,261145,3,11
261131,261142,261145,3,11
261131,261143,261145,2,12
261131,261143,261145,2,12
261131,261143,261145,2,12
261131,261143,261145,2,12
261131,261143,261145,2,12
261131,261143,261145,2,12
261131,261143,261145,2,12
261131,261143,261145,2,12
261131,261143,261146,3,12
261131,261143,261145,2,12
261131,261143,261145,2,12
261131,261143,261146,3,12
261131,261144,261146,2,13
261131,261142,261146,4,11
261131,261144,261146,2,13
261131,261144,261146,2,13
261131,261144,261146,2,13
261131,261146,261147,1,15
261131,261145,261146,1,14
261131,261146,261147,1,15
261131,261146,261147,1,15
261131,261146,261147,1,15
261131,261146,261147,1,15
261131,261145,261146,1,14
261131,261143,261146,3,12
261131,261143,261146,3,12
261131,261143,261146,3,12
261131,261145,261146,1,14
261131,261146,261147,1,15
261131,261146,261147,1,15
261131,261146,261147,1,15
261131,261147,261148,1,16
261131,261147,261148,1,16
261131,261146,261147,1,15
261131,261147,261148,1,16
261131,261146,261147,1,15
261131,261146,261147,1,15
261131,261147,261148,1,16
261131,261146,261148,2,15
261131,261146,261148,2,15
261131,261146,261147,1,15
261131,261146,261148,2,15
261131,261146,261148,2,15
261131,261147,261148,1,16
261131,261147,261148,1,16
261131,261147,261149,2,16
261131,261147,261149,2,16
261131,261147,261149,2,16
261131,261147,261149,2,16
261131,261148,261150,2,17
261131,261147,261149,2,16
261131,261147,261149,2,16
261131,261147,261150,3,16
261131,261148,261150,2,17
261131,261148,261150,2,17
261131,261148,261150,2,17
261131,261148,261151,3,17
261131,261148,261151,3,17
261131,261148,261151,3,17
261131,261148,261151,3,17
261131,261148,261152,4,17
261131,261148,261151,3,17
261131,261148,261151,3,17
261131,261148,261151,3,17
261131,261148,261152,4,17
256112,256126,261223,5097,14
261224,261224,261225,1,0
261224,261224,261225,1,0
261224,261224,261225,1,0
261224,261224,261225,1,0
261224,261224,261225,1,0
261224,261224,261225,1,0
261224,261224,261225,1,0
261224,261224,261226,2,0
261224,261224,261225,1,0
261224,261224,261225,1,0
261224,261224,261225,1,0
261224,261224,261225,1,0
261224,261224,261225,1,0
261224,261224,261225,1,0
261224,261224,261225,1,0
261224,261224,261226,2,0
261224,261224,261226,2,0
261224,261224,261226,2,0
261224,261224,261226,2,0
261224,261224,261226,2,0
261224,261224,261226,2,0
261224,261225,261226,1,1
261224,261225,261226,1,1
261224,261224,261226,2,0
261224,261224,261226,2,0
261224,261224,261226,2,0
261224,261224,261226,2,0
261224,261226,261227,1,2
261224,261226,261228,2,2
261224,261226,261228,2,2
261224,261226,261228,2,2
261224,261226,261228,2,2
261224,261226,261228,2,2
261224,261226,261228,2,2
261224,261226,261228,2,2
261224,261226,261228,2,2
261224,261226,261228,2,2
261224,261226,261228,2,2
261224,261226,261228,2,2
261224,261227,261229,2,3
261224,261227,261229,2,3
261224,261227,261229,2,3
261224,261227,261228,1,3
261224,261226,261229,3,2
261224,261226,261228,2,2
261224,261227,261228,1,3
261224,261226,261228,2,2
261224,261226,261228,2,2
261224,261227,261229,2,3
261224,261227,261229,2,3
261224,261228,261229,1,4
261224,261228,261229,1,4
261224,261228,261229,1,4
261224,261228,261229,1,4
261224,261228,261230,2,4
261224,261228,261230,2,4
261224,261228,261229,1,4
261224,261229,261230,1,5
261224,261228,261230,2,4
261224,261228,261230,2,4
261224,261228,261230,2,4
261224,261228,261230,2,4
261224,261229,261230,1,5
261224,261227,261230,3,3
261224,261227,261230,3,3
261224,261229,261230,1,5
261224,261229,261231,2,5
261224,261229,261231,2,5
261224,261229,261231,2,5
261224,261230,261231,1,6
261224,261229,261231,2,5
261224,261229,261231,2,5
261224,261230,261231,1,6
261224,261229,261231,2,5
261224,261229,261231,2,5
261224,261229,261231,2,5
261224,261230,261231,1,6
261224,261230,261232,2,6
261224,261230,261232,2,6
261224,261230,261232,2,6
261224,261230,261232,2,6
261224,261231,261232,1,7
261224,261230,261232,2,6
261224,261230,261232,2,6
261224,261231,261232,1,7
261224,261230,261232,2,6
261224,261230,261232,2,6
261224,261230,261232,2,6
261224,261229,261231,2,5
261224,261231,261233,2,7
261224,261231,261233,2,7
261224,261231,261233,2,7
261224,261231,261232,1,7
261224,261231,261232,1,7
261224,261231,261232,1,7
261224,261232,261233,1,8
261224,261232,261233,1,8
261224,261232,261233,1,8
261224,261230,261232,2,6
261224,261231,261233,2,7
261224,261232,261233,1,8
261224,261231,261233,2,7
261224,261231,261233,2,7
261224,261231,261233,2,7
261224,261231,261233,2,7
261224,261233,261234,1,9
261224,261232,261234,2,8
261224,261233,261234,1,9
261224,261232,261233,1,8
261224,261232,261234,2,8
261224,261232,261233,1,8
261224,261232,261234,2,8
261224,261232,261234,2,8
261224,261232,261233,1,8
261224,261232,261234,2,8
261224,261232,261234,2,8
261224,261233,261235,2,9
261224,261233,261234,1,9
261224,261233,261234,1,9
261224,261233,261235,2,9
261224,261233,261235,2,9
261224,261233,261234,1,9
261224,261234,261235,1,10
261224,261233,261235,2,9
261224,261233,261235,2,9
261224,261234,261235,1,10
261224,261233,261235,2,9
261224,261233,261234,1,9
261224,261235,261236,1,11
261224,261234,261235,1,10
261224,261234,261235,1,10
261224,261234,261235,1,10
261224,261233,261235,2,9
261224,261235,261236,1,11
261224,261234,261236,2,10
261224,261235,261236,1,11
261224,261234,261236,2,10
261224,261235,261236,1,11
261224,261235,261236,1,11
261224,261235,261236,1,11
261224,261235,261237,2,11
261224,261235,261236,1,11
261224,261235,261237,2,11
261224,261235,261237,2,11
261224,261235,261237,2,11
261224,261235,261237,2,11
261224,261235,261237,2,11
261224,261236,261237,1,12
261224,261236,261237,1,12
261224,261237,261238,1,13
261224,261236,261237,1,12
261224,261236,261237,1,12
261224,261237,261238,1,13
261224,261236,261237,1,12
261224,261235,261238,3,11
261224,261235,261238,3,11
261224,261236,261238,2,12
261224,261238,261239,1,14
261224,261238,261239,1,14
261224,261237,261238,1,13
261224,261237,261238,1,13
261224,261236,261238,2,12
261224,261236,261238,2,12
261224,261236,261238,2,12
261224,261237,261238,1,13
261224,261237,261239,2,13
261224,261237,261239,2,13
261224,261237,261239,2,13
261224,261238,261239,1,14
261224,261238,261239,1,14
261224,261239,261240,1,15
261224,261238,261239,1,14
261224,261238,261239,1,14
261224,261238,261239,1,14
261224,261238,261239,1,14
261224,261238,261239,1,14
261224,261239,261240,1,15
261224,261239,261240,1,15
261224,261238,261239,1,14
261224,261238,261239,1,14
261224,261239,261240,1,15
261224,261239,261240,1,15
261224,261239,261241,2,15
261224,261239,261241,2,15
261224,261239,261241,2,15
261224,261239,261241,2,15
261224,261239,261241,2,15
261224,261239,261241,2,15
261224,261240,261241,1,16
261224,261240,261241,1,16
261224,261239,261241,2,15
261224,261239,261241,2,15
261224,261239,261241,2,15
261224,261239,261241,2,15
257778,257792,261483,3691,14
261485,261485,261486,1,0
261485,261485,261486,1,0
261485,261485,261486,1,0
261485,261485,261487,2,0
261485,261485,261486,1,0
261485,261485,261487,2,0
261485,261485,261487,2,0
261485,261485,261487,2,0
261485,261485,261486,1,0
261485,261485,261486,1,0
261485,261485,261487,2,0
261485,261485,261486,1,0
261485,261485,261487,2,0
261485,261485,261487,2,0
261485,261485,261487,2,0
261485,261485,261486,1,0
261485,261485,261486,1,0
261485,261485,261487,2,0
261485,261485,261488,3,0
261485,261485,261487,2,0
261485,261485,261487,2,0
261485,261485,261487,2,0
261485,261486,261487,1,1
261485,261485,261487,2,0
261485,261485,261487,2,0
261485,261486,261487,1,1
261485,261485,261487,2,0
261485,261487,261489,2,2
261485,261487,261489,2,2
261485,261487,261488,1,2
261485,261488,261489,1,3
261485,261487,261489,2,2
261485,261487,261489,2,2
261485,261487,261489,2,2
261485,261487,261488,1,2
261485,261487,261489,2,2
261485,261487,261489,2,2
261485,261487,261489,2,2
261485,261487,261489,2,2
261485,261487,261489,2,2
261485,261487,261488,1,2
261485,261487,261488,1,2
261485,261487,261488,1,2
261485,261488,261489,1,3
261485,261488,261490,2,3
261485,261488,261490,2,3
261485,261488,261489,1,3
261485,261488,261490,2,3
261485,261488,261490,2,3
261485,261487,261490,3,2
261485,261488,261490,2,3
261485,261490,261491,1,5
261485,261488,261490,2,3
261485,261489,261491,2,4
261485,261489,261491,2,4
261485,261489,261490,1,4
261485,261489,261490,1,4
261485,261489,261491,2,4
261485,261489,261491,2,4
261485,261489,261491,2,4
261485,261489,261491,2,4
261485,261489,261491,2,4
261485,261489,261491,2,4
261485,261489,261491,2,4
261485,261489,261491,2,4
261485,261489,261491,2,4
261485,261489,261491,2,4
261485,261489,261491,2,4
261485,261490,261492,2,5
261485,261490,261492,2,5
261485,261489,261491,2,4
261485,261490,261491,1,5
261485,261490,261492,2,5
261485,261490,261492,2,5
261485,261490,261492,2,5
261485,261491,261492,1,6
261485,261491,261493,2,6
261485,261491,261492,1,6
261485,261491,261493,2,6
261485,261491,261492,1,6
261485,261491,261492,1,6
261485,261490,261492,2,5
261485,261491,261492,1,6
261485,261492,261493,1,7
261485,261491,261493,2,6
261485,261491,261493,2,6
261485,261491,261493,2,6
261485,261491,261493,2,6
261485,261491,261493,2,6
261485,261491,261493,2,6
261485,261491,261493,2,6
261485,261491,261493,2,6
261485,261491,261494,3,6
261485,261492,261494,2,7
261485,261492,261494,2,7
261485,261493,261494,1,8
261485,261493,261494,1,8
261485,261492,261494,2,7
261485,261494,261495,1,9
261485,261494,261495,1,9
261485,261493,261494,1,8
261485,261491,261494,3,6
261485,261493,261494,1,8
261485,261493,261494,1,8
261485,261493,261494,1,8
261485,261493,261495,2,8
261485,261493,261494,1,8
261485,261493,261495,2,8
261485,261494,261495,1,9
261485,261493,261495,2,8
261485,261495,261496,1,10
261485,261495,261496,1,10
261485,261494,261495,1,9
261485,261494,261495,1,9
261485,261494,261495,1,9
261485,261494,261495,1,9
261485,261494,261495,1,9
261485,261495,261496,1,10
261485,261494,261495,1,9
261485,261495,261496,1,10
261485,261494,261496,2,9
261485,261494,261495,1,9
261485,261495,261496,1,10
261485,261495,261497,2,10
261485,261496,261497,1,11
261485,261495,261496,1,10
261485,261495,261496,1,10
261485,261496,261497,1,11
261485,261495,261496,1,10
261485,261495,261496,1,10
261485,261494,261496,2,9
261485,261495,261497,2,10
261485,261495,261497,2,10
261485,261495,261497,2,10
261485,261496,261497,1,11
261485,261496,261497,1,11
261485,261496,261497,1,11
261485,261496,261497,1,11
261485,261496,261497,1,11
261485,261496,261497,1,11
261485,261495,261497,2,10
261485,261496,261497,1,11
261485,261496,261497,1,11
261485,261496,261498,2,11
261485,261496,261498,2,11
261485,261497,261498,1,12
261485,261497,261498,1,12
261485,261497,261498,1,12
261485,261498,261499,1,13
261485,261498,261499,1,13
261485,261497,261498,1,12
261485,261497,261498,1,12
261485,261497,261498,1,12
261485,261497,261499,2,12
261485,261497,261499,2,12
261485,261498,261499,1,13
261485,261497,261499,2,12
261485,261497,261499,2,12
261485,261497,261499,2,12
261485,261497,261499,2,12
261485,261498,261499,1,13
261485,261499,261500,1,14
261485,261498,261499,1,13
261485,261498,261499,1,13
261485,261497,261499,2,12
261485,261498,261499,1,13
261485,261498,261500,2,13
261485,261497,261500,3,12
261485,261498,261500,2,13
261485,261499,261500,1,14
261485,261499,261500,1,14
261485,261500,261501,1,15
261485,261499,261500,1,14
261485,261499,261500,1,14
261485,261499,261500,1,14
261485,261499,261500,1,14
261485,261499,261500,1,14
261485,261499,261500,1,14
261485,261499,261501,2,14
261485,261499,261500,1,14
261485,261499,261500,1,14
261485,261499,261501,2,14
261485,261499,261501,2,14
261485,261499,261501,2,14
261485,261500,261501,1,15
261485,261500,261501,1,15
261485,261500,261501,1,15
261485,261500,261501,1,15
261485,261500,261501,1,15
261485,261500,261502,2,15
258416,258429,262015,3586,13
262017,262017,262019,2,0
262017,262017,262019,2,0
262017,262017,262019,2,0
262017,262017,262019,2,0
262017,262017,262019,2,0
262017,262017,262019,2,0
262017,262017,262019,2,0
262017,262017,262019,2,0
262017,262017,262019,2,0
262017,262017,262020,3,0
262017,262017,262020,3,0
262017,262017,262020,3,0
262017,262017,262019,2,0
262017,262017,262020,3,0
262017,262017,262020,3,0
262017,262017,262020,3,0
262017,262017,262020,3,0
262017,262018,262020,2,1
262017,262018,262020,2,1
262017,262017,262021,4,0
262017,262019,262020,1,2
262017,262017,262020,3,0
262017,262017,262020,3,0
262017,262019,262021,2,2
262017,262019,262021,2,2
262017,262019,262021,2,2
262017,262019,262021,2,2
262017,262017,262021,4,0
262017,262017,262021,4,0
262017,262019,262021,2,2
262017,262019,262021,2,2
262017,262019,262021,2,2
262017,262020,262021,1,3
262017,262018,262021,3,1
262017,262021,262022,1,4
262017,262020,262022,2,3
262017,262020,262022,2,3
262017,262020,262022,2,3
262017,262019,262022,3,2
262017,262020,262021,1,3
262017,262020,262022,2,3
262017,262020,262022,2,3
262017,262020,262021,1,3
262017,262021,262022,1,4
262017,262021,262022,1,4
262017,262021,262023,2,4
262017,262021,262022,1,4
262017,262021,262023,2,4
262017,262021,262023,2,4
262017,262021,262022,1,4
262017,262021,262023,2,4
262017,262021,262023,2,4
262017,262021,262023,2,4
262017,262021,262023,2,4
262017,262021,262023,2,4
262017,262021,262023,2,4
262017,262022,262024,2,5
262017,262022,262024,2,5
262017,262022,262024,2,5
262017,262022,262024,2,5
262017,262021,262024,3,4
262017,262022,262024,2,5
262017,262023,262024,1,6
262017,262022,262024,2,5
262017,262023,262025,2,6
262017,262023,262025,2,6
262017,262023,262025,2,6
262017,262023,262025,2,6
262017,262023,262025,2,6
262017,262024,262025,1,7
262017,262021,262025,4,4
262017,262023,262025,2,6
262017,262024,262025,1,7
262017,262024,262025,1,7
262017,262023,262025,2,6
262017,262023,262025,2,6
262017,262024,262025,1,7
262017,262023,262025,2,6
262017,262023,262026,3,6
262017,262025,262026,1,8
262017,262023,262026,3,6
262017,262023,262026,3,6
262017,262025,262026,1,8
262017,262025,262026,1,8
262017,262025,262026,1,8
262017,262025,262026,1,8
262017,262025,262026,1,8
262017,262026,262027,1,9
262017,262025,262026,1,8
262017,262025,262026,1,8
262017,262026,262027,1,9
262017,262026,262027,1,9
262017,262026,262027,1,9
262017,262026,262027,1,9
262017,262026,262027,1,9
262017,262026,262027,1,9
262017,262026,262027,1,9
262017,262026,262027,1,9
262017,262026,262028,2,9
262017,262027,262028,1,10
262017,262027,262028,1,10
262017,262027,262028,1,10
262017,262027,262028,1,10
262017,262027,262028,1,10
262017,262027,262028,1,10
262017,262027,262028,1,10
262017,262027,262028,1,10
262017,262027,262028,1,10
262017,262027,262028,1,10
262017,262026,262029,3,9
262017,262027,262028,1,10
262017,262027,262029,2,10
262017,262027,262029,2,10
262017,262027,262028,1,10
262017,262028,262029,1,11
262017,262027,262029,2,10
262017,262028,262029,1,11
262017,262028,262029,1,11
262017,262028,262030,2,11
262017,262028,262030,2,11
262017,262028,262030,2,11
262017,262028,262030,2,11
262017,262029,262030,1,12
262017,262029,262030,1,12
262017,262029,262030,1,12
262017,262028,262030,2,11
262017,262029,262031,2,12
262017,262029,262030,1,12
262017,262030,262031,1,13
262017,262029,262031,2,12
262017,262029,262030,1,12
262017,262029,262030,1,12
262017,262030,262031,1,13
262017,262029,262030,1,12
262017,262029,262031,2,12
262017,262030,262031,1,13
262017,262028,262030,2,11
262017,262029,262031,2,12
262017,262029,262031,2,12
262017,262031,262032,1,14
262017,262031,262032,1,14
262017,262031,262032,1,14
262017,262029,262031,2,12
256812,256825,262031,5206,13
262017,262029,262032,3,12
262017,262030,262031,1,13
262017,262030,262031,1,13
262017,262029,262031,2,12
262017,262030,262031,1,13
262017,262031,262032,1,14
262017,262030,262031,1,13
262017,262030,262031,1,13
262017,262031,262032,1,14
262017,262031,262032,1,14
262017,262031,262032,1,14
262017,262031,262032,1,14
262017,262031,262033,2,14
262017,262032,262033,1,15
262017,262031,262032,1,14
262017,262031,262032,1,14
262017,262031,262032,1,14
262017,262031,262032,1,14
262017,262031,262032,1,14
262017,262032,262033,1,15
262017,262031,262033,2,14
262017,262032,262034,2,15
262017,262032,262033,1,15
262017,262032,262033,1,15
262017,262032,262033,1,15
262017,262032,262034,2,15
262017,262032,262033,1,15
262017,262032,262033,1,15
262017,262032,262034,2,15
262017,262032,262033,1,15
262017,262032,262033,1,15
262017,262032,262034,2,15
262017,262032,262034,2,15
262017,262032,262033,1,15
262017,262032,262033,1,15
262017,262032,262033,1,15
262017,262033,262036,3,16
262017,262034,262036,2,17
262017,262033,262037,4,16
262017,262033,262036,3,16
262032,262034,262037,3,2
262017,262033,262036,3,16
262032,262034,262037,3,2
262032,262036,262037,1,4
262017,262033,262036,3,16
262017,262033,262037,4,16
262032,262034,262037,3,2
262017,262033,262037,4,16
262032,262034,262037,3,2
262032,262034,262037,3,2
262032,262034,262037,3,2
262017,262033,262037,4,16
262032,262037,262038,1,5
262017,262033,262037,4,16
262032,262037,262038,1,5
262032,262037,262038,1,5
262017,262033,262037,4,16
262032,262034,262037,3,2
262032,262037,262038,1,5
262032,262034,262037,3,2
262032,262034,262037,3,2
262032,262034,262037,3,2
262032,262037,262038,1,5
262032,262037,262038,1,5
262032,262034,262037,3,2
262032,262034,262037,3,2
262032,262034,262037,3,2
262032,262037,262038,1,5
262032,262037,262038,1,5
262032,262037,262039,2,5
262032,262037,262038,1,5
262032,262037,262039,2,5
262032,262037,262039,2,5
262032,262037,262039,2,5
262032,262037,262039,2,5
262032,262038,262039,1,6
262017,262034,262039,5,17
262032,262038,262039,1,6
262032,262038,262039,1,6
262032,262038,262040,2,6
262032,262038,262040,2,6
262032,262038,262040,2,6
262032,262038,262040,2,6
262032,262038,262039,1,6
262032,262037,262040,3,5
262032,262038,262041,3,6
262032,262038,262040,2,6
262032,262038,262040,2,6
262032,262038,262040,2,6
262032,262038,262041,3,6
262032,262038,262041,3,6
262032,262038,262041,3,6
262032,262040,262042,2,8
262032,262040,262042,2,8
262032,262038,262041,3,6
262032,262039,262042,3,7
262032,262039,262042,3,7
262032,262040,262042,2,8
262032,262040,262042,2,8
262032,262040,262042,2,8
262032,262040,262042,2,8
262032,262040,262042,2,8
262032,262039,262042,3,7
262032,262040,262042,2,8
262032,262042,262043,1,10
262032,262041,262043,2,9
262032,262041,262043,2,9
262032,262040,262043,3,8
262032,262042,262043,1,10
262032,262040,262043,3,8
262032,262040,262043,3,8
262032,262040,262043,3,8
262032,262041,262043,2,9
262032,262041,262043,2,9
262032,262041,262042,1,9
262032,262041,262043,2,9
262032,262043,262044,1,11
262032,262043,262044,1,11
262032,262043,262044,1,11
262032,262041,262043,2,9
262032,262043,262044,1,11
262032,262043,262044,1,11
262032,262041,262044,3,9
262032,262043,262044,1,11
262032,262042,262044,2,10
262032,262042,262044,2,10
262032,262042,262044,2,10
262032,262043,262044,1,11
262032,262043,262044,1,11
262032,262044,262045,1,12
262032,262044,262045,1,12
262032,262044,262045,1,12
262032,262043,262044,1,11
262032,262043,262044,1,11
262032,262043,262044,1,11
262032,262043,262044,1,11
262032,262043,262045,2,11
262032,262043,262045,2,11
262032,262043,262044,1,11
262032,262043,262045,2,11
262032,262043,262045,2,11
262032,262044,262045,1,12
262032,262044,262045,1,12
262032,262044,262045,1,12
262032,262044,262046,2,12
262032,262044,262046,2,12
262032,262045,262047,2,13
262032,262045,262048,3,13
262032,262045,262048,3,13
262032,262044,262048,4,12
262032,262045,262048,3,13
262032,262045,262048,3,13
262032,262045,262048,3,13
262032,262045,262048,3,13
262032,262045,262048,3,13
262032,262046,262049,3,14
262032,262048,262049,1,16
262032,262045,262048,3,13
262032,262045,262048,3,13
262032,262045,262049,4,13
262032,262048,262049,1,16
262032,262045,262049,4,13
262032,262046,262048,2,14
262032,262046,262049,3,14
262032,262045,262049,4,13
262032,262045,262049,4,13
262032,262046,262049,3,14
262032,262045,262049,4,13
262032,262046,262049,3,14
262032,262049,262050,1,17
262032,262046,262049,3,14
262032,262046,262049,3,14
262032,262048,262049,1,16
262032,262049,262050,1,17
262032,262046,262049,3,14
262032,262049,262050,1,17
262032,262049,262050,1,17
262032,262049,262050,1,17
262032,262049,262050,1,17
262032,262050,262051,1,18
262032,262049,262051,2,17
262032,262049,262050,1,17
262032,262049,262050,1,17
262032,262050,262051,1,18
262032,262040,262051,11,8
262032,262049,262050,1,17
262032,262049,262050,1,17
262032,262049,262050,1,17
262032,262049,262050,1,17
262032,262050,262051,1,18
262032,262050,262051,1,18
262032,262049,262051,2,17
262032,262049,262051,2,17
262032,262049,262051,2,17
262032,262050,262051,1,18
262032,262051,262052,1,19
262032,262050,262051,1,18
262032,262050,262051,1,18
262032,262050,262051,1,18
262032,262050,262051,1,18
262032,262049,262051,2,17
262032,262050,262052,2,18
262032,262051,262052,1,19
262032,262051,262052,1,19
262032,262051,262052,1,19
262032,262051,262052,1,19
262032,262051,262052,1,19
262032,262051,262052,1,19
262032,262051,262052,1,19
262032,262051,262052,1,19
262032,262051,262053,2,19
262032,262052,262053,1,20
262032,262052,262053,1,20
262032,262052,262053,1,20
262032,262053,262054,1,21
262032,262052,262054,2,20
262032,262053,262054,1,21
262032,262052,262054,2,20
262032,262052,262054,2,20
262032,262051,262053,2,19
262032,262051,262053,2,19
262032,262051,262053,2,19
262032,262053,262054,1,21
262032,262052,262054,2,20
262032,262052,262054,2,20
262032,262052,262054,2,20
262032,262052,262054,2,20
262032,262054,262055,1,22
262032,262054,262055,1,22
262032,262053,262054,1,21
262032,262053,262054,1,21
262032,262053,262054,1,21
262032,262053,262054,1,21
262032,262054,262055,1,22
262032,262052,262054,2,20
262032,262053,262054,1,21
262032,262054,262055,1,22
262032,262052,262054,2,20
262032,262053,262055,2,21
262032,262054,262055,1,22
262032,262054,262055,1,22
262032,262054,262055,1,22
262032,262054,262055,1,22
262032,262051,262057,6,19
258484,258500,262210,3710,16
262212,262212,262213,1,0
262212,262212,262213,1,0
262212,262212,262213,1,0
262212,262212,262213,1,0
262212,262212,262213,1,0
262212,262212,262213,1,0
262212,262212,262213,1,0
262212,262212,262214,2,0
262212,262212,262214,2,0
262212,262212,262213,1,0
262212,262212,262213,1,0
262212,262212,262213,1,0
262212,262212,262214,2,0
262212,262212,262213,1,0
262212,262212,262214,2,0
262212,262212,262213,1,0
262212,262212,262213,1,0
262212,262212,262213,1,0
262212,262212,262213,1,0
262212,262212,262214,2,0
262212,262212,262214,2,0
262212,262212,262214,2,0
262212,262212,262214,2,0
262212,262212,262214,2,0
262212,262212,262214,2,0
262212,262213,262214,1,1
262212,262214,262215,1,2
262212,262214,262215,1,2
262212,262214,262216,2,2
262212,262214,262215,1,2
262212,262214,262215,1,2
262212,262214,262215,1,2
262212,262214,262215,1,2
262212,262214,262216,2,2
262212,262214,262216,2,2
262212,262214,262216,2,2
262212,262214,262216,2,2
262212,262214,262215,1,2
262212,262214,262215,1,2
262212,262215,262216,1,3
262212,262214,262216,2,2
262212,262214,262216,2,2
262212,262214,262216,2,2
262212,262214,262216,2,2
262212,262215,262216,1,3
262212,262214,262216,2,2
262212,262214,262216,2,2
262212,262214,262216,2,2
262212,262215,262216,1,3
262212,262215,262217,2,3
262212,262215,262217,2,3
262212,262216,262217,1,4
262212,262216,262217,1,4
262212,262216,262217,1,4
262212,262216,262217,1,4
262212,262216,262218,2,4
262212,262216,262217,1,4
262212,262216,262218,2,4
262212,262216,262218,2,4
262212,262216,262218,2,4
262212,262216,262217,1,4
262212,262216,262218,2,4
262212,262216,262218,2,4
262212,262216,262218,2,4
262212,262216,262218,2,4
262212,262216,262218,2,4
262212,262216,262219,3,4
262212,262216,262219,3,4
262212,262217,262219,2,5
262212,262217,262219,2,5
262212,262218,262219,1,6
262212,262217,262219,2,5
262212,262217,262219,2,5
262212,262217,262219,2,5
262212,262218,262220,2,6
262212,262218,262219,1,6
262212,262218,262219,1,6
262212,262218,262220,2,6
262212,262218,262220,2,6
262212,262217,262219,2,5
262212,262218,262220,2,6
262212,262218,262220,2,6
262212,262217,262219,2,5
262212,262217,262219,2,5
262212,262218,262220,2,6
262212,262220,262221,1,8
262212,262219,262221,2,7
262212,262219,262221,2,7
262212,262220,262221,1,8
262212,262220,262221,1,8
262212,262218,262220,2,6
262212,262220,262221,1,8
262212,262218,262220,2,6
262212,262218,262220,2,6
262212,262220,262221,1,8
262212,262218,262220,2,6
262212,262218,262220,2,6
262212,262218,262220,2,6
262212,262220,262221,1,8
262212,262220,262221,1,8
262212,262221,262222,1,9
262212,262220,262221,1,8
262212,262220,262221,1,8
262212,262220,262221,1,8
262212,262221,262222,1,9
262212,262220,262222,2,8
262212,262221,262222,1,9
262212,262220,262222,2,8
262212,262220,262222,2,8
262212,262220,262222,2,8
262212,262220,262222,2,8
262212,262220,262222,2,8
262212,262220,262221,1,8
262212,262221,262222,1,9
262212,262222,262223,1,10
262212,262221,262223,2,9
262212,262221,262223,2,9
262212,262221,262223,2,9
262212,262222,262223,1,10
262212,262221,262222,1,9
262212,262221,262222,1,9
262212,262221,262222,1,9
262212,262221,262222,1,9
262212,262222,262223,1,10
262212,262222,262223,1,10
262212,262221,262223,2,9
262212,262221,262223,2,9
262212,262222,262223,1,10
262212,262222,262223,1,10
262212,262223,262224,1,11
262212,262222,262224,2,10
262212,262222,262224,2,10
262212,262222,262224,2,10
262212,262222,262224,2,10
262212,262222,262224,2,10
262212,262222,262224,2,10
262212,262223,262224,1,11
262212,262222,262224,2,10
262212,262222,262224,2,10
262212,262222,262224,2,10
262212,262222,262223,1,10
262212,262224,262225,1,12
262212,262223,262225,2,11
262212,262223,262225,2,11
262212,262223,262224,1,11
262212,262223,262225,2,11
262212,262223,262225,2,11
262212,262223,262225,2,11
262212,262223,262225,2,11
262212,262223,262225,2,11
262212,262223,262225,2,11
262212,262223,262225,2,11
262212,262223,262224,1,11
262212,262224,262226,2,12
262212,262224,262226,2,12
262212,262224,262226,2,12
262212,262224,262226,2,12
262212,262224,262226,2,12
262212,262224,262226,2,12
262212,262224,262226,2,12
262212,262224,262226,2,12
262212,262225,262226,1,13
262212,262224,262226,2,12
262212,262224,262226,2,12
262212,262224,262226,2,12
262212,262226,262227,1,14
262212,262225,262226,1,13
262212,262225,262226,1,13
262212,262225,262226,1,13
262212,262225,262227,2,13
262212,262225,262227,2,13
262212,262225,262227,2,13
262212,262225,262227,2,13
262212,262226,262227,1,14
262212,262226,262227,1,14
262212,262226,262227,1,14
262212,262226,262227,1,14
262212,262226,262227,1,14
262212,262227,262228,1,15
262212,262226,262228,2,14
262212,262226,262228,2,14
262212,262227,262228,1,15
262212,262226,262228,2,14
262212,262226,262228,2,14
262212,262226,262228,2,14
262212,262227,262228,1,15
262212,262227,262229,2,15
262212,262227,262228,1,15
262212,262227,262228,1,15
262212,262227,262228,1,15
262212,262227,262228,1,15
262212,262227,262228,1,15
262212,262227,262228,1,15
262212,262227,262228,1,15
262212,262227,262229,2,15
262212,262228,262229,1,16
262212,262228,262229,1,16
262212,262228,262230,2,16
258815,258831,262407,3576,16
262409,262409,262410,1,0
262409,262409,262410,1,0
262409,262409,262411,2,0
262409,262409,262410,1,0
262409,262409,262410,1,0
262409,262409,262410,1,0
262409,262409,262410,1,0
262409,262409,262410,1,0
262409,262409,262410,1,0
262409,262409,262411,2,0
262409,262409,262410,1,0
262409,262409,262411,2,0
262409,262409,262411,2,0
262409,262409,262410,1,0
262409,262409,262410,1,0
262409,262409,262411,2,0
262409,262409,262411,2,0
262409,262409,262411,2,0
262409,262409,262410,1,0
262409,262409,262410,1,0
262409,262409,262410,1,0
262409,262409,262410,1,0
262409,262409,262411,2,0
262409,262410,262411,1,1
262409,262409,262411,2,0
262409,262410,262411,1,1
262409,262411,262412,1,2
262409,262411,262412,1,2
262409,262411,262413,2,2
262409,262411,262412,1,2
262409,262411,262412,1,2
262409,262411,262412,1,2
262409,262411,262413,2,2
262409,262411,262413,2,2
262409,262411,262413,2,2
262409,262411,262413,2,2
262409,262411,262413,2,2
262409,262411,262413,2,2
262409,262411,262413,2,2
262409,262411,262412,1,2
262409,262411,262412,1,2
262409,262412,262413,1,3
262409,262411,262412,1,2
262409,262411,262412,1,2
262409,262411,262412,1,2
262409,262411,262412,1,2
262409,262412,262413,1,3
262409,262412,262413,1,3
262409,262412,262413,1,3
262409,262413,262414,1,4
262409,262411,262413,2,2
262409,262411,262413,2,2
262409,262413,262414,1,4
262409,262413,262414,1,4
262409,262413,262414,1,4
262409,262413,262414,1,4
262409,262413,262414,1,4
262409,262413,262414,1,4
262409,262413,262415,2,4
262409,262413,262414,1,4
262409,262413,262415,2,4
262409,262413,262415,2,4
262409,262413,262415,2,4
262409,262413,262415,2,4
262409,262414,262415,1,5
262409,262413,262415,2,4
262409,262413,262415,2,4
262409,262413,262415,2,4
262409,262413,262415,2,4
262409,262413,262414,1,4
262409,262414,262416,2,5
262409,262414,262415,1,5
262409,262415,262416,1,6
262409,262414,262416,2,5
262409,262414,262415,1,5
262409,262415,262416,1,6
262409,262413,262415,2,4
262409,262415,262416,1,6
262409,262413,262415,2,4
262409,262414,262416,2,5
262409,262415,262416,1,6
262409,262415,262416,1,6
262409,262416,262417,1,7
262409,262416,262417,1,7
262409,262415,262416,1,6
262409,262415,262417,2,6
262409,262415,262417,2,6
262409,262415,262417,2,6
262409,262415,262416,1,6
262409,262416,262417,1,7
262409,262416,262417,1,7
262409,262415,262416,1,6
262409,262415,262416,1,6
262409,262416,262417,1,7
262409,262415,262416,1,6
262409,262415,262416,1,6
262409,262415,262416,1,6
262409,262415,262416,1,6
262409,262415,262416,1,6
262409,262415,262416,1,6
262409,262416,262417,1,7
262409,262416,262417,1,7
262409,262417,262418,1,8
262409,262417,262418,1,8
262409,262416,262417,1,7
262409,262416,262417,1,7
262409,262417,262418,1,8
262409,262416,262417,1,7
262409,262416,262418,2,7
262409,262417,262418,1,8
262409,262417,262419,2,8
262409,262418,262419,1,9
262409,262418,262419,1,9
262409,262417,262418,1,8
262409,262417,262419,2,8
262409,262417,262419,2,8
262409,262417,262419,2,8
262409,262417,262418,1,8
262409,262417,262418,1,8
262409,262417,262418,1,8
262409,262417,262419,2,8
262409,262417,262419,2,8
262409,262417,262418,1,8
262409,262417,262419,2,8
262409,262418,262419,1,9
262409,262417,262419,2,8
262409,262417,262418,1,8
262409,262417,262419,2,8
262409,262417,262418,1,8
262409,262418,262419,1,9
262409,262418,262420,2,9
262409,262419,262420,1,10
262409,262419,262420,1,10
262409,262418,262420,2,9
262409,262419,262420,1,10
262409,262419,262420,1,10
262409,262418,262420,2,9
262409,262418,262420,2,9
262409,262419,262420,1,10
262409,262419,262421,2,10
262409,262420,262421,1,11
262409,262418,262420,2,9
262409,262419,262421,2,10
262409,262419,262421,2,10
262409,262419,262421,2,10
262409,262419,262421,2,10
262409,262419,262421,2,10
262409,262419,262421,2,10
262409,262419,262421,2,10
262409,262419,262421,2,10
262409,262419,262421,2,10
262409,262419,262421,2,10
262409,262419,262421,2,10
262409,262420,262422,2,11
262409,262419,262421,2,10
262409,262419,262421,2,10
262409,262419,262421,2,10
262409,262420,262421,1,11
262409,262421,262422,1,12
262409,262420,262421,1,11
262409,262420,262422,2,11
262409,262421,262423,2,12
262409,262420,262422,2,11
262409,262421,262422,1,12
262409,262420,262422,2,11
262409,262421,262423,2,12
262409,262422,262423,1,13
262409,262422,262423,1,13
262409,262421,262422,1,12
262409,262421,262423,2,12
262409,262421,262423,2,12
262409,262421,262423,2,12
262409,262422,262423,1,13
262409,262422,262423,1,13
262409,262422,262423,1,13
262409,262422,262423,1,13
262409,262422,262423,1,13
262409,262422,262423,1,13
262409,262422,262423,1,13
262409,262422,262423,1,13
262409,262422,262423,1,13
262409,262422,262423,1,13
262409,262422,262423,1,13
262409,262423,262424,1,14
262409,262423,262424,1,14
262409,262423,262424,1,14
262409,262423,262424,1,14
262409,262423,262424,1,14
262409,262423,262424,1,14
262409,262423,262424,1,14
262409,262423,262425,2,14
262409,262423,262425,2,14
262409,262424,262427,3,15
259715,259732,263278,3546,17
263280,263280,263281,1,0
263280,263280,263281,1,0
263280,263280,263281,1,0
263280,263280,263281,1,0
263280,263280,263281,1,0
263280,263280,263281,1,0
263280,263280,263281,1,0
263280,263280,263281,1,0
263280,263280,263281,1,0
263280,263280,263281,1,0
263280,263280,263281,1,0
263280,263280,263281,1,0
263280,263280,263281,1,0
263280,263280,263281,1,0
263280,263280,263281,1,0
263280,263280,263281,1,0
263280,263280,263282,2,0
263280,263281,263282,1,1
263280,263280,263282,2,0
263280,263280,263282,2,0
263280,263280,263282,2,0
263280,263280,263283,3,0
263280,263280,263282,2,0
263280,263280,263282,2,0
263280,263280,263282,2,0
263280,263281,263283,2,1
263280,263281,263283,2,1
263280,263280,263283,3,0
263280,263282,263283,1,2
263280,263282,263283,1,2
263280,263282,263284,2,2
263280,263282,263284,2,2
263280,263282,263284,2,2
263280,263282,263283,1,2
263280,263282,263283,1,2
263280,263282,263283,1,2
263280,263282,263283,1,2
263280,263282,263283,1,2
263280,263282,263283,1,2
263280,263282,263283,1,2
263280,263282,263283,1,2
263280,263283,263284,1,3
263280,263284,263285,1,4
263280,263283,263284,1,3
263280,263283,263285,2,3
263280,263283,263285,2,3
263280,263283,263285,2,3
263280,263283,263284,1,3
263280,263283,263284,1,3
263280,263283,263284,1,3
263280,263283,263284,1,3
263280,263283,263284,1,3
263280,263283,263285,2,3
263280,263284,263286,2,4
263280,263285,263286,1,5
263280,263284,263285,1,4
263280,263285,263286,1,5
263280,263284,263285,1,4
263280,263284,263286,2,4
263280,263284,263286,2,4
263280,263284,263285,1,4
263280,263284,263285,1,4
263280,263284,263285,1,4
263280,263284,263285,1,4
263280,263284,263285,1,4
263280,263284,263285,1,4
263280,263284,263285,1,4
263280,263284,263285,1,4
263280,263286,263287,1,6
263280,263285,263286,1,5
263280,263285,263286,1,5
263280,263286,263287,1,6
263280,263286,263287,1,6
263280,263285,263287,2,5
263280,263285,263287,2,5
263280,263285,263287,2,5
263280,263286,263287,1,6
263280,263285,263286,1,5
263280,263286,263287,1,6
263280,263286,263287,1,6
263280,263285,263286,1,5
263280,263286,263287,1,6
263280,263286,263287,1,6
263280,263286,263287,1,6
263280,263286,263287,1,6
263280,263287,263288,1,7
263280,263287,263288,1,7
263280,263287,263288,1,7
263280,263287,263288,1,7
263280,263285,263288,3,5
263280,263285,263288,3,5
263280,263286,263288,2,6
263280,263286,263288,2,6
263280,263287,263288,1,7
263280,263287,263288,1,7
263280,263286,263287,1,6
263280,263286,263287,1,6
263280,263286,263287,1,6
263280,263286,263288,2,6
263280,263288,263289,1,8
263280,263287,263288,1,7
263280,263288,263289,1,8
263280,263287,263288,1,7
263280,263287,263289,2,7
263280,263287,263288,1,7
263280,263287,263289,2,7
263280,263287,263289,2,7
263280,263287,263289,2,7
263280,263288,263289,1,8
263280,263287,263288,1,7
263280,263287,263288,1,7
263280,263288,263289,1,8
263280,263287,263288,1,7
263280,263288,263289,1,8
263280,263288,263289,1,8
263280,263288,263289,1,8
263280,263289,263290,1,9
263280,263288,263289,1,8
263280,263288,263289,1,8
263280,263289,263290,1,9
263280,263288,263290,2,8
263280,263288,263290,2,8
263280,263288,263290,2,8
263280,263288,263290,2,8
263280,263289,263290,1,9
263280,263289,263290,1,9
263280,263288,263290,2,8
263280,263289,263290,1,9
263280,263290,263291,1,10
263280,263289,263290,1,9
263280,263290,263291,1,10
263280,263290,263291,1,10
263280,263289,263291,2,9
263280,263289,263291,2,9
263280,263289,263291,2,9
263280,263289,263291,2,9
263280,263289,263291,2,9
263280,263289,263291,2,9
263280,263290,263291,1,10
263280,263289,263291,2,9
263280,263289,263291,2,9
263280,263289,263291,2,9
263280,263289,263290,1,9
263280,263289,263291,2,9
263280,263290,263291,1,10
263280,263290,263291,1,10
263280,263291,263292,1,11
263280,263290,263291,1,10
263280,263291,263292,1,11
263280,263291,263292,1,11
263280,263290,263292,2,10
263280,263290,263292,2,10
263280,263290,263291,1,10
263280,263291,263292,1,11
263280,263291,263292,1,11
263280,263291,263293,2,11
263280,263292,263293,1,12
263280,263291,263292,1,11
263280,263290,263292,2,10
263280,263290,263292,2,10
263280,263292,263293,1,12
263280,263292,263293,1,12
263280,263291,263293,2,11
263280,263291,263293,2,11
263280,263291,263293,2,11
263280,263291,263293,2,11
263280,263292,263293,1,12
263280,263292,263293,1,12
263280,263292,263293,1,12
263280,263292,263293,1,12
263280,263292,263293,1,12
263280,263292,263293,1,12
263280,263292,263293,1,12
263280,263292,263294,2,12
263280,263293,263294,1,13
263280,263292,263293,1,12
263280,263293,263294,1,13
263280,263292,263294,2,12
263280,263292,263294,2,12
263280,263293,263294,1,13
263280,263294,263295,1,14
263280,263293,263294,1,13
263280,263293,263294,1,13
263280,263293,263295,2,13
263280,263293,263294,1,13
263280,263293,263295,2,13
263280,263293,263295,2,13
263280,263294,263295,1,14
263280,263294,263295,1,14
263280,263294,263295,1,14
263280,263294,263295,1,14
263280,263294,263295,1,14
263280,263294,263295,1,14
263280,263294,263295,1,14
263280,263294,263295,1,14
263280,263294,263295,1,14
263280,263294,263295,1,14
263280,263293,263295,2,13
260419,260440,263786,3346,21
263787,263787,263789,2,0
263787,263787,263790,3,0
263787,263787,263789,2,0
263787,263787,263789,2,0
263787,263787,263789,2,0
263787,263787,263789,2,0
263787,263787,263789,2,0
263787,263787,263789,2,0
263787,263787,263790,3,0
263787,263787,263789,2,0
263787,263787,263790,3,0
263787,263787,263790,3,0
263787,263787,263790,3,0
263787,263787,263790,3,0
263787,263787,263790,3,0
263787,263787,263790,3,0
263787,263787,263789,2,0
263787,263787,263790,3,0
263787,263787,263790,3,0
263787,263787,263791,4,0
263787,263787,263790,3,0
263787,263787,263790,3,0
263787,263787,263790,3,0
263787,263787,263791,4,0
263787,263787,263790,3,0
263787,263790,263791,1,3
263787,263790,263791,1,3
263787,263790,263791,1,3
263787,263790,263792,2,3
263787,263790,263791,1,3
263787,263790,263792,2,3
263787,263790,263792,2,3
263787,263790,263792,2,3
263787,263790,263791,1,3
263787,263790,263792,2,3
263787,263790,263792,2,3
263787,263790,263792,2,3
263787,263790,263791,1,3
263787,263790,263792,2,3
263787,263790,263792,2,3
263787,263790,263792,2,3
263787,263790,263792,2,3
263787,263790,263792,2,3
263787,263790,263792,2,3
263787,263791,263793,2,4
263787,263791,263794,3,4
263787,263791,263794,3,4
263787,263791,263794,3,4
263787,263791,263794,3,4
263787,263791,263794,3,4
263787,263792,263795,3,5
263787,263792,263795,3,5
263787,263792,263794,2,5
263787,263792,263795,3,5
263787,263792,263794,2,5
263787,263792,263795,3,5
263787,263792,263794,2,5
263787,263792,263795,3,5
263787,263792,263795,3,5
263787,263792,263795,3,5
263787,263792,263795,3,5
263787,263792,263794,2,5
263787,263792,263794,2,5
263787,263792,263795,3,5
263787,263792,263795,3,5
263787,263792,263795,3,5
263787,263792,263795,3,5
263787,263794,263796,2,7
263787,263794,263796,2,7
263787,263792,263795,3,5
263787,263794,263796,2,7
263787,263795,263796,1,8
263787,263795,263796,1,8
263787,263795,263796,1,8
263787,263795,263796,1,8
263787,263794,263796,2,7
263787,263794,263796,2,7
263787,263793,263795,2,6
263787,263794,263796,2,7
263787,263795,263796,1,8
263787,263795,263796,1,8
263787,263795,263796,1,8
263787,263795,263796,1,8
263787,263796,263797,1,9
263787,263795,263796,1,8
263787,263796,263797,1,9
263787,263796,263797,1,9
263787,263795,263797,2,8
263787,263795,263796,1,8
263787,263795,263797,2,8
263787,263795,263797,2,8
263787,263795,263797,2,8
263787,263795,263796,1,8
263787,263795,263796,1,8
263787,263795,263797,2,8
263787,263796,263797,1,9
263787,263796,263797,1,9
263787,263796,263798,2,9
263787,263796,263798,2,9
263787,263796,263798,2,9
263787,263796,263798,2,9
263787,263796,263798,2,9
263787,263796,263798,2,9
263787,263796,263798,2,9
263787,263796,263798,2,9
263787,263796,263799,3,9
263787,263798,263800,2,11
263787,263797,263800,3,10
263787,263797,263800,3,10
263787,263797,263800,3,10
263787,263797,263800,3,10
263787,263797,263800,3,10
263787,263797,263800,3,10
263787,263798,263800,2,11
263787,263798,263800,2,11
263787,263798,263800,2,11
263787,263798,263800,2,11
263787,263799,263800,1,12
263787,263798,263800,2,11
263787,263799,263801,2,12
263787,263798,263800,2,11
263787,263799,263800,1,12
263787,263799,263800,1,12
263787,263800,263801,1,13
263787,263798,263801,3,11
263787,263798,263800,2,11
263787,263800,263801,1,13
263787,263798,263801,3,11
263787,263799,263801,2,12
263787,263800,263801,1,13
263787,263800,263801,1,13
263787,263798,263801,3,11
263787,263799,263801,2,12
263787,263799,263801,2,12
263787,263799,263801,2,12
263787,263801,263802,1,14
263787,263801,263802,1,14
263787,263802,263803,1,15
263787,263801,263802,1,14
263787,263801,263802,1,14
263787,263802,263803,1,15
263787,263801,263802,1,14
263787,263801,263802,1,14
263787,263801,263802,1,14
263787,263801,263802,1,14
263787,263801,263802,1,14
263787,263801,263802,1,14
263787,263801,263803,2,14
263787,263801,263802,1,14
263787,263801,263802,1,14
263787,263802,263803,1,15
263787,263801,263802,1,14
263787,263801,263803,2,14
263787,263801,263803,2,14
263787,263801,263803,2,14
263787,263802,263803,1,15
263787,263802,263803,1,15
263787,263802,263804,2,15
263787,263802,263803,1,15
263787,263801,263804,3,14
263787,263802,263805,3,15
263787,263803,263805,2,16
263787,263803,263806,3,16
263787,263803,263806,3,16
263787,263803,263806,3,16
263787,263803,263806,3,16
263787,263803,263806,3,16
263787,263803,263806,3,16
263787,263803,263806,3,16
263787,263803,263806,3,16
263787,263803,263806,3,16
263787,263803,263806,3,16
263787,263803,263806,3,16
263787,263803,263806,3,16
263787,263806,263807,1,19
263787,263803,263806,3,16
263787,263803,263806,3,16
263787,263803,263806,3,16
263787,263804,263807,3,17
263787,263803,263807,4,16
263787,263804,263807,3,17
263787,263806,263807,1,19
263787,263806,263807,1,19
263787,263803,263807,4,16
263787,263804,263807,3,17
263787,263807,263808,1,20
263787,263807,263808,1,20
263787,263806,263807,1,19
263787,263804,263807,3,17
263787,263804,263807,3,17
263787,263807,263808,1,20
263787,263806,263807,1,19
263787,263806,263808,2,19
263787,263805,263808,3,18
263787,263807,263808,1,20
263787,263807,263808,1,20
263787,263807,263809,2,20
260374,260404,264043,3639,30
264045,264045,264046,1,0
260629,260681,264046,3365,52
264045,264045,264047,2,0
264045,264045,264047,2,0
264045,264046,264047,1,1
264045,264046,264047,1,1
264045,264046,264047,1,1
264045,264045,264048,3,0
264045,264046,264048,2,1
264045,264046,264047,1,1
264045,264046,264047,1,1
264045,264046,264047,1,1
264045,264046,264047,1,1
264045,264045,264047,2,0
264045,264046,264047,1,1
264045,264046,264047,1,1
264045,264045,264047,2,0
264045,264046,264047,1,1
264045,264046,264047,1,1
264045,264046,264047,1,1
264045,264045,264048,3,0
264045,264045,264048,3,0
264045,264046,264048,2,1
264045,264046,264048,2,1
264045,264047,264048,1,2
264045,264046,264048,2,1
264045,264046,264048,2,1
264045,264047,264048,1,2
264045,264048,264050,2,3
264045,264048,264049,1,3
264045,264048,264049,1,3
264045,264048,264049,1,3
264045,264048,264049,1,3
264045,264048,264049,1,3
264045,264048,264049,1,3
264045,264048,264050,2,3
264045,264048,264049,1,3
264045,264048,264050,2,3
264045,264048,264049,1,3
264045,264048,264049,1,3
264045,264048,264049,1,3
264045,264048,264049,1,3
264045,264048,264049,1,3
264045,264048,264049,1,3
264045,264048,264049,1,3
264045,264049,264050,1,4
264045,264048,264050,2,3
264045,264049,264052,3,4
264045,264049,264051,2,4
264045,264050,264052,2,5
264045,264049,264051,2,4
264045,264049,264051,2,4
264045,264050,264051,1,5
264045,264050,264052,2,5
264045,264049,264051,2,4
264045,264049,264051,2,4
264045,264049,264051,2,4
264045,264050,264052,2,5
264045,264050,264052,2,5
264045,264050,264052,2,5
264045,264050,264052,2,5
264045,264050,264052,2,5
264045,264050,264052,2,5
264045,264051,264052,1,6
264045,264052,264053,1,7
264045,264050,264052,2,5
264045,264050,264052,2,5
264045,264050,264052,2,5
264045,264050,264052,2,5
264045,264050,264052,2,5
264045,264050,264052,2,5
264045,264050,264052,2,5
264045,264050,264052,2,5
264045,264051,264052,1,6
264045,264052,264053,1,7
264045,264052,264054,2,7
264045,264052,264053,1,7
264045,264052,264053,1,7
264045,264053,264054,1,8
264045,264052,264053,1,7
264045,264052,264054,2,7
264045,264052,264053,1,7
264045,264053,264054,1,8
264045,264053,264054,1,8
264045,264052,264053,1,7
264045,264052,264053,1,7
264045,264052,264053,1,7
264045,264052,264053,1,7
264045,264053,264054,1,8
264045,264053,264054,1,8
264045,264053,264054,1,8
264045,264053,264054,1,8
264045,264053,264054,1,8
264045,264054,264055,1,9
264045,264053,264054,1,8
264045,264053,264054,1,8
264045,264053,264054,1,8
264045,264053,264054,1,8
264045,264053,264054,1,8
264045,264053,264054,1,8
264045,264054,264055,1,9
264045,264052,264055,3,7
264045,264054,264055,1,9
264045,264054,264055,1,9
264045,264054,264055,1,9
264045,264054,264056,2,9
264045,264054,264055,1,9
264045,264054,264055,1,9
264045,264054,264056,2,9
264045,264055,264057,2,10
264045,264054,264056,2,9
264045,264054,264057,3,9
264045,264054,264057,3,9
264045,264055,264057,2,10
264045,264055,264057,2,10
264045,264054,264056,2,9
264045,264054,264057,3,9
264045,264054,264057,3,9
264045,264055,264057,2,10
264045,264055,264057,2,10
264045,264055,264058,3,10
264045,264056,264058,2,11
264045,264055,264057,2,10
264045,264057,264058,1,12
264045,264056,264057,1,11
264045,264056,264057,1,11
264045,264055,264058,3,10
264045,264056,264058,2,11
264045,264055,264057,2,10
264045,264057,264058,1,12
264045,264057,264058,1,12
264045,264055,264058,3,10
264045,264056,264058,2,11
264045,264057,264058,1,12
264045,264057,264058,1,12
264045,264055,264057,2,10
264045,264057,264058,1,12
264045,264056,264058,2,11
264045,264056,264058,2,11
264045,264056,264058,2,11
264045,264058,264059,1,13
264045,264056,264059,3,11
264045,264058,264059,1,13
264045,264058,264059,1,13
264045,264057,264059,2,12
264045,264058,264059,1,13
264045,264057,264058,1,12
264045,264057,264058,1,12
264045,264058,264059,1,13
264045,264058,264059,1,13
264045,264058,264059,1,13
264045,264058,264059,1,13
264045,264059,264060,1,14
264045,264058,264060,2,13
264045,264058,264059,1,13
264045,264059,264060,1,14
264045,264058,264060,2,13
264045,264058,264059,1,13
264045,264058,264060,2,13
264045,264058,264060,2,13
264045,264058,264060,2,13
264045,264058,264060,2,13
264045,264058,264060,2,13
264045,264058,264060,2,13
264045,264059,264060,1,14
264045,264059,264060,1,14
264045,264059,264060,1,14
264045,264058,264061,3,13
264045,264059,264060,1,14
264045,264059,264060,1,14
264045,264059,264061,2,14
264045,264059,264062,3,14
264045,264059,264062,3,14
264045,264059,264062,3,14
264045,264059,264062,3,14
264045,264060,264063,3,15
264045,264060,264062,2,15
264045,264060,264063,3,15
264045,264060,264062,2,15
264045,264060,264063,3,15
264045,264060,264063,3,15
264045,264061,264063,2,16
264045,264060,264063,3,15
264045,264059,264062,3,14
264045,264060,264063,3,15
264045,264060,264063,3,15
264045,264060,264063,3,15
264045,264060,264063,3,15
264045,264060,264063,3,15
264045,264059,264063,4,14
264045,264063,264064,1,18
264045,264061,264064,3,16
264045,264061,264064,3,16
264045,264061,264064,3,16
264048,264063,264064,1,15
264045,264061,264064,3,16
264045,264061,264064,3,16
264048,264063,264064,1,15
264048,264063,264064,1,15
264048,264063,264064,1,15
264048,264063,264064,1,15
264045,264060,264063,3,15
264045,264061,264063,2,16
264048,264063,264064,1,15
264048,264064,264065,1,16
264048,264064,264065,1,16
264048,264063,264064,1,15
264048,264063,264065,2,15
264048,264063,264064,1,15
264048,264063,264064,1,15
264048,264064,264065,1,16
264048,264064,264065,1,16
264048,264064,264065,1,16
264048,264064,264066,2,16
264048,264064,264066,2,16
264048,264064,264066,2,16
264048,264064,264066,2,16
264048,264064,264066,2,16
264048,264064,264066,2,16
264048,264064,264066,2,16
264048,264064,264066,2,16
264048,264064,264066,2,16
264048,264064,264067,3,16
264048,264064,264068,4,16
264048,264066,264068,2,18
264048,264064,264068,4,16
264048,264065,264068,3,17
264048,264066,264068,2,18
264048,264065,264068,3,17
264048,264065,264068,3,17
264048,264066,264069,3,18
264048,264066,264069,3,18
264048,264065,264069,4,17
264048,264065,264068,3,17
264048,264065,264068,3,17
264048,264066,264069,3,18
264048,264066,264069,3,18
264048,264066,264069,3,18
264048,264066,264068,2,18
264048,264065,264069,4,17
264048,264066,264069,3,18
264048,264065,264069,4,17
264048,264067,264069,2,19
264048,264067,264070,3,19
264048,264066,264069,3,18
264048,264066,264069,3,18
264048,264068,264070,2,20
264048,264068,264070,2,20
264048,264069,264070,1,21
264048,264069,264070,1,21
264048,264069,264070,1,21
264048,264069,264070,1,21
264048,264069,264070,1,21
264048,264069,264070,1,21
264048,264069,264071,2,21
264048,264069,264070,1,21
264048,264069,264071,2,21
264048,264069,264071,2,21
264048,264069,264071,2,21
264048,264064,264070,6,16
264048,264069,264071,2,21
264048,264069,264071,2,21
264048,264070,264071,1,22
264048,264070,264071,1,22
264048,264070,264071,1,22
264048,264070,264071,1,22
264048,264070,264072,2,22
264048,264069,264072,3,21
264048,264070,264071,1,22
264048,264071,264072,1,23
264048,264071,264072,1,23
264048,264071,264072,1,23
264048,264069,264073,4,21
264048,264071,264073,2,23
264048,264072,264074,2,24
264048,264072,264074,2,24
264048,264071,264074,3,23
264048,264071,264075,4,23
264048,264071,264074,3,23
264048,264071,264074,3,23
264048,264071,264075,4,23
264048,264071,264075,4,23
264048,264071,264075,4,23
264048,264071,264075,4,23
264048,264072,264075,3,24
264048,264072,264075,3,24
264048,264072,264075,3,24
264048,264072,264075,3,24
264048,264072,264075,3,24
264048,264072,264075,3,24
264048,264075,264076,1,27
264048,264072,264075,3,24
264048,264075,264076,1,27
264048,264075,264076,1,27
264048,264075,264076,1,27
264048,264072,264076,4,24
264048,264072,264075,3,24
264048,264073,264077,4,25
264048,264073,264076,3,25
264048,264074,264076,2,26
264048,264076,264077,1,28
264048,264073,264076,3,25
264048,264074,264076,2,26
264048,264076,264077,1,28
264048,264076,264077,1,28
264048,264075,264076,1,27
264048,264075,264076,1,27
264048,264076,264077,1,28
264048,264076,264077,1,28
264048,264075,264076,1,27
264048,264075,264076,1,27
264048,264075,264076,1,27
264048,264076,264077,1,28
264048,264077,264078,1,29
264048,264077,264078,1,29
264048,264076,264077,1,28
264048,264077,264078,1,29
264048,264076,264077,1,28
264048,264076,264077,1,28
264048,264076,264078,2,28
264048,264076,264078,2,28
264048,264076,264077,1,28
264048,264077,264079,2,29
264048,264077,264078,1,29
264048,264077,264078,1,29
264048,264077,264079,2,29
264048,264077,264080,3,29
264048,264071,264080,9,23
264048,264077,264080,3,29
264048,264077,264080,3,29
264048,264077,264080,3,29
264048,264077,264080,3,29
264048,264078,264080,2,30
264048,264078,264080,2,30
264048,264077,264080,3,29
264048,264078,264081,3,30
264048,264078,264080,2,30
264048,264077,264080,3,29
264048,264078,264081,3,30
264048,264078,264080,2,30
264048,264079,264081,2,31
264048,264079,264081,2,31
264048,264078,264081,3,30
264048,264077,264081,4,29
264048,264077,264081,4,29
264048,264077,264081,4,29
264048,264077,264081,4,29
264048,264080,264081,1,32
264048,264080,264081,1,32
264048,264081,264082,1,33
264048,264081,264082,1,33
264048,264080,264082,2,32
264048,264081,264082,1,33
264048,264079,264082,3,31
264048,264078,264082,4,30
264048,264081,264082,1,33
264048,264081,264082,1,33
264048,264078,264081,3,30
264048,264081,264082,1,33
264048,264081,264082,1,33
264048,264082,264083,1,34
264048,264080,264082,2,32
264048,264080,264082,2,32
264048,264082,264083,1,34
264048,264080,264082,2,32
264048,264081,264082,1,33
264048,264081,264082,1,33
264048,264082,264083,1,34
264048,264081,264083,2,33
264048,264081,264083,2,33
264048,264081,264083,2,33
264048,264082,264083,1,34
264048,264081,264083,2,33
264048,264083,264084,1,35
264048,264082,264083,1,34
264048,264082,264084,2,34
264048,264082,264084,2,34
264048,264082,264084,2,34
264048,264082,264083,1,34
264048,264082,264084,2,34
264048,264083,264084,1,35
264048,264083,264084,1,35
264048,264080,264086,6,32
260322,260337,264122,3785,15
264124,264124,264125,1,0
264124,264124,264125,1,0
264124,264124,264125,1,0
264124,264124,264126,2,0
264124,264124,264126,2,0
264124,264124,264126,2,0
264124,264124,264126,2,0
264124,264124,264125,1,0
264124,264124,264125,1,0
264124,264124,264126,2,0
264124,264124,264126,2,0
264124,264124,264125,1,0
264124,264124,264125,1,0
264124,264124,264125,1,0
264124,264124,264125,1,0
264124,264124,264125,1,0
264124,264124,264125,1,0
264124,264124,264126,2,0
264124,264124,264125,1,0
264124,264125,264126,1,1
264124,264124,264126,2,0
264124,264124,264126,2,0
264124,264125,264127,2,1
264124,264124,264127,3,0
264124,264125,264127,2,1
264124,264126,264128,2,2
264124,264126,264128,2,2
264124,264126,264128,2,2
264124,264127,264128,1,3
264124,264126,264128,2,2
264124,264126,264128,2,2
264124,264126,264128,2,2
264124,264126,264128,2,2
264124,264126,264128,2,2
264124,264126,264128,2,2
264124,264126,264128,2,2
264124,264126,264128,2,2
264124,264126,264128,2,2
264124,264127,264128,1,3
264124,264128,264129,1,4
264124,264126,264128,2,2
264124,264127,264129,2,3
264124,264127,264129,2,3
264124,264126,264129,3,2
264124,264126,264129,3,2
264124,264126,264129,3,2
264124,264127,264128,1,3
264124,264128,264129,1,4
264124,264127,264129,2,3
264124,264128,264130,2,4
264124,264128,264130,2,4
264124,264128,264130,2,4
264124,264129,264130,1,5
264124,264128,264129,1,4
264124,264128,264129,1,4
264124,264128,264130,2,4
264124,264128,264130,2,4
264124,264128,264129,1,4
264124,264128,264130,2,4
264124,264128,264130,2,4
264124,264128,264130,2,4
264124,264129,264131,2,5
264124,264129,264131,2,5
264124,264129,264131,2,5
264124,264129,264131,2,5
264124,264130,264131,1,6
264124,264129,264131,2,5
264124,264129,264131,2,5
264124,264129,264131,2,5
264124,264129,264131,2,5
264124,264129,264131,2,5
264124,264129,264131,2,5
264124,264130,264131,1,6
264124,264129,264131,2,5
264124,264130,264131,1,6
264124,264130,264131,1,6
264124,264129,264130,1,5
264124,264131,264132,1,7
264124,264131,264132,1,7
264124,264130,264131,1,6
264124,264130,264132,2,6
264124,264131,264132,1,7
264124,264130,264132,2,6
264124,264130,264132,2,6
264124,264131,264132,1,7
264124,264130,264132,2,6
264124,264131,264132,1,7
264124,264130,264132,2,6
264124,264131,264133,2,7
264124,264131,264132,1,7
264124,264131,264132,1,7
264124,264132,264133,1,8
264124,264131,264133,2,7
264124,264131,264133,2,7
264124,264131,264133,2,7
264124,264131,264133,2,7
264124,264131,264133,2,7
264124,264131,264133,2,7
264124,264133,264134,1,9
264124,264132,264133,1,8
264124,264132,264133,1,8
264124,264133,264134,1,9
264124,264131,264133,2,7
264124,264134,264135,1,10
264124,264134,264135,1,10
264124,264133,264134,1,9
264124,264133,264134,1,9
264124,264133,264134,1,9
264124,264133,264134,1,9
264124,264133,264134,1,9
264124,264133,264134,1,9
264124,264133,264135,2,9
264124,264133,264135,2,9
264124,264133,264135,2,9
264124,264134,264135,1,10
264124,264134,264136,2,10
264124,264134,264135,1,10
264124,264134,264135,1,10
264124,264134,264135,1,10
264124,264134,264135,1,10
264124,264135,264136,1,11
264124,264134,264135,1,10
264124,264134,264135,1,10
264124,264134,264135,1,10
264124,264134,264135,1,10
264124,264134,264135,1,10
264124,264134,264135,1,10
264124,264135,264136,1,11
264124,264134,264136,2,10
264124,264136,264137,1,12
264124,264136,264137,1,12
264124,264135,264136,1,11
264124,264135,264136,1,11
264124,264136,264137,1,12
264124,264135,264137,2,11
264124,264135,264137,2,11
264124,264136,264137,1,12
264124,264136,264137,1,12
264124,264136,264137,1,12
264124,264136,264138,2,12
264124,264136,264137,1,12
264124,264136,264137,1,12
264124,264137,264138,1,13
264124,264136,264137,1,12
264124,264136,264137,1,12
264124,264136,264137,1,12
264124,264136,264137,1,12
264124,264136,264137,1,12
264124,264136,264137,1,12
264124,264137,264138,1,13
264124,264137,264138,1,13
264124,264135,264137,2,11
264124,264136,264138,2,12
264124,264136,264138,2,12
264124,264138,264139,1,14
264124,264138,264139,1,14
264124,264137,264138,1,13
264124,264137,264138,1,13
264124,264138,264139,1,14
264124,264137,264139,2,13
264124,264137,264139,2,13
264124,264138,264139,1,14
264124,264138,264139,1,14
264124,264138,264139,1,14
264124,264138,264139,1,14
264124,264138,264139,1,14
264124,264138,264139,1,14
264124,264138,264139,1,14
264124,264138,264139,1,14
264124,264138,264139,1,14
264124,264138,264139,1,14
264124,264138,264140,2,14
264124,264138,264140,2,14
264124,264138,264140,2,14
264124,264138,264140,2,14
264124,264138,264140,2,14
264124,264138,264140,2,14
264124,264139,264141,2,15
264124,264139,264140,1,15
264124,264139,264141,2,15
264124,264138,264140,2,14
264124,264139,264141,2,15
264124,264139,264141,2,15
264124,264140,264142,2,16
264124,264139,264141,2,15
264124,264140,264142,2,16
264124,264140,264141,1,16
264124,264140,264141,1,16
264124,264140,264142,2,16
264124,264139,264141,2,15
264124,264139,264141,2,15
247387,247388,267679,20291,1
267339,267680,287947,20267,341
258985,259002,297046,38044,17
259105,259125,297465,38340,20
259322,259337,297539,38202,15
259602,259620,297577,37957,18
261225,261240,297706,36466,15
287782,287950,297941,9991,168
260366,260383,297994,37611,17
262035,262054,298243,36189,19
262213,262228,298414,36186,15
260710,260728,298522,37794,18
260625,260641,298613,37972,16
261134,261148,298643,37495,14
260631,260681,298658,37977,50
261486,261500,299057,37557,14
262019,262034,299804,37770,15
263789,263807,299951,36144,18
264049,264083,299958,35875,34
262410,262424,300174,37750,14
264125,264140,300309,36169,15
263282,263294,300886,37592,12
264047,264063,301842,37779,16
298087,298088,315598,17510,1
325539,325539,325541,2,0
325539,325539,325541,2,0
325539,325539,325541,2,0
325539,325539,325541,2,0
325539,325539,325541,2,0
325539,325539,325541,2,0
325539,325539,325541,2,0
325539,325539,325541,2,0
325539,325539,325542,3,0
325539,325539,325542,3,0
325539,325541,325542,1,2
325539,325539,325542,3,0
325539,325541,325542,1,2
325539,325541,325542,1,2
325539,325539,325543,4,0
325539,325539,325542,3,0
325539,325539,325542,3,0
325539,325539,325542,3,0
325539,325539,325542,3,0
325539,325539,325542,3,0
325539,325539,325542,3,0
325539,325539,325542,3,0
325539,325539,325542,3,0
325539,325542,325543,1,3
325539,325542,325543,1,3
325539,325542,325543,1,3
325539,325542,325543,1,3
325539,325539,325544,5,0
325539,325539,325544,5,0
325539,325542,325543,1,3
325539,325539,325544,5,0
325539,325543,325545,2,4
325539,325543,325544,1,4
325539,325543,325545,2,4
325539,325543,325545,2,4
325539,325543,325544,1,4
325539,325543,325544,1,4
325539,325543,325545,2,4
325539,325543,325544,1,4
325539,325539,325544,5,0
325539,325543,325545,2,4
325539,325543,325545,2,4
325539,325544,325546,2,5
325539,325543,325546,3,4
325539,325543,325546,3,4
325539,325544,325545,1,5
325539,325544,325545,1,5
325539,325544,325546,2,5
325539,325544,325545,1,5
325539,325543,325546,3,4
325539,325543,325546,3,4
325539,325543,325546,3,4
325539,325544,325546,2,5
325539,325544,325547,3,5
325539,325545,325546,1,6
325539,325545,325547,2,6
325539,325545,325547,2,6
325539,325545,325547,2,6
325539,325545,325546,1,6
325539,325545,325546,1,6
325539,325545,325547,2,6
325539,325545,325548,3,6
325539,325545,325547,2,6
325539,325546,325548,2,7
325539,325546,325548,2,7
325539,325545,325547,2,6
325539,325546,325547,1,7
325539,325546,325548,2,7
325539,325546,325548,2,7
325539,325546,325548,2,7
325539,325546,325548,2,7
325539,325546,325549,3,7
325539,325546,325548,2,7
325539,325546,325549,3,7
325539,325546,325549,3,7
325539,325547,325549,2,8
325539,325547,325550,3,8
325539,325547,325550,3,8
325539,325546,325550,4,7
325539,325547,325550,3,8
325539,325547,325550,3,8
325539,325547,325550,3,8
325539,325547,325549,2,8
325539,325548,325549,1,9
325539,325548,325551,3,9
325539,325547,325551,4,8
325539,325549,325551,2,10
325539,325546,325550,4,7
325539,325548,325551,3,9
325539,325549,325551,2,10
325539,325549,325551,2,10
325539,325549,325551,2,10
325539,325549,325551,2,10
325539,325548,325551,3,9
325539,325548,325552,4,9
325539,325549,325552,3,10
325539,325549,325552,3,10
325539,325549,325552,3,10
325539,325550,325552,2,11
325539,325550,325552,2,11
325539,325550,325552,2,11
325539,325550,325552,2,11
325539,325550,325552,2,11
325539,325550,325552,2,11
325539,325550,325552,2,11
325539,325550,325552,2,11
325539,325550,325552,2,11
325539,325548,325553,5,9
325539,325551,325553,2,12
325539,325551,325553,2,12
325539,325551,325553,2,12
325539,325551,325553,2,12
325539,325551,325553,2,12
325539,325551,325553,2,12
325539,325552,325554,2,13
325539,325552,325554,2,13
325539,325552,325554,2,13
325539,325552,325554,2,13
325539,325552,325554,2,13
325539,325552,325554,2,13
325539,325552,325554,2,13
325539,325551,325554,3,12
325539,325551,325554,3,12
325539,325551,325554,3,12
325539,325553,325554,1,14
325539,325553,325554,1,14
325539,325553,325554,1,14
325539,325553,325554,1,14
325539,325553,325554,1,14
325539,325552,325554,2,13
325539,325553,325555,2,14
325539,325552,325555,3,13
325539,325554,325555,1,15
325539,325554,325555,1,15
325539,325554,325555,1,15
325539,325553,325556,3,14
325539,325553,325556,3,14
325539,325555,325556,1,16
325539,325555,325556,1,16
325539,325555,325556,1,16
325539,325555,325556,1,16
325539,325555,325556,1,16
325539,325555,325556,1,16
325539,325555,325556,1,16
325539,325555,325556,1,16
325539,325554,325557,3,15
325539,325555,325557,2,16
325539,325554,325557,3,15
325539,325554,325558,4,15
325539,325554,325557,3,15
325539,325555,325557,2,16
325539,325555,325557,2,16
325539,325555,325557,2,16
325539,325556,325557,1,17
325539,325556,325558,2,17
325539,325556,325558,2,17
325539,325556,325558,2,17
325539,325556,325558,2,17
325539,325557,325560,3,18
325539,325554,325559,5,15
325539,325557,325560,3,18
325539,325557,325560,3,18
325539,325557,325559,2,18
325539,325558,325559,1,19
325539,325558,325560,2,19
325539,325558,325560,2,19
325539,325558,325560,2,19
325539,325557,325559,2,18
325539,325557,325559,2,18
325539,325557,325560,3,18
325539,325557,325560,3,18
325539,325557,325559,2,18
325539,325557,325560,3,18
325539,325558,325561,3,19
325539,325558,325560,2,19
325539,325559,325561,2,20
325539,325559,325560,1,20
325539,325559,325560,1,20
325539,325559,325560,1,20
325539,325558,325561,3,19
325539,325558,325561,3,19
325539,325560,325561,1,21
325539,325558,325561,3,19
325539,325560,325562,2,21
325539,325560,325561,1,21
325539,325560,325561,1,21
325539,325560,325561,1,21
325539,325560,325561,1,21
325539,325560,325561,1,21
325539,325560,325561,1,21
325539,325560,325562,2,21
325539,325560,325562,2,21
325539,325560,325561,1,21
325539,325560,325562,2,21
325539,325560,325562,2,21
325539,325560,325563,3,21
325539,325561,325563,2,22
325539,325561,325563,2,22
325539,325561,325563,2,22
325539,325561,325563,2,22
325570,325570,325571,1,0
325570,325570,325571,1,0
325570,325570,325572,2,0
325570,325570,325571,1,0
325570,325570,325571,1,0
325570,325570,325572,2,0
325570,325570,325571,1,0
325570,325570,325571,1,0
325570,325570,325572,2,0
325570,325570,325572,2,0
325570,325570,325572,2,0
325570,325570,325572,2,0
325570,325570,325572,2,0
325570,325570,325572,2,0
325570,325570,325572,2,0
325570,325570,325573,3,0
325570,325570,325573,3,0
325570,325570,325573,3,0
325570,325570,325573,3,0
325570,325570,325572,2,0
325570,325570,325572,2,0
325570,325572,325574,2,2
325570,325572,325573,1,2
325570,325572,325573,1,2
325570,325572,325573,1,2
325570,325572,325573,1,2
325570,325572,325574,2,2
325570,325572,325573,1,2
325570,325572,325573,1,2
325570,325572,325573,1,2
325570,325572,325573,1,2
325570,325572,325573,1,2
325570,325570,325573,3,0
325570,325570,325573,3,0
325570,325570,325573,3,0
325570,325572,325575,3,2
325570,325574,325576,2,4
325570,325574,325576,2,4
325570,325573,325576,3,3
325570,325574,325576,2,4
325570,325574,325576,2,4
325570,325574,325575,1,4
325570,325574,325576,2,4
325570,325574,325576,2,4
325570,325573,325577,4,3
325570,325573,325576,3,3
325570,325574,325576,2,4
325570,325574,325576,2,4
325570,325574,325576,2,4
325570,325574,325577,3,4
325570,325574,325577,3,4
325570,325574,325577,3,4
325570,325573,325578,5,3
325570,325573,325577,4,3
325570,325573,325578,5,3
325570,325573,325578,5,3
325570,325573,325578,5,3
325570,325575,325577,2,5
325570,325576,325578,2,6
325570,325576,325578,2,6
325570,325576,325578,2,6
325570,325576,325578,2,6
325570,325576,325578,2,6
325570,325576,325578,2,6
325570,325576,325578,2,6
325570,325576,325578,2,6
325570,325573,325578,5,3
325570,325577,325579,2,7
325570,325577,325579,2,7
325570,325577,325579,2,7
325570,325577,325579,2,7
325570,325577,325580,3,7
325570,325578,325580,2,8
325570,325578,325580,2,8
325570,325574,325579,5,4
325570,325578,325580,2,8
325570,325578,325580,2,8
325570,325578,325580,2,8
325570,325578,325580,2,8
325570,325578,325580,2,8
325570,325578,325580,2,8
325570,325578,325580,2,8
325570,325578,325580,2,8
325570,325577,325581,4,7
325570,325579,325581,2,9
325570,325578,325581,3,8
325570,325578,325581,3,8
325570,325578,325580,2,8
325570,325578,325580,2,8
325570,325579,325581,2,9
325570,325579,325581,2,9
325570,325579,325581,2,9
325570,325579,325581,2,9
325570,325580,325582,2,10
325570,325580,325582,2,10
325570,325577,325581,4,7
325570,325577,325582,5,7
325570,325580,325582,2,10
325570,325580,325582,2,10
325570,325580,325582,2,10
325570,325580,325582,2,10
325570,325580,325582,2,10
325570,325580,325582,2,10
325570,325580,325582,2,10
325570,325580,325582,2,10
325570,325580,325582,2,10
325570,325580,325583,3,10
325570,325581,325584,3,11
325570,325581,325584,3,11
325570,325581,325584,3,11
325570,325581,325584,3,11
325570,325582,325584,2,12
325570,325582,325584,2,12
325570,325582,325584,2,12
325570,325581,325584,3,11
325570,325581,325585,4,11
325570,325581,325585,4,11
325570,325582,325585,3,12
325570,325583,325585,2,13
325570,325583,325585,2,13
325570,325583,325585,2,13
325570,325583,325585,2,13
325570,325583,325585,2,13
325570,325583,325585,2,13
325570,325583,325585,2,13
325570,325582,325586,4,12
325570,325582,325586,4,12
325570,325582,325586,4,12
325570,325582,325586,4,12
325570,325583,325587,4,13
325570,325583,325587,4,13
325570,325585,325587,2,15
325570,325586,325588,2,16
325570,325585,325587,2,15
325570,325585,325587,2,15
325570,325586,325587,1,16
325570,325585,325587,2,15
325570,325586,325587,1,16
325570,325586,325587,1,16
325570,325586,325587,1,16
325570,325584,325588,4,14
325570,325584,325588,4,14
325570,325584,325588,4,14
325570,325585,325588,3,15
325570,325586,325588,2,16
325570,325586,325588,2,16
325570,325586,325588,2,16
325570,325586,325589,3,16
325570,325587,325589,2,17
325570,325588,325589,1,18
325570,325587,325589,2,17
325570,325587,325589,2,17
325570,325588,325589,1,18
325570,325588,325589,1,18
325570,325588,325589,1,18
325570,325588,325589,1,18
325570,325588,325589,1,18
325570,325588,325589,1,18
325570,325588,325589,1,18
325570,325588,325589,1,18
325570,325588,325589,1,18
325570,325586,325590,4,16
325570,325586,325590,4,16
325570,325589,325590,1,19
325570,325588,325590,2,18
325570,325589,325590,1,19
325570,325589,325590,1,19
325570,325589,325590,1,19
325570,325589,325591,2,19
325570,325589,325591,2,19
325570,325590,325592,2,20
325570,325590,325591,1,20
325570,325589,325591,2,19
325570,325590,325592,2,20
325570,325590,325592,2,20
325570,325590,325592,2,20
325570,325590,325592,2,20
325570,325590,325592,2,20
325570,325591,325593,2,21
325570,325590,325592,2,20
325570,325590,325592,2,20
325570,325591,325592,1,21
325570,325591,325592,1,21
325570,325590,325592,2,20
325570,325590,325592,2,20
325570,325590,325592,2,20
325570,325590,325592,2,20
325570,325590,325592,2,20
325570,325591,325593,2,21
325570,325591,325593,2,21
325570,325591,325593,2,21
325570,325592,325594,2,22
325570,325592,325594,2,22
325570,325592,325594,2,22
325570,325591,325593,2,21
325570,325592,325594,2,22
325570,325592,325594,2,22
325570,325592,325594,2,22
325570,325592,325595,3,22
325570,325592,325595,3,22
325601,325601,325603,2,0
325601,325601,325603,2,0
325601,325601,325603,2,0
325601,325601,325603,2,0
325601,325601,325603,2,0
325601,325601,325603,2,0
325601,325601,325603,2,0
325601,325601,325603,2,0
325601,325601,325604,3,0
325601,325601,325604,3,0
325601,325601,325603,2,0
325601,325601,325604,3,0
325601,325601,325604,3,0
325601,325601,325604,3,0
325601,325601,325604,3,0
325601,325601,325604,3,0
325601,325601,325604,3,0
325601,325603,325605,2,2
325601,325603,325605,2,2
325601,325601,325604,3,0
325601,325603,325606,3,2
325601,325603,325606,3,2
325601,325603,325606,3,2
325601,325604,325606,2,3
325601,325601,325605,4,0
325601,325601,325606,5,0
325601,325603,325606,3,2
325601,325603,325606,3,2
325601,325604,325606,2,3
325601,325603,325606,3,2
325601,325604,325606,2,3
325601,325601,325605,4,0
325601,325601,325606,5,0
325601,325601,325607,6,0
325601,325601,325607,6,0
325601,325604,325607,3,3
325601,325604,325607,3,3
325601,325604,325607,3,3
325601,325605,325607,2,4
325601,325605,325607,2,4
325601,325605,325607,2,4
325601,325606,325608,2,5
325601,325606,325608,2,5
325601,325606,325608,2,5
325601,325606,325608,2,5
325601,325605,325608,3,4
325601,325605,325608,3,4
325601,325606,325608,2,5
325601,325604,325608,4,3
325601,325607,325608,1,6
325601,325607,325608,1,6
325601,325607,325608,1,6
325601,325607,325608,1,6
325601,325607,325608,1,6
325601,325607,325608,1,6
325601,325607,325608,1,6
325601,325608,325609,1,7
325601,325608,325609,1,7
325601,325607,325609,2,6
325601,325608,325609,1,7
325601,325608,325610,2,7
325601,325608,325610,2,7
325601,325608,325610,2,7
325601,325608,325610,2,7
325601,325609,325611,2,8
325601,325609,325611,2,8
325601,325609,325611,2,8
325601,325609,325611,2,8
325601,325609,325611,2,8
325601,325608,325611,3,7
325601,325609,325611,2,8
325601,325609,325611,2,8
325601,325609,325611,2,8
325601,325609,325611,2,8
325601,325609,325611,2,8
325601,325609,325612,3,8
325601,325609,325612,3,8
325601,325609,325612,3,8
325601,325609,325612,3,8
325601,325610,325612,2,9
325601,325610,325612,2,9
325601,325610,325612,2,9
325601,325612,325614,2,11
325601,325612,325614,2,11
325601,325610,325613,3,9
325601,325609,325613,4,8
325601,325611,325614,3,10
325601,325612,325614,2,11
325601,325612,325614,2,11
325601,325612,325614,2,11
325601,325612,325614,2,11
325601,325612,325614,2,11
325601,325612,325614,2,11
325601,325612,325614,2,11
325601,325612,325615,3,11
325601,325613,325616,3,12
325601,325611,325615,4,10
325601,325611,325615,4,10
325601,325611,325615,4,10
325601,325612,325615,3,11
325601,325613,325615,2,12
325601,325613,325615,2,12
325601,325614,325616,2,13
325601,325614,325616,2,13
325601,325615,325617,2,14
325601,325613,325616,3,12
325601,325613,325616,3,12
325601,325613,325616,3,12
325601,325613,325616,3,12
325601,325615,325617,2,14
325601,325615,325617,2,14
325601,325615,325617,2,14
325601,325615,325617,2,14
325601,325615,325616,1,14
325601,325615,325617,2,14
325601,325614,325617,3,13
325601,325614,325617,3,13
325601,325616,325618,2,15
325601,325614,325617,3,13
325601,325616,325617,1,15
325601,325616,325618,2,15
325601,325617,325618,1,16
325601,325617,325618,1,16
325601,325617,325618,1,16
325601,325616,325618,2,15
325601,325616,325618,2,15
325601,325616,325619,3,15
325601,325616,325619,3,15
325601,325616,325618,2,15
325601,325617,325619,2,16
325601,325617,325619,2,16
325601,325617,325618,1,16
325601,325617,325619,2,16
325601,325617,325618,1,16
325601,325617,325618,1,16
325601,325617,325619,2,16
325601,325617,325619,2,16
325601,325617,325619,2,16
325601,325618,325620,2,17
325601,325619,325621,2,18
325601,325618,325620,2,17
325601,325618,325621,3,17
325601,325619,325621,2,18
325601,325619,325621,2,18
325601,325618,325621,3,17
325601,325619,325621,2,18
325601,325619,325621,2,18
325601,325619,325621,2,18
325601,325619,325621,2,18
325601,325619,325621,2,18
325601,325619,325621,2,18
325601,325618,325621,3,17
325601,325619,325621,2,18
325601,325619,325621,2,18
325601,325620,325622,2,19
325601,325618,325622,4,17
325601,325619,325621,2,18
325601,325619,325621,2,18
325601,325619,325621,2,18
325601,325618,325622,4,17
325601,325620,325622,2,19
325601,325621,325622,1,20
325601,325620,325622,2,19
325601,325621,325623,2,20
325601,325621,325623,2,20
325601,325621,325623,2,20
325601,325621,325623,2,20
325601,325622,325623,1,21
325601,325622,325623,1,21
325601,325622,325623,1,21
325601,325622,325624,2,21
325601,325621,325623,2,20
325601,325621,325624,3,20
325601,325621,325624,3,20
325601,325621,325624,3,20
325601,325621,325624,3,20
325601,325623,325624,1,22
325601,325622,325624,2,21
325601,325622,325624,2,21
325601,325622,325625,3,21
325601,325622,325625,3,21
325601,325622,325625,3,21
325601,325622,325624,2,21
325601,325622,325624,2,21
325601,325622,325624,2,21
325601,325622,325625,3,21
325601,325623,325626,3,22
325601,325623,325626,3,22
325601,325624,325626,2,23
325601,325624,325626,2,23
325601,325623,325626,3,22
325601,325623,325626,3,22
325601,325624,325626,2,23
325601,325624,325626,2,23
325601,325624,325626,2,23
325601,325624,325626,2,23
325601,325624,325627,3,23
325601,325623,325626,3,22
325601,325624,325627,3,23
325601,325624,325627,3,23
325634,325634,325636,2,0
325634,325634,325635,1,0
325634,325634,325636,2,0
325634,325634,325635,1,0
325634,325634,325636,2,0
325634,325634,325636,2,0
325634,325634,325635,1,0
325634,325634,325636,2,0
325634,325634,325635,1,0
325634,325634,325636,2,0
325634,325634,325636,2,0
325634,325634,325636,2,0
325634,325634,325637,3,0
325634,325634,325637,3,0
325634,325634,325636,2,0
325634,325634,325637,3,0
325634,325634,325637,3,0
325634,325634,325637,3,0
325634,325634,325637,3,0
325634,325634,325637,3,0
325634,325634,325638,4,0
325634,325634,325638,4,0
325634,325636,325638,2,2
325634,325636,325638,2,2
325634,325636,325638,2,2
325634,325636,325639,3,2
325634,325636,325638,2,2
325634,325636,325638,2,2
325634,325636,325638,2,2
325634,325636,325638,2,2
325634,325636,325638,2,2
325634,325634,325639,5,0
325634,325634,325638,4,0
325634,325637,325639,2,3
325634,325637,325639,2,3
325634,325637,325640,3,3
325634,325637,325640,3,3
325634,325637,325641,4,3
325634,325637,325641,4,3
325634,325637,325641,4,3
325634,325637,325640,3,3
325634,325639,325641,2,5
325634,325639,325641,2,5
325634,325637,325641,4,3
325634,325638,325641,3,4
325634,325639,325641,2,5
325634,325639,325642,3,5
325634,325639,325641,2,5
325634,325640,325642,2,6
325634,325639,325641,2,5
325634,325639,325641,2,5
325634,325639,325641,2,5
325634,325637,325641,4,3
325634,325639,325642,3,5
325634,325639,325642,3,5
325634,325640,325642,2,6
325634,325638,325642,4,4
325634,325638,325642,4,4
325634,325640,325643,3,6
325634,325639,325643,4,5
325634,325640,325643,3,6
325634,325641,325643,2,7
325634,325642,325644,2,8
325634,325641,325644,3,7
325634,325641,325644,3,7
325634,325641,325644,3,7
325634,325641,325644,3,7
325634,325641,325644,3,7
325634,325642,325645,3,8
325634,325642,325645,3,8
325634,325642,325645,3,8
325634,325642,325645,3,8
325634,325642,325645,3,8
325634,325642,325645,3,8
325634,325642,325645,3,8
325634,325642,325645,3,8
325634,325643,325645,2,9
325634,325641,325644,3,7
325634,325641,325645,4,7
325634,325642,325646,4,8
325634,325644,325646,2,10
325634,325643,325646,3,9
325634,325644,325646,2,10
325634,325642,325646,4,8
325634,325642,325646,4,8
325634,325644,325647,3,10
325634,325644,325647,3,10
325634,325645,325647,2,11
325634,325645,325647,2,11
325634,325645,325647,2,11
325634,325645,325647,2,11
325634,325645,325647,2,11
325634,325645,325647,2,11
325634,325642,325647,5,8
325634,325643,325646,3,9
325634,325644,325647,3,10
325634,325645,325647,2,11
325634,325645,325647,2,11
325634,325643,325647,4,9
325634,325645,325647,2,11
325634,325645,325648,3,11
325634,325645,325648,3,11
325634,325646,325649,3,12
325634,325648,325649,1,14
325634,325648,325649,1,14
325634,325648,325649,1,14
325634,325646,325649,3,12
325634,325648,325649,1,14
325634,325648,325649,1,14
325634,325648,325649,1,14
325634,325647,325649,2,13
325634,325648,325649,1,14
325634,325648,325649,1,14
325634,325646,325649,3,12
325634,325648,325650,2,14
325634,325648,325650,2,14
325634,325646,325650,4,12
325634,325648,325650,2,14
325634,325648,325650,2,14
325634,325649,325650,1,15
325634,325647,325651,4,13
325634,325647,325651,4,13
325634,325648,325651,3,14
325634,325650,325651,1,16
325634,325650,325651,1,16
325634,325650,325651,1,16
325634,325650,325651,1,16
325634,325650,325651,1,16
325634,325650,325651,1,16
325634,325648,325651,3,14
325634,325649,325652,3,15
325634,325650,325651,1,16
325634,325650,325651,1,16
325634,325650,325651,1,16
325634,325650,325652,2,16
325634,325650,325652,2,16
325634,325650,325652,2,16
325634,325647,325652,5,13
325634,325650,325652,2,16
325634,325650,325652,2,16
325634,325651,325653,2,17
325634,325651,325652,1,17
325634,325651,325653,2,17
325634,325651,325653,2,17
325634,325652,325653,1,18
325634,325651,325653,2,17
325634,325652,325654,2,18
325634,325652,325655,3,18
325634,325652,325654,2,18
325634,325652,325655,3,18
325634,325652,325654,2,18
325634,325652,325654,2,18
325634,325652,325654,2,18
325634,325653,325654,1,19
325634,325653,325654,1,19
325634,325652,325654,2,18
325634,325652,325654,2,18
325634,325653,325654,1,19
325634,325652,325655,3,18
325634,325652,325654,2,18
325634,325652,325654,2,18
325634,325653,325655,2,19
325634,325652,325655,3,18
325634,325653,325655,2,19
325634,325652,325655,3,18
325634,325652,325655,3,18
325634,325653,325655,2,19
325634,325654,325656,2,20
325634,325654,325656,2,20
325634,325654,325656,2,20
325634,325654,325657,3,20
325634,325655,325657,2,21
325634,325655,325658,3,21
325634,325655,325657,2,21
325634,325655,325657,2,21
325634,325655,325657,2,21
325634,325655,325657,2,21
325634,325655,325657,2,21
325634,325655,325658,3,21
325634,325655,325657,2,21
325634,325655,325657,2,21
325634,325655,325657,2,21
325634,325655,325658,3,21
325634,325656,325659,3,22
325634,325656,325659,3,22
325634,325656,325658,2,22
325634,325655,325659,4,21
325634,325655,325659,4,21
325634,325655,325658,3,21
325634,325656,325659,3,22
325634,325657,325660,3,23
325634,325658,325660,2,24
325634,325658,325660,2,24
325634,325658,325660,2,24
325634,325658,325660,2,24
325634,325656,325660,4,22
325634,325656,325659,3,22
325634,325657,325660,3,23
325634,325658,325660,2,24
325634,325657,325660,3,23
325666,325667,325668,1,1
325666,325667,325669,2,1
325666,325667,325668,1,1
325666,325667,325668,1,1
325666,325667,325668,1,1
325666,325667,325668,1,1
325666,325667,325669,2,1
325666,325667,325669,2,1
325666,325667,325669,2,1
325666,325667,325669,2,1
325666,325667,325669,2,1
325666,325667,325669,2,1
325666,325667,325669,2,1
325666,325667,325669,2,1
325666,325667,325669,2,1
325666,325667,325669,2,1
325666,325667,325669,2,1
325666,325667,325669,2,1
325666,325667,325669,2,1
325666,325667,325669,2,1
325666,325667,325669,2,1
325666,325667,325670,3,1
325666,325667,325670,3,1
325666,325667,325670,3,1
325666,325669,325670,1,3
325666,325669,325670,1,3
325666,325669,325671,2,3
325666,325669,325670,1,3
325666,325669,325670,1,3
325666,325669,325670,1,3
325666,325669,325670,1,3
325666,325669,325671,2,3
325666,325670,325672,2,4
325666,325670,325673,3,4
325666,325670,325672,2,4
325666,325670,325672,2,4
325666,325671,325673,2,5
325666,325670,325672,2,4
325666,325670,325673,3,4
325666,325670,325674,4,4
325666,325670,325673,3,4
325666,325670,325673,3,4
325666,325670,325673,3,4
325666,325670,325674,4,4
325666,325671,325673,2,5
325666,325671,325674,3,5
325666,325671,325673,2,5
325666,325671,325673,2,5
325666,325671,325673,2,5
325666,325671,325674,3,5
325666,325670,325674,4,4
325666,325670,325674,4,4
325666,325671,325675,4,5
325666,325671,325675,4,5
325666,325673,325675,2,7
325666,325673,325675,2,7
325666,325671,325674,3,5
325666,325673,325675,2,7
325666,325673,325675,2,7
325666,325673,325675,2,7
325666,325671,325675,4,5
325666,325673,325676,3,7
325666,325674,325676,2,8
325666,325673,325675,2,7
325666,325674,325676,2,8
325666,325674,325676,2,8
325666,325674,325676,2,8
325666,325675,325677,2,9
325666,325674,325676,2,8
325666,325675,325677,2,9
325666,325675,325677,2,9
325666,325674,325676,2,8
325666,325675,325677,2,9
325666,325675,325677,2,9
325666,325674,325678,4,8
325666,325674,325677,3,8
325666,325674,325678,4,8
325666,325674,325677,3,8
325666,325675,325678,3,9
325666,325674,325677,3,8
325666,325675,325678,3,9
325666,325676,325678,2,10
325666,325676,325678,2,10
325666,325676,325677,1,10
325666,325676,325678,2,10
325666,325675,325678,3,9
325666,325675,325678,3,9
325666,325677,325679,2,11
325666,325677,325679,2,11
325666,325677,325679,2,11
325666,325677,325679,2,11
325666,325676,325679,3,10
325666,325677,325678,1,11
325666,325677,325679,2,11
325666,325677,325678,1,11
325666,325677,325679,2,11
325666,325678,325680,2,12
325666,325678,325680,2,12
325666,325677,325679,2,11
325666,325677,325680,3,11
325666,325678,325680,2,12
325666,325678,325680,2,12
325666,325678,325681,3,12
325666,325678,325680,2,12
325666,325679,325681,2,13
325666,325679,325681,2,13
325666,325678,325680,2,12
325666,325678,325680,2,12
325666,325678,325680,2,12
325666,325678,325680,2,12
325666,325679,325681,2,13
325666,325678,325681,3,12
325666,325679,325681,2,13
325666,325679,325681,2,13
325666,325679,325682,3,13
325666,325679,325681,2,13
325666,325679,325682,3,13
325666,325679,325682,3,13
325666,325679,325682,3,13
325666,325680,325682,2,14
325666,325679,325682,3,13
325666,325680,325683,3,14
325666,325680,325683,3,14
325666,325680,325683,3,14
325666,325681,325684,3,15
325666,325681,325684,3,15
325666,325681,325684,3,15
325666,325681,325684,3,15
325666,325682,325684,2,16
325666,325681,325684,3,15
325666,325681,325684,3,15
325666,325681,325684,3,15
325666,325681,325684,3,15
325666,325681,325685,4,15
325666,325681,325685,4,15
325666,325682,325684,2,16
325666,325682,325685,3,16
325666,325682,325685,3,16
325666,325683,325685,2,17
325666,325682,325686,4,16
325666,325683,325686,3,17
325666,325681,325686,5,15
325666,325682,325686,4,16
325666,325684,325686,2,18
325666,325684,325686,2,18
325666,325681,325685,4,15
325666,325681,325686,5,15
325666,325681,325686,5,15
325666,325683,325686,3,17
325666,325684,325686,2,18
325666,325684,325686,2,18
325666,325684,325686,2,18
325666,325684,325686,2,18
325666,325684,325686,2,18
325666,325684,325686,2,18
325666,325683,325687,4,17
325666,325685,325687,2,19
325666,325685,325687,2,19
325666,325685,325687,2,19
325666,325685,325687,2,19
325666,325685,325688,3,19
325666,325685,325687,2,19
325666,325685,325687,2,19
325666,325686,325688,2,20
325666,325686,325688,2,20
325666,325687,325688,1,21
325666,325687,325688,1,21
325666,325687,325688,1,21
325666,325687,325688,1,21
325666,325687,325688,1,21
325666,325687,325688,1,21
325666,325686,325689,3,20
325666,325686,325689,3,20
325666,325686,325689,3,20
325666,325686,325689,3,20
325666,325688,325689,1,22
325666,325688,325689,1,22
325666,325687,325690,3,21
325666,325687,325689,2,21
325666,325688,325689,1,22
325666,325688,325689,1,22
325666,325687,325690,3,21
325666,325688,325690,2,22
325666,325689,325690,1,23
325666,325689,325690,1,23
325666,325689,325690,1,23
325666,325686,325691,5,20
325666,325687,325690,3,21
325666,325689,325690,1,23
325666,325689,325690,1,23
325666,325689,325690,1,23
325666,325689,325690,1,23
325666,325689,325690,1,23
325666,325689,325690,1,23
325666,325688,325690,2,22
325666,325690,325691,1,24
325666,325689,325692,3,23
325666,325689,325692,3,23
325666,325690,325692,2,24
325666,325690,325693,3,24
325699,325699,325701,2,0
325699,325699,325701,2,0
325699,325699,325702,3,0
325699,325699,325702,3,0
325699,325699,325702,3,0
325699,325699,325702,3,0
325699,325699,325702,3,0
325699,325699,325702,3,0
325699,325699,325702,3,0
325699,325699,325702,3,0
325699,325699,325702,3,0
325699,325699,325702,3,0
325699,325699,325702,3,0
325699,325699,325702,3,0
325699,325699,325703,4,0
325699,325699,325703,4,0
325699,325699,325703,4,0
325699,325699,325703,4,0
325699,325699,325703,4,0
325699,325699,325703,4,0
325699,325699,325703,4,0
325699,325699,325703,4,0
325699,325702,325704,2,3
325699,325702,325704,2,3
325699,325702,325704,2,3
325699,325699,325704,5,0
325699,325699,325704,5,0
325699,325701,325704,3,2
325699,325702,325704,2,3
325699,325702,325704,2,3
325699,325701,325704,3,2
325699,325702,325704,2,3
325699,325702,325704,2,3
325699,325702,325705,3,3
325699,325702,325705,3,3
325699,325702,325705,3,3
325699,325702,325705,3,3
325699,325702,325705,3,3
325699,325705,325706,1,6
325699,325705,325706,1,6
325699,325705,325706,1,6
325699,325705,325706,1,6
325699,325705,325706,1,6
325699,325705,325706,1,6
325699,325705,325706,1,6
325699,325703,325706,3,4
325699,325705,325706,1,6
325699,325705,325706,1,6
325699,325705,325706,1,6
325699,325703,325707,4,4
325699,325703,325707,4,4
325699,325703,325707,4,4
325699,325705,325707,2,6
325699,325704,325707,3,5
325699,325704,325707,3,5
325699,325704,325707,3,5
325699,325705,325707,2,6
325699,325705,325707,2,6
325699,325706,325707,1,7
325699,325706,325707,1,7
325699,325707,325708,1,8
325699,325707,325708,1,8
325699,325707,325708,1,8
325699,325707,325708,1,8
325699,325706,325708,2,7
325699,325707,325708,1,8
325699,325706,325708,2,7
325699,325707,325708,1,8
325699,325707,325709,2,8
325699,325707,325709,2,8
325699,325707,325709,2,8
325699,325707,325710,3,8
325699,325707,325709,2,8
325699,325708,325710,2,9
325699,325708,325711,3,9
325699,325708,325711,3,9
325699,325708,325710,2,9
325699,325708,325711,3,9
325699,325708,325711,3,9
325699,325708,325711,3,9
325699,325709,325711,2,10
325699,325709,325711,2,10
325699,325709,325711,2,10
325699,325709,325711,2,10
325699,325708,325711,3,9
325699,325708,325711,3,9
325699,325708,325712,4,9
325699,325708,325711,3,9
325699,325709,325712,3,10
325699,325709,325711,2,10
325699,325709,325711,2,10
325699,325709,325711,2,10
325699,325709,325712,3,10
325699,325710,325712,2,11
325699,325710,325712,2,11
325699,325710,325712,2,11
325699,325711,325713,2,12
325699,325712,325713,1,13
325699,325712,325714,2,13
325699,325712,325714,2,13
325699,325711,325713,2,12
325699,325710,325713,3,11
325699,325712,325714,2,13
325699,325712,325714,2,13
325699,325711,325713,2,12
325699,325712,325713,1,13
325699,325712,325713,1,13
325699,325712,325713,1,13
325699,325711,325714,3,12
325699,325712,325714,2,13
325699,325712,325714,2,13
325699,325712,325714,2,13
325699,325712,325715,3,13
325699,325712,325715,3,13
325699,325712,325714,2,13
325699,325712,325714,2,13
325699,325713,325714,1,14
325699,325713,325714,1,14
325699,325713,325715,2,14
325699,325713,325715,2,14
325699,325714,325715,1,15
325699,325714,325715,1,15
325699,325714,325715,1,15
325699,325713,325715,2,14
325699,325714,325716,2,15
325699,325714,325716,2,15
325699,325714,325716,2,15
325699,325714,325716,2,15
325699,325715,325716,1,16
325699,325714,325716,2,15
325699,325714,325716,2,15
325699,325714,325716,2,15
325699,325714,325716,2,15
325699,325715,325717,2,16
325699,325715,325717,2,16
325699,325715,325717,2,16
325699,325715,325717,2,16
325699,325715,325717,2,16
325699,325715,325718,3,16
325699,325715,325718,3,16
325699,325715,325717,2,16
325699,325715,325717,2,16
325699,325716,325717,1,17
325699,325716,325718,2,17
325699,325716,325718,2,17
325699,325715,325718,3,16
325699,325715,325718,3,16
325699,325716,325718,2,17
325699,325716,325718,2,17
325699,325716,325718,2,17
325699,325716,325718,2,17
325699,325717,325719,2,18
325699,325716,325718,2,17
325699,325717,325719,2,18
325699,325717,325719,2,18
325699,325717,325719,2,18
325699,325717,325719,2,18
325699,325717,325719,2,18
325699,325718,325720,2,19
325699,325718,325720,2,19
325699,325718,325720,2,19
325699,325717,325719,2,18
325699,325718,325720,2,19
325699,325718,325720,2,19
325699,325717,325720,3,18
325699,325717,325720,3,18
325699,325717,325720,3,18
325699,325718,325720,2,19
325699,325718,325720,2,19
325699,325718,325720,2,19
325699,325718,325721,3,19
325699,325718,325721,3,19
325699,325718,325721,3,19
325699,325719,325721,2,20
325699,325718,325720,2,19
325699,325718,325722,4,19
325699,325719,325721,2,20
325699,325719,325722,3,20
325699,325719,325722,3,20
325699,325719,325722,3,20
325699,325720,325722,2,21
325699,325719,325722,3,20
325699,325719,325722,3,20
325699,325720,325722,2,21
325699,325720,325723,3,21
325699,325720,325723,3,21
325699,325720,325723,3,21
325699,325720,325723,3,21
325699,325720,325722,2,21
325699,325720,325723,3,21
325699,325721,325723,2,22
325699,325721,325723,2,22
325699,325721,325724,3,22
325699,325721,325724,3,22
325699,325721,325724,3,22
325699,325720,325724,4,21
325699,325721,325724,3,22
325699,325721,325724,3,22
325699,325720,325724,4,21
325699,325722,325725,3,23
325731,325731,325733,2,0
325731,325731,325733,2,0
325731,325731,325733,2,0
325731,325731,325733,2,0
325731,325731,325732,1,0
325731,325731,325733,2,0
325731,325731,325733,2,0
325731,325731,325733,2,0
325731,325731,325733,2,0
325731,325731,325733,2,0
325731,325731,325734,3,0
325731,325731,325734,3,0
325731,325731,325733,2,0
325731,325731,325733,2,0
325731,325731,325733,2,0
325731,325731,325733,2,0
325731,325733,325734,1,2
325731,325733,325735,2,2
325731,325731,325734,3,0
325731,325733,325734,1,2
325731,325733,325735,2,2
325731,325733,325735,2,2
325731,325731,325734,3,0
325731,325731,325735,4,0
325731,325731,325734,3,0
325731,325733,325735,2,2
325731,325733,325735,2,2
325731,325731,325734,3,0
325731,325733,325735,2,2
325731,325733,325735,2,2
325731,325733,325736,3,2
325731,325734,325736,2,3
325731,325734,325736,2,3
325731,325731,325735,4,0
325731,325731,325735,4,0
325731,325731,325736,5,0
325731,325734,325737,3,3
325731,325735,325737,2,4
325731,325734,325737,3,3
325731,325734,325737,3,3
325731,325734,325737,3,3
325731,325735,325738,3,4
325731,325735,325738,3,4
325731,325735,325737,2,4
325731,325736,325738,2,5
325731,325735,325737,2,4
325731,325735,325738,3,4
325731,325736,325738,2,5
325731,325736,325738,2,5
325731,325735,325737,2,4
325731,325736,325738,2,5
325731,325736,325738,2,5
325731,325735,325738,3,4
325731,325736,325739,3,5
325731,325735,325739,4,4
325731,325735,325739,4,4
325731,325736,325739,3,5
325731,325736,325739,3,5
325731,325737,325739,2,6
325731,325737,325740,3,6
325731,325735,325740,5,4
325731,325735,325740,5,4
325731,325738,325740,2,7
325731,325738,325740,2,7
325731,325738,325740,2,7
325731,325738,325740,2,7
325731,325738,325740,2,7
325731,325738,325740,2,7
325731,325738,325740,2,7
325731,325738,325740,2,7
325731,325738,325740,2,7
325731,325738,325740,2,7
325731,325738,325740,2,7
325731,325737,325740,3,6
325731,325738,325741,3,7
325731,325738,325741,3,7
325731,325739,325741,2,8
325731,325739,325741,2,8
325731,325739,325741,2,8
325731,325739,325741,2,8
325731,325739,325741,2,8
325731,325740,325742,2,9
325731,325740,325742,2,9
325731,325740,325742,2,9
325731,325740,325742,2,9
325731,325740,325742,2,9
325731,325740,325742,2,9
325731,325740,325742,2,9
325731,325740,325742,2,9
325731,325740,325742,2,9
325731,325739,325742,3,8
325731,325739,325742,3,8
325731,325740,325742,2,9
325731,325740,325742,2,9
325731,325740,325742,2,9
325731,325741,325743,2,10
325731,325741,325743,2,10
325731,325740,325743,3,9
325731,325741,325743,2,10
325731,325740,325743,3,9
325731,325740,325744,4,9
325731,325742,325744,2,11
325731,325742,325744,2,11
325731,325741,325743,2,10
325731,325742,325744,2,11
325731,325743,325744,1,12
325731,325743,325744,1,12
325731,325743,325744,1,12
325731,325743,325744,1,12
325731,325743,325744,1,12
325731,325743,325744,1,12
325731,325743,325744,1,12
325731,325743,325744,1,12
325731,325743,325744,1,12
325731,325743,325744,1,12
325731,325741,325744,3,10
325731,325743,325744,1,12
325731,325742,325745,3,11
325731,325743,325746,3,12
325731,325744,325745,1,13
325731,325743,325745,2,12
325731,325744,325746,2,13
325731,325743,325746,3,12
325731,325743,325746,3,12
325731,325745,325746,1,14
325731,325745,325747,2,14
325731,325745,325746,1,14
325731,325745,325746,1,14
325731,325745,325746,1,14
325731,325745,325746,1,14
325731,325745,325746,1,14
325731,325745,325746,1,14
325731,325745,325746,1,14
325731,325745,325746,1,14
325731,325745,325746,1,14
325731,325745,325746,1,14
325731,325745,325746,1,14
325731,325745,325746,1,14
325731,325745,325747,2,14
325731,325745,325747,2,14
325731,325746,325747,1,15
325731,325746,325749,3,15
325731,325746,325749,3,15
325731,325747,325748,1,16
325731,325747,325748,1,16
325731,325747,325748,1,16
325731,325747,325748,1,16
325731,325745,325748,3,14
325731,325746,325748,2,15
325731,325746,325748,2,15
325731,325747,325748,1,16
325731,325747,325748,1,16
325731,325747,325748,1,16
325731,325747,325748,1,16
325731,325747,325749,2,16
325731,325747,325748,1,16
325731,325747,325750,3,16
325731,325747,325749,2,16
325731,325747,325750,3,16
325731,325747,325750,3,16
325731,325747,325750,3,16
325731,325747,325750,3,16
325731,325749,325751,2,18
325731,325749,325751,2,18
325731,325749,325750,1,18
325731,325748,325750,2,17
325731,325749,325751,2,18
325731,325749,325751,2,18
325731,325749,325750,1,18
325731,325749,325750,1,18
325731,325749,325751,2,18
325731,325749,325750,1,18
325731,325749,325752,3,18
325731,325748,325751,3,17
325731,325748,325751,3,17
325731,325749,325751,2,18
325731,325750,325751,1,19
325731,325751,325753,2,20
325731,325749,325752,3,18
325731,325750,325752,2,19
325731,325751,325753,2,20
325731,325749,325752,3,18
325731,325749,325752,3,18
325731,325749,325752,3,18
325731,325751,325753,2,20
325731,325751,325753,2,20
325731,325751,325752,1,20
325731,325751,325753,2,20
325731,325751,325753,2,20
325731,325751,325753,2,20
325731,325751,325753,2,20
325731,325751,325753,2,20
325731,325751,325753,2,20
325731,325751,325753,2,20
325731,325751,325753,2,20
325731,325752,325754,2,21
325731,325751,325753,2,20
325731,325752,325755,3,21
325731,325752,325754,2,21
325731,325752,325755,3,21
325762,325762,325764,2,0
325762,325762,325763,1,0
325762,325762,325764,2,0
325762,325762,325764,2,0
325762,325762,325764,2,0
325762,325762,325763,1,0
325762,325762,325764,2,0
325762,325762,325765,3,0
325762,325762,325765,3,0
325762,325762,325764,2,0
325762,325762,325764,2,0
325762,325762,325764,2,0
325762,325762,325764,2,0
325762,325762,325764,2,0
325762,325762,325764,2,0
325762,325762,325764,2,0
325762,325762,325765,3,0
325762,325762,325765,3,0
325762,325762,325766,4,0
325762,325762,325765,3,0
325762,325764,325765,1,2
325762,325764,325765,1,2
325762,325762,325766,4,0
325762,325762,325766,4,0
325762,325762,325765,3,0
325762,325762,325765,3,0
325762,325764,325765,1,2
325762,325764,325765,1,2
325762,325764,325765,1,2
325762,325764,325765,1,2
325762,325764,325765,1,2
325762,325765,325767,2,3
325762,325765,325766,1,3
325762,325765,325766,1,3
325762,325765,325766,1,3
325762,325765,325766,1,3
325762,325765,325766,1,3
325762,325765,325767,2,3
325762,325765,325767,2,3
325762,325765,325767,2,3
325762,325766,325768,2,4
325762,325766,325768,2,4
325762,325766,325768,2,4
325762,325766,325768,2,4
325762,325766,325767,1,4
325762,325766,325767,1,4
325762,325766,325767,1,4
325762,325766,325767,1,4
325762,325766,325767,1,4
325762,325766,325769,3,4
325762,325766,325769,3,4
325762,325767,325769,2,5
325762,325766,325768,2,4
325762,325766,325768,2,4
325762,325766,325768,2,4
325762,325766,325768,2,4
325762,325767,325768,1,5
325762,325767,325768,1,5
325762,325767,325769,2,5
325762,325767,325768,1,5
325762,325767,325768,1,5
325762,325768,325769,1,6
325762,325768,325770,2,6
325762,325768,325769,1,6
325762,325768,325769,1,6
325762,325768,325770,2,6
325762,325768,325770,2,6
325762,325768,325770,2,6
325762,325768,325770,2,6
325762,325768,325770,2,6
325762,325769,325771,2,7
325762,325768,325770,2,6
325762,325768,325770,2,6
325762,325768,325771,3,6
325762,325769,325771,2,7
325762,325769,325771,2,7
325762,325769,325771,2,7
325762,325769,325771,2,7
325762,325769,325771,2,7
325762,325769,325771,2,7
325762,325769,325771,2,7
325762,325769,325771,2,7
325762,325769,325772,3,7
325762,325769,325772,3,7
325762,325770,325772,2,8
325762,325770,325772,2,8
325762,325770,325772,2,8
325762,325770,325772,2,8
325762,325770,325772,2,8
325762,325770,325772,2,8
325762,325770,325772,2,8
325762,325771,325773,2,9
325762,325769,325772,3,7
325762,325771,325773,2,9
325762,325771,325773,2,9
325762,325771,325773,2,9
325762,325771,325773,2,9
325762,325771,325773,2,9
325762,325771,325774,3,9
325762,325771,325774,3,9
325762,325771,325774,3,9
325762,325771,325774,3,9
325762,325771,325773,2,9
325762,325771,325773,2,9
325762,325772,325774,2,10
325762,325772,325774,2,10
325762,325772,325774,2,10
325762,325772,325774,2,10
325762,325772,325774,2,10
325762,325772,325775,3,10
325762,325772,325775,3,10
325762,325772,325775,3,10
325762,325772,325775,3,10
325762,325772,325775,3,10
325762,325773,325775,2,11
325762,325772,325774,2,10
325762,325773,325775,2,11
325762,325773,325775,2,11
325762,325773,325775,2,11
325762,325773,325775,2,11
325762,325773,325776,3,11
325762,325773,325776,3,11
325762,325774,325776,2,12
325762,325774,325776,2,12
325762,325774,325776,2,12
325762,325774,325776,2,12
325762,325774,325777,3,12
325762,325774,325777,3,12
325762,325774,325777,3,12
325762,325774,325777,3,12
325762,325775,325777,2,13
325762,325775,325777,2,13
325762,325775,325777,2,13
325762,325776,325777,1,14
325762,325776,325777,1,14
325762,325776,325777,1,14
325762,325774,325778,4,12
325762,325774,325778,4,12
325762,325775,325778,3,13
325762,325775,325778,3,13
325762,325774,325778,4,12
325762,325775,325778,3,13
325762,325775,325778,3,13
325762,325776,325778,2,14
325762,325776,325778,2,14
325762,325777,325778,1,15
325762,325777,325778,1,15
325762,325777,325778,1,15
325762,325776,325779,3,14
325762,325778,325779,1,16
325762,325778,325779,1,16
325762,325778,325779,1,16
325762,325778,325779,1,16
325762,325778,325779,1,16
325762,325777,325779,2,15
325762,325778,325780,2,16
325762,325778,325780,2,16
325762,325779,325780,1,17
325762,325779,325780,1,17
325762,325778,325780,2,16
325762,325779,325780,1,17
325762,325779,325780,1,17
325762,325778,325781,3,16
325762,325778,325781,3,16
325762,325777,325781,4,15
325762,325777,325781,4,15
325762,325778,325781,3,16
325762,325780,325781,1,18
325762,325780,325781,1,18
325762,325779,325781,2,17
325762,325780,325781,1,18
325762,325780,325781,1,18
325762,325780,325781,1,18
325762,325778,325782,4,16
325762,325781,325782,1,19
325762,325781,325782,1,19
325762,325779,325782,3,17
325762,325779,325782,3,17
325762,325781,325782,1,19
325762,325781,325782,1,19
325762,325781,325782,1,19
325762,325781,325782,1,19
325762,325781,325782,1,19
325762,325780,325783,3,18
325762,325781,325783,2,19
325762,325782,325783,1,20
325762,325782,325783,1,20
325762,325779,325783,4,17
325762,325782,325783,1,20
325762,325782,325783,1,20
325762,325782,325783,1,20
325762,325782,325785,3,20
325762,325782,325784,2,20
325762,325782,325785,3,20
325762,325782,325784,2,20
325762,325782,325784,2,20
325762,325783,325784,1,21
325762,325782,325784,2,20
325762,325783,325784,1,21
325762,325783,325785,2,21
325791,325791,325793,2,0
325791,325791,325793,2,0
325791,325791,325793,2,0
325791,325791,325793,2,0
325791,325791,325793,2,0
325791,325791,325793,2,0
325791,325791,325793,2,0
325791,325791,325793,2,0
325791,325791,325793,2,0
325791,325791,325793,2,0
325791,325791,325793,2,0
325791,325791,325793,2,0
325791,325791,325793,2,0
325791,325791,325794,3,0
325791,325791,325793,2,0
325791,325791,325794,3,0
325791,325791,325794,3,0
325791,325791,325794,3,0
325791,325791,325794,3,0
325791,325791,325794,3,0
325791,325791,325794,3,0
325791,325791,325794,3,0
325791,325791,325794,3,0
325791,325793,325795,2,2
325791,325794,325795,1,3
325791,325794,325795,1,3
325791,325794,325795,1,3
325791,325793,325795,2,2
325791,325793,325795,2,2
325791,325794,325795,1,3
325791,325794,325795,1,3
325791,325793,325795,2,2
325791,325793,325795,2,2
325791,325794,325795,1,3
325791,325794,325795,1,3
325791,325791,325795,4,0
325791,325794,325796,2,3
325791,325793,325796,3,2
325791,325795,325797,2,4
325791,325795,325797,2,4
325791,325794,325797,3,3
325791,325794,325797,3,3
325791,325796,325797,1,5
325791,325796,325797,1,5
325791,325796,325797,1,5
325791,325796,325797,1,5
325791,325796,325797,1,5
325791,325796,325797,1,5
325791,325796,325797,1,5
325791,325796,325797,1,5
325791,325796,325797,1,5
325791,325796,325797,1,5
325791,325796,325797,1,5
325791,325796,325797,1,5
325791,325795,325797,2,4
325791,325795,325797,2,4
325791,325795,325797,2,4
325791,325795,325797,2,4
325791,325796,325798,2,5
325791,325796,325798,2,5
325791,325797,325799,2,6
325791,325798,325800,2,7
325791,325797,325799,2,6
325791,325797,325799,2,6
325791,325798,325799,1,7
325791,325798,325799,1,7
325791,325798,325799,1,7
325791,325798,325800,2,7
325791,325798,325799,1,7
325791,325798,325800,2,7
325791,325798,325799,1,7
325791,325798,325800,2,7
325791,325798,325800,2,7
325791,325798,325800,2,7
325791,325798,325800,2,7
325791,325797,325799,2,6
325791,325798,325800,2,7
325791,325799,325801,2,8
325791,325798,325800,2,7
325791,325798,325800,2,7
325791,325798,325801,3,7
325791,325798,325801,3,7
325791,325798,325800,2,7
325791,325800,325802,2,9
325791,325800,325802,2,9
325791,325800,325802,2,9
325791,325800,325801,1,9
325791,325800,325801,1,9
325791,325800,325802,2,9
325791,325800,325802,2,9
325791,325800,325802,2,9
325791,325799,325801,2,8
325791,325800,325802,2,9
325791,325800,325803,3,9
325791,325800,325802,2,9
325791,325800,325802,2,9
325791,325800,325802,2,9
325791,325800,325802,2,9
325791,325800,325802,2,9
325791,325801,325802,1,10
325791,325800,325802,2,9
325791,325801,325803,2,10
325791,325801,325803,2,10
325791,325801,325803,2,10
325791,325802,325804,2,11
325791,325802,325804,2,11
325791,325802,325803,1,11
325791,325801,325804,3,10
325791,325801,325804,3,10
325791,325802,325804,2,11
325791,325801,325803,2,10
325791,325802,325804,2,11
325791,325802,325804,2,11
325791,325802,325804,2,11
325791,325803,325805,2,12
325791,325803,325805,2,12
325791,325803,325805,2,12
325791,325803,325805,2,12
325791,325802,325804,2,11
325791,325803,325805,2,12
325791,325803,325805,2,12
325791,325802,325805,3,11
325791,325803,325806,3,12
325791,325803,325806,3,12
325791,325804,325806,2,13
325791,325804,325806,2,13
325791,325803,325806,3,12
325791,325803,325806,3,12
325791,325804,325806,2,13
325791,325804,325806,2,13
325791,325804,325806,2,13
325791,325804,325806,2,13
325791,325804,325806,2,13
325791,325804,325807,3,13
325791,325804,325807,3,13
325791,325805,325807,2,14
325791,325805,325807,2,14
325791,325805,325807,2,14
325791,325805,325807,2,14
325791,325805,325807,2,14
325791,325805,325807,2,14
325791,325805,325807,2,14
325791,325805,325807,2,14
325791,325805,325807,2,14
325791,325805,325807,2,14
325791,325805,325807,2,14
325791,325806,325808,2,15
325791,325806,325808,2,15
325791,325806,325808,2,15
325791,325806,325808,2,15
325791,325807,325809,2,16
325791,325807,325809,2,16
325791,325806,325808,2,15
325791,325806,325809,3,15
325791,325806,325809,3,15
325791,325806,325809,3,15
325791,325806,325809,3,15
325791,325807,325809,2,16
325791,325807,325809,2,16
325791,325807,325809,2,16
325791,325807,325809,2,16
325791,325807,325809,2,16
325791,325807,325809,2,16
325791,325807,325809,2,16
325791,325807,325809,2,16
325791,325807,325810,3,16
325791,325807,325810,3,16
325791,325808,325810,2,17
325791,325808,325810,2,17
325791,325808,325810,2,17
325791,325808,325810,2,17
325791,325808,325810,2,17
325791,325808,325811,3,17
325791,325809,325811,2,18
325791,325810,325811,1,19
325791,325810,325811,1,19
325791,325810,325811,1,19
325791,325810,325811,1,19
325791,325810,325811,1,19
325791,325810,325811,1,19
325791,325810,325811,1,19
325791,325808,325812,4,17
325791,325809,325811,2,18
325791,325809,325811,2,18
325791,325809,325812,3,18
325791,325809,325812,3,18
325791,325809,325812,3,18
325791,325809,325812,3,18
325791,325809,325812,3,18
325791,325811,325812,1,20
325791,325811,325812,1,20
325791,325811,325812,1,20
325791,325811,325812,1,20
325791,325811,325813,2,20
325791,325810,325813,3,19
325791,325810,325813,3,19
325791,325811,325813,2,20
325791,325812,325813,1,21
325791,325812,325813,1,21
325791,325812,325813,1,21
325819,325819,325821,2,0
325819,325819,325821,2,0
325819,325819,325821,2,0
325819,325819,325821,2,0
325819,325819,325821,2,0
325819,325819,325821,2,0
325819,325819,325821,2,0
325819,325819,325821,2,0
325819,325819,325821,2,0
325819,325819,325821,2,0
325819,325819,325821,2,0
325819,325819,325821,2,0
325819,325819,325821,2,0
325819,325819,325822,3,0
325819,325819,325822,3,0
325819,325819,325822,3,0
325819,325819,325822,3,0
325819,325819,325822,3,0
325819,325819,325822,3,0
325819,325819,325822,3,0
325819,325819,325823,4,0
325819,325819,325823,4,0
325819,325819,325823,4,0
325819,325819,325823,4,0
325819,325821,325823,2,2
325819,325821,325823,2,2
325819,325821,325823,2,2
325819,325821,325823,2,2
325819,325821,325823,2,2
325819,325821,325823,2,2
325819,325821,325823,2,2
325819,325821,325823,2,2
325819,325821,325823,2,2
325819,325821,325823,2,2
325819,325821,325823,2,2
325819,325821,325823,2,2
325819,325821,325824,3,2
325819,325823,325824,1,4
325819,325823,325824,1,4
325819,325824,325825,1,5
325819,325824,325825,1,5
325819,325824,325825,1,5
325819,325824,325825,1,5
325819,325824,325825,1,5
325819,325824,325826,2,5
325819,325824,325826,2,5
325819,325824,325826,2,5
325819,325823,325825,2,4
325819,325823,325825,2,4
325819,325823,325825,2,4
325819,325823,325825,2,4
325819,325823,325825,2,4
325819,325824,325826,2,5
325819,325824,325826,2,5
325819,325824,325826,2,5
325819,325824,325826,2,5
325819,325824,325826,2,5
325819,325824,325826,2,5
325819,325824,325826,2,5
325819,325824,325827,3,5
325819,325826,325827,1,7
325819,325826,325827,1,7
325819,325826,325827,1,7
325819,325826,325827,1,7
325819,325825,325827,2,6
325819,325825,325827,2,6
325819,325826,325827,1,7
325819,325826,325827,1,7
325819,325826,325827,1,7
325819,325826,325828,2,7
325819,325826,325829,3,7
325819,325825,325828,3,6
325819,325826,325828,2,7
325819,325827,325828,1,8
325819,325827,325828,1,8
325819,325827,325828,1,8
325819,325826,325828,2,7
325819,325827,325828,1,8
325819,325827,325829,2,8
325819,325827,325830,3,8
325819,325827,325829,2,8
325819,325828,325829,1,9
325819,325828,325829,1,9
325819,325828,325829,1,9
325819,325828,325829,1,9
325819,325826,325829,3,7
325819,325826,325829,3,7
325819,325828,325830,2,9
325819,325828,325829,1,9
325819,325828,325829,1,9
325819,325828,325829,1,9
325819,325828,325830,2,9
325819,325829,325831,2,10
325819,325829,325831,2,10
325819,325828,325830,2,9
325819,325829,325830,1,10
325819,325829,325831,2,10
325819,325829,325830,1,10
325819,325829,325830,1,10
325819,325829,325830,1,10
325819,325829,325830,1,10
325819,325829,325830,1,10
325819,325830,325831,1,11
325819,325830,325831,1,11
325819,325830,325831,1,11
325819,325830,325831,1,11
325819,325830,325832,2,11
325819,325830,325831,1,11
325819,325830,325831,1,11
325819,325830,325832,2,11
325819,325830,325831,1,11
325819,325830,325832,2,11
325819,325830,325833,3,11
325819,325830,325833,3,11
325819,325830,325832,2,11
325819,325831,325832,1,12
325819,325831,325832,1,12
325819,325831,325832,1,12
325819,325831,325832,1,12
325819,325831,325832,1,12
325819,325831,325833,2,12
325819,325832,325833,1,13
325819,325832,325833,1,13
325819,325832,325833,1,13
325819,325832,325834,2,13
325819,325831,325833,2,12
325819,325831,325833,2,12
325819,325831,325833,2,12
325819,325831,325834,3,12
325819,325831,325834,3,12
325819,325832,325833,1,13
325819,325832,325833,1,13
325819,325832,325833,1,13
325819,325833,325835,2,14
325819,325833,325835,2,14
325819,325833,325835,2,14
325819,325832,325835,3,13
325819,325833,325835,2,14
325819,325833,325834,1,14
325819,325833,325835,2,14
325819,325833,325835,2,14
325819,325833,325834,1,14
325819,325833,325834,1,14
325819,325832,325834,2,13
325819,325834,325836,2,15
325819,325834,325836,2,15
325819,325834,325836,2,15
325819,325834,325836,2,15
325819,325834,325836,2,15
325819,325834,325836,2,15
325819,325834,325836,2,15
325819,325834,325836,2,15
325819,325834,325836,2,15
325819,325834,325836,2,15
325819,325834,325836,2,15
325819,325835,325837,2,16
325819,325835,325837,2,16
325819,325835,325837,2,16
325819,325834,325837,3,15
325819,325835,325837,2,16
325819,325835,325837,2,16
325819,325835,325837,2,16
325819,325835,325837,2,16
325819,325835,325837,2,16
325819,325834,325836,2,15
325819,325836,325837,1,17
325819,325836,325838,2,17
325819,325836,325838,2,17
325819,325836,325838,2,17
325819,325835,325838,3,16
325819,325835,325838,3,16
325819,325835,325838,3,16
325819,325836,325838,2,17
325819,325836,325838,2,17
325819,325836,325838,2,17
325819,325837,325839,2,18
325819,325837,325839,2,18
325819,325836,325838,2,17
325819,325837,325839,2,18
325819,325836,325839,3,17
325819,325836,325839,3,17
325819,325837,325839,2,18
325819,325837,325839,2,18
325819,325837,325839,2,18
325819,325837,325839,2,18
325819,325837,325839,2,18
325819,325838,325839,1,19
325819,325838,325840,2,19
325819,325838,325840,2,19
325819,325838,325840,2,19
325819,325837,325840,3,18
325819,325837,325839,2,18
325819,325837,325839,2,18
325819,325838,325840,2,19
325819,325838,325840,2,19
325819,325838,325840,2,19
325819,325838,325840,2,19
325819,325839,325841,2,20
325819,325838,325841,3,19
325819,325838,325841,3,19
325847,325847,325848,1,0
325847,325847,325849,2,0
325847,325847,325848,1,0
325847,325847,325849,2,0
325847,325847,325849,2,0
325847,325847,325848,1,0
325847,325847,325849,2,0
325847,325847,325849,2,0
325847,325847,325849,2,0
325847,325847,325849,2,0
325847,325847,325849,2,0
325847,325847,325849,2,0
325847,325847,325849,2,0
325847,325847,325849,2,0
325847,325847,325849,2,0
325847,325847,325850,3,0
325847,325847,325850,3,0
325847,325847,325850,3,0
325847,325847,325850,3,0
325847,325847,325850,3,0
325847,325847,325851,4,0
325847,325847,325851,4,0
325847,325847,325850,3,0
325847,325849,325851,2,2
325847,325849,325851,2,2
325847,325849,325851,2,2
325847,325849,325851,2,2
325847,325849,325851,2,2
325847,325849,325851,2,2
325847,325849,325851,2,2
325847,325849,325851,2,2
325847,325849,325851,2,2
325847,325849,325851,2,2
325847,325847,325852,5,0
325847,325850,325852,2,3
325847,325850,325852,2,3
325847,325850,325852,2,3
325847,325851,325853,2,4
325847,325851,325853,2,4
325847,325851,325853,2,4
325847,325851,325853,2,4
325847,325850,325853,3,3
325847,325850,325853,3,3
325847,325850,325853,3,3
325847,325851,325853,2,4
325847,325851,325853,2,4
325847,325851,325853,2,4
325847,325851,325853,2,4
325847,325851,325853,2,4
325847,325850,325853,3,3
325847,325850,325853,3,3
325847,325851,325854,3,4
325847,325851,325853,2,4
325847,325851,325854,3,4
325847,325851,325854,3,4
325847,325851,325853,2,4
325847,325852,325854,2,5
325847,325852,325854,2,5
325847,325851,325854,3,4
325847,325852,325854,2,5
325847,325853,325855,2,6
325847,325853,325855,2,6
325847,325853,325855,2,6
325847,325853,325855,2,6
325847,325852,325855,3,5
325847,325853,325855,2,6
325847,325853,325855,2,6
325847,325853,325855,2,6
325847,325853,325855,2,6
325847,325853,325855,2,6
325847,325853,325855,2,6
325847,325854,325856,2,7
325847,325854,325856,2,7
325847,325854,325856,2,7
325847,325853,325856,3,6
325847,325853,325856,3,6
325847,325854,325856,2,7
325847,325854,325856,2,7
325847,325854,325856,2,7
325847,325854,325857,3,7
325847,325854,325857,3,7
325847,325854,325857,3,7
325847,325855,325857,2,8
325847,325855,325857,2,8
325847,325855,325857,2,8
325847,325855,325857,2,8
325847,325854,325857,3,7
325847,325854,325857,3,7
325847,325855,325857,2,8
325847,325855,325857,2,8
325847,325856,325857,1,9
325847,325856,325857,1,9
325847,325856,325857,1,9
325847,325856,325857,1,9
325847,325856,325857,1,9
325847,325856,325858,2,9
325847,325857,325858,1,10
325847,325857,325858,1,10
325847,325857,325858,1,10
325847,325857,325858,1,10
325847,325856,325859,3,9
325847,325857,325859,2,10
325847,325857,325860,3,10
325847,325858,325859,1,11
325847,325858,325859,1,11
325847,325858,325859,1,11
325847,325858,325859,1,11
325847,325858,325859,1,11
325847,325858,325859,1,11
325847,325858,325859,1,11
325847,325858,325859,1,11
325847,325858,325859,1,11
325847,325857,325859,2,10
325847,325857,325859,2,10
325847,325858,325860,2,11
325847,325857,325860,3,10
325847,325858,325860,2,11
325847,325858,325860,2,11
325847,325858,325860,2,11
325847,325859,325860,1,12
325847,325859,325860,1,12
325847,325859,325860,1,12
325847,325859,325860,1,12
325847,325860,325861,1,13
325847,325860,325861,1,13
325847,325860,325861,1,13
325847,325860,325861,1,13
325847,325860,325861,1,13
325847,325860,325861,1,13
325847,325860,325861,1,13
325847,325859,325861,2,12
325847,325860,325862,2,13
325847,325860,325862,2,13
325847,325860,325862,2,13
325847,325860,325861,1,13
325847,325860,325861,1,13
325847,325860,325862,2,13
325847,325860,325862,2,13
325847,325860,325862,2,13
325847,325861,325862,1,14
325847,325861,325862,1,14
325847,325861,325862,1,14
325847,325862,325863,1,15
325847,325862,325863,1,15
325847,325862,325863,1,15
325847,325862,325863,1,15
325847,325861,325863,2,14
325847,325861,325863,2,14
325847,325861,325863,2,14
325847,325861,325863,2,14
325847,325861,325863,2,14
325847,325862,325863,1,15
325847,325862,325863,1,15
325847,325862,325863,1,15
325847,325862,325864,2,15
325847,325862,325864,2,15
325847,325862,325863,1,15
325847,325863,325864,1,16
325847,325863,325864,1,16
325847,325863,325865,2,16
325847,325863,325864,1,16
325847,325862,325865,3,15
325847,325862,325865,3,15
325847,325862,325865,3,15
325847,325863,325864,1,16
325847,325863,325864,1,16
325847,325864,325865,1,17
325847,325864,325865,1,17
325847,325864,325865,1,17
325847,325864,325865,1,17
325847,325864,325866,2,17
325847,325864,325865,1,17
325847,325864,325865,1,17
325847,325864,325866,2,17
325847,325864,325866,2,17
325847,325864,325866,2,17
325847,325864,325866,2,17
325847,325864,325867,3,17
325847,325864,325867,3,17
325847,325864,325867,3,17
325847,325865,325867,2,18
325847,325864,325867,3,17
325847,325865,325867,2,18
325847,325865,325867,2,18
325847,325866,325867,1,19
325847,325866,325867,1,19
325847,325866,325867,1,19
325847,325866,325867,1,19
325847,325865,325867,2,18
325847,325865,325867,2,18
325847,325865,325867,2,18
325847,325866,325868,2,19
325847,325865,325868,3,18
325847,325865,325867,2,18
325847,325865,325867,2,18
325847,325866,325868,2,19
325847,325866,325868,2,19
325847,325866,325868,2,19
325847,325866,325868,2,19
325847,325866,325868,2,19
325875,325875,325877,2,0
325875,325875,325877,2,0
325875,325875,325877,2,0
325875,325875,325877,2,0
325875,325875,325876,1,0
325875,325875,325876,1,0
325875,325875,325876,1,0
325875,325875,325877,2,0
325875,325875,325877,2,0
325875,325875,325877,2,0
325875,325875,325877,2,0
325875,325875,325877,2,0
325875,325875,325878,3,0
325875,325875,325878,3,0
325875,325875,325877,2,0
325875,325875,325878,3,0
325875,325875,325878,3,0
325875,325875,325878,3,0
325875,325875,325878,3,0
325875,325877,325878,1,2
325875,325877,325879,2,2
325875,325877,325879,2,2
325875,325877,325879,2,2
325875,325877,325878,1,2
325875,325877,325879,2,2
325875,325877,325879,2,2
325875,325877,325879,2,2
325875,325877,325878,1,2
325875,325877,325879,2,2
325875,325877,325879,2,2
325875,325877,325879,2,2
325875,325875,325879,4,0
325875,325875,325878,3,0
325875,325875,325878,3,0
325875,325875,325878,3,0
325875,325875,325878,3,0
325875,325878,325880,2,3
325875,325878,325880,2,3
325875,325879,325880,1,4
325875,325879,325881,2,4
325875,325879,325881,2,4
325875,325879,325881,2,4
325875,325879,325880,1,4
325875,325879,325881,2,4
325875,325879,325881,2,4
325875,325879,325881,2,4
325875,325879,325881,2,4
325875,325879,325881,2,4
325875,325879,325881,2,4
325875,325879,325881,2,4
325875,325878,325881,3,3
325875,325878,325881,3,3
325875,325878,325880,2,3
325875,325878,325880,2,3
325875,325878,325880,2,3
325875,325879,325882,3,4
325875,325879,325882,3,4
325875,325879,325882,3,4
325875,325879,325881,2,4
325875,325880,325882,2,5
325875,325881,325883,2,6
325875,325881,325883,2,6
325875,325881,325883,2,6
325875,325881,325883,2,6
325875,325881,325883,2,6
325875,325881,325883,2,6
325875,325881,325883,2,6
325875,325881,325883,2,6
325875,325881,325883,2,6
325875,325881,325883,2,6
325875,325881,325883,2,6
325875,325881,325883,2,6
325875,325880,325882,2,5
325875,325879,325883,4,4
325875,325881,325884,3,6
325875,325881,325884,3,6
325875,325881,325883,2,6
325875,325882,325884,2,7
325875,325882,325884,2,7
325875,325881,325884,3,6
325875,325881,325883,2,6
325875,325882,325884,2,7
325875,325883,325885,2,8
325875,325883,325885,2,8
325875,325883,325885,2,8
325875,325883,325885,2,8
325875,325883,325885,2,8
325875,325883,325885,2,8
325875,325883,325885,2,8
325875,325883,325885,2,8
325875,325883,325885,2,8
325875,325883,325885,2,8
325875,325883,325885,2,8
325875,325883,325885,2,8
325875,325882,325885,3,7
325875,325882,325885,3,7
325875,325883,325885,2,8
325875,325883,325885,2,8
325875,325884,325886,2,9
325875,325885,325887,2,10
325875,325884,325887,3,9
325875,325884,325887,3,9
325875,325886,325887,1,11
325875,325886,325887,1,11
325875,325886,325887,1,11
325875,325886,325887,1,11
325875,325886,325887,1,11
325875,325885,325887,2,10
325875,325886,325887,1,11
325875,325886,325887,1,11
325875,325886,325887,1,11
325875,325886,325887,1,11
325875,325886,325887,1,11
325875,325886,325887,1,11
325875,325886,325887,1,11
325875,325884,325887,3,9
325875,325885,325887,2,10
325875,325886,325888,2,11
325875,325885,325887,2,10
325875,325885,325887,2,10
325875,325886,325888,2,11
325875,325886,325888,2,11
325875,325887,325889,2,12
325875,325887,325889,2,12
325875,325888,325889,1,13
325875,325888,325889,1,13
325875,325888,325889,1,13
325875,325888,325889,1,13
325875,325888,325889,1,13
325875,325888,325889,1,13
325875,325888,325890,2,13
325875,325888,325889,1,13
325875,325888,325889,1,13
325875,325888,325889,1,13
325875,325888,325890,2,13
325875,325888,325890,2,13
325875,325888,325890,2,13
325875,325888,325890,2,13
325875,325888,325890,2,13
325875,325888,325890,2,13
325875,325888,325890,2,13
325875,325888,325890,2,13
325875,325888,325890,2,13
325875,325890,325892,2,15
325875,325890,325891,1,15
325875,325890,325891,1,15
325875,325888,325891,3,13
325875,325889,325891,2,14
325875,325890,325891,1,15
325875,325890,325891,1,15
325875,325890,325892,2,15
325875,325889,325891,2,14
325875,325890,325892,2,15
325875,325890,325891,1,15
325875,325890,325892,2,15
325875,325889,325892,3,14
325875,325890,325892,2,15
325875,325890,325893,3,15
325875,325888,325892,4,13
325875,325890,325892,2,15
325875,325891,325893,2,16
325875,325891,325893,2,16
325875,325891,325893,2,16
325875,325891,325893,2,16
325875,325892,325893,1,17
325875,325892,325893,1,17
325875,325892,325893,1,17
325875,325892,325893,1,17
325875,325892,325894,2,17
325875,325892,325893,1,17
325875,325892,325893,1,17
325875,325892,325893,1,17
325875,325892,325894,2,17
325875,325891,325893,2,16
325875,325892,325894,2,17
325875,325891,325894,3,16
325875,325891,325894,3,16
325875,325892,325895,3,17
325875,325892,325895,3,17
325875,325893,325894,1,18
325875,325893,325895,2,18
325875,325893,325895,2,18
325875,325892,325894,2,17
325875,325894,325895,1,19
325875,325894,325896,2,19
325875,325894,325895,1,19
325875,325893,325896,3,18
325875,325893,325895,2,18
325875,325894,325895,1,19
325875,325894,325896,2,19
325875,325894,325896,2,19
325875,325894,325896,2,19
325875,325894,325896,2,19
325875,325894,325896,2,19
325875,325893,325895,2,18
325875,325894,325897,3,19
325875,325894,325896,2,19
325875,325894,325897,3,19
325875,325894,325896,2,19
325875,325894,325897,3,19
325903,325903,325904,1,0
325903,325903,325904,1,0
325903,325903,325905,2,0
325903,325903,325905,2,0
325903,325903,325904,1,0
325903,325903,325904,1,0
325903,325903,325904,1,0
325903,325903,325905,2,0
325903,325903,325904,1,0
325903,325903,325904,1,0
325903,325903,325904,1,0
325903,325903,325905,2,0
325903,325903,325905,2,0
325903,325903,325905,2,0
325903,325903,325905,2,0
325903,325903,325906,3,0
325903,325903,325905,2,0
325903,325903,325905,2,0
325903,325903,325906,3,0
325903,325903,325906,3,0
325903,325903,325906,3,0
325903,325903,325906,3,0
325903,325903,325906,3,0
325903,325903,325905,2,0
325903,325905,325907,2,2
325903,325905,325907,2,2
325903,325905,325907,2,2
325903,325905,325907,2,2
325903,325905,325907,2,2
325903,325905,325907,2,2
325903,325905,325906,1,2
325903,325905,325907,2,2
325903,325905,325907,2,2
325903,325905,325907,2,2
325903,325905,325907,2,2
325903,325905,325907,2,2
325903,325905,325907,2,2
325903,325906,325908,2,3
325903,325906,325908,2,3
325903,325906,325908,2,3
325903,325906,325908,2,3
325903,325906,325908,2,3
325903,325906,325908,2,3
325903,325906,325909,3,3
325903,325906,325909,3,3
325903,325907,325908,1,4
325903,325907,325909,2,4
325903,325907,325909,2,4
325903,325907,325909,2,4
325903,325907,325908,1,4
325903,325907,325909,2,4
325903,325907,325909,2,4
325903,325907,325909,2,4
325903,325907,325909,2,4
325903,325907,325909,2,4
325903,325907,325909,2,4
325903,325907,325909,2,4
325903,325906,325909,3,3
325903,325906,325909,3,3
325903,325906,325909,3,3
325903,325907,325909,2,4
325903,325908,325910,2,5
325903,325908,325910,2,5
325903,325908,325911,3,5
325903,325908,325911,3,5
325903,325909,325911,2,6
325903,325909,325911,2,6
325903,325909,325911,2,6
325903,325909,325911,2,6
325903,325909,325911,2,6
325903,325909,325911,2,6
325903,325909,325911,2,6
325903,325909,325911,2,6
325903,325909,325911,2,6
325903,325909,325911,2,6
325903,325909,325911,2,6
325903,325909,325911,2,6
325903,325908,325911,3,5
325903,325908,325911,3,5
325903,325909,325912,3,6
325903,325909,325912,3,6
325903,325909,325911,2,6
325903,325909,325912,3,6
325903,325909,325912,3,6
325903,325909,325912,3,6
325903,325911,325913,2,8
325903,325911,325913,2,8
325903,325911,325913,2,8
325903,325911,325913,2,8
325903,325911,325913,2,8
325903,325911,325913,2,8
325903,325911,325913,2,8
325903,325911,325913,2,8
325903,325911,325913,2,8
325903,325911,325913,2,8
325903,325911,325913,2,8
325903,325911,325913,2,8
325903,325911,325913,2,8
325903,325911,325913,2,8
325903,325910,325913,3,7
325903,325910,325913,3,7
325903,325911,325914,3,8
325903,325912,325915,3,9
325903,325912,325915,3,9
325903,325913,325915,2,10
325903,325914,325915,1,11
325903,325914,325915,1,11
325903,325914,325915,1,11
325903,325914,325915,1,11
325903,325914,325915,1,11
325903,325914,325915,1,11
325903,325914,325915,1,11
325903,325914,325915,1,11
325903,325911,325915,4,8
325903,325912,325915,3,9
325903,325913,325915,2,10
325903,325913,325916,3,10
325903,325913,325916,3,10
325903,325913,325916,3,10
325903,325914,325916,2,11
325903,325914,325916,2,11
325903,325913,325916,3,10
325903,325914,325916,2,11
325903,325914,325916,2,11
325903,325916,325917,1,13
325903,325916,325917,1,13
325903,325916,325917,1,13
325903,325916,325917,1,13
325903,325915,325917,2,12
325903,325916,325918,2,13
325903,325916,325917,1,13
325903,325916,325917,1,13
325903,325916,325917,1,13
325903,325914,325917,3,11
325903,325916,325918,2,13
325903,325916,325917,1,13
325903,325916,325917,1,13
325903,325915,325918,3,12
325903,325915,325918,3,12
325903,325917,325918,1,14
325903,325917,325918,1,14
325903,325917,325918,1,14
325903,325916,325918,2,13
325903,325917,325919,2,14
325903,325916,325918,2,13
325903,325917,325919,2,14
325903,325917,325919,2,14
325903,325917,325919,2,14
325903,325918,325919,1,15
325903,325918,325919,1,15
325903,325918,325919,1,15
325903,325918,325919,1,15
325903,325918,325919,1,15
325903,325918,325919,1,15
325903,325918,325919,1,15
325903,325918,325919,1,15
325903,325918,325919,1,15
325903,325918,325920,2,15
325903,325918,325920,2,15
325903,325918,325920,2,15
325903,325919,325920,1,16
325903,325919,325920,1,16
325903,325919,325920,1,16
325903,325919,325921,2,16
325903,325919,325921,2,16
325903,325920,325921,1,17
325903,325920,325921,1,17
325903,325920,325921,1,17
325903,325920,325921,1,17
325903,325918,325921,3,15
325903,325919,325921,2,16
325903,325919,325921,2,16
325903,325919,325921,2,16
325903,325919,325921,2,16
325903,325920,325921,1,17
325903,325920,325921,1,17
325903,325920,325921,1,17
325903,325920,325921,1,17
325903,325920,325921,1,17
325903,325920,325922,2,17
325903,325920,325922,2,17
325903,325921,325922,1,18
325903,325921,325922,1,18
325903,325921,325923,2,18
325903,325921,325923,2,18
325903,325921,325923,2,18
325903,325921,325922,1,18
325903,325922,325924,2,19
325903,325922,325924,2,19
325903,325922,325923,1,19
325903,325922,325923,1,19
325903,325922,325923,1,19
325903,325922,325923,1,19
325903,325922,325924,2,19
325903,325922,325924,2,19
325903,325922,325924,2,19
325903,325922,325923,1,19
325903,325922,325923,1,19
325903,325922,325924,2,19
325903,325922,325924,2,19
325930,325930,325931,1,0
325930,325930,325931,1,0
325930,325930,325931,1,0
325930,325930,325931,1,0
325930,325930,325931,1,0
325930,325930,325931,1,0
325930,325930,325931,1,0
325930,325930,325931,1,0
325930,325930,325931,1,0
325930,325930,325931,1,0
325930,325930,325932,2,0
325930,325930,325931,1,0
325930,325930,325932,2,0
325930,325930,325932,2,0
325930,325930,325932,2,0
325930,325930,325933,3,0
325930,325930,325932,2,0
325930,325930,325932,2,0
325930,325930,325932,2,0
325930,325930,325932,2,0
325930,325930,325933,3,0
325930,325930,325933,3,0
325930,325932,325933,1,2
325930,325932,325934,2,2
325930,325932,325933,1,2
325930,325932,325934,2,2
325930,325932,325933,1,2
325930,325932,325933,1,2
325930,325932,325933,1,2
325930,325932,325933,1,2
325930,325932,325934,2,2
325930,325932,325934,2,2
325930,325932,325933,1,2
325930,325932,325933,1,2
325930,325930,325933,3,0
325930,325930,325934,4,0
325930,325932,325934,2,2
325930,325933,325935,2,3
325930,325933,325935,2,3
325930,325933,325935,2,3
325930,325933,325935,2,3
325930,325933,325935,2,3
325930,325934,325935,1,4
325930,325934,325935,1,4
325930,325934,325936,2,4
325930,325934,325936,2,4
325930,325934,325935,1,4
325930,325934,325935,1,4
325930,325934,325935,1,4
325930,325934,325936,2,4
325930,325933,325935,2,3
325930,325933,325935,2,3
325930,325934,325936,2,4
325930,325934,325936,2,4
325930,325934,325935,1,4
325930,325934,325935,1,4
325930,325934,325936,2,4
325930,325933,325935,2,3
325930,325933,325935,2,3
325930,325934,325936,2,4
325930,325935,325937,2,5
325930,325934,325936,2,4
325930,325936,325938,2,6
325930,325936,325938,2,6
325930,325936,325938,2,6
325930,325936,325938,2,6
325930,325936,325938,2,6
325930,325936,325938,2,6
325930,325936,325938,2,6
325930,325936,325938,2,6
325930,325936,325938,2,6
325930,325936,325938,2,6
325930,325936,325938,2,6
325930,325936,325939,3,6
325930,325936,325939,3,6
325930,325936,325939,3,6
325930,325936,325939,3,6
325930,325936,325939,3,6
325930,325936,325938,2,6
325930,325936,325939,3,6
325930,325936,325939,3,6
325930,325936,325939,3,6
325930,325937,325939,2,7
325930,325938,325940,2,8
325930,325938,325940,2,8
325930,325938,325940,2,8
325930,325938,325940,2,8
325930,325938,325940,2,8
325930,325938,325940,2,8
325930,325938,325940,2,8
325930,325937,325940,3,7
325930,325937,325940,3,7
325930,325936,325940,4,6
325930,325938,325941,3,8
325930,325939,325941,2,9
325930,325939,325941,2,9
325930,325939,325941,2,9
325930,325939,325941,2,9
325930,325939,325941,2,9
325930,325939,325941,2,9
325930,325939,325941,2,9
325930,325940,325942,2,10
325930,325939,325942,3,9
325930,325939,325942,3,9
325930,325940,325942,2,10
325930,325940,325942,2,10
325930,325940,325942,2,10
325930,325940,325942,2,10
325930,325940,325942,2,10
325930,325940,325942,2,10
325930,325940,325942,2,10
325930,325940,325943,3,10
325930,325940,325943,3,10
325930,325940,325943,3,10
325930,325940,325943,3,10
325930,325940,325942,2,10
325930,325941,325943,2,11
325930,325941,325943,2,11
325930,325941,325943,2,11
325930,325941,325943,2,11
325930,325941,325943,2,11
325930,325941,325943,2,11
325930,325941,325944,3,11
325930,325941,325943,2,11
325930,325942,325944,2,12
325930,325941,325944,3,11
325930,325942,325944,2,12
325930,325942,325944,2,12
325930,325942,325944,2,12
325930,325942,325944,2,12
325930,325942,325944,2,12
325930,325942,325944,2,12
325930,325942,325944,2,12
325930,325942,325945,3,12
325930,325942,325944,2,12
325930,325943,325945,2,13
325930,325943,325945,2,13
325930,325944,325945,1,14
325930,325944,325945,1,14
325930,325944,325945,1,14
325930,325944,325945,1,14
325930,325944,325946,2,14
325930,325943,325946,3,13
325930,325943,325946,3,13
325930,325943,325946,3,13
325930,325943,325946,3,13
325930,325945,325946,1,15
325930,325945,325946,1,15
325930,325945,325946,1,15
325930,325945,325946,1,15
325930,325945,325946,1,15
325930,325945,325946,1,15
325930,325945,325946,1,15
325930,325944,325947,3,14
325930,325944,325947,3,14
325930,325944,325947,3,14
325930,325946,325947,1,16
325930,325945,325947,2,15
325930,325946,325947,1,16
325930,325946,325947,1,16
325930,325946,325947,1,16
325930,325946,325947,1,16
325930,325946,325947,1,16
325930,325946,325948,2,16
325930,325946,325948,2,16
325930,325947,325948,1,17
325930,325947,325948,1,17
325930,325947,325948,1,17
325930,325947,325948,1,17
325930,325947,325948,1,17
325930,325947,325948,1,17
325930,325947,325948,1,17
325930,325946,325949,3,16
325930,325947,325949,2,17
325930,325947,325949,2,17
325930,325947,325949,2,17
325930,325947,325949,2,17
325930,325948,325949,1,18
325930,325948,325949,1,18
325930,325948,325949,1,18
325930,325948,325949,1,18
325930,325948,325949,1,18
325930,325947,325950,3,17
325930,325947,325950,3,17
325930,325947,325950,3,17
325930,325948,325950,2,18
325930,325949,325950,1,19
325930,325949,325951,2,19
325930,325948,325950,2,18
325930,325949,325950,1,19
325930,325949,325950,1,19
325930,325949,325950,1,19
325930,325949,325950,1,19
325930,325949,325950,1,19
325930,325949,325950,1,19
325930,325949,325950,1,19
325930,325949,325952,3,19
325930,325950,325953,3,20
325930,325950,325953,3,20
325930,325950,325953,3,20
325959,325959,325960,1,0
325959,325959,325960,1,0
325959,325959,325960,1,0
325959,325959,325961,2,0
325959,325959,325960,1,0
325959,325959,325961,2,0
325959,325959,325960,1,0
325959,325959,325960,1,0
325959,325959,325960,1,0
325959,325959,325960,1,0
325959,325959,325961,2,0
325959,325959,325961,2,0
325959,325959,325961,2,0
325959,325959,325961,2,0
325959,325959,325961,2,0
325959,325959,325961,2,0
325959,325959,325961,2,0
325959,325959,325961,2,0
325959,325959,325962,3,0
325959,325959,325961,2,0
325959,325959,325961,2,0
325959,325959,325961,2,0
325959,325959,325961,2,0
325959,325959,325962,3,0
325959,325961,325962,1,2
325959,325961,325963,2,2
325959,325961,325963,2,2
325959,325961,325963,2,2
325959,325961,325963,2,2
325959,325961,325963,2,2
325959,325961,325963,2,2
325959,325961,325963,2,2
325959,325961,325963,2,2
325959,325961,325964,3,2
325959,325961,325963,2,2
325959,325961,325963,2,2
325959,325961,325963,2,2
325959,325961,325964,3,2
325959,325961,325964,3,2
325959,325962,325964,2,3
325959,325962,325964,2,3
325959,325962,325964,2,3
325959,325962,325964,2,3
325959,325963,325965,2,4
325959,325963,325965,2,4
325959,325963,325965,2,4
325959,325963,325965,2,4
325959,325962,325965,3,3
325959,325962,325965,3,3
325959,325963,325966,3,4
325959,325962,325966,4,3
325959,325962,325965,3,3
325959,325964,325966,2,5
325959,325964,325966,2,5
325959,325964,325966,2,5
325959,325964,325966,2,5
325959,325964,325965,1,5
325959,325964,325966,2,5
325959,325964,325966,2,5
325959,325964,325966,2,5
325959,325964,325966,2,5
325959,325964,325966,2,5
325959,325965,325967,2,6
325959,325964,325966,2,5
325959,325965,325967,2,6
325959,325965,325967,2,6
325959,325965,325967,2,6
325959,325965,325967,2,6
325959,325965,325967,2,6
325959,325965,325968,3,6
325959,325965,325968,3,6
325959,325966,325968,2,7
325959,325966,325968,2,7
325959,325966,325968,2,7
325959,325965,325968,3,6
325959,325965,325968,3,6
325959,325966,325968,2,7
325959,325966,325968,2,7
325959,325966,325968,2,7
325959,325966,325968,2,7
325959,325966,325968,2,7
325959,325966,325968,2,7
325959,325966,325968,2,7
325959,325966,325969,3,7
325959,325967,325969,2,8
325959,325967,325969,2,8
325959,325967,325969,2,8
325959,325966,325969,3,7
325959,325967,325969,2,8
325959,325967,325970,3,8
325959,325968,325970,2,9
325959,325968,325970,2,9
325959,325968,325970,2,9
325959,325968,325970,2,9
325959,325968,325970,2,9
325959,325968,325970,2,9
325959,325967,325969,2,8
325959,325968,325970,2,9
325959,325968,325970,2,9
325959,325968,325970,2,9
325959,325968,325971,3,9
325959,325969,325971,2,10
325959,325969,325971,2,10
325959,325969,325971,2,10
325959,325969,325971,2,10
325959,325969,325971,2,10
325959,325969,325971,2,10
325959,325968,325971,3,9
325959,325968,325971,3,9
325959,325969,325971,2,10
325959,325968,325972,4,9
325959,325968,325972,4,9
325959,325970,325972,2,11
325959,325970,325972,2,11
325959,325970,325972,2,11
325959,325970,325972,2,11
325959,325970,325972,2,11
325959,325970,325972,2,11
325959,325970,325972,2,11
325959,325970,325972,2,11
325959,325969,325972,3,10
325959,325970,325972,2,11
325959,325970,325973,3,11
325959,325970,325973,3,11
325959,325971,325973,2,12
325959,325972,325973,1,13
325959,325972,325973,1,13
325959,325972,325973,1,13
325959,325971,325974,3,12
325959,325971,325974,3,12
325959,325971,325974,3,12
325959,325971,325974,3,12
325959,325973,325974,1,14
325959,325973,325974,1,14
325959,325973,325974,1,14
325959,325972,325974,2,13
325959,325972,325974,2,13
325959,325973,325974,1,14
325959,325973,325974,1,14
325959,325973,325974,1,14
325959,325973,325974,1,14
325959,325972,325975,3,13
325959,325972,325975,3,13
325959,325974,325975,1,15
325959,325973,325976,3,14
325959,325973,325975,2,14
325959,325973,325975,2,14
325959,325974,325975,1,15
325959,325974,325975,1,15
325959,325974,325975,1,15
325959,325974,325976,2,15
325959,325974,325976,2,15
325959,325975,325976,1,16
325959,325975,325976,1,16
325959,325975,325976,1,16
325959,325975,325977,2,16
325959,325975,325976,1,16
325959,325975,325976,1,16
325959,325975,325976,1,16
325959,325975,325976,1,16
325959,325974,325977,3,15
325959,325975,325977,2,16
325959,325975,325977,2,16
325959,325975,325977,2,16
325959,325976,325977,1,17
325959,325975,325977,2,16
325959,325976,325977,1,17
325959,325976,325977,1,17
325959,325976,325977,1,17
325959,325976,325977,1,17
325959,325976,325978,2,17
325959,325976,325978,2,17
325959,325977,325978,1,18
325959,325977,325978,1,18
325959,325977,325978,1,18
325959,325976,325978,2,17
325959,325976,325978,2,17
325959,325977,325978,1,18
325959,325977,325979,2,18
325959,325977,325978,1,18
325959,325977,325978,1,18
325959,325977,325979,2,18
325959,325977,325979,2,18
325959,325977,325979,2,18
325959,325978,325980,2,19
325959,325978,325980,2,19
325959,325978,325980,2,19
325959,325978,325980,2,19
325959,325978,325980,2,19
325959,325978,325980,2,19
325959,325978,325980,2,19
325959,325979,325981,2,20
325959,325979,325981,2,20
325959,325979,325981,2,20
325959,325978,325980,2,19
325959,325978,325980,2,19
325959,325979,325981,2,20
325959,325978,325981,3,19
325959,325979,325981,2,20
325959,325979,325982,3,20
325989,325989,325990,1,0
325989,325989,325990,1,0
325989,325989,325990,1,0
325989,325989,325990,1,0
325989,325989,325990,1,0
325989,325989,325991,2,0
325989,325989,325990,1,0
325989,325989,325991,2,0
325989,325989,325990,1,0
325989,325989,325990,1,0
325989,325989,325991,2,0
325989,325989,325991,2,0
325989,325989,325991,2,0
325989,325989,325991,2,0
325989,325989,325992,3,0
325989,325989,325992,3,0
325989,325989,325992,3,0
325989,325991,325992,1,2
325989,325991,325992,1,2
325989,325991,325992,1,2
325989,325991,325992,1,2
325989,325991,325992,1,2
325989,325991,325992,1,2
325989,325991,325992,1,2
325989,325989,325992,3,0
325989,325989,325992,3,0
325989,325991,325992,1,2
325989,325991,325992,1,2
325989,325991,325992,1,2
325989,325989,325992,3,0
325989,325989,325992,3,0
325989,325989,325992,3,0
325989,325992,325993,1,3
325989,325989,325993,4,0
325989,325989,325993,4,0
325989,325992,325993,1,3
325989,325992,325994,2,3
325989,325992,325994,2,3
325989,325992,325994,2,3
325989,325993,325994,1,4
325989,325993,325995,2,4
325989,325993,325994,1,4
325989,325993,325994,1,4
325989,325993,325994,1,4
325989,325993,325994,1,4
325989,325993,325995,2,4
325989,325993,325994,1,4
325989,325993,325995,2,4
325989,325993,325994,1,4
325989,325993,325995,2,4
325989,325993,325995,2,4
325989,325993,325996,3,4
325989,325993,325996,3,4
325989,325993,325995,2,4
325989,325994,325995,1,5
325989,325994,325995,1,5
325989,325993,325995,2,4
325989,325993,325995,2,4
325989,325995,325996,1,6
325989,325995,325996,1,6
325989,325995,325996,1,6
325989,325995,325997,2,6
325989,325995,325997,2,6
325989,325995,325997,2,6
325989,325994,325997,3,5
325989,325994,325997,3,5
325989,325995,325997,2,6
325989,325995,325996,1,6
325989,325995,325996,1,6
325989,325995,325997,2,6
325989,325995,325996,1,6
325989,325995,325996,1,6
325989,325994,325996,2,5
325989,325995,325997,2,6
325989,325996,325998,2,7
325989,325996,325998,2,7
325989,325996,325997,1,7
325989,325996,325998,2,7
325989,325997,325999,2,8
325989,325997,325998,1,8
325989,325997,325999,2,8
325989,325997,325998,1,8
325989,325996,325998,2,7
325989,325996,325998,2,7
325989,325996,325999,3,7
325989,325996,325999,3,7
325989,325997,325999,2,8
325989,325997,325998,1,8
325989,325997,325999,2,8
325989,325997,325999,2,8
325989,325997,325999,2,8
325989,325997,325999,2,8
325989,325997,325999,2,8
325989,325997,325999,2,8
325989,325997,326000,3,8
325989,325997,326000,3,8
325989,325997,326000,3,8
325989,325997,326000,3,8
325989,325998,326000,2,9
325989,325998,326000,2,9
325989,325999,326000,1,10
325989,325999,326001,2,10
325989,325999,326001,2,10
325989,325999,326001,2,10
325989,325998,326001,3,9
325989,325998,326000,2,9
325989,325999,326001,2,10
325989,325999,326001,2,10
325989,325999,326001,2,10
325989,325999,326001,2,10
325989,325999,326001,2,10
325989,325999,326001,2,10
325989,325999,326001,2,10
325989,326000,326002,2,11
325989,325999,326001,2,10
325989,325999,326002,3,10
325989,325999,326002,3,10
325989,326000,326002,2,11
325989,326000,326002,2,11
325989,326000,326002,2,11
325989,326000,326002,2,11
325989,326001,326003,2,12
325989,326001,326003,2,12
325989,326001,326003,2,12
325989,326001,326003,2,12
325989,326000,326002,2,11
325989,326001,326003,2,12
325989,326000,326003,3,11
325989,326000,326003,3,11
325989,326001,326003,2,12
325989,326001,326003,2,12
325989,326001,326003,2,12
325989,326001,326003,2,12
325989,326001,326003,2,12
325989,326001,326003,2,12
325989,326001,326003,2,12
325989,326002,326004,2,13
325989,326001,326003,2,12
325989,326002,326004,2,13
325989,326002,326004,2,13
325989,326002,326004,2,13
325989,326003,326005,2,14
325989,326003,326005,2,14
325989,326003,326005,2,14
325989,326003,326005,2,14
325989,326002,326004,2,13
325989,326002,326005,3,13
325989,326002,326005,3,13
325989,326002,326004,2,13
325989,326003,326005,2,14
325989,326003,326005,2,14
325989,326003,326005,2,14
325989,326003,326005,2,14
325989,326003,326006,3,14
325989,326003,326006,3,14
325989,326003,326006,3,14
325989,326004,326006,2,15
325989,326004,326006,2,15
325989,326005,326007,2,16
325989,326005,326007,2,16
325989,326003,326007,4,14
325989,326003,326007,4,14
325989,326004,326007,3,15
325989,326004,326007,3,15
325989,326006,326007,1,17
325989,326006,326007,1,17
325989,326006,326007,1,17
325989,326006,326007,1,17
325989,326003,326007,4,14
325989,326004,326007,3,15
325989,326004,326007,3,15
325989,326005,326008,3,16
325989,326005,326008,3,16
325989,326005,326008,3,16
325989,326005,326008,3,16
325989,326005,326008,3,16
325989,326007,326008,1,18
325989,326007,326008,1,18
325989,326007,326008,1,18
325989,326007,326008,1,18
325989,326007,326009,2,18
325989,326007,326009,2,18
325989,326006,326009,3,17
325989,326005,326009,4,16
325989,326008,326009,1,19
325989,326008,326009,1,19
325989,326008,326009,1,19
325989,326008,326009,1,19
325989,326008,326010,2,19
325989,326008,326010,2,19
325989,326007,326010,3,18
325989,326007,326010,3,18
325989,326007,326010,3,18
325989,326008,326010,2,19
325989,326009,326010,1,20
325989,326008,326011,3,19
325989,326008,326011,3,19
325989,326008,326011,3,19
325989,326009,326011,2,20
325989,326009,326011,2,20
326017,326017,326019,2,0
326017,326017,326019,2,0
326017,326017,326019,2,0
326017,326017,326019,2,0
326017,326017,326019,2,0
326017,326017,326019,2,0
326017,326017,326019,2,0
326017,326017,326019,2,0
326017,326017,326019,2,0
326017,326017,326019,2,0
326017,326017,326019,2,0
326017,326017,326019,2,0
326017,326017,326020,3,0
326017,326017,326019,2,0
326017,326017,326019,2,0
326017,326017,326020,3,0
326017,326017,326020,3,0
326017,326017,326020,3,0
326017,326017,326020,3,0
326017,326017,326020,3,0
326017,326017,326019,2,0
326017,326017,326020,3,0
326017,326017,326020,3,0
326017,326017,326019,2,0
326017,326019,326021,2,2
326017,326019,326021,2,2
326017,326019,326021,2,2
326017,326019,326021,2,2
326017,326019,326021,2,2
326017,326019,326021,2,2
326017,326019,326021,2,2
326017,326019,326021,2,2
326017,326019,326021,2,2
326017,326019,326021,2,2
326017,326019,326021,2,2
326017,326020,326022,2,3
326017,326020,326022,2,3
326017,326020,326022,2,3
326017,326020,326022,2,3
326017,326020,326022,2,3
326017,326019,326021,2,2
326017,326020,326022,2,3
326017,326020,326022,2,3
326017,326021,326023,2,4
326017,326021,326023,2,4
326017,326021,326023,2,4
326017,326021,326023,2,4
326017,326021,326023,2,4
326017,326021,326023,2,4
326017,326021,326023,2,4
326017,326021,326023,2,4
326017,326020,326023,3,3
326017,326020,326023,3,3
326017,326020,326023,3,3
326017,326021,326023,2,4
326017,326021,326023,2,4
326017,326021,326023,2,4
326017,326020,326022,2,3
326017,326020,326023,3,3
326017,326023,326024,1,6
326017,326022,326025,3,5
326017,326022,326025,3,5
326017,326023,326025,2,6
326017,326023,326025,2,6
326017,326023,326025,2,6
326017,326022,326025,3,5
326017,326023,326025,2,6
326017,326024,326026,2,7
326017,326024,326025,1,7
326017,326024,326025,1,7
326017,326024,326025,1,7
326017,326024,326025,1,7
326017,326024,326025,1,7
326017,326024,326025,1,7
326017,326024,326025,1,7
326017,326024,326025,1,7
326017,326024,326025,1,7
326017,326024,326025,1,7
326017,326024,326025,1,7
326017,326024,326026,2,7
326017,326024,326026,2,7
326017,326024,326026,2,7
326017,326025,326026,1,8
326017,326024,326026,2,7
326017,326026,326027,1,9
326017,326026,326027,1,9
326017,326026,326028,2,9
326017,326026,326027,1,9
326017,326026,326027,1,9
326017,326026,326027,1,9
326017,326026,326027,1,9
326017,326026,326027,1,9
326017,326026,326027,1,9
326017,326026,326027,1,9
326017,326026,326027,1,9
326017,326026,326028,2,9
326017,326026,326028,2,9
326017,326026,326028,2,9
326017,326026,326028,2,9
326017,326026,326028,2,9
326017,326026,326029,3,9
326017,326026,326029,3,9
326017,326027,326028,1,10
326017,326027,326029,2,10
326017,326028,326029,1,11
326017,326028,326030,2,11
326017,326027,326029,2,10
326017,326027,326030,3,10
326017,326028,326029,1,11
326017,326028,326029,1,11
326017,326028,326030,2,11
326017,326026,326029,3,9
326017,326027,326029,2,10
326017,326028,326030,2,11
326017,326028,326030,2,11
326017,326028,326030,2,11
326017,326028,326030,2,11
326017,326028,326030,2,11
326017,326028,326030,2,11
326017,326029,326031,2,12
326017,326029,326031,2,12
326017,326029,326032,3,12
326017,326029,326031,2,12
326017,326029,326032,3,12
326017,326029,326032,3,12
326017,326030,326031,1,13
326017,326029,326031,2,12
326017,326029,326031,2,12
326017,326030,326032,2,13
326017,326030,326032,2,13
326017,326030,326032,2,13
326017,326030,326032,2,13
326017,326031,326032,1,14
326017,326031,326032,1,14
326017,326030,326032,2,13
326017,326030,326032,2,13
326017,326031,326033,2,14
326017,326031,326032,1,14
326017,326031,326033,2,14
326017,326031,326033,2,14
326017,326032,326034,2,15
326017,326032,326034,2,15
326017,326032,326034,2,15
326017,326030,326033,3,13
326017,326030,326033,3,13
326017,326030,326033,3,13
326017,326030,326033,3,13
326017,326032,326034,2,15
326017,326032,326034,2,15
326017,326032,326034,2,15
326017,326033,326035,2,16
326017,326032,326035,3,15
326017,326032,326035,3,15
326017,326032,326035,3,15
326017,326032,326035,3,15
326017,326033,326034,1,16
326017,326033,326035,2,16
326017,326033,326035,2,16
326017,326033,326035,2,16
326017,326033,326035,2,16
326017,326033,326035,2,16
326017,326033,326035,2,16
326017,326033,326035,2,16
326017,326033,326035,2,16
326017,326034,326036,2,17
326017,326034,326036,2,17
326017,326034,326036,2,17
326017,326034,326036,2,17
326017,326034,326036,2,17
326017,326034,326036,2,17
326017,326034,326037,3,17
326017,326034,326037,3,17
326017,326034,326036,2,17
326017,326034,326037,3,17
326017,326035,326037,2,18
326017,326035,326037,2,18
326017,326035,326037,2,18
326017,326035,326037,2,18
326017,326035,326037,2,18
326017,326035,326037,2,18
326017,326035,326037,2,18
326017,326035,326037,2,18
326017,326035,326037,2,18
326017,326035,326037,2,18
326017,326035,326038,3,18
326017,326035,326037,2,18
326017,326035,326038,3,18
326017,326036,326038,2,19
326017,326036,326038,2,19
326017,326036,326038,2,19
326017,326036,326038,2,19
326017,326036,326038,2,19
326017,326036,326038,2,19
326017,326037,326039,2,20
326017,326035,326038,3,18
326017,326037,326039,2,20
326017,326037,326039,2,20
326017,326037,326039,2,20
326017,326037,326040,3,20
326017,326037,326040,3,20
326046,326046,326047,1,0
326046,326046,326048,2,0
326046,326046,326047,1,0
326046,326046,326047,1,0
326046,326046,326048,2,0
326046,326046,326047,1,0
326046,326046,326048,2,0
326046,326046,326047,1,0
326046,326046,326047,1,0
326046,326046,326048,2,0
326046,326046,326048,2,0
326046,326046,326048,2,0
326046,326046,326049,3,0
326046,326046,326048,2,0
326046,326046,326048,2,0
326046,326046,326049,3,0
326046,326046,326048,2,0
326046,326046,326048,2,0
326046,326046,326048,2,0
326046,326046,326048,2,0
326046,326046,326049,3,0
326046,326046,326048,2,0
326046,326046,326049,3,0
326046,326046,326049,3,0
326046,326048,326050,2,2
326046,326048,326050,2,2
326046,326048,326050,2,2
326046,326048,326050,2,2
326046,326048,326050,2,2
326046,326048,326050,2,2
326046,326048,326050,2,2
326046,326048,326050,2,2
326046,326048,326050,2,2
326046,326048,326050,2,2
326046,326048,326050,2,2
326046,326049,326051,2,3
326046,326049,326051,2,3
326046,326049,326052,3,3
326046,326049,326051,2,3
326046,326049,326052,3,3
326046,326049,326052,3,3
326046,326049,326051,2,3
326046,326049,326051,2,3
326046,326049,326052,3,3
326046,326049,326051,2,3
326046,326049,326051,2,3
326046,326049,326051,2,3
326046,326049,326051,2,3
326046,326050,326051,1,4
326046,326050,326052,2,4
326046,326050,326052,2,4
326046,326050,326052,2,4
326046,326050,326052,2,4
326046,326050,326052,2,4
326046,326050,326052,2,4
326046,326050,326052,2,4
326046,326050,326052,2,4
326046,326050,326052,2,4
326046,326050,326052,2,4
326046,326051,326053,2,5
326046,326051,326053,2,5
326046,326052,326054,2,6
326046,326052,326054,2,6
326046,326052,326054,2,6
326046,326052,326054,2,6
326046,326052,326054,2,6
326046,326052,326054,2,6
326046,326052,326054,2,6
326046,326052,326054,2,6
326046,326052,326055,3,6
326046,326052,326054,2,6
326046,326052,326055,3,6
326046,326052,326055,3,6
326046,326052,326055,3,6
326046,326052,326055,3,6
326046,326052,326054,2,6
326046,326052,326054,2,6
326046,326053,326055,2,7
326046,326052,326055,3,6
326046,326052,326055,3,6
326046,326052,326055,3,6
326046,326052,326055,3,6
326046,326052,326054,2,6
326046,326052,326056,4,6
326046,326053,326056,3,7
326046,326054,326056,2,8
326046,326054,326056,2,8
326046,326054,326056,2,8
326046,326054,326056,2,8
326046,326054,326057,3,8
326046,326055,326057,2,9
326046,326055,326057,2,9
326046,326056,326057,1,10
326046,326056,326057,1,10
326046,326054,326057,3,8
326046,326056,326057,1,10
326046,326056,326057,1,10
326046,326054,326057,3,8
326046,326056,326057,1,10
326046,326055,326058,3,9
326046,326055,326058,3,9
326046,326055,326058,3,9
326046,326056,326058,2,10
326046,326057,326058,1,11
326046,326057,326058,1,11
326046,326057,326058,1,11
326046,326057,326058,1,11
326046,326057,326058,1,11
326046,326055,326059,4,9
326046,326055,326059,4,9
326046,326055,326059,4,9
326046,326055,326059,4,9
326046,326056,326059,3,10
326046,326058,326059,1,12
326046,326058,326059,1,12
326046,326058,326059,1,12
326046,326058,326059,1,12
326046,326058,326059,1,12
326046,326058,326059,1,12
326046,326058,326059,1,12
326046,326058,326059,1,12
326046,326058,326059,1,12
326046,326057,326059,2,11
326046,326059,326060,1,13
326046,326059,326060,1,13
326046,326059,326060,1,13
326046,326059,326060,1,13
326046,326059,326061,2,13
326046,326059,326061,2,13
326046,326059,326061,2,13
326046,326060,326061,1,14
326046,326060,326061,1,14
326046,326060,326061,1,14
326046,326060,326061,1,14
326046,326059,326061,2,13
326046,326059,326061,2,13
326046,326059,326061,2,13
326046,326060,326061,1,14
326046,326060,326062,2,14
326046,326060,326061,1,14
326046,326060,326061,1,14
326046,326059,326062,3,13
326046,326060,326062,2,14
326046,326060,326063,3,14
326046,326060,326063,3,14
326046,326061,326062,1,15
326046,326061,326062,1,15
326046,326061,326062,1,15
326046,326061,326062,1,15
326046,326059,326063,4,13
326046,326061,326063,2,15
326046,326062,326063,1,16
326046,326062,326063,1,16
326046,326062,326063,1,16
326046,326062,326064,2,16
326046,326062,326063,1,16
326046,326062,326063,1,16
326046,326062,326063,1,16
326046,326062,326063,1,16
326046,326062,326064,2,16
326046,326063,326065,2,17
326046,326062,326064,2,16
326046,326062,326064,2,16
326046,326063,326065,2,17
326046,326062,326064,2,16
326046,326062,326064,2,16
326046,326062,326065,3,16
326046,326063,326064,1,17
326046,326063,326064,1,17
326046,326063,326064,1,17
326046,326063,326064,1,17
326046,326064,326065,1,18
326046,326064,326066,2,18
326046,326064,326065,1,18
326046,326064,326065,1,18
326046,326064,326065,1,18
326046,326063,326065,2,17
326046,326064,326065,1,18
326046,326064,326066,2,18
326046,326064,326065,1,18
326046,326064,326066,2,18
326046,326065,326067,2,19
326046,326063,326066,3,17
326046,326065,326066,1,19
326046,326064,326066,2,18
326046,326065,326067,2,19
326046,326065,326066,1,19
326046,326065,326067,2,19
326046,326065,326066,1,19
326046,326065,326067,2,19
326046,326065,326067,2,19
326046,326065,326068,3,19
326046,326066,326067,1,20
326046,326066,326067,1,20
326046,326066,326068,2,20
326046,326065,326067,2,19
326046,326066,326068,2,20
326046,326066,326068,2,20
326046,326065,326068,3,19
326046,326065,326068,3,19
326075,326075,326077,2,0
326075,326075,326076,1,0
326075,326075,326076,1,0
326075,326075,326076,1,0
326075,326075,326076,1,0
326075,326075,326076,1,0
326075,326075,326076,1,0
326075,326075,326077,2,0
326075,326075,326076,1,0
326075,326075,326076,1,0
326075,326075,326076,1,0
326075,326075,326076,1,0
326075,326075,326077,2,0
326075,326075,326077,2,0
326075,326075,326077,2,0
326075,326075,326077,2,0
326075,326075,326077,2,0
326075,326075,326078,3,0
326075,326075,326078,3,0
326075,326075,326078,3,0
326075,326077,326078,1,2
326075,326077,326078,1,2
326075,326077,326079,2,2
326075,326077,326079,2,2
326075,326077,326078,1,2
326075,326077,326079,2,2
326075,326077,326079,2,2
326075,326077,326079,2,2
326075,326077,326078,1,2
326075,326077,326079,2,2
326075,326077,326079,2,2
326075,326077,326078,1,2
326075,326075,326078,3,0
326075,326075,326078,3,0
326075,326075,326078,3,0
326075,326075,326078,3,0
326075,326079,326081,2,4
326075,326079,326081,2,4
326075,326079,326081,2,4
326075,326079,326081,2,4
326075,326079,326081,2,4
326075,326078,326081,3,3
326075,326079,326081,2,4
326075,326079,326081,2,4
326075,326079,326081,2,4
326075,326077,326080,3,2
326075,326078,326081,3,3
326075,326078,326080,2,3
326075,326078,326082,4,3
326075,326078,326082,4,3
326075,326078,326082,4,3
326075,326079,326081,2,4
326075,326079,326081,2,4
326075,326079,326082,3,4
326075,326079,326081,2,4
326075,326077,326081,4,2
326075,326079,326082,3,4
326075,326079,326082,3,4
326075,326079,326081,2,4
326075,326081,326083,2,6
326075,326081,326083,2,6
326075,326081,326083,2,6
326075,326081,326083,2,6
326075,326081,326083,2,6
326075,326081,326083,2,6
326075,326081,326083,2,6
326075,326081,326083,2,6
326075,326079,326082,3,4
326075,326082,326084,2,7
326075,326082,326084,2,7
326075,326081,326084,3,6
326075,326082,326084,2,7
326075,326082,326084,2,7
326075,326082,326084,2,7
326075,326082,326084,2,7
326075,326082,326084,2,7
326075,326081,326084,3,6
326075,326081,326084,3,6
326075,326081,326084,3,6
326075,326082,326085,3,7
326075,326082,326085,3,7
326075,326082,326085,3,7
326075,326082,326085,3,7
326075,326083,326085,2,8
326075,326083,326085,2,8
326075,326083,326085,2,8
326075,326083,326085,2,8
326075,326083,326085,2,8
326075,326083,326085,2,8
326075,326083,326085,2,8
326075,326083,326085,2,8
326075,326083,326086,3,8
326075,326084,326086,2,9
326075,326084,326086,2,9
326075,326084,326086,2,9
326075,326084,326086,2,9
326075,326084,326087,3,9
326075,326084,326086,2,9
326075,326084,326087,3,9
326075,326084,326087,3,9
326075,326084,326086,2,9
326075,326084,326087,3,9
326075,326085,326087,2,10
326075,326085,326087,2,10
326075,326085,326087,2,10
326075,326085,326087,2,10
326075,326085,326087,2,10
326075,326085,326087,2,10
326075,326085,326087,2,10
326075,326085,326087,2,10
326075,326085,326088,3,10
326075,326085,326087,2,10
326075,326085,326088,3,10
326075,326085,326087,2,10
326075,326084,326088,4,9
326075,326086,326088,2,11
326075,326086,326088,2,11
326075,326087,326088,1,12
326075,326086,326088,2,11
326075,326086,326089,3,11
326075,326088,326089,1,13
326075,326088,326089,1,13
326075,326088,326089,1,13
326075,326088,326089,1,13
326075,326088,326089,1,13
326075,326088,326089,1,13
326075,326088,326089,1,13
326075,326088,326089,1,13
326075,326087,326090,3,12
326075,326087,326090,3,12
326075,326087,326090,3,12
326075,326087,326090,3,12
326075,326088,326090,2,13
326075,326088,326090,2,13
326075,326088,326090,2,13
326075,326089,326090,1,14
326075,326089,326090,1,14
326075,326089,326090,1,14
326075,326089,326090,1,14
326075,326088,326091,3,13
326075,326088,326091,3,13
326075,326088,326091,3,13
326075,326089,326091,2,14
326075,326090,326091,1,15
326075,326090,326091,1,15
326075,326090,326091,1,15
326075,326090,326091,1,15
326075,326090,326091,1,15
326075,326090,326091,1,15
326075,326090,326091,1,15
326075,326090,326092,2,15
326075,326091,326092,1,16
326075,326091,326092,1,16
326075,326091,326092,1,16
326075,326091,326092,1,16
326075,326091,326092,1,16
326075,326090,326093,3,15
326075,326091,326093,2,16
326075,326091,326093,2,16
326075,326091,326093,2,16
326075,326090,326093,3,15
326075,326091,326093,2,16
326075,326092,326093,1,17
326075,326092,326093,1,17
326075,326092,326093,1,17
326075,326092,326093,1,17
326075,326092,326093,1,17
326075,326092,326093,1,17
326075,326092,326093,1,17
326075,326090,326094,4,15
326075,326092,326094,2,17
326075,326092,326094,2,17
326075,326092,326094,2,17
326075,326092,326094,2,17
326075,326093,326094,1,18
326075,326093,326094,1,18
326075,326093,326094,1,18
326075,326093,326094,1,18
326075,326093,326094,1,18
326075,326093,326094,1,18
326075,326094,326096,2,19
326075,326094,326096,2,19
326075,326094,326095,1,19
326075,326094,326095,1,19
326075,326094,326095,1,19
326075,326094,326095,1,19
326075,326094,326095,1,19
326075,326094,326095,1,19
326075,326094,326095,1,19
326075,326094,326096,2,19
326075,326094,326096,2,19
326075,326094,326096,2,19
326075,326094,326096,2,19
326075,326095,326097,2,20
326075,326095,326098,3,20
326075,326095,326097,2,20
326075,326095,326097,2,20
326075,326095,326098,3,20
326075,326095,326098,3,20
326075,326095,326098,3,20
326105,326105,326106,1,0
326105,326105,326107,2,0
326105,326105,326106,1,0
326105,326105,326106,1,0
326105,326105,326107,2,0
326105,326105,326107,2,0
326105,326105,326107,2,0
326105,326105,326107,2,0
326105,326105,326107,2,0
326105,326105,326107,2,0
326105,326105,326107,2,0
326105,326105,326107,2,0
326105,326105,326107,2,0
326105,326105,326107,2,0
326105,326105,326107,2,0
326105,326105,326107,2,0
326105,326105,326108,3,0
326105,326105,326108,3,0
326105,326107,326108,1,2
326105,326107,326108,1,2
326105,326107,326108,1,2
326105,326107,326108,1,2
326105,326107,326108,1,2
326105,326107,326108,1,2
326105,326105,326108,3,0
326105,326105,326108,3,0
326105,326105,326108,3,0
326105,326105,326108,3,0
326105,326105,326109,4,0
326105,326105,326108,3,0
326105,326108,326109,1,3
326105,326108,326109,1,3
326105,326108,326109,1,3
326105,326108,326109,1,3
326105,326108,326109,1,3
326105,326108,326109,1,3
326105,326108,326110,2,3
326105,326108,326109,1,3
326105,326108,326110,2,3
326105,326109,326110,1,4
326105,326109,326110,1,4
326105,326109,326110,1,4
326105,326109,326111,2,4
326105,326109,326111,2,4
326105,326109,326110,1,4
326105,326109,326110,1,4
326105,326109,326110,1,4
326105,326108,326110,2,3
326105,326109,326111,2,4
326105,326109,326111,2,4
326105,326109,326111,2,4
326105,326110,326111,1,5
326105,326110,326111,1,5
326105,326110,326111,1,5
326105,326110,326111,1,5
326105,326110,326111,1,5
326105,326109,326112,3,4
326105,326110,326111,1,5
326105,326110,326112,2,5
326105,326110,326113,3,5
326105,326110,326112,2,5
326105,326109,326112,3,4
326105,326109,326112,3,4
326105,326111,326112,1,6
326105,326111,326112,1,6
326105,326111,326112,1,6
326105,326111,326113,2,6
326105,326111,326112,1,6
326105,326111,326112,1,6
326105,326112,326114,2,7
326105,326111,326114,3,6
326105,326111,326114,3,6
326105,326111,326113,2,6
326105,326112,326114,2,7
326105,326112,326114,2,7
326105,326112,326114,2,7
326105,326112,326113,1,7
326105,326112,326113,1,7
326105,326112,326114,2,7
326105,326112,326114,2,7
326105,326112,326114,2,7
326105,326113,326115,2,8
326105,326113,326115,2,8
326105,326113,326115,2,8
326105,326112,326114,2,7
326105,326113,326114,1,8
326105,326113,326115,2,8
326105,326113,326115,2,8
326105,326113,326115,2,8
326105,326113,326115,2,8
326105,326114,326116,2,9
326105,326113,326115,2,8
326105,326113,326115,2,8
326105,326114,326116,2,9
326105,326114,326116,2,9
326105,326113,326116,3,8
326105,326114,326116,2,9
326105,326114,326116,2,9
326105,326114,326116,2,9
326105,326114,326116,2,9
326105,326114,326116,2,9
326105,326114,326117,3,9
326105,326114,326117,3,9
326105,326115,326117,2,10
326105,326115,326117,2,10
326105,326115,326117,2,10
326105,326115,326117,2,10
326105,326115,326117,2,10
326105,326115,326117,2,10
326105,326115,326118,3,10
326105,326115,326117,2,10
326105,326115,326118,3,10
326105,326116,326118,2,11
326105,326116,326118,2,11
326105,326116,326118,2,11
326105,326116,326118,2,11
326105,326116,326118,2,11
326105,326116,326118,2,11
326105,326116,326119,3,11
326105,326116,326119,3,11
326105,326116,326119,3,11
326105,326116,326119,3,11
326105,326116,326119,3,11
326105,326116,326119,3,11
326105,326116,326119,3,11
326105,326117,326119,2,12
326105,326117,326119,2,12
326105,326117,326119,2,12
326105,326117,326119,2,12
326105,326117,326119,2,12
326105,326117,326119,2,12
326105,326117,326120,3,12
326105,326117,326120,3,12
326105,326118,326120,2,13
326105,326118,326120,2,13
326105,326118,326120,2,13
326105,326118,326120,2,13
326105,326118,326120,2,13
326105,326118,326120,2,13
326105,326118,326120,2,13
326105,326118,326121,3,13
326105,326118,326121,3,13
326105,326119,326121,2,14
326105,326119,326121,2,14
326105,326120,326121,1,15
326105,326120,326121,1,15
326105,326120,326121,1,15
326105,326120,326121,1,15
326105,326120,326121,1,15
326105,326119,326122,3,14
326105,326119,326122,3,14
326105,326119,326121,2,14
326105,326119,326122,3,14
326105,326119,326122,3,14
326105,326119,326122,3,14
326105,326121,326122,1,16
326105,326121,326122,1,16
326105,326121,326122,1,16
326105,326120,326123,3,15
326105,326120,326123,3,15
326105,326120,326123,3,15
326105,326121,326123,2,16
326105,326121,326123,2,16
326105,326122,326123,1,17
326105,326122,326123,1,17
326105,326122,326124,2,17
326105,326122,326123,1,17
326105,326121,326123,2,16
326105,326122,326123,1,17
326105,326122,326123,1,17
326105,326121,326124,3,16
326105,326121,326124,3,16
326105,326121,326124,3,16
326105,326123,326125,2,18
326105,326123,326125,2,18
326105,326123,326124,1,18
326105,326122,326125,3,17
326105,326122,326125,3,17
326105,326122,326125,3,17
326105,326123,326125,2,18
326105,326124,326125,1,19
326105,326124,326125,1,19
326105,326124,326125,1,19
326105,326124,326125,1,19
326105,326124,326125,1,19
326105,326124,326125,1,19
326105,326124,326125,1,19
326105,326124,326125,1,19
326105,326124,326125,1,19
326105,326122,326126,4,17
326105,326123,326126,3,18
326105,326123,326126,3,18
326105,326123,326126,3,18
326105,326122,326126,4,17
326105,326125,326126,1,20
326105,326125,326126,1,20
326105,326125,326126,1,20
326105,326125,326127,2,20
326105,326125,326127,2,20
326105,326125,326127,2,20
326133,326133,326135,2,0
326133,326133,326135,2,0
326133,326133,326135,2,0
326133,326133,326135,2,0
326133,326133,326135,2,0
326133,326133,326135,2,0
326133,326133,326135,2,0
326133,326133,326135,2,0
326133,326133,326135,2,0
326133,326133,326135,2,0
326133,326133,326135,2,0
326133,326133,326135,2,0
326133,326133,326136,3,0
326133,326133,326136,3,0
326133,326133,326136,3,0
326133,326133,326136,3,0
326133,326133,326136,3,0
326133,326133,326136,3,0
326133,326136,326137,1,3
326133,326136,326137,1,3
326133,326136,326137,1,3
326133,326136,326137,1,3
326133,326136,326137,1,3
326133,326136,326137,1,3
326133,326136,326137,1,3
326133,326136,326137,1,3
326133,326136,326137,1,3
326133,326136,326137,1,3
326133,326136,326138,2,3
326133,326136,326137,1,3
326133,326133,326137,4,0
326133,326133,326137,4,0
326133,326133,326137,4,0
326133,326134,326137,3,1
326133,326133,326137,4,0
326133,326133,326137,4,0
326133,326137,326138,1,4
326133,326137,326138,1,4
326133,326137,326139,2,4
326133,326137,326139,2,4
326133,326137,326139,2,4
326133,326138,326139,1,5
326133,326138,326139,1,5
326133,326138,326139,1,5
326133,326138,326139,1,5
326133,326138,326139,1,5
326133,326138,326139,1,5
326133,326138,326139,1,5
326133,326138,326139,1,5
326133,326138,326139,1,5
326133,326138,326139,1,5
326133,326138,326139,1,5
326133,326138,326139,1,5
326133,326138,326140,2,5
326133,326138,326140,2,5
326133,326138,326140,2,5
326133,326137,326139,2,4
326133,326138,326140,2,5
326133,326138,326140,2,5
326133,326138,326140,2,5
326133,326139,326141,2,6
326133,326139,326141,2,6
326133,326140,326141,1,7
326133,326140,326142,2,7
326133,326140,326141,1,7
326133,326140,326141,1,7
326133,326140,326142,2,7
326133,326140,326142,2,7
326133,326140,326141,1,7
326133,326140,326141,1,7
326133,326140,326141,1,7
326133,326140,326141,1,7
326133,326140,326141,1,7
326133,326140,326141,1,7
326133,326140,326141,1,7
326133,326140,326141,1,7
326133,326140,326142,2,7
326133,326140,326142,2,7
326133,326140,326143,3,7
326133,326140,326142,2,7
326133,326140,326142,2,7
326133,326140,326142,2,7
326133,326142,326144,2,9
326133,326142,326144,2,9
326133,326142,326144,2,9
326133,326142,326144,2,9
326133,326142,326144,2,9
326133,326142,326144,2,9
326133,326142,326144,2,9
326133,326141,326143,2,8
326133,326142,326144,2,9
326133,326142,326144,2,9
326133,326142,326144,2,9
326133,326142,326144,2,9
326133,326141,326143,2,8
326133,326141,326143,2,8
326133,326142,326145,3,9
326133,326142,326145,3,9
326133,326143,326145,2,10
326133,326142,326144,2,9
326133,326142,326145,3,9
326133,326143,326146,3,10
326133,326143,326145,2,10
326133,326143,326145,2,10
326133,326144,326145,1,11
326133,326144,326146,2,11
326133,326144,326146,2,11
326133,326144,326146,2,11
326133,326144,326145,1,11
326133,326144,326146,2,11
326133,326144,326146,2,11
326133,326144,326146,2,11
326133,326143,326145,2,10
326133,326143,326145,2,10
326133,326144,326146,2,11
326133,326144,326146,2,11
326133,326144,326146,2,11
326133,326144,326146,2,11
326133,326144,326147,3,11
326133,326144,326147,3,11
326133,326145,326147,2,12
326133,326145,326147,2,12
326133,326145,326147,2,12
326133,326146,326148,2,13
326133,326146,326148,2,13
326133,326146,326148,2,13
326133,326146,326148,2,13
326133,326146,326148,2,13
326133,326146,326148,2,13
326133,326146,326148,2,13
326133,326146,326149,3,13
326133,326146,326149,3,13
326133,326146,326148,2,13
326133,326146,326148,2,13
326133,326145,326149,4,12
326133,326146,326148,2,13
326133,326146,326149,3,13
326133,326147,326149,2,14
326133,326146,326149,3,13
326133,326146,326149,3,13
326133,326146,326149,3,13
326133,326146,326149,3,13
326133,326148,326150,2,15
326133,326148,326150,2,15
326133,326148,326150,2,15
326133,326148,326150,2,15
326133,326147,326150,3,14
326133,326147,326150,3,14
326133,326148,326150,2,15
326133,326148,326150,2,15
326133,326148,326150,2,15
326133,326148,326151,3,15
326133,326149,326151,2,16
326133,326149,326151,2,16
326133,326146,326151,5,13
326133,326149,326151,2,16
326133,326149,326151,2,16
326133,326149,326151,2,16
326133,326148,326151,3,15
326133,326149,326152,3,16
326133,326149,326152,3,16
326133,326150,326152,2,17
326133,326150,326152,2,17
326133,326150,326152,2,17
326133,326150,326152,2,17
326133,326150,326152,2,17
326133,326150,326152,2,17
326133,326149,326152,3,16
326133,326150,326152,2,17
326133,326150,326152,2,17
326133,326150,326153,3,17
326133,326150,326153,3,17
326133,326150,326153,3,17
326133,326152,326153,1,19
326133,326152,326153,1,19
326133,326150,326153,3,17
326133,326150,326153,3,17
326133,326152,326154,2,19
326133,326152,326153,1,19
326133,326152,326153,1,19
326133,326152,326153,1,19
326133,326151,326154,3,18
326133,326153,326154,1,20
326133,326153,326154,1,20
326133,326153,326154,1,20
326133,326153,326154,1,20
326133,326153,326154,1,20
326133,326153,326154,1,20
326133,326153,326154,1,20
326133,326153,326155,2,20
326133,326152,326154,2,19
326133,326153,326155,2,20
326133,326153,326155,2,20
326133,326153,326155,2,20
326133,326154,326156,2,21
326133,326154,326155,1,21
326133,326153,326156,3,20
326133,326153,326156,3,20
326133,326154,326156,2,21
326133,326154,326156,2,21
326163,326163,326164,1,0
326163,326163,326164,1,0
326163,326163,326164,1,0
326163,326163,326164,1,0
326163,326163,326164,1,0
326163,326163,326164,1,0
326163,326163,326164,1,0
326163,326163,326164,1,0
326163,326163,326164,1,0
326163,326163,326164,1,0
326163,326163,326164,1,0
326163,326163,326164,1,0
326163,326163,326164,1,0
326163,326163,326165,2,0
326163,326163,326166,3,0
326163,326163,326165,2,0
326163,326163,326165,2,0
326163,326163,326165,2,0
326163,326163,326165,2,0
326163,326163,326165,2,0
326163,326163,326165,2,0
326163,326163,326166,3,0
326163,326163,326165,2,0
326163,326163,326165,2,0
326163,326165,326166,1,2
326163,326165,326166,1,2
326163,326165,326166,1,2
326163,326165,326166,1,2
326163,326165,326166,1,2
326163,326165,326166,1,2
326163,326165,326166,1,2
326163,326165,326166,1,2
326163,326165,326166,1,2
326163,326165,326166,1,2
326163,326165,326166,1,2
326163,326165,326166,1,2
326163,326165,326167,2,2
326163,326166,326169,3,3
326163,326167,326168,1,4
326163,326167,326168,1,4
326163,326167,326169,2,4
326163,326167,326169,2,4
326163,326166,326168,2,3
326163,326166,326168,2,3
326163,326166,326168,2,3
326163,326167,326169,2,4
326163,326167,326169,2,4
326163,326167,326168,1,4
326163,326167,326169,2,4
326163,326167,326168,1,4
326163,326167,326169,2,4
326163,326167,326169,2,4
326163,326167,326169,2,4
326163,326166,326168,2,3
326163,326166,326169,3,3
326163,326166,326169,3,3
326163,326166,326168,2,3
326163,326166,326169,3,3
326163,326166,326169,3,3
326163,326166,326169,3,3
326163,326169,326171,2,6
326163,326169,326171,2,6
326163,326169,326171,2,6
326163,326169,326171,2,6
326163,326169,326171,2,6
326163,326169,326170,1,6
326163,326169,326170,1,6
326163,326169,326171,2,6
326163,326169,326171,2,6
326163,326169,326171,2,6
326163,326169,326171,2,6
326163,326169,326171,2,6
326163,326169,326171,2,6
326163,326167,326170,3,4
326163,326170,326172,2,7
326163,326169,326172,3,6
326163,326169,326172,3,6
326163,326169,326171,2,6
326163,326169,326172,3,6
326163,326171,326173,2,8
326163,326171,326173,2,8
326163,326171,326173,2,8
326163,326171,326173,2,8
326163,326171,326173,2,8
326163,326170,326173,3,7
326163,326170,326173,3,7
326163,326169,326172,3,6
326163,326169,326173,4,6
326163,326169,326172,3,6
326163,326171,326174,3,8
326163,326171,326174,3,8
326163,326171,326173,2,8
326163,326171,326173,2,8
326163,326171,326173,2,8
326163,326171,326173,2,8
326163,326171,326173,2,8
326163,326171,326174,3,8
326163,326171,326174,3,8
326163,326173,326175,2,10
326163,326172,326175,3,9
326163,326173,326175,2,10
326163,326173,326175,2,10
326163,326173,326175,2,10
326163,326173,326175,2,10
326163,326172,326175,3,9
326163,326172,326175,3,9
326163,326174,326176,2,11
326163,326174,326176,2,11
326163,326174,326176,2,11
326163,326172,326176,4,9
326163,326173,326176,3,10
326163,326174,326176,2,11
326163,326174,326176,2,11
326163,326173,326175,2,10
326163,326173,326176,3,10
326163,326174,326176,2,11
326163,326174,326176,2,11
326163,326172,326175,3,9
326163,326173,326176,3,10
326163,326175,326177,2,12
326163,326173,326176,3,10
326163,326175,326177,2,12
326163,326175,326177,2,12
326163,326175,326177,2,12
326163,326175,326177,2,12
326163,326174,326177,3,11
326163,326174,326176,2,11
326163,326176,326178,2,13
326163,326176,326178,2,13
326163,326176,326178,2,13
326163,326175,326178,3,12
326163,326175,326178,3,12
326163,326175,326178,3,12
326163,326176,326178,2,13
326163,326176,326178,2,13
326163,326176,326178,2,13
326163,326176,326178,2,13
326163,326177,326179,2,14
326163,326176,326178,2,13
326163,326176,326179,3,13
326163,326177,326179,2,14
326163,326176,326179,3,13
326163,326176,326179,3,13
326163,326177,326179,2,14
326163,326177,326179,2,14
326163,326177,326179,2,14
326163,326177,326179,2,14
326163,326176,326179,3,13
326163,326176,326179,3,13
326163,326178,326180,2,15
326163,326178,326180,2,15
326163,326178,326180,2,15
326163,326177,326180,3,14
326163,326179,326180,1,16
326163,326179,326180,1,16
326163,326179,326180,1,16
326163,326179,326180,1,16
326163,326179,326180,1,16
326163,326177,326180,3,14
326163,326179,326180,1,16
326163,326179,326181,2,16
326163,326178,326181,3,15
326163,326180,326182,2,17
326163,326180,326181,1,17
326163,326180,326181,1,17
326163,326180,326181,1,17
326163,326180,326181,1,17
326163,326180,326182,2,17
326163,326181,326182,1,18
326163,326181,326182,1,18
326163,326180,326182,2,17
326163,326180,326183,3,17
326163,326180,326182,2,17
326163,326180,326182,2,17
326163,326180,326182,2,17
326163,326180,326182,2,17
326163,326181,326182,1,18
326163,326181,326182,1,18
326163,326181,326182,1,18
326163,326182,326183,1,19
326163,326181,326183,2,18
326163,326181,326183,2,18
326163,326181,326183,2,18
326163,326182,326183,1,19
326163,326182,326183,1,19
326163,326181,326183,2,18
326163,326181,326183,2,18
326163,326182,326183,1,19
326163,326182,326183,1,19
326163,326183,326184,1,20
326163,326183,326184,1,20
326163,326183,326184,1,20
326163,326182,326184,2,19
326163,326182,326184,2,19
326163,326183,326185,2,20
326163,326183,326185,2,20
326163,326183,326185,2,20
326163,326183,326185,2,20
326163,326183,326185,2,20
326163,326183,326185,2,20
326191,326191,326193,2,0
326191,326191,326193,2,0
326191,326191,326193,2,0
326191,326191,326193,2,0
326191,326191,326193,2,0
326191,326191,326193,2,0
326191,326191,326193,2,0
326191,326191,326193,2,0
326191,326191,326193,2,0
326191,326191,326193,2,0
326191,326191,326193,2,0
326191,326191,326194,3,0
326191,326191,326194,3,0
326191,326191,326194,3,0
326191,326191,326194,3,0
326191,326191,326194,3,0
326191,326191,326194,3,0
326191,326191,326194,3,0
326191,326191,326194,3,0
326191,326191,326194,3,0
326191,326194,326195,1,3
326191,326194,326195,1,3
326191,326194,326195,1,3
326191,326194,326195,1,3
326191,326194,326195,1,3
326191,326194,326195,1,3
326191,326194,326195,1,3
326191,326194,326195,1,3
326191,326194,326195,1,3
326191,326194,326195,1,3
326191,326194,326195,1,3
326191,326191,326195,4,0
326191,326191,326195,4,0
326191,326191,326195,4,0
326191,326191,326195,4,0
326191,326195,326196,1,4
326191,326195,326197,2,4
326191,326195,326197,2,4
326191,326195,326197,2,4
326191,326195,326197,2,4
326191,326195,326197,2,4
326191,326195,326197,2,4
326191,326196,326197,1,5
326191,326196,326197,1,5
326191,326196,326197,1,5
326191,326196,326197,1,5
326191,326195,326197,2,4
326191,326196,326197,1,5
326191,326196,326197,1,5
326191,326195,326198,3,4
326191,326196,326198,2,5
326191,326196,326198,2,5
326191,326196,326199,3,5
326191,326196,326198,2,5
326191,326196,326198,2,5
326191,326197,326198,1,6
326191,326196,326199,3,5
326191,326196,326199,3,5
326191,326196,326199,3,5
326191,326196,326199,3,5
326191,326198,326200,2,7
326191,326198,326200,2,7
326191,326198,326200,2,7
326191,326198,326200,2,7
326191,326198,326200,2,7
326191,326198,326200,2,7
326191,326198,326201,3,7
326191,326198,326200,2,7
326191,326198,326200,2,7
326191,326198,326200,2,7
326191,326199,326200,1,8
326191,326199,326200,1,8
326191,326199,326200,1,8
326191,326199,326200,1,8
326191,326198,326200,2,7
326191,326199,326201,2,8
326191,326199,326200,1,8
326191,326198,326202,4,7
326191,326199,326202,3,8
326191,326198,326202,4,7
326191,326200,326202,2,9
326191,326200,326202,2,9
326191,326200,326201,1,9
326191,326200,326201,1,9
326191,326200,326202,2,9
326191,326200,326202,2,9
326191,326200,326202,2,9
326191,326201,326203,2,10
326191,326200,326202,2,9
326191,326201,326203,2,10
326191,326201,326202,1,10
326191,326201,326203,2,10
326191,326201,326203,2,10
326191,326201,326202,1,10
326191,326201,326202,1,10
326191,326201,326202,1,10
326191,326201,326203,2,10
326191,326201,326203,2,10
326191,326201,326203,2,10
326191,326201,326204,3,10
326191,326201,326203,2,10
326191,326202,326204,2,11
326191,326202,326203,1,11
326191,326202,326204,2,11
326191,326202,326203,1,11
326191,326202,326204,2,11
326191,326202,326204,2,11
326191,326203,326205,2,12
326191,326203,326205,2,12
326191,326202,326204,2,11
326191,326203,326205,2,12
326191,326203,326205,2,12
326191,326203,326205,2,12
326191,326203,326205,2,12
326191,326203,326205,2,12
326191,326203,326205,2,12
326191,326203,326205,2,12
326191,326203,326205,2,12
326191,326203,326205,2,12
326191,326204,326206,2,13
326191,326203,326205,2,12
326191,326203,326205,2,12
326191,326203,326205,2,12
326191,326204,326206,2,13
326191,326204,326206,2,13
326191,326204,326206,2,13
326191,326204,326206,2,13
326191,326204,326206,2,13
326191,326204,326206,2,13
326191,326205,326207,2,14
326191,326205,326207,2,14
326191,326205,326207,2,14
326191,326205,326206,1,14
326191,326205,326207,2,14
326191,326205,326207,2,14
326191,326205,326207,2,14
326191,326205,326207,2,14
326191,326205,326207,2,14
326191,326205,326207,2,14
326191,326205,326207,2,14
326191,326205,326207,2,14
326191,326205,326207,2,14
326191,326205,326207,2,14
326191,326206,326208,2,15
326191,326206,326208,2,15
326191,326206,326208,2,15
326191,326206,326208,2,15
326191,326206,326208,2,15
326191,326207,326209,2,16
326191,326207,326209,2,16
326191,326207,326209,2,16
326191,326206,326209,3,15
326191,326206,326209,3,15
326191,326206,326209,3,15
326191,326206,326208,2,15
326191,326207,326209,2,16
326191,326207,326209,2,16
326191,326207,326209,2,16
326191,326207,326209,2,16
326191,326207,326209,2,16
326191,326207,326209,2,16
326191,326207,326209,2,16
326191,326207,326209,2,16
326191,326207,326210,3,16
326191,326208,326210,2,17
326191,326208,326210,2,17
326191,326208,326210,2,17
326191,326208,326210,2,17
326191,326208,326210,2,17
326191,326208,326211,3,17
326191,326209,326211,2,18
326191,326208,326211,3,17
326191,326209,326211,2,18
326191,326209,326211,2,18
326191,326209,326211,2,18
326191,326209,326211,2,18
326191,326209,326211,2,18
326191,326209,326211,2,18
326191,326209,326211,2,18
326191,326209,326211,2,18
326191,326209,326211,2,18
326191,326209,326211,2,18
326191,326209,326212,3,18
326191,326209,326212,3,18
326191,326209,326212,3,18
326191,326209,326212,3,18
326191,326210,326212,2,19
326191,326210,326212,2,19
326191,326210,326212,2,19
326191,326211,326212,1,20
326191,326209,326212,3,18
326191,326210,326213,3,19
326191,326211,326213,2,20
326191,326211,326213,2,20
326191,326211,326213,2,20
326191,326211,326214,3,20
326191,326211,326214,3,20
326191,326211,326214,3,20
326191,326211,326214,3,20
326191,326212,326214,2,21
326220,326220,326222,2,0
326220,326220,326222,2,0
326220,326220,326222,2,0
326220,326220,326222,2,0
326220,326220,326222,2,0
326220,326220,326222,2,0
326220,326220,326223,3,0
326220,326220,326223,3,0
326220,326220,326223,3,0
326220,326220,326223,3,0
326220,326220,326222,2,0
326220,326220,326223,3,0
326220,326220,326223,3,0
326220,326220,326223,3,0
326220,326220,326223,3,0
326220,326220,326223,3,0
326220,326220,326224,4,0
326220,326220,326224,4,0
326220,326220,326224,4,0
326220,326220,326224,4,0
326220,326220,326224,4,0
326220,326222,326224,2,2
326220,326222,326224,2,2
326220,326222,326224,2,2
326220,326220,326224,4,0
326220,326220,326224,4,0
326220,326222,326225,3,2
326220,326222,326225,3,2
326220,326224,326225,1,4
326220,326224,326225,1,4
326220,326224,326225,1,4
326220,326224,326225,1,4
326220,326222,326225,3,2
326220,326224,326225,1,4
326220,326224,326225,1,4
326220,326223,326226,3,3
326220,326223,326226,3,3
326220,326224,326226,2,4
326220,326220,326226,6,0
326220,326224,326226,2,4
326220,326225,326226,1,5
326220,326225,326226,1,5
326220,326225,326226,1,5
326220,326226,326227,1,6
326220,326226,326227,1,6
326220,326226,326227,1,6
326220,326226,326227,1,6
326220,326225,326228,3,5
326220,326225,326228,3,5
326220,326225,326227,2,5
326220,326225,326227,2,5
326220,326225,326227,2,5
326220,326226,326227,1,6
326220,326226,326227,1,6
326220,326226,326227,1,6
326220,326226,326227,1,6
326220,326226,326227,1,6
326220,326225,326228,3,5
326220,326225,326228,3,5
326220,326227,326228,1,7
326220,326227,326228,1,7
326220,326227,326228,1,7
326220,326228,326229,1,8
326220,326228,326229,1,8
326220,326228,326229,1,8
326220,326228,326229,1,8
326220,326227,326230,3,7
326220,326227,326229,2,7
326220,326227,326229,2,7
326220,326228,326229,1,8
326220,326228,326229,1,8
326220,326228,326229,1,8
326220,326228,326229,1,8
326220,326228,326229,1,8
326220,326228,326230,2,8
326220,326228,326230,2,8
326220,326228,326230,2,8
326220,326227,326230,3,7
326220,326227,326230,3,7
326220,326228,326230,2,8
326220,326228,326230,2,8
326220,326229,326230,1,9
326220,326229,326230,1,9
326220,326229,326230,1,9
326220,326230,326231,1,10
326220,326230,326231,1,10
326220,326230,326231,1,10
326220,326230,326231,1,10
326220,326229,326231,2,9
326220,326230,326232,2,10
326220,326229,326232,3,9
326220,326230,326232,2,10
326220,326230,326231,1,10
326220,326230,326231,1,10
326220,326230,326231,1,10
326220,326230,326231,1,10
326220,326230,326231,1,10
326220,326230,326232,2,10
326220,326231,326233,2,11
326220,326231,326233,2,11
326220,326231,326232,1,11
326220,326231,326232,1,11
326220,326232,326233,1,12
326220,326232,326233,1,12
326220,326232,326234,2,12
326220,326232,326234,2,12
326220,326231,326233,2,11
326220,326231,326233,2,11
326220,326231,326233,2,11
326220,326231,326233,2,11
326220,326231,326234,3,11
326220,326231,326233,2,11
326220,326232,326233,1,12
326220,326232,326233,1,12
326220,326232,326234,2,12
326220,326232,326234,2,12
326220,326232,326234,2,12
326220,326232,326235,3,12
326220,326232,326235,3,12
326220,326232,326235,3,12
326220,326233,326235,2,13
326220,326232,326234,2,12
326220,326233,326235,2,13
326220,326233,326235,2,13
326220,326233,326235,2,13
326220,326233,326234,1,13
326220,326234,326235,1,14
326220,326234,326235,1,14
326220,326234,326235,1,14
326220,326234,326236,2,14
326220,326234,326236,2,14
326220,326234,326236,2,14
326220,326234,326236,2,14
326220,326234,326236,2,14
326220,326234,326236,2,14
326220,326234,326236,2,14
326220,326234,326236,2,14
326220,326234,326237,3,14
326220,326234,326236,2,14
326220,326234,326237,3,14
326220,326235,326237,2,15
326220,326235,326237,2,15
326220,326235,326237,2,15
326220,326236,326238,2,16
326220,326236,326238,2,16
326220,326236,326238,2,16
326220,326236,326238,2,16
326220,326235,326238,3,15
326220,326235,326238,3,15
326220,326234,326237,3,14
326220,326235,326238,3,15
326220,326235,326238,3,15
326220,326235,326238,3,15
326220,326235,326238,3,15
326220,326236,326238,2,16
326220,326236,326238,2,16
326220,326236,326238,2,16
326220,326236,326238,2,16
326220,326236,326238,2,16
326220,326237,326239,2,17
326220,326236,326238,2,16
326220,326237,326239,2,17
326220,326237,326239,2,17
326220,326237,326239,2,17
326220,326238,326240,2,18
326220,326238,326240,2,18
326220,326238,326240,2,18
326220,326237,326239,2,17
326220,326237,326239,2,17
326220,326237,326240,3,17
326220,326238,326240,2,18
326220,326238,326240,2,18
326220,326238,326240,2,18
326220,326238,326240,2,18
326220,326238,326240,2,18
326220,326238,326241,3,18
326220,326238,326241,3,18
326220,326238,326241,3,18
326220,326238,326241,3,18
326220,326239,326241,2,19
326220,326239,326241,2,19
326220,326240,326242,2,20
326220,326240,326242,2,20
326220,326238,326242,4,18
326220,326239,326242,3,19
326220,326238,326242,4,18
326220,326238,326242,4,18
326220,326238,326241,3,18
326220,326239,326242,3,19
326220,326239,326242,3,19
326220,326240,326242,2,20
326220,326240,326242,2,20
326220,326240,326242,2,20
326220,326240,326242,2,20
326220,326240,326242,2,20
326220,326240,326242,2,20
326220,326241,326243,2,21
326220,326240,326243,3,20
326220,326240,326243,3,20
326220,326240,326243,3,20
326249,326249,326251,2,0
326249,326249,326251,2,0
326249,326249,326251,2,0
326249,326249,326251,2,0
326249,326249,326251,2,0
326249,326249,326251,2,0
326249,326249,326251,2,0
326249,326249,326251,2,0
326249,326249,326251,2,0
326249,326249,326251,2,0
326249,326249,326251,2,0
326249,326249,326251,2,0
326249,326249,326252,3,0
326249,326249,326252,3,0
326249,326249,326252,3,0
326249,326249,326251,2,0
326249,326249,326252,3,0
326249,326251,326253,2,2
326249,326251,326253,2,2
326249,326251,326253,2,2
326249,326251,326253,2,2
326249,326251,326253,2,2
326249,326251,326253,2,2
326249,326251,326253,2,2
326249,326251,326253,2,2
326249,326251,326253,2,2
326249,326251,326253,2,2
326249,326251,326253,2,2
326249,326251,326253,2,2
326249,326249,326253,4,0
326249,326249,326252,3,0
326249,326249,326253,4,0
326249,326249,326253,4,0
326249,326249,326253,4,0
326249,326249,326252,3,0
326249,326249,326252,3,0
326249,326252,326254,2,3
326249,326252,326254,2,3
326249,326253,326255,2,4
326249,326253,326255,2,4
326249,326253,326255,2,4
326249,326252,326254,2,3
326249,326253,326255,2,4
326249,326253,326255,2,4
326249,326253,326255,2,4
326249,326253,326255,2,4
326249,326253,326255,2,4
326249,326253,326255,2,4
326249,326253,326255,2,4
326249,326253,326255,2,4
326249,326253,326255,2,4
326249,326253,326255,2,4
326249,326252,326255,3,3
326249,326253,326255,2,4
326249,326252,326255,3,3
326249,326253,326256,3,4
326249,326253,326256,3,4
326249,326253,326256,3,4
326249,326255,326256,1,6
326249,326255,326256,1,6
326249,326256,326257,1,7
326249,326256,326257,1,7
326249,326256,326257,1,7
326249,326256,326257,1,7
326249,326256,326257,1,7
326249,326256,326257,1,7
326249,326256,326258,2,7
326249,326256,326257,1,7
326249,326256,326257,1,7
326249,326256,326257,1,7
326249,326256,326257,1,7
326249,326256,326257,1,7
326249,326253,326257,4,4
326249,326253,326257,4,4
326249,326256,326258,2,7
326249,326256,326258,2,7
326249,326257,326258,1,8
326249,326257,326259,2,8
326249,326256,326258,2,7
326249,326256,326258,2,7
326249,326256,326258,2,7
326249,326257,326258,1,8
326249,326258,326259,1,9
326249,326258,326259,1,9
326249,326258,326259,1,9
326249,326258,326259,1,9
326249,326258,326259,1,9
326249,326258,326259,1,9
326249,326258,326259,1,9
326249,326258,326259,1,9
326249,326258,326259,1,9
326249,326258,326259,1,9
326249,326258,326259,1,9
326249,326258,326259,1,9
326249,326257,326259,2,8
326249,326257,326259,2,8
326249,326258,326260,2,9
326249,326258,326260,2,9
326249,326259,326261,2,10
326249,326259,326261,2,10
326249,326259,326261,2,10
326249,326259,326261,2,10
326249,326260,326261,1,11
326249,326260,326261,1,11
326249,326260,326261,1,11
326249,326260,326262,2,11
326249,326260,326261,1,11
326249,326260,326262,2,11
326249,326260,326262,2,11
326249,326259,326261,2,10
326249,326259,326262,3,10
326249,326260,326261,1,11
326249,326260,326261,1,11
326249,326260,326262,2,11
326249,326260,326261,1,11
326249,326259,326262,3,10
326249,326259,326261,2,10
326249,326260,326263,3,11
326249,326260,326263,3,11
326249,326260,326262,2,11
326249,326260,326263,3,11
326249,326262,326263,1,13
326249,326262,326264,2,13
326249,326262,326264,2,13
326249,326262,326264,2,13
326249,326262,326263,1,13
326249,326262,326264,2,13
326249,326260,326263,3,11
326249,326262,326265,3,13
326249,326262,326264,2,13
326249,326262,326264,2,13
326249,326262,326264,2,13
326249,326262,326264,2,13
326249,326262,326265,3,13
326249,326262,326264,2,13
326249,326262,326264,2,13
326249,326262,326265,3,13
326249,326262,326264,2,13
326249,326263,326265,2,14
326249,326262,326265,3,13
326249,326262,326266,4,13
326249,326262,326265,3,13
326249,326263,326265,2,14
326249,326264,326266,2,15
326249,326264,326266,2,15
326249,326264,326266,2,15
326249,326264,326266,2,15
326249,326263,326265,2,14
326249,326263,326266,3,14
326249,326264,326267,3,15
326249,326264,326266,2,15
326249,326265,326267,2,16
326249,326265,326267,2,16
326249,326265,326267,2,16
326249,326265,326267,2,16
326249,326265,326267,2,16
326249,326265,326267,2,16
326249,326265,326268,3,16
326249,326265,326268,3,16
326249,326265,326268,3,16
326249,326266,326268,2,17
326249,326266,326268,2,17
326249,326266,326268,2,17
326249,326266,326268,2,17
326249,326264,326268,4,15
326249,326265,326268,3,16
326249,326265,326268,3,16
326249,326266,326269,3,17
326249,326267,326269,2,18
326249,326267,326269,2,18
326249,326267,326269,2,18
326249,326267,326269,2,18
326249,326266,326269,3,17
326249,326266,326269,3,17
326249,326267,326269,2,18
326249,326267,326269,2,18
326249,326267,326269,2,18
326249,326267,326269,2,18
326249,326268,326270,2,19
326249,326268,326270,2,19
326249,326268,326270,2,19
326249,326268,326270,2,19
326249,326266,326270,4,17
326249,326266,326270,4,17
326249,326266,326270,4,17
326249,326268,326271,3,19
326249,326269,326271,2,20
326249,326269,326271,2,20
326249,326269,326271,2,20
326249,326269,326271,2,20
326249,326269,326271,2,20
326249,326268,326271,3,19
326249,326268,326271,3,19
326249,326269,326271,2,20
326249,326269,326271,2,20
326249,326268,326271,3,19
326249,326269,326271,2,20
326249,326269,326271,2,20
326249,326269,326271,2,20
326249,326269,326272,3,20
326278,326278,326280,2,0
326278,326278,326280,2,0
326278,326278,326280,2,0
326278,326278,326280,2,0
326278,326278,326279,1,0
326278,326278,326280,2,0
326278,326278,326280,2,0
326278,326278,326280,2,0
326278,326278,326280,2,0
326278,326278,326280,2,0
326278,326278,326280,2,0
326278,326278,326280,2,0
326278,326278,326280,2,0
326278,326278,326280,2,0
326278,326278,326280,2,0
326278,326278,326281,3,0
326278,326278,326281,3,0
326278,326278,326281,3,0
326278,326278,326281,3,0
326278,326278,326281,3,0
326278,326278,326281,3,0
326278,326278,326280,2,0
326278,326278,326281,3,0
326278,326278,326281,3,0
326278,326280,326282,2,2
326278,326280,326282,2,2
326278,326280,326282,2,2
326278,326280,326282,2,2
326278,326280,326282,2,2
326278,326280,326282,2,2
326278,326280,326282,2,2
326278,326280,326282,2,2
326278,326280,326282,2,2
326278,326280,326282,2,2
326278,326280,326282,2,2
326278,326280,326282,2,2
326278,326280,326282,2,2
326278,326281,326283,2,3
326278,326280,326283,3,2
326278,326280,326282,2,2
326278,326281,326283,2,3
326278,326282,326284,2,4
326278,326282,326284,2,4
326278,326282,326284,2,4
326278,326282,326284,2,4
326278,326282,326284,2,4
326278,326282,326284,2,4
326278,326282,326284,2,4
326278,326282,326284,2,4
326278,326282,326284,2,4
326278,326282,326284,2,4
326278,326282,326284,2,4
326278,326282,326284,2,4
326278,326281,326284,3,3
326278,326281,326283,2,3
326278,326281,326284,3,3
326278,326281,326284,3,3
326278,326281,326284,3,3
326278,326281,326283,2,3
326278,326281,326283,2,3
326278,326283,326285,2,5
326278,326284,326286,2,6
326278,326284,326286,2,6
326278,326285,326286,1,7
326278,326284,326286,2,6
326278,326284,326286,2,6
326278,326285,326286,1,7
326278,326284,326286,2,6
326278,326284,326286,2,6
326278,326284,326286,2,6
326278,326285,326286,1,7
326278,326284,326286,2,6
326278,326284,326287,3,6
326278,326283,326286,3,5
326278,326283,326286,3,5
326278,326283,326286,3,5
326278,326283,326286,3,5
326278,326284,326287,3,6
326278,326285,326287,2,7
326278,326285,326287,2,7
326278,326285,326287,2,7
326278,326285,326287,2,7
326278,326285,326287,2,7
326278,326285,326287,2,7
326278,326286,326288,2,8
326278,326287,326288,1,9
326278,326287,326288,1,9
326278,326287,326288,1,9
326278,326287,326288,1,9
326278,326287,326288,1,9
326278,326287,326288,1,9
326278,326287,326288,1,9
326278,326287,326288,1,9
326278,326287,326288,1,9
326278,326287,326289,2,9
326278,326287,326289,2,9
326278,326287,326289,2,9
326278,326287,326291,4,9
326278,326287,326290,3,9
326278,326287,326290,3,9
326278,326287,326290,3,9
326278,326288,326290,2,10
326278,326289,326291,2,11
326278,326289,326291,2,11
326278,326289,326290,1,11
326278,326289,326290,1,11
326278,326289,326291,2,11
326278,326289,326290,1,11
326278,326289,326290,1,11
326278,326289,326290,1,11
326278,326288,326291,3,10
326278,326288,326291,3,10
326278,326288,326291,3,10
326278,326288,326292,4,10
326278,326288,326291,3,10
326278,326288,326292,4,10
326278,326288,326292,4,10
326278,326290,326291,1,12
326278,326290,326291,1,12
326278,326290,326291,1,12
326278,326289,326291,2,11
326278,326291,326293,2,13
326278,326291,326292,1,13
326278,326291,326293,2,13
326278,326291,326292,1,13
326278,326291,326292,1,13
326278,326291,326293,2,13
326278,326291,326293,2,13
326278,326291,326292,1,13
326278,326291,326292,1,13
326278,326291,326293,2,13
326278,326291,326294,3,13
326278,326291,326293,2,13
326278,326291,326293,2,13
326278,326292,326293,1,14
326278,326292,326293,1,14
326278,326292,326294,2,14
326278,326292,326293,1,14
326278,326292,326295,3,14
326278,326292,326294,2,14
326278,326292,326295,3,14
326278,326292,326294,2,14
326278,326293,326294,1,15
326278,326293,326294,1,15
326278,326293,326294,1,15
326278,326293,326294,1,15
326278,326293,326295,2,15
326278,326293,326295,2,15
326278,326293,326294,1,15
326278,326293,326295,2,15
326278,326292,326295,3,14
326278,326292,326295,3,14
326278,326292,326295,3,14
326278,326293,326295,2,15
326278,326294,326296,2,16
326278,326294,326296,2,16
326278,326294,326296,2,16
326278,326294,326295,1,16
326278,326294,326295,1,16
326278,326294,326296,2,16
326278,326294,326296,2,16
326278,326294,326296,2,16
326278,326295,326297,2,17
326278,326295,326297,2,17
326278,326295,326296,1,17
326278,326295,326297,2,17
326278,326295,326297,2,17
326278,326295,326296,1,17
326278,326295,326297,2,17
326278,326295,326297,2,17
326278,326295,326298,3,17
326278,326295,326298,3,17
326278,326295,326298,3,17
326278,326295,326298,3,17
326278,326296,326298,2,18
326278,326296,326298,2,18
326278,326296,326298,2,18
326278,326296,326298,2,18
326278,326296,326298,2,18
326278,326296,326299,3,18
326278,326296,326298,2,18
326278,326296,326299,3,18
326278,326296,326299,3,18
326278,326297,326298,1,19
326278,326297,326299,2,19
326278,326297,326299,2,19
326278,326297,326299,2,19
326278,326297,326299,2,19
326278,326297,326299,2,19
326278,326297,326299,2,19
326278,326297,326299,2,19
326278,326297,326300,3,19
326278,326297,326299,2,19
326278,326297,326299,2,19
326278,326298,326300,2,20
326278,326298,326300,2,20
326278,326298,326300,2,20
326278,326298,326300,2,20
326278,326298,326301,3,20
326278,326298,326302,4,20
326308,326308,326310,2,0
326308,326308,326310,2,0
326308,326308,326310,2,0
326308,326308,326309,1,0
326308,326308,326309,1,0
326308,326308,326309,1,0
326308,326308,326310,2,0
326308,326308,326310,2,0
326308,326308,326309,1,0
326308,326308,326310,2,0
326308,326308,326310,2,0
326308,326308,326310,2,0
326308,326308,326310,2,0
326308,326308,326310,2,0
326308,326308,326310,2,0
326308,326308,326311,3,0
326308,326308,326310,2,0
326308,326308,326311,3,0
326308,326308,326311,3,0
326308,326308,326311,3,0
326308,326308,326311,3,0
326308,326308,326311,3,0
326308,326310,326312,2,2
326308,326310,326312,2,2
326308,326310,326312,2,2
326308,326310,326312,2,2
326308,326310,326312,2,2
326308,326310,326312,2,2
326308,326310,326312,2,2
326308,326310,326312,2,2
326308,326310,326311,1,2
326308,326310,326312,2,2
326308,326310,326312,2,2
326308,326310,326312,2,2
326308,326308,326312,4,0
326308,326308,326312,4,0
326308,326311,326314,3,3
326308,326311,326314,3,3
326308,326311,326313,2,3
326308,326311,326314,3,3
326308,326312,326314,2,4
326308,326312,326314,2,4
326308,326312,326314,2,4
326308,326312,326314,2,4
326308,326312,326314,2,4
326308,326312,326314,2,4
326308,326312,326314,2,4
326308,326312,326314,2,4
326308,326312,326314,2,4
326308,326312,326314,2,4
326308,326312,326314,2,4
326308,326312,326315,3,4
326308,326311,326314,3,3
326308,326311,326315,4,3
326308,326311,326314,3,3
326308,326311,326315,4,3
326308,326311,326315,4,3
326308,326312,326315,3,4
326308,326314,326316,2,6
326308,326314,326317,3,6
326308,326314,326317,3,6
326308,326314,326317,3,6
326308,326314,326317,3,6
326308,326314,326316,2,6
326308,326314,326317,3,6
326308,326314,326317,3,6
326308,326315,326317,2,7
326308,326313,326317,4,5
326308,326313,326317,4,5
326308,326314,326317,3,6
326308,326314,326317,3,6
326308,326314,326317,3,6
326308,326315,326318,3,7
326308,326315,326318,3,7
326308,326315,326318,3,7
326308,326315,326317,2,7
326308,326314,326318,4,6
326308,326315,326317,2,7
326308,326315,326318,3,7
326308,326316,326318,2,8
326308,326314,326319,5,6
326308,326314,326319,5,6
326308,326314,326319,5,6
326308,326317,326319,2,9
326308,326317,326319,2,9
326308,326317,326319,2,9
326308,326317,326319,2,9
326308,326317,326319,2,9
326308,326317,326319,2,9
326308,326317,326319,2,9
326308,326317,326319,2,9
326308,326317,326319,2,9
326308,326317,326319,2,9
326308,326317,326319,2,9
326308,326317,326320,3,9
326308,326318,326320,2,10
326308,326317,326320,3,9
326308,326318,326321,3,10
326308,326319,326321,2,11
326308,326319,326321,2,11
326308,326319,326321,2,11
326308,326320,326321,1,12
326308,326320,326321,1,12
326308,326320,326321,1,12
326308,326320,326321,1,12
326308,326318,326321,3,10
326308,326318,326321,3,10
326308,326319,326321,2,11
326308,326320,326321,1,12
326308,326320,326321,1,12
326308,326320,326321,1,12
326308,326321,326322,1,13
326308,326318,326322,4,10
326308,326319,326322,3,11
326308,326319,326322,3,11
326308,326321,326322,1,13
326308,326319,326323,4,11
326308,326319,326323,4,11
326308,326319,326323,4,11
326308,326322,326323,1,14
326308,326322,326323,1,14
326308,326322,326323,1,14
326308,326321,326323,2,13
326308,326322,326323,1,14
326308,326322,326323,1,14
326308,326322,326323,1,14
326308,326322,326323,1,14
326308,326322,326323,1,14
326308,326322,326323,1,14
326308,326322,326323,1,14
326308,326321,326323,2,13
326308,326323,326324,1,15
326308,326322,326324,2,14
326308,326322,326324,2,14
326308,326322,326324,2,14
326308,326323,326324,1,15
326308,326321,326325,4,13
326308,326324,326325,1,16
326308,326324,326325,1,16
326308,326324,326325,1,16
326308,326324,326325,1,16
326308,326324,326325,1,16
326308,326324,326325,1,16
326308,326324,326325,1,16
326308,326324,326326,2,16
326308,326323,326325,2,15
326308,326323,326325,2,15
326308,326323,326325,2,15
326308,326324,326325,1,16
326308,326324,326325,1,16
326308,326324,326325,1,16
326308,326324,326325,1,16
326308,326324,326327,3,16
326308,326324,326326,2,16
326308,326325,326326,1,17
326308,326325,326327,2,17
326308,326325,326326,1,17
326308,326324,326327,3,16
326308,326326,326327,1,18
326308,326326,326327,1,18
326308,326326,326327,1,18
326308,326326,326327,1,18
326308,326326,326327,1,18
326308,326326,326328,2,18
326308,326326,326327,1,18
326308,326325,326327,2,17
326308,326325,326328,3,17
326308,326326,326327,1,18
326308,326326,326328,2,18
326308,326326,326328,2,18
326308,326326,326328,2,18
326308,326326,326328,2,18
326308,326327,326328,1,19
326308,326326,326328,2,18
326308,326327,326328,1,19
326308,326326,326329,3,18
326308,326327,326329,2,19
326308,326327,326329,2,19
326308,326328,326330,2,20
326308,326328,326330,2,20
326308,326328,326330,2,20
326308,326328,326330,2,20
326308,326328,326329,1,20
326308,326328,326330,2,20
326308,326328,326330,2,20
326308,326327,326329,2,19
326308,326328,326330,2,20
326308,326328,326329,1,20
326308,326328,326330,2,20
326308,326326,326329,3,18
326308,326326,326329,3,18
326308,326328,326330,2,20
326308,326329,326331,2,21
326308,326328,326331,3,20
326308,326328,326330,2,20
326308,326329,326331,2,21
326308,326328,326330,2,20
326308,326329,326331,2,21
326308,326329,326331,2,21
326308,326329,326331,2,21
326338,326338,326339,1,0
326338,326338,326340,2,0
326338,326338,326340,2,0
326338,326338,326339,1,0
326338,326338,326339,1,0
326338,326338,326339,1,0
326338,326338,326339,1,0
326338,326338,326339,1,0
326338,326338,326339,1,0
326338,326338,326340,2,0
326338,326338,326341,3,0
326338,326338,326340,2,0
326338,326338,326341,3,0
326338,326338,326340,2,0
326338,326338,326341,3,0
326338,326338,326341,3,0
326338,326338,326342,4,0
326338,326338,326341,3,0
326338,326338,326342,4,0
326338,326338,326341,3,0
326338,326338,326342,4,0
326338,326340,326342,2,2
326338,326340,326342,2,2
326338,326340,326342,2,2
326338,326340,326342,2,2
326338,326340,326342,2,2
326338,326340,326342,2,2
326338,326340,326342,2,2
326338,326340,326342,2,2
326338,326340,326342,2,2
326338,326338,326342,4,0
326338,326341,326343,2,3
326338,326342,326344,2,4
326338,326338,326344,6,0
326338,326341,326344,3,3
326338,326338,326344,6,0
326338,326342,326344,2,4
326338,326343,326345,2,5
326338,326343,326345,2,5
326338,326343,326345,2,5
326338,326343,326345,2,5
326338,326343,326345,2,5
326338,326343,326344,1,5
326338,326341,326344,3,3
326338,326342,326345,3,4
326338,326342,326344,2,4
326338,326342,326345,3,4
326338,326341,326345,4,3
326338,326342,326344,2,4
326338,326342,326344,2,4
326338,326343,326345,2,5
326338,326343,326345,2,5
326338,326343,326345,2,5
326338,326344,326346,2,6
326338,326344,326346,2,6
326338,326343,326346,3,5
326338,326344,326346,2,6
326338,326345,326346,1,7
326338,326345,326347,2,7
326338,326345,326347,2,7
326338,326341,326347,6,3
326338,326344,326347,3,6
326338,326345,326347,2,7
326338,326345,326347,2,7
326338,326345,326347,2,7
326338,326345,326347,2,7
326338,326345,326347,2,7
326338,326345,326347,2,7
326338,326344,326346,2,6
326338,326345,326348,3,7
326338,326345,326348,3,7
326338,326345,326348,3,7
326338,326346,326348,2,8
326338,326346,326348,2,8
326338,326344,326347,3,6
326338,326345,326348,3,7
326338,326345,326348,3,7
326338,326346,326348,2,8
326338,326347,326349,2,9
326338,326347,326349,2,9
326338,326347,326349,2,9
326338,326347,326349,2,9
326338,326347,326349,2,9
326338,326347,326349,2,9
326338,326347,326349,2,9
326338,326346,326349,3,8
326338,326345,326348,3,7
326338,326345,326348,3,7
326338,326347,326349,2,9
326338,326347,326349,2,9
326338,326347,326349,2,9
326338,326347,326349,2,9
326338,326347,326349,2,9
326338,326348,326350,2,10
326338,326348,326350,2,10
326338,326348,326350,2,10
326338,326348,326350,2,10
326338,326348,326350,2,10
326338,326348,326351,3,10
326338,326348,326350,2,10
326338,326348,326351,3,10
326338,326348,326351,3,10
326338,326349,326351,2,11
326338,326349,326351,2,11
326338,326349,326351,2,11
326338,326349,326351,2,11
326338,326349,326351,2,11
326338,326349,326351,2,11
326338,326349,326351,2,11
326338,326349,326351,2,11
326338,326349,326351,2,11
326338,326349,326352,3,11
326338,326350,326352,2,12
326338,326350,326352,2,12
326338,326349,326352,3,11
326338,326350,326352,2,12
326338,326349,326352,3,11
326338,326349,326352,3,11
326338,326349,326352,3,11
326338,326350,326352,2,12
326338,326350,326352,2,12
326338,326351,326353,2,13
326338,326351,326353,2,13
326338,326350,326353,3,12
326338,326352,326353,1,14
326338,326352,326353,1,14
326338,326352,326353,1,14
326338,326352,326353,1,14
326338,326352,326353,1,14
326338,326352,326353,1,14
326338,326352,326353,1,14
326338,326352,326353,1,14
326338,326352,326353,1,14
326338,326351,326354,3,13
326338,326353,326354,1,15
326338,326353,326354,1,15
326338,326353,326354,1,15
326338,326353,326354,1,15
326338,326352,326354,2,14
326338,326353,326355,2,15
326338,326354,326356,2,16
326338,326353,326355,2,15
326338,326353,326355,2,15
326338,326354,326355,1,16
326338,326354,326356,2,16
326338,326354,326355,1,16
326338,326354,326355,1,16
326338,326354,326356,2,16
326338,326354,326355,1,16
326338,326354,326355,1,16
326338,326354,326355,1,16
326338,326354,326355,1,16
326338,326353,326355,2,15
326338,326353,326355,2,15
326338,326354,326356,2,16
326338,326355,326357,2,17
326338,326354,326356,2,16
326338,326355,326356,1,17
326338,326353,326356,3,15
326338,326355,326356,1,17
326338,326355,326356,1,17
326338,326355,326357,2,17
326338,326356,326357,1,18
326338,326356,326357,1,18
326338,326356,326358,2,18
326338,326355,326357,2,17
326338,326356,326358,2,18
326338,326356,326357,1,18
326338,326356,326357,1,18
326338,326356,326358,2,18
326338,326356,326358,2,18
326338,326356,326357,1,18
326338,326356,326358,2,18
326338,326356,326358,2,18
326338,326356,326358,2,18
326338,326356,326358,2,18
326338,326356,326358,2,18
326338,326356,326358,2,18
326338,326357,326359,2,19
326338,326357,326359,2,19
326338,326357,326360,3,19
326338,326358,326360,2,20
326338,326357,326360,3,19
326338,326358,326360,2,20
326338,326358,326360,2,20
326338,326357,326360,3,19
326338,326358,326360,2,20
326338,326358,326360,2,20
326338,326358,326360,2,20
326338,326358,326361,3,20
326338,326358,326360,2,20
326338,326358,326360,2,20
326338,326358,326360,2,20
326338,326357,326361,4,19
326338,326359,326362,3,21
326338,326358,326361,3,20
326338,326357,326361,4,19
326338,326359,326362,3,21
326338,326359,326363,4,21
326338,326359,326363,4,21
326370,326370,326371,1,0
326370,326370,326372,2,0
326370,326370,326372,2,0
326370,326370,326372,2,0
326370,326370,326371,1,0
326370,326370,326371,1,0
326370,326370,326372,2,0
326370,326370,326372,2,0
326370,326370,326372,2,0
326370,326370,326373,3,0
326370,326370,326372,2,0
326370,326370,326372,2,0
326370,326370,326372,2,0
326370,326370,326372,2,0
326370,326370,326372,2,0
326370,326370,326372,2,0
326370,326370,326373,3,0
326370,326370,326374,4,0
326370,326370,326374,4,0
326370,326370,326373,3,0
326370,326370,326373,3,0
326370,326370,326373,3,0
326370,326372,326373,1,2
326370,326372,326373,1,2
326370,326372,326374,2,2
326370,326372,326373,1,2
326370,326372,326374,2,2
326370,326372,326374,2,2
326370,326372,326374,2,2
326370,326372,326374,2,2
326370,326370,326373,3,0
326370,326370,326373,3,0
326370,326373,326374,1,3
326370,326373,326374,1,3
326370,326373,326375,2,3
326370,326373,326375,2,3
326370,326373,326376,3,3
326370,326373,326375,2,3
326370,326373,326375,2,3
326370,326373,326375,2,3
326370,326374,326375,1,4
326370,326374,326375,1,4
326370,326374,326375,1,4
326370,326374,326375,1,4
326370,326374,326376,2,4
326370,326374,326376,2,4
326370,326374,326375,1,4
326370,326374,326375,1,4
326370,326373,326376,3,3
326370,326374,326376,2,4
326370,326374,326377,3,4
326370,326374,326376,2,4
326370,326374,326376,2,4
326370,326374,326377,3,4
326370,326374,326377,3,4
326370,326374,326376,2,4
326370,326375,326376,1,5
326370,326375,326377,2,5
326370,326375,326377,2,5
326370,326375,326376,1,5
326370,326376,326378,2,6
326370,326376,326378,2,6
326370,326376,326378,2,6
326370,326376,326378,2,6
326370,326376,326378,2,6
326370,326376,326378,2,6
326370,326376,326378,2,6
326370,326376,326377,1,6
326370,326376,326377,1,6
326370,326376,326378,2,6
326370,326377,326379,2,7
326370,326376,326378,2,6
326370,326376,326378,2,6
326370,326377,326379,2,7
326370,326377,326379,2,7
326370,326377,326379,2,7
326370,326377,326379,2,7
326370,326377,326379,2,7
326370,326377,326380,3,7
326370,326377,326380,3,7
326370,326377,326379,2,7
326370,326378,326380,2,8
326370,326377,326380,3,7
326370,326377,326380,3,7
326370,326378,326380,2,8
326370,326378,326380,2,8
326370,326378,326380,2,8
326370,326378,326380,2,8
326370,326378,326380,2,8
326370,326378,326380,2,8
326370,326378,326380,2,8
326370,326378,326380,2,8
326370,326377,326380,3,7
326370,326379,326381,2,9
326370,326379,326381,2,9
326370,326379,326381,2,9
326370,326379,326381,2,9
326370,326379,326381,2,9
326370,326379,326381,2,9
326370,326379,326382,3,9
326370,326379,326382,3,9
326370,326379,326382,3,9
326370,326380,326382,2,10
326370,326380,326382,2,10
326370,326380,326382,2,10
326370,326380,326382,2,10
326370,326380,326382,2,10
326370,326380,326382,2,10
326370,326380,326382,2,10
326370,326380,326382,2,10
326370,326380,326382,2,10
326370,326380,326382,2,10
326370,326380,326383,3,10
326370,326380,326383,3,10
326370,326381,326383,2,11
326370,326381,326383,2,11
326370,326381,326383,2,11
326370,326381,326383,2,11
326370,326380,326384,4,10
326370,326380,326383,3,10
326370,326381,326384,3,11
326370,326381,326384,3,11
326370,326381,326384,3,11
326370,326382,326384,2,12
326370,326382,326384,2,12
326370,326382,326384,2,12
326370,326382,326384,2,12
326370,326382,326384,2,12
326370,326382,326384,2,12
326370,326382,326384,2,12
326370,326382,326384,2,12
326370,326382,326385,3,12
326370,326382,326385,3,12
326370,326382,326385,3,12
326370,326383,326385,2,13
326370,326383,326385,2,13
326370,326382,326385,3,12
326370,326382,326385,3,12
326370,326383,326385,2,13
326370,326383,326385,2,13
326370,326384,326386,2,14
326370,326383,326386,3,13
326370,326385,326386,1,15
326370,326385,326386,1,15
326370,326385,326386,1,15
326370,326383,326386,3,13
326370,326384,326386,2,14
326370,326385,326386,1,15
326370,326384,326387,3,14
326370,326384,326387,3,14
326370,326386,326388,2,16
326370,326384,326388,4,14
326370,326384,326388,4,14
326370,326385,326388,3,15
326370,326385,326388,3,15
326370,326384,326388,4,14
326370,326384,326388,4,14
326370,326384,326388,4,14
326370,326385,326388,3,15
326370,326387,326388,1,17
326370,326387,326388,1,17
326370,326387,326388,1,17
326370,326387,326388,1,17
326370,326387,326388,1,17
326370,326387,326388,1,17
326370,326387,326388,1,17
326370,326387,326389,2,17
326370,326385,326389,4,15
326370,326385,326389,4,15
326370,326385,326389,4,15
326370,326385,326390,5,15
326370,326388,326389,1,18
326370,326388,326389,1,18
326370,326388,326389,1,18
326370,326385,326390,5,15
326370,326389,326390,1,19
326370,326389,326390,1,19
326370,326389,326390,1,19
326370,326389,326390,1,19
326370,326389,326390,1,19
326370,326389,326390,1,19
326370,326389,326390,1,19
326370,326389,326390,1,19
326370,326389,326391,2,19
326370,326389,326392,3,19
326370,326389,326391,2,19
326370,326390,326391,1,20
326370,326390,326391,1,20
326370,326389,326391,2,19
326370,326390,326391,1,20
326370,326389,326392,3,19
326370,326389,326392,3,19
326370,326389,326392,3,19
326370,326389,326392,3,19
326370,326390,326392,2,20
326370,326390,326392,2,20
326370,326390,326392,2,20
326370,326391,326392,1,21
326370,326390,326393,3,20
326370,326391,326393,2,21
326400,326400,326401,1,0
326400,326400,326401,1,0
326400,326400,326401,1,0
326400,326400,326401,1,0
326400,326400,326402,2,0
326400,326400,326401,1,0
326400,326400,326401,1,0
326400,326400,326401,1,0
326400,326400,326401,1,0
326400,326400,326401,1,0
326400,326400,326401,1,0
326400,326400,326402,2,0
326400,326400,326402,2,0
326400,326400,326402,2,0
326400,326400,326402,2,0
326400,326400,326402,2,0
326400,326400,326402,2,0
326400,326400,326402,2,0
326400,326400,326402,2,0
326400,326400,326402,2,0
326400,326400,326402,2,0
326400,326400,326402,2,0
326400,326400,326402,2,0
326400,326400,326403,3,0
326400,326402,326403,1,2
326400,326402,326403,1,2
326400,326402,326403,1,2
326400,326402,326403,1,2
326400,326402,326403,1,2
326400,326402,326403,1,2
326400,326402,326403,1,2
326400,326402,326403,1,2
326400,326402,326403,1,2
326400,326402,326403,1,2
326400,326403,326405,2,3
326400,326402,326404,2,2
326400,326402,326404,2,2
326400,326403,326404,1,3
326400,326403,326405,2,3
326400,326403,326405,2,3
326400,326403,326405,2,3
326400,326403,326405,2,3
326400,326403,326405,2,3
326400,326403,326405,2,3
326400,326403,326405,2,3
326400,326403,326405,2,3
326400,326403,326405,2,3
326400,326403,326405,2,3
326400,326404,326405,1,4
326400,326404,326405,1,4
326400,326404,326405,1,4
326400,326404,326405,1,4
326400,326404,326405,1,4
326400,326404,326405,1,4
326400,326404,326405,1,4
326400,326404,326405,1,4
326400,326404,326405,1,4
326400,326404,326405,1,4
326400,326405,326407,2,5
326400,326405,326406,1,5
326400,326405,326406,1,5
326400,326406,326408,2,6
326400,326406,326408,2,6
326400,326406,326408,2,6
326400,326405,326407,2,5
326400,326406,326408,2,6
326400,326406,326408,2,6
326400,326406,326408,2,6
326400,326406,326408,2,6
326400,326406,326408,2,6
326400,326406,326408,2,6
326400,326406,326408,2,6
326400,326406,326408,2,6
326400,326406,326408,2,6
326400,326406,326408,2,6
326400,326406,326408,2,6
326400,326406,326408,2,6
326400,326406,326408,2,6
326400,326406,326409,3,6
326400,326406,326408,2,6
326400,326406,326408,2,6
326400,326406,326408,2,6
326400,326407,326409,2,7
326400,326407,326409,2,7
326400,326407,326409,2,7
326400,326408,326410,2,8
326400,326408,326410,2,8
326400,326408,326410,2,8
326400,326408,326410,2,8
326400,326408,326410,2,8
326400,326408,326410,2,8
326400,326408,326410,2,8
326400,326408,326410,2,8
326400,326408,326410,2,8
326400,326408,326410,2,8
326400,326409,326411,2,9
326400,326408,326411,3,8
326400,326408,326410,2,8
326400,326409,326411,2,9
326400,326409,326411,2,9
326400,326409,326411,2,9
326400,326409,326412,3,9
326400,326409,326411,2,9
326400,326409,326411,2,9
326400,326410,326412,2,10
326400,326409,326411,2,9
326400,326410,326412,2,10
326400,326410,326412,2,10
326400,326410,326412,2,10
326400,326409,326413,4,9
326400,326409,326412,3,9
326400,326409,326412,3,9
326400,326410,326413,3,10
326400,326410,326412,2,10
326400,326410,326412,2,10
326400,326410,326413,3,10
326400,326410,326412,2,10
326400,326411,326414,3,11
326400,326411,326414,3,11
326400,326411,326413,2,11
326400,326411,326414,3,11
326400,326411,326414,3,11
326400,326412,326414,2,12
326400,326412,326414,2,12
326400,326412,326414,2,12
326400,326411,326414,3,11
326400,326412,326414,2,12
326400,326412,326414,2,12
326400,326412,326414,2,12
326400,326412,326414,2,12
326400,326411,326415,4,11
326400,326412,326415,3,12
326400,326413,326415,2,13
326400,326413,326415,2,13
326400,326413,326415,2,13
326400,326413,326415,2,13
326400,326413,326416,3,13
326400,326413,326415,2,13
326400,326413,326415,2,13
326400,326412,326416,4,12
326400,326413,326416,3,13
326400,326414,326416,2,14
326400,326414,326416,2,14
326400,326414,326416,2,14
326400,326414,326416,2,14
326400,326414,326416,2,14
326400,326414,326416,2,14
326400,326414,326416,2,14
326400,326414,326416,2,14
326400,326414,326416,2,14
326400,326414,326417,3,14
326400,326414,326417,3,14
326400,326414,326417,3,14
326400,326414,326416,2,14
326400,326415,326417,2,15
326400,326415,326417,2,15
326400,326415,326417,2,15
326400,326415,326417,2,15
326400,326415,326418,3,15
326400,326416,326418,2,16
326400,326416,326418,2,16
326400,326415,326417,2,15
326400,326416,326418,2,16
326400,326416,326418,2,16
326400,326416,326418,2,16
326400,326416,326418,2,16
326400,326416,326418,2,16
326400,326416,326418,2,16
326400,326416,326418,2,16
326400,326416,326418,2,16
326400,326416,326418,2,16
326400,326416,326419,3,16
326400,326417,326419,2,17
326400,326417,326419,2,17
326400,326416,326418,2,16
326400,326417,326419,2,17
326400,326416,326419,3,16
326400,326418,326419,1,18
326400,326418,326419,1,18
326400,326418,326419,1,18
326400,326418,326419,1,18
326400,326417,326420,3,17
326400,326418,326420,2,18
326400,326418,326420,2,18
326400,326419,326420,1,19
326400,326419,326420,1,19
326400,326419,326420,1,19
326400,326419,326420,1,19
326400,326419,326420,1,19
326400,326419,326421,2,19
326400,326418,326421,3,18
326400,326418,326421,3,18
326400,326418,326421,3,18
326400,326418,326421,3,18
326400,326419,326421,2,19
326400,326419,326422,3,19
326400,326420,326422,2,20
326400,326419,326422,3,19
326400,326420,326422,2,20
326400,326419,326424,5,19
326430,326430,326432,2,0
326430,326430,326432,2,0
326430,326430,326432,2,0
326430,326430,326432,2,0
326430,326430,326432,2,0
326430,326430,326432,2,0
326430,326430,326432,2,0
326430,326430,326432,2,0
326430,326430,326432,2,0
326430,326430,326432,2,0
326430,326430,326432,2,0
326430,326430,326432,2,0
326430,326430,326432,2,0
326430,326430,326433,3,0
326430,326430,326432,2,0
326430,326430,326432,2,0
326430,326430,326433,3,0
326430,326430,326432,2,0
326430,326430,326433,3,0
326430,326430,326433,3,0
326430,326430,326433,3,0
326430,326430,326433,3,0
326430,326430,326433,3,0
326430,326430,326433,3,0
326430,326432,326434,2,2
326430,326432,326434,2,2
326430,326432,326434,2,2
326430,326432,326434,2,2
326430,326432,326434,2,2
326430,326432,326434,2,2
326430,326432,326434,2,2
326430,326432,326434,2,2
326430,326432,326434,2,2
326430,326432,326434,2,2
326430,326432,326434,2,2
326430,326432,326434,2,2
326430,326432,326434,2,2
326430,326433,326436,3,3
326430,326433,326436,3,3
326430,326433,326436,3,3
326430,326433,326436,3,3
326430,326433,326436,3,3
326430,326433,326436,3,3
326430,326433,326436,3,3
326430,326433,326436,3,3
326430,326435,326436,1,5
326430,326435,326437,2,5
326430,326435,326436,1,5
326430,326435,326436,1,5
326430,326435,326436,1,5
326430,326435,326436,1,5
326430,326435,326436,1,5
326430,326435,326436,1,5
326430,326435,326436,1,5
326430,326435,326436,1,5
326430,326435,326436,1,5
326430,326435,326436,1,5
326430,326434,326436,2,4
326430,326434,326437,3,4
326430,326434,326437,3,4
326430,326435,326437,2,5
326430,326437,326439,2,7
326430,326437,326439,2,7
326430,326437,326439,2,7
326430,326437,326438,1,7
326430,326437,326439,2,7
326430,326437,326439,2,7
326430,326437,326439,2,7
326430,326437,326439,2,7
326430,326437,326439,2,7
326430,326437,326439,2,7
326430,326437,326440,3,7
326430,326437,326439,2,7
326430,326437,326439,2,7
326430,326437,326439,2,7
326430,326437,326440,3,7
326430,326437,326440,3,7
326430,326437,326440,3,7
326430,326437,326440,3,7
326430,326437,326440,3,7
326430,326437,326440,3,7
326430,326438,326440,2,8
326430,326438,326440,2,8
326430,326438,326440,2,8
326430,326439,326440,1,9
326430,326439,326441,2,9
326430,326439,326441,2,9
326430,326439,326441,2,9
326430,326439,326441,2,9
326430,326439,326441,2,9
326430,326437,326441,4,7
326430,326439,326441,2,9
326430,326440,326442,2,10
326430,326440,326441,1,10
326430,326439,326441,2,9
326430,326440,326442,2,10
326430,326440,326441,1,10
326430,326440,326442,2,10
326430,326440,326442,2,10
326430,326440,326442,2,10
326430,326441,326442,1,11
326430,326441,326443,2,11
326430,326441,326442,1,11
326430,326441,326443,2,11
326430,326441,326442,1,11
326430,326441,326442,1,11
326430,326441,326443,2,11
326430,326441,326444,3,11
326430,326441,326444,3,11
326430,326441,326443,2,11
326430,326441,326443,2,11
326430,326441,326443,2,11
326430,326441,326443,2,11
326430,326442,326443,1,12
326430,326442,326443,1,12
326430,326442,326443,1,12
326430,326442,326444,2,12
326430,326442,326443,1,12
326430,326442,326443,1,12
326430,326442,326444,2,12
326430,326443,326445,2,13
326430,326441,326445,4,11
326430,326443,326444,1,13
326430,326443,326445,2,13
326430,326443,326445,2,13
326430,326443,326444,1,13
326430,326443,326444,1,13
326430,326443,326444,1,13
326430,326443,326445,2,13
326430,326444,326446,2,14
326430,326443,326445,2,13
326430,326444,326446,2,14
326430,326444,326446,2,14
326430,326444,326445,1,14
326430,326444,326445,1,14
326430,326444,326446,2,14
326430,326444,326445,1,14
326430,326444,326445,1,14
326430,326444,326446,2,14
326430,326444,326446,2,14
326430,326444,326446,2,14
326430,326445,326447,2,15
326430,326444,326447,3,14
326430,326444,326447,3,14
326430,326445,326446,1,15
326430,326445,326447,2,15
326430,326445,326446,1,15
326430,326445,326447,2,15
326430,326445,326447,2,15
326430,326445,326447,2,15
326430,326445,326447,2,15
326430,326445,326447,2,15
326430,326446,326447,1,16
326430,326446,326448,2,16
326430,326446,326448,2,16
326430,326446,326448,2,16
326430,326446,326448,2,16
326430,326447,326449,2,17
326430,326447,326449,2,17
326430,326446,326448,2,16
326430,326446,326449,3,16
326430,326447,326449,2,17
326430,326447,326449,2,17
326430,326447,326449,2,17
326430,326447,326449,2,17
326430,326447,326449,2,17
326430,326446,326449,3,16
326430,326447,326449,2,17
326430,326446,326450,4,16
326430,326447,326449,2,17
326430,326448,326450,2,18
326430,326446,326450,4,16
326430,326448,326450,2,18
326430,326447,326450,3,17
326430,326447,326449,2,17
326430,326446,326450,4,16
326430,326448,326450,2,18
326430,326448,326450,2,18
326430,326448,326450,2,18
326430,326448,326450,2,18
326430,326449,326451,2,19
326430,326449,326451,2,19
326430,326449,326451,2,19
326430,326449,326451,2,19
326430,326449,326451,2,19
326430,326449,326451,2,19
326430,326449,326451,2,19
326430,326449,326451,2,19
326430,326449,326451,2,19
326430,326449,326451,2,19
326430,326449,326451,2,19
326430,326449,326451,2,19
326430,326450,326452,2,20
326430,326450,326453,3,20
326430,326450,326453,3,20
326430,326450,326453,3,20
326430,326450,326452,2,20
326430,326450,326452,2,20
326430,326450,326452,2,20
326430,326450,326452,2,20
326459,326459,326461,2,0
326459,326459,326461,2,0
326459,326459,326461,2,0
326459,326459,326461,2,0
326459,326459,326461,2,0
326459,326459,326461,2,0
326459,326459,326461,2,0
326459,326459,326461,2,0
326459,326459,326461,2,0
326459,326459,326461,2,0
326459,326459,326461,2,0
326459,326459,326461,2,0
326459,326459,326462,3,0
326459,326459,326462,3,0
326459,326459,326462,3,0
326459,326459,326462,3,0
326459,326459,326462,3,0
326459,326462,326463,1,3
326459,326462,326463,1,3
326459,326462,326463,1,3
326459,326459,326463,4,0
326459,326459,326463,4,0
326459,326459,326463,4,0
326459,326459,326463,4,0
326459,326459,326463,4,0
326459,326459,326463,4,0
326459,326459,326463,4,0
326459,326462,326464,2,3
326459,326462,326464,2,3
326459,326462,326464,2,3
326459,326461,326464,3,2
326459,326462,326464,2,3
326459,326462,326464,2,3
326459,326462,326464,2,3
326459,326463,326464,1,4
326459,326463,326465,2,4
326459,326463,326465,2,4
326459,326463,326465,2,4
326459,326464,326465,1,5
326459,326464,326465,1,5
326459,326464,326466,2,5
326459,326464,326466,2,5
326459,326464,326466,2,5
326459,326464,326466,2,5
326459,326465,326466,1,6
326459,326465,326466,1,6
326459,326465,326467,2,6
326459,326463,326466,3,4
326459,326465,326466,1,6
326459,326465,326466,1,6
326459,326465,326466,1,6
326459,326465,326466,1,6
326459,326465,326466,1,6
326459,326463,326466,3,4
326459,326464,326466,2,5
326459,326464,326466,2,5
326459,326463,326467,4,4
326459,326464,326467,3,5
326459,326464,326467,3,5
326459,326465,326467,2,6
326459,326466,326467,1,7
326459,326466,326467,1,7
326459,326465,326467,2,6
326459,326465,326467,2,6
326459,326466,326468,2,7
326459,326467,326468,1,8
326459,326467,326469,2,8
326459,326467,326469,2,8
326459,326467,326468,1,8
326459,326467,326468,1,8
326459,326467,326468,1,8
326459,326467,326468,1,8
326459,326467,326468,1,8
326459,326467,326469,2,8
326459,326467,326468,1,8
326459,326466,326468,2,7
326459,326466,326468,2,7
326459,326468,326469,1,9
326459,326468,326469,1,9
326459,326467,326469,2,8
326459,326467,326470,3,8
326459,326467,326469,2,8
326459,326468,326470,2,9
326459,326469,326470,1,10
326459,326469,326470,1,10
326459,326469,326470,1,10
326459,326469,326470,1,10
326459,326468,326470,2,9
326459,326468,326471,3,9
326459,326468,326471,3,9
326459,326468,326471,3,9
326459,326469,326470,1,10
326459,326469,326471,2,10
326459,326469,326470,1,10
326459,326469,326470,1,10
326459,326469,326470,1,10
326459,326469,326470,1,10
326459,326468,326470,2,9
326459,326469,326471,2,10
326459,326468,326470,2,9
326459,326469,326471,2,10
326459,326470,326471,1,11
326459,326470,326471,1,11
326459,326471,326472,1,12
326459,326471,326472,1,12
326459,326471,326472,1,12
326459,326471,326472,1,12
326459,326471,326473,2,12
326459,326471,326472,1,12
326459,326471,326472,1,12
326459,326471,326472,1,12
326459,326470,326472,2,11
326459,326470,326472,2,11
326459,326471,326472,1,12
326459,326471,326472,1,12
326459,326471,326472,1,12
326459,326470,326472,2,11
326459,326470,326472,2,11
326459,326471,326474,3,12
326459,326472,326474,2,13
326459,326472,326474,2,13
326459,326473,326474,1,14
326459,326473,326474,1,14
326459,326473,326474,1,14
326459,326473,326475,2,14
326459,326471,326474,3,12
326459,326473,326475,2,14
326459,326471,326475,4,12
326459,326473,326475,2,14
326459,326473,326475,2,14
326459,326473,326475,2,14
326459,326473,326475,2,14
326459,326473,326475,2,14
326459,326473,326475,2,14
326459,326471,326476,5,12
326459,326473,326475,2,14
326459,326473,326476,3,14
326459,326473,326476,3,14
326459,326473,326476,3,14
326459,326474,326476,2,15
326459,326474,326476,2,15
326459,326474,326476,2,15
326459,326475,326476,1,16
326459,326475,326476,1,16
326459,326475,326476,1,16
326459,326475,326476,1,16
326459,326471,326477,6,12
326459,326475,326477,2,16
326459,326475,326477,2,16
326459,326475,326477,2,16
326459,326475,326477,2,16
326459,326475,326477,2,16
326459,326475,326477,2,16
326459,326475,326477,2,16
326459,326475,326477,2,16
326459,326471,326477,6,12
326459,326475,326478,3,16
326459,326476,326478,2,17
326459,326476,326478,2,17
326459,326477,326479,2,18
326459,326477,326479,2,18
326459,326477,326479,2,18
326459,326477,326479,2,18
326459,326476,326479,3,17
326459,326476,326478,2,17
326459,326471,326478,7,12
326459,326476,326479,3,17
326459,326476,326479,3,17
326459,326476,326479,3,17
326459,326476,326479,3,17
326459,326477,326479,2,18
326459,326477,326479,2,18
326459,326477,326479,2,18
326459,326477,326479,2,18
326459,326477,326479,2,18
326459,326477,326479,2,18
326459,326477,326479,2,18
326459,326478,326480,2,19
326459,326477,326480,3,18
326459,326477,326480,3,18
326459,326478,326480,2,19
326459,326478,326480,2,19
326459,326479,326481,2,20
326459,326479,326481,2,20
326459,326479,326481,2,20
326459,326478,326480,2,19
326459,326479,326481,2,20
326459,326479,326481,2,20
326459,326479,326481,2,20
326459,326479,326481,2,20
326459,326479,326481,2,20
326459,326479,326482,3,20
326459,326479,326482,3,20
326459,326479,326482,3,20
326459,326479,326482,3,20
326459,326479,326482,3,20
326459,326479,326482,3,20
326459,326479,326483,4,20
326459,326479,326482,3,20
326459,326479,326483,4,20
326490,326490,326491,1,0
326490,326490,326492,2,0
326490,326490,326492,2,0
326490,326490,326492,2,0
326490,326490,326492,2,0
326490,326490,326492,2,0
326490,326490,326492,2,0
326490,326490,326492,2,0
326490,326490,326493,3,0
326490,326490,326493,3,0
326490,326490,326493,3,0
326490,326490,326493,3,0
326490,326490,326493,3,0
326490,326490,326493,3,0
326490,326490,326493,3,0
326490,326490,326493,3,0
326490,326490,326492,2,0
326490,326490,326493,3,0
326490,326490,326493,3,0
326490,326490,326493,3,0
326490,326490,326493,3,0
326490,326490,326493,3,0
326490,326490,326493,3,0
326490,326492,326494,2,2
326490,326492,326494,2,2
326490,326492,326494,2,2
326490,326492,326494,2,2
326490,326492,326494,2,2
326490,326490,326494,4,0
326490,326492,326494,2,2
326490,326492,326494,2,2
326490,326492,326495,3,2
326490,326494,326495,1,4
326490,326493,326495,2,3
326490,326494,326495,1,4
326490,326494,326495,1,4
326490,326493,326496,3,3
326490,326493,326496,3,3
326490,326493,326496,3,3
326490,326493,326496,3,3
326490,326493,326496,3,3
326490,326493,326496,3,3
326490,326493,326497,4,3
326490,326494,326496,2,4
326490,326494,326496,2,4
326490,326494,326496,2,4
326490,326495,326496,1,5
326490,326495,326496,1,5
326490,326495,326496,1,5
326490,326495,326496,1,5
326490,326495,326496,1,5
326490,326495,326496,1,5
326490,326495,326496,1,5
326490,326495,326496,1,5
326490,326495,326497,2,5
326490,326496,326497,1,6
326490,326496,326497,1,6
326490,326496,326497,1,6
326490,326496,326497,1,6
326490,326497,326498,1,7
326490,326497,326498,1,7
326490,326496,326498,2,6
326490,326497,326499,2,7
326490,326497,326498,1,7
326490,326497,326498,1,7
326490,326498,326499,1,8
326490,326497,326498,1,7
326490,326498,326499,1,8
326490,326497,326499,2,7
326490,326497,326498,1,7
326490,326497,326499,2,7
326490,326497,326499,2,7
326490,326498,326499,1,8
326490,326497,326499,2,7
326490,326497,326499,2,7
326490,326497,326499,2,7
326490,326497,326499,2,7
326490,326497,326499,2,7
326490,326497,326499,2,7
326490,326498,326499,1,8
326490,326497,326499,2,7
326490,326498,326499,1,8
326490,326499,326500,1,9
326490,326499,326501,2,9
326490,326499,326501,2,9
326490,326499,326500,1,9
326490,326497,326500,3,7
326490,326499,326500,1,9
326490,326499,326500,1,9
326490,326499,326500,1,9
326490,326499,326500,1,9
326490,326500,326502,2,10
326490,326500,326502,2,10
326490,326500,326502,2,10
326490,326500,326502,2,10
326490,326499,326502,3,9
326490,326499,326501,2,9
326490,326499,326501,2,9
326490,326500,326501,1,10
326490,326500,326501,1,10
326490,326500,326501,1,10
326490,326500,326501,1,10
326490,326500,326502,2,10
326490,326500,326502,2,10
326490,326501,326503,2,11
326490,326501,326503,2,11
326490,326500,326502,2,10
326490,326500,326502,2,10
326490,326501,326503,2,11
326490,326501,326502,1,11
326490,326501,326502,1,11
326490,326501,326502,1,11
326490,326501,326502,1,11
326490,326501,326502,1,11
326490,326501,326502,1,11
326490,326502,326504,2,12
326490,326502,326503,1,12
326490,326502,326503,1,12
326490,326502,326504,2,12
326490,326502,326504,2,12
326490,326502,326504,2,12
326490,326502,326504,2,12
326490,326502,326504,2,12
326490,326502,326504,2,12
326490,326502,326504,2,12
326490,326502,326504,2,12
326490,326503,326504,1,13
326490,326503,326505,2,13
326490,326503,326505,2,13
326490,326503,326505,2,13
326490,326503,326505,2,13
326490,326503,326505,2,13
326490,326503,326506,3,13
326490,326503,326505,2,13
326490,326503,326506,3,13
326490,326503,326506,3,13
326490,326503,326506,3,13
326490,326504,326506,2,14
326490,326504,326505,1,14
326490,326504,326505,1,14
326490,326503,326505,2,13
326490,326504,326506,2,14
326490,326504,326506,2,14
326490,326504,326506,2,14
326490,326504,326507,3,14
326490,326505,326507,2,15
326490,326503,326506,3,13
326490,326505,326507,2,15
326490,326505,326506,1,15
326490,326506,326507,1,16
326490,326505,326508,3,15
326490,326505,326507,2,15
326490,326505,326507,2,15
326490,326506,326507,1,16
326490,326506,326507,1,16
326490,326506,326508,2,16
326490,326506,326508,2,16
326490,326505,326509,4,15
326490,326505,326509,4,15
326490,326505,326508,3,15
326490,326505,326509,4,15
315609,315611,335902,20291,2
335668,335904,403953,68049,236
403975,403976,424289,20313,1
424061,424290,439317,15027,229
439325,439326,439960,634,1
440420,440420,440421,1,0
440422,440422,440423,1,0
440423,440423,440425,2,0
440425,440425,440426,1,0
440426,440426,440427,1,0
440428,440428,440429,1,0
440430,440430,440431,1,0
440431,440431,440432,1,0
440433,440433,440434,1,0
440434,440434,440435,1,0
440436,440436,440437,1,0
440437,440437,440438,1,0
440439,440439,440440,1,0
440440,440440,440441,1,0
440442,440442,440443,1,0
440443,440443,440444,1,0
440445,440445,440446,1,0
440448,440448,440449,1,0
440450,440450,440451,1,0
440451,440451,440452,1,0
440455,440455,440456,1,0
440456,440456,440457,1,0
440458,440458,440459,1,0
440460,440460,440461,1,0
440461,440461,440462,1,0
440463,440463,440464,1,0
440465,440465,440466,1,0
440466,440466,440467,1,0
440467,440468,440469,1,1
440471,440471,440472,1,0
440473,440473,440474,1,0
440475,440475,440476,1,0
440478,440478,440479,1,0
440480,440480,440481,1,0
440482,440482,440483,1,0
440483,440483,440484,1,0
440485,440485,440486,1,0
440486,440486,440487,1,0
440488,440488,440489,1,0
440490,440490,440491,1,0
440491,440491,440492,1,0
440492,440492,440493,1,0
440494,440494,440495,1,0
440496,440496,440497,1,0
440497,440497,440498,1,0
440499,440499,440500,1,0
440501,440501,440502,1,0
440502,440502,440503,1,0
440504,440504,440505,1,0
440506,440506,440507,1,0
440507,440507,440508,1,0
440509,440509,440510,1,0
440511,440511,440512,1,0
440512,440512,440513,1,0
440514,440514,440515,1,0
440516,440516,440517,1,0
440518,440518,440519,1,0
440520,440520,440521,1,0
440522,440522,440523,1,0
440523,440523,440524,1,0
440525,440525,440526,1,0
440528,440528,440529,1,0
440530,440530,440531,1,0
440532,440532,440533,1,0
440533,440533,440534,1,0
440535,440535,440536,1,0
440537,440537,440538,1,0
440539,440539,440540,1,0
440540,440540,440541,1,0
440542,440542,440543,1,0
440544,440544,440545,1,0
440547,440547,440548,1,0
440549,440549,440550,1,0
440550,440551,440552,1,1
440552,440552,440553,1,0
440555,440555,440556,1,0
440558,440558,440559,1,0
440560,440560,440561,1,0
440562,440562,440563,1,0
440563,440563,440564,1,0
440566,440566,440567,1,0
440568,440568,440569,1,0
440569,440569,440570,1,0
440571,440571,440572,1,0
440572,440573,440574,1,1
440574,440574,440575,1,0
440576,440576,440577,1,0
440577,440577,440578,1,0
440579,440579,440581,2,0
440581,440581,440582,1,0
440582,440582,440583,1,0
440584,440584,440585,1,0
440585,440586,440587,1,1
440587,440587,440588,1,0
440589,440589,440590,1,0
440591,440591,440592,1,0
440592,440593,440594,1,1
440594,440595,440596,1,1
440596,440596,440597,1,0
440598,440598,440599,1,0
440599,440599,440600,1,0
440601,440601,440602,1,0
440603,440603,440604,1,0
440605,440605,440606,1,0
440606,440606,440607,1,0
440609,440609,440610,1,0
440611,440611,440612,1,0
440613,440613,440614,1,0
440615,440615,440616,1,0
440617,440617,440618,1,0
440618,440618,440619,1,0
440620,440620,440621,1,0
440621,440621,440622,1,0
440623,440623,440624,1,0
440625,440625,440626,1,0
440627,440627,440628,1,0
440629,440629,440630,1,0
440630,440630,440631,1,0
440632,440632,440633,1,0
440633,440633,440634,1,0
440635,440635,440636,1,0
440637,440637,440638,1,0
440638,440638,440640,2,0
440640,440640,440641,1,0
440642,440642,440643,1,0
440643,440643,440644,1,0
440645,440645,440647,2,0
440647,440647,440648,1,0
440649,440649,440650,1,0
440652,440652,440653,1,0
440654,440654,440655,1,0
440656,440656,440657,1,0
440657,440657,440658,1,0
440659,440659,440660,1,0
440661,440661,440662,1,0
440663,440663,440664,1,0
440665,440665,440666,1,0
440666,440666,440667,1,0
440668,440668,440669,1,0
440670,440670,440671,1,0
440671,440671,440672,1,0
440673,440673,440674,1,0
440675,440675,440676,1,0
440677,440677,440678,1,0
440678,440678,440679,1,0
440680,440680,440681,1,0
440681,440681,440682,1,0
440683,440683,440684,1,0
440685,440685,440686,1,0
440686,440686,440687,1,0
440688,440688,440689,1,0
440691,440691,440692,1,0
440693,440693,440694,1,0
440695,440695,440696,1,0
440696,440696,440697,1,0
440698,440698,440699,1,0
440700,440700,440701,1,0
440701,440702,440703,1,1
440703,440703,440704,1,0
440705,440705,440706,1,0
440707,440707,440708,1,0
440709,440709,440710,1,0
440711,440711,440712,1,0
440712,440712,440713,1,0
440715,440715,440716,1,0
440717,440717,440718,1,0
440718,440718,440720,2,0
440720,440720,440721,1,0
440722,440722,440723,1,0
440725,440725,440726,1,0
440727,440727,440728,1,0
440728,440728,440729,1,0
440730,440730,440731,1,0
439939,439962,440732,770,23
440732,440732,440733,1,0
440734,440734,440735,1,0
440736,440736,440737,1,0
440739,440739,440741,2,0
440741,440741,440742,1,0
440743,440743,440744,1,0
440744,440744,440745,1,0
440746,440746,440747,1,0
440749,440749,440750,1,0
440751,440751,440752,1,0
440753,440753,440754,1,0
440755,440755,440756,1,0
440758,440758,440759,1,0
440760,440760,440761,1,0
440762,440762,440763,1,0
440763,440763,440764,1,0
440765,440765,440766,1,0
440767,440767,440768,1,0
440769,440769,440770,1,0
440770,440770,440771,1,0
440772,440772,440773,1,0
440773,440773,440774,1,0
440775,440775,440776,1,0
440777,440777,440778,1,0
440778,440778,440779,1,0
440780,440780,440781,1,0
440782,440782,440783,1,0
440783,440783,440784,1,0
440785,440785,440786,1,0
440788,440788,440789,1,0
440790,440790,440791,1,0
440792,440792,440793,1,0
440793,440793,440794,1,0
440795,440795,440796,1,0
440796,440796,440797,1,0
440798,440798,440799,1,0
440800,440800,440801,1,0
440801,440801,440802,1,0
440803,440803,440804,1,0
440805,440805,440806,1,0
440806,440806,440807,1,0
440808,440808,440809,1,0
440810,440810,440811,1,0
440811,440811,440812,1,0
440815,440815,440816,1,0
440816,440816,440817,1,0
440818,440818,440819,1,0
440820,440820,440821,1,0
440821,440821,440822,1,0
440822,440822,440823,1,0
440824,440824,440825,1,0
440826,440826,440827,1,0
440827,440827,440829,2,0
440829,440829,440830,1,0
440831,440831,440832,1,0
440832,440832,440833,1,0
440834,440834,440835,1,0
440835,440835,440837,2,0
440837,440837,440838,1,0
440839,440839,440840,1,0
440840,440840,440842,2,0
440842,440842,440843,1,0
440843,440843,440844,1,0
440845,440845,440846,1,0
440847,440847,440848,1,0
440848,440848,440849,1,0
440850,440850,440851,1,0
440852,440852,440853,1,0
440853,440853,440855,2,0
440855,440855,440856,1,0
440857,440857,440858,1,0
440858,440859,440860,1,1
440861,440861,440862,1,0
440865,440865,440866,1,0
440868,440868,440870,2,0
440870,440870,440871,1,0
440872,440872,440873,1,0
440873,440873,440874,1,0
440875,440875,440876,1,0
441359,441360,441363,3,1
441422,441423,442316,893,1
442315,442316,442322,6,1
442373,442374,442862,488,1
442850,442864,443790,926,14
445704,445705,466011,20306,1
466766,466766,467730,964,0
466765,466765,467803,1038,0
466765,466765,468001,1236,0
466765,466766,468582,1816,1
468791,468791,468792,1,0
468792,468792,468793,1,0
468794,468794,468795,1,0
468795,468795,468796,1,0
468798,468798,468799,1,0
468801,468801,468802,1,0
468804,468804,468805,1,0
468807,468807,468808,1,0
468810,468810,468811,1,0
468811,468811,468812,1,0
468814,468814,468815,1,0
468817,468817,468818,1,0
468820,468820,468821,1,0
468821,468821,468822,1,0
468823,468823,468824,1,0
468824,468824,468825,1,0
468825,468825,468826,1,0
468827,468827,468828,1,0
468828,468828,468829,1,0
468831,468831,468832,1,0
468833,468833,468834,1,0
468834,468834,468835,1,0
468835,468835,468836,1,0
468838,468838,468839,1,0
468841,468841,468842,1,0
468843,468843,468844,1,0
468844,468844,468845,1,0
468846,468846,468847,1,0
468847,468847,468848,1,0
468849,468849,468850,1,0
468850,468850,468851,1,0
468853,468853,468854,1,0
468854,468854,468855,1,0
468857,468857,468858,1,0
468860,468860,468861,1,0
468861,468861,468862,1,0
468863,468863,468864,1,0
468864,468864,468865,1,0
468867,468867,468868,1,0
468871,468871,468872,1,0
468872,468872,468873,1,0
468875,468875,468876,1,0
468879,468879,468880,1,0
468880,468880,468881,1,0
468882,468882,468883,1,0
468883,468883,468884,1,0
468886,468886,468887,1,0
468887,468887,468888,1,0
468889,468889,468890,1,0
468892,468892,468893,1,0
468895,468895,468896,1,0
468898,468898,468899,1,0
468899,468899,468900,1,0
468901,468901,468902,1,0
468902,468902,468903,1,0
468905,468905,468906,1,0
468908,468908,468909,1,0
468911,468911,468912,1,0
468912,468912,468913,1,0
468915,468915,468916,1,0
468917,468917,468918,1,0
468918,468918,468919,1,0
468921,468921,468922,1,0
468922,468922,468923,1,0
468924,468924,468925,1,0
468925,468925,468926,1,0
468927,468927,468928,1,0
468931,468931,468932,1,0
468932,468932,468933,1,0
468935,468935,468936,1,0
468937,468937,468938,1,0
468938,468938,468939,1,0
468941,468941,468942,1,0
468942,468942,468943,1,0
468945,468945,468946,1,0
468948,468948,468949,1,0
468949,468949,468950,1,0
468952,468952,468953,1,0
468953,468953,468954,1,0
468955,468955,468956,1,0
468956,468956,468957,1,0
468959,468959,468960,1,0
468961,468961,468962,1,0
468962,468962,468963,1,0
468965,468965,468966,1,0
468966,468966,468967,1,0
468968,468968,468969,1,0
468971,468971,468972,1,0
468972,468972,468973,1,0
468974,468974,468975,1,0
468976,468976,468977,1,0
468978,468978,468979,1,0
468980,468980,468981,1,0
468981,468981,468982,1,0
468984,468984,468985,1,0
468985,468985,468986,1,0
468987,468987,468988,1,0
468988,468988,468989,1,0
468991,468991,468992,1,0
468992,468992,468993,1,0
468995,468995,468996,1,0
468996,468996,468997,1,0
468999,468999,469000,1,0
469000,469000,469001,1,0
469003,469003,469004,1,0
469004,469004,469005,1,0
469006,469006,469007,1,0
469009,469009,469010,1,0
469012,469012,469013,1,0
469015,469015,469016,1,0
469016,469016,469017,1,0
469019,469019,469020,1,0
469022,469022,469023,1,0
469025,469025,469026,1,0
469028,469028,469029,1,0
469030,469030,469031,1,0
469031,469031,469032,1,0
469034,469034,469035,1,0
469036,469036,469037,1,0
469037,469037,469038,1,0
469040,469040,469041,1,0
469042,469042,469043,1,0
469043,469043,469044,1,0
469044,469044,469045,1,0
469046,469046,469047,1,0
469049,469049,469050,1,0
469050,469050,469051,1,0
469052,469052,469053,1,0
469055,469055,469056,1,0
469058,469058,469059,1,0
469061,469061,469062,1,0
469064,469064,469065,1,0
469065,469065,469066,1,0
469067,469067,469068,1,0
469070,469070,469071,1,0
469072,469072,469073,1,0
469073,469073,469074,1,0
469075,469075,469076,1,0
469076,469076,469077,1,0
469078,469078,469079,1,0
469079,469079,469080,1,0
469081,469081,469082,1,0
469082,469082,469083,1,0
469084,469084,469085,1,0
469085,469085,469086,1,0
469087,469087,469088,1,0
469088,469088,469089,1,0
469090,469090,469091,1,0
469091,469091,469092,1,0
469093,469093,469094,1,0
469094,469094,469095,1,0
469096,469096,469097,1,0
469097,469097,469099,2,0
469099,469099,469100,1,0
469101,469101,469102,1,0
469102,469102,469103,1,0
469104,469104,469105,1,0
469105,469105,469106,1,0
469107,469107,469108,1,0
469108,469108,469109,1,0
469110,469110,469111,1,0
469111,469111,469112,1,0
469112,469112,469114,2,0
469114,469114,469115,1,0
469115,469115,469116,1,0
469117,469117,469118,1,0
469118,469118,469119,1,0
469120,469120,469121,1,0
469121,469121,469123,2,0
469123,469123,469124,1,0
469124,469124,469125,1,0
469127,469127,469128,1,0
469130,469130,469131,1,0
469131,469131,469133,2,0
469133,469133,469134,1,0
469134,469135,469136,1,1
469136,469136,469137,1,0
469138,469138,469139,1,0
469139,469139,469140,1,0
469141,469141,469142,1,0
469142,469142,469143,1,0
469144,469144,469145,1,0
469145,469145,469146,1,0
469147,469147,469148,1,0
469148,469148,469149,1,0
469149,469149,469151,2,0
469151,469151,469152,1,0
469153,469153,469154,1,0
469154,469154,469155,1,0
469156,469156,469157,1,0
469157,469157,469158,1,0
469159,469159,469160,1,0
469160,469160,469161,1,0
469161,469162,469163,1,1
469163,469163,469164,1,0
469165,469165,469166,1,0
469166,469166,469167,1,0
469167,469167,469169,2,0
469169,469169,469170,1,0
469171,469171,469172,1,0
469172,469172,469173,1,0
469174,469174,469175,1,0
469175,469175,469177,2,0
469177,469177,469178,1,0
469179,469179,469180,1,0
469180,469180,469181,1,0
469181,469182,469183,1,1
469183,469183,469184,1,0
469185,469185,469186,1,0
469186,469186,469187,1,0
469187,469187,469188,1,0
469189,469189,469190,1,0
466766,466766,469544,2778,0
466765,466765,469914,3149,0
466765,466765,470088,3323,0
466766,466766,470453,3687,0
466766,466767,470621,3854,1
466765,466765,470748,3983,0
466767,466767,471041,4274,0
471167,471167,471168,1,0
471171,471171,471172,1,0
471172,471172,471173,1,0
471175,471175,471176,1,0
471176,471176,471177,1,0
471177,471177,471178,1,0
471181,471181,471182,1,0
471182,471182,471183,1,0
471183,471183,471184,1,0
471184,471184,471185,1,0
471185,471185,471186,1,0
471188,471188,471189,1,0
471189,471189,471190,1,0
471190,471190,471191,1,0
471191,471191,471192,1,0
471194,471194,471195,1,0
471195,471195,471196,1,0
471198,471198,471199,1,0
471199,471199,471200,1,0
471200,471200,471201,1,0
471203,471203,471204,1,0
471204,471204,471205,1,0
471207,471207,471208,1,0
471208,471208,471209,1,0
471212,471212,471213,1,0
471215,471215,471216,1,0
471216,471216,471217,1,0
466765,466765,471218,4453,0
471220,471220,471221,1,0
471221,471221,471222,1,0
471226,471226,471227,1,0
471227,471227,471228,1,0
471230,471230,471231,1,0
471231,471231,471232,1,0
471232,471232,471233,1,0
471235,471235,471236,1,0
471236,471236,471237,1,0
471237,471237,471238,1,0
471240,471240,471241,1,0
471242,471242,471243,1,0
471243,471243,471244,1,0
471244,471244,471245,1,0
471247,471247,471248,1,0
471251,471251,471252,1,0
471252,471252,471253,1,0
471255,471255,471256,1,0
471256,471256,471257,1,0
471258,471258,471259,1,0
471259,471259,471260,1,0
471260,471260,471261,1,0
471261,471261,471262,1,0
471262,471262,471263,1,0
471264,471264,471265,1,0
471265,471265,471266,1,0
466767,466767,471414,4647,0
466765,466765,471583,4818,0
466766,466766,471583,4817,0
466767,466767,471583,4816,0
466767,466767,471583,4816,0
466766,466766,471583,4817,0
466767,466767,471583,4816,0
466766,466766,471583,4817,0
471607,471608,471610,2,1
471608,471608,471610,2,0
471608,471608,471610,2,0
471608,471608,471611,3,0
471608,471608,471611,3,0
471607,471607,471611,4,0
471609,471609,471611,2,0
471608,471608,471611,3,0
471609,471609,471611,2,0
471609,471609,471612,3,0
471608,471609,471611,2,1
471609,471609,471612,3,0
471609,471609,471612,3,0
471609,471609,471612,3,0
471609,471610,471612,2,1
471610,471610,471612,2,0
471608,471608,471612,4,0
471610,471610,471612,2,0
471610,471610,471613,3,0
471610,471610,471613,3,0
471669,471669,471670,1,0
471671,471671,471672,1,0
471672,471672,471673,1,0
471673,471673,471674,1,0
471675,471675,471676,1,0
471677,471677,471678,1,0
471680,471680,471681,1,0
471681,471681,471682,1,0
471685,471685,471686,1,0
471689,471689,471690,1,0
471692,471692,471693,1,0
471693,471693,471694,1,0
471695,471695,471696,1,0
471696,471696,471697,1,0
471699,471699,471700,1,0
471703,471703,471704,1,0
471706,471706,471707,1,0
471707,471707,471708,1,0
471709,471709,471710,1,0
471710,471710,471711,1,0
471711,471711,471712,1,0
471713,471713,471714,1,0
471714,471714,471715,1,0
471717,471717,471718,1,0
471718,471718,471719,1,0
471719,471719,471720,1,0
471721,471721,471722,1,0
471722,471722,471723,1,0
471726,471726,471727,1,0
471729,471729,471730,1,0
471730,471730,471731,1,0
471733,471733,471734,1,0
471734,471734,471735,1,0
471737,471737,471738,1,0
471738,471738,471739,1,0
471739,471739,471740,1,0
471740,471740,471741,1,0
471741,471741,471742,1,0
471743,471743,471744,1,0
471744,471744,471745,1,0
471746,471746,471747,1,0
471747,471747,471748,1,0
471750,471750,471751,1,0
471751,471751,471752,1,0
471754,471754,471755,1,0
471755,471755,471756,1,0
471756,471756,471757,1,0
471759,471759,471760,1,0
471760,471760,471761,1,0
471762,471762,471763,1,0
471763,471763,471764,1,0
471766,471766,471767,1,0
471769,471769,471770,1,0
471770,471770,471771,1,0
471772,471772,471773,1,0
471773,471773,471774,1,0
471774,471774,471775,1,0
471776,471776,471777,1,0
471777,471777,471778,1,0
471779,471779,471780,1,0
471780,471780,471781,1,0
471783,471783,471784,1,0
471784,471784,471785,1,0
471786,471786,471787,1,0
471787,471787,471788,1,0
471790,471790,471791,1,0
471794,471794,471795,1,0
471798,471798,471799,1,0
471799,471799,471800,1,0
471802,471802,471803,1,0
471803,471803,471804,1,0
471804,471804,471805,1,0
471806,471806,471807,1,0
471807,471807,471808,1,0
471810,471810,471811,1,0
471811,471811,471812,1,0
471813,471813,471814,1,0
471814,471814,471815,1,0
471816,471816,471817,1,0
471817,471817,471818,1,0
471818,471818,471819,1,0
471820,471820,471821,1,0
471821,471821,471822,1,0
471822,471822,471823,1,0
471824,471824,471825,1,0
471825,471825,471826,1,0
471828,471828,471829,1,0
471831,471831,471832,1,0
471834,471834,471835,1,0
471835,471835,471836,1,0
471837,471837,471838,1,0
471838,471838,471839,1,0
471839,471839,471840,1,0
471840,471840,471841,1,0
471842,471842,471843,1,0
471843,471843,471844,1,0
471844,471844,471845,1,0
471847,471847,471848,1,0
471848,471848,471849,1,0
471852,471852,471853,1,0
471855,471855,471856,1,0
471858,471858,471859,1,0
471859,471859,471860,1,0
471860,471860,471861,1,0
471862,471862,471863,1,0
471863,471863,471864,1,0
471864,471864,471865,1,0
471866,471866,471867,1,0
471867,471867,471868,1,0
471870,471870,471871,1,0
471873,471873,471874,1,0
471874,471874,471875,1,0
471876,471876,471877,1,0
471877,471877,471878,1,0
471880,471880,471881,1,0
471883,471883,471884,1,0
471886,471886,471887,1,0
471887,471887,471888,1,0
471890,471890,471891,1,0
471891,471891,471892,1,0
471894,471894,471895,1,0
471895,471895,471896,1,0
471898,471898,471899,1,0
471899,471899,471900,1,0
471902,471902,471903,1,0
471903,471903,471904,1,0
471906,471906,471907,1,0
471907,471907,471908,1,0
471910,471910,471911,1,0
471911,471911,471912,1,0
471914,471914,471915,1,0
471915,471915,471916,1,0
471918,471918,471919,1,0
471919,471919,471920,1,0
471922,471922,471923,1,0
471923,471923,471924,1,0
471926,471926,471927,1,0
471927,471927,471928,1,0
471929,471929,471930,1,0
471930,471930,471931,1,0
471931,471931,471932,1,0
471933,471933,471934,1,0
471934,471934,471935,1,0
471935,471935,471936,1,0
471937,471937,471938,1,0
471938,471938,471939,1,0
471939,471939,471940,1,0
471941,471941,471942,1,0
471942,471942,471943,1,0
471943,471943,471944,1,0
471945,471945,471946,1,0
471946,471946,471947,1,0
471949,471949,471950,1,0
471953,471953,471954,1,0
471954,471954,471955,1,0
471955,471955,471956,1,0
471957,471957,471958,1,0
471958,471958,471959,1,0
471959,471959,471960,1,0
471961,471961,471962,1,0
471962,471962,471963,1,0
471963,471963,471964,1,0
471966,471966,471967,1,0
471969,471969,471970,1,0
471973,471973,471974,1,0
471974,471974,471975,1,0
471976,471976,471977,1,0
471977,471977,471978,1,0
471980,471980,471981,1,0
471983,471983,471984,1,0
471984,471984,471985,1,0
471986,471986,471987,1,0
471987,471987,471988,1,0
471989,471989,471990,1,0
471990,471990,471991,1,0
471992,471992,471993,1,0
471993,471993,471994,1,0
471995,471995,471996,1,0
471996,471996,471997,1,0
471997,471997,471998,1,0
471999,471999,472000,1,0
472000,472000,472001,1,0
472002,472002,472003,1,0
472003,472003,472004,1,0
472004,472004,472005,1,0
472005,472005,472006,1,0
472007,472007,472008,1,0
472008,472008,472009,1,0
472010,472010,472011,1,0
472011,472011,472012,1,0
472012,472012,472013,1,0
472014,472014,472015,1,0
472015,472015,472016,1,0
472017,472017,472018,1,0
472018,472018,472019,1,0
472021,472021,472022,1,0
472022,472022,472023,1,0
472025,472025,472026,1,0
472026,472026,472027,1,0
472028,472028,472029,1,0
472029,472029,472030,1,0
472032,472032,472033,1,0
472033,472033,472034,1,0
472036,472036,472037,1,0
472037,472037,472038,1,0
472039,472039,472040,1,0
472040,472040,472041,1,0
472041,472041,472042,1,0
474363,474363,475711,1348,0
474363,474363,475719,1356,0
474363,474363,475985,1622,0
474364,474364,475991,1627,0
474364,474364,477454,3090,0
477600,477600,477602,2,0
477603,477603,477604,1,0
477606,477606,477607,1,0
477607,477607,477608,1,0
477608,477608,477610,2,0
477610,477610,477611,1,0
477611,477611,477612,1,0
477613,477613,477614,1,0
477614,477614,477615,1,0
477617,477617,477618,1,0
477620,477620,477621,1,0
477621,477621,477622,1,0
477622,477623,477624,1,1
477624,477624,477625,1,0
477625,477625,477626,1,0
477628,477628,477629,1,0
477629,477629,477630,1,0
477632,477632,477633,1,0
477633,477633,477634,1,0
477635,477635,477636,1,0
477636,477636,477637,1,0
477639,477639,477640,1,0
477642,477642,477643,1,0
477646,477646,477647,1,0
477649,477649,477650,1,0
477650,477650,477651,1,0
477652,477652,477653,1,0
477655,477655,477656,1,0
477656,477656,477657,1,0
477659,477659,477660,1,0
477660,477660,477661,1,0
477662,477662,477663,1,0
477663,477663,477664,1,0
477666,477666,477667,1,0
477669,477669,477670,1,0
477670,477670,477671,1,0
477672,477672,477673,1,0
477673,477673,477674,1,0
477674,477674,477675,1,0
477676,477676,477677,1,0
477677,477677,477678,1,0
477680,477680,477681,1,0
477684,477684,477685,1,0
477687,477687,477688,1,0
477690,477690,477691,1,0
477691,477691,477692,1,0
477694,477694,477695,1,0
477695,477695,477696,1,0
477698,477698,477699,1,0
477699,477699,477700,1,0
477702,477702,477703,1,0
477703,477703,477704,1,0
477704,477704,477705,1,0
477705,477705,477706,1,0
477708,477708,477709,1,0
477709,477709,477710,1,0
477710,477710,477711,1,0
477713,477713,477714,1,0
477716,477716,477717,1,0
477717,477717,477718,1,0
477718,477718,477719,1,0
477721,477721,477722,1,0
477722,477722,477723,1,0
477725,477725,477726,1,0
477726,477726,477727,1,0
477728,477728,477729,1,0
477729,477729,477730,1,0
477732,477732,477733,1,0
477733,477733,477734,1,0
477736,477736,477737,1,0
477737,477737,477738,1,0
477739,477739,477740,1,0
477740,477740,477741,1,0
477741,477741,477742,1,0
477742,477742,477743,1,0
477746,477746,477747,1,0
477747,477747,477748,1,0
477749,477749,477750,1,0
477750,477750,477751,1,0
477751,477751,477752,1,0
477753,477753,477754,1,0
477754,477754,477755,1,0
477755,477755,477756,1,0
477758,477758,477759,1,0
477760,477760,477761,1,0
477761,477761,477762,1,0
477762,477762,477763,1,0
477765,477765,477766,1,0
477768,477768,477769,1,0
477769,477769,477770,1,0
477771,477771,477772,1,0
477772,477772,477773,1,0
477774,477774,477775,1,0
477775,477775,477776,1,0
477776,477776,477777,1,0
477779,477779,477780,1,0
477782,477782,477783,1,0
477783,477783,477784,1,0
477785,477785,477786,1,0
477787,477787,477788,1,0
477790,477790,477791,1,0
477791,477791,477792,1,0
477792,477793,477794,1,1
477794,477794,477795,1,0
477795,477795,477797,2,0
477797,477797,477798,1,0
477798,477798,477799,1,0
477799,477799,477800,1,0
477801,477801,477802,1,0
477802,477802,477803,1,0
477804,477804,477805,1,0
477805,477805,477806,1,0
477807,477807,477808,1,0
477808,477808,477809,1,0
477809,477809,477810,1,0
477811,477811,477812,1,0
477812,477812,477813,1,0
477813,477813,477814,1,0
477815,477815,477816,1,0
477816,477816,477817,1,0
477817,477817,477818,1,0
477818,477818,477819,1,0
477821,477821,477822,1,0
477822,477822,477823,1,0
477824,477824,477825,1,0
477825,477825,477826,1,0
477827,477827,477828,1,0
477828,477828,477829,1,0
477829,477829,477830,1,0
477832,477832,477833,1,0
474363,474363,477833,3470,0
477835,477835,477836,1,0
477836,477836,477837,1,0
477839,477839,477840,1,0
477842,477842,477843,1,0
477845,477845,477846,1,0
477846,477846,477847,1,0
477849,477849,477850,1,0
477850,477850,477851,1,0
477853,477853,477854,1,0
477854,477854,477855,1,0
477857,477857,477858,1,0
477858,477858,477859,1,0
477861,477861,477862,1,0
477864,477864,477865,1,0
477865,477865,477866,1,0
477868,477868,477869,1,0
477869,477869,477870,1,0
477871,477871,477872,1,0
477872,477872,477873,1,0
477875,477875,477876,1,0
477876,477876,477877,1,0
477877,477877,477878,1,0
477878,477878,477879,1,0
477881,477881,477882,1,0
477882,477882,477883,1,0
477884,477884,477885,1,0
477885,477885,477886,1,0
477886,477886,477887,1,0
477888,477888,477889,1,0
477889,477889,477890,1,0
477890,477890,477891,1,0
477893,477893,477894,1,0
477894,477894,477895,1,0
477897,477897,477898,1,0
477898,477898,477899,1,0
477901,477901,477902,1,0
477902,477902,477903,1,0
477905,477905,477906,1,0
477906,477906,477907,1,0
477909,477909,477910,1,0
477910,477910,477911,1,0
477912,477912,477913,1,0
477913,477913,477914,1,0
477914,477914,477915,1,0
477916,477916,477917,1,0
477917,477917,477918,1,0
477918,477918,477919,1,0
477920,477920,477921,1,0
477921,477921,477922,1,0
477922,477922,477923,1,0
477925,477925,477926,1,0
477926,477926,477927,1,0
477929,477929,477930,1,0
477932,477932,477933,1,0
477935,477935,477936,1,0
477936,477936,477937,1,0
477938,477938,477939,1,0
477939,477939,477940,1,0
477940,477940,477941,1,0
477942,477942,477943,1,0
477943,477943,477944,1,0
477946,477946,477947,1,0
477950,477950,477951,1,0
477953,477953,477954,1,0
477954,477954,477955,1,0
477956,477956,477957,1,0
477957,477957,477958,1,0
477959,477959,477960,1,0
477960,477960,477961,1,0
477962,477962,477963,1,0
477963,477963,477964,1,0
477964,477964,477965,1,0
477967,477967,477968,1,0
477968,477968,477969,1,0
477970,477970,477971,1,0
477971,477971,477972,1,0
477972,477972,477973,1,0
474363,474363,478010,3647,0
474365,474365,478029,3664,0
474364,474364,478030,3666,0
474363,474363,478251,3888,0
474363,474363,478621,4258,0
474365,474365,479083,4718,0
474364,474365,479305,4940,1
474365,474365,479390,5025,0
474364,474364,480135,5771,0
474364,474364,482214,7850,0
474364,474364,482408,8044,0
474362,474362,482873,8511,0
474364,474364,482965,8601,0
465873,466013,486300,20287,140
487235,487235,487236,1,0
487238,487238,487239,1,0
487241,487241,487242,1,0
487244,487244,487245,1,0
487246,487246,487247,1,0
487247,487247,487249,2,0
487249,487249,487250,1,0
487250,487250,487251,1,0
487252,487252,487253,1,0
487253,487253,487255,2,0
487255,487255,487256,1,0
487258,487258,487259,1,0
487260,487260,487261,1,0
487261,487261,487262,1,0
487263,487263,487264,1,0
487264,487264,487265,1,0
487266,487266,487267,1,0
487267,487267,487268,1,0
495987,495987,495988,1,0
495990,495990,495991,1,0
495993,495993,495994,1,0
495996,495996,495997,1,0
495997,495997,495998,1,0
495999,495999,496000,1,0
496000,496000,496001,1,0
496003,496003,496004,1,0
496005,496005,496006,1,0
496006,496006,496007,1,0
496008,496008,496009,1,0
496009,496009,496010,1,0
496010,496010,496011,1,0
496012,496012,496013,1,0
496013,496013,496014,1,0
496015,496015,496016,1,0
496016,496016,496017,1,0
496018,496018,496019,1,0
486171,486302,504485,18183,131
474365,474365,504934,30569,0
507300,507300,507301,1,0
507302,507302,507303,1,0
507303,507303,507304,1,0
507305,507305,507306,1,0
507306,507306,507307,1,0
507308,507308,507309,1,0
507309,507309,507310,1,0
507311,507311,507312,1,0
507312,507312,507313,1,0
507314,507314,507315,1,0
507315,507315,507316,1,0
507316,507316,507317,1,0
507318,507318,507319,1,0
507319,507319,507320,1,0
507321,507321,507322,1,0
507322,507322,507323,1,0
507324,507324,507325,1,0
507325,507325,507326,1,0
507327,507327,507328,1,0
507328,507328,507329,1,0
507330,507330,507331,1,0
507331,507331,507332,1,0
507334,507334,507335,1,0
507337,507337,507338,1,0
507338,507338,507339,1,0
507340,507340,507341,1,0
507341,507341,507342,1,0
507343,507343,507344,1,0
507344,507344,507345,1,0
507347,507347,507348,1,0
507350,507350,507351,1,0
507353,507353,507354,1,0
507356,507356,507357,1,0
507359,507359,507360,1,0
507360,507360,507361,1,0
507362,507362,507363,1,0
507363,507363,507364,1,0
504493,504494,524796,20302,1
524568,524797,545114,20317,229
557434,557434,557435,1,0
557435,557435,557436,1,0
557437,557437,557438,1,0
557438,557438,557439,1,0
557440,557440,557441,1,0
557441,557441,557442,1,0
557443,557443,557444,1,0
557444,557444,557445,1,0
557446,557446,557447,1,0
557447,557447,557448,1,0
557449,557449,557450,1,0
557450,557450,557451,1,0
557453,557453,557454,1,0
557456,557456,557457,1,0
557459,557459,557460,1,0
557462,557462,557463,1,0
557463,557463,557464,1,0
557465,557465,557466,1,0
557466,557466,557467,1,0
557468,557468,557469,1,0
557469,557469,557470,1,0
557471,557471,557472,1,0
557472,557472,557473,1,0
557474,557474,557475,1,0
557475,557475,557476,1,0
557478,557478,557479,1,0
557480,557480,557481,1,0
557481,557481,557482,1,0
557484,557484,557485,1,0
557487,557487,557488,1,0
557489,557489,557490,1,0
557490,557490,557491,1,0
557493,557493,557494,1,0
557496,557496,557497,1,0
557633,557633,557634,1,0
557634,557634,557635,1,0
557635,557635,557636,1,0
557636,557636,557637,1,0
557639,557639,557640,1,0
557640,557640,557641,1,0
557641,557641,557642,1,0
557642,557642,557643,1,0
557643,557643,557644,1,0
557647,557647,557648,1,0
557648,557648,557649,1,0
557649,557649,557650,1,0
557653,557653,557654,1,0
557654,557654,557655,1,0
557655,557655,557656,1,0
557656,557656,557657,1,0
557660,557660,557661,1,0
557661,557661,557662,1,0
557662,557662,557663,1,0
557666,557666,557667,1,0
557667,557667,557668,1,0
557668,557668,557669,1,0
557669,557669,557670,1,0
557672,557672,557673,1,0
557673,557673,557674,1,0
557674,557674,557675,1,0
557675,557675,557676,1,0
557679,557679,557680,1,0
557680,557680,557681,1,0
557681,557681,557682,1,0
557682,557682,557683,1,0
557685,557685,557686,1,0
557686,557686,557687,1,0
557687,557687,557688,1,0
557688,557688,557689,1,0
557692,557692,557693,1,0
557693,557693,557694,1,0
557694,557694,557695,1,0
557695,557695,557696,1,0
557699,557699,557700,1,0
557700,557700,557701,1,0
557701,557701,557702,1,0
557705,557705,557706,1,0
557706,557706,557707,1,0
557707,557707,557708,1,0
557711,557711,557712,1,0
557712,557712,557713,1,0
557713,557713,557714,1,0
557714,557714,557715,1,0
557718,557718,557719,1,0
557719,557719,557720,1,0
557720,557720,557721,1,0
557723,557723,557724,1,0
557724,557724,557725,1,0
557725,557725,557726,1,0
557726,557726,557727,1,0
557730,557730,557731,1,0
557731,557731,557732,1,0
557732,557732,557733,1,0
557736,557736,557737,1,0
557737,557737,557738,1,0
557738,557738,557739,1,0
557739,557739,557740,1,0
557743,557743,557744,1,0
557744,557744,557745,1,0
557745,557745,557746,1,0
557749,557749,557750,1,0
557750,557750,557751,1,0
557751,557751,557752,1,0
557752,557752,557753,1,0
557756,557756,557757,1,0
557757,557757,557758,1,0
557758,557758,557759,1,0
557762,557762,557763,1,0
557763,557763,557764,1,0
557764,557764,557765,1,0
557765,557765,557766,1,0
557768,557768,557769,1,0
557769,557769,557770,1,0
557770,557770,557771,1,0
557771,557771,557772,1,0
557775,557775,557776,1,0
557776,557776,557777,1,0
557777,557777,557778,1,0
557778,557778,557779,1,0
557781,557781,557782,1,0
557782,557782,557783,1,0
557783,557783,557784,1,0
557784,557784,557785,1,0
557788,557788,557789,1,0
557789,557789,557790,1,0
557790,557790,557791,1,0
557793,557793,557794,1,0
557794,557794,557795,1,0
557795,557795,557796,1,0
557796,557796,557797,1,0
557799,557799,557800,1,0
557800,557800,557801,1,0
557801,557801,557802,1,0
544898,545116,563890,18774,218
570441,570441,570442,1,0
570442,570442,570443,1,0
570443,570443,570444,1,0
570444,570444,570445,1,0
570447,570447,570448,1,0
570448,570448,570449,1,0
570449,570449,570450,1,0
570452,570452,570453,1,0
570453,570453,570454,1,0
570454,570454,570455,1,0
570455,570455,570456,1,0
570459,570459,570460,1,0
570460,570460,570461,1,0
570461,570461,570462,1,0
570463,570463,570464,1,0
570464,570464,570465,1,0
570465,570465,570466,1,0
570466,570466,570467,1,0
570470,570470,570471,1,0
570471,570471,570472,1,0
570472,570472,570473,1,0
570475,570475,570476,1,0
570476,570476,570477,1,0
570477,570477,570478,1,0
570481,570481,570482,1,0
570482,570482,570483,1,0
570483,570483,570484,1,0
570486,570486,570487,1,0
570487,570487,570488,1,0
570488,570488,570489,1,0
570489,570489,570490,1,0
570492,570492,570493,1,0
570493,570493,570494,1,0
570494,570494,570495,1,0
570497,570497,570498,1,0
570498,570498,570499,1,0
570499,570499,570500,1,0
570500,570500,570501,1,0
570503,570503,570504,1,0
570504,570504,570505,1,0
570505,570505,570506,1,0
570508,570508,570509,1,0
570509,570509,570510,1,0
570510,570510,570511,1,0
570511,570511,570512,1,0
570514,570514,570515,1,0
570515,570515,570516,1,0
570516,570516,570517,1,0
570520,570520,570521,1,0
570521,570521,570522,1,0
570522,570522,570523,1,0
570526,570526,570527,1,0
570527,570527,570528,1,0
570528,570528,570529,1,0
570532,570532,570533,1,0
570533,570533,570534,1,0
570534,570534,570535,1,0
570537,570537,570538,1,0
570538,570538,570539,1,0
570539,570539,570540,1,0
570542,570542,570543,1,0
570543,570543,570544,1,0
570544,570544,570545,1,0
570547,570547,570548,1,0
570548,570548,570549,1,0
570549,570549,570550,1,0
570550,570550,570551,1,0
570553,570553,570554,1,0
570554,570554,570555,1,0
570555,570555,570556,1,0
570559,570559,570560,1,0
570560,570560,570561,1,0
570561,570561,570562,1,0
570565,570565,570566,1,0
570566,570566,570567,1,0
570567,570567,570568,1,0
570571,570571,570572,1,0
570572,570572,570573,1,0
570573,570573,570574,1,0
570576,570576,570577,1,0
570577,570577,570578,1,0
570578,570578,570579,1,0
570582,570582,570583,1,0
570583,570583,570584,1,0
570584,570584,570585,1,0
570587,570587,570588,1,0
570588,570588,570589,1,0
570589,570589,570590,1,0
570593,570593,570594,1,0
570594,570594,570595,1,0
570595,570595,570596,1,0
570598,570598,570599,1,0
570599,570599,570600,1,0
570600,570600,570601,1,0
570604,570604,570605,1,0
570605,570605,570606,1,0
570606,570606,570607,1,0
570609,570609,570610,1,0
570610,570610,570611,1,0
570611,570611,570612,1,0
570612,570612,570613,1,0
570615,570615,570616,1,0
570616,570616,570617,1,0
570617,570617,570618,1,0
570621,570621,570622,1,0
570622,570622,570623,1,0
570623,570623,570624,1,0
570626,570626,570627,1,0
570627,570627,570628,1,0
570628,570628,570629,1,0
570632,570632,570633,1,0
570633,570633,570634,1,0
570634,570634,570635,1,0
570637,570637,570638,1,0
570638,570638,570639,1,0
570639,570639,570640,1,0
570643,570643,570644,1,0
570644,570644,570645,1,0
570645,570645,570646,1,0
570648,570648,570649,1,0
570649,570649,570650,1,0
570650,570650,570651,1,0
570654,570654,570655,1,0
570655,570655,570656,1,0
570656,570656,570657,1,0
570659,570659,570660,1,0
570660,570660,570661,1,0
570661,570661,570662,1,0
570665,570665,570666,1,0
570666,570666,570667,1,0
570667,570667,570668,1,0
570670,570670,570671,1,0
570671,570671,570672,1,0
570672,570672,570673,1,0
570676,570676,570677,1,0
570677,570677,570678,1,0
570678,570678,570679,1,0
570679,570679,570680,1,0
563901,563903,584195,20292,2
587686,587686,587687,1,0
587690,587690,587691,1,0
587691,587691,587692,1,0
587692,587692,587693,1,0
587696,587696,587697,1,0
587697,587697,587698,1,0
587698,587698,587699,1,0
587702,587702,587703,1,0
587703,587703,587704,1,0
587704,587704,587705,1,0
587708,587708,587709,1,0
587709,587709,587710,1,0
587710,587710,587711,1,0
587711,587711,587712,1,0
587714,587714,587715,1,0
587715,587715,587716,1,0
587716,587716,587717,1,0
587717,587717,587718,1,0
587718,587718,587719,1,0
587721,587721,587722,1,0
587722,587722,587723,1,0
587723,587723,587724,1,0
587724,587724,587725,1,0
587728,587728,587729,1,0
587729,587729,587730,1,0
587730,587730,587731,1,0
587731,587731,587732,1,0
587734,587734,587735,1,0
587735,587735,587736,1,0
587736,587736,587737,1,0
587737,587737,587738,1,0
587740,587740,587741,1,0
587741,587741,587742,1,0
587742,587742,587743,1,0
587743,587743,587744,1,0
587747,587747,587748,1,0
587748,587748,587749,1,0
587749,587749,587750,1,0
587753,587753,587754,1,0
587754,587754,587755,1,0
587755,587755,587756,1,0
587759,587759,587760,1,0
587760,587760,587761,1,0
587761,587761,587762,1,0
587762,587762,587763,1,0
587765,587765,587766,1,0
587766,587766,587767,1,0
587767,587767,587768,1,0
587768,587768,587769,1,0
587773,587773,587774,1,0
587774,587774,587775,1,0
587775,587775,587776,1,0
598251,598251,598252,1,0
598252,598252,598253,1,0
598253,598253,598254,1,0
598257,598257,598258,1,0
598258,598258,598259,1,0
598259,598259,598260,1,0
598260,598260,598261,1,0
598263,598263,598264,1,0
598264,598264,598265,1,0
598265,598265,598266,1,0
598266,598266,598267,1,0
598270,598270,598271,1,0
598271,598271,598272,1,0
598272,598272,598273,1,0
598277,598277,598278,1,0
598282,598282,598283,1,0
598283,598283,598284,1,0
598284,598284,598285,1,0
598285,598285,598286,1,0
601911,601911,601912,1,0
601914,601914,601915,1,0
601915,601915,601916,1,0
601916,601916,601917,1,0
601917,601917,601918,1,0
601921,601921,601922,1,0
601922,601922,601923,1,0
601923,601923,601924,1,0
601927,601927,601928,1,0
601928,601928,601929,1,0
601929,601929,601930,1,0
601930,601930,601931,1,0
601934,601934,601935,1,0
601935,601935,601936,1,0
601936,601936,601937,1,0
584009,584197,604486,20289,188
604228,604488,623854,19366,260
