submit_time,start_time,end_time,run_time,wait_time
122414,122415,122475,60,1
122543,122544,122604,60,1
166353,166354,166412,58,1
166421,166421,168810,2389,0
167929,167929,171747,3818,0
201938,201938,203969,2031,0
299036,299037,300078,1041,1
299187,299187,300355,1168,0
300797,300797,300877,80,0
300702,300702,301086,384,0
301128,301128,403000,101872,0
408255,408255,408349,94,0
408295,408295,408563,268,0
408310,408310,408574,264,0
408323,408324,408836,512,1
408334,408334,408845,511,0
