submit_time,start_time,end_time,run_time,wait_time
139444,139445,139453,8,1
139583,139583,139590,7,0
140522,140523,140530,7,1
140703,140704,140711,7,1
140766,140767,140914,147,1
143058,143058,143710,652,0
143722,143723,144033,310,1
144107,144108,144111,3,1
144205,144205,144211,6,0
144228,144229,144349,120,1
144358,144359,144367,8,1
144403,144403,144538,135,0
144484,144485,144801,316,1
144699,144699,145316,617,0
145326,145327,145962,635,1
145970,145971,146586,615,1
146594,146595,147211,616,1
147222,147223,147835,612,1
147799,147800,147926,126,1
147801,147801,147926,125,0
147797,147797,147928,131,0
147927,147927,147929,2,0
147927,147927,147928,1,0
147927,147927,147929,2,0
147927,147927,147932,5,0
147803,147803,147936,133,0
147802,147802,147937,135,0
147927,147928,147937,9,1
147799,147800,147937,137,1
147927,147929,147939,10,2
147927,147929,147940,11,2
147927,147930,147939,9,3
147927,147933,147942,9,6
147927,147937,147944,7,10
147927,147936,147945,9,9
147927,147938,147945,7,11
147927,147940,147944,4,13
147927,147937,147945,8,10
147927,147940,147945,5,13
147927,147942,147946,4,15
147927,147945,147947,2,18
147927,147945,147948,3,18
147927,147945,147948,3,18
147927,147944,147948,4,17
147927,147945,147947,2,18
147927,147947,147949,2,20
147927,147946,147949,3,19
147927,147947,147949,2,20
147927,147948,147949,1,21
147927,147948,147949,1,21
147808,147808,147949,141,0
147927,147948,147950,2,21
147927,147948,147950,2,21
147927,147949,147950,1,22
147927,147949,147950,1,22
147927,147949,147950,1,22
147927,147940,147950,10,13
147927,147950,147951,1,23
147927,147950,147951,1,23
147927,147950,147951,1,23
147927,147951,147953,2,24
147927,147951,147953,2,24
147927,147952,147953,1,25
147927,147951,147953,2,24
147927,147951,147954,3,24
147927,147951,147955,4,24
147927,147953,147955,2,26
147927,147951,147955,4,24
147927,147954,147955,1,27
147927,147955,147956,1,28
147927,147951,147955,4,24
147927,147954,147955,1,27
147927,147951,147955,4,24
147927,147954,147955,1,27
147927,147956,147957,1,29
147927,147956,147957,1,29
147927,147955,147956,1,28
147927,147955,147956,1,28
147927,147956,147957,1,29
147927,147956,147957,1,29
147927,147956,147957,1,29
147927,147957,147958,1,30
147927,147956,147958,2,29
147927,147956,147958,2,29
147927,147957,147958,1,30
147927,147957,147958,1,30
147927,147957,147958,1,30
147800,147800,147959,159,0
147804,147804,147958,154,0
147929,147958,147959,1,29
147929,147958,147959,1,29
147929,147959,147960,1,30
147929,147959,147960,1,30
147929,147960,147961,1,31
147929,147959,147962,3,30
147929,147959,147962,3,30
147929,147959,147962,3,30
147929,147959,147962,3,30
147929,147959,147962,3,30
147929,147961,147962,1,32
147929,147959,147962,3,30
147929,147959,147963,4,30
147929,147962,147963,1,33
147929,147963,147964,1,34
147929,147962,147963,1,33
147929,147962,147963,1,33
147929,147962,147963,1,33
147929,147962,147963,1,33
147929,147962,147964,2,33
147929,147963,147965,2,34
147809,147809,147965,156,0
147929,147964,147965,1,35
147929,147964,147965,1,35
147929,147964,147965,1,35
147929,147964,147965,1,35
147929,147964,147966,2,35
147929,147965,147966,1,36
147929,147964,147966,2,35
147929,147964,147966,2,35
147929,147964,147966,2,35
147929,147965,147966,1,36
147936,147966,147967,1,30
147936,147966,147967,1,30
147936,147966,147968,2,30
147936,147966,147972,6,30
147806,147806,147973,167,0
147936,147968,147974,6,32
147936,147967,147974,7,31
147936,147968,147975,7,32
147936,147968,147975,7,32
147936,147967,147975,8,31
147936,147967,147976,9,31
147807,147807,147975,168,0
147936,147966,147976,10,30
147936,147967,147976,9,31
147805,147805,147977,172,0
147936,147975,147978,3,39
147936,147973,147978,5,37
147936,147976,147979,3,40
147936,147977,147978,1,41
147936,147975,147979,4,39
147936,147976,147978,2,40
147936,147977,147979,2,41
147936,147978,147979,1,42
147936,147975,147979,4,39
147936,147975,147979,4,39
147936,147974,147980,6,38
147936,147978,147980,2,42
147936,147979,147980,1,43
147936,147979,147980,1,43
147936,147979,147980,1,43
147937,147980,147981,1,43
147936,147979,147980,1,43
147936,147979,147980,1,43
147937,147980,147981,1,43
147936,147980,147981,1,44
147937,147981,147982,1,44
147937,147981,147982,1,44
147798,147798,147982,184,0
147937,147981,147982,1,44
147937,147981,147982,1,44
147937,147981,147983,2,44
147937,147981,147983,2,44
147936,147973,147983,10,37
147937,147982,147983,1,45
147937,147982,147983,1,45
147937,147982,147983,1,45
147937,147983,147984,1,46
147937,147983,147984,1,46
147937,147981,147984,3,44
147937,147981,147984,3,44
147937,147983,147984,1,46
147937,147983,147984,1,46
147937,147984,147985,1,47
147937,147984,147985,1,47
147937,147983,147984,1,46
147937,147983,147985,2,46
147937,147984,147985,1,47
147937,147984,147985,1,47
147937,147984,147985,1,47
147937,147984,147985,1,47
147937,147984,147985,1,47
147937,147985,147986,1,48
147937,147985,147986,1,48
147939,147985,147986,1,46
147937,147984,147985,1,47
147937,147985,147986,1,48
147939,147985,147986,1,46
147939,147985,147987,2,46
147939,147985,147988,3,46
147939,147987,147992,5,48
147939,147986,147992,6,47
147939,147987,147992,5,48
147939,147987,147993,6,48
147939,147988,147993,5,49
147939,147986,147994,8,47
147939,147985,147994,9,46
147939,147993,147995,2,54
147939,147993,147995,2,54
147939,147986,147995,9,47
147939,147992,147996,4,53
147939,147986,147996,10,47
147939,147993,147996,3,54
147939,147994,147996,2,55
147939,147992,147996,4,53
147939,147994,147996,2,55
147939,147986,147996,10,47
147939,147986,147996,10,47
147939,147995,147997,2,56
147939,147996,147997,1,57
147939,147996,147997,1,57
147939,147996,147997,1,57
147939,147996,147997,1,57
147951,147997,147998,1,46
147939,147997,147998,1,58
147939,147997,147998,1,58
147939,147997,147998,1,58
147951,147998,147999,1,47
147951,147998,147999,1,47
147951,147999,148000,1,48
147951,147999,148001,2,48
147951,147999,148001,2,48
147951,147999,148001,2,48
147951,147998,148001,3,47
147951,147998,148002,4,47
147951,147999,148001,2,48
147951,148000,148002,2,49
147951,147998,148003,5,47
147951,148002,148004,2,51
147951,148002,148003,1,51
147951,148002,148003,1,51
147951,148002,148003,1,51
147951,148002,148003,1,51
147951,148001,148003,2,50
147951,148002,148003,1,51
147951,147998,148004,6,47
147951,148004,148005,1,53
147951,148003,148004,1,52
147951,148004,148005,1,53
147951,148004,148005,1,53
147951,148003,148004,1,52
147951,148004,148005,1,53
147951,148004,148005,1,53
147951,148004,148005,1,53
147951,148004,148005,1,53
147951,148004,148005,1,53
147963,148005,148006,1,42
147963,148005,148006,1,42
147963,148005,148006,1,42
147963,148005,148006,1,42
147963,148005,148008,3,42
147963,148006,148008,2,43
147963,148006,148007,1,43
147963,148006,148008,2,43
147963,148007,148009,2,44
147963,148006,148009,3,43
147963,148008,148010,2,45
147963,148008,148010,2,45
147963,148008,148010,2,45
147963,148006,148010,4,43
147963,148006,148010,4,43
147963,148006,148011,5,43
147963,148009,148011,2,46
147963,148008,148011,3,45
147963,148010,148011,1,47
147963,148010,148011,1,47
147963,148010,148011,1,47
147963,148010,148012,2,47
147963,148011,148012,1,48
147963,148011,148012,1,48
147963,148011,148012,1,48
147963,148011,148013,2,48
147963,148012,148013,1,49
147963,148012,148013,1,49
147963,148012,148013,1,49
147963,148012,148013,1,49
147965,148013,148014,1,48
147963,148012,148013,1,49
147965,148013,148014,1,48
147965,148014,148016,2,49
147965,148014,148019,5,49
147965,148015,148019,4,50
147965,148014,148020,6,49
147965,148014,148020,6,49
147965,148015,148020,5,50
147965,148017,148022,5,52
147965,148020,148023,3,55
147965,148014,148023,9,49
147965,148014,148023,9,49
147965,148021,148024,3,56
147965,148021,148024,3,56
147965,148020,148025,5,55
147965,148024,148026,2,59
147965,148024,148025,1,59
147965,148022,148025,3,57
147965,148019,148026,7,54
147965,148023,148026,3,58
147965,148024,148026,2,59
147965,148024,148026,2,59
147965,148025,148026,1,60
147965,148026,148027,1,61
147965,148026,148027,1,61
147965,148027,148028,1,62
147965,148026,148027,1,61
147965,148026,148027,1,61
147965,148027,148028,1,62
147965,148027,148028,1,62
147966,148028,148029,1,62
147966,148028,148029,1,62
147966,148028,148029,1,62
147966,148028,148030,2,62
147966,148029,148032,3,63
147966,148029,148032,3,63
147966,148029,148031,2,63
147966,148028,148032,4,62
147966,148029,148033,4,63
147966,148030,148034,4,64
147966,148032,148034,2,66
147966,148032,148034,2,66
147966,148032,148034,2,66
147966,148030,148035,5,64
147966,148034,148035,1,68
147966,148034,148036,2,68
147966,148034,148036,2,68
147966,148034,148036,2,68
147966,148035,148036,1,69
147966,148032,148036,4,66
147966,148035,148037,2,69
147966,148036,148037,1,70
147966,148036,148037,1,70
147966,148036,148038,2,70
147966,148036,148038,2,70
147966,148037,148038,1,71
147966,148037,148038,1,71
147966,148037,148039,2,71
147966,148038,148039,1,72
147966,148038,148039,1,72
147974,148039,148040,1,65
147966,148038,148039,1,72
147974,148039,148040,1,65
147974,148039,148040,1,65
147974,148040,148041,1,66
147974,148040,148042,2,66
147974,148041,148044,3,67
147974,148042,148044,2,68
147974,148040,148044,4,66
147974,148040,148044,4,66
147974,148040,148045,5,66
147974,148043,148045,2,69
147974,148045,148046,1,71
147974,148046,148047,1,72
147974,148045,148046,1,71
147974,148045,148046,1,71
147974,148045,148047,2,71
147974,148047,148048,1,73
147974,148045,148047,2,71
147974,148048,148049,1,74
147974,148047,148048,1,73
147974,148047,148048,1,73
147974,148047,148048,1,73
147974,148048,148049,1,74
147974,148049,148050,1,75
147974,148049,148050,1,75
147974,148049,148050,1,75
147974,148050,148051,1,76
147974,148049,148050,1,75
147974,148049,148050,1,75
147974,148051,148052,1,77
147977,148051,148052,1,74
147977,148051,148052,1,74
147977,148051,148052,1,74
147977,148051,148057,6,74
147977,148053,148061,8,76
147977,148052,148061,9,75
147977,148052,148061,9,75
147977,148053,148062,9,76
147977,148058,148066,8,81
147977,148061,148069,8,84
147977,148062,148069,7,85
147977,148062,148071,9,85
147977,148066,148072,6,89
147977,148062,148073,11,85
147977,148070,148074,4,93
147977,148071,148074,3,94
147977,148070,148075,5,93
147928,147958,148076,118,30
147977,148073,148076,3,96
147977,148074,148076,2,97
147977,148073,148076,3,96
147977,148074,148076,2,97
147977,148076,148077,1,99
147977,148076,148078,2,99
147977,148077,148078,1,100
147977,148077,148078,1,100
147977,148078,148079,1,101
147977,148078,148079,1,101
147977,148078,148079,1,101
147977,148079,148080,1,102
147977,148079,148080,1,102
147977,148079,148080,1,102
147979,148080,148081,1,101
147979,148080,148081,1,101
147979,148080,148081,1,101
147979,148080,148082,2,101
147979,148081,148086,5,102
147979,148081,148086,5,102
147979,148083,148087,4,104
147979,148081,148087,6,102
147979,148081,148088,7,102
147979,148086,148088,2,107
147979,148087,148089,2,108
147979,148087,148088,1,108
147927,147958,148090,132,31
147979,148088,148090,2,109
147979,148089,148090,1,110
147979,148089,148090,1,110
147979,148089,148091,2,110
147979,148089,148092,3,110
147979,148091,148092,1,112
147979,148091,148092,1,112
147979,148091,148093,2,112
147979,148091,148092,1,112
147979,148090,148094,4,111
147979,148092,148093,1,113
147979,148093,148094,1,114
147979,148093,148095,2,114
147979,148093,148094,1,114
147979,148093,148095,2,114
147979,148094,148095,1,115
147979,148095,148096,1,116
147979,148095,148096,1,116
147984,148095,148096,1,111
147979,148094,148097,3,115
147984,148096,148098,2,112
147984,148097,148099,2,113
147984,148097,148103,6,113
147984,148097,148105,8,113
147984,148099,148107,8,115
147984,148099,148108,9,115
147984,148097,148109,12,113
147984,148103,148111,8,119
147984,148105,148113,8,121
147984,148108,148114,6,124
147984,148108,148115,7,124
147936,147980,148116,136,44
147984,148110,148117,7,126
147984,148113,148118,5,129
147984,148114,148119,5,130
147984,148117,148120,3,133
147984,148116,148121,5,132
147984,148118,148120,2,134
147984,148111,148120,9,127
147984,148119,148121,2,135
147984,148119,148122,3,135
147984,148121,148123,2,137
147984,148121,148122,1,137
147984,148121,148123,2,137
147984,148122,148123,1,138
147984,148122,148123,1,138
147984,148123,148124,1,139
147984,148123,148124,1,139
147984,148123,148124,1,139
147984,148124,148125,1,140
147984,148123,148125,2,139
148077,148125,148126,1,48
148077,148125,148126,1,48
148077,148126,148127,1,49
148077,148125,148126,1,48
148077,148126,148127,1,49
148077,148126,148128,2,49
148077,148128,148130,2,51
148077,148126,148130,4,49
148077,148127,148129,2,50
148077,148128,148130,2,51
148077,148127,148131,4,50
148077,148130,148131,1,53
148077,148130,148132,2,53
148077,148131,148133,2,54
148077,148130,148132,2,53
148077,148132,148134,2,55
148077,148132,148133,1,55
147938,147985,148134,149,47
148077,148132,148134,2,55
148077,148133,148134,1,56
148077,148133,148134,1,56
148077,148134,148135,1,57
148077,148134,148135,1,57
148077,148135,148136,1,58
148077,148135,148136,1,58
148077,148134,148136,2,57
148077,148134,148135,1,57
148077,148135,148136,1,58
148077,148134,148137,3,57
148077,148136,148137,1,59
148077,148136,148137,1,59
148090,148136,148137,1,46
147930,147966,148137,171,36
148077,148136,148138,2,59
148090,148137,148138,1,47
147964,148013,148139,126,49
148090,148138,148139,1,48
148090,148138,148140,2,48
148090,148138,148140,2,48
148090,148138,148141,3,48
148090,148138,148141,3,48
148090,148137,148142,5,47
148090,148140,148142,2,50
148090,148140,148142,2,50
147952,148005,148143,138,53
148090,148142,148144,2,52
148090,148142,148144,2,52
147939,147997,148144,147,58
148090,148141,148144,3,51
148090,148143,148144,1,53
148090,148141,148144,3,51
148090,148143,148144,1,53
148090,148143,148145,2,53
148090,148141,148145,4,51
148090,148144,148145,1,54
148090,148144,148146,2,54
148090,148144,148145,1,54
148090,148144,148146,2,54
148090,148145,148146,1,55
148090,148145,148146,1,55
148090,148145,148146,1,55
148090,148145,148147,2,55
148090,148146,148147,1,56
148090,148146,148147,1,56
148090,148146,148147,1,56
148117,148147,148148,1,30
148117,148147,148148,1,30
148117,148148,148149,1,31
148117,148148,148153,5,31
148117,148148,148154,6,31
148117,148148,148156,8,31
148117,148150,148158,8,33
148117,148148,148157,9,31
148117,148148,148157,9,31
148117,148149,148157,8,32
148117,148149,148159,10,32
148117,148153,148160,7,36
148117,148158,148161,3,41
148117,148158,148162,4,41
148117,148156,148162,6,39
148117,148155,148162,7,38
148117,148158,148163,5,41
148117,148161,148163,2,44
148117,148160,148163,3,43
148117,148158,148163,5,41
148117,148161,148163,2,44
148117,148162,148164,2,45
148117,148163,148164,1,46
148117,148163,148164,1,46
148117,148164,148165,1,47
148117,148164,148165,1,47
148117,148164,148165,1,47
148117,148165,148166,1,48
148117,148164,148165,1,47
148117,148164,148165,1,47
148117,148164,148166,2,47
148135,148165,148166,1,30
148135,148165,148167,2,30
148135,148165,148167,2,30
147965,148027,148169,142,62
148135,148166,148171,5,31
147967,148039,148173,134,72
148135,148166,148175,9,31
148135,148166,148175,9,31
148135,148166,148176,10,31
148135,148168,148177,9,33
148135,148168,148177,9,33
148135,148168,148177,9,33
148135,148172,148177,5,37
148135,148170,148179,9,35
148135,148174,148179,5,39
148135,148178,148180,2,43
148135,148176,148181,5,41
148135,148178,148181,3,43
148135,148178,148181,3,43
148135,148178,148181,3,43
148135,148176,148181,5,41
148135,148179,148181,2,44
148135,148180,148182,2,45
148135,148181,148183,2,46
148135,148181,148183,2,46
148135,148182,148183,1,47
148135,148182,148183,1,47
148135,148182,148183,1,47
148135,148182,148183,1,47
148135,148182,148184,2,47
148139,148184,148185,1,45
148139,148184,148185,1,45
148139,148184,148185,1,45
148135,148183,148184,1,48
148135,148183,148184,1,48
148139,148184,148185,1,45
148135,148177,148185,8,42
148139,148184,148185,1,45
148139,148185,148186,1,46
148139,148185,148186,1,46
148139,148185,148187,2,46
148139,148186,148187,1,47
148139,148186,148187,1,47
148139,148185,148188,3,46
148139,148185,148188,3,46
148139,148187,148188,1,48
148139,148187,148189,2,48
148139,148187,148188,1,48
148139,148185,148188,3,46
148139,148188,148189,1,49
148139,148189,148190,1,50
148139,148189,148190,1,50
148139,148189,148190,1,50
148139,148188,148190,2,49
148139,148189,148190,1,50
148139,148188,148190,2,49
148139,148188,148190,2,49
148139,148190,148191,1,51
148139,148190,148191,1,51
148139,148190,148191,1,51
148139,148190,148191,1,51
148139,148190,148191,1,51
148139,148190,148191,1,51
148139,148190,148191,1,51
148143,148191,148192,1,48
148143,148191,148192,1,48
148143,148192,148193,1,49
148143,148191,148193,2,48
147975,148051,148194,143,76
148143,148192,148194,2,49
148143,148192,148195,3,49
148143,148192,148195,3,49
148143,148192,148195,3,49
148143,148194,148196,2,51
148143,148195,148196,1,52
148143,148192,148196,4,49
148143,148195,148196,1,52
148143,148195,148197,2,52
148143,148196,148197,1,53
148143,148194,148197,3,51
148143,148196,148198,2,53
148143,148197,148198,1,54
148143,148197,148198,1,54
148143,148197,148198,1,54
148143,148197,148198,1,54
148143,148198,148199,1,55
148143,148198,148199,1,55
148143,148199,148200,1,56
148143,148198,148199,1,55
148143,148200,148201,1,57
148143,148200,148201,1,57
148143,148200,148201,1,57
148143,148199,148200,1,56
148143,148199,148200,1,56
148143,148199,148200,1,56
148143,148199,148200,1,56
148144,148201,148202,1,57
148144,148201,148202,1,57
148144,148201,148202,1,57
148144,148201,148206,5,57
147978,148080,148205,125,102
148144,148201,148210,9,57
148144,148201,148210,9,57
148144,148202,148212,10,58
148144,148201,148211,10,57
148144,148203,148213,10,59
148144,148203,148212,9,59
148144,148206,148213,7,62
148144,148206,148214,8,62
148144,148211,148217,6,67
148144,148212,148217,5,68
148144,148214,148217,3,70
148144,148211,148217,6,67
148144,148213,148217,4,69
148144,148214,148217,3,70
148144,148212,148217,5,68
148144,148217,148219,2,73
148144,148217,148219,2,73
148144,148217,148219,2,73
148144,148217,148219,2,73
148144,148217,148219,2,73
148144,148217,148219,2,73
148144,148213,148220,7,69
148144,148218,148220,2,74
148144,148220,148221,1,76
148146,148220,148221,1,74
148146,148220,148221,1,74
148144,148219,148221,2,75
148144,148219,148221,2,75
148144,148219,148221,2,75
148146,148220,148221,1,74
148146,148221,148225,4,75
148146,148221,148226,5,75
148146,148221,148227,6,75
148146,148221,148227,6,75
148146,148222,148228,6,76
148146,148221,148231,10,75
148146,148221,148231,10,75
148146,148225,148232,7,79
148146,148229,148232,3,83
148146,148228,148232,4,82
148146,148228,148233,5,82
148146,148228,148234,6,82
148146,148232,148234,2,86
148146,148232,148234,2,86
148146,148233,148235,2,87
148146,148233,148235,2,87
148146,148233,148235,2,87
148146,148234,148235,1,88
148146,148235,148236,1,89
148146,148235,148236,1,89
148146,148235,148236,1,89
148146,148236,148237,1,90
148146,148236,148237,1,90
148146,148237,148238,1,91
148146,148236,148237,1,90
148146,148236,148237,1,90
148146,148237,148238,1,91
148172,148238,148239,1,66
148146,148237,148238,1,91
148172,148238,148239,1,66
147979,148095,148239,144,116
148172,148238,148239,1,66
148172,148238,148243,5,66
148172,148240,148248,8,68
148172,148240,148248,8,68
148172,148240,148248,8,68
148172,148239,148248,9,67
148172,148239,148249,10,67
148172,148239,148249,10,67
148172,148243,148251,8,71
148172,148249,148253,4,77
148172,148249,148252,3,77
148172,148248,148255,7,76
148172,148251,148255,4,79
148172,148248,148255,7,76
148172,148253,148255,2,81
148172,148248,148256,8,76
148172,148253,148256,3,81
148172,148249,148256,7,77
148172,148255,148257,2,83
148172,148255,148258,3,83
148172,148256,148258,2,84
148172,148256,148257,1,84
148172,148257,148258,1,85
148172,148257,148258,1,85
148172,148257,148258,1,85
148172,148258,148259,1,86
148172,148258,148259,1,86
148172,148258,148259,1,86
148172,148258,148259,1,86
148175,148259,148260,1,84
148175,148259,148260,1,84
148175,148259,148261,2,84
148175,148260,148265,5,85
148175,148260,148267,7,85
147985,148124,148268,144,139
148175,148260,148268,8,85
148175,148261,148268,7,86
148175,148261,148269,8,86
148175,148261,148270,9,86
148175,148266,148273,7,91
148175,148267,148274,7,92
148175,148270,148274,4,95
148175,148268,148275,7,93
148175,148269,148275,6,94
148175,148273,148277,4,98
148175,148268,148277,9,93
148175,148275,148277,2,100
148175,148275,148278,3,100
148175,148275,148277,2,100
148175,148268,148278,10,93
148175,148274,148279,5,99
148175,148277,148279,2,102
148175,148278,148279,1,103
148078,148136,148280,144,58
148175,148278,148280,2,103
148175,148279,148280,1,104
148175,148279,148280,1,104
148175,148278,148280,2,103
148175,148278,148280,2,103
148175,148279,148280,1,104
148175,148280,148281,1,105
148175,148280,148281,1,105
148197,148280,148281,1,83
148197,148280,148281,1,83
148197,148280,148282,2,83
148197,148280,148287,7,83
148091,148147,148288,141,56
148197,148281,148290,9,84
148197,148282,148290,8,85
148197,148282,148291,9,85
148197,148282,148292,10,85
148197,148282,148292,10,85
148197,148283,148292,9,86
148197,148287,148295,8,90
148197,148288,148296,8,91
148197,148293,148297,4,96
148197,148291,148296,5,94
148197,148291,148297,6,94
148197,148295,148297,2,98
148117,148165,148297,132,48
148197,148291,148297,6,94
148197,148294,148299,5,97
148197,148294,148299,5,97
148197,148297,148299,2,100
148197,148297,148299,2,100
148197,148298,148299,1,101
148197,148297,148299,2,100
148197,148298,148299,1,101
148197,148298,148299,1,101
148197,148298,148300,2,101
148197,148300,148301,1,103
148206,148300,148301,1,94
148197,148300,148301,1,103
148197,148300,148301,1,103
148197,148300,148301,1,103
148197,148300,148301,1,103
148206,148300,148301,1,94
148206,148301,148302,1,95
148206,148301,148303,2,95
148206,148302,148305,3,96
148206,148302,148306,4,96
148206,148302,148306,4,96
148206,148302,148307,5,96
148206,148302,148306,4,96
148206,148303,148307,4,97
148206,148305,148307,2,99
148206,148301,148306,5,95
148206,148303,148307,4,97
148206,148307,148309,2,101
148206,148306,148308,2,100
148206,148306,148309,3,100
148206,148307,148309,2,101
148206,148307,148309,2,101
148206,148307,148309,2,101
148206,148308,148309,1,102
148206,148307,148309,2,101
148206,148309,148311,2,103
148206,148309,148310,1,103
148206,148309,148310,1,103
148206,148309,148310,1,103
148206,148309,148311,2,103
148206,148310,148311,1,104
148206,148311,148312,1,105
148139,148191,148312,121,52
148206,148310,148311,1,104
148206,148311,148312,1,105
148206,148310,148311,1,104
148244,148311,148313,2,67
148244,148311,148312,1,67
148244,148312,148313,1,68
148244,148312,148320,8,68
148244,148312,148320,8,68
148244,148312,148321,9,68
148244,148314,148322,8,70
148244,148312,148322,10,68
148244,148313,148321,8,69
148244,148313,148322,9,69
148244,148312,148322,10,68
148244,148322,148326,4,78
148244,148323,148326,3,79
148135,148183,148326,143,48
148244,148322,148326,4,78
148244,148323,148327,4,79
148244,148321,148328,7,77
148244,148321,148328,7,77
148244,148321,148329,8,77
148244,148326,148329,3,82
148244,148326,148328,2,82
148244,148327,148329,2,83
148244,148328,148329,1,84
148244,148322,148330,8,78
148244,148328,148330,2,84
148244,148329,148330,1,85
148244,148329,148330,1,85
148244,148329,148331,2,85
148244,148329,148331,2,85
148244,148329,148331,2,85
148244,148330,148331,1,86
148244,148330,148331,1,86
148269,148331,148332,1,62
148269,148331,148332,1,62
148269,148331,148333,2,62
148269,148331,148337,6,62
148269,148332,148340,8,63
148269,148333,148340,7,64
148269,148333,148340,7,64
148269,148333,148340,7,64
148269,148332,148341,9,63
148269,148331,148341,10,62
148269,148332,148341,9,63
148269,148338,148343,5,69
148269,148342,148344,2,73
148269,148341,148346,5,72
148269,148342,148346,4,73
148269,148340,148345,5,71
148269,148340,148345,5,71
148269,148341,148346,5,72
148269,148340,148346,6,71
148269,148344,148347,3,75
148269,148345,148347,2,76
148269,148346,148347,1,77
148269,148346,148348,2,77
148269,148346,148348,2,77
148269,148346,148348,2,77
148269,148346,148348,2,77
148269,148346,148348,2,77
148269,148347,148348,1,78
148281,148348,148349,1,67
148269,148348,148349,1,79
148269,148348,148349,1,79
148269,148348,148349,1,79
148281,148349,148350,1,68
148281,148349,148352,3,68
148281,148349,148356,7,68
148281,148350,148356,6,69
148281,148350,148357,7,69
148281,148351,148357,6,70
148281,148350,148357,7,69
148281,148350,148357,7,69
148145,148220,148362,142,75
148281,148352,148361,9,71
148281,148358,148362,4,77
148281,148358,148361,3,77
148281,148356,148362,6,75
148281,148357,148362,5,76
148281,148358,148362,4,77
148281,148363,148364,1,82
148281,148363,148365,2,82
148281,148363,148365,2,82
148281,148362,148365,3,81
148281,148362,148365,3,81
148281,148362,148364,2,81
148281,148358,148365,7,77
148281,148362,148365,3,81
148281,148365,148366,1,84
148281,148365,148366,1,84
148281,148365,148366,1,84
148281,148365,148366,1,84
148281,148365,148366,1,84
148281,148365,148366,1,84
148281,148366,148367,1,85
148289,148367,148368,1,78
148289,148367,148368,1,78
148289,148367,148369,2,78
148289,148367,148370,3,78
148289,148368,148373,5,79
148289,148368,148374,6,79
148289,148368,148374,6,79
148289,148368,148374,6,79
148289,148369,148375,6,80
148289,148368,148375,7,79
148289,148371,148377,6,82
148289,148375,148379,4,86
148289,148374,148380,6,85
148289,148375,148379,4,86
148289,148375,148379,4,86
148289,148376,148379,3,87
148289,148378,148381,3,89
148289,148380,148382,2,91
148289,148375,148381,6,86
148289,148380,148382,2,91
148289,148380,148382,2,91
148289,148379,148382,3,90
148289,148380,148382,2,91
148289,148381,148382,1,92
148289,148382,148383,1,93
148289,148382,148383,1,93
148289,148382,148383,1,93
148289,148382,148383,1,93
148289,148383,148384,1,94
148289,148383,148384,1,94
148289,148383,148384,1,94
148298,148384,148385,1,86
148298,148384,148385,1,86
148298,148384,148385,1,86
148298,148384,148386,2,86
148298,148384,148387,3,86
148298,148385,148388,3,87
148298,148386,148389,3,88
148144,148200,148389,189,56
148298,148385,148389,4,87
148298,148385,148390,5,87
148298,148385,148389,4,87
148298,148387,148391,4,89
148298,148389,148391,2,91
148298,148389,148391,2,91
148298,148389,148392,3,91
148298,148389,148392,3,91
148298,148390,148392,2,92
148298,148390,148393,3,92
148298,148391,148393,2,93
148298,148391,148393,2,93
148298,148392,148393,1,94
148298,148392,148394,2,94
148298,148392,148394,2,94
148298,148392,148394,2,94
148298,148393,148395,2,95
148298,148394,148395,1,96
148298,148394,148395,1,96
148298,148395,148396,1,97
148298,148394,148395,1,96
148298,148394,148395,1,96
148173,148259,148395,136,86
148298,148395,148396,1,97
148312,148396,148397,1,84
148312,148396,148397,1,84
148312,148396,148397,1,84
148147,148238,148398,160,91
148312,148396,148399,3,84
148312,148396,148403,7,84
148312,148397,148403,6,85
148312,148396,148404,8,84
148312,148396,148404,8,84
148312,148398,148405,7,86
148312,148399,148404,5,87
148312,148397,148404,7,85
148312,148397,148406,9,85
148312,148405,148407,2,93
148312,148405,148408,3,93
148312,148405,148408,3,93
148312,148403,148409,6,91
148312,148404,148408,4,92
148312,148407,148409,2,95
148312,148408,148410,2,96
148312,148404,148410,6,92
148312,148409,148410,1,97
148312,148409,148410,1,97
148312,148404,148411,7,92
148312,148409,148411,2,97
148312,148409,148411,2,97
148312,148410,148411,1,98
148312,148410,148411,1,98
148312,148411,148412,1,99
148312,148411,148412,1,99
148312,148411,148412,1,99
148312,148411,148412,1,99
148328,148412,148413,1,84
148328,148412,148413,1,84
148328,148412,148413,1,84
148328,148413,148414,1,85
148328,148413,148414,1,85
148328,148413,148415,2,85
148328,148413,148415,2,85
148328,148413,148415,2,85
148328,148413,148415,2,85
148328,148415,148417,2,87
148328,148415,148416,1,87
148328,148414,148416,2,86
148328,148415,148416,1,87
148176,148280,148417,137,104
148328,148416,148417,1,88
148328,148416,148417,1,88
148328,148416,148418,2,88
148328,148417,148418,1,89
148328,148417,148418,1,89
148328,148418,148419,1,90
148328,148418,148419,1,90
148328,148417,148419,2,89
148328,148417,148419,2,89
148328,148419,148420,1,91
148328,148419,148420,1,91
148328,148418,148419,1,90
148328,148419,148420,1,91
148328,148419,148420,1,91
148328,148419,148420,1,91
148328,148419,148420,1,91
148362,148420,148421,1,58
148362,148420,148421,1,58
148362,148420,148422,2,58
148362,148420,148428,8,58
148362,148422,148428,6,60
148362,148420,148429,9,58
148362,148422,148429,7,60
148362,148420,148430,10,58
148362,148420,148429,9,58
148362,148422,148429,7,60
148362,148430,148433,3,68
148362,148428,148434,6,66
148362,148430,148434,4,68
148362,148429,148435,6,67
148362,148429,148435,6,67
148362,148430,148435,5,68
148198,148300,148436,136,102
148362,148430,148437,7,68
148362,148434,148437,3,72
148362,148434,148437,3,72
148362,148436,148438,2,74
148362,148436,148438,2,74
148362,148435,148437,2,73
148362,148437,148438,1,75
148362,148436,148438,2,74
148362,148437,148438,1,75
148362,148437,148438,1,75
148362,148438,148439,1,76
148362,148438,148439,1,76
148362,148438,148439,1,76
148362,148438,148439,1,76
148390,148439,148440,1,49
148390,148439,148440,1,49
148390,148440,148443,3,50
148390,148440,148446,6,50
148390,148440,148446,6,50
148390,148440,148447,7,50
148390,148441,148448,7,51
148390,148440,148448,8,50
148390,148440,148448,8,50
148390,148446,148451,5,56
148390,148449,148453,4,59
148390,148449,148452,3,59
148390,148444,148452,8,54
148390,148447,148453,6,57
148390,148448,148454,6,58
148390,148448,148454,6,58
148390,148452,148455,3,62
148390,148453,148455,2,63
148390,148453,148456,3,63
148390,148453,148455,2,63
148390,148453,148455,2,63
148390,148455,148456,1,65
148390,148455,148456,1,65
148390,148455,148457,2,65
148390,148455,148457,2,65
148390,148456,148458,2,66
148390,148456,148457,1,66
148390,148456,148457,1,66
148390,148457,148458,1,67
148390,148457,148458,1,67
148401,148458,148459,1,57
148401,148458,148460,2,57
148401,148458,148460,2,57
147845,147846,148461,615,1
148401,148458,148464,6,57
148401,148459,148468,9,58
148401,148460,148468,8,59
148401,148459,148469,10,58
148401,148460,148469,9,59
148401,148460,148469,9,59
148401,148464,148472,8,63
148401,148469,148474,5,68
148401,148469,148474,5,68
148401,148470,148476,6,69
148401,148472,148476,4,71
148401,148469,148477,8,68
148401,148468,148478,10,67
148401,148475,148479,4,74
148401,148474,148479,5,73
148401,148477,148480,3,76
148401,148478,148480,2,77
148401,148478,148480,2,77
148401,148479,148481,2,78
148401,148477,148481,4,76
148401,148479,148481,2,78
148401,148481,148482,1,80
148401,148481,148482,1,80
148401,148481,148482,1,80
148401,148481,148482,1,80
148401,148481,148483,2,80
148401,148482,148483,1,81
148403,148483,148484,1,80
148403,148483,148484,1,80
148401,148483,148484,1,82
148403,148483,148485,2,80
148403,148484,148488,4,81
148269,148348,148491,143,79
148207,148311,148490,179,104
148403,148485,148491,6,82
148403,148484,148491,7,81
148403,148484,148492,8,81
148403,148485,148494,9,82
148403,148491,148497,6,88
148245,148330,148497,167,85
148403,148492,148498,6,89
148403,148492,148498,6,89
148403,148489,148499,10,86
148403,148492,148498,6,89
148403,148491,148501,10,88
148403,148498,148501,3,95
148403,148497,148501,4,94
148403,148498,148501,3,95
148403,148498,148501,3,95
148403,148499,148502,3,96
148403,148499,148501,2,96
148403,148495,148502,7,92
148403,148501,148503,2,98
148403,148501,148503,2,98
148403,148501,148503,2,98
148403,148502,148503,1,99
148403,148502,148504,2,99
148403,148502,148503,1,99
148403,148502,148503,1,99
148403,148503,148504,1,100
148418,148504,148505,1,86
148418,148504,148505,1,86
148403,148503,148504,1,100
148403,148503,148504,1,100
148418,148504,148505,1,86
148418,148504,148508,4,86
148282,148366,148509,143,84
148418,148505,148512,7,87
148418,148505,148512,7,87
148418,148505,148512,7,87
148418,148506,148513,7,88
148418,148505,148513,8,87
148418,148505,148515,10,87
148418,148508,148515,7,90
148418,148513,148516,3,95
148418,148510,148516,6,92
148418,148513,148517,4,95
148418,148512,148517,5,94
148418,148514,148517,3,96
148418,148515,148518,3,97
148418,148513,148518,5,95
148418,148517,148519,2,99
148418,148517,148518,1,99
148418,148516,148519,3,98
148418,148518,148519,1,100
148418,148517,148519,2,99
148418,148518,148519,1,100
148418,148518,148520,2,100
148418,148519,148520,1,101
148418,148520,148521,1,102
148418,148519,148520,1,101
148418,148519,148520,1,101
148438,148520,148521,1,82
148418,148520,148521,1,102
148418,148520,148521,1,102
148438,148521,148522,1,83
148438,148521,148522,1,83
148438,148521,148522,1,83
148438,148521,148523,2,83
148438,148521,148524,3,83
148438,148522,148525,3,84
148438,148522,148526,4,84
148438,148522,148526,4,84
148438,148522,148527,5,84
148438,148522,148527,5,84
148438,148526,148527,1,88
148438,148524,148528,4,86
148438,148526,148528,2,88
148438,148526,148529,3,88
148438,148528,148529,1,90
148438,148528,148529,1,90
148438,148527,148529,2,89
148438,148528,148530,2,90
148438,148528,148530,2,90
148438,148524,148530,6,86
148438,148529,148531,2,91
148438,148529,148531,2,91
148438,148530,148531,1,92
148438,148530,148532,2,92
148438,148530,148531,1,92
148438,148530,148531,1,92
148438,148530,148532,2,92
148438,148532,148533,1,94
148438,148531,148533,2,93
148438,148531,148532,1,93
148492,148532,148533,1,40
148492,148532,148533,1,40
148492,148533,148535,2,41
148492,148533,148534,1,41
148492,148534,148535,1,42
148492,148533,148536,3,41
148492,148534,148536,2,42
148492,148533,148536,3,41
148492,148535,148536,1,43
148492,148535,148536,1,43
148492,148536,148537,1,44
148492,148536,148538,2,44
148492,148538,148539,1,46
148492,148537,148539,2,45
148492,148536,148539,3,44
148492,148536,148539,3,44
148492,148536,148539,3,44
148492,148538,148540,2,46
148492,148539,148540,1,47
148492,148539,148541,2,47
148492,148539,148540,1,47
148492,148540,148541,1,48
148492,148541,148542,1,49
148492,148541,148542,1,49
148492,148542,148543,1,50
148492,148541,148543,2,49
148492,148541,148542,1,49
148492,148542,148543,1,50
148492,148542,148543,1,50
148492,148542,148544,2,50
148492,148543,148548,5,51
148290,148384,148549,165,94
148328,148420,148551,131,92
148492,148543,148552,9,51
148492,148543,148553,10,51
148492,148544,148553,9,52
148492,148544,148553,9,52
148492,148545,148554,9,53
148299,148396,148555,159,97
148492,148549,148557,8,57
148492,148549,148557,8,57
148492,148555,148559,4,63
148492,148555,148559,4,63
148492,148554,148559,5,62
148492,148552,148559,7,60
148492,148553,148560,7,61
148492,148553,148560,7,61
148492,148558,148561,3,66
148492,148554,148561,7,62
148492,148559,148561,2,67
148492,148558,148561,3,66
148492,148560,148561,1,68
148492,148560,148561,1,68
148492,148560,148561,1,68
148492,148561,148562,1,69
148492,148561,148562,1,69
148492,148561,148562,1,69
148492,148561,148562,1,69
148492,148561,148562,1,69
148498,148562,148563,1,64
148313,148411,148563,152,98
148498,148563,148564,1,65
148492,148562,148563,1,70
148498,148563,148564,1,65
148498,148563,148565,2,65
148498,148564,148565,1,66
148498,148564,148565,1,66
148498,148564,148565,1,66
148498,148563,148566,3,65
148498,148564,148566,2,66
148498,148564,148566,2,66
148498,148563,148566,3,65
148498,148565,148567,2,67
148498,148566,148567,1,68
148498,148566,148567,1,68
148498,148566,148567,1,68
148498,148566,148568,2,68
148498,148568,148569,1,70
148498,148568,148569,1,70
148498,148567,148568,1,69
148498,148567,148568,1,69
148498,148567,148568,1,69
148498,148567,148569,2,69
148498,148568,148569,1,70
148498,148568,148569,1,70
148498,148569,148570,1,71
148498,148569,148570,1,71
148498,148569,148570,1,71
148498,148569,148570,1,71
148498,148569,148570,1,71
148510,148570,148571,1,60
148510,148570,148572,2,60
148510,148570,148571,1,60
148510,148570,148576,6,60
148510,148570,148579,9,60
148510,148572,148580,8,62
148510,148570,148579,9,60
148510,148572,148580,8,62
148510,148571,148580,9,61
148510,148572,148580,8,62
148510,148576,148583,7,66
148510,148581,148585,4,71
148510,148581,148585,4,71
148510,148579,148586,7,69
148510,148580,148586,6,70
148510,148586,148588,2,76
148510,148585,148588,3,75
148510,148580,148588,8,70
148510,148584,148588,4,74
148510,148586,148588,2,76
148510,148587,148589,2,77
148510,148580,148589,9,70
148510,148588,148590,2,78
148510,148588,148590,2,78
148510,148588,148590,2,78
148510,148588,148590,2,78
148510,148589,148590,1,79
148510,148589,148591,2,79
148510,148590,148591,1,80
148510,148589,148591,2,79
148550,148591,148592,1,41
148510,148590,148591,1,80
148550,148592,148593,1,42
148363,148439,148595,156,76
148550,148592,148596,4,42
148550,148592,148600,8,42
148550,148592,148600,8,42
148550,148594,148600,6,44
148550,148592,148602,10,42
148550,148595,148602,7,45
148550,148592,148602,10,42
148550,148597,148603,6,47
148550,148603,148606,3,53
148550,148603,148606,3,53
148550,148601,148606,5,51
148550,148604,148607,3,54
148550,148601,148607,6,51
148550,148602,148607,5,52
148550,148601,148609,8,51
148550,148607,148609,2,57
148550,148608,148610,2,58
148550,148607,148609,2,57
148550,148607,148609,2,57
148550,148607,148610,3,57
148550,148608,148610,2,58
148550,148609,148610,1,59
148550,148610,148611,1,60
148550,148610,148611,1,60
148550,148610,148611,1,60
148550,148610,148611,1,60
148550,148610,148611,1,60
148553,148611,148612,1,58
148550,148610,148611,1,60
148553,148612,148613,1,59
148553,148612,148613,1,59
148553,148612,148613,1,59
148553,148612,148613,1,59
148553,148612,148614,2,59
148553,148613,148614,1,60
148553,148613,148615,2,60
148553,148612,148614,2,59
148553,148613,148615,2,60
148553,148614,148615,1,61
148553,148614,148615,1,61
148553,148615,148617,2,62
148553,148615,148616,1,62
148553,148615,148617,2,62
148553,148616,148617,1,63
148553,148616,148618,2,63
148553,148616,148617,1,63
148553,148617,148618,1,64
148553,148617,148618,1,64
148553,148617,148618,1,64
148553,148618,148619,1,65
148553,148617,148618,1,64
148553,148618,148619,1,65
148553,148619,148620,1,66
148553,148619,148620,1,66
148553,148619,148620,1,66
148390,148457,148620,163,67
148553,148619,148620,1,66
148553,148619,148620,1,66
148553,148620,148621,1,67
148555,148620,148621,1,65
148553,148619,148621,2,66
148555,148620,148621,1,65
148555,148620,148621,1,65
148555,148621,148622,1,66
148555,148621,148622,1,66
148555,148621,148622,1,66
148555,148620,148621,1,65
148555,148621,148622,1,66
148555,148622,148623,1,67
148555,148622,148623,1,67
148555,148622,148623,1,67
148555,148621,148623,2,66
148402,148483,148624,141,81
148555,148622,148624,2,67
148555,148623,148625,2,68
148555,148623,148625,2,68
148555,148625,148626,1,70
148555,148623,148626,3,68
148555,148626,148627,1,71
148555,148626,148627,1,71
148555,148625,148626,1,70
148555,148626,148627,1,71
148555,148626,148627,1,71
148555,148627,148628,1,72
148555,148627,148628,1,72
148564,148627,148628,1,63
148555,148626,148627,1,71
148555,148625,148628,3,70
148564,148628,148629,1,64
148564,148628,148629,1,64
148555,148627,148628,1,72
148564,148628,148629,1,64
148564,148628,148630,2,64
148564,148629,148630,1,65
148564,148629,148631,2,65
148564,148629,148632,3,65
148564,148630,148631,1,66
148564,148629,148632,3,65
148564,148629,148633,4,65
148564,148631,148632,1,67
148564,148632,148633,1,68
148564,148632,148633,1,68
148564,148633,148634,1,69
148564,148633,148634,1,69
148564,148633,148634,1,69
148564,148634,148635,1,70
148564,148634,148635,1,70
148564,148634,148635,1,70
148564,148635,148636,1,71
148564,148635,148636,1,71
148564,148635,148636,1,71
148564,148636,148637,1,72
148564,148635,148636,1,71
148564,148636,148637,1,72
148564,148636,148637,1,72
148564,148636,148637,1,72
148597,148637,148638,1,40
148564,148637,148638,1,73
148597,148637,148638,1,40
148597,148638,148639,1,41
148597,148638,148642,4,41
148597,148638,148644,6,41
148597,148639,148646,7,42
148597,148639,148649,10,42
148403,148504,148650,146,101
148597,148640,148650,10,43
148597,148642,148652,10,45
148597,148644,148653,9,47
148597,148647,148654,7,50
148597,148649,148657,8,52
148597,148651,148657,6,54
148597,148651,148658,7,54
148597,148655,148659,4,58
148597,148652,148660,8,55
148597,148654,148660,6,57
148597,148660,148662,2,63
148597,148658,148661,3,61
148597,148660,148662,2,63
148597,148658,148662,4,61
148597,148661,148662,1,64
148597,148659,148662,3,62
148438,148532,148663,131,94
148597,148662,148663,1,65
148597,148662,148663,1,65
148597,148663,148664,1,66
148597,148662,148664,2,65
148597,148663,148664,1,66
148597,148663,148664,1,66
148597,148664,148665,1,67
148597,148664,148665,1,67
148621,148664,148665,1,43
148621,148664,148665,1,43
148621,148665,148666,1,44
148621,148665,148670,5,44
148621,148666,148670,4,45
148621,148667,148671,4,46
148621,148665,148671,6,44
148419,148520,148673,153,101
148621,148665,148673,8,44
148621,148671,148674,3,50
148621,148665,148675,10,44
148621,148670,148674,4,49
148621,148671,148676,5,50
148621,148675,148677,2,54
148621,148675,148677,2,54
148621,148671,148677,6,50
148621,148675,148678,3,54
148621,148677,148678,1,56
148621,148673,148679,6,52
148621,148676,148679,3,55
148621,148677,148679,2,56
148621,148677,148679,2,56
148621,148678,148680,2,57
148621,148679,148680,1,58
148621,148674,148680,6,53
148621,148679,148680,1,58
148621,148679,148680,1,58
148621,148679,148681,2,58
148621,148681,148682,1,60
148621,148680,148681,1,59
148621,148680,148681,1,59
148627,148681,148682,1,54
148621,148681,148682,1,60
148627,148682,148683,1,55
148627,148682,148684,2,55
148627,148683,148684,1,56
148627,148682,148685,3,55
148627,148682,148685,3,55
148627,148683,148685,2,56
148627,148683,148686,3,56
148627,148685,148688,3,58
148627,148686,148689,3,59
148627,148685,148689,4,58
148627,148686,148689,3,59
148627,148686,148689,3,59
148627,148689,148690,1,62
148627,148686,148689,3,59
148627,148689,148691,2,62
148627,148690,148691,1,63
148627,148690,148691,1,63
148627,148690,148691,1,63
148627,148690,148691,1,63
148627,148690,148691,1,63
148627,148692,148693,1,65
148627,148692,148693,1,65
148627,148692,148693,1,65
148627,148692,148693,1,65
148627,148692,148693,1,65
148627,148692,148693,1,65
148627,148693,148694,1,66
148627,148693,148694,1,66
148627,148693,148694,1,66
148651,148693,148694,1,42
148651,148694,148695,1,43
148651,148694,148695,1,43
148651,148694,148695,1,43
148651,148694,148696,2,43
148651,148694,148695,1,43
148651,148695,148696,1,44
148651,148696,148697,1,45
148651,148696,148697,1,45
148651,148697,148698,1,46
148651,148696,148697,1,45
148651,148696,148698,2,45
148651,148697,148698,1,46
148651,148697,148699,2,46
148651,148698,148699,1,47
148651,148698,148699,1,47
148651,148699,148700,1,48
148651,148699,148700,1,48
148651,148700,148701,1,49
148651,148700,148701,1,49
148651,148700,148701,1,49
148651,148699,148701,2,48
148492,148562,148701,139,70
148651,148700,148701,1,49
148651,148701,148702,1,50
148651,148702,148703,1,51
148651,148701,148702,1,50
148651,148701,148703,2,50
148651,148703,148704,1,52
148651,148702,148703,1,51
148651,148703,148704,1,52
148664,148703,148704,1,39
148651,148702,148705,3,51
148664,148704,148705,1,40
148664,148704,148706,2,40
148494,148562,148707,145,68
148664,148705,148708,3,41
148499,148570,148710,140,71
148664,148706,148715,9,42
148664,148705,148715,10,41
148664,148706,148715,9,42
148664,148707,148717,10,43
148664,148706,148718,12,42
148664,148708,148718,10,44
148664,148711,148720,9,47
148664,148718,148722,4,54
148664,148716,148723,7,52
148664,148716,148723,7,52
148664,148718,148723,5,54
148664,148721,148724,3,57
148511,148591,148725,134,80
148664,148715,148725,10,51
148664,148724,148725,1,60
148664,148723,148725,2,59
148664,148724,148725,1,60
148664,148723,148726,3,59
148664,148724,148726,2,60
148664,148718,148726,8,54
148664,148725,148726,1,61
148664,148726,148727,1,62
148664,148726,148727,1,62
148664,148726,148727,1,62
148664,148726,148727,1,62
148664,148727,148728,1,63
148664,148727,148728,1,63
148664,148727,148728,1,63
148673,148728,148729,1,55
148673,148728,148729,1,55
148673,148728,148729,1,55
148673,148728,148731,3,55
148673,148728,148734,6,55
148673,148728,148736,8,55
148673,148729,148738,9,56
148673,148729,148738,9,56
148673,148730,148739,9,57
148673,148730,148740,10,57
148673,148732,148740,8,59
148673,148734,148742,8,61
148673,148739,148744,5,66
148673,148741,148744,3,68
148673,148741,148746,5,68
148673,148737,148745,8,64
148673,148743,148745,2,70
148673,148739,148747,8,66
148673,148744,148747,3,71
148673,148745,148747,2,72
148673,148746,148748,2,73
148673,148739,148748,9,66
148673,148746,148748,2,73
148673,148746,148748,2,73
148673,148747,148748,1,74
148673,148748,148749,1,75
148673,148747,148748,1,74
148673,148747,148748,1,74
148673,148748,148749,1,75
148673,148748,148749,1,75
148702,148749,148750,1,47
148673,148748,148749,1,75
148702,148750,148751,1,48
148551,148611,148752,141,60
148556,148627,148755,128,71
148702,148750,148757,7,48
148702,148752,148759,7,50
148702,148752,148759,7,50
148702,148750,148760,10,48
148702,148750,148760,10,48
148702,148751,148760,9,49
148702,148755,148761,6,53
148702,148750,148761,11,48
148702,148761,148764,3,59
148702,148760,148765,5,58
148702,148761,148765,4,59
148702,148761,148765,4,59
148553,148620,148766,146,67
148702,148759,148766,7,57
148702,148758,148766,8,56
148702,148765,148767,2,63
148702,148764,148767,3,62
148702,148759,148768,9,57
148702,148766,148767,1,64
148702,148760,148768,8,58
148702,148766,148768,2,64
148702,148765,148767,2,63
148702,148767,148768,1,65
148702,148768,148769,1,66
148702,148767,148769,2,65
148702,148766,148769,3,64
148702,148768,148769,1,66
148702,148768,148769,1,66
148702,148768,148769,1,66
148710,148768,148769,1,58
148710,148769,148770,1,59
148710,148769,148771,2,59
148710,148769,148775,6,59
148710,148770,148778,8,60
148710,148770,148779,9,60
148710,148771,148778,7,61
148710,148770,148779,9,60
148710,148770,148779,9,60
148710,148770,148779,9,60
148710,148771,148779,8,61
148710,148776,148782,6,66
148710,148780,148783,3,70
148710,148780,148784,4,70
148710,148780,148784,4,70
148710,148779,148785,6,69
148710,148783,148785,2,73
148710,148779,148786,7,69
148710,148780,148786,6,70
148710,148784,148787,3,74
148710,148785,148787,2,75
148710,148786,148787,1,76
148710,148786,148787,1,76
148710,148785,148787,2,75
148710,148779,148788,9,69
148710,148786,148788,2,76
148710,148787,148788,1,77
148710,148787,148788,1,77
148710,148788,148789,1,78
148710,148788,148789,1,78
148710,148788,148789,1,78
148565,148637,148790,153,72
148711,148788,148789,1,77
148711,148788,148789,1,77
148711,148789,148790,1,78
148711,148789,148794,5,78
148711,148790,148798,8,79
148711,148790,148799,9,79
148711,148790,148799,9,79
148711,148791,148799,8,80
148711,148791,148800,9,80
148598,148664,148800,136,66
148711,148791,148800,9,80
148711,148791,148801,10,80
148711,148795,148802,7,84
148711,148799,148804,5,88
148711,148800,148804,4,89
148711,148800,148804,4,89
148711,148801,148804,3,90
148711,148803,148805,2,92
148711,148798,148805,7,87
148711,148801,148805,4,90
148711,148804,148806,2,93
148711,148799,148807,8,88
148711,148805,148807,2,94
148711,148805,148806,1,94
148711,148805,148806,1,94
148711,148805,148806,1,94
148711,148802,148806,4,91
148711,148805,148806,1,94
148711,148806,148807,1,95
148711,148807,148808,1,96
148726,148807,148808,1,81
148726,148807,148808,1,81
148711,148806,148807,1,95
148711,148807,148808,1,96
148726,148807,148809,2,81
148726,148807,148810,3,81
148726,148808,148813,5,82
148726,148808,148814,6,82
148726,148808,148814,6,82
148726,148808,148815,7,82
148726,148809,148815,6,83
148627,148693,148816,123,66
148726,148810,148816,6,84
148726,148810,148817,7,84
148726,148808,148818,10,82
148726,148814,148818,4,88
148726,148815,148819,4,89
148726,148816,148819,3,90
148726,148816,148819,3,90
148726,148813,148819,6,87
148726,148816,148820,4,90
148726,148818,148820,2,92
148726,148818,148820,2,92
148726,148817,148820,3,91
148726,148814,148821,7,88
148726,148819,148821,2,93
148726,148820,148821,1,94
148726,148820,148821,1,94
148726,148820,148821,1,94
148726,148820,148821,1,94
148726,148820,148822,2,94
148726,148821,148823,2,95
148726,148821,148822,1,95
148756,148822,148823,1,66
148756,148822,148823,1,66
148726,148821,148823,2,95
148756,148822,148823,1,66
148756,148822,148824,2,66
148756,148823,148827,4,67
148756,148823,148829,6,67
148756,148823,148829,6,67
148756,148824,148830,6,68
148756,148823,148830,7,67
148756,148823,148831,8,67
148756,148823,148831,8,67
148756,148828,148833,5,72
148756,148831,148833,2,75
148756,148823,148834,11,67
148756,148829,148834,5,73
148756,148830,148834,4,74
148756,148831,148834,3,75
148756,148830,148834,4,74
148756,148832,148835,3,76
148756,148834,148836,2,78
148756,148834,148836,2,78
148756,148835,148836,1,79
148756,148835,148836,1,79
148756,148834,148836,2,78
148756,148835,148836,1,79
148756,148835,148837,2,79
148756,148835,148836,1,79
148756,148837,148838,1,81
148756,148836,148837,1,80
148756,148837,148838,1,81
148756,148837,148838,1,81
148756,148837,148838,1,81
148756,148837,148838,1,81
148756,148837,148838,1,81
148756,148837,148839,2,81
148756,148839,148842,3,83
148756,148839,148842,3,83
148756,148839,148843,4,83
148756,148838,148842,4,82
148756,148839,148843,4,83
148756,148838,148843,5,82
148756,148838,148843,5,82
148756,148843,148845,2,87
148756,148839,148846,7,83
148756,148844,148846,2,88
148756,148843,148845,2,87
148756,148844,148846,2,88
148756,148842,148847,5,86
148756,148845,148847,2,89
148756,148843,148847,4,87
148756,148844,148847,3,88
148756,148846,148847,1,90
148756,148846,148848,2,90
148756,148847,148848,1,91
148756,148847,148848,1,91
148756,148847,148849,2,91
148756,148849,148850,1,93
148756,148848,148849,1,92
148756,148848,148849,1,92
148756,148848,148849,1,92
148756,148848,148849,1,92
148766,148850,148851,1,84
148622,148681,148852,171,59
148766,148850,148851,1,84
148766,148850,148853,3,84
148766,148851,148854,3,85
148766,148851,148856,5,85
148766,148852,148856,4,86
148766,148850,148856,6,84
148766,148852,148857,5,86
148766,148854,148858,4,88
148766,148850,148857,7,84
148766,148855,148860,5,89
148766,148858,148859,1,92
148766,148858,148860,2,92
148766,148857,148861,4,91
148766,148860,148861,1,94
148766,148858,148861,3,92
148766,148860,148862,2,94
148766,148860,148862,2,94
148766,148857,148863,6,91
148766,148857,148862,5,91
148766,148861,148863,2,95
148766,148862,148863,1,96
148766,148862,148863,1,96
148766,148862,148863,1,96
148766,148862,148863,1,96
148766,148863,148864,1,97
148766,148864,148865,1,98
148766,148863,148864,1,97
148766,148863,148864,1,97
148795,148864,148865,1,69
148766,148864,148865,1,98
148795,148865,148866,1,70
148795,148865,148866,1,70
148795,148865,148868,3,70
148795,148865,148869,4,70
148795,148865,148870,5,70
148652,148703,148872,169,51
148795,148867,148874,7,72
148795,148867,148873,6,72
148795,148868,148875,7,73
148795,148866,148875,9,71
148795,148870,148876,6,75
148795,148870,148878,8,75
148795,148874,148879,5,79
148795,148876,148879,3,81
148795,148874,148880,6,79
148795,148876,148880,4,81
148795,148876,148880,4,81
148795,148879,148881,2,84
148795,148879,148881,2,84
148795,148880,148882,2,85
148795,148881,148882,1,86
148795,148872,148882,10,77
148795,148881,148882,1,86
148674,148749,148883,134,75
148795,148880,148882,2,85
148795,148882,148883,1,87
148795,148882,148884,2,87
148795,148882,148884,2,87
148795,148883,148884,1,88
148801,148884,148885,1,83
148795,148883,148884,1,88
148795,148883,148884,1,88
148795,148883,148884,1,88
148801,148884,148886,2,83
148801,148884,148885,1,83
148801,148885,148887,2,84
148801,148885,148890,5,84
148801,148885,148890,5,84
148801,148885,148890,5,84
148801,148886,148892,6,85
148801,148888,148894,6,87
148801,148885,148894,9,84
148665,148727,148894,167,62
148801,148890,148896,6,89
148801,148886,148896,10,85
148801,148891,148896,5,90
148801,148891,148897,6,90
148801,148894,148898,4,93
148801,148893,148898,5,92
148801,148895,148898,3,94
148801,148896,148899,3,95
148801,148897,148899,2,96
148801,148897,148899,2,96
148801,148894,148899,5,93
148801,148897,148899,2,96
148801,148898,148900,2,97
148801,148899,148900,1,98
148801,148899,148900,1,98
148801,148899,148900,1,98
148801,148899,148900,1,98
148801,148899,148900,1,98
148801,148900,148901,1,99
148801,148900,148901,1,99
148817,148901,148902,1,84
148817,148901,148902,1,84
148801,148900,148901,1,99
148817,148901,148902,1,84
148817,148901,148904,3,84
148817,148902,148908,6,85
148817,148902,148908,6,85
148817,148902,148908,6,85
148817,148904,148910,6,87
148817,148902,148912,10,85
148817,148902,148912,10,85
148817,148903,148913,10,86
148817,148908,148914,6,91
148817,148909,148914,5,92
148817,148909,148915,6,92
148817,148913,148916,3,96
148817,148912,148916,4,95
148817,148914,148917,3,97
148817,148912,148917,5,95
148817,148915,148918,3,98
148817,148915,148918,3,98
148817,148916,148918,2,99
148817,148910,148918,8,93
148817,148916,148918,2,99
148817,148917,148919,2,100
148817,148917,148919,2,100
148817,148919,148920,1,102
148817,148918,148919,1,101
148817,148919,148920,1,102
148817,148919,148920,1,102
148817,148919,148920,1,102
148855,148920,148921,1,65
148855,148920,148921,1,65
148855,148920,148921,1,65
148817,148919,148921,2,102
148855,148921,148922,1,66
148855,148921,148923,2,66
148855,148921,148924,3,66
148855,148921,148923,2,66
148855,148921,148924,3,66
148855,148925,148926,1,70
148855,148924,148926,2,69
148855,148921,148926,5,66
148855,148923,148926,3,68
148855,148924,148927,3,69
148855,148924,148927,3,69
148703,148768,148927,159,65
148855,148926,148927,1,71
148855,148926,148928,2,71
148855,148927,148928,1,72
148855,148926,148928,2,71
148855,148927,148928,1,72
148855,148927,148928,1,72
148855,148928,148929,1,73
148855,148929,148930,1,74
148855,148929,148930,1,74
148855,148929,148930,1,74
148855,148930,148931,1,75
148855,148929,148930,1,74
148855,148929,148930,1,74
148873,148930,148931,1,57
148855,148930,148931,1,75
148873,148930,148931,1,57
148873,148931,148932,1,58
148873,148931,148935,4,58
148873,148932,148937,5,59
148873,148933,148939,6,60
148873,148931,148939,8,58
148873,148931,148941,10,58
148873,148932,148941,9,59
148712,148807,148944,137,95
148710,148788,148944,156,78
148873,148936,148945,9,63
148873,148941,148946,5,68
148873,148942,148946,4,69
148873,148937,148947,10,64
148873,148946,148949,3,73
148873,148940,148948,8,67
148873,148946,148949,3,73
148873,148947,148949,2,74
148873,148945,148949,4,72
148873,148947,148949,2,74
148873,148944,148950,6,71
148873,148949,148951,2,76
148873,148940,148951,11,67
148873,148949,148951,2,76
148873,148950,148951,1,77
148873,148950,148951,1,77
148873,148951,148952,1,78
148873,148950,148951,1,77
148873,148950,148951,1,77
148873,148951,148952,1,78
148873,148951,148953,2,78
148873,148951,148952,1,78
148884,148952,148953,1,68
148884,148952,148953,1,68
148884,148952,148953,1,68
148884,148952,148956,4,68
148726,148822,148958,136,96
148884,148953,148960,7,69
148884,148953,148961,8,69
148884,148953,148961,8,69
148884,148954,148962,8,70
148884,148954,148962,8,70
148884,148954,148965,11,70
148884,148959,148965,6,75
148884,148960,148966,6,76
148884,148957,148967,10,73
148884,148961,148967,6,77
148884,148963,148967,4,79
148884,148961,148967,6,77
148884,148963,148969,6,79
148884,148966,148969,3,82
148884,148966,148970,4,82
148884,148968,148970,2,84
148884,148968,148970,2,84
148884,148965,148970,5,81
148884,148967,148970,3,83
148884,148967,148970,3,83
148884,148969,148970,1,85
148884,148970,148971,1,86
148884,148970,148971,1,86
148884,148970,148971,1,86
148884,148970,148972,2,86
148884,148971,148972,1,87
148896,148971,148972,1,75
148896,148972,148973,1,76
148896,148972,148973,1,76
148896,148972,148976,4,76
148896,148972,148979,7,76
148757,148849,148980,131,92
148896,148972,148980,8,76
148896,148973,148981,8,77
148896,148973,148981,8,77
148896,148974,148982,8,78
148896,148974,148984,10,78
148896,148979,148986,7,83
148896,148976,148986,10,80
148896,148982,148986,4,86
148896,148981,148987,6,85
148896,148983,148987,4,87
148896,148984,148989,5,88
148896,148986,148989,3,90
148896,148980,148989,9,84
148896,148987,148990,3,91
148896,148988,148990,2,92
148896,148987,148989,2,91
148896,148988,148990,2,92
148896,148980,148990,10,84
148896,148989,148990,1,93
148896,148989,148991,2,93
148896,148990,148991,1,94
148896,148990,148991,1,94
148896,148990,148991,1,94
148896,148990,148991,1,94
148896,148990,148991,1,94
148929,148992,148993,1,63
148929,148992,148993,1,63
148929,148992,148995,3,63
148767,148864,148997,133,97
148929,148992,148998,6,63
148929,148992,148998,6,63
148929,148994,149000,6,65
148929,148994,149000,6,65
148929,148992,149000,8,63
148929,148995,149002,7,66
148929,148993,149002,9,64
148929,149000,149005,5,71
148929,149001,149004,3,72
148929,148999,149005,6,70
148929,149003,149005,2,74
148929,149001,149005,4,72
148929,148999,149006,7,70
148929,149002,149005,3,73
148929,149005,149007,2,76
148929,149005,149007,2,76
148929,149006,149007,1,77
148929,148998,149007,9,69
148929,149005,149007,2,76
148929,149006,149007,1,77
148929,149006,149008,2,77
148929,149006,149008,2,77
148758,148850,149009,159,92
148929,149008,149009,1,79
148929,149007,149009,2,78
148945,149008,149009,1,63
148929,149007,149008,1,78
148945,149008,149009,1,63
148929,149008,149009,1,79
148929,149008,149009,1,79
148945,149009,149010,1,64
148945,149009,149012,3,64
148945,149009,149016,7,64
148945,149009,149016,7,64
148945,149010,149017,7,65
148945,149010,149016,6,65
148945,149011,149017,6,66
148945,149009,149018,9,64
148945,149009,149019,10,64
148945,149013,149020,7,68
148945,149018,149021,3,73
148945,149017,149022,5,72
148945,149017,149021,4,72
148945,149017,149022,5,72
148945,149019,149022,3,74
148945,149020,149022,2,75
148945,149020,149022,2,75
148945,149022,149024,2,77
148945,149023,149024,1,78
148945,149023,149024,1,78
148945,149023,149024,1,78
148945,149022,149024,2,77
148945,149023,149024,1,78
148945,149022,149024,2,77
148945,149017,149025,8,72
148945,149025,149026,1,80
148947,149025,149026,1,78
148945,149024,149026,2,79
148947,149025,149026,1,78
148945,149025,149026,1,80
148945,149025,149026,1,80
148795,148883,149026,143,88
148947,149026,149027,1,79
148947,149026,149029,3,79
148947,149026,149033,7,79
148947,149026,149033,7,79
148947,149027,149033,6,80
148947,149027,149034,7,80
148947,149027,149034,7,80
148947,149028,149034,6,81
148947,149030,149034,4,83
148947,149027,149034,7,80
148947,149034,149037,3,87
148947,149033,149037,4,86
148947,149034,149037,3,87
148947,149034,149037,3,87
148947,149034,149037,3,87
148947,149036,149038,2,89
148947,149037,149039,2,90
148947,149034,149038,4,87
148947,149037,149039,2,90
148947,149038,149039,1,91
148947,149036,149039,3,89
148947,149038,149039,1,91
148947,149038,149039,1,91
148947,149039,149040,1,92
148947,149039,149040,1,92
148947,149039,149040,1,92
148960,149040,149041,1,80
148960,149040,149041,1,80
148947,149040,149041,1,93
148947,149041,149042,1,94
148947,149041,149042,1,94
148960,149041,149042,1,81
148802,148901,149045,144,99
148960,149041,149045,4,81
148960,149041,149047,6,81
148960,149041,149048,7,81
148960,149042,149050,8,82
148960,149043,149051,8,83
148960,149043,149051,8,83
148960,149043,149050,7,83
148960,149050,149052,2,90
148960,149045,149052,7,85
148960,149045,149053,8,85
148960,149048,149052,4,88
148960,149049,149052,3,89
148960,149051,149054,3,91
148960,149051,149054,3,91
148960,149051,149054,3,91
148960,149052,149055,3,92
148960,149053,149055,2,93
148960,149053,149055,2,93
148960,149053,149055,2,93
148960,149054,149056,2,94
148960,149054,149055,1,94
148960,149053,149055,2,93
148960,149054,149055,1,94
148981,149056,149057,1,75
148960,149055,149056,1,95
148960,149055,149056,1,95
148960,149055,149056,1,95
148960,149055,149056,1,95
148981,149056,149057,1,75
148960,149056,149057,1,96
148981,149057,149058,1,76
148981,149057,149061,4,76
148981,149057,149061,4,76
148818,148920,149062,142,102
148981,149058,149062,4,77
148981,149057,149062,5,76
148981,149062,149064,2,81
148981,149062,149065,3,81
148981,149057,149065,8,76
148470,148471,149065,594,1
148981,149057,149066,9,76
148981,149061,149066,5,80
148981,149062,149066,4,81
148981,149065,149066,1,84
148981,149059,149067,8,78
148981,149061,149068,7,80
148981,149067,149068,1,86
148981,149067,149068,1,86
148981,149066,149068,2,85
148981,149067,149068,1,86
148981,149066,149068,2,85
148981,149067,149068,1,86
148981,149068,149069,1,87
148981,149069,149070,1,88
148981,149069,149070,1,88
148981,149068,149070,2,87
148981,149069,149070,1,88
148981,149069,149070,1,88
148981,149069,149070,1,88
148981,149070,149071,1,89
148998,149070,149071,1,72
148981,149069,149070,1,88
148998,149070,149071,1,72
148998,149071,149072,1,73
148998,149071,149075,4,73
148998,149071,149076,5,73
148998,149073,149078,5,75
148998,149073,149078,5,75
148998,149071,149080,9,73
148998,149071,149080,9,73
148998,149071,149080,9,73
148998,149076,149083,7,78
148998,149079,149084,5,81
148998,149081,149085,4,83
148998,149079,149084,5,81
148998,149081,149085,4,83
148873,148952,149086,134,79
148998,149084,149087,3,86
148998,149077,149086,9,79
148998,149081,149087,6,83
148998,149086,149088,2,88
148998,149085,149088,3,87
148998,149086,149088,2,88
148998,149085,149087,2,87
148998,149085,149087,2,87
148998,149087,149089,2,89
148998,149087,149089,2,89
148998,149087,149088,1,89
148998,149088,149089,1,90
148998,149088,149089,1,90
148998,149088,149089,1,90
148998,149088,149089,1,90
148998,149088,149089,1,90
149010,149089,149090,1,79
149010,149089,149090,1,79
149010,149089,149090,1,79
149010,149090,149093,3,80
149010,149090,149096,6,80
149010,149090,149097,7,80
149010,149091,149097,6,81
149010,149090,149097,7,80
149010,149090,149097,7,80
148884,148971,149100,129,87
149010,149091,149101,10,81
149010,149097,149101,4,87
149010,149097,149102,5,87
148856,148930,149103,173,74
149010,149101,149104,3,91
149010,149102,149104,2,92
149010,149102,149104,2,92
149010,149103,149104,1,93
149010,149094,149104,10,84
149010,149103,149105,2,93
149010,149097,149105,8,87
149010,149096,149106,10,86
149010,149097,149106,9,87
149010,149105,149106,1,95
149010,149105,149106,1,95
149010,149105,149106,1,95
149010,149105,149107,2,95
149010,149105,149106,1,95
149010,149105,149106,1,95
149010,149104,149107,3,94
149010,149107,149108,1,97
149010,149106,149108,2,96
149032,149107,149108,1,75
149032,149107,149108,1,75
149032,149107,149109,2,75
149032,149108,149112,4,76
149032,149108,149115,7,76
149032,149108,149115,7,76
149032,149108,149115,7,76
149032,149109,149117,8,77
149032,149109,149119,10,77
149032,149109,149119,10,77
149032,149109,149119,10,77
149032,149116,149121,5,84
149032,149117,149121,4,85
149032,149116,149121,5,84
149032,149116,149122,6,84
149032,149113,149122,9,81
149032,149120,149123,3,88
149032,149122,149124,2,90
149032,149120,149123,3,88
149032,149122,149124,2,90
149032,149120,149124,4,88
149032,149122,149124,2,90
149032,149123,149124,1,91
148896,148991,149124,133,95
149032,149123,149124,1,91
149032,149124,149125,1,92
149032,149125,149126,1,93
149032,149124,149125,1,92
149032,149124,149126,2,92
149032,149124,149125,1,92
149032,149125,149126,1,93
149032,149125,149126,1,93
149048,149125,149127,2,77
149048,149126,149127,1,78
149048,149126,149127,1,78
149048,149126,149130,4,78
149048,149126,149133,7,78
149048,149126,149134,8,78
149048,149127,149134,7,79
149048,149127,149134,7,79
149048,149127,149136,9,79
149048,149128,149137,9,80
149048,149128,149137,9,80
149048,149131,149138,7,83
149048,149135,149139,4,87
149048,149133,149139,6,85
149048,149135,149139,4,87
149048,149136,149139,3,88
149048,149138,149141,3,90
149048,149138,149141,3,90
149048,149134,149140,6,86
149048,149140,149142,2,92
149048,149138,149141,3,90
149048,149139,149141,2,91
149048,149140,149142,2,92
148929,149008,149142,134,79
149048,149139,149142,3,91
149048,149141,149142,1,93
149048,149142,149143,1,94
149048,149141,149142,1,93
149048,149142,149143,1,94
149048,149141,149143,2,93
149063,149142,149143,1,79
149048,149142,149143,1,94
149048,149142,149143,1,94
149063,149143,149144,1,80
149063,149143,149144,1,80
149063,149143,149148,5,80
149063,149143,149150,7,80
149063,149143,149151,8,80
149063,149143,149151,8,80
149063,149144,149152,8,81
149063,149144,149153,9,81
148946,149025,149154,129,79
149063,149145,149155,10,82
149063,149145,149155,10,82
149063,149148,149155,7,85
149063,149150,149156,6,87
149063,149152,149156,4,89
149063,149152,149156,4,89
149063,149154,149157,3,91
149063,149153,149157,4,90
149063,149155,149158,3,92
149063,149155,149158,3,92
149063,149155,149158,3,92
149063,149152,149158,6,89
149063,149157,149159,2,94
149063,149157,149159,2,94
149063,149157,149159,2,94
149063,149157,149159,2,94
149063,149156,149159,3,93
149063,149158,149160,2,95
149087,149159,149160,1,72
149063,149158,149159,1,95
149087,149159,149160,1,72
149063,149158,149160,2,95
149063,149159,149160,1,96
149063,149159,149161,2,96
149087,149160,149161,1,73
149087,149161,149163,2,74
149087,149161,149163,2,74
149087,149161,149163,2,74
149087,149162,149163,1,75
149087,149161,149163,2,74
149087,149161,149164,3,74
149087,149161,149164,3,74
149087,149161,149165,4,74
149087,149164,149165,1,77
149087,149164,149165,1,77
149087,149164,149165,1,77
149087,149164,149165,1,77
149087,149164,149166,2,77
149087,149165,149166,1,78
149087,149165,149166,1,78
149087,149165,149166,1,78
149087,149166,149167,1,79
149087,149166,149167,1,79
149087,149166,149167,1,79
149087,149167,149168,1,80
149087,149167,149168,1,80
149087,149166,149168,2,79
149087,149167,149168,1,80
149087,149168,149169,1,81
149087,149166,149169,3,79
149087,149168,149169,1,81
149087,149168,149169,1,81
149102,149168,149169,1,66
149102,149168,149170,2,66
149102,149168,149170,2,66
148947,149040,149172,132,93
149102,149169,149174,5,67
149102,149170,149175,5,68
149102,149170,149176,6,68
149102,149170,149176,6,68
149102,149169,149178,9,67
149102,149170,149179,9,68
149102,149172,149178,6,70
149102,149169,149182,13,67
149102,149176,149181,5,74
149102,149176,149181,5,74
149102,149176,149182,6,74
149102,149179,149182,3,77
149102,149179,149183,4,77
149102,149175,149184,9,73
149102,149179,149184,5,77
149102,149182,149184,2,80
149102,149183,149185,2,81
149102,149182,149185,3,80
149102,149182,149185,3,80
149102,149184,149186,2,82
149102,149184,149186,2,82
149102,149184,149185,1,82
149102,149185,149186,1,83
149102,149186,149187,1,84
149102,149185,149186,1,83
149102,149185,149187,2,83
149102,149185,149187,2,83
149104,149186,149187,1,82
149104,149187,149188,1,83
149104,149187,149188,1,83
149102,149182,149189,7,80
149104,149187,149190,3,83
149104,149187,149194,7,83
149104,149187,149194,7,83
149104,149189,149197,8,85
149104,149188,149196,8,84
149104,149189,149198,9,85
149104,149190,149200,10,86
149104,149195,149200,5,91
149104,149191,149201,10,87
149104,149195,149201,6,91
149104,149198,149202,4,94
149104,149197,149202,5,93
149104,149197,149203,6,93
149104,149200,149204,4,96
149104,149203,149204,1,99
149104,149201,149204,3,97
149104,149202,149204,2,98
149104,149203,149205,2,99
149104,149202,149205,3,98
149104,149201,149205,4,97
149104,149204,149206,2,100
149104,149205,149206,1,101
149104,149205,149206,1,101
149104,149205,149206,1,101
149104,149205,149206,1,101
149104,149207,149208,1,103
148960,149056,149207,151,96
149104,149206,149207,1,102
149104,149206,149208,2,102
149125,149207,149208,1,82
149125,149207,149208,1,82
149125,149207,149208,1,82
149125,149208,149213,5,83
149125,149209,149215,6,84
149125,149208,149215,7,83
149125,149208,149215,7,83
149125,149209,149218,9,84
149125,149214,149218,4,89
149125,149209,149218,9,84
149125,149209,149219,10,84
149125,149215,149220,5,90
149125,149219,149223,4,94
149125,149216,149224,8,91
149125,149220,149223,3,95
149125,149220,149224,4,95
149125,149216,149224,8,91
149125,149219,149224,5,94
149125,149224,149226,2,99
149125,149219,149225,6,94
149125,149223,149225,2,98
149125,149224,149226,2,99
149125,149225,149226,1,100
149125,149225,149226,1,100
149125,149225,149227,2,100
149125,149226,149227,1,101
149125,149226,149227,1,101
149125,149226,149227,1,101
149125,149226,149227,1,101
149125,149227,149228,1,102
149143,149228,149229,1,85
149143,149228,149229,1,85
149143,149228,149229,1,85
149143,149228,149231,3,85
149143,149229,149232,3,86
149143,149229,149232,3,86
149143,149229,149233,4,86
149143,149230,149233,3,87
149143,149231,149234,3,88
149143,149233,149234,1,90
149143,149229,149235,6,86
149143,149233,149234,1,90
149143,149234,149237,3,91
149143,149234,149237,3,91
149143,149234,149237,3,91
149143,149235,149237,2,92
149143,149235,149238,3,92
149143,149237,149239,2,94
149143,149237,149239,2,94
149143,149237,149239,2,94
149143,149238,149239,1,95
149143,149235,149239,4,92
149143,149238,149239,1,95
149143,149239,149240,1,96
149143,149240,149241,1,97
149143,149240,149241,1,97
149143,149240,149241,1,97
149143,149240,149241,1,97
149143,149240,149242,2,97
149143,149241,149242,1,98
149155,149242,149243,1,87
149155,149242,149243,1,87
149155,149242,149244,2,87
149155,149243,149244,1,88
149155,149242,149245,3,87
149155,149243,149246,3,88
149155,149244,149247,3,89
148982,149070,149248,178,88
149155,149244,149248,4,89
149155,149245,149248,3,90
149155,149246,149249,3,91
149155,149247,149250,3,92
149155,149248,149249,1,93
149155,149248,149250,2,93
149155,149248,149250,2,93
149155,149250,149251,1,95
149155,149250,149251,1,95
149155,149250,149251,1,95
148999,149089,149251,162,90
149155,149249,149251,2,94
149155,149250,149252,2,95
149155,149250,149252,2,95
149155,149252,149253,1,97
149155,149252,149253,1,97
149155,149252,149253,1,97
149155,149252,149253,1,97
149155,149252,149253,1,97
149155,149252,149253,1,97
149155,149252,149254,2,97
149155,149254,149255,1,99
149010,149107,149255,148,97
149155,149254,149255,1,99
149155,149254,149255,1,99
149033,149125,149254,129,92
149174,149254,149255,1,80
149174,149255,149256,1,81
149174,149255,149257,2,81
149174,149255,149261,6,81
149174,149255,149262,7,81
149174,149256,149264,8,82
149174,149258,149264,6,84
149174,149255,149265,10,81
149174,149255,149265,10,81
149174,149256,149266,10,82
149174,149257,149266,9,83
149174,149262,149268,6,88
149174,149262,149268,6,88
149174,149265,149268,3,91
149174,149265,149269,4,91
149174,149266,149269,3,92
149174,149265,149269,4,91
149174,149267,149269,2,93
149174,149266,149269,3,92
149174,149268,149270,2,94
149174,149268,149270,2,94
149174,149269,149270,1,95
149174,149269,149271,2,95
149174,149269,149271,2,95
149174,149271,149272,1,97
149174,149270,149271,1,96
149174,149270,149271,1,96
149174,149270,149272,2,96
149174,149270,149272,2,96
149174,149270,149272,2,96
149209,149272,149273,1,63
149209,149272,149273,1,63
149209,149272,149276,4,63
149209,149272,149278,6,63
149209,149273,149279,6,64
149209,149273,149279,6,64
149209,149274,149280,6,65
149209,149273,149280,7,64
149209,149276,149282,6,67
149209,149273,149282,9,64
149209,149280,149284,4,71
149209,149279,149284,5,70
149209,149281,149284,3,72
149209,149280,149286,6,71
149209,149283,149286,3,74
149209,149282,149285,3,73
149209,149285,149287,2,76
149209,149284,149287,3,75
149048,149142,149288,146,94
149209,149285,149287,2,76
149209,149286,149287,1,77
149209,149286,149287,1,77
149209,149286,149288,2,77
149209,149287,149288,1,78
149209,149288,149289,1,79
149209,149288,149289,1,79
149209,149280,149288,8,71
149209,149287,149289,2,78
149209,149288,149289,1,79
149209,149288,149289,1,79
149249,149289,149290,1,40
149209,149288,149289,1,79
149249,149289,149290,1,40
149249,149289,149290,1,40
149249,149289,149291,2,40
149249,149290,149293,3,41
149249,149289,149293,4,40
149249,149290,149294,4,41
149249,149290,149294,4,41
149249,149291,149294,3,42
149249,149293,149295,2,44
149249,149290,149294,4,41
149249,149294,149295,1,45
149249,149290,149295,5,41
149249,149294,149297,3,45
149249,149294,149297,3,45
149249,149295,149297,2,46
149249,149296,149298,2,47
149249,149295,149297,2,46
149249,149296,149298,2,47
149249,149295,149298,3,46
149249,149297,149299,2,48
149249,149297,149298,1,48
149249,149298,149299,1,49
149249,149298,149299,1,49
149249,149298,149299,1,49
149249,149298,149299,1,49
149249,149299,149300,1,50
149087,149168,149300,132,81
149249,149298,149299,1,49
149249,149300,149301,1,51
149249,149300,149301,1,51
149253,149300,149301,1,47
149249,149299,149300,1,50
149253,149300,149302,2,47
149253,149300,149302,2,47
149253,149300,149303,3,47
149253,149301,149307,6,48
149253,149301,149308,7,48
149253,149301,149308,7,48
149253,149301,149308,7,48
149253,149302,149309,7,49
149253,149302,149309,7,49
149063,149159,149310,151,96
149253,149303,149312,9,50
149253,149310,149312,2,57
149253,149309,149313,4,56
149253,149310,149313,3,57
149253,149308,149313,5,55
149253,149310,149313,3,57
149253,149309,149313,4,56
149102,149186,149314,128,84
149253,149313,149314,1,60
149253,149307,149315,8,54
149253,149313,149315,2,60
149253,149313,149315,2,60
149253,149314,149315,1,61
149253,149314,149316,2,61
149253,149313,149315,2,60
149253,149314,149315,1,61
149253,149315,149316,1,62
149253,149314,149316,2,61
149253,149315,149316,1,62
149260,149316,149317,1,56
149253,149315,149316,1,62
149253,149315,149316,1,62
149253,149316,149317,1,63
149260,149316,149317,1,56
149260,149316,149317,1,56
149260,149316,149319,3,56
149260,149317,149322,5,57
149260,149317,149323,6,57
149260,149318,149324,6,58
149260,149317,149324,7,57
149260,149317,149324,7,57
149260,149318,149324,6,58
149260,149324,149327,3,64
149260,149324,149328,4,64
149260,149318,149328,10,58
149260,149324,149328,4,64
149260,149325,149328,3,65
149260,149319,149329,10,59
149260,149323,149329,6,63
149260,149327,149330,3,67
149260,149328,149330,2,68
149260,149329,149330,1,69
149260,149329,149330,1,69
149260,149328,149331,3,68
149260,149329,149331,2,69
149260,149330,149332,2,70
149260,149331,149332,1,71
149260,149331,149332,1,71
149260,149331,149332,1,71
149260,149331,149332,1,71
149260,149324,149333,9,64
149260,149331,149332,1,71
149260,149331,149333,2,71
149261,149333,149334,1,72
149261,149333,149334,1,72
149261,149333,149334,1,72
149261,149333,149338,5,72
149261,149333,149341,8,72
149261,149333,149340,7,72
149261,149334,149342,8,73
149261,149335,149343,8,74
149261,149335,149345,10,74
149261,149335,149345,10,74
149261,149341,149347,6,80
149261,149343,149347,4,82
149261,149338,149347,9,77
149261,149341,149348,7,80
149261,149345,149348,3,84
149261,149345,149350,5,84
149261,149348,149351,3,87
149261,149344,149350,6,83
149261,149348,149351,3,87
149261,149347,149350,3,86
149261,149348,149351,3,87
149261,149349,149351,2,88
149261,149350,149352,2,89
149261,149351,149352,1,90
149261,149351,149352,1,90
149261,149351,149353,2,90
149261,149351,149353,2,90
149261,149351,149353,2,90
149261,149353,149354,1,92
149261,149352,149353,1,91
149261,149352,149353,1,91
149289,149353,149354,1,64
149289,149354,149355,1,65
149289,149354,149356,2,65
149289,149355,149358,3,66
149289,149356,149358,2,67
149289,149355,149359,4,66
149289,149355,149359,4,66
149289,149359,149360,1,70
149289,149354,149360,6,65
149289,149357,149361,4,68
149289,149359,149361,2,70
149289,149359,149362,3,70
149289,149360,149362,2,71
149289,149361,149363,2,72
149289,149362,149364,2,73
149289,149361,149364,3,72
149289,149361,149364,3,72
149289,149363,149364,1,74
149289,149362,149365,3,73
149289,149363,149364,1,74
149289,149364,149365,1,75
149289,149364,149365,1,75
149289,149364,149365,1,75
149289,149365,149366,1,76
149289,149366,149367,1,77
149289,149365,149367,2,76
149289,149365,149366,1,76
149289,149366,149367,1,77
149289,149366,149367,1,77
149301,149367,149368,1,66
149301,149367,149369,2,66
149301,149368,149369,1,67
149105,149207,149369,162,102
149301,149368,149372,4,67
149301,149369,149376,7,68
149301,149368,149377,9,67
149301,149370,149378,8,69
149301,149370,149378,8,69
149301,149370,149380,10,69
149301,149373,149382,9,72
149301,149379,149384,5,78
149301,149377,149385,8,76
149301,149377,149384,7,76
149301,149380,149385,5,79
149301,149379,149385,6,78
149301,149383,149386,3,82
149301,149385,149388,3,84
149301,149386,149389,3,85
149301,149384,149388,4,83
149301,149385,149388,3,84
149301,149385,149388,3,84
149301,149387,149389,2,86
149156,149254,149390,136,98
149301,149389,149390,1,88
149301,149389,149390,1,88
149301,149388,149390,2,87
149301,149389,149391,2,88
149301,149389,149391,2,88
149301,149390,149391,1,89
149301,149390,149391,1,89
149301,149391,149392,1,90
149311,149391,149392,1,80
149301,149391,149392,1,90
149311,149392,149393,1,81
149311,149392,149393,1,81
149311,149392,149395,3,81
149311,149392,149398,6,81
149311,149392,149399,7,81
149311,149393,149400,7,82
149311,149394,149401,7,83
149311,149394,149400,6,83
149311,149396,149403,7,85
149175,149271,149403,132,96
149311,149400,149405,5,89
149311,149401,149405,4,90
149311,149398,149405,7,87
149311,149401,149406,5,90
149311,149404,149407,3,93
149311,149400,149407,7,89
149311,149403,149407,4,92
149311,149406,149408,2,95
149311,149405,149407,2,94
149311,149406,149408,2,95
149311,149407,149409,2,96
149311,149405,149409,4,94
149143,149241,149409,168,98
149311,149408,149409,1,97
149311,149408,149409,1,97
149311,149408,149410,2,97
149311,149408,149410,2,97
149311,149409,149410,1,98
149311,149410,149411,1,99
149311,149409,149410,1,98
149311,149409,149410,1,98
149311,149410,149411,1,99
149315,149410,149411,1,95
149315,149410,149411,1,95
149315,149410,149412,2,95
149315,149411,149415,4,96
149315,149411,149417,6,96
149209,149289,149419,130,80
149315,149411,149419,8,96
149315,149412,149420,8,97
149315,149412,149421,9,97
149125,149227,149421,194,102
149315,149412,149422,10,97
149315,149412,149422,10,97
149315,149416,149423,7,101
149315,149418,149424,6,103
149315,149419,149425,6,104
149315,149419,149425,6,104
149315,149421,149425,4,106
149315,149423,149425,2,108
149315,149421,149426,5,106
149315,149421,149426,5,106
149315,149423,149426,3,108
149315,149424,149426,2,109
149315,149426,149427,1,111
149315,149426,149427,1,111
149315,149425,149427,2,110
149315,149426,149428,2,111
149315,149426,149428,2,111
149315,149427,149428,1,112
149315,149427,149428,1,112
149315,149428,149429,1,113
149315,149427,149429,2,112
149315,149427,149429,2,112
149373,149429,149430,1,56
149315,149428,149429,1,113
149373,149429,149430,1,56
149373,149429,149430,1,56
149373,149429,149433,4,56
149373,149429,149435,6,56
149373,149430,149436,6,57
149373,149430,149436,6,57
149373,149430,149436,6,57
149373,149431,149437,6,58
149373,149430,149439,9,57
149373,149433,149439,6,60
149373,149431,149440,9,58
149373,149437,149440,3,64
149373,149437,149441,4,64
149373,149437,149441,4,64
149373,149441,149443,2,68
149373,149437,149443,6,64
149373,149442,149443,1,69
149373,149441,149443,2,68
149373,149442,149444,2,69
149373,149440,149443,3,67
149373,149440,149443,3,67
149373,149443,149444,1,70
149373,149435,149444,9,62
149373,149444,149445,1,71
149373,149444,149445,1,71
149373,149444,149445,1,71
149373,149444,149445,1,71
149373,149444,149445,1,71
149373,149444,149445,1,71
149373,149445,149446,1,72
149391,149445,149446,1,54
149391,149445,149446,1,54
149391,149446,149447,1,55
149391,149446,149447,1,55
149391,149446,149447,1,55
149391,149446,149448,2,55
149250,149300,149449,149,50
149391,149447,149449,2,56
149391,149447,149448,1,56
149391,149446,149449,3,55
149391,149448,149449,1,57
149391,149446,149450,4,55
149391,149448,149450,2,57
149391,149449,149450,1,58
149391,149446,149450,4,55
149391,149449,149450,1,58
149391,149449,149450,1,58
149391,149449,149450,1,58
149391,149450,149451,1,59
149391,149450,149451,1,59
149391,149450,149451,1,59
149391,149450,149451,1,59
149391,149450,149451,1,59
149391,149450,149451,1,59
149391,149451,149452,1,60
149391,149451,149452,1,60
149391,149451,149452,1,60
149404,149452,149453,1,48
149404,149453,149454,1,49
149404,149453,149457,4,49
149404,149454,149458,4,50
149404,149453,149458,5,49
149404,149455,149460,5,51
149404,149453,149459,6,49
149404,149453,149461,8,49
149404,149457,149463,6,53
149404,149453,149462,9,49
149404,149460,149465,5,56
149404,149459,149465,6,55
149404,149460,149465,5,56
149404,149462,149466,4,58
149404,149463,149467,4,59
149404,149465,149467,2,61
149404,149459,149468,9,55
149404,149463,149467,4,59
149404,149465,149467,2,61
149404,149466,149468,2,62
149404,149465,149468,3,61
149404,149467,149469,2,63
149404,149467,149469,2,63
149404,149468,149469,1,64
149404,149468,149469,1,64
149404,149468,149469,1,64
149404,149468,149469,1,64
149404,149468,149470,2,64
149404,149469,149470,1,65
149410,149470,149471,1,60
149410,149470,149471,1,60
149410,149470,149471,1,60
149410,149471,149472,1,61
149410,149471,149473,2,61
149410,149471,149473,2,61
149410,149471,149474,3,61
149410,149471,149474,3,61
149410,149471,149475,4,61
149410,149474,149476,2,64
149410,149473,149476,3,63
149410,149473,149476,3,63
149410,149474,149477,3,64
149410,149475,149476,1,65
149410,149475,149477,2,65
149410,149477,149478,1,67
149410,149477,149478,1,67
149410,149477,149478,1,67
149410,149477,149478,1,67
149410,149477,149478,1,67
149410,149478,149479,1,68
149410,149479,149480,1,69
149410,149479,149480,1,69
149410,149479,149480,1,69
149410,149479,149480,1,69
149410,149480,149481,1,70
149410,149480,149481,1,70
149410,149480,149481,1,70
149410,149480,149481,1,70
149253,149316,149481,165,63
149410,149481,149482,1,71
149410,149481,149482,1,71
149419,149481,149482,1,62
149419,149481,149482,1,62
149419,149482,149483,1,63
149419,149482,149486,4,63
149419,149484,149489,5,65
149419,149482,149490,8,63
149419,149482,149491,9,63
149419,149487,149492,5,68
149419,149482,149491,9,63
149419,149483,149492,9,64
149419,149489,149494,5,70
149419,149490,149495,5,71
149289,149367,149496,129,78
149419,149492,149497,5,73
149419,149494,149498,4,75
149419,149492,149498,6,73
149419,149492,149498,6,73
149419,149492,149498,6,73
149419,149495,149499,4,76
149419,149496,149499,3,77
149419,149498,149500,2,79
149419,149497,149500,3,78
149419,149498,149500,2,79
149419,149498,149501,3,79
149419,149498,149501,3,79
149419,149499,149501,2,80
149419,149500,149501,1,81
149419,149500,149502,2,81
149419,149500,149502,2,81
149419,149500,149502,2,81
149419,149501,149502,1,82
149422,149502,149503,1,80
149422,149502,149503,1,80
149422,149502,149504,2,80
149422,149503,149504,1,81
149262,149353,149508,155,91
149260,149332,149508,176,72
149422,149504,149508,4,82
149422,149503,149508,5,81
149422,149505,149510,5,83
149422,149505,149509,4,83
149422,149508,149510,2,86
149422,149508,149510,2,86
149422,149503,149512,9,81
149422,149510,149512,2,88
149422,149509,149512,3,87
149422,149509,149512,3,87
149422,149510,149513,3,88
149422,149503,149513,10,81
149422,149510,149513,3,88
149422,149510,149513,3,88
149422,149512,149514,2,90
149422,149513,149514,1,91
149422,149513,149514,1,91
149422,149513,149514,1,91
149422,149513,149514,1,91
149422,149514,149515,1,92
149422,149514,149515,1,92
149422,149514,149516,2,92
149422,149515,149516,1,93
149422,149515,149516,1,93
149422,149515,149516,1,93
149422,149515,149516,1,93
149422,149515,149516,1,93
149451,149516,149517,1,65
149451,149516,149518,2,65
149451,149516,149518,2,65
149451,149517,149521,4,66
149451,149519,149523,4,68
149451,149517,149524,7,66
149451,149517,149525,8,66
149451,149519,149525,6,68
149451,149517,149527,10,66
149451,149522,149527,5,71
149451,149518,149527,9,67
149451,149524,149528,4,73
149451,149525,149529,4,74
149451,149525,149530,5,74
149451,149528,149532,4,77
149451,149527,149532,5,76
149451,149529,149532,3,78
149451,149526,149532,6,75
149451,149529,149532,3,78
149451,149528,149532,4,77
149451,149530,149533,3,79
149451,149532,149534,2,81
149451,149532,149534,2,81
149451,149532,149534,2,81
149451,149533,149534,1,82
149451,149533,149534,1,82
149451,149533,149534,1,82
149451,149535,149536,1,84
149451,149533,149535,2,82
149487,149535,149536,1,48
149451,149534,149535,1,83
149487,149535,149536,1,48
149451,149535,149536,1,84
149487,149536,149539,3,49
149487,149536,149540,4,49
149487,149536,149540,4,49
149487,149536,149540,4,49
149312,149410,149540,130,98
149487,149540,149542,2,53
149487,149540,149542,2,53
149487,149537,149542,5,50
149487,149541,149543,2,54
149487,149537,149543,6,50
149487,149539,149543,4,52
149487,149542,149544,2,55
149487,149542,149544,2,55
149487,149543,149545,2,56
149487,149540,149545,5,53
149487,149543,149545,2,56
149487,149544,149545,1,57
149487,149544,149546,2,57
149487,149544,149546,2,57
149487,149544,149546,2,57
149487,149545,149546,1,58
149487,149546,149547,1,59
149487,149545,149547,2,58
149487,149545,149546,1,58
149487,149546,149547,1,59
149487,149547,149548,1,60
149487,149547,149548,1,60
149496,149547,149548,1,51
149496,149548,149549,1,52
149496,149548,149549,1,52
149496,149548,149549,1,52
149496,149548,149550,2,52
149496,149548,149549,1,52
149496,149548,149550,2,52
149496,149549,149550,1,53
149496,149549,149551,2,53
149496,149550,149551,1,54
149496,149551,149552,1,55
149496,149550,149551,1,54
149496,149551,149552,1,55
149496,149550,149551,1,54
149496,149550,149552,2,54
149496,149552,149553,1,56
149496,149552,149553,1,56
149496,149552,149553,1,56
149496,149552,149553,1,56
149496,149553,149554,1,57
149496,149552,149553,1,56
149496,149553,149554,1,57
149496,149553,149554,1,57
149496,149552,149554,2,56
149496,149554,149555,1,58
149496,149554,149555,1,58
149496,149554,149555,1,58
149496,149554,149555,1,58
149496,149555,149556,1,59
149496,149554,149555,1,58
149496,149555,149556,1,59
149508,149555,149556,1,47
149508,149556,149557,1,48
149508,149556,149557,1,48
149508,149556,149558,2,48
149302,149391,149559,168,89
149508,149557,149562,5,49
149508,149557,149563,6,49
149508,149558,149565,7,50
149508,149558,149565,7,50
149508,149557,149565,8,49
149508,149560,149566,6,52
149508,149563,149567,4,55
149508,149565,149568,3,57
149508,149566,149568,2,58
149508,149566,149568,2,58
149508,149567,149570,3,59
149508,149564,149570,6,56
149508,149566,149570,4,58
149508,149569,149571,2,61
149508,149568,149571,3,60
149508,149570,149572,2,62
149508,149570,149572,2,62
149508,149570,149573,3,62
149508,149572,149573,1,64
149508,149569,149573,4,61
149508,149572,149574,2,64
149508,149574,149575,1,66
149508,149573,149574,1,65
149508,149573,149575,2,65
149508,149573,149575,2,65
149510,149576,149577,1,66
149510,149575,149576,1,65
149508,149574,149577,3,66
149374,149445,149579,134,71
149510,149576,149581,5,66
149510,149577,149584,7,67
149510,149577,149586,9,67
149510,149577,149586,9,67
149510,149578,149586,8,68
149510,149581,149590,9,71
149510,149580,149589,9,70
149510,149585,149593,8,75
149510,149587,149593,6,77
149510,149587,149593,6,77
149510,149590,149595,5,80
149510,149590,149595,5,80
149315,149428,149595,167,113
149510,149587,149596,9,77
149510,149594,149597,3,84
149510,149596,149598,2,86
149510,149596,149598,2,86
149510,149594,149597,3,84
149510,149596,149598,2,86
149510,149593,149597,4,83
149510,149597,149599,2,87
149510,149595,149598,3,85
149510,149598,149599,1,88
149510,149598,149600,2,88
149510,149598,149600,2,88
149510,149598,149600,2,88
149510,149599,149600,1,89
149510,149598,149599,1,88
149510,149599,149601,2,89
149542,149600,149601,1,58
149542,149600,149601,1,58
149542,149600,149601,1,58
149542,149600,149603,3,58
149542,149600,149607,7,58
149542,149601,149610,9,59
149542,149602,149612,10,60
149542,149602,149612,10,60
149542,149602,149612,10,60
149542,149603,149612,9,61
149542,149608,149614,6,66
149542,149612,149616,4,70
149542,149611,149616,5,69
149542,149612,149617,5,70
149542,149613,149617,4,71
149542,149612,149618,6,70
149542,149615,149619,4,73
149542,149617,149620,3,75
149542,149618,149620,2,76
149542,149618,149620,2,76
149542,149617,149620,3,75
149542,149619,149621,2,77
149542,149618,149621,3,76
149542,149621,149622,1,79
149542,149621,149622,1,79
149542,149621,149622,1,79
149542,149621,149623,2,79
149542,149621,149622,1,79
149542,149621,149623,2,79
149411,149481,149623,142,70
149561,149623,149624,1,62
149561,149623,149624,1,62
149542,149623,149624,1,81
149542,149623,149624,1,81
149561,149623,149624,1,62
149561,149624,149625,1,63
149561,149624,149625,1,63
149561,149624,149626,2,63
149561,149625,149626,1,64
149561,149625,149627,2,64
149561,149625,149627,2,64
149561,149626,149627,1,65
149561,149626,149627,1,65
149561,149626,149628,2,65
149391,149452,149629,177,61
149561,149627,149628,1,66
149561,149627,149628,1,66
149561,149628,149629,1,67
149561,149628,149629,1,67
149561,149629,149630,1,68
149561,149628,149629,1,67
149561,149629,149630,1,68
149561,149629,149630,1,68
149561,149630,149631,1,69
149561,149629,149630,1,68
149561,149630,149631,1,69
149561,149630,149631,1,69
149561,149630,149631,1,69
149561,149631,149632,1,70
149561,149631,149632,1,70
149561,149631,149632,1,70
149561,149631,149632,1,70
149561,149630,149631,1,69
149561,149631,149632,1,70
149583,149632,149633,1,49
149583,149632,149633,1,49
149583,149632,149633,1,49
149583,149632,149634,2,49
149583,149633,149636,3,50
149583,149632,149636,4,49
149583,149633,149636,3,50
149583,149633,149636,3,50
149583,149634,149637,3,51
149583,149636,149638,2,53
149583,149634,149638,4,51
149583,149636,149638,2,53
149583,149637,149638,1,54
149583,149636,149639,3,53
149583,149637,149639,2,54
149583,149638,149640,2,55
149583,149638,149640,2,55
149583,149638,149640,2,55
149583,149639,149641,2,56
149420,149501,149641,140,81
149583,149639,149640,1,56
149583,149640,149641,1,57
149583,149641,149642,1,58
149583,149640,149642,2,57
149583,149641,149642,1,58
149583,149642,149643,1,59
149583,149641,149642,1,58
149583,149641,149642,1,58
149583,149641,149643,2,58
149583,149642,149643,1,59
149583,149643,149644,1,60
149405,149470,149644,174,65
149583,149643,149644,1,60
149597,149643,149644,1,46
149597,149643,149645,2,46
149597,149643,149645,2,46
149597,149644,149646,2,47
149597,149644,149648,4,47
149597,149645,149652,7,48
149597,149645,149652,7,48
149597,149646,149652,6,49
149597,149645,149653,8,48
149597,149645,149654,9,48
149597,149645,149654,9,48
149597,149649,149656,7,52
149597,149654,149658,4,57
149597,149653,149657,4,56
149597,149655,149658,3,58
149597,149655,149658,3,58
149423,149516,149659,143,93
149597,149656,149659,3,59
149597,149653,149659,6,56
149597,149659,149661,2,62
149597,149659,149661,2,62
149597,149658,149661,3,61
149597,149659,149661,2,62
149597,149658,149661,3,61
149597,149659,149660,1,62
149597,149653,149661,8,56
149597,149660,149661,1,63
149452,149535,149662,127,83
149597,149661,149662,1,64
149597,149661,149662,1,64
149625,149662,149663,1,37
149597,149661,149662,1,64
149597,149661,149662,1,64
149597,149661,149662,1,64
149625,149662,149663,1,37
149625,149662,149663,1,37
149073,149074,149666,592,1
149625,149662,149668,6,37
149625,149663,149669,6,38
149625,149662,149672,10,37
149625,149663,149672,9,38
149625,149664,149673,9,39
149625,149663,149672,9,38
149625,149664,149672,8,39
149625,149663,149673,10,38
149625,149673,149677,4,48
149625,149673,149677,4,48
149625,149668,149677,9,43
149625,149673,149676,3,48
149625,149673,149677,4,48
149625,149672,149678,6,47
149625,149677,149679,2,52
149625,149678,149679,1,53
149625,149670,149680,10,45
149625,149677,149680,3,52
149625,149677,149679,2,52
149625,149678,149680,2,53
149625,149677,149680,3,52
149625,149673,149680,7,48
149625,149679,149681,2,54
149625,149680,149681,1,55
149625,149680,149682,2,55
149625,149680,149682,2,55
149625,149680,149681,1,55
149630,149681,149682,1,51
149630,149682,149683,1,52
149630,149682,149683,1,52
149630,149682,149685,3,52
149630,149682,149688,6,52
149630,149682,149689,7,52
149630,149682,149689,7,52
149630,149683,149690,7,53
149630,149684,149691,7,54
149630,149684,149693,9,54
149630,149690,149695,5,60
149630,149690,149695,5,60
149487,149547,149695,148,60
149630,149686,149696,10,56
149630,149690,149697,7,60
149630,149691,149697,6,61
149630,149693,149697,4,63
149630,149695,149698,3,65
149630,149689,149698,9,59
149630,149696,149699,3,66
149630,149696,149699,3,66
149630,149698,149699,1,68
149630,149698,149699,1,68
149630,149696,149699,3,66
149630,149698,149699,1,68
149630,149698,149700,2,68
149630,149699,149700,1,69
149630,149699,149700,1,69
149630,149700,149701,1,70
149630,149699,149701,2,69
149630,149700,149701,1,70
149630,149700,149701,1,70
149642,149701,149702,1,59
149642,149701,149702,1,59
149642,149701,149703,2,59
149642,149702,149706,4,60
149642,149702,149709,7,60
149642,149702,149708,6,60
149642,149703,149711,8,61
149642,149702,149711,9,60
149642,149702,149712,10,60
149642,149704,149712,8,62
149642,149707,149713,6,65
149642,149711,149716,5,69
149642,149712,149716,4,70
149642,149709,149717,8,67
149642,149714,149717,3,72
149642,149712,149716,4,70
149642,149713,149717,4,71
149642,149709,149718,9,67
149642,149717,149719,2,75
149642,149717,149719,2,75
149642,149716,149719,3,74
149642,149716,149719,3,74
149642,149717,149719,2,75
149642,149717,149719,2,75
149642,149719,149720,1,77
149642,149719,149720,1,77
149642,149719,149721,2,77
149642,149719,149721,2,77
149642,149719,149721,2,77
149642,149719,149720,1,77
149497,149555,149722,167,58
149650,149721,149722,1,71
149650,149721,149723,2,71
149650,149721,149722,1,71
149650,149721,149724,3,71
149650,149721,149727,6,71
149650,149721,149728,7,71
149650,149723,149730,7,73
149650,149722,149729,7,72
149650,149723,149730,7,73
149650,149723,149733,10,73
149650,149724,149734,10,74
149650,149730,149735,5,80
149650,149730,149735,5,80
149650,149729,149736,7,79
149650,149730,149736,6,80
149650,149733,149737,4,83
149650,149728,149737,9,78
149650,149736,149738,2,86
149650,149735,149738,3,85
149650,149737,149738,1,87
149650,149737,149739,2,87
149650,149738,149739,1,88
149650,149738,149739,1,88
149650,149737,149740,3,87
149650,149739,149740,1,89
149650,149739,149740,1,89
149650,149739,149740,1,89
149650,149740,149741,1,90
149650,149739,149740,1,89
149650,149740,149741,1,90
149650,149741,149742,1,91
149659,149741,149742,1,82
149659,149741,149742,1,82
149659,149741,149742,1,82
149659,149741,149744,3,82
149659,149742,149746,4,83
149659,149742,149748,6,83
149659,149742,149747,5,83
149659,149742,149747,5,83
149659,149743,149748,5,84
149659,149744,149749,5,85
149509,149575,149750,175,66
149659,149747,149753,6,88
149659,149748,149754,6,89
149659,149749,149754,5,90
149659,149748,149754,6,89
149659,149751,149755,4,92
149659,149748,149756,8,89
149542,149623,149755,132,81
149659,149753,149757,4,94
149659,149754,149757,3,95
149659,149754,149757,3,95
149659,149748,149758,10,89
149659,149755,149757,2,96
149659,149755,149757,2,96
149659,149756,149758,2,97
149659,149756,149758,2,97
149659,149757,149759,2,98
149659,149757,149759,2,98
149659,149758,149759,1,99
149659,149758,149759,1,99
149659,149758,149759,1,99
149659,149758,149759,1,99
149662,149760,149761,1,98
149662,149760,149762,2,98
149662,149761,149765,4,99
149662,149760,149765,5,98
149510,149600,149765,165,90
149662,149762,149765,3,100
149662,149760,149766,6,98
149662,149760,149766,6,98
149662,149761,149766,5,99
149662,149763,149767,4,101
149662,149766,149770,4,104
149662,149767,149770,3,105
149662,149766,149771,5,104
149662,149766,149771,5,104
149583,149643,149771,128,60
149662,149768,149771,3,106
149662,149765,149771,6,103
149662,149765,149772,7,103
149662,149766,149773,7,104
149662,149770,149773,3,108
149662,149772,149774,2,110
149662,149772,149773,1,110
149662,149771,149773,2,109
149662,149772,149773,1,110
149662,149772,149774,2,110
149662,149771,149774,3,109
149662,149772,149774,2,110
149662,149774,149775,1,112
149662,149773,149774,1,111
149697,149774,149775,1,77
149697,149775,149776,1,78
149662,149774,149775,1,112
149662,149774,149775,1,112
149697,149775,149776,1,78
149697,149775,149776,1,78
149562,149631,149779,148,69
149697,149777,149779,2,80
149697,149775,149780,5,78
149697,149775,149779,4,78
149697,149775,149781,6,78
149697,149776,149780,4,79
149697,149777,149781,4,80
149697,149776,149782,6,79
149697,149776,149781,5,79
149697,149779,149783,4,82
149697,149780,149783,3,83
149697,149782,149784,2,85
149697,149782,149785,3,85
149697,149781,149784,3,84
149697,149782,149784,2,85
149697,149781,149784,3,84
149697,149780,149785,5,83
149697,149783,149785,2,86
149697,149784,149786,2,87
149697,149784,149786,2,87
149697,149785,149786,1,88
149697,149780,149785,5,83
149697,149785,149786,1,88
149697,149785,149786,1,88
149697,149785,149786,1,88
149697,149786,149787,1,89
149727,149786,149787,1,59
149697,149785,149786,1,88
149697,149785,149787,2,88
149727,149786,149787,1,59
149727,149787,149788,1,60
149727,149787,149789,2,60
149727,149787,149789,2,60
149727,149787,149788,1,60
149727,149788,149789,1,61
149727,149787,149790,3,60
149727,149788,149790,2,61
149727,149790,149791,1,63
149727,149790,149791,1,63
149727,149789,149792,3,62
149727,149789,149792,3,62
149727,149789,149792,3,62
149727,149789,149792,3,62
149727,149791,149792,1,64
149727,149792,149793,1,65
149727,149792,149793,1,65
149727,149789,149793,4,62
149727,149791,149793,2,64
149727,149793,149794,1,66
149727,149793,149794,1,66
149727,149793,149794,1,66
149597,149661,149794,133,64
149727,149792,149794,2,65
149727,149793,149794,1,66
149727,149794,149795,1,67
149752,149794,149795,1,42
149752,149795,149796,1,43
149752,149795,149796,1,43
149752,149795,149797,2,43
149752,149795,149799,4,43
149752,149797,149799,2,45
149752,149795,149799,4,43
149752,149797,149800,3,45
149752,149795,149800,5,43
149752,149795,149801,6,43
149752,149798,149800,2,46
149752,149795,149801,6,43
149752,149799,149801,2,47
149752,149800,149801,1,48
149752,149801,149803,2,49
149752,149800,149803,3,48
149752,149801,149803,2,49
149752,149801,149803,2,49
149752,149802,149803,1,50
149752,149801,149804,3,49
149752,149801,149803,2,49
149752,149803,149804,1,51
149752,149801,149804,3,49
149752,149804,149805,1,52
149752,149804,149805,1,52
149752,149804,149805,1,52
149752,149803,149804,1,51
149752,149803,149804,1,51
149752,149803,149805,2,51
149752,149804,149805,1,52
149752,149805,149806,1,53
149757,149805,149806,1,48
149757,149805,149806,1,48
149757,149805,149806,1,48
149757,149805,149808,3,48
149757,149806,149812,6,49
149757,149806,149813,7,49
149757,149806,149815,9,49
149757,149807,149817,10,50
149757,149807,149816,9,50
149757,149807,149817,10,50
149757,149808,149818,10,51
149757,149818,149821,3,61
149757,149813,149821,8,56
149757,149814,149821,7,57
149757,149815,149822,7,58
149757,149817,149821,4,60
149757,149817,149822,5,60
149757,149817,149823,6,60
149757,149822,149824,2,65
149757,149822,149824,2,65
149757,149821,149824,3,64
149757,149823,149824,1,66
149757,149822,149824,2,65
149757,149822,149824,2,65
149757,149823,149825,2,66
149757,149824,149825,1,67
149757,149825,149826,1,68
149757,149824,149826,2,67
149757,149825,149826,1,68
149757,149825,149826,1,68
149757,149825,149826,1,68
149766,149826,149827,1,60
149766,149827,149828,1,61
149766,149826,149827,1,60
149766,149827,149828,1,61
149766,149827,149829,2,61
149766,149827,149830,3,61
149766,149828,149830,2,62
149766,149828,149830,2,62
149631,149700,149831,131,69
149766,149827,149831,4,61
149766,149830,149831,1,64
149766,149830,149831,1,64
149766,149831,149832,1,65
149766,149831,149832,1,65
149766,149830,149832,2,64
149766,149829,149832,3,63
149766,149831,149832,1,65
149766,149829,149832,3,63
149766,149832,149833,1,66
149766,149832,149833,1,66
149766,149831,149832,1,65
149766,149832,149833,1,66
149766,149832,149833,1,66
149766,149833,149834,1,67
149766,149833,149834,1,67
149766,149833,149834,1,67
149766,149833,149834,1,67
149766,149833,149834,1,67
149766,149832,149833,1,66
149766,149833,149834,1,67
149766,149834,149835,1,68
149766,149834,149835,1,68
149772,149834,149835,1,62
149772,149834,149836,2,62
149772,149834,149836,2,62
149772,149835,149837,2,63
149772,149835,149841,6,63
149772,149835,149843,8,63
149772,149836,149844,8,64
149772,149838,149844,6,66
149772,149837,149845,8,65
149772,149837,149846,9,65
149772,149842,149848,6,70
149772,149843,149849,6,71
149772,149845,149850,5,73
149772,149846,149849,3,74
149772,149845,149850,5,73
149772,149847,149852,5,75
149772,149850,149853,3,78
149772,149849,149852,3,77
149772,149850,149852,2,78
149772,149849,149853,4,77
149772,149851,149853,2,79
149772,149852,149854,2,80
149772,149853,149855,2,81
149772,149853,149854,1,81
149772,149853,149855,2,81
149772,149853,149855,2,81
149772,149854,149855,1,82
149772,149855,149856,1,83
149772,149855,149856,1,83
149772,149855,149856,1,83
149772,149855,149856,1,83
149781,149856,149857,1,75
149781,149856,149857,1,75
149781,149857,149858,1,76
149781,149857,149860,3,76
149781,149857,149863,6,76
149781,149857,149864,7,76
149781,149857,149864,7,76
149781,149859,149866,7,78
149781,149861,149869,8,80
149625,149681,149870,189,56
149781,149864,149872,8,83
149781,149864,149873,9,83
149781,149865,149873,8,84
149781,149867,149875,8,86
149781,149869,149876,7,88
149781,149871,149876,5,90
149650,149741,149876,135,91
149781,149873,149877,4,92
149781,149875,149878,3,94
149781,149874,149878,4,93
149781,149874,149878,4,93
149781,149877,149879,2,96
149781,149877,149879,2,96
149781,149876,149879,3,95
149781,149877,149879,2,96
149781,149878,149880,2,97
149781,149879,149880,1,98
149781,149879,149880,1,98
149781,149879,149881,2,98
149781,149879,149881,2,98
149781,149879,149881,2,98
149781,149880,149881,1,99
149781,149880,149881,1,99
149800,149881,149883,2,81
149800,149881,149882,1,81
149800,149881,149884,3,81
149800,149882,149884,2,82
149800,149883,149885,2,83
149800,149882,149885,3,82
149800,149882,149886,4,82
149800,149883,149886,3,83
149800,149884,149886,2,84
149800,149884,149886,2,84
149800,149885,149887,2,85
149800,149886,149888,2,86
149800,149886,149888,2,86
149800,149886,149888,2,86
149800,149887,149888,1,87
149800,149888,149889,1,88
149800,149888,149889,1,88
149800,149888,149889,1,88
149800,149887,149889,2,87
149800,149889,149890,1,89
149800,149889,149890,1,89
149800,149890,149891,1,90
149800,149890,149891,1,90
149800,149891,149892,1,91
149800,149891,149892,1,91
149832,149891,149892,1,59
149832,149891,149892,1,59
149832,149892,149893,1,60
149832,149892,149894,2,60
149643,149720,149894,174,77
149832,149892,149898,6,60
149832,149893,149900,7,61
149832,149893,149902,9,61
149832,149894,149903,9,62
149660,149759,149903,144,99
149832,149895,149905,10,63
149832,149895,149904,9,63
149832,149898,149907,9,66
149832,149900,149908,8,68
149832,149905,149909,4,73
149832,149902,149910,8,70
149832,149904,149911,7,72
149832,149905,149910,5,73
149832,149907,149910,3,75
149832,149909,149912,3,77
149832,149909,149912,3,77
149832,149904,149913,9,72
149832,149911,149913,2,79
149832,149910,149913,3,78
149832,149911,149913,2,79
149832,149911,149913,2,79
149832,149912,149913,1,80
149832,149912,149914,2,80
149832,149914,149915,1,82
149832,149914,149915,1,82
149832,149913,149914,1,81
149832,149913,149914,1,81
149832,149913,149914,1,81
149871,149914,149915,1,43
149871,149915,149916,1,44
149871,149915,149916,1,44
149871,149915,149916,1,44
149871,149915,149918,3,44
149871,149916,149918,2,45
149871,149918,149920,2,47
149871,149918,149919,1,47
149871,149916,149920,4,45
149871,149916,149921,5,45
149871,149917,149920,3,46
149871,149920,149921,1,49
149871,149916,149921,5,45
149871,149921,149922,1,50
149871,149921,149922,1,50
149871,149920,149921,1,49
149871,149921,149922,1,50
149871,149922,149923,1,51
149871,149922,149923,1,51
149871,149922,149923,1,51
149871,149922,149923,1,51
149871,149922,149923,1,51
149871,149923,149924,1,52
149871,149923,149924,1,52
149663,149774,149924,150,111
149871,149923,149924,1,52
149871,149923,149924,1,52
149871,149922,149924,2,51
149871,149924,149925,1,53
149871,149924,149925,1,53
149871,149924,149925,1,53
149878,149924,149926,2,46
149878,149924,149926,2,46
149878,149925,149926,1,47
149878,149925,149928,3,47
149727,149794,149928,134,67
149878,149925,149931,6,47
149878,149926,149933,7,48
149878,149927,149933,6,49
149878,149927,149934,7,49
149878,149927,149934,7,49
149878,149928,149935,7,50
149878,149933,149939,6,55
149878,149928,149939,11,50
149878,149934,149939,5,56
149878,149935,149939,4,57
149878,149935,149939,4,57
149878,149932,149940,8,54
149878,149936,149940,4,58
149878,149940,149942,2,62
149878,149940,149942,2,62
149878,149939,149943,4,61
149878,149940,149942,2,62
149878,149941,149943,2,63
149753,149805,149943,138,52
149878,149940,149943,3,62
149878,149942,149944,2,64
149878,149939,149944,5,61
149878,149943,149944,1,65
149878,149944,149945,1,66
149878,149943,149944,1,65
149878,149943,149945,2,65
149878,149943,149945,2,65
149878,149944,149945,1,66
149896,149945,149946,1,49
149896,149944,149946,2,48
149896,149945,149946,1,49
149896,149945,149948,3,49
149896,149945,149951,6,49
149896,149945,149953,8,49
149896,149946,149956,10,50
149896,149947,149956,9,51
149896,149946,149956,10,50
149896,149948,149956,8,52
149896,149947,149957,10,51
149896,149951,149959,8,55
149896,149953,149960,7,57
149896,149957,149962,5,61
149896,149958,149961,3,62
149896,149957,149962,5,61
149896,149959,149962,3,63
149896,149957,149962,5,61
149896,149956,149962,6,60
149698,149786,149963,177,88
149896,149962,149964,2,66
149896,149962,149964,2,66
149896,149962,149964,2,66
149766,149834,149964,130,68
149896,149961,149964,3,65
149896,149963,149965,2,67
149896,149962,149965,3,66
149896,149963,149965,2,67
149896,149963,149965,2,67
149896,149965,149966,1,69
149904,149965,149966,1,61
149904,149965,149966,1,61
149896,149964,149966,2,68
149896,149964,149966,2,68
149896,149964,149966,2,68
149904,149965,149967,2,61
149904,149966,149969,3,62
149904,149966,149971,5,62
149904,149966,149971,5,62
149904,149967,149973,6,63
149904,149967,149973,6,63
149904,149967,149973,6,63
149904,149968,149973,5,64
149904,149968,149973,5,64
149904,149970,149975,5,66
149904,149974,149976,2,70
149904,149971,149977,6,67
149904,149974,149978,4,70
149904,149974,149977,3,70
149904,149974,149978,4,70
149904,149976,149978,2,72
149904,149974,149979,5,70
149904,149978,149980,2,74
149904,149972,149979,7,68
149904,149977,149979,2,73
149904,149978,149979,1,74
149904,149978,149980,2,74
149904,149979,149980,1,75
149904,149979,149980,1,75
149904,149980,149981,1,76
149904,149980,149981,1,76
149904,149980,149981,1,76
149904,149980,149981,1,76
149924,149981,149982,1,57
149924,149981,149982,1,57
149904,149980,149981,1,76
149924,149981,149982,1,57
149924,149981,149983,2,57
149924,149982,149986,4,58
149924,149982,149986,4,58
149924,149982,149987,5,58
149924,149982,149988,6,58
149924,149982,149989,7,58
149924,149983,149989,6,59
149924,149982,149992,10,58
149924,149986,149991,5,62
149924,149987,149991,4,63
149924,149989,149993,4,65
149924,149988,149993,5,64
149924,149989,149994,5,65
149924,149990,149994,4,66
149924,149992,149995,3,68
149924,149992,149995,3,68
149924,149992,149996,4,68
149924,149994,149996,2,70
149924,149994,149996,2,70
149924,149994,149996,2,70
149924,149995,149997,2,71
149924,149995,149997,2,71
149924,149994,149996,2,70
149924,149996,149997,1,72
149924,149996,149997,1,72
149924,149997,149998,1,73
149924,149996,149997,1,72
149930,149997,149998,1,67
149930,149997,149998,1,67
149924,149997,149998,1,73
149930,149998,149999,1,68
149773,149855,149999,144,82
149930,149998,150000,2,68
149930,149999,150001,2,69
149930,149999,150001,2,69
149930,149998,150001,3,68
149930,150000,150002,2,70
149930,149998,150002,4,68
149930,150001,150003,2,71
149930,149998,150002,4,68
149930,150001,150003,2,71
149930,150001,150004,3,71
149930,150001,150004,3,71
149930,150003,150004,1,73
149930,150003,150004,1,73
149930,150002,150005,3,72
149930,150004,150005,1,74
149930,150004,150005,1,74
149930,150005,150006,1,75
149930,150006,150007,1,76
149930,150006,150007,1,76
149930,150006,150007,1,76
149930,150006,150007,1,76
149930,150006,150007,1,76
149944,150007,150008,1,63
149944,150007,150008,1,63
149944,150007,150008,1,63
149944,150007,150010,3,63
149758,149825,150011,186,67
149944,150008,150013,5,64
149944,150008,150015,7,64
149944,150009,150017,8,65
149944,150009,150019,10,65
149944,150009,150019,10,65
149944,150010,150020,10,66
149944,150012,150021,9,68
149944,150017,150022,5,73
149944,150015,150022,7,71
149944,150019,150024,5,75
149944,150014,150024,10,70
149944,150020,150025,5,76
149944,150021,150025,4,77
149944,150022,150026,4,78
149944,150023,150026,3,79
149944,150023,150026,3,79
149944,150024,150026,2,80
149944,150025,150027,2,81
149944,150026,150027,1,82
149944,150025,150027,2,81
149944,150026,150028,2,82
149944,150026,150028,2,82
149944,150026,150028,2,82
149944,150027,150028,1,83
149944,150027,150028,1,83
149800,149891,150029,138,91
149965,150029,150030,1,64
149944,150028,150029,1,84
149944,150028,150029,1,84
149965,150029,150031,2,64
149965,150030,150034,4,65
149965,150030,150035,5,65
149965,150029,150035,6,64
149965,150030,150035,5,65
149965,150030,150035,5,65
149965,150035,150037,2,70
149965,150030,150038,8,65
149965,150035,150037,2,70
149965,150032,150038,6,67
149965,150035,150038,3,70
149965,150036,150039,3,71
149965,150036,150039,3,71
149965,150037,150040,3,72
149965,150038,150041,3,73
149965,150038,150041,3,73
149965,150039,150041,2,74
149965,150040,150042,2,75
149965,150039,150042,3,74
149965,150039,150041,2,74
149965,150040,150042,2,75
149965,150041,150042,1,76
149965,150041,150042,1,76
149965,150042,150043,1,77
149965,150041,150042,1,76
149965,150042,150043,1,77
149965,150042,150043,1,77
149965,150042,150043,1,77
149965,150043,150044,1,78
149965,150043,150044,1,78
149965,150043,150044,1,78
149965,150043,150045,2,78
149965,150044,150046,2,79
149965,150044,150046,2,79
149965,150044,150046,2,79
149965,150044,150046,2,79
149965,150043,150047,4,78
149965,150044,150047,3,79
149965,150045,150048,3,80
149965,150046,150048,2,81
149965,150046,150048,2,81
149965,150046,150048,2,81
149965,150046,150048,2,81
149965,150047,150048,1,82
149965,150048,150049,1,83
149965,150048,150050,2,83
149965,150048,150050,2,83
149965,150048,150050,2,83
149965,150049,150050,1,84
149965,150049,150050,1,84
149965,150049,150051,2,84
149965,150050,150051,1,85
149965,150050,150052,2,85
149965,150051,150052,1,86
149965,150051,150052,1,86
149965,150051,150052,1,86
149965,150051,150052,1,86
149965,150052,150053,1,87
149965,150051,150052,1,86
150004,150053,150054,1,49
150004,150053,150054,1,49
150004,150053,150054,1,49
150004,150053,150055,2,49
150004,150054,150056,2,50
150004,150054,150056,2,50
150004,150054,150057,3,50
150004,150055,150058,3,51
149782,149881,150058,177,99
150004,150054,150058,4,50
150004,150056,150059,3,52
150004,150057,150059,2,53
150004,150058,150060,2,54
150004,150059,150060,1,55
150004,150059,150060,1,55
150004,150059,150061,2,55
150004,150059,150061,2,55
150004,150058,150060,2,54
150004,150061,150062,1,57
150004,150061,150062,1,57
150004,150060,150061,1,56
150004,150061,150062,1,57
150004,150062,150063,1,58
150004,150062,150063,1,58
150004,150062,150063,1,58
150004,150061,150062,1,57
150004,150062,150063,1,58
150004,150062,150063,1,58
150004,150063,150064,1,59
150004,150063,150064,1,59
150013,150063,150064,1,50
150013,150063,150064,1,50
150013,150064,150065,1,51
150004,150064,150065,1,60
150013,150064,150066,2,51
150013,150064,150071,7,51
150013,150065,150071,6,52
150013,150067,150072,5,54
150013,150065,150073,8,52
150013,150064,150074,10,51
150013,150072,150074,2,59
150013,150072,150075,3,59
150013,150072,150075,3,59
150013,150074,150077,3,61
149871,149924,150078,154,53
150013,150076,150078,2,63
150013,150075,150078,3,62
150013,150076,150079,3,63
150013,150075,150079,4,62
150013,150079,150081,2,66
150013,150079,150081,2,66
150013,150077,150080,3,64
150013,150079,150081,2,66
150013,150079,150081,2,66
150013,150081,150082,1,68
150013,150081,150082,1,68
150013,150078,150083,5,65
150013,150081,150083,2,68
150013,150082,150083,1,69
150013,150082,150083,1,69
150030,150084,150085,1,54
150013,150083,150084,1,70
150030,150084,150085,1,54
150013,150083,150084,1,70
150013,150083,150084,1,70
150030,150085,150086,1,55
150030,150085,150088,3,55
150030,150085,150091,6,55
150030,150085,150091,6,55
150030,150085,150092,7,55
149878,149944,150093,149,66
150030,150087,150095,8,57
150030,150088,150098,10,58
150030,150091,150101,10,61
150030,150094,150101,7,64
150030,150091,150101,10,61
150030,150092,150102,10,62
150030,150096,150103,7,66
150030,150098,150103,5,68
150030,150103,150105,2,73
150030,150103,150106,3,73
150030,150101,150106,5,71
150030,150102,150106,4,72
150030,150103,150106,3,73
150030,150102,150106,4,72
150030,150106,150107,1,76
150030,150106,150108,2,76
150030,150106,150108,2,76
150030,150106,150108,2,76
150030,150106,150108,2,76
150030,150107,150108,1,77
150030,150108,150109,1,78
150030,150108,150109,1,78
150059,150109,150110,1,50
150030,150108,150109,1,78
150030,150108,150109,1,78
149833,149914,150110,196,81
150059,150110,150111,1,51
150059,150110,150111,1,51
150059,150110,150112,2,51
150059,150112,150113,1,53
150059,150112,150114,2,53
150059,150111,150114,3,52
150059,150110,150115,5,51
150059,150111,150115,4,52
150059,150114,150115,1,55
150059,150114,150116,2,55
150059,150114,150116,2,55
150059,150110,150116,6,51
150059,150115,150117,2,56
150059,150116,150117,1,57
150059,150116,150117,1,57
150059,150116,150118,2,57
150059,150117,150118,1,58
150059,150118,150119,1,59
150059,150118,150119,1,59
149905,149981,150119,138,76
150059,150119,150120,1,60
150059,150119,150120,1,60
150059,150119,150120,1,60
150059,150118,150120,2,59
150059,150120,150121,1,61
150059,150120,150121,1,61
150079,150120,150121,1,41
150079,150120,150121,1,41
150079,150120,150121,1,41
150079,150121,150122,1,42
150079,150120,150122,2,41
150079,150121,150122,1,42
150079,150121,150122,1,42
150079,150121,150124,3,42
150079,150121,150123,2,42
150079,150122,150123,1,43
150079,150123,150124,1,44
150079,150122,150124,2,43
150079,150123,150124,1,44
150079,150124,150125,1,45
150079,150124,150125,1,45
150079,150124,150125,1,45
150079,150124,150125,1,45
150079,150125,150126,1,46
150079,150126,150127,1,47
150079,150126,150127,1,47
150079,150126,150127,1,47
150079,150126,150127,1,47
150079,150126,150127,1,47
150079,150127,150128,1,48
150079,150129,150130,1,50
150079,150128,150129,1,49
150079,150128,150129,1,49
150079,150128,150129,1,49
150079,150128,150129,1,49
150079,150128,150129,1,49
150095,150130,150131,1,35
150095,150130,150131,1,35
150079,150130,150131,1,51
150095,150130,150131,1,35
150095,150130,150131,1,35
150095,150132,150134,2,37
150095,150131,150133,2,36
150095,150131,150133,2,36
150095,150132,150135,3,37
150095,150134,150135,1,39
150095,150132,150136,4,37
150095,150134,150136,2,39
149897,149965,150137,172,68
150095,150134,150136,2,39
150095,150136,150138,2,41
150095,150135,150137,2,40
150095,150137,150139,2,42
150095,150136,150139,3,41
150095,150137,150139,2,42
150095,150137,150138,1,42
150095,150138,150140,2,43
150095,150138,150139,1,43
150095,150140,150141,1,45
150095,150139,150140,1,44
150095,150141,150142,1,46
150095,150141,150142,1,46
150095,150140,150142,2,45
150095,150140,150141,1,45
150095,150142,150143,1,47
150116,150142,150143,1,26
150116,150142,150143,1,26
150116,150142,150144,2,26
150116,150142,150144,2,26
150116,150143,150148,5,27
150116,150143,150149,6,27
150116,150144,150149,5,28
150116,150148,150150,2,32
150116,150145,150150,5,29
150116,150149,150151,2,33
150116,150143,150152,9,27
150116,150149,150153,4,33
150116,150151,150154,3,35
150116,150151,150155,4,35
150116,150152,150155,3,36
150116,150153,150157,4,37
150116,150153,150157,4,37
150116,150155,150158,3,39
150116,150156,150159,3,40
150116,150157,150159,2,41
150116,150155,150159,4,39
150116,150158,150160,2,42
150116,150157,150160,3,41
150116,150159,150161,2,43
150116,150159,150160,1,43
150116,150159,150161,2,43
150116,150160,150161,1,44
150116,150160,150162,2,44
150116,150161,150162,1,45
150116,150161,150163,2,45
150116,150161,150163,2,45
150121,150163,150164,1,42
150121,150162,150164,2,41
150121,150163,150164,1,42
150121,150164,150167,3,43
149925,149997,150169,172,72
149930,150007,150169,162,77
150121,150164,150171,7,43
150121,150165,150175,10,44
150121,150165,150175,10,44
150121,150169,150176,7,48
150121,150168,150178,10,47
150121,150169,150179,10,48
150121,150175,150181,6,54
150121,150176,150181,5,55
150121,150172,150182,10,51
150121,150176,150182,6,55
150121,150179,150183,4,58
150121,150179,150183,4,58
150121,150181,150185,4,60
150121,150182,150185,3,61
150121,150181,150185,4,60
150121,150184,150186,2,63
150121,150183,150186,3,62
150121,150184,150186,2,63
150121,150186,150187,1,65
150121,150186,150187,1,65
150121,150186,150187,1,65
150121,150187,150188,1,66
150121,150187,150188,1,66
150121,150188,150189,1,67
150121,150188,150189,1,67
150121,150188,150189,1,67
150121,150187,150189,2,66
150138,150190,150191,1,52
149967,150053,150190,137,86
150138,150189,150191,2,51
150138,150190,150191,1,52
150138,150190,150192,2,52
150138,150193,150194,1,55
150138,150192,150194,2,54
150138,150191,150196,5,53
150138,150191,150196,5,53
150138,150191,150195,4,53
150138,150190,150196,6,52
150138,150195,150197,2,57
150138,150195,150196,1,57
150138,150196,150197,1,58
150138,150196,150198,2,58
150138,150196,150198,2,58
150138,150197,150199,2,59
150138,150197,150198,1,59
150138,150197,150198,1,59
150138,150198,150199,1,60
150138,150198,150199,1,60
150138,150199,150200,1,61
150138,150199,150200,1,61
150138,150198,150199,1,60
150138,150199,150200,1,61
150138,150199,150200,1,61
150138,150200,150201,1,62
150138,150200,150201,1,62
150005,150063,150201,138,58
150138,150200,150201,1,62
150138,150199,150201,2,61
149945,150028,150201,173,83
150138,150201,150202,1,63
150169,150201,150202,1,32
150138,150200,150201,1,62
150169,150201,150202,1,32
150169,150201,150202,1,32
150169,150201,150204,3,32
150169,150202,150207,5,33
150169,150202,150208,6,33
150169,150202,150207,5,33
150169,150203,150208,5,34
150169,150206,150208,2,37
150169,150202,150208,6,33
150169,150208,150209,1,39
150169,150208,150210,2,39
150169,150208,150211,3,39
150169,150202,150212,10,33
150169,150208,150212,4,39
150169,150209,150212,3,40
150169,150210,150213,3,41
150169,150209,150213,4,40
150169,150212,150214,2,43
150169,150211,150214,3,42
150169,150213,150214,1,44
150169,150211,150214,3,42
150169,150213,150214,1,44
150169,150213,150215,2,44
150169,150214,150215,1,45
150169,150214,150215,1,45
150169,150215,150216,1,46
150169,150214,150215,1,45
150169,150215,150216,1,46
150169,150215,150216,1,46
150169,150215,150216,1,46
150171,150216,150217,1,45
150171,150216,150217,1,45
150171,150216,150217,1,45
150171,150217,150218,1,46
150171,150217,150219,2,46
150171,150217,150219,2,46
150171,150218,150220,2,47
150171,150219,150221,2,48
150171,150217,150221,4,46
150171,150217,150220,3,46
150171,150219,150221,2,48
150171,150219,150221,2,48
150171,150220,150222,2,49
150171,150221,150222,1,50
150171,150221,150222,1,50
150171,150221,150223,2,50
150171,150222,150223,1,51
150171,150221,150224,3,50
150171,150223,150224,1,52
150171,150223,150224,1,52
150171,150223,150225,2,52
150171,150223,150225,2,52
150171,150224,150225,1,53
150171,150224,150226,2,53
150171,150226,150227,1,55
150171,150225,150226,1,54
150171,150226,150227,1,55
150171,150225,150226,1,54
150171,150225,150226,1,54
150195,150227,150228,1,32
150195,150227,150228,1,32
150171,150226,150227,1,55
150195,150227,150228,1,32
150171,150227,150228,1,56
150195,150228,150230,2,33
150195,150228,150233,5,33
150195,150228,150234,6,33
150195,150228,150234,6,33
150195,150229,150234,5,34
150195,150231,150237,6,36
150195,150234,150240,6,39
150195,150234,150240,6,39
150195,150235,150240,5,40
150195,150234,150240,6,39
150195,150237,150242,5,42
150195,150241,150244,3,46
150195,150240,150245,5,45
150195,150241,150245,4,46
150195,150243,150246,3,48
150195,150240,150246,6,45
149674,149675,150246,571,1
150060,150120,150247,127,60
150195,150246,150248,2,51
150195,150245,150248,3,50
150195,150245,150248,3,50
150195,150246,150248,2,51
150195,150246,150248,2,51
150195,150248,150249,1,53
150195,150249,150250,1,54
150195,150248,150249,1,53
150195,150248,150249,1,53
150195,150248,150250,2,53
150195,150248,150250,2,53
150202,150250,150251,1,48
150030,150108,150251,143,78
150195,150250,150251,1,55
150202,150250,150251,1,48
150202,150251,150252,1,49
150202,150251,150255,4,49
150202,150251,150257,6,49
150202,150252,150260,8,50
150014,150083,150260,177,69
150202,150252,150261,9,50
149965,150053,150262,209,88
150202,150252,150262,10,50
150202,150253,150262,9,51
150202,150255,150264,9,53
150202,150262,150267,5,60
150202,150262,150267,5,60
150202,150263,150267,4,61
150202,150262,150267,5,60
150202,150258,150268,10,56
150202,150261,150268,7,59
150202,150261,150269,8,59
150202,150265,150268,3,63
150202,150268,150270,2,66
150202,150268,150270,2,66
150202,150268,150270,2,66
150202,150267,150270,3,65
150202,150268,150271,3,66
150202,150269,150271,2,67
150202,150269,150270,1,67
150202,150270,150271,1,68
150202,150270,150272,2,68
150202,150271,150272,1,69
150202,150271,150272,1,69
150202,150270,150272,2,68
150202,150271,150272,1,69
150202,150267,150272,5,65
150202,150270,150271,1,68
150202,150271,150272,1,69
150202,150272,150273,1,70
150202,150272,150275,3,70
150202,150272,150274,2,70
150202,150272,150276,4,70
150202,150273,150276,3,71
150202,150273,150276,3,71
150202,150274,150277,3,72
150202,150273,150276,3,71
150202,150275,150277,2,73
150202,150275,150276,1,73
150202,150277,150278,1,75
150202,150277,150278,1,75
150202,150277,150279,2,75
150202,150277,150279,2,75
150202,150277,150279,2,75
150202,150277,150279,2,75
150202,150272,150279,7,70
150202,150278,150279,1,76
150202,150280,150281,1,78
150202,150279,150280,1,77
150202,150279,150280,1,77
150202,150279,150280,1,77
150202,150280,150281,1,78
150202,150280,150281,1,78
150202,150281,150282,1,79
150202,150280,150281,1,78
150202,150280,150281,1,78
150248,150281,150282,1,33
150248,150282,150283,1,34
150248,150282,150283,1,34
150248,150282,150283,1,34
150248,150283,150285,2,35
150248,150282,150285,3,34
150248,150284,150285,1,36
150248,150285,150286,1,37
150248,150282,150286,4,34
150248,150282,150286,4,34
150248,150286,150287,1,38
150248,150283,150286,3,35
150248,150286,150287,1,38
150248,150286,150287,1,38
150248,150286,150288,2,38
150248,150287,150288,1,39
150248,150287,150288,1,39
150248,150287,150288,1,39
150248,150288,150290,2,40
150248,150288,150290,2,40
150248,150289,150290,1,41
150248,150289,150290,1,41
150248,150289,150290,1,41
150248,150289,150290,1,41
150248,150291,150292,1,43
150248,150291,150292,1,43
150248,150290,150292,2,42
150248,150290,150291,1,42
150248,150291,150292,1,43
150257,150292,150293,1,35
150257,150292,150293,1,35
150257,150292,150293,1,35
150257,150293,150295,2,36
150257,150293,150300,7,36
150257,150293,150300,7,36
150116,150162,150301,139,46
150080,150130,150301,171,50
150257,150294,150301,7,37
150257,150294,150302,8,37
150257,150296,150302,6,39
150257,150300,150306,6,43
150257,150303,150307,4,46
150257,150301,150308,7,44
150257,150300,150308,8,43
150257,150303,150309,6,46
150257,150307,150311,4,50
150257,150301,150310,9,44
150257,150302,150311,9,45
150257,150308,150311,3,51
150257,150309,150311,2,52
150257,150308,150311,3,51
150257,150310,150312,2,53
150257,150311,150313,2,54
150257,150311,150313,2,54
150257,150311,150313,2,54
150257,150312,150313,1,55
150257,150312,150313,1,55
150257,150311,150313,2,54
150262,150314,150315,1,52
150257,150313,150314,1,56
150257,150314,150315,1,57
150262,150314,150315,1,52
150257,150313,150314,1,56
150257,150313,150315,2,56
150262,150315,150316,1,53
150262,150315,150317,2,53
150262,150315,150317,2,53
150262,150315,150318,3,53
150262,150315,150318,3,53
150095,150142,150318,176,47
150262,150315,150319,4,53
150262,150318,150319,1,56
150262,150316,150319,3,54
150262,150318,150320,2,56
150262,150319,150320,1,57
150262,150317,150320,3,55
150262,150320,150321,1,58
150262,150321,150322,1,59
150262,150319,150321,2,57
150262,150320,150321,1,58
150262,150319,150321,2,57
150262,150320,150321,1,58
150262,150321,150322,1,59
150262,150322,150323,1,60
150262,150322,150323,1,60
150262,150322,150323,1,60
150262,150322,150324,2,60
150262,150322,150323,1,60
150262,150322,150323,1,60
150262,150324,150325,1,62
150262,150324,150325,1,62
150262,150323,150324,1,61
150262,150324,150325,1,62
150263,150324,150325,1,61
150263,150325,150326,1,62
150263,150325,150326,1,62
150262,150324,150325,1,62
150263,150325,150327,2,62
150263,150325,150331,6,62
150263,150325,150330,5,62
150263,150326,150332,6,63
150263,150326,150332,6,63
150263,150326,150333,7,63
150263,150328,150334,6,65
150263,150331,150337,6,68
150263,150333,150338,5,70
150263,150333,150338,5,70
150263,150334,150338,4,71
150263,150331,150339,8,68
150263,150333,150340,7,70
150263,150338,150341,3,75
150263,150338,150341,3,75
150263,150339,150342,3,76
150263,150339,150342,3,76
150263,150339,150342,3,76
150263,150341,150343,2,78
150263,150342,150344,2,79
150263,150342,150344,2,79
150263,150343,150344,1,80
150263,150342,150344,2,79
150263,150343,150344,1,80
150263,150344,150345,1,81
150263,150343,150345,2,80
150263,150344,150345,1,81
150302,150345,150346,1,43
150263,150344,150346,2,81
150302,150345,150346,1,43
150170,150216,150347,131,46
150302,150346,150347,1,44
150302,150346,150347,1,44
150302,150346,150349,3,44
150302,150346,150349,3,44
150302,150346,150349,3,44
150121,150189,150350,161,68
150302,150349,150351,2,47
150302,150349,150351,2,47
150302,150349,150351,2,47
150302,150348,150351,3,46
150302,150348,150351,3,46
150302,150348,150352,4,46
150302,150352,150353,1,50
150302,150351,150353,2,49
150302,150352,150353,1,50
150302,150352,150353,1,50
150302,150351,150353,2,49
150302,150352,150353,1,50
150302,150353,150354,1,51
150302,150353,150354,1,51
150302,150354,150355,1,52
150302,150354,150355,1,52
150302,150355,150356,1,53
150302,150354,150355,1,52
150302,150355,150356,1,53
150302,150354,150355,1,52
150302,150354,150355,1,52
150302,150356,150357,1,54
150302,150356,150357,1,54
150302,150356,150357,1,54
150302,150356,150357,1,54
150302,150356,150357,1,54
150302,150356,150358,2,54
150302,150358,150360,2,56
150302,150359,150360,1,57
150302,150358,150361,3,56
150302,150357,150362,5,55
150302,150356,150361,5,54
150302,150360,150362,2,58
150302,150361,150362,1,59
150302,150357,150362,5,55
150302,150362,150363,1,60
150302,150362,150363,1,60
150302,150357,150363,6,55
150302,150363,150364,1,61
150302,150362,150364,2,60
150302,150362,150364,2,60
150302,150364,150365,1,62
150302,150363,150364,1,61
150302,150364,150365,1,62
150302,150364,150365,1,62
150302,150364,150365,1,62
150302,150364,150365,1,62
150302,150364,150365,1,62
150302,150365,150366,1,63
150302,150365,150366,1,63
150302,150365,150366,1,63
150302,150365,150366,1,63
150321,150366,150367,1,45
150321,150366,150367,1,45
150302,150365,150366,1,63
150302,150365,150366,1,63
150321,150366,150367,1,45
150139,150201,150369,168,62
150321,150367,150370,3,46
150321,150368,150370,2,47
150321,150367,150371,4,46
150321,150367,150372,5,46
150321,150367,150373,6,46
150321,150370,150373,3,49
150321,150372,150373,1,51
150321,150370,150373,3,49
150321,150371,150374,3,50
150321,150372,150373,1,51
150321,150373,150374,1,52
150321,150374,150375,1,53
150321,150374,150375,1,53
150321,150374,150375,1,53
150321,150374,150375,1,53
150321,150374,150376,2,53
150321,150376,150377,1,55
150321,150375,150376,1,54
150321,150375,150377,2,54
150321,150376,150377,1,55
150321,150377,150378,1,56
150321,150376,150377,1,55
150321,150376,150377,1,55
150321,150377,150378,1,56
150321,150378,150379,1,57
150321,150378,150379,1,57
150321,150377,150378,1,56
150321,150378,150379,1,57
150352,150379,150380,1,27
150352,150379,150380,1,27
150352,150379,150380,1,27
150352,150379,150382,3,27
150352,150379,150385,6,27
150352,150381,150388,7,29
150352,150381,150388,7,29
150352,150381,150388,7,29
150352,150382,150388,6,30
150352,150386,150392,6,34
150352,150388,150394,6,36
150171,150227,150396,169,56
150352,150388,150398,10,36
150352,150388,150398,10,36
150352,150389,150398,9,37
150352,150393,150398,5,41
150352,150395,150399,4,43
150352,150397,150401,4,45
150352,150399,150401,2,47
150352,150399,150401,2,47
150352,150398,150401,3,46
150352,150398,150401,3,46
150352,150400,150402,2,48
150352,150402,150403,1,50
150352,150402,150403,1,50
150352,150401,150403,2,49
150352,150402,150404,2,50
150352,150402,150404,2,50
150352,150403,150404,1,51
150352,150404,150405,1,52
150352,150404,150405,1,52
150352,150404,150405,1,52
150352,150404,150406,2,52
150352,150404,150406,2,52
150352,150405,150406,1,53
150352,150405,150407,2,53
150352,150406,150411,5,54
150352,150406,150413,7,54
150352,150406,150413,7,54
150352,150406,150414,8,54
150352,150407,150415,8,55
150352,150407,150414,7,55
150196,150250,150417,167,54
150352,150411,150418,7,59
150203,150281,150419,138,78
150352,150415,150420,5,63
150352,150414,150420,6,62
150352,150415,150420,5,63
150352,150413,150422,9,61
150352,150418,150422,4,66
150352,150421,150422,1,69
150352,150419,150422,3,67
150352,150420,150423,3,68
150352,150421,150423,2,69
150352,150414,150423,9,62
150352,150422,150424,2,70
150352,150423,150424,1,71
150352,150423,150424,1,71
150352,150420,150424,4,68
150352,150423,150425,2,71
150352,150423,150425,2,71
150352,150423,150425,2,71
150352,150424,150425,1,72
150352,150424,150425,1,72
150352,150425,150426,1,73
150372,150425,150426,1,53
150372,150425,150426,1,53
150372,150425,150427,2,53
150372,150426,150430,4,54
150372,150426,150433,7,54
150208,150281,150434,153,73
150372,150427,150435,8,55
150372,150427,150436,9,55
150372,150427,150436,9,55
150372,150431,150437,6,59
150372,150427,150437,10,55
150372,150433,150441,8,61
150372,150438,150441,3,66
150372,150437,150441,4,65
150372,150436,150442,6,64
150372,150436,150442,6,64
150372,150437,150442,5,65
150372,150442,150444,2,70
150372,150442,150445,3,70
150372,150443,150445,2,71
150372,150435,150445,10,63
150372,150442,150445,3,70
150372,150443,150445,2,71
150372,150441,150446,5,69
150372,150445,150446,1,73
150372,150445,150446,1,73
150372,150445,150446,1,73
150372,150445,150447,2,73
150372,150445,150447,2,73
150372,150446,150447,1,74
150397,150447,150448,1,50
150397,150447,150448,1,50
150372,150447,150448,1,75
150372,150447,150448,1,75
150258,150314,150449,135,56
150397,150448,150449,1,51
150397,150448,150452,4,51
150397,150448,150454,6,51
150397,150449,150455,6,52
150397,150449,150455,6,52
150397,150449,150455,6,52
150397,150450,150456,6,53
150397,150450,150456,6,53
150397,150453,150459,6,56
150397,150455,150460,5,58
150397,150456,150461,5,59
150397,150456,150461,5,59
150397,150457,150461,4,60
150397,150457,150461,4,60
150397,150456,150462,6,59
150397,150461,150463,2,64
150397,150461,150463,2,64
150397,150459,150463,4,62
150397,150460,150463,3,63
150397,150461,150463,2,64
150397,150462,150464,2,65
150397,150463,150465,2,66
150397,150463,150464,1,66
150397,150463,150464,1,66
150397,150463,150464,1,66
150397,150463,150465,2,66
150397,150464,150465,1,67
150397,150464,150465,1,67
150419,150465,150466,1,46
150419,150465,150466,1,46
150419,150465,150467,2,46
150419,150465,150467,2,46
150419,150466,150471,5,47
150419,150466,150471,5,47
150419,150467,150471,4,48
150419,150467,150471,4,48
150262,150324,150471,147,62
150419,150466,150472,6,47
150419,150466,150473,7,47
150419,150472,150473,1,53
150419,150472,150473,1,53
150419,150472,150474,2,53
150419,150472,150474,2,53
150419,150473,150475,2,54
150249,150292,150475,183,43
150419,150471,150475,4,52
150419,150471,150474,3,52
150419,150474,150475,1,55
150419,150474,150475,1,55
150419,150474,150476,2,55
150419,150474,150476,2,55
150419,150475,150477,2,56
150419,150475,150477,2,56
150419,150475,150477,2,56
150419,150475,150476,1,56
150419,150477,150478,1,58
150419,150476,150477,1,57
150419,150476,150477,1,57
150419,150476,150478,2,57
150421,150478,150479,1,57
150419,150478,150479,1,59
150421,150478,150479,1,57
150421,150478,150479,1,57
150421,150479,150484,5,58
150421,150479,150485,6,58
150421,150479,150485,6,58
150421,150480,150486,6,59
150421,150480,150486,6,59
150421,150480,150486,6,59
150421,150480,150487,7,59
150264,150344,150488,144,80
150421,150486,150490,4,65
150421,150487,150491,4,66
150421,150488,150491,3,67
150421,150486,150492,6,65
150421,150489,150492,3,68
150421,150486,150493,7,65
150421,150484,150493,9,63
150421,150491,150494,3,70
150421,150486,150494,8,65
150421,150493,150495,2,72
150421,150492,150494,2,71
150421,150493,150494,1,72
150421,150492,150494,2,71
150421,150494,150495,1,73
150421,150494,150495,1,73
150421,150495,150496,1,74
150421,150494,150495,1,73
150421,150495,150496,1,74
150435,150496,150497,1,61
150421,150495,150496,1,74
150435,150496,150497,1,61
150421,150495,150496,1,74
150435,150496,150497,1,61
150435,150496,150498,2,61
150435,150497,150504,7,62
150435,150497,150504,7,62
150435,150496,150506,10,61
150435,150497,150507,10,62
150435,150497,150507,10,62
150435,150498,150507,9,63
150435,150499,150508,9,64
150435,150505,150511,6,70
150435,150505,150510,5,70
150302,150365,150511,146,63
150435,150507,150512,5,72
150435,150508,150512,4,73
150435,150507,150511,4,72
150435,150507,150513,6,72
150435,150512,150514,2,77
150435,150506,150515,9,71
150435,150513,150515,2,78
150435,150512,150515,3,77
150435,150512,150514,2,77
150435,150511,150514,3,76
150435,150511,150514,3,76
150435,150512,150516,4,77
150435,150514,150516,2,79
150435,150515,150517,2,80
150435,150515,150517,2,80
150435,150515,150516,1,80
150435,150515,150517,2,80
150435,150515,150517,2,80
150454,150516,150518,2,62
150454,150517,150518,1,63
150454,150517,150519,2,63
150454,150517,150519,2,63
150454,150517,150521,4,63
150322,150379,150522,143,57
150454,150518,150524,6,64
150454,150519,150525,6,65
150454,150519,150526,7,65
150454,150519,150526,7,65
150454,150520,150526,6,66
150454,150518,150526,8,64
150454,150522,150529,7,68
150454,150527,150531,4,73
150454,150522,150530,8,68
150454,150526,150531,5,72
150454,150526,150530,4,72
150454,150529,150531,2,75
150454,150526,150531,5,72
150454,150527,150532,5,73
150454,150531,150533,2,77
150454,150531,150533,2,77
150454,150531,150533,2,77
150454,150531,150533,2,77
150454,150532,150533,1,78
150454,150532,150533,1,78
150454,150525,150533,8,71
150454,150533,150534,1,79
150454,150533,150534,1,79
150454,150533,150534,1,79
150473,150534,150535,1,61
150454,150533,150535,2,79
150454,150534,150535,1,80
150473,150535,150536,1,62
150473,150535,150536,1,62
150473,150534,150537,3,61
150473,150535,150538,3,62
150304,150366,150539,173,62
150473,150536,150540,4,63
150473,150536,150540,4,63
150473,150540,150541,1,67
150473,150540,150542,2,67
150473,150538,150542,4,65
150473,150535,150542,7,62
150473,150537,150541,4,64
150473,150539,150542,3,66
150473,150536,150542,6,63
150473,150542,150543,1,69
150473,150542,150543,1,69
150473,150542,150543,1,69
150473,150541,150544,3,68
150473,150542,150543,1,69
150473,150542,150543,1,69
150473,150542,150543,1,69
150473,150543,150544,1,70
150473,150544,150545,1,71
150473,150543,150545,2,70
150473,150544,150545,1,71
150473,150545,150546,1,72
150473,150544,150545,1,71
150473,150544,150545,1,71
150473,150544,150545,1,71
150473,150544,150546,2,71
150476,150546,150547,1,70
150473,150545,150546,1,72
150476,150546,150547,1,70
150476,150546,150547,1,70
150476,150546,150548,2,70
150353,150425,150550,125,72
150476,150547,150552,5,71
150476,150547,150554,7,71
150476,150548,150555,7,72
150476,150548,150555,7,72
150476,150547,150555,8,71
150476,150548,150558,10,72
150476,150547,150558,11,71
150476,150550,150559,9,74
150476,150554,150560,6,78
150476,150555,150560,5,79
150476,150555,150561,6,79
150476,150556,150561,5,80
150476,150558,150562,4,82
150476,150559,150562,3,83
150476,150560,150562,2,84
150476,150553,150562,9,77
150476,150560,150563,3,84
150476,150560,150562,2,84
150476,150562,150563,1,86
150476,150562,150564,2,86
150476,150562,150564,2,86
150476,150563,150564,1,87
150476,150563,150564,1,87
150476,150564,150565,1,88
150476,150563,150564,1,87
150476,150563,150564,1,87
150476,150563,150564,1,87
150489,150564,150565,1,75
150489,150565,150566,1,76
150489,150565,150566,1,76
150489,150565,150567,2,76
150489,150565,150572,7,76
150489,150565,150573,8,76
150489,150565,150573,8,76
150489,150566,150576,10,77
150489,150567,150577,10,78
150489,150567,150577,10,78
150489,150568,150577,9,79
150489,150573,150579,6,84
150489,150573,150580,7,84
150489,150578,150582,4,89
150489,150578,150582,4,89
150489,150572,150582,10,83
150489,150578,150583,5,89
150489,150580,150583,3,91
150489,150580,150584,4,91
150489,150576,150585,9,87
150489,150582,150585,3,93
150489,150582,150584,2,93
150489,150583,150585,2,94
150489,150583,150585,2,94
150489,150584,150585,1,95
150489,150585,150587,2,96
150489,150585,150587,2,96
150489,150585,150587,2,96
150489,150585,150587,2,96
150489,150585,150587,2,96
150489,150586,150587,1,97
150513,150587,150588,1,74
150513,150587,150588,1,74
150513,150587,150588,1,74
150513,150587,150589,2,74
150513,150588,150591,3,75
150513,150590,150591,1,77
150513,150588,150592,4,75
150513,150588,150592,4,75
150513,150592,150593,1,79
150513,150592,150593,1,79
150513,150588,150593,5,75
150513,150588,150593,5,75
150513,150593,150595,2,80
150513,150594,150595,1,81
150513,150594,150595,1,81
150513,150594,150595,1,81
150513,150593,150595,2,80
150513,150594,150596,2,81
150513,150596,150597,1,83
150513,150596,150597,1,83
150513,150596,150597,1,83
150513,150596,150597,1,83
150513,150596,150597,1,83
150513,150597,150598,1,84
150513,150597,150598,1,84
150513,150597,150598,1,84
150513,150597,150599,2,84
150513,150598,150599,1,85
150513,150598,150599,1,85
150513,150598,150599,1,85
150513,150598,150599,1,85
150522,150599,150600,1,77
150522,150599,150601,2,77
150522,150600,150601,1,78
150522,150600,150602,2,78
150372,150447,150603,156,75
150522,150600,150605,5,78
150522,150601,150608,7,79
150522,150602,150609,7,80
150522,150602,150609,7,80
150397,150465,150609,144,68
150522,150602,150609,7,80
150419,150478,150611,133,59
150522,150604,150612,8,82
150522,150606,150613,7,84
150522,150608,150615,7,86
150522,150609,150615,6,87
150522,150610,150615,5,88
150522,150610,150615,5,88
150522,150612,150616,4,90
150522,150613,150616,3,91
150522,150611,150616,5,89
150522,150615,150617,2,93
150522,150616,150618,2,94
150522,150615,150618,3,93
150522,150615,150618,3,93
150522,150616,150618,2,94
150522,150617,150618,1,95
150522,150610,150618,8,88
150522,150617,150618,1,95
150522,150618,150619,1,96
150522,150619,150620,1,97
150541,150619,150620,1,78
150522,150618,150619,1,96
150522,150618,150620,2,96
150522,150619,150620,1,97
150541,150619,150620,1,78
150541,150620,150621,1,79
150541,150620,150621,1,79
150354,150425,150623,198,71
150541,150620,150625,5,79
150541,150620,150627,7,79
150541,150622,150629,7,81
150541,150624,150629,5,83
150541,150622,150629,7,81
150541,150621,150630,9,80
150541,150621,150631,10,80
150541,150621,150631,10,80
150541,150626,150633,7,85
150541,150630,150634,4,89
150541,150630,150634,4,89
150541,150629,150634,5,88
150541,150631,150634,3,90
150541,150628,150635,7,87
150541,150632,150635,3,91
150541,150634,150636,2,93
150541,150634,150636,2,93
150541,150630,150637,7,89
150541,150634,150636,2,93
150541,150635,150637,2,94
150541,150635,150637,2,94
150541,150635,150637,2,94
150541,150635,150637,2,94
150541,150637,150638,1,96
150541,150636,150637,1,95
150541,150636,150638,2,95
150541,150637,150638,1,96
150552,150637,150638,1,85
150552,150637,150638,1,85
150552,150637,150638,1,85
150552,150638,150639,1,86
150552,150639,150642,3,87
150552,150638,150642,4,86
150552,150639,150642,3,87
150436,150515,150642,127,79
150552,150639,150643,4,87
150552,150638,150642,4,86
150422,150495,150643,148,73
150552,150642,150643,1,90
150552,150642,150644,2,90
150552,150642,150645,3,90
150552,150642,150645,3,90
150552,150639,150645,6,87
150552,150643,150645,2,91
150552,150644,150645,1,92
150552,150644,150645,1,92
150552,150645,150646,1,93
150552,150644,150646,2,92
150552,150645,150646,1,93
150552,150646,150647,1,94
150552,150645,150646,1,93
150552,150640,150647,7,88
150552,150646,150647,1,94
150552,150646,150647,1,94
150552,150646,150648,2,94
150552,150646,150648,2,94
150552,150647,150648,1,95
150552,150647,150648,1,95
150605,150647,150649,2,42
150605,150647,150648,1,42
150605,150647,150648,1,42
150605,150648,150650,2,43
150605,150649,150653,4,44
150605,150649,150655,6,44
150605,150649,150656,7,44
150605,150650,150656,6,45
150605,150649,150656,7,44
150605,150649,150656,7,44
150605,150649,150658,9,44
150605,150649,150660,11,44
150605,150654,150660,6,49
150605,150657,150661,4,52
150605,150657,150660,3,52
150605,150657,150661,4,52
150605,150659,150662,3,54
150605,150656,150662,6,51
150605,150657,150663,6,52
150605,150662,150663,1,57
150605,150661,150663,2,56
150605,150660,150663,3,55
150605,150661,150664,3,56
150605,150661,150663,2,56
150605,150663,150664,1,58
150605,150663,150664,1,58
150605,150664,150665,1,59
150605,150664,150665,1,59
150605,150664,150666,2,59
150605,150664,150665,1,59
150605,150664,150665,1,59
150611,150665,150666,1,54
150611,150665,150666,1,54
150611,150666,150667,1,55
150611,150666,150668,2,55
150611,150666,150672,6,55
150611,150666,150674,8,55
150611,150666,150673,7,55
150611,150667,150674,7,56
150611,150667,150674,7,56
150611,150668,150675,7,57
150611,150668,150677,9,57
150474,150545,150679,134,71
150611,150674,150680,6,63
150611,150675,150679,4,64
150611,150676,150680,4,65
150611,150674,150681,7,63
150611,150674,150681,7,63
150611,150678,150681,3,67
150611,150672,150683,11,61
150611,150681,150683,2,70
150611,150680,150683,3,69
150611,150680,150683,3,69
150611,150680,150684,4,69
150611,150680,150683,3,69
150611,150682,150684,2,71
150611,150682,150684,2,71
150611,150683,150685,2,72
150611,150683,150685,2,72
150611,150683,150685,2,72
150611,150683,150685,2,72
150611,150684,150686,2,73
150611,150684,150685,1,73
150612,150684,150686,2,72
150612,150685,150686,1,73
150612,150685,150687,2,73
150612,150685,150687,2,73
150612,150685,150690,5,73
150612,150686,150694,8,74
150612,150686,150694,8,74
150612,150687,150694,7,75
150612,150687,150694,7,75
150612,150686,150694,8,74
150612,150687,150694,7,75
150476,150564,150695,131,88
150612,150691,150697,6,79
150612,150695,150698,3,83
150612,150695,150698,3,83
150612,150696,150699,3,84
150612,150694,150700,6,82
150612,150698,150700,2,86
150612,150699,150700,1,87
150612,150694,150700,6,82
150612,150699,150701,2,87
150612,150699,150701,2,87
150612,150700,150702,2,88
150612,150694,150702,8,82
150612,150701,150702,1,89
150612,150701,150702,1,89
150612,150701,150703,2,89
150612,150694,150703,9,82
150612,150702,150704,2,90
150612,150702,150703,1,90
150612,150702,150704,2,90
150612,150703,150704,1,91
150625,150703,150704,1,78
150625,150703,150705,2,78
150625,150704,150705,1,79
150455,150534,150709,175,79
150625,150704,150709,5,79
150625,150706,150712,6,81
150625,150705,150713,8,80
150625,150705,150714,9,80
150625,150705,150714,9,80
150625,150705,150714,9,80
150625,150705,150715,10,80
150625,150709,150716,7,84
150625,150710,150717,7,85
150625,150715,150719,4,90
150625,150715,150719,4,90
150625,150713,150719,6,88
150625,150715,150718,3,90
150625,150717,150719,2,92
150625,150714,150719,5,89
150625,150715,150720,5,90
150625,150719,150721,2,94
150625,150719,150720,1,94
150625,150718,150721,3,93
150625,150719,150721,2,94
150625,150719,150721,2,94
150625,150720,150721,1,95
150625,150720,150721,1,95
150645,150721,150722,1,76
150625,150721,150723,2,96
150625,150721,150722,1,96
150645,150722,150723,1,77
150625,150721,150722,1,96
150645,150722,150723,1,77
150625,150721,150722,1,96
150645,150723,150724,1,78
150645,150723,150726,3,78
150645,150723,150729,6,78
150645,150723,150730,7,78
150645,150723,150729,6,78
150645,150723,150730,7,78
150645,150723,150729,6,78
150645,150725,150731,6,80
150645,150727,150732,5,82
150645,150730,150734,4,85
150645,150732,150735,3,87
150645,150730,150735,5,85
150645,150730,150735,5,85
150645,150730,150735,5,85
150645,150730,150735,5,85
150645,150733,150736,3,88
150645,150735,150737,2,90
150645,150735,150737,2,90
150645,150736,150738,2,91
150645,150736,150738,2,91
150645,150736,150738,2,91
150645,150734,150737,3,89
150645,150737,150738,1,92
150645,150737,150739,2,92
150645,150738,150739,1,93
150645,150738,150739,1,93
150646,150739,150740,1,93
150645,150738,150739,1,93
150645,150738,150739,1,93
150646,150739,150740,1,93
150646,150739,150740,1,93
150646,150740,150741,1,94
150514,150599,150742,143,85
150646,150740,150744,4,94
150646,150740,150746,6,94
150646,150740,150746,6,94
150646,150740,150746,6,94
150646,150740,150746,6,94
150646,150742,150747,5,96
150646,150742,150747,5,96
150646,150744,150748,4,98
150646,150746,150749,3,100
150646,150746,150749,3,100
150646,150747,150750,3,101
150646,150746,150750,4,100
150646,150747,150749,2,101
150646,150746,150750,4,100
150646,150749,150751,2,103
150646,150750,150751,1,104
150646,150749,150751,2,103
150646,150750,150752,2,104
150646,150750,150752,2,104
150646,150750,150752,2,104
150490,150586,150752,166,96
150646,150751,150752,1,105
150646,150752,150753,1,106
150646,150753,150754,1,107
150646,150752,150753,1,106
150681,150753,150754,1,72
150646,150752,150753,1,106
150646,150753,150754,1,107
150681,150754,150755,1,73
150681,150754,150755,1,73
150646,150752,150754,2,106
150681,150754,150755,1,73
150681,150754,150757,3,73
150681,150754,150759,5,73
150681,150755,150760,5,74
150681,150756,150759,3,75
150681,150755,150760,5,74
150681,150755,150760,5,74
150681,150757,150760,3,76
150681,150761,150762,1,80
150681,150760,150762,2,79
150681,150761,150762,1,80
150681,150761,150763,2,80
150681,150755,150763,8,74
150681,150760,150764,4,79
150681,150759,150764,5,78
150681,150763,150764,1,82
150681,150763,150764,1,82
150681,150763,150765,2,82
150681,150764,150766,2,83
150681,150764,150765,1,83
150681,150765,150766,1,84
150681,150765,150766,1,84
150681,150765,150766,1,84
150681,150764,150766,2,83
150681,150765,150766,1,84
150681,150766,150767,1,85
150681,150766,150767,1,85
150681,150766,150767,1,85
150696,150767,150768,1,71
150696,150766,150767,1,70
150696,150767,150768,1,71
150696,150767,150769,2,71
150696,150767,150772,5,71
150542,150637,150773,136,95
150696,150767,150774,7,71
150696,150768,150774,6,72
150696,150769,150776,7,73
150696,150768,150775,7,72
150696,150769,150776,7,73
150696,150772,150779,7,76
150696,150774,150779,5,78
150696,150775,150780,5,79
150696,150776,150780,4,80
150696,150776,150781,5,80
150696,150775,150781,6,79
150696,150780,150782,2,84
150696,150781,150783,2,85
150696,150779,150783,4,83
150696,150779,150783,4,83
150696,150781,150783,2,85
150696,150781,150784,3,85
150696,150783,150784,1,87
150696,150784,150785,1,88
150696,150784,150785,1,88
150696,150784,150785,1,88
150696,150784,150785,1,88
150696,150776,150785,9,80
150696,150784,150786,2,88
150710,150786,150787,1,76
150710,150786,150787,1,76
150696,150785,150786,1,89
150696,150786,150787,1,90
150710,150786,150787,1,76
150710,150787,150788,1,77
150523,150619,150792,173,96
150710,150787,150792,5,77
150710,150788,150794,6,78
150710,150787,150793,6,77
150710,150788,150794,6,78
150710,150789,150794,5,79
150710,150787,150797,10,77
150710,150795,150797,2,85
150710,150795,150797,2,85
150710,150795,150797,2,85
150710,150793,150798,5,83
150710,150793,150797,4,83
150710,150798,150799,1,88
150710,150794,150799,5,84
150710,150798,150800,2,88
150710,150797,150800,3,87
150710,150798,150799,1,88
150710,150798,150800,2,88
150710,150798,150800,2,88
150710,150800,150801,1,90
150710,150800,150801,1,90
150710,150800,150801,1,90
150605,150664,150801,137,59
150710,150800,150801,1,90
150710,150800,150801,1,90
150710,150801,150802,1,91
150710,150801,150802,1,91
150710,150802,150803,1,92
150745,150802,150803,1,57
150745,150802,150803,1,57
150745,150802,150803,1,57
150710,150802,150803,1,92
150745,150803,150804,1,58
150745,150803,150805,2,58
150745,150803,150806,3,58
150745,150804,150806,2,59
150745,150805,150806,1,60
150745,150803,150807,4,58
150745,150803,150806,3,58
150745,150803,150806,3,58
150745,150806,150807,1,61
150745,150807,150808,1,62
150745,150806,150808,2,61
150745,150807,150808,1,62
150745,150807,150808,1,62
150745,150807,150808,1,62
150745,150807,150808,1,62
150745,150808,150809,1,63
150745,150808,150809,1,63
150745,150808,150809,1,63
150745,150808,150809,1,63
150745,150808,150809,1,63
150745,150809,150810,1,64
150745,150809,150810,1,64
150552,150647,150811,164,95
150745,150810,150811,1,65
150745,150809,150810,1,64
150745,150809,150810,1,64
150753,150811,150812,1,58
150753,150811,150812,1,58
150753,150811,150812,1,58
150753,150811,150812,1,58
150753,150812,150815,3,59
150753,150811,150814,3,58
150753,150812,150815,3,59
150753,150813,150815,2,60
150753,150811,150816,5,58
150753,150813,150815,2,60
150753,150811,150816,5,58
150753,150815,150818,3,62
150753,150816,150817,1,63
150753,150816,150817,1,63
150753,150816,150817,1,63
150753,150817,150818,1,64
150753,150815,150818,3,62
150753,150816,150817,1,63
150753,150818,150819,1,65
150753,150818,150819,1,65
150753,150818,150819,1,65
150753,150818,150819,1,65
150753,150818,150819,1,65
150753,150819,150820,1,66
150753,150819,150820,1,66
150753,150818,150819,1,65
150753,150818,150820,2,65
150753,150819,150820,1,66
150753,150819,150820,1,66
150774,150820,150821,1,46
150774,150820,150821,1,46
150774,150820,150821,1,46
150753,150820,150821,1,67
150753,150820,150821,1,67
150612,150684,150822,138,72
150774,150820,150822,2,46
150774,150822,150826,4,48
150774,150821,150825,4,47
150774,150821,150826,5,47
150774,150822,150826,4,48
150774,150823,150826,3,49
150774,150822,150827,5,48
150774,150822,150826,4,48
150254,150255,150827,572,1
150774,150827,150829,2,53
150774,150827,150830,3,53
150774,150826,150830,4,52
150774,150827,150829,2,53
150774,150826,150830,4,52
150774,150826,150830,4,52
150774,150827,150830,3,53
150774,150829,150831,2,55
150774,150830,150831,1,56
150774,150831,150832,1,57
150774,150830,150832,2,56
150774,150830,150832,2,56
150774,150830,150832,2,56
150774,150830,150832,2,56
150774,150831,150832,1,57
150774,150832,150833,1,58
150794,150833,150834,1,39
150774,150832,150833,1,58
150774,150832,150834,2,58
150774,150832,150834,2,58
150613,150703,150834,131,90
150794,150834,150835,1,40
150794,150834,150835,1,40
150794,150834,150835,1,40
150794,150834,150839,5,40
150794,150835,150841,6,41
150794,150835,150843,8,41
150794,150836,150844,8,42
150794,150836,150843,7,42
150794,150835,150844,9,41
150794,150835,150845,10,41
150794,150839,150846,7,45
150794,150842,150846,4,48
150794,150844,150847,3,50
150794,150844,150847,3,50
150794,150845,150848,3,51
150794,150844,150848,4,50
150794,150847,150849,2,53
150794,150847,150849,2,53
150794,150846,150849,3,52
150794,150847,150849,2,53
150794,150848,150850,2,54
150794,150849,150850,1,55
150794,150848,150850,2,54
150794,150850,150851,1,56
150794,150850,150851,1,56
150794,150850,150851,1,56
150794,150850,150851,1,56
150794,150850,150851,1,56
150794,150851,150852,1,57
150803,150852,150853,1,49
150794,150851,150852,1,57
150803,150852,150853,1,49
150803,150852,150854,2,49
150803,150852,150854,2,49
150803,150853,150856,3,50
150803,150853,150861,8,50
150803,150853,150861,8,50
150803,150854,150861,7,51
150803,150854,150862,8,51
150803,150853,150863,10,50
150803,150862,150866,4,59
150803,150857,150866,9,54
150803,150864,150867,3,61
150803,150862,150867,5,59
150803,150862,150867,5,59
150803,150862,150870,8,59
150803,150867,150870,3,64
150803,150868,150870,2,65
150803,150867,150870,3,64
150803,150868,150871,3,65
150803,150867,150871,4,64
150803,150870,150872,2,67
150803,150870,150872,2,67
150803,150871,150872,1,68
150803,150871,150872,1,68
150803,150871,150873,2,68
150803,150872,150873,1,69
150803,150873,150874,1,70
150803,150872,150873,1,69
150803,150873,150874,1,70
150803,150872,150873,1,69
150811,150874,150875,1,63
150811,150874,150875,1,63
150811,150874,150876,2,63
150811,150874,150877,3,63
150811,150874,150881,7,63
150811,150875,150882,7,64
150811,150876,150883,7,65
150811,150876,150884,8,65
150626,150721,150885,164,95
150811,150878,150885,7,67
150811,150881,150889,8,70
150811,150886,150890,4,75
150811,150886,150891,5,75
150811,150885,150891,6,74
150811,150882,150891,9,71
150811,150884,150893,9,73
150811,150891,150894,3,80
150811,150891,150894,3,80
150811,150892,150895,3,81
150811,150892,150895,3,81
150811,150890,150897,7,79
150811,150895,150897,2,84
150811,150894,150897,3,83
150811,150895,150897,2,84
150811,150896,150897,1,85
150811,150896,150897,1,85
150811,150897,150898,1,86
150811,150897,150898,1,86
150811,150897,150898,1,86
150811,150898,150899,1,87
150811,150898,150899,1,87
150811,150898,150899,1,87
150827,150899,150900,1,72
150647,150753,150901,148,106
150827,150899,150901,2,72
150827,150900,150901,1,73
150827,150900,150902,2,73
150682,150766,150905,139,84
150827,150900,150907,7,73
150827,150901,150908,7,74
150827,150901,150909,8,74
150827,150901,150909,8,74
150827,150902,150909,7,75
150827,150903,150912,9,76
150827,150910,150915,5,83
150827,150906,150915,9,79
150827,150910,150915,5,83
150827,150912,150916,4,85
150827,150908,150917,9,81
150827,150916,150919,3,89
150827,150916,150919,3,89
150827,150915,150918,3,88
150827,150909,150919,10,82
150827,150917,150920,3,90
150827,150910,150920,10,83
150827,150918,150920,2,91
150827,150919,150921,2,92
150827,150919,150921,2,92
150697,150786,150921,135,89
150827,150919,150921,2,92
150827,150919,150921,2,92
150827,150920,150922,2,93
150827,150921,150922,1,94
150827,150921,150922,1,94
150827,150921,150922,1,94
150827,150921,150922,1,94
150840,150921,150923,2,81
150840,150922,150923,1,82
150840,150923,150924,1,83
150646,150738,150925,187,92
150840,150923,150926,3,83
150840,150923,150929,6,83
150840,150923,150930,7,83
150840,150923,150930,7,83
150840,150924,150931,7,84
150840,150924,150931,7,84
150840,150925,150932,7,85
150840,150931,150935,4,91
150840,150926,150935,9,86
150840,150930,150936,6,90
150840,150926,150936,10,86
150840,150929,150935,6,89
150840,150933,150936,3,93
150840,150932,150937,5,92
150711,150802,150938,136,91
150840,150930,150938,8,90
150840,150935,150938,3,95
150840,150936,150938,2,96
150840,150937,150938,1,97
150840,150936,150939,3,96
150840,150936,150939,3,96
150840,150938,150939,1,98
150840,150936,150940,4,96
150840,150938,150939,1,98
150840,150938,150940,2,98
150840,150939,150940,1,99
150840,150939,150940,1,99
150840,150939,150940,1,99
150840,150939,150940,1,99
150886,150940,150941,1,54
150886,150940,150941,1,54
150886,150940,150941,1,54
150886,150941,150943,2,55
150886,150941,150947,6,55
150886,150941,150948,7,55
150886,150941,150948,7,55
150886,150942,150949,7,56
150886,150941,150948,7,55
150886,150942,150950,8,56
150886,150942,150952,10,56
150754,150820,150953,133,66
150886,150949,150953,4,63
150886,150944,150954,10,58
150886,150947,150953,6,61
150886,150948,150953,5,62
150886,150949,150954,5,63
150886,150950,150954,4,64
150886,150954,150956,2,68
150886,150954,150955,1,68
150886,150949,150955,6,63
150886,150953,150956,3,67
150886,150954,150956,2,68
150886,150954,150956,2,68
150886,150953,150956,3,67
150886,150954,150956,2,68
150886,150952,150957,5,66
150886,150956,150957,1,70
150886,150956,150957,1,70
150906,150957,150958,1,51
150886,150956,150958,2,70
150886,150956,150957,1,70
150886,150956,150957,1,70
150906,150957,150958,1,51
150906,150958,150959,1,52
150774,150833,150961,128,59
150906,150958,150962,4,52
150906,150958,150964,6,52
150906,150958,150963,5,52
150906,150958,150964,6,52
150906,150958,150965,7,52
150906,150958,150965,7,52
150906,150958,150965,7,52
150906,150960,150965,5,54
150906,150962,150966,4,56
150906,150966,150968,2,60
150906,150967,150969,2,61
150906,150963,150969,6,57
150906,150964,150969,5,58
150906,150965,150969,4,59
150906,150965,150968,3,59
150906,150964,150970,6,58
150906,150964,150970,6,58
150906,150966,150970,4,60
150906,150969,150971,2,63
150906,150969,150970,1,63
150906,150969,150971,2,63
150906,150970,150971,1,64
150906,150970,150971,1,64
150906,150970,150971,1,64
150906,150970,150971,1,64
150907,150971,150972,1,64
150906,150970,150971,1,64
150907,150971,150972,1,64
150906,150971,150972,1,65
150907,150972,150973,1,65
150907,150972,150976,4,65
150907,150972,150979,7,65
150907,150973,150980,7,66
150907,150973,150980,7,66
150907,150974,150981,7,67
150745,150810,150982,172,65
150907,150972,150982,10,65
150907,150973,150982,9,66
150907,150977,150982,5,70
150907,150973,150984,11,66
150907,150981,150984,3,74
150907,150981,150984,3,74
150907,150981,150984,3,74
150907,150982,150985,3,75
150907,150983,150985,2,76
150907,150982,150985,3,75
150907,150980,150985,5,73
150907,150983,150985,2,76
150907,150984,150986,2,77
150907,150985,150987,2,78
150907,150985,150986,1,78
150907,150984,150986,2,77
150907,150986,150987,1,79
150907,150985,150986,1,78
150907,150986,150987,1,79
150907,150986,150987,1,79
150907,150986,150987,1,79
150907,150986,150988,2,79
150922,150987,150988,1,65
150922,150987,150988,1,65
150922,150987,150988,1,65
150922,150987,150988,1,65
150922,150987,150991,4,65
150922,150988,150992,4,66
150922,150988,150993,5,66
150922,150988,150992,4,66
150922,150987,150993,6,65
150922,150993,150994,1,71
150922,150993,150995,2,71
150922,150993,150994,1,71
150922,150988,150994,6,66
150922,150994,150995,1,72
150922,150989,150995,6,67
150922,150995,150996,1,73
150922,150995,150996,1,73
150922,150992,150995,3,70
150922,150995,150996,1,73
150922,150996,150997,1,74
150922,150996,150997,1,74
150922,150995,150996,1,73
150922,150996,150997,1,74
150922,150996,150997,1,74
150922,150997,150998,1,75
150922,150996,150997,1,74
150922,150997,150998,1,75
150922,150997,150998,1,75
150922,150989,150998,9,67
150922,150991,150998,7,69
150928,150998,150999,1,70
150928,150998,150999,1,70
150928,150998,150999,1,70
150922,150997,150999,2,75
150928,150998,151000,2,70
150928,150999,151003,4,71
150928,150999,151005,6,71
150928,150999,151006,7,71
150928,150999,151005,6,71
150928,150999,151006,7,71
150928,150999,151006,7,71
150928,151000,151008,8,72
150928,151006,151011,5,78
150928,151007,151011,4,79
150928,151004,151012,8,76
150928,151006,151013,7,78
150928,151009,151013,4,81
150928,151007,151014,7,79
150928,151012,151014,2,84
150928,151013,151015,2,85
150928,151011,151015,4,83
150928,151014,151015,1,86
150928,151006,151015,9,78
150928,151014,151015,1,86
150803,150873,151016,143,70
150928,151015,151016,1,87
150928,151015,151016,1,87
150928,151015,151016,1,87
150928,151015,151017,2,87
150928,151016,151017,1,88
150939,151017,151018,1,78
150928,151016,151017,1,88
150939,151017,151018,1,78
150928,151016,151017,1,88
150939,151017,151018,1,78
150939,151018,151019,1,79
150939,151018,151024,6,79
150939,151018,151025,7,79
150939,151018,151025,7,79
150939,151018,151025,7,79
150939,151018,151026,8,79
150812,150899,151026,127,87
150939,151020,151027,7,81
150939,151018,151027,9,79
150939,151018,151028,10,79
150939,151027,151030,3,88
150939,151026,151030,4,87
150939,151027,151030,3,88
150939,151027,151030,3,88
150939,151025,151031,6,86
150939,151026,151030,4,87
150939,151025,151031,6,86
150939,151026,151031,5,87
150939,151029,151032,3,90
150939,151030,151032,2,91
150939,151030,151032,2,91
150939,151031,151033,2,92
150939,151031,151032,1,92
150939,151031,151032,1,92
150939,151031,151032,1,92
150939,151032,151033,1,93
150954,151033,151034,1,79
150939,151032,151033,1,93
150939,151032,151033,1,93
150939,151033,151034,1,94
150954,151033,151034,1,79
150954,151033,151034,1,79
150954,151033,151034,1,79
150954,151033,151038,5,79
150795,150852,151038,186,57
150954,151034,151041,7,80
150954,151035,151041,6,81
150954,151034,151042,8,80
150954,151034,151042,8,80
150954,151035,151043,8,81
150954,151038,151044,6,84
150954,151033,151044,11,79
150954,151039,151044,5,85
150954,151035,151045,10,81
150954,151041,151045,4,87
150954,151035,151045,10,81
150954,151042,151045,3,88
150954,151041,151044,3,87
150954,151043,151046,3,89
150954,151042,151046,4,88
150954,151044,151046,2,90
150954,151044,151046,2,90
150954,151045,151047,2,91
150954,151045,151047,2,91
150954,151044,151046,2,90
150954,151045,151046,1,91
150954,151045,151046,1,91
150954,151045,151046,1,91
150954,151047,151048,1,93
150963,151047,151048,1,84
150954,151046,151048,2,92
150954,151047,151048,1,93
150963,151047,151048,1,84
150963,151047,151049,2,84
150963,151047,151050,3,84
150963,151047,151053,6,84
150963,151047,151053,6,84
150963,151049,151054,5,86
150963,151048,151054,6,85
150963,151048,151055,7,85
150963,151048,151055,7,85
150963,151052,151056,4,89
150963,151054,151057,3,91
150963,151054,151057,3,91
150963,151055,151057,2,92
150963,151049,151057,8,86
150963,151055,151057,2,92
150963,151049,151058,9,86
150963,151055,151057,2,92
150963,151057,151058,1,94
150963,151056,151058,2,93
150963,151048,151058,10,85
150963,151058,151059,1,95
150963,151059,151060,1,96
150963,151058,151059,1,95
150963,151058,151059,1,95
150963,151058,151059,1,95
150963,151058,151059,1,95
150982,151059,151060,1,77
150963,151058,151059,1,95
150963,151058,151059,1,95
150963,151059,151060,1,96
150982,151060,151061,1,78
150982,151060,151061,1,78
150982,151060,151061,1,78
150982,151060,151065,5,78
150841,150940,151066,126,99
150982,151062,151067,5,80
150982,151060,151067,7,78
150982,151060,151067,7,78
150982,151062,151067,5,80
150982,151060,151068,8,78
150982,151061,151069,8,79
150982,151065,151069,4,83
150982,151061,151068,7,79
150982,151068,151070,2,86
150982,151060,151070,10,78
150982,151067,151071,4,85
150982,151068,151070,2,86
150982,151069,151071,2,87
150982,151067,151070,3,85
150982,151067,151070,3,85
150828,150921,151071,150,93
150982,151060,151070,10,78
150982,151069,151071,2,87
150982,151069,151071,2,87
150982,151070,151072,2,88
150982,151071,151072,1,89
150982,151070,151072,2,88
151017,151071,151072,1,54
151017,151071,151072,1,54
150982,151067,151073,6,85
150982,151071,151072,1,89
151017,151072,151073,1,55
150982,151071,151072,1,89
150982,151071,151072,1,89
150982,151071,151072,1,89
151017,151072,151073,1,55
151017,151072,151075,3,55
151017,151073,151075,2,56
151017,151073,151076,3,56
151017,151074,151075,1,57
151017,151072,151076,4,55
151017,151075,151076,1,58
151017,151076,151077,1,59
151017,151075,151077,2,58
151017,151076,151077,1,59
151017,151076,151077,1,59
151017,151073,151077,4,56
151017,151076,151077,1,59
151017,151077,151078,1,60
151017,151072,151078,6,55
151017,151077,151078,1,60
151017,151078,151079,1,61
151017,151072,151079,7,55
151017,151079,151080,1,62
151017,151078,151080,2,61
151017,151078,151079,1,61
151028,151079,151080,1,51
151028,151079,151080,1,51
151017,151073,151080,7,56
151017,151073,151081,8,56
151028,151079,151081,2,51
151017,151072,151081,9,55
151028,151080,151082,2,52
151017,151073,151083,10,56
151028,151080,151086,6,52
151028,151080,151087,7,52
151028,151081,151088,7,53
151028,151083,151088,5,55
151028,151080,151088,8,52
151028,151080,151088,8,52
151028,151083,151089,6,55
151028,151081,151089,8,53
151028,151082,151089,7,54
151028,151086,151089,3,58
151028,151089,151091,2,61
151028,151081,151091,10,53
151028,151081,151090,9,53
151028,151089,151091,2,61
151028,151088,151091,3,60
151028,151089,151091,2,61
151028,151089,151091,2,61
151028,151090,151091,1,62
151028,151088,151091,3,60
151028,151082,151091,9,54
151028,151090,151091,1,62
151028,151088,151091,3,60
151040,151091,151092,1,51
151028,151091,151092,1,63
151040,151092,151093,1,52
151028,151091,151092,1,63
151028,151091,151092,1,63
151040,151092,151093,1,52
151028,151091,151092,1,63
151028,151091,151092,1,63
151040,151092,151093,1,52
151040,151092,151094,2,52
151040,151092,151095,3,52
151040,151093,151096,3,53
151040,151093,151097,4,53
151040,151093,151097,4,53
151040,151093,151097,4,53
151040,151094,151097,3,54
151040,151093,151097,4,53
151040,151094,151097,3,54
151040,151093,151098,5,53
151040,151095,151098,3,55
151040,151093,151098,5,53
151040,151097,151099,2,57
151040,151097,151099,2,57
151040,151093,151098,5,53
151040,151097,151098,1,57
151040,151096,151098,2,56
151040,151098,151099,1,58
151040,151098,151099,1,58
151040,151098,151099,1,58
151040,151098,151099,1,58
151040,151099,151100,1,59
151068,151099,151100,1,31
151040,151095,151100,5,55
151040,151098,151099,1,58
151040,151099,151100,1,59
151040,151099,151100,1,59
151068,151100,151101,1,32
151040,151099,151100,1,59
151068,151099,151100,1,31
151068,151100,151102,2,32
151068,151100,151106,6,32
151068,151102,151105,3,34
151068,151101,151106,5,33
151068,151101,151106,5,33
151068,151101,151106,5,33
151068,151100,151108,8,32
151068,151100,151109,9,32
151068,151106,151109,3,38
151068,151107,151109,2,39
151068,151106,151110,4,38
151068,151106,151109,3,38
151068,151107,151109,2,39
151068,151100,151109,9,32
151068,151100,151110,10,32
151068,151108,151110,2,40
151068,151101,151110,9,33
151068,151101,151110,9,33
151068,151100,151110,10,32
151068,151109,151111,2,41
151068,151109,151111,2,41
151068,151110,151111,1,42
151068,151110,151112,2,42
151068,151110,151111,1,42
151068,151110,151111,1,42
151068,151110,151111,1,42
151068,151111,151112,1,43
151068,151111,151112,1,43
151072,151111,151112,1,39
151072,151111,151112,1,39
150906,150971,151113,142,65
151072,151111,151113,2,39
151072,151111,151113,2,39
151072,151112,151117,5,40
151072,151113,151118,5,41
151072,151113,151118,5,41
151072,151112,151119,7,40
150886,150956,151119,163,70
151072,151112,151120,8,40
151072,151112,151120,8,40
151072,151112,151120,8,40
151072,151112,151120,8,40
151072,151113,151121,8,41
151072,151119,151121,2,47
151072,151120,151122,2,48
151072,151118,151121,3,46
150907,150987,151122,135,80
151072,151119,151122,3,47
151072,151120,151122,2,48
151072,151120,151122,2,48
151072,151120,151122,2,48
151072,151119,151122,3,47
151072,151121,151122,1,49
151072,151113,151122,9,41
151072,151113,151123,10,41
151072,151113,151123,10,41
151117,151122,151123,1,5
151072,151122,151123,1,50
151072,151122,151123,1,50
151072,151122,151123,1,50
151072,151113,151123,10,41
151072,151122,151123,1,50
151072,151122,151123,1,50
151117,151123,151124,1,6
151117,151124,151125,1,7
151117,151124,151125,1,7
151117,151124,151126,2,7
151117,151124,151126,2,7
151117,151123,151125,2,6
151117,151123,151126,3,6
151117,151124,151126,2,7
151117,151124,151126,2,7
151117,151125,151127,2,8
151117,151123,151126,3,6
151117,151124,151126,2,7
151117,151124,151126,2,7
151117,151123,151127,4,6
151117,151126,151127,1,9
151117,151126,151127,1,9
151117,151127,151128,1,10
151117,151123,151127,4,6
151117,151126,151127,1,9
151117,151126,151127,1,9
151117,151123,151127,4,6
151117,151127,151128,1,10
151117,151127,151128,1,10
151117,151127,151128,1,10
151117,151126,151128,2,9
151117,151127,151128,1,10
151117,151127,151128,1,10
151117,151127,151128,1,10
151120,151128,151129,1,8
151120,151128,151129,1,8
151120,151128,151129,1,8
151120,151128,151129,1,8
151120,151128,151130,2,8
151120,151128,151130,2,8
151120,151129,151131,2,9
151120,151129,151132,3,9
151120,151129,151132,3,9
151120,151128,151132,4,8
151120,151128,151133,5,8
151120,151130,151132,2,10
151120,151129,151133,4,9
151120,151129,151132,3,9
151120,151128,151133,5,8
151120,151130,151132,2,10
151120,151131,151133,2,11
151120,151129,151133,4,9
151120,151129,151133,4,9
151120,151129,151133,4,9
151120,151132,151133,1,12
151120,151128,151133,5,8
151120,151132,151134,2,12
151120,151132,151133,1,12
151120,151132,151133,1,12
151120,151133,151134,1,13
151123,151133,151134,1,10
151123,151133,151134,1,10
151123,151134,151135,1,11
151120,151133,151134,1,13
151120,151133,151134,1,13
151120,151133,151134,1,13
151120,151133,151134,1,13
151123,151134,151135,1,11
151123,151134,151136,2,11
151123,151135,151137,2,12
151123,151136,151137,1,13
151123,151136,151137,1,13
151123,151135,151137,2,12
151123,151135,151137,2,12
151123,151135,151137,2,12
151123,151135,151136,1,12
151123,151134,151137,3,11
151123,151134,151137,3,11
151123,151137,151138,1,14
151123,151137,151138,1,14
151123,151137,151138,1,14
151123,151137,151138,1,14
151123,151137,151138,1,14
151123,151137,151138,1,14
151123,151138,151139,1,15
151123,151138,151139,1,15
151123,151138,151139,1,15
151123,151137,151139,2,14
151123,151134,151139,5,11
151123,151137,151139,2,14
151123,151134,151140,6,11
151123,151134,151140,6,11
151123,151134,151141,7,11
151123,151134,151141,7,11
151123,151134,151143,9,11
150922,150997,151157,160,75
151158,151158,151159,1,0
151158,151158,151159,1,0
151158,151158,151159,1,0
151158,151158,151159,1,0
151158,151158,151159,1,0
151158,151158,151159,1,0
151158,151158,151159,1,0
151158,151158,151159,1,0
151158,151158,151160,2,0
151158,151160,151161,1,2
151158,151158,151161,3,0
151158,151159,151160,1,1
151158,151160,151161,1,2
151158,151159,151160,1,1
151158,151160,151161,1,2
151158,151160,151161,1,2
151158,151160,151161,1,2
151158,151160,151161,1,2
151158,151161,151162,1,3
151158,151158,151161,3,0
151158,151160,151161,1,2
151158,151161,151162,1,3
151158,151158,151161,3,0
151158,151161,151162,1,3
151158,151161,151162,1,3
151158,151158,151162,4,0
151158,151161,151162,1,3
151158,151161,151162,1,3
151158,151158,151163,5,0
151158,151158,151164,6,0
150835,150836,151399,563,1
151408,151409,151964,555,1
151972,151973,152516,543,1
152525,152526,153062,536,1
153070,153071,153606,535,1
153614,153614,154141,527,0
154149,154149,154666,517,0
154677,154678,155205,527,1
155213,155214,155739,525,1
155747,155748,156250,502,1
156261,156262,156778,516,1
156786,156787,157266,479,1
157274,157275,157789,514,1
157798,157799,158312,513,1
158321,158322,158834,512,1
158842,158843,159337,494,1
159345,159345,159828,483,0
159835,159836,160325,489,1
160333,160334,160834,500,1
160842,160843,161307,464,1
161315,161316,161790,474,1
161800,161801,162286,485,1
162294,162294,162757,463,0
162765,162766,163229,463,1
163237,163238,163707,469,1
163714,163715,164165,450,1
164173,164174,164648,474,1
164656,164657,165115,458,1
165124,165125,165571,446,1
165579,165580,166062,482,1
166073,166074,166512,438,1
166523,166524,166980,456,1
168893,168893,169326,433,0
169334,169334,169800,466,0
169808,169809,170257,448,1
170265,170265,170718,453,0
170726,170727,171172,445,1
171180,171180,171654,474,0
171662,171663,172112,449,1
172119,172120,172567,447,1
172574,172575,173025,450,1
173032,173033,173505,472,1
173512,173513,173959,446,1
173967,173968,174434,466,1
174441,174442,174857,415,1
174864,174865,175334,469,1
175344,175345,175771,426,1
175778,175779,176232,453,1
176239,176240,176669,429,1
176676,176677,177089,412,1
177096,177096,177559,463,0
177566,177567,177979,412,1
177987,177987,178442,455,0
178449,178450,178872,422,1
178879,178880,179295,415,1
179303,179303,179766,463,0
179773,179774,180190,416,1
180197,180198,180637,439,1
180644,180645,181095,450,1
181103,181104,181513,409,1
181521,181522,181966,444,1
181974,181974,182418,444,0
182425,182441,182842,401,16
182849,182849,183282,433,0
183289,183290,183732,442,1
183740,183741,184151,410,1
184161,184162,184591,429,1
184598,184599,185055,456,1
185063,185063,185484,421,0
185491,185492,185899,407,1
185906,185907,186364,457,1
186372,186372,186823,451,0
186830,186831,187255,424,1
187262,187262,187677,415,0
187684,187685,188137,452,1
188145,188146,188564,418,1
188571,188572,188988,416,1
188996,188996,189435,439,0
189442,189443,189899,456,1
189907,189908,190335,427,1
190343,190344,190776,432,1
190783,190784,191206,422,1
191213,191214,191661,447,1
166989,166990,212848,45858,1
191668,191669,212851,21182,1
212884,212884,213319,435,0
213326,213327,213739,412,1
213747,213747,214187,440,0
214194,214195,214616,421,1
214624,214624,215094,470,0
215391,215392,215393,1,1
215391,215392,215394,2,1
215391,215392,215394,2,1
215391,215392,215395,3,1
215391,215392,215395,3,1
215391,215392,215395,3,1
215391,215392,215395,3,1
215391,215392,215395,3,1
215391,215392,215396,4,1
215391,215392,215396,4,1
215391,215392,215396,4,1
215391,215392,215397,5,1
215391,215392,215397,5,1
215391,215392,215397,5,1
215391,215392,215398,6,1
215391,215392,215398,6,1
215391,215392,215398,6,1
215391,215392,215398,6,1
215391,215393,215401,8,2
215391,215392,215400,8,1
215391,215393,215401,8,2
215391,215392,215402,10,1
215391,215392,215402,10,1
215391,215392,215402,10,1
215391,215392,215405,13,1
215391,215392,215405,13,1
215391,215392,215405,13,1
215391,215392,215407,15,1
215391,215392,215406,14,1
215391,215392,215412,20,1
215391,215392,215414,22,1
215426,215426,215427,1,0
215426,215426,215427,1,0
215426,215426,215428,2,0
215426,215426,215429,3,0
215426,215426,215428,2,0
215426,215426,215429,3,0
215426,215426,215429,3,0
215426,215426,215429,3,0
215426,215426,215429,3,0
215426,215426,215430,4,0
215426,215426,215430,4,0
215426,215426,215431,5,0
215426,215426,215431,5,0
215426,215426,215431,5,0
215426,215426,215431,5,0
215426,215426,215431,5,0
215426,215426,215431,5,0
215426,215426,215432,6,0
215426,215426,215433,7,0
215426,215426,215433,7,0
215426,215426,215434,8,0
215426,215426,215434,8,0
215426,215426,215435,9,0
215426,215426,215436,10,0
215426,215426,215438,12,0
215426,215426,215439,13,0
215426,215426,215439,13,0
215426,215426,215441,15,0
215426,215426,215442,16,0
215426,215426,215443,17,0
215426,215426,215444,18,0
215455,215456,215457,1,1
215455,215456,215457,1,1
215455,215456,215457,1,1
215455,215456,215458,2,1
215455,215456,215458,2,1
215455,215456,215458,2,1
215455,215456,215458,2,1
215455,215456,215459,3,1
215455,215456,215459,3,1
215455,215456,215460,4,1
215455,215456,215461,5,1
215455,215456,215462,6,1
215455,215456,215462,6,1
215455,215456,215462,6,1
215455,215456,215462,6,1
215455,215456,215463,7,1
215455,215456,215462,6,1
215455,215456,215462,6,1
215455,215456,215463,7,1
215455,215456,215464,8,1
215455,215456,215464,8,1
215455,215456,215465,9,1
215455,215456,215465,9,1
215455,215456,215465,9,1
215455,215456,215466,10,1
215455,215456,215467,11,1
215455,215456,215468,12,1
215455,215456,215468,12,1
215455,215456,215469,13,1
215455,215456,215471,15,1
215455,215456,215473,17,1
215484,215484,215485,1,0
215484,215484,215485,1,0
215484,215484,215485,1,0
215484,215484,215486,2,0
215484,215484,215487,3,0
215484,215484,215487,3,0
215484,215484,215487,3,0
215484,215484,215487,3,0
215484,215484,215487,3,0
215484,215484,215488,4,0
215484,215484,215487,3,0
215484,215484,215488,4,0
215484,215484,215488,4,0
215484,215484,215489,5,0
215484,215484,215489,5,0
215484,215484,215490,6,0
215484,215484,215490,6,0
215484,215484,215489,5,0
215484,215484,215490,6,0
215484,215484,215491,7,0
215484,215484,215492,8,0
215484,215484,215492,8,0
215484,215484,215492,8,0
215484,215484,215492,8,0
215484,215484,215492,8,0
215484,215484,215494,10,0
215484,215484,215494,10,0
215484,215484,215494,10,0
215484,215484,215499,15,0
215484,215484,215499,15,0
215484,215484,215500,16,0
215511,215511,215512,1,0
215511,215511,215512,1,0
215511,215511,215512,1,0
215511,215511,215514,3,0
215511,215511,215514,3,0
215511,215511,215514,3,0
215511,215511,215514,3,0
215511,215511,215514,3,0
215511,215511,215515,4,0
215511,215511,215516,5,0
215511,215511,215516,5,0
215511,215511,215516,5,0
215511,215511,215517,6,0
215511,215511,215517,6,0
215511,215511,215517,6,0
215511,215511,215516,5,0
215511,215511,215517,6,0
215511,215511,215517,6,0
215511,215511,215517,6,0
215511,215511,215519,8,0
215511,215511,215518,7,0
215511,215511,215521,10,0
215511,215511,215521,10,0
215511,215511,215521,10,0
215511,215511,215521,10,0
215511,215511,215521,10,0
215511,215511,215520,9,0
215511,215511,215524,13,0
215511,215511,215522,11,0
215511,215511,215527,16,0
215511,215511,215531,20,0
215542,215542,215543,1,0
215542,215542,215544,2,0
215542,215542,215544,2,0
215542,215542,215545,3,0
215542,215542,215545,3,0
215542,215542,215545,3,0
215542,215542,215545,3,0
215542,215542,215545,3,0
215542,215542,215545,3,0
215542,215542,215546,4,0
215542,215542,215546,4,0
215542,215542,215546,4,0
215542,215542,215547,5,0
215542,215542,215547,5,0
215542,215542,215547,5,0
215542,215542,215548,6,0
215542,215542,215548,6,0
215542,215542,215548,6,0
215102,215103,215550,447,1
215542,215542,215550,8,0
215542,215542,215551,9,0
215542,215542,215551,9,0
215542,215542,215552,10,0
215542,215542,215552,10,0
215542,215542,215552,10,0
215542,215542,215553,11,0
215542,215542,215552,10,0
215542,215542,215553,11,0
215542,215542,215553,11,0
215542,215542,215555,13,0
215542,215542,215552,10,0
215542,215542,215556,14,0
215568,215568,215569,1,0
215568,215568,215569,1,0
215568,215568,215569,1,0
215568,215568,215571,3,0
215568,215568,215571,3,0
215568,215568,215571,3,0
215568,215568,215572,4,0
215568,215568,215572,4,0
215568,215568,215573,5,0
215568,215568,215573,5,0
215568,215568,215573,5,0
215568,215568,215574,6,0
215568,215568,215574,6,0
215568,215568,215574,6,0
215568,215568,215574,6,0
215568,215568,215576,8,0
215568,215568,215576,8,0
215568,215568,215576,8,0
215568,215568,215571,3,0
215568,215568,215578,10,0
215568,215568,215577,9,0
215568,215568,215578,10,0
215568,215568,215578,10,0
215568,215568,215578,10,0
215568,215568,215578,10,0
215568,215568,215578,10,0
215568,215568,215579,11,0
215568,215568,215580,12,0
215568,215568,215583,15,0
215568,215568,215584,16,0
215568,215568,215585,17,0
215596,215596,215597,1,0
215596,215596,215597,1,0
215596,215596,215597,1,0
215596,215596,215599,3,0
215596,215596,215599,3,0
215596,215596,215599,3,0
215596,215596,215599,3,0
215596,215596,215601,5,0
215596,215596,215601,5,0
215596,215596,215601,5,0
215596,215596,215600,4,0
215596,215596,215602,6,0
215596,215596,215602,6,0
215596,215596,215603,7,0
215596,215596,215604,8,0
215596,215596,215604,8,0
215596,215596,215603,7,0
215596,215596,215604,8,0
215596,215596,215606,10,0
215596,215596,215605,9,0
215596,215596,215606,10,0
215596,215596,215606,10,0
215596,215596,215606,10,0
215596,215596,215606,10,0
215596,215596,215606,10,0
215596,215596,215607,11,0
215596,215596,215607,11,0
215596,215596,215611,15,0
215596,215596,215605,9,0
215596,215596,215612,16,0
215596,215596,215613,17,0
215625,215625,215626,1,0
215625,215625,215626,1,0
215625,215625,215626,1,0
215625,215625,215627,2,0
215625,215625,215627,2,0
215625,215625,215628,3,0
215625,215625,215628,3,0
215625,215625,215628,3,0
215625,215625,215629,4,0
215625,215625,215630,5,0
215625,215625,215630,5,0
215625,215625,215630,5,0
215625,215625,215630,5,0
215625,215625,215632,7,0
215625,215625,215632,7,0
215625,215625,215633,8,0
215625,215625,215632,7,0
215625,215625,215632,7,0
215625,215625,215633,8,0
215625,215625,215633,8,0
215625,215625,215633,8,0
215625,215625,215635,10,0
215625,215625,215635,10,0
215625,215625,215634,9,0
215625,215625,215635,10,0
215625,215625,215634,9,0
215625,215625,215634,9,0
215625,215625,215635,10,0
215625,215625,215635,10,0
215625,215625,215641,16,0
215625,215625,215654,29,0
215666,215666,215667,1,0
215666,215666,215667,1,0
215666,215666,215667,1,0
215666,215666,215669,3,0
215666,215666,215669,3,0
215666,215666,215669,3,0
215666,215666,215671,5,0
215666,215666,215670,4,0
215666,215666,215670,4,0
215666,215666,215671,5,0
215666,215666,215671,5,0
215666,215666,215671,5,0
215666,215666,215672,6,0
215666,215666,215671,5,0
215666,215666,215671,5,0
215666,215666,215673,7,0
215666,215666,215672,6,0
215666,215666,215673,7,0
215666,215666,215673,7,0
215666,215666,215674,8,0
215666,215666,215674,8,0
215666,215666,215674,8,0
215666,215666,215674,8,0
215666,215666,215674,8,0
215666,215666,215676,10,0
215666,215666,215676,10,0
215666,215666,215676,10,0
215666,215666,215676,10,0
215666,215666,215678,12,0
215666,215666,215678,12,0
215666,215666,215680,14,0
215692,215692,215693,1,0
215692,215692,215693,1,0
215692,215692,215693,1,0
215692,215692,215695,3,0
215692,215692,215694,2,0
215692,215692,215696,4,0
215692,215692,215696,4,0
215692,215692,215696,4,0
215692,215692,215696,4,0
215692,215692,215697,5,0
215692,215692,215698,6,0
215692,215692,215698,6,0
215692,215692,215699,7,0
215692,215692,215698,6,0
215692,215692,215699,7,0
215692,215692,215700,8,0
215692,215692,215699,7,0
215692,215692,215699,7,0
215692,215692,215700,8,0
215692,215692,215701,9,0
215692,215692,215700,8,0
215692,215692,215701,9,0
215692,215692,215701,9,0
215692,215692,215701,9,0
215692,215692,215701,9,0
215692,215692,215701,9,0
215692,215692,215702,10,0
215692,215692,215702,10,0
215692,215692,215702,10,0
215692,215692,215703,11,0
215692,215692,215705,13,0
215716,215716,215717,1,0
215716,215716,215718,2,0
215716,215716,215717,1,0
215716,215716,215719,3,0
215716,215716,215719,3,0
215716,215716,215719,3,0
215716,215716,215720,4,0
215716,215716,215720,4,0
215716,215716,215721,5,0
215716,215716,215721,5,0
215716,215716,215721,5,0
215716,215716,215720,4,0
215716,215716,215720,4,0
215716,215716,215721,5,0
215716,215716,215721,5,0
215716,215716,215722,6,0
215716,215716,215722,6,0
215716,215716,215722,6,0
215716,215716,215722,6,0
215716,215716,215723,7,0
215716,215716,215724,8,0
215716,215716,215724,8,0
215716,215716,215724,8,0
215716,215716,215725,9,0
215716,215716,215725,9,0
215716,215716,215726,10,0
215716,215716,215726,10,0
215716,215716,215726,10,0
215716,215716,215726,10,0
215716,215716,215726,10,0
215716,215716,215727,11,0
215739,215739,215740,1,0
215739,215739,215740,1,0
215739,215739,215741,2,0
215739,215739,215741,2,0
215739,215739,215742,3,0
215739,215739,215743,4,0
215739,215739,215744,5,0
215739,215739,215744,5,0
215739,215739,215743,4,0
215739,215739,215744,5,0
215739,215739,215744,5,0
215739,215739,215745,6,0
215739,215739,215745,6,0
215739,215739,215744,5,0
215739,215739,215745,6,0
215739,215739,215745,6,0
215739,215739,215746,7,0
215739,215739,215747,8,0
215739,215739,215747,8,0
215739,215739,215746,7,0
215739,215739,215747,8,0
215739,215739,215747,8,0
215739,215739,215748,9,0
215739,215739,215748,9,0
215739,215739,215749,10,0
215739,215739,215749,10,0
215739,215739,215749,10,0
215739,215739,215748,9,0
215739,215739,215749,10,0
215739,215739,215748,9,0
215739,215739,215749,10,0
215761,215761,215762,1,0
215761,215761,215762,1,0
215761,215761,215762,1,0
215761,215761,215764,3,0
215761,215761,215763,2,0
215761,215761,215763,2,0
215761,215761,215765,4,0
215761,215761,215764,3,0
215761,215761,215766,5,0
215761,215761,215765,4,0
215761,215761,215766,5,0
215761,215761,215766,5,0
215761,215761,215767,6,0
215761,215761,215766,5,0
215761,215761,215767,6,0
215761,215761,215766,5,0
215761,215761,215768,7,0
215761,215761,215768,7,0
215761,215761,215769,8,0
215761,215761,215769,8,0
215761,215761,215771,10,0
215761,215761,215771,10,0
215761,215761,215771,10,0
215761,215761,215770,9,0
215761,215761,215771,10,0
215761,215761,215771,10,0
215761,215761,215771,10,0
215761,215761,215771,10,0
215761,215761,215773,12,0
215761,215761,215774,13,0
215761,215761,215774,13,0
215786,215786,215787,1,0
215786,215786,215787,1,0
215786,215786,215788,2,0
215786,215786,215789,3,0
215786,215786,215789,3,0
215786,215786,215790,4,0
215786,215786,215789,3,0
215786,215786,215792,6,0
215786,215786,215791,5,0
215786,215786,215791,5,0
215786,215786,215791,5,0
215786,215786,215792,6,0
215786,215786,215792,6,0
215786,215786,215794,8,0
215786,215786,215794,8,0
215786,215786,215794,8,0
215786,215786,215793,7,0
215786,215786,215795,9,0
215786,215786,215795,9,0
215786,215786,215795,9,0
215786,215786,215796,10,0
215786,215786,215796,10,0
215786,215786,215795,9,0
215786,215786,215796,10,0
215786,215786,215795,9,0
215786,215786,215796,10,0
215786,215786,215795,9,0
215786,215786,215796,10,0
215786,215786,215795,9,0
215786,215786,215798,12,0
215786,215786,215802,16,0
215813,215813,215814,1,0
215813,215813,215815,2,0
215813,215813,215814,1,0
215813,215813,215816,3,0
215813,215813,215815,2,0
215813,215813,215816,3,0
215813,215813,215818,5,0
215813,215813,215818,5,0
215813,215813,215817,4,0
215813,215813,215819,6,0
215813,215813,215819,6,0
215813,215813,215819,6,0
215813,215813,215819,6,0
215813,215813,215818,5,0
215813,215813,215820,7,0
215813,215813,215819,6,0
215813,215813,215820,7,0
215813,215813,215819,6,0
215813,215813,215820,7,0
215813,215813,215820,7,0
215813,215813,215821,8,0
215813,215813,215821,8,0
215813,215813,215822,9,0
215813,215813,215821,8,0
215813,215813,215815,2,0
215813,215813,215822,9,0
215813,215813,215822,9,0
215813,215813,215822,9,0
215813,215813,215823,10,0
215813,215813,215824,11,0
215813,215813,215827,14,0
215838,215838,215839,1,0
215838,215838,215840,2,0
215838,215838,215839,1,0
215838,215838,215841,3,0
215838,215838,215842,4,0
215838,215838,215841,3,0
215838,215838,215843,5,0
215838,215838,215843,5,0
215838,215838,215843,5,0
215838,215838,215844,6,0
215838,215838,215844,6,0
215838,215838,215844,6,0
215838,215838,215845,7,0
215838,215838,215845,7,0
215838,215838,215845,7,0
215838,215838,215845,7,0
215838,215838,215845,7,0
215838,215838,215845,7,0
215838,215838,215846,8,0
215838,215838,215847,9,0
215838,215838,215846,8,0
215838,215838,215847,9,0
215838,215838,215847,9,0
215838,215838,215847,9,0
215838,215838,215847,9,0
215838,215838,215848,10,0
215838,215838,215847,9,0
215838,215838,215847,9,0
215838,215838,215847,9,0
215838,215838,215848,10,0
215838,215838,215849,11,0
215861,215861,215863,2,0
215861,215861,215863,2,0
215861,215861,215864,3,0
215861,215861,215863,2,0
215861,215861,215864,3,0
215861,215861,215864,3,0
215861,215861,215866,5,0
215861,215861,215866,5,0
215861,215861,215866,5,0
215861,215861,215867,6,0
215861,215861,215866,5,0
215861,215861,215867,6,0
215861,215861,215866,5,0
215861,215861,215868,7,0
215861,215861,215868,7,0
215861,215861,215868,7,0
215861,215861,215868,7,0
215861,215861,215869,8,0
215861,215861,215869,8,0
215861,215861,215869,8,0
215861,215861,215869,8,0
215861,215861,215869,8,0
215861,215861,215869,8,0
215861,215861,215870,9,0
215861,215861,215871,10,0
215861,215861,215871,10,0
215861,215861,215871,10,0
215861,215861,215872,11,0
215861,215861,215878,17,0
215861,215861,215878,17,0
215861,215861,215881,20,0
215892,215892,215894,2,0
215892,215892,215893,1,0
215892,215892,215894,2,0
215892,215892,215895,3,0
215892,215892,215895,3,0
215892,215892,215895,3,0
215892,215892,215897,5,0
215892,215892,215897,5,0
215892,215892,215897,5,0
215892,215892,215897,5,0
215892,215892,215897,5,0
215892,215892,215897,5,0
215892,215892,215898,6,0
215892,215892,215897,5,0
215892,215892,215898,6,0
215892,215892,215899,7,0
215892,215892,215899,7,0
215892,215892,215899,7,0
215892,215892,215899,7,0
215892,215892,215899,7,0
215892,215892,215900,8,0
215892,215892,215900,8,0
215892,215892,215900,8,0
215892,215892,215901,9,0
215892,215892,215901,9,0
215892,215892,215901,9,0
215892,215892,215901,9,0
215892,215892,215902,10,0
215892,215892,215903,11,0
215892,215892,215909,17,0
215892,215892,215926,34,0
215937,215937,215939,2,0
215937,215937,215938,1,0
215937,215937,215939,2,0
215937,215937,215940,3,0
215937,215937,215940,3,0
215937,215937,215940,3,0
215937,215937,215939,2,0
215937,215937,215941,4,0
215937,215937,215941,4,0
215937,215937,215943,6,0
215937,215937,215943,6,0
215937,215937,215943,6,0
215937,215937,215943,6,0
215937,215937,215942,5,0
215937,215937,215943,6,0
215937,215937,215944,7,0
215937,215937,215944,7,0
215937,215937,215944,7,0
215937,215937,215943,6,0
215937,215937,215944,7,0
215937,215937,215944,7,0
215937,215937,215944,7,0
215937,215937,215945,8,0
215937,215937,215945,8,0
215937,215937,215946,9,0
215937,215937,215946,9,0
215937,215937,215946,9,0
215937,215937,215946,9,0
215937,215937,215947,10,0
215937,215937,215947,10,0
215937,215937,215952,15,0
215963,215963,215964,1,0
215963,215963,215965,2,0
215963,215963,215964,1,0
215963,215963,215966,3,0
215963,215963,215965,2,0
215963,215963,215966,3,0
215963,215963,215966,3,0
215963,215963,215967,4,0
215963,215963,215967,4,0
215963,215963,215967,4,0
215963,215963,215968,5,0
215963,215963,215968,5,0
215963,215963,215967,4,0
215963,215963,215969,6,0
215963,215963,215969,6,0
215963,215963,215969,6,0
215963,215963,215969,6,0
215963,215963,215970,7,0
215963,215963,215970,7,0
215963,215963,215970,7,0
215963,215963,215970,7,0
215963,215963,215969,6,0
215963,215963,215970,7,0
215963,215963,215970,7,0
215963,215963,215971,8,0
215963,215963,215966,3,0
215963,215963,215972,9,0
215963,215963,215972,9,0
215963,215963,215972,9,0
215963,215963,215973,10,0
215963,215963,215974,11,0
215985,215985,215986,1,0
215985,215985,215987,2,0
215985,215985,215987,2,0
215985,215985,215987,2,0
215985,215985,215988,3,0
215985,215985,215989,4,0
215985,215985,215989,4,0
215985,215985,215989,4,0
215985,215985,215990,5,0
215985,215985,215991,6,0
215985,215985,215990,5,0
215985,215985,215991,6,0
215985,215985,215990,5,0
215985,215985,215991,6,0
215985,215985,215992,7,0
215985,215985,215992,7,0
215985,215985,215991,6,0
215985,215985,215992,7,0
215985,215985,215992,7,0
215985,215985,215991,6,0
215985,215985,215993,8,0
215985,215985,215993,8,0
215985,215985,215993,8,0
215985,215985,215993,8,0
215985,215985,215992,7,0
215985,215985,215993,8,0
215985,215985,215993,8,0
215985,215985,215994,9,0
215985,215985,215994,9,0
215985,215985,215996,11,0
215985,215985,215996,11,0
215557,215558,215999,441,1
216009,216009,216010,1,0
216009,216009,216010,1,0
216009,216009,216010,1,0
216009,216009,216012,3,0
216009,216009,216011,2,0
216009,216009,216012,3,0
216009,216009,216014,5,0
216009,216009,216013,4,0
216009,216009,216015,6,0
216009,216009,216014,5,0
216009,216009,216014,5,0
216009,216009,216015,6,0
216009,216009,216016,7,0
216009,216009,216016,7,0
216009,216009,216015,6,0
216009,216009,216015,6,0
216009,216009,216017,8,0
216009,216009,216016,7,0
216009,216009,216016,7,0
216009,216009,216016,7,0
216009,216009,216016,7,0
216009,216009,216017,8,0
216009,216009,216016,7,0
216009,216009,216017,8,0
216009,216009,216017,8,0
216009,216009,216017,8,0
216009,216009,216017,8,0
216009,216009,216017,8,0
216009,216009,216019,10,0
216009,216009,216018,9,0
216009,216009,216020,11,0
216032,216032,216033,1,0
216032,216032,216034,2,0
216032,216032,216033,1,0
216032,216032,216035,3,0
216032,216032,216036,4,0
216032,216032,216035,3,0
216032,216032,216037,5,0
216032,216032,216038,6,0
216032,216032,216037,5,0
216032,216032,216038,6,0
216032,216032,216037,5,0
216032,216032,216038,6,0
216032,216032,216037,5,0
216032,216032,216037,5,0
216032,216032,216039,7,0
216032,216032,216038,6,0
216032,216032,216039,7,0
216032,216032,216039,7,0
216032,216032,216039,7,0
216032,216032,216040,8,0
216032,216032,216039,7,0
216032,216032,216040,8,0
216032,216032,216040,8,0
216032,216032,216041,9,0
216032,216032,216042,10,0
216032,216032,216042,10,0
216032,216032,216042,10,0
216032,216032,216042,10,0
216032,216032,216046,14,0
216032,216032,216048,16,0
216032,216032,216053,21,0
216065,216065,216066,1,0
216065,216065,216067,2,0
216065,216065,216067,2,0
216065,216065,216066,1,0
216065,216065,216068,3,0
216065,216065,216069,4,0
216065,216065,216068,3,0
216065,216065,216068,3,0
216065,216065,216069,4,0
216065,216065,216070,5,0
216065,216065,216070,5,0
216065,216065,216071,6,0
216065,216065,216070,5,0
216065,216065,216070,5,0
216065,216065,216072,7,0
216065,216065,216072,7,0
216065,216065,216074,9,0
216065,216065,216074,9,0
216065,216065,216075,10,0
216065,216065,216075,10,0
216065,216065,216074,9,0
216065,216065,216075,10,0
216065,216065,216075,10,0
216065,216065,216074,9,0
216065,216065,216075,10,0
216065,216065,216074,9,0
216065,216065,216075,10,0
216065,216065,216076,11,0
216065,216065,216075,10,0
216065,216065,216075,10,0
216065,216065,216079,14,0
216091,216091,216092,1,0
216091,216091,216093,2,0
216091,216091,216092,1,0
216091,216091,216093,2,0
216091,216091,216093,2,0
216091,216091,216094,3,0
216091,216091,216095,4,0
216091,216091,216095,4,0
216091,216091,216095,4,0
216091,216091,216096,5,0
216091,216091,216096,5,0
216091,216091,216095,4,0
216091,216091,216097,6,0
216091,216091,216097,6,0
216091,216091,216097,6,0
216091,216091,216097,6,0
216091,216091,216097,6,0
216091,216091,216098,7,0
216091,216091,216098,7,0
216091,216091,216097,6,0
216091,216091,216099,8,0
216091,216091,216099,8,0
216091,216091,216100,9,0
216091,216091,216100,9,0
216091,216091,216100,9,0
216091,216091,216097,6,0
216091,216091,216101,10,0
216091,216091,216101,10,0
216091,216091,216101,10,0
216091,216091,216103,12,0
216091,216091,216105,14,0
216116,216116,216117,1,0
216116,216116,216118,2,0
216116,216116,216118,2,0
216116,216116,216119,3,0
216116,216116,216119,3,0
216116,216116,216119,3,0
216116,216116,216121,5,0
216116,216116,216121,5,0
216116,216116,216121,5,0
216116,216116,216122,6,0
216116,216116,216122,6,0
216116,216116,216122,6,0
216116,216116,216122,6,0
216116,216116,216122,6,0
216116,216116,216122,6,0
216116,216116,216122,6,0
216116,216116,216122,6,0
216116,216116,216123,7,0
216116,216116,216123,7,0
216116,216116,216123,7,0
216116,216116,216123,7,0
216116,216116,216124,8,0
216116,216116,216124,8,0
216116,216116,216125,9,0
216116,216116,216126,10,0
216116,216116,216126,10,0
216116,216116,216126,10,0
216116,216116,216127,11,0
216116,216116,216126,10,0
216116,216116,216128,12,0
216116,216116,216130,14,0
216142,216142,216143,1,0
216142,216142,216144,2,0
216142,216142,216143,1,0
216142,216142,216144,2,0
216142,216142,216145,3,0
216142,216142,216145,3,0
216142,216142,216147,5,0
216142,216142,216146,4,0
216142,216142,216146,4,0
216142,216142,216146,4,0
216142,216142,216144,2,0
216142,216142,216147,5,0
216142,216142,216147,5,0
216142,216142,216147,5,0
216142,216142,216147,5,0
216142,216142,216148,6,0
216142,216142,216148,6,0
216142,216142,216148,6,0
216142,216142,216149,7,0
216142,216142,216150,8,0
216142,216142,216150,8,0
216142,216142,216151,9,0
216142,216142,216151,9,0
216142,216142,216152,10,0
216142,216142,216152,10,0
216142,216142,216153,11,0
216142,216142,216153,11,0
216142,216142,216153,11,0
216142,216142,216154,12,0
216142,216142,216156,14,0
216142,216142,216157,15,0
216168,216168,216169,1,0
216168,216168,216170,2,0
216168,216168,216169,1,0
216168,216168,216171,3,0
216168,216168,216170,2,0
216168,216168,216172,4,0
216168,216168,216173,5,0
216168,216168,216173,5,0
216168,216168,216173,5,0
216168,216168,216173,5,0
216168,216168,216174,6,0
216168,216168,216173,5,0
216168,216168,216173,5,0
216168,216168,216174,6,0
216168,216168,216174,6,0
216168,216168,216174,6,0
216168,216168,216174,6,0
216168,216168,216175,7,0
216168,216168,216174,6,0
216168,216168,216175,7,0
216168,216168,216176,8,0
216168,216168,216177,9,0
216168,216168,216177,9,0
216168,216168,216178,10,0
216168,216168,216178,10,0
216168,216168,216178,10,0
216168,216168,216180,12,0
216168,216168,216180,12,0
216168,216168,216181,13,0
216168,216168,216183,15,0
216168,216168,216188,20,0
216198,216198,216199,1,0
216198,216198,216199,1,0
216198,216198,216199,1,0
216198,216198,216200,2,0
216198,216198,216201,3,0
216198,216198,216200,2,0
216198,216198,216201,3,0
216198,216198,216201,3,0
216198,216198,216201,3,0
216198,216198,216202,4,0
216198,216198,216202,4,0
216198,216198,216202,4,0
216198,216198,216202,4,0
216198,216198,216203,5,0
216198,216198,216202,4,0
216198,216198,216203,5,0
216198,216198,216204,6,0
216198,216198,216204,6,0
216198,216198,216203,5,0
216198,216198,216204,6,0
216198,216198,216203,5,0
216198,216198,216204,6,0
216198,216198,216204,6,0
216198,216198,216205,7,0
216198,216198,216204,6,0
216198,216198,216206,8,0
216198,216198,216205,7,0
216198,216198,216207,9,0
216198,216198,216208,10,0
216198,216198,216207,9,0
216198,216198,216216,18,0
216227,216227,216228,1,0
216227,216227,216228,1,0
216227,216227,216228,1,0
216227,216227,216229,2,0
216227,216227,216229,2,0
216227,216227,216231,4,0
216227,216227,216230,3,0
216227,216227,216231,4,0
216227,216227,216231,4,0
216227,216227,216231,4,0
216227,216227,216232,5,0
216227,216227,216233,6,0
216227,216227,216232,5,0
216227,216227,216232,5,0
216227,216227,216232,5,0
216227,216227,216233,6,0
216227,216227,216234,7,0
216227,216227,216233,6,0
216227,216227,216233,6,0
216227,216227,216233,6,0
216227,216227,216233,6,0
216227,216227,216233,6,0
216227,216227,216235,8,0
216227,216227,216234,7,0
216227,216227,216234,7,0
216227,216227,216235,8,0
216227,216227,216236,9,0
216227,216227,216236,9,0
216227,216227,216237,10,0
216227,216227,216238,11,0
216227,216227,216252,25,0
216263,216263,216264,1,0
216263,216263,216264,1,0
216263,216263,216264,1,0
216263,216263,216266,3,0
216263,216263,216265,2,0
216263,216263,216267,4,0
216263,216263,216266,3,0
216263,216263,216268,5,0
216263,216263,216267,4,0
216263,216263,216268,5,0
216263,216263,216269,6,0
216263,216263,216268,5,0
216263,216263,216268,5,0
216263,216263,216268,5,0
216263,216263,216268,5,0
216263,216263,216269,6,0
216263,216263,216268,5,0
216263,216263,216269,6,0
216263,216263,216269,6,0
216263,216263,216269,6,0
216263,216263,216269,6,0
216263,216263,216269,6,0
216263,216263,216270,7,0
216263,216263,216271,8,0
216263,216263,216272,9,0
216263,216263,216273,10,0
216263,216263,216272,9,0
216263,216263,216273,10,0
216263,216263,216273,10,0
216263,216263,216276,13,0
216263,216263,216279,16,0
216291,216291,216292,1,0
216291,216291,216292,1,0
216291,216291,216292,1,0
216291,216291,216293,2,0
216291,216291,216293,2,0
216291,216291,216294,3,0
216291,216291,216294,3,0
216291,216291,216296,5,0
216291,216291,216295,4,0
216291,216291,216296,5,0
216291,216291,216295,4,0
216291,216291,216295,4,0
216291,216291,216297,6,0
216291,216291,216296,5,0
216291,216291,216296,5,0
216291,216291,216297,6,0
216291,216291,216296,5,0
216291,216291,216296,5,0
216291,216291,216297,6,0
216291,216291,216298,7,0
216291,216291,216298,7,0
216291,216291,216297,6,0
216291,216291,216298,7,0
216291,216291,216297,6,0
216291,216291,216299,8,0
216291,216291,216299,8,0
216291,216291,216299,8,0
216291,216291,216300,9,0
216291,216291,216301,10,0
216291,216291,216301,10,0
216291,216291,216306,15,0
216317,216317,216319,2,0
216317,216317,216319,2,0
216317,216317,216319,2,0
216317,216317,216320,3,0
216317,216317,216320,3,0
216317,216317,216321,4,0
216317,216317,216321,4,0
216317,216317,216322,5,0
216317,216317,216322,5,0
216317,216317,216322,5,0
216317,216317,216323,6,0
216317,216317,216323,6,0
216317,216317,216323,6,0
216317,216317,216323,6,0
216317,216317,216323,6,0
216317,216317,216323,6,0
216317,216317,216323,6,0
216317,216317,216324,7,0
216317,216317,216322,5,0
216317,216317,216324,7,0
216317,216317,216324,7,0
216317,216317,216325,8,0
216317,216317,216325,8,0
216317,216317,216325,8,0
216317,216317,216327,10,0
216317,216317,216327,10,0
216317,216317,216327,10,0
216317,216317,216328,11,0
216317,216317,216329,12,0
216317,216317,216328,11,0
216317,216317,216334,17,0
216345,216345,216346,1,0
216345,216345,216346,1,0
216345,216345,216346,1,0
216345,216345,216347,2,0
216345,216345,216347,2,0
216345,216345,216349,4,0
216345,216345,216348,3,0
216345,216345,216348,3,0
216345,216345,216349,4,0
216345,216345,216349,4,0
216345,216345,216349,4,0
216345,216345,216347,2,0
216345,216345,216350,5,0
216345,216345,216351,6,0
216345,216345,216351,6,0
216345,216345,216352,7,0
216345,216345,216351,6,0
216345,216345,216351,6,0
216345,216345,216351,6,0
216345,216345,216351,6,0
216345,216345,216352,7,0
216345,216345,216352,7,0
216345,216345,216354,9,0
216345,216345,216353,8,0
216345,216345,216353,8,0
216345,216345,216353,8,0
216345,216345,216353,8,0
216345,216345,216354,9,0
216345,216345,216355,10,0
216345,216345,216355,10,0
216345,216345,216357,12,0
216370,216370,216371,1,0
216370,216370,216371,1,0
216370,216370,216372,2,0
216370,216370,216373,3,0
216370,216370,216372,2,0
216370,216370,216373,3,0
216370,216370,216373,3,0
216370,216370,216374,4,0
216370,216370,216374,4,0
216370,216370,216374,4,0
216370,216370,216374,4,0
216370,216370,216374,4,0
216370,216370,216375,5,0
216370,216370,216375,5,0
216370,216370,216374,4,0
216370,216370,216374,4,0
216370,216370,216374,4,0
216370,216370,216376,6,0
216370,216370,216376,6,0
216370,216370,216375,5,0
216370,216370,216375,5,0
216370,216370,216377,7,0
216370,216370,216377,7,0
216370,216370,216377,7,0
216370,216370,216377,7,0
216370,216370,216376,6,0
216370,216370,216378,8,0
216370,216370,216380,10,0
216370,216370,216380,10,0
216370,216370,216381,11,0
216370,216370,216390,20,0
216400,216400,216401,1,0
216400,216400,216401,1,0
216400,216400,216402,2,0
216400,216400,216403,3,0
216400,216400,216403,3,0
216400,216400,216403,3,0
216400,216400,216404,4,0
216400,216400,216404,4,0
216400,216400,216404,4,0
216400,216400,216403,3,0
216400,216400,216404,4,0
216400,216400,216405,5,0
216400,216400,216405,5,0
216400,216400,216405,5,0
216400,216400,216404,4,0
216400,216400,216405,5,0
216400,216400,216406,6,0
216400,216400,216406,6,0
216400,216400,216407,7,0
216400,216400,216406,6,0
216400,216400,216407,7,0
216400,216400,216407,7,0
216400,216400,216407,7,0
216400,216400,216407,7,0
216400,216400,216407,7,0
216400,216400,216408,8,0
216400,216400,216409,9,0
216400,216400,216410,10,0
216400,216400,216410,10,0
216400,216400,216410,10,0
216400,216400,216415,15,0
216426,216426,216427,1,0
216426,216426,216427,1,0
216426,216426,216427,1,0
216426,216426,216428,2,0
216426,216426,216428,2,0
216426,216426,216428,2,0
216426,216426,216428,2,0
216426,216426,216430,4,0
216426,216426,216430,4,0
216426,216426,216430,4,0
216426,216426,216430,4,0
216426,216426,216431,5,0
216426,216426,216430,4,0
216426,216426,216430,4,0
216426,216426,216430,4,0
216426,216426,216430,4,0
216426,216426,216432,6,0
216426,216426,216431,5,0
216426,216426,216431,5,0
216426,216426,216432,6,0
216426,216426,216433,7,0
216426,216426,216432,6,0
216426,216426,216432,6,0
216426,216426,216432,6,0
216426,216426,216432,6,0
216426,216426,216433,7,0
216426,216426,216435,9,0
216426,216426,216436,10,0
216426,216426,216436,10,0
216426,216426,216436,10,0
216426,216426,216444,18,0
216007,216007,216450,443,0
216456,216456,216458,2,0
216456,216456,216458,2,0
216456,216456,216458,2,0
216456,216456,216459,3,0
216456,216457,216459,2,1
216456,216456,216459,3,0
216456,216457,216459,2,1
216456,216457,216460,3,1
216456,216456,216460,4,0
216456,216457,216460,3,1
216456,216456,216460,4,0
216456,216456,216461,5,0
216456,216457,216461,4,1
216456,216456,216461,5,0
216456,216457,216461,4,1
216456,216456,216461,5,0
216456,216457,216462,5,1
216456,216456,216462,6,0
216456,216456,216462,6,0
216456,216456,216462,6,0
216456,216456,216462,6,0
216456,216457,216462,5,1
216456,216456,216463,7,0
216456,216456,216464,8,0
216456,216457,216464,7,1
216456,216456,216464,8,0
216456,216456,216464,8,0
216456,216457,216466,9,1
216456,216456,216469,13,0
216456,216456,216471,15,0
216456,216457,216471,14,1
216483,216483,216485,2,0
216483,216483,216484,1,0
216483,216483,216485,2,0
216483,216483,216486,3,0
216483,216483,216486,3,0
216483,216483,216486,3,0
216483,216483,216486,3,0
216483,216483,216486,3,0
216483,216483,216487,4,0
216483,216483,216488,5,0
216483,216483,216488,5,0
216483,216483,216488,5,0
216483,216483,216488,5,0
216483,216483,216489,6,0
216483,216483,216489,6,0
216483,216483,216488,5,0
216483,216483,216489,6,0
216483,216483,216489,6,0
216483,216483,216489,6,0
216483,216483,216490,7,0
216483,216483,216490,7,0
216483,216483,216490,7,0
216483,216483,216490,7,0
216483,216483,216491,8,0
216483,216483,216492,9,0
216483,216483,216493,10,0
216483,216483,216493,10,0
216483,216483,216493,10,0
216483,216483,216493,10,0
216483,216483,216494,11,0
216483,216483,216506,23,0
216516,216516,216517,1,0
216516,216516,216517,1,0
216516,216516,216518,2,0
216516,216516,216517,1,0
216516,216516,216518,2,0
216516,216516,216518,2,0
216516,216516,216519,3,0
216516,216516,216518,2,0
216516,216516,216520,4,0
216516,216516,216520,4,0
216516,216516,216519,3,0
216516,216516,216521,5,0
216516,216516,216520,4,0
216516,216516,216521,5,0
216516,216516,216520,4,0
216516,216516,216521,5,0
216516,216516,216521,5,0
216516,216516,216520,4,0
216516,216516,216522,6,0
216516,216516,216521,5,0
216516,216516,216522,6,0
216516,216516,216522,6,0
216516,216516,216523,7,0
216516,216516,216524,8,0
216516,216516,216524,8,0
216516,216516,216523,7,0
216516,216516,216523,7,0
216516,216516,216525,9,0
216516,216516,216526,10,0
216516,216516,216533,17,0
216516,216516,216533,17,0
216544,216544,216545,1,0
216544,216544,216545,1,0
216544,216544,216545,1,0
216544,216544,216546,2,0
216544,216544,216547,3,0
216544,216544,216546,2,0
216544,216544,216546,2,0
216544,216544,216546,2,0
216544,216544,216546,2,0
216544,216544,216547,3,0
216544,216544,216546,2,0
216544,216544,216548,4,0
216544,216544,216547,3,0
216544,216544,216548,4,0
216544,216544,216547,3,0
216544,216544,216548,4,0
216544,216544,216548,4,0
216544,216544,216548,4,0
216544,216544,216549,5,0
216544,216544,216549,5,0
216544,216544,216548,4,0
216544,216544,216549,5,0
216544,216544,216549,5,0
216544,216544,216550,6,0
216544,216544,216550,6,0
216544,216544,216550,6,0
216544,216544,216550,6,0
216544,216544,216553,9,0
216544,216544,216554,10,0
216544,216544,216554,10,0
216544,216544,216564,20,0
216575,216575,216576,1,0
216575,216575,216577,2,0
216575,216575,216577,2,0
216575,216575,216577,2,0
216575,216575,216578,3,0
216575,216575,216578,3,0
216575,216575,216579,4,0
216575,216575,216579,4,0
216575,216575,216579,4,0
216575,216575,216578,3,0
216575,216575,216579,4,0
216575,216575,216579,4,0
216575,216575,216579,4,0
216575,216575,216579,4,0
216575,216575,216580,5,0
216575,216575,216579,4,0
216575,216575,216580,5,0
216575,216575,216581,6,0
216575,216575,216581,6,0
216575,216575,216581,6,0
216575,216575,216580,5,0
216575,216575,216582,7,0
216575,216575,216582,7,0
216575,216575,216582,7,0
216575,216575,216586,11,0
216575,216575,216586,11,0
216575,216575,216587,12,0
216575,216575,216587,12,0
216575,216575,216585,10,0
216575,216575,216585,10,0
216575,216575,216585,10,0
216603,216603,216605,2,0
216603,216603,216605,2,0
216603,216603,216605,2,0
216603,216603,216606,3,0
216603,216603,216606,3,0
216603,216603,216606,3,0
216603,216604,216606,2,1
216603,216603,216606,3,0
216603,216603,216606,3,0
216603,216603,216606,3,0
216603,216603,216606,3,0
216603,216603,216606,3,0
216603,216603,216607,4,0
216603,216603,216607,4,0
216603,216603,216607,4,0
216603,216603,216608,5,0
216603,216603,216608,5,0
216603,216603,216608,5,0
216603,216604,216608,4,1
216603,216603,216609,6,0
216603,216603,216609,6,0
216603,216603,216610,7,0
216603,216603,216610,7,0
216603,216603,216610,7,0
216603,216603,216610,7,0
216603,216603,216610,7,0
216603,216603,216611,8,0
216603,216603,216611,8,0
216603,216603,216611,8,0
216603,216603,216612,9,0
216603,216603,216613,10,0
216625,216625,216626,1,0
216625,216625,216626,1,0
216625,216625,216626,1,0
216625,216625,216628,3,0
216625,216625,216628,3,0
216625,216625,216628,3,0
216625,216625,216627,2,0
216625,216625,216627,2,0
216625,216625,216627,2,0
216625,216625,216628,3,0
216625,216625,216628,3,0
216625,216625,216628,3,0
216625,216625,216628,3,0
216625,216625,216629,4,0
216625,216625,216630,5,0
216625,216625,216630,5,0
216625,216625,216630,5,0
216625,216625,216630,5,0
216625,216625,216632,7,0
216625,216625,216631,6,0
216625,216625,216631,6,0
216625,216625,216631,6,0
216625,216625,216631,6,0
216625,216625,216632,7,0
216625,216625,216632,7,0
216625,216625,216632,7,0
216625,216625,216632,7,0
216625,216625,216633,8,0
216625,216625,216633,8,0
216625,216625,216633,8,0
216625,216625,216634,9,0
216645,216645,216646,1,0
216645,216645,216647,2,0
216645,216645,216646,1,0
216645,216645,216646,1,0
216645,216645,216648,3,0
216645,216645,216647,2,0
216645,216645,216648,3,0
216645,216645,216648,3,0
216645,216645,216648,3,0
216645,216645,216648,3,0
216645,216645,216649,4,0
216645,216645,216649,4,0
216645,216645,216649,4,0
216645,216645,216650,5,0
216645,216645,216649,4,0
216645,216645,216650,5,0
216645,216645,216650,5,0
216645,216645,216650,5,0
216645,216645,216652,7,0
216645,216645,216652,7,0
216645,216645,216651,6,0
216645,216645,216651,6,0
216645,216645,216652,7,0
216645,216645,216652,7,0
216645,216645,216652,7,0
216645,216645,216652,7,0
216645,216645,216654,9,0
216645,216645,216654,9,0
216645,216645,216654,9,0
216645,216645,216655,10,0
216645,216645,216661,16,0
216673,216673,216674,1,0
216673,216673,216674,1,0
216673,216673,216674,1,0
216673,216673,216676,3,0
216673,216673,216675,2,0
216673,216673,216675,2,0
216673,216673,216675,2,0
216673,216673,216675,2,0
216673,216673,216676,3,0
216673,216673,216676,3,0
216673,216673,216676,3,0
216673,216673,216676,3,0
216673,216673,216677,4,0
216673,216673,216677,4,0
216673,216673,216677,4,0
216673,216673,216678,5,0
216673,216673,216679,6,0
216673,216673,216678,5,0
216673,216673,216678,5,0
216673,216673,216679,6,0
216673,216673,216679,6,0
216673,216673,216679,6,0
216673,216673,216679,6,0
216673,216673,216680,7,0
216673,216673,216682,9,0
216673,216673,216682,9,0
216673,216673,216684,11,0
216673,216673,216683,10,0
216673,216673,216684,11,0
216673,216673,216685,12,0
216673,216673,216687,14,0
216698,216698,216699,1,0
216698,216698,216699,1,0
216698,216698,216700,2,0
216698,216698,216700,2,0
216698,216698,216701,3,0
216698,216698,216701,3,0
216698,216698,216701,3,0
216698,216698,216701,3,0
216698,216698,216701,3,0
216698,216698,216701,3,0
216698,216698,216702,4,0
216698,216698,216701,3,0
216698,216698,216702,4,0
216698,216698,216703,5,0
216698,216698,216701,3,0
216698,216698,216704,6,0
216698,216698,216704,6,0
216698,216698,216704,6,0
216698,216698,216702,4,0
216698,216698,216704,6,0
216698,216698,216705,7,0
216698,216698,216705,7,0
216698,216698,216706,8,0
216698,216698,216700,2,0
216698,216698,216707,9,0
216698,216698,216708,10,0
216698,216698,216710,12,0
216698,216698,216710,12,0
216698,216698,216709,11,0
216698,216698,216711,13,0
216698,216698,216718,20,0
216728,216728,216729,1,0
216728,216728,216729,1,0
216728,216728,216729,1,0
216728,216728,216731,3,0
216728,216728,216731,3,0
216728,216728,216731,3,0
216728,216728,216731,3,0
216728,216728,216731,3,0
216728,216728,216731,3,0
216728,216728,216732,4,0
216728,216728,216731,3,0
216728,216728,216732,4,0
216728,216728,216732,4,0
216728,216728,216733,5,0
216728,216728,216733,5,0
216728,216728,216733,5,0
216728,216728,216732,4,0
216728,216728,216732,4,0
216728,216728,216734,6,0
216728,216728,216733,5,0
216728,216728,216735,7,0
216728,216728,216735,7,0
216728,216728,216735,7,0
216728,216728,216736,8,0
216728,216728,216738,10,0
216728,216728,216737,9,0
216728,216728,216738,10,0
216728,216728,216739,11,0
216728,216728,216741,13,0
216728,216728,216742,14,0
216728,216728,216752,24,0
216762,216762,216764,2,0
216762,216762,216763,1,0
216762,216762,216764,2,0
216762,216762,216765,3,0
216762,216762,216765,3,0
216762,216762,216765,3,0
216762,216762,216765,3,0
216762,216762,216766,4,0
216762,216762,216765,3,0
216762,216762,216765,3,0
216762,216762,216765,3,0
216762,216762,216765,3,0
216762,216762,216766,4,0
216762,216762,216766,4,0
216762,216762,216766,4,0
216762,216762,216766,4,0
216762,216762,216767,5,0
216762,216762,216768,6,0
216762,216762,216768,6,0
216762,216762,216767,5,0
216762,216762,216768,6,0
216762,216762,216766,4,0
216762,216762,216769,7,0
216762,216762,216768,6,0
216762,216762,216769,7,0
216762,216762,216769,7,0
216762,216762,216770,8,0
216762,216762,216771,9,0
216762,216762,216772,10,0
216762,216762,216773,11,0
216762,216762,216772,10,0
216785,216785,216786,1,0
216785,216785,216786,1,0
216785,216785,216786,1,0
216785,216785,216787,2,0
216785,216785,216787,2,0
216785,216785,216787,2,0
216785,216785,216787,2,0
216785,216785,216787,2,0
216785,216785,216788,3,0
216785,216785,216788,3,0
216785,216785,216788,3,0
216785,216785,216789,4,0
216785,216785,216788,3,0
216785,216785,216790,5,0
216785,216785,216790,5,0
216785,216785,216790,5,0
216785,216785,216790,5,0
216785,216785,216791,6,0
216785,216785,216791,6,0
216785,216785,216791,6,0
216785,216785,216790,5,0
216785,216785,216791,6,0
216785,216785,216791,6,0
216785,216785,216792,7,0
216785,216785,216791,6,0
216785,216785,216793,8,0
216785,216785,216794,9,0
216785,216785,216794,9,0
216785,216785,216794,9,0
216785,216785,216793,8,0
216785,216785,216807,22,0
216818,216818,216819,1,0
216818,216818,216819,1,0
216818,216818,216820,2,0
216818,216818,216820,2,0
216818,216818,216820,2,0
216818,216818,216820,2,0
216818,216818,216821,3,0
216818,216818,216821,3,0
216818,216818,216820,2,0
216818,216818,216821,3,0
216818,216818,216822,4,0
216818,216818,216822,4,0
216818,216818,216822,4,0
216818,216818,216821,3,0
216818,216818,216822,4,0
216818,216818,216823,5,0
216818,216818,216823,5,0
216818,216818,216824,6,0
216818,216818,216824,6,0
216818,216818,216824,6,0
216818,216818,216824,6,0
216818,216818,216824,6,0
216818,216818,216825,7,0
216818,216818,216825,7,0
216818,216818,216825,7,0
216818,216818,216826,8,0
216818,216818,216825,7,0
216818,216818,216821,3,0
216818,216818,216829,11,0
216818,216818,216831,13,0
216818,216818,216834,16,0
216845,216845,216846,1,0
216845,216845,216847,2,0
216845,216845,216846,1,0
216845,216845,216846,1,0
216845,216845,216847,2,0
216845,216845,216847,2,0
216845,216845,216848,3,0
216845,216845,216847,2,0
216845,216845,216848,3,0
216845,216845,216848,3,0
216845,216845,216847,2,0
216845,216845,216848,3,0
216845,216845,216849,4,0
216845,216845,216848,3,0
216845,216845,216848,3,0
216845,216845,216850,5,0
216845,216845,216850,5,0
216845,216845,216849,4,0
216845,216845,216851,6,0
216845,216845,216850,5,0
216845,216845,216851,6,0
216845,216845,216851,6,0
216845,216845,216851,6,0
216845,216845,216851,6,0
216845,216845,216851,6,0
216845,216845,216851,6,0
216845,216845,216851,6,0
216845,216845,216852,7,0
216845,216845,216852,7,0
216845,216845,216856,11,0
216845,216845,216858,13,0
216869,216869,216871,2,0
216458,216458,216870,412,0
216869,216869,216871,2,0
216869,216870,216871,1,1
216869,216869,216871,2,0
216869,216870,216871,1,1
216869,216870,216872,2,1
216869,216870,216872,2,1
216869,216870,216872,2,1
216869,216870,216872,2,1
216869,216869,216872,3,0
216869,216869,216872,3,0
216869,216870,216872,2,1
216869,216869,216873,4,0
216869,216870,216873,3,1
216869,216870,216873,3,1
216869,216869,216873,4,0
216869,216870,216873,3,1
216869,216870,216873,3,1
216869,216869,216874,5,0
216869,216869,216875,6,0
216869,216870,216875,5,1
216869,216869,216875,6,0
216869,216869,216875,6,0
216869,216869,216876,7,0
216869,216869,216876,7,0
216869,216869,216875,6,0
216869,216870,216877,7,1
216869,216869,216877,8,0
216869,216869,216879,10,0
216869,216870,216880,10,1
216869,216870,216884,14,1
216896,216896,216898,2,0
216896,216896,216897,1,0
216896,216896,216897,1,0
216896,216896,216897,1,0
216896,216896,216897,1,0
216896,216896,216897,1,0
216896,216896,216897,1,0
216896,216896,216898,2,0
216896,216896,216898,2,0
216896,216896,216899,3,0
216896,216896,216898,2,0
216896,216896,216899,3,0
216896,216896,216900,4,0
216896,216896,216899,3,0
216896,216896,216899,3,0
216896,216896,216900,4,0
216896,216896,216901,5,0
216896,216896,216901,5,0
216896,216896,216901,5,0
216896,216896,216901,5,0
216896,216896,216901,5,0
216896,216896,216901,5,0
216896,216896,216902,6,0
216896,216896,216902,6,0
216896,216896,216901,5,0
216896,216896,216904,8,0
216896,216896,216905,9,0
216896,216896,216905,9,0
216896,216896,216906,10,0
216896,216896,216906,10,0
216896,216896,216907,11,0
216919,216919,216920,1,0
216919,216919,216920,1,0
216919,216919,216921,2,0
216919,216919,216920,1,0
216919,216919,216921,2,0
216919,216919,216920,1,0
216919,216919,216921,2,0
216919,216919,216922,3,0
216919,216919,216922,3,0
216919,216919,216921,2,0
216919,216919,216923,4,0
216919,216919,216922,3,0
216919,216919,216923,4,0
216919,216919,216923,4,0
216919,216919,216923,4,0
216919,216919,216924,5,0
216919,216919,216924,5,0
216919,216919,216923,4,0
216919,216919,216925,6,0
216919,216919,216924,5,0
216919,216919,216924,5,0
216919,216919,216924,5,0
216919,216919,216924,5,0
216919,216919,216924,5,0
216919,216919,216925,6,0
216919,216919,216926,7,0
216919,216919,216926,7,0
216919,216919,216928,9,0
216919,216919,216928,9,0
216919,216919,216928,9,0
216919,216919,216929,10,0
216940,216940,216942,2,0
216940,216940,216942,2,0
216940,216941,216942,1,1
216940,216941,216943,2,1
216940,216940,216942,2,0
216940,216941,216942,1,1
216940,216941,216943,2,1
216940,216941,216943,2,1
216940,216941,216943,2,1
216940,216941,216943,2,1
216940,216940,216943,3,0
216940,216941,216943,2,1
216940,216941,216944,3,1
216940,216941,216944,3,1
216940,216941,216944,3,1
216940,216941,216945,4,1
216940,216941,216945,4,1
216940,216941,216945,4,1
216940,216941,216946,5,1
216940,216941,216945,4,1
216940,216941,216946,5,1
216940,216941,216946,5,1
216940,216941,216946,5,1
216940,216941,216947,6,1
216940,216941,216946,5,1
216940,216941,216947,6,1
216940,216941,216948,7,1
216940,216941,216949,8,1
216940,216941,216949,8,1
216940,216941,216950,9,1
216940,216941,216951,10,1
216963,216963,216964,1,0
216963,216963,216964,1,0
216963,216963,216965,2,0
216963,216963,216964,1,0
216963,216963,216965,2,0
216963,216963,216964,1,0
216963,216963,216964,1,0
216963,216963,216965,2,0
216963,216963,216966,3,0
216963,216963,216966,3,0
216963,216963,216966,3,0
216963,216963,216965,2,0
216963,216963,216965,2,0
216963,216963,216967,4,0
216963,216963,216967,4,0
216963,216963,216967,4,0
216963,216963,216967,4,0
216963,216963,216969,6,0
216963,216963,216968,5,0
216963,216963,216968,5,0
216963,216963,216969,6,0
216963,216963,216970,7,0
216963,216963,216971,8,0
216963,216963,216970,7,0
216963,216963,216971,8,0
216963,216963,216971,8,0
216963,216963,216972,9,0
216963,216963,216972,9,0
216963,216963,216972,9,0
216963,216963,216973,10,0
216963,216963,216973,10,0
216985,216985,216986,1,0
216985,216985,216986,1,0
216985,216985,216986,1,0
216985,216985,216987,2,0
216985,216985,216987,2,0
216985,216985,216986,1,0
216985,216985,216988,3,0
216985,216985,216988,3,0
216985,216985,216988,3,0
216985,216985,216988,3,0
216985,216985,216988,3,0
216985,216985,216988,3,0
216985,216985,216987,2,0
216985,216985,216988,3,0
216985,216985,216988,3,0
216985,216985,216988,3,0
216985,216985,216987,2,0
216985,216985,216989,4,0
216985,216985,216989,4,0
216985,216985,216988,3,0
216985,216985,216990,5,0
216985,216985,216990,5,0
216985,216985,216990,5,0
216985,216985,216989,4,0
216985,216985,216989,4,0
216985,216985,216989,4,0
216985,216985,216990,5,0
216985,216985,216990,5,0
216985,216985,216990,5,0
216985,216985,216991,6,0
216985,216985,217003,18,0
217015,217015,217016,1,0
217015,217015,217016,1,0
217015,217015,217016,1,0
217015,217015,217016,1,0
217015,217015,217016,1,0
217015,217015,217017,2,0
217015,217015,217017,2,0
217015,217015,217017,2,0
217015,217015,217017,2,0
217015,217015,217017,2,0
217015,217015,217017,2,0
217015,217015,217018,3,0
217015,217015,217017,2,0
217015,217015,217018,3,0
217015,217015,217018,3,0
217015,217015,217018,3,0
217015,217015,217018,3,0
217015,217015,217018,3,0
217015,217015,217020,5,0
217015,217015,217019,4,0
217015,217015,217017,2,0
217015,217015,217020,5,0
217015,217015,217020,5,0
217015,217015,217021,6,0
217015,217015,217021,6,0
217015,217015,217023,8,0
217015,217015,217022,7,0
217015,217015,217024,9,0
217015,217015,217024,9,0
217015,217015,217028,13,0
217015,217015,217029,14,0
217039,217039,217041,2,0
217039,217039,217041,2,0
217039,217039,217041,2,0
217039,217039,217041,2,0
217039,217039,217041,2,0
217039,217039,217041,2,0
217039,217039,217041,2,0
217039,217039,217041,2,0
217039,217040,217042,2,1
217039,217040,217042,2,1
217039,217039,217042,3,0
217039,217040,217042,2,1
217039,217039,217042,3,0
217039,217040,217042,2,1
217039,217039,217043,4,0
217039,217040,217043,3,1
217039,217039,217043,4,0
217039,217040,217043,3,1
217039,217040,217044,4,1
217039,217039,217044,5,0
217039,217039,217044,5,0
217039,217039,217045,6,0
217039,217039,217045,6,0
217039,217040,217045,5,1
217039,217040,217046,6,1
217039,217039,217049,10,0
217039,217040,217049,9,1
217039,217039,217051,12,0
217039,217040,217051,11,1
217039,217040,217051,11,1
217039,217040,217059,19,1
217070,217070,217071,1,0
217070,217070,217071,1,0
217070,217070,217072,2,0
217070,217070,217071,1,0
217070,217070,217072,2,0
217070,217070,217072,2,0
217070,217070,217071,1,0
217070,217070,217072,2,0
217070,217070,217072,2,0
217070,217070,217073,3,0
217070,217070,217072,2,0
217070,217070,217073,3,0
217070,217070,217072,2,0
217070,217070,217072,2,0
217070,217070,217072,2,0
217070,217070,217073,3,0
217070,217070,217073,3,0
217070,217070,217074,4,0
217070,217070,217073,3,0
217070,217070,217073,3,0
217070,217070,217073,3,0
217070,217070,217075,5,0
217070,217070,217076,6,0
217070,217070,217075,5,0
217070,217070,217076,6,0
217070,217070,217076,6,0
217070,217070,217076,6,0
217070,217070,217078,8,0
217070,217070,217084,14,0
217070,217070,217085,15,0
217070,217070,217086,16,0
217097,217097,217098,1,0
217097,217097,217098,1,0
217097,217097,217099,2,0
217097,217097,217099,2,0
217097,217097,217099,2,0
217097,217097,217098,1,0
217097,217097,217100,3,0
217097,217097,217100,3,0
217097,217097,217099,2,0
217097,217097,217100,3,0
217097,217097,217100,3,0
217097,217097,217100,3,0
217097,217097,217099,2,0
217097,217097,217100,3,0
217097,217097,217100,3,0
217097,217097,217100,3,0
217097,217097,217099,2,0
217097,217097,217100,3,0
217097,217097,217100,3,0
217097,217097,217099,2,0
217097,217097,217099,2,0
217097,217097,217101,4,0
217097,217097,217101,4,0
217097,217097,217102,5,0
217097,217097,217102,5,0
217097,217097,217102,5,0
217097,217097,217104,7,0
217097,217097,217102,5,0
217097,217097,217105,8,0
217097,217097,217109,12,0
217097,217097,217111,14,0
217121,217121,217122,1,0
217121,217121,217123,2,0
217121,217121,217122,1,0
217121,217121,217123,2,0
217121,217121,217123,2,0
217121,217121,217122,1,0
217121,217121,217123,2,0
217121,217121,217122,1,0
217121,217121,217123,2,0
217121,217121,217123,2,0
217121,217121,217123,2,0
217121,217121,217123,2,0
217121,217121,217123,2,0
217121,217121,217124,3,0
217121,217121,217124,3,0
217121,217121,217124,3,0
217121,217121,217124,3,0
217121,217121,217126,5,0
217121,217121,217125,4,0
217121,217121,217123,2,0
217121,217121,217126,5,0
217121,217121,217127,6,0
217121,217121,217127,6,0
217121,217121,217128,7,0
217121,217121,217127,6,0
217121,217121,217128,7,0
217121,217121,217129,8,0
217121,217121,217131,10,0
217121,217121,217130,9,0
217121,217121,217130,9,0
217121,217121,217135,14,0
217146,217146,217147,1,0
217146,217146,217148,2,0
217146,217146,217148,2,0
217146,217146,217148,2,0
217146,217146,217148,2,0
217146,217146,217148,2,0
217146,217146,217148,2,0
217146,217146,217149,3,0
217146,217146,217149,3,0
217146,217146,217149,3,0
217146,217146,217149,3,0
217146,217146,217149,3,0
217146,217146,217149,3,0
217146,217146,217149,3,0
217146,217146,217149,3,0
217146,217146,217149,3,0
217146,217146,217150,4,0
217146,217146,217150,4,0
217146,217146,217150,4,0
217146,217146,217150,4,0
217146,217146,217150,4,0
217146,217146,217151,5,0
217146,217146,217152,6,0
217146,217146,217152,6,0
217146,217146,217152,6,0
217146,217146,217153,7,0
217146,217146,217153,7,0
217146,217146,217153,7,0
217146,217146,217148,2,0
217146,217146,217155,9,0
217146,217146,217155,9,0
217166,217166,217168,2,0
217166,217166,217168,2,0
217166,217166,217168,2,0
217166,217166,217168,2,0
217166,217166,217167,1,0
217166,217166,217168,2,0
217166,217166,217168,2,0
217166,217167,217168,1,1
217166,217166,217169,3,0
217166,217166,217169,3,0
217166,217167,217169,2,1
217166,217167,217169,2,1
217166,217166,217169,3,0
217166,217166,217169,3,0
217166,217166,217169,3,0
217166,217166,217169,3,0
217166,217166,217169,3,0
217166,217166,217170,4,0
217166,217166,217170,4,0
217166,217167,217170,3,1
217166,217166,217171,5,0
217166,217166,217171,5,0
217166,217166,217172,6,0
217166,217167,217172,5,1
217166,217166,217172,6,0
217166,217167,217173,6,1
217166,217167,217173,6,1
217166,217167,217180,13,1
217166,217167,217176,9,1
217166,217166,217182,16,0
217166,217167,217177,10,1
217193,217193,217194,1,0
217193,217193,217194,1,0
217193,217193,217194,1,0
217193,217193,217195,2,0
217193,217193,217196,3,0
217193,217193,217195,2,0
217193,217193,217195,2,0
217193,217193,217196,3,0
217193,217193,217197,4,0
217193,217193,217197,4,0
217193,217193,217197,4,0
217193,217193,217198,5,0
217193,217193,217198,5,0
217193,217193,217198,5,0
217193,217193,217198,5,0
217193,217193,217198,5,0
217193,217193,217199,6,0
217193,217193,217199,6,0
217193,217193,217199,6,0
217193,217193,217200,7,0
217193,217193,217200,7,0
217193,217193,217201,8,0
217193,217193,217202,9,0
217193,217193,217202,9,0
217193,217193,217202,9,0
217193,217193,217203,10,0
217193,217193,217203,10,0
217193,217193,217206,13,0
217193,217193,217207,14,0
217193,217193,217208,15,0
217193,217193,217209,16,0
217220,217220,217222,2,0
217220,217220,217222,2,0
217220,217220,217222,2,0
217220,217221,217223,2,1
217220,217221,217224,3,1
217220,217221,217225,4,1
217220,217221,217225,4,1
217220,217221,217225,4,1
217220,217221,217226,5,1
217220,217220,217226,6,0
217220,217221,217226,5,1
217220,217220,217226,6,0
217220,217221,217223,2,1
217220,217221,217226,5,1
217220,217220,217227,7,0
217220,217221,217228,7,1
217220,217220,217228,8,0
217220,217220,217228,8,0
217220,217221,217228,7,1
217220,217220,217229,9,0
217220,217221,217229,8,1
217220,217220,217229,9,0
217220,217221,217229,8,1
217220,217221,217230,9,1
217220,217220,217230,10,0
217220,217220,217230,10,0
217220,217220,217230,10,0
217220,217220,217231,11,0
217220,217221,217232,11,1
217220,217220,217233,13,0
217220,217220,217234,14,0
217246,217246,217247,1,0
217246,217246,217247,1,0
217246,217246,217247,1,0
217246,217246,217248,2,0
217246,217246,217248,2,0
217246,217246,217250,4,0
217246,217246,217249,3,0
217246,217246,217250,4,0
217246,217246,217250,4,0
217246,217246,217251,5,0
217246,217246,217251,5,0
217246,217246,217252,6,0
217246,217246,217251,5,0
217246,217246,217251,5,0
217246,217246,217252,6,0
217246,217246,217252,6,0
217246,217246,217252,6,0
217246,217246,217253,7,0
217246,217246,217254,8,0
217246,217246,217253,7,0
217246,217246,217254,8,0
217246,217246,217254,8,0
217246,217246,217254,8,0
217246,217246,217255,9,0
217246,217246,217255,9,0
217246,217246,217255,9,0
217246,217246,217255,9,0
217246,217246,217254,8,0
217246,217246,217256,10,0
217246,217246,217257,11,0
217246,217246,217260,14,0
217272,217272,217273,1,0
217272,217272,217273,1,0
217272,217272,217273,1,0
217272,217272,217276,4,0
217272,217272,217276,4,0
217272,217272,217275,3,0
217272,217272,217276,4,0
217272,217272,217276,4,0
217272,217272,217277,5,0
217272,217272,217278,6,0
217272,217272,217278,6,0
217272,217272,217278,6,0
217272,217272,217279,7,0
217272,217272,217278,6,0
217272,217272,217279,7,0
217272,217272,217279,7,0
217272,217272,217277,5,0
217272,217272,217279,7,0
217272,217272,217279,7,0
217272,217272,217279,7,0
217272,217272,217280,8,0
217272,217272,217280,8,0
217272,217272,217282,10,0
217272,217272,217281,9,0
217272,217272,217282,10,0
217272,217272,217282,10,0
217272,217272,217282,10,0
217272,217272,217283,11,0
217272,217272,217284,12,0
217272,217272,217285,13,0
217272,217272,217286,14,0
217298,217298,217299,1,0
217298,217298,217299,1,0
217298,217298,217299,1,0
217298,217298,217300,2,0
217298,217298,217301,3,0
217298,217298,217302,4,0
217298,217298,217302,4,0
217298,217298,217304,6,0
217298,217298,217303,5,0
217298,217298,217303,5,0
217298,217298,217303,5,0
217298,217298,217305,7,0
217298,217298,217304,6,0
217298,217298,217304,6,0
217298,217298,217304,6,0
217298,217298,217304,6,0
217298,217298,217304,6,0
217298,217298,217305,7,0
217298,217298,217305,7,0
217298,217298,217305,7,0
217298,217298,217307,9,0
217298,217298,217307,9,0
217298,217298,217307,9,0
217298,217298,217308,10,0
217298,217298,217307,9,0
217298,217298,217309,11,0
217298,217298,217308,10,0
217298,217298,217308,10,0
217298,217298,217309,11,0
217298,217298,217309,11,0
217298,217298,217310,12,0
217322,217322,217324,2,0
217322,217322,217324,2,0
217322,217322,217324,2,0
217322,217323,217325,2,1
217322,217323,217325,2,1
217322,217323,217327,4,1
217322,217323,217326,3,1
217322,217323,217326,3,1
217322,217323,217327,4,1
217322,217323,217328,5,1
217322,217323,217328,5,1
217322,217322,217328,6,0
217322,217323,217329,6,1
217322,217323,217329,6,1
217322,217322,217329,7,0
217322,217323,217329,6,1
217322,217322,217329,7,0
217322,217323,217330,7,1
217322,217323,217331,8,1
217322,217323,217330,7,1
217322,217323,217330,7,1
217322,217322,217331,9,0
217322,217322,217331,9,0
217322,217322,217331,9,0
217322,217322,217332,10,0
217322,217323,217332,9,1
217322,217322,217332,10,0
217322,217323,217332,9,1
217322,217322,217332,10,0
217322,217323,217333,10,1
217322,217322,217336,14,0
217349,217349,217350,1,0
217349,217349,217350,1,0
217349,217349,217350,1,0
217349,217349,217351,2,0
217349,217349,217352,3,0
217349,217349,217351,2,0
217349,217349,217352,3,0
217349,217349,217352,3,0
217349,217349,217354,5,0
217349,217349,217354,5,0
217349,217349,217354,5,0
217349,217349,217352,3,0
217349,217349,217355,6,0
217349,217349,217356,7,0
217349,217349,217356,7,0
217349,217349,217356,7,0
217349,217349,217356,7,0
217349,217349,217356,7,0
217349,217349,217357,8,0
217349,217349,217357,8,0
217349,217349,217357,8,0
217349,217349,217358,9,0
217349,217349,217358,9,0
217349,217349,217358,9,0
217349,217349,217358,9,0
217349,217349,217358,9,0
217349,217349,217358,9,0
217349,217349,217361,12,0
216877,216878,217362,484,1
217349,217349,217364,15,0
217349,217349,217367,18,0
217349,217349,217373,24,0
217385,217385,217386,1,0
217385,217385,217387,2,0
217385,217385,217387,2,0
217385,217385,217388,3,0
217385,217385,217388,3,0
217385,217385,217387,2,0
217385,217385,217390,5,0
217385,217385,217389,4,0
217385,217385,217389,4,0
217385,217385,217391,6,0
217385,217385,217391,6,0
217385,217385,217391,6,0
217385,217385,217391,6,0
217385,217385,217392,7,0
217385,217385,217391,6,0
217385,217385,217392,7,0
217385,217385,217392,7,0
217385,217385,217392,7,0
217385,217385,217392,7,0
217385,217385,217392,7,0
217385,217385,217393,8,0
217385,217385,217393,8,0
217385,217385,217394,9,0
217385,217385,217394,9,0
217385,217385,217395,10,0
217385,217385,217396,11,0
217385,217385,217395,10,0
217385,217385,217396,11,0
217385,217385,217397,12,0
217385,217385,217398,13,0
217385,217385,217405,20,0
217417,217417,217418,1,0
217417,217417,217418,1,0
217417,217417,217418,1,0
217417,217417,217419,2,0
217417,217417,217419,2,0
217417,217417,217420,3,0
217417,217417,217421,4,0
217417,217417,217421,4,0
217417,217417,217422,5,0
217417,217417,217422,5,0
217417,217417,217422,5,0
217417,217417,217422,5,0
217417,217417,217422,5,0
217417,217417,217422,5,0
217417,217417,217424,7,0
217417,217417,217423,6,0
217417,217417,217423,6,0
217417,217417,217423,6,0
217417,217417,217423,6,0
217417,217417,217423,6,0
217417,217417,217423,6,0
217417,217417,217424,7,0
217417,217417,217425,8,0
217417,217417,217427,10,0
217417,217417,217426,9,0
217417,217417,217427,10,0
217417,217417,217426,9,0
217417,217417,217426,9,0
217417,217417,217427,10,0
217417,217417,217430,13,0
217417,217417,217432,15,0
217443,217443,217444,1,0
217443,217443,217445,2,0
217443,217443,217444,1,0
217443,217443,217445,2,0
217443,217443,217446,3,0
217443,217443,217446,3,0
217443,217443,217448,5,0
217443,217443,217448,5,0
217443,217443,217447,4,0
217443,217443,217448,5,0
217443,217443,217449,6,0
217443,217443,217449,6,0
217443,217443,217449,6,0
217443,217443,217448,5,0
217443,217443,217449,6,0
217443,217443,217449,6,0
217443,217443,217449,6,0
217443,217443,217450,7,0
217443,217443,217450,7,0
217443,217443,217451,8,0
217443,217443,217452,9,0
217443,217443,217453,10,0
217443,217443,217452,9,0
217443,217443,217453,10,0
217443,217443,217453,10,0
217443,217443,217453,10,0
217443,217443,217453,10,0
217443,217443,217454,11,0
217443,217443,217455,12,0
217443,217443,217460,17,0
217443,217443,217460,17,0
217472,217472,217473,1,0
217472,217472,217474,2,0
217472,217472,217474,2,0
217472,217472,217475,3,0
217472,217472,217475,3,0
217472,217472,217477,5,0
217472,217472,217477,5,0
217472,217472,217477,5,0
217472,217472,217477,5,0
217472,217472,217478,6,0
217472,217472,217478,6,0
217472,217472,217477,5,0
217472,217472,217478,6,0
217472,217472,217477,5,0
217472,217472,217479,7,0
217472,217472,217478,6,0
217472,217472,217479,7,0
217472,217472,217480,8,0
217472,217472,217481,9,0
217472,217472,217481,9,0
217472,217472,217481,9,0
217472,217472,217481,9,0
217472,217472,217482,10,0
217472,217472,217482,10,0
217472,217472,217482,10,0
217472,217472,217482,10,0
217472,217472,217482,10,0
217472,217472,217482,10,0
217472,217472,217484,12,0
217472,217472,217484,12,0
217472,217472,217485,13,0
217497,217497,217498,1,0
217497,217497,217498,1,0
217497,217497,217499,2,0
217497,217497,217500,3,0
217497,217497,217499,2,0
217497,217497,217501,4,0
217497,217497,217501,4,0
217497,217497,217501,4,0
217497,217497,217502,5,0
217497,217497,217502,5,0
217497,217497,217502,5,0
217497,217497,217502,5,0
217497,217497,217503,6,0
217497,217497,217503,6,0
217497,217497,217503,6,0
217497,217497,217504,7,0
217497,217497,217504,7,0
217497,217497,217505,8,0
217497,217497,217500,3,0
217497,217497,217505,8,0
217497,217497,217505,8,0
217497,217497,217505,8,0
217497,217497,217505,8,0
217497,217497,217507,10,0
217497,217497,217506,9,0
217497,217497,217507,10,0
217497,217497,217507,10,0
217497,217497,217507,10,0
217497,217497,217507,10,0
217497,217497,217507,10,0
217497,217497,217507,10,0
217518,217518,217519,1,0
217518,217518,217519,1,0
217518,217518,217519,1,0
217518,217518,217521,3,0
217518,217518,217522,4,0
217518,217518,217523,5,0
217518,217518,217523,5,0
217518,217518,217524,6,0
217518,217518,217523,5,0
217518,217518,217523,5,0
217518,217518,217524,6,0
217518,217518,217525,7,0
217518,217518,217524,6,0
217518,217518,217524,6,0
217518,217518,217526,8,0
217518,217518,217526,8,0
217518,217518,217526,8,0
217518,217518,217524,6,0
217518,217518,217526,8,0
217518,217518,217527,9,0
217518,217518,217527,9,0
217518,217518,217527,9,0
217518,217518,217528,10,0
217518,217518,217528,10,0
217518,217518,217528,10,0
217518,217518,217528,10,0
217518,217518,217529,11,0
217518,217518,217527,9,0
217518,217518,217527,9,0
217518,217518,217535,17,0
217518,217518,217542,24,0
217554,217554,217555,1,0
217554,217554,217555,1,0
217554,217554,217555,1,0
217554,217554,217556,2,0
217554,217554,217557,3,0
217554,217554,217558,4,0
217554,217554,217558,4,0
217554,217554,217558,4,0
217554,217554,217559,5,0
217554,217554,217559,5,0
217554,217554,217559,5,0
217554,217554,217559,5,0
217554,217554,217559,5,0
217554,217554,217560,6,0
217554,217554,217560,6,0
217554,217554,217560,6,0
217554,217554,217560,6,0
217554,217554,217562,8,0
217554,217554,217562,8,0
217554,217554,217561,7,0
217554,217554,217561,7,0
217554,217554,217562,8,0
217554,217554,217563,9,0
217554,217554,217563,9,0
217554,217554,217563,9,0
217554,217554,217563,9,0
217554,217554,217564,10,0
217554,217554,217563,9,0
217554,217554,217564,10,0
217554,217554,217564,10,0
217554,217554,217566,12,0
217578,217578,217579,1,0
217578,217578,217579,1,0
217578,217578,217579,1,0
217578,217578,217581,3,0
217578,217578,217582,4,0
217578,217578,217582,4,0
217578,217578,217583,5,0
217578,217578,217582,4,0
217578,217578,217581,3,0
217578,217578,217583,5,0
217578,217578,217584,6,0
217578,217578,217584,6,0
217578,217578,217584,6,0
217578,217578,217584,6,0
217578,217578,217584,6,0
217578,217578,217585,7,0
217578,217578,217585,7,0
217578,217578,217585,7,0
217578,217578,217585,7,0
217578,217578,217586,8,0
217578,217578,217587,9,0
217578,217578,217588,10,0
217578,217578,217588,10,0
217578,217578,217588,10,0
217578,217578,217588,10,0
217578,217578,217588,10,0
217578,217578,217589,11,0
217578,217578,217588,10,0
217578,217578,217589,11,0
217578,217578,217589,11,0
217578,217578,217591,13,0
217604,217604,217606,2,0
217604,217604,217605,1,0
217604,217604,217605,1,0
217604,217604,217607,3,0
217604,217604,217606,2,0
217604,217604,217607,3,0
217604,217604,217607,3,0
217604,217604,217609,5,0
217604,217604,217609,5,0
217604,217604,217608,4,0
217604,217604,217609,5,0
217604,217604,217610,6,0
217604,217604,217609,5,0
217604,217604,217609,5,0
217604,217604,217610,6,0
217604,217604,217610,6,0
217604,217604,217611,7,0
217604,217604,217610,6,0
217604,217604,217611,7,0
217604,217604,217610,6,0
217604,217604,217612,8,0
217604,217604,217611,7,0
217604,217604,217613,9,0
217604,217604,217613,9,0
217604,217604,217613,9,0
217604,217604,217613,9,0
217604,217604,217613,9,0
217604,217604,217614,10,0
217604,217604,217614,10,0
217604,217604,217614,10,0
217604,217604,217618,14,0
217629,217629,217630,1,0
217629,217629,217631,2,0
217629,217629,217631,2,0
217629,217629,217632,3,0
217629,217629,217632,3,0
217629,217629,217633,4,0
217629,217629,217633,4,0
217629,217629,217634,5,0
217629,217629,217634,5,0
217629,217629,217635,6,0
217629,217629,217635,6,0
217629,217629,217635,6,0
217629,217629,217636,7,0
217629,217629,217637,8,0
217629,217629,217637,8,0
217629,217629,217637,8,0
217629,217629,217637,8,0
217629,217629,217637,8,0
217629,217629,217637,8,0
217629,217629,217637,8,0
217629,217629,217637,8,0
217629,217629,217638,9,0
217629,217629,217638,9,0
217629,217629,217638,9,0
217629,217629,217638,9,0
217629,217629,217639,10,0
217629,217629,217639,10,0
217629,217629,217640,11,0
217629,217629,217639,10,0
217629,217629,217640,11,0
217629,217629,217649,20,0
217660,217660,217662,2,0
217660,217660,217662,2,0
217660,217660,217662,2,0
217660,217660,217663,3,0
217660,217660,217663,3,0
217660,217660,217664,4,0
217660,217660,217665,5,0
217660,217660,217663,3,0
217660,217660,217666,6,0
217660,217660,217666,6,0
217660,217660,217666,6,0
217660,217660,217667,7,0
217660,217661,217668,7,1
217660,217660,217668,8,0
217660,217661,217668,7,1
217660,217660,217668,8,0
217660,217660,217669,9,0
217660,217660,217669,9,0
217660,217660,217669,9,0
217660,217660,217669,9,0
217660,217660,217669,9,0
217660,217660,217669,9,0
217660,217660,217670,10,0
217660,217660,217670,10,0
217660,217660,217670,10,0
217660,217660,217670,10,0
217660,217660,217670,10,0
217660,217660,217670,10,0
217660,217660,217671,11,0
217660,217660,217671,11,0
217660,217660,217686,26,0
217699,217699,217700,1,0
217699,217699,217700,1,0
217699,217699,217701,2,0
217699,217699,217702,3,0
217699,217699,217702,3,0
217699,217699,217704,5,0
217699,217699,217704,5,0
217699,217699,217704,5,0
217699,217699,217705,6,0
217699,217699,217705,6,0
217699,217699,217705,6,0
217699,217699,217706,7,0
217699,217699,217705,6,0
217699,217699,217706,7,0
217699,217699,217706,7,0
217699,217699,217706,7,0
217699,217699,217706,7,0
217699,217699,217704,5,0
217699,217699,217704,5,0
217699,217699,217708,9,0
217699,217699,217708,9,0
217699,217699,217708,9,0
217699,217699,217709,10,0
217699,217699,217708,9,0
217699,217699,217709,10,0
217699,217699,217709,10,0
217699,217699,217709,10,0
217699,217699,217709,10,0
217699,217699,217709,10,0
217699,217699,217709,10,0
217699,217699,217712,13,0
217729,217729,217730,1,0
217729,217729,217730,1,0
217729,217729,217731,2,0
217729,217729,217732,3,0
217729,217729,217732,3,0
217729,217729,217732,3,0
217729,217729,217734,5,0
217729,217729,217734,5,0
217729,217729,217734,5,0
217729,217729,217734,5,0
217729,217729,217735,6,0
217729,217729,217736,7,0
217729,217729,217736,7,0
217729,217729,217736,7,0
217729,217729,217736,7,0
217729,217729,217737,8,0
217729,217729,217737,8,0
217729,217729,217737,8,0
217729,217729,217736,7,0
217729,217729,217738,9,0
217729,217729,217738,9,0
217729,217729,217738,9,0
217729,217729,217733,4,0
217729,217729,217738,9,0
217729,217729,217738,9,0
217729,217729,217739,10,0
217729,217729,217739,10,0
217729,217729,217739,10,0
217729,217729,217741,12,0
217729,217729,217742,13,0
217729,217729,217742,13,0
217753,217753,217755,2,0
217753,217753,217755,2,0
217753,217753,217756,3,0
217753,217753,217756,3,0
217753,217753,217756,3,0
217753,217753,217757,4,0
217753,217753,217758,5,0
217753,217754,217758,4,1
217753,217753,217758,5,0
217753,217753,217758,5,0
217753,217753,217759,6,0
217753,217753,217759,6,0
217753,217754,217759,5,1
217753,217753,217760,7,0
217753,217753,217760,7,0
217753,217754,217760,6,1
217753,217753,217760,7,0
217753,217753,217761,8,0
217753,217753,217761,8,0
217753,217753,217761,8,0
217753,217754,217762,8,1
217753,217753,217762,9,0
217753,217753,217762,9,0
217753,217753,217762,9,0
217753,217753,217763,10,0
217753,217753,217763,10,0
217753,217754,217763,9,1
217753,217753,217763,10,0
217753,217753,217763,10,0
217753,217753,217767,14,0
217753,217753,217769,16,0
217780,217781,217782,1,1
217780,217780,217783,3,0
217780,217780,217782,2,0
217780,217781,217783,2,1
217780,217781,217783,2,1
217780,217781,217784,3,1
217780,217780,217785,5,0
217780,217781,217786,5,1
217780,217781,217785,4,1
217780,217781,217785,4,1
217780,217781,217786,5,1
217780,217781,217788,7,1
217780,217781,217788,7,1
217780,217781,217788,7,1
217780,217781,217788,7,1
217780,217781,217788,7,1
217780,217781,217788,7,1
217780,217781,217788,7,1
217780,217781,217790,9,1
217780,217781,217789,8,1
217780,217781,217789,8,1
217780,217781,217790,9,1
217780,217781,217790,9,1
217780,217781,217790,9,1
217780,217781,217789,8,1
217780,217781,217791,10,1
217780,217781,217792,11,1
217780,217781,217793,12,1
217780,217781,217796,15,1
217780,217781,217798,17,1
217780,217781,217801,20,1
217813,217813,217814,1,0
217813,217813,217814,1,0
217813,217813,217816,3,0
217813,217813,217815,2,0
217813,217813,217815,2,0
217813,217813,217817,4,0
217813,217813,217819,6,0
217813,217813,217818,5,0
217813,217813,217818,5,0
217813,217813,217818,5,0
217813,217813,217819,6,0
217813,217813,217819,6,0
217813,217813,217820,7,0
217813,217813,217820,7,0
217813,217813,217820,7,0
217813,217813,217820,7,0
217813,217813,217820,7,0
217813,217813,217821,8,0
217813,217813,217820,7,0
217813,217813,217820,7,0
217813,217813,217820,7,0
217813,217813,217821,8,0
217813,217813,217822,9,0
217813,217813,217821,8,0
217813,217813,217821,8,0
217813,217813,217822,9,0
217813,217813,217822,9,0
217813,217813,217822,9,0
217813,217813,217823,10,0
217813,217813,217829,16,0
217813,217813,217829,16,0
217369,217370,217839,469,1
217840,217841,217842,1,1
217840,217841,217842,1,1
217840,217841,217842,1,1
217840,217841,217843,2,1
217840,217841,217843,2,1
217840,217841,217844,3,1
217840,217841,217845,4,1
217840,217841,217845,4,1
217840,217841,217846,5,1
217840,217841,217846,5,1
217840,217841,217846,5,1
217840,217841,217847,6,1
217840,217841,217847,6,1
217840,217841,217848,7,1
217840,217841,217847,6,1
217840,217841,217847,6,1
217840,217841,217848,7,1
217840,217841,217848,7,1
217840,217841,217848,7,1
217840,217841,217848,7,1
217840,217841,217849,8,1
217840,217841,217849,8,1
217840,217841,217849,8,1
217840,217841,217849,8,1
217840,217841,217850,9,1
217840,217841,217850,9,1
217840,217841,217850,9,1
217840,217841,217850,9,1
217840,217841,217852,11,1
217840,217841,217855,14,1
217840,217841,217861,20,1
217871,217871,217873,2,0
217871,217871,217873,2,0
217871,217871,217873,2,0
217871,217871,217874,3,0
217871,217871,217874,3,0
217871,217871,217876,5,0
217871,217871,217877,6,0
217871,217871,217877,6,0
217871,217871,217877,6,0
217871,217871,217877,6,0
217871,217871,217876,5,0
217871,217871,217878,7,0
217871,217871,217877,6,0
217871,217871,217876,5,0
217871,217871,217879,8,0
217871,217871,217879,8,0
217871,217871,217878,7,0
217871,217871,217879,8,0
217871,217871,217878,7,0
217871,217871,217879,8,0
217871,217871,217878,7,0
217871,217871,217879,8,0
217871,217871,217880,9,0
217871,217871,217879,8,0
217871,217871,217880,9,0
217871,217871,217880,9,0
217871,217871,217874,3,0
217871,217871,217880,9,0
217871,217871,217885,14,0
217871,217871,217887,16,0
217871,217871,217887,16,0
217898,217899,217900,1,1
217898,217899,217900,1,1
217898,217899,217900,1,1
217898,217899,217901,2,1
217898,217899,217902,3,1
217898,217899,217904,5,1
217898,217899,217904,5,1
217898,217899,217904,5,1
217898,217899,217904,5,1
217898,217899,217904,5,1
217898,217899,217904,5,1
217898,217899,217905,6,1
217898,217899,217905,6,1
217898,217899,217905,6,1
217898,217899,217905,6,1
217898,217899,217906,7,1
217898,217899,217906,7,1
217898,217899,217906,7,1
217898,217899,217906,7,1
217898,217899,217906,7,1
217898,217899,217906,7,1
217898,217899,217906,7,1
217898,217899,217901,2,1
217898,217899,217907,8,1
217898,217899,217907,8,1
217898,217899,217908,9,1
217898,217899,217907,8,1
217898,217899,217908,9,1
217898,217899,217909,10,1
217898,217899,217913,14,1
217898,217899,217917,18,1
217929,217929,217930,1,0
217929,217929,217930,1,0
217929,217929,217930,1,0
217929,217929,217931,2,0
217929,217929,217932,3,0
217929,217929,217933,4,0
217929,217929,217935,6,0
217929,217929,217934,5,0
217929,217929,217934,5,0
217929,217929,217935,6,0
217929,217929,217936,7,0
217929,217929,217935,6,0
217929,217929,217936,7,0
217929,217929,217933,4,0
217929,217929,217936,7,0
217929,217929,217937,8,0
217929,217929,217936,7,0
217929,217929,217936,7,0
217929,217929,217937,8,0
217929,217929,217936,7,0
217929,217929,217937,8,0
217929,217929,217932,3,0
217929,217929,217937,8,0
217929,217929,217937,8,0
217929,217929,217937,8,0
217929,217929,217938,9,0
217929,217929,217938,9,0
217929,217929,217938,9,0
217929,217929,217938,9,0
217929,217929,217939,10,0
217929,217929,217939,10,0
217950,217950,217952,2,0
217950,217950,217952,2,0
217950,217950,217952,2,0
217950,217950,217953,3,0
217950,217950,217953,3,0
217950,217950,217954,4,0
217950,217950,217956,6,0
217950,217950,217956,6,0
217950,217950,217956,6,0
217950,217950,217956,6,0
217950,217950,217957,7,0
217950,217950,217956,6,0
217950,217950,217958,8,0
217950,217950,217958,8,0
217950,217950,217958,8,0
217950,217950,217958,8,0
217950,217950,217955,5,0
217950,217950,217959,9,0
217950,217950,217959,9,0
217950,217950,217953,3,0
217950,217950,217960,10,0
217950,217950,217960,10,0
217950,217950,217960,10,0
217950,217950,217960,10,0
217950,217950,217961,11,0
217950,217950,217961,11,0
217950,217950,217961,11,0
217950,217950,217963,13,0
217950,217950,217963,13,0
217950,217950,217964,14,0
217950,217950,217965,15,0
217978,217978,217979,1,0
217978,217978,217979,1,0
217978,217978,217979,1,0
217978,217978,217980,2,0
217978,217978,217981,3,0
217978,217978,217981,3,0
217978,217978,217983,5,0
217978,217978,217982,4,0
217978,217978,217983,5,0
217978,217978,217984,6,0
217978,217978,217983,5,0
217978,217978,217983,5,0
217978,217978,217982,4,0
217978,217978,217985,7,0
217978,217978,217984,6,0
217978,217978,217985,7,0
217978,217978,217986,8,0
217978,217978,217986,8,0
217978,217978,217982,4,0
217978,217978,217985,7,0
217978,217978,217987,9,0
217978,217978,217987,9,0
217978,217978,217987,9,0
217978,217978,217987,9,0
217978,217978,217987,9,0
217978,217978,217988,10,0
217978,217978,217988,10,0
217978,217978,217990,12,0
217978,217978,217990,12,0
217978,217978,217994,16,0
217978,217978,217995,17,0
218007,218007,218009,2,0
218007,218007,218009,2,0
218007,218007,218008,1,0
218007,218007,218010,3,0
218007,218007,218010,3,0
218007,218007,218011,4,0
218007,218007,218011,4,0
218007,218007,218013,6,0
218007,218007,218013,6,0
218007,218007,218013,6,0
218007,218007,218013,6,0
218007,218007,218013,6,0
218007,218007,218014,7,0
218007,218007,218014,7,0
218007,218007,218014,7,0
218007,218007,218014,7,0
218007,218007,218014,7,0
218007,218007,218015,8,0
218007,218007,218014,7,0
218007,218007,218014,7,0
218007,218007,218014,7,0
218007,218007,218016,9,0
218007,218007,218016,9,0
218007,218007,218011,4,0
218007,218007,218016,9,0
218007,218007,218015,8,0
218007,218007,218017,10,0
218007,218007,218016,9,0
218007,218007,218017,10,0
218007,218007,218017,10,0
218007,218007,218017,10,0
218029,218029,218030,1,0
218029,218029,218031,2,0
218029,218029,218031,2,0
218029,218029,218032,3,0
218029,218029,218032,3,0
218029,218029,218033,4,0
218029,218029,218033,4,0
218029,218029,218032,3,0
218029,218029,218033,4,0
218029,218029,218034,5,0
218029,218029,218035,6,0
218029,218029,218034,5,0
218029,218029,218035,6,0
218029,218029,218035,6,0
218029,218029,218035,6,0
218029,218029,218036,7,0
218029,218029,218036,7,0
218029,218029,218036,7,0
218029,218029,218035,6,0
218029,218029,218034,5,0
218029,218029,218035,6,0
218029,218029,218037,8,0
218029,218029,218039,10,0
218029,218029,218038,9,0
218029,218029,218038,9,0
218029,218029,218039,10,0
218029,218029,218038,9,0
218029,218029,218040,11,0
218029,218029,218042,13,0
218029,218029,218043,14,0
218029,218029,218049,20,0
218061,218062,218063,1,1
218061,218062,218063,1,1
218061,218062,218063,1,1
218061,218062,218064,2,1
218061,218062,218064,2,1
218061,218062,218064,2,1
218061,218062,218064,2,1
218061,218062,218065,3,1
218061,218062,218065,3,1
218061,218062,218066,4,1
218061,218062,218066,4,1
218061,218062,218066,4,1
218061,218062,218066,4,1
218061,218062,218066,4,1
218061,218062,218067,5,1
218061,218062,218067,5,1
218061,218062,218067,5,1
218061,218062,218068,6,1
218061,218062,218068,6,1
218061,218062,218068,6,1
218061,218062,218068,6,1
218061,218062,218068,6,1
218061,218062,218069,7,1
218061,218062,218069,7,1
218061,218062,218069,7,1
218061,218062,218070,8,1
218061,218062,218070,8,1
218061,218062,218071,9,1
218061,218062,218072,10,1
218061,218062,218073,11,1
218061,218062,218073,11,1
218085,218085,218086,1,0
218085,218085,218086,1,0
218085,218085,218087,2,0
218085,218085,218088,3,0
218085,218085,218087,2,0
218085,218085,218088,3,0
218085,218085,218089,4,0
218085,218085,218089,4,0
218085,218085,218088,3,0
218085,218085,218089,4,0
218085,218085,218090,5,0
218085,218085,218089,4,0
218085,218085,218090,5,0
218085,218085,218090,5,0
218085,218085,218090,5,0
218085,218085,218091,6,0
218085,218085,218091,6,0
218085,218085,218091,6,0
218085,218085,218091,6,0
218085,218085,218092,7,0
218085,218085,218092,7,0
218085,218085,218092,7,0
218085,218085,218092,7,0
218085,218085,218092,7,0
218085,218085,218093,8,0
218085,218085,218092,7,0
218085,218085,218095,10,0
218085,218085,218095,10,0
218085,218085,218094,9,0
218085,218085,218094,9,0
218085,218085,218098,13,0
218111,218111,218112,1,0
218111,218111,218112,1,0
218111,218111,218112,1,0
218111,218111,218113,2,0
218111,218111,218113,2,0
218111,218111,218114,3,0
218111,218111,218114,3,0
218111,218111,218115,4,0
218111,218111,218116,5,0
218111,218111,218115,4,0
218111,218111,218116,5,0
218111,218111,218115,4,0
218111,218111,218116,5,0
218111,218111,218116,5,0
218111,218111,218116,5,0
218111,218111,218117,6,0
218111,218111,218117,6,0
218111,218111,218116,5,0
218111,218111,218117,6,0
218111,218111,218117,6,0
218111,218111,218117,6,0
218111,218111,218117,6,0
218111,218111,218117,6,0
218111,218111,218121,10,0
218111,218111,218120,9,0
218111,218111,218120,9,0
218111,218111,218122,11,0
218111,218111,218122,11,0
218111,218111,218126,15,0
218111,218111,218130,19,0
218111,218111,218131,20,0
218143,218143,218144,1,0
218143,218143,218144,1,0
218143,218143,218144,1,0
218143,218143,218146,3,0
218143,218143,218145,2,0
218143,218143,218146,3,0
218143,218143,218145,2,0
218143,218143,218146,3,0
218143,218143,218147,4,0
218143,218143,218146,3,0
218143,218143,218147,4,0
218143,218143,218148,5,0
218143,218143,218147,4,0
218143,218143,218148,5,0
218143,218143,218148,5,0
218143,218143,218149,6,0
218143,218143,218149,6,0
218143,218143,218149,6,0
218143,218143,218149,6,0
218143,218143,218150,7,0
218143,218143,218149,6,0
218143,218143,218149,6,0
218143,218143,218150,7,0
218143,218143,218151,8,0
218143,218143,218151,8,0
218143,218143,218152,9,0
218143,218143,218152,9,0
218143,218143,218152,9,0
218143,218143,218153,10,0
218143,218143,218158,15,0
218143,218143,218173,30,0
218185,218185,218186,1,0
218185,218185,218186,1,0
218185,218185,218187,2,0
218185,218185,218188,3,0
218185,218185,218188,3,0
218185,218185,218187,2,0
218185,218185,218188,3,0
218185,218185,218188,3,0
218185,218185,218189,4,0
218185,218185,218189,4,0
218185,218185,218190,5,0
218185,218185,218190,5,0
218185,218185,218190,5,0
218185,218185,218189,4,0
218185,218185,218191,6,0
218185,218185,218190,5,0
218185,218185,218191,6,0
218185,218185,218192,7,0
218185,218185,218192,7,0
218185,218185,218192,7,0
218185,218185,218192,7,0
218185,218185,218193,8,0
218185,218185,218192,7,0
218185,218185,218193,8,0
218185,218185,218193,8,0
218185,218185,218195,10,0
218185,218185,218194,9,0
218185,218185,218195,10,0
218185,218185,218195,10,0
218185,218185,218198,13,0
218185,218185,218199,14,0
218211,218211,218212,1,0
218211,218211,218213,2,0
218211,218211,218213,2,0
218211,218211,218214,3,0
218211,218211,218214,3,0
218211,218211,218215,4,0
218211,218211,218215,4,0
218211,218211,218215,4,0
218211,218211,218215,4,0
218211,218211,218215,4,0
218211,218211,218216,5,0
218211,218211,218216,5,0
218211,218211,218215,4,0
218211,218211,218216,5,0
218211,218211,218217,6,0
218211,218211,218217,6,0
218211,218211,218217,6,0
218211,218211,218218,7,0
218211,218211,218218,7,0
218211,218211,218218,7,0
218211,218211,218217,6,0
218211,218211,218218,7,0
218211,218211,218218,7,0
218211,218211,218219,8,0
218211,218211,218219,8,0
218211,218211,218219,8,0
218211,218211,218220,9,0
218211,218211,218221,10,0
218211,218211,218221,10,0
218211,218211,218222,11,0
218211,218211,218222,11,0
218234,218234,218235,1,0
218234,218234,218235,1,0
218234,218234,218235,1,0
218234,218234,218236,2,0
218234,218234,218236,2,0
218234,218234,218238,4,0
218234,218234,218237,3,0
218234,218234,218238,4,0
218234,218234,218238,4,0
218234,218234,218238,4,0
218234,218234,218238,4,0
218234,218234,218239,5,0
218234,218234,218238,4,0
218234,218234,218239,5,0
218234,218234,218240,6,0
218234,218234,218239,5,0
218234,218234,218239,5,0
218234,218234,218239,5,0
218234,218234,218239,5,0
218234,218234,218240,6,0
218234,218234,218241,7,0
218234,218234,218240,6,0
218234,218234,218240,6,0
218234,218234,218241,7,0
218234,218234,218242,8,0
218234,218234,218243,9,0
218234,218234,218243,9,0
218234,218234,218244,10,0
218234,218234,218242,8,0
218234,218234,218244,10,0
218234,218234,218246,12,0
218258,218258,218259,1,0
218258,218258,218259,1,0
218258,218258,218259,1,0
218258,218258,218261,3,0
218258,218258,218261,3,0
218258,218258,218262,4,0
218258,218258,218261,3,0
218258,218258,218263,5,0
218258,218258,218263,5,0
218258,218258,218262,4,0
218258,218258,218264,6,0
218258,218258,218263,5,0
218258,218258,218264,6,0
218258,218258,218264,6,0
218258,218258,218263,5,0
218258,218258,218265,7,0
218258,218258,218264,6,0
218258,218258,218264,6,0
218258,218258,218265,7,0
218258,218258,218265,7,0
218258,218258,218266,8,0
218258,218258,218266,8,0
218258,218258,218266,8,0
218258,218258,218266,8,0
218258,218258,218265,7,0
218258,218258,218267,9,0
218258,218258,218266,8,0
218258,218258,218267,9,0
218258,218258,218268,10,0
218258,218258,218268,10,0
218258,218258,218272,14,0
218284,218284,218285,1,0
218284,218284,218286,2,0
218284,218284,218286,2,0
218284,218284,218286,2,0
218284,218284,218286,2,0
218284,218284,218286,2,0
218284,218284,218288,4,0
218284,218284,218288,4,0
218284,218284,218288,4,0
218284,218284,218289,5,0
218284,218284,218289,5,0
218284,218284,218288,4,0
218284,218284,218289,5,0
218284,218284,218289,5,0
218284,218284,218290,6,0
218284,218284,218289,5,0
218284,218284,218289,5,0
218284,218284,218290,6,0
218284,218284,218291,7,0
218284,218284,218291,7,0
218284,218284,218290,6,0
218284,218284,218291,7,0
218284,218284,218291,7,0
218284,218284,218292,8,0
218284,218284,218292,8,0
218284,218284,218291,7,0
218284,218284,218292,8,0
218284,218284,218294,10,0
218284,218284,218295,11,0
218284,218284,218296,12,0
218284,218284,218300,16,0
217846,217847,218302,455,1
218312,218312,218314,2,0
218312,218312,218313,1,0
218312,218312,218313,1,0
218312,218312,218315,3,0
218312,218312,218314,2,0
218312,218312,218315,3,0
218312,218312,218315,3,0
218312,218312,218315,3,0
218312,218312,218317,5,0
218312,218312,218316,4,0
218312,218312,218317,5,0
218312,218312,218317,5,0
218312,218312,218317,5,0
218312,218312,218317,5,0
218312,218312,218317,5,0
218312,218312,218318,6,0
218312,218312,218318,6,0
218312,218312,218318,6,0
218312,218312,218318,6,0
218312,218312,218319,7,0
218312,218312,218318,6,0
218312,218312,218318,6,0
218312,218312,218318,6,0
218312,218312,218319,7,0
218312,218312,218320,8,0
218312,218312,218319,7,0
218312,218312,218319,7,0
218312,218312,218319,7,0
218312,218312,218320,8,0
218312,218312,218321,9,0
218312,218312,218322,10,0
218332,218332,218333,1,0
218332,218332,218333,1,0
218332,218332,218333,1,0
218332,218332,218335,3,0
218332,218332,218335,3,0
218332,218332,218336,4,0
218332,218332,218336,4,0
218332,218332,218336,4,0
218332,218332,218336,4,0
218332,218332,218337,5,0
218332,218332,218337,5,0
218332,218332,218337,5,0
218332,218332,218336,4,0
218332,218332,218337,5,0
218332,218332,218336,4,0
218332,218332,218338,6,0
218332,218332,218338,6,0
218332,218332,218338,6,0
218332,218332,218339,7,0
218332,218332,218339,7,0
218332,218332,218339,7,0
218332,218332,218338,6,0
218332,218332,218339,7,0
218332,218332,218339,7,0
218332,218332,218339,7,0
218332,218332,218339,7,0
218332,218332,218341,9,0
218332,218332,218342,10,0
218332,218332,218342,10,0
218332,218332,218344,12,0
218332,218332,218345,13,0
218356,218356,218358,2,0
218356,218356,218358,2,0
218356,218356,218358,2,0
218356,218357,218359,2,1
218356,218357,218359,2,1
218356,218357,218359,2,1
218356,218356,218360,4,0
218356,218356,218360,4,0
218356,218357,218360,3,1
218356,218356,218360,4,0
218356,218357,218360,3,1
218356,218357,218360,3,1
218356,218356,218360,4,0
218356,218356,218361,5,0
218356,218356,218361,5,0
218356,218357,218361,4,1
218356,218356,218361,5,0
218356,218356,218362,6,0
218356,218357,218362,5,1
218356,218356,218362,6,0
218356,218356,218363,7,0
218356,218356,218363,7,0
218356,218356,218363,7,0
218356,218356,218364,8,0
218356,218357,218362,5,1
218356,218356,218363,7,0
218356,218356,218365,9,0
218356,218356,218365,9,0
218356,218356,218365,9,0
218356,218357,218366,9,1
218356,218357,218370,13,1
218382,218382,218383,1,0
218382,218382,218383,1,0
218382,218382,218383,1,0
218382,218382,218384,2,0
218382,218382,218384,2,0
218382,218382,218386,4,0
218382,218382,218387,5,0
218382,218382,218386,4,0
218382,218382,218386,4,0
218382,218382,218386,4,0
218382,218382,218387,5,0
218382,218382,218387,5,0
218382,218382,218387,5,0
218382,218382,218389,7,0
218382,218382,218388,6,0
218382,218382,218388,6,0
218382,218382,218388,6,0
218382,218382,218388,6,0
218382,218382,218389,7,0
218382,218382,218389,7,0
218382,218382,218389,7,0
218382,218382,218389,7,0
218382,218382,218389,7,0
218382,218382,218388,6,0
218382,218382,218392,10,0
218382,218382,218391,9,0
218382,218382,218392,10,0
218382,218382,218391,9,0
218382,218382,218392,10,0
218382,218382,218392,10,0
218382,218382,218392,10,0
218404,218404,218405,1,0
218404,218404,218405,1,0
218404,218404,218405,1,0
218404,218404,218406,2,0
218404,218404,218406,2,0
218404,218404,218406,2,0
218404,218404,218407,3,0
218404,218404,218407,3,0
218404,218404,218407,3,0
218404,218404,218408,4,0
218404,218404,218408,4,0
218404,218404,218409,5,0
218404,218404,218408,4,0
218404,218404,218408,4,0
218404,218404,218410,6,0
218404,218404,218409,5,0
218404,218404,218409,5,0
218404,218404,218409,5,0
218404,218404,218409,5,0
218404,218404,218410,6,0
218404,218404,218410,6,0
218404,218404,218410,6,0
218404,218404,218410,6,0
218404,218404,218410,6,0
218404,218404,218410,6,0
218404,218404,218411,7,0
218404,218404,218412,8,0
218404,218404,218412,8,0
218404,218404,218413,9,0
218404,218404,218413,9,0
218404,218404,218416,12,0
218430,218430,218431,1,0
218430,218430,218432,2,0
218430,218430,218431,1,0
218430,218430,218431,1,0
218430,218430,218432,2,0
218430,218430,218433,3,0
218430,218430,218432,2,0
218430,218430,218433,3,0
218430,218430,218433,3,0
218430,218430,218433,3,0
218430,218430,218434,4,0
218430,218430,218433,3,0
218430,218430,218435,5,0
218430,218430,218434,4,0
218430,218430,218434,4,0
218430,218430,218435,5,0
218430,218430,218434,4,0
218430,218430,218435,5,0
218430,218430,218435,5,0
218430,218430,218435,5,0
218430,218430,218437,7,0
218430,218430,218436,6,0
218430,218430,218436,6,0
218430,218430,218436,6,0
218430,218430,218437,7,0
218430,218430,218436,6,0
218430,218430,218437,7,0
218430,218430,218438,8,0
218430,218430,218438,8,0
218430,218430,218439,9,0
218430,218430,218440,10,0
218450,218450,218451,1,0
218450,218450,218452,2,0
218450,218450,218452,2,0
218450,218450,218453,3,0
218450,218450,218453,3,0
218450,218450,218453,3,0
218450,218450,218453,3,0
218450,218450,218453,3,0
218450,218450,218453,3,0
218450,218450,218453,3,0
218450,218450,218452,2,0
218450,218450,218453,3,0
218450,218450,218454,4,0
218450,218450,218454,4,0
218450,218450,218454,4,0
218450,218450,218454,4,0
218450,218450,218454,4,0
218450,218450,218454,4,0
218450,218450,218455,5,0
218450,218450,218455,5,0
218450,218450,218455,5,0
218450,218450,218456,6,0
218450,218450,218456,6,0
218450,218450,218456,6,0
218450,218450,218457,7,0
218450,218450,218457,7,0
218450,218450,218458,8,0
218450,218450,218458,8,0
218450,218450,218458,8,0
218450,218450,218458,8,0
218450,218450,218461,11,0
218473,218473,218474,1,0
218473,218473,218474,1,0
218473,218473,218474,1,0
218473,218473,218475,2,0
218473,218473,218475,2,0
218473,218473,218475,2,0
218473,218473,218475,2,0
218473,218473,218475,2,0
218473,218473,218475,2,0
218473,218473,218476,3,0
218473,218473,218476,3,0
218473,218473,218476,3,0
218473,218473,218476,3,0
218473,218473,218476,3,0
218473,218473,218477,4,0
218473,218473,218477,4,0
218473,218473,218477,4,0
218473,218473,218477,4,0
218473,218473,218477,4,0
218473,218473,218478,5,0
218473,218473,218478,5,0
218473,218473,218478,5,0
218473,218473,218478,5,0
218473,218473,218479,6,0
218473,218473,218479,6,0
218473,218473,218479,6,0
218473,218473,218479,6,0
218473,218473,218480,7,0
218473,218473,218481,8,0
218473,218473,218480,7,0
218473,218473,218481,8,0
218495,218495,218496,1,0
218495,218495,218497,2,0
218495,218495,218496,1,0
218495,218495,218497,2,0
218495,218495,218497,2,0
218495,218495,218497,2,0
218495,218495,218497,2,0
218495,218495,218497,2,0
218495,218495,218498,3,0
218495,218495,218497,2,0
218495,218495,218499,4,0
218495,218495,218498,3,0
218495,218495,218499,4,0
218495,218495,218499,4,0
218495,218495,218499,4,0
218495,218495,218500,5,0
218495,218495,218500,5,0
218495,218495,218499,4,0
218495,218495,218500,5,0
218495,218495,218500,5,0
218495,218495,218501,6,0
218495,218495,218501,6,0
218495,218495,218501,6,0
218495,218495,218501,6,0
218495,218495,218502,7,0
218495,218495,218502,7,0
218495,218495,218502,7,0
218495,218495,218502,7,0
218495,218495,218503,8,0
218495,218495,218503,8,0
218495,218495,218503,8,0
218515,218515,218516,1,0
218515,218515,218516,1,0
218515,218515,218516,1,0
218515,218515,218517,2,0
218515,218515,218517,2,0
218515,218515,218517,2,0
218515,218515,218517,2,0
218515,218515,218518,3,0
218515,218515,218517,2,0
218515,218515,218518,3,0
218515,218515,218518,3,0
218515,218515,218518,3,0
218515,218515,218519,4,0
218515,218515,218519,4,0
218515,218515,218519,4,0
218515,218515,218521,6,0
218515,218515,218521,6,0
218515,218515,218520,5,0
218515,218515,218521,6,0
218515,218515,218521,6,0
218515,218515,218522,7,0
218515,218515,218521,6,0
218515,218515,218521,6,0
218515,218515,218522,7,0
218515,218515,218521,6,0
218515,218515,218523,8,0
218515,218515,218523,8,0
218515,218515,218524,9,0
218515,218515,218523,8,0
218515,218515,218523,8,0
218515,218515,218525,10,0
218537,218537,218538,1,0
218537,218537,218538,1,0
218537,218537,218539,2,0
218537,218537,218538,1,0
218537,218537,218540,3,0
218537,218537,218539,2,0
218537,218537,218539,2,0
218537,218537,218539,2,0
218537,218537,218540,3,0
218537,218537,218539,2,0
218537,218537,218540,3,0
218537,218537,218540,3,0
218537,218537,218541,4,0
218537,218537,218541,4,0
218537,218537,218542,5,0
218537,218537,218542,5,0
218537,218537,218543,6,0
218537,218537,218542,5,0
218537,218537,218543,6,0
218537,218537,218542,5,0
218537,218537,218543,6,0
218537,218537,218543,6,0
218537,218537,218543,6,0
218537,218537,218544,7,0
218537,218537,218544,7,0
218537,218537,218544,7,0
218537,218537,218545,8,0
218537,218537,218544,7,0
218537,218537,218544,7,0
218537,218537,218545,8,0
218537,218537,218546,9,0
218558,218558,218559,1,0
218558,218558,218559,1,0
218558,218558,218559,1,0
218558,218558,218560,2,0
218558,218558,218560,2,0
218558,218558,218561,3,0
218558,218558,218560,2,0
218558,218558,218561,3,0
218558,218558,218561,3,0
218558,218558,218562,4,0
218558,218558,218561,3,0
218558,218558,218561,3,0
218558,218558,218562,4,0
218558,218558,218561,3,0
218558,218558,218560,2,0
218558,218558,218562,4,0
218558,218558,218563,5,0
218558,218558,218564,6,0
218558,218558,218563,5,0
218558,218558,218563,5,0
218558,218558,218563,5,0
218558,218558,218564,6,0
218558,218558,218565,7,0
218558,218558,218564,6,0
218558,218558,218564,6,0
218558,218558,218565,7,0
218558,218558,218565,7,0
218558,218558,218566,8,0
218558,218558,218566,8,0
218558,218558,218570,12,0
218558,218558,218581,23,0
218593,218593,218595,2,0
218593,218593,218594,1,0
218593,218593,218594,1,0
218593,218593,218595,2,0
218593,218593,218596,3,0
218593,218593,218595,2,0
218593,218593,218596,3,0
218593,218593,218595,2,0
218593,218593,218595,2,0
218593,218593,218596,3,0
218593,218593,218596,3,0
218593,218593,218597,4,0
218593,218593,218596,3,0
218593,218593,218598,5,0
218593,218593,218598,5,0
218593,218593,218598,5,0
218593,218593,218598,5,0
218593,218593,218598,5,0
218593,218593,218598,5,0
218593,218593,218599,6,0
218593,218593,218600,7,0
218593,218593,218600,7,0
218593,218593,218600,7,0
218593,218593,218600,7,0
218593,218593,218600,7,0
218593,218593,218601,8,0
218593,218593,218599,6,0
218593,218593,218603,10,0
218593,218593,218603,10,0
218593,218593,218604,11,0
218593,218593,218604,11,0
218615,218615,218617,2,0
218615,218615,218617,2,0
218615,218615,218617,2,0
218615,218615,218618,3,0
218615,218616,218618,2,1
218615,218615,218618,3,0
218615,218615,218618,3,0
218615,218615,218618,3,0
218615,218616,218618,2,1
218615,218616,218618,2,1
218615,218615,218619,4,0
218615,218615,218619,4,0
218615,218615,218619,4,0
218615,218615,218619,4,0
218615,218616,218619,3,1
218615,218615,218620,5,0
218615,218616,218620,4,1
218615,218616,218620,4,1
218615,218615,218620,5,0
218615,218615,218620,5,0
218615,218615,218620,5,0
218615,218616,218621,5,1
218615,218615,218621,6,0
218615,218615,218621,6,0
218615,218615,218622,7,0
218615,218616,218622,6,1
218615,218615,218622,7,0
218615,218615,218623,8,0
218615,218615,218623,8,0
218615,218615,218623,8,0
218615,218615,218639,24,0
218649,218649,218650,1,0
218649,218649,218650,1,0
218649,218649,218651,2,0
218649,218649,218651,2,0
218649,218649,218652,3,0
218649,218649,218652,3,0
218649,218649,218651,2,0
218649,218649,218652,3,0
218649,218649,218652,3,0
218649,218649,218652,3,0
218649,218649,218653,4,0
218649,218649,218653,4,0
218649,218649,218653,4,0
218649,218649,218653,4,0
218649,218649,218653,4,0
218649,218649,218654,5,0
218649,218649,218654,5,0
218649,218649,218654,5,0
218649,218649,218655,6,0
218649,218649,218655,6,0
218649,218649,218654,5,0
218649,218649,218655,6,0
218649,218649,218655,6,0
218649,218649,218656,7,0
218649,218649,218655,6,0
218649,218649,218654,5,0
218649,218649,218657,8,0
218649,218649,218657,8,0
218649,218649,218659,10,0
218649,218649,218658,9,0
218649,218649,218662,13,0
218673,218673,218675,2,0
218673,218673,218675,2,0
218673,218673,218675,2,0
218673,218674,218676,2,1
218673,218674,218676,2,1
218673,218674,218676,2,1
218673,218674,218676,2,1
218673,218674,218677,3,1
218673,218674,218677,3,1
218673,218674,218677,3,1
218673,218674,218677,3,1
218673,218674,218676,2,1
218673,218673,218677,4,0
218673,218674,218678,4,1
218673,218674,218678,4,1
218673,218673,218678,5,0
218673,218674,218678,4,1
218673,218673,218678,5,0
218673,218674,218679,5,1
218673,218674,218679,5,1
218673,218674,218679,5,1
218673,218674,218679,5,1
218673,218674,218679,5,1
218673,218673,218679,6,0
218673,218674,218681,7,1
218673,218673,218680,7,0
218673,218673,218680,7,0
218673,218673,218681,8,0
218673,218674,218682,8,1
218673,218674,218682,8,1
218673,218674,218691,17,1
218702,218702,218703,1,0
218702,218702,218703,1,0
218702,218702,218704,2,0
218702,218702,218704,2,0
218702,218702,218705,3,0
218702,218702,218705,3,0
218702,218702,218705,3,0
218702,218702,218705,3,0
218702,218702,218704,2,0
218702,218702,218705,3,0
218702,218702,218704,2,0
218702,218702,218706,4,0
218702,218702,218706,4,0
218702,218702,218706,4,0
218702,218702,218706,4,0
218702,218702,218707,5,0
218702,218702,218707,5,0
218702,218702,218707,5,0
218702,218702,218706,4,0
218702,218702,218707,5,0
218702,218702,218707,5,0
218702,218702,218707,5,0
218702,218702,218707,5,0
218702,218702,218708,6,0
218702,218702,218708,6,0
218702,218702,218709,7,0
218702,218702,218708,6,0
218702,218702,218708,6,0
218702,218702,218710,8,0
218702,218702,218713,11,0
218702,218702,218714,12,0
218725,218725,218727,2,0
218725,218725,218727,2,0
218725,218725,218726,1,0
218725,218725,218726,1,0
218725,218725,218727,2,0
218725,218725,218726,1,0
218725,218725,218727,2,0
218725,218725,218727,2,0
218725,218725,218727,2,0
218725,218725,218727,2,0
218725,218725,218727,2,0
218725,218725,218728,3,0
218725,218725,218728,3,0
218725,218725,218728,3,0
218725,218725,218729,4,0
218725,218725,218729,4,0
218725,218725,218729,4,0
218725,218725,218729,4,0
218725,218725,218730,5,0
218725,218725,218730,5,0
218725,218725,218730,5,0
218725,218725,218731,6,0
218725,218725,218731,6,0
218725,218725,218731,6,0
218725,218725,218731,6,0
218725,218725,218731,6,0
218725,218725,218731,6,0
218725,218725,218733,8,0
218725,218725,218733,8,0
218725,218725,218732,7,0
218725,218725,218738,13,0
218749,218749,218751,2,0
218749,218749,218750,1,0
218749,218749,218751,2,0
218749,218749,218750,1,0
218749,218749,218751,2,0
218749,218749,218751,2,0
218749,218749,218752,3,0
218749,218749,218751,2,0
218749,218749,218751,2,0
218749,218749,218752,3,0
218749,218749,218751,2,0
218749,218749,218753,4,0
218749,218749,218753,4,0
218749,218749,218753,4,0
218749,218749,218752,3,0
218749,218749,218754,5,0
218749,218749,218754,5,0
218749,218749,218755,6,0
218749,218749,218755,6,0
218749,218749,218754,5,0
218749,218749,218755,6,0
218749,218749,218755,6,0
218749,218749,218755,6,0
218749,218749,218755,6,0
218749,218749,218756,7,0
218749,218749,218756,7,0
218749,218749,218756,7,0
218749,218749,218756,7,0
218749,218749,218756,7,0
218749,218749,218757,8,0
218749,218749,218763,14,0
218309,218310,218770,460,1
218773,218773,218774,1,0
218773,218773,218775,2,0
218773,218773,218775,2,0
218773,218773,218775,2,0
218773,218773,218774,1,0
218773,218773,218775,2,0
218773,218773,218775,2,0
218773,218773,218775,2,0
218773,218773,218776,3,0
218773,218773,218776,3,0
218773,218773,218776,3,0
218773,218773,218776,3,0
218773,218773,218775,2,0
218773,218773,218776,3,0
218773,218773,218777,4,0
218773,218773,218777,4,0
218773,218773,218778,5,0
218773,218773,218778,5,0
218773,218773,218778,5,0
218773,218773,218778,5,0
218773,218773,218778,5,0
218773,218773,218778,5,0
218773,218773,218778,5,0
218773,218773,218779,6,0
218773,218773,218778,5,0
218773,218773,218780,7,0
218773,218773,218780,7,0
218773,218773,218783,10,0
218773,218773,218783,10,0
218773,218773,218785,12,0
218773,218773,218792,19,0
218803,218803,218804,1,0
218803,218803,218805,2,0
218803,218803,218804,1,0
218803,218803,218804,1,0
218803,218803,218804,1,0
218803,218803,218805,2,0
218803,218803,218804,1,0
218803,218803,218805,2,0
218803,218803,218805,2,0
218803,218803,218806,3,0
218803,218803,218806,3,0
218803,218803,218805,2,0
218803,218803,218805,2,0
218803,218803,218805,2,0
218803,218803,218807,4,0
218803,218803,218806,3,0
218803,218803,218807,4,0
218803,218803,218806,3,0
218803,218803,218806,3,0
218803,218803,218808,5,0
218803,218803,218808,5,0
218803,218803,218808,5,0
218803,218803,218808,5,0
218803,218803,218807,4,0
218803,218803,218807,4,0
218803,218803,218808,5,0
218803,218803,218809,6,0
218803,218803,218808,5,0
218803,218803,218809,6,0
218803,218803,218812,9,0
218803,218803,218812,9,0
218824,218824,218825,1,0
218824,218824,218825,1,0
218824,218824,218825,1,0
218824,218824,218826,2,0
218824,218824,218825,1,0
218824,218824,218826,2,0
218824,218824,218825,1,0
218824,218824,218826,2,0
218824,218824,218826,2,0
218824,218824,218826,2,0
218824,218824,218827,3,0
218824,218824,218827,3,0
218824,218824,218827,3,0
218824,218824,218827,3,0
218824,218824,218828,4,0
218824,218824,218827,3,0
218824,218824,218827,3,0
218824,218824,218827,3,0
218824,218824,218829,5,0
218824,218824,218828,4,0
218824,218824,218829,5,0
218824,218824,218828,4,0
218824,218824,218828,4,0
218824,218824,218830,6,0
218824,218824,218829,5,0
218824,218824,218829,5,0
218824,218824,218829,5,0
218824,218824,218831,7,0
218824,218824,218832,8,0
218824,218824,218831,7,0
218824,218824,218831,7,0
218843,218844,218845,1,1
218843,218844,218845,1,1
218843,218844,218845,1,1
218843,218844,218845,1,1
218843,218844,218845,1,1
218843,218844,218845,1,1
218843,218844,218846,2,1
218843,218844,218847,3,1
218843,218844,218846,2,1
218843,218844,218846,2,1
218843,218844,218846,2,1
218843,218844,218846,2,1
218843,218844,218846,2,1
218843,218844,218846,2,1
218843,218844,218846,2,1
218843,218844,218847,3,1
218843,218844,218847,3,1
218843,218844,218847,3,1
218843,218844,218847,3,1
218843,218844,218847,3,1
218843,218844,218848,4,1
218843,218844,218848,4,1
218843,218844,218848,4,1
218843,218844,218849,5,1
218843,218844,218849,5,1
218843,218844,218849,5,1
218843,218844,218849,5,1
218843,218844,218849,5,1
218843,218844,218850,6,1
218843,218844,218850,6,1
218861,218861,218862,1,0
218861,218861,218863,2,0
218861,218861,218863,2,0
218861,218861,218863,2,0
218861,218861,218863,2,0
218861,218861,218864,3,0
218861,218861,218864,3,0
218861,218861,218864,3,0
218861,218861,218864,3,0
218861,218861,218864,3,0
218861,218861,218864,3,0
218861,218861,218864,3,0
218861,218861,218864,3,0
218861,218861,218864,3,0
218861,218861,218864,3,0
218861,218861,218865,4,0
218861,218861,218865,4,0
218861,218861,218865,4,0
218861,218861,218865,4,0
218861,218861,218865,4,0
218861,218861,218866,5,0
218861,218861,218865,4,0
218861,218861,218866,5,0
218861,218861,218866,5,0
218861,218861,218867,6,0
218861,218861,218866,5,0
218861,218861,218867,6,0
218861,218861,218869,8,0
218861,218861,218869,8,0
218861,218861,218869,8,0
218861,218861,218872,11,0
218883,218883,218885,2,0
218883,218883,218885,2,0
218883,218883,218885,2,0
218883,218883,218885,2,0
218883,218883,218884,1,0
218883,218883,218885,2,0
218883,218883,218884,1,0
218883,218883,218886,3,0
218883,218883,218885,2,0
218883,218883,218886,3,0
218883,218883,218885,2,0
218883,218883,218886,3,0
218883,218883,218886,3,0
218883,218883,218886,3,0
218883,218883,218886,3,0
218883,218883,218885,2,0
218883,218883,218885,2,0
218883,218883,218886,3,0
218883,218883,218886,3,0
218883,218883,218887,4,0
218883,218883,218886,3,0
218883,218883,218886,3,0
218883,218883,218887,4,0
218883,218883,218887,4,0
218883,218883,218889,6,0
218883,218883,218888,5,0
218883,218883,218890,7,0
218883,218883,218890,7,0
218883,218883,218891,8,0
218883,218883,218891,8,0
218883,218883,218893,10,0
218905,218905,218906,1,0
218905,218905,218906,1,0
218905,218905,218906,1,0
218905,218905,218906,1,0
218905,218905,218906,1,0
218905,218905,218906,1,0
218905,218905,218907,2,0
218905,218905,218907,2,0
218905,218905,218907,2,0
218905,218905,218907,2,0
218905,218905,218908,3,0
218905,218905,218908,3,0
218905,218905,218907,2,0
218905,218905,218907,2,0
218905,218905,218907,2,0
218905,218905,218907,2,0
218905,218905,218907,2,0
218905,218905,218909,4,0
218905,218905,218908,3,0
218905,218905,218908,3,0
218905,218905,218908,3,0
218905,218905,218909,4,0
218905,218905,218909,4,0
218905,218905,218910,5,0
218905,218905,218909,4,0
218905,218905,218910,5,0
218905,218905,218910,5,0
218905,218905,218911,6,0
218905,218905,218913,8,0
218905,218905,218915,10,0
218905,218905,218932,27,0
218942,218942,218943,1,0
218942,218942,218943,1,0
218942,218942,218944,2,0
218942,218942,218944,2,0
218942,218942,218944,2,0
218942,218942,218944,2,0
218942,218942,218944,2,0
218942,218942,218945,3,0
218942,218942,218945,3,0
218942,218943,218945,2,1
218942,218942,218945,3,0
218942,218943,218945,2,1
218942,218943,218945,2,1
218942,218943,218945,2,1
218942,218942,218945,3,0
218942,218942,218945,3,0
218942,218943,218945,2,1
218942,218943,218946,3,1
218942,218942,218946,4,0
218942,218943,218946,3,1
218942,218942,218946,4,0
218942,218942,218946,4,0
218942,218942,218946,4,0
218942,218943,218947,4,1
218942,218942,218947,5,0
218942,218943,218947,4,1
218942,218943,218947,4,1
218942,218942,218948,6,0
218942,218943,218950,7,1
218942,218942,218953,11,0
218942,218943,218970,27,1
218979,218979,218980,1,0
218979,218979,218981,2,0
218979,218979,218981,2,0
218979,218979,218981,2,0
218979,218979,218981,2,0
218979,218979,218982,3,0
218979,218979,218982,3,0
218979,218979,218982,3,0
218979,218979,218982,3,0
218979,218979,218981,2,0
218979,218979,218982,3,0
218979,218979,218982,3,0
218979,218979,218982,3,0
218979,218979,218982,3,0
218979,218979,218982,3,0
218979,218979,218982,3,0
218979,218979,218982,3,0
218979,218979,218983,4,0
218979,218979,218983,4,0
218979,218979,218983,4,0
218979,218979,218983,4,0
218979,218979,218983,4,0
218979,218979,218983,4,0
218979,218979,218983,4,0
218979,218979,218984,5,0
218979,218979,218984,5,0
218979,218979,218984,5,0
218979,218979,218985,6,0
218979,218979,218986,7,0
218979,218979,218986,7,0
218979,218979,219001,22,0
219010,219011,219012,1,1
219010,219011,219012,1,1
219010,219011,219012,1,1
219010,219011,219013,2,1
219010,219011,219012,1,1
219010,219011,219012,1,1
219010,219011,219012,1,1
219010,219011,219012,1,1
219010,219011,219013,2,1
219010,219011,219013,2,1
219010,219011,219013,2,1
219010,219011,219013,2,1
219010,219011,219013,2,1
219010,219011,219013,2,1
219010,219011,219013,2,1
219010,219011,219013,2,1
219010,219011,219013,2,1
219010,219011,219014,3,1
219010,219011,219014,3,1
219010,219011,219014,3,1
219010,219011,219014,3,1
219010,219011,219014,3,1
219010,219011,219014,3,1
219010,219011,219015,4,1
219010,219011,219015,4,1
219010,219011,219016,5,1
219010,219011,219015,4,1
219010,219011,219016,5,1
219010,219011,219017,6,1
219010,219011,219017,6,1
219010,219011,219017,6,1
219029,219029,219030,1,0
219029,219029,219030,1,0
219029,219029,219030,1,0
219029,219029,219031,2,0
219029,219029,219030,1,0
219029,219029,219031,2,0
219029,219029,219031,2,0
219029,219029,219031,2,0
219029,219029,219031,2,0
219029,219029,219032,3,0
219029,219029,219031,2,0
219029,219029,219032,3,0
219029,219029,219031,2,0
219029,219029,219032,3,0
219029,219029,219031,2,0
219029,219029,219032,3,0
219029,219029,219031,2,0
219029,219029,219031,2,0
219029,219029,219032,3,0
219029,219029,219032,3,0
219029,219029,219032,3,0
219029,219029,219032,3,0
219029,219029,219033,4,0
219029,219029,219032,3,0
219029,219029,219033,4,0
219029,219029,219034,5,0
219029,219029,219033,4,0
219029,219029,219035,6,0
219029,219029,219036,7,0
219029,219029,219037,8,0
219029,219029,219037,8,0
219049,219049,219050,1,0
219049,219049,219050,1,0
219049,219049,219050,1,0
219049,219049,219051,2,0
219049,219049,219050,1,0
219049,219049,219050,1,0
219049,219049,219050,1,0
219049,219049,219051,2,0
219049,219049,219052,3,0
219049,219049,219051,2,0
219049,219049,219052,3,0
219049,219049,219052,3,0
219049,219049,219051,2,0
219049,219049,219051,2,0
219049,219049,219052,3,0
219049,219049,219052,3,0
219049,219049,219051,2,0
219049,219049,219052,3,0
219049,219049,219051,2,0
219049,219049,219053,4,0
219049,219049,219052,3,0
219049,219049,219052,3,0
219049,219049,219052,3,0
219049,219049,219052,3,0
219049,219049,219053,4,0
219049,219049,219053,4,0
219049,219049,219053,4,0
219049,219049,219055,6,0
219049,219049,219055,6,0
219049,219049,219056,7,0
219049,219049,219059,10,0
219069,219070,219071,1,1
219069,219070,219071,1,1
219069,219070,219071,1,1
219069,219070,219072,2,1
219069,219070,219073,3,1
219069,219070,219072,2,1
219069,219070,219073,3,1
219069,219070,219073,3,1
219069,219070,219073,3,1
219069,219070,219074,4,1
219069,219070,219073,3,1
219069,219070,219073,3,1
219069,219070,219073,3,1
219069,219070,219074,4,1
219069,219070,219074,4,1
219069,219070,219074,4,1
219069,219070,219074,4,1
219069,219070,219074,4,1
219069,219070,219075,5,1
219069,219070,219076,6,1
219069,219070,219076,6,1
219069,219070,219077,7,1
219069,219070,219077,7,1
219069,219070,219077,7,1
219069,219070,219078,8,1
219069,219070,219077,7,1
219069,219070,219078,8,1
219069,219070,219078,8,1
219069,219070,219079,9,1
219069,219070,219079,9,1
219069,219070,219079,9,1
219092,219092,219093,1,0
219092,219092,219094,2,0
219092,219092,219093,1,0
219092,219092,219094,2,0
219092,219092,219095,3,0
219092,219092,219095,3,0
219092,219092,219095,3,0
219092,219092,219095,3,0
219092,219092,219095,3,0
219092,219092,219095,3,0
219092,219092,219095,3,0
219092,219092,219096,4,0
219092,219092,219094,2,0
219092,219092,219097,5,0
219092,219092,219096,4,0
219092,219092,219096,4,0
219092,219092,219097,5,0
219092,219092,219097,5,0
219092,219092,219097,5,0
219092,219092,219098,6,0
219092,219092,219098,6,0
219092,219092,219098,6,0
219092,219092,219100,8,0
219092,219092,219100,8,0
219092,219092,219100,8,0
219092,219092,219102,10,0
219092,219092,219102,10,0
219092,219092,219101,9,0
219092,219092,219103,11,0
219092,219092,219107,15,0
219092,219092,219107,15,0
219119,219119,219120,1,0
219119,219119,219120,1,0
219119,219119,219121,2,0
219119,219119,219121,2,0
219119,219119,219122,3,0
219119,219119,219122,3,0
219119,219119,219123,4,0
219119,219119,219123,4,0
219119,219119,219122,3,0
219119,219119,219124,5,0
219119,219119,219123,4,0
219119,219119,219123,4,0
219119,219119,219124,5,0
219119,219119,219125,6,0
219119,219119,219124,5,0
219119,219119,219124,5,0
219119,219119,219125,6,0
219119,219119,219125,6,0
219119,219119,219125,6,0
219119,219119,219126,7,0
219119,219119,219126,7,0
219119,219119,219126,7,0
219119,219119,219126,7,0
219119,219119,219127,8,0
219119,219119,219128,9,0
219119,219119,219129,10,0
219119,219119,219129,10,0
219119,219119,219128,9,0
219119,219119,219126,7,0
219119,219119,219128,9,0
219119,219119,219130,11,0
219142,219142,219144,2,0
219142,219142,219144,2,0
219142,219142,219144,2,0
219142,219143,219145,2,1
219142,219143,219146,3,1
219142,219143,219145,2,1
219142,219142,219146,4,0
219142,219143,219146,3,1
219142,219143,219146,3,1
219142,219143,219146,3,1
219142,219142,219147,5,0
219142,219142,219147,5,0
219142,219142,219147,5,0
219142,219142,219147,5,0
219142,219142,219147,5,0
219142,219142,219147,5,0
219142,219142,219147,5,0
219142,219142,219148,6,0
219142,219142,219148,6,0
219142,219142,219148,6,0
219142,219142,219149,7,0
219142,219142,219149,7,0
219142,219142,219149,7,0
219142,219143,219150,7,1
219142,219142,219150,8,0
219142,219143,219152,9,1
219142,219142,219151,9,0
219142,219142,219152,10,0
219142,219142,219152,10,0
219142,219142,219152,10,0
219142,219142,219152,10,0
219163,219163,219165,2,0
219163,219163,219165,2,0
219163,219163,219164,1,0
219163,219163,219165,2,0
219163,219163,219166,3,0
219163,219163,219166,3,0
219163,219163,219166,3,0
219163,219163,219166,3,0
219163,219163,219167,4,0
219163,219163,219167,4,0
219163,219163,219167,4,0
219163,219163,219167,4,0
219163,219163,219167,4,0
219163,219163,219168,5,0
219163,219163,219168,5,0
219163,219163,219168,5,0
219163,219163,219168,5,0
219163,219163,219169,6,0
219163,219163,219168,5,0
219163,219163,219169,6,0
219163,219163,219169,6,0
219163,219163,219170,7,0
219163,219163,219169,6,0
219163,219163,219170,7,0
219163,219163,219170,7,0
219163,219163,219170,7,0
219163,219163,219170,7,0
219163,219163,219173,10,0
219163,219163,219173,10,0
219163,219163,219174,11,0
219163,219163,219175,12,0
219187,219187,219189,2,0
219187,219187,219189,2,0
219187,219187,219188,1,0
219187,219187,219190,3,0
219187,219187,219190,3,0
219187,219187,219191,4,0
219187,219187,219191,4,0
219187,219187,219191,4,0
219187,219187,219190,3,0
219187,219187,219191,4,0
219187,219187,219192,5,0
219187,219187,219192,5,0
219187,219187,219192,5,0
219187,219187,219193,6,0
219187,219187,219193,6,0
219187,219187,219193,6,0
219187,219187,219194,7,0
219187,219187,219194,7,0
219187,219187,219194,7,0
219187,219187,219195,8,0
219187,219187,219194,7,0
219187,219187,219196,9,0
219187,219187,219196,9,0
219187,219187,219193,6,0
219187,219187,219196,9,0
219187,219187,219197,10,0
219187,219187,219197,10,0
219187,219187,219197,10,0
219187,219187,219197,10,0
219187,219187,219199,12,0
219187,219187,219200,13,0
219211,219212,219213,1,1
219211,219212,219213,1,1
219211,219212,219213,1,1
219211,219212,219214,2,1
219211,219212,219214,2,1
219211,219212,219216,4,1
219211,219212,219215,3,1
219211,219212,219215,3,1
219211,219212,219215,3,1
219211,219212,219215,3,1
219211,219212,219216,4,1
219211,219212,219216,4,1
219211,219212,219217,5,1
219211,219212,219217,5,1
219211,219212,219218,6,1
219211,219212,219218,6,1
219211,219212,219217,5,1
219211,219212,219218,6,1
219211,219212,219218,6,1
219211,219212,219218,6,1
219211,219212,219219,7,1
219211,219212,219219,7,1
219211,219212,219219,7,1
219211,219212,219220,8,1
219211,219212,219220,8,1
219211,219212,219220,8,1
219211,219212,219221,9,1
219211,219212,219221,9,1
219211,219212,219221,9,1
219211,219212,219223,11,1
219211,219212,219223,11,1
219236,219236,219237,1,0
219236,219236,219237,1,0
219236,219236,219238,2,0
219236,219236,219239,3,0
219236,219236,219238,2,0
219236,219236,219239,3,0
219236,219236,219240,4,0
219236,219236,219239,3,0
219236,219236,219240,4,0
219236,219236,219240,4,0
218777,218778,219240,462,1
219236,219236,219241,5,0
219236,219236,219240,4,0
219236,219236,219241,5,0
219236,219236,219241,5,0
219236,219236,219241,5,0
219236,219236,219242,6,0
219236,219236,219242,6,0
219236,219236,219242,6,0
219236,219236,219242,6,0
219236,219236,219243,7,0
219236,219236,219242,6,0
219236,219236,219243,7,0
219236,219236,219242,6,0
219236,219236,219243,7,0
219236,219236,219245,9,0
219236,219236,219245,9,0
219236,219236,219245,9,0
219236,219236,219246,10,0
219236,219236,219246,10,0
219236,219236,219246,10,0
219236,219236,219274,38,0
219284,219284,219285,1,0
219284,219284,219285,1,0
219284,219284,219286,2,0
219284,219284,219287,3,0
219284,219284,219287,3,0
219284,219284,219287,3,0
219284,219284,219288,4,0
219284,219284,219288,4,0
219284,219284,219288,4,0
219284,219284,219289,5,0
219284,219284,219289,5,0
219284,219284,219289,5,0
219284,219284,219289,5,0
219284,219284,219289,5,0
219284,219284,219289,5,0
219284,219284,219290,6,0
219284,219284,219290,6,0
219284,219284,219289,5,0
219284,219284,219290,6,0
219284,219284,219291,7,0
219284,219284,219291,7,0
219284,219284,219291,7,0
219284,219284,219291,7,0
219284,219284,219291,7,0
219284,219284,219291,7,0
219284,219284,219291,7,0
219284,219284,219294,10,0
219284,219284,219294,10,0
219284,219284,219294,10,0
219284,219284,219294,10,0
219284,219284,219294,10,0
219307,219307,219309,2,0
219307,219307,219309,2,0
219307,219307,219309,2,0
219307,219307,219310,3,0
219307,219307,219310,3,0
219307,219308,219310,2,1
219307,219307,219311,4,0
219307,219307,219311,4,0
219307,219307,219312,5,0
219307,219307,219312,5,0
219307,219307,219312,5,0
219307,219307,219312,5,0
219307,219307,219312,5,0
219307,219307,219313,6,0
219307,219307,219313,6,0
219307,219307,219313,6,0
219307,219307,219313,6,0
219307,219307,219314,7,0
219307,219307,219314,7,0
219307,219307,219314,7,0
219307,219307,219315,8,0
219307,219307,219315,8,0
219307,219307,219315,8,0
219307,219307,219316,9,0
219307,219307,219317,10,0
219307,219307,219317,10,0
219307,219307,219317,10,0
219307,219307,219317,10,0
219307,219307,219317,10,0
219307,219307,219318,11,0
219307,219307,219331,24,0
219342,219343,219344,1,1
219342,219343,219344,1,1
219342,219343,219345,2,1
219342,219343,219346,3,1
219342,219343,219346,3,1
219342,219343,219346,3,1
219342,219343,219347,4,1
219342,219343,219346,3,1
219342,219343,219346,3,1
219342,219343,219347,4,1
219342,219343,219347,4,1
219342,219343,219348,5,1
219342,219343,219348,5,1
219342,219343,219350,7,1
219342,219343,219349,6,1
219342,219343,219349,6,1
219342,219343,219349,6,1
219342,219343,219350,7,1
219342,219343,219350,7,1
219342,219343,219351,8,1
219342,219343,219350,7,1
219342,219343,219352,9,1
219342,219343,219351,8,1
219342,219343,219352,9,1
219342,219343,219352,9,1
219342,219343,219352,9,1
219342,219343,219352,9,1
219342,219343,219352,9,1
219342,219343,219353,10,1
219342,219343,219353,10,1
219365,219365,219366,1,0
219365,219365,219367,2,0
219365,219365,219366,1,0
219365,219365,219369,4,0
219365,219365,219369,4,0
219365,219365,219368,3,0
219365,219365,219369,4,0
219365,219365,219368,3,0
219365,219365,219368,3,0
219365,219365,219369,4,0
219365,219365,219370,5,0
219365,219365,219369,4,0
219365,219365,219369,4,0
219365,219365,219369,4,0
219365,219365,219370,5,0
219365,219365,219370,5,0
219365,219365,219371,6,0
219365,219365,219370,5,0
219365,219365,219371,6,0
219365,219365,219371,6,0
219365,219365,219371,6,0
219365,219365,219372,7,0
219365,219365,219371,6,0
219365,219365,219374,9,0
219365,219365,219374,9,0
219365,219365,219375,10,0
219365,219365,219375,10,0
219365,219365,219375,10,0
219365,219365,219375,10,0
219365,219365,219375,10,0
219365,219365,219374,9,0
219389,219389,219390,1,0
219389,219389,219390,1,0
219389,219389,219391,2,0
219389,219389,219392,3,0
219389,219389,219392,3,0
219389,219389,219394,5,0
219389,219389,219393,4,0
219389,219389,219394,5,0
219389,219389,219393,4,0
219389,219389,219394,5,0
219389,219389,219392,3,0
219389,219389,219392,3,0
219389,219389,219395,6,0
219389,219389,219395,6,0
219389,219389,219394,5,0
219389,219389,219394,5,0
219389,219389,219395,6,0
219389,219389,219396,7,0
219389,219389,219395,6,0
219389,219389,219396,7,0
219389,219389,219396,7,0
219389,219389,219396,7,0
219389,219389,219397,8,0
219389,219389,219399,10,0
219389,219389,219398,9,0
219389,219389,219398,9,0
219389,219389,219399,10,0
219389,219389,219398,9,0
219389,219389,219398,9,0
219389,219389,219399,10,0
219389,219389,219399,10,0
219412,219412,219413,1,0
219412,219412,219413,1,0
219412,219412,219413,1,0
219412,219412,219415,3,0
219412,219412,219415,3,0
219412,219412,219415,3,0
219412,219412,219415,3,0
219412,219412,219415,3,0
219412,219412,219416,4,0
219412,219412,219416,4,0
219412,219412,219416,4,0
219412,219412,219417,5,0
219412,219412,219418,6,0
219412,219412,219417,5,0
219412,219412,219417,5,0
219412,219412,219417,5,0
219412,219412,219418,6,0
219412,219412,219418,6,0
219412,219412,219419,7,0
219412,219412,219418,6,0
219412,219412,219419,7,0
219412,219412,219419,7,0
219412,219412,219419,7,0
219412,219412,219420,8,0
219412,219412,219421,9,0
219412,219412,219421,9,0
219412,219412,219421,9,0
219412,219412,219421,9,0
219412,219412,219422,10,0
219412,219412,219425,13,0
219412,219412,219431,19,0
219442,219442,219443,1,0
219442,219442,219443,1,0
219442,219442,219443,1,0
219442,219442,219446,4,0
219442,219442,219446,4,0
219442,219442,219445,3,0
219442,219442,219445,3,0
219442,219442,219446,4,0
219442,219442,219445,3,0
219442,219442,219447,5,0
219442,219442,219447,5,0
219442,219442,219446,4,0
219442,219442,219447,5,0
219442,219442,219446,4,0
219442,219442,219446,4,0
219442,219442,219446,4,0
219442,219442,219446,4,0
219442,219442,219447,5,0
219442,219442,219448,6,0
219442,219442,219449,7,0
219442,219442,219450,8,0
219442,219442,219449,7,0
219442,219442,219449,7,0
219442,219442,219449,7,0
219442,219442,219451,9,0
219442,219442,219452,10,0
219442,219442,219452,10,0
219442,219442,219451,9,0
219442,219442,219451,9,0
219442,219442,219451,9,0
219442,219442,219452,10,0
219464,219464,219465,1,0
219464,219464,219465,1,0
219464,219464,219465,1,0
219464,219464,219466,2,0
219464,219464,219466,2,0
219464,219464,219467,3,0
219464,219464,219468,4,0
219464,219464,219467,3,0
219464,219464,219467,3,0
219464,219464,219468,4,0
219464,219464,219468,4,0
219464,219464,219469,5,0
219464,219464,219468,4,0
219464,219464,219468,4,0
219464,219464,219469,5,0
219464,219464,219470,6,0
219464,219464,219470,6,0
219464,219464,219470,6,0
219464,219464,219470,6,0
219464,219464,219472,8,0
219464,219464,219471,7,0
219464,219464,219471,7,0
219464,219464,219471,7,0
219464,219464,219472,8,0
219464,219464,219472,8,0
219464,219464,219473,9,0
219464,219464,219473,9,0
219464,219464,219473,9,0
219464,219464,219473,9,0
219464,219464,219473,9,0
219464,219464,219473,9,0
219485,219485,219486,1,0
219485,219485,219487,2,0
219485,219485,219487,2,0
219485,219485,219488,3,0
219485,219485,219489,4,0
219485,219485,219489,4,0
219485,219485,219489,4,0
219485,219485,219490,5,0
219485,219485,219489,4,0
219485,219485,219490,5,0
219485,219485,219490,5,0
219485,219485,219491,6,0
219485,219485,219491,6,0
219485,219485,219491,6,0
219485,219485,219492,7,0
219485,219485,219492,7,0
219485,219485,219492,7,0
219485,219485,219490,5,0
219485,219485,219492,7,0
219485,219485,219493,8,0
219485,219485,219493,8,0
219485,219485,219492,7,0
219485,219485,219493,8,0
219485,219485,219492,7,0
219485,219485,219494,9,0
219485,219485,219495,10,0
219485,219485,219495,10,0
219485,219485,219495,10,0
219485,219485,219495,10,0
219485,219485,219494,9,0
219485,219485,219497,12,0
219510,219510,219512,2,0
219510,219510,219512,2,0
219510,219510,219512,2,0
219510,219510,219514,4,0
219510,219510,219514,4,0
219510,219510,219514,4,0
219510,219510,219514,4,0
219510,219510,219514,4,0
219510,219510,219515,5,0
219510,219510,219515,5,0
219510,219510,219515,5,0
219510,219510,219516,6,0
219510,219510,219516,6,0
219510,219510,219516,6,0
219510,219510,219517,7,0
219510,219510,219517,7,0
219510,219510,219517,7,0
219510,219510,219517,7,0
219510,219510,219515,5,0
219510,219510,219518,8,0
219510,219510,219518,8,0
219510,219510,219519,9,0
219510,219510,219519,9,0
219510,219510,219519,9,0
219510,219510,219520,10,0
219510,219510,219519,9,0
219510,219510,219520,10,0
219510,219510,219520,10,0
219510,219510,219519,9,0
219510,219510,219519,9,0
219510,219510,219520,10,0
219533,219533,219534,1,0
219533,219533,219534,1,0
219533,219533,219535,2,0
219533,219533,219536,3,0
219533,219533,219537,4,0
219533,219533,219536,3,0
219533,219533,219536,3,0
219533,219533,219537,4,0
219533,219533,219537,4,0
219533,219533,219538,5,0
219533,219533,219538,5,0
219533,219533,219538,5,0
219533,219533,219539,6,0
219533,219533,219539,6,0
219533,219533,219540,7,0
219533,219533,219540,7,0
219533,219533,219539,6,0
219533,219533,219540,7,0
219533,219533,219539,6,0
219533,219533,219540,7,0
219533,219533,219541,8,0
219533,219533,219541,8,0
219533,219533,219540,7,0
219533,219533,219541,8,0
219533,219533,219541,8,0
219533,219533,219543,10,0
219533,219533,219543,10,0
219533,219533,219543,10,0
219533,219533,219542,9,0
219533,219533,219543,10,0
219533,219533,219551,18,0
219562,219562,219564,2,0
219562,219562,219563,1,0
219562,219562,219563,1,0
219562,219562,219566,4,0
219562,219562,219565,3,0
219562,219562,219566,4,0
219562,219562,219565,3,0
219562,219562,219567,5,0
219562,219562,219566,4,0
219562,219562,219566,4,0
219562,219562,219566,4,0
219562,219562,219567,5,0
219562,219562,219567,5,0
219562,219562,219568,6,0
219562,219562,219568,6,0
219562,219562,219568,6,0
219562,219562,219569,7,0
219562,219562,219569,7,0
219562,219562,219569,7,0
219562,219562,219568,6,0
219562,219562,219569,7,0
219562,219562,219570,8,0
219562,219562,219570,8,0
219562,219562,219571,9,0
219562,219562,219572,10,0
219562,219562,219571,9,0
219562,219562,219572,10,0
219562,219562,219571,9,0
219562,219562,219571,9,0
219562,219562,219573,11,0
219562,219562,219573,11,0
219585,219585,219587,2,0
219585,219585,219587,2,0
219585,219585,219586,1,0
219585,219585,219589,4,0
219585,219585,219588,3,0
219585,219585,219588,3,0
219585,219585,219589,4,0
219585,219585,219590,5,0
219585,219585,219590,5,0
219585,219585,219589,4,0
219585,219585,219591,6,0
219585,219585,219591,6,0
219585,219585,219591,6,0
219585,219585,219592,7,0
219585,219585,219591,6,0
219585,219585,219593,8,0
219585,219585,219592,7,0
219585,219585,219593,8,0
219585,219585,219593,8,0
219585,219585,219592,7,0
219585,219585,219593,8,0
219585,219585,219593,8,0
219585,219585,219593,8,0
219585,219585,219594,9,0
219585,219585,219594,9,0
219585,219585,219594,9,0
219585,219585,219595,10,0
219585,219585,219594,9,0
219585,219585,219595,10,0
219585,219585,219594,9,0
219585,219585,219596,11,0
219608,219608,219610,2,0
219608,219608,219610,2,0
219608,219608,219610,2,0
219608,219608,219611,3,0
219608,219608,219611,3,0
219608,219608,219611,3,0
219608,219608,219611,3,0
219608,219608,219612,4,0
219608,219608,219611,3,0
219608,219608,219613,5,0
219608,219608,219613,5,0
219608,219608,219612,4,0
219608,219608,219613,5,0
219608,219608,219613,5,0
219608,219608,219613,5,0
219608,219608,219614,6,0
219608,219608,219614,6,0
219608,219608,219614,6,0
219608,219608,219615,7,0
219608,219608,219614,6,0
219608,219608,219615,7,0
219608,219608,219615,7,0
219608,219608,219615,7,0
219608,219608,219616,8,0
219608,219608,219617,9,0
219608,219608,219616,8,0
219608,219608,219617,9,0
219608,219608,219618,10,0
219608,219608,219617,9,0
219608,219608,219618,10,0
219608,219608,219621,13,0
219634,219634,219635,1,0
219634,219634,219635,1,0
219634,219634,219635,1,0
219634,219634,219636,2,0
219634,219634,219637,3,0
219634,219634,219637,3,0
219634,219634,219637,3,0
219634,219634,219638,4,0
219634,219634,219639,5,0
219634,219634,219638,4,0
219634,219634,219638,4,0
219634,219634,219639,5,0
219634,219634,219639,5,0
219634,219634,219639,5,0
219634,219634,219639,5,0
219634,219634,219641,7,0
219634,219634,219640,6,0
219634,219634,219640,6,0
219634,219634,219641,7,0
219634,219634,219641,7,0
219634,219634,219641,7,0
219634,219634,219641,7,0
219634,219634,219641,7,0
219634,219634,219641,7,0
219634,219634,219642,8,0
219634,219634,219643,9,0
219634,219634,219643,9,0
219634,219634,219643,9,0
219634,219634,219643,9,0
219634,219634,219644,10,0
219634,219634,219647,13,0
219659,219659,219661,2,0
219659,219659,219661,2,0
219659,219659,219661,2,0
219659,219660,219662,2,1
219659,219659,219663,4,0
219659,219659,219663,4,0
219659,219659,219663,4,0
219659,219659,219663,4,0
219659,219659,219663,4,0
219659,219659,219664,5,0
219659,219660,219664,4,1
219659,219659,219665,6,0
219659,219659,219665,6,0
219659,219659,219665,6,0
219659,219659,219665,6,0
219659,219659,219666,7,0
219659,219659,219666,7,0
219659,219659,219666,7,0
219659,219659,219667,8,0
219659,219659,219667,8,0
219659,219659,219667,8,0
219659,219659,219667,8,0
219659,219659,219667,8,0
219659,219659,219667,8,0
219659,219659,219668,9,0
219659,219659,219669,10,0
219659,219659,219669,10,0
219659,219659,219669,10,0
219659,219660,219669,9,1
219659,219659,219671,12,0
219659,219659,219674,15,0
219686,219686,219687,1,0
219686,219686,219687,1,0
219686,219686,219687,1,0
219686,219686,219689,3,0
219686,219686,219690,4,0
219686,219686,219690,4,0
219686,219686,219689,3,0
219686,219686,219689,3,0
219686,219686,219689,3,0
219686,219686,219690,4,0
219686,219686,219691,5,0
219686,219686,219690,4,0
219686,219686,219691,5,0
219686,219686,219692,6,0
219686,219686,219692,6,0
219686,219686,219692,6,0
219686,219686,219693,7,0
219686,219686,219694,8,0
219686,219686,219694,8,0
219686,219686,219693,7,0
219686,219686,219693,7,0
219686,219686,219693,7,0
219686,219686,219693,7,0
219686,219686,219694,8,0
219686,219686,219694,8,0
219686,219686,219694,8,0
219686,219686,219694,8,0
219686,219686,219695,9,0
219686,219686,219695,9,0
219686,219686,219695,9,0
219686,219686,219695,9,0
219707,219707,219709,2,0
219707,219707,219709,2,0
219247,219248,219710,462,1
219707,219707,219710,3,0
219707,219707,219710,3,0
219707,219707,219710,3,0
219707,219707,219710,3,0
219707,219707,219710,3,0
219707,219707,219711,4,0
219707,219707,219711,4,0
219707,219707,219711,4,0
219707,219707,219712,5,0
219707,219707,219712,5,0
219707,219707,219712,5,0
219707,219707,219713,6,0
219707,219707,219713,6,0
219707,219707,219713,6,0
219707,219707,219713,6,0
219707,219707,219713,6,0
219707,219707,219714,7,0
219707,219707,219714,7,0
219707,219707,219714,7,0
219707,219707,219714,7,0
219707,219707,219715,8,0
219707,219707,219715,8,0
219707,219707,219715,8,0
219707,219707,219716,9,0
219707,219707,219716,9,0
219707,219707,219716,9,0
219707,219707,219717,10,0
219707,219707,219717,10,0
219707,219707,219717,10,0
219729,219729,219730,1,0
219729,219729,219730,1,0
219729,219729,219731,2,0
219729,219729,219733,4,0
219729,219729,219733,4,0
219729,219729,219732,3,0
219729,219729,219732,3,0
219729,219729,219732,3,0
219729,219729,219733,4,0
219729,219729,219733,4,0
219729,219729,219734,5,0
219729,219729,219735,6,0
219729,219729,219734,5,0
219729,219729,219734,5,0
219729,219729,219734,5,0
219729,219729,219734,5,0
219729,219729,219734,5,0
219729,219729,219734,5,0
219729,219729,219735,6,0
219729,219729,219736,7,0
219729,219729,219736,7,0
219729,219729,219736,7,0
219729,219729,219737,8,0
219729,219729,219737,8,0
219729,219729,219738,9,0
219729,219729,219738,9,0
219729,219729,219738,9,0
219729,219729,219738,9,0
219729,219729,219739,10,0
219729,219729,219739,10,0
219729,219729,219739,10,0
219751,219751,219752,1,0
219751,219751,219752,1,0
219751,219751,219752,1,0
219751,219751,219753,2,0
219751,219751,219754,3,0
219751,219751,219755,4,0
219751,219751,219754,3,0
219751,219751,219755,4,0
219751,219751,219755,4,0
219751,219751,219755,4,0
219751,219751,219755,4,0
219751,219751,219755,4,0
219751,219751,219755,4,0
219751,219751,219756,5,0
219751,219751,219756,5,0
219751,219751,219756,5,0
219751,219751,219757,6,0
219751,219751,219757,6,0
219751,219751,219757,6,0
219751,219751,219758,7,0
219751,219751,219757,6,0
219751,219751,219758,7,0
219751,219751,219758,7,0
219751,219751,219758,7,0
219751,219751,219760,9,0
219751,219751,219760,9,0
219751,219751,219760,9,0
219751,219751,219760,9,0
219751,219751,219760,9,0
219751,219751,219760,9,0
219751,219751,219761,10,0
219773,219774,219775,1,1
219773,219774,219775,1,1
219773,219774,219775,1,1
219773,219774,219776,2,1
219773,219774,219777,3,1
219773,219774,219777,3,1
219773,219774,219777,3,1
219773,219774,219777,3,1
219773,219774,219777,3,1
219773,219774,219778,4,1
219773,219774,219778,4,1
219773,219774,219779,5,1
219773,219774,219779,5,1
219773,219774,219779,5,1
219773,219774,219779,5,1
219773,219774,219780,6,1
219773,219774,219779,5,1
219773,219774,219779,5,1
219773,219774,219780,6,1
219773,219774,219780,6,1
219773,219774,219780,6,1
219773,219774,219780,6,1
219773,219774,219780,6,1
219773,219774,219781,7,1
219773,219774,219781,7,1
219773,219774,219782,8,1
219773,219774,219782,8,1
219773,219774,219783,9,1
219773,219774,219783,9,1
219773,219774,219784,10,1
219773,219774,219787,13,1
219798,219798,219800,2,0
219798,219798,219800,2,0
219798,219798,219800,2,0
219798,219799,219801,2,1
219798,219799,219802,3,1
219798,219799,219802,3,1
219798,219799,219802,3,1
219798,219799,219802,3,1
219798,219799,219802,3,1
219798,219799,219803,4,1
219798,219799,219803,4,1
219798,219799,219803,4,1
219798,219799,219803,4,1
219798,219798,219804,6,0
219798,219799,219804,5,1
219798,219799,219804,5,1
219798,219799,219804,5,1
219798,219798,219805,7,0
219798,219799,219805,6,1
219798,219799,219805,6,1
219798,219798,219805,7,0
219798,219799,219805,6,1
219798,219799,219806,7,1
219798,219799,219806,7,1
219798,219799,219806,7,1
219798,219799,219807,8,1
219798,219799,219807,8,1
219798,219798,219809,11,0
219798,219799,219808,9,1
219798,219798,219808,10,0
219798,219799,219809,10,1
219821,219821,219823,2,0
219821,219821,219823,2,0
219821,219821,219823,2,0
219821,219821,219825,4,0
219821,219821,219825,4,0
219821,219821,219825,4,0
219821,219821,219825,4,0
219821,219821,219825,4,0
219821,219821,219826,5,0
219821,219821,219825,4,0
219821,219821,219826,5,0
219821,219821,219826,5,0
219821,219821,219827,6,0
219821,219821,219827,6,0
219821,219821,219827,6,0
219821,219821,219827,6,0
219821,219821,219827,6,0
219821,219821,219827,6,0
219821,219821,219826,5,0
219821,219821,219828,7,0
219821,219821,219828,7,0
219821,219821,219828,7,0
219821,219821,219828,7,0
219821,219821,219829,8,0
219821,219821,219829,8,0
219821,219821,219830,9,0
219821,219821,219830,9,0
219821,219821,219831,10,0
219821,219821,219831,10,0
219821,219821,219831,10,0
219821,219821,219833,12,0
219846,219846,219847,1,0
219846,219846,219847,1,0
219846,219846,219848,2,0
219846,219846,219849,3,0
219846,219846,219850,4,0
219846,219846,219849,3,0
219846,219846,219850,4,0
219846,219846,219850,4,0
219846,219846,219850,4,0
219846,219846,219851,5,0
219846,219846,219851,5,0
219846,219846,219850,4,0
219846,219846,219851,5,0
219846,219846,219852,6,0
219846,219846,219852,6,0
219846,219846,219853,7,0
219846,219846,219853,7,0
219846,219846,219852,6,0
219846,219846,219851,5,0
219846,219846,219853,7,0
219846,219846,219852,6,0
219846,219846,219852,6,0
219846,219846,219853,7,0
219846,219846,219854,8,0
219846,219846,219853,7,0
219846,219846,219854,8,0
219846,219846,219856,10,0
219846,219846,219856,10,0
219846,219846,219856,10,0
219846,219846,219856,10,0
219846,219846,219858,12,0
219873,219873,219874,1,0
219873,219873,219874,1,0
219873,219873,219874,1,0
219873,219873,219876,3,0
219873,219873,219877,4,0
219873,219873,219876,3,0
219873,219873,219877,4,0
219873,219873,219876,3,0
219873,219873,219877,4,0
219873,219873,219876,3,0
219873,219873,219878,5,0
219873,219873,219878,5,0
219873,219873,219877,4,0
219873,219873,219878,5,0
219873,219873,219878,5,0
219873,219873,219878,5,0
219873,219873,219879,6,0
219873,219873,219879,6,0
219873,219873,219878,5,0
219873,219873,219878,5,0
219873,219873,219878,5,0
219873,219873,219879,6,0
219873,219873,219879,6,0
219873,219873,219880,7,0
219873,219873,219880,7,0
219873,219873,219880,7,0
219873,219873,219879,6,0
219873,219873,219881,8,0
219873,219873,219882,9,0
219873,219873,219883,10,0
219873,219873,219889,16,0
219902,219902,219903,1,0
219902,219902,219903,1,0
219902,219902,219903,1,0
219902,219902,219905,3,0
219902,219902,219905,3,0
219902,219902,219905,3,0
219902,219902,219906,4,0
219902,219902,219905,3,0
219902,219902,219905,3,0
219902,219902,219906,4,0
219902,219902,219906,4,0
219902,219902,219906,4,0
219902,219902,219908,6,0
219902,219902,219907,5,0
219902,219902,219908,6,0
219902,219902,219908,6,0
219902,219902,219907,5,0
219902,219902,219908,6,0
219902,219902,219908,6,0
219902,219902,219908,6,0
219902,219902,219908,6,0
219902,219902,219908,6,0
219902,219902,219908,6,0
219902,219902,219909,7,0
219902,219902,219911,9,0
219902,219902,219912,10,0
219902,219902,219911,9,0
219902,219902,219911,9,0
219902,219902,219912,10,0
219902,219902,219913,11,0
219902,219902,219916,14,0
219928,219928,219930,2,0
219928,219928,219929,1,0
219928,219928,219930,2,0
219928,219928,219932,4,0
219928,219928,219931,3,0
219928,219928,219931,3,0
219928,219928,219931,3,0
219928,219928,219931,3,0
219928,219928,219932,4,0
219928,219928,219933,5,0
219928,219928,219932,4,0
219928,219928,219932,4,0
219928,219928,219933,5,0
219928,219928,219933,5,0
219928,219928,219933,5,0
219928,219928,219933,5,0
219928,219928,219934,6,0
219928,219928,219934,6,0
219928,219928,219935,7,0
219928,219928,219934,6,0
219928,219928,219934,6,0
219928,219928,219935,7,0
219928,219928,219934,6,0
219928,219928,219934,6,0
219928,219928,219935,7,0
219928,219928,219936,8,0
219928,219928,219935,7,0
219928,219928,219935,7,0
219928,219928,219937,9,0
219928,219928,219937,9,0
219928,219928,219939,11,0
219951,219951,219952,1,0
219951,219951,219952,1,0
219951,219951,219953,2,0
219951,219951,219954,3,0
219951,219951,219954,3,0
219951,219951,219955,4,0
219951,219951,219954,3,0
219951,219951,219955,4,0
219951,219951,219954,3,0
219951,219951,219956,5,0
219951,219951,219955,4,0
219951,219951,219956,5,0
219951,219951,219955,4,0
219951,219951,219957,6,0
219951,219951,219957,6,0
219951,219951,219957,6,0
219951,219951,219956,5,0
219951,219951,219958,7,0
219951,219951,219957,6,0
219951,219951,219957,6,0
219951,219951,219957,6,0
219951,219951,219958,7,0
219951,219951,219958,7,0
219951,219951,219957,6,0
219951,219951,219957,6,0
219951,219951,219958,7,0
219951,219951,219958,7,0
219951,219951,219958,7,0
219951,219951,219961,10,0
219951,219951,219961,10,0
219951,219951,219964,13,0
219976,219977,219978,1,1
219976,219977,219978,1,1
219976,219977,219978,1,1
219976,219977,219979,2,1
219976,219977,219979,2,1
219976,219977,219981,4,1
219976,219977,219980,3,1
219976,219977,219980,3,1
219976,219977,219980,3,1
219976,219977,219980,3,1
219976,219977,219981,4,1
219976,219977,219980,3,1
219976,219977,219981,4,1
219976,219977,219981,4,1
219976,219977,219981,4,1
219976,219977,219981,4,1
219976,219977,219982,5,1
219976,219977,219982,5,1
219976,219977,219982,5,1
219976,219977,219982,5,1
219976,219977,219982,5,1
219976,219977,219983,6,1
219976,219977,219983,6,1
219976,219977,219983,6,1
219976,219977,219983,6,1
219976,219977,219983,6,1
219976,219977,219984,7,1
219976,219977,219984,7,1
219976,219977,219984,7,1
219976,219977,219985,8,1
219976,219977,219986,9,1
219999,219999,220001,2,0
219999,219999,220000,1,0
219999,219999,220000,1,0
219999,219999,220002,3,0
219999,219999,220002,3,0
219999,219999,220003,4,0
219999,219999,220002,3,0
219999,219999,220002,3,0
219999,219999,220002,3,0
219999,219999,220004,5,0
219999,219999,220003,4,0
219999,219999,220003,4,0
219999,219999,220003,4,0
219999,219999,220004,5,0
219999,219999,220003,4,0
219999,219999,220003,4,0
219999,219999,220003,4,0
219999,219999,220004,5,0
219999,219999,220004,5,0
219999,219999,220005,6,0
219999,219999,220005,6,0
219999,219999,220004,5,0
219999,219999,220006,7,0
219999,219999,220005,6,0
219999,219999,220006,7,0
219999,219999,220005,6,0
219999,219999,220005,6,0
219999,219999,220005,6,0
219999,219999,220006,7,0
219999,219999,220009,10,0
219999,219999,220009,10,0
220022,220022,220023,1,0
220022,220022,220023,1,0
220022,220022,220024,2,0
220022,220022,220025,3,0
220022,220022,220026,4,0
220022,220022,220025,3,0
220022,220022,220025,3,0
220022,220022,220026,4,0
220022,220022,220025,3,0
220022,220022,220026,4,0
220022,220022,220025,3,0
220022,220022,220027,5,0
220022,220022,220027,5,0
220022,220022,220026,4,0
220022,220022,220027,5,0
220022,220022,220027,5,0
220022,220022,220028,6,0
220022,220022,220027,5,0
220022,220022,220028,6,0
220022,220022,220028,6,0
220022,220022,220028,6,0
220022,220022,220029,7,0
220022,220022,220028,6,0
220022,220022,220029,7,0
220022,220022,220028,6,0
220022,220022,220029,7,0
220022,220022,220029,7,0
220022,220022,220031,9,0
220022,220022,220030,8,0
220022,220022,220032,10,0
220022,220022,220034,12,0
220046,220046,220047,1,0
220046,220046,220047,1,0
220046,220046,220048,2,0
220046,220046,220049,3,0
220046,220046,220049,3,0
220046,220046,220049,3,0
220046,220046,220050,4,0
220046,220046,220050,4,0
220046,220046,220050,4,0
220046,220046,220050,4,0
220046,220046,220049,3,0
220046,220046,220051,5,0
220046,220046,220050,4,0
220046,220046,220050,4,0
220046,220046,220051,5,0
220046,220046,220051,5,0
220046,220046,220051,5,0
220046,220046,220051,5,0
220046,220046,220051,5,0
220046,220046,220052,6,0
220046,220046,220051,5,0
220046,220046,220051,5,0
220046,220046,220053,7,0
220046,220046,220052,6,0
220046,220046,220053,7,0
220046,220046,220052,6,0
220046,220046,220053,7,0
220046,220046,220052,6,0
220046,220046,220053,7,0
220046,220046,220054,8,0
220046,220046,220056,10,0
220068,220068,220069,1,0
220068,220068,220069,1,0
220068,220068,220069,1,0
220068,220068,220071,3,0
220068,220068,220071,3,0
220068,220068,220072,4,0
220068,220068,220072,4,0
220068,220068,220071,3,0
220068,220068,220071,3,0
220068,220068,220071,3,0
220068,220068,220071,3,0
220068,220068,220072,4,0
220068,220068,220073,5,0
220068,220068,220072,4,0
220068,220068,220072,4,0
220068,220068,220073,5,0
220068,220068,220073,5,0
220068,220068,220072,4,0
220068,220068,220073,5,0
220068,220068,220074,6,0
220068,220068,220073,5,0
220068,220068,220074,6,0
220068,220068,220073,5,0
220068,220068,220073,5,0
220068,220068,220074,6,0
220068,220068,220074,6,0
220068,220068,220074,6,0
220068,220068,220075,7,0
220068,220068,220074,6,0
220068,220068,220078,10,0
220068,220068,220077,9,0
220089,220089,220090,1,0
220089,220089,220091,2,0
220089,220089,220091,2,0
220089,220089,220092,3,0
220089,220089,220092,3,0
220089,220089,220093,4,0
220089,220089,220092,3,0
220089,220089,220093,4,0
220089,220089,220093,4,0
220089,220089,220093,4,0
220089,220089,220093,4,0
220089,220089,220093,4,0
220089,220089,220094,5,0
220089,220089,220094,5,0
220089,220089,220093,4,0
220089,220089,220094,5,0
220089,220089,220094,5,0
220089,220089,220094,5,0
220089,220089,220093,4,0
220089,220089,220095,6,0
220089,220089,220095,6,0
220089,220089,220094,5,0
220089,220089,220095,6,0
220089,220089,220095,6,0
220089,220089,220096,7,0
220089,220089,220096,7,0
220089,220089,220096,7,0
220089,220089,220097,8,0
220089,220089,220097,8,0
220089,220089,220099,10,0
220089,220089,220099,10,0
220112,220112,220113,1,0
220112,220112,220113,1,0
220112,220112,220113,1,0
220112,220112,220115,3,0
220112,220112,220115,3,0
220112,220112,220115,3,0
220112,220112,220116,4,0
220112,220112,220115,3,0
220112,220112,220116,4,0
220112,220112,220115,3,0
220112,220112,220115,3,0
220112,220112,220116,4,0
220112,220112,220115,3,0
220112,220112,220115,3,0
220112,220112,220116,4,0
220112,220112,220116,4,0
220112,220112,220117,5,0
220112,220112,220116,4,0
220112,220112,220117,5,0
220112,220112,220118,6,0
220112,220112,220117,5,0
220112,220112,220117,5,0
220112,220112,220117,5,0
220112,220112,220117,5,0
220112,220112,220119,7,0
220112,220112,220118,6,0
220112,220112,220118,6,0
220112,220112,220119,7,0
220112,220112,220122,10,0
220112,220112,220122,10,0
220112,220112,220121,9,0
220134,220134,220135,1,0
220134,220134,220135,1,0
220134,220134,220135,1,0
220134,220134,220137,3,0
220134,220134,220137,3,0
220134,220134,220137,3,0
220134,220134,220138,4,0
220134,220134,220137,3,0
220134,220134,220137,3,0
220134,220134,220137,3,0
220134,220134,220138,4,0
220134,220134,220138,4,0
220134,220134,220138,4,0
220134,220134,220138,4,0
220134,220134,220138,4,0
220134,220134,220138,4,0
220134,220134,220138,4,0
220134,220134,220138,4,0
220134,220134,220138,4,0
220134,220134,220139,5,0
220134,220134,220139,5,0
220134,220134,220139,5,0
220134,220134,220140,6,0
220134,220134,220140,6,0
220134,220134,220140,6,0
220134,220134,220140,6,0
220134,220134,220140,6,0
220134,220134,220140,6,0
220134,220134,220141,7,0
220134,220134,220143,9,0
220134,220134,220149,15,0
220161,220161,220162,1,0
220161,220161,220163,2,0
220161,220161,220163,2,0
220161,220161,220164,3,0
220161,220161,220164,3,0
220161,220161,220164,3,0
220161,220161,220164,3,0
220161,220161,220164,3,0
220161,220161,220165,4,0
220161,220161,220164,3,0
220161,220161,220165,4,0
220161,220161,220165,4,0
220161,220161,220164,3,0
220161,220161,220166,5,0
220161,220161,220166,5,0
220161,220161,220166,5,0
220161,220161,220165,4,0
220161,220161,220166,5,0
220161,220161,220165,4,0
220161,220161,220166,5,0
220161,220161,220167,6,0
220161,220161,220167,6,0
220161,220161,220167,6,0
220161,220161,220167,6,0
220161,220161,220167,6,0
220161,220161,220167,6,0
220161,220161,220168,7,0
220161,220161,220169,8,0
220161,220161,220169,8,0
220161,220161,220170,9,0
220161,220161,220176,15,0
220187,220187,220189,2,0
220187,220187,220188,1,0
220187,220187,220188,1,0
220187,220187,220190,3,0
220187,220187,220190,3,0
220187,220187,220190,3,0
220187,220187,220190,3,0
220187,220187,220190,3,0
220187,220187,220190,3,0
220187,220187,220190,3,0
220187,220187,220190,3,0
220187,220187,220191,4,0
220187,220187,220190,3,0
220187,220187,220191,4,0
220187,220187,220191,4,0
220187,220187,220191,4,0
220187,220187,220191,4,0
220187,220187,220191,4,0
220187,220187,220190,3,0
220187,220187,220190,3,0
220187,220187,220191,4,0
220187,220187,220191,4,0
220187,220187,220191,4,0
220187,220187,220192,5,0
220187,220187,220192,5,0
220187,220187,220192,5,0
220187,220187,220193,6,0
220187,220187,220193,6,0
220187,220187,220194,7,0
220187,220187,220194,7,0
220187,220187,220196,9,0
219717,219718,220198,480,1
220209,220209,220210,1,0
220209,220209,220210,1,0
220209,220209,220210,1,0
220209,220209,220211,2,0
220209,220209,220211,2,0
220209,220209,220212,3,0
220209,220209,220212,3,0
220209,220209,220212,3,0
220209,220209,220212,3,0
220209,220209,220212,3,0
220209,220209,220212,3,0
220209,220209,220213,4,0
220209,220209,220212,3,0
220209,220209,220212,3,0
220209,220209,220213,4,0
220209,220209,220212,3,0
220209,220209,220212,3,0
220209,220209,220212,3,0
220209,220209,220212,3,0
220209,220209,220213,4,0
220209,220209,220213,4,0
220209,220209,220212,3,0
220209,220209,220212,3,0
220209,220209,220213,4,0
220209,220209,220212,3,0
220209,220209,220213,4,0
220209,220209,220213,4,0
220209,220209,220214,5,0
220209,220209,220216,7,0
220209,220209,220217,8,0
220209,220209,220219,10,0
220231,220231,220232,1,0
220231,220231,220232,1,0
220231,220231,220232,1,0
220231,220231,220234,3,0
220231,220231,220233,2,0
220231,220231,220233,2,0
220231,220231,220233,2,0
220231,220231,220233,2,0
220231,220231,220233,2,0
220231,220231,220233,2,0
220231,220231,220234,3,0
220231,220231,220234,3,0
220231,220231,220234,3,0
220231,220231,220235,4,0
220231,220231,220234,3,0
220231,220231,220234,3,0
220231,220231,220234,3,0
220231,220231,220234,3,0
220231,220231,220234,3,0
220231,220231,220234,3,0
220231,220231,220234,3,0
220231,220231,220234,3,0
220231,220231,220234,3,0
220231,220231,220234,3,0
220231,220231,220235,4,0
220231,220231,220235,4,0
220231,220231,220236,5,0
220231,220231,220235,4,0
220231,220231,220235,4,0
220231,220231,220236,5,0
220231,220231,220236,5,0
220248,220248,220249,1,0
220248,220248,220249,1,0
220248,220248,220249,1,0
220248,220248,220250,2,0
220248,220248,220251,3,0
220248,220248,220251,3,0
220248,220248,220251,3,0
220248,220248,220251,3,0
220248,220248,220252,4,0
220248,220248,220251,3,0
220248,220248,220251,3,0
220248,220248,220252,4,0
220248,220248,220251,3,0
220248,220248,220252,4,0
220248,220248,220251,3,0
220248,220248,220251,3,0
220248,220248,220251,3,0
220248,220248,220251,3,0
220248,220248,220252,4,0
220248,220248,220251,3,0
220248,220248,220251,3,0
220248,220248,220252,4,0
220248,220248,220252,4,0
220248,220248,220251,3,0
220248,220248,220253,5,0
220248,220248,220252,4,0
220248,220248,220253,5,0
220248,220248,220253,5,0
220248,220248,220254,6,0
220248,220248,220254,6,0
220248,220248,220254,6,0
220266,220266,220267,1,0
220266,220266,220268,2,0
220266,220266,220268,2,0
220266,220266,220268,2,0
220266,220266,220269,3,0
220266,220266,220269,3,0
220266,220266,220269,3,0
220266,220266,220269,3,0
220266,220266,220269,3,0
220266,220266,220269,3,0
220266,220266,220269,3,0
220266,220266,220270,4,0
220266,220266,220270,4,0
220266,220266,220270,4,0
220266,220266,220270,4,0
220266,220266,220270,4,0
220266,220266,220270,4,0
220266,220266,220270,4,0
220266,220267,220270,3,1
220266,220266,220270,4,0
220266,220266,220270,4,0
220266,220266,220270,4,0
220266,220266,220270,4,0
220266,220266,220271,5,0
220266,220266,220271,5,0
220266,220266,220271,5,0
220266,220266,220271,5,0
220266,220266,220272,6,0
220266,220266,220273,7,0
220266,220266,220273,7,0
220266,220266,220275,9,0
220288,220288,220289,1,0
220288,220288,220289,1,0
220288,220288,220289,1,0
220288,220288,220289,1,0
220288,220288,220290,2,0
220288,220288,220290,2,0
220288,220288,220291,3,0
220288,220288,220290,2,0
220288,220288,220290,2,0
220288,220288,220291,3,0
220288,220288,220291,3,0
220288,220288,220291,3,0
220288,220288,220291,3,0
220288,220288,220291,3,0
220288,220288,220291,3,0
220288,220288,220291,3,0
220288,220288,220291,3,0
220288,220288,220291,3,0
220288,220288,220292,4,0
220288,220288,220292,4,0
220288,220288,220293,5,0
220288,220288,220292,4,0
220288,220288,220292,4,0
220288,220288,220292,4,0
220288,220288,220292,4,0
220288,220288,220293,5,0
220288,220288,220293,5,0
220288,220288,220294,6,0
220288,220288,220295,7,0
220288,220288,220294,6,0
220288,220288,220294,6,0
220306,220306,220307,1,0
220306,220306,220307,1,0
220306,220306,220308,2,0
220306,220306,220307,1,0
220306,220306,220309,3,0
220306,220306,220309,3,0
220306,220306,220309,3,0
220306,220306,220308,2,0
220306,220306,220310,4,0
220306,220306,220310,4,0
220306,220306,220309,3,0
220306,220306,220309,3,0
220306,220306,220309,3,0
220306,220306,220310,4,0
220306,220306,220311,5,0
220306,220306,220310,4,0
220306,220306,220310,4,0
220306,220306,220311,5,0
220306,220306,220310,4,0
220306,220306,220311,5,0
220306,220306,220310,4,0
220306,220306,220310,4,0
220306,220306,220312,6,0
220306,220306,220311,5,0
220306,220306,220311,5,0
220306,220306,220312,6,0
220306,220306,220313,7,0
220306,220306,220313,7,0
220306,220306,220312,6,0
220306,220306,220313,7,0
220306,220306,220314,8,0
220326,220326,220327,1,0
220326,220326,220327,1,0
220326,220326,220327,1,0
220326,220326,220329,3,0
220326,220326,220328,2,0
220326,220326,220329,3,0
220326,220326,220328,2,0
220326,220326,220329,3,0
220326,220326,220330,4,0
220326,220326,220329,3,0
220326,220326,220329,3,0
220326,220326,220329,3,0
220326,220326,220329,3,0
220326,220326,220329,3,0
220326,220326,220329,3,0
220326,220326,220330,4,0
220326,220326,220329,3,0
220326,220326,220330,4,0
220326,220326,220330,4,0
220326,220326,220330,4,0
220326,220326,220331,5,0
220326,220326,220330,4,0
220326,220326,220331,5,0
220326,220326,220330,4,0
220326,220326,220331,5,0
220326,220326,220330,4,0
220326,220326,220331,5,0
220326,220326,220331,5,0
220326,220326,220332,6,0
220326,220326,220333,7,0
220326,220326,220333,7,0
220345,220345,220346,1,0
220345,220345,220346,1,0
220345,220345,220346,1,0
220345,220345,220348,3,0
220345,220345,220348,3,0
220345,220345,220347,2,0
220345,220345,220348,3,0
220345,220345,220348,3,0
220345,220345,220348,3,0
220345,220345,220347,2,0
220345,220345,220348,3,0
220345,220345,220348,3,0
220345,220345,220348,3,0
220345,220345,220349,4,0
220345,220345,220349,4,0
220345,220345,220349,4,0
220345,220345,220349,4,0
220345,220345,220348,3,0
220345,220345,220349,4,0
220345,220345,220349,4,0
220345,220345,220349,4,0
220345,220345,220350,5,0
220345,220345,220350,5,0
220345,220345,220349,4,0
220345,220345,220349,4,0
220345,220345,220349,4,0
220345,220345,220350,5,0
220345,220345,220351,6,0
220345,220345,220350,5,0
220345,220345,220352,7,0
220345,220345,220352,7,0
220364,220364,220366,2,0
220364,220364,220366,2,0
220364,220364,220366,2,0
220364,220364,220366,2,0
220364,220364,220366,2,0
220364,220364,220367,3,0
220364,220364,220367,3,0
220364,220364,220367,3,0
220364,220364,220368,4,0
220364,220364,220368,4,0
220364,220364,220368,4,0
220364,220364,220368,4,0
220364,220364,220367,3,0
220364,220364,220367,3,0
220364,220364,220367,3,0
220364,220364,220367,3,0
220364,220364,220368,4,0
220364,220364,220368,4,0
220364,220364,220368,4,0
220364,220364,220368,4,0
220364,220364,220369,5,0
220364,220364,220369,5,0
220364,220364,220368,4,0
220364,220364,220369,5,0
220364,220364,220369,5,0
220364,220364,220369,5,0
220364,220364,220369,5,0
220364,220364,220370,6,0
220364,220364,220370,6,0
220364,220364,220370,6,0
220364,220364,220370,6,0
220382,220382,220384,2,0
220382,220382,220384,2,0
220382,220382,220384,2,0
220382,220383,220385,2,1
220382,220383,220385,2,1
220382,220383,220385,2,1
220382,220383,220385,2,1
220382,220383,220385,2,1
220382,220383,220385,2,1
220382,220383,220386,3,1
220382,220382,220386,4,0
220382,220383,220386,3,1
220382,220382,220386,4,0
220382,220383,220386,3,1
220382,220383,220386,3,1
220382,220383,220386,3,1
220382,220383,220386,3,1
220382,220383,220386,3,1
220382,220383,220386,3,1
220382,220383,220386,3,1
220382,220383,220386,3,1
220382,220383,220386,3,1
220382,220383,220387,4,1
220382,220383,220387,4,1
220382,220382,220387,5,0
220382,220383,220387,4,1
220382,220383,220387,4,1
220382,220383,220388,5,1
220382,220382,220388,6,0
220382,220382,220389,7,0
220382,220382,220389,7,0
220402,220402,220403,1,0
220402,220402,220403,1,0
220402,220402,220404,2,0
220402,220402,220404,2,0
220402,220402,220403,1,0
220402,220402,220405,3,0
220402,220402,220405,3,0
220402,220402,220405,3,0
220402,220402,220404,2,0
220402,220402,220406,4,0
220402,220402,220406,4,0
220402,220402,220406,4,0
220402,220402,220405,3,0
220402,220402,220406,4,0
220402,220402,220406,4,0
220402,220402,220405,3,0
220402,220402,220406,4,0
220402,220402,220406,4,0
220402,220402,220406,4,0
220402,220402,220406,4,0
220402,220402,220407,5,0
220402,220402,220407,5,0
220402,220402,220407,5,0
220402,220402,220407,5,0
220402,220402,220407,5,0
220402,220402,220407,5,0
220402,220402,220408,6,0
220402,220402,220408,6,0
220402,220402,220408,6,0
220402,220402,220409,7,0
220402,220402,220408,6,0
220424,220424,220425,1,0
220424,220424,220426,2,0
220424,220424,220426,2,0
220424,220424,220426,2,0
220424,220425,220426,1,1
220424,220424,220426,2,0
220424,220424,220427,3,0
220424,220424,220427,3,0
220424,220424,220427,3,0
220424,220424,220428,4,0
220424,220425,220427,2,1
220424,220424,220428,4,0
220424,220424,220428,4,0
220424,220424,220428,4,0
220424,220424,220428,4,0
220424,220424,220428,4,0
220424,220425,220428,3,1
220424,220425,220428,3,1
220424,220425,220428,3,1
220424,220424,220428,4,0
220424,220424,220428,4,0
220424,220424,220428,4,0
220424,220424,220429,5,0
220424,220424,220429,5,0
220424,220424,220429,5,0
220424,220424,220429,5,0
220424,220424,220429,5,0
220424,220424,220430,6,0
220424,220424,220430,6,0
220424,220424,220430,6,0
220424,220424,220431,7,0
220443,220443,220444,1,0
220443,220443,220444,1,0
220443,220443,220445,2,0
220443,220443,220444,1,0
220443,220443,220445,2,0
220443,220443,220445,2,0
220443,220443,220444,1,0
220443,220443,220446,3,0
220443,220443,220446,3,0
220443,220443,220446,3,0
220443,220443,220445,2,0
220443,220443,220447,4,0
220443,220443,220446,3,0
220443,220443,220447,4,0
220443,220443,220447,4,0
220443,220443,220447,4,0
220443,220443,220447,4,0
220443,220443,220447,4,0
220443,220443,220447,4,0
220443,220443,220446,3,0
220443,220443,220447,4,0
220443,220443,220447,4,0
220443,220443,220447,4,0
220443,220443,220447,4,0
220443,220443,220448,5,0
220443,220443,220448,5,0
220443,220443,220448,5,0
220443,220443,220448,5,0
220443,220443,220449,6,0
220443,220443,220449,6,0
220443,220443,220449,6,0
220462,220462,220463,1,0
220462,220462,220463,1,0
220462,220462,220463,1,0
220462,220462,220463,1,0
220462,220462,220463,1,0
220462,220462,220463,1,0
220462,220462,220463,1,0
220462,220462,220463,1,0
220462,220462,220465,3,0
220462,220462,220464,2,0
220462,220462,220465,3,0
220462,220462,220465,3,0
220462,220462,220465,3,0
220462,220462,220465,3,0
220462,220462,220465,3,0
220462,220462,220466,4,0
220462,220462,220465,3,0
220462,220462,220466,4,0
220462,220462,220465,3,0
220462,220462,220465,3,0
220462,220462,220466,4,0
220462,220462,220465,3,0
220462,220462,220466,4,0
220462,220462,220465,3,0
220462,220462,220467,5,0
220462,220462,220466,4,0
220462,220462,220466,4,0
220462,220462,220467,5,0
220462,220462,220468,6,0
220462,220462,220467,5,0
220462,220462,220468,6,0
220480,220480,220481,1,0
220480,220480,220481,1,0
220480,220480,220482,2,0
220480,220480,220482,2,0
220480,220480,220482,2,0
220480,220480,220481,1,0
220480,220480,220482,2,0
220480,220480,220483,3,0
220480,220480,220483,3,0
220480,220480,220483,3,0
220480,220480,220484,4,0
220480,220480,220484,4,0
220480,220480,220484,4,0
220480,220480,220484,4,0
220480,220480,220484,4,0
220480,220480,220483,3,0
220480,220480,220484,4,0
220480,220480,220484,4,0
220480,220480,220484,4,0
220480,220480,220484,4,0
220480,220480,220484,4,0
220480,220480,220484,4,0
220480,220480,220484,4,0
220480,220480,220485,5,0
220480,220480,220485,5,0
220480,220480,220485,5,0
220480,220480,220485,5,0
220480,220480,220485,5,0
220480,220480,220485,5,0
220480,220480,220486,6,0
220480,220480,220486,6,0
220501,220501,220502,1,0
220501,220501,220502,1,0
220501,220501,220503,2,0
220501,220501,220502,1,0
220501,220501,220503,2,0
220501,220501,220502,1,0
220501,220501,220502,1,0
220501,220501,220502,1,0
220501,220501,220504,3,0
220501,220501,220504,3,0
220501,220501,220503,2,0
220501,220501,220504,3,0
220501,220501,220504,3,0
220501,220501,220504,3,0
220501,220501,220504,3,0
220501,220501,220504,3,0
220501,220501,220504,3,0
220501,220501,220505,4,0
220501,220501,220504,3,0
220501,220501,220504,3,0
220501,220501,220505,4,0
220501,220501,220504,3,0
220501,220501,220504,3,0
220501,220501,220505,4,0
220501,220501,220504,3,0
220501,220501,220504,3,0
220501,220501,220505,4,0
220501,220501,220504,3,0
220501,220501,220504,3,0
220501,220501,220505,4,0
220501,220501,220505,4,0
220517,220518,220519,1,1
220517,220518,220519,1,1
220517,220518,220519,1,1
220517,220518,220519,1,1
220517,220518,220519,1,1
220517,220518,220519,1,1
220517,220518,220519,1,1
220517,220518,220519,1,1
220517,220518,220520,2,1
220517,220518,220520,2,1
220517,220518,220520,2,1
220517,220518,220521,3,1
220517,220518,220521,3,1
220517,220518,220521,3,1
220517,220518,220521,3,1
220517,220518,220521,3,1
220517,220518,220521,3,1
220517,220518,220521,3,1
220517,220518,220521,3,1
220517,220518,220521,3,1
220517,220518,220521,3,1
220517,220518,220521,3,1
220517,220518,220521,3,1
220517,220518,220521,3,1
220517,220518,220521,3,1
220517,220518,220521,3,1
220517,220518,220521,3,1
220517,220518,220522,4,1
220517,220518,220522,4,1
220517,220518,220522,4,1
220517,220518,220522,4,1
220534,220535,220536,1,1
220534,220535,220536,1,1
220534,220535,220536,1,1
220534,220535,220537,2,1
220534,220535,220536,1,1
220534,220535,220536,1,1
220534,220535,220536,1,1
220534,220535,220537,2,1
220534,220535,220536,1,1
220534,220535,220538,3,1
220534,220535,220537,2,1
220534,220535,220537,2,1
220534,220535,220537,2,1
220534,220535,220537,2,1
220534,220535,220537,2,1
220534,220535,220538,3,1
220534,220535,220538,3,1
220534,220535,220538,3,1
220534,220535,220538,3,1
220534,220535,220537,2,1
220534,220535,220537,2,1
220534,220535,220537,2,1
220534,220535,220538,3,1
220534,220535,220538,3,1
220534,220535,220538,3,1
220534,220535,220538,3,1
220534,220535,220538,3,1
220534,220535,220538,3,1
220534,220535,220539,4,1
220534,220535,220539,4,1
220534,220535,220540,5,1
220554,220554,220555,1,0
220554,220554,220555,1,0
220554,220554,220555,1,0
220554,220554,220555,1,0
220554,220554,220555,1,0
220554,220554,220556,2,0
220554,220554,220556,2,0
220554,220554,220556,2,0
220554,220554,220556,2,0
220554,220554,220557,3,0
220554,220554,220557,3,0
220554,220554,220557,3,0
220554,220554,220557,3,0
220554,220554,220556,2,0
220554,220554,220556,2,0
220554,220554,220556,2,0
220554,220554,220557,3,0
220554,220554,220556,2,0
220554,220554,220557,3,0
220554,220554,220557,3,0
220554,220554,220556,2,0
220554,220554,220556,2,0
220554,220554,220557,3,0
220554,220554,220557,3,0
220554,220554,220557,3,0
220554,220554,220557,3,0
220554,220554,220557,3,0
220554,220554,220557,3,0
220554,220554,220562,8,0
220554,220554,220563,9,0
220554,220554,220563,9,0
220576,220576,220577,1,0
220576,220576,220577,1,0
220576,220576,220578,2,0
220576,220576,220578,2,0
220576,220576,220577,1,0
220576,220576,220577,1,0
220576,220576,220578,2,0
220576,220576,220578,2,0
220576,220576,220579,3,0
220576,220576,220579,3,0
220576,220576,220579,3,0
220576,220576,220579,3,0
220576,220576,220579,3,0
220576,220576,220579,3,0
220576,220576,220578,2,0
220576,220576,220579,3,0
220576,220576,220579,3,0
220576,220576,220579,3,0
220576,220576,220579,3,0
220576,220576,220579,3,0
220576,220576,220579,3,0
220576,220576,220579,3,0
220576,220576,220579,3,0
220576,220576,220579,3,0
220576,220576,220580,4,0
220576,220576,220580,4,0
220576,220576,220580,4,0
220576,220576,220579,3,0
220576,220576,220579,3,0
220576,220576,220584,8,0
220576,220576,220584,8,0
220596,220596,220597,1,0
220596,220596,220597,1,0
220596,220596,220598,2,0
220596,220596,220597,1,0
220596,220596,220597,1,0
220596,220596,220598,2,0
220596,220596,220598,2,0
220596,220596,220598,2,0
220596,220596,220597,1,0
220596,220596,220597,1,0
220596,220596,220598,2,0
220596,220596,220599,3,0
220596,220596,220599,3,0
220596,220596,220599,3,0
220596,220596,220599,3,0
220596,220596,220599,3,0
220596,220596,220598,2,0
220596,220596,220598,2,0
220596,220596,220599,3,0
220596,220596,220599,3,0
220596,220596,220599,3,0
220596,220596,220599,3,0
220596,220596,220599,3,0
220596,220596,220599,3,0
220596,220596,220599,3,0
220596,220596,220599,3,0
220596,220596,220599,3,0
220596,220596,220600,4,0
220596,220596,220599,3,0
220596,220596,220599,3,0
220596,220596,220599,3,0
220613,220613,220615,2,0
220613,220613,220615,2,0
220613,220613,220614,1,0
220613,220613,220614,1,0
220613,220613,220615,2,0
220613,220613,220614,1,0
220613,220613,220614,1,0
220613,220613,220614,1,0
220613,220613,220614,1,0
220613,220613,220615,2,0
220613,220613,220614,1,0
220613,220613,220616,3,0
220613,220613,220615,2,0
220613,220613,220616,3,0
220613,220613,220616,3,0
220613,220613,220616,3,0
220613,220613,220615,2,0
220613,220613,220616,3,0
220613,220613,220616,3,0
220613,220613,220616,3,0
220613,220613,220616,3,0
220613,220613,220616,3,0
220613,220613,220615,2,0
220613,220613,220615,2,0
220613,220613,220615,2,0
220613,220613,220615,2,0
220613,220613,220616,3,0
220613,220613,220615,2,0
220613,220613,220616,3,0
220613,220613,220618,5,0
220613,220613,220617,4,0
220629,220629,220630,1,0
220629,220629,220630,1,0
220629,220629,220631,2,0
220629,220629,220631,2,0
220629,220629,220631,2,0
220629,220629,220631,2,0
220629,220629,220631,2,0
220629,220629,220631,2,0
220629,220629,220631,2,0
220629,220629,220630,1,0
220629,220629,220631,2,0
220629,220629,220631,2,0
220629,220629,220632,3,0
220629,220629,220632,3,0
220629,220629,220632,3,0
220629,220629,220632,3,0
220629,220629,220632,3,0
220629,220629,220631,2,0
220629,220629,220632,3,0
220629,220629,220632,3,0
220629,220629,220632,3,0
220629,220629,220632,3,0
220629,220629,220632,3,0
220629,220629,220631,2,0
220629,220629,220632,3,0
220629,220629,220632,3,0
220629,220629,220632,3,0
220629,220629,220633,4,0
220629,220629,220633,4,0
220629,220629,220634,5,0
220629,220629,220635,6,0
220646,220646,220648,2,0
220646,220647,220648,1,1
220646,220647,220648,1,1
220646,220646,220648,2,0
220646,220647,220648,1,1
220646,220647,220648,1,1
220646,220646,220648,2,0
220646,220646,220648,2,0
220646,220647,220648,1,1
220646,220647,220648,1,1
220646,220647,220650,3,1
220646,220647,220649,2,1
220646,220647,220649,2,1
220646,220647,220649,2,1
220646,220647,220649,2,1
220646,220647,220649,2,1
220646,220647,220649,2,1
220646,220647,220649,2,1
220646,220647,220649,2,1
220646,220647,220649,2,1
220646,220647,220649,2,1
220646,220646,220649,3,0
220646,220647,220649,2,1
220646,220647,220649,2,1
220646,220647,220650,3,1
220646,220647,220650,3,1
220646,220647,220650,3,1
220646,220647,220650,3,1
220646,220647,220650,3,1
220646,220647,220650,3,1
220646,220647,220650,3,1
220662,220662,220663,1,0
220662,220662,220663,1,0
220662,220662,220664,2,0
220662,220662,220664,2,0
220662,220662,220664,2,0
220662,220662,220664,2,0
220662,220662,220664,2,0
220662,220662,220664,2,0
220662,220662,220664,2,0
220662,220662,220663,1,0
220662,220662,220664,2,0
220662,220662,220665,3,0
220662,220662,220665,3,0
220662,220662,220665,3,0
220662,220662,220665,3,0
220662,220662,220665,3,0
220662,220662,220665,3,0
220662,220662,220665,3,0
220662,220662,220665,3,0
220662,220662,220665,3,0
220662,220662,220665,3,0
220662,220662,220665,3,0
220662,220662,220665,3,0
220662,220662,220665,3,0
220662,220662,220664,2,0
220662,220662,220665,3,0
220662,220662,220665,3,0
220662,220662,220665,3,0
220662,220662,220666,4,0
220662,220662,220665,3,0
220662,220662,220665,3,0
220677,220677,220678,1,0
220677,220677,220679,2,0
220677,220677,220678,1,0
220677,220677,220680,3,0
220677,220677,220680,3,0
220677,220677,220680,3,0
220677,220678,220680,2,1
220677,220677,220681,4,0
220677,220677,220681,4,0
220677,220677,220681,4,0
220677,220677,220681,4,0
220677,220677,220681,4,0
220677,220677,220681,4,0
220677,220677,220681,4,0
220677,220677,220681,4,0
220677,220677,220681,4,0
220677,220678,220681,3,1
220677,220678,220681,3,1
220677,220677,220682,5,0
220677,220677,220683,6,0
220677,220677,220683,6,0
220677,220677,220683,6,0
220677,220678,220683,5,1
220205,220206,220684,478,1
220677,220677,220684,7,0
220677,220677,220684,7,0
220677,220677,220684,7,0
220677,220677,220685,8,0
220677,220677,220687,10,0
220677,220677,220687,10,0
220677,220677,220687,10,0
220677,220677,220687,10,0
220699,220699,220700,1,0
220699,220699,220700,1,0
220699,220699,220701,2,0
220699,220699,220701,2,0
220699,220699,220702,3,0
220699,220699,220702,3,0
220699,220699,220702,3,0
220699,220699,220702,3,0
220699,220699,220702,3,0
220699,220699,220702,3,0
220699,220699,220702,3,0
220699,220699,220702,3,0
220699,220699,220702,3,0
220699,220699,220702,3,0
220699,220699,220702,3,0
220699,220699,220703,4,0
220699,220699,220703,4,0
220699,220699,220704,5,0
220699,220699,220704,5,0
220699,220699,220704,5,0
220699,220699,220705,6,0
220699,220699,220704,5,0
220699,220699,220704,5,0
220699,220699,220705,6,0
220699,220699,220705,6,0
220699,220699,220706,7,0
220699,220699,220706,7,0
220699,220699,220707,8,0
220699,220699,220707,8,0
220699,220699,220708,9,0
220699,220699,220708,9,0
220721,220721,220722,1,0
220721,220721,220722,1,0
220721,220721,220723,2,0
220721,220721,220724,3,0
220721,220721,220724,3,0
220721,220721,220724,3,0
220721,220721,220724,3,0
220721,220721,220724,3,0
220721,220721,220725,4,0
220721,220721,220724,3,0
220721,220721,220724,3,0
220721,220721,220724,3,0
220721,220721,220725,4,0
220721,220721,220724,3,0
220721,220721,220724,3,0
220721,220721,220725,4,0
220721,220721,220725,4,0
220721,220721,220726,5,0
220721,220721,220725,4,0
220721,220721,220725,4,0
220721,220721,220727,6,0
220721,220721,220726,5,0
220721,220721,220726,5,0
220721,220721,220727,6,0
220721,220721,220727,6,0
220721,220721,220728,7,0
220721,220721,220728,7,0
220721,220721,220729,8,0
220721,220721,220730,9,0
220721,220721,220730,9,0
220721,220721,220730,9,0
220743,220743,220745,2,0
220743,220743,220745,2,0
220743,220743,220744,1,0
220743,220743,220746,3,0
220743,220743,220746,3,0
220743,220743,220746,3,0
220743,220743,220746,3,0
220743,220743,220746,3,0
220743,220743,220746,3,0
220743,220743,220746,3,0
220743,220743,220746,3,0
220743,220743,220746,3,0
220743,220743,220747,4,0
220743,220743,220747,4,0
220743,220743,220747,4,0
220743,220743,220747,4,0
220743,220743,220748,5,0
220743,220743,220748,5,0
220743,220743,220748,5,0
220743,220743,220749,6,0
220743,220743,220749,6,0
220743,220743,220749,6,0
220743,220743,220749,6,0
220743,220743,220748,5,0
220743,220743,220749,6,0
220743,220743,220750,7,0
220743,220743,220750,7,0
220743,220743,220750,7,0
220743,220743,220752,9,0
220743,220743,220753,10,0
220743,220743,220753,10,0
220765,220765,220766,1,0
220765,220765,220767,2,0
220765,220765,220767,2,0
220765,220765,220768,3,0
220765,220765,220768,3,0
220765,220765,220768,3,0
220765,220765,220768,3,0
220765,220765,220768,3,0
220765,220765,220769,4,0
220765,220765,220769,4,0
220765,220765,220769,4,0
220765,220765,220769,4,0
220765,220765,220768,3,0
220765,220765,220769,4,0
220765,220765,220769,4,0
220765,220765,220770,5,0
220765,220765,220770,5,0
220765,220765,220770,5,0
220765,220765,220771,6,0
220765,220765,220771,6,0
220765,220765,220770,5,0
220765,220765,220771,6,0
220765,220765,220770,5,0
220765,220765,220771,6,0
220765,220765,220771,6,0
220765,220765,220772,7,0
220765,220765,220772,7,0
220765,220765,220772,7,0
220765,220765,220772,7,0
220765,220765,220775,10,0
220765,220765,220776,11,0
220788,220788,220789,1,0
220788,220788,220790,2,0
220788,220788,220789,1,0
220788,220788,220790,2,0
220788,220788,220791,3,0
220788,220788,220791,3,0
220788,220788,220791,3,0
220788,220788,220790,2,0
220788,220788,220791,3,0
220788,220788,220791,3,0
220788,220788,220791,3,0
220788,220788,220791,3,0
220788,220788,220791,3,0
220788,220788,220792,4,0
220788,220788,220792,4,0
220788,220788,220792,4,0
220788,220788,220792,4,0
220788,220788,220792,4,0
220788,220788,220794,6,0
220788,220788,220794,6,0
220788,220788,220794,6,0
220788,220788,220794,6,0
220788,220788,220794,6,0
220788,220788,220795,7,0
220788,220788,220795,7,0
220788,220788,220796,8,0
220788,220788,220796,8,0
220788,220788,220797,9,0
220788,220788,220798,10,0
220788,220788,220797,9,0
220788,220788,220798,10,0
220811,220811,220812,1,0
220811,220811,220812,1,0
220811,220811,220812,1,0
220811,220811,220814,3,0
220811,220811,220814,3,0
220811,220811,220814,3,0
220811,220811,220814,3,0
220811,220811,220814,3,0
220811,220811,220815,4,0
220811,220811,220814,3,0
220811,220811,220814,3,0
220811,220811,220816,5,0
220811,220811,220815,4,0
220811,220811,220815,4,0
220811,220811,220816,5,0
220811,220811,220815,4,0
220811,220811,220816,5,0
220811,220811,220815,4,0
220811,220811,220816,5,0
220811,220811,220816,5,0
220811,220811,220816,5,0
220811,220811,220817,6,0
220811,220811,220818,7,0
220811,220811,220817,6,0
220811,220811,220818,7,0
220811,220811,220818,7,0
220811,220811,220819,8,0
220811,220811,220820,9,0
220811,220811,220820,9,0
220811,220811,220821,10,0
220811,220811,220820,9,0
220833,220833,220834,1,0
220833,220833,220834,1,0
220833,220833,220834,1,0
220833,220833,220835,2,0
220833,220833,220836,3,0
220833,220833,220835,2,0
220833,220833,220835,2,0
220833,220833,220835,2,0
220833,220833,220836,3,0
220833,220833,220836,3,0
220833,220833,220836,3,0
220833,220833,220837,4,0
220833,220833,220836,3,0
220833,220833,220836,3,0
220833,220833,220838,5,0
220833,220833,220837,4,0
220833,220833,220837,4,0
220833,220833,220838,5,0
220833,220833,220838,5,0
220833,220833,220838,5,0
220833,220833,220839,6,0
220833,220833,220839,6,0
220833,220833,220839,6,0
220833,220833,220840,7,0
220833,220833,220840,7,0
220833,220833,220842,9,0
220833,220833,220843,10,0
220833,220833,220843,10,0
220833,220833,220842,9,0
220833,220833,220842,9,0
220833,220833,220843,10,0
220855,220855,220856,1,0
220855,220855,220856,1,0
220855,220855,220857,2,0
220855,220855,220858,3,0
220855,220855,220857,2,0
220855,220855,220858,3,0
220855,220855,220858,3,0
220855,220855,220858,3,0
220855,220855,220858,3,0
220855,220855,220858,3,0
220855,220855,220859,4,0
220855,220855,220858,3,0
220855,220855,220860,5,0
220855,220855,220859,4,0
220855,220855,220860,5,0
220855,220855,220860,5,0
220855,220855,220861,6,0
220855,220855,220861,6,0
220855,220855,220861,6,0
220855,220855,220861,6,0
220855,220855,220862,7,0
220855,220855,220862,7,0
220855,220855,220862,7,0
220855,220855,220862,7,0
220855,220855,220863,8,0
220855,220855,220863,8,0
220855,220855,220863,8,0
220855,220855,220864,9,0
220855,220855,220864,9,0
220855,220855,220865,10,0
220855,220855,220865,10,0
220877,220877,220878,1,0
220877,220877,220879,2,0
220877,220877,220879,2,0
220877,220877,220880,3,0
220877,220877,220879,2,0
220877,220877,220880,3,0
220877,220877,220881,4,0
220877,220877,220881,4,0
220877,220877,220881,4,0
220877,220877,220880,3,0
220877,220877,220881,4,0
220877,220877,220881,4,0
220877,220877,220881,4,0
220877,220877,220882,5,0
220877,220877,220882,5,0
220877,220877,220882,5,0
220877,220877,220882,5,0
220877,220877,220882,5,0
220877,220877,220882,5,0
220877,220877,220882,5,0
220877,220877,220883,6,0
220877,220877,220884,7,0
220877,220877,220884,7,0
220877,220877,220884,7,0
220877,220877,220885,8,0
220877,220877,220885,8,0
220877,220877,220885,8,0
220877,220877,220886,9,0
220877,220877,220887,10,0
220877,220877,220887,10,0
220877,220877,220887,10,0
220899,220899,220900,1,0
220899,220899,220900,1,0
220899,220899,220900,1,0
220899,220899,220902,3,0
220899,220899,220901,2,0
220899,220899,220901,2,0
220899,220899,220902,3,0
220899,220899,220901,2,0
220899,220899,220903,4,0
220899,220899,220902,3,0
220899,220899,220902,3,0
220899,220899,220902,3,0
220899,220899,220902,3,0
220899,220899,220903,4,0
220899,220899,220903,4,0
220899,220899,220904,5,0
220899,220899,220903,4,0
220899,220899,220903,4,0
220899,220899,220904,5,0
220899,220899,220904,5,0
220899,220899,220904,5,0
220899,220899,220906,7,0
220899,220899,220905,6,0
220899,220899,220906,7,0
220899,220899,220906,7,0
220899,220899,220908,9,0
220899,220899,220907,8,0
220899,220899,220908,9,0
220899,220899,220908,9,0
220899,220899,220908,9,0
220899,220899,220908,9,0
220921,220921,220923,2,0
220921,220921,220923,2,0
220921,220921,220923,2,0
220921,220921,220924,3,0
220921,220921,220924,3,0
220921,220921,220924,3,0
220921,220921,220925,4,0
220921,220921,220925,4,0
220921,220921,220925,4,0
220921,220921,220924,3,0
220921,220921,220925,4,0
220921,220921,220925,4,0
220921,220922,220925,3,1
220921,220921,220926,5,0
220921,220921,220926,5,0
220921,220921,220926,5,0
220921,220921,220926,5,0
220921,220921,220927,6,0
220921,220921,220927,6,0
220921,220921,220927,6,0
220921,220921,220928,7,0
220921,220921,220929,8,0
220921,220921,220929,8,0
220921,220921,220929,8,0
220921,220921,220929,8,0
220921,220921,220929,8,0
220921,220921,220930,9,0
220921,220921,220931,10,0
220921,220921,220931,10,0
220921,220921,220932,11,0
220921,220921,220932,11,0
220943,220943,220945,2,0
220943,220943,220945,2,0
220943,220943,220945,2,0
220943,220944,220946,2,1
220943,220944,220946,2,1
220943,220944,220946,2,1
220943,220944,220947,3,1
220943,220944,220947,3,1
220943,220944,220947,3,1
220943,220944,220947,3,1
220943,220944,220947,3,1
220943,220944,220947,3,1
220943,220944,220947,3,1
220943,220944,220947,3,1
220943,220944,220948,4,1
220943,220944,220948,4,1
220943,220944,220949,5,1
220943,220944,220949,5,1
220943,220944,220949,5,1
220943,220944,220949,5,1
220943,220944,220950,6,1
220943,220944,220950,6,1
220943,220944,220951,7,1
220943,220943,220952,9,0
220943,220944,220952,8,1
220943,220944,220952,8,1
220943,220943,220953,10,0
220943,220944,220953,9,1
220943,220944,220953,9,1
220943,220944,220953,9,1
220943,220944,220953,9,1
220965,220965,220966,1,0
220965,220965,220966,1,0
220965,220965,220966,1,0
220965,220965,220968,3,0
220965,220965,220968,3,0
220965,220965,220968,3,0
220965,220965,220968,3,0
220965,220965,220968,3,0
220965,220965,220968,3,0
220965,220965,220968,3,0
220965,220965,220969,4,0
220965,220965,220969,4,0
220965,220965,220969,4,0
220965,220965,220970,5,0
220965,220965,220969,4,0
220965,220965,220970,5,0
220965,220965,220971,6,0
220965,220965,220971,6,0
220965,220965,220971,6,0
220965,220965,220970,5,0
220965,220965,220971,6,0
220965,220965,220972,7,0
220965,220965,220972,7,0
220965,220965,220972,7,0
220965,220965,220972,7,0
220965,220965,220974,9,0
220965,220965,220975,10,0
220965,220965,220975,10,0
220965,220965,220975,10,0
220965,220965,220975,10,0
220965,220965,220975,10,0
220988,220988,220989,1,0
220988,220988,220989,1,0
220988,220988,220989,1,0
220988,220988,220991,3,0
220988,220988,220991,3,0
220988,220988,220992,4,0
220988,220988,220991,3,0
220988,220988,220991,3,0
220988,220988,220991,3,0
220988,220988,220991,3,0
220988,220988,220991,3,0
220988,220988,220991,3,0
220988,220988,220991,3,0
220988,220988,220991,3,0
220988,220988,220992,4,0
220988,220988,220993,5,0
220988,220988,220993,5,0
220988,220988,220993,5,0
220988,220988,220992,4,0
220988,220988,220994,6,0
220988,220988,220995,7,0
220988,220988,220995,7,0
220988,220988,220995,7,0
220988,220988,220995,7,0
220988,220988,220996,8,0
220988,220988,220996,8,0
220988,220988,220998,10,0
220988,220988,220997,9,0
220988,220988,220998,10,0
220988,220988,220998,10,0
220988,220988,220998,10,0
221011,221011,221012,1,0
221011,221011,221013,2,0
221011,221011,221012,1,0
221011,221011,221014,3,0
221011,221011,221015,4,0
221011,221011,221014,3,0
221011,221011,221014,3,0
221011,221011,221015,4,0
221011,221011,221014,3,0
221011,221011,221015,4,0
221011,221011,221014,3,0
221011,221011,221015,4,0
221011,221011,221015,4,0
221011,221011,221014,3,0
221011,221011,221015,4,0
221011,221011,221015,4,0
221011,221011,221015,4,0
221011,221011,221016,5,0
221011,221011,221016,5,0
221011,221011,221017,6,0
221011,221011,221017,6,0
221011,221011,221018,7,0
221011,221011,221019,8,0
221011,221011,221019,8,0
221011,221011,221021,10,0
221011,221011,221021,10,0
221011,221011,221021,10,0
221011,221011,221021,10,0
221011,221011,221021,10,0
221011,221011,221021,10,0
221011,221011,221021,10,0
221033,221033,221034,1,0
221033,221033,221034,1,0
221033,221033,221035,2,0
221033,221034,221036,2,1
221033,221034,221036,2,1
221033,221034,221036,2,1
221033,221034,221036,2,1
221033,221034,221037,3,1
221033,221034,221037,3,1
221033,221034,221037,3,1
221033,221034,221037,3,1
221033,221034,221037,3,1
221033,221034,221038,4,1
221033,221034,221038,4,1
221033,221034,221038,4,1
221033,221034,221038,4,1
221033,221034,221040,6,1
221033,221033,221039,6,0
221033,221034,221039,5,1
221033,221034,221039,5,1
221033,221034,221039,5,1
221033,221034,221040,6,1
221033,221034,221041,7,1
221033,221034,221043,9,1
221033,221034,221043,9,1
221033,221034,221042,8,1
221033,221034,221043,9,1
221033,221034,221043,9,1
221033,221033,221043,10,0
221033,221034,221043,9,1
221033,221034,221044,10,1
221056,221056,221058,2,0
221056,221056,221058,2,0
221056,221056,221058,2,0
221056,221057,221059,2,1
221056,221057,221059,2,1
221056,221057,221059,2,1
221056,221057,221060,3,1
221056,221057,221060,3,1
221056,221057,221060,3,1
221056,221057,221060,3,1
221056,221057,221060,3,1
221056,221057,221062,5,1
221056,221057,221061,4,1
221056,221057,221061,4,1
221056,221057,221061,4,1
221056,221057,221061,4,1
221056,221057,221061,4,1
221056,221057,221061,4,1
221056,221056,221062,6,0
221056,221057,221063,6,1
221056,221057,221063,6,1
221056,221057,221063,6,1
221056,221057,221064,7,1
221056,221057,221065,8,1
221056,221057,221065,8,1
221056,221057,221065,8,1
221056,221057,221066,9,1
221056,221057,221066,9,1
221056,221057,221066,9,1
221056,221056,221067,11,0
221056,221057,221066,9,1
221078,221078,221079,1,0
221078,221078,221079,1,0
221078,221078,221079,1,0
221078,221078,221081,3,0
221078,221078,221081,3,0
221078,221078,221081,3,0
221078,221078,221080,2,0
221078,221078,221080,2,0
221078,221078,221082,4,0
221078,221078,221081,3,0
221078,221078,221081,3,0
221078,221078,221081,3,0
221078,221078,221082,4,0
221078,221078,221082,4,0
221078,221078,221082,4,0
221078,221078,221082,4,0
221078,221078,221084,6,0
221078,221078,221083,5,0
221078,221078,221083,5,0
221078,221078,221083,5,0
221078,221078,221084,6,0
221078,221078,221084,6,0
221078,221078,221085,7,0
221078,221078,221086,8,0
221078,221078,221085,7,0
221078,221078,221086,8,0
221078,221078,221087,9,0
221078,221078,221087,9,0
221078,221078,221088,10,0
221078,221078,221087,9,0
221078,221078,221088,10,0
221100,221100,221102,2,0
221100,221100,221102,2,0
221100,221100,221101,1,0
221100,221100,221103,3,0
221100,221100,221102,2,0
221100,221100,221103,3,0
221100,221100,221103,3,0
221100,221100,221104,4,0
221100,221100,221103,3,0
221100,221100,221103,3,0
221100,221100,221103,3,0
221100,221100,221103,3,0
221100,221100,221103,3,0
221100,221100,221104,4,0
221100,221100,221104,4,0
221100,221100,221105,5,0
221100,221100,221104,4,0
221100,221100,221104,4,0
221100,221100,221104,4,0
221100,221100,221105,5,0
221100,221100,221107,7,0
221100,221100,221107,7,0
221100,221100,221107,7,0
221100,221100,221108,8,0
221100,221100,221108,8,0
221100,221100,221109,9,0
221100,221100,221109,9,0
221100,221100,221109,9,0
221100,221100,221110,10,0
221100,221100,221110,10,0
221100,221100,221115,15,0
221127,221127,221128,1,0
221127,221127,221128,1,0
221127,221127,221128,1,0
221127,221127,221130,3,0
221127,221127,221130,3,0
221127,221127,221130,3,0
221127,221127,221130,3,0
221127,221127,221130,3,0
221127,221127,221131,4,0
221127,221127,221131,4,0
221127,221127,221131,4,0
221127,221127,221132,5,0
221127,221127,221131,4,0
221127,221127,221132,5,0
221127,221127,221131,4,0
221127,221127,221131,4,0
221127,221127,221131,4,0
221127,221127,221131,4,0
221127,221127,221133,6,0
221127,221127,221135,8,0
221127,221127,221135,8,0
221127,221127,221135,8,0
221127,221127,221134,7,0
221127,221127,221134,7,0
221127,221127,221134,7,0
221127,221127,221135,8,0
221127,221127,221136,9,0
221127,221127,221136,9,0
221127,221127,221137,10,0
221127,221127,221137,10,0
221127,221127,221137,10,0
221149,221149,221150,1,0
221149,221149,221151,2,0
221149,221149,221150,1,0
221149,221149,221151,2,0
221149,221149,221152,3,0
221149,221149,221152,3,0
221149,221149,221153,4,0
221149,221149,221153,4,0
221149,221149,221152,3,0
221149,221149,221153,4,0
221149,221149,221152,3,0
221149,221149,221153,4,0
221149,221149,221153,4,0
221149,221149,221154,5,0
221149,221149,221153,4,0
221149,221149,221154,5,0
221149,221149,221154,5,0
221149,221149,221154,5,0
221149,221149,221153,4,0
221149,221149,221154,5,0
221149,221149,221154,5,0
221149,221149,221156,7,0
221149,221149,221157,8,0
221149,221149,221157,8,0
221149,221149,221158,9,0
221149,221149,221157,8,0
221149,221149,221158,9,0
221149,221149,221158,9,0
221149,221149,221158,9,0
221149,221149,221161,12,0
221149,221149,221163,14,0
220691,220692,221166,474,1
221175,221175,221177,2,0
221175,221175,221177,2,0
221175,221175,221176,1,0
221175,221175,221178,3,0
221175,221175,221178,3,0
221175,221175,221177,2,0
221175,221175,221178,3,0
221175,221175,221178,3,0
221175,221175,221178,3,0
221175,221175,221178,3,0
221175,221175,221178,3,0
221175,221175,221179,4,0
221175,221175,221179,4,0
221175,221175,221179,4,0
221175,221175,221180,5,0
221175,221175,221180,5,0
221175,221175,221180,5,0
221175,221175,221181,6,0
221175,221175,221182,7,0
221175,221175,221182,7,0
221175,221175,221182,7,0
221175,221175,221183,8,0
221175,221175,221182,7,0
221175,221175,221182,7,0
221175,221175,221182,7,0
221175,221175,221182,7,0
221175,221175,221184,9,0
221175,221175,221184,9,0
221175,221175,221184,9,0
221175,221175,221184,9,0
221175,221175,221184,9,0
221196,221196,221198,2,0
221196,221196,221198,2,0
221196,221196,221198,2,0
221196,221196,221199,3,0
221196,221196,221199,3,0
221196,221196,221199,3,0
221196,221196,221200,4,0
221196,221196,221199,3,0
221196,221196,221200,4,0
221196,221196,221199,3,0
221196,221196,221200,4,0
221196,221196,221199,3,0
221196,221196,221200,4,0
221196,221196,221200,4,0
221196,221196,221201,5,0
221196,221196,221202,6,0
221196,221196,221202,6,0
221196,221196,221203,7,0
221196,221196,221202,6,0
221196,221196,221203,7,0
221196,221196,221204,8,0
221196,221196,221204,8,0
221196,221196,221204,8,0
221196,221196,221204,8,0
221196,221196,221204,8,0
221196,221196,221204,8,0
221196,221196,221206,10,0
221196,221196,221206,10,0
221196,221196,221206,10,0
221196,221196,221206,10,0
221196,221196,221207,11,0
221219,221219,221220,1,0
221219,221219,221220,1,0
221219,221219,221220,1,0
221219,221219,221221,2,0
221219,221219,221221,2,0
221219,221219,221221,2,0
221219,221219,221221,2,0
221219,221219,221222,3,0
221219,221219,221222,3,0
221219,221219,221222,3,0
221219,221219,221222,3,0
221219,221219,221223,4,0
221219,221219,221223,4,0
221219,221219,221223,4,0
221219,221219,221223,4,0
221219,221219,221223,4,0
221219,221219,221223,4,0
221219,221219,221223,4,0
221219,221219,221225,6,0
221219,221219,221225,6,0
221219,221219,221226,7,0
221219,221219,221226,7,0
221219,221219,221226,7,0
221219,221219,221227,8,0
221219,221219,221227,8,0
221219,221219,221228,9,0
221219,221219,221228,9,0
221219,221219,221228,9,0
221219,221219,221228,9,0
221219,221219,221228,9,0
221219,221219,221231,12,0
221245,221245,221246,1,0
221245,221245,221246,1,0
221245,221245,221246,1,0
221245,221245,221247,2,0
221245,221245,221247,2,0
221245,221245,221248,3,0
221245,221245,221248,3,0
221245,221245,221248,3,0
221245,221245,221249,4,0
221245,221245,221248,3,0
221245,221245,221248,3,0
221245,221245,221248,3,0
221245,221245,221248,3,0
221245,221245,221249,4,0
221245,221245,221249,4,0
221245,221245,221250,5,0
221245,221245,221249,4,0
221245,221245,221249,4,0
221245,221245,221251,6,0
221245,221245,221251,6,0
221245,221245,221253,8,0
221245,221245,221253,8,0
221245,221245,221255,10,0
221245,221245,221254,9,0
221245,221245,221255,10,0
221245,221245,221254,9,0
221245,221245,221254,9,0
221245,221245,221255,10,0
221245,221245,221255,10,0
221245,221245,221255,10,0
221245,221245,221255,10,0
221268,221268,221269,1,0
221268,221268,221269,1,0
221268,221268,221269,1,0
221268,221268,221270,2,0
221268,221268,221271,3,0
221268,221268,221271,3,0
221268,221268,221271,3,0
221268,221268,221271,3,0
221268,221268,221272,4,0
221268,221268,221271,3,0
221268,221268,221271,3,0
221268,221268,221272,4,0
221268,221268,221272,4,0
221268,221268,221273,5,0
221268,221268,221272,4,0
221268,221268,221272,4,0
221268,221268,221273,5,0
221268,221268,221274,6,0
221268,221268,221274,6,0
221268,221268,221274,6,0
221268,221268,221276,8,0
221268,221268,221277,9,0
221268,221268,221278,10,0
221268,221268,221277,9,0
221268,221268,221277,9,0
221268,221268,221277,9,0
221268,221268,221278,10,0
221268,221268,221278,10,0
221268,221268,221279,11,0
221268,221268,221280,12,0
221268,221268,221282,14,0
221294,221294,221295,1,0
221294,221294,221295,1,0
221294,221294,221296,2,0
221294,221294,221297,3,0
221294,221294,221296,2,0
221294,221294,221297,3,0
221294,221294,221298,4,0
221294,221294,221298,4,0
221294,221294,221297,3,0
221294,221294,221298,4,0
221294,221294,221298,4,0
221294,221294,221298,4,0
221294,221294,221297,3,0
221294,221294,221298,4,0
221294,221294,221299,5,0
221294,221294,221299,5,0
221294,221294,221299,5,0
221294,221294,221299,5,0
221294,221294,221300,6,0
221294,221294,221300,6,0
221294,221294,221300,6,0
221294,221294,221299,5,0
221294,221294,221301,7,0
221294,221294,221301,7,0
221294,221294,221301,7,0
221294,221294,221301,7,0
221294,221294,221303,9,0
221294,221294,221304,10,0
221294,221294,221304,10,0
221294,221294,221304,10,0
221294,221294,221307,13,0
221320,221321,221322,1,1
221320,221321,221322,1,1
221320,221321,221322,1,1
221320,221321,221322,1,1
221320,221321,221324,3,1
221320,221321,221323,2,1
221320,221321,221323,2,1
221320,221321,221324,3,1
221320,221321,221324,3,1
221320,221321,221324,3,1
221320,221321,221324,3,1
221320,221321,221324,3,1
221320,221321,221324,3,1
221320,221321,221324,3,1
221320,221321,221325,4,1
221320,221321,221326,5,1
221320,221321,221326,5,1
221320,221321,221326,5,1
221320,221321,221327,6,1
221320,221321,221326,5,1
221320,221321,221326,5,1
221320,221321,221327,6,1
221320,221321,221327,6,1
221320,221321,221327,6,1
221320,221321,221327,6,1
221320,221321,221328,7,1
221320,221321,221329,8,1
221320,221321,221330,9,1
221320,221321,221330,9,1
221320,221321,221330,9,1
221320,221321,221335,14,1
221346,221347,221348,1,1
221346,221347,221348,1,1
221346,221347,221348,1,1
221346,221347,221349,2,1
221346,221347,221349,2,1
221346,221347,221349,2,1
221346,221347,221349,2,1
221346,221347,221350,3,1
221346,221347,221350,3,1
221346,221347,221350,3,1
221346,221347,221351,4,1
221346,221347,221350,3,1
221346,221347,221350,3,1
221346,221347,221350,3,1
221346,221347,221350,3,1
221346,221347,221351,4,1
221346,221347,221352,5,1
221346,221347,221351,4,1
221346,221347,221351,4,1
221346,221347,221352,5,1
221346,221347,221352,5,1
221346,221347,221352,5,1
221346,221347,221352,5,1
221346,221347,221353,6,1
221346,221347,221353,6,1
221346,221347,221353,6,1
221346,221347,221353,6,1
221346,221347,221357,10,1
221346,221347,221356,9,1
221346,221347,221356,9,1
221346,221347,221357,10,1
221369,221369,221371,2,0
221369,221369,221371,2,0
221369,221369,221371,2,0
221369,221369,221372,3,0
221369,221370,221372,2,1
221369,221370,221372,2,1
221369,221369,221373,4,0
221369,221369,221373,4,0
221369,221369,221373,4,0
221369,221369,221373,4,0
221369,221369,221373,4,0
221369,221369,221373,4,0
221369,221369,221374,5,0
221369,221369,221374,5,0
221369,221369,221374,5,0
221369,221369,221374,5,0
221369,221369,221374,5,0
221369,221370,221374,4,1
221369,221369,221375,6,0
221369,221369,221375,6,0
221369,221369,221375,6,0
221369,221369,221375,6,0
221369,221369,221376,7,0
221369,221369,221376,7,0
221369,221369,221376,7,0
221369,221369,221376,7,0
221369,221369,221377,8,0
221369,221369,221377,8,0
221369,221369,221378,9,0
221369,221369,221379,10,0
221369,221369,221379,10,0
221391,221391,221392,1,0
221391,221391,221392,1,0
221391,221391,221392,1,0
221391,221391,221393,2,0
221391,221391,221394,3,0
221391,221391,221394,3,0
221391,221391,221393,2,0
221391,221391,221394,3,0
221391,221391,221394,3,0
221391,221391,221394,3,0
221391,221391,221394,3,0
221391,221391,221394,3,0
221391,221391,221394,3,0
221391,221391,221396,5,0
221391,221391,221395,4,0
221391,221391,221395,4,0
221391,221391,221396,5,0
221391,221391,221396,5,0
221391,221391,221396,5,0
221391,221391,221396,5,0
221391,221391,221398,7,0
221391,221391,221398,7,0
221391,221391,221397,6,0
221391,221391,221397,6,0
221391,221391,221397,6,0
221391,221391,221398,7,0
221391,221391,221399,8,0
221391,221391,221400,9,0
221391,221391,221399,8,0
221391,221391,221401,10,0
221391,221391,221400,9,0
221412,221413,221414,1,1
221412,221413,221414,1,1
221412,221413,221414,1,1
221412,221413,221415,2,1
221412,221413,221415,2,1
221412,221413,221416,3,1
221412,221413,221416,3,1
221412,221413,221416,3,1
221412,221413,221417,4,1
221412,221413,221416,3,1
221412,221413,221416,3,1
221412,221413,221416,3,1
221412,221413,221416,3,1
221412,221413,221417,4,1
221412,221413,221417,4,1
221412,221413,221418,5,1
221412,221413,221418,5,1
221412,221413,221418,5,1
221412,221413,221418,5,1
221412,221413,221418,5,1
221412,221413,221418,5,1
221412,221413,221418,5,1
221412,221413,221419,6,1
221412,221413,221419,6,1
221412,221413,221419,6,1
221412,221413,221420,7,1
221412,221413,221420,7,1
221412,221413,221422,9,1
221412,221413,221422,9,1
221412,221413,221422,9,1
221412,221413,221429,16,1
221441,221441,221442,1,0
221441,221441,221442,1,0
221441,221441,221443,2,0
221441,221441,221444,3,0
221441,221441,221443,2,0
221441,221441,221444,3,0
221441,221441,221445,4,0
221441,221441,221444,3,0
221441,221441,221444,3,0
221441,221441,221444,3,0
221441,221441,221444,3,0
221441,221441,221444,3,0
221441,221441,221445,4,0
221441,221441,221445,4,0
221441,221441,221446,5,0
221441,221441,221446,5,0
221441,221441,221446,5,0
221441,221441,221445,4,0
221441,221441,221445,4,0
221441,221441,221446,5,0
221441,221441,221447,6,0
221441,221441,221447,6,0
221441,221441,221447,6,0
221441,221441,221446,5,0
221441,221441,221447,6,0
221441,221441,221448,7,0
221441,221441,221447,6,0
221441,221441,221448,7,0
221441,221441,221449,8,0
221441,221441,221451,10,0
221441,221441,221451,10,0
221462,221463,221464,1,1
221462,221463,221464,1,1
221462,221463,221464,1,1
221462,221463,221465,2,1
221462,221463,221465,2,1
221462,221463,221466,3,1
221462,221463,221465,2,1
221462,221463,221466,3,1
221462,221463,221466,3,1
221462,221463,221466,3,1
221462,221463,221466,3,1
221462,221463,221466,3,1
221462,221463,221467,4,1
221462,221463,221467,4,1
221462,221463,221467,4,1
221462,221463,221467,4,1
221462,221463,221467,4,1
221462,221463,221468,5,1
221462,221463,221468,5,1
221462,221463,221468,5,1
221462,221463,221468,5,1
221462,221463,221468,5,1
221462,221463,221468,5,1
221462,221463,221469,6,1
221462,221463,221468,5,1
221462,221463,221469,6,1
221462,221463,221469,6,1
221462,221463,221470,7,1
221462,221463,221470,7,1
221462,221463,221472,9,1
221462,221463,221472,9,1
221484,221485,221486,1,1
221484,221485,221486,1,1
221484,221485,221486,1,1
221484,221485,221487,2,1
221484,221485,221488,3,1
221484,221485,221487,2,1
221484,221485,221487,2,1
221484,221485,221487,2,1
221484,221485,221488,3,1
221484,221485,221488,3,1
221484,221485,221488,3,1
221484,221485,221488,3,1
221484,221485,221488,3,1
221484,221485,221488,3,1
221484,221485,221489,4,1
221484,221485,221490,5,1
221484,221485,221490,5,1
221484,221485,221490,5,1
221484,221485,221491,6,1
221484,221485,221490,5,1
221484,221485,221490,5,1
221484,221485,221491,6,1
221484,221485,221491,6,1
221484,221485,221489,4,1
221484,221485,221491,6,1
221484,221485,221492,7,1
221484,221485,221492,7,1
221484,221485,221493,8,1
221484,221485,221494,9,1
221484,221485,221495,10,1
221484,221485,221494,9,1
221506,221506,221507,1,0
221506,221506,221507,1,0
221506,221506,221508,2,0
221506,221506,221507,1,0
221506,221506,221509,3,0
221506,221506,221509,3,0
221506,221506,221509,3,0
221506,221506,221508,2,0
221506,221506,221509,3,0
221506,221506,221510,4,0
221506,221506,221510,4,0
221506,221506,221509,3,0
221506,221506,221510,4,0
221506,221506,221509,3,0
221506,221506,221509,3,0
221506,221506,221511,5,0
221506,221506,221510,4,0
221506,221506,221511,5,0
221506,221506,221511,5,0
221506,221506,221511,5,0
221506,221506,221512,6,0
221506,221506,221512,6,0
221506,221506,221511,5,0
221506,221506,221512,6,0
221506,221506,221513,7,0
221506,221506,221512,6,0
221506,221506,221513,7,0
221506,221506,221515,9,0
221506,221506,221514,8,0
221506,221506,221516,10,0
221506,221506,221516,10,0
221528,221528,221529,1,0
221528,221528,221530,2,0
221528,221528,221529,1,0
221528,221528,221531,3,0
221528,221528,221531,3,0
221528,221528,221531,3,0
221528,221528,221531,3,0
221528,221528,221531,3,0
221528,221528,221531,3,0
221528,221528,221531,3,0
221528,221528,221532,4,0
221528,221528,221532,4,0
221528,221528,221532,4,0
221528,221528,221532,4,0
221528,221528,221532,4,0
221528,221528,221533,5,0
221528,221528,221533,5,0
221528,221528,221532,4,0
221528,221528,221533,5,0
221528,221528,221533,5,0
221528,221528,221533,5,0
221528,221528,221534,6,0
221528,221528,221534,6,0
221528,221528,221534,6,0
221528,221528,221534,6,0
221528,221528,221534,6,0
221528,221528,221535,7,0
221528,221528,221535,7,0
221528,221528,221536,8,0
221528,221528,221538,10,0
221528,221528,221538,10,0
221550,221550,221551,1,0
221550,221550,221551,1,0
221550,221550,221551,1,0
221550,221550,221553,3,0
221550,221550,221552,2,0
221550,221550,221553,3,0
221550,221550,221553,3,0
221550,221550,221553,3,0
221550,221550,221553,3,0
221550,221550,221553,3,0
221550,221550,221554,4,0
221550,221550,221553,3,0
221550,221550,221555,5,0
221550,221550,221554,4,0
221550,221550,221555,5,0
221550,221550,221555,5,0
221550,221550,221554,4,0
221550,221550,221554,4,0
221550,221550,221556,6,0
221550,221550,221556,6,0
221550,221550,221555,5,0
221550,221550,221555,5,0
221550,221550,221556,6,0
221550,221550,221556,6,0
221550,221550,221557,7,0
221550,221550,221556,6,0
221550,221550,221557,7,0
221550,221550,221557,7,0
221550,221550,221557,7,0
221550,221550,221557,7,0
221550,221550,221560,10,0
221572,221572,221573,1,0
221572,221572,221573,1,0
221572,221572,221573,1,0
221572,221572,221574,2,0
221572,221572,221575,3,0
221572,221572,221574,2,0
221572,221572,221575,3,0
221572,221572,221575,3,0
221572,221572,221576,4,0
221572,221572,221575,3,0
221572,221572,221576,4,0
221572,221572,221576,4,0
221572,221572,221576,4,0
221572,221572,221575,3,0
221572,221572,221577,5,0
221572,221572,221576,4,0
221572,221572,221577,5,0
221572,221572,221577,5,0
221572,221572,221577,5,0
221572,221572,221576,4,0
221572,221572,221577,5,0
221572,221572,221578,6,0
221572,221572,221578,6,0
221572,221572,221577,5,0
221572,221572,221577,5,0
221572,221572,221578,6,0
221572,221572,221578,6,0
221572,221572,221578,6,0
221572,221572,221579,7,0
221572,221572,221581,9,0
221572,221572,221582,10,0
221595,221595,221596,1,0
221595,221595,221596,1,0
221595,221595,221596,1,0
221595,221595,221597,2,0
221595,221595,221597,2,0
221595,221595,221597,2,0
221595,221595,221597,2,0
221595,221595,221598,3,0
221595,221595,221598,3,0
221595,221595,221598,3,0
221595,221595,221598,3,0
221595,221595,221598,3,0
221595,221595,221598,3,0
221595,221595,221598,3,0
221595,221595,221598,3,0
221595,221595,221599,4,0
221595,221595,221599,4,0
221595,221595,221599,4,0
221595,221595,221599,4,0
221595,221595,221600,5,0
221595,221595,221600,5,0
221595,221595,221600,5,0
221595,221595,221600,5,0
221595,221595,221600,5,0
221595,221595,221601,6,0
221595,221595,221601,6,0
221595,221595,221602,7,0
221595,221595,221602,7,0
221595,221595,221602,7,0
221595,221595,221604,9,0
221595,221595,221605,10,0
221617,221617,221619,2,0
221617,221617,221619,2,0
221617,221617,221619,2,0
221617,221618,221620,2,1
221617,221618,221620,2,1
221617,221618,221620,2,1
221617,221617,221621,4,0
221617,221617,221621,4,0
221617,221618,221621,3,1
221617,221618,221621,3,1
221617,221618,221621,3,1
221617,221618,221621,3,1
221617,221618,221621,3,1
221617,221618,221621,3,1
221617,221617,221622,5,0
221617,221617,221622,5,0
221617,221618,221622,4,1
221617,221617,221622,5,0
221617,221617,221622,5,0
221617,221617,221622,5,0
221617,221617,221622,5,0
221617,221617,221623,6,0
221617,221617,221624,7,0
221617,221618,221625,7,1
221617,221618,221625,7,1
221617,221617,221625,8,0
221617,221617,221626,9,0
221617,221617,221627,10,0
221617,221617,221627,10,0
221617,221617,221627,10,0
221617,221617,221628,11,0
221640,221640,221641,1,0
221640,221640,221641,1,0
221640,221640,221641,1,0
221640,221640,221642,2,0
221640,221640,221643,3,0
221640,221640,221643,3,0
221640,221640,221643,3,0
221640,221640,221644,4,0
221640,221640,221643,3,0
221640,221640,221643,3,0
221640,221640,221644,4,0
221640,221640,221644,4,0
221640,221640,221643,3,0
221640,221640,221644,4,0
221640,221640,221644,4,0
221640,221640,221644,4,0
221640,221640,221644,4,0
221640,221640,221645,5,0
221640,221640,221645,5,0
221640,221640,221645,5,0
221640,221640,221646,6,0
221640,221640,221646,6,0
221640,221640,221647,7,0
221640,221640,221647,7,0
221640,221640,221648,8,0
221173,221174,221649,475,1
221640,221640,221649,9,0
221640,221640,221648,8,0
221640,221640,221649,9,0
221640,221640,221650,10,0
221640,221640,221650,10,0
221640,221640,221650,10,0
221662,221662,221664,2,0
221662,221662,221663,1,0
221662,221662,221663,1,0
221662,221662,221664,2,0
221662,221662,221665,3,0
221662,221662,221665,3,0
221662,221662,221665,3,0
221662,221662,221666,4,0
221662,221662,221666,4,0
221662,221662,221666,4,0
221662,221662,221665,3,0
221662,221662,221666,4,0
221662,221662,221666,4,0
221662,221662,221666,4,0
221662,221662,221666,4,0
221662,221662,221666,4,0
221662,221662,221667,5,0
221662,221662,221667,5,0
221662,221662,221667,5,0
221662,221662,221667,5,0
221662,221662,221668,6,0
221662,221662,221668,6,0
221662,221662,221669,7,0
221662,221662,221669,7,0
221662,221662,221669,7,0
221662,221662,221669,7,0
221662,221662,221670,8,0
221662,221662,221671,9,0
221662,221662,221672,10,0
221662,221662,221673,11,0
221662,221662,221678,16,0
221690,221690,221691,1,0
221690,221690,221691,1,0
221690,221690,221691,1,0
221690,221690,221692,2,0
221690,221690,221692,2,0
221690,221690,221692,2,0
221690,221690,221693,3,0
221690,221690,221693,3,0
221690,221690,221693,3,0
221690,221690,221693,3,0
221690,221690,221693,3,0
221690,221690,221694,4,0
221690,221690,221693,3,0
221690,221690,221694,4,0
221690,221690,221693,3,0
221690,221690,221694,4,0
221690,221690,221693,3,0
221690,221690,221693,3,0
221690,221690,221694,4,0
221690,221690,221693,3,0
221690,221690,221694,4,0
221690,221690,221694,4,0
221690,221690,221695,5,0
221690,221690,221695,5,0
221690,221690,221696,6,0
221690,221690,221696,6,0
221690,221690,221699,9,0
221690,221690,221698,8,0
221690,221690,221699,9,0
221690,221690,221700,10,0
221690,221690,221702,12,0
221715,221715,221716,1,0
221715,221715,221717,2,0
221715,221715,221716,1,0
221715,221715,221716,1,0
221715,221715,221717,2,0
221715,221715,221717,2,0
221715,221715,221717,2,0
221715,221715,221718,3,0
221715,221715,221717,2,0
221715,221715,221717,2,0
221715,221715,221717,2,0
221715,221715,221718,3,0
221715,221715,221718,3,0
221715,221715,221718,3,0
221715,221715,221719,4,0
221715,221715,221718,3,0
221715,221715,221718,3,0
221715,221715,221718,3,0
221715,221715,221718,3,0
221715,221715,221719,4,0
221715,221715,221718,3,0
221715,221715,221719,4,0
221715,221715,221719,4,0
221715,221715,221719,4,0
221715,221715,221719,4,0
221715,221715,221720,5,0
221715,221715,221720,5,0
221715,221715,221720,5,0
221715,221715,221721,6,0
221715,221715,221721,6,0
221715,221715,221722,7,0
221734,221734,221735,1,0
221734,221734,221735,1,0
221734,221734,221735,1,0
221734,221734,221736,2,0
221734,221734,221737,3,0
221734,221734,221737,3,0
221734,221734,221736,2,0
221734,221734,221736,2,0
221734,221734,221737,3,0
221734,221734,221737,3,0
221734,221734,221738,4,0
221734,221734,221738,4,0
221734,221734,221738,4,0
221734,221734,221737,3,0
221734,221734,221737,3,0
221734,221734,221737,3,0
221734,221734,221737,3,0
221734,221734,221737,3,0
221734,221734,221738,4,0
221734,221734,221738,4,0
221734,221734,221739,5,0
221734,221734,221739,5,0
221734,221734,221739,5,0
221734,221734,221739,5,0
221734,221734,221739,5,0
221734,221734,221740,6,0
221734,221734,221740,6,0
221734,221734,221740,6,0
221734,221734,221741,7,0
221734,221734,221740,6,0
221734,221734,221742,8,0
221753,221754,221755,1,1
221753,221754,221755,1,1
221753,221754,221755,1,1
221753,221754,221755,1,1
221753,221754,221757,3,1
221753,221754,221756,2,1
221753,221754,221756,2,1
221753,221754,221756,2,1
221753,221754,221757,3,1
221753,221754,221757,3,1
221753,221754,221757,3,1
221753,221754,221757,3,1
221753,221754,221757,3,1
221753,221754,221757,3,1
221753,221754,221757,3,1
221753,221754,221757,3,1
221753,221754,221757,3,1
221753,221754,221757,3,1
221753,221754,221757,3,1
221753,221754,221757,3,1
221753,221754,221757,3,1
221753,221754,221758,4,1
221753,221754,221758,4,1
221753,221754,221758,4,1
221753,221754,221758,4,1
221753,221754,221758,4,1
221753,221754,221759,5,1
221753,221754,221759,5,1
221753,221754,221759,5,1
221753,221754,221760,6,1
221772,221773,221774,1,1
221772,221773,221774,1,1
221772,221773,221774,1,1
221772,221773,221774,1,1
221772,221773,221775,2,1
221772,221773,221775,2,1
221772,221773,221775,2,1
221772,221773,221775,2,1
221772,221773,221775,2,1
221772,221773,221776,3,1
221772,221773,221775,2,1
221772,221773,221775,2,1
221772,221773,221776,3,1
221772,221773,221776,3,1
221772,221773,221776,3,1
221772,221773,221776,3,1
221772,221773,221777,4,1
221772,221773,221776,3,1
221772,221773,221776,3,1
221772,221773,221776,3,1
221772,221773,221777,4,1
221772,221773,221778,5,1
221772,221773,221777,4,1
221772,221773,221778,5,1
221772,221773,221778,5,1
221772,221773,221778,5,1
221772,221773,221778,5,1
221772,221773,221778,5,1
221772,221773,221778,5,1
221772,221773,221778,5,1
221772,221773,221781,8,1
221793,221793,221794,1,0
221793,221793,221795,2,0
221793,221793,221795,2,0
221793,221793,221794,1,0
221793,221793,221795,2,0
221793,221793,221795,2,0
221793,221793,221796,3,0
221793,221793,221795,2,0
221793,221793,221796,3,0
221793,221793,221796,3,0
221793,221793,221796,3,0
221793,221793,221795,2,0
221793,221793,221796,3,0
221793,221793,221797,4,0
221793,221793,221797,4,0
221793,221793,221797,4,0
221793,221793,221797,4,0
221793,221793,221796,3,0
221793,221793,221797,4,0
221793,221793,221796,3,0
221793,221793,221796,3,0
221793,221793,221796,3,0
221793,221793,221797,4,0
221793,221793,221797,4,0
221793,221793,221798,5,0
221793,221793,221798,5,0
221793,221793,221797,4,0
221793,221793,221798,5,0
221793,221793,221799,6,0
221793,221793,221799,6,0
221793,221793,221802,9,0
221814,221814,221815,1,0
221814,221814,221815,1,0
221814,221814,221815,1,0
221814,221814,221815,1,0
221814,221814,221815,1,0
221814,221814,221816,2,0
221814,221814,221817,3,0
221814,221814,221817,3,0
221814,221814,221816,2,0
221814,221814,221816,2,0
221814,221814,221816,2,0
221814,221814,221817,3,0
221814,221814,221817,3,0
221814,221814,221817,3,0
221814,221814,221817,3,0
221814,221814,221817,3,0
221814,221814,221817,3,0
221814,221814,221818,4,0
221814,221814,221818,4,0
221814,221814,221819,5,0
221814,221814,221818,4,0
221814,221814,221818,4,0
221814,221814,221818,4,0
221814,221814,221818,4,0
221814,221814,221819,5,0
221814,221814,221819,5,0
221814,221814,221819,5,0
221814,221814,221819,5,0
221814,221814,221821,7,0
221814,221814,221822,8,0
221834,221834,221835,1,0
221834,221834,221835,1,0
221834,221834,221835,1,0
221834,221834,221836,2,0
221834,221834,221837,3,0
221834,221834,221836,2,0
221834,221834,221837,3,0
221834,221834,221837,3,0
221834,221834,221837,3,0
221834,221834,221836,2,0
221834,221834,221837,3,0
221834,221834,221837,3,0
221834,221834,221836,2,0
221834,221834,221837,3,0
221834,221834,221836,2,0
221834,221834,221837,3,0
221834,221834,221837,3,0
221834,221834,221838,4,0
221834,221834,221837,3,0
221834,221834,221837,3,0
221834,221834,221838,4,0
221834,221834,221838,4,0
221834,221834,221839,5,0
221834,221834,221839,5,0
221834,221834,221838,4,0
221834,221834,221839,5,0
221834,221834,221839,5,0
221834,221834,221839,5,0
221834,221834,221840,6,0
221834,221834,221840,6,0
221834,221834,221840,6,0
221852,221852,221853,1,0
221852,221852,221853,1,0
221852,221852,221854,2,0
221852,221852,221853,1,0
221852,221852,221855,3,0
221852,221852,221855,3,0
221852,221852,221855,3,0
221852,221852,221854,2,0
221852,221852,221855,3,0
221852,221852,221855,3,0
221852,221852,221856,4,0
221852,221852,221855,3,0
221852,221852,221856,4,0
221852,221852,221855,3,0
221852,221852,221856,4,0
221852,221852,221855,3,0
221852,221852,221856,4,0
221852,221852,221855,3,0
221852,221852,221856,4,0
221852,221852,221855,3,0
221852,221852,221856,4,0
221852,221852,221856,4,0
221852,221852,221856,4,0
221852,221852,221857,5,0
221852,221852,221856,4,0
221852,221852,221856,4,0
221852,221852,221857,5,0
221852,221852,221857,5,0
221852,221852,221858,6,0
221852,221852,221859,7,0
221852,221852,221860,8,0
221871,221871,221872,1,0
221871,221871,221872,1,0
221871,221871,221873,2,0
221871,221871,221872,1,0
221871,221871,221873,2,0
221871,221871,221873,2,0
221871,221871,221874,3,0
221871,221871,221874,3,0
221871,221871,221874,3,0
221871,221871,221874,3,0
221871,221871,221875,4,0
221871,221871,221875,4,0
221871,221871,221875,4,0
221871,221871,221875,4,0
221871,221871,221875,4,0
221871,221871,221875,4,0
221871,221871,221875,4,0
221871,221871,221875,4,0
221871,221871,221875,4,0
221871,221871,221875,4,0
221871,221871,221876,5,0
221871,221871,221876,5,0
221871,221871,221876,5,0
221871,221871,221876,5,0
221871,221871,221877,6,0
221871,221871,221877,6,0
221871,221871,221878,7,0
221871,221871,221877,6,0
221871,221871,221881,10,0
221871,221871,221882,11,0
221871,221871,221883,12,0
221895,221895,221896,1,0
221895,221895,221896,1,0
221895,221895,221897,2,0
221895,221895,221897,2,0
221895,221895,221897,2,0
221895,221895,221897,2,0
221895,221895,221898,3,0
221895,221895,221898,3,0
221895,221895,221898,3,0
221895,221895,221898,3,0
221895,221895,221897,2,0
221895,221895,221898,3,0
221895,221895,221898,3,0
221895,221895,221898,3,0
221895,221895,221898,3,0
221895,221895,221899,4,0
221895,221895,221899,4,0
221895,221895,221899,4,0
221895,221895,221898,3,0
221895,221895,221898,3,0
221895,221895,221898,3,0
221895,221895,221899,4,0
221895,221895,221899,4,0
221895,221895,221899,4,0
221895,221895,221900,5,0
221895,221895,221901,6,0
221895,221895,221901,6,0
221895,221895,221901,6,0
221895,221895,221904,9,0
221895,221895,221904,9,0
221895,221895,221905,10,0
221917,221917,221918,1,0
221917,221917,221919,2,0
221917,221917,221919,2,0
221917,221917,221918,1,0
221917,221917,221918,1,0
221917,221917,221918,1,0
221917,221917,221919,2,0
221917,221917,221919,2,0
221917,221917,221920,3,0
221917,221917,221920,3,0
221917,221917,221920,3,0
221917,221917,221920,3,0
221917,221917,221920,3,0
221917,221917,221919,2,0
221917,221917,221920,3,0
221917,221917,221921,4,0
221917,221917,221920,3,0
221917,221917,221920,3,0
221917,221917,221921,4,0
221917,221917,221920,3,0
221917,221917,221922,5,0
221917,221917,221921,4,0
221917,221917,221921,4,0
221917,221917,221922,5,0
221917,221917,221921,4,0
221917,221917,221923,6,0
221917,221917,221923,6,0
221917,221917,221922,5,0
221917,221917,221923,6,0
221917,221917,221923,6,0
221917,221917,221923,6,0
221935,221936,221937,1,1
221935,221936,221937,1,1
221935,221936,221937,1,1
221935,221936,221937,1,1
221935,221936,221937,1,1
221935,221936,221937,1,1
221935,221936,221938,2,1
221935,221936,221938,2,1
221935,221936,221938,2,1
221935,221936,221938,2,1
221935,221936,221938,2,1
221935,221936,221938,2,1
221935,221936,221938,2,1
221935,221936,221938,2,1
221935,221936,221939,3,1
221935,221936,221939,3,1
221935,221936,221939,3,1
221935,221936,221940,4,1
221935,221936,221940,4,1
221935,221936,221940,4,1
221935,221936,221940,4,1
221935,221936,221941,5,1
221935,221936,221942,6,1
221935,221936,221941,5,1
221935,221936,221942,6,1
221935,221936,221942,6,1
221935,221936,221942,6,1
221935,221936,221942,6,1
221935,221936,221942,6,1
221935,221936,221942,6,1
221935,221936,221943,7,1
221955,221955,221956,1,0
221955,221955,221956,1,0
221955,221955,221957,2,0
221955,221955,221956,1,0
221955,221955,221956,1,0
221955,221955,221957,2,0
221955,221955,221957,2,0
221955,221955,221958,3,0
221955,221955,221958,3,0
221955,221955,221958,3,0
221955,221955,221958,3,0
221955,221955,221958,3,0
221955,221955,221959,4,0
221955,221955,221958,3,0
221955,221955,221958,3,0
221955,221955,221958,3,0
221955,221955,221959,4,0
221955,221955,221959,4,0
221955,221955,221958,3,0
221955,221955,221960,5,0
221955,221955,221960,5,0
221955,221955,221960,5,0
221955,221955,221960,5,0
221955,221955,221960,5,0
221955,221955,221960,5,0
221955,221955,221961,6,0
221955,221955,221961,6,0
221955,221955,221961,6,0
221955,221955,221960,5,0
221955,221955,221961,6,0
221955,221955,221963,8,0
221976,221976,221978,2,0
221976,221976,221978,2,0
221976,221976,221977,1,0
221976,221976,221978,2,0
221976,221976,221978,2,0
221976,221976,221977,1,0
221976,221976,221979,3,0
221976,221976,221979,3,0
221976,221976,221979,3,0
221976,221976,221979,3,0
221976,221976,221979,3,0
221976,221976,221979,3,0
221976,221976,221979,3,0
221976,221976,221979,3,0
221976,221976,221980,4,0
221976,221976,221980,4,0
221976,221976,221980,4,0
221976,221976,221980,4,0
221976,221976,221980,4,0
221976,221976,221980,4,0
221976,221976,221980,4,0
221976,221976,221980,4,0
221976,221976,221981,5,0
221976,221976,221981,5,0
221976,221976,221980,4,0
221976,221976,221981,5,0
221976,221976,221980,4,0
221976,221976,221982,6,0
221976,221976,221982,6,0
221976,221976,221983,7,0
221976,221976,221983,7,0
221995,221995,221996,1,0
221995,221995,221996,1,0
221995,221995,221997,2,0
221995,221995,221996,1,0
221995,221995,221996,1,0
221995,221995,221997,2,0
221995,221995,221996,1,0
221995,221995,221998,3,0
221995,221995,221997,2,0
221995,221995,221997,2,0
221995,221995,221997,2,0
221995,221995,221998,3,0
221995,221995,221998,3,0
221995,221995,221998,3,0
221995,221995,221999,4,0
221995,221995,221998,3,0
221995,221995,221998,3,0
221995,221995,221998,3,0
221995,221995,221999,4,0
221995,221995,221998,3,0
221995,221995,221998,3,0
221995,221995,221998,3,0
221995,221995,222000,5,0
221995,221995,222000,5,0
221995,221995,221999,4,0
221995,221995,221999,4,0
221995,221995,222000,5,0
221995,221995,222000,5,0
221995,221995,222000,5,0
221995,221995,222000,5,0
221995,221995,222000,5,0
222013,222013,222014,1,0
222013,222013,222014,1,0
222013,222013,222014,1,0
222013,222013,222014,1,0
222013,222013,222014,1,0
222013,222013,222016,3,0
222013,222013,222016,3,0
222013,222013,222015,2,0
222013,222013,222015,2,0
222013,222013,222015,2,0
222013,222013,222015,2,0
222013,222013,222015,2,0
222013,222013,222015,2,0
222013,222013,222016,3,0
222013,222013,222016,3,0
222013,222013,222016,3,0
222013,222013,222016,3,0
222013,222013,222016,3,0
222013,222013,222016,3,0
222013,222013,222017,4,0
222013,222013,222016,3,0
222013,222013,222016,3,0
222013,222013,222017,4,0
222013,222013,222017,4,0
222013,222013,222018,5,0
222013,222013,222018,5,0
222013,222013,222017,4,0
222013,222013,222017,4,0
222013,222013,222018,5,0
222013,222013,222018,5,0
222013,222013,222022,9,0
222034,222034,222035,1,0
222034,222034,222036,2,0
222034,222034,222036,2,0
222034,222034,222035,1,0
222034,222034,222035,1,0
222034,222034,222035,1,0
222034,222034,222036,2,0
222034,222034,222037,3,0
222034,222034,222037,3,0
222034,222034,222036,2,0
222034,222034,222036,2,0
222034,222034,222037,3,0
222034,222034,222038,4,0
222034,222034,222037,3,0
222034,222034,222038,4,0
222034,222034,222038,4,0
222034,222034,222038,4,0
222034,222034,222038,4,0
222034,222034,222037,3,0
222034,222034,222038,4,0
222034,222034,222037,3,0
222034,222034,222037,3,0
222034,222034,222039,5,0
222034,222034,222038,4,0
222034,222034,222039,5,0
222034,222034,222039,5,0
222034,222034,222039,5,0
222034,222034,222040,6,0
222034,222034,222043,9,0
222034,222034,222043,9,0
222034,222034,222047,13,0
222058,222058,222059,1,0
222058,222058,222060,2,0
222058,222058,222060,2,0
222058,222058,222060,2,0
222058,222058,222060,2,0
222058,222058,222059,1,0
222058,222058,222060,2,0
222058,222058,222060,2,0
222058,222058,222061,3,0
222058,222058,222061,3,0
222058,222058,222061,3,0
222058,222058,222061,3,0
222058,222058,222061,3,0
222058,222058,222061,3,0
222058,222058,222061,3,0
222058,222058,222062,4,0
222058,222058,222062,4,0
222058,222058,222062,4,0
222058,222058,222062,4,0
222058,222058,222062,4,0
222058,222058,222062,4,0
222058,222058,222061,3,0
222058,222058,222062,4,0
222058,222058,222062,4,0
222058,222058,222062,4,0
222058,222058,222062,4,0
222058,222058,222062,4,0
222058,222058,222063,5,0
222058,222058,222063,5,0
222058,222058,222063,5,0
222058,222058,222070,12,0
222082,222082,222083,1,0
222082,222082,222083,1,0
222082,222082,222083,1,0
222082,222082,222083,1,0
222082,222082,222083,1,0
222082,222082,222083,1,0
222082,222082,222083,1,0
222082,222082,222084,2,0
222082,222082,222083,1,0
222082,222082,222085,3,0
222082,222082,222085,3,0
222082,222082,222084,2,0
222082,222082,222084,2,0
222082,222082,222084,2,0
222082,222082,222085,3,0
222082,222082,222084,2,0
222082,222082,222085,3,0
222082,222082,222084,2,0
222082,222082,222084,2,0
222082,222082,222085,3,0
222082,222082,222085,3,0
222082,222082,222085,3,0
222082,222082,222085,3,0
222082,222082,222086,4,0
222082,222082,222086,4,0
222082,222082,222085,3,0
222082,222082,222087,5,0
222082,222082,222087,5,0
222082,222082,222086,4,0
222082,222082,222086,4,0
222082,222082,222087,5,0
222100,222100,222101,1,0
222100,222100,222101,1,0
222100,222100,222102,2,0
222100,222100,222101,1,0
222100,222100,222101,1,0
222100,222100,222102,2,0
222100,222100,222101,1,0
222100,222100,222102,2,0
222100,222100,222102,2,0
222100,222100,222101,1,0
222100,222100,222101,1,0
222100,222100,222103,3,0
222100,222100,222102,2,0
222100,222100,222102,2,0
222100,222100,222103,3,0
222100,222100,222103,3,0
222100,222100,222103,3,0
222100,222100,222103,3,0
222100,222100,222103,3,0
222100,222100,222102,2,0
222100,222100,222102,2,0
222100,222100,222102,2,0
222100,222100,222104,4,0
222100,222100,222103,3,0
222100,222100,222104,4,0
222100,222100,222104,4,0
222100,222100,222105,5,0
222100,222100,222105,5,0
222100,222100,222105,5,0
222100,222100,222107,7,0
222100,222100,222107,7,0
222118,222118,222119,1,0
222118,222118,222119,1,0
222118,222118,222119,1,0
222118,222118,222119,1,0
222118,222118,222119,1,0
222118,222118,222120,2,0
222118,222118,222119,1,0
222118,222118,222120,2,0
222118,222118,222120,2,0
222118,222118,222120,2,0
222118,222118,222121,3,0
222118,222118,222121,3,0
222118,222118,222121,3,0
222118,222118,222121,3,0
222118,222118,222121,3,0
222118,222118,222120,2,0
222118,222118,222120,2,0
222118,222118,222120,2,0
222118,222118,222120,2,0
222118,222118,222120,2,0
222118,222118,222120,2,0
222118,222118,222120,2,0
222118,222118,222120,2,0
222118,222118,222122,4,0
222118,222118,222121,3,0
222118,222118,222121,3,0
222118,222118,222121,3,0
222118,222118,222121,3,0
222118,222118,222121,3,0
222118,222118,222123,5,0
222118,222118,222123,5,0
222135,222135,222137,2,0
222135,222135,222136,1,0
222135,222135,222136,1,0
222135,222135,222136,1,0
222135,222135,222136,1,0
222135,222135,222137,2,0
222135,222135,222136,1,0
222135,222135,222136,1,0
222135,222135,222137,2,0
222135,222135,222136,1,0
222135,222135,222137,2,0
222135,222135,222136,1,0
222135,222135,222138,3,0
222135,222135,222137,2,0
222135,222135,222138,3,0
222135,222135,222138,3,0
222135,222135,222137,2,0
222135,222135,222137,2,0
222135,222135,222137,2,0
222135,222135,222137,2,0
222135,222135,222137,2,0
222135,222135,222138,3,0
222135,222135,222138,3,0
222135,222135,222138,3,0
222135,222135,222138,3,0
222135,222135,222140,5,0
222135,222135,222139,4,0
222135,222135,222139,4,0
222135,222135,222140,5,0
222135,222135,222140,5,0
222135,222135,222140,5,0
221656,221656,222141,485,0
222153,222153,222154,1,0
222153,222153,222154,1,0
222153,222153,222154,1,0
222153,222153,222154,1,0
222153,222153,222154,1,0
222153,222153,222154,1,0
222153,222153,222155,2,0
222153,222153,222155,2,0
222153,222153,222155,2,0
222153,222153,222154,1,0
222153,222153,222154,1,0
222153,222153,222156,3,0
222153,222153,222155,2,0
222153,222153,222155,2,0
222153,222153,222156,3,0
222153,222153,222156,3,0
222153,222153,222155,2,0
222153,222153,222156,3,0
222153,222153,222155,2,0
222153,222153,222156,3,0
222153,222153,222155,2,0
222153,222153,222156,3,0
222153,222153,222155,2,0
222153,222153,222156,3,0
222153,222153,222156,3,0
222153,222153,222156,3,0
222153,222153,222156,3,0
222153,222153,222157,4,0
222153,222153,222156,3,0
222153,222153,222157,4,0
222153,222153,222158,5,0
222170,222170,222171,1,0
222170,222170,222171,1,0
222170,222170,222171,1,0
222170,222170,222172,2,0
222170,222170,222172,2,0
222170,222170,222171,1,0
222170,222170,222172,2,0
222170,222170,222172,2,0
222170,222170,222171,1,0
222170,222170,222171,1,0
222170,222170,222171,1,0
222170,222170,222172,2,0
222170,222170,222172,2,0
222170,222170,222172,2,0
222170,222170,222173,3,0
222170,222170,222173,3,0
222170,222170,222172,2,0
222170,222170,222173,3,0
222170,222170,222173,3,0
222170,222170,222172,2,0
222170,222170,222172,2,0
222170,222170,222173,3,0
222170,222170,222172,2,0
222170,222170,222173,3,0
222170,222170,222173,3,0
222170,222170,222173,3,0
222170,222170,222175,5,0
222170,222170,222174,4,0
222170,222170,222175,5,0
222170,222170,222175,5,0
222170,222170,222177,7,0
222190,222190,222191,1,0
222190,222190,222191,1,0
222190,222190,222191,1,0
222190,222190,222191,1,0
222190,222190,222191,1,0
222190,222190,222192,2,0
222190,222190,222191,1,0
222190,222190,222191,1,0
222190,222190,222192,2,0
222190,222190,222191,1,0
222190,222190,222193,3,0
222190,222190,222192,2,0
222190,222190,222192,2,0
222190,222190,222192,2,0
222190,222190,222192,2,0
222190,222190,222192,2,0
222190,222190,222192,2,0
222190,222190,222193,3,0
222190,222190,222192,2,0
222190,222190,222192,2,0
222190,222190,222193,3,0
222190,222190,222192,2,0
222190,222190,222193,3,0
222190,222190,222193,3,0
222190,222190,222194,4,0
222190,222190,222194,4,0
222190,222190,222194,4,0
222190,222190,222194,4,0
222190,222190,222195,5,0
222190,222190,222195,5,0
222190,222190,222196,6,0
222208,222208,222209,1,0
222208,222208,222209,1,0
222208,222208,222209,1,0
222208,222208,222210,2,0
222208,222208,222209,1,0
222208,222208,222210,2,0
222208,222208,222209,1,0
222208,222208,222210,2,0
222208,222208,222210,2,0
222208,222208,222210,2,0
222208,222208,222210,2,0
222208,222208,222210,2,0
222208,222208,222211,3,0
222208,222208,222211,3,0
222208,222208,222210,2,0
222208,222208,222210,2,0
222208,222208,222210,2,0
222208,222208,222210,2,0
222208,222208,222211,3,0
222208,222208,222210,2,0
222208,222208,222211,3,0
222208,222208,222210,2,0
222208,222208,222213,5,0
222208,222208,222213,5,0
222208,222208,222213,5,0
222208,222208,222214,6,0
222208,222208,222214,6,0
222208,222208,222215,7,0
222208,222208,222215,7,0
222208,222208,222215,7,0
222208,222208,222216,8,0
222228,222228,222229,1,0
222228,222228,222230,2,0
222228,222228,222229,1,0
222228,222228,222231,3,0
222228,222228,222231,3,0
222228,222228,222231,3,0
222228,222228,222232,4,0
222228,222228,222232,4,0
222228,222228,222231,3,0
222228,222228,222232,4,0
222228,222228,222232,4,0
222228,222228,222233,5,0
222228,222228,222232,4,0
222228,222228,222233,5,0
222228,222228,222232,4,0
222228,222228,222234,6,0
222228,222228,222234,6,0
222228,222228,222234,6,0
222228,222228,222233,5,0
222228,222228,222233,5,0
222228,222228,222235,7,0
222228,222228,222234,6,0
222228,222228,222235,7,0
222228,222228,222235,7,0
222228,222228,222235,7,0
222228,222228,222237,9,0
222228,222228,222237,9,0
222228,222228,222238,10,0
222228,222228,222237,9,0
222228,222228,222237,9,0
222228,222228,222237,9,0
222249,222250,222251,1,1
222249,222250,222251,1,1
222249,222250,222251,1,1
222249,222250,222252,2,1
222249,222250,222252,2,1
222249,222250,222252,2,1
222249,222250,222252,2,1
222249,222250,222253,3,1
222249,222250,222253,3,1
222249,222250,222254,4,1
222249,222250,222253,3,1
222249,222250,222253,3,1
222249,222250,222254,4,1
222249,222250,222255,5,1
222249,222250,222252,2,1
222249,222250,222253,3,1
222249,222250,222254,4,1
222249,222250,222254,4,1
222249,222250,222254,4,1
222249,222250,222256,6,1
222249,222250,222255,5,1
222249,222250,222255,5,1
222249,222250,222256,6,1
222249,222250,222256,6,1
222249,222250,222256,6,1
222249,222250,222256,6,1
222249,222250,222257,7,1
222249,222250,222257,7,1
222249,222250,222259,9,1
222249,222250,222259,9,1
222249,222250,222259,9,1
222271,222271,222273,2,0
222271,222271,222273,2,0
222271,222271,222273,2,0
222271,222271,222274,3,0
222271,222271,222274,3,0
222271,222271,222274,3,0
222271,222271,222274,3,0
222271,222271,222274,3,0
222271,222271,222275,4,0
222271,222271,222275,4,0
222271,222271,222275,4,0
222271,222271,222275,4,0
222271,222271,222275,4,0
222271,222271,222276,5,0
222271,222271,222276,5,0
222271,222271,222276,5,0
222271,222271,222277,6,0
222271,222271,222277,6,0
222271,222271,222276,5,0
222271,222271,222276,5,0
222271,222271,222278,7,0
222271,222271,222278,7,0
222271,222271,222278,7,0
222271,222271,222278,7,0
222271,222271,222278,7,0
222271,222271,222278,7,0
222271,222271,222278,7,0
222271,222271,222279,8,0
222271,222271,222279,8,0
222271,222271,222279,8,0
222271,222271,222281,10,0
222293,222293,222295,2,0
222293,222293,222294,1,0
222293,222293,222295,2,0
222293,222293,222296,3,0
222293,222293,222296,3,0
222293,222293,222296,3,0
222293,222293,222296,3,0
222293,222293,222297,4,0
222293,222293,222297,4,0
222293,222293,222298,5,0
222293,222293,222297,4,0
222293,222293,222298,5,0
222293,222293,222298,5,0
222293,222293,222298,5,0
222293,222293,222298,5,0
222293,222293,222299,6,0
222293,222293,222299,6,0
222293,222293,222299,6,0
222293,222293,222300,7,0
222293,222293,222300,7,0
222293,222293,222300,7,0
222293,222293,222300,7,0
222293,222293,222300,7,0
222293,222293,222300,7,0
222293,222293,222300,7,0
222293,222293,222300,7,0
222293,222293,222301,8,0
222293,222293,222300,7,0
222293,222293,222302,9,0
222293,222293,222301,8,0
222293,222293,222303,10,0
222315,222315,222316,1,0
222315,222315,222316,1,0
222315,222315,222317,2,0
222315,222315,222317,2,0
222315,222315,222317,2,0
222315,222315,222318,3,0
222315,222315,222318,3,0
222315,222315,222319,4,0
222315,222315,222319,4,0
222315,222315,222319,4,0
222315,222315,222318,3,0
222315,222315,222319,4,0
222315,222315,222319,4,0
222315,222315,222319,4,0
222315,222315,222320,5,0
222315,222315,222319,4,0
222315,222315,222319,4,0
222315,222315,222321,6,0
222315,222315,222320,5,0
222315,222315,222321,6,0
222315,222315,222321,6,0
222315,222315,222321,6,0
222315,222315,222321,6,0
222315,222315,222320,5,0
222315,222315,222322,7,0
222315,222315,222321,6,0
222315,222315,222321,6,0
222315,222315,222321,6,0
222315,222315,222323,8,0
222315,222315,222324,9,0
222315,222315,222325,10,0
222338,222338,222339,1,0
222338,222338,222339,1,0
222338,222338,222340,2,0
222338,222338,222341,3,0
222338,222338,222341,3,0
222338,222338,222341,3,0
222338,222338,222342,4,0
222338,222338,222342,4,0
222338,222338,222342,4,0
222338,222338,222343,5,0
222338,222338,222343,5,0
222338,222338,222343,5,0
222338,222338,222343,5,0
222338,222338,222344,6,0
222338,222338,222344,6,0
222338,222338,222343,5,0
222338,222338,222344,6,0
222338,222338,222341,3,0
222338,222338,222344,6,0
222338,222338,222344,6,0
222338,222338,222345,7,0
222338,222338,222345,7,0
222338,222338,222345,7,0
222338,222338,222344,6,0
222338,222338,222346,8,0
222338,222338,222345,7,0
222338,222338,222346,8,0
222338,222338,222347,9,0
222338,222338,222348,10,0
222338,222338,222347,9,0
222338,222338,222348,10,0
222359,222359,222360,1,0
222359,222359,222361,2,0
222359,222359,222361,2,0
222359,222359,222362,3,0
222359,222359,222362,3,0
222359,222359,222362,3,0
222359,222359,222362,3,0
222359,222359,222363,4,0
222359,222359,222363,4,0
222359,222359,222363,4,0
222359,222359,222363,4,0
222359,222359,222364,5,0
222359,222359,222364,5,0
222359,222359,222364,5,0
222359,222359,222364,5,0
222359,222359,222364,5,0
222359,222359,222364,5,0
222359,222359,222364,5,0
222359,222359,222365,6,0
222359,222359,222366,7,0
222359,222359,222366,7,0
222359,222359,222366,7,0
222359,222359,222366,7,0
222359,222359,222367,8,0
222359,222359,222367,8,0
222359,222359,222367,8,0
222359,222359,222368,9,0
222359,222359,222369,10,0
222359,222359,222369,10,0
222359,222359,222369,10,0
222359,222359,222370,11,0
222382,222382,222383,1,0
222382,222382,222384,2,0
222382,222382,222384,2,0
222382,222383,222385,2,1
222382,222383,222385,2,1
222382,222383,222385,2,1
222382,222383,222386,3,1
222382,222383,222386,3,1
222382,222383,222386,3,1
222382,222383,222386,3,1
222382,222382,222387,5,0
222382,222383,222387,4,1
222382,222383,222387,4,1
222382,222383,222387,4,1
222382,222383,222388,5,1
222382,222383,222388,5,1
222382,222383,222388,5,1
222382,222383,222388,5,1
222382,222383,222390,7,1
222382,222383,222390,7,1
222382,222383,222389,6,1
222382,222382,222389,7,0
222382,222383,222390,7,1
222382,222383,222390,7,1
222382,222382,222391,9,0
222382,222382,222392,10,0
222382,222383,222392,9,1
222382,222383,222392,9,1
222382,222383,222392,9,1
222382,222383,222392,9,1
222382,222382,222392,10,0
222405,222405,222406,1,0
222405,222405,222406,1,0
222405,222405,222406,1,0
222405,222405,222407,2,0
222405,222405,222407,2,0
222405,222405,222408,3,0
222405,222405,222409,4,0
222405,222405,222409,4,0
222405,222405,222409,4,0
222405,222405,222410,5,0
222405,222405,222410,5,0
222405,222405,222410,5,0
222405,222405,222410,5,0
222405,222405,222410,5,0
222405,222405,222410,5,0
222405,222405,222411,6,0
222405,222405,222411,6,0
222405,222405,222412,7,0
222405,222405,222411,6,0
222405,222405,222411,6,0
222405,222405,222411,6,0
222405,222405,222412,7,0
222405,222405,222413,8,0
222405,222405,222414,9,0
222405,222405,222413,8,0
222405,222405,222414,9,0
222405,222405,222414,9,0
222405,222405,222414,9,0
222405,222405,222414,9,0
222405,222405,222414,9,0
222405,222405,222415,10,0
222427,222427,222428,1,0
222427,222427,222429,2,0
222427,222427,222429,2,0
222427,222427,222430,3,0
222427,222427,222429,2,0
222427,222427,222430,3,0
222427,222427,222431,4,0
222427,222427,222431,4,0
222427,222427,222431,4,0
222427,222427,222431,4,0
222427,222427,222432,5,0
222427,222427,222431,4,0
222427,222427,222432,5,0
222427,222427,222432,5,0
222427,222427,222432,5,0
222427,222427,222432,5,0
222427,222427,222432,5,0
222427,222427,222433,6,0
222427,222427,222433,6,0
222427,222427,222433,6,0
222427,222427,222433,6,0
222427,222427,222434,7,0
222427,222427,222433,6,0
222427,222427,222434,7,0
222427,222427,222436,9,0
222427,222427,222437,10,0
222427,222427,222437,10,0
222427,222427,222437,10,0
222427,222427,222437,10,0
222427,222427,222437,10,0
222427,222427,222437,10,0
222450,222450,222451,1,0
222450,222450,222451,1,0
222450,222450,222451,1,0
222450,222450,222453,3,0
222450,222450,222453,3,0
222450,222450,222453,3,0
222450,222450,222453,3,0
222450,222450,222453,3,0
222450,222450,222453,3,0
222450,222450,222453,3,0
222450,222450,222454,4,0
222450,222450,222454,4,0
222450,222450,222455,5,0
222450,222450,222455,5,0
222450,222450,222456,6,0
222450,222450,222455,5,0
222450,222450,222456,6,0
222450,222450,222456,6,0
222450,222450,222455,5,0
222450,222450,222456,6,0
222450,222450,222456,6,0
222450,222450,222458,8,0
222450,222450,222458,8,0
222450,222450,222457,7,0
222450,222450,222457,7,0
222450,222450,222458,8,0
222450,222450,222459,9,0
222450,222450,222460,10,0
222450,222450,222459,9,0
222450,222450,222459,9,0
222450,222450,222460,10,0
222472,222472,222474,2,0
222472,222472,222474,2,0
222472,222472,222474,2,0
222472,222472,222475,3,0
222472,222472,222475,3,0
222472,222472,222476,4,0
222472,222472,222476,4,0
222472,222472,222476,4,0
222472,222472,222477,5,0
222472,222472,222477,5,0
222472,222472,222476,4,0
222472,222472,222476,4,0
222472,222472,222477,5,0
222472,222472,222477,5,0
222472,222472,222478,6,0
222472,222472,222478,6,0
222472,222472,222478,6,0
222472,222472,222478,6,0
222472,222472,222478,6,0
222472,222472,222479,7,0
222472,222472,222479,7,0
222472,222472,222479,7,0
222472,222472,222479,7,0
222472,222472,222479,7,0
222472,222472,222480,8,0
222472,222472,222480,8,0
222472,222472,222481,9,0
222472,222472,222482,10,0
222472,222472,222482,10,0
222472,222472,222482,10,0
222472,222472,222482,10,0
222494,222494,222495,1,0
222494,222494,222496,2,0
222494,222494,222495,1,0
222494,222494,222497,3,0
222494,222494,222497,3,0
222494,222494,222497,3,0
222494,222494,222498,4,0
222494,222494,222497,3,0
222494,222494,222497,3,0
222494,222494,222499,5,0
222494,222494,222499,5,0
222494,222494,222499,5,0
222494,222494,222499,5,0
222494,222494,222499,5,0
222494,222494,222499,5,0
222494,222494,222500,6,0
222494,222494,222499,5,0
222494,222494,222500,6,0
222494,222494,222501,7,0
222494,222494,222500,6,0
222494,222494,222501,7,0
222494,222494,222501,7,0
222494,222494,222501,7,0
222494,222494,222501,7,0
222494,222494,222503,9,0
222494,222494,222502,8,0
222494,222494,222503,9,0
222494,222494,222504,10,0
222494,222494,222504,10,0
222494,222494,222504,10,0
222494,222494,222504,10,0
222517,222517,222518,1,0
222517,222517,222518,1,0
222517,222517,222518,1,0
222517,222517,222520,3,0
222517,222517,222520,3,0
222517,222517,222520,3,0
222517,222517,222520,3,0
222517,222517,222522,5,0
222517,222517,222521,4,0
222517,222517,222521,4,0
222517,222517,222522,5,0
222517,222517,222521,4,0
222517,222517,222522,5,0
222517,222517,222522,5,0
222517,222517,222522,5,0
222517,222517,222523,6,0
222517,222517,222522,5,0
222517,222517,222523,6,0
222517,222517,222523,6,0
222517,222517,222523,6,0
222517,222517,222523,6,0
222517,222517,222524,7,0
222517,222517,222523,6,0
222517,222517,222524,7,0
222517,222517,222524,7,0
222517,222517,222526,9,0
222517,222517,222525,8,0
222517,222517,222526,9,0
222517,222517,222526,9,0
222517,222517,222527,10,0
222517,222517,222526,9,0
222538,222539,222540,1,1
222538,222539,222540,1,1
222538,222539,222540,1,1
222538,222539,222541,2,1
222538,222539,222541,2,1
222538,222539,222541,2,1
222538,222539,222541,2,1
222538,222539,222542,3,1
222538,222539,222542,3,1
222538,222539,222544,5,1
222538,222539,222543,4,1
222538,222539,222543,4,1
222538,222539,222543,4,1
222538,222539,222544,5,1
222538,222539,222544,5,1
222538,222539,222544,5,1
222538,222539,222544,5,1
222538,222539,222544,5,1
222538,222539,222545,6,1
222538,222539,222545,6,1
222538,222539,222546,7,1
222538,222539,222545,6,1
222538,222539,222546,7,1
222538,222539,222547,8,1
222538,222539,222547,8,1
222538,222539,222547,8,1
222538,222539,222548,9,1
222538,222539,222548,9,1
222538,222539,222548,9,1
222538,222539,222548,9,1
222538,222539,222553,14,1
222565,222565,222566,1,0
222565,222565,222566,1,0
222565,222565,222566,1,0
222565,222565,222568,3,0
222565,222565,222567,2,0
222565,222565,222568,3,0
222565,222565,222568,3,0
222565,222565,222568,3,0
222565,222565,222569,4,0
222565,222565,222568,3,0
222565,222565,222570,5,0
222565,222565,222570,5,0
222565,222565,222570,5,0
222565,222565,222569,4,0
222565,222565,222569,4,0
222565,222565,222571,6,0
222565,222565,222571,6,0
222565,222565,222572,7,0
222565,222565,222571,6,0
222565,222565,222571,6,0
222565,222565,222570,5,0
222565,222565,222573,8,0
222565,222565,222573,8,0
222565,222565,222573,8,0
222565,222565,222574,9,0
222565,222565,222575,10,0
222565,222565,222575,10,0
222565,222565,222574,9,0
222565,222565,222574,9,0
222565,222565,222575,10,0
222565,222565,222575,10,0
222587,222587,222589,2,0
222587,222587,222589,2,0
222587,222587,222589,2,0
222587,222587,222590,3,0
222587,222587,222590,3,0
222587,222587,222590,3,0
222587,222587,222591,4,0
222587,222587,222591,4,0
222587,222587,222591,4,0
222587,222587,222591,4,0
222587,222587,222592,5,0
222587,222587,222592,5,0
222587,222587,222592,5,0
222587,222587,222591,4,0
222587,222587,222592,5,0
222587,222587,222593,6,0
222587,222587,222593,6,0
222587,222587,222593,6,0
222587,222587,222594,7,0
222587,222587,222594,7,0
222587,222587,222595,8,0
222587,222587,222595,8,0
222587,222587,222595,8,0
222587,222587,222596,9,0
222587,222587,222596,9,0
222587,222587,222596,9,0
222587,222587,222597,10,0
222587,222587,222597,10,0
222587,222587,222597,10,0
222587,222587,222597,10,0
222587,222587,222598,11,0
222611,222611,222613,2,0
222611,222611,222612,1,0
222611,222611,222612,1,0
222611,222611,222614,3,0
222148,222149,222613,464,1
222611,222611,222615,4,0
222611,222611,222614,3,0
222611,222611,222614,3,0
222611,222611,222614,3,0
222611,222611,222614,3,0
222611,222611,222614,3,0
222611,222611,222615,4,0
222611,222611,222614,3,0
222611,222611,222615,4,0
222611,222611,222615,4,0
222611,222611,222615,4,0
222611,222611,222616,5,0
222611,222611,222616,5,0
222611,222611,222616,5,0
222611,222611,222617,6,0
222611,222611,222617,6,0
222611,222611,222616,5,0
222611,222611,222617,6,0
222611,222611,222619,8,0
222611,222611,222619,8,0
222611,222611,222620,9,0
222611,222611,222620,9,0
222611,222611,222621,10,0
222611,222611,222621,10,0
222611,222611,222621,10,0
222611,222611,222620,9,0
222611,222611,222621,10,0
222634,222634,222635,1,0
222634,222634,222635,1,0
222634,222634,222635,1,0
222634,222634,222637,3,0
222634,222634,222638,4,0
222634,222634,222637,3,0
222634,222634,222638,4,0
222634,222634,222638,4,0
222634,222634,222639,5,0
222634,222634,222639,5,0
222634,222634,222638,4,0
222634,222634,222638,4,0
222634,222634,222639,5,0
222634,222634,222639,5,0
222634,222634,222640,6,0
222634,222634,222639,5,0
222634,222634,222639,5,0
222634,222634,222641,7,0
222634,222634,222640,6,0
222634,222634,222640,6,0
222634,222634,222641,7,0
222634,222634,222641,7,0
222634,222634,222643,9,0
222634,222634,222643,9,0
222634,222634,222642,8,0
222634,222634,222643,9,0
222634,222634,222644,10,0
222634,222634,222643,9,0
222634,222634,222644,10,0
222634,222634,222644,10,0
222634,222634,222644,10,0
222656,222656,222657,1,0
222656,222656,222657,1,0
222656,222656,222657,1,0
222656,222656,222658,2,0
222656,222656,222659,3,0
222656,222656,222659,3,0
222656,222656,222659,3,0
222656,222656,222659,3,0
222656,222656,222659,3,0
222656,222656,222660,4,0
222656,222656,222660,4,0
222656,222656,222661,5,0
222656,222656,222661,5,0
222656,222656,222661,5,0
222656,222656,222661,5,0
222656,222656,222661,5,0
222656,222656,222661,5,0
222656,222656,222661,5,0
222656,222656,222663,7,0
222656,222656,222662,6,0
222656,222656,222663,7,0
222656,222656,222663,7,0
222656,222656,222662,6,0
222656,222656,222663,7,0
222656,222656,222663,7,0
222656,222656,222663,7,0
222656,222656,222663,7,0
222656,222656,222664,8,0
222656,222656,222665,9,0
222656,222656,222665,9,0
222656,222656,222666,10,0
222678,222678,222680,2,0
222678,222678,222680,2,0
222678,222678,222680,2,0
222678,222678,222681,3,0
222678,222679,222681,2,1
222678,222678,222681,3,0
222678,222678,222682,4,0
222678,222678,222682,4,0
222678,222678,222682,4,0
222678,222678,222682,4,0
222678,222679,222682,3,1
222678,222678,222683,5,0
222678,222678,222683,5,0
222678,222678,222683,5,0
222678,222679,222683,4,1
222678,222678,222684,6,0
222678,222678,222684,6,0
222678,222678,222684,6,0
222678,222678,222685,7,0
222678,222678,222685,7,0
222678,222678,222685,7,0
222678,222678,222685,7,0
222678,222678,222685,7,0
222678,222678,222685,7,0
222678,222678,222686,8,0
222678,222678,222686,8,0
222678,222678,222686,8,0
222678,222678,222687,9,0
222678,222678,222687,9,0
222678,222678,222688,10,0
222678,222678,222688,10,0
222700,222700,222701,1,0
222700,222700,222702,2,0
222700,222700,222702,2,0
222700,222700,222703,3,0
222700,222700,222704,4,0
222700,222700,222704,4,0
222700,222700,222704,4,0
222700,222700,222705,5,0
222700,222700,222705,5,0
222700,222700,222705,5,0
222700,222700,222705,5,0
222700,222700,222705,5,0
222700,222700,222706,6,0
222700,222700,222706,6,0
222700,222700,222706,6,0
222700,222700,222706,6,0
222700,222700,222706,6,0
222700,222700,222707,7,0
222700,222700,222707,7,0
222700,222700,222707,7,0
222700,222700,222708,8,0
222700,222700,222708,8,0
222700,222700,222708,8,0
222700,222700,222708,8,0
222700,222700,222708,8,0
222700,222700,222708,8,0
222700,222700,222709,9,0
222700,222700,222710,10,0
222700,222700,222710,10,0
222700,222700,222710,10,0
222700,222700,222710,10,0
222723,222723,222724,1,0
222723,222723,222724,1,0
222723,222723,222724,1,0
222723,222723,222725,2,0
222723,222723,222726,3,0
222723,222723,222726,3,0
222723,222723,222726,3,0
222723,222723,222726,3,0
222723,222723,222727,4,0
222723,222723,222726,3,0
222723,222723,222727,4,0
222723,222723,222727,4,0
222723,222723,222728,5,0
222723,222723,222728,5,0
222723,222723,222728,5,0
222723,222723,222728,5,0
222723,222723,222729,6,0
222723,222723,222728,5,0
222723,222723,222730,7,0
222723,222723,222730,7,0
222723,222723,222730,7,0
222723,222723,222730,7,0
222723,222723,222732,9,0
222723,222723,222732,9,0
222723,222723,222732,9,0
222723,222723,222733,10,0
222723,222723,222732,9,0
222723,222723,222732,9,0
222723,222723,222732,9,0
222723,222723,222736,13,0
222723,222723,222736,13,0
222748,222748,222749,1,0
222748,222748,222749,1,0
222748,222748,222749,1,0
222748,222748,222751,3,0
222748,222748,222751,3,0
222748,222748,222752,4,0
222748,222748,222751,3,0
222748,222748,222752,4,0
222748,222748,222752,4,0
222748,222748,222752,4,0
222748,222748,222752,4,0
222748,222748,222753,5,0
222748,222748,222753,5,0
222748,222748,222753,5,0
222748,222748,222753,5,0
222748,222748,222753,5,0
222748,222748,222752,4,0
222748,222748,222754,6,0
222748,222748,222753,5,0
222748,222748,222755,7,0
222748,222748,222755,7,0
222748,222748,222755,7,0
222748,222748,222755,7,0
222748,222748,222756,8,0
222748,222748,222757,9,0
222748,222748,222757,9,0
222748,222748,222758,10,0
222748,222748,222758,10,0
222748,222748,222758,10,0
222748,222748,222759,11,0
222748,222748,222758,10,0
222770,222770,222771,1,0
222770,222770,222772,2,0
222770,222770,222771,1,0
222770,222770,222773,3,0
222770,222770,222773,3,0
222770,222770,222774,4,0
222770,222770,222774,4,0
222770,222770,222774,4,0
222770,222770,222774,4,0
222770,222770,222774,4,0
222770,222770,222775,5,0
222770,222770,222775,5,0
222770,222770,222775,5,0
222770,222770,222775,5,0
222770,222770,222776,6,0
222770,222770,222776,6,0
222770,222770,222776,6,0
222770,222770,222776,6,0
222770,222770,222776,6,0
222770,222770,222777,7,0
222770,222770,222777,7,0
222770,222770,222778,8,0
222770,222770,222779,9,0
222770,222770,222779,9,0
222770,222770,222779,9,0
222770,222770,222780,10,0
222770,222770,222780,10,0
222770,222770,222780,10,0
222770,222770,222780,10,0
222770,222770,222781,11,0
222770,222770,222782,12,0
222794,222794,222795,1,0
222794,222794,222795,1,0
222794,222794,222796,2,0
222794,222794,222797,3,0
222794,222794,222798,4,0
222794,222794,222797,3,0
222794,222794,222797,3,0
222794,222794,222797,3,0
222794,222794,222798,4,0
222794,222794,222797,3,0
222794,222794,222798,4,0
222794,222794,222799,5,0
222794,222794,222799,5,0
222794,222794,222799,5,0
222794,222794,222799,5,0
222794,222794,222800,6,0
222794,222794,222799,5,0
222794,222794,222800,6,0
222794,222794,222800,6,0
222794,222794,222800,6,0
222794,222794,222801,7,0
222794,222794,222801,7,0
222794,222794,222801,7,0
222794,222794,222802,8,0
222794,222794,222801,7,0
222794,222794,222802,8,0
222794,222794,222802,8,0
222794,222794,222804,10,0
222794,222794,222804,10,0
222794,222794,222804,10,0
222794,222794,222804,10,0
222815,222816,222817,1,1
222815,222816,222817,1,1
222815,222816,222818,2,1
222815,222816,222818,2,1
222815,222816,222819,3,1
222815,222816,222819,3,1
222815,222816,222819,3,1
222815,222816,222819,3,1
222815,222816,222819,3,1
222815,222816,222819,3,1
222815,222816,222819,3,1
222815,222816,222820,4,1
222815,222816,222820,4,1
222815,222816,222820,4,1
222815,222816,222821,5,1
222815,222816,222821,5,1
222815,222816,222821,5,1
222815,222816,222821,5,1
222815,222816,222822,6,1
222815,222816,222822,6,1
222815,222816,222822,6,1
222815,222816,222822,6,1
222815,222816,222823,7,1
222815,222816,222823,7,1
222815,222816,222823,7,1
222815,222816,222824,8,1
222815,222816,222825,9,1
222815,222816,222826,10,1
222815,222816,222825,9,1
222815,222816,222825,9,1
222815,222816,222826,10,1
222840,222840,222841,1,0
222840,222840,222841,1,0
222840,222840,222841,1,0
222840,222840,222843,3,0
222840,222840,222843,3,0
222840,222840,222843,3,0
222840,222840,222844,4,0
222840,222840,222844,4,0
222840,222840,222844,4,0
222840,222840,222845,5,0
222840,222840,222846,6,0
222840,222840,222845,5,0
222840,222840,222845,5,0
222840,222840,222845,5,0
222840,222840,222846,6,0
222840,222840,222846,6,0
222840,222840,222846,6,0
222840,222840,222846,6,0
222840,222840,222846,6,0
222840,222840,222847,7,0
222840,222840,222847,7,0
222840,222840,222848,8,0
222840,222840,222848,8,0
222840,222840,222847,7,0
222840,222840,222847,7,0
222840,222840,222848,8,0
222840,222840,222850,10,0
222840,222840,222850,10,0
222840,222840,222850,10,0
222840,222840,222850,10,0
222840,222840,222850,10,0
222862,222862,222864,2,0
222862,222862,222864,2,0
222862,222862,222864,2,0
222862,222862,222866,4,0
222862,222862,222867,5,0
222862,222862,222867,5,0
222862,222862,222867,5,0
222862,222862,222867,5,0
222862,222862,222868,6,0
222862,222862,222868,6,0
222862,222862,222868,6,0
222862,222862,222868,6,0
222862,222862,222868,6,0
222862,222862,222868,6,0
222862,222862,222868,6,0
222862,222862,222868,6,0
222862,222862,222868,6,0
222862,222862,222868,6,0
222862,222862,222869,7,0
222862,222862,222868,6,0
222862,222862,222869,7,0
222862,222862,222869,7,0
222862,222862,222869,7,0
222862,222862,222870,8,0
222862,222862,222871,9,0
222862,222862,222871,9,0
222862,222862,222871,9,0
222862,222862,222872,10,0
222862,222862,222872,10,0
222862,222862,222873,11,0
222862,222862,222879,17,0
222891,222891,222893,2,0
222891,222891,222893,2,0
222891,222891,222893,2,0
222891,222891,222894,3,0
222891,222891,222894,3,0
222891,222891,222894,3,0
222891,222891,222895,4,0
222891,222891,222895,4,0
222891,222891,222896,5,0
222891,222891,222896,5,0
222891,222891,222896,5,0
222891,222891,222896,5,0
222891,222891,222896,5,0
222891,222891,222896,5,0
222891,222891,222896,5,0
222891,222891,222897,6,0
222891,222891,222897,6,0
222891,222891,222897,6,0
222891,222891,222897,6,0
222891,222891,222897,6,0
222891,222891,222898,7,0
222891,222891,222898,7,0
222891,222891,222899,8,0
222891,222891,222899,8,0
222891,222891,222899,8,0
222891,222892,222899,7,1
222891,222891,222900,9,0
222891,222891,222900,9,0
222891,222891,222900,9,0
222891,222891,222901,10,0
222891,222891,222901,10,0
222914,222914,222915,1,0
222914,222914,222915,1,0
222914,222914,222915,1,0
222914,222914,222917,3,0
222914,222914,222918,4,0
222914,222914,222918,4,0
222914,222914,222917,3,0
222914,222914,222918,4,0
222914,222914,222918,4,0
222914,222914,222919,5,0
222914,222914,222918,4,0
222914,222914,222919,5,0
222914,222914,222918,4,0
222914,222914,222919,5,0
222914,222914,222919,5,0
222914,222914,222920,6,0
222914,222914,222919,5,0
222914,222914,222919,5,0
222914,222914,222921,7,0
222914,222914,222921,7,0
222914,222914,222920,6,0
222914,222914,222920,6,0
222914,222914,222921,7,0
222914,222914,222922,8,0
222914,222914,222922,8,0
222914,222914,222922,8,0
222914,222914,222921,7,0
222914,222914,222924,10,0
222914,222914,222922,8,0
222914,222914,222924,10,0
222914,222914,222924,10,0
222936,222936,222938,2,0
222936,222936,222938,2,0
222936,222936,222938,2,0
222936,222936,222939,3,0
222936,222936,222940,4,0
222936,222936,222940,4,0
222936,222936,222940,4,0
222936,222936,222941,5,0
222936,222936,222940,4,0
222936,222936,222941,5,0
222936,222936,222940,4,0
222936,222936,222941,5,0
222936,222936,222940,4,0
222936,222936,222941,5,0
222936,222936,222941,5,0
222936,222936,222942,6,0
222936,222936,222942,6,0
222936,222936,222942,6,0
222936,222936,222941,5,0
222936,222936,222942,6,0
222936,222936,222942,6,0
222936,222936,222943,7,0
222936,222936,222943,7,0
222936,222936,222943,7,0
222936,222936,222944,8,0
222936,222936,222945,9,0
222936,222936,222945,9,0
222936,222936,222946,10,0
222936,222936,222948,12,0
222936,222936,222947,11,0
222936,222936,222947,11,0
222960,222960,222961,1,0
222960,222960,222962,2,0
222960,222960,222961,1,0
222960,222960,222964,4,0
222960,222960,222964,4,0
222960,222960,222964,4,0
222960,222960,222963,3,0
222960,222960,222965,5,0
222960,222960,222965,5,0
222960,222960,222965,5,0
222960,222960,222966,6,0
222960,222960,222966,6,0
222960,222960,222965,5,0
222960,222960,222966,6,0
222960,222960,222965,5,0
222960,222960,222966,6,0
222960,222960,222966,6,0
222960,222960,222965,5,0
222960,222960,222966,6,0
222960,222960,222966,6,0
222960,222960,222965,5,0
222960,222960,222967,7,0
222960,222960,222966,6,0
222960,222960,222967,7,0
222960,222960,222967,7,0
222960,222960,222969,9,0
222960,222960,222970,10,0
222960,222960,222969,9,0
222960,222960,222968,8,0
222960,222960,222970,10,0
222960,222960,222982,22,0
222994,222995,222996,1,1
222994,222995,222996,1,1
222994,222995,222996,1,1
222994,222995,222998,3,1
222994,222995,222998,3,1
222994,222995,222998,3,1
222994,222995,222998,3,1
222994,222995,222999,4,1
222994,222995,223000,5,1
222994,222995,222999,4,1
222994,222995,222999,4,1
222994,222995,222999,4,1
222994,222995,223000,5,1
222994,222995,223000,5,1
222994,222995,223000,5,1
222994,222995,223000,5,1
222994,222995,223000,5,1
222994,222995,223000,5,1
222994,222995,223001,6,1
222994,222995,223001,6,1
222994,222995,223001,6,1
222994,222995,223000,5,1
222994,222995,223002,7,1
222994,222995,223001,6,1
222994,222995,223002,7,1
222994,222995,223003,8,1
222994,222995,223004,9,1
222994,222995,223004,9,1
222994,222995,223002,7,1
222994,222995,223002,7,1
222994,222995,223006,11,1
223018,223018,223019,1,0
223018,223018,223019,1,0
223018,223018,223019,1,0
223018,223018,223020,2,0
223018,223018,223021,3,0
223018,223018,223020,2,0
223018,223018,223022,4,0
223018,223018,223021,3,0
223018,223018,223021,3,0
223018,223018,223021,3,0
223018,223018,223022,4,0
223018,223018,223022,4,0
223018,223018,223023,5,0
223018,223018,223022,4,0
223018,223018,223023,5,0
223018,223018,223023,5,0
223018,223018,223023,5,0
223018,223018,223023,5,0
223018,223018,223023,5,0
223018,223018,223023,5,0
223018,223018,223023,5,0
223018,223018,223023,5,0
223018,223018,223023,5,0
223018,223018,223024,6,0
223018,223018,223023,5,0
223018,223018,223025,7,0
223018,223018,223025,7,0
223018,223018,223027,9,0
223018,223018,223029,11,0
223018,223018,223030,12,0
223018,223018,223034,16,0
223044,223044,223045,1,0
223044,223044,223045,1,0
223044,223044,223046,2,0
223044,223044,223047,3,0
223044,223044,223047,3,0
223044,223044,223047,3,0
223044,223044,223047,3,0
223044,223044,223047,3,0
223044,223044,223048,4,0
223044,223044,223049,5,0
223044,223044,223049,5,0
223044,223044,223049,5,0
223044,223044,223049,5,0
223044,223044,223049,5,0
223044,223044,223049,5,0
223044,223044,223048,4,0
223044,223044,223050,6,0
223044,223044,223050,6,0
223044,223044,223050,6,0
223044,223044,223050,6,0
223044,223044,223050,6,0
223044,223044,223050,6,0
223044,223044,223050,6,0
223044,223044,223047,3,0
223044,223044,223051,7,0
223044,223044,223051,7,0
223044,223044,223051,7,0
223044,223044,223052,8,0
223044,223044,223053,9,0
223044,223044,223053,9,0
223044,223044,223054,10,0
223066,223066,223067,1,0
223066,223066,223067,1,0
223066,223066,223067,1,0
223066,223066,223069,3,0
223066,223066,223069,3,0
223066,223066,223069,3,0
223066,223066,223070,4,0
223066,223066,223070,4,0
223066,223066,223070,4,0
223066,223066,223070,4,0
223066,223066,223069,3,0
223066,223066,223071,5,0
223066,223066,223071,5,0
223066,223066,223071,5,0
223066,223066,223070,4,0
223066,223066,223070,4,0
223066,223066,223072,6,0
223066,223066,223071,5,0
223066,223066,223072,6,0
223066,223066,223072,6,0
223066,223066,223073,7,0
223066,223066,223073,7,0
223066,223066,223073,7,0
223066,223066,223073,7,0
223066,223066,223074,8,0
223066,223066,223075,9,0
223066,223066,223071,5,0
223066,223066,223075,9,0
223066,223066,223076,10,0
223066,223066,223076,10,0
223066,223066,223076,10,0
223088,223088,223089,1,0
223088,223088,223089,1,0
223088,223088,223089,1,0
223088,223088,223090,2,0
223088,223088,223090,2,0
223088,223088,223091,3,0
223088,223088,223091,3,0
223088,223088,223092,4,0
223088,223088,223091,3,0
223088,223088,223092,4,0
223088,223088,223092,4,0
223088,223088,223091,3,0
223088,223088,223091,3,0
223088,223088,223091,3,0
223088,223088,223092,4,0
223088,223088,223092,4,0
223088,223088,223092,4,0
223088,223088,223092,4,0
223088,223088,223092,4,0
223088,223088,223093,5,0
223088,223088,223093,5,0
223088,223088,223093,5,0
223088,223088,223094,6,0
223088,223088,223094,6,0
223088,223088,223095,7,0
223088,223088,223095,7,0
223088,223088,223095,7,0
223088,223088,223096,8,0
223088,223088,223097,9,0
223088,223088,223097,9,0
223088,223088,223098,10,0
223110,223110,223111,1,0
223110,223110,223111,1,0
223110,223110,223111,1,0
223110,223110,223113,3,0
223110,223110,223113,3,0
223110,223110,223113,3,0
223110,223110,223113,3,0
223110,223110,223113,3,0
223110,223110,223113,3,0
223110,223110,223114,4,0
223110,223110,223113,3,0
223110,223110,223114,4,0
223110,223110,223114,4,0
223110,223110,223115,5,0
223110,223110,223114,4,0
223110,223110,223114,4,0
223110,223110,223114,4,0
223110,223110,223114,4,0
222620,222621,223114,493,1
223110,223110,223115,5,0
223110,223110,223115,5,0
223110,223110,223115,5,0
223110,223110,223115,5,0
223110,223110,223116,6,0
223110,223110,223116,6,0
223110,223110,223116,6,0
223110,223110,223117,7,0
223110,223110,223118,8,0
223110,223110,223117,7,0
223110,223110,223117,7,0
223110,223110,223117,7,0
223110,223110,223119,9,0
223131,223131,223132,1,0
223131,223131,223132,1,0
223131,223131,223132,1,0
223131,223131,223134,3,0
223131,223131,223134,3,0
223131,223131,223134,3,0
223131,223131,223135,4,0
223131,223131,223134,3,0
223131,223131,223135,4,0
223131,223131,223135,4,0
223131,223131,223135,4,0
223131,223131,223136,5,0
223131,223131,223136,5,0
223131,223131,223136,5,0
223131,223131,223135,4,0
223131,223131,223136,5,0
223131,223131,223135,4,0
223131,223131,223135,4,0
223131,223131,223136,5,0
223131,223131,223136,5,0
223131,223131,223136,5,0
223131,223131,223136,5,0
223131,223131,223135,4,0
223131,223131,223137,6,0
223131,223131,223136,5,0
223131,223131,223138,7,0
223131,223131,223137,6,0
223131,223131,223139,8,0
223131,223131,223140,9,0
223131,223131,223142,11,0
223131,223131,223142,11,0
223155,223155,223156,1,0
223155,223155,223156,1,0
223155,223155,223157,2,0
223155,223155,223158,3,0
223155,223155,223158,3,0
223155,223155,223158,3,0
223155,223155,223158,3,0
223155,223155,223158,3,0
223155,223155,223159,4,0
223155,223155,223158,3,0
223155,223155,223158,3,0
223155,223155,223159,4,0
223155,223155,223158,3,0
223155,223155,223160,5,0
223155,223155,223159,4,0
223155,223155,223160,5,0
223155,223155,223160,5,0
223155,223155,223160,5,0
223155,223155,223160,5,0
223155,223155,223160,5,0
223155,223155,223159,4,0
223155,223155,223160,5,0
223155,223155,223161,6,0
223155,223155,223162,7,0
223155,223155,223162,7,0
223155,223155,223162,7,0
223155,223155,223162,7,0
223155,223155,223162,7,0
223155,223155,223163,8,0
223155,223155,223165,10,0
223155,223155,223165,10,0
223177,223177,223178,1,0
223177,223177,223178,1,0
223177,223177,223178,1,0
223177,223177,223179,2,0
223177,223177,223179,2,0
223177,223177,223180,3,0
223177,223177,223179,2,0
223177,223177,223179,2,0
223177,223177,223179,2,0
223177,223177,223181,4,0
223177,223177,223180,3,0
223177,223177,223180,3,0
223177,223177,223181,4,0
223177,223177,223180,3,0
223177,223177,223180,3,0
223177,223177,223181,4,0
223177,223177,223180,3,0
223177,223177,223181,4,0
223177,223177,223181,4,0
223177,223177,223181,4,0
223177,223177,223182,5,0
223177,223177,223183,6,0
223177,223177,223182,5,0
223177,223177,223182,5,0
223177,223177,223182,5,0
223177,223177,223182,5,0
223177,223177,223184,7,0
223177,223177,223184,7,0
223177,223177,223185,8,0
223177,223177,223185,8,0
223177,223177,223186,9,0
223198,223199,223200,1,1
223198,223199,223200,1,1
223198,223199,223200,1,1
223198,223199,223201,2,1
223198,223199,223201,2,1
223198,223199,223201,2,1
223198,223199,223202,3,1
223198,223199,223201,2,1
223198,223199,223202,3,1
223198,223199,223202,3,1
223198,223199,223202,3,1
223198,223199,223202,3,1
223198,223199,223202,3,1
223198,223199,223203,4,1
223198,223199,223204,5,1
223198,223199,223203,4,1
223198,223199,223203,4,1
223198,223199,223203,4,1
223198,223199,223203,4,1
223198,223199,223203,4,1
223198,223199,223203,4,1
223198,223199,223203,4,1
223198,223199,223203,4,1
223198,223199,223203,4,1
223198,223199,223204,5,1
223198,223199,223204,5,1
223198,223199,223204,5,1
223198,223199,223204,5,1
223198,223199,223205,6,1
223198,223199,223206,7,1
223198,223199,223209,10,1
223220,223220,223221,1,0
223220,223220,223221,1,0
223220,223220,223221,1,0
223220,223220,223223,3,0
223220,223220,223223,3,0
223220,223220,223222,2,0
223220,223220,223223,3,0
223220,223220,223224,4,0
223220,223220,223223,3,0
223220,223220,223224,4,0
223220,223220,223224,4,0
223220,223220,223224,4,0
223220,223220,223223,3,0
223220,223220,223223,3,0
223220,223220,223224,4,0
223220,223220,223224,4,0
223220,223220,223224,4,0
223220,223220,223225,5,0
223220,223220,223225,5,0
223220,223220,223224,4,0
223220,223220,223225,5,0
223220,223220,223225,5,0
223220,223220,223226,6,0
223220,223220,223225,5,0
223220,223220,223226,6,0
223220,223220,223227,7,0
223220,223220,223226,6,0
223220,223220,223229,9,0
223220,223220,223227,7,0
223220,223220,223226,6,0
223220,223220,223237,17,0
223247,223247,223249,2,0
223247,223247,223249,2,0
223247,223247,223249,2,0
223247,223247,223250,3,0
223247,223248,223250,2,1
223247,223248,223251,3,1
223247,223248,223251,3,1
223247,223248,223251,3,1
223247,223247,223251,4,0
223247,223247,223251,4,0
223247,223247,223251,4,0
223247,223248,223251,3,1
223247,223247,223251,4,0
223247,223248,223251,3,1
223247,223247,223251,4,0
223247,223248,223251,3,1
223247,223248,223251,3,1
223247,223248,223251,3,1
223247,223248,223252,4,1
223247,223247,223252,5,0
223247,223247,223252,5,0
223247,223248,223252,4,1
223247,223247,223252,5,0
223247,223247,223253,6,0
223247,223247,223254,7,0
223247,223248,223253,5,1
223247,223248,223254,6,1
223247,223247,223254,7,0
223247,223248,223257,9,1
223247,223247,223257,10,0
223247,223247,223258,11,0
223270,223270,223272,2,0
223270,223270,223272,2,0
223270,223270,223271,1,0
223270,223270,223273,3,0
223270,223270,223273,3,0
223270,223270,223273,3,0
223270,223270,223273,3,0
223270,223270,223273,3,0
223270,223270,223273,3,0
223270,223270,223274,4,0
223270,223270,223274,4,0
223270,223270,223274,4,0
223270,223270,223274,4,0
223270,223270,223274,4,0
223270,223270,223274,4,0
223270,223270,223273,3,0
223270,223270,223274,4,0
223270,223270,223275,5,0
223270,223270,223275,5,0
223270,223270,223275,5,0
223270,223270,223275,5,0
223270,223270,223274,4,0
223270,223270,223275,5,0
223270,223270,223275,5,0
223270,223270,223276,6,0
223270,223270,223277,7,0
223270,223270,223277,7,0
223270,223270,223277,7,0
223270,223270,223277,7,0
223270,223270,223279,9,0
223270,223270,223279,9,0
223291,223291,223292,1,0
223291,223291,223292,1,0
223291,223291,223292,1,0
223291,223291,223292,1,0
223291,223291,223294,3,0
223291,223291,223294,3,0
223291,223291,223293,2,0
223291,223291,223294,3,0
223291,223291,223294,3,0
223291,223291,223295,4,0
223291,223291,223294,3,0
223291,223291,223294,3,0
223291,223291,223295,4,0
223291,223291,223294,3,0
223291,223291,223294,3,0
223291,223291,223295,4,0
223291,223291,223294,3,0
223291,223291,223295,4,0
223291,223291,223295,4,0
223291,223291,223295,4,0
223291,223291,223295,4,0
223291,223291,223295,4,0
223291,223291,223295,4,0
223291,223291,223296,5,0
223291,223291,223295,4,0
223291,223291,223297,6,0
223291,223291,223296,5,0
223291,223291,223298,7,0
223291,223291,223298,7,0
223291,223291,223299,8,0
223291,223291,223303,12,0
223315,223316,223317,1,1
223315,223316,223317,1,1
223315,223316,223317,1,1
223315,223316,223318,2,1
223315,223316,223318,2,1
223315,223316,223318,2,1
223315,223316,223318,2,1
223315,223316,223319,3,1
223315,223316,223318,2,1
223315,223316,223318,2,1
223315,223316,223319,3,1
223315,223316,223319,3,1
223315,223316,223319,3,1
223315,223316,223319,3,1
223315,223316,223319,3,1
223315,223316,223319,3,1
223315,223316,223319,3,1
223315,223316,223319,3,1
223315,223316,223320,4,1
223315,223316,223319,3,1
223315,223316,223320,4,1
223315,223316,223321,5,1
223315,223316,223320,4,1
223315,223316,223320,4,1
223315,223316,223320,4,1
223315,223316,223321,5,1
223315,223316,223321,5,1
223315,223316,223321,5,1
223315,223316,223326,10,1
223315,223316,223328,12,1
223315,223316,223328,12,1
223340,223340,223341,1,0
223340,223340,223341,1,0
223340,223340,223341,1,0
223340,223340,223342,2,0
223340,223340,223343,3,0
223340,223340,223342,2,0
223340,223340,223343,3,0
223340,223340,223342,2,0
223340,223340,223342,2,0
223340,223340,223343,3,0
223340,223340,223343,3,0
223340,223340,223343,3,0
223340,223340,223343,3,0
223340,223340,223343,3,0
223340,223340,223344,4,0
223340,223340,223343,3,0
223340,223340,223343,3,0
223340,223340,223344,4,0
223340,223340,223344,4,0
223340,223340,223343,3,0
223340,223340,223343,3,0
223340,223340,223343,3,0
223340,223340,223344,4,0
223340,223340,223344,4,0
223340,223340,223344,4,0
223340,223340,223344,4,0
223340,223340,223344,4,0
223340,223340,223344,4,0
223340,223340,223346,6,0
223340,223340,223346,6,0
223340,223340,223347,7,0
223359,223359,223360,1,0
223359,223359,223360,1,0
223359,223359,223361,2,0
223359,223359,223362,3,0
223359,223359,223361,2,0
223359,223359,223361,2,0
223359,223359,223362,3,0
223359,223359,223361,2,0
223359,223359,223361,2,0
223359,223359,223362,3,0
223359,223359,223361,2,0
223359,223359,223362,3,0
223359,223359,223362,3,0
223359,223359,223362,3,0
223359,223359,223362,3,0
223359,223359,223362,3,0
223359,223359,223363,4,0
223359,223359,223362,3,0
223359,223359,223362,3,0
223359,223359,223362,3,0
223359,223359,223363,4,0
223359,223359,223363,4,0
223359,223359,223363,4,0
223359,223359,223364,5,0
223359,223359,223363,4,0
223359,223359,223364,5,0
223359,223359,223363,4,0
223359,223359,223363,4,0
223359,223359,223364,5,0
223359,223359,223365,6,0
223359,223359,223368,9,0
223380,223380,223381,1,0
223380,223380,223382,2,0
223380,223380,223381,1,0
223380,223380,223382,2,0
223380,223380,223381,1,0
223380,223380,223383,3,0
223380,223380,223382,2,0
223380,223380,223383,3,0
223380,223380,223383,3,0
223380,223380,223383,3,0
223380,223380,223382,2,0
223380,223380,223383,3,0
223380,223380,223383,3,0
223380,223380,223383,3,0
223380,223380,223383,3,0
223380,223380,223384,4,0
223380,223380,223383,3,0
223380,223380,223383,3,0
223380,223380,223384,4,0
223380,223380,223385,5,0
223380,223380,223385,5,0
223380,223380,223384,4,0
223380,223380,223384,4,0
223380,223380,223384,4,0
223380,223380,223385,5,0
223380,223380,223386,6,0
223380,223380,223386,6,0
223380,223380,223386,6,0
223380,223380,223387,7,0
223380,223380,223387,7,0
223380,223380,223389,9,0
223401,223401,223402,1,0
223401,223401,223402,1,0
223401,223401,223403,2,0
223401,223401,223402,1,0
223401,223401,223402,1,0
223401,223401,223403,2,0
223401,223401,223403,2,0
223401,223401,223403,2,0
223401,223401,223403,2,0
223401,223401,223404,3,0
223401,223401,223404,3,0
223401,223401,223404,3,0
223401,223401,223404,3,0
223401,223401,223404,3,0
223401,223401,223404,3,0
223401,223401,223405,4,0
223401,223401,223404,3,0
223401,223401,223405,4,0
223401,223401,223404,3,0
223401,223401,223405,4,0
223401,223401,223405,4,0
223401,223401,223405,4,0
223401,223401,223406,5,0
223401,223401,223406,5,0
223401,223401,223407,6,0
223401,223401,223407,6,0
223401,223401,223407,6,0
223401,223401,223408,7,0
223401,223401,223407,6,0
223401,223401,223408,7,0
223401,223401,223411,10,0
223425,223425,223426,1,0
223425,223425,223426,1,0
223425,223425,223427,2,0
223425,223425,223426,1,0
223425,223425,223426,1,0
223425,223425,223427,2,0
223425,223425,223427,2,0
223425,223425,223427,2,0
223425,223425,223427,2,0
223425,223425,223428,3,0
223425,223425,223428,3,0
223425,223425,223429,4,0
223425,223425,223428,3,0
223425,223425,223428,3,0
223425,223425,223428,3,0
223425,223425,223428,3,0
223425,223425,223428,3,0
223425,223425,223428,3,0
223425,223425,223429,4,0
223425,223425,223428,3,0
223425,223425,223428,3,0
223425,223425,223428,3,0
223425,223425,223429,4,0
223425,223425,223429,4,0
223425,223425,223430,5,0
223425,223425,223431,6,0
223425,223425,223432,7,0
223425,223425,223431,6,0
223425,223425,223432,7,0
223425,223425,223432,7,0
223425,223425,223435,10,0
223448,223448,223449,1,0
223448,223448,223449,1,0
223448,223448,223449,1,0
223448,223448,223449,1,0
223448,223448,223449,1,0
223448,223448,223450,2,0
223448,223448,223450,2,0
223448,223448,223450,2,0
223448,223448,223451,3,0
223448,223448,223451,3,0
223448,223448,223450,2,0
223448,223448,223451,3,0
223448,223448,223452,4,0
223448,223448,223451,3,0
223448,223448,223451,3,0
223448,223448,223451,3,0
223448,223448,223451,3,0
223448,223448,223452,4,0
223448,223448,223451,3,0
223448,223448,223451,3,0
223448,223448,223451,3,0
223448,223448,223452,4,0
223448,223448,223452,4,0
223448,223448,223452,4,0
223448,223448,223452,4,0
223448,223448,223453,5,0
223448,223448,223454,6,0
223448,223448,223454,6,0
223448,223448,223454,6,0
223448,223448,223454,6,0
223448,223448,223455,7,0
223467,223467,223468,1,0
223467,223467,223468,1,0
223467,223467,223468,1,0
223467,223467,223468,1,0
223467,223467,223468,1,0
223467,223467,223469,2,0
223467,223467,223469,2,0
223467,223467,223470,3,0
223467,223467,223469,2,0
223467,223467,223469,2,0
223467,223467,223470,3,0
223467,223467,223469,2,0
223467,223467,223469,2,0
223467,223467,223471,4,0
223467,223467,223470,3,0
223467,223467,223470,3,0
223467,223467,223470,3,0
223467,223467,223470,3,0
223467,223467,223470,3,0
223467,223467,223470,3,0
223467,223467,223470,3,0
223467,223467,223470,3,0
223467,223467,223470,3,0
223467,223467,223470,3,0
223467,223467,223470,3,0
223467,223467,223470,3,0
223467,223467,223471,4,0
223467,223467,223472,5,0
223467,223467,223473,6,0
223467,223467,223473,6,0
223467,223467,223472,5,0
223485,223485,223486,1,0
223485,223485,223486,1,0
223485,223485,223487,2,0
223485,223485,223487,2,0
223485,223485,223487,2,0
223485,223485,223487,2,0
223485,223485,223488,3,0
223485,223485,223488,3,0
223485,223485,223488,3,0
223485,223485,223488,3,0
223485,223485,223488,3,0
223485,223485,223489,4,0
223485,223485,223489,4,0
223485,223485,223488,3,0
223485,223485,223489,4,0
223485,223485,223489,4,0
223485,223485,223488,3,0
223485,223485,223489,4,0
223485,223485,223488,3,0
223485,223485,223489,4,0
223485,223485,223489,4,0
223485,223485,223489,4,0
223485,223485,223489,4,0
223485,223485,223490,5,0
223485,223485,223490,5,0
223485,223485,223491,6,0
223485,223485,223491,6,0
223485,223485,223491,6,0
223485,223485,223492,7,0
223485,223485,223495,10,0
223485,223485,223496,11,0
223508,223508,223509,1,0
223508,223508,223509,1,0
223508,223508,223509,1,0
223508,223508,223510,2,0
223508,223508,223511,3,0
223508,223508,223511,3,0
223508,223508,223511,3,0
223508,223508,223511,3,0
223508,223508,223511,3,0
223508,223508,223511,3,0
223508,223508,223511,3,0
223508,223508,223510,2,0
223508,223508,223510,2,0
223508,223508,223511,3,0
223508,223508,223511,3,0
223508,223508,223512,4,0
223508,223508,223511,3,0
223508,223508,223512,4,0
223508,223508,223513,5,0
223508,223508,223512,4,0
223508,223508,223513,5,0
223508,223508,223514,6,0
223508,223508,223513,5,0
223508,223508,223513,5,0
223508,223508,223515,7,0
223508,223508,223514,6,0
223508,223508,223515,7,0
223508,223508,223515,7,0
223508,223508,223516,8,0
223508,223508,223518,10,0
223508,223508,223517,9,0
223530,223530,223531,1,0
223530,223530,223531,1,0
223530,223530,223531,1,0
223530,223530,223531,1,0
223530,223530,223531,1,0
223530,223530,223532,2,0
223530,223530,223532,2,0
223530,223530,223533,3,0
223530,223530,223533,3,0
223530,223530,223532,2,0
223530,223530,223532,2,0
223530,223530,223533,3,0
223530,223530,223532,2,0
223530,223530,223533,3,0
223530,223530,223533,3,0
223530,223530,223533,3,0
223530,223530,223533,3,0
223530,223530,223533,3,0
223530,223530,223533,3,0
223530,223530,223534,4,0
223530,223530,223535,5,0
223530,223530,223534,4,0
223530,223530,223535,5,0
223530,223530,223535,5,0
223530,223530,223535,5,0
223530,223530,223536,6,0
223530,223530,223536,6,0
223530,223530,223536,6,0
223530,223530,223538,8,0
223530,223530,223538,8,0
223530,223530,223539,9,0
223551,223551,223552,1,0
223551,223551,223552,1,0
223551,223551,223553,2,0
223551,223551,223552,1,0
223551,223551,223552,1,0
223551,223551,223553,2,0
223551,223551,223554,3,0
223551,223551,223553,2,0
223551,223551,223554,3,0
223551,223551,223554,3,0
223551,223551,223553,2,0
223551,223551,223554,3,0
223551,223551,223554,3,0
223551,223551,223553,2,0
223551,223551,223553,2,0
223551,223551,223555,4,0
223551,223551,223554,3,0
223551,223551,223554,3,0
223551,223551,223554,3,0
223551,223551,223555,4,0
223551,223551,223556,5,0
223551,223551,223556,5,0
223551,223551,223557,6,0
223551,223551,223557,6,0
223551,223551,223557,6,0
223551,223551,223554,3,0
223551,223551,223557,6,0
223551,223551,223557,6,0
223551,223551,223559,8,0
223551,223551,223558,7,0
223551,223551,223561,10,0
223573,223573,223574,1,0
223573,223573,223575,2,0
223573,223573,223574,1,0
223573,223573,223575,2,0
223573,223573,223575,2,0
223573,223573,223575,2,0
223573,223573,223575,2,0
223573,223573,223576,3,0
223573,223573,223576,3,0
223573,223573,223576,3,0
223573,223573,223576,3,0
223573,223573,223576,3,0
223573,223573,223576,3,0
223573,223573,223576,3,0
223573,223573,223576,3,0
223573,223573,223577,4,0
223573,223573,223576,3,0
223573,223573,223577,4,0
223573,223573,223577,4,0
223573,223573,223577,4,0
223573,223573,223577,4,0
223573,223573,223576,3,0
223573,223573,223577,4,0
223573,223573,223577,4,0
223573,223573,223577,4,0
223573,223573,223578,5,0
223573,223573,223578,5,0
223573,223573,223578,5,0
223573,223573,223578,5,0
223573,223573,223579,6,0
223573,223573,223579,6,0
223591,223591,223592,1,0
223591,223591,223592,1,0
223591,223591,223592,1,0
223591,223591,223592,1,0
223591,223591,223592,1,0
223591,223591,223594,3,0
223591,223591,223594,3,0
223591,223591,223594,3,0
223591,223591,223593,2,0
223591,223591,223593,2,0
223591,223591,223594,3,0
223591,223591,223594,3,0
223591,223591,223593,2,0
223591,223591,223594,3,0
223591,223591,223593,2,0
223591,223591,223593,2,0
223591,223591,223593,2,0
223591,223591,223594,3,0
223591,223591,223594,3,0
223591,223591,223594,3,0
223591,223591,223594,3,0
223591,223591,223594,3,0
223591,223591,223594,3,0
223591,223591,223596,5,0
223591,223591,223595,4,0
223591,223591,223596,5,0
223591,223591,223595,4,0
223591,223591,223596,5,0
223591,223591,223595,4,0
223591,223591,223596,5,0
223591,223591,223596,5,0
223608,223609,223610,1,1
223608,223609,223610,1,1
223608,223609,223610,1,1
223608,223609,223610,1,1
223608,223609,223610,1,1
223608,223609,223610,1,1
223608,223609,223610,1,1
223608,223609,223612,3,1
223608,223609,223611,2,1
223608,223609,223611,2,1
223608,223609,223611,2,1
223608,223609,223611,2,1
223608,223609,223612,3,1
223608,223609,223612,3,1
223608,223609,223612,3,1
223608,223609,223612,3,1
223608,223609,223612,3,1
223608,223609,223612,3,1
223608,223609,223612,3,1
223608,223609,223612,3,1
223608,223609,223612,3,1
223608,223609,223612,3,1
223608,223609,223613,4,1
223608,223609,223613,4,1
223608,223609,223613,4,1
223608,223609,223615,6,1
223608,223609,223615,6,1
223608,223609,223615,6,1
223608,223609,223616,7,1
223608,223609,223616,7,1
223608,223609,223616,7,1
223124,223125,223617,492,1
223629,223629,223630,1,0
223629,223629,223630,1,0
223629,223629,223630,1,0
223629,223629,223630,1,0
223629,223629,223630,1,0
223629,223629,223630,1,0
223629,223629,223630,1,0
223629,223629,223631,2,0
223629,223629,223632,3,0
223629,223629,223631,2,0
223629,223629,223631,2,0
223629,223629,223631,2,0
223629,223629,223631,2,0
223629,223629,223631,2,0
223629,223629,223631,2,0
223629,223629,223632,3,0
223629,223629,223632,3,0
223629,223629,223632,3,0
223629,223629,223632,3,0
223629,223629,223632,3,0
223629,223629,223632,3,0
223629,223629,223632,3,0
223629,223629,223632,3,0
223629,223629,223632,3,0
223629,223629,223633,4,0
223629,223629,223635,6,0
223629,223629,223634,5,0
223629,223629,223636,7,0
223629,223629,223636,7,0
223629,223629,223636,7,0
223629,223629,223638,9,0
223650,223650,223651,1,0
223650,223650,223651,1,0
223650,223650,223652,2,0
223650,223650,223652,2,0
223650,223650,223651,1,0
223650,223650,223652,2,0
223650,223650,223651,1,0
223650,223650,223651,1,0
223650,223650,223652,2,0
223650,223650,223653,3,0
223650,223650,223653,3,0
223650,223650,223653,3,0
223650,223650,223653,3,0
223650,223650,223653,3,0
223650,223650,223652,2,0
223650,223650,223652,2,0
223650,223650,223652,2,0
223650,223650,223652,2,0
223650,223650,223653,3,0
223650,223650,223653,3,0
223650,223650,223652,2,0
223650,223650,223652,2,0
223650,223650,223652,2,0
223650,223650,223653,3,0
223650,223650,223653,3,0
223650,223650,223653,3,0
223650,223650,223653,3,0
223650,223650,223653,3,0
223650,223650,223653,3,0
223650,223650,223653,3,0
223650,223650,223655,5,0
223668,223668,223669,1,0
223668,223668,223669,1,0
223668,223668,223669,1,0
223668,223668,223669,1,0
223668,223668,223670,2,0
223668,223668,223669,1,0
223668,223668,223669,1,0
223668,223668,223669,1,0
223668,223668,223670,2,0
223668,223668,223669,1,0
223668,223668,223671,3,0
223668,223668,223671,3,0
223668,223668,223671,3,0
223668,223668,223670,2,0
223668,223668,223670,2,0
223668,223668,223670,2,0
223668,223668,223670,2,0
223668,223668,223671,3,0
223668,223668,223670,2,0
223668,223668,223671,3,0
223668,223668,223670,2,0
223668,223668,223670,2,0
223668,223668,223670,2,0
223668,223668,223671,3,0
223668,223668,223671,3,0
223668,223668,223671,3,0
223668,223668,223671,3,0
223668,223668,223671,3,0
223668,223668,223672,4,0
223668,223668,223674,6,0
223668,223668,223675,7,0
223689,223689,223690,1,0
223689,223689,223691,2,0
223689,223689,223691,2,0
223689,223689,223690,1,0
223689,223689,223691,2,0
223689,223689,223691,2,0
223689,223689,223691,2,0
223689,223689,223690,1,0
223689,223689,223691,2,0
223689,223689,223691,2,0
223689,223689,223692,3,0
223689,223689,223692,3,0
223689,223689,223692,3,0
223689,223689,223692,3,0
223689,223689,223691,2,0
223689,223689,223691,2,0
223689,223689,223691,2,0
223689,223689,223692,3,0
223689,223689,223691,2,0
223689,223689,223691,2,0
223689,223689,223692,3,0
223689,223689,223692,3,0
223689,223689,223693,4,0
223689,223689,223692,3,0
223689,223689,223694,5,0
223689,223689,223696,7,0
223689,223689,223696,7,0
223689,223689,223696,7,0
223689,223689,223696,7,0
223689,223689,223696,7,0
223689,223689,223697,8,0
223709,223709,223710,1,0
223709,223709,223711,2,0
223709,223709,223710,1,0
223709,223709,223711,2,0
223709,223709,223710,1,0
223709,223709,223710,1,0
223709,223709,223710,1,0
223709,223709,223710,1,0
223709,223709,223710,1,0
223709,223709,223710,1,0
223709,223709,223711,2,0
223709,223709,223710,1,0
223709,223709,223712,3,0
223709,223709,223712,3,0
223709,223709,223712,3,0
223709,223709,223711,2,0
223709,223709,223711,2,0
223709,223709,223712,3,0
223709,223709,223711,2,0
223709,223709,223712,3,0
223709,223709,223711,2,0
223709,223709,223712,3,0
223709,223709,223712,3,0
223709,223709,223712,3,0
223709,223709,223713,4,0
223709,223709,223713,4,0
223709,223709,223713,4,0
223709,223709,223715,6,0
223709,223709,223716,7,0
223709,223709,223717,8,0
223709,223709,223717,8,0
223729,223729,223730,1,0
223729,223729,223730,1,0
223729,223729,223730,1,0
223729,223729,223731,2,0
223729,223729,223730,1,0
223729,223729,223730,1,0
223729,223729,223730,1,0
223729,223729,223730,1,0
223729,223729,223730,1,0
223729,223729,223730,1,0
223729,223729,223730,1,0
223729,223729,223730,1,0
223729,223729,223732,3,0
223729,223729,223732,3,0
223729,223729,223731,2,0
223729,223729,223731,2,0
223729,223729,223731,2,0
223729,223729,223731,2,0
223729,223729,223731,2,0
223729,223729,223732,3,0
223729,223729,223732,3,0
223729,223729,223731,2,0
223729,223729,223731,2,0
223729,223729,223731,2,0
223729,223729,223732,3,0
223729,223729,223732,3,0
223729,223729,223732,3,0
223729,223729,223732,3,0
223729,223729,223732,3,0
223729,223729,223732,3,0
223729,223729,223736,7,0
223747,223747,223748,1,0
223747,223747,223749,2,0
223747,223747,223749,2,0
223747,223747,223749,2,0
223747,223747,223749,2,0
223747,223747,223749,2,0
223747,223747,223748,1,0
223747,223747,223749,2,0
223747,223747,223749,2,0
223747,223747,223749,2,0
223747,223747,223749,2,0
223747,223747,223749,2,0
223747,223747,223750,3,0
223747,223747,223750,3,0
223747,223747,223750,3,0
223747,223747,223750,3,0
223747,223747,223750,3,0
223747,223747,223750,3,0
223747,223747,223750,3,0
223747,223747,223750,3,0
223747,223747,223750,3,0
223747,223747,223750,3,0
223747,223747,223750,3,0
223747,223747,223751,4,0
223747,223747,223751,4,0
223747,223747,223751,4,0
223747,223747,223751,4,0
223747,223747,223751,4,0
223747,223747,223751,4,0
223747,223747,223752,5,0
223747,223747,223752,5,0
223763,223763,223765,2,0
223763,223763,223765,2,0
223763,223763,223765,2,0
223763,223763,223765,2,0
223763,223763,223765,2,0
223763,223763,223765,2,0
223763,223763,223765,2,0
223763,223763,223765,2,0
223763,223763,223765,2,0
223763,223763,223765,2,0
223763,223763,223766,3,0
223763,223763,223766,3,0
223763,223763,223766,3,0
223763,223763,223766,3,0
223763,223763,223766,3,0
223763,223763,223766,3,0
223763,223764,223766,2,1
223763,223764,223766,2,1
223763,223763,223767,4,0
223763,223763,223767,4,0
223763,223763,223767,4,0
223763,223763,223767,4,0
223763,223764,223767,3,1
223763,223763,223768,5,0
223763,223763,223768,5,0
223763,223763,223766,3,0
223763,223763,223767,4,0
223763,223763,223769,6,0
223763,223763,223772,9,0
223763,223763,223772,9,0
223763,223763,223772,9,0
223783,223783,223784,1,0
223783,223783,223784,1,0
223783,223783,223784,1,0
223783,223783,223784,1,0
223783,223783,223785,2,0
223783,223783,223784,1,0
223783,223783,223785,2,0
223783,223783,223785,2,0
223783,223783,223785,2,0
223783,223783,223784,1,0
223783,223783,223786,3,0
223783,223783,223785,2,0
223783,223783,223786,3,0
223783,223783,223786,3,0
223783,223783,223785,2,0
223783,223783,223786,3,0
223783,223783,223786,3,0
223783,223783,223785,2,0
223783,223783,223785,2,0
223783,223783,223785,2,0
223783,223783,223786,3,0
223783,223783,223786,3,0
223783,223783,223786,3,0
223783,223783,223786,3,0
223783,223783,223786,3,0
223783,223783,223786,3,0
223783,223783,223789,6,0
223783,223783,223789,6,0
223783,223783,223788,5,0
223783,223783,223789,6,0
223783,223783,223793,10,0
223805,223805,223806,1,0
223805,223805,223807,2,0
223805,223805,223806,1,0
223805,223805,223808,3,0
223805,223805,223808,3,0
223805,223805,223808,3,0
223805,223805,223808,3,0
223805,223805,223808,3,0
223805,223805,223808,3,0
223805,223805,223808,3,0
223805,223805,223809,4,0
223805,223805,223810,5,0
223805,223805,223810,5,0
223805,223805,223810,5,0
223805,223805,223810,5,0
223805,223805,223811,6,0
223805,223805,223810,5,0
223805,223805,223810,5,0
223805,223805,223812,7,0
223805,223805,223812,7,0
223805,223805,223811,6,0
223805,223805,223813,8,0
223805,223805,223813,8,0
223805,223805,223813,8,0
223805,223805,223815,10,0
223805,223805,223815,10,0
223805,223805,223814,9,0
223805,223805,223814,9,0
223805,223805,223815,10,0
223805,223805,223815,10,0
223805,223805,223819,14,0
223831,223831,223832,1,0
223831,223831,223832,1,0
223831,223831,223833,2,0
223831,223831,223834,3,0
223831,223831,223833,2,0
223831,223831,223833,2,0
223831,223831,223834,3,0
223831,223831,223834,3,0
223831,223831,223835,4,0
223831,223831,223835,4,0
223831,223831,223834,3,0
223831,223831,223835,4,0
223831,223831,223835,4,0
223831,223831,223835,4,0
223831,223831,223836,5,0
223831,223831,223836,5,0
223831,223831,223837,6,0
223831,223831,223837,6,0
223831,223831,223837,6,0
223831,223831,223838,7,0
223831,223831,223837,6,0
223831,223831,223837,6,0
223831,223831,223838,7,0
223831,223831,223837,6,0
223831,223831,223839,8,0
223831,223831,223840,9,0
223831,223831,223839,8,0
223831,223831,223840,9,0
223831,223831,223840,9,0
223831,223831,223840,9,0
223831,223831,223840,9,0
223854,223854,223855,1,0
223854,223854,223855,1,0
223854,223854,223856,2,0
223854,223854,223856,2,0
223854,223854,223856,2,0
223854,223854,223857,3,0
223854,223854,223857,3,0
223854,223854,223857,3,0
223854,223854,223858,4,0
223854,223854,223857,3,0
223854,223854,223858,4,0
223854,223854,223858,4,0
223854,223854,223859,5,0
223854,223854,223859,5,0
223854,223854,223859,5,0
223854,223854,223859,5,0
223854,223854,223860,6,0
223854,223854,223860,6,0
223854,223854,223860,6,0
223854,223854,223859,5,0
223854,223854,223860,6,0
223854,223854,223860,6,0
223854,223854,223861,7,0
223854,223854,223860,6,0
223854,223854,223861,7,0
223854,223854,223861,7,0
223854,223854,223861,7,0
223854,223854,223862,8,0
223854,223854,223862,8,0
223854,223854,223864,10,0
223854,223854,223863,9,0
223876,223876,223877,1,0
223876,223876,223877,1,0
223876,223876,223877,1,0
223876,223876,223879,3,0
223876,223876,223878,2,0
223876,223876,223880,4,0
223876,223876,223879,3,0
223876,223876,223879,3,0
223876,223876,223879,3,0
223876,223876,223879,3,0
223876,223876,223880,4,0
223876,223876,223880,4,0
223876,223876,223880,4,0
223876,223876,223880,4,0
223876,223876,223879,3,0
223876,223876,223879,3,0
223876,223876,223881,5,0
223876,223876,223882,6,0
223876,223876,223881,5,0
223876,223876,223881,5,0
223876,223876,223882,6,0
223876,223876,223883,7,0
223876,223876,223882,6,0
223876,223876,223883,7,0
223876,223876,223883,7,0
223876,223876,223884,8,0
223876,223876,223883,7,0
223876,223876,223883,7,0
223876,223876,223884,8,0
223876,223876,223885,9,0
223876,223876,223886,10,0
223897,223897,223899,2,0
223897,223897,223898,1,0
223897,223897,223898,1,0
223897,223897,223900,3,0
223897,223897,223900,3,0
223897,223897,223899,2,0
223897,223897,223901,4,0
223897,223897,223900,3,0
223897,223897,223901,4,0
223897,223897,223900,3,0
223897,223897,223900,3,0
223897,223897,223900,3,0
223897,223897,223901,4,0
223897,223897,223901,4,0
223897,223897,223901,4,0
223897,223897,223902,5,0
223897,223897,223901,4,0
223897,223897,223901,4,0
223897,223897,223902,5,0
223897,223897,223902,5,0
223897,223897,223903,6,0
223897,223897,223902,5,0
223897,223897,223903,6,0
223897,223897,223903,6,0
223897,223897,223903,6,0
223897,223897,223904,7,0
223897,223897,223904,7,0
223897,223897,223906,9,0
223897,223897,223906,9,0
223897,223897,223907,10,0
223897,223897,223907,10,0
223920,223920,223921,1,0
223920,223920,223921,1,0
223920,223920,223921,1,0
223920,223920,223922,2,0
223920,223920,223923,3,0
223920,223920,223922,2,0
223920,223920,223924,4,0
223920,223920,223923,3,0
223920,223920,223923,3,0
223920,223920,223923,3,0
223920,223920,223923,3,0
223920,223920,223923,3,0
223920,223920,223924,4,0
223920,223920,223924,4,0
223920,223920,223924,4,0
223920,223920,223924,4,0
223920,223920,223925,5,0
223920,223920,223925,5,0
223920,223920,223925,5,0
223920,223920,223925,5,0
223920,223920,223925,5,0
223920,223920,223926,6,0
223920,223920,223927,7,0
223920,223920,223927,7,0
223920,223920,223927,7,0
223920,223920,223928,8,0
223920,223920,223928,8,0
223920,223920,223929,9,0
223920,223920,223930,10,0
223920,223920,223930,10,0
223920,223920,223930,10,0
223942,223942,223944,2,0
223942,223942,223943,1,0
223942,223942,223944,2,0
223942,223942,223945,3,0
223942,223942,223945,3,0
223942,223942,223945,3,0
223942,223942,223946,4,0
223942,223942,223945,3,0
223942,223942,223946,4,0
223942,223942,223946,4,0
223942,223942,223946,4,0
223942,223942,223946,4,0
223942,223942,223947,5,0
223942,223942,223947,5,0
223942,223942,223947,5,0
223942,223942,223947,5,0
223942,223942,223947,5,0
223942,223942,223947,5,0
223942,223942,223947,5,0
223942,223942,223948,6,0
223942,223942,223948,6,0
223942,223942,223949,7,0
223942,223942,223949,7,0
223942,223942,223950,8,0
223942,223942,223950,8,0
223942,223942,223952,10,0
223942,223942,223952,10,0
223942,223942,223952,10,0
223942,223942,223952,10,0
223942,223942,223952,10,0
223942,223942,223952,10,0
223964,223964,223965,1,0
223964,223964,223966,2,0
223964,223964,223965,1,0
223964,223964,223967,3,0
223964,223964,223967,3,0
223964,223964,223968,4,0
223964,223964,223968,4,0
223964,223964,223968,4,0
223964,223964,223968,4,0
223964,223964,223968,4,0
223964,223964,223968,4,0
223964,223964,223968,4,0
223964,223964,223968,4,0
223964,223964,223968,4,0
223964,223964,223969,5,0
223964,223964,223969,5,0
223964,223964,223969,5,0
223964,223964,223970,6,0
223964,223964,223970,6,0
223964,223964,223971,7,0
223964,223964,223971,7,0
223964,223964,223971,7,0
223964,223964,223971,7,0
223964,223964,223972,8,0
223964,223964,223973,9,0
223964,223964,223974,10,0
223964,223964,223974,10,0
223964,223964,223974,10,0
223964,223964,223974,10,0
223964,223964,223974,10,0
223964,223964,223974,10,0
223987,223987,223988,1,0
223987,223987,223988,1,0
223987,223987,223988,1,0
223987,223987,223989,2,0
223987,223987,223989,2,0
223987,223987,223990,3,0
223987,223987,223990,3,0
223987,223987,223990,3,0
223987,223987,223990,3,0
223987,223987,223992,5,0
223987,223987,223991,4,0
223987,223987,223991,4,0
223987,223987,223991,4,0
223987,223987,223991,4,0
223987,223987,223992,5,0
223987,223987,223992,5,0
223987,223987,223992,5,0
223987,223987,223993,6,0
223987,223987,223992,5,0
223987,223987,223993,6,0
223987,223987,223994,7,0
223987,223987,223994,7,0
223987,223987,223994,7,0
223987,223987,223994,7,0
223987,223987,223996,9,0
223987,223987,223996,9,0
223987,223987,223996,9,0
223987,223987,223996,9,0
223987,223987,223996,9,0
223987,223987,223996,9,0
223987,223987,223997,10,0
224009,224009,224010,1,0
224009,224009,224010,1,0
224009,224009,224010,1,0
224009,224009,224012,3,0
224009,224009,224012,3,0
224009,224009,224012,3,0
224009,224009,224012,3,0
224009,224009,224012,3,0
224009,224009,224014,5,0
224009,224009,224014,5,0
224009,224009,224013,4,0
224009,224009,224014,5,0
224009,224009,224013,4,0
224009,224009,224014,5,0
224009,224009,224014,5,0
224009,224009,224015,6,0
224009,224009,224015,6,0
224009,224009,224016,7,0
224009,224009,224017,8,0
224009,224009,224016,7,0
224009,224009,224016,7,0
224009,224009,224018,9,0
224009,224009,224017,8,0
224009,224009,224017,8,0
224009,224009,224018,9,0
224009,224009,224018,9,0
224009,224009,224018,9,0
224009,224009,224018,9,0
224009,224009,224018,9,0
224009,224009,224018,9,0
224009,224009,224018,9,0
224031,224031,224032,1,0
224031,224031,224032,1,0
224031,224031,224032,1,0
224031,224031,224033,2,0
224031,224031,224034,3,0
224031,224031,224035,4,0
224031,224031,224034,3,0
224031,224031,224034,3,0
224031,224031,224035,4,0
224031,224031,224034,3,0
224031,224031,224035,4,0
224031,224031,224036,5,0
224031,224031,224035,4,0
224031,224031,224035,4,0
224031,224031,224036,5,0
224031,224031,224036,5,0
224031,224031,224036,5,0
224031,224031,224038,7,0
224031,224031,224037,6,0
224031,224031,224037,6,0
224031,224031,224038,7,0
224031,224031,224037,6,0
224031,224031,224038,7,0
224031,224031,224038,7,0
224031,224031,224039,8,0
224031,224031,224039,8,0
224031,224031,224040,9,0
224031,224031,224040,9,0
224031,224031,224040,9,0
224031,224031,224040,9,0
224031,224031,224040,9,0
224053,224053,224054,1,0
224053,224053,224054,1,0
224053,224053,224054,1,0
224053,224053,224056,3,0
224053,224053,224056,3,0
224053,224053,224057,4,0
224053,224053,224056,3,0
224053,224053,224056,3,0
224053,224053,224056,3,0
224053,224053,224056,3,0
224053,224053,224056,3,0
224053,224053,224057,4,0
224053,224053,224057,4,0
224053,224053,224057,4,0
224053,224053,224058,5,0
224053,224053,224058,5,0
224053,224053,224058,5,0
224053,224053,224058,5,0
224053,224053,224059,6,0
224053,224053,224060,7,0
224053,224053,224060,7,0
224053,224053,224060,7,0
224053,224053,224061,8,0
224053,224053,224062,9,0
224053,224053,224061,8,0
224053,224053,224062,9,0
224053,224053,224061,8,0
224053,224053,224061,8,0
224053,224053,224061,8,0
224053,224053,224062,9,0
224053,224053,224062,9,0
224074,224074,224075,1,0
224074,224074,224075,1,0
224074,224074,224075,1,0
224074,224074,224077,3,0
224074,224074,224077,3,0
224074,224074,224077,3,0
224074,224074,224078,4,0
224074,224074,224077,3,0
224074,224074,224078,4,0
224074,224074,224077,3,0
224074,224074,224078,4,0
224074,224074,224078,4,0
224074,224074,224079,5,0
224074,224074,224078,4,0
224074,224074,224079,5,0
224074,224074,224079,5,0
224074,224074,224079,5,0
224074,224074,224080,6,0
224074,224074,224079,5,0
224074,224074,224081,7,0
224074,224074,224081,7,0
224074,224074,224082,8,0
224074,224074,224081,7,0
224074,224074,224082,8,0
224074,224074,224083,9,0
224074,224074,224082,8,0
224074,224074,224084,10,0
224074,224074,224083,9,0
224074,224074,224084,10,0
224074,224074,224084,10,0
224074,224074,224084,10,0
224096,224096,224097,1,0
224096,224096,224097,1,0
224096,224096,224098,2,0
224096,224096,224099,3,0
224096,224096,224099,3,0
224096,224096,224099,3,0
224096,224096,224100,4,0
224096,224096,224099,3,0
224096,224096,224100,4,0
224096,224096,224100,4,0
224096,224096,224101,5,0
224096,224096,224100,4,0
224096,224096,224101,5,0
224096,224096,224100,4,0
224096,224096,224101,5,0
224096,224096,224101,5,0
224096,224096,224102,6,0
224096,224096,224102,6,0
224096,224096,224102,6,0
224096,224096,224102,6,0
224096,224096,224104,8,0
224096,224096,224104,8,0
224096,224096,224103,7,0
224096,224096,224104,8,0
224096,224096,224105,9,0
224096,224096,224104,8,0
224096,224096,224105,9,0
224096,224096,224106,10,0
224096,224096,224105,9,0
224096,224096,224106,10,0
224096,224096,224106,10,0
224119,224119,224120,1,0
224119,224119,224120,1,0
224119,224119,224120,1,0
224119,224119,224122,3,0
224119,224119,224122,3,0
224119,224119,224123,4,0
224119,224119,224123,4,0
224119,224119,224123,4,0
224119,224119,224123,4,0
224119,224119,224122,3,0
224119,224119,224122,3,0
224119,224119,224122,3,0
224119,224119,224123,4,0
224119,224119,224123,4,0
224119,224119,224124,5,0
224119,224119,224125,6,0
224119,224119,224124,5,0
224119,224119,224124,5,0
224119,224119,224125,6,0
224119,224119,224125,6,0
224119,224119,224126,7,0
224119,224119,224126,7,0
224119,224119,224126,7,0
224119,224119,224126,7,0
224119,224119,224127,8,0
224119,224119,224127,8,0
224119,224119,224126,7,0
224119,224119,224127,8,0
224119,224119,224128,9,0
224119,224119,224128,9,0
224119,224119,224129,10,0
224142,224142,224143,1,0
224142,224142,224143,1,0
224142,224142,224143,1,0
224142,224142,224145,3,0
224142,224142,224145,3,0
224142,224142,224145,3,0
224142,224142,224145,3,0
224142,224142,224145,3,0
224142,224142,224146,4,0
224142,224142,224145,3,0
224142,224142,224145,3,0
224142,224142,224145,3,0
224142,224142,224146,4,0
224142,224142,224146,4,0
224142,224142,224146,4,0
224142,224142,224147,5,0
224142,224142,224147,5,0
223625,223626,224147,521,1
224142,224142,224146,4,0
224142,224142,224147,5,0
224142,224142,224147,5,0
224142,224142,224147,5,0
224142,224142,224149,7,0
224142,224142,224149,7,0
224142,224142,224149,7,0
224142,224142,224149,7,0
224142,224142,224149,7,0
224142,224142,224150,8,0
224142,224142,224151,9,0
224142,224142,224151,9,0
224142,224142,224152,10,0
224142,224142,224153,11,0
224165,224165,224167,2,0
224165,224165,224167,2,0
224165,224165,224167,2,0
224165,224165,224168,3,0
224165,224165,224168,3,0
224165,224165,224168,3,0
224165,224165,224168,3,0
224165,224165,224168,3,0
224165,224165,224168,3,0
224165,224165,224169,4,0
224165,224165,224169,4,0
224165,224165,224170,5,0
224165,224165,224170,5,0
224165,224165,224170,5,0
224165,224165,224170,5,0
224165,224165,224170,5,0
224165,224165,224171,6,0
224165,224165,224171,6,0
224165,224165,224173,8,0
224165,224165,224173,8,0
224165,224165,224173,8,0
224165,224165,224173,8,0
224165,224165,224174,9,0
224165,224165,224174,9,0
224165,224165,224174,9,0
224165,224165,224174,9,0
224165,224165,224174,9,0
224165,224165,224175,10,0
224165,224165,224175,10,0
224165,224165,224175,10,0
224165,224165,224178,13,0
224190,224190,224191,1,0
224190,224190,224191,1,0
224190,224190,224192,2,0
224190,224190,224193,3,0
224190,224190,224193,3,0
224190,224190,224193,3,0
224190,224190,224194,4,0
224190,224190,224194,4,0
224190,224190,224194,4,0
224190,224190,224194,4,0
224190,224190,224194,4,0
224190,224190,224193,3,0
224190,224190,224194,4,0
224190,224190,224193,3,0
224190,224190,224194,4,0
224190,224190,224194,4,0
224190,224190,224195,5,0
224190,224190,224195,5,0
224190,224190,224196,6,0
224190,224190,224196,6,0
224190,224190,224196,6,0
224190,224190,224196,6,0
224190,224190,224198,8,0
224190,224190,224197,7,0
224190,224190,224198,8,0
224190,224190,224200,10,0
224190,224190,224200,10,0
224190,224190,224199,9,0
224190,224190,224200,10,0
224190,224190,224200,10,0
224190,224190,224203,13,0
224216,224216,224218,2,0
224216,224216,224217,1,0
224216,224216,224217,1,0
224216,224216,224219,3,0
224216,224216,224219,3,0
224216,224216,224219,3,0
224216,224216,224219,3,0
224216,224216,224219,3,0
224216,224216,224219,3,0
224216,224216,224220,4,0
224216,224216,224220,4,0
224216,224216,224220,4,0
224216,224216,224221,5,0
224216,224216,224221,5,0
224216,224216,224221,5,0
224216,224216,224221,5,0
224216,224216,224222,6,0
224216,224216,224222,6,0
224216,224216,224224,8,0
224216,224216,224223,7,0
224216,224216,224224,8,0
224216,224216,224224,8,0
224216,224216,224225,9,0
224216,224216,224225,9,0
224216,224216,224226,10,0
224216,224216,224225,9,0
224216,224216,224226,10,0
224216,224216,224226,10,0
224216,224216,224226,10,0
224216,224216,224228,12,0
224216,224216,224227,11,0
224240,224240,224241,1,0
224240,224240,224241,1,0
224240,224240,224241,1,0
224240,224240,224242,2,0
224240,224240,224243,3,0
224240,224240,224243,3,0
224240,224240,224243,3,0
224240,224240,224244,4,0
224240,224240,224243,3,0
224240,224240,224243,3,0
224240,224240,224244,4,0
224240,224240,224243,3,0
224240,224240,224245,5,0
224240,224240,224245,5,0
224240,224240,224244,4,0
224240,224240,224245,5,0
224240,224240,224245,5,0
224240,224240,224245,5,0
224240,224240,224246,6,0
224240,224240,224245,5,0
224240,224240,224245,5,0
224240,224240,224247,7,0
224240,224240,224247,7,0
224240,224240,224247,7,0
224240,224240,224247,7,0
224240,224240,224247,7,0
224240,224240,224249,9,0
224240,224240,224249,9,0
224240,224240,224250,10,0
224240,224240,224250,10,0
224240,224240,224253,13,0
224264,224264,224265,1,0
224264,224264,224266,2,0
224264,224264,224265,1,0
224264,224264,224267,3,0
224264,224264,224268,4,0
224264,224264,224268,4,0
224264,224264,224267,3,0
224264,224264,224268,4,0
224264,224264,224267,3,0
224264,224264,224268,4,0
224264,224264,224267,3,0
224264,224264,224268,4,0
224264,224264,224269,5,0
224264,224264,224269,5,0
224264,224264,224268,4,0
224264,224264,224269,5,0
224264,224264,224270,6,0
224264,224264,224269,5,0
224264,224264,224269,5,0
224264,224264,224270,6,0
224264,224264,224270,6,0
224264,224264,224271,7,0
224264,224264,224272,8,0
224264,224264,224273,9,0
224264,224264,224273,9,0
224264,224264,224273,9,0
224264,224264,224274,10,0
224264,224264,224273,9,0
224264,224264,224276,12,0
224264,224264,224275,11,0
224264,224264,224277,13,0
224289,224289,224290,1,0
224289,224289,224290,1,0
224289,224289,224291,2,0
224289,224289,224292,3,0
224289,224289,224292,3,0
224289,224289,224292,3,0
224289,224289,224292,3,0
224289,224289,224293,4,0
224289,224289,224292,3,0
224289,224289,224293,4,0
224289,224289,224294,5,0
224289,224289,224293,4,0
224289,224289,224294,5,0
224289,224289,224293,4,0
224289,224289,224294,5,0
224289,224289,224292,3,0
224289,224289,224291,2,0
224289,224289,224295,6,0
224289,224289,224296,7,0
224289,224289,224296,7,0
224289,224289,224296,7,0
224289,224289,224297,8,0
224289,224289,224296,7,0
224289,224289,224298,9,0
224289,224289,224299,10,0
224289,224289,224299,10,0
224289,224289,224299,10,0
224289,224289,224299,10,0
224289,224289,224299,10,0
224289,224289,224299,10,0
224289,224289,224300,11,0
224312,224312,224314,2,0
224312,224312,224314,2,0
224312,224312,224314,2,0
224312,224312,224315,3,0
224312,224312,224315,3,0
224312,224312,224316,4,0
224312,224312,224316,4,0
224312,224312,224316,4,0
224312,224312,224316,4,0
224312,224312,224316,4,0
224312,224312,224316,4,0
224312,224312,224316,4,0
224312,224312,224317,5,0
224312,224312,224317,5,0
224312,224312,224317,5,0
224312,224312,224317,5,0
224312,224312,224317,5,0
224312,224312,224318,6,0
224312,224312,224320,8,0
224312,224312,224322,10,0
224312,224312,224322,10,0
224312,224312,224322,10,0
224312,224312,224322,10,0
224312,224312,224322,10,0
224312,224312,224322,10,0
224312,224312,224322,10,0
224312,224312,224322,10,0
224312,224312,224322,10,0
224312,224312,224323,11,0
224312,224312,224323,11,0
224312,224312,224324,12,0
224336,224337,224338,1,1
224336,224337,224338,1,1
224336,224337,224338,1,1
224336,224337,224339,2,1
224336,224337,224339,2,1
224336,224337,224339,2,1
224336,224337,224340,3,1
224336,224337,224340,3,1
224336,224337,224340,3,1
224336,224337,224341,4,1
224336,224337,224341,4,1
224336,224337,224341,4,1
224336,224337,224341,4,1
224336,224337,224341,4,1
224336,224337,224341,4,1
224336,224337,224341,4,1
224336,224337,224341,4,1
224336,224337,224343,6,1
224336,224337,224342,5,1
224336,224337,224342,5,1
224336,224337,224343,6,1
224336,224337,224343,6,1
224336,224337,224344,7,1
224336,224337,224345,8,1
224336,224337,224345,8,1
224336,224337,224345,8,1
224336,224337,224346,9,1
224336,224337,224346,9,1
224336,224337,224346,9,1
224336,224337,224346,9,1
224336,224337,224347,10,1
224359,224359,224361,2,0
224359,224359,224360,1,0
224359,224359,224360,1,0
224359,224359,224362,3,0
224359,224359,224362,3,0
224359,224359,224362,3,0
224359,224359,224363,4,0
224359,224359,224362,3,0
224359,224359,224363,4,0
224359,224359,224363,4,0
224359,224359,224363,4,0
224359,224359,224362,3,0
224359,224359,224362,3,0
224359,224359,224364,5,0
224359,224359,224363,4,0
224359,224359,224363,4,0
224359,224359,224365,6,0
224359,224359,224364,5,0
224359,224359,224366,7,0
224359,224359,224365,6,0
224359,224359,224366,7,0
224359,224359,224366,7,0
224359,224359,224366,7,0
224359,224359,224367,8,0
224359,224359,224368,9,0
224359,224359,224367,8,0
224359,224359,224369,10,0
224359,224359,224369,10,0
224359,224359,224369,10,0
224359,224359,224369,10,0
224359,224359,224369,10,0
224381,224381,224383,2,0
224381,224381,224382,1,0
224381,224381,224382,1,0
224381,224381,224384,3,0
224381,224381,224384,3,0
224381,224381,224385,4,0
224381,224381,224385,4,0
224381,224381,224385,4,0
224381,224381,224385,4,0
224381,224381,224385,4,0
224381,224381,224385,4,0
224381,224381,224384,3,0
224381,224381,224385,4,0
224381,224381,224385,4,0
224381,224381,224385,4,0
224381,224381,224386,5,0
224381,224381,224386,5,0
224381,224381,224387,6,0
224381,224381,224386,5,0
224381,224381,224387,6,0
224381,224381,224387,6,0
224381,224381,224388,7,0
224381,224381,224388,7,0
224381,224381,224388,7,0
224381,224381,224388,7,0
224381,224381,224390,9,0
224381,224381,224390,9,0
224381,224381,224391,10,0
224381,224381,224391,10,0
224381,224381,224390,9,0
224381,224381,224394,13,0
224407,224407,224408,1,0
224407,224407,224408,1,0
224407,224407,224409,2,0
224407,224407,224410,3,0
224407,224407,224410,3,0
224407,224407,224410,3,0
224407,224407,224411,4,0
224407,224407,224410,3,0
224407,224407,224410,3,0
224407,224407,224410,3,0
224407,224407,224410,3,0
224407,224407,224410,3,0
224407,224407,224410,3,0
224407,224407,224410,3,0
224407,224407,224411,4,0
224407,224407,224412,5,0
224407,224407,224412,5,0
224407,224407,224411,4,0
224407,224407,224413,6,0
224407,224407,224413,6,0
224407,224407,224413,6,0
224407,224407,224413,6,0
224407,224407,224414,7,0
224407,224407,224414,7,0
224407,224407,224414,7,0
224407,224407,224415,8,0
224407,224407,224415,8,0
224407,224407,224416,9,0
224407,224407,224416,9,0
224407,224407,224416,9,0
224407,224407,224417,10,0
224429,224429,224430,1,0
224429,224429,224430,1,0
224429,224429,224430,1,0
224429,224429,224432,3,0
224429,224429,224432,3,0
224429,224429,224431,2,0
224429,224429,224432,3,0
224429,224429,224433,4,0
224429,224429,224432,3,0
224429,224429,224433,4,0
224429,224429,224433,4,0
224429,224429,224433,4,0
224429,224429,224434,5,0
224429,224429,224433,4,0
224429,224429,224432,3,0
224429,224429,224434,5,0
224429,224429,224434,5,0
224429,224429,224434,5,0
224429,224429,224434,5,0
224429,224429,224435,6,0
224429,224429,224434,5,0
224429,224429,224436,7,0
224429,224429,224435,6,0
224429,224429,224435,6,0
224429,224429,224435,6,0
224429,224429,224436,7,0
224429,224429,224436,7,0
224429,224429,224437,8,0
224429,224429,224437,8,0
224429,224429,224438,9,0
224429,224429,224439,10,0
224451,224451,224453,2,0
224451,224451,224452,1,0
224451,224451,224452,1,0
224451,224451,224454,3,0
224451,224451,224454,3,0
224451,224451,224454,3,0
224451,224451,224454,3,0
224451,224451,224454,3,0
224451,224451,224455,4,0
224451,224451,224455,4,0
224451,224451,224455,4,0
224451,224451,224455,4,0
224451,224451,224454,3,0
224451,224451,224456,5,0
224451,224451,224456,5,0
224451,224451,224456,5,0
224451,224451,224456,5,0
224451,224451,224457,6,0
224451,224451,224457,6,0
224451,224451,224457,6,0
224451,224451,224457,6,0
224451,224451,224457,6,0
224451,224451,224458,7,0
224451,224451,224458,7,0
224451,224451,224458,7,0
224451,224451,224459,8,0
224451,224451,224459,8,0
224451,224451,224459,8,0
224451,224451,224460,9,0
224451,224451,224461,10,0
224451,224451,224461,10,0
224473,224473,224474,1,0
224473,224473,224474,1,0
224473,224473,224474,1,0
224473,224473,224476,3,0
224473,224473,224476,3,0
224473,224473,224476,3,0
224473,224473,224477,4,0
224473,224473,224476,3,0
224473,224473,224476,3,0
224473,224473,224476,3,0
224473,224473,224476,3,0
224473,224473,224476,3,0
224473,224473,224476,3,0
224473,224473,224476,3,0
224473,224473,224477,4,0
224473,224473,224477,4,0
224473,224473,224477,4,0
224473,224473,224478,5,0
224473,224473,224478,5,0
224473,224473,224478,5,0
224473,224473,224478,5,0
224473,224473,224478,5,0
224473,224473,224479,6,0
224473,224473,224479,6,0
224473,224473,224479,6,0
224473,224473,224480,7,0
224473,224473,224480,7,0
224473,224473,224480,7,0
224473,224473,224481,8,0
224473,224473,224483,10,0
224473,224473,224483,10,0
224496,224496,224497,1,0
224496,224496,224498,2,0
224496,224496,224497,1,0
224496,224496,224499,3,0
224496,224496,224498,2,0
224496,224496,224499,3,0
224496,224496,224499,3,0
224496,224496,224500,4,0
224496,224496,224499,3,0
224496,224496,224500,4,0
224496,224496,224500,4,0
224496,224496,224500,4,0
224496,224496,224500,4,0
224496,224496,224499,3,0
224496,224496,224499,3,0
224496,224496,224500,4,0
224496,224496,224500,4,0
224496,224496,224500,4,0
224496,224496,224500,4,0
224496,224496,224502,6,0
224496,224496,224502,6,0
224496,224496,224502,6,0
224496,224496,224503,7,0
224496,224496,224503,7,0
224496,224496,224502,6,0
224496,224496,224503,7,0
224496,224496,224503,7,0
224496,224496,224504,8,0
224496,224496,224505,9,0
224496,224496,224506,10,0
224496,224496,224506,10,0
224519,224519,224520,1,0
224519,224519,224520,1,0
224519,224519,224520,1,0
224519,224519,224521,2,0
224519,224519,224521,2,0
224519,224519,224521,2,0
224519,224519,224521,2,0
224519,224519,224522,3,0
224519,224519,224523,4,0
224519,224519,224523,4,0
224519,224519,224522,3,0
224519,224519,224522,3,0
224519,224519,224523,4,0
224519,224519,224523,4,0
224519,224519,224523,4,0
224519,224519,224524,5,0
224519,224519,224523,4,0
224519,224519,224524,5,0
224519,224519,224524,5,0
224519,224519,224524,5,0
224519,224519,224524,5,0
224519,224519,224525,6,0
224519,224519,224525,6,0
224519,224519,224525,6,0
224519,224519,224525,6,0
224519,224519,224526,7,0
224519,224519,224526,7,0
224519,224519,224526,7,0
224519,224519,224528,9,0
224519,224519,224529,10,0
224519,224519,224528,9,0
224541,224541,224542,1,0
224541,224541,224542,1,0
224541,224541,224542,1,0
224541,224541,224543,2,0
224541,224541,224544,3,0
224541,224541,224544,3,0
224541,224541,224544,3,0
224541,224541,224545,4,0
224541,224541,224544,3,0
224541,224541,224545,4,0
224541,224541,224544,3,0
224541,224541,224544,3,0
224541,224541,224545,4,0
224541,224541,224545,4,0
224541,224541,224545,4,0
224541,224541,224546,5,0
224541,224541,224545,4,0
224541,224541,224545,4,0
224541,224541,224544,3,0
224541,224541,224545,4,0
224541,224541,224547,6,0
224541,224541,224546,5,0
224541,224541,224546,5,0
224541,224541,224547,6,0
224541,224541,224547,6,0
224541,224541,224547,6,0
224541,224541,224548,7,0
224541,224541,224549,8,0
224541,224541,224549,8,0
224541,224541,224550,9,0
224541,224541,224551,10,0
224562,224562,224564,2,0
224562,224562,224563,1,0
224562,224562,224564,2,0
224562,224562,224565,3,0
224562,224562,224565,3,0
224562,224562,224565,3,0
224562,224562,224565,3,0
224562,224562,224565,3,0
224562,224562,224565,3,0
224562,224562,224566,4,0
224562,224562,224566,4,0
224562,224562,224566,4,0
224562,224562,224566,4,0
224562,224562,224566,4,0
224562,224562,224567,5,0
224562,224562,224567,5,0
224562,224562,224568,6,0
224562,224562,224568,6,0
224562,224562,224568,6,0
224562,224562,224568,6,0
224562,224562,224568,6,0
224562,224562,224569,7,0
224562,224562,224569,7,0
224562,224562,224569,7,0
224562,224562,224569,7,0
224562,224562,224570,8,0
224562,224562,224571,9,0
224562,224562,224571,9,0
224562,224562,224572,10,0
224562,224562,224572,10,0
224562,224562,224573,11,0
224586,224586,224587,1,0
224586,224586,224587,1,0
224586,224586,224587,1,0
224586,224586,224588,2,0
224586,224586,224588,2,0
224586,224586,224589,3,0
224586,224586,224588,2,0
224586,224586,224589,3,0
224586,224586,224589,3,0
224586,224586,224589,3,0
224586,224586,224589,3,0
224586,224586,224589,3,0
224586,224586,224590,4,0
224586,224586,224589,3,0
224586,224586,224589,3,0
224586,224586,224589,3,0
224586,224586,224590,4,0
224586,224586,224590,4,0
224586,224586,224590,4,0
224586,224586,224590,4,0
224586,224586,224591,5,0
224586,224586,224591,5,0
224586,224586,224591,5,0
224586,224586,224591,5,0
224586,224586,224592,6,0
224586,224586,224592,6,0
224586,224586,224592,6,0
224586,224586,224592,6,0
224586,224586,224595,9,0
224586,224586,224595,9,0
224586,224586,224595,9,0
224608,224608,224609,1,0
224608,224608,224609,1,0
224608,224608,224609,1,0
224608,224608,224611,3,0
224608,224608,224610,2,0
224608,224608,224610,2,0
224608,224608,224611,3,0
224608,224608,224611,3,0
224608,224608,224611,3,0
224608,224608,224611,3,0
224608,224608,224611,3,0
224608,224608,224611,3,0
224608,224608,224612,4,0
224608,224608,224612,4,0
224608,224608,224612,4,0
224608,224608,224612,4,0
224608,224608,224614,6,0
224608,224608,224613,5,0
224608,224608,224614,6,0
224608,224608,224614,6,0
224608,224608,224613,5,0
224608,224608,224613,5,0
224608,224608,224614,6,0
224608,224608,224615,7,0
224608,224608,224615,7,0
224608,224608,224617,9,0
224608,224608,224616,8,0
224608,224608,224616,8,0
224608,224608,224617,9,0
224608,224608,224617,9,0
224608,224608,224618,10,0
224630,224630,224631,1,0
224630,224630,224631,1,0
224630,224630,224631,1,0
224630,224630,224632,2,0
224630,224630,224632,2,0
224630,224630,224633,3,0
224630,224630,224633,3,0
224630,224630,224633,3,0
224630,224630,224633,3,0
224630,224630,224633,3,0
224630,224630,224633,3,0
224630,224630,224634,4,0
224630,224630,224633,3,0
224630,224630,224633,3,0
224630,224630,224633,3,0
224630,224630,224634,4,0
224630,224630,224634,4,0
224630,224630,224634,4,0
224630,224630,224634,4,0
224630,224630,224636,6,0
224630,224630,224635,5,0
224630,224630,224636,6,0
224630,224630,224635,5,0
224630,224630,224636,6,0
224630,224630,224635,5,0
224630,224630,224635,5,0
224630,224630,224636,6,0
224630,224630,224637,7,0
224630,224630,224639,9,0
224630,224630,224639,9,0
224630,224630,224639,9,0
224154,224154,224644,490,0
224652,224652,224653,1,0
224652,224652,224653,1,0
224652,224652,224653,1,0
224652,224652,224655,3,0
224652,224652,224655,3,0
224652,224652,224654,2,0
224652,224652,224655,3,0
224652,224652,224655,3,0
224652,224652,224655,3,0
224652,224652,224654,2,0
224652,224652,224655,3,0
224652,224652,224655,3,0
224652,224652,224655,3,0
224652,224652,224656,4,0
224652,224652,224655,3,0
224652,224652,224656,4,0
224652,224652,224656,4,0
224652,224652,224657,5,0
224652,224652,224657,5,0
224652,224652,224657,5,0
224652,224652,224658,6,0
224652,224652,224658,6,0
224652,224652,224659,7,0
224652,224652,224658,6,0
224652,224652,224658,6,0
224652,224652,224659,7,0
224652,224652,224658,6,0
224652,224652,224658,6,0
224652,224652,224660,8,0
224652,224652,224661,9,0
224652,224652,224662,10,0
224674,224674,224675,1,0
224674,224674,224675,1,0
224674,224674,224675,1,0
224674,224674,224677,3,0
224674,224674,224676,2,0
224674,224674,224676,2,0
224674,224674,224676,2,0
224674,224674,224678,4,0
224674,224674,224677,3,0
224674,224674,224677,3,0
224674,224674,224677,3,0
224674,224674,224677,3,0
224674,224674,224678,4,0
224674,224674,224678,4,0
224674,224674,224679,5,0
224674,224674,224678,4,0
224674,224674,224679,5,0
224674,224674,224678,4,0
224674,224674,224678,4,0
224674,224674,224679,5,0
224674,224674,224679,5,0
224674,224674,224679,5,0
224674,224674,224680,6,0
224674,224674,224679,5,0
224674,224674,224680,6,0
224674,224674,224679,5,0
224674,224674,224681,7,0
224674,224674,224681,7,0
224674,224674,224681,7,0
224674,224674,224684,10,0
224674,224674,224684,10,0
224696,224696,224697,1,0
224696,224696,224697,1,0
224696,224696,224697,1,0
224696,224696,224699,3,0
224696,224696,224699,3,0
224696,224696,224698,2,0
224696,224696,224699,3,0
224696,224696,224699,3,0
224696,224696,224699,3,0
224696,224696,224698,2,0
224696,224696,224699,3,0
224696,224696,224699,3,0
224696,224696,224699,3,0
224696,224696,224699,3,0
224696,224696,224699,3,0
224696,224696,224700,4,0
224696,224696,224700,4,0
224696,224696,224700,4,0
224696,224696,224700,4,0
224696,224696,224699,3,0
224696,224696,224701,5,0
224696,224696,224700,4,0
224696,224696,224701,5,0
224696,224696,224701,5,0
224696,224696,224701,5,0
224696,224696,224701,5,0
224696,224696,224701,5,0
224696,224696,224702,6,0
224696,224696,224702,6,0
224696,224696,224704,8,0
224696,224696,224706,10,0
224718,224718,224719,1,0
224718,224718,224719,1,0
224718,224718,224719,1,0
224718,224718,224721,3,0
224718,224718,224721,3,0
224718,224718,224721,3,0
224718,224718,224720,2,0
224718,224718,224721,3,0
224718,224718,224721,3,0
224718,224718,224721,3,0
224718,224718,224722,4,0
224718,224718,224722,4,0
224718,224718,224722,4,0
224718,224718,224722,4,0
224718,224718,224721,3,0
224718,224718,224722,4,0
224718,224718,224721,3,0
224718,224718,224723,5,0
224718,224718,224722,4,0
224718,224718,224724,6,0
224718,224718,224723,5,0
224718,224718,224723,5,0
224718,224718,224724,6,0
224718,224718,224724,6,0
224718,224718,224724,6,0
224718,224718,224724,6,0
224718,224718,224725,7,0
224718,224718,224725,7,0
224718,224718,224725,7,0
224718,224718,224726,8,0
224718,224718,224727,9,0
224739,224739,224740,1,0
224739,224739,224740,1,0
224739,224739,224740,1,0
224739,224739,224742,3,0
224739,224739,224742,3,0
224739,224739,224741,2,0
224739,224739,224742,3,0
224739,224739,224742,3,0
224739,224739,224742,3,0
224739,224739,224741,2,0
224739,224739,224743,4,0
224739,224739,224742,3,0
224739,224739,224742,3,0
224739,224739,224743,4,0
224739,224739,224742,3,0
224739,224739,224742,3,0
224739,224739,224743,4,0
224739,224739,224743,4,0
224739,224739,224743,4,0
224739,224739,224743,4,0
224739,224739,224743,4,0
224739,224739,224743,4,0
224739,224739,224743,4,0
224739,224739,224743,4,0
224739,224739,224743,4,0
224739,224739,224744,5,0
224739,224739,224744,5,0
224739,224739,224745,6,0
224739,224739,224745,6,0
224739,224739,224745,6,0
224739,224739,224747,8,0
224759,224759,224760,1,0
224759,224759,224760,1,0
224759,224759,224760,1,0
224759,224759,224762,3,0
224759,224759,224762,3,0
224759,224759,224762,3,0
224759,224759,224761,2,0
224759,224759,224762,3,0
224759,224759,224762,3,0
224759,224759,224761,2,0
224759,224759,224763,4,0
224759,224759,224763,4,0
224759,224759,224762,3,0
224759,224759,224763,4,0
224759,224759,224762,3,0
224759,224759,224762,3,0
224759,224759,224763,4,0
224759,224759,224762,3,0
224759,224759,224763,4,0
224759,224759,224762,3,0
224759,224759,224763,4,0
224759,224759,224762,3,0
224759,224759,224762,3,0
224759,224759,224763,4,0
224759,224759,224763,4,0
224759,224759,224763,4,0
224759,224759,224764,5,0
224759,224759,224764,5,0
224759,224759,224764,5,0
224759,224759,224765,6,0
224759,224759,224766,7,0
224779,224779,224780,1,0
224779,224779,224780,1,0
224779,224779,224780,1,0
224779,224779,224781,2,0
224779,224779,224782,3,0
224779,224779,224781,2,0
224779,224779,224782,3,0
224779,224779,224782,3,0
224779,224779,224781,2,0
224779,224779,224782,3,0
224779,224779,224783,4,0
224779,224779,224782,3,0
224779,224779,224782,3,0
224779,224779,224782,3,0
224779,224779,224782,3,0
224779,224779,224783,4,0
224779,224779,224783,4,0
224779,224779,224782,3,0
224779,224779,224783,4,0
224779,224779,224783,4,0
224779,224779,224783,4,0
224779,224779,224783,4,0
224779,224779,224783,4,0
224779,224779,224783,4,0
224779,224779,224783,4,0
224779,224779,224786,7,0
224779,224779,224786,7,0
224779,224779,224787,8,0
224779,224779,224788,9,0
224779,224779,224788,9,0
224779,224779,224790,11,0
224801,224801,224802,1,0
224801,224801,224802,1,0
224801,224801,224802,1,0
224801,224801,224804,3,0
224801,224801,224803,2,0
224801,224801,224803,2,0
224801,224801,224804,3,0
224801,224801,224804,3,0
224801,224801,224804,3,0
224801,224801,224804,3,0
224801,224801,224804,3,0
224801,224801,224804,3,0
224801,224801,224804,3,0
224801,224801,224804,3,0
224801,224801,224805,4,0
224801,224801,224805,4,0
224801,224801,224805,4,0
224801,224801,224805,4,0
224801,224801,224804,3,0
224801,224801,224804,3,0
224801,224801,224805,4,0
224801,224801,224804,3,0
224801,224801,224805,4,0
224801,224801,224805,4,0
224801,224801,224806,5,0
224801,224801,224805,4,0
224801,224801,224806,5,0
224801,224801,224807,6,0
224801,224801,224809,8,0
224801,224801,224809,8,0
224801,224801,224811,10,0
224824,224824,224825,1,0
224824,224824,224825,1,0
224824,224824,224825,1,0
224824,224824,224826,2,0
224824,224824,224827,3,0
224824,224824,224826,2,0
224824,224824,224827,3,0
224824,224824,224827,3,0
224824,224824,224827,3,0
224824,224824,224827,3,0
224824,224824,224826,2,0
224824,224824,224828,4,0
224824,224824,224828,4,0
224824,224824,224827,3,0
224824,224824,224827,3,0
224824,224824,224828,4,0
224824,224824,224827,3,0
224824,224824,224828,4,0
224824,224824,224827,3,0
224824,224824,224828,4,0
224824,224824,224827,3,0
224824,224824,224828,4,0
224824,224824,224827,3,0
224824,224824,224827,3,0
224824,224824,224828,4,0
224824,224824,224828,4,0
224824,224824,224828,4,0
224824,224824,224829,5,0
224824,224824,224829,5,0
224824,224824,224829,5,0
224824,224824,224830,6,0
224843,224843,224844,1,0
224843,224843,224844,1,0
224843,224843,224844,1,0
224843,224843,224845,2,0
224843,224843,224845,2,0
224843,224843,224845,2,0
224843,224843,224845,2,0
224843,224843,224846,3,0
224843,224843,224845,2,0
224843,224843,224846,3,0
224843,224843,224846,3,0
224843,224843,224846,3,0
224843,224843,224846,3,0
224843,224843,224846,3,0
224843,224843,224846,3,0
224843,224843,224846,3,0
224843,224843,224846,3,0
224843,224843,224846,3,0
224843,224843,224847,4,0
224843,224843,224847,4,0
224843,224843,224847,4,0
224843,224843,224848,5,0
224843,224843,224848,5,0
224843,224843,224847,4,0
224843,224843,224848,5,0
224843,224843,224847,4,0
224843,224843,224848,5,0
224843,224843,224848,5,0
224843,224843,224848,5,0
224843,224843,224848,5,0
224843,224843,224849,6,0
224861,224861,224862,1,0
224861,224861,224862,1,0
224861,224861,224862,1,0
224861,224861,224864,3,0
224861,224861,224864,3,0
224861,224861,224864,3,0
224861,224861,224864,3,0
224861,224861,224864,3,0
224861,224861,224864,3,0
224861,224861,224864,3,0
224861,224861,224864,3,0
224861,224861,224865,4,0
224861,224861,224865,4,0
224861,224861,224865,4,0
224861,224861,224865,4,0
224861,224861,224864,3,0
224861,224861,224864,3,0
224861,224861,224865,4,0
224861,224861,224865,4,0
224861,224861,224865,4,0
224861,224861,224865,4,0
224861,224861,224865,4,0
224861,224861,224864,3,0
224861,224861,224865,4,0
224861,224861,224865,4,0
224861,224861,224866,5,0
224861,224861,224866,5,0
224861,224861,224865,4,0
224861,224861,224866,5,0
224861,224861,224866,5,0
224861,224861,224867,6,0
224880,224880,224881,1,0
224880,224880,224881,1,0
224880,224880,224881,1,0
224880,224880,224882,2,0
224880,224880,224882,2,0
224880,224880,224883,3,0
224880,224880,224883,3,0
224880,224880,224883,3,0
224880,224880,224882,2,0
224880,224880,224882,2,0
224880,224880,224883,3,0
224880,224880,224882,2,0
224880,224880,224882,2,0
224880,224880,224883,3,0
224880,224880,224884,4,0
224880,224880,224883,3,0
224880,224880,224883,3,0
224880,224880,224883,3,0
224880,224880,224884,4,0
224880,224880,224884,4,0
224880,224880,224883,3,0
224880,224880,224884,4,0
224880,224880,224883,3,0
224880,224880,224883,3,0
224880,224880,224884,4,0
224880,224880,224884,4,0
224880,224880,224884,4,0
224880,224880,224884,4,0
224880,224880,224885,5,0
224880,224880,224885,5,0
224880,224880,224885,5,0
224897,224898,224899,1,1
224897,224898,224899,1,1
224897,224898,224899,1,1
224897,224898,224900,2,1
224897,224898,224900,2,1
224897,224898,224901,3,1
224897,224898,224901,3,1
224897,224898,224900,2,1
224897,224898,224900,2,1
224897,224898,224900,2,1
224897,224898,224901,3,1
224897,224898,224900,2,1
224897,224898,224900,2,1
224897,224898,224900,2,1
224897,224898,224900,2,1
224897,224898,224901,3,1
224897,224898,224901,3,1
224897,224898,224901,3,1
224897,224898,224901,3,1
224897,224898,224901,3,1
224897,224898,224901,3,1
224897,224898,224901,3,1
224897,224898,224901,3,1
224897,224898,224901,3,1
224897,224898,224902,4,1
224897,224898,224902,4,1
224897,224898,224902,4,1
224897,224898,224902,4,1
224897,224898,224902,4,1
224897,224898,224903,5,1
224897,224898,224904,6,1
224917,224917,224918,1,0
224917,224917,224918,1,0
224917,224917,224919,2,0
224917,224917,224918,1,0
224917,224917,224919,2,0
224917,224917,224919,2,0
224917,224917,224920,3,0
224917,224917,224920,3,0
224917,224917,224920,3,0
224917,224917,224919,2,0
224917,224917,224920,3,0
224917,224917,224921,4,0
224917,224917,224921,4,0
224917,224917,224921,4,0
224917,224917,224921,4,0
224917,224917,224920,3,0
224917,224917,224920,3,0
224917,224917,224920,3,0
224917,224917,224920,3,0
224917,224917,224920,3,0
224917,224917,224920,3,0
224917,224917,224920,3,0
224917,224917,224921,4,0
224917,224917,224921,4,0
224917,224917,224922,5,0
224917,224917,224921,4,0
224917,224917,224921,4,0
224917,224917,224922,5,0
224917,224917,224925,8,0
224917,224917,224925,8,0
224917,224917,224924,7,0
224937,224937,224938,1,0
224937,224937,224938,1,0
224937,224937,224938,1,0
224937,224937,224938,1,0
224937,224937,224938,1,0
224937,224937,224939,2,0
224937,224937,224939,2,0
224937,224937,224939,2,0
224937,224937,224940,3,0
224937,224937,224940,3,0
224937,224937,224940,3,0
224937,224937,224940,3,0
224937,224937,224939,2,0
224937,224937,224940,3,0
224937,224937,224941,4,0
224937,224937,224940,3,0
224937,224937,224940,3,0
224937,224937,224940,3,0
224937,224937,224940,3,0
224937,224937,224940,3,0
224937,224937,224940,3,0
224937,224937,224940,3,0
224937,224937,224940,3,0
224937,224937,224941,4,0
224937,224937,224941,4,0
224937,224937,224941,4,0
224937,224937,224941,4,0
224937,224937,224942,5,0
224937,224937,224942,5,0
224937,224937,224943,6,0
224937,224937,224944,7,0
224956,224956,224957,1,0
224956,224956,224958,2,0
224956,224956,224958,2,0
224956,224956,224958,2,0
224956,224956,224957,1,0
224956,224956,224958,2,0
224956,224956,224959,3,0
224956,224956,224958,2,0
224956,224956,224959,3,0
224956,224956,224959,3,0
224956,224956,224960,4,0
224956,224956,224959,3,0
224956,224956,224960,4,0
224956,224956,224959,3,0
224956,224956,224959,3,0
224956,224956,224960,4,0
224956,224956,224960,4,0
224956,224956,224959,3,0
224956,224956,224960,4,0
224956,224956,224959,3,0
224956,224956,224959,3,0
224956,224956,224960,4,0
224956,224956,224959,3,0
224956,224956,224960,4,0
224956,224956,224960,4,0
224956,224956,224961,5,0
224956,224956,224960,4,0
224956,224956,224962,6,0
224956,224956,224963,7,0
224956,224956,224963,7,0
224956,224956,224963,7,0
224976,224976,224977,1,0
224976,224976,224977,1,0
224976,224976,224977,1,0
224976,224976,224977,1,0
224976,224976,224978,2,0
224976,224976,224977,1,0
224976,224976,224978,2,0
224976,224976,224979,3,0
224976,224976,224979,3,0
224976,224976,224979,3,0
224976,224976,224979,3,0
224976,224976,224980,4,0
224976,224976,224980,4,0
224976,224976,224980,4,0
224976,224976,224980,4,0
224976,224976,224980,4,0
224976,224976,224980,4,0
224976,224976,224980,4,0
224976,224976,224980,4,0
224976,224976,224980,4,0
224976,224976,224980,4,0
224976,224976,224980,4,0
224976,224976,224981,5,0
224976,224976,224980,4,0
224976,224976,224982,6,0
224976,224976,224982,6,0
224976,224976,224983,7,0
224976,224976,224983,7,0
224976,224976,224983,7,0
224976,224976,224984,8,0
224976,224976,224985,9,0
224996,224996,224997,1,0
224996,224996,224997,1,0
224996,224997,224998,1,1
224996,224997,224998,1,1
224996,224996,224998,2,0
224996,224997,224998,1,1
224996,224997,224999,2,1
224996,224996,224999,3,0
224996,224996,224999,3,0
224996,224996,224999,3,0
224996,224997,224999,2,1
224996,224996,225000,4,0
224996,224996,225000,4,0
224996,224997,225000,3,1
224996,224997,225000,3,1
224996,224997,225000,3,1
224996,224997,225000,3,1
224996,224996,225000,4,0
224996,224997,225000,3,1
224996,224997,225000,3,1
224996,224996,225001,5,0
224996,224997,225001,4,1
224996,224996,225001,5,0
224996,224996,225001,5,0
224996,224996,225001,5,0
224996,224997,225001,4,1
224996,224997,225002,5,1
224996,224996,225002,6,0
224996,224996,225002,6,0
224996,224996,225003,7,0
224996,224996,225003,7,0
225015,225015,225016,1,0
225015,225015,225017,2,0
225015,225015,225017,2,0
225015,225015,225017,2,0
225015,225015,225018,3,0
225015,225015,225018,3,0
225015,225015,225017,2,0
225015,225015,225018,3,0
225015,225015,225017,2,0
225015,225015,225018,3,0
225015,225015,225018,3,0
225015,225015,225018,3,0
225015,225015,225018,3,0
225015,225015,225018,3,0
225015,225015,225019,4,0
225015,225015,225019,4,0
225015,225015,225018,3,0
225015,225015,225018,3,0
225015,225015,225019,4,0
225015,225015,225019,4,0
225015,225015,225018,3,0
225015,225016,225019,3,1
225015,225015,225020,5,0
225015,225015,225020,5,0
225015,225015,225021,6,0
225015,225015,225021,6,0
225015,225015,225020,5,0
225015,225015,225021,6,0
225015,225015,225022,7,0
225015,225015,225021,6,0
225015,225015,225022,7,0
225035,225036,225037,1,1
225035,225036,225037,1,1
225035,225036,225037,1,1
225035,225036,225037,1,1
225035,225036,225037,1,1
225035,225036,225037,1,1
225035,225036,225038,2,1
225035,225036,225038,2,1
225035,225036,225038,2,1
225035,225036,225038,2,1
225035,225036,225038,2,1
225035,225036,225038,2,1
225035,225036,225038,2,1
225035,225036,225039,3,1
225035,225036,225039,3,1
225035,225036,225039,3,1
225035,225036,225039,3,1
225035,225036,225039,3,1
225035,225036,225039,3,1
225035,225036,225039,3,1
225035,225036,225039,3,1
225035,225036,225040,4,1
225035,225036,225039,3,1
225035,225036,225040,4,1
225035,225036,225041,5,1
225035,225036,225041,5,1
225035,225036,225040,4,1
225035,225036,225042,6,1
225035,225036,225041,5,1
225035,225036,225042,6,1
225035,225036,225042,6,1
225054,225054,225055,1,0
225054,225054,225055,1,0
225054,225054,225056,2,0
225054,225055,225056,1,1
225054,225055,225056,1,1
225054,225055,225056,1,1
225054,225054,225057,3,0
225054,225055,225057,2,1
225054,225055,225057,2,1
225054,225055,225057,2,1
225054,225055,225057,2,1
225054,225055,225057,2,1
225054,225055,225057,2,1
225054,225055,225058,3,1
225054,225055,225057,2,1
225054,225055,225058,3,1
225054,225055,225058,3,1
225054,225055,225058,3,1
225054,225055,225058,3,1
225054,225054,225058,4,0
225054,225055,225059,4,1
225054,225055,225059,4,1
225054,225055,225059,4,1
225054,225055,225060,5,1
225054,225055,225059,4,1
225054,225055,225060,5,1
225054,225055,225060,5,1
225054,225055,225060,5,1
225054,225055,225060,5,1
225054,225054,225061,7,0
225054,225054,225061,7,0
225073,225073,225075,2,0
225073,225073,225075,2,0
225073,225074,225075,1,1
225073,225074,225076,2,1
225073,225073,225075,2,0
225073,225074,225075,1,1
225073,225074,225076,2,1
225073,225073,225076,3,0
225073,225074,225076,2,1
225073,225074,225076,2,1
225073,225073,225076,3,0
225073,225073,225077,4,0
225073,225074,225077,3,1
225073,225074,225077,3,1
225073,225073,225077,4,0
225073,225074,225077,3,1
225073,225074,225077,3,1
225073,225074,225077,3,1
225073,225074,225077,3,1
225073,225074,225077,3,1
225073,225073,225077,4,0
225073,225074,225077,3,1
225073,225074,225078,4,1
225073,225074,225078,4,1
225073,225074,225078,4,1
225073,225073,225078,5,0
225073,225073,225079,6,0
225073,225074,225079,5,1
225073,225073,225079,6,0
225073,225073,225079,6,0
225073,225074,225079,5,1
225091,225091,225092,1,0
225091,225091,225092,1,0
225091,225091,225092,1,0
225091,225091,225093,2,0
225091,225091,225093,2,0
225091,225091,225093,2,0
225091,225091,225093,2,0
225091,225091,225094,3,0
225091,225091,225094,3,0
225091,225091,225094,3,0
225091,225091,225094,3,0
225091,225091,225094,3,0
225091,225091,225094,3,0
225091,225091,225094,3,0
225091,225091,225094,3,0
225091,225091,225094,3,0
225091,225091,225095,4,0
225091,225091,225095,4,0
225091,225091,225094,3,0
225091,225091,225095,4,0
225091,225091,225095,4,0
225091,225091,225095,4,0
225091,225091,225094,3,0
225091,225091,225095,4,0
225091,225091,225095,4,0
225091,225091,225096,5,0
225091,225091,225096,5,0
225091,225091,225096,5,0
225091,225091,225096,5,0
225091,225091,225096,5,0
225091,225091,225097,6,0
225109,225109,225110,1,0
225109,225109,225111,2,0
225109,225109,225111,2,0
225109,225109,225111,2,0
225109,225109,225111,2,0
225109,225109,225111,2,0
225109,225109,225111,2,0
225109,225109,225112,3,0
225109,225109,225112,3,0
225109,225109,225112,3,0
225109,225109,225112,3,0
225109,225109,225112,3,0
225109,225109,225112,3,0
225109,225109,225112,3,0
225109,225109,225113,4,0
225109,225109,225113,4,0
225109,225109,225113,4,0
225109,225109,225113,4,0
225109,225109,225113,4,0
225109,225110,225113,3,1
225109,225109,225113,4,0
225109,225109,225113,4,0
225109,225109,225113,4,0
225109,225109,225113,4,0
225109,225109,225113,4,0
225109,225109,225113,4,0
225109,225109,225113,4,0
225109,225109,225113,4,0
225109,225109,225114,5,0
225109,225109,225114,5,0
225109,225109,225114,5,0
225126,225126,225127,1,0
225126,225126,225127,1,0
225126,225126,225128,2,0
225126,225126,225127,1,0
225126,225126,225128,2,0
225126,225126,225128,2,0
225126,225126,225128,2,0
225126,225126,225127,1,0
225126,225126,225129,3,0
225126,225126,225129,3,0
225126,225126,225129,3,0
225126,225126,225129,3,0
225126,225126,225129,3,0
225126,225126,225129,3,0
225126,225126,225129,3,0
225126,225126,225129,3,0
225126,225126,225129,3,0
225126,225126,225129,3,0
225126,225126,225130,4,0
225126,225126,225130,4,0
225126,225126,225130,4,0
225126,225126,225130,4,0
225126,225126,225130,4,0
225126,225126,225130,4,0
225126,225126,225129,3,0
225126,225126,225130,4,0
225126,225126,225131,5,0
225126,225126,225131,5,0
224651,224652,225131,479,1
225126,225126,225133,7,0
225126,225126,225133,7,0
225126,225126,225134,8,0
225146,225146,225147,1,0
225146,225146,225147,1,0
225146,225146,225147,1,0
225146,225146,225147,1,0
225146,225146,225147,1,0
225146,225146,225147,1,0
225146,225146,225147,1,0
225146,225146,225149,3,0
225146,225146,225148,2,0
225146,225146,225148,2,0
225146,225146,225149,3,0
225146,225146,225148,2,0
225146,225146,225148,2,0
225146,225146,225149,3,0
225146,225146,225148,2,0
225146,225146,225149,3,0
225146,225146,225148,2,0
225146,225146,225149,3,0
225146,225146,225149,3,0
225146,225146,225149,3,0
225146,225146,225149,3,0
225146,225146,225149,3,0
225146,225146,225149,3,0
225146,225146,225149,3,0
225146,225146,225149,3,0
225146,225146,225149,3,0
225146,225146,225149,3,0
225146,225146,225149,3,0
225146,225146,225149,3,0
225146,225146,225149,3,0
225146,225146,225150,4,0
225162,225162,225163,1,0
225162,225162,225163,1,0
225162,225162,225163,1,0
225162,225162,225164,2,0
225162,225162,225164,2,0
225162,225162,225164,2,0
225162,225162,225164,2,0
225162,225162,225164,2,0
225162,225162,225164,2,0
225162,225162,225164,2,0
225162,225162,225165,3,0
225162,225162,225165,3,0
225162,225162,225165,3,0
225162,225162,225165,3,0
225162,225162,225165,3,0
225162,225162,225165,3,0
225162,225162,225165,3,0
225162,225162,225164,2,0
225162,225162,225165,3,0
225162,225162,225165,3,0
225162,225162,225165,3,0
225162,225162,225165,3,0
225162,225162,225165,3,0
225162,225162,225165,3,0
225162,225162,225165,3,0
225162,225162,225165,3,0
225162,225162,225166,4,0
225162,225162,225166,4,0
225162,225162,225165,3,0
225162,225162,225165,3,0
225162,225162,225167,5,0
225179,225179,225180,1,0
225179,225179,225180,1,0
225179,225179,225180,1,0
225179,225179,225180,1,0
225179,225179,225180,1,0
225179,225179,225180,1,0
225179,225179,225181,2,0
225179,225179,225180,1,0
225179,225179,225180,1,0
225179,225179,225180,1,0
225179,225179,225180,1,0
225179,225179,225181,2,0
225179,225179,225182,3,0
225179,225179,225182,3,0
225179,225179,225181,2,0
225179,225179,225181,2,0
225179,225179,225181,2,0
225179,225179,225182,3,0
225179,225179,225182,3,0
225179,225179,225181,2,0
225179,225179,225181,2,0
225179,225179,225181,2,0
225179,225179,225181,2,0
225179,225179,225182,3,0
225179,225179,225182,3,0
225179,225179,225182,3,0
225179,225179,225182,3,0
225179,225179,225182,3,0
225179,225179,225182,3,0
225179,225179,225183,4,0
225179,225179,225183,4,0
225196,225196,225197,1,0
225196,225196,225197,1,0
225196,225196,225197,1,0
225196,225196,225197,1,0
225196,225196,225197,1,0
225196,225196,225197,1,0
225196,225196,225197,1,0
225196,225196,225197,1,0
225196,225196,225197,1,0
225196,225196,225199,3,0
225196,225196,225199,3,0
225196,225196,225198,2,0
225196,225196,225198,2,0
225196,225196,225198,2,0
225196,225196,225199,3,0
225196,225196,225198,2,0
225196,225196,225198,2,0
225196,225196,225198,2,0
225196,225196,225198,2,0
225196,225196,225199,3,0
225196,225196,225199,3,0
225196,225196,225198,2,0
225196,225196,225200,4,0
225196,225196,225199,3,0
225196,225196,225199,3,0
225196,225196,225200,4,0
225196,225196,225199,3,0
225196,225196,225199,3,0
225196,225196,225199,3,0
225196,225196,225200,4,0
225196,225196,225200,4,0
225213,225213,225214,1,0
225213,225213,225214,1,0
225213,225213,225214,1,0
225213,225213,225214,1,0
225213,225213,225214,1,0
225213,225213,225214,1,0
225213,225213,225214,1,0
225213,225213,225214,1,0
225213,225213,225215,2,0
225213,225213,225215,2,0
225213,225213,225215,2,0
225213,225213,225215,2,0
225213,225213,225216,3,0
225213,225213,225216,3,0
225213,225213,225215,2,0
225213,225213,225215,2,0
225213,225213,225216,3,0
225213,225213,225215,2,0
225213,225213,225216,3,0
225213,225213,225215,2,0
225213,225213,225215,2,0
225213,225213,225215,2,0
225213,225213,225216,3,0
225213,225213,225215,2,0
225213,225213,225216,3,0
225213,225213,225217,4,0
225213,225213,225216,3,0
225213,225213,225216,3,0
225213,225213,225216,3,0
225213,225213,225216,3,0
225213,225213,225216,3,0
225229,225229,225230,1,0
225229,225229,225230,1,0
225229,225229,225230,1,0
225229,225229,225230,1,0
225229,225229,225231,2,0
225229,225229,225230,1,0
225229,225229,225230,1,0
225229,225229,225231,2,0
225229,225229,225231,2,0
225229,225229,225230,1,0
225229,225229,225232,3,0
225229,225229,225232,3,0
225229,225229,225232,3,0
225229,225229,225231,2,0
225229,225229,225232,3,0
225229,225229,225232,3,0
225229,225229,225231,2,0
225229,225229,225231,2,0
225229,225229,225231,2,0
225229,225229,225231,2,0
225229,225229,225231,2,0
225229,225229,225231,2,0
225229,225229,225232,3,0
225229,225229,225232,3,0
225229,225229,225232,3,0
225229,225229,225231,2,0
225229,225229,225232,3,0
225229,225229,225232,3,0
225229,225229,225232,3,0
225229,225229,225232,3,0
225229,225229,225232,3,0
225245,225245,225246,1,0
225245,225245,225246,1,0
225245,225245,225246,1,0
225245,225245,225246,1,0
225245,225245,225247,2,0
225245,225245,225246,1,0
225245,225245,225246,1,0
225245,225245,225246,1,0
225245,225245,225246,1,0
225245,225245,225246,1,0
225245,225245,225246,1,0
225245,225245,225247,2,0
225245,225245,225247,2,0
225245,225245,225247,2,0
225245,225245,225247,2,0
225245,225245,225247,2,0
225245,225245,225248,3,0
225245,225245,225247,2,0
225245,225245,225247,2,0
225245,225245,225247,2,0
225245,225245,225247,2,0
225245,225245,225247,2,0
225245,225245,225247,2,0
225245,225245,225247,2,0
225245,225245,225248,3,0
225245,225245,225247,2,0
225245,225245,225248,3,0
225245,225245,225248,3,0
225245,225245,225248,3,0
225245,225245,225248,3,0
225245,225245,225248,3,0
225259,225259,225260,1,0
225259,225259,225260,1,0
225259,225259,225261,2,0
225259,225259,225260,1,0
225259,225259,225261,2,0
225259,225259,225261,2,0
225259,225259,225261,2,0
225259,225259,225261,2,0
225259,225259,225261,2,0
225259,225259,225261,2,0
225259,225259,225261,2,0
225259,225259,225262,3,0
225259,225259,225262,3,0
225259,225259,225262,3,0
225259,225259,225262,3,0
225259,225259,225261,2,0
225259,225259,225262,3,0
225259,225259,225262,3,0
225259,225259,225261,2,0
225259,225259,225261,2,0
225259,225259,225261,2,0
225259,225259,225262,3,0
225259,225259,225262,3,0
225259,225259,225262,3,0
225259,225259,225262,3,0
225259,225259,225262,3,0
225259,225259,225262,3,0
225259,225259,225262,3,0
225259,225259,225262,3,0
225259,225259,225262,3,0
225259,225259,225263,4,0
225275,225275,225277,2,0
225275,225275,225277,2,0
225275,225275,225277,2,0
225275,225275,225277,2,0
225275,225275,225277,2,0
225275,225275,225277,2,0
225275,225275,225277,2,0
225275,225275,225277,2,0
225275,225275,225277,2,0
225275,225275,225278,3,0
225275,225275,225278,3,0
225275,225275,225278,3,0
225275,225275,225278,3,0
225275,225275,225278,3,0
225275,225275,225278,3,0
225275,225275,225278,3,0
225275,225275,225278,3,0
225275,225275,225278,3,0
225275,225275,225278,3,0
225275,225275,225278,3,0
225275,225275,225278,3,0
225275,225275,225278,3,0
225275,225275,225278,3,0
225275,225275,225278,3,0
225275,225275,225278,3,0
225275,225275,225278,3,0
225275,225275,225278,3,0
225275,225275,225278,3,0
225275,225275,225277,2,0
225275,225275,225279,4,0
225275,225275,225279,4,0
225290,225290,225292,2,0
225290,225290,225292,2,0
225290,225291,225292,1,1
225290,225291,225293,2,1
225290,225291,225293,2,1
225290,225291,225293,2,1
225290,225291,225294,3,1
225290,225291,225293,2,1
225290,225291,225293,2,1
225290,225291,225293,2,1
225290,225291,225294,3,1
225290,225291,225294,3,1
225290,225291,225294,3,1
225290,225291,225295,4,1
225290,225291,225295,4,1
225290,225291,225295,4,1
225290,225291,225295,4,1
225290,225291,225295,4,1
225290,225291,225296,5,1
225290,225291,225296,5,1
225290,225291,225296,5,1
225290,225291,225296,5,1
225290,225290,225298,8,0
225290,225291,225297,6,1
225290,225291,225299,8,1
225290,225291,225299,8,1
225290,225291,225299,8,1
225290,225291,225300,9,1
225290,225291,225300,9,1
225290,225291,225300,9,1
225290,225291,225300,9,1
225312,225313,225314,1,1
225312,225313,225314,1,1
225312,225313,225314,1,1
225312,225313,225315,2,1
225312,225313,225315,2,1
225312,225313,225315,2,1
225312,225313,225316,3,1
225312,225313,225317,4,1
225312,225313,225316,3,1
225312,225313,225316,3,1
225312,225313,225316,3,1
225312,225313,225316,3,1
225312,225313,225316,3,1
225312,225313,225317,4,1
225312,225313,225317,4,1
225312,225313,225317,4,1
225312,225313,225317,4,1
225312,225313,225317,4,1
225312,225313,225318,5,1
225312,225313,225318,5,1
225312,225313,225319,6,1
225312,225313,225319,6,1
225312,225313,225319,6,1
225312,225313,225320,7,1
225312,225313,225322,9,1
225312,225313,225322,9,1
225312,225313,225322,9,1
225312,225313,225322,9,1
225312,225313,225322,9,1
225312,225313,225322,9,1
225312,225313,225322,9,1
225334,225334,225335,1,0
225334,225334,225335,1,0
225334,225334,225335,1,0
225334,225334,225336,2,0
225334,225334,225337,3,0
225334,225334,225337,3,0
225334,225334,225337,3,0
225334,225334,225337,3,0
225334,225334,225338,4,0
225334,225334,225337,3,0
225334,225334,225337,3,0
225334,225334,225338,4,0
225334,225334,225338,4,0
225334,225334,225337,3,0
225334,225334,225338,4,0
225334,225334,225337,3,0
225334,225334,225339,5,0
225334,225334,225338,4,0
225334,225334,225340,6,0
225334,225334,225340,6,0
225334,225334,225339,5,0
225334,225334,225341,7,0
225334,225334,225341,7,0
225334,225334,225342,8,0
225334,225334,225343,9,0
225334,225334,225344,10,0
225334,225334,225343,9,0
225334,225334,225344,10,0
225334,225334,225344,10,0
225334,225334,225344,10,0
225334,225334,225344,10,0
225357,225358,225359,1,1
225357,225358,225359,1,1
225357,225358,225359,1,1
225357,225358,225361,3,1
225357,225358,225360,2,1
225357,225358,225360,2,1
225357,225358,225360,2,1
225357,225358,225361,3,1
225357,225358,225361,3,1
225357,225358,225361,3,1
225357,225358,225361,3,1
225357,225358,225361,3,1
225357,225358,225361,3,1
225357,225358,225361,3,1
225357,225358,225361,3,1
225357,225358,225362,4,1
225357,225358,225364,6,1
225357,225358,225363,5,1
225357,225358,225363,5,1
225357,225358,225363,5,1
225357,225358,225364,6,1
225357,225358,225364,6,1
225357,225358,225364,6,1
225357,225358,225365,7,1
225357,225358,225365,7,1
225357,225358,225367,9,1
225357,225358,225367,9,1
225357,225358,225367,9,1
225357,225358,225367,9,1
225357,225358,225367,9,1
225357,225358,225368,10,1
225380,225380,225381,1,0
225380,225380,225382,2,0
225380,225380,225382,2,0
225380,225380,225383,3,0
225380,225380,225383,3,0
225380,225380,225383,3,0
225380,225380,225383,3,0
225380,225380,225383,3,0
225380,225380,225383,3,0
225380,225380,225384,4,0
225380,225380,225384,4,0
225380,225380,225384,4,0
225380,225380,225384,4,0
225380,225380,225384,4,0
225380,225380,225384,4,0
225380,225380,225384,4,0
225380,225380,225385,5,0
225380,225380,225385,5,0
225380,225380,225386,6,0
225380,225380,225386,6,0
225380,225380,225385,5,0
225380,225380,225386,6,0
225380,225380,225387,7,0
225380,225380,225390,10,0
225380,225380,225390,10,0
225380,225380,225390,10,0
225380,225380,225390,10,0
225380,225380,225391,11,0
225380,225380,225391,11,0
225380,225380,225391,11,0
225380,225380,225393,13,0
225405,225405,225407,2,0
225405,225405,225407,2,0
225405,225405,225406,1,0
225405,225405,225407,2,0
225405,225405,225408,3,0
225405,225405,225409,4,0
225405,225405,225409,4,0
225405,225405,225408,3,0
225405,225405,225409,4,0
225405,225405,225408,3,0
225405,225405,225409,4,0
225405,225405,225409,4,0
225405,225405,225408,3,0
225405,225405,225409,4,0
225405,225405,225409,4,0
225405,225405,225409,4,0
225405,225405,225409,4,0
225405,225405,225410,5,0
225405,225405,225410,5,0
225405,225405,225410,5,0
225405,225405,225410,5,0
225405,225405,225411,6,0
225405,225405,225413,8,0
225405,225405,225413,8,0
225405,225405,225415,10,0
225405,225405,225415,10,0
225405,225405,225415,10,0
225405,225405,225415,10,0
225405,225405,225415,10,0
225405,225405,225415,10,0
225405,225405,225419,14,0
225431,225431,225432,1,0
225431,225431,225432,1,0
225431,225431,225432,1,0
225431,225431,225434,3,0
225431,225431,225434,3,0
225431,225431,225433,2,0
225431,225431,225434,3,0
225431,225431,225434,3,0
225431,225431,225434,3,0
225431,225431,225434,3,0
225431,225431,225434,3,0
225431,225431,225434,3,0
225431,225431,225435,4,0
225431,225431,225435,4,0
225431,225431,225436,5,0
225431,225431,225435,4,0
225431,225431,225435,4,0
225431,225431,225437,6,0
225431,225431,225436,5,0
225431,225431,225437,6,0
225431,225431,225437,6,0
225431,225431,225438,7,0
225431,225431,225439,8,0
225431,225431,225439,8,0
225431,225431,225440,9,0
225431,225431,225441,10,0
225431,225431,225440,9,0
225431,225431,225440,9,0
225431,225431,225441,10,0
225431,225431,225441,10,0
225431,225431,225440,9,0
225453,225453,225454,1,0
225453,225453,225454,1,0
225453,225453,225454,1,0
225453,225453,225456,3,0
225453,225453,225455,2,0
225453,225453,225455,2,0
225453,225453,225456,3,0
225453,225453,225456,3,0
225453,225453,225456,3,0
225453,225453,225456,3,0
225453,225453,225456,3,0
225453,225453,225456,3,0
225453,225453,225456,3,0
225453,225453,225456,3,0
225453,225453,225456,3,0
225453,225453,225457,4,0
225453,225453,225457,4,0
225453,225453,225458,5,0
225453,225453,225459,6,0
225453,225453,225459,6,0
225453,225453,225459,6,0
225453,225453,225459,6,0
225453,225453,225461,8,0
225453,225453,225460,7,0
225453,225453,225461,8,0
225453,225453,225461,8,0
225453,225453,225462,9,0
225453,225453,225462,9,0
225453,225453,225463,10,0
225453,225453,225462,9,0
225453,225453,225462,9,0
225475,225475,225476,1,0
225475,225475,225476,1,0
225475,225475,225476,1,0
225475,225475,225477,2,0
225475,225475,225477,2,0
225475,225475,225477,2,0
225475,225475,225477,2,0
225475,225475,225477,2,0
225475,225475,225477,2,0
225475,225475,225477,2,0
225475,225475,225479,4,0
225475,225475,225478,3,0
225475,225475,225478,3,0
225475,225475,225478,3,0
225475,225475,225480,5,0
225475,225475,225479,4,0
225475,225475,225479,4,0
225475,225475,225480,5,0
225475,225475,225480,5,0
225475,225475,225480,5,0
225475,225475,225480,5,0
225475,225475,225480,5,0
225475,225475,225481,6,0
225475,225475,225483,8,0
225475,225475,225482,7,0
225475,225475,225483,8,0
225475,225475,225483,8,0
225475,225475,225484,9,0
225475,225475,225484,9,0
225475,225475,225484,9,0
225475,225475,225484,9,0
225496,225496,225497,1,0
225496,225496,225498,2,0
225496,225496,225497,1,0
225496,225496,225499,3,0
225496,225496,225499,3,0
225496,225496,225499,3,0
225496,225496,225499,3,0
225496,225496,225498,2,0
225496,225496,225500,4,0
225496,225496,225499,3,0
225496,225496,225500,4,0
225496,225496,225499,3,0
225496,225496,225499,3,0
225496,225496,225500,4,0
225496,225496,225501,5,0
225496,225496,225501,5,0
225496,225496,225500,4,0
225496,225496,225501,5,0
225496,225496,225501,5,0
225496,225496,225501,5,0
225496,225496,225502,6,0
225496,225496,225502,6,0
225496,225496,225503,7,0
225496,225496,225503,7,0
225496,225496,225504,8,0
225496,225496,225505,9,0
225496,225496,225504,8,0
225496,225496,225506,10,0
225496,225496,225505,9,0
225496,225496,225506,10,0
225496,225496,225505,9,0
225518,225518,225519,1,0
225518,225518,225520,2,0
225518,225518,225519,1,0
225518,225518,225521,3,0
225518,225518,225521,3,0
225518,225518,225521,3,0
225518,225518,225520,2,0
225518,225518,225521,3,0
225518,225518,225521,3,0
225518,225518,225521,3,0
225518,225518,225522,4,0
225518,225518,225522,4,0
225518,225518,225521,3,0
225518,225518,225523,5,0
225518,225518,225522,4,0
225518,225518,225522,4,0
225518,225518,225523,5,0
225518,225518,225523,5,0
225518,225518,225523,5,0
225518,225518,225524,6,0
225518,225518,225524,6,0
225518,225518,225525,7,0
225518,225518,225526,8,0
225518,225518,225526,8,0
225518,225518,225527,9,0
225518,225518,225527,9,0
225518,225518,225527,9,0
225518,225518,225528,10,0
225518,225518,225528,10,0
225518,225518,225528,10,0
225518,225518,225528,10,0
225540,225540,225541,1,0
225540,225540,225541,1,0
225540,225540,225541,1,0
225540,225540,225543,3,0
225540,225540,225543,3,0
225540,225540,225543,3,0
225540,225540,225542,2,0
225540,225540,225543,3,0
225540,225540,225543,3,0
225540,225540,225543,3,0
225540,225540,225543,3,0
225540,225540,225543,3,0
225540,225540,225543,3,0
225540,225540,225543,3,0
225540,225540,225545,5,0
225540,225540,225545,5,0
225540,225540,225544,4,0
225540,225540,225545,5,0
225540,225540,225545,5,0
225540,225540,225544,4,0
225540,225540,225545,5,0
225540,225540,225547,7,0
225540,225540,225547,7,0
225540,225540,225548,8,0
225540,225540,225547,7,0
225540,225540,225548,8,0
225540,225540,225548,8,0
225540,225540,225550,10,0
225540,225540,225549,9,0
225540,225540,225549,9,0
225540,225540,225550,10,0
225562,225562,225563,1,0
225562,225562,225564,2,0
225562,225562,225563,1,0
225562,225562,225565,3,0
225562,225562,225565,3,0
225562,225562,225566,4,0
225562,225562,225565,3,0
225562,225562,225565,3,0
225562,225562,225565,3,0
225562,225562,225566,4,0
225562,225562,225565,3,0
225562,225562,225565,3,0
225562,225562,225565,3,0
225562,225562,225565,3,0
225562,225562,225566,4,0
225562,225562,225567,5,0
225562,225562,225567,5,0
225562,225562,225566,4,0
225562,225562,225568,6,0
225562,225562,225568,6,0
225562,225562,225567,5,0
225562,225562,225570,8,0
225562,225562,225570,8,0
225562,225562,225570,8,0
225562,225562,225569,7,0
225562,225562,225570,8,0
225562,225562,225571,9,0
225562,225562,225572,10,0
225562,225562,225571,9,0
225562,225562,225571,9,0
225562,225562,225572,10,0
225586,225586,225587,1,0
225586,225586,225588,2,0
225586,225586,225588,2,0
225586,225586,225589,3,0
225586,225586,225589,3,0
225586,225586,225589,3,0
225586,225586,225589,3,0
225586,225586,225590,4,0
225586,225586,225590,4,0
225586,225586,225590,4,0
225586,225586,225590,4,0
225586,225586,225590,4,0
225586,225586,225590,4,0
225586,225586,225590,4,0
225586,225586,225589,3,0
225586,225586,225589,3,0
225586,225586,225591,5,0
225586,225586,225591,5,0
225586,225586,225590,4,0
225586,225586,225591,5,0
225586,225586,225593,7,0
225586,225586,225593,7,0
225586,225586,225594,8,0
225586,225586,225594,8,0
225586,225586,225594,8,0
225586,225586,225594,8,0
225586,225586,225595,9,0
225586,225586,225595,9,0
225586,225586,225596,10,0
225586,225586,225596,10,0
225586,225586,225598,12,0
225138,225139,225604,465,1
225610,225610,225611,1,0
225610,225610,225611,1,0
225610,225610,225611,1,0
225610,225610,225612,2,0
225610,225610,225613,3,0
225610,225610,225613,3,0
225610,225610,225613,3,0
225610,225610,225613,3,0
225610,225610,225613,3,0
225610,225610,225613,3,0
225610,225610,225613,3,0
225610,225610,225614,4,0
225610,225610,225613,3,0
225610,225610,225613,3,0
225610,225610,225613,3,0
225610,225610,225614,4,0
225610,225610,225614,4,0
225610,225610,225614,4,0
225610,225610,225614,4,0
225610,225610,225617,7,0
225610,225610,225617,7,0
225610,225610,225617,7,0
225610,225610,225617,7,0
225610,225610,225617,7,0
225610,225610,225619,9,0
225610,225610,225618,8,0
225610,225610,225618,8,0
225610,225610,225619,9,0
225610,225610,225619,9,0
225610,225610,225620,10,0
225610,225610,225623,13,0
225636,225636,225637,1,0
225636,225636,225637,1,0
225636,225636,225637,1,0
225636,225636,225638,2,0
225636,225636,225639,3,0
225636,225636,225638,2,0
225636,225636,225638,2,0
225636,225636,225639,3,0
225636,225636,225640,4,0
225636,225636,225639,3,0
225636,225636,225640,4,0
225636,225636,225639,3,0
225636,225636,225639,3,0
225636,225636,225640,4,0
225636,225636,225639,3,0
225636,225636,225639,3,0
225636,225636,225640,4,0
225636,225636,225640,4,0
225636,225636,225640,4,0
225636,225636,225640,4,0
225636,225636,225642,6,0
225636,225636,225643,7,0
225636,225636,225643,7,0
225636,225636,225644,8,0
225636,225636,225644,8,0
225636,225636,225644,8,0
225636,225636,225644,8,0
225636,225636,225645,9,0
225636,225636,225645,9,0
225636,225636,225645,9,0
225636,225636,225650,14,0
225662,225662,225664,2,0
225662,225662,225664,2,0
225662,225662,225664,2,0
225662,225662,225665,3,0
225662,225662,225665,3,0
225662,225662,225665,3,0
225662,225662,225666,4,0
225662,225662,225666,4,0
225662,225662,225666,4,0
225662,225662,225666,4,0
225662,225662,225666,4,0
225662,225662,225665,3,0
225662,225662,225666,4,0
225662,225662,225666,4,0
225662,225662,225667,5,0
225662,225662,225667,5,0
225662,225662,225667,5,0
225662,225662,225667,5,0
225662,225662,225667,5,0
225662,225662,225668,6,0
225662,225662,225668,6,0
225662,225662,225669,7,0
225662,225662,225670,8,0
225662,225662,225670,8,0
225662,225662,225670,8,0
225662,225662,225670,8,0
225662,225662,225671,9,0
225662,225662,225671,9,0
225662,225662,225672,10,0
225662,225662,225672,10,0
225662,225662,225672,10,0
225685,225685,225686,1,0
225685,225685,225686,1,0
225685,225685,225686,1,0
225685,225685,225687,2,0
225685,225685,225688,3,0
225685,225685,225688,3,0
225685,225685,225688,3,0
225685,225685,225688,3,0
225685,225685,225689,4,0
225685,225685,225688,3,0
225685,225685,225689,4,0
225685,225685,225688,3,0
225685,225685,225689,4,0
225685,225685,225688,3,0
225685,225685,225689,4,0
225685,225685,225689,4,0
225685,225685,225689,4,0
225685,225685,225690,5,0
225685,225685,225690,5,0
225685,225685,225692,7,0
225685,225685,225692,7,0
225685,225685,225692,7,0
225685,225685,225691,6,0
225685,225685,225693,8,0
225685,225685,225692,7,0
225685,225685,225695,10,0
225685,225685,225695,10,0
225685,225685,225694,9,0
225685,225685,225694,9,0
225685,225685,225694,9,0
225685,225685,225695,10,0
225707,225707,225709,2,0
225707,225707,225708,1,0
225707,225707,225708,1,0
225707,225707,225710,3,0
225707,225707,225710,3,0
225707,225707,225710,3,0
225707,225707,225711,4,0
225707,225707,225710,3,0
225707,225707,225710,3,0
225707,225707,225710,3,0
225707,225707,225710,3,0
225707,225707,225711,4,0
225707,225707,225710,3,0
225707,225707,225712,5,0
225707,225707,225711,4,0
225707,225707,225711,4,0
225707,225707,225712,5,0
225707,225707,225712,5,0
225707,225707,225712,5,0
225707,225707,225713,6,0
225707,225707,225713,6,0
225707,225707,225714,7,0
225707,225707,225714,7,0
225707,225707,225715,8,0
225707,225707,225715,8,0
225707,225707,225716,9,0
225707,225707,225716,9,0
225707,225707,225717,10,0
225707,225707,225717,10,0
225707,225707,225716,9,0
225707,225707,225721,14,0
225733,225733,225734,1,0
225733,225733,225734,1,0
225733,225733,225735,2,0
225733,225733,225736,3,0
225733,225733,225736,3,0
225733,225733,225737,4,0
225733,225733,225737,4,0
225733,225733,225737,4,0
225733,225733,225737,4,0
225733,225733,225737,4,0
225733,225733,225738,5,0
225733,225733,225738,5,0
225733,225733,225738,5,0
225733,225733,225738,5,0
225733,225733,225737,4,0
225733,225734,225738,4,1
225733,225733,225738,5,0
225733,225733,225739,6,0
225733,225733,225739,6,0
225733,225733,225740,7,0
225733,225733,225739,6,0
225733,225733,225740,7,0
225733,225733,225740,7,0
225733,225733,225740,7,0
225733,225733,225741,8,0
225733,225733,225743,10,0
225733,225733,225743,10,0
225733,225733,225743,10,0
225733,225733,225743,10,0
225733,225733,225744,11,0
225733,225733,225749,16,0
225761,225761,225762,1,0
225761,225761,225763,2,0
225761,225761,225763,2,0
225761,225761,225764,3,0
225761,225761,225764,3,0
225761,225761,225765,4,0
225761,225761,225765,4,0
225761,225761,225765,4,0
225761,225761,225765,4,0
225761,225761,225765,4,0
225761,225761,225766,5,0
225761,225761,225766,5,0
225761,225761,225766,5,0
225761,225761,225766,5,0
225761,225761,225765,4,0
225761,225761,225766,5,0
225761,225761,225766,5,0
225761,225761,225766,5,0
225761,225761,225765,4,0
225761,225761,225766,5,0
225761,225761,225768,7,0
225761,225761,225768,7,0
225761,225761,225769,8,0
225761,225761,225769,8,0
225761,225761,225769,8,0
225761,225761,225770,9,0
225761,225761,225770,9,0
225761,225761,225770,9,0
225761,225761,225771,10,0
225761,225761,225771,10,0
225761,225761,225775,14,0
225787,225787,225789,2,0
225787,225787,225788,1,0
225787,225787,225789,2,0
225787,225787,225790,3,0
225787,225787,225790,3,0
225787,225787,225790,3,0
225787,225787,225791,4,0
225787,225787,225791,4,0
225787,225787,225791,4,0
225787,225787,225791,4,0
225787,225787,225792,5,0
225787,225787,225792,5,0
225787,225787,225792,5,0
225787,225787,225792,5,0
225787,225787,225792,5,0
225787,225787,225792,5,0
225787,225787,225794,7,0
225787,225787,225794,7,0
225787,225787,225794,7,0
225787,225787,225793,6,0
225787,225787,225795,8,0
225787,225787,225795,8,0
225787,225787,225795,8,0
225787,225787,225795,8,0
225787,225787,225797,10,0
225787,225787,225797,10,0
225787,225787,225797,10,0
225787,225787,225797,10,0
225787,225787,225797,10,0
225787,225787,225798,11,0
225787,225787,225801,14,0
225813,225813,225814,1,0
225813,225813,225815,2,0
225813,225813,225815,2,0
225813,225813,225816,3,0
225813,225813,225816,3,0
225813,225813,225817,4,0
225813,225813,225816,3,0
225813,225813,225817,4,0
225813,225813,225816,3,0
225813,225813,225817,4,0
225813,225813,225818,5,0
225813,225813,225817,4,0
225813,225813,225817,4,0
225813,225813,225818,5,0
225813,225813,225817,4,0
225813,225813,225818,5,0
225813,225813,225818,5,0
225813,225813,225817,4,0
225813,225813,225819,6,0
225813,225813,225818,5,0
225813,225813,225819,6,0
225813,225813,225820,7,0
225813,225813,225823,10,0
225813,225813,225823,10,0
225813,225813,225823,10,0
225813,225813,225823,10,0
225813,225813,225823,10,0
225813,225813,225822,9,0
225813,225813,225823,10,0
225813,225813,225824,11,0
225813,225813,225828,15,0
225840,225840,225842,2,0
225840,225840,225841,1,0
225840,225840,225841,1,0
225840,225840,225843,3,0
225840,225840,225843,3,0
225840,225840,225843,3,0
225840,225840,225844,4,0
225840,225840,225844,4,0
225840,225840,225844,4,0
225840,225840,225844,4,0
225840,225840,225844,4,0
225840,225840,225844,4,0
225840,225840,225844,4,0
225840,225840,225843,3,0
225840,225840,225844,4,0
225840,225840,225845,5,0
225840,225840,225844,4,0
225840,225840,225846,6,0
225840,225840,225846,6,0
225840,225840,225845,5,0
225840,225840,225847,7,0
225840,225840,225847,7,0
225840,225840,225848,8,0
225840,225840,225848,8,0
225840,225840,225850,10,0
225840,225840,225850,10,0
225840,225840,225850,10,0
225840,225840,225850,10,0
225840,225840,225849,9,0
225840,225840,225850,10,0
225840,225840,225851,11,0
225863,225863,225864,1,0
225863,225863,225864,1,0
225863,225863,225864,1,0
225863,225863,225866,3,0
225863,225863,225867,4,0
225863,225863,225866,3,0
225863,225863,225866,3,0
225863,225863,225866,3,0
225863,225863,225866,3,0
225863,225863,225866,3,0
225863,225863,225867,4,0
225863,225863,225867,4,0
225863,225863,225867,4,0
225863,225863,225867,4,0
225863,225863,225867,4,0
225863,225863,225867,4,0
225863,225863,225868,5,0
225863,225863,225868,5,0
225863,225863,225868,5,0
225863,225863,225869,6,0
225863,225863,225869,6,0
225863,225863,225869,6,0
225863,225863,225869,6,0
225863,225863,225870,7,0
225863,225863,225872,9,0
225863,225863,225871,8,0
225863,225863,225873,10,0
225863,225863,225873,10,0
225863,225863,225873,10,0
225863,225863,225873,10,0
225863,225863,225875,12,0
225888,225888,225889,1,0
225888,225888,225889,1,0
225888,225888,225889,1,0
225888,225888,225891,3,0
225888,225888,225891,3,0
225888,225888,225891,3,0
225888,225888,225892,4,0
225888,225888,225891,3,0
225888,225888,225891,3,0
225888,225888,225891,3,0
225888,225888,225892,4,0
225888,225888,225892,4,0
225888,225888,225893,5,0
225888,225888,225892,4,0
225888,225888,225893,5,0
225888,225888,225892,4,0
225888,225888,225893,5,0
225888,225888,225892,4,0
225888,225888,225894,6,0
225888,225888,225894,6,0
225888,225888,225893,5,0
225888,225888,225894,6,0
225888,225888,225893,5,0
225888,225888,225895,7,0
225888,225888,225894,6,0
225888,225888,225894,6,0
225888,225888,225898,10,0
225888,225888,225898,10,0
225888,225888,225898,10,0
225888,225888,225900,12,0
225888,225888,225902,14,0
225915,225915,225916,1,0
225915,225915,225916,1,0
225915,225915,225916,1,0
225915,225915,225918,3,0
225915,225915,225918,3,0
225915,225915,225918,3,0
225915,225915,225918,3,0
225915,225915,225918,3,0
225915,225915,225919,4,0
225915,225915,225918,3,0
225915,225915,225919,4,0
225915,225915,225918,3,0
225915,225915,225919,4,0
225915,225915,225919,4,0
225915,225915,225920,5,0
225915,225915,225919,4,0
225915,225915,225919,4,0
225915,225915,225919,4,0
225915,225915,225920,5,0
225915,225915,225920,5,0
225915,225915,225921,6,0
225915,225915,225921,6,0
225915,225915,225922,7,0
225915,225915,225921,6,0
225915,225915,225921,6,0
225915,225915,225923,8,0
225915,225915,225925,10,0
225915,225915,225925,10,0
225915,225915,225925,10,0
225915,225915,225926,11,0
225915,225915,225925,10,0
225938,225938,225939,1,0
225938,225938,225939,1,0
225938,225938,225939,1,0
225938,225938,225940,2,0
225938,225938,225940,2,0
225938,225938,225941,3,0
225938,225938,225941,3,0
225938,225938,225941,3,0
225938,225938,225942,4,0
225938,225938,225942,4,0
225938,225938,225941,3,0
225938,225938,225941,3,0
225938,225938,225942,4,0
225938,225938,225942,4,0
225938,225938,225942,4,0
225938,225938,225942,4,0
225938,225938,225942,4,0
225938,225938,225942,4,0
225938,225938,225942,4,0
225938,225938,225942,4,0
225938,225938,225943,5,0
225938,225938,225943,5,0
225938,225938,225943,5,0
225938,225938,225943,5,0
225938,225938,225944,6,0
225938,225938,225944,6,0
225938,225938,225945,7,0
225938,225938,225945,7,0
225938,225938,225946,8,0
225938,225938,225948,10,0
225938,225938,225947,9,0
225960,225960,225961,1,0
225960,225960,225962,2,0
225960,225960,225961,1,0
225960,225960,225963,3,0
225960,225960,225963,3,0
225960,225960,225963,3,0
225960,225960,225963,3,0
225960,225960,225963,3,0
225960,225960,225964,4,0
225960,225960,225964,4,0
225960,225960,225963,3,0
225960,225960,225964,4,0
225960,225960,225964,4,0
225960,225960,225964,4,0
225960,225960,225964,4,0
225960,225960,225965,5,0
225960,225960,225965,5,0
225960,225960,225965,5,0
225960,225960,225965,5,0
225960,225960,225965,5,0
225960,225960,225965,5,0
225960,225960,225965,5,0
225960,225960,225966,6,0
225960,225960,225966,6,0
225960,225960,225966,6,0
225960,225960,225967,7,0
225960,225960,225967,7,0
225960,225960,225968,8,0
225960,225960,225968,8,0
225960,225960,225970,10,0
225960,225960,225970,10,0
225982,225982,225984,2,0
225982,225982,225983,1,0
225982,225982,225983,1,0
225982,225982,225984,2,0
225982,225982,225985,3,0
225982,225982,225985,3,0
225982,225982,225986,4,0
225982,225982,225985,3,0
225982,225982,225985,3,0
225982,225982,225985,3,0
225982,225982,225985,3,0
225982,225982,225985,3,0
225982,225982,225986,4,0
225982,225982,225986,4,0
225982,225982,225986,4,0
225982,225982,225987,5,0
225982,225982,225986,4,0
225982,225982,225986,4,0
225982,225982,225987,5,0
225982,225982,225987,5,0
225982,225982,225988,6,0
225982,225982,225987,5,0
225982,225982,225989,7,0
225982,225982,225989,7,0
225982,225982,225989,7,0
225982,225982,225989,7,0
225982,225982,225991,9,0
225982,225982,225991,9,0
225982,225982,225992,10,0
225982,225982,225992,10,0
225982,225982,225993,11,0
226005,226005,226006,1,0
226005,226005,226007,2,0
226005,226005,226006,1,0
226005,226005,226008,3,0
226005,226005,226008,3,0
226005,226005,226007,2,0
226005,226005,226008,3,0
226005,226005,226008,3,0
226005,226005,226009,4,0
226005,226005,226008,3,0
226005,226005,226008,3,0
226005,226005,226008,3,0
226005,226005,226009,4,0
226005,226005,226009,4,0
226005,226005,226010,5,0
226005,226005,226009,4,0
226005,226005,226009,4,0
226005,226005,226011,6,0
226005,226005,226010,5,0
226005,226005,226011,6,0
226005,226005,226011,6,0
226005,226005,226012,7,0
226005,226005,226012,7,0
226005,226005,226013,8,0
226005,226005,226012,7,0
226005,226005,226014,9,0
226005,226005,226015,10,0
226005,226005,226014,9,0
226005,226005,226016,11,0
226005,226005,226015,10,0
226005,226005,226020,15,0
226032,226032,226033,1,0
226032,226032,226033,1,0
226032,226032,226034,2,0
226032,226032,226035,3,0
226032,226032,226035,3,0
226032,226032,226035,3,0
226032,226032,226035,3,0
226032,226032,226035,3,0
226032,226032,226035,3,0
226032,226032,226036,4,0
226032,226032,226035,3,0
226032,226032,226036,4,0
226032,226032,226035,3,0
226032,226032,226036,4,0
226032,226032,226035,3,0
226032,226032,226035,3,0
226032,226032,226037,5,0
226032,226032,226036,4,0
226032,226032,226037,5,0
226032,226032,226037,5,0
226032,226032,226038,6,0
226032,226032,226038,6,0
226032,226032,226038,6,0
226032,226032,226039,7,0
226032,226032,226038,6,0
226032,226032,226039,7,0
226032,226032,226038,6,0
226032,226032,226040,8,0
226032,226032,226040,8,0
226032,226032,226042,10,0
226032,226032,226042,10,0
226055,226055,226056,1,0
226055,226055,226056,1,0
226055,226055,226056,1,0
226055,226055,226058,3,0
226055,226055,226058,3,0
226055,226055,226058,3,0
226055,226055,226059,4,0
226055,226055,226059,4,0
226055,226055,226058,3,0
226055,226055,226058,3,0
226055,226055,226059,4,0
226055,226055,226058,3,0
226055,226055,226058,3,0
226055,226055,226059,4,0
226055,226055,226058,3,0
226055,226055,226059,4,0
226055,226055,226058,3,0
226055,226055,226059,4,0
226055,226055,226060,5,0
226055,226055,226060,5,0
226055,226055,226061,6,0
226055,226055,226061,6,0
226055,226055,226061,6,0
226055,226055,226060,5,0
226055,226055,226062,7,0
226055,226055,226062,7,0
226055,226055,226062,7,0
226055,226055,226062,7,0
226055,226055,226063,8,0
226055,226055,226064,9,0
226055,226055,226065,10,0
225612,225613,226075,462,1
226077,226077,226078,1,0
226077,226077,226078,1,0
226077,226077,226078,1,0
226077,226077,226080,3,0
226077,226077,226079,2,0
226077,226077,226080,3,0
226077,226077,226080,3,0
226077,226077,226080,3,0
226077,226077,226080,3,0
226077,226077,226080,3,0
226077,226077,226080,3,0
226077,226077,226081,4,0
226077,226077,226080,3,0
226077,226077,226080,3,0
226077,226077,226081,4,0
226077,226077,226081,4,0
226077,226077,226080,3,0
226077,226077,226080,3,0
226077,226077,226081,4,0
226077,226077,226081,4,0
226077,226077,226082,5,0
226077,226077,226083,6,0
226077,226077,226083,6,0
226077,226077,226083,6,0
226077,226077,226084,7,0
226077,226077,226084,7,0
226077,226077,226084,7,0
226077,226077,226085,8,0
226077,226077,226087,10,0
226077,226077,226087,10,0
226077,226077,226086,9,0
226098,226098,226099,1,0
226098,226098,226100,2,0
226098,226098,226100,2,0
226098,226098,226101,3,0
226098,226099,226101,2,1
226098,226098,226101,3,0
226098,226099,226101,2,1
226098,226099,226101,2,1
226098,226099,226101,2,1
226098,226098,226101,3,0
226098,226099,226101,2,1
226098,226098,226102,4,0
226098,226098,226102,4,0
226098,226099,226102,3,1
226098,226098,226102,4,0
226098,226098,226102,4,0
226098,226099,226102,3,1
226098,226098,226103,5,0
226098,226099,226103,4,1
226098,226098,226104,6,0
226098,226099,226104,5,1
226098,226098,226105,7,0
226098,226098,226105,7,0
226098,226098,226105,7,0
226098,226098,226106,8,0
226098,226098,226106,8,0
226098,226098,226106,8,0
226098,226098,226109,11,0
226098,226098,226108,10,0
226098,226098,226108,10,0
226098,226098,226108,10,0
226121,226121,226122,1,0
226121,226121,226122,1,0
226121,226121,226122,1,0
226121,226121,226123,2,0
226121,226121,226123,2,0
226121,226121,226123,2,0
226121,226121,226123,2,0
226121,226121,226124,3,0
226121,226121,226124,3,0
226121,226121,226124,3,0
226121,226121,226124,3,0
226121,226121,226124,3,0
226121,226121,226125,4,0
226121,226121,226124,3,0
226121,226121,226124,3,0
226121,226121,226124,3,0
226121,226121,226125,4,0
226121,226121,226125,4,0
226121,226121,226124,3,0
226121,226121,226124,3,0
226121,226121,226126,5,0
226121,226121,226127,6,0
226121,226121,226126,5,0
226121,226121,226127,6,0
226121,226121,226127,6,0
226121,226121,226127,6,0
226121,226121,226127,6,0
226121,226121,226129,8,0
226121,226121,226128,7,0
226121,226121,226131,10,0
226121,226121,226131,10,0
226143,226143,226144,1,0
226143,226143,226145,2,0
226143,226143,226144,1,0
226143,226143,226146,3,0
226143,226143,226146,3,0
226143,226143,226146,3,0
226143,226143,226146,3,0
226143,226143,226146,3,0
226143,226143,226146,3,0
226143,226143,226146,3,0
226143,226143,226147,4,0
226143,226143,226147,4,0
226143,226143,226146,3,0
226143,226143,226146,3,0
226143,226143,226146,3,0
226143,226143,226147,4,0
226143,226143,226147,4,0
226143,226143,226149,6,0
226143,226143,226149,6,0
226143,226143,226149,6,0
226143,226143,226150,7,0
226143,226143,226150,7,0
226143,226143,226149,6,0
226143,226143,226150,7,0
226143,226143,226150,7,0
226143,226143,226150,7,0
226143,226143,226150,7,0
226143,226143,226150,7,0
226143,226143,226151,8,0
226143,226143,226152,9,0
226143,226143,226153,10,0
226164,226165,226166,1,1
226164,226165,226166,1,1
226164,226165,226166,1,1
226164,226165,226167,2,1
226164,226165,226167,2,1
226164,226165,226167,2,1
226164,226165,226168,3,1
226164,226165,226167,2,1
226164,226165,226168,3,1
226164,226165,226168,3,1
226164,226165,226168,3,1
226164,226165,226168,3,1
226164,226165,226168,3,1
226164,226165,226168,3,1
226164,226165,226168,3,1
226164,226165,226168,3,1
226164,226165,226168,3,1
226164,226165,226169,4,1
226164,226165,226170,5,1
226164,226165,226170,5,1
226164,226165,226170,5,1
226164,226165,226170,5,1
226164,226165,226171,6,1
226164,226165,226171,6,1
226164,226165,226171,6,1
226164,226165,226171,6,1
226164,226165,226172,7,1
226164,226165,226173,8,1
226164,226165,226173,8,1
226164,226165,226174,9,1
226164,226165,226174,9,1
226186,226186,226187,1,0
226186,226186,226187,1,0
226186,226186,226187,1,0
226186,226186,226189,3,0
226186,226186,226189,3,0
226186,226186,226188,2,0
226186,226186,226189,3,0
226186,226186,226189,3,0
226186,226186,226188,2,0
226186,226186,226188,2,0
226186,226186,226189,3,0
226186,226186,226189,3,0
226186,226186,226189,3,0
226186,226186,226189,3,0
226186,226186,226189,3,0
226186,226186,226190,4,0
226186,226186,226189,3,0
226186,226186,226190,4,0
226186,226186,226190,4,0
226186,226186,226191,5,0
226186,226186,226191,5,0
226186,226186,226192,6,0
226186,226186,226191,5,0
226186,226186,226191,5,0
226186,226186,226193,7,0
226186,226186,226192,6,0
226186,226186,226192,6,0
226186,226186,226193,7,0
226186,226186,226193,7,0
226186,226186,226194,8,0
226186,226186,226196,10,0
226207,226207,226208,1,0
226207,226207,226208,1,0
226207,226207,226208,1,0
226207,226207,226210,3,0
226207,226207,226210,3,0
226207,226207,226210,3,0
226207,226207,226210,3,0
226207,226207,226210,3,0
226207,226207,226210,3,0
226207,226207,226210,3,0
226207,226207,226210,3,0
226207,226207,226211,4,0
226207,226207,226210,3,0
226207,226207,226210,3,0
226207,226207,226211,4,0
226207,226207,226211,4,0
226207,226207,226211,4,0
226207,226207,226210,3,0
226207,226207,226212,5,0
226207,226207,226212,5,0
226207,226207,226213,6,0
226207,226207,226213,6,0
226207,226207,226213,6,0
226207,226207,226212,5,0
226207,226207,226213,6,0
226207,226207,226214,7,0
226207,226207,226213,6,0
226207,226207,226214,7,0
226207,226207,226214,7,0
226207,226207,226215,8,0
226207,226207,226216,9,0
226228,226228,226229,1,0
226228,226228,226230,2,0
226228,226228,226230,2,0
226228,226228,226231,3,0
226228,226228,226231,3,0
226228,226228,226231,3,0
226228,226228,226231,3,0
226228,226228,226231,3,0
226228,226228,226231,3,0
226228,226229,226231,2,1
226228,226228,226231,3,0
226228,226228,226232,4,0
226228,226228,226232,4,0
226228,226228,226232,4,0
226228,226228,226232,4,0
226228,226228,226232,4,0
226228,226229,226232,3,1
226228,226229,226232,3,1
226228,226228,226232,4,0
226228,226228,226233,5,0
226228,226228,226233,5,0
226228,226228,226233,5,0
226228,226228,226233,5,0
226228,226228,226233,5,0
226228,226228,226234,6,0
226228,226228,226234,6,0
226228,226228,226234,6,0
226228,226228,226234,6,0
226228,226228,226235,7,0
226228,226228,226235,7,0
226228,226228,226235,7,0
226247,226247,226248,1,0
226247,226247,226248,1,0
226247,226247,226248,1,0
226247,226247,226249,2,0
226247,226247,226250,3,0
226247,226247,226250,3,0
226247,226247,226250,3,0
226247,226247,226250,3,0
226247,226247,226250,3,0
226247,226247,226250,3,0
226247,226247,226250,3,0
226247,226247,226250,3,0
226247,226247,226250,3,0
226247,226247,226250,3,0
226247,226247,226250,3,0
226247,226247,226251,4,0
226247,226247,226251,4,0
226247,226247,226252,5,0
226247,226247,226251,4,0
226247,226247,226251,4,0
226247,226247,226251,4,0
226247,226247,226252,5,0
226247,226247,226252,5,0
226247,226247,226252,5,0
226247,226247,226252,5,0
226247,226247,226252,5,0
226247,226247,226252,5,0
226247,226247,226253,6,0
226247,226247,226254,7,0
226247,226247,226255,8,0
226247,226247,226254,7,0
226266,226266,226267,1,0
226266,226266,226267,1,0
226266,226266,226268,2,0
226266,226266,226269,3,0
226266,226266,226269,3,0
226266,226266,226269,3,0
226266,226266,226269,3,0
226266,226266,226269,3,0
226266,226266,226269,3,0
226266,226266,226269,3,0
226266,226266,226269,3,0
226266,226266,226269,3,0
226266,226266,226270,4,0
226266,226266,226270,4,0
226266,226266,226270,4,0
226266,226266,226269,3,0
226266,226266,226270,4,0
226266,226266,226270,4,0
226266,226266,226269,3,0
226266,226266,226270,4,0
226266,226266,226270,4,0
226266,226266,226270,4,0
226266,226266,226270,4,0
226266,226266,226271,5,0
226266,226266,226271,5,0
226266,226266,226271,5,0
226266,226266,226271,5,0
226266,226266,226272,6,0
226266,226266,226272,6,0
226266,226266,226273,7,0
226266,226266,226276,10,0
226287,226287,226288,1,0
226287,226287,226288,1,0
226287,226287,226288,1,0
226287,226287,226290,3,0
226287,226287,226290,3,0
226287,226287,226290,3,0
226287,226287,226290,3,0
226287,226287,226290,3,0
226287,226287,226290,3,0
226287,226287,226289,2,0
226287,226287,226290,3,0
226287,226287,226290,3,0
226287,226287,226290,3,0
226287,226287,226290,3,0
226287,226287,226290,3,0
226287,226287,226290,3,0
226287,226287,226291,4,0
226287,226287,226291,4,0
226287,226287,226290,3,0
226287,226287,226291,4,0
226287,226287,226290,3,0
226287,226287,226291,4,0
226287,226287,226291,4,0
226287,226287,226290,3,0
226287,226287,226291,4,0
226287,226287,226291,4,0
226287,226287,226291,4,0
226287,226287,226293,6,0
226287,226287,226292,5,0
226287,226287,226293,6,0
226287,226287,226295,8,0
226306,226306,226307,1,0
226306,226306,226308,2,0
226306,226306,226308,2,0
226306,226307,226309,2,1
226306,226307,226309,2,1
226306,226306,226309,3,0
226306,226307,226309,2,1
226306,226307,226309,2,1
226306,226306,226309,3,0
226306,226307,226309,2,1
226306,226306,226309,3,0
226306,226307,226309,2,1
226306,226306,226310,4,0
226306,226307,226310,3,1
226306,226307,226310,3,1
226306,226307,226310,3,1
226306,226307,226310,3,1
226306,226307,226310,3,1
226306,226306,226310,4,0
226306,226307,226310,3,1
226306,226306,226310,4,0
226306,226306,226310,4,0
226306,226306,226310,4,0
226306,226306,226311,5,0
226306,226306,226311,5,0
226306,226306,226311,5,0
226306,226307,226311,4,1
226306,226306,226311,5,0
226306,226306,226312,6,0
226306,226306,226312,6,0
226306,226306,226315,9,0
226327,226327,226328,1,0
226327,226327,226328,1,0
226327,226327,226328,1,0
226327,226327,226329,2,0
226327,226327,226329,2,0
226327,226327,226329,2,0
226327,226327,226329,2,0
226327,226327,226329,2,0
226327,226327,226329,2,0
226327,226327,226330,3,0
226327,226327,226329,2,0
226327,226327,226329,2,0
226327,226327,226330,3,0
226327,226327,226329,2,0
226327,226327,226330,3,0
226327,226327,226330,3,0
226327,226327,226331,4,0
226327,226327,226330,3,0
226327,226327,226330,3,0
226327,226327,226330,3,0
226327,226327,226330,3,0
226327,226327,226331,4,0
226327,226327,226330,3,0
226327,226327,226331,4,0
226327,226327,226330,3,0
226327,226327,226331,4,0
226327,226327,226331,4,0
226327,226327,226332,5,0
226327,226327,226332,5,0
226327,226327,226333,6,0
226327,226327,226334,7,0
226346,226346,226347,1,0
226346,226346,226347,1,0
226346,226346,226347,1,0
226346,226346,226349,3,0
226346,226346,226348,2,0
226346,226346,226349,3,0
226346,226346,226349,3,0
226346,226346,226349,3,0
226346,226346,226349,3,0
226346,226346,226348,2,0
226346,226346,226349,3,0
226346,226346,226349,3,0
226346,226346,226349,3,0
226346,226346,226349,3,0
226346,226346,226349,3,0
226346,226346,226349,3,0
226346,226346,226349,3,0
226346,226346,226349,3,0
226346,226346,226350,4,0
226346,226346,226350,4,0
226346,226346,226350,4,0
226346,226346,226350,4,0
226346,226346,226349,3,0
226346,226346,226351,5,0
226346,226346,226351,5,0
226346,226346,226350,4,0
226346,226346,226351,5,0
226346,226346,226350,4,0
226346,226346,226352,6,0
226346,226346,226351,5,0
226346,226346,226352,6,0
226364,226365,226366,1,1
226364,226365,226366,1,1
226364,226365,226367,2,1
226364,226365,226367,2,1
226364,226365,226367,2,1
226364,226365,226367,2,1
226364,226365,226367,2,1
226364,226365,226368,3,1
226364,226365,226367,2,1
226364,226365,226367,2,1
226364,226365,226367,2,1
226364,226365,226368,3,1
226364,226365,226368,3,1
226364,226365,226368,3,1
226364,226365,226368,3,1
226364,226365,226368,3,1
226364,226365,226368,3,1
226364,226365,226368,3,1
226364,226365,226368,3,1
226364,226365,226368,3,1
226364,226365,226368,3,1
226364,226365,226368,3,1
226364,226365,226368,3,1
226364,226365,226369,4,1
226364,226365,226369,4,1
226364,226365,226369,4,1
226364,226365,226369,4,1
226364,226365,226369,4,1
226364,226365,226369,4,1
226364,226365,226370,5,1
226383,226383,226384,1,0
226383,226383,226384,1,0
226383,226383,226384,1,0
226383,226383,226384,1,0
226383,226383,226386,3,0
226383,226383,226385,2,0
226383,226383,226385,2,0
226383,226383,226386,3,0
226383,226383,226386,3,0
226383,226383,226386,3,0
226383,226383,226385,2,0
226383,226383,226386,3,0
226383,226383,226385,2,0
226383,226383,226386,3,0
226383,226383,226386,3,0
226383,226383,226386,3,0
226383,226383,226386,3,0
226383,226383,226386,3,0
226383,226383,226387,4,0
226383,226383,226386,3,0
226383,226383,226387,4,0
226383,226383,226387,4,0
226383,226383,226387,4,0
226383,226383,226388,5,0
226383,226383,226387,4,0
226383,226383,226388,5,0
226383,226383,226387,4,0
226383,226383,226390,7,0
226383,226383,226388,5,0
226383,226383,226389,6,0
226383,226383,226394,11,0
226406,226406,226407,1,0
226406,226406,226407,1,0
226406,226406,226408,2,0
226406,226406,226407,1,0
226406,226406,226409,3,0
226406,226406,226409,3,0
226406,226406,226408,2,0
226406,226406,226409,3,0
226406,226406,226408,2,0
226406,226406,226409,3,0
226406,226406,226409,3,0
226406,226406,226409,3,0
226406,226406,226409,3,0
226406,226406,226409,3,0
226406,226406,226408,2,0
226406,226406,226409,3,0
226406,226406,226410,4,0
226406,226406,226409,3,0
226406,226406,226409,3,0
226406,226406,226409,3,0
226406,226406,226409,3,0
226406,226406,226409,3,0
226406,226406,226410,4,0
226406,226406,226409,3,0
226406,226406,226410,4,0
226406,226406,226410,4,0
226406,226406,226410,4,0
226406,226406,226411,5,0
226406,226406,226411,5,0
226406,226406,226412,6,0
226406,226406,226414,8,0
226426,226426,226427,1,0
226426,226426,226427,1,0
226426,226426,226428,2,0
226426,226426,226428,2,0
226426,226426,226428,2,0
226426,226426,226429,3,0
226426,226426,226429,3,0
226426,226426,226429,3,0
226426,226426,226429,3,0
226426,226426,226429,3,0
226426,226426,226429,3,0
226426,226426,226429,3,0
226426,226426,226430,4,0
226426,226426,226430,4,0
226426,226426,226429,3,0
226426,226426,226430,4,0
226426,226426,226429,3,0
226426,226426,226430,4,0
226426,226426,226430,4,0
226426,226426,226430,4,0
226426,226426,226430,4,0
226426,226426,226430,4,0
226426,226426,226430,4,0
226426,226426,226431,5,0
226426,226426,226431,5,0
226426,226426,226431,5,0
226426,226426,226430,4,0
226426,226426,226432,6,0
226426,226426,226433,7,0
226426,226426,226435,9,0
226426,226426,226436,10,0
226448,226449,226450,1,1
226448,226449,226450,1,1
226448,226449,226450,1,1
226448,226449,226451,2,1
226448,226449,226451,2,1
226448,226449,226451,2,1
226448,226449,226451,2,1
226448,226449,226451,2,1
226448,226449,226451,2,1
226448,226449,226451,2,1
226448,226449,226452,3,1
226448,226449,226451,2,1
226448,226449,226452,3,1
226448,226449,226452,3,1
226448,226449,226452,3,1
226448,226449,226452,3,1
226448,226449,226452,3,1
226448,226449,226452,3,1
226448,226449,226452,3,1
226448,226449,226452,3,1
226448,226449,226452,3,1
226448,226449,226452,3,1
226448,226449,226453,4,1
226448,226449,226453,4,1
226448,226449,226453,4,1
226448,226449,226453,4,1
226448,226449,226453,4,1
226448,226449,226454,5,1
226448,226449,226456,7,1
226448,226449,226457,8,1
226468,226468,226469,1,0
226468,226468,226469,1,0
226468,226468,226470,2,0
226468,226469,226470,1,1
226468,226469,226470,1,1
226468,226468,226471,3,0
226468,226469,226471,2,1
226468,226469,226471,2,1
226468,226469,226471,2,1
226468,226468,226471,3,0
226468,226469,226471,2,1
226468,226468,226471,3,0
226468,226469,226471,2,1
226468,226468,226472,4,0
226468,226468,226472,4,0
226468,226468,226472,4,0
226468,226468,226472,4,0
226468,226468,226472,4,0
226468,226468,226472,4,0
226468,226468,226472,4,0
226468,226469,226471,2,1
226468,226468,226472,4,0
226468,226468,226473,5,0
226468,226468,226474,6,0
226468,226468,226475,7,0
226468,226468,226475,7,0
226468,226468,226475,7,0
226468,226469,226476,7,1
226468,226468,226477,9,0
226468,226468,226477,9,0
226489,226489,226490,1,0
226489,226489,226490,1,0
226489,226489,226491,2,0
226489,226489,226491,2,0
226489,226489,226491,2,0
226489,226489,226491,2,0
226489,226490,226491,1,1
226489,226490,226491,1,1
226489,226489,226492,3,0
226489,226489,226492,3,0
226489,226489,226492,3,0
226489,226489,226492,3,0
226489,226489,226492,3,0
226489,226489,226492,3,0
226489,226489,226492,3,0
226489,226489,226493,4,0
226489,226489,226493,4,0
226489,226489,226493,4,0
226489,226489,226493,4,0
226489,226489,226493,4,0
226489,226489,226492,3,0
226489,226489,226493,4,0
226489,226490,226493,3,1
226489,226489,226494,5,0
226489,226489,226495,6,0
226489,226489,226496,7,0
226489,226489,226496,7,0
226489,226490,226496,6,1
226489,226489,226497,8,0
226489,226489,226497,8,0
226489,226489,226498,9,0
226509,226509,226510,1,0
226509,226509,226511,2,0
226509,226509,226511,2,0
226509,226509,226510,1,0
226509,226509,226510,1,0
226509,226509,226511,2,0
226509,226509,226511,2,0
226509,226509,226512,3,0
226509,226509,226512,3,0
226509,226509,226512,3,0
226509,226509,226512,3,0
226509,226509,226512,3,0
226509,226509,226512,3,0
226509,226509,226512,3,0
226509,226509,226513,4,0
226509,226509,226512,3,0
226509,226509,226512,3,0
226509,226509,226512,3,0
226509,226509,226513,4,0
226509,226509,226513,4,0
226509,226509,226513,4,0
226509,226509,226514,5,0
226509,226509,226514,5,0
226509,226509,226514,5,0
226509,226509,226515,6,0
226509,226509,226515,6,0
226509,226509,226515,6,0
226509,226509,226516,7,0
226509,226509,226515,6,0
226082,226083,226520,437,1
226509,226509,226522,13,0
226509,226509,226522,13,0
226534,226534,226535,1,0
226534,226534,226536,2,0
226534,226534,226536,2,0
226534,226534,226536,2,0
226534,226534,226536,2,0
226534,226534,226535,1,0
226534,226534,226537,3,0
226534,226534,226537,3,0
226534,226534,226537,3,0
226534,226534,226537,3,0
226534,226534,226537,3,0
226534,226534,226537,3,0
226534,226534,226537,3,0
226534,226534,226538,4,0
226534,226534,226538,4,0
226534,226534,226537,3,0
226534,226534,226537,3,0
226534,226534,226538,4,0
226534,226534,226538,4,0
226534,226534,226537,3,0
226534,226534,226538,4,0
226534,226534,226538,4,0
226534,226534,226539,5,0
226534,226534,226540,6,0
226534,226534,226540,6,0
226534,226534,226540,6,0
226534,226534,226540,6,0
226534,226534,226541,7,0
226534,226534,226541,7,0
226534,226534,226541,7,0
226534,226534,226542,8,0
226554,226554,226555,1,0
226554,226554,226555,1,0
226554,226554,226556,2,0
226554,226554,226555,1,0
226554,226554,226555,1,0
226554,226554,226555,1,0
226554,226554,226556,2,0
226554,226554,226557,3,0
226554,226554,226556,2,0
226554,226554,226556,2,0
226554,226554,226556,2,0
226554,226554,226557,3,0
226554,226554,226556,2,0
226554,226554,226556,2,0
226554,226554,226556,2,0
226554,226554,226556,2,0
226554,226554,226557,3,0
226554,226554,226557,3,0
226554,226554,226557,3,0
226554,226554,226557,3,0
226554,226554,226557,3,0
226554,226554,226557,3,0
226554,226554,226557,3,0
226554,226554,226559,5,0
226554,226554,226559,5,0
226554,226554,226559,5,0
226554,226554,226560,6,0
226554,226554,226560,6,0
226554,226554,226562,8,0
226554,226554,226562,8,0
226554,226554,226565,11,0
226577,226577,226578,1,0
226577,226577,226578,1,0
226577,226577,226579,2,0
226577,226577,226578,1,0
226577,226577,226579,2,0
226577,226577,226579,2,0
226577,226577,226580,3,0
226577,226577,226580,3,0
226577,226577,226580,3,0
226577,226577,226580,3,0
226577,226577,226580,3,0
226577,226577,226580,3,0
226577,226577,226579,2,0
226577,226577,226580,3,0
226577,226577,226580,3,0
226577,226577,226581,4,0
226577,226577,226580,3,0
226577,226577,226581,4,0
226577,226577,226580,3,0
226577,226577,226581,4,0
226577,226577,226580,3,0
226577,226577,226582,5,0
226577,226577,226582,5,0
226577,226577,226581,4,0
226577,226577,226583,6,0
226577,226577,226583,6,0
226577,226577,226583,6,0
226577,226577,226583,6,0
226577,226577,226586,9,0
226577,226577,226586,9,0
226577,226577,226587,10,0
226601,226601,226602,1,0
226601,226601,226602,1,0
226601,226601,226602,1,0
226601,226601,226602,1,0
226601,226601,226603,2,0
226601,226601,226603,2,0
226601,226601,226604,3,0
226601,226601,226603,2,0
226601,226601,226603,2,0
226601,226601,226603,2,0
226601,226601,226604,3,0
226601,226601,226604,3,0
226601,226601,226603,2,0
226601,226601,226603,2,0
226601,226601,226604,3,0
226601,226601,226604,3,0
226601,226601,226604,3,0
226601,226601,226604,3,0
226601,226601,226604,3,0
226601,226601,226604,3,0
226601,226601,226604,3,0
226601,226601,226604,3,0
226601,226601,226604,3,0
226601,226601,226605,4,0
226601,226601,226606,5,0
226601,226601,226606,5,0
226601,226601,226606,5,0
226601,226601,226606,5,0
226601,226601,226616,15,0
226601,226601,226617,16,0
226601,226601,226617,16,0
226629,226629,226630,1,0
226629,226629,226630,1,0
226629,226629,226630,1,0
226629,226629,226630,1,0
226629,226629,226631,2,0
226629,226629,226631,2,0
226629,226629,226631,2,0
226629,226629,226631,2,0
226629,226629,226632,3,0
226629,226629,226632,3,0
226629,226629,226632,3,0
226629,226629,226632,3,0
226629,226629,226632,3,0
226629,226629,226632,3,0
226629,226629,226632,3,0
226629,226629,226632,3,0
226629,226629,226632,3,0
226629,226629,226632,3,0
226629,226629,226632,3,0
226629,226629,226632,3,0
226629,226629,226632,3,0
226629,226629,226632,3,0
226629,226629,226632,3,0
226629,226629,226634,5,0
226629,226629,226633,4,0
226629,226629,226634,5,0
226629,226629,226634,5,0
226629,226629,226634,5,0
226629,226629,226637,8,0
226629,226629,226637,8,0
226629,226629,226637,8,0
226650,226650,226651,1,0
226650,226650,226651,1,0
226650,226650,226651,1,0
226650,226650,226651,1,0
226650,226650,226651,1,0
226650,226650,226652,2,0
226650,226650,226652,2,0
226650,226650,226653,3,0
226650,226650,226653,3,0
226650,226650,226652,2,0
226650,226650,226653,3,0
226650,226650,226652,2,0
226650,226650,226652,2,0
226650,226650,226653,3,0
226650,226650,226653,3,0
226650,226650,226653,3,0
226650,226650,226652,2,0
226650,226650,226654,4,0
226650,226650,226653,3,0
226650,226650,226653,3,0
226650,226650,226653,3,0
226650,226650,226653,3,0
226650,226650,226653,3,0
226650,226650,226655,5,0
226650,226650,226654,4,0
226650,226650,226654,4,0
226650,226650,226654,4,0
226650,226650,226654,4,0
226650,226650,226655,5,0
226650,226650,226656,6,0
226650,226650,226656,6,0
226669,226669,226670,1,0
226669,226669,226670,1,0
226669,226669,226670,1,0
226669,226669,226671,2,0
226669,226669,226670,1,0
226669,226669,226670,1,0
226669,226669,226670,1,0
226669,226669,226670,1,0
226669,226669,226670,1,0
226669,226669,226671,2,0
226669,226669,226672,3,0
226669,226669,226672,3,0
226669,226669,226672,3,0
226669,226669,226672,3,0
226669,226669,226671,2,0
226669,226669,226672,3,0
226669,226669,226672,3,0
226669,226669,226672,3,0
226669,226669,226671,2,0
226669,226669,226671,2,0
226669,226669,226671,2,0
226669,226669,226672,3,0
226669,226669,226672,3,0
226669,226669,226672,3,0
226669,226669,226672,3,0
226669,226669,226672,3,0
226669,226669,226673,4,0
226669,226669,226682,13,0
226669,226669,226683,14,0
226669,226669,226684,15,0
226669,226669,226684,15,0
226697,226697,226698,1,0
226697,226697,226698,1,0
226697,226697,226698,1,0
226697,226697,226698,1,0
226697,226697,226699,2,0
226697,226697,226699,2,0
226697,226697,226699,2,0
226697,226697,226699,2,0
226697,226697,226699,2,0
226697,226697,226699,2,0
226697,226697,226699,2,0
226697,226697,226698,1,0
226697,226697,226699,2,0
226697,226697,226700,3,0
226697,226697,226700,3,0
226697,226697,226700,3,0
226697,226697,226700,3,0
226697,226697,226700,3,0
226697,226697,226700,3,0
226697,226697,226699,2,0
226697,226697,226700,3,0
226697,226697,226700,3,0
226697,226697,226700,3,0
226697,226697,226700,3,0
226697,226697,226701,4,0
226697,226697,226700,3,0
226697,226697,226701,4,0
226697,226697,226700,3,0
226697,226697,226703,6,0
226697,226697,226705,8,0
226697,226697,226706,9,0
226718,226718,226720,2,0
226718,226718,226719,1,0
226718,226718,226719,1,0
226718,226718,226719,1,0
226718,226718,226719,1,0
226718,226718,226719,1,0
226718,226718,226720,2,0
226718,226718,226719,1,0
226718,226718,226719,1,0
226718,226718,226720,2,0
226718,226718,226720,2,0
226718,226718,226720,2,0
226718,226718,226720,2,0
226718,226718,226721,3,0
226718,226718,226721,3,0
226718,226718,226721,3,0
226718,226718,226721,3,0
226718,226718,226720,2,0
226718,226718,226721,3,0
226718,226718,226721,3,0
226718,226718,226721,3,0
226718,226718,226720,2,0
226718,226718,226721,3,0
226718,226718,226720,2,0
226718,226718,226720,2,0
226718,226718,226721,3,0
226718,226718,226721,3,0
226718,226718,226721,3,0
226718,226718,226721,3,0
226718,226718,226721,3,0
226718,226718,226721,3,0
226733,226733,226734,1,0
226733,226733,226734,1,0
226733,226733,226735,2,0
226733,226733,226734,1,0
226733,226733,226734,1,0
226733,226733,226734,1,0
226733,226733,226735,2,0
226733,226733,226735,2,0
226733,226733,226734,1,0
226733,226733,226735,2,0
226733,226733,226735,2,0
226733,226733,226734,1,0
226733,226733,226736,3,0
226733,226733,226736,3,0
226733,226733,226735,2,0
226733,226733,226736,3,0
226733,226733,226736,3,0
226733,226733,226736,3,0
226733,226733,226735,2,0
226733,226733,226735,2,0
226733,226733,226736,3,0
226733,226733,226736,3,0
226733,226733,226736,3,0
226733,226733,226736,3,0
226733,226733,226736,3,0
226733,226733,226736,3,0
226733,226733,226736,3,0
226733,226733,226736,3,0
226733,226733,226744,11,0
226733,226733,226744,11,0
226733,226733,226745,12,0
226755,226755,226756,1,0
226755,226755,226756,1,0
226755,226755,226757,2,0
226755,226755,226757,2,0
226755,226755,226757,2,0
226755,226755,226757,2,0
226755,226755,226757,2,0
226755,226755,226757,2,0
226755,226755,226757,2,0
226755,226755,226757,2,0
226755,226755,226758,3,0
226755,226755,226758,3,0
226755,226755,226758,3,0
226755,226755,226758,3,0
226755,226755,226758,3,0
226755,226755,226758,3,0
226755,226755,226758,3,0
226755,226755,226758,3,0
226755,226755,226758,3,0
226755,226755,226759,4,0
226755,226756,226758,2,1
226755,226756,226758,2,1
226755,226755,226759,4,0
226755,226755,226759,4,0
226755,226755,226760,5,0
226755,226755,226760,5,0
226755,226755,226760,5,0
226755,226755,226760,5,0
226755,226756,226763,7,1
226755,226755,226764,9,0
226755,226756,226765,9,1
226776,226776,226777,1,0
226776,226776,226777,1,0
226776,226776,226777,1,0
226776,226776,226777,1,0
226776,226776,226777,1,0
226776,226776,226777,1,0
226776,226776,226777,1,0
226776,226776,226778,2,0
226776,226776,226777,1,0
226776,226776,226778,2,0
226776,226776,226778,2,0
226776,226776,226779,3,0
226776,226776,226778,2,0
226776,226776,226778,2,0
226776,226776,226778,2,0
226776,226776,226778,2,0
226776,226776,226778,2,0
226776,226776,226779,3,0
226776,226776,226778,2,0
226776,226776,226778,2,0
226776,226776,226778,2,0
226776,226776,226778,2,0
226776,226776,226779,3,0
226776,226776,226779,3,0
226776,226776,226779,3,0
226776,226776,226779,3,0
226776,226776,226779,3,0
226776,226776,226779,3,0
226776,226776,226779,3,0
226776,226776,226779,3,0
226776,226776,226779,3,0
226790,226790,226791,1,0
226790,226790,226791,1,0
226790,226790,226791,1,0
226790,226790,226791,1,0
226790,226790,226792,2,0
226790,226790,226792,2,0
226790,226790,226791,1,0
226790,226790,226791,1,0
226790,226790,226792,2,0
226790,226790,226792,2,0
226790,226790,226793,3,0
226790,226790,226793,3,0
226790,226790,226793,3,0
226790,226790,226792,2,0
226790,226790,226792,2,0
226790,226790,226793,3,0
226790,226790,226792,2,0
226790,226790,226792,2,0
226790,226790,226793,3,0
226790,226790,226793,3,0
226790,226790,226793,3,0
226790,226790,226793,3,0
226790,226790,226793,3,0
226790,226790,226793,3,0
226790,226790,226793,3,0
226790,226790,226794,4,0
226790,226790,226793,3,0
226790,226790,226794,4,0
226790,226790,226794,4,0
226790,226790,226795,5,0
226790,226790,226797,7,0
226809,226809,226810,1,0
226809,226809,226810,1,0
226809,226809,226811,2,0
226809,226809,226810,1,0
226809,226809,226810,1,0
226809,226809,226811,2,0
226809,226809,226811,2,0
226809,226809,226810,1,0
226809,226809,226810,1,0
226809,226809,226810,1,0
226809,226809,226811,2,0
226809,226809,226810,1,0
226809,226809,226812,3,0
226809,226809,226812,3,0
226809,226809,226812,3,0
226809,226809,226811,2,0
226809,226809,226811,2,0
226809,226809,226812,3,0
226809,226809,226811,2,0
226809,226809,226811,2,0
226809,226809,226812,3,0
226809,226809,226811,2,0
226809,226809,226812,3,0
226809,226809,226811,2,0
226809,226809,226813,4,0
226809,226809,226812,3,0
226809,226809,226812,3,0
226809,226809,226812,3,0
226809,226809,226815,6,0
226809,226809,226815,6,0
226809,226809,226815,6,0
226826,226826,226827,1,0
226826,226826,226827,1,0
226826,226826,226827,1,0
226826,226826,226828,2,0
226826,226826,226828,2,0
226826,226826,226828,2,0
226826,226826,226828,2,0
226826,226826,226827,1,0
226826,226826,226828,2,0
226826,226826,226828,2,0
226826,226826,226827,1,0
226826,226826,226829,3,0
226826,226826,226829,3,0
226826,226826,226829,3,0
226826,226826,226828,2,0
226826,226826,226828,2,0
226826,226826,226829,3,0
226826,226826,226829,3,0
226826,226826,226829,3,0
226826,226826,226829,3,0
226826,226826,226829,3,0
226826,226826,226829,3,0
226826,226826,226829,3,0
226826,226826,226830,4,0
226826,226826,226830,4,0
226826,226826,226830,4,0
226826,226826,226830,4,0
226826,226826,226829,3,0
226826,226826,226829,3,0
226826,226826,226830,4,0
226826,226826,226830,4,0
226842,226842,226843,1,0
226842,226842,226843,1,0
226842,226842,226844,2,0
226842,226842,226844,2,0
226842,226842,226843,1,0
226842,226842,226844,2,0
226842,226842,226844,2,0
226842,226842,226843,1,0
226842,226842,226844,2,0
226842,226842,226843,1,0
226842,226842,226844,2,0
226842,226842,226844,2,0
226842,226842,226844,2,0
226842,226842,226845,3,0
226842,226842,226845,3,0
226842,226842,226845,3,0
226842,226842,226845,3,0
226842,226842,226845,3,0
226842,226842,226845,3,0
226842,226842,226845,3,0
226842,226842,226845,3,0
226842,226842,226845,3,0
226842,226842,226845,3,0
226842,226842,226845,3,0
226842,226842,226845,3,0
226842,226842,226845,3,0
226842,226842,226845,3,0
226842,226842,226845,3,0
226842,226842,226845,3,0
226842,226842,226846,4,0
226842,226842,226846,4,0
226857,226857,226858,1,0
226857,226857,226858,1,0
226857,226857,226859,2,0
226857,226857,226860,3,0
226857,226857,226860,3,0
226857,226857,226860,3,0
226857,226857,226860,3,0
226857,226857,226861,4,0
226857,226857,226861,4,0
226857,226857,226861,4,0
226857,226857,226861,4,0
226857,226857,226861,4,0
226857,226857,226861,4,0
226857,226857,226861,4,0
226857,226857,226861,4,0
226857,226857,226861,4,0
226857,226857,226862,5,0
226857,226857,226862,5,0
226857,226857,226862,5,0
226857,226857,226863,6,0
226857,226857,226864,7,0
226857,226857,226864,7,0
226857,226857,226864,7,0
226857,226857,226865,8,0
226857,226857,226866,9,0
226857,226857,226866,9,0
226857,226857,226867,10,0
226857,226857,226866,9,0
226857,226857,226867,10,0
226857,226857,226867,10,0
226857,226857,226867,10,0
226879,226879,226880,1,0
226879,226879,226881,2,0
226879,226879,226880,1,0
226879,226879,226882,3,0
226879,226879,226882,3,0
226879,226879,226882,3,0
226879,226879,226882,3,0
226879,226879,226882,3,0
226879,226879,226883,4,0
226879,226879,226883,4,0
226879,226879,226883,4,0
226879,226879,226883,4,0
226879,226879,226883,4,0
226879,226879,226882,3,0
226879,226879,226883,4,0
226879,226879,226883,4,0
226879,226879,226883,4,0
226879,226879,226884,5,0
226879,226879,226884,5,0
226879,226879,226885,6,0
226879,226879,226885,6,0
226879,226879,226886,7,0
226879,226879,226888,9,0
226879,226879,226888,9,0
226879,226879,226888,9,0
226879,226879,226889,10,0
226879,226879,226889,10,0
226879,226879,226889,10,0
226879,226879,226889,10,0
226879,226879,226889,10,0
226879,226879,226890,11,0
226903,226903,226904,1,0
226903,226903,226904,1,0
226903,226903,226905,2,0
226903,226903,226904,1,0
226903,226903,226906,3,0
226903,226903,226906,3,0
226903,226903,226906,3,0
226903,226903,226906,3,0
226903,226903,226906,3,0
226903,226903,226906,3,0
226903,226903,226907,4,0
226903,226903,226906,3,0
226903,226903,226906,3,0
226903,226903,226906,3,0
226903,226903,226906,3,0
226903,226903,226907,4,0
226903,226903,226907,4,0
226903,226903,226908,5,0
226903,226903,226908,5,0
226903,226903,226907,4,0
226903,226903,226909,6,0
226903,226903,226909,6,0
226903,226903,226911,8,0
226903,226903,226912,9,0
226903,226903,226912,9,0
226903,226903,226912,9,0
226903,226903,226912,9,0
226903,226903,226912,9,0
226903,226903,226913,10,0
226903,226903,226913,10,0
226903,226903,226913,10,0
226926,226926,226927,1,0
226926,226926,226928,2,0
226926,226926,226927,1,0
226926,226926,226929,3,0
226926,226926,226929,3,0
226926,226926,226928,2,0
226926,226926,226929,3,0
226926,226926,226929,3,0
226926,226926,226929,3,0
226926,226926,226930,4,0
226926,226926,226929,3,0
226926,226926,226930,4,0
226926,226926,226930,4,0
226926,226926,226930,4,0
226926,226926,226930,4,0
226926,226926,226929,3,0
226926,226926,226929,3,0
226926,226926,226931,5,0
226926,226926,226930,4,0
226926,226926,226931,5,0
226926,226926,226931,5,0
226926,226926,226932,6,0
226926,226926,226935,9,0
226926,226926,226934,8,0
226926,226926,226934,8,0
226926,226926,226936,10,0
226926,226926,226936,10,0
226926,226926,226935,9,0
226926,226926,226935,9,0
226926,226926,226936,10,0
226926,226926,226940,14,0
226953,226953,226954,1,0
226953,226953,226955,2,0
226953,226953,226954,1,0
226953,226953,226956,3,0
226953,226953,226955,2,0
226953,226953,226955,2,0
226953,226953,226956,3,0
226953,226953,226956,3,0
226953,226953,226956,3,0
226953,226953,226956,3,0
226953,226953,226956,3,0
226953,226953,226956,3,0
226953,226953,226957,4,0
226953,226953,226958,5,0
226953,226953,226957,4,0
226953,226953,226957,4,0
226953,226953,226957,4,0
226953,226953,226957,4,0
226953,226953,226957,4,0
226953,226953,226957,4,0
226953,226953,226958,5,0
226953,226953,226959,6,0
226953,226953,226960,7,0
226953,226953,226960,7,0
226953,226953,226961,8,0
226953,226953,226961,8,0
226953,226953,226961,8,0
226953,226953,226963,10,0
226953,226953,226962,9,0
226953,226953,226963,10,0
226953,226953,226967,14,0
226979,226979,226981,2,0
226979,226979,226981,2,0
226979,226979,226981,2,0
226979,226979,226982,3,0
226979,226979,226982,3,0
226979,226979,226982,3,0
226979,226979,226982,3,0
226979,226979,226982,3,0
226979,226979,226982,3,0
226979,226980,226982,2,1
226979,226979,226983,4,0
226979,226980,226983,3,1
226979,226980,226983,3,1
226979,226979,226984,5,0
226979,226979,226984,5,0
226979,226979,226984,5,0
226979,226980,226984,4,1
226979,226979,226984,5,0
226979,226979,226985,6,0
226979,226979,226985,6,0
226979,226979,226985,6,0
226979,226979,226987,8,0
226979,226979,226987,8,0
226979,226979,226988,9,0
226979,226979,226988,9,0
226979,226979,226988,9,0
226979,226980,226988,8,1
226979,226979,226989,10,0
226979,226979,226989,10,0
226979,226979,226989,10,0
226979,226979,226992,13,0
226527,226528,227002,474,1
227004,227004,227005,1,0
227004,227004,227006,2,0
227004,227004,227005,1,0
227004,227004,227007,3,0
227004,227004,227007,3,0
227004,227004,227008,4,0
227004,227004,227007,3,0
227004,227004,227008,4,0
227004,227004,227008,4,0
227004,227004,227008,4,0
227004,227004,227007,3,0
227004,227004,227007,3,0
227004,227004,227007,3,0
227004,227004,227007,3,0
227004,227004,227007,3,0
227004,227004,227009,5,0
227004,227004,227009,5,0
227004,227004,227009,5,0
227004,227004,227009,5,0
227004,227004,227010,6,0
227004,227004,227011,7,0
227004,227004,227011,7,0
227004,227004,227012,8,0
227004,227004,227012,8,0
227004,227004,227012,8,0
227004,227004,227012,8,0
227004,227004,227012,8,0
227004,227004,227013,9,0
227004,227004,227012,8,0
227004,227004,227014,10,0
227004,227004,227013,9,0
227027,227027,227028,1,0
227027,227027,227028,1,0
227027,227027,227028,1,0
227027,227027,227030,3,0
227027,227027,227029,2,0
227027,227027,227029,2,0
227027,227027,227029,2,0
227027,227027,227030,3,0
227027,227027,227030,3,0
227027,227027,227030,3,0
227027,227027,227030,3,0
227027,227027,227030,3,0
227027,227027,227030,3,0
227027,227027,227030,3,0
227027,227027,227031,4,0
227027,227027,227032,5,0
227027,227027,227033,6,0
227027,227027,227032,5,0
227027,227027,227032,5,0
227027,227027,227032,5,0
227027,227027,227032,5,0
227027,227027,227034,7,0
227027,227027,227033,6,0
227027,227027,227034,7,0
227027,227027,227034,7,0
227027,227027,227034,7,0
227027,227027,227034,7,0
227027,227027,227036,9,0
227027,227027,227035,8,0
227027,227027,227036,9,0
227027,227027,227036,9,0
227050,227050,227051,1,0
227050,227050,227051,1,0
227050,227050,227052,2,0
227050,227050,227053,3,0
227050,227050,227053,3,0
227050,227050,227053,3,0
227050,227050,227053,3,0
227050,227050,227053,3,0
227050,227050,227054,4,0
227050,227050,227054,4,0
227050,227050,227054,4,0
227050,227050,227054,4,0
227050,227050,227054,4,0
227050,227050,227054,4,0
227050,227050,227055,5,0
227050,227050,227055,5,0
227050,227050,227055,5,0
227050,227050,227056,6,0
227050,227050,227056,6,0
227050,227050,227055,5,0
227050,227050,227056,6,0
227050,227050,227058,8,0
227050,227050,227058,8,0
227050,227050,227058,8,0
227050,227050,227058,8,0
227050,227050,227058,8,0
227050,227050,227058,8,0
227050,227050,227058,8,0
227050,227050,227059,9,0
227050,227050,227060,10,0
227050,227050,227060,10,0
227073,227073,227074,1,0
227073,227073,227074,1,0
227073,227073,227074,1,0
227073,227073,227076,3,0
227073,227073,227075,2,0
227073,227073,227075,2,0
227073,227073,227075,2,0
227073,227073,227077,4,0
227073,227073,227076,3,0
227073,227073,227076,3,0
227073,227073,227077,4,0
227073,227073,227076,3,0
227073,227073,227076,3,0
227073,227073,227076,3,0
227073,227073,227078,5,0
227073,227073,227078,5,0
227073,227073,227078,5,0
227073,227073,227079,6,0
227073,227073,227078,5,0
227073,227073,227078,5,0
227073,227073,227079,6,0
227073,227073,227080,7,0
227073,227073,227081,8,0
227073,227073,227080,7,0
227073,227073,227081,8,0
227073,227073,227081,8,0
227073,227073,227081,8,0
227073,227073,227081,8,0
227073,227073,227082,9,0
227073,227073,227083,10,0
227073,227073,227083,10,0
227096,227096,227097,1,0
227096,227096,227097,1,0
227096,227096,227098,2,0
227096,227096,227099,3,0
227096,227096,227099,3,0
227096,227096,227099,3,0
227096,227096,227100,4,0
227096,227096,227100,4,0
227096,227096,227099,3,0
227096,227096,227099,3,0
227096,227096,227099,3,0
227096,227096,227100,4,0
227096,227096,227099,3,0
227096,227096,227100,4,0
227096,227096,227100,4,0
227096,227096,227101,5,0
227096,227096,227101,5,0
227096,227096,227102,6,0
227096,227096,227102,6,0
227096,227096,227102,6,0
227096,227096,227102,6,0
227096,227096,227103,7,0
227096,227096,227104,8,0
227096,227096,227103,7,0
227096,227096,227104,8,0
227096,227096,227103,7,0
227096,227096,227104,8,0
227096,227096,227104,8,0
227096,227096,227106,10,0
227096,227096,227105,9,0
227096,227096,227106,10,0
227118,227118,227119,1,0
227118,227118,227119,1,0
227118,227118,227119,1,0
227118,227118,227120,2,0
227118,227118,227120,2,0
227118,227118,227121,3,0
227118,227118,227120,2,0
227118,227118,227121,3,0
227118,227118,227121,3,0
227118,227118,227121,3,0
227118,227118,227121,3,0
227118,227118,227121,3,0
227118,227118,227122,4,0
227118,227118,227122,4,0
227118,227118,227122,4,0
227118,227118,227122,4,0
227118,227118,227123,5,0
227118,227118,227123,5,0
227118,227118,227124,6,0
227118,227118,227124,6,0
227118,227118,227123,5,0
227118,227118,227124,6,0
227118,227118,227125,7,0
227118,227118,227125,7,0
227118,227118,227126,8,0
227118,227118,227126,8,0
227118,227118,227126,8,0
227118,227118,227126,8,0
227118,227118,227127,9,0
227118,227118,227127,9,0
227118,227118,227128,10,0
227140,227140,227141,1,0
227140,227140,227141,1,0
227140,227140,227142,2,0
227140,227140,227143,3,0
227140,227140,227143,3,0
227140,227140,227142,2,0
227140,227140,227143,3,0
227140,227140,227144,4,0
227140,227140,227143,3,0
227140,227140,227143,3,0
227140,227140,227143,3,0
227140,227140,227143,3,0
227140,227140,227143,3,0
227140,227140,227144,4,0
227140,227140,227145,5,0
227140,227140,227145,5,0
227140,227140,227145,5,0
227140,227140,227145,5,0
227140,227140,227145,5,0
227140,227140,227145,5,0
227140,227140,227146,6,0
227140,227140,227147,7,0
227140,227140,227146,6,0
227140,227140,227146,6,0
227140,227140,227148,8,0
227140,227140,227148,8,0
227140,227140,227149,9,0
227140,227140,227149,9,0
227140,227140,227149,9,0
227140,227140,227149,9,0
227140,227140,227154,14,0
227166,227166,227167,1,0
227166,227166,227167,1,0
227166,227166,227167,1,0
227166,227166,227169,3,0
227166,227166,227169,3,0
227166,227166,227169,3,0
227166,227166,227169,3,0
227166,227166,227169,3,0
227166,227166,227169,3,0
227166,227166,227169,3,0
227166,227166,227169,3,0
227166,227166,227169,3,0
227166,227166,227169,3,0
227166,227166,227170,4,0
227166,227166,227170,4,0
227166,227166,227171,5,0
227166,227166,227171,5,0
227166,227166,227170,4,0
227166,227166,227170,4,0
227166,227166,227172,6,0
227166,227166,227172,6,0
227166,227166,227172,6,0
227166,227166,227173,7,0
227166,227166,227172,6,0
227166,227166,227174,8,0
227166,227166,227173,7,0
227166,227166,227175,9,0
227166,227166,227175,9,0
227166,227166,227175,9,0
227166,227166,227175,9,0
227166,227166,227176,10,0
227188,227189,227190,1,1
227188,227189,227190,1,1
227188,227189,227190,1,1
227188,227189,227192,3,1
227188,227189,227191,2,1
227188,227189,227192,3,1
227188,227189,227192,3,1
227188,227189,227192,3,1
227188,227189,227192,3,1
227188,227189,227192,3,1
227188,227189,227192,3,1
227188,227189,227192,3,1
227188,227189,227192,3,1
227188,227189,227192,3,1
227188,227189,227193,4,1
227188,227189,227194,5,1
227188,227189,227193,4,1
227188,227189,227193,4,1
227188,227189,227193,4,1
227188,227189,227195,6,1
227188,227189,227194,5,1
227188,227189,227195,6,1
227188,227189,227195,6,1
227188,227189,227197,8,1
227188,227189,227196,7,1
227188,227189,227196,7,1
227188,227189,227197,8,1
227188,227189,227197,8,1
227188,227189,227198,9,1
227188,227189,227198,9,1
227188,227189,227202,13,1
227214,227214,227216,2,0
227214,227214,227216,2,0
227214,227214,227216,2,0
227214,227214,227217,3,0
227214,227214,227217,3,0
227214,227214,227217,3,0
227214,227214,227217,3,0
227214,227214,227217,3,0
227214,227215,227217,2,1
227214,227215,227217,2,1
227214,227214,227217,3,0
227214,227215,227218,3,1
227214,227214,227218,4,0
227214,227214,227218,4,0
227214,227214,227218,4,0
227214,227214,227219,5,0
227214,227214,227219,5,0
227214,227214,227220,6,0
227214,227214,227220,6,0
227214,227214,227220,6,0
227214,227214,227221,7,0
227214,227214,227221,7,0
227214,227214,227222,8,0
227214,227214,227222,8,0
227214,227214,227222,8,0
227214,227214,227222,8,0
227214,227214,227223,9,0
227214,227214,227223,9,0
227214,227214,227223,9,0
227214,227214,227224,10,0
227214,227214,227225,11,0
227237,227237,227238,1,0
227237,227237,227238,1,0
227237,227237,227239,2,0
227237,227237,227240,3,0
227237,227237,227240,3,0
227237,227237,227240,3,0
227237,227237,227240,3,0
227237,227237,227241,4,0
227237,227237,227241,4,0
227237,227237,227241,4,0
227237,227237,227241,4,0
227237,227237,227241,4,0
227237,227237,227241,4,0
227237,227237,227241,4,0
227237,227237,227241,4,0
227237,227237,227242,5,0
227237,227237,227242,5,0
227237,227237,227242,5,0
227237,227237,227242,5,0
227237,227237,227243,6,0
227237,227237,227244,7,0
227237,227237,227244,7,0
227237,227237,227244,7,0
227237,227237,227244,7,0
227237,227237,227244,7,0
227237,227237,227245,8,0
227237,227237,227245,8,0
227237,227237,227246,9,0
227237,227237,227246,9,0
227237,227237,227246,9,0
227237,227237,227247,10,0
227259,227259,227260,1,0
227259,227259,227260,1,0
227259,227259,227261,2,0
227259,227259,227262,3,0
227259,227259,227262,3,0
227259,227259,227262,3,0
227259,227259,227262,3,0
227259,227259,227261,2,0
227259,227259,227262,3,0
227259,227259,227263,4,0
227259,227259,227263,4,0
227259,227259,227263,4,0
227259,227259,227263,4,0
227259,227259,227263,4,0
227259,227259,227263,4,0
227259,227259,227262,3,0
227259,227259,227264,5,0
227259,227259,227263,4,0
227259,227259,227265,6,0
227259,227259,227266,7,0
227259,227259,227266,7,0
227259,227259,227267,8,0
227259,227259,227267,8,0
227259,227259,227267,8,0
227259,227259,227267,8,0
227259,227259,227268,9,0
227259,227259,227268,9,0
227259,227259,227269,10,0
227259,227259,227269,10,0
227259,227259,227269,10,0
227259,227259,227269,10,0
227281,227281,227282,1,0
227281,227281,227282,1,0
227281,227281,227282,1,0
227281,227281,227284,3,0
227281,227281,227284,3,0
227281,227281,227284,3,0
227281,227281,227284,3,0
227281,227281,227284,3,0
227281,227281,227284,3,0
227281,227281,227284,3,0
227281,227281,227285,4,0
227281,227281,227285,4,0
227281,227281,227284,3,0
227281,227281,227285,4,0
227281,227281,227285,4,0
227281,227281,227285,4,0
227281,227281,227286,5,0
227281,227281,227285,4,0
227281,227281,227286,5,0
227281,227281,227286,5,0
227281,227281,227287,6,0
227281,227281,227288,7,0
227281,227281,227289,8,0
227281,227281,227288,7,0
227281,227281,227289,8,0
227281,227281,227290,9,0
227281,227281,227291,10,0
227281,227281,227291,10,0
227281,227281,227290,9,0
227281,227281,227291,10,0
227281,227281,227291,10,0
227303,227303,227304,1,0
227303,227303,227304,1,0
227303,227303,227304,1,0
227303,227303,227306,3,0
227303,227303,227306,3,0
227303,227303,227306,3,0
227303,227303,227306,3,0
227303,227303,227306,3,0
227303,227303,227307,4,0
227303,227303,227307,4,0
227303,227303,227306,3,0
227303,227303,227307,4,0
227303,227303,227306,3,0
227303,227303,227307,4,0
227303,227303,227307,4,0
227303,227303,227307,4,0
227303,227303,227308,5,0
227303,227303,227307,4,0
227303,227303,227308,5,0
227303,227303,227307,4,0
227303,227303,227308,5,0
227303,227303,227309,6,0
227303,227303,227310,7,0
227303,227303,227311,8,0
227303,227303,227310,7,0
227303,227303,227310,7,0
227303,227303,227311,8,0
227303,227303,227312,9,0
227303,227303,227312,9,0
227303,227303,227312,9,0
227303,227303,227317,14,0
227328,227328,227329,1,0
227328,227328,227330,2,0
227328,227328,227330,2,0
227328,227328,227331,3,0
227328,227328,227331,3,0
227328,227328,227331,3,0
227328,227328,227331,3,0
227328,227329,227331,2,1
227328,227328,227332,4,0
227328,227328,227332,4,0
227328,227328,227332,4,0
227328,227328,227332,4,0
227328,227328,227332,4,0
227328,227328,227332,4,0
227328,227328,227333,5,0
227328,227328,227333,5,0
227328,227328,227333,5,0
227328,227328,227333,5,0
227328,227328,227333,5,0
227328,227328,227333,5,0
227328,227328,227335,7,0
227328,227328,227335,7,0
227328,227328,227336,8,0
227328,227328,227336,8,0
227328,227328,227336,8,0
227328,227328,227336,8,0
227328,227328,227336,8,0
227328,227328,227338,10,0
227328,227328,227338,10,0
227328,227328,227337,9,0
227328,227328,227342,14,0
227354,227354,227356,2,0
227354,227354,227355,1,0
227354,227354,227355,1,0
227354,227354,227357,3,0
227354,227354,227357,3,0
227354,227354,227357,3,0
227354,227354,227358,4,0
227354,227354,227358,4,0
227354,227354,227358,4,0
227354,227354,227358,4,0
227354,227354,227358,4,0
227354,227354,227357,3,0
227354,227354,227358,4,0
227354,227354,227358,4,0
227354,227354,227358,4,0
227354,227354,227358,4,0
227354,227354,227359,5,0
227354,227354,227358,4,0
227354,227354,227359,5,0
227354,227354,227360,6,0
227354,227354,227361,7,0
227354,227354,227361,7,0
227354,227354,227362,8,0
227354,227354,227362,8,0
227354,227354,227364,10,0
227354,227354,227364,10,0
227354,227354,227364,10,0
227354,227354,227364,10,0
227354,227354,227364,10,0
227354,227354,227364,10,0
227354,227354,227367,13,0
227379,227379,227381,2,0
227379,227379,227381,2,0
227379,227379,227380,1,0
227379,227379,227382,3,0
227379,227379,227382,3,0
227379,227379,227381,2,0
227379,227379,227382,3,0
227379,227379,227381,2,0
227379,227379,227382,3,0
227379,227379,227383,4,0
227379,227379,227383,4,0
227379,227379,227383,4,0
227379,227379,227383,4,0
227379,227379,227383,4,0
227379,227379,227383,4,0
227379,227379,227383,4,0
227379,227379,227384,5,0
227379,227379,227383,4,0
227379,227379,227385,6,0
227379,227379,227385,6,0
227379,227379,227386,7,0
227379,227379,227386,7,0
227379,227379,227386,7,0
227379,227379,227388,9,0
227379,227379,227389,10,0
227379,227379,227389,10,0
227379,227379,227389,10,0
227379,227379,227389,10,0
227379,227379,227389,10,0
227379,227379,227389,10,0
227379,227379,227394,15,0
227407,227407,227409,2,0
227407,227407,227409,2,0
227407,227407,227409,2,0
227407,227408,227410,2,1
227407,227407,227410,3,0
227407,227407,227410,3,0
227407,227407,227410,3,0
227407,227407,227410,3,0
227407,227407,227410,3,0
227407,227407,227410,3,0
227407,227408,227411,3,1
227407,227407,227411,4,0
227407,227407,227410,3,0
227407,227407,227411,4,0
227407,227407,227411,4,0
227407,227407,227411,4,0
227407,227407,227411,4,0
227407,227407,227412,5,0
227407,227407,227412,5,0
227407,227407,227414,7,0
227407,227407,227415,8,0
227407,227407,227415,8,0
227407,227407,227415,8,0
227407,227407,227415,8,0
227407,227407,227416,9,0
227407,227407,227417,10,0
227407,227407,227417,10,0
227407,227407,227417,10,0
227407,227407,227417,10,0
227407,227408,227419,11,1
227407,227407,227419,12,0
227432,227432,227434,2,0
227432,227432,227434,2,0
227432,227432,227434,2,0
227432,227432,227435,3,0
227432,227432,227435,3,0
227432,227432,227435,3,0
227432,227432,227435,3,0
227432,227432,227436,4,0
227432,227432,227436,4,0
227432,227432,227436,4,0
227432,227432,227436,4,0
227432,227432,227435,3,0
227432,227432,227436,4,0
227432,227432,227435,3,0
227432,227432,227436,4,0
227432,227432,227436,4,0
227432,227432,227437,5,0
227432,227432,227437,5,0
227432,227432,227437,5,0
227432,227432,227439,7,0
227432,227432,227439,7,0
227432,227432,227439,7,0
227432,227432,227440,8,0
227432,227432,227439,7,0
227432,227432,227439,7,0
227432,227432,227442,10,0
227432,227432,227442,10,0
227432,227432,227441,9,0
227432,227432,227442,10,0
227432,227432,227442,10,0
227432,227432,227445,13,0
227459,227459,227460,1,0
227459,227459,227460,1,0
227459,227459,227460,1,0
227459,227459,227462,3,0
227459,227459,227461,2,0
227459,227459,227462,3,0
227459,227459,227462,3,0
227459,227459,227461,2,0
227459,227459,227463,4,0
227459,227459,227462,3,0
227459,227459,227463,4,0
227459,227459,227462,3,0
227459,227459,227463,4,0
227459,227459,227463,4,0
227459,227459,227462,3,0
227459,227459,227463,4,0
227459,227459,227464,5,0
227459,227459,227465,6,0
227459,227459,227465,6,0
227459,227459,227464,5,0
227459,227459,227465,6,0
227459,227459,227465,6,0
227459,227459,227466,7,0
227459,227459,227465,6,0
227459,227459,227466,7,0
227459,227459,227466,7,0
227459,227459,227466,7,0
227459,227459,227468,9,0
227459,227459,227469,10,0
227459,227459,227468,9,0
227459,227459,227471,12,0
227484,227484,227485,1,0
227484,227484,227485,1,0
227484,227484,227486,2,0
227484,227484,227487,3,0
227484,227484,227487,3,0
227484,227484,227487,3,0
227484,227484,227486,2,0
227484,227484,227487,3,0
227484,227484,227487,3,0
227484,227484,227487,3,0
227484,227484,227488,4,0
227484,227484,227488,4,0
227484,227484,227488,4,0
227484,227484,227488,4,0
227484,227484,227489,5,0
227484,227484,227489,5,0
227484,227484,227488,4,0
227484,227484,227488,4,0
227484,227484,227490,6,0
227484,227484,227490,6,0
227484,227484,227490,6,0
227484,227484,227489,5,0
227484,227484,227491,7,0
227484,227484,227491,7,0
227484,227484,227490,6,0
227484,227484,227490,6,0
227484,227484,227492,8,0
227484,227484,227492,8,0
227484,227484,227494,10,0
227484,227484,227494,10,0
227484,227484,227496,12,0
227009,227009,227506,497,0
227511,227511,227512,1,0
227511,227511,227513,2,0
227511,227511,227512,1,0
227511,227511,227514,3,0
227511,227511,227514,3,0
227511,227511,227514,3,0
227511,227511,227514,3,0
227511,227511,227514,3,0
227511,227511,227515,4,0
227511,227511,227515,4,0
227511,227511,227515,4,0
227511,227511,227515,4,0
227511,227511,227515,4,0
227511,227511,227515,4,0
227511,227511,227516,5,0
227511,227511,227515,4,0
227511,227511,227516,5,0
227511,227511,227515,4,0
227511,227511,227517,6,0
227511,227511,227517,6,0
227511,227511,227517,6,0
227511,227511,227517,6,0
227511,227511,227518,7,0
227511,227511,227518,7,0
227511,227511,227518,7,0
227511,227511,227519,8,0
227511,227511,227520,9,0
227511,227511,227519,8,0
227511,227511,227521,10,0
227511,227511,227521,10,0
227511,227511,227521,10,0
227534,227534,227535,1,0
227534,227534,227535,1,0
227534,227534,227536,2,0
227534,227534,227537,3,0
227534,227534,227537,3,0
227534,227534,227536,2,0
227534,227534,227537,3,0
227534,227534,227537,3,0
227534,227534,227538,4,0
227534,227534,227537,3,0
227534,227534,227537,3,0
227534,227534,227538,4,0
227534,227534,227538,4,0
227534,227534,227538,4,0
227534,227534,227538,4,0
227534,227534,227539,5,0
227534,227534,227538,4,0
227534,227534,227538,4,0
227534,227534,227540,6,0
227534,227534,227540,6,0
227534,227534,227539,5,0
227534,227534,227540,6,0
227534,227534,227541,7,0
227534,227534,227541,7,0
227534,227534,227542,8,0
227534,227534,227542,8,0
227534,227534,227542,8,0
227534,227534,227543,9,0
227534,227534,227543,9,0
227534,227534,227544,10,0
227534,227534,227544,10,0
227558,227558,227559,1,0
227558,227558,227559,1,0
227558,227558,227559,1,0
227558,227558,227560,2,0
227558,227558,227560,2,0
227558,227558,227561,3,0
227558,227558,227561,3,0
227558,227558,227561,3,0
227558,227558,227560,2,0
227558,227558,227561,3,0
227558,227558,227561,3,0
227558,227558,227561,3,0
227558,227558,227561,3,0
227558,227558,227561,3,0
227558,227558,227561,3,0
227558,227558,227561,3,0
227558,227558,227561,3,0
227558,227558,227561,3,0
227558,227558,227563,5,0
227558,227558,227563,5,0
227558,227558,227563,5,0
227558,227558,227564,6,0
227558,227558,227564,6,0
227558,227558,227565,7,0
227558,227558,227565,7,0
227558,227558,227565,7,0
227558,227558,227565,7,0
227558,227558,227566,8,0
227558,227558,227566,8,0
227558,227558,227568,10,0
227558,227558,227567,9,0
227581,227581,227582,1,0
227581,227581,227582,1,0
227581,227581,227582,1,0
227581,227581,227583,2,0
227581,227581,227583,2,0
227581,227581,227583,2,0
227581,227581,227583,2,0
227581,227581,227583,2,0
227581,227581,227583,2,0
227581,227581,227583,2,0
227581,227581,227584,3,0
227581,227581,227584,3,0
227581,227581,227584,3,0
227581,227581,227585,4,0
227581,227581,227584,3,0
227581,227581,227584,3,0
227581,227581,227584,3,0
227581,227581,227584,3,0
227581,227581,227585,4,0
227581,227581,227585,4,0
227581,227581,227586,5,0
227581,227581,227586,5,0
227581,227581,227587,6,0
227581,227581,227588,7,0
227581,227581,227587,6,0
227581,227581,227587,6,0
227581,227581,227588,7,0
227581,227581,227588,7,0
227581,227581,227590,9,0
227581,227581,227590,9,0
227581,227581,227590,9,0
227603,227603,227604,1,0
227603,227603,227604,1,0
227603,227603,227604,1,0
227603,227603,227605,2,0
227603,227603,227605,2,0
227603,227603,227605,2,0
227603,227603,227605,2,0
227603,227603,227605,2,0
227603,227603,227606,3,0
227603,227603,227606,3,0
227603,227603,227606,3,0
227603,227603,227606,3,0
227603,227603,227606,3,0
227603,227603,227607,4,0
227603,227603,227606,3,0
227603,227603,227606,3,0
227603,227603,227606,3,0
227603,227603,227607,4,0
227603,227603,227608,5,0
227603,227603,227607,4,0
227603,227603,227608,5,0
227603,227603,227609,6,0
227603,227603,227609,6,0
227603,227603,227610,7,0
227603,227603,227609,6,0
227603,227603,227609,6,0
227603,227603,227610,7,0
227603,227603,227610,7,0
227603,227603,227610,7,0
227603,227603,227612,9,0
227603,227603,227612,9,0
227624,227624,227625,1,0
227624,227624,227625,1,0
227624,227624,227625,1,0
227624,227624,227626,2,0
227624,227624,227627,3,0
227624,227624,227627,3,0
227624,227624,227626,2,0
227624,227624,227627,3,0
227624,227624,227628,4,0
227624,227624,227627,3,0
227624,227624,227627,3,0
227624,227624,227628,4,0
227624,227624,227627,3,0
227624,227624,227627,3,0
227624,227624,227628,4,0
227624,227624,227627,3,0
227624,227624,227628,4,0
227624,227624,227629,5,0
227624,227624,227628,4,0
227624,227624,227628,4,0
227624,227624,227629,5,0
227624,227624,227629,5,0
227624,227624,227630,6,0
227624,227624,227630,6,0
227624,227624,227630,6,0
227624,227624,227631,7,0
227624,227624,227632,8,0
227624,227624,227631,7,0
227624,227624,227631,7,0
227624,227624,227634,10,0
227624,227624,227634,10,0
227648,227648,227649,1,0
227648,227648,227649,1,0
227648,227648,227649,1,0
227648,227648,227650,2,0
227648,227648,227650,2,0
227648,227648,227650,2,0
227648,227648,227650,2,0
227648,227648,227651,3,0
227648,227648,227651,3,0
227648,227648,227651,3,0
227648,227648,227651,3,0
227648,227648,227652,4,0
227648,227648,227651,3,0
227648,227648,227651,3,0
227648,227648,227651,3,0
227648,227648,227652,4,0
227648,227648,227652,4,0
227648,227648,227652,4,0
227648,227648,227653,5,0
227648,227648,227652,4,0
227648,227648,227652,4,0
227648,227648,227653,5,0
227648,227648,227654,6,0
227648,227648,227653,5,0
227648,227648,227656,8,0
227648,227648,227655,7,0
227648,227648,227656,8,0
227648,227648,227658,10,0
227648,227648,227658,10,0
227648,227648,227658,10,0
227648,227648,227658,10,0
227670,227670,227671,1,0
227670,227670,227671,1,0
227670,227670,227671,1,0
227670,227670,227673,3,0
227670,227670,227673,3,0
227670,227670,227673,3,0
227670,227670,227672,2,0
227670,227670,227672,2,0
227670,227670,227673,3,0
227670,227670,227673,3,0
227670,227670,227674,4,0
227670,227670,227673,3,0
227670,227670,227674,4,0
227670,227670,227674,4,0
227670,227670,227674,4,0
227670,227670,227674,4,0
227670,227670,227675,5,0
227670,227670,227675,5,0
227670,227670,227675,5,0
227670,227670,227675,5,0
227670,227670,227674,4,0
227670,227670,227675,5,0
227670,227670,227676,6,0
227670,227670,227676,6,0
227670,227670,227677,7,0
227670,227670,227678,8,0
227670,227670,227678,8,0
227670,227670,227679,9,0
227670,227670,227678,8,0
227670,227670,227680,10,0
227670,227670,227680,10,0
227692,227692,227694,2,0
227692,227692,227694,2,0
227692,227692,227694,2,0
227692,227692,227693,1,0
227692,227692,227695,3,0
227692,227692,227695,3,0
227692,227692,227695,3,0
227692,227692,227695,3,0
227692,227692,227695,3,0
227692,227692,227696,4,0
227692,227692,227695,3,0
227692,227692,227696,4,0
227692,227692,227696,4,0
227692,227692,227695,3,0
227692,227692,227696,4,0
227692,227692,227696,4,0
227692,227692,227697,5,0
227692,227692,227697,5,0
227692,227692,227697,5,0
227692,227692,227697,5,0
227692,227692,227698,6,0
227692,227692,227698,6,0
227692,227692,227698,6,0
227692,227692,227699,7,0
227692,227692,227698,6,0
227692,227692,227700,8,0
227692,227692,227700,8,0
227692,227692,227700,8,0
227692,227692,227700,8,0
227692,227692,227702,10,0
227692,227692,227702,10,0
227715,227715,227716,1,0
227715,227715,227716,1,0
227715,227715,227716,1,0
227715,227715,227718,3,0
227715,227715,227718,3,0
227715,227715,227717,2,0
227715,227715,227717,2,0
227715,227715,227717,2,0
227715,227715,227717,2,0
227715,227715,227718,3,0
227715,227715,227718,3,0
227715,227715,227718,3,0
227715,227715,227719,4,0
227715,227715,227718,3,0
227715,227715,227718,3,0
227715,227715,227718,3,0
227715,227715,227719,4,0
227715,227715,227719,4,0
227715,227715,227719,4,0
227715,227715,227719,4,0
227715,227715,227720,5,0
227715,227715,227720,5,0
227715,227715,227721,6,0
227715,227715,227721,6,0
227715,227715,227721,6,0
227715,227715,227722,7,0
227715,227715,227722,7,0
227715,227715,227722,7,0
227715,227715,227723,8,0
227715,227715,227724,9,0
227715,227715,227725,10,0
227737,227737,227738,1,0
227737,227737,227738,1,0
227737,227737,227738,1,0
227737,227737,227740,3,0
227737,227737,227740,3,0
227737,227737,227740,3,0
227737,227737,227740,3,0
227737,227737,227740,3,0
227737,227737,227740,3,0
227737,227737,227741,4,0
227737,227737,227740,3,0
227737,227737,227740,3,0
227737,227737,227740,3,0
227737,227737,227740,3,0
227737,227737,227741,4,0
227737,227737,227740,3,0
227737,227737,227741,4,0
227737,227737,227740,3,0
227737,227737,227742,5,0
227737,227737,227742,5,0
227737,227737,227742,5,0
227737,227737,227743,6,0
227737,227737,227743,6,0
227737,227737,227744,7,0
227737,227737,227744,7,0
227737,227737,227745,8,0
227737,227737,227745,8,0
227737,227737,227744,7,0
227737,227737,227745,8,0
227737,227737,227747,10,0
227737,227737,227747,10,0
227759,227759,227760,1,0
227759,227759,227760,1,0
227759,227759,227761,2,0
227759,227759,227762,3,0
227759,227759,227762,3,0
227759,227759,227762,3,0
227759,227759,227762,3,0
227759,227760,227762,2,1
227759,227760,227762,2,1
227759,227759,227762,3,0
227759,227759,227763,4,0
227759,227759,227763,4,0
227759,227759,227763,4,0
227759,227759,227763,4,0
227759,227759,227763,4,0
227759,227759,227763,4,0
227759,227759,227763,4,0
227759,227760,227763,3,1
227759,227759,227764,5,0
227759,227759,227764,5,0
227759,227759,227765,6,0
227759,227759,227765,6,0
227759,227759,227766,7,0
227759,227759,227766,7,0
227759,227759,227766,7,0
227759,227759,227766,7,0
227759,227759,227766,7,0
227759,227759,227766,7,0
227759,227759,227767,8,0
227759,227759,227767,8,0
227759,227759,227770,11,0
227782,227782,227783,1,0
227782,227782,227783,1,0
227782,227782,227783,1,0
227782,227782,227785,3,0
227782,227782,227785,3,0
227782,227782,227785,3,0
227782,227782,227785,3,0
227782,227782,227784,2,0
227782,227782,227784,2,0
227782,227782,227785,3,0
227782,227782,227785,3,0
227782,227782,227785,3,0
227782,227782,227785,3,0
227782,227782,227785,3,0
227782,227782,227785,3,0
227782,227782,227785,3,0
227782,227782,227785,3,0
227782,227782,227787,5,0
227782,227782,227787,5,0
227782,227782,227787,5,0
227782,227782,227788,6,0
227782,227782,227787,5,0
227782,227782,227788,6,0
227782,227782,227788,6,0
227782,227782,227787,5,0
227782,227782,227788,6,0
227782,227782,227787,5,0
227782,227782,227788,6,0
227782,227782,227788,6,0
227782,227782,227788,6,0
227782,227782,227789,7,0
227802,227802,227803,1,0
227802,227802,227803,1,0
227802,227802,227803,1,0
227802,227802,227805,3,0
227802,227802,227805,3,0
227802,227802,227805,3,0
227802,227802,227805,3,0
227802,227802,227805,3,0
227802,227802,227805,3,0
227802,227802,227805,3,0
227802,227802,227805,3,0
227802,227802,227806,4,0
227802,227802,227806,4,0
227802,227802,227806,4,0
227802,227802,227806,4,0
227802,227802,227805,3,0
227802,227802,227806,4,0
227802,227802,227808,6,0
227802,227802,227808,6,0
227802,227802,227808,6,0
227802,227802,227808,6,0
227802,227802,227808,6,0
227802,227802,227808,6,0
227802,227802,227808,6,0
227802,227802,227809,7,0
227802,227802,227808,6,0
227802,227802,227808,6,0
227802,227802,227810,8,0
227802,227802,227811,9,0
227802,227802,227811,9,0
227802,227802,227813,11,0
227825,227825,227826,1,0
227825,227825,227826,1,0
227825,227825,227826,1,0
227825,227825,227828,3,0
227825,227825,227828,3,0
227825,227825,227828,3,0
227825,227825,227828,3,0
227825,227825,227828,3,0
227825,227825,227828,3,0
227825,227825,227828,3,0
227825,227825,227828,3,0
227825,227825,227829,4,0
227825,227825,227829,4,0
227825,227825,227828,3,0
227825,227825,227829,4,0
227825,227825,227829,4,0
227825,227825,227829,4,0
227825,227825,227829,4,0
227825,227825,227830,5,0
227825,227825,227829,4,0
227825,227825,227830,5,0
227825,227825,227830,5,0
227825,227825,227830,5,0
227825,227825,227830,5,0
227825,227825,227830,5,0
227825,227825,227830,5,0
227825,227825,227830,5,0
227825,227825,227830,5,0
227825,227825,227831,6,0
227825,227825,227834,9,0
227825,227825,227836,11,0
227848,227848,227850,2,0
227848,227848,227849,1,0
227848,227848,227849,1,0
227848,227848,227849,1,0
227848,227848,227851,3,0
227848,227848,227851,3,0
227848,227848,227851,3,0
227848,227848,227851,3,0
227848,227848,227851,3,0
227848,227848,227851,3,0
227848,227848,227851,3,0
227848,227848,227852,4,0
227848,227848,227852,4,0
227848,227848,227852,4,0
227848,227848,227852,4,0
227848,227848,227852,4,0
227848,227848,227852,4,0
227848,227848,227851,3,0
227848,227848,227851,3,0
227848,227848,227853,5,0
227848,227848,227852,4,0
227848,227848,227853,5,0
227848,227848,227853,5,0
227848,227848,227852,4,0
227848,227848,227853,5,0
227848,227848,227854,6,0
227848,227848,227854,6,0
227848,227848,227853,5,0
227848,227848,227853,5,0
227848,227848,227854,6,0
227848,227848,227858,10,0
227870,227870,227871,1,0
227870,227870,227871,1,0
227870,227870,227871,1,0
227870,227870,227873,3,0
227870,227870,227873,3,0
227870,227870,227873,3,0
227870,227870,227873,3,0
227870,227870,227873,3,0
227870,227870,227873,3,0
227870,227870,227873,3,0
227870,227870,227873,3,0
227870,227870,227873,3,0
227870,227870,227873,3,0
227870,227870,227873,3,0
227870,227870,227872,2,0
227870,227870,227873,3,0
227870,227870,227874,4,0
227870,227870,227873,3,0
227870,227870,227874,4,0
227870,227870,227874,4,0
227870,227870,227873,3,0
227870,227870,227873,3,0
227870,227870,227874,4,0
227870,227870,227874,4,0
227870,227870,227874,4,0
227870,227870,227874,4,0
227870,227870,227875,5,0
227870,227870,227875,5,0
227870,227870,227877,7,0
227870,227870,227878,8,0
227870,227870,227879,9,0
227890,227891,227892,1,1
227890,227890,227892,2,0
227890,227890,227892,2,0
227890,227891,227894,3,1
227890,227891,227893,2,1
227890,227891,227893,2,1
227890,227891,227894,3,1
227890,227891,227893,2,1
227890,227891,227893,2,1
227890,227891,227893,2,1
227890,227891,227893,2,1
227890,227891,227893,2,1
227890,227891,227893,2,1
227890,227891,227893,2,1
227890,227891,227894,3,1
227890,227891,227894,3,1
227890,227891,227894,3,1
227890,227891,227894,3,1
227890,227891,227894,3,1
227890,227891,227894,3,1
227890,227891,227894,3,1
227890,227890,227894,4,0
227890,227891,227894,3,1
227890,227891,227895,4,1
227890,227891,227896,5,1
227890,227891,227895,4,1
227890,227891,227896,5,1
227890,227891,227896,5,1
227890,227891,227896,5,1
227890,227891,227896,5,1
227890,227891,227898,7,1
227911,227911,227912,1,0
227911,227911,227912,1,0
227911,227911,227912,1,0
227911,227911,227913,2,0
227911,227911,227914,3,0
227911,227911,227913,2,0
227911,227911,227914,3,0
227911,227911,227913,2,0
227911,227911,227914,3,0
227911,227911,227914,3,0
227911,227911,227914,3,0
227911,227911,227914,3,0
227911,227911,227914,3,0
227911,227911,227913,2,0
227911,227911,227915,4,0
227911,227911,227914,3,0
227911,227911,227914,3,0
227911,227911,227914,3,0
227911,227911,227914,3,0
227911,227911,227914,3,0
227911,227911,227915,4,0
227911,227911,227914,3,0
227911,227911,227914,3,0
227911,227911,227916,5,0
227911,227911,227915,4,0
227911,227911,227915,4,0
227911,227911,227916,5,0
227911,227911,227916,5,0
227911,227911,227916,5,0
227911,227911,227917,6,0
227911,227911,227919,8,0
227931,227931,227932,1,0
227931,227931,227932,1,0
227931,227931,227932,1,0
227931,227931,227933,2,0
227931,227931,227933,2,0
227931,227931,227933,2,0
227931,227931,227933,2,0
227931,227931,227934,3,0
227931,227931,227934,3,0
227931,227931,227933,2,0
227931,227931,227933,2,0
227931,227931,227934,3,0
227931,227931,227934,3,0
227931,227931,227934,3,0
227931,227931,227934,3,0
227931,227931,227934,3,0
227931,227931,227934,3,0
227931,227931,227934,3,0
227931,227931,227934,3,0
227931,227931,227935,4,0
227931,227931,227934,3,0
227931,227931,227935,4,0
227931,227931,227936,5,0
227931,227931,227935,4,0
227931,227931,227935,4,0
227931,227931,227936,5,0
227931,227931,227936,5,0
227931,227931,227937,6,0
227931,227931,227936,5,0
227931,227931,227937,6,0
227931,227931,227937,6,0
227949,227950,227951,1,1
227949,227950,227951,1,1
227949,227950,227951,1,1
227949,227950,227952,2,1
227949,227950,227952,2,1
227949,227950,227952,2,1
227949,227950,227952,2,1
227949,227950,227952,2,1
227949,227950,227952,2,1
227949,227950,227952,2,1
227949,227950,227952,2,1
227949,227950,227952,2,1
227949,227950,227953,3,1
227949,227950,227953,3,1
227949,227950,227953,3,1
227949,227950,227953,3,1
227949,227950,227953,3,1
227949,227950,227953,3,1
227949,227950,227953,3,1
227949,227950,227954,4,1
227949,227950,227953,3,1
227949,227950,227954,4,1
227949,227950,227953,3,1
227949,227950,227954,4,1
227949,227950,227954,4,1
227949,227950,227954,4,1
227949,227950,227954,4,1
227949,227950,227955,5,1
227949,227950,227954,4,1
227949,227950,227955,5,1
227949,227950,227955,5,1
227968,227968,227970,2,0
227968,227968,227969,1,0
227968,227968,227969,1,0
227968,227968,227971,3,0
227968,227968,227971,3,0
227968,227968,227971,3,0
227968,227968,227971,3,0
227968,227968,227971,3,0
227968,227968,227971,3,0
227968,227968,227971,3,0
227968,227968,227971,3,0
227968,227968,227971,3,0
227968,227968,227971,3,0
227968,227968,227971,3,0
227968,227968,227971,3,0
227968,227968,227971,3,0
227968,227968,227971,3,0
227968,227968,227972,4,0
227968,227968,227971,3,0
227968,227968,227972,4,0
227968,227968,227971,3,0
227968,227968,227973,5,0
227968,227968,227973,5,0
227968,227968,227972,4,0
227968,227968,227973,5,0
227968,227968,227973,5,0
227968,227968,227972,4,0
227968,227968,227973,5,0
227968,227968,227973,5,0
227968,227968,227973,5,0
227968,227968,227975,7,0
227513,227514,227987,473,1
227987,227987,227988,1,0
227987,227987,227988,1,0
227987,227987,227989,2,0
227987,227987,227989,2,0
227987,227987,227989,2,0
227987,227987,227990,3,0
227987,227987,227990,3,0
227987,227987,227990,3,0
227987,227987,227990,3,0
227987,227987,227990,3,0
227987,227987,227990,3,0
227987,227987,227990,3,0
227987,227987,227990,3,0
227987,227987,227990,3,0
227987,227987,227990,3,0
227987,227987,227990,3,0
227987,227987,227991,4,0
227987,227987,227991,4,0
227987,227987,227991,4,0
227987,227987,227991,4,0
227987,227987,227991,4,0
227987,227987,227991,4,0
227987,227987,227991,4,0
227987,227987,227991,4,0
227987,227987,227991,4,0
227987,227987,227992,5,0
227987,227987,227992,5,0
227987,227987,227992,5,0
227987,227987,227993,6,0
227987,227987,227993,6,0
227987,227987,227993,6,0
228006,228006,228007,1,0
228006,228006,228007,1,0
228006,228006,228008,2,0
228006,228006,228007,1,0
228006,228006,228008,2,0
228006,228006,228008,2,0
228006,228006,228009,3,0
228006,228006,228009,3,0
228006,228006,228009,3,0
228006,228006,228008,2,0
228006,228006,228008,2,0
228006,228006,228009,3,0
228006,228006,228009,3,0
228006,228006,228009,3,0
228006,228006,228009,3,0
228006,228006,228010,4,0
228006,228006,228009,3,0
228006,228006,228009,3,0
228006,228006,228009,3,0
228006,228006,228010,4,0
228006,228006,228010,4,0
228006,228006,228009,3,0
228006,228006,228010,4,0
228006,228006,228009,3,0
228006,228006,228011,5,0
228006,228006,228011,5,0
228006,228006,228010,4,0
228006,228006,228011,5,0
228006,228006,228011,5,0
228006,228006,228011,5,0
228006,228006,228012,6,0
228023,228024,228025,1,1
228023,228024,228025,1,1
228023,228024,228025,1,1
228023,228024,228025,1,1
228023,228024,228026,2,1
228023,228024,228025,1,1
228023,228024,228025,1,1
228023,228024,228026,2,1
228023,228024,228026,2,1
228023,228024,228027,3,1
228023,228024,228026,2,1
228023,228024,228026,2,1
228023,228024,228026,2,1
228023,228024,228026,2,1
228023,228024,228026,2,1
228023,228024,228027,3,1
228023,228024,228027,3,1
228023,228024,228027,3,1
228023,228024,228027,3,1
228023,228024,228027,3,1
228023,228024,228027,3,1
228023,228024,228028,4,1
228023,228024,228028,4,1
228023,228024,228028,4,1
228023,228024,228028,4,1
228023,228024,228028,4,1
228023,228024,228028,4,1
228023,228024,228029,5,1
228023,228024,228028,4,1
228023,228024,228031,7,1
228023,228024,228031,7,1
228043,228043,228044,1,0
228043,228043,228045,2,0
228043,228043,228045,2,0
228043,228043,228044,1,0
228043,228043,228045,2,0
228043,228043,228044,1,0
228043,228043,228045,2,0
228043,228043,228046,3,0
228043,228043,228046,3,0
228043,228043,228046,3,0
228043,228043,228046,3,0
228043,228043,228046,3,0
228043,228043,228046,3,0
228043,228043,228046,3,0
228043,228043,228046,3,0
228043,228043,228046,3,0
228043,228043,228046,3,0
228043,228043,228046,3,0
228043,228043,228047,4,0
228043,228043,228046,3,0
228043,228043,228047,4,0
228043,228043,228047,4,0
228043,228043,228046,3,0
228043,228043,228047,4,0
228043,228043,228047,4,0
228043,228043,228047,4,0
228043,228043,228047,4,0
228043,228043,228047,4,0
228043,228043,228051,8,0
228043,228043,228051,8,0
228043,228043,228053,10,0
228064,228064,228066,2,0
228064,228064,228066,2,0
228064,228064,228065,1,0
228064,228064,228066,2,0
228064,228064,228066,2,0
228064,228064,228066,2,0
228064,228064,228065,1,0
228064,228064,228066,2,0
228064,228064,228067,3,0
228064,228064,228067,3,0
228064,228064,228067,3,0
228064,228064,228067,3,0
228064,228064,228067,3,0
228064,228064,228068,4,0
228064,228064,228068,4,0
228064,228064,228068,4,0
228064,228064,228068,4,0
228064,228064,228068,4,0
228064,228064,228068,4,0
228064,228064,228067,3,0
228064,228064,228068,4,0
228064,228064,228068,4,0
228064,228064,228068,4,0
228064,228064,228068,4,0
228064,228064,228068,4,0
228064,228064,228069,5,0
228064,228064,228070,6,0
228064,228064,228070,6,0
228064,228064,228070,6,0
228064,228064,228071,7,0
228064,228064,228071,7,0
228083,228083,228084,1,0
228083,228083,228084,1,0
228083,228083,228085,2,0
228083,228083,228085,2,0
228083,228083,228084,1,0
228083,228083,228085,2,0
228083,228083,228086,3,0
228083,228083,228086,3,0
228083,228083,228086,3,0
228083,228083,228085,2,0
228083,228083,228086,3,0
228083,228083,228086,3,0
228083,228083,228085,2,0
228083,228083,228086,3,0
228083,228083,228086,3,0
228083,228083,228087,4,0
228083,228083,228087,4,0
228083,228083,228087,4,0
228083,228083,228086,3,0
228083,228083,228087,4,0
228083,228083,228086,3,0
228083,228083,228087,4,0
228083,228083,228088,5,0
228083,228083,228088,5,0
228083,228083,228088,5,0
228083,228083,228089,6,0
228083,228083,228089,6,0
228083,228083,228089,6,0
228083,228083,228090,7,0
228083,228083,228089,6,0
228083,228083,228091,8,0
228103,228103,228104,1,0
228103,228103,228104,1,0
228103,228103,228104,1,0
228103,228103,228105,2,0
228103,228103,228105,2,0
228103,228103,228105,2,0
228103,228103,228105,2,0
228103,228103,228106,3,0
228103,228103,228106,3,0
228103,228103,228106,3,0
228103,228103,228106,3,0
228103,228103,228106,3,0
228103,228103,228106,3,0
228103,228103,228106,3,0
228103,228103,228106,3,0
228103,228103,228107,4,0
228103,228103,228107,4,0
228103,228103,228106,3,0
228103,228103,228107,4,0
228103,228103,228107,4,0
228103,228103,228106,3,0
228103,228103,228108,5,0
228103,228103,228108,5,0
228103,228103,228108,5,0
228103,228103,228108,5,0
228103,228103,228109,6,0
228103,228103,228109,6,0
228103,228103,228109,6,0
228103,228103,228109,6,0
228103,228103,228110,7,0
228103,228103,228111,8,0
228124,228125,228126,1,1
228124,228125,228127,2,1
228124,228125,228126,1,1
228124,228125,228127,2,1
228124,228125,228127,2,1
228124,228125,228127,2,1
228124,228125,228128,3,1
228124,228125,228127,2,1
228124,228125,228128,3,1
228124,228125,228128,3,1
228124,228125,228128,3,1
228124,228125,228128,3,1
228124,228125,228129,4,1
228124,228125,228129,4,1
228124,228125,228129,4,1
228124,228125,228129,4,1
228124,228125,228129,4,1
228124,228125,228129,4,1
228124,228125,228128,3,1
228124,228125,228129,4,1
228124,228125,228129,4,1
228124,228125,228129,4,1
228124,228125,228129,4,1
228124,228125,228130,5,1
228124,228125,228130,5,1
228124,228125,228130,5,1
228124,228125,228131,6,1
228124,228125,228130,5,1
228124,228125,228131,6,1
228124,228125,228132,7,1
228124,228125,228132,7,1
228144,228144,228145,1,0
228144,228144,228145,1,0
228144,228144,228146,2,0
228144,228144,228145,1,0
228144,228144,228145,1,0
228144,228144,228146,2,0
228144,228144,228146,2,0
228144,228144,228147,3,0
228144,228144,228146,2,0
228144,228144,228146,2,0
228144,228144,228147,3,0
228144,228144,228146,2,0
228144,228144,228147,3,0
228144,228144,228147,3,0
228144,228144,228146,2,0
228144,228144,228146,2,0
228144,228144,228146,2,0
228144,228144,228147,3,0
228144,228144,228147,3,0
228144,228144,228147,3,0
228144,228144,228147,3,0
228144,228144,228147,3,0
228144,228144,228147,3,0
228144,228144,228148,4,0
228144,228144,228148,4,0
228144,228144,228148,4,0
228144,228144,228148,4,0
228144,228144,228148,4,0
228144,228144,228148,4,0
228144,228144,228149,5,0
228144,228144,228149,5,0
228161,228161,228162,1,0
228161,228161,228163,2,0
228161,228161,228163,2,0
228161,228161,228163,2,0
228161,228161,228163,2,0
228161,228161,228162,1,0
228161,228161,228163,2,0
228161,228161,228164,3,0
228161,228161,228164,3,0
228161,228161,228164,3,0
228161,228161,228164,3,0
228161,228161,228164,3,0
228161,228161,228164,3,0
228161,228161,228164,3,0
228161,228161,228164,3,0
228161,228161,228164,3,0
228161,228161,228163,2,0
228161,228161,228164,3,0
228161,228161,228165,4,0
228161,228161,228165,4,0
228161,228161,228165,4,0
228161,228161,228165,4,0
228161,228161,228164,3,0
228161,228161,228165,4,0
228161,228161,228165,4,0
228161,228161,228165,4,0
228161,228161,228166,5,0
228161,228161,228166,5,0
228161,228161,228166,5,0
228161,228161,228166,5,0
228161,228161,228166,5,0
228178,228178,228179,1,0
228178,228178,228180,2,0
228178,228178,228179,1,0
228178,228178,228179,1,0
228178,228178,228180,2,0
228178,228178,228179,1,0
228178,228178,228180,2,0
228178,228178,228179,1,0
228178,228178,228180,2,0
228178,228178,228181,3,0
228178,228178,228180,2,0
228178,228178,228181,3,0
228178,228178,228181,3,0
228178,228178,228181,3,0
228178,228178,228180,2,0
228178,228178,228181,3,0
228178,228178,228181,3,0
228178,228178,228181,3,0
228178,228178,228182,4,0
228178,228178,228181,3,0
228178,228178,228181,3,0
228178,228178,228181,3,0
228178,228178,228181,3,0
228178,228178,228181,3,0
228178,228178,228181,3,0
228178,228178,228181,3,0
228178,228178,228181,3,0
228178,228178,228182,4,0
228178,228178,228182,4,0
228178,228178,228183,5,0
228178,228178,228183,5,0
228194,228195,228196,1,1
228194,228195,228196,1,1
228194,228195,228196,1,1
228194,228195,228197,2,1
228194,228195,228196,1,1
228194,228195,228196,1,1
228194,228195,228196,1,1
228194,228195,228196,1,1
228194,228195,228196,1,1
228194,228195,228196,1,1
228194,228195,228197,2,1
228194,228195,228197,2,1
228194,228195,228197,2,1
228194,228195,228197,2,1
228194,228195,228197,2,1
228194,228195,228197,2,1
228194,228195,228197,2,1
228194,228195,228197,2,1
228194,228195,228197,2,1
228194,228195,228197,2,1
228194,228195,228198,3,1
228194,228195,228198,3,1
228194,228195,228198,3,1
228194,228195,228198,3,1
228194,228195,228198,3,1
228194,228195,228198,3,1
228194,228195,228198,3,1
228194,228195,228198,3,1
228194,228195,228198,3,1
228194,228195,228198,3,1
228211,228211,228212,1,0
228211,228211,228213,2,0
228211,228211,228213,2,0
228211,228211,228213,2,0
228211,228211,228212,1,0
228211,228211,228213,2,0
228211,228211,228213,2,0
228211,228211,228213,2,0
228211,228211,228214,3,0
228211,228211,228214,3,0
228211,228211,228214,3,0
228211,228211,228214,3,0
228211,228211,228214,3,0
228211,228211,228214,3,0
228211,228211,228214,3,0
228211,228211,228214,3,0
228211,228211,228214,3,0
228211,228211,228214,3,0
228211,228211,228214,3,0
228211,228211,228214,3,0
228211,228211,228214,3,0
228211,228211,228214,3,0
228211,228211,228214,3,0
228211,228211,228214,3,0
228211,228211,228214,3,0
228211,228211,228214,3,0
228211,228211,228214,3,0
228211,228211,228215,4,0
228211,228211,228215,4,0
228211,228211,228215,4,0
228211,228211,228215,4,0
228227,228227,228228,1,0
228227,228227,228228,1,0
228227,228227,228228,1,0
228227,228227,228228,1,0
228227,228227,228229,2,0
228227,228227,228229,2,0
228227,228227,228229,2,0
228227,228227,228229,2,0
228227,228227,228229,2,0
228227,228227,228229,2,0
228227,228227,228229,2,0
228227,228227,228230,3,0
228227,228227,228230,3,0
228227,228227,228230,3,0
228227,228227,228230,3,0
228227,228227,228230,3,0
228227,228227,228230,3,0
228227,228227,228230,3,0
228227,228228,228230,2,1
228227,228228,228230,2,1
228227,228227,228230,3,0
228227,228227,228230,3,0
228227,228228,228230,2,1
228227,228228,228230,2,1
228227,228227,228231,4,0
228227,228227,228230,3,0
228227,228227,228231,4,0
228227,228228,228230,2,1
228227,228227,228231,4,0
228227,228227,228231,4,0
228227,228227,228231,4,0
228243,228243,228244,1,0
228243,228243,228244,1,0
228243,228243,228244,1,0
228243,228243,228244,1,0
228243,228243,228244,1,0
228243,228243,228244,1,0
228243,228243,228244,1,0
228243,228243,228245,2,0
228243,228243,228244,1,0
228243,228243,228244,1,0
228243,228243,228244,1,0
228243,228243,228245,2,0
228243,228243,228246,3,0
228243,228243,228246,3,0
228243,228243,228246,3,0
228243,228243,228245,2,0
228243,228243,228246,3,0
228243,228243,228245,2,0
228243,228243,228245,2,0
228243,228243,228246,3,0
228243,228243,228246,3,0
228243,228243,228246,3,0
228243,228243,228245,2,0
228243,228243,228246,3,0
228243,228243,228246,3,0
228243,228243,228246,3,0
228243,228243,228247,4,0
228243,228243,228246,3,0
228243,228243,228247,4,0
228243,228243,228247,4,0
228243,228243,228247,4,0
228260,228260,228261,1,0
228260,228260,228261,1,0
228260,228260,228261,1,0
228260,228260,228262,2,0
228260,228260,228262,2,0
228260,228260,228261,1,0
228260,228260,228262,2,0
228260,228260,228261,1,0
228260,228260,228262,2,0
228260,228260,228263,3,0
228260,228260,228263,3,0
228260,228260,228263,3,0
228260,228260,228263,3,0
228260,228260,228263,3,0
228260,228260,228263,3,0
228260,228260,228262,2,0
228260,228260,228263,3,0
228260,228260,228263,3,0
228260,228260,228263,3,0
228260,228260,228263,3,0
228260,228260,228262,2,0
228260,228260,228263,3,0
228260,228260,228263,3,0
228260,228260,228263,3,0
228260,228260,228264,4,0
228260,228260,228264,4,0
228260,228260,228264,4,0
228260,228260,228264,4,0
228260,228260,228264,4,0
228260,228260,228264,4,0
228260,228260,228264,4,0
228277,228277,228278,1,0
228277,228277,228278,1,0
228277,228277,228278,1,0
228277,228277,228278,1,0
228277,228277,228279,2,0
228277,228277,228278,1,0
228277,228277,228278,1,0
228277,228277,228278,1,0
228277,228277,228279,2,0
228277,228277,228279,2,0
228277,228277,228279,2,0
228277,228277,228280,3,0
228277,228277,228280,3,0
228277,228277,228279,2,0
228277,228277,228280,3,0
228277,228277,228279,2,0
228277,228277,228280,3,0
228277,228277,228280,3,0
228277,228277,228280,3,0
228277,228277,228280,3,0
228277,228277,228280,3,0
228277,228277,228280,3,0
228277,228277,228281,4,0
228277,228277,228280,3,0
228277,228277,228281,4,0
228277,228277,228281,4,0
228277,228277,228281,4,0
228277,228277,228282,5,0
228277,228277,228281,4,0
228277,228277,228281,4,0
228277,228277,228281,4,0
228294,228294,228295,1,0
228294,228294,228295,1,0
228294,228294,228295,1,0
228294,228294,228295,1,0
228294,228294,228296,2,0
228294,228294,228295,1,0
228294,228294,228296,2,0
228294,228294,228296,2,0
228294,228294,228296,2,0
228294,228294,228296,2,0
228294,228294,228296,2,0
228294,228294,228296,2,0
228294,228294,228297,3,0
228294,228294,228297,3,0
228294,228294,228296,2,0
228294,228294,228297,3,0
228294,228294,228297,3,0
228294,228294,228297,3,0
228294,228294,228297,3,0
228294,228294,228297,3,0
228294,228294,228298,4,0
228294,228294,228297,3,0
228294,228294,228297,3,0
228294,228294,228297,3,0
228294,228294,228297,3,0
228294,228294,228298,4,0
228294,228294,228298,4,0
228294,228294,228297,3,0
228294,228294,228298,4,0
228294,228294,228299,5,0
228294,228294,228299,5,0
228310,228310,228311,1,0
228310,228310,228311,1,0
228310,228310,228311,1,0
228310,228310,228311,1,0
228310,228310,228311,1,0
228310,228310,228311,1,0
228310,228310,228312,2,0
228310,228310,228312,2,0
228310,228310,228312,2,0
228310,228310,228312,2,0
228310,228310,228312,2,0
228310,228310,228312,2,0
228310,228310,228313,3,0
228310,228310,228313,3,0
228310,228310,228313,3,0
228310,228310,228312,2,0
228310,228310,228312,2,0
228310,228310,228313,3,0
228310,228310,228313,3,0
228310,228310,228312,2,0
228310,228310,228312,2,0
228310,228310,228313,3,0
228310,228310,228313,3,0
228310,228310,228312,2,0
228310,228310,228314,4,0
228310,228310,228313,3,0
228310,228310,228313,3,0
228310,228310,228314,4,0
228310,228310,228313,3,0
228310,228310,228314,4,0
228310,228310,228314,4,0
228328,228328,228329,1,0
228328,228328,228329,1,0
228328,228328,228329,1,0
228328,228328,228330,2,0
228328,228328,228330,2,0
228328,228328,228330,2,0
228328,228328,228329,1,0
228328,228328,228329,1,0
228328,228328,228329,1,0
228328,228328,228330,2,0
228328,228328,228330,2,0
228328,228328,228330,2,0
228328,228328,228331,3,0
228328,228328,228331,3,0
228328,228328,228331,3,0
228328,228328,228331,3,0
228328,228328,228331,3,0
228328,228328,228331,3,0
228328,228328,228331,3,0
228328,228328,228330,2,0
228328,228328,228331,3,0
228328,228328,228331,3,0
228328,228328,228331,3,0
228328,228328,228332,4,0
228328,228328,228331,3,0
228328,228328,228332,4,0
228328,228328,228332,4,0
228328,228328,228333,5,0
228328,228328,228332,4,0
228328,228328,228333,5,0
228328,228328,228332,4,0
228344,228344,228345,1,0
228344,228344,228346,2,0
228344,228344,228346,2,0
228344,228344,228346,2,0
228344,228344,228346,2,0
228344,228344,228346,2,0
228344,228344,228346,2,0
228344,228344,228346,2,0
228344,228344,228346,2,0
228344,228344,228346,2,0
228344,228344,228346,2,0
228344,228345,228346,1,1
228344,228344,228347,3,0
228344,228344,228347,3,0
228344,228344,228347,3,0
228344,228344,228347,3,0
228344,228344,228347,3,0
228344,228344,228347,3,0
228344,228344,228347,3,0
228344,228344,228347,3,0
228344,228344,228347,3,0
228344,228345,228347,2,1
228344,228344,228347,3,0
228344,228344,228347,3,0
228344,228345,228347,2,1
228344,228344,228347,3,0
228344,228345,228347,2,1
228344,228345,228347,2,1
228344,228344,228348,4,0
228344,228345,228348,3,1
228344,228344,228349,5,0
228360,228360,228361,1,0
228360,228360,228361,1,0
228360,228360,228362,2,0
228360,228360,228361,1,0
228360,228360,228362,2,0
228360,228360,228362,2,0
228360,228360,228362,2,0
228360,228360,228362,2,0
228360,228360,228362,2,0
228360,228360,228361,1,0
228360,228360,228362,2,0
228360,228360,228362,2,0
228360,228360,228362,2,0
228360,228360,228362,2,0
228360,228360,228362,2,0
228360,228360,228363,3,0
228360,228360,228363,3,0
228360,228360,228363,3,0
228360,228360,228363,3,0
228360,228360,228363,3,0
228360,228360,228363,3,0
228360,228360,228363,3,0
228360,228360,228364,4,0
228360,228360,228363,3,0
228360,228360,228364,4,0
228360,228360,228363,3,0
228360,228360,228363,3,0
228360,228360,228364,4,0
228360,228360,228364,4,0
228360,228360,228364,4,0
228360,228360,228363,3,0
228375,228375,228376,1,0
228375,228375,228377,2,0
228375,228375,228377,2,0
228375,228375,228378,3,0
228375,228375,228378,3,0
228375,228375,228378,3,0
228375,228375,228379,4,0
228375,228375,228379,4,0
228375,228375,228379,4,0
228375,228375,228379,4,0
228375,228375,228379,4,0
228375,228375,228379,4,0
228375,228375,228379,4,0
228375,228376,228379,3,1
228375,228375,228380,5,0
228375,228375,228379,4,0
228375,228375,228380,5,0
228375,228375,228380,5,0
228375,228375,228381,6,0
228375,228375,228381,6,0
228375,228375,228381,6,0
228375,228375,228382,7,0
228375,228375,228384,9,0
228375,228375,228384,9,0
228375,228375,228384,9,0
228375,228375,228384,9,0
228375,228375,228385,10,0
228375,228375,228385,10,0
228375,228375,228385,10,0
228375,228375,228385,10,0
228375,228375,228386,11,0
228398,228398,228400,2,0
228398,228398,228400,2,0
228398,228398,228400,2,0
228398,228398,228401,3,0
228398,228398,228401,3,0
228398,228398,228401,3,0
228398,228398,228401,3,0
228398,228398,228401,3,0
228398,228398,228402,4,0
228398,228398,228402,4,0
228398,228398,228401,3,0
228398,228398,228402,4,0
228398,228398,228403,5,0
228398,228398,228402,4,0
228398,228398,228403,5,0
228398,228398,228403,5,0
228398,228398,228403,5,0
228398,228398,228403,5,0
228398,228398,228404,6,0
228398,228398,228404,6,0
228398,228398,228405,7,0
228398,228398,228406,8,0
228398,228398,228406,8,0
228398,228398,228407,9,0
228398,228398,228407,9,0
228398,228398,228408,10,0
228398,228398,228408,10,0
228398,228398,228408,10,0
228398,228398,228408,10,0
228398,228398,228409,11,0
228398,228398,228409,11,0
228422,228422,228423,1,0
228422,228422,228424,2,0
228422,228422,228424,2,0
228422,228422,228425,3,0
228422,228422,228425,3,0
228422,228422,228426,4,0
228422,228422,228425,3,0
228422,228422,228426,4,0
228422,228422,228425,3,0
228422,228422,228426,4,0
228422,228422,228425,3,0
228422,228422,228426,4,0
228422,228422,228426,4,0
228422,228422,228427,5,0
228422,228422,228426,4,0
228422,228422,228426,4,0
228422,228422,228428,6,0
228422,228422,228428,6,0
228422,228422,228427,5,0
228422,228422,228427,5,0
228422,228422,228428,6,0
228422,228422,228428,6,0
228422,228422,228430,8,0
228422,228422,228430,8,0
228422,228422,228430,8,0
228422,228422,228431,9,0
228422,228422,228432,10,0
228422,228422,228432,10,0
228422,228422,228432,10,0
228422,228422,228432,10,0
228422,228422,228432,10,0
228445,228445,228446,1,0
228445,228445,228447,2,0
228445,228445,228447,2,0
228445,228446,228448,2,1
228445,228446,228448,2,1
228445,228446,228448,2,1
228445,228446,228448,2,1
228445,228446,228449,3,1
228445,228446,228449,3,1
228445,228446,228449,3,1
228445,228446,228449,3,1
228445,228446,228449,3,1
228445,228446,228450,4,1
228445,228445,228450,5,0
228445,228446,228450,4,1
228445,228446,228450,4,1
228445,228446,228450,4,1
228445,228446,228450,4,1
228445,228446,228451,5,1
228445,228446,228451,5,1
228445,228446,228451,5,1
228445,228446,228452,6,1
228445,228446,228452,6,1
228445,228446,228453,7,1
228445,228446,228453,7,1
228445,228446,228454,8,1
228445,228446,228455,9,1
228445,228446,228455,9,1
228445,228446,228455,9,1
228445,228446,228455,9,1
228445,228446,228456,10,1
227995,227996,228460,464,1
228468,228468,228470,2,0
228468,228468,228470,2,0
228468,228468,228470,2,0
228468,228468,228471,3,0
228468,228468,228471,3,0
228468,228468,228471,3,0
228468,228468,228471,3,0
228468,228468,228472,4,0
228468,228468,228471,3,0
228468,228468,228472,4,0
228468,228468,228472,4,0
228468,228468,228472,4,0
228468,228468,228472,4,0
228468,228468,228473,5,0
228468,228468,228473,5,0
228468,228468,228474,6,0
228468,228468,228474,6,0
228468,228468,228473,5,0
228468,228468,228473,5,0
228468,228468,228474,6,0
228468,228468,228475,7,0
228468,228468,228476,8,0
228468,228468,228476,8,0
228468,228468,228476,8,0
228468,228468,228477,9,0
228468,228468,228477,9,0
228468,228468,228476,8,0
228468,228468,228478,10,0
228468,228468,228478,10,0
228468,228468,228478,10,0
228468,228468,228478,10,0
228491,228491,228493,2,0
228491,228491,228493,2,0
228491,228491,228493,2,0
228491,228491,228494,3,0
228491,228491,228494,3,0
228491,228491,228494,3,0
228491,228491,228494,3,0
228491,228491,228495,4,0
228491,228491,228494,3,0
228491,228491,228495,4,0
228491,228491,228495,4,0
228491,228491,228494,3,0
228491,228491,228495,4,0
228491,228491,228495,4,0
228491,228491,228495,4,0
228491,228491,228495,4,0
228491,228491,228496,5,0
228491,228491,228496,5,0
228491,228491,228496,5,0
228491,228491,228497,6,0
228491,228491,228498,7,0
228491,228491,228499,8,0
228491,228491,228499,8,0
228491,228491,228499,8,0
228491,228491,228499,8,0
228491,228491,228500,9,0
228491,228491,228500,9,0
228491,228491,228500,9,0
228491,228491,228501,10,0
228491,228491,228501,10,0
228491,228491,228502,11,0
228514,228514,228515,1,0
228514,228514,228515,1,0
228514,228514,228515,1,0
228514,228514,228516,2,0
228514,228514,228516,2,0
228514,228514,228516,2,0
228514,228514,228516,2,0
228514,228514,228517,3,0
228514,228514,228517,3,0
228514,228514,228517,3,0
228514,228514,228517,3,0
228514,228514,228517,3,0
228514,228514,228518,4,0
228514,228514,228517,3,0
228514,228514,228517,3,0
228514,228514,228518,4,0
228514,228514,228518,4,0
228514,228514,228519,5,0
228514,228514,228519,5,0
228514,228514,228520,6,0
228514,228514,228521,7,0
228514,228514,228521,7,0
228514,228514,228521,7,0
228514,228514,228521,7,0
228514,228514,228521,7,0
228514,228514,228522,8,0
228514,228514,228522,8,0
228514,228514,228522,8,0
228514,228514,228523,9,0
228514,228514,228524,10,0
228514,228514,228523,9,0
228536,228536,228537,1,0
228536,228536,228537,1,0
228536,228536,228537,1,0
228536,228536,228539,3,0
228536,228536,228538,2,0
228536,228536,228539,3,0
228536,228536,228538,2,0
228536,228536,228538,2,0
228536,228536,228540,4,0
228536,228536,228539,3,0
228536,228536,228539,3,0
228536,228536,228539,3,0
228536,228536,228540,4,0
228536,228536,228539,3,0
228536,228536,228540,4,0
228536,228536,228541,5,0
228536,228536,228540,4,0
228536,228536,228541,5,0
228536,228536,228541,5,0
228536,228536,228542,6,0
228536,228536,228542,6,0
228536,228536,228544,8,0
228536,228536,228543,7,0
228536,228536,228543,7,0
228536,228536,228543,7,0
228536,228536,228543,7,0
228536,228536,228543,7,0
228536,228536,228545,9,0
228536,228536,228544,8,0
228536,228536,228545,9,0
228536,228536,228545,9,0
228558,228558,228559,1,0
228558,228558,228559,1,0
228558,228558,228559,1,0
228558,228558,228561,3,0
228558,228558,228561,3,0
228558,228558,228560,2,0
228558,228558,228560,2,0
228558,228558,228560,2,0
228558,228558,228561,3,0
228558,228558,228561,3,0
228558,228558,228561,3,0
228558,228558,228561,3,0
228558,228558,228562,4,0
228558,228558,228561,3,0
228558,228558,228561,3,0
228558,228558,228562,4,0
228558,228558,228562,4,0
228558,228558,228562,4,0
228558,228558,228562,4,0
228558,228558,228563,5,0
228558,228558,228564,6,0
228558,228558,228565,7,0
228558,228558,228565,7,0
228558,228558,228566,8,0
228558,228558,228565,7,0
228558,228558,228565,7,0
228558,228558,228565,7,0
228558,228558,228566,8,0
228558,228558,228566,8,0
228558,228558,228568,10,0
228558,228558,228568,10,0
228580,228580,228582,2,0
228580,228580,228582,2,0
228580,228580,228582,2,0
228580,228580,228583,3,0
228580,228580,228583,3,0
228580,228580,228583,3,0
228580,228580,228583,3,0
228580,228581,228583,2,1
228580,228581,228583,2,1
228580,228580,228584,4,0
228580,228581,228584,3,1
228580,228581,228584,3,1
228580,228580,228585,5,0
228580,228580,228585,5,0
228580,228580,228585,5,0
228580,228580,228585,5,0
228580,228580,228585,5,0
228580,228580,228586,6,0
228580,228580,228586,6,0
228580,228581,228586,5,1
228580,228581,228587,6,1
228580,228580,228587,7,0
228580,228580,228588,8,0
228580,228580,228588,8,0
228580,228580,228588,8,0
228580,228580,228588,8,0
228580,228580,228588,8,0
228580,228580,228588,8,0
228580,228580,228589,9,0
228580,228580,228590,10,0
228580,228580,228591,11,0
228604,228604,228605,1,0
228604,228604,228605,1,0
228604,228604,228605,1,0
228604,228604,228606,2,0
228604,228604,228607,3,0
228604,228604,228607,3,0
228604,228604,228606,2,0
228604,228604,228606,2,0
228604,228604,228606,2,0
228604,228604,228608,4,0
228604,228604,228608,4,0
228604,228604,228608,4,0
228604,228604,228607,3,0
228604,228604,228607,3,0
228604,228604,228608,4,0
228604,228604,228608,4,0
228604,228604,228608,4,0
228604,228604,228608,4,0
228604,228604,228609,5,0
228604,228604,228609,5,0
228604,228604,228610,6,0
228604,228604,228610,6,0
228604,228604,228610,6,0
228604,228604,228612,8,0
228604,228604,228611,7,0
228604,228604,228611,7,0
228604,228604,228611,7,0
228604,228604,228611,7,0
228604,228604,228612,8,0
228604,228604,228612,8,0
228604,228604,228617,13,0
228630,228630,228631,1,0
228630,228630,228631,1,0
228630,228630,228631,1,0
228630,228630,228633,3,0
228630,228630,228632,2,0
228630,228630,228634,4,0
228630,228630,228633,3,0
228630,228630,228633,3,0
228630,228630,228633,3,0
228630,228630,228633,3,0
228630,228630,228633,3,0
228630,228630,228633,3,0
228630,228630,228634,4,0
228630,228630,228634,4,0
228630,228630,228634,4,0
228630,228630,228634,4,0
228630,228630,228635,5,0
228630,228630,228635,5,0
228630,228630,228636,6,0
228630,228630,228636,6,0
228630,228630,228636,6,0
228630,228630,228636,6,0
228630,228630,228636,6,0
228630,228630,228636,6,0
228630,228630,228637,7,0
228630,228630,228637,7,0
228630,228630,228638,8,0
228630,228630,228638,8,0
228630,228630,228637,7,0
228630,228630,228639,9,0
228630,228630,228643,13,0
228655,228655,228656,1,0
228655,228655,228656,1,0
228655,228655,228657,2,0
228655,228655,228658,3,0
228655,228655,228658,3,0
228655,228655,228658,3,0
228655,228655,228658,3,0
228655,228655,228658,3,0
228655,228655,228658,3,0
228655,228655,228659,4,0
228655,228655,228659,4,0
228655,228655,228659,4,0
228655,228655,228659,4,0
228655,228655,228659,4,0
228655,228655,228660,5,0
228655,228655,228660,5,0
228655,228655,228661,6,0
228655,228655,228661,6,0
228655,228655,228662,7,0
228655,228655,228662,7,0
228655,228655,228662,7,0
228655,228655,228663,8,0
228655,228655,228663,8,0
228655,228655,228663,8,0
228655,228655,228663,8,0
228655,228655,228664,9,0
228655,228655,228664,9,0
228655,228655,228664,9,0
228655,228655,228663,8,0
228655,228655,228665,10,0
228655,228655,228668,13,0
228680,228680,228682,2,0
228680,228680,228682,2,0
228680,228680,228681,1,0
228680,228680,228683,3,0
228680,228680,228683,3,0
228680,228680,228684,4,0
228680,228680,228684,4,0
228680,228680,228684,4,0
228680,228680,228684,4,0
228680,228680,228684,4,0
228680,228680,228685,5,0
228680,228680,228685,5,0
228680,228680,228685,5,0
228680,228680,228685,5,0
228680,228680,228686,6,0
228680,228680,228686,6,0
228680,228680,228686,6,0
228680,228680,228686,6,0
228680,228680,228687,7,0
228680,228680,228687,7,0
228680,228680,228687,7,0
228680,228680,228687,7,0
228680,228680,228688,8,0
228680,228680,228688,8,0
228680,228680,228687,7,0
228680,228680,228689,9,0
228680,228680,228689,9,0
228680,228680,228689,9,0
228680,228680,228689,9,0
228680,228680,228691,11,0
228680,228680,228691,11,0
228705,228705,228706,1,0
228705,228705,228706,1,0
228705,228705,228707,2,0
228705,228705,228708,3,0
228705,228705,228708,3,0
228705,228705,228708,3,0
228705,228705,228709,4,0
228705,228705,228708,3,0
228705,228705,228709,4,0
228705,228705,228708,3,0
228705,228705,228709,4,0
228705,228705,228708,3,0
228705,228705,228710,5,0
228705,228705,228710,5,0
228705,228705,228709,4,0
228705,228705,228709,4,0
228705,228705,228710,5,0
228705,228705,228710,5,0
228705,228705,228711,6,0
228705,228705,228711,6,0
228705,228705,228712,7,0
228705,228705,228712,7,0
228705,228705,228712,7,0
228705,228705,228712,7,0
228705,228705,228713,8,0
228705,228705,228713,8,0
228705,228705,228713,8,0
228705,228705,228714,9,0
228705,228705,228714,9,0
228705,228705,228714,9,0
228705,228705,228718,13,0
228730,228730,228731,1,0
228730,228730,228731,1,0
228730,228730,228732,2,0
228730,228730,228732,2,0
228730,228730,228733,3,0
228730,228730,228734,4,0
228730,228730,228733,3,0
228730,228730,228734,4,0
228730,228730,228734,4,0
228730,228730,228734,4,0
228730,228730,228735,5,0
228730,228730,228735,5,0
228730,228730,228734,4,0
228730,228730,228735,5,0
228730,228730,228735,5,0
228730,228730,228734,4,0
228730,228730,228735,5,0
228730,228730,228736,6,0
228730,228730,228736,6,0
228730,228730,228735,5,0
228730,228730,228737,7,0
228730,228730,228737,7,0
228730,228730,228738,8,0
228730,228730,228738,8,0
228730,228730,228739,9,0
228730,228730,228739,9,0
228730,228730,228739,9,0
228730,228730,228740,10,0
228730,228730,228740,10,0
228730,228730,228740,10,0
228730,228730,228739,9,0
228752,228752,228753,1,0
228752,228752,228754,2,0
228752,228752,228753,1,0
228752,228752,228754,2,0
228752,228752,228755,3,0
228752,228752,228756,4,0
228752,228752,228755,3,0
228752,228752,228755,3,0
228752,228752,228756,4,0
228752,228752,228755,3,0
228752,228752,228756,4,0
228752,228752,228756,4,0
228752,228752,228757,5,0
228752,228752,228757,5,0
228752,228752,228756,4,0
228752,228752,228757,5,0
228752,228752,228758,6,0
228752,228752,228757,5,0
228752,228752,228758,6,0
228752,228752,228758,6,0
228752,228752,228759,7,0
228752,228752,228760,8,0
228752,228752,228760,8,0
228752,228752,228760,8,0
228752,228752,228760,8,0
228752,228752,228761,9,0
228752,228752,228761,9,0
228752,228752,228762,10,0
228752,228752,228762,10,0
228752,228752,228762,10,0
228752,228752,228764,12,0
228776,228776,228777,1,0
228776,228776,228777,1,0
228776,228776,228778,2,0
228776,228776,228779,3,0
228776,228776,228779,3,0
228776,228776,228779,3,0
228776,228776,228780,4,0
228776,228776,228780,4,0
228776,228776,228780,4,0
228776,228776,228781,5,0
228776,228776,228781,5,0
228776,228776,228781,5,0
228776,228776,228781,5,0
228776,228776,228781,5,0
228776,228776,228782,6,0
228776,228776,228782,6,0
228776,228776,228781,5,0
228776,228776,228781,5,0
228776,228776,228781,5,0
228776,228776,228783,7,0
228776,228776,228783,7,0
228776,228776,228783,7,0
228776,228776,228783,7,0
228776,228776,228784,8,0
228776,228776,228785,9,0
228776,228776,228785,9,0
228776,228776,228786,10,0
228776,228776,228786,10,0
228776,228776,228786,10,0
228776,228776,228786,10,0
228776,228776,228786,10,0
228798,228798,228799,1,0
228798,228798,228799,1,0
228798,228798,228799,1,0
228798,228798,228801,3,0
228798,228798,228801,3,0
228798,228798,228801,3,0
228798,228798,228801,3,0
228798,228798,228801,3,0
228798,228798,228802,4,0
228798,228798,228802,4,0
228798,228798,228801,3,0
228798,228798,228801,3,0
228798,228798,228801,3,0
228798,228798,228801,3,0
228798,228798,228803,5,0
228798,228798,228802,4,0
228798,228798,228802,4,0
228798,228798,228803,5,0
228798,228798,228803,5,0
228798,228798,228805,7,0
228798,228798,228804,6,0
228798,228798,228804,6,0
228798,228798,228804,6,0
228798,228798,228805,7,0
228798,228798,228805,7,0
228798,228798,228805,7,0
228798,228798,228807,9,0
228798,228798,228807,9,0
228798,228798,228807,9,0
228798,228798,228808,10,0
228798,228798,228808,10,0
228819,228819,228820,1,0
228819,228819,228820,1,0
228819,228819,228820,1,0
228819,228819,228822,3,0
228819,228819,228822,3,0
228819,228819,228822,3,0
228819,228819,228822,3,0
228819,228819,228823,4,0
228819,228819,228823,4,0
228819,228819,228823,4,0
228819,228819,228823,4,0
228819,228819,228824,5,0
228819,228819,228824,5,0
228819,228819,228823,4,0
228819,228819,228823,4,0
228819,228819,228823,4,0
228819,228819,228823,4,0
228819,228819,228824,5,0
228819,228819,228824,5,0
228819,228819,228825,6,0
228819,228819,228826,7,0
228819,228819,228826,7,0
228819,228819,228826,7,0
228819,228819,228825,6,0
228819,228819,228825,6,0
228819,228819,228827,8,0
228819,228819,228826,7,0
228819,228819,228827,8,0
228819,228819,228827,8,0
228819,228819,228828,9,0
228819,228819,228828,9,0
228841,228841,228842,1,0
228841,228841,228842,1,0
228841,228841,228842,1,0
228841,228841,228843,2,0
228841,228841,228843,2,0
228841,228841,228844,3,0
228841,228841,228845,4,0
228841,228841,228844,3,0
228841,228841,228845,4,0
228841,228841,228845,4,0
228841,228841,228844,3,0
228841,228841,228845,4,0
228841,228841,228846,5,0
228841,228841,228845,4,0
228841,228841,228846,5,0
228841,228841,228846,5,0
228841,228841,228846,5,0
228841,228841,228846,5,0
228841,228841,228846,5,0
228841,228841,228847,6,0
228841,228841,228847,6,0
228841,228841,228847,6,0
228841,228841,228847,6,0
228841,228841,228848,7,0
228841,228841,228849,8,0
228841,228841,228848,7,0
228841,228841,228849,8,0
228841,228841,228850,9,0
228841,228841,228850,9,0
228841,228841,228851,10,0
228841,228841,228850,9,0
228863,228863,228865,2,0
228863,228863,228864,1,0
228863,228863,228864,1,0
228863,228863,228866,3,0
228863,228863,228866,3,0
228863,228863,228867,4,0
228863,228863,228867,4,0
228863,228863,228867,4,0
228863,228863,228866,3,0
228863,228863,228867,4,0
228863,228863,228867,4,0
228863,228863,228867,4,0
228863,228863,228867,4,0
228863,228863,228867,4,0
228863,228863,228867,4,0
228863,228863,228868,5,0
228863,228863,228868,5,0
228863,228863,228869,6,0
228863,228863,228869,6,0
228863,228863,228871,8,0
228863,228863,228872,9,0
228863,228863,228872,9,0
228863,228863,228873,10,0
228863,228863,228873,10,0
228863,228863,228873,10,0
228863,228863,228873,10,0
228863,228863,228873,10,0
228863,228863,228873,10,0
228863,228863,228874,11,0
228863,228863,228873,10,0
228863,228863,228873,10,0
228886,228886,228887,1,0
228886,228886,228887,1,0
228886,228886,228887,1,0
228886,228886,228889,3,0
228886,228886,228888,2,0
228886,228886,228888,2,0
228886,228886,228890,4,0
228886,228886,228889,3,0
228886,228886,228889,3,0
228886,228886,228889,3,0
228886,228886,228890,4,0
228886,228886,228890,4,0
228886,228886,228890,4,0
228886,228886,228890,4,0
228886,228886,228890,4,0
228886,228886,228891,5,0
228886,228886,228891,5,0
228886,228886,228892,6,0
228886,228886,228891,5,0
228886,228886,228892,6,0
228886,228886,228893,7,0
228886,228886,228893,7,0
228886,228886,228893,7,0
228886,228886,228894,8,0
228886,228886,228894,8,0
228886,228886,228896,10,0
228886,228886,228895,9,0
228886,228886,228896,10,0
228886,228886,228895,9,0
228886,228886,228897,11,0
228886,228886,228898,12,0
228911,228911,228912,1,0
228911,228911,228913,2,0
228911,228911,228913,2,0
228911,228911,228914,3,0
228911,228911,228915,4,0
228911,228911,228915,4,0
228911,228911,228915,4,0
228911,228911,228915,4,0
228911,228911,228915,4,0
228911,228911,228915,4,0
228911,228911,228915,4,0
228911,228911,228916,5,0
228911,228911,228916,5,0
228911,228911,228915,4,0
228911,228911,228916,5,0
228911,228911,228916,5,0
228911,228911,228917,6,0
228911,228911,228916,5,0
228911,228911,228917,6,0
228911,228911,228916,5,0
228911,228911,228918,7,0
228911,228911,228919,8,0
228911,228911,228919,8,0
228911,228911,228919,8,0
228911,228911,228920,9,0
228467,228468,228920,452,1
228911,228911,228921,10,0
228911,228911,228921,10,0
228911,228911,228921,10,0
228911,228911,228921,10,0
228911,228911,228922,11,0
228911,228911,228924,13,0
228938,228938,228940,2,0
228938,228938,228940,2,0
228938,228938,228940,2,0
228938,228938,228941,3,0
228938,228938,228942,4,0
228938,228938,228941,3,0
228938,228938,228942,4,0
228938,228938,228943,5,0
228938,228938,228942,4,0
228938,228938,228942,4,0
228938,228938,228943,5,0
228938,228938,228943,5,0
228938,228938,228943,5,0
228938,228938,228944,6,0
228938,228938,228943,5,0
228938,228938,228944,6,0
228938,228938,228944,6,0
228938,228938,228945,7,0
228938,228938,228945,7,0
228938,228938,228944,6,0
228938,228938,228945,7,0
228938,228938,228945,7,0
228938,228938,228945,7,0
228938,228938,228947,9,0
228938,228938,228947,9,0
228938,228938,228947,9,0
228938,228938,228948,10,0
228938,228938,228948,10,0
228938,228938,228948,10,0
228938,228938,228948,10,0
228938,228938,228948,10,0
228961,228961,228962,1,0
228961,228961,228962,1,0
228961,228961,228962,1,0
228961,228961,228964,3,0
228961,228961,228965,4,0
228961,228961,228964,3,0
228961,228961,228964,3,0
228961,228961,228964,3,0
228961,228961,228966,5,0
228961,228961,228965,4,0
228961,228961,228965,4,0
228961,228961,228965,4,0
228961,228961,228965,4,0
228961,228961,228966,5,0
228961,228961,228966,5,0
228961,228961,228967,6,0
228961,228961,228967,6,0
228961,228961,228967,6,0
228961,228961,228967,6,0
228961,228961,228965,4,0
228961,228961,228965,4,0
228961,228961,228966,5,0
228961,228961,228967,6,0
228961,228961,228968,7,0
228961,228961,228968,7,0
228961,228961,228967,6,0
228961,228961,228970,9,0
228961,228961,228969,8,0
228961,228961,228971,10,0
228961,228961,228971,10,0
228961,228961,228974,13,0
228988,228988,228989,1,0
228988,228988,228989,1,0
228988,228988,228989,1,0
228988,228988,228991,3,0
228988,228988,228990,2,0
228988,228988,228991,3,0
228988,228988,228991,3,0
228988,228988,228992,4,0
228988,228988,228991,3,0
228988,228988,228992,4,0
228988,228988,228993,5,0
228988,228988,228992,4,0
228988,228988,228992,4,0
228988,228988,228992,4,0
228988,228988,228992,4,0
228988,228988,228993,5,0
228988,228988,228993,5,0
228988,228988,228994,6,0
228988,228988,228993,5,0
228988,228988,228993,5,0
228988,228988,228993,5,0
228988,228988,228994,6,0
228988,228988,228995,7,0
228988,228988,228994,6,0
228988,228988,228995,7,0
228988,228988,228995,7,0
228988,228988,228996,8,0
228988,228988,228996,8,0
228988,228988,228997,9,0
228988,228988,228998,10,0
228988,228988,229001,13,0
229013,229013,229015,2,0
229013,229013,229014,1,0
229013,229013,229015,2,0
229013,229013,229016,3,0
229013,229013,229016,3,0
229013,229013,229016,3,0
229013,229013,229016,3,0
229013,229013,229017,4,0
229013,229013,229017,4,0
229013,229013,229017,4,0
229013,229013,229017,4,0
229013,229013,229017,4,0
229013,229013,229017,4,0
229013,229013,229018,5,0
229013,229013,229018,5,0
229013,229013,229018,5,0
229013,229013,229019,6,0
229013,229013,229018,5,0
229013,229013,229018,5,0
229013,229013,229019,6,0
229013,229013,229018,5,0
229013,229013,229019,6,0
229013,229013,229020,7,0
229013,229013,229021,8,0
229013,229013,229021,8,0
229013,229013,229021,8,0
229013,229013,229021,8,0
229013,229013,229022,9,0
229013,229013,229023,10,0
229013,229013,229022,9,0
229013,229013,229024,11,0
229036,229036,229038,2,0
229036,229036,229037,1,0
229036,229036,229037,1,0
229036,229036,229039,3,0
229036,229036,229038,2,0
229036,229036,229039,3,0
229036,229036,229040,4,0
229036,229036,229039,3,0
229036,229036,229040,4,0
229036,229036,229039,3,0
229036,229036,229041,5,0
229036,229036,229040,4,0
229036,229036,229040,4,0
229036,229036,229041,5,0
229036,229036,229041,5,0
229036,229036,229042,6,0
229036,229036,229042,6,0
229036,229036,229042,6,0
229036,229036,229042,6,0
229036,229036,229041,5,0
229036,229036,229041,5,0
229036,229036,229041,5,0
229036,229036,229043,7,0
229036,229036,229042,6,0
229036,229036,229044,8,0
229036,229036,229043,7,0
229036,229036,229044,8,0
229036,229036,229045,9,0
229036,229036,229046,10,0
229036,229036,229046,10,0
229036,229036,229045,9,0
229058,229058,229059,1,0
229058,229058,229059,1,0
229058,229058,229060,2,0
229058,229058,229062,4,0
229058,229058,229061,3,0
229058,229058,229062,4,0
229058,229058,229063,5,0
229058,229058,229063,5,0
229058,229058,229063,5,0
229058,229058,229063,5,0
229058,229058,229063,5,0
229058,229058,229063,5,0
229058,229058,229063,5,0
229058,229058,229063,5,0
229058,229058,229063,5,0
229058,229058,229063,5,0
229058,229058,229063,5,0
229058,229058,229063,5,0
229058,229058,229064,6,0
229058,229058,229064,6,0
229058,229058,229064,6,0
229058,229058,229064,6,0
229058,229058,229064,6,0
229058,229058,229065,7,0
229058,229058,229065,7,0
229058,229058,229065,7,0
229058,229058,229066,8,0
229058,229058,229066,8,0
229058,229058,229066,8,0
229058,229058,229068,10,0
229058,229058,229068,10,0
229080,229080,229082,2,0
229080,229080,229081,1,0
229080,229080,229081,1,0
229080,229080,229083,3,0
229080,229080,229083,3,0
229080,229080,229084,4,0
229080,229080,229083,3,0
229080,229080,229084,4,0
229080,229080,229083,3,0
229080,229080,229084,4,0
229080,229080,229084,4,0
229080,229080,229085,5,0
229080,229080,229084,4,0
229080,229080,229085,5,0
229080,229080,229085,5,0
229080,229080,229086,6,0
229080,229080,229086,6,0
229080,229080,229085,5,0
229080,229080,229085,5,0
229080,229080,229085,5,0
229080,229080,229085,5,0
229080,229080,229087,7,0
229080,229080,229087,7,0
229080,229080,229086,6,0
229080,229080,229088,8,0
229080,229080,229088,8,0
229080,229080,229087,7,0
229080,229080,229088,8,0
229080,229080,229088,8,0
229080,229080,229090,10,0
229080,229080,229090,10,0
229102,229102,229103,1,0
229102,229102,229103,1,0
229102,229102,229103,1,0
229102,229102,229105,3,0
229102,229102,229105,3,0
229102,229102,229105,3,0
229102,229102,229106,4,0
229102,229102,229106,4,0
229102,229102,229105,3,0
229102,229102,229106,4,0
229102,229102,229106,4,0
229102,229102,229106,4,0
229102,229102,229107,5,0
229102,229102,229106,4,0
229102,229102,229107,5,0
229102,229102,229106,4,0
229102,229102,229107,5,0
229102,229102,229106,4,0
229102,229102,229107,5,0
229102,229102,229108,6,0
229102,229102,229107,5,0
229102,229102,229107,5,0
229102,229102,229107,5,0
229102,229102,229107,5,0
229102,229102,229109,7,0
229102,229102,229109,7,0
229102,229102,229109,7,0
229102,229102,229109,7,0
229102,229102,229110,8,0
229102,229102,229112,10,0
229102,229102,229112,10,0
229123,229124,229125,1,1
229123,229124,229125,1,1
229123,229124,229125,1,1
229123,229124,229126,2,1
229123,229124,229127,3,1
229123,229124,229126,2,1
229123,229124,229126,2,1
229123,229124,229126,2,1
229123,229124,229127,3,1
229123,229124,229127,3,1
229123,229124,229127,3,1
229123,229124,229127,3,1
229123,229124,229128,4,1
229123,229124,229128,4,1
229123,229124,229128,4,1
229123,229124,229128,4,1
229123,229124,229129,5,1
229123,229124,229128,4,1
229123,229124,229128,4,1
229123,229124,229128,4,1
229123,229124,229128,4,1
229123,229124,229128,4,1
229123,229124,229128,4,1
229123,229124,229129,5,1
229123,229124,229130,6,1
229123,229124,229132,8,1
229123,229124,229132,8,1
229123,229124,229134,10,1
229123,229124,229134,10,1
229123,229124,229134,10,1
229123,229124,229134,10,1
229147,229147,229148,1,0
229147,229147,229148,1,0
229147,229147,229148,1,0
229147,229147,229149,2,0
229147,229147,229149,2,0
229147,229147,229150,3,0
229147,229147,229151,4,0
229147,229147,229150,3,0
229147,229147,229150,3,0
229147,229147,229150,3,0
229147,229147,229150,3,0
229147,229147,229151,4,0
229147,229147,229151,4,0
229147,229147,229152,5,0
229147,229147,229152,5,0
229147,229147,229151,4,0
229147,229147,229151,4,0
229147,229147,229151,4,0
229147,229147,229152,5,0
229147,229147,229152,5,0
229147,229147,229152,5,0
229147,229147,229152,5,0
229147,229147,229152,5,0
229147,229147,229153,6,0
229147,229147,229153,6,0
229147,229147,229155,8,0
229147,229147,229155,8,0
229147,229147,229155,8,0
229147,229147,229156,9,0
229147,229147,229156,9,0
229147,229147,229157,10,0
229169,229169,229170,1,0
229169,229169,229170,1,0
229169,229169,229171,2,0
229169,229169,229173,4,0
229169,229169,229173,4,0
229169,229169,229173,4,0
229169,229169,229173,4,0
229169,229169,229173,4,0
229169,229169,229172,3,0
229169,229169,229173,4,0
229169,229169,229173,4,0
229169,229169,229173,4,0
229169,229169,229174,5,0
229169,229169,229174,5,0
229169,229169,229174,5,0
229169,229169,229174,5,0
229169,229169,229174,5,0
229169,229169,229174,5,0
229169,229169,229175,6,0
229169,229169,229175,6,0
229169,229169,229174,5,0
229169,229169,229175,6,0
229169,229169,229175,6,0
229169,229169,229175,6,0
229169,229169,229176,7,0
229169,229169,229177,8,0
229169,229169,229177,8,0
229169,229169,229178,9,0
229169,229169,229177,8,0
229169,229169,229179,10,0
229169,229169,229179,10,0
229191,229192,229193,1,1
229191,229192,229193,1,1
229191,229192,229194,2,1
229191,229192,229194,2,1
229191,229192,229194,2,1
229191,229191,229194,3,0
229191,229192,229195,3,1
229191,229192,229195,3,1
229191,229192,229195,3,1
229191,229192,229195,3,1
229191,229192,229195,3,1
229191,229192,229195,3,1
229191,229192,229195,3,1
229191,229192,229196,4,1
229191,229192,229196,4,1
229191,229192,229196,4,1
229191,229192,229196,4,1
229191,229192,229196,4,1
229191,229192,229196,4,1
229191,229192,229196,4,1
229191,229192,229197,5,1
229191,229192,229197,5,1
229191,229192,229198,6,1
229191,229192,229198,6,1
229191,229192,229199,7,1
229191,229192,229199,7,1
229191,229192,229200,8,1
229191,229192,229200,8,1
229191,229192,229201,9,1
229191,229192,229202,10,1
229214,229214,229215,1,0
229214,229214,229215,1,0
229214,229214,229216,2,0
229214,229214,229216,2,0
229214,229214,229217,3,0
229214,229214,229218,4,0
229214,229214,229218,4,0
229214,229215,229219,4,1
229214,229215,229217,2,1
229214,229214,229219,5,0
229214,229214,229219,5,0
229214,229214,229219,5,0
229214,229215,229219,4,1
229214,229214,229219,5,0
229214,229214,229219,5,0
229214,229214,229220,6,0
229214,229214,229220,6,0
229214,229214,229220,6,0
229214,229215,229220,5,1
229214,229215,229220,5,1
229214,229214,229221,7,0
229214,229214,229221,7,0
229214,229214,229221,7,0
229214,229214,229221,7,0
229214,229214,229222,8,0
229214,229214,229222,8,0
229214,229215,229222,7,1
229214,229214,229222,8,0
229214,229214,229222,8,0
229214,229215,229224,9,1
229214,229214,229224,10,0
229237,229237,229239,2,0
229237,229237,229238,1,0
229237,229237,229238,1,0
229237,229237,229240,3,0
229237,229237,229240,3,0
229237,229237,229240,3,0
229237,229237,229240,3,0
229237,229237,229241,4,0
229237,229237,229241,4,0
229237,229237,229241,4,0
229237,229237,229241,4,0
229237,229237,229241,4,0
229237,229237,229241,4,0
229237,229237,229241,4,0
229237,229237,229241,4,0
229237,229237,229241,4,0
229237,229237,229242,5,0
229237,229237,229242,5,0
229237,229237,229242,5,0
229237,229237,229242,5,0
229237,229237,229242,5,0
229237,229237,229243,6,0
229237,229237,229243,6,0
229237,229237,229244,7,0
229237,229237,229244,7,0
229237,229237,229244,7,0
229237,229237,229244,7,0
229237,229237,229245,8,0
229237,229237,229245,8,0
229237,229237,229245,8,0
229237,229237,229247,10,0
229261,229261,229262,1,0
229261,229261,229262,1,0
229261,229261,229262,1,0
229261,229261,229263,2,0
229261,229261,229264,3,0
229261,229261,229264,3,0
229261,229261,229264,3,0
229261,229261,229265,4,0
229261,229261,229265,4,0
229261,229261,229264,3,0
229261,229261,229265,4,0
229261,229261,229264,3,0
229261,229261,229264,3,0
229261,229261,229265,4,0
229261,229261,229265,4,0
229261,229261,229265,4,0
229261,229261,229265,4,0
229261,229261,229265,4,0
229261,229261,229265,4,0
229261,229261,229267,6,0
229261,229261,229266,5,0
229261,229261,229266,5,0
229261,229261,229266,5,0
229261,229261,229267,6,0
229261,229261,229268,7,0
229261,229261,229267,6,0
229261,229261,229268,7,0
229261,229261,229268,7,0
229261,229261,229268,7,0
229261,229261,229268,7,0
229261,229261,229270,9,0
229283,229283,229284,1,0
229283,229283,229284,1,0
229283,229283,229284,1,0
229283,229283,229286,3,0
229283,229283,229286,3,0
229283,229283,229286,3,0
229283,229283,229286,3,0
229283,229283,229286,3,0
229283,229283,229287,4,0
229283,229283,229287,4,0
229283,229283,229286,3,0
229283,229283,229286,3,0
229283,229283,229287,4,0
229283,229283,229287,4,0
229283,229283,229287,4,0
229283,229283,229287,4,0
229283,229283,229287,4,0
229283,229283,229286,3,0
229283,229283,229288,5,0
229283,229283,229287,4,0
229283,229283,229287,4,0
229283,229283,229289,6,0
229283,229283,229288,5,0
229283,229283,229289,6,0
229283,229283,229289,6,0
229283,229283,229289,6,0
229283,229283,229289,6,0
229283,229283,229290,7,0
229283,229283,229290,7,0
229283,229283,229289,6,0
229283,229283,229291,8,0
229304,229304,229305,1,0
229304,229304,229305,1,0
229304,229304,229305,1,0
229304,229304,229307,3,0
229304,229304,229306,2,0
229304,229304,229306,2,0
229304,229304,229307,3,0
229304,229304,229308,4,0
229304,229304,229307,3,0
229304,229304,229308,4,0
229304,229304,229308,4,0
229304,229304,229308,4,0
229304,229304,229307,3,0
229304,229304,229307,3,0
229304,229304,229308,4,0
229304,229304,229309,5,0
229304,229304,229308,4,0
229304,229304,229310,6,0
229304,229304,229310,6,0
229304,229304,229309,5,0
229304,229304,229310,6,0
229304,229304,229310,6,0
229304,229304,229309,5,0
229304,229304,229310,6,0
229304,229304,229311,7,0
229304,229304,229310,6,0
229304,229304,229311,7,0
229304,229304,229311,7,0
229304,229304,229312,8,0
229304,229304,229312,8,0
229304,229304,229312,8,0
229325,229325,229326,1,0
229325,229325,229326,1,0
229325,229325,229326,1,0
229325,229325,229328,3,0
229325,229325,229328,3,0
229325,229325,229328,3,0
229325,229325,229328,3,0
229325,229325,229328,3,0
229325,229325,229329,4,0
229325,229325,229328,3,0
229325,229325,229328,3,0
229325,229325,229328,3,0
229325,229325,229328,3,0
229325,229325,229329,4,0
229325,229325,229328,3,0
229325,229325,229329,4,0
229325,229325,229329,4,0
229325,229325,229329,4,0
229325,229325,229330,5,0
229325,229325,229330,5,0
229325,229325,229331,6,0
229325,229325,229330,5,0
229325,229325,229330,5,0
229325,229325,229331,6,0
229325,229325,229330,5,0
229325,229325,229330,5,0
229325,229325,229331,6,0
229325,229325,229332,7,0
229325,229325,229332,7,0
229325,229325,229332,7,0
229325,229325,229332,7,0
229345,229345,229346,1,0
229345,229345,229346,1,0
229345,229345,229346,1,0
229345,229345,229347,2,0
229345,229345,229347,2,0
229345,229345,229347,2,0
229345,229345,229347,2,0
229345,229345,229347,2,0
229345,229345,229347,2,0
229345,229345,229348,3,0
229345,229345,229348,3,0
229345,229345,229348,3,0
229345,229345,229348,3,0
229345,229345,229348,3,0
229345,229345,229348,3,0
229345,229345,229350,5,0
229345,229345,229349,4,0
229345,229345,229350,5,0
229345,229345,229349,4,0
229345,229345,229349,4,0
229345,229345,229349,4,0
229345,229345,229349,4,0
229345,229345,229350,5,0
229345,229345,229350,5,0
229345,229345,229350,5,0
229345,229345,229350,5,0
229345,229345,229351,6,0
229345,229345,229351,6,0
229345,229345,229351,6,0
229345,229345,229354,9,0
229345,229345,229354,9,0
229366,229367,229368,1,1
229366,229367,229368,1,1
229366,229367,229368,1,1
229366,229367,229369,2,1
229366,229367,229369,2,1
229366,229367,229370,3,1
229366,229367,229370,3,1
229366,229367,229370,3,1
229366,229367,229371,4,1
229366,229367,229370,3,1
229366,229367,229370,3,1
229366,229367,229370,3,1
229366,229367,229370,3,1
229366,229367,229370,3,1
229366,229367,229370,3,1
229366,229367,229370,3,1
229366,229367,229371,4,1
229366,229367,229371,4,1
229366,229367,229371,4,1
229366,229367,229371,4,1
229366,229367,229371,4,1
229366,229367,229371,4,1
229366,229367,229371,4,1
229366,229367,229371,4,1
229366,229367,229371,4,1
229366,229367,229371,4,1
229366,229367,229372,5,1
229366,229367,229372,5,1
229366,229367,229372,5,1
229366,229367,229374,7,1
228928,228928,229375,447,0
229366,229367,229376,9,1
229388,229389,229390,1,1
229388,229389,229390,1,1
229388,229389,229390,1,1
229388,229389,229391,2,1
229388,229389,229391,2,1
229388,229389,229391,2,1
229388,229389,229391,2,1
229388,229389,229391,2,1
229388,229389,229391,2,1
229388,229389,229392,3,1
229388,229389,229392,3,1
229388,229389,229392,3,1
229388,229389,229392,3,1
229388,229389,229392,3,1
229388,229389,229393,4,1
229388,229389,229393,4,1
229388,229389,229393,4,1
229388,229389,229393,4,1
229388,229389,229393,4,1
229388,229389,229393,4,1
229388,229389,229394,5,1
229388,229389,229395,6,1
229388,229389,229394,5,1
229388,229389,229394,5,1
229388,229389,229394,5,1
229388,229389,229394,5,1
229388,229389,229394,5,1
229388,229389,229395,6,1
229388,229389,229394,5,1
229388,229389,229395,6,1
229388,229389,229397,8,1
229409,229409,229410,1,0
229409,229409,229410,1,0
229409,229409,229410,1,0
229409,229409,229411,2,0
229409,229409,229412,3,0
229409,229409,229412,3,0
229409,229409,229411,2,0
229409,229409,229412,3,0
229409,229409,229412,3,0
229409,229409,229412,3,0
229409,229409,229412,3,0
229409,229409,229412,3,0
229409,229409,229412,3,0
229409,229409,229412,3,0
229409,229409,229412,3,0
229409,229409,229412,3,0
229409,229409,229412,3,0
229409,229409,229413,4,0
229409,229409,229413,4,0
229409,229409,229413,4,0
229409,229409,229413,4,0
229409,229409,229413,4,0
229409,229409,229414,5,0
229409,229409,229414,5,0
229409,229409,229414,5,0
229409,229409,229414,5,0
229409,229409,229414,5,0
229409,229409,229414,5,0
229409,229409,229414,5,0
229409,229409,229415,6,0
229409,229409,229416,7,0
229428,229428,229429,1,0
229428,229428,229429,1,0
229428,229428,229429,1,0
229428,229428,229431,3,0
229428,229428,229431,3,0
229428,229428,229430,2,0
229428,229428,229431,3,0
229428,229428,229431,3,0
229428,229428,229431,3,0
229428,229428,229431,3,0
229428,229428,229431,3,0
229428,229428,229431,3,0
229428,229428,229431,3,0
229428,229428,229431,3,0
229428,229428,229432,4,0
229428,229428,229432,4,0
229428,229428,229432,4,0
229428,229428,229431,3,0
229428,229428,229432,4,0
229428,229428,229432,4,0
229428,229428,229432,4,0
229428,229428,229432,4,0
229428,229428,229432,4,0
229428,229428,229433,5,0
229428,229428,229432,4,0
229428,229428,229434,6,0
229428,229428,229433,5,0
229428,229428,229434,6,0
229428,229428,229434,6,0
229428,229428,229433,5,0
229428,229428,229434,6,0
229448,229448,229450,2,0
229448,229448,229450,2,0
229448,229448,229450,2,0
229448,229448,229451,3,0
229448,229448,229451,3,0
229448,229448,229451,3,0
229448,229448,229451,3,0
229448,229448,229451,3,0
229448,229448,229451,3,0
229448,229448,229451,3,0
229448,229448,229451,3,0
229448,229448,229451,3,0
229448,229448,229451,3,0
229448,229448,229452,4,0
229448,229448,229452,4,0
229448,229448,229452,4,0
229448,229448,229452,4,0
229448,229448,229452,4,0
229448,229448,229452,4,0
229448,229448,229451,3,0
229448,229448,229452,4,0
229448,229448,229453,5,0
229448,229448,229453,5,0
229448,229448,229452,4,0
229448,229448,229453,5,0
229448,229448,229453,5,0
229448,229448,229452,4,0
229448,229448,229453,5,0
229448,229448,229454,6,0
229448,229448,229454,6,0
229448,229448,229455,7,0
229467,229468,229469,1,1
229467,229468,229469,1,1
229467,229468,229469,1,1
229467,229468,229469,1,1
229467,229468,229470,2,1
229467,229468,229470,2,1
229467,229468,229470,2,1
229467,229468,229470,2,1
229467,229468,229470,2,1
229467,229468,229470,2,1
229467,229468,229470,2,1
229467,229468,229471,3,1
229467,229468,229470,2,1
229467,229468,229471,3,1
229467,229468,229472,4,1
229467,229468,229471,3,1
229467,229468,229471,3,1
229467,229468,229471,3,1
229467,229468,229471,3,1
229467,229468,229471,3,1
229467,229468,229471,3,1
229467,229468,229471,3,1
229467,229468,229472,4,1
229467,229468,229472,4,1
229467,229468,229472,4,1
229467,229468,229473,5,1
229467,229468,229472,4,1
229467,229468,229472,4,1
229467,229468,229472,4,1
229467,229468,229472,4,1
229467,229468,229473,5,1
229485,229486,229487,1,1
229485,229486,229487,1,1
229485,229486,229487,1,1
229485,229486,229487,1,1
229485,229486,229487,1,1
229485,229486,229488,2,1
229485,229486,229488,2,1
229485,229486,229488,2,1
229485,229486,229489,3,1
229485,229486,229488,2,1
229485,229486,229488,2,1
229485,229486,229489,3,1
229485,229486,229490,4,1
229485,229486,229489,3,1
229485,229486,229489,3,1
229485,229486,229489,3,1
229485,229486,229489,3,1
229485,229486,229490,4,1
229485,229486,229489,3,1
229485,229486,229489,3,1
229485,229486,229489,3,1
229485,229486,229490,4,1
229485,229486,229490,4,1
229485,229486,229490,4,1
229485,229486,229490,4,1
229485,229486,229490,4,1
229485,229486,229490,4,1
229485,229486,229490,4,1
229485,229486,229491,5,1
229485,229486,229492,6,1
229485,229486,229493,7,1
229505,229505,229506,1,0
229505,229505,229506,1,0
229505,229505,229506,1,0
229505,229505,229506,1,0
229505,229505,229507,2,0
229505,229505,229507,2,0
229505,229505,229507,2,0
229505,229505,229507,2,0
229505,229505,229508,3,0
229505,229505,229507,2,0
229505,229505,229509,4,0
229505,229505,229508,3,0
229505,229505,229508,3,0
229505,229505,229508,3,0
229505,229505,229508,3,0
229505,229505,229508,3,0
229505,229505,229508,3,0
229505,229505,229508,3,0
229505,229505,229508,3,0
229505,229505,229508,3,0
229505,229505,229508,3,0
229505,229505,229508,3,0
229505,229505,229509,4,0
229505,229505,229509,4,0
229505,229505,229509,4,0
229505,229505,229509,4,0
229505,229505,229509,4,0
229505,229505,229509,4,0
229505,229505,229510,5,0
229505,229505,229510,5,0
229505,229505,229510,5,0
229522,229522,229523,1,0
229522,229522,229524,2,0
229522,229522,229524,2,0
229522,229522,229524,2,0
229522,229523,229524,1,1
229522,229523,229525,2,1
229522,229522,229525,3,0
229522,229522,229525,3,0
229522,229522,229525,3,0
229522,229523,229525,2,1
229522,229523,229525,2,1
229522,229523,229525,2,1
229522,229522,229525,3,0
229522,229523,229525,2,1
229522,229522,229526,4,0
229522,229522,229526,4,0
229522,229522,229526,4,0
229522,229523,229526,3,1
229522,229522,229526,4,0
229522,229523,229525,2,1
229522,229523,229526,3,1
229522,229522,229526,4,0
229522,229522,229526,4,0
229522,229522,229527,5,0
229522,229522,229527,5,0
229522,229522,229528,6,0
229522,229522,229528,6,0
229522,229522,229530,8,0
229522,229522,229531,9,0
229522,229522,229531,9,0
229522,229523,229531,8,1
229544,229544,229545,1,0
229544,229544,229545,1,0
229544,229544,229545,1,0
229544,229544,229545,1,0
229544,229544,229546,2,0
229544,229544,229546,2,0
229544,229544,229546,2,0
229544,229544,229546,2,0
229544,229544,229546,2,0
229544,229544,229546,2,0
229544,229544,229547,3,0
229544,229544,229547,3,0
229544,229544,229546,2,0
229544,229544,229547,3,0
229544,229544,229547,3,0
229544,229544,229548,4,0
229544,229544,229547,3,0
229544,229544,229547,3,0
229544,229544,229548,4,0
229544,229544,229547,3,0
229544,229544,229547,3,0
229544,229544,229547,3,0
229544,229544,229547,3,0
229544,229544,229549,5,0
229544,229544,229548,4,0
229544,229544,229548,4,0
229544,229544,229549,5,0
229544,229544,229548,4,0
229544,229544,229550,6,0
229544,229544,229549,5,0
229544,229544,229552,8,0
229565,229565,229566,1,0
229565,229565,229566,1,0
229565,229565,229566,1,0
229565,229565,229567,2,0
229565,229565,229567,2,0
229565,229565,229567,2,0
229565,229565,229568,3,0
229565,229565,229567,2,0
229565,229565,229567,2,0
229565,229565,229568,3,0
229565,229565,229567,2,0
229565,229565,229568,3,0
229565,229565,229567,2,0
229565,229565,229567,2,0
229565,229565,229568,3,0
229565,229565,229568,3,0
229565,229565,229568,3,0
229565,229565,229569,4,0
229565,229565,229568,3,0
229565,229565,229568,3,0
229565,229565,229569,4,0
229565,229565,229568,3,0
229565,229565,229569,4,0
229565,229565,229569,4,0
229565,229565,229570,5,0
229565,229565,229570,5,0
229565,229565,229570,5,0
229565,229565,229569,4,0
229565,229565,229570,5,0
229565,229565,229571,6,0
229565,229565,229572,7,0
229583,229583,229584,1,0
229583,229583,229585,2,0
229583,229583,229585,2,0
229583,229584,229585,1,1
229583,229584,229585,1,1
229583,229584,229586,2,1
229583,229584,229586,2,1
229583,229584,229586,2,1
229583,229584,229586,2,1
229583,229584,229586,2,1
229583,229583,229586,3,0
229583,229584,229586,2,1
229583,229584,229586,2,1
229583,229584,229586,2,1
229583,229584,229586,2,1
229583,229584,229587,3,1
229583,229584,229587,3,1
229583,229584,229587,3,1
229583,229584,229587,3,1
229583,229584,229587,3,1
229583,229584,229587,3,1
229583,229584,229588,4,1
229583,229584,229588,4,1
229583,229583,229589,6,0
229583,229584,229589,5,1
229583,229584,229590,6,1
229583,229583,229590,7,0
229583,229583,229593,10,0
229583,229584,229605,21,1
229583,229584,229606,22,1
229583,229584,229606,22,1
229617,229617,229618,1,0
229617,229617,229618,1,0
229617,229617,229618,1,0
229617,229617,229619,2,0
229617,229617,229618,1,0
229617,229617,229618,1,0
229617,229617,229620,3,0
229617,229617,229619,2,0
229617,229617,229619,2,0
229617,229617,229620,3,0
229617,229617,229619,2,0
229617,229617,229620,3,0
229617,229617,229619,2,0
229617,229617,229620,3,0
229617,229617,229620,3,0
229617,229617,229621,4,0
229617,229617,229620,3,0
229617,229617,229620,3,0
229617,229617,229620,3,0
229617,229617,229620,3,0
229617,229617,229622,5,0
229617,229617,229622,5,0
229617,229617,229623,6,0
229617,229617,229622,5,0
229617,229617,229622,5,0
229617,229617,229622,5,0
229617,229617,229623,6,0
229617,229617,229625,8,0
229617,229617,229627,10,0
229617,229617,229629,12,0
229617,229617,229628,11,0
229641,229641,229642,1,0
229641,229641,229642,1,0
229641,229641,229642,1,0
229641,229641,229643,2,0
229641,229641,229643,2,0
229641,229641,229644,3,0
229641,229641,229644,3,0
229641,229641,229643,2,0
229641,229641,229643,2,0
229641,229641,229643,2,0
229641,229641,229643,2,0
229641,229641,229643,2,0
229641,229641,229644,3,0
229641,229641,229644,3,0
229641,229641,229644,3,0
229641,229641,229644,3,0
229641,229641,229644,3,0
229641,229641,229644,3,0
229641,229641,229644,3,0
229641,229641,229645,4,0
229641,229641,229646,5,0
229641,229641,229646,5,0
229641,229641,229646,5,0
229641,229641,229647,6,0
229641,229641,229647,6,0
229641,229641,229648,7,0
229641,229641,229649,8,0
229641,229641,229649,8,0
229641,229641,229650,9,0
229641,229641,229646,5,0
229641,229641,229651,10,0
229664,229664,229665,1,0
229664,229664,229665,1,0
229664,229664,229665,1,0
229664,229664,229666,2,0
229664,229664,229665,1,0
229664,229664,229666,2,0
229664,229664,229666,2,0
229664,229664,229667,3,0
229664,229664,229666,2,0
229664,229664,229666,2,0
229664,229664,229667,3,0
229664,229664,229668,4,0
229664,229664,229668,4,0
229664,229664,229667,3,0
229664,229664,229667,3,0
229664,229664,229667,3,0
229664,229664,229668,4,0
229664,229664,229669,5,0
229664,229664,229669,5,0
229664,229664,229668,4,0
229664,229664,229669,5,0
229664,229664,229668,4,0
229664,229664,229668,4,0
229664,229664,229668,4,0
229664,229664,229669,5,0
229664,229664,229669,5,0
229664,229664,229669,5,0
229664,229664,229669,5,0
229664,229664,229670,6,0
229664,229664,229672,8,0
229664,229664,229673,9,0
229687,229687,229688,1,0
229687,229687,229689,2,0
229687,229687,229688,1,0
229687,229687,229689,2,0
229687,229687,229688,1,0
229687,229687,229689,2,0
229687,229687,229690,3,0
229687,229687,229690,3,0
229687,229687,229689,2,0
229687,229687,229689,2,0
229687,229687,229690,3,0
229687,229687,229690,3,0
229687,229687,229690,3,0
229687,229687,229690,3,0
229687,229687,229689,2,0
229687,229687,229690,3,0
229687,229687,229691,4,0
229687,229687,229690,3,0
229687,229687,229691,4,0
229687,229687,229691,4,0
229687,229687,229691,4,0
229687,229687,229691,4,0
229687,229687,229691,4,0
229687,229687,229691,4,0
229687,229687,229691,4,0
229687,229687,229691,4,0
229687,229687,229693,6,0
229687,229687,229693,6,0
229687,229687,229694,7,0
229687,229687,229693,6,0
229687,229687,229694,7,0
229706,229706,229707,1,0
229706,229706,229707,1,0
229706,229706,229708,2,0
229706,229706,229708,2,0
229706,229706,229708,2,0
229706,229706,229708,2,0
229706,229706,229709,3,0
229706,229706,229709,3,0
229706,229706,229709,3,0
229706,229706,229709,3,0
229706,229706,229709,3,0
229706,229707,229709,2,1
229706,229706,229709,3,0
229706,229707,229709,2,1
229706,229706,229710,4,0
229706,229706,229710,4,0
229706,229706,229709,3,0
229706,229706,229710,4,0
229706,229706,229710,4,0
229706,229706,229710,4,0
229706,229707,229710,3,1
229706,229707,229710,3,1
229706,229706,229711,5,0
229706,229706,229711,5,0
229706,229706,229711,5,0
229706,229706,229711,5,0
229706,229707,229712,5,1
229706,229706,229713,7,0
229706,229706,229717,11,0
229706,229706,229717,11,0
229706,229706,229718,12,0
229730,229730,229731,1,0
229730,229730,229731,1,0
229730,229730,229731,1,0
229730,229730,229731,1,0
229730,229730,229732,2,0
229730,229730,229731,1,0
229730,229730,229731,1,0
229730,229730,229731,1,0
229730,229730,229732,2,0
229730,229730,229731,1,0
229730,229730,229732,2,0
229730,229730,229731,1,0
229730,229730,229732,2,0
229730,229730,229732,2,0
229730,229730,229732,2,0
229730,229730,229732,2,0
229730,229730,229733,3,0
229730,229730,229732,2,0
229730,229730,229732,2,0
229730,229730,229733,3,0
229730,229730,229732,2,0
229730,229730,229733,3,0
229730,229730,229733,3,0
229730,229730,229733,3,0
229730,229730,229735,5,0
229730,229730,229734,4,0
229730,229730,229735,5,0
229730,229730,229734,4,0
229730,229730,229740,10,0
229730,229730,229741,11,0
229730,229730,229742,12,0
229754,229754,229755,1,0
229754,229754,229755,1,0
229754,229754,229755,1,0
229754,229754,229756,2,0
229754,229754,229756,2,0
229754,229754,229756,2,0
229754,229754,229756,2,0
229754,229754,229756,2,0
229754,229754,229756,2,0
229754,229754,229755,1,0
229754,229754,229756,2,0
229754,229754,229756,2,0
229754,229754,229756,2,0
229754,229754,229757,3,0
229754,229754,229757,3,0
229754,229754,229757,3,0
229754,229754,229757,3,0
229754,229754,229757,3,0
229754,229754,229756,2,0
229754,229754,229757,3,0
229754,229754,229757,3,0
229754,229754,229758,4,0
229754,229754,229757,3,0
229754,229754,229758,4,0
229754,229754,229758,4,0
229754,229754,229759,5,0
229754,229754,229759,5,0
229754,229754,229759,5,0
229754,229754,229761,7,0
229754,229754,229761,7,0
229754,229754,229761,7,0
229773,229773,229774,1,0
229773,229773,229774,1,0
229773,229773,229774,1,0
229773,229773,229774,1,0
229773,229773,229775,2,0
229773,229773,229775,2,0
229773,229773,229774,1,0
229773,229773,229775,2,0
229773,229773,229776,3,0
229773,229773,229775,2,0
229773,229773,229776,3,0
229773,229773,229776,3,0
229773,229773,229776,3,0
229773,229773,229775,2,0
229773,229773,229775,2,0
229773,229773,229775,2,0
229773,229773,229776,3,0
229773,229773,229775,2,0
229773,229773,229776,3,0
229773,229773,229776,3,0
229773,229773,229776,3,0
229773,229773,229776,3,0
229773,229773,229776,3,0
229773,229773,229778,5,0
229773,229773,229777,4,0
229773,229773,229777,4,0
229773,229773,229778,5,0
229773,229773,229778,5,0
229773,229773,229779,6,0
229773,229773,229779,6,0
229773,229773,229779,6,0
229792,229792,229793,1,0
229792,229792,229793,1,0
229792,229792,229793,1,0
229792,229792,229793,1,0
229792,229792,229794,2,0
229792,229792,229793,1,0
229792,229792,229793,1,0
229792,229792,229793,1,0
229792,229792,229793,1,0
229792,229792,229793,1,0
229792,229792,229794,2,0
229792,229792,229794,2,0
229792,229792,229795,3,0
229792,229792,229795,3,0
229792,229792,229795,3,0
229792,229792,229796,4,0
229792,229792,229795,3,0
229792,229792,229795,3,0
229792,229792,229796,4,0
229792,229792,229796,4,0
229792,229792,229796,4,0
229792,229792,229796,4,0
229792,229792,229797,5,0
229792,229792,229797,5,0
229792,229792,229796,4,0
229792,229792,229796,4,0
229792,229792,229796,4,0
229792,229792,229797,5,0
229792,229792,229797,5,0
229792,229792,229797,5,0
229792,229792,229797,5,0
229809,229810,229811,1,1
229809,229810,229811,1,1
229809,229810,229811,1,1
229809,229810,229811,1,1
229809,229810,229811,1,1
229809,229810,229811,1,1
229809,229810,229811,1,1
229809,229810,229812,2,1
229809,229810,229812,2,1
229809,229810,229812,2,1
229809,229810,229812,2,1
229809,229810,229812,2,1
229809,229810,229812,2,1
229809,229810,229812,2,1
229809,229810,229812,2,1
229809,229810,229812,2,1
229809,229810,229812,2,1
229809,229810,229813,3,1
229809,229810,229813,3,1
229809,229810,229814,4,1
229809,229810,229813,3,1
229809,229810,229813,3,1
229809,229810,229813,3,1
229809,229810,229813,3,1
229809,229810,229814,4,1
229809,229810,229814,4,1
229809,229810,229814,4,1
229809,229810,229814,4,1
229809,229810,229818,8,1
229809,229810,229817,7,1
229809,229810,229817,7,1
229829,229829,229830,1,0
229829,229829,229830,1,0
229829,229829,229830,1,0
229829,229829,229830,1,0
229829,229829,229830,1,0
229829,229829,229831,2,0
229829,229829,229831,2,0
229829,229829,229830,1,0
229829,229829,229832,3,0
229829,229829,229832,3,0
229829,229829,229831,2,0
229829,229829,229831,2,0
229829,229829,229832,3,0
229829,229829,229831,2,0
229829,229829,229832,3,0
229829,229829,229831,2,0
229829,229829,229832,3,0
229829,229829,229833,4,0
229829,229829,229833,4,0
229829,229829,229833,4,0
229829,229829,229832,3,0
229829,229829,229833,4,0
229829,229829,229834,5,0
229829,229829,229834,5,0
229829,229829,229834,5,0
229829,229829,229833,4,0
229829,229829,229834,5,0
229829,229829,229833,4,0
229829,229829,229833,4,0
229829,229829,229834,5,0
229829,229829,229833,4,0
229382,229383,229836,453,1
229846,229846,229847,1,0
229846,229846,229848,2,0
229846,229846,229847,1,0
229846,229846,229848,2,0
229846,229846,229847,1,0
229846,229846,229847,1,0
229846,229846,229847,1,0
229846,229846,229847,1,0
229846,229846,229848,2,0
229846,229846,229849,3,0
229846,229846,229849,3,0
229846,229846,229849,3,0
229846,229846,229849,3,0
229846,229846,229849,3,0
229846,229846,229849,3,0
229846,229846,229849,3,0
229846,229846,229848,2,0
229846,229846,229850,4,0
229846,229846,229849,3,0
229846,229846,229850,4,0
229846,229846,229850,4,0
229846,229846,229850,4,0
229846,229846,229851,5,0
229846,229846,229851,5,0
229846,229846,229850,4,0
229846,229846,229850,4,0
229846,229846,229851,5,0
229846,229846,229851,5,0
229846,229846,229850,4,0
229846,229846,229849,3,0
229846,229846,229854,8,0
229865,229865,229866,1,0
229865,229865,229866,1,0
229865,229865,229866,1,0
229865,229865,229866,1,0
229865,229865,229866,1,0
229865,229865,229867,2,0
229865,229865,229867,2,0
229865,229865,229867,2,0
229865,229865,229867,2,0
229865,229865,229866,1,0
229865,229865,229868,3,0
229865,229865,229868,3,0
229865,229865,229868,3,0
229865,229865,229868,3,0
229865,229865,229868,3,0
229865,229865,229867,2,0
229865,229865,229867,2,0
229865,229865,229868,3,0
229865,229865,229867,2,0
229865,229865,229868,3,0
229865,229865,229867,2,0
229865,229865,229867,2,0
229865,229865,229867,2,0
229865,229865,229868,3,0
229865,229865,229868,3,0
229865,229865,229869,4,0
229865,229865,229869,4,0
229865,229865,229868,3,0
229865,229865,229869,4,0
229865,229865,229869,4,0
229865,229865,229871,6,0
229882,229882,229883,1,0
229882,229882,229883,1,0
229882,229882,229884,2,0
229882,229882,229883,1,0
229882,229882,229883,1,0
229882,229882,229884,2,0
229882,229882,229884,2,0
229882,229882,229884,2,0
229882,229882,229883,1,0
229882,229882,229884,2,0
229882,229882,229884,2,0
229882,229882,229884,2,0
229882,229882,229884,2,0
229882,229882,229884,2,0
229882,229882,229885,3,0
229882,229882,229885,3,0
229882,229882,229884,2,0
229882,229882,229885,3,0
229882,229882,229885,3,0
229882,229882,229886,4,0
229882,229882,229885,3,0
229882,229882,229886,4,0
229882,229882,229886,4,0
229882,229882,229887,5,0
229882,229882,229886,4,0
229882,229882,229886,4,0
229882,229882,229887,5,0
229882,229882,229887,5,0
229882,229882,229887,5,0
229882,229882,229887,5,0
229882,229882,229888,6,0
229900,229900,229901,1,0
229900,229900,229901,1,0
229900,229900,229901,1,0
229900,229900,229901,1,0
229900,229900,229902,2,0
229900,229900,229902,2,0
229900,229900,229902,2,0
229900,229900,229902,2,0
229900,229900,229902,2,0
229900,229900,229901,1,0
229900,229900,229902,2,0
229900,229900,229902,2,0
229900,229900,229903,3,0
229900,229900,229903,3,0
229900,229900,229903,3,0
229900,229900,229903,3,0
229900,229900,229903,3,0
229900,229900,229903,3,0
229900,229900,229902,2,0
229900,229900,229902,2,0
229900,229900,229902,2,0
229900,229900,229902,2,0
229900,229900,229902,2,0
229900,229900,229903,3,0
229900,229900,229903,3,0
229900,229900,229904,4,0
229900,229900,229905,5,0
229900,229900,229905,5,0
229900,229900,229905,5,0
229900,229900,229906,6,0
229900,229900,229906,6,0
229918,229918,229919,1,0
229918,229918,229919,1,0
229918,229918,229919,1,0
229918,229918,229920,2,0
229918,229918,229920,2,0
229918,229918,229920,2,0
229918,229918,229919,1,0
229918,229918,229920,2,0
229918,229918,229920,2,0
229918,229918,229920,2,0
229918,229918,229920,2,0
229918,229918,229920,2,0
229918,229918,229921,3,0
229918,229918,229921,3,0
229918,229918,229921,3,0
229918,229918,229921,3,0
229918,229918,229921,3,0
229918,229918,229921,3,0
229918,229918,229921,3,0
229918,229918,229921,3,0
229918,229918,229921,3,0
229918,229918,229921,3,0
229918,229918,229921,3,0
229918,229918,229921,3,0
229918,229918,229921,3,0
229918,229918,229921,3,0
229918,229918,229922,4,0
229918,229918,229922,4,0
229918,229918,229923,5,0
229918,229918,229923,5,0
229918,229918,229923,5,0
229935,229935,229936,1,0
229935,229935,229936,1,0
229935,229935,229936,1,0
229935,229935,229938,3,0
229935,229935,229938,3,0
229935,229935,229938,3,0
229935,229935,229937,2,0
229935,229935,229938,3,0
229935,229935,229938,3,0
229935,229935,229939,4,0
229935,229935,229939,4,0
229935,229935,229938,3,0
229935,229935,229939,4,0
229935,229935,229940,5,0
229935,229935,229940,5,0
229935,229935,229939,4,0
229935,229935,229939,4,0
229935,229935,229941,6,0
229935,229935,229941,6,0
229935,229935,229942,7,0
229935,229935,229943,8,0
229935,229935,229943,8,0
229935,229935,229943,8,0
229935,229935,229943,8,0
229935,229935,229943,8,0
229935,229935,229944,9,0
229935,229935,229943,8,0
229935,229935,229945,10,0
229935,229935,229945,10,0
229935,229935,229945,10,0
229935,229935,229945,10,0
229958,229958,229959,1,0
229958,229958,229960,2,0
229958,229958,229960,2,0
229958,229958,229959,1,0
229958,229958,229961,3,0
229958,229958,229960,2,0
229958,229958,229961,3,0
229958,229958,229961,3,0
229958,229958,229961,3,0
229958,229958,229961,3,0
229958,229958,229962,4,0
229958,229958,229961,3,0
229958,229958,229962,4,0
229958,229958,229963,5,0
229958,229958,229963,5,0
229958,229958,229962,4,0
229958,229958,229963,5,0
229958,229958,229964,6,0
229958,229958,229964,6,0
229958,229958,229965,7,0
229958,229958,229965,7,0
229958,229958,229966,8,0
229958,229958,229966,8,0
229958,229958,229966,8,0
229958,229958,229966,8,0
229958,229958,229967,9,0
229958,229958,229967,9,0
229958,229958,229967,9,0
229958,229958,229968,10,0
229958,229958,229968,10,0
229958,229958,229968,10,0
229981,229981,229982,1,0
229981,229981,229982,1,0
229981,229981,229982,1,0
229981,229981,229984,3,0
229981,229981,229984,3,0
229981,229981,229984,3,0
229981,229981,229983,2,0
229981,229981,229983,2,0
229981,229981,229984,3,0
229981,229981,229984,3,0
229981,229981,229984,3,0
229981,229981,229985,4,0
229981,229981,229984,3,0
229981,229981,229984,3,0
229981,229981,229985,4,0
229981,229981,229984,3,0
229981,229981,229985,4,0
229981,229981,229985,4,0
229981,229981,229986,5,0
229981,229981,229987,6,0
229981,229981,229989,8,0
229981,229981,229989,8,0
229981,229981,229989,8,0
229981,229981,229988,7,0
229981,229981,229988,7,0
229981,229981,229990,9,0
229981,229981,229989,8,0
229981,229981,229989,8,0
229981,229981,229990,9,0
229981,229981,229990,9,0
229981,229981,229990,9,0
230003,230003,230004,1,0
230003,230003,230004,1,0
230003,230003,230004,1,0
230003,230003,230005,2,0
230003,230003,230006,3,0
230003,230003,230006,3,0
230003,230003,230006,3,0
230003,230003,230006,3,0
230003,230003,230006,3,0
230003,230003,230006,3,0
230003,230003,230007,4,0
230003,230003,230007,4,0
230003,230003,230007,4,0
230003,230003,230008,5,0
230003,230003,230007,4,0
230003,230003,230008,5,0
230003,230003,230007,4,0
230003,230003,230008,5,0
230003,230003,230009,6,0
230003,230003,230010,7,0
230003,230003,230011,8,0
230003,230003,230011,8,0
230003,230003,230011,8,0
230003,230003,230011,8,0
230003,230003,230011,8,0
230003,230003,230011,8,0
230003,230003,230012,9,0
230003,230003,230013,10,0
230003,230003,230013,10,0
230003,230003,230013,10,0
230003,230003,230013,10,0
230024,230024,230025,1,0
230024,230024,230025,1,0
230024,230024,230026,2,0
230024,230024,230026,2,0
230024,230024,230026,2,0
230024,230024,230027,3,0
230024,230024,230027,3,0
230024,230024,230028,4,0
230024,230024,230027,3,0
230024,230024,230028,4,0
230024,230024,230027,3,0
230024,230024,230027,3,0
230024,230024,230028,4,0
230024,230024,230029,5,0
230024,230024,230029,5,0
230024,230024,230029,5,0
230024,230024,230030,6,0
230024,230024,230032,8,0
230024,230024,230032,8,0
230024,230024,230031,7,0
230024,230024,230031,7,0
230024,230024,230032,8,0
230024,230024,230032,8,0
230024,230024,230032,8,0
230024,230024,230033,9,0
230024,230024,230032,8,0
230024,230024,230032,8,0
230024,230024,230032,8,0
230024,230024,230033,9,0
230024,230024,230033,9,0
230024,230024,230034,10,0
230046,230046,230048,2,0
230046,230046,230048,2,0
230046,230046,230049,3,0
230046,230046,230048,2,0
230046,230046,230048,2,0
230046,230046,230048,2,0
230046,230046,230049,3,0
230046,230046,230049,3,0
230046,230046,230049,3,0
230046,230046,230050,4,0
230046,230046,230050,4,0
230046,230046,230050,4,0
230046,230046,230050,4,0
230046,230046,230050,4,0
230046,230046,230052,6,0
230046,230046,230052,6,0
230046,230046,230051,5,0
230046,230046,230051,5,0
230046,230046,230053,7,0
230046,230046,230052,6,0
230046,230046,230053,7,0
230046,230046,230053,7,0
230046,230046,230053,7,0
230046,230046,230054,8,0
230046,230046,230054,8,0
230046,230046,230054,8,0
230046,230046,230054,8,0
230046,230046,230055,9,0
230046,230046,230056,10,0
230046,230046,230056,10,0
230046,230046,230056,10,0
230069,230069,230070,1,0
230069,230069,230071,2,0
230069,230069,230071,2,0
230069,230069,230070,1,0
230069,230069,230071,2,0
230069,230069,230071,2,0
230069,230069,230072,3,0
230069,230069,230072,3,0
230069,230069,230072,3,0
230069,230069,230072,3,0
230069,230069,230074,5,0
230069,230069,230074,5,0
230069,230069,230073,4,0
230069,230069,230073,4,0
230069,230069,230075,6,0
230069,230069,230074,5,0
230069,230069,230074,5,0
230069,230069,230075,6,0
230069,230069,230075,6,0
230069,230069,230075,6,0
230069,230069,230075,6,0
230069,230069,230076,7,0
230069,230069,230076,7,0
230069,230069,230076,7,0
230069,230069,230077,8,0
230069,230069,230078,9,0
230069,230069,230077,8,0
230069,230069,230077,8,0
230069,230069,230077,8,0
230069,230069,230079,10,0
230069,230069,230078,9,0
230091,230091,230093,2,0
230091,230091,230093,2,0
230091,230091,230092,1,0
230091,230091,230094,3,0
230091,230091,230094,3,0
230091,230091,230094,3,0
230091,230091,230094,3,0
230091,230091,230095,4,0
230091,230091,230095,4,0
230091,230091,230095,4,0
230091,230091,230095,4,0
230091,230091,230095,4,0
230091,230091,230096,5,0
230091,230091,230096,5,0
230091,230091,230096,5,0
230091,230091,230096,5,0
230091,230091,230097,6,0
230091,230091,230096,5,0
230091,230091,230097,6,0
230091,230091,230098,7,0
230091,230091,230099,8,0
230091,230091,230099,8,0
230091,230091,230099,8,0
230091,230091,230099,8,0
230091,230091,230099,8,0
230091,230091,230099,8,0
230091,230091,230100,9,0
230091,230091,230100,9,0
230091,230091,230100,9,0
230091,230091,230101,10,0
230091,230091,230101,10,0
230114,230114,230115,1,0
230114,230114,230115,1,0
230114,230114,230115,1,0
230114,230114,230117,3,0
230114,230114,230116,2,0
230114,230114,230117,3,0
230114,230114,230117,3,0
230114,230114,230118,4,0
230114,230114,230117,3,0
230114,230114,230117,3,0
230114,230114,230117,3,0
230114,230114,230116,2,0
230114,230114,230118,4,0
230114,230114,230119,5,0
230114,230114,230118,4,0
230114,230114,230118,4,0
230114,230114,230119,5,0
230114,230114,230119,5,0
230114,230114,230119,5,0
230114,230114,230121,7,0
230114,230114,230120,6,0
230114,230114,230122,8,0
230114,230114,230121,7,0
230114,230114,230122,8,0
230114,230114,230122,8,0
230114,230114,230121,7,0
230114,230114,230121,7,0
230114,230114,230122,8,0
230114,230114,230121,7,0
230114,230114,230123,9,0
230114,230114,230123,9,0
230136,230136,230137,1,0
230136,230136,230138,2,0
230136,230136,230138,2,0
230136,230136,230139,3,0
230136,230136,230139,3,0
230136,230136,230139,3,0
230136,230136,230140,4,0
230136,230136,230139,3,0
230136,230136,230140,4,0
230136,230136,230140,4,0
230136,230136,230141,5,0
230136,230136,230141,5,0
230136,230136,230141,5,0
230136,230136,230141,5,0
230136,230136,230141,5,0
230136,230136,230142,6,0
230136,230136,230142,6,0
230136,230136,230143,7,0
230136,230136,230143,7,0
230136,230136,230143,7,0
230136,230136,230144,8,0
230136,230136,230144,8,0
230136,230136,230144,8,0
230136,230136,230144,8,0
230136,230136,230143,7,0
230136,230136,230144,8,0
230136,230136,230144,8,0
230136,230136,230145,9,0
230136,230136,230145,9,0
230136,230136,230145,9,0
230136,230136,230150,14,0
230164,230164,230165,1,0
230164,230164,230165,1,0
230164,230164,230166,2,0
230164,230164,230166,2,0
230164,230164,230166,2,0
230164,230164,230167,3,0
230164,230164,230166,2,0
230164,230164,230166,2,0
230164,230164,230167,3,0
230164,230164,230167,3,0
230164,230164,230168,4,0
230164,230164,230169,5,0
230164,230164,230168,4,0
230164,230164,230168,4,0
230164,230164,230168,4,0
230164,230164,230169,5,0
230164,230164,230169,5,0
230164,230164,230169,5,0
230164,230164,230169,5,0
230164,230164,230170,6,0
230164,230164,230170,6,0
230164,230164,230171,7,0
230164,230164,230170,6,0
230164,230164,230171,7,0
230164,230164,230172,8,0
230164,230164,230171,7,0
230164,230164,230171,7,0
230164,230164,230171,7,0
230164,230164,230172,8,0
230164,230164,230174,10,0
230164,230164,230174,10,0
230187,230187,230189,2,0
230187,230187,230189,2,0
230187,230187,230189,2,0
230187,230187,230190,3,0
230187,230187,230190,3,0
230187,230187,230190,3,0
230187,230187,230190,3,0
230187,230187,230190,3,0
230187,230187,230191,4,0
230187,230187,230191,4,0
230187,230187,230191,4,0
230187,230187,230192,5,0
230187,230187,230192,5,0
230187,230187,230192,5,0
230187,230187,230192,5,0
230187,230187,230192,5,0
230187,230188,230192,4,1
230187,230188,230192,4,1
230187,230187,230193,6,0
230187,230187,230193,6,0
230187,230188,230193,5,1
230187,230188,230193,5,1
230187,230187,230194,7,0
230187,230187,230194,7,0
230187,230187,230195,8,0
230187,230187,230195,8,0
230187,230187,230195,8,0
230187,230187,230195,8,0
230187,230188,230195,7,1
230187,230187,230195,8,0
230187,230187,230198,11,0
230211,230211,230213,2,0
230211,230211,230212,1,0
230211,230211,230212,1,0
230211,230211,230214,3,0
230211,230211,230215,4,0
230211,230211,230214,3,0
230211,230211,230216,5,0
230211,230211,230215,4,0
230211,230211,230215,4,0
230211,230211,230216,5,0
230211,230211,230216,5,0
230211,230211,230216,5,0
230211,230211,230216,5,0
230211,230211,230216,5,0
230211,230211,230216,5,0
230211,230211,230217,6,0
230211,230211,230217,6,0
230211,230211,230218,7,0
230211,230211,230217,6,0
230211,230211,230217,6,0
230211,230211,230218,7,0
230211,230211,230218,7,0
230211,230211,230218,7,0
230211,230211,230218,7,0
230211,230211,230218,7,0
230211,230211,230219,8,0
230211,230211,230218,7,0
230211,230211,230220,9,0
230211,230211,230220,9,0
230211,230211,230220,9,0
230211,230211,230222,11,0
230233,230233,230235,2,0
230233,230233,230235,2,0
230233,230233,230235,2,0
230233,230233,230236,3,0
230233,230233,230237,4,0
230233,230233,230237,4,0
230233,230233,230237,4,0
230233,230233,230238,5,0
230233,230233,230239,6,0
230233,230233,230239,6,0
230233,230233,230240,7,0
230233,230233,230240,7,0
230233,230233,230240,7,0
230233,230233,230240,7,0
230233,230233,230240,7,0
230233,230233,230240,7,0
230233,230233,230240,7,0
230233,230233,230240,7,0
230233,230233,230239,6,0
230233,230233,230239,6,0
230233,230233,230240,7,0
230233,230233,230240,7,0
230233,230233,230241,8,0
230233,230233,230241,8,0
230233,230233,230241,8,0
230233,230233,230241,8,0
230233,230233,230241,8,0
230233,230233,230242,9,0
230233,230233,230242,9,0
230233,230233,230242,9,0
230233,230233,230243,10,0
230256,230256,230257,1,0
230256,230256,230257,1,0
230256,230256,230257,1,0
230256,230256,230258,2,0
230256,230256,230259,3,0
230256,230256,230259,3,0
230256,230256,230259,3,0
230256,230256,230260,4,0
230256,230256,230259,3,0
230256,230256,230260,4,0
230256,230256,230259,3,0
230256,230256,230260,4,0
230256,230256,230259,3,0
230256,230256,230260,4,0
230256,230256,230260,4,0
230256,230256,230260,4,0
230256,230256,230261,5,0
230256,230256,230261,5,0
230256,230256,230261,5,0
230256,230256,230262,6,0
230256,230256,230262,6,0
230256,230256,230263,7,0
230256,230256,230262,6,0
230256,230256,230263,7,0
230256,230256,230263,7,0
230256,230256,230263,7,0
230256,230256,230263,7,0
230256,230256,230263,7,0
230256,230256,230263,7,0
230256,230256,230265,9,0
230256,230256,230265,9,0
230277,230277,230279,2,0
230277,230277,230279,2,0
230277,230277,230279,2,0
230277,230277,230280,3,0
230277,230277,230281,4,0
230277,230277,230281,4,0
230277,230277,230281,4,0
230277,230278,230281,3,1
230277,230277,230282,5,0
230277,230278,230282,4,1
230277,230277,230282,5,0
230277,230277,230282,5,0
230277,230278,230282,4,1
230277,230278,230282,4,1
230277,230277,230282,5,0
230277,230277,230283,6,0
230277,230277,230283,6,0
230277,230277,230283,6,0
230277,230277,230283,6,0
230277,230278,230283,5,1
230277,230278,230283,5,1
230277,230278,230283,5,1
230277,230277,230284,7,0
230277,230277,230284,7,0
230277,230278,230284,6,1
230277,230277,230285,8,0
230277,230277,230285,8,0
230277,230277,230286,9,0
230277,230277,230286,9,0
230277,230277,230287,10,0
230277,230277,230287,10,0
230301,230301,230302,1,0
230301,230301,230302,1,0
230301,230301,230302,1,0
230301,230301,230304,3,0
230301,230301,230304,3,0
230301,230301,230304,3,0
230301,230301,230305,4,0
230301,230301,230305,4,0
230301,230301,230305,4,0
230301,230301,230305,4,0
230301,230301,230305,4,0
230301,230301,230305,4,0
230301,230301,230306,5,0
230301,230301,230305,4,0
230301,230301,230305,4,0
230301,230301,230305,4,0
230301,230301,230306,5,0
230301,230301,230306,5,0
230301,230301,230306,5,0
230301,230301,230306,5,0
230301,230301,230307,6,0
230301,230301,230308,7,0
230301,230301,230308,7,0
230301,230301,230308,7,0
230301,230301,230308,7,0
230301,230301,230308,7,0
230301,230301,230309,8,0
230301,230301,230310,9,0
230301,230301,230310,9,0
230301,230301,230310,9,0
230301,230301,230312,11,0
229843,229844,230319,475,1
230324,230324,230325,1,0
230324,230324,230325,1,0
230324,230324,230325,1,0
230324,230324,230327,3,0
230324,230324,230326,2,0
230324,230324,230327,3,0
230324,230324,230328,4,0
230324,230324,230327,3,0
230324,230324,230327,3,0
230324,230324,230327,3,0
230324,230324,230327,3,0
230324,230324,230328,4,0
230324,230324,230328,4,0
230324,230324,230328,4,0
230324,230324,230328,4,0
230324,230324,230329,5,0
230324,230324,230329,5,0
230324,230324,230329,5,0
230324,230324,230329,5,0
230324,230324,230329,5,0
230324,230324,230329,5,0
230324,230324,230330,6,0
230324,230324,230330,6,0
230324,230324,230330,6,0
230324,230324,230331,7,0
230324,230324,230331,7,0
230324,230324,230333,9,0
230324,230324,230334,10,0
230324,230324,230334,10,0
230324,230324,230333,9,0
230324,230324,230334,10,0
230347,230347,230348,1,0
230347,230347,230348,1,0
230347,230347,230348,1,0
230347,230347,230349,2,0
230347,230347,230350,3,0
230347,230347,230350,3,0
230347,230347,230350,3,0
230347,230347,230351,4,0
230347,230347,230351,4,0
230347,230347,230351,4,0
230347,230347,230352,5,0
230347,230347,230352,5,0
230347,230347,230352,5,0
230347,230347,230352,5,0
230347,230347,230352,5,0
230347,230347,230352,5,0
230347,230347,230352,5,0
230347,230347,230353,6,0
230347,230347,230353,6,0
230347,230347,230353,6,0
230347,230347,230353,6,0
230347,230347,230354,7,0
230347,230347,230354,7,0
230347,230347,230355,8,0
230347,230347,230357,10,0
230347,230347,230356,9,0
230347,230347,230356,9,0
230347,230347,230357,10,0
230347,230347,230356,9,0
230347,230347,230357,10,0
230347,230347,230359,12,0
230372,230372,230373,1,0
230372,230372,230373,1,0
230372,230372,230373,1,0
230372,230372,230374,2,0
230372,230372,230375,3,0
230372,230372,230375,3,0
230372,230372,230376,4,0
230372,230372,230375,3,0
230372,230372,230377,5,0
230372,230372,230376,4,0
230372,230372,230376,4,0
230372,230372,230377,5,0
230372,230372,230377,5,0
230372,230372,230376,4,0
230372,230372,230376,4,0
230372,230372,230377,5,0
230372,230372,230376,4,0
230372,230372,230377,5,0
230372,230372,230377,5,0
230372,230372,230379,7,0
230372,230372,230378,6,0
230372,230372,230379,7,0
230372,230372,230379,7,0
230372,230372,230379,7,0
230372,230372,230378,6,0
230372,230372,230380,8,0
230372,230372,230380,8,0
230372,230372,230381,9,0
230372,230372,230382,10,0
230372,230372,230381,9,0
230372,230372,230382,10,0
230395,230395,230397,2,0
230395,230395,230396,1,0
230395,230395,230397,2,0
230395,230395,230398,3,0
230395,230395,230399,4,0
230395,230395,230399,4,0
230395,230395,230399,4,0
230395,230395,230399,4,0
230395,230395,230400,5,0
230395,230395,230399,4,0
230395,230395,230400,5,0
230395,230395,230401,6,0
230395,230395,230400,5,0
230395,230395,230401,6,0
230395,230395,230401,6,0
230395,230395,230401,6,0
230395,230395,230401,6,0
230395,230395,230401,6,0
230395,230395,230401,6,0
230395,230395,230402,7,0
230395,230395,230402,7,0
230395,230395,230403,8,0
230395,230395,230403,8,0
230395,230395,230404,9,0
230395,230395,230405,10,0
230395,230395,230405,10,0
230395,230395,230405,10,0
230395,230395,230405,10,0
230395,230395,230405,10,0
230395,230395,230405,10,0
230395,230395,230405,10,0
230419,230419,230420,1,0
230419,230419,230420,1,0
230419,230419,230420,1,0
230419,230419,230421,2,0
230419,230419,230422,3,0
230419,230419,230422,3,0
230419,230419,230422,3,0
230419,230419,230422,3,0
230419,230419,230422,3,0
230419,230419,230422,3,0
230419,230419,230422,3,0
230419,230419,230423,4,0
230419,230419,230424,5,0
230419,230419,230424,5,0
230419,230419,230424,5,0
230419,230419,230424,5,0
230419,230419,230424,5,0
230419,230419,230424,5,0
230419,230419,230425,6,0
230419,230419,230425,6,0
230419,230419,230426,7,0
230419,230419,230426,7,0
230419,230419,230426,7,0
230419,230419,230426,7,0
230419,230419,230428,9,0
230419,230419,230429,10,0
230419,230419,230428,9,0
230419,230419,230428,9,0
230419,230419,230428,9,0
230419,230419,230429,10,0
230419,230419,230428,9,0
230441,230441,230443,2,0
230441,230441,230443,2,0
230441,230441,230443,2,0
230441,230441,230444,3,0
230441,230441,230444,3,0
230441,230441,230445,4,0
230441,230441,230446,5,0
230441,230441,230445,4,0
230441,230441,230446,5,0
230441,230441,230446,5,0
230441,230441,230446,5,0
230441,230441,230447,6,0
230441,230441,230447,6,0
230441,230441,230447,6,0
230441,230441,230447,6,0
230441,230441,230447,6,0
230441,230441,230447,6,0
230441,230441,230448,7,0
230441,230441,230448,7,0
230441,230441,230448,7,0
230441,230441,230448,7,0
230441,230441,230448,7,0
230441,230441,230449,8,0
230441,230441,230449,8,0
230441,230441,230449,8,0
230441,230441,230449,8,0
230441,230441,230450,9,0
230441,230441,230451,10,0
230441,230441,230451,10,0
230441,230441,230451,10,0
230441,230441,230451,10,0
230464,230464,230466,2,0
230464,230464,230466,2,0
230464,230464,230466,2,0
230464,230464,230467,3,0
230464,230464,230468,4,0
230464,230464,230468,4,0
230464,230464,230468,4,0
230464,230464,230468,4,0
230464,230464,230468,4,0
230464,230464,230469,5,0
230464,230464,230468,4,0
230464,230464,230468,4,0
230464,230464,230469,5,0
230464,230464,230470,6,0
230464,230464,230470,6,0
230464,230464,230470,6,0
230464,230464,230470,6,0
230464,230464,230470,6,0
230464,230464,230471,7,0
230464,230464,230470,6,0
230464,230464,230471,7,0
230464,230464,230472,8,0
230464,230464,230472,8,0
230464,230464,230472,8,0
230464,230464,230473,9,0
230464,230464,230473,9,0
230464,230464,230474,10,0
230464,230464,230474,10,0
230464,230464,230474,10,0
230464,230464,230474,10,0
230464,230464,230475,11,0
230488,230488,230489,1,0
230488,230488,230489,1,0
230488,230488,230489,1,0
230488,230488,230490,2,0
230488,230488,230491,3,0
230488,230488,230492,4,0
230488,230488,230491,3,0
230488,230488,230492,4,0
230488,230488,230492,4,0
230488,230488,230493,5,0
230488,230488,230493,5,0
230488,230488,230493,5,0
230488,230488,230493,5,0
230488,230488,230493,5,0
230488,230488,230494,6,0
230488,230488,230495,7,0
230488,230488,230494,6,0
230488,230488,230494,6,0
230488,230488,230495,7,0
230488,230488,230494,6,0
230488,230488,230495,7,0
230488,230488,230495,7,0
230488,230488,230496,8,0
230488,230488,230495,7,0
230488,230488,230495,7,0
230488,230488,230496,8,0
230488,230488,230497,9,0
230488,230488,230497,9,0
230488,230488,230498,10,0
230488,230488,230498,10,0
230488,230488,230497,9,0
230510,230510,230511,1,0
230510,230510,230512,2,0
230510,230510,230511,1,0
230510,230510,230513,3,0
230510,230510,230514,4,0
230510,230510,230513,3,0
230510,230510,230513,3,0
230510,230510,230514,4,0
230510,230510,230513,3,0
230510,230510,230515,5,0
230510,230510,230515,5,0
230510,230510,230516,6,0
230510,230510,230515,5,0
230510,230510,230516,6,0
230510,230510,230516,6,0
230510,230510,230515,5,0
230510,230510,230517,7,0
230510,230510,230517,7,0
230510,230510,230517,7,0
230510,230510,230518,8,0
230510,230510,230517,7,0
230510,230510,230518,8,0
230510,230510,230518,8,0
230510,230510,230518,8,0
230510,230510,230520,10,0
230510,230510,230520,10,0
230510,230510,230520,10,0
230510,230510,230520,10,0
230510,230510,230518,8,0
230510,230510,230519,9,0
230510,230510,230521,11,0
230533,230533,230534,1,0
230533,230533,230534,1,0
230533,230533,230535,2,0
230533,230533,230536,3,0
230533,230533,230536,3,0
230533,230533,230537,4,0
230533,230533,230536,3,0
230533,230533,230537,4,0
230533,230533,230537,4,0
230533,230533,230538,5,0
230533,230533,230538,5,0
230533,230533,230538,5,0
230533,230533,230538,5,0
230533,230533,230538,5,0
230533,230533,230539,6,0
230533,230533,230539,6,0
230533,230533,230538,5,0
230533,230533,230539,6,0
230533,230533,230539,6,0
230533,230533,230539,6,0
230533,230533,230539,6,0
230533,230533,230539,6,0
230533,230533,230540,7,0
230533,230533,230540,7,0
230533,230533,230540,7,0
230533,230533,230541,8,0
230533,230533,230542,9,0
230533,230533,230543,10,0
230533,230533,230544,11,0
230533,230533,230546,13,0
230533,230533,230546,13,0
230558,230558,230560,2,0
230558,230558,230560,2,0
230558,230558,230560,2,0
230558,230559,230561,2,1
230558,230559,230562,3,1
230558,230558,230562,4,0
230558,230559,230562,3,1
230558,230559,230562,3,1
230558,230559,230563,4,1
230558,230559,230563,4,1
230558,230559,230563,4,1
230558,230559,230563,4,1
230558,230559,230563,4,1
230558,230558,230564,6,0
230558,230558,230564,6,0
230558,230559,230564,5,1
230558,230558,230564,6,0
230558,230559,230564,5,1
230558,230558,230565,7,0
230558,230558,230565,7,0
230558,230559,230561,2,1
230558,230558,230566,8,0
230558,230559,230566,7,1
230558,230558,230566,8,0
230558,230558,230566,8,0
230558,230558,230567,9,0
230558,230558,230568,10,0
230558,230558,230568,10,0
230558,230558,230568,10,0
230558,230558,230571,13,0
230558,230559,230571,12,1
230584,230584,230585,1,0
230584,230584,230585,1,0
230584,230584,230585,1,0
230584,230584,230587,3,0
230584,230584,230587,3,0
230584,230584,230587,3,0
230584,230584,230586,2,0
230584,230584,230586,2,0
230584,230584,230587,3,0
230584,230584,230588,4,0
230584,230584,230587,3,0
230584,230584,230588,4,0
230584,230584,230588,4,0
230584,230584,230588,4,0
230584,230584,230588,4,0
230584,230584,230588,4,0
230584,230584,230588,4,0
230584,230584,230589,5,0
230584,230584,230589,5,0
230584,230584,230590,6,0
230584,230584,230589,5,0
230584,230584,230589,5,0
230584,230584,230589,5,0
230584,230584,230591,7,0
230584,230584,230591,7,0
230584,230584,230590,6,0
230584,230584,230591,7,0
230584,230584,230591,7,0
230584,230584,230592,8,0
230584,230584,230593,9,0
230584,230584,230594,10,0
230605,230605,230606,1,0
230605,230605,230606,1,0
230605,230605,230607,2,0
230605,230605,230608,3,0
230605,230605,230609,4,0
230605,230605,230608,3,0
230605,230605,230609,4,0
230605,230605,230609,4,0
230605,230605,230609,4,0
230605,230605,230609,4,0
230605,230605,230610,5,0
230605,230605,230610,5,0
230605,230605,230610,5,0
230605,230605,230610,5,0
230605,230605,230610,5,0
230605,230605,230611,6,0
230605,230605,230610,5,0
230605,230605,230611,6,0
230605,230605,230611,6,0
230605,230605,230610,5,0
230605,230605,230612,7,0
230605,230605,230611,6,0
230605,230605,230613,8,0
230605,230605,230613,8,0
230605,230605,230613,8,0
230605,230605,230613,8,0
230605,230605,230615,10,0
230605,230605,230615,10,0
230605,230605,230617,12,0
230605,230605,230624,19,0
230605,230605,230626,21,0
230638,230638,230640,2,0
230638,230638,230639,1,0
230638,230638,230639,1,0
230638,230638,230641,3,0
230638,230638,230641,3,0
230638,230638,230641,3,0
230638,230638,230642,4,0
230638,230638,230642,4,0
230638,230638,230642,4,0
230638,230638,230643,5,0
230638,230638,230643,5,0
230638,230638,230643,5,0
230638,230638,230643,5,0
230638,230638,230643,5,0
230638,230638,230643,5,0
230638,230638,230643,5,0
230638,230638,230643,5,0
230638,230638,230643,5,0
230638,230638,230644,6,0
230638,230638,230644,6,0
230638,230638,230644,6,0
230638,230638,230643,5,0
230638,230638,230644,6,0
230638,230638,230645,7,0
230638,230638,230645,7,0
230638,230638,230645,7,0
230638,230638,230646,8,0
230638,230638,230647,9,0
230638,230638,230648,10,0
230638,230638,230648,10,0
230638,230638,230648,10,0
230660,230660,230662,2,0
230660,230660,230661,1,0
230660,230660,230661,1,0
230660,230660,230663,3,0
230660,230660,230663,3,0
230660,230660,230663,3,0
230660,230660,230663,3,0
230660,230660,230663,3,0
230660,230660,230664,4,0
230660,230660,230664,4,0
230660,230660,230664,4,0
230660,230660,230664,4,0
230660,230660,230664,4,0
230660,230660,230664,4,0
230660,230660,230665,5,0
230660,230660,230665,5,0
230660,230660,230665,5,0
230660,230660,230665,5,0
230660,230660,230665,5,0
230660,230660,230665,5,0
230660,230660,230665,5,0
230660,230660,230665,5,0
230660,230660,230665,5,0
230660,230660,230668,8,0
230660,230660,230667,7,0
230660,230660,230669,9,0
230660,230660,230669,9,0
230660,230660,230669,9,0
230660,230660,230670,10,0
230660,230660,230669,9,0
230660,230660,230670,10,0
230683,230683,230684,1,0
230683,230683,230684,1,0
230683,230683,230685,2,0
230683,230683,230686,3,0
230683,230683,230686,3,0
230683,230683,230686,3,0
230683,230683,230686,3,0
230683,230683,230687,4,0
230683,230683,230686,3,0
230683,230683,230687,4,0
230683,230683,230686,3,0
230683,230683,230687,4,0
230683,230683,230688,5,0
230683,230683,230688,5,0
230683,230683,230688,5,0
230683,230683,230688,5,0
230683,230683,230687,4,0
230683,230683,230688,5,0
230683,230683,230688,5,0
230683,230683,230689,6,0
230683,230683,230689,6,0
230683,230683,230689,6,0
230683,230683,230689,6,0
230683,230683,230690,7,0
230683,230683,230691,8,0
230683,230683,230692,9,0
230683,230683,230692,9,0
230683,230683,230693,10,0
230683,230683,230693,10,0
230683,230683,230693,10,0
230683,230683,230693,10,0
230705,230705,230706,1,0
230705,230705,230706,1,0
230705,230705,230706,1,0
230705,230705,230708,3,0
230705,230705,230708,3,0
230705,230705,230709,4,0
230705,230705,230709,4,0
230705,230705,230709,4,0
230705,230705,230709,4,0
230705,230705,230709,4,0
230705,230705,230709,4,0
230705,230705,230710,5,0
230705,230705,230709,4,0
230705,230705,230709,4,0
230705,230705,230710,5,0
230705,230705,230710,5,0
230705,230705,230709,4,0
230705,230705,230709,4,0
230705,230705,230710,5,0
230705,230705,230710,5,0
230705,230705,230710,5,0
230705,230705,230710,5,0
230705,230705,230712,7,0
230705,230705,230713,8,0
230705,230705,230713,8,0
230705,230705,230713,8,0
230705,230705,230713,8,0
230705,230705,230714,9,0
230705,230705,230715,10,0
230705,230705,230715,10,0
230705,230705,230715,10,0
230727,230727,230728,1,0
230727,230727,230728,1,0
230727,230727,230728,1,0
230727,230727,230730,3,0
230727,230727,230729,2,0
230727,230727,230730,3,0
230727,230727,230730,3,0
230727,230727,230730,3,0
230727,230727,230730,3,0
230727,230727,230730,3,0
230727,230727,230731,4,0
230727,230727,230731,4,0
230727,230727,230731,4,0
230727,230727,230731,4,0
230727,230727,230731,4,0
230727,230727,230732,5,0
230727,230727,230732,5,0
230727,230727,230732,5,0
230727,230727,230733,6,0
230727,230727,230732,5,0
230727,230727,230733,6,0
230727,230727,230733,6,0
230727,230727,230733,6,0
230727,230727,230734,7,0
230727,230727,230734,7,0
230727,230727,230735,8,0
230727,230727,230736,9,0
230727,230727,230735,8,0
230727,230727,230737,10,0
230727,230727,230736,9,0
230727,230727,230737,10,0
230750,230750,230751,1,0
230750,230750,230751,1,0
230750,230750,230752,2,0
230750,230750,230753,3,0
230750,230750,230753,3,0
230750,230750,230753,3,0
230750,230750,230753,3,0
230750,230750,230753,3,0
230750,230750,230753,3,0
230750,230750,230753,3,0
230750,230750,230753,3,0
230750,230750,230754,4,0
230750,230750,230753,3,0
230750,230750,230754,4,0
230750,230750,230753,3,0
230750,230750,230753,3,0
230750,230750,230753,3,0
230750,230750,230754,4,0
230750,230750,230754,4,0
230750,230750,230755,5,0
230750,230750,230754,4,0
230750,230750,230756,6,0
230750,230750,230757,7,0
230750,230750,230757,7,0
230750,230750,230757,7,0
230750,230750,230757,7,0
230750,230750,230757,7,0
230750,230750,230758,8,0
230750,230750,230759,9,0
230750,230750,230760,10,0
230750,230750,230760,10,0
230771,230771,230773,2,0
230771,230771,230773,2,0
230771,230771,230773,2,0
230771,230771,230774,3,0
230771,230771,230774,3,0
230771,230771,230775,4,0
230771,230771,230775,4,0
230771,230771,230775,4,0
230771,230771,230775,4,0
230771,230771,230775,4,0
230771,230771,230776,5,0
230771,230771,230776,5,0
230771,230771,230776,5,0
230771,230771,230776,5,0
230771,230771,230775,4,0
230771,230771,230776,5,0
230771,230771,230776,5,0
230771,230771,230777,6,0
230771,230771,230777,6,0
230771,230771,230777,6,0
230771,230771,230777,6,0
230771,230771,230777,6,0
230771,230771,230778,7,0
230771,230771,230778,7,0
230771,230771,230778,7,0
230771,230771,230778,7,0
230771,230771,230779,8,0
230771,230771,230779,8,0
230771,230771,230779,8,0
230771,230771,230779,8,0
230771,230771,230781,10,0
230327,230327,230783,456,0
230794,230794,230795,1,0
230794,230794,230795,1,0
230794,230794,230795,1,0
230794,230794,230797,3,0
230794,230794,230797,3,0
230794,230794,230796,2,0
230794,230794,230797,3,0
230794,230794,230798,4,0
230794,230794,230797,3,0
230794,230794,230798,4,0
230794,230794,230797,3,0
230794,230794,230797,3,0
230794,230794,230798,4,0
230794,230794,230798,4,0
230794,230794,230798,4,0
230794,230794,230799,5,0
230794,230794,230798,4,0
230794,230794,230799,5,0
230794,230794,230799,5,0
230794,230794,230799,5,0
230794,230794,230800,6,0
230794,230794,230800,6,0
230794,230794,230800,6,0
230794,230794,230800,6,0
230794,230794,230801,7,0
230794,230794,230801,7,0
230794,230794,230801,7,0
230794,230794,230801,7,0
230794,230794,230801,7,0
230794,230794,230802,8,0
230794,230794,230801,7,0
230813,230813,230814,1,0
230813,230813,230814,1,0
230813,230813,230814,1,0
230813,230813,230816,3,0
230813,230813,230816,3,0
230813,230813,230815,2,0
230813,230813,230816,3,0
230813,230813,230816,3,0
230813,230813,230816,3,0
230813,230813,230816,3,0
230813,230813,230816,3,0
230813,230813,230816,3,0
230813,230813,230818,5,0
230813,230813,230817,4,0
230813,230813,230818,5,0
230813,230813,230817,4,0
230813,230813,230817,4,0
230813,230813,230818,5,0
230813,230813,230818,5,0
230813,230813,230818,5,0
230813,230813,230819,6,0
230813,230813,230820,7,0
230813,230813,230820,7,0
230813,230813,230820,7,0
230813,230813,230819,6,0
230813,230813,230820,7,0
230813,230813,230820,7,0
230813,230813,230820,7,0
230813,230813,230821,8,0
230813,230813,230822,9,0
230813,230813,230825,12,0
230837,230837,230838,1,0
230837,230837,230838,1,0
230837,230837,230838,1,0
230837,230837,230840,3,0
230837,230837,230840,3,0
230837,230837,230840,3,0
230837,230837,230840,3,0
230837,230837,230840,3,0
230837,230837,230840,3,0
230837,230837,230841,4,0
230837,230837,230840,3,0
230837,230837,230840,3,0
230837,230837,230840,3,0
230837,230837,230841,4,0
230837,230837,230841,4,0
230837,230837,230841,4,0
230837,230837,230841,4,0
230837,230837,230841,4,0
230837,230837,230843,6,0
230837,230837,230843,6,0
230837,230837,230843,6,0
230837,230837,230843,6,0
230837,230837,230843,6,0
230837,230837,230843,6,0
230837,230837,230843,6,0
230837,230837,230844,7,0
230837,230837,230843,6,0
230837,230837,230845,8,0
230837,230837,230846,9,0
230837,230837,230846,9,0
230837,230837,230848,11,0
230860,230860,230862,2,0
230860,230860,230862,2,0
230860,230860,230862,2,0
230860,230860,230863,3,0
230860,230860,230863,3,0
230860,230860,230863,3,0
230860,230860,230863,3,0
230860,230860,230863,3,0
230860,230861,230863,2,1
230860,230861,230863,2,1
230860,230861,230863,2,1
230860,230860,230864,4,0
230860,230861,230863,2,1
230860,230860,230864,4,0
230860,230861,230864,3,1
230860,230860,230865,5,0
230860,230860,230865,5,0
230860,230860,230865,5,0
230860,230860,230865,5,0
230860,230860,230866,6,0
230860,230860,230866,6,0
230860,230860,230866,6,0
230860,230860,230866,6,0
230860,230860,230866,6,0
230860,230860,230867,7,0
230860,230860,230867,7,0
230860,230860,230867,7,0
230860,230860,230868,8,0
230860,230860,230868,8,0
230860,230860,230869,9,0
230860,230861,230869,8,1
230882,230882,230883,1,0
230882,230882,230883,1,0
230882,230882,230883,1,0
230882,230882,230885,3,0
230882,230882,230885,3,0
230882,230882,230884,2,0
230882,230882,230885,3,0
230882,230882,230885,3,0
230882,230882,230885,3,0
230882,230882,230885,3,0
230882,230882,230886,4,0
230882,230882,230886,4,0
230882,230882,230885,3,0
230882,230882,230885,3,0
230882,230882,230887,5,0
230882,230882,230887,5,0
230882,230882,230887,5,0
230882,230882,230886,4,0
230882,230882,230888,6,0
230882,230882,230888,6,0
230882,230882,230887,5,0
230882,230882,230887,5,0
230882,230882,230888,6,0
230882,230882,230888,6,0
230882,230882,230887,5,0
230882,230882,230889,7,0
230882,230882,230889,7,0
230882,230882,230888,6,0
230882,230882,230889,7,0
230882,230882,230889,7,0
230882,230882,230889,7,0
230902,230902,230903,1,0
230902,230902,230903,1,0
230902,230902,230903,1,0
230902,230902,230904,2,0
230902,230902,230905,3,0
230902,230902,230905,3,0
230902,230902,230905,3,0
230902,230902,230904,2,0
230902,230902,230905,3,0
230902,230902,230906,4,0
230902,230902,230905,3,0
230902,230902,230906,4,0
230902,230902,230906,4,0
230902,230902,230905,3,0
230902,230902,230907,5,0
230902,230902,230907,5,0
230902,230902,230907,5,0
230902,230902,230907,5,0
230902,230902,230907,5,0
230902,230902,230907,5,0
230902,230902,230907,5,0
230902,230902,230908,6,0
230902,230902,230907,5,0
230902,230902,230907,5,0
230902,230902,230909,7,0
230902,230902,230908,6,0
230902,230902,230909,7,0
230902,230902,230908,6,0
230902,230902,230911,9,0
230902,230902,230911,9,0
230902,230902,230911,9,0
230924,230924,230925,1,0
230924,230924,230925,1,0
230924,230924,230925,1,0
230924,230924,230927,3,0
230924,230924,230927,3,0
230924,230924,230927,3,0
230924,230924,230926,2,0
230924,230924,230927,3,0
230924,230924,230927,3,0
230924,230924,230927,3,0
230924,230924,230927,3,0
230924,230924,230927,3,0
230924,230924,230927,3,0
230924,230924,230928,4,0
230924,230924,230927,3,0
230924,230924,230929,5,0
230924,230924,230928,4,0
230924,230924,230928,4,0
230924,230924,230928,4,0
230924,230924,230928,4,0
230924,230924,230928,4,0
230924,230924,230928,4,0
230924,230924,230929,5,0
230924,230924,230929,5,0
230924,230924,230929,5,0
230924,230924,230929,5,0
230924,230924,230929,5,0
230924,230924,230930,6,0
230924,230924,230930,6,0
230924,230924,230933,9,0
230924,230924,230933,9,0
230946,230946,230947,1,0
230946,230946,230947,1,0
230946,230946,230947,1,0
230946,230946,230949,3,0
230946,230946,230949,3,0
230946,230946,230949,3,0
230946,230946,230949,3,0
230946,230946,230948,2,0
230946,230946,230949,3,0
230946,230946,230949,3,0
230946,230946,230949,3,0
230946,230946,230949,3,0
230946,230946,230949,3,0
230946,230946,230949,3,0
230946,230946,230950,4,0
230946,230946,230950,4,0
230946,230946,230950,4,0
230946,230946,230950,4,0
230946,230946,230949,3,0
230946,230946,230950,4,0
230946,230946,230950,4,0
230946,230946,230950,4,0
230946,230946,230950,4,0
230946,230946,230951,5,0
230946,230946,230950,4,0
230946,230946,230951,5,0
230946,230946,230951,5,0
230946,230946,230952,6,0
230946,230946,230952,6,0
230946,230946,230955,9,0
230946,230946,230955,9,0
230968,230968,230969,1,0
230968,230968,230969,1,0
230968,230968,230969,1,0
230968,230968,230971,3,0
230968,230968,230970,2,0
230968,230968,230970,2,0
230968,230968,230971,3,0
230968,230968,230971,3,0
230968,230968,230971,3,0
230968,230968,230971,3,0
230968,230968,230971,3,0
230968,230968,230971,3,0
230968,230968,230971,3,0
230968,230968,230972,4,0
230968,230968,230971,3,0
230968,230968,230971,3,0
230968,230968,230971,3,0
230968,230968,230972,4,0
230968,230968,230972,4,0
230968,230968,230972,4,0
230968,230968,230973,5,0
230968,230968,230973,5,0
230968,230968,230973,5,0
230968,230968,230973,5,0
230968,230968,230973,5,0
230968,230968,230973,5,0
230968,230968,230974,6,0
230968,230968,230975,7,0
230968,230968,230981,13,0
230968,230968,230982,14,0
230968,230968,230984,16,0
230995,230995,230996,1,0
230995,230995,230996,1,0
230995,230995,230997,2,0
230995,230995,230997,2,0
230995,230995,230998,3,0
230995,230995,230998,3,0
230995,230995,230998,3,0
230995,230995,230998,3,0
230995,230995,230998,3,0
230995,230995,230998,3,0
230995,230995,230998,3,0
230995,230995,230999,4,0
230995,230995,230998,3,0
230995,230995,230998,3,0
230995,230995,230999,4,0
230995,230995,230999,4,0
230995,230995,230999,4,0
230995,230995,230999,4,0
230995,230995,230999,4,0
230995,230995,230999,4,0
230995,230995,230999,4,0
230995,230995,231000,5,0
230995,230995,231000,5,0
230995,230995,231000,5,0
230995,230995,231000,5,0
230995,230995,231001,6,0
230995,230995,231001,6,0
230995,230995,231001,6,0
230995,230995,231002,7,0
230995,230995,231001,6,0
230995,230995,231003,8,0
231016,231016,231017,1,0
231016,231016,231018,2,0
231016,231016,231018,2,0
231016,231016,231018,2,0
231016,231016,231018,2,0
231016,231016,231018,2,0
231016,231016,231019,3,0
231016,231016,231019,3,0
231016,231016,231019,3,0
231016,231016,231019,3,0
231016,231016,231019,3,0
231016,231016,231019,3,0
231016,231016,231019,3,0
231016,231016,231020,4,0
231016,231016,231020,4,0
231016,231016,231020,4,0
231016,231016,231020,4,0
231016,231016,231020,4,0
231016,231016,231020,4,0
231016,231016,231020,4,0
231016,231016,231020,4,0
231016,231016,231020,4,0
231016,231016,231020,4,0
231016,231016,231021,5,0
231016,231016,231020,4,0
231016,231016,231021,5,0
231016,231016,231021,5,0
231016,231016,231020,4,0
231016,231016,231021,5,0
231016,231016,231022,6,0
231016,231016,231022,6,0
231035,231035,231036,1,0
231035,231035,231036,1,0
231035,231035,231037,2,0
231035,231035,231036,1,0
231035,231035,231038,3,0
231035,231035,231038,3,0
231035,231035,231038,3,0
231035,231035,231038,3,0
231035,231035,231038,3,0
231035,231035,231038,3,0
231035,231035,231038,3,0
231035,231035,231038,3,0
231035,231035,231039,4,0
231035,231035,231039,4,0
231035,231035,231039,4,0
231035,231035,231038,3,0
231035,231035,231038,3,0
231035,231035,231039,4,0
231035,231035,231039,4,0
231035,231035,231039,4,0
231035,231035,231039,4,0
231035,231035,231039,4,0
231035,231035,231039,4,0
231035,231035,231039,4,0
231035,231035,231040,5,0
231035,231035,231040,5,0
231035,231035,231040,5,0
231035,231035,231041,6,0
231035,231035,231041,6,0
231035,231035,231042,7,0
231035,231035,231043,8,0
231055,231055,231056,1,0
231055,231055,231056,1,0
231055,231055,231057,2,0
231055,231055,231056,1,0
231055,231055,231058,3,0
231055,231055,231058,3,0
231055,231055,231058,3,0
231055,231055,231058,3,0
231055,231055,231057,2,0
231055,231055,231058,3,0
231055,231055,231058,3,0
231055,231055,231058,3,0
231055,231055,231058,3,0
231055,231055,231059,4,0
231055,231055,231058,3,0
231055,231055,231059,4,0
231055,231055,231059,4,0
231055,231055,231058,3,0
231055,231055,231059,4,0
231055,231055,231059,4,0
231055,231055,231058,3,0
231055,231055,231059,4,0
231055,231055,231059,4,0
231055,231055,231060,5,0
231055,231055,231060,5,0
231055,231055,231060,5,0
231055,231055,231060,5,0
231055,231055,231059,4,0
231055,231055,231059,4,0
231055,231055,231062,7,0
231055,231055,231061,6,0
231074,231075,231076,1,1
231074,231075,231076,1,1
231074,231075,231076,1,1
231074,231075,231076,1,1
231074,231075,231076,1,1
231074,231075,231076,1,1
231074,231075,231077,2,1
231074,231075,231077,2,1
231074,231075,231077,2,1
231074,231075,231077,2,1
231074,231075,231077,2,1
231074,231075,231077,2,1
231074,231075,231077,2,1
231074,231075,231078,3,1
231074,231075,231078,3,1
231074,231075,231078,3,1
231074,231075,231078,3,1
231074,231075,231078,3,1
231074,231075,231079,4,1
231074,231075,231079,4,1
231074,231075,231079,4,1
231074,231075,231079,4,1
231074,231075,231079,4,1
231074,231075,231080,5,1
231074,231075,231080,5,1
231074,231075,231080,5,1
231074,231075,231080,5,1
231074,231075,231081,6,1
231074,231075,231081,6,1
231074,231075,231082,7,1
231074,231075,231083,8,1
231096,231096,231097,1,0
231096,231096,231097,1,0
231096,231096,231097,1,0
231096,231096,231097,1,0
231096,231096,231097,1,0
231096,231096,231098,2,0
231096,231096,231099,3,0
231096,231096,231098,2,0
231096,231096,231098,2,0
231096,231096,231098,2,0
231096,231096,231098,2,0
231096,231096,231099,3,0
231096,231096,231099,3,0
231096,231096,231098,2,0
231096,231096,231099,3,0
231096,231096,231099,3,0
231096,231096,231099,3,0
231096,231096,231099,3,0
231096,231096,231099,3,0
231096,231096,231099,3,0
231096,231096,231099,3,0
231096,231096,231099,3,0
231096,231096,231099,3,0
231096,231096,231101,5,0
231096,231096,231100,4,0
231096,231096,231100,4,0
231096,231096,231100,4,0
231096,231096,231100,4,0
231096,231096,231101,5,0
231096,231096,231101,5,0
231096,231096,231101,5,0
231114,231114,231115,1,0
231114,231114,231115,1,0
231114,231114,231115,1,0
231114,231114,231116,2,0
231114,231114,231117,3,0
231114,231114,231116,2,0
231114,231114,231116,2,0
231114,231114,231116,2,0
231114,231114,231116,2,0
231114,231114,231116,2,0
231114,231114,231116,2,0
231114,231114,231116,2,0
231114,231114,231116,2,0
231114,231114,231116,2,0
231114,231114,231117,3,0
231114,231114,231117,3,0
231114,231114,231117,3,0
231114,231114,231116,2,0
231114,231114,231116,2,0
231114,231114,231118,4,0
231114,231114,231117,3,0
231114,231114,231118,4,0
231114,231114,231117,3,0
231114,231114,231117,3,0
231114,231114,231118,4,0
231114,231114,231118,4,0
231114,231114,231118,4,0
231114,231114,231118,4,0
231114,231114,231118,4,0
231114,231114,231118,4,0
231114,231114,231120,6,0
231133,231133,231134,1,0
231133,231133,231134,1,0
231133,231133,231135,2,0
231133,231133,231134,1,0
231133,231133,231135,2,0
231133,231133,231135,2,0
231133,231133,231135,2,0
231133,231133,231136,3,0
231133,231133,231136,3,0
231133,231133,231135,2,0
231133,231133,231136,3,0
231133,231133,231135,2,0
231133,231133,231136,3,0
231133,231133,231136,3,0
231133,231133,231136,3,0
231133,231133,231136,3,0
231133,231133,231136,3,0
231133,231133,231136,3,0
231133,231133,231136,3,0
231133,231133,231136,3,0
231133,231133,231136,3,0
231133,231133,231137,4,0
231133,231133,231138,5,0
231133,231133,231138,5,0
231133,231133,231139,6,0
231133,231133,231139,6,0
231133,231133,231138,5,0
231133,231133,231139,6,0
231133,231133,231136,3,0
231133,231133,231145,12,0
231133,231133,231144,11,0
231158,231158,231159,1,0
231158,231158,231159,1,0
231158,231158,231160,2,0
231158,231158,231159,1,0
231158,231158,231159,1,0
231158,231158,231160,2,0
231158,231158,231161,3,0
231158,231158,231160,2,0
231158,231158,231161,3,0
231158,231158,231160,2,0
231158,231158,231160,2,0
231158,231158,231161,3,0
231158,231158,231161,3,0
231158,231158,231161,3,0
231158,231158,231162,4,0
231158,231158,231161,3,0
231158,231158,231162,4,0
231158,231158,231162,4,0
231158,231158,231161,3,0
231158,231158,231162,4,0
231158,231158,231163,5,0
231158,231158,231162,4,0
231158,231158,231163,5,0
231158,231158,231163,5,0
231158,231158,231164,6,0
231158,231158,231163,5,0
231158,231158,231164,6,0
231158,231158,231163,5,0
231158,231158,231163,5,0
231158,231158,231164,6,0
231158,231158,231164,6,0
231176,231177,231178,1,1
231176,231177,231178,1,1
231176,231177,231178,1,1
231176,231177,231178,1,1
231176,231177,231178,1,1
231176,231177,231178,1,1
231176,231177,231178,1,1
231176,231177,231178,1,1
231176,231177,231178,1,1
231176,231177,231179,2,1
231176,231177,231179,2,1
231176,231177,231179,2,1
231176,231177,231179,2,1
231176,231177,231179,2,1
231176,231177,231179,2,1
231176,231177,231179,2,1
231176,231177,231180,3,1
231176,231177,231181,4,1
231176,231177,231180,3,1
231176,231177,231180,3,1
231176,231177,231180,3,1
231176,231177,231180,3,1
231176,231177,231181,4,1
231176,231177,231181,4,1
231176,231177,231181,4,1
231176,231177,231181,4,1
231176,231177,231182,5,1
231176,231177,231183,6,1
231176,231177,231183,6,1
231176,231177,231183,6,1
231176,231177,231185,8,1
231197,231197,231198,1,0
231197,231197,231198,1,0
231197,231197,231199,2,0
231197,231197,231198,1,0
231197,231197,231199,2,0
231197,231197,231199,2,0
231197,231197,231199,2,0
231197,231197,231199,2,0
231197,231197,231200,3,0
231197,231197,231200,3,0
231197,231197,231200,3,0
231197,231197,231200,3,0
231197,231197,231200,3,0
231197,231197,231199,2,0
231197,231197,231200,3,0
231197,231197,231201,4,0
231197,231197,231200,3,0
231197,231197,231200,3,0
231197,231197,231201,4,0
231197,231197,231200,3,0
231197,231197,231201,4,0
231197,231197,231200,3,0
231197,231197,231201,4,0
231197,231197,231201,4,0
231197,231197,231201,4,0
231197,231197,231201,4,0
231197,231197,231203,6,0
231197,231197,231203,6,0
231197,231197,231202,5,0
231197,231197,231204,7,0
231197,231197,231205,8,0
230790,230790,231216,426,0
231217,231217,231219,2,0
231217,231217,231218,1,0
231217,231217,231218,1,0
231217,231217,231218,1,0
231217,231217,231219,2,0
231217,231217,231220,3,0
231217,231217,231220,3,0
231217,231217,231220,3,0
231217,231217,231220,3,0
231217,231217,231220,3,0
231217,231217,231220,3,0
231217,231217,231220,3,0
231217,231217,231220,3,0
231217,231217,231220,3,0
231217,231217,231220,3,0
231217,231217,231220,3,0
231217,231217,231220,3,0
231217,231217,231221,4,0
231217,231217,231221,4,0
231217,231217,231220,3,0
231217,231217,231221,4,0
231217,231217,231220,3,0
231217,231217,231220,3,0
231217,231217,231221,4,0
231217,231217,231221,4,0
231217,231217,231220,3,0
231217,231217,231222,5,0
231217,231217,231223,6,0
231217,231217,231222,5,0
231217,231217,231223,6,0
231217,231217,231222,5,0
231235,231235,231236,1,0
231235,231235,231237,2,0
231235,231235,231237,2,0
231235,231235,231236,1,0
231235,231235,231236,1,0
231235,231235,231238,3,0
231235,231235,231238,3,0
231235,231235,231238,3,0
231235,231235,231238,3,0
231235,231235,231238,3,0
231235,231235,231238,3,0
231235,231235,231238,3,0
231235,231235,231238,3,0
231235,231235,231238,3,0
231235,231235,231238,3,0
231235,231235,231238,3,0
231235,231235,231238,3,0
231235,231235,231238,3,0
231235,231235,231238,3,0
231235,231235,231239,4,0
231235,231235,231238,3,0
231235,231235,231238,3,0
231235,231235,231239,4,0
231235,231235,231238,3,0
231235,231235,231238,3,0
231235,231235,231238,3,0
231235,231235,231238,3,0
231235,231235,231240,5,0
231235,231235,231241,6,0
231235,231235,231241,6,0
231235,231235,231241,6,0
231254,231254,231255,1,0
231254,231254,231255,1,0
231254,231254,231255,1,0
231254,231254,231255,1,0
231254,231254,231256,2,0
231254,231254,231255,1,0
231254,231254,231257,3,0
231254,231254,231257,3,0
231254,231254,231257,3,0
231254,231254,231257,3,0
231254,231254,231256,2,0
231254,231254,231256,2,0
231254,231254,231256,2,0
231254,231254,231257,3,0
231254,231254,231257,3,0
231254,231254,231258,4,0
231254,231254,231258,4,0
231254,231254,231258,4,0
231254,231254,231257,3,0
231254,231254,231257,3,0
231254,231254,231258,4,0
231254,231254,231258,4,0
231254,231254,231258,4,0
231254,231254,231258,4,0
231254,231254,231258,4,0
231254,231254,231259,5,0
231254,231254,231258,4,0
231254,231254,231259,5,0
231254,231254,231258,4,0
231254,231254,231260,6,0
231254,231254,231259,5,0
231271,231272,231273,1,1
231271,231272,231273,1,1
231271,231272,231273,1,1
231271,231272,231273,1,1
231271,231272,231273,1,1
231271,231272,231273,1,1
231271,231272,231275,3,1
231271,231272,231274,2,1
231271,231272,231274,2,1
231271,231272,231274,2,1
231271,231272,231275,3,1
231271,231272,231274,2,1
231271,231272,231274,2,1
231271,231272,231274,2,1
231271,231272,231274,2,1
231271,231272,231274,2,1
231271,231272,231274,2,1
231271,231272,231274,2,1
231271,231272,231274,2,1
231271,231272,231275,3,1
231271,231272,231275,3,1
231271,231272,231275,3,1
231271,231272,231275,3,1
231271,231272,231275,3,1
231271,231272,231275,3,1
231271,231272,231275,3,1
231271,231272,231275,3,1
231271,231272,231276,4,1
231271,231272,231276,4,1
231271,231272,231279,7,1
231271,231272,231279,7,1
231291,231292,231293,1,1
231291,231292,231293,1,1
231291,231292,231293,1,1
231291,231292,231293,1,1
231291,231292,231293,1,1
231291,231292,231293,1,1
231291,231292,231293,1,1
231291,231292,231293,1,1
231291,231292,231293,1,1
231291,231292,231294,2,1
231291,231292,231294,2,1
231291,231292,231294,2,1
231291,231292,231294,2,1
231291,231292,231294,2,1
231291,231292,231294,2,1
231291,231292,231294,2,1
231291,231292,231296,4,1
231291,231292,231295,3,1
231291,231292,231295,3,1
231291,231292,231295,3,1
231291,231292,231295,3,1
231291,231292,231295,3,1
231291,231292,231295,3,1
231291,231292,231295,3,1
231291,231292,231295,3,1
231291,231292,231295,3,1
231291,231292,231295,3,1
231291,231292,231296,4,1
231291,231292,231296,4,1
231291,231292,231296,4,1
231291,231292,231296,4,1
231308,231308,231309,1,0
231308,231308,231309,1,0
231308,231308,231309,1,0
231308,231308,231310,2,0
231308,231308,231310,2,0
231308,231308,231309,1,0
231308,231308,231310,2,0
231308,231308,231310,2,0
231308,231308,231310,2,0
231308,231308,231311,3,0
231308,231308,231311,3,0
231308,231308,231311,3,0
231308,231308,231311,3,0
231308,231308,231311,3,0
231308,231308,231311,3,0
231308,231308,231311,3,0
231308,231308,231311,3,0
231308,231308,231310,2,0
231308,231308,231312,4,0
231308,231308,231312,4,0
231308,231308,231312,4,0
231308,231308,231312,4,0
231308,231308,231312,4,0
231308,231308,231312,4,0
231308,231308,231312,4,0
231308,231308,231312,4,0
231308,231308,231313,5,0
231308,231308,231313,5,0
231308,231308,231312,4,0
231308,231308,231313,5,0
231308,231308,231314,6,0
231326,231326,231327,1,0
231326,231326,231327,1,0
231326,231326,231328,2,0
231326,231326,231328,2,0
231326,231326,231328,2,0
231326,231326,231327,1,0
231326,231326,231328,2,0
231326,231326,231328,2,0
231326,231326,231328,2,0
231326,231326,231329,3,0
231326,231326,231329,3,0
231326,231326,231329,3,0
231326,231326,231329,3,0
231326,231326,231329,3,0
231326,231326,231329,3,0
231326,231326,231329,3,0
231326,231326,231329,3,0
231326,231326,231329,3,0
231326,231326,231328,2,0
231326,231326,231329,3,0
231326,231326,231330,4,0
231326,231326,231330,4,0
231326,231326,231329,3,0
231326,231326,231329,3,0
231326,231326,231330,4,0
231326,231326,231331,5,0
231326,231326,231331,5,0
231326,231326,231331,5,0
231326,231326,231331,5,0
231326,231326,231331,5,0
231326,231326,231332,6,0
231344,231344,231345,1,0
231344,231344,231345,1,0
231344,231344,231345,1,0
231344,231344,231345,1,0
231344,231344,231345,1,0
231344,231344,231345,1,0
231344,231344,231345,1,0
231344,231344,231346,2,0
231344,231344,231347,3,0
231344,231344,231346,2,0
231344,231344,231347,3,0
231344,231344,231347,3,0
231344,231344,231347,3,0
231344,231344,231347,3,0
231344,231344,231347,3,0
231344,231344,231347,3,0
231344,231344,231347,3,0
231344,231344,231347,3,0
231344,231344,231347,3,0
231344,231344,231347,3,0
231344,231344,231347,3,0
231344,231344,231348,4,0
231344,231344,231347,3,0
231344,231344,231347,3,0
231344,231344,231347,3,0
231344,231344,231347,3,0
231344,231344,231349,5,0
231344,231344,231349,5,0
231344,231344,231351,7,0
231344,231344,231351,7,0
231344,231344,231351,7,0
231363,231363,231364,1,0
231363,231363,231364,1,0
231363,231363,231364,1,0
231363,231363,231364,1,0
231363,231363,231365,2,0
231363,231363,231364,1,0
231363,231363,231364,1,0
231363,231363,231364,1,0
231363,231363,231365,2,0
231363,231363,231365,2,0
231363,231363,231366,3,0
231363,231363,231365,2,0
231363,231363,231366,3,0
231363,231363,231365,2,0
231363,231363,231365,2,0
231363,231363,231365,2,0
231363,231363,231367,4,0
231363,231363,231366,3,0
231363,231363,231367,4,0
231363,231363,231366,3,0
231363,231363,231366,3,0
231363,231363,231366,3,0
231363,231363,231366,3,0
231363,231363,231366,3,0
231363,231363,231366,3,0
231363,231363,231366,3,0
231363,231363,231366,3,0
231363,231363,231367,4,0
231363,231363,231367,4,0
231363,231363,231367,4,0
231363,231363,231368,5,0
231379,231379,231380,1,0
231379,231379,231380,1,0
231379,231379,231381,2,0
231379,231379,231381,2,0
231379,231379,231381,2,0
231379,231379,231381,2,0
231379,231379,231380,1,0
231379,231379,231381,2,0
231379,231379,231380,1,0
231379,231379,231382,3,0
231379,231379,231382,3,0
231379,231379,231382,3,0
231379,231379,231382,3,0
231379,231379,231382,3,0
231379,231379,231382,3,0
231379,231379,231382,3,0
231379,231379,231382,3,0
231379,231379,231382,3,0
231379,231379,231382,3,0
231379,231379,231382,3,0
231379,231379,231382,3,0
231379,231379,231383,4,0
231379,231379,231383,4,0
231379,231379,231382,3,0
231379,231379,231383,4,0
231379,231379,231383,4,0
231379,231379,231383,4,0
231379,231379,231383,4,0
231379,231379,231383,4,0
231379,231379,231384,5,0
231379,231379,231385,6,0
231396,231396,231397,1,0
231396,231396,231397,1,0
231396,231396,231397,1,0
231396,231396,231398,2,0
231396,231396,231397,1,0
231396,231396,231397,1,0
231396,231396,231398,2,0
231396,231396,231398,2,0
231396,231396,231398,2,0
231396,231396,231398,2,0
231396,231396,231399,3,0
231396,231396,231399,3,0
231396,231396,231399,3,0
231396,231396,231399,3,0
231396,231396,231399,3,0
231396,231396,231399,3,0
231396,231396,231399,3,0
231396,231396,231398,2,0
231396,231396,231399,3,0
231396,231396,231400,4,0
231396,231396,231399,3,0
231396,231396,231400,4,0
231396,231396,231400,4,0
231396,231396,231400,4,0
231396,231396,231401,5,0
231396,231396,231401,5,0
231396,231396,231402,6,0
231396,231396,231402,6,0
231396,231396,231402,6,0
231396,231396,231403,7,0
231396,231396,231403,7,0
231415,231415,231416,1,0
231415,231415,231416,1,0
231415,231415,231416,1,0
231415,231415,231416,1,0
231415,231415,231417,2,0
231415,231415,231416,1,0
231415,231415,231416,1,0
231415,231415,231417,2,0
231415,231415,231417,2,0
231415,231415,231417,2,0
231415,231415,231417,2,0
231415,231415,231418,3,0
231415,231415,231417,2,0
231415,231415,231417,2,0
231415,231415,231418,3,0
231415,231415,231417,2,0
231415,231415,231418,3,0
231415,231415,231417,2,0
231415,231415,231418,3,0
231415,231415,231417,2,0
231415,231415,231418,3,0
231415,231415,231418,3,0
231415,231415,231419,4,0
231415,231415,231418,3,0
231415,231415,231418,3,0
231415,231415,231419,4,0
231415,231415,231419,4,0
231415,231415,231419,4,0
231415,231415,231419,4,0
231415,231415,231421,6,0
231415,231415,231420,5,0
231432,231432,231433,1,0
231432,231432,231434,2,0
231432,231432,231434,2,0
231432,231432,231433,1,0
231432,231432,231434,2,0
231432,231432,231434,2,0
231432,231432,231434,2,0
231432,231432,231434,2,0
231432,231432,231434,2,0
231432,231432,231434,2,0
231432,231432,231434,2,0
231432,231433,231434,1,1
231432,231432,231435,3,0
231432,231432,231435,3,0
231432,231432,231435,3,0
231432,231432,231435,3,0
231432,231432,231435,3,0
231432,231432,231435,3,0
231432,231432,231435,3,0
231432,231432,231435,3,0
231432,231432,231435,3,0
231432,231432,231435,3,0
231432,231432,231435,3,0
231432,231432,231436,4,0
231432,231432,231436,4,0
231432,231432,231436,4,0
231432,231432,231436,4,0
231432,231432,231437,5,0
231432,231432,231438,6,0
231432,231432,231438,6,0
231432,231432,231440,8,0
231451,231452,231453,1,1
231451,231452,231453,1,1
231451,231452,231453,1,1
231451,231452,231453,1,1
231451,231452,231453,1,1
231451,231452,231453,1,1
231451,231452,231453,1,1
231451,231452,231453,1,1
231451,231452,231453,1,1
231451,231452,231453,1,1
231451,231452,231453,1,1
231451,231452,231453,1,1
231451,231452,231454,2,1
231451,231452,231454,2,1
231451,231452,231454,2,1
231451,231452,231454,2,1
231451,231452,231454,2,1
231451,231452,231454,2,1
231451,231452,231454,2,1
231451,231452,231454,2,1
231451,231452,231455,3,1
231451,231452,231455,3,1
231451,231452,231455,3,1
231451,231452,231456,4,1
231451,231452,231456,4,1
231451,231452,231457,5,1
231451,231452,231457,5,1
231451,231452,231458,6,1
231451,231452,231460,8,1
231451,231452,231460,8,1
231451,231452,231460,8,1
231471,231471,231473,2,0
231471,231471,231472,1,0
231471,231471,231473,2,0
231471,231471,231474,3,0
231471,231471,231474,3,0
231471,231471,231474,3,0
231471,231471,231475,4,0
231471,231471,231475,4,0
231471,231471,231475,4,0
231471,231471,231475,4,0
231471,231471,231476,5,0
231471,231471,231476,5,0
231471,231471,231476,5,0
231471,231471,231476,5,0
231471,231471,231475,4,0
231471,231471,231477,6,0
231471,231471,231477,6,0
231471,231471,231477,6,0
231471,231471,231477,6,0
231471,231471,231477,6,0
231471,231471,231478,7,0
231471,231471,231478,7,0
231471,231471,231479,8,0
231471,231471,231479,8,0
231471,231471,231479,8,0
231471,231471,231479,8,0
231471,231471,231480,9,0
231471,231471,231479,8,0
231471,231471,231480,9,0
231471,231471,231481,10,0
231471,231471,231482,11,0
231494,231494,231495,1,0
231494,231494,231495,1,0
231494,231494,231495,1,0
231494,231494,231496,2,0
231494,231494,231497,3,0
231494,231494,231498,4,0
231494,231494,231498,4,0
231494,231494,231497,3,0
231494,231494,231498,4,0
231494,231494,231497,3,0
231494,231494,231498,4,0
231494,231494,231499,5,0
231494,231494,231498,4,0
231494,231494,231499,5,0
231494,231494,231500,6,0
231494,231494,231499,5,0
231494,231494,231499,5,0
231494,231494,231500,6,0
231494,231494,231500,6,0
231494,231494,231502,8,0
231494,231494,231501,7,0
231494,231494,231502,8,0
231494,231494,231502,8,0
231494,231494,231502,8,0
231494,231494,231501,7,0
231494,231494,231502,8,0
231494,231494,231502,8,0
231494,231494,231502,8,0
231494,231494,231504,10,0
231494,231494,231503,9,0
231494,231494,231503,9,0
231516,231516,231518,2,0
231516,231516,231517,1,0
231516,231516,231518,2,0
231516,231516,231519,3,0
231516,231516,231519,3,0
231516,231516,231519,3,0
231516,231516,231519,3,0
231516,231516,231518,2,0
231516,231516,231520,4,0
231516,231516,231520,4,0
231516,231516,231519,3,0
231516,231516,231519,3,0
231516,231516,231521,5,0
231516,231516,231521,5,0
231516,231516,231521,5,0
231516,231516,231522,6,0
231516,231516,231522,6,0
231516,231516,231522,6,0
231516,231516,231522,6,0
231516,231516,231522,6,0
231516,231516,231524,8,0
231516,231516,231523,7,0
231516,231516,231524,8,0
231516,231516,231524,8,0
231516,231516,231523,7,0
231516,231516,231523,7,0
231516,231516,231525,9,0
231516,231516,231525,9,0
231516,231516,231524,8,0
231516,231516,231525,9,0
231516,231516,231526,10,0
231538,231538,231540,2,0
231538,231538,231540,2,0
231538,231538,231540,2,0
231538,231538,231541,3,0
231538,231538,231541,3,0
231538,231538,231542,4,0
231538,231538,231541,3,0
231538,231538,231542,4,0
231538,231538,231541,3,0
231538,231538,231541,3,0
231538,231538,231541,3,0
231538,231538,231542,4,0
231538,231538,231542,4,0
231538,231538,231543,5,0
231538,231538,231543,5,0
231538,231538,231542,4,0
231538,231538,231543,5,0
231538,231538,231544,6,0
231538,231538,231544,6,0
231538,231538,231544,6,0
231538,231538,231543,5,0
231538,231538,231545,7,0
231538,231538,231546,8,0
231538,231538,231545,7,0
231538,231538,231546,8,0
231538,231538,231546,8,0
231538,231538,231547,9,0
231538,231538,231546,8,0
231538,231538,231548,10,0
231538,231538,231548,10,0
231538,231538,231547,9,0
231560,231560,231562,2,0
231560,231560,231562,2,0
231560,231560,231561,1,0
231560,231560,231563,3,0
231560,231560,231563,3,0
231560,231560,231564,4,0
231560,231560,231564,4,0
231560,231560,231564,4,0
231560,231560,231564,4,0
231560,231560,231564,4,0
231560,231560,231564,4,0
231560,231560,231564,4,0
231560,231560,231564,4,0
231560,231560,231565,5,0
231560,231560,231565,5,0
231560,231560,231566,6,0
231560,231560,231565,5,0
231560,231560,231566,6,0
231560,231560,231566,6,0
231560,231560,231566,6,0
231560,231560,231566,6,0
231560,231560,231567,7,0
231560,231560,231567,7,0
231560,231560,231568,8,0
231560,231560,231568,8,0
231560,231560,231569,9,0
231560,231560,231568,8,0
231560,231560,231568,8,0
231560,231560,231570,10,0
231560,231560,231570,10,0
231560,231560,231570,10,0
231582,231582,231583,1,0
231582,231582,231583,1,0
231582,231582,231583,1,0
231582,231582,231584,2,0
231582,231582,231584,2,0
231582,231582,231585,3,0
231582,231582,231584,2,0
231582,231582,231585,3,0
231582,231582,231586,4,0
231582,231582,231585,3,0
231582,231582,231585,3,0
231582,231582,231586,4,0
231582,231582,231587,5,0
231582,231582,231587,5,0
231582,231582,231586,4,0
231582,231582,231587,5,0
231582,231582,231586,4,0
231582,231582,231586,4,0
231582,231582,231587,5,0
231582,231582,231587,5,0
231582,231582,231588,6,0
231582,231582,231589,7,0
231582,231582,231589,7,0
231582,231582,231590,8,0
231582,231582,231591,9,0
231582,231582,231590,8,0
231582,231582,231590,8,0
231582,231582,231591,9,0
231582,231582,231591,9,0
231582,231582,231592,10,0
231582,231582,231592,10,0
231605,231605,231606,1,0
231605,231605,231606,1,0
231605,231605,231606,1,0
231605,231605,231608,3,0
231605,231605,231608,3,0
231605,231605,231608,3,0
231605,231605,231609,4,0
231605,231605,231608,3,0
231605,231605,231608,3,0
231605,231605,231608,3,0
231605,231605,231609,4,0
231605,231605,231610,5,0
231605,231605,231609,4,0
231605,231605,231609,4,0
231605,231605,231610,5,0
231605,231605,231611,6,0
231605,231605,231611,6,0
231605,231605,231612,7,0
231605,231605,231611,6,0
231605,231605,231611,6,0
231605,231605,231611,6,0
231605,231605,231608,3,0
231605,231605,231610,5,0
231605,231605,231612,7,0
231605,231605,231612,7,0
231605,231605,231613,8,0
231605,231605,231614,9,0
231605,231605,231613,8,0
231605,231605,231614,9,0
231605,231605,231614,9,0
231605,231605,231615,10,0
231627,231627,231628,1,0
231627,231627,231628,1,0
231627,231627,231629,2,0
231627,231627,231630,3,0
231627,231627,231630,3,0
231627,231627,231630,3,0
231627,231627,231631,4,0
231627,231627,231630,3,0
231627,231627,231631,4,0
231627,231627,231630,3,0
231627,231627,231631,4,0
231627,231627,231632,5,0
231627,231627,231632,5,0
231627,231627,231631,4,0
231627,231627,231632,5,0
231627,231627,231632,5,0
231627,231627,231633,6,0
231627,231627,231632,5,0
231627,231627,231632,5,0
231627,231627,231633,6,0
231627,231627,231632,5,0
231627,231627,231634,7,0
231627,231627,231633,6,0
231627,231627,231634,7,0
231627,231627,231635,8,0
231627,231627,231634,7,0
231627,231627,231634,7,0
231627,231627,231635,8,0
231627,231627,231636,9,0
231627,231627,231637,10,0
231627,231627,231638,11,0
231651,231651,231653,2,0
231651,231651,231653,2,0
231651,231651,231653,2,0
231651,231651,231653,2,0
231651,231651,231654,3,0
231651,231651,231654,3,0
231651,231651,231654,3,0
231651,231651,231654,3,0
231651,231651,231655,4,0
231651,231651,231655,4,0
231651,231651,231655,4,0
231651,231651,231655,4,0
231651,231651,231655,4,0
231651,231651,231655,4,0
231651,231651,231656,5,0
231651,231651,231656,5,0
231651,231651,231656,5,0
231651,231651,231656,5,0
231651,231651,231657,6,0
231651,231651,231657,6,0
231651,231651,231657,6,0
231651,231651,231658,7,0
231651,231651,231658,7,0
231651,231651,231659,8,0
231651,231651,231659,8,0
231651,231651,231659,8,0
231651,231651,231659,8,0
231651,231651,231659,8,0
231651,231651,231660,9,0
231651,231651,231661,10,0
231651,231651,231661,10,0
231223,231224,231665,441,1
231674,231674,231675,1,0
231674,231674,231675,1,0
231674,231674,231675,1,0
231674,231674,231677,3,0
231674,231674,231676,2,0
231674,231674,231677,3,0
231674,231674,231676,2,0
231674,231674,231676,2,0
231674,231674,231676,2,0
231674,231674,231677,3,0
231674,231674,231677,3,0
231674,231674,231678,4,0
231674,231674,231677,3,0
231674,231674,231677,3,0
231674,231674,231678,4,0
231674,231674,231678,4,0
231674,231674,231678,4,0
231674,231674,231678,4,0
231674,231674,231679,5,0
231674,231674,231679,5,0
231674,231674,231680,6,0
231674,231674,231680,6,0
231674,231674,231681,7,0
231674,231674,231681,7,0
231674,231674,231681,7,0
231674,231674,231681,7,0
231674,231674,231681,7,0
231674,231674,231682,8,0
231674,231674,231681,7,0
231674,231674,231682,8,0
231674,231674,231687,13,0
231699,231699,231700,1,0
231699,231699,231701,2,0
231699,231699,231701,2,0
231699,231699,231702,3,0
231699,231699,231701,2,0
231699,231699,231701,2,0
231699,231699,231701,2,0
231699,231699,231702,3,0
231699,231699,231702,3,0
231699,231699,231702,3,0
231699,231699,231702,3,0
231699,231699,231702,3,0
231699,231699,231702,3,0
231699,231699,231702,3,0
231699,231699,231704,5,0
231699,231699,231703,4,0
231699,231699,231703,4,0
231699,231699,231703,4,0
231699,231699,231704,5,0
231699,231699,231705,6,0
231699,231699,231704,5,0
231699,231699,231705,6,0
231699,231699,231706,7,0
231699,231699,231706,7,0
231699,231699,231706,7,0
231699,231699,231706,7,0
231699,231699,231706,7,0
231699,231699,231706,7,0
231699,231699,231706,7,0
231699,231699,231707,8,0
231699,231699,231708,9,0
231721,231721,231723,2,0
231721,231721,231722,1,0
231721,231721,231722,1,0
231721,231721,231722,1,0
231721,231721,231723,2,0
231721,231721,231725,4,0
231721,231721,231724,3,0
231721,231721,231724,3,0
231721,231721,231724,3,0
231721,231721,231724,3,0
231721,231721,231724,3,0
231721,231721,231724,3,0
231721,231721,231725,4,0
231721,231721,231726,5,0
231721,231721,231725,4,0
231721,231721,231726,5,0
231721,231721,231726,5,0
231721,231721,231726,5,0
231721,231721,231727,6,0
231721,231721,231727,6,0
231721,231721,231727,6,0
231721,231721,231727,6,0
231721,231721,231727,6,0
231721,231721,231727,6,0
231721,231721,231727,6,0
231721,231721,231727,6,0
231721,231721,231728,7,0
231721,231721,231729,8,0
231721,231721,231729,8,0
231721,231721,231729,8,0
231721,231721,231733,12,0
231744,231744,231746,2,0
231744,231744,231746,2,0
231744,231744,231746,2,0
231744,231744,231747,3,0
231744,231745,231747,2,1
231744,231745,231747,2,1
231744,231745,231747,2,1
231744,231745,231747,2,1
231744,231744,231748,4,0
231744,231745,231748,3,1
231744,231745,231748,3,1
231744,231745,231748,3,1
231744,231744,231748,4,0
231744,231745,231748,3,1
231744,231745,231749,4,1
231744,231744,231749,5,0
231744,231744,231749,5,0
231744,231744,231750,6,0
231744,231744,231750,6,0
231744,231744,231750,6,0
231744,231744,231750,6,0
231744,231744,231751,7,0
231744,231744,231751,7,0
231744,231744,231751,7,0
231744,231744,231751,7,0
231744,231744,231752,8,0
231744,231745,231752,7,1
231744,231744,231752,8,0
231744,231744,231752,8,0
231744,231744,231753,9,0
231744,231744,231753,9,0
231765,231765,231766,1,0
231765,231765,231766,1,0
231765,231765,231767,2,0
231765,231765,231768,3,0
231765,231765,231768,3,0
231765,231765,231768,3,0
231765,231765,231768,3,0
231765,231765,231769,4,0
231765,231765,231768,3,0
231765,231765,231768,3,0
231765,231765,231769,4,0
231765,231765,231769,4,0
231765,231765,231768,3,0
231765,231765,231768,3,0
231765,231765,231770,5,0
231765,231765,231770,5,0
231765,231765,231769,4,0
231765,231765,231771,6,0
231765,231765,231771,6,0
231765,231765,231772,7,0
231765,231765,231772,7,0
231765,231765,231771,6,0
231765,231765,231772,7,0
231765,231765,231772,7,0
231765,231765,231772,7,0
231765,231765,231773,8,0
231765,231765,231772,7,0
231765,231765,231772,7,0
231765,231765,231772,7,0
231765,231765,231773,8,0
231765,231765,231773,8,0
231786,231786,231787,1,0
231786,231786,231787,1,0
231786,231786,231789,3,0
231786,231786,231788,2,0
231786,231786,231789,3,0
231786,231786,231788,2,0
231786,231786,231790,4,0
231786,231786,231789,3,0
231786,231786,231789,3,0
231786,231786,231789,3,0
231786,231786,231789,3,0
231786,231786,231789,3,0
231786,231786,231790,4,0
231786,231786,231790,4,0
231786,231786,231790,4,0
231786,231786,231790,4,0
231786,231786,231791,5,0
231786,231786,231792,6,0
231786,231786,231791,5,0
231786,231786,231792,6,0
231786,231786,231792,6,0
231786,231786,231792,6,0
231786,231786,231792,6,0
231786,231786,231793,7,0
231786,231786,231793,7,0
231786,231786,231793,7,0
231786,231786,231793,7,0
231786,231786,231793,7,0
231786,231786,231794,8,0
231786,231786,231795,9,0
231786,231786,231795,9,0
231808,231809,231810,1,1
231808,231809,231810,1,1
231808,231809,231810,1,1
231808,231809,231811,2,1
231808,231809,231811,2,1
231808,231809,231812,3,1
231808,231809,231812,3,1
231808,231809,231812,3,1
231808,231809,231812,3,1
231808,231809,231812,3,1
231808,231809,231812,3,1
231808,231809,231812,3,1
231808,231809,231812,3,1
231808,231809,231813,4,1
231808,231809,231815,6,1
231808,231809,231814,5,1
231808,231809,231814,5,1
231808,231809,231815,6,1
231808,231809,231814,5,1
231808,231809,231814,5,1
231808,231809,231814,5,1
231808,231809,231815,6,1
231808,231809,231815,6,1
231808,231809,231815,6,1
231808,231809,231816,7,1
231808,231809,231816,7,1
231808,231809,231816,7,1
231808,231809,231817,8,1
231808,231809,231818,9,1
231808,231809,231818,9,1
231808,231809,231819,10,1
231832,231832,231833,1,0
231832,231832,231833,1,0
231832,231832,231834,2,0
231832,231832,231834,2,0
231832,231832,231834,2,0
231832,231832,231834,2,0
231832,231832,231835,3,0
231832,231832,231835,3,0
231832,231832,231836,4,0
231832,231832,231835,3,0
231832,231832,231835,3,0
231832,231832,231835,3,0
231832,231832,231836,4,0
231832,231832,231836,4,0
231832,231832,231835,3,0
231832,231832,231837,5,0
231832,231832,231837,5,0
231832,231832,231838,6,0
231832,231832,231837,5,0
231832,231832,231837,5,0
231832,231832,231838,6,0
231832,231832,231838,6,0
231832,231832,231838,6,0
231832,231832,231839,7,0
231832,231832,231839,7,0
231832,231832,231839,7,0
231832,231832,231839,7,0
231832,231832,231840,8,0
231832,231832,231841,9,0
231832,231832,231841,9,0
231832,231832,231842,10,0
231855,231855,231856,1,0
231855,231855,231857,2,0
231855,231855,231857,2,0
231855,231855,231858,3,0
231855,231855,231858,3,0
231855,231856,231858,2,1
231855,231855,231859,4,0
231855,231855,231859,4,0
231855,231855,231859,4,0
231855,231856,231859,3,1
231855,231855,231859,4,0
231855,231855,231860,5,0
231855,231855,231859,4,0
231855,231855,231860,5,0
231855,231855,231860,5,0
231855,231855,231860,5,0
231855,231855,231860,5,0
231855,231855,231861,6,0
231855,231855,231861,6,0
231855,231855,231861,6,0
231855,231855,231861,6,0
231855,231855,231861,6,0
231855,231855,231862,7,0
231855,231855,231862,7,0
231855,231855,231862,7,0
231855,231856,231863,7,1
231855,231855,231865,10,0
231855,231855,231865,10,0
231855,231855,231865,10,0
231855,231855,231865,10,0
231855,231855,231866,11,0
231878,231878,231879,1,0
231878,231878,231879,1,0
231878,231878,231879,1,0
231878,231878,231880,2,0
231878,231878,231880,2,0
231878,231878,231881,3,0
231878,231878,231881,3,0
231878,231878,231881,3,0
231878,231878,231882,4,0
231878,231878,231881,3,0
231878,231878,231881,3,0
231878,231878,231881,3,0
231878,231878,231882,4,0
231878,231878,231881,3,0
231878,231878,231882,4,0
231878,231878,231882,4,0
231878,231878,231882,4,0
231878,231878,231883,5,0
231878,231878,231883,5,0
231878,231878,231883,5,0
231878,231878,231883,5,0
231878,231878,231883,5,0
231878,231878,231884,6,0
231878,231878,231885,7,0
231878,231878,231887,9,0
231878,231878,231887,9,0
231878,231878,231887,9,0
231878,231878,231887,9,0
231878,231878,231888,10,0
231878,231878,231887,9,0
231878,231878,231887,9,0
231899,231899,231901,2,0
231899,231899,231901,2,0
231899,231899,231900,1,0
231899,231899,231902,3,0
231899,231899,231902,3,0
231899,231899,231903,4,0
231899,231899,231903,4,0
231899,231899,231903,4,0
231899,231899,231903,4,0
231899,231899,231902,3,0
231899,231899,231903,4,0
231899,231899,231902,3,0
231899,231899,231903,4,0
231899,231899,231903,4,0
231899,231899,231903,4,0
231899,231899,231903,4,0
231899,231899,231904,5,0
231899,231899,231904,5,0
231899,231899,231905,6,0
231899,231899,231905,6,0
231899,231899,231906,7,0
231899,231899,231907,8,0
231899,231899,231908,9,0
231899,231899,231907,8,0
231899,231899,231908,9,0
231899,231899,231908,9,0
231899,231899,231909,10,0
231899,231899,231909,10,0
231899,231899,231909,10,0
231899,231899,231909,10,0
231899,231899,231909,10,0
231921,231921,231922,1,0
231921,231921,231922,1,0
231921,231921,231923,2,0
231921,231921,231924,3,0
231921,231921,231925,4,0
231921,231921,231925,4,0
231921,231921,231925,4,0
231921,231921,231924,3,0
231921,231921,231924,3,0
231921,231921,231925,4,0
231921,231921,231924,3,0
231921,231921,231925,4,0
231921,231921,231926,5,0
231921,231921,231925,4,0
231921,231921,231926,5,0
231921,231921,231925,4,0
231921,231921,231926,5,0
231921,231921,231927,6,0
231921,231921,231927,6,0
231921,231921,231929,8,0
231921,231921,231929,8,0
231921,231921,231929,8,0
231921,231921,231929,8,0
231921,231921,231928,7,0
231921,231921,231929,8,0
231921,231921,231930,9,0
231921,231921,231931,10,0
231921,231921,231931,10,0
231921,231921,231931,10,0
231921,231921,231931,10,0
231921,231921,231932,11,0
231943,231943,231945,2,0
231943,231943,231944,1,0
231943,231943,231945,2,0
231943,231944,231946,2,1
231943,231944,231946,2,1
231943,231944,231946,2,1
231943,231944,231947,3,1
231943,231944,231947,3,1
231943,231944,231947,3,1
231943,231944,231947,3,1
231943,231944,231947,3,1
231943,231944,231947,3,1
231943,231944,231947,3,1
231943,231944,231947,3,1
231943,231944,231948,4,1
231943,231944,231948,4,1
231943,231944,231948,4,1
231943,231944,231948,4,1
231943,231944,231949,5,1
231943,231944,231950,6,1
231943,231944,231950,6,1
231943,231944,231951,7,1
231943,231944,231951,7,1
231943,231944,231952,8,1
231943,231944,231952,8,1
231943,231944,231953,9,1
231943,231944,231953,9,1
231943,231944,231953,9,1
231943,231944,231953,9,1
231943,231943,231953,10,0
231943,231944,231954,10,1
231966,231966,231968,2,0
231966,231966,231968,2,0
231966,231966,231968,2,0
231966,231966,231969,3,0
231966,231966,231969,3,0
231966,231966,231969,3,0
231966,231966,231969,3,0
231966,231966,231969,3,0
231966,231966,231969,3,0
231966,231966,231970,4,0
231966,231966,231970,4,0
231966,231966,231970,4,0
231966,231966,231971,5,0
231966,231966,231970,4,0
231966,231966,231972,6,0
231966,231966,231972,6,0
231966,231966,231971,5,0
231966,231966,231972,6,0
231966,231966,231972,6,0
231966,231966,231973,7,0
231966,231966,231972,6,0
231966,231966,231974,8,0
231966,231966,231973,7,0
231966,231966,231974,8,0
231966,231966,231974,8,0
231966,231966,231975,9,0
231966,231966,231976,10,0
231966,231966,231976,10,0
231966,231966,231975,9,0
231966,231966,231976,10,0
231966,231966,231978,12,0
231990,231990,231992,2,0
231990,231990,231992,2,0
231990,231990,231992,2,0
231990,231990,231993,3,0
231990,231990,231994,4,0
231990,231990,231993,3,0
231990,231990,231994,4,0
231990,231990,231994,4,0
231990,231990,231994,4,0
231990,231990,231994,4,0
231990,231990,231994,4,0
231990,231990,231995,5,0
231990,231990,231995,5,0
231990,231990,231995,5,0
231990,231990,231995,5,0
231990,231990,231996,6,0
231990,231990,231996,6,0
231990,231990,231997,7,0
231990,231990,231997,7,0
231990,231990,231997,7,0
231990,231990,231998,8,0
231990,231990,231998,8,0
231990,231990,231998,8,0
231990,231990,231999,9,0
231990,231990,231999,9,0
231990,231990,232000,10,0
231990,231990,232000,10,0
231990,231990,232000,10,0
231990,231990,232000,10,0
231990,231990,232000,10,0
231990,231990,232001,11,0
232013,232013,232015,2,0
232013,232013,232014,1,0
232013,232013,232015,2,0
232013,232013,232016,3,0
232013,232013,232017,4,0
232013,232013,232017,4,0
232013,232013,232017,4,0
232013,232013,232016,3,0
232013,232013,232016,3,0
232013,232013,232017,4,0
232013,232013,232016,3,0
232013,232013,232018,5,0
232013,232013,232018,5,0
232013,232013,232018,5,0
232013,232013,232017,4,0
232013,232013,232018,5,0
232013,232013,232019,6,0
232013,232013,232018,5,0
232013,232013,232019,6,0
232013,232013,232020,7,0
232013,232013,232021,8,0
232013,232013,232020,7,0
232013,232013,232021,8,0
232013,232013,232021,8,0
232013,232013,232023,10,0
232013,232013,232023,10,0
232013,232013,232023,10,0
232013,232013,232023,10,0
232013,232013,232023,10,0
232013,232013,232023,10,0
232013,232013,232023,10,0
232036,232036,232037,1,0
232036,232036,232038,2,0
232036,232036,232037,1,0
232036,232036,232039,3,0
232036,232036,232039,3,0
232036,232036,232039,3,0
232036,232036,232039,3,0
232036,232036,232039,3,0
232036,232036,232039,3,0
232036,232036,232041,5,0
232036,232036,232041,5,0
232036,232036,232041,5,0
232036,232036,232040,4,0
232036,232036,232041,5,0
232036,232036,232040,4,0
232036,232036,232041,5,0
232036,232036,232042,6,0
232036,232036,232042,6,0
232036,232036,232041,5,0
232036,232036,232041,5,0
232036,232036,232042,6,0
232036,232036,232043,7,0
232036,232036,232042,6,0
232036,232036,232042,6,0
232036,232036,232044,8,0
232036,232036,232044,8,0
232036,232036,232046,10,0
232036,232036,232046,10,0
232036,232036,232046,10,0
232036,232036,232046,10,0
232036,232036,232045,9,0
232058,232058,232059,1,0
232058,232058,232060,2,0
232058,232058,232061,3,0
232058,232058,232061,3,0
232058,232058,232061,3,0
232058,232058,232061,3,0
232058,232058,232062,4,0
232058,232058,232061,3,0
232058,232058,232062,4,0
232058,232058,232061,3,0
232058,232058,232061,3,0
232058,232058,232062,4,0
232058,232058,232062,4,0
232058,232058,232062,4,0
232058,232058,232062,4,0
232058,232058,232062,4,0
232058,232058,232063,5,0
232058,232058,232064,6,0
232058,232058,232064,6,0
232058,232058,232063,5,0
232058,232058,232064,6,0
232058,232058,232065,7,0
232058,232058,232065,7,0
232058,232058,232065,7,0
232058,232058,232065,7,0
232058,232058,232066,8,0
232058,232058,232066,8,0
232058,232058,232067,9,0
232058,232058,232068,10,0
232058,232058,232068,10,0
232058,232058,232073,15,0
232085,232085,232086,1,0
232085,232085,232086,1,0
232085,232085,232086,1,0
232085,232085,232088,3,0
232085,232085,232087,2,0
232085,232085,232088,3,0
232085,232085,232088,3,0
232085,232085,232088,3,0
232085,232085,232088,3,0
232085,232085,232089,4,0
232085,232085,232088,3,0
232085,232085,232088,3,0
232085,232085,232089,4,0
232085,232085,232089,4,0
232085,232085,232089,4,0
232085,232085,232089,4,0
232085,232085,232089,4,0
232085,232085,232090,5,0
232085,232085,232090,5,0
232085,232085,232090,5,0
232085,232085,232090,5,0
232085,232085,232090,5,0
232085,232085,232091,6,0
232085,232085,232092,7,0
232085,232085,232092,7,0
232085,232085,232093,8,0
232085,232085,232093,8,0
232085,232085,232094,9,0
232085,232085,232094,9,0
232085,232085,232095,10,0
232085,232085,232097,12,0
232109,232109,232111,2,0
232109,232109,232110,1,0
232109,232109,232111,2,0
232109,232109,232112,3,0
232109,232109,232112,3,0
232109,232109,232112,3,0
232109,232109,232112,3,0
232109,232109,232113,4,0
232109,232109,232112,3,0
232109,232109,232113,4,0
232109,232109,232113,4,0
232109,232109,232113,4,0
232109,232109,232113,4,0
232109,232109,232113,4,0
232109,232109,232113,4,0
232109,232109,232114,5,0
232109,232109,232114,5,0
232109,232109,232115,6,0
232109,232109,232115,6,0
232109,232109,232115,6,0
232109,232109,232116,7,0
232109,232109,232116,7,0
232109,232109,232116,7,0
232109,232109,232116,7,0
232109,232109,232116,7,0
232109,232109,232116,7,0
232109,232109,232115,6,0
232109,232109,232116,7,0
232109,232109,232116,7,0
232109,232109,232119,10,0
232109,232109,232119,10,0
232131,232131,232132,1,0
232131,232131,232132,1,0
232131,232131,232132,1,0
232131,232131,232134,3,0
232131,232131,232134,3,0
232131,232131,232134,3,0
232131,232131,232134,3,0
232131,232131,232134,3,0
232131,232131,232134,3,0
232131,232131,232134,3,0
232131,232131,232135,4,0
232131,232131,232134,3,0
232131,232131,232135,4,0
232131,232131,232135,4,0
232131,232131,232135,4,0
232131,232131,232136,5,0
232131,232131,232135,4,0
232131,232131,232135,4,0
232131,232131,232136,5,0
232131,232131,232136,5,0
232131,232131,232137,6,0
232131,232131,232138,7,0
232131,232131,232137,6,0
232131,232131,232138,7,0
232131,232131,232138,7,0
232131,232131,232138,7,0
232131,232131,232138,7,0
232131,232131,232139,8,0
232131,232131,232141,10,0
232131,232131,232141,10,0
232131,232131,232143,12,0
231674,231675,232114,439,1
232154,232154,232155,1,0
232154,232154,232156,2,0
232154,232154,232156,2,0
232154,232154,232156,2,0
232154,232154,232157,3,0
232154,232154,232157,3,0
232154,232154,232157,3,0
232154,232154,232157,3,0
232154,232154,232157,3,0
232154,232154,232157,3,0
232154,232154,232158,4,0
232154,232154,232158,4,0
232154,232154,232158,4,0
232154,232154,232158,4,0
232154,232154,232158,4,0
232154,232154,232159,5,0
232154,232154,232159,5,0
232154,232154,232159,5,0
232154,232154,232160,6,0
232154,232154,232160,6,0
232154,232154,232160,6,0
232154,232154,232160,6,0
232154,232154,232160,6,0
232154,232154,232161,7,0
232154,232154,232161,7,0
232154,232154,232162,8,0
232154,232154,232162,8,0
232154,232154,232163,9,0
232154,232154,232163,9,0
232154,232154,232163,9,0
232154,232154,232164,10,0
232176,232176,232177,1,0
232176,232176,232178,2,0
232176,232176,232177,1,0
232176,232176,232179,3,0
232176,232176,232179,3,0
232176,232176,232180,4,0
232176,232176,232179,3,0
232176,232176,232179,3,0
232176,232176,232179,3,0
232176,232176,232179,3,0
232176,232176,232179,3,0
232176,232176,232180,4,0
232176,232176,232179,3,0
232176,232176,232180,4,0
232176,232176,232180,4,0
232176,232176,232181,5,0
232176,232176,232181,5,0
232176,232176,232182,6,0
232176,232176,232183,7,0
232176,232176,232184,8,0
232176,232176,232183,7,0
232176,232176,232184,8,0
232176,232176,232186,10,0
232176,232176,232186,10,0
232176,232176,232185,9,0
232176,232176,232185,9,0
232176,232176,232186,10,0
232176,232176,232186,10,0
232176,232176,232186,10,0
232176,232176,232187,11,0
232176,232176,232187,11,0
232199,232199,232201,2,0
232199,232199,232200,1,0
232199,232199,232201,2,0
232199,232199,232201,2,0
232199,232199,232202,3,0
232199,232199,232203,4,0
232199,232199,232203,4,0
232199,232199,232203,4,0
232199,232199,232202,3,0
232199,232199,232203,4,0
232199,232199,232202,3,0
232199,232199,232203,4,0
232199,232199,232203,4,0
232199,232199,232202,3,0
232199,232199,232203,4,0
232199,232199,232204,5,0
232199,232199,232203,4,0
232199,232199,232203,4,0
232199,232199,232203,4,0
232199,232199,232203,4,0
232199,232199,232205,6,0
232199,232199,232206,7,0
232199,232199,232206,7,0
232199,232199,232206,7,0
232199,232199,232207,8,0
232199,232199,232207,8,0
232199,232199,232208,9,0
232199,232199,232209,10,0
232199,232199,232208,9,0
232199,232199,232209,10,0
232199,232199,232209,10,0
232222,232222,232223,1,0
232222,232222,232223,1,0
232222,232222,232223,1,0
232222,232222,232225,3,0
232222,232222,232225,3,0
232222,232222,232225,3,0
232222,232222,232225,3,0
232222,232222,232226,4,0
232222,232222,232225,3,0
232222,232222,232226,4,0
232222,232222,232225,3,0
232222,232222,232225,3,0
232222,232222,232225,3,0
232222,232222,232226,4,0
232222,232222,232226,4,0
232222,232222,232226,4,0
232222,232222,232226,4,0
232222,232222,232227,5,0
232222,232222,232227,5,0
232222,232222,232226,4,0
232222,232222,232227,5,0
232222,232222,232229,7,0
232222,232222,232229,7,0
232222,232222,232229,7,0
232222,232222,232230,8,0
232222,232222,232229,7,0
232222,232222,232230,8,0
232222,232222,232230,8,0
232222,232222,232232,10,0
232222,232222,232232,10,0
232222,232222,232232,10,0
232243,232243,232244,1,0
232243,232243,232245,2,0
232243,232243,232244,1,0
232243,232243,232246,3,0
232243,232243,232246,3,0
232243,232243,232247,4,0
232243,232243,232247,4,0
232243,232243,232247,4,0
232243,232243,232247,4,0
232243,232243,232247,4,0
232243,232243,232247,4,0
232243,232243,232247,4,0
232243,232243,232246,3,0
232243,232243,232247,4,0
232243,232243,232247,4,0
232243,232243,232247,4,0
232243,232243,232248,5,0
232243,232243,232248,5,0
232243,232243,232248,5,0
232243,232243,232248,5,0
232243,232243,232249,6,0
232243,232243,232250,7,0
232243,232243,232250,7,0
232243,232243,232251,8,0
232243,232243,232250,7,0
232243,232243,232252,9,0
232243,232243,232251,8,0
232243,232243,232253,10,0
232243,232243,232253,10,0
232243,232243,232253,10,0
232243,232243,232253,10,0
232265,232265,232266,1,0
232265,232265,232267,2,0
232265,232265,232267,2,0
232265,232265,232268,3,0
232265,232265,232269,4,0
232265,232265,232268,3,0
232265,232265,232269,4,0
232265,232265,232269,4,0
232265,232265,232269,4,0
232265,232265,232268,3,0
232265,232265,232269,4,0
232265,232265,232269,4,0
232265,232265,232269,4,0
232265,232265,232268,3,0
232265,232265,232270,5,0
232265,232265,232270,5,0
232265,232265,232269,4,0
232265,232265,232270,5,0
232265,232265,232269,4,0
232265,232265,232270,5,0
232265,232265,232271,6,0
232265,232265,232272,7,0
232265,232265,232272,7,0
232265,232265,232273,8,0
232265,232265,232272,7,0
232265,232265,232273,8,0
232265,232265,232273,8,0
232265,232265,232273,8,0
232265,232265,232274,9,0
232265,232265,232275,10,0
232265,232265,232275,10,0
232287,232287,232288,1,0
232287,232287,232288,1,0
232287,232287,232288,1,0
232287,232287,232290,3,0
232287,232287,232290,3,0
232287,232287,232290,3,0
232287,232287,232290,3,0
232287,232287,232291,4,0
232287,232287,232291,4,0
232287,232287,232291,4,0
232287,232287,232290,3,0
232287,232287,232290,3,0
232287,232287,232291,4,0
232287,232287,232292,5,0
232287,232287,232292,5,0
232287,232287,232292,5,0
232287,232287,232291,4,0
232287,232287,232293,6,0
232287,232287,232293,6,0
232287,232287,232294,7,0
232287,232287,232295,8,0
232287,232287,232294,7,0
232287,232287,232295,8,0
232287,232287,232295,8,0
232287,232287,232295,8,0
232287,232287,232296,9,0
232287,232287,232296,9,0
232287,232287,232295,8,0
232287,232287,232297,10,0
232287,232287,232297,10,0
232287,232287,232297,10,0
232309,232309,232311,2,0
232309,232309,232310,1,0
232309,232309,232311,2,0
232309,232309,232312,3,0
232309,232309,232312,3,0
232309,232309,232312,3,0
232309,232309,232313,4,0
232309,232309,232313,4,0
232309,232309,232313,4,0
232309,232309,232313,4,0
232309,232309,232313,4,0
232309,232309,232313,4,0
232309,232309,232313,4,0
232309,232309,232313,4,0
232309,232309,232313,4,0
232309,232309,232313,4,0
232309,232309,232314,5,0
232309,232309,232314,5,0
232309,232309,232314,5,0
232309,232309,232314,5,0
232309,232309,232315,6,0
232309,232309,232317,8,0
232309,232309,232317,8,0
232309,232309,232317,8,0
232309,232309,232317,8,0
232309,232309,232317,8,0
232309,232309,232317,8,0
232309,232309,232318,9,0
232309,232309,232319,10,0
232309,232309,232319,10,0
232309,232309,232320,11,0
232334,232334,232335,1,0
232334,232334,232335,1,0
232334,232334,232335,1,0
232334,232334,232337,3,0
232334,232334,232337,3,0
232334,232334,232337,3,0
232334,232334,232337,3,0
232334,232334,232336,2,0
232334,232334,232337,3,0
232334,232334,232337,3,0
232334,232334,232338,4,0
232334,232334,232337,3,0
232334,232334,232337,3,0
232334,232334,232337,3,0
232334,232334,232337,3,0
232334,232334,232337,3,0
232334,232334,232338,4,0
232334,232334,232338,4,0
232334,232334,232338,4,0
232334,232334,232340,6,0
232334,232334,232339,5,0
232334,232334,232340,6,0
232334,232334,232341,7,0
232334,232334,232342,8,0
232334,232334,232341,7,0
232334,232334,232341,7,0
232334,232334,232341,7,0
232334,232334,232342,8,0
232334,232334,232342,8,0
232334,232334,232343,9,0
232334,232334,232342,8,0
232354,232354,232355,1,0
232354,232354,232356,2,0
232354,232354,232355,1,0
232354,232354,232357,3,0
232354,232354,232357,3,0
232354,232354,232357,3,0
232354,232354,232357,3,0
232354,232354,232358,4,0
232354,232354,232357,3,0
232354,232354,232358,4,0
232354,232354,232357,3,0
232354,232354,232358,4,0
232354,232354,232358,4,0
232354,232354,232358,4,0
232354,232354,232357,3,0
232354,232354,232358,4,0
232354,232354,232359,5,0
232354,232354,232359,5,0
232354,232354,232359,5,0
232354,232354,232360,6,0
232354,232354,232360,6,0
232354,232354,232360,6,0
232354,232354,232360,6,0
232354,232354,232361,7,0
232354,232354,232361,7,0
232354,232354,232361,7,0
232354,232354,232360,6,0
232354,232354,232362,8,0
232354,232354,232361,7,0
232354,232354,232362,8,0
232354,232354,232362,8,0
232376,232376,232377,1,0
232376,232376,232377,1,0
232376,232376,232377,1,0
232376,232376,232379,3,0
232376,232376,232379,3,0
232376,232376,232379,3,0
232376,232376,232379,3,0
232376,232376,232379,3,0
232376,232376,232379,3,0
232376,232376,232379,3,0
232376,232376,232380,4,0
232376,232376,232379,3,0
232376,232376,232379,3,0
232376,232376,232379,3,0
232376,232376,232379,3,0
232376,232376,232380,4,0
232376,232376,232380,4,0
232376,232376,232380,4,0
232376,232376,232381,5,0
232376,232376,232382,6,0
232376,232376,232382,6,0
232376,232376,232382,6,0
232376,232376,232382,6,0
232376,232376,232382,6,0
232376,232376,232383,7,0
232376,232376,232383,7,0
232376,232376,232382,6,0
232376,232376,232383,7,0
232376,232376,232384,8,0
232376,232376,232385,9,0
232376,232376,232386,10,0
232399,232399,232400,1,0
232399,232399,232400,1,0
232399,232399,232401,2,0
232399,232399,232402,3,0
232399,232399,232402,3,0
232399,232399,232402,3,0
232399,232399,232402,3,0
232399,232399,232402,3,0
232399,232399,232402,3,0
232399,232399,232402,3,0
232399,232399,232402,3,0
232399,232399,232402,3,0
232399,232399,232402,3,0
232399,232399,232402,3,0
232399,232399,232402,3,0
232399,232399,232402,3,0
232399,232399,232402,3,0
232399,232399,232403,4,0
232399,232399,232403,4,0
232399,232399,232403,4,0
232399,232399,232403,4,0
232399,232399,232405,6,0
232399,232399,232404,5,0
232399,232399,232405,6,0
232399,232399,232406,7,0
232399,232399,232406,7,0
232399,232399,232405,6,0
232399,232399,232406,7,0
232399,232399,232407,8,0
232399,232399,232408,9,0
232399,232399,232407,8,0
232420,232420,232422,2,0
232420,232420,232421,1,0
232420,232420,232421,1,0
232420,232420,232423,3,0
232420,232420,232423,3,0
232420,232420,232423,3,0
232420,232420,232423,3,0
232420,232420,232424,4,0
232420,232420,232424,4,0
232420,232420,232424,4,0
232420,232420,232423,3,0
232420,232420,232424,4,0
232420,232420,232423,3,0
232420,232420,232424,4,0
232420,232420,232424,4,0
232420,232420,232423,3,0
232420,232420,232425,5,0
232420,232420,232424,4,0
232420,232420,232425,5,0
232420,232420,232424,4,0
232420,232420,232425,5,0
232420,232420,232426,6,0
232420,232420,232425,5,0
232420,232420,232426,6,0
232420,232420,232426,6,0
232420,232420,232426,6,0
232420,232420,232426,6,0
232420,232420,232428,8,0
232420,232420,232430,10,0
232420,232420,232429,9,0
232420,232420,232430,10,0
232440,232440,232441,1,0
232440,232440,232441,1,0
232440,232440,232441,1,0
232440,232440,232443,3,0
232440,232440,232443,3,0
232440,232440,232443,3,0
232440,232440,232444,4,0
232440,232440,232443,3,0
232440,232440,232443,3,0
232440,232440,232443,3,0
232440,232440,232443,3,0
232440,232440,232444,4,0
232440,232440,232443,3,0
232440,232440,232445,5,0
232440,232440,232444,4,0
232440,232440,232444,4,0
232440,232440,232445,5,0
232440,232440,232445,5,0
232440,232440,232445,5,0
232440,232440,232445,5,0
232440,232440,232445,5,0
232440,232440,232445,5,0
232440,232440,232445,5,0
232440,232440,232445,5,0
232440,232440,232446,6,0
232440,232440,232446,6,0
232440,232440,232446,6,0
232440,232440,232447,7,0
232440,232440,232447,7,0
232440,232440,232450,10,0
232440,232440,232449,9,0
232461,232461,232462,1,0
232461,232461,232463,2,0
232461,232461,232462,1,0
232461,232461,232464,3,0
232461,232461,232464,3,0
232461,232461,232465,4,0
232461,232461,232465,4,0
232461,232461,232464,3,0
232461,232461,232464,3,0
232461,232461,232464,3,0
232461,232461,232465,4,0
232461,232461,232465,4,0
232461,232461,232465,4,0
232461,232461,232465,4,0
232461,232461,232465,4,0
232461,232461,232465,4,0
232461,232461,232466,5,0
232461,232461,232466,5,0
232461,232461,232465,4,0
232461,232461,232466,5,0
232461,232461,232466,5,0
232461,232461,232467,6,0
232461,232461,232467,6,0
232461,232461,232467,6,0
232461,232461,232467,6,0
232461,232461,232467,6,0
232461,232461,232467,6,0
232461,232461,232468,7,0
232461,232461,232469,8,0
232461,232461,232471,10,0
232461,232461,232471,10,0
232483,232483,232484,1,0
232483,232483,232484,1,0
232483,232483,232484,1,0
232483,232483,232486,3,0
232483,232483,232486,3,0
232483,232483,232485,2,0
232483,232483,232486,3,0
232483,232483,232486,3,0
232483,232483,232485,2,0
232483,232483,232486,3,0
232483,232483,232486,3,0
232483,232483,232486,3,0
232483,232483,232486,3,0
232483,232483,232486,3,0
232483,232483,232487,4,0
232483,232483,232486,3,0
232483,232483,232486,3,0
232483,232483,232486,3,0
232483,232483,232487,4,0
232483,232483,232487,4,0
232483,232483,232488,5,0
232483,232483,232487,4,0
232483,232483,232488,5,0
232483,232483,232487,4,0
232483,232483,232487,4,0
232483,232483,232489,6,0
232483,232483,232488,5,0
232483,232483,232488,5,0
232483,232483,232488,5,0
232483,232483,232489,6,0
232483,232483,232490,7,0
232503,232503,232504,1,0
232503,232503,232504,1,0
232503,232503,232504,1,0
232503,232503,232506,3,0
232503,232503,232507,4,0
232503,232503,232506,3,0
232503,232503,232506,3,0
232503,232503,232506,3,0
232503,232503,232506,3,0
232503,232503,232506,3,0
232503,232503,232507,4,0
232503,232503,232506,3,0
232503,232503,232507,4,0
232503,232503,232507,4,0
232503,232503,232506,3,0
232503,232503,232506,3,0
232503,232503,232506,3,0
232503,232503,232507,4,0
232503,232503,232507,4,0
232503,232503,232508,5,0
232503,232503,232507,4,0
232503,232503,232508,5,0
232503,232503,232508,5,0
232503,232503,232508,5,0
232503,232503,232508,5,0
232503,232503,232509,6,0
232503,232503,232508,5,0
232503,232503,232509,6,0
232503,232503,232509,6,0
232503,232503,232510,7,0
232503,232503,232512,9,0
232523,232523,232524,1,0
232523,232523,232524,1,0
232523,232523,232525,2,0
232523,232523,232526,3,0
232523,232523,232526,3,0
232523,232523,232525,2,0
232523,232523,232525,2,0
232523,232523,232526,3,0
232523,232523,232526,3,0
232523,232523,232526,3,0
232523,232523,232526,3,0
232523,232523,232526,3,0
232523,232523,232526,3,0
232523,232523,232526,3,0
232523,232523,232526,3,0
232523,232523,232526,3,0
232523,232523,232527,4,0
232523,232523,232527,4,0
232523,232523,232526,3,0
232523,232523,232527,4,0
232523,232523,232527,4,0
232523,232523,232527,4,0
232523,232523,232528,5,0
232523,232523,232528,5,0
232523,232523,232528,5,0
232523,232523,232528,5,0
232523,232523,232528,5,0
232523,232523,232528,5,0
232523,232523,232528,5,0
232523,232523,232529,6,0
232523,232523,232531,8,0
232544,232544,232545,1,0
232544,232544,232545,1,0
232544,232544,232545,1,0
232544,232544,232546,2,0
232544,232544,232547,3,0
232544,232544,232547,3,0
232544,232544,232546,2,0
232544,232544,232546,2,0
232544,232544,232547,3,0
232544,232544,232547,3,0
232544,232544,232547,3,0
232544,232544,232547,3,0
232544,232544,232547,3,0
232544,232544,232547,3,0
232544,232544,232548,4,0
232544,232544,232547,3,0
232544,232544,232548,4,0
232544,232544,232548,4,0
232544,232544,232547,3,0
232544,232544,232547,3,0
232544,232544,232547,3,0
232544,232544,232549,5,0
232544,232544,232548,4,0
232544,232544,232549,5,0
232544,232544,232549,5,0
232544,232544,232548,4,0
232544,232544,232548,4,0
232544,232544,232548,4,0
232544,232544,232549,5,0
232544,232544,232548,4,0
232544,232544,232550,6,0
232561,232561,232563,2,0
232561,232561,232563,2,0
232561,232561,232563,2,0
232561,232562,232563,1,1
232561,232562,232564,2,1
232561,232562,232564,2,1
232561,232562,232564,2,1
232561,232562,232564,2,1
232561,232562,232565,3,1
232561,232562,232564,2,1
232561,232562,232564,2,1
232561,232562,232564,2,1
232561,232562,232565,3,1
232561,232562,232565,3,1
232561,232562,232565,3,1
232561,232562,232565,3,1
232561,232562,232565,3,1
232561,232562,232565,3,1
232561,232562,232565,3,1
232561,232562,232565,3,1
232561,232562,232565,3,1
232561,232562,232565,3,1
232561,232562,232565,3,1
232561,232562,232565,3,1
232561,232562,232565,3,1
232561,232562,232565,3,1
232561,232562,232566,4,1
232561,232562,232566,4,1
232561,232562,232567,5,1
232561,232562,232566,4,1
232561,232562,232568,6,1
232580,232580,232581,1,0
232580,232580,232581,1,0
232580,232580,232581,1,0
232580,232580,232582,2,0
232580,232580,232582,2,0
232580,232580,232582,2,0
232580,232580,232582,2,0
232580,232580,232583,3,0
232580,232580,232582,2,0
232580,232580,232583,3,0
232580,232580,232582,2,0
232580,232580,232582,2,0
232580,232580,232583,3,0
232580,232580,232583,3,0
232580,232580,232584,4,0
232580,232580,232583,3,0
232580,232580,232583,3,0
232580,232580,232584,4,0
232580,232580,232583,3,0
232580,232580,232584,4,0
232580,232580,232584,4,0
232580,232580,232583,3,0
232580,232580,232584,4,0
232580,232580,232583,3,0
232580,232580,232583,3,0
232580,232580,232584,4,0
232580,232580,232583,3,0
232580,232580,232584,4,0
232580,232580,232584,4,0
232580,232580,232584,4,0
232580,232580,232586,6,0
232121,232127,232592,465,6
232598,232598,232600,2,0
232598,232598,232600,2,0
232598,232598,232600,2,0
232598,232599,232601,2,1
232598,232599,232601,2,1
232598,232599,232601,2,1
232598,232599,232602,3,1
232598,232598,232601,3,0
232598,232599,232601,2,1
232598,232599,232602,3,1
232598,232599,232601,2,1
232598,232599,232601,2,1
232598,232599,232601,2,1
232598,232599,232601,2,1
232598,232599,232602,3,1
232598,232599,232602,3,1
232598,232599,232602,3,1
232598,232599,232602,3,1
232598,232599,232602,3,1
232598,232599,232602,3,1
232598,232599,232602,3,1
232598,232599,232602,3,1
232598,232599,232602,3,1
232598,232599,232602,3,1
232598,232599,232602,3,1
232598,232599,232602,3,1
232598,232599,232604,5,1
232598,232599,232603,4,1
232598,232599,232603,4,1
232598,232599,232604,5,1
232598,232599,232604,5,1
232616,232616,232617,1,0
232616,232616,232617,1,0
232616,232616,232618,2,0
232616,232616,232617,1,0
232616,232616,232619,3,0
232616,232616,232618,2,0
232616,232616,232619,3,0
232616,232616,232619,3,0
232616,232616,232619,3,0
232616,232616,232619,3,0
232616,232616,232619,3,0
232616,232616,232619,3,0
232616,232616,232620,4,0
232616,232616,232620,4,0
232616,232616,232620,4,0
232616,232616,232620,4,0
232616,232616,232619,3,0
232616,232616,232620,4,0
232616,232616,232619,3,0
232616,232616,232620,4,0
232616,232616,232620,4,0
232616,232616,232620,4,0
232616,232616,232621,5,0
232616,232616,232621,5,0
232616,232616,232621,5,0
232616,232616,232621,5,0
232616,232616,232621,5,0
232616,232616,232621,5,0
232616,232616,232620,4,0
232616,232616,232622,6,0
232616,232616,232622,6,0
232634,232634,232636,2,0
232634,232634,232635,1,0
232634,232634,232635,1,0
232634,232634,232636,2,0
232634,232634,232636,2,0
232634,232634,232637,3,0
232634,232634,232637,3,0
232634,232634,232637,3,0
232634,232634,232637,3,0
232634,232634,232637,3,0
232634,232634,232636,2,0
232634,232634,232637,3,0
232634,232634,232636,2,0
232634,232634,232637,3,0
232634,232634,232637,3,0
232634,232634,232638,4,0
232634,232634,232638,4,0
232634,232634,232637,3,0
232634,232634,232637,3,0
232634,232634,232638,4,0
232634,232634,232638,4,0
232634,232634,232637,3,0
232634,232634,232638,4,0
232634,232634,232638,4,0
232634,232634,232638,4,0
232634,232634,232637,3,0
232634,232634,232639,5,0
232634,232634,232639,5,0
232634,232634,232640,6,0
232634,232634,232640,6,0
232634,232634,232640,6,0
232652,232652,232653,1,0
232652,232652,232653,1,0
232652,232652,232654,2,0
232652,232652,232654,2,0
232652,232652,232654,2,0
232652,232652,232653,1,0
232652,232652,232655,3,0
232652,232652,232654,2,0
232652,232652,232655,3,0
232652,232652,232655,3,0
232652,232652,232655,3,0
232652,232652,232655,3,0
232652,232652,232655,3,0
232652,232652,232654,2,0
232652,232652,232655,3,0
232652,232652,232654,2,0
232652,232652,232655,3,0
232652,232652,232655,3,0
232652,232652,232656,4,0
232652,232652,232656,4,0
232652,232652,232656,4,0
232652,232652,232656,4,0
232652,232652,232657,5,0
232652,232652,232657,5,0
232652,232652,232657,5,0
232652,232652,232658,6,0
232652,232652,232658,6,0
232652,232652,232658,6,0
232652,232652,232659,7,0
232652,232652,232660,8,0
232652,232652,232660,8,0
232672,232672,232673,1,0
232672,232672,232674,2,0
232672,232672,232674,2,0
232672,232672,232673,1,0
232672,232672,232674,2,0
232672,232672,232673,1,0
232672,232672,232674,2,0
232672,232672,232675,3,0
232672,232672,232675,3,0
232672,232672,232674,2,0
232672,232672,232675,3,0
232672,232672,232675,3,0
232672,232672,232675,3,0
232672,232672,232676,4,0
232672,232672,232675,3,0
232672,232672,232675,3,0
232672,232672,232675,3,0
232672,232672,232676,4,0
232672,232672,232676,4,0
232672,232672,232675,3,0
232672,232672,232675,3,0
232672,232672,232675,3,0
232672,232672,232675,3,0
232672,232672,232675,3,0
232672,232672,232676,4,0
232672,232672,232678,6,0
232672,232672,232678,6,0
232672,232672,232678,6,0
232599,232608,233075,467,9
233084,233117,233563,446,33
233570,233571,234016,445,1
234023,234024,234474,450,1
234481,234481,234954,473,0
234960,234961,235410,449,1
235417,235418,235838,420,1
235845,235846,236277,431,1
236286,236286,236749,463,0
236756,236757,237208,451,1
237215,237216,237628,412,1
237635,237636,238062,426,1
238069,238070,238521,451,1
238528,238529,238954,425,1
238962,238962,239388,426,0
239396,239397,239800,403,1
239808,239808,240266,458,0
240273,240273,240694,421,0
240701,240702,241130,428,1
241137,241138,241584,446,1
241591,241592,242020,428,1
242027,242028,242441,413,1
242448,242449,242881,432,1
242888,242889,243348,459,1
243356,243356,243786,430,0
243793,243794,244205,411,1
244213,244213,244689,476,0
244697,244698,245109,411,1
245120,245121,245554,433,1
245562,245563,246021,458,1
246029,246030,246460,430,1
246467,246468,246937,469,1
246944,246944,247386,442,0
247393,247394,247831,437,1
247838,247838,248316,478,0
248324,248324,248756,432,0
248763,248764,249236,472,1
249243,249244,249706,462,1
249715,249716,250147,431,1
250153,250154,250622,468,1
250629,250630,251067,437,1
251074,251075,251555,480,1
251563,251563,252020,457,0
252027,252027,252472,445,0
252480,252481,252932,451,1
252940,252941,253401,460,1
253409,253410,253862,452,1
253871,253873,254315,442,2
254323,254324,254784,460,1
254792,254794,255245,451,2
255252,255253,255725,472,1
255732,255733,256202,469,1
256209,256210,256646,436,1
256653,256654,257123,469,1
257130,257131,257592,461,1
257599,257600,258076,476,1
258084,258085,258540,455,1
258547,258548,259021,473,1
259029,259029,259495,466,0
259502,259502,259960,458,0
259968,259969,260444,475,1
260451,260452,260898,446,1
260908,260909,261387,478,1
261394,261395,261878,483,1
261885,261886,262343,457,1
262350,262351,262808,457,1
262817,262817,263312,495,0
263319,263320,263780,460,1
263787,263788,264269,481,1
264277,264278,264769,491,1
264776,264777,265249,472,1
265256,265257,265754,497,1
265765,265765,266264,499,0
266270,266271,266773,502,1
266780,266781,267285,504,1
267292,267293,267800,507,1
267808,267809,268333,524,1
268340,268340,268860,520,0
268867,268868,269402,534,1
269410,269411,269940,529,1
269947,269948,270485,537,1
270493,270494,271006,512,1
271013,271014,271567,553,1
271574,271575,272111,536,1
272119,272121,272674,553,2
272682,272682,273241,559,0
273252,273252,273819,567,0
273826,273827,274394,567,1
274400,274401,274974,573,1
274982,274983,275573,590,1
275580,275581,276176,595,1
276185,276185,276804,619,0
276811,276812,277436,624,1
277444,277444,278072,628,0
278079,278079,278730,651,0
278737,278737,279395,658,0
279402,279403,280062,659,1
329411,329411,329575,164,0
329764,329764,329857,93,0
330292,330292,330413,121,0
330964,330965,331027,62,1
331398,331398,331530,132,0
336416,336417,336418,1,1
336416,336417,336419,2,1
336416,336417,336419,2,1
336416,336417,336421,4,1
336416,336417,336422,5,1
336416,336419,336423,4,3
336416,336420,336423,3,4
336416,336417,336423,6,1
336416,336417,336423,6,1
336416,336419,336424,5,3
336416,336421,336424,3,5
336416,336417,336423,6,1
336416,336417,336423,6,1
336416,336417,336424,7,1
336416,336417,336425,8,1
336416,336422,336424,2,6
336416,336423,336425,2,7
336416,336417,336425,8,1
336416,336423,336425,2,7
336416,336423,336425,2,7
336416,336423,336426,3,7
336416,336424,336426,2,8
336416,336424,336426,2,8
336416,336424,336426,2,8
336416,336424,336425,1,8
336416,336417,336427,10,1
336416,336417,336427,10,1
336416,336417,336426,9,1
336416,336425,336426,1,9
336416,336425,336426,1,9
336416,336417,336427,10,1
336435,336435,336436,1,0
336435,336435,336436,1,0
336435,336435,336436,1,0
336435,336435,336438,3,0
336435,336435,336440,5,0
336435,336435,336440,5,0
336435,336437,336439,2,2
336435,336435,336440,5,0
336435,336435,336440,5,0
336435,336437,336440,3,2
336435,336435,336441,6,0
336435,336439,336441,2,4
336435,336435,336442,7,0
336435,336437,336442,5,2
336435,336435,336443,8,0
336435,336440,336442,2,5
336435,336441,336442,1,6
336435,336440,336442,2,5
336435,336440,336442,2,5
336435,336441,336443,2,6
336435,336441,336442,1,6
336435,336435,336444,9,0
336435,336442,336443,1,7
336435,336442,336443,1,7
336435,336435,336445,10,0
336435,336435,336445,10,0
336435,336443,336444,1,8
336435,336443,336444,1,8
336435,336435,336445,10,0
336435,336435,336445,10,0
336435,336443,336444,1,8
336449,336449,336450,1,0
336449,336449,336450,1,0
336449,336449,336451,2,0
336449,336450,336453,3,1
336449,336450,336453,3,1
336449,336451,336454,3,2
336449,336449,336454,5,0
336449,336449,336456,7,0
336449,336449,336456,7,0
336449,336449,336456,7,0
336449,336449,336456,7,0
336449,336453,336456,3,4
336449,336449,336456,7,0
336449,336454,336457,3,5
336449,336449,336457,8,0
336449,336455,336457,2,6
336449,336454,336457,3,5
336449,336449,336458,9,0
336449,336449,336458,9,0
336449,336457,336458,1,8
336449,336457,336458,1,8
336449,336457,336458,1,8
336449,336457,336458,1,8
336449,336457,336458,1,8
336449,336457,336458,1,8
336449,336449,336459,10,0
336449,336449,336459,10,0
336449,336449,336459,10,0
336449,336458,336459,1,9
336449,336449,336459,10,0
336449,336458,336459,1,9
336464,336464,336465,1,0
336464,336464,336466,2,0
336464,336464,336466,2,0
336464,336464,336469,5,0
336464,336467,336469,2,3
336464,336467,336469,2,3
336464,336464,336470,6,0
336464,336464,336470,6,0
336464,336464,336470,6,0
336464,336465,336471,6,1
336464,336466,336470,4,2
336464,336464,336471,7,0
336464,336464,336471,7,0
336464,336471,336472,1,7
336464,336471,336472,1,7
336464,336470,336472,2,6
336464,336470,336472,2,6
336464,336470,336472,2,6
336464,336471,336472,1,7
336464,336471,336472,1,7
336464,336471,336473,2,7
336464,336464,336473,9,0
336464,336473,336474,1,9
336464,336472,336473,1,8
336464,336472,336473,1,8
336464,336464,336475,11,0
336464,336464,336474,10,0
336464,336464,336474,10,0
336464,336473,336474,1,9
336464,336464,336474,10,0
336464,336464,336475,11,0
336480,336480,336481,1,0
336480,336480,336481,1,0
336480,336480,336481,1,0
336480,336480,336485,5,0
336480,336480,336485,5,0
336480,336480,336485,5,0
336480,336482,336485,3,2
336480,336480,336486,6,0
336480,336480,336486,6,0
336480,336482,336485,3,2
336480,336480,336486,6,0
336480,336481,336487,6,1
336480,336485,336487,2,5
336480,336480,336487,7,0
336480,336485,336487,2,5
336480,336485,336488,3,5
336480,336485,336487,2,5
336480,336486,336488,2,6
336480,336486,336488,2,6
336480,336480,336488,8,0
336480,336486,336488,2,6
336480,336486,336488,2,6
336480,336487,336488,1,7
336480,336487,336489,2,7
336480,336488,336489,1,8
336480,336488,336489,1,8
336480,336480,336489,9,0
336480,336480,336490,10,0
336480,336480,336490,10,0
336480,336480,336490,10,0
336480,336480,336489,9,0
336495,336495,336496,1,0
336495,336495,336496,1,0
336495,336495,336496,1,0
336495,336495,336499,4,0
336495,336497,336500,3,2
336495,336495,336500,5,0
336495,336495,336500,5,0
336495,336497,336500,3,2
336495,336495,336500,5,0
336495,336495,336500,5,0
336495,336495,336500,5,0
336495,336495,336501,6,0
336495,336497,336501,4,2
336495,336500,336503,3,5
336495,336500,336502,2,5
336495,336495,336503,8,0
336495,336501,336503,2,6
336495,336501,336503,2,6
336495,336501,336503,2,6
336495,336501,336502,1,6
336495,336502,336503,1,7
336495,336500,336503,3,5
336495,336501,336502,1,6
336495,336502,336503,1,7
336495,336495,336503,8,0
336495,336503,336504,1,8
336495,336495,336504,9,0
336495,336495,336505,10,0
336495,336495,336505,10,0
336495,336495,336504,9,0
336495,336503,336504,1,8
336510,336510,336511,1,0
336510,336510,336511,1,0
336510,336510,336511,1,0
336510,336510,336514,4,0
336510,336510,336514,4,0
336510,336510,336515,5,0
336510,336512,336514,2,2
336510,336510,336515,5,0
336510,336510,336516,6,0
336510,336511,336515,4,1
336510,336510,336516,6,0
336510,336512,336517,5,2
336510,336515,336517,2,5
336510,336515,336517,2,5
336510,336515,336517,2,5
336510,336515,336517,2,5
336510,336510,336518,8,0
336510,336516,336518,2,6
336510,336510,336517,7,0
336510,336516,336518,2,6
336510,336516,336518,2,6
336510,336517,336518,1,7
336510,336517,336518,1,7
336510,336517,336518,1,7
336510,336510,336519,9,0
336510,336510,336520,10,0
336510,336518,336519,1,8
336510,336518,336519,1,8
336510,336510,336519,9,0
336510,336510,336519,9,0
336510,336510,336519,9,0
336525,336525,336526,1,0
336525,336525,336526,1,0
336525,336525,336526,1,0
336525,336525,336530,5,0
336525,336525,336529,4,0
336525,336526,336530,4,1
336525,336525,336530,5,0
336525,336527,336530,3,2
336525,336527,336531,4,2
336525,336525,336531,6,0
336525,336525,336532,7,0
336525,336530,336532,2,5
336525,336530,336532,2,5
336525,336530,336532,2,5
336525,336530,336533,3,5
336525,336530,336533,3,5
336525,336525,336533,8,0
336525,336531,336533,2,6
336525,336525,336532,7,0
336525,336531,336533,2,6
336525,336532,336534,2,7
336525,336532,336534,2,7
336525,336532,336534,2,7
336525,336532,336533,1,7
336525,336533,336534,1,8
336525,336525,336535,10,0
336525,336525,336535,10,0
336525,336525,336535,10,0
336525,336525,336534,9,0
336525,336525,336535,10,0
336525,336525,336535,10,0
336540,336540,336541,1,0
336540,336540,336541,1,0
336540,336540,336541,1,0
336540,336540,336545,5,0
336540,336540,336545,5,0
336540,336540,336546,6,0
336540,336540,336545,5,0
336540,336542,336546,4,2
336540,336540,336547,7,0
336540,336542,336547,5,2
336540,336542,336546,4,2
336540,336540,336547,7,0
336540,336546,336548,2,6
336540,336540,336548,8,0
336540,336545,336548,3,5
336540,336545,336548,3,5
336540,336547,336549,2,7
336540,336547,336549,2,7
336540,336546,336549,3,6
336540,336546,336549,3,6
336540,336547,336549,2,7
336540,336540,336550,10,0
336540,336548,336550,2,8
336540,336540,336550,10,0
336540,336540,336550,10,0
336540,336548,336550,2,8
336540,336540,336550,10,0
336540,336548,336550,2,8
336540,336540,336550,10,0
336540,336549,336550,1,9
336540,336540,336551,11,0
336556,336556,336557,1,0
336556,336556,336557,1,0
336556,336556,336557,1,0
336556,336556,336561,5,0
336556,336556,336561,5,0
336556,336558,336561,3,2
336556,336556,336561,5,0
336556,336556,336562,6,0
336556,336558,336562,4,2
336556,336556,336562,6,0
336556,336558,336562,4,2
336556,336561,336563,2,5
336556,336556,336563,7,0
336556,336562,336564,2,6
336556,336562,336564,2,6
336556,336556,336564,8,0
336556,336562,336564,2,6
336556,336561,336563,2,5
336556,336561,336564,3,5
336556,336556,336563,7,0
336556,336562,336564,2,6
336556,336556,336565,9,0
336556,336563,336565,2,7
336556,336564,336565,1,8
336556,336556,336565,9,0
336556,336563,336565,2,7
336556,336556,336566,10,0
336556,336556,336566,10,0
336556,336564,336566,2,8
336556,336564,336565,1,8
336556,336556,336566,10,0
336571,336571,336573,2,0
336571,336571,336572,1,0
336571,336571,336572,1,0
336571,336573,336575,2,2
336571,336571,336575,4,0
336571,336571,336576,5,0
336571,336573,336576,3,2
336571,336571,336576,5,0
336571,336571,336578,7,0
336571,336571,336577,6,0
336571,336573,336577,4,2
336571,336571,336578,7,0
336571,336571,336577,6,0
336571,336577,336579,2,6
336571,336576,336579,3,5
336571,336577,336579,2,6
336571,336576,336579,3,5
336571,336576,336578,2,5
336571,336578,336580,2,7
336571,336578,336580,2,7
336571,336578,336580,2,7
336571,336578,336580,2,7
336571,336578,336580,2,7
336571,336571,336581,10,0
336571,336579,336580,1,8
336571,336571,336581,10,0
336571,336571,336581,10,0
336571,336571,336580,9,0
336571,336579,336580,1,8
336571,336571,336581,10,0
336571,336571,336581,10,0
336587,336587,336588,1,0
336587,336587,336589,2,0
336587,336587,336589,2,0
336587,336587,336592,5,0
336587,336587,336592,5,0
336587,336589,336592,3,2
336587,336587,336593,6,0
336587,336589,336593,4,2
336587,336587,336593,6,0
336587,336589,336594,5,2
336587,336587,336594,7,0
336587,336592,336594,2,5
336587,336592,336594,2,5
336587,336592,336595,3,5
336587,336593,336595,2,6
336587,336593,336595,2,6
336587,336587,336595,8,0
336587,336593,336595,2,6
336587,336587,336596,9,0
336587,336587,336596,9,0
336587,336594,336596,2,7
336587,336595,336596,1,8
336587,336594,336596,2,7
336587,336595,336596,1,8
336587,336595,336596,1,8
336587,336587,336597,10,0
336587,336587,336597,10,0
336587,336595,336597,2,8
336587,336587,336597,10,0
336587,336587,336597,10,0
336587,336587,336598,11,0
336603,336603,336604,1,0
336603,336603,336604,1,0
336603,336603,336604,1,0
336603,336603,336607,4,0
336603,336605,336608,3,2
336603,336603,336608,5,0
336603,336603,336608,5,0
336603,336605,336608,3,2
336603,336603,336609,6,0
336603,336604,336608,4,1
336603,336603,336609,6,0
336603,336608,336610,2,5
336603,336603,336610,7,0
336603,336609,336611,2,6
336603,336609,336610,1,6
336603,336608,336610,2,5
336603,336609,336610,1,6
336603,336603,336611,8,0
336603,336609,336610,1,6
336603,336609,336611,2,6
336603,336603,336611,8,0
336603,336610,336612,2,7
336603,336603,336612,9,0
336603,336603,336613,10,0
336603,336611,336612,1,8
336603,336603,336612,9,0
336603,336603,336612,9,0
336603,336611,336612,1,8
336603,336611,336612,1,8
336603,336611,336612,1,8
336603,336603,336613,10,0
336619,336619,336620,1,0
336619,336619,336620,1,0
336619,336619,336621,2,0
336619,336621,336624,3,2
336619,336620,336624,4,1
336619,336619,336624,5,0
336619,336619,336624,5,0
336619,336619,336625,6,0
336619,336620,336624,4,1
336619,336619,336624,5,0
336619,336625,336627,2,6
336619,336619,336626,7,0
336619,336625,336627,2,6
336619,336625,336626,1,6
336619,336619,336627,8,0
336619,336624,336626,2,5
336619,336625,336626,1,6
336619,336624,336626,2,5
336619,336625,336627,2,6
336619,336627,336628,1,8
336619,336619,336627,8,0
336619,336619,336629,10,0
336619,336627,336628,1,8
336619,336619,336628,9,0
336619,336627,336628,1,8
336619,336619,336629,10,0
336619,336627,336628,1,8
336619,336627,336628,1,8
336619,336619,336629,10,0
336619,336619,336629,10,0
336619,336619,336629,10,0
336635,336635,336636,1,0
336635,336635,336636,1,0
336635,336635,336636,1,0
336635,336635,336640,5,0
336635,336637,336639,2,2
336635,336635,336641,6,0
336635,336637,336641,4,2
336635,336635,336641,6,0
336635,336635,336640,5,0
336635,336637,336641,4,2
336635,336640,336642,2,5
336635,336635,336642,7,0
336635,336641,336642,1,6
336635,336641,336643,2,6
336635,336640,336643,3,5
336635,336641,336642,1,6
336635,336635,336642,7,0
336635,336641,336642,1,6
336635,336642,336643,1,7
336635,336635,336643,8,0
336635,336635,336644,9,0
336635,336643,336644,1,8
336635,336642,336643,1,7
336635,336635,336644,9,0
336635,336635,336645,10,0
336635,336643,336644,1,8
336635,336635,336644,9,0
336635,336643,336644,1,8
336635,336643,336644,1,8
336635,336635,336644,9,0
336635,336635,336644,9,0
336649,336649,336651,2,0
336649,336649,336651,2,0
336649,336649,336651,2,0
336649,336649,336654,5,0
336649,336650,336654,4,1
336649,336650,336655,5,1
336649,336652,336655,3,3
336649,336649,336657,8,0
336649,336652,336656,4,3
336649,336652,336656,4,3
336649,336650,336656,6,1
336649,336649,336657,8,0
336649,336649,336657,8,0
336649,336650,336657,7,1
336649,336655,336657,2,6
336649,336655,336657,2,6
336649,336649,336658,9,0
336649,336656,336658,2,7
336649,336656,336658,2,7
336649,336657,336658,1,8
336649,336657,336658,1,8
336649,336657,336658,1,8
336649,336658,336659,1,9
336649,336657,336658,1,8
336649,336649,336659,10,0
336649,336649,336659,10,0
336649,336649,336660,11,0
336649,336650,336659,9,1
336649,336658,336659,1,9
336649,336658,336659,1,9
336649,336658,336659,1,9
336664,336664,336666,2,0
336664,336664,336666,2,0
336664,336664,336666,2,0
336664,336665,336669,4,1
336664,336664,336669,5,0
336664,336667,336670,3,3
336664,336664,336670,6,0
336664,336667,336670,3,3
336664,336667,336671,4,3
336664,336664,336671,7,0
336664,336664,336672,8,0
336664,336665,336671,6,1
336664,336664,336672,8,0
336664,336664,336672,8,0
336664,336670,336672,2,6
336664,336671,336672,1,7
336664,336670,336672,2,6
336664,336671,336673,2,7
336664,336672,336673,1,8
336664,336664,336674,10,0
336664,336671,336673,2,7
336664,336672,336673,1,8
336664,336672,336673,1,8
336664,336664,336674,10,0
336664,336664,336673,9,0
336664,336672,336673,1,8
336664,336664,336674,10,0
336664,336664,336674,10,0
336664,336673,336674,1,9
336664,336673,336674,1,9
336664,336673,336674,1,9
336679,336679,336680,1,0
336679,336679,336681,2,0
336679,336679,336680,1,0
336679,336679,336684,5,0
336679,336679,336685,6,0
336679,336681,336685,4,2
336679,336679,336685,6,0
336679,336679,336686,7,0
336679,336681,336686,5,2
336679,336679,336686,7,0
336679,336681,336686,5,2
336679,336679,336686,7,0
336679,336679,336687,8,0
336679,336679,336686,7,0
336679,336679,336687,8,0
336679,336684,336687,3,5
336679,336685,336687,2,6
336679,336679,336687,8,0
336679,336686,336688,2,7
336679,336686,336688,2,7
336679,336685,336688,3,6
336679,336685,336687,2,6
336679,336686,336688,2,7
336679,336686,336688,2,7
336679,336686,336688,2,7
336679,336679,336689,10,0
336679,336687,336689,2,8
336679,336687,336689,2,8
336679,336679,336689,10,0
336679,336688,336689,1,9
336679,336679,336689,10,0
336695,336695,336696,1,0
336695,336695,336697,2,0
336695,336695,336697,2,0
336695,336697,336700,3,2
336695,336695,336700,5,0
336695,336695,336700,5,0
336695,336695,336701,6,0
336695,336695,336702,7,0
336695,336695,336702,7,0
336695,336697,336701,4,2
336695,336697,336702,5,2
336695,336695,336701,6,0
336695,336695,336702,7,0
336695,336695,336703,8,0
336695,336695,336703,8,0
336695,336700,336703,3,5
336695,336701,336703,2,6
336695,336701,336703,2,6
336695,336701,336703,2,6
336695,336695,336705,10,0
336695,336703,336704,1,8
336695,336702,336704,2,7
336695,336703,336704,1,8
336695,336703,336704,1,8
336695,336695,336704,9,0
336695,336703,336704,1,8
336695,336695,336704,9,0
336695,336703,336704,1,8
336695,336695,336705,10,0
336695,336704,336705,1,9
336695,336704,336705,1,9
336711,336711,336712,1,0
336711,336711,336712,1,0
336711,336711,336712,1,0
336711,336711,336716,5,0
336711,336711,336717,6,0
336711,336713,336716,3,2
336711,336711,336716,5,0
336711,336713,336716,3,2
336711,336711,336718,7,0
336711,336711,336718,7,0
336711,336711,336717,6,0
336711,336711,336718,7,0
336711,336711,336718,7,0
336711,336716,336718,2,5
336711,336713,336718,5,2
336711,336711,336718,7,0
336711,336711,336718,7,0
336711,336717,336718,1,6
336711,336717,336719,2,6
336711,336718,336719,1,7
336711,336717,336719,2,6
336711,336718,336719,1,7
336711,336711,336719,8,0
336711,336711,336719,8,0
336711,336717,336719,2,6
336711,336718,336719,1,7
336711,336718,336720,2,7
336711,336711,336720,9,0
336711,336719,336720,1,8
336711,336719,336720,1,8
336711,336719,336720,1,8
336726,336726,336727,1,0
336726,336726,336727,1,0
336726,336726,336727,1,0
336726,336728,336731,3,2
336726,336726,336732,6,0
336726,336726,336732,6,0
336726,336726,336732,6,0
336726,336728,336732,4,2
336726,336726,336731,5,0
336726,336728,336731,3,2
336726,336726,336731,5,0
336726,336726,336733,7,0
336726,336726,336732,6,0
336726,336726,336733,7,0
336726,336726,336733,7,0
336726,336732,336734,2,6
336726,336726,336733,7,0
336726,336732,336734,2,6
336726,336732,336733,1,6
336726,336726,336733,7,0
336726,336731,336734,3,5
336726,336732,336734,2,6
336726,336726,336735,9,0
336726,336732,336735,3,6
336726,336732,336734,2,6
336726,336732,336734,2,6
336726,336733,336734,1,7
336726,336733,336735,2,7
336726,336726,336735,9,0
336726,336734,336735,1,8
336726,336734,336735,1,8
336741,336741,336742,1,0
336741,336741,336742,1,0
336741,336741,336743,2,0
336741,336741,336746,5,0
336741,336743,336746,3,2
336741,336741,336747,6,0
336741,336743,336746,3,2
336741,336741,336747,6,0
336741,336741,336748,7,0
336741,336741,336747,6,0
336741,336741,336748,7,0
336741,336741,336749,8,0
336741,336743,336749,6,2
336741,336741,336749,8,0
336741,336741,336748,7,0
336741,336741,336748,7,0
336741,336741,336749,8,0
336741,336747,336749,2,6
336741,336748,336750,2,7
336741,336748,336750,2,7
336741,336747,336750,3,6
336741,336748,336750,2,7
336741,336747,336749,2,6
336741,336741,336749,8,0
336741,336747,336750,3,6
336741,336748,336750,2,7
336741,336749,336750,1,8
336741,336749,336751,2,8
336741,336741,336751,10,0
336741,336749,336750,1,8
336741,336749,336750,1,8
336756,336756,336758,2,0
336756,336756,336758,2,0
336756,336756,336758,2,0
336756,336756,336761,5,0
336756,336758,336761,3,2
336756,336758,336762,4,2
336756,336756,336762,6,0
336756,336756,336762,6,0
336756,336756,336763,7,0
336756,336756,336763,7,0
336756,336756,336763,7,0
336756,336756,336763,7,0
336756,336756,336764,8,0
336756,336762,336764,2,6
336756,336756,336764,8,0
336756,336758,336764,6,2
336756,336756,336765,9,0
336756,336762,336764,2,6
336756,336763,336764,1,7
336756,336756,336765,9,0
336756,336763,336765,2,7
336756,336764,336765,1,8
336756,336764,336765,1,8
336756,336764,336765,1,8
336756,336763,336765,2,7
336756,336764,336765,1,8
336756,336756,336766,10,0
336756,336756,336766,10,0
336756,336765,336766,1,9
336756,336765,336766,1,9
336756,336765,336766,1,9
336771,336771,336772,1,0
336771,336771,336773,2,0
336771,336771,336772,1,0
336771,336773,336776,3,2
336771,336771,336777,6,0
336771,336773,336776,3,2
336771,336771,336776,5,0
336771,336771,336776,5,0
336771,336771,336777,6,0
336771,336771,336778,7,0
336771,336773,336778,5,2
336771,336771,336778,7,0
336771,336771,336778,7,0
336771,336771,336778,7,0
336771,336771,336779,8,0
336771,336776,336779,3,5
336771,336777,336779,2,6
336771,336777,336779,2,6
336771,336777,336779,2,6
336771,336777,336779,2,6
336771,336778,336780,2,7
336771,336778,336780,2,7
336771,336777,336780,3,6
336771,336778,336779,1,7
336771,336779,336780,1,8
336771,336778,336779,1,7
336771,336771,336780,9,0
336771,336771,336781,10,0
336771,336779,336780,1,8
336771,336771,336781,10,0
336771,336771,336782,11,0
336787,336788,336789,1,1
336787,336788,336789,1,1
336787,336788,336791,3,1
336787,336790,336792,2,3
336787,336789,336793,4,2
336787,336790,336794,4,3
336787,336788,336793,5,1
336787,336788,336793,5,1
336787,336788,336793,5,1
336787,336792,336794,2,5
336787,336793,336795,2,6
336787,336794,336796,2,7
336787,336788,336795,7,1
336787,336794,336796,2,7
336787,336794,336796,2,7
336787,336794,336796,2,7
336787,336788,336796,8,1
336787,336794,336796,2,7
336787,336795,336796,1,8
336787,336788,336797,9,1
336787,336788,336797,9,1
336787,336788,336797,9,1
336787,336788,336798,10,1
336787,336788,336797,9,1
336787,336788,336797,9,1
336787,336796,336797,1,9
336787,336796,336797,1,9
336787,336796,336797,1,9
336787,336796,336797,1,9
336787,336788,336798,10,1
336803,336803,336804,1,0
336803,336803,336805,2,0
336803,336803,336805,2,0
336803,336804,336807,3,1
336803,336806,336808,2,3
336803,336803,336808,5,0
336803,336803,336809,6,0
336803,336803,336809,6,0
336803,336804,336809,5,1
336803,336806,336810,4,3
336803,336803,336810,7,0
336803,336806,336810,4,3
336803,336809,336811,2,6
336803,336808,336810,2,5
336803,336803,336811,8,0
336803,336803,336811,8,0
336803,336809,336811,2,6
336803,336810,336812,2,7
336803,336810,336811,1,7
336803,336810,336811,1,7
336803,336803,336812,9,0
336803,336803,336813,10,0
336803,336811,336812,1,8
336803,336812,336813,1,9
336803,336811,336812,1,8
336803,336811,336812,1,8
336803,336811,336812,1,8
336803,336811,336812,1,8
336803,336803,336813,10,0
336803,336803,336813,10,0
336803,336803,336813,10,0
336818,336818,336820,2,0
336818,336818,336820,2,0
336818,336818,336819,1,0
336818,336818,336823,5,0
336818,336818,336822,4,0
336818,336818,336823,5,0
336818,336820,336824,4,2
336818,336820,336824,4,2
336818,336818,336824,6,0
336818,336818,336824,6,0
336818,336818,336824,6,0
336818,336820,336825,5,2
336818,336818,336825,7,0
336818,336818,336825,7,0
336818,336818,336824,6,0
336818,336818,336825,7,0
336818,336823,336826,3,5
336818,336824,336826,2,6
336818,336824,336826,2,6
336818,336823,336826,3,5
336818,336824,336826,2,6
336818,336824,336826,2,6
336818,336824,336826,2,6
336818,336825,336827,2,7
336818,336825,336827,2,7
336818,336825,336827,2,7
336818,336825,336826,1,7
336818,336825,336827,2,7
336818,336818,336828,10,0
336818,336818,336827,9,0
336818,336818,336828,10,0
336833,336834,336835,1,1
336833,336834,336835,1,1
336833,336834,336836,2,1
336833,336834,336837,3,1
336833,336834,336839,5,1
336833,336834,336839,5,1
336833,336834,336838,4,1
336833,336834,336838,4,1
336833,336835,336839,4,2
336833,336834,336839,5,1
336833,336834,336839,5,1
336833,336834,336840,6,1
336833,336837,336840,3,4
336833,336834,336840,6,1
336833,336836,336840,4,3
336833,336839,336841,2,6
336833,336838,336840,2,5
336833,336839,336841,2,6
336833,336839,336841,2,6
336833,336840,336842,2,7
336833,336839,336841,2,6
336833,336840,336841,1,7
336833,336840,336841,1,7
336833,336834,336842,8,1
336833,336841,336842,1,8
336833,336834,336842,8,1
336833,336841,336842,1,8
336833,336841,336842,1,8
336833,336841,336842,1,8
336833,336834,336844,10,1
336833,336834,336843,9,1
336848,336848,336849,1,0
336848,336848,336849,1,0
336848,336848,336849,1,0
336848,336848,336852,4,0
336848,336848,336852,4,0
336848,336848,336853,5,0
336848,336848,336853,5,0
336848,336848,336853,5,0
336848,336848,336854,6,0
336848,336850,336854,4,2
336848,336848,336854,6,0
336848,336848,336854,6,0
336848,336850,336854,4,2
336848,336848,336854,6,0
336848,336848,336854,6,0
336848,336848,336854,6,0
336848,336852,336855,3,4
336848,336853,336855,2,5
336848,336853,336855,2,5
336848,336849,336855,6,1
336848,336854,336855,1,6
336848,336852,336855,3,4
336848,336854,336856,2,6
336848,336848,336856,8,0
336848,336854,336856,2,6
336848,336854,336856,2,6
336848,336855,336856,1,7
336848,336855,336857,2,7
336848,336855,336856,1,7
336848,336855,336856,1,7
336848,336848,336857,9,0
336862,336863,336864,1,1
336862,336863,336864,1,1
336862,336863,336864,1,1
336862,336863,336866,3,1
336862,336863,336867,4,1
336862,336864,336868,4,2
336862,336863,336868,5,1
336862,336864,336868,4,2
336862,336863,336868,5,1
336862,336863,336868,5,1
336862,336865,336869,4,3
336862,336863,336869,6,1
336862,336863,336868,5,1
336862,336868,336870,2,6
336862,336867,336870,3,5
336862,336868,336870,2,6
336862,336863,336869,6,1
336862,336867,336870,3,5
336862,336863,336869,6,1
336862,336868,336870,2,6
336862,336863,336871,8,1
336862,336869,336871,2,7
336862,336869,336870,1,7
336862,336869,336871,2,7
336862,336869,336871,2,7
336862,336869,336871,2,7
336862,336870,336871,1,8
336862,336863,336871,8,1
336862,336870,336872,2,8
336862,336863,336872,9,1
336862,336863,336872,9,1
336878,336878,336879,1,0
336878,336878,336879,1,0
336878,336878,336879,1,0
336878,336878,336883,5,0
336878,336878,336883,5,0
336878,336878,336882,4,0
336878,336878,336883,5,0
336878,336878,336882,4,0
336878,336878,336883,5,0
336878,336878,336882,4,0
336878,336878,336884,6,0
336878,336880,336883,3,2
336878,336878,336883,5,0
336878,336880,336884,4,2
336878,336880,336884,4,2
336878,336878,336884,6,0
336878,336883,336885,2,5
336878,336883,336885,2,5
336878,336883,336885,2,5
336878,336883,336885,2,5
336878,336883,336885,2,5
336878,336884,336885,1,6
336878,336883,336886,3,5
336878,336884,336885,1,6
336878,336884,336886,2,6
336878,336884,336885,1,6
336878,336878,336885,7,0
336878,336883,336886,3,5
336878,336885,336886,1,7
336878,336878,336888,10,0
336878,336878,336888,10,0
336894,336894,336895,1,0
336894,336894,336895,1,0
336894,336894,336895,1,0
336894,336894,336897,3,0
336894,336894,336897,3,0
336894,336894,336899,5,0
336894,336896,336899,3,2
336894,336895,336898,3,1
336894,336894,336898,4,0
336894,336896,336899,3,2
336894,336894,336899,5,0
336894,336894,336899,5,0
336894,336894,336899,5,0
336894,336894,336900,6,0
336894,336899,336900,1,5
336894,336899,336901,2,5
336894,336894,336900,6,0
336894,336899,336901,2,5
336894,336894,336900,6,0
336894,336899,336901,2,5
336894,336894,336901,7,0
336894,336898,336901,3,4
336894,336898,336900,2,4
336894,336900,336901,1,6
336894,336899,336902,3,5
336894,336900,336901,1,6
336894,336900,336901,1,6
336894,336901,336902,1,7
336894,336901,336902,1,7
336894,336894,336904,10,0
336894,336894,336904,10,0
336909,336909,336910,1,0
336909,336909,336910,1,0
336909,336909,336910,1,0
336909,336909,336912,3,0
336909,336909,336913,4,0
336909,336911,336914,3,2
336909,336909,336914,5,0
336909,336909,336914,5,0
336909,336909,336914,5,0
336909,336911,336914,3,2
336909,336911,336915,4,2
336909,336909,336915,6,0
336909,336909,336915,6,0
336909,336909,336916,7,0
336909,336909,336915,6,0
336909,336914,336916,2,5
336909,336909,336916,7,0
336909,336909,336916,7,0
336909,336913,336916,3,4
336909,336914,336916,2,5
336909,336914,336917,3,5
336909,336914,336916,2,5
336909,336915,336916,1,6
336909,336915,336916,1,6
336909,336915,336916,1,6
336909,336915,336917,2,6
336909,336916,336917,1,7
336909,336915,336916,1,6
336909,336909,336917,8,0
336909,336916,336917,1,7
336909,336909,336919,10,0
336923,336924,336925,1,1
336923,336924,336925,1,1
336923,336924,336925,1,1
336923,336924,336928,4,1
336923,336924,336929,5,1
336923,336926,336929,3,3
336923,336926,336928,2,3
336923,336924,336929,5,1
336923,336924,336929,5,1
336923,336926,336929,3,3
336923,336924,336929,5,1
336923,336924,336929,5,1
336923,336924,336929,5,1
336923,336924,336930,6,1
336923,336924,336930,6,1
336923,336924,336930,6,1
336923,336924,336930,6,1
336923,336929,336930,1,6
336923,336929,336931,2,6
336923,336930,336931,1,7
336923,336930,336931,1,7
336923,336929,336931,2,6
336923,336930,336931,1,7
336923,336930,336931,1,7
336923,336929,336931,2,6
336923,336930,336931,1,7
336923,336930,336931,1,7
336923,336931,336932,1,8
336923,336931,336932,1,8
336923,336924,336934,10,1
336923,336924,336933,9,1
336938,336938,336939,1,0
336938,336938,336939,1,0
336938,336938,336939,1,0
336938,336938,336942,4,0
336938,336938,336942,4,0
336938,336938,336943,5,0
336938,336938,336942,4,0
336938,336940,336943,3,2
336938,336940,336942,2,2
336938,336939,336943,4,1
336938,336938,336943,5,0
336938,336938,336944,6,0
336938,336938,336944,6,0
336938,336942,336945,3,4
336938,336943,336945,2,5
336938,336943,336945,2,5
336938,336938,336944,6,0
336938,336943,336945,2,5
336938,336938,336944,6,0
336938,336938,336945,7,0
336938,336943,336945,2,5
336938,336944,336945,1,6
336938,336938,336946,8,0
336938,336943,336946,3,5
336938,336943,336945,2,5
336938,336944,336945,1,6
336938,336945,336946,1,7
336938,336945,336946,1,7
336938,336945,336946,1,7
336938,336938,336946,8,0
336938,336938,336948,10,0
336953,336953,336954,1,0
336953,336953,336954,1,0
336953,336953,336955,2,0
336953,336953,336956,3,0
336953,336953,336957,4,0
336953,336953,336958,5,0
336953,336954,336958,4,1
336953,336954,336957,3,1
336953,336955,336958,3,2
336953,336953,336958,5,0
336953,336953,336958,5,0
336953,336953,336959,6,0
336953,336953,336959,6,0
336953,336953,336959,6,0
336953,336953,336960,7,0
336953,336953,336960,7,0
336953,336958,336960,2,5
336953,336953,336960,7,0
336953,336958,336960,2,5
336953,336957,336960,3,4
336953,336958,336960,2,5
336953,336957,336960,3,4
336953,336958,336960,2,5
336953,336958,336960,2,5
336953,336958,336961,3,5
336953,336959,336961,2,6
336953,336959,336961,2,6
336953,336959,336961,2,6
336953,336953,336961,8,0
336953,336960,336962,2,7
336953,336953,336963,10,0
336968,336968,336969,1,0
336968,336968,336969,1,0
336968,336968,336969,1,0
336968,336968,336971,3,0
336968,336968,336972,4,0
336968,336968,336972,4,0
336968,336969,336972,3,1
336968,336968,336972,4,0
336968,336970,336973,3,2
336968,336968,336972,4,0
336968,336968,336972,4,0
336968,336970,336972,2,2
336968,336968,336973,5,0
336968,336968,336973,5,0
336968,336972,336974,2,4
336968,336973,336975,2,5
336968,336968,336975,7,0
336968,336968,336974,6,0
336968,336973,336974,1,5
336968,336973,336975,2,5
336968,336968,336974,6,0
336968,336973,336975,2,5
336968,336974,336975,1,6
336968,336968,336975,7,0
336968,336973,336975,2,5
336968,336973,336974,1,5
336968,336973,336974,1,5
336968,336973,336975,2,5
336968,336975,336976,1,7
336968,336974,336975,1,6
336968,336968,336977,9,0
336982,336982,336983,1,0
336982,336982,336983,1,0
336982,336982,336984,2,0
336982,336983,336985,2,1
336982,336982,336986,4,0
336982,336984,336986,2,2
336982,336982,336987,5,0
336982,336982,336987,5,0
336982,336984,336987,3,2
336982,336982,336987,5,0
336982,336982,336987,5,0
336982,336985,336987,2,3
336982,336983,336987,4,1
336982,336983,336987,4,1
336982,336986,336988,2,4
336982,336982,336988,6,0
336982,336987,336988,1,5
336982,336987,336988,1,5
336982,336982,336989,7,0
336982,336988,336989,1,6
336982,336988,336989,1,6
336982,336988,336989,1,6
336982,336982,336989,7,0
336982,336988,336989,1,6
336982,336988,336989,1,6
336982,336988,336989,1,6
336982,336988,336989,1,6
336982,336988,336989,1,6
336982,336988,336989,1,6
336982,336982,336990,8,0
336982,336983,336990,7,1
336995,336996,336997,1,1
336995,336996,336997,1,1
336995,336996,336997,1,1
336995,336996,336999,3,1
336995,336996,336999,3,1
336995,336996,336999,3,1
336995,336998,337001,3,3
336995,336996,337000,4,1
336995,336998,337000,2,3
336995,336996,337001,5,1
336995,336998,337001,3,3
336995,337000,337002,2,5
336995,336996,337001,5,1
336995,336996,337002,6,1
336995,337000,337001,1,5
336995,336996,337001,5,1
336995,336996,337001,5,1
336995,337001,337002,1,6
336995,336996,337002,6,1
336995,337002,337003,1,7
336995,337001,337002,1,6
336995,337001,337002,1,6
336995,337000,337002,2,5
336995,337002,337003,1,7
336995,336996,337003,7,1
336995,337002,337003,1,7
336995,337002,337003,1,7
336995,337002,337003,1,7
336995,336996,337003,7,1
336995,337002,337003,1,7
336995,336996,337005,9,1
337010,337010,337011,1,0
337010,337010,337011,1,0
337010,337010,337011,1,0
337010,337010,337012,2,0
337010,337010,337013,3,0
337010,337012,337014,2,2
337010,337010,337013,3,0
337010,337012,337014,2,2
337010,337010,337015,5,0
337010,337012,337014,2,2
337010,337010,337014,4,0
337010,337013,337015,2,3
337010,337010,337016,6,0
337010,337014,337016,2,4
337010,337014,337016,2,4
337010,337010,337015,5,0
337010,337010,337015,5,0
337010,337014,337015,1,4
337010,337010,337016,6,0
337010,337010,337016,6,0
337010,337015,337016,1,5
337010,337010,337017,7,0
337010,337010,337017,7,0
337010,337015,337017,2,5
337010,337015,337016,1,5
337010,337015,337016,1,5
337010,337016,337017,1,6
337010,337016,337017,1,6
337010,337015,337016,1,5
337010,337016,337017,1,6
337010,337010,337019,9,0
337024,337024,337025,1,0
337024,337024,337026,2,0
337024,337024,337026,2,0
337024,337024,337025,1,0
337024,337024,337025,1,0
337024,337024,337028,4,0
337024,337026,337028,2,2
337024,337026,337028,2,2
337024,337026,337028,2,2
337024,337024,337028,4,0
337024,337024,337027,3,0
337024,337026,337028,2,2
337024,337025,337028,3,1
337024,337024,337029,5,0
337024,337024,337029,5,0
337024,337024,337028,4,0
337024,337024,337028,4,0
337024,337024,337028,4,0
337024,337028,337029,1,4
337024,337024,337029,5,0
337024,337028,337030,2,4
337024,337028,337030,2,4
337024,337028,337030,2,4
337024,337028,337030,2,4
337024,337029,337030,1,5
337024,337028,337030,2,4
337024,337028,337030,2,4
337024,337028,337030,2,4
337024,337029,337030,1,5
337024,337024,337031,7,0
337024,337024,337031,7,0
337036,337036,337037,1,0
337036,337036,337037,1,0
337036,337036,337037,1,0
337036,337036,337038,2,0
337036,337036,337038,2,0
337036,337036,337039,3,0
337036,337037,337039,2,1
337036,337036,337039,3,0
337036,337037,337040,3,1
337036,337036,337040,4,0
337036,337036,337040,4,0
337036,337036,337040,4,0
337036,337036,337040,4,0
337036,337036,337040,4,0
337036,337036,337040,4,0
337036,337036,337041,5,0
337036,337039,337041,2,3
337036,337038,337040,2,2
337036,337039,337041,2,3
337036,337036,337041,5,0
337036,337039,337041,2,3
337036,337040,337041,1,4
337036,337036,337041,5,0
337036,337040,337042,2,4
337036,337040,337042,2,4
337036,337041,337042,1,5
337036,337039,337041,2,3
337036,337040,337041,1,4
337036,337040,337041,1,4
337036,337040,337041,1,4
337036,337040,337041,1,4
337047,337047,337048,1,0
337047,337047,337048,1,0
337047,337047,337048,1,0
337047,337047,337049,2,0
337047,337047,337049,2,0
337047,337047,337049,2,0
337047,337047,337051,4,0
337047,337047,337051,4,0
337047,337047,337050,3,0
337047,337047,337051,4,0
337047,337048,337050,2,1
337047,337047,337051,4,0
337047,337047,337050,3,0
337047,337049,337051,2,2
337047,337047,337052,5,0
337047,337049,337051,2,2
337047,337047,337051,4,0
337047,337050,337052,2,3
337047,337047,337052,5,0
337047,337051,337053,2,4
337047,337051,337052,1,4
337047,337047,337053,6,0
337047,337050,337052,2,3
337047,337051,337052,1,4
337047,337051,337052,1,4
337047,337051,337052,1,4
337047,337051,337052,1,4
337047,337050,337052,2,3
337047,337051,337052,1,4
337047,337052,337053,1,5
337047,337052,337053,1,5
337058,337058,337059,1,0
337058,337058,337059,1,0
337058,337058,337060,2,0
337058,337058,337060,2,0
337058,337058,337061,3,0
337058,337058,337060,2,0
337058,337058,337061,3,0
337058,337058,337061,3,0
337058,337058,337061,3,0
337058,337058,337062,4,0
337058,337060,337063,3,2
337058,337058,337062,4,0
337058,337061,337063,2,3
337058,337058,337063,5,0
337058,337061,337063,2,3
337058,337060,337062,2,2
337058,337061,337063,2,3
337058,337061,337063,2,3
337058,337061,337063,2,3
337058,337058,337063,5,0
337058,337061,337063,2,3
337058,337063,337064,1,5
337058,337063,337064,1,5
337058,337060,337063,3,2
337058,337063,337064,1,5
337058,337063,337064,1,5
337058,337058,337064,6,0
337058,337063,337065,2,5
337058,337063,337064,1,5
337058,337058,337066,8,0
337058,337058,337066,8,0
337070,337070,337071,1,0
337070,337070,337072,2,0
337070,337070,337072,2,0
337070,337070,337073,3,0
337070,337070,337073,3,0
337070,337070,337073,3,0
337070,337070,337073,3,0
337070,337070,337073,3,0
337070,337070,337073,3,0
337070,337071,337074,3,1
337070,337072,337074,2,2
337070,337070,337075,5,0
337070,337072,337075,3,2
337070,337074,337075,1,4
337070,337070,337075,5,0
337070,337074,337075,1,4
337070,337070,337076,6,0
337070,337073,337075,2,3
337070,337073,337076,3,3
337070,337074,337076,2,4
337070,337074,337076,2,4
337070,337076,337077,1,6
337070,337075,337076,1,5
337070,337076,337077,1,6
337070,337070,337077,7,0
337070,337075,337076,1,5
337070,337070,337077,7,0
337070,337076,337077,1,6
337070,337076,337077,1,6
337070,337070,337077,7,0
337070,337070,337080,10,0
337085,337085,337086,1,0
337085,337085,337086,1,0
337085,337085,337087,2,0
337085,337085,337087,2,0
337085,337085,337088,3,0
337085,337085,337088,3,0
337085,337086,337088,2,1
337085,337087,337089,2,2
337085,337085,337089,4,0
337085,337086,337090,4,1
337085,337086,337089,3,1
337085,337087,337089,2,2
337085,337085,337090,5,0
337085,337089,337091,2,4
337085,337085,337090,5,0
337085,337088,337090,2,3
337085,337088,337091,3,3
337085,337089,337091,2,4
337085,337089,337091,2,4
337085,337090,337091,1,5
337085,337090,337091,1,5
337085,337086,337092,6,1
337085,337090,337091,1,5
337085,337090,337091,1,5
337085,337090,337091,1,5
337085,337091,337092,1,6
337085,337091,337092,1,6
337085,337085,337092,7,0
337085,337085,337092,7,0
337085,337091,337092,1,6
337085,337085,337094,9,0
337099,337099,337100,1,0
337099,337099,337100,1,0
337099,337099,337101,2,0
337099,337099,337102,3,0
337099,337099,337102,3,0
337099,337099,337102,3,0
337099,337100,337103,3,1
337099,337100,337103,3,1
337099,337099,337102,3,0
337099,337101,337103,2,2
337099,337099,337104,5,0
337099,337099,337104,5,0
337099,337101,337104,3,2
337099,337102,337104,2,3
337099,337103,337105,2,4
337099,337099,337105,6,0
337099,337099,337105,6,0
337099,337102,337105,3,3
337099,337102,337104,2,3
337099,337099,337105,6,0
337099,337103,337105,2,4
337099,337104,337105,1,5
337099,337100,337106,6,1
337099,337104,337105,1,5
337099,337103,337105,2,4
337099,337104,337106,2,5
337099,337104,337106,2,5
337099,337104,337106,2,5
337099,337099,337106,7,0
337099,337105,337106,1,6
337099,337099,337107,8,0
337112,337112,337113,1,0
337112,337112,337114,2,0
337112,337112,337114,2,0
337112,337112,337115,3,0
337112,337112,337115,3,0
337112,337112,337115,3,0
337112,337113,337115,2,1
337112,337112,337116,4,0
337112,337113,337116,3,1
337112,337112,337116,4,0
337112,337112,337117,5,0
337112,337115,337117,2,3
337112,337115,337117,2,3
337112,337116,337118,2,4
337112,337116,337117,1,4
337112,337117,337118,1,5
337112,337117,337118,1,5
337112,337112,337118,6,0
337112,337112,337118,6,0
337112,337116,337118,2,4
337112,337117,337118,1,5
337112,337116,337118,2,4
337112,337112,337118,6,0
337112,337112,337119,7,0
337112,337118,337119,1,6
337112,337118,337119,1,6
337112,337118,337119,1,6
337112,337118,337119,1,6
337112,337118,337119,1,6
337112,337112,337120,8,0
337112,337112,337120,8,0
337126,337126,337127,1,0
337126,337126,337127,1,0
337126,337126,337127,1,0
337126,337126,337128,2,0
337126,337126,337129,3,0
337126,337126,337129,3,0
337126,337126,337129,3,0
337126,337126,337129,3,0
337126,337126,337130,4,0
337126,337128,337130,2,2
337126,337126,337130,4,0
337126,337128,337130,2,2
337126,337128,337130,2,2
337126,337126,337130,4,0
337126,337130,337132,2,4
337126,337130,337132,2,4
337126,337126,337131,5,0
337126,337126,337131,5,0
337126,337129,337131,2,3
337126,337126,337132,6,0
337126,337129,337131,2,3
337126,337130,337131,1,4
337126,337126,337133,7,0
337126,337131,337133,2,5
337126,337131,337132,1,5
337126,337126,337132,6,0
337126,337131,337132,1,5
337126,337131,337132,1,5
337126,337131,337132,1,5
337126,337131,337132,1,5
337126,337132,337133,1,6
337138,337138,337140,2,0
337138,337138,337139,1,0
337138,337138,337139,1,0
337138,337138,337141,3,0
337138,337138,337141,3,0
337138,337138,337141,3,0
337138,337138,337141,3,0
337138,337138,337142,4,0
337138,337140,337142,2,2
337138,337138,337143,5,0
337138,337138,337142,4,0
337138,337140,337142,2,2
337138,337141,337143,2,3
337138,337140,337142,2,2
337138,337138,337143,5,0
337138,337141,337143,2,3
337138,337138,337143,5,0
337138,337138,337144,6,0
337138,337142,337144,2,4
337138,337138,337144,6,0
337138,337142,337144,2,4
337138,337142,337144,2,4
337138,337143,337145,2,5
337138,337143,337145,2,5
337138,337144,337145,1,6
337138,337143,337144,1,5
337138,337143,337144,1,5
337138,337138,337145,7,0
337138,337142,337144,2,4
337138,337143,337144,1,5
337138,337138,337145,7,0
337150,337150,337151,1,0
337150,337150,337151,1,0
337150,337150,337151,1,0
337150,337150,337153,3,0
337150,337150,337152,2,0
337150,337150,337153,3,0
337150,337150,337153,3,0
337150,337150,337154,4,0
337150,337151,337153,2,1
337150,337150,337154,4,0
337150,337150,337155,5,0
337150,337152,337154,2,2
337150,337150,337155,5,0
337150,337152,337154,2,2
337150,337153,337155,2,3
337150,337153,337155,2,3
337150,337150,337156,6,0
337150,337150,337156,6,0
337150,337153,337155,2,3
337150,337154,337156,2,4
337150,337154,337156,2,4
337150,337154,337156,2,4
337150,337150,337156,6,0
337150,337150,337157,7,0
337150,337154,337156,2,4
337150,337155,337157,2,5
337150,337155,337156,1,5
337150,337150,337157,7,0
337150,337155,337157,2,5
337150,337155,337157,2,5
337150,337155,337156,1,5
337163,337163,337164,1,0
337163,337163,337164,1,0
337163,337163,337164,1,0
337163,337163,337165,2,0
337163,337163,337166,3,0
337163,337163,337166,3,0
337163,337163,337165,2,0
337163,337163,337167,4,0
337163,337164,337166,2,1
337163,337163,337166,3,0
337163,337165,337167,2,2
337163,337165,337167,2,2
337163,337163,337168,5,0
337163,337163,337168,5,0
337163,337165,337167,2,2
337163,337166,337168,2,3
337163,337163,337168,5,0
337163,337166,337168,2,3
337163,337167,337169,2,4
337163,337167,337169,2,4
337163,337166,337168,2,3
337163,337167,337168,1,4
337163,337163,337169,6,0
337163,337167,337169,2,4
337163,337167,337169,2,4
337163,337163,337170,7,0
337163,337168,337169,1,5
337163,337168,337169,1,5
337163,337168,337169,1,5
337163,337163,337170,7,0
337163,337163,337169,6,0
337175,337175,337176,1,0
337175,337175,337176,1,0
337175,337175,337176,1,0
337175,337175,337177,2,0
337175,337175,337178,3,0
337175,337175,337177,2,0
337175,337175,337177,2,0
337175,337175,337177,2,0
337175,337175,337178,3,0
337175,337176,337178,2,1
337175,337175,337179,4,0
337175,337177,337179,2,2
337175,337177,337179,2,2
337175,337175,337179,4,0
337175,337178,337180,2,3
337175,337177,337179,2,2
337175,337178,337180,2,3
337175,337178,337180,2,3
337175,337178,337179,1,3
337175,337175,337181,6,0
337175,337175,337180,5,0
337175,337178,337180,2,3
337175,337175,337181,6,0
337175,337179,337180,1,4
337175,337175,337181,6,0
337175,337175,337180,5,0
337175,337179,337181,2,4
337175,337179,337181,2,4
337175,337180,337182,2,5
337175,337180,337181,1,5
337175,337180,337181,1,5
337186,337186,337187,1,0
337186,337186,337187,1,0
337186,337186,337187,1,0
337186,337186,337188,2,0
337186,337186,337188,2,0
337186,337186,337188,2,0
337186,337186,337188,2,0
337186,337187,337189,2,1
337186,337186,337189,3,0
337186,337186,337188,2,0
337186,337188,337190,2,2
337186,337186,337190,4,0
337186,337188,337190,2,2
337186,337188,337191,3,2
337186,337188,337191,3,2
337186,337189,337191,2,3
337186,337186,337191,5,0
337186,337188,337190,2,2
337186,337189,337191,2,3
337186,337190,337191,1,4
337186,337189,337191,2,3
337186,337186,337192,6,0
337186,337186,337192,6,0
337186,337186,337192,6,0
337186,337191,337192,1,5
337186,337191,337193,2,5
337186,337191,337192,1,5
337186,337186,337193,7,0
337186,337191,337193,2,5
337186,337191,337193,2,5
337186,337186,337194,8,0
337199,337199,337200,1,0
337199,337199,337200,1,0
337199,337199,337201,2,0
337199,337199,337201,2,0
337199,337199,337200,1,0
337199,337199,337201,2,0
337199,337199,337201,2,0
337199,337200,337202,2,1
337199,337199,337202,3,0
337199,337199,337202,3,0
337199,337200,337202,2,1
337199,337201,337203,2,2
337199,337201,337203,2,2
337199,337202,337204,2,3
337199,337202,337204,2,3
337199,337199,337204,5,0
337199,337201,337203,2,2
337199,337202,337204,2,3
337199,337202,337204,2,3
337199,337202,337204,2,3
337199,337199,337204,5,0
337199,337201,337204,3,2
337199,337199,337205,6,0
337199,337199,337205,6,0
337199,337199,337205,6,0
337199,337199,337205,6,0
337199,337203,337205,2,4
337199,337204,337205,1,5
337199,337204,337206,2,5
337199,337204,337206,2,5
337199,337199,337206,7,0
337211,337211,337213,2,0
337211,337211,337213,2,0
337211,337211,337213,2,0
337211,337211,337213,2,0
337211,337211,337213,2,0
337211,337211,337213,2,0
337211,337212,337213,1,1
337211,337212,337213,1,1
337211,337214,337215,1,3
337211,337214,337215,1,3
337211,337214,337215,1,3
337211,337212,337215,3,1
337211,337214,337215,1,3
337211,337214,337215,1,3
337211,337214,337216,2,3
337211,337211,337217,6,0
337211,337214,337216,2,3
337211,337211,337216,5,0
337211,337214,337216,2,3
337211,337211,337216,5,0
337211,337211,337217,6,0
337211,337216,337217,1,5
337211,337211,337217,6,0
337211,337216,337217,1,5
337211,337216,337217,1,5
337211,337211,337217,6,0
337211,337216,337217,1,5
337211,337216,337217,1,5
337211,337211,337217,6,0
337211,337216,337217,1,5
337211,337216,337217,1,5
337222,337222,337223,1,0
337222,337222,337223,1,0
337222,337222,337223,1,0
337222,337222,337224,2,0
337222,337222,337224,2,0
337222,337222,337224,2,0
337222,337222,337224,2,0
337222,337222,337224,2,0
337222,337223,337225,2,1
337222,337224,337226,2,2
337222,337224,337226,2,2
337222,337224,337226,2,2
337222,337222,337225,3,0
337222,337224,337226,2,2
337222,337224,337226,2,2
337222,337222,337227,5,0
337222,337222,337227,5,0
337222,337225,337227,2,3
337222,337222,337227,5,0
337222,337225,337227,2,3
337222,337225,337227,2,3
337222,337222,337228,6,0
337222,337226,337228,2,4
337222,337226,337228,2,4
337222,337226,337228,2,4
337222,337226,337228,2,4
337222,337226,337228,2,4
337222,337222,337228,6,0
337222,337222,337228,6,0
337222,337226,337227,1,4
337222,337222,337229,7,0
337233,337233,337234,1,0
337233,337233,337234,1,0
337233,337233,337235,2,0
337233,337233,337235,2,0
337233,337233,337235,2,0
337233,337233,337235,2,0
337233,337233,337235,2,0
337233,337233,337236,3,0
337233,337233,337236,3,0
337233,337234,337236,2,1
337233,337233,337236,3,0
337233,337234,337236,2,1
337233,337236,337237,1,3
337233,337236,337237,1,3
337233,337236,337237,1,3
337233,337233,337238,5,0
337233,337236,337238,2,3
337233,337233,337239,6,0
337233,337237,337238,1,4
337233,337237,337238,1,4
337233,337237,337238,1,4
337233,337233,337238,5,0
337233,337236,337238,2,3
337233,337233,337238,5,0
337233,337237,337238,1,4
337233,337237,337238,1,4
337233,337233,337239,6,0
337233,337238,337239,1,5
337233,337233,337240,7,0
337233,337238,337239,1,5
337233,337238,337239,1,5
337244,337244,337245,1,0
337244,337244,337245,1,0
337244,337244,337246,2,0
337244,337244,337245,1,0
337244,337244,337246,2,0
337244,337244,337246,2,0
337244,337244,337247,3,0
337244,337244,337247,3,0
337244,337244,337247,3,0
337244,337244,337248,4,0
337244,337244,337248,4,0
337244,337246,337248,2,2
337244,337246,337248,2,2
337244,337244,337248,4,0
337244,337244,337248,4,0
337244,337246,337248,2,2
337244,337244,337248,4,0
337244,337246,337248,2,2
337244,337246,337248,2,2
337244,337244,337248,4,0
337244,337246,337248,2,2
337244,337247,337249,2,3
337244,337247,337249,2,3
337244,337244,337249,5,0
337244,337247,337249,2,3
337244,337248,337250,2,4
337244,337248,337250,2,4
337244,337248,337250,2,4
337244,337248,337250,2,4
337244,337248,337250,2,4
337244,337248,337250,2,4
337255,337255,337256,1,0
337255,337255,337256,1,0
337255,337255,337256,1,0
337255,337255,337256,1,0
337255,337255,337257,2,0
337255,337255,337258,3,0
337255,337256,337257,1,1
337255,337255,337258,3,0
337255,337256,337257,1,1
337255,337255,337258,3,0
337255,337255,337258,3,0
337255,337255,337257,2,0
337255,337255,337258,3,0
337255,337255,337257,2,0
337255,337255,337258,3,0
337255,337255,337259,4,0
337255,337255,337258,3,0
337255,337257,337259,2,2
337255,337257,337259,2,2
337255,337255,337259,4,0
337255,337258,337259,1,3
337255,337258,337259,1,3
337255,337258,337259,1,3
337255,337258,337260,2,3
337255,337258,337259,1,3
337255,337258,337260,2,3
337255,337258,337259,1,3
337255,337258,337260,2,3
337255,337258,337260,2,3
337255,337258,337259,1,3
337255,337259,337260,1,4
337266,337266,337267,1,0
337266,337266,337267,1,0
337266,337266,337268,2,0
337266,337266,337268,2,0
337266,337266,337268,2,0
337266,337266,337268,2,0
337266,337266,337268,2,0
337266,337266,337267,1,0
337266,337266,337269,3,0
337266,337266,337268,2,0
337266,337266,337269,3,0
337266,337267,337269,2,1
337266,337266,337269,3,0
337266,337266,337269,3,0
337266,337267,337268,1,1
337266,337266,337269,3,0
337266,337266,337269,3,0
337266,337268,337270,2,2
337266,337268,337270,2,2
337266,337266,337269,3,0
337266,337268,337269,1,2
337266,337268,337269,1,2
337266,337268,337270,2,2
337266,337268,337270,2,2
337266,337269,337271,2,3
337266,337269,337271,2,3
337266,337269,337271,2,3
337266,337269,337271,2,3
337266,337269,337271,2,3
337266,337269,337271,2,3
337266,337269,337270,1,3
337276,337276,337277,1,0
337276,337276,337277,1,0
337276,337276,337277,1,0
337276,337276,337278,2,0
337276,337276,337277,1,0
337276,337276,337278,2,0
337276,337276,337278,2,0
337276,337276,337278,2,0
337276,337276,337278,2,0
337276,337276,337278,2,0
337276,337276,337279,3,0
337276,337277,337279,2,1
337276,337276,337279,3,0
337276,337278,337279,1,2
337276,337276,337280,4,0
337276,337277,337280,3,1
337276,337278,337280,2,2
337276,337278,337279,1,2
337276,337276,337279,3,0
337276,337278,337280,2,2
337276,337278,337280,2,2
337276,337276,337279,3,0
337276,337276,337280,4,0
337276,337278,337279,1,2
337276,337278,337280,2,2
337276,337279,337280,1,3
337276,337279,337280,1,3
337276,337279,337280,1,3
337276,337280,337281,1,4
337276,337280,337281,1,4
337276,337280,337281,1,4
337287,337287,337288,1,0
337287,337287,337288,1,0
337287,337287,337288,1,0
337287,337287,337288,1,0
337287,337287,337288,1,0
337287,337287,337289,2,0
337287,337287,337289,2,0
337287,337287,337289,2,0
337287,337287,337289,2,0
337287,337287,337289,2,0
337287,337287,337289,2,0
337287,337287,337289,2,0
337287,337287,337289,2,0
337287,337287,337290,3,0
337287,337287,337290,3,0
337287,337289,337290,1,2
337287,337287,337290,3,0
337287,337288,337290,2,1
337287,337289,337290,1,2
337287,337289,337290,1,2
337287,337289,337290,1,2
337287,337289,337290,1,2
337287,337290,337291,1,3
337287,337290,337291,1,3
337287,337290,337291,1,3
337287,337290,337291,1,3
337287,337290,337291,1,3
337287,337290,337291,1,3
337287,337290,337291,1,3
337287,337290,337291,1,3
337287,337291,337292,1,4
337297,337298,337299,1,1
337297,337298,337299,1,1
337297,337298,337300,2,1
337297,337298,337299,1,1
337297,337298,337299,1,1
337297,337298,337299,1,1
337297,337298,337300,2,1
337297,337298,337300,2,1
337297,337299,337300,1,2
337297,337299,337300,1,2
337297,337298,337300,2,1
337297,337299,337300,1,2
337297,337298,337300,2,1
337297,337298,337301,3,1
337297,337298,337301,3,1
337297,337300,337301,1,3
337297,337300,337301,1,3
337297,337298,337301,3,1
337297,337300,337301,1,3
337297,337300,337301,1,3
337297,337300,337301,1,3
337297,337301,337302,1,4
337297,337301,337302,1,4
337297,337301,337302,1,4
337297,337301,337302,1,4
337297,337301,337302,1,4
337297,337298,337302,4,1
337297,337301,337302,1,4
337297,337298,337303,5,1
337297,337302,337303,1,5
337308,337308,337309,1,0
337308,337308,337310,2,0
337308,337308,337309,1,0
337308,337308,337310,2,0
337308,337308,337309,1,0
337308,337308,337310,2,0
337308,337308,337309,1,0
337308,337308,337311,3,0
337308,337308,337310,2,0
337308,337308,337310,2,0
337308,337308,337310,2,0
337308,337308,337310,2,0
337308,337308,337312,4,0
337308,337310,337312,2,2
337308,337310,337311,1,2
337308,337308,337311,3,0
337308,337310,337312,2,2
337308,337310,337311,1,2
337308,337311,337312,1,3
337308,337308,337312,4,0
337308,337310,337311,1,2
337308,337308,337311,3,0
337308,337310,337312,2,2
337308,337310,337311,1,2
337308,337311,337312,1,3
337308,337311,337312,1,3
337308,337311,337312,1,3
337308,337311,337312,1,3
337308,337312,337313,1,4
337308,337312,337314,2,4
337308,337312,337313,1,4
337319,337319,337320,1,0
337319,337319,337320,1,0
337319,337319,337320,1,0
337319,337319,337320,1,0
337319,337319,337320,1,0
337319,337319,337320,1,0
337319,337319,337320,1,0
337319,337319,337320,1,0
337319,337319,337320,1,0
337319,337319,337321,2,0
337319,337319,337321,2,0
337319,337319,337321,2,0
337319,337320,337321,1,1
337319,337319,337321,2,0
337319,337321,337322,1,2
337319,337320,337321,1,1
337319,337319,337322,3,0
337319,337321,337322,1,2
337319,337321,337322,1,2
337319,337319,337322,3,0
337319,337319,337322,3,0
337319,337321,337322,1,2
337319,337321,337322,1,2
337319,337321,337322,1,2
337319,337321,337322,1,2
337319,337322,337323,1,3
337319,337322,337323,1,3
337319,337322,337323,1,3
337319,337322,337323,1,3
337319,337322,337323,1,3
337319,337322,337323,1,3
337329,337329,337330,1,0
337329,337329,337330,1,0
337329,337329,337330,1,0
337329,337330,337334,4,1
337329,337329,337333,4,0
337329,337329,337333,4,0
337329,337329,337334,5,0
337329,337331,337333,2,2
337329,337330,337333,3,1
337329,337329,337334,5,0
337329,337329,337334,5,0
337329,337329,337334,5,0
337329,337329,337335,6,0
337329,337334,337335,1,5
337329,337329,337335,6,0
337329,337334,337336,2,5
337329,337334,337335,1,5
337329,337334,337335,1,5
337329,337329,337335,6,0
337329,337334,337336,2,5
337329,337334,337335,1,5
337329,337335,337336,1,6
337329,337335,337336,1,6
337329,337335,337336,1,6
337329,337336,337337,1,7
337329,337336,337337,1,7
337329,337336,337337,1,7
337329,337329,337338,9,0
337329,337329,337338,9,0
337329,337329,337338,9,0
337329,337329,337338,9,0
337343,337343,337345,2,0
337343,337343,337344,1,0
337343,337343,337345,2,0
337343,337343,337347,4,0
337343,337343,337347,4,0
337343,337343,337349,6,0
337343,337345,337349,4,2
337343,337343,337348,5,0
337343,337345,337349,4,2
337343,337345,337349,4,2
337343,337343,337349,6,0
337343,337343,337350,7,0
337343,337343,337350,7,0
337343,337347,337350,3,4
337343,337349,337351,2,6
337343,337349,337351,2,6
337343,337349,337351,2,6
337343,337349,337351,2,6
337343,337343,337351,8,0
337343,337349,337351,2,6
337343,337343,337351,8,0
337343,337348,337351,3,5
337343,337350,337351,1,7
337343,337350,337352,2,7
337343,337351,337352,1,8
337343,337343,337352,9,0
337343,337351,337352,1,8
337343,337343,337353,10,0
337343,337343,337353,10,0
337343,337343,337353,10,0
337358,337358,337359,1,0
337358,337358,337359,1,0
337358,337358,337359,1,0
337358,337358,337362,4,0
337358,337358,337362,4,0
337358,337358,337362,4,0
337358,337358,337364,6,0
337358,337358,337363,5,0
337358,337360,337363,3,2
337358,337360,337364,4,2
337358,337358,337364,6,0
337358,337360,337364,4,2
337358,337362,337364,2,4
337358,337358,337365,7,0
337358,337362,337364,2,4
337358,337364,337366,2,6
337358,337364,337366,2,6
337358,337364,337365,1,6
337358,337364,337365,1,6
337358,337358,337365,7,0
337358,337364,337365,1,6
337358,337364,337365,1,6
337358,337363,337365,2,5
337358,337358,337366,8,0
337358,337365,337366,1,7
337358,337365,337366,1,7
337358,337365,337366,1,7
337358,337358,337367,9,0
337358,337358,337368,10,0
337358,337358,337368,10,0
337358,337358,337367,9,0
337373,337373,337374,1,0
337373,337373,337374,1,0
337373,337373,337374,1,0
337373,337373,337377,4,0
337373,337373,337377,4,0
337373,337373,337378,5,0
337373,337373,337378,5,0
337373,337373,337379,6,0
337373,337375,337379,4,2
337373,337375,337378,3,2
337373,337375,337378,3,2
337373,337373,337380,7,0
337373,337373,337379,6,0
337373,337377,337379,2,4
337373,337377,337379,2,4
337373,337378,337380,2,5
337373,337379,337381,2,6
337373,337379,337380,1,6
337373,337373,337381,8,0
337373,337378,337380,2,5
337373,337379,337380,1,6
337373,337373,337380,7,0
337373,337379,337380,1,6
337373,337373,337382,9,0
337373,337380,337381,1,7
337373,337380,337381,1,7
337373,337380,337381,1,7
337373,337373,337381,8,0
337373,337380,337381,1,7
337373,337373,337383,10,0
337373,337373,337383,10,0
337387,337387,337389,2,0
337387,337387,337389,2,0
337387,337387,337389,2,0
337387,337388,337392,4,1
337387,337388,337392,4,1
337387,337390,337393,3,3
337387,337388,337393,5,1
337387,337390,337393,3,3
337387,337388,337393,5,1
337387,337390,337393,3,3
337387,337388,337394,6,1
337387,337388,337394,6,1
337387,337388,337394,6,1
337387,337392,337394,2,5
337387,337388,337394,6,1
337387,337388,337394,6,1
337387,337387,337395,8,0
337387,337394,337396,2,7
337387,337394,337396,2,7
337387,337393,337395,2,6
337387,337394,337395,1,7
337387,337395,337396,1,8
337387,337394,337395,1,7
337387,337388,337396,8,1
337387,337394,337396,2,7
337387,337395,337396,1,8
337387,337395,337396,1,8
337387,337395,337396,1,8
337387,337395,337396,1,8
337387,337388,337397,9,1
337387,337388,337398,10,1
337404,337404,337405,1,0
337404,337404,337406,2,0
337404,337404,337405,1,0
337404,337404,337408,4,0
337404,337404,337408,4,0
337404,337406,337410,4,2
337404,337406,337409,3,2
337404,337406,337410,4,2
337404,337404,337411,7,0
337404,337404,337411,7,0
337404,337404,337410,6,0
337404,337404,337410,6,0
337404,337408,337411,3,4
337404,337410,337412,2,6
337404,337404,337411,7,0
337404,337409,337411,2,5
337404,337410,337412,2,6
337404,337404,337413,9,0
337404,337404,337412,8,0
337404,337410,337412,2,6
337404,337411,337413,2,7
337404,337412,337413,1,8
337404,337404,337413,9,0
337404,337411,337412,1,7
337404,337411,337413,2,7
337404,337411,337412,1,7
337404,337411,337412,1,7
337404,337412,337413,1,8
337404,337404,337414,10,0
337404,337404,337415,11,0
337404,337404,337415,11,0
337420,337420,337421,1,0
337420,337420,337421,1,0
337420,337420,337421,1,0
337420,337420,337423,3,0
337420,337422,337425,3,2
337420,337422,337425,3,2
337420,337420,337425,5,0
337420,337420,337426,6,0
337420,337420,337427,7,0
337420,337424,337426,2,4
337420,337420,337426,6,0
337420,337422,337426,4,2
337420,337425,337427,2,5
337420,337426,337427,1,6
337420,337420,337427,7,0
337420,337420,337428,8,0
337420,337426,337428,2,6
337420,337426,337428,2,6
337420,337427,337428,1,7
337420,337427,337428,1,7
337420,337420,337429,9,0
337420,337427,337428,1,7
337420,337427,337428,1,7
337420,337420,337429,9,0
337420,337428,337429,1,8
337420,337420,337430,10,0
337420,337420,337429,9,0
337420,337420,337430,10,0
337420,337428,337429,1,8
337420,337420,337429,9,0
337420,337428,337429,1,8
337435,337435,337436,1,0
337435,337435,337436,1,0
337435,337435,337436,1,0
337435,337437,337440,3,2
337435,337437,337440,3,2
337435,337435,337441,6,0
337435,337435,337441,6,0
337435,337437,337441,4,2
337435,337435,337440,5,0
337435,337435,337440,5,0
337435,337435,337441,6,0
337435,337435,337441,6,0
337435,337435,337442,7,0
337435,337435,337441,6,0
337435,337441,337443,2,6
337435,337440,337443,3,5
337435,337441,337442,1,6
337435,337440,337443,3,5
337435,337441,337442,1,6
337435,337435,337443,8,0
337435,337435,337443,8,0
337435,337441,337443,2,6
337435,337441,337443,2,6
337435,337442,337443,1,7
337435,337442,337443,1,7
337435,337442,337444,2,7
337435,337442,337443,1,7
337435,337435,337445,10,0
337435,337435,337445,10,0
337435,337435,337445,10,0
337435,337443,337444,1,8
337450,337450,337451,1,0
337450,337450,337451,1,0
337450,337450,337451,1,0
337450,337450,337455,5,0
337450,337452,337455,3,2
337450,337452,337454,2,2
337450,337450,337455,5,0
337450,337451,337455,4,1
337450,337450,337455,5,0
337450,337450,337456,6,0
337450,337450,337456,6,0
337450,337450,337456,6,0
337450,337450,337456,6,0
337450,337450,337456,6,0
337450,337455,337457,2,5
337450,337456,337458,2,6
337450,337456,337458,2,6
337450,337455,337457,2,5
337450,337455,337457,2,5
337450,337456,337457,1,6
337450,337457,337458,1,7
337450,337457,337458,1,7
337450,337457,337458,1,7
337450,337457,337458,1,7
337450,337457,337458,1,7
337450,337450,337459,9,0
337450,337450,337459,9,0
337450,337450,337459,9,0
337450,337450,337459,9,0
337450,337450,337459,9,0
337450,337458,337459,1,8
337464,337464,337465,1,0
337464,337464,337466,2,0
337464,337464,337466,2,0
337464,337464,337469,5,0
337464,337464,337468,4,0
337464,337464,337469,5,0
337464,337466,337469,3,2
337464,337466,337469,3,2
337464,337464,337470,6,0
337464,337464,337470,6,0
337464,337466,337470,4,2
337464,337469,337471,2,5
337464,337464,337471,7,0
337464,337469,337471,2,5
337464,337464,337471,7,0
337464,337469,337472,3,5
337464,337469,337472,3,5
337464,337469,337472,3,5
337464,337470,337472,2,6
337464,337471,337472,1,7
337464,337471,337472,1,7
337464,337464,337473,9,0
337464,337471,337473,2,7
337464,337472,337473,1,8
337464,337472,337473,1,8
337464,337472,337473,1,8
337464,337464,337474,10,0
337464,337464,337474,10,0
337464,337464,337474,10,0
337464,337464,337475,11,0
337464,337464,337474,10,0
337479,337480,337481,1,1
337479,337480,337481,1,1
337479,337480,337481,1,1
337479,337480,337484,4,1
337479,337480,337484,4,1
337479,337482,337484,2,3
337479,337480,337485,5,1
337479,337482,337485,3,3
337479,337480,337485,5,1
337479,337480,337485,5,1
337479,337482,337486,4,3
337479,337480,337486,6,1
337479,337480,337486,6,1
337479,337485,337487,2,6
337479,337485,337487,2,6
337479,337486,337487,1,7
337479,337486,337488,2,7
337479,337486,337487,1,7
337479,337485,337487,2,6
337479,337486,337487,1,7
337479,337487,337488,1,8
337479,337480,337489,9,1
337479,337487,337488,1,8
337479,337487,337488,1,8
337479,337480,337490,10,1
337479,337480,337489,9,1
337479,337488,337489,1,9
337479,337480,337489,9,1
337479,337480,337489,9,1
337479,337488,337489,1,9
337479,337480,337489,9,1
337495,337495,337496,1,0
337495,337495,337496,1,0
337495,337495,337497,2,0
337495,337495,337500,5,0
337495,337495,337499,4,0
337495,337495,337500,5,0
337495,337497,337500,3,2
337495,337495,337500,5,0
337495,337495,337501,6,0
337495,337497,337501,4,2
337495,337495,337501,6,0
337495,337497,337502,5,2
337495,337500,337502,2,5
337495,337500,337502,2,5
337495,337500,337503,3,5
337495,337495,337503,8,0
337495,337501,337503,2,6
337495,337500,337502,2,5
337495,337503,337504,1,8
337495,337503,337504,1,8
337495,337502,337504,2,7
337495,337502,337503,1,7
337495,337502,337504,2,7
337495,337502,337503,1,7
337495,337502,337503,1,7
337495,337495,337505,10,0
337495,337495,337505,10,0
337495,337495,337505,10,0
337495,337495,337504,9,0
337495,337495,337505,10,0
337495,337495,337505,10,0
337510,337510,337511,1,0
337510,337510,337511,1,0
337510,337510,337512,2,0
337510,337510,337515,5,0
337510,337510,337515,5,0
337510,337510,337514,4,0
337510,337512,337516,4,2
337510,337512,337516,4,2
337510,337512,337516,4,2
337510,337510,337516,6,0
337510,337510,337516,6,0
337510,337515,337518,3,5
337510,337515,337517,2,5
337510,337510,337518,8,0
337510,337516,337518,2,6
337510,337515,337518,3,5
337510,337516,337518,2,6
337510,337510,337518,8,0
337510,337516,337518,2,6
337510,337510,337519,9,0
337510,337510,337519,9,0
337510,337517,337519,2,7
337510,337517,337519,2,7
337510,337510,337520,10,0
337510,337518,337520,2,8
337510,337518,337519,1,8
337510,337510,337520,10,0
337510,337510,337520,10,0
337510,337510,337520,10,0
337510,337518,337520,2,8
337510,337519,337520,1,9
337526,337526,337527,1,0
337526,337526,337527,1,0
337526,337526,337527,1,0
337526,337526,337531,5,0
337526,337526,337531,5,0
337526,337526,337530,4,0
337526,337528,337531,3,2
337526,337528,337531,3,2
337526,337526,337533,7,0
337526,337526,337532,6,0
337526,337528,337532,4,2
337526,337526,337532,6,0
337526,337526,337533,7,0
337526,337531,337533,2,5
337526,337531,337533,2,5
337526,337526,337534,8,0
337526,337532,337534,2,6
337526,337531,337534,3,5
337526,337532,337534,2,6
337526,337533,337535,2,7
337526,337533,337534,1,7
337526,337533,337534,1,7
337526,337533,337534,1,7
337526,337526,337536,10,0
337526,337526,337535,9,0
337526,337534,337535,1,8
337526,337534,337535,1,8
337526,337534,337535,1,8
337526,337526,337536,10,0
337526,337526,337536,10,0
337526,337526,337536,10,0
337541,337541,337542,1,0
337541,337541,337542,1,0
337541,337541,337543,2,0
337541,337542,337546,4,1
337541,337544,337547,3,3
337541,337541,337547,6,0
337541,337544,337547,3,3
337541,337542,337547,5,1
337541,337541,337548,7,0
337541,337543,337548,5,2
337541,337541,337548,7,0
337541,337541,337548,7,0
337541,337541,337549,8,0
337541,337541,337549,8,0
337541,337548,337549,1,7
337541,337547,337549,2,6
337541,337548,337549,1,7
337541,337549,337550,1,8
337541,337549,337550,1,8
337541,337548,337550,2,7
337541,337549,337550,1,8
337541,337548,337550,2,7
337541,337550,337551,1,9
337541,337549,337550,1,8
337541,337550,337551,1,9
337541,337541,337551,10,0
337541,337550,337551,1,9
337541,337541,337551,10,0
337541,337541,337551,10,0
337541,337541,337552,11,0
337541,337541,337552,11,0
337557,337557,337558,1,0
337557,337557,337558,1,0
337557,337557,337559,2,0
337557,337559,337562,3,2
337557,337558,337562,4,1
337557,337557,337562,5,0
337557,337557,337562,5,0
337557,337557,337563,6,0
337557,337558,337562,4,1
337557,337557,337562,5,0
337557,337557,337564,7,0
337557,337557,337564,7,0
337557,337563,337565,2,6
337557,337563,337565,2,6
337557,337562,337565,3,5
337557,337563,337565,2,6
337557,337557,337564,7,0
337557,337562,337565,3,5
337557,337562,337565,3,5
337557,337562,337564,2,5
337557,337557,337566,9,0
337557,337557,337566,9,0
337557,337564,337566,2,7
337557,337564,337566,2,7
337557,337557,337567,10,0
337557,337565,337567,2,8
337557,337565,337567,2,8
337557,337557,337567,10,0
337557,337565,337566,1,8
337557,337557,337567,10,0
337557,337557,337568,11,0
337573,337573,337574,1,0
337573,337573,337574,1,0
337573,337573,337575,2,0
337573,337575,337578,3,2
337573,337573,337578,5,0
337573,337573,337578,5,0
337573,337573,337579,6,0
337573,337575,337579,4,2
337573,337573,337579,6,0
337573,337573,337579,6,0
337573,337575,337580,5,2
337573,337578,337580,2,5
337573,337573,337581,8,0
337573,337573,337581,8,0
337573,337579,337581,2,6
337573,337579,337581,2,6
337573,337578,337581,3,5
337573,337578,337580,2,5
337573,337580,337582,2,7
337573,337580,337582,2,7
337573,337573,337582,9,0
337573,337573,337582,9,0
337573,337579,337582,3,6
337573,337580,337582,2,7
337573,337581,337582,1,8
337573,337573,337583,10,0
337573,337581,337583,2,8
337573,337573,337583,10,0
337573,337581,337583,2,8
337573,337573,337583,10,0
337573,337573,337584,11,0
337589,337589,337590,1,0
337589,337589,337590,1,0
337589,337589,337590,1,0
337589,337589,337594,5,0
337589,337589,337594,5,0
337589,337589,337595,6,0
337589,337589,337596,7,0
337589,337589,337595,6,0
337589,337591,337595,4,2
337589,337589,337595,6,0
337589,337591,337595,4,2
337589,337594,337596,2,5
337589,337595,337597,2,6
337589,337591,337597,6,2
337589,337595,337597,2,6
337589,337589,337597,8,0
337589,337596,337598,2,7
337589,337596,337597,1,7
337589,337589,337597,8,0
337589,337589,337598,9,0
337589,337596,337597,1,7
337589,337596,337597,1,7
337589,337596,337597,1,7
337589,337596,337598,2,7
337589,337589,337599,10,0
337589,337589,337598,9,0
337589,337589,337598,9,0
337589,337589,337599,10,0
337589,337597,337598,1,8
337589,337598,337599,1,9
337589,337598,337599,1,9
337605,337605,337606,1,0
337605,337605,337607,2,0
337605,337605,337606,1,0
337605,337605,337610,5,0
337605,337605,337611,6,0
337605,337607,337610,3,2
337605,337607,337611,4,2
337605,337605,337611,6,0
337605,337607,337612,5,2
337605,337605,337612,7,0
337605,337605,337611,6,0
337605,337605,337612,7,0
337605,337610,337612,2,5
337605,337611,337613,2,6
337605,337611,337613,2,6
337605,337611,337613,2,6
337605,337611,337613,2,6
337605,337605,337614,9,0
337605,337612,337614,2,7
337605,337612,337614,2,7
337605,337612,337614,2,7
337605,337613,337614,1,8
337605,337612,337614,2,7
337605,337605,337615,10,0
337605,337605,337615,10,0
337605,337605,337615,10,0
337605,337605,337615,10,0
337605,337613,337614,1,8
337605,337613,337614,1,8
337605,337605,337615,10,0
337605,337605,337615,10,0
337620,337620,337621,1,0
337620,337620,337622,2,0
337620,337620,337621,1,0
337620,337620,337625,5,0
337620,337622,337625,3,2
337620,337621,337626,5,1
337620,337620,337625,5,0
337620,337622,337626,4,2
337620,337620,337625,5,0
337620,337620,337626,6,0
337620,337620,337627,7,0
337620,337620,337627,7,0
337620,337620,337627,7,0
337620,337626,337628,2,6
337620,337625,337627,2,5
337620,337626,337628,2,6
337620,337626,337628,2,6
337620,337626,337628,2,6
337620,337625,337627,2,5
337620,337626,337628,2,6
337620,337627,337629,2,7
337620,337627,337629,2,7
337620,337620,337629,9,0
337620,337627,337629,2,7
337620,337620,337629,9,0
337620,337620,337629,9,0
337620,337628,337629,1,8
337620,337620,337630,10,0
337620,337620,337630,10,0
337620,337628,337630,2,8
337620,337620,337630,10,0
337635,337635,337636,1,0
337635,337635,337637,2,0
337635,337635,337636,1,0
337635,337637,337639,2,2
337635,337635,337640,5,0
337635,337635,337641,6,0
337635,337637,337641,4,2
337635,337635,337640,5,0
337635,337635,337641,6,0
337635,337637,337642,5,2
337635,337635,337642,7,0
337635,337635,337641,6,0
337635,337635,337643,8,0
337635,337641,337643,2,6
337635,337635,337642,7,0
337635,337640,337642,2,5
337635,337640,337642,2,5
337635,337641,337643,2,6
337635,337641,337643,2,6
337635,337635,337644,9,0
337635,337642,337643,1,7
337635,337642,337643,1,7
337635,337642,337643,1,7
337635,337642,337643,1,7
337635,337635,337644,9,0
337635,337643,337645,2,8
337635,337643,337644,1,8
337635,337643,337644,1,8
337635,337635,337644,9,0
337635,337635,337644,9,0
337635,337635,337645,10,0
337651,337651,337652,1,0
337651,337651,337653,2,0
337651,337651,337652,1,0
337651,337651,337656,5,0
337651,337651,337656,5,0
337651,337653,337656,3,2
337651,337651,337657,6,0
337651,337653,337658,5,2
337651,337653,337657,4,2
337651,337656,337658,2,5
337651,337651,337658,7,0
337651,337651,337659,8,0
337651,337657,337659,2,6
337651,337651,337659,8,0
337651,337651,337658,7,0
337651,337656,337659,3,5
337651,337651,337658,7,0
337651,337651,337659,8,0
337651,337658,337660,2,7
337651,337651,337659,8,0
337651,337658,337660,2,7
337651,337658,337660,2,7
337651,337656,337659,3,5
337651,337651,337660,9,0
337651,337651,337660,9,0
337651,337659,337661,2,8
337651,337659,337661,2,8
337651,337659,337661,2,8
337651,337651,337661,10,0
337651,337659,337660,1,8
337651,337659,337661,2,8
337666,337666,337667,1,0
337666,337666,337668,2,0
337666,337666,337667,1,0
337666,337666,337672,6,0
337666,337666,337672,6,0
337666,337666,337672,6,0
337666,337668,337671,3,2
337666,337668,337673,5,2
337666,337666,337673,7,0
337666,337668,337672,4,2
337666,337666,337673,7,0
337666,337666,337673,7,0
337666,337666,337674,8,0
337666,337666,337674,8,0
337666,337666,337674,8,0
337666,337672,337674,2,6
337666,337672,337674,2,6
337666,337666,337675,9,0
337666,337666,337675,9,0
337666,337673,337675,2,7
337666,337672,337675,3,6
337666,337672,337675,3,6
337666,337673,337675,2,7
337666,337673,337675,2,7
337666,337666,337675,9,0
337666,337673,337675,2,7
337666,337673,337675,2,7
337666,337674,337676,2,8
337666,337674,337676,2,8
337666,337674,337676,2,8
337666,337666,337675,9,0
337681,337681,337682,1,0
337681,337681,337682,1,0
337681,337681,337683,2,0
337681,337681,337686,5,0
337681,337683,337686,3,2
337681,337681,337687,6,0
337681,337681,337686,5,0
337681,337681,337686,5,0
337681,337681,337688,7,0
337681,337681,337688,7,0
337681,337683,337687,4,2
337681,337681,337688,7,0
337681,337681,337688,7,0
337681,337687,337689,2,6
337681,337683,337688,5,2
337681,337681,337688,7,0
337681,337687,337689,2,6
337681,337686,337688,2,5
337681,337681,337689,8,0
337681,337686,337689,3,5
337681,337681,337689,8,0
337681,337687,337689,2,6
337681,337688,337690,2,7
337681,337688,337689,1,7
337681,337688,337690,2,7
337681,337681,337690,9,0
337681,337681,337689,8,0
337681,337688,337690,2,7
337681,337689,337690,1,8
337681,337689,337690,1,8
337681,337689,337690,1,8
337696,337696,337698,2,0
337696,337696,337697,1,0
337696,337696,337697,1,0
337696,337696,337701,5,0
337696,337696,337702,6,0
337696,337698,337702,4,2
337696,337696,337702,6,0
337696,337698,337702,4,2
337696,337696,337702,6,0
337696,337698,337703,5,2
337696,337696,337702,6,0
337696,337696,337703,7,0
337696,337696,337703,7,0
337696,337696,337704,8,0
337696,337696,337703,7,0
337696,337696,337704,8,0
337696,337696,337703,7,0
337696,337702,337704,2,6
337696,337702,337704,2,6
337696,337702,337704,2,6
337696,337702,337704,2,6
337696,337703,337705,2,7
337696,337703,337705,2,7
337696,337696,337704,8,0
337696,337702,337705,3,6
337696,337703,337704,1,7
337696,337704,337705,1,8
337696,337703,337705,2,7
337696,337703,337704,1,7
337696,337696,337705,9,0
337696,337704,337705,1,8
337711,337711,337712,1,0
337711,337711,337712,1,0
337711,337711,337712,1,0
337711,337713,337716,3,2
337711,337711,337716,5,0
337711,337711,337716,5,0
337711,337711,337717,6,0
337711,337711,337717,6,0
337711,337711,337717,6,0
337711,337713,337717,4,2
337711,337711,337718,7,0
337711,337711,337718,7,0
337711,337711,337718,7,0
337711,337711,337718,7,0
337711,337713,337718,5,2
337711,337717,337719,2,6
337711,337711,337718,7,0
337711,337711,337718,7,0
337711,337716,337718,2,5
337711,337717,337719,2,6
337711,337711,337719,8,0
337711,337717,337719,2,6
337711,337718,337719,1,7
337711,337718,337719,1,7
337711,337718,337719,1,7
337711,337718,337719,1,7
337711,337719,337720,1,8
337711,337719,337720,1,8
337711,337711,337720,9,0
337711,337719,337720,1,8
337711,337719,337720,1,8
337725,337725,337726,1,0
337725,337725,337727,2,0
337725,337725,337727,2,0
337725,337725,337730,5,0
337725,337725,337731,6,0
337725,337727,337730,3,2
337725,337725,337731,6,0
337725,337728,337731,3,3
337725,337725,337732,7,0
337725,337725,337732,7,0
337725,337725,337732,7,0
337725,337725,337733,8,0
337725,337725,337732,7,0
337725,337730,337733,3,5
337725,337725,337733,8,0
337725,337725,337733,8,0
337725,337727,337733,6,2
337725,337725,337734,9,0
337725,337732,337734,2,7
337725,337732,337734,2,7
337725,337732,337734,2,7
337725,337732,337734,2,7
337725,337731,337734,3,6
337725,337731,337734,3,6
337725,337733,337734,1,8
337725,337725,337735,10,0
337725,337725,337735,10,0
337725,337733,337735,2,8
337725,337733,337735,2,8
337725,337733,337735,2,8
337725,337733,337735,2,8
337740,337740,337742,2,0
337740,337740,337742,2,0
337740,337740,337742,2,0
337740,337740,337746,6,0
337740,337740,337746,6,0
337740,337740,337746,6,0
337740,337743,337746,3,3
337740,337743,337746,3,3
337740,337740,337746,6,0
337740,337740,337748,8,0
337740,337742,337748,6,2
337740,337740,337748,8,0
337740,337740,337748,8,0
337740,337740,337748,8,0
337740,337740,337749,9,0
337740,337747,337748,1,7
337740,337746,337748,2,6
337740,337746,337749,3,6
337740,337747,337749,2,7
337740,337746,337749,3,6
337740,337746,337748,2,6
337740,337740,337750,10,0
337740,337740,337750,10,0
337740,337748,337750,2,8
337740,337748,337750,2,8
337740,337740,337750,10,0
337740,337748,337750,2,8
337740,337740,337750,10,0
337740,337748,337749,1,8
337740,337749,337750,1,9
337740,337749,337750,1,9
337756,337756,337757,1,0
337756,337756,337757,1,0
337756,337756,337757,1,0
337756,337756,337761,5,0
337756,337756,337760,4,0
337756,337758,337761,3,2
337756,337756,337761,5,0
337756,337756,337762,6,0
337756,337758,337762,4,2
337756,337758,337762,4,2
337756,337756,337763,7,0
337756,337761,337763,2,5
337756,337761,337763,2,5
337756,337762,337764,2,6
337756,337756,337764,8,0
337756,337761,337763,2,5
337756,337762,337764,2,6
337756,337763,337765,2,7
337756,337756,337765,9,0
337756,337762,337764,2,6
337756,337763,337764,1,7
337756,337763,337764,1,7
337756,337764,337765,1,8
337756,337756,337766,10,0
337756,337756,337765,9,0
337756,337756,337765,9,0
337756,337756,337765,9,0
337756,337764,337765,1,8
337756,337756,337765,9,0
337756,337756,337766,10,0
337756,337764,337765,1,8
337771,337771,337772,1,0
337771,337771,337772,1,0
337771,337771,337772,1,0
337771,337771,337775,4,0
337771,337773,337776,3,2
337771,337771,337776,5,0
337771,337772,337776,4,1
337771,337771,337776,5,0
337771,337771,337776,5,0
337771,337773,337777,4,2
337771,337771,337776,5,0
337771,337771,337776,5,0
337771,337771,337777,6,0
337771,337775,337777,2,4
337771,337771,337779,8,0
337771,337777,337779,2,6
337771,337776,337778,2,5
337771,337777,337779,2,6
337771,337777,337778,1,6
337771,337777,337778,1,6
337771,337777,337778,1,6
337771,337777,337779,2,6
337771,337779,337780,1,8
337771,337771,337780,9,0
337771,337778,337779,1,7
337771,337777,337779,2,6
337771,337778,337779,1,7
337771,337771,337781,10,0
337771,337771,337780,9,0
337771,337771,337780,9,0
337771,337771,337781,10,0
337785,337785,337787,2,0
337785,337785,337787,2,0
337785,337785,337787,2,0
337785,337785,337790,5,0
337785,337786,337790,4,1
337785,337788,337790,2,3
337785,337785,337791,6,0
337785,337788,337791,3,3
337785,337786,337791,5,1
337785,337786,337791,5,1
337785,337785,337791,6,0
337785,337788,337791,3,3
337785,337785,337792,7,0
337785,337791,337792,1,6
337785,337785,337792,7,0
337785,337785,337792,7,0
337785,337791,337793,2,6
337785,337792,337793,1,7
337785,337792,337793,1,7
337785,337792,337793,1,7
337785,337791,337793,2,6
337785,337792,337793,1,7
337785,337793,337794,1,8
337785,337785,337794,9,0
337785,337792,337794,2,7
337785,337792,337794,2,7
337785,337793,337794,1,8
337785,337785,337794,9,0
337785,337793,337794,1,8
337785,337785,337795,10,0
337785,337785,337795,10,0
337800,337800,337802,2,0
337800,337800,337802,2,0
337800,337800,337801,1,0
337800,337800,337805,5,0
337800,337800,337805,5,0
337800,337800,337805,5,0
337800,337802,337805,3,2
337800,337800,337805,5,0
337800,337802,337806,4,2
337800,337800,337806,6,0
337800,337800,337807,7,0
337800,337802,337807,5,2
337800,337800,337807,7,0
337800,337805,337807,2,5
337800,337800,337806,6,0
337800,337800,337807,7,0
337800,337806,337807,1,6
337800,337800,337808,8,0
337800,337806,337808,2,6
337800,337805,337808,3,5
337800,337807,337808,1,7
337800,337805,337808,3,5
337800,337807,337808,1,7
337800,337808,337809,1,8
337800,337808,337809,1,8
337800,337808,337809,1,8
337800,337808,337809,1,8
337800,337800,337809,9,0
337800,337808,337809,1,8
337800,337800,337810,10,0
337800,337800,337811,11,0
337816,337816,337817,1,0
337816,337816,337817,1,0
337816,337816,337817,1,0
337816,337816,337820,4,0
337816,337816,337820,4,0
337816,337816,337821,5,0
337816,337816,337821,5,0
337816,337816,337822,6,0
337816,337817,337822,5,1
337816,337816,337822,6,0
337816,337816,337821,5,0
337816,337818,337822,4,2
337816,337816,337822,6,0
337816,337818,337821,3,2
337816,337820,337822,2,4
337816,337816,337823,7,0
337816,337816,337822,6,0
337816,337820,337823,3,4
337816,337821,337823,2,5
337816,337822,337823,1,6
337816,337822,337824,2,6
337816,337822,337824,2,6
337816,337816,337824,8,0
337816,337822,337824,2,6
337816,337822,337824,2,6
337816,337822,337824,2,6
337816,337821,337823,2,5
337816,337822,337824,2,6
337816,337822,337824,2,6
337816,337816,337826,10,0
337816,337816,337826,10,0
337831,337831,337833,2,0
337831,337831,337832,1,0
337831,337831,337832,1,0
337831,337831,337835,4,0
337831,337831,337836,5,0
337831,337831,337836,5,0
337831,337831,337835,4,0
337831,337831,337837,6,0
337831,337831,337836,5,0
337831,337833,337837,4,2
337831,337831,337837,6,0
337831,337831,337837,6,0
337831,337831,337837,6,0
337831,337833,337836,3,2
337831,337831,337837,6,0
337831,337833,337838,5,2
337831,337831,337838,7,0
337831,337836,337838,2,5
337831,337836,337838,2,5
337831,337837,337838,1,6
337831,337836,337838,2,5
337831,337837,337839,2,6
337831,337837,337839,2,6
337831,337837,337839,2,6
337831,337837,337839,2,6
337831,337837,337838,1,6
337831,337837,337838,1,6
337831,337837,337838,1,6
337831,337835,337838,3,4
337831,337831,337841,10,0
337831,337831,337841,10,0
337846,337846,337847,1,0
337846,337846,337847,1,0
337846,337846,337847,1,0
337846,337846,337848,2,0
337846,337846,337851,5,0
337846,337846,337850,4,0
337846,337846,337851,5,0
337846,337846,337852,6,0
337846,337846,337851,5,0
337846,337848,337851,3,2
337846,337846,337852,6,0
337846,337848,337852,4,2
337846,337846,337852,6,0
337846,337849,337852,3,3
337846,337846,337852,6,0
337846,337848,337852,4,2
337846,337846,337853,7,0
337846,337846,337853,7,0
337846,337851,337853,2,5
337846,337851,337853,2,5
337846,337852,337854,2,6
337846,337852,337854,2,6
337846,337852,337854,2,6
337846,337851,337854,3,5
337846,337852,337854,2,6
337846,337852,337854,2,6
337846,337852,337853,1,6
337846,337852,337854,2,6
337846,337853,337854,1,7
337846,337846,337856,10,0
337846,337846,337856,10,0
337861,337861,337863,2,0
337861,337861,337863,2,0
337861,337861,337862,1,0
337861,337861,337864,3,0
337861,337861,337865,4,0
337861,337861,337866,5,0
337861,337861,337866,5,0
337861,337861,337866,5,0
337861,337863,337866,3,2
337861,337861,337866,5,0
337861,337863,337866,3,2
337861,337863,337867,4,2
337861,337861,337867,6,0
337861,337861,337867,6,0
337861,337861,337868,7,0
337861,337861,337867,6,0
337861,337861,337868,7,0
337861,337865,337868,3,4
337861,337867,337868,1,6
337861,337867,337868,1,6
337861,337867,337868,1,6
337861,337866,337868,2,5
337861,337867,337868,1,6
337861,337866,337869,3,5
337861,337868,337869,1,7
337861,337868,337869,1,7
337861,337868,337869,1,7
337861,337868,337869,1,7
337861,337869,337870,1,8
337861,337861,337871,10,0
337861,337861,337871,10,0
337876,337876,337877,1,0
337876,337876,337877,1,0
337876,337876,337878,2,0
337876,337876,337880,4,0
337876,337876,337880,4,0
337876,337876,337880,4,0
337876,337876,337881,5,0
337876,337878,337881,3,2
337876,337876,337881,5,0
337876,337876,337882,6,0
337876,337878,337881,3,2
337876,337876,337882,6,0
337876,337878,337882,4,2
337876,337876,337882,6,0
337876,337880,337883,3,4
337876,337876,337883,7,0
337876,337880,337883,3,4
337876,337876,337883,7,0
337876,337880,337882,2,4
337876,337881,337883,2,5
337876,337881,337883,2,5
337876,337881,337883,2,5
337876,337882,337884,2,6
337876,337882,337884,2,6
337876,337876,337884,8,0
337876,337882,337884,2,6
337876,337882,337884,2,6
337876,337882,337883,1,6
337876,337883,337884,1,7
337876,337876,337886,10,0
337876,337876,337885,9,0
337891,337891,337892,1,0
337891,337891,337892,1,0
337891,337891,337892,1,0
337891,337891,337895,4,0
337891,337891,337895,4,0
337891,337892,337895,3,1
337891,337891,337897,6,0
337891,337891,337896,5,0
337891,337893,337896,3,2
337891,337891,337897,6,0
337891,337891,337896,5,0
337891,337893,337896,3,2
337891,337891,337897,6,0
337891,337891,337896,5,0
337891,337891,337897,6,0
337891,337895,337898,3,4
337891,337891,337897,6,0
337891,337895,337898,3,4
337891,337891,337898,7,0
337891,337897,337899,2,6
337891,337897,337899,2,6
337891,337897,337898,1,6
337891,337897,337899,2,6
337891,337897,337899,2,6
337891,337896,337898,2,5
337891,337897,337898,1,6
337891,337897,337899,2,6
337891,337897,337899,2,6
337891,337897,337899,2,6
337891,337891,337901,10,0
337891,337891,337901,10,0
337907,337907,337908,1,0
337907,337907,337908,1,0
337907,337907,337908,1,0
337907,337907,337911,4,0
337907,337909,337911,2,2
337907,337909,337912,3,2
337907,337907,337911,4,0
337907,337909,337911,2,2
337907,337907,337911,4,0
337907,337907,337912,5,0
337907,337907,337912,5,0
337907,337907,337913,6,0
337907,337907,337913,6,0
337907,337907,337912,5,0
337907,337907,337913,6,0
337907,337907,337914,7,0
337907,337912,337914,2,5
337907,337912,337913,1,5
337907,337912,337913,1,5
337907,337907,337913,6,0
337907,337912,337914,2,5
337907,337912,337914,2,5
337907,337913,337914,1,6
337907,337913,337914,1,6
337907,337911,337914,3,4
337907,337913,337914,1,6
337907,337913,337914,1,6
337907,337913,337914,1,6
337907,337914,337915,1,7
337907,337907,337917,10,0
337907,337907,337917,10,0
337921,337921,337922,1,0
337921,337921,337923,2,0
337921,337921,337922,1,0
337921,337921,337925,4,0
337921,337921,337925,4,0
337921,337922,337926,4,1
337921,337921,337926,5,0
337921,337923,337926,3,2
337921,337921,337926,5,0
337921,337921,337926,5,0
337921,337921,337927,6,0
337921,337923,337927,4,2
337921,337921,337927,6,0
337921,337922,337928,6,1
337921,337927,337928,1,6
337921,337921,337928,7,0
337921,337921,337928,7,0
337921,337927,337928,1,6
337921,337927,337928,1,6
337921,337927,337928,1,6
337921,337927,337929,2,6
337921,337928,337929,1,7
337921,337928,337929,1,7
337921,337921,337929,8,0
337921,337927,337929,2,6
337921,337928,337929,1,7
337921,337921,337929,8,0
337921,337926,337929,3,5
337921,337929,337930,1,8
337921,337929,337930,1,8
337921,337921,337932,11,0
337937,337937,337938,1,0
337937,337937,337939,2,0
337937,337937,337939,2,0
337937,337937,337941,4,0
337937,337937,337942,5,0
337937,337939,337942,3,2
337937,337937,337942,5,0
337937,337937,337942,5,0
337937,337938,337942,4,1
337937,337937,337942,5,0
337937,337939,337942,3,2
337937,337937,337943,6,0
337937,337937,337943,6,0
337937,337942,337944,2,5
337937,337942,337944,2,5
337937,337937,337944,7,0
337937,337937,337944,7,0
337937,337942,337944,2,5
337937,337942,337944,2,5
337937,337941,337944,3,4
337937,337942,337944,2,5
337937,337943,337944,1,6
337937,337937,337944,7,0
337937,337937,337944,7,0
337937,337942,337944,2,5
337937,337942,337944,2,5
337937,337943,337945,2,6
337937,337945,337946,1,8
337937,337945,337946,1,8
337937,337937,337946,9,0
337937,337937,337947,10,0
337952,337952,337953,1,0
337952,337952,337953,1,0
337952,337952,337953,1,0
337952,337952,337956,4,0
337952,337952,337956,4,0
337952,337953,337956,3,1
337952,337953,337956,3,1
337952,337952,337957,5,0
337952,337952,337957,5,0
337952,337952,337957,5,0
337952,337954,337957,3,2
337952,337952,337957,5,0
337952,337952,337958,6,0
337952,337952,337957,5,0
337952,337957,337959,2,5
337952,337952,337958,6,0
337952,337952,337958,6,0
337952,337956,337958,2,4
337952,337957,337959,2,5
337952,337952,337958,6,0
337952,337957,337959,2,5
337952,337957,337959,2,5
337952,337957,337959,2,5
337952,337957,337958,1,5
337952,337957,337959,2,5
337952,337958,337959,1,6
337952,337959,337960,1,7
337952,337958,337959,1,6
337952,337958,337960,2,6
337952,337952,337961,9,0
337952,337952,337962,10,0
337967,337967,337968,1,0
337967,337967,337968,1,0
337967,337967,337969,2,0
337967,337967,337970,3,0
337967,337967,337971,4,0
337967,337967,337972,5,0
337967,337968,337972,4,1
337967,337967,337972,5,0
337967,337969,337972,3,2
337967,337967,337972,5,0
337967,337969,337972,3,2
337967,337967,337971,4,0
337967,337967,337973,6,0
337967,337967,337972,5,0
337967,337971,337973,2,4
337967,337972,337974,2,5
337967,337972,337974,2,5
337967,337971,337973,2,4
337967,337972,337974,2,5
337967,337972,337974,2,5
337967,337967,337974,7,0
337967,337972,337974,2,5
337967,337972,337974,2,5
337967,337967,337973,6,0
337967,337972,337974,2,5
337967,337973,337974,1,6
337967,337973,337974,1,6
337967,337967,337974,7,0
337967,337973,337974,1,6
337967,337967,337974,7,0
337967,337967,337977,10,0
337982,337982,337983,1,0
337982,337982,337983,1,0
337982,337982,337984,2,0
337982,337982,337986,4,0
337982,337982,337986,4,0
337982,337982,337986,4,0
337982,337984,337987,3,2
337982,337982,337986,4,0
337982,337983,337987,4,1
337982,337982,337987,5,0
337982,337984,337987,3,2
337982,337982,337987,5,0
337982,337982,337988,6,0
337982,337982,337988,6,0
337982,337986,337988,2,4
337982,337987,337989,2,5
337982,337982,337988,6,0
337982,337987,337988,1,5
337982,337987,337988,1,5
337982,337982,337990,8,0
337982,337987,337989,2,5
337982,337987,337989,2,5
337982,337989,337990,1,7
337982,337988,337989,1,6
337982,337988,337989,1,6
337982,337988,337989,1,6
337982,337989,337990,1,7
337982,337988,337989,1,6
337982,337982,337992,10,0
337982,337982,337992,10,0
337982,337982,337992,10,0
337997,337997,337998,1,0
337997,337997,337998,1,0
337997,337997,337998,1,0
337997,337997,338000,3,0
337997,337997,338000,3,0
337997,337997,338001,4,0
337997,337998,338001,3,1
337997,337998,338001,3,1
337997,337997,338002,5,0
337997,338000,338002,2,3
337997,337997,338003,6,0
337997,338000,338002,2,3
337997,338001,338002,1,4
337997,337997,338003,6,0
337997,338001,338003,2,4
337997,337997,338003,6,0
337997,338001,338003,2,4
337997,337997,338003,6,0
337997,337997,338003,6,0
337997,338001,338003,2,4
337997,338002,338004,2,5
337997,337997,338004,7,0
337997,338002,338004,2,5
337997,337997,338004,7,0
337997,338003,338004,1,6
337997,338003,338004,1,6
337997,338003,338004,1,6
337997,337997,338006,9,0
337997,337997,338007,10,0
338012,338012,338013,1,0
338012,338012,338013,1,0
338012,338012,338013,1,0
338012,338012,338014,2,0
338012,338012,338014,2,0
338012,338013,338015,2,1
338012,338012,338016,4,0
338012,338012,338016,4,0
338012,338013,338015,2,1
338012,338014,338016,2,2
338012,338014,338016,2,2
338012,338012,338016,4,0
338012,338015,338017,2,3
338012,338014,338017,3,2
338012,338012,338017,5,0
338012,338012,338017,5,0
338012,338012,338018,6,0
338012,338016,338018,2,4
338012,338016,338017,1,4
338012,338017,338018,1,5
338012,338012,338017,5,0
338012,338016,338017,1,4
338012,338016,338018,2,4
338012,338016,338018,2,4
338012,338017,338018,1,5
338012,338017,338018,1,5
338012,338017,338018,1,5
338012,338012,338020,8,0
338012,338012,338019,7,0
338012,338012,338022,10,0
338012,338012,338021,9,0
338027,338027,338028,1,0
338027,338027,338028,1,0
338027,338027,338028,1,0
338027,338027,338029,2,0
338027,338027,338029,2,0
338027,338027,338029,2,0
338027,338029,338031,2,2
338027,338027,338031,4,0
338027,338027,338030,3,0
338027,338029,338030,1,2
338027,338027,338031,4,0
338027,338027,338030,3,0
338027,338029,338031,2,2
338027,338027,338032,5,0
338027,338027,338031,4,0
338027,338027,338031,4,0
338027,338030,338032,2,3
338027,338030,338032,2,3
338027,338031,338032,1,4
338027,338027,338032,5,0
338027,338031,338033,2,4
338027,338031,338032,1,4
338027,338031,338033,2,4
338027,338031,338032,1,4
338027,338031,338032,1,4
338027,338030,338032,2,3
338027,338031,338032,1,4
338027,338027,338033,6,0
338027,338032,338033,1,5
338027,338032,338033,1,5
338027,338027,338034,7,0
338039,338039,338040,1,0
338039,338039,338040,1,0
338039,338039,338040,1,0
338039,338039,338041,2,0
338039,338039,338042,3,0
338039,338039,338042,3,0
338039,338039,338042,3,0
338039,338039,338043,4,0
338039,338039,338043,4,0
338039,338040,338042,2,1
338039,338041,338043,2,2
338039,338039,338042,3,0
338039,338039,338043,4,0
338039,338041,338043,2,2
338039,338039,338044,5,0
338039,338042,338044,2,3
338039,338042,338044,2,3
338039,338039,338044,5,0
338039,338042,338044,2,3
338039,338043,338044,1,4
338039,338039,338045,6,0
338039,338042,338044,2,3
338039,338044,338045,1,5
338039,338044,338045,1,5
338039,338043,338045,2,4
338039,338043,338045,2,4
338039,338043,338045,2,4
338039,338044,338045,1,5
338039,338043,338044,1,4
338039,338039,338045,6,0
338039,338039,338046,7,0
338051,338051,338052,1,0
338051,338051,338052,1,0
338051,338051,338052,1,0
338051,338051,338052,1,0
338051,338051,338052,1,0
338051,338051,338052,1,0
338051,338051,338052,1,0
338051,338051,338052,1,0
338051,338051,338054,3,0
338051,338051,338055,4,0
338051,338053,338055,2,2
338051,338051,338055,4,0
338051,338053,338055,2,2
338051,338053,338055,2,2
338051,338053,338055,2,2
338051,338053,338055,2,2
338051,338051,338055,4,0
338051,338053,338055,2,2
338051,338053,338055,2,2
338051,338051,338055,4,0
338051,338053,338055,2,2
338051,338055,338056,1,4
338051,338056,338057,1,5
338051,338055,338056,1,4
338051,338055,338056,1,4
338051,338051,338057,6,0
338051,338051,338057,6,0
338051,338056,338057,1,5
338051,338056,338057,1,5
338051,338056,338057,1,5
338051,338051,338058,7,0
338063,338063,338065,2,0
338063,338063,338064,1,0
338063,338063,338065,2,0
338063,338063,338064,1,0
338063,338063,338066,3,0
338063,338063,338066,3,0
338063,338063,338065,2,0
338063,338063,338066,3,0
338063,338063,338066,3,0
338063,338063,338068,5,0
338063,338065,338068,3,2
338063,338065,338068,3,2
338063,338066,338068,2,3
338063,338063,338068,5,0
338063,338065,338068,3,2
338063,338066,338068,2,3
338063,338066,338068,2,3
338063,338067,338068,1,4
338063,338066,338069,3,3
338063,338066,338068,2,3
338063,338063,338069,6,0
338063,338063,338068,5,0
338063,338063,338070,7,0
338063,338068,338069,1,5
338063,338068,338070,2,5
338063,338063,338070,7,0
338063,338068,338070,2,5
338063,338068,338070,2,5
338063,338068,338070,2,5
338063,338068,338070,2,5
338063,338063,338071,8,0
338076,338076,338077,1,0
338076,338076,338077,1,0
338076,338076,338077,1,0
338076,338076,338078,2,0
338076,338076,338078,2,0
338076,338076,338079,3,0
338076,338076,338078,2,0
338076,338077,338080,3,1
338076,338076,338079,3,0
338076,338076,338079,3,0
338076,338078,338080,2,2
338076,338078,338080,2,2
338076,338079,338081,2,3
338076,338076,338080,4,0
338076,338079,338081,2,3
338076,338076,338081,5,0
338076,338079,338081,2,3
338076,338076,338082,6,0
338076,338076,338082,6,0
338076,338079,338081,2,3
338076,338080,338082,2,4
338076,338080,338081,1,4
338076,338081,338082,1,5
338076,338076,338082,6,0
338076,338080,338081,1,4
338076,338081,338082,1,5
338076,338076,338082,6,0
338076,338081,338082,1,5
338076,338081,338082,1,5
338076,338081,338082,1,5
338076,338076,338086,10,0
338090,338090,338091,1,0
338090,338090,338091,1,0
338090,338090,338092,2,0
338090,338090,338093,3,0
338090,338090,338093,3,0
338090,338090,338093,3,0
338090,338090,338094,4,0
338090,338090,338094,4,0
338090,338090,338094,4,0
338090,338090,338094,4,0
338090,338092,338095,3,2
338090,338092,338095,3,2
338090,338092,338094,2,2
338090,338090,338096,6,0
338090,338090,338096,6,0
338090,338094,338096,2,4
338090,338093,338096,3,3
338090,338093,338096,3,3
338090,338095,338096,1,5
338090,338095,338096,1,5
338090,338090,338096,6,0
338090,338093,338096,3,3
338090,338095,338096,1,5
338090,338095,338097,2,5
338090,338090,338097,7,0
338090,338096,338097,1,6
338090,338096,338097,1,6
338090,338097,338098,1,7
338090,338090,338098,8,0
338090,338090,338099,9,0
338104,338104,338105,1,0
338104,338104,338106,2,0
338104,338104,338106,2,0
338104,338104,338106,2,0
338104,338104,338107,3,0
338104,338104,338107,3,0
338104,338104,338108,4,0
338104,338105,338108,3,1
338104,338104,338108,4,0
338104,338104,338108,4,0
338104,338106,338109,3,2
338104,338106,338108,2,2
338104,338106,338109,3,2
338104,338108,338110,2,4
338104,338107,338110,3,3
338104,338107,338110,3,3
338104,338104,338110,6,0
338104,338108,338110,2,4
338104,338104,338110,6,0
338104,338104,338110,6,0
338104,338108,338110,2,4
338104,338104,338111,7,0
338104,338104,338111,7,0
338104,338108,338111,3,4
338104,338104,338111,7,0
338104,338110,338111,1,6
338104,338110,338111,1,6
338104,338110,338111,1,6
338104,338104,338112,8,0
338117,338117,338118,1,0
338117,338117,338118,1,0
338117,338117,338118,1,0
338117,338117,338119,2,0
338117,338117,338119,2,0
338117,338117,338120,3,0
338117,338117,338120,3,0
338117,338117,338120,3,0
338117,338117,338121,4,0
338117,338117,338120,3,0
338117,338117,338121,4,0
338117,338117,338121,4,0
338117,338117,338121,4,0
338117,338119,338121,2,2
338117,338119,338121,2,2
338117,338120,338122,2,3
338117,338119,338121,2,2
338117,338120,338122,2,3
338117,338121,338123,2,4
338117,338121,338123,2,4
338117,338121,338122,1,4
338117,338121,338123,2,4
338117,338117,338122,5,0
338117,338121,338122,1,4
338117,338122,338123,1,5
338117,338117,338124,7,0
338117,338121,338123,2,4
338117,338117,338123,6,0
338117,338122,338123,1,5
338117,338122,338123,1,5
338117,338122,338123,1,5
338128,338128,338129,1,0
338128,338128,338129,1,0
338128,338128,338130,2,0
338128,338128,338131,3,0
338128,338128,338131,3,0
338128,338129,338131,2,1
338128,338128,338131,3,0
338128,338130,338132,2,2
338128,338128,338132,4,0
338128,338130,338132,2,2
338128,338128,338132,4,0
338128,338128,338132,4,0
338128,338128,338132,4,0
338128,338128,338133,5,0
338128,338131,338133,2,3
338128,338128,338133,5,0
338128,338131,338133,2,3
338128,338128,338133,5,0
338128,338131,338133,2,3
338128,338128,338134,6,0
338128,338131,338134,3,3
338128,338132,338134,2,4
338128,338132,338134,2,4
338128,338132,338134,2,4
338128,338132,338134,2,4
338128,338128,338134,6,0
338128,338132,338134,2,4
338128,338132,338134,2,4
338128,338133,338134,1,5
338128,338133,338135,2,5
338128,338128,338135,7,0
338140,338140,338142,2,0
338140,338140,338142,2,0
338140,338140,338141,1,0
338140,338140,338143,3,0
338140,338140,338143,3,0
338140,338140,338142,2,0
338140,338140,338144,4,0
338140,338140,338143,3,0
338140,338140,338143,3,0
338140,338142,338144,2,2
338140,338140,338145,5,0
338140,338142,338144,2,2
338140,338140,338145,5,0
338140,338143,338145,2,3
338140,338142,338144,2,2
338140,338140,338146,6,0
338140,338144,338146,2,4
338140,338143,338145,2,3
338140,338143,338145,2,3
338140,338144,338146,2,4
338140,338144,338146,2,4
338140,338140,338147,7,0
338140,338145,338147,2,5
338140,338145,338147,2,5
338140,338140,338147,7,0
338140,338144,338147,3,4
338140,338145,338147,2,5
338140,338140,338147,7,0
338140,338145,338147,2,5
338140,338145,338147,2,5
338140,338140,338147,7,0
338152,338152,338153,1,0
338152,338152,338153,1,0
338152,338152,338154,2,0
338152,338152,338154,2,0
338152,338153,338154,1,1
338152,338152,338155,3,0
338152,338154,338155,1,2
338152,338152,338155,3,0
338152,338152,338156,4,0
338152,338154,338156,2,2
338152,338155,338156,1,3
338152,338152,338156,4,0
338152,338155,338157,2,3
338152,338155,338156,1,3
338152,338153,338157,4,1
338152,338153,338157,4,1
338152,338156,338157,1,4
338152,338152,338157,5,0
338152,338156,338157,1,4
338152,338156,338157,1,4
338152,338157,338158,1,5
338152,338157,338158,1,5
338152,338157,338158,1,5
338152,338153,338159,6,1
338152,338157,338158,1,5
338152,338152,338159,7,0
338152,338157,338158,1,5
338152,338157,338158,1,5
338152,338152,338159,7,0
338152,338152,338159,7,0
338152,338158,338159,1,6
338164,338164,338165,1,0
338164,338164,338165,1,0
338164,338164,338165,1,0
338164,338164,338166,2,0
338164,338164,338166,2,0
338164,338164,338167,3,0
338164,338164,338166,2,0
338164,338164,338167,3,0
338164,338165,338167,2,1
338164,338164,338167,3,0
338164,338166,338168,2,2
338164,338166,338168,2,2
338164,338164,338168,4,0
338164,338166,338168,2,2
338164,338166,338168,2,2
338164,338164,338169,5,0
338164,338167,338169,2,3
338164,338167,338169,2,3
338164,338167,338169,2,3
338164,338167,338169,2,3
338164,338167,338169,2,3
338164,338164,338170,6,0
338164,338168,338170,2,4
338164,338164,338170,6,0
338164,338168,338170,2,4
338164,338168,338170,2,4
338164,338168,338170,2,4
338164,338164,338170,6,0
338164,338164,338170,6,0
338164,338168,338169,1,4
338164,338164,338170,6,0
338177,338177,338178,1,0
338177,338177,338179,2,0
338177,338177,338178,1,0
338177,338177,338178,1,0
338177,338177,338179,2,0
338177,338177,338178,1,0
338177,338177,338178,1,0
338177,338177,338179,2,0
338177,338178,338179,1,1
338177,338179,338181,2,2
338177,338179,338181,2,2
338177,338177,338180,3,0
338177,338179,338181,2,2
338177,338179,338181,2,2
338177,338177,338181,4,0
338177,338180,338181,1,3
338177,338180,338181,1,3
338177,338179,338181,2,2
338177,338179,338181,2,2
338177,338177,338183,6,0
338177,338181,338182,1,4
338177,338177,338183,6,0
338177,338177,338183,6,0
338177,338177,338182,5,0
338177,338181,338182,1,4
338177,338177,338182,5,0
338177,338181,338182,1,4
338177,338181,338182,1,4
338177,338181,338183,2,4
338177,338177,338183,6,0
338177,338182,338183,1,5
338189,338189,338190,1,0
338189,338189,338190,1,0
338189,338189,338190,1,0
338189,338189,338190,1,0
338189,338189,338191,2,0
338189,338189,338190,1,0
338189,338189,338190,1,0
338189,338189,338191,2,0
338189,338189,338191,2,0
338189,338191,338193,2,2
338189,338191,338193,2,2
338189,338191,338192,1,2
338189,338191,338193,2,2
338189,338191,338192,1,2
338189,338191,338193,2,2
338189,338191,338193,2,2
338189,338189,338194,5,0
338189,338189,338193,4,0
338189,338189,338194,5,0
338189,338192,338193,1,3
338189,338192,338193,1,3
338189,338189,338194,5,0
338189,338193,338194,1,4
338189,338189,338194,5,0
338189,338189,338194,5,0
338189,338193,338194,1,4
338189,338193,338194,1,4
338189,338193,338194,1,4
338189,338193,338194,1,4
338189,338189,338195,6,0
338189,338194,338195,1,5
338200,338200,338201,1,0
338200,338200,338201,1,0
338200,338200,338202,2,0
338200,338200,338202,2,0
338200,338200,338202,2,0
338200,338200,338202,2,0
338200,338200,338202,2,0
338200,338200,338202,2,0
338200,338201,338203,2,1
338200,338202,338204,2,2
338200,338202,338204,2,2
338200,338202,338204,2,2
338200,338200,338204,4,0
338200,338202,338204,2,2
338200,338202,338204,2,2
338200,338202,338204,2,2
338200,338200,338205,5,0
338200,338200,338204,4,0
338200,338202,338205,3,2
338200,338200,338205,5,0
338200,338200,338205,5,0
338200,338203,338205,2,3
338200,338200,338205,5,0
338200,338204,338206,2,4
338200,338204,338206,2,4
338200,338204,338206,2,4
338200,338200,338206,6,0
338200,338200,338206,6,0
338200,338205,338206,1,5
338200,338204,338206,2,4
338200,338205,338206,1,5
338211,338211,338212,1,0
338211,338211,338212,1,0
338211,338211,338212,1,0
338211,338211,338212,1,0
338211,338211,338212,1,0
338211,338211,338212,1,0
338211,338211,338212,1,0
338211,338211,338213,2,0
338211,338212,338213,1,1
338211,338211,338214,3,0
338211,338212,338214,2,1
338211,338211,338214,3,0
338211,338213,338215,2,2
338211,338213,338215,2,2
338211,338211,338214,3,0
338211,338213,338215,2,2
338211,338211,338215,4,0
338211,338213,338214,1,2
338211,338211,338214,3,0
338211,338213,338215,2,2
338211,338211,338215,4,0
338211,338213,338215,2,2
338211,338211,338215,4,0
338211,338214,338215,1,3
338211,338214,338216,2,3
338211,338214,338216,2,3
338211,338215,338216,1,4
338211,338211,338216,5,0
338211,338215,338216,1,4
338211,338215,338217,2,4
338211,338215,338216,1,4
338221,338221,338222,1,0
338221,338221,338222,1,0
338221,338221,338223,2,0
338221,338221,338222,1,0
338221,338221,338223,2,0
338221,338221,338222,1,0
338221,338221,338223,2,0
338221,338221,338223,2,0
338221,338221,338223,2,0
338221,338221,338224,3,0
338221,338221,338224,3,0
338221,338222,338224,2,1
338221,338221,338225,4,0
338221,338223,338225,2,2
338221,338223,338225,2,2
338221,338221,338225,4,0
338221,338223,338225,2,2
338221,338221,338225,4,0
338221,338223,338225,2,2
338221,338223,338225,2,2
338221,338224,338225,1,3
338221,338224,338226,2,3
338221,338224,338226,2,3
338221,338224,338226,2,3
338221,338221,338226,5,0
338221,338225,338226,1,4
338221,338225,338226,1,4
338221,338221,338226,5,0
338221,338225,338227,2,4
338221,338225,338227,2,4
338221,338225,338227,2,4
338232,338232,338233,1,0
338232,338232,338233,1,0
338232,338232,338233,1,0
338232,338232,338234,2,0
338232,338232,338234,2,0
338232,338232,338234,2,0
338232,338232,338235,3,0
338232,338232,338235,3,0
338232,338232,338235,3,0
338232,338232,338234,2,0
338232,338232,338235,3,0
338232,338232,338235,3,0
338232,338234,338235,1,2
338232,338232,338235,3,0
338232,338234,338235,1,2
338232,338232,338236,4,0
338232,338234,338236,2,2
338232,338232,338236,4,0
338232,338232,338235,3,0
338232,338234,338236,2,2
338232,338234,338236,2,2
338232,338235,338237,2,3
338232,338235,338237,2,3
338232,338235,338236,1,3
338232,338235,338237,2,3
338232,338235,338237,2,3
338232,338236,338238,2,4
338232,338236,338238,2,4
338232,338236,338238,2,4
338232,338236,338238,2,4
338232,338236,338237,1,4
338243,338243,338244,1,0
338243,338243,338244,1,0
338243,338243,338244,1,0
338243,338243,338244,1,0
338243,338243,338245,2,0
338243,338243,338245,2,0
338243,338243,338246,3,0
338243,338243,338246,3,0
338243,338243,338245,2,0
338243,338243,338245,2,0
338243,338243,338246,3,0
338243,338243,338245,2,0
338243,338243,338245,2,0
338243,338243,338246,3,0
338243,338243,338245,2,0
338243,338244,338245,1,1
338243,338243,338246,3,0
338243,338245,338246,1,2
338243,338245,338246,1,2
338243,338245,338247,2,2
338243,338245,338246,1,2
338243,338245,338246,1,2
338243,338246,338247,1,3
338243,338246,338247,1,3
338243,338246,338247,1,3
338243,338246,338247,1,3
338243,338246,338248,2,3
338243,338246,338248,2,3
338243,338246,338247,1,3
338243,338246,338247,1,3
338243,338246,338248,2,3
338253,338254,338255,1,1
338253,338254,338255,1,1
338253,338254,338255,1,1
338253,338254,338255,1,1
338253,338254,338255,1,1
338253,338254,338255,1,1
338253,338254,338256,2,1
338253,338254,338256,2,1
338253,338255,338256,1,2
338253,338254,338256,2,1
338253,338255,338256,1,2
338253,338254,338257,3,1
338253,338254,338257,3,1
338253,338254,338257,3,1
338253,338256,338257,1,3
338253,338254,338257,3,1
338253,338254,338257,3,1
338253,338254,338257,3,1
338253,338256,338257,1,3
338253,338256,338257,1,3
338253,338256,338257,1,3
338253,338254,338257,3,1
338253,338256,338257,1,3
338253,338256,338257,1,3
338253,338257,338258,1,4
338253,338257,338258,1,4
338253,338257,338259,2,4
338253,338258,338259,1,5
338253,338258,338259,1,5
338253,338258,338259,1,5
338253,338258,338259,1,5
338264,338264,338265,1,0
338264,338264,338265,1,0
338264,338264,338266,2,0
338264,338264,338265,1,0
338264,338264,338266,2,0
338264,338264,338266,2,0
338264,338264,338266,2,0
338264,338264,338265,1,0
338264,338264,338266,2,0
338264,338264,338267,3,0
338264,338264,338266,2,0
338264,338264,338267,3,0
338264,338264,338267,3,0
338264,338264,338268,4,0
338264,338266,338268,2,2
338264,338266,338268,2,2
338264,338266,338268,2,2
338264,338264,338267,3,0
338264,338265,338268,3,1
338264,338266,338267,1,2
338264,338264,338268,4,0
338264,338266,338268,2,2
338264,338266,338268,2,2
338264,338266,338268,2,2
338264,338267,338269,2,3
338264,338267,338269,2,3
338264,338267,338269,2,3
338264,338267,338269,2,3
338264,338267,338269,2,3
338264,338268,338270,2,4
338264,338268,338270,2,4
338275,338275,338276,1,0
338275,338275,338276,1,0
338275,338275,338276,1,0
338275,338275,338277,2,0
338275,338275,338276,1,0
338275,338275,338276,1,0
338275,338275,338276,1,0
338275,338275,338278,3,0
338275,338275,338277,2,0
338275,338275,338278,3,0
338275,338276,338278,2,1
338275,338275,338278,3,0
338275,338275,338277,2,0
338275,338276,338278,2,1
338275,338275,338278,3,0
338275,338275,338278,3,0
338275,338277,338278,1,2
338275,338277,338278,1,2
338275,338275,338278,3,0
338275,338277,338278,1,2
338275,338275,338278,3,0
338275,338277,338278,1,2
338275,338277,338278,1,2
338275,338278,338279,1,3
338275,338278,338279,1,3
338275,338278,338280,2,3
338275,338278,338279,1,3
338275,338278,338279,1,3
338275,338278,338280,2,3
338275,338278,338279,1,3
338275,338278,338279,1,3
338285,338285,338286,1,0
338285,338285,338286,1,0
338285,338285,338286,1,0
338285,338285,338287,2,0
338285,338285,338286,1,0
338285,338285,338286,1,0
338285,338285,338286,1,0
338285,338285,338287,2,0
338285,338285,338287,2,0
338285,338285,338288,3,0
338285,338285,338287,2,0
338285,338285,338287,2,0
338285,338285,338287,2,0
338285,338286,338288,2,1
338285,338286,338288,2,1
338285,338287,338288,1,2
338285,338287,338288,1,2
338285,338285,338288,3,0
338285,338287,338288,1,2
338285,338287,338288,1,2
338285,338285,338288,3,0
338285,338287,338288,1,2
338285,338287,338288,1,2
338285,338287,338288,1,2
338285,338288,338289,1,3
338285,338285,338289,4,0
338285,338288,338289,1,3
338285,338288,338289,1,3
338285,338288,338289,1,3
338285,338288,338289,1,3
338285,338288,338289,1,3
338294,338294,338295,1,0
338294,338294,338295,1,0
338294,338294,338296,2,0
338294,338294,338296,2,0
338294,338294,338295,1,0
338294,338294,338296,2,0
338294,338294,338296,2,0
338294,338294,338296,2,0
338294,338294,338296,2,0
338294,338294,338295,1,0
338294,338294,338296,2,0
338294,338294,338296,2,0
338294,338294,338296,2,0
338294,338295,338297,2,1
338294,338294,338297,3,0
338294,338294,338297,3,0
338294,338294,338297,3,0
338294,338296,338298,2,2
338294,338296,338298,2,2
338294,338296,338298,2,2
338294,338296,338298,2,2
338294,338296,338298,2,2
338294,338296,338297,1,2
338294,338296,338297,1,2
338294,338296,338298,2,2
338294,338296,338298,2,2
338294,338296,338298,2,2
338294,338296,338297,1,2
338294,338297,338299,2,3
338294,338297,338298,1,3
338294,338297,338298,1,3
338304,338304,338305,1,0
338304,338304,338306,2,0
338304,338304,338305,1,0
338304,338304,338305,1,0
338304,338304,338305,1,0
338304,338304,338305,1,0
338304,338304,338305,1,0
338304,338304,338305,1,0
338304,338304,338305,1,0
338304,338304,338307,3,0
338304,338304,338306,2,0
338304,338304,338306,2,0
338304,338304,338306,2,0
338304,338304,338306,2,0
338304,338304,338306,2,0
338304,338306,338307,1,2
338304,338306,338307,1,2
338304,338304,338307,3,0
338304,338306,338307,1,2
338304,338306,338307,1,2
338304,338307,338308,1,3
338304,338306,338307,1,2
338304,338306,338307,1,2
338304,338306,338307,1,2
338304,338306,338307,1,2
338304,338306,338307,1,2
338304,338307,338308,1,3
338304,338307,338308,1,3
338304,338307,338308,1,3
338304,338307,338308,1,3
338304,338307,338308,1,3
338313,338313,338314,1,0
338313,338313,338315,2,0
338313,338313,338314,1,0
338313,338313,338317,4,0
338313,338314,338318,4,1
338313,338313,338318,5,0
338313,338313,338318,5,0
338313,338313,338318,5,0
338313,338315,338318,3,2
338313,338313,338319,6,0
338313,338313,338319,6,0
338313,338313,338319,6,0
338313,338317,338319,2,4
338313,338315,338319,4,2
338313,338319,338320,1,6
338313,338319,338320,1,6
338313,338318,338320,2,5
338313,338319,338320,1,6
338313,338319,338320,1,6
338313,338313,338321,8,0
338313,338313,338321,8,0
338313,338320,338321,1,7
338313,338320,338321,1,7
338313,338320,338321,1,7
338313,338320,338321,1,7
338313,338313,338321,8,0
338313,338320,338321,1,7
338313,338313,338323,10,0
338313,338321,338322,1,8
338313,338313,338323,10,0
338313,338313,338323,10,0
338328,338328,338329,1,0
338328,338328,338330,2,0
338328,338328,338330,2,0
338328,338328,338332,4,0
338328,338328,338332,4,0
338328,338328,338333,5,0
338328,338330,338333,3,2
338328,338328,338333,5,0
338328,338330,338334,4,2
338328,338328,338334,6,0
338328,338330,338334,4,2
338328,338332,338334,2,4
338328,338328,338335,7,0
338328,338328,338335,7,0
338328,338328,338335,7,0
338328,338332,338335,3,4
338328,338333,338335,2,5
338328,338333,338335,2,5
338328,338334,338336,2,6
338328,338334,338336,2,6
338328,338334,338336,2,6
338328,338334,338336,2,6
338328,338334,338335,1,6
338328,338335,338336,1,7
338328,338328,338337,9,0
338328,338335,338336,1,7
338328,338335,338336,1,7
338328,338328,338337,9,0
338328,338328,338337,9,0
338328,338328,338338,10,0
338328,338328,338338,10,0
338343,338343,338344,1,0
338343,338343,338345,2,0
338343,338343,338344,1,0
338343,338343,338347,4,0
338343,338343,338348,5,0
338343,338343,338347,4,0
338343,338345,338348,3,2
338343,338343,338349,6,0
338343,338345,338349,4,2
338343,338343,338349,6,0
338343,338345,338349,4,2
338343,338343,338349,6,0
338343,338343,338349,6,0
338343,338348,338350,2,5
338343,338343,338350,7,0
338343,338349,338351,2,6
338343,338349,338350,1,6
338343,338349,338351,2,6
338343,338349,338350,1,6
338343,338343,338350,7,0
338343,338348,338350,2,5
338343,338347,338350,3,4
338343,338348,338350,2,5
338343,338350,338351,1,7
338343,338350,338351,1,7
338343,338350,338351,1,7
338343,338350,338351,1,7
338343,338343,338353,10,0
338343,338343,338353,10,0
338343,338343,338352,9,0
338343,338343,338353,10,0
338358,338358,338359,1,0
338358,338358,338360,2,0
338358,338358,338360,2,0
338358,338358,338362,4,0
338358,338358,338363,5,0
338358,338358,338362,4,0
338358,338358,338364,6,0
338358,338358,338364,6,0
338358,338360,338364,4,2
338358,338360,338364,4,2
338358,338358,338364,6,0
338358,338360,338363,3,2
338358,338358,338365,7,0
338358,338358,338365,7,0
338358,338364,338366,2,6
338358,338364,338366,2,6
338358,338364,338366,2,6
338358,338358,338366,8,0
338358,338362,338366,4,4
338358,338363,338366,3,5
338358,338363,338366,3,5
338358,338364,338366,2,6
338358,338364,338366,2,6
338358,338364,338366,2,6
338358,338358,338367,9,0
338358,338365,338367,2,7
338358,338358,338367,9,0
338358,338366,338367,1,8
338358,338358,338368,10,0
338358,338366,338368,2,8
338358,338358,338368,10,0
338373,338373,338374,1,0
338373,338373,338375,2,0
338373,338373,338374,1,0
338373,338373,338377,4,0
338373,338373,338378,5,0
338373,338373,338378,5,0
338373,338373,338378,5,0
338373,338373,338379,6,0
338373,338375,338379,4,2
338373,338375,338378,3,2
338373,338373,338379,6,0
338373,338375,338378,3,2
338373,338373,338380,7,0
338373,338377,338380,3,4
338373,338378,338380,2,5
338373,338373,338379,6,0
338373,338378,338380,2,5
338373,338373,338380,7,0
338373,338379,338381,2,6
338373,338379,338380,1,6
338373,338378,338381,3,5
338373,338379,338380,1,6
338373,338379,338380,1,6
338373,338379,338380,1,6
338373,338373,338381,8,0
338373,338380,338381,1,7
338373,338380,338381,1,7
338373,338380,338381,1,7
338373,338373,338383,10,0
338373,338373,338383,10,0
338373,338373,338383,10,0
338389,338389,338390,1,0
338389,338389,338390,1,0
338389,338389,338390,1,0
338389,338389,338392,3,0
338389,338389,338393,4,0
338389,338389,338393,4,0
338389,338391,338394,3,2
338389,338391,338394,3,2
338389,338389,338395,6,0
338389,338391,338394,3,2
338389,338389,338395,6,0
338389,338389,338395,6,0
338389,338393,338395,2,4
338389,338389,338395,6,0
338389,338393,338395,2,4
338389,338395,338397,2,6
338389,338389,338396,7,0
338389,338394,338396,2,5
338389,338395,338396,1,6
338389,338395,338396,1,6
338389,338395,338396,1,6
338389,338389,338398,9,0
338389,338396,338397,1,7
338389,338389,338397,8,0
338389,338396,338397,1,7
338389,338396,338397,1,7
338389,338396,338397,1,7
338389,338396,338397,1,7
338389,338389,338399,10,0
338389,338389,338398,9,0
338389,338389,338398,9,0
338404,338404,338405,1,0
338404,338404,338405,1,0
338404,338404,338405,1,0
338404,338404,338408,4,0
338404,338406,338409,3,2
338404,338404,338410,6,0
338404,338406,338410,4,2
338404,338406,338410,4,2
338404,338404,338410,6,0
338404,338404,338411,7,0
338404,338404,338410,6,0
338404,338404,338410,6,0
338404,338408,338411,3,4
338404,338404,338411,7,0
338404,338404,338411,7,0
338404,338404,338412,8,0
338404,338410,338412,2,6
338404,338410,338412,2,6
338404,338410,338412,2,6
338404,338411,338412,1,7
338404,338411,338412,1,7
338404,338410,338412,2,6
338404,338411,338412,1,7
338404,338411,338412,1,7
338404,338404,338412,8,0
338404,338411,338413,2,7
338404,338411,338413,2,7
338404,338411,338412,1,7
338404,338404,338413,9,0
338404,338404,338414,10,0
338404,338404,338413,9,0
338418,338419,338420,1,1
338418,338419,338420,1,1
338418,338420,338423,3,2
338418,338419,338423,4,1
338418,338421,338423,2,3
338418,338421,338425,4,3
338418,338419,338424,5,1
338418,338419,338425,6,1
338418,338419,338425,6,1
338418,338419,338425,6,1
338418,338419,338425,6,1
338418,338419,338426,7,1
338418,338419,338425,6,1
338418,338425,338426,1,7
338418,338424,338426,2,6
338418,338425,338426,1,7
338418,338424,338426,2,6
338418,338425,338426,1,7
338418,338424,338426,2,6
338418,338426,338427,1,8
338418,338426,338428,2,8
338418,338426,338427,1,8
338418,338427,338428,1,9
338418,338426,338427,1,8
338418,338426,338427,1,8
338418,338419,338428,9,1
338418,338419,338428,9,1
338418,338419,338428,9,1
338418,338419,338428,9,1
338418,338419,338429,10,1
338434,338434,338435,1,0
338434,338434,338436,2,0
338434,338434,338436,2,0
338434,338437,338439,2,3
338434,338435,338439,4,1
338434,338435,338439,4,1
338434,338435,338440,5,1
338434,338436,338440,4,2
338434,338435,338440,5,1
338434,338437,338440,3,3
338434,338435,338440,5,1
338434,338435,338441,6,1
338434,338435,338441,6,1
338434,338435,338442,7,1
338434,338441,338442,1,7
338434,338441,338442,1,7
338434,338440,338442,2,6
338434,338441,338442,1,7
338434,338440,338442,2,6
338434,338440,338442,2,6
338434,338441,338443,2,7
338434,338441,338442,1,7
338434,338442,338443,1,8
338434,338442,338443,1,8
338434,338435,338444,9,1
338434,338443,338444,1,9
338434,338435,338444,9,1
338434,338443,338444,1,9
338434,338435,338444,9,1
338434,338435,338444,9,1
338434,338435,338445,10,1
338450,338450,338452,2,0
338450,338450,338452,2,0
338450,338450,338452,2,0
338450,338450,338455,5,0
338450,338453,338455,2,3
338450,338450,338456,6,0
338450,338453,338456,3,3
338450,338450,338456,6,0
338450,338450,338456,6,0
338450,338453,338456,3,3
338450,338450,338456,6,0
338450,338456,338458,2,6
338450,338457,338458,1,7
338450,338457,338458,1,7
338450,338457,338458,1,7
338450,338450,338458,8,0
338450,338456,338458,2,6
338450,338457,338458,1,7
338450,338450,338459,9,0
338450,338457,338459,2,7
338450,338457,338459,2,7
338450,338459,338460,1,9
338450,338450,338460,10,0
338450,338450,338460,10,0
338450,338459,338460,1,9
338450,338450,338460,10,0
338450,338450,338460,10,0
338450,338459,338460,1,9
338450,338450,338461,11,0
338450,338459,338460,1,9
338450,338450,338460,10,0
338465,338465,338466,1,0
338465,338465,338466,1,0
338465,338465,338466,1,0
338465,338465,338470,5,0
338465,338467,338470,3,2
338465,338466,338470,4,1
338465,338465,338471,6,0
338465,338467,338471,4,2
338465,338465,338470,5,0
338465,338465,338472,7,0
338465,338465,338472,7,0
338465,338470,338473,3,5
338465,338471,338473,2,6
338465,338465,338472,7,0
338465,338470,338473,3,5
338465,338471,338473,2,6
338465,338465,338473,8,0
338465,338471,338473,2,6
338465,338471,338473,2,6
338465,338473,338474,1,8
338465,338465,338475,10,0
338465,338465,338475,10,0
338465,338473,338475,2,8
338465,338473,338475,2,8
338465,338465,338475,10,0
338465,338465,338475,10,0
338465,338473,338474,1,8
338465,338465,338475,10,0
338465,338473,338475,2,8
338465,338473,338475,2,8
338465,338465,338475,10,0
338481,338481,338482,1,0
338481,338481,338482,1,0
338481,338481,338482,1,0
338481,338481,338486,5,0
338481,338481,338485,4,0
338481,338481,338486,5,0
338481,338481,338486,5,0
338481,338483,338487,4,2
338481,338483,338487,4,2
338481,338483,338488,5,2
338481,338481,338487,6,0
338481,338486,338488,2,5
338481,338486,338489,3,5
338481,338486,338489,3,5
338481,338486,338488,2,5
338481,338487,338489,2,6
338481,338487,338489,2,6
338481,338481,338490,9,0
338481,338488,338490,2,7
338481,338489,338490,1,8
338481,338488,338490,2,7
338481,338481,338490,9,0
338481,338488,338490,2,7
338481,338481,338491,10,0
338481,338489,338491,2,8
338481,338489,338490,1,8
338481,338481,338491,10,0
338481,338481,338491,10,0
338481,338481,338491,10,0
338481,338481,338491,10,0
338481,338481,338492,11,0
338497,338497,338498,1,0
338497,338497,338498,1,0
338497,338497,338499,2,0
338497,338497,338502,5,0
338497,338497,338502,5,0
338497,338497,338502,5,0
338497,338499,338503,4,2
338497,338499,338502,3,2
338497,338497,338504,7,0
338497,338497,338504,7,0
338497,338499,338503,4,2
338497,338497,338504,7,0
338497,338502,338504,2,5
338497,338502,338505,3,5
338497,338502,338505,3,5
338497,338503,338505,2,6
338497,338503,338505,2,6
338497,338497,338506,9,0
338497,338497,338506,9,0
338497,338504,338506,2,7
338497,338504,338506,2,7
338497,338504,338506,2,7
338497,338504,338506,2,7
338497,338504,338506,2,7
338497,338505,338506,1,8
338497,338505,338506,1,8
338497,338497,338507,10,0
338497,338497,338507,10,0
338497,338497,338507,10,0
338497,338497,338507,10,0
338497,338497,338508,11,0
338513,338513,338514,1,0
338513,338513,338514,1,0
338513,338513,338514,1,0
338513,338513,338518,5,0
338513,338515,338518,3,2
338513,338513,338517,4,0
338513,338513,338517,4,0
338513,338515,338519,4,2
338513,338515,338519,4,2
338513,338513,338519,6,0
338513,338513,338519,6,0
338513,338518,338520,2,5
338513,338513,338520,7,0
338513,338519,338520,1,6
338513,338519,338520,1,6
338513,338518,338521,3,5
338513,338518,338520,2,5
338513,338513,338521,8,0
338513,338513,338520,7,0
338513,338518,338520,2,5
338513,338520,338521,1,7
338513,338521,338522,1,8
338513,338520,338521,1,7
338513,338520,338521,1,7
338513,338513,338523,10,0
338513,338513,338522,9,0
338513,338513,338523,10,0
338513,338521,338522,1,8
338513,338521,338522,1,8
338513,338513,338523,10,0
338513,338513,338523,10,0
338529,338529,338531,2,0
338529,338529,338531,2,0
338529,338529,338530,1,0
338529,338529,338533,4,0
338529,338531,338534,3,2
338529,338531,338535,4,2
338529,338531,338535,4,2
338529,338529,338534,5,0
338529,338529,338534,5,0
338529,338529,338535,6,0
338529,338529,338536,7,0
338529,338535,338537,2,6
338529,338529,338536,7,0
338529,338534,338537,3,5
338529,338535,338537,2,6
338529,338529,338536,7,0
338529,338534,338536,2,5
338529,338535,338537,2,6
338529,338536,338538,2,7
338529,338535,338537,2,6
338529,338536,338538,2,7
338529,338529,338538,9,0
338529,338537,338538,1,8
338529,338529,338539,10,0
338529,338529,338539,10,0
338529,338537,338538,1,8
338529,338529,338538,9,0
338529,338529,338539,10,0
338529,338537,338539,2,8
338529,338537,338539,2,8
338529,338529,338539,10,0
338544,338544,338546,2,0
338544,338544,338546,2,0
338544,338544,338546,2,0
338544,338545,338549,4,1
338544,338545,338549,4,1
338544,338547,338549,2,3
338544,338545,338550,5,1
338544,338547,338550,3,3
338544,338547,338550,3,3
338544,338550,338551,1,6
338544,338545,338551,6,1
338544,338551,338553,2,7
338544,338551,338552,1,7
338544,338544,338552,8,0
338544,338545,338552,7,1
338544,338551,338552,1,7
338544,338545,338552,7,1
338544,338550,338552,2,6
338544,338550,338552,2,6
338544,338552,338553,1,8
338544,338552,338553,1,8
338544,338544,338553,9,0
338544,338544,338554,10,0
338544,338553,338554,1,9
338544,338544,338554,10,0
338544,338544,338554,10,0
338544,338545,338554,9,1
338544,338553,338554,1,9
338544,338553,338554,1,9
338544,338553,338554,1,9
338544,338544,338555,11,0
338560,338560,338561,1,0
338560,338560,338561,1,0
338560,338560,338561,1,0
338560,338560,338564,4,0
338560,338560,338565,5,0
338560,338562,338565,3,2
338560,338560,338565,5,0
338560,338562,338566,4,2
338560,338562,338566,4,2
338560,338560,338566,6,0
338560,338560,338568,8,0
338560,338560,338567,7,0
338560,338566,338568,2,6
338560,338566,338568,2,6
338560,338565,338567,2,5
338560,338565,338567,2,5
338560,338560,338568,8,0
338560,338565,338567,2,5
338560,338560,338569,9,0
338560,338567,338569,2,7
338560,338567,338569,2,7
338560,338568,338570,2,8
338560,338568,338570,2,8
338560,338568,338570,2,8
338560,338568,338569,1,8
338560,338560,338569,9,0
338560,338560,338570,10,0
338560,338560,338569,9,0
338560,338568,338569,1,8
338560,338560,338570,10,0
338560,338560,338570,10,0
338576,338576,338577,1,0
338576,338576,338578,2,0
338576,338576,338578,2,0
338576,338576,338581,5,0
338576,338578,338581,3,2
338576,338576,338582,6,0
338576,338578,338582,4,2
338576,338576,338582,6,0
338576,338576,338582,6,0
338576,338576,338583,7,0
338576,338578,338582,4,2
338576,338576,338583,7,0
338576,338576,338583,7,0
338576,338581,338583,2,5
338576,338582,338584,2,6
338576,338581,338583,2,5
338576,338582,338584,2,6
338576,338582,338584,2,6
338576,338582,338584,2,6
338576,338576,338585,9,0
338576,338583,338585,2,7
338576,338583,338585,2,7
338576,338584,338585,1,8
338576,338583,338585,2,7
338576,338576,338586,10,0
338576,338576,338586,10,0
338576,338584,338585,1,8
338576,338576,338586,10,0
338576,338576,338586,10,0
338576,338584,338585,1,8
338576,338576,338586,10,0
338591,338591,338592,1,0
338591,338591,338592,1,0
338591,338591,338594,3,0
338591,338591,338595,4,0
338591,338591,338597,6,0
338591,338593,338597,4,2
338591,338591,338597,6,0
338591,338593,338597,4,2
338591,338591,338597,6,0
338591,338595,338598,3,4
338591,338591,338598,7,0
338591,338596,338598,2,5
338591,338591,338598,7,0
338591,338591,338598,7,0
338591,338591,338599,8,0
338591,338597,338599,2,6
338591,338598,338600,2,7
338591,338598,338599,1,7
338591,338598,338599,1,7
338591,338598,338599,1,7
338591,338597,338599,2,6
338591,338591,338600,9,0
338591,338599,338600,1,8
338591,338599,338600,1,8
338591,338591,338600,9,0
338591,338591,338601,10,0
338591,338599,338600,1,8
338591,338591,338601,10,0
338591,338599,338600,1,8
338591,338599,338600,1,8
338591,338591,338601,10,0
338607,338607,338608,1,0
338607,338607,338608,1,0
338607,338607,338609,2,0
338607,338607,338612,5,0
338607,338609,338612,3,2
338607,338607,338613,6,0
338607,338607,338613,6,0
338607,338607,338613,6,0
338607,338607,338614,7,0
338607,338609,338613,4,2
338607,338607,338614,7,0
338607,338609,338613,4,2
338607,338607,338614,7,0
338607,338612,338615,3,5
338607,338613,338615,2,6
338607,338613,338615,2,6
338607,338612,338614,2,5
338607,338613,338615,2,6
338607,338614,338615,1,7
338607,338614,338616,2,7
338607,338614,338616,2,7
338607,338614,338616,2,7
338607,338614,338615,1,7
338607,338607,338616,9,0
338607,338607,338617,10,0
338607,338607,338617,10,0
338607,338615,338617,2,8
338607,338615,338616,1,8
338607,338607,338616,9,0
338607,338607,338617,10,0
338607,338607,338617,10,0
338622,338623,338624,1,1
338622,338623,338624,1,1
338622,338623,338624,1,1
338622,338623,338627,4,1
338622,338623,338628,5,1
338622,338625,338628,3,3
338622,338625,338628,3,3
338622,338623,338629,6,1
338622,338623,338630,7,1
338622,338623,338630,7,1
338622,338625,338630,5,3
338622,338623,338630,7,1
338622,338623,338630,7,1
338622,338628,338630,2,6
338622,338629,338630,1,7
338622,338623,338630,7,1
338622,338623,338632,9,1
338622,338629,338631,2,7
338622,338630,338631,1,8
338622,338623,338631,8,1
338622,338629,338631,2,7
338622,338630,338631,1,8
338622,338631,338632,1,9
338622,338623,338632,9,1
338622,338631,338632,1,9
338622,338623,338632,9,1
338622,338631,338632,1,9
338622,338631,338632,1,9
338622,338631,338632,1,9
338622,338623,338633,10,1
338622,338631,338633,2,9
338638,338638,338640,2,0
338638,338638,338640,2,0
338638,338638,338640,2,0
338638,338638,338644,6,0
338638,338638,338644,6,0
338638,338638,338644,6,0
338638,338640,338644,4,2
338638,338641,338644,3,3
338638,338638,338645,7,0
338638,338638,338645,7,0
338638,338640,338645,5,2
338638,338638,338645,7,0
338638,338638,338646,8,0
338638,338645,338646,1,7
338638,338638,338646,8,0
338638,338645,338646,1,7
338638,338644,338647,3,6
338638,338644,338647,3,6
338638,338646,338647,1,8
338638,338646,338647,1,8
338638,338638,338647,9,0
338638,338638,338647,9,0
338638,338644,338647,3,6
338638,338646,338647,1,8
338638,338638,338647,9,0
338638,338646,338647,1,8
338638,338638,338648,10,0
338638,338647,338648,1,9
338638,338647,338648,1,9
338638,338647,338648,1,9
338638,338638,338648,10,0
338654,338654,338656,2,0
338654,338654,338655,1,0
338654,338654,338655,1,0
338654,338654,338659,5,0
338654,338654,338658,4,0
338654,338654,338659,5,0
338654,338656,338659,3,2
338654,338654,338660,6,0
338654,338656,338660,4,2
338654,338654,338661,7,0
338654,338656,338660,4,2
338654,338654,338661,7,0
338654,338654,338661,7,0
338654,338659,338661,2,5
338654,338659,338661,2,5
338654,338654,338661,7,0
338654,338654,338661,7,0
338654,338660,338662,2,6
338654,338660,338662,2,6
338654,338661,338662,1,7
338654,338661,338662,1,7
338654,338661,338663,2,7
338654,338661,338663,2,7
338654,338662,338663,1,8
338654,338654,338663,9,0
338654,338654,338663,9,0
338654,338661,338662,1,7
338654,338662,338663,1,8
338654,338654,338663,9,0
338654,338662,338663,1,8
338654,338654,338663,9,0
338668,338668,338669,1,0
338668,338668,338670,2,0
338668,338668,338670,2,0
338668,338668,338673,5,0
338668,338668,338674,6,0
338668,338668,338673,5,0
338668,338670,338674,4,2
338668,338670,338674,4,2
338668,338670,338675,5,2
338668,338668,338675,7,0
338668,338668,338675,7,0
338668,338668,338675,7,0
338668,338668,338675,7,0
338668,338668,338676,8,0
338668,338674,338676,2,6
338668,338673,338676,3,5
338668,338674,338676,2,6
338668,338675,338677,2,7
338668,338675,338677,2,7
338668,338674,338677,3,6
338668,338674,338677,3,6
338668,338676,338677,1,8
338668,338676,338677,1,8
338668,338668,338678,10,0
338668,338676,338678,2,8
338668,338676,338678,2,8
338668,338668,338678,10,0
338668,338668,338678,10,0
338668,338668,338678,10,0
338668,338668,338678,10,0
338684,338684,338685,1,0
338684,338684,338685,1,0
338684,338684,338685,1,0
338684,338684,338688,4,0
338684,338684,338689,5,0
338684,338686,338690,4,2
338684,338686,338689,3,2
338684,338684,338690,6,0
338684,338684,338690,6,0
338684,338686,338690,4,2
338684,338684,338691,7,0
338684,338684,338690,6,0
338684,338684,338691,7,0
338684,338684,338691,7,0
338684,338690,338692,2,6
338684,338689,338691,2,5
338684,338690,338692,2,6
338684,338684,338693,9,0
338684,338690,338692,2,6
338684,338691,338693,2,7
338684,338691,338693,2,7
338684,338684,338692,8,0
338684,338690,338692,2,6
338684,338691,338692,1,7
338684,338691,338692,1,7
338684,338684,338692,8,0
338684,338691,338692,1,7
338684,338684,338693,9,0
338684,338692,338693,1,8
338684,338684,338693,9,0
338684,338692,338693,1,8
338699,338699,338700,1,0
338699,338699,338700,1,0
338699,338699,338702,3,0
338699,338699,338705,6,0
338699,338701,338705,4,2
338699,338699,338704,5,0
338699,338700,338705,5,1
338699,338699,338706,7,0
338699,338699,338706,7,0
338699,338699,338706,7,0
338699,338699,338706,7,0
338699,338702,338705,3,3
338699,338699,338706,7,0
338699,338699,338706,7,0
338699,338699,338707,8,0
338699,338706,338708,2,7
338699,338699,338708,9,0
338699,338706,338708,2,7
338699,338706,338708,2,7
338699,338706,338708,2,7
338699,338705,338708,3,6
338699,338707,338708,1,8
338699,338705,338708,3,6
338699,338706,338708,2,7
338699,338706,338708,2,7
338699,338699,338708,9,0
338699,338707,338708,1,8
338699,338707,338708,1,8
338699,338699,338709,10,0
338699,338705,338709,4,6
338699,338699,338708,9,0
338714,338714,338715,1,0
338714,338714,338716,2,0
338714,338714,338715,1,0
338714,338714,338720,6,0
338714,338716,338720,4,2
338714,338716,338720,4,2
338714,338714,338720,6,0
338714,338715,338720,5,1
338714,338714,338720,6,0
338714,338714,338720,6,0
338714,338714,338721,7,0
338714,338714,338721,7,0
338714,338720,338722,2,6
338714,338720,338722,2,6
338714,338714,338723,9,0
338714,338720,338723,3,6
338714,338720,338723,3,6
338714,338714,338723,9,0
338714,338720,338723,3,6
338714,338721,338723,2,7
338714,338720,338722,2,6
338714,338721,338723,2,7
338714,338722,338723,1,8
338714,338714,338724,10,0
338714,338723,338724,1,9
338714,338714,338724,10,0
338714,338714,338724,10,0
338714,338714,338724,10,0
338714,338723,338724,1,9
338714,338714,338724,10,0
338714,338723,338724,1,9
338729,338729,338730,1,0
338729,338729,338731,2,0
338729,338729,338731,2,0
338729,338729,338734,5,0
338729,338732,338734,2,3
338729,338729,338735,6,0
338729,338729,338735,6,0
338729,338731,338735,4,2
338729,338729,338735,6,0
338729,338731,338736,5,2
338729,338729,338736,7,0
338729,338729,338737,8,0
338729,338734,338737,3,5
338729,338735,338737,2,6
338729,338735,338737,2,6
338729,338735,338737,2,6
338729,338735,338737,2,6
338729,338736,338738,2,7
338729,338735,338738,3,6
338729,338737,338738,1,8
338729,338729,338738,9,0
338729,338729,338739,10,0
338729,338729,338739,10,0
338729,338738,338739,1,9
338729,338729,338739,10,0
338729,338729,338739,10,0
338729,338738,338739,1,9
338729,338738,338739,1,9
338729,338738,338739,1,9
338729,338729,338739,10,0
338729,338729,338739,10,0
338744,338744,338746,2,0
338744,338744,338745,1,0
338744,338744,338745,1,0
338744,338744,338749,5,0
338744,338744,338749,5,0
338744,338744,338750,6,0
338744,338744,338749,5,0
338744,338744,338750,6,0
338744,338746,338750,4,2
338744,338747,338750,3,3
338744,338744,338750,6,0
338744,338746,338751,5,2
338744,338744,338751,7,0
338744,338749,338752,3,5
338744,338749,338752,3,5
338744,338750,338752,2,6
338744,338750,338752,2,6
338744,338750,338752,2,6
338744,338750,338752,2,6
338744,338744,338752,8,0
338744,338751,338752,1,7
338744,338752,338753,1,8
338744,338744,338753,9,0
338744,338752,338753,1,8
338744,338752,338753,1,8
338744,338744,338754,10,0
338744,338753,338754,1,9
338744,338753,338754,1,9
338744,338744,338754,10,0
338744,338744,338754,10,0
338744,338744,338754,10,0
338759,338759,338761,2,0
338759,338759,338761,2,0
338759,338759,338760,1,0
338759,338759,338764,5,0
338759,338759,338764,5,0
338759,338761,338764,3,2
338759,338759,338765,6,0
338759,338761,338765,4,2
338759,338761,338765,4,2
338759,338759,338765,6,0
338759,338759,338764,5,0
338759,338759,338765,6,0
338759,338759,338766,7,0
338759,338759,338766,7,0
338759,338764,338766,2,5
338759,338759,338766,7,0
338759,338759,338767,8,0
338759,338765,338767,2,6
338759,338764,338767,3,5
338759,338765,338767,2,6
338759,338765,338767,2,6
338759,338765,338767,2,6
338759,338766,338767,1,7
338759,338764,338767,3,5
338759,338766,338767,1,7
338759,338765,338768,3,6
338759,338766,338768,2,7
338759,338766,338768,2,7
338759,338759,338769,10,0
338759,338759,338769,10,0
338759,338759,338770,11,0
338775,338775,338777,2,0
338775,338775,338777,2,0
338775,338775,338777,2,0
338775,338775,338780,5,0
338775,338776,338780,4,1
338775,338778,338781,3,3
338775,338778,338781,3,3
338775,338776,338781,5,1
338775,338776,338781,5,1
338775,338775,338781,6,0
338775,338778,338782,4,3
338775,338776,338782,6,1
338775,338776,338781,5,1
338775,338776,338782,6,1
338775,338776,338782,6,1
338775,338776,338783,7,1
338775,338781,338783,2,6
338775,338781,338783,2,6
338775,338782,338784,2,7
338775,338781,338783,2,6
338775,338782,338783,1,7
338775,338782,338783,1,7
338775,338782,338783,1,7
338775,338782,338783,1,7
338775,338782,338784,2,7
338775,338782,338784,2,7
338775,338783,338784,1,8
338775,338783,338784,1,8
338775,338775,338784,9,0
338775,338775,338786,11,0
338775,338775,338786,11,0
338790,338790,338791,1,0
338790,338790,338791,1,0
338790,338790,338792,2,0
338790,338791,338794,3,1
338790,338790,338795,5,0
338790,338790,338795,5,0
338790,338791,338795,4,1
338790,338790,338796,6,0
338790,338793,338796,3,3
338790,338790,338796,6,0
338790,338794,338796,2,4
338790,338793,338796,3,3
338790,338791,338796,5,1
338790,338790,338797,7,0
338790,338790,338797,7,0
338790,338790,338797,7,0
338790,338796,338797,1,6
338790,338796,338797,1,6
338790,338795,338797,2,5
338790,338796,338797,1,6
338790,338797,338798,1,7
338790,338797,338798,1,7
338790,338790,338798,8,0
338790,338797,338798,1,7
338790,338797,338798,1,7
338790,338797,338798,1,7
338790,338797,338798,1,7
338790,338798,338799,1,8
338790,338790,338801,11,0
338790,338790,338800,10,0
338805,338805,338806,1,0
338805,338805,338807,2,0
338805,338805,338807,2,0
338805,338806,338809,3,1
338805,338805,338810,5,0
338805,338805,338810,5,0
338805,338806,338810,4,1
338805,338805,338811,6,0
338805,338808,338811,3,3
338805,338805,338811,6,0
338805,338807,338811,4,2
338805,338808,338811,3,3
338805,338806,338811,5,1
338805,338805,338812,7,0
338805,338805,338812,7,0
338805,338805,338812,7,0
338805,338811,338812,1,6
338805,338810,338812,2,5
338805,338811,338812,1,6
338805,338812,338814,2,7
338805,338805,338813,8,0
338805,338811,338813,2,6
338805,338812,338813,1,7
338805,338812,338813,1,7
338805,338812,338813,1,7
338805,338812,338813,1,7
338805,338812,338814,2,7
338805,338813,338814,1,8
338805,338813,338814,1,8
338805,338805,338815,10,0
338805,338806,338815,9,1
338820,338820,338821,1,0
338820,338820,338822,2,0
338820,338820,338822,2,0
338820,338821,338823,2,1
338820,338820,338825,5,0
338820,338820,338825,5,0
338820,338823,338826,3,3
338820,338821,338825,4,1
338820,338820,338826,6,0
338820,338820,338826,6,0
338820,338823,338826,3,3
338820,338823,338826,3,3
338820,338820,338826,6,0
338820,338821,338826,5,1
338820,338820,338827,7,0
338820,338820,338827,7,0
338820,338820,338827,7,0
338820,338826,338828,2,6
338820,338826,338827,1,6
338820,338824,338827,3,4
338820,338826,338827,1,6
338820,338826,338828,2,6
338820,338827,338828,1,7
338820,338828,338829,1,8
338820,338827,338828,1,7
338820,338827,338828,1,7
338820,338827,338828,1,7
338820,338827,338828,1,7
338820,338827,338828,1,7
338820,338820,338830,10,0
338820,338820,338831,11,0
338836,338836,338838,2,0
338836,338836,338837,1,0
338836,338836,338838,2,0
338836,338836,338839,3,0
338836,338836,338840,4,0
338836,338836,338841,5,0
338836,338836,338841,5,0
338836,338836,338841,5,0
338836,338839,338841,2,3
338836,338836,338842,6,0
338836,338838,338842,4,2
338836,338838,338842,4,2
338836,338839,338842,3,3
338836,338836,338843,7,0
338836,338836,338842,6,0
338836,338841,338843,2,5
338836,338836,338842,6,0
338836,338841,338843,2,5
338836,338840,338843,3,4
338836,338841,338843,2,5
338836,338836,338843,7,0
338836,338842,338843,1,6
338836,338842,338844,2,6
338836,338842,338844,2,6
338836,338836,338844,8,0
338836,338842,338844,2,6
338836,338843,338844,1,7
338836,338843,338844,1,7
338836,338843,338844,1,7
338836,338836,338846,10,0
338836,338836,338846,10,0
338851,338851,338852,1,0
338851,338851,338852,1,0
338851,338851,338852,1,0
338851,338851,338854,3,0
338851,338851,338856,5,0
338851,338853,338856,3,2
338851,338851,338856,5,0
338851,338851,338856,5,0
338851,338851,338856,5,0
338851,338853,338856,3,2
338851,338853,338857,4,2
338851,338851,338857,6,0
338851,338851,338857,6,0
338851,338851,338857,6,0
338851,338855,338858,3,4
338851,338851,338858,7,0
338851,338851,338858,7,0
338851,338851,338857,6,0
338851,338856,338858,2,5
338851,338857,338858,1,6
338851,338857,338859,2,6
338851,338857,338859,2,6
338851,338856,338859,3,5
338851,338857,338859,2,6
338851,338856,338859,3,5
338851,338857,338859,2,6
338851,338857,338859,2,6
338851,338858,338859,1,7
338851,338858,338859,1,7
338851,338851,338861,10,0
338851,338851,338861,10,0
338866,338866,338867,1,0
338866,338866,338867,1,0
338866,338866,338868,2,0
338866,338866,338870,4,0
338866,338866,338871,5,0
338866,338868,338871,3,2
338866,338866,338871,5,0
338866,338866,338871,5,0
338866,338866,338871,5,0
338866,338868,338872,4,2
338866,338866,338872,6,0
338866,338868,338872,4,2
338866,338866,338872,6,0
338866,338866,338872,6,0
338866,338866,338873,7,0
338866,338871,338873,2,5
338866,338866,338873,7,0
338866,338870,338873,3,4
338866,338871,338873,2,5
338866,338872,338874,2,6
338866,338872,338874,2,6
338866,338866,338874,8,0
338866,338871,338874,3,5
338866,338873,338874,1,7
338866,338871,338874,3,5
338866,338872,338874,2,6
338866,338872,338873,1,6
338866,338872,338874,2,6
338866,338873,338874,1,7
338866,338866,338875,9,0
338866,338866,338877,11,0
338882,338882,338883,1,0
338882,338882,338883,1,0
338882,338882,338883,1,0
338882,338882,338886,4,0
338882,338882,338886,4,0
338882,338882,338886,4,0
338882,338882,338886,4,0
338882,338884,338887,3,2
338882,338882,338887,5,0
338882,338884,338887,3,2
338882,338882,338887,5,0
338882,338882,338888,6,0
338882,338884,338888,4,2
338882,338882,338888,6,0
338882,338882,338888,6,0
338882,338887,338889,2,5
338882,338887,338888,1,5
338882,338882,338888,6,0
338882,338887,338888,1,5
338882,338887,338889,2,5
338882,338887,338889,2,5
338882,338887,338890,3,5
338882,338888,338889,1,6
338882,338887,338889,2,5
338882,338888,338889,1,6
338882,338888,338889,1,6
338882,338882,338890,8,0
338882,338889,338890,1,7
338882,338889,338890,1,7
338882,338882,338892,10,0
338882,338882,338892,10,0
338898,338898,338900,2,0
338898,338898,338900,2,0
338898,338898,338899,1,0
338898,338898,338902,4,0
338898,338898,338903,5,0
338898,338898,338903,5,0
338898,338898,338903,5,0
338898,338900,338903,3,2
338898,338898,338904,6,0
338898,338900,338904,4,2
338898,338898,338904,6,0
338898,338898,338904,6,0
338898,338898,338904,6,0
338898,338900,338904,4,2
338898,338898,338904,6,0
338898,338903,338905,2,5
338898,338903,338905,2,5
338898,338898,338905,7,0
338898,338902,338905,3,4
338898,338903,338906,3,5
338898,338905,338906,1,7
338898,338905,338906,1,7
338898,338903,338906,3,5
338898,338905,338906,1,7
338898,338905,338906,1,7
338898,338898,338906,8,0
338898,338905,338906,1,7
338898,338905,338906,1,7
338898,338898,338907,9,0
338898,338906,338907,1,8
338898,338898,338908,10,0
338913,338913,338914,1,0
338913,338913,338914,1,0
338913,338913,338914,1,0
338913,338913,338917,4,0
338913,338913,338917,4,0
338913,338915,338918,3,2
338913,338913,338918,5,0
338913,338915,338917,2,2
338913,338913,338918,5,0
338913,338914,338918,4,1
338913,338913,338917,4,0
338913,338913,338918,5,0
338913,338913,338919,6,0
338913,338913,338918,5,0
338913,338913,338920,7,0
338913,338918,338920,2,5
338913,338918,338920,2,5
338913,338913,338920,7,0
338913,338913,338919,6,0
338913,338918,338920,2,5
338913,338918,338920,2,5
338913,338917,338919,2,4
338913,338918,338919,1,5
338913,338918,338921,3,5
338913,338918,338920,2,5
338913,338919,338920,1,6
338913,338913,338920,7,0
338913,338919,338920,1,6
338913,338919,338920,1,6
338913,338920,338921,1,7
338913,338913,338923,10,0
338927,338928,338929,1,1
338927,338928,338929,1,1
338927,338928,338929,1,1
338927,338928,338931,3,1
338927,338928,338931,3,1
338927,338929,338932,3,2
338927,338928,338933,5,1
338927,338930,338933,3,3
338927,338928,338932,4,1
338927,338930,338932,2,3
338927,338928,338934,6,1
338927,338928,338933,5,1
338927,338928,338933,5,1
338927,338928,338933,5,1
338927,338928,338934,6,1
338927,338928,338934,6,1
338927,338933,338934,1,6
338927,338933,338934,1,6
338927,338928,338934,6,1
338927,338933,338935,2,6
338927,338932,338934,2,5
338927,338932,338934,2,5
338927,338933,338934,1,6
338927,338933,338934,1,6
338927,338934,338935,1,7
338927,338934,338935,1,7
338927,338934,338935,1,7
338927,338934,338935,1,7
338927,338935,338936,1,8
338927,338928,338937,9,1
338927,338928,338938,10,1
338943,338943,338944,1,0
338943,338943,338944,1,0
338943,338943,338945,2,0
338943,338943,338947,4,0
338943,338943,338947,4,0
338943,338943,338948,5,0
338943,338943,338948,5,0
338943,338945,338948,3,2
338943,338943,338947,4,0
338943,338943,338948,5,0
338943,338943,338948,5,0
338943,338943,338948,5,0
338943,338945,338948,3,2
338943,338945,338948,3,2
338943,338947,338949,2,4
338943,338943,338949,6,0
338943,338948,338950,2,5
338943,338949,338950,1,6
338943,338947,338949,2,4
338943,338948,338950,2,5
338943,338948,338950,2,5
338943,338948,338950,2,5
338943,338948,338950,2,5
338943,338943,338951,8,0
338943,338949,338950,1,6
338943,338949,338950,1,6
338943,338949,338950,1,6
338943,338949,338950,1,6
338943,338943,338951,8,0
338943,338943,338953,10,0
338943,338943,338953,10,0
338958,338958,338959,1,0
338958,338958,338960,2,0
338958,338958,338959,1,0
338958,338958,338962,4,0
338958,338958,338962,4,0
338958,338958,338962,4,0
338958,338958,338963,5,0
338958,338958,338962,4,0
338958,338960,338963,3,2
338958,338958,338963,5,0
338958,338960,338964,4,2
338958,338958,338964,6,0
338958,338960,338963,3,2
338958,338958,338963,5,0
338958,338958,338963,5,0
338958,338962,338964,2,4
338958,338958,338964,6,0
338958,338963,338965,2,5
338958,338963,338965,2,5
338958,338963,338965,2,5
338958,338958,338964,6,0
338958,338963,338965,2,5
338958,338963,338965,2,5
338958,338964,338965,1,6
338958,338964,338966,2,6
338958,338964,338965,1,6
338958,338964,338965,1,6
338958,338964,338965,1,6
338958,338964,338965,1,6
338958,338958,338967,9,0
338958,338958,338968,10,0
338973,338973,338975,2,0
338973,338973,338975,2,0
338973,338973,338975,2,0
338973,338974,338977,3,1
338973,338974,338977,3,1
338973,338976,338978,2,3
338973,338974,338978,4,1
338973,338973,338979,6,0
338973,338974,338978,4,1
338973,338975,338978,3,2
338973,338974,338978,4,1
338973,338973,338979,6,0
338973,338974,338979,5,1
338973,338976,338979,3,3
338973,338978,338980,2,5
338973,338973,338981,8,0
338973,338979,338980,1,6
338973,338979,338980,1,6
338973,338974,338980,6,1
338973,338974,338980,6,1
338973,338978,338980,2,5
338973,338979,338980,1,6
338973,338979,338981,2,6
338973,338979,338980,1,6
338973,338979,338980,1,6
338973,338980,338981,1,7
338973,338980,338981,1,7
338973,338980,338981,1,7
338973,338980,338981,1,7
338973,338973,338983,10,0
338973,338973,338983,10,0
338988,338988,338989,1,0
338988,338988,338990,2,0
338988,338988,338989,1,0
338988,338988,338991,3,0
338988,338988,338991,3,0
338988,338988,338992,4,0
338988,338988,338992,4,0
338988,338990,338993,3,2
338988,338990,338993,3,2
338988,338992,338994,2,4
338988,338988,338994,6,0
338988,338988,338994,6,0
338988,338990,338994,4,2
338988,338988,338993,5,0
338988,338991,338994,3,3
338988,338992,338994,2,4
338988,338988,338994,6,0
338988,338993,338994,1,5
338988,338988,338995,7,0
338988,338993,338995,2,5
338988,338994,338995,1,6
338988,338993,338995,2,5
338988,338988,338995,7,0
338988,338994,338995,1,6
338988,338994,338996,2,6
338988,338994,338996,2,6
338988,338994,338996,2,6
338988,338988,338996,8,0
338988,338988,338997,9,0
338988,338988,338998,10,0
339003,339003,339004,1,0
339003,339003,339004,1,0
339003,339003,339004,1,0
339003,339003,339007,4,0
339003,339003,339007,4,0
339003,339004,339006,2,1
339003,339003,339006,3,0
339003,339003,339006,3,0
339003,339003,339007,4,0
339003,339003,339006,3,0
339003,339003,339006,3,0
339003,339003,339007,4,0
339003,339003,339007,4,0
339003,339005,339007,2,2
339003,339005,339007,2,2
339003,339007,339009,2,4
339003,339007,339009,2,4
339003,339007,339008,1,4
339003,339007,339008,1,4
339003,339007,339008,1,4
339003,339007,339008,1,4
339003,339003,339009,6,0
339003,339007,339008,1,4
339003,339003,339009,6,0
339003,339007,339009,2,4
339003,339003,339010,7,0
339003,339008,339009,1,5
339003,339008,339009,1,5
339003,339008,339009,1,5
339003,339003,339009,6,0
339003,339008,339009,1,5
339015,339015,339016,1,0
339015,339015,339016,1,0
339015,339015,339016,1,0
339015,339016,339018,2,1
339015,339015,339018,3,0
339015,339015,339018,3,0
339015,339015,339019,4,0
339015,339017,339018,1,2
339015,339015,339018,3,0
339015,339015,339018,3,0
339015,339015,339019,4,0
339015,339017,339019,2,2
339015,339015,339018,3,0
339015,339015,339019,4,0
339015,339015,339019,4,0
339015,339015,339018,3,0
339015,339018,339020,2,3
339015,339018,339020,2,3
339015,339019,339021,2,4
339015,339019,339020,1,4
339015,339019,339020,1,4
339015,339019,339021,2,4
339015,339019,339020,1,4
339015,339019,339020,1,4
339015,339019,339020,1,4
339015,339019,339020,1,4
339015,339019,339020,1,4
339015,339019,339020,1,4
339015,339015,339022,7,0
339015,339015,339024,9,0
339015,339015,339025,10,0
339030,339030,339031,1,0
339030,339030,339031,1,0
339030,339030,339031,1,0
339030,339030,339032,2,0
339030,339030,339032,2,0
339030,339030,339033,3,0
339030,339030,339032,2,0
339030,339031,339033,2,1
339030,339030,339033,3,0
339030,339030,339033,3,0
339030,339030,339033,3,0
339030,339030,339033,3,0
339030,339030,339033,3,0
339030,339032,339033,1,2
339030,339030,339033,3,0
339030,339032,339034,2,2
339030,339033,339034,1,3
339030,339030,339034,4,0
339030,339033,339035,2,3
339030,339034,339035,1,4
339030,339030,339035,5,0
339030,339030,339035,5,0
339030,339033,339035,2,3
339030,339033,339035,2,3
339030,339033,339035,2,3
339030,339034,339035,1,4
339030,339034,339035,1,4
339030,339034,339035,1,4
339030,339034,339035,1,4
339030,339034,339035,1,4
339030,339034,339035,1,4
339040,339040,339041,1,0
339040,339040,339041,1,0
339040,339040,339042,2,0
339040,339040,339041,1,0
339040,339040,339043,3,0
339040,339041,339043,2,1
339040,339040,339043,3,0
339040,339040,339043,3,0
339040,339040,339043,3,0
339040,339040,339043,3,0
339040,339042,339044,2,2
339040,339042,339044,2,2
339040,339040,339043,3,0
339040,339040,339044,4,0
339040,339040,339043,3,0
339040,339042,339044,2,2
339040,339043,339045,2,3
339040,339044,339045,1,4
339040,339043,339045,2,3
339040,339040,339044,4,0
339040,339043,339045,2,3
339040,339043,339045,2,3
339040,339040,339046,6,0
339040,339043,339045,2,3
339040,339044,339045,1,4
339040,339044,339046,2,4
339040,339044,339046,2,4
339040,339040,339046,6,0
339040,339044,339045,1,4
339040,339044,339046,2,4
339040,339040,339046,6,0
339051,339051,339052,1,0
339051,339051,339052,1,0
339051,339051,339053,2,0
339051,339051,339053,2,0
339051,339051,339053,2,0
339051,339051,339054,3,0
339051,339051,339054,3,0
339051,339051,339053,2,0
339051,339051,339054,3,0
339051,339051,339055,4,0
339051,339051,339055,4,0
339051,339053,339055,2,2
339051,339053,339055,2,2
339051,339053,339056,3,2
339051,339053,339056,3,2
339051,339054,339056,2,3
339051,339053,339056,3,2
339051,339055,339056,1,4
339051,339051,339056,5,0
339051,339055,339056,1,4
339051,339055,339057,2,4
339051,339055,339057,2,4
339051,339051,339057,6,0
339051,339054,339056,2,3
339051,339054,339057,3,3
339051,339056,339057,1,5
339051,339056,339058,2,5
339051,339051,339058,7,0
339051,339056,339058,2,5
339051,339051,339058,7,0
339051,339051,339060,9,0
339065,339065,339066,1,0
339065,339065,339066,1,0
339065,339065,339066,1,0
339065,339065,339067,2,0
339065,339065,339067,2,0
339065,339065,339067,2,0
339065,339065,339068,3,0
339065,339065,339068,3,0
339065,339065,339068,3,0
339065,339066,339068,2,1
339065,339067,339069,2,2
339065,339068,339070,2,3
339065,339065,339070,5,0
339065,339065,339070,5,0
339065,339067,339069,2,2
339065,339067,339070,3,2
339065,339067,339070,3,2
339065,339068,339070,2,3
339065,339065,339071,6,0
339065,339068,339070,2,3
339065,339065,339071,6,0
339065,339069,339071,2,4
339065,339069,339070,1,4
339065,339065,339072,7,0
339065,339070,339071,1,5
339065,339065,339071,6,0
339065,339070,339071,1,5
339065,339070,339071,1,5
339065,339070,339072,2,5
339065,339070,339071,1,5
339065,339065,339072,7,0
339077,339077,339079,2,0
339077,339077,339079,2,0
339077,339078,339079,1,1
339077,339077,339079,2,0
339077,339078,339079,1,1
339077,339078,339080,2,1
339077,339078,339080,2,1
339077,339078,339082,4,1
339077,339080,339082,2,3
339077,339080,339082,2,3
339077,339080,339082,2,3
339077,339078,339082,4,1
339077,339080,339082,2,3
339077,339080,339082,2,3
339077,339081,339083,2,4
339077,339078,339083,5,1
339077,339078,339083,5,1
339077,339078,339083,5,1
339077,339081,339083,2,4
339077,339077,339083,6,0
339077,339077,339085,8,0
339077,339083,339085,2,6
339077,339083,339084,1,6
339077,339077,339084,7,0
339077,339083,339084,1,6
339077,339083,339084,1,6
339077,339083,339084,1,6
339077,339083,339084,1,6
339077,339083,339084,1,6
339077,339083,339084,1,6
339077,339078,339085,7,1
339090,339090,339091,1,0
339090,339090,339091,1,0
339090,339090,339091,1,0
339090,339090,339092,2,0
339090,339090,339093,3,0
339090,339090,339092,2,0
339090,339090,339094,4,0
339090,339090,339094,4,0
339090,339090,339094,4,0
339090,339090,339095,5,0
339090,339092,339094,2,2
339090,339092,339094,2,2
339090,339092,339095,3,2
339090,339092,339095,3,2
339090,339090,339095,5,0
339090,339090,339095,5,0
339090,339093,339095,2,3
339090,339093,339095,2,3
339090,339094,339096,2,4
339090,339090,339096,6,0
339090,339094,339096,2,4
339090,339095,339096,1,5
339090,339094,339096,2,4
339090,339090,339097,7,0
339090,339095,339097,2,5
339090,339090,339097,7,0
339090,339095,339097,2,5
339090,339095,339097,2,5
339090,339095,339096,1,5
339090,339095,339096,1,5
339090,339090,339097,7,0
339103,339103,339104,1,0
339103,339103,339104,1,0
339103,339103,339104,1,0
339103,339103,339105,2,0
339103,339103,339106,3,0
339103,339103,339105,2,0
339103,339103,339105,2,0
339103,339103,339106,3,0
339103,339103,339107,4,0
339103,339103,339106,3,0
339103,339105,339107,2,2
339103,339103,339107,4,0
339103,339105,339107,2,2
339103,339103,339107,4,0
339103,339105,339107,2,2
339103,339106,339108,2,3
339103,339106,339108,2,3
339103,339106,339108,2,3
339103,339107,339109,2,4
339103,339107,339109,2,4
339103,339103,339109,6,0
339103,339106,339108,2,3
339103,339106,339108,2,3
339103,339108,339109,1,5
339103,339103,339110,7,0
339103,339108,339110,2,5
339103,339108,339110,2,5
339103,339107,339109,2,4
339103,339103,339110,7,0
339103,339108,339109,1,5
339103,339103,339110,7,0
339116,339116,339117,1,0
339116,339116,339117,1,0
339116,339116,339117,1,0
339116,339116,339117,1,0
339116,339116,339118,2,0
339116,339116,339119,3,0
339116,339116,339118,2,0
339116,339116,339119,3,0
339116,339116,339119,3,0
339116,339116,339119,3,0
339116,339118,339120,2,2
339116,339118,339120,2,2
339116,339117,339119,2,1
339116,339116,339120,4,0
339116,339116,339121,5,0
339116,339118,339120,2,2
339116,339118,339120,2,2
339116,339119,339121,2,3
339116,339119,339121,2,3
339116,339119,339121,2,3
339116,339119,339121,2,3
339116,339116,339121,5,0
339116,339116,339121,5,0
339116,339120,339121,1,4
339116,339120,339121,1,4
339116,339116,339122,6,0
339116,339120,339121,1,4
339116,339116,339122,6,0
339116,339120,339122,2,4
339116,339121,339122,1,5
339116,339121,339122,1,5
339127,339127,339128,1,0
339127,339127,339128,1,0
339127,339127,339128,1,0
339127,339127,339129,2,0
339127,339127,339129,2,0
339127,339127,339130,3,0
339127,339127,339130,3,0
339127,339128,339130,2,1
339127,339127,339130,3,0
339127,339128,339130,2,1
339127,339129,339131,2,2
339127,339129,339131,2,2
339127,339127,339131,4,0
339127,339127,339132,5,0
339127,339127,339132,5,0
339127,339130,339132,2,3
339127,339130,339132,2,3
339127,339129,339131,2,2
339127,339130,339132,2,3
339127,339127,339132,5,0
339127,339131,339132,1,4
339127,339130,339133,3,3
339127,339127,339133,6,0
339127,339131,339133,2,4
339127,339127,339133,6,0
339127,339131,339133,2,4
339127,339132,339133,1,5
339127,339127,339134,7,0
339127,339132,339134,2,5
339127,339132,339133,1,5
339127,339127,339134,7,0
339140,339140,339141,1,0
339140,339140,339141,1,0
339140,339140,339141,1,0
339140,339140,339141,1,0
339140,339140,339142,2,0
339140,339140,339142,2,0
339140,339140,339142,2,0
339140,339140,339142,2,0
339140,339142,339144,2,2
339140,339140,339143,3,0
339140,339142,339144,2,2
339140,339142,339144,2,2
339140,339140,339144,4,0
339140,339140,339145,5,0
339140,339143,339145,2,3
339140,339143,339145,2,3
339140,339143,339145,2,3
339140,339142,339144,2,2
339140,339143,339145,2,3
339140,339140,339146,6,0
339140,339140,339146,6,0
339140,339144,339145,1,4
339140,339140,339145,5,0
339140,339144,339145,1,4
339140,339144,339145,1,4
339140,339144,339146,2,4
339140,339145,339146,1,5
339140,339140,339146,6,0
339140,339145,339146,1,5
339140,339145,339146,1,5
339140,339140,339146,6,0
339152,339152,339153,1,0
339152,339152,339153,1,0
339152,339152,339154,2,0
339152,339152,339153,1,0
339152,339152,339153,1,0
339152,339152,339154,2,0
339152,339153,339155,2,1
339152,339152,339155,3,0
339152,339152,339155,3,0
339152,339153,339155,2,1
339152,339152,339155,3,0
339152,339154,339156,2,2
339152,339154,339156,2,2
339152,339152,339155,3,0
339152,339154,339156,2,2
339152,339152,339157,5,0
339152,339155,339157,2,3
339152,339154,339156,2,2
339152,339155,339157,2,3
339152,339155,339157,2,3
339152,339155,339157,2,3
339152,339152,339158,6,0
339152,339156,339157,1,4
339152,339156,339158,2,4
339152,339156,339158,2,4
339152,339152,339158,6,0
339152,339156,339157,1,4
339152,339152,339157,5,0
339152,339156,339157,1,4
339152,339152,339158,6,0
339152,339152,339159,7,0
339164,339164,339165,1,0
339164,339164,339166,2,0
339164,339164,339165,1,0
339164,339164,339165,1,0
339164,339164,339166,2,0
339164,339164,339165,1,0
339164,339164,339167,3,0
339164,339164,339166,2,0
339164,339164,339167,3,0
339164,339166,339168,2,2
339164,339164,339168,4,0
339164,339166,339168,2,2
339164,339166,339168,2,2
339164,339166,339168,2,2
339164,339166,339168,2,2
339164,339166,339168,2,2
339164,339164,339169,5,0
339164,339167,339169,2,3
339164,339167,339169,2,3
339164,339164,339169,5,0
339164,339168,339170,2,4
339164,339168,339170,2,4
339164,339164,339169,5,0
339164,339168,339170,2,4
339164,339168,339170,2,4
339164,339164,339170,6,0
339164,339168,339170,2,4
339164,339168,339170,2,4
339164,339168,339169,1,4
339164,339164,339170,6,0
339164,339164,339170,6,0
339177,339177,339178,1,0
339177,339177,339178,1,0
339177,339177,339178,1,0
339177,339177,339178,1,0
339177,339177,339178,1,0
339177,339177,339178,1,0
339177,339177,339178,1,0
339177,339177,339178,1,0
339177,339179,339180,1,2
339177,339179,339180,1,2
339177,339177,339180,3,0
339177,339179,339180,1,2
339177,339179,339181,2,2
339177,339179,339181,2,2
339177,339179,339181,2,2
339177,339179,339180,1,2
339177,339179,339180,1,2
339177,339177,339181,4,0
339177,339177,339181,4,0
339177,339177,339182,5,0
339177,339177,339181,4,0
339177,339181,339182,1,4
339177,339181,339182,1,4
339177,339177,339182,5,0
339177,339181,339182,1,4
339177,339181,339182,1,4
339177,339181,339182,1,4
339177,339177,339182,5,0
339177,339177,339183,6,0
339177,339181,339182,1,4
339177,339181,339182,1,4
339187,339187,339188,1,0
339187,339187,339189,2,0
339187,339187,339189,2,0
339187,339187,339188,1,0
339187,339187,339189,2,0
339187,339187,339189,2,0
339187,339187,339188,1,0
339187,339187,339189,2,0
339187,339187,339189,2,0
339187,339187,339191,4,0
339187,339189,339191,2,2
339187,339189,339191,2,2
339187,339189,339191,2,2
339187,339187,339191,4,0
339187,339189,339191,2,2
339187,339189,339191,2,2
339187,339189,339191,2,2
339187,339189,339191,2,2
339187,339187,339192,5,0
339187,339187,339191,4,0
339187,339190,339192,2,3
339187,339190,339192,2,3
339187,339187,339192,5,0
339187,339187,339192,5,0
339187,339191,339193,2,4
339187,339191,339193,2,4
339187,339191,339193,2,4
339187,339191,339193,2,4
339187,339191,339193,2,4
339187,339187,339193,6,0
339187,339191,339192,1,4
339197,339197,339199,2,0
339197,339197,339198,1,0
339197,339197,339199,2,0
339197,339197,339199,2,0
339197,339197,339198,1,0
339197,339197,339199,2,0
339197,339198,339199,1,1
339197,339198,339199,1,1
339197,339197,339200,3,0
339197,339197,339201,4,0
339197,339200,339201,1,3
339197,339197,339201,4,0
339197,339197,339201,4,0
339197,339200,339201,1,3
339197,339197,339201,4,0
339197,339200,339201,1,3
339197,339200,339201,1,3
339197,339200,339201,1,3
339197,339198,339201,3,1
339197,339200,339201,1,3
339197,339200,339201,1,3
339197,339197,339202,5,0
339197,339200,339202,2,3
339197,339202,339203,1,5
339197,339201,339202,1,4
339197,339197,339202,5,0
339197,339202,339203,1,5
339197,339202,339203,1,5
339197,339202,339203,1,5
339197,339202,339203,1,5
339197,339202,339203,1,5
339208,339208,339209,1,0
339208,339208,339209,1,0
339208,339208,339209,1,0
339208,339208,339209,1,0
339208,339208,339209,1,0
339208,339208,339209,1,0
339208,339208,339210,2,0
339208,339208,339210,2,0
339208,339208,339210,2,0
339208,339208,339210,2,0
339208,339208,339211,3,0
339208,339210,339211,1,2
339208,339210,339211,1,2
339208,339208,339212,4,0
339208,339210,339212,2,2
339208,339208,339211,3,0
339208,339210,339211,1,2
339208,339210,339211,1,2
339208,339208,339211,3,0
339208,339210,339212,2,2
339208,339210,339212,2,2
339208,339208,339213,5,0
339208,339211,339212,1,3
339208,339211,339212,1,3
339208,339211,339212,1,3
339208,339212,339213,1,4
339208,339208,339213,5,0
339208,339212,339214,2,4
339208,339212,339214,2,4
339208,339212,339213,1,4
339208,339212,339213,1,4
339219,339219,339220,1,0
339219,339219,339220,1,0
339219,339219,339220,1,0
339219,339219,339221,2,0
339219,339219,339221,2,0
339219,339219,339220,1,0
339219,339219,339221,2,0
339219,339219,339221,2,0
339219,339219,339222,3,0
339219,339219,339221,2,0
339219,339219,339222,3,0
339219,339219,339221,2,0
339219,339220,339221,1,1
339219,339219,339222,3,0
339219,339219,339222,3,0
339219,339220,339221,1,1
339219,339219,339221,2,0
339219,339219,339222,3,0
339219,339221,339223,2,2
339219,339221,339222,1,2
339219,339221,339222,1,2
339219,339221,339223,2,2
339219,339221,339223,2,2
339219,339221,339222,1,2
339219,339222,339223,1,3
339219,339222,339223,1,3
339219,339222,339224,2,3
339219,339222,339224,2,3
339219,339222,339223,1,3
339219,339222,339223,1,3
339219,339222,339223,1,3
339229,339229,339230,1,0
339229,339229,339230,1,0
339229,339229,339230,1,0
339229,339229,339230,1,0
339229,339229,339231,2,0
339229,339229,339230,1,0
339229,339229,339230,1,0
339229,339229,339232,3,0
339229,339229,339231,2,0
339229,339229,339231,2,0
339229,339229,339231,2,0
339229,339230,339231,1,1
339229,339229,339231,2,0
339229,339229,339231,2,0
339229,339229,339231,2,0
339229,339229,339231,2,0
339229,339229,339231,2,0
339229,339231,339232,1,2
339229,339231,339232,1,2
339229,339231,339232,1,2
339229,339231,339232,1,2
339229,339231,339232,1,2
339229,339231,339232,1,2
339229,339232,339233,1,3
339229,339232,339233,1,3
339229,339232,339233,1,3
339229,339232,339233,1,3
339229,339232,339233,1,3
339229,339232,339233,1,3
339229,339232,339233,1,3
339229,339232,339233,1,3
339238,339238,339239,1,0
339238,339238,339239,1,0
339238,339238,339239,1,0
339238,339238,339240,2,0
339238,339238,339240,2,0
339238,339238,339240,2,0
339238,339239,339240,1,1
339238,339238,339240,2,0
339238,339238,339240,2,0
339238,339238,339240,2,0
339238,339238,339241,3,0
339238,339238,339241,3,0
339238,339238,339241,3,0
339238,339239,339241,2,1
339238,339238,339241,3,0
339238,339238,339241,3,0
339238,339238,339241,3,0
339238,339238,339241,3,0
339238,339240,339242,2,2
339238,339240,339242,2,2
339238,339240,339242,2,2
339238,339240,339242,2,2
339238,339240,339242,2,2
339238,339240,339242,2,2
339238,339240,339242,2,2
339238,339241,339243,2,3
339238,339241,339243,2,3
339238,339241,339242,1,3
339238,339241,339243,2,3
339238,339241,339243,2,3
339238,339241,339243,2,3
339247,339247,339248,1,0
339247,339247,339248,1,0
339247,339247,339249,2,0
339247,339248,339249,1,1
339247,339248,339249,1,1
339247,339248,339249,1,1
339247,339248,339249,1,1
339247,339248,339249,1,1
339247,339249,339250,1,2
339247,339248,339249,1,1
339247,339248,339250,2,1
339247,339248,339249,1,1
339247,339248,339250,2,1
339247,339248,339251,3,1
339247,339249,339250,1,2
339247,339248,339251,3,1
339247,339248,339250,2,1
339247,339249,339251,2,2
339247,339250,339251,1,3
339247,339250,339251,1,3
339247,339250,339251,1,3
339247,339250,339251,1,3
339247,339250,339251,1,3
339247,339250,339251,1,3
339247,339250,339251,1,3
339247,339250,339251,1,3
339247,339250,339251,1,3
339247,339250,339251,1,3
339247,339251,339252,1,4
339247,339251,339252,1,4
339257,339257,339258,1,0
339257,339257,339258,1,0
339257,339257,339259,2,0
339257,339257,339258,1,0
339257,339257,339258,1,0
339257,339257,339259,2,0
339257,339257,339259,2,0
339257,339257,339259,2,0
339257,339257,339259,2,0
339257,339257,339258,1,0
339257,339257,339259,2,0
339257,339257,339259,2,0
339257,339257,339259,2,0
339257,339257,339260,3,0
339257,339257,339260,3,0
339257,339257,339260,3,0
339257,339259,339260,1,2
339257,339259,339261,2,2
339257,339259,339260,1,2
339257,339259,339261,2,2
339257,339259,339261,2,2
339257,339259,339260,1,2
339257,339259,339261,2,2
339257,339259,339261,2,2
339257,339259,339260,1,2
339257,339259,339260,1,2
339257,339260,339262,2,3
339257,339260,339262,2,3
339257,339260,339261,1,3
339257,339260,339261,1,3
339257,339260,339261,1,3
339267,339267,339268,1,0
339267,339267,339268,1,0
339267,339267,339268,1,0
339267,339267,339269,2,0
339267,339267,339269,2,0
339267,339267,339268,1,0
339267,339267,339269,2,0
339267,339267,339268,1,0
339267,339267,339269,2,0
339267,339267,339269,2,0
339267,339267,339268,1,0
339267,339267,339269,2,0
339267,339267,339270,3,0
339267,339267,339269,2,0
339267,339269,339270,1,2
339267,339268,339270,2,1
339267,339267,339269,2,0
339267,339267,339270,3,0
339267,339269,339271,2,2
339267,339269,339270,1,2
339267,339269,339270,1,2
339267,339269,339270,1,2
339267,339269,339270,1,2
339267,339269,339270,1,2
339267,339269,339270,1,2
339267,339269,339270,1,2
339267,339269,339270,1,2
339267,339270,339271,1,3
339267,339270,339271,1,3
339267,339270,339271,1,3
339267,339270,339271,1,3
339276,339276,339277,1,0
339276,339277,339278,1,1
339276,339277,339278,1,1
339276,339277,339279,2,1
339276,339277,339279,2,1
339276,339277,339279,2,1
339276,339277,339279,2,1
339276,339277,339279,2,1
339276,339277,339279,2,1
339276,339277,339279,2,1
339276,339277,339280,3,1
339276,339277,339279,2,1
339276,339277,339279,2,1
339276,339278,339280,2,2
339276,339277,339280,3,1
339276,339278,339280,2,2
339276,339277,339280,3,1
339276,339277,339279,2,1
339276,339278,339280,2,2
339276,339279,339280,1,3
339276,339279,339281,2,3
339276,339279,339281,2,3
339276,339279,339281,2,3
339276,339279,339281,2,3
339276,339280,339281,1,4
339276,339279,339281,2,3
339276,339279,339281,2,3
339276,339280,339282,2,4
339276,339280,339282,2,4
339276,339280,339282,2,4
339276,339281,339282,1,5
339287,339287,339288,1,0
339287,339287,339288,1,0
339287,339287,339288,1,0
339287,339287,339288,1,0
339287,339287,339288,1,0
339287,339287,339288,1,0
339287,339287,339288,1,0
339287,339287,339288,1,0
339287,339287,339288,1,0
339287,339287,339288,1,0
339287,339287,339288,1,0
339287,339287,339289,2,0
339287,339287,339289,2,0
339287,339287,339289,2,0
339287,339287,339289,2,0
339287,339287,339289,2,0
339287,339288,339289,1,1
339287,339289,339290,1,2
339287,339289,339290,1,2
339287,339289,339290,1,2
339287,339289,339290,1,2
339287,339290,339291,1,3
339287,339290,339291,1,3
339287,339289,339290,1,2
339287,339289,339290,1,2
339287,339289,339290,1,2
339287,339289,339290,1,2
339287,339289,339290,1,2
339287,339289,339290,1,2
339287,339290,339291,1,3
339287,339290,339291,1,3
339295,339295,339296,1,0
339295,339295,339296,1,0
339295,339295,339296,1,0
339295,339295,339299,4,0
339295,339295,339299,4,0
339295,339295,339299,4,0
339295,339295,339300,5,0
339295,339297,339300,3,2
339295,339296,339300,4,1
339295,339295,339300,5,0
339295,339297,339300,3,2
339295,339295,339301,6,0
339295,339295,339300,5,0
339295,339295,339301,6,0
339295,339299,339301,2,4
339295,339300,339302,2,5
339295,339300,339302,2,5
339295,339300,339302,2,5
339295,339300,339302,2,5
339295,339300,339302,2,5
339295,339301,339303,2,6
339295,339295,339303,8,0
339295,339301,339303,2,6
339295,339301,339302,1,6
339295,339301,339303,2,6
339295,339302,339303,1,7
339295,339302,339303,1,7
339295,339295,339305,10,0
339295,339295,339305,10,0
339295,339295,339304,9,0
339295,339295,339305,10,0
339310,339310,339312,2,0
339310,339310,339312,2,0
339310,339310,339313,3,0
339310,339310,339314,4,0
339310,339310,339315,5,0
339310,339310,339316,6,0
339310,339312,339316,4,2
339310,339310,339316,6,0
339310,339310,339316,6,0
339310,339310,339316,6,0
339310,339312,339316,4,2
339310,339313,339316,3,3
339310,339310,339317,7,0
339310,339310,339317,7,0
339310,339316,339317,1,6
339310,339315,339317,2,5
339310,339317,339318,1,7
339310,339317,339318,1,7
339310,339310,339318,8,0
339310,339317,339318,1,7
339310,339317,339318,1,7
339310,339317,339318,1,7
339310,339317,339318,1,7
339310,339310,339318,8,0
339310,339317,339318,1,7
339310,339310,339320,10,0
339310,339318,339319,1,8
339310,339310,339319,9,0
339310,339318,339319,1,8
339310,339318,339319,1,8
339310,339310,339320,10,0
339324,339324,339325,1,0
339324,339324,339325,1,0
339324,339324,339326,2,0
339324,339324,339328,4,0
339324,339324,339328,4,0
339324,339326,339329,3,2
339324,339324,339329,5,0
339324,339326,339330,4,2
339324,339324,339329,5,0
339324,339326,339329,3,2
339324,339324,339330,6,0
339324,339324,339330,6,0
339324,339324,339330,6,0
339324,339324,339331,7,0
339324,339324,339331,7,0
339324,339329,339331,2,5
339324,339329,339330,1,5
339324,339324,339331,7,0
339324,339328,339330,2,4
339324,339329,339330,1,5
339324,339330,339332,2,6
339324,339330,339331,1,6
339324,339330,339331,1,6
339324,339330,339331,1,6
339324,339331,339333,2,7
339324,339331,339332,1,7
339324,339331,339332,1,7
339324,339331,339332,1,7
339324,339324,339334,10,0
339324,339324,339334,10,0
339324,339324,339333,9,0
339339,339339,339340,1,0
339339,339339,339340,1,0
339339,339339,339341,2,0
339339,339339,339342,3,0
339339,339339,339343,4,0
339339,339339,339343,4,0
339339,339339,339344,5,0
339339,339341,339345,4,2
339339,339339,339345,6,0
339339,339339,339344,5,0
339339,339341,339344,3,2
339339,339339,339345,6,0
339339,339339,339345,6,0
339339,339342,339345,3,3
339339,339344,339346,2,5
339339,339339,339345,6,0
339339,339339,339345,6,0
339339,339339,339345,6,0
339339,339343,339345,2,4
339339,339344,339346,2,5
339339,339345,339346,1,6
339339,339345,339346,1,6
339339,339345,339346,1,6
339339,339345,339346,1,6
339339,339345,339346,1,6
339339,339345,339346,1,6
339339,339346,339347,1,7
339339,339346,339347,1,7
339339,339346,339347,1,7
339339,339339,339348,9,0
339339,339339,339348,9,0
339353,339353,339354,1,0
339353,339353,339355,2,0
339353,339353,339355,2,0
339353,339353,339357,4,0
339353,339354,339358,4,1
339353,339353,339358,5,0
339353,339353,339358,5,0
339353,339353,339358,5,0
339353,339356,339359,3,3
339353,339353,339359,6,0
339353,339353,339359,6,0
339353,339355,339359,4,2
339353,339353,339359,6,0
339353,339353,339360,7,0
339353,339353,339360,7,0
339353,339353,339360,7,0
339353,339357,339360,3,4
339353,339359,339360,1,6
339353,339353,339360,7,0
339353,339359,339360,1,6
339353,339359,339360,1,6
339353,339358,339361,3,5
339353,339360,339361,1,7
339353,339358,339361,3,5
339353,339359,339361,2,6
339353,339360,339361,1,7
339353,339360,339361,1,7
339353,339361,339362,1,8
339353,339361,339362,1,8
339353,339353,339363,10,0
339353,339353,339364,11,0
339369,339369,339370,1,0
339369,339369,339371,2,0
339369,339369,339370,1,0
339369,339369,339373,4,0
339369,339369,339373,4,0
339369,339371,339374,3,2
339369,339371,339374,3,2
339369,339369,339374,5,0
339369,339371,339374,3,2
339369,339369,339376,7,0
339369,339369,339376,7,0
339369,339369,339375,6,0
339369,339369,339376,7,0
339369,339375,339377,2,6
339369,339369,339376,7,0
339369,339375,339377,2,6
339369,339375,339377,2,6
339369,339374,339377,3,5
339369,339374,339376,2,5
339369,339369,339377,8,0
339369,339374,339377,3,5
339369,339376,339377,1,7
339369,339376,339377,1,7
339369,339376,339378,2,7
339369,339376,339378,2,7
339369,339369,339379,10,0
339369,339369,339379,10,0
339369,339369,339379,10,0
339369,339377,339378,1,8
339369,339369,339379,10,0
339369,339377,339378,1,8
339384,339384,339385,1,0
339384,339384,339385,1,0
339384,339384,339385,1,0
339384,339384,339388,4,0
339384,339384,339389,5,0
339384,339385,339388,3,1
339384,339386,339389,3,2
339384,339386,339390,4,2
339384,339384,339389,5,0
339384,339384,339390,6,0
339384,339384,339390,6,0
339384,339384,339390,6,0
339384,339384,339391,7,0
339384,339388,339391,3,4
339384,339390,339392,2,6
339384,339390,339392,2,6
339384,339384,339391,7,0
339384,339389,339391,2,5
339384,339389,339391,2,5
339384,339390,339391,1,6
339384,339384,339392,8,0
339384,339391,339392,1,7
339384,339391,339392,1,7
339384,339391,339392,1,7
339384,339384,339393,9,0
339384,339391,339392,1,7
339384,339391,339393,2,7
339384,339384,339393,9,0
339384,339384,339394,10,0
339384,339392,339393,1,8
339384,339384,339393,9,0
339399,339399,339400,1,0
339399,339399,339400,1,0
339399,339399,339400,1,0
339399,339401,339404,3,2
339399,339399,339404,5,0
339399,339399,339404,5,0
339399,339401,339404,3,2
339399,339399,339405,6,0
339399,339399,339405,6,0
339399,339401,339404,3,2
339399,339399,339405,6,0
339399,339399,339406,7,0
339399,339399,339406,7,0
339399,339405,339407,2,6
339399,339405,339407,2,6
339399,339405,339407,2,6
339399,339405,339406,1,6
339399,339405,339406,1,6
339399,339404,339407,3,5
339399,339405,339406,1,6
339399,339399,339406,7,0
339399,339399,339408,9,0
339399,339406,339407,1,7
339399,339399,339408,9,0
339399,339405,339407,2,6
339399,339406,339407,1,7
339399,339399,339409,10,0
339399,339407,339408,1,8
339399,339407,339408,1,8
339399,339399,339409,10,0
339399,339399,339409,10,0
339413,339413,339414,1,0
339413,339413,339415,2,0
339413,339413,339414,1,0
339413,339413,339418,5,0
339413,339413,339418,5,0
339413,339415,339418,3,2
339413,339413,339419,6,0
339413,339415,339419,4,2
339413,339413,339419,6,0
339413,339413,339420,7,0
339413,339413,339420,7,0
339413,339413,339420,7,0
339413,339419,339421,2,6
339413,339420,339421,1,7
339413,339413,339421,8,0
339413,339419,339421,2,6
339413,339419,339421,2,6
339413,339413,339421,8,0
339413,339418,339421,3,5
339413,339420,339421,1,7
339413,339415,339422,7,2
339413,339420,339422,2,7
339413,339421,339422,1,8
339413,339421,339422,1,8
339413,339413,339422,9,0
339413,339413,339423,10,0
339413,339413,339423,10,0
339413,339422,339423,1,9
339413,339422,339423,1,9
339413,339413,339423,10,0
339413,339422,339423,1,9
339429,339429,339430,1,0
339429,339429,339430,1,0
339429,339429,339430,1,0
339429,339430,339434,4,1
339429,339429,339433,4,0
339429,339429,339433,4,0
339429,339431,339433,2,2
339429,339431,339434,3,2
339429,339429,339434,5,0
339429,339429,339434,5,0
339429,339429,339436,7,0
339429,339429,339435,6,0
339429,339429,339435,6,0
339429,339434,339435,1,5
339429,339434,339436,2,5
339429,339435,339436,1,6
339429,339434,339436,2,5
339429,339435,339437,2,6
339429,339434,339436,2,5
339429,339435,339436,1,6
339429,339429,339437,8,0
339429,339429,339438,9,0
339429,339437,339438,1,8
339429,339429,339437,8,0
339429,339436,339437,1,7
339429,339436,339437,1,7
339429,339436,339437,1,7
339429,339436,339437,1,7
339429,339429,339438,9,0
339429,339429,339438,9,0
339429,339429,339439,10,0
339443,339443,339444,1,0
339443,339443,339444,1,0
339443,339443,339445,2,0
339443,339444,339448,4,1
339443,339445,339448,3,2
339443,339443,339448,5,0
339443,339445,339449,4,2
339443,339443,339449,6,0
339443,339443,339448,5,0
339443,339443,339448,5,0
339443,339443,339450,7,0
339443,339443,339450,7,0
339443,339443,339450,7,0
339443,339443,339451,8,0
339443,339449,339451,2,6
339443,339448,339451,3,5
339443,339449,339451,2,6
339443,339448,339451,3,5
339443,339449,339451,2,6
339443,339448,339450,2,5
339443,339449,339451,2,6
339443,339450,339452,2,7
339443,339443,339452,9,0
339443,339450,339452,2,7
339443,339451,339452,1,8
339443,339450,339451,1,7
339443,339443,339453,10,0
339443,339443,339453,10,0
339443,339443,339453,10,0
339443,339451,339452,1,8
339443,339443,339453,10,0
339459,339459,339460,1,0
339459,339459,339460,1,0
339459,339459,339460,1,0
339459,339459,339464,5,0
339459,339459,339464,5,0
339459,339459,339464,5,0
339459,339461,339465,4,2
339459,339461,339464,3,2
339459,339459,339466,7,0
339459,339461,339465,4,2
339459,339459,339465,6,0
339459,339459,339466,7,0
339459,339459,339467,8,0
339459,339465,339466,1,6
339459,339459,339466,7,0
339459,339464,339466,2,5
339459,339465,339467,2,6
339459,339466,339468,2,7
339459,339466,339467,1,7
339459,339465,339467,2,6
339459,339466,339467,1,7
339459,339465,339467,2,6
339459,339467,339468,1,8
339459,339459,339467,8,0
339459,339459,339469,10,0
339459,339459,339469,10,0
339459,339459,339468,9,0
339459,339467,339468,1,8
339459,339459,339468,9,0
339459,339467,339468,1,8
339459,339467,339468,1,8
339474,339474,339475,1,0
339474,339474,339475,1,0
339474,339474,339475,1,0
339474,339474,339478,4,0
339474,339474,339479,5,0
339474,339476,339479,3,2
339474,339474,339479,5,0
339474,339476,339480,4,2
339474,339476,339480,4,2
339474,339474,339482,8,0
339474,339474,339481,7,0
339474,339479,339482,3,5
339474,339479,339481,2,5
339474,339480,339482,2,6
339474,339474,339482,8,0
339474,339474,339482,8,0
339474,339479,339482,3,5
339474,339481,339483,2,7
339474,339481,339483,2,7
339474,339482,339483,1,8
339474,339474,339484,10,0
339474,339474,339484,10,0
339474,339482,339483,1,8
339474,339474,339483,9,0
339474,339474,339483,9,0
339474,339474,339484,10,0
339474,339482,339483,1,8
339474,339474,339483,9,0
339474,339482,339483,1,8
339474,339482,339484,2,8
339474,339483,339484,1,9
339490,339490,339491,1,0
339490,339490,339491,1,0
339490,339490,339491,1,0
339490,339490,339494,4,0
339490,339490,339495,5,0
339490,339492,339495,3,2
339490,339490,339495,5,0
339490,339492,339496,4,2
339490,339491,339495,4,1
339490,339490,339497,7,0
339490,339490,339497,7,0
339490,339490,339497,7,0
339490,339495,339497,2,5
339490,339490,339497,7,0
339490,339496,339498,2,6
339490,339496,339498,2,6
339490,339496,339498,2,6
339490,339495,339497,2,5
339490,339490,339499,9,0
339490,339495,339498,3,5
339490,339497,339498,1,7
339490,339498,339499,1,8
339490,339497,339499,2,7
339490,339497,339499,2,7
339490,339497,339499,2,7
339490,339490,339500,10,0
339490,339490,339500,10,0
339490,339498,339499,1,8
339490,339490,339500,10,0
339490,339490,339499,9,0
339490,339490,339500,10,0
339506,339506,339508,2,0
339506,339506,339508,2,0
339506,339506,339508,2,0
339506,339507,339511,4,1
339506,339507,339511,4,1
339506,339507,339512,5,1
339506,339509,339512,3,3
339506,339507,339512,5,1
339506,339509,339512,3,3
339506,339507,339513,6,1
339506,339509,339513,4,3
339506,339507,339513,6,1
339506,339513,339514,1,7
339506,339512,339514,2,6
339506,339513,339514,1,7
339506,339512,339514,2,6
339506,339513,339514,1,7
339506,339514,339515,1,8
339506,339514,339515,1,8
339506,339513,339515,2,7
339506,339507,339515,8,1
339506,339515,339516,1,9
339506,339507,339515,8,1
339506,339514,339515,1,8
339506,339506,339517,11,0
339506,339507,339516,9,1
339506,339507,339516,9,1
339506,339507,339516,9,1
339506,339515,339516,1,9
339506,339507,339516,9,1
339506,339515,339516,1,9
339521,339521,339523,2,0
339521,339521,339522,1,0
339521,339521,339523,2,0
339521,339521,339526,5,0
339521,339521,339526,5,0
339521,339523,339527,4,2
339521,339521,339527,6,0
339521,339524,339527,3,3
339521,339523,339527,4,2
339521,339521,339528,7,0
339521,339521,339527,6,0
339521,339521,339528,7,0
339521,339527,339529,2,6
339521,339527,339529,2,6
339521,339527,339529,2,6
339521,339527,339529,2,6
339521,339526,339529,3,5
339521,339526,339529,3,5
339521,339528,339530,2,7
339521,339529,339530,1,8
339521,339528,339530,2,7
339521,339529,339530,1,8
339521,339521,339531,10,0
339521,339521,339531,10,0
339521,339529,339531,2,8
339521,339521,339531,10,0
339521,339521,339531,10,0
339521,339529,339531,2,8
339521,339521,339531,10,0
339521,339521,339532,11,0
339521,339521,339532,11,0
339537,339537,339538,1,0
339537,339537,339538,1,0
339537,339537,339539,2,0
339537,339537,339542,5,0
339537,339537,339541,4,0
339537,339539,339542,3,2
339537,339539,339543,4,2
339537,339537,339542,5,0
339537,339537,339543,6,0
339537,339538,339543,5,1
339537,339542,339544,2,5
339537,339537,339543,6,0
339537,339542,339544,2,5
339537,339543,339545,2,6
339537,339542,339544,2,5
339537,339543,339545,2,6
339537,339537,339545,8,0
339537,339544,339545,1,7
339537,339544,339545,1,7
339537,339537,339546,9,0
339537,339544,339546,2,7
339537,339537,339546,9,0
339537,339544,339546,2,7
339537,339545,339546,1,8
339537,339537,339547,10,0
339537,339545,339547,2,8
339537,339537,339547,10,0
339537,339537,339547,10,0
339537,339537,339547,10,0
339537,339545,339547,2,8
339537,339537,339547,10,0
339553,339553,339554,1,0
339553,339553,339554,1,0
339553,339553,339554,1,0
339553,339555,339558,3,2
339553,339553,339557,4,0
339553,339553,339558,5,0
339553,339554,339558,4,1
339553,339553,339559,6,0
339553,339553,339558,5,0
339553,339555,339559,4,2
339553,339553,339559,6,0
339553,339558,339560,2,5
339553,339553,339560,7,0
339553,339559,339561,2,6
339553,339553,339560,7,0
339553,339558,339560,2,5
339553,339559,339561,2,6
339553,339558,339560,2,5
339553,339559,339560,1,6
339553,339559,339560,1,6
339553,339553,339562,9,0
339553,339560,339561,1,7
339553,339560,339561,1,7
339553,339561,339562,1,8
339553,339553,339562,9,0
339553,339553,339563,10,0
339553,339561,339562,1,8
339553,339561,339562,1,8
339553,339553,339563,10,0
339553,339553,339562,9,0
339553,339553,339563,10,0
339568,339568,339570,2,0
339568,339568,339569,1,0
339568,339568,339569,1,0
339568,339568,339572,4,0
339568,339570,339573,3,2
339568,339568,339574,6,0
339568,339568,339573,5,0
339568,339570,339574,4,2
339568,339568,339574,6,0
339568,339570,339574,4,2
339568,339568,339574,6,0
339568,339568,339575,7,0
339568,339573,339575,2,5
339568,339573,339576,3,5
339568,339574,339576,2,6
339568,339574,339576,2,6
339568,339568,339576,8,0
339568,339574,339576,2,6
339568,339574,339576,2,6
339568,339575,339576,1,7
339568,339574,339576,2,6
339568,339568,339577,9,0
339568,339576,339577,1,8
339568,339568,339578,10,0
339568,339576,339577,1,8
339568,339576,339577,1,8
339568,339568,339577,9,0
339568,339576,339577,1,8
339568,339568,339578,10,0
339568,339568,339577,9,0
339568,339568,339579,11,0
339584,339584,339585,1,0
339584,339584,339586,2,0
339584,339584,339586,2,0
339584,339586,339589,3,2
339584,339586,339590,4,2
339584,339584,339589,5,0
339584,339584,339590,6,0
339584,339586,339590,4,2
339584,339584,339590,6,0
339584,339584,339591,7,0
339584,339584,339592,8,0
339584,339589,339592,3,5
339584,339584,339592,8,0
339584,339584,339593,9,0
339584,339590,339592,2,6
339584,339591,339593,2,7
339584,339591,339593,2,7
339584,339590,339592,2,6
339584,339591,339593,2,7
339584,339584,339594,10,0
339584,339592,339594,2,8
339584,339584,339594,10,0
339584,339584,339594,10,0
339584,339592,339594,2,8
339584,339592,339594,2,8
339584,339584,339594,10,0
339584,339592,339594,2,8
339584,339584,339594,10,0
339584,339584,339594,10,0
339584,339593,339594,1,9
339584,339593,339595,2,9
339600,339600,339601,1,0
339600,339600,339601,1,0
339600,339600,339602,2,0
339600,339600,339605,5,0
339600,339600,339605,5,0
339600,339600,339605,5,0
339600,339602,339605,3,2
339600,339600,339606,6,0
339600,339602,339606,4,2
339600,339602,339607,5,2
339600,339605,339607,2,5
339600,339600,339608,8,0
339600,339600,339608,8,0
339600,339606,339608,2,6
339600,339606,339608,2,6
339600,339600,339608,8,0
339600,339605,339607,2,5
339600,339605,339607,2,5
339600,339605,339608,3,5
339600,339607,339609,2,7
339600,339608,339609,1,8
339600,339600,339609,9,0
339600,339607,339609,2,7
339600,339600,339610,10,0
339600,339600,339610,10,0
339600,339608,339610,2,8
339600,339600,339610,10,0
339600,339600,339610,10,0
339600,339608,339610,2,8
339600,339608,339610,2,8
339600,339600,339609,9,0
339615,339615,339616,1,0
339615,339615,339616,1,0
339615,339615,339616,1,0
339615,339615,339620,5,0
339615,339615,339620,5,0
339615,339615,339620,5,0
339615,339617,339621,4,2
339615,339617,339620,3,2
339615,339617,339621,4,2
339615,339615,339622,7,0
339615,339615,339622,7,0
339615,339615,339622,7,0
339615,339620,339622,2,5
339615,339620,339622,2,5
339615,339621,339623,2,6
339615,339621,339622,1,6
339615,339615,339623,8,0
339615,339622,339623,1,7
339615,339615,339623,8,0
339615,339621,339623,2,6
339615,339623,339624,1,8
339615,339623,339624,1,8
339615,339622,339624,2,7
339615,339615,339624,9,0
339615,339623,339624,1,8
339615,339615,339624,9,0
339615,339623,339625,2,8
339615,339623,339624,1,8
339615,339615,339624,9,0
339615,339615,339624,9,0
339615,339615,339624,9,0
339630,339630,339632,2,0
339630,339630,339632,2,0
339630,339630,339632,2,0
339630,339633,339636,3,3
339630,339630,339635,5,0
339630,339630,339636,6,0
339630,339632,339637,5,2
339630,339632,339637,5,2
339630,339630,339637,7,0
339630,339630,339637,7,0
339630,339630,339638,8,0
339630,339630,339638,8,0
339630,339630,339638,8,0
339630,339630,339638,8,0
339630,339636,339638,2,6
339630,339636,339638,2,6
339630,339630,339639,9,0
339630,339637,339639,2,7
339630,339630,339639,9,0
339630,339636,339639,3,6
339630,339638,339639,1,8
339630,339638,339639,1,8
339630,339638,339640,2,8
339630,339638,339640,2,8
339630,339638,339640,2,8
339630,339630,339640,10,0
339630,339639,339640,1,9
339630,339639,339640,1,9
339630,339630,339640,10,0
339630,339630,339640,10,0
339630,339639,339640,1,9
339645,339645,339647,2,0
339645,339645,339647,2,0
339645,339645,339647,2,0
339645,339645,339650,5,0
339645,339645,339650,5,0
339645,339647,339651,4,2
339645,339645,339652,7,0
339645,339647,339652,5,2
339645,339647,339651,4,2
339645,339645,339652,7,0
339645,339645,339652,7,0
339645,339645,339653,8,0
339645,339645,339653,8,0
339645,339645,339653,8,0
339645,339651,339653,2,6
339645,339652,339654,2,7
339645,339653,339654,1,8
339645,339653,339654,1,8
339645,339652,339654,2,7
339645,339653,339654,1,8
339645,339653,339654,1,8
339645,339645,339655,10,0
339645,339645,339655,10,0
339645,339645,339655,10,0
339645,339653,339655,2,8
339645,339654,339655,1,9
339645,339645,339655,10,0
339645,339654,339655,1,9
339645,339654,339655,1,9
339645,339654,339655,1,9
339645,339645,339656,11,0
339661,339661,339662,1,0
339661,339661,339662,1,0
339661,339661,339663,2,0
339661,339661,339666,5,0
339661,339661,339667,6,0
339661,339661,339667,6,0
339661,339663,339667,4,2
339661,339663,339666,3,2
339661,339663,339667,4,2
339661,339661,339667,6,0
339661,339661,339669,8,0
339661,339661,339668,7,0
339661,339666,339669,3,5
339661,339661,339669,8,0
339661,339661,339668,7,0
339661,339667,339669,2,6
339661,339667,339669,2,6
339661,339667,339669,2,6
339661,339661,339670,9,0
339661,339667,339669,2,6
339661,339668,339670,2,7
339661,339661,339670,9,0
339661,339668,339669,1,7
339661,339669,339671,2,8
339661,339669,339671,2,8
339661,339669,339671,2,8
339661,339661,339670,9,0
339661,339669,339670,1,8
339661,339661,339670,9,0
339661,339669,339670,1,8
339661,339661,339670,9,0
339676,339676,339677,1,0
339676,339676,339677,1,0
339676,339676,339677,1,0
339676,339676,339680,4,0
339676,339678,339681,3,2
339676,339676,339682,6,0
339676,339678,339682,4,2
339676,339676,339682,6,0
339676,339678,339682,4,2
339676,339676,339682,6,0
339676,339676,339682,6,0
339676,339681,339683,2,5
339676,339682,339684,2,6
339676,339681,339683,2,5
339676,339682,339684,2,6
339676,339682,339684,2,6
339676,339676,339685,9,0
339676,339682,339684,2,6
339676,339683,339684,1,7
339676,339676,339685,9,0
339676,339683,339684,1,7
339676,339676,339686,10,0
339676,339676,339686,10,0
339676,339684,339685,1,8
339676,339676,339686,10,0
339676,339684,339685,1,8
339676,339676,339686,10,0
339676,339676,339686,10,0
339676,339684,339685,1,8
339676,339676,339686,10,0
339676,339684,339685,1,8
339690,339691,339692,1,1
339690,339691,339692,1,1
339690,339691,339692,1,1
339690,339692,339695,3,2
339690,339691,339695,4,1
339690,339693,339696,3,3
339690,339691,339696,5,1
339690,339691,339696,5,1
339690,339693,339696,3,3
339690,339691,339696,5,1
339690,339691,339697,6,1
339690,339697,339699,2,7
339690,339691,339698,7,1
339690,339696,339698,2,6
339690,339697,339699,2,7
339690,339697,339699,2,7
339690,339696,339698,2,6
339690,339697,339698,1,7
339690,339691,339699,8,1
339690,339698,339699,1,8
339690,339691,339699,8,1
339690,339697,339699,2,7
339690,339691,339700,9,1
339690,339691,339700,9,1
339690,339699,339700,1,9
339690,339691,339701,10,1
339690,339691,339700,9,1
339690,339699,339700,1,9
339690,339699,339700,1,9
339690,339691,339700,9,1
339690,339699,339700,1,9
339705,339705,339706,1,0
339705,339705,339707,2,0
339705,339705,339707,2,0
339705,339705,339710,5,0
339705,339705,339710,5,0
339705,339707,339710,3,2
339705,339707,339711,4,2
339705,339705,339711,6,0
339705,339705,339711,6,0
339705,339705,339711,6,0
339705,339705,339712,7,0
339705,339705,339712,7,0
339705,339707,339712,5,2
339705,339705,339711,6,0
339705,339710,339712,2,5
339705,339705,339713,8,0
339705,339711,339713,2,6
339705,339710,339712,2,5
339705,339711,339713,2,6
339705,339711,339713,2,6
339705,339711,339713,2,6
339705,339705,339714,9,0
339705,339712,339714,2,7
339705,339712,339714,2,7
339705,339712,339714,2,7
339705,339712,339714,2,7
339705,339710,339714,4,5
339705,339712,339714,2,7
339705,339705,339715,10,0
339705,339705,339715,10,0
339705,339705,339715,10,0
339721,339721,339722,1,0
339721,339721,339723,2,0
339721,339721,339722,1,0
339721,339721,339726,5,0
339721,339721,339726,5,0
339721,339721,339726,5,0
339721,339721,339727,6,0
339721,339723,339726,3,2
339721,339721,339727,6,0
339721,339723,339727,4,2
339721,339721,339727,6,0
339721,339721,339727,6,0
339721,339721,339728,7,0
339721,339721,339728,7,0
339721,339723,339728,5,2
339721,339726,339728,2,5
339721,339727,339729,2,6
339721,339727,339729,2,6
339721,339727,339729,2,6
339721,339727,339729,2,6
339721,339727,339729,2,6
339721,339727,339729,2,6
339721,339728,339730,2,7
339721,339728,339729,1,7
339721,339728,339729,1,7
339721,339728,339729,1,7
339721,339728,339729,1,7
339721,339721,339730,9,0
339721,339721,339731,10,0
339721,339721,339731,10,0
339721,339721,339731,10,0
339736,339736,339737,1,0
339736,339736,339737,1,0
339736,339736,339738,2,0
339736,339736,339741,5,0
339736,339736,339741,5,0
339736,339736,339741,5,0
339736,339738,339741,3,2
339736,339737,339741,4,1
339736,339736,339742,6,0
339736,339737,339741,4,1
339736,339736,339742,6,0
339736,339736,339743,7,0
339736,339736,339742,6,0
339736,339736,339743,7,0
339736,339736,339743,7,0
339736,339741,339743,2,5
339736,339741,339743,2,5
339736,339742,339744,2,6
339736,339743,339744,1,7
339736,339741,339744,3,5
339736,339741,339744,3,5
339736,339742,339744,2,6
339736,339742,339744,2,6
339736,339736,339744,8,0
339736,339742,339744,2,6
339736,339743,339744,1,7
339736,339743,339745,2,7
339736,339743,339745,2,7
339736,339736,339746,10,0
339736,339736,339746,10,0
339736,339736,339746,10,0
339752,339752,339754,2,0
339752,339752,339754,2,0
339752,339752,339754,2,0
339752,339752,339757,5,0
339752,339752,339757,5,0
339752,339752,339757,5,0
339752,339752,339757,5,0
339752,339754,339758,4,2
339752,339752,339758,6,0
339752,339754,339758,4,2
339752,339752,339758,6,0
339752,339752,339759,7,0
339752,339754,339758,4,2
339752,339752,339758,6,0
339752,339757,339759,2,5
339752,339752,339758,6,0
339752,339757,339759,2,5
339752,339752,339760,8,0
339752,339757,339759,2,5
339752,339757,339760,3,5
339752,339758,339760,2,6
339752,339752,339760,8,0
339752,339758,339760,2,6
339752,339758,339760,2,6
339752,339759,339761,2,7
339752,339759,339761,2,7
339752,339758,339760,2,6
339752,339759,339761,2,7
339752,339759,339761,2,7
339752,339752,339762,10,0
339752,339752,339762,10,0
339767,339767,339768,1,0
339767,339767,339768,1,0
339767,339767,339769,2,0
339767,339767,339771,4,0
339767,339767,339770,3,0
339767,339767,339772,5,0
339767,339769,339772,3,2
339767,339767,339772,5,0
339767,339769,339772,3,2
339767,339767,339772,5,0
339767,339768,339772,4,1
339767,339767,339772,5,0
339767,339767,339773,6,0
339767,339767,339773,6,0
339767,339767,339774,7,0
339767,339771,339774,3,4
339767,339771,339773,2,4
339767,339772,339774,2,5
339767,339772,339774,2,5
339767,339773,339774,1,6
339767,339773,339775,2,6
339767,339767,339774,7,0
339767,339772,339774,2,5
339767,339773,339774,1,6
339767,339767,339775,8,0
339767,339773,339775,2,6
339767,339773,339775,2,6
339767,339774,339775,1,7
339767,339772,339774,2,5
339767,339767,339777,10,0
339767,339767,339777,10,0
339782,339782,339783,1,0
339782,339782,339783,1,0
339782,339782,339783,1,0
339782,339782,339785,3,0
339782,339782,339786,4,0
339782,339782,339787,5,0
339782,339782,339786,4,0
339782,339782,339786,4,0
339782,339782,339787,5,0
339782,339785,339787,2,3
339782,339782,339788,6,0
339782,339784,339788,4,2
339782,339782,339788,6,0
339782,339784,339787,3,2
339782,339782,339787,5,0
339782,339784,339787,3,2
339782,339786,339788,2,4
339782,339787,339789,2,5
339782,339787,339789,2,5
339782,339787,339789,2,5
339782,339788,339790,2,6
339782,339788,339789,1,6
339782,339782,339789,7,0
339782,339788,339789,1,6
339782,339788,339789,1,6
339782,339782,339789,7,0
339782,339788,339789,1,6
339782,339788,339789,1,6
339782,339788,339789,1,6
339782,339782,339791,9,0
339782,339782,339792,10,0
339797,339797,339799,2,0
339797,339797,339798,1,0
339797,339797,339798,1,0
339797,339797,339800,3,0
339797,339797,339802,5,0
339797,339797,339802,5,0
339797,339797,339802,5,0
339797,339797,339802,5,0
339797,339799,339802,3,2
339797,339797,339803,6,0
339797,339797,339802,5,0
339797,339797,339803,6,0
339797,339799,339803,4,2
339797,339801,339804,3,4
339797,339802,339804,2,5
339797,339802,339804,2,5
339797,339797,339803,6,0
339797,339797,339804,7,0
339797,339799,339803,4,2
339797,339802,339804,2,5
339797,339797,339804,7,0
339797,339802,339805,3,5
339797,339803,339805,2,6
339797,339803,339805,2,6
339797,339803,339805,2,6
339797,339803,339805,2,6
339797,339804,339805,1,7
339797,339803,339805,2,6
339797,339804,339805,1,7
339797,339797,339807,10,0
339797,339797,339807,10,0
339812,339812,339813,1,0
339812,339812,339813,1,0
339812,339812,339813,1,0
339812,339812,339815,3,0
339812,339812,339817,5,0
339812,339814,339817,3,2
339812,339812,339816,4,0
339812,339812,339816,4,0
339812,339814,339817,3,2
339812,339812,339817,5,0
339812,339814,339817,3,2
339812,339812,339817,5,0
339812,339812,339817,5,0
339812,339812,339817,5,0
339812,339812,339817,5,0
339812,339812,339818,6,0
339812,339817,339819,2,5
339812,339816,339818,2,4
339812,339817,339819,2,5
339812,339817,339819,2,5
339812,339817,339819,2,5
339812,339812,339818,6,0
339812,339817,339819,2,5
339812,339817,339819,2,5
339812,339818,339819,1,6
339812,339817,339819,2,5
339812,339818,339819,1,6
339812,339818,339819,1,6
339812,339812,339819,7,0
339812,339818,339819,1,6
339812,339812,339821,9,0
339826,339826,339827,1,0
339826,339826,339827,1,0
339826,339826,339828,2,0
339826,339826,339829,3,0
339826,339828,339830,2,2
339826,339826,339831,5,0
339826,339827,339830,3,1
339826,339826,339831,5,0
339826,339826,339831,5,0
339826,339826,339831,5,0
339826,339826,339832,6,0
339826,339826,339832,6,0
339826,339828,339832,4,2
339826,339826,339832,6,0
339826,339829,339832,3,3
339826,339831,339833,2,5
339826,339831,339833,2,5
339826,339831,339833,2,5
339826,339831,339833,2,5
339826,339831,339833,2,5
339826,339826,339834,8,0
339826,339831,339833,2,5
339826,339832,339833,1,6
339826,339833,339834,1,7
339826,339826,339834,8,0
339826,339832,339834,2,6
339826,339833,339834,1,7
339826,339826,339836,10,0
339826,339826,339836,10,0
339826,339826,339836,10,0
339842,339842,339843,1,0
339842,339842,339843,1,0
339842,339842,339843,1,0
339842,339842,339846,4,0
339842,339842,339846,4,0
339842,339842,339846,4,0
339842,339842,339847,5,0
339842,339842,339847,5,0
339842,339844,339846,2,2
339842,339842,339847,5,0
339842,339843,339846,3,1
339842,339842,339847,5,0
339842,339844,339847,3,2
339842,339842,339847,5,0
339842,339846,339849,3,4
339842,339847,339849,2,5
339842,339847,339849,2,5
339842,339842,339848,6,0
339842,339847,339848,1,5
339842,339842,339848,6,0
339842,339842,339849,7,0
339842,339847,339848,1,5
339842,339847,339849,2,5
339842,339847,339849,2,5
339842,339849,339850,1,7
339842,339847,339849,2,5
339842,339848,339849,1,6
339842,339848,339849,1,6
339842,339848,339850,2,6
339842,339842,339850,8,0
339842,339842,339852,10,0
339857,339857,339858,1,0
339857,339857,339859,2,0
339857,339857,339859,2,0
339857,339858,339861,3,1
339857,339859,339861,2,2
339857,339858,339862,4,1
339857,339860,339862,2,3
339857,339859,339862,3,2
339857,339858,339862,4,1
339857,339858,339862,4,1
339857,339858,339863,5,1
339857,339858,339863,5,1
339857,339858,339863,5,1
339857,339858,339863,5,1
339857,339858,339863,5,1
339857,339858,339863,5,1
339857,339863,339864,1,6
339857,339862,339864,2,5
339857,339863,339864,1,6
339857,339863,339865,2,6
339857,339863,339864,1,6
339857,339858,339864,6,1
339857,339862,339864,2,5
339857,339863,339864,1,6
339857,339864,339865,1,7
339857,339864,339865,1,7
339857,339864,339865,1,7
339857,339864,339865,1,7
339857,339864,339865,1,7
339857,339858,339867,9,1
339857,339858,339867,9,1
339872,339872,339873,1,0
339872,339872,339873,1,0
339872,339872,339874,2,0
339872,339872,339876,4,0
339872,339872,339877,5,0
339872,339875,339877,2,3
339872,339872,339877,5,0
339872,339875,339877,2,3
339872,339873,339877,4,1
339872,339874,339877,3,2
339872,339872,339878,6,0
339872,339872,339878,6,0
339872,339872,339878,6,0
339872,339872,339878,6,0
339872,339872,339879,7,0
339872,339872,339879,7,0
339872,339878,339879,1,6
339872,339877,339879,2,5
339872,339878,339879,1,6
339872,339872,339879,7,0
339872,339878,339879,1,6
339872,339878,339879,1,6
339872,339878,339880,2,6
339872,339879,339880,1,7
339872,339879,339880,1,7
339872,339879,339880,1,7
339872,339879,339880,1,7
339872,339878,339880,2,6
339872,339873,339880,7,1
339872,339880,339881,1,8
339872,339872,339883,11,0
339887,339887,339888,1,0
339887,339887,339888,1,0
339887,339887,339888,1,0
339887,339887,339891,4,0
339887,339887,339891,4,0
339887,339887,339892,5,0
339887,339889,339892,3,2
339887,339887,339892,5,0
339887,339889,339892,3,2
339887,339887,339891,4,0
339887,339887,339893,6,0
339887,339889,339892,3,2
339887,339887,339893,6,0
339887,339887,339892,5,0
339887,339887,339892,5,0
339887,339891,339893,2,4
339887,339893,339894,1,6
339887,339887,339893,6,0
339887,339892,339894,2,5
339887,339892,339893,1,5
339887,339887,339894,7,0
339887,339892,339894,2,5
339887,339892,339893,1,5
339887,339892,339893,1,5
339887,339893,339894,1,6
339887,339892,339894,2,5
339887,339893,339894,1,6
339887,339893,339895,2,6
339887,339893,339894,1,6
339887,339887,339897,10,0
339887,339887,339897,10,0
339901,339901,339902,1,0
339901,339901,339903,2,0
339901,339901,339902,1,0
339901,339901,339905,4,0
339901,339901,339906,5,0
339901,339903,339906,3,2
339901,339901,339906,5,0
339901,339902,339906,4,1
339901,339901,339906,5,0
339901,339904,339906,2,3
339901,339901,339907,6,0
339901,339901,339907,6,0
339901,339901,339907,6,0
339901,339901,339907,6,0
339901,339907,339908,1,6
339901,339907,339908,1,6
339901,339907,339908,1,6
339901,339907,339908,1,6
339901,339908,339909,1,7
339901,339907,339908,1,6
339901,339901,339908,7,0
339901,339906,339908,2,5
339901,339901,339909,8,0
339901,339901,339909,8,0
339901,339907,339909,2,6
339901,339908,339909,1,7
339901,339908,339909,1,7
339901,339908,339909,1,7
339901,339909,339910,1,8
339901,339901,339911,10,0
339901,339901,339912,11,0
339917,339917,339918,1,0
339917,339917,339919,2,0
339917,339917,339919,2,0
339917,339917,339921,4,0
339917,339917,339921,4,0
339917,339917,339922,5,0
339917,339917,339922,5,0
339917,339917,339921,4,0
339917,339918,339922,4,1
339917,339917,339923,6,0
339917,339919,339923,4,2
339917,339919,339922,3,2
339917,339917,339923,6,0
339917,339917,339923,6,0
339917,339922,339923,1,5
339917,339921,339924,3,4
339917,339923,339924,1,6
339917,339917,339924,7,0
339917,339923,339924,1,6
339917,339923,339924,1,6
339917,339922,339924,2,5
339917,339924,339925,1,7
339917,339924,339925,1,7
339917,339924,339925,1,7
339917,339924,339925,1,7
339917,339924,339925,1,7
339917,339924,339925,1,7
339917,339917,339926,9,0
339917,339917,339927,10,0
339917,339917,339927,10,0
339917,339917,339928,11,0
339933,339933,339934,1,0
339933,339933,339934,1,0
339933,339933,339934,1,0
339933,339933,339936,3,0
339933,339933,339937,4,0
339933,339933,339937,4,0
339933,339933,339937,4,0
339933,339933,339938,5,0
339933,339933,339938,5,0
339933,339935,339938,3,2
339933,339933,339938,5,0
339933,339935,339938,3,2
339933,339937,339939,2,4
339933,339935,339938,3,2
339933,339937,339938,1,4
339933,339933,339939,6,0
339933,339937,339939,2,4
339933,339938,339939,1,5
339933,339933,339939,6,0
339933,339933,339939,6,0
339933,339938,339939,1,5
339933,339933,339941,8,0
339933,339939,339941,2,6
339933,339939,339940,1,6
339933,339939,339940,1,6
339933,339939,339940,1,6
339933,339939,339941,2,6
339933,339939,339940,1,6
339933,339939,339940,1,6
339933,339933,339942,9,0
339933,339933,339943,10,0
339948,339948,339949,1,0
339948,339948,339949,1,0
339948,339948,339949,1,0
339948,339948,339952,4,0
339948,339948,339952,4,0
339948,339950,339953,3,2
339948,339948,339953,5,0
339948,339948,339952,4,0
339948,339950,339953,3,2
339948,339948,339952,4,0
339948,339948,339953,5,0
339948,339948,339954,6,0
339948,339948,339954,6,0
339948,339952,339954,2,4
339948,339950,339954,4,2
339948,339948,339955,7,0
339948,339953,339955,2,5
339948,339948,339955,7,0
339948,339953,339955,2,5
339948,339953,339955,2,5
339948,339953,339955,2,5
339948,339948,339955,7,0
339948,339953,339955,2,5
339948,339954,339955,1,6
339948,339948,339955,7,0
339948,339952,339955,3,4
339948,339954,339955,1,6
339948,339954,339955,1,6
339948,339954,339956,2,6
339948,339948,339959,11,0
339964,339964,339965,1,0
339964,339964,339965,1,0
339964,339964,339965,1,0
339964,339964,339967,3,0
339964,339964,339967,3,0
339964,339964,339967,3,0
339964,339964,339967,3,0
339964,339964,339968,4,0
339964,339964,339968,4,0
339964,339964,339967,3,0
339964,339964,339969,5,0
339964,339966,339969,3,2
339964,339965,339968,3,1
339964,339966,339969,3,2
339964,339964,339969,5,0
339964,339968,339970,2,4
339964,339969,339970,1,5
339964,339967,339969,2,3
339964,339968,339970,2,4
339964,339968,339970,2,4
339964,339968,339970,2,4
339964,339964,339970,6,0
339964,339967,339970,3,3
339964,339968,339970,2,4
339964,339969,339970,1,5
339964,339969,339971,2,5
339964,339969,339971,2,5
339964,339964,339971,7,0
339964,339970,339971,1,6
339964,339964,339973,9,0
339964,339964,339973,9,0
339978,339978,339980,2,0
339978,339979,339980,1,1
339978,339979,339981,2,1
339978,339979,339981,2,1
339978,339979,339982,3,1
339978,339979,339982,3,1
339978,339979,339982,3,1
339978,339979,339982,3,1
339978,339979,339982,3,1
339978,339979,339982,3,1
339978,339981,339983,2,3
339978,339981,339983,2,3
339978,339979,339984,5,1
339978,339980,339983,3,2
339978,339982,339984,2,4
339978,339982,339983,1,4
339978,339982,339983,1,4
339978,339979,339984,5,1
339978,339979,339984,5,1
339978,339982,339984,2,4
339978,339983,339984,1,5
339978,339983,339984,1,5
339978,339984,339985,1,6
339978,339983,339984,1,5
339978,339983,339984,1,5
339978,339984,339985,1,6
339978,339979,339985,6,1
339978,339984,339985,1,6
339978,339984,339985,1,6
339978,339979,339986,7,1
339991,339991,339992,1,0
339991,339991,339992,1,0
339991,339991,339992,1,0
339991,339991,339993,2,0
339991,339991,339994,3,0
339991,339991,339995,4,0
339991,339991,339995,4,0
339991,339993,339995,2,2
339991,339991,339994,3,0
339991,339991,339994,3,0
339991,339991,339995,4,0
339991,339993,339996,3,2
339991,339991,339996,5,0
339991,339993,339995,2,2
339991,339994,339996,2,3
339991,339995,339996,1,4
339991,339991,339996,5,0
339991,339993,339995,2,2
339991,339991,339997,6,0
339991,339995,339997,2,4
339991,339991,339996,5,0
339991,339995,339997,2,4
339991,339995,339997,2,4
339991,339991,339997,6,0
339991,339996,339997,1,5
339991,339996,339997,1,5
339991,339995,339996,1,4
339991,339995,339997,2,4
339991,339996,339997,1,5
339991,339996,339997,1,5
339991,339991,339999,8,0
340003,340003,340004,1,0
340003,340003,340004,1,0
340003,340003,340005,2,0
340003,340004,340006,2,1
340003,340003,340007,4,0
340003,340005,340007,2,2
340003,340003,340007,4,0
340003,340003,340007,4,0
340003,340003,340007,4,0
340003,340003,340007,4,0
340003,340003,340007,4,0
340003,340003,340007,4,0
340003,340003,340007,4,0
340003,340005,340007,2,2
340003,340003,340007,4,0
340003,340003,340007,4,0
340003,340003,340008,5,0
340003,340003,340008,5,0
340003,340008,340009,1,5
340003,340008,340009,1,5
340003,340003,340008,5,0
340003,340006,340008,2,3
340003,340008,340009,1,5
340003,340008,340009,1,5
340003,340008,340009,1,5
340003,340008,340009,1,5
340003,340008,340009,1,5
340003,340008,340009,1,5
340003,340008,340009,1,5
340003,340008,340009,1,5
340003,340008,340009,1,5
340014,340014,340015,1,0
340014,340014,340015,1,0
340014,340014,340015,1,0
340014,340015,340017,2,1
340014,340014,340017,3,0
340014,340014,340017,3,0
340014,340014,340017,3,0
340014,340015,340017,2,1
340014,340014,340018,4,0
340014,340014,340017,3,0
340014,340016,340018,2,2
340014,340014,340018,4,0
340014,340014,340017,3,0
340014,340014,340018,4,0
340014,340014,340018,4,0
340014,340017,340019,2,3
340014,340017,340019,2,3
340014,340017,340019,2,3
340014,340018,340019,1,4
340014,340017,340019,2,3
340014,340018,340020,2,4
340014,340018,340020,2,4
340014,340018,340019,1,4
340014,340014,340020,6,0
340014,340018,340020,2,4
340014,340018,340020,2,4
340014,340014,340019,5,0
340014,340014,340019,5,0
340014,340017,340019,2,3
340014,340018,340020,2,4
340014,340014,340022,8,0
340026,340026,340027,1,0
340026,340026,340028,2,0
340026,340026,340028,2,0
340026,340026,340028,2,0
340026,340026,340028,2,0
340026,340026,340029,3,0
340026,340028,340029,1,2
340026,340026,340029,3,0
340026,340026,340029,3,0
340026,340026,340029,3,0
340026,340026,340030,4,0
340026,340029,340031,2,3
340026,340029,340030,1,3
340026,340026,340030,4,0
340026,340026,340030,4,0
340026,340029,340031,2,3
340026,340026,340031,5,0
340026,340029,340031,2,3
340026,340030,340031,1,4
340026,340030,340031,1,4
340026,340030,340031,1,4
340026,340030,340031,1,4
340026,340030,340031,1,4
340026,340026,340032,6,0
340026,340031,340032,1,5
340026,340031,340032,1,5
340026,340031,340032,1,5
340026,340026,340032,6,0
340026,340031,340032,1,5
340026,340031,340032,1,5
340026,340026,340036,10,0
340040,340040,340041,1,0
340040,340040,340042,2,0
340040,340040,340041,1,0
340040,340040,340042,2,0
340040,340040,340043,3,0
340040,340040,340043,3,0
340040,340040,340042,2,0
340040,340040,340043,3,0
340040,340040,340043,3,0
340040,340042,340044,2,2
340040,340041,340044,3,1
340040,340040,340043,3,0
340040,340040,340045,5,0
340040,340042,340045,3,2
340040,340043,340045,2,3
340040,340040,340044,4,0
340040,340042,340045,3,2
340040,340043,340045,2,3
340040,340044,340045,1,4
340040,340040,340046,6,0
340040,340043,340045,2,3
340040,340044,340046,2,4
340040,340044,340046,2,4
340040,340044,340046,2,4
340040,340040,340045,5,0
340040,340043,340046,3,3
340040,340045,340047,2,5
340040,340040,340047,7,0
340040,340045,340047,2,5
340040,340045,340047,2,5
340040,340040,340049,9,0
340054,340054,340055,1,0
340054,340054,340055,1,0
340054,340054,340056,2,0
340054,340054,340056,2,0
340054,340054,340056,2,0
340054,340054,340056,2,0
340054,340055,340057,2,1
340054,340054,340057,3,0
340054,340054,340057,3,0
340054,340054,340058,4,0
340054,340055,340058,3,1
340054,340056,340058,2,2
340054,340057,340059,2,3
340054,340054,340059,5,0
340054,340056,340058,2,2
340054,340054,340059,5,0
340054,340056,340059,3,2
340054,340056,340058,2,2
340054,340054,340060,6,0
340054,340058,340060,2,4
340054,340059,340060,1,5
340054,340054,340059,5,0
340054,340058,340060,2,4
340054,340054,340060,6,0
340054,340058,340060,2,4
340054,340058,340059,1,4
340054,340058,340060,2,4
340054,340054,340061,7,0
340054,340054,340061,7,0
340054,340059,340060,1,5
340054,340059,340060,1,5
340066,340066,340067,1,0
340066,340066,340067,1,0
340066,340066,340067,1,0
340066,340066,340067,1,0
340066,340066,340068,2,0
340066,340066,340068,2,0
340066,340067,340069,2,1
340066,340066,340069,3,0
340066,340066,340069,3,0
340066,340067,340069,2,1
340066,340066,340070,4,0
340066,340068,340070,2,2
340066,340068,340070,2,2
340066,340066,340070,4,0
340066,340066,340070,4,0
340066,340069,340071,2,3
340066,340068,340070,2,2
340066,340069,340071,2,3
340066,340070,340071,1,4
340066,340066,340071,5,0
340066,340066,340071,5,0
340066,340070,340071,1,4
340066,340070,340071,1,4
340066,340069,340072,3,3
340066,340071,340072,1,5
340066,340066,340071,5,0
340066,340070,340071,1,4
340066,340070,340071,1,4
340066,340066,340072,6,0
340066,340071,340072,1,5
340066,340066,340073,7,0
340077,340077,340079,2,0
340077,340077,340078,1,0
340077,340077,340079,2,0
340077,340077,340079,2,0
340077,340077,340080,3,0
340077,340077,340080,3,0
340077,340077,340080,3,0
340077,340079,340081,2,2
340077,340077,340081,4,0
340077,340077,340081,4,0
340077,340077,340081,4,0
340077,340077,340081,4,0
340077,340079,340081,2,2
340077,340080,340082,2,3
340077,340079,340082,3,2
340077,340080,340082,2,3
340077,340077,340082,5,0
340077,340079,340081,2,2
340077,340080,340082,2,3
340077,340082,340083,1,5
340077,340077,340083,6,0
340077,340082,340083,1,5
340077,340082,340083,1,5
340077,340083,340084,1,6
340077,340082,340083,1,5
340077,340077,340083,6,0
340077,340082,340083,1,5
340077,340082,340083,1,5
340077,340077,340084,7,0
340077,340077,340084,7,0
340077,340083,340084,1,6
340089,340089,340090,1,0
340089,340089,340090,1,0
340089,340089,340090,1,0
340089,340089,340090,1,0
340089,340089,340090,1,0
340089,340089,340091,2,0
340089,340089,340091,2,0
340089,340089,340092,3,0
340089,340089,340092,3,0
340089,340089,340092,3,0
340089,340090,340092,2,1
340089,340091,340093,2,2
340089,340089,340092,3,0
340089,340091,340093,2,2
340089,340091,340093,2,2
340089,340091,340093,2,2
340089,340091,340093,2,2
340089,340091,340093,2,2
340089,340092,340094,2,3
340089,340089,340093,4,0
340089,340089,340094,5,0
340089,340093,340094,1,4
340089,340092,340093,1,3
340089,340093,340094,1,4
340089,340092,340094,2,3
340089,340092,340093,1,3
340089,340089,340094,5,0
340089,340093,340095,2,4
340089,340093,340094,1,4
340089,340089,340094,5,0
340089,340089,340095,6,0
340099,340099,340101,2,0
340099,340099,340101,2,0
340099,340099,340101,2,0
340099,340099,340101,2,0
340099,340100,340101,1,1
340099,340099,340103,4,0
340099,340099,340102,3,0
340099,340099,340102,3,0
340099,340102,340103,1,3
340099,340102,340103,1,3
340099,340102,340103,1,3
340099,340100,340103,3,1
340099,340100,340103,3,1
340099,340102,340103,1,3
340099,340102,340103,1,3
340099,340099,340104,5,0
340099,340099,340104,5,0
340099,340103,340104,1,4
340099,340103,340104,1,4
340099,340104,340105,1,5
340099,340103,340104,1,4
340099,340104,340105,1,5
340099,340099,340105,6,0
340099,340104,340105,1,5
340099,340104,340105,1,5
340099,340104,340105,1,5
340099,340099,340105,6,0
340099,340099,340106,7,0
340099,340104,340105,1,5
340099,340104,340105,1,5
340099,340099,340106,7,0
340111,340111,340112,1,0
340111,340111,340112,1,0
340111,340111,340112,1,0
340111,340111,340112,1,0
340111,340112,340114,2,1
340111,340111,340113,2,0
340111,340111,340113,2,0
340111,340111,340114,3,0
340111,340111,340115,4,0
340111,340113,340115,2,2
340111,340111,340114,3,0
340111,340111,340114,3,0
340111,340113,340115,2,2
340111,340113,340115,2,2
340111,340114,340116,2,3
340111,340114,340116,2,3
340111,340114,340116,2,3
340111,340114,340115,1,3
340111,340111,340117,6,0
340111,340115,340116,1,4
340111,340115,340116,1,4
340111,340115,340117,2,4
340111,340115,340117,2,4
340111,340116,340117,1,5
340111,340115,340116,1,4
340111,340111,340116,5,0
340111,340115,340116,1,4
340111,340111,340118,7,0
340111,340111,340118,7,0
340111,340111,340117,6,0
340111,340111,340117,6,0
340123,340123,340124,1,0
340123,340123,340124,1,0
340123,340123,340125,2,0
340123,340123,340125,2,0
340123,340123,340124,1,0
340123,340123,340126,3,0
340123,340123,340126,3,0
340123,340123,340127,4,0
340123,340125,340127,2,2
340123,340123,340126,3,0
340123,340125,340126,1,2
340123,340123,340127,4,0
340123,340125,340127,2,2
340123,340125,340127,2,2
340123,340125,340127,2,2
340123,340123,340128,5,0
340123,340126,340128,2,3
340123,340123,340128,5,0
340123,340126,340128,2,3
340123,340127,340129,2,4
340123,340127,340129,2,4
340123,340123,340129,6,0
340123,340127,340129,2,4
340123,340127,340129,2,4
340123,340123,340129,6,0
340123,340127,340128,1,4
340123,340127,340129,2,4
340123,340127,340129,2,4
340123,340123,340130,7,0
340123,340127,340129,2,4
340123,340123,340129,6,0
340135,340135,340136,1,0
340135,340135,340137,2,0
340135,340135,340137,2,0
340135,340135,340136,1,0
340135,340135,340137,2,0
340135,340136,340137,1,1
340135,340135,340138,3,0
340135,340135,340137,2,0
340135,340137,340138,1,2
340135,340137,340138,1,2
340135,340135,340138,3,0
340135,340135,340138,3,0
340135,340137,340139,2,2
340135,340137,340139,2,2
340135,340135,340140,5,0
340135,340135,340139,4,0
340135,340138,340140,2,3
340135,340138,340140,2,3
340135,340135,340139,4,0
340135,340138,340140,2,3
340135,340135,340141,6,0
340135,340139,340141,2,4
340135,340139,340140,1,4
340135,340140,340141,1,5
340135,340135,340140,5,0
340135,340139,340140,1,4
340135,340139,340141,2,4
340135,340139,340140,1,4
340135,340139,340141,2,4
340135,340135,340142,7,0
340135,340135,340142,7,0
340147,340147,340148,1,0
340147,340147,340148,1,0
340147,340147,340148,1,0
340147,340147,340148,1,0
340147,340147,340149,2,0
340147,340147,340148,1,0
340147,340147,340149,2,0
340147,340148,340149,1,1
340147,340147,340151,4,0
340147,340149,340150,1,2
340147,340149,340150,1,2
340147,340149,340150,1,2
340147,340149,340151,2,2
340147,340147,340150,3,0
340147,340149,340150,1,2
340147,340147,340151,4,0
340147,340150,340151,1,3
340147,340150,340151,1,3
340147,340147,340152,5,0
340147,340147,340151,4,0
340147,340147,340152,5,0
340147,340147,340151,4,0
340147,340147,340152,5,0
340147,340151,340152,1,4
340147,340151,340152,1,4
340147,340151,340152,1,4
340147,340151,340152,1,4
340147,340151,340152,1,4
340147,340147,340153,6,0
340147,340151,340152,1,4
340147,340151,340152,1,4
340157,340157,340158,1,0
340157,340157,340158,1,0
340157,340157,340159,2,0
340157,340157,340159,2,0
340157,340157,340159,2,0
340157,340158,340159,1,1
340157,340157,340159,2,0
340157,340157,340160,3,0
340157,340157,340160,3,0
340157,340159,340161,2,2
340157,340157,340161,4,0
340157,340159,340161,2,2
340157,340159,340161,2,2
340157,340157,340161,4,0
340157,340159,340161,2,2
340157,340159,340161,2,2
340157,340159,340161,2,2
340157,340157,340162,5,0
340157,340157,340162,5,0
340157,340157,340162,5,0
340157,340157,340162,5,0
340157,340157,340162,5,0
340157,340160,340162,2,3
340157,340157,340163,6,0
340157,340161,340163,2,4
340157,340161,340163,2,4
340157,340161,340163,2,4
340157,340161,340163,2,4
340157,340161,340163,2,4
340157,340161,340163,2,4
340157,340161,340163,2,4
340168,340168,340170,2,0
340168,340168,340170,2,0
340168,340168,340170,2,0
340168,340168,340170,2,0
340168,340168,340170,2,0
340168,340168,340170,2,0
340168,340168,340170,2,0
340168,340170,340171,1,2
340168,340168,340172,4,0
340168,340171,340172,1,3
340168,340171,340172,1,3
340168,340168,340172,4,0
340168,340171,340172,1,3
340168,340171,340172,1,3
340168,340168,340172,4,0
340168,340171,340172,1,3
340168,340171,340172,1,3
340168,340169,340172,3,1
340168,340169,340172,3,1
340168,340168,340173,5,0
340168,340168,340173,5,0
340168,340168,340174,6,0
340168,340173,340174,1,5
340168,340168,340174,6,0
340168,340172,340173,1,4
340168,340173,340174,1,5
340168,340173,340174,1,5
340168,340173,340174,1,5
340168,340173,340174,1,5
340168,340173,340174,1,5
340168,340173,340174,1,5
340179,340179,340180,1,0
340179,340179,340180,1,0
340179,340179,340181,2,0
340179,340179,340181,2,0
340179,340179,340181,2,0
340179,340179,340180,1,0
340179,340179,340182,3,0
340179,340179,340182,3,0
340179,340180,340182,2,1
340179,340179,340182,3,0
340179,340179,340182,3,0
340179,340179,340181,2,0
340179,340180,340181,1,1
340179,340179,340183,4,0
340179,340179,340183,4,0
340179,340181,340183,2,2
340179,340181,340183,2,2
340179,340179,340183,4,0
340179,340179,340183,4,0
340179,340181,340183,2,2
340179,340181,340183,2,2
340179,340179,340183,4,0
340179,340182,340184,2,3
340179,340182,340184,2,3
340179,340182,340184,2,3
340179,340183,340184,1,4
340179,340183,340184,1,4
340179,340183,340184,1,4
340179,340183,340184,1,4
340179,340184,340185,1,5
340179,340184,340185,1,5
340190,340190,340191,1,0
340190,340190,340191,1,0
340190,340190,340191,1,0
340190,340190,340191,1,0
340190,340190,340191,1,0
340190,340190,340191,1,0
340190,340190,340191,1,0
340190,340190,340192,2,0
340190,340190,340193,3,0
340190,340190,340192,2,0
340190,340190,340192,2,0
340190,340190,340192,2,0
340190,340190,340192,2,0
340190,340190,340193,3,0
340190,340190,340193,3,0
340190,340191,340192,1,1
340190,340190,340193,3,0
340190,340192,340193,1,2
340190,340192,340194,2,2
340190,340192,340193,1,2
340190,340192,340193,1,2
340190,340192,340193,1,2
340190,340192,340193,1,2
340190,340192,340193,1,2
340190,340193,340194,1,3
340190,340193,340194,1,3
340190,340193,340195,2,3
340190,340193,340194,1,3
340190,340193,340194,1,3
340190,340193,340194,1,3
340190,340193,340194,1,3
340200,340200,340201,1,0
340200,340200,340201,1,0
340200,340200,340201,1,0
340200,340200,340201,1,0
340200,340200,340202,2,0
340200,340200,340201,1,0
340200,340200,340202,2,0
340200,340200,340201,1,0
340200,340200,340201,1,0
340200,340200,340201,1,0
340200,340200,340202,2,0
340200,340200,340202,2,0
340200,340201,340203,2,1
340200,340200,340202,2,0
340200,340200,340202,2,0
340200,340201,340202,1,1
340200,340201,340202,1,1
340200,340202,340203,1,2
340200,340200,340203,3,0
340200,340201,340202,1,1
340200,340200,340204,4,0
340200,340202,340203,1,2
340200,340203,340204,1,3
340200,340202,340203,1,2
340200,340202,340203,1,2
340200,340202,340203,1,2
340200,340202,340204,2,2
340200,340203,340204,1,3
340200,340203,340204,1,3
340200,340203,340204,1,3
340200,340203,340204,1,3
340210,340210,340211,1,0
340210,340210,340211,1,0
340210,340210,340212,2,0
340210,340210,340212,2,0
340210,340210,340211,1,0
340210,340210,340211,1,0
340210,340210,340212,2,0
340210,340210,340212,2,0
340210,340210,340211,1,0
340210,340210,340212,2,0
340210,340210,340212,2,0
340210,340210,340212,2,0
340210,340210,340212,2,0
340210,340210,340212,2,0
340210,340210,340212,2,0
340210,340210,340212,2,0
340210,340211,340212,1,1
340210,340212,340213,1,2
340210,340212,340213,1,2
340210,340212,340213,1,2
340210,340212,340213,1,2
340210,340212,340213,1,2
340210,340212,340213,1,2
340210,340212,340213,1,2
340210,340212,340214,2,2
340210,340212,340213,1,2
340210,340212,340213,1,2
340210,340212,340213,1,2
340210,340213,340214,1,3
340210,340213,340214,1,3
340210,340213,340214,1,3
340219,340220,340221,1,1
340219,340220,340221,1,1
340219,340220,340221,1,1
340219,340220,340221,1,1
340219,340220,340221,1,1
340219,340220,340221,1,1
340219,340220,340221,1,1
340219,340220,340222,2,1
340219,340220,340222,2,1
340219,340220,340222,2,1
340219,340220,340222,2,1
340219,340220,340222,2,1
340219,340220,340222,2,1
340219,340220,340222,2,1
340219,340220,340222,2,1
340219,340220,340222,2,1
340219,340221,340222,1,2
340219,340222,340223,1,3
340219,340222,340223,1,3
340219,340222,340223,1,3
340219,340222,340223,1,3
340219,340222,340223,1,3
340219,340222,340223,1,3
340219,340222,340223,1,3
340219,340222,340223,1,3
340219,340223,340224,1,4
340219,340223,340224,1,4
340219,340223,340224,1,4
340219,340223,340224,1,4
340219,340223,340224,1,4
340219,340223,340224,1,4
340229,340229,340230,1,0
340229,340229,340230,1,0
340229,340229,340230,1,0
340229,340229,340230,1,0
340229,340229,340230,1,0
340229,340229,340231,2,0
340229,340229,340231,2,0
340229,340229,340230,1,0
340229,340229,340230,1,0
340229,340229,340231,2,0
340229,340229,340231,2,0
340229,340230,340232,2,1
340229,340231,340232,1,2
340229,340229,340231,2,0
340229,340229,340231,2,0
340229,340230,340232,2,1
340229,340229,340232,3,0
340229,340229,340231,2,0
340229,340230,340231,1,1
340229,340231,340232,1,2
340229,340229,340233,4,0
340229,340231,340232,1,2
340229,340231,340233,2,2
340229,340231,340232,1,2
340229,340231,340232,1,2
340229,340232,340233,1,3
340229,340232,340233,1,3
340229,340232,340233,1,3
340229,340232,340234,2,3
340229,340232,340233,1,3
340229,340232,340234,2,3
340238,340238,340239,1,0
340238,340238,340239,1,0
340238,340238,340239,1,0
340238,340238,340240,2,0
340238,340238,340240,2,0
340238,340238,340240,2,0
340238,340238,340240,2,0
340238,340238,340240,2,0
340238,340238,340240,2,0
340238,340238,340241,3,0
340238,340239,340240,1,1
340238,340240,340241,1,2
340238,340238,340241,3,0
340238,340238,340241,3,0
340238,340241,340242,1,3
340238,340238,340241,3,0
340238,340240,340241,1,2
340238,340241,340242,1,3
340238,340240,340241,1,2
340238,340241,340242,1,3
340238,340241,340242,1,3
340238,340241,340242,1,3
340238,340241,340242,1,3
340238,340242,340243,1,4
340238,340239,340242,3,1
340238,340241,340242,1,3
340238,340241,340242,1,3
340238,340242,340243,1,4
340238,340238,340243,5,0
340238,340242,340243,1,4
340247,340248,340249,1,1
340247,340247,340249,2,0
340247,340247,340249,2,0
340247,340248,340249,1,1
340247,340248,340249,1,1
340247,340248,340249,1,1
340247,340247,340249,2,0
340247,340248,340249,1,1
340247,340248,340249,1,1
340247,340248,340249,1,1
340247,340248,340250,2,1
340247,340248,340250,2,1
340247,340250,340251,1,3
340247,340248,340250,2,1
340247,340248,340251,3,1
340247,340249,340250,1,2
340247,340250,340251,1,3
340247,340248,340251,3,1
340247,340250,340251,1,3
340247,340248,340251,3,1
340247,340250,340251,1,3
340247,340250,340251,1,3
340247,340250,340251,1,3
340247,340250,340251,1,3
340247,340250,340251,1,3
340247,340250,340251,1,3
340247,340251,340252,1,4
340247,340251,340252,1,4
340247,340251,340252,1,4
340247,340251,340252,1,4
340247,340251,340252,1,4
340257,340257,340258,1,0
340257,340257,340259,2,0
340257,340257,340259,2,0
340257,340257,340259,2,0
340257,340257,340258,1,0
340257,340257,340259,2,0
340257,340257,340259,2,0
340257,340257,340258,1,0
340257,340257,340259,2,0
340257,340257,340259,2,0
340257,340257,340260,3,0
340257,340257,340259,2,0
340257,340258,340260,2,1
340257,340257,340260,3,0
340257,340257,340260,3,0
340257,340257,340260,3,0
340257,340257,340260,3,0
340257,340259,340261,2,2
340257,340259,340261,2,2
340257,340259,340260,1,2
340257,340260,340261,1,3
340257,340259,340261,2,2
340257,340259,340260,1,2
340257,340259,340261,2,2
340257,340260,340261,1,3
340257,340259,340261,2,2
340257,340259,340261,2,2
340257,340259,340260,1,2
340257,340260,340261,1,3
340257,340260,340261,1,3
340257,340260,340261,1,3
340265,340266,340267,1,1
340265,340266,340267,1,1
340265,340266,340267,1,1
340265,340266,340270,4,1
340265,340266,340270,4,1
340265,340266,340270,4,1
340265,340267,340270,3,2
340265,340266,340271,5,1
340265,340268,340271,3,3
340265,340266,340271,5,1
340265,340266,340271,5,1
340265,340268,340271,3,3
340265,340266,340272,6,1
340265,340266,340272,6,1
340265,340271,340273,2,6
340265,340271,340272,1,6
340265,340271,340272,1,6
340265,340272,340273,1,7
340265,340272,340273,1,7
340265,340272,340273,1,7
340265,340272,340273,1,7
340265,340271,340273,2,6
340265,340272,340273,1,7
340265,340273,340274,1,8
340265,340272,340273,1,7
340265,340272,340273,1,7
340265,340266,340275,9,1
340265,340266,340275,9,1
340265,340266,340275,9,1
340265,340266,340275,9,1
340265,340266,340275,9,1
340281,340281,340282,1,0
340281,340281,340282,1,0
340281,340281,340282,1,0
340281,340281,340285,4,0
340281,340281,340285,4,0
340281,340281,340285,4,0
340281,340283,340285,2,2
340281,340281,340286,5,0
340281,340283,340286,3,2
340281,340283,340286,3,2
340281,340281,340286,5,0
340281,340281,340286,5,0
340281,340281,340288,7,0
340281,340281,340287,6,0
340281,340285,340287,2,4
340281,340286,340287,1,5
340281,340281,340287,6,0
340281,340286,340287,1,5
340281,340287,340288,1,6
340281,340287,340288,1,6
340281,340286,340288,2,5
340281,340287,340288,1,6
340281,340281,340288,7,0
340281,340287,340288,1,6
340281,340287,340288,1,6
340281,340288,340289,1,7
340281,340288,340289,1,7
340281,340288,340289,1,7
340281,340281,340290,9,0
340281,340281,340290,9,0
340281,340281,340290,9,0
340295,340295,340297,2,0
340295,340295,340297,2,0
340295,340295,340297,2,0
340295,340296,340299,3,1
340295,340295,340300,5,0
340295,340296,340300,4,1
340295,340295,340301,6,0
340295,340298,340302,4,3
340295,340295,340301,6,0
340295,340298,340301,3,3
340295,340298,340301,3,3
340295,340295,340302,7,0
340295,340295,340303,8,0
340295,340301,340303,2,6
340295,340295,340302,7,0
340295,340295,340303,8,0
340295,340296,340302,6,1
340295,340300,340302,2,5
340295,340301,340302,1,6
340295,340302,340303,1,7
340295,340302,340303,1,7
340295,340302,340303,1,7
340295,340302,340303,1,7
340295,340295,340303,8,0
340295,340302,340303,1,7
340295,340295,340304,9,0
340295,340303,340304,1,8
340295,340303,340304,1,8
340295,340303,340304,1,8
340295,340303,340304,1,8
340295,340295,340305,10,0
340311,340311,340312,1,0
340311,340311,340313,2,0
340311,340311,340312,1,0
340311,340311,340314,3,0
340311,340311,340315,4,0
340311,340311,340315,4,0
340311,340311,340317,6,0
340311,340311,340317,6,0
340311,340313,340316,3,2
340311,340311,340316,5,0
340311,340313,340316,3,2
340311,340311,340317,6,0
340311,340313,340316,3,2
340311,340311,340317,6,0
340311,340311,340317,6,0
340311,340311,340317,6,0
340311,340311,340317,6,0
340311,340315,340317,2,4
340311,340316,340317,1,5
340311,340316,340317,1,5
340311,340317,340318,1,6
340311,340317,340318,1,6
340311,340317,340318,1,6
340311,340317,340318,1,6
340311,340317,340318,1,6
340311,340317,340318,1,6
340311,340317,340318,1,6
340311,340318,340319,1,7
340311,340318,340319,1,7
340311,340311,340320,9,0
340311,340311,340321,10,0
340326,340326,340328,2,0
340326,340326,340328,2,0
340326,340326,340328,2,0
340326,340326,340330,4,0
340326,340326,340330,4,0
340326,340326,340331,5,0
340326,340326,340331,5,0
340326,340328,340331,3,2
340326,340326,340332,6,0
340326,340326,340332,6,0
340326,340326,340332,6,0
340326,340328,340332,4,2
340326,340326,340332,6,0
340326,340328,340332,4,2
340326,340326,340332,6,0
340326,340326,340332,6,0
340326,340326,340332,6,0
340326,340330,340333,3,4
340326,340331,340333,2,5
340326,340332,340333,1,6
340326,340332,340334,2,6
340326,340332,340333,1,6
340326,340331,340334,3,5
340326,340332,340334,2,6
340326,340332,340333,1,6
340326,340332,340334,2,6
340326,340332,340334,2,6
340326,340332,340334,2,6
340326,340332,340334,2,6
340326,340326,340336,10,0
340326,340326,340337,11,0
340342,340342,340344,2,0
340342,340342,340344,2,0
340342,340342,340344,2,0
340342,340342,340346,4,0
340342,340342,340347,5,0
340342,340344,340347,3,2
340342,340342,340348,6,0
340342,340344,340348,4,2
340342,340344,340348,4,2
340342,340342,340348,6,0
340342,340342,340349,7,0
340342,340342,340349,7,0
340342,340342,340349,7,0
340342,340348,340349,1,6
340342,340342,340349,7,0
340342,340347,340350,3,5
340342,340342,340350,8,0
340342,340348,340350,2,6
340342,340348,340350,2,6
340342,340347,340350,3,5
340342,340349,340350,1,7
340342,340349,340350,1,7
340342,340342,340351,9,0
340342,340349,340351,2,7
340342,340350,340351,1,8
340342,340350,340351,1,8
340342,340342,340352,10,0
340342,340350,340351,1,8
340342,340342,340352,10,0
340342,340342,340353,11,0
340358,340358,340359,1,0
340358,340358,340359,1,0
340358,340358,340359,1,0
340358,340358,340362,4,0
340358,340359,340362,3,1
340358,340358,340363,5,0
340358,340358,340363,5,0
340358,340358,340364,6,0
340358,340360,340363,3,2
340358,340360,340363,3,2
340358,340358,340364,6,0
340358,340362,340365,3,4
340358,340363,340365,2,5
340358,340358,340365,7,0
340358,340358,340364,6,0
340358,340358,340366,8,0
340358,340364,340366,2,6
340358,340358,340366,8,0
340358,340364,340366,2,6
340358,340363,340365,2,5
340358,340364,340366,2,6
340358,340364,340366,2,6
340358,340365,340366,1,7
340358,340365,340366,1,7
340358,340365,340366,1,7
340358,340365,340366,1,7
340358,340358,340367,9,0
340358,340365,340367,2,7
340358,340358,340368,10,0
340358,340358,340367,9,0
340358,340358,340368,10,0
340373,340373,340374,1,0
340373,340373,340374,1,0
340373,340373,340374,1,0
340373,340374,340377,3,1
340373,340375,340378,3,2
340373,340373,340378,5,0
340373,340373,340378,5,0
340373,340375,340378,3,2
340373,340373,340379,6,0
340373,340373,340380,7,0
340373,340373,340379,6,0
340373,340373,340380,7,0
340373,340373,340379,6,0
340373,340373,340380,7,0
340373,340379,340381,2,6
340373,340378,340380,2,5
340373,340378,340381,3,5
340373,340379,340381,2,6
340373,340373,340380,7,0
340373,340378,340380,2,5
340373,340379,340381,2,6
340373,340380,340381,1,7
340373,340373,340381,8,0
340373,340380,340381,1,7
340373,340380,340382,2,7
340373,340380,340382,2,7
340373,340373,340382,9,0
340373,340381,340382,1,8
340373,340381,340382,1,8
340373,340373,340383,10,0
340373,340373,340383,10,0
340387,340388,340389,1,1
340387,340388,340389,1,1
340387,340388,340389,1,1
340387,340388,340393,5,1
340387,340388,340392,4,1
340387,340388,340393,5,1
340387,340388,340393,5,1
340387,340390,340393,3,3
340387,340390,340393,3,3
340387,340388,340394,6,1
340387,340388,340394,6,1
340387,340388,340394,6,1
340387,340393,340395,2,6
340387,340394,340396,2,7
340387,340394,340395,1,7
340387,340388,340395,7,1
340387,340389,340395,6,2
340387,340393,340395,2,6
340387,340394,340396,2,7
340387,340395,340396,1,8
340387,340395,340396,1,8
340387,340393,340396,3,6
340387,340396,340397,1,9
340387,340388,340396,8,1
340387,340395,340396,1,8
340387,340388,340398,10,1
340387,340388,340397,9,1
340387,340396,340397,1,9
340387,340396,340397,1,9
340387,340388,340398,10,1
340387,340388,340398,10,1
340403,340403,340404,1,0
340403,340403,340404,1,0
340403,340403,340404,1,0
340403,340404,340408,4,1
340403,340403,340408,5,0
340403,340405,340407,2,2
340403,340403,340408,5,0
340403,340403,340408,5,0
340403,340403,340408,5,0
340403,340404,340408,4,1
340403,340403,340409,6,0
340403,340403,340409,6,0
340403,340408,340410,2,5
340403,340408,340411,3,5
340403,340408,340411,3,5
340403,340409,340411,2,6
340403,340409,340411,2,6
340403,340408,340411,3,5
340403,340409,340411,2,6
340403,340403,340410,7,0
340403,340408,340410,2,5
340403,340403,340411,8,0
340403,340411,340412,1,8
340403,340410,340411,1,7
340403,340410,340411,1,7
340403,340403,340413,10,0
340403,340403,340413,10,0
340403,340403,340413,10,0
340403,340411,340413,2,8
340403,340403,340413,10,0
340403,340403,340413,10,0
340418,340418,340420,2,0
340418,340418,340419,1,0
340418,340418,340419,1,0
340418,340418,340422,4,0
340418,340418,340423,5,0
340418,340418,340423,5,0
340418,340420,340423,3,2
340418,340418,340424,6,0
340418,340420,340423,3,2
340418,340418,340424,6,0
340418,340418,340424,6,0
340418,340420,340424,4,2
340418,340423,340425,2,5
340418,340423,340425,2,5
340418,340423,340425,2,5
340418,340424,340425,1,6
340418,340424,340426,2,6
340418,340424,340426,2,6
340418,340418,340425,7,0
340418,340423,340425,2,5
340418,340426,340427,1,8
340418,340418,340426,8,0
340418,340425,340426,1,7
340418,340425,340426,1,7
340418,340425,340426,1,7
340418,340418,340427,9,0
340418,340418,340428,10,0
340418,340426,340427,1,8
340418,340418,340427,9,0
340418,340418,340428,10,0
340418,340418,340427,9,0
340433,340433,340434,1,0
340433,340433,340435,2,0
340433,340433,340434,1,0
340433,340433,340438,5,0
340433,340433,340438,5,0
340433,340433,340438,5,0
340433,340435,340439,4,2
340433,340433,340439,6,0
340433,340435,340439,4,2
340433,340433,340439,6,0
340433,340433,340440,7,0
340433,340435,340439,4,2
340433,340433,340441,8,0
340433,340439,340441,2,6
340433,340439,340441,2,6
340433,340439,340441,2,6
340433,340433,340440,7,0
340433,340438,340441,3,5
340433,340438,340440,2,5
340433,340440,340442,2,7
340433,340440,340442,2,7
340433,340440,340442,2,7
340433,340439,340442,3,6
340433,340441,340442,1,8
340433,340433,340443,10,0
340433,340433,340443,10,0
340433,340433,340443,10,0
340433,340441,340442,1,8
340433,340433,340443,10,0
340433,340433,340443,10,0
340433,340441,340442,1,8
340448,340448,340449,1,0
340448,340448,340450,2,0
340448,340448,340449,1,0
340448,340448,340453,5,0
340448,340448,340453,5,0
340448,340450,340453,3,2
340448,340448,340453,5,0
340448,340448,340454,6,0
340448,340450,340454,4,2
340448,340448,340455,7,0
340448,340448,340454,6,0
340448,340450,340454,4,2
340448,340448,340455,7,0
340448,340448,340455,7,0
340448,340453,340456,3,5
340448,340454,340456,2,6
340448,340454,340456,2,6
340448,340454,340456,2,6
340448,340453,340456,3,5
340448,340453,340456,3,5
340448,340455,340457,2,7
340448,340455,340457,2,7
340448,340455,340457,2,7
340448,340455,340456,1,7
340448,340455,340457,2,7
340448,340456,340457,1,8
340448,340448,340457,9,0
340448,340448,340458,10,0
340448,340448,340458,10,0
340448,340448,340458,10,0
340448,340448,340458,10,0
340463,340463,340465,2,0
340463,340464,340465,1,1
340463,340464,340465,1,1
340463,340464,340468,4,1
340463,340464,340468,4,1
340463,340464,340468,4,1
340463,340466,340469,3,3
340463,340466,340469,3,3
340463,340466,340470,4,3
340463,340464,340470,6,1
340463,340464,340470,6,1
340463,340464,340471,7,1
340463,340464,340471,7,1
340463,340464,340471,7,1
340463,340469,340471,2,6
340463,340470,340471,1,7
340463,340470,340471,1,7
340463,340469,340471,2,6
340463,340469,340471,2,6
340463,340471,340472,1,8
340463,340464,340473,9,1
340463,340471,340472,1,8
340463,340471,340472,1,8
340463,340464,340473,9,1
340463,340464,340473,9,1
340463,340464,340473,9,1
340463,340472,340473,1,9
340463,340472,340474,2,9
340463,340464,340473,9,1
340463,340472,340473,1,9
340463,340472,340473,1,9
340479,340479,340480,1,0
340479,340479,340480,1,0
340479,340479,340480,1,0
340479,340479,340484,5,0
340479,340480,340484,4,1
340479,340479,340483,4,0
340479,340481,340484,3,2
340479,340481,340485,4,2
340479,340479,340484,5,0
340479,340479,340484,5,0
340479,340484,340486,2,5
340479,340479,340487,8,0
340479,340484,340486,2,5
340479,340485,340487,2,6
340479,340484,340486,2,5
340479,340485,340486,1,6
340479,340479,340486,7,0
340479,340485,340486,1,6
340479,340479,340487,8,0
340479,340484,340487,3,5
340479,340479,340487,8,0
340479,340479,340487,8,0
340479,340486,340487,1,7
340479,340479,340488,9,0
340479,340479,340488,9,0
340479,340487,340488,1,8
340479,340479,340489,10,0
340479,340487,340488,1,8
340479,340487,340488,1,8
340479,340479,340489,10,0
340479,340487,340488,1,8
340493,340493,340495,2,0
340493,340493,340495,2,0
340493,340493,340494,1,0
340493,340493,340498,5,0
340493,340493,340498,5,0
340493,340495,340498,3,2
340493,340495,340499,4,2
340493,340493,340500,7,0
340493,340495,340500,5,2
340493,340493,340500,7,0
340493,340499,340500,1,6
340493,340499,340501,2,6
340493,340500,340501,1,7
340493,340499,340501,2,6
340493,340501,340502,1,8
340493,340501,340502,1,8
340493,340493,340502,9,0
340493,340493,340502,9,0
340493,340501,340502,1,8
340493,340493,340502,9,0
340493,340501,340502,1,8
340493,340493,340503,10,0
340493,340503,340504,1,10
340493,340493,340503,10,0
340493,340493,340503,10,0
340493,340502,340503,1,9
340493,340493,340503,10,0
340493,340502,340503,1,9
340493,340493,340503,10,0
340493,340502,340503,1,9
340493,340493,340504,11,0
340510,340510,340511,1,0
340510,340510,340511,1,0
340510,340510,340511,1,0
340510,340510,340514,4,0
340510,340510,340515,5,0
340510,340510,340515,5,0
340510,340512,340515,3,2
340510,340512,340515,3,2
340510,340510,340517,7,0
340510,340512,340516,4,2
340510,340515,340517,2,5
340510,340510,340517,7,0
340510,340516,340518,2,6
340510,340510,340517,7,0
340510,340515,340517,2,5
340510,340516,340518,2,6
340510,340510,340518,8,0
340510,340517,340518,1,7
340510,340517,340518,1,7
340510,340516,340518,2,6
340510,340510,340519,9,0
340510,340510,340519,9,0
340510,340518,340519,1,8
340510,340510,340519,9,0
340510,340510,340520,10,0
340510,340518,340520,2,8
340510,340518,340519,1,8
340510,340510,340520,10,0
340510,340518,340519,1,8
340510,340518,340519,1,8
340510,340510,340520,10,0
340525,340526,340527,1,1
340525,340526,340527,1,1
340525,340526,340527,1,1
340525,340526,340530,4,1
340525,340526,340530,4,1
340525,340528,340530,2,3
340525,340526,340531,5,1
340525,340528,340531,3,3
340525,340526,340531,5,1
340525,340527,340531,4,2
340525,340526,340532,6,1
340525,340531,340533,2,6
340525,340531,340533,2,6
340525,340526,340534,8,1
340525,340532,340534,2,7
340525,340532,340533,1,7
340525,340532,340533,1,7
340525,340532,340533,1,7
340525,340531,340533,2,6
340525,340534,340535,1,9
340525,340533,340534,1,8
340525,340526,340535,9,1
340525,340526,340536,10,1
340525,340534,340535,1,9
340525,340534,340535,1,9
340525,340526,340535,9,1
340525,340526,340536,10,1
340525,340526,340535,9,1
340525,340534,340535,1,9
340525,340526,340536,10,1
340525,340526,340535,9,1
340540,340540,340542,2,0
340540,340540,340542,2,0
340540,340540,340542,2,0
340540,340540,340545,5,0
340540,340540,340545,5,0
340540,340540,340545,5,0
340540,340543,340545,2,3
340540,340540,340546,6,0
340540,340542,340546,4,2
340540,340540,340547,7,0
340540,340540,340547,7,0
340540,340542,340547,5,2
340540,340546,340547,1,6
340540,340547,340548,1,7
340540,340547,340548,1,7
340540,340546,340548,2,6
340540,340546,340548,2,6
340540,340546,340548,2,6
340540,340548,340549,1,8
340540,340548,340549,1,8
340540,340548,340549,1,8
340540,340540,340549,9,0
340540,340549,340550,1,9
340540,340548,340549,1,8
340540,340540,340550,10,0
340540,340540,340550,10,0
340540,340540,340550,10,0
340540,340540,340550,10,0
340540,340549,340550,1,9
340540,340540,340550,10,0
340540,340540,340551,11,0
340556,340556,340557,1,0
340556,340556,340557,1,0
340556,340556,340558,2,0
340556,340558,340561,3,2
340556,340556,340561,5,0
340556,340556,340561,5,0
340556,340556,340562,6,0
340556,340558,340562,4,2
340556,340556,340562,6,0
340556,340557,340561,4,1
340556,340556,340561,5,0
340556,340556,340563,7,0
340556,340556,340563,7,0
340556,340556,340563,7,0
340556,340556,340563,7,0
340556,340562,340564,2,6
340556,340562,340564,2,6
340556,340561,340564,3,5
340556,340562,340564,2,6
340556,340563,340564,1,7
340556,340561,340564,3,5
340556,340561,340563,2,5
340556,340556,340563,7,0
340556,340562,340564,2,6
340556,340562,340564,2,6
340556,340563,340565,2,7
340556,340563,340565,2,7
340556,340556,340566,10,0
340556,340556,340566,10,0
340556,340564,340566,2,8
340556,340556,340567,11,0
340572,340572,340573,1,0
340572,340572,340573,1,0
340572,340572,340573,1,0
340572,340572,340577,5,0
340572,340574,340577,3,2
340572,340572,340577,5,0
340572,340572,340577,5,0
340572,340574,340578,4,2
340572,340572,340577,5,0
340572,340574,340578,4,2
340572,340572,340578,6,0
340572,340572,340579,7,0
340572,340577,340579,2,5
340572,340577,340579,2,5
340572,340572,340580,8,0
340572,340572,340579,7,0
340572,340578,340579,1,6
340572,340572,340579,7,0
340572,340578,340580,2,6
340572,340578,340579,1,6
340572,340578,340580,2,6
340572,340579,340580,1,7
340572,340579,340580,1,7
340572,340580,340581,1,8
340572,340572,340581,9,0
340572,340579,340581,2,7
340572,340579,340581,2,7
340572,340572,340582,10,0
340572,340572,340581,9,0
340572,340580,340581,1,8
340572,340572,340582,10,0
340587,340588,340589,1,1
340587,340588,340589,1,1
340587,340588,340589,1,1
340587,340588,340592,4,1
340587,340590,340593,3,3
340587,340588,340593,5,1
340587,340588,340593,5,1
340587,340590,340594,4,3
340587,340588,340594,6,1
340587,340590,340594,4,3
340587,340588,340594,6,1
340587,340588,340595,7,1
340587,340588,340595,7,1
340587,340588,340595,7,1
340587,340593,340595,2,6
340587,340594,340596,2,7
340587,340594,340595,1,7
340587,340593,340595,2,6
340587,340594,340596,2,7
340587,340595,340596,1,8
340587,340595,340596,1,8
340587,340595,340596,1,8
340587,340588,340597,9,1
340587,340596,340597,1,9
340587,340596,340597,1,9
340587,340588,340597,9,1
340587,340596,340597,1,9
340587,340596,340597,1,9
340587,340588,340597,9,1
340587,340588,340597,9,1
340587,340588,340597,9,1
340602,340602,340604,2,0
340602,340603,340604,1,1
340602,340603,340604,1,1
340602,340603,340607,4,1
340602,340603,340607,4,1
340602,340605,340608,3,3
340602,340605,340608,3,3
340602,340605,340609,4,3
340602,340603,340609,6,1
340602,340603,340609,6,1
340602,340603,340610,7,1
340602,340608,340610,2,6
340602,340608,340610,2,6
340602,340603,340610,7,1
340602,340609,340611,2,7
340602,340603,340611,8,1
340602,340610,340611,1,8
340602,340609,340611,2,7
340602,340610,340611,1,8
340602,340610,340611,1,8
340602,340610,340611,1,8
340602,340603,340612,9,1
340602,340610,340611,1,8
340602,340603,340612,9,1
340602,340603,340612,9,1
340602,340603,340612,9,1
340602,340603,340612,9,1
340602,340603,340612,9,1
340602,340611,340612,1,9
340602,340611,340612,1,9
340602,340611,340612,1,9
340617,340617,340619,2,0
340617,340617,340619,2,0
340617,340617,340619,2,0
340617,340618,340622,4,1
340617,340618,340622,4,1
340617,340617,340622,5,0
340617,340620,340622,2,3
340617,340617,340624,7,0
340617,340620,340624,4,3
340617,340620,340624,4,3
340617,340618,340625,7,1
340617,340623,340625,2,6
340617,340618,340625,7,1
340617,340623,340626,3,6
340617,340623,340625,2,6
340617,340624,340625,1,7
340617,340623,340625,2,6
340617,340624,340625,1,7
340617,340617,340626,9,0
340617,340625,340626,1,8
340617,340617,340627,10,0
340617,340617,340628,11,0
340617,340626,340627,1,9
340617,340626,340627,1,9
340617,340617,340627,10,0
340617,340617,340627,10,0
340617,340617,340627,10,0
340617,340618,340627,9,1
340617,340626,340627,1,9
340617,340626,340627,1,9
340617,340626,340627,1,9
340632,340632,340634,2,0
340632,340632,340633,1,0
340632,340632,340634,2,0
340632,340632,340637,5,0
340632,340632,340637,5,0
340632,340635,340637,2,3
340632,340634,340638,4,2
340632,340632,340638,6,0
340632,340634,340639,5,2
340632,340632,340639,7,0
340632,340632,340639,7,0
340632,340637,340640,3,5
340632,340637,340640,3,5
340632,340632,340640,8,0
340632,340639,340640,1,7
340632,340632,340640,8,0
340632,340638,340640,2,6
340632,340639,340641,2,7
340632,340632,340641,9,0
340632,340640,340641,1,8
340632,340640,340641,1,8
340632,340640,340641,1,8
340632,340632,340642,10,0
340632,340641,340642,1,9
340632,340632,340642,10,0
340632,340641,340642,1,9
340632,340641,340642,1,9
340632,340632,340642,10,0
340632,340632,340643,11,0
340632,340641,340642,1,9
340632,340632,340643,11,0
340648,340648,340649,1,0
340648,340648,340649,1,0
340648,340648,340650,2,0
340648,340648,340652,4,0
340648,340648,340652,4,0
340648,340650,340653,3,2
340648,340648,340654,6,0
340648,340648,340654,6,0
340648,340648,340654,6,0
340648,340650,340655,5,2
340648,340648,340655,7,0
340648,340650,340654,4,2
340648,340653,340656,3,5
340648,340648,340656,8,0
340648,340653,340656,3,5
340648,340653,340655,2,5
340648,340648,340655,7,0
340648,340648,340655,7,0
340648,340654,340657,3,6
340648,340655,340656,1,7
340648,340655,340656,1,7
340648,340655,340657,2,7
340648,340655,340657,2,7
340648,340655,340657,2,7
340648,340656,340657,1,8
340648,340648,340658,10,0
340648,340656,340657,1,8
340648,340656,340657,1,8
340648,340648,340658,10,0
340648,340648,340658,10,0
340648,340648,340658,10,0
340664,340664,340665,1,0
340664,340664,340665,1,0
340664,340664,340666,2,0
340664,340664,340670,6,0
340664,340664,340670,6,0
340664,340666,340670,4,2
340664,340666,340670,4,2
340664,340664,340670,6,0
340664,340666,340669,3,2
340664,340664,340671,7,0
340664,340664,340671,7,0
340664,340664,340671,7,0
340664,340664,340670,6,0
340664,340664,340671,7,0
340664,340664,340671,7,0
340664,340670,340672,2,6
340664,340670,340672,2,6
340664,340670,340673,3,6
340664,340670,340672,2,6
340664,340671,340672,1,7
340664,340670,340672,2,6
340664,340670,340673,3,6
340664,340671,340673,2,7
340664,340671,340673,2,7
340664,340671,340673,2,7
340664,340664,340674,10,0
340664,340664,340674,10,0
340664,340672,340673,1,8
340664,340672,340674,2,8
340664,340664,340673,9,0
340664,340664,340674,10,0
340680,340680,340681,1,0
340680,340680,340682,2,0
340680,340680,340682,2,0
340680,340680,340684,4,0
340680,340680,340685,5,0
340680,340680,340686,6,0
340680,340683,340686,3,3
340680,340680,340686,6,0
340680,340680,340686,6,0
340680,340680,340687,7,0
340680,340680,340686,6,0
340680,340680,340687,7,0
340680,340682,340686,4,2
340680,340680,340686,6,0
340680,340682,340686,4,2
340680,340686,340688,2,6
340680,340685,340688,3,5
340680,340686,340688,2,6
340680,340686,340688,2,6
340680,340686,340688,2,6
340680,340687,340688,1,7
340680,340687,340689,2,7
340680,340687,340689,2,7
340680,340687,340688,1,7
340680,340687,340688,1,7
340680,340687,340689,2,7
340680,340686,340688,2,6
340680,340680,340690,10,0
340680,340680,340689,9,0
340680,340680,340690,10,0
340680,340680,340689,9,0
340695,340695,340696,1,0
340695,340695,340696,1,0
340695,340695,340696,1,0
340695,340695,340700,5,0
340695,340695,340699,4,0
340695,340695,340699,4,0
340695,340697,340700,3,2
340695,340695,340700,5,0
340695,340697,340700,3,2
340695,340695,340700,5,0
340695,340695,340701,6,0
340695,340695,340701,6,0
340695,340695,340701,6,0
340695,340700,340702,2,5
340695,340695,340702,7,0
340695,340697,340702,5,2
340695,340700,340702,2,5
340695,340695,340702,7,0
340695,340701,340702,1,6
340695,340701,340703,2,6
340695,340700,340702,2,5
340695,340701,340703,2,6
340695,340702,340703,1,7
340695,340703,340704,1,8
340695,340701,340703,2,6
340695,340695,340704,9,0
340695,340702,340703,1,7
340695,340702,340703,1,7
340695,340702,340703,1,7
340695,340695,340705,10,0
340695,340695,340704,9,0
340710,340710,340711,1,0
340710,340710,340711,1,0
340710,340710,340711,1,0
340710,340710,340714,4,0
340710,340710,340715,5,0
340710,340710,340714,4,0
340710,340712,340714,2,2
340710,340710,340715,5,0
340710,340710,340715,5,0
340710,340712,340716,4,2
340710,340710,340716,6,0
340710,340712,340716,4,2
340710,340715,340717,2,5
340710,340710,340716,6,0
340710,340715,340717,2,5
340710,340710,340716,6,0
340710,340710,340717,7,0
340710,340710,340717,7,0
340710,340715,340717,2,5
340710,340715,340717,2,5
340710,340716,340718,2,6
340710,340716,340718,2,6
340710,340717,340718,1,7
340710,340710,340718,8,0
340710,340717,340718,1,7
340710,340717,340718,1,7
340710,340717,340719,2,7
340710,340717,340718,1,7
340710,340717,340718,1,7
340710,340710,340720,10,0
340710,340710,340719,9,0
340724,340724,340725,1,0
340724,340724,340726,2,0
340724,340724,340726,2,0
340724,340724,340728,4,0
340724,340724,340729,5,0
340724,340724,340729,5,0
340724,340726,340729,3,2
340724,340724,340729,5,0
340724,340726,340729,3,2
340724,340724,340729,5,0
340724,340724,340730,6,0
340724,340728,340730,2,4
340724,340724,340730,6,0
340724,340726,340731,5,2
340724,340724,340731,7,0
340724,340729,340731,2,5
340724,340729,340731,2,5
340724,340729,340731,2,5
340724,340729,340731,2,5
340724,340729,340731,2,5
340724,340724,340731,7,0
340724,340724,340732,8,0
340724,340729,340731,2,5
340724,340730,340732,2,6
340724,340730,340732,2,6
340724,340724,340731,7,0
340724,340730,340731,1,6
340724,340731,340732,1,7
340724,340731,340732,1,7
340724,340724,340734,10,0
340724,340724,340734,10,0
340740,340740,340741,1,0
340740,340740,340742,2,0
340740,340740,340742,2,0
340740,340740,340745,5,0
340740,340740,340745,5,0
340740,340740,340744,4,0
340740,340740,340744,4,0
340740,340740,340746,6,0
340740,340740,340745,5,0
340740,340742,340746,4,2
340740,340742,340746,4,2
340740,340740,340746,6,0
340740,340740,340746,6,0
340740,340742,340745,3,2
340740,340740,340747,7,0
340740,340745,340747,2,5
340740,340745,340747,2,5
340740,340745,340747,2,5
340740,340740,340747,7,0
340740,340746,340748,2,6
340740,340746,340748,2,6
340740,340740,340747,7,0
340740,340745,340747,2,5
340740,340746,340748,2,6
340740,340746,340747,1,6
340740,340746,340747,1,6
340740,340746,340747,1,6
340740,340746,340748,2,6
340740,340747,340748,1,7
340740,340740,340750,10,0
340740,340740,340750,10,0
340755,340755,340756,1,0
340755,340755,340757,2,0
340755,340755,340757,2,0
340755,340755,340759,4,0
340755,340755,340760,5,0
340755,340756,340760,4,1
340755,340757,340760,3,2
340755,340755,340760,5,0
340755,340757,340761,4,2
340755,340755,340761,6,0
340755,340755,340761,6,0
340755,340755,340761,6,0
340755,340755,340761,6,0
340755,340755,340761,6,0
340755,340755,340762,7,0
340755,340755,340762,7,0
340755,340760,340762,2,5
340755,340760,340762,2,5
340755,340759,340762,3,4
340755,340761,340762,1,6
340755,340762,340763,1,7
340755,340760,340763,3,5
340755,340761,340763,2,6
340755,340762,340763,1,7
340755,340762,340763,1,7
340755,340762,340763,1,7
340755,340762,340763,1,7
340755,340755,340764,9,0
340755,340755,340765,10,0
340755,340755,340765,10,0
340770,340770,340771,1,0
340770,340770,340771,1,0
340770,340770,340771,1,0
340770,340770,340773,3,0
340770,340770,340775,5,0
340770,340771,340774,3,1
340770,340770,340775,5,0
340770,340772,340775,3,2
340770,340770,340774,4,0
340770,340770,340775,5,0
340770,340772,340775,3,2
340770,340770,340776,6,0
340770,340770,340775,5,0
340770,340770,340775,5,0
340770,340770,340776,6,0
340770,340770,340777,7,0
340770,340775,340777,2,5
340770,340774,340777,3,4
340770,340775,340777,2,5
340770,340775,340777,2,5
340770,340775,340777,2,5
340770,340776,340778,2,6
340770,340776,340777,1,6
340770,340777,340778,1,7
340770,340775,340777,2,5
340770,340776,340777,1,6
340770,340776,340777,1,6
340770,340776,340777,1,6
340770,340770,340778,8,0
340770,340770,340779,9,0
340770,340770,340780,10,0
340785,340785,340786,1,0
340785,340785,340787,2,0
340785,340785,340786,1,0
340785,340785,340788,3,0
340785,340785,340790,5,0
340785,340785,340790,5,0
340785,340787,340790,3,2
340785,340785,340790,5,0
340785,340785,340791,6,0
340785,340785,340791,6,0
340785,340785,340790,5,0
340785,340787,340791,4,2
340785,340785,340791,6,0
340785,340787,340791,4,2
340785,340785,340791,6,0
340785,340785,340791,6,0
340785,340785,340791,6,0
340785,340788,340791,3,3
340785,340785,340792,7,0
340785,340790,340792,2,5
340785,340790,340792,2,5
340785,340790,340792,2,5
340785,340791,340793,2,6
340785,340791,340793,2,6
340785,340791,340793,2,6
340785,340790,340793,3,5
340785,340791,340793,2,6
340785,340791,340793,2,6
340785,340791,340792,1,6
340785,340791,340793,2,6
340785,340785,340795,10,0
340800,340801,340802,1,1
340800,340801,340804,3,1
340800,340802,340804,2,2
340800,340801,340805,4,1
340800,340802,340805,3,2
340800,340801,340805,4,1
340800,340803,340806,3,3
340800,340801,340805,4,1
340800,340801,340806,5,1
340800,340801,340805,4,1
340800,340801,340806,5,1
340800,340801,340806,5,1
340800,340801,340807,6,1
340800,340806,340807,1,6
340800,340806,340807,1,6
340800,340806,340807,1,6
340800,340806,340807,1,6
340800,340805,340807,2,5
340800,340806,340807,1,6
340800,340806,340807,1,6
340800,340801,340807,6,1
340800,340805,340807,2,5
340800,340806,340807,1,6
340800,340801,340809,8,1
340800,340807,340808,1,7
340800,340807,340808,1,7
340800,340808,340809,1,8
340800,340801,340809,8,1
340800,340801,340810,9,1
340815,340816,340817,1,1
340815,340816,340817,1,1
340815,340816,340819,3,1
340815,340817,340819,2,2
340815,340817,340819,2,2
340815,340816,340820,4,1
340815,340817,340820,3,2
340815,340816,340820,4,1
340815,340816,340820,4,1
340815,340816,340820,4,1
340815,340816,340821,5,1
340815,340816,340821,5,1
340815,340821,340822,1,6
340815,340821,340822,1,6
340815,340820,340822,2,5
340815,340821,340822,1,6
340815,340820,340822,2,5
340815,340821,340822,1,6
340815,340820,340822,2,5
340815,340821,340822,1,6
340815,340816,340823,7,1
340815,340822,340823,1,7
340815,340816,340823,7,1
340815,340822,340823,1,7
340815,340823,340824,1,8
340815,340823,340824,1,8
340815,340816,340824,8,1
340815,340816,340825,9,1
340815,340816,340825,9,1
340815,340816,340825,9,1
340830,340830,340832,2,0
340830,340831,340832,1,1
340830,340831,340832,1,1
340830,340831,340833,2,1
340830,340831,340834,3,1
340830,340831,340835,4,1
340830,340831,340835,4,1
340830,340831,340835,4,1
340830,340831,340835,4,1
340830,340831,340835,4,1
340830,340833,340835,2,3
340830,340831,340836,5,1
340830,340833,340837,4,3
340830,340831,340836,5,1
340830,340833,340836,3,3
340830,340834,340837,3,4
340830,340835,340837,2,5
340830,340836,340837,1,6
340830,340836,340837,1,6
340830,340836,340837,1,6
340830,340836,340837,1,6
340830,340836,340837,1,6
340830,340836,340837,1,6
340830,340831,340837,6,1
340830,340836,340837,1,6
340830,340831,340838,7,1
340830,340837,340838,1,7
340830,340837,340838,1,7
340830,340837,340838,1,7
340830,340831,340839,8,1
340830,340831,340841,10,1
340845,340845,340846,1,0
340845,340845,340846,1,0
340845,340845,340846,1,0
340845,340845,340849,4,0
340845,340845,340849,4,0
340845,340845,340850,5,0
340845,340846,340849,3,1
340845,340845,340850,5,0
340845,340845,340850,5,0
340845,340847,340850,3,2
340845,340845,340849,4,0
340845,340847,340849,2,2
340845,340845,340850,5,0
340845,340849,340851,2,4
340845,340845,340850,5,0
340845,340845,340851,6,0
340845,340850,340851,1,5
340845,340845,340851,6,0
340845,340845,340852,7,0
340845,340850,340852,2,5
340845,340850,340852,2,5
340845,340850,340852,2,5
340845,340850,340852,2,5
340845,340850,340851,1,5
340845,340845,340852,7,0
340845,340849,340851,2,4
340845,340850,340852,2,5
340845,340851,340852,1,6
340845,340851,340852,1,6
340845,340851,340852,1,6
340845,340845,340854,9,0
340858,340858,340859,1,0
340858,340858,340859,1,0
340858,340858,340859,1,0
340858,340858,340861,3,0
340858,340859,340862,3,1
340858,340858,340862,4,0
340858,340858,340863,5,0
340858,340858,340862,4,0
340858,340859,340862,3,1
340858,340858,340863,5,0
340858,340859,340862,3,1
340858,340858,340863,5,0
340858,340858,340863,5,0
340858,340858,340863,5,0
340858,340858,340864,6,0
340858,340858,340863,5,0
340858,340861,340864,3,3
340858,340862,340864,2,4
340858,340863,340865,2,5
340858,340863,340865,2,5
340858,340863,340865,2,5
340858,340858,340865,7,0
340858,340863,340865,2,5
340858,340863,340865,2,5
340858,340862,340864,2,4
340858,340863,340864,1,5
340858,340863,340865,2,5
340858,340863,340864,1,5
340858,340864,340865,1,6
340858,340858,340867,9,0
340858,340858,340868,10,0
340873,340873,340874,1,0
340873,340873,340874,1,0
340873,340873,340874,1,0
340873,340873,340876,3,0
340873,340873,340876,3,0
340873,340873,340877,4,0
340873,340873,340877,4,0
340873,340873,340877,4,0
340873,340873,340878,5,0
340873,340873,340877,4,0
340873,340873,340878,5,0
340873,340875,340878,3,2
340873,340873,340879,6,0
340873,340875,340878,3,2
340873,340877,340879,2,4
340873,340875,340878,3,2
340873,340877,340879,2,4
340873,340877,340879,2,4
340873,340877,340880,3,4
340873,340877,340880,3,4
340873,340878,340880,2,5
340873,340878,340880,2,5
340873,340873,340880,7,0
340873,340873,340880,7,0
340873,340879,340880,1,6
340873,340879,340880,1,6
340873,340879,340880,1,6
340873,340879,340881,2,6
340873,340879,340881,2,6
340873,340873,340882,9,0
340873,340873,340883,10,0
340888,340888,340889,1,0
340888,340888,340890,2,0
340888,340888,340890,2,0
340888,340888,340891,3,0
340888,340888,340892,4,0
340888,340888,340892,4,0
340888,340888,340892,4,0
340888,340888,340893,5,0
340888,340888,340892,4,0
340888,340890,340893,3,2
340888,340888,340893,5,0
340888,340889,340893,4,1
340888,340890,340894,4,2
340888,340893,340894,1,5
340888,340888,340894,6,0
340888,340893,340894,1,5
340888,340888,340894,6,0
340888,340892,340894,2,4
340888,340893,340894,1,5
340888,340888,340895,7,0
340888,340894,340895,1,6
340888,340894,340895,1,6
340888,340894,340895,1,6
340888,340894,340895,1,6
340888,340894,340895,1,6
340888,340895,340896,1,7
340888,340895,340896,1,7
340888,340888,340896,8,0
340888,340888,340897,9,0
340888,340888,340898,10,0
340903,340903,340904,1,0
340903,340903,340904,1,0
340903,340903,340905,2,0
340903,340903,340906,3,0
340903,340903,340907,4,0
340903,340903,340908,5,0
340903,340903,340908,5,0
340903,340903,340908,5,0
340903,340905,340908,3,2
340903,340903,340907,4,0
340903,340903,340907,4,0
340903,340905,340908,3,2
340903,340903,340908,5,0
340903,340903,340908,5,0
340903,340905,340908,3,2
340903,340903,340908,5,0
340903,340908,340909,1,5
340903,340903,340909,6,0
340903,340908,340910,2,5
340903,340908,340910,2,5
340903,340908,340910,2,5
340903,340908,340909,1,5
340903,340908,340910,2,5
340903,340908,340910,2,5
340903,340908,340910,2,5
340903,340907,340910,3,4
340903,340907,340909,2,4
340903,340909,340910,1,6
340903,340909,340910,1,6
340903,340903,340910,7,0
340903,340903,340913,10,0
340918,340918,340919,1,0
340918,340918,340919,1,0
340918,340918,340919,1,0
340918,340918,340922,4,0
340918,340918,340921,3,0
340918,340918,340921,3,0
340918,340919,340922,3,1
340918,340918,340921,3,0
340918,340918,340922,4,0
340918,340918,340922,4,0
340918,340918,340923,5,0
340918,340920,340923,3,2
340918,340918,340922,4,0
340918,340920,340923,3,2
340918,340918,340923,5,0
340918,340922,340924,2,4
340918,340922,340924,2,4
340918,340922,340923,1,4
340918,340922,340924,2,4
340918,340918,340923,5,0
340918,340918,340925,7,0
340918,340922,340924,2,4
340918,340922,340924,2,4
340918,340923,340924,1,5
340918,340918,340924,6,0
340918,340924,340925,1,6
340918,340923,340924,1,5
340918,340923,340924,1,5
340918,340923,340924,1,5
340918,340923,340925,2,5
340918,340918,340927,9,0
340932,340932,340933,1,0
340932,340932,340933,1,0
340932,340932,340933,1,0
340932,340932,340935,3,0
340932,340932,340935,3,0
340932,340932,340935,3,0
340932,340932,340936,4,0
340932,340932,340936,4,0
340932,340932,340936,4,0
340932,340932,340935,3,0
340932,340932,340935,3,0
340932,340932,340936,4,0
340932,340934,340937,3,2
340932,340934,340937,3,2
340932,340934,340937,3,2
340932,340932,340937,5,0
340932,340936,340937,1,4
340932,340936,340938,2,4
340932,340936,340938,2,4
340932,340937,340938,1,5
340932,340935,340938,3,3
340932,340936,340938,2,4
340932,340936,340938,2,4
340932,340936,340938,2,4
340932,340935,340938,3,3
340932,340936,340938,2,4
340932,340937,340938,1,5
340932,340932,340938,6,0
340932,340937,340938,1,5
340932,340932,340939,7,0
340932,340932,340942,10,0
340947,340947,340948,1,0
340947,340947,340948,1,0
340947,340947,340948,1,0
340947,340947,340950,3,0
340947,340947,340950,3,0
340947,340947,340950,3,0
340947,340948,340951,3,1
340947,340947,340950,3,0
340947,340947,340951,4,0
340947,340948,340951,3,1
340947,340947,340951,4,0
340947,340947,340951,4,0
340947,340947,340950,3,0
340947,340947,340952,5,0
340947,340949,340951,2,2
340947,340947,340951,4,0
340947,340950,340952,2,3
340947,340947,340953,6,0
340947,340951,340953,2,4
340947,340951,340953,2,4
340947,340951,340952,1,4
340947,340952,340953,1,5
340947,340952,340953,1,5
340947,340951,340952,1,4
340947,340951,340952,1,4
340947,340950,340952,2,3
340947,340951,340952,1,4
340947,340951,340952,1,4
340947,340951,340952,1,4
340947,340947,340953,6,0
340947,340947,340955,8,0
340960,340961,340962,1,1
340960,340961,340962,1,1
340960,340961,340962,1,1
340960,340961,340964,3,1
340960,340961,340964,3,1
340960,340961,340964,3,1
340960,340962,340964,2,2
340960,340961,340964,3,1
340960,340961,340964,3,1
340960,340961,340964,3,1
340960,340961,340964,3,1
340960,340961,340964,3,1
340960,340962,340964,2,2
340960,340961,340965,4,1
340960,340963,340965,2,3
340960,340961,340965,4,1
340960,340963,340965,2,3
340960,340964,340965,1,4
340960,340964,340966,2,4
340960,340965,340966,1,5
340960,340965,340966,1,5
340960,340966,340967,1,6
340960,340965,340966,1,5
340960,340965,340966,1,5
340960,340965,340966,1,5
340960,340961,340966,5,1
340960,340965,340966,1,5
340960,340965,340966,1,5
340960,340965,340966,1,5
340960,340961,340967,6,1
340972,340972,340973,1,0
340972,340972,340973,1,0
340972,340972,340973,1,0
340972,340972,340975,3,0
340972,340972,340975,3,0
340972,340974,340976,2,2
340972,340972,340976,4,0
340972,340974,340976,2,2
340972,340972,340976,4,0
340972,340972,340976,4,0
340972,340972,340976,4,0
340972,340972,340976,4,0
340972,340974,340976,2,2
340972,340972,340976,4,0
340972,340972,340977,5,0
340972,340972,340976,4,0
340972,340972,340977,5,0
340972,340976,340977,1,4
340972,340972,340978,6,0
340972,340976,340978,2,4
340972,340976,340978,2,4
340972,340976,340977,1,4
340972,340976,340978,2,4
340972,340976,340978,2,4
340972,340972,340978,6,0
340972,340976,340978,2,4
340972,340976,340978,2,4
340972,340976,340978,2,4
340972,340977,340978,1,5
340972,340977,340978,1,5
340972,340977,340979,2,5
340984,340984,340985,1,0
340984,340984,340985,1,0
340984,340984,340985,1,0
340984,340984,340986,2,0
340984,340984,340986,2,0
340984,340985,340987,2,1
340984,340984,340986,2,0
340984,340984,340988,4,0
340984,340984,340987,3,0
340984,340986,340987,1,2
340984,340986,340987,1,2
340984,340984,340987,3,0
340984,340984,340987,3,0
340984,340984,340987,3,0
340984,340984,340987,3,0
340984,340984,340988,4,0
340984,340987,340989,2,3
340984,340984,340988,4,0
340984,340984,340988,4,0
340984,340987,340988,1,3
340984,340987,340988,1,3
340984,340987,340988,1,3
340984,340988,340989,1,4
340984,340988,340989,1,4
340984,340988,340989,1,4
340984,340988,340989,1,4
340984,340988,340989,1,4
340984,340988,340989,1,4
340984,340988,340989,1,4
340984,340988,340989,1,4
340984,340984,340991,7,0
340995,340996,340997,1,1
340995,340996,340997,1,1
340995,340996,340998,2,1
340995,340996,340998,2,1
340995,340996,340998,2,1
340995,340996,340999,3,1
340995,340996,340999,3,1
340995,340996,340999,3,1
340995,340997,340999,2,2
340995,340996,340999,3,1
340995,340998,341000,2,3
340995,340996,340999,3,1
340995,340996,340999,3,1
340995,340997,340999,2,2
340995,340996,341000,4,1
340995,340999,341001,2,4
340995,340999,341000,1,4
340995,340996,341000,4,1
340995,340999,341000,1,4
340995,341000,341001,1,5
340995,341000,341001,1,5
340995,341000,341001,1,5
340995,341000,341001,1,5
340995,341000,341001,1,5
340995,341000,341001,1,5
340995,340996,341002,6,1
340995,341000,341001,1,5
340995,341000,341001,1,5
340995,341000,341001,1,5
340995,340996,341004,8,1
341009,341009,341010,1,0
341009,341009,341010,1,0
341009,341009,341011,2,0
341009,341009,341011,2,0
341009,341009,341011,2,0
341009,341009,341012,3,0
341009,341009,341011,2,0
341009,341009,341012,3,0
341009,341010,341012,2,1
341009,341009,341012,3,0
341009,341011,341013,2,2
341009,341009,341013,4,0
341009,341011,341013,2,2
341009,341011,341013,2,2
341009,341012,341014,2,3
341009,341011,341013,2,2
341009,341012,341013,1,3
341009,341012,341014,2,3
341009,341012,341014,2,3
341009,341009,341015,6,0
341009,341009,341014,5,0
341009,341013,341015,2,4
341009,341013,341014,1,4
341009,341009,341015,6,0
341009,341014,341015,1,5
341009,341009,341016,7,0
341009,341014,341015,1,5
341009,341014,341015,1,5
341009,341009,341015,6,0
341009,341009,341017,8,0
341023,341023,341024,1,0
341023,341023,341024,1,0
341023,341023,341024,1,0
341023,341023,341025,2,0
341023,341023,341025,2,0
341023,341023,341026,3,0
341023,341023,341026,3,0
341023,341023,341025,2,0
341023,341024,341026,2,1
341023,341023,341026,3,0
341023,341025,341027,2,2
341023,341023,341027,4,0
341023,341023,341027,4,0
341023,341025,341027,2,2
341023,341025,341027,2,2
341023,341026,341028,2,3
341023,341025,341027,2,2
341023,341026,341027,1,3
341023,341026,341028,2,3
341023,341026,341028,2,3
341023,341028,341029,1,5
341023,341023,341029,6,0
341023,341027,341029,2,4
341023,341027,341028,1,4
341023,341027,341028,1,4
341023,341027,341028,1,4
341023,341027,341028,1,4
341023,341023,341029,6,0
341023,341023,341030,7,0
341023,341023,341030,7,0
341023,341023,341029,6,0
341035,341035,341036,1,0
341035,341035,341036,1,0
341035,341035,341036,1,0
341035,341035,341037,2,0
341035,341035,341037,2,0
341035,341035,341037,2,0
341035,341036,341038,2,1
341035,341035,341038,3,0
341035,341036,341038,2,1
341035,341035,341038,3,0
341035,341035,341039,4,0
341035,341037,341039,2,2
341035,341037,341039,2,2
341035,341035,341039,4,0
341035,341038,341040,2,3
341035,341035,341039,4,0
341035,341038,341040,2,3
341035,341039,341040,1,4
341035,341035,341040,5,0
341035,341037,341039,2,2
341035,341038,341040,2,3
341035,341035,341041,6,0
341035,341038,341040,2,3
341035,341038,341040,2,3
341035,341035,341041,6,0
341035,341039,341040,1,4
341035,341039,341041,2,4
341035,341039,341040,1,4
341035,341040,341041,1,5
341035,341035,341041,6,0
341035,341035,341042,7,0
341047,341047,341048,1,0
341047,341047,341048,1,0
341047,341047,341049,2,0
341047,341047,341048,1,0
341047,341047,341049,2,0
341047,341047,341049,2,0
341047,341047,341049,2,0
341047,341047,341050,3,0
341047,341048,341050,2,1
341047,341047,341051,4,0
341047,341049,341051,2,2
341047,341047,341051,4,0
341047,341049,341051,2,2
341047,341047,341051,4,0
341047,341050,341051,1,3
341047,341047,341052,5,0
341047,341049,341052,3,2
341047,341049,341051,2,2
341047,341051,341052,1,4
341047,341051,341052,1,4
341047,341051,341052,1,4
341047,341052,341053,1,5
341047,341052,341053,1,5
341047,341052,341053,1,5
341047,341052,341053,1,5
341047,341052,341053,1,5
341047,341047,341053,6,0
341047,341052,341053,1,5
341047,341047,341054,7,0
341047,341047,341054,7,0
341047,341047,341054,7,0
341059,341059,341060,1,0
341059,341059,341060,1,0
341059,341059,341061,2,0
341059,341059,341060,1,0
341059,341059,341060,1,0
341059,341059,341061,2,0
341059,341059,341060,1,0
341059,341059,341062,3,0
341059,341059,341061,2,0
341059,341060,341061,1,1
341059,341059,341061,2,0
341059,341059,341063,4,0
341059,341061,341063,2,2
341059,341059,341062,3,0
341059,341061,341063,2,2
341059,341061,341063,2,2
341059,341061,341063,2,2
341059,341061,341063,2,2
341059,341062,341064,2,3
341059,341062,341063,1,3
341059,341062,341064,2,3
341059,341061,341063,2,2
341059,341063,341064,1,4
341059,341062,341063,1,3
341059,341063,341064,1,4
341059,341059,341064,5,0
341059,341059,341065,6,0
341059,341063,341064,1,4
341059,341063,341064,1,4
341059,341059,341064,5,0
341059,341059,341065,6,0
341069,341069,341070,1,0
341069,341069,341070,1,0
341069,341069,341071,2,0
341069,341069,341071,2,0
341069,341069,341071,2,0
341069,341070,341072,2,1
341069,341069,341071,2,0
341069,341070,341072,2,1
341069,341069,341072,3,0
341069,341069,341072,3,0
341069,341071,341073,2,2
341069,341071,341073,2,2
341069,341069,341073,4,0
341069,341069,341072,3,0
341069,341069,341073,4,0
341069,341071,341073,2,2
341069,341072,341074,2,3
341069,341069,341074,5,0
341069,341072,341074,2,3
341069,341072,341074,2,3
341069,341072,341074,2,3
341069,341073,341074,1,4
341069,341073,341075,2,4
341069,341073,341075,2,4
341069,341073,341075,2,4
341069,341069,341075,6,0
341069,341073,341075,2,4
341069,341073,341075,2,4
341069,341069,341075,6,0
341069,341069,341075,6,0
341069,341069,341076,7,0
341082,341082,341083,1,0
341082,341082,341083,1,0
341082,341082,341083,1,0
341082,341082,341083,1,0
341082,341082,341084,2,0
341082,341082,341085,3,0
341082,341082,341084,2,0
341082,341082,341084,2,0
341082,341082,341086,4,0
341082,341082,341085,3,0
341082,341084,341085,1,2
341082,341084,341085,1,2
341082,341084,341085,1,2
341082,341084,341086,2,2
341082,341085,341087,2,3
341082,341085,341087,2,3
341082,341082,341087,5,0
341082,341085,341087,2,3
341082,341082,341087,5,0
341082,341085,341087,2,3
341082,341086,341087,1,4
341082,341086,341087,1,4
341082,341086,341088,2,4
341082,341082,341087,5,0
341082,341086,341087,1,4
341082,341087,341088,1,5
341082,341086,341087,1,4
341082,341082,341088,6,0
341082,341086,341087,1,4
341082,341082,341088,6,0
341082,341082,341088,6,0
341093,341094,341095,1,1
341093,341094,341095,1,1
341093,341094,341095,1,1
341093,341094,341095,1,1
341093,341094,341096,2,1
341093,341094,341096,2,1
341093,341094,341096,2,1
341093,341095,341096,1,2
341093,341094,341096,2,1
341093,341094,341096,2,1
341093,341096,341097,1,3
341093,341096,341097,1,3
341093,341096,341097,1,3
341093,341096,341097,1,3
341093,341096,341097,1,3
341093,341097,341098,1,4
341093,341097,341098,1,4
341093,341097,341098,1,4
341093,341094,341098,4,1
341093,341097,341098,1,4
341093,341097,341098,1,4
341093,341098,341099,1,5
341093,341094,341099,5,1
341093,341098,341099,1,5
341093,341094,341099,5,1
341093,341098,341099,1,5
341093,341098,341099,1,5
341093,341094,341100,6,1
341093,341094,341099,5,1
341093,341094,341100,6,1
341106,341106,341107,1,0
341106,341106,341107,1,0
341106,341106,341107,1,0
341106,341106,341107,1,0
341106,341106,341107,1,0
341106,341106,341107,1,0
341106,341106,341107,1,0
341106,341106,341108,2,0
341106,341106,341108,2,0
341106,341107,341108,1,1
341106,341106,341109,3,0
341106,341108,341109,1,2
341106,341108,341110,2,2
341106,341106,341110,4,0
341106,341108,341109,1,2
341106,341108,341109,1,2
341106,341108,341109,1,2
341106,341108,341109,1,2
341106,341109,341110,1,3
341106,341109,341110,1,3
341106,341110,341111,1,4
341106,341106,341111,5,0
341106,341106,341110,4,0
341106,341109,341110,1,3
341106,341106,341112,6,0
341106,341106,341112,6,0
341106,341110,341111,1,4
341106,341110,341111,1,4
341106,341110,341111,1,4
341106,341106,341111,5,0
341106,341110,341111,1,4
341116,341117,341118,1,1
341116,341117,341118,1,1
341116,341117,341118,1,1
341116,341117,341118,1,1
341116,341117,341118,1,1
341116,341117,341118,1,1
341116,341117,341118,1,1
341116,341118,341119,1,2
341116,341117,341119,2,1
341116,341118,341119,1,2
341116,341117,341121,4,1
341116,341119,341120,1,3
341116,341119,341120,1,3
341116,341119,341120,1,3
341116,341119,341120,1,3
341116,341117,341120,3,1
341116,341119,341120,1,3
341116,341117,341122,5,1
341116,341117,341121,4,1
341116,341120,341121,1,4
341116,341117,341121,4,1
341116,341120,341121,1,4
341116,341120,341121,1,4
341116,341117,341121,4,1
341116,341121,341122,1,5
341116,341117,341122,5,1
341116,341117,341122,5,1
341116,341121,341122,1,5
341116,341121,341122,1,5
341116,341121,341122,1,5
341116,341121,341122,1,5
341127,341127,341128,1,0
341127,341127,341128,1,0
341127,341127,341128,1,0
341127,341127,341129,2,0
341127,341127,341129,2,0
341127,341127,341129,2,0
341127,341128,341130,2,1
341127,341127,341130,3,0
341127,341128,341130,2,1
341127,341129,341131,2,2
341127,341129,341131,2,2
341127,341127,341130,3,0
341127,341129,341131,2,2
341127,341127,341131,4,0
341127,341127,341131,4,0
341127,341129,341131,2,2
341127,341127,341132,5,0
341127,341127,341132,5,0
341127,341127,341132,5,0
341127,341127,341132,5,0
341127,341130,341132,2,3
341127,341127,341132,5,0
341127,341127,341132,5,0
341127,341130,341132,2,3
341127,341130,341132,2,3
341127,341131,341132,1,4
341127,341131,341133,2,4
341127,341131,341133,2,4
341127,341131,341133,2,4
341127,341131,341133,2,4
341127,341131,341133,2,4
341138,341138,341139,1,0
341138,341138,341140,2,0
341138,341138,341140,2,0
341138,341138,341140,2,0
341138,341138,341140,2,0
341138,341138,341139,1,0
341138,341138,341140,2,0
341138,341138,341141,3,0
341138,341138,341142,4,0
341138,341139,341141,2,1
341138,341138,341142,4,0
341138,341140,341141,1,2
341138,341140,341142,2,2
341138,341138,341142,4,0
341138,341140,341142,2,2
341138,341140,341142,2,2
341138,341138,341142,4,0
341138,341138,341142,4,0
341138,341140,341141,1,2
341138,341141,341142,1,3
341138,341141,341143,2,3
341138,341138,341143,5,0
341138,341138,341143,5,0
341138,341142,341143,1,4
341138,341138,341143,5,0
341138,341142,341143,1,4
341138,341142,341143,1,4
341138,341142,341144,2,4
341138,341142,341143,1,4
341138,341142,341144,2,4
341138,341142,341144,2,4
341149,341149,341150,1,0
341149,341149,341150,1,0
341149,341149,341150,1,0
341149,341149,341150,1,0
341149,341149,341150,1,0
341149,341149,341150,1,0
341149,341150,341151,1,1
341149,341149,341151,2,0
341149,341149,341152,3,0
341149,341149,341151,2,0
341149,341149,341152,3,0
341149,341149,341152,3,0
341149,341149,341152,3,0
341149,341151,341152,1,2
341149,341151,341152,1,2
341149,341149,341152,3,0
341149,341151,341152,1,2
341149,341151,341152,1,2
341149,341149,341152,3,0
341149,341151,341152,1,2
341149,341151,341152,1,2
341149,341149,341154,5,0
341149,341152,341153,1,3
341149,341149,341153,4,0
341149,341152,341153,1,3
341149,341152,341153,1,3
341149,341152,341153,1,3
341149,341152,341153,1,3
341149,341153,341154,1,4
341149,341153,341154,1,4
341149,341153,341154,1,4
341159,341159,341160,1,0
341159,341159,341160,1,0
341159,341159,341161,2,0
341159,341159,341160,1,0
341159,341159,341160,1,0
341159,341159,341160,1,0
341159,341159,341160,1,0
341159,341159,341161,2,0
341159,341159,341161,2,0
341159,341159,341161,2,0
341159,341159,341162,3,0
341159,341159,341162,3,0
341159,341159,341161,2,0
341159,341159,341162,3,0
341159,341159,341161,2,0
341159,341159,341161,2,0
341159,341160,341161,1,1
341159,341161,341162,1,2
341159,341161,341163,2,2
341159,341162,341163,1,3
341159,341161,341162,1,2
341159,341161,341162,1,2
341159,341161,341162,1,2
341159,341161,341162,1,2
341159,341161,341162,1,2
341159,341161,341163,2,2
341159,341161,341163,2,2
341159,341162,341163,1,3
341159,341162,341163,1,3
341159,341162,341163,1,3
341159,341162,341163,1,3
341168,341168,341169,1,0
341168,341168,341169,1,0
341168,341168,341169,1,0
341168,341168,341170,2,0
341168,341168,341170,2,0
341168,341168,341169,1,0
341168,341168,341170,2,0
341168,341168,341170,2,0
341168,341168,341170,2,0
341168,341168,341170,2,0
341168,341168,341170,2,0
341168,341170,341171,1,2
341168,341168,341170,2,0
341168,341168,341171,3,0
341168,341168,341171,3,0
341168,341169,341171,2,1
341168,341168,341171,3,0
341168,341169,341171,2,1
341168,341170,341172,2,2
341168,341170,341172,2,2
341168,341170,341172,2,2
341168,341171,341172,1,3
341168,341168,341172,4,0
341168,341171,341172,1,3
341168,341171,341172,1,3
341168,341171,341172,1,3
341168,341171,341172,1,3
341168,341171,341172,1,3
341168,341172,341173,1,4
341168,341172,341173,1,4
341168,341172,341173,1,4
341178,341178,341179,1,0
341178,341178,341179,1,0
341178,341178,341179,1,0
341178,341178,341179,1,0
341178,341178,341179,1,0
341178,341178,341180,2,0
341178,341178,341180,2,0
341178,341179,341180,1,1
341178,341178,341180,2,0
341178,341178,341179,1,0
341178,341178,341180,2,0
341178,341178,341179,1,0
341178,341178,341181,3,0
341178,341178,341180,2,0
341178,341179,341180,1,1
341178,341178,341180,2,0
341178,341179,341180,1,1
341178,341180,341181,1,2
341178,341179,341180,1,1
341178,341178,341182,4,0
341178,341180,341181,1,2
341178,341180,341181,1,2
341178,341180,341182,2,2
341178,341180,341181,1,2
341178,341181,341182,1,3
341178,341180,341181,1,2
341178,341180,341181,1,2
341178,341180,341182,2,2
341178,341178,341182,4,0
341178,341181,341182,1,3
341178,341181,341182,1,3
341187,341187,341188,1,0
341187,341187,341188,1,0
341187,341187,341188,1,0
341187,341187,341188,1,0
341187,341187,341189,2,0
341187,341187,341188,1,0
341187,341187,341188,1,0
341187,341187,341188,1,0
341187,341187,341189,2,0
341187,341187,341188,1,0
341187,341187,341189,2,0
341187,341187,341189,2,0
341187,341187,341189,2,0
341187,341187,341189,2,0
341187,341187,341189,2,0
341187,341188,341189,1,1
341187,341188,341189,1,1
341187,341189,341190,1,2
341187,341187,341191,4,0
341187,341189,341190,1,2
341187,341189,341190,1,2
341187,341189,341190,1,2
341187,341189,341190,1,2
341187,341189,341190,1,2
341187,341189,341190,1,2
341187,341189,341190,1,2
341187,341189,341190,1,2
341187,341190,341191,1,3
341187,341190,341191,1,3
341187,341190,341191,1,3
341187,341190,341191,1,3
341196,341196,341197,1,0
341196,341196,341197,1,0
341196,341196,341197,1,0
341196,341196,341198,2,0
341196,341196,341198,2,0
341196,341196,341197,1,0
341196,341196,341197,1,0
341196,341196,341197,1,0
341196,341196,341198,2,0
341196,341196,341197,1,0
341196,341196,341197,1,0
341196,341197,341198,1,1
341196,341196,341198,2,0
341196,341198,341199,1,2
341196,341198,341199,1,2
341196,341196,341199,3,0
341196,341196,341198,2,0
341196,341196,341198,2,0
341196,341196,341199,3,0
341196,341197,341198,1,1
341196,341198,341199,1,2
341196,341198,341199,1,2
341196,341198,341200,2,2
341196,341198,341200,2,2
341196,341199,341200,1,3
341196,341198,341199,1,2
341196,341198,341200,2,2
341196,341198,341199,1,2
341196,341198,341199,1,2
341196,341199,341201,2,3
341196,341199,341200,1,3
341205,341205,341206,1,0
341205,341205,341206,1,0
341205,341205,341206,1,0
341205,341205,341207,2,0
341205,341205,341206,1,0
341205,341205,341207,2,0
341205,341205,341207,2,0
341205,341205,341206,1,0
341205,341205,341207,2,0
341205,341205,341207,2,0
341205,341205,341206,1,0
341205,341205,341208,3,0
341205,341206,341208,2,1
341205,341207,341208,1,2
341205,341205,341208,3,0
341205,341205,341207,2,0
341205,341205,341207,2,0
341205,341207,341208,1,2
341205,341207,341208,1,2
341205,341207,341208,1,2
341205,341207,341208,1,2
341205,341207,341208,1,2
341205,341205,341209,4,0
341205,341207,341209,2,2
341205,341207,341208,1,2
341205,341207,341208,1,2
341205,341207,341209,2,2
341205,341208,341209,1,3
341205,341208,341209,1,3
341205,341208,341209,1,3
341205,341208,341209,1,3
341214,341214,341215,1,0
341214,341214,341215,1,0
341214,341214,341215,1,0
341214,341214,341216,2,0
341214,341214,341216,2,0
341214,341214,341216,2,0
341214,341214,341216,2,0
341214,341214,341216,2,0
341214,341214,341215,1,0
341214,341214,341216,2,0
341214,341216,341217,1,2
341214,341216,341217,1,2
341214,341214,341217,3,0
341214,341215,341217,2,1
341214,341216,341217,1,2
341214,341214,341217,3,0
341214,341214,341217,3,0
341214,341216,341217,1,2
341214,341216,341218,2,2
341214,341216,341218,2,2
341214,341216,341217,1,2
341214,341214,341217,3,0
341214,341216,341218,2,2
341214,341217,341218,1,3
341214,341217,341218,1,3
341214,341214,341218,4,0
341214,341217,341218,1,3
341214,341217,341218,1,3
341214,341214,341218,4,0
341214,341217,341219,2,3
341214,341217,341219,2,3
341223,341223,341224,1,0
341223,341223,341224,1,0
341223,341223,341224,1,0
341223,341223,341224,1,0
341223,341223,341225,2,0
341223,341223,341225,2,0
341223,341223,341224,1,0
341223,341223,341225,2,0
341223,341223,341224,1,0
341223,341223,341226,3,0
341223,341223,341225,2,0
341223,341225,341226,1,2
341223,341223,341226,3,0
341223,341223,341226,3,0
341223,341223,341225,2,0
341223,341224,341226,2,1
341223,341223,341226,3,0
341223,341225,341226,1,2
341223,341225,341226,1,2
341223,341226,341227,1,3
341223,341223,341227,4,0
341223,341225,341226,1,2
341223,341225,341226,1,2
341223,341225,341226,1,2
341223,341225,341226,1,2
341223,341225,341226,1,2
341223,341226,341227,1,3
341223,341226,341227,1,3
341223,341226,341227,1,3
341223,341226,341228,2,3
341223,341226,341228,2,3
341232,341232,341233,1,0
341232,341232,341234,2,0
341232,341232,341233,1,0
341232,341232,341236,4,0
341232,341232,341237,5,0
341232,341232,341236,4,0
341232,341234,341237,3,2
341232,341232,341238,6,0
341232,341234,341238,4,2
341232,341232,341237,5,0
341232,341234,341237,3,2
341232,341232,341238,6,0
341232,341236,341238,2,4
341232,341237,341239,2,5
341232,341232,341239,7,0
341232,341237,341239,2,5
341232,341237,341239,2,5
341232,341238,341240,2,6
341232,341238,341240,2,6
341232,341232,341240,8,0
341232,341238,341240,2,6
341232,341238,341239,1,6
341232,341238,341239,1,6
341232,341238,341240,2,6
341232,341239,341240,1,7
341232,341239,341240,1,7
341232,341232,341242,10,0
341232,341232,341242,10,0
341232,341232,341242,10,0
341232,341232,341242,10,0
341232,341232,341242,10,0
341247,341247,341248,1,0
341247,341247,341249,2,0
341247,341247,341248,1,0
341247,341247,341251,4,0
341247,341247,341251,4,0
341247,341249,341252,3,2
341247,341249,341252,3,2
341247,341247,341252,5,0
341247,341247,341253,6,0
341247,341247,341254,7,0
341247,341247,341253,6,0
341247,341249,341253,4,2
341247,341252,341254,2,5
341247,341247,341254,7,0
341247,341252,341254,2,5
341247,341252,341254,2,5
341247,341253,341255,2,6
341247,341247,341255,8,0
341247,341253,341255,2,6
341247,341253,341255,2,6
341247,341254,341255,1,7
341247,341254,341256,2,7
341247,341254,341255,1,7
341247,341254,341256,2,7
341247,341247,341256,9,0
341247,341254,341255,1,7
341247,341254,341255,1,7
341247,341247,341256,9,0
341247,341247,341257,10,0
341247,341247,341257,10,0
341247,341247,341257,10,0
341262,341262,341263,1,0
341262,341262,341263,1,0
341262,341262,341263,1,0
341262,341262,341266,4,0
341262,341262,341266,4,0
341262,341262,341266,4,0
341262,341262,341268,6,0
341262,341262,341267,5,0
341262,341264,341267,3,2
341262,341262,341268,6,0
341262,341264,341267,3,2
341262,341264,341267,3,2
341262,341262,341267,5,0
341262,341262,341268,6,0
341262,341267,341269,2,5
341262,341262,341268,6,0
341262,341266,341268,2,4
341262,341267,341269,2,5
341262,341268,341269,1,6
341262,341268,341269,1,6
341262,341268,341269,1,6
341262,341262,341269,7,0
341262,341268,341269,1,6
341262,341268,341269,1,6
341262,341268,341269,1,6
341262,341268,341269,1,6
341262,341262,341270,8,0
341262,341269,341270,1,7
341262,341269,341270,1,7
341262,341262,341271,9,0
341262,341262,341272,10,0
341277,341277,341279,2,0
341277,341277,341279,2,0
341277,341277,341279,2,0
341277,341277,341281,4,0
341277,341277,341282,5,0
341277,341280,341282,2,3
341277,341277,341282,5,0
341277,341277,341283,6,0
341277,341279,341283,4,2
341277,341277,341283,6,0
341277,341280,341283,3,3
341277,341277,341284,7,0
341277,341277,341284,7,0
341277,341277,341284,7,0
341277,341277,341284,7,0
341277,341282,341284,2,5
341277,341283,341284,1,6
341277,341277,341285,8,0
341277,341283,341285,2,6
341277,341283,341285,2,6
341277,341277,341285,8,0
341277,341284,341285,1,7
341277,341284,341285,1,7
341277,341284,341285,1,7
341277,341284,341285,1,7
341277,341285,341286,1,8
341277,341285,341286,1,8
341277,341285,341286,1,8
341277,341285,341286,1,8
341277,341277,341288,11,0
341277,341277,341287,10,0
341292,341292,341293,1,0
341292,341292,341293,1,0
341292,341292,341293,1,0
341292,341292,341296,4,0
341292,341292,341296,4,0
341292,341292,341296,4,0
341292,341294,341297,3,2
341292,341292,341297,5,0
341292,341294,341297,3,2
341292,341292,341297,5,0
341292,341294,341297,3,2
341292,341292,341298,6,0
341292,341292,341298,6,0
341292,341292,341298,6,0
341292,341292,341298,6,0
341292,341296,341299,3,4
341292,341297,341299,2,5
341292,341292,341298,6,0
341292,341297,341299,2,5
341292,341297,341299,2,5
341292,341298,341299,1,6
341292,341298,341299,1,6
341292,341298,341299,1,6
341292,341298,341299,1,6
341292,341299,341300,1,7
341292,341299,341300,1,7
341292,341299,341301,2,7
341292,341292,341301,9,0
341292,341299,341300,1,7
341292,341292,341301,9,0
341292,341292,341302,10,0
341307,341307,341308,1,0
341307,341307,341309,2,0
341307,341307,341308,1,0
341307,341307,341311,4,0
341307,341307,341311,4,0
341307,341309,341313,4,2
341307,341307,341313,6,0
341307,341309,341312,3,2
341307,341307,341313,6,0
341307,341309,341312,3,2
341307,341307,341313,6,0
341307,341311,341313,2,4
341307,341307,341314,7,0
341307,341312,341314,2,5
341307,341313,341315,2,6
341307,341313,341315,2,6
341307,341313,341315,2,6
341307,341307,341314,7,0
341307,341313,341314,1,6
341307,341307,341315,8,0
341307,341313,341314,1,6
341307,341314,341315,1,7
341307,341307,341316,9,0
341307,341314,341315,1,7
341307,341314,341315,1,7
341307,341314,341315,1,7
341307,341307,341317,10,0
341307,341307,341317,10,0
341307,341307,341316,9,0
341307,341307,341317,10,0
341307,341315,341316,1,8
341322,341322,341323,1,0
341322,341322,341323,1,0
341322,341322,341323,1,0
341322,341322,341325,3,0
341322,341322,341326,4,0
341322,341324,341327,3,2
341322,341324,341327,3,2
341322,341322,341327,5,0
341322,341324,341327,3,2
341322,341322,341328,6,0
341322,341326,341328,2,4
341322,341322,341328,6,0
341322,341322,341329,7,0
341322,341327,341329,2,5
341322,341322,341329,7,0
341322,341328,341329,1,6
341322,341322,341329,7,0
341322,341327,341329,2,5
341322,341328,341329,1,6
341322,341328,341329,1,6
341322,341329,341330,1,7
341322,341329,341330,1,7
341322,341329,341330,1,7
341322,341329,341330,1,7
341322,341329,341330,1,7
341322,341322,341332,10,0
341322,341330,341331,1,8
341322,341322,341331,9,0
341322,341322,341331,9,0
341322,341322,341331,9,0
341322,341322,341332,10,0
341336,341336,341338,2,0
341336,341336,341337,1,0
341336,341336,341338,2,0
341336,341336,341341,5,0
341336,341338,341341,3,2
341336,341336,341342,6,0
341336,341338,341342,4,2
341336,341336,341342,6,0
341336,341338,341341,3,2
341336,341336,341342,6,0
341336,341336,341343,7,0
341336,341341,341344,3,5
341336,341342,341344,2,6
341336,341342,341344,2,6
341336,341342,341344,2,6
341336,341336,341344,8,0
341336,341341,341344,3,5
341336,341343,341344,1,7
341336,341343,341344,1,7
341336,341342,341344,2,6
341336,341344,341345,1,8
341336,341336,341346,10,0
341336,341344,341345,1,8
341336,341336,341346,10,0
341336,341336,341346,10,0
341336,341344,341345,1,8
341336,341344,341346,2,8
341336,341336,341346,10,0
341336,341336,341346,10,0
341336,341336,341346,10,0
341336,341336,341346,10,0
341351,341351,341352,1,0
341351,341351,341352,1,0
341351,341351,341352,1,0
341351,341353,341356,3,2
341351,341351,341355,4,0
341351,341351,341356,5,0
341351,341353,341356,3,2
341351,341351,341356,5,0
341351,341351,341357,6,0
341351,341351,341357,6,0
341351,341351,341358,7,0
341351,341351,341358,7,0
341351,341357,341359,2,6
341351,341351,341359,8,0
341351,341357,341359,2,6
341351,341356,341359,3,5
341351,341357,341359,2,6
341351,341357,341359,2,6
341351,341352,341359,7,1
341351,341358,341359,1,7
341351,341357,341359,2,6
341351,341356,341359,3,5
341351,341351,341361,10,0
341351,341359,341360,1,8
341351,341351,341361,10,0
341351,341351,341361,10,0
341351,341359,341360,1,8
341351,341351,341361,10,0
341351,341359,341360,1,8
341351,341359,341360,1,8
341351,341351,341361,10,0
341366,341366,341367,1,0
341366,341366,341367,1,0
341366,341366,341367,1,0
341366,341366,341371,5,0
341366,341366,341371,5,0
341366,341366,341371,5,0
341366,341366,341371,5,0
341366,341368,341371,3,2
341366,341366,341372,6,0
341366,341368,341372,4,2
341366,341366,341372,6,0
341366,341368,341372,4,2
341366,341366,341374,8,0
341366,341371,341373,2,5
341366,341372,341374,2,6
341366,341372,341374,2,6
341366,341372,341374,2,6
341366,341373,341374,1,7
341366,341373,341375,2,7
341366,341366,341374,8,0
341366,341372,341374,2,6
341366,341373,341374,1,7
341366,341373,341374,1,7
341366,341374,341375,1,8
341366,341366,341376,10,0
341366,341374,341375,1,8
341366,341374,341375,1,8
341366,341366,341375,9,0
341366,341366,341376,10,0
341366,341366,341375,9,0
341366,341366,341376,10,0
341381,341381,341382,1,0
341381,341381,341382,1,0
341381,341381,341382,1,0
341381,341381,341385,4,0
341381,341381,341385,4,0
341381,341381,341386,5,0
341381,341381,341386,5,0
341381,341383,341386,3,2
341381,341381,341387,6,0
341381,341383,341386,3,2
341381,341381,341387,6,0
341381,341383,341387,4,2
341381,341381,341387,6,0
341381,341386,341388,2,5
341381,341386,341388,2,5
341381,341387,341389,2,6
341381,341387,341388,1,6
341381,341387,341388,1,6
341381,341387,341388,1,6
341381,341387,341388,1,6
341381,341388,341389,1,7
341381,341381,341389,8,0
341381,341388,341389,1,7
341381,341388,341389,1,7
341381,341389,341390,1,8
341381,341389,341390,1,8
341381,341381,341390,9,0
341381,341381,341390,9,0
341381,341381,341390,9,0
341381,341381,341390,9,0
341381,341381,341390,9,0
341395,341395,341397,2,0
341395,341395,341397,2,0
341395,341395,341397,2,0
341395,341396,341400,4,1
341395,341396,341400,4,1
341395,341398,341400,2,3
341395,341396,341401,5,1
341395,341396,341401,5,1
341395,341398,341401,3,3
341395,341396,341401,5,1
341395,341396,341402,6,1
341395,341398,341402,4,3
341395,341402,341404,2,7
341395,341402,341403,1,7
341395,341402,341404,2,7
341395,341401,341403,2,6
341395,341401,341403,2,6
341395,341402,341403,1,7
341395,341396,341404,8,1
341395,341403,341404,1,8
341395,341403,341404,1,8
341395,341396,341404,8,1
341395,341401,341404,3,6
341395,341396,341404,8,1
341395,341396,341404,8,1
341395,341404,341405,1,9
341395,341396,341405,9,1
341395,341396,341405,9,1
341395,341396,341405,9,1
341395,341404,341405,1,9
341395,341404,341405,1,9
341410,341410,341412,2,0
341410,341410,341412,2,0
341410,341410,341412,2,0
341410,341410,341415,5,0
341410,341412,341415,3,2
341410,341410,341416,6,0
341410,341410,341416,6,0
341410,341412,341416,4,2
341410,341412,341416,4,2
341410,341410,341416,6,0
341410,341410,341417,7,0
341410,341410,341417,7,0
341410,341416,341418,2,6
341410,341417,341418,1,7
341410,341417,341418,1,7
341410,341410,341418,8,0
341410,341417,341418,1,7
341410,341416,341418,2,6
341410,341416,341418,2,6
341410,341417,341418,1,7
341410,341410,341419,9,0
341410,341418,341419,1,8
341410,341410,341419,9,0
341410,341418,341419,1,8
341410,341410,341420,10,0
341410,341418,341419,1,8
341410,341410,341420,10,0
341410,341410,341420,10,0
341410,341419,341420,1,9
341410,341419,341420,1,9
341410,341410,341420,10,0
341425,341425,341426,1,0
341425,341425,341427,2,0
341425,341425,341426,1,0
341425,341425,341430,5,0
341425,341425,341430,5,0
341425,341425,341431,6,0
341425,341425,341431,6,0
341425,341427,341431,4,2
341425,341425,341431,6,0
341425,341427,341430,3,2
341425,341427,341431,4,2
341425,341425,341432,7,0
341425,341431,341433,2,6
341425,341431,341433,2,6
341425,341431,341433,2,6
341425,341425,341433,8,0
341425,341431,341433,2,6
341425,341431,341433,2,6
341425,341430,341433,3,5
341425,341425,341434,9,0
341425,341432,341434,2,7
341425,341425,341434,9,0
341425,341430,341434,4,5
341425,341433,341434,1,8
341425,341433,341435,2,8
341425,341433,341435,2,8
341425,341425,341435,10,0
341425,341425,341435,10,0
341425,341425,341435,10,0
341425,341425,341435,10,0
341425,341433,341435,2,8
341440,341440,341442,2,0
341440,341440,341442,2,0
341440,341440,341442,2,0
341440,341440,341445,5,0
341440,341440,341446,6,0
341440,341440,341446,6,0
341440,341440,341446,6,0
341440,341442,341446,4,2
341440,341440,341446,6,0
341440,341443,341446,3,3
341440,341442,341447,5,2
341440,341445,341448,3,5
341440,341440,341448,8,0
341440,341440,341448,8,0
341440,341446,341448,2,6
341440,341440,341448,8,0
341440,341447,341448,1,7
341440,341447,341448,1,7
341440,341440,341448,8,0
341440,341447,341448,1,7
341440,341447,341448,1,7
341440,341446,341449,3,6
341440,341448,341449,1,8
341440,341440,341450,10,0
341440,341440,341450,10,0
341440,341449,341450,1,9
341440,341440,341450,10,0
341440,341449,341450,1,9
341440,341449,341450,1,9
341440,341449,341450,1,9
341440,341440,341450,10,0
341455,341455,341456,1,0
341455,341455,341456,1,0
341455,341455,341456,1,0
341455,341455,341459,4,0
341455,341455,341460,5,0
341455,341457,341460,3,2
341455,341456,341460,4,1
341455,341455,341460,5,0
341455,341456,341460,4,1
341455,341455,341461,6,0
341455,341455,341462,7,0
341455,341455,341462,7,0
341455,341460,341462,2,5
341455,341459,341462,3,4
341455,341460,341462,2,5
341455,341455,341463,8,0
341455,341461,341463,2,6
341455,341455,341463,8,0
341455,341455,341463,8,0
341455,341460,341462,2,5
341455,341461,341463,2,6
341455,341460,341463,3,5
341455,341462,341464,2,7
341455,341455,341464,9,0
341455,341462,341464,2,7
341455,341462,341464,2,7
341455,341462,341464,2,7
341455,341462,341463,1,7
341455,341455,341465,10,0
341455,341455,341465,10,0
341455,341455,341465,10,0
341470,341470,341471,1,0
341470,341470,341471,1,0
341470,341470,341471,1,0
341470,341470,341474,4,0
341470,341470,341475,5,0
341470,341472,341475,3,2
341470,341470,341475,5,0
341470,341472,341476,4,2
341470,341470,341475,5,0
341470,341471,341475,4,1
341470,341470,341477,7,0
341470,341475,341477,2,5
341470,341476,341478,2,6
341470,341470,341477,7,0
341470,341475,341477,2,5
341470,341476,341478,2,6
341470,341470,341478,8,0
341470,341476,341478,2,6
341470,341476,341478,2,6
341470,341470,341478,8,0
341470,341475,341477,2,5
341470,341470,341479,9,0
341470,341470,341478,8,0
341470,341477,341478,1,7
341470,341470,341479,9,0
341470,341470,341480,10,0
341470,341478,341479,1,8
341470,341478,341479,1,8
341470,341478,341479,1,8
341470,341478,341479,1,8
341470,341470,341480,10,0
341485,341485,341487,2,0
341485,341485,341486,1,0
341485,341485,341487,2,0
341485,341485,341490,5,0
341485,341485,341490,5,0
341485,341485,341491,6,0
341485,341487,341491,4,2
341485,341488,341491,3,3
341485,341485,341491,6,0
341485,341487,341491,4,2
341485,341490,341492,2,5
341485,341485,341493,8,0
341485,341491,341493,2,6
341485,341485,341492,7,0
341485,341490,341493,3,5
341485,341491,341493,2,6
341485,341491,341493,2,6
341485,341492,341494,2,7
341485,341491,341494,3,6
341485,341485,341494,9,0
341485,341492,341494,2,7
341485,341485,341495,10,0
341485,341485,341495,10,0
341485,341485,341495,10,0
341485,341485,341495,10,0
341485,341493,341495,2,8
341485,341493,341495,2,8
341485,341493,341495,2,8
341485,341493,341495,2,8
341485,341485,341495,10,0
341485,341485,341495,10,0
341500,341500,341501,1,0
341500,341500,341502,2,0
341500,341501,341502,1,1
341500,341500,341505,5,0
341500,341501,341505,4,1
341500,341502,341506,4,2
341500,341501,341505,4,1
341500,341503,341505,2,3
341500,341501,341506,5,1
341500,341503,341506,3,3
341500,341506,341508,2,6
341500,341501,341507,6,1
341500,341506,341507,1,6
341500,341506,341508,2,6
341500,341506,341508,2,6
341500,341501,341508,7,1
341500,341507,341508,1,7
341500,341507,341508,1,7
341500,341506,341508,2,6
341500,341500,341509,9,0
341500,341501,341510,9,1
341500,341508,341509,1,8
341500,341508,341509,1,8
341500,341508,341509,1,8
341500,341501,341510,9,1
341500,341501,341510,9,1
341500,341509,341510,1,9
341500,341509,341510,1,9
341500,341500,341511,11,0
341500,341500,341510,10,0
341500,341501,341511,10,1
341516,341516,341517,1,0
341516,341516,341518,2,0
341516,341516,341517,1,0
341516,341516,341521,5,0
341516,341518,341521,3,2
341516,341516,341521,5,0
341516,341516,341520,4,0
341516,341518,341522,4,2
341516,341516,341521,5,0
341516,341516,341522,6,0
341516,341518,341523,5,2
341516,341516,341523,7,0
341516,341516,341524,8,0
341516,341516,341524,8,0
341516,341521,341524,3,5
341516,341522,341524,2,6
341516,341521,341524,3,5
341516,341521,341523,2,5
341516,341521,341523,2,5
341516,341522,341524,2,6
341516,341523,341525,2,7
341516,341523,341524,1,7
341516,341523,341525,2,7
341516,341516,341526,10,0
341516,341516,341526,10,0
341516,341524,341525,1,8
341516,341516,341526,10,0
341516,341524,341525,1,8
341516,341516,341526,10,0
341516,341516,341526,10,0
341516,341524,341526,2,8
341531,341531,341532,1,0
341531,341531,341533,2,0
341531,341531,341533,2,0
341531,341531,341536,5,0
341531,341533,341536,3,2
341531,341531,341536,5,0
341531,341531,341537,6,0
341531,341533,341537,4,2
341531,341531,341537,6,0
341531,341531,341536,5,0
341531,341531,341537,6,0
341531,341531,341538,7,0
341531,341533,341538,5,2
341531,341537,341539,2,6
341531,341536,341539,3,5
341531,341536,341538,2,5
341531,341536,341538,2,5
341531,341537,341539,2,6
341531,341531,341540,9,0
341531,341537,341539,2,6
341531,341537,341540,3,6
341531,341538,341540,2,7
341531,341538,341540,2,7
341531,341538,341540,2,7
341531,341539,341540,1,8
341531,341531,341540,9,0
341531,341531,341540,9,0
341531,341531,341541,10,0
341531,341531,341541,10,0
341531,341539,341541,2,8
341531,341531,341541,10,0
341546,341546,341547,1,0
341546,341546,341547,1,0
341546,341546,341548,2,0
341546,341546,341551,5,0
341546,341546,341551,5,0
341546,341548,341552,4,2
341546,341546,341551,5,0
341546,341548,341551,3,2
341546,341547,341551,4,1
341546,341546,341553,7,0
341546,341546,341553,7,0
341546,341546,341554,8,0
341546,341551,341554,3,5
341546,341552,341554,2,6
341546,341546,341553,7,0
341546,341552,341554,2,6
341546,341552,341554,2,6
341546,341551,341553,2,5
341546,341552,341554,2,6
341546,341553,341555,2,7
341546,341546,341555,9,0
341546,341553,341554,1,7
341546,341546,341556,10,0
341546,341546,341556,10,0
341546,341546,341556,10,0
341546,341546,341556,10,0
341546,341554,341556,2,8
341546,341554,341556,2,8
341546,341554,341556,2,8
341546,341554,341556,2,8
341546,341546,341556,10,0
341561,341561,341563,2,0
341561,341561,341563,2,0
341561,341561,341563,2,0
341561,341561,341566,5,0
341561,341561,341567,6,0
341561,341563,341567,4,2
341561,341561,341567,6,0
341561,341561,341567,6,0
341561,341563,341566,3,2
341561,341563,341568,5,2
341561,341561,341568,7,0
341561,341566,341569,3,5
341561,341567,341569,2,6
341561,341567,341569,2,6
341561,341567,341569,2,6
341561,341568,341569,1,7
341561,341567,341569,2,6
341561,341567,341570,3,6
341561,341568,341570,2,7
341561,341569,341570,1,8
341561,341561,341571,10,0
341561,341561,341571,10,0
341561,341561,341571,10,0
341561,341561,341571,10,0
341561,341569,341571,2,8
341561,341569,341571,2,8
341561,341561,341571,10,0
341561,341561,341571,10,0
341561,341569,341571,2,8
341561,341561,341572,11,0
341561,341561,341572,11,0
341577,341577,341578,1,0
341577,341577,341579,2,0
341577,341577,341579,2,0
341577,341577,341582,5,0
341577,341577,341582,5,0
341577,341577,341582,5,0
341577,341578,341583,5,1
341577,341579,341583,4,2
341577,341579,341583,4,2
341577,341577,341584,7,0
341577,341577,341584,7,0
341577,341577,341584,7,0
341577,341582,341585,3,5
341577,341584,341585,1,7
341577,341584,341585,1,7
341577,341577,341585,8,0
341577,341583,341585,2,6
341577,341583,341585,2,6
341577,341577,341586,9,0
341577,341577,341586,9,0
341577,341584,341586,2,7
341577,341585,341586,1,8
341577,341585,341586,1,8
341577,341585,341586,1,8
341577,341577,341587,10,0
341577,341577,341587,10,0
341577,341586,341587,1,9
341577,341586,341587,1,9
341577,341577,341587,10,0
341577,341577,341587,10,0
341577,341586,341587,1,9
341592,341592,341593,1,0
341592,341592,341593,1,0
341592,341592,341594,2,0
341592,341592,341597,5,0
341592,341593,341597,4,1
341592,341592,341597,5,0
341592,341592,341597,5,0
341592,341594,341598,4,2
341592,341592,341598,6,0
341592,341595,341598,3,3
341592,341592,341599,7,0
341592,341592,341598,6,0
341592,341597,341600,3,5
341592,341598,341600,2,6
341592,341592,341600,8,0
341592,341597,341600,3,5
341592,341597,341599,2,5
341592,341592,341600,8,0
341592,341597,341599,2,5
341592,341598,341600,2,6
341592,341599,341601,2,7
341592,341599,341601,2,7
341592,341599,341601,2,7
341592,341592,341602,10,0
341592,341592,341602,10,0
341592,341600,341602,2,8
341592,341592,341602,10,0
341592,341592,341602,10,0
341592,341600,341602,2,8
341592,341592,341602,10,0
341592,341600,341601,1,8
341608,341608,341609,1,0
341608,341608,341609,1,0
341608,341608,341609,1,0
341608,341608,341613,5,0
341608,341608,341612,4,0
341608,341610,341614,4,2
341608,341608,341613,5,0
341608,341610,341613,3,2
341608,341610,341613,3,2
341608,341608,341614,6,0
341608,341608,341614,6,0
341608,341608,341615,7,0
341608,341613,341615,2,5
341608,341613,341615,2,5
341608,341614,341616,2,6
341608,341608,341615,7,0
341608,341614,341615,1,6
341608,341608,341617,9,0
341608,341614,341616,2,6
341608,341615,341616,1,7
341608,341614,341616,2,6
341608,341616,341617,1,8
341608,341615,341616,1,7
341608,341615,341616,1,7
341608,341608,341617,9,0
341608,341616,341617,1,8
341608,341616,341617,1,8
341608,341608,341617,9,0
341608,341608,341617,9,0
341608,341608,341617,9,0
341608,341608,341618,10,0
341623,341623,341624,1,0
341623,341623,341625,2,0
341623,341623,341624,1,0
341623,341623,341628,5,0
341623,341623,341628,5,0
341623,341625,341628,3,2
341623,341624,341628,4,1
341623,341623,341629,6,0
341623,341625,341629,4,2
341623,341623,341629,6,0
341623,341623,341630,7,0
341623,341623,341630,7,0
341623,341623,341629,6,0
341623,341623,341631,8,0
341623,341629,341631,2,6
341623,341629,341631,2,6
341623,341629,341631,2,6
341623,341628,341631,3,5
341623,341628,341631,3,5
341623,341629,341630,1,6
341623,341628,341630,2,5
341623,341623,341632,9,0
341623,341630,341632,2,7
341623,341630,341632,2,7
341623,341623,341632,9,0
341623,341630,341632,2,7
341623,341623,341632,9,0
341623,341623,341633,10,0
341623,341631,341632,1,8
341623,341631,341632,1,8
341623,341623,341633,10,0
341638,341638,341640,2,0
341638,341638,341640,2,0
341638,341638,341640,2,0
341638,341639,341643,4,1
341638,341638,341644,6,0
341638,341641,341644,3,3
341638,341638,341644,6,0
341638,341641,341644,3,3
341638,341638,341644,6,0
341638,341641,341645,4,3
341638,341639,341644,5,1
341638,341638,341646,8,0
341638,341638,341645,7,0
341638,341638,341645,7,0
341638,341645,341646,1,7
341638,341639,341646,7,1
341638,341644,341646,2,6
341638,341645,341646,1,7
341638,341645,341646,1,7
341638,341638,341647,9,0
341638,341638,341647,9,0
341638,341645,341647,2,7
341638,341645,341647,2,7
341638,341646,341647,1,8
341638,341645,341647,2,7
341638,341645,341647,2,7
341638,341646,341647,1,8
341638,341646,341647,1,8
341638,341638,341648,10,0
341638,341647,341648,1,9
341638,341638,341648,10,0
341653,341653,341654,1,0
341653,341653,341655,2,0
341653,341653,341655,2,0
341653,341653,341658,5,0
341653,341655,341658,3,2
341653,341653,341658,5,0
341653,341655,341659,4,2
341653,341653,341658,5,0
341653,341653,341659,6,0
341653,341653,341658,5,0
341653,341653,341660,7,0
341653,341653,341660,7,0
341653,341655,341659,4,2
341653,341653,341659,6,0
341653,341653,341659,6,0
341653,341658,341661,3,5
341653,341658,341660,2,5
341653,341659,341661,2,6
341653,341653,341661,8,0
341653,341659,341661,2,6
341653,341659,341661,2,6
341653,341658,341660,2,5
341653,341659,341661,2,6
341653,341660,341661,1,7
341653,341653,341661,8,0
341653,341660,341662,2,7
341653,341660,341661,1,7
341653,341660,341662,2,7
341653,341660,341662,2,7
341653,341653,341663,10,0
341653,341653,341663,10,0
341668,341668,341669,1,0
341668,341668,341670,2,0
341668,341668,341670,2,0
341668,341669,341672,3,1
341668,341668,341672,4,0
341668,341668,341673,5,0
341668,341668,341673,5,0
341668,341670,341673,3,2
341668,341668,341673,5,0
341668,341668,341673,5,0
341668,341668,341674,6,0
341668,341670,341673,3,2
341668,341668,341674,6,0
341668,341668,341673,5,0
341668,341673,341675,2,5
341668,341672,341675,3,4
341668,341673,341675,2,5
341668,341673,341675,2,5
341668,341673,341675,2,5
341668,341672,341675,3,4
341668,341673,341675,2,5
341668,341668,341676,8,0
341668,341674,341675,1,6
341668,341674,341675,1,6
341668,341668,341676,8,0
341668,341674,341675,1,6
341668,341674,341675,1,6
341668,341668,341676,8,0
341668,341675,341676,1,7
341668,341668,341678,10,0
341668,341668,341678,10,0
341683,341683,341685,2,0
341683,341683,341684,1,0
341683,341683,341685,2,0
341683,341683,341688,5,0
341683,341683,341688,5,0
341683,341683,341688,5,0
341683,341685,341688,3,2
341683,341683,341688,5,0
341683,341683,341688,5,0
341683,341685,341688,3,2
341683,341685,341689,4,2
341683,341683,341689,6,0
341683,341683,341689,6,0
341683,341683,341690,7,0
341683,341688,341690,2,5
341683,341689,341690,1,6
341683,341689,341690,1,6
341683,341689,341690,1,6
341683,341689,341690,1,6
341683,341683,341691,8,0
341683,341688,341691,3,5
341683,341689,341691,2,6
341683,341690,341691,1,7
341683,341683,341691,8,0
341683,341690,341691,1,7
341683,341691,341692,1,8
341683,341691,341692,1,8
341683,341683,341692,9,0
341683,341683,341693,10,0
341683,341683,341693,10,0
341698,341698,341699,1,0
341698,341698,341699,1,0
341698,341698,341699,1,0
341698,341698,341703,5,0
341698,341698,341703,5,0
341698,341700,341702,2,2
341698,341698,341703,5,0
341698,341698,341702,4,0
341698,341698,341703,5,0
341698,341700,341703,3,2
341698,341698,341704,6,0
341698,341700,341703,3,2
341698,341698,341704,6,0
341698,341698,341704,6,0
341698,341698,341705,7,0
341698,341698,341705,7,0
341698,341703,341705,2,5
341698,341703,341705,2,5
341698,341703,341705,2,5
341698,341703,341705,2,5
341698,341703,341705,2,5
341698,341704,341706,2,6
341698,341704,341706,2,6
341698,341704,341705,1,6
341698,341704,341705,1,6
341698,341704,341705,1,6
341698,341704,341705,1,6
341698,341705,341706,1,7
341698,341698,341708,10,0
341698,341698,341708,10,0
341698,341698,341707,9,0
341713,341713,341714,1,0
341713,341713,341714,1,0
341713,341713,341714,1,0
341713,341713,341717,4,0
341713,341713,341717,4,0
341713,341715,341718,3,2
341713,341713,341717,4,0
341713,341713,341718,5,0
341713,341715,341718,3,2
341713,341713,341719,6,0
341713,341715,341719,4,2
341713,341713,341718,5,0
341713,341713,341718,5,0
341713,341713,341720,7,0
341713,341713,341719,6,0
341713,341713,341720,7,0
341713,341718,341720,2,5
341713,341718,341720,2,5
341713,341717,341720,3,4
341713,341718,341720,2,5
341713,341719,341721,2,6
341713,341719,341720,1,6
341713,341719,341720,1,6
341713,341719,341720,1,6
341713,341719,341720,1,6
341713,341719,341721,2,6
341713,341720,341721,1,7
341713,341720,341721,1,7
341713,341713,341721,8,0
341713,341713,341722,9,0
341713,341713,341723,10,0
341727,341727,341729,2,0
341727,341728,341729,1,1
341727,341728,341729,1,1
341727,341728,341731,3,1
341727,341728,341733,5,1
341727,341730,341732,2,3
341727,341728,341733,5,1
341727,341728,341732,4,1
341727,341730,341733,3,3
341727,341728,341733,5,1
341727,341728,341733,5,1
341727,341728,341733,5,1
341727,341730,341733,3,3
341727,341728,341733,5,1
341727,341728,341734,6,1
341727,341733,341735,2,6
341727,341733,341734,1,6
341727,341728,341734,6,1
341727,341733,341734,1,6
341727,341732,341734,2,5
341727,341733,341735,2,6
341727,341728,341736,8,1
341727,341734,341735,1,7
341727,341735,341736,1,8
341727,341728,341735,7,1
341727,341734,341735,1,7
341727,341734,341735,1,7
341727,341734,341735,1,7
341727,341734,341735,1,7
341727,341734,341735,1,7
341727,341728,341737,9,1
341742,341742,341743,1,0
341742,341742,341743,1,0
341742,341742,341744,2,0
341742,341743,341746,3,1
341742,341743,341746,3,1
341742,341742,341747,5,0
341742,341742,341747,5,0
341742,341745,341747,2,3
341742,341742,341747,5,0
341742,341745,341747,2,3
341742,341745,341748,3,3
341742,341742,341748,6,0
341742,341743,341748,5,1
341742,341747,341749,2,5
341742,341742,341749,7,0
341742,341748,341749,1,6
341742,341742,341749,7,0
341742,341742,341749,7,0
341742,341748,341749,1,6
341742,341748,341749,1,6
341742,341748,341749,1,6
341742,341748,341749,1,6
341742,341747,341749,2,5
341742,341749,341750,1,7
341742,341749,341750,1,7
341742,341749,341750,1,7
341742,341749,341750,1,7
341742,341750,341751,1,8
341742,341742,341752,10,0
341742,341742,341752,10,0
341742,341742,341753,11,0
341757,341757,341758,1,0
341757,341757,341758,1,0
341757,341757,341758,1,0
341757,341757,341760,3,0
341757,341758,341761,3,1
341757,341757,341761,4,0
341757,341757,341761,4,0
341757,341759,341761,2,2
341757,341757,341762,5,0
341757,341758,341761,3,1
341757,341757,341761,4,0
341757,341757,341762,5,0
341757,341757,341763,6,0
341757,341757,341762,5,0
341757,341761,341763,2,4
341757,341762,341764,2,5
341757,341762,341763,1,5
341757,341760,341763,3,3
341757,341762,341764,2,5
341757,341762,341763,1,5
341757,341762,341764,2,5
341757,341762,341763,1,5
341757,341763,341764,1,6
341757,341763,341764,1,6
341757,341763,341764,1,6
341757,341763,341764,1,6
341757,341757,341766,9,0
341757,341757,341766,9,0
341757,341757,341766,9,0
341757,341757,341766,9,0
341757,341757,341766,9,0
341772,341772,341773,1,0
341772,341772,341773,1,0
341772,341772,341773,1,0
341772,341772,341775,3,0
341772,341773,341776,3,1
341772,341772,341775,3,0
341772,341773,341776,3,1
341772,341772,341776,4,0
341772,341772,341777,5,0
341772,341773,341776,3,1
341772,341772,341777,5,0
341772,341772,341777,5,0
341772,341776,341778,2,4
341772,341772,341777,5,0
341772,341775,341778,3,3
341772,341776,341778,2,4
341772,341772,341778,6,0
341772,341776,341778,2,4
341772,341777,341778,1,5
341772,341777,341778,1,5
341772,341772,341778,6,0
341772,341777,341778,1,5
341772,341777,341779,2,5
341772,341772,341780,8,0
341772,341778,341780,2,6
341772,341778,341779,1,6
341772,341778,341779,1,6
341772,341778,341780,2,6
341772,341772,341781,9,0
341772,341772,341782,10,0
341772,341772,341782,10,0
341786,341786,341787,1,0
341786,341786,341787,1,0
341786,341786,341787,1,0
341786,341786,341790,4,0
341786,341788,341791,3,2
341786,341786,341791,5,0
341786,341786,341791,5,0
341786,341786,341791,5,0
341786,341788,341791,3,2
341786,341786,341791,5,0
341786,341787,341791,4,1
341786,341787,341791,4,1
341786,341790,341792,2,4
341786,341786,341792,6,0
341786,341786,341793,7,0
341786,341791,341793,2,5
341786,341786,341793,7,0
341786,341792,341793,1,6
341786,341792,341793,1,6
341786,341786,341793,7,0
341786,341792,341793,1,6
341786,341792,341793,1,6
341786,341792,341793,1,6
341786,341792,341793,1,6
341786,341792,341793,1,6
341786,341793,341794,1,7
341786,341793,341794,1,7
341786,341793,341794,1,7
341786,341786,341795,9,0
341786,341786,341795,9,0
341786,341786,341796,10,0
341801,341801,341802,1,0
341801,341801,341802,1,0
341801,341801,341802,1,0
341801,341801,341804,3,0
341801,341801,341805,4,0
341801,341801,341806,5,0
341801,341801,341805,4,0
341801,341801,341806,5,0
341801,341802,341806,4,1
341801,341801,341806,5,0
341801,341801,341807,6,0
341801,341803,341806,3,2
341801,341801,341806,5,0
341801,341803,341806,3,2
341801,341801,341807,6,0
341801,341806,341808,2,5
341801,341806,341808,2,5
341801,341801,341808,7,0
341801,341806,341808,2,5
341801,341806,341808,2,5
341801,341801,341808,7,0
341801,341805,341808,3,4
341801,341805,341808,3,4
341801,341806,341807,1,5
341801,341807,341809,2,6
341801,341807,341809,2,6
341801,341807,341809,2,6
341801,341807,341809,2,6
341801,341807,341808,1,6
341801,341801,341811,10,0
341801,341801,341812,11,0
341818,341818,341820,2,0
341818,341818,341819,1,0
341818,341818,341819,1,0
341818,341818,341821,3,0
341818,341818,341822,4,0
341818,341818,341822,4,0
341818,341818,341822,4,0
341818,341818,341822,4,0
341818,341820,341823,3,2
341818,341818,341822,4,0
341818,341820,341823,3,2
341818,341818,341823,5,0
341818,341818,341824,6,0
341818,341822,341824,2,4
341818,341818,341823,5,0
341818,341820,341823,3,2
341818,341822,341824,2,4
341818,341818,341824,6,0
341818,341818,341824,6,0
341818,341821,341824,3,3
341818,341822,341824,2,4
341818,341823,341825,2,5
341818,341823,341825,2,5
341818,341823,341824,1,5
341818,341823,341825,2,5
341818,341823,341825,2,5
341818,341824,341825,1,6
341818,341824,341825,1,6
341818,341818,341826,8,0
341818,341824,341825,1,6
341818,341818,341828,10,0
341832,341832,341833,1,0
341832,341832,341834,2,0
341832,341832,341834,2,0
341832,341832,341836,4,0
341832,341832,341836,4,0
341832,341832,341836,4,0
341832,341832,341836,4,0
341832,341832,341836,4,0
341832,341832,341837,5,0
341832,341834,341837,3,2
341832,341833,341837,4,1
341832,341832,341837,5,0
341832,341832,341837,5,0
341832,341835,341837,2,3
341832,341832,341838,6,0
341832,341832,341838,6,0
341832,341837,341838,1,5
341832,341837,341838,1,5
341832,341837,341838,1,5
341832,341837,341838,1,5
341832,341832,341839,7,0
341832,341838,341839,1,6
341832,341838,341839,1,6
341832,341837,341839,2,5
341832,341838,341839,1,6
341832,341838,341839,1,6
341832,341838,341839,1,6
341832,341838,341839,1,6
341832,341832,341840,8,0
341832,341839,341840,1,7
341832,341832,341842,10,0
341846,341846,341848,2,0
341846,341846,341848,2,0
341846,341846,341848,2,0
341846,341847,341849,2,1
341846,341846,341850,4,0
341846,341846,341850,4,0
341846,341846,341850,4,0
341846,341846,341850,4,0
341846,341846,341850,4,0
341846,341847,341850,3,1
341846,341846,341851,5,0
341846,341849,341851,2,3
341846,341846,341851,5,0
341846,341846,341851,5,0
341846,341846,341853,7,0
341846,341849,341852,3,3
341846,341851,341852,1,5
341846,341849,341852,3,3
341846,341851,341852,1,5
341846,341846,341852,6,0
341846,341851,341852,1,5
341846,341850,341852,2,4
341846,341851,341852,1,5
341846,341851,341853,2,5
341846,341851,341853,2,5
341846,341852,341853,1,6
341846,341852,341853,1,6
341846,341852,341853,1,6
341846,341852,341853,1,6
341846,341853,341854,1,7
341846,341847,341854,7,1
341859,341859,341860,1,0
341859,341859,341860,1,0
341859,341859,341860,1,0
341859,341859,341861,2,0
341859,341859,341861,2,0
341859,341859,341862,3,0
341859,341859,341863,4,0
341859,341859,341863,4,0
341859,341859,341863,4,0
341859,341859,341863,4,0
341859,341859,341862,3,0
341859,341859,341863,4,0
341859,341859,341863,4,0
341859,341861,341864,3,2
341859,341862,341864,2,3
341859,341861,341864,3,2
341859,341862,341864,2,3
341859,341861,341864,3,2
341859,341861,341864,3,2
341859,341859,341864,5,0
341859,341863,341865,2,4
341859,341863,341864,1,4
341859,341864,341865,1,5
341859,341863,341865,2,4
341859,341863,341865,2,4
341859,341863,341865,2,4
341859,341863,341865,2,4
341859,341859,341865,6,0
341859,341859,341865,6,0
341859,341864,341865,1,5
341859,341864,341865,1,5
341871,341871,341872,1,0
341871,341871,341872,1,0
341871,341871,341872,1,0
341871,341871,341874,3,0
341871,341871,341875,4,0
341871,341871,341874,3,0
341871,341871,341874,3,0
341871,341872,341875,3,1
341871,341871,341874,3,0
341871,341871,341874,3,0
341871,341871,341875,4,0
341871,341871,341876,5,0
341871,341871,341875,4,0
341871,341873,341876,3,2
341871,341871,341875,4,0
341871,341873,341876,3,2
341871,341875,341877,2,4
341871,341875,341876,1,4
341871,341875,341877,2,4
341871,341875,341876,1,4
341871,341874,341876,2,3
341871,341875,341876,1,4
341871,341871,341877,6,0
341871,341875,341877,2,4
341871,341876,341877,1,5
341871,341876,341878,2,5
341871,341876,341877,1,5
341871,341876,341878,2,5
341871,341876,341877,1,5
341871,341871,341878,7,0
341871,341871,341879,8,0
341885,341885,341886,1,0
341885,341885,341886,1,0
341885,341885,341886,1,0
341885,341885,341888,3,0
341885,341885,341888,3,0
341885,341885,341888,3,0
341885,341885,341889,4,0
341885,341885,341889,4,0
341885,341885,341889,4,0
341885,341885,341888,3,0
341885,341885,341888,3,0
341885,341887,341890,3,2
341885,341885,341890,5,0
341885,341887,341890,3,2
341885,341885,341890,5,0
341885,341887,341890,3,2
341885,341888,341890,2,3
341885,341888,341890,2,3
341885,341885,341891,6,0
341885,341885,341890,5,0
341885,341889,341891,2,4
341885,341889,341891,2,4
341885,341889,341891,2,4
341885,341889,341891,2,4
341885,341890,341891,1,5
341885,341890,341891,1,5
341885,341888,341891,3,3
341885,341889,341891,2,4
341885,341890,341892,2,5
341885,341890,341891,1,5
341885,341885,341895,10,0
341900,341900,341901,1,0
341900,341900,341901,1,0
341900,341900,341901,1,0
341900,341900,341902,2,0
341900,341900,341903,3,0
341900,341900,341903,3,0
341900,341900,341904,4,0
341900,341900,341903,3,0
341900,341900,341904,4,0
341900,341900,341903,3,0
341900,341900,341904,4,0
341900,341900,341904,4,0
341900,341900,341904,4,0
341900,341900,341904,4,0
341900,341902,341905,3,2
341900,341900,341905,5,0
341900,341902,341905,3,2
341900,341902,341905,3,2
341900,341902,341905,3,2
341900,341904,341905,1,4
341900,341900,341905,5,0
341900,341904,341906,2,4
341900,341905,341906,1,5
341900,341904,341906,2,4
341900,341904,341906,2,4
341900,341904,341906,2,4
341900,341904,341905,1,4
341900,341904,341906,2,4
341900,341905,341906,1,5
341900,341905,341906,1,5
341900,341905,341907,2,5
341911,341911,341912,1,0
341911,341911,341913,2,0
341911,341911,341913,2,0
341911,341911,341913,2,0
341911,341911,341914,3,0
341911,341911,341915,4,0
341911,341911,341915,4,0
341911,341911,341915,4,0
341911,341911,341915,4,0
341911,341911,341915,4,0
341911,341912,341915,3,1
341911,341911,341915,4,0
341911,341911,341915,4,0
341911,341911,341916,5,0
341911,341911,341916,5,0
341911,341913,341916,3,2
341911,341913,341916,3,2
341911,341911,341916,5,0
341911,341914,341916,2,3
341911,341915,341916,1,4
341911,341911,341917,6,0
341911,341915,341917,2,4
341911,341915,341917,2,4
341911,341914,341916,2,3
341911,341915,341917,2,4
341911,341915,341917,2,4
341911,341916,341917,1,5
341911,341916,341917,1,5
341911,341916,341917,1,5
341911,341917,341918,1,6
341911,341917,341918,1,6
341923,341923,341924,1,0
341923,341923,341924,1,0
341923,341923,341924,1,0
341923,341923,341926,3,0
341923,341923,341926,3,0
341923,341923,341926,3,0
341923,341923,341926,3,0
341923,341923,341926,3,0
341923,341923,341926,3,0
341923,341923,341926,3,0
341923,341923,341926,3,0
341923,341924,341926,2,1
341923,341923,341926,3,0
341923,341923,341926,3,0
341923,341923,341927,4,0
341923,341923,341926,3,0
341923,341923,341928,5,0
341923,341925,341927,2,2
341923,341926,341928,2,3
341923,341925,341927,2,2
341923,341927,341928,1,4
341923,341927,341928,1,4
341923,341927,341928,1,4
341923,341927,341929,2,4
341923,341927,341928,1,4
341923,341927,341929,2,4
341923,341926,341928,2,3
341923,341927,341928,1,4
341923,341927,341928,1,4
341923,341926,341928,2,3
341923,341927,341928,1,4
341933,341933,341934,1,0
341933,341933,341934,1,0
341933,341933,341935,2,0
341933,341933,341935,2,0
341933,341933,341936,3,0
341933,341933,341937,4,0
341933,341933,341937,4,0
341933,341933,341936,3,0
341933,341933,341936,3,0
341933,341935,341937,2,2
341933,341933,341937,4,0
341933,341935,341937,2,2
341933,341933,341937,4,0
341933,341933,341937,4,0
341933,341933,341937,4,0
341933,341936,341937,1,3
341933,341933,341937,4,0
341933,341935,341937,2,2
341933,341933,341937,4,0
341933,341936,341938,2,3
341933,341938,341939,1,5
341933,341937,341939,2,4
341933,341937,341939,2,4
341933,341937,341939,2,4
341933,341937,341939,2,4
341933,341933,341939,6,0
341933,341937,341939,2,4
341933,341937,341939,2,4
341933,341937,341939,2,4
341933,341938,341939,1,5
341933,341938,341939,1,5
341945,341945,341946,1,0
341945,341945,341946,1,0
341945,341945,341946,1,0
341945,341945,341947,2,0
341945,341946,341948,2,1
341945,341945,341948,3,0
341945,341945,341947,2,0
341945,341945,341947,2,0
341945,341945,341948,3,0
341945,341945,341948,3,0
341945,341945,341947,2,0
341945,341945,341949,4,0
341945,341946,341948,2,1
341945,341945,341948,3,0
341945,341945,341948,3,0
341945,341947,341949,2,2
341945,341948,341949,1,3
341945,341948,341949,1,3
341945,341948,341949,1,3
341945,341948,341949,1,3
341945,341948,341949,1,3
341945,341948,341949,1,3
341945,341948,341949,1,3
341945,341945,341949,4,0
341945,341948,341949,1,3
341945,341945,341951,6,0
341945,341949,341950,1,4
341945,341949,341950,1,4
341945,341949,341950,1,4
341945,341949,341950,1,4
341945,341945,341951,6,0
341956,341956,341957,1,0
341956,341956,341957,1,0
341956,341956,341958,2,0
341956,341956,341957,1,0
341956,341956,341958,2,0
341956,341956,341959,3,0
341956,341956,341958,2,0
341956,341956,341959,3,0
341956,341958,341960,2,2
341956,341956,341960,4,0
341956,341958,341960,2,2
341956,341956,341959,3,0
341956,341958,341960,2,2
341956,341956,341961,5,0
341956,341959,341961,2,3
341956,341956,341961,5,0
341956,341958,341960,2,2
341956,341959,341961,2,3
341956,341958,341960,2,2
341956,341960,341961,1,4
341956,341956,341960,4,0
341956,341959,341961,2,3
341956,341960,341961,1,4
341956,341960,341961,1,4
341956,341960,341961,1,4
341956,341960,341962,2,4
341956,341956,341963,7,0
341956,341961,341962,1,5
341956,341961,341962,1,5
341956,341956,341964,8,0
341956,341956,341964,8,0
341970,341970,341971,1,0
341970,341970,341971,1,0
341970,341970,341972,2,0
341970,341970,341971,1,0
341970,341970,341971,1,0
341970,341970,341973,3,0
341970,341970,341973,3,0
341970,341970,341973,3,0
341970,341970,341972,2,0
341970,341970,341974,4,0
341970,341970,341973,3,0
341970,341970,341973,3,0
341970,341972,341974,2,2
341970,341972,341974,2,2
341970,341972,341974,2,2
341970,341970,341975,5,0
341970,341972,341974,2,2
341970,341972,341974,2,2
341970,341973,341975,2,3
341970,341973,341974,1,3
341970,341973,341975,2,3
341970,341973,341975,2,3
341970,341974,341975,1,4
341970,341974,341975,1,4
341970,341974,341975,1,4
341970,341974,341975,1,4
341970,341970,341975,5,0
341970,341974,341975,1,4
341970,341974,341975,1,4
341970,341970,341977,7,0
341970,341970,341977,7,0
341982,341982,341983,1,0
341982,341982,341983,1,0
341982,341982,341984,2,0
341982,341982,341983,1,0
341982,341982,341983,1,0
341982,341982,341985,3,0
341982,341982,341984,2,0
341982,341982,341985,3,0
341982,341982,341986,4,0
341982,341984,341985,1,2
341982,341982,341985,3,0
341982,341984,341986,2,2
341982,341984,341985,1,2
341982,341982,341985,3,0
341982,341984,341986,2,2
341982,341985,341987,2,3
341982,341985,341987,2,3
341982,341982,341986,4,0
341982,341984,341986,2,2
341982,341985,341987,2,3
341982,341986,341988,2,4
341982,341986,341987,1,4
341982,341986,341987,1,4
341982,341986,341987,1,4
341982,341986,341987,1,4
341982,341986,341987,1,4
341982,341986,341987,1,4
341982,341982,341987,5,0
341982,341982,341988,6,0
341982,341982,341989,7,0
341982,341982,341989,7,0
341994,341994,341995,1,0
341994,341994,341995,1,0
341994,341994,341995,1,0
341994,341994,341995,1,0
341994,341994,341995,1,0
341994,341994,341995,1,0
341994,341994,341995,1,0
341994,341994,341996,2,0
341994,341996,341997,1,2
341994,341996,341998,2,2
341994,341994,341998,4,0
341994,341996,341997,1,2
341994,341996,341997,1,2
341994,341994,341997,3,0
341994,341996,341997,1,2
341994,341996,341998,2,2
341994,341994,341997,3,0
341994,341996,341998,2,2
341994,341997,341998,1,3
341994,341994,341998,4,0
341994,341994,341999,5,0
341994,341998,341999,1,4
341994,341998,341999,1,4
341994,341994,341999,5,0
341994,341998,341999,1,4
341994,341998,341999,1,4
341994,341998,341999,1,4
341994,341998,342000,2,4
341994,341998,341999,1,4
341994,341994,342000,6,0
341994,341994,342000,6,0
342005,342005,342006,1,0
342005,342005,342007,2,0
342005,342005,342007,2,0
342005,342005,342007,2,0
342005,342005,342007,2,0
342005,342005,342007,2,0
342005,342005,342008,3,0
342005,342005,342008,3,0
342005,342005,342008,3,0
342005,342006,342008,2,1
342005,342005,342008,3,0
342005,342007,342009,2,2
342005,342007,342009,2,2
342005,342007,342009,2,2
342005,342007,342009,2,2
342005,342007,342009,2,2
342005,342008,342010,2,3
342005,342005,342010,5,0
342005,342008,342010,2,3
342005,342009,342010,1,4
342005,342008,342010,2,3
342005,342005,342010,5,0
342005,342008,342010,2,3
342005,342009,342011,2,4
342005,342009,342011,2,4
342005,342009,342011,2,4
342005,342010,342011,1,5
342005,342005,342011,6,0
342005,342005,342011,6,0
342005,342005,342012,7,0
342005,342005,342012,7,0
342017,342017,342018,1,0
342017,342017,342018,1,0
342017,342017,342018,1,0
342017,342017,342019,2,0
342017,342017,342019,2,0
342017,342017,342019,2,0
342017,342017,342020,3,0
342017,342017,342020,3,0
342017,342017,342019,2,0
342017,342018,342020,2,1
342017,342017,342020,3,0
342017,342019,342021,2,2
342017,342019,342021,2,2
342017,342019,342021,2,2
342017,342019,342021,2,2
342017,342020,342022,2,3
342017,342020,342022,2,3
342017,342017,342022,5,0
342017,342020,342022,2,3
342017,342020,342022,2,3
342017,342020,342022,2,3
342017,342017,342022,5,0
342017,342020,342022,2,3
342017,342021,342022,1,4
342017,342021,342023,2,4
342017,342017,342023,6,0
342017,342021,342023,2,4
342017,342021,342022,1,4
342017,342017,342023,6,0
342017,342017,342024,7,0
342017,342017,342024,7,0
342030,342030,342031,1,0
342030,342030,342031,1,0
342030,342030,342031,1,0
342030,342030,342031,1,0
342030,342030,342031,1,0
342030,342030,342032,2,0
342030,342030,342032,2,0
342030,342031,342032,1,1
342030,342030,342032,2,0
342030,342030,342032,2,0
342030,342030,342033,3,0
342030,342032,342033,1,2
342030,342030,342033,3,0
342030,342032,342033,1,2
342030,342032,342033,1,2
342030,342032,342033,1,2
342030,342032,342033,1,2
342030,342033,342035,2,3
342030,342033,342034,1,3
342030,342033,342034,1,3
342030,342033,342034,1,3
342030,342030,342034,4,0
342030,342030,342036,6,0
342030,342034,342035,1,4
342030,342034,342035,1,4
342030,342034,342035,1,4
342030,342030,342035,5,0
342030,342034,342035,1,4
342030,342034,342035,1,4
342030,342030,342036,6,0
342030,342030,342036,6,0
342041,342041,342042,1,0
342041,342041,342042,1,0
342041,342041,342043,2,0
342041,342041,342043,2,0
342041,342041,342043,2,0
342041,342041,342043,2,0
342041,342042,342044,2,1
342041,342041,342043,2,0
342041,342042,342044,2,1
342041,342041,342043,2,0
342041,342041,342044,3,0
342041,342041,342045,4,0
342041,342043,342045,2,2
342041,342043,342045,2,2
342041,342043,342045,2,2
342041,342044,342046,2,3
342041,342041,342046,5,0
342041,342044,342046,2,3
342041,342044,342046,2,3
342041,342041,342046,5,0
342041,342044,342046,2,3
342041,342044,342046,2,3
342041,342044,342046,2,3
342041,342041,342047,6,0
342041,342045,342047,2,4
342041,342045,342047,2,4
342041,342045,342047,2,4
342041,342041,342047,6,0
342041,342046,342047,1,5
342041,342041,342048,7,0
342041,342041,342048,7,0
342053,342053,342054,1,0
342053,342053,342054,1,0
342053,342053,342055,2,0
342053,342053,342054,1,0
342053,342053,342055,2,0
342053,342053,342055,2,0
342053,342053,342055,2,0
342053,342053,342055,2,0
342053,342054,342056,2,1
342053,342055,342057,2,2
342053,342055,342057,2,2
342053,342053,342056,3,0
342053,342055,342056,1,2
342053,342055,342057,2,2
342053,342053,342056,3,0
342053,342055,342056,1,2
342053,342055,342057,2,2
342053,342056,342058,2,3
342053,342053,342058,5,0
342053,342056,342058,2,3
342053,342053,342058,5,0
342053,342053,342058,5,0
342053,342053,342058,5,0
342053,342057,342059,2,4
342053,342057,342059,2,4
342053,342053,342059,6,0
342053,342057,342058,1,4
342053,342053,342059,6,0
342053,342057,342058,1,4
342053,342057,342058,1,4
342053,342057,342059,2,4
342064,342064,342065,1,0
342064,342064,342065,1,0
342064,342064,342065,1,0
342064,342064,342066,2,0
342064,342064,342065,1,0
342064,342064,342066,2,0
342064,342064,342066,2,0
342064,342064,342066,2,0
342064,342065,342067,2,1
342064,342064,342068,4,0
342064,342066,342067,1,2
342064,342066,342067,1,2
342064,342064,342068,4,0
342064,342066,342067,1,2
342064,342066,342067,1,2
342064,342066,342067,1,2
342064,342067,342068,1,3
342064,342064,342068,4,0
342064,342064,342069,5,0
342064,342067,342069,2,3
342064,342064,342069,5,0
342064,342064,342068,4,0
342064,342067,342068,1,3
342064,342064,342069,5,0
342064,342068,342069,1,4
342064,342068,342070,2,4
342064,342068,342069,1,4
342064,342064,342069,5,0
342064,342068,342069,1,4
342064,342068,342069,1,4
342064,342068,342069,1,4
342075,342075,342076,1,0
342075,342075,342076,1,0
342075,342075,342077,2,0
342075,342075,342077,2,0
342075,342075,342077,2,0
342075,342075,342076,1,0
342075,342075,342077,2,0
342075,342075,342077,2,0
342075,342076,342078,2,1
342075,342075,342079,4,0
342075,342077,342078,1,2
342075,342077,342078,1,2
342075,342075,342078,3,0
342075,342075,342079,4,0
342075,342077,342078,1,2
342075,342077,342079,2,2
342075,342075,342079,4,0
342075,342075,342079,4,0
342075,342077,342078,1,2
342075,342077,342079,2,2
342075,342075,342078,3,0
342075,342075,342079,4,0
342075,342077,342079,2,2
342075,342075,342080,5,0
342075,342078,342080,2,3
342075,342079,342081,2,4
342075,342079,342080,1,4
342075,342079,342080,1,4
342075,342079,342080,1,4
342075,342079,342080,1,4
342075,342079,342080,1,4
342086,342086,342087,1,0
342086,342086,342087,1,0
342086,342086,342087,1,0
342086,342086,342087,1,0
342086,342086,342087,1,0
342086,342086,342087,1,0
342086,342086,342089,3,0
342086,342086,342089,3,0
342086,342086,342088,2,0
342086,342086,342088,2,0
342086,342086,342088,2,0
342086,342086,342089,3,0
342086,342088,342089,1,2
342086,342088,342090,2,2
342086,342086,342090,4,0
342086,342088,342090,2,2
342086,342088,342089,1,2
342086,342086,342089,3,0
342086,342088,342089,1,2
342086,342088,342089,1,2
342086,342089,342090,1,3
342086,342086,342090,4,0
342086,342089,342091,2,3
342086,342089,342090,1,3
342086,342086,342090,4,0
342086,342089,342090,1,3
342086,342089,342090,1,3
342086,342090,342091,1,4
342086,342090,342092,2,4
342086,342090,342092,2,4
342086,342090,342091,1,4
342096,342096,342097,1,0
342096,342096,342098,2,0
342096,342096,342097,1,0
342096,342096,342097,1,0
342096,342096,342098,2,0
342096,342096,342097,1,0
342096,342096,342097,1,0
342096,342096,342099,3,0
342096,342096,342098,2,0
342096,342096,342099,3,0
342096,342096,342099,3,0
342096,342096,342099,3,0
342096,342096,342100,4,0
342096,342096,342099,3,0
342096,342098,342100,2,2
342096,342098,342100,2,2
342096,342096,342099,3,0
342096,342098,342099,1,2
342096,342096,342099,3,0
342096,342098,342100,2,2
342096,342098,342100,2,2
342096,342098,342100,2,2
342096,342098,342100,2,2
342096,342099,342101,2,3
342096,342099,342101,2,3
342096,342099,342101,2,3
342096,342099,342101,2,3
342096,342099,342101,2,3
342096,342100,342102,2,4
342096,342100,342102,2,4
342096,342100,342101,1,4
342107,342107,342108,1,0
342107,342107,342108,1,0
342107,342107,342108,1,0
342107,342107,342108,1,0
342107,342107,342108,1,0
342107,342107,342109,2,0
342107,342107,342109,2,0
342107,342107,342108,1,0
342107,342107,342108,1,0
342107,342107,342108,1,0
342107,342107,342109,2,0
342107,342107,342109,2,0
342107,342107,342109,2,0
342107,342107,342109,2,0
342107,342107,342110,3,0
342107,342108,342109,1,1
342107,342107,342110,3,0
342107,342109,342110,1,2
342107,342109,342110,1,2
342107,342109,342110,1,2
342107,342109,342110,1,2
342107,342109,342110,1,2
342107,342109,342110,1,2
342107,342109,342110,1,2
342107,342109,342110,1,2
342107,342109,342110,1,2
342107,342110,342111,1,3
342107,342110,342111,1,3
342107,342110,342111,1,3
342107,342110,342111,1,3
342107,342110,342111,1,3
342116,342116,342117,1,0
342116,342116,342117,1,0
342116,342116,342117,1,0
342116,342116,342118,2,0
342116,342116,342117,1,0
342116,342116,342117,1,0
342116,342116,342117,1,0
342116,342116,342117,1,0
342116,342116,342118,2,0
342116,342116,342117,1,0
342116,342116,342118,2,0
342116,342116,342119,3,0
342116,342118,342119,1,2
342116,342116,342118,2,0
342116,342116,342118,2,0
342116,342117,342118,1,1
342116,342116,342119,3,0
342116,342117,342118,1,1
342116,342118,342119,1,2
342116,342118,342119,1,2
342116,342118,342119,1,2
342116,342118,342119,1,2
342116,342119,342120,1,3
342116,342119,342120,1,3
342116,342116,342120,4,0
342116,342118,342120,2,2
342116,342118,342120,2,2
342116,342118,342120,2,2
342116,342119,342120,1,3
342116,342119,342120,1,3
342116,342119,342121,2,3
342126,342126,342127,1,0
342126,342126,342127,1,0
342126,342126,342127,1,0
342126,342126,342127,1,0
342126,342126,342127,1,0
342126,342126,342127,1,0
342126,342126,342127,1,0
342126,342126,342127,1,0
342126,342126,342127,1,0
342126,342126,342128,2,0
342126,342126,342128,2,0
342126,342128,342129,1,2
342126,342127,342128,1,1
342126,342127,342128,1,1
342126,342128,342129,1,2
342126,342128,342129,1,2
342126,342126,342129,3,0
342126,342128,342129,1,2
342126,342128,342129,1,2
342126,342126,342129,3,0
342126,342128,342129,1,2
342126,342126,342130,4,0
342126,342126,342130,4,0
342126,342128,342129,1,2
342126,342129,342130,1,3
342126,342126,342130,4,0
342126,342129,342130,1,3
342126,342130,342131,1,4
342126,342129,342130,1,3
342126,342129,342130,1,3
342126,342129,342130,1,3
342135,342135,342136,1,0
342135,342135,342137,2,0
342135,342135,342137,2,0
342135,342135,342136,1,0
342135,342135,342137,2,0
342135,342135,342137,2,0
342135,342135,342137,2,0
342135,342135,342137,2,0
342135,342135,342137,2,0
342135,342135,342137,2,0
342135,342135,342137,2,0
342135,342135,342138,3,0
342135,342136,342138,2,1
342135,342135,342138,3,0
342135,342137,342138,1,2
342135,342135,342138,3,0
342135,342135,342138,3,0
342135,342135,342139,4,0
342135,342137,342139,2,2
342135,342138,342139,1,3
342135,342138,342139,1,3
342135,342138,342139,1,3
342135,342138,342139,1,3
342135,342138,342139,1,3
342135,342138,342139,1,3
342135,342137,342139,2,2
342135,342138,342139,1,3
342135,342139,342140,1,4
342135,342139,342140,1,4
342135,342139,342140,1,4
342135,342139,342140,1,4
342145,342145,342146,1,0
342145,342145,342146,1,0
342145,342145,342146,1,0
342145,342145,342147,2,0
342145,342145,342147,2,0
342145,342145,342146,1,0
342145,342145,342146,1,0
342145,342145,342146,1,0
342145,342145,342146,1,0
342145,342145,342146,1,0
342145,342146,342147,1,1
342145,342145,342147,2,0
342145,342146,342147,1,1
342145,342145,342147,2,0
342145,342146,342147,1,1
342145,342147,342148,1,2
342145,342147,342148,1,2
342145,342145,342147,2,0
342145,342145,342147,2,0
342145,342145,342148,3,0
342145,342145,342149,4,0
342145,342147,342148,1,2
342145,342147,342148,1,2
342145,342147,342148,1,2
342145,342147,342148,1,2
342145,342147,342148,1,2
342145,342147,342149,2,2
342145,342148,342149,1,3
342145,342148,342149,1,3
342145,342148,342149,1,3
342145,342148,342149,1,3
342154,342154,342155,1,0
342154,342154,342155,1,0
342154,342154,342155,1,0
342154,342154,342156,2,0
342154,342154,342156,2,0
342154,342154,342156,2,0
342154,342154,342156,2,0
342154,342154,342156,2,0
342154,342154,342156,2,0
342154,342154,342156,2,0
342154,342156,342157,1,2
342154,342154,342156,2,0
342154,342155,342156,1,1
342154,342156,342157,1,2
342154,342154,342157,3,0
342154,342156,342157,1,2
342154,342154,342157,3,0
342154,342154,342157,3,0
342154,342157,342158,1,3
342154,342157,342158,1,3
342154,342155,342157,2,1
342154,342157,342158,1,3
342154,342157,342158,1,3
342154,342157,342158,1,3
342154,342157,342158,1,3
342154,342157,342158,1,3
342154,342157,342158,1,3
342154,342157,342158,1,3
342154,342157,342158,1,3
342154,342157,342158,1,3
342154,342158,342159,1,4
342163,342163,342164,1,0
342163,342163,342164,1,0
342163,342163,342164,1,0
342163,342163,342164,1,0
342163,342163,342165,2,0
342163,342163,342165,2,0
342163,342163,342165,2,0
342163,342163,342165,2,0
342163,342164,342165,1,1
342163,342163,342165,2,0
342163,342163,342165,2,0
342163,342165,342166,1,2
342163,342163,342166,3,0
342163,342163,342165,2,0
342163,342165,342166,1,2
342163,342165,342166,1,2
342163,342163,342166,3,0
342163,342164,342165,1,1
342163,342165,342166,1,2
342163,342163,342166,3,0
342163,342165,342166,1,2
342163,342163,342166,3,0
342163,342166,342167,1,3
342163,342166,342167,1,3
342163,342165,342166,1,2
342163,342167,342168,1,4
342163,342166,342167,1,3
342163,342163,342168,5,0
342163,342167,342168,1,4
342172,342172,342174,2,0
342172,342172,342174,2,0
342172,342172,342174,2,0
342172,342172,342173,1,0
342172,342172,342174,2,0
342172,342172,342173,1,0
342172,342172,342174,2,0
342172,342172,342174,2,0
342172,342172,342174,2,0
342172,342172,342174,2,0
342172,342172,342175,3,0
342172,342174,342175,1,2
342172,342172,342175,3,0
342172,342172,342175,3,0
342172,342174,342175,1,2
342172,342172,342174,2,0
342172,342174,342175,1,2
342172,342174,342175,1,2
342172,342174,342175,1,2
342172,342172,342175,3,0
342172,342175,342176,1,3
342172,342175,342176,1,3
342172,342174,342176,2,2
342172,342174,342176,2,2
342172,342174,342176,2,2
342172,342176,342177,1,4
342172,342172,342176,4,0
342172,342176,342177,1,4
342181,342181,342182,1,0
342181,342181,342182,1,0
342181,342181,342182,1,0
342181,342181,342185,4,0
342181,342181,342185,4,0
342181,342182,342185,3,1
342181,342182,342185,3,1
342181,342181,342187,6,0
342181,342183,342186,3,2
342181,342181,342186,5,0
342181,342181,342187,6,0
342181,342181,342187,6,0
342181,342186,342188,2,5
342181,342186,342187,1,5
342181,342186,342188,2,5
342181,342181,342189,8,0
342181,342186,342188,2,5
342181,342187,342188,1,6
342181,342187,342188,1,6
342181,342187,342188,1,6
342181,342188,342189,1,7
342181,342188,342189,1,7
342181,342188,342189,1,7
342181,342181,342190,9,0
342181,342188,342189,1,7
342181,342188,342189,1,7
342181,342181,342190,9,0
342181,342181,342190,9,0
342181,342181,342190,9,0
342181,342181,342190,9,0
342181,342181,342191,10,0
342196,342196,342197,1,0
342196,342196,342197,1,0
342196,342196,342198,2,0
342196,342196,342201,5,0
342196,342197,342201,4,1
342196,342196,342201,5,0
342196,342196,342202,6,0
342196,342198,342202,4,2
342196,342199,342202,3,3
342196,342196,342202,6,0
342196,342196,342203,7,0
342196,342201,342203,2,5
342196,342196,342203,7,0
342196,342201,342203,2,5
342196,342201,342203,2,5
342196,342202,342203,1,6
342196,342202,342204,2,6
342196,342203,342204,1,7
342196,342203,342204,1,7
342196,342203,342204,1,7
342196,342203,342205,2,7
342196,342203,342204,1,7
342196,342203,342204,1,7
342196,342203,342205,2,7
342196,342196,342206,10,0
342196,342196,342206,10,0
342196,342196,342206,10,0
342196,342196,342206,10,0
342196,342196,342206,10,0
342196,342196,342206,10,0
342196,342196,342206,10,0
342211,342211,342213,2,0
342211,342211,342212,1,0
342211,342211,342213,2,0
342211,342211,342215,4,0
342211,342211,342216,5,0
342211,342211,342217,6,0
342211,342213,342216,3,2
342211,342211,342217,6,0
342211,342213,342216,3,2
342211,342213,342216,3,2
342211,342215,342218,3,4
342211,342216,342218,2,5
342211,342211,342218,7,0
342211,342217,342219,2,6
342211,342217,342219,2,6
342211,342217,342219,2,6
342211,342217,342219,2,6
342211,342211,342219,8,0
342211,342217,342219,2,6
342211,342218,342219,1,7
342211,342211,342220,9,0
342211,342219,342220,1,8
342211,342218,342219,1,7
342211,342211,342220,9,0
342211,342211,342220,9,0
342211,342219,342220,1,8
342211,342211,342221,10,0
342211,342211,342221,10,0
342211,342219,342220,1,8
342211,342211,342221,10,0
342211,342211,342221,10,0
342227,342227,342228,1,0
342227,342227,342228,1,0
342227,342227,342228,1,0
342227,342227,342231,4,0
342227,342227,342231,4,0
342227,342227,342232,5,0
342227,342229,342232,3,2
342227,342228,342232,4,1
342227,342229,342233,4,2
342227,342227,342233,6,0
342227,342227,342234,7,0
342227,342227,342234,7,0
342227,342232,342234,2,5
342227,342232,342234,2,5
342227,342232,342234,2,5
342227,342232,342235,3,5
342227,342232,342234,2,5
342227,342233,342234,1,6
342227,342233,342235,2,6
342227,342227,342235,8,0
342227,342234,342235,1,7
342227,342234,342235,1,7
342227,342234,342236,2,7
342227,342234,342236,2,7
342227,342227,342236,9,0
342227,342227,342237,10,0
342227,342227,342237,10,0
342227,342227,342237,10,0
342227,342227,342237,10,0
342227,342227,342237,10,0
342242,342242,342243,1,0
342242,342242,342243,1,0
342242,342242,342244,2,0
342242,342242,342245,3,0
342242,342242,342247,5,0
342242,342242,342247,5,0
342242,342243,342246,3,1
342242,342242,342247,5,0
342242,342244,342247,3,2
342242,342245,342247,2,3
342242,342242,342248,6,0
342242,342246,342248,2,4
342242,342247,342249,2,5
342242,342247,342248,1,5
342242,342247,342248,1,5
342242,342248,342249,1,6
342242,342248,342249,1,6
342242,342248,342249,1,6
342242,342249,342250,1,7
342242,342249,342250,1,7
342242,342249,342250,1,7
342242,342249,342250,1,7
342242,342249,342251,2,7
342242,342242,342251,9,0
342242,342242,342251,9,0
342242,342242,342252,10,0
342242,342242,342251,9,0
342242,342242,342252,10,0
342242,342242,342252,10,0
342242,342242,342251,9,0
342242,342242,342251,9,0
342256,342256,342258,2,0
342256,342256,342258,2,0
342256,342256,342258,2,0
342256,342257,342260,3,1
342256,342256,342260,4,0
342256,342259,342262,3,3
342256,342259,342262,3,3
342256,342257,342262,5,1
342256,342256,342262,6,0
342256,342259,342262,3,3
342256,342261,342262,1,5
342256,342262,342263,1,6
342256,342261,342263,2,5
342256,342256,342264,8,0
342256,342256,342264,8,0
342256,342263,342264,1,7
342256,342263,342264,1,7
342256,342263,342264,1,7
342256,342263,342264,1,7
342256,342263,342264,1,7
342256,342256,342266,10,0
342256,342264,342265,1,8
342256,342257,342265,8,1
342256,342264,342265,1,8
342256,342265,342266,1,9
342256,342265,342266,1,9
342256,342256,342266,10,0
342256,342256,342266,10,0
342256,342256,342267,11,0
342256,342257,342266,9,1
342256,342256,342267,11,0
342272,342272,342274,2,0
342272,342272,342274,2,0
342272,342272,342274,2,0
342272,342272,342277,5,0
342272,342272,342278,6,0
342272,342275,342278,3,3
342272,342275,342278,3,3
342272,342274,342278,4,2
342272,342272,342279,7,0
342272,342273,342279,6,1
342272,342278,342280,2,6
342272,342279,342280,1,7
342272,342279,342280,1,7
342272,342279,342280,1,7
342272,342272,342281,9,0
342272,342279,342281,2,7
342272,342272,342281,9,0
342272,342280,342281,1,8
342272,342280,342281,1,8
342272,342272,342282,10,0
342272,342281,342282,1,9
342272,342272,342282,10,0
342272,342281,342282,1,9
342272,342272,342282,10,0
342272,342281,342282,1,9
342272,342272,342282,10,0
342272,342273,342282,9,1
342272,342281,342282,1,9
342272,342272,342283,11,0
342272,342272,342283,11,0
342272,342282,342283,1,10
342288,342288,342289,1,0
342288,342288,342289,1,0
342288,342288,342289,1,0
342288,342289,342293,4,1
342288,342288,342293,5,0
342288,342290,342293,3,2
342288,342288,342293,5,0
342288,342288,342293,5,0
342288,342290,342293,3,2
342288,342288,342294,6,0
342288,342288,342294,6,0
342288,342288,342294,6,0
342288,342293,342295,2,5
342288,342294,342295,1,6
342288,342288,342296,8,0
342288,342294,342296,2,6
342288,342294,342295,1,6
342288,342294,342295,1,6
342288,342294,342295,1,6
342288,342295,342296,1,7
342288,342295,342296,1,7
342288,342288,342297,9,0
342288,342295,342296,1,7
342288,342296,342297,1,8
342288,342288,342297,9,0
342288,342288,342297,9,0
342288,342296,342297,1,8
342288,342296,342297,1,8
342288,342288,342298,10,0
342288,342288,342298,10,0
342288,342288,342298,10,0
342303,342303,342304,1,0
342303,342303,342304,1,0
342303,342303,342304,1,0
342303,342303,342307,4,0
342303,342305,342308,3,2
342303,342303,342308,5,0
342303,342303,342309,6,0
342303,342305,342308,3,2
342303,342303,342308,5,0
342303,342303,342309,6,0
342303,342303,342308,5,0
342303,342308,342310,2,5
342303,342307,342310,3,4
342303,342309,342310,1,6
342303,342303,342311,8,0
342303,342309,342311,2,6
342303,342309,342311,2,6
342303,342309,342310,1,6
342303,342309,342311,2,6
342303,342309,342310,1,6
342303,342305,342311,6,2
342303,342303,342311,8,0
342303,342310,342311,1,7
342303,342303,342311,8,0
342303,342310,342311,1,7
342303,342303,342312,9,0
342303,342303,342313,10,0
342303,342311,342312,1,8
342303,342303,342312,9,0
342303,342311,342312,1,8
342303,342303,342313,10,0
342318,342318,342319,1,0
342318,342318,342319,1,0
342318,342318,342319,1,0
342318,342318,342322,4,0
342318,342318,342323,5,0
342318,342320,342323,3,2
342318,342318,342323,5,0
342318,342318,342324,6,0
342318,342319,342323,4,1
342318,342318,342323,5,0
342318,342320,342324,4,2
342318,342323,342325,2,5
342318,342318,342326,8,0
342318,342324,342325,1,6
342318,342324,342325,1,6
342318,342324,342325,1,6
342318,342318,342325,7,0
342318,342323,342326,3,5
342318,342323,342325,2,5
342318,342324,342325,1,6
342318,342325,342326,1,7
342318,342318,342326,8,0
342318,342318,342327,9,0
342318,342318,342326,8,0
342318,342325,342326,1,7
342318,342318,342327,9,0
342318,342318,342328,10,0
342318,342318,342327,9,0
342318,342326,342327,1,8
342318,342326,342327,1,8
342318,342326,342327,1,8
342332,342332,342333,1,0
342332,342332,342334,2,0
342332,342332,342334,2,0
342332,342332,342337,5,0
342332,342332,342337,5,0
342332,342334,342337,3,2
342332,342332,342338,6,0
342332,342334,342338,4,2
342332,342332,342338,6,0
342332,342332,342339,7,0
342332,342334,342338,4,2
342332,342337,342339,2,5
342332,342338,342340,2,6
342332,342339,342340,1,7
342332,342338,342340,2,6
342332,342338,342340,2,6
342332,342339,342340,1,7
342332,342332,342341,9,0
342332,342332,342340,8,0
342332,342339,342341,2,7
342332,342340,342341,1,8
342332,342332,342341,9,0
342332,342332,342341,9,0
342332,342332,342342,10,0
342332,342332,342342,10,0
342332,342341,342342,1,9
342332,342341,342342,1,9
342332,342332,342342,10,0
342332,342332,342342,10,0
342347,342347,342349,2,0
342347,342347,342348,1,0
342347,342347,342348,1,0
342347,342347,342352,5,0
342347,342347,342352,5,0
342347,342349,342352,3,2
342347,342347,342353,6,0
342347,342347,342353,6,0
342347,342349,342353,4,2
342347,342347,342353,6,0
342347,342349,342353,4,2
342347,342352,342355,3,5
342347,342352,342354,2,5
342347,342353,342355,2,6
342347,342347,342355,8,0
342347,342347,342354,7,0
342347,342353,342355,2,6
342347,342353,342355,2,6
342347,342347,342355,8,0
342347,342352,342354,2,5
342347,342353,342355,2,6
342347,342354,342356,2,7
342347,342347,342356,9,0
342347,342347,342357,10,0
342347,342347,342356,9,0
342347,342355,342356,1,8
342347,342347,342357,10,0
342347,342355,342356,1,8
342347,342355,342357,2,8
342347,342355,342356,1,8
342347,342347,342357,10,0
342362,342362,342363,1,0
342362,342362,342364,2,0
342362,342362,342363,1,0
342362,342362,342367,5,0
342362,342362,342368,6,0
342362,342364,342368,4,2
342362,342362,342368,6,0
342362,342364,342367,3,2
342362,342362,342367,5,0
342362,342362,342369,7,0
342362,342364,342369,5,2
342362,342362,342370,8,0
342362,342362,342370,8,0
342362,342362,342370,8,0
342362,342368,342370,2,6
342362,342362,342369,7,0
342362,342368,342370,2,6
342362,342367,342370,3,5
342362,342368,342370,2,6
342362,342368,342371,3,6
342362,342369,342371,2,7
342362,342369,342371,2,7
342362,342368,342370,2,6
342362,342362,342371,9,0
342362,342370,342372,2,8
342362,342370,342372,2,8
342362,342362,342372,10,0
342362,342362,342372,10,0
342362,342370,342372,2,8
342362,342370,342372,2,8
342362,342362,342373,11,0
342378,342378,342379,1,0
342378,342378,342379,1,0
342378,342378,342379,1,0
342378,342378,342383,5,0
342378,342380,342383,3,2
342378,342378,342383,5,0
342378,342378,342383,5,0
342378,342378,342383,5,0
342378,342380,342384,4,2
342378,342380,342384,4,2
342378,342378,342385,7,0
342378,342384,342386,2,6
342378,342384,342386,2,6
342378,342378,342385,7,0
342378,342378,342385,7,0
342378,342378,342386,8,0
342378,342384,342385,1,6
342378,342378,342385,7,0
342378,342384,342385,1,6
342378,342384,342386,2,6
342378,342383,342386,3,5
342378,342383,342386,3,5
342378,342378,342387,9,0
342378,342385,342386,1,7
342378,342378,342387,9,0
342378,342378,342388,10,0
342378,342386,342387,1,8
342378,342386,342387,1,8
342378,342386,342387,1,8
342378,342386,342387,1,8
342378,342378,342387,9,0
342393,342393,342394,1,0
342393,342393,342394,1,0
342393,342393,342394,1,0
342393,342393,342397,4,0
342393,342393,342397,4,0
342393,342393,342397,4,0
342393,342395,342398,3,2
342393,342393,342398,5,0
342393,342394,342398,4,1
342393,342395,342398,3,2
342393,342393,342400,7,0
342393,342398,342400,2,5
342393,342398,342400,2,5
342393,342398,342400,2,5
342393,342393,342401,8,0
342393,342399,342400,1,6
342393,342399,342400,1,6
342393,342393,342400,7,0
342393,342398,342400,2,5
342393,342399,342400,1,6
342393,342393,342401,8,0
342393,342393,342402,9,0
342393,342393,342402,9,0
342393,342400,342401,1,7
342393,342400,342401,1,7
342393,342393,342402,9,0
342393,342393,342402,9,0
342393,342393,342402,9,0
342393,342401,342402,1,8
342393,342401,342402,1,8
342393,342401,342402,1,8
342407,342407,342408,1,0
342407,342407,342409,2,0
342407,342407,342409,2,0
342407,342407,342412,5,0
342407,342407,342411,4,0
342407,342409,342412,3,2
342407,342407,342412,5,0
342407,342409,342413,4,2
342407,342407,342413,6,0
342407,342407,342414,7,0
342407,342409,342413,4,2
342407,342407,342415,8,0
342407,342412,342415,3,5
342407,342412,342414,2,5
342407,342407,342414,7,0
342407,342413,342415,2,6
342407,342413,342415,2,6
342407,342407,342415,8,0
342407,342407,342415,8,0
342407,342412,342415,3,5
342407,342413,342415,2,6
342407,342414,342416,2,7
342407,342414,342416,2,7
342407,342407,342416,9,0
342407,342407,342416,9,0
342407,342415,342417,2,8
342407,342415,342417,2,8
342407,342415,342417,2,8
342407,342407,342417,10,0
342407,342407,342416,9,0
342407,342415,342416,1,8
342422,342422,342423,1,0
342422,342422,342423,1,0
342422,342422,342423,1,0
342422,342422,342426,4,0
342422,342424,342427,3,2
342422,342422,342427,5,0
342422,342422,342427,5,0
342422,342424,342428,4,2
342422,342424,342428,4,2
342422,342422,342428,6,0
342422,342422,342428,6,0
342422,342422,342429,7,0
342422,342422,342429,7,0
342422,342428,342430,2,6
342422,342422,342429,7,0
342422,342427,342429,2,5
342422,342427,342429,2,5
342422,342427,342429,2,5
342422,342428,342429,1,6
342422,342422,342429,7,0
342422,342427,342429,2,5
342422,342428,342429,1,6
342422,342422,342430,8,0
342422,342429,342430,1,7
342422,342429,342431,2,7
342422,342422,342432,10,0
342422,342430,342432,2,8
342422,342430,342431,1,8
342422,342422,342431,9,0
342422,342430,342431,1,8
342422,342422,342431,9,0
342437,342437,342438,1,0
342437,342437,342438,1,0
342437,342437,342438,1,0
342437,342437,342441,4,0
342437,342437,342442,5,0
342437,342439,342442,3,2
342437,342438,342442,4,1
342437,342437,342442,5,0
342437,342439,342442,3,2
342437,342437,342443,6,0
342437,342443,342445,2,6
342437,342437,342444,7,0
342437,342443,342444,1,6
342437,342443,342444,1,6
342437,342437,342444,7,0
342437,342442,342444,2,5
342437,342437,342444,7,0
342437,342442,342444,2,5
342437,342442,342444,2,5
342437,342437,342445,8,0
342437,342444,342445,1,7
342437,342437,342447,10,0
342437,342437,342446,9,0
342437,342437,342446,9,0
342437,342445,342446,1,8
342437,342437,342446,9,0
342437,342445,342447,2,8
342437,342445,342446,1,8
342437,342445,342446,1,8
342437,342437,342446,9,0
342437,342445,342446,1,8
342451,342451,342452,1,0
342451,342451,342452,1,0
342451,342451,342453,2,0
342451,342451,342456,5,0
342451,342451,342456,5,0
342451,342453,342456,3,2
342451,342453,342457,4,2
342451,342451,342457,6,0
342451,342453,342458,5,2
342451,342451,342457,6,0
342451,342451,342458,7,0
342451,342451,342459,8,0
342451,342457,342459,2,6
342451,342456,342459,3,5
342451,342456,342459,3,5
342451,342456,342459,3,5
342451,342457,342459,2,6
342451,342451,342460,9,0
342451,342458,342460,2,7
342451,342451,342460,9,0
342451,342458,342460,2,7
342451,342459,342460,1,8
342451,342451,342461,10,0
342451,342451,342461,10,0
342451,342451,342461,10,0
342451,342459,342461,2,8
342451,342459,342461,2,8
342451,342451,342461,10,0
342451,342459,342461,2,8
342451,342460,342461,1,9
342451,342451,342461,10,0
342466,342466,342468,2,0
342466,342466,342467,1,0
342466,342466,342468,2,0
342466,342466,342471,5,0
342466,342466,342471,5,0
342466,342466,342472,6,0
342466,342468,342472,4,2
342466,342466,342472,6,0
342466,342466,342472,6,0
342466,342468,342472,4,2
342466,342468,342473,5,2
342466,342466,342473,7,0
342466,342471,342474,3,5
342466,342471,342474,3,5
342466,342472,342474,2,6
342466,342466,342474,8,0
342466,342466,342474,8,0
342466,342473,342474,1,7
342466,342473,342474,1,7
342466,342472,342475,3,6
342466,342473,342475,2,7
342466,342472,342475,3,6
342466,342474,342475,1,8
342466,342466,342476,10,0
342466,342466,342476,10,0
342466,342466,342476,10,0
342466,342475,342476,1,9
342466,342475,342476,1,9
342466,342475,342476,1,9
342466,342466,342476,10,0
342466,342466,342477,11,0
342482,342482,342483,1,0
342482,342482,342484,2,0
342482,342482,342483,1,0
342482,342482,342487,5,0
342482,342482,342487,5,0
342482,342482,342486,4,0
342482,342483,342487,4,1
342482,342484,342487,3,2
342482,342484,342488,4,2
342482,342482,342488,6,0
342482,342482,342489,7,0
342482,342482,342488,6,0
342482,342482,342489,7,0
342482,342482,342488,6,0
342482,342482,342490,8,0
342482,342487,342490,3,5
342482,342488,342489,1,6
342482,342488,342490,2,6
342482,342487,342489,2,5
342482,342487,342489,2,5
342482,342482,342490,8,0
342482,342488,342490,2,6
342482,342490,342491,1,8
342482,342482,342491,9,0
342482,342489,342490,1,7
342482,342489,342490,1,7
342482,342489,342491,2,7
342482,342489,342490,1,7
342482,342489,342490,1,7
342482,342482,342492,10,0
342482,342482,342491,9,0
342497,342497,342498,1,0
342497,342497,342498,1,0
342497,342497,342498,1,0
342497,342497,342501,4,0
342497,342497,342502,5,0
342497,342499,342503,4,2
342497,342499,342502,3,2
342497,342497,342503,6,0
342497,342497,342503,6,0
342497,342499,342503,4,2
342497,342497,342504,7,0
342497,342497,342503,6,0
342497,342502,342504,2,5
342497,342497,342504,7,0
342497,342502,342504,2,5
342497,342504,342505,1,7
342497,342503,342505,2,6
342497,342504,342505,1,7
342497,342504,342505,1,7
342497,342504,342505,1,7
342497,342503,342505,2,6
342497,342504,342505,1,7
342497,342505,342506,1,8
342497,342497,342506,9,0
342497,342497,342507,10,0
342497,342497,342506,9,0
342497,342497,342506,9,0
342497,342505,342506,1,8
342497,342505,342506,1,8
342497,342497,342507,10,0
342497,342497,342507,10,0
342513,342513,342514,1,0
342513,342513,342514,1,0
342513,342513,342515,2,0
342513,342513,342517,4,0
342513,342513,342518,5,0
342513,342513,342517,4,0
342513,342513,342518,5,0
342513,342515,342519,4,2
342513,342515,342518,3,2
342513,342515,342519,4,2
342513,342518,342520,2,5
342513,342518,342520,2,5
342513,342519,342521,2,6
342513,342519,342521,2,6
342513,342520,342521,1,7
342513,342518,342521,3,5
342513,342519,342521,2,6
342513,342520,342521,1,7
342513,342513,342522,9,0
342513,342513,342522,9,0
342513,342513,342522,9,0
342513,342521,342522,1,8
342513,342521,342522,1,8
342513,342513,342522,9,0
342513,342521,342522,1,8
342513,342513,342523,10,0
342513,342513,342523,10,0
342513,342513,342523,10,0
342513,342513,342523,10,0
342513,342522,342523,1,9
342513,342513,342523,10,0
342529,342529,342530,1,0
342529,342529,342530,1,0
342529,342529,342530,1,0
342529,342531,342534,3,2
342529,342529,342534,5,0
342529,342529,342533,4,0
342529,342529,342534,5,0
342529,342531,342535,4,2
342529,342529,342536,7,0
342529,342531,342535,4,2
342529,342529,342535,6,0
342529,342529,342536,7,0
342529,342534,342536,2,5
342529,342534,342536,2,5
342529,342534,342536,2,5
342529,342536,342538,2,7
342529,342529,342537,8,0
342529,342536,342538,2,7
342529,342536,342537,1,7
342529,342535,342537,2,6
342529,342536,342537,1,7
342529,342529,342539,10,0
342529,342537,342538,1,8
342529,342529,342539,10,0
342529,342529,342539,10,0
342529,342529,342538,9,0
342529,342537,342538,1,8
342529,342529,342538,9,0
342529,342537,342538,1,8
342529,342537,342538,1,8
342529,342529,342539,10,0
342545,342545,342546,1,0
342545,342545,342546,1,0
342545,342545,342546,1,0
342545,342545,342549,4,0
342545,342545,342550,5,0
342545,342545,342551,6,0
342545,342547,342550,3,2
342545,342545,342551,6,0
342545,342547,342551,4,2
342545,342545,342551,6,0
342545,342547,342551,4,2
342545,342549,342552,3,4
342545,342545,342552,7,0
342545,342550,342552,2,5
342545,342551,342553,2,6
342545,342551,342553,2,6
342545,342552,342554,2,7
342545,342552,342554,2,7
342545,342545,342553,8,0
342545,342552,342553,1,7
342545,342552,342553,1,7
342545,342545,342553,8,0
342545,342552,342553,1,7
342545,342545,342555,10,0
342545,342545,342554,9,0
342545,342545,342555,10,0
342545,342545,342555,10,0
342545,342553,342554,1,8
342545,342545,342555,10,0
342545,342553,342554,1,8
342545,342554,342555,1,9
342561,342561,342562,1,0
342561,342561,342562,1,0
342561,342561,342563,2,0
342561,342561,342566,5,0
342561,342561,342565,4,0
342561,342561,342566,5,0
342561,342564,342567,3,3
342561,342561,342567,6,0
342561,342561,342567,6,0
342561,342563,342567,4,2
342561,342561,342567,6,0
342561,342561,342568,7,0
342561,342561,342568,7,0
342561,342563,342567,4,2
342561,342567,342568,1,6
342561,342566,342569,3,5
342561,342566,342568,2,5
342561,342567,342568,1,6
342561,342567,342569,2,6
342561,342567,342569,2,6
342561,342568,342569,1,7
342561,342568,342569,1,7
342561,342568,342569,1,7
342561,342567,342569,2,6
342561,342567,342569,2,6
342561,342561,342571,10,0
342561,342561,342570,9,0
342561,342561,342571,10,0
342561,342569,342570,1,8
342561,342561,342571,10,0
342561,342561,342571,10,0
342576,342576,342577,1,0
342576,342576,342577,1,0
342576,342576,342577,1,0
342576,342578,342581,3,2
342576,342576,342581,5,0
342576,342576,342581,5,0
342576,342578,342582,4,2
342576,342576,342582,6,0
342576,342578,342582,4,2
342576,342576,342582,6,0
342576,342576,342581,5,0
342576,342576,342583,7,0
342576,342576,342582,6,0
342576,342576,342584,8,0
342576,342582,342584,2,6
342576,342582,342584,2,6
342576,342581,342584,3,5
342576,342582,342584,2,6
342576,342581,342584,3,5
342576,342581,342584,3,5
342576,342582,342584,2,6
342576,342576,342584,8,0
342576,342582,342584,2,6
342576,342583,342585,2,7
342576,342583,342585,2,7
342576,342576,342585,9,0
342576,342584,342585,1,8
342576,342576,342586,10,0
342576,342576,342586,10,0
342576,342584,342585,1,8
342576,342576,342587,11,0
342592,342592,342593,1,0
342592,342592,342593,1,0
342592,342592,342594,2,0
342592,342592,342597,5,0
342592,342594,342597,3,2
342592,342592,342597,5,0
342592,342592,342597,5,0
342592,342592,342597,5,0
342592,342594,342598,4,2
342592,342592,342598,6,0
342592,342592,342597,5,0
342592,342594,342598,4,2
342592,342592,342598,6,0
342592,342592,342598,6,0
342592,342592,342600,8,0
342592,342598,342600,2,6
342592,342598,342600,2,6
342592,342592,342599,7,0
342592,342598,342600,2,6
342592,342598,342600,2,6
342592,342598,342600,2,6
342592,342597,342600,3,5
342592,342597,342599,2,5
342592,342598,342600,2,6
342592,342597,342600,3,5
342592,342597,342600,3,5
342592,342598,342600,2,6
342592,342592,342601,9,0
342592,342600,342601,1,8
342592,342592,342602,10,0
342592,342592,342602,10,0
342607,342607,342608,1,0
342607,342607,342608,1,0
342607,342607,342608,1,0
342607,342607,342610,3,0
342607,342607,342612,5,0
342607,342607,342611,4,0
342607,342607,342612,5,0
342607,342609,342612,3,2
342607,342607,342612,5,0
342607,342607,342612,5,0
342607,342608,342612,4,1
342607,342607,342613,6,0
342607,342609,342612,3,2
342607,342607,342613,6,0
342607,342607,342614,7,0
342607,342611,342613,2,4
342607,342612,342614,2,5
342607,342612,342613,1,5
342607,342612,342614,2,5
342607,342613,342614,1,6
342607,342612,342614,2,5
342607,342613,342615,2,6
342607,342613,342615,2,6
342607,342607,342615,8,0
342607,342612,342614,2,5
342607,342612,342615,3,5
342607,342613,342614,1,6
342607,342607,342616,9,0
342607,342614,342615,1,7
342607,342607,342617,10,0
342607,342607,342617,10,0
342621,342622,342623,1,1
342621,342622,342623,1,1
342621,342622,342623,1,1
342621,342622,342625,3,1
342621,342622,342626,4,1
342621,342622,342626,4,1
342621,342622,342626,4,1
342621,342622,342626,4,1
342621,342624,342626,2,3
342621,342624,342627,3,3
342621,342622,342627,5,1
342621,342624,342628,4,3
342621,342622,342627,5,1
342621,342622,342628,6,1
342621,342622,342628,6,1
342621,342626,342628,2,5
342621,342627,342628,1,6
342621,342627,342628,1,6
342621,342627,342628,1,6
342621,342627,342629,2,6
342621,342628,342629,1,7
342621,342628,342629,1,7
342621,342627,342629,2,6
342621,342628,342629,1,7
342621,342628,342629,1,7
342621,342622,342630,8,1
342621,342628,342629,1,7
342621,342629,342630,1,8
342621,342622,342632,10,1
342621,342622,342631,9,1
342621,342622,342631,9,1
342637,342637,342638,1,0
342637,342637,342638,1,0
342637,342637,342638,1,0
342637,342637,342641,4,0
342637,342637,342642,5,0
342637,342639,342642,3,2
342637,342637,342642,5,0
342637,342637,342642,5,0
342637,342639,342641,2,2
342637,342637,342641,4,0
342637,342637,342643,6,0
342637,342637,342643,6,0
342637,342639,342642,3,2
342637,342637,342643,6,0
342637,342642,342644,2,5
342637,342641,342643,2,4
342637,342642,342644,2,5
342637,342637,342644,7,0
342637,342642,342644,2,5
342637,342642,342643,1,5
342637,342643,342644,1,6
342637,342642,342644,2,5
342637,342637,342644,7,0
342637,342642,342644,2,5
342637,342643,342644,1,6
342637,342643,342644,1,6
342637,342644,342645,1,7
342637,342644,342645,1,7
342637,342637,342646,9,0
342637,342637,342646,9,0
342637,342637,342647,10,0
342652,342652,342654,2,0
342652,342652,342654,2,0
342652,342652,342654,2,0
342652,342652,342656,4,0
342652,342652,342657,5,0
342652,342652,342657,5,0
342652,342655,342657,2,3
342652,342652,342658,6,0
342652,342652,342658,6,0
342652,342655,342658,3,3
342652,342652,342658,6,0
342652,342655,342658,3,3
342652,342652,342658,6,0
342652,342652,342659,7,0
342652,342652,342659,7,0
342652,342652,342659,7,0
342652,342658,342659,1,6
342652,342658,342659,1,6
342652,342658,342659,1,6
342652,342659,342660,1,7
342652,342659,342660,1,7
342652,342659,342660,1,7
342652,342658,342660,2,6
342652,342658,342660,2,6
342652,342659,342661,2,7
342652,342659,342660,1,7
342652,342652,342661,9,0
342652,342660,342661,1,8
342652,342660,342661,1,8
342652,342652,342662,10,0
342652,342652,342662,10,0
342668,342668,342669,1,0
342668,342668,342669,1,0
342668,342668,342669,1,0
342668,342668,342671,3,0
342668,342668,342671,3,0
342668,342668,342673,5,0
342668,342670,342672,2,2
342668,342668,342672,4,0
342668,342670,342673,3,2
342668,342668,342673,5,0
342668,342669,342672,3,1
342668,342668,342673,5,0
342668,342672,342674,2,4
342668,342668,342673,5,0
342668,342668,342673,5,0
342668,342668,342674,6,0
342668,342672,342674,2,4
342668,342673,342675,2,5
342668,342673,342675,2,5
342668,342674,342675,1,6
342668,342668,342674,6,0
342668,342673,342675,2,5
342668,342673,342675,2,5
342668,342674,342675,1,6
342668,342673,342674,1,5
342668,342673,342674,1,5
342668,342674,342675,1,6
342668,342674,342675,1,6
342668,342668,342675,7,0
342668,342668,342677,9,0
342668,342668,342677,9,0
342682,342682,342683,1,0
342682,342682,342683,1,0
342682,342682,342684,2,0
342682,342682,342686,4,0
342682,342683,342687,4,1
342682,342682,342687,5,0
342682,342684,342687,3,2
342682,342682,342687,5,0
342682,342685,342687,2,3
342682,342682,342687,5,0
342682,342682,342688,6,0
342682,342682,342688,6,0
342682,342682,342688,6,0
342682,342682,342688,6,0
342682,342682,342688,6,0
342682,342688,342689,1,6
342682,342682,342690,8,0
342682,342688,342689,1,6
342682,342688,342689,1,6
342682,342688,342689,1,6
342682,342687,342689,2,5
342682,342688,342689,1,6
342682,342689,342690,1,7
342682,342688,342690,2,6
342682,342689,342690,1,7
342682,342689,342690,1,7
342682,342689,342690,1,7
342682,342689,342690,1,7
342682,342682,342692,10,0
342682,342682,342692,10,0
342682,342682,342692,10,0
342697,342697,342698,1,0
342697,342697,342698,1,0
342697,342697,342698,1,0
342697,342697,342700,3,0
342697,342697,342701,4,0
342697,342697,342702,5,0
342697,342698,342702,4,1
342697,342697,342702,5,0
342697,342699,342702,3,2
342697,342697,342702,5,0
342697,342699,342701,2,2
342697,342697,342703,6,0
342697,342697,342702,5,0
342697,342701,342703,2,4
342697,342702,342704,2,5
342697,342702,342703,1,5
342697,342697,342704,7,0
342697,342702,342704,2,5
342697,342702,342704,2,5
342697,342702,342703,1,5
342697,342702,342703,1,5
342697,342701,342704,3,4
342697,342697,342705,8,0
342697,342703,342704,1,6
342697,342703,342705,2,6
342697,342703,342704,1,6
342697,342704,342705,1,7
342697,342697,342707,10,0
342697,342697,342706,9,0
342697,342697,342707,10,0
342697,342697,342707,10,0
342714,342714,342715,1,0
342714,342714,342715,1,0
342714,342714,342715,1,0
342714,342714,342717,3,0
342714,342715,342718,3,1
342714,342716,342718,2,2
342714,342714,342719,5,0
342714,342715,342719,4,1
342714,342714,342718,4,0
342714,342714,342719,5,0
342714,342714,342720,6,0
342714,342714,342720,6,0
342714,342714,342720,6,0
342714,342717,342720,3,3
342714,342718,342720,2,4
342714,342714,342721,7,0
342714,342714,342720,6,0
342714,342719,342720,1,5
342714,342719,342721,2,5
342714,342719,342721,2,5
342714,342719,342721,2,5
342714,342714,342721,7,0
342714,342719,342721,2,5
342714,342720,342721,1,6
342714,342721,342722,1,7
342714,342714,342722,8,0
342714,342721,342722,1,7
342714,342721,342722,1,7
342714,342721,342722,1,7
342714,342714,342724,10,0
342714,342714,342724,10,0
342730,342730,342731,1,0
342730,342730,342732,2,0
342730,342730,342731,1,0
342730,342730,342733,3,0
342730,342730,342735,5,0
342730,342730,342735,5,0
342730,342732,342735,3,2
342730,342730,342735,5,0
342730,342731,342735,4,1
342730,342730,342734,4,0
342730,342730,342736,6,0
342730,342732,342735,3,2
342730,342730,342736,6,0
342730,342730,342736,6,0
342730,342735,342737,2,5
342730,342735,342737,2,5
342730,342735,342737,2,5
342730,342735,342737,2,5
342730,342735,342737,2,5
342730,342730,342737,7,0
342730,342734,342737,3,4
342730,342735,342737,2,5
342730,342730,342737,7,0
342730,342730,342738,8,0
342730,342736,342738,2,6
342730,342736,342738,2,6
342730,342736,342738,2,6
342730,342737,342738,1,7
342730,342737,342738,1,7
342730,342730,342739,9,0
342730,342730,342740,10,0
342745,342745,342746,1,0
342745,342745,342746,1,0
342745,342745,342746,1,0
342745,342745,342749,4,0
342745,342745,342749,4,0
342745,342745,342750,5,0
342745,342745,342750,5,0
342745,342747,342750,3,2
342745,342745,342750,5,0
342745,342745,342749,4,0
342745,342747,342750,3,2
342745,342745,342751,6,0
342745,342747,342751,4,2
342745,342749,342751,2,4
342745,342745,342751,6,0
342745,342745,342752,7,0
342745,342750,342752,2,5
342745,342749,342752,3,4
342745,342750,342752,2,5
342745,342750,342752,2,5
342745,342750,342752,2,5
342745,342745,342752,7,0
342745,342750,342752,2,5
342745,342750,342752,2,5
342745,342751,342753,2,6
342745,342751,342752,1,6
342745,342751,342753,2,6
342745,342751,342752,1,6
342745,342745,342753,8,0
342745,342745,342754,9,0
342745,342745,342755,10,0
342760,342760,342761,1,0
342760,342760,342761,1,0
342760,342760,342761,1,0
342760,342760,342764,4,0
342760,342760,342764,4,0
342760,342760,342765,5,0
342760,342760,342765,5,0
342760,342762,342765,3,2
342760,342760,342766,6,0
342760,342760,342765,5,0
342760,342762,342765,3,2
342760,342760,342766,6,0
342760,342762,342765,3,2
342760,342760,342766,6,0
342760,342760,342766,6,0
342760,342765,342767,2,5
342760,342764,342767,3,4
342760,342764,342767,3,4
342760,342765,342767,2,5
342760,342765,342767,2,5
342760,342760,342767,7,0
342760,342766,342768,2,6
342760,342766,342768,2,6
342760,342766,342768,2,6
342760,342766,342768,2,6
342760,342766,342767,1,6
342760,342760,342768,8,0
342760,342766,342768,2,6
342760,342766,342767,1,6
342760,342760,342769,9,0
342760,342760,342770,10,0
342775,342775,342776,1,0
342775,342775,342776,1,0
342775,342775,342776,1,0
342775,342775,342778,3,0
342775,342775,342778,3,0
342775,342775,342778,3,0
342775,342776,342779,3,1
342775,342776,342779,3,1
342775,342775,342779,4,0
342775,342777,342779,2,2
342775,342775,342780,5,0
342775,342775,342781,6,0
342775,342779,342781,2,4
342775,342779,342781,2,4
342775,342775,342780,5,0
342775,342775,342781,6,0
342775,342778,342780,2,3
342775,342775,342780,5,0
342775,342779,342781,2,4
342775,342780,342781,1,5
342775,342780,342781,1,5
342775,342775,342781,6,0
342775,342780,342781,1,5
342775,342775,342781,6,0
342775,342780,342781,1,5
342775,342775,342782,7,0
342775,342781,342782,1,6
342775,342781,342782,1,6
342775,342781,342782,1,6
342775,342781,342782,1,6
342775,342775,342784,9,0
342789,342789,342790,1,0
342789,342789,342791,2,0
342789,342789,342791,2,0
342789,342789,342792,3,0
342789,342789,342793,4,0
342789,342789,342793,4,0
342789,342789,342793,4,0
342789,342789,342793,4,0
342789,342789,342794,5,0
342789,342789,342794,5,0
342789,342790,342794,4,1
342789,342791,342794,3,2
342789,342791,342794,3,2
342789,342789,342795,6,0
342789,342793,342795,2,4
342789,342789,342795,6,0
342789,342789,342795,6,0
342789,342793,342795,2,4
342789,342793,342795,2,4
342789,342789,342795,6,0
342789,342793,342795,2,4
342789,342794,342795,1,5
342789,342789,342796,7,0
342789,342795,342796,1,6
342789,342795,342796,1,6
342789,342795,342796,1,6
342789,342795,342796,1,6
342789,342795,342796,1,6
342789,342789,342796,7,0
342789,342796,342797,1,7
342789,342796,342797,1,7
342802,342802,342804,2,0
342802,342802,342803,1,0
342802,342802,342804,2,0
342802,342802,342805,3,0
342802,342802,342806,4,0
342802,342802,342806,4,0
342802,342802,342806,4,0
342802,342802,342807,5,0
342802,342804,342807,3,2
342802,342802,342807,5,0
342802,342805,342807,2,3
342802,342802,342808,6,0
342802,342804,342808,4,2
342802,342802,342808,6,0
342802,342807,342809,2,5
342802,342802,342808,6,0
342802,342802,342808,6,0
342802,342807,342808,1,5
342802,342807,342808,1,5
342802,342808,342809,1,6
342802,342807,342809,2,5
342802,342808,342809,1,6
342802,342802,342809,7,0
342802,342808,342809,1,6
342802,342808,342809,1,6
342802,342802,342810,8,0
342802,342809,342810,1,7
342802,342809,342810,1,7
342802,342802,342811,9,0
342802,342809,342810,1,7
342802,342809,342810,1,7
342815,342815,342816,1,0
342815,342815,342816,1,0
342815,342815,342816,1,0
342815,342815,342818,3,0
342815,342815,342818,3,0
342815,342815,342819,4,0
342815,342815,342818,3,0
342815,342815,342818,3,0
342815,342815,342819,4,0
342815,342815,342819,4,0
342815,342817,342820,3,2
342815,342815,342820,5,0
342815,342817,342820,3,2
342815,342815,342820,5,0
342815,342817,342820,3,2
342815,342818,342820,2,3
342815,342815,342820,5,0
342815,342819,342821,2,4
342815,342819,342821,2,4
342815,342819,342821,2,4
342815,342815,342821,6,0
342815,342818,342821,3,3
342815,342819,342820,1,4
342815,342815,342821,6,0
342815,342820,342821,1,5
342815,342820,342821,1,5
342815,342820,342821,1,5
342815,342820,342821,1,5
342815,342820,342821,1,5
342815,342820,342821,1,5
342815,342815,342822,7,0
342827,342827,342828,1,0
342827,342827,342828,1,0
342827,342827,342829,2,0
342827,342828,342830,2,1
342827,342828,342830,2,1
342827,342828,342830,2,1
342827,342828,342831,3,1
342827,342828,342831,3,1
342827,342828,342831,3,1
342827,342829,342831,2,2
342827,342828,342831,3,1
342827,342829,342831,2,2
342827,342828,342831,3,1
342827,342828,342831,3,1
342827,342828,342831,3,1
342827,342828,342832,4,1
342827,342832,342833,1,5
342827,342831,342832,1,4
342827,342831,342832,1,4
342827,342830,342832,2,3
342827,342828,342833,5,1
342827,342832,342833,1,5
342827,342832,342833,1,5
342827,342831,342833,2,4
342827,342832,342833,1,5
342827,342831,342833,2,4
342827,342832,342833,1,5
342827,342831,342833,2,4
342827,342832,342833,1,5
342827,342832,342833,1,5
342827,342828,342835,7,1
342840,342840,342841,1,0
342840,342840,342841,1,0
342840,342840,342842,2,0
342840,342840,342843,3,0
342840,342840,342843,3,0
342840,342840,342843,3,0
342840,342840,342844,4,0
342840,342840,342844,4,0
342840,342841,342844,3,1
342840,342840,342844,4,0
342840,342841,342844,3,1
342840,342840,342844,4,0
342840,342840,342844,4,0
342840,342840,342844,4,0
342840,342840,342845,5,0
342840,342840,342845,5,0
342840,342842,342845,3,2
342840,342844,342845,1,4
342840,342840,342846,6,0
342840,342845,342846,1,5
342840,342845,342846,1,5
342840,342845,342846,1,5
342840,342844,342846,2,4
342840,342845,342846,1,5
342840,342845,342846,1,5
342840,342845,342846,1,5
342840,342844,342846,2,4
342840,342845,342846,1,5
342840,342845,342846,1,5
342840,342846,342847,1,6
342840,342840,342849,9,0
342854,342854,342855,1,0
342854,342854,342855,1,0
342854,342854,342856,2,0
342854,342854,342857,3,0
342854,342854,342857,3,0
342854,342854,342857,3,0
342854,342854,342857,3,0
342854,342854,342857,3,0
342854,342854,342858,4,0
342854,342855,342858,3,1
342854,342854,342857,3,0
342854,342854,342857,3,0
342854,342855,342858,3,1
342854,342854,342858,4,0
342854,342856,342859,3,2
342854,342854,342859,5,0
342854,342854,342859,5,0
342854,342857,342859,2,3
342854,342857,342859,2,3
342854,342858,342859,1,4
342854,342858,342859,1,4
342854,342858,342859,1,4
342854,342858,342860,2,4
342854,342854,342859,5,0
342854,342857,342859,2,3
342854,342858,342859,1,4
342854,342858,342859,1,4
342854,342858,342860,2,4
342854,342854,342860,6,0
342854,342859,342860,1,5
342854,342859,342860,1,5
342865,342865,342867,2,0
342865,342865,342867,2,0
342865,342866,342867,1,1
342865,342865,342868,3,0
342865,342865,342868,3,0
342865,342866,342868,2,1
342865,342866,342869,3,1
342865,342865,342869,4,0
342865,342866,342869,3,1
342865,342865,342869,4,0
342865,342866,342869,3,1
342865,342868,342870,2,3
342865,342865,342870,5,0
342865,342865,342870,5,0
342865,342868,342870,2,3
342865,342869,342870,1,4
342865,342866,342870,4,1
342865,342868,342870,2,3
342865,342869,342870,1,4
342865,342865,342871,6,0
342865,342870,342871,1,5
342865,342870,342871,1,5
342865,342869,342871,2,4
342865,342870,342871,1,5
342865,342870,342871,1,5
342865,342869,342871,2,4
342865,342871,342872,1,6
342865,342866,342872,6,1
342865,342871,342872,1,6
342865,342871,342872,1,6
342865,342871,342872,1,6
342878,342879,342880,1,1
342878,342879,342880,1,1
342878,342879,342882,3,1
342878,342879,342881,2,1
342878,342879,342882,3,1
342878,342879,342882,3,1
342878,342879,342882,3,1
342878,342879,342882,3,1
342878,342879,342882,3,1
342878,342880,342882,2,2
342878,342879,342882,3,1
342878,342879,342884,5,1
342878,342879,342883,4,1
342878,342879,342883,4,1
342878,342881,342883,2,3
342878,342879,342883,4,1
342878,342881,342883,2,3
342878,342882,342883,1,4
342878,342879,342883,4,1
342878,342883,342884,1,5
342878,342883,342884,1,5
342878,342883,342884,1,5
342878,342883,342885,2,5
342878,342883,342884,1,5
342878,342883,342884,1,5
342878,342882,342884,2,4
342878,342883,342884,1,5
342878,342884,342885,1,6
342878,342884,342885,1,6
342878,342884,342885,1,6
342891,342891,342892,1,0
342891,342891,342892,1,0
342891,342891,342892,1,0
342891,342891,342894,3,0
342891,342891,342893,2,0
342891,342891,342894,3,0
342891,342892,342893,1,1
342891,342891,342894,3,0
342891,342891,342894,3,0
342891,342891,342894,3,0
342891,342891,342893,2,0
342891,342893,342895,2,2
342891,342893,342895,2,2
342891,342891,342894,3,0
342891,342891,342896,5,0
342891,342894,342896,2,3
342891,342895,342896,1,4
342891,342891,342895,4,0
342891,342894,342895,1,3
342891,342894,342895,1,3
342891,342894,342895,1,3
342891,342894,342895,1,3
342891,342891,342896,5,0
342891,342891,342896,5,0
342891,342894,342896,2,3
342891,342894,342895,1,3
342891,342895,342896,1,4
342891,342894,342896,2,3
342891,342895,342896,1,4
342891,342896,342897,1,5
342891,342891,342898,7,0
342903,342903,342904,1,0
342903,342903,342904,1,0
342903,342903,342904,1,0
342903,342904,342906,2,1
342903,342903,342905,2,0
342903,342903,342906,3,0
342903,342903,342906,3,0
342903,342903,342906,3,0
342903,342903,342906,3,0
342903,342904,342906,2,1
342903,342903,342907,4,0
342903,342903,342907,4,0
342903,342903,342906,3,0
342903,342905,342907,2,2
342903,342903,342907,4,0
342903,342903,342907,4,0
342903,342903,342908,5,0
342903,342906,342908,2,3
342903,342903,342908,5,0
342903,342906,342908,2,3
342903,342906,342908,2,3
342903,342907,342908,1,4
342903,342907,342908,1,4
342903,342908,342909,1,5
342903,342906,342908,2,3
342903,342906,342908,2,3
342903,342907,342909,2,4
342903,342908,342909,1,5
342903,342908,342909,1,5
342903,342908,342909,1,5
342903,342903,342910,7,0
342915,342915,342916,1,0
342915,342915,342916,1,0
342915,342915,342916,1,0
342915,342915,342917,2,0
342915,342915,342917,2,0
342915,342915,342918,3,0
342915,342915,342918,3,0
342915,342916,342918,2,1
342915,342915,342918,3,0
342915,342916,342918,2,1
342915,342915,342919,4,0
342915,342915,342918,3,0
342915,342917,342919,2,2
342915,342917,342919,2,2
342915,342915,342919,4,0
342915,342915,342918,3,0
342915,342917,342919,2,2
342915,342915,342920,5,0
342915,342918,342920,2,3
342915,342918,342920,2,3
342915,342918,342920,2,3
342915,342915,342920,5,0
342915,342918,342920,2,3
342915,342918,342920,2,3
342915,342919,342920,1,4
342915,342915,342921,6,0
342915,342919,342921,2,4
342915,342919,342920,1,4
342915,342919,342920,1,4
342915,342919,342921,2,4
342915,342915,342925,10,0
342930,342930,342931,1,0
342930,342930,342931,1,0
342930,342930,342931,1,0
342930,342930,342932,2,0
342930,342930,342932,2,0
342930,342930,342933,3,0
342930,342930,342933,3,0
342930,342931,342933,2,1
342930,342930,342933,3,0
342930,342930,342934,4,0
342930,342932,342934,2,2
342930,342930,342934,4,0
342930,342932,342934,2,2
342930,342930,342934,4,0
342930,342932,342934,2,2
342930,342930,342935,5,0
342930,342933,342935,2,3
342930,342933,342935,2,3
342930,342933,342935,2,3
342930,342930,342935,5,0
342930,342934,342935,1,4
342930,342932,342934,2,2
342930,342933,342934,1,3
342930,342934,342935,1,4
342930,342934,342936,2,4
342930,342930,342936,6,0
342930,342934,342936,2,4
342930,342934,342936,2,4
342930,342934,342936,2,4
342930,342930,342937,7,0
342930,342930,342939,9,0
342943,342944,342945,1,1
342943,342944,342945,1,1
342943,342944,342945,1,1
342943,342944,342945,1,1
342943,342944,342945,1,1
342943,342945,342946,1,2
342943,342944,342946,2,1
342943,342944,342947,3,1
342943,342944,342946,2,1
342943,342944,342946,2,1
342943,342944,342946,2,1
342943,342944,342946,2,1
342943,342946,342947,1,3
342943,342946,342947,1,3
342943,342946,342947,1,3
342943,342946,342948,2,3
342943,342947,342948,1,4
342943,342947,342948,1,4
342943,342944,342948,4,1
342943,342947,342948,1,4
342943,342946,342948,2,3
342943,342947,342948,1,4
342943,342947,342948,1,4
342943,342947,342948,1,4
342943,342948,342949,1,5
342943,342948,342949,1,5
342943,342944,342949,5,1
342943,342948,342949,1,5
342943,342944,342950,6,1
342943,342944,342950,6,1
342943,342944,342952,8,1
342957,342957,342958,1,0
342957,342957,342958,1,0
342957,342957,342958,1,0
342957,342957,342958,1,0
342957,342957,342958,1,0
342957,342957,342959,2,0
342957,342957,342959,2,0
342957,342957,342959,2,0
342957,342957,342958,1,0
342957,342957,342959,2,0
342957,342957,342960,3,0
342957,342958,342959,1,1
342957,342958,342959,1,1
342957,342958,342960,2,1
342957,342959,342961,2,2
342957,342959,342961,2,2
342957,342959,342961,2,2
342957,342959,342961,2,2
342957,342960,342961,1,3
342957,342959,342960,1,2
342957,342960,342961,1,3
342957,342959,342961,2,2
342957,342960,342961,1,3
342957,342959,342961,2,2
342957,342957,342962,5,0
342957,342960,342962,2,3
342957,342961,342962,1,4
342957,342957,342963,6,0
342957,342957,342963,6,0
342957,342957,342964,7,0
342957,342957,342963,6,0
342969,342969,342970,1,0
342969,342969,342970,1,0
342969,342969,342970,1,0
342969,342969,342970,1,0
342969,342969,342971,2,0
342969,342969,342970,1,0
342969,342969,342971,2,0
342969,342969,342971,2,0
342969,342969,342971,2,0
342969,342970,342971,1,1
342969,342969,342972,3,0
342969,342971,342972,1,2
342969,342971,342972,1,2
342969,342971,342972,1,2
342969,342971,342972,1,2
342969,342971,342972,1,2
342969,342969,342973,4,0
342969,342972,342973,1,3
342969,342972,342973,1,3
342969,342973,342974,1,4
342969,342969,342973,4,0
342969,342972,342973,1,3
342969,342972,342973,1,3
342969,342973,342974,1,4
342969,342969,342975,6,0
342969,342973,342974,1,4
342969,342973,342974,1,4
342969,342969,342974,5,0
342969,342973,342974,1,4
342969,342969,342974,5,0
342969,342969,342975,6,0
342980,342980,342981,1,0
342980,342980,342981,1,0
342980,342980,342981,1,0
342980,342980,342982,2,0
342980,342980,342982,2,0
342980,342980,342983,3,0
342980,342981,342983,2,1
342980,342980,342983,3,0
342980,342980,342982,2,0
342980,342980,342983,3,0
342980,342980,342983,3,0
342980,342982,342984,2,2
342980,342982,342983,1,2
342980,342982,342984,2,2
342980,342982,342983,1,2
342980,342983,342985,2,3
342980,342983,342985,2,3
342980,342983,342985,2,3
342980,342983,342985,2,3
342980,342983,342984,1,3
342980,342980,342984,4,0
342980,342983,342984,1,3
342980,342980,342986,6,0
342980,342980,342986,6,0
342980,342984,342985,1,4
342980,342980,342986,6,0
342980,342984,342985,1,4
342980,342984,342985,1,4
342980,342984,342985,1,4
342980,342980,342987,7,0
342980,342980,342986,6,0
342991,342991,342992,1,0
342991,342991,342992,1,0
342991,342991,342992,1,0
342991,342991,342993,2,0
342991,342991,342993,2,0
342991,342991,342993,2,0
342991,342991,342994,3,0
342991,342991,342993,2,0
342991,342991,342994,3,0
342991,342992,342994,2,1
342991,342992,342994,2,1
342991,342991,342994,3,0
342991,342992,342994,2,1
342991,342993,342995,2,2
342991,342993,342995,2,2
342991,342991,342995,4,0
342991,342993,342995,2,2
342991,342994,342996,2,3
342991,342994,342996,2,3
342991,342994,342996,2,3
342991,342995,342996,1,4
342991,342994,342996,2,3
342991,342994,342996,2,3
342991,342995,342996,1,4
342991,342995,342996,1,4
342991,342994,342996,2,3
342991,342991,342997,6,0
342991,342991,342997,6,0
342991,342991,342997,6,0
342991,342991,342997,6,0
342991,342991,342998,7,0
343003,343003,343004,1,0
343003,343003,343004,1,0
343003,343003,343004,1,0
343003,343003,343004,1,0
343003,343003,343005,2,0
343003,343003,343004,1,0
343003,343003,343005,2,0
343003,343004,343006,2,1
343003,343003,343006,3,0
343003,343005,343006,1,2
343003,343005,343006,1,2
343003,343003,343006,3,0
343003,343005,343006,1,2
343003,343005,343006,1,2
343003,343005,343006,1,2
343003,343003,343007,4,0
343003,343006,343008,2,3
343003,343003,343007,4,0
343003,343006,343007,1,3
343003,343003,343007,4,0
343003,343006,343007,1,3
343003,343007,343008,1,4
343003,343003,343009,6,0
343003,343007,343008,1,4
343003,343007,343008,1,4
343003,343003,343009,6,0
343003,343007,343008,1,4
343003,343007,343009,2,4
343003,343003,343009,6,0
343003,343007,343008,1,4
343003,343003,343008,5,0
343014,343014,343015,1,0
343014,343014,343015,1,0
343014,343014,343015,1,0
343014,343014,343015,1,0
343014,343014,343015,1,0
343014,343014,343016,2,0
343014,343014,343016,2,0
343014,343015,343016,1,1
343014,343014,343016,2,0
343014,343014,343017,3,0
343014,343016,343017,1,2
343014,343014,343017,3,0
343014,343016,343017,1,2
343014,343016,343017,1,2
343014,343016,343017,1,2
343014,343014,343017,3,0
343014,343016,343017,1,2
343014,343017,343018,1,3
343014,343014,343019,5,0
343014,343017,343018,1,3
343014,343014,343018,4,0
343014,343017,343018,1,3
343014,343014,343019,5,0
343014,343018,343019,1,4
343014,343018,343019,1,4
343014,343014,343019,5,0
343014,343018,343019,1,4
343014,343018,343019,1,4
343014,343018,343019,1,4
343014,343014,343019,5,0
343014,343018,343019,1,4
343024,343024,343025,1,0
343024,343024,343025,1,0
343024,343024,343026,2,0
343024,343024,343025,1,0
343024,343024,343026,2,0
343024,343024,343026,2,0
343024,343024,343025,1,0
343024,343024,343027,3,0
343024,343024,343026,2,0
343024,343024,343027,3,0
343024,343025,343027,2,1
343024,343026,343028,2,2
343024,343026,343027,1,2
343024,343026,343027,1,2
343024,343024,343028,4,0
343024,343026,343027,1,2
343024,343026,343028,2,2
343024,343026,343028,2,2
343024,343024,343028,4,0
343024,343024,343029,5,0
343024,343027,343029,2,3
343024,343027,343028,1,3
343024,343027,343028,1,3
343024,343024,343029,5,0
343024,343027,343028,1,3
343024,343024,343029,5,0
343024,343028,343030,2,4
343024,343028,343030,2,4
343024,343024,343029,5,0
343024,343028,343030,2,4
343024,343028,343029,1,4
343035,343035,343036,1,0
343035,343035,343036,1,0
343035,343035,343036,1,0
343035,343035,343036,1,0
343035,343035,343036,1,0
343035,343035,343036,1,0
343035,343035,343037,2,0
343035,343035,343036,1,0
343035,343035,343036,1,0
343035,343035,343038,3,0
343035,343036,343037,1,1
343035,343036,343037,1,1
343035,343035,343038,3,0
343035,343036,343037,1,1
343035,343037,343038,1,2
343035,343037,343038,1,2
343035,343037,343039,2,2
343035,343035,343038,3,0
343035,343037,343038,1,2
343035,343035,343039,4,0
343035,343037,343038,1,2
343035,343035,343038,3,0
343035,343037,343038,1,2
343035,343035,343039,4,0
343035,343039,343040,1,4
343035,343035,343039,4,0
343035,343038,343039,1,3
343035,343038,343039,1,3
343035,343038,343039,1,3
343035,343038,343040,2,3
343035,343038,343039,1,3
343045,343045,343046,1,0
343045,343045,343047,2,0
343045,343045,343046,1,0
343045,343045,343047,2,0
343045,343045,343046,1,0
343045,343045,343047,2,0
343045,343045,343047,2,0
343045,343045,343047,2,0
343045,343045,343046,1,0
343045,343045,343048,3,0
343045,343045,343048,3,0
343045,343045,343047,2,0
343045,343045,343047,2,0
343045,343045,343048,3,0
343045,343047,343048,1,2
343045,343047,343048,1,2
343045,343045,343048,3,0
343045,343047,343048,1,2
343045,343047,343048,1,2
343045,343047,343048,1,2
343045,343047,343049,2,2
343045,343047,343048,1,2
343045,343047,343049,2,2
343045,343047,343049,2,2
343045,343045,343049,4,0
343045,343048,343049,1,3
343045,343048,343050,2,3
343045,343048,343050,2,3
343045,343048,343049,1,3
343045,343048,343049,1,3
343045,343049,343050,1,4
343056,343056,343057,1,0
343056,343056,343057,1,0
343056,343056,343057,1,0
343056,343056,343057,1,0
343056,343056,343057,1,0
343056,343056,343058,2,0
343056,343056,343057,1,0
343056,343056,343057,1,0
343056,343056,343057,1,0
343056,343056,343058,2,0
343056,343056,343058,2,0
343056,343056,343058,2,0
343056,343056,343059,3,0
343056,343056,343058,2,0
343056,343056,343059,3,0
343056,343057,343058,1,1
343056,343056,343058,2,0
343056,343057,343058,1,1
343056,343058,343059,1,2
343056,343058,343059,1,2
343056,343058,343060,2,2
343056,343058,343059,1,2
343056,343058,343059,1,2
343056,343058,343059,1,2
343056,343059,343060,1,3
343056,343058,343060,2,2
343056,343058,343060,2,2
343056,343058,343059,1,2
343056,343059,343060,1,3
343056,343059,343060,1,3
343056,343059,343060,1,3
343065,343065,343066,1,0
343065,343065,343066,1,0
343065,343065,343066,1,0
343065,343065,343066,1,0
343065,343065,343067,2,0
343065,343065,343066,1,0
343065,343065,343066,1,0
343065,343065,343067,2,0
343065,343065,343067,2,0
343065,343065,343067,2,0
343065,343065,343067,2,0
343065,343065,343067,2,0
343065,343066,343067,1,1
343065,343065,343068,3,0
343065,343066,343067,1,1
343065,343067,343068,1,2
343065,343066,343067,1,1
343065,343067,343069,2,2
343065,343065,343069,4,0
343065,343067,343068,1,2
343065,343067,343069,2,2
343065,343065,343068,3,0
343065,343067,343069,2,2
343065,343067,343069,2,2
343065,343065,343068,3,0
343065,343067,343068,1,2
343065,343068,343069,1,3
343065,343068,343069,1,3
343065,343068,343069,1,3
343065,343068,343069,1,3
343065,343068,343070,2,3
343074,343074,343075,1,0
343074,343074,343075,1,0
343074,343074,343075,1,0
343074,343074,343075,1,0
343074,343074,343076,2,0
343074,343074,343076,2,0
343074,343074,343076,2,0
343074,343074,343076,2,0
343074,343074,343076,2,0
343074,343074,343076,2,0
343074,343075,343076,1,1
343074,343074,343076,2,0
343074,343074,343077,3,0
343074,343075,343077,2,1
343074,343074,343077,3,0
343074,343076,343077,1,2
343074,343076,343077,1,2
343074,343074,343078,4,0
343074,343076,343078,2,2
343074,343077,343078,1,3
343074,343077,343078,1,3
343074,343074,343078,4,0
343074,343077,343078,1,3
343074,343077,343078,1,3
343074,343077,343078,1,3
343074,343077,343078,1,3
343074,343078,343079,1,4
343074,343074,343078,4,0
343074,343077,343078,1,3
343074,343078,343079,1,4
343074,343078,343079,1,4
343084,343084,343085,1,0
343084,343084,343085,1,0
343084,343084,343085,1,0
343084,343084,343085,1,0
343084,343084,343085,1,0
343084,343084,343085,1,0
343084,343084,343085,1,0
343084,343084,343085,1,0
343084,343085,343086,1,1
343084,343084,343086,2,0
343084,343084,343085,1,0
343084,343085,343086,1,1
343084,343084,343086,2,0
343084,343085,343086,1,1
343084,343086,343087,1,2
343084,343084,343086,2,0
343084,343085,343086,1,1
343084,343086,343087,1,2
343084,343086,343087,1,2
343084,343084,343087,3,0
343084,343086,343087,1,2
343084,343086,343087,1,2
343084,343086,343088,2,2
343084,343084,343088,4,0
343084,343086,343087,1,2
343084,343086,343088,2,2
343084,343084,343088,4,0
343084,343087,343088,1,3
343084,343087,343088,1,3
343084,343087,343088,1,3
343084,343084,343089,5,0
343093,343093,343094,1,0
343093,343093,343094,1,0
343093,343093,343095,2,0
343093,343093,343095,2,0
343093,343094,343095,1,1
343093,343094,343095,1,1
343093,343094,343095,1,1
343093,343094,343095,1,1
343093,343095,343096,1,2
343093,343093,343097,4,0
343093,343094,343096,2,1
343093,343093,343096,3,0
343093,343095,343096,1,2
343093,343096,343097,1,3
343093,343094,343097,3,1
343093,343095,343096,1,2
343093,343093,343097,4,0
343093,343093,343097,4,0
343093,343096,343097,1,3
343093,343093,343097,4,0
343093,343096,343097,1,3
343093,343096,343097,1,3
343093,343094,343098,4,1
343093,343096,343097,1,3
343093,343097,343098,1,4
343093,343097,343098,1,4
343093,343097,343098,1,4
343093,343097,343098,1,4
343093,343097,343098,1,4
343093,343097,343098,1,4
343093,343097,343098,1,4
343103,343103,343104,1,0
343103,343103,343105,2,0
343103,343103,343105,2,0
343103,343103,343105,2,0
343103,343103,343104,1,0
343103,343103,343105,2,0
343103,343103,343104,1,0
343103,343103,343105,2,0
343103,343103,343106,3,0
343103,343103,343106,3,0
343103,343103,343106,3,0
343103,343103,343107,4,0
343103,343105,343107,2,2
343103,343105,343107,2,2
343103,343103,343107,4,0
343103,343105,343107,2,2
343103,343105,343107,2,2
343103,343105,343106,1,2
343103,343105,343106,1,2
343103,343103,343107,4,0
343103,343105,343106,1,2
343103,343105,343106,1,2
343103,343103,343108,5,0
343103,343106,343108,2,3
343103,343107,343108,1,4
343103,343106,343108,2,3
343103,343106,343108,2,3
343103,343103,343108,5,0
343103,343107,343109,2,4
343103,343107,343109,2,4
343103,343107,343108,1,4
343113,343113,343114,1,0
343113,343113,343114,1,0
343113,343113,343114,1,0
343113,343113,343115,2,0
343113,343113,343114,1,0
343113,343113,343115,2,0
343113,343113,343115,2,0
343113,343113,343115,2,0
343113,343113,343114,1,0
343113,343113,343115,2,0
343113,343113,343116,3,0
343113,343113,343116,3,0
343113,343113,343115,2,0
343113,343114,343116,2,1
343113,343113,343116,3,0
343113,343115,343116,1,2
343113,343115,343116,1,2
343113,343115,343116,1,2
343113,343113,343116,3,0
343113,343114,343116,2,1
343113,343116,343117,1,3
343113,343116,343117,1,3
343113,343113,343116,3,0
343113,343115,343116,1,2
343113,343115,343117,2,2
343113,343115,343116,1,2
343113,343116,343117,1,3
343113,343116,343117,1,3
343113,343116,343117,1,3
343113,343116,343118,2,3
343113,343116,343117,1,3
343122,343122,343123,1,0
343122,343122,343124,2,0
343122,343122,343124,2,0
343122,343122,343123,1,0
343122,343122,343124,2,0
343122,343122,343124,2,0
343122,343122,343124,2,0
343122,343122,343124,2,0
343122,343123,343124,1,1
343122,343122,343124,2,0
343122,343122,343124,2,0
343122,343122,343124,2,0
343122,343122,343124,2,0
343122,343124,343125,1,2
343122,343122,343125,3,0
343122,343122,343126,4,0
343122,343124,343125,1,2
343122,343124,343126,2,2
343122,343125,343126,1,3
343122,343124,343126,2,2
343122,343124,343126,2,2
343122,343126,343127,1,4
343122,343122,343126,4,0
343122,343125,343126,1,3
343122,343125,343126,1,3
343122,343122,343127,5,0
343122,343126,343127,1,4
343132,343132,343133,1,0
343132,343132,343133,1,0
343132,343132,343133,1,0
343132,343132,343133,1,0
343132,343132,343133,1,0
343132,343132,343134,2,0
343132,343132,343134,2,0
343132,343132,343134,2,0
343132,343132,343133,1,0
343132,343132,343133,1,0
343132,343132,343133,1,0
343132,343132,343134,2,0
343132,343134,343135,1,2
343132,343132,343135,3,0
343132,343133,343134,1,1
343132,343134,343135,1,2
343132,343134,343135,1,2
343132,343132,343134,2,0
343132,343133,343134,1,1
343132,343134,343135,1,2
343132,343132,343134,2,0
343132,343134,343135,1,2
343132,343132,343135,3,0
343132,343134,343135,1,2
343132,343135,343136,1,3
343132,343134,343135,1,2
343132,343134,343135,1,2
343132,343134,343135,1,2
343132,343135,343136,1,3
343132,343135,343136,1,3
343132,343135,343136,1,3
343141,343141,343142,1,0
343141,343141,343142,1,0
343141,343141,343142,1,0
343141,343141,343146,5,0
343141,343143,343146,3,2
343141,343141,343145,4,0
343141,343141,343146,5,0
343141,343143,343146,3,2
343141,343141,343147,6,0
343141,343143,343147,4,2
343141,343146,343148,2,5
343141,343141,343148,7,0
343141,343141,343148,7,0
343141,343147,343149,2,6
343141,343147,343149,2,6
343141,343147,343149,2,6
343141,343147,343149,2,6
343141,343146,343148,2,5
343141,343146,343149,3,5
343141,343141,343150,9,0
343141,343149,343150,1,8
343141,343148,343149,1,7
343141,343148,343149,1,7
343141,343141,343149,8,0
343141,343148,343149,1,7
343141,343141,343151,10,0
343141,343149,343150,1,8
343141,343141,343151,10,0
343141,343141,343151,10,0
343141,343141,343150,9,0
343141,343141,343151,10,0
343155,343155,343156,1,0
343155,343155,343157,2,0
343155,343155,343157,2,0
343155,343156,343160,4,1
343155,343155,343160,5,0
343155,343155,343160,5,0
343155,343158,343160,2,3
343155,343155,343161,6,0
343155,343157,343161,4,2
343155,343155,343161,6,0
343155,343155,343162,7,0
343155,343161,343162,1,6
343155,343161,343162,1,6
343155,343161,343162,1,6
343155,343161,343163,2,6
343155,343162,343163,1,7
343155,343162,343163,1,7
343155,343162,343163,1,7
343155,343155,343164,9,0
343155,343163,343164,1,8
343155,343164,343165,1,9
343155,343155,343164,9,0
343155,343163,343164,1,8
343155,343163,343164,1,8
343155,343163,343164,1,8
343155,343155,343165,10,0
343155,343155,343165,10,0
343155,343155,343165,10,0
343155,343155,343165,10,0
343155,343155,343165,10,0
343155,343155,343165,10,0
343170,343170,343171,1,0
343170,343170,343172,2,0
343170,343170,343171,1,0
343170,343170,343174,4,0
343170,343170,343174,4,0
343170,343172,343175,3,2
343170,343170,343175,5,0
343170,343172,343176,4,2
343170,343172,343175,3,2
343170,343170,343177,7,0
343170,343170,343177,7,0
343170,343174,343177,3,4
343170,343175,343177,2,5
343170,343176,343178,2,6
343170,343176,343178,2,6
343170,343176,343178,2,6
343170,343175,343177,2,5
343170,343170,343178,8,0
343170,343178,343179,1,8
343170,343177,343178,1,7
343170,343170,343179,9,0
343170,343177,343178,1,7
343170,343177,343179,2,7
343170,343177,343178,1,7
343170,343170,343180,10,0
343170,343178,343179,1,8
343170,343170,343180,10,0
343170,343170,343180,10,0
343170,343170,343180,10,0
343170,343170,343180,10,0
343170,343170,343180,10,0
343185,343185,343187,2,0
343185,343185,343186,1,0
343185,343185,343186,1,0
343185,343185,343189,4,0
343185,343185,343189,4,0
343185,343185,343190,5,0
343185,343185,343190,5,0
343185,343187,343190,3,2
343185,343187,343190,3,2
343185,343187,343191,4,2
343185,343189,343191,2,4
343185,343189,343191,2,4
343185,343190,343192,2,5
343185,343190,343192,2,5
343185,343191,343192,1,6
343185,343191,343192,1,6
343185,343185,343193,8,0
343185,343191,343192,1,6
343185,343191,343192,1,6
343185,343191,343192,1,6
343185,343185,343194,9,0
343185,343185,343193,8,0
343185,343192,343193,1,7
343185,343185,343194,9,0
343185,343192,343193,1,7
343185,343185,343195,10,0
343185,343185,343195,10,0
343185,343193,343194,1,8
343185,343185,343194,9,0
343185,343185,343195,10,0
343185,343185,343195,10,0
343200,343200,343201,1,0
343200,343200,343201,1,0
343200,343200,343201,1,0
343200,343200,343204,4,0
343200,343200,343204,4,0
343200,343202,343204,2,2
343200,343200,343204,4,0
343200,343202,343205,3,2
343200,343202,343205,3,2
343200,343200,343206,6,0
343200,343205,343207,2,5
343200,343205,343207,2,5
343200,343204,343206,2,4
343200,343205,343206,1,5
343200,343200,343207,7,0
343200,343206,343207,1,6
343200,343206,343207,1,6
343200,343200,343208,8,0
343200,343208,343209,1,8
343200,343200,343208,8,0
343200,343207,343208,1,7
343200,343200,343209,9,0
343200,343207,343208,1,7
343200,343207,343208,1,7
343200,343200,343208,8,0
343200,343207,343208,1,7
343200,343207,343208,1,7
343200,343200,343209,9,0
343200,343200,343210,10,0
343200,343200,343210,10,0
343200,343200,343210,10,0
343216,343216,343217,1,0
343216,343216,343217,1,0
343216,343216,343217,1,0
343216,343216,343220,4,0
343216,343216,343221,5,0
343216,343218,343221,3,2
343216,343218,343221,3,2
343216,343216,343221,5,0
343216,343218,343221,3,2
343216,343221,343223,2,5
343216,343221,343223,2,5
343216,343222,343223,1,6
343216,343221,343223,2,5
343216,343222,343223,1,6
343216,343216,343223,7,0
343216,343216,343224,8,0
343216,343222,343223,1,6
343216,343216,343225,9,0
343216,343216,343225,9,0
343216,343223,343224,1,7
343216,343216,343224,8,0
343216,343216,343224,8,0
343216,343223,343224,1,7
343216,343216,343225,9,0
343216,343216,343226,10,0
343216,343224,343225,1,8
343216,343216,343226,10,0
343216,343224,343225,1,8
343216,343216,343225,9,0
343216,343224,343225,1,8
343216,343224,343225,1,8
343230,343230,343232,2,0
343230,343230,343232,2,0
343230,343230,343232,2,0
343230,343230,343234,4,0
343230,343232,343236,4,2
343230,343232,343236,4,2
343230,343232,343236,4,2
343230,343230,343236,6,0
343230,343230,343237,7,0
343230,343230,343237,7,0
343230,343234,343237,3,4
343230,343230,343238,8,0
343230,343230,343238,8,0
343230,343237,343238,1,7
343230,343237,343238,1,7
343230,343230,343238,8,0
343230,343230,343238,8,0
343230,343236,343238,2,6
343230,343230,343238,8,0
343230,343230,343238,8,0
343230,343237,343238,1,7
343230,343238,343239,1,8
343230,343230,343239,9,0
343230,343238,343239,1,8
343230,343238,343239,1,8
343230,343230,343240,10,0
343230,343239,343240,1,9
343230,343239,343240,1,9
343230,343239,343240,1,9
343230,343230,343240,10,0
343230,343239,343240,1,9
343245,343245,343246,1,0
343245,343245,343246,1,0
343245,343245,343247,2,0
343245,343246,343250,4,1
343245,343247,343250,3,2
343245,343245,343250,5,0
343245,343245,343251,6,0
343245,343247,343251,4,2
343245,343245,343251,6,0
343245,343245,343252,7,0
343245,343245,343252,7,0
343245,343245,343252,7,0
343245,343250,343252,2,5
343245,343245,343253,8,0
343245,343245,343253,8,0
343245,343250,343253,3,5
343245,343245,343253,8,0
343245,343252,343253,1,7
343245,343252,343253,1,7
343245,343245,343253,8,0
343245,343252,343253,1,7
343245,343245,343253,8,0
343245,343252,343253,1,7
343245,343253,343254,1,8
343245,343253,343254,1,8
343245,343253,343254,1,8
343245,343253,343254,1,8
343245,343245,343255,10,0
343245,343254,343255,1,9
343245,343254,343255,1,9
343245,343245,343255,10,0
352816,352816,352817,1,0
352816,352816,352818,2,0
352816,352816,352817,1,0
352816,352816,352821,5,0
352816,352818,352822,4,2
352816,352816,352822,6,0
352816,352816,352821,5,0
352816,352818,352822,4,2
352816,352816,352822,6,0
352816,352816,352823,7,0
352816,352816,352824,8,0
352816,352816,352824,8,0
352816,352817,352824,7,1
352816,352822,352824,2,6
352816,352816,352824,8,0
352816,352816,352824,8,0
352816,352822,352824,2,6
352816,352822,352824,2,6
352816,352821,352824,3,5
352816,352822,352825,3,6
352816,352823,352825,2,7
352816,352816,352825,9,0
352816,352816,352825,9,0
352816,352824,352825,1,8
352816,352825,352826,1,9
352816,352816,352826,10,0
352816,352824,352826,2,8
352816,352824,352826,2,8
352816,352825,352826,1,9
352816,352825,352826,1,9
352816,352816,352826,10,0
352833,352833,352834,1,0
352833,352833,352834,1,0
352833,352833,352834,1,0
352833,352833,352838,5,0
352833,352835,352838,3,2
352833,352834,352838,4,1
352833,352833,352839,6,0
352833,352833,352838,5,0
352833,352833,352840,7,0
352833,352835,352840,5,2
352833,352838,352841,3,5
352833,352833,352841,8,0
352833,352838,352840,2,5
352833,352839,352841,2,6
352833,352833,352840,7,0
352833,352839,352841,2,6
352833,352833,352841,8,0
352833,352839,352841,2,6
352833,352833,352842,9,0
352833,352833,352841,8,0
352833,352833,352841,8,0
352833,352840,352842,2,7
352833,352840,352841,1,7
352833,352841,352842,1,8
352833,352833,352843,10,0
352833,352841,352842,1,8
352833,352833,352843,10,0
352833,352841,352842,1,8
352833,352841,352842,1,8
352833,352833,352843,10,0
352833,352841,352842,1,8
352848,352848,352850,2,0
352848,352848,352850,2,0
352848,352848,352850,2,0
352848,352849,352853,4,1
352848,352849,352853,4,1
352848,352851,352854,3,3
352848,352851,352854,3,3
352848,352849,352855,6,1
352848,352851,352854,3,3
352848,352849,352855,6,1
352848,352849,352855,6,1
352848,352849,352856,7,1
352848,352855,352857,2,7
352848,352849,352856,7,1
352848,352855,352856,1,7
352848,352849,352857,8,1
352848,352849,352856,7,1
352848,352854,352856,2,6
352848,352855,352856,1,7
352848,352849,352857,8,1
352848,352854,352857,3,6
352848,352855,352856,1,7
352848,352856,352857,1,8
352848,352856,352857,1,8
352848,352849,352858,9,1
352848,352857,352858,1,9
352848,352857,352858,1,9
352848,352849,352858,9,1
352848,352849,352858,9,1
352848,352857,352858,1,9
352848,352857,352858,1,9
352867,352867,352869,2,0
352867,352867,352868,1,0
352867,352867,352869,2,0
352867,352867,352872,5,0
352867,352869,352872,3,2
352867,352867,352872,5,0
352867,352869,352873,4,2
352867,352867,352872,5,0
352867,352867,352873,6,0
352867,352867,352874,7,0
352867,352869,352874,5,2
352867,352867,352875,8,0
352867,352873,352875,2,6
352867,352867,352875,8,0
352867,352872,352875,3,5
352867,352873,352875,2,6
352867,352867,352875,8,0
352867,352873,352875,2,6
352867,352867,352875,8,0
352867,352873,352875,2,6
352867,352874,352876,2,7
352867,352874,352876,2,7
352867,352867,352875,8,0
352867,352867,352876,9,0
352867,352875,352876,1,8
352867,352872,352875,3,5
352867,352867,352877,10,0
352867,352875,352877,2,8
352867,352875,352877,2,8
352867,352867,352877,10,0
352867,352875,352876,1,8
352882,352882,352883,1,0
352882,352882,352883,1,0
352882,352882,352884,2,0
352882,352882,352887,5,0
352882,352882,352887,5,0
352882,352884,352887,3,2
352882,352884,352888,4,2
352882,352882,352888,6,0
352882,352883,352887,4,1
352882,352882,352888,6,0
352882,352882,352889,7,0
352882,352882,352889,7,0
352882,352882,352890,8,0
352882,352888,352890,2,6
352882,352888,352890,2,6
352882,352888,352890,2,6
352882,352882,352890,8,0
352882,352887,352890,3,5
352882,352887,352889,2,5
352882,352887,352890,3,5
352882,352888,352890,2,6
352882,352882,352891,9,0
352882,352882,352891,9,0
352882,352889,352891,2,7
352882,352890,352891,1,8
352882,352882,352891,9,0
352882,352889,352891,2,7
352882,352882,352892,10,0
352882,352890,352892,2,8
352882,352890,352892,2,8
352882,352882,352892,10,0
352897,352898,352899,1,1
352897,352898,352899,1,1
352897,352898,352899,1,1
352897,352897,352902,5,0
352897,352898,352902,4,1
352897,352898,352902,4,1
352897,352900,352902,2,3
352897,352898,352904,6,1
352897,352900,352904,4,3
352897,352899,352903,4,2
352897,352898,352904,6,1
352897,352898,352904,6,1
352897,352903,352905,2,6
352897,352903,352904,1,6
352897,352903,352905,2,6
352897,352903,352905,2,6
352897,352898,352905,7,1
352897,352904,352905,1,7
352897,352898,352905,7,1
352897,352904,352905,1,7
352897,352904,352906,2,7
352897,352898,352906,8,1
352897,352905,352906,1,8
352897,352898,352906,8,1
352897,352898,352907,9,1
352897,352905,352906,1,8
352897,352905,352906,1,8
352897,352898,352907,9,1
352897,352906,352907,1,9
352897,352898,352907,9,1
352897,352905,352907,2,8
352913,352913,352915,2,0
352913,352913,352915,2,0
352913,352914,352915,1,1
352913,352914,352918,4,1
352913,352914,352918,4,1
352913,352916,352919,3,3
352913,352914,352919,5,1
352913,352916,352920,4,3
352913,352916,352920,4,3
352913,352914,352920,6,1
352913,352914,352920,6,1
352913,352914,352920,6,1
352913,352913,352921,8,0
352913,352914,352921,7,1
352913,352920,352921,1,7
352913,352920,352921,1,7
352913,352919,352921,2,6
352913,352919,352921,2,6
352913,352914,352921,7,1
352913,352919,352921,2,6
352913,352921,352922,1,8
352913,352921,352922,1,8
352913,352914,352922,8,1
352913,352921,352922,1,8
352913,352921,352922,1,8
352913,352914,352923,9,1
352913,352922,352923,1,9
352913,352922,352923,1,9
352913,352913,352923,10,0
352913,352922,352923,1,9
352913,352914,352923,9,1
352933,352933,352934,1,0
352933,352933,352934,1,0
352933,352933,352934,1,0
352933,352933,352937,4,0
352933,352933,352938,5,0
352933,352935,352937,2,2
352933,352935,352938,3,2
352933,352933,352938,5,0
352933,352933,352938,5,0
352933,352935,352939,4,2
352933,352938,352940,2,5
352933,352933,352940,7,0
352933,352933,352940,7,0
352933,352933,352941,8,0
352933,352939,352940,1,6
352933,352933,352940,7,0
352933,352938,352940,2,5
352933,352939,352940,1,6
352933,352933,352940,7,0
352933,352938,352940,2,5
352933,352939,352941,2,6
352933,352939,352940,1,6
352933,352933,352942,9,0
352933,352933,352941,8,0
352933,352940,352941,1,7
352933,352933,352941,8,0
352933,352933,352942,9,0
352933,352941,352942,1,8
352933,352941,352942,1,8
352933,352941,352942,1,8
352933,352941,352942,1,8
352948,352948,352949,1,0
352948,352948,352950,2,0
352948,352948,352950,2,0
352948,352948,352953,5,0
352948,352950,352953,3,2
352948,352948,352953,5,0
352948,352950,352954,4,2
352948,352948,352953,5,0
352948,352948,352955,7,0
352948,352948,352955,7,0
352948,352950,352954,4,2
352948,352948,352955,7,0
352948,352948,352955,7,0
352948,352948,352955,7,0
352948,352954,352956,2,6
352948,352953,352956,3,5
352948,352953,352956,3,5
352948,352953,352956,3,5
352948,352955,352956,1,7
352948,352948,352957,9,0
352948,352955,352957,2,7
352948,352955,352957,2,7
352948,352955,352957,2,7
352948,352948,352957,9,0
352948,352948,352957,9,0
352948,352955,352957,2,7
352948,352948,352957,9,0
352948,352955,352957,2,7
352948,352948,352958,10,0
352948,352956,352957,1,8
352948,352956,352958,2,8
352964,352964,352965,1,0
352964,352964,352965,1,0
352964,352964,352965,1,0
352964,352966,352969,3,2
352964,352964,352969,5,0
352964,352964,352970,6,0
352964,352966,352970,4,2
352964,352966,352970,4,2
352964,352964,352969,5,0
352964,352964,352971,7,0
352964,352964,352971,7,0
352964,352964,352972,8,0
352964,352970,352972,2,6
352964,352964,352972,8,0
352964,352970,352972,2,6
352964,352964,352972,8,0
352964,352969,352971,2,5
352964,352969,352971,2,5
352964,352970,352972,2,6
352964,352964,352973,9,0
352964,352971,352973,2,7
352964,352970,352972,2,6
352964,352971,352973,2,7
352964,352964,352974,10,0
352964,352972,352974,2,8
352964,352972,352974,2,8
352964,352964,352973,9,0
352964,352964,352974,10,0
352964,352972,352973,1,8
352964,352972,352973,1,8
352964,352964,352973,9,0
352980,352981,352982,1,1
352980,352981,352982,1,1
352980,352981,352984,3,1
352980,352982,352986,4,2
352980,352983,352985,2,3
352980,352981,352985,4,1
352980,352983,352986,3,3
352980,352981,352986,5,1
352980,352981,352987,6,1
352980,352981,352987,6,1
352980,352981,352987,6,1
352980,352985,352987,2,5
352980,352987,352989,2,7
352980,352981,352988,7,1
352980,352986,352988,2,6
352980,352986,352988,2,6
352980,352987,352988,1,7
352980,352986,352988,2,6
352980,352981,352989,8,1
352980,352988,352989,1,8
352980,352988,352989,1,8
352980,352988,352990,2,8
352980,352988,352990,2,8
352980,352981,352990,9,1
352980,352981,352990,9,1
352980,352989,352990,1,9
352980,352981,352990,9,1
352980,352989,352990,1,9
352980,352981,352990,9,1
352980,352981,352990,9,1
352996,352996,352997,1,0
352996,352996,352997,1,0
352996,352996,352997,1,0
352996,352996,352999,3,0
352996,352996,353000,4,0
352996,352996,353001,5,0
352996,352998,353001,3,2
352996,352996,353002,6,0
352996,352998,353002,4,2
352996,352996,353002,6,0
352996,352996,353002,6,0
352996,352998,353002,4,2
352996,353000,353002,2,4
352996,353001,353003,2,5
352996,353002,353004,2,6
352996,352996,353003,7,0
352996,352996,353004,8,0
352996,353002,353004,2,6
352996,352996,353003,7,0
352996,353001,353003,2,5
352996,353001,353003,2,5
352996,352996,353005,9,0
352996,353003,353004,1,7
352996,353003,353005,2,7
352996,353003,353004,1,7
352996,353004,353005,1,8
352996,353003,353004,1,7
352996,352996,353005,9,0
352996,352996,353005,9,0
352996,352996,353005,9,0
352996,353004,353005,1,8
353012,353012,353013,1,0
353012,353012,353013,1,0
353012,353012,353013,1,0
353012,353012,353016,4,0
353012,353012,353016,4,0
353012,353014,353017,3,2
353012,353014,353018,4,2
353012,353014,353018,4,2
353012,353012,353017,5,0
353012,353012,353018,6,0
353012,353012,353019,7,0
353012,353012,353018,6,0
353012,353012,353019,7,0
353012,353012,353020,8,0
353012,353012,353019,7,0
353012,353017,353019,2,5
353012,353018,353020,2,6
353012,353012,353020,8,0
353012,353017,353019,2,5
353012,353018,353019,1,6
353012,353017,353019,2,5
353012,353018,353020,2,6
353012,353018,353020,2,6
353012,353019,353020,1,7
353012,353020,353021,1,8
353012,353019,353020,1,7
353012,353019,353021,2,7
353012,353012,353022,10,0
353012,353012,353021,9,0
353012,353020,353021,1,8
353012,353012,353021,9,0
353028,353028,353029,1,0
353028,353028,353030,2,0
353028,353028,353029,1,0
353028,353028,353033,5,0
353028,353028,353033,5,0
353028,353030,353033,3,2
353028,353030,353034,4,2
353028,353028,353034,6,0
353028,353028,353035,7,0
353028,353030,353035,5,2
353028,353028,353035,7,0
353028,353028,353035,7,0
353028,353028,353036,8,0
353028,353034,353036,2,6
353028,353034,353036,2,6
353028,353034,353036,2,6
353028,353035,353036,1,7
353028,353036,353037,1,8
353028,353036,353037,1,8
353028,353035,353037,2,7
353028,353036,353037,1,8
353028,353037,353038,1,9
353028,353036,353037,1,8
353028,353028,353038,10,0
353028,353028,353038,10,0
353028,353028,353038,10,0
353028,353028,353038,10,0
353028,353037,353038,1,9
353028,353028,353038,10,0
353028,353037,353038,1,9
353028,353028,353038,10,0
353047,353047,353049,2,0
353047,353047,353049,2,0
353047,353047,353049,2,0
353047,353047,353052,5,0
353047,353047,353052,5,0
353047,353050,353052,2,3
353047,353047,353053,6,0
353047,353049,353053,4,2
353047,353049,353054,5,2
353047,353047,353054,7,0
353047,353054,353055,1,7
353047,353047,353055,8,0
353047,353052,353055,3,5
353047,353047,353055,8,0
353047,353053,353055,2,6
353047,353053,353055,2,6
353047,353047,353056,9,0
353047,353055,353056,1,8
353047,353054,353056,2,7
353047,353055,353056,1,8
353047,353047,353057,10,0
353047,353047,353057,10,0
353047,353047,353057,10,0
353047,353056,353057,1,9
353047,353047,353057,10,0
353047,353056,353057,1,9
353047,353047,353057,10,0
353047,353056,353057,1,9
353047,353056,353057,1,9
353047,353047,353057,10,0
353047,353056,353057,1,9
353063,353063,353065,2,0
353063,353063,353065,2,0
353063,353063,353065,2,0
353063,353063,353068,5,0
353063,353065,353068,3,2
353063,353063,353069,6,0
353063,353065,353069,4,2
353063,353063,353069,6,0
353063,353063,353070,7,0
353063,353065,353069,4,2
353063,353070,353071,1,7
353063,353063,353071,8,0
353063,353069,353071,2,6
353063,353063,353071,8,0
353063,353063,353071,8,0
353063,353069,353071,2,6
353063,353063,353072,9,0
353063,353070,353072,2,7
353063,353071,353072,1,8
353063,353071,353072,1,8
353063,353063,353072,9,0
353063,353070,353072,2,7
353063,353063,353073,10,0
353063,353072,353073,1,9
353063,353063,353073,10,0
353063,353072,353073,1,9
353063,353072,353073,1,9
353063,353072,353073,1,9
353063,353072,353073,1,9
353063,353063,353074,11,0
353063,353063,353074,11,0
353081,353081,353083,2,0
353081,353081,353083,2,0
353081,353081,353083,2,0
353081,353081,353086,5,0
353081,353081,353086,5,0
353081,353083,353086,3,2
353081,353081,353087,6,0
353081,353081,353087,6,0
353081,353083,353086,3,2
353081,353081,353088,7,0
353081,353081,353087,6,0
353081,353081,353088,7,0
353081,353083,353087,4,2
353081,353081,353088,7,0
353081,353086,353088,2,5
353081,353086,353089,3,5
353081,353086,353088,2,5
353081,353087,353089,2,6
353081,353087,353089,2,6
353081,353087,353090,3,6
353081,353088,353090,2,7
353081,353088,353090,2,7
353081,353088,353090,2,7
353081,353088,353089,1,7
353081,353081,353090,9,0
353081,353081,353091,10,0
353081,353081,353091,10,0
353081,353089,353090,1,8
353081,353081,353090,9,0
353081,353081,353091,10,0
353081,353089,353090,1,8
353100,353100,353101,1,0
353100,353100,353102,2,0
353100,353100,353101,1,0
353100,353100,353106,6,0
353100,353100,353106,6,0
353100,353102,353106,4,2
353100,353100,353106,6,0
353100,353102,353105,3,2
353100,353100,353107,7,0
353100,353100,353106,6,0
353100,353102,353106,4,2
353100,353100,353107,7,0
353100,353100,353106,6,0
353100,353100,353106,6,0
353100,353100,353108,8,0
353100,353107,353109,2,7
353100,353107,353109,2,7
353100,353107,353109,2,7
353100,353106,353109,3,6
353100,353106,353108,2,6
353100,353106,353108,2,6
353100,353106,353109,3,6
353100,353107,353109,2,7
353100,353106,353109,3,6
353100,353107,353109,2,7
353100,353107,353109,2,7
353100,353100,353110,10,0
353100,353100,353110,10,0
353100,353108,353110,2,8
353100,353100,353110,10,0
353100,353100,353110,10,0
353116,353116,353117,1,0
353116,353116,353117,1,0
353116,353116,353117,1,0
353116,353116,353120,4,0
353116,353118,353121,3,2
353116,353116,353122,6,0
353116,353116,353121,5,0
353116,353118,353121,3,2
353116,353116,353121,5,0
353116,353117,353121,4,1
353116,353116,353122,6,0
353116,353116,353122,6,0
353116,353116,353122,6,0
353116,353116,353122,6,0
353116,353116,353124,8,0
353116,353121,353124,3,5
353116,353116,353124,8,0
353116,353121,353123,2,5
353116,353122,353124,2,6
353116,353122,353124,2,6
353116,353122,353123,1,6
353116,353122,353124,2,6
353116,353124,353125,1,8
353116,353116,353125,9,0
353116,353123,353124,1,7
353116,353122,353124,2,6
353116,353123,353124,1,7
353116,353123,353124,1,7
353116,353123,353124,1,7
353116,353116,353126,10,0
353116,353116,353126,10,0
353132,353132,353133,1,0
353132,353132,353134,2,0
353132,353132,353134,2,0
353132,353132,353137,5,0
353132,353132,353137,5,0
353132,353134,353137,3,2
353132,353132,353137,5,0
353132,353133,353137,4,1
353132,353132,353137,5,0
353132,353132,353138,6,0
353132,353134,353138,4,2
353132,353132,353139,7,0
353132,353132,353139,7,0
353132,353132,353138,6,0
353132,353132,353139,7,0
353132,353137,353139,2,5
353132,353137,353139,2,5
353132,353137,353139,2,5
353132,353138,353140,2,6
353132,353138,353139,1,6
353132,353138,353139,1,6
353132,353137,353140,3,5
353132,353137,353140,3,5
353132,353132,353140,8,0
353132,353140,353141,1,8
353132,353139,353141,2,7
353132,353139,353141,2,7
353132,353132,353140,8,0
353132,353139,353141,2,7
353132,353132,353142,10,0
353132,353132,353142,10,0
353148,353149,353150,1,1
353148,353149,353150,1,1
353148,353149,353150,1,1
353148,353149,353152,3,1
353148,353149,353153,4,1
353148,353151,353154,3,3
353148,353149,353153,4,1
353148,353151,353153,2,3
353148,353149,353153,4,1
353148,353149,353154,5,1
353148,353149,353154,5,1
353148,353149,353154,5,1
353148,353149,353155,6,1
353148,353151,353155,4,3
353148,353153,353155,2,5
353148,353154,353155,1,6
353148,353154,353156,2,6
353148,353149,353156,7,1
353148,353155,353156,1,7
353148,353149,353156,7,1
353148,353154,353156,2,6
353148,353154,353156,2,6
353148,353155,353156,1,7
353148,353155,353156,1,7
353148,353154,353156,2,6
353148,353155,353156,1,7
353148,353149,353157,8,1
353148,353156,353157,1,8
353148,353156,353157,1,8
353148,353149,353158,9,1
353148,353149,353158,9,1
353163,353163,353165,2,0
353163,353164,353165,1,1
353163,353164,353165,1,1
353163,353164,353167,3,1
353163,353164,353168,4,1
353163,353164,353168,4,1
353163,353166,353168,2,3
353163,353164,353168,4,1
353163,353164,353168,4,1
353163,353166,353168,2,3
353163,353166,353169,3,3
353163,353164,353169,5,1
353163,353164,353171,7,1
353163,353164,353170,6,1
353163,353169,353170,1,6
353163,353169,353170,1,6
353163,353164,353170,6,1
353163,353168,353170,2,5
353163,353169,353170,1,6
353163,353169,353170,1,6
353163,353169,353171,2,6
353163,353169,353171,2,6
353163,353170,353171,1,7
353163,353164,353171,7,1
353163,353170,353171,1,7
353163,353171,353172,1,8
353163,353171,353172,1,8
353163,353171,353172,1,8
353163,353164,353172,8,1
353163,353164,353174,10,1
353163,353164,353174,10,1
353179,353179,353180,1,0
353179,353179,353180,1,0
353179,353179,353181,2,0
353179,353179,353183,4,0
353179,353179,353184,5,0
353179,353180,353184,4,1
353179,353179,353184,5,0
353179,353181,353184,3,2
353179,353179,353184,5,0
353179,353182,353184,2,3
353179,353179,353185,6,0
353179,353179,353185,6,0
353179,353179,353185,6,0
353179,353179,353186,7,0
353179,353185,353186,1,6
353179,353179,353186,7,0
353179,353185,353187,2,6
353179,353185,353186,1,6
353179,353185,353186,1,6
353179,353184,353186,2,5
353179,353185,353187,2,6
353179,353179,353187,8,0
353179,353185,353187,2,6
353179,353186,353187,1,7
353179,353186,353187,1,7
353179,353186,353187,1,7
353179,353187,353188,1,8
353179,353187,353188,1,8
353179,353179,353188,9,0
353179,353179,353189,10,0
353179,353179,353189,10,0
353196,353196,353197,1,0
353196,353196,353197,1,0
353196,353196,353197,1,0
353196,353196,353200,4,0
353196,353198,353201,3,2
353196,353196,353200,4,0
353196,353196,353200,4,0
353196,353196,353201,5,0
353196,353198,353201,3,2
353196,353196,353200,4,0
353196,353198,353200,2,2
353196,353196,353202,6,0
353196,353196,353201,5,0
353196,353196,353203,7,0
353196,353201,353203,2,5
353196,353201,353203,2,5
353196,353201,353202,1,5
353196,353196,353203,7,0
353196,353196,353202,6,0
353196,353201,353203,2,5
353196,353201,353202,1,5
353196,353201,353203,2,5
353196,353196,353203,7,0
353196,353202,353203,1,6
353196,353201,353203,2,5
353196,353201,353203,2,5
353196,353202,353204,2,6
353196,353203,353204,1,7
353196,353203,353204,1,7
353196,353196,353205,9,0
353196,353196,353206,10,0
353213,353213,353214,1,0
353213,353213,353214,1,0
353213,353213,353214,1,0
353213,353215,353217,2,2
353213,353213,353217,4,0
353213,353213,353218,5,0
353213,353213,353217,4,0
353213,353213,353218,5,0
353213,353214,353217,3,1
353213,353213,353217,4,0
353213,353215,353218,3,2
353213,353213,353218,5,0
353213,353217,353219,2,4
353213,353213,353219,6,0
353213,353213,353220,7,0
353213,353218,353219,1,5
353213,353218,353220,2,5
353213,353213,353219,6,0
353213,353218,353219,1,5
353213,353218,353220,2,5
353213,353218,353219,1,5
353213,353219,353220,1,6
353213,353218,353220,2,5
353213,353213,353221,8,0
353213,353218,353220,2,5
353213,353218,353220,2,5
353213,353220,353221,1,7
353213,353219,353220,1,6
353213,353213,353221,8,0
353213,353213,353223,10,0
353213,353213,353222,9,0
353228,353229,353230,1,1
353228,353229,353230,1,1
353228,353229,353230,1,1
353228,353229,353232,3,1
353228,353229,353233,4,1
353228,353231,353233,2,3
353228,353229,353234,5,1
353228,353231,353233,2,3
353228,353229,353233,4,1
353228,353229,353234,5,1
353228,353231,353234,3,3
353228,353229,353234,5,1
353228,353229,353234,5,1
353228,353233,353235,2,5
353228,353234,353236,2,6
353228,353234,353235,1,6
353228,353234,353235,1,6
353228,353234,353235,1,6
353228,353234,353236,2,6
353228,353235,353236,1,7
353228,353235,353236,1,7
353228,353235,353236,1,7
353228,353236,353237,1,8
353228,353235,353236,1,7
353228,353235,353236,1,7
353228,353229,353237,8,1
353228,353229,353237,8,1
353228,353229,353239,10,1
353228,353229,353239,10,1
353228,353229,353239,10,1
353228,353229,353239,10,1
353246,353246,353247,1,0
353246,353246,353247,1,0
353246,353246,353247,1,0
353246,353246,353248,2,0
353246,353248,353250,2,2
353246,353246,353251,5,0
353246,353248,353251,3,2
353246,353246,353251,5,0
353246,353246,353251,5,0
353246,353248,353251,3,2
353246,353246,353250,4,0
353246,353246,353251,5,0
353246,353248,353251,3,2
353246,353246,353252,6,0
353246,353246,353252,6,0
353246,353250,353252,2,4
353246,353246,353253,7,0
353246,353251,353253,2,5
353246,353251,353253,2,5
353246,353251,353253,2,5
353246,353251,353253,2,5
353246,353251,353252,1,5
353246,353252,353253,1,6
353246,353252,353253,1,6
353246,353246,353254,8,0
353246,353252,353253,1,6
353246,353251,353253,2,5
353246,353252,353253,1,6
353246,353246,353254,8,0
353246,353246,353256,10,0
353246,353246,353256,10,0
353266,353266,353267,1,0
353266,353266,353267,1,0
353266,353266,353267,1,0
353266,353266,353268,2,0
353266,353266,353271,5,0
353266,353266,353270,4,0
353266,353268,353270,2,2
353266,353266,353270,4,0
353266,353268,353270,2,2
353266,353266,353271,5,0
353266,353268,353271,3,2
353266,353266,353272,6,0
353266,353268,353271,3,2
353266,353266,353271,5,0
353266,353266,353272,6,0
353266,353266,353273,7,0
353266,353271,353272,1,5
353266,353271,353273,2,5
353266,353271,353273,2,5
353266,353271,353273,2,5
353266,353271,353272,1,5
353266,353272,353273,1,6
353266,353272,353273,1,6
353266,353266,353273,7,0
353266,353272,353273,1,6
353266,353272,353273,1,6
353266,353266,353274,8,0
353266,353272,353273,1,6
353266,353273,353274,1,7
353266,353266,353276,10,0
353266,353266,353276,10,0
353281,353281,353282,1,0
353281,353281,353282,1,0
353281,353281,353282,1,0
353281,353282,353285,3,1
353281,353281,353285,4,0
353281,353281,353285,4,0
353281,353282,353285,3,1
353281,353281,353286,5,0
353281,353283,353286,3,2
353281,353281,353286,5,0
353281,353281,353286,5,0
353281,353281,353285,4,0
353281,353281,353287,6,0
353281,353285,353287,2,4
353281,353281,353288,7,0
353281,353286,353288,2,5
353281,353286,353288,2,5
353281,353281,353288,7,0
353281,353285,353287,2,4
353281,353286,353288,2,5
353281,353286,353288,2,5
353281,353286,353288,2,5
353281,353281,353288,7,0
353281,353286,353288,2,5
353281,353286,353288,2,5
353281,353287,353288,1,6
353281,353287,353288,1,6
353281,353288,353289,1,7
353281,353281,353290,9,0
353281,353281,353291,10,0
353281,353281,353291,10,0
353297,353298,353299,1,1
353297,353298,353301,3,1
353297,353298,353302,4,1
353297,353298,353302,4,1
353297,353299,353302,3,2
353297,353298,353302,4,1
353297,353299,353302,3,2
353297,353298,353302,4,1
353297,353300,353302,2,3
353297,353298,353303,5,1
353297,353298,353303,5,1
353297,353303,353304,1,6
353297,353303,353304,1,6
353297,353298,353304,6,1
353297,353303,353304,1,6
353297,353303,353304,1,6
353297,353303,353304,1,6
353297,353303,353304,1,6
353297,353302,353304,2,5
353297,353302,353304,2,5
353297,353298,353305,7,1
353297,353298,353305,7,1
353297,353298,353305,7,1
353297,353304,353305,1,7
353297,353304,353305,1,7
353297,353305,353306,1,8
353297,353305,353306,1,8
353297,353298,353307,9,1
353297,353298,353307,9,1
353313,353313,353314,1,0
353313,353313,353314,1,0
353313,353313,353314,1,0
353313,353313,353317,4,0
353313,353313,353317,4,0
353313,353313,353318,5,0
353313,353314,353318,4,1
353313,353313,353318,5,0
353313,353315,353318,3,2
353313,353313,353317,4,0
353313,353313,353319,6,0
353313,353315,353318,3,2
353313,353313,353319,6,0
353313,353313,353320,7,0
353313,353313,353320,7,0
353313,353319,353320,1,6
353313,353319,353320,1,6
353313,353313,353320,7,0
353313,353318,353320,2,5
353313,353319,353320,1,6
353313,353313,353320,7,0
353313,353318,353320,2,5
353313,353319,353320,1,6
353313,353318,353321,3,5
353313,353320,353321,1,7
353313,353320,353321,1,7
353313,353320,353321,1,7
353313,353313,353321,8,0
353313,353321,353322,1,8
353313,353321,353322,1,8
353313,353313,353324,11,0
353329,353329,353330,1,0
353329,353329,353331,2,0
353329,353329,353330,1,0
353329,353329,353332,3,0
353329,353329,353332,3,0
353329,353329,353332,3,0
353329,353329,353333,4,0
353329,353329,353333,4,0
353329,353331,353334,3,2
353329,353330,353334,4,1
353329,353329,353335,6,0
353329,353333,353335,2,4
353329,353329,353335,6,0
353329,353331,353334,3,2
353329,353333,353335,2,4
353329,353329,353335,6,0
353329,353329,353335,6,0
353329,353333,353335,2,4
353329,353329,353335,6,0
353329,353329,353335,6,0
353329,353333,353335,2,4
353329,353329,353335,6,0
353329,353333,353335,2,4
353329,353334,353336,2,5
353329,353329,353335,6,0
353329,353335,353336,1,6
353329,353335,353337,2,6
353329,353335,353336,1,6
353329,353335,353337,2,6
353329,353335,353337,2,6
353329,353335,353336,1,6
353343,353343,353344,1,0
353343,353343,353344,1,0
353343,353343,353344,1,0
353343,353343,353346,3,0
353343,353343,353347,4,0
353343,353343,353347,4,0
353343,353343,353347,4,0
353343,353344,353347,3,1
353343,353345,353348,3,2
353343,353343,353348,5,0
353343,353345,353348,3,2
353343,353343,353347,4,0
353343,353343,353349,6,0
353343,353343,353349,6,0
353343,353343,353349,6,0
353343,353343,353348,5,0
353343,353347,353349,2,4
353343,353347,353349,2,4
353343,353343,353349,6,0
353343,353346,353348,2,3
353343,353348,353350,2,5
353343,353348,353350,2,5
353343,353343,353349,6,0
353343,353348,353350,2,5
353343,353348,353350,2,5
353343,353348,353349,1,5
353343,353348,353349,1,5
353343,353349,353350,1,6
353343,353349,353350,1,6
353343,353349,353350,1,6
353343,353343,353351,8,0
353358,353358,353359,1,0
353358,353359,353360,1,1
353358,353358,353360,2,0
353358,353359,353361,2,1
353358,353359,353362,3,1
353358,353359,353362,3,1
353358,353359,353362,3,1
353358,353359,353364,5,1
353358,353359,353363,4,1
353358,353360,353363,3,2
353358,353361,353363,2,3
353358,353362,353364,2,4
353358,353359,353363,4,1
353358,353359,353364,5,1
353358,353361,353364,3,3
353358,353359,353364,5,1
353358,353363,353364,1,5
353358,353359,353364,5,1
353358,353359,353365,6,1
353358,353362,353364,2,4
353358,353363,353364,1,5
353358,353364,353365,1,6
353358,353364,353365,1,6
353358,353364,353365,1,6
353358,353364,353365,1,6
353358,353364,353365,1,6
353358,353364,353365,1,6
353358,353359,353366,7,1
353358,353365,353366,1,7
353358,353365,353366,1,7
353358,353359,353368,9,1
353377,353377,353378,1,0
353377,353377,353378,1,0
353377,353377,353378,1,0
353377,353377,353379,2,0
353377,353377,353380,3,0
353377,353377,353380,3,0
353377,353377,353381,4,0
353377,353379,353382,3,2
353377,353377,353381,4,0
353377,353377,353381,4,0
353377,353379,353381,2,2
353377,353377,353381,4,0
353377,353377,353382,5,0
353377,353379,353381,2,2
353377,353380,353382,2,3
353377,353377,353382,5,0
353377,353377,353382,5,0
353377,353379,353382,3,2
353377,353381,353382,1,4
353377,353377,353382,5,0
353377,353377,353383,6,0
353377,353377,353383,6,0
353377,353382,353383,1,5
353377,353382,353383,1,5
353377,353382,353383,1,5
353377,353382,353383,1,5
353377,353382,353383,1,5
353377,353382,353383,1,5
353377,353382,353383,1,5
353377,353382,353384,2,5
353377,353382,353383,1,5
353389,353390,353391,1,1
353389,353390,353391,1,1
353389,353390,353391,1,1
353389,353390,353392,2,1
353389,353390,353392,2,1
353389,353390,353392,2,1
353389,353390,353392,2,1
353389,353390,353393,3,1
353389,353390,353393,3,1
353389,353390,353393,3,1
353389,353390,353393,3,1
353389,353390,353393,3,1
353389,353390,353394,4,1
353389,353390,353394,4,1
353389,353392,353395,3,3
353389,353393,353395,2,4
353389,353394,353395,1,5
353389,353392,353395,3,3
353389,353393,353395,2,4
353389,353392,353394,2,3
353389,353393,353395,2,4
353389,353393,353395,2,4
353389,353393,353395,2,4
353389,353394,353395,1,5
353389,353394,353395,1,5
353389,353394,353395,1,5
353389,353395,353396,1,6
353389,353395,353396,1,6
353389,353395,353396,1,6
353389,353390,353396,6,1
353389,353390,353399,9,1
353405,353405,353406,1,0
353405,353405,353406,1,0
353405,353405,353406,1,0
353405,353405,353408,3,0
353405,353405,353408,3,0
353405,353405,353408,3,0
353405,353405,353409,4,0
353405,353405,353409,4,0
353405,353405,353408,3,0
353405,353405,353409,4,0
353405,353405,353408,3,0
353405,353405,353409,4,0
353405,353406,353409,3,1
353405,353407,353410,3,2
353405,353405,353409,4,0
353405,353408,353410,2,3
353405,353407,353410,3,2
353405,353408,353410,2,3
353405,353410,353411,1,5
353405,353410,353411,1,5
353405,353408,353411,3,3
353405,353409,353411,2,4
353405,353405,353411,6,0
353405,353409,353411,2,4
353405,353409,353411,2,4
353405,353409,353411,2,4
353405,353410,353411,1,5
353405,353405,353411,6,0
353405,353410,353411,1,5
353405,353410,353411,1,5
353405,353405,353413,8,0
353420,353420,353421,1,0
353420,353420,353421,1,0
353420,353420,353421,1,0
353420,353420,353423,3,0
353420,353420,353423,3,0
353420,353420,353423,3,0
353420,353420,353424,4,0
353420,353420,353423,3,0
353420,353420,353423,3,0
353420,353420,353423,3,0
353420,353420,353424,4,0
353420,353420,353424,4,0
353420,353420,353425,5,0
353420,353422,353425,3,2
353420,353422,353424,2,2
353420,353423,353425,2,3
353420,353423,353425,2,3
353420,353420,353425,5,0
353420,353422,353425,3,2
353420,353424,353425,1,4
353420,353424,353426,2,4
353420,353424,353426,2,4
353420,353425,353426,1,5
353420,353424,353426,2,4
353420,353424,353425,1,4
353420,353424,353425,1,4
353420,353423,353425,2,3
353420,353425,353426,1,5
353420,353425,353426,1,5
353420,353420,353426,6,0
353420,353420,353428,8,0
353434,353434,353435,1,0
353434,353434,353435,1,0
353434,353434,353435,1,0
353434,353434,353437,3,0
353434,353434,353437,3,0
353434,353434,353437,3,0
353434,353434,353437,3,0
353434,353434,353437,3,0
353434,353434,353437,3,0
353434,353434,353437,3,0
353434,353434,353437,3,0
353434,353434,353439,5,0
353434,353434,353438,4,0
353434,353436,353438,2,2
353434,353434,353438,4,0
353434,353436,353438,2,2
353434,353437,353438,1,3
353434,353434,353439,5,0
353434,353436,353438,2,2
353434,353437,353438,1,3
353434,353434,353439,5,0
353434,353437,353439,2,3
353434,353437,353439,2,3
353434,353438,353439,1,4
353434,353439,353440,1,5
353434,353437,353439,2,3
353434,353438,353439,1,4
353434,353439,353440,1,5
353434,353438,353439,1,4
353434,353439,353440,1,5
353434,353439,353440,1,5
353445,353446,353447,1,1
353445,353446,353447,1,1
353445,353446,353447,1,1
353445,353446,353448,2,1
353445,353446,353448,2,1
353445,353446,353448,2,1
353445,353446,353449,3,1
353445,353446,353448,2,1
353445,353446,353449,3,1
353445,353446,353449,3,1
353445,353446,353451,5,1
353445,353448,353450,2,3
353445,353449,353450,1,4
353445,353446,353451,5,1
353445,353448,353450,2,3
353445,353449,353450,1,4
353445,353449,353450,1,4
353445,353446,353450,4,1
353445,353446,353450,4,1
353445,353449,353451,2,4
353445,353446,353450,4,1
353445,353448,353450,2,3
353445,353449,353450,1,4
353445,353450,353451,1,5
353445,353450,353451,1,5
353445,353446,353451,5,1
353445,353451,353452,1,6
353445,353451,353452,1,6
353445,353451,353452,1,6
353445,353451,353452,1,6
353445,353451,353452,1,6
353458,353458,353459,1,0
353458,353458,353459,1,0
353458,353458,353459,1,0
353458,353458,353460,2,0
353458,353458,353461,3,0
353458,353458,353461,3,0
353458,353458,353461,3,0
353458,353458,353461,3,0
353458,353458,353461,3,0
353458,353458,353461,3,0
353458,353458,353461,3,0
353458,353458,353462,4,0
353458,353460,353463,3,2
353458,353460,353462,2,2
353458,353461,353463,2,3
353458,353458,353463,5,0
353458,353460,353462,2,2
353458,353458,353463,5,0
353458,353460,353462,2,2
353458,353461,353463,2,3
353458,353458,353462,4,0
353458,353462,353463,1,4
353458,353462,353464,2,4
353458,353462,353463,1,4
353458,353462,353463,1,4
353458,353462,353464,2,4
353458,353463,353464,1,5
353458,353463,353464,1,5
353458,353463,353464,1,5
353458,353458,353464,6,0
353458,353463,353464,1,5
353472,353473,353474,1,1
353472,353473,353474,1,1
353472,353473,353474,1,1
353472,353473,353475,2,1
353472,353473,353475,2,1
353472,353473,353475,2,1
353472,353474,353476,2,2
353472,353473,353476,3,1
353472,353473,353476,3,1
353472,353473,353476,3,1
353472,353473,353477,4,1
353472,353475,353476,1,3
353472,353475,353477,2,3
353472,353473,353476,3,1
353472,353475,353476,1,3
353472,353473,353478,5,1
353472,353473,353477,4,1
353472,353476,353477,1,4
353472,353473,353477,4,1
353472,353476,353477,1,4
353472,353476,353477,1,4
353472,353476,353477,1,4
353472,353473,353478,5,1
353472,353477,353478,1,5
353472,353477,353478,1,5
353472,353477,353478,1,5
353472,353477,353478,1,5
353472,353477,353478,1,5
353472,353477,353478,1,5
353472,353477,353478,1,5
353488,353488,353489,1,0
353488,353488,353489,1,0
353488,353488,353489,1,0
353488,353488,353490,2,0
353488,353488,353491,3,0
353488,353489,353490,1,1
353488,353488,353491,3,0
353488,353488,353490,2,0
353488,353488,353490,2,0
353488,353488,353491,3,0
353488,353488,353492,4,0
353488,353490,353492,2,2
353488,353490,353491,1,2
353488,353488,353492,4,0
353488,353488,353491,3,0
353488,353490,353492,2,2
353488,353488,353493,5,0
353488,353491,353492,1,3
353488,353491,353492,1,3
353488,353491,353492,1,3
353488,353491,353493,2,3
353488,353488,353493,5,0
353488,353488,353493,5,0
353488,353491,353493,2,3
353488,353491,353492,1,3
353488,353492,353493,1,4
353488,353492,353493,1,4
353488,353492,353493,1,4
353488,353488,353493,5,0
353488,353492,353493,1,4
353488,353492,353494,2,4
353499,353499,353500,1,0
353499,353499,353500,1,0
353499,353499,353500,1,0
353499,353499,353502,3,0
353499,353500,353501,1,1
353499,353499,353502,3,0
353499,353499,353501,2,0
353499,353499,353502,3,0
353499,353499,353502,3,0
353499,353500,353502,2,1
353499,353499,353501,2,0
353499,353499,353501,2,0
353499,353499,353502,3,0
353499,353501,353503,2,2
353499,353499,353502,3,0
353499,353499,353504,5,0
353499,353502,353504,2,3
353499,353502,353503,1,3
353499,353502,353504,2,3
353499,353502,353503,1,3
353499,353499,353504,5,0
353499,353502,353503,1,3
353499,353502,353503,1,3
353499,353499,353504,5,0
353499,353502,353504,2,3
353499,353502,353503,1,3
353499,353502,353504,2,3
353499,353503,353504,1,4
353499,353503,353504,1,4
353499,353503,353504,1,4
353499,353499,353507,8,0
353513,353513,353514,1,0
353513,353513,353514,1,0
353513,353513,353514,1,0
353513,353513,353514,1,0
353513,353513,353514,1,0
353513,353513,353515,2,0
353513,353513,353515,2,0
353513,353513,353515,2,0
353513,353513,353515,2,0
353513,353513,353515,2,0
353513,353513,353516,3,0
353513,353515,353516,1,2
353513,353515,353516,1,2
353513,353515,353516,1,2
353513,353515,353516,1,2
353513,353515,353517,2,2
353513,353513,353517,4,0
353513,353515,353516,1,2
353513,353516,353517,1,3
353513,353516,353518,2,3
353513,353513,353517,4,0
353513,353516,353517,1,3
353513,353517,353518,1,4
353513,353516,353517,1,3
353513,353517,353518,1,4
353513,353517,353518,1,4
353513,353517,353518,1,4
353513,353517,353518,1,4
353513,353513,353520,7,0
353513,353513,353520,7,0
353513,353513,353523,10,0
353529,353529,353530,1,0
353529,353529,353530,1,0
353529,353529,353531,2,0
353529,353529,353530,1,0
353529,353529,353531,2,0
353529,353529,353531,2,0
353529,353529,353531,2,0
353529,353529,353532,3,0
353529,353529,353533,4,0
353529,353529,353532,3,0
353529,353531,353533,2,2
353529,353529,353533,4,0
353529,353531,353533,2,2
353529,353531,353533,2,2
353529,353531,353533,2,2
353529,353531,353533,2,2
353529,353531,353533,2,2
353529,353533,353534,1,4
353529,353529,353533,4,0
353529,353533,353534,1,4
353529,353532,353534,2,3
353529,353532,353534,2,3
353529,353533,353534,1,4
353529,353533,353535,2,4
353529,353533,353534,1,4
353529,353529,353535,6,0
353529,353533,353534,1,4
353529,353533,353534,1,4
353529,353529,353536,7,0
353529,353529,353536,7,0
353529,353529,353535,6,0
353543,353543,353544,1,0
353543,353543,353544,1,0
353543,353543,353544,1,0
353543,353543,353545,2,0
353543,353543,353545,2,0
353543,353544,353546,2,1
353543,353543,353546,3,0
353543,353543,353545,2,0
353543,353543,353546,3,0
353543,353544,353546,2,1
353543,353543,353545,2,0
353543,353543,353547,4,0
353543,353545,353547,2,2
353543,353543,353547,4,0
353543,353545,353547,2,2
353543,353546,353547,1,3
353543,353546,353548,2,3
353543,353546,353548,2,3
353543,353546,353548,2,3
353543,353546,353547,1,3
353543,353545,353547,2,2
353543,353546,353548,2,3
353543,353547,353548,1,4
353543,353543,353549,6,0
353543,353543,353548,5,0
353543,353547,353548,1,4
353543,353543,353548,5,0
353543,353543,353549,6,0
353543,353547,353549,2,4
353543,353547,353549,2,4
353543,353543,353551,8,0
353556,353556,353557,1,0
353556,353556,353558,2,0
353556,353556,353558,2,0
353556,353557,353559,2,1
353556,353557,353559,2,1
353556,353558,353559,1,2
353556,353557,353559,2,1
353556,353557,353559,2,1
353556,353557,353559,2,1
353556,353557,353559,2,1
353556,353557,353560,3,1
353556,353559,353560,1,3
353556,353557,353560,3,1
353556,353559,353560,1,3
353556,353560,353561,1,4
353556,353560,353561,1,4
353556,353560,353561,1,4
353556,353560,353561,1,4
353556,353560,353561,1,4
353556,353560,353561,1,4
353556,353560,353561,1,4
353556,353561,353562,1,5
353556,353556,353563,7,0
353556,353561,353562,1,5
353556,353556,353563,7,0
353556,353561,353562,1,5
353556,353556,353562,6,0
353556,353561,353562,1,5
353556,353562,353563,1,6
353556,353557,353563,6,1
353556,353557,353564,7,1
353570,353570,353571,1,0
353570,353570,353571,1,0
353570,353570,353572,2,0
353570,353570,353571,1,0
353570,353570,353573,3,0
353570,353570,353572,2,0
353570,353570,353573,3,0
353570,353571,353573,2,1
353570,353570,353574,4,0
353570,353570,353574,4,0
353570,353572,353574,2,2
353570,353570,353574,4,0
353570,353572,353573,1,2
353570,353570,353574,4,0
353570,353572,353573,1,2
353570,353573,353575,2,3
353570,353574,353575,1,4
353570,353573,353575,2,3
353570,353574,353575,1,4
353570,353570,353575,5,0
353570,353570,353575,5,0
353570,353574,353575,1,4
353570,353574,353575,1,4
353570,353570,353576,6,0
353570,353574,353576,2,4
353570,353574,353576,2,4
353570,353574,353576,2,4
353570,353570,353576,6,0
353570,353574,353576,2,4
353570,353574,353575,1,4
353570,353570,353577,7,0
353583,353583,353584,1,0
353583,353583,353584,1,0
353583,353583,353584,1,0
353583,353583,353585,2,0
353583,353583,353585,2,0
353583,353583,353586,3,0
353583,353583,353586,3,0
353583,353583,353585,2,0
353583,353583,353585,2,0
353583,353584,353586,2,1
353583,353585,353586,1,2
353583,353583,353586,3,0
353583,353583,353586,3,0
353583,353583,353585,2,0
353583,353583,353587,4,0
353583,353585,353587,2,2
353583,353585,353587,2,2
353583,353585,353586,1,2
353583,353586,353587,1,3
353583,353587,353588,1,4
353583,353583,353588,5,0
353583,353586,353588,2,3
353583,353586,353588,2,3
353583,353586,353588,2,3
353583,353586,353587,1,3
353583,353586,353587,1,3
353583,353583,353587,4,0
353583,353586,353587,1,3
353583,353586,353588,2,3
353583,353586,353588,2,3
353583,353583,353588,5,0
353597,353597,353598,1,0
353597,353597,353598,1,0
353597,353597,353598,1,0
353597,353597,353599,2,0
353597,353597,353599,2,0
353597,353597,353599,2,0
353597,353597,353599,2,0
353597,353597,353599,2,0
353597,353597,353599,2,0
353597,353597,353599,2,0
353597,353597,353600,3,0
353597,353597,353601,4,0
353597,353597,353600,3,0
353597,353599,353601,2,2
353597,353599,353601,2,2
353597,353599,353601,2,2
353597,353599,353601,2,2
353597,353599,353600,1,2
353597,353599,353601,2,2
353597,353600,353601,1,3
353597,353600,353602,2,3
353597,353597,353601,4,0
353597,353601,353602,1,4
353597,353597,353601,4,0
353597,353600,353602,2,3
353597,353597,353602,5,0
353597,353601,353602,1,4
353597,353601,353603,2,4
353597,353601,353603,2,4
353597,353601,353602,1,4
353597,353601,353603,2,4
353608,353608,353609,1,0
353608,353608,353609,1,0
353608,353608,353610,2,0
353608,353608,353610,2,0
353608,353608,353610,2,0
353608,353608,353610,2,0
353608,353608,353610,2,0
353608,353609,353610,1,1
353608,353609,353610,1,1
353608,353608,353611,3,0
353608,353610,353611,1,2
353608,353611,353612,1,3
353608,353609,353611,2,1
353608,353611,353612,1,3
353608,353608,353611,3,0
353608,353610,353611,1,2
353608,353611,353612,1,3
353608,353611,353612,1,3
353608,353608,353613,5,0
353608,353611,353612,1,3
353608,353611,353612,1,3
353608,353608,353612,4,0
353608,353611,353612,1,3
353608,353612,353613,1,4
353608,353608,353613,5,0
353608,353612,353613,1,4
353608,353612,353613,1,4
353608,353612,353613,1,4
353608,353608,353614,6,0
353608,353612,353613,1,4
353608,353612,353613,1,4
353619,353619,353620,1,0
353619,353619,353620,1,0
353619,353619,353620,1,0
353619,353619,353620,1,0
353619,353619,353621,2,0
353619,353619,353620,1,0
353619,353619,353620,1,0
353619,353619,353620,1,0
353619,353619,353621,2,0
353619,353619,353622,3,0
353619,353619,353621,2,0
353619,353619,353621,2,0
353619,353620,353621,1,1
353619,353619,353621,2,0
353619,353619,353621,2,0
353619,353621,353622,1,2
353619,353621,353622,1,2
353619,353621,353622,1,2
353619,353619,353622,3,0
353619,353621,353622,1,2
353619,353621,353622,1,2
353619,353619,353622,3,0
353619,353621,353622,1,2
353619,353621,353622,1,2
353619,353621,353622,1,2
353619,353622,353623,1,3
353619,353622,353623,1,3
353619,353622,353623,1,3
353619,353622,353623,1,3
353619,353622,353623,1,3
353619,353622,353623,1,3
353630,353630,353631,1,0
353630,353630,353631,1,0
353630,353630,353631,1,0
353630,353630,353631,1,0
353630,353630,353631,1,0
353630,353630,353631,1,0
353630,353630,353631,1,0
353630,353630,353631,1,0
353630,353630,353631,1,0
353630,353630,353632,2,0
353630,353630,353632,2,0
353630,353631,353632,1,1
353630,353631,353632,1,1
353630,353630,353633,3,0
353630,353630,353633,3,0
353630,353631,353632,1,1
353630,353630,353632,2,0
353630,353630,353633,3,0
353630,353632,353634,2,2
353630,353632,353633,1,2
353630,353632,353633,1,2
353630,353633,353634,1,3
353630,353630,353633,3,0
353630,353632,353633,1,2
353630,353632,353633,1,2
353630,353632,353633,1,2
353630,353633,353634,1,3
353630,353633,353635,2,3
353630,353633,353634,1,3
353630,353633,353634,1,3
353630,353633,353634,1,3
353642,353642,353643,1,0
353642,353642,353643,1,0
353642,353642,353644,2,0
353642,353642,353644,2,0
353642,353642,353643,1,0
353642,353642,353644,2,0
353642,353642,353643,1,0
353642,353642,353644,2,0
353642,353642,353643,1,0
353642,353642,353643,1,0
353642,353642,353644,2,0
353642,353642,353643,1,0
353642,353642,353645,3,0
353642,353642,353644,2,0
353642,353643,353644,1,1
353642,353642,353645,3,0
353642,353644,353645,1,2
353642,353644,353646,2,2
353642,353644,353645,1,2
353642,353642,353645,3,0
353642,353644,353645,1,2
353642,353644,353645,1,2
353642,353644,353645,1,2
353642,353644,353645,1,2
353642,353644,353645,1,2
353642,353644,353645,1,2
353642,353644,353645,1,2
353642,353644,353645,1,2
353642,353645,353646,1,3
353642,353645,353646,1,3
353642,353645,353646,1,3
353655,353655,353656,1,0
353655,353655,353656,1,0
353655,353655,353657,2,0
353655,353655,353657,2,0
353655,353655,353657,2,0
353655,353655,353657,2,0
353655,353655,353656,1,0
353655,353655,353656,1,0
353655,353655,353656,1,0
353655,353655,353657,2,0
353655,353655,353657,2,0
353655,353656,353657,1,1
353655,353657,353658,1,2
353655,353655,353657,2,0
353655,353655,353659,4,0
353655,353657,353658,1,2
353655,353657,353658,1,2
353655,353657,353659,2,2
353655,353655,353659,4,0
353655,353657,353658,1,2
353655,353657,353658,1,2
353655,353657,353658,1,2
353655,353655,353659,4,0
353655,353657,353659,2,2
353655,353657,353658,1,2
353655,353655,353659,4,0
353655,353657,353659,2,2
353655,353657,353658,1,2
353655,353658,353659,1,3
353655,353658,353659,1,3
353655,353659,353660,1,4
353665,353665,353666,1,0
353665,353665,353666,1,0
353665,353665,353666,1,0
353665,353665,353666,1,0
353665,353665,353666,1,0
353665,353665,353666,1,0
353665,353665,353666,1,0
353665,353665,353666,1,0
353665,353665,353666,1,0
353665,353665,353668,3,0
353665,353665,353667,2,0
353665,353666,353667,1,1
353665,353667,353668,1,2
353665,353665,353668,3,0
353665,353665,353669,4,0
353665,353667,353668,1,2
353665,353667,353668,1,2
353665,353665,353669,4,0
353665,353667,353668,1,2
353665,353667,353668,1,2
353665,353667,353668,1,2
353665,353667,353668,1,2
353665,353667,353668,1,2
353665,353668,353669,1,3
353665,353665,353670,5,0
353665,353668,353669,1,3
353665,353668,353669,1,3
353665,353668,353669,1,3
353665,353665,353670,5,0
353665,353669,353670,1,4
353665,353669,353670,1,4
353676,353676,353677,1,0
353676,353676,353677,1,0
353676,353676,353677,1,0
353676,353676,353677,1,0
353676,353676,353678,2,0
353676,353676,353678,2,0
353676,353676,353678,2,0
353676,353676,353678,2,0
353676,353676,353679,3,0
353676,353677,353679,2,1
353676,353676,353679,3,0
353676,353677,353678,1,1
353676,353676,353680,4,0
353676,353676,353680,4,0
353676,353678,353680,2,2
353676,353678,353679,1,2
353676,353678,353680,2,2
353676,353678,353679,1,2
353676,353679,353680,1,3
353676,353676,353680,4,0
353676,353679,353680,1,3
353676,353679,353680,1,3
353676,353676,353680,4,0
353676,353679,353681,2,3
353676,353679,353680,1,3
353676,353676,353681,5,0
353676,353680,353681,1,4
353676,353676,353681,5,0
353676,353680,353682,2,4
353689,353689,353690,1,0
353689,353689,353690,1,0
353689,353689,353691,2,0
353689,353689,353690,1,0
353689,353689,353691,2,0
353689,353689,353691,2,0
353689,353689,353690,1,0
353689,353689,353691,2,0
353689,353689,353692,3,0
353689,353690,353691,1,1
353689,353691,353692,1,2
353689,353689,353692,3,0
353689,353689,353692,3,0
353689,353691,353692,1,2
353689,353691,353693,2,2
353689,353689,353693,4,0
353689,353691,353693,2,2
353689,353691,353693,2,2
353689,353689,353692,3,0
353689,353689,353693,4,0
353689,353691,353692,1,2
353689,353691,353692,1,2
353689,353692,353693,1,3
353689,353689,353694,5,0
353689,353692,353693,1,3
353689,353692,353693,1,3
353689,353692,353693,1,3
353689,353689,353694,5,0
353689,353693,353694,1,4
353689,353693,353694,1,4
353689,353693,353694,1,4
353700,353700,353701,1,0
353700,353700,353701,1,0
353700,353700,353701,1,0
353700,353700,353702,2,0
353700,353700,353702,2,0
353700,353700,353701,1,0
353700,353700,353702,2,0
353700,353700,353702,2,0
353700,353700,353703,3,0
353700,353701,353703,2,1
353700,353700,353703,3,0
353700,353702,353703,1,2
353700,353702,353703,1,2
353700,353700,353703,3,0
353700,353701,353703,2,1
353700,353700,353704,4,0
353700,353700,353704,4,0
353700,353702,353704,2,2
353700,353702,353704,2,2
353700,353702,353704,2,2
353700,353700,353704,4,0
353700,353700,353704,4,0
353700,353704,353705,1,4
353700,353700,353705,5,0
353700,353703,353705,2,3
353700,353703,353705,2,3
353700,353704,353705,1,4
353700,353704,353705,1,4
353700,353704,353705,1,4
353700,353704,353705,1,4
353712,353712,353713,1,0
353712,353712,353714,2,0
353712,353712,353713,1,0
353712,353712,353714,2,0
353712,353712,353714,2,0
353712,353712,353713,1,0
353712,353712,353714,2,0
353712,353712,353714,2,0
353712,353712,353714,2,0
353712,353712,353714,2,0
353712,353712,353714,2,0
353712,353712,353715,3,0
353712,353714,353715,1,2
353712,353712,353715,3,0
353712,353712,353716,4,0
353712,353714,353715,1,2
353712,353714,353715,1,2
353712,353712,353716,4,0
353712,353712,353716,4,0
353712,353714,353715,1,2
353712,353714,353716,2,2
353712,353714,353716,2,2
353712,353714,353716,2,2
353712,353714,353716,2,2
353712,353714,353716,2,2
353712,353714,353716,2,2
353712,353715,353716,1,3
353712,353715,353717,2,3
353712,353716,353717,1,4
353712,353716,353717,1,4
353721,353721,353722,1,0
353721,353721,353723,2,0
353721,353721,353723,2,0
353721,353721,353723,2,0
353721,353721,353723,2,0
353721,353721,353722,1,0
353721,353721,353723,2,0
353721,353721,353723,2,0
353721,353721,353723,2,0
353721,353721,353723,2,0
353721,353721,353724,3,0
353721,353722,353724,2,1
353721,353721,353724,3,0
353721,353721,353724,3,0
353721,353721,353724,3,0
353721,353721,353724,3,0
353721,353724,353725,1,3
353721,353724,353725,1,3
353721,353721,353725,4,0
353721,353724,353725,1,3
353721,353725,353726,1,4
353721,353724,353725,1,3
353721,353724,353725,1,3
353721,353725,353726,1,4
353721,353725,353726,1,4
353721,353724,353725,1,3
353721,353724,353725,1,3
353721,353725,353726,1,4
353721,353724,353725,1,3
353721,353725,353726,1,4
353731,353731,353732,1,0
353731,353731,353732,1,0
353731,353731,353732,1,0
353731,353731,353733,2,0
353731,353731,353733,2,0
353731,353731,353733,2,0
353731,353731,353733,2,0
353731,353731,353732,1,0
353731,353731,353733,2,0
353731,353731,353733,2,0
353731,353731,353733,2,0
353731,353731,353733,2,0
353731,353731,353733,2,0
353731,353731,353733,2,0
353731,353732,353734,2,1
353731,353731,353734,3,0
353731,353732,353733,1,1
353731,353733,353734,1,2
353731,353733,353734,1,2
353731,353733,353734,1,2
353731,353731,353734,3,0
353731,353733,353734,1,2
353731,353733,353734,1,2
353731,353733,353735,2,2
353731,353733,353734,1,2
353731,353733,353734,1,2
353731,353734,353735,1,3
353731,353734,353735,1,3
353731,353734,353735,1,3
353731,353734,353735,1,3
353741,353741,353742,1,0
353741,353741,353742,1,0
353741,353741,353742,1,0
353741,353741,353745,4,0
353741,353741,353745,4,0
353741,353742,353746,4,1
353741,353743,353746,3,2
353741,353742,353746,4,1
353741,353741,353747,6,0
353741,353741,353747,6,0
353741,353741,353747,6,0
353741,353745,353747,2,4
353741,353746,353748,2,5
353741,353746,353748,2,5
353741,353745,353747,2,4
353741,353746,353748,2,5
353741,353741,353748,7,0
353741,353747,353748,1,6
353741,353747,353748,1,6
353741,353748,353749,1,7
353741,353741,353749,8,0
353741,353747,353749,2,6
353741,353748,353750,2,7
353741,353748,353749,1,7
353741,353748,353749,1,7
353741,353741,353750,9,0
353741,353741,353750,9,0
353741,353741,353750,9,0
353741,353741,353751,10,0
353741,353741,353750,9,0
353741,353741,353751,10,0
353761,353761,353762,1,0
353761,353761,353762,1,0
353761,353761,353762,1,0
353761,353761,353765,4,0
353761,353761,353765,4,0
353761,353762,353765,3,1
353761,353763,353766,3,2
353761,353763,353767,4,2
353761,353761,353766,5,0
353761,353765,353767,2,4
353761,353766,353768,2,5
353761,353766,353767,1,5
353761,353761,353769,8,0
353761,353766,353768,2,5
353761,353767,353768,1,6
353761,353761,353769,8,0
353761,353767,353768,1,6
353761,353761,353768,7,0
353761,353761,353769,8,0
353761,353768,353769,1,7
353761,353761,353769,8,0
353761,353768,353769,1,7
353761,353768,353769,1,7
353761,353761,353770,9,0
353761,353769,353770,1,8
353761,353761,353771,10,0
353761,353769,353770,1,8
353761,353769,353770,1,8
353761,353761,353770,9,0
353761,353761,353771,10,0
353761,353761,353771,10,0
353777,353777,353779,2,0
353777,353777,353779,2,0
353777,353777,353778,1,0
353777,353777,353781,4,0
353777,353777,353781,4,0
353777,353779,353782,3,2
353777,353779,353783,4,2
353777,353777,353782,5,0
353777,353779,353783,4,2
353777,353777,353783,6,0
353777,353782,353784,2,5
353777,353782,353784,2,5
353777,353777,353785,8,0
353777,353783,353785,2,6
353777,353782,353785,3,5
353777,353783,353785,2,6
353777,353777,353785,8,0
353777,353783,353785,2,6
353777,353777,353785,8,0
353777,353784,353785,1,7
353777,353784,353785,1,7
353777,353777,353786,9,0
353777,353785,353786,1,8
353777,353777,353787,10,0
353777,353777,353787,10,0
353777,353785,353786,1,8
353777,353777,353787,10,0
353777,353777,353787,10,0
353777,353785,353786,1,8
353777,353785,353786,1,8
353777,353777,353787,10,0
353793,353793,353794,1,0
353793,353793,353794,1,0
353793,353793,353794,1,0
353793,353793,353797,4,0
353793,353793,353797,4,0
353793,353795,353797,2,2
353793,353793,353798,5,0
353793,353795,353798,3,2
353793,353794,353798,4,1
353793,353797,353799,2,4
353793,353798,353800,2,5
353793,353798,353800,2,5
353793,353793,353801,8,0
353793,353799,353801,2,6
353793,353799,353801,2,6
353793,353793,353800,7,0
353793,353793,353800,7,0
353793,353799,353800,1,6
353793,353800,353801,1,7
353793,353800,353802,2,7
353793,353793,353801,8,0
353793,353800,353801,1,7
353793,353801,353802,1,8
353793,353801,353802,1,8
353793,353801,353802,1,8
353793,353793,353802,9,0
353793,353793,353802,9,0
353793,353793,353802,9,0
353793,353793,353802,9,0
353793,353793,353802,9,0
353793,353793,353803,10,0
353810,353810,353812,2,0
353810,353810,353812,2,0
353810,353810,353812,2,0
353810,353811,353814,3,1
353810,353810,353815,5,0
353810,353813,353815,2,3
353810,353813,353816,3,3
353810,353811,353816,5,1
353810,353813,353816,3,3
353810,353816,353817,1,6
353810,353816,353818,2,6
353810,353815,353817,2,5
353810,353810,353818,8,0
353810,353817,353818,1,7
353810,353810,353818,8,0
353810,353817,353818,1,7
353810,353817,353818,1,7
353810,353810,353819,9,0
353810,353810,353819,9,0
353810,353818,353819,1,8
353810,353810,353819,9,0
353810,353811,353819,8,1
353810,353818,353819,1,8
353810,353818,353819,1,8
353810,353810,353821,11,0
353810,353819,353820,1,9
353810,353819,353820,1,9
353810,353810,353820,10,0
353810,353810,353820,10,0
353810,353819,353820,1,9
353810,353810,353821,11,0
353827,353827,353828,1,0
353827,353827,353828,1,0
353827,353827,353829,2,0
353827,353827,353830,3,0
353827,353829,353832,3,2
353827,353829,353832,3,2
353827,353829,353832,3,2
353827,353827,353832,5,0
353827,353831,353833,2,4
353827,353827,353834,7,0
353827,353832,353834,2,5
353827,353827,353835,8,0
353827,353827,353834,7,0
353827,353832,353834,2,5
353827,353827,353835,8,0
353827,353833,353835,2,6
353827,353827,353835,8,0
353827,353827,353835,8,0
353827,353827,353835,8,0
353827,353827,353835,8,0
353827,353833,353835,2,6
353827,353833,353834,1,6
353827,353834,353835,1,7
353827,353827,353836,9,0
353827,353834,353835,1,7
353827,353835,353836,1,8
353827,353827,353837,10,0
353827,353835,353837,2,8
353827,353835,353836,1,8
353827,353835,353836,1,8
353827,353827,353837,10,0
353843,353843,353845,2,0
353843,353843,353844,1,0
353843,353843,353844,1,0
353843,353843,353848,5,0
353843,353845,353848,3,2
353843,353845,353849,4,2
353843,353843,353849,6,0
353843,353845,353848,3,2
353843,353843,353850,7,0
353843,353843,353850,7,0
353843,353848,353850,2,5
353843,353843,353851,8,0
353843,353849,353851,2,6
353843,353843,353851,8,0
353843,353848,353851,3,5
353843,353849,353851,2,6
353843,353843,353851,8,0
353843,353849,353851,2,6
353843,353843,353852,9,0
353843,353843,353851,8,0
353843,353843,353851,8,0
353843,353843,353851,8,0
353843,353850,353852,2,7
353843,353851,353852,1,8
353843,353851,353852,1,8
353843,353843,353853,10,0
353843,353851,353852,1,8
353843,353851,353852,1,8
353843,353851,353853,2,8
353843,353851,353853,2,8
353843,353843,353853,10,0
353860,353860,353861,1,0
353860,353860,353861,1,0
353860,353860,353861,1,0
353860,353860,353864,4,0
353860,353862,353865,3,2
353860,353862,353865,3,2
353860,353862,353865,3,2
353860,353860,353866,6,0
353860,353860,353867,7,0
353860,353860,353867,7,0
353860,353860,353867,7,0
353860,353865,353867,2,5
353860,353860,353868,8,0
353860,353860,353868,8,0
353860,353866,353868,2,6
353860,353860,353867,7,0
353860,353865,353868,3,5
353860,353866,353868,2,6
353860,353860,353867,7,0
353860,353860,353868,8,0
353860,353865,353867,2,5
353860,353860,353868,8,0
353860,353867,353868,1,7
353860,353867,353868,1,7
353860,353867,353869,2,7
353860,353867,353868,1,7
353860,353868,353869,1,8
353860,353860,353869,9,0
353860,353860,353870,10,0
353860,353868,353869,1,8
353860,353868,353869,1,8
353875,353875,353877,2,0
353875,353875,353876,1,0
353875,353875,353876,1,0
353875,353875,353880,5,0
353875,353875,353879,4,0
353875,353877,353880,3,2
353875,353875,353881,6,0
353875,353877,353880,3,2
353875,353875,353881,6,0
353875,353875,353881,6,0
353875,353875,353883,8,0
353875,353881,353882,1,6
353875,353880,353883,3,5
353875,353881,353883,2,6
353875,353875,353883,8,0
353875,353877,353883,6,2
353875,353880,353883,3,5
353875,353875,353883,8,0
353875,353875,353883,8,0
353875,353881,353883,2,6
353875,353875,353883,8,0
353875,353882,353883,1,7
353875,353875,353883,8,0
353875,353882,353884,2,7
353875,353883,353884,1,8
353875,353883,353884,1,8
353875,353883,353884,1,8
353875,353883,353884,1,8
353875,353883,353884,1,8
353875,353875,353885,10,0
353875,353875,353885,10,0
353891,353891,353892,1,0
353891,353891,353893,2,0
353891,353892,353893,1,1
353891,353891,353896,5,0
353891,353894,353896,2,3
353891,353891,353897,6,0
353891,353891,353897,6,0
353891,353893,353898,5,2
353891,353894,353898,4,3
353891,353891,353898,7,0
353891,353891,353898,7,0
353891,353891,353899,8,0
353891,353891,353899,8,0
353891,353891,353899,8,0
353891,353891,353899,8,0
353891,353891,353899,8,0
353891,353897,353899,2,6
353891,353898,353900,2,7
353891,353891,353899,8,0
353891,353897,353899,2,6
353891,353899,353900,1,8
353891,353899,353900,1,8
353891,353891,353900,9,0
353891,353899,353900,1,8
353891,353899,353900,1,8
353891,353899,353901,2,8
353891,353891,353902,11,0
353891,353900,353901,1,9
353891,353900,353901,1,9
353891,353900,353901,1,9
353891,353900,353901,1,9
353906,353906,353907,1,0
353906,353906,353907,1,0
353906,353906,353908,2,0
353906,353906,353911,5,0
353906,353906,353911,5,0
353906,353908,353911,3,2
353906,353906,353912,6,0
353906,353908,353912,4,2
353906,353907,353912,5,1
353906,353906,353912,6,0
353906,353906,353913,7,0
353906,353911,353913,2,5
353906,353906,353913,7,0
353906,353906,353914,8,0
353906,353912,353914,2,6
353906,353906,353914,8,0
353906,353906,353914,8,0
353906,353912,353914,2,6
353906,353912,353914,2,6
353906,353906,353914,8,0
353906,353911,353914,3,5
353906,353911,353914,3,5
353906,353906,353914,8,0
353906,353912,353914,2,6
353906,353906,353915,9,0
353906,353913,353915,2,7
353906,353913,353915,2,7
353906,353914,353915,1,8
353906,353906,353916,10,0
353906,353914,353915,1,8
353906,353914,353916,2,8
353921,353922,353923,1,1
353921,353922,353923,1,1
353921,353922,353923,1,1
353921,353922,353927,5,1
353921,353922,353927,5,1
353921,353924,353927,3,3
353921,353924,353927,3,3
353921,353924,353928,4,3
353921,353922,353929,7,1
353921,353922,353928,6,1
353921,353922,353928,6,1
353921,353922,353929,7,1
353921,353922,353929,7,1
353921,353922,353929,7,1
353921,353922,353929,7,1
353921,353922,353930,8,1
353921,353928,353930,2,7
353921,353928,353930,2,7
353921,353922,353930,8,1
353921,353928,353930,2,7
353921,353929,353930,1,8
353921,353928,353930,2,7
353921,353929,353930,1,8
353921,353929,353930,1,8
353921,353930,353931,1,9
353921,353929,353930,1,8
353921,353929,353930,1,8
353921,353929,353930,1,8
353921,353922,353931,9,1
353921,353922,353931,9,1
353921,353930,353931,1,9
353937,353937,353938,1,0
353937,353937,353938,1,0
353937,353937,353939,2,0
353937,353937,353942,5,0
353937,353939,353942,3,2
353937,353937,353943,6,0
353937,353937,353943,6,0
353937,353937,353944,7,0
353937,353939,353944,5,2
353937,353939,353943,4,2
353937,353937,353944,7,0
353937,353937,353944,7,0
353937,353937,353945,8,0
353937,353942,353945,3,5
353937,353943,353945,2,6
353937,353937,353945,8,0
353937,353942,353945,3,5
353937,353943,353945,2,6
353937,353944,353946,2,7
353937,353944,353946,2,7
353937,353937,353946,9,0
353937,353944,353946,2,7
353937,353937,353945,8,0
353937,353944,353946,2,7
353937,353937,353947,10,0
353937,353937,353947,10,0
353937,353937,353947,10,0
353937,353945,353947,2,8
353937,353945,353947,2,8
353937,353945,353947,2,8
353937,353945,353947,2,8
353953,353953,353954,1,0
353953,353953,353955,2,0
353953,353953,353954,1,0
353953,353953,353958,5,0
353953,353955,353958,3,2
353953,353953,353959,6,0
353953,353955,353959,4,2
353953,353953,353958,5,0
353953,353955,353959,4,2
353953,353953,353959,6,0
353953,353953,353959,6,0
353953,353953,353960,7,0
353953,353953,353960,7,0
353953,353953,353961,8,0
353953,353958,353960,2,5
353953,353959,353961,2,6
353953,353959,353961,2,6
353953,353959,353961,2,6
353953,353959,353961,2,6
353953,353958,353960,2,5
353953,353953,353962,9,0
353953,353953,353961,8,0
353953,353960,353962,2,7
353953,353960,353961,1,7
353953,353953,353962,9,0
353953,353960,353961,1,7
353953,353953,353962,9,0
353953,353960,353962,2,7
353953,353961,353963,2,8
353953,353961,353962,1,8
353953,353953,353963,10,0
353972,353972,353973,1,0
353972,353972,353973,1,0
353972,353972,353973,1,0
353972,353972,353976,4,0
353972,353972,353977,5,0
353972,353972,353977,5,0
353972,353974,353977,3,2
353972,353972,353978,6,0
353972,353972,353978,6,0
353972,353974,353978,4,2
353972,353974,353978,4,2
353972,353972,353979,7,0
353972,353972,353979,7,0
353972,353972,353979,7,0
353972,353978,353980,2,6
353972,353972,353980,8,0
353972,353977,353979,2,5
353972,353978,353980,2,6
353972,353978,353979,1,6
353972,353979,353980,1,7
353972,353978,353980,2,6
353972,353979,353980,1,7
353972,353972,353980,8,0
353972,353978,353980,2,6
353972,353979,353980,1,7
353972,353972,353981,9,0
353972,353972,353982,10,0
353972,353980,353981,1,8
353972,353972,353982,10,0
353972,353980,353981,1,8
353972,353980,353981,1,8
353987,353987,353988,1,0
353987,353987,353988,1,0
353987,353987,353988,1,0
353987,353987,353991,4,0
353987,353987,353991,4,0
353987,353989,353992,3,2
353987,353989,353992,3,2
353987,353987,353993,6,0
353987,353987,353992,5,0
353987,353988,353992,4,1
353987,353987,353993,6,0
353987,353987,353993,6,0
353987,353987,353995,8,0
353987,353987,353995,8,0
353987,353992,353995,3,5
353987,353992,353994,2,5
353987,353993,353995,2,6
353987,353993,353995,2,6
353987,353987,353995,8,0
353987,353993,353995,2,6
353987,353993,353995,2,6
353987,353993,353995,2,6
353987,353994,353995,1,7
353987,353987,353996,9,0
353987,353994,353995,1,7
353987,353987,353996,9,0
353987,353995,353996,1,8
353987,353995,353996,1,8
353987,353987,353996,9,0
353987,353995,353996,1,8
353987,353987,353997,10,0
354003,354003,354004,1,0
354003,354003,354005,2,0
354003,354003,354004,1,0
354003,354005,354008,3,2
354003,354003,354008,5,0
354003,354003,354008,5,0
354003,354003,354009,6,0
354003,354005,354009,4,2
354003,354003,354009,6,0
354003,354005,354009,4,2
354003,354003,354010,7,0
354003,354003,354010,7,0
354003,354003,354010,7,0
354003,354003,354011,8,0
354003,354003,354011,8,0
354003,354009,354011,2,6
354003,354008,354011,3,5
354003,354009,354011,2,6
354003,354008,354010,2,5
354003,354008,354010,2,5
354003,354003,354011,8,0
354003,354010,354012,2,7
354003,354003,354012,9,0
354003,354010,354012,2,7
354003,354009,354012,3,6
354003,354010,354012,2,7
354003,354003,354011,8,0
354003,354010,354012,2,7
354003,354003,354013,10,0
354003,354011,354012,1,8
354003,354011,354013,2,8
354020,354020,354021,1,0
354020,354020,354021,1,0
354020,354020,354021,1,0
354020,354020,354025,5,0
354020,354022,354025,3,2
354020,354020,354025,5,0
354020,354022,354025,3,2
354020,354021,354026,5,1
354020,354020,354026,6,0
354020,354020,354026,6,0
354020,354020,354027,7,0
354020,354020,354027,7,0
354020,354020,354026,6,0
354020,354025,354027,2,5
354020,354026,354028,2,6
354020,354020,354028,8,0
354020,354025,354027,2,5
354020,354025,354028,3,5
354020,354026,354028,2,6
354020,354020,354029,9,0
354020,354027,354029,2,7
354020,354027,354029,2,7
354020,354027,354029,2,7
354020,354027,354028,1,7
354020,354027,354028,1,7
354020,354020,354029,9,0
354020,354028,354029,1,8
354020,354020,354029,9,0
354020,354020,354030,10,0
354020,354028,354029,1,8
354020,354020,354030,10,0
354040,354040,354041,1,0
354040,354040,354041,1,0
354040,354040,354041,1,0
354040,354040,354044,4,0
354040,354042,354044,2,2
354040,354040,354044,4,0
354040,354042,354045,3,2
354040,354040,354045,5,0
354040,354041,354045,4,1
354040,354040,354047,7,0
354040,354040,354046,6,0
354040,354044,354047,3,4
354040,354040,354047,7,0
354040,354046,354048,2,6
354040,354040,354047,7,0
354040,354040,354047,7,0
354040,354045,354047,2,5
354040,354040,354047,7,0
354040,354046,354047,1,6
354040,354045,354047,2,5
354040,354047,354048,1,7
354040,354046,354048,2,6
354040,354047,354048,1,7
354040,354047,354048,1,7
354040,354048,354049,1,8
354040,354040,354049,9,0
354040,354048,354049,1,8
354040,354040,354049,9,0
354040,354048,354049,1,8
354040,354040,354049,9,0
354040,354040,354050,10,0
354056,354056,354057,1,0
354056,354056,354057,1,0
354056,354056,354057,1,0
354056,354058,354061,3,2
354056,354056,354061,5,0
354056,354056,354062,6,0
354056,354056,354062,6,0
354056,354058,354062,4,2
354056,354056,354062,6,0
354056,354056,354061,5,0
354056,354056,354063,7,0
354056,354056,354063,7,0
354056,354056,354063,7,0
354056,354056,354062,6,0
354056,354058,354063,5,2
354056,354056,354064,8,0
354056,354056,354064,8,0
354056,354061,354063,2,5
354056,354061,354063,2,5
354056,354062,354064,2,6
354056,354062,354064,2,6
354056,354062,354065,3,6
354056,354063,354064,1,7
354056,354063,354064,1,7
354056,354062,354065,3,6
354056,354062,354064,2,6
354056,354063,354065,2,7
354056,354063,354065,2,7
354056,354063,354064,1,7
354056,354056,354066,10,0
354056,354056,354065,9,0
354072,354072,354073,1,0
354072,354072,354073,1,0
354072,354072,354074,2,0
354072,354072,354077,5,0
354072,354072,354078,6,0
354072,354075,354078,3,3
354072,354074,354078,4,2
354072,354072,354078,6,0
354072,354074,354079,5,2
354072,354072,354079,7,0
354072,354072,354079,7,0
354072,354072,354079,7,0
354072,354072,354079,7,0
354072,354077,354080,3,5
354072,354078,354080,2,6
354072,354078,354080,2,6
354072,354079,354081,2,7
354072,354072,354081,9,0
354072,354078,354081,3,6
354072,354079,354081,2,7
354072,354072,354081,9,0
354072,354078,354081,3,6
354072,354079,354081,2,7
354072,354080,354081,1,8
354072,354081,354082,1,9
354072,354072,354082,10,0
354072,354072,354082,10,0
354072,354072,354082,10,0
354072,354081,354082,1,9
354072,354072,354082,10,0
354072,354081,354082,1,9
354092,354092,354093,1,0
354092,354092,354093,1,0
354092,354092,354093,1,0
354092,354092,354096,4,0
354092,354092,354097,5,0
354092,354094,354097,3,2
354092,354092,354098,6,0
354092,354094,354098,4,2
354092,354094,354098,4,2
354092,354097,354099,2,5
354092,354092,354100,8,0
354092,354092,354101,9,0
354092,354099,354101,2,7
354092,354099,354101,2,7
354092,354098,354100,2,6
354092,354092,354101,9,0
354092,354098,354101,3,6
354092,354099,354102,3,7
354092,354092,354102,10,0
354092,354092,354102,10,0
354092,354100,354102,2,8
354092,354101,354102,1,9
354092,354092,354102,10,0
354092,354092,354102,10,0
354092,354092,354102,10,0
354092,354092,354102,10,0
354092,354101,354102,1,9
354092,354092,354102,10,0
354092,354101,354103,2,9
354092,354101,354103,2,9
354092,354101,354103,2,9
354109,354109,354110,1,0
354109,354109,354110,1,0
354109,354109,354110,1,0
354109,354109,354113,4,0
354109,354111,354114,3,2
354109,354111,354114,3,2
354109,354109,354114,5,0
354109,354111,354115,4,2
354109,354109,354115,6,0
354109,354109,354116,7,0
354109,354109,354116,7,0
354109,354109,354116,7,0
354109,354114,354116,2,5
354109,354116,354118,2,7
354109,354109,354118,9,0
354109,354115,354117,2,6
354109,354116,354117,1,7
354109,354115,354117,2,6
354109,354116,354117,1,7
354109,354115,354117,2,6
354109,354116,354117,1,7
354109,354109,354119,10,0
354109,354117,354118,1,8
354109,354109,354118,9,0
354109,354109,354118,9,0
354109,354109,354118,9,0
354109,354109,354118,9,0
354109,354117,354118,1,8
354109,354109,354119,10,0
354109,354118,354119,1,9
354109,354118,354119,1,9
354126,354126,354127,1,0
354126,354126,354127,1,0
354126,354126,354128,2,0
354126,354126,354131,5,0
354126,354128,354132,4,2
354126,354126,354132,6,0
354126,354128,354131,3,2
354126,354126,354131,5,0
354126,354128,354133,5,2
354126,354126,354133,7,0
354126,354126,354134,8,0
354126,354126,354133,7,0
354126,354126,354134,8,0
354126,354131,354134,3,5
354126,354132,354134,2,6
354126,354126,354135,9,0
354126,354133,354135,2,7
354126,354132,354134,2,6
354126,354132,354134,2,6
354126,354132,354134,2,6
354126,354133,354135,2,7
354126,354126,354136,10,0
354126,354126,354136,10,0
354126,354126,354136,10,0
354126,354126,354136,10,0
354126,354134,354136,2,8
354126,354134,354136,2,8
354126,354126,354136,10,0
354126,354134,354136,2,8
354126,354134,354136,2,8
354126,354134,354136,2,8
354148,354148,354150,2,0
354148,354148,354150,2,0
354148,354149,354150,1,1
354148,354151,354153,2,3
354148,354148,354154,6,0
354148,354151,354154,3,3
354148,354149,354155,6,1
354148,354148,354155,7,0
354148,354148,354155,7,0
354148,354151,354155,4,3
354148,354148,354155,7,0
354148,354148,354155,7,0
354148,354148,354155,7,0
354148,354154,354156,2,6
354148,354155,354157,2,7
354148,354149,354157,8,1
354148,354155,354157,2,7
354148,354156,354157,1,8
354148,354156,354157,1,8
354148,354155,354157,2,7
354148,354156,354157,1,8
354148,354156,354158,2,8
354148,354156,354157,1,8
354148,354148,354158,10,0
354148,354148,354158,10,0
354148,354148,354158,10,0
354148,354156,354158,2,8
354148,354148,354159,11,0
354148,354149,354158,9,1
354148,354157,354158,1,9
354148,354157,354158,1,9
354164,354164,354165,1,0
354164,354164,354165,1,0
354164,354164,354165,1,0
354164,354164,354169,5,0
354164,354164,354169,5,0
354164,354164,354169,5,0
354164,354164,354170,6,0
354164,354166,354169,3,2
354164,354164,354169,5,0
354164,354166,354169,3,2
354164,354166,354170,4,2
354164,354164,354171,7,0
354164,354164,354171,7,0
354164,354164,354171,7,0
354164,354170,354172,2,6
354164,354164,354172,8,0
354164,354170,354172,2,6
354164,354170,354171,1,6
354164,354164,354173,9,0
354164,354170,354172,2,6
354164,354170,354172,2,6
354164,354170,354172,2,6
354164,354171,354172,1,7
354164,354170,354172,2,6
354164,354171,354172,1,7
354164,354171,354173,2,7
354164,354172,354173,1,8
354164,354164,354173,9,0
354164,354164,354174,10,0
354164,354172,354173,1,8
354164,354164,354174,10,0
354181,354181,354182,1,0
354181,354181,354183,2,0
354181,354181,354183,2,0
354181,354181,354187,6,0
354181,354181,354187,6,0
354181,354181,354187,6,0
354181,354181,354187,6,0
354181,354181,354187,6,0
354181,354183,354187,4,2
354181,354184,354187,3,3
354181,354181,354187,6,0
354181,354181,354188,7,0
354181,354181,354189,8,0
354181,354183,354189,6,2
354181,354187,354189,2,6
354181,354187,354189,2,6
354181,354187,354189,2,6
354181,354188,354189,1,7
354181,354187,354190,3,6
354181,354187,354190,3,6
354181,354187,354190,3,6
354181,354181,354189,8,0
354181,354188,354190,2,7
354181,354181,354190,9,0
354181,354189,354190,1,8
354181,354181,354191,10,0
354181,354189,354191,2,8
354181,354189,354191,2,8
354181,354181,354191,10,0
354181,354190,354191,1,9
354181,354181,354192,11,0
354200,354200,354201,1,0
354200,354200,354201,1,0
354200,354200,354201,1,0
354200,354200,354205,5,0
354200,354200,354205,5,0
354200,354200,354205,5,0
354200,354200,354205,5,0
354200,354202,354206,4,2
354200,354200,354205,5,0
354200,354200,354205,5,0
354200,354202,354205,3,2
354200,354202,354207,5,2
354200,354200,354206,6,0
354200,354200,354208,8,0
354200,354205,354208,3,5
354200,354200,354208,8,0
354200,354200,354208,8,0
354200,354206,354208,2,6
354200,354206,354208,2,6
354200,354206,354208,2,6
354200,354206,354208,2,6
354200,354206,354208,2,6
354200,354206,354208,2,6
354200,354207,354208,1,7
354200,354206,354208,2,6
354200,354207,354208,1,7
354200,354200,354209,9,0
354200,354208,354210,2,8
354200,354208,354209,1,8
354200,354200,354209,9,0
354200,354200,354210,10,0
354216,354216,354218,2,0
354216,354216,354218,2,0
354216,354216,354218,2,0
354216,354216,354221,5,0
354216,354216,354221,5,0
354216,354216,354221,5,0
354216,354218,354221,3,2
354216,354216,354222,6,0
354216,354216,354221,5,0
354216,354216,354222,6,0
354216,354216,354222,6,0
354216,354216,354223,7,0
354216,354218,354223,5,2
354216,354216,354222,6,0
354216,354218,354223,5,2
354216,354221,354223,2,5
354216,354221,354224,3,5
354216,354221,354223,2,5
354216,354222,354223,1,6
354216,354222,354224,2,6
354216,354222,354224,2,6
354216,354216,354224,8,0
354216,354221,354223,2,5
354216,354222,354224,2,6
354216,354223,354225,2,7
354216,354223,354225,2,7
354216,354216,354225,9,0
354216,354223,354225,2,7
354216,354223,354224,1,7
354216,354216,354226,10,0
354216,354216,354226,10,0
354232,354232,354233,1,0
354232,354232,354234,2,0
354232,354232,354234,2,0
354232,354232,354236,4,0
354232,354234,354237,3,2
354232,354232,354237,5,0
354232,354233,354237,4,1
354232,354232,354237,5,0
354232,354234,354237,3,2
354232,354232,354237,5,0
354232,354232,354238,6,0
354232,354232,354238,6,0
354232,354232,354238,6,0
354232,354232,354239,7,0
354232,354237,354239,2,5
354232,354237,354239,2,5
354232,354236,354239,3,4
354232,354237,354239,2,5
354232,354232,354240,8,0
354232,354232,354239,7,0
354232,354238,354239,1,6
354232,354237,354240,3,5
354232,354238,354240,2,6
354232,354239,354240,1,7
354232,354232,354241,9,0
354232,354239,354240,1,7
354232,354237,354240,3,5
354232,354240,354241,1,8
354232,354240,354241,1,8
354232,354232,354242,10,0
354232,354232,354242,10,0
354255,354255,354256,1,0
354255,354255,354256,1,0
354255,354255,354256,1,0
354255,354255,354260,5,0
354255,354255,354259,4,0
354255,354255,354260,5,0
354255,354257,354260,3,2
354255,354255,354259,4,0
354255,354255,354260,5,0
354255,354256,354260,4,1
354255,354255,354260,5,0
354255,354255,354261,6,0
354255,354257,354260,3,2
354255,354260,354262,2,5
354255,354260,354262,2,5
354255,354255,354262,7,0
354255,354260,354262,2,5
354255,354260,354262,2,5
354255,354255,354262,7,0
354255,354255,354263,8,0
354255,354260,354262,2,5
354255,354260,354262,2,5
354255,354260,354262,2,5
354255,354261,354262,1,6
354255,354255,354263,8,0
354255,354261,354262,1,6
354255,354261,354262,1,6
354255,354262,354263,1,7
354255,354262,354263,1,7
354255,354255,354264,9,0
354255,354255,354265,10,0
354271,354271,354272,1,0
354271,354271,354272,1,0
354271,354271,354272,1,0
354271,354271,354275,4,0
354271,354271,354275,4,0
354271,354272,354275,3,1
354271,354273,354275,2,2
354271,354271,354275,4,0
354271,354273,354275,2,2
354271,354271,354275,4,0
354271,354271,354276,5,0
354271,354271,354276,5,0
354271,354271,354276,5,0
354271,354271,354277,6,0
354271,354271,354277,6,0
354271,354271,354277,6,0
354271,354276,354277,1,5
354271,354275,354277,2,4
354271,354276,354277,1,5
354271,354276,354278,2,5
354271,354276,354278,2,5
354271,354271,354278,7,0
354271,354276,354278,2,5
354271,354277,354278,1,6
354271,354276,354278,2,5
354271,354277,354278,1,6
354271,354277,354278,1,6
354271,354278,354279,1,7
354271,354278,354279,1,7
354271,354271,354281,10,0
354271,354271,354280,9,0
354285,354286,354287,1,1
354285,354286,354287,1,1
354285,354286,354287,1,1
354285,354286,354289,3,1
354285,354286,354290,4,1
354285,354286,354291,5,1
354285,354288,354290,2,3
354285,354286,354290,4,1
354285,354286,354290,4,1
354285,354286,354290,4,1
354285,354288,354290,2,3
354285,354288,354291,3,3
354285,354286,354291,5,1
354285,354291,354293,2,6
354285,354290,354292,2,5
354285,354291,354293,2,6
354285,354291,354292,1,6
354285,354291,354292,1,6
354285,354291,354292,1,6
354285,354286,354293,7,1
354285,354291,354293,2,6
354285,354291,354293,2,6
354285,354286,354293,7,1
354285,354292,354293,1,7
354285,354293,354294,1,8
354285,354292,354293,1,7
354285,354293,354294,1,8
354285,354286,354296,10,1
354285,354286,354295,9,1
354285,354286,354296,10,1
354285,354286,354296,10,1
354302,354302,354303,1,0
354302,354302,354303,1,0
354302,354302,354303,1,0
354302,354302,354306,4,0
354302,354302,354306,4,0
354302,354302,354307,5,0
354302,354303,354306,3,1
354302,354302,354306,4,0
354302,354304,354307,3,2
354302,354302,354307,5,0
354302,354304,354307,3,2
354302,354302,354308,6,0
354302,354306,354308,2,4
354302,354307,354309,2,5
354302,354302,354308,6,0
354302,354307,354308,1,5
354302,354307,354309,2,5
354302,354306,354308,2,4
354302,354302,354310,8,0
354302,354307,354309,2,5
354302,354307,354309,2,5
354302,354307,354309,2,5
354302,354309,354310,1,7
354302,354308,354309,1,6
354302,354308,354309,1,6
354302,354302,354311,9,0
354302,354309,354310,1,7
354302,354302,354311,9,0
354302,354302,354312,10,0
354302,354302,354312,10,0
354302,354302,354311,9,0
354316,354317,354318,1,1
354316,354317,354318,1,1
354316,354317,354320,3,1
354316,354317,354321,4,1
354316,354317,354321,4,1
354316,354319,354321,2,3
354316,354317,354321,4,1
354316,354318,354321,3,2
354316,354317,354321,4,1
354316,354319,354322,3,3
354316,354317,354322,5,1
354316,354322,354324,2,6
354316,354317,354323,6,1
354316,354322,354324,2,6
354316,354322,354323,1,6
354316,354321,354323,2,5
354316,354322,354323,1,6
354316,354317,354324,7,1
354316,354322,354324,2,6
354316,354323,354324,1,7
354316,354317,354324,7,1
354316,354322,354324,2,6
354316,354317,354325,8,1
354316,354323,354324,1,7
354316,354324,354325,1,8
354316,354324,354325,1,8
354316,354324,354325,1,8
354316,354317,354325,8,1
354316,354317,354326,9,1
354316,354317,354327,10,1
354334,354334,354335,1,0
354334,354334,354336,2,0
354334,354334,354336,2,0
354334,354334,354337,3,0
354334,354334,354339,5,0
354334,354334,354339,5,0
354334,354336,354339,3,2
354334,354335,354339,4,1
354334,354334,354339,5,0
354334,354336,354340,4,2
354334,354334,354340,6,0
354334,354334,354340,6,0
354334,354338,354340,2,4
354334,354340,354341,1,6
354334,354340,354341,1,6
354334,354334,354341,7,0
354334,354340,354342,2,6
354334,354334,354341,7,0
354334,354340,354341,1,6
354334,354340,354341,1,6
354334,354341,354342,1,7
354334,354334,354342,8,0
354334,354341,354342,1,7
354334,354341,354342,1,7
354334,354341,354342,1,7
354334,354334,354343,9,0
354334,354342,354343,1,8
354334,354342,354343,1,8
354334,354334,354343,9,0
354334,354334,354344,10,0
354334,354334,354344,10,0
354352,354352,354353,1,0
354352,354352,354353,1,0
354352,354352,354353,1,0
354352,354352,354354,2,0
354352,354353,354356,3,1
354352,354352,354357,5,0
354352,354353,354356,3,1
354352,354352,354356,4,0
354352,354354,354356,2,2
354352,354352,354356,4,0
354352,354352,354356,4,0
354352,354352,354356,4,0
354352,354352,354357,5,0
354352,354352,354358,6,0
354352,354352,354358,6,0
354352,354356,354358,2,4
354352,354355,354357,2,3
354352,354357,354358,1,5
354352,354357,354359,2,5
354352,354357,354359,2,5
354352,354357,354358,1,5
354352,354357,354358,1,5
354352,354357,354358,1,5
354352,354357,354358,1,5
354352,354352,354359,7,0
354352,354358,354359,1,6
354352,354358,354359,1,6
354352,354358,354359,1,6
354352,354352,354359,7,0
354352,354352,354362,10,0
354352,354352,354361,9,0
354369,354369,354370,1,0
354369,354369,354370,1,0
354369,354369,354370,1,0
354369,354369,354372,3,0
354369,354370,354372,2,1
354369,354369,354373,4,0
354369,354369,354373,4,0
354369,354370,354373,3,1
354369,354369,354373,4,0
354369,354369,354373,4,0
354369,354369,354375,6,0
354369,354371,354374,3,2
354369,354369,354374,5,0
354369,354373,354375,2,4
354369,354372,354374,2,3
354369,354374,354375,1,5
354369,354374,354375,1,5
354369,354374,354375,1,5
354369,354369,354376,7,0
354369,354374,354375,1,5
354369,354369,354375,6,0
354369,354369,354375,6,0
354369,354374,354375,1,5
354369,354375,354376,1,6
354369,354375,354376,1,6
354369,354369,354376,7,0
354369,354375,354376,1,6
354369,354369,354376,7,0
354369,354375,354376,1,6
354369,354375,354376,1,6
354369,354369,354379,10,0
354386,354386,354387,1,0
354386,354386,354387,1,0
354386,354386,354387,1,0
354386,354386,354390,4,0
354386,354386,354390,4,0
354386,354386,354390,4,0
354386,354386,354391,5,0
354386,354387,354391,4,1
354386,354386,354390,4,0
354386,354388,354391,3,2
354386,354388,354391,3,2
354386,354390,354392,2,4
354386,354386,354393,7,0
354386,354391,354393,2,5
354386,354391,354393,2,5
354386,354391,354393,2,5
354386,354391,354393,2,5
354386,354386,354393,7,0
354386,354386,354393,7,0
354386,354390,354393,3,4
354386,354386,354393,7,0
354386,354390,354393,3,4
354386,354386,354393,7,0
354386,354392,354394,2,6
354386,354386,354394,8,0
354386,354386,354394,8,0
354386,354392,354394,2,6
354386,354393,354395,2,7
354386,354393,354395,2,7
354386,354393,354395,2,7
354386,354386,354396,10,0
354402,354402,354403,1,0
354402,354402,354404,2,0
354402,354402,354404,2,0
354402,354402,354406,4,0
354402,354402,354406,4,0
354402,354402,354406,4,0
354402,354402,354406,4,0
354402,354402,354407,5,0
354402,354402,354407,5,0
354402,354403,354407,4,1
354402,354404,354407,3,2
354402,354402,354408,6,0
354402,354404,354407,3,2
354402,354402,354408,6,0
354402,354402,354408,6,0
354402,354406,354408,2,4
354402,354402,354408,6,0
354402,354407,354408,1,5
354402,354402,354408,6,0
354402,354406,354409,3,4
354402,354406,354408,2,4
354402,354407,354408,1,5
354402,354407,354409,2,5
354402,354407,354409,2,5
354402,354402,354409,7,0
354402,354408,354409,1,6
354402,354408,354410,2,6
354402,354408,354409,1,6
354402,354408,354410,2,6
354402,354408,354409,1,6
354402,354402,354410,8,0
354422,354422,354423,1,0
354422,354422,354423,1,0
354422,354422,354423,1,0
354422,354422,354425,3,0
354422,354422,354425,3,0
354422,354422,354425,3,0
354422,354422,354425,3,0
354422,354424,354427,3,2
354422,354422,354427,5,0
354422,354424,354427,3,2
354422,354422,354427,5,0
354422,354424,354427,3,2
354422,354426,354427,1,4
354422,354422,354428,6,0
354422,354426,354427,1,4
354422,354422,354428,6,0
354422,354426,354428,2,4
354422,354426,354429,3,4
354422,354422,354428,6,0
354422,354422,354428,6,0
354422,354422,354429,7,0
354422,354427,354428,1,5
354422,354422,354430,8,0
354422,354422,354429,7,0
354422,354428,354429,1,6
354422,354428,354429,1,6
354422,354428,354429,1,6
354422,354428,354429,1,6
354422,354428,354429,1,6
354422,354428,354429,1,6
354422,354428,354429,1,6
354436,354436,354437,1,0
354436,354436,354437,1,0
354436,354436,354437,1,0
354436,354436,354439,3,0
354436,354436,354439,3,0
354436,354436,354439,3,0
354436,354436,354439,3,0
354436,354438,354441,3,2
354436,354437,354440,3,1
354436,354438,354440,2,2
354436,354436,354441,5,0
354436,354436,354441,5,0
354436,354436,354441,5,0
354436,354436,354441,5,0
354436,354440,354441,1,4
354436,354436,354441,5,0
354436,354440,354442,2,4
354436,354441,354442,1,5
354436,354440,354442,2,4
354436,354440,354442,2,4
354436,354436,354443,7,0
354436,354441,354442,1,5
354436,354436,354442,6,0
354436,354441,354442,1,5
354436,354436,354443,7,0
354436,354436,354444,8,0
354436,354442,354443,1,6
354436,354442,354443,1,6
354436,354442,354443,1,6
354436,354442,354443,1,6
354436,354442,354443,1,6
354450,354450,354451,1,0
354450,354450,354451,1,0
354450,354450,354451,1,0
354450,354450,354453,3,0
354450,354450,354452,2,0
354450,354450,354453,3,0
354450,354450,354455,5,0
354450,354450,354454,4,0
354450,354452,354454,2,2
354450,354452,354455,3,2
354450,354453,354455,2,3
354450,354450,354455,5,0
354450,354452,354455,3,2
354450,354450,354455,5,0
354450,354453,354455,2,3
354450,354450,354455,5,0
354450,354450,354455,5,0
354450,354454,354455,1,4
354450,354450,354457,7,0
354450,354455,354456,1,5
354450,354455,354456,1,5
354450,354455,354456,1,5
354450,354450,354456,6,0
354450,354455,354456,1,5
354450,354455,354456,1,5
354450,354456,354457,1,6
354450,354456,354457,1,6
354450,354456,354457,1,6
354450,354456,354457,1,6
354450,354450,354459,9,0
354450,354450,354459,9,0
354466,354466,354467,1,0
354466,354466,354467,1,0
354466,354466,354467,1,0
354466,354466,354469,3,0
354466,354466,354469,3,0
354466,354466,354469,3,0
354466,354466,354470,4,0
354466,354466,354470,4,0
354466,354466,354470,4,0
354466,354466,354470,4,0
354466,354468,354470,2,2
354466,354466,354471,5,0
354466,354466,354471,5,0
354466,354468,354471,3,2
354466,354468,354471,3,2
354466,354466,354470,4,0
354466,354470,354472,2,4
354466,354470,354472,2,4
354466,354466,354472,6,0
354466,354469,354472,3,3
354466,354470,354472,2,4
354466,354471,354472,1,5
354466,354471,354473,2,5
354466,354471,354472,1,5
354466,354471,354472,1,5
354466,354471,354473,2,5
354466,354471,354472,1,5
354466,354471,354472,1,5
354466,354470,354472,2,4
354466,354466,354474,8,0
354466,354466,354475,9,0
354481,354481,354482,1,0
354481,354481,354482,1,0
354481,354481,354482,1,0
354481,354481,354484,3,0
354481,354481,354484,3,0
354481,354481,354484,3,0
354481,354481,354484,3,0
354481,354481,354485,4,0
354481,354481,354484,3,0
354481,354481,354484,3,0
354481,354481,354485,4,0
354481,354483,354486,3,2
354481,354481,354486,5,0
354481,354483,354486,3,2
354481,354483,354486,3,2
354481,354484,354486,2,3
354481,354485,354487,2,4
354481,354481,354486,5,0
354481,354484,354486,2,3
354481,354485,354487,2,4
354481,354485,354487,2,4
354481,354481,354487,6,0
354481,354485,354487,2,4
354481,354481,354487,6,0
354481,354485,354486,1,4
354481,354486,354487,1,5
354481,354486,354487,1,5
354481,354486,354487,1,5
354481,354486,354487,1,5
354481,354486,354487,1,5
354481,354481,354489,8,0
354496,354496,354497,1,0
354496,354496,354497,1,0
354496,354496,354497,1,0
354496,354496,354498,2,0
354496,354496,354498,2,0
354496,354496,354499,3,0
354496,354496,354499,3,0
354496,354496,354499,3,0
354496,354496,354499,3,0
354496,354497,354499,2,1
354496,354496,354499,3,0
354496,354497,354500,3,1
354496,354496,354500,4,0
354496,354496,354500,4,0
354496,354498,354500,2,2
354496,354499,354501,2,3
354496,354499,354501,2,3
354496,354499,354501,2,3
354496,354500,354501,1,4
354496,354496,354501,5,0
354496,354500,354501,1,4
354496,354500,354501,1,4
354496,354501,354502,1,5
354496,354496,354501,5,0
354496,354500,354501,1,4
354496,354500,354501,1,4
354496,354496,354501,5,0
354496,354500,354501,1,4
354496,354501,354502,1,5
354496,354496,354502,6,0
354496,354501,354502,1,5
354508,354509,354510,1,1
354508,354509,354510,1,1
354508,354509,354511,2,1
354508,354509,354511,2,1
354508,354509,354512,3,1
354508,354509,354511,2,1
354508,354509,354512,3,1
354508,354510,354512,2,2
354508,354509,354512,3,1
354508,354509,354512,3,1
354508,354509,354512,3,1
354508,354509,354513,4,1
354508,354511,354513,2,3
354508,354511,354514,3,3
354508,354512,354514,2,4
354508,354512,354513,1,4
354508,354509,354514,5,1
354508,354513,354514,1,5
354508,354513,354514,1,5
354508,354509,354515,6,1
354508,354513,354514,1,5
354508,354513,354514,1,5
354508,354509,354514,5,1
354508,354512,354514,2,4
354508,354512,354514,2,4
354508,354513,354514,1,5
354508,354509,354514,5,1
354508,354514,354515,1,6
354508,354514,354515,1,6
354508,354514,354515,1,6
354522,354522,354523,1,0
354522,354522,354523,1,0
354522,354522,354523,1,0
354522,354522,354524,2,0
354522,354522,354525,3,0
354522,354522,354525,3,0
354522,354522,354526,4,0
354522,354522,354525,3,0
354522,354522,354525,3,0
354522,354522,354526,4,0
354522,354522,354526,4,0
354522,354522,354527,5,0
354522,354524,354526,2,2
354522,354522,354526,4,0
354522,354524,354526,2,2
354522,354522,354527,5,0
354522,354524,354527,3,2
354522,354525,354527,2,3
354522,354522,354527,5,0
354522,354525,354527,2,3
354522,354526,354528,2,4
354522,354526,354528,2,4
354522,354526,354528,2,4
354522,354526,354528,2,4
354522,354526,354527,1,4
354522,354526,354527,1,4
354522,354522,354529,7,0
354522,354527,354528,1,5
354522,354527,354528,1,5
354522,354527,354528,1,5
354522,354527,354528,1,5
354534,354534,354535,1,0
354534,354534,354536,2,0
354534,354534,354536,2,0
354534,354534,354537,3,0
354534,354536,354537,1,2
354534,354534,354537,3,0
354534,354535,354537,2,1
354534,354534,354538,4,0
354534,354537,354538,1,3
354534,354534,354538,4,0
354534,354536,354538,2,2
354534,354534,354538,4,0
354534,354534,354538,4,0
354534,354534,354538,4,0
354534,354534,354539,5,0
354534,354534,354539,5,0
354534,354534,354539,5,0
354534,354534,354539,5,0
354534,354538,354539,1,4
354534,354534,354539,5,0
354534,354538,354539,1,4
354534,354538,354539,1,4
354534,354539,354540,1,5
354534,354539,354540,1,5
354534,354538,354540,2,4
354534,354539,354540,1,5
354534,354539,354540,1,5
354534,354539,354540,1,5
354534,354539,354540,1,5
354534,354539,354540,1,5
354534,354540,354541,1,6
354546,354546,354548,2,0
354546,354546,354548,2,0
354546,354546,354548,2,0
354546,354546,354549,3,0
354546,354546,354549,3,0
354546,354546,354549,3,0
354546,354546,354549,3,0
354546,354548,354549,1,2
354546,354546,354550,4,0
354546,354546,354550,4,0
354546,354546,354550,4,0
354546,354546,354550,4,0
354546,354547,354550,3,1
354546,354547,354550,3,1
354546,354546,354551,5,0
354546,354549,354551,2,3
354546,354550,354551,1,4
354546,354550,354551,1,4
354546,354549,354551,2,3
354546,354550,354551,1,4
354546,354550,354551,1,4
354546,354546,354551,5,0
354546,354550,354551,1,4
354546,354551,354552,1,5
354546,354551,354552,1,5
354546,354551,354552,1,5
354546,354551,354552,1,5
354546,354551,354552,1,5
354546,354551,354552,1,5
354546,354546,354553,7,0
354546,354552,354553,1,6
354560,354560,354561,1,0
354560,354560,354561,1,0
354560,354560,354561,1,0
354560,354560,354562,2,0
354560,354560,354562,2,0
354560,354560,354563,3,0
354560,354560,354563,3,0
354560,354562,354563,1,2
354560,354560,354563,3,0
354560,354560,354564,4,0
354560,354560,354563,3,0
354560,354562,354563,1,2
354560,354560,354563,3,0
354560,354560,354563,3,0
354560,354562,354563,1,2
354560,354560,354565,5,0
354560,354563,354564,1,3
354560,354563,354564,1,3
354560,354560,354564,4,0
354560,354560,354565,5,0
354560,354564,354565,1,4
354560,354560,354565,5,0
354560,354564,354565,1,4
354560,354564,354565,1,4
354560,354564,354565,1,4
354560,354564,354565,1,4
354560,354564,354565,1,4
354560,354564,354565,1,4
354560,354564,354565,1,4
354560,354564,354566,2,4
354560,354564,354565,1,4
354573,354573,354574,1,0
354573,354573,354574,1,0
354573,354573,354575,2,0
354573,354573,354574,1,0
354573,354573,354576,3,0
354573,354573,354575,2,0
354573,354573,354575,2,0
354573,354573,354576,3,0
354573,354573,354576,3,0
354573,354573,354576,3,0
354573,354573,354576,3,0
354573,354574,354576,2,1
354573,354575,354576,1,2
354573,354573,354577,4,0
354573,354575,354577,2,2
354573,354575,354577,2,2
354573,354576,354577,1,3
354573,354576,354577,1,3
354573,354576,354578,2,3
354573,354576,354577,1,3
354573,354573,354578,5,0
354573,354576,354578,2,3
354573,354573,354578,5,0
354573,354577,354578,1,4
354573,354577,354578,1,4
354573,354577,354578,1,4
354573,354573,354578,5,0
354573,354573,354579,6,0
354573,354577,354578,1,4
354573,354577,354579,2,4
354573,354577,354578,1,4
354588,354588,354589,1,0
354588,354588,354590,2,0
354588,354588,354590,2,0
354588,354588,354590,2,0
354588,354588,354589,1,0
354588,354588,354590,2,0
354588,354588,354590,2,0
354588,354588,354590,2,0
354588,354588,354590,2,0
354588,354588,354591,3,0
354588,354588,354591,3,0
354588,354590,354592,2,2
354588,354590,354592,2,2
354588,354590,354592,2,2
354588,354590,354592,2,2
354588,354590,354592,2,2
354588,354590,354593,3,2
354588,354590,354592,2,2
354588,354591,354592,1,3
354588,354588,354593,5,0
354588,354590,354593,3,2
354588,354592,354593,1,4
354588,354588,354593,5,0
354588,354592,354593,1,4
354588,354593,354594,1,5
354588,354588,354594,6,0
354588,354593,354594,1,5
354588,354593,354594,1,5
354588,354593,354594,1,5
354588,354588,354594,6,0
354588,354588,354596,8,0
354602,354602,354603,1,0
354602,354602,354603,1,0
354602,354602,354604,2,0
354602,354602,354603,1,0
354602,354602,354604,2,0
354602,354602,354604,2,0
354602,354602,354604,2,0
354602,354602,354604,2,0
354602,354602,354604,2,0
354602,354602,354606,4,0
354602,354602,354606,4,0
354602,354602,354606,4,0
354602,354604,354605,1,2
354602,354604,354606,2,2
354602,354604,354606,2,2
354602,354604,354606,2,2
354602,354602,354606,4,0
354602,354603,354605,2,1
354602,354604,354606,2,2
354602,354605,354606,1,3
354602,354605,354606,1,3
354602,354602,354607,5,0
354602,354606,354607,1,4
354602,354605,354606,1,3
354602,354606,354608,2,4
354602,354606,354607,1,4
354602,354606,354608,2,4
354602,354606,354607,1,4
354602,354606,354607,1,4
354602,354602,354608,6,0
354602,354602,354608,6,0
354615,354615,354616,1,0
354615,354615,354616,1,0
354615,354615,354616,1,0
354615,354615,354616,1,0
354615,354615,354617,2,0
354615,354615,354617,2,0
354615,354615,354617,2,0
354615,354616,354617,1,1
354615,354615,354617,2,0
354615,354616,354617,1,1
354615,354615,354617,2,0
354615,354617,354618,1,2
354615,354618,354619,1,3
354615,354615,354618,3,0
354615,354615,354619,4,0
354615,354618,354619,1,3
354615,354618,354619,1,3
354615,354618,354619,1,3
354615,354618,354620,2,3
354615,354617,354619,2,2
354615,354618,354619,1,3
354615,354618,354619,1,3
354615,354619,354620,1,4
354615,354615,354620,5,0
354615,354615,354620,5,0
354615,354620,354621,1,5
354615,354619,354620,1,4
354615,354619,354620,1,4
354615,354615,354621,6,0
354615,354615,354621,6,0
354615,354615,354624,9,0
354631,354631,354632,1,0
354631,354631,354633,2,0
354631,354631,354633,2,0
354631,354631,354633,2,0
354631,354631,354633,2,0
354631,354631,354633,2,0
354631,354631,354634,3,0
354631,354631,354634,3,0
354631,354633,354634,1,2
354631,354631,354635,4,0
354631,354631,354634,3,0
354631,354633,354635,2,2
354631,354633,354635,2,2
354631,354633,354635,2,2
354631,354631,354635,4,0
354631,354633,354635,2,2
354631,354634,354636,2,3
354631,354634,354636,2,3
354631,354634,354636,2,3
354631,354635,354636,1,4
354631,354631,354636,5,0
354631,354635,354636,1,4
354631,354636,354637,1,5
354631,354631,354637,6,0
354631,354635,354637,2,4
354631,354635,354637,2,4
354631,354635,354637,2,4
354631,354631,354637,6,0
354631,354635,354637,2,4
354631,354631,354637,6,0
354631,354631,354640,9,0
354645,354645,354646,1,0
354645,354645,354647,2,0
354645,354645,354646,1,0
354645,354645,354646,1,0
354645,354645,354648,3,0
354645,354646,354648,2,1
354645,354645,354647,2,0
354645,354645,354647,2,0
354645,354645,354648,3,0
354645,354645,354649,4,0
354645,354647,354648,1,2
354645,354647,354649,2,2
354645,354645,354649,4,0
354645,354647,354649,2,2
354645,354645,354650,5,0
354645,354645,354649,4,0
354645,354648,354650,2,3
354645,354648,354649,1,3
354645,354645,354650,5,0
354645,354648,354650,2,3
354645,354648,354650,2,3
354645,354649,354650,1,4
354645,354648,354650,2,3
354645,354649,354650,1,4
354645,354649,354650,1,4
354645,354645,354651,6,0
354645,354649,354651,2,4
354645,354649,354650,1,4
354645,354650,354651,1,5
354645,354645,354652,7,0
354645,354645,354654,9,0
354659,354659,354660,1,0
354659,354659,354660,1,0
354659,354659,354661,2,0
354659,354659,354661,2,0
354659,354660,354662,2,1
354659,354659,354662,3,0
354659,354659,354661,2,0
354659,354659,354661,2,0
354659,354659,354662,3,0
354659,354661,354662,1,2
354659,354659,354663,4,0
354659,354661,354663,2,2
354659,354661,354663,2,2
354659,354659,354663,4,0
354659,354659,354664,5,0
354659,354659,354664,5,0
354659,354662,354663,1,3
354659,354659,354664,5,0
354659,354662,354664,2,3
354659,354659,354664,5,0
354659,354662,354664,2,3
354659,354662,354664,2,3
354659,354659,354664,5,0
354659,354663,354664,1,4
354659,354663,354664,1,4
354659,354664,354665,1,5
354659,354663,354665,2,4
354659,354664,354665,1,5
354659,354659,354665,6,0
354659,354663,354665,2,4
354659,354663,354665,2,4
354671,354671,354672,1,0
354671,354671,354672,1,0
354671,354671,354672,1,0
354671,354671,354673,2,0
354671,354671,354673,2,0
354671,354671,354673,2,0
354671,354671,354674,3,0
354671,354671,354674,3,0
354671,354672,354674,2,1
354671,354671,354674,3,0
354671,354671,354674,3,0
354671,354672,354674,2,1
354671,354671,354674,3,0
354671,354671,354674,3,0
354671,354672,354674,2,1
354671,354673,354674,1,2
354671,354673,354675,2,2
354671,354671,354675,4,0
354671,354673,354675,2,2
354671,354674,354675,1,3
354671,354671,354676,5,0
354671,354674,354676,2,3
354671,354674,354676,2,3
354671,354674,354676,2,3
354671,354674,354676,2,3
354671,354671,354676,5,0
354671,354674,354676,2,3
354671,354674,354676,2,3
354671,354674,354676,2,3
354671,354671,354676,5,0
354671,354674,354676,2,3
354684,354684,354685,1,0
354684,354684,354685,1,0
354684,354684,354685,1,0
354684,354684,354686,2,0
354684,354684,354686,2,0
354684,354684,354686,2,0
354684,354684,354686,2,0
354684,354684,354686,2,0
354684,354684,354686,2,0
354684,354685,354687,2,1
354684,354684,354687,3,0
354684,354684,354686,2,0
354684,354685,354686,1,1
354684,354684,354687,3,0
354684,354686,354687,1,2
354684,354687,354688,1,3
354684,354684,354687,3,0
354684,354686,354687,1,2
354684,354686,354688,2,2
354684,354684,354687,3,0
354684,354684,354687,3,0
354684,354684,354688,4,0
354684,354687,354688,1,3
354684,354687,354688,1,3
354684,354687,354688,1,3
354684,354687,354689,2,3
354684,354687,354688,1,3
354684,354687,354688,1,3
354684,354687,354688,1,3
354684,354688,354689,1,4
354684,354688,354689,1,4
354699,354699,354700,1,0
354699,354699,354700,1,0
354699,354699,354700,1,0
354699,354699,354700,1,0
354699,354699,354701,2,0
354699,354699,354700,1,0
354699,354699,354700,1,0
354699,354699,354700,1,0
354699,354699,354701,2,0
354699,354699,354700,1,0
354699,354699,354702,3,0
354699,354699,354701,2,0
354699,354700,354701,1,1
354699,354699,354701,2,0
354699,354700,354701,1,1
354699,354699,354701,2,0
354699,354699,354701,2,0
354699,354700,354701,1,1
354699,354701,354702,1,2
354699,354699,354702,3,0
354699,354701,354702,1,2
354699,354701,354702,1,2
354699,354701,354702,1,2
354699,354701,354702,1,2
354699,354701,354702,1,2
354699,354701,354702,1,2
354699,354702,354703,1,3
354699,354702,354703,1,3
354699,354702,354703,1,3
354699,354702,354703,1,3
354699,354702,354703,1,3
354709,354709,354710,1,0
354709,354709,354710,1,0
354709,354709,354710,1,0
354709,354709,354711,2,0
354709,354709,354711,2,0
354709,354709,354711,2,0
354709,354709,354711,2,0
354709,354709,354711,2,0
354709,354709,354711,2,0
354709,354709,354710,1,0
354709,354709,354711,2,0
354709,354709,354711,2,0
354709,354709,354712,3,0
354709,354710,354711,1,1
354709,354709,354711,2,0
354709,354710,354711,1,1
354709,354709,354711,2,0
354709,354709,354712,3,0
354709,354710,354712,2,1
354709,354711,354713,2,2
354709,354711,354712,1,2
354709,354711,354713,2,2
354709,354711,354713,2,2
354709,354711,354713,2,2
354709,354711,354713,2,2
354709,354711,354712,1,2
354709,354711,354713,2,2
354709,354712,354713,1,3
354709,354712,354713,1,3
354709,354712,354714,2,3
354709,354712,354714,2,3
354719,354719,354720,1,0
354719,354719,354720,1,0
354719,354719,354720,1,0
354719,354719,354721,2,0
354719,354719,354720,1,0
354719,354719,354720,1,0
354719,354719,354720,1,0
354719,354719,354722,3,0
354719,354719,354721,2,0
354719,354719,354722,3,0
354719,354720,354721,1,1
354719,354719,354721,2,0
354719,354719,354722,3,0
354719,354720,354721,1,1
354719,354719,354723,4,0
354719,354721,354722,1,2
354719,354719,354723,4,0
354719,354721,354722,1,2
354719,354721,354723,2,2
354719,354721,354722,1,2
354719,354719,354722,3,0
354719,354721,354722,1,2
354719,354722,354723,1,3
354719,354722,354724,2,3
354719,354723,354724,1,4
354719,354722,354723,1,3
354719,354722,354723,1,3
354719,354719,354724,5,0
354719,354722,354723,1,3
354719,354722,354724,2,3
354719,354722,354723,1,3
354731,354731,354732,1,0
354731,354731,354732,1,0
354731,354731,354732,1,0
354731,354731,354732,1,0
354731,354731,354733,2,0
354731,354731,354732,1,0
354731,354731,354732,1,0
354731,354731,354732,1,0
354731,354731,354732,1,0
354731,354731,354732,1,0
354731,354731,354734,3,0
354731,354731,354734,3,0
354731,354731,354734,3,0
354731,354732,354733,1,1
354731,354733,354734,1,2
354731,354733,354734,1,2
354731,354733,354734,1,2
354731,354733,354734,1,2
354731,354733,354734,1,2
354731,354733,354734,1,2
354731,354733,354734,1,2
354731,354733,354734,1,2
354731,354733,354734,1,2
354731,354734,354735,1,3
354731,354734,354735,1,3
354731,354731,354735,4,0
354731,354731,354735,4,0
354731,354734,354735,1,3
354731,354735,354736,1,4
354731,354734,354735,1,3
354731,354731,354736,5,0
354743,354743,354744,1,0
354743,354743,354745,2,0
354743,354743,354745,2,0
354743,354743,354745,2,0
354743,354743,354744,1,0
354743,354743,354745,2,0
354743,354743,354745,2,0
354743,354743,354746,3,0
354743,354743,354745,2,0
354743,354743,354746,3,0
354743,354745,354746,1,2
354743,354743,354746,3,0
354743,354743,354746,3,0
354743,354746,354747,1,3
354743,354745,354746,1,2
354743,354745,354747,2,2
354743,354745,354747,2,2
354743,354745,354747,2,2
354743,354745,354747,2,2
354743,354743,354747,4,0
354743,354743,354748,5,0
354743,354747,354748,1,4
354743,354743,354748,5,0
354743,354747,354748,1,4
354743,354743,354748,5,0
354743,354747,354748,1,4
354743,354747,354748,1,4
354743,354747,354748,1,4
354743,354747,354748,1,4
354743,354747,354748,1,4
354755,354755,354756,1,0
354755,354755,354756,1,0
354755,354755,354756,1,0
354755,354755,354756,1,0
354755,354755,354757,2,0
354755,354755,354756,1,0
354755,354755,354756,1,0
354755,354756,354757,1,1
354755,354755,354757,2,0
354755,354755,354757,2,0
354755,354756,354757,1,1
354755,354755,354757,2,0
354755,354756,354757,1,1
354755,354757,354758,1,2
354755,354755,354757,2,0
354755,354757,354758,1,2
354755,354757,354758,1,2
354755,354757,354758,1,2
354755,354755,354758,3,0
354755,354755,354758,3,0
354755,354757,354758,1,2
354755,354758,354759,1,3
354755,354755,354759,4,0
354755,354758,354759,1,3
354755,354758,354759,1,3
354755,354758,354759,1,3
354755,354755,354759,4,0
354755,354758,354759,1,3
354755,354758,354759,1,3
354755,354758,354759,1,3
354755,354755,354760,5,0
354764,354765,354766,1,1
354764,354765,354766,1,1
354764,354765,354766,1,1
354764,354765,354766,1,1
354764,354765,354766,1,1
354764,354765,354766,1,1
354764,354765,354766,1,1
354764,354766,354767,1,2
354764,354765,354767,2,1
354764,354767,354768,1,3
354764,354765,354767,2,1
354764,354767,354768,1,3
354764,354766,354767,1,2
354764,354767,354768,1,3
354764,354767,354768,1,3
354764,354765,354768,3,1
354764,354767,354768,1,3
354764,354765,354768,3,1
354764,354767,354768,1,3
354764,354765,354768,3,1
354764,354767,354768,1,3
354764,354768,354769,1,4
354764,354765,354768,3,1
354764,354765,354769,4,1
354764,354768,354769,1,4
354764,354768,354769,1,4
354764,354768,354769,1,4
354764,354768,354769,1,4
354764,354768,354769,1,4
354764,354765,354772,7,1
354778,354778,354779,1,0
354778,354778,354779,1,0
354778,354778,354779,1,0
354778,354778,354779,1,0
354778,354778,354779,1,0
354778,354778,354779,1,0
354778,354778,354780,2,0
354778,354778,354780,2,0
354778,354778,354780,2,0
354778,354780,354781,1,2
354778,354780,354781,1,2
354778,354779,354780,1,1
354778,354778,354780,2,0
354778,354778,354780,2,0
354778,354779,354780,1,1
354778,354780,354781,1,2
354778,354778,354781,3,0
354778,354779,354780,1,1
354778,354780,354781,1,2
354778,354778,354782,4,0
354778,354778,354781,3,0
354778,354780,354781,1,2
354778,354781,354782,1,3
354778,354781,354782,1,3
354778,354778,354782,4,0
354778,354781,354782,1,3
354778,354781,354783,2,3
354778,354781,354782,1,3
354778,354781,354782,1,3
354778,354781,354782,1,3
354778,354778,354784,6,0
354788,354788,354789,1,0
354788,354788,354789,1,0
354788,354788,354789,1,0
354788,354788,354790,2,0
354788,354788,354790,2,0
354788,354788,354790,2,0
354788,354788,354790,2,0
354788,354788,354790,2,0
354788,354788,354790,2,0
354788,354789,354790,1,1
354788,354788,354791,3,0
354788,354790,354791,1,2
354788,354791,354792,1,3
354788,354790,354791,1,2
354788,354789,354791,2,1
354788,354788,354791,3,0
354788,354790,354791,1,2
354788,354791,354792,1,3
354788,354791,354792,1,3
354788,354791,354792,1,3
354788,354788,354792,4,0
354788,354791,354792,1,3
354788,354792,354793,1,4
354788,354788,354794,6,0
354788,354792,354793,1,4
354788,354792,354793,1,4
354788,354792,354793,1,4
354788,354792,354793,1,4
354788,354788,354794,6,0
354800,354800,354801,1,0
354800,354800,354801,1,0
354800,354800,354801,1,0
354800,354800,354802,2,0
354800,354800,354802,2,0
354800,354800,354802,2,0
354800,354800,354802,2,0
354800,354800,354802,2,0
354800,354800,354802,2,0
354800,354800,354802,2,0
354800,354800,354802,2,0
354800,354800,354802,2,0
354800,354800,354802,2,0
354800,354800,354803,3,0
354800,354802,354803,1,2
354800,354803,354804,1,3
354800,354800,354803,3,0
354800,354801,354803,2,1
354800,354803,354804,1,3
354800,354802,354803,1,2
354800,354803,354804,1,3
354800,354803,354804,1,3
354800,354800,354803,3,0
354800,354803,354804,1,3
354800,354804,354805,1,4
354800,354803,354804,1,3
354800,354803,354804,1,3
354800,354803,354804,1,3
354809,354809,354810,1,0
354809,354809,354810,1,0
354809,354809,354811,2,0
354809,354809,354811,2,0
354809,354809,354811,2,0
354809,354809,354811,2,0
354809,354809,354811,2,0
354809,354809,354811,2,0
354809,354809,354811,2,0
354809,354809,354811,2,0
354809,354809,354811,2,0
354809,354809,354812,3,0
354809,354811,354812,1,2
354809,354809,354812,3,0
354809,354809,354812,3,0
354809,354809,354812,3,0
354809,354810,354812,2,1
354809,354809,354812,3,0
354809,354810,354812,2,1
354809,354811,354812,1,2
354809,354811,354812,1,2
354809,354811,354813,2,2
354809,354812,354813,1,3
354809,354811,354812,1,2
354809,354811,354813,2,2
354809,354812,354813,1,3
354809,354811,354813,2,2
354809,354811,354813,2,2
354809,354811,354813,2,2
354809,354812,354814,2,3
354809,354813,354814,1,4
354818,354818,354819,1,0
354818,354818,354820,2,0
354818,354818,354820,2,0
354818,354818,354822,4,0
354818,354821,354823,2,3
354818,354821,354824,3,3
354818,354821,354824,3,3
354818,354819,354824,5,1
354818,354823,354825,2,5
354818,354818,354825,7,0
354818,354824,354826,2,6
354818,354818,354826,8,0
354818,354818,354826,8,0
354818,354825,354826,1,7
354818,354825,354826,1,7
354818,354818,354826,8,0
354818,354825,354826,1,7
354818,354818,354827,9,0
354818,354818,354827,9,0
354818,354826,354827,1,8
354818,354818,354827,9,0
354818,354818,354827,9,0
354818,354826,354827,1,8
354818,354826,354827,1,8
354818,354818,354828,10,0
354818,354827,354828,1,9
354818,354827,354828,1,9
354818,354827,354828,1,9
354818,354827,354828,1,9
354818,354818,354828,10,0
354818,354818,354829,11,0
354834,354834,354836,2,0
354834,354834,354836,2,0
354834,354834,354836,2,0
354834,354835,354838,3,1
354834,354837,354839,2,3
354834,354837,354840,3,3
354834,354834,354840,6,0
354834,354837,354840,3,3
354834,354834,354841,7,0
354834,354835,354841,6,1
354834,354839,354841,2,5
354834,354834,354842,8,0
354834,354841,354842,1,7
354834,354834,354842,8,0
354834,354840,354842,2,6
354834,354834,354843,9,0
354834,354841,354842,1,7
354834,354841,354842,1,7
354834,354834,354842,8,0
354834,354834,354843,9,0
354834,354842,354843,1,8
354834,354834,354843,9,0
354834,354842,354843,1,8
354834,354842,354843,1,8
354834,354834,354844,10,0
354834,354843,354844,1,9
354834,354843,354844,1,9
354834,354834,354844,10,0
354834,354843,354844,1,9
354834,354843,354844,1,9
354834,354834,354845,11,0
354852,354852,354853,1,0
354852,354852,354853,1,0
354852,354852,354853,1,0
354852,354852,354856,4,0
354852,354852,354857,5,0
354852,354854,354856,2,2
354852,354854,354857,3,2
354852,354854,354858,4,2
354852,354852,354859,7,0
354852,354856,354859,3,4
354852,354857,354859,2,5
354852,354852,354860,8,0
354852,354858,354859,1,6
354852,354858,354860,2,6
354852,354852,354860,8,0
354852,354857,354859,2,5
354852,354852,354860,8,0
354852,354852,354860,8,0
354852,354859,354860,1,7
354852,354852,354860,8,0
354852,354859,354860,1,7
354852,354860,354861,1,8
354852,354852,354861,9,0
354852,354852,354860,8,0
354852,354859,354861,2,7
354852,354852,354861,9,0
354852,354852,354862,10,0
354852,354860,354861,1,8
354852,354860,354861,1,8
354852,354852,354861,9,0
354852,354860,354861,1,8
354867,354867,354868,1,0
354867,354867,354868,1,0
354867,354867,354868,1,0
354867,354869,354872,3,2
354867,354869,354871,2,2
354867,354867,354871,4,0
354867,354869,354872,3,2
354867,354867,354872,5,0
354867,354872,354874,2,5
354867,354867,354875,8,0
354867,354872,354874,2,5
354867,354867,354874,7,0
354867,354867,354875,8,0
354867,354872,354874,2,5
354867,354867,354875,8,0
354867,354873,354875,2,6
354867,354867,354875,8,0
354867,354873,354875,2,6
354867,354867,354875,8,0
354867,354867,354875,8,0
354867,354874,354875,1,7
354867,354867,354876,9,0
354867,354875,354876,1,8
354867,354875,354876,1,8
354867,354867,354876,9,0
354867,354867,354876,9,0
354867,354875,354876,1,8
354867,354875,354876,1,8
354867,354875,354876,1,8
354867,354875,354876,1,8
354867,354867,354876,9,0
354884,354884,354886,2,0
354884,354884,354885,1,0
354884,354884,354885,1,0
354884,354884,354889,5,0
354884,354884,354889,5,0
354884,354886,354889,3,2
354884,354886,354889,3,2
354884,354886,354891,5,2
354884,354884,354891,7,0
354884,354884,354892,8,0
354884,354884,354892,8,0
354884,354890,354892,2,6
354884,354884,354892,8,0
354884,354890,354892,2,6
354884,354889,354892,3,5
354884,354889,354891,2,5
354884,354884,354893,9,0
354884,354884,354892,8,0
354884,354891,354893,2,7
354884,354884,354892,8,0
354884,354884,354892,8,0
354884,354884,354892,8,0
354884,354892,354893,1,8
354884,354891,354892,1,7
354884,354892,354893,1,8
354884,354892,354893,1,8
354884,354892,354894,2,8
354884,354884,354894,10,0
354884,354892,354893,1,8
354884,354892,354894,2,8
354884,354884,354894,10,0
354902,354902,354904,2,0
354902,354902,354904,2,0
354902,354902,354904,2,0
354902,354902,354908,6,0
354902,354904,354908,4,2
354902,354905,354908,3,3
354902,354905,354908,3,3
354902,354902,354908,6,0
354902,354902,354909,7,0
354902,354902,354909,7,0
354902,354902,354909,7,0
354902,354902,354910,8,0
354902,354902,354910,8,0
354902,354908,354910,2,6
354902,354902,354910,8,0
354902,354909,354910,1,7
354902,354902,354911,9,0
354902,354908,354911,3,6
354902,354909,354911,2,7
354902,354908,354911,3,6
354902,354909,354911,2,7
354902,354902,354911,9,0
354902,354910,354911,1,8
354902,354910,354911,1,8
354902,354911,354912,1,9
354902,354902,354912,10,0
354902,354911,354912,1,9
354902,354911,354912,1,9
354902,354911,354912,1,9
354902,354902,354912,10,0
354902,354902,354913,11,0
354919,354919,354921,2,0
354919,354919,354921,2,0
354919,354919,354921,2,0
354919,354922,354924,2,3
354919,354922,354924,2,3
354919,354920,354925,5,1
354919,354920,354926,6,1
354919,354922,354925,3,3
354919,354920,354926,6,1
354919,354920,354926,6,1
354919,354919,354927,8,0
354919,354919,354927,8,0
354919,354925,354927,2,6
354919,354919,354927,8,0
354919,354926,354927,1,7
354919,354926,354927,1,7
354919,354919,354927,8,0
354919,354925,354927,2,6
354919,354920,354927,7,1
354919,354920,354928,8,1
354919,354927,354928,1,8
354919,354926,354928,2,7
354919,354927,354928,1,8
354919,354919,354929,10,0
354919,354928,354929,1,9
354919,354919,354929,10,0
354919,354919,354929,10,0
354919,354928,354929,1,9
354919,354928,354929,1,9
354919,354928,354929,1,9
354919,354928,354929,1,9
354935,354935,354936,1,0
354935,354935,354936,1,0
354935,354935,354937,2,0
354935,354937,354940,3,2
354935,354937,354940,3,2
354935,354935,354940,5,0
354935,354935,354940,5,0
354935,354935,354941,6,0
354935,354935,354942,7,0
354935,354935,354943,8,0
354935,354935,354943,8,0
354935,354937,354943,6,2
354935,354935,354942,7,0
354935,354935,354943,8,0
354935,354940,354943,3,5
354935,354935,354943,8,0
354935,354941,354943,2,6
354935,354941,354943,2,6
354935,354935,354943,8,0
354935,354940,354942,2,5
354935,354941,354943,2,6
354935,354942,354944,2,7
354935,354935,354944,9,0
354935,354935,354944,9,0
354935,354935,354945,10,0
354935,354943,354945,2,8
354935,354943,354945,2,8
354935,354943,354945,2,8
354935,354943,354945,2,8
354935,354943,354945,2,8
354935,354944,354945,1,9
354952,354953,354954,1,1
354952,354953,354954,1,1
354952,354953,354954,1,1
354952,354953,354958,5,1
354952,354955,354957,2,3
354952,354953,354958,5,1
354952,354955,354958,3,3
354952,354953,354958,5,1
354952,354953,354960,7,1
354952,354953,354960,7,1
354952,354953,354960,7,1
354952,354953,354960,7,1
354952,354953,354960,7,1
354952,354955,354960,5,3
354952,354953,354961,8,1
354952,354953,354960,7,1
354952,354958,354960,2,6
354952,354959,354960,1,7
354952,354953,354960,7,1
354952,354959,354960,1,7
354952,354953,354961,8,1
354952,354958,354960,2,6
354952,354959,354960,1,7
354952,354960,354961,1,8
354952,354960,354961,1,8
354952,354961,354962,1,9
354952,354961,354962,1,9
354952,354961,354962,1,9
354952,354961,354962,1,9
354952,354961,354962,1,9
354952,354953,354962,9,1
354974,354974,354975,1,0
354974,354974,354975,1,0
354974,354974,354976,2,0
354974,354974,354979,5,0
354974,354975,354979,4,1
354974,354976,354978,2,2
354974,354974,354980,6,0
354974,354976,354980,4,2
354974,354974,354980,6,0
354974,354974,354981,7,0
354974,354974,354980,6,0
354974,354974,354980,6,0
354974,354979,354981,2,5
354974,354974,354982,8,0
354974,354974,354981,7,0
354974,354974,354981,7,0
354974,354979,354981,2,5
354974,354980,354982,2,6
354974,354974,354982,8,0
354974,354974,354981,7,0
354974,354979,354981,2,5
354974,354974,354982,8,0
354974,354981,354982,1,7
354974,354981,354982,1,7
354974,354981,354983,2,7
354974,354981,354983,2,7
354974,354981,354982,1,7
354974,354981,354982,1,7
354974,354974,354984,10,0
354974,354982,354983,1,8
354974,354982,354983,1,8
354989,354989,354991,2,0
354989,354989,354991,2,0
354989,354989,354991,2,0
354989,354991,354995,4,2
354989,354989,354995,6,0
354989,354991,354995,4,2
354989,354989,354995,6,0
354989,354989,354994,5,0
354989,354989,354996,7,0
354989,354989,354996,7,0
354989,354991,354996,5,2
354989,354989,354996,7,0
354989,354989,354996,7,0
354989,354989,354996,7,0
354989,354989,354997,8,0
354989,354989,354997,8,0
354989,354995,354997,2,6
354989,354995,354997,2,6
354989,354995,354997,2,6
354989,354995,354997,2,6
354989,354989,354997,8,0
354989,354995,354998,3,6
354989,354996,354997,1,7
354989,354996,354998,2,7
354989,354996,354998,2,7
354989,354996,354998,2,7
354989,354997,354998,1,8
354989,354996,354998,2,7
354989,354989,354997,8,0
354989,354996,354997,1,7
354989,354989,354999,10,0
355007,355007,355008,1,0
355007,355007,355008,1,0
355007,355007,355008,1,0
355007,355007,355012,5,0
355007,355007,355012,5,0
355007,355009,355011,2,2
355007,355009,355013,4,2
355007,355009,355013,4,2
355007,355007,355012,5,0
355007,355007,355014,7,0
355007,355007,355013,6,0
355007,355012,355014,2,5
355007,355007,355013,6,0
355007,355007,355013,6,0
355007,355012,355014,2,5
355007,355007,355015,8,0
355007,355007,355014,7,0
355007,355007,355015,8,0
355007,355013,355014,1,6
355007,355007,355014,7,0
355007,355013,355014,1,6
355007,355007,355015,8,0
355007,355012,355014,2,5
355007,355013,355014,1,6
355007,355014,355015,1,7
355007,355014,355015,1,7
355007,355014,355015,1,7
355007,355014,355015,1,7
355007,355014,355015,1,7
355007,355014,355015,1,7
355007,355007,355017,10,0
355025,355026,355027,1,1
355025,355026,355027,1,1
355025,355026,355027,1,1
355025,355026,355030,4,1
355025,355028,355030,2,3
355025,355028,355032,4,3
355025,355026,355031,5,1
355025,355028,355032,4,3
355025,355026,355031,5,1
355025,355026,355031,5,1
355025,355026,355032,6,1
355025,355026,355033,7,1
355025,355026,355033,7,1
355025,355032,355034,2,7
355025,355026,355033,7,1
355025,355026,355033,7,1
355025,355032,355033,1,7
355025,355032,355033,1,7
355025,355026,355033,7,1
355025,355026,355033,7,1
355025,355031,355033,2,6
355025,355026,355033,7,1
355025,355031,355033,2,6
355025,355032,355034,2,7
355025,355032,355033,1,7
355025,355033,355034,1,8
355025,355026,355035,9,1
355025,355034,355035,1,9
355025,355034,355035,1,9
355025,355034,355035,1,9
355025,355034,355035,1,9
355041,355041,355042,1,0
355041,355041,355042,1,0
355041,355041,355042,1,0
355041,355041,355046,5,0
355041,355043,355046,3,2
355041,355043,355047,4,2
355041,355043,355048,5,2
355041,355041,355048,7,0
355041,355041,355047,6,0
355041,355041,355048,7,0
355041,355041,355047,6,0
355041,355046,355048,2,5
355041,355041,355048,7,0
355041,355041,355049,8,0
355041,355047,355049,2,6
355041,355041,355049,8,0
355041,355041,355049,8,0
355041,355041,355048,7,0
355041,355046,355049,3,5
355041,355048,355050,2,7
355041,355041,355050,9,0
355041,355048,355050,2,7
355041,355048,355050,2,7
355041,355041,355049,8,0
355041,355048,355050,2,7
355041,355048,355050,2,7
355041,355048,355049,1,7
355041,355041,355050,9,0
355041,355049,355051,2,8
355041,355049,355051,2,8
355041,355049,355050,1,8
355056,355056,355057,1,0
355056,355056,355058,2,0
355056,355056,355058,2,0
355056,355057,355061,4,1
355056,355059,355061,2,3
355056,355057,355062,5,1
355056,355058,355062,4,2
355056,355059,355062,3,3
355056,355057,355062,5,1
355056,355057,355063,6,1
355056,355057,355063,6,1
355056,355056,355064,8,0
355056,355063,355064,1,7
355056,355057,355064,7,1
355056,355062,355064,2,6
355056,355056,355064,8,0
355056,355062,355064,2,6
355056,355063,355064,1,7
355056,355057,355064,7,1
355056,355057,355064,7,1
355056,355057,355064,7,1
355056,355063,355064,1,7
355056,355063,355065,2,7
355056,355064,355065,1,8
355056,355056,355066,10,0
355056,355064,355065,1,8
355056,355056,355066,10,0
355056,355065,355066,1,9
355056,355065,355066,1,9
355056,355065,355066,1,9
355056,355065,355066,1,9
355073,355073,355075,2,0
355073,355073,355075,2,0
355073,355073,355075,2,0
355073,355073,355078,5,0
355073,355075,355078,3,2
355073,355073,355079,6,0
355073,355073,355079,6,0
355073,355075,355079,4,2
355073,355073,355079,6,0
355073,355075,355080,5,2
355073,355073,355080,7,0
355073,355073,355080,7,0
355073,355073,355081,8,0
355073,355073,355081,8,0
355073,355079,355081,2,6
355073,355073,355081,8,0
355073,355078,355081,3,5
355073,355079,355081,2,6
355073,355073,355081,8,0
355073,355078,355081,3,5
355073,355080,355081,1,7
355073,355079,355082,3,6
355073,355080,355082,2,7
355073,355073,355082,9,0
355073,355081,355082,1,8
355073,355081,355082,1,8
355073,355073,355083,10,0
355073,355082,355083,1,9
355073,355073,355083,10,0
355073,355082,355083,1,9
355073,355082,355083,1,9
355089,355089,355090,1,0
355089,355089,355090,1,0
355089,355089,355090,1,0
355089,355089,355093,4,0
355089,355089,355093,4,0
355089,355089,355094,5,0
355089,355089,355094,5,0
355089,355091,355094,3,2
355089,355091,355094,3,2
355089,355089,355095,6,0
355089,355091,355095,4,2
355089,355089,355096,7,0
355089,355095,355096,1,6
355089,355089,355096,7,0
355089,355095,355096,1,6
355089,355089,355096,7,0
355089,355094,355096,2,5
355089,355094,355096,2,5
355089,355095,355097,2,6
355089,355089,355097,8,0
355089,355095,355097,2,6
355089,355095,355097,2,6
355089,355096,355097,1,7
355089,355089,355097,8,0
355089,355089,355099,10,0
355089,355097,355098,1,8
355089,355097,355098,1,8
355089,355089,355098,9,0
355089,355097,355098,1,8
355089,355097,355098,1,8
355089,355089,355098,9,0
355105,355105,355106,1,0
355105,355105,355106,1,0
355105,355105,355106,1,0
355105,355105,355109,4,0
355105,355105,355110,5,0
355105,355107,355110,3,2
355105,355105,355110,5,0
355105,355106,355110,4,1
355105,355105,355110,5,0
355105,355106,355110,4,1
355105,355105,355112,7,0
355105,355105,355112,7,0
355105,355105,355111,6,0
355105,355105,355112,7,0
355105,355110,355112,2,5
355105,355110,355112,2,5
355105,355110,355112,2,5
355105,355110,355112,2,5
355105,355111,355113,2,6
355105,355111,355113,2,6
355105,355105,355113,8,0
355105,355110,355113,3,5
355105,355112,355113,1,7
355105,355112,355113,1,7
355105,355112,355113,1,7
355105,355113,355114,1,8
355105,355113,355114,1,8
355105,355105,355115,10,0
355105,355105,355115,10,0
355105,355105,355115,10,0
355105,355105,355115,10,0
355122,355122,355124,2,0
355122,355122,355124,2,0
355122,355122,355124,2,0
355122,355122,355127,5,0
355122,355123,355127,4,1
355122,355123,355127,4,1
355122,355125,355128,3,3
355122,355123,355128,5,1
355122,355125,355128,3,3
355122,355124,355128,4,2
355122,355122,355129,7,0
355122,355122,355129,7,0
355122,355122,355129,7,0
355122,355128,355130,2,6
355122,355128,355130,2,6
355122,355123,355131,8,1
355122,355129,355131,2,7
355122,355122,355130,8,0
355122,355129,355130,1,7
355122,355129,355130,1,7
355122,355128,355130,2,6
355122,355129,355130,1,7
355122,355130,355131,1,8
355122,355130,355131,1,8
355122,355130,355131,1,8
355122,355123,355132,9,1
355122,355122,355132,10,0
355122,355122,355133,11,0
355122,355131,355132,1,9
355122,355131,355132,1,9
355122,355123,355133,10,1
355142,355142,355143,1,0
355142,355142,355144,2,0
355142,355142,355143,1,0
355142,355142,355147,5,0
355142,355144,355147,3,2
355142,355144,355148,4,2
355142,355142,355147,5,0
355142,355143,355147,4,1
355142,355142,355147,5,0
355142,355142,355148,6,0
355142,355142,355149,7,0
355142,355142,355149,7,0
355142,355142,355150,8,0
355142,355142,355150,8,0
355142,355148,355150,2,6
355142,355147,355150,3,5
355142,355148,355150,2,6
355142,355147,355150,3,5
355142,355148,355150,2,6
355142,355142,355151,9,0
355142,355148,355151,3,6
355142,355149,355151,2,7
355142,355149,355151,2,7
355142,355148,355151,3,6
355142,355142,355152,10,0
355142,355150,355152,2,8
355142,355142,355152,10,0
355142,355151,355152,1,9
355142,355142,355152,10,0
355142,355142,355152,10,0
355142,355151,355152,1,9
355157,355157,355159,2,0
355157,355157,355159,2,0
355157,355158,355159,1,1
355157,355158,355162,4,1
355157,355159,355163,4,2
355157,355158,355163,5,1
355157,355160,355163,3,3
355157,355160,355163,3,3
355157,355158,355163,5,1
355157,355158,355164,6,1
355157,355163,355165,2,6
355157,355158,355165,7,1
355157,355163,355165,2,6
355157,355164,355165,1,7
355157,355158,355165,7,1
355157,355164,355166,2,7
355157,355164,355166,2,7
355157,355164,355166,2,7
355157,355158,355167,9,1
355157,355165,355166,1,8
355157,355158,355167,9,1
355157,355158,355168,10,1
355157,355158,355167,9,1
355157,355166,355167,1,9
355157,355158,355167,9,1
355157,355166,355167,1,9
355157,355166,355167,1,9
355157,355166,355167,1,9
355157,355158,355167,9,1
355157,355158,355167,9,1
355157,355166,355167,1,9
355174,355174,355176,2,0
355174,355174,355176,2,0
355174,355174,355176,2,0
355174,355174,355179,5,0
355174,355177,355179,2,3
355174,355174,355179,5,0
355174,355176,355180,4,2
355174,355174,355181,7,0
355174,355176,355181,5,2
355174,355174,355182,8,0
355174,355179,355182,3,5
355174,355174,355182,8,0
355174,355174,355182,8,0
355174,355180,355182,2,6
355174,355181,355183,2,7
355174,355180,355182,2,6
355174,355181,355183,2,7
355174,355180,355183,3,6
355174,355174,355184,10,0
355174,355174,355184,10,0
355174,355182,355184,2,8
355174,355182,355184,2,8
355174,355174,355184,10,0
355174,355174,355184,10,0
355174,355183,355184,1,9
355174,355174,355184,10,0
355174,355174,355184,10,0
355174,355183,355184,1,9
355174,355183,355184,1,9
355174,355183,355184,1,9
355174,355174,355185,11,0
355195,355195,355196,1,0
355195,355195,355196,1,0
355195,355195,355196,1,0
355195,355195,355200,5,0
355195,355197,355200,3,2
355195,355197,355201,4,2
355195,355195,355201,6,0
355195,355196,355200,4,1
355195,355195,355202,7,0
355195,355195,355202,7,0
355195,355195,355201,6,0
355195,355195,355202,7,0
355195,355195,355202,7,0
355195,355195,355202,7,0
355195,355195,355203,8,0
355195,355200,355202,2,5
355195,355201,355203,2,6
355195,355200,355202,2,5
355195,355201,355203,2,6
355195,355201,355203,2,6
355195,355202,355203,1,7
355195,355202,355203,1,7
355195,355202,355203,1,7
355195,355202,355204,2,7
355195,355202,355204,2,7
355195,355195,355205,10,0
355195,355203,355204,1,8
355195,355203,355204,1,8
355195,355195,355205,10,0
355195,355195,355205,10,0
355195,355195,355205,10,0
355211,355211,355213,2,0
355211,355211,355213,2,0
355211,355211,355213,2,0
355211,355211,355216,5,0
355211,355214,355216,2,3
355211,355213,355217,4,2
355211,355211,355217,6,0
355211,355213,355217,4,2
355211,355211,355217,6,0
355211,355211,355218,7,0
355211,355211,355218,7,0
355211,355211,355219,8,0
355211,355218,355220,2,7
355211,355211,355219,8,0
355211,355217,355219,2,6
355211,355217,355219,2,6
355211,355218,355219,1,7
355211,355218,355220,2,7
355211,355219,355220,1,8
355211,355219,355221,2,8
355211,355218,355220,2,7
355211,355211,355220,9,0
355211,355211,355221,10,0
355211,355211,355222,11,0
355211,355220,355221,1,9
355211,355220,355221,1,9
355211,355211,355221,10,0
355211,355211,355221,10,0
355211,355211,355221,10,0
355211,355220,355221,1,9
355211,355220,355221,1,9
355229,355229,355230,1,0
355229,355229,355230,1,0
355229,355229,355231,2,0
355229,355229,355234,5,0
355229,355229,355235,6,0
355229,355231,355235,4,2
355229,355229,355235,6,0
355229,355231,355234,3,2
355229,355229,355235,6,0
355229,355229,355236,7,0
355229,355229,355235,6,0
355229,355229,355236,7,0
355229,355229,355237,8,0
355229,355231,355236,5,2
355229,355235,355237,2,6
355229,355234,355237,3,5
355229,355235,355237,2,6
355229,355236,355238,2,7
355229,355236,355238,2,7
355229,355235,355238,3,6
355229,355229,355238,9,0
355229,355235,355238,3,6
355229,355235,355237,2,6
355229,355236,355238,2,7
355229,355229,355238,9,0
355229,355237,355239,2,8
355229,355237,355239,2,8
355229,355229,355239,10,0
355229,355229,355239,10,0
355229,355237,355239,2,8
355229,355229,355239,10,0
355248,355248,355249,1,0
355248,355248,355250,2,0
355248,355248,355250,2,0
355248,355248,355253,5,0
355248,355248,355253,5,0
355248,355251,355253,2,3
355248,355248,355254,6,0
355248,355248,355254,6,0
355248,355250,355254,4,2
355248,355248,355254,6,0
355248,355248,355254,6,0
355248,355248,355255,7,0
355248,355253,355256,3,5
355248,355253,355256,3,5
355248,355248,355256,8,0
355248,355249,355256,7,1
355248,355255,355256,1,7
355248,355248,355257,9,0
355248,355254,355256,2,6
355248,355255,355256,1,7
355248,355255,355256,1,7
355248,355255,355257,2,7
355248,355255,355257,2,7
355248,355255,355257,2,7
355248,355248,355258,10,0
355248,355257,355258,1,9
355248,355257,355258,1,9
355248,355248,355258,10,0
355248,355257,355258,1,9
355248,355248,355259,11,0
355248,355248,355259,11,0
355265,355265,355266,1,0
355265,355265,355266,1,0
355265,355265,355266,1,0
355265,355265,355269,4,0
355265,355265,355269,4,0
355265,355267,355269,2,2
355265,355265,355270,5,0
355265,355265,355270,5,0
355265,355265,355271,6,0
355265,355265,355270,5,0
355265,355265,355272,7,0
355265,355267,355271,4,2
355265,355267,355271,4,2
355265,355265,355272,7,0
355265,355270,355272,2,5
355265,355270,355272,2,5
355265,355271,355273,2,6
355265,355270,355272,2,5
355265,355271,355273,2,6
355265,355271,355272,1,6
355265,355265,355273,8,0
355265,355272,355274,2,7
355265,355272,355273,1,7
355265,355271,355273,2,6
355265,355272,355273,1,7
355265,355265,355274,9,0
355265,355265,355275,10,0
355265,355273,355274,1,8
355265,355265,355274,9,0
355265,355273,355274,1,8
355265,355265,355274,9,0
355280,355280,355282,2,0
355280,355280,355282,2,0
355280,355280,355282,2,0
355280,355281,355285,4,1
355280,355283,355285,2,3
355280,355280,355286,6,0
355280,355283,355286,3,3
355280,355281,355286,5,1
355280,355280,355286,6,0
355280,355280,355286,6,0
355280,355280,355286,6,0
355280,355280,355287,7,0
355280,355280,355287,7,0
355280,355280,355289,9,0
355280,355287,355289,2,7
355280,355287,355288,1,7
355280,355286,355288,2,6
355280,355287,355288,1,7
355280,355283,355288,5,3
355280,355287,355288,1,7
355280,355287,355289,2,7
355280,355287,355289,2,7
355280,355288,355289,1,8
355280,355288,355289,1,8
355280,355280,355290,10,0
355280,355280,355290,10,0
355280,355286,355290,4,6
355280,355289,355290,1,9
355280,355280,355290,10,0
355280,355289,355290,1,9
355280,355280,355291,11,0
355299,355299,355300,1,0
355299,355299,355300,1,0
355299,355299,355301,2,0
355299,355299,355304,5,0
355299,355299,355304,5,0
355299,355299,355304,5,0
355299,355299,355304,5,0
355299,355301,355304,3,2
355299,355299,355304,5,0
355299,355299,355305,6,0
355299,355299,355305,6,0
355299,355299,355306,7,0
355299,355301,355306,5,2
355299,355299,355306,7,0
355299,355299,355306,7,0
355299,355300,355306,6,1
355299,355304,355306,2,5
355299,355304,355306,2,5
355299,355304,355307,3,5
355299,355304,355307,3,5
355299,355305,355307,2,6
355299,355305,355307,2,6
355299,355304,355307,3,5
355299,355305,355307,2,6
355299,355306,355308,2,7
355299,355306,355308,2,7
355299,355306,355308,2,7
355299,355306,355308,2,7
355299,355299,355308,9,0
355299,355299,355309,10,0
355299,355299,355309,10,0
355314,355314,355316,2,0
355314,355314,355315,1,0
355314,355314,355315,1,0
355314,355314,355319,5,0
355314,355314,355319,5,0
355314,355314,355319,5,0
355314,355314,355319,5,0
355314,355316,355319,3,2
355314,355314,355319,5,0
355314,355316,355319,3,2
355314,355314,355319,5,0
355314,355314,355320,6,0
355314,355316,355319,3,2
355314,355314,355321,7,0
355314,355314,355321,7,0
355314,355319,355321,2,5
355314,355319,355321,2,5
355314,355314,355322,8,0
355314,355319,355322,3,5
355314,355320,355322,2,6
355314,355320,355322,2,6
355314,355320,355322,2,6
355314,355314,355322,8,0
355314,355319,355321,2,5
355314,355320,355322,2,6
355314,355320,355322,2,6
355314,355319,355322,3,5
355314,355321,355323,2,7
355314,355321,355323,2,7
355314,355314,355324,10,0
355314,355314,355324,10,0
355330,355330,355331,1,0
355330,355330,355331,1,0
355330,355330,355331,1,0
355330,355330,355334,4,0
355330,355330,355335,5,0
355330,355330,355334,4,0
355330,355330,355334,4,0
355330,355330,355335,5,0
355330,355332,355335,3,2
355330,355330,355334,4,0
355330,355332,355335,3,2
355330,355332,355335,3,2
355330,355335,355336,1,5
355330,355335,355336,1,5
355330,355335,355337,2,5
355330,355335,355336,1,5
355330,355335,355337,2,5
355330,355335,355337,2,5
355330,355335,355337,2,5
355330,355330,355338,8,0
355330,355330,355337,7,0
355330,355336,355337,1,6
355330,355330,355337,7,0
355330,355330,355337,7,0
355330,355336,355337,1,6
355330,355337,355338,1,7
355330,355337,355338,1,7
355330,355330,355339,9,0
355330,355337,355338,1,7
355330,355330,355339,9,0
355330,355330,355340,10,0
355347,355347,355349,2,0
355347,355347,355349,2,0
355347,355347,355349,2,0
355347,355347,355352,5,0
355347,355347,355352,5,0
355347,355347,355352,5,0
355347,355350,355352,2,3
355347,355347,355352,5,0
355347,355350,355352,2,3
355347,355347,355353,6,0
355347,355347,355353,6,0
355347,355349,355353,4,2
355347,355347,355353,6,0
355347,355353,355355,2,6
355347,355353,355354,1,6
355347,355353,355355,2,6
355347,355353,355354,1,6
355347,355347,355355,8,0
355347,355354,355355,1,7
355347,355354,355355,1,7
355347,355353,355355,2,6
355347,355353,355355,2,6
355347,355354,355355,1,7
355347,355353,355355,2,6
355347,355347,355356,9,0
355347,355347,355356,9,0
355347,355355,355356,1,8
355347,355355,355356,1,8
355347,355347,355357,10,0
355347,355347,355357,10,0
355347,355347,355357,10,0
355363,355363,355364,1,0
355363,355363,355364,1,0
355363,355363,355364,1,0
355363,355363,355366,3,0
355363,355363,355367,4,0
355363,355363,355368,5,0
355363,355365,355368,3,2
355363,355364,355367,3,1
355363,355363,355368,5,0
355363,355365,355367,2,2
355363,355363,355368,5,0
355363,355363,355368,5,0
355363,355363,355369,6,0
355363,355367,355369,2,4
355363,355368,355370,2,5
355363,355368,355370,2,5
355363,355368,355370,2,5
355363,355368,355369,1,5
355363,355367,355370,3,4
355363,355368,355369,1,5
355363,355368,355370,2,5
355363,355370,355371,1,7
355363,355369,355370,1,6
355363,355369,355370,1,6
355363,355369,355370,1,6
355363,355363,355372,9,0
355363,355363,355373,10,0
355363,355363,355373,10,0
355363,355363,355372,9,0
355363,355363,355373,10,0
355363,355363,355373,10,0
355378,355379,355380,1,1
355378,355379,355380,1,1
355378,355379,355380,1,1
355378,355379,355383,4,1
355378,355381,355384,3,3
355378,355381,355383,2,3
355378,355379,355383,4,1
355378,355379,355384,5,1
355378,355380,355383,3,2
355378,355379,355384,5,1
355378,355379,355384,5,1
355378,355379,355384,5,1
355378,355384,355386,2,6
355378,355384,355386,2,6
355378,355384,355386,2,6
355378,355379,355387,8,1
355378,355384,355386,2,6
355378,355385,355386,1,7
355378,355379,355386,7,1
355378,355384,355386,2,6
355378,355384,355386,2,6
355378,355385,355386,1,7
355378,355385,355386,1,7
355378,355379,355387,8,1
355378,355386,355387,1,8
355378,355379,355387,8,1
355378,355386,355387,1,8
355378,355386,355387,1,8
355378,355379,355388,9,1
355378,355379,355388,9,1
355378,355379,355389,10,1
355395,355395,355396,1,0
355395,355395,355397,2,0
355395,355395,355396,1,0
355395,355395,355400,5,0
355395,355397,355400,3,2
355395,355395,355400,5,0
355395,355396,355399,3,1
355395,355395,355400,5,0
355395,355397,355400,3,2
355395,355395,355400,5,0
355395,355395,355401,6,0
355395,355395,355401,6,0
355395,355400,355402,2,5
355395,355400,355403,3,5
355395,355401,355402,1,6
355395,355401,355402,1,6
355395,355401,355402,1,6
355395,355400,355403,3,5
355395,355395,355404,9,0
355395,355400,355403,3,5
355395,355395,355403,8,0
355395,355403,355404,1,8
355395,355395,355404,9,0
355395,355402,355403,1,7
355395,355402,355403,1,7
355395,355395,355404,9,0
355395,355395,355405,10,0
355395,355403,355404,1,8
355395,355403,355404,1,8
355395,355395,355405,10,0
355395,355395,355405,10,0
355416,355416,355417,1,0
355416,355416,355417,1,0
355416,355416,355418,2,0
355416,355416,355420,4,0
355416,355416,355421,5,0
355416,355416,355421,5,0
355416,355416,355421,5,0
355416,355418,355421,3,2
355416,355416,355421,5,0
355416,355418,355422,4,2
355416,355418,355421,3,2
355416,355416,355422,6,0
355416,355416,355423,7,0
355416,355416,355423,7,0
355416,355421,355423,2,5
355416,355420,355423,3,4
355416,355421,355423,2,5
355416,355416,355423,7,0
355416,355421,355423,2,5
355416,355421,355423,2,5
355416,355416,355424,8,0
355416,355421,355424,3,5
355416,355422,355424,2,6
355416,355422,355424,2,6
355416,355416,355424,8,0
355416,355422,355424,2,6
355416,355423,355425,2,7
355416,355423,355425,2,7
355416,355423,355425,2,7
355416,355416,355427,11,0
355416,355416,355427,11,0
355433,355433,355434,1,0
355433,355433,355434,1,0
355433,355433,355434,1,0
355433,355433,355437,4,0
355433,355433,355437,4,0
355433,355433,355438,5,0
355433,355433,355437,4,0
355433,355435,355438,3,2
355433,355433,355438,5,0
355433,355435,355438,3,2
355433,355435,355438,3,2
355433,355433,355438,5,0
355433,355433,355440,7,0
355433,355438,355440,2,5
355433,355433,355440,7,0
355433,355438,355440,2,5
355433,355438,355440,2,5
355433,355437,355440,3,4
355433,355437,355440,3,4
355433,355433,355441,8,0
355433,355433,355441,8,0
355433,355439,355441,2,6
355433,355439,355440,1,6
355433,355433,355441,8,0
355433,355439,355440,1,6
355433,355433,355440,7,0
355433,355439,355440,1,6
355433,355440,355441,1,7
355433,355440,355442,2,7
355433,355440,355441,1,7
355433,355433,355442,9,0
355450,355450,355451,1,0
355450,355450,355451,1,0
355450,355450,355451,1,0
355450,355450,355452,2,0
355450,355450,355454,4,0
355450,355452,355454,2,2
355450,355450,355454,4,0
355450,355450,355454,4,0
355450,355451,355454,3,1
355450,355450,355455,5,0
355450,355451,355454,3,1
355450,355450,355455,5,0
355450,355453,355455,2,3
355450,355450,355457,7,0
355450,355455,355456,1,5
355450,355450,355456,6,0
355450,355450,355457,7,0
355450,355455,355456,1,5
355450,355455,355456,1,5
355450,355455,355456,1,5
355450,355450,355456,6,0
355450,355455,355456,1,5
355450,355455,355456,1,5
355450,355455,355457,2,5
355450,355450,355457,7,0
355450,355456,355457,1,6
355450,355456,355457,1,6
355450,355450,355457,7,0
355450,355450,355458,8,0
355450,355457,355458,1,7
355450,355457,355458,1,7
355465,355466,355467,1,1
355465,355466,355467,1,1
355465,355466,355467,1,1
355465,355466,355468,2,1
355465,355466,355469,3,1
355465,355466,355469,3,1
355465,355466,355470,4,1
355465,355466,355470,4,1
355465,355466,355471,5,1
355465,355468,355470,2,3
355465,355467,355470,3,2
355465,355468,355471,3,3
355465,355469,355471,2,4
355465,355466,355471,5,1
355465,355470,355471,1,5
355465,355470,355471,1,5
355465,355466,355472,6,1
355465,355466,355472,6,1
355465,355471,355472,1,6
355465,355466,355473,7,1
355465,355470,355472,2,5
355465,355471,355472,1,6
355465,355466,355472,6,1
355465,355471,355472,1,6
355465,355466,355472,6,1
355465,355471,355472,1,6
355465,355472,355473,1,7
355465,355472,355473,1,7
355465,355472,355473,1,7
355465,355472,355473,1,7
355465,355466,355473,7,1
355479,355479,355480,1,0
355479,355479,355480,1,0
355479,355479,355480,1,0
355479,355479,355482,3,0
355479,355479,355483,4,0
355479,355479,355483,4,0
355479,355480,355483,3,1
355479,355479,355483,4,0
355479,355480,355483,3,1
355479,355479,355483,4,0
355479,355480,355483,3,1
355479,355482,355484,2,3
355479,355483,355485,2,4
355479,355479,355485,6,0
355479,355479,355485,6,0
355479,355479,355485,6,0
355479,355483,355485,2,4
355479,355483,355485,2,4
355479,355479,355486,7,0
355479,355479,355485,6,0
355479,355479,355485,6,0
355479,355484,355485,1,5
355479,355484,355485,1,5
355479,355479,355486,7,0
355479,355479,355485,6,0
355479,355484,355485,1,5
355479,355484,355485,1,5
355479,355486,355487,1,7
355479,355485,355486,1,6
355479,355485,355487,2,6
355479,355485,355486,1,6
355493,355493,355494,1,0
355493,355493,355494,1,0
355493,355493,355494,1,0
355493,355493,355496,3,0
355493,355493,355496,3,0
355493,355493,355497,4,0
355493,355493,355497,4,0
355493,355493,355498,5,0
355493,355494,355497,3,1
355493,355495,355498,3,2
355493,355495,355498,3,2
355493,355496,355499,3,3
355493,355493,355499,6,0
355493,355497,355499,2,4
355493,355493,355499,6,0
355493,355493,355500,7,0
355493,355493,355499,6,0
355493,355498,355500,2,5
355493,355498,355500,2,5
355493,355493,355500,7,0
355493,355493,355499,6,0
355493,355498,355499,1,5
355493,355493,355500,7,0
355493,355497,355500,3,4
355493,355497,355499,2,4
355493,355493,355499,6,0
355493,355498,355500,2,5
355493,355499,355500,1,6
355493,355499,355500,1,6
355493,355499,355501,2,6
355493,355499,355501,2,6
355508,355508,355509,1,0
355508,355508,355510,2,0
355508,355508,355509,1,0
355508,355508,355511,3,0
355508,355508,355512,4,0
355508,355508,355511,3,0
355508,355509,355512,3,1
355508,355508,355512,4,0
355508,355510,355513,3,2
355508,355510,355513,3,2
355508,355508,355514,6,0
355508,355511,355513,2,3
355508,355508,355514,6,0
355508,355512,355514,2,4
355508,355508,355513,5,0
355508,355512,355514,2,4
355508,355508,355514,6,0
355508,355512,355514,2,4
355508,355508,355515,7,0
355508,355513,355515,2,5
355508,355513,355514,1,5
355508,355513,355514,1,5
355508,355508,355515,7,0
355508,355514,355515,1,6
355508,355514,355515,1,6
355508,355508,355516,8,0
355508,355514,355516,2,6
355508,355514,355516,2,6
355508,355508,355515,7,0
355508,355514,355515,1,6
355508,355508,355516,8,0
355525,355525,355527,2,0
355525,355525,355527,2,0
355525,355525,355527,2,0
355525,355525,355528,3,0
355525,355525,355529,4,0
355525,355525,355530,5,0
355525,355525,355530,5,0
355525,355528,355530,2,3
355525,355525,355530,5,0
355525,355528,355530,2,3
355525,355525,355531,6,0
355525,355525,355531,6,0
355525,355530,355531,1,5
355525,355528,355531,3,3
355525,355525,355532,7,0
355525,355525,355531,6,0
355525,355529,355531,2,4
355525,355525,355531,6,0
355525,355531,355532,1,6
355525,355525,355532,7,0
355525,355531,355532,1,6
355525,355531,355532,1,6
355525,355531,355532,1,6
355525,355531,355532,1,6
355525,355532,355533,1,7
355525,355532,355533,1,7
355525,355532,355533,1,7
355525,355532,355533,1,7
355525,355532,355533,1,7
355525,355525,355535,10,0
355525,355525,355535,10,0
355541,355541,355543,2,0
355541,355541,355543,2,0
355541,355541,355543,2,0
355541,355541,355545,4,0
355541,355541,355545,4,0
355541,355541,355545,4,0
355541,355541,355546,5,0
355541,355544,355546,2,3
355541,355541,355546,5,0
355541,355544,355546,2,3
355541,355541,355546,5,0
355541,355544,355546,2,3
355541,355541,355546,5,0
355541,355541,355547,6,0
355541,355541,355548,7,0
355541,355546,355547,1,5
355541,355546,355547,1,5
355541,355541,355548,7,0
355541,355547,355548,1,6
355541,355547,355548,1,6
355541,355541,355548,7,0
355541,355547,355548,1,6
355541,355547,355548,1,6
355541,355547,355548,1,6
355541,355547,355548,1,6
355541,355546,355548,2,5
355541,355547,355548,1,6
355541,355548,355549,1,7
355541,355548,355549,1,7
355541,355541,355551,10,0
355541,355541,355551,10,0
355557,355557,355558,1,0
355557,355557,355559,2,0
355557,355557,355559,2,0
355557,355557,355560,3,0
355557,355557,355560,3,0
355557,355557,355561,4,0
355557,355557,355560,3,0
355557,355557,355561,4,0
355557,355557,355561,4,0
355557,355557,355561,4,0
355557,355559,355561,2,2
355557,355557,355562,5,0
355557,355557,355562,5,0
355557,355559,355562,3,2
355557,355559,355562,3,2
355557,355560,355562,2,3
355557,355560,355563,3,3
355557,355557,355563,6,0
355557,355561,355563,2,4
355557,355561,355563,2,4
355557,355561,355563,2,4
355557,355557,355563,6,0
355557,355562,355563,1,5
355557,355562,355563,1,5
355557,355562,355563,1,5
355557,355562,355564,2,5
355557,355562,355564,2,5
355557,355562,355564,2,5
355557,355562,355564,2,5
355557,355557,355567,10,0
355557,355557,355566,9,0
355573,355573,355575,2,0
355573,355573,355575,2,0
355573,355573,355575,2,0
355573,355573,355576,3,0
355573,355573,355576,3,0
355573,355573,355577,4,0
355573,355573,355577,4,0
355573,355573,355577,4,0
355573,355573,355576,3,0
355573,355573,355577,4,0
355573,355573,355577,4,0
355573,355575,355578,3,2
355573,355576,355578,2,3
355573,355577,355578,1,4
355573,355573,355579,6,0
355573,355576,355579,3,3
355573,355578,355579,1,5
355573,355578,355579,1,5
355573,355573,355579,6,0
355573,355575,355579,4,2
355573,355578,355579,1,5
355573,355573,355579,6,0
355573,355578,355579,1,5
355573,355578,355579,1,5
355573,355573,355579,6,0
355573,355578,355579,1,5
355573,355573,355580,7,0
355573,355579,355580,1,6
355573,355579,355580,1,6
355573,355579,355580,1,6
355573,355580,355581,1,7
355587,355587,355588,1,0
355587,355587,355588,1,0
355587,355587,355589,2,0
355587,355587,355588,1,0
355587,355587,355589,2,0
355587,355587,355590,3,0
355587,355587,355590,3,0
355587,355587,355591,4,0
355587,355588,355590,2,1
355587,355587,355591,4,0
355587,355587,355590,3,0
355587,355587,355591,4,0
355587,355587,355592,5,0
355587,355587,355591,4,0
355587,355589,355592,3,2
355587,355587,355592,5,0
355587,355589,355591,2,2
355587,355590,355592,2,3
355587,355589,355591,2,2
355587,355590,355592,2,3
355587,355590,355592,2,3
355587,355587,355593,6,0
355587,355591,355593,2,4
355587,355591,355592,1,4
355587,355591,355592,1,4
355587,355591,355592,1,4
355587,355587,355592,5,0
355587,355592,355593,1,5
355587,355592,355593,1,5
355587,355592,355593,1,5
355587,355592,355593,1,5
355600,355600,355601,1,0
355600,355600,355601,1,0
355600,355600,355601,1,0
355600,355600,355602,2,0
355600,355600,355602,2,0
355600,355600,355602,2,0
355600,355600,355603,3,0
355600,355600,355603,3,0
355600,355600,355603,3,0
355600,355602,355604,2,2
355600,355600,355604,4,0
355600,355600,355604,4,0
355600,355600,355604,4,0
355600,355603,355604,1,3
355600,355600,355604,4,0
355600,355602,355604,2,2
355600,355603,355604,1,3
355600,355600,355604,4,0
355600,355603,355604,1,3
355600,355602,355604,2,2
355600,355603,355605,2,3
355600,355604,355605,1,4
355600,355605,355606,1,5
355600,355604,355605,1,4
355600,355604,355605,1,4
355600,355600,355606,6,0
355600,355605,355606,1,5
355600,355604,355605,1,4
355600,355604,355605,1,4
355600,355605,355606,1,5
355600,355600,355606,6,0
355613,355613,355614,1,0
355613,355613,355614,1,0
355613,355613,355614,1,0
355613,355613,355615,2,0
355613,355613,355615,2,0
355613,355613,355616,3,0
355613,355613,355617,4,0
355613,355613,355616,3,0
355613,355615,355616,1,2
355613,355613,355617,4,0
355613,355613,355616,3,0
355613,355613,355616,3,0
355613,355613,355616,3,0
355613,355613,355617,4,0
355613,355614,355616,2,1
355613,355613,355618,5,0
355613,355616,355618,2,3
355613,355613,355617,4,0
355613,355615,355617,2,2
355613,355613,355618,5,0
355613,355616,355618,2,3
355613,355616,355618,2,3
355613,355617,355618,1,4
355613,355617,355618,1,4
355613,355617,355618,1,4
355613,355617,355618,1,4
355613,355617,355619,2,4
355613,355617,355619,2,4
355613,355617,355618,1,4
355613,355617,355618,1,4
355613,355617,355618,1,4
355626,355626,355627,1,0
355626,355626,355627,1,0
355626,355626,355627,1,0
355626,355626,355628,2,0
355626,355626,355628,2,0
355626,355627,355628,1,1
355626,355626,355628,2,0
355626,355626,355629,3,0
355626,355628,355629,1,2
355626,355628,355629,1,2
355626,355626,355629,3,0
355626,355626,355630,4,0
355626,355626,355629,3,0
355626,355626,355631,5,0
355626,355626,355630,4,0
355626,355626,355630,4,0
355626,355626,355631,5,0
355626,355629,355630,1,3
355626,355626,355630,4,0
355626,355629,355631,2,3
355626,355629,355631,2,3
355626,355629,355630,1,3
355626,355630,355631,1,4
355626,355630,355631,1,4
355626,355630,355631,1,4
355626,355626,355631,5,0
355626,355630,355631,1,4
355626,355630,355631,1,4
355626,355630,355631,1,4
355626,355631,355632,1,5
355626,355631,355632,1,5
355639,355639,355640,1,0
355639,355639,355640,1,0
355639,355639,355640,1,0
355639,355639,355640,1,0
355639,355639,355641,2,0
355639,355640,355641,1,1
355639,355639,355641,2,0
355639,355639,355641,2,0
355639,355639,355642,3,0
355639,355639,355641,2,0
355639,355639,355642,3,0
355639,355639,355642,3,0
355639,355641,355642,1,2
355639,355641,355642,1,2
355639,355641,355642,1,2
355639,355639,355644,5,0
355639,355642,355643,1,3
355639,355642,355643,1,3
355639,355639,355643,4,0
355639,355642,355643,1,3
355639,355639,355643,4,0
355639,355642,355643,1,3
355639,355642,355643,1,3
355639,355639,355643,4,0
355639,355642,355643,1,3
355639,355642,355643,1,3
355639,355643,355644,1,4
355639,355639,355644,5,0
355639,355643,355644,1,4
355639,355643,355644,1,4
355639,355643,355644,1,4
355649,355650,355651,1,1
355649,355650,355651,1,1
355649,355650,355651,1,1
355649,355650,355651,1,1
355649,355650,355651,1,1
355649,355650,355651,1,1
355649,355650,355651,1,1
355649,355650,355652,2,1
355649,355650,355652,2,1
355649,355650,355653,3,1
355649,355652,355653,1,3
355649,355650,355653,3,1
355649,355652,355653,1,3
355649,355652,355653,1,3
355649,355652,355653,1,3
355649,355652,355653,1,3
355649,355650,355653,3,1
355649,355652,355653,1,3
355649,355650,355654,4,1
355649,355652,355654,2,3
355649,355653,355654,1,4
355649,355650,355654,4,1
355649,355650,355654,4,1
355649,355653,355654,1,4
355649,355654,355655,1,5
355649,355654,355655,1,5
355649,355650,355655,5,1
355649,355654,355655,1,5
355649,355654,355655,1,5
355649,355654,355655,1,5
355649,355654,355655,1,5
355661,355661,355662,1,0
355661,355661,355662,1,0
355661,355661,355662,1,0
355661,355661,355662,1,0
355661,355661,355662,1,0
355661,355661,355663,2,0
355661,355661,355663,2,0
355661,355661,355663,2,0
355661,355661,355663,2,0
355661,355661,355663,2,0
355661,355661,355663,2,0
355661,355661,355665,4,0
355661,355663,355664,1,2
355661,355663,355664,1,2
355661,355661,355665,4,0
355661,355663,355664,1,2
355661,355661,355665,4,0
355661,355661,355665,4,0
355661,355663,355665,2,2
355661,355661,355665,4,0
355661,355664,355665,1,3
355661,355664,355665,1,3
355661,355664,355665,1,3
355661,355664,355665,1,3
355661,355664,355665,1,3
355661,355664,355665,1,3
355661,355663,355666,3,2
355661,355665,355666,1,4
355661,355665,355666,1,4
355661,355665,355666,1,4
355661,355665,355666,1,4
355672,355672,355673,1,0
355672,355672,355673,1,0
355672,355672,355673,1,0
355672,355672,355673,1,0
355672,355672,355674,2,0
355672,355672,355674,2,0
355672,355672,355674,2,0
355672,355673,355675,2,1
355672,355672,355675,3,0
355672,355672,355674,2,0
355672,355672,355675,3,0
355672,355672,355675,3,0
355672,355674,355676,2,2
355672,355674,355675,1,2
355672,355672,355676,4,0
355672,355672,355675,3,0
355672,355674,355676,2,2
355672,355672,355676,4,0
355672,355672,355676,4,0
355672,355674,355676,2,2
355672,355675,355676,1,3
355672,355675,355676,1,3
355672,355675,355676,1,3
355672,355675,355676,1,3
355672,355675,355676,1,3
355672,355676,355677,1,4
355672,355676,355677,1,4
355672,355676,355677,1,4
355672,355676,355677,1,4
355672,355676,355677,1,4
355672,355672,355678,6,0
355683,355684,355685,1,1
355683,355684,355685,1,1
355683,355684,355685,1,1
355683,355684,355685,1,1
355683,355684,355685,1,1
355683,355684,355686,2,1
355683,355684,355686,2,1
355683,355684,355686,2,1
355683,355684,355686,2,1
355683,355684,355687,3,1
355683,355686,355687,1,3
355683,355686,355688,2,3
355683,355686,355687,1,3
355683,355686,355688,2,3
355683,355684,355688,4,1
355683,355684,355687,3,1
355683,355686,355687,1,3
355683,355684,355688,4,1
355683,355687,355688,1,4
355683,355687,355688,1,4
355683,355684,355689,5,1
355683,355687,355688,1,4
355683,355687,355688,1,4
355683,355687,355688,1,4
355683,355684,355689,5,1
355683,355688,355689,1,5
355683,355688,355689,1,5
355683,355688,355689,1,5
355683,355684,355689,5,1
355683,355688,355689,1,5
355683,355688,355689,1,5
355694,355694,355695,1,0
355694,355694,355695,1,0
355694,355694,355696,2,0
355694,355694,355695,1,0
355694,355694,355695,1,0
355694,355694,355695,1,0
355694,355694,355696,2,0
355694,355694,355697,3,0
355694,355695,355696,1,1
355694,355694,355697,3,0
355694,355695,355697,2,1
355694,355694,355697,3,0
355694,355696,355698,2,2
355694,355696,355698,2,2
355694,355697,355698,1,3
355694,355694,355698,4,0
355694,355696,355697,1,2
355694,355696,355697,1,2
355694,355696,355698,2,2
355694,355694,355698,4,0
355694,355697,355698,1,3
355694,355697,355698,1,3
355694,355694,355699,5,0
355694,355694,355698,4,0
355694,355697,355698,1,3
355694,355698,355699,1,4
355694,355698,355699,1,4
355694,355698,355699,1,4
355694,355698,355699,1,4
355694,355694,355700,6,0
355694,355694,355703,9,0
355709,355709,355710,1,0
355709,355709,355710,1,0
355709,355709,355710,1,0
355709,355709,355710,1,0
355709,355709,355711,2,0
355709,355709,355711,2,0
355709,355709,355711,2,0
355709,355709,355711,2,0
355709,355709,355712,3,0
355709,355709,355711,2,0
355709,355709,355713,4,0
355709,355709,355712,3,0
355709,355711,355712,1,2
355709,355709,355712,3,0
355709,355711,355712,1,2
355709,355711,355712,1,2
355709,355711,355712,1,2
355709,355712,355713,1,3
355709,355712,355713,1,3
355709,355712,355713,1,3
355709,355709,355713,4,0
355709,355712,355713,1,3
355709,355713,355714,1,4
355709,355713,355714,1,4
355709,355711,355713,2,2
355709,355712,355713,1,3
355709,355709,355714,5,0
355709,355713,355714,1,4
355709,355713,355714,1,4
355709,355713,355714,1,4
355709,355709,355716,7,0
355723,355723,355724,1,0
355723,355723,355724,1,0
355723,355723,355724,1,0
355723,355723,355724,1,0
355723,355723,355726,3,0
355723,355723,355725,2,0
355723,355723,355726,3,0
355723,355723,355725,2,0
355723,355723,355726,3,0
355723,355723,355726,3,0
355723,355723,355726,3,0
355723,355723,355726,3,0
355723,355724,355726,2,1
355723,355723,355726,3,0
355723,355725,355727,2,2
355723,355725,355726,1,2
355723,355723,355727,4,0
355723,355725,355727,2,2
355723,355726,355727,1,3
355723,355726,355728,2,3
355723,355726,355728,2,3
355723,355727,355728,1,4
355723,355723,355728,5,0
355723,355726,355727,1,3
355723,355726,355728,2,3
355723,355727,355728,1,4
355723,355726,355727,1,3
355723,355726,355728,2,3
355723,355726,355727,1,3
355723,355726,355727,1,3
355723,355723,355729,6,0
355735,355735,355736,1,0
355735,355735,355736,1,0
355735,355735,355736,1,0
355735,355735,355737,2,0
355735,355735,355737,2,0
355735,355735,355737,2,0
355735,355735,355738,3,0
355735,355735,355737,2,0
355735,355735,355737,2,0
355735,355735,355738,3,0
355735,355735,355738,3,0
355735,355737,355738,1,2
355735,355735,355738,3,0
355735,355735,355738,3,0
355735,355735,355738,3,0
355735,355737,355738,1,2
355735,355735,355738,3,0
355735,355735,355738,3,0
355735,355737,355738,1,2
355735,355738,355739,1,3
355735,355738,355739,1,3
355735,355738,355739,1,3
355735,355739,355740,1,4
355735,355738,355739,1,3
355735,355738,355739,1,3
355735,355738,355739,1,3
355735,355739,355740,1,4
355735,355739,355740,1,4
355735,355739,355740,1,4
355735,355739,355740,1,4
355735,355739,355740,1,4
355748,355748,355749,1,0
355748,355748,355749,1,0
355748,355748,355750,2,0
355748,355748,355750,2,0
355748,355748,355750,2,0
355748,355748,355751,3,0
355748,355748,355750,2,0
355748,355749,355751,2,1
355748,355748,355751,3,0
355748,355748,355751,3,0
355748,355748,355751,3,0
355748,355748,355750,2,0
355748,355748,355752,4,0
355748,355750,355752,2,2
355748,355750,355752,2,2
355748,355748,355752,4,0
355748,355750,355752,2,2
355748,355750,355752,2,2
355748,355748,355753,5,0
355748,355751,355753,2,3
355748,355751,355752,1,3
355748,355751,355753,2,3
355748,355748,355753,5,0
355748,355751,355753,2,3
355748,355751,355753,2,3
355748,355748,355753,5,0
355748,355752,355753,1,4
355748,355752,355753,1,4
355748,355752,355754,2,4
355748,355752,355754,2,4
355748,355752,355754,2,4
355760,355760,355761,1,0
355760,355760,355761,1,0
355760,355760,355761,1,0
355760,355760,355762,2,0
355760,355760,355761,1,0
355760,355760,355761,1,0
355760,355760,355762,2,0
355760,355760,355762,2,0
355760,355760,355762,2,0
355760,355761,355762,1,1
355760,355760,355763,3,0
355760,355760,355762,2,0
355760,355761,355762,1,1
355760,355760,355762,2,0
355760,355760,355763,3,0
355760,355762,355763,1,2
355760,355762,355763,1,2
355760,355760,355763,3,0
355760,355762,355763,1,2
355760,355762,355763,1,2
355760,355762,355763,1,2
355760,355760,355763,3,0
355760,355763,355764,1,3
355760,355764,355765,1,4
355760,355763,355765,2,3
355760,355763,355764,1,3
355760,355760,355764,4,0
355760,355763,355764,1,3
355760,355763,355764,1,3
355760,355763,355765,2,3
355760,355763,355765,2,3
355770,355770,355771,1,0
355770,355770,355771,1,0
355770,355770,355771,1,0
355770,355770,355772,2,0
355770,355770,355772,2,0
355770,355770,355772,2,0
355770,355770,355772,2,0
355770,355770,355772,2,0
355770,355770,355772,2,0
355770,355770,355772,2,0
355770,355770,355772,2,0
355770,355771,355773,2,1
355770,355770,355773,3,0
355770,355771,355773,2,1
355770,355770,355773,3,0
355770,355770,355774,4,0
355770,355772,355774,2,2
355770,355772,355774,2,2
355770,355770,355774,4,0
355770,355772,355774,2,2
355770,355772,355774,2,2
355770,355774,355775,1,4
355770,355773,355774,1,3
355770,355773,355774,1,3
355770,355773,355774,1,3
355770,355774,355775,1,4
355770,355773,355775,2,3
355770,355773,355775,2,3
355770,355773,355775,2,3
355770,355773,355775,2,3
355770,355770,355775,5,0
355781,355781,355782,1,0
355781,355781,355782,1,0
355781,355781,355782,1,0
355781,355781,355782,1,0
355781,355781,355783,2,0
355781,355781,355782,1,0
355781,355781,355783,2,0
355781,355781,355783,2,0
355781,355781,355783,2,0
355781,355781,355784,3,0
355781,355781,355783,2,0
355781,355782,355783,1,1
355781,355782,355783,1,1
355781,355781,355784,3,0
355781,355781,355784,3,0
355781,355782,355784,2,1
355781,355783,355784,1,2
355781,355783,355785,2,2
355781,355783,355784,1,2
355781,355783,355784,1,2
355781,355783,355784,1,2
355781,355781,355785,4,0
355781,355783,355785,2,2
355781,355785,355786,1,4
355781,355781,355785,4,0
355781,355784,355785,1,3
355781,355784,355785,1,3
355781,355784,355785,1,3
355781,355784,355786,2,3
355781,355785,355786,1,4
355781,355781,355786,5,0
355793,355793,355794,1,0
355793,355793,355794,1,0
355793,355793,355794,1,0
355793,355793,355794,1,0
355793,355793,355795,2,0
355793,355793,355795,2,0
355793,355793,355795,2,0
355793,355793,355795,2,0
355793,355793,355794,1,0
355793,355793,355795,2,0
355793,355794,355796,2,1
355793,355793,355795,2,0
355793,355795,355796,1,2
355793,355793,355797,4,0
355793,355793,355796,3,0
355793,355795,355797,2,2
355793,355795,355796,1,2
355793,355793,355796,3,0
355793,355795,355796,1,2
355793,355795,355796,1,2
355793,355795,355796,1,2
355793,355795,355797,2,2
355793,355795,355797,2,2
355793,355796,355797,1,3
355793,355793,355798,5,0
355793,355796,355797,1,3
355793,355796,355798,2,3
355793,355796,355797,1,3
355793,355797,355798,1,4
355793,355797,355798,1,4
355793,355793,355798,5,0
355804,355805,355806,1,1
355804,355805,355806,1,1
355804,355805,355806,1,1
355804,355805,355806,1,1
355804,355805,355806,1,1
355804,355805,355806,1,1
355804,355805,355806,1,1
355804,355806,355807,1,2
355804,355805,355806,1,1
355804,355805,355807,2,1
355804,355807,355808,1,3
355804,355807,355808,1,3
355804,355805,355808,3,1
355804,355805,355807,2,1
355804,355805,355808,3,1
355804,355806,355807,1,2
355804,355807,355808,1,3
355804,355805,355807,2,1
355804,355806,355807,1,2
355804,355807,355808,1,3
355804,355807,355808,1,3
355804,355807,355808,1,3
355804,355808,355809,1,4
355804,355805,355808,3,1
355804,355808,355809,1,4
355804,355808,355809,1,4
355804,355808,355809,1,4
355804,355805,355810,5,1
355804,355808,355809,1,4
355804,355808,355809,1,4
355804,355805,355810,5,1
355814,355814,355815,1,0
355814,355814,355815,1,0
355814,355814,355815,1,0
355814,355814,355816,2,0
355814,355814,355816,2,0
355814,355815,355816,1,1
355814,355814,355816,2,0
355814,355815,355816,1,1
355814,355814,355816,2,0
355814,355814,355816,2,0
355814,355814,355817,3,0
355814,355814,355817,3,0
355814,355815,355816,1,1
355814,355814,355817,3,0
355814,355814,355817,3,0
355814,355817,355818,1,3
355814,355817,355818,1,3
355814,355817,355818,1,3
355814,355816,355818,2,2
355814,355818,355819,1,4
355814,355818,355819,1,4
355814,355817,355818,1,3
355814,355817,355818,1,3
355814,355818,355819,1,4
355814,355814,355819,5,0
355814,355814,355819,5,0
355814,355814,355819,5,0
355814,355814,355819,5,0
355814,355818,355819,1,4
355814,355818,355819,1,4
355824,355824,355825,1,0
355824,355824,355826,2,0
355824,355824,355826,2,0
355824,355824,355825,1,0
355824,355824,355826,2,0
355824,355824,355825,1,0
355824,355824,355825,1,0
355824,355824,355825,1,0
355824,355824,355826,2,0
355824,355824,355827,3,0
355824,355826,355827,1,2
355824,355824,355827,3,0
355824,355826,355827,1,2
355824,355824,355827,3,0
355824,355825,355826,1,1
355824,355826,355827,1,2
355824,355824,355828,4,0
355824,355826,355827,1,2
355824,355826,355827,1,2
355824,355826,355827,1,2
355824,355824,355827,3,0
355824,355826,355827,1,2
355824,355826,355827,1,2
355824,355828,355829,1,4
355824,355828,355829,1,4
355824,355827,355829,2,3
355824,355827,355829,2,3
355824,355827,355828,1,3
355824,355827,355828,1,3
355824,355824,355829,5,0
355824,355824,355830,6,0
355835,355836,355837,1,1
355835,355836,355837,1,1
355835,355836,355837,1,1
355835,355836,355837,1,1
355835,355836,355838,2,1
355835,355836,355837,1,1
355835,355836,355837,1,1
355835,355836,355837,1,1
355835,355836,355838,2,1
355835,355836,355839,3,1
355835,355836,355838,2,1
355835,355838,355839,1,3
355835,355837,355838,1,2
355835,355836,355838,2,1
355835,355838,355839,1,3
355835,355838,355839,1,3
355835,355839,355840,1,4
355835,355838,355839,1,3
355835,355838,355839,1,3
355835,355838,355839,1,3
355835,355838,355839,1,3
355835,355838,355839,1,3
355835,355839,355840,1,4
355835,355839,355840,1,4
355835,355839,355840,1,4
355835,355839,355840,1,4
355835,355836,355840,4,1
355835,355839,355840,1,4
355835,355836,355841,5,1
355835,355836,355842,6,1
355847,355847,355848,1,0
355847,355847,355848,1,0
355847,355847,355848,1,0
355847,355847,355848,1,0
355847,355847,355849,2,0
355847,355847,355848,1,0
355847,355847,355849,2,0
355847,355847,355848,1,0
355847,355847,355849,2,0
355847,355847,355849,2,0
355847,355849,355850,1,2
355847,355849,355850,1,2
355847,355847,355849,2,0
355847,355848,355849,1,1
355847,355849,355850,1,2
355847,355847,355849,2,0
355847,355848,355849,1,1
355847,355849,355850,1,2
355847,355850,355851,1,3
355847,355849,355850,1,2
355847,355849,355850,1,2
355847,355849,355851,2,2
355847,355847,355852,5,0
355847,355850,355851,1,3
355847,355850,355851,1,3
355847,355847,355852,5,0
355847,355847,355851,4,0
355847,355850,355851,1,3
355847,355850,355851,1,3
355847,355850,355851,1,3
355847,355847,355853,6,0
355859,355859,355860,1,0
355859,355859,355860,1,0
355859,355859,355860,1,0
355859,355859,355861,2,0
355859,355859,355861,2,0
355859,355859,355861,2,0
355859,355859,355861,2,0
355859,355859,355861,2,0
355859,355859,355860,1,0
355859,355859,355861,2,0
355859,355859,355861,2,0
355859,355859,355862,3,0
355859,355861,355862,1,2
355859,355859,355862,3,0
355859,355860,355862,2,1
355859,355861,355862,1,2
355859,355861,355862,1,2
355859,355861,355862,1,2
355859,355861,355862,1,2
355859,355859,355861,2,0
355859,355860,355862,2,1
355859,355861,355863,2,2
355859,355861,355863,2,2
355859,355862,355863,1,3
355859,355859,355863,4,0
355859,355862,355863,1,3
355859,355862,355863,1,3
355859,355859,355863,4,0
355859,355863,355864,1,4
355859,355863,355864,1,4
355868,355868,355869,1,0
355868,355868,355869,1,0
355868,355868,355870,2,0
355868,355868,355870,2,0
355868,355868,355870,2,0
355868,355868,355869,1,0
355868,355868,355870,2,0
355868,355868,355869,1,0
355868,355868,355870,2,0
355868,355868,355870,2,0
355868,355868,355870,2,0
355868,355868,355870,2,0
355868,355870,355871,1,2
355868,355868,355870,2,0
355868,355870,355871,1,2
355868,355870,355871,1,2
355868,355868,355871,3,0
355868,355869,355870,1,1
355868,355870,355871,1,2
355868,355868,355871,3,0
355868,355869,355871,2,1
355868,355871,355872,1,3
355868,355868,355871,3,0
355868,355870,355872,2,2
355868,355870,355871,1,2
355868,355871,355872,1,3
355868,355870,355872,2,2
355868,355871,355872,1,3
355868,355870,355871,1,2
355868,355871,355872,1,3
355876,355876,355877,1,0
355876,355876,355878,2,0
355876,355876,355878,2,0
355876,355876,355880,4,0
355876,355879,355881,2,3
355876,355876,355882,6,0
355876,355878,355882,4,2
355876,355877,355881,4,1
355876,355876,355882,6,0
355876,355881,355883,2,5
355876,355877,355883,6,1
355876,355882,355884,2,6
355876,355876,355884,8,0
355876,355883,355884,1,7
355876,355876,355884,8,0
355876,355876,355884,8,0
355876,355883,355884,1,7
355876,355883,355884,1,7
355876,355883,355884,1,7
355876,355876,355885,9,0
355876,355876,355884,8,0
355876,355885,355886,1,9
355876,355876,355885,9,0
355876,355876,355885,9,0
355876,355884,355885,1,8
355876,355884,355885,1,8
355876,355884,355885,1,8
355876,355885,355886,1,9
355876,355876,355886,10,0
355876,355885,355886,1,9
355876,355876,355887,11,0
355892,355892,355893,1,0
355892,355892,355893,1,0
355892,355892,355894,2,0
355892,355892,355896,4,0
355892,355894,355897,3,2
355892,355892,355897,5,0
355892,355895,355897,2,3
355892,355894,355897,3,2
355892,355892,355899,7,0
355892,355897,355899,2,5
355892,355898,355900,2,6
355892,355898,355899,1,6
355892,355892,355901,9,0
355892,355892,355900,8,0
355892,355898,355900,2,6
355892,355892,355900,8,0
355892,355892,355901,9,0
355892,355892,355900,8,0
355892,355898,355900,2,6
355892,355893,355900,7,1
355892,355892,355901,9,0
355892,355900,355901,1,8
355892,355900,355901,1,8
355892,355901,355902,1,9
355892,355900,355901,1,8
355892,355900,355901,1,8
355892,355892,355902,10,0
355892,355901,355902,1,9
355892,355901,355902,1,9
355892,355893,355902,9,1
355892,355893,355902,9,1
355912,355912,355914,2,0
355912,355912,355914,2,0
355912,355912,355914,2,0
355912,355912,355916,4,0
355912,355914,355917,3,2
355912,355914,355917,3,2
355912,355914,355918,4,2
355912,355912,355918,6,0
355912,355916,355919,3,4
355912,355912,355919,7,0
355912,355912,355920,8,0
355912,355912,355920,8,0
355912,355912,355920,8,0
355912,355918,355920,2,6
355912,355917,355920,3,5
355912,355912,355920,8,0
355912,355919,355920,1,7
355912,355912,355921,9,0
355912,355918,355920,2,6
355912,355912,355921,9,0
355912,355920,355921,1,8
355912,355912,355921,9,0
355912,355912,355921,9,0
355912,355920,355921,1,8
355912,355921,355922,1,9
355912,355920,355922,2,8
355912,355921,355922,1,9
355912,355912,355922,10,0
355912,355921,355922,1,9
355912,355921,355922,1,9
355912,355912,355922,10,0
355928,355928,355929,1,0
355928,355928,355929,1,0
355928,355928,355930,2,0
355928,355928,355932,4,0
355928,355930,355932,2,2
355928,355930,355933,3,2
355928,355930,355933,3,2
355928,355928,355933,5,0
355928,355928,355934,6,0
355928,355932,355934,2,4
355928,355933,355935,2,5
355928,355928,355934,6,0
355928,355934,355936,2,6
355928,355928,355936,8,0
355928,355928,355935,7,0
355928,355934,355936,2,6
355928,355928,355936,8,0
355928,355934,355935,1,6
355928,355928,355936,8,0
355928,355928,355937,9,0
355928,355928,355936,8,0
355928,355935,355936,1,7
355928,355928,355936,8,0
355928,355936,355937,1,8
355928,355935,355936,1,7
355928,355935,355937,2,7
355928,355935,355936,1,7
355928,355936,355937,1,8
355928,355936,355937,1,8
355928,355928,355937,9,0
355928,355928,355938,10,0
355945,355945,355946,1,0
355945,355945,355946,1,0
355945,355945,355946,1,0
355945,355945,355950,5,0
355945,355947,355950,3,2
355945,355947,355951,4,2
355945,355945,355950,5,0
355945,355947,355950,3,2
355945,355945,355950,5,0
355945,355945,355951,6,0
355945,355945,355951,6,0
355945,355945,355952,7,0
355945,355951,355952,1,6
355945,355951,355952,1,6
355945,355945,355953,8,0
355945,355951,355953,2,6
355945,355945,355953,8,0
355945,355950,355952,2,5
355945,355951,355952,1,6
355945,355951,355953,2,6
355945,355952,355953,1,7
355945,355945,355953,8,0
355945,355952,355953,1,7
355945,355945,355953,8,0
355945,355953,355954,1,8
355945,355945,355955,10,0
355945,355953,355954,1,8
355945,355945,355954,9,0
355945,355953,355954,1,8
355945,355953,355954,1,8
355945,355945,355954,9,0
355961,355961,355963,2,0
355961,355961,355963,2,0
355961,355961,355963,2,0
355961,355963,355966,3,2
355961,355961,355966,5,0
355961,355961,355966,5,0
355961,355963,355966,3,2
355961,355961,355967,6,0
355961,355961,355968,7,0
355961,355963,355967,4,2
355961,355961,355968,7,0
355961,355961,355969,8,0
355961,355966,355969,3,5
355961,355966,355969,3,5
355961,355968,355969,1,7
355961,355961,355969,8,0
355961,355966,355969,3,5
355961,355968,355969,1,7
355961,355968,355970,2,7
355961,355968,355970,2,7
355961,355961,355970,9,0
355961,355968,355970,2,7
355961,355961,355970,9,0
355961,355961,355970,9,0
355961,355970,355971,1,9
355961,355961,355971,10,0
355961,355969,355971,2,8
355961,355961,355971,10,0
355961,355970,355971,1,9
355961,355961,355971,10,0
355961,355970,355971,1,9
355976,355976,355978,2,0
355976,355976,355978,2,0
355976,355976,355978,2,0
355976,355976,355981,5,0
355976,355976,355981,5,0
355976,355978,355981,3,2
355976,355978,355982,4,2
355976,355976,355982,6,0
355976,355978,355983,5,2
355976,355976,355983,7,0
355976,355982,355983,1,6
355976,355976,355983,7,0
355976,355976,355984,8,0
355976,355982,355984,2,6
355976,355976,355984,8,0
355976,355981,355984,3,5
355976,355983,355984,1,7
355976,355976,355984,8,0
355976,355983,355984,1,7
355976,355976,355984,8,0
355976,355984,355985,1,8
355976,355984,355985,1,8
355976,355984,355985,1,8
355976,355976,355986,10,0
355976,355984,355985,1,8
355976,355976,355985,9,0
355976,355985,355986,1,9
355976,355976,355986,10,0
355976,355985,355986,1,9
355976,355985,355986,1,9
355976,355976,355986,10,0
355992,355992,355993,1,0
355992,355992,355994,2,0
355992,355992,355993,1,0
355992,355992,355997,5,0
355992,355994,355997,3,2
355992,355992,355998,6,0
355992,355994,355997,3,2
355992,355992,355997,5,0
355992,355992,355999,7,0
355992,355994,355999,5,2
355992,355992,355999,7,0
355992,355992,356000,8,0
355992,355992,356000,8,0
355992,355992,356000,8,0
355992,355992,356000,8,0
355992,355998,356000,2,6
355992,355992,355999,7,0
355992,355997,355999,2,5
355992,355998,356000,2,6
355992,355992,356000,8,0
355992,355998,356000,2,6
355992,355999,356001,2,7
355992,355999,356001,2,7
355992,355998,356001,3,6
355992,356000,356001,1,8
355992,356000,356001,1,8
355992,355992,356002,10,0
355992,356000,356002,2,8
355992,356000,356001,1,8
355992,355992,356001,9,0
355992,356000,356001,1,8
356008,356008,356010,2,0
356008,356008,356010,2,0
356008,356008,356010,2,0
356008,356011,356013,2,3
356008,356011,356015,4,3
356008,356009,356014,5,1
356008,356011,356014,3,3
356008,356009,356014,5,1
356008,356009,356014,5,1
356008,356008,356015,7,0
356008,356009,356015,6,1
356008,356014,356016,2,6
356008,356009,356015,6,1
356008,356008,356016,8,0
356008,356008,356016,8,0
356008,356009,356016,7,1
356008,356015,356017,2,7
356008,356015,356016,1,7
356008,356009,356016,7,1
356008,356015,356017,2,7
356008,356015,356016,1,7
356008,356015,356017,2,7
356008,356016,356017,1,8
356008,356016,356017,1,8
356008,356016,356017,1,8
356008,356017,356018,1,9
356008,356008,356017,9,0
356008,356016,356017,1,8
356008,356009,356017,8,1
356008,356009,356019,10,1
356008,356017,356018,1,9
356025,356025,356026,1,0
356025,356025,356026,1,0
356025,356025,356026,1,0
356025,356027,356029,2,2
356025,356025,356029,4,0
356025,356025,356030,5,0
356025,356027,356030,3,2
356025,356025,356030,5,0
356025,356027,356031,4,2
356025,356025,356032,7,0
356025,356025,356032,7,0
356025,356025,356032,7,0
356025,356030,356032,2,5
356025,356030,356032,2,5
356025,356025,356032,7,0
356025,356025,356032,7,0
356025,356025,356032,7,0
356025,356025,356032,7,0
356025,356031,356032,1,6
356025,356030,356032,2,5
356025,356031,356032,1,6
356025,356032,356033,1,7
356025,356025,356034,9,0
356025,356032,356033,1,7
356025,356025,356033,8,0
356025,356032,356033,1,7
356025,356025,356033,8,0
356025,356032,356033,1,7
356025,356032,356033,1,7
356025,356032,356033,1,7
356025,356033,356034,1,8
356041,356041,356043,2,0
356041,356041,356042,1,0
356041,356041,356043,2,0
356041,356041,356045,4,0
356041,356043,356046,3,2
356041,356041,356047,6,0
356041,356043,356046,3,2
356041,356043,356047,4,2
356041,356041,356047,6,0
356041,356041,356048,7,0
356041,356046,356048,2,5
356041,356041,356048,7,0
356041,356041,356048,7,0
356041,356041,356047,6,0
356041,356041,356048,7,0
356041,356041,356048,7,0
356041,356047,356048,1,6
356041,356041,356049,8,0
356041,356047,356049,2,6
356041,356041,356049,8,0
356041,356041,356049,8,0
356041,356047,356049,2,6
356041,356041,356049,8,0
356041,356047,356049,2,6
356041,356048,356049,1,7
356041,356049,356050,1,8
356041,356048,356050,2,7
356041,356048,356050,2,7
356041,356048,356049,1,7
356041,356048,356050,2,7
356041,356048,356050,2,7
356057,356057,356059,2,0
356057,356057,356058,1,0
356057,356057,356059,2,0
356057,356057,356061,4,0
356057,356057,356063,6,0
356057,356057,356063,6,0
356057,356057,356062,5,0
356057,356059,356063,4,2
356057,356059,356062,3,2
356057,356057,356064,7,0
356057,356059,356063,4,2
356057,356057,356064,7,0
356057,356057,356063,6,0
356057,356057,356064,7,0
356057,356057,356065,8,0
356057,356062,356064,2,5
356057,356063,356065,2,6
356057,356063,356065,2,6
356057,356057,356064,7,0
356057,356063,356065,2,6
356057,356057,356065,8,0
356057,356063,356065,2,6
356057,356063,356065,2,6
356057,356064,356066,2,7
356057,356064,356065,1,7
356057,356065,356066,1,8
356057,356064,356066,2,7
356057,356064,356066,2,7
356057,356057,356065,8,0
356057,356057,356066,9,0
356057,356064,356066,2,7
356076,356076,356077,1,0
356076,356076,356078,2,0
356076,356076,356078,2,0
356076,356076,356081,5,0
356076,356076,356082,6,0
356076,356076,356082,6,0
356076,356076,356082,6,0
356076,356076,356083,7,0
356076,356076,356082,6,0
356076,356078,356083,5,2
356076,356076,356083,7,0
356076,356079,356082,3,3
356076,356076,356083,7,0
356076,356078,356082,4,2
356076,356076,356084,8,0
356076,356076,356084,8,0
356076,356076,356084,8,0
356076,356076,356084,8,0
356076,356082,356084,2,6
356076,356076,356084,8,0
356076,356081,356083,2,5
356076,356082,356084,2,6
356076,356083,356085,2,7
356076,356083,356085,2,7
356076,356083,356085,2,7
356076,356083,356085,2,7
356076,356083,356085,2,7
356076,356083,356085,2,7
356076,356083,356085,2,7
356076,356082,356085,3,6
356076,356084,356085,1,8
356092,356092,356093,1,0
356092,356092,356093,1,0
356092,356092,356093,1,0
356092,356092,356097,5,0
356092,356094,356097,3,2
356092,356092,356097,5,0
356092,356094,356098,4,2
356092,356094,356099,5,2
356092,356092,356098,6,0
356092,356092,356098,6,0
356092,356092,356099,7,0
356092,356092,356098,6,0
356092,356092,356099,7,0
356092,356092,356099,7,0
356092,356092,356100,8,0
356092,356092,356099,7,0
356092,356097,356099,2,5
356092,356097,356099,2,5
356092,356092,356099,7,0
356092,356098,356099,1,6
356092,356098,356100,2,6
356092,356092,356100,8,0
356092,356092,356100,8,0
356092,356099,356100,1,7
356092,356099,356100,1,7
356092,356099,356100,1,7
356092,356099,356100,1,7
356092,356099,356100,1,7
356092,356099,356100,1,7
356092,356100,356101,1,8
356092,356100,356101,1,8
356109,356109,356110,1,0
356109,356109,356110,1,0
356109,356109,356111,2,0
356109,356109,356114,5,0
356109,356109,356114,5,0
356109,356109,356115,6,0
356109,356109,356115,6,0
356109,356111,356114,3,2
356109,356111,356115,4,2
356109,356109,356115,6,0
356109,356109,356116,7,0
356109,356111,356116,5,2
356109,356109,356116,7,0
356109,356114,356117,3,5
356109,356109,356116,7,0
356109,356115,356117,2,6
356109,356115,356117,2,6
356109,356109,356117,8,0
356109,356109,356117,8,0
356109,356115,356117,2,6
356109,356109,356117,8,0
356109,356116,356118,2,7
356109,356115,356118,3,6
356109,356116,356118,2,7
356109,356116,356118,2,7
356109,356116,356118,2,7
356109,356117,356119,2,8
356109,356117,356119,2,8
356109,356109,356119,10,0
356109,356117,356119,2,8
356109,356109,356119,10,0
356125,356125,356126,1,0
356125,356125,356126,1,0
356125,356125,356127,2,0
356125,356126,356131,5,1
356125,356127,356130,3,2
356125,356126,356131,5,1
356125,356126,356131,5,1
356125,356128,356131,3,3
356125,356127,356131,4,2
356125,356126,356131,5,1
356125,356126,356132,6,1
356125,356126,356132,6,1
356125,356125,356133,8,0
356125,356131,356133,2,6
356125,356132,356133,1,7
356125,356126,356133,7,1
356125,356131,356133,2,6
356125,356132,356133,1,7
356125,356126,356133,7,1
356125,356126,356133,7,1
356125,356132,356133,1,7
356125,356132,356133,1,7
356125,356132,356133,1,7
356125,356133,356134,1,8
356125,356133,356134,1,8
356125,356125,356135,10,0
356125,356134,356135,1,9
356125,356125,356135,10,0
356125,356134,356135,1,9
356125,356134,356135,1,9
356125,356125,356136,11,0
356140,356140,356142,2,0
356140,356140,356142,2,0
356140,356140,356142,2,0
356140,356143,356145,2,3
356140,356140,356146,6,0
356140,356140,356146,6,0
356140,356143,356146,3,3
356140,356140,356146,6,0
356140,356140,356146,6,0
356140,356140,356146,6,0
356140,356143,356147,4,3
356140,356140,356147,7,0
356140,356140,356148,8,0
356140,356140,356148,8,0
356140,356146,356148,2,6
356140,356147,356148,1,7
356140,356147,356148,1,7
356140,356147,356148,1,7
356140,356140,356148,8,0
356140,356147,356148,1,7
356140,356147,356148,1,7
356140,356140,356149,9,0
356140,356147,356149,2,7
356140,356148,356149,1,8
356140,356148,356149,1,8
356140,356149,356150,1,9
356140,356140,356150,10,0
356140,356140,356150,10,0
356140,356140,356150,10,0
356140,356149,356150,1,9
356140,356149,356150,1,9
356157,356157,356158,1,0
356157,356157,356158,1,0
356157,356157,356158,1,0
356157,356157,356162,5,0
356157,356159,356162,3,2
356157,356157,356163,6,0
356157,356158,356163,5,1
356157,356159,356163,4,2
356157,356157,356163,6,0
356157,356157,356163,6,0
356157,356157,356163,6,0
356157,356157,356164,7,0
356157,356157,356164,7,0
356157,356164,356165,1,7
356157,356157,356165,8,0
356157,356163,356165,2,6
356157,356164,356165,1,7
356157,356163,356165,2,6
356157,356164,356165,1,7
356157,356164,356165,1,7
356157,356164,356166,2,7
356157,356164,356166,2,7
356157,356165,356166,1,8
356157,356165,356166,1,8
356157,356157,356167,10,0
356157,356157,356167,10,0
356157,356166,356167,1,9
356157,356157,356167,10,0
356157,356157,356168,11,0
356157,356166,356167,1,9
356157,356157,356167,10,0
356174,356174,356176,2,0
356174,356174,356175,1,0
356174,356174,356175,1,0
356174,356174,356179,5,0
356174,356174,356179,5,0
356174,356176,356180,4,2
356174,356174,356179,5,0
356174,356176,356179,3,2
356174,356174,356180,6,0
356174,356174,356180,6,0
356174,356176,356180,4,2
356174,356174,356181,7,0
356174,356180,356182,2,6
356174,356180,356182,2,6
356174,356179,356182,3,5
356174,356180,356182,2,6
356174,356180,356182,2,6
356174,356180,356182,2,6
356174,356174,356183,9,0
356174,356180,356182,2,6
356174,356180,356183,3,6
356174,356174,356183,9,0
356174,356174,356183,9,0
356174,356181,356182,1,7
356174,356174,356183,9,0
356174,356174,356184,10,0
356174,356182,356183,1,8
356174,356182,356183,1,8
356174,356174,356183,9,0
356174,356174,356184,10,0
356174,356182,356183,1,8
356191,356191,356192,1,0
356191,356191,356192,1,0
356191,356191,356192,1,0
356191,356192,356195,3,1
356191,356193,356195,2,2
356191,356191,356196,5,0
356191,356193,356196,3,2
356191,356191,356196,5,0
356191,356191,356196,5,0
356191,356191,356197,6,0
356191,356191,356197,6,0
356191,356197,356199,2,6
356191,356191,356199,8,0
356191,356196,356198,2,5
356191,356197,356198,1,6
356191,356196,356198,2,5
356191,356197,356198,1,6
356191,356197,356199,2,6
356191,356191,356199,8,0
356191,356198,356199,1,7
356191,356198,356199,1,7
356191,356191,356199,8,0
356191,356191,356199,8,0
356191,356191,356200,9,0
356191,356191,356201,10,0
356191,356199,356200,1,8
356191,356191,356201,10,0
356191,356191,356200,9,0
356191,356199,356200,1,8
356191,356199,356200,1,8
356191,356199,356200,1,8
356206,356206,356207,1,0
356206,356206,356208,2,0
356206,356206,356207,1,0
356206,356208,356211,3,2
356206,356208,356212,4,2
356206,356207,356211,4,1
356206,356206,356212,6,0
356206,356206,356213,7,0
356206,356206,356213,7,0
356206,356206,356213,7,0
356206,356206,356214,8,0
356206,356206,356213,7,0
356206,356211,356214,3,5
356206,356206,356214,8,0
356206,356212,356214,2,6
356206,356212,356214,2,6
356206,356213,356215,2,7
356206,356206,356214,8,0
356206,356212,356214,2,6
356206,356213,356215,2,7
356206,356213,356215,2,7
356206,356206,356216,10,0
356206,356214,356216,2,8
356206,356206,356216,10,0
356206,356214,356216,2,8
356206,356206,356216,10,0
356206,356214,356216,2,8
356206,356214,356216,2,8
356206,356206,356216,10,0
356206,356215,356216,1,9
356206,356206,356216,10,0
356224,356224,356225,1,0
356224,356224,356225,1,0
356224,356224,356226,2,0
356224,356225,356229,4,1
356224,356226,356229,3,2
356224,356225,356229,4,1
356224,356224,356230,6,0
356224,356224,356231,7,0
356224,356224,356231,7,0
356224,356224,356231,7,0
356224,356224,356231,7,0
356224,356224,356231,7,0
356224,356224,356232,8,0
356224,356229,356231,2,5
356224,356229,356232,3,5
356224,356224,356232,8,0
356224,356229,356231,2,5
356224,356231,356233,2,7
356224,356231,356233,2,7
356224,356231,356233,2,7
356224,356230,356233,3,6
356224,356224,356233,9,0
356224,356231,356233,2,7
356224,356231,356233,2,7
356224,356224,356234,10,0
356224,356224,356234,10,0
356224,356232,356234,2,8
356224,356224,356234,10,0
356224,356232,356234,2,8
356224,356224,356234,10,0
356224,356232,356234,2,8
356245,356245,356246,1,0
356245,356245,356246,1,0
356245,356245,356246,1,0
356245,356247,356250,3,2
356245,356247,356251,4,2
356245,356245,356250,5,0
356245,356245,356251,6,0
356245,356245,356251,6,0
356245,356247,356251,4,2
356245,356245,356251,6,0
356245,356245,356253,8,0
356245,356245,356252,7,0
356245,356245,356253,8,0
356245,356245,356252,7,0
356245,356250,356252,2,5
356245,356251,356253,2,6
356245,356252,356253,1,7
356245,356252,356254,2,7
356245,356245,356254,9,0
356245,356251,356253,2,6
356245,356245,356255,10,0
356245,356245,356254,9,0
356245,356245,356255,10,0
356245,356252,356254,2,7
356245,356253,356254,1,8
356245,356252,356254,2,7
356245,356253,356254,1,8
356245,356253,356254,1,8
356245,356245,356254,9,0
356245,356253,356254,1,8
356245,356253,356254,1,8
356260,356260,356261,1,0
356260,356260,356261,1,0
356260,356260,356261,1,0
356260,356260,356265,5,0
356260,356262,356266,4,2
356260,356260,356266,6,0
356260,356260,356265,5,0
356260,356262,356265,3,2
356260,356260,356265,5,0
356260,356260,356267,7,0
356260,356261,356267,6,1
356260,356260,356267,7,0
356260,356260,356267,7,0
356260,356265,356268,3,5
356260,356266,356268,2,6
356260,356266,356268,2,6
356260,356267,356268,1,7
356260,356266,356268,2,6
356260,356266,356268,2,6
356260,356266,356268,2,6
356260,356260,356270,10,0
356260,356260,356269,9,0
356260,356260,356269,9,0
356260,356268,356269,1,8
356260,356268,356269,1,8
356260,356260,356269,9,0
356260,356268,356270,2,8
356260,356268,356269,1,8
356260,356268,356269,1,8
356260,356260,356270,10,0
356260,356260,356270,10,0
356277,356277,356278,1,0
356277,356277,356279,2,0
356277,356277,356278,1,0
356277,356277,356282,5,0
356277,356277,356282,5,0
356277,356277,356283,6,0
356277,356279,356283,4,2
356277,356277,356283,6,0
356277,356279,356282,3,2
356277,356277,356284,7,0
356277,356277,356284,7,0
356277,356277,356284,7,0
356277,356282,356284,2,5
356277,356283,356285,2,6
356277,356282,356285,3,5
356277,356283,356285,2,6
356277,356279,356285,6,2
356277,356283,356286,3,6
356277,356283,356286,3,6
356277,356277,356287,10,0
356277,356285,356287,2,8
356277,356285,356287,2,8
356277,356277,356287,10,0
356277,356277,356287,10,0
356277,356285,356287,2,8
356277,356285,356286,1,8
356277,356277,356287,10,0
356277,356277,356287,10,0
356277,356285,356287,2,8
356277,356285,356287,2,8
356277,356277,356287,10,0
356298,356298,356299,1,0
356298,356298,356299,1,0
356298,356298,356300,2,0
356298,356298,356302,4,0
356298,356300,356303,3,2
356298,356298,356303,5,0
356298,356298,356304,6,0
356298,356300,356304,4,2
356298,356298,356303,5,0
356298,356298,356304,6,0
356298,356298,356305,7,0
356298,356298,356305,7,0
356298,356303,356306,3,5
356298,356300,356305,5,2
356298,356298,356306,8,0
356298,356304,356306,2,6
356298,356298,356306,8,0
356298,356303,356305,2,5
356298,356304,356306,2,6
356298,356304,356306,2,6
356298,356304,356306,2,6
356298,356305,356306,1,7
356298,356305,356306,1,7
356298,356305,356306,1,7
356298,356298,356308,10,0
356298,356298,356307,9,0
356298,356306,356307,1,8
356298,356298,356308,10,0
356298,356306,356307,1,8
356298,356306,356307,1,8
356298,356298,356308,10,0
356313,356313,356314,1,0
356313,356313,356315,2,0
356313,356313,356314,1,0
356313,356313,356318,5,0
356313,356313,356317,4,0
356313,356316,356318,2,3
356313,356313,356319,6,0
356313,356313,356319,6,0
356313,356313,356319,6,0
356313,356313,356320,7,0
356313,356313,356320,7,0
356313,356315,356319,4,2
356313,356313,356320,7,0
356313,356318,356321,3,5
356313,356318,356321,3,5
356313,356315,356321,6,2
356313,356319,356321,2,6
356313,356313,356321,8,0
356313,356319,356321,2,6
356313,356313,356322,9,0
356313,356319,356322,3,6
356313,356320,356322,2,7
356313,356319,356322,3,6
356313,356320,356322,2,7
356313,356320,356322,2,7
356313,356313,356323,10,0
356313,356321,356322,1,8
356313,356321,356323,2,8
356313,356321,356323,2,8
356313,356313,356323,10,0
356313,356313,356324,11,0
356331,356331,356333,2,0
356331,356331,356332,1,0
356331,356331,356332,1,0
356331,356331,356335,4,0
356331,356331,356336,5,0
356331,356331,356336,5,0
356331,356331,356337,6,0
356331,356333,356337,4,2
356331,356331,356337,6,0
356331,356331,356337,6,0
356331,356333,356337,4,2
356331,356333,356338,5,2
356331,356331,356338,7,0
356331,356331,356338,7,0
356331,356337,356339,2,6
356331,356336,356338,2,5
356331,356336,356338,2,5
356331,356337,356338,1,6
356331,356331,356339,8,0
356331,356337,356339,2,6
356331,356337,356339,2,6
356331,356337,356339,2,6
356331,356331,356340,9,0
356331,356338,356340,2,7
356331,356337,356339,2,6
356331,356338,356339,1,7
356331,356331,356340,9,0
356331,356339,356340,1,8
356331,356339,356340,1,8
356331,356331,356341,10,0
356331,356331,356341,10,0
356347,356348,356349,1,1
356347,356348,356349,1,1
356347,356348,356349,1,1
356347,356348,356352,4,1
356347,356348,356352,4,1
356347,356348,356352,4,1
356347,356348,356352,4,1
356347,356348,356353,5,1
356347,356350,356353,3,3
356347,356348,356354,6,1
356347,356348,356354,6,1
356347,356348,356354,6,1
356347,356350,356355,5,3
356347,356348,356354,6,1
356347,356350,356354,4,3
356347,356348,356354,6,1
356347,356353,356355,2,6
356347,356353,356355,2,6
356347,356354,356355,1,7
356347,356353,356355,2,6
356347,356348,356355,7,1
356347,356353,356355,2,6
356347,356354,356355,1,7
356347,356355,356356,1,8
356347,356355,356356,1,8
356347,356355,356356,1,8
356347,356355,356356,1,8
356347,356355,356356,1,8
356347,356355,356356,1,8
356347,356348,356357,9,1
356347,356348,356357,9,1
356363,356363,356364,1,0
356363,356363,356364,1,0
356363,356363,356364,1,0
356363,356363,356368,5,0
356363,356364,356367,3,1
356363,356363,356367,4,0
356363,356363,356367,4,0
356363,356363,356368,5,0
356363,356363,356367,4,0
356363,356365,356368,3,2
356363,356363,356368,5,0
356363,356363,356368,5,0
356363,356363,356369,6,0
356363,356368,356370,2,5
356363,356363,356370,7,0
356363,356364,356369,5,1
356363,356368,356370,2,5
356363,356368,356370,2,5
356363,356368,356369,1,5
356363,356368,356371,3,5
356363,356368,356370,2,5
356363,356368,356370,2,5
356363,356369,356370,1,6
356363,356363,356371,8,0
356363,356369,356370,1,6
356363,356370,356371,1,7
356363,356370,356371,1,7
356363,356363,356371,8,0
356363,356370,356371,1,7
356363,356363,356373,10,0
356363,356363,356373,10,0
356378,356378,356379,1,0
356378,356378,356380,2,0
356378,356378,356380,2,0
356378,356378,356383,5,0
356378,356378,356383,5,0
356378,356378,356383,5,0
356378,356378,356383,5,0
356378,356378,356383,5,0
356378,356380,356383,3,2
356378,356378,356384,6,0
356378,356380,356384,4,2
356378,356378,356384,6,0
356378,356380,356384,4,2
356378,356378,356385,7,0
356378,356383,356385,2,5
356378,356383,356385,2,5
356378,356383,356385,2,5
356378,356383,356386,3,5
356378,356383,356386,3,5
356378,356384,356386,2,6
356378,356383,356385,2,5
356378,356384,356386,2,6
356378,356378,356386,8,0
356378,356385,356386,1,7
356378,356385,356386,1,7
356378,356385,356387,2,7
356378,356386,356387,1,8
356378,356378,356387,9,0
356378,356378,356388,10,0
356378,356378,356388,10,0
356378,356378,356388,10,0
356395,356395,356396,1,0
356395,356395,356396,1,0
356395,356395,356396,1,0
356395,356395,356399,4,0
356395,356395,356400,5,0
356395,356397,356400,3,2
356395,356396,356399,3,1
356395,356395,356399,4,0
356395,356397,356400,3,2
356395,356395,356400,5,0
356395,356395,356400,5,0
356395,356395,356401,6,0
356395,356400,356402,2,5
356395,356399,356401,2,4
356395,356400,356402,2,5
356395,356395,356403,8,0
356395,356400,356402,2,5
356395,356401,356402,1,6
356395,356401,356402,1,6
356395,356400,356402,2,5
356395,356401,356402,1,6
356395,356401,356402,1,6
356395,356402,356403,1,7
356395,356402,356403,1,7
356395,356402,356403,1,7
356395,356395,356404,9,0
356395,356395,356404,9,0
356395,356395,356404,9,0
356395,356395,356405,10,0
356395,356395,356405,10,0
356395,356395,356405,10,0
356412,356412,356413,1,0
356412,356412,356413,1,0
356412,356412,356413,1,0
356412,356412,356416,4,0
356412,356414,356417,3,2
356412,356412,356417,5,0
356412,356412,356416,4,0
356412,356412,356416,4,0
356412,356412,356417,5,0
356412,356414,356418,4,2
356412,356414,356417,3,2
356412,356412,356418,6,0
356412,356417,356420,3,5
356412,356418,356420,2,6
356412,356418,356419,1,6
356412,356417,356419,2,5
356412,356417,356419,2,5
356412,356412,356419,7,0
356412,356417,356419,2,5
356412,356418,356420,2,6
356412,356412,356421,9,0
356412,356412,356421,9,0
356412,356417,356420,3,5
356412,356419,356421,2,7
356412,356412,356420,8,0
356412,356420,356421,1,8
356412,356420,356421,1,8
356412,356412,356422,10,0
356412,356412,356422,10,0
356412,356420,356421,1,8
356412,356412,356422,10,0
356427,356427,356428,1,0
356427,356427,356428,1,0
356427,356427,356428,1,0
356427,356427,356430,3,0
356427,356427,356431,4,0
356427,356427,356432,5,0
356427,356429,356432,3,2
356427,356427,356432,5,0
356427,356427,356431,4,0
356427,356429,356433,4,2
356427,356429,356432,3,2
356427,356430,356433,3,3
356427,356427,356434,7,0
356427,356432,356434,2,5
356427,356427,356434,7,0
356427,356432,356434,2,5
356427,356432,356434,2,5
356427,356433,356434,1,6
356427,356427,356435,8,0
356427,356427,356434,7,0
356427,356432,356434,2,5
356427,356432,356434,2,5
356427,356433,356435,2,6
356427,356433,356434,1,6
356427,356427,356435,8,0
356427,356434,356436,2,7
356427,356434,356435,1,7
356427,356434,356435,1,7
356427,356427,356437,10,0
356427,356427,356437,10,0
356427,356427,356437,10,0
356443,356443,356444,1,0
356443,356443,356444,1,0
356443,356443,356445,2,0
356443,356443,356448,5,0
356443,356444,356448,4,1
356443,356443,356448,5,0
356443,356443,356448,5,0
356443,356445,356448,3,2
356443,356443,356448,5,0
356443,356443,356447,4,0
356443,356445,356448,3,2
356443,356448,356450,2,5
356443,356448,356450,2,5
356443,356443,356450,7,0
356443,356448,356450,2,5
356443,356443,356451,8,0
356443,356448,356450,2,5
356443,356448,356450,2,5
356443,356443,356451,8,0
356443,356448,356451,3,5
356443,356449,356450,1,6
356443,356448,356450,2,5
356443,356450,356451,1,7
356443,356450,356452,2,7
356443,356443,356451,8,0
356443,356450,356451,1,7
356443,356443,356452,9,0
356443,356450,356451,1,7
356443,356443,356453,10,0
356443,356443,356453,10,0
356443,356443,356453,10,0
356459,356459,356460,1,0
356459,356459,356460,1,0
356459,356459,356461,2,0
356459,356459,356463,4,0
356459,356459,356464,5,0
356459,356459,356464,5,0
356459,356461,356464,3,2
356459,356459,356464,5,0
356459,356461,356464,3,2
356459,356459,356464,5,0
356459,356461,356465,4,2
356459,356459,356466,7,0
356459,356464,356466,2,5
356459,356464,356466,2,5
356459,356463,356466,3,4
356459,356459,356467,8,0
356459,356465,356467,2,6
356459,356459,356466,7,0
356459,356464,356466,2,5
356459,356465,356467,2,6
356459,356459,356467,8,0
356459,356465,356467,2,6
356459,356465,356467,2,6
356459,356466,356468,2,7
356459,356459,356468,9,0
356459,356466,356468,2,7
356459,356466,356467,1,7
356459,356466,356468,2,7
356459,356459,356469,10,0
356459,356459,356469,10,0
356459,356459,356469,10,0
356474,356474,356475,1,0
356474,356474,356475,1,0
356474,356474,356475,1,0
356474,356475,356479,4,1
356474,356474,356479,5,0
356474,356476,356479,3,2
356474,356474,356479,5,0
356474,356474,356479,5,0
356474,356475,356479,4,1
356474,356474,356480,6,0
356474,356480,356481,1,6
356474,356480,356481,1,6
356474,356480,356481,1,6
356474,356474,356481,7,0
356474,356480,356481,1,6
356474,356474,356482,8,0
356474,356479,356482,3,5
356474,356481,356482,1,7
356474,356474,356482,8,0
356474,356480,356482,2,6
356474,356474,356482,8,0
356474,356482,356483,1,8
356474,356474,356483,9,0
356474,356482,356483,1,8
356474,356482,356483,1,8
356474,356474,356484,10,0
356474,356482,356483,1,8
356474,356482,356483,1,8
356474,356474,356484,10,0
356474,356474,356484,10,0
356474,356474,356484,10,0
356490,356490,356491,1,0
356490,356490,356491,1,0
356490,356490,356491,1,0
356490,356490,356494,4,0
356490,356490,356495,5,0
356490,356490,356495,5,0
356490,356490,356494,4,0
356490,356492,356495,3,2
356490,356492,356495,3,2
356490,356492,356495,3,2
356490,356495,356497,2,5
356490,356494,356497,3,4
356490,356495,356497,2,5
356490,356490,356497,7,0
356490,356490,356497,7,0
356490,356490,356497,7,0
356490,356496,356498,2,6
356490,356490,356498,8,0
356490,356495,356497,2,5
356490,356496,356497,1,6
356490,356490,356498,8,0
356490,356496,356498,2,6
356490,356490,356497,7,0
356490,356497,356499,2,7
356490,356490,356499,9,0
356490,356497,356499,2,7
356490,356497,356498,1,7
356490,356498,356499,1,8
356490,356498,356499,1,8
356490,356490,356500,10,0
356490,356490,356500,10,0
356507,356507,356508,1,0
356507,356507,356508,1,0
356507,356507,356508,1,0
356507,356507,356510,3,0
356507,356507,356512,5,0
356507,356507,356511,4,0
356507,356507,356512,5,0
356507,356509,356512,3,2
356507,356508,356512,4,1
356507,356507,356512,5,0
356507,356507,356513,6,0
356507,356509,356512,3,2
356507,356510,356513,3,3
356507,356512,356514,2,5
356507,356512,356514,2,5
356507,356512,356514,2,5
356507,356512,356514,2,5
356507,356507,356514,7,0
356507,356507,356514,7,0
356507,356513,356514,1,6
356507,356513,356514,1,6
356507,356507,356515,8,0
356507,356513,356515,2,6
356507,356513,356515,2,6
356507,356507,356515,8,0
356507,356513,356514,1,6
356507,356507,356515,8,0
356507,356507,356515,8,0
356507,356514,356515,1,7
356507,356507,356516,9,0
356507,356514,356515,1,7
356524,356524,356525,1,0
356524,356524,356526,2,0
356524,356524,356526,2,0
356524,356525,356527,2,1
356524,356525,356529,4,1
356524,356524,356529,5,0
356524,356526,356529,3,2
356524,356525,356529,4,1
356524,356527,356529,2,3
356524,356525,356529,4,1
356524,356527,356529,2,3
356524,356524,356530,6,0
356524,356524,356530,6,0
356524,356525,356530,5,1
356524,356528,356530,2,4
356524,356529,356531,2,5
356524,356524,356531,7,0
356524,356524,356531,7,0
356524,356530,356531,1,6
356524,356524,356531,7,0
356524,356530,356531,1,6
356524,356530,356531,1,6
356524,356530,356531,1,6
356524,356530,356531,1,6
356524,356530,356532,2,6
356524,356531,356532,1,7
356524,356524,356532,8,0
356524,356531,356532,1,7
356524,356525,356532,7,1
356524,356531,356532,1,7
356524,356531,356532,1,7
356538,356538,356539,1,0
356538,356538,356539,1,0
356538,356538,356539,1,0
356538,356538,356541,3,0
356538,356538,356541,3,0
356538,356538,356541,3,0
356538,356538,356542,4,0
356538,356539,356542,3,1
356538,356538,356542,4,0
356538,356539,356542,3,1
356538,356540,356543,3,2
356538,356538,356544,6,0
356538,356538,356544,6,0
356538,356541,356544,3,3
356538,356542,356544,2,4
356538,356538,356545,7,0
356538,356538,356545,7,0
356538,356543,356545,2,5
356538,356543,356545,2,5
356538,356538,356545,7,0
356538,356542,356545,3,4
356538,356543,356545,2,5
356538,356542,356544,2,4
356538,356542,356545,3,4
356538,356538,356545,7,0
356538,356538,356544,6,0
356538,356544,356545,1,6
356538,356538,356546,8,0
356538,356544,356546,2,6
356538,356544,356546,2,6
356538,356544,356545,1,6
356553,356553,356554,1,0
356553,356553,356554,1,0
356553,356553,356554,1,0
356553,356553,356556,3,0
356553,356553,356556,3,0
356553,356553,356556,3,0
356553,356553,356556,3,0
356553,356554,356557,3,1
356553,356555,356558,3,2
356553,356555,356558,3,2
356553,356557,356559,2,4
356553,356553,356559,6,0
356553,356556,356558,2,3
356553,356557,356559,2,4
356553,356553,356559,6,0
356553,356557,356559,2,4
356553,356553,356560,7,0
356553,356553,356559,6,0
356553,356558,356560,2,5
356553,356553,356560,7,0
356553,356553,356560,7,0
356553,356558,356560,2,5
356553,356553,356560,7,0
356553,356558,356560,2,5
356553,356553,356561,8,0
356553,356559,356560,1,6
356553,356559,356561,2,6
356553,356559,356561,2,6
356553,356553,356560,7,0
356553,356559,356561,2,6
356553,356559,356560,1,6
356566,356566,356567,1,0
356566,356566,356568,2,0
356566,356566,356567,1,0
356566,356566,356569,3,0
356566,356566,356570,4,0
356566,356568,356571,3,2
356566,356566,356571,5,0
356566,356568,356571,3,2
356566,356566,356571,5,0
356566,356566,356570,4,0
356566,356568,356571,3,2
356566,356566,356572,6,0
356566,356566,356572,6,0
356566,356566,356572,6,0
356566,356569,356571,2,3
356566,356570,356572,2,4
356566,356566,356572,6,0
356566,356566,356573,7,0
356566,356571,356573,2,5
356566,356571,356573,2,5
356566,356571,356573,2,5
356566,356571,356573,2,5
356566,356566,356572,6,0
356566,356571,356573,2,5
356566,356571,356573,2,5
356566,356572,356574,2,6
356566,356572,356573,1,6
356566,356572,356574,2,6
356566,356572,356573,1,6
356566,356566,356576,10,0
356566,356566,356575,9,0
356581,356581,356582,1,0
356581,356581,356582,1,0
356581,356581,356582,1,0
356581,356581,356585,4,0
356581,356582,356585,3,1
356581,356581,356585,4,0
356581,356581,356586,5,0
356581,356581,356586,5,0
356581,356581,356586,5,0
356581,356581,356586,5,0
356581,356583,356586,3,2
356581,356581,356586,5,0
356581,356581,356586,5,0
356581,356583,356586,3,2
356581,356581,356586,5,0
356581,356585,356587,2,4
356581,356581,356586,5,0
356581,356581,356587,6,0
356581,356585,356588,3,4
356581,356586,356587,1,5
356581,356586,356588,2,5
356581,356586,356587,1,5
356581,356586,356587,1,5
356581,356586,356588,2,5
356581,356586,356587,1,5
356581,356586,356587,1,5
356581,356586,356588,2,5
356581,356586,356588,2,5
356581,356586,356587,1,5
356581,356581,356590,9,0
356581,356581,356590,9,0
356596,356596,356597,1,0
356596,356596,356597,1,0
356596,356596,356597,1,0
356596,356596,356599,3,0
356596,356596,356599,3,0
356596,356596,356599,3,0
356596,356596,356600,4,0
356596,356596,356599,3,0
356596,356596,356599,3,0
356596,356596,356600,4,0
356596,356598,356600,2,2
356596,356596,356601,5,0
356596,356598,356601,3,2
356596,356599,356601,2,3
356596,356596,356600,4,0
356596,356597,356600,3,1
356596,356600,356602,2,4
356596,356600,356602,2,4
356596,356596,356602,6,0
356596,356600,356602,2,4
356596,356596,356601,5,0
356596,356600,356602,2,4
356596,356599,356601,2,3
356596,356601,356602,1,5
356596,356601,356603,2,5
356596,356601,356602,1,5
356596,356601,356603,2,5
356596,356601,356602,1,5
356596,356601,356602,1,5
356596,356596,356606,10,0
356596,356596,356606,10,0
356613,356613,356614,1,0
356613,356613,356614,1,0
356613,356613,356614,1,0
356613,356613,356616,3,0
356613,356613,356616,3,0
356613,356613,356616,3,0
356613,356613,356616,3,0
356613,356613,356616,3,0
356613,356613,356616,3,0
356613,356613,356616,3,0
356613,356613,356617,4,0
356613,356613,356618,5,0
356613,356615,356618,3,2
356613,356615,356617,2,2
356613,356616,356618,2,3
356613,356616,356618,2,3
356613,356616,356618,2,3
356613,356613,356619,6,0
356613,356614,356618,4,1
356613,356616,356619,3,3
356613,356617,356618,1,4
356613,356617,356619,2,4
356613,356618,356619,1,5
356613,356613,356619,6,0
356613,356616,356619,3,3
356613,356617,356619,2,4
356613,356618,356619,1,5
356613,356618,356619,1,5
356613,356618,356619,1,5
356613,356613,356620,7,0
356613,356613,356621,8,0
356631,356632,356633,1,1
356631,356632,356633,1,1
356631,356632,356633,1,1
356631,356632,356634,2,1
356631,356632,356634,2,1
356631,356633,356635,2,2
356631,356632,356635,3,1
356631,356632,356635,3,1
356631,356632,356635,3,1
356631,356632,356635,3,1
356631,356632,356636,4,1
356631,356632,356636,4,1
356631,356632,356637,5,1
356631,356634,356636,2,3
356631,356635,356636,1,4
356631,356635,356636,1,4
356631,356632,356637,5,1
356631,356636,356637,1,5
356631,356637,356638,1,6
356631,356632,356637,5,1
356631,356636,356637,1,5
356631,356637,356638,1,6
356631,356632,356637,5,1
356631,356634,356637,3,3
356631,356636,356637,1,5
356631,356632,356637,5,1
356631,356636,356637,1,5
356631,356636,356637,1,5
356631,356637,356638,1,6
356631,356637,356638,1,6
356631,356637,356638,1,6
356643,356643,356644,1,0
356643,356643,356644,1,0
356643,356643,356645,2,0
356643,356643,356645,2,0
356643,356644,356646,2,1
356643,356643,356646,3,0
356643,356643,356646,3,0
356643,356644,356647,3,1
356643,356643,356647,4,0
356643,356643,356647,4,0
356643,356643,356647,4,0
356643,356643,356647,4,0
356643,356645,356647,2,2
356643,356643,356648,5,0
356643,356646,356648,2,3
356643,356643,356647,4,0
356643,356645,356648,3,2
356643,356646,356648,2,3
356643,356643,356648,5,0
356643,356646,356648,2,3
356643,356643,356648,5,0
356643,356643,356649,6,0
356643,356647,356649,2,4
356643,356647,356648,1,4
356643,356647,356649,2,4
356643,356647,356649,2,4
356643,356648,356649,1,5
356643,356647,356649,2,4
356643,356647,356649,2,4
356643,356648,356649,1,5
356643,356643,356651,8,0
356657,356657,356658,1,0
356657,356657,356658,1,0
356657,356657,356658,1,0
356657,356657,356660,3,0
356657,356657,356660,3,0
356657,356657,356659,2,0
356657,356657,356661,4,0
356657,356657,356660,3,0
356657,356658,356661,3,1
356657,356657,356661,4,0
356657,356657,356661,4,0
356657,356657,356662,5,0
356657,356659,356662,3,2
356657,356657,356662,5,0
356657,356657,356662,5,0
356657,356657,356662,5,0
356657,356659,356662,3,2
356657,356660,356662,2,3
356657,356657,356661,4,0
356657,356660,356662,2,3
356657,356657,356663,6,0
356657,356661,356663,2,4
356657,356661,356663,2,4
356657,356661,356663,2,4
356657,356661,356663,2,4
356657,356660,356662,2,3
356657,356661,356663,2,4
356657,356662,356664,2,5
356657,356662,356664,2,5
356657,356662,356663,1,5
356657,356662,356664,2,5
356671,356671,356672,1,0
356671,356671,356672,1,0
356671,356671,356672,1,0
356671,356671,356673,2,0
356671,356671,356674,3,0
356671,356671,356674,3,0
356671,356671,356674,3,0
356671,356672,356674,2,1
356671,356671,356674,3,0
356671,356673,356675,2,2
356671,356671,356675,4,0
356671,356671,356675,4,0
356671,356671,356675,4,0
356671,356673,356675,2,2
356671,356671,356675,4,0
356671,356671,356676,5,0
356671,356674,356676,2,3
356671,356671,356675,4,0
356671,356673,356676,3,2
356671,356674,356676,2,3
356671,356674,356676,2,3
356671,356671,356676,5,0
356671,356674,356676,2,3
356671,356674,356676,2,3
356671,356675,356676,1,4
356671,356675,356676,1,4
356671,356675,356677,2,4
356671,356675,356677,2,4
356671,356675,356677,2,4
356671,356675,356676,1,4
356671,356671,356677,6,0
356689,356689,356690,1,0
356689,356689,356690,1,0
356689,356689,356691,2,0
356689,356689,356690,1,0
356689,356689,356690,1,0
356689,356689,356691,2,0
356689,356689,356690,1,0
356689,356689,356691,2,0
356689,356689,356691,2,0
356689,356689,356691,2,0
356689,356689,356692,3,0
356689,356691,356692,1,2
356689,356691,356692,1,2
356689,356689,356692,3,0
356689,356691,356693,2,2
356689,356689,356693,4,0
356689,356691,356693,2,2
356689,356691,356692,1,2
356689,356689,356693,4,0
356689,356691,356692,1,2
356689,356691,356692,1,2
356689,356692,356693,1,3
356689,356692,356693,1,3
356689,356689,356693,4,0
356689,356692,356693,1,3
356689,356689,356694,5,0
356689,356693,356694,1,4
356689,356693,356694,1,4
356689,356693,356694,1,4
356689,356693,356694,1,4
356689,356693,356694,1,4
356700,356700,356702,2,0
356700,356701,356702,1,1
356700,356700,356702,2,0
356700,356701,356702,1,1
356700,356700,356703,3,0
356700,356701,356703,2,1
356700,356701,356704,3,1
356700,356701,356703,2,1
356700,356701,356704,3,1
356700,356701,356703,2,1
356700,356701,356704,3,1
356700,356701,356704,3,1
356700,356703,356705,2,3
356700,356703,356704,1,3
356700,356701,356705,4,1
356700,356703,356704,1,3
356700,356701,356705,4,1
356700,356704,356705,1,4
356700,356704,356705,1,4
356700,356703,356705,2,3
356700,356704,356705,1,4
356700,356705,356706,1,5
356700,356701,356706,5,1
356700,356704,356705,1,4
356700,356704,356705,1,4
356700,356704,356705,1,4
356700,356705,356706,1,5
356700,356705,356706,1,5
356700,356705,356706,1,5
356700,356705,356706,1,5
356700,356701,356706,5,1
356712,356712,356713,1,0
356712,356712,356713,1,0
356712,356712,356713,1,0
356712,356712,356713,1,0
356712,356712,356714,2,0
356712,356712,356715,3,0
356712,356712,356715,3,0
356712,356712,356714,2,0
356712,356712,356715,3,0
356712,356712,356715,3,0
356712,356712,356715,3,0
356712,356714,356716,2,2
356712,356714,356716,2,2
356712,356712,356716,4,0
356712,356712,356715,3,0
356712,356713,356716,3,1
356712,356712,356716,4,0
356712,356715,356717,2,3
356712,356715,356717,2,3
356712,356715,356717,2,3
356712,356714,356717,3,2
356712,356712,356716,4,0
356712,356715,356716,1,3
356712,356715,356716,1,3
356712,356712,356716,4,0
356712,356716,356717,1,4
356712,356716,356717,1,4
356712,356716,356717,1,4
356712,356716,356718,2,4
356712,356716,356717,1,4
356712,356716,356717,1,4
356724,356724,356726,2,0
356724,356724,356726,2,0
356724,356725,356726,1,1
356724,356724,356726,2,0
356724,356725,356726,1,1
356724,356725,356726,1,1
356724,356724,356727,3,0
356724,356725,356727,2,1
356724,356725,356727,2,1
356724,356724,356727,3,0
356724,356724,356727,3,0
356724,356727,356728,1,3
356724,356725,356728,3,1
356724,356725,356727,2,1
356724,356725,356728,3,1
356724,356724,356728,4,0
356724,356727,356728,1,3
356724,356725,356728,3,1
356724,356727,356728,1,3
356724,356728,356729,1,4
356724,356727,356729,2,3
356724,356728,356729,1,4
356724,356728,356729,1,4
356724,356729,356730,1,5
356724,356727,356729,2,3
356724,356728,356729,1,4
356724,356727,356729,2,3
356724,356728,356729,1,4
356724,356728,356729,1,4
356724,356728,356729,1,4
356724,356728,356729,1,4
356736,356736,356737,1,0
356736,356736,356737,1,0
356736,356736,356738,2,0
356736,356736,356738,2,0
356736,356736,356738,2,0
356736,356736,356738,2,0
356736,356736,356738,2,0
356736,356736,356738,2,0
356736,356736,356739,3,0
356736,356736,356739,3,0
356736,356736,356739,3,0
356736,356736,356739,3,0
356736,356736,356739,3,0
356736,356736,356739,3,0
356736,356736,356739,3,0
356736,356738,356739,1,2
356736,356736,356739,3,0
356736,356738,356740,2,2
356736,356739,356740,1,3
356736,356739,356740,1,3
356736,356739,356740,1,3
356736,356739,356740,1,3
356736,356739,356741,2,3
356736,356739,356741,2,3
356736,356740,356741,1,4
356736,356740,356741,1,4
356736,356740,356741,1,4
356736,356740,356741,1,4
356736,356740,356741,1,4
356736,356740,356741,1,4
356736,356740,356741,1,4
356746,356747,356748,1,1
356746,356747,356748,1,1
356746,356747,356748,1,1
356746,356747,356748,1,1
356746,356747,356749,2,1
356746,356747,356748,1,1
356746,356747,356748,1,1
356746,356748,356749,1,2
356746,356747,356749,2,1
356746,356747,356749,2,1
356746,356747,356749,2,1
356746,356747,356749,2,1
356746,356747,356750,3,1
356746,356747,356750,3,1
356746,356747,356750,3,1
356746,356749,356750,1,3
356746,356749,356751,2,3
356746,356749,356751,2,3
356746,356749,356750,1,3
356746,356747,356750,3,1
356746,356749,356750,1,3
356746,356749,356750,1,3
356746,356747,356751,4,1
356746,356750,356751,1,4
356746,356751,356752,1,5
356746,356750,356751,1,4
356746,356750,356751,1,4
356746,356750,356751,1,4
356746,356750,356751,1,4
356746,356751,356752,1,5
356746,356751,356752,1,5
356757,356758,356759,1,1
356757,356758,356759,1,1
356757,356758,356759,1,1
356757,356758,356759,1,1
356757,356758,356760,2,1
356757,356758,356760,2,1
356757,356758,356760,2,1
356757,356758,356760,2,1
356757,356759,356760,1,2
356757,356758,356760,2,1
356757,356759,356760,1,2
356757,356758,356760,2,1
356757,356758,356761,3,1
356757,356758,356761,3,1
356757,356760,356761,1,3
356757,356758,356761,3,1
356757,356758,356761,3,1
356757,356760,356761,1,3
356757,356761,356762,1,4
356757,356761,356762,1,4
356757,356761,356762,1,4
356757,356761,356762,1,4
356757,356761,356762,1,4
356757,356761,356762,1,4
356757,356762,356763,1,5
356757,356762,356763,1,5
356757,356760,356762,2,3
356757,356761,356762,1,4
356757,356758,356763,5,1
356757,356762,356763,1,5
356757,356758,356765,7,1
356770,356770,356771,1,0
356770,356770,356771,1,0
356770,356770,356771,1,0
356770,356770,356772,2,0
356770,356770,356772,2,0
356770,356770,356773,3,0
356770,356771,356773,2,1
356770,356770,356772,2,0
356770,356770,356773,3,0
356770,356770,356772,2,0
356770,356770,356773,3,0
356770,356770,356773,3,0
356770,356771,356773,2,1
356770,356770,356774,4,0
356770,356770,356774,4,0
356770,356772,356774,2,2
356770,356770,356774,4,0
356770,356773,356774,1,3
356770,356770,356773,3,0
356770,356772,356774,2,2
356770,356773,356774,1,3
356770,356773,356775,2,3
356770,356773,356774,1,3
356770,356773,356774,1,3
356770,356773,356775,2,3
356770,356773,356775,2,3
356770,356773,356774,1,3
356770,356774,356775,1,4
356770,356773,356774,1,3
356770,356774,356775,1,4
356770,356770,356778,8,0
356784,356784,356785,1,0
356784,356784,356785,1,0
356784,356784,356786,2,0
356784,356784,356785,1,0
356784,356784,356786,2,0
356784,356784,356786,2,0
356784,356784,356786,2,0
356784,356784,356786,2,0
356784,356784,356787,3,0
356784,356784,356786,2,0
356784,356784,356787,3,0
356784,356784,356786,2,0
356784,356784,356786,2,0
356784,356784,356787,3,0
356784,356785,356786,1,1
356784,356786,356788,2,2
356784,356786,356787,1,2
356784,356784,356787,3,0
356784,356786,356788,2,2
356784,356787,356788,1,3
356784,356786,356787,1,2
356784,356787,356788,1,3
356784,356787,356788,1,3
356784,356784,356788,4,0
356784,356787,356789,2,3
356784,356787,356788,1,3
356784,356787,356788,1,3
356784,356787,356789,2,3
356784,356787,356789,2,3
356784,356787,356788,1,3
356784,356787,356789,2,3
356798,356798,356799,1,0
356798,356798,356799,1,0
356798,356798,356800,2,0
356798,356798,356799,1,0
356798,356798,356800,2,0
356798,356798,356800,2,0
356798,356798,356801,3,0
356798,356798,356800,2,0
356798,356798,356800,2,0
356798,356799,356801,2,1
356798,356798,356801,3,0
356798,356798,356800,2,0
356798,356798,356801,3,0
356798,356798,356800,2,0
356798,356798,356800,2,0
356798,356798,356800,2,0
356798,356800,356802,2,2
356798,356800,356801,1,2
356798,356800,356801,1,2
356798,356801,356802,1,3
356798,356801,356802,1,3
356798,356801,356802,1,3
356798,356800,356801,1,2
356798,356800,356801,1,2
356798,356801,356802,1,3
356798,356801,356802,1,3
356798,356801,356802,1,3
356798,356801,356802,1,3
356798,356801,356802,1,3
356798,356801,356803,2,3
356798,356798,356803,5,0
356809,356809,356810,1,0
356809,356809,356811,2,0
356809,356809,356810,1,0
356809,356809,356810,1,0
356809,356809,356811,2,0
356809,356809,356811,2,0
356809,356809,356812,3,0
356809,356809,356811,2,0
356809,356809,356811,2,0
356809,356809,356812,3,0
356809,356809,356811,2,0
356809,356809,356812,3,0
356809,356809,356811,2,0
356809,356809,356813,4,0
356809,356811,356812,1,2
356809,356811,356812,1,2
356809,356809,356813,4,0
356809,356811,356812,1,2
356809,356812,356813,1,3
356809,356811,356812,1,2
356809,356809,356813,4,0
356809,356811,356812,1,2
356809,356812,356814,2,3
356809,356812,356813,1,3
356809,356813,356814,1,4
356809,356813,356814,1,4
356809,356812,356813,1,3
356809,356812,356813,1,3
356809,356812,356813,1,3
356809,356812,356813,1,3
356809,356812,356813,1,3
356819,356819,356820,1,0
356819,356819,356820,1,0
356819,356819,356820,1,0
356819,356819,356820,1,0
356819,356819,356821,2,0
356819,356819,356821,2,0
356819,356819,356820,1,0
356819,356819,356821,2,0
356819,356819,356821,2,0
356819,356819,356822,3,0
356819,356819,356821,2,0
356819,356820,356821,1,1
356819,356820,356821,1,1
356819,356819,356822,3,0
356819,356820,356821,1,1
356819,356819,356823,4,0
356819,356819,356822,3,0
356819,356821,356822,1,2
356819,356821,356823,2,2
356819,356821,356822,1,2
356819,356821,356822,1,2
356819,356819,356823,4,0
356819,356821,356822,1,2
356819,356821,356822,1,2
356819,356822,356823,1,3
356819,356822,356823,1,3
356819,356822,356823,1,3
356819,356822,356823,1,3
356819,356819,356824,5,0
356819,356822,356823,1,3
356819,356822,356823,1,3
356830,356830,356831,1,0
356830,356830,356831,1,0
356830,356830,356831,1,0
356830,356830,356832,2,0
356830,356830,356832,2,0
356830,356830,356832,2,0
356830,356830,356831,1,0
356830,356830,356832,2,0
356830,356830,356832,2,0
356830,356830,356832,2,0
356830,356830,356832,2,0
356830,356831,356832,1,1
356830,356830,356833,3,0
356830,356830,356833,3,0
356830,356831,356832,1,1
356830,356832,356833,1,2
356830,356832,356833,1,2
356830,356832,356834,2,2
356830,356832,356834,2,2
356830,356830,356834,4,0
356830,356832,356833,1,2
356830,356832,356833,1,2
356830,356832,356833,1,2
356830,356832,356833,1,2
356830,356833,356834,1,3
356830,356830,356835,5,0
356830,356833,356834,1,3
356830,356833,356835,2,3
356830,356833,356835,2,3
356830,356834,356835,1,4
356830,356830,356835,5,0
356842,356842,356843,1,0
356842,356842,356843,1,0
356842,356842,356843,1,0
356842,356842,356843,1,0
356842,356842,356843,1,0
356842,356842,356843,1,0
356842,356842,356844,2,0
356842,356842,356844,2,0
356842,356842,356844,2,0
356842,356842,356843,1,0
356842,356842,356843,1,0
356842,356842,356845,3,0
356842,356843,356844,1,1
356842,356844,356845,1,2
356842,356842,356845,3,0
356842,356843,356844,1,1
356842,356844,356845,1,2
356842,356843,356844,1,1
356842,356844,356845,1,2
356842,356844,356845,1,2
356842,356844,356845,1,2
356842,356844,356845,1,2
356842,356844,356845,1,2
356842,356844,356845,1,2
356842,356845,356846,1,3
356842,356842,356846,4,0
356842,356842,356847,5,0
356842,356842,356847,5,0
356842,356845,356846,1,3
356842,356845,356846,1,3
356842,356845,356847,2,3
356855,356855,356856,1,0
356855,356855,356856,1,0
356855,356855,356856,1,0
356855,356855,356857,2,0
356855,356855,356856,1,0
356855,356855,356857,2,0
356855,356855,356856,1,0
356855,356855,356856,1,0
356855,356855,356857,2,0
356855,356856,356857,1,1
356855,356855,356857,2,0
356855,356856,356857,1,1
356855,356855,356858,3,0
356855,356856,356857,1,1
356855,356855,356858,3,0
356855,356858,356859,1,3
356855,356858,356859,1,3
356855,356855,356858,3,0
356855,356857,356858,1,2
356855,356857,356858,1,2
356855,356858,356859,1,3
356855,356857,356858,1,2
356855,356857,356858,1,2
356855,356857,356858,1,2
356855,356855,356859,4,0
356855,356855,356860,5,0
356855,356858,356859,1,3
356855,356858,356859,1,3
356855,356858,356859,1,3
356855,356858,356859,1,3
356855,356855,356860,5,0
356866,356866,356867,1,0
356866,356866,356868,2,0
356866,356866,356867,1,0
356866,356866,356867,1,0
356866,356866,356867,1,0
356866,356866,356868,2,0
356866,356866,356868,2,0
356866,356866,356868,2,0
356866,356866,356868,2,0
356866,356866,356869,3,0
356866,356866,356869,3,0
356866,356866,356869,3,0
356866,356866,356869,3,0
356866,356866,356869,3,0
356866,356868,356869,1,2
356866,356868,356870,2,2
356866,356866,356870,4,0
356866,356868,356870,2,2
356866,356868,356869,1,2
356866,356868,356869,1,2
356866,356868,356870,2,2
356866,356868,356869,1,2
356866,356868,356870,2,2
356866,356868,356870,2,2
356866,356869,356870,1,3
356866,356866,356871,5,0
356866,356869,356870,1,3
356866,356869,356870,1,3
356866,356869,356871,2,3
356866,356870,356871,1,4
356866,356870,356871,1,4
356877,356877,356878,1,0
356877,356877,356878,1,0
356877,356877,356879,2,0
356877,356877,356878,1,0
356877,356877,356879,2,0
356877,356877,356878,1,0
356877,356877,356878,1,0
356877,356877,356878,1,0
356877,356877,356879,2,0
356877,356877,356880,3,0
356877,356878,356879,1,1
356877,356877,356880,3,0
356877,356879,356880,1,2
356877,356879,356880,1,2
356877,356879,356880,1,2
356877,356877,356880,3,0
356877,356877,356879,2,0
356877,356879,356880,1,2
356877,356880,356881,1,3
356877,356877,356881,4,0
356877,356879,356880,1,2
356877,356880,356881,1,3
356877,356879,356880,1,2
356877,356880,356881,1,3
356877,356880,356881,1,3
356877,356879,356880,1,2
356877,356880,356881,1,3
356877,356880,356881,1,3
356877,356880,356881,1,3
356877,356877,356882,5,0
356877,356877,356883,6,0
356889,356889,356890,1,0
356889,356889,356890,1,0
356889,356889,356891,2,0
356889,356889,356890,1,0
356889,356889,356891,2,0
356889,356889,356890,1,0
356889,356889,356891,2,0
356889,356889,356891,2,0
356889,356889,356891,2,0
356889,356889,356891,2,0
356889,356891,356892,1,2
356889,356889,356891,2,0
356889,356891,356892,1,2
356889,356891,356892,1,2
356889,356889,356892,3,0
356889,356890,356891,1,1
356889,356891,356892,1,2
356889,356889,356893,4,0
356889,356891,356892,1,2
356889,356892,356893,1,3
356889,356892,356893,1,3
356889,356891,356892,1,2
356889,356891,356892,1,2
356889,356892,356893,1,3
356889,356889,356892,3,0
356889,356891,356892,1,2
356889,356889,356893,4,0
356889,356892,356893,1,3
356889,356889,356893,4,0
356889,356892,356893,1,3
356889,356892,356893,1,3
356898,356898,356899,1,0
356898,356898,356899,1,0
356898,356898,356900,2,0
356898,356898,356899,1,0
356898,356898,356899,1,0
356898,356898,356900,2,0
356898,356898,356899,1,0
356898,356898,356899,1,0
356898,356898,356899,1,0
356898,356898,356900,2,0
356898,356898,356900,2,0
356898,356898,356901,3,0
356898,356899,356900,1,1
356898,356900,356901,1,2
356898,356900,356901,1,2
356898,356900,356901,1,2
356898,356898,356900,2,0
356898,356900,356901,1,2
356898,356900,356901,1,2
356898,356900,356901,1,2
356898,356898,356901,3,0
356898,356900,356901,1,2
356898,356901,356902,1,3
356898,356900,356901,1,2
356898,356900,356901,1,2
356898,356901,356902,1,3
356898,356901,356902,1,3
356898,356898,356903,5,0
356898,356898,356902,4,0
356898,356901,356902,1,3
356898,356901,356903,2,3
356909,356909,356910,1,0
356909,356909,356910,1,0
356909,356909,356910,1,0
356909,356909,356911,2,0
356909,356909,356911,2,0
356909,356910,356911,1,1
356909,356909,356910,1,0
356909,356909,356911,2,0
356909,356909,356911,2,0
356909,356909,356911,2,0
356909,356909,356912,3,0
356909,356909,356912,3,0
356909,356909,356911,2,0
356909,356911,356912,1,2
356909,356909,356912,3,0
356909,356909,356912,3,0
356909,356910,356912,2,1
356909,356911,356912,1,2
356909,356910,356912,2,1
356909,356911,356912,1,2
356909,356909,356913,4,0
356909,356911,356913,2,2
356909,356911,356913,2,2
356909,356911,356913,2,2
356909,356909,356913,4,0
356909,356913,356914,1,4
356909,356913,356914,1,4
356909,356913,356914,1,4
356909,356913,356914,1,4
356919,356919,356920,1,0
356919,356919,356920,1,0
356919,356919,356920,1,0
356919,356919,356920,1,0
356919,356919,356920,1,0
356919,356919,356920,1,0
356919,356919,356920,1,0
356919,356919,356920,1,0
356919,356919,356920,1,0
356919,356919,356920,1,0
356919,356919,356920,1,0
356919,356919,356920,1,0
356919,356920,356921,1,1
356919,356919,356921,2,0
356919,356919,356921,2,0
356919,356921,356922,1,2
356919,356921,356922,1,2
356919,356919,356922,3,0
356919,356921,356922,1,2
356919,356921,356922,1,2
356919,356921,356922,1,2
356919,356919,356921,2,0
356919,356920,356921,1,1
356919,356921,356922,1,2
356919,356921,356922,1,2
356919,356921,356922,1,2
356919,356921,356922,1,2
356919,356922,356923,1,3
356919,356922,356923,1,3
356919,356921,356922,1,2
356919,356921,356922,1,2
356928,356928,356929,1,0
356928,356928,356929,1,0
356928,356928,356929,1,0
356928,356928,356932,4,0
356928,356929,356932,3,1
356928,356928,356932,4,0
356928,356930,356933,3,2
356928,356928,356934,6,0
356928,356930,356933,3,2
356928,356933,356934,1,5
356928,356932,356934,2,4
356928,356933,356935,2,5
356928,356933,356935,2,5
356928,356928,356935,7,0
356928,356928,356935,7,0
356928,356928,356935,7,0
356928,356934,356935,1,6
356928,356928,356935,7,0
356928,356934,356935,1,6
356928,356928,356936,8,0
356928,356928,356936,8,0
356928,356928,356937,9,0
356928,356928,356936,8,0
356928,356935,356937,2,7
356928,356928,356937,9,0
356928,356935,356936,1,7
356928,356936,356937,1,8
356928,356928,356936,8,0
356928,356935,356936,1,7
356928,356936,356937,1,8
356928,356936,356937,1,8
356943,356943,356945,2,0
356943,356943,356944,1,0
356943,356943,356945,2,0
356943,356943,356947,4,0
356943,356945,356948,3,2
356943,356945,356949,4,2
356943,356945,356949,4,2
356943,356943,356950,7,0
356943,356943,356950,7,0
356943,356948,356950,2,5
356943,356943,356951,8,0
356943,356943,356951,8,0
356943,356943,356951,8,0
356943,356948,356951,3,5
356943,356943,356951,8,0
356943,356949,356951,2,6
356943,356943,356951,8,0
356943,356949,356951,2,6
356943,356943,356952,9,0
356943,356943,356951,8,0
356943,356951,356952,1,8
356943,356943,356952,9,0
356943,356951,356952,1,8
356943,356951,356952,1,8
356943,356952,356953,1,9
356943,356943,356953,10,0
356943,356943,356954,11,0
356943,356952,356953,1,9
356943,356952,356953,1,9
356943,356952,356953,1,9
356943,356952,356953,1,9
356963,356963,356964,1,0
356963,356963,356964,1,0
356963,356963,356964,1,0
356963,356965,356967,2,2
356963,356963,356967,4,0
356963,356965,356968,3,2
356963,356965,356968,3,2
356963,356963,356968,5,0
356963,356963,356970,7,0
356963,356969,356971,2,6
356963,356963,356971,8,0
356963,356963,356970,7,0
356963,356969,356971,2,6
356963,356963,356971,8,0
356963,356963,356970,7,0
356963,356968,356970,2,5
356963,356963,356971,8,0
356963,356968,356970,2,5
356963,356969,356970,1,6
356963,356963,356971,8,0
356963,356963,356972,9,0
356963,356963,356971,8,0
356963,356963,356972,9,0
356963,356971,356972,1,8
356963,356971,356972,1,8
356963,356971,356972,1,8
356963,356971,356972,1,8
356963,356971,356972,1,8
356963,356971,356972,1,8
356963,356971,356972,1,8
356963,356963,356973,10,0
356979,356979,356980,1,0
356979,356979,356980,1,0
356979,356979,356980,1,0
356979,356980,356983,3,1
356979,356979,356983,4,0
356979,356981,356983,2,2
356979,356979,356985,6,0
356979,356979,356986,7,0
356979,356981,356985,4,2
356979,356979,356985,6,0
356979,356979,356985,6,0
356979,356979,356986,7,0
356979,356984,356986,2,5
356979,356979,356986,7,0
356979,356984,356986,2,5
356979,356984,356986,2,5
356979,356985,356987,2,6
356979,356979,356988,9,0
356979,356986,356987,1,7
356979,356986,356987,1,7
356979,356979,356988,9,0
356979,356979,356987,8,0
356979,356986,356987,1,7
356979,356979,356987,8,0
356979,356986,356987,1,7
356979,356987,356988,1,8
356979,356987,356988,1,8
356979,356987,356988,1,8
356979,356979,356988,9,0
356979,356979,356989,10,0
356979,356987,356988,1,8
356995,356995,356996,1,0
356995,356995,356996,1,0
356995,356995,356996,1,0
356995,356995,357000,5,0
356995,356997,357001,4,2
356995,356997,357000,3,2
356995,356997,357000,3,2
356995,356995,357001,6,0
356995,356995,357001,6,0
356995,356995,357002,7,0
356995,356995,357001,6,0
356995,356995,357003,8,0
356995,357001,357003,2,6
356995,357001,357002,1,6
356995,356995,357002,7,0
356995,357001,357003,2,6
356995,356995,357004,9,0
356995,357001,357003,2,6
356995,357002,357003,1,7
356995,357002,357003,1,7
356995,356995,357003,8,0
356995,356995,357003,8,0
356995,357002,357003,1,7
356995,356995,357003,8,0
356995,357002,357003,1,7
356995,357003,357004,1,8
356995,357003,357004,1,8
356995,356995,357004,9,0
356995,357003,357004,1,8
356995,357003,357004,1,8
356995,356995,357005,10,0
357012,357012,357013,1,0
357012,357012,357014,2,0
357012,357012,357014,2,0
357012,357014,357017,3,2
357012,357012,357016,4,0
357012,357012,357018,6,0
357012,357014,357018,4,2
357012,357012,357018,6,0
357012,357012,357019,7,0
357012,357012,357020,8,0
357012,357012,357020,8,0
357012,357014,357020,6,2
357012,357018,357020,2,6
357012,357017,357020,3,5
357012,357012,357020,8,0
357012,357017,357020,3,5
357012,357018,357020,2,6
357012,357012,357021,9,0
357012,357012,357021,9,0
357012,357019,357021,2,7
357012,357012,357020,8,0
357012,357018,357021,3,6
357012,357012,357022,10,0
357012,357020,357022,2,8
357012,357020,357022,2,8
357012,357020,357021,1,8
357012,357020,357022,2,8
357012,357012,357022,10,0
357012,357020,357021,1,8
357012,357012,357022,10,0
357012,357021,357022,1,9
357027,357027,357028,1,0
357027,357027,357029,2,0
357027,357027,357029,2,0
357027,357027,357032,5,0
357027,357028,357032,4,1
357027,357027,357032,5,0
357027,357027,357033,6,0
357027,357029,357033,4,2
357027,357030,357033,3,3
357027,357027,357034,7,0
357027,357027,357034,7,0
357027,357033,357034,1,6
357027,357032,357035,3,5
357027,357033,357035,2,6
357027,357027,357035,8,0
357027,357032,357035,3,5
357027,357027,357035,8,0
357027,357034,357035,1,7
357027,357034,357035,1,7
357027,357027,357036,9,0
357027,357027,357036,9,0
357027,357035,357036,1,8
357027,357027,357036,9,0
357027,357035,357036,1,8
357027,357027,357036,9,0
357027,357035,357036,1,8
357027,357036,357037,1,9
357027,357036,357037,1,9
357027,357027,357037,10,0
357027,357036,357037,1,9
357027,357027,357037,10,0
357043,357043,357045,2,0
357043,357043,357044,1,0
357043,357043,357044,1,0
357043,357045,357048,3,2
357043,357045,357048,3,2
357043,357043,357048,5,0
357043,357043,357048,5,0
357043,357043,357048,5,0
357043,357043,357049,6,0
357043,357045,357049,4,2
357043,357043,357050,7,0
357043,357043,357051,8,0
357043,357049,357051,2,6
357043,357043,357051,8,0
357043,357048,357050,2,5
357043,357043,357051,8,0
357043,357049,357051,2,6
357043,357043,357051,8,0
357043,357043,357051,8,0
357043,357048,357051,3,5
357043,357049,357051,2,6
357043,357043,357051,8,0
357043,357050,357052,2,7
357043,357050,357052,2,7
357043,357050,357052,2,7
357043,357043,357053,10,0
357043,357051,357052,1,8
357043,357051,357053,2,8
357043,357051,357053,2,8
357043,357043,357052,9,0
357043,357051,357052,1,8
357059,357059,357061,2,0
357059,357059,357061,2,0
357059,357060,357061,1,1
357059,357059,357064,5,0
357059,357060,357064,4,1
357059,357062,357064,2,3
357059,357060,357065,5,1
357059,357062,357065,3,3
357059,357062,357065,3,3
357059,357060,357066,6,1
357059,357060,357067,7,1
357059,357060,357067,7,1
357059,357065,357067,2,6
357059,357065,357067,2,6
357059,357066,357068,2,7
357059,357066,357068,2,7
357059,357060,357067,7,1
357059,357060,357067,7,1
357059,357066,357067,1,7
357059,357060,357067,7,1
357059,357060,357067,7,1
357059,357065,357067,2,6
357059,357068,357069,1,9
357059,357060,357068,8,1
357059,357067,357068,1,8
357059,357067,357068,1,8
357059,357060,357069,9,1
357059,357068,357069,1,9
357059,357068,357069,1,9
357059,357068,357069,1,9
357059,357060,357069,9,1
357075,357075,357077,2,0
357075,357075,357077,2,0
357075,357075,357077,2,0
357075,357076,357080,4,1
357075,357078,357080,2,3
357075,357076,357081,5,1
357075,357076,357081,5,1
357075,357078,357081,3,3
357075,357076,357083,7,1
357075,357078,357082,4,3
357075,357076,357082,6,1
357075,357076,357083,7,1
357075,357076,357083,7,1
357075,357076,357083,7,1
357075,357081,357083,2,6
357075,357075,357083,8,0
357075,357076,357083,7,1
357075,357081,357083,2,6
357075,357082,357083,1,7
357075,357082,357083,1,7
357075,357076,357084,8,1
357075,357083,357084,1,8
357075,357083,357084,1,8
357075,357084,357085,1,9
357075,357082,357084,2,7
357075,357083,357084,1,8
357075,357075,357084,9,0
357075,357083,357084,1,8
357075,357076,357085,9,1
357075,357084,357085,1,9
357075,357084,357085,1,9
357091,357091,357093,2,0
357091,357091,357092,1,0
357091,357091,357092,1,0
357091,357091,357096,5,0
357091,357093,357096,3,2
357091,357093,357097,4,2
357091,357091,357097,6,0
357091,357091,357096,5,0
357091,357091,357097,6,0
357091,357091,357098,7,0
357091,357096,357098,2,5
357091,357091,357098,7,0
357091,357093,357098,5,2
357091,357091,357098,7,0
357091,357091,357099,8,0
357091,357097,357099,2,6
357091,357091,357099,8,0
357091,357091,357098,7,0
357091,357091,357098,7,0
357091,357097,357099,2,6
357091,357091,357099,8,0
357091,357096,357098,2,5
357091,357097,357099,2,6
357091,357091,357099,8,0
357091,357098,357099,1,7
357091,357098,357099,1,7
357091,357098,357099,1,7
357091,357098,357099,1,7
357091,357098,357100,2,7
357091,357098,357099,1,7
357091,357099,357100,1,8
357108,357108,357109,1,0
357108,357108,357110,2,0
357108,357108,357110,2,0
357108,357108,357113,5,0
357108,357110,357113,3,2
357108,357108,357114,6,0
357108,357108,357115,7,0
357108,357108,357115,7,0
357108,357113,357115,2,5
357108,357108,357114,6,0
357108,357110,357114,4,2
357108,357108,357115,7,0
357108,357108,357115,7,0
357108,357110,357115,5,2
357108,357108,357115,7,0
357108,357108,357116,8,0
357108,357114,357116,2,6
357108,357108,357116,8,0
357108,357108,357116,8,0
357108,357108,357116,8,0
357108,357115,357116,1,7
357108,357116,357117,1,8
357108,357115,357117,2,7
357108,357115,357117,2,7
357108,357108,357117,9,0
357108,357115,357117,2,7
357108,357115,357117,2,7
357108,357115,357117,2,7
357108,357115,357117,2,7
357108,357115,357117,2,7
357108,357115,357117,2,7
357129,357129,357131,2,0
357129,357129,357131,2,0
357129,357129,357131,2,0
357129,357129,357134,5,0
357129,357129,357135,6,0
357129,357129,357135,6,0
357129,357131,357135,4,2
357129,357131,357135,4,2
357129,357129,357136,7,0
357129,357129,357136,7,0
357129,357131,357136,5,2
357129,357129,357136,7,0
357129,357129,357135,6,0
357129,357129,357137,8,0
357129,357129,357137,8,0
357129,357129,357137,8,0
357129,357129,357137,8,0
357129,357135,357137,2,6
357129,357135,357137,2,6
357129,357129,357137,8,0
357129,357135,357137,2,6
357129,357129,357137,8,0
357129,357135,357137,2,6
357129,357135,357138,3,6
357129,357136,357138,2,7
357129,357137,357138,1,8
357129,357137,357138,1,8
357129,357137,357138,1,8
357129,357137,357138,1,8
357129,357138,357139,1,9
357129,357138,357139,1,9
357145,357145,357146,1,0
357145,357145,357147,2,0
357145,357145,357147,2,0
357145,357147,357150,3,2
357145,357145,357150,5,0
357145,357145,357150,5,0
357145,357147,357151,4,2
357145,357145,357150,5,0
357145,357147,357151,4,2
357145,357145,357151,6,0
357145,357145,357152,7,0
357145,357145,357152,7,0
357145,357145,357151,6,0
357145,357145,357153,8,0
357145,357151,357153,2,6
357145,357151,357153,2,6
357145,357145,357153,8,0
357145,357150,357153,3,5
357145,357151,357153,2,6
357145,357145,357153,8,0
357145,357145,357153,8,0
357145,357151,357153,2,6
357145,357151,357153,2,6
357145,357152,357154,2,7
357145,357145,357154,9,0
357145,357152,357154,2,7
357145,357151,357153,2,6
357145,357152,357154,2,7
357145,357145,357155,10,0
357145,357153,357155,2,8
357145,357153,357154,1,8
357161,357161,357163,2,0
357161,357161,357163,2,0
357161,357161,357163,2,0
357161,357162,357167,5,1
357161,357162,357167,5,1
357161,357162,357167,5,1
357161,357164,357167,3,3
357161,357162,357168,6,1
357161,357162,357167,5,1
357161,357164,357168,4,3
357161,357162,357168,6,1
357161,357164,357168,4,3
357161,357162,357169,7,1
357161,357161,357169,8,0
357161,357168,357170,2,7
357161,357162,357169,7,1
357161,357162,357169,7,1
357161,357168,357169,1,7
357161,357168,357169,1,7
357161,357168,357170,2,7
357161,357168,357170,2,7
357161,357168,357171,3,7
357161,357169,357170,1,8
357161,357169,357170,1,8
357161,357169,357170,1,8
357161,357161,357171,10,0
357161,357170,357171,1,9
357161,357161,357172,11,0
357161,357170,357171,1,9
357161,357161,357171,10,0
357161,357170,357171,1,9
357178,357178,357180,2,0
357178,357178,357179,1,0
357178,357178,357179,1,0
357178,357178,357183,5,0
357178,357178,357183,5,0
357178,357178,357183,5,0
357178,357178,357184,6,0
357178,357178,357184,6,0
357178,357178,357183,5,0
357178,357178,357184,6,0
357178,357180,357184,4,2
357178,357180,357183,3,2
357178,357180,357185,5,2
357178,357178,357185,7,0
357178,357183,357185,2,5
357178,357184,357186,2,6
357178,357184,357186,2,6
357178,357183,357186,3,5
357178,357184,357186,2,6
357178,357183,357186,3,5
357178,357184,357185,1,6
357178,357178,357186,8,0
357178,357178,357186,8,0
357178,357184,357186,2,6
357178,357185,357186,1,7
357178,357184,357186,2,6
357178,357185,357186,1,7
357178,357185,357186,1,7
357178,357178,357188,10,0
357178,357178,357188,10,0
357178,357178,357188,10,0
357194,357194,357195,1,0
357194,357194,357195,1,0
357194,357194,357195,1,0
357194,357194,357198,4,0
357194,357196,357198,2,2
357194,357194,357198,4,0
357194,357196,357199,3,2
357194,357194,357199,5,0
357194,357195,357199,4,1
357194,357194,357199,5,0
357194,357194,357199,5,0
357194,357194,357200,6,0
357194,357194,357201,7,0
357194,357194,357200,6,0
357194,357199,357201,2,5
357194,357200,357202,2,6
357194,357200,357202,2,6
357194,357199,357201,2,5
357194,357200,357202,2,6
357194,357199,357201,2,5
357194,357200,357201,1,6
357194,357200,357201,1,6
357194,357194,357202,8,0
357194,357201,357202,1,7
357194,357194,357202,8,0
357194,357201,357202,1,7
357194,357201,357202,1,7
357194,357201,357202,1,7
357194,357194,357203,9,0
357194,357194,357204,10,0
357194,357194,357204,10,0
357210,357210,357212,2,0
357210,357210,357212,2,0
357210,357210,357212,2,0
357210,357211,357215,4,1
357210,357213,357215,2,3
357210,357211,357216,5,1
357210,357211,357216,5,1
357210,357213,357216,3,3
357210,357211,357216,5,1
357210,357211,357217,6,1
357210,357211,357217,6,1
357210,357213,357218,5,3
357210,357217,357218,1,7
357210,357217,357218,1,7
357210,357210,357219,9,0
357210,357216,357218,2,6
357210,357217,357218,1,7
357210,357216,357218,2,6
357210,357217,357219,2,7
357210,357211,357219,8,1
357210,357218,357219,1,8
357210,357218,357219,1,8
357210,357210,357221,11,0
357210,357210,357220,10,0
357210,357219,357220,1,9
357210,357210,357221,11,0
357210,357219,357220,1,9
357210,357210,357220,10,0
357210,357210,357220,10,0
357210,357219,357220,1,9
357210,357219,357220,1,9
357227,357227,357228,1,0
357227,357227,357228,1,0
357227,357227,357228,1,0
357227,357227,357232,5,0
357227,357227,357231,4,0
357227,357227,357232,5,0
357227,357227,357232,5,0
357227,357229,357232,3,2
357227,357229,357233,4,2
357227,357227,357232,5,0
357227,357229,357233,4,2
357227,357232,357234,2,5
357227,357227,357234,7,0
357227,357233,357235,2,6
357227,357232,357234,2,5
357227,357233,357234,1,6
357227,357233,357235,2,6
357227,357233,357235,2,6
357227,357234,357235,1,7
357227,357227,357236,9,0
357227,357233,357235,2,6
357227,357227,357236,9,0
357227,357227,357235,8,0
357227,357234,357235,1,7
357227,357227,357236,9,0
357227,357235,357236,1,8
357227,357227,357236,9,0
357227,357235,357236,1,8
357227,357235,357236,1,8
357227,357227,357236,9,0
357227,357227,357237,10,0
357244,357244,357245,1,0
357244,357244,357245,1,0
357244,357244,357245,1,0
357244,357246,357249,3,2
357244,357245,357249,4,1
357244,357244,357249,5,0
357244,357244,357249,5,0
357244,357244,357249,5,0
357244,357246,357249,3,2
357244,357244,357250,6,0
357244,357244,357251,7,0
357244,357244,357251,7,0
357244,357250,357252,2,6
357244,357250,357252,2,6
357244,357244,357253,9,0
357244,357244,357252,8,0
357244,357250,357252,2,6
357244,357250,357252,2,6
357244,357251,357252,1,7
357244,357250,357252,2,6
357244,357244,357252,8,0
357244,357244,357252,8,0
357244,357250,357252,2,6
357244,357244,357254,10,0
357244,357244,357253,9,0
357244,357252,357253,1,8
357244,357244,357253,9,0
357244,357252,357253,1,8
357244,357252,357253,1,8
357244,357252,357253,1,8
357244,357253,357254,1,9
357260,357260,357261,1,0
357260,357260,357262,2,0
357260,357260,357262,2,0
357260,357260,357266,6,0
357260,357262,357266,4,2
357260,357262,357266,4,2
357260,357260,357266,6,0
357260,357260,357266,6,0
357260,357262,357266,4,2
357260,357260,357268,8,0
357260,357260,357268,8,0
357260,357260,357268,8,0
357260,357260,357268,8,0
357260,357260,357267,7,0
357260,357266,357268,2,6
357260,357260,357269,9,0
357260,357266,357269,3,6
357260,357260,357269,9,0
357260,357260,357269,9,0
357260,357266,357269,3,6
357260,357266,357268,2,6
357260,357266,357269,3,6
357260,357266,357268,2,6
357260,357268,357270,2,8
357260,357268,357270,2,8
357260,357260,357270,10,0
357260,357269,357270,1,9
357260,357260,357270,10,0
357260,357269,357270,1,9
357260,357269,357270,1,9
357260,357269,357270,1,9
357277,357277,357279,2,0
357277,357277,357279,2,0
357277,357277,357279,2,0
357277,357280,357283,3,3
357277,357277,357283,6,0
357277,357277,357283,6,0
357277,357277,357283,6,0
357277,357279,357283,4,2
357277,357279,357284,5,2
357277,357277,357284,7,0
357277,357277,357284,7,0
357277,357277,357284,7,0
357277,357277,357285,8,0
357277,357277,357286,9,0
357277,357283,357285,2,6
357277,357277,357286,9,0
357277,357284,357286,2,7
357277,357284,357286,2,7
357277,357284,357286,2,7
357277,357285,357286,1,8
357277,357284,357286,2,7
357277,357285,357286,1,8
357277,357285,357286,1,8
357277,357277,357286,9,0
357277,357285,357286,1,8
357277,357277,357287,10,0
357277,357286,357287,1,9
357277,357277,357287,10,0
357277,357286,357287,1,9
357277,357286,357287,1,9
357277,357277,357289,12,0
357297,357297,357299,2,0
357297,357297,357299,2,0
357297,357297,357298,1,0
357297,357297,357302,5,0
357297,357299,357302,3,2
357297,357297,357303,6,0
357297,357297,357304,7,0
357297,357297,357304,7,0
357297,357299,357303,4,2
357297,357297,357304,7,0
357297,357297,357305,8,0
357297,357297,357305,8,0
357297,357302,357305,3,5
357297,357297,357305,8,0
357297,357302,357305,3,5
357297,357297,357306,9,0
357297,357299,357306,7,2
357297,357304,357306,2,7
357297,357304,357306,2,7
357297,357305,357306,1,8
357297,357297,357306,9,0
357297,357304,357306,2,7
357297,357297,357307,10,0
357297,357305,357306,1,8
357297,357297,357307,10,0
357297,357297,357307,10,0
357297,357306,357307,1,9
357297,357306,357307,1,9
357297,357306,357307,1,9
357297,357306,357307,1,9
357297,357306,357307,1,9
357312,357313,357314,1,1
357312,357313,357314,1,1
357312,357313,357314,1,1
357312,357315,357317,2,3
357312,357313,357317,4,1
357312,357313,357319,6,1
357312,357315,357318,3,3
357312,357313,357318,5,1
357312,357313,357319,6,1
357312,357313,357319,6,1
357312,357315,357320,5,3
357312,357313,357321,8,1
357312,357318,357321,3,6
357312,357319,357321,2,7
357312,357313,357320,7,1
357312,357318,357320,2,6
357312,357313,357322,9,1
357312,357319,357321,2,7
357312,357319,357321,2,7
357312,357320,357321,1,8
357312,357313,357321,8,1
357312,357320,357321,1,8
357312,357313,357322,9,1
357312,357313,357322,9,1
357312,357313,357322,9,1
357312,357321,357322,1,9
357312,357321,357322,1,9
357312,357321,357322,1,9
357312,357321,357322,1,9
357312,357313,357322,9,1
357312,357321,357322,1,9
357328,357329,357330,1,1
357328,357328,357330,2,0
357328,357328,357330,2,0
357328,357329,357333,4,1
357328,357331,357333,2,3
357328,357330,357334,4,2
357328,357329,357334,5,1
357328,357328,357334,6,0
357328,357329,357334,5,1
357328,357329,357335,6,1
357328,357329,357336,7,1
357328,357329,357336,7,1
357328,357331,357336,5,3
357328,357334,357336,2,6
357328,357335,357336,1,7
357328,357334,357336,2,6
357328,357335,357336,1,7
357328,357334,357336,2,6
357328,357329,357337,8,1
357328,357335,357337,2,7
357328,357336,357337,1,8
357328,357336,357337,1,8
357328,357337,357338,1,9
357328,357337,357338,1,9
357328,357329,357338,9,1
357328,357337,357338,1,9
357328,357329,357338,9,1
357328,357329,357338,9,1
357328,357337,357338,1,9
357328,357329,357339,10,1
357328,357329,357338,9,1
357350,357350,357351,1,0
357350,357350,357351,1,0
357350,357350,357351,1,0
357350,357350,357354,4,0
357350,357350,357355,5,0
357350,357351,357355,4,1
357350,357350,357355,5,0
357350,357350,357355,5,0
357350,357352,357355,3,2
357350,357350,357356,6,0
357350,357352,357356,4,2
357350,357356,357358,2,6
357350,357350,357357,7,0
357350,357355,357357,2,5
357350,357355,357357,2,5
357350,357356,357358,2,6
357350,357357,357358,1,7
357350,357350,357359,9,0
357350,357356,357358,2,6
357350,357357,357358,1,7
357350,357356,357358,2,6
357350,357350,357359,9,0
357350,357350,357360,10,0
357350,357350,357359,9,0
357350,357350,357360,10,0
357350,357350,357359,9,0
357350,357358,357359,1,8
357350,357350,357359,9,0
357350,357358,357359,1,8
357350,357358,357359,1,8
357350,357358,357359,1,8
357366,357366,357367,1,0
357366,357366,357367,1,0
357366,357366,357368,2,0
357366,357366,357371,5,0
357366,357366,357371,5,0
357366,357367,357371,4,1
357366,357367,357372,5,1
357366,357366,357372,6,0
357366,357368,357372,4,2
357366,357371,357373,2,5
357366,357366,357373,7,0
357366,357366,357373,7,0
357366,357366,357373,7,0
357366,357371,357374,3,5
357366,357371,357373,2,5
357366,357372,357374,2,6
357366,357372,357374,2,6
357366,357372,357373,1,6
357366,357366,357374,8,0
357366,357366,357375,9,0
357366,357373,357375,2,7
357366,357373,357375,2,7
357366,357373,357375,2,7
357366,357374,357375,1,8
357366,357374,357375,1,8
357366,357366,357376,10,0
357366,357366,357376,10,0
357366,357366,357376,10,0
357366,357374,357375,1,8
357366,357366,357376,10,0
357366,357366,357376,10,0
357382,357382,357383,1,0
357382,357382,357383,1,0
357382,357382,357384,2,0
357382,357382,357387,5,0
357382,357383,357387,4,1
357382,357382,357387,5,0
357382,357382,357387,5,0
357382,357383,357387,4,1
357382,357382,357387,5,0
357382,357382,357389,7,0
357382,357382,357388,6,0
357382,357384,357389,5,2
357382,357387,357389,2,5
357382,357387,357389,2,5
357382,357382,357390,8,0
357382,357388,357390,2,6
357382,357382,357389,7,0
357382,357387,357390,3,5
357382,357387,357390,3,5
357382,357388,357390,2,6
357382,357389,357391,2,7
357382,357389,357391,2,7
357382,357389,357391,2,7
357382,357389,357391,2,7
357382,357390,357391,1,8
357382,357390,357391,1,8
357382,357382,357392,10,0
357382,357382,357392,10,0
357382,357382,357392,10,0
357382,357382,357392,10,0
357382,357382,357393,11,0
357403,357403,357405,2,0
357403,357403,357405,2,0
357403,357403,357405,2,0
357403,357403,357408,5,0
357403,357403,357408,5,0
357403,357403,357408,5,0
357403,357403,357409,6,0
357403,357405,357409,4,2
357403,357405,357409,4,2
357403,357403,357409,6,0
357403,357406,357409,3,3
357403,357403,357410,7,0
357403,357403,357410,7,0
357403,357403,357410,7,0
357403,357403,357410,7,0
357403,357408,357411,3,5
357403,357409,357411,2,6
357403,357408,357411,3,5
357403,357410,357411,1,7
357403,357409,357411,2,6
357403,357410,357411,1,7
357403,357410,357411,1,7
357403,357410,357411,1,7
357403,357411,357412,1,8
357403,357411,357412,1,8
357403,357411,357412,1,8
357403,357403,357412,9,0
357403,357411,357412,1,8
357403,357403,357413,10,0
357403,357403,357413,10,0
357403,357403,357414,11,0
357419,357419,357420,1,0
357419,357419,357420,1,0
357419,357419,357420,1,0
357419,357419,357424,5,0
357419,357419,357424,5,0
357419,357419,357424,5,0
357419,357419,357423,4,0
357419,357419,357425,6,0
357419,357419,357424,5,0
357419,357421,357425,4,2
357419,357419,357425,6,0
357419,357421,357425,4,2
357419,357419,357426,7,0
357419,357421,357426,5,2
357419,357424,357426,2,5
357419,357425,357426,1,6
357419,357419,357426,7,0
357419,357424,357427,3,5
357419,357425,357427,2,6
357419,357425,357427,2,6
357419,357425,357427,2,6
357419,357424,357427,3,5
357419,357424,357426,2,5
357419,357425,357426,1,6
357419,357426,357427,1,7
357419,357426,357427,1,7
357419,357426,357428,2,7
357419,357419,357429,10,0
357419,357419,357429,10,0
357419,357419,357429,10,0
357419,357419,357429,10,0
357434,357434,357435,1,0
357434,357434,357435,1,0
357434,357434,357435,1,0
357434,357434,357439,5,0
357434,357434,357438,4,0
357434,357434,357438,4,0
357434,357434,357438,4,0
357434,357436,357439,3,2
357434,357434,357439,5,0
357434,357436,357440,4,2
357434,357436,357439,3,2
357434,357434,357440,6,0
357434,357439,357440,1,5
357434,357439,357441,2,5
357434,357439,357441,2,5
357434,357440,357441,1,6
357434,357439,357441,2,5
357434,357440,357441,1,6
357434,357439,357441,2,5
357434,357439,357441,2,5
357434,357440,357441,1,6
357434,357441,357442,1,7
357434,357434,357442,8,0
357434,357434,357442,8,0
357434,357441,357442,1,7
357434,357434,357443,9,0
357434,357434,357443,9,0
357434,357442,357443,1,8
357434,357434,357444,10,0
357434,357434,357443,9,0
357434,357434,357444,10,0
357449,357449,357450,1,0
357449,357449,357451,2,0
357449,357449,357450,1,0
357449,357449,357453,4,0
357449,357449,357453,4,0
357449,357450,357453,3,1
357449,357451,357454,3,2
357449,357451,357454,3,2
357449,357449,357454,5,0
357449,357449,357454,5,0
357449,357449,357455,6,0
357449,357449,357456,7,0
357449,357449,357456,7,0
357449,357454,357456,2,5
357449,357455,357457,2,6
357449,357449,357457,8,0
357449,357454,357456,2,5
357449,357455,357456,1,6
357449,357454,357456,2,5
357449,357455,357456,1,6
357449,357454,357456,2,5
357449,357457,357458,1,8
357449,357456,357457,1,7
357449,357456,357458,2,7
357449,357456,357457,1,7
357449,357449,357459,10,0
357449,357449,357458,9,0
357449,357449,357458,9,0
357449,357457,357458,1,8
357449,357449,357459,10,0
357449,357449,357459,10,0
357465,357465,357466,1,0
357465,357465,357466,1,0
357465,357465,357466,1,0
357465,357465,357469,4,0
357465,357465,357469,4,0
357465,357466,357470,4,1
357465,357465,357470,5,0
357465,357467,357470,3,2
357465,357465,357471,6,0
357465,357467,357470,3,2
357465,357465,357471,6,0
357465,357470,357472,2,5
357465,357470,357472,2,5
357465,357465,357473,8,0
357465,357470,357472,2,5
357465,357471,357473,2,6
357465,357465,357473,8,0
357465,357465,357472,7,0
357465,357471,357472,1,6
357465,357469,357472,3,4
357465,357470,357472,2,5
357465,357472,357473,1,7
357465,357465,357474,9,0
357465,357473,357474,1,8
357465,357472,357473,1,7
357465,357465,357474,9,0
357465,357465,357475,10,0
357465,357465,357475,10,0
357465,357473,357474,1,8
357465,357473,357474,1,8
357465,357465,357475,10,0
357481,357481,357482,1,0
357481,357481,357482,1,0
357481,357481,357483,2,0
357481,357481,357485,4,0
357481,357481,357486,5,0
357481,357482,357486,4,1
357481,357481,357486,5,0
357481,357483,357486,3,2
357481,357483,357486,3,2
357481,357481,357486,5,0
357481,357481,357487,6,0
357481,357481,357488,7,0
357481,357486,357488,2,5
357481,357481,357488,7,0
357481,357487,357488,1,6
357481,357486,357489,3,5
357481,357486,357489,3,5
357481,357481,357489,8,0
357481,357486,357489,3,5
357481,357487,357489,2,6
357481,357486,357489,3,5
357481,357481,357489,8,0
357481,357488,357489,1,7
357481,357489,357490,1,8
357481,357489,357490,1,8
357481,357489,357490,1,8
357481,357481,357491,10,0
357481,357481,357491,10,0
357481,357481,357491,10,0
357481,357481,357491,10,0
357481,357489,357491,2,8
357499,357499,357500,1,0
357499,357499,357500,1,0
357499,357499,357500,1,0
357499,357499,357502,3,0
357499,357499,357503,4,0
357499,357499,357504,5,0
357499,357501,357504,3,2
357499,357499,357503,4,0
357499,357501,357504,3,2
357499,357501,357504,3,2
357499,357499,357505,6,0
357499,357499,357505,6,0
357499,357504,357506,2,5
357499,357503,357505,2,4
357499,357504,357506,2,5
357499,357499,357506,7,0
357499,357505,357506,1,6
357499,357504,357506,2,5
357499,357505,357506,1,6
357499,357499,357507,8,0
357499,357504,357506,2,5
357499,357499,357507,8,0
357499,357499,357507,8,0
357499,357506,357507,1,7
357499,357506,357507,1,7
357499,357506,357507,1,7
357499,357506,357508,2,7
357499,357506,357507,1,7
357499,357499,357509,10,0
357499,357499,357509,10,0
357499,357499,357509,10,0
357514,357514,357515,1,0
357514,357514,357515,1,0
357514,357514,357515,1,0
357514,357514,357519,5,0
357514,357514,357518,4,0
357514,357514,357518,4,0
357514,357514,357519,5,0
357514,357516,357519,3,2
357514,357516,357519,3,2
357514,357516,357519,3,2
357514,357514,357520,6,0
357514,357519,357521,2,5
357514,357514,357520,6,0
357514,357519,357521,2,5
357514,357519,357521,2,5
357514,357514,357521,7,0
357514,357520,357521,1,6
357514,357514,357522,8,0
357514,357519,357521,2,5
357514,357520,357521,1,6
357514,357514,357521,7,0
357514,357519,357521,2,5
357514,357514,357523,9,0
357514,357521,357522,1,7
357514,357521,357522,1,7
357514,357521,357522,1,7
357514,357521,357522,1,7
357514,357514,357522,8,0
357514,357521,357522,1,7
357514,357514,357524,10,0
357514,357514,357524,10,0
357529,357529,357530,1,0
357529,357529,357530,1,0
357529,357529,357531,2,0
357529,357529,357534,5,0
357529,357529,357534,5,0
357529,357531,357534,3,2
357529,357531,357534,3,2
357529,357529,357535,6,0
357529,357531,357534,3,2
357529,357529,357534,5,0
357529,357529,357536,7,0
357529,357529,357536,7,0
357529,357534,357536,2,5
357529,357535,357536,1,6
357529,357529,357537,8,0
357529,357535,357537,2,6
357529,357535,357537,2,6
357529,357529,357537,8,0
357529,357534,357537,3,5
357529,357535,357537,2,6
357529,357529,357537,8,0
357529,357534,357537,3,5
357529,357529,357538,9,0
357529,357537,357538,1,8
357529,357537,357538,1,8
357529,357537,357538,1,8
357529,357529,357538,9,0
357529,357537,357538,1,8
357529,357529,357539,10,0
357529,357538,357539,1,9
357529,357529,357539,10,0
357545,357546,357547,1,1
357545,357546,357547,1,1
357545,357546,357549,3,1
357545,357547,357550,3,2
357545,357546,357550,4,1
357545,357548,357550,2,3
357545,357546,357550,4,1
357545,357548,357551,3,3
357545,357546,357551,5,1
357545,357546,357551,5,1
357545,357546,357552,6,1
357545,357551,357553,2,6
357545,357551,357552,1,6
357545,357551,357552,1,6
357545,357550,357552,2,5
357545,357551,357553,2,6
357545,357546,357553,7,1
357545,357546,357554,8,1
357545,357552,357553,1,7
357545,357546,357553,7,1
357545,357546,357554,8,1
357545,357552,357553,1,7
357545,357546,357553,7,1
357545,357552,357553,1,7
357545,357546,357554,8,1
357545,357553,357554,1,8
357545,357553,357554,1,8
357545,357553,357554,1,8
357545,357553,357554,1,8
357545,357546,357556,10,1
357566,357566,357567,1,0
357566,357566,357567,1,0
357566,357566,357567,1,0
357566,357566,357571,5,0
357566,357566,357571,5,0
357566,357566,357570,4,0
357566,357568,357571,3,2
357566,357567,357571,4,1
357566,357566,357571,5,0
357566,357568,357571,3,2
357566,357566,357572,6,0
357566,357571,357573,2,5
357566,357571,357573,2,5
357566,357566,357573,7,0
357566,357566,357573,7,0
357566,357571,357573,2,5
357566,357566,357574,8,0
357566,357571,357573,2,5
357566,357571,357573,2,5
357566,357566,357574,8,0
357566,357572,357574,2,6
357566,357572,357574,2,6
357566,357566,357574,8,0
357566,357566,357574,8,0
357566,357566,357574,8,0
357566,357574,357575,1,8
357566,357566,357575,9,0
357566,357573,357575,2,7
357566,357573,357574,1,7
357566,357573,357574,1,7
357566,357574,357575,1,8
357581,357581,357582,1,0
357581,357581,357582,1,0
357581,357581,357582,1,0
357581,357581,357584,3,0
357581,357581,357584,3,0
357581,357581,357585,4,0
357581,357583,357586,3,2
357581,357583,357586,3,2
357581,357581,357586,5,0
357581,357583,357586,3,2
357581,357584,357586,2,3
357581,357585,357587,2,4
357581,357581,357587,6,0
357581,357581,357587,6,0
357581,357581,357587,6,0
357581,357581,357587,6,0
357581,357581,357588,7,0
357581,357581,357587,6,0
357581,357586,357588,2,5
357581,357586,357587,1,5
357581,357581,357588,7,0
357581,357586,357587,1,5
357581,357581,357588,7,0
357581,357587,357588,1,6
357581,357587,357588,1,6
357581,357581,357588,7,0
357581,357587,357588,1,6
357581,357587,357588,1,6
357581,357587,357588,1,6
357581,357587,357588,1,6
357581,357588,357589,1,7
357595,357595,357596,1,0
357595,357595,357596,1,0
357595,357595,357597,2,0
357595,357595,357598,3,0
357595,357595,357599,4,0
357595,357595,357599,4,0
357595,357595,357599,4,0
357595,357597,357599,2,2
357595,357596,357600,4,1
357595,357598,357600,2,3
357595,357600,357601,1,5
357595,357595,357601,6,0
357595,357599,357601,2,4
357595,357600,357601,1,5
357595,357595,357601,6,0
357595,357600,357601,1,5
357595,357596,357601,5,1
357595,357600,357601,1,5
357595,357595,357603,8,0
357595,357595,357602,7,0
357595,357601,357602,1,6
357595,357595,357603,8,0
357595,357601,357602,1,6
357595,357595,357602,7,0
357595,357602,357603,1,7
357595,357595,357603,8,0
357595,357602,357603,1,7
357595,357602,357603,1,7
357595,357602,357603,1,7
357595,357602,357603,1,7
357595,357595,357603,8,0
357611,357611,357612,1,0
357611,357611,357612,1,0
357611,357611,357612,1,0
357611,357611,357614,3,0
357611,357611,357615,4,0
357611,357611,357614,3,0
357611,357613,357616,3,2
357611,357611,357616,5,0
357611,357613,357616,3,2
357611,357611,357616,5,0
357611,357613,357616,3,2
357611,357615,357617,2,4
357611,357614,357616,2,3
357611,357615,357617,2,4
357611,357611,357618,7,0
357611,357611,357618,7,0
357611,357616,357618,2,5
357611,357611,357618,7,0
357611,357616,357618,2,5
357611,357611,357618,7,0
357611,357616,357618,2,5
357611,357616,357618,2,5
357611,357611,357618,7,0
357611,357611,357619,8,0
357611,357617,357618,1,6
357611,357611,357618,7,0
357611,357617,357619,2,6
357611,357611,357619,8,0
357611,357617,357619,2,6
357611,357617,357619,2,6
357611,357618,357619,1,7
357625,357625,357626,1,0
357625,357625,357626,1,0
357625,357625,357626,1,0
357625,357625,357628,3,0
357625,357625,357629,4,0
357625,357625,357629,4,0
357625,357625,357630,5,0
357625,357627,357630,3,2
357625,357627,357630,3,2
357625,357627,357630,3,2
357625,357625,357630,5,0
357625,357625,357631,6,0
357625,357625,357631,6,0
357625,357625,357631,6,0
357625,357629,357631,2,4
357625,357628,357631,3,3
357625,357629,357631,2,4
357625,357625,357632,7,0
357625,357630,357632,2,5
357625,357625,357631,6,0
357625,357630,357632,2,5
357625,357630,357632,2,5
357625,357630,357632,2,5
357625,357630,357632,2,5
357625,357631,357632,1,6
357625,357631,357632,1,6
357625,357631,357632,1,6
357625,357631,357632,1,6
357625,357625,357633,8,0
357625,357625,357634,9,0
357625,357625,357635,10,0
357640,357640,357642,2,0
357640,357640,357642,2,0
357640,357640,357642,2,0
357640,357640,357644,4,0
357640,357640,357644,4,0
357640,357640,357644,4,0
357640,357640,357645,5,0
357640,357643,357645,2,3
357640,357640,357645,5,0
357640,357643,357645,2,3
357640,357643,357645,2,3
357640,357640,357646,6,0
357640,357640,357646,6,0
357640,357640,357646,6,0
357640,357640,357646,6,0
357640,357645,357646,1,5
357640,357645,357647,2,5
357640,357646,357647,1,6
357640,357646,357647,1,6
357640,357645,357647,2,5
357640,357640,357647,7,0
357640,357646,357647,1,6
357640,357646,357647,1,6
357640,357646,357647,1,6
357640,357640,357648,8,0
357640,357640,357648,8,0
357640,357647,357648,1,7
357640,357647,357648,1,7
357640,357647,357648,1,7
357640,357647,357648,1,7
357640,357640,357650,10,0
357656,357656,357657,1,0
357656,357656,357657,1,0
357656,357656,357657,1,0
357656,357656,357660,4,0
357656,357656,357660,4,0
357656,357656,357659,3,0
357656,357656,357659,3,0
357656,357656,357661,5,0
357656,357658,357660,2,2
357656,357656,357660,4,0
357656,357656,357660,4,0
357656,357658,357660,2,2
357656,357656,357660,4,0
357656,357656,357661,5,0
357656,357656,357661,5,0
357656,357660,357661,1,4
357656,357660,357662,2,4
357656,357656,357661,5,0
357656,357657,357661,4,1
357656,357660,357662,2,4
357656,357660,357662,2,4
357656,357661,357663,2,5
357656,357661,357662,1,5
357656,357661,357662,1,5
357656,357656,357663,7,0
357656,357661,357662,1,5
357656,357661,357662,1,5
357656,357661,357662,1,5
357656,357662,357663,1,6
357656,357662,357663,1,6
357656,357656,357664,8,0
357671,357671,357672,1,0
357671,357671,357672,1,0
357671,357671,357672,1,0
357671,357671,357673,2,0
357671,357671,357673,2,0
357671,357671,357673,2,0
357671,357671,357674,3,0
357671,357671,357675,4,0
357671,357671,357675,4,0
357671,357671,357675,4,0
357671,357673,357675,2,2
357671,357671,357676,5,0
357671,357671,357676,5,0
357671,357673,357676,3,2
357671,357674,357676,2,3
357671,357673,357676,3,2
357671,357673,357677,4,2
357671,357675,357677,2,4
357671,357671,357677,6,0
357671,357673,357677,4,2
357671,357675,357677,2,4
357671,357676,357677,1,5
357671,357671,357677,6,0
357671,357675,357677,2,4
357671,357671,357676,5,0
357671,357675,357677,2,4
357671,357675,357677,2,4
357671,357676,357677,1,5
357671,357676,357677,1,5
357671,357676,357678,2,5
357671,357671,357679,8,0
357684,357684,357685,1,0
357684,357684,357685,1,0
357684,357684,357685,1,0
357684,357684,357686,2,0
357684,357684,357686,2,0
357684,357684,357687,3,0
357684,357684,357687,3,0
357684,357684,357688,4,0
357684,357684,357687,3,0
357684,357684,357688,4,0
357684,357684,357688,4,0
357684,357684,357688,4,0
357684,357686,357689,3,2
357684,357685,357688,3,1
357684,357684,357689,5,0
357684,357684,357688,4,0
357684,357687,357689,2,3
357684,357686,357689,3,2
357684,357687,357689,2,3
357684,357688,357690,2,4
357684,357684,357690,6,0
357684,357688,357689,1,4
357684,357684,357689,5,0
357684,357688,357689,1,4
357684,357688,357690,2,4
357684,357687,357689,2,3
357684,357689,357690,1,5
357684,357689,357690,1,5
357684,357689,357690,1,5
357684,357689,357690,1,5
357684,357689,357690,1,5
357696,357696,357697,1,0
357696,357696,357698,2,0
357696,357696,357698,2,0
357696,357697,357699,2,1
357696,357697,357699,2,1
357696,357698,357700,2,2
357696,357696,357700,4,0
357696,357696,357700,4,0
357696,357697,357700,3,1
357696,357696,357701,5,0
357696,357696,357701,5,0
357696,357696,357701,5,0
357696,357700,357702,2,4
357696,357700,357701,1,4
357696,357696,357702,6,0
357696,357699,357702,3,3
357696,357701,357702,1,5
357696,357701,357702,1,5
357696,357696,357702,6,0
357696,357699,357702,3,3
357696,357701,357702,1,5
357696,357697,357702,5,1
357696,357701,357702,1,5
357696,357696,357703,7,0
357696,357696,357703,7,0
357696,357702,357703,1,6
357696,357702,357703,1,6
357696,357702,357703,1,6
357696,357702,357703,1,6
357696,357702,357703,1,6
357696,357703,357704,1,7
357710,357710,357711,1,0
357710,357710,357712,2,0
357710,357710,357711,1,0
357710,357710,357712,2,0
357710,357710,357713,3,0
357710,357711,357713,2,1
357710,357710,357714,4,0
357710,357710,357714,4,0
357710,357713,357714,1,3
357710,357710,357714,4,0
357710,357710,357714,4,0
357710,357710,357715,5,0
357710,357713,357715,2,3
357710,357714,357715,1,4
357710,357710,357715,5,0
357710,357710,357715,5,0
357710,357713,357715,2,3
357710,357710,357715,5,0
357710,357710,357715,5,0
357710,357713,357715,2,3
357710,357714,357715,1,4
357710,357715,357716,1,5
357710,357715,357716,1,5
357710,357715,357716,1,5
357710,357710,357716,6,0
357710,357715,357716,1,5
357710,357716,357717,1,6
357710,357715,357716,1,5
357710,357716,357717,1,6
357710,357716,357717,1,6
357710,357716,357717,1,6
357724,357725,357726,1,1
357724,357725,357726,1,1
357724,357725,357727,2,1
357724,357725,357726,1,1
357724,357725,357727,2,1
357724,357725,357727,2,1
357724,357725,357728,3,1
357724,357725,357727,2,1
357724,357725,357727,2,1
357724,357725,357729,4,1
357724,357726,357728,2,2
357724,357725,357729,4,1
357724,357725,357728,3,1
357724,357727,357728,1,3
357724,357725,357728,3,1
357724,357727,357729,2,3
357724,357725,357728,3,1
357724,357727,357728,1,3
357724,357727,357729,2,3
357724,357728,357729,1,4
357724,357725,357729,4,1
357724,357728,357729,1,4
357724,357728,357729,1,4
357724,357728,357729,1,4
357724,357728,357729,1,4
357724,357729,357730,1,5
357724,357729,357730,1,5
357724,357729,357730,1,5
357724,357729,357730,1,5
357724,357729,357730,1,5
357735,357736,357737,1,1
357735,357736,357737,1,1
357735,357736,357737,1,1
357735,357736,357738,2,1
357735,357736,357738,2,1
357735,357736,357739,3,1
357735,357736,357738,2,1
357735,357736,357738,2,1
357735,357736,357739,3,1
357735,357738,357740,2,3
357735,357736,357739,3,1
357735,357737,357739,2,2
357735,357738,357740,2,3
357735,357738,357739,1,3
357735,357738,357739,1,3
357735,357736,357741,5,1
357735,357736,357740,4,1
357735,357736,357741,5,1
357735,357739,357740,1,4
357735,357736,357740,4,1
357735,357736,357740,4,1
357735,357739,357740,1,4
357735,357736,357741,5,1
357735,357739,357740,1,4
357735,357740,357741,1,5
357735,357740,357741,1,5
357735,357740,357741,1,5
357735,357740,357741,1,5
357735,357740,357741,1,5
357735,357740,357742,2,5
357735,357740,357741,1,5
357746,357746,357747,1,0
357746,357746,357747,1,0
357746,357746,357748,2,0
357746,357746,357748,2,0
357746,357746,357748,2,0
357746,357746,357749,3,0
357746,357746,357749,3,0
357746,357746,357749,3,0
357746,357746,357750,4,0
357746,357748,357749,1,2
357746,357746,357750,4,0
357746,357747,357750,3,1
357746,357748,357750,2,2
357746,357748,357750,2,2
357746,357746,357750,4,0
357746,357748,357750,2,2
357746,357746,357750,4,0
357746,357746,357750,4,0
357746,357746,357750,4,0
357746,357750,357751,1,4
357746,357746,357751,5,0
357746,357749,357751,2,3
357746,357746,357751,5,0
357746,357749,357751,2,3
357746,357751,357752,1,5
357746,357750,357751,1,4
357746,357750,357751,1,4
357746,357751,357752,1,5
357746,357751,357752,1,5
357746,357751,357752,1,5
357746,357751,357752,1,5
357759,357759,357760,1,0
357759,357759,357760,1,0
357759,357759,357761,2,0
357759,357759,357760,1,0
357759,357759,357760,1,0
357759,357759,357761,2,0
357759,357759,357761,2,0
357759,357759,357761,2,0
357759,357759,357761,2,0
357759,357759,357761,2,0
357759,357760,357762,2,1
357759,357759,357762,3,0
357759,357760,357762,2,1
357759,357759,357763,4,0
357759,357761,357763,2,2
357759,357761,357762,1,2
357759,357761,357762,1,2
357759,357759,357762,3,0
357759,357759,357763,4,0
357759,357762,357763,1,3
357759,357762,357763,1,3
357759,357762,357763,1,3
357759,357762,357763,1,3
357759,357763,357764,1,4
357759,357759,357763,4,0
357759,357762,357763,1,3
357759,357759,357764,5,0
357759,357762,357763,1,3
357759,357763,357764,1,4
357759,357763,357764,1,4
357759,357763,357764,1,4
357770,357770,357771,1,0
357770,357770,357771,1,0
357770,357770,357771,1,0
357770,357770,357772,2,0
357770,357770,357771,1,0
357770,357770,357771,1,0
357770,357770,357771,1,0
357770,357770,357773,3,0
357770,357770,357773,3,0
357770,357770,357772,2,0
357770,357770,357772,2,0
357770,357770,357772,2,0
357770,357770,357773,3,0
357770,357770,357773,3,0
357770,357771,357773,2,1
357770,357772,357774,2,2
357770,357772,357773,1,2
357770,357770,357773,3,0
357770,357771,357773,2,1
357770,357772,357773,1,2
357770,357770,357773,3,0
357770,357772,357773,1,2
357770,357772,357773,1,2
357770,357773,357774,1,3
357770,357773,357774,1,3
357770,357774,357775,1,4
357770,357773,357774,1,3
357770,357773,357774,1,3
357770,357774,357775,1,4
357770,357773,357774,1,3
357770,357773,357774,1,3
357782,357782,357783,1,0
357782,357782,357783,1,0
357782,357782,357783,1,0
357782,357782,357783,1,0
357782,357782,357784,2,0
357782,357782,357783,1,0
357782,357782,357783,1,0
357782,357782,357784,2,0
357782,357782,357784,2,0
357782,357783,357785,2,1
357782,357782,357785,3,0
357782,357782,357784,2,0
357782,357783,357784,1,1
357782,357782,357785,3,0
357782,357782,357785,3,0
357782,357783,357785,2,1
357782,357782,357785,3,0
357782,357782,357786,4,0
357782,357784,357785,1,2
357782,357784,357785,1,2
357782,357784,357785,1,2
357782,357784,357785,1,2
357782,357782,357786,4,0
357782,357785,357786,1,3
357782,357785,357786,1,3
357782,357785,357786,1,3
357782,357786,357787,1,4
357782,357785,357786,1,3
357782,357785,357786,1,3
357782,357785,357786,1,3
357782,357786,357787,1,4
357792,357793,357794,1,1
357792,357793,357794,1,1
357792,357793,357794,1,1
357792,357793,357794,1,1
357792,357793,357794,1,1
357792,357793,357795,2,1
357792,357793,357795,2,1
357792,357794,357795,1,2
357792,357793,357795,2,1
357792,357793,357795,2,1
357792,357793,357795,2,1
357792,357793,357795,2,1
357792,357794,357795,1,2
357792,357795,357796,1,3
357792,357793,357796,3,1
357792,357793,357797,4,1
357792,357793,357796,3,1
357792,357795,357796,1,3
357792,357795,357796,1,3
357792,357795,357797,2,3
357792,357795,357797,2,3
357792,357796,357797,1,4
357792,357796,357797,1,4
357792,357796,357797,1,4
357792,357796,357797,1,4
357792,357796,357797,1,4
357792,357796,357797,1,4
357792,357796,357797,1,4
357792,357796,357797,1,4
357802,357802,357803,1,0
357802,357802,357803,1,0
357802,357802,357804,2,0
357802,357802,357804,2,0
357802,357802,357804,2,0
357802,357802,357804,2,0
357802,357802,357804,2,0
357802,357802,357805,3,0
357802,357802,357805,3,0
357802,357803,357805,2,1
357802,357802,357805,3,0
357802,357802,357804,2,0
357802,357802,357805,3,0
357802,357803,357805,2,1
357802,357802,357806,4,0
357802,357802,357806,4,0
357802,357802,357806,4,0
357802,357804,357806,2,2
357802,357804,357805,1,2
357802,357802,357806,4,0
357802,357805,357806,1,3
357802,357804,357806,2,2
357802,357804,357807,3,2
357802,357805,357807,2,3
357802,357806,357807,1,4
357802,357805,357807,2,3
357802,357805,357807,2,3
357802,357805,357807,2,3
357802,357806,357807,1,4
357802,357806,357807,1,4
357814,357814,357815,1,0
357814,357814,357815,1,0
357814,357814,357816,2,0
357814,357814,357815,1,0
357814,357814,357816,2,0
357814,357814,357816,2,0
357814,357814,357815,1,0
357814,357814,357816,2,0
357814,357814,357817,3,0
357814,357814,357817,3,0
357814,357815,357817,2,1
357814,357814,357816,2,0
357814,357814,357817,3,0
357814,357814,357816,2,0
357814,357814,357816,2,0
357814,357814,357817,3,0
357814,357814,357817,3,0
357814,357817,357818,1,3
357814,357816,357818,2,2
357814,357816,357818,2,2
357814,357816,357818,2,2
357814,357816,357818,2,2
357814,357816,357818,2,2
357814,357816,357817,1,2
357814,357816,357817,1,2
357814,357817,357818,1,3
357814,357817,357818,1,3
357814,357817,357818,1,3
357814,357817,357818,1,3
357814,357817,357818,1,3
357814,357817,357818,1,3
357826,357826,357827,1,0
357826,357826,357827,1,0
357826,357826,357827,1,0
357826,357826,357828,2,0
357826,357826,357828,2,0
357826,357826,357828,2,0
357826,357826,357828,2,0
357826,357826,357828,2,0
357826,357826,357828,2,0
357826,357826,357829,3,0
357826,357826,357829,3,0
357826,357826,357829,3,0
357826,357827,357828,1,1
357826,357828,357829,1,2
357826,357826,357829,3,0
357826,357826,357829,3,0
357826,357827,357829,2,1
357826,357826,357829,3,0
357826,357828,357830,2,2
357826,357828,357830,2,2
357826,357828,357830,2,2
357826,357828,357830,2,2
357826,357826,357830,4,0
357826,357828,357830,2,2
357826,357828,357830,2,2
357826,357829,357830,1,3
357826,357829,357830,1,3
357826,357829,357830,1,3
357826,357829,357831,2,3
357826,357829,357830,1,3
357826,357829,357831,2,3
357841,357841,357842,1,0
357841,357841,357842,1,0
357841,357841,357842,1,0
357841,357841,357843,2,0
357841,357841,357842,1,0
357841,357841,357842,1,0
357841,357841,357843,2,0
357841,357841,357843,2,0
357841,357841,357843,2,0
357841,357841,357843,2,0
357841,357841,357843,2,0
357841,357841,357844,3,0
357841,357841,357843,2,0
357841,357842,357844,2,1
357841,357841,357844,3,0
357841,357843,357844,1,2
357841,357841,357844,3,0
357841,357841,357844,3,0
357841,357842,357843,1,1
357841,357843,357845,2,2
357841,357843,357844,1,2
357841,357843,357845,2,2
357841,357843,357845,2,2
357841,357844,357845,1,3
357841,357843,357845,2,2
357841,357843,357844,1,2
357841,357843,357845,2,2
357841,357844,357845,1,3
357841,357844,357845,1,3
357841,357844,357845,1,3
357841,357844,357845,1,3
357851,357851,357852,1,0
357851,357851,357852,1,0
357851,357851,357852,1,0
357851,357851,357852,1,0
357851,357851,357852,1,0
357851,357851,357852,1,0
357851,357851,357852,1,0
357851,357851,357852,1,0
357851,357851,357853,2,0
357851,357851,357852,1,0
357851,357851,357852,1,0
357851,357851,357853,2,0
357851,357851,357853,2,0
357851,357852,357853,1,1
357851,357852,357853,1,1
357851,357851,357854,3,0
357851,357853,357854,1,2
357851,357853,357854,1,2
357851,357853,357854,1,2
357851,357853,357854,1,2
357851,357853,357854,1,2
357851,357854,357855,1,3
357851,357853,357854,1,2
357851,357853,357854,1,2
357851,357854,357855,1,3
357851,357853,357854,1,2
357851,357853,357854,1,2
357851,357853,357854,1,2
357851,357853,357854,1,2
357851,357851,357855,4,0
357861,357861,357862,1,0
357861,357861,357862,1,0
357861,357861,357862,1,0
357861,357861,357863,2,0
357861,357861,357863,2,0
357861,357861,357862,1,0
357861,357861,357863,2,0
357861,357861,357863,2,0
357861,357861,357863,2,0
357861,357861,357863,2,0
357861,357861,357863,2,0
357861,357861,357864,3,0
357861,357862,357864,2,1
357861,357861,357863,2,0
357861,357861,357864,3,0
357861,357863,357865,2,2
357861,357861,357865,4,0
357861,357863,357865,2,2
357861,357863,357865,2,2
357861,357863,357864,1,2
357861,357863,357864,1,2
357861,357863,357865,2,2
357861,357863,357865,2,2
357861,357863,357865,2,2
357861,357864,357865,1,3
357861,357864,357865,1,3
357861,357864,357865,1,3
357861,357861,357866,5,0
357861,357864,357865,1,3
357861,357864,357866,2,3
357861,357865,357866,1,4
357873,357873,357874,1,0
357873,357873,357874,1,0
357873,357873,357874,1,0
357873,357873,357875,2,0
357873,357873,357874,1,0
357873,357873,357875,2,0
357873,357873,357875,2,0
357873,357873,357875,2,0
357873,357873,357874,1,0
357873,357873,357875,2,0
357873,357873,357875,2,0
357873,357875,357876,1,2
357873,357873,357876,3,0
357873,357873,357877,4,0
357873,357875,357876,1,2
357873,357875,357877,2,2
357873,357875,357876,1,2
357873,357875,357876,1,2
357873,357875,357876,1,2
357873,357875,357877,2,2
357873,357875,357876,1,2
357873,357875,357876,1,2
357873,357875,357876,1,2
357873,357873,357878,5,0
357873,357876,357877,1,3
357873,357876,357877,1,3
357873,357873,357877,4,0
357873,357873,357879,6,0
357873,357877,357878,1,4
357873,357877,357878,1,4
357873,357877,357879,2,4
357885,357885,357886,1,0
357885,357885,357886,1,0
357885,357885,357886,1,0
357885,357885,357887,2,0
357885,357885,357886,1,0
357885,357885,357886,1,0
357885,357885,357886,1,0
357885,357885,357886,1,0
357885,357885,357886,1,0
357885,357885,357886,1,0
357885,357885,357886,1,0
357885,357885,357887,2,0
357885,357886,357887,1,1
357885,357885,357888,3,0
357885,357886,357887,1,1
357885,357887,357888,1,2
357885,357885,357889,4,0
357885,357887,357888,1,2
357885,357887,357888,1,2
357885,357885,357889,4,0
357885,357887,357888,1,2
357885,357887,357888,1,2
357885,357887,357888,1,2
357885,357885,357889,4,0
357885,357887,357888,1,2
357885,357887,357888,1,2
357885,357887,357888,1,2
357885,357888,357889,1,3
357885,357888,357889,1,3
357885,357888,357889,1,3
357885,357888,357889,1,3
357900,357900,357901,1,0
357900,357900,357901,1,0
357900,357900,357901,1,0
357900,357900,357902,2,0
357900,357900,357902,2,0
357900,357900,357902,2,0
357900,357900,357901,1,0
357900,357900,357901,1,0
357900,357900,357902,2,0
357900,357900,357902,2,0
357900,357900,357903,3,0
357900,357902,357903,1,2
357900,357900,357903,3,0
357900,357902,357903,1,2
357900,357900,357903,3,0
357900,357900,357903,3,0
357900,357900,357903,3,0
357900,357900,357904,4,0
357900,357902,357904,2,2
357900,357902,357904,2,2
357900,357902,357904,2,2
357900,357902,357904,2,2
357900,357902,357903,1,2
357900,357902,357903,1,2
357900,357902,357903,1,2
357900,357902,357904,2,2
357900,357903,357904,1,3
357900,357903,357904,1,3
357900,357903,357904,1,3
357900,357903,357904,1,3
357900,357903,357905,2,3
357909,357910,357911,1,1
357909,357910,357911,1,1
357909,357910,357912,2,1
357909,357910,357911,1,1
357909,357910,357911,1,1
357909,357910,357912,2,1
357909,357910,357911,1,1
357909,357910,357911,1,1
357909,357910,357911,1,1
357909,357910,357911,1,1
357909,357910,357911,1,1
357909,357910,357913,3,1
357909,357910,357912,2,1
357909,357910,357912,2,1
357909,357911,357912,1,2
357909,357912,357913,1,3
357909,357910,357912,2,1
357909,357912,357913,1,3
357909,357912,357913,1,3
357909,357912,357913,1,3
357909,357912,357913,1,3
357909,357912,357913,1,3
357909,357913,357914,1,4
357909,357910,357914,4,1
357909,357912,357913,1,3
357909,357912,357913,1,3
357909,357912,357913,1,3
357909,357912,357913,1,3
357909,357913,357914,1,4
357909,357913,357914,1,4
357909,357913,357914,1,4
357919,357919,357920,1,0
357919,357919,357920,1,0
357919,357919,357921,2,0
357919,357920,357921,1,1
357919,357920,357921,1,1
357919,357920,357921,1,1
357919,357920,357921,1,1
357919,357920,357921,1,1
357919,357920,357921,1,1
357919,357920,357921,1,1
357919,357920,357921,1,1
357919,357920,357922,2,1
357919,357919,357923,4,0
357919,357921,357922,1,2
357919,357920,357923,3,1
357919,357922,357923,1,3
357919,357922,357923,1,3
357919,357921,357922,1,2
357919,357922,357923,1,3
357919,357920,357923,3,1
357919,357922,357923,1,3
357919,357923,357924,1,4
357919,357922,357923,1,3
357919,357922,357923,1,3
357919,357923,357924,1,4
357919,357922,357923,1,3
357919,357919,357923,4,0
357919,357922,357923,1,3
357919,357923,357924,1,4
357919,357923,357924,1,4
357928,357929,357930,1,1
357928,357929,357930,1,1
357928,357928,357930,2,0
357928,357929,357930,1,1
357928,357929,357930,1,1
357928,357929,357930,1,1
357928,357929,357930,1,1
357928,357929,357930,1,1
357928,357929,357931,2,1
357928,357929,357931,2,1
357928,357929,357931,2,1
357928,357929,357931,2,1
357928,357929,357931,2,1
357928,357930,357931,1,2
357928,357931,357932,1,3
357928,357930,357931,1,2
357928,357929,357932,3,1
357928,357931,357932,1,3
357928,357931,357932,1,3
357928,357932,357933,1,4
357928,357929,357932,3,1
357928,357931,357932,1,3
357928,357931,357932,1,3
357928,357931,357932,1,3
357928,357932,357933,1,4
357928,357929,357932,3,1
357928,357932,357933,1,4
357928,357932,357933,1,4
357928,357932,357933,1,4
357928,357932,357933,1,4
357928,357932,357933,1,4
357940,357940,357941,1,0
357940,357940,357941,1,0
357940,357940,357941,1,0
357940,357940,357942,2,0
357940,357940,357942,2,0
357940,357940,357942,2,0
357940,357940,357942,2,0
357940,357940,357942,2,0
357940,357940,357942,2,0
357940,357940,357942,2,0
357940,357941,357942,1,1
357940,357940,357943,3,0
357940,357940,357943,3,0
357940,357940,357943,3,0
357940,357942,357943,1,2
357940,357942,357943,1,2
357940,357941,357943,2,1
357940,357942,357943,1,2
357940,357943,357944,1,3
357940,357943,357944,1,3
357940,357944,357945,1,4
357940,357944,357945,1,4
357940,357940,357944,4,0
357940,357943,357944,1,3
357940,357943,357944,1,3
357940,357944,357945,1,4
357940,357943,357944,1,3
357940,357943,357944,1,3
357940,357944,357945,1,4
357954,357954,357955,1,0
357954,357954,357955,1,0
357954,357954,357955,1,0
357954,357954,357955,1,0
357954,357954,357956,2,0
357954,357954,357955,1,0
357954,357954,357955,1,0
357954,357954,357955,1,0
357954,357954,357956,2,0
357954,357954,357956,2,0
357954,357954,357956,2,0
357954,357954,357955,1,0
357954,357954,357957,3,0
357954,357956,357957,1,2
357954,357954,357956,2,0
357954,357956,357957,1,2
357954,357954,357956,2,0
357954,357955,357956,1,1
357954,357956,357957,1,2
357954,357956,357957,1,2
357954,357954,357956,2,0
357954,357955,357957,2,1
357954,357956,357957,1,2
357954,357956,357957,1,2
357954,357956,357957,1,2
357954,357956,357957,1,2
357954,357957,357958,1,3
357954,357956,357958,2,2
357954,357956,357958,2,2
357954,357957,357958,1,3
357954,357957,357958,1,3
357964,357964,357965,1,0
357964,357964,357965,1,0
357964,357964,357965,1,0
357964,357964,357965,1,0
357964,357964,357965,1,0
357964,357964,357965,1,0
357964,357964,357965,1,0
357964,357964,357965,1,0
357964,357964,357965,1,0
357964,357964,357966,2,0
357964,357964,357965,1,0
357964,357964,357966,2,0
357964,357964,357966,2,0
357964,357966,357967,1,2
357964,357965,357966,1,1
357964,357966,357967,1,2
357964,357964,357966,2,0
357964,357965,357966,1,1
357964,357966,357967,1,2
357964,357966,357967,1,2
357964,357964,357967,3,0
357964,357966,357967,1,2
357964,357967,357968,1,3
357964,357966,357967,1,2
357964,357966,357967,1,2
357964,357967,357968,1,3
357964,357967,357968,1,3
357964,357967,357968,1,3
357964,357964,357967,3,0
357964,357966,357967,1,2
357964,357966,357967,1,2
357972,357972,357973,1,0
357972,357972,357973,1,0
357972,357972,357973,1,0
357972,357972,357976,4,0
357972,357972,357977,5,0
357972,357974,357977,3,2
357972,357974,357977,3,2
357972,357974,357978,4,2
357972,357972,357979,7,0
357972,357976,357979,3,4
357972,357977,357979,2,5
357972,357972,357980,8,0
357972,357972,357979,7,0
357972,357978,357980,2,6
357972,357972,357980,8,0
357972,357972,357980,8,0
357972,357977,357979,2,5
357972,357977,357979,2,5
357972,357972,357980,8,0
357972,357972,357980,8,0
357972,357972,357980,8,0
357972,357972,357980,8,0
357972,357972,357980,8,0
357972,357979,357981,2,7
357972,357979,357981,2,7
357972,357979,357981,2,7
357972,357980,357981,1,8
357972,357972,357982,10,0
357972,357980,357981,1,8
357972,357980,357981,1,8
357972,357980,357981,1,8
357988,357988,357989,1,0
357988,357988,357989,1,0
357988,357988,357990,2,0
357988,357988,357992,4,0
357988,357990,357993,3,2
357988,357990,357994,4,2
357988,357990,357994,4,2
357988,357992,357994,2,4
357988,357988,357996,8,0
357988,357994,357996,2,6
357988,357988,357996,8,0
357988,357988,357995,7,0
357988,357994,357996,2,6
357988,357988,357996,8,0
357988,357993,357995,2,5
357988,357988,357996,8,0
357988,357988,357996,8,0
357988,357988,357997,9,0
357988,357988,357996,8,0
357988,357996,357997,1,8
357988,357988,357996,8,0
357988,357988,357996,8,0
357988,357995,357996,1,7
357988,357988,357997,9,0
357988,357996,357998,2,8
357988,357996,357997,1,8
357988,357996,357997,1,8
357988,357996,357997,1,8
357988,357996,357997,1,8
357988,357996,357997,1,8
357988,357988,357998,10,0
358008,358008,358009,1,0
358008,358008,358009,1,0
358008,358008,358009,1,0
358008,358008,358013,5,0
358008,358010,358013,3,2
358008,358010,358012,2,2
358008,358010,358013,3,2
358008,358008,358014,6,0
358008,358008,358015,7,0
358008,358008,358014,6,0
358008,358013,358015,2,5
358008,358008,358016,8,0
358008,358013,358015,2,5
358008,358008,358016,8,0
358008,358014,358016,2,6
358008,358008,358016,8,0
358008,358013,358015,2,5
358008,358008,358016,8,0
358008,358008,358015,7,0
358008,358008,358016,8,0
358008,358015,358016,1,7
358008,358015,358016,1,7
358008,358015,358016,1,7
358008,358016,358017,1,8
358008,358008,358017,9,0
358008,358015,358016,1,7
358008,358016,358017,1,8
358008,358016,358017,1,8
358008,358008,358018,10,0
358008,358008,358018,10,0
358008,358016,358017,1,8
358023,358023,358025,2,0
358023,358023,358025,2,0
358023,358023,358026,3,0
358023,358024,358028,4,1
358023,358026,358030,4,3
358023,358026,358029,3,3
358023,358027,358029,2,4
358023,358024,358029,5,1
358023,358024,358030,6,1
358023,358024,358030,6,1
358023,358024,358030,6,1
358023,358030,358032,2,7
358023,358030,358031,1,7
358023,358024,358032,8,1
358023,358029,358031,2,6
358023,358030,358031,1,7
358023,358023,358032,9,0
358023,358024,358032,8,1
358023,358030,358032,2,7
358023,358031,358032,1,8
358023,358024,358033,9,1
358023,358024,358032,8,1
358023,358031,358032,1,8
358023,358024,358032,8,1
358023,358031,358032,1,8
358023,358032,358033,1,9
358023,358032,358033,1,9
358023,358024,358033,9,1
358023,358032,358033,1,9
358023,358024,358033,9,1
358023,358032,358033,1,9
358039,358039,358040,1,0
358039,358039,358041,2,0
358039,358039,358040,1,0
358039,358039,358044,5,0
358039,358039,358045,6,0
358039,358039,358045,6,0
358039,358041,358044,3,2
358039,358041,358045,4,2
358039,358039,358045,6,0
358039,358041,358046,5,2
358039,358039,358047,8,0
358039,358039,358046,7,0
358039,358045,358047,2,6
358039,358045,358047,2,6
358039,358045,358047,2,6
358039,358039,358047,8,0
358039,358039,358048,9,0
358039,358039,358047,8,0
358039,358046,358048,2,7
358039,358046,358048,2,7
358039,358039,358048,9,0
358039,358045,358048,3,6
358039,358045,358047,2,6
358039,358039,358047,8,0
358039,358047,358048,1,8
358039,358039,358049,10,0
358039,358047,358048,1,8
358039,358047,358049,2,8
358039,358039,358049,10,0
358039,358047,358048,1,8
358039,358047,358049,2,8
358056,358056,358057,1,0
358056,358056,358057,1,0
358056,358056,358057,1,0
358056,358058,358061,3,2
358056,358058,358061,3,2
358056,358056,358061,5,0
358056,358056,358061,5,0
358056,358056,358062,6,0
358056,358056,358062,6,0
358056,358056,358063,7,0
358056,358056,358064,8,0
358056,358058,358063,5,2
358056,358056,358064,8,0
358056,358061,358063,2,5
358056,358062,358064,2,6
358056,358061,358063,2,5
358056,358062,358064,2,6
358056,358056,358064,8,0
358056,358061,358064,3,5
358056,358061,358063,2,5
358056,358063,358065,2,7
358056,358056,358065,9,0
358056,358056,358064,8,0
358056,358056,358066,10,0
358056,358064,358065,1,8
358056,358064,358066,2,8
358056,358056,358065,9,0
358056,358064,358065,1,8
358056,358064,358066,2,8
358056,358064,358066,2,8
358056,358056,358067,11,0
358072,358072,358073,1,0
358072,358072,358074,2,0
358072,358072,358073,1,0
358072,358072,358077,5,0
358072,358072,358077,5,0
358072,358073,358077,4,1
358072,358074,358077,3,2
358072,358072,358077,5,0
358072,358074,358078,4,2
358072,358072,358079,7,0
358072,358072,358079,7,0
358072,358078,358079,1,6
358072,358072,358080,8,0
358072,358077,358080,3,5
358072,358077,358079,2,5
358072,358072,358080,8,0
358072,358077,358080,3,5
358072,358072,358080,8,0
358072,358078,358080,2,6
358072,358078,358080,2,6
358072,358072,358080,8,0
358072,358080,358081,1,8
358072,358079,358081,2,7
358072,358072,358081,9,0
358072,358072,358082,10,0
358072,358080,358081,1,8
358072,358072,358082,10,0
358072,358072,358082,10,0
358072,358080,358081,1,8
358072,358080,358082,2,8
358072,358080,358082,2,8
358088,358088,358090,2,0
358088,358088,358090,2,0
358088,358088,358090,2,0
358088,358088,358093,5,0
358088,358088,358093,5,0
358088,358090,358094,4,2
358088,358090,358094,4,2
358088,358088,358094,6,0
358088,358090,358094,4,2
358088,358088,358095,7,0
358088,358088,358095,7,0
358088,358088,358096,8,0
358088,358088,358096,8,0
358088,358088,358096,8,0
358088,358094,358096,2,6
358088,358094,358096,2,6
358088,358088,358096,8,0
358088,358094,358096,2,6
358088,358094,358096,2,6
358088,358088,358096,8,0
358088,358094,358096,2,6
358088,358096,358097,1,8
358088,358094,358097,3,6
358088,358095,358097,2,7
358088,358088,358097,9,0
358088,358097,358098,1,9
358088,358097,358098,1,9
358088,358088,358098,10,0
358088,358088,358098,10,0
358088,358097,358098,1,9
358088,358097,358098,1,9
358105,358105,358106,1,0
358105,358105,358106,1,0
358105,358105,358106,1,0
358105,358105,358110,5,0
358105,358107,358109,2,2
358105,358105,358110,5,0
358105,358107,358110,3,2
358105,358105,358110,5,0
358105,358107,358111,4,2
358105,358105,358111,6,0
358105,358105,358113,8,0
358105,358105,358112,7,0
358105,358105,358112,7,0
358105,358105,358112,7,0
358105,358111,358113,2,6
358105,358105,358113,8,0
358105,358105,358113,8,0
358105,358110,358112,2,5
358105,358111,358112,1,6
358105,358105,358112,7,0
358105,358110,358112,2,5
358105,358111,358113,2,6
358105,358112,358113,1,7
358105,358112,358113,1,7
358105,358105,358113,8,0
358105,358105,358115,10,0
358105,358113,358114,1,8
358105,358113,358114,1,8
358105,358113,358114,1,8
358105,358113,358114,1,8
358105,358113,358114,1,8
358121,358121,358123,2,0
358121,358121,358123,2,0
358121,358121,358123,2,0
358121,358121,358126,5,0
358121,358121,358126,5,0
358121,358124,358126,2,3
358121,358121,358127,6,0
358121,358123,358127,4,2
358121,358123,358128,5,2
358121,358121,358128,7,0
358121,358121,358128,7,0
358121,358121,358129,8,0
358121,358127,358129,2,6
358121,358121,358129,8,0
358121,358121,358129,8,0
358121,358128,358129,1,7
358121,358128,358129,1,7
358121,358121,358129,8,0
358121,358127,358129,2,6
358121,358127,358129,2,6
358121,358121,358129,8,0
358121,358129,358130,1,8
358121,358121,358130,9,0
358121,358129,358130,1,8
358121,358129,358130,1,8
358121,358129,358130,1,8
358121,358129,358130,1,8
358121,358121,358131,10,0
358121,358130,358131,1,9
358121,358122,358131,9,1
358137,358137,358138,1,0
358137,358137,358139,2,0
358137,358137,358139,2,0
358137,358137,358142,5,0
358137,358139,358142,3,2
358137,358139,358143,4,2
358137,358137,358143,6,0
358137,358137,358144,7,0
358137,358137,358144,7,0
358137,358139,358144,5,2
358137,358137,358144,7,0
358137,358137,358144,7,0
358137,358142,358144,2,5
358137,358137,358144,7,0
358137,358137,358144,7,0
358137,358137,358145,8,0
358137,358143,358145,2,6
358137,358142,358144,2,5
358137,358137,358145,8,0
358137,358144,358145,1,7
358137,358144,358146,2,7
358137,358144,358146,2,7
358137,358144,358146,2,7
358137,358137,358145,8,0
358137,358137,358146,9,0
358137,358144,358146,2,7
358137,358137,358146,9,0
358137,358144,358146,2,7
358137,358144,358146,2,7
358137,358145,358146,1,8
358152,358152,358154,2,0
358152,358152,358154,2,0
358152,358152,358154,2,0
358152,358154,358157,3,2
358152,358155,358157,2,3
358152,358152,358158,6,0
358152,358152,358158,6,0
358152,358152,358159,7,0
358152,358152,358159,7,0
358152,358152,358158,6,0
358152,358152,358159,7,0
358152,358154,358159,5,2
358152,358152,358159,7,0
358152,358152,358159,7,0
358152,358152,358160,8,0
358152,358152,358160,8,0
358152,358158,358160,2,6
358152,358152,358160,8,0
358152,358158,358160,2,6
358152,358152,358160,8,0
358152,358157,358160,3,5
358152,358152,358160,8,0
358152,358158,358160,2,6
358152,358159,358160,1,7
358152,358160,358161,1,8
358152,358159,358161,2,7
358152,358159,358161,2,7
358152,358159,358161,2,7
358152,358159,358161,2,7
358152,358160,358161,1,8
358152,358160,358161,1,8
358168,358168,358170,2,0
358168,358168,358170,2,0
358168,358168,358170,2,0
358168,358168,358172,4,0
358168,358170,358173,3,2
358168,358168,358174,6,0
358168,358168,358174,6,0
358168,358170,358174,4,2
358168,358168,358174,6,0
358168,358168,358175,7,0
358168,358170,358175,5,2
358168,358168,358175,7,0
358168,358168,358176,8,0
358168,358168,358176,8,0
358168,358173,358176,3,5
358168,358174,358176,2,6
358168,358168,358176,8,0
358168,358168,358176,8,0
358168,358168,358176,8,0
358168,358174,358176,2,6
358168,358174,358176,2,6
358168,358168,358176,8,0
358168,358174,358176,2,6
358168,358175,358176,1,7
358168,358175,358177,2,7
358168,358175,358177,2,7
358168,358176,358177,1,8
358168,358168,358178,10,0
358168,358176,358178,2,8
358168,358177,358178,1,9
358168,358176,358178,2,8
358184,358184,358185,1,0
358184,358184,358185,1,0
358184,358184,358185,1,0
358184,358184,358188,4,0
358184,358186,358188,2,2
358184,358184,358189,5,0
358184,358184,358189,5,0
358184,358185,358189,4,1
358184,358184,358189,5,0
358184,358184,358189,5,0
358184,358186,358190,4,2
358184,358184,358190,6,0
358184,358184,358190,6,0
358184,358184,358191,7,0
358184,358184,358191,7,0
358184,358190,358192,2,6
358184,358190,358192,2,6
358184,358184,358191,7,0
358184,358190,358192,2,6
358184,358189,358191,2,5
358184,358190,358191,1,6
358184,358190,358192,2,6
358184,358191,358192,1,7
358184,358189,358192,3,5
358184,358191,358192,1,7
358184,358191,358192,1,7
358184,358184,358194,10,0
358184,358192,358193,1,8
358184,358184,358193,9,0
358184,358192,358193,1,8
358184,358184,358193,9,0
358199,358199,358201,2,0
358199,358199,358201,2,0
358199,358199,358200,1,0
358199,358199,358204,5,0
358199,358199,358203,4,0
358199,358199,358205,6,0
358199,358199,358204,5,0
358199,358199,358204,5,0
358199,358201,358205,4,2
358199,358201,358206,5,2
358199,358199,358206,7,0
358199,358199,358205,6,0
358199,358199,358207,8,0
358199,358201,358207,6,2
358199,358205,358207,2,6
358199,358199,358206,7,0
358199,358205,358207,2,6
358199,358204,358207,3,5
358199,358204,358207,3,5
358199,358205,358207,2,6
358199,358205,358207,2,6
358199,358199,358208,9,0
358199,358206,358208,2,7
358199,358206,358208,2,7
358199,358206,358208,2,7
358199,358199,358209,10,0
358199,358207,358209,2,8
358199,358207,358209,2,8
358199,358207,358208,1,8
358199,358199,358209,10,0
358199,358199,358209,10,0
358215,358215,358217,2,0
358215,358215,358217,2,0
358215,358215,358217,2,0
358215,358216,358220,4,1
358215,358215,358220,5,0
358215,358218,358221,3,3
358215,358216,358220,4,1
358215,358216,358221,5,1
358215,358218,358221,3,3
358215,358216,358221,5,1
358215,358215,358222,7,0
358215,358221,358222,1,6
358215,358216,358222,6,1
358215,358221,358222,1,6
358215,358218,358223,5,3
358215,358221,358223,2,6
358215,358215,358223,8,0
358215,358222,358223,1,7
358215,358222,358223,1,7
358215,358215,358223,8,0
358215,358221,358223,2,6
358215,358222,358223,1,7
358215,358223,358224,1,8
358215,358215,358224,9,0
358215,358223,358224,1,8
358215,358223,358224,1,8
358215,358223,358224,1,8
358215,358215,358225,10,0
358215,358215,358225,10,0
358215,358224,358225,1,9
358215,358216,358225,9,1
358232,358232,358233,1,0
358232,358232,358234,2,0
358232,358232,358234,2,0
358232,358232,358237,5,0
358232,358232,358237,5,0
358232,358232,358237,5,0
358232,358234,358237,3,2
358232,358232,358237,5,0
358232,358234,358238,4,2
358232,358232,358238,6,0
358232,358232,358238,6,0
358232,358234,358238,4,2
358232,358237,358239,2,5
358232,358237,358239,2,5
358232,358237,358239,2,5
358232,358238,358240,2,6
358232,358232,358240,8,0
358232,358238,358240,2,6
358232,358238,358240,2,6
358232,358232,358240,8,0
358232,358232,358240,8,0
358232,358239,358240,1,7
358232,358239,358240,1,7
358232,358237,358241,4,5
358232,358232,358241,9,0
358232,358239,358241,2,7
358232,358239,358241,2,7
358232,358232,358242,10,0
358232,358232,358242,10,0
358232,358240,358242,2,8
358232,358232,358242,10,0
358248,358248,358249,1,0
358248,358248,358250,2,0
358248,358248,358250,2,0
358248,358248,358252,4,0
358248,358248,358253,5,0
358248,358248,358253,5,0
358248,358250,358253,3,2
358248,358248,358254,6,0
358248,358248,358254,6,0
358248,358250,358254,4,2
358248,358250,358254,4,2
358248,358252,358255,3,4
358248,358248,358256,8,0
358248,358254,358256,2,6
358248,358253,358255,2,5
358248,358253,358256,3,5
358248,358253,358256,3,5
358248,358254,358256,2,6
358248,358248,358256,8,0
358248,358254,358256,2,6
358248,358255,358257,2,7
358248,358248,358257,9,0
358248,358248,358257,9,0
358248,358255,358257,2,7
358248,358248,358258,10,0
358248,358256,358258,2,8
358248,358248,358258,10,0
358248,358256,358258,2,8
358248,358248,358257,9,0
358248,358256,358258,2,8
358248,358248,358258,10,0
358264,358264,358266,2,0
358264,358264,358266,2,0
358264,358264,358266,2,0
358264,358265,358269,4,1
358264,358265,358270,5,1
358264,358267,358270,3,3
358264,358265,358270,5,1
358264,358267,358270,3,3
358264,358264,358271,7,0
358264,358267,358271,4,3
358264,358269,358271,2,5
358264,358264,358272,8,0
358264,358265,358272,7,1
358264,358271,358272,1,7
358264,358265,358272,7,1
358264,358265,358273,8,1
358264,358271,358272,1,7
358264,358272,358273,1,8
358264,358271,358273,2,7
358264,358264,358274,10,0
358264,358271,358273,2,7
358264,358271,358273,2,7
358264,358265,358273,8,1
358264,358272,358273,1,8
358264,358264,358274,10,0
358264,358264,358274,10,0
358264,358273,358274,1,9
358264,358264,358274,10,0
358264,358273,358274,1,9
358264,358273,358274,1,9
358264,358273,358274,1,9
358284,358284,358285,1,0
358284,358284,358285,1,0
358284,358284,358285,1,0
358284,358284,358287,3,0
358284,358286,358289,3,2
358284,358286,358289,3,2
358284,358284,358289,5,0
358284,358284,358291,7,0
358284,358284,358290,6,0
358284,358284,358291,7,0
358284,358288,358290,2,4
358284,358284,358291,7,0
358284,358286,358291,5,2
358284,358284,358291,7,0
358284,358289,358291,2,5
358284,358284,358292,8,0
358284,358289,358291,2,5
358284,358290,358291,1,6
358284,358291,358293,2,7
358284,358284,358293,9,0
358284,358291,358292,1,7
358284,358284,358292,8,0
358284,358284,358292,8,0
358284,358291,358292,1,7
358284,358291,358292,1,7
358284,358284,358293,9,0
358284,358292,358294,2,8
358284,358292,358293,1,8
358284,358284,358293,9,0
358284,358292,358293,1,8
358284,358292,358293,1,8
358299,358299,358300,1,0
358299,358299,358300,1,0
358299,358299,358300,1,0
358299,358301,358304,3,2
358299,358299,358304,5,0
358299,358299,358305,6,0
358299,358301,358304,3,2
358299,358299,358305,6,0
358299,358299,358306,7,0
358299,358299,358307,8,0
358299,358299,358306,7,0
358299,358300,358306,6,1
358299,358305,358307,2,6
358299,358299,358306,7,0
358299,358299,358306,7,0
358299,358304,358306,2,5
358299,358305,358307,2,6
358299,358299,358307,8,0
358299,358305,358307,2,6
358299,358299,358307,8,0
358299,358305,358307,2,6
358299,358306,358307,1,7
358299,358299,358308,9,0
358299,358307,358309,2,8
358299,358307,358308,1,8
358299,358299,358309,10,0
358299,358307,358308,1,8
358299,358307,358308,1,8
358299,358299,358309,10,0
358299,358307,358308,1,8
358299,358307,358308,1,8
358316,358316,358317,1,0
358316,358316,358318,2,0
358316,358316,358318,2,0
358316,358316,358322,6,0
358316,358316,358322,6,0
358316,358316,358322,6,0
358316,358316,358322,6,0
358316,358318,358322,4,2
358316,358319,358322,3,3
358316,358316,358323,7,0
358316,358316,358323,7,0
358316,358316,358324,8,0
358316,358323,358324,1,7
358316,358316,358325,9,0
358316,358316,358325,9,0
358316,358318,358325,7,2
358316,358323,358325,2,7
358316,358323,358325,2,7
358316,358323,358325,2,7
358316,358324,358325,1,8
358316,358323,358325,2,7
358316,358324,358325,1,8
358316,358316,358325,9,0
358316,358324,358325,1,8
358316,358316,358326,10,0
358316,358316,358326,10,0
358316,358325,358326,1,9
358316,358316,358326,10,0
358316,358325,358326,1,9
358316,358326,358327,1,10
358316,358326,358327,1,10
358338,358338,358339,1,0
358338,358338,358339,1,0
358338,358338,358339,1,0
358338,358338,358343,5,0
358338,358340,358343,3,2
358338,358338,358343,5,0
358338,358338,358343,5,0
358338,358338,358344,6,0
358338,358338,358344,6,0
358338,358340,358344,4,2
358338,358340,358346,6,2
358338,358338,358346,8,0
358338,358338,358345,7,0
358338,358343,358345,2,5
358338,358344,358346,2,6
358338,358338,358345,7,0
358338,358343,358345,2,5
358338,358344,358346,2,6
358338,358338,358347,9,0
358338,358344,358346,2,6
358338,358345,358346,1,7
358338,358345,358346,1,7
358338,358338,358347,9,0
358338,358338,358347,9,0
358338,358346,358347,1,8
358338,358338,358348,10,0
358338,358346,358347,1,8
358338,358338,358347,9,0
358338,358346,358347,1,8
358338,358346,358347,1,8
358338,358346,358347,1,8
358354,358354,358355,1,0
358354,358354,358355,1,0
358354,358354,358355,1,0
358354,358354,358358,4,0
358354,358356,358359,3,2
358354,358354,358359,5,0
358354,358354,358359,5,0
358354,358354,358359,5,0
358354,358354,358360,6,0
358354,358356,358360,4,2
358354,358354,358361,7,0
358354,358354,358361,7,0
358354,358356,358361,5,2
358354,358354,358361,7,0
358354,358354,358361,7,0
358354,358359,358361,2,5
358354,358360,358361,1,6
358354,358359,358361,2,5
358354,358354,358362,8,0
358354,358360,358362,2,6
358354,358361,358362,1,7
358354,358361,358362,1,7
358354,358360,358362,2,6
358354,358361,358362,1,7
358354,358354,358363,9,0
358354,358354,358363,9,0
358354,358362,358363,1,8
358354,358362,358363,1,8
358354,358354,358363,9,0
358354,358362,358363,1,8
358354,358362,358363,1,8
358370,358370,358371,1,0
358370,358370,358371,1,0
358370,358370,358372,2,0
358370,358370,358375,5,0
358370,358370,358376,6,0
358370,358370,358375,5,0
358370,358372,358376,4,2
358370,358370,358376,6,0
358370,358372,358376,4,2
358370,358370,358377,7,0
358370,358370,358378,8,0
358370,358373,358377,4,3
358370,358370,358377,7,0
358370,358375,358377,2,5
358370,358370,358378,8,0
358370,358376,358378,2,6
358370,358370,358378,8,0
358370,358376,358378,2,6
358370,358370,358378,8,0
358370,358377,358379,2,7
358370,358377,358378,1,7
358370,358376,358378,2,6
358370,358377,358378,1,7
358370,358378,358379,1,8
358370,358378,358379,1,8
358370,358378,358379,1,8
358370,358370,358379,9,0
358370,358370,358379,9,0
358370,358378,358379,1,8
358370,358370,358380,10,0
358370,358378,358379,1,8
358386,358386,358387,1,0
358386,358386,358387,1,0
358386,358386,358387,1,0
358386,358386,358391,5,0
358386,358386,358391,5,0
358386,358388,358391,3,2
358386,358386,358392,6,0
358386,358388,358392,4,2
358386,358386,358393,7,0
358386,358388,358392,4,2
358386,358386,358392,6,0
358386,358392,358394,2,6
358386,358386,358393,7,0
358386,358386,358394,8,0
358386,358393,358394,1,7
358386,358393,358394,1,7
358386,358392,358394,2,6
358386,358392,358395,3,6
358386,358386,358394,8,0
358386,358386,358395,9,0
358386,358392,358394,2,6
358386,358386,358394,8,0
358386,358392,358394,2,6
358386,358393,358394,1,7
358386,358386,358395,9,0
358386,358386,358395,9,0
358386,358394,358395,1,8
358386,358386,358395,9,0
358386,358394,358395,1,8
358386,358395,358396,1,9
358386,358395,358396,1,9
358402,358402,358404,2,0
358402,358402,358404,2,0
358402,358402,358404,2,0
358402,358403,358407,4,1
358402,358405,358409,4,3
358402,358403,358408,5,1
358402,358403,358409,6,1
358402,358405,358409,4,3
358402,358403,358409,6,1
358402,358403,358409,6,1
358402,358405,358409,4,3
358402,358408,358410,2,6
358402,358402,358412,10,0
358402,358410,358411,1,8
358402,358410,358411,1,8
358402,358409,358411,2,7
358402,358410,358411,1,8
358402,358409,358411,2,7
358402,358410,358411,1,8
358402,358403,358411,8,1
358402,358403,358411,8,1
358402,358410,358411,1,8
358402,358402,358412,10,0
358402,358402,358412,10,0
358402,358403,358412,9,1
358402,358411,358412,1,9
358402,358403,358413,10,1
358402,358402,358413,11,0
358402,358412,358413,1,10
358402,358412,358413,1,10
358402,358412,358413,1,10
358419,358420,358421,1,1
358419,358420,358421,1,1
358419,358420,358421,1,1
358419,358420,358424,4,1
358419,358420,358424,4,1
358419,358422,358425,3,3
358419,358420,358425,5,1
358419,358422,358426,4,3
358419,358420,358426,6,1
358419,358422,358426,4,3
358419,358420,358427,7,1
358419,358425,358427,2,6
358419,358426,358428,2,7
358419,358420,358428,8,1
358419,358425,358427,2,6
358419,358427,358428,1,8
358419,358426,358428,2,7
358419,358427,358428,1,8
358419,358427,358428,1,8
358419,358420,358429,9,1
358419,358420,358429,9,1
358419,358420,358430,10,1
358419,358420,358429,9,1
358419,358428,358429,1,9
358419,358428,358429,1,9
358419,358420,358429,9,1
358419,358428,358429,1,9
358419,358428,358429,1,9
358419,358428,358429,1,9
358419,358420,358430,10,1
358419,358420,358430,10,1
358437,358437,358438,1,0
358437,358437,358439,2,0
358437,358437,358438,1,0
358437,358437,358442,5,0
358437,358437,358442,5,0
358437,358437,358442,5,0
358437,358438,358443,5,1
358437,358439,358443,4,2
358437,358437,358442,5,0
358437,358439,358443,4,2
358437,358437,358444,7,0
358437,358437,358444,7,0
358437,358442,358445,3,5
358437,358443,358445,2,6
358437,358437,358445,8,0
358437,358442,358445,3,5
358437,358443,358445,2,6
358437,358444,358446,2,7
358437,358443,358445,2,6
358437,358443,358445,2,6
358437,358444,358446,2,7
358437,358437,358447,10,0
358437,358445,358447,2,8
358437,358437,358447,10,0
358437,358437,358446,9,0
358437,358437,358446,9,0
358437,358445,358447,2,8
358437,358445,358447,2,8
358437,358437,358447,10,0
358437,358445,358447,2,8
358437,358437,358448,11,0
358454,358454,358455,1,0
358454,358454,358456,2,0
358454,358454,358455,1,0
358454,358454,358459,5,0
358454,358454,358459,5,0
358454,358454,358459,5,0
358454,358454,358460,6,0
358454,358454,358459,5,0
358454,358454,358459,5,0
358454,358456,358459,3,2
358454,358454,358461,7,0
358454,358456,358461,5,2
358454,358456,358462,6,2
358454,358459,358461,2,5
358454,358460,358462,2,6
358454,358460,358462,2,6
358454,358460,358462,2,6
358454,358460,358461,1,6
358454,358454,358462,8,0
358454,358459,358462,3,5
358454,358460,358462,2,6
358454,358461,358463,2,7
358454,358461,358462,1,7
358454,358454,358463,9,0
358454,358454,358463,9,0
358454,358462,358463,1,8
358454,358462,358463,1,8
358454,358454,358463,9,0
358454,358454,358463,9,0
358454,358454,358464,10,0
358454,358462,358463,1,8
358469,358469,358470,1,0
358469,358469,358470,1,0
358469,358469,358471,2,0
358469,358471,358473,2,2
358469,358469,358474,5,0
358469,358469,358474,5,0
358469,358469,358474,5,0
358469,358470,358474,4,1
358469,358471,358475,4,2
358469,358469,358475,6,0
358469,358469,358476,7,0
358469,358475,358476,1,6
358469,358469,358477,8,0
358469,358474,358476,2,5
358469,358469,358477,8,0
358469,358469,358477,8,0
358469,358474,358477,3,5
358469,358475,358477,2,6
358469,358476,358477,1,7
358469,358469,358477,8,0
358469,358475,358477,2,6
358469,358476,358477,1,7
358469,358477,358478,1,8
358469,358477,358478,1,8
358469,358477,358478,1,8
358469,358477,358478,1,8
358469,358478,358479,1,9
358469,358469,358479,10,0
358469,358469,358479,10,0
358469,358469,358480,11,0
358469,358469,358480,11,0
358487,358487,358488,1,0
358487,358487,358488,1,0
358487,358487,358488,1,0
358487,358487,358492,5,0
358487,358487,358492,5,0
358487,358489,358492,3,2
358487,358487,358493,6,0
358487,358489,358493,4,2
358487,358487,358493,6,0
358487,358487,358492,5,0
358487,358489,358492,3,2
358487,358487,358495,8,0
358487,358487,358495,8,0
358487,358493,358495,2,6
358487,358492,358494,2,5
358487,358492,358494,2,5
358487,358492,358495,3,5
358487,358487,358494,7,0
358487,358493,358495,2,6
358487,358493,358495,2,6
358487,358493,358495,2,6
358487,358493,358495,2,6
358487,358487,358496,9,0
358487,358487,358497,10,0
358487,358487,358496,9,0
358487,358487,358497,10,0
358487,358495,358497,2,8
358487,358495,358497,2,8
358487,358487,358497,10,0
358487,358495,358497,2,8
358487,358495,358497,2,8
358506,358506,358507,1,0
358506,358506,358507,1,0
358506,358506,358507,1,0
358506,358506,358510,4,0
358506,358506,358510,4,0
358506,358506,358510,4,0
358506,358508,358511,3,2
358506,358506,358511,5,0
358506,358508,358511,3,2
358506,358508,358511,3,2
358506,358506,358513,7,0
358506,358510,358513,3,4
358506,358506,358513,7,0
358506,358506,358514,8,0
358506,358512,358514,2,6
358506,358506,358513,7,0
358506,358511,358513,2,5
358506,358512,358514,2,6
358506,358511,358513,2,5
358506,358512,358514,2,6
358506,358512,358513,1,6
358506,358506,358514,8,0
358506,358513,358514,1,7
358506,358514,358515,1,8
358506,358513,358514,1,7
358506,358506,358515,9,0
358506,358513,358515,2,7
358506,358506,358516,10,0
358506,358514,358515,1,8
358506,358506,358516,10,0
358506,358506,358516,10,0
358521,358521,358522,1,0
358521,358521,358523,2,0
358521,358521,358522,1,0
358521,358521,358526,5,0
358521,358521,358526,5,0
358521,358521,358526,5,0
358521,358521,358526,5,0
358521,358523,358526,3,2
358521,358523,358527,4,2
358521,358523,358527,4,2
358521,358521,358528,7,0
358521,358526,358528,2,5
358521,358526,358529,3,5
358521,358526,358528,2,5
358521,358521,358529,8,0
358521,358527,358529,2,6
358521,358521,358529,8,0
358521,358521,358529,8,0
358521,358526,358528,2,5
358521,358527,358529,2,6
358521,358526,358529,3,5
358521,358521,358530,9,0
358521,358521,358530,9,0
358521,358529,358530,1,8
358521,358529,358530,1,8
358521,358521,358531,10,0
358521,358529,358530,1,8
358521,358529,358531,2,8
358521,358521,358531,10,0
358521,358529,358530,1,8
358521,358521,358531,10,0
358538,358538,358539,1,0
358538,358538,358539,1,0
358538,358538,358539,1,0
358538,358540,358543,3,2
358538,358538,358542,4,0
358538,358538,358543,5,0
358538,358540,358543,3,2
358538,358538,358543,5,0
358538,358538,358543,5,0
358538,358540,358544,4,2
358538,358538,358544,6,0
358538,358538,358544,6,0
358538,358538,358545,7,0
358538,358538,358545,7,0
358538,358538,358545,7,0
358538,358543,358545,2,5
358538,358544,358545,1,6
358538,358538,358545,7,0
358538,358544,358546,2,6
358538,358543,358545,2,5
358538,358544,358545,1,6
358538,358545,358546,1,7
358538,358544,358546,2,6
358538,358545,358546,1,7
358538,358545,358546,1,7
358538,358538,358547,9,0
358538,358546,358547,1,8
358538,358546,358547,1,8
358538,358546,358547,1,8
358538,358538,358547,9,0
358538,358538,358548,10,0
358555,358556,358557,1,1
358555,358556,358557,1,1
358555,358556,358557,1,1
358555,358556,358559,3,1
358555,358556,358560,4,1
358555,358556,358560,4,1
358555,358558,358561,3,3
358555,358558,358561,3,3
358555,358556,358562,6,1
358555,358558,358561,3,3
358555,358559,358561,2,4
358555,358556,358562,6,1
358555,358556,358562,6,1
358555,358560,358562,2,5
358555,358556,358563,7,1
358555,358556,358563,7,1
358555,358561,358563,2,6
358555,358562,358563,1,7
358555,358562,358563,1,7
358555,358556,358564,8,1
358555,358562,358564,2,7
358555,358562,358563,1,7
358555,358562,358564,2,7
358555,358556,358564,8,1
358555,358563,358564,1,8
358555,358556,358564,8,1
358555,358563,358564,1,8
358555,358563,358564,1,8
358555,358556,358565,9,1
358555,358556,358565,9,1
358555,358564,358565,1,9
358571,358571,358572,1,0
358571,358571,358572,1,0
358571,358571,358572,1,0
358571,358571,358575,4,0
358571,358571,358575,4,0
358571,358571,358575,4,0
358571,358573,358576,3,2
358571,358573,358576,3,2
358571,358571,358577,6,0
358571,358573,358576,3,2
358571,358571,358577,6,0
358571,358575,358577,2,4
358571,358576,358578,2,5
358571,358576,358577,1,5
358571,358571,358578,7,0
358571,358577,358579,2,6
358571,358571,358578,7,0
358571,358571,358578,7,0
358571,358577,358579,2,6
358571,358577,358578,1,6
358571,358571,358578,7,0
358571,358576,358578,2,5
358571,358571,358579,8,0
358571,358571,358579,8,0
358571,358571,358580,9,0
358571,358578,358579,1,7
358571,358578,358579,1,7
358571,358578,358579,1,7
358571,358578,358579,1,7
358571,358579,358580,1,8
358571,358571,358580,9,0
358587,358587,358588,1,0
358587,358587,358588,1,0
358587,358587,358588,1,0
358587,358587,358590,3,0
358587,358588,358591,3,1
358587,358587,358592,5,0
358587,358589,358592,3,2
358587,358587,358591,4,0
358587,358587,358592,5,0
358587,358589,358592,3,2
358587,358587,358592,5,0
358587,358587,358593,6,0
358587,358587,358593,6,0
358587,358592,358593,1,5
358587,358592,358593,1,5
358587,358591,358593,2,4
358587,358592,358593,1,5
358587,358587,358594,7,0
358587,358592,358594,2,5
358587,358593,358594,1,6
358587,358587,358594,7,0
358587,358593,358594,1,6
358587,358587,358594,7,0
358587,358593,358594,1,6
358587,358594,358595,1,7
358587,358587,358596,9,0
358587,358587,358595,8,0
358587,358594,358595,1,7
358587,358594,358595,1,7
358587,358587,358596,9,0
358587,358594,358595,1,7
358603,358603,358604,1,0
358603,358603,358604,1,0
358603,358603,358604,1,0
358603,358603,358606,3,0
358603,358603,358608,5,0
358603,358603,358607,4,0
358603,358605,358608,3,2
358603,358604,358608,4,1
358603,358605,358608,3,2
358603,358603,358609,6,0
358603,358603,358609,6,0
358603,358607,358610,3,4
358603,358608,358610,2,5
358603,358603,358610,7,0
358603,358603,358610,7,0
358603,358608,358610,2,5
358603,358603,358610,7,0
358603,358603,358611,8,0
358603,358608,358610,2,5
358603,358603,358610,7,0
358603,358608,358610,2,5
358603,358609,358611,2,6
358603,358603,358611,8,0
358603,358603,358611,8,0
358603,358610,358611,1,7
358603,358610,358612,2,7
358603,358610,358612,2,7
358603,358610,358612,2,7
358603,358610,358612,2,7
358603,358610,358612,2,7
358603,358603,358613,10,0
358618,358618,358619,1,0
358618,358618,358620,2,0
358618,358618,358620,2,0
358618,358619,358621,2,1
358618,358619,358623,4,1
358618,358619,358623,4,1
358618,358620,358623,3,2
358618,358619,358623,4,1
358618,358621,358623,2,3
358618,358618,358624,6,0
358618,358621,358624,3,3
358618,358618,358625,7,0
358618,358622,358624,2,4
358618,358624,358625,1,6
358618,358618,358625,7,0
358618,358618,358625,7,0
358618,358624,358625,1,6
358618,358624,358625,1,6
358618,358618,358625,7,0
358618,358619,358625,6,1
358618,358624,358625,1,6
358618,358619,358625,6,1
358618,358619,358625,6,1
358618,358623,358625,2,5
358618,358618,358626,8,0
358618,358625,358626,1,7
358618,358625,358626,1,7
358618,358625,358626,1,7
358618,358625,358626,1,7
358618,358626,358627,1,8
358618,358626,358627,1,8
358633,358633,358634,1,0
358633,358633,358635,2,0
358633,358633,358635,2,0
358633,358634,358636,2,1
358633,358634,358637,3,1
358633,358633,358638,5,0
358633,358635,358638,3,2
358633,358634,358638,4,1
358633,358636,358638,2,3
358633,358636,358638,2,3
358633,358634,358639,5,1
358633,358634,358639,5,1
358633,358634,358639,5,1
358633,358634,358640,6,1
358633,358637,358639,2,4
358633,358639,358640,1,6
358633,358639,358640,1,6
358633,358634,358641,7,1
358633,358634,358640,6,1
358633,358639,358640,1,6
358633,358639,358640,1,6
358633,358634,358640,6,1
358633,358638,358640,2,5
358633,358634,358641,7,1
358633,358640,358641,1,7
358633,358634,358641,7,1
358633,358639,358641,2,6
358633,358640,358641,1,7
358633,358640,358641,1,7
358633,358640,358641,1,7
358633,358640,358641,1,7
358648,358648,358649,1,0
358648,358648,358649,1,0
358648,358648,358649,1,0
358648,358648,358651,3,0
358648,358648,358651,3,0
358648,358650,358653,3,2
358648,358648,358653,5,0
358648,358649,358653,4,1
358648,358648,358653,5,0
358648,358650,358653,3,2
358648,358651,358653,2,3
358648,358648,358654,6,0
358648,358648,358654,6,0
358648,358648,358654,6,0
358648,358648,358654,6,0
358648,358648,358654,6,0
358648,358651,358654,3,3
358648,358648,358655,7,0
358648,358648,358654,6,0
358648,358653,358655,2,5
358648,358653,358655,2,5
358648,358653,358655,2,5
358648,358653,358655,2,5
358648,358653,358655,2,5
358648,358648,358655,7,0
358648,358653,358655,2,5
358648,358654,358656,2,6
358648,358654,358656,2,6
358648,358654,358656,2,6
358648,358648,358655,7,0
358648,358654,358656,2,6
358662,358662,358663,1,0
358662,358662,358663,1,0
358662,358662,358664,2,0
358662,358662,358665,3,0
358662,358662,358666,4,0
358662,358664,358666,2,2
358662,358662,358667,5,0
358662,358662,358666,4,0
358662,358664,358667,3,2
358662,358665,358667,2,3
358662,358662,358668,6,0
358662,358663,358667,4,1
358662,358662,358668,6,0
358662,358665,358668,3,3
358662,358662,358668,6,0
358662,358667,358668,1,5
358662,358662,358669,7,0
358662,358667,358668,1,5
358662,358662,358669,7,0
358662,358668,358669,1,6
358662,358668,358669,1,6
358662,358668,358669,1,6
358662,358668,358669,1,6
358662,358668,358669,1,6
358662,358668,358669,1,6
358662,358669,358670,1,7
358662,358669,358670,1,7
358662,358662,358670,8,0
358662,358662,358670,8,0
358662,358669,358670,1,7
358662,358662,358671,9,0
358676,358676,358677,1,0
358676,358676,358678,2,0
358676,358676,358678,2,0
358676,358677,358679,2,1
358676,358676,358680,4,0
358676,358676,358680,4,0
358676,358676,358680,4,0
358676,358676,358681,5,0
358676,358676,358681,5,0
358676,358678,358681,3,2
358676,358679,358681,2,3
358676,358676,358681,5,0
358676,358679,358681,2,3
358676,358677,358681,4,1
358676,358676,358682,6,0
358676,358681,358682,1,5
358676,358676,358682,6,0
358676,358681,358682,1,5
358676,358680,358682,2,4
358676,358681,358683,2,5
358676,358682,358683,1,6
358676,358682,358683,1,6
358676,358682,358683,1,6
358676,358676,358683,7,0
358676,358682,358683,1,6
358676,358682,358683,1,6
358676,358682,358683,1,6
358676,358677,358683,6,1
358676,358682,358683,1,6
358676,358683,358684,1,7
358676,358676,358684,8,0
358690,358690,358691,1,0
358690,358690,358691,1,0
358690,358690,358692,2,0
358690,358690,358692,2,0
358690,358690,358692,2,0
358690,358690,358694,4,0
358690,358690,358694,4,0
358690,358690,358694,4,0
358690,358690,358693,3,0
358690,358690,358694,4,0
358690,358690,358694,4,0
358690,358690,358694,4,0
358690,358690,358695,5,0
358690,358692,358695,3,2
358690,358692,358695,3,2
358690,358693,358695,2,3
358690,358690,358694,4,0
358690,358690,358696,6,0
358690,358693,358695,2,3
358690,358694,358696,2,4
358690,358694,358696,2,4
358690,358694,358696,2,4
358690,358694,358696,2,4
358690,358694,358696,2,4
358690,358690,358696,6,0
358690,358694,358696,2,4
358690,358692,358696,4,2
358690,358695,358696,1,5
358690,358695,358696,1,5
358690,358695,358696,1,5
358690,358695,358697,2,5
358703,358703,358704,1,0
358703,358703,358705,2,0
358703,358703,358705,2,0
358703,358703,358706,3,0
358703,358703,358707,4,0
358703,358703,358706,3,0
358703,358703,358707,4,0
358703,358703,358707,4,0
358703,358703,358707,4,0
358703,358703,358707,4,0
358703,358705,358707,2,2
358703,358703,358707,4,0
358703,358703,358708,5,0
358703,358703,358708,5,0
358703,358703,358709,6,0
358703,358705,358709,4,2
358703,358707,358709,2,4
358703,358708,358709,1,5
358703,358703,358709,6,0
358703,358705,358709,4,2
358703,358706,358709,3,3
358703,358707,358709,2,4
358703,358703,358709,6,0
358703,358707,358709,2,4
358703,358707,358709,2,4
358703,358707,358709,2,4
358703,358708,358709,1,5
358703,358707,358709,2,4
358703,358707,358709,2,4
358703,358709,358710,1,6
358717,358717,358718,1,0
358717,358717,358718,1,0
358717,358717,358718,1,0
358717,358717,358720,3,0
358717,358717,358719,2,0
358717,358717,358720,3,0
358717,358717,358720,3,0
358717,358717,358720,3,0
358717,358717,358721,4,0
358717,358717,358720,3,0
358717,358717,358720,3,0
358717,358718,358721,3,1
358717,358717,358721,4,0
358717,358717,358722,5,0
358717,358719,358721,2,2
358717,358720,358721,1,3
358717,358717,358722,5,0
358717,358717,358722,5,0
358717,358721,358722,1,4
358717,358717,358722,5,0
358717,358720,358722,2,3
358717,358721,358723,2,4
358717,358719,358722,3,2
358717,358720,358722,2,3
358717,358721,358722,1,4
358717,358721,358722,1,4
358717,358721,358722,1,4
358717,358722,358723,1,5
358717,358722,358723,1,5
358717,358722,358723,1,5
358717,358722,358723,1,5
358730,358730,358731,1,0
358730,358730,358731,1,0
358730,358730,358731,1,0
358730,358730,358733,3,0
358730,358730,358733,3,0
358730,358730,358732,2,0
358730,358730,358733,3,0
358730,358730,358734,4,0
358730,358731,358733,2,1
358730,358730,358734,4,0
358730,358730,358733,3,0
358730,358730,358734,4,0
358730,358730,358735,5,0
358730,358730,358734,4,0
358730,358730,358735,5,0
358730,358730,358734,4,0
358730,358733,358735,2,3
358730,358732,358735,3,2
358730,358733,358735,2,3
358730,358732,358735,3,2
358730,358734,358735,1,4
358730,358733,358735,2,3
358730,358734,358735,1,4
358730,358733,358735,2,3
358730,358735,358736,1,5
358730,358735,358736,1,5
358730,358734,358735,1,4
358730,358734,358735,1,4
358730,358730,358736,6,0
358730,358735,358736,1,5
358730,358735,358736,1,5
358742,358742,358743,1,0
358742,358742,358743,1,0
358742,358742,358743,1,0
358742,358742,358745,3,0
358742,358742,358744,2,0
358742,358742,358744,2,0
358742,358742,358745,3,0
358742,358742,358746,4,0
358742,358742,358746,4,0
358742,358742,358746,4,0
358742,358742,358746,4,0
358742,358744,358746,2,2
358742,358742,358746,4,0
358742,358742,358747,5,0
358742,358744,358746,2,2
358742,358744,358746,2,2
358742,358742,358746,4,0
358742,358742,358746,4,0
358742,358745,358746,1,3
358742,358745,358747,2,3
358742,358742,358747,5,0
358742,358745,358747,2,3
358742,358746,358747,1,4
358742,358746,358747,1,4
358742,358747,358748,1,5
358742,358747,358748,1,5
358742,358747,358748,1,5
358742,358747,358748,1,5
358742,358747,358748,1,5
358742,358747,358748,1,5
358742,358747,358748,1,5
358754,358754,358755,1,0
358754,358754,358755,1,0
358754,358754,358756,2,0
358754,358754,358755,1,0
358754,358754,358756,2,0
358754,358754,358756,2,0
358754,358754,358756,2,0
358754,358754,358756,2,0
358754,358754,358758,4,0
358754,358754,358757,3,0
358754,358755,358757,2,1
358754,358754,358758,4,0
358754,358756,358758,2,2
358754,358754,358758,4,0
358754,358756,358758,2,2
358754,358754,358758,4,0
358754,358757,358758,1,3
358754,358754,358759,5,0
358754,358754,358758,4,0
358754,358756,358758,2,2
358754,358757,358759,2,3
358754,358757,358759,2,3
358754,358757,358759,2,3
358754,358758,358759,1,4
358754,358758,358759,1,4
358754,358758,358759,1,4
358754,358758,358759,1,4
358754,358758,358759,1,4
358754,358758,358759,1,4
358754,358754,358759,5,0
358754,358758,358759,1,4
358767,358767,358768,1,0
358767,358767,358768,1,0
358767,358767,358768,1,0
358767,358767,358768,1,0
358767,358767,358768,1,0
358767,358767,358769,2,0
358767,358767,358769,2,0
358767,358768,358769,1,1
358767,358767,358770,3,0
358767,358767,358769,2,0
358767,358767,358770,3,0
358767,358769,358770,1,2
358767,358767,358770,3,0
358767,358769,358770,1,2
358767,358769,358771,2,2
358767,358769,358771,2,2
358767,358767,358772,5,0
358767,358770,358771,1,3
358767,358770,358771,1,3
358767,358771,358772,1,4
358767,358767,358771,4,0
358767,358767,358771,4,0
358767,358770,358771,1,3
358767,358767,358771,4,0
358767,358770,358772,2,3
358767,358770,358771,1,3
358767,358771,358772,1,4
358767,358771,358772,1,4
358767,358767,358772,5,0
358767,358771,358772,1,4
358767,358771,358772,1,4
358783,358783,358784,1,0
358783,358783,358784,1,0
358783,358783,358784,1,0
358783,358783,358785,2,0
358783,358783,358786,3,0
358783,358784,358786,2,1
358783,358783,358785,2,0
358783,358783,358786,3,0
358783,358783,358786,3,0
358783,358784,358785,1,1
358783,358783,358786,3,0
358783,358784,358785,1,1
358783,358783,358787,4,0
358783,358783,358786,3,0
358783,358783,358786,3,0
358783,358783,358787,4,0
358783,358785,358787,2,2
358783,358783,358786,3,0
358783,358786,358788,2,3
358783,358786,358788,2,3
358783,358787,358788,1,4
358783,358783,358788,5,0
358783,358786,358788,2,3
358783,358786,358787,1,3
358783,358787,358788,1,4
358783,358786,358787,1,3
358783,358786,358787,1,3
358783,358783,358787,4,0
358783,358786,358787,1,3
358783,358786,358787,1,3
358783,358787,358788,1,4
358794,358794,358795,1,0
358794,358794,358795,1,0
358794,358794,358795,1,0
358794,358794,358796,2,0
358794,358794,358796,2,0
358794,358794,358796,2,0
358794,358794,358796,2,0
358794,358794,358796,2,0
358794,358794,358796,2,0
358794,358794,358796,2,0
358794,358794,358796,2,0
358794,358794,358797,3,0
358794,358794,358797,3,0
358794,358794,358797,3,0
358794,358795,358797,2,1
358794,358796,358797,1,2
358794,358794,358797,3,0
358794,358796,358797,1,2
358794,358796,358797,1,2
358794,358795,358797,2,1
358794,358794,358798,4,0
358794,358796,358797,1,2
358794,358797,358798,1,3
358794,358797,358798,1,3
358794,358797,358798,1,3
358794,358797,358798,1,3
358794,358798,358799,1,4
358794,358797,358799,2,3
358794,358797,358798,1,3
358794,358798,358799,1,4
358794,358798,358799,1,4
358807,358807,358808,1,0
358807,358807,358808,1,0
358807,358807,358809,2,0
358807,358807,358809,2,0
358807,358807,358809,2,0
358807,358807,358808,1,0
358807,358807,358809,2,0
358807,358807,358809,2,0
358807,358807,358809,2,0
358807,358807,358810,3,0
358807,358807,358810,3,0
358807,358807,358810,3,0
358807,358807,358811,4,0
358807,358808,358811,3,1
358807,358808,358810,2,1
358807,358809,358811,2,2
358807,358809,358811,2,2
358807,358809,358811,2,2
358807,358809,358811,2,2
358807,358809,358811,2,2
358807,358809,358811,2,2
358807,358807,358811,4,0
358807,358810,358811,1,3
358807,358807,358811,4,0
358807,358807,358811,4,0
358807,358810,358811,1,3
358807,358810,358812,2,3
358807,358810,358811,1,3
358807,358811,358812,1,4
358807,358811,358812,1,4
358807,358811,358812,1,4
358819,358819,358820,1,0
358819,358819,358820,1,0
358819,358819,358821,2,0
358819,358819,358821,2,0
358819,358819,358821,2,0
358819,358819,358822,3,0
358819,358820,358822,2,1
358819,358819,358821,2,0
358819,358819,358822,3,0
358819,358819,358822,3,0
358819,358819,358823,4,0
358819,358819,358823,4,0
358819,358819,358823,4,0
358819,358820,358823,3,1
358819,358819,358822,3,0
358819,358821,358823,2,2
358819,358819,358823,4,0
358819,358819,358823,4,0
358819,358821,358823,2,2
358819,358819,358824,5,0
358819,358822,358824,2,3
358819,358822,358824,2,3
358819,358822,358824,2,3
358819,358822,358824,2,3
358819,358822,358824,2,3
358819,358822,358824,2,3
358819,358823,358825,2,4
358819,358824,358825,1,5
358819,358823,358825,2,4
358819,358824,358825,1,5
358819,358824,358825,1,5
358832,358832,358833,1,0
358832,358832,358834,2,0
358832,358832,358834,2,0
358832,358832,358834,2,0
358832,358832,358835,3,0
358832,358833,358835,2,1
358832,358832,358835,3,0
358832,358832,358835,3,0
358832,358832,358835,3,0
358832,358832,358835,3,0
358832,358832,358835,3,0
358832,358832,358835,3,0
358832,358832,358836,4,0
358832,358832,358836,4,0
358832,358832,358836,4,0
358832,358834,358836,2,2
358832,358835,358836,1,3
358832,358834,358836,2,2
358832,358832,358837,5,0
358832,358836,358837,1,4
358832,358836,358837,1,4
358832,358836,358837,1,4
358832,358836,358837,1,4
358832,358836,358837,1,4
358832,358836,358837,1,4
358832,358836,358837,1,4
358832,358836,358837,1,4
358832,358836,358837,1,4
358832,358837,358838,1,5
358832,358832,358839,7,0
358844,358845,358846,1,1
358844,358845,358846,1,1
358844,358845,358846,1,1
358844,358845,358846,1,1
358844,358845,358846,1,1
358844,358845,358848,3,1
358844,358846,358847,1,2
358844,358845,358847,2,1
358844,358846,358847,1,2
358844,358845,358847,2,1
358844,358845,358847,2,1
358844,358845,358847,2,1
358844,358845,358848,3,1
358844,358845,358848,3,1
358844,358845,358848,3,1
358844,358847,358849,2,3
358844,358847,358849,2,3
358844,358845,358848,3,1
358844,358845,358848,3,1
358844,358847,358848,1,3
358844,358848,358849,1,4
358844,358848,358849,1,4
358844,358848,358849,1,4
358844,358848,358849,1,4
358844,358848,358849,1,4
358844,358847,358849,2,3
358844,358848,358849,1,4
358844,358848,358849,1,4
358844,358849,358850,1,5
358844,358849,358850,1,5
358975,358975,358976,1,0
358975,358975,358976,1,0
358975,358975,358976,1,0
358975,358975,358977,2,0
358975,358975,358977,2,0
358975,358975,358978,3,0
358975,358975,358978,3,0
358975,358975,358978,3,0
358975,358976,358978,2,1
358975,358975,358978,3,0
358975,358976,358978,2,1
358975,358975,358979,4,0
358975,358975,358978,3,0
358975,358977,358978,1,2
358975,358975,358979,4,0
358975,358977,358979,2,2
358975,358978,358979,1,3
358975,358978,358979,1,3
358975,358979,358980,1,4
358975,358978,358980,2,3
358975,358978,358980,2,3
358975,358978,358980,2,3
358975,358978,358980,2,3
358975,358978,358980,2,3
358975,358979,358980,1,4
358975,358979,358980,1,4
358975,358979,358980,1,4
359106,359106,359107,1,0
359106,359106,359107,1,0
359106,359106,359107,1,0
359106,359106,359107,1,0
359106,359106,359108,2,0
359106,359106,359109,3,0
359106,359106,359109,3,0
359106,359106,359109,3,0
359106,359106,359109,3,0
359106,359106,359108,2,0
359106,359106,359109,3,0
359106,359107,359110,3,1
359106,359109,359111,2,3
359106,359109,359111,2,3
359106,359109,359111,2,3
359106,359106,359110,4,0
359106,359109,359110,1,3
359106,359109,359110,1,3
359106,359108,359110,2,2
359106,359108,359111,3,2
359106,359109,359111,2,3
359106,359109,359111,2,3
359106,359108,359111,3,2
359106,359111,359112,1,5
359106,359110,359111,1,4
359106,359111,359112,1,5
359106,359111,359112,1,5
359106,359111,359112,1,5
359106,359111,359112,1,5
359106,359111,359112,1,5
359233,359233,359234,1,0
359233,359233,359234,1,0
359233,359233,359235,2,0
359233,359233,359234,1,0
359233,359233,359234,1,0
359233,359233,359236,3,0
359233,359233,359235,2,0
359233,359233,359235,2,0
359233,359233,359236,3,0
359233,359233,359236,3,0
359233,359235,359237,2,2
359233,359235,359237,2,2
359233,359236,359237,1,3
359233,359236,359238,2,3
359233,359235,359238,3,2
359233,359235,359238,3,2
359233,359235,359238,3,2
359233,359236,359237,1,3
359233,359237,359238,1,4
359233,359237,359238,1,4
359233,359237,359238,1,4
359233,359233,359239,6,0
359233,359238,359239,1,5
359233,359238,359239,1,5
359233,359238,359239,1,5
359233,359238,359239,1,5
359233,359238,359239,1,5
359233,359239,359240,1,6
359233,359233,359240,7,0
359233,359238,359240,2,5
359233,359238,359240,2,5
359364,359365,359366,1,1
359364,359365,359366,1,1
359364,359365,359366,1,1
359364,359365,359366,1,1
359364,359365,359366,1,1
359364,359365,359366,1,1
359364,359365,359367,2,1
359364,359365,359367,2,1
359364,359365,359368,3,1
359364,359366,359368,2,2
359364,359367,359368,1,3
359364,359367,359369,2,3
359364,359367,359368,1,3
359364,359367,359368,1,3
359364,359365,359369,4,1
359364,359366,359369,3,2
359364,359367,359368,1,3
359364,359367,359368,1,3
359364,359365,359369,4,1
359364,359368,359369,1,4
359364,359369,359370,1,5
359364,359369,359370,1,5
359364,359369,359370,1,5
359364,359369,359370,1,5
359364,359369,359370,1,5
359364,359369,359370,1,5
359364,359369,359370,1,5
359364,359369,359370,1,5
359364,359369,359370,1,5
359364,359369,359370,1,5
359620,359620,359621,1,0
359620,359620,359621,1,0
359620,359620,359621,1,0
359620,359620,359622,2,0
359620,359620,359622,2,0
359620,359620,359621,1,0
359620,359620,359622,2,0
359620,359620,359621,1,0
359620,359620,359623,3,0
359620,359620,359623,3,0
359620,359621,359622,1,1
359620,359621,359623,2,1
359620,359622,359624,2,2
359620,359622,359623,1,2
359620,359622,359623,1,2
359620,359622,359623,1,2
359620,359622,359624,2,2
359620,359620,359624,4,0
359620,359623,359624,1,3
359620,359624,359625,1,4
359620,359624,359625,1,4
359620,359623,359624,1,3
359620,359623,359624,1,3
359620,359624,359625,1,4
359620,359620,359625,5,0
359620,359623,359624,1,3
359620,359624,359625,1,4
359620,359624,359625,1,4
359620,359624,359625,1,4
359620,359625,359626,1,5
359620,359625,359626,1,5
359749,359749,359750,1,0
359749,359749,359750,1,0
359749,359749,359750,1,0
359749,359749,359751,2,0
359749,359749,359751,2,0
359749,359749,359751,2,0
359749,359749,359751,2,0
359749,359749,359751,2,0
359749,359749,359752,3,0
359749,359749,359752,3,0
359749,359750,359751,1,1
359749,359749,359752,3,0
359749,359751,359753,2,2
359749,359751,359752,1,2
359749,359751,359752,1,2
359749,359751,359752,1,2
359749,359749,359753,4,0
359749,359751,359753,2,2
359749,359751,359753,2,2
359749,359751,359753,2,2
359749,359753,359754,1,4
359749,359753,359754,1,4
359749,359753,359754,1,4
359749,359752,359753,1,3
359749,359752,359754,2,3
359749,359752,359754,2,3
359749,359754,359755,1,5
359749,359754,359755,1,5
359749,359753,359754,1,4
359749,359753,359754,1,4
359749,359754,359755,1,5
359876,359876,359877,1,0
359876,359876,359877,1,0
359876,359876,359877,1,0
359876,359876,359878,2,0
359876,359876,359878,2,0
359876,359876,359878,2,0
359876,359876,359878,2,0
359876,359876,359878,2,0
359876,359876,359877,1,0
359876,359876,359878,2,0
359876,359876,359878,2,0
359876,359877,359878,1,1
359876,359876,359879,3,0
359876,359877,359879,2,1
359876,359878,359879,1,2
359876,359878,359879,1,2
359876,359878,359879,1,2
359876,359878,359879,1,2
359876,359878,359879,1,2
359876,359878,359879,1,2
359876,359878,359879,1,2
359876,359879,359880,1,3
359876,359879,359880,1,3
359876,359879,359880,1,3
359876,359880,359881,1,4
359876,359880,359881,1,4
359876,359880,359881,1,4
359876,359880,359881,1,4
359876,359880,359882,2,4
359876,359880,359881,1,4
359886,359886,359887,1,0
359886,359886,359887,1,0
359886,359886,359887,1,0
359886,359886,359888,2,0
359886,359886,359887,1,0
359886,359886,359888,2,0
359886,359886,359888,2,0
359886,359886,359888,2,0
359886,359886,359888,2,0
359886,359886,359888,2,0
359886,359887,359888,1,1
359886,359886,359888,2,0
359886,359886,359888,2,0
359886,359887,359889,2,1
359886,359888,359889,1,2
359886,359888,359890,2,2
359886,359889,359890,1,3
359886,359888,359890,2,2
359886,359888,359890,2,2
359886,359889,359890,1,3
359886,359889,359890,1,3
359886,359889,359890,1,3
359886,359889,359890,1,3
359886,359889,359890,1,3
359886,359890,359891,1,4
359886,359889,359890,1,3
359886,359889,359890,1,3
359886,359890,359891,1,4
359886,359890,359891,1,4
359886,359891,359892,1,5
359886,359891,359892,1,5
360014,360014,360015,1,0
360014,360014,360015,1,0
360014,360014,360015,1,0
360014,360014,360015,1,0
360014,360014,360016,2,0
360014,360014,360015,1,0
360014,360014,360015,1,0
360014,360014,360016,2,0
360014,360014,360016,2,0
360014,360014,360015,1,0
360014,360015,360016,1,1
360014,360015,360016,1,1
360014,360014,360016,2,0
360014,360014,360016,2,0
360014,360015,360016,1,1
360014,360016,360017,1,2
360014,360016,360017,1,2
360014,360016,360017,1,2
360014,360016,360017,1,2
360014,360016,360017,1,2
360014,360016,360017,1,2
360014,360016,360018,2,2
360014,360017,360018,1,3
360014,360017,360018,1,3
360014,360017,360018,1,3
360014,360017,360018,1,3
360014,360017,360018,1,3
360014,360018,360019,1,4
360014,360017,360018,1,3
360014,360018,360019,1,4
360014,360018,360019,1,4
360141,360141,360142,1,0
360141,360141,360142,1,0
360141,360141,360142,1,0
360141,360141,360142,1,0
360141,360141,360142,1,0
360141,360141,360142,1,0
360141,360141,360143,2,0
360141,360141,360143,2,0
360141,360141,360143,2,0
360141,360141,360143,2,0
360141,360141,360144,3,0
360141,360141,360143,2,0
360141,360142,360143,1,1
360141,360143,360144,1,2
360141,360143,360144,1,2
360141,360143,360144,1,2
360141,360144,360145,1,3
360141,360143,360145,2,2
360141,360144,360145,1,3
360141,360143,360145,2,2
360141,360144,360145,1,3
360141,360144,360145,1,3
360141,360145,360146,1,4
360141,360144,360145,1,3
360141,360145,360146,1,4
360141,360145,360146,1,4
360141,360145,360146,1,4
360141,360144,360145,1,3
360141,360144,360145,1,3
360141,360145,360146,1,4
360141,360145,360146,1,4
360270,360270,360271,1,0
360270,360270,360271,1,0
360270,360270,360271,1,0
360270,360270,360271,1,0
360270,360270,360271,1,0
360270,360270,360272,2,0
360270,360270,360272,2,0
360270,360270,360272,2,0
360270,360270,360271,1,0
360270,360270,360272,2,0
360270,360270,360272,2,0
360270,360271,360272,1,1
360270,360270,360272,2,0
360270,360271,360272,1,1
360270,360272,360273,1,2
360270,360272,360273,1,2
360270,360272,360273,1,2
360270,360272,360274,2,2
360270,360273,360274,1,3
360270,360272,360273,1,2
360270,360272,360273,1,2
360270,360273,360274,1,3
360270,360273,360274,1,3
360270,360272,360273,1,2
360270,360273,360274,1,3
360270,360273,360274,1,3
360270,360274,360275,1,4
360270,360274,360275,1,4
360270,360274,360275,1,4
360270,360273,360274,1,3
360270,360274,360275,1,4
360397,360397,360398,1,0
360397,360397,360398,1,0
360397,360397,360399,2,0
360397,360397,360399,2,0
360397,360397,360399,2,0
360397,360397,360399,2,0
360397,360397,360399,2,0
360397,360397,360399,2,0
360397,360397,360399,2,0
360397,360397,360399,2,0
360397,360397,360400,3,0
360397,360397,360399,2,0
360397,360398,360400,2,1
360397,360399,360400,1,2
360397,360400,360401,1,3
360397,360399,360401,2,2
360397,360399,360401,2,2
360397,360399,360401,2,2
360397,360399,360401,2,2
360397,360400,360401,1,3
360397,360400,360401,1,3
360397,360400,360401,1,3
360397,360401,360402,1,4
360397,360401,360402,1,4
360397,360400,360402,2,3
360397,360400,360402,2,3
360397,360402,360403,1,5
360397,360402,360403,1,5
360397,360402,360403,1,5
360525,360526,360527,1,1
360525,360526,360527,1,1
360525,360526,360527,1,1
360525,360526,360527,1,1
360525,360526,360527,1,1
360525,360526,360527,1,1
360525,360526,360527,1,1
360525,360526,360527,1,1
360525,360526,360527,1,1
360525,360526,360528,2,1
360525,360527,360528,1,2
360525,360527,360528,1,2
360525,360527,360528,1,2
360525,360528,360529,1,3
360525,360528,360529,1,3
360525,360528,360529,1,3
360525,360528,360529,1,3
360525,360528,360529,1,3
360525,360529,360530,1,4
360525,360528,360529,1,3
360525,360528,360529,1,3
360525,360528,360529,1,3
360525,360529,360530,1,4
360525,360529,360530,1,4
360525,360529,360530,1,4
360525,360530,360531,1,5
360525,360530,360531,1,5
360525,360529,360530,1,4
360525,360529,360530,1,4
360650,360650,360651,1,0
360650,360650,360651,1,0
360650,360650,360652,2,0
360650,360650,360658,8,0
360650,360650,360658,8,0
360650,360650,360658,8,0
360650,360650,360658,8,0
360650,360650,360658,8,0
360650,360650,360659,9,0
360650,360652,360659,7,2
360650,360652,360659,7,2
360650,360650,360659,9,0
360650,360652,360659,7,2
360650,360650,360659,9,0
360650,360650,360660,10,0
360650,360658,360661,3,8
360650,360659,360661,2,9
360650,360659,360662,3,9
360650,360659,360661,2,9
360650,360660,360661,1,10
360650,360660,360661,1,10
360650,360659,360661,2,9
360650,360659,360662,3,9
360650,360660,360662,2,10
360650,360658,360662,4,8
360650,360660,360662,2,10
360650,360658,360663,5,8
360650,360662,360663,1,12
360650,360662,360663,1,12
360650,360662,360663,1,12
360650,360662,360663,1,12
360778,360779,360780,1,1
360778,360779,360780,1,1
360778,360779,360780,1,1
360778,360779,360786,7,1
360778,360779,360786,7,1
360778,360779,360786,7,1
360778,360779,360787,8,1
360778,360779,360786,7,1
360778,360779,360787,8,1
360778,360779,360787,8,1
360778,360781,360787,6,3
360778,360781,360788,7,3
360778,360779,360787,8,1
360778,360779,360789,10,1
360778,360781,360788,7,3
360778,360788,360790,2,10
360778,360788,360789,1,10
360778,360787,360789,2,9
360778,360788,360789,1,10
360778,360787,360791,4,9
360778,360787,360790,3,9
360778,360787,360790,3,9
360778,360788,360790,2,10
360778,360788,360790,2,10
360778,360789,360790,1,11
360778,360789,360790,1,11
360778,360790,360791,1,12
360778,360790,360791,1,12
360778,360790,360791,1,12
360778,360790,360791,1,12
360778,360787,360792,5,9
360905,360905,360906,1,0
360905,360905,360907,2,0
360905,360905,360906,1,0
360905,360905,360910,5,0
360905,360905,360913,8,0
360905,360905,360913,8,0
360905,360907,360913,6,2
360905,360905,360913,8,0
360905,360905,360913,8,0
360905,360907,360914,7,2
360905,360905,360913,8,0
360905,360906,360914,8,1
360905,360905,360915,10,0
360905,360905,360915,10,0
360905,360905,360915,10,0
360905,360913,360916,3,8
360905,360914,360916,2,9
360905,360914,360916,2,9
360905,360914,360916,2,9
360905,360915,360916,1,10
360905,360914,360916,2,9
360905,360915,360917,2,10
360905,360915,360917,2,10
360905,360916,360917,1,11
360905,360917,360918,1,12
360905,360917,360918,1,12
360905,360913,360918,5,8
360905,360913,360918,5,8
360905,360911,360918,7,6
360905,360917,360918,1,12
360905,360917,360918,1,12
361163,361163,361164,1,0
361163,361163,361165,2,0
361163,361163,361164,1,0
361163,361163,361168,5,0
361163,361163,361171,8,0
361163,361163,361171,8,0
361163,361163,361171,8,0
361163,361165,361171,6,2
361163,361163,361172,9,0
361163,361163,361172,9,0
361163,361165,361172,7,2
361163,361163,361173,10,0
361163,361165,361173,8,2
361163,361163,361173,10,0
361163,361163,361173,10,0
361163,361172,361174,2,9
361163,361169,361175,6,6
361163,361172,361175,3,9
361163,361173,361175,2,10
361163,361173,361175,2,10
361163,361172,361175,3,9
361163,361172,361174,2,9
361163,361173,361175,2,10
361163,361172,361175,3,9
361163,361172,361175,3,9
361163,361174,361175,1,11
361163,361176,361177,1,13
361163,361175,361176,1,12
361163,361171,361177,6,8
361163,361176,361177,1,13
361163,361176,361177,1,13
361426,361426,361427,1,0
361426,361426,361427,1,0
361426,361426,361427,1,0
361426,361426,361431,5,0
361426,361426,361433,7,0
361426,361426,361434,8,0
361426,361426,361433,7,0
361426,361426,361434,8,0
361426,361428,361434,6,2
361426,361426,361434,8,0
361426,361428,361434,6,2
361426,361426,361435,9,0
361426,361426,361435,9,0
361426,361431,361436,5,5
361426,361434,361436,2,8
361426,361426,361436,10,0
361426,361428,361436,8,2
361426,361435,361437,2,9
361426,361435,361437,2,9
361426,361434,361437,3,8
361426,361436,361437,1,10
361426,361434,361437,3,8
361426,361434,361438,4,8
361426,361436,361437,1,10
361426,361437,361438,1,11
361426,361437,361438,1,11
361426,361437,361438,1,11
361426,361434,361438,4,8
361426,361437,361438,1,11
361426,361437,361439,2,11
361426,361437,361438,1,11
361552,361552,361554,2,0
361552,361552,361553,1,0
361552,361552,361553,1,0
361552,361552,361557,5,0
361552,361552,361560,8,0
361552,361552,361560,8,0
361552,361552,361560,8,0
361552,361554,361560,6,2
361552,361552,361560,8,0
361552,361552,361560,8,0
361552,361552,361561,9,0
361552,361552,361561,9,0
361552,361552,361562,10,0
361552,361554,361562,8,2
361552,361554,361561,7,2
361552,361561,361563,2,9
361552,361558,361563,5,6
361552,361561,361563,2,9
361552,361560,361563,3,8
361552,361560,361563,3,8
361552,361561,361563,2,9
361552,361561,361564,3,9
361552,361562,361564,2,10
361552,361562,361563,1,10
361552,361560,361564,4,8
361552,361562,361564,2,10
361552,361564,361565,1,12
361552,361563,361565,2,11
361552,361563,361565,2,11
361552,361563,361564,1,11
361552,361560,361565,5,8
361682,361682,361683,1,0
361682,361682,361683,1,0
361682,361682,361683,1,0
361682,361682,361687,5,0
361682,361682,361689,7,0
361682,361682,361689,7,0
361682,361682,361689,7,0
361682,361684,361689,5,2
361682,361682,361689,7,0
361682,361682,361689,7,0
361682,361683,361689,6,1
361682,361682,361690,8,0
361682,361682,361690,8,0
361682,361682,361691,9,0
361682,361690,361692,2,8
361682,361683,361691,8,1
361682,361690,361692,2,8
361682,361690,361692,2,8
361682,361690,361692,2,8
361682,361688,361692,4,6
361682,361690,361692,2,8
361682,361691,361693,2,9
361682,361691,361693,2,9
361682,361692,361693,1,10
361682,361692,361694,2,10
361682,361692,361693,1,10
361682,361689,361694,5,7
361682,361692,361694,2,10
361682,361693,361694,1,11
361682,361690,361694,4,8
361682,361693,361694,1,11
361814,361814,361815,1,0
361814,361814,361815,1,0
361814,361814,361815,1,0
361814,361814,361819,5,0
361814,361814,361821,7,0
361814,361814,361820,6,0
361814,361814,361821,7,0
361814,361814,361821,7,0
361814,361814,361821,7,0
361814,361814,361821,7,0
361814,361814,361821,7,0
361814,361814,361821,7,0
361814,361816,361822,6,2
361814,361819,361824,5,5
361814,361822,361824,2,8
361814,361822,361824,2,8
361814,361822,361824,2,8
361814,361822,361824,2,8
361814,361816,361824,8,2
361814,361822,361825,3,8
361814,361822,361824,2,8
361814,361822,361824,2,8
361814,361816,361825,9,2
361814,361821,361825,4,7
361814,361824,361825,1,10
361814,361825,361826,1,11
361814,361824,361825,1,10
361814,361824,361825,1,10
361814,361824,361826,2,10
361814,361824,361825,1,10
361814,361821,361827,6,7
361941,361941,361943,2,0
361941,361941,361943,2,0
361941,361941,361943,2,0
361941,361941,361946,5,0
361941,361941,361948,7,0
361941,361942,361948,6,1
361941,361941,361949,8,0
361941,361941,361949,8,0
361941,361941,361949,8,0
361941,361941,361949,8,0
361941,361941,361950,9,0
361941,361941,361950,9,0
361941,361944,361950,6,3
361941,361944,361951,7,3
361941,361947,361951,4,6
361941,361949,361952,3,8
361941,361950,361952,2,9
361941,361950,361952,2,9
361941,361944,361952,8,3
361941,361950,361952,2,9
361941,361950,361952,2,9
361941,361950,361952,2,9
361941,361951,361952,1,10
361941,361951,361952,1,10
361941,361951,361953,2,10
361941,361953,361954,1,12
361941,361952,361953,1,11
361941,361952,361953,1,11
361941,361952,361953,1,11
361941,361952,361953,1,11
361941,361949,361954,5,8
362069,362069,362071,2,0
362069,362069,362071,2,0
362069,362069,362071,2,0
362069,362069,362075,6,0
362069,362069,362075,6,0
362069,362069,362075,6,0
362069,362069,362076,7,0
362069,362069,362077,8,0
362069,362071,362077,6,2
362069,362069,362077,8,0
362069,362069,362077,8,0
362069,362069,362078,9,0
362069,362071,362077,6,2
362069,362069,362078,9,0
362069,362072,362078,6,3
362069,362076,362079,3,7
362069,362076,362079,3,7
362069,362078,362079,1,9
362069,362078,362079,1,9
362069,362076,362080,4,7
362069,362078,362080,2,9
362069,362078,362080,2,9
362069,362077,362080,3,8
362069,362077,362079,2,8
362069,362078,362080,2,9
362069,362079,362080,1,10
362069,362079,362081,2,10
362069,362080,362081,1,11
362069,362080,362081,1,11
362069,362080,362081,1,11
362069,362075,362082,7,6
362197,362197,362198,1,0
362197,362197,362198,1,0
362197,362197,362198,1,0
362197,362197,362202,5,0
362197,362198,362203,5,1
362197,362197,362204,7,0
362197,362198,362204,6,1
362197,362197,362204,7,0
362197,362199,362205,6,2
362197,362197,362205,8,0
362197,362197,362204,7,0
362197,362197,362204,7,0
362197,362197,362205,8,0
362197,362197,362207,10,0
362197,362205,362207,2,8
362197,362205,362207,2,8
362197,362197,362207,10,0
362197,362204,362207,3,7
362197,362204,362207,3,7
362197,362205,362206,1,8
362197,362205,362208,3,8
362197,362205,362207,2,8
362197,362204,362208,4,7
362197,362205,362207,2,8
362197,362207,362209,2,10
362197,362207,362209,2,10
362197,362207,362209,2,10
362197,362207,362208,1,10
362197,362208,362209,1,11
362197,362208,362209,1,11
362197,362203,362209,6,6
362324,362324,362325,1,0
362324,362324,362325,1,0
362324,362324,362325,1,0
362324,362324,362329,5,0
362324,362324,362330,6,0
362324,362324,362331,7,0
362324,362324,362330,6,0
362324,362324,362331,7,0
362324,362326,362331,5,2
362324,362326,362331,5,2
362324,362326,362332,6,2
362324,362324,362333,9,0
362324,362324,362333,9,0
362324,362329,362333,4,5
362324,362332,362334,2,8
362324,362324,362333,9,0
362324,362331,362334,3,7
362324,362332,362334,2,8
362324,362324,362334,10,0
362324,362332,362334,2,8
362324,362331,362334,3,7
362324,362333,362335,2,9
362324,362331,362336,5,7
362324,362332,362335,3,8
362324,362334,362336,2,10
362324,362334,362336,2,10
362324,362334,362336,2,10
362324,362334,362336,2,10
362324,362334,362336,2,10
362324,362335,362336,1,11
362324,362334,362336,2,10
362453,362453,362454,1,0
362453,362453,362455,2,0
362453,362453,362456,3,0
362453,362453,362459,6,0
362453,362453,362459,6,0
362453,362453,362460,7,0
362453,362455,362460,5,2
362453,362453,362460,7,0
362453,362456,362460,4,3
362453,362453,362461,8,0
362453,362456,362462,6,3
362453,362453,362463,10,0
362453,362460,362463,3,7
362453,362453,362463,10,0
362453,362453,362463,10,0
362453,362453,362463,10,0
362453,362461,362463,2,8
362453,362461,362463,2,8
362453,362459,362464,5,6
362453,362460,362464,4,7
362453,362459,362464,5,6
362453,362462,362464,2,9
362453,362462,362464,2,9
362453,362464,362465,1,11
362453,362464,362465,1,11
362453,362464,362465,1,11
362453,362464,362465,1,11
362453,362464,362465,1,11
362453,362464,362465,1,11
362453,362464,362465,1,11
362453,362465,362466,1,12
362580,362580,362582,2,0
362580,362580,362582,2,0
362580,362580,362582,2,0
362580,362580,362586,6,0
362580,362581,362586,5,1
362580,362583,362587,4,3
362580,362583,362587,4,3
362580,362583,362588,5,3
362580,362580,362588,8,0
362580,362580,362589,9,0
362580,362580,362589,9,0
362580,362580,362589,9,0
362580,362580,362590,10,0
362580,362580,362590,10,0
362580,362581,362591,10,1
362580,362587,362591,4,7
362580,362588,362591,3,8
362580,362587,362591,4,7
362580,362589,362591,2,9
362580,362590,362592,2,10
362580,362588,362591,3,8
362580,362589,362591,2,9
362580,362590,362592,2,10
362580,362590,362592,2,10
362580,362591,362592,1,11
362580,362591,362592,1,11
362580,362591,362593,2,11
362580,362591,362593,2,11
362580,362591,362592,1,11
362580,362592,362593,1,12
362580,362592,362593,1,12
362711,362711,362713,2,0
362711,362711,362712,1,0
362711,362711,362713,2,0
362711,362711,362717,6,0
362711,362713,362718,5,2
362711,362714,362719,5,3
362711,362713,362719,6,2
362711,362711,362719,8,0
362711,362711,362719,8,0
362711,362711,362720,9,0
362711,362711,362720,9,0
362711,362711,362720,9,0
362711,362711,362720,9,0
362711,362711,362721,10,0
362711,362717,362721,4,6
362711,362711,362721,10,0
362711,362719,362722,3,8
362711,362720,362723,3,9
362711,362720,362722,2,9
362711,362719,362722,3,8
362711,362720,362722,2,9
362711,362721,362722,1,10
362711,362719,362722,3,8
362711,362720,362722,2,9
362711,362721,362722,1,10
362711,362722,362723,1,11
362711,362722,362723,1,11
362711,362722,362723,1,11
362711,362723,362724,1,12
362711,362723,362724,1,12
362711,362723,362724,1,12
362840,362840,362841,1,0
362840,362840,362841,1,0
362840,362840,362842,2,0
362840,362840,362846,6,0
362840,362840,362847,7,0
362840,362840,362847,7,0
362840,362840,362848,8,0
362840,362842,362848,6,2
362840,362840,362848,8,0
362840,362842,362847,5,2
362840,362840,362848,8,0
362840,362840,362849,9,0
362840,362840,362849,9,0
362840,362840,362850,10,0
362840,362848,362850,2,8
362840,362847,362850,3,7
362840,362848,362850,2,8
362840,362849,362851,2,9
362840,362848,362851,3,8
362840,362842,362851,9,2
362840,362848,362851,3,8
362840,362850,362852,2,10
362840,362847,362851,4,7
362840,362850,362852,2,10
362840,362850,362852,2,10
362840,362850,362852,2,10
362840,362848,362852,4,8
362840,362851,362853,2,11
362840,362851,362853,2,11
362840,362851,362852,1,11
362840,362851,362853,2,11
362972,362972,362973,1,0
362972,362972,362973,1,0
362972,362972,362973,1,0
362972,362972,362978,6,0
362972,362974,362978,4,2
362972,362972,362979,7,0
362972,362972,362980,8,0
362972,362972,362979,7,0
362972,362972,362980,8,0
362972,362974,362980,6,2
362972,362972,362980,8,0
362972,362972,362981,9,0
362972,362972,362981,9,0
362972,362972,362982,10,0
362972,362979,362983,4,7
362972,362981,362983,2,9
362972,362974,362982,8,2
362972,362981,362983,2,9
362972,362979,362983,4,7
362972,362980,362983,3,8
362972,362981,362983,2,9
362972,362982,362983,1,10
362972,362980,362983,3,8
362972,362982,362984,2,10
362972,362980,362983,3,8
362972,362982,362984,2,10
362972,362983,362984,1,11
362972,362983,362984,1,11
362972,362983,362985,2,11
362972,362983,362984,1,11
362972,362983,362985,2,11
363097,363098,363099,1,1
363097,363098,363099,1,1
363097,363098,363102,4,1
363097,363098,363105,7,1
363097,363099,363104,5,2
363097,363098,363105,7,1
363097,363098,363105,7,1
363097,363099,363105,6,2
363097,363098,363106,8,1
363097,363103,363107,4,6
363097,363098,363106,8,1
363097,363098,363106,8,1
363097,363098,363107,9,1
363097,363099,363107,8,2
363097,363098,363107,9,1
363097,363105,363108,3,8
363097,363106,363108,2,9
363097,363105,363108,3,8
363097,363105,363109,4,8
363097,363107,363109,2,10
363097,363107,363108,1,10
363097,363106,363108,2,9
363097,363106,363109,3,9
363097,363107,363109,2,10
363097,363107,363109,2,10
363097,363107,363109,2,10
363097,363108,363109,1,11
363097,363108,363110,2,11
363097,363108,363110,2,11
363097,363109,363110,1,12
363227,363227,363228,1,0
363227,363227,363229,2,0
363227,363227,363229,2,0
363227,363227,363233,6,0
363227,363227,363235,8,0
363227,363230,363235,5,3
363227,363227,363235,8,0
363227,363230,363235,5,3
363227,363227,363236,9,0
363227,363228,363235,7,1
363227,363229,363235,6,2
363227,363227,363236,9,0
363227,363227,363236,9,0
363227,363227,363237,10,0
363227,363227,363237,10,0
363227,363236,363238,2,9
363227,363236,363238,2,9
363227,363237,363238,1,10
363227,363237,363238,1,10
363227,363236,363238,2,9
363227,363236,363239,3,9
363227,363236,363238,2,9
363227,363234,363239,5,7
363227,363238,363239,1,11
363227,363236,363240,4,9
363227,363238,363239,1,11
363227,363238,363239,1,11
363227,363238,363240,2,11
363227,363236,363241,5,9
363227,363239,363240,1,12
363227,363239,363240,1,12
363356,363356,363357,1,0
363356,363356,363358,2,0
363356,363356,363357,1,0
363356,363356,363362,6,0
363356,363357,363363,6,1
363356,363356,363363,7,0
363356,363358,363364,6,2
363356,363358,363363,5,2
363356,363356,363364,8,0
363356,363356,363364,8,0
363356,363356,363364,8,0
363356,363356,363365,9,0
363356,363356,363364,8,0
363356,363356,363366,10,0
363356,363356,363366,10,0
363356,363365,363367,2,9
363356,363365,363367,2,9
363356,363364,363367,3,8
363356,363365,363367,2,9
363356,363365,363367,2,9
363356,363362,363367,5,6
363356,363364,363367,3,8
363356,363365,363367,2,9
363356,363363,363367,4,7
363356,363366,363368,2,10
363356,363367,363368,1,11
363356,363367,363368,1,11
363356,363367,363368,1,11
363356,363367,363369,2,11
363356,363367,363368,1,11
363356,363364,363370,6,8
363483,363483,363484,1,0
363483,363483,363485,2,0
363483,363483,363485,2,0
363483,363483,363489,6,0
363483,363483,363491,8,0
363483,363486,363491,5,3
363483,363483,363491,8,0
363483,363485,363491,6,2
363483,363484,363491,7,1
363483,363484,363491,7,1
363483,363486,363491,5,3
363483,363483,363492,9,0
363483,363483,363493,10,0
363483,363483,363493,10,0
363483,363484,363493,9,1
363483,363490,363494,4,7
363483,363492,363494,2,9
363483,363493,363494,1,10
363483,363492,363494,2,9
363483,363492,363494,2,9
363483,363492,363494,2,9
363483,363492,363496,4,9
363483,363494,363495,1,11
363483,363494,363495,1,11
363483,363494,363496,2,11
363483,363495,363496,1,12
363483,363495,363496,1,12
363483,363492,363496,4,9
363483,363492,363497,5,9
363483,363495,363496,1,12
363483,363495,363496,1,12
363620,363620,363621,1,0
363620,363620,363621,1,0
363620,363620,363621,1,0
363620,363620,363625,5,0
363620,363620,363627,7,0
363620,363620,363627,7,0
363620,363622,363627,5,2
363620,363622,363627,5,2
363620,363620,363627,7,0
363620,363620,363627,7,0
363620,363621,363628,7,1
363620,363620,363629,9,0
363620,363620,363628,8,0
363620,363620,363629,9,0
363620,363620,363629,9,0
363620,363628,363630,2,8
363620,363628,363630,2,8
363620,363626,363630,4,6
363620,363629,363630,1,9
363620,363629,363630,1,9
363620,363628,363630,2,8
363620,363628,363630,2,8
363620,363629,363631,2,9
363620,363630,363631,1,10
363620,363628,363632,4,8
363620,363630,363632,2,10
363620,363628,363632,4,8
363620,363628,363632,4,8
363620,363631,363632,1,11
363620,363631,363632,1,11
363620,363631,363632,1,11
363745,363745,363746,1,0
363745,363745,363746,1,0
363745,363745,363746,1,0
363745,363745,363751,6,0
363745,363745,363752,7,0
363745,363745,363753,8,0
363745,363747,363752,5,2
363745,363745,363753,8,0
363745,363746,363753,7,1
363745,363745,363753,8,0
363745,363747,363753,6,2
363745,363745,363753,8,0
363745,363745,363753,8,0
363745,363745,363754,9,0
363745,363745,363754,9,0
363745,363751,363755,4,6
363745,363754,363756,2,9
363745,363754,363756,2,9
363745,363752,363757,5,7
363745,363753,363756,3,8
363745,363753,363756,3,8
363745,363755,363756,1,10
363745,363754,363757,3,9
363745,363755,363757,2,10
363745,363753,363756,3,8
363745,363755,363757,2,10
363745,363756,363758,2,11
363745,363756,363757,1,11
363745,363753,363757,4,8
363745,363756,363757,1,11
363745,363757,363758,1,12
363872,363872,363873,1,0
363872,363872,363873,1,0
363872,363872,363873,1,0
363872,363872,363877,5,0
363872,363873,363878,5,1
363872,363872,363879,7,0
363872,363874,363879,5,2
363872,363872,363880,8,0
363872,363873,363879,6,1
363872,363872,363879,7,0
363872,363872,363880,8,0
363872,363872,363879,7,0
363872,363872,363880,8,0
363872,363872,363882,10,0
363872,363872,363882,10,0
363872,363880,363882,2,8
363872,363878,363882,4,6
363872,363880,363883,3,8
363872,363880,363883,3,8
363872,363881,363882,1,9
363872,363879,363883,4,7
363872,363880,363882,2,8
363872,363880,363882,2,8
363872,363880,363884,4,8
363872,363882,363883,1,10
363872,363882,363883,1,10
363872,363882,363884,2,10
363872,363883,363884,1,11
363872,363883,363884,1,11
363872,363880,363884,4,8
363872,363883,363884,1,11
364000,364000,364002,2,0
364000,364000,364002,2,0
364000,364000,364002,2,0
364000,364000,364006,6,0
364000,364000,364008,8,0
364000,364001,364008,7,1
364000,364001,364008,7,1
364000,364001,364008,7,1
364000,364003,364008,5,3
364000,364001,364009,8,1
364000,364003,364009,6,3
364000,364003,364009,6,3
364000,364001,364009,8,1
364000,364001,364009,8,1
364000,364001,364010,9,1
364000,364010,364011,1,10
364000,364007,364011,4,7
364000,364009,364011,2,9
364000,364009,364011,2,9
364000,364010,364011,1,10
364000,364010,364012,2,10
364000,364009,364013,4,9
364000,364010,364012,2,10
364000,364010,364012,2,10
364000,364011,364012,1,11
364000,364009,364013,4,9
364000,364009,364013,4,9
364000,364012,364013,1,12
364000,364012,364013,1,12
364000,364012,364014,2,12
364000,364012,364014,2,12
364132,364132,364134,2,0
364132,364132,364133,1,0
364132,364132,364133,1,0
364132,364132,364137,5,0
364132,364132,364140,8,0
364132,364134,364140,6,2
364132,364132,364140,8,0
364132,364132,364140,8,0
364132,364134,364140,6,2
364132,364132,364140,8,0
364132,364132,364141,9,0
364132,364132,364140,8,0
364132,364134,364141,7,2
364132,364137,364142,5,5
364132,364132,364142,10,0
364132,364132,364142,10,0
364132,364141,364143,2,9
364132,364141,364143,2,9
364132,364141,364143,2,9
364132,364141,364143,2,9
364132,364141,364143,2,9
364132,364142,364144,2,10
364132,364142,364144,2,10
364132,364141,364145,4,9
364132,364143,364144,1,11
364132,364140,364145,5,8
364132,364143,364145,2,11
364132,364143,364145,2,11
364132,364140,364145,5,8
364132,364144,364145,1,12
364132,364144,364145,1,12
364258,364258,364259,1,0
364258,364258,364260,2,0
364258,364258,364260,2,0
364258,364258,364266,8,0
364258,364260,364266,6,2
364258,364258,364266,8,0
364258,364258,364266,8,0
364258,364259,364266,7,1
364258,364259,364267,8,1
364258,364259,364266,7,1
364258,364261,364266,5,3
364258,364259,364268,9,1
364258,364258,364268,10,0
364258,364267,364269,2,9
364258,364267,364269,2,9
364258,364267,364269,2,9
364258,364267,364270,3,9
364258,364259,364269,10,1
364258,364268,364270,2,10
364258,364261,364271,10,3
364258,364267,364271,4,9
364258,364269,364270,1,11
364258,364269,364271,2,11
364258,364269,364270,1,11
364258,364269,364271,2,11
364258,364270,364271,1,12
364258,364267,364271,4,9
364258,364267,364271,4,9
364258,364270,364271,1,12
364258,364267,364271,4,9
364258,364270,364271,1,12
364385,364385,364386,1,0
364385,364385,364386,1,0
364385,364385,364386,1,0
364385,364385,364390,5,0
364385,364386,364391,5,1
364385,364387,364391,4,2
364385,364387,364392,5,2
364385,364385,364393,8,0
364385,364385,364393,8,0
364385,364385,364394,9,0
364385,364385,364395,10,0
364385,364391,364395,4,6
364385,364385,364394,9,0
364385,364385,364394,9,0
364385,364385,364395,10,0
364385,364392,364395,3,7
364385,364385,364395,10,0
364385,364393,364395,2,8
364385,364394,364396,2,9
364385,364395,364397,2,10
364385,364392,364396,4,7
364385,364395,364397,2,10
364385,364395,364397,2,10
364385,364395,364398,3,10
364385,364395,364397,2,10
364385,364396,364397,1,11
364385,364391,364398,7,6
364385,364396,364397,1,11
364385,364396,364397,1,11
364385,364396,364398,2,11
364385,364397,364398,1,12
364517,364517,364518,1,0
364517,364517,364519,2,0
364517,364517,364519,2,0
364517,364517,364524,7,0
364517,364518,364524,6,1
364517,364517,364524,7,0
364517,364520,364524,4,3
364517,364517,364524,7,0
364517,364519,364525,6,2
364517,364517,364526,9,0
364517,364517,364526,9,0
364517,364517,364527,10,0
364517,364517,364527,10,0
364517,364517,364527,10,0
364517,364517,364527,10,0
364517,364524,364528,4,7
364517,364525,364528,3,8
364517,364525,364528,3,8
364517,364525,364528,3,8
364517,364527,364529,2,10
364517,364524,364529,5,7
364517,364528,364529,1,11
364517,364527,364529,2,10
364517,364527,364529,2,10
364517,364528,364529,1,11
364517,364525,364529,4,8
364517,364528,364529,1,11
364517,364529,364530,1,12
364517,364529,364530,1,12
364517,364529,364530,1,12
364517,364529,364530,1,12
364644,364644,364645,1,0
364644,364644,364646,2,0
364644,364644,364646,2,0
364644,364644,364650,6,0
364644,364644,364651,7,0
364644,364646,364651,5,2
364644,364644,364652,8,0
364644,364646,364652,6,2
364644,364644,364651,7,0
364644,364644,364653,9,0
364644,364644,364653,9,0
364644,364644,364654,10,0
364644,364646,364654,8,2
364644,364644,364654,10,0
364644,364651,364655,4,7
364644,364652,364655,3,8
364644,364644,364654,10,0
364644,364652,364655,3,8
364644,364652,364655,3,8
364644,364652,364655,3,8
364644,364652,364655,3,8
364644,364654,364656,2,10
364644,364654,364656,2,10
364644,364654,364656,2,10
364644,364654,364656,2,10
364644,364655,364656,1,11
364644,364654,364656,2,10
364644,364655,364657,2,11
364644,364655,364657,2,11
364644,364655,364657,2,11
364644,364655,364657,2,11
364773,364773,364774,1,0
364773,364773,364775,2,0
364773,364773,364775,2,0
364773,364773,364779,6,0
364773,364773,364780,7,0
364773,364773,364780,7,0
364773,364776,364780,4,3
364773,364775,364781,6,2
364773,364773,364781,8,0
364773,364773,364782,9,0
364773,364774,364782,8,1
364773,364773,364783,10,0
364773,364780,364783,3,7
364773,364773,364783,10,0
364773,364773,364783,10,0
364773,364781,364783,2,8
364773,364782,364784,2,9
364773,364774,364784,10,1
364773,364781,364784,3,8
364773,364781,364784,3,8
364773,364783,364785,2,10
364773,364784,364785,1,11
364773,364785,364786,1,12
364773,364782,364785,3,9
364773,364783,364785,2,10
364773,364784,364785,1,11
364773,364784,364785,1,11
364773,364784,364785,1,11
364773,364784,364785,1,11
364773,364784,364786,2,11
364773,364785,364786,1,12
364901,364901,364902,1,0
364901,364901,364902,1,0
364901,364901,364902,1,0
364901,364901,364907,6,0
364901,364901,364907,6,0
364901,364901,364908,7,0
364901,364903,364908,5,2
364901,364901,364907,6,0
364901,364901,364908,7,0
364901,364901,364908,7,0
364901,364901,364909,8,0
364901,364903,364909,6,2
364901,364901,364911,10,0
364901,364908,364911,3,7
364901,364901,364911,10,0
364901,364908,364911,3,7
364901,364908,364910,2,7
364901,364908,364911,3,7
364901,364910,364912,2,9
364901,364910,364912,2,9
364901,364907,364911,4,6
364901,364908,364911,3,7
364901,364909,364911,2,8
364901,364902,364911,9,1
364901,364911,364912,1,10
364901,364911,364912,1,10
364901,364911,364913,2,10
364901,364911,364913,2,10
364901,364911,364913,2,10
364901,364912,364913,1,11
364901,364912,364913,1,11
365028,365028,365029,1,0
365028,365028,365029,1,0
365028,365028,365029,1,0
365028,365028,365033,5,0
365028,365028,365035,7,0
365028,365028,365035,7,0
365028,365028,365035,7,0
365028,365030,365034,4,2
365028,365028,365035,7,0
365028,365028,365035,7,0
365028,365028,365036,8,0
365028,365028,365038,10,0
365028,365030,365038,8,2
365028,365034,365038,4,6
365028,365028,365038,10,0
365028,365035,365038,3,7
365028,365035,365038,3,7
365028,365036,365038,2,8
365028,365030,365039,9,2
365028,365035,365038,3,7
365028,365036,365038,2,8
365028,365035,365038,3,7
365028,365036,365038,2,8
365028,365038,365040,2,10
365028,365038,365039,1,10
365028,365038,365040,2,10
365028,365038,365040,2,10
365028,365038,365040,2,10
365028,365038,365040,2,10
365028,365038,365040,2,10
365028,365039,365040,1,11
365158,365158,365159,1,0
365158,365158,365159,1,0
365158,365158,365160,2,0
365158,365158,365162,4,0
365158,365158,365163,5,0
365158,365158,365164,6,0
365158,365158,365165,7,0
365158,365158,365165,7,0
365158,365158,365165,7,0
365158,365158,365165,7,0
365158,365158,365166,8,0
365158,365160,365165,5,2
365158,365162,365166,4,4
365158,365159,365166,7,1
365158,365166,365168,2,8
365158,365158,365167,9,0
365158,365164,365167,3,6
365158,365166,365168,2,8
365158,365166,365168,2,8
365158,365164,365167,3,6
365158,365165,365168,3,7
365158,365165,365168,3,7
365158,365160,365168,8,2
365158,365166,365168,2,8
365158,365167,365168,1,9
365158,365167,365169,2,9
365158,365168,365169,1,10
365158,365168,365169,1,10
365158,365168,365169,1,10
365158,365168,365169,1,10
365158,365168,365169,1,10
365285,365285,365286,1,0
365285,365285,365286,1,0
365285,365285,365287,2,0
365285,365285,365289,4,0
365285,365285,365291,6,0
365285,365285,365291,6,0
365285,365287,365292,5,2
365285,365286,365292,6,1
365285,365285,365292,7,0
365285,365285,365292,7,0
365285,365285,365293,8,0
365285,365285,365293,8,0
365285,365285,365294,9,0
365285,365289,365294,5,4
365285,365287,365294,7,2
365285,365292,365295,3,7
365285,365293,365294,1,8
365285,365285,365295,10,0
365285,365292,365295,3,7
365285,365294,365295,1,9
365285,365291,365295,4,6
365285,365292,365295,3,7
365285,365293,365295,2,8
365285,365293,365295,2,8
365285,365295,365296,1,10
365285,365295,365296,1,10
365285,365295,365296,1,10
365285,365295,365296,1,10
365285,365295,365296,1,10
365285,365296,365297,1,11
365285,365296,365297,1,11
365411,365411,365412,1,0
365411,365411,365412,1,0
365411,365411,365412,1,0
365411,365411,365414,3,0
365411,365411,365417,6,0
365411,365412,365418,6,1
365411,365414,365418,4,3
365411,365411,365418,7,0
365411,365411,365418,7,0
365411,365411,365418,7,0
365411,365411,365418,7,0
365411,365411,365419,8,0
365411,365411,365419,8,0
365411,365413,365419,6,2
365411,365419,365421,2,8
365411,365419,365420,1,8
365411,365419,365420,1,8
365411,365413,365420,7,2
365411,365417,365421,4,6
365411,365418,365421,3,7
365411,365419,365421,2,8
365411,365411,365421,10,0
365411,365418,365421,3,7
365411,365419,365421,2,8
365411,365420,365421,1,9
365411,365418,365421,3,7
365411,365421,365422,1,10
365411,365421,365422,1,10
365411,365421,365422,1,10
365411,365421,365423,2,10
365411,365421,365423,2,10
365543,365543,365545,2,0
365543,365543,365545,2,0
365543,365543,365545,2,0
365543,365543,365547,4,0
365543,365543,365550,7,0
365543,365543,365549,6,0
365543,365543,365550,7,0
365543,365543,365550,7,0
365543,365545,365550,5,2
365543,365543,365550,7,0
365543,365547,365551,4,4
365543,365543,365552,9,0
365543,365545,365552,7,2
365543,365543,365552,9,0
365543,365545,365552,7,2
365543,365550,365553,3,7
365543,365551,365553,2,8
365543,365543,365553,10,0
365543,365550,365553,3,7
365543,365552,365553,1,9
365543,365550,365553,3,7
365543,365551,365553,2,8
365543,365552,365554,2,9
365543,365553,365554,1,10
365543,365553,365554,1,10
365543,365553,365554,1,10
365543,365553,365554,1,10
365543,365553,365554,1,10
365543,365553,365554,1,10
365543,365554,365555,1,11
365543,365554,365555,1,11
365609,365609,365610,1,0
365609,365609,365610,1,0
365609,365609,365610,1,0
365609,365609,365611,2,0
365609,365609,365615,6,0
365609,365609,365615,6,0
365609,365610,365614,4,1
365609,365609,365615,6,0
365609,365609,365616,7,0
365609,365612,365615,3,3
365609,365609,365616,7,0
365609,365610,365616,6,1
365609,365609,365616,7,0
365609,365609,365616,7,0
365609,365611,365617,6,2
365609,365615,365618,3,6
365609,365616,365618,2,7
365609,365609,365618,9,0
365609,365615,365617,2,6
365609,365616,365618,2,7
365609,365616,365618,2,7
365609,365615,365618,3,6
365609,365616,365618,2,7
365609,365617,365618,1,8
365609,365615,365618,3,6
365609,365617,365618,1,8
365609,365618,365619,1,9
365609,365618,365620,2,9
365609,365618,365619,1,9
365609,365618,365620,2,9
365609,365618,365620,2,9
365735,365736,365737,1,1
365735,365736,365737,1,1
365735,365736,365737,1,1
365735,365736,365738,2,1
365735,365736,365741,5,1
365735,365736,365741,5,1
365735,365736,365742,6,1
365735,365736,365741,5,1
365735,365736,365741,5,1
365735,365736,365742,6,1
365735,365738,365742,4,3
365735,365739,365742,3,4
365735,365738,365742,4,3
365735,365736,365742,6,1
365735,365736,365743,7,1
365735,365742,365744,2,7
365735,365742,365745,3,7
365735,365743,365745,2,8
365735,365742,365744,2,7
365735,365742,365744,2,7
365735,365743,365744,1,8
365735,365738,365744,6,3
365735,365741,365744,3,6
365735,365743,365744,1,8
365735,365743,365745,2,8
365735,365743,365745,2,8
365735,365744,365745,1,9
365735,365744,365745,1,9
365735,365745,365746,1,10
365735,365745,365746,1,10
365735,365745,365746,1,10
365862,365863,365864,1,1
365862,365863,365864,1,1
365862,365863,365864,1,1
365862,365863,365864,1,1
365862,365863,365866,3,1
365862,365863,365869,6,1
365862,365864,365868,4,2
365862,365863,365868,5,1
365862,365863,365869,6,1
365862,365865,365868,3,3
365862,365863,365869,6,1
365862,365863,365869,6,1
365862,365863,365869,6,1
365862,365863,365870,7,1
365862,365867,365870,3,5
365862,365865,365870,5,3
365862,365869,365871,2,7
365862,365869,365871,2,7
365862,365864,365871,7,2
365862,365870,365871,1,8
365862,365869,365872,3,7
365862,365869,365872,3,7
365862,365870,365871,1,8
365862,365870,365871,1,8
365862,365869,365871,2,7
365862,365870,365871,1,8
365862,365870,365872,2,8
365862,365871,365872,1,9
365862,365871,365873,2,9
365862,365871,365873,2,9
365862,365872,365873,1,10
365998,365998,365999,1,0
365998,365998,365999,1,0
365998,365998,366000,2,0
365998,365998,366001,3,0
365998,365998,366003,5,0
365998,365998,366003,5,0
365998,365998,366004,6,0
365998,365998,366004,6,0
365998,365998,366005,7,0
365998,366000,366005,5,2
365998,365998,366005,7,0
365998,365999,366005,6,1
365998,365998,366005,7,0
365998,366000,366005,5,2
365998,365998,366006,8,0
365998,366003,366006,3,5
365998,366004,366006,2,6
365998,366001,366007,6,3
365998,366005,366007,2,7
365998,366006,366007,1,8
365998,366006,366007,1,8
365998,366006,366007,1,8
365998,366005,366007,2,7
365998,366006,366008,2,8
365998,366006,366007,1,8
365998,366007,366008,1,9
365998,366007,366008,1,9
365998,366006,366008,2,8
365998,366007,366008,1,9
365998,366008,366009,1,10
365998,366008,366009,1,10
366130,366130,366131,1,0
366130,366130,366131,1,0
366130,366130,366131,1,0
366130,366130,366133,3,0
366130,366130,366134,4,0
366130,366130,366135,5,0
366130,366130,366134,4,0
366130,366130,366135,5,0
366130,366130,366135,5,0
366130,366130,366135,5,0
366130,366132,366135,3,2
366130,366130,366136,6,0
366130,366132,366136,4,2
366130,366131,366136,5,1
366130,366136,366137,1,6
366130,366134,366138,4,4
366130,366136,366138,2,6
366130,366135,366138,3,5
366130,366135,366138,3,5
366130,366136,366138,2,6
366130,366130,366138,8,0
366130,366136,366138,2,6
366130,366137,366138,1,7
366130,366136,366138,2,6
366130,366137,366139,2,7
366130,366138,366139,1,8
366130,366135,366139,4,5
366130,366138,366139,1,8
366130,366138,366139,1,8
366130,366138,366139,1,8
366130,366138,366140,2,8
366380,366380,366381,1,0
366380,366380,366381,1,0
366380,366380,366381,1,0
366380,366380,366382,2,0
366380,366380,366384,4,0
366380,366381,366384,3,1
366380,366380,366384,4,0
366380,366381,366385,4,1
366380,366380,366385,5,0
366380,366380,366385,5,0
366380,366380,366385,5,0
366380,366380,366386,6,0
366380,366381,366386,5,1
366380,366383,366386,3,3
366380,366380,366387,7,0
366380,366384,366387,3,4
366380,366385,366387,2,5
366380,366385,366387,2,5
366380,366386,366388,2,6
366380,366386,366388,2,6
366380,366384,366387,3,4
366380,366385,366387,2,5
366380,366380,366389,9,0
366380,366387,366389,2,7
366380,366388,366389,1,8
366380,366387,366388,1,7
366380,366387,366388,1,7
366380,366387,366389,2,7
366380,366387,366389,2,7
366380,366388,366389,1,8
366380,366388,366389,1,8
366507,366507,366508,1,0
366507,366507,366508,1,0
366507,366507,366508,1,0
366507,366507,366509,2,0
366507,366507,366510,3,0
366507,366507,366511,4,0
366507,366507,366511,4,0
366507,366509,366511,2,2
366507,366507,366512,5,0
366507,366507,366511,4,0
366507,366509,366512,3,2
366507,366507,366512,5,0
366507,366507,366513,6,0
366507,366507,366513,6,0
366507,366512,366514,2,5
366507,366510,366513,3,3
366507,366511,366514,3,4
366507,366512,366514,2,5
366507,366512,366514,2,5
366507,366511,366514,3,4
366507,366513,366515,2,6
366507,366513,366515,2,6
366507,366513,366515,2,6
366507,366512,366515,3,5
366507,366514,366516,2,7
366507,366514,366515,1,7
366507,366514,366515,1,7
366507,366514,366515,1,7
366507,366514,366516,2,7
366507,366508,366516,8,1
366507,366514,366515,1,7
366635,366635,366636,1,0
366635,366635,366636,1,0
366635,366635,366636,1,0
366635,366635,366637,2,0
366635,366635,366639,4,0
366635,366635,366639,4,0
366635,366635,366638,3,0
366635,366635,366640,5,0
366635,366635,366639,4,0
366635,366635,366639,4,0
366635,366635,366640,5,0
366635,366636,366641,5,1
366635,366638,366641,3,3
366635,366635,366641,6,0
366635,366637,366640,3,2
366635,366637,366641,4,2
366635,366639,366642,3,4
366635,366640,366642,2,5
366635,366639,366642,3,4
366635,366639,366642,3,4
366635,366640,366642,2,5
366635,366640,366642,2,5
366635,366640,366642,2,5
366635,366641,366642,1,6
366635,366641,366642,1,6
366635,366641,366643,2,6
366635,366641,366643,2,6
366635,366642,366643,1,7
366635,366642,366643,1,7
366635,366642,366643,1,7
366635,366642,366643,1,7
366770,366770,366771,1,0
366770,366770,366771,1,0
366770,366770,366771,1,0
366770,366770,366773,3,0
366770,366770,366772,2,0
366770,366770,366774,4,0
366770,366770,366773,3,0
366770,366770,366774,4,0
366770,366771,366774,3,1
366770,366770,366774,4,0
366770,366770,366775,5,0
366770,366772,366775,3,2
366770,366770,366774,4,0
366770,366772,366775,3,2
366770,366770,366775,5,0
366770,366773,366776,3,3
366770,366773,366775,2,3
366770,366774,366777,3,4
366770,366775,366776,1,5
366770,366775,366776,1,5
366770,366774,366777,3,4
366770,366775,366777,2,5
366770,366775,366777,2,5
366770,366774,366777,3,4
366770,366775,366777,2,5
366770,366775,366777,2,5
366770,366776,366777,1,6
366770,366777,366778,1,7
366770,366776,366778,2,6
366770,366776,366778,2,6
366770,366777,366778,1,7
366904,366904,366905,1,0
366904,366904,366905,1,0
366904,366904,366905,1,0
366904,366904,366906,2,0
366904,366904,366907,3,0
366904,366904,366908,4,0
366904,366904,366908,4,0
366904,366906,366908,2,2
366904,366904,366908,4,0
366904,366905,366907,2,1
366904,366904,366908,4,0
366904,366906,366908,2,2
366904,366904,366909,5,0
366904,366906,366908,2,2
366904,366904,366909,5,0
366904,366904,366909,5,0
366904,366907,366909,2,3
366904,366908,366910,2,4
366904,366908,366910,2,4
366904,366908,366910,2,4
366904,366909,366911,2,5
366904,366909,366911,2,5
366904,366908,366910,2,4
366904,366909,366911,2,5
366904,366909,366911,2,5
366904,366908,366911,3,4
366904,366909,366911,2,5
366904,366910,366911,1,6
366904,366911,366912,1,7
366904,366910,366911,1,6
366904,366910,366911,1,6
367166,367167,367168,1,1
367166,367167,367168,1,1
367166,367167,367168,1,1
367166,367167,367170,3,1
367166,367167,367170,3,1
367166,367167,367170,3,1
367166,367169,367170,1,3
367166,367167,367171,4,1
367166,367167,367170,3,1
367166,367167,367171,4,1
367166,367167,367170,3,1
367166,367168,367170,2,2
367166,367167,367171,4,1
367166,367169,367171,2,3
367166,367169,367171,2,3
367166,367170,367172,2,4
367166,367171,367172,1,5
367166,367171,367172,1,5
367166,367170,367172,2,4
367166,367171,367172,1,5
367166,367171,367172,1,5
367166,367171,367172,1,5
367166,367171,367173,2,5
367166,367171,367173,2,5
367166,367172,367173,1,6
367166,367172,367173,1,6
367166,367172,367173,1,6
367166,367172,367173,1,6
367166,367173,367174,1,7
367166,367173,367174,1,7
367292,367292,367293,1,0
367292,367292,367294,2,0
367292,367292,367294,2,0
367292,367292,367293,1,0
367292,367292,367295,3,0
367292,367292,367295,3,0
367292,367294,367296,2,2
367292,367292,367296,4,0
367292,367294,367296,2,2
367292,367292,367297,5,0
367292,367292,367296,4,0
367292,367293,367296,3,1
367292,367292,367296,4,0
367292,367292,367297,5,0
367292,367294,367296,2,2
367292,367292,367297,5,0
367292,367296,367298,2,4
367292,367295,367298,3,3
367292,367296,367298,2,4
367292,367296,367298,2,4
367292,367296,367298,2,4
367292,367297,367299,2,5
367292,367297,367298,1,5
367292,367297,367298,1,5
367292,367297,367299,2,5
367292,367297,367299,2,5
367292,367297,367299,2,5
367292,367297,367299,2,5
367292,367298,367299,1,6
367292,367298,367299,1,6
367292,367298,367300,2,6
367419,367419,367420,1,0
367419,367419,367420,1,0
367419,367419,367420,1,0
367419,367419,367421,2,0
367419,367419,367422,3,0
367419,367419,367422,3,0
367419,367419,367423,4,0
367419,367421,367423,2,2
367419,367419,367423,4,0
367419,367419,367423,4,0
367419,367421,367423,2,2
367419,367419,367423,4,0
367419,367420,367423,3,1
367419,367419,367424,5,0
367419,367422,367424,2,3
367419,367420,367424,4,1
367419,367419,367424,5,0
367419,367423,367424,1,4
367419,367423,367425,2,4
367419,367423,367425,2,4
367419,367423,367425,2,4
367419,367423,367425,2,4
367419,367423,367425,2,4
367419,367424,367425,1,5
367419,367424,367425,1,5
367419,367424,367426,2,5
367419,367424,367426,2,5
367419,367425,367426,1,6
367419,367424,367426,2,5
367419,367425,367426,1,6
367419,367425,367426,1,6
367549,367549,367550,1,0
367549,367549,367550,1,0
367549,367549,367551,2,0
367549,367549,367551,2,0
367549,367549,367550,1,0
367549,367549,367552,3,0
367549,367549,367553,4,0
367549,367552,367553,1,3
367549,367549,367553,4,0
367549,367549,367553,4,0
367549,367552,367553,1,3
367549,367550,367553,3,1
367549,367550,367554,4,1
367549,367549,367554,5,0
367549,367552,367554,2,3
367549,367553,367554,1,4
367549,367553,367554,1,4
367549,367552,367555,3,3
367549,367554,367556,2,5
367549,367554,367555,1,5
367549,367554,367556,2,5
367549,367551,367556,5,2
367549,367554,367555,1,5
367549,367554,367555,1,5
367549,367554,367556,2,5
367549,367555,367556,1,6
367549,367555,367556,1,6
367549,367555,367556,1,6
367549,367555,367556,1,6
367549,367556,367557,1,7
367549,367556,367557,1,7
367675,367675,367676,1,0
367675,367675,367676,1,0
367675,367675,367676,1,0
367675,367675,367677,2,0
367675,367675,367677,2,0
367675,367675,367677,2,0
367675,367675,367678,3,0
367675,367675,367678,3,0
367675,367677,367679,2,2
367675,367675,367679,4,0
367675,367675,367678,3,0
367675,367675,367679,4,0
367675,367678,367679,1,3
367675,367675,367679,4,0
367675,367677,367680,3,2
367675,367678,367680,2,3
367675,367676,367680,4,1
367675,367678,367680,2,3
367675,367679,367680,1,4
367675,367679,367681,2,4
367675,367679,367681,2,4
367675,367679,367681,2,4
367675,367676,367681,5,1
367675,367680,367681,1,5
367675,367680,367681,1,5
367675,367680,367682,2,5
367675,367680,367682,2,5
367675,367680,367682,2,5
367675,367680,367682,2,5
367675,367680,367682,2,5
367675,367681,367682,1,6
367801,367802,367803,1,1
367801,367802,367803,1,1
367801,367802,367803,1,1
367801,367802,367804,2,1
367801,367802,367804,2,1
367801,367802,367804,2,1
367801,367802,367804,2,1
367801,367802,367805,3,1
367801,367802,367805,3,1
367801,367802,367805,3,1
367801,367802,367806,4,1
367801,367802,367805,3,1
367801,367805,367806,1,4
367801,367805,367806,1,4
367801,367805,367806,1,4
367801,367804,367806,2,3
367801,367804,367806,2,3
367801,367806,367807,1,5
367801,367804,367808,4,3
367801,367806,367807,1,5
367801,367806,367808,2,5
367801,367806,367808,2,5
367801,367804,367808,4,3
367801,367806,367808,2,5
367801,367807,367808,1,6
367801,367807,367808,1,6
367801,367807,367808,1,6
367801,367808,367809,1,7
367801,367807,367808,1,6
367801,367807,367808,1,6
367801,367808,367809,1,7
367927,367927,367928,1,0
367927,367927,367929,2,0
367927,367927,367929,2,0
367927,367927,367929,2,0
367927,367927,367930,3,0
367927,367927,367930,3,0
367927,367927,367930,3,0
367927,367927,367930,3,0
367927,367927,367930,3,0
367927,367927,367931,4,0
367927,367927,367932,5,0
367927,367927,367931,4,0
367927,367928,367932,4,1
367927,367931,367932,1,4
367927,367931,367932,1,4
367927,367930,367932,2,3
367927,367930,367932,2,3
367927,367930,367932,2,3
367927,367931,367932,1,4
367927,367929,367933,4,2
367927,367929,367933,4,2
367927,367932,367933,1,5
367927,367933,367934,1,6
367927,367933,367934,1,6
367927,367932,367933,1,5
367927,367932,367933,1,5
367927,367933,367934,1,6
367927,367933,367934,1,6
367927,367933,367934,1,6
367927,367933,367934,1,6
367927,367933,367934,1,6
368053,368054,368055,1,1
368053,368054,368055,1,1
368053,368054,368055,1,1
368053,368054,368056,2,1
368053,368054,368056,2,1
368053,368054,368056,2,1
368053,368054,368056,2,1
368053,368054,368056,2,1
368053,368054,368056,2,1
368053,368054,368056,2,1
368053,368054,368058,4,1
368053,368057,368058,1,4
368053,368057,368058,1,4
368053,368054,368058,4,1
368053,368056,368058,2,3
368053,368057,368058,1,4
368053,368057,368058,1,4
368053,368055,368058,3,2
368053,368056,368059,3,3
368053,368057,368058,1,4
368053,368057,368059,2,4
368053,368056,368059,3,3
368053,368059,368060,1,6
368053,368059,368060,1,6
368053,368059,368060,1,6
368053,368059,368060,1,6
368053,368059,368060,1,6
368053,368059,368060,1,6
368053,368059,368060,1,6
368053,368059,368060,1,6
368053,368059,368060,1,6
368180,368180,368181,1,0
368180,368180,368182,2,0
368180,368180,368182,2,0
368180,368180,368181,1,0
368180,368180,368181,1,0
368180,368180,368181,1,0
368180,368180,368182,2,0
368180,368180,368182,2,0
368180,368180,368182,2,0
368180,368180,368182,2,0
368180,368180,368184,4,0
368180,368182,368184,2,2
368180,368182,368184,2,2
368180,368182,368184,2,2
368180,368182,368185,3,2
368180,368182,368185,3,2
368180,368183,368185,2,3
368180,368183,368184,1,3
368180,368183,368184,1,3
368180,368184,368185,1,4
368180,368180,368184,4,0
368180,368183,368184,1,3
368180,368184,368185,1,4
368180,368182,368185,3,2
368180,368184,368185,1,4
368180,368184,368185,1,4
368180,368185,368186,1,5
368180,368185,368186,1,5
368180,368185,368186,1,5
368180,368185,368186,1,5
368180,368185,368186,1,5
368307,368307,368308,1,0
368307,368307,368308,1,0
368307,368307,368308,1,0
368307,368307,368308,1,0
368307,368307,368309,2,0
368307,368307,368309,2,0
368307,368307,368309,2,0
368307,368307,368308,1,0
368307,368307,368309,2,0
368307,368307,368309,2,0
368307,368307,368310,3,0
368307,368308,368310,2,1
368307,368309,368311,2,2
368307,368309,368311,2,2
368307,368309,368311,2,2
368307,368309,368311,2,2
368307,368309,368311,2,2
368307,368309,368311,2,2
368307,368310,368311,1,3
368307,368307,368311,4,0
368307,368309,368311,2,2
368307,368310,368311,1,3
368307,368311,368312,1,4
368307,368310,368312,2,3
368307,368310,368312,2,3
368307,368311,368313,2,4
368307,368311,368313,2,4
368307,368312,368313,1,5
368307,368312,368313,1,5
368307,368312,368313,1,5
368433,368433,368434,1,0
368433,368433,368434,1,0
368433,368433,368435,2,0
368433,368433,368434,1,0
368433,368433,368435,2,0
368433,368433,368435,2,0
368433,368433,368435,2,0
368433,368433,368435,2,0
368433,368433,368435,2,0
368433,368433,368435,2,0
368433,368433,368435,2,0
368433,368433,368436,3,0
368433,368434,368436,2,1
368433,368435,368436,1,2
368433,368436,368437,1,3
368433,368435,368437,2,2
368433,368435,368437,2,2
368433,368435,368437,2,2
368433,368436,368437,1,3
368433,368435,368437,2,2
368433,368435,368437,2,2
368433,368436,368437,1,3
368433,368436,368437,1,3
368433,368436,368437,1,3
368433,368437,368438,1,4
368433,368437,368438,1,4
368433,368438,368439,1,5
368433,368437,368438,1,4
368433,368438,368439,1,5
368433,368438,368439,1,5
368433,368438,368439,1,5
368562,368562,368563,1,0
368562,368562,368563,1,0
368562,368562,368563,1,0
368562,368562,368564,2,0
368562,368562,368563,1,0
368562,368562,368563,1,0
368562,368562,368563,1,0
368562,368562,368564,2,0
368562,368562,368564,2,0
368562,368562,368563,1,0
368562,368562,368564,2,0
368562,368562,368565,3,0
368562,368563,368564,1,1
368562,368564,368565,1,2
368562,368564,368566,2,2
368562,368564,368566,2,2
368562,368564,368565,1,2
368562,368564,368565,1,2
368562,368564,368566,2,2
368562,368564,368566,2,2
368562,368564,368565,1,2
368562,368564,368566,2,2
368562,368564,368566,2,2
368562,368566,368567,1,4
368562,368566,368567,1,4
368562,368566,368567,1,4
368562,368566,368567,1,4
368562,368566,368568,2,4
368562,368566,368568,2,4
368562,368566,368567,1,4
368562,368566,368568,2,4
368688,368689,368690,1,1
368688,368689,368690,1,1
368688,368689,368690,1,1
368688,368689,368690,1,1
368688,368689,368691,2,1
368688,368689,368690,1,1
368688,368689,368690,1,1
368688,368689,368690,1,1
368688,368689,368690,1,1
368688,368689,368690,1,1
368688,368689,368690,1,1
368688,368689,368691,2,1
368688,368691,368692,1,3
368688,368691,368692,1,3
368688,368691,368692,1,3
368688,368691,368692,1,3
368688,368691,368692,1,3
368688,368691,368692,1,3
368688,368691,368692,1,3
368688,368691,368692,1,3
368688,368691,368692,1,3
368688,368691,368692,1,3
368688,368691,368692,1,3
368688,368692,368693,1,4
368688,368692,368693,1,4
368688,368692,368693,1,4
368688,368692,368693,1,4
368688,368692,368693,1,4
368688,368693,368694,1,5
368688,368693,368694,1,5
368688,368693,368694,1,5
368818,368818,368819,1,0
368818,368818,368819,1,0
368818,368818,368819,1,0
368818,368818,368820,2,0
368818,368818,368820,2,0
368818,368818,368819,1,0
368818,368818,368820,2,0
368818,368818,368820,2,0
368818,368818,368820,2,0
368818,368818,368820,2,0
368818,368818,368820,2,0
368818,368818,368821,3,0
368818,368820,368821,1,2
368818,368821,368822,1,3
368818,368821,368822,1,3
368818,368820,368822,2,2
368818,368820,368821,1,2
368818,368820,368822,2,2
368818,368820,368822,2,2
368818,368820,368822,2,2
368818,368820,368822,2,2
368818,368820,368821,1,2
368818,368821,368822,1,3
368818,368822,368823,1,4
368818,368822,368823,1,4
368818,368822,368823,1,4
368818,368821,368822,1,3
368818,368822,368823,1,4
368818,368822,368824,2,4
368818,368822,368824,2,4
368947,368947,368948,1,0
368947,368947,368948,1,0
368947,368947,368948,1,0
368947,368947,368948,1,0
368947,368947,368948,1,0
368947,368947,368948,1,0
368947,368947,368948,1,0
368947,368947,368948,1,0
368947,368947,368949,2,0
368947,368947,368949,2,0
368947,368947,368948,1,0
368947,368947,368949,2,0
368947,368948,368949,1,1
368947,368948,368949,1,1
368947,368949,368950,1,2
368947,368949,368950,1,2
368947,368949,368951,2,2
368947,368950,368951,1,3
368947,368949,368950,1,2
368947,368949,368950,1,2
368947,368949,368950,1,2
368947,368949,368950,1,2
368947,368949,368950,1,2
368947,368949,368950,1,2
368947,368950,368951,1,3
368947,368950,368951,1,3
368947,368951,368952,1,4
368947,368951,368952,1,4
368947,368951,368952,1,4
368947,368951,368952,1,4
368947,368951,368952,1,4
369073,369073,369074,1,0
369073,369073,369074,1,0
369073,369073,369075,2,0
369073,369073,369075,2,0
369073,369073,369074,1,0
369073,369073,369074,1,0
369073,369073,369075,2,0
369073,369073,369074,1,0
369073,369073,369075,2,0
369073,369073,369075,2,0
369073,369073,369075,2,0
369073,369074,369075,1,1
369073,369073,369075,2,0
369073,369075,369076,1,2
369073,369075,369077,2,2
369073,369075,369077,2,2
369073,369076,369077,1,3
369073,369075,369077,2,2
369073,369076,369077,1,3
369073,369075,369077,2,2
369073,369075,369077,2,2
369073,369075,369076,1,2
369073,369077,369078,1,4
369073,369077,369078,1,4
369073,369076,369077,1,3
369073,369076,369077,1,3
369073,369077,369078,1,4
369073,369076,369077,1,3
369073,369077,369078,1,4
369073,369077,369079,2,4
369073,369077,369078,1,4
369199,369199,369200,1,0
369199,369199,369200,1,0
369199,369199,369200,1,0
369199,369199,369200,1,0
369199,369199,369200,1,0
369199,369199,369201,2,0
369199,369199,369201,2,0
369199,369199,369201,2,0
369199,369199,369201,2,0
369199,369199,369202,3,0
369199,369199,369202,3,0
369199,369199,369202,3,0
369199,369201,369202,1,2
369199,369201,369202,1,2
369199,369201,369203,2,2
369199,369201,369203,2,2
369199,369202,369203,1,3
369199,369201,369203,2,2
369199,369201,369203,2,2
369199,369201,369203,2,2
369199,369202,369203,1,3
369199,369203,369204,1,4
369199,369202,369203,1,3
369199,369203,369204,1,4
369199,369204,369205,1,5
369199,369203,369204,1,4
369199,369203,369204,1,4
369199,369203,369204,1,4
369199,369203,369204,1,4
369199,369204,369205,1,5
369324,369324,369325,1,0
369324,369324,369325,1,0
369324,369324,369326,2,0
369324,369324,369326,2,0
369324,369324,369326,2,0
369324,369324,369326,2,0
369324,369324,369326,2,0
369324,369324,369326,2,0
369324,369324,369326,2,0
369324,369324,369327,3,0
369324,369324,369327,3,0
369324,369324,369327,3,0
369324,369325,369327,2,1
369324,369326,369327,1,2
369324,369327,369328,1,3
369324,369326,369328,2,2
369324,369326,369328,2,2
369324,369326,369328,2,2
369324,369326,369328,2,2
369324,369327,369328,1,3
369324,369327,369328,1,3
369324,369327,369328,1,3
369324,369328,369329,1,4
369324,369328,369329,1,4
369324,369327,369329,2,3
369324,369327,369329,2,3
369324,369328,369329,1,4
369324,369327,369329,2,3
369324,369328,369329,1,4
369324,369328,369329,1,4
369324,369328,369330,2,4
369453,369453,369454,1,0
369453,369453,369454,1,0
369453,369453,369454,1,0
369453,369453,369455,2,0
369453,369453,369455,2,0
369453,369453,369455,2,0
369453,369453,369455,2,0
369453,369453,369455,2,0
369453,369453,369455,2,0
369453,369454,369455,1,1
369453,369453,369455,2,0
369453,369454,369456,2,1
369453,369455,369456,1,2
369453,369453,369456,3,0
369453,369453,369456,3,0
369453,369454,369456,2,1
369453,369455,369457,2,2
369453,369455,369457,2,2
369453,369455,369457,2,2
369453,369455,369457,2,2
369453,369455,369457,2,2
369453,369455,369457,2,2
369453,369457,369458,1,4
369453,369457,369458,1,4
369453,369456,369457,1,3
369453,369456,369458,2,3
369453,369457,369458,1,4
369453,369457,369458,1,4
369453,369457,369458,1,4
369453,369457,369458,1,4
369705,369705,369706,1,0
369705,369705,369707,2,0
369705,369705,369708,3,0
369705,369705,369713,8,0
369705,369705,369713,8,0
369705,369705,369713,8,0
369705,369705,369714,9,0
369705,369705,369714,9,0
369705,369705,369715,10,0
369705,369707,369714,7,2
369705,369705,369714,9,0
369705,369705,369714,9,0
369705,369707,369714,7,2
369705,369705,369715,10,0
369705,369715,369717,2,10
369705,369715,369717,2,10
369705,369715,369717,2,10
369705,369715,369717,2,10
369705,369714,369717,3,9
369705,369715,369717,2,10
369705,369716,369717,1,11
369705,369715,369718,3,10
369705,369713,369718,5,8
369705,369715,369718,3,10
369705,369708,369718,10,3
369705,369713,369719,6,8
369705,369717,369719,2,12
369705,369717,369719,2,12
369705,369717,369719,2,12
369705,369717,369719,2,12
369705,369718,369719,1,13
369830,369830,369832,2,0
369830,369830,369831,1,0
369830,369830,369831,1,0
369830,369830,369838,8,0
369830,369830,369838,8,0
369830,369830,369838,8,0
369830,369830,369839,9,0
369830,369830,369838,8,0
369830,369832,369839,7,2
369830,369830,369839,9,0
369830,369830,369840,10,0
369830,369832,369840,8,2
369830,369830,369840,10,0
369830,369830,369840,10,0
369830,369832,369840,8,2
369830,369840,369842,2,10
369830,369840,369842,2,10
369830,369840,369842,2,10
369830,369839,369842,3,9
369830,369839,369842,3,9
369830,369840,369842,2,10
369830,369841,369842,1,11
369830,369841,369842,1,11
369830,369838,369843,5,8
369830,369839,369843,4,9
369830,369842,369843,1,12
369830,369838,369844,6,8
369830,369842,369844,2,12
369830,369842,369844,2,12
369830,369839,369844,5,9
369830,369843,369844,1,13
369963,369963,369964,1,0
369963,369963,369964,1,0
369963,369963,369965,2,0
369963,369963,369969,6,0
369963,369963,369971,8,0
369963,369963,369971,8,0
369963,369963,369972,9,0
369963,369965,369972,7,2
369963,369963,369972,9,0
369963,369963,369972,9,0
369963,369965,369972,7,2
369963,369963,369973,10,0
369963,369965,369973,8,2
369963,369963,369973,10,0
369963,369963,369973,10,0
369963,369973,369975,2,10
369963,369973,369975,2,10
369963,369972,369975,3,9
369963,369973,369975,2,10
369963,369973,369975,2,10
369963,369973,369975,2,10
369963,369972,369976,4,9
369963,369973,369975,2,10
369963,369971,369976,5,8
369963,369974,369976,2,11
369963,369972,369976,4,9
369963,369975,369976,1,12
369963,369975,369976,1,12
369963,369975,369976,1,12
369963,369976,369977,1,13
369963,369969,369978,9,6
370088,370088,370089,1,0
370088,370088,370090,2,0
370088,370088,370089,1,0
370088,370088,370093,5,0
370088,370088,370096,8,0
370088,370088,370096,8,0
370088,370090,370096,6,2
370088,370090,370097,7,2
370088,370088,370097,9,0
370088,370088,370096,8,0
370088,370088,370097,9,0
370088,370088,370098,10,0
370088,370088,370098,10,0
370088,370090,370097,7,2
370088,370088,370098,10,0
370088,370096,370100,4,8
370088,370097,370099,2,9
370088,370098,370100,2,10
370088,370098,370100,2,10
370088,370094,370100,6,6
370088,370097,370099,2,9
370088,370097,370099,2,9
370088,370098,370100,2,10
370088,370096,370100,4,8
370088,370099,370100,1,11
370088,370096,370101,5,8
370088,370097,370100,3,9
370088,370100,370101,1,12
370088,370100,370101,1,12
370088,370100,370101,1,12
370088,370100,370101,1,12
370216,370216,370217,1,0
370216,370216,370217,1,0
370216,370216,370217,1,0
370216,370216,370221,5,0
370216,370216,370223,7,0
370216,370216,370224,8,0
370216,370216,370224,8,0
370216,370218,370224,6,2
370216,370216,370225,9,0
370216,370218,370225,7,2
370216,370216,370225,9,0
370216,370216,370224,8,0
370216,370216,370225,9,0
370216,370216,370226,10,0
370216,370218,370226,8,2
370216,370221,370225,4,5
370216,370224,370226,2,8
370216,370224,370227,3,8
370216,370225,370227,2,9
370216,370225,370228,3,9
370216,370226,370228,2,10
370216,370226,370228,2,10
370216,370226,370228,2,10
370216,370226,370227,1,10
370216,370224,370227,3,8
370216,370225,370227,2,9
370216,370225,370227,2,9
370216,370228,370229,1,12
370216,370227,370228,1,11
370216,370223,370229,6,7
370216,370228,370229,1,12
370347,370347,370349,2,0
370347,370347,370349,2,0
370347,370347,370349,2,0
370347,370347,370352,5,0
370347,370347,370355,8,0
370347,370347,370355,8,0
370347,370347,370355,8,0
370347,370350,370355,5,3
370347,370347,370356,9,0
370347,370347,370356,9,0
370347,370347,370357,10,0
370347,370349,370357,8,2
370347,370347,370357,10,0
370347,370349,370357,8,2
370347,370352,370357,5,5
370347,370347,370357,10,0
370347,370356,370358,2,9
370347,370356,370359,3,9
370347,370357,370359,2,10
370347,370357,370359,2,10
370347,370357,370359,2,10
370347,370357,370359,2,10
370347,370357,370359,2,10
370347,370358,370359,1,11
370347,370355,370360,5,8
370347,370357,370360,3,10
370347,370357,370359,2,10
370347,370355,370360,5,8
370347,370359,370360,1,12
370347,370359,370360,1,12
370347,370359,370360,1,12
370474,370474,370475,1,0
370474,370474,370475,1,0
370474,370474,370475,1,0
370474,370474,370479,5,0
370474,370474,370481,7,0
370474,370474,370482,8,0
370474,370474,370482,8,0
370474,370474,370482,8,0
370474,370476,370481,5,2
370474,370474,370482,8,0
370474,370476,370483,7,2
370474,370474,370483,9,0
370474,370474,370483,9,0
370474,370476,370484,8,2
370474,370474,370483,9,0
370474,370479,370484,5,5
370474,370482,370484,2,8
370474,370482,370485,3,8
370474,370482,370485,3,8
370474,370483,370485,2,9
370474,370483,370485,2,9
370474,370483,370485,2,9
370474,370484,370486,2,10
370474,370484,370486,2,10
370474,370482,370485,3,8
370474,370484,370485,1,10
370474,370484,370486,2,10
370474,370484,370486,2,10
370474,370485,370486,1,11
370474,370485,370486,1,11
370474,370481,370487,6,7
370725,370725,370727,2,0
370725,370725,370726,1,0
370725,370725,370728,3,0
370725,370725,370730,5,0
370725,370725,370732,7,0
370725,370725,370732,7,0
370725,370725,370733,8,0
370725,370725,370733,8,0
370725,370725,370733,8,0
370725,370725,370733,8,0
370725,370725,370733,8,0
370725,370725,370734,9,0
370725,370728,370734,6,3
370725,370727,370735,8,2
370725,370734,370735,1,9
370725,370734,370736,2,9
370725,370731,370736,5,6
370725,370732,370735,3,7
370725,370734,370736,2,9
370725,370733,370736,3,8
370725,370733,370736,3,8
370725,370734,370736,2,9
370725,370734,370736,2,9
370725,370735,370736,1,10
370725,370727,370736,9,2
370725,370736,370737,1,11
370725,370736,370738,2,11
370725,370732,370737,5,7
370725,370736,370738,2,11
370725,370736,370738,2,11
370725,370736,370737,1,11
370979,370979,370981,2,0
370979,370979,370981,2,0
370979,370979,370981,2,0
370979,370979,370986,7,0
370979,370979,370986,7,0
370979,370979,370987,8,0
370979,370979,370986,7,0
370979,370981,370986,5,2
370979,370979,370986,7,0
370979,370979,370987,8,0
370979,370981,370987,6,2
370979,370979,370989,10,0
370979,370979,370988,9,0
370979,370982,370989,7,3
370979,370979,370989,10,0
370979,370987,370989,2,8
370979,370988,370989,1,9
370979,370987,370990,3,8
370979,370987,370990,3,8
370979,370987,370989,2,8
370979,370986,370990,4,7
370979,370986,370990,4,7
370979,370989,370990,1,10
370979,370989,370991,2,10
370979,370987,370990,3,8
370979,370989,370991,2,10
370979,370990,370991,1,11
370979,370990,370991,1,11
370979,370990,370991,1,11
370979,370990,370991,1,11
370979,370990,370991,1,11
371113,371113,371115,2,0
371113,371113,371115,2,0
371113,371113,371115,2,0
371113,371113,371119,6,0
371113,371113,371119,6,0
371113,371113,371120,7,0
371113,371113,371119,6,0
371113,371113,371120,7,0
371113,371113,371121,8,0
371113,371115,371121,6,2
371113,371115,371121,6,2
371113,371115,371122,7,2
371113,371113,371123,10,0
371113,371113,371123,10,0
371113,371121,371123,2,8
371113,371113,371123,10,0
371113,371121,371124,3,8
371113,371121,371124,3,8
371113,371122,371124,2,9
371113,371120,371124,4,7
371113,371121,371123,2,8
371113,371120,371124,4,7
371113,371123,371124,1,10
371113,371123,371125,2,10
371113,371123,371125,2,10
371113,371123,371125,2,10
371113,371124,371125,1,11
371113,371124,371125,1,11
371113,371124,371125,1,11
371113,371119,371126,7,6
371113,371124,371125,1,11
371242,371242,371244,2,0
371242,371242,371243,1,0
371242,371242,371243,1,0
371242,371242,371248,6,0
371242,371242,371248,6,0
371242,371242,371248,6,0
371242,371244,371249,5,2
371242,371242,371249,7,0
371242,371244,371249,5,2
371242,371244,371249,5,2
371242,371242,371251,9,0
371242,371242,371251,9,0
371242,371242,371252,10,0
371242,371242,371252,10,0
371242,371249,371252,3,7
371242,371250,371252,2,8
371242,371242,371252,10,0
371242,371250,371252,2,8
371242,371250,371252,2,8
371242,371250,371253,3,8
371242,371251,371253,2,9
371242,371251,371253,2,9
371242,371249,371253,4,7
371242,371252,371253,1,10
371242,371252,371254,2,10
371242,371253,371254,1,11
371242,371253,371254,1,11
371242,371248,371254,6,6
371242,371253,371255,2,11
371242,371253,371254,1,11
371242,371253,371254,1,11
371371,371371,371373,2,0
371371,371371,371373,2,0
371371,371371,371372,1,0
371371,371371,371377,6,0
371371,371371,371378,7,0
371371,371371,371378,7,0
371371,371373,371379,6,2
371371,371371,371379,8,0
371371,371373,371378,5,2
371371,371371,371379,8,0
371371,371373,371378,5,2
371371,371371,371380,9,0
371371,371371,371381,10,0
371371,371371,371381,10,0
371371,371379,371381,2,8
371371,371380,371381,1,9
371371,371371,371382,11,0
371371,371379,371382,3,8
371371,371379,371382,3,8
371371,371377,371381,4,6
371371,371379,371382,3,8
371371,371378,371382,4,7
371371,371381,371383,2,10
371371,371381,371383,2,10
371371,371378,371383,5,7
371371,371382,371383,1,11
371371,371382,371384,2,11
371371,371382,371384,2,11
371371,371382,371384,2,11
371371,371382,371384,2,11
371371,371382,371383,1,11
371499,371499,371501,2,0
371499,371499,371501,2,0
371499,371499,371501,2,0
371499,371499,371505,6,0
371499,371501,371506,5,2
371499,371501,371507,6,2
371499,371501,371506,5,2
371499,371499,371508,9,0
371499,371499,371508,9,0
371499,371499,371508,9,0
371499,371499,371508,9,0
371499,371499,371508,9,0
371499,371499,371508,9,0
371499,371499,371509,10,0
371499,371499,371509,10,0
371499,371505,371510,5,6
371499,371508,371510,2,9
371499,371509,371510,1,10
371499,371509,371510,1,10
371499,371509,371510,1,10
371499,371508,371511,3,9
371499,371509,371511,2,10
371499,371507,371511,4,8
371499,371508,371511,3,9
371499,371508,371511,3,9
371499,371507,371512,5,8
371499,371510,371512,2,11
371499,371510,371512,2,11
371499,371511,371512,1,12
371499,371511,371512,1,12
371499,371511,371512,1,12
371627,371627,371628,1,0
371627,371627,371628,1,0
371627,371627,371628,1,0
371627,371627,371633,6,0
371627,371629,371634,5,2
371627,371629,371634,5,2
371627,371627,371634,7,0
371627,371627,371635,8,0
371627,371627,371635,8,0
371627,371627,371635,8,0
371627,371627,371636,9,0
371627,371627,371636,9,0
371627,371627,371636,9,0
371627,371627,371637,10,0
371627,371635,371638,3,8
371627,371636,371638,2,9
371627,371634,371638,4,7
371627,371635,371638,3,8
371627,371634,371638,4,7
371627,371635,371638,3,8
371627,371636,371638,2,9
371627,371629,371639,10,2
371627,371634,371639,5,7
371627,371636,371638,2,9
371627,371637,371639,2,10
371627,371638,371639,1,11
371627,371638,371640,2,11
371627,371638,371640,2,11
371627,371638,371639,1,11
371627,371638,371640,2,11
371627,371639,371640,1,12
371756,371756,371757,1,0
371756,371756,371758,2,0
371756,371756,371758,2,0
371756,371756,371763,7,0
371756,371756,371764,8,0
371756,371756,371764,8,0
371756,371756,371764,8,0
371756,371759,371764,5,3
371756,371756,371765,9,0
371756,371756,371764,8,0
371756,371756,371766,10,0
371756,371756,371766,10,0
371756,371758,371766,8,2
371756,371756,371766,10,0
371756,371766,371767,1,10
371756,371765,371767,2,9
371756,371765,371768,3,9
371756,371766,371768,2,10
371756,371763,371768,5,7
371756,371766,371768,2,10
371756,371767,371768,1,11
371756,371767,371768,1,11
371756,371758,371768,10,2
371756,371764,371768,4,8
371756,371767,371768,1,11
371756,371765,371769,4,9
371756,371768,371769,1,12
371756,371768,371770,2,12
371756,371768,371769,1,12
371756,371768,371770,2,12
371756,371769,371770,1,13
371887,371887,371889,2,0
371887,371887,371888,1,0
371887,371887,371889,2,0
371887,371887,371894,7,0
371887,371887,371895,8,0
371887,371887,371894,7,0
371887,371887,371895,8,0
371887,371887,371895,8,0
371887,371887,371895,8,0
371887,371889,371896,7,2
371887,371889,371896,7,2
371887,371887,371896,9,0
371887,371887,371897,10,0
371887,371887,371897,10,0
371887,371890,371897,7,3
371887,371896,371898,2,9
371887,371895,371898,3,8
371887,371896,371898,2,9
371887,371895,371898,3,8
371887,371897,371898,1,10
371887,371896,371898,2,9
371887,371897,371899,2,10
371887,371895,371899,4,8
371887,371897,371899,2,10
371887,371894,371899,5,7
371887,371898,371899,1,11
371887,371898,371899,1,11
371887,371898,371899,1,11
371887,371899,371900,1,12
371887,371899,371900,1,12
371887,371899,371900,1,12
372018,372018,372020,2,0
372018,372018,372020,2,0
372018,372018,372019,1,0
372018,372018,372024,6,0
372018,372018,372025,7,0
372018,372018,372025,7,0
372018,372018,372025,7,0
372018,372020,372026,6,2
372018,372020,372026,6,2
372018,372020,372026,6,2
372018,372018,372027,9,0
372018,372018,372027,9,0
372018,372018,372028,10,0
372018,372018,372028,10,0
372018,372018,372028,10,0
372018,372025,372028,3,7
372018,372026,372029,3,8
372018,372026,372029,3,8
372018,372027,372029,2,9
372018,372025,372029,4,7
372018,372026,372028,2,8
372018,372027,372029,2,9
372018,372026,372029,3,8
372018,372028,372030,2,10
372018,372029,372030,1,11
372018,372029,372030,1,11
372018,372029,372030,1,11
372018,372029,372031,2,11
372018,372029,372031,2,11
372018,372029,372030,1,11
372018,372024,372031,7,6
372150,372150,372151,1,0
372150,372150,372151,1,0
372150,372150,372151,1,0
372150,372150,372155,5,0
372150,372150,372157,7,0
372150,372150,372158,8,0
372150,372152,372157,5,2
372150,372150,372157,7,0
372150,372152,372157,5,2
372150,372150,372159,9,0
372150,372152,372159,7,2
372150,372150,372159,9,0
372150,372150,372159,9,0
372150,372150,372159,9,0
372150,372150,372160,10,0
372150,372159,372161,2,9
372150,372159,372161,2,9
372150,372156,372161,5,6
372150,372158,372161,3,8
372150,372158,372161,3,8
372150,372158,372160,2,8
372150,372159,372161,2,9
372150,372159,372161,2,9
372150,372160,372162,2,10
372150,372158,372162,4,8
372150,372160,372161,1,10
372150,372158,372163,5,8
372150,372161,372162,1,11
372150,372161,372163,2,11
372150,372161,372163,2,11
372150,372161,372163,2,11
372275,372275,372277,2,0
372275,372275,372277,2,0
372275,372275,372277,2,0
372275,372275,372281,6,0
372275,372275,372282,7,0
372275,372275,372283,8,0
372275,372277,372283,6,2
372275,372278,372283,5,3
372275,372275,372284,9,0
372275,372277,372284,7,2
372275,372275,372284,9,0
372275,372275,372285,10,0
372275,372275,372284,9,0
372275,372275,372285,10,0
372275,372275,372285,10,0
372275,372285,372286,1,10
372275,372285,372286,1,10
372275,372282,372286,4,7
372275,372284,372286,2,9
372275,372285,372287,2,10
372275,372285,372287,2,10
372275,372285,372287,2,10
372275,372286,372287,1,11
372275,372286,372287,1,11
372275,372284,372288,4,9
372275,372287,372288,1,12
372275,372284,372288,4,9
372275,372284,372288,4,9
372275,372287,372288,1,12
372275,372287,372288,1,12
372275,372287,372288,1,12
372409,372409,372411,2,0
372409,372409,372410,1,0
372409,372409,372410,1,0
372409,372409,372414,5,0
372409,372409,372417,8,0
372409,372409,372416,7,0
372409,372409,372417,8,0
372409,372411,372416,5,2
372409,372409,372417,8,0
372409,372411,372418,7,2
372409,372409,372418,9,0
372409,372411,372417,6,2
372409,372409,372417,8,0
372409,372409,372418,9,0
372409,372409,372418,9,0
372409,372415,372419,4,6
372409,372418,372420,2,9
372409,372417,372420,3,8
372409,372418,372420,2,9
372409,372418,372420,2,9
372409,372417,372421,4,8
372409,372418,372420,2,9
372409,372418,372420,2,9
372409,372418,372421,3,9
372409,372419,372420,1,10
372409,372417,372421,4,8
372409,372417,372421,4,8
372409,372420,372421,1,11
372409,372420,372421,1,11
372409,372420,372422,2,11
372409,372421,372422,1,12
372536,372536,372537,1,0
372536,372536,372538,2,0
372536,372536,372537,1,0
372536,372536,372541,5,0
372536,372536,372543,7,0
372536,372538,372544,6,2
372536,372536,372544,8,0
372536,372536,372543,7,0
372536,372538,372543,5,2
372536,372536,372544,8,0
372536,372538,372545,7,2
372536,372536,372544,8,0
372536,372536,372545,9,0
372536,372536,372545,9,0
372536,372536,372545,9,0
372536,372542,372546,4,6
372536,372545,372547,2,9
372536,372545,372547,2,9
372536,372545,372547,2,9
372536,372544,372547,3,8
372536,372544,372547,3,8
372536,372545,372547,2,9
372536,372544,372548,4,8
372536,372546,372547,1,10
372536,372546,372547,1,10
372536,372544,372548,4,8
372536,372544,372548,4,8
372536,372547,372548,1,11
372536,372547,372548,1,11
372536,372547,372549,2,11
372536,372547,372548,1,11
372664,372664,372665,1,0
372664,372664,372666,2,0
372664,372664,372666,2,0
372664,372664,372670,6,0
372664,372667,372672,5,3
372664,372664,372672,8,0
372664,372664,372672,8,0
372664,372666,372672,6,2
372664,372664,372672,8,0
372664,372664,372673,9,0
372664,372664,372673,9,0
372664,372666,372673,7,2
372664,372664,372673,9,0
372664,372664,372674,10,0
372664,372664,372674,10,0
372664,372673,372675,2,9
372664,372672,372675,3,8
372664,372673,372675,2,9
372664,372671,372675,4,7
372664,372673,372675,2,9
372664,372673,372676,3,9
372664,372673,372676,3,9
372664,372672,372676,4,8
372664,372675,372676,1,11
372664,372672,372676,4,8
372664,372675,372677,2,11
372664,372672,372677,5,8
372664,372676,372677,1,12
372664,372676,372677,1,12
372664,372676,372677,1,12
372664,372676,372677,1,12
372792,372792,372793,1,0
372792,372792,372794,2,0
372792,372792,372794,2,0
372792,372792,372797,5,0
372792,372792,372800,8,0
372792,372792,372800,8,0
372792,372794,372800,6,2
372792,372792,372800,8,0
372792,372792,372799,7,0
372792,372794,372800,6,2
372792,372792,372801,9,0
372792,372794,372801,7,2
372792,372792,372801,9,0
372792,372797,372802,5,5
372792,372792,372802,10,0
372792,372792,372802,10,0
372792,372801,372803,2,9
372792,372800,372803,3,8
372792,372800,372803,3,8
372792,372800,372803,3,8
372792,372802,372803,1,10
372792,372801,372803,2,9
372792,372802,372804,2,10
372792,372800,372804,4,8
372792,372802,372804,2,10
372792,372803,372805,2,11
372792,372803,372804,1,11
372792,372800,372805,5,8
372792,372800,372804,4,8
372792,372804,372805,1,12
372792,372804,372805,1,12
372920,372920,372921,1,0
372920,372920,372921,1,0
372920,372920,372921,1,0
372920,372920,372925,5,0
372920,372920,372927,7,0
372920,372920,372927,7,0
372920,372922,372928,6,2
372920,372920,372927,7,0
372920,372920,372927,7,0
372920,372922,372927,5,2
372920,372920,372928,8,0
372920,372920,372928,8,0
372920,372922,372929,7,2
372920,372920,372929,9,0
372920,372920,372928,8,0
372920,372928,372930,2,8
372920,372928,372930,2,8
372920,372929,372930,1,9
372920,372926,372931,5,6
372920,372929,372931,2,9
372920,372929,372931,2,9
372920,372929,372930,1,9
372920,372928,372931,3,8
372920,372929,372931,2,9
372920,372928,372932,4,8
372920,372930,372932,2,10
372920,372931,372932,1,11
372920,372931,372932,1,11
372920,372928,372932,4,8
372920,372928,372932,4,8
372920,372931,372932,1,11
373045,373045,373047,2,0
373045,373045,373047,2,0
373045,373045,373047,2,0
373045,373045,373049,4,0
373045,373045,373052,7,0
373045,373045,373053,8,0
373045,373045,373053,8,0
373045,373045,373053,8,0
373045,373048,373053,5,3
373045,373045,373053,8,0
373045,373046,373053,7,1
373045,373048,373053,5,3
373045,373048,373054,6,3
373045,373050,373054,4,5
373045,373046,373055,9,1
373045,373045,373055,10,0
373045,373054,373056,2,9
373045,373054,373056,2,9
373045,373054,373056,2,9
373045,373054,373056,2,9
373045,373055,373056,1,10
373045,373055,373056,1,10
373045,373054,373056,2,9
373045,373055,373056,1,10
373045,373053,373057,4,8
373045,373054,373058,4,9
373045,373056,373057,1,11
373045,373056,373057,1,11
373045,373056,373057,1,11
373045,373054,373058,4,9
373045,373057,373058,1,12
373177,373177,373178,1,0
373177,373177,373178,1,0
373177,373177,373178,1,0
373177,373177,373182,5,0
373177,373177,373184,7,0
373177,373177,373184,7,0
373177,373177,373185,8,0
373177,373177,373185,8,0
373177,373177,373185,8,0
373177,373177,373185,8,0
373177,373179,373185,6,2
373177,373179,373186,7,2
373177,373177,373187,10,0
373177,373177,373187,10,0
373177,373186,373188,2,9
373177,373183,373188,5,6
373177,373185,373188,3,8
373177,373185,373188,3,8
373177,373186,373188,2,9
373177,373184,373188,4,7
373177,373186,373188,2,9
373177,373185,373189,4,8
373177,373184,373189,5,7
373177,373187,373189,2,10
373177,373188,373189,1,11
373177,373188,373189,1,11
373177,373179,373189,10,2
373177,373188,373190,2,11
373177,373188,373190,2,11
373177,373189,373190,1,12
373177,373189,373190,1,12
373303,373303,373305,2,0
373303,373303,373304,1,0
373303,373303,373305,2,0
373303,373303,373309,6,0
373303,373305,373310,5,2
373303,373305,373311,6,2
373303,373303,373312,9,0
373303,373303,373312,9,0
373303,373303,373312,9,0
373303,373303,373313,10,0
373303,373303,373313,10,0
373303,373303,373313,10,0
373303,373303,373313,10,0
373303,373303,373313,10,0
373303,373305,373314,9,2
373303,373313,373315,2,10
373303,373309,373315,6,6
373303,373311,373315,4,8
373303,373312,373315,3,9
373303,373314,373316,2,11
373303,373314,373315,1,11
373303,373311,373316,5,8
373303,373314,373316,2,11
373303,373313,373316,3,10
373303,373314,373316,2,11
373303,373315,373316,1,12
373303,373315,373316,1,12
373303,373312,373317,5,9
373303,373315,373317,2,12
373303,373315,373317,2,12
373303,373315,373317,2,12
373429,373429,373430,1,0
373429,373429,373430,1,0
373429,373429,373431,2,0
373429,373429,373434,5,0
373429,373431,373436,5,2
373429,373429,373436,7,0
373429,373431,373436,5,2
373429,373429,373436,7,0
373429,373429,373436,7,0
373429,373435,373439,4,6
373429,373429,373439,10,0
373429,373437,373439,2,8
373429,373429,373439,10,0
373429,373430,373439,9,1
373429,373429,373440,11,0
373429,373429,373439,10,0
373429,373436,373439,3,7
373429,373437,373439,2,8
373429,373429,373440,11,0
373429,373437,373440,3,8
373429,373437,373441,4,8
373429,373440,373442,2,11
373429,373440,373442,2,11
373429,373441,373442,1,12
373429,373439,373441,2,10
373429,373440,373441,1,11
373429,373440,373441,1,11
373429,373440,373441,1,11
373429,373440,373441,1,11
373429,373440,373441,1,11
373429,373440,373441,1,11
373556,373556,373558,2,0
373556,373556,373558,2,0
373556,373557,373558,1,1
373556,373557,373563,6,1
373556,373559,373563,4,3
373556,373557,373563,6,1
373556,373557,373564,7,1
373556,373557,373564,7,1
373556,373559,373564,5,3
373556,373557,373564,7,1
373556,373557,373564,7,1
373556,373557,373564,7,1
373556,373557,373567,10,1
373556,373557,373567,10,1
373556,373565,373567,2,9
373556,373564,373567,3,8
373556,373564,373567,3,8
373556,373565,373567,2,9
373556,373565,373567,2,9
373556,373565,373567,2,9
373556,373564,373567,3,8
373556,373565,373567,2,9
373556,373558,373567,9,2
373556,373564,373568,4,8
373556,373567,373568,1,11
373556,373568,373569,1,12
373556,373567,373568,1,11
373556,373567,373568,1,11
373556,373567,373568,1,11
373556,373567,373568,1,11
373556,373567,373568,1,11
373683,373683,373684,1,0
373683,373683,373684,1,0
373683,373683,373684,1,0
373683,373683,373688,5,0
373683,373683,373690,7,0
373683,373683,373689,6,0
373683,373683,373689,6,0
373683,373683,373690,7,0
373683,373683,373690,7,0
373683,373685,373690,5,2
373683,373685,373691,6,2
373683,373683,373692,9,0
373683,373684,373692,8,1
373683,373683,373692,9,0
373683,373689,373693,4,6
373683,373691,373693,2,8
373683,373683,373692,9,0
373683,373690,373692,2,7
373683,373691,373694,3,8
373683,373690,373694,4,7
373683,373690,373693,3,7
373683,373691,373693,2,8
373683,373692,373694,2,9
373683,373692,373694,2,9
373683,373693,373694,1,10
373683,373692,373694,2,9
373683,373693,373694,1,10
373683,373693,373694,1,10
373683,373693,373694,1,10
373683,373693,373694,1,10
373683,373694,373695,1,11
373811,373811,373812,1,0
373811,373811,373812,1,0
373811,373811,373812,1,0
373811,373811,373817,6,0
373811,373811,373817,6,0
373811,373813,373818,5,2
373811,373811,373817,6,0
373811,373811,373818,7,0
373811,373811,373817,6,0
373811,373811,373819,8,0
373811,373811,373819,8,0
373811,373812,373820,8,1
373811,373812,373821,9,1
373811,373818,373821,3,7
373811,373811,373821,10,0
373811,373818,373821,3,7
373811,373818,373820,2,7
373811,373818,373822,4,7
373811,373818,373821,3,7
373811,373819,373821,2,8
373811,373811,373821,10,0
373811,373817,373821,4,6
373811,373820,373822,2,9
373811,373821,373823,2,10
373811,373821,373823,2,10
373811,373820,373822,2,9
373811,373822,373823,1,11
373811,373822,373823,1,11
373811,373822,373824,2,11
373811,373822,373824,2,11
373811,373822,373824,2,11
373942,373942,373943,1,0
373942,373942,373943,1,0
373942,373942,373943,1,0
373942,373942,373945,3,0
373942,373942,373948,6,0
373942,373942,373949,7,0
373942,373942,373948,6,0
373942,373942,373949,7,0
373942,373942,373949,7,0
373942,373945,373949,4,3
373942,373943,373950,7,1
373942,373945,373950,5,3
373942,373950,373952,2,8
373942,373942,373952,10,0
373942,373949,373952,3,7
373942,373951,373952,1,9
373942,373942,373952,10,0
373942,373949,373952,3,7
373942,373951,373952,1,9
373942,373942,373952,10,0
373942,373949,373952,3,7
373942,373950,373952,2,8
373942,373949,373953,4,7
373942,373944,373953,9,2
373942,373952,373953,1,10
373942,373953,373954,1,11
373942,373953,373954,1,11
373942,373953,373954,1,11
373942,373953,373954,1,11
373942,373953,373954,1,11
373942,373953,373954,1,11
374068,374068,374069,1,0
374068,374068,374069,1,0
374068,374068,374069,1,0
374068,374068,374073,5,0
374068,374068,374074,6,0
374068,374068,374074,6,0
374068,374068,374074,6,0
374068,374068,374075,7,0
374068,374068,374075,7,0
374068,374068,374075,7,0
374068,374069,374076,7,1
374068,374070,374075,5,2
374068,374070,374077,7,2
374068,374076,374077,1,8
374068,374076,374077,1,8
374068,374076,374078,2,8
374068,374073,374078,5,5
374068,374075,374078,3,7
374068,374075,374078,3,7
374068,374068,374078,10,0
374068,374075,374078,3,7
374068,374068,374078,10,0
374068,374075,374079,4,7
374068,374075,374078,3,7
374068,374077,374079,2,9
374068,374078,374079,1,10
374068,374078,374079,1,10
374068,374078,374080,2,10
374068,374078,374080,2,10
374068,374078,374080,2,10
374068,374079,374080,1,11
374196,374196,374198,2,0
374196,374196,374198,2,0
374196,374196,374198,2,0
374196,374197,374201,4,1
374196,374197,374202,5,1
374196,374197,374203,6,1
374196,374197,374203,6,1
374196,374198,374204,6,2
374196,374199,374204,5,3
374196,374197,374204,7,1
374196,374197,374204,7,1
374196,374202,374206,4,6
374196,374199,374205,6,3
374196,374197,374205,8,1
374196,374197,374206,9,1
374196,374204,374207,3,8
374196,374197,374207,10,1
374196,374203,374206,3,7
374196,374205,374206,1,9
374196,374203,374206,3,7
374196,374204,374206,2,8
374196,374205,374207,2,9
374196,374205,374207,2,9
374196,374206,374208,2,10
374196,374206,374207,1,10
374196,374206,374207,1,10
374196,374207,374208,1,11
374196,374207,374208,1,11
374196,374207,374208,1,11
374196,374207,374208,1,11
374196,374207,374208,1,11
374323,374323,374324,1,0
374323,374323,374324,1,0
374323,374323,374325,2,0
374323,374323,374327,4,0
374323,374324,374329,5,1
374323,374323,374330,7,0
374323,374324,374330,6,1
374323,374325,374330,5,2
374323,374323,374331,8,0
374323,374323,374331,8,0
374323,374323,374331,8,0
374323,374328,374331,3,5
374323,374323,374331,8,0
374323,374326,374332,6,3
374323,374324,374332,8,1
374323,374332,374333,1,9
374323,374323,374334,11,0
374323,374331,374334,3,8
374323,374332,374334,2,9
374323,374332,374334,2,9
374323,374330,374333,3,7
374323,374331,374333,2,8
374323,374332,374333,1,9
374323,374331,374334,3,8
374323,374332,374334,2,9
374323,374333,374334,1,10
374323,374333,374335,2,10
374323,374334,374335,1,11
374323,374334,374335,1,11
374323,374334,374335,1,11
374323,374334,374335,1,11
374454,374454,374455,1,0
374454,374454,374455,1,0
374454,374454,374455,1,0
374454,374454,374458,4,0
374454,374454,374460,6,0
374454,374455,374461,6,1
374454,374454,374460,6,0
374454,374455,374461,6,1
374454,374454,374461,7,0
374454,374454,374461,7,0
374454,374458,374462,4,4
374454,374454,374462,8,0
374454,374456,374462,6,2
374454,374454,374462,8,0
374454,374454,374463,9,0
374454,374462,374463,1,8
374454,374460,374464,4,6
374454,374461,374464,3,7
374454,374461,374464,3,7
374454,374463,374464,1,9
374454,374461,374464,3,7
374454,374462,374464,2,8
374454,374454,374464,10,0
374454,374462,374464,2,8
374454,374463,374464,1,9
374454,374464,374465,1,10
374454,374464,374465,1,10
374454,374464,374465,1,10
374454,374465,374466,1,11
374454,374465,374466,1,11
374454,374465,374466,1,11
374586,374586,374587,1,0
374586,374586,374587,1,0
374586,374586,374587,1,0
374586,374586,374589,3,0
374586,374587,374592,5,1
374586,374586,374592,6,0
374586,374586,374592,6,0
374586,374586,374592,6,0
374586,374586,374593,7,0
374586,374586,374593,7,0
374586,374586,374593,7,0
374586,374588,374593,5,2
374586,374590,374593,3,4
374586,374588,374594,6,2
374586,374592,374595,3,6
374586,374586,374595,9,0
374586,374586,374595,9,0
374586,374592,374595,3,6
374586,374593,374596,3,7
374586,374594,374596,2,8
374586,374594,374596,2,8
374586,374594,374596,2,8
374586,374594,374596,2,8
374586,374593,374596,3,7
374586,374593,374596,3,7
374586,374594,374596,2,8
374586,374595,374596,1,9
374586,374595,374597,2,9
374586,374596,374597,1,10
374586,374596,374597,1,10
374586,374596,374597,1,10
374839,374839,374840,1,0
374839,374839,374840,1,0
374839,374839,374840,1,0
374839,374839,374842,3,0
374839,374841,374845,4,2
374839,374840,374845,5,1
374839,374839,374846,7,0
374839,374841,374845,4,2
374839,374839,374845,6,0
374839,374839,374845,6,0
374839,374839,374846,7,0
374839,374839,374846,7,0
374839,374839,374846,7,0
374839,374839,374847,8,0
374839,374842,374847,5,3
374839,374846,374848,2,7
374839,374845,374848,3,6
374839,374846,374848,2,7
374839,374846,374848,2,7
374839,374839,374849,10,0
374839,374846,374849,3,7
374839,374846,374848,2,7
374839,374847,374848,1,8
374839,374845,374848,3,6
374839,374846,374848,2,7
374839,374847,374848,1,8
374839,374847,374849,2,8
374839,374848,374849,1,9
374839,374848,374850,2,9
374839,374849,374850,1,10
374839,374849,374850,1,10
374966,374966,374967,1,0
374966,374966,374967,1,0
374966,374966,374967,1,0
374966,374966,374968,2,0
374966,374966,374970,4,0
374966,374966,374971,5,0
374966,374966,374971,5,0
374966,374966,374971,5,0
374966,374966,374972,6,0
374966,374966,374972,6,0
374966,374966,374973,7,0
374966,374968,374972,4,2
374966,374967,374973,6,1
374966,374966,374974,8,0
374966,374971,374974,3,5
374966,374968,374973,5,2
374966,374969,374974,5,3
374966,374971,374973,2,5
374966,374972,374974,2,6
374966,374971,374974,3,5
374966,374971,374974,3,5
374966,374972,374974,2,6
374966,374973,374975,2,7
374966,374973,374975,2,7
374966,374974,374975,1,8
374966,374974,374975,1,8
374966,374974,374975,1,8
374966,374974,374975,1,8
374966,374974,374976,2,8
374966,374974,374976,2,8
374966,374974,374976,2,8
375097,375097,375098,1,0
375097,375097,375098,1,0
375097,375097,375098,1,0
375097,375097,375099,2,0
375097,375097,375102,5,0
375097,375097,375102,5,0
375097,375097,375103,6,0
375097,375099,375103,4,2
375097,375098,375103,5,1
375097,375099,375104,5,2
375097,375097,375104,7,0
375097,375100,375103,3,3
375097,375104,375105,1,7
375097,375097,375105,8,0
375097,375103,375106,3,6
375097,375104,375106,2,7
375097,375103,375106,3,6
375097,375103,375106,3,6
375097,375104,375106,2,7
375097,375104,375106,2,7
375097,375097,375106,9,0
375097,375103,375107,4,6
375097,375097,375107,10,0
375097,375097,375107,10,0
375097,375106,375107,1,9
375097,375106,375108,2,9
375097,375106,375108,2,9
375097,375106,375107,1,9
375097,375107,375108,1,10
375097,375107,375108,1,10
375097,375107,375108,1,10
375222,375222,375223,1,0
375222,375222,375223,1,0
375222,375222,375224,2,0
375222,375222,375224,2,0
375222,375222,375226,4,0
375222,375224,375228,4,2
375222,375222,375228,6,0
375222,375224,375228,4,2
375222,375222,375229,7,0
375222,375225,375229,4,3
375222,375222,375229,7,0
375222,375222,375229,7,0
375222,375223,375229,6,1
375222,375227,375230,3,5
375222,375228,375230,2,6
375222,375222,375230,8,0
375222,375222,375230,8,0
375222,375229,375231,2,7
375222,375228,375231,3,6
375222,375229,375231,2,7
375222,375222,375231,9,0
375222,375229,375231,2,7
375222,375230,375231,1,8
375222,375228,375232,4,6
375222,375229,375231,2,7
375222,375230,375232,2,8
375222,375230,375232,2,8
375222,375231,375232,1,9
375222,375231,375232,1,9
375222,375231,375233,2,9
375222,375231,375233,2,9
375348,375348,375349,1,0
375348,375348,375349,1,0
375348,375348,375349,1,0
375348,375348,375350,2,0
375348,375348,375352,4,0
375348,375350,375353,3,2
375348,375349,375353,4,1
375348,375348,375354,6,0
375348,375350,375353,3,2
375348,375348,375353,5,0
375348,375348,375355,7,0
375348,375352,375355,3,4
375348,375354,375356,2,6
375348,375348,375355,7,0
375348,375348,375356,8,0
375348,375353,375355,2,5
375348,375348,375356,8,0
375348,375353,375356,3,5
375348,375354,375356,2,6
375348,375354,375356,2,6
375348,375355,375357,2,7
375348,375355,375357,2,7
375348,375356,375357,1,8
375348,375348,375357,9,0
375348,375349,375358,9,1
375348,375356,375357,1,8
375348,375356,375357,1,8
375348,375356,375358,2,8
375348,375356,375357,1,8
375348,375357,375358,1,9
375348,375357,375358,1,9
375477,375477,375478,1,0
375477,375477,375478,1,0
375477,375477,375478,1,0
375477,375477,375479,2,0
375477,375477,375481,4,0
375477,375477,375481,4,0
375477,375477,375482,5,0
375477,375477,375483,6,0
375477,375477,375482,5,0
375477,375477,375482,5,0
375477,375477,375482,5,0
375477,375479,375482,3,2
375477,375477,375483,6,0
375477,375480,375483,3,3
375477,375481,375484,3,4
375477,375479,375485,6,2
375477,375482,375484,2,5
375477,375478,375484,6,1
375477,375483,375484,1,6
375477,375483,375485,2,6
375477,375482,375484,2,5
375477,375483,375485,2,6
375477,375483,375485,2,6
375477,375483,375485,2,6
375477,375484,375485,1,7
375477,375484,375485,1,7
375477,375484,375485,1,7
375477,375485,375486,1,8
375477,375485,375486,1,8
375477,375485,375486,1,8
375477,375485,375486,1,8
375609,375609,375610,1,0
375609,375609,375610,1,0
375609,375609,375611,2,0
375609,375609,375612,3,0
375609,375609,375613,4,0
375609,375609,375614,5,0
375609,375609,375614,5,0
375609,375609,375614,5,0
375609,375609,375614,5,0
375609,375611,375614,3,2
375609,375609,375614,5,0
375609,375609,375614,5,0
375609,375610,375614,4,1
375609,375609,375614,5,0
375609,375612,375615,3,3
375609,375613,375616,3,4
375609,375614,375616,2,5
375609,375614,375616,2,5
375609,375614,375616,2,5
375609,375614,375616,2,5
375609,375614,375616,2,5
375609,375611,375616,5,2
375609,375614,375616,2,5
375609,375615,375616,1,6
375609,375614,375617,3,5
375609,375614,375617,3,5
375609,375616,375617,1,7
375609,375616,375617,1,7
375609,375617,375618,1,8
375609,375617,375618,1,8
375609,375617,375618,1,8
375740,375740,375741,1,0
375740,375740,375741,1,0
375740,375740,375741,1,0
375740,375740,375742,2,0
375740,375740,375743,3,0
375740,375740,375743,3,0
375740,375740,375744,4,0
375740,375740,375744,4,0
375740,375740,375744,4,0
375740,375741,375744,3,1
375740,375740,375744,4,0
375740,375740,375744,4,0
375740,375741,375744,3,1
375740,375740,375744,4,0
375740,375742,375745,3,2
375740,375743,375746,3,3
375740,375743,375746,3,3
375740,375744,375746,2,4
375740,375744,375746,2,4
375740,375744,375746,2,4
375740,375744,375746,2,4
375740,375745,375746,1,5
375740,375745,375746,1,5
375740,375745,375746,1,5
375740,375745,375747,2,5
375740,375744,375747,3,4
375740,375745,375747,2,5
375740,375747,375748,1,7
375740,375747,375748,1,7
375740,375747,375748,1,7
375873,375873,375874,1,0
375873,375873,375874,1,0
375873,375873,375874,1,0
375873,375873,375874,1,0
375873,375873,375874,1,0
375873,375873,375876,3,0
375873,375873,375876,3,0
375873,375873,375876,3,0
375873,375873,375876,3,0
375873,375875,375876,1,2
375873,375873,375877,4,0
375873,375875,375877,2,2
375873,375875,375877,2,2
375873,375875,375877,2,2
375873,375873,375878,5,0
375873,375875,375878,3,2
375873,375873,375878,5,0
375873,375877,375878,1,4
375873,375877,375879,2,4
375873,375877,375878,1,4
375873,375877,375879,2,4
375873,375877,375879,2,4
375873,375877,375878,1,4
375873,375876,375879,3,3
375873,375877,375878,1,4
375873,375877,375879,2,4
375873,375879,375880,1,6
375873,375878,375880,2,5
375873,375878,375880,2,5
375873,375879,375880,1,6
375873,375879,375880,1,6
376001,376001,376002,1,0
376001,376001,376002,1,0
376001,376001,376002,1,0
376001,376001,376002,1,0
376001,376001,376003,2,0
376001,376001,376003,2,0
376001,376001,376004,3,0
376001,376001,376003,2,0
376001,376001,376004,3,0
376001,376002,376004,2,1
376001,376001,376004,3,0
376001,376001,376005,4,0
376001,376003,376005,2,2
376001,376001,376005,4,0
376001,376003,376005,2,2
376001,376003,376005,2,2
376001,376003,376005,2,2
376001,376004,376006,2,3
376001,376004,376006,2,3
376001,376004,376006,2,3
376001,376004,376006,2,3
376001,376004,376006,2,3
376001,376005,376006,1,4
376001,376005,376007,2,4
376001,376005,376006,1,4
376001,376005,376007,2,4
376001,376005,376007,2,4
376001,376007,376008,1,6
376001,376006,376007,1,5
376001,376006,376007,1,5
376001,376006,376007,1,5
376129,376129,376130,1,0
376129,376129,376130,1,0
376129,376129,376130,1,0
376129,376129,376131,2,0
376129,376130,376131,1,1
376129,376129,376131,2,0
376129,376129,376133,4,0
376129,376129,376132,3,0
376129,376129,376133,4,0
376129,376129,376133,4,0
376129,376129,376132,3,0
376129,376129,376133,4,0
376129,376129,376132,3,0
376129,376130,376133,3,1
376129,376131,376133,2,2
376129,376132,376134,2,3
376129,376132,376133,1,3
376129,376132,376134,2,3
376129,376133,376134,1,4
376129,376133,376135,2,4
376129,376133,376134,1,4
376129,376133,376135,2,4
376129,376133,376135,2,4
376129,376133,376135,2,4
376129,376133,376135,2,4
376129,376134,376135,1,5
376129,376133,376135,2,4
376129,376134,376135,1,5
376129,376134,376135,1,5
376129,376135,376136,1,6
376129,376135,376136,1,6
376257,376257,376258,1,0
376257,376257,376258,1,0
376257,376257,376258,1,0
376257,376257,376259,2,0
376257,376257,376260,3,0
376257,376258,376260,2,1
376257,376257,376260,3,0
376257,376257,376260,3,0
376257,376258,376260,2,1
376257,376257,376261,4,0
376257,376257,376261,4,0
376257,376259,376261,2,2
376257,376259,376261,2,2
376257,376257,376262,5,0
376257,376257,376262,5,0
376257,376260,376262,2,3
376257,376261,376262,1,4
376257,376261,376262,1,4
376257,376261,376262,1,4
376257,376257,376263,6,0
376257,376261,376263,2,4
376257,376260,376263,3,3
376257,376262,376263,1,5
376257,376263,376264,1,6
376257,376263,376264,1,6
376257,376262,376264,2,5
376257,376262,376264,2,5
376257,376262,376264,2,5
376257,376262,376264,2,5
376257,376262,376264,2,5
376257,376263,376264,1,6
376508,376508,376509,1,0
376508,376508,376509,1,0
376508,376508,376510,2,0
376508,376508,376509,1,0
376508,376508,376511,3,0
376508,376508,376510,2,0
376508,376508,376512,4,0
376508,376510,376512,2,2
376508,376508,376512,4,0
376508,376508,376512,4,0
376508,376510,376512,2,2
376508,376508,376513,5,0
376508,376510,376513,3,2
376508,376508,376512,4,0
376508,376512,376513,1,4
376508,376508,376513,5,0
376508,376511,376513,2,3
376508,376511,376513,2,3
376508,376512,376514,2,4
376508,376512,376514,2,4
376508,376512,376514,2,4
376508,376512,376514,2,4
376508,376513,376515,2,5
376508,376513,376514,1,5
376508,376509,376514,5,1
376508,376513,376515,2,5
376508,376513,376515,2,5
376508,376514,376515,1,6
376508,376514,376515,1,6
376508,376514,376515,1,6
376508,376514,376515,1,6
376632,376633,376634,1,1
376632,376633,376634,1,1
376632,376633,376634,1,1
376632,376633,376634,1,1
376632,376633,376635,2,1
376632,376633,376636,3,1
376632,376633,376636,3,1
376632,376633,376636,3,1
376632,376633,376637,4,1
376632,376635,376636,1,3
376632,376633,376637,4,1
376632,376635,376636,1,3
376632,376633,376637,4,1
376632,376636,376637,1,4
376632,376633,376638,5,1
376632,376636,376637,1,4
376632,376637,376638,1,5
376632,376637,376638,1,5
376632,376637,376639,2,5
376632,376634,376638,4,2
376632,376636,376638,2,4
376632,376637,376639,2,5
376632,376637,376638,1,5
376632,376634,376639,5,2
376632,376637,376638,1,5
376632,376638,376639,1,6
376632,376639,376640,1,7
376632,376638,376639,1,6
376632,376638,376639,1,6
376632,376639,376640,1,7
376632,376639,376640,1,7
376762,376762,376763,1,0
376762,376762,376763,1,0
376762,376762,376764,2,0
376762,376762,376763,1,0
376762,376762,376764,2,0
376762,376762,376764,2,0
376762,376762,376765,3,0
376762,376762,376766,4,0
376762,376762,376766,4,0
376762,376762,376766,4,0
376762,376762,376766,4,0
376762,376764,376766,2,2
376762,376763,376767,4,1
376762,376762,376766,4,0
376762,376764,376766,2,2
376762,376765,376767,2,3
376762,376765,376767,2,3
376762,376766,376768,2,4
376762,376766,376768,2,4
376762,376766,376767,1,4
376762,376763,376767,4,1
376762,376767,376768,1,5
376762,376766,376768,2,4
376762,376766,376768,2,4
376762,376766,376768,2,4
376762,376767,376768,1,5
376762,376767,376769,2,5
376762,376767,376768,1,5
376762,376768,376769,1,6
376762,376768,376769,1,6
376762,376768,376769,1,6
376889,376889,376890,1,0
376889,376889,376890,1,0
376889,376889,376890,1,0
376889,376889,376891,2,0
376889,376889,376891,2,0
376889,376889,376892,3,0
376889,376889,376892,3,0
376889,376889,376892,3,0
376889,376889,376893,4,0
376889,376889,376893,4,0
376889,376891,376893,2,2
376889,376889,376894,5,0
376889,376892,376893,1,3
376889,376889,376893,4,0
376889,376890,376894,4,1
376889,376892,376894,2,3
376889,376890,376894,4,1
376889,376892,376894,2,3
376889,376891,376894,3,2
376889,376893,376894,1,4
376889,376893,376894,1,4
376889,376893,376895,2,4
376889,376893,376895,2,4
376889,376894,376896,2,5
376889,376894,376895,1,5
376889,376895,376896,1,6
376889,376894,376896,2,5
376889,376894,376896,2,5
376889,376895,376896,1,6
376889,376894,376896,2,5
377014,377014,377015,1,0
377014,377014,377016,2,0
377014,377014,377016,2,0
377014,377014,377016,2,0
377014,377015,377017,2,1
377014,377014,377017,3,0
377014,377014,377017,3,0
377014,377014,377018,4,0
377014,377015,377018,3,1
377014,377014,377018,4,0
377014,377014,377018,4,0
377014,377014,377018,4,0
377014,377017,377018,1,3
377014,377016,377019,3,2
377014,377017,377018,1,3
377014,377017,377019,2,3
377014,377018,377019,1,4
377014,377019,377020,1,5
377014,377015,377019,4,1
377014,377018,377019,1,4
377014,377018,377019,1,4
377014,377018,377020,2,4
377014,377019,377020,1,5
377014,377019,377020,1,5
377014,377020,377021,1,6
377014,377019,377020,1,5
377014,377019,377020,1,5
377014,377019,377021,2,5
377014,377020,377021,1,6
377014,377020,377021,1,6
377014,377020,377021,1,6
377142,377142,377143,1,0
377142,377142,377143,1,0
377142,377142,377143,1,0
377142,377142,377144,2,0
377142,377142,377145,3,0
377142,377142,377145,3,0
377142,377142,377145,3,0
377142,377142,377146,4,0
377142,377142,377145,3,0
377142,377142,377146,4,0
377142,377142,377145,3,0
377142,377145,377147,2,3
377142,377142,377147,5,0
377142,377144,377147,3,2
377142,377145,377147,2,3
377142,377145,377147,2,3
377142,377143,377146,3,1
377142,377145,377147,2,3
377142,377144,377148,4,2
377142,377146,377148,2,4
377142,377146,377148,2,4
377142,377146,377148,2,4
377142,377146,377147,1,4
377142,377147,377148,1,5
377142,377147,377148,1,5
377142,377148,377149,1,6
377142,377147,377148,1,5
377142,377147,377148,1,5
377142,377147,377149,2,5
377142,377147,377149,2,5
377142,377147,377149,2,5
377268,377268,377269,1,0
377268,377268,377269,1,0
377268,377268,377270,2,0
377268,377268,377269,1,0
377268,377268,377270,2,0
377268,377268,377270,2,0
377268,377268,377271,3,0
377268,377268,377270,2,0
377268,377268,377271,3,0
377268,377268,377272,4,0
377268,377268,377272,4,0
377268,377269,377272,3,1
377268,377268,377272,4,0
377268,377270,377272,2,2
377268,377271,377272,1,3
377268,377271,377273,2,3
377268,377270,377273,3,2
377268,377271,377272,1,3
377268,377272,377273,1,4
377268,377271,377272,1,3
377268,377271,377272,1,3
377268,377272,377273,1,4
377268,377272,377273,1,4
377268,377270,377273,3,2
377268,377272,377273,1,4
377268,377273,377274,1,5
377268,377272,377273,1,4
377268,377273,377274,1,5
377268,377273,377274,1,5
377268,377273,377274,1,5
377268,377273,377274,1,5
377394,377394,377396,2,0
377394,377394,377396,2,0
377394,377395,377396,1,1
377394,377394,377396,2,0
377394,377394,377396,2,0
377394,377395,377396,1,1
377394,377395,377396,1,1
377394,377394,377397,3,0
377394,377394,377397,3,0
377394,377394,377398,4,0
377394,377397,377398,1,3
377394,377397,377398,1,3
377394,377394,377398,4,0
377394,377396,377398,2,2
377394,377397,377398,1,3
377394,377397,377398,1,3
377394,377394,377399,5,0
377394,377397,377399,2,3
377394,377398,377399,1,4
377394,377397,377400,3,3
377394,377398,377399,1,4
377394,377399,377400,1,5
377394,377399,377400,1,5
377394,377399,377400,1,5
377394,377399,377400,1,5
377394,377400,377401,1,6
377394,377399,377400,1,5
377394,377399,377400,1,5
377394,377399,377400,1,5
377394,377400,377401,1,6
377394,377400,377401,1,6
377521,377521,377522,1,0
377521,377521,377522,1,0
377521,377521,377523,2,0
377521,377521,377522,1,0
377521,377521,377522,1,0
377521,377521,377522,1,0
377521,377521,377522,1,0
377521,377521,377522,1,0
377521,377521,377523,2,0
377521,377521,377522,1,0
377521,377521,377524,3,0
377521,377521,377524,3,0
377521,377522,377524,2,1
377521,377523,377524,1,2
377521,377523,377524,1,2
377521,377522,377525,3,1
377521,377523,377524,1,2
377521,377523,377524,1,2
377521,377524,377525,1,3
377521,377523,377524,1,2
377521,377523,377525,2,2
377521,377523,377524,1,2
377521,377524,377525,1,3
377521,377523,377526,3,2
377521,377525,377526,1,4
377521,377525,377526,1,4
377521,377525,377526,1,4
377521,377525,377526,1,4
377521,377525,377526,1,4
377521,377525,377526,1,4
377521,377525,377526,1,4
377650,377650,377651,1,0
377650,377650,377651,1,0
377650,377650,377651,1,0
377650,377650,377651,1,0
377650,377650,377651,1,0
377650,377650,377651,1,0
377650,377650,377651,1,0
377650,377650,377651,1,0
377650,377650,377652,2,0
377650,377650,377651,1,0
377650,377650,377652,2,0
377650,377650,377651,1,0
377650,377651,377652,1,1
377650,377651,377652,1,1
377650,377651,377652,1,1
377650,377651,377652,1,1
377650,377651,377653,2,1
377650,377652,377653,1,2
377650,377652,377653,1,2
377650,377652,377653,1,2
377650,377652,377653,1,2
377650,377652,377653,1,2
377650,377652,377653,1,2
377650,377652,377654,2,2
377650,377652,377654,2,2
377650,377653,377654,1,3
377650,377653,377654,1,3
377650,377653,377654,1,3
377650,377654,377655,1,4
377650,377654,377655,1,4
377650,377654,377655,1,4
377777,377777,377778,1,0
377777,377777,377778,1,0
377777,377777,377778,1,0
377777,377777,377778,1,0
377777,377777,377778,1,0
377777,377777,377778,1,0
377777,377777,377778,1,0
377777,377777,377778,1,0
377777,377777,377778,1,0
377777,377777,377778,1,0
377777,377777,377778,1,0
377777,377777,377778,1,0
377777,377779,377780,1,2
377777,377778,377779,1,1
377777,377779,377780,1,2
377777,377779,377780,1,2
377777,377779,377780,1,2
377777,377779,377780,1,2
377777,377779,377780,1,2
377777,377779,377780,1,2
377777,377779,377780,1,2
377777,377779,377780,1,2
377777,377779,377780,1,2
377777,377780,377781,1,3
377777,377779,377780,1,2
377777,377780,377781,1,3
377777,377780,377781,1,3
377777,377780,377781,1,3
377777,377781,377782,1,4
377777,377781,377782,1,4
377777,377781,377782,1,4
377903,377903,377904,1,0
377903,377903,377904,1,0
377903,377903,377904,1,0
377903,377903,377905,2,0
377903,377903,377905,2,0
377903,377903,377905,2,0
377903,377903,377905,2,0
377903,377903,377904,1,0
377903,377904,377905,1,1
377903,377903,377905,2,0
377903,377903,377905,2,0
377903,377903,377904,1,0
377903,377904,377905,1,1
377903,377904,377905,1,1
377903,377905,377906,1,2
377903,377905,377906,1,2
377903,377906,377907,1,3
377903,377905,377907,2,2
377903,377905,377907,2,2
377903,377905,377907,2,2
377903,377906,377907,1,3
377903,377905,377906,1,2
377903,377905,377906,1,2
377903,377906,377907,1,3
377903,377906,377907,1,3
377903,377907,377908,1,4
377903,377903,377908,5,0
377903,377906,377907,1,3
377903,377907,377908,1,4
377903,377907,377909,2,4
377903,377907,377908,1,4
378027,378027,378028,1,0
378027,378027,378028,1,0
378027,378027,378028,1,0
378027,378027,378029,2,0
378027,378027,378029,2,0
378027,378027,378029,2,0
378027,378027,378029,2,0
378027,378027,378029,2,0
378027,378028,378029,1,1
378027,378028,378029,1,1
378027,378027,378030,3,0
378027,378029,378030,1,2
378027,378029,378030,1,2
378027,378028,378030,2,1
378027,378029,378030,1,2
378027,378030,378031,1,3
378027,378030,378031,1,3
378027,378030,378031,1,3
378027,378031,378032,1,4
378027,378031,378032,1,4
378027,378030,378031,1,3
378027,378030,378031,1,3
378027,378030,378031,1,3
378027,378031,378032,1,4
378027,378030,378031,1,3
378027,378031,378032,1,4
378027,378031,378032,1,4
378027,378031,378032,1,4
378027,378032,378033,1,5
378027,378032,378033,1,5
378027,378032,378033,1,5
378153,378153,378154,1,0
378153,378153,378155,2,0
378153,378153,378154,1,0
378153,378153,378155,2,0
378153,378153,378155,2,0
378153,378153,378154,1,0
378153,378153,378155,2,0
378153,378153,378155,2,0
378153,378153,378156,3,0
378153,378153,378155,2,0
378153,378153,378155,2,0
378153,378155,378156,1,2
378153,378153,378155,2,0
378153,378154,378155,1,1
378153,378155,378156,1,2
378153,378155,378156,1,2
378153,378155,378157,2,2
378153,378155,378156,1,2
378153,378155,378156,1,2
378153,378155,378157,2,2
378153,378156,378157,1,3
378153,378156,378157,1,3
378153,378156,378158,2,3
378153,378156,378157,1,3
378153,378156,378157,1,3
378153,378156,378157,1,3
378153,378156,378157,1,3
378153,378157,378158,1,4
378153,378157,378158,1,4
378153,378157,378158,1,4
378153,378157,378158,1,4
378281,378281,378282,1,0
378281,378281,378282,1,0
378281,378281,378283,2,0
378281,378281,378283,2,0
378281,378281,378283,2,0
378281,378281,378283,2,0
378281,378282,378283,1,1
378281,378281,378284,3,0
378281,378283,378284,1,2
378281,378281,378284,3,0
378281,378282,378284,2,1
378281,378283,378284,1,2
378281,378284,378285,1,3
378281,378284,378285,1,3
378281,378284,378285,1,3
378281,378284,378285,1,3
378281,378284,378285,1,3
378281,378281,378285,4,0
378281,378282,378285,3,1
378281,378285,378286,1,4
378281,378285,378286,1,4
378281,378285,378286,1,4
378281,378286,378287,1,5
378281,378286,378287,1,5
378281,378285,378286,1,4
378281,378286,378287,1,5
378281,378286,378287,1,5
378281,378285,378286,1,4
378281,378286,378287,1,5
378281,378286,378287,1,5
378281,378286,378287,1,5
378407,378407,378408,1,0
378407,378407,378408,1,0
378407,378407,378408,1,0
378407,378407,378408,1,0
378407,378407,378408,1,0
378407,378407,378408,1,0
378407,378407,378408,1,0
378407,378407,378409,2,0
378407,378407,378409,2,0
378407,378407,378410,3,0
378407,378408,378409,1,1
378407,378408,378409,1,1
378407,378407,378410,3,0
378407,378407,378409,2,0
378407,378408,378409,1,1
378407,378409,378411,2,2
378407,378409,378410,1,2
378407,378409,378410,1,2
378407,378409,378410,1,2
378407,378409,378410,1,2
378407,378410,378411,1,3
378407,378409,378410,1,2
378407,378410,378411,1,3
378407,378410,378411,1,3
378407,378410,378411,1,3
378407,378410,378412,2,3
378407,378410,378411,1,3
378407,378411,378412,1,4
378407,378411,378412,1,4
378407,378411,378412,1,4
378407,378411,378412,1,4
378532,378532,378533,1,0
378532,378532,378533,1,0
378532,378533,378534,1,1
378532,378533,378534,1,1
378532,378533,378534,1,1
378532,378533,378534,1,1
378532,378533,378534,1,1
378532,378533,378534,1,1
378532,378533,378534,1,1
378532,378533,378534,1,1
378532,378533,378534,1,1
378532,378534,378535,1,2
378532,378533,378535,2,1
378532,378534,378535,1,2
378532,378535,378536,1,3
378532,378535,378536,1,3
378532,378535,378536,1,3
378532,378535,378536,1,3
378532,378535,378536,1,3
378532,378535,378536,1,3
378532,378535,378536,1,3
378532,378536,378537,1,4
378532,378535,378536,1,3
378532,378535,378536,1,3
378532,378536,378537,1,4
378532,378536,378537,1,4
378532,378537,378538,1,5
378532,378537,378538,1,5
378532,378537,378538,1,5
378532,378537,378538,1,5
378532,378537,378538,1,5
378659,378659,378660,1,0
378659,378659,378661,2,0
378659,378659,378661,2,0
378659,378659,378663,4,0
378659,378659,378667,8,0
378659,378662,378667,5,3
378659,378663,378666,3,4
378659,378659,378667,8,0
378659,378659,378667,8,0
378659,378660,378667,7,1
378659,378659,378668,9,0
378659,378659,378667,8,0
378659,378659,378669,10,0
378659,378668,378669,1,9
378659,378668,378669,1,9
378659,378659,378669,10,0
378659,378661,378670,9,2
378659,378668,378670,2,9
378659,378659,378669,10,0
378659,378667,378670,3,8
378659,378667,378670,3,8
378659,378668,378670,2,9
378659,378668,378671,3,9
378659,378667,378671,4,8
378659,378670,378671,1,11
378659,378670,378671,1,11
378659,378670,378671,1,11
378659,378670,378671,1,11
378659,378670,378672,2,11
378659,378670,378672,2,11
378659,378670,378672,2,11
378787,378787,378788,1,0
378787,378787,378788,1,0
378787,378787,378788,1,0
378787,378787,378791,4,0
378787,378788,378795,7,1
378787,378787,378794,7,0
378787,378787,378795,8,0
378787,378787,378795,8,0
378787,378789,378796,7,2
378787,378787,378795,8,0
378787,378791,378796,5,4
378787,378787,378795,8,0
378787,378787,378797,10,0
378787,378787,378797,10,0
378787,378787,378797,10,0
378787,378796,378798,2,9
378787,378796,378798,2,9
378787,378796,378798,2,9
378787,378789,378798,9,2
378787,378795,378798,3,8
378787,378796,378798,2,9
378787,378796,378798,2,9
378787,378796,378798,2,9
378787,378797,378798,1,10
378787,378795,378799,4,8
378787,378797,378798,1,10
378787,378798,378799,1,11
378787,378797,378798,1,10
378787,378798,378799,1,11
378787,378798,378799,1,11
378787,378798,378799,1,11
378923,378923,378924,1,0
378923,378923,378925,2,0
378923,378923,378925,2,0
378923,378923,378927,4,0
378923,378923,378931,8,0
378923,378923,378932,9,0
378923,378923,378931,8,0
378923,378925,378932,7,2
378923,378923,378932,9,0
378923,378923,378932,9,0
378923,378923,378933,10,0
378923,378925,378933,8,2
378923,378927,378933,6,4
378923,378923,378933,10,0
378923,378923,378933,10,0
378923,378932,378934,2,9
378923,378925,378934,9,2
378923,378932,378934,2,9
378923,378932,378935,3,9
378923,378932,378935,3,9
378923,378933,378935,2,10
378923,378933,378935,2,10
378923,378933,378935,2,10
378923,378933,378934,1,10
378923,378934,378935,1,11
378923,378934,378936,2,11
378923,378931,378936,5,8
378923,378935,378936,1,12
378923,378935,378936,1,12
378923,378932,378937,5,9
378923,378935,378936,1,12
379053,379053,379054,1,0
379053,379053,379054,1,0
379053,379053,379054,1,0
379053,379053,379058,5,0
379053,379053,379062,9,0
379053,379053,379062,9,0
379053,379053,379062,9,0
379053,379055,379062,7,2
379053,379053,379062,9,0
379053,379055,379061,6,2
379053,379053,379063,10,0
379053,379053,379062,9,0
379053,379053,379062,9,0
379053,379053,379063,10,0
379053,379055,379063,8,2
379053,379062,379064,2,9
379053,379063,379064,1,10
379053,379063,379065,2,10
379053,379062,379064,2,9
379053,379063,379065,2,10
379053,379063,379065,2,10
379053,379064,379066,2,11
379053,379064,379065,1,11
379053,379062,379065,3,9
379053,379062,379065,3,9
379053,379065,379066,1,12
379053,379059,379067,8,6
379053,379062,379067,5,9
379053,379065,379066,1,12
379053,379062,379066,4,9
379053,379066,379067,1,13
379179,379179,379181,2,0
379179,379179,379181,2,0
379179,379179,379180,1,0
379179,379179,379184,5,0
379179,379179,379187,8,0
379179,379179,379187,8,0
379179,379179,379188,9,0
379179,379181,379188,7,2
379179,379179,379188,9,0
379179,379181,379187,6,2
379179,379179,379189,10,0
379179,379181,379189,8,2
379179,379179,379189,10,0
379179,379179,379189,10,0
379179,379179,379188,9,0
379179,379188,379190,2,9
379179,379188,379190,2,9
379179,379184,379191,7,5
379179,379189,379191,2,10
379179,379189,379191,2,10
379179,379188,379191,3,9
379179,379189,379191,2,10
379179,379190,379191,1,11
379179,379190,379191,1,11
379179,379188,379192,4,9
379179,379191,379192,1,12
379179,379187,379192,5,8
379179,379188,379192,4,9
379179,379191,379192,1,12
379179,379191,379192,1,12
379179,379191,379192,1,12
379308,379308,379309,1,0
379308,379308,379309,1,0
379308,379308,379309,1,0
379308,379308,379313,5,0
379308,379308,379315,7,0
379308,379308,379316,8,0
379308,379308,379316,8,0
379308,379310,379316,6,2
379308,379308,379316,8,0
379308,379310,379316,6,2
379308,379308,379317,9,0
379308,379308,379317,9,0
379308,379308,379317,9,0
379308,379308,379317,9,0
379308,379310,379318,8,2
379308,379317,379319,2,9
379308,379317,379319,2,9
379308,379317,379320,3,9
379308,379318,379319,1,10
379308,379314,379319,5,6
379308,379317,379319,2,9
379308,379318,379320,2,10
379308,379318,379320,2,10
379308,379316,379320,4,8
379308,379319,379320,1,11
379308,379319,379320,1,11
379308,379320,379321,1,12
379308,379320,379321,1,12
379308,379320,379321,1,12
379308,379316,379322,6,8
379308,379320,379321,1,12
379441,379441,379442,1,0
379441,379441,379442,1,0
379441,379441,379442,1,0
379441,379441,379445,4,0
379441,379441,379447,6,0
379441,379441,379448,7,0
379441,379443,379448,5,2
379441,379441,379449,8,0
379441,379441,379449,8,0
379441,379443,379449,6,2
379441,379441,379450,9,0
379441,379441,379450,9,0
379441,379441,379450,9,0
379441,379441,379451,10,0
379441,379443,379451,8,2
379441,379446,379451,5,5
379441,379450,379452,2,9
379441,379449,379452,3,8
379441,379450,379452,2,9
379441,379450,379452,2,9
379441,379450,379452,2,9
379441,379451,379453,2,10
379441,379450,379453,3,9
379441,379451,379452,1,10
379441,379452,379453,1,11
379441,379452,379453,1,11
379441,379452,379453,1,11
379441,379452,379453,1,11
379441,379449,379453,4,8
379441,379452,379453,1,11
379441,379448,379454,6,7
379570,379570,379571,1,0
379570,379570,379571,1,0
379570,379570,379571,1,0
379570,379570,379575,5,0
379570,379570,379577,7,0
379570,379572,379578,6,2
379570,379570,379577,7,0
379570,379570,379578,8,0
379570,379570,379578,8,0
379570,379570,379578,8,0
379570,379570,379578,8,0
379570,379571,379579,8,1
379570,379570,379579,9,0
379570,379572,379580,8,2
379570,379570,379580,10,0
379570,379578,379580,2,8
379570,379579,379581,2,9
379570,379578,379581,3,8
379570,379578,379580,2,8
379570,379579,379581,2,9
379570,379576,379581,5,6
379570,379580,379581,1,10
379570,379578,379581,3,8
379570,379580,379582,2,10
379570,379580,379582,2,10
379570,379581,379582,1,11
379570,379581,379582,1,11
379570,379581,379582,1,11
379570,379581,379583,2,11
379570,379581,379583,2,11
379570,379578,379584,6,8
379701,379701,379703,2,0
379701,379701,379702,1,0
379701,379701,379703,2,0
379701,379701,379707,6,0
379701,379701,379708,7,0
379701,379701,379709,8,0
379701,379701,379708,7,0
379701,379701,379709,8,0
379701,379703,379709,6,2
379701,379701,379708,7,0
379701,379701,379709,8,0
379701,379703,379710,7,2
379701,379701,379711,10,0
379701,379701,379710,9,0
379701,379703,379711,8,2
379701,379708,379712,4,7
379701,379709,379711,2,8
379701,379709,379711,2,8
379701,379709,379711,2,8
379701,379710,379712,2,9
379701,379710,379712,2,9
379701,379709,379712,3,8
379701,379709,379712,3,8
379701,379711,379713,2,10
379701,379711,379713,2,10
379701,379707,379712,5,6
379701,379712,379713,1,11
379701,379712,379714,2,11
379701,379712,379714,2,11
379701,379712,379714,2,11
379701,379712,379714,2,11
379829,379829,379830,1,0
379829,379829,379830,1,0
379829,379829,379831,2,0
379829,379829,379834,5,0
379829,379829,379836,7,0
379829,379829,379836,7,0
379829,379829,379837,8,0
379829,379829,379836,7,0
379829,379829,379837,8,0
379829,379829,379836,7,0
379829,379831,379837,6,2
379829,379829,379838,9,0
379829,379829,379837,8,0
379829,379831,379838,7,2
379829,379837,379839,2,8
379829,379837,379839,2,8
379829,379837,379839,2,8
379829,379836,379839,3,7
379829,379838,379839,1,9
379829,379837,379840,3,8
379829,379837,379840,3,8
379829,379839,379840,1,10
379829,379831,379841,10,2
379829,379836,379840,4,7
379829,379839,379841,2,10
379829,379840,379841,1,11
379829,379840,379841,1,11
379829,379840,379841,1,11
379829,379834,379841,7,5
379829,379840,379841,1,11
379829,379840,379841,1,11
379961,379961,379963,2,0
379961,379961,379962,1,0
379961,379961,379963,2,0
379961,379961,379967,6,0
379961,379961,379968,7,0
379961,379961,379968,7,0
379961,379961,379969,8,0
379961,379961,379968,7,0
379961,379961,379969,8,0
379961,379961,379969,8,0
379961,379961,379969,8,0
379961,379961,379969,8,0
379961,379964,379970,6,3
379961,379963,379970,7,2
379961,379969,379971,2,8
379961,379969,379972,3,8
379961,379969,379971,2,8
379961,379970,379971,1,9
379961,379963,379972,9,2
379961,379969,379971,2,8
379961,379969,379972,3,8
379961,379968,379972,4,7
379961,379968,379972,4,7
379961,379971,379972,1,10
379961,379972,379973,1,11
379961,379972,379973,1,11
379961,379972,379973,1,11
379961,379972,379973,1,11
379961,379972,379973,1,11
379961,379967,379974,7,6
379961,379973,379974,1,12
380213,380213,380214,1,0
380213,380213,380215,2,0
380213,380213,380215,2,0
380213,380213,380218,5,0
380213,380213,380219,6,0
380213,380213,380220,7,0
380213,380213,380220,7,0
380213,380213,380220,7,0
380213,380215,380220,5,2
380213,380215,380221,6,2
380213,380213,380221,8,0
380213,380215,380223,8,2
380213,380213,380223,10,0
380213,380213,380223,10,0
380213,380213,380223,10,0
380213,380219,380223,4,6
380213,380221,380224,3,8
380213,380219,380224,5,6
380213,380220,380223,3,7
380213,380222,380224,2,9
380213,380221,380224,3,8
380213,380221,380224,3,8
380213,380222,380224,2,9
380213,380223,380224,1,10
380213,380223,380224,1,10
380213,380223,380225,2,10
380213,380224,380225,1,11
380213,380224,380225,1,11
380213,380224,380225,1,11
380213,380224,380226,2,11
380213,380224,380225,1,11
380338,380338,380339,1,0
380338,380338,380340,2,0
380338,380338,380339,1,0
380338,380338,380343,5,0
380338,380338,380344,6,0
380338,380338,380344,6,0
380338,380340,380345,5,2
380338,380338,380345,7,0
380338,380340,380346,6,2
380338,380338,380346,8,0
380338,380340,380346,6,2
380338,380338,380347,9,0
380338,380345,380348,3,7
380338,380345,380348,3,7
380338,380338,380348,10,0
380338,380344,380348,4,6
380338,380346,380348,2,8
380338,380346,380348,2,8
380338,380338,380348,10,0
380338,380345,380348,3,7
380338,380338,380348,10,0
380338,380346,380348,2,8
380338,380348,380350,2,10
380338,380348,380350,2,10
380338,380348,380349,1,10
380338,380348,380350,2,10
380338,380348,380350,2,10
380338,380349,380350,1,11
380338,380349,380350,1,11
380338,380349,380350,1,11
380338,380344,380351,7,6
380467,380467,380468,1,0
380467,380467,380468,1,0
380467,380467,380468,1,0
380467,380467,380472,5,0
380467,380467,380473,6,0
380467,380469,380474,5,2
380467,380467,380474,7,0
380467,380469,380474,5,2
380467,380469,380474,5,2
380467,380467,380475,8,0
380467,380467,380475,8,0
380467,380467,380476,9,0
380467,380467,380476,9,0
380467,380467,380477,10,0
380467,380467,380476,9,0
380467,380475,380478,3,8
380467,380475,380477,2,8
380467,380475,380477,2,8
380467,380476,380478,2,9
380467,380474,380478,4,7
380467,380474,380478,4,7
380467,380476,380478,2,9
380467,380477,380479,2,10
380467,380477,380479,2,10
380467,380477,380478,1,10
380467,380478,380479,1,11
380467,380477,380478,1,10
380467,380478,380479,1,11
380467,380478,380479,1,11
380467,380473,380479,6,6
380467,380478,380479,1,11
380593,380593,380594,1,0
380593,380593,380594,1,0
380593,380593,380595,2,0
380593,380595,380600,5,2
380593,380593,380600,7,0
380593,380593,380601,8,0
380593,380593,380601,8,0
380593,380593,380601,8,0
380593,380595,380600,5,2
380593,380593,380601,8,0
380593,380593,380602,9,0
380593,380595,380603,8,2
380593,380593,380603,10,0
380593,380593,380603,10,0
380593,380593,380603,10,0
380593,380601,380604,3,8
380593,380601,380604,3,8
380593,380600,380604,4,7
380593,380602,380604,2,9
380593,380601,380604,3,8
380593,380601,380604,3,8
380593,380603,380605,2,10
380593,380602,380604,2,9
380593,380603,380605,2,10
380593,380603,380605,2,10
380593,380604,380605,1,11
380593,380601,380606,5,8
380593,380604,380606,2,11
380593,380604,380606,2,11
380593,380604,380605,1,11
380593,380604,380605,1,11
380720,380720,380721,1,0
380720,380720,380721,1,0
380720,380720,380722,2,0
380720,380720,380726,6,0
380720,380722,380727,5,2
380720,380720,380727,7,0
380720,380720,380728,8,0
380720,380720,380728,8,0
380720,380720,380728,8,0
380720,380720,380729,9,0
380720,380720,380728,8,0
380720,380720,380730,10,0
380720,380720,380730,10,0
380720,380727,380731,4,7
380720,380728,380731,3,8
380720,380729,380731,2,9
380720,380722,380731,9,2
380720,380729,380731,2,9
380720,380729,380731,2,9
380720,380729,380731,2,9
380720,380722,380732,10,2
380720,380728,380731,3,8
380720,380730,380732,2,10
380720,380728,380733,5,8
380720,380731,380732,1,11
380720,380731,380733,2,11
380720,380731,380733,2,11
380720,380731,380733,2,11
380720,380731,380733,2,11
380720,380731,380733,2,11
380720,380732,380733,1,12
380846,380846,380847,1,0
380846,380846,380848,2,0
380846,380846,380848,2,0
380846,380846,380852,6,0
380846,380846,380854,8,0
380846,380846,380854,8,0
380846,380846,380854,8,0
380846,380846,380854,8,0
380846,380846,380855,9,0
380846,380848,380855,7,2
380846,380846,380855,9,0
380846,380849,380856,7,3
380846,380846,380856,10,0
380846,380846,380856,10,0
380846,380848,380857,9,2
380846,380852,380857,5,6
380846,380856,380857,1,10
380846,380855,380857,2,9
380846,380855,380857,2,9
380846,380856,380858,2,10
380846,380856,380858,2,10
380846,380854,380858,4,8
380846,380856,380858,2,10
380846,380857,380858,1,11
380846,380855,380858,3,9
380846,380857,380858,1,11
380846,380858,380859,1,12
380846,380858,380859,1,12
380846,380858,380859,1,12
380846,380858,380859,1,12
380846,380858,380859,1,12
380974,380974,380976,2,0
380974,380974,380975,1,0
380974,380974,380975,1,0
380974,380974,380980,6,0
380974,380974,380981,7,0
380974,380974,380982,8,0
380974,380974,380981,7,0
380974,380976,380982,6,2
380974,380974,380982,8,0
380974,380976,380983,7,2
380974,380974,380983,9,0
380974,380974,380983,9,0
380974,380976,380983,7,2
380974,380974,380983,9,0
380974,380974,380984,10,0
380974,380982,380985,3,8
380974,380983,380985,2,9
380974,380981,380985,4,7
380974,380984,380985,1,10
380974,380984,380985,1,10
380974,380983,380986,3,9
380974,380983,380985,2,9
380974,380984,380985,1,10
380974,380982,380985,3,8
380974,380985,380986,1,11
380974,380982,380987,5,8
380974,380985,380987,2,11
380974,380985,380987,2,11
380974,380986,380987,1,12
380974,380986,380987,1,12
380974,380980,380987,7,6
381101,381102,381103,1,1
381101,381102,381103,1,1
381101,381102,381103,1,1
381101,381102,381106,4,1
381101,381102,381109,7,1
381101,381102,381109,7,1
381101,381102,381109,7,1
381101,381102,381109,7,1
381101,381104,381109,5,3
381101,381102,381110,8,1
381101,381103,381109,6,2
381101,381104,381110,6,3
381101,381102,381111,9,1
381101,381106,381111,5,5
381101,381102,381111,9,1
381101,381102,381111,9,1
381101,381110,381112,2,9
381101,381111,381112,1,10
381101,381110,381113,3,9
381101,381110,381112,2,9
381101,381110,381112,2,9
381101,381111,381112,1,10
381101,381110,381112,2,9
381101,381111,381113,2,10
381101,381110,381113,3,9
381101,381112,381113,1,11
381101,381112,381114,2,11
381101,381112,381114,2,11
381101,381113,381114,1,12
381101,381113,381114,1,12
381101,381110,381115,5,9
381230,381230,381231,1,0
381230,381230,381231,1,0
381230,381230,381231,1,0
381230,381230,381235,5,0
381230,381230,381237,7,0
381230,381230,381237,7,0
381230,381230,381237,7,0
381230,381232,381237,5,2
381230,381230,381237,7,0
381230,381232,381237,5,2
381230,381231,381237,6,1
381230,381230,381238,8,0
381230,381230,381239,9,0
381230,381230,381239,9,0
381230,381238,381240,2,8
381230,381238,381240,2,8
381230,381230,381240,10,0
381230,381238,381240,2,8
381230,381238,381240,2,8
381230,381239,381241,2,9
381230,381236,381240,4,6
381230,381237,381241,4,7
381230,381239,381241,2,9
381230,381238,381241,3,8
381230,381240,381241,1,10
381230,381240,381241,1,10
381230,381240,381241,1,10
381230,381240,381242,2,10
381230,381240,381242,2,10
381230,381238,381242,4,8
381230,381241,381242,1,11
381355,381356,381357,1,1
381355,381356,381357,1,1
381355,381356,381357,1,1
381355,381356,381361,5,1
381355,381356,381363,7,1
381355,381358,381363,5,3
381355,381356,381363,7,1
381355,381356,381363,7,1
381355,381358,381363,5,3
381355,381356,381363,7,1
381355,381357,381363,6,2
381355,381356,381364,8,1
381355,381356,381365,9,1
381355,381356,381365,9,1
381355,381356,381365,9,1
381355,381364,381366,2,9
381355,381364,381366,2,9
381355,381364,381366,2,9
381355,381364,381366,2,9
381355,381365,381367,2,10
381355,381362,381366,4,7
381355,381364,381368,4,9
381355,381364,381367,3,9
381355,381366,381367,1,11
381355,381366,381367,1,11
381355,381366,381367,1,11
381355,381366,381368,2,11
381355,381366,381367,1,11
381355,381367,381368,1,12
381355,381364,381368,4,9
381355,381367,381368,1,12
381485,381485,381487,2,0
381485,381485,381487,2,0
381485,381485,381487,2,0
381485,381486,381491,5,1
381485,381486,381492,6,1
381485,381486,381493,7,1
381485,381486,381494,8,1
381485,381486,381494,8,1
381485,381488,381493,5,3
381485,381486,381494,8,1
381485,381488,381494,6,3
381485,381486,381494,8,1
381485,381486,381495,9,1
381485,381486,381495,9,1
381485,381488,381495,7,3
381485,381494,381496,2,9
381485,381495,381497,2,10
381485,381495,381497,2,10
381485,381492,381496,4,7
381485,381495,381496,1,10
381485,381495,381497,2,10
381485,381496,381497,1,11
381485,381494,381497,3,9
381485,381496,381497,1,11
381485,381493,381497,4,8
381485,381494,381498,4,9
381485,381496,381498,2,11
381485,381494,381498,4,9
381485,381497,381498,1,12
381485,381497,381498,1,12
381485,381497,381498,1,12
381617,381618,381619,1,1
381617,381618,381619,1,1
381617,381618,381619,1,1
381617,381618,381623,5,1
381617,381618,381625,7,1
381617,381620,381625,5,3
381617,381618,381626,8,1
381617,381618,381625,7,1
381617,381620,381625,5,3
381617,381618,381626,8,1
381617,381618,381626,8,1
381617,381618,381627,9,1
381617,381618,381627,9,1
381617,381620,381627,7,3
381617,381623,381627,4,6
381617,381618,381627,9,1
381617,381627,381629,2,10
381617,381626,381629,3,9
381617,381626,381628,2,9
381617,381627,381629,2,10
381617,381628,381630,2,11
381617,381628,381629,1,11
381617,381628,381629,1,11
381617,381628,381629,1,11
381617,381626,381629,3,9
381617,381628,381630,2,11
381617,381626,381630,4,9
381617,381626,381630,4,9
381617,381629,381630,1,12
381617,381629,381630,1,12
381617,381629,381630,1,12
381743,381743,381744,1,0
381743,381743,381745,2,0
381743,381743,381745,2,0
381743,381743,381748,5,0
381743,381743,381750,7,0
381743,381743,381751,8,0
381743,381745,381751,6,2
381743,381743,381751,8,0
381743,381746,381751,5,3
381743,381743,381752,9,0
381743,381743,381752,9,0
381743,381745,381752,7,2
381743,381743,381752,9,0
381743,381743,381752,9,0
381743,381743,381753,10,0
381743,381749,381754,5,6
381743,381752,381754,2,9
381743,381752,381754,2,9
381743,381752,381754,2,9
381743,381752,381754,2,9
381743,381753,381754,1,10
381743,381753,381754,1,10
381743,381750,381755,5,7
381743,381751,381755,4,8
381743,381751,381755,4,8
381743,381754,381755,1,11
381743,381752,381755,3,9
381743,381755,381756,1,12
381743,381755,381756,1,12
381743,381755,381756,1,12
381743,381755,381756,1,12
381873,381874,381875,1,1
381873,381874,381875,1,1
381873,381874,381875,1,1
381873,381874,381879,5,1
381873,381874,381880,6,1
381873,381874,381881,7,1
381873,381874,381881,7,1
381873,381876,381881,5,3
381873,381874,381881,7,1
381873,381874,381882,8,1
381873,381876,381881,5,3
381873,381874,381882,8,1
381873,381876,381882,6,3
381873,381874,381883,9,1
381873,381874,381883,9,1
381873,381882,381884,2,9
381873,381880,381885,5,7
381873,381883,381884,1,10
381873,381883,381884,1,10
381873,381883,381884,1,10
381873,381882,381884,2,9
381873,381882,381884,2,9
381873,381882,381885,3,9
381873,381882,381886,4,9
381873,381884,381885,1,11
381873,381881,381886,5,8
381873,381884,381886,2,11
381873,381882,381886,4,9
381873,381885,381886,1,12
381873,381885,381886,1,12
381873,381885,381886,1,12
382003,382003,382005,2,0
382003,382003,382005,2,0
382003,382003,382004,1,0
382003,382003,382008,5,0
382003,382003,382011,8,0
382003,382003,382011,8,0
382003,382003,382011,8,0
382003,382005,382011,6,2
382003,382003,382011,8,0
382003,382003,382011,8,0
382003,382005,382010,5,2
382003,382003,382012,9,0
382003,382005,382012,7,2
382003,382003,382012,9,0
382003,382003,382011,8,0
382003,382012,382013,1,9
382003,382011,382014,3,8
382003,382012,382013,1,9
382003,382012,382014,2,9
382003,382012,382014,2,9
382003,382009,382014,5,6
382003,382011,382014,3,8
382003,382011,382014,3,8
382003,382013,382014,1,10
382003,382011,382015,4,8
382003,382011,382015,4,8
382003,382013,382015,2,10
382003,382014,382015,1,11
382003,382014,382015,1,11
382003,382011,382016,5,8
382003,382014,382015,1,11
382128,382128,382129,1,0
382128,382128,382129,1,0
382128,382128,382129,1,0
382128,382128,382132,4,0
382128,382128,382135,7,0
382128,382128,382135,7,0
382128,382130,382136,6,2
382128,382128,382135,7,0
382128,382130,382136,6,2
382128,382128,382135,7,0
382128,382128,382136,8,0
382128,382130,382135,5,2
382128,382128,382136,8,0
382128,382128,382138,10,0
382128,382133,382137,4,5
382128,382128,382137,9,0
382128,382136,382138,2,8
382128,382136,382138,2,8
382128,382136,382138,2,8
382128,382136,382138,2,8
382128,382137,382138,1,9
382128,382135,382140,5,7
382128,382136,382139,3,8
382128,382138,382140,2,10
382128,382136,382140,4,8
382128,382138,382139,1,10
382128,382139,382140,1,11
382128,382139,382140,1,11
382128,382139,382140,1,11
382128,382139,382140,1,11
382128,382136,382140,4,8
382255,382255,382256,1,0
382255,382255,382256,1,0
382255,382255,382256,1,0
382255,382255,382259,4,0
382255,382255,382261,6,0
382255,382255,382261,6,0
382255,382255,382262,7,0
382255,382255,382262,7,0
382255,382255,382262,7,0
382255,382257,382262,5,2
382255,382255,382262,7,0
382255,382257,382262,5,2
382255,382259,382263,4,4
382255,382255,382264,9,0
382255,382255,382264,9,0
382255,382256,382265,9,1
382255,382263,382265,2,8
382255,382263,382265,2,8
382255,382263,382265,2,8
382255,382263,382265,2,8
382255,382263,382265,2,8
382255,382264,382265,1,9
382255,382262,382266,4,7
382255,382264,382266,2,9
382255,382262,382266,4,7
382255,382265,382266,1,10
382255,382266,382267,1,11
382255,382263,382267,4,8
382255,382265,382266,1,10
382255,382265,382267,2,10
382255,382265,382266,1,10
382385,382385,382386,1,0
382385,382385,382386,1,0
382385,382385,382387,2,0
382385,382385,382390,5,0
382385,382385,382392,7,0
382385,382385,382392,7,0
382385,382386,382392,6,1
382385,382387,382394,7,2
382385,382390,382394,4,5
382385,382385,382395,10,0
382385,382387,382395,8,2
382385,382385,382394,9,0
382385,382385,382395,10,0
382385,382385,382395,10,0
382385,382385,382395,10,0
382385,382385,382395,10,0
382385,382394,382396,2,9
382385,382392,382396,4,7
382385,382392,382396,4,7
382385,382394,382396,2,9
382385,382395,382397,2,10
382385,382396,382397,1,11
382385,382396,382397,1,11
382385,382393,382397,4,8
382385,382396,382397,1,11
382385,382396,382397,1,11
382385,382397,382398,1,12
382385,382395,382398,3,10
382385,382395,382397,2,10
382385,382396,382397,1,11
382385,382397,382398,1,12
382514,382514,382515,1,0
382514,382514,382515,1,0
382514,382514,382515,1,0
382514,382514,382519,5,0
382514,382514,382521,7,0
382514,382516,382521,5,2
382514,382514,382521,7,0
382514,382516,382522,6,2
382514,382514,382523,9,0
382514,382514,382523,9,0
382514,382515,382523,8,1
382514,382520,382523,3,6
382514,382514,382524,10,0
382514,382521,382524,3,7
382514,382514,382524,10,0
382514,382521,382524,3,7
382514,382514,382524,10,0
382514,382522,382524,2,8
382514,382514,382525,11,0
382514,382522,382525,3,8
382514,382524,382526,2,10
382514,382524,382525,1,10
382514,382525,382526,1,11
382514,382524,382526,2,10
382514,382524,382526,2,10
382514,382525,382526,1,11
382514,382523,382526,3,9
382514,382523,382526,3,9
382514,382524,382526,2,10
382514,382524,382526,2,10
382514,382525,382526,1,11
382644,382644,382645,1,0
382644,382644,382645,1,0
382644,382644,382646,2,0
382644,382644,382649,5,0
382644,382644,382651,7,0
382644,382644,382651,7,0
382644,382644,382652,8,0
382644,382645,382652,7,1
382644,382644,382652,8,0
382644,382647,382652,5,3
382644,382644,382653,9,0
382644,382644,382653,9,0
382644,382649,382653,4,5
382644,382644,382655,11,0
382644,382645,382654,9,1
382644,382644,382655,11,0
382644,382653,382655,2,9
382644,382653,382655,2,9
382644,382654,382656,2,10
382644,382654,382655,1,10
382644,382653,382656,3,9
382644,382654,382655,1,10
382644,382652,382655,3,8
382644,382652,382655,3,8
382644,382653,382655,2,9
382644,382655,382656,1,11
382644,382655,382656,1,11
382644,382655,382656,1,11
382644,382656,382657,1,12
382644,382656,382657,1,12
382644,382656,382657,1,12
382775,382775,382776,1,0
382775,382775,382776,1,0
382775,382775,382776,1,0
382775,382775,382779,4,0
382775,382775,382781,6,0
382775,382775,382782,7,0
382775,382775,382781,6,0
382775,382775,382781,6,0
382775,382775,382782,7,0
382775,382777,382782,5,2
382775,382780,382783,3,5
382775,382777,382784,7,2
382775,382781,382784,3,6
382775,382775,382784,9,0
382775,382777,382785,8,2
382775,382782,382785,3,7
382775,382775,382784,9,0
382775,382782,382785,3,7
382775,382775,382785,10,0
382775,382782,382785,3,7
382775,382782,382784,2,7
382775,382784,382786,2,9
382775,382782,382785,3,7
382775,382784,382786,2,9
382775,382784,382786,2,9
382775,382785,382786,1,10
382775,382785,382786,1,10
382775,382785,382786,1,10
382775,382785,382786,1,10
382775,382785,382786,1,10
382904,382904,382905,1,0
382904,382904,382905,1,0
382904,382904,382906,2,0
382904,382904,382907,3,0
382904,382904,382910,6,0
382904,382904,382910,6,0
382904,382906,382911,5,2
382904,382904,382911,7,0
382904,382904,382911,7,0
382904,382904,382911,7,0
382904,382904,382911,7,0
382904,382905,382911,6,1
382904,382908,382912,4,4
382904,382911,382914,3,7
382904,382912,382914,2,8
382904,382912,382914,2,8
382904,382904,382914,10,0
382904,382911,382913,2,7
382904,382912,382914,2,8
382904,382904,382914,10,0
382904,382905,382913,8,1
382904,382910,382914,4,6
382904,382911,382914,3,7
382904,382911,382914,3,7
382904,382912,382914,2,8
382904,382914,382916,2,10
382904,382914,382916,2,10
382904,382914,382915,1,10
382904,382914,382916,2,10
382904,382914,382916,2,10
382904,382914,382915,1,10
383032,383032,383033,1,0
383032,383032,383033,1,0
383032,383032,383033,1,0
383032,383032,383036,4,0
383032,383032,383038,6,0
383032,383032,383038,6,0
383032,383032,383038,6,0
383032,383033,383039,6,1
383032,383032,383039,7,0
383032,383033,383039,6,1
383032,383032,383039,7,0
383032,383033,383040,7,1
383032,383036,383040,4,4
383032,383039,383041,2,7
383032,383038,383041,3,6
383032,383039,383041,2,7
383032,383032,383041,9,0
383032,383038,383042,4,6
383032,383039,383041,2,7
383032,383040,383042,2,8
383032,383032,383042,10,0
383032,383032,383042,10,0
383032,383038,383042,4,6
383032,383041,383043,2,9
383032,383041,383043,2,9
383032,383041,383043,2,9
383032,383042,383043,1,10
383032,383042,383043,1,10
383032,383042,383044,2,10
383032,383042,383044,2,10
383032,383042,383044,2,10
383164,383164,383165,1,0
383164,383164,383165,1,0
383164,383164,383165,1,0
383164,383164,383168,4,0
383164,383164,383171,7,0
383164,383164,383170,6,0
383164,383165,383171,6,1
383164,383164,383171,7,0
383164,383164,383171,7,0
383164,383164,383171,7,0
383164,383164,383171,7,0
383164,383166,383171,5,2
383164,383169,383173,4,5
383164,383171,383173,2,7
383164,383166,383173,7,2
383164,383171,383173,2,7
383164,383172,383173,1,8
383164,383171,383174,3,7
383164,383172,383174,2,8
383164,383164,383174,10,0
383164,383164,383175,11,0
383164,383171,383175,4,7
383164,383171,383175,4,7
383164,383171,383175,4,7
383164,383173,383175,2,9
383164,383173,383175,2,9
383164,383174,383175,1,10
383164,383174,383175,1,10
383164,383174,383175,1,10
383164,383174,383176,2,10
383164,383174,383176,2,10
383293,383293,383294,1,0
383293,383293,383294,1,0
383293,383293,383294,1,0
383293,383293,383297,4,0
383293,383293,383299,6,0
383293,383293,383299,6,0
383293,383294,383299,5,1
383293,383293,383300,7,0
383293,383294,383300,6,1
383293,383293,383300,7,0
383293,383293,383300,7,0
383293,383293,383301,8,0
383293,383295,383301,6,2
383293,383300,383302,2,7
383293,383293,383301,8,0
383293,383298,383301,3,5
383293,383300,383302,2,7
383293,383299,383302,3,6
383293,383300,383302,2,7
383293,383293,383303,10,0
383293,383299,383302,3,6
383293,383300,383303,3,7
383293,383299,383303,4,6
383293,383302,383303,1,9
383293,383302,383304,2,9
383293,383302,383303,1,9
383293,383302,383303,1,9
383293,383302,383304,2,9
383293,383302,383303,1,9
383293,383303,383304,1,10
383293,383303,383304,1,10
383420,383420,383421,1,0
383420,383420,383421,1,0
383420,383420,383421,1,0
383420,383420,383424,4,0
383420,383420,383425,5,0
383420,383420,383425,5,0
383420,383420,383426,6,0
383420,383422,383426,4,2
383420,383420,383427,7,0
383420,383422,383428,6,2
383420,383420,383427,7,0
383420,383422,383428,6,2
383420,383420,383428,8,0
383420,383420,383428,8,0
383420,383424,383428,4,4
383420,383426,383429,3,6
383420,383428,383430,2,8
383420,383426,383429,3,6
383420,383427,383430,3,7
383420,383427,383429,2,7
383420,383420,383429,9,0
383420,383428,383429,1,8
383420,383428,383430,2,8
383420,383428,383430,2,8
383420,383429,383431,2,9
383420,383429,383430,1,9
383420,383429,383430,1,9
383420,383430,383431,1,10
383420,383430,383431,1,10
383420,383430,383431,1,10
383420,383430,383431,1,10
383672,383672,383673,1,0
383672,383672,383673,1,0
383672,383672,383673,1,0
383672,383672,383675,3,0
383672,383672,383678,6,0
383672,383672,383677,5,0
383672,383672,383677,5,0
383672,383673,383678,5,1
383672,383673,383678,5,1
383672,383672,383678,6,0
383672,383674,383679,5,2
383672,383672,383679,7,0
383672,383672,383679,7,0
383672,383672,383679,7,0
383672,383678,383681,3,6
383672,383676,383681,5,4
383672,383678,383681,3,6
383672,383678,383680,2,6
383672,383679,383681,2,7
383672,383680,383682,2,8
383672,383680,383681,1,8
383672,383678,383681,3,6
383672,383679,383681,2,7
383672,383679,383681,2,7
383672,383672,383681,9,0
383672,383680,383681,1,8
383672,383681,383682,1,9
383672,383681,383682,1,9
383672,383681,383683,2,9
383672,383681,383683,2,9
383672,383682,383683,1,10
383798,383798,383799,1,0
383798,383798,383799,1,0
383798,383798,383799,1,0
383798,383798,383800,2,0
383798,383800,383803,3,2
383798,383798,383803,5,0
383798,383799,383803,4,1
383798,383798,383804,6,0
383798,383798,383804,6,0
383798,383798,383804,6,0
383798,383798,383804,6,0
383798,383798,383804,6,0
383798,383800,383804,4,2
383798,383798,383805,7,0
383798,383798,383806,8,0
383798,383801,383806,5,3
383798,383804,383807,3,6
383798,383804,383807,3,6
383798,383805,383806,1,7
383798,383804,383807,3,6
383798,383804,383806,2,6
383798,383805,383807,2,7
383798,383805,383806,1,7
383798,383805,383807,2,7
383798,383805,383807,2,7
383798,383806,383807,1,8
383798,383806,383808,2,8
383798,383807,383808,1,9
383798,383807,383808,1,9
383798,383807,383808,1,9
383798,383807,383808,1,9
383923,383923,383924,1,0
383923,383923,383924,1,0
383923,383923,383924,1,0
383923,383923,383925,2,0
383923,383924,383927,3,1
383923,383924,383927,3,1
383923,383923,383927,4,0
383923,383923,383927,4,0
383923,383923,383928,5,0
383923,383923,383928,5,0
383923,383923,383929,6,0
383923,383923,383929,6,0
383923,383925,383928,3,2
383923,383923,383929,6,0
383923,383927,383930,3,4
383923,383927,383930,3,4
383923,383923,383931,8,0
383923,383928,383931,3,5
383923,383929,383931,2,6
383923,383929,383931,2,6
383923,383929,383931,2,6
383923,383929,383931,2,6
383923,383926,383931,5,3
383923,383928,383931,3,5
383923,383930,383931,1,7
383923,383930,383931,1,7
383923,383929,383931,2,6
383923,383931,383932,1,8
383923,383931,383932,1,8
383923,383931,383932,1,8
383923,383931,383932,1,8
384050,384050,384051,1,0
384050,384050,384051,1,0
384050,384050,384051,1,0
384050,384050,384053,3,0
384050,384051,384055,4,1
384050,384050,384056,6,0
384050,384051,384055,4,1
384050,384050,384056,6,0
384050,384051,384056,5,1
384050,384050,384056,6,0
384050,384050,384056,6,0
384050,384050,384056,6,0
384050,384050,384057,7,0
384050,384050,384056,6,0
384050,384054,384058,4,4
384050,384056,384058,2,6
384050,384050,384058,8,0
384050,384056,384058,2,6
384050,384056,384058,2,6
384050,384056,384059,3,6
384050,384056,384059,3,6
384050,384057,384059,2,7
384050,384057,384058,1,7
384050,384056,384058,2,6
384050,384057,384059,2,7
384050,384058,384059,1,8
384050,384058,384059,1,8
384050,384055,384060,5,5
384050,384058,384060,2,8
384050,384059,384060,1,9
384050,384059,384060,1,9
384175,384175,384177,2,0
384175,384175,384177,2,0
384175,384175,384177,2,0
384175,384175,384178,3,0
384175,384175,384181,6,0
384175,384175,384181,6,0
384175,384178,384181,3,3
384175,384175,384182,7,0
384175,384178,384182,4,3
384175,384175,384182,7,0
384175,384179,384182,3,4
384175,384175,384182,7,0
384175,384176,384183,7,1
384175,384175,384183,8,0
384175,384178,384183,5,3
384175,384175,384183,8,0
384175,384182,384184,2,7
384175,384182,384184,2,7
384175,384183,384185,2,8
384175,384183,384185,2,8
384175,384182,384184,2,7
384175,384183,384185,2,8
384175,384183,384185,2,8
384175,384182,384185,3,7
384175,384182,384185,3,7
384175,384184,384185,1,9
384175,384184,384185,1,9
384175,384184,384185,1,9
384175,384184,384185,1,9
384175,384184,384185,1,9
384175,384185,384186,1,10
384302,384302,384303,1,0
384302,384302,384303,1,0
384302,384302,384303,1,0
384302,384302,384304,2,0
384302,384303,384307,4,1
384302,384304,384307,3,2
384302,384302,384308,6,0
384302,384302,384308,6,0
384302,384302,384309,7,0
384302,384302,384308,6,0
384302,384302,384308,6,0
384302,384305,384308,3,3
384302,384302,384309,7,0
384302,384302,384309,7,0
384302,384302,384309,7,0
384302,384307,384310,3,5
384302,384308,384310,2,6
384302,384309,384311,2,7
384302,384309,384310,1,7
384302,384309,384311,2,7
384302,384309,384310,1,7
384302,384308,384310,2,6
384302,384309,384311,2,7
384302,384303,384311,8,1
384302,384310,384311,1,8
384302,384308,384311,3,6
384302,384310,384311,1,8
384302,384310,384311,1,8
384302,384310,384311,1,8
384302,384311,384312,1,9
384302,384311,384312,1,9
384432,384432,384433,1,0
384432,384432,384433,1,0
384432,384432,384434,2,0
384432,384432,384433,1,0
384432,384432,384437,5,0
384432,384434,384438,4,2
384432,384434,384438,4,2
384432,384432,384439,7,0
384432,384432,384438,6,0
384432,384432,384439,7,0
384432,384432,384439,7,0
384432,384432,384439,7,0
384432,384432,384440,8,0
384432,384434,384440,6,2
384432,384438,384440,2,6
384432,384432,384441,9,0
384432,384438,384441,3,6
384432,384439,384441,2,7
384432,384438,384441,3,6
384432,384439,384441,2,7
384432,384439,384441,2,7
384432,384433,384442,9,1
384432,384440,384441,1,8
384432,384440,384441,1,8
384432,384440,384442,2,8
384432,384440,384442,2,8
384432,384441,384442,1,9
384432,384442,384443,1,10
384432,384442,384443,1,10
384432,384442,384443,1,10
384432,384442,384443,1,10
384558,384558,384559,1,0
384558,384558,384560,2,0
384558,384558,384560,2,0
384558,384558,384559,1,0
384558,384558,384563,5,0
384558,384560,384563,3,2
384558,384558,384562,4,0
384558,384558,384564,6,0
384558,384558,384564,6,0
384558,384560,384563,3,2
384558,384558,384563,5,0
384558,384558,384563,5,0
384558,384558,384565,7,0
384558,384564,384566,2,6
384558,384564,384566,2,6
384558,384558,384565,7,0
384558,384563,384566,3,5
384558,384563,384566,3,5
384558,384559,384566,7,1
384558,384563,384565,2,5
384558,384564,384566,2,6
384558,384564,384566,2,6
384558,384564,384567,3,6
384558,384566,384568,2,8
384558,384566,384568,2,8
384558,384566,384568,2,8
384558,384560,384568,8,2
384558,384566,384567,1,8
384558,384566,384567,1,8
384558,384566,384568,2,8
384558,384567,384568,1,9
384685,384685,384686,1,0
384685,384685,384686,1,0
384685,384685,384686,1,0
384685,384685,384687,2,0
384685,384685,384689,4,0
384685,384685,384688,3,0
384685,384685,384689,4,0
384685,384685,384689,4,0
384685,384685,384690,5,0
384685,384685,384690,5,0
384685,384685,384690,5,0
384685,384685,384690,5,0
384685,384686,384690,4,1
384685,384688,384690,2,3
384685,384687,384690,3,2
384685,384689,384691,2,4
384685,384687,384692,5,2
384685,384690,384692,2,5
384685,384689,384691,2,4
384685,384690,384692,2,5
384685,384690,384692,2,5
384685,384691,384692,1,6
384685,384691,384692,1,6
384685,384691,384693,2,6
384685,384691,384692,1,6
384685,384691,384692,1,6
384685,384692,384693,1,7
384685,384691,384692,1,6
384685,384691,384693,2,6
384685,384692,384693,1,7
384685,384692,384693,1,7
384940,384940,384941,1,0
384940,384940,384941,1,0
384940,384940,384942,2,0
384940,384940,384942,2,0
384940,384940,384942,2,0
384940,384940,384943,3,0
384940,384940,384942,2,0
384940,384940,384943,3,0
384940,384941,384944,3,1
384940,384940,384944,4,0
384940,384940,384944,4,0
384940,384940,384945,5,0
384940,384942,384945,3,2
384940,384942,384945,3,2
384940,384943,384945,2,3
384940,384943,384945,2,3
384940,384943,384945,2,3
384940,384943,384946,3,3
384940,384943,384946,3,3
384940,384945,384946,1,5
384940,384945,384946,1,5
384940,384940,384947,7,0
384940,384945,384946,1,5
384940,384946,384947,1,6
384940,384946,384947,1,6
384940,384946,384947,1,6
384940,384946,384947,1,6
384940,384946,384947,1,6
384940,384946,384947,1,6
384940,384947,384948,1,7
384940,384947,384948,1,7
385067,385067,385068,1,0
385067,385067,385068,1,0
385067,385067,385069,2,0
385067,385067,385068,1,0
385067,385067,385069,2,0
385067,385067,385070,3,0
385067,385067,385069,2,0
385067,385067,385070,3,0
385067,385067,385071,4,0
385067,385069,385070,1,2
385067,385069,385071,2,2
385067,385067,385071,4,0
385067,385069,385071,2,2
385067,385070,385072,2,3
385067,385067,385071,4,0
385067,385069,385071,2,2
385067,385067,385071,4,0
385067,385070,385072,2,3
385067,385070,385072,2,3
385067,385071,385073,2,4
385067,385071,385072,1,4
385067,385071,385073,2,4
385067,385071,385073,2,4
385067,385073,385074,1,6
385067,385072,385074,2,5
385067,385072,385073,1,5
385067,385072,385074,2,5
385067,385072,385073,1,5
385067,385072,385073,1,5
385067,385072,385074,2,5
385067,385072,385074,2,5
385193,385193,385195,2,0
385193,385193,385195,2,0
385193,385193,385195,2,0
385193,385193,385195,2,0
385193,385193,385196,3,0
385193,385194,385197,3,1
385193,385193,385197,4,0
385193,385196,385197,1,3
385193,385196,385197,1,3
385193,385196,385197,1,3
385193,385194,385198,4,1
385193,385194,385198,4,1
385193,385196,385197,1,3
385193,385193,385198,5,0
385193,385193,385198,5,0
385193,385197,385198,1,4
385193,385193,385198,5,0
385193,385197,385198,1,4
385193,385198,385199,1,5
385193,385198,385199,1,5
385193,385198,385199,1,5
385193,385198,385199,1,5
385193,385198,385199,1,5
385193,385198,385200,2,5
385193,385198,385200,2,5
385193,385199,385200,1,6
385193,385199,385200,1,6
385193,385199,385200,1,6
385193,385199,385200,1,6
385193,385200,385201,1,7
385193,385199,385201,2,6
385319,385319,385320,1,0
385319,385319,385320,1,0
385319,385319,385321,2,0
385319,385319,385321,2,0
385319,385319,385322,3,0
385319,385319,385322,3,0
385319,385319,385323,4,0
385319,385319,385323,4,0
385319,385319,385322,3,0
385319,385321,385323,2,2
385319,385321,385323,2,2
385319,385321,385323,2,2
385319,385319,385323,4,0
385319,385321,385323,2,2
385319,385319,385324,5,0
385319,385322,385324,2,3
385319,385319,385324,5,0
385319,385323,385325,2,4
385319,385323,385325,2,4
385319,385323,385325,2,4
385319,385323,385325,2,4
385319,385323,385325,2,4
385319,385323,385325,2,4
385319,385324,385325,1,5
385319,385324,385325,1,5
385319,385325,385326,1,6
385319,385325,385326,1,6
385319,385323,385326,3,4
385319,385325,385326,1,6
385319,385326,385327,1,7
385449,385450,385451,1,1
385449,385450,385451,1,1
385449,385450,385451,1,1
385449,385450,385452,2,1
385449,385451,385452,1,2
385449,385450,385452,2,1
385449,385451,385452,1,2
385449,385450,385453,3,1
385449,385452,385453,1,3
385449,385450,385453,3,1
385449,385450,385454,4,1
385449,385450,385453,3,1
385449,385450,385454,4,1
385449,385452,385454,2,3
385449,385453,385454,1,4
385449,385453,385455,2,4
385449,385450,385454,4,1
385449,385453,385455,2,4
385449,385453,385455,2,4
385449,385454,385455,1,5
385449,385454,385456,2,5
385449,385454,385456,2,5
385449,385454,385455,1,5
385449,385454,385455,1,5
385449,385455,385456,1,6
385449,385455,385456,1,6
385449,385455,385456,1,6
385449,385455,385456,1,6
385449,385455,385456,1,6
385449,385455,385456,1,6
385576,385576,385577,1,0
385576,385576,385578,2,0
385576,385576,385578,2,0
385576,385576,385578,2,0
385576,385576,385579,3,0
385576,385576,385580,4,0
385576,385578,385580,2,2
385576,385576,385580,4,0
385576,385579,385580,1,3
385576,385576,385581,5,0
385576,385576,385581,5,0
385576,385578,385581,3,2
385576,385579,385581,2,3
385576,385576,385581,5,0
385576,385576,385581,5,0
385576,385578,385581,3,2
385576,385576,385582,6,0
385576,385580,385582,2,4
385576,385580,385582,2,4
385576,385581,385582,1,5
385576,385580,385583,3,4
385576,385581,385583,2,5
385576,385582,385583,1,6
385576,385582,385583,1,6
385576,385582,385583,1,6
385576,385582,385583,1,6
385576,385582,385583,1,6
385576,385582,385583,1,6
385576,385583,385584,1,7
385576,385583,385584,1,7
385576,385583,385584,1,7
385703,385703,385704,1,0
385703,385703,385704,1,0
385703,385703,385704,1,0
385703,385703,385704,1,0
385703,385703,385705,2,0
385703,385704,385705,1,1
385703,385703,385706,3,0
385703,385703,385706,3,0
385703,385705,385706,1,2
385703,385703,385707,4,0
385703,385703,385707,4,0
385703,385703,385707,4,0
385703,385703,385708,5,0
385703,385704,385707,3,1
385703,385706,385707,1,3
385703,385703,385707,4,0
385703,385704,385707,3,1
385703,385706,385708,2,3
385703,385707,385709,2,4
385703,385707,385709,2,4
385703,385707,385709,2,4
385703,385707,385709,2,4
385703,385707,385709,2,4
385703,385707,385709,2,4
385703,385708,385709,1,5
385703,385708,385709,1,5
385703,385708,385710,2,5
385703,385708,385709,1,5
385703,385708,385709,1,5
385703,385708,385709,1,5
385703,385709,385710,1,6
385829,385829,385830,1,0
385829,385829,385830,1,0
385829,385829,385830,1,0
385829,385829,385830,1,0
385829,385829,385831,2,0
385829,385829,385832,3,0
385829,385829,385832,3,0
385829,385829,385832,3,0
385829,385831,385832,1,2
385829,385831,385833,2,2
385829,385829,385832,3,0
385829,385830,385833,3,1
385829,385829,385833,4,0
385829,385829,385833,4,0
385829,385830,385833,3,1
385829,385832,385834,2,3
385829,385829,385833,4,0
385829,385832,385834,2,3
385829,385833,385834,1,4
385829,385833,385835,2,4
385829,385833,385835,2,4
385829,385833,385834,1,4
385829,385833,385835,2,4
385829,385833,385835,2,4
385829,385834,385835,1,5
385829,385835,385836,1,6
385829,385834,385836,2,5
385829,385834,385836,2,5
385829,385834,385835,1,5
385829,385834,385836,2,5
385829,385834,385836,2,5
385955,385955,385956,1,0
385955,385955,385956,1,0
385955,385955,385957,2,0
385955,385955,385957,2,0
385955,385955,385957,2,0
385955,385955,385957,2,0
385955,385955,385958,3,0
385955,385955,385959,4,0
385955,385955,385959,4,0
385955,385955,385959,4,0
385955,385955,385959,4,0
385955,385955,385960,5,0
385955,385958,385959,1,3
385955,385958,385959,1,3
385955,385956,385960,4,1
385955,385957,385960,3,2
385955,385958,385960,2,3
385955,385958,385960,2,3
385955,385957,385960,3,2
385955,385959,385961,2,4
385955,385959,385961,2,4
385955,385959,385961,2,4
385955,385960,385961,1,5
385955,385959,385961,2,4
385955,385960,385961,1,5
385955,385960,385961,1,5
385955,385960,385961,1,5
385955,385961,385962,1,6
385955,385961,385962,1,6
385955,385961,385962,1,6
385955,385961,385962,1,6
386081,386081,386082,1,0
386081,386081,386082,1,0
386081,386081,386083,2,0
386081,386081,386082,1,0
386081,386081,386082,1,0
386081,386081,386083,2,0
386081,386081,386083,2,0
386081,386081,386084,3,0
386081,386081,386084,3,0
386081,386081,386084,3,0
386081,386083,386084,1,2
386081,386081,386084,3,0
386081,386083,386084,1,2
386081,386081,386085,4,0
386081,386082,386086,4,1
386081,386084,386085,1,3
386081,386083,386085,2,2
386081,386083,386085,2,2
386081,386084,386085,1,3
386081,386084,386086,2,3
386081,386085,386086,1,4
386081,386086,386087,1,5
386081,386085,386086,1,4
386081,386085,386087,2,4
386081,386085,386087,2,4
386081,386086,386087,1,5
386081,386086,386087,1,5
386081,386085,386087,2,4
386081,386086,386087,1,5
386081,386086,386087,1,5
386081,386086,386087,1,5
386207,386207,386208,1,0
386207,386207,386208,1,0
386207,386207,386209,2,0
386207,386207,386209,2,0
386207,386207,386208,1,0
386207,386207,386209,2,0
386207,386207,386210,3,0
386207,386207,386209,2,0
386207,386207,386210,3,0
386207,386207,386210,3,0
386207,386209,386210,1,2
386207,386207,386211,4,0
386207,386207,386210,3,0
386207,386209,386210,1,2
386207,386209,386211,2,2
386207,386209,386212,3,2
386207,386209,386211,2,2
386207,386210,386211,1,3
386207,386208,386211,3,1
386207,386210,386211,1,3
386207,386210,386212,2,3
386207,386211,386212,1,4
386207,386211,386212,1,4
386207,386211,386212,1,4
386207,386211,386212,1,4
386207,386212,386213,1,5
386207,386212,386213,1,5
386207,386211,386212,1,4
386207,386211,386213,2,4
386207,386212,386213,1,5
386207,386212,386213,1,5
386334,386334,386335,1,0
386334,386334,386335,1,0
386334,386334,386336,2,0
386334,386334,386336,2,0
386334,386334,386336,2,0
386334,386334,386337,3,0
386334,386334,386337,3,0
386334,386334,386337,3,0
386334,386334,386337,3,0
386334,386334,386338,4,0
386334,386334,386338,4,0
386334,386335,386338,3,1
386334,386334,386338,4,0
386334,386337,386338,1,3
386334,386337,386338,1,3
386334,386336,386339,3,2
386334,386336,386339,3,2
386334,386337,386339,2,3
386334,386337,386339,2,3
386334,386338,386339,1,4
386334,386338,386339,1,4
386334,386339,386340,1,5
386334,386339,386340,1,5
386334,386339,386340,1,5
386334,386339,386340,1,5
386334,386339,386340,1,5
386334,386340,386341,1,6
386334,386339,386340,1,5
386334,386340,386341,1,6
386334,386340,386341,1,6
386334,386340,386341,1,6
386588,386588,386589,1,0
386588,386588,386589,1,0
386588,386588,386589,1,0
386588,386588,386590,2,0
386588,386588,386589,1,0
386588,386588,386589,1,0
386588,386588,386589,1,0
386588,386588,386590,2,0
386588,386588,386590,2,0
386588,386588,386590,2,0
386588,386588,386591,3,0
386588,386591,386592,1,3
386588,386591,386592,1,3
386588,386588,386591,3,0
386588,386590,386592,2,2
386588,386590,386592,2,2
386588,386590,386592,2,2
386588,386589,386592,3,1
386588,386591,386592,1,3
386588,386592,386593,1,4
386588,386590,386592,2,2
386588,386590,386592,2,2
386588,386590,386593,3,2
386588,386591,386592,1,3
386588,386592,386593,1,4
386588,386592,386593,1,4
386588,386593,386594,1,5
386588,386593,386594,1,5
386588,386592,386594,2,4
386588,386592,386593,1,4
386588,386592,386593,1,4
386713,386713,386714,1,0
386713,386713,386714,1,0
386713,386713,386714,1,0
386713,386713,386715,2,0
386713,386713,386714,1,0
386713,386713,386715,2,0
386713,386713,386714,1,0
386713,386713,386715,2,0
386713,386713,386714,1,0
386713,386713,386714,1,0
386713,386713,386715,2,0
386713,386713,386714,1,0
386713,386715,386716,1,2
386713,386714,386715,1,1
386713,386715,386716,1,2
386713,386714,386716,2,1
386713,386715,386717,2,2
386713,386715,386717,2,2
386713,386716,386717,1,3
386713,386715,386716,1,2
386713,386715,386716,1,2
386713,386716,386717,1,3
386713,386715,386717,2,2
386713,386715,386717,2,2
386713,386717,386718,1,4
386713,386715,386718,3,2
386713,386715,386717,2,2
386713,386717,386718,1,4
386713,386717,386718,1,4
386713,386716,386717,1,3
386713,386717,386718,1,4
386838,386838,386839,1,0
386838,386838,386839,1,0
386838,386838,386839,1,0
386838,386838,386840,2,0
386838,386838,386839,1,0
386838,386838,386839,1,0
386838,386838,386840,2,0
386838,386838,386840,2,0
386838,386838,386840,2,0
386838,386838,386841,3,0
386838,386838,386841,3,0
386838,386838,386841,3,0
386838,386839,386840,1,1
386838,386840,386841,1,2
386838,386840,386841,1,2
386838,386839,386841,2,1
386838,386841,386842,1,3
386838,386841,386842,1,3
386838,386840,386842,2,2
386838,386840,386841,1,2
386838,386841,386842,1,3
386838,386842,386843,1,4
386838,386842,386843,1,4
386838,386842,386843,1,4
386838,386840,386842,2,2
386838,386841,386842,1,3
386838,386842,386843,1,4
386838,386841,386843,2,3
386838,386841,386843,2,3
386838,386841,386843,2,3
386838,386841,386843,2,3
386964,386964,386965,1,0
386964,386964,386966,2,0
386964,386964,386965,1,0
386964,386964,386966,2,0
386964,386964,386966,2,0
386964,386964,386966,2,0
386964,386964,386966,2,0
386964,386965,386966,1,1
386964,386964,386965,1,0
386964,386964,386965,1,0
386964,386964,386967,3,0
386964,386964,386967,3,0
386964,386966,386967,1,2
386964,386966,386967,1,2
386964,386964,386967,3,0
386964,386966,386967,1,2
386964,386966,386968,2,2
386964,386966,386967,1,2
386964,386966,386967,1,2
386964,386966,386967,1,2
386964,386966,386967,1,2
386964,386967,386968,1,3
386964,386968,386969,1,4
386964,386968,386969,1,4
386964,386966,386968,2,2
386964,386968,386969,1,4
386964,386967,386969,2,3
386964,386968,386969,1,4
386964,386968,386970,2,4
386964,386968,386969,1,4
386964,386968,386969,1,4
387090,387090,387091,1,0
387090,387090,387091,1,0
387090,387090,387091,1,0
387090,387090,387091,1,0
387090,387090,387092,2,0
387090,387090,387091,1,0
387090,387090,387092,2,0
387090,387090,387091,1,0
387090,387091,387092,1,1
387090,387091,387093,2,1
387090,387091,387092,1,1
387090,387090,387092,2,0
387090,387090,387093,3,0
387090,387092,387093,1,2
387090,387092,387093,1,2
387090,387092,387093,1,2
387090,387092,387093,1,2
387090,387092,387094,2,2
387090,387090,387094,4,0
387090,387092,387094,2,2
387090,387093,387094,1,3
387090,387093,387094,1,3
387090,387094,387095,1,4
387090,387090,387094,4,0
387090,387094,387095,1,4
387090,387094,387095,1,4
387090,387094,387095,1,4
387090,387094,387095,1,4
387090,387094,387095,1,4
387090,387094,387096,2,4
387217,387217,387218,1,0
387217,387217,387218,1,0
387217,387217,387218,1,0
387217,387217,387218,1,0
387217,387217,387218,1,0
387217,387218,387219,1,1
387217,387217,387219,2,0
387217,387217,387219,2,0
387217,387217,387219,2,0
387217,387217,387220,3,0
387217,387217,387220,3,0
387217,387217,387220,3,0
387217,387217,387219,2,0
387217,387218,387220,2,1
387217,387219,387220,1,2
387217,387219,387220,1,2
387217,387219,387221,2,2
387217,387219,387221,2,2
387217,387220,387221,1,3
387217,387220,387221,1,3
387217,387219,387221,2,2
387217,387220,387221,1,3
387217,387220,387221,1,3
387217,387220,387221,1,3
387217,387220,387221,1,3
387217,387221,387222,1,4
387217,387221,387222,1,4
387217,387220,387222,2,3
387217,387221,387222,1,4
387217,387221,387222,1,4
387217,387221,387222,1,4
387342,387342,387343,1,0
387342,387342,387343,1,0
387342,387342,387343,1,0
387342,387342,387344,2,0
387342,387342,387344,2,0
387342,387342,387345,3,0
387342,387343,387345,2,1
387342,387342,387345,3,0
387342,387342,387345,3,0
387342,387343,387345,2,1
387342,387342,387346,4,0
387342,387344,387345,1,2
387342,387342,387346,4,0
387342,387342,387346,4,0
387342,387344,387346,2,2
387342,387342,387346,4,0
387342,387345,387346,1,3
387342,387346,387347,1,4
387342,387346,387347,1,4
387342,387345,387347,2,3
387342,387346,387347,1,4
387342,387346,387347,1,4
387342,387346,387347,1,4
387342,387346,387347,1,4
387342,387347,387348,1,5
387342,387347,387348,1,5
387342,387347,387348,1,5
387342,387347,387348,1,5
387342,387347,387348,1,5
387342,387347,387348,1,5
387353,387353,387354,1,0
387353,387353,387354,1,0
387353,387353,387354,1,0
387353,387353,387354,1,0
387353,387353,387354,1,0
387353,387353,387355,2,0
387353,387353,387355,2,0
387353,387353,387355,2,0
387353,387354,387356,2,1
387353,387354,387356,2,1
387353,387353,387355,2,0
387353,387353,387356,3,0
387353,387353,387356,3,0
387353,387354,387355,1,1
387353,387353,387356,3,0
387353,387355,387357,2,2
387353,387355,387357,2,2
387353,387356,387357,1,3
387353,387356,387357,1,3
387353,387355,387357,2,2
387353,387355,387357,2,2
387353,387356,387358,2,3
387353,387356,387358,2,3
387353,387356,387357,1,3
387353,387357,387358,1,4
387353,387357,387358,1,4
387353,387357,387358,1,4
387353,387357,387358,1,4
387353,387357,387359,2,4
387353,387357,387358,1,4
387478,387478,387479,1,0
387478,387478,387479,1,0
387478,387478,387479,1,0
387478,387478,387479,1,0
387478,387478,387479,1,0
387478,387478,387479,1,0
387478,387478,387479,1,0
387478,387478,387480,2,0
387478,387478,387479,1,0
387478,387478,387479,1,0
387478,387478,387480,2,0
387478,387478,387480,2,0
387478,387480,387482,2,2
387478,387480,387481,1,2
387478,387480,387481,1,2
387478,387481,387482,1,3
387478,387480,387481,1,2
387478,387480,387481,1,2
387478,387480,387481,1,2
387478,387481,387482,1,3
387478,387480,387481,1,2
387478,387480,387481,1,2
387478,387480,387481,1,2
387478,387480,387481,1,2
387478,387482,387483,1,4
387478,387482,387483,1,4
387478,387482,387483,1,4
387478,387482,387483,1,4
387478,387482,387483,1,4
387478,387482,387483,1,4
387478,387482,387483,1,4
387604,387604,387605,1,0
387604,387604,387605,1,0
387604,387604,387605,1,0
387604,387604,387608,4,0
387604,387606,387610,4,2
387604,387604,387611,7,0
387604,387608,387611,3,4
387604,387604,387611,7,0
387604,387604,387612,8,0
387604,387604,387612,8,0
387604,387604,387612,8,0
387604,387604,387612,8,0
387604,387606,387613,7,2
387604,387604,387614,10,0
387604,387611,387614,3,7
387604,387612,387614,2,8
387604,387612,387614,2,8
387604,387604,387614,10,0
387604,387613,387615,2,9
387604,387613,387615,2,9
387604,387606,387615,9,2
387604,387612,387615,3,8
387604,387612,387614,2,8
387604,387613,387615,2,9
387604,387615,387616,1,11
387604,387614,387616,2,10
387604,387615,387616,1,11
387604,387614,387616,2,10
387604,387614,387616,2,10
387604,387614,387616,2,10
387604,387615,387616,1,11
387734,387734,387735,1,0
387734,387734,387735,1,0
387734,387734,387735,1,0
387734,387734,387737,3,0
387734,387734,387740,6,0
387734,387734,387742,8,0
387734,387734,387741,7,0
387734,387735,387742,7,1
387734,387734,387742,8,0
387734,387734,387742,8,0
387734,387734,387744,10,0
387734,387741,387744,3,7
387734,387738,387744,6,4
387734,387734,387744,10,0
387734,387742,387744,2,8
387734,387736,387745,9,2
387734,387742,387745,3,8
387734,387734,387744,10,0
387734,387742,387744,2,8
387734,387742,387744,2,8
387734,387736,387744,8,2
387734,387743,387745,2,9
387734,387744,387746,2,10
387734,387744,387746,2,10
387734,387744,387745,1,10
387734,387744,387746,2,10
387734,387744,387746,2,10
387734,387745,387746,1,11
387734,387745,387746,1,11
387734,387745,387746,1,11
387734,387745,387746,1,11
387860,387860,387862,2,0
387860,387860,387862,2,0
387860,387860,387862,2,0
387860,387860,387864,4,0
387860,387860,387867,7,0
387860,387860,387868,8,0
387860,387862,387869,7,2
387860,387860,387870,10,0
387860,387860,387869,9,0
387860,387864,387870,6,4
387860,387862,387870,8,2
387860,387860,387870,10,0
387860,387860,387870,10,0
387860,387860,387870,10,0
387860,387860,387870,10,0
387860,387871,387873,2,11
387860,387871,387872,1,11
387860,387867,387872,5,7
387860,387871,387872,1,11
387860,387863,387873,10,3
387860,387871,387872,1,11
387860,387871,387872,1,11
387860,387871,387872,1,11
387860,387871,387873,2,11
387860,387871,387873,2,11
387860,387873,387874,1,13
387860,387869,387873,4,9
387860,387870,387873,3,10
387860,387873,387874,1,13
387860,387873,387874,1,13
387860,387873,387874,1,13
387987,387987,387988,1,0
387987,387987,387989,2,0
387987,387987,387989,2,0
387987,387987,387991,4,0
387987,387987,387994,7,0
387987,387987,387995,8,0
387987,387987,387995,8,0
387987,387987,387995,8,0
387987,387987,387996,9,0
387987,387988,387996,8,1
387987,387989,387996,7,2
387987,387987,387997,10,0
387987,387987,387997,10,0
387987,387990,387997,7,3
387987,387987,387998,11,0
387987,387991,387998,7,4
387987,387996,387998,2,9
387987,387996,387998,2,9
387987,387996,387999,3,9
387987,387995,387999,4,8
387987,387995,387999,4,8
387987,387998,387999,1,11
387987,387995,387999,4,8
387987,387996,387999,3,9
387987,387998,387999,1,11
387987,387998,388000,2,11
387987,387999,388000,1,12
387987,387999,388000,1,12
387987,387999,388000,1,12
387987,388000,388001,1,13
388116,388116,388117,1,0
388116,388116,388117,1,0
388116,388116,388117,1,0
388116,388116,388120,4,0
388116,388116,388123,7,0
388116,388116,388124,8,0
388116,388118,388124,6,2
388116,388116,388124,8,0
388116,388116,388125,9,0
388116,388118,388124,6,2
388116,388116,388124,8,0
388116,388117,388124,7,1
388116,388116,388126,10,0
388116,388116,388126,10,0
388116,388125,388127,2,9
388116,388125,388127,2,9
388116,388125,388127,2,9
388116,388116,388126,10,0
388116,388124,388127,3,8
388116,388125,388127,2,9
388116,388126,388128,2,10
388116,388126,388128,2,10
388116,388127,388128,1,11
388116,388124,388128,4,8
388116,388127,388128,1,11
388116,388127,388128,1,11
388116,388125,388128,3,9
388116,388127,388128,1,11
388116,388121,388128,7,5
388116,388127,388128,1,11
388116,388124,388129,5,8
388247,388247,388249,2,0
388247,388247,388248,1,0
388247,388247,388249,2,0
388247,388247,388253,6,0
388247,388247,388255,8,0
388247,388250,388255,5,3
388247,388249,388256,7,2
388247,388247,388256,9,0
388247,388247,388257,10,0
388247,388249,388256,7,2
388247,388247,388257,10,0
388247,388247,388257,10,0
388247,388247,388257,10,0
388247,388247,388257,10,0
388247,388247,388257,10,0
388247,388256,388259,3,9
388247,388258,388259,1,11
388247,388258,388259,1,11
388247,388257,388259,2,10
388247,388256,388259,3,9
388247,388257,388260,3,10
388247,388258,388260,2,11
388247,388258,388259,1,11
388247,388255,388260,5,8
388247,388257,388260,3,10
388247,388259,388260,1,12
388247,388260,388261,1,13
388247,388254,388260,6,7
388247,388260,388261,1,13
388247,388260,388261,1,13
388247,388260,388261,1,13
388373,388373,388375,2,0
388373,388373,388375,2,0
388373,388373,388375,2,0
388373,388373,388378,5,0
388373,388373,388380,7,0
388373,388376,388381,5,3
388373,388373,388382,9,0
388373,388375,388382,7,2
388373,388373,388382,9,0
388373,388373,388383,10,0
388373,388373,388383,10,0
388373,388375,388383,8,2
388373,388373,388383,10,0
388373,388373,388383,10,0
388373,388373,388383,10,0
388373,388381,388385,4,8
388373,388383,388385,2,10
388373,388378,388385,7,5
388373,388382,388385,3,9
388373,388382,388385,3,9
388373,388384,388385,1,11
388373,388384,388385,1,11
388373,388382,388386,4,9
388373,388384,388385,1,11
388373,388384,388386,2,11
388373,388384,388386,2,11
388373,388384,388386,2,11
388373,388386,388387,1,13
388373,388386,388387,1,13
388373,388385,388387,2,12
388373,388385,388386,1,12
388510,388510,388511,1,0
388510,388510,388511,1,0
388510,388510,388511,1,0
388510,388510,388515,5,0
388510,388510,388517,7,0
388510,388510,388518,8,0
388510,388512,388518,6,2
388510,388510,388518,8,0
388510,388510,388518,8,0
388510,388510,388519,9,0
388510,388510,388519,9,0
388510,388510,388520,10,0
388510,388512,388519,7,2
388510,388510,388520,10,0
388510,388511,388520,9,1
388510,388518,388520,2,8
388510,388518,388521,3,8
388510,388519,388521,2,9
388510,388519,388521,2,9
388510,388517,388521,4,7
388510,388519,388521,2,9
388510,388515,388522,7,5
388510,388520,388522,2,10
388510,388520,388522,2,10
388510,388518,388522,4,8
388510,388521,388522,1,11
388510,388521,388522,1,11
388510,388521,388523,2,11
388510,388521,388523,2,11
388510,388521,388523,2,11
388510,388521,388522,1,11
390151,390151,390152,1,0
390151,390151,390152,1,0
390151,390151,390152,1,0
390151,390151,390155,4,0
390151,390151,390157,6,0
390151,390151,390158,7,0
390151,390151,390158,7,0
390151,390151,390159,8,0
390151,390153,390159,6,2
390151,390151,390159,8,0
390151,390152,390159,7,1
390151,390151,390159,8,0
390151,390153,390160,7,2
390151,390151,390161,10,0
390151,390159,390162,3,8
390151,390151,390161,10,0
390151,390158,390161,3,7
390151,390158,390162,4,7
390151,390160,390162,2,9
390151,390160,390162,2,9
390151,390158,390163,5,7
390151,390160,390162,2,9
390151,390160,390162,2,9
390151,390160,390162,2,9
390151,390162,390163,1,11
390151,390162,390163,1,11
390151,390163,390164,1,12
390151,390162,390163,1,11
390151,390162,390164,2,11
390151,390156,390164,8,5
390151,390162,390163,1,11
390288,390289,390290,1,1
390288,390289,390290,1,1
390288,390289,390290,1,1
390288,390289,390293,4,1
390288,390289,390295,6,1
390288,390289,390295,6,1
390288,390289,390295,6,1
390288,390289,390296,7,1
390288,390289,390297,8,1
390288,390289,390296,7,1
390288,390289,390297,8,1
390288,390291,390297,6,3
390288,390291,390297,6,3
390288,390289,390298,9,1
390288,390296,390299,3,8
390288,390297,390299,2,9
390288,390297,390299,2,9
390288,390298,390299,1,10
390288,390296,390299,3,8
390288,390297,390299,2,9
390288,390298,390299,1,10
390288,390296,390299,3,8
390288,390298,390300,2,10
390288,390299,390300,1,11
390288,390300,390301,1,12
390288,390299,390301,2,11
390288,390299,390301,2,11
390288,390291,390301,10,3
390288,390300,390301,1,12
390288,390300,390301,1,12
390288,390294,390301,7,6
390417,390417,390418,1,0
390417,390417,390419,2,0
390417,390417,390418,1,0
390417,390417,390422,5,0
390417,390417,390423,6,0
390417,390417,390423,6,0
390417,390417,390425,8,0
390417,390417,390424,7,0
390417,390417,390424,7,0
390417,390417,390424,7,0
390417,390417,390425,8,0
390417,390417,390425,8,0
390417,390419,390427,8,2
390417,390425,390427,2,8
390417,390425,390427,2,8
390417,390424,390427,3,7
390417,390419,390428,9,2
390417,390425,390428,3,8
390417,390425,390427,2,8
390417,390419,390428,9,2
390417,390424,390428,4,7
390417,390425,390428,3,8
390417,390425,390427,2,8
390417,390423,390428,5,6
390417,390427,390429,2,10
390417,390428,390429,1,11
390417,390428,390429,1,11
390417,390428,390429,1,11
390417,390428,390429,1,11
390417,390428,390430,2,11
390417,390428,390429,1,11
390545,390545,390546,1,0
390545,390545,390546,1,0
390545,390545,390547,2,0
390545,390545,390551,6,0
390545,390545,390551,6,0
390545,390545,390552,7,0
390545,390546,390552,6,1
390545,390545,390553,8,0
390545,390545,390552,7,0
390545,390545,390553,8,0
390545,390547,390553,6,2
390545,390545,390553,8,0
390545,390547,390555,8,2
390545,390553,390555,2,8
390545,390545,390555,10,0
390545,390545,390555,10,0
390545,390554,390555,1,9
390545,390552,390556,4,7
390545,390553,390556,3,8
390545,390551,390556,5,6
390545,390553,390556,3,8
390545,390553,390555,2,8
390545,390551,390556,5,6
390545,390553,390556,3,8
390545,390555,390557,2,10
390545,390555,390557,2,10
390545,390555,390557,2,10
390545,390556,390557,1,11
390545,390556,390557,1,11
390545,390556,390558,2,11
390545,390556,390557,1,11
390795,390795,390797,2,0
390795,390795,390797,2,0
390795,390795,390797,2,0
390795,390795,390800,5,0
390795,390795,390802,7,0
390795,390797,390802,5,2
390795,390795,390802,7,0
390795,390798,390803,5,3
390795,390798,390804,6,3
390795,390795,390804,9,0
390795,390795,390805,10,0
390795,390795,390805,10,0
390795,390795,390805,10,0
390795,390795,390805,10,0
390795,390801,390805,4,6
390795,390795,390805,10,0
390795,390803,390806,3,8
390795,390803,390806,3,8
390795,390803,390806,3,8
390795,390804,390806,2,9
390795,390804,390806,2,9
390795,390805,390807,2,10
390795,390806,390807,1,11
390795,390806,390807,1,11
390795,390806,390807,1,11
390795,390806,390807,1,11
390795,390806,390807,1,11
390795,390806,390808,2,11
390795,390806,390807,1,11
390795,390807,390808,1,12
390795,390807,390808,1,12
390921,390921,390922,1,0
390921,390921,390922,1,0
390921,390921,390922,1,0
390921,390923,390928,5,2
390921,390923,390928,5,2
390921,390923,390928,5,2
390921,390921,390928,7,0
390921,390921,390929,8,0
390921,390921,390929,8,0
390921,390921,390930,9,0
390921,390921,390930,9,0
390921,390921,390930,9,0
390921,390921,390930,9,0
390921,390921,390931,10,0
390921,390929,390932,3,8
390921,390929,390931,2,8
390921,390921,390931,10,0
390921,390929,390933,4,8
390921,390930,390932,2,9
390921,390931,390933,2,10
390921,390931,390932,1,10
390921,390929,390932,3,8
390921,390930,390932,2,9
390921,390930,390932,2,9
390921,390932,390933,1,11
390921,390932,390934,2,11
390921,390932,390933,1,11
390921,390932,390933,1,11
390921,390933,390934,1,12
390921,390933,390934,1,12
390921,390928,390934,6,7
391058,391058,391059,1,0
391058,391058,391060,2,0
391058,391058,391059,1,0
391058,391058,391065,7,0
391058,391058,391065,7,0
391058,391058,391065,7,0
391058,391060,391065,5,2
391058,391060,391066,6,2
391058,391058,391066,8,0
391058,391058,391066,8,0
391058,391058,391067,9,0
391058,391058,391066,8,0
391058,391058,391066,8,0
391058,391058,391067,9,0
391058,391066,391069,3,8
391058,391067,391069,2,9
391058,391067,391069,2,9
391058,391067,391069,2,9
391058,391066,391069,3,8
391058,391067,391069,2,9
391058,391066,391069,3,8
391058,391066,391069,3,8
391058,391067,391069,2,9
391058,391068,391069,1,10
391058,391060,391070,10,2
391058,391069,391071,2,11
391058,391069,391071,2,11
391058,391069,391071,2,11
391058,391069,391071,2,11
391058,391065,391071,6,7
391058,391070,391071,1,12
391185,391185,391186,1,0
391185,391185,391186,1,0
391185,391185,391187,2,0
391185,391185,391191,6,0
391185,391187,391192,5,2
391185,391185,391192,7,0
391185,391185,391193,8,0
391185,391185,391192,7,0
391185,391185,391192,7,0
391185,391185,391194,9,0
391185,391185,391193,8,0
391185,391187,391193,6,2
391185,391185,391194,9,0
391185,391185,391194,9,0
391185,391191,391195,4,6
391185,391193,391195,2,8
391185,391194,391196,2,9
391185,391193,391196,3,8
391185,391194,391196,2,9
391185,391193,391196,3,8
391185,391194,391196,2,9
391185,391187,391196,9,2
391185,391193,391196,3,8
391185,391194,391196,2,9
391185,391195,391196,1,10
391185,391195,391196,1,10
391185,391192,391197,5,7
391185,391195,391197,2,10
391185,391196,391197,1,11
391185,391196,391198,2,11
391185,391196,391197,1,11
391312,391312,391314,2,0
391312,391312,391314,2,0
391312,391312,391313,1,0
391312,391312,391318,6,0
391312,391312,391319,7,0
391312,391312,391319,7,0
391312,391312,391320,8,0
391312,391312,391320,8,0
391312,391312,391321,9,0
391312,391312,391321,9,0
391312,391314,391321,7,2
391312,391312,391321,9,0
391312,391314,391321,7,2
391312,391312,391322,10,0
391312,391314,391322,8,2
391312,391320,391323,3,8
391312,391321,391323,2,9
391312,391320,391323,3,8
391312,391320,391323,3,8
391312,391321,391323,2,9
391312,391322,391324,2,10
391312,391322,391324,2,10
391312,391319,391324,5,7
391312,391321,391323,2,9
391312,391318,391324,6,6
391312,391323,391324,1,11
391312,391323,391324,1,11
391312,391323,391325,2,11
391312,391323,391325,2,11
391312,391324,391325,1,12
391312,391324,391325,1,12
391448,391448,391449,1,0
391448,391448,391449,1,0
391448,391448,391449,1,0
391448,391448,391453,5,0
391448,391448,391456,8,0
391448,391448,391456,8,0
391448,391448,391455,7,0
391448,391450,391456,6,2
391448,391448,391455,7,0
391448,391450,391455,5,2
391448,391448,391457,9,0
391448,391450,391457,7,2
391448,391448,391457,9,0
391448,391448,391457,9,0
391448,391448,391458,10,0
391448,391457,391459,2,9
391448,391457,391459,2,9
391448,391456,391459,3,8
391448,391456,391458,2,8
391448,391456,391458,2,8
391448,391456,391458,2,8
391448,391458,391460,2,10
391448,391456,391460,4,8
391448,391458,391460,2,10
391448,391458,391459,1,10
391448,391456,391460,4,8
391448,391459,391460,1,11
391448,391459,391460,1,11
391448,391459,391461,2,11
391448,391459,391460,1,11
391448,391454,391461,7,6
391575,391575,391576,1,0
391575,391575,391577,2,0
391575,391575,391577,2,0
391575,391575,391581,6,0
391575,391575,391583,8,0
391575,391577,391583,6,2
391575,391575,391583,8,0
391575,391575,391583,8,0
391575,391578,391584,6,3
391575,391575,391584,9,0
391575,391576,391583,7,1
391575,391578,391583,5,3
391575,391575,391584,9,0
391575,391575,391585,10,0
391575,391576,391585,9,1
391575,391584,391586,2,9
391575,391584,391586,2,9
391575,391584,391586,2,9
391575,391582,391586,4,7
391575,391584,391586,2,9
391575,391584,391586,2,9
391575,391584,391586,2,9
391575,391585,391586,1,10
391575,391584,391588,4,9
391575,391586,391587,1,11
391575,391586,391588,2,11
391575,391586,391587,1,11
391575,391586,391588,2,11
391575,391586,391587,1,11
391575,391584,391589,5,9
391575,391587,391588,1,12
391705,391705,391706,1,0
391705,391705,391707,2,0
391705,391705,391706,1,0
391705,391705,391710,5,0
391705,391705,391712,7,0
391705,391705,391712,7,0
391705,391705,391712,7,0
391705,391707,391713,6,2
391705,391705,391713,8,0
391705,391707,391713,6,2
391705,391707,391712,5,2
391705,391705,391714,9,0
391705,391705,391714,9,0
391705,391705,391714,9,0
391705,391713,391715,2,8
391705,391705,391714,9,0
391705,391713,391715,2,8
391705,391713,391715,2,8
391705,391713,391715,2,8
391705,391711,391715,4,6
391705,391712,391716,4,7
391705,391714,391716,2,9
391705,391713,391716,3,8
391705,391715,391717,2,10
391705,391715,391717,2,10
391705,391714,391716,2,9
391705,391715,391717,2,10
391705,391715,391717,2,10
391705,391713,391717,4,8
391705,391716,391717,1,11
391705,391716,391717,1,11
391836,391837,391838,1,1
391836,391837,391838,1,1
391836,391837,391838,1,1
391836,391837,391842,5,1
391836,391837,391844,7,1
391836,391837,391844,7,1
391836,391837,391844,7,1
391836,391839,391844,5,3
391836,391837,391844,7,1
391836,391839,391844,5,3
391836,391837,391845,8,1
391836,391838,391844,6,2
391836,391837,391846,9,1
391836,391837,391846,9,1
391836,391845,391847,2,9
391836,391837,391847,10,1
391836,391842,391846,4,6
391836,391845,391847,2,9
391836,391845,391847,2,9
391836,391845,391847,2,9
391836,391845,391847,2,9
391836,391844,391848,4,8
391836,391847,391848,1,11
391836,391847,391848,1,11
391836,391847,391848,1,11
391836,391847,391849,2,11
391836,391847,391848,1,11
391836,391847,391848,1,11
391836,391847,391849,2,11
391836,391845,391849,4,9
391836,391845,391849,4,9
391966,391967,391968,1,1
391966,391967,391968,1,1
391966,391967,391968,1,1
391966,391967,391971,4,1
391966,391967,391974,7,1
391966,391967,391974,7,1
391966,391969,391974,5,3
391966,391967,391974,7,1
391966,391969,391974,5,3
391966,391969,391975,6,3
391966,391967,391975,8,1
391966,391967,391976,9,1
391966,391967,391976,9,1
391966,391967,391977,10,1
391966,391972,391976,4,6
391966,391967,391976,9,1
391966,391975,391977,2,9
391966,391976,391977,1,10
391966,391976,391978,2,10
391966,391974,391978,4,8
391966,391975,391978,3,9
391966,391976,391978,2,10
391966,391975,391978,3,9
391966,391977,391978,1,11
391966,391977,391978,1,11
391966,391977,391978,1,11
391966,391977,391978,1,11
391966,391977,391979,2,11
391966,391975,391979,4,9
391966,391978,391979,1,12
391966,391978,391979,1,12
392094,392094,392095,1,0
392094,392094,392095,1,0
392094,392094,392095,1,0
392094,392094,392099,5,0
392094,392094,392102,8,0
392094,392094,392101,7,0
392094,392096,392102,6,2
392094,392094,392102,8,0
392094,392096,392102,6,2
392094,392094,392103,9,0
392094,392094,392102,8,0
392094,392094,392102,8,0
392094,392094,392103,9,0
392094,392096,392103,7,2
392094,392099,392104,5,5
392094,392094,392104,10,0
392094,392102,392104,2,8
392094,392103,392105,2,9
392094,392103,392105,2,9
392094,392103,392105,2,9
392094,392102,392106,4,8
392094,392104,392105,1,10
392094,392104,392106,2,10
392094,392104,392105,1,10
392094,392104,392105,1,10
392094,392102,392106,4,8
392094,392105,392106,1,11
392094,392102,392106,4,8
392094,392102,392106,4,8
392094,392105,392106,1,11
392094,392106,392107,1,12
392223,392223,392225,2,0
392223,392223,392225,2,0
392223,392223,392225,2,0
392223,392223,392228,5,0
392223,392223,392231,8,0
392223,392223,392231,8,0
392223,392223,392231,8,0
392223,392226,392231,5,3
392223,392224,392231,7,1
392223,392226,392231,5,3
392223,392223,392232,9,0
392223,392225,392232,7,2
392223,392223,392232,9,0
392223,392223,392233,10,0
392223,392229,392233,4,6
392223,392224,392233,9,1
392223,392232,392234,2,9
392223,392232,392234,2,9
392223,392233,392234,1,10
392223,392233,392234,1,10
392223,392233,392234,1,10
392223,392231,392235,4,8
392223,392232,392235,3,9
392223,392232,392235,3,9
392223,392234,392235,1,11
392223,392234,392235,1,11
392223,392234,392235,1,11
392223,392234,392235,1,11
392223,392234,392235,1,11
392223,392232,392236,4,9
392223,392235,392236,1,12
392351,392351,392352,1,0
392351,392351,392352,1,0
392351,392351,392352,1,0
392351,392351,392355,4,0
392351,392351,392359,8,0
392351,392351,392359,8,0
392351,392351,392358,7,0
392351,392351,392358,7,0
392351,392351,392358,7,0
392351,392353,392358,5,2
392351,392351,392360,9,0
392351,392351,392360,9,0
392351,392353,392359,6,2
392351,392353,392359,6,2
392351,392351,392359,8,0
392351,392356,392361,5,5
392351,392359,392361,2,8
392351,392360,392361,1,9
392351,392360,392361,1,9
392351,392360,392361,1,9
392351,392360,392361,1,9
392351,392359,392361,2,8
392351,392360,392361,1,9
392351,392359,392362,3,8
392351,392359,392363,4,8
392351,392361,392363,2,10
392351,392361,392363,2,10
392351,392359,392363,4,8
392351,392359,392363,4,8
392351,392362,392363,1,11
392351,392362,392363,1,11
392483,392483,392484,1,0
392483,392483,392484,1,0
392483,392483,392484,1,0
392483,392483,392487,4,0
392483,392483,392490,7,0
392483,392483,392490,7,0
392483,392483,392491,8,0
392483,392483,392490,7,0
392483,392485,392490,5,2
392483,392483,392490,7,0
392483,392485,392491,6,2
392483,392484,392490,6,1
392483,392483,392492,9,0
392483,392483,392491,8,0
392483,392483,392492,9,0
392483,392488,392493,5,5
392483,392491,392493,2,8
392483,392491,392493,2,8
392483,392491,392493,2,8
392483,392491,392494,3,8
392483,392492,392494,2,9
392483,392492,392494,2,9
392483,392490,392494,4,7
392483,392493,392494,1,10
392483,392491,392494,3,8
392483,392491,392495,4,8
392483,392493,392494,1,10
392483,392493,392494,1,10
392483,392493,392494,1,10
392483,392490,392495,5,7
392483,392494,392495,1,11
392609,392609,392610,1,0
392609,392609,392611,2,0
392609,392609,392610,1,0
392609,392609,392613,4,0
392609,392609,392615,6,0
392609,392609,392616,7,0
392609,392609,392617,8,0
392609,392611,392617,6,2
392609,392609,392617,8,0
392609,392609,392617,8,0
392609,392611,392617,6,2
392609,392609,392617,8,0
392609,392613,392618,5,4
392609,392609,392619,10,0
392609,392618,392619,1,9
392609,392618,392619,1,9
392609,392617,392620,3,8
392609,392618,392620,2,9
392609,392619,392620,1,10
392609,392609,392620,11,0
392609,392611,392620,9,2
392609,392616,392620,4,7
392609,392617,392621,4,8
392609,392617,392621,4,8
392609,392620,392621,1,11
392609,392620,392621,1,11
392609,392621,392622,1,12
392609,392620,392621,1,11
392609,392617,392622,5,8
392609,392621,392622,1,12
392609,392621,392622,1,12
392744,392744,392745,1,0
392744,392744,392745,1,0
392744,392744,392746,2,0
392744,392744,392749,5,0
392744,392744,392751,7,0
392744,392744,392751,7,0
392744,392744,392751,7,0
392744,392746,392751,5,2
392744,392744,392752,8,0
392744,392744,392752,8,0
392744,392744,392752,8,0
392744,392746,392753,7,2
392744,392744,392754,10,0
392744,392746,392754,8,2
392744,392749,392754,5,5
392744,392744,392754,10,0
392744,392752,392755,3,8
392744,392752,392755,3,8
392744,392753,392755,2,9
392744,392752,392755,3,8
392744,392752,392755,3,8
392744,392754,392755,1,10
392744,392752,392756,4,8
392744,392755,392756,1,11
392744,392751,392756,5,7
392744,392755,392756,1,11
392744,392755,392756,1,11
392744,392755,392756,1,11
392744,392755,392756,1,11
392744,392755,392756,1,11
392744,392756,392757,1,12
392872,392872,392873,1,0
392872,392872,392873,1,0
392872,392872,392874,2,0
392872,392872,392876,4,0
392872,392872,392878,6,0
392872,392874,392878,4,2
392872,392872,392879,7,0
392872,392873,392879,6,1
392872,392872,392880,8,0
392872,392874,392880,6,2
392872,392876,392880,4,4
392872,392872,392879,7,0
392872,392872,392880,8,0
392872,392872,392881,9,0
392872,392872,392882,10,0
392872,392872,392882,10,0
392872,392879,392882,3,7
392872,392879,392882,3,7
392872,392881,392882,1,9
392872,392881,392882,1,9
392872,392879,392882,3,7
392872,392879,392882,3,7
392872,392880,392883,3,8
392872,392880,392882,2,8
392872,392880,392882,2,8
392872,392882,392884,2,10
392872,392882,392884,2,10
392872,392882,392883,1,10
392872,392883,392884,1,11
392872,392883,392884,1,11
392872,392883,392884,1,11
392998,392998,392999,1,0
392998,392998,392999,1,0
392998,392998,392999,1,0
392998,392998,393001,3,0
392998,393000,393005,5,2
392998,393000,393006,6,2
392998,392998,393006,8,0
392998,392998,393006,8,0
392998,392998,393006,8,0
392998,392999,393006,7,1
392998,392998,393006,8,0
392998,393002,393006,4,4
392998,392998,393008,10,0
392998,392998,393007,9,0
392998,392998,393008,10,0
392998,393006,393008,2,8
392998,392998,393008,10,0
392998,393005,393009,4,7
392998,393006,393009,3,8
392998,393006,393009,3,8
392998,393006,393010,4,8
392998,393006,393009,3,8
392998,393009,393010,1,11
392998,393007,393009,2,9
392998,393007,393009,2,9
392998,393008,393009,1,10
392998,393008,393010,2,10
392998,393009,393010,1,11
392998,393009,393011,2,11
392998,393009,393011,2,11
392998,393009,393010,1,11
393131,393131,393132,1,0
393131,393131,393132,1,0
393131,393131,393132,1,0
393131,393131,393134,3,0
393131,393131,393137,6,0
393131,393131,393138,7,0
393131,393131,393138,7,0
393131,393133,393138,5,2
393131,393133,393139,6,2
393131,393135,393139,4,4
393131,393131,393139,8,0
393131,393131,393140,9,0
393131,393138,393141,3,7
393131,393131,393141,10,0
393131,393132,393140,8,1
393131,393137,393140,3,6
393131,393131,393141,10,0
393131,393139,393142,3,8
393131,393139,393141,2,8
393131,393140,393142,2,9
393131,393131,393142,11,0
393131,393139,393142,3,8
393131,393139,393141,2,8
393131,393139,393141,2,8
393131,393141,393143,2,10
393131,393141,393143,2,10
393131,393141,393143,2,10
393131,393141,393143,2,10
393131,393142,393143,1,11
393131,393142,393144,2,11
393131,393142,393143,1,11
393259,393259,393260,1,0
393259,393259,393260,1,0
393259,393259,393260,1,0
393259,393259,393263,4,0
393259,393259,393264,5,0
393259,393259,393265,6,0
393259,393259,393265,6,0
393259,393259,393266,7,0
393259,393259,393265,6,0
393259,393259,393265,6,0
393259,393261,393266,5,2
393259,393259,393267,8,0
393259,393261,393267,6,2
393259,393263,393267,4,4
393259,393266,393268,2,7
393259,393265,393268,3,6
393259,393265,393268,3,6
393259,393266,393268,2,7
393259,393265,393268,3,6
393259,393266,393269,3,7
393259,393259,393268,9,0
393259,393266,393268,2,7
393259,393267,393269,2,8
393259,393268,393270,2,9
393259,393268,393269,1,9
393259,393260,393270,10,1
393259,393268,393269,1,9
393259,393268,393270,2,9
393259,393268,393270,2,9
393259,393268,393270,2,9
393259,393269,393270,1,10
393385,393386,393387,1,1
393385,393386,393387,1,1
393385,393386,393387,1,1
393385,393386,393389,3,1
393385,393386,393391,5,1
393385,393386,393392,6,1
393385,393386,393392,6,1
393385,393386,393392,6,1
393385,393388,393393,5,3
393385,393390,393394,4,5
393385,393386,393393,7,1
393385,393386,393393,7,1
393385,393388,393395,7,3
393385,393393,393395,2,8
393385,393386,393395,9,1
393385,393388,393395,7,3
393385,393392,393395,3,7
393385,393386,393395,9,1
393385,393393,393396,3,8
393385,393393,393395,2,8
393385,393394,393396,2,9
393385,393394,393396,2,9
393385,393393,393396,3,8
393385,393394,393396,2,9
393385,393395,393396,1,10
393385,393395,393397,2,10
393385,393396,393397,1,11
393385,393396,393397,1,11
393385,393396,393398,2,11
393385,393396,393397,1,11
393385,393396,393397,1,11
393510,393510,393512,2,0
393510,393510,393512,2,0
393510,393510,393512,2,0
393510,393511,393515,4,1
393510,393511,393516,5,1
393510,393511,393517,6,1
393510,393511,393517,6,1
393510,393511,393517,6,1
393510,393511,393517,6,1
393510,393513,393517,4,3
393510,393512,393518,6,2
393510,393515,393518,3,5
393510,393511,393518,7,1
393510,393513,393520,7,3
393510,393518,393520,2,8
393510,393518,393519,1,8
393510,393517,393520,3,7
393510,393517,393520,3,7
393510,393518,393520,2,8
393510,393511,393520,9,1
393510,393518,393520,2,8
393510,393519,393520,1,9
393510,393517,393520,3,7
393510,393519,393520,1,9
393510,393511,393520,9,1
393510,393520,393521,1,10
393510,393520,393521,1,10
393510,393520,393521,1,10
393510,393520,393521,1,10
393510,393520,393521,1,10
393510,393520,393522,2,10
393636,393636,393637,1,0
393636,393636,393637,1,0
393636,393636,393637,1,0
393636,393636,393639,3,0
393636,393636,393642,6,0
393636,393636,393643,7,0
393636,393636,393643,7,0
393636,393636,393643,7,0
393636,393636,393642,6,0
393636,393637,393642,5,1
393636,393636,393643,7,0
393636,393637,393643,6,1
393636,393638,393643,5,2
393636,393640,393644,4,4
393636,393636,393645,9,0
393636,393644,393646,2,8
393636,393644,393646,2,8
393636,393643,393646,3,7
393636,393644,393646,2,8
393636,393644,393646,2,8
393636,393636,393646,10,0
393636,393643,393646,3,7
393636,393643,393645,2,7
393636,393643,393645,2,7
393636,393643,393646,3,7
393636,393643,393646,3,7
393636,393646,393648,2,10
393636,393646,393647,1,10
393636,393646,393648,2,10
393636,393646,393647,1,10
393636,393646,393647,1,10
393765,393765,393766,1,0
393765,393765,393766,1,0
393765,393765,393766,1,0
393765,393765,393769,4,0
393765,393765,393772,7,0
393765,393765,393771,6,0
393765,393767,393772,5,2
393765,393765,393772,7,0
393765,393767,393772,5,2
393765,393765,393772,7,0
393765,393766,393772,6,1
393765,393765,393772,7,0
393765,393765,393773,8,0
393765,393769,393774,5,4
393765,393765,393774,9,0
393765,393772,393774,2,7
393765,393772,393774,2,7
393765,393765,393775,10,0
393765,393772,393775,3,7
393765,393772,393774,2,7
393765,393772,393775,3,7
393765,393772,393774,2,7
393765,393773,393775,2,8
393765,393774,393775,1,9
393765,393772,393776,4,7
393765,393774,393776,2,9
393765,393775,393776,1,10
393765,393775,393776,1,10
393765,393775,393776,1,10
393765,393775,393776,1,10
393765,393775,393776,1,10
394024,394024,394025,1,0
394024,394024,394026,2,0
394024,394024,394025,1,0
394024,394024,394027,3,0
394024,394024,394030,6,0
394024,394024,394031,7,0
394024,394024,394031,7,0
394024,394026,394031,5,2
394024,394026,394031,5,2
394024,394024,394031,7,0
394024,394025,394031,6,1
394024,394024,394032,8,0
394024,394027,394032,5,3
394024,394024,394032,8,0
394024,394024,394033,9,0
394024,394031,394033,2,7
394024,394032,394033,1,8
394024,394032,394033,1,8
394024,394031,394034,3,7
394024,394024,394034,10,0
394024,394031,394034,3,7
394024,394032,394034,2,8
394024,394032,394034,2,8
394024,394033,394034,1,9
394024,394031,394035,4,7
394024,394031,394035,4,7
394024,394033,394035,2,9
394024,394034,394035,1,10
394024,394034,394035,1,10
394024,394034,394035,1,10
394024,394035,394036,1,11
394155,394155,394157,2,0
394155,394156,394157,1,1
394155,394156,394157,1,1
394155,394156,394159,3,1
394155,394156,394161,5,1
394155,394157,394161,4,2
394155,394156,394161,5,1
394155,394156,394163,7,1
394155,394157,394162,5,2
394155,394160,394162,2,5
394155,394156,394162,6,1
394155,394158,394162,4,3
394155,394156,394162,6,1
394155,394156,394164,8,1
394155,394158,394163,5,3
394155,394161,394164,3,6
394155,394163,394164,1,8
394155,394163,394164,1,8
394155,394162,394164,2,7
394155,394163,394164,1,8
394155,394163,394164,1,8
394155,394162,394164,2,7
394155,394163,394165,2,8
394155,394163,394165,2,8
394155,394164,394165,1,9
394155,394164,394165,1,9
394155,394164,394165,1,9
394155,394156,394166,10,1
394155,394165,394166,1,10
394155,394165,394166,1,10
394288,394288,394289,1,0
394288,394288,394289,1,0
394288,394288,394289,1,0
394288,394288,394291,3,0
394288,394288,394292,4,0
394288,394288,394293,5,0
394288,394290,394294,4,2
394288,394288,394293,5,0
394288,394290,394294,4,2
394288,394288,394295,7,0
394288,394290,394294,4,2
394288,394288,394295,7,0
394288,394288,394295,7,0
394288,394294,394297,3,6
394288,394294,394297,3,6
394288,394295,394297,2,7
394288,394292,394297,5,4
394288,394293,394296,3,5
394288,394295,394297,2,7
394288,394295,394297,2,7
394288,394294,394296,2,6
394288,394294,394296,2,6
394288,394295,394297,2,7
394288,394288,394298,10,0
394288,394288,394298,10,0
394288,394297,394298,1,9
394288,394297,394298,1,9
394288,394297,394298,1,9
394288,394297,394298,1,9
394288,394297,394298,1,9
394288,394297,394298,1,9
394418,394418,394419,1,0
394418,394418,394419,1,0
394418,394418,394419,1,0
394418,394418,394421,3,0
394418,394420,394423,3,2
394418,394418,394423,5,0
394418,394418,394423,5,0
394418,394418,394423,5,0
394418,394420,394423,3,2
394418,394420,394423,3,2
394418,394418,394424,6,0
394418,394418,394424,6,0
394418,394418,394424,6,0
394418,394418,394424,6,0
394418,394418,394424,6,0
394418,394422,394425,3,4
394418,394423,394426,3,5
394418,394424,394426,2,6
394418,394423,394426,3,5
394418,394424,394426,2,6
394418,394423,394427,4,5
394418,394424,394426,2,6
394418,394425,394427,2,7
394418,394425,394427,2,7
394418,394425,394427,2,7
394418,394425,394427,2,7
394418,394425,394427,2,7
394418,394426,394427,1,8
394418,394426,394427,1,8
394418,394426,394427,1,8
394418,394426,394427,1,8
394544,394544,394545,1,0
394544,394544,394545,1,0
394544,394544,394545,1,0
394544,394544,394548,4,0
394544,394545,394549,4,1
394544,394546,394549,3,2
394544,394544,394550,6,0
394544,394545,394550,5,1
394544,394548,394551,3,4
394544,394544,394551,7,0
394544,394544,394551,7,0
394544,394544,394551,7,0
394544,394544,394551,7,0
394544,394544,394551,7,0
394544,394544,394552,8,0
394544,394544,394552,8,0
394544,394549,394552,3,5
394544,394550,394553,3,6
394544,394551,394553,2,7
394544,394551,394553,2,7
394544,394552,394553,1,8
394544,394552,394553,1,8
394544,394551,394554,3,7
394544,394552,394554,2,8
394544,394549,394554,5,5
394544,394552,394554,2,8
394544,394552,394554,2,8
394544,394553,394554,1,9
394544,394553,394554,1,9
394544,394553,394555,2,9
394544,394553,394555,2,9
394671,394671,394672,1,0
394671,394671,394672,1,0
394671,394671,394672,1,0
394671,394671,394676,5,0
394671,394672,394676,4,1
394671,394672,394676,4,1
394671,394671,394678,7,0
394671,394671,394678,7,0
394671,394671,394678,7,0
394671,394671,394679,8,0
394671,394671,394679,8,0
394671,394671,394679,8,0
394671,394676,394679,3,5
394671,394676,394679,3,5
394671,394671,394679,8,0
394671,394671,394679,8,0
394671,394678,394680,2,7
394671,394677,394680,3,6
394671,394679,394680,1,8
394671,394672,394681,9,1
394671,394678,394681,3,7
394671,394679,394681,2,8
394671,394679,394681,2,8
394671,394679,394681,2,8
394671,394679,394681,2,8
394671,394679,394681,2,8
394671,394680,394681,1,9
394671,394680,394681,1,9
394671,394681,394682,1,10
394671,394681,394682,1,10
394671,394681,394683,2,10
394860,394860,394861,1,0
394860,394860,394861,1,0
394860,394860,394861,1,0
394860,394860,394861,1,0
394860,394860,394865,5,0
394860,394860,394865,5,0
394860,394860,394866,6,0
394860,394860,394866,6,0
394860,394862,394866,4,2
394860,394862,394865,3,2
394860,394860,394866,6,0
394860,394860,394867,7,0
394860,394860,394867,7,0
394860,394860,394868,8,0
394860,394865,394868,3,5
394860,394866,394868,2,6
394860,394866,394868,2,6
394860,394861,394868,7,1
394860,394865,394868,3,5
394860,394867,394869,2,7
394860,394866,394869,3,6
394860,394866,394868,2,6
394860,394867,394869,2,7
394860,394867,394869,2,7
394860,394868,394870,2,8
394860,394868,394869,1,8
394860,394868,394870,2,8
394860,394868,394869,1,8
394860,394869,394870,1,9
394860,394869,394870,1,9
394860,394862,394871,9,2
394986,394987,394988,1,1
394986,394987,394988,1,1
394986,394987,394988,1,1
394986,394987,394989,2,1
394986,394987,394992,5,1
394986,394987,394992,5,1
394986,394987,394992,5,1
394986,394987,394992,5,1
394986,394990,394992,2,4
394986,394987,394992,5,1
394986,394987,394992,5,1
394986,394987,394994,7,1
394986,394987,394993,6,1
394986,394989,394993,4,3
394986,394993,394994,1,7
394986,394988,394994,6,2
394986,394992,394994,2,6
394986,394993,394995,2,7
394986,394993,394995,2,7
394986,394993,394995,2,7
394986,394994,394995,1,8
394986,394994,394995,1,8
394986,394993,394995,2,7
394986,394993,394995,2,7
394986,394994,394995,1,8
394986,394995,394996,1,9
394986,394989,394996,7,3
394986,394995,394996,1,9
394986,394995,394996,1,9
394986,394995,394997,2,9
394986,394995,394997,2,9
395119,395119,395120,1,0
395119,395119,395121,2,0
395119,395119,395121,2,0
395119,395119,395123,4,0
395119,395119,395123,4,0
395119,395119,395123,4,0
395119,395119,395124,5,0
395119,395119,395124,5,0
395119,395119,395125,6,0
395119,395119,395125,6,0
395119,395123,395125,2,4
395119,395120,395126,6,1
395119,395123,395125,2,4
395119,395124,395126,2,5
395119,395125,395127,2,6
395119,395121,395127,6,2
395119,395125,395127,2,6
395119,395121,395128,7,2
395119,395125,395127,2,6
395119,395125,395128,3,6
395119,395126,395128,2,7
395119,395126,395128,2,7
395119,395119,395128,9,0
395119,395125,395128,3,6
395119,395127,395128,1,8
395119,395127,395128,1,8
395119,395128,395129,1,9
395119,395119,395129,10,0
395119,395127,395129,2,8
395119,395127,395129,2,8
395119,395128,395129,1,9
395248,395248,395249,1,0
395248,395248,395249,1,0
395248,395248,395249,1,0
395248,395248,395251,3,0
395248,395248,395251,3,0
395248,395248,395251,3,0
395248,395248,395252,4,0
395248,395248,395253,5,0
395248,395248,395252,4,0
395248,395249,395253,4,1
395248,395252,395254,2,4
395248,395251,395253,2,3
395248,395248,395253,5,0
395248,395249,395254,5,1
395248,395252,395254,2,4
395248,395250,395255,5,2
395248,395248,395254,6,0
395248,395254,395256,2,6
395248,395254,395255,1,6
395248,395253,395255,2,5
395248,395253,395255,2,5
395248,395254,395255,1,6
395248,395253,395255,2,5
395248,395254,395256,2,6
395248,395254,395256,2,6
395248,395255,395256,1,7
395248,395256,395257,1,8
395248,395255,395256,1,7
395248,395255,395257,2,7
395248,395248,395257,9,0
395248,395256,395257,1,8
395375,395375,395376,1,0
395375,395375,395376,1,0
395375,395375,395376,1,0
395375,395375,395377,2,0
395375,395375,395378,3,0
395375,395375,395378,3,0
395375,395375,395379,4,0
395375,395375,395379,4,0
395375,395375,395378,3,0
395375,395375,395379,4,0
395375,395378,395380,2,3
395375,395378,395380,2,3
395375,395377,395380,3,2
395375,395379,395381,2,4
395375,395375,395380,5,0
395375,395377,395381,4,2
395375,395377,395381,4,2
395375,395379,395381,2,4
395375,395375,395382,7,0
395375,395380,395382,2,5
395375,395379,395381,2,4
395375,395379,395381,2,4
395375,395381,395382,1,6
395375,395381,395382,1,6
395375,395381,395383,2,6
395375,395381,395383,2,6
395375,395381,395382,1,6
395375,395381,395382,1,6
395375,395382,395383,1,7
395375,395382,395383,1,7
395375,395382,395383,1,7
395503,395503,395504,1,0
395503,395503,395504,1,0
395503,395503,395504,1,0
395503,395503,395505,2,0
395503,395503,395505,2,0
395503,395503,395507,4,0
395503,395503,395506,3,0
395503,395503,395507,4,0
395503,395503,395506,3,0
395503,395503,395506,3,0
395503,395503,395507,4,0
395503,395505,395508,3,2
395503,395503,395507,4,0
395503,395505,395508,3,2
395503,395504,395507,3,1
395503,395507,395508,1,4
395503,395507,395508,1,4
395503,395506,395508,2,3
395503,395507,395509,2,4
395503,395506,395508,2,3
395503,395507,395509,2,4
395503,395507,395509,2,4
395503,395508,395509,1,5
395503,395508,395509,1,5
395503,395508,395509,1,5
395503,395508,395510,2,5
395503,395508,395509,1,5
395503,395509,395510,1,6
395503,395509,395510,1,6
395503,395509,395510,1,6
395503,395509,395510,1,6
395628,395628,395629,1,0
395628,395628,395629,1,0
395628,395628,395629,1,0
395628,395628,395630,2,0
395628,395628,395631,3,0
395628,395629,395631,2,1
395628,395628,395632,4,0
395628,395628,395632,4,0
395628,395630,395631,1,2
395628,395628,395632,4,0
395628,395628,395632,4,0
395628,395629,395631,2,1
395628,395628,395632,4,0
395628,395628,395631,3,0
395628,395630,395632,2,2
395628,395628,395632,4,0
395628,395631,395633,2,3
395628,395631,395633,2,3
395628,395632,395634,2,4
395628,395632,395633,1,4
395628,395632,395634,2,4
395628,395632,395634,2,4
395628,395632,395634,2,4
395628,395632,395634,2,4
395628,395633,395634,1,5
395628,395633,395634,1,5
395628,395633,395634,1,5
395628,395633,395634,1,5
395628,395634,395635,1,6
395628,395633,395635,2,5
395628,395634,395635,1,6
395753,395753,395754,1,0
395753,395753,395754,1,0
395753,395753,395754,1,0
395753,395753,395754,1,0
395753,395753,395754,1,0
395753,395753,395755,2,0
395753,395754,395755,1,1
395753,395753,395756,3,0
395753,395753,395756,3,0
395753,395755,395756,1,2
395753,395755,395756,1,2
395753,395753,395756,3,0
395753,395753,395756,3,0
395753,395753,395756,3,0
395753,395755,395757,2,2
395753,395753,395757,4,0
395753,395756,395758,2,3
395753,395755,395757,2,2
395753,395756,395758,2,3
395753,395757,395758,1,4
395753,395757,395759,2,4
395753,395756,395758,2,3
395753,395757,395758,1,4
395753,395757,395758,1,4
395753,395757,395758,1,4
395753,395757,395758,1,4
395753,395757,395759,2,4
395753,395758,395759,1,5
395753,395758,395759,1,5
395753,395758,395759,1,5
395753,395758,395760,2,5
395878,395878,395879,1,0
395878,395878,395879,1,0
395878,395878,395880,2,0
395878,395878,395879,1,0
395878,395878,395880,2,0
395878,395878,395881,3,0
395878,395878,395881,3,0
395878,395878,395881,3,0
395878,395878,395881,3,0
395878,395880,395881,1,2
395878,395880,395882,2,2
395878,395879,395882,3,1
395878,395878,395882,4,0
395878,395878,395883,5,0
395878,395880,395883,3,2
395878,395878,395883,5,0
395878,395880,395883,3,2
395878,395882,395883,1,4
395878,395882,395883,1,4
395878,395882,395883,1,4
395878,395881,395884,3,3
395878,395883,395884,1,5
395878,395882,395884,2,4
395878,395883,395884,1,5
395878,395883,395884,1,5
395878,395884,395885,1,6
395878,395884,395885,1,6
395878,395884,395885,1,6
395878,395884,395885,1,6
395878,395884,395885,1,6
395878,395884,395885,1,6
396010,396010,396011,1,0
396010,396010,396011,1,0
396010,396010,396011,1,0
396010,396010,396011,1,0
396010,396010,396012,2,0
396010,396010,396013,3,0
396010,396010,396012,2,0
396010,396011,396012,1,1
396010,396010,396013,3,0
396010,396010,396014,4,0
396010,396012,396014,2,2
396010,396011,396013,2,1
396010,396010,396014,4,0
396010,396010,396013,3,0
396010,396012,396015,3,2
396010,396010,396015,5,0
396010,396013,396015,2,3
396010,396014,396016,2,4
396010,396014,396016,2,4
396010,396012,396015,3,2
396010,396013,396016,3,3
396010,396014,396016,2,4
396010,396013,396016,3,3
396010,396014,396016,2,4
396010,396014,396016,2,4
396010,396014,396016,2,4
396010,396015,396016,1,5
396010,396015,396016,1,5
396010,396016,396017,1,6
396010,396016,396017,1,6
396010,396016,396018,2,6
396143,396143,396144,1,0
396143,396143,396144,1,0
396143,396143,396144,1,0
396143,396143,396145,2,0
396143,396143,396144,1,0
396143,396143,396146,3,0
396143,396143,396146,3,0
396143,396144,396146,2,1
396143,396143,396147,4,0
396143,396143,396147,4,0
396143,396145,396146,1,2
396143,396143,396147,4,0
396143,396144,396147,3,1
396143,396143,396147,4,0
396143,396143,396147,4,0
396143,396145,396147,2,2
396143,396145,396148,3,2
396143,396147,396149,2,4
396143,396147,396148,1,4
396143,396147,396149,2,4
396143,396146,396148,2,3
396143,396147,396149,2,4
396143,396147,396149,2,4
396143,396146,396148,2,3
396143,396146,396149,3,3
396143,396147,396149,2,4
396143,396147,396149,2,4
396143,396148,396149,1,5
396143,396148,396149,1,5
396143,396149,396150,1,6
396143,396149,396150,1,6
396267,396268,396269,1,1
396267,396268,396269,1,1
396267,396268,396269,1,1
396267,396268,396269,1,1
396267,396268,396270,2,1
396267,396268,396270,2,1
396267,396268,396270,2,1
396267,396268,396271,3,1
396267,396270,396271,1,3
396267,396270,396271,1,3
396267,396268,396271,3,1
396267,396268,396271,3,1
396267,396269,396271,2,2
396267,396269,396272,3,2
396267,396271,396272,1,4
396267,396268,396272,4,1
396267,396271,396272,1,4
396267,396270,396272,2,3
396267,396271,396273,2,4
396267,396272,396273,1,5
396267,396272,396273,1,5
396267,396272,396273,1,5
396267,396272,396274,2,5
396267,396272,396274,2,5
396267,396272,396273,1,5
396267,396273,396274,1,6
396267,396273,396274,1,6
396267,396273,396274,1,6
396267,396273,396274,1,6
396267,396273,396274,1,6
396393,396393,396394,1,0
396393,396393,396395,2,0
396393,396393,396395,2,0
396393,396393,396394,1,0
396393,396393,396394,1,0
396393,396393,396395,2,0
396393,396393,396395,2,0
396393,396393,396396,3,0
396393,396393,396396,3,0
396393,396393,396396,3,0
396393,396395,396397,2,2
396393,396393,396397,4,0
396393,396395,396397,2,2
396393,396395,396396,1,2
396393,396393,396397,4,0
396393,396394,396397,3,1
396393,396395,396397,2,2
396393,396395,396398,3,2
396393,396395,396397,2,2
396393,396396,396398,2,3
396393,396398,396399,1,5
396393,396397,396399,2,4
396393,396397,396398,1,4
396393,396397,396399,2,4
396393,396397,396399,2,4
396393,396397,396399,2,4
396393,396397,396398,1,4
396393,396398,396399,1,5
396393,396398,396399,1,5
396393,396398,396399,1,5
396393,396398,396399,1,5
396519,396519,396520,1,0
396519,396519,396520,1,0
396519,396519,396520,1,0
396519,396519,396521,2,0
396519,396519,396520,1,0
396519,396519,396521,2,0
396519,396521,396522,1,2
396519,396519,396522,3,0
396519,396519,396522,3,0
396519,396519,396523,4,0
396519,396521,396522,1,2
396519,396519,396522,3,0
396519,396519,396522,3,0
396519,396519,396523,4,0
396519,396521,396523,2,2
396519,396522,396524,2,3
396519,396520,396523,3,1
396519,396522,396524,2,3
396519,396520,396523,3,1
396519,396522,396524,2,3
396519,396523,396524,1,4
396519,396523,396524,1,4
396519,396523,396524,1,4
396519,396524,396525,1,5
396519,396523,396525,2,4
396519,396523,396524,1,4
396519,396524,396525,1,5
396519,396524,396525,1,5
396519,396524,396525,1,5
396519,396524,396525,1,5
396519,396524,396525,1,5
396646,396646,396647,1,0
396646,396646,396647,1,0
396646,396646,396647,1,0
396646,396646,396648,2,0
396646,396646,396647,1,0
396646,396646,396649,3,0
396646,396646,396648,2,0
396646,396646,396649,3,0
396646,396646,396650,4,0
396646,396646,396649,3,0
396646,396648,396650,2,2
396646,396646,396650,4,0
396646,396648,396649,1,2
396646,396646,396650,4,0
396646,396647,396650,3,1
396646,396648,396649,1,2
396646,396649,396650,1,3
396646,396647,396650,3,1
396646,396649,396650,1,3
396646,396650,396651,1,4
396646,396650,396651,1,4
396646,396650,396652,2,4
396646,396650,396652,2,4
396646,396650,396651,1,4
396646,396650,396651,1,4
396646,396651,396652,1,5
396646,396651,396652,1,5
396646,396651,396652,1,5
396646,396651,396652,1,5
396646,396651,396652,1,5
396646,396651,396652,1,5
396897,396897,396898,1,0
396897,396897,396898,1,0
396897,396897,396899,2,0
396897,396897,396898,1,0
396897,396897,396898,1,0
396897,396897,396898,1,0
396897,396897,396900,3,0
396897,396897,396899,2,0
396897,396899,396900,1,2
396897,396897,396900,3,0
396897,396897,396900,3,0
396897,396899,396900,1,2
396897,396897,396900,3,0
396897,396899,396900,1,2
396897,396897,396901,4,0
396897,396900,396902,2,3
396897,396900,396901,1,3
396897,396900,396902,2,3
396897,396899,396902,3,2
396897,396900,396901,1,3
396897,396898,396902,4,1
396897,396901,396902,1,4
396897,396901,396902,1,4
396897,396901,396903,2,4
396897,396901,396903,2,4
396897,396902,396903,1,5
396897,396899,396903,4,2
396897,396902,396903,1,5
396897,396902,396903,1,5
396897,396902,396903,1,5
396897,396902,396903,1,5
397028,397028,397029,1,0
397028,397028,397029,1,0
397028,397028,397029,1,0
397028,397028,397030,2,0
397028,397028,397030,2,0
397028,397028,397029,1,0
397028,397028,397029,1,0
397028,397028,397030,2,0
397028,397028,397029,1,0
397028,397028,397030,2,0
397028,397028,397030,2,0
397028,397028,397031,3,0
397028,397030,397031,1,2
397028,397030,397031,1,2
397028,397030,397031,1,2
397028,397030,397032,2,2
397028,397030,397032,2,2
397028,397030,397032,2,2
397028,397030,397031,1,2
397028,397030,397032,2,2
397028,397029,397033,4,1
397028,397030,397032,2,2
397028,397031,397032,1,3
397028,397031,397032,1,3
397028,397031,397032,1,3
397028,397031,397032,1,3
397028,397032,397033,1,4
397028,397032,397033,1,4
397028,397032,397033,1,4
397028,397032,397033,1,4
397028,397032,397033,1,4
397164,397164,397165,1,0
397164,397164,397165,1,0
397164,397164,397166,2,0
397164,397164,397166,2,0
397164,397164,397165,1,0
397164,397164,397165,1,0
397164,397164,397166,2,0
397164,397164,397166,2,0
397164,397164,397165,1,0
397164,397164,397166,2,0
397164,397164,397166,2,0
397164,397164,397165,1,0
397164,397166,397167,1,2
397164,397166,397167,1,2
397164,397165,397167,2,1
397164,397166,397168,2,2
397164,397166,397168,2,2
397164,397166,397167,1,2
397164,397166,397168,2,2
397164,397166,397168,2,2
397164,397166,397167,1,2
397164,397167,397168,1,3
397164,397167,397168,1,3
397164,397167,397168,1,3
397164,397168,397169,1,4
397164,397167,397169,2,3
397164,397167,397169,2,3
397164,397168,397169,1,4
397164,397168,397169,1,4
397164,397168,397169,1,4
397164,397168,397170,2,4
397295,397295,397296,1,0
397295,397295,397296,1,0
397295,397295,397296,1,0
397295,397295,397296,1,0
397295,397295,397296,1,0
397295,397295,397296,1,0
397295,397295,397296,1,0
397295,397295,397297,2,0
397295,397295,397297,2,0
397295,397296,397297,1,1
397295,397297,397298,1,2
397295,397297,397298,1,2
397295,397295,397298,3,0
397295,397296,397297,1,1
397295,397296,397298,2,1
397295,397297,397298,1,2
397295,397295,397298,3,0
397295,397297,397299,2,2
397295,397297,397298,1,2
397295,397295,397298,3,0
397295,397298,397299,1,3
397295,397298,397299,1,3
397295,397299,397300,1,4
397295,397298,397299,1,3
397295,397298,397299,1,3
397295,397298,397299,1,3
397295,397298,397299,1,3
397295,397298,397299,1,3
397295,397298,397300,2,3
397295,397299,397300,1,4
397295,397299,397300,1,4
397306,397306,397307,1,0
397306,397306,397308,2,0
397306,397306,397307,1,0
397306,397306,397307,1,0
397306,397306,397308,2,0
397306,397306,397308,2,0
397306,397307,397308,1,1
397306,397306,397308,2,0
397306,397306,397309,3,0
397306,397306,397309,3,0
397306,397306,397310,4,0
397306,397308,397309,1,2
397306,397308,397310,2,2
397306,397309,397310,1,3
397306,397306,397310,4,0
397306,397308,397309,1,2
397306,397308,397310,2,2
397306,397306,397310,4,0
397306,397308,397310,2,2
397306,397308,397310,2,2
397306,397310,397311,1,4
397306,397309,397311,2,3
397306,397310,397311,1,4
397306,397311,397312,1,5
397306,397310,397312,2,4
397306,397310,397311,1,4
397306,397310,397312,2,4
397306,397310,397312,2,4
397306,397310,397312,2,4
397306,397310,397311,1,4
397306,397311,397312,1,5
397436,397436,397437,1,0
397436,397436,397437,1,0
397436,397436,397438,2,0
397436,397436,397437,1,0
397436,397436,397438,2,0
397436,397436,397438,2,0
397436,397436,397438,2,0
397436,397436,397439,3,0
397436,397436,397439,3,0
397436,397436,397438,2,0
397436,397438,397439,1,2
397436,397436,397440,4,0
397436,397438,397439,1,2
397436,397436,397440,4,0
397436,397438,397439,1,2
397436,397438,397440,2,2
397436,397438,397440,2,2
397436,397440,397441,1,4
397436,397439,397441,2,3
397436,397439,397440,1,3
397436,397440,397441,1,4
397436,397440,397441,1,4
397436,397440,397441,1,4
397436,397440,397441,1,4
397436,397440,397441,1,4
397436,397441,397442,1,5
397436,397441,397442,1,5
397436,397441,397442,1,5
397436,397441,397442,1,5
397436,397441,397442,1,5
397436,397441,397442,1,5
397562,397562,397563,1,0
397562,397562,397563,1,0
397562,397562,397564,2,0
397562,397562,397564,2,0
397562,397562,397564,2,0
397562,397562,397564,2,0
397562,397562,397564,2,0
397562,397562,397564,2,0
397562,397563,397565,2,1
397562,397562,397565,3,0
397562,397562,397565,3,0
397562,397564,397565,1,2
397562,397562,397565,3,0
397562,397564,397566,2,2
397562,397564,397566,2,2
397562,397564,397565,1,2
397562,397564,397566,2,2
397562,397564,397566,2,2
397562,397562,397566,4,0
397562,397565,397566,1,3
397562,397566,397567,1,4
397562,397566,397567,1,4
397562,397566,397567,1,4
397562,397566,397567,1,4
397562,397567,397568,1,5
397562,397567,397568,1,5
397562,397567,397568,1,5
397562,397567,397568,1,5
397562,397567,397568,1,5
397562,397567,397568,1,5
397562,397567,397568,1,5
397690,397690,397691,1,0
397690,397690,397691,1,0
397690,397690,397691,1,0
397690,397690,397692,2,0
397690,397690,397692,2,0
397690,397690,397692,2,0
397690,397690,397693,3,0
397690,397691,397693,2,1
397690,397692,397693,1,2
397690,397690,397693,3,0
397690,397690,397692,2,0
397690,397691,397693,2,1
397690,397690,397693,3,0
397690,397690,397693,3,0
397690,397692,397693,1,2
397690,397690,397694,4,0
397690,397692,397694,2,2
397690,397694,397695,1,4
397690,397693,397694,1,3
397690,397694,397695,1,4
397690,397694,397695,1,4
397690,397694,397695,1,4
397690,397694,397695,1,4
397690,397694,397695,1,4
397690,397694,397695,1,4
397690,397695,397696,1,5
397690,397695,397696,1,5
397690,397694,397695,1,4
397690,397694,397695,1,4
397690,397695,397696,1,5
397690,397695,397696,1,5
397818,397818,397819,1,0
397818,397818,397819,1,0
397818,397818,397820,2,0
397818,397818,397819,1,0
397818,397818,397819,1,0
397818,397818,397819,1,0
397818,397818,397820,2,0
397818,397818,397820,2,0
397818,397818,397820,2,0
397818,397818,397821,3,0
397818,397818,397820,2,0
397818,397818,397820,2,0
397818,397819,397821,2,1
397818,397820,397821,1,2
397818,397820,397822,2,2
397818,397820,397821,1,2
397818,397820,397821,1,2
397818,397820,397821,1,2
397818,397820,397822,2,2
397818,397820,397822,2,2
397818,397820,397822,2,2
397818,397822,397823,1,4
397818,397821,397822,1,3
397818,397822,397823,1,4
397818,397822,397823,1,4
397818,397822,397823,1,4
397818,397822,397823,1,4
397818,397822,397823,1,4
397818,397823,397824,1,5
397818,397822,397824,2,4
397818,397822,397823,1,4
397948,397948,397949,1,0
397948,397948,397949,1,0
397948,397948,397950,2,0
397948,397948,397952,4,0
397948,397948,397955,7,0
397948,397950,397954,4,2
397948,397948,397956,8,0
397948,397952,397955,3,4
397948,397948,397956,8,0
397948,397948,397956,8,0
397948,397948,397957,9,0
397948,397948,397958,10,0
397948,397948,397957,9,0
397948,397955,397958,3,7
397948,397956,397958,2,8
397948,397955,397958,3,7
397948,397957,397959,2,9
397948,397948,397958,10,0
397948,397950,397958,8,2
397948,397956,397958,2,8
397948,397956,397958,2,8
397948,397957,397959,2,9
397948,397950,397960,10,2
397948,397958,397960,2,10
397948,397959,397960,1,11
397948,397959,397960,1,11
397948,397959,397960,1,11
397948,397959,397960,1,11
397948,397959,397961,2,11
397948,397959,397960,1,11
397948,397959,397961,2,11
398198,398198,398200,2,0
398198,398198,398200,2,0
398198,398198,398201,3,0
398198,398198,398202,4,0
398198,398198,398204,6,0
398198,398198,398206,8,0
398198,398198,398207,9,0
398198,398198,398207,9,0
398198,398198,398208,10,0
398198,398203,398207,4,5
398198,398198,398208,10,0
398198,398198,398208,10,0
398198,398200,398209,9,2
398198,398204,398209,5,6
398198,398198,398209,11,0
398198,398201,398209,8,3
398198,398208,398210,2,10
398198,398208,398210,2,10
398198,398207,398210,3,9
398198,398209,398210,1,11
398198,398201,398211,10,3
398198,398206,398210,4,8
398198,398208,398210,2,10
398198,398209,398211,2,11
398198,398210,398211,1,12
398198,398210,398211,1,12
398198,398210,398211,1,12
398198,398210,398211,1,12
398198,398211,398212,1,13
398198,398210,398211,1,12
398198,398210,398211,1,12
398324,398324,398325,1,0
398324,398324,398325,1,0
398324,398324,398325,1,0
398324,398324,398327,3,0
398324,398324,398330,6,0
398324,398324,398332,8,0
398324,398324,398332,8,0
398324,398326,398332,6,2
398324,398324,398332,8,0
398324,398324,398333,9,0
398324,398324,398333,9,0
398324,398326,398333,7,2
398324,398328,398333,5,4
398324,398324,398334,10,0
398324,398324,398334,10,0
398324,398326,398333,7,2
398324,398330,398334,4,6
398324,398333,398335,2,9
398324,398333,398336,3,9
398324,398333,398335,2,9
398324,398334,398335,1,10
398324,398334,398336,2,10
398324,398334,398336,2,10
398324,398334,398335,1,10
398324,398334,398335,1,10
398324,398334,398336,2,10
398324,398334,398336,2,10
398324,398335,398336,1,11
398324,398332,398336,4,8
398324,398335,398337,2,11
398324,398336,398337,1,12
398453,398453,398455,2,0
398453,398453,398454,1,0
398453,398453,398455,2,0
398453,398453,398457,4,0
398453,398453,398459,6,0
398453,398453,398461,8,0
398453,398453,398462,9,0
398453,398455,398462,7,2
398453,398453,398462,9,0
398453,398456,398462,6,3
398453,398453,398463,10,0
398453,398455,398463,8,2
398453,398453,398463,10,0
398453,398453,398462,9,0
398453,398453,398463,10,0
398453,398462,398465,3,9
398453,398463,398465,2,10
398453,398463,398465,2,10
398453,398457,398465,8,4
398453,398461,398465,4,8
398453,398463,398465,2,10
398453,398463,398465,2,10
398453,398460,398465,5,7
398453,398464,398465,1,11
398453,398464,398465,1,11
398453,398464,398465,1,11
398453,398465,398466,1,12
398453,398462,398466,4,9
398453,398466,398467,1,13
398453,398465,398467,2,12
398453,398465,398466,1,12
398706,398706,398708,2,0
398706,398706,398707,1,0
398706,398706,398710,4,0
398706,398706,398714,8,0
398706,398706,398715,9,0
398706,398708,398715,7,2
398706,398706,398716,10,0
398706,398706,398716,10,0
398706,398708,398715,7,2
398706,398706,398716,10,0
398706,398710,398716,6,4
398706,398716,398718,2,10
398706,398716,398719,3,10
398706,398715,398719,4,9
398706,398715,398718,3,9
398706,398716,398719,3,10
398706,398716,398718,2,10
398706,398716,398720,4,10
398706,398718,398720,2,12
398706,398719,398721,2,13
398706,398720,398721,1,14
398706,398720,398722,2,14
398706,398720,398721,1,14
398706,398720,398721,1,14
398706,398715,398722,7,9
398706,398721,398722,1,15
398706,398721,398722,1,15
398706,398770,398771,1,64
398706,398770,398780,10,64
398706,398770,398780,10,64
398706,398770,398780,10,64
398969,398969,398970,1,0
398969,398969,398970,1,0
398969,398969,398970,1,0
398969,398969,398974,5,0
398969,398969,398976,7,0
398969,398969,398977,8,0
398969,398969,398977,8,0
398969,398969,398977,8,0
398969,398971,398978,7,2
398969,398971,398978,7,2
398969,398969,398978,9,0
398969,398971,398978,7,2
398969,398969,398978,9,0
398969,398974,398979,5,5
398969,398969,398979,10,0
398969,398969,398979,10,0
398969,398978,398980,2,9
398969,398979,398981,2,10
398969,398977,398981,4,8
398969,398978,398981,3,9
398969,398979,398981,2,10
398969,398979,398980,1,10
398969,398978,398981,3,9
398969,398979,398981,2,10
398969,398979,398981,2,10
398969,398978,398981,3,9
398969,398980,398982,2,11
398969,398980,398982,2,11
398969,398980,398982,2,11
398969,398981,398982,1,12
398969,398981,398982,1,12
399108,399108,399109,1,0
399108,399108,399110,2,0
399108,399108,399109,1,0
399108,399108,399114,6,0
399108,399108,399116,8,0
399108,399108,399116,8,0
399108,399108,399116,8,0
399108,399108,399116,8,0
399108,399108,399117,9,0
399108,399110,399117,7,2
399108,399108,399116,8,0
399108,399108,399117,9,0
399108,399108,399118,10,0
399108,399110,399118,8,2
399108,399116,399119,3,8
399108,399117,399119,2,9
399108,399116,399119,3,8
399108,399117,399119,2,9
399108,399110,399120,10,2
399108,399116,399120,4,8
399108,399116,399120,4,8
399108,399114,399120,6,6
399108,399117,399119,2,9
399108,399118,399120,2,10
399108,399119,399120,1,11
399108,399119,399120,1,11
399108,399119,399121,2,11
399108,399120,399121,1,12
399108,399119,399121,2,11
399108,399120,399121,1,12
399108,399120,399121,1,12
399236,399236,399237,1,0
399236,399236,399237,1,0
399236,399236,399237,1,0
399236,399236,399241,5,0
399236,399236,399243,7,0
399236,399236,399243,7,0
399236,399236,399244,8,0
399236,399236,399244,8,0
399236,399238,399245,7,2
399236,399238,399244,6,2
399236,399236,399245,9,0
399236,399236,399245,9,0
399236,399236,399246,10,0
399236,399236,399246,10,0
399236,399238,399246,8,2
399236,399242,399246,4,6
399236,399244,399247,3,8
399236,399245,399247,2,9
399236,399243,399247,4,7
399236,399246,399247,1,10
399236,399246,399247,1,10
399236,399244,399247,3,8
399236,399245,399247,2,9
399236,399245,399247,2,9
399236,399246,399247,1,10
399236,399246,399248,2,10
399236,399247,399248,1,11
399236,399247,399248,1,11
399236,399247,399249,2,11
399236,399247,399249,2,11
399236,399248,399249,1,12
399364,399364,399365,1,0
399364,399364,399365,1,0
399364,399364,399365,1,0
399364,399364,399368,4,0
399364,399364,399371,7,0
399364,399364,399371,7,0
399364,399364,399372,8,0
399364,399364,399372,8,0
399364,399366,399373,7,2
399364,399366,399373,7,2
399364,399364,399373,9,0
399364,399366,399374,8,2
399364,399364,399374,10,0
399364,399369,399374,5,5
399364,399364,399374,10,0
399364,399364,399374,10,0
399364,399372,399375,3,8
399364,399372,399375,3,8
399364,399373,399375,2,9
399364,399372,399375,3,8
399364,399374,399376,2,10
399364,399374,399376,2,10
399364,399373,399375,2,9
399364,399374,399375,1,10
399364,399374,399375,1,10
399364,399374,399376,2,10
399364,399374,399376,2,10
399364,399372,399376,4,8
399364,399375,399376,1,11
399364,399376,399377,1,12
399364,399376,399377,1,12
399494,399494,399496,2,0
399494,399494,399496,2,0
399494,399494,399496,2,0
399494,399495,399501,6,1
399494,399494,399501,7,0
399494,399494,399501,7,0
399494,399494,399502,8,0
399494,399494,399503,9,0
399494,399497,399503,6,3
399494,399494,399504,10,0
399494,399494,399505,11,0
399494,399494,399504,10,0
399494,399494,399505,11,0
399494,399497,399504,7,3
399494,399503,399505,2,9
399494,399502,399505,3,8
399494,399501,399505,4,7
399494,399496,399506,10,2
399494,399502,399506,4,8
399494,399505,399506,1,11
399494,399504,399506,2,10
399494,399504,399506,2,10
399494,399505,399506,1,11
399494,399505,399507,2,11
399494,399505,399507,2,11
399494,399505,399507,2,11
399494,399506,399507,1,12
399494,399506,399507,1,12
399494,399506,399507,1,12
399494,399507,399508,1,13
399494,399507,399508,1,13
399621,399621,399622,1,0
399621,399621,399622,1,0
399621,399621,399623,2,0
399621,399621,399627,6,0
399621,399621,399628,7,0
399621,399621,399628,7,0
399621,399623,399629,6,2
399621,399621,399630,9,0
399621,399623,399629,6,2
399621,399621,399631,10,0
399621,399621,399631,10,0
399621,399621,399631,10,0
399621,399621,399631,10,0
399621,399621,399631,10,0
399621,399627,399631,4,6
399621,399628,399632,4,7
399621,399623,399631,8,2
399621,399629,399632,3,8
399621,399630,399632,2,9
399621,399631,399633,2,10
399621,399630,399633,3,9
399621,399631,399633,2,10
399621,399631,399633,2,10
399621,399630,399633,3,9
399621,399631,399633,2,10
399621,399631,399633,2,10
399621,399631,399633,2,10
399621,399632,399633,1,11
399621,399632,399633,1,11
399621,399633,399634,1,12
399621,399633,399634,1,12
399746,399747,399748,1,1
399746,399747,399748,1,1
399746,399747,399748,1,1
399746,399747,399753,6,1
399746,399749,399754,5,3
399746,399747,399755,8,1
399746,399747,399755,8,1
399746,399747,399755,8,1
399746,399747,399756,9,1
399746,399747,399755,8,1
399746,399749,399755,6,3
399746,399747,399756,9,1
399746,399747,399756,9,1
399746,399749,399757,8,3
399746,399747,399757,10,1
399746,399754,399757,3,8
399746,399756,399758,2,10
399746,399756,399758,2,10
399746,399754,399758,4,8
399746,399756,399758,2,10
399746,399756,399758,2,10
399746,399757,399758,1,11
399746,399756,399758,2,10
399746,399757,399759,2,11
399746,399756,399759,3,10
399746,399758,399759,1,12
399746,399758,399759,1,12
399746,399758,399759,1,12
399746,399758,399759,1,12
399746,399758,399759,1,12
399746,399759,399760,1,13
399873,399873,399874,1,0
399873,399873,399874,1,0
399873,399873,399875,2,0
399873,399873,399876,3,0
399873,399873,399881,8,0
399873,399873,399880,7,0
399873,399873,399881,8,0
399873,399873,399880,7,0
399873,399875,399880,5,2
399873,399876,399882,6,3
399873,399873,399882,9,0
399873,399873,399882,9,0
399873,399873,399882,9,0
399873,399873,399883,10,0
399873,399875,399883,8,2
399873,399875,399884,9,2
399873,399881,399884,3,8
399873,399881,399884,3,8
399873,399881,399884,3,8
399873,399883,399884,1,10
399873,399883,399884,1,10
399873,399881,399885,4,8
399873,399881,399884,3,8
399873,399883,399885,2,10
399873,399882,399884,2,9
399873,399883,399885,2,10
399873,399883,399885,2,10
399873,399885,399886,1,12
399873,399884,399885,1,11
399873,399884,399886,2,11
399873,399885,399886,1,12
400001,400001,400002,1,0
400001,400001,400002,1,0
400001,400001,400002,1,0
400001,400001,400006,5,0
400001,400001,400008,7,0
400001,400001,400008,7,0
400001,400001,400008,7,0
400001,400001,400008,7,0
400001,400001,400010,9,0
400001,400003,400009,6,2
400001,400001,400010,9,0
400001,400001,400009,8,0
400001,400003,400010,7,2
400001,400001,400010,9,0
400001,400009,400012,3,8
400001,400010,400012,2,9
400001,400003,400012,9,2
400001,400009,400011,2,8
400001,400010,400012,2,9
400001,400009,400012,3,8
400001,400009,400012,3,8
400001,400010,400012,2,9
400001,400011,400012,1,10
400001,400011,400012,1,10
400001,400010,400012,2,9
400001,400012,400013,1,11
400001,400007,400013,6,6
400001,400012,400014,2,11
400001,400012,400013,1,11
400001,400012,400013,1,11
400001,400012,400013,1,11
400131,400131,400132,1,0
400131,400131,400132,1,0
400131,400131,400133,2,0
400131,400131,400137,6,0
400131,400131,400139,8,0
400131,400131,400139,8,0
400131,400133,400139,6,2
400131,400131,400139,8,0
400131,400131,400139,8,0
400131,400133,400139,6,2
400131,400131,400139,8,0
400131,400133,400140,7,2
400131,400131,400141,10,0
400131,400131,400141,10,0
400131,400131,400141,10,0
400131,400139,400141,2,8
400131,400139,400142,3,8
400131,400139,400142,3,8
400131,400140,400142,2,9
400131,400140,400142,2,9
400131,400139,400142,3,8
400131,400139,400143,4,8
400131,400141,400143,2,10
400131,400141,400143,2,10
400131,400141,400143,2,10
400131,400142,400143,1,11
400131,400142,400143,1,11
400131,400142,400143,1,11
400131,400139,400143,4,8
400131,400142,400143,1,11
400131,400138,400145,7,7
400257,400257,400258,1,0
400257,400257,400258,1,0
400257,400257,400259,2,0
400257,400257,400262,5,0
400257,400257,400265,8,0
400257,400257,400264,7,0
400257,400259,400265,6,2
400257,400257,400265,8,0
400257,400257,400264,7,0
400257,400259,400264,5,2
400257,400257,400265,8,0
400257,400259,400265,6,2
400257,400257,400266,9,0
400257,400257,400266,9,0
400257,400262,400267,5,5
400257,400257,400267,10,0
400257,400266,400268,2,9
400257,400266,400268,2,9
400257,400265,400268,3,8
400257,400265,400268,3,8
400257,400265,400268,3,8
400257,400265,400268,3,8
400257,400267,400268,1,10
400257,400267,400269,2,10
400257,400267,400269,2,10
400257,400265,400268,3,8
400257,400267,400269,2,10
400257,400268,400270,2,11
400257,400268,400270,2,11
400257,400268,400269,1,11
400257,400265,400273,8,8
400388,400388,400389,1,0
400388,400388,400389,1,0
400388,400388,400390,2,0
400388,400388,400394,6,0
400388,400388,400395,7,0
400388,400389,400395,6,1
400388,400388,400396,8,0
400388,400388,400395,7,0
400388,400389,400396,7,1
400388,400388,400396,8,0
400388,400390,400395,5,2
400388,400388,400396,8,0
400388,400388,400396,8,0
400388,400388,400398,10,0
400388,400396,400398,2,8
400388,400396,400398,2,8
400388,400388,400398,10,0
400388,400397,400398,1,9
400388,400396,400399,3,8
400388,400396,400399,3,8
400388,400396,400398,2,8
400388,400395,400399,4,7
400388,400397,400399,2,9
400388,400394,400399,5,6
400388,400398,400400,2,10
400388,400398,400400,2,10
400388,400398,400400,2,10
400388,400399,400400,1,11
400388,400399,400400,1,11
400388,400399,400401,2,11
400388,400396,400401,5,8
400515,400515,400516,1,0
400515,400515,400516,1,0
400515,400515,400516,1,0
400515,400515,400520,5,0
400515,400515,400522,7,0
400515,400515,400522,7,0
400515,400517,400523,6,2
400515,400515,400522,7,0
400515,400515,400522,7,0
400515,400517,400522,5,2
400515,400516,400523,7,1
400515,400515,400524,9,0
400515,400515,400524,9,0
400515,400515,400524,9,0
400515,400515,400524,9,0
400515,400520,400525,5,5
400515,400523,400525,2,8
400515,400522,400526,4,7
400515,400523,400525,2,8
400515,400523,400526,3,8
400515,400523,400525,2,8
400515,400523,400525,2,8
400515,400524,400526,2,9
400515,400524,400526,2,9
400515,400525,400526,1,10
400515,400525,400526,1,10
400515,400525,400527,2,10
400515,400526,400527,1,11
400515,400523,400528,5,8
400515,400526,400527,1,11
400515,400526,400527,1,11
400643,400643,400644,1,0
400643,400643,400644,1,0
400643,400643,400645,2,0
400643,400643,400649,6,0
400643,400643,400650,7,0
400643,400643,400651,8,0
400643,400643,400650,7,0
400643,400643,400651,8,0
400643,400646,400651,5,3
400643,400643,400652,9,0
400643,400643,400652,9,0
400643,400645,400652,7,2
400643,400645,400651,6,2
400643,400643,400653,10,0
400643,400643,400653,10,0
400643,400649,400654,5,6
400643,400652,400654,2,9
400643,400652,400654,2,9
400643,400652,400654,2,9
400643,400652,400654,2,9
400643,400652,400654,2,9
400643,400653,400654,1,10
400643,400653,400655,2,10
400643,400652,400655,3,9
400643,400651,400655,4,8
400643,400651,400656,5,8
400643,400651,400656,5,8
400643,400655,400656,1,12
400643,400655,400656,1,12
400643,400655,400656,1,12
400643,400655,400656,1,12
402103,402103,402104,1,0
402103,402103,402105,2,0
402103,402103,402105,2,0
402103,402103,402109,6,0
402103,402103,402109,6,0
402103,402103,402109,6,0
402103,402103,402110,7,0
402103,402103,402111,8,0
402103,402105,402110,5,2
402103,402106,402111,5,3
402103,402103,402113,10,0
402103,402103,402113,10,0
402103,402103,402113,10,0
402103,402110,402113,3,7
402103,402111,402113,2,8
402103,402111,402113,2,8
402103,402103,402114,11,0
402103,402110,402114,4,7
402103,402110,402114,4,7
402103,402105,402114,9,2
402103,402110,402114,4,7
402103,402113,402115,2,10
402103,402113,402114,1,10
402103,402111,402115,4,8
402103,402114,402115,1,11
402103,402114,402115,1,11
402103,402114,402115,1,11
402103,402114,402115,1,11
402103,402114,402115,1,11
402103,402114,402116,2,11
402103,402114,402116,2,11
402231,402231,402232,1,0
402231,402231,402232,1,0
402231,402231,402232,1,0
402231,402232,402237,5,1
402231,402231,402237,6,0
402231,402231,402237,6,0
402231,402231,402237,6,0
402231,402232,402237,5,1
402231,402231,402239,8,0
402231,402231,402240,9,0
402231,402233,402240,7,2
402231,402237,402240,3,6
402231,402237,402240,3,6
402231,402231,402241,10,0
402231,402231,402241,10,0
402231,402237,402241,4,6
402231,402231,402241,10,0
402231,402231,402241,10,0
402231,402237,402241,4,6
402231,402237,402242,5,6
402231,402239,402242,3,8
402231,402240,402242,2,9
402231,402241,402242,1,10
402231,402241,402242,1,10
402231,402240,402242,2,9
402231,402241,402243,2,10
402231,402241,402242,1,10
402231,402241,402242,1,10
402231,402241,402242,1,10
402231,402242,402243,1,11
402231,402242,402243,1,11
402356,402356,402357,1,0
402356,402356,402358,2,0
402356,402356,402358,2,0
402356,402356,402363,7,0
402356,402357,402364,7,1
402356,402357,402363,6,1
402356,402357,402364,7,1
402356,402358,402364,6,2
402356,402357,402365,8,1
402356,402359,402365,6,3
402356,402356,402366,10,0
402356,402356,402366,10,0
402356,402357,402366,9,1
402356,402364,402367,3,8
402356,402364,402367,3,8
402356,402356,402367,11,0
402356,402365,402367,2,9
402356,402359,402367,8,3
402356,402365,402367,2,9
402356,402364,402369,5,8
402356,402367,402368,1,11
402356,402367,402369,2,11
402356,402367,402368,1,11
402356,402366,402369,3,10
402356,402366,402368,2,10
402356,402367,402369,2,11
402356,402367,402369,2,11
402356,402368,402369,1,12
402356,402368,402369,1,12
402356,402368,402369,1,12
402356,402368,402369,1,12
403021,403021,403022,1,0
403021,403021,403022,1,0
403021,403021,403023,2,0
403021,403021,403027,6,0
403021,403021,403027,6,0
403021,403021,403028,7,0
403021,403023,403028,5,2
403021,403021,403029,8,0
403021,403021,403029,8,0
403021,403023,403029,6,2
403021,403021,403031,10,0
403021,403023,403031,8,2
403021,403028,403031,3,7
403021,403021,403031,10,0
403021,403021,403032,11,0
403021,403029,403031,2,8
403021,403021,403031,10,0
403021,403028,403032,4,7
403021,403029,403031,2,8
403021,403030,403032,2,9
403021,403028,403032,4,7
403021,403030,403032,2,9
403021,403032,403033,1,11
403021,403032,403034,2,11
403021,403032,403033,1,11
403021,403032,403033,1,11
403021,403032,403033,1,11
403021,403032,403033,1,11
403021,403032,403033,1,11
403021,403032,403033,1,11
403021,403032,403033,1,11
403148,403148,403149,1,0
403148,403148,403149,1,0
403148,403148,403149,1,0
403148,403148,403153,5,0
403148,403149,403154,5,1
403148,403149,403154,5,1
403148,403148,403154,6,0
403148,403148,403154,6,0
403148,403148,403156,8,0
403148,403148,403156,8,0
403148,403150,403157,7,2
403148,403154,403157,3,6
403148,403148,403157,9,0
403148,403148,403158,10,0
403148,403154,403157,3,6
403148,403154,403157,3,6
403148,403148,403158,10,0
403148,403155,403158,3,7
403148,403148,403158,10,0
403148,403154,403159,5,6
403148,403156,403159,3,8
403148,403157,403159,2,9
403148,403158,403159,1,10
403148,403157,403159,2,9
403148,403158,403159,1,10
403148,403158,403159,1,10
403148,403158,403159,1,10
403148,403158,403160,2,10
403148,403158,403160,2,10
403148,403158,403159,1,10
403148,403159,403160,1,11
403275,403275,403276,1,0
403275,403275,403276,1,0
403275,403275,403276,1,0
403275,403275,403281,6,0
403275,403275,403281,6,0
403275,403275,403281,6,0
403275,403275,403282,7,0
403275,403276,403282,6,1
403275,403277,403283,6,2
403275,403275,403283,8,0
403275,403275,403284,9,0
403275,403282,403285,3,7
403275,403275,403284,9,0
403275,403282,403285,3,7
403275,403275,403284,9,0
403275,403276,403284,8,1
403275,403282,403285,3,7
403275,403275,403285,10,0
403275,403283,403285,2,8
403275,403281,403286,5,6
403275,403284,403286,2,9
403275,403285,403287,2,10
403275,403285,403287,2,10
403275,403284,403286,2,9
403275,403285,403287,2,10
403275,403285,403286,1,10
403275,403285,403287,2,10
403275,403285,403286,1,10
403275,403285,403286,1,10
403275,403286,403287,1,11
403275,403286,403287,1,11
407788,407788,407789,1,0
407788,407788,407789,1,0
407788,407788,407789,1,0
407788,407788,407791,3,0
407788,407788,407790,2,0
407788,407788,407792,4,0
407788,407789,407792,3,1
407788,407788,407791,3,0
407788,407790,407792,2,2
407788,407790,407793,3,2
407788,407788,407792,4,0
407788,407791,407793,2,3
407788,407791,407792,1,3
407788,407792,407794,2,4
407788,407792,407794,2,4
407788,407792,407793,1,4
407788,407792,407794,2,4
407788,407793,407794,1,5
407788,407788,407795,7,0
407788,407788,407795,7,0
407788,407788,407795,7,0
407788,407788,407795,7,0
407788,407788,407795,7,0
407788,407793,407794,1,5
407788,407788,407796,8,0
407788,407788,407795,7,0
407788,407788,407796,8,0
407788,407788,407796,8,0
407788,407788,407797,9,0
407788,407788,407798,10,0
407788,407788,407798,10,0
407917,407917,407918,1,0
407917,407917,407918,1,0
407917,407917,407918,1,0
407917,407917,407919,2,0
407917,407917,407920,3,0
407917,407917,407920,3,0
407917,407919,407921,2,2
407917,407919,407921,2,2
407917,407917,407921,4,0
407917,407918,407920,2,1
407917,407917,407922,5,0
407917,407920,407921,1,3
407917,407921,407922,1,4
407917,407921,407923,2,4
407917,407921,407922,1,4
407917,407921,407922,1,4
407917,407921,407923,2,4
407917,407921,407923,2,4
407917,407922,407923,1,5
407917,407917,407924,7,0
407917,407917,407923,6,0
407917,407917,407923,6,0
407917,407917,407924,7,0
407917,407917,407925,8,0
407917,407917,407924,7,0
407917,407917,407924,7,0
407917,407917,407925,8,0
407917,407917,407925,8,0
407917,407917,407925,8,0
407917,407917,407926,9,0
407917,407917,407927,10,0
408045,408045,408046,1,0
408045,408045,408046,1,0
408045,408045,408046,1,0
408045,408045,408047,2,0
408045,408045,408048,3,0
408045,408045,408049,4,0
408045,408045,408049,4,0
408045,408047,408049,2,2
408045,408047,408049,2,2
408045,408048,408049,1,3
408045,408047,408049,2,2
408045,408049,408050,1,4
408045,408049,408050,1,4
408045,408049,408050,1,4
408045,408049,408050,1,4
408045,408045,408051,6,0
408045,408045,408050,5,0
408045,408049,408050,1,4
408045,408045,408051,6,0
408045,408050,408051,1,5
408045,408050,408051,1,5
408045,408045,408051,6,0
408045,408045,408052,7,0
408045,408045,408052,7,0
408045,408045,408052,7,0
408045,408045,408052,7,0
408045,408045,408053,8,0
408045,408045,408053,8,0
408045,408045,408053,8,0
408045,408045,408053,8,0
408045,408045,408053,8,0
408172,408172,408173,1,0
408172,408172,408173,1,0
408172,408172,408173,1,0
408172,408172,408175,3,0
408172,408172,408175,3,0
408172,408174,408176,2,2
408172,408172,408176,4,0
408172,408174,408176,2,2
408172,408172,408176,4,0
408172,408174,408176,2,2
408172,408175,408176,1,3
408172,408172,408177,5,0
408172,408172,408177,5,0
408172,408176,408177,1,4
408172,408172,408178,6,0
408172,408176,408177,1,4
408172,408172,408178,6,0
408172,408177,408178,1,5
408172,408176,408177,1,4
408172,408176,408178,2,4
408172,408172,408178,6,0
408172,408172,408178,6,0
408172,408177,408178,1,5
408172,408177,408178,1,5
408172,408172,408179,7,0
408172,408172,408179,7,0
408172,408172,408180,8,0
408172,408172,408180,8,0
408172,408172,408179,7,0
408172,408172,408182,10,0
408172,408172,408182,10,0
408301,408301,408303,2,0
408301,408301,408302,1,0
408301,408301,408303,2,0
408301,408301,408304,3,0
408301,408303,408305,2,2
408301,408301,408304,3,0
408301,408303,408305,2,2
408301,408301,408305,4,0
408301,408301,408306,5,0
408301,408303,408305,2,2
408301,408304,408306,2,3
408301,408301,408306,5,0
408301,408301,408307,6,0
408301,408305,408307,2,4
408301,408301,408307,6,0
408301,408305,408307,2,4
408301,408305,408307,2,4
408301,408301,408307,6,0
408301,408301,408307,6,0
408301,408306,408307,1,5
408301,408301,408308,7,0
408301,408306,408308,2,5
408301,408306,408308,2,5
408301,408306,408308,2,5
408301,408301,408308,7,0
408301,408301,408309,8,0
408301,408301,408310,9,0
408301,408301,408311,10,0
408301,408301,408311,10,0
408301,408301,408311,10,0
408301,408301,408311,10,0
408428,408428,408429,1,0
408428,408428,408429,1,0
408428,408428,408429,1,0
408428,408428,408430,2,0
408428,408428,408431,3,0
408428,408428,408432,4,0
408428,408430,408431,1,2
408428,408428,408432,4,0
408428,408430,408432,2,2
408428,408430,408432,2,2
408428,408431,408432,1,3
408428,408428,408433,5,0
408428,408428,408433,5,0
408428,408428,408433,5,0
408428,408431,408432,1,3
408428,408428,408433,5,0
408428,408432,408433,1,4
408428,408432,408433,1,4
408428,408428,408433,5,0
408428,408432,408433,1,4
408428,408432,408433,1,4
408428,408428,408434,6,0
408428,408433,408434,1,5
408428,408428,408434,6,0
408428,408433,408434,1,5
408428,408428,408437,9,0
408428,408428,408437,9,0
408428,408428,408438,10,0
408428,408428,408437,9,0
408428,408428,408437,9,0
408428,408428,408438,10,0
408557,408557,408559,2,0
408557,408557,408559,2,0
408557,408557,408559,2,0
408557,408557,408560,3,0
408557,408557,408560,3,0
408557,408557,408561,4,0
408557,408559,408561,2,2
408557,408559,408561,2,2
408557,408557,408561,4,0
408557,408559,408561,2,2
408557,408557,408562,5,0
408557,408561,408562,1,4
408557,408557,408563,6,0
408557,408561,408563,2,4
408557,408562,408563,1,5
408557,408561,408563,2,4
408557,408562,408563,1,5
408557,408557,408563,6,0
408557,408562,408563,1,5
408557,408562,408563,1,5
408557,408557,408564,7,0
408557,408563,408564,1,6
408557,408557,408565,8,0
408557,408557,408565,8,0
408557,408557,408566,9,0
408557,408557,408566,9,0
408557,408557,408567,10,0
408557,408557,408567,10,0
408557,408557,408567,10,0
408557,408557,408567,10,0
408557,408557,408567,10,0
408686,408687,408688,1,1
408686,408687,408688,1,1
408686,408687,408688,1,1
408686,408687,408689,2,1
408686,408687,408690,3,1
408686,408687,408690,3,1
408686,408687,408690,3,1
408686,408689,408691,2,3
408686,408689,408690,1,3
408686,408690,408691,1,4
408686,408689,408691,2,3
408686,408690,408691,1,4
408686,408687,408692,5,1
408686,408687,408692,5,1
408686,408691,408692,1,5
408686,408691,408692,1,5
408686,408691,408692,1,5
408686,408691,408692,1,5
408686,408692,408693,1,6
408686,408687,408693,6,1
408686,408692,408693,1,6
408686,408687,408694,7,1
408686,408687,408694,7,1
408686,408687,408694,7,1
408686,408687,408694,7,1
408686,408687,408695,8,1
408686,408687,408695,8,1
408686,408687,408695,8,1
408686,408687,408695,8,1
408686,408687,408696,9,1
408686,408687,408696,9,1
408814,408814,408815,1,0
408814,408814,408815,1,0
408814,408814,408817,3,0
408814,408814,408816,2,0
408814,408814,408816,2,0
408814,408814,408818,4,0
408814,408816,408818,2,2
408814,408814,408817,3,0
408814,408814,408819,5,0
408814,408816,408818,2,2
408814,408817,408819,2,3
408814,408817,408819,2,3
408814,408817,408819,2,3
408814,408818,408819,1,4
408814,408818,408819,1,4
408814,408818,408819,1,4
408814,408814,408819,5,0
408814,408819,408820,1,5
408814,408819,408820,1,5
408814,408814,408820,6,0
408814,408819,408820,1,5
408814,408814,408820,6,0
408814,408814,408821,7,0
408814,408814,408822,8,0
408814,408814,408822,8,0
408814,408814,408821,7,0
408814,408814,408822,8,0
408814,408814,408822,8,0
408814,408814,408823,9,0
408814,408814,408823,9,0
408814,408814,408823,9,0
408941,408941,408942,1,0
408941,408941,408943,2,0
408941,408941,408942,1,0
408941,408941,408944,3,0
408941,408941,408944,3,0
408941,408943,408945,2,2
408941,408943,408945,2,2
408941,408941,408944,3,0
408941,408943,408945,2,2
408941,408944,408946,2,3
408941,408941,408946,5,0
408941,408944,408945,1,3
408941,408941,408946,5,0
408941,408945,408946,1,4
408941,408945,408946,1,4
408941,408941,408947,6,0
408941,408945,408946,1,4
408941,408945,408946,1,4
408941,408946,408947,1,5
408941,408946,408947,1,5
408941,408941,408948,7,0
408941,408941,408948,7,0
408941,408941,408948,7,0
408941,408941,408949,8,0
408941,408941,408948,7,0
408941,408941,408948,7,0
408941,408941,408950,9,0
408941,408941,408950,9,0
408941,408941,408949,8,0
408941,408941,408949,8,0
408941,408941,408950,9,0
409070,409070,409071,1,0
409070,409070,409072,2,0
409070,409070,409071,1,0
409070,409070,409073,3,0
409070,409070,409073,3,0
409070,409070,409074,4,0
409070,409072,409074,2,2
409070,409072,409074,2,2
409070,409070,409074,4,0
409070,409072,409074,2,2
409070,409073,409075,2,3
409070,409073,409075,2,3
409070,409070,409076,6,0
409070,409074,409076,2,4
409070,409074,409075,1,4
409070,409074,409076,2,4
409070,409070,409076,6,0
409070,409070,409076,6,0
409070,409075,409077,2,5
409070,409075,409077,2,5
409070,409070,409077,7,0
409070,409075,409076,1,5
409070,409070,409078,8,0
409070,409070,409078,8,0
409070,409070,409078,8,0
409070,409070,409078,8,0
409070,409070,409078,8,0
409070,409070,409079,9,0
409070,409070,409078,8,0
409070,409070,409080,10,0
409070,409070,409080,10,0
409201,409201,409202,1,0
409201,409201,409202,1,0
409201,409201,409202,1,0
409201,409201,409203,2,0
409201,409202,409204,2,1
409201,409201,409203,2,0
409201,409203,409204,1,2
409201,409203,409204,1,2
409201,409204,409205,1,3
409201,409201,409205,4,0
409201,409204,409205,1,3
409201,409201,409205,4,0
409201,409204,409205,1,3
409201,409201,409206,5,0
409201,409201,409206,5,0
409201,409201,409206,5,0
409201,409205,409206,1,4
409201,409205,409206,1,4
409201,409201,409206,5,0
409201,409206,409207,1,5
409201,409206,409207,1,5
409201,409201,409207,6,0
409201,409206,409207,1,5
409201,409201,409208,7,0
409201,409201,409208,7,0
409201,409201,409208,7,0
409201,409201,409208,7,0
409201,409201,409209,8,0
409201,409201,409209,8,0
409201,409201,409210,9,0
409201,409201,409210,9,0
409327,409327,409328,1,0
409327,409327,409328,1,0
409327,409327,409328,1,0
409327,409327,409329,2,0
409327,409329,409330,1,2
409327,409327,409330,3,0
409327,409329,409330,1,2
409327,409327,409331,4,0
409327,409329,409331,2,2
409327,409330,409331,1,3
409327,409327,409331,4,0
409327,409327,409331,4,0
409327,409327,409332,5,0
409327,409331,409332,1,4
409327,409331,409332,1,4
409327,409327,409333,6,0
409327,409331,409332,1,4
409327,409327,409332,5,0
409327,409327,409332,5,0
409327,409332,409333,1,5
409327,409332,409333,1,5
409327,409332,409333,1,5
409327,409327,409333,6,0
409327,409332,409333,1,5
409327,409327,409334,7,0
409327,409327,409334,7,0
409327,409327,409334,7,0
409327,409327,409336,9,0
409327,409327,409335,8,0
409327,409327,409336,9,0
409327,409327,409336,9,0
409452,409452,409453,1,0
409452,409452,409454,2,0
409452,409452,409454,2,0
409452,409453,409455,2,1
409452,409454,409456,2,2
409452,409454,409456,2,2
409452,409452,409457,5,0
409452,409452,409457,5,0
409452,409455,409457,2,3
409452,409452,409457,5,0
409452,409452,409457,5,0
409452,409452,409458,6,0
409452,409456,409457,1,4
409452,409452,409458,6,0
409452,409452,409458,6,0
409452,409457,409458,1,5
409452,409457,409458,1,5
409452,409457,409459,2,5
409452,409452,409459,7,0
409452,409458,409459,1,6
409452,409458,409459,1,6
409452,409458,409459,1,6
409452,409452,409459,7,0
409452,409458,409459,1,6
409452,409452,409460,8,0
409452,409452,409460,8,0
409452,409452,409460,8,0
409452,409452,409460,8,0
409452,409452,409462,10,0
409452,409452,409462,10,0
409452,409452,409462,10,0
409577,409577,409578,1,0
409577,409577,409578,1,0
409577,409577,409578,1,0
409577,409577,409580,3,0
409577,409577,409580,3,0
409577,409579,409581,2,2
409577,409579,409581,2,2
409577,409579,409580,1,2
409577,409577,409582,5,0
409577,409580,409581,1,3
409577,409577,409581,4,0
409577,409577,409581,4,0
409577,409577,409581,4,0
409577,409580,409581,1,3
409577,409577,409582,5,0
409577,409581,409582,1,4
409577,409581,409582,1,4
409577,409581,409582,1,4
409577,409577,409582,5,0
409577,409582,409583,1,5
409577,409577,409583,6,0
409577,409577,409583,6,0
409577,409582,409583,1,5
409577,409582,409583,1,5
409577,409577,409585,8,0
409577,409577,409585,8,0
409577,409577,409584,7,0
409577,409577,409586,9,0
409577,409577,409586,9,0
409577,409577,409586,9,0
409577,409577,409586,9,0
409703,409703,409704,1,0
409703,409703,409704,1,0
409703,409703,409704,1,0
409703,409703,409707,4,0
409703,409703,409706,3,0
409703,409705,409707,2,2
409703,409705,409707,2,2
409703,409705,409707,2,2
409703,409703,409708,5,0
409703,409703,409708,5,0
409703,409703,409707,4,0
409703,409703,409707,4,0
409703,409703,409708,5,0
409703,409707,409709,2,4
409703,409703,409709,6,0
409703,409707,409709,2,4
409703,409707,409708,1,4
409703,409707,409708,1,4
409703,409707,409709,2,4
409703,409708,409709,1,5
409703,409708,409709,1,5
409703,409703,409710,7,0
409703,409708,409709,1,5
409703,409703,409710,7,0
409703,409703,409711,8,0
409703,409703,409711,8,0
409703,409703,409712,9,0
409703,409703,409711,8,0
409703,409703,409712,9,0
409703,409703,409712,9,0
409703,409703,409713,10,0
409830,409830,409831,1,0
409830,409830,409831,1,0
409830,409830,409831,1,0
409830,409831,409833,2,1
409830,409830,409833,3,0
409830,409830,409833,3,0
409830,409830,409834,4,0
409830,409830,409833,3,0
409830,409832,409833,1,2
409830,409830,409834,4,0
409830,409832,409834,2,2
409830,409830,409834,4,0
409830,409833,409835,2,3
409830,409830,409835,5,0
409830,409834,409835,1,4
409830,409830,409835,5,0
409830,409834,409835,1,4
409830,409834,409835,1,4
409830,409834,409835,1,4
409830,409834,409835,1,4
409830,409830,409837,7,0
409830,409835,409836,1,5
409830,409835,409836,1,5
409830,409830,409837,7,0
409830,409830,409837,7,0
409830,409830,409837,7,0
409830,409830,409837,7,0
409830,409830,409838,8,0
409830,409830,409838,8,0
409830,409830,409839,9,0
409830,409830,409839,9,0
409955,409955,409956,1,0
409955,409955,409956,1,0
409955,409955,409956,1,0
409955,409955,409958,3,0
409955,409957,409959,2,2
409955,409955,409959,4,0
409955,409955,409960,5,0
409955,409955,409959,4,0
409955,409957,409959,2,2
409955,409955,409960,5,0
409955,409957,409959,2,2
409955,409955,409959,4,0
409955,409959,409960,1,4
409955,409959,409961,2,4
409955,409955,409960,5,0
409955,409959,409961,2,4
409955,409955,409961,6,0
409955,409960,409961,1,5
409955,409960,409961,1,5
409955,409960,409961,1,5
409955,409955,409961,6,0
409955,409960,409962,2,5
409955,409960,409962,2,5
409955,409955,409962,7,0
409955,409955,409963,8,0
409955,409955,409963,8,0
409955,409955,409962,7,0
409955,409955,409963,8,0
409955,409955,409964,9,0
409955,409955,409964,9,0
409955,409955,409964,9,0
410080,410080,410081,1,0
410080,410080,410081,1,0
410080,410080,410081,1,0
410080,410081,410083,2,1
410080,410080,410084,4,0
410080,410081,410084,3,1
410080,410080,410084,4,0
410080,410082,410084,2,2
410080,410080,410084,4,0
410080,410080,410085,5,0
410080,410080,410085,5,0
410080,410080,410084,4,0
410080,410083,410085,2,3
410080,410080,410086,6,0
410080,410084,410086,2,4
410080,410084,410085,1,4
410080,410084,410086,2,4
410080,410084,410086,2,4
410080,410080,410085,5,0
410080,410084,410086,2,4
410080,410085,410086,1,5
410080,410085,410087,2,5
410080,410080,410087,7,0
410080,410080,410086,6,0
410080,410080,410087,7,0
410080,410080,410088,8,0
410080,410080,410088,8,0
410080,410080,410088,8,0
410080,410080,410088,8,0
410080,410080,410089,9,0
410080,410080,410089,9,0
410210,410210,410212,2,0
410210,410210,410211,1,0
410210,410210,410211,1,0
410210,410210,410214,4,0
410210,410212,410214,2,2
410210,410212,410214,2,2
410210,410210,410214,4,0
410210,410210,410214,4,0
410210,410210,410215,5,0
410210,410212,410215,3,2
410210,410210,410215,5,0
410210,410210,410215,5,0
410210,410214,410215,1,4
410210,410210,410216,6,0
410210,410210,410215,5,0
410210,410214,410216,2,4
410210,410214,410216,2,4
410210,410214,410216,2,4
410210,410210,410216,6,0
410210,410215,410216,1,5
410210,410215,410217,2,5
410210,410215,410217,2,5
410210,410215,410216,1,5
410210,410210,410217,7,0
410210,410210,410218,8,0
410210,410210,410218,8,0
410210,410210,410217,7,0
410210,410210,410219,9,0
410210,410210,410220,10,0
410210,410210,410220,10,0
410210,410210,410221,11,0
410338,410338,410339,1,0
410338,410338,410340,2,0
410338,410338,410340,2,0
410338,410339,410342,3,1
410338,410340,410342,2,2
410338,410341,410343,2,3
410338,410339,410342,3,1
410338,410339,410342,3,1
410338,410339,410343,4,1
410338,410341,410343,2,3
410338,410339,410343,4,1
410338,410339,410343,4,1
410338,410343,410344,1,5
410338,410338,410344,6,0
410338,410344,410345,1,6
410338,410343,410344,1,5
410338,410343,410344,1,5
410338,410343,410344,1,5
410338,410343,410344,1,5
410338,410338,410345,7,0
410338,410338,410345,7,0
410338,410344,410345,1,6
410338,410338,410345,7,0
410338,410344,410345,1,6
410338,410339,410345,6,1
410338,410339,410346,7,1
410338,410339,410346,7,1
410338,410338,410346,8,0
410338,410339,410346,7,1
410338,410338,410348,10,0
410338,410338,410348,10,0
410470,410470,410471,1,0
410470,410470,410472,2,0
410470,410470,410472,2,0
410470,410470,410473,3,0
410470,410470,410473,3,0
410470,410471,410473,2,1
410470,410470,410474,4,0
410470,410472,410474,2,2
410470,410473,410474,1,3
410470,410470,410474,4,0
410470,410470,410475,5,0
410470,410470,410475,5,0
410470,410473,410475,2,3
410470,410474,410476,2,4
410470,410474,410475,1,4
410470,410474,410475,1,4
410470,410475,410476,1,5
410470,410475,410476,1,5
410470,410470,410476,6,0
410470,410475,410476,1,5
410470,410470,410476,6,0
410470,410475,410476,1,5
410470,410470,410477,7,0
410470,410470,410477,7,0
410470,410470,410478,8,0
410470,410470,410478,8,0
410470,410470,410479,9,0
410470,410470,410479,9,0
410470,410470,410480,10,0
410470,410470,410480,10,0
410596,410596,410597,1,0
410596,410596,410598,2,0
410596,410596,410598,2,0
410596,410597,410600,3,1
410596,410597,410599,2,1
410596,410597,410600,3,1
410596,410598,410600,2,2
410596,410596,410600,4,0
410596,410597,410600,3,1
410596,410599,410600,1,3
410596,410597,410601,4,1
410596,410599,410601,2,3
410596,410597,410601,4,1
410596,410600,410601,1,4
410596,410601,410602,1,5
410596,410601,410602,1,5
410596,410601,410602,1,5
410596,410600,410602,2,4
410596,410601,410602,1,5
410596,410597,410602,5,1
410596,410601,410602,1,5
410596,410596,410604,8,0
410596,410602,410603,1,6
410596,410597,410603,6,1
410596,410597,410604,7,1
410596,410597,410604,7,1
410596,410597,410605,8,1
410596,410596,410606,10,0
410596,410596,410606,10,0
410596,410597,410606,9,1
410596,410597,410606,9,1
410728,410728,410729,1,0
410728,410728,410729,1,0
410728,410728,410729,1,0
410728,410728,410730,2,0
410728,410728,410731,3,0
410728,410728,410732,4,0
410728,410728,410731,3,0
410728,410728,410731,3,0
410728,410729,410731,2,1
410728,410728,410731,3,0
410728,410730,410732,2,2
410728,410731,410733,2,3
410728,410730,410732,2,2
410728,410731,410733,2,3
410728,410728,410733,5,0
410728,410728,410734,6,0
410728,410732,410733,1,4
410728,410732,410733,1,4
410728,410732,410733,1,4
410728,410732,410733,1,4
410728,410732,410733,1,4
410728,410732,410733,1,4
410728,410728,410734,6,0
410728,410728,410735,7,0
410728,410728,410734,6,0
410728,410728,410736,8,0
410728,410728,410737,9,0
410728,410728,410736,8,0
410728,410728,410738,10,0
410728,410728,410737,9,0
410728,410728,410738,10,0
410855,410855,410856,1,0
410855,410855,410856,1,0
410855,410855,410856,1,0
410855,410855,410857,2,0
410855,410855,410857,2,0
410855,410856,410858,2,1
410855,410855,410857,2,0
410855,410855,410859,4,0
410855,410856,410858,2,1
410855,410857,410859,2,2
410855,410855,410858,3,0
410855,410855,410859,4,0
410855,410855,410859,4,0
410855,410858,410859,1,3
410855,410858,410859,1,3
410855,410858,410859,1,3
410855,410858,410859,1,3
410855,410855,410860,5,0
410855,410855,410861,6,0
410855,410855,410861,6,0
410855,410859,410860,1,4
410855,410859,410860,1,4
410855,410859,410860,1,4
410855,410855,410860,5,0
410855,410859,410860,1,4
410855,410855,410861,6,0
410855,410855,410861,6,0
410855,410855,410861,6,0
410855,410855,410863,8,0
410855,410855,410864,9,0
410855,410855,410864,9,0
410979,410979,410981,2,0
410979,410979,410980,1,0
410979,410979,410981,2,0
410979,410979,410982,3,0
410979,410979,410982,3,0
410979,410980,410982,2,1
410979,410979,410983,4,0
410979,410979,410983,4,0
410979,410979,410983,4,0
410979,410982,410984,2,3
410979,410979,410984,5,0
410979,410983,410984,1,4
410979,410982,410984,2,3
410979,410982,410984,2,3
410979,410983,410984,1,4
410979,410983,410984,1,4
410979,410979,410985,6,0
410979,410984,410985,1,5
410979,410979,410985,6,0
410979,410984,410985,1,5
410979,410984,410985,1,5
410979,410984,410985,1,5
410979,410979,410986,7,0
410979,410985,410986,1,6
410979,410979,410986,7,0
410979,410979,410987,8,0
410979,410979,410986,7,0
410979,410979,410987,8,0
410979,410979,410987,8,0
410979,410979,410988,9,0
410979,410979,410989,10,0
411105,411105,411106,1,0
411105,411105,411106,1,0
411105,411105,411106,1,0
411105,411105,411108,3,0
411105,411105,411108,3,0
411105,411106,411108,2,1
411105,411105,411108,3,0
411105,411106,411108,2,1
411105,411105,411109,4,0
411105,411107,411109,2,2
411105,411105,411109,4,0
411105,411105,411108,3,0
411105,411105,411110,5,0
411105,411108,411110,2,3
411105,411108,411110,2,3
411105,411108,411110,2,3
411105,411108,411110,2,3
411105,411108,411109,1,3
411105,411109,411110,1,4
411105,411105,411111,6,0
411105,411105,411111,6,0
411105,411105,411111,6,0
411105,411109,411110,1,4
411105,411109,411111,2,4
411105,411105,411111,6,0
411105,411105,411111,6,0
411105,411105,411112,7,0
411105,411105,411112,7,0
411105,411105,411112,7,0
411105,411105,411114,9,0
411105,411105,411115,10,0
411232,411232,411233,1,0
411232,411232,411233,1,0
411232,411232,411233,1,0
411232,411232,411234,2,0
411232,411232,411235,3,0
411232,411232,411235,3,0
411232,411233,411235,2,1
411232,411233,411234,1,1
411232,411232,411235,3,0
411232,411232,411235,3,0
411232,411232,411235,3,0
411232,411234,411236,2,2
411232,411235,411237,2,3
411232,411232,411237,5,0
411232,411235,411237,2,3
411232,411235,411236,1,3
411232,411235,411236,1,3
411232,411235,411236,1,3
411232,411236,411237,1,4
411232,411232,411237,5,0
411232,411236,411237,1,4
411232,411232,411238,6,0
411232,411236,411237,1,4
411232,411232,411239,7,0
411232,411232,411238,6,0
411232,411232,411239,7,0
411232,411232,411238,6,0
411232,411232,411238,6,0
411232,411232,411239,7,0
411232,411232,411241,9,0
411232,411232,411242,10,0
411361,411361,411362,1,0
411361,411361,411362,1,0
411361,411361,411362,1,0
411361,411361,411364,3,0
411361,411361,411364,3,0
411361,411362,411364,2,1
411361,411361,411363,2,0
411361,411363,411364,1,2
411361,411361,411365,4,0
411361,411363,411365,2,2
411361,411361,411365,4,0
411361,411361,411366,5,0
411361,411364,411366,2,3
411361,411364,411366,2,3
411361,411364,411365,1,3
411361,411361,411366,5,0
411361,411364,411366,2,3
411361,411361,411366,5,0
411361,411365,411366,1,4
411361,411361,411367,6,0
411361,411365,411366,1,4
411361,411365,411366,1,4
411361,411365,411366,1,4
411361,411361,411367,6,0
411361,411361,411367,6,0
411361,411361,411368,7,0
411361,411361,411368,7,0
411361,411361,411368,7,0
411361,411361,411369,8,0
411361,411361,411370,9,0
411361,411361,411371,10,0
411493,411493,411494,1,0
411493,411493,411494,1,0
411493,411493,411494,1,0
411493,411493,411495,2,0
411493,411493,411496,3,0
411493,411493,411495,2,0
411493,411494,411496,2,1
411493,411494,411495,1,1
411493,411494,411495,1,1
411493,411493,411496,3,0
411493,411493,411496,3,0
411493,411493,411497,4,0
411493,411496,411497,1,3
411493,411496,411497,1,3
411493,411496,411497,1,3
411493,411493,411497,4,0
411493,411496,411497,1,3
411493,411496,411497,1,3
411493,411496,411497,1,3
411493,411493,411498,5,0
411493,411497,411498,1,4
411493,411493,411498,5,0
411493,411493,411498,5,0
411493,411493,411498,5,0
411493,411497,411498,1,4
411493,411493,411499,6,0
411493,411493,411500,7,0
411493,411493,411500,7,0
411493,411493,411501,8,0
411493,411493,411502,9,0
411493,411493,411503,10,0
411619,411619,411620,1,0
411619,411619,411620,1,0
411619,411619,411620,1,0
411619,411619,411622,3,0
411619,411619,411622,3,0
411619,411619,411622,3,0
411619,411620,411622,2,1
411619,411619,411622,3,0
411619,411620,411622,2,1
411619,411619,411623,4,0
411619,411620,411623,3,1
411619,411619,411623,4,0
411619,411622,411624,2,3
411619,411619,411624,5,0
411619,411622,411624,2,3
411619,411622,411624,2,3
411619,411619,411624,5,0
411619,411622,411624,2,3
411619,411622,411624,2,3
411619,411622,411624,2,3
411619,411619,411625,6,0
411619,411619,411625,6,0
411619,411623,411625,2,4
411619,411623,411624,1,4
411619,411619,411625,6,0
411619,411619,411626,7,0
411619,411619,411625,6,0
411619,411619,411627,8,0
411619,411619,411627,8,0
411619,411619,411627,8,0
411619,411619,411629,10,0
411749,411749,411750,1,0
411749,411749,411750,1,0
411749,411749,411751,2,0
411749,411749,411751,2,0
411749,411749,411752,3,0
411749,411749,411752,3,0
411749,411749,411752,3,0
411749,411750,411752,2,1
411749,411750,411752,2,1
411749,411751,411752,1,2
411749,411750,411753,3,1
411749,411749,411753,4,0
411749,411749,411753,4,0
411749,411749,411753,4,0
411749,411751,411753,2,2
411749,411753,411754,1,4
411749,411753,411754,1,4
411749,411749,411754,5,0
411749,411753,411754,1,4
411749,411749,411754,5,0
411749,411753,411754,1,4
411749,411753,411754,1,4
411749,411749,411755,6,0
411749,411753,411754,1,4
411749,411749,411755,6,0
411749,411754,411755,1,5
411749,411749,411756,7,0
411749,411749,411756,7,0
411749,411749,411756,7,0
411749,411749,411757,8,0
411749,411749,411759,10,0
411874,411874,411875,1,0
411874,411874,411875,1,0
411874,411874,411875,1,0
411874,411874,411877,3,0
411874,411874,411877,3,0
411874,411875,411877,2,1
411874,411875,411877,2,1
411874,411874,411877,3,0
411874,411874,411877,3,0
411874,411875,411877,2,1
411874,411874,411878,4,0
411874,411874,411878,4,0
411874,411874,411878,4,0
411874,411877,411879,2,3
411874,411877,411879,2,3
411874,411874,411879,5,0
411874,411878,411879,1,4
411874,411874,411879,5,0
411874,411878,411879,1,4
411874,411879,411880,1,5
411874,411878,411879,1,4
411874,411874,411879,5,0
411874,411878,411879,1,4
411874,411878,411879,1,4
411874,411874,411880,6,0
411874,411874,411880,6,0
411874,411874,411881,7,0
411874,411874,411881,7,0
411874,411874,411882,8,0
411874,411874,411884,10,0
411874,411874,411884,10,0
412002,412002,412003,1,0
412002,412002,412003,1,0
412002,412002,412003,1,0
412002,412003,412005,2,1
412002,412002,412004,2,0
412002,412003,412004,1,1
412002,412002,412005,3,0
412002,412002,412005,3,0
412002,412002,412005,3,0
412002,412002,412005,3,0
412002,412002,412005,3,0
412002,412002,412006,4,0
412002,412004,412006,2,2
412002,412002,412006,4,0
412002,412002,412006,4,0
412002,412002,412007,5,0
412002,412002,412006,4,0
412002,412005,412007,2,3
412002,412005,412006,1,3
412002,412005,412006,1,3
412002,412005,412006,1,3
412002,412005,412006,1,3
412002,412005,412006,1,3
412002,412006,412007,1,4
412002,412002,412007,5,0
412002,412006,412007,1,4
412002,412002,412008,6,0
412002,412002,412008,6,0
412002,412002,412009,7,0
412002,412002,412008,6,0
412002,412002,412009,7,0
412127,412128,412129,1,1
412127,412128,412129,1,1
412127,412128,412130,2,1
412127,412128,412130,2,1
412127,412128,412130,2,1
412127,412128,412130,2,1
412127,412128,412130,2,1
412127,412129,412130,1,2
412127,412128,412131,3,1
412127,412128,412131,3,1
412127,412130,412131,1,3
412127,412130,412131,1,3
412127,412131,412132,1,4
412127,412128,412133,5,1
412127,412131,412132,1,4
412127,412128,412132,4,1
412127,412131,412132,1,4
412127,412131,412132,1,4
412127,412131,412132,1,4
412127,412131,412132,1,4
412127,412132,412133,1,5
412127,412128,412134,6,1
412127,412128,412133,5,1
412127,412132,412133,1,5
412127,412128,412134,6,1
412127,412128,412134,6,1
412127,412128,412135,7,1
412127,412128,412134,6,1
412127,412128,412135,7,1
412127,412128,412135,7,1
412253,412253,412254,1,0
412253,412253,412254,1,0
412253,412253,412254,1,0
412253,412253,412255,2,0
412253,412253,412255,2,0
412253,412253,412255,2,0
412253,412253,412255,2,0
412253,412254,412255,1,1
412253,412253,412256,3,0
412253,412255,412256,1,2
412253,412253,412257,4,0
412253,412253,412256,3,0
412253,412255,412256,1,2
412253,412253,412257,4,0
412253,412256,412257,1,3
412253,412256,412257,1,3
412253,412256,412257,1,3
412253,412256,412257,1,3
412253,412256,412257,1,3
412253,412257,412258,1,4
412253,412257,412258,1,4
412253,412257,412258,1,4
412253,412253,412259,6,0
412253,412253,412260,7,0
412253,412253,412259,6,0
412253,412253,412260,7,0
412253,412253,412260,7,0
412253,412253,412260,7,0
412253,412253,412260,7,0
412253,412253,412260,7,0
412253,412253,412261,8,0
412379,412379,412380,1,0
412379,412379,412380,1,0
412379,412379,412380,1,0
412379,412379,412381,2,0
412379,412379,412381,2,0
412379,412379,412381,2,0
412379,412379,412382,3,0
412379,412380,412381,1,1
412379,412379,412382,3,0
412379,412380,412381,1,1
412379,412379,412382,3,0
412379,412381,412382,1,2
412379,412379,412382,3,0
412379,412382,412383,1,3
412379,412382,412383,1,3
412379,412382,412383,1,3
412379,412382,412383,1,3
412379,412382,412383,1,3
412379,412382,412383,1,3
412379,412382,412384,2,3
412379,412383,412384,1,4
412379,412379,412384,5,0
412379,412379,412385,6,0
412379,412379,412385,6,0
412379,412379,412385,6,0
412379,412379,412386,7,0
412379,412379,412385,6,0
412379,412379,412386,7,0
412379,412379,412385,6,0
412379,412379,412386,7,0
412379,412379,412386,7,0
412504,412504,412505,1,0
412504,412504,412505,1,0
412504,412504,412506,2,0
412504,412504,412506,2,0
412504,412504,412506,2,0
412504,412504,412507,3,0
412504,412505,412507,2,1
412504,412504,412507,3,0
412504,412504,412507,3,0
412504,412505,412507,2,1
412504,412506,412508,2,2
412504,412504,412507,3,0
412504,412504,412508,4,0
412504,412506,412508,2,2
412504,412506,412508,2,2
412504,412507,412508,1,3
412504,412507,412509,2,3
412504,412504,412509,5,0
412504,412507,412509,2,3
412504,412507,412509,2,3
412504,412504,412509,5,0
412504,412507,412508,1,3
412504,412504,412510,6,0
412504,412508,412509,1,4
412504,412504,412511,7,0
412504,412504,412511,7,0
412504,412504,412511,7,0
412504,412504,412511,7,0
412504,412504,412511,7,0
412504,412504,412512,8,0
412504,412504,412513,9,0
412630,412630,412631,1,0
412630,412630,412631,1,0
412630,412630,412632,2,0
412630,412630,412632,2,0
412630,412630,412633,3,0
412630,412630,412633,3,0
412630,412631,412633,2,1
412630,412630,412633,3,0
412630,412630,412633,3,0
412630,412631,412633,2,1
412630,412630,412632,2,0
412630,412632,412634,2,2
412630,412633,412634,1,3
412630,412630,412634,4,0
412630,412633,412635,2,3
412630,412633,412635,2,3
412630,412634,412635,1,4
412630,412634,412635,1,4
412630,412630,412635,5,0
412630,412634,412635,1,4
412630,412634,412635,1,4
412630,412634,412635,1,4
412630,412630,412635,5,0
412630,412630,412635,5,0
412630,412630,412636,6,0
412630,412630,412636,6,0
412630,412630,412636,6,0
412630,412630,412637,7,0
412630,412630,412637,7,0
412630,412630,412637,7,0
412630,412630,412638,8,0
412757,412757,412758,1,0
412757,412757,412758,1,0
412757,412757,412758,1,0
412757,412757,412759,2,0
412757,412757,412759,2,0
412757,412757,412759,2,0
412757,412757,412759,2,0
412757,412757,412760,3,0
412757,412758,412759,1,1
412757,412759,412760,1,2
412757,412757,412760,3,0
412757,412758,412760,2,1
412757,412759,412760,1,2
412757,412759,412760,1,2
412757,412757,412761,4,0
412757,412757,412761,4,0
412757,412760,412761,1,3
412757,412757,412761,4,0
412757,412761,412762,1,4
412757,412757,412761,4,0
412757,412760,412761,1,3
412757,412760,412761,1,3
412757,412761,412762,1,4
412757,412757,412762,5,0
412757,412760,412761,1,3
412757,412757,412762,5,0
412757,412757,412762,5,0
412757,412757,412762,5,0
412757,412757,412763,6,0
412757,412757,412765,8,0
412757,412757,412766,9,0
412884,412884,412885,1,0
412884,412884,412885,1,0
412884,412884,412885,1,0
412884,412884,412886,2,0
412884,412884,412886,2,0
412884,412884,412886,2,0
412884,412884,412887,3,0
412884,412884,412887,3,0
412884,412884,412887,3,0
412884,412884,412887,3,0
412884,412886,412887,1,2
412884,412886,412887,1,2
412884,412884,412888,4,0
412884,412885,412887,2,1
412884,412886,412888,2,2
412884,412886,412887,1,2
412884,412886,412887,1,2
412884,412887,412888,1,3
412884,412888,412889,1,4
412884,412888,412889,1,4
412884,412884,412888,4,0
412884,412884,412889,5,0
412884,412887,412888,1,3
412884,412884,412889,5,0
412884,412887,412888,1,3
412884,412884,412889,5,0
412884,412884,412890,6,0
413014,413014,413015,1,0
413014,413014,413015,1,0
413014,413014,413015,1,0
413014,413014,413016,2,0
413014,413014,413016,2,0
413014,413014,413016,2,0
413014,413015,413016,1,1
413014,413015,413017,2,1
413014,413014,413017,3,0
413014,413014,413017,3,0
413014,413014,413017,3,0
413014,413014,413017,3,0
413014,413014,413017,3,0
413014,413014,413017,3,0
413014,413014,413017,3,0
413014,413014,413017,3,0
413014,413015,413017,2,1
413014,413017,413018,1,3
413014,413017,413018,1,3
413014,413014,413019,5,0
413014,413017,413018,1,3
413014,413017,413018,1,3
413014,413017,413018,1,3
413014,413018,413019,1,4
413014,413018,413019,1,4
413014,413018,413019,1,4
413014,413018,413019,1,4
413014,413018,413019,1,4
413014,413018,413019,1,4
413014,413018,413019,1,4
413014,413014,413020,6,0
413140,413140,413141,1,0
413140,413140,413141,1,0
413140,413140,413141,1,0
413140,413140,413142,2,0
413140,413140,413143,3,0
413140,413140,413142,2,0
413140,413140,413143,3,0
413140,413140,413143,3,0
413140,413141,413142,1,1
413140,413140,413144,4,0
413140,413140,413144,4,0
413140,413141,413144,3,1
413140,413140,413144,4,0
413140,413142,413144,2,2
413140,413140,413144,4,0
413140,413140,413144,4,0
413140,413140,413144,4,0
413140,413143,413145,2,3
413140,413143,413145,2,3
413140,413140,413145,5,0
413140,413140,413145,5,0
413140,413143,413144,1,3
413140,413143,413145,2,3
413140,413143,413145,2,3
413140,413144,413145,1,4
413140,413144,413145,1,4
413140,413143,413144,1,3
413140,413144,413145,1,4
413140,413144,413145,1,4
413140,413144,413146,2,4
413140,413144,413145,1,4
413267,413267,413268,1,0
413267,413267,413268,1,0
413267,413267,413268,1,0
413267,413267,413268,1,0
413267,413267,413268,1,0
413267,413267,413268,1,0
413267,413267,413269,2,0
413267,413267,413269,2,0
413267,413267,413270,3,0
413267,413267,413269,2,0
413267,413267,413270,3,0
413267,413268,413270,2,1
413267,413267,413271,4,0
413267,413267,413270,3,0
413267,413269,413271,2,2
413267,413269,413270,1,2
413267,413267,413271,4,0
413267,413269,413270,1,2
413267,413269,413271,2,2
413267,413269,413271,2,2
413267,413267,413270,3,0
413267,413269,413271,2,2
413267,413267,413271,4,0
413267,413270,413271,1,3
413267,413270,413272,2,3
413267,413270,413271,1,3
413267,413271,413272,1,4
413267,413270,413271,1,3
413267,413270,413271,1,3
413267,413271,413272,1,4
413267,413271,413272,1,4
413398,413398,413399,1,0
413398,413398,413399,1,0
413398,413398,413399,1,0
413398,413398,413399,1,0
413398,413398,413399,1,0
413398,413398,413400,2,0
413398,413398,413399,1,0
413398,413398,413400,2,0
413398,413398,413400,2,0
413398,413398,413401,3,0
413398,413398,413401,3,0
413398,413399,413401,2,1
413398,413399,413401,2,1
413398,413399,413400,1,1
413398,413398,413401,3,0
413398,413398,413401,3,0
413398,413399,413401,2,1
413398,413399,413402,3,1
413398,413398,413402,4,0
413398,413398,413401,3,0
413398,413400,413402,2,2
413398,413398,413402,4,0
413398,413400,413402,2,2
413398,413400,413402,2,2
413398,413400,413402,2,2
413398,413402,413403,1,4
413398,413401,413402,1,3
413398,413401,413402,1,3
413398,413401,413402,1,3
413398,413401,413402,1,3
413524,413524,413525,1,0
413524,413524,413525,1,0
413524,413524,413525,1,0
413524,413524,413525,1,0
413524,413524,413525,1,0
413524,413524,413526,2,0
413524,413524,413526,2,0
413524,413524,413526,2,0
413524,413524,413526,2,0
413524,413524,413527,3,0
413524,413524,413526,2,0
413524,413524,413526,2,0
413524,413524,413527,3,0
413524,413525,413528,3,1
413524,413524,413528,4,0
413524,413526,413527,1,2
413524,413526,413527,1,2
413524,413524,413527,3,0
413524,413525,413528,3,1
413524,413526,413528,2,2
413524,413524,413528,4,0
413524,413527,413528,1,3
413524,413526,413528,2,2
413524,413527,413529,2,3
413524,413527,413528,1,3
413524,413528,413529,1,4
413524,413527,413528,1,3
413524,413527,413528,1,3
413524,413526,413528,2,2
413524,413528,413529,1,4
413524,413528,413529,1,4
413648,413648,413649,1,0
413648,413648,413649,1,0
413648,413648,413650,2,0
413648,413648,413650,2,0
413648,413648,413650,2,0
413648,413648,413650,2,0
413648,413648,413649,1,0
413648,413648,413651,3,0
413648,413648,413650,2,0
413648,413648,413650,2,0
413648,413648,413651,3,0
413648,413648,413652,4,0
413648,413648,413652,4,0
413648,413648,413652,4,0
413648,413650,413652,2,2
413648,413650,413652,2,2
413648,413648,413652,4,0
413648,413649,413652,3,1
413648,413650,413652,2,2
413648,413651,413652,1,3
413648,413648,413653,5,0
413648,413650,413652,2,2
413648,413651,413652,1,3
413648,413651,413652,1,3
413648,413650,413653,3,2
413648,413651,413652,1,3
413648,413651,413653,2,3
413648,413653,413654,1,5
413648,413653,413654,1,5
413648,413653,413654,1,5
413648,413653,413654,1,5
413775,413775,413776,1,0
413775,413775,413776,1,0
413775,413775,413776,1,0
413775,413775,413777,2,0
413775,413775,413777,2,0
413775,413775,413777,2,0
413775,413775,413777,2,0
413775,413775,413777,2,0
413775,413775,413778,3,0
413775,413775,413778,3,0
413775,413775,413778,3,0
413775,413775,413779,4,0
413775,413775,413779,4,0
413775,413776,413779,3,1
413775,413775,413779,4,0
413775,413776,413778,2,1
413775,413775,413779,4,0
413775,413777,413779,2,2
413775,413775,413779,4,0
413775,413776,413779,3,1
413775,413777,413779,2,2
413775,413777,413779,2,2
413775,413778,413780,2,3
413775,413777,413779,2,2
413775,413778,413779,1,3
413775,413778,413780,2,3
413775,413778,413780,2,3
413775,413779,413780,1,4
413775,413779,413780,1,4
413775,413779,413780,1,4
413775,413779,413780,1,4
414024,414024,414025,1,0
414024,414024,414025,1,0
414024,414024,414025,1,0
414024,414024,414026,2,0
414024,414024,414026,2,0
414024,414025,414026,1,1
414024,414025,414026,1,1
414024,414024,414026,2,0
414024,414024,414026,2,0
414024,414024,414027,3,0
414024,414026,414027,1,2
414024,414024,414027,3,0
414024,414024,414027,3,0
414024,414026,414028,2,2
414024,414024,414028,4,0
414024,414027,414028,1,3
414024,414028,414029,1,4
414024,414024,414028,4,0
414024,414026,414028,2,2
414024,414027,414028,1,3
414024,414027,414028,1,3
414024,414024,414028,4,0
414024,414027,414028,1,3
414024,414027,414028,1,3
414024,414028,414029,1,4
414024,414024,414028,4,0
414024,414027,414028,1,3
414024,414028,414029,1,4
414024,414028,414029,1,4
414024,414029,414030,1,5
414024,414028,414029,1,4
414150,414150,414151,1,0
414150,414150,414151,1,0
414150,414150,414151,1,0
414150,414150,414151,1,0
414150,414150,414151,1,0
414150,414150,414151,1,0
414150,414150,414152,2,0
414150,414151,414153,2,1
414150,414150,414152,2,0
414150,414151,414152,1,1
414150,414151,414152,1,1
414150,414150,414153,3,0
414150,414151,414153,2,1
414150,414150,414152,2,0
414150,414150,414153,3,0
414150,414153,414154,1,3
414150,414153,414154,1,3
414150,414150,414153,3,0
414150,414152,414153,1,2
414150,414152,414154,2,2
414150,414153,414154,1,3
414150,414150,414153,3,0
414150,414150,414153,3,0
414150,414153,414154,1,3
414150,414153,414154,1,3
414150,414150,414154,4,0
414150,414153,414154,1,3
414150,414153,414154,1,3
414150,414154,414155,1,4
414150,414150,414154,4,0
414150,414153,414154,1,3
414279,414279,414280,1,0
414279,414279,414280,1,0
414279,414279,414280,1,0
414279,414279,414280,1,0
414279,414279,414280,1,0
414279,414279,414280,1,0
414279,414279,414282,3,0
414279,414280,414281,1,1
414279,414279,414281,2,0
414279,414280,414281,1,1
414279,414279,414282,3,0
414279,414279,414282,3,0
414279,414279,414282,3,0
414279,414279,414282,3,0
414279,414279,414282,3,0
414279,414282,414283,1,3
414279,414279,414282,3,0
414279,414281,414282,1,2
414279,414281,414282,1,2
414279,414282,414283,1,3
414279,414279,414282,3,0
414279,414281,414282,1,2
414279,414281,414282,1,2
414279,414282,414283,1,3
414279,414281,414282,1,2
414279,414282,414283,1,3
414279,414282,414283,1,3
414279,414282,414283,1,3
414279,414283,414284,1,4
414279,414282,414283,1,3
414405,414405,414406,1,0
414405,414405,414406,1,0
414405,414405,414406,1,0
414405,414405,414406,1,0
414405,414405,414406,1,0
414405,414405,414406,1,0
414405,414405,414406,1,0
414405,414405,414407,2,0
414405,414405,414408,3,0
414405,414405,414408,3,0
414405,414405,414408,3,0
414405,414405,414408,3,0
414405,414405,414408,3,0
414405,414406,414407,1,1
414405,414405,414408,3,0
414405,414407,414408,1,2
414405,414407,414408,1,2
414405,414405,414409,4,0
414405,414407,414408,1,2
414405,414407,414408,1,2
414405,414407,414408,1,2
414405,414405,414408,3,0
414405,414407,414408,1,2
414405,414408,414409,1,3
414405,414408,414409,1,3
414405,414407,414408,1,2
414405,414408,414409,1,3
414405,414408,414409,1,3
414405,414408,414409,1,3
414405,414408,414409,1,3
414405,414409,414410,1,4
414531,414531,414532,1,0
414531,414531,414532,1,0
414531,414531,414532,1,0
414531,414531,414532,1,0
414531,414531,414533,2,0
414531,414531,414533,2,0
414531,414531,414533,2,0
414531,414531,414533,2,0
414531,414531,414533,2,0
414531,414532,414533,1,1
414531,414531,414533,2,0
414531,414532,414533,1,1
414531,414532,414533,1,1
414531,414531,414533,2,0
414531,414531,414534,3,0
414531,414531,414534,3,0
414531,414532,414534,2,1
414531,414531,414534,3,0
414531,414531,414535,4,0
414531,414531,414535,4,0
414531,414533,414535,2,2
414531,414534,414535,1,3
414531,414534,414535,1,3
414531,414534,414535,1,3
414531,414534,414535,1,3
414531,414533,414535,2,2
414531,414534,414535,1,3
414655,414655,414656,1,0
414655,414655,414656,1,0
414655,414655,414656,1,0
414655,414655,414656,1,0
414655,414655,414656,1,0
414655,414655,414657,2,0
414655,414655,414656,1,0
414655,414656,414657,1,1
414655,414655,414656,1,0
414655,414655,414657,2,0
414655,414655,414657,2,0
414655,414655,414657,2,0
414655,414655,414657,2,0
414655,414655,414657,2,0
414655,414655,414657,2,0
414655,414656,414657,1,1
414655,414655,414658,3,0
414655,414657,414658,1,2
414655,414657,414658,1,2
414655,414657,414658,1,2
414655,414657,414658,1,2
414655,414657,414658,1,2
414655,414657,414658,1,2
414655,414657,414658,1,2
414655,414657,414658,1,2
414655,414655,414659,4,0
414655,414657,414658,1,2
414655,414657,414659,2,2
414655,414657,414658,1,2
414655,414657,414658,1,2
414655,414657,414659,2,2
414663,414663,414664,1,0
414663,414663,414664,1,0
414663,414663,414665,2,0
414663,414663,414665,2,0
414663,414663,414665,2,0
414663,414663,414665,2,0
414663,414663,414665,2,0
414663,414663,414665,2,0
414663,414663,414665,2,0
414663,414663,414665,2,0
414663,414663,414665,2,0
414663,414663,414665,2,0
414663,414664,414665,1,1
414663,414663,414665,2,0
414663,414663,414665,2,0
414663,414664,414666,2,1
414663,414663,414666,3,0
414663,414663,414666,3,0
414663,414666,414667,1,3
414663,414666,414667,1,3
414663,414666,414667,1,3
414663,414666,414667,1,3
414663,414666,414667,1,3
414663,414666,414667,1,3
414663,414666,414667,1,3
414663,414666,414667,1,3
414663,414666,414667,1,3
414663,414666,414667,1,3
414790,414790,414791,1,0
414790,414790,414791,1,0
414790,414790,414791,1,0
414790,414790,414791,1,0
414790,414790,414791,1,0
414790,414790,414792,2,0
414790,414790,414791,1,0
414790,414790,414792,2,0
414790,414790,414792,2,0
414790,414790,414792,2,0
414790,414791,414792,1,1
414790,414791,414792,1,1
414790,414790,414791,1,0
414790,414790,414792,2,0
414790,414790,414792,2,0
414790,414791,414792,1,1
414790,414790,414792,2,0
414790,414790,414791,1,0
414790,414790,414792,2,0
414790,414791,414793,2,1
414790,414792,414793,1,2
414790,414791,414792,1,1
414790,414792,414793,1,2
414790,414792,414793,1,2
414790,414792,414793,1,2
414790,414792,414793,1,2
414790,414792,414793,1,2
414790,414792,414793,1,2
414790,414792,414793,1,2
414790,414792,414793,1,2
414790,414792,414793,1,2
414917,414917,414918,1,0
414917,414917,414918,1,0
414917,414917,414918,1,0
414917,414917,414918,1,0
414917,414917,414918,1,0
414917,414917,414918,1,0
414917,414917,414918,1,0
414917,414917,414919,2,0
414917,414918,414919,1,1
414917,414917,414918,1,0
414917,414917,414918,1,0
414917,414918,414919,1,1
414917,414917,414919,2,0
414917,414918,414919,1,1
414917,414917,414919,2,0
414917,414917,414919,2,0
414917,414918,414919,1,1
414917,414919,414920,1,2
414917,414917,414920,3,0
414917,414919,414920,1,2
414917,414917,414920,3,0
414917,414919,414920,1,2
414917,414917,414920,3,0
414917,414918,414920,2,1
414917,414919,414920,1,2
414917,414920,414921,1,3
414917,414919,414920,1,2
414917,414919,414920,1,2
414917,414919,414920,1,2
414917,414919,414920,1,2
414917,414919,414920,1,2
415043,415043,415044,1,0
415043,415043,415044,1,0
415043,415043,415044,1,0
415043,415043,415044,1,0
415043,415043,415044,1,0
415043,415043,415045,2,0
415043,415043,415045,2,0
415043,415043,415045,2,0
415043,415043,415044,1,0
415043,415043,415045,2,0
415043,415044,415045,1,1
415043,415044,415046,2,1
415043,415043,415046,3,0
415043,415043,415045,2,0
415043,415044,415045,1,1
415043,415044,415046,2,1
415043,415045,415046,1,2
415043,415045,415046,1,2
415043,415045,415046,1,2
415043,415043,415046,3,0
415043,415046,415047,1,3
415043,415043,415047,4,0
415043,415046,415047,1,3
415043,415046,415047,1,3
415043,415046,415047,1,3
415043,415045,415046,1,2
415043,415045,415046,1,2
415043,415045,415046,1,2
415043,415043,415047,4,0
415043,415046,415047,1,3
415043,415043,415048,5,0
415170,415170,415171,1,0
415170,415170,415171,1,0
415170,415170,415171,1,0
415170,415170,415171,1,0
415170,415170,415171,1,0
415170,415170,415171,1,0
415170,415170,415171,1,0
415170,415170,415171,1,0
415170,415170,415172,2,0
415170,415170,415171,1,0
415170,415170,415171,1,0
415170,415170,415173,3,0
415170,415170,415173,3,0
415170,415172,415173,1,2
415170,415170,415172,2,0
415170,415172,415173,1,2
415170,415172,415173,1,2
415170,415172,415173,1,2
415170,415170,415173,3,0
415170,415171,415172,1,1
415170,415171,415172,1,1
415170,415170,415173,3,0
415170,415172,415173,1,2
415170,415172,415173,1,2
415170,415172,415173,1,2
415170,415172,415173,1,2
415170,415173,415174,1,3
415170,415172,415173,1,2
415170,415173,415174,1,3
415170,415173,415174,1,3
415170,415173,415174,1,3
415295,415295,415296,1,0
415295,415295,415296,1,0
415295,415295,415296,1,0
415295,415295,415296,1,0
415295,415295,415296,1,0
415295,415295,415296,1,0
415295,415295,415297,2,0
415295,415295,415296,1,0
415295,415295,415296,1,0
415295,415295,415297,2,0
415295,415295,415296,1,0
415295,415295,415296,1,0
415295,415296,415297,1,1
415295,415295,415298,3,0
415295,415296,415297,1,1
415295,415297,415298,1,2
415295,415296,415297,1,1
415295,415296,415297,1,1
415295,415297,415298,1,2
415295,415297,415298,1,2
415295,415295,415298,3,0
415295,415295,415298,3,0
415295,415297,415298,1,2
415295,415298,415299,1,3
415295,415295,415298,3,0
415295,415298,415299,1,3
415295,415298,415299,1,3
415295,415297,415298,1,2
415295,415297,415298,1,2
415295,415297,415298,1,2
415295,415297,415298,1,2
415422,415422,415423,1,0
415422,415422,415423,1,0
415422,415422,415423,1,0
415422,415422,415423,1,0
415422,415422,415423,1,0
415422,415422,415423,1,0
415422,415422,415423,1,0
415422,415422,415424,2,0
415422,415422,415424,2,0
415422,415422,415424,2,0
415422,415422,415423,1,0
415422,415423,415424,1,1
415422,415422,415425,3,0
415422,415423,415424,1,1
415422,415422,415425,3,0
415422,415423,415425,2,1
415422,415424,415425,1,2
415422,415424,415425,1,2
415422,415422,415424,2,0
415422,415423,415425,2,1
415422,415422,415424,2,0
415422,415424,415425,1,2
415422,415424,415425,1,2
415422,415424,415425,1,2
415422,415422,415425,3,0
415422,415424,415425,1,2
415422,415425,415426,1,3
415422,415425,415426,1,3
415422,415425,415426,1,3
415422,415424,415425,1,2
415422,415424,415426,2,2
415547,415548,415549,1,1
415547,415548,415549,1,1
415547,415548,415549,1,1
415547,415548,415549,1,1
415547,415548,415549,1,1
415547,415548,415549,1,1
415547,415548,415549,1,1
415547,415548,415549,1,1
415547,415548,415549,1,1
415547,415548,415550,2,1
415547,415548,415549,1,1
415547,415548,415549,1,1
415547,415548,415550,2,1
415547,415550,415551,1,3
415547,415550,415551,1,3
415547,415548,415550,2,1
415547,415549,415550,1,2
415547,415550,415551,1,3
415547,415550,415551,1,3
415547,415550,415551,1,3
415547,415550,415551,1,3
415547,415549,415550,1,2
415547,415550,415551,1,3
415547,415550,415551,1,3
415547,415550,415551,1,3
415547,415550,415551,1,3
415547,415551,415552,1,4
415547,415550,415551,1,3
415547,415550,415551,1,3
415672,415672,415673,1,0
415672,415672,415673,1,0
415672,415672,415673,1,0
415672,415672,415676,4,0
415672,415672,415675,3,0
415672,415673,415676,3,1
415672,415673,415676,3,1
415672,415672,415676,4,0
415672,415674,415676,2,2
415672,415676,415678,2,4
415672,415676,415678,2,4
415672,415672,415678,6,0
415672,415677,415678,1,5
415672,415677,415679,2,5
415672,415677,415679,2,5
415672,415676,415679,3,4
415672,415672,415680,8,0
415672,415678,415680,2,6
415672,415672,415680,8,0
415672,415679,415680,1,7
415672,415678,415680,2,6
415672,415679,415680,1,7
415672,415679,415680,1,7
415672,415679,415680,1,7
415672,415672,415680,8,0
415672,415672,415681,9,0
415672,415672,415681,9,0
415672,415672,415682,10,0
415672,415672,415681,9,0
415672,415672,415682,10,0
415672,415672,415682,10,0
415801,415801,415802,1,0
415801,415801,415802,1,0
415801,415801,415802,1,0
415801,415801,415805,4,0
415801,415801,415804,3,0
415801,415802,415805,3,1
415801,415802,415805,3,1
415801,415803,415805,2,2
415801,415801,415806,5,0
415801,415805,415807,2,4
415801,415805,415807,2,4
415801,415801,415807,6,0
415801,415805,415807,2,4
415801,415806,415808,2,5
415801,415805,415807,2,4
415801,415806,415807,1,5
415801,415801,415808,7,0
415801,415801,415809,8,0
415801,415801,415808,7,0
415801,415807,415808,1,6
415801,415808,415809,1,7
415801,415807,415808,1,6
415801,415807,415808,1,6
415801,415807,415808,1,6
415801,415801,415809,8,0
415801,415808,415809,1,7
415801,415801,415809,8,0
415801,415801,415809,8,0
415801,415801,415811,10,0
415801,415801,415810,9,0
415801,415801,415811,10,0
415926,415927,415928,1,1
415926,415927,415928,1,1
415926,415927,415928,1,1
415926,415927,415930,3,1
415926,415929,415931,2,3
415926,415927,415931,4,1
415926,415928,415931,3,2
415926,415928,415932,4,2
415926,415927,415933,6,1
415926,415932,415934,2,6
415926,415931,415933,2,5
415926,415932,415933,1,6
415926,415932,415934,2,6
415926,415927,415935,8,1
415926,415933,415934,1,7
415926,415927,415935,8,1
415926,415927,415934,7,1
415926,415927,415935,8,1
415926,415934,415935,1,8
415926,415934,415935,1,8
415926,415935,415936,1,9
415926,415927,415936,9,1
415926,415934,415935,1,8
415926,415927,415935,8,1
415926,415934,415935,1,8
415926,415934,415935,1,8
415926,415927,415935,8,1
415926,415927,415937,10,1
415926,415935,415936,1,9
415926,415927,415936,9,1
415926,415927,415936,9,1
416053,416054,416055,1,1
416053,416054,416055,1,1
416053,416054,416055,1,1
416053,416054,416057,3,1
416053,416054,416058,4,1
416053,416056,416058,2,3
416053,416056,416060,4,3
416053,416054,416059,5,1
416053,416054,416060,6,1
416053,416056,416060,4,3
416053,416058,416060,2,5
416053,416059,416061,2,6
416053,416054,416061,7,1
416053,416059,416061,2,6
416053,416054,416061,7,1
416053,416060,416061,1,7
416053,416054,416061,7,1
416053,416060,416061,1,7
416053,416061,416062,1,8
416053,416054,416062,8,1
416053,416061,416062,1,8
416053,416061,416062,1,8
416053,416054,416062,8,1
416053,416061,416062,1,8
416053,416054,416062,8,1
416053,416054,416062,8,1
416053,416062,416063,1,9
416053,416054,416063,9,1
416053,416062,416063,1,9
416053,416062,416063,1,9
416053,416054,416063,9,1
416179,416179,416180,1,0
416179,416179,416180,1,0
416179,416179,416180,1,0
416179,416179,416183,4,0
416179,416181,416184,3,2
416179,416179,416185,6,0
416179,416181,416185,4,2
416179,416179,416185,6,0
416179,416181,416185,4,2
416179,416179,416186,7,0
416179,416179,416186,7,0
416179,416185,416187,2,6
416179,416179,416187,8,0
416179,416185,416187,2,6
416179,416179,416187,8,0
416179,416179,416187,8,0
416179,416183,416186,3,4
416179,416179,416187,8,0
416179,416184,416186,2,5
416179,416185,416187,2,6
416179,416186,416188,2,7
416179,416186,416187,1,7
416179,416187,416188,1,8
416179,416187,416188,1,8
416179,416179,416189,10,0
416179,416187,416188,1,8
416179,416187,416188,1,8
416179,416179,416188,9,0
416179,416179,416189,10,0
416179,416187,416188,1,8
416179,416179,416189,10,0
416305,416305,416306,1,0
416305,416305,416306,1,0
416305,416305,416306,1,0
416305,416305,416307,2,0
416305,416307,416309,2,2
416305,416305,416311,6,0
416305,416307,416310,3,2
416305,416305,416311,6,0
416305,416305,416312,7,0
416305,416308,416311,3,3
416305,416305,416312,7,0
416305,416305,416313,8,0
416305,416305,416312,7,0
416305,416311,416312,1,6
416305,416311,416313,2,6
416305,416305,416312,7,0
416305,416310,416312,2,5
416305,416307,416313,6,2
416305,416312,416313,1,7
416305,416312,416313,1,7
416305,416305,416313,8,0
416305,416305,416314,9,0
416305,416312,416313,1,7
416305,416312,416313,1,7
416305,416313,416314,1,8
416305,416305,416314,9,0
416305,416313,416314,1,8
416305,416313,416314,1,8
416305,416313,416314,1,8
416305,416305,416314,9,0
416305,416305,416315,10,0
416431,416431,416432,1,0
416431,416431,416432,1,0
416431,416431,416432,1,0
416431,416431,416434,3,0
416431,416433,416436,3,2
416431,416433,416436,3,2
416431,416431,416437,6,0
416431,416433,416437,4,2
416431,416435,416437,2,4
416431,416431,416438,7,0
416431,416431,416439,8,0
416431,416437,416439,2,6
416431,416431,416439,8,0
416431,416431,416438,7,0
416431,416437,416439,2,6
416431,416437,416439,2,6
416431,416437,416439,2,6
416431,416438,416439,1,7
416431,416438,416439,1,7
416431,416439,416440,1,8
416431,416431,416439,8,0
416431,416431,416441,10,0
416431,416431,416440,9,0
416431,416439,416440,1,8
416431,416439,416440,1,8
416431,416431,416440,9,0
416431,416439,416441,2,8
416431,416439,416440,1,8
416431,416431,416441,10,0
416431,416431,416440,9,0
416431,416431,416441,10,0
416679,416679,416680,1,0
416679,416679,416680,1,0
416679,416679,416680,1,0
416679,416679,416684,5,0
416679,416679,416684,5,0
416679,416681,416684,3,2
416679,416681,416685,4,2
416679,416681,416685,4,2
416679,416684,416686,2,5
416679,416679,416686,7,0
416679,416679,416686,7,0
416679,416684,416686,2,5
416679,416679,416686,7,0
416679,416685,416687,2,6
416679,416684,416687,3,5
416679,416679,416687,8,0
416679,416685,416687,2,6
416679,416679,416687,8,0
416679,416679,416688,9,0
416679,416686,416688,2,7
416679,416686,416688,2,7
416679,416686,416688,2,7
416679,416679,416688,9,0
416679,416686,416688,2,7
416679,416687,416688,1,8
416679,416679,416689,10,0
416679,416687,416689,2,8
416679,416687,416689,2,8
416679,416679,416689,10,0
416679,416679,416689,10,0
416679,416679,416689,10,0
416806,416807,416808,1,1
416806,416807,416808,1,1
416806,416807,416808,1,1
416806,416808,416811,3,2
416806,416809,416811,2,3
416806,416807,416812,5,1
416806,416807,416812,5,1
416806,416809,416812,3,3
416806,416807,416813,6,1
416806,416807,416814,7,1
416806,416813,416814,1,7
416806,416807,416814,7,1
416806,416812,416814,2,6
416806,416807,416814,7,1
416806,416807,416814,7,1
416806,416813,416814,1,7
416806,416813,416814,1,7
416806,416807,416814,7,1
416806,416812,416814,2,6
416806,416807,416815,8,1
416806,416807,416815,8,1
416806,416807,416816,9,1
416806,416814,416815,1,8
416806,416814,416815,1,8
416806,416807,416816,9,1
416806,416815,416816,1,9
416806,416815,416816,1,9
416806,416815,416816,1,9
416806,416815,416816,1,9
416806,416815,416816,1,9
416806,416807,416816,9,1
416932,416932,416933,1,0
416932,416932,416933,1,0
416932,416932,416933,1,0
416932,416932,416936,4,0
416932,416934,416937,3,2
416932,416934,416937,3,2
416932,416932,416937,5,0
416932,416932,416939,7,0
416932,416934,416938,4,2
416932,416932,416939,7,0
416932,416932,416939,7,0
416932,416932,416940,8,0
416932,416937,416939,2,5
416932,416938,416939,1,6
416932,416932,416939,7,0
416932,416938,416940,2,6
416932,416937,416939,2,5
416932,416932,416940,8,0
416932,416939,416940,1,7
416932,416939,416940,1,7
416932,416939,416940,1,7
416932,416940,416941,1,8
416932,416932,416940,8,0
416932,416939,416940,1,7
416932,416932,416941,9,0
416932,416940,416941,1,8
416932,416940,416941,1,8
416932,416932,416942,10,0
416932,416940,416941,1,8
416932,416932,416941,9,0
416932,416932,416942,10,0
417057,417057,417058,1,0
417057,417057,417058,1,0
417057,417057,417058,1,0
417057,417057,417061,4,0
417057,417059,417062,3,2
417057,417058,417062,4,1
417057,417058,417061,3,1
417057,417057,417062,5,0
417057,417057,417064,7,0
417057,417057,417064,7,0
417057,417062,417064,2,5
417057,417062,417064,2,5
417057,417061,417064,3,4
417057,417062,417064,2,5
417057,417057,417065,8,0
417057,417062,417064,2,5
417057,417057,417065,8,0
417057,417057,417065,8,0
417057,417057,417065,8,0
417057,417057,417065,8,0
417057,417064,417066,2,7
417057,417064,417066,2,7
417057,417064,417066,2,7
417057,417064,417066,2,7
417057,417057,417066,9,0
417057,417065,417066,1,8
417057,417065,417066,1,8
417057,417057,417067,10,0
417057,417065,417066,1,8
417057,417057,417067,10,0
417057,417057,417067,10,0
417187,417187,417188,1,0
417187,417187,417188,1,0
417187,417187,417188,1,0
417187,417189,417192,3,2
417187,417187,417192,5,0
417187,417188,417192,4,1
417187,417187,417193,6,0
417187,417189,417193,4,2
417187,417187,417194,7,0
417187,417187,417194,7,0
417187,417192,417194,2,5
417187,417187,417195,8,0
417187,417187,417194,7,0
417187,417187,417194,7,0
417187,417192,417195,3,5
417187,417192,417194,2,5
417187,417193,417195,2,6
417187,417193,417195,2,6
417187,417187,417195,8,0
417187,417187,417196,9,0
417187,417194,417196,2,7
417187,417194,417196,2,7
417187,417194,417195,1,7
417187,417187,417197,10,0
417187,417195,417196,1,8
417187,417195,417196,1,8
417187,417187,417197,10,0
417187,417195,417196,1,8
417187,417195,417196,1,8
417187,417187,417197,10,0
417187,417187,417197,10,0
417313,417313,417314,1,0
417313,417313,417315,2,0
417313,417313,417315,2,0
417313,417313,417318,5,0
417313,417316,417318,2,3
417313,417315,417318,3,2
417313,417313,417319,6,0
417313,417316,417319,3,3
417313,417314,417320,6,1
417313,417314,417320,6,1
417313,417313,417320,7,0
417313,417319,417321,2,6
417313,417319,417321,2,6
417313,417320,417321,1,7
417313,417320,417321,1,7
417313,417313,417321,8,0
417313,417319,417321,2,6
417313,417320,417321,1,7
417313,417320,417321,1,7
417313,417313,417322,9,0
417313,417321,417322,1,8
417313,417321,417322,1,8
417313,417322,417323,1,9
417313,417313,417322,9,0
417313,417321,417322,1,8
417313,417313,417323,10,0
417313,417313,417323,10,0
417313,417322,417323,1,9
417313,417313,417323,10,0
417313,417313,417323,10,0
417313,417314,417323,9,1
417565,417565,417566,1,0
417565,417565,417566,1,0
417565,417565,417566,1,0
417565,417565,417567,2,0
417565,417565,417569,4,0
417565,417567,417570,3,2
417565,417567,417570,3,2
417565,417565,417570,5,0
417565,417568,417570,2,3
417565,417567,417570,3,2
417565,417570,417572,2,5
417565,417565,417572,7,0
417565,417571,417572,1,6
417565,417565,417573,8,0
417565,417565,417572,7,0
417565,417571,417572,1,6
417565,417571,417572,1,6
417565,417565,417572,7,0
417565,417570,417572,2,5
417565,417571,417572,1,6
417565,417565,417573,8,0
417565,417573,417574,1,8
417565,417565,417574,9,0
417565,417565,417574,9,0
417565,417572,417573,1,7
417565,417565,417574,9,0
417565,417565,417574,9,0
417565,417573,417574,1,8
417565,417573,417574,1,8
417565,417565,417574,9,0
417565,417573,417574,1,8
417690,417690,417691,1,0
417690,417690,417691,1,0
417690,417690,417691,1,0
417690,417692,417695,3,2
417690,417691,417695,4,1
417690,417690,417696,6,0
417690,417692,417695,3,2
417690,417690,417697,7,0
417690,417690,417697,7,0
417690,417690,417697,7,0
417690,417690,417697,7,0
417690,417696,417698,2,6
417690,417690,417698,8,0
417690,417696,417698,2,6
417690,417690,417698,8,0
417690,417695,417698,3,5
417690,417690,417698,8,0
417690,417695,417698,3,5
417690,417690,417699,9,0
417690,417697,417699,2,7
417690,417690,417699,9,0
417690,417697,417699,2,7
417690,417698,417699,1,8
417690,417690,417699,9,0
417690,417690,417699,9,0
417690,417697,417699,2,7
417690,417698,417700,2,8
417690,417698,417700,2,8
417690,417698,417700,2,8
417690,417690,417700,10,0
417690,417698,417699,1,8
417816,417816,417817,1,0
417816,417816,417817,1,0
417816,417816,417818,2,0
417816,417818,417821,3,2
417816,417816,417822,6,0
417816,417816,417822,6,0
417816,417816,417822,6,0
417816,417818,417821,3,2
417816,417818,417822,4,2
417816,417816,417823,7,0
417816,417816,417822,6,0
417816,417816,417824,8,0
417816,417816,417823,7,0
417816,417821,417823,2,5
417816,417816,417824,8,0
417816,417822,417824,2,6
417816,417822,417824,2,6
417816,417816,417824,8,0
417816,417822,417824,2,6
417816,417816,417825,9,0
417816,417822,417825,3,6
417816,417823,417825,2,7
417816,417823,417824,1,7
417816,417816,417824,8,0
417816,417823,417824,1,7
417816,417816,417825,9,0
417816,417824,417825,1,8
417816,417824,417825,1,8
417816,417816,417826,10,0
417816,417824,417825,1,8
417816,417824,417825,1,8
417944,417944,417945,1,0
417944,417944,417945,1,0
417944,417944,417946,2,0
417944,417944,417948,4,0
417944,417944,417949,5,0
417944,417946,417949,3,2
417944,417946,417948,2,2
417944,417944,417949,5,0
417944,417944,417950,6,0
417944,417944,417951,7,0
417944,417949,417951,2,5
417944,417944,417951,7,0
417944,417944,417951,7,0
417944,417949,417951,2,5
417944,417949,417951,2,5
417944,417949,417951,2,5
417944,417949,417951,2,5
417944,417944,417951,7,0
417944,417944,417952,8,0
417944,417950,417952,2,6
417944,417944,417952,8,0
417944,417951,417953,2,7
417944,417951,417953,2,7
417944,417951,417952,1,7
417944,417951,417952,1,7
417944,417951,417953,2,7
417944,417944,417953,9,0
417944,417945,417953,8,1
417944,417951,417953,2,7
417944,417944,417953,9,0
417944,417944,417954,10,0
418069,418069,418070,1,0
418069,418069,418070,1,0
418069,418069,418071,2,0
418069,418071,418074,3,2
418069,418070,418074,4,1
418069,418069,418074,5,0
418069,418069,418074,5,0
418069,418069,418075,6,0
418069,418069,418075,6,0
418069,418070,418076,6,1
418069,418069,418076,7,0
418069,418074,418076,2,5
418069,418069,418076,7,0
418069,418069,418076,7,0
418069,418069,418076,7,0
418069,418074,418076,2,5
418069,418069,418077,8,0
418069,418075,418077,2,6
418069,418074,418077,3,5
418069,418075,418077,2,6
418069,418069,418077,8,0
418069,418069,418077,8,0
418069,418075,418077,2,6
418069,418076,418078,2,7
418069,418076,418078,2,7
418069,418076,418078,2,7
418069,418077,418078,1,8
418069,418077,418078,1,8
418069,418076,418078,2,7
418069,418069,418079,10,0
418069,418069,418079,10,0
418197,418197,418198,1,0
418197,418197,418198,1,0
418197,418197,418198,1,0
418197,418197,418202,5,0
418197,418199,418202,3,2
418197,418198,418202,4,1
418197,418197,418202,5,0
418197,418197,418202,5,0
418197,418197,418203,6,0
418197,418199,418204,5,2
418197,418197,418203,6,0
418197,418202,418204,2,5
418197,418197,418204,7,0
418197,418197,418204,7,0
418197,418202,418204,2,5
418197,418197,418204,7,0
418197,418203,418205,2,6
418197,418197,418204,7,0
418197,418202,418204,2,5
418197,418203,418205,2,6
418197,418203,418205,2,6
418197,418204,418205,1,7
418197,418197,418205,8,0
418197,418204,418205,1,7
418197,418204,418205,1,7
418197,418204,418205,1,7
418197,418197,418206,9,0
418197,418204,418205,1,7
418197,418204,418206,2,7
418197,418197,418207,10,0
418197,418197,418206,9,0
418324,418324,418325,1,0
418324,418324,418325,1,0
418324,418324,418325,1,0
418324,418324,418329,5,0
418324,418324,418328,4,0
418324,418324,418329,5,0
418324,418326,418330,4,2
418324,418324,418331,7,0
418324,418326,418330,4,2
418324,418324,418330,6,0
418324,418326,418330,4,2
418324,418324,418331,7,0
418324,418324,418331,7,0
418324,418324,418331,7,0
418324,418330,418332,2,6
418324,418330,418332,2,6
418324,418324,418332,8,0
418324,418329,418331,2,5
418324,418329,418331,2,5
418324,418331,418333,2,7
418324,418331,418332,1,7
418324,418324,418332,8,0
418324,418331,418332,1,7
418324,418331,418332,1,7
418324,418324,418332,8,0
418324,418324,418333,9,0
418324,418331,418332,1,7
418324,418324,418333,9,0
418324,418332,418333,1,8
418324,418332,418333,1,8
418324,418332,418333,1,8
418449,418449,418451,2,0
418449,418449,418450,1,0
418449,418449,418451,2,0
418449,418449,418455,6,0
418449,418449,418454,5,0
418449,418449,418455,6,0
418449,418451,418455,4,2
418449,418449,418455,6,0
418449,418452,418455,3,3
418449,418449,418456,7,0
418449,418451,418456,5,2
418449,418449,418457,8,0
418449,418449,418457,8,0
418449,418455,418457,2,6
418449,418456,418457,1,7
418449,418456,418457,1,7
418449,418449,418457,8,0
418449,418456,418457,1,7
418449,418456,418457,1,7
418449,418456,418458,2,7
418449,418456,418458,2,7
418449,418449,418458,9,0
418449,418455,418458,3,6
418449,418449,418458,9,0
418449,418449,418458,9,0
418449,418449,418459,10,0
418449,418458,418459,1,9
418449,418449,418459,10,0
418449,418458,418459,1,9
418449,418458,418459,1,9
418449,418458,418459,1,9
418575,418575,418576,1,0
418575,418575,418576,1,0
418575,418575,418576,1,0
418575,418575,418580,5,0
418575,418575,418580,5,0
418575,418575,418580,5,0
418575,418577,418580,3,2
418575,418575,418581,6,0
418575,418577,418581,4,2
418575,418575,418582,7,0
418575,418577,418581,4,2
418575,418575,418582,7,0
418575,418575,418583,8,0
418575,418581,418583,2,6
418575,418575,418584,9,0
418575,418582,418584,2,7
418575,418582,418584,2,7
418575,418575,418584,9,0
418575,418581,418583,2,6
418575,418582,418584,2,7
418575,418582,418584,2,7
418575,418575,418584,9,0
418575,418575,418584,9,0
418575,418581,418583,2,6
418575,418581,418585,4,6
418575,418583,418584,1,8
418575,418575,418584,9,0
418575,418575,418584,9,0
418575,418583,418584,1,8
418575,418583,418585,2,8
418575,418584,418585,1,9
418701,418701,418703,2,0
418701,418701,418703,2,0
418701,418701,418703,2,0
418701,418701,418706,5,0
418701,418701,418707,6,0
418701,418702,418707,5,1
418701,418701,418707,6,0
418701,418704,418707,3,3
418701,418701,418708,7,0
418701,418704,418708,4,3
418701,418704,418708,4,3
418701,418701,418709,8,0
418701,418701,418709,8,0
418701,418708,418709,1,7
418701,418708,418709,1,7
418701,418708,418709,1,7
418701,418708,418709,1,7
418701,418701,418710,9,0
418701,418709,418710,1,8
418701,418709,418710,1,8
418701,418701,418710,9,0
418701,418708,418710,2,7
418701,418709,418710,1,8
418701,418701,418710,9,0
418701,418701,418710,9,0
418701,418710,418711,1,9
418701,418701,418711,10,0
418701,418710,418711,1,9
418701,418710,418711,1,9
418701,418710,418711,1,9
418701,418701,418712,11,0
418830,418830,418831,1,0
418830,418830,418831,1,0
418830,418830,418832,2,0
418830,418830,418835,5,0
418830,418830,418836,6,0
418830,418830,418835,5,0
418830,418832,418835,3,2
418830,418830,418837,7,0
418830,418832,418836,4,2
418830,418830,418836,6,0
418830,418832,418836,4,2
418830,418830,418837,7,0
418830,418830,418838,8,0
418830,418830,418838,8,0
418830,418836,418838,2,6
418830,418830,418838,8,0
418830,418830,418837,7,0
418830,418830,418838,8,0
418830,418836,418838,2,6
418830,418836,418838,2,6
418830,418830,418839,9,0
418830,418837,418839,2,7
418830,418837,418838,1,7
418830,418837,418839,2,7
418830,418837,418838,1,7
418830,418835,418839,4,5
418830,418830,418839,9,0
418830,418838,418839,1,8
418830,418838,418839,1,8
418830,418838,418840,2,8
418830,418838,418839,1,8
418961,418961,418962,1,0
418961,418961,418962,1,0
418961,418961,418962,1,0
418961,418961,418966,5,0
418961,418961,418967,6,0
418961,418963,418967,4,2
418961,418961,418966,5,0
418961,418961,418967,6,0
418961,418962,418967,5,1
418961,418963,418967,4,2
418961,418961,418969,8,0
418961,418961,418969,8,0
418961,418967,418969,2,6
418961,418961,418969,8,0
418961,418967,418969,2,6
418961,418967,418969,2,6
418961,418967,418969,2,6
418961,418961,418970,9,0
418961,418968,418969,1,7
418961,418967,418969,2,6
418961,418966,418970,4,5
418961,418961,418969,8,0
418961,418961,418970,9,0
418961,418961,418970,9,0
418961,418969,418970,1,8
418961,418961,418971,10,0
418961,418969,418970,1,8
418961,418969,418971,2,8
418961,418969,418971,2,8
418961,418969,418971,2,8
418961,418961,418972,11,0
419089,419089,419091,2,0
419089,419089,419091,2,0
419089,419089,419091,2,0
419089,419089,419093,4,0
419089,419090,419095,5,1
419089,419090,419095,5,1
419089,419090,419096,6,1
419089,419092,419095,3,3
419089,419092,419096,4,3
419089,419089,419096,7,0
419089,419092,419096,4,3
419089,419090,419097,7,1
419089,419089,419098,9,0
419089,419094,419097,3,5
419089,419089,419097,8,0
419089,419096,419098,2,7
419089,419089,419098,9,0
419089,419097,419098,1,8
419089,419096,419098,2,7
419089,419097,419098,1,8
419089,419097,419098,1,8
419089,419096,419098,2,7
419089,419090,419098,8,1
419089,419090,419099,9,1
419089,419096,419098,2,7
419089,419089,419099,10,0
419089,419098,419099,1,9
419089,419098,419099,1,9
419089,419089,419099,10,0
419089,419098,419099,1,9
419089,419098,419099,1,9
419229,419229,419230,1,0
419229,419229,419230,1,0
419229,419229,419230,1,0
419229,419229,419232,3,0
419229,419229,419233,4,0
419229,419229,419234,5,0
419229,419231,419234,3,2
419229,419230,419234,4,1
419229,419229,419235,6,0
419229,419231,419234,3,2
419229,419229,419235,6,0
419229,419233,419236,3,4
419229,419233,419235,2,4
419229,419229,419235,6,0
419229,419229,419236,7,0
419229,419229,419236,7,0
419229,419234,419236,2,5
419229,419229,419236,7,0
419229,419229,419237,8,0
419229,419234,419236,2,5
419229,419234,419236,2,5
419229,419235,419237,2,6
419229,419235,419237,2,6
419229,419235,419236,1,6
419229,419229,419237,8,0
419229,419236,419238,2,7
419229,419236,419237,1,7
419229,419229,419237,8,0
419229,419236,419237,1,7
419229,419236,419237,1,7
419229,419229,419239,10,0
419359,419359,419360,1,0
419359,419359,419360,1,0
419359,419359,419360,1,0
419359,419359,419362,3,0
419359,419361,419364,3,2
419359,419359,419363,4,0
419359,419359,419364,5,0
419359,419361,419364,3,2
419359,419361,419364,3,2
419359,419359,419365,6,0
419359,419359,419365,6,0
419359,419359,419366,7,0
419359,419359,419365,6,0
419359,419363,419366,3,4
419359,419364,419366,2,5
419359,419364,419366,2,5
419359,419365,419367,2,6
419359,419365,419366,1,6
419359,419359,419366,7,0
419359,419365,419367,2,6
419359,419366,419367,1,7
419359,419366,419367,1,7
419359,419366,419367,1,7
419359,419366,419367,1,7
419359,419366,419367,1,7
419359,419366,419367,1,7
419359,419359,419369,10,0
419359,419359,419368,9,0
419359,419359,419368,9,0
419359,419359,419368,9,0
419359,419359,419369,10,0
419488,419488,419489,1,0
419488,419488,419489,1,0
419488,419488,419489,1,0
419488,419488,419492,4,0
419488,419488,419492,4,0
419488,419490,419493,3,2
419488,419489,419492,3,1
419488,419490,419493,3,2
419488,419488,419493,5,0
419488,419488,419494,6,0
419488,419493,419495,2,5
419488,419488,419495,7,0
419488,419492,419494,2,4
419488,419493,419495,2,5
419488,419492,419495,3,4
419488,419488,419495,7,0
419488,419493,419495,2,5
419488,419488,419495,7,0
419488,419494,419496,2,6
419488,419494,419495,1,6
419488,419495,419496,1,7
419488,419495,419496,1,7
419488,419495,419496,1,7
419488,419495,419496,1,7
419488,419495,419497,2,7
419488,419488,419498,10,0
419488,419488,419498,10,0
419488,419488,419498,10,0
419488,419488,419498,10,0
419488,419488,419498,10,0
419488,419488,419498,10,0
419616,419616,419617,1,0
419616,419616,419617,1,0
419616,419616,419617,1,0
419616,419616,419619,3,0
419616,419616,419620,4,0
419616,419618,419621,3,2
419616,419618,419621,3,2
419616,419616,419622,6,0
419616,419618,419621,3,2
419616,419616,419622,6,0
419616,419616,419622,6,0
419616,419616,419621,5,0
419616,419619,419622,3,3
419616,419620,419622,2,4
419616,419616,419623,7,0
419616,419616,419622,6,0
419616,419621,419623,2,5
419616,419622,419623,1,6
419616,419621,419623,2,5
419616,419622,419624,2,6
419616,419622,419623,1,6
419616,419622,419624,2,6
419616,419622,419623,1,6
419616,419622,419624,2,6
419616,419616,419625,9,0
419616,419622,419624,2,6
419616,419623,419624,1,7
419616,419616,419625,9,0
419616,419616,419625,9,0
419616,419616,419626,10,0
419616,419616,419626,10,0
419742,419742,419743,1,0
419742,419742,419743,1,0
419742,419742,419744,2,0
419742,419742,419745,3,0
419742,419742,419746,4,0
419742,419743,419747,4,1
419742,419742,419747,5,0
419742,419744,419747,3,2
419742,419742,419747,5,0
419742,419744,419747,3,2
419742,419742,419748,6,0
419742,419745,419748,3,3
419742,419742,419748,6,0
419742,419742,419749,7,0
419742,419742,419748,6,0
419742,419747,419749,2,5
419742,419742,419749,7,0
419742,419747,419749,2,5
419742,419748,419749,1,6
419742,419747,419749,2,5
419742,419748,419750,2,6
419742,419742,419749,7,0
419742,419747,419750,3,5
419742,419749,419750,1,7
419742,419749,419750,1,7
419742,419749,419750,1,7
419742,419749,419750,1,7
419742,419749,419750,1,7
419742,419742,419751,9,0
419742,419742,419752,10,0
419742,419742,419752,10,0
419869,419869,419870,1,0
419869,419869,419870,1,0
419869,419869,419870,1,0
419869,419869,419872,3,0
419869,419870,419873,3,1
419869,419869,419873,4,0
419869,419870,419874,4,1
419869,419871,419874,3,2
419869,419869,419874,5,0
419869,419869,419875,6,0
419869,419869,419875,6,0
419869,419869,419875,6,0
419869,419873,419875,2,4
419869,419869,419875,6,0
419869,419872,419875,3,3
419869,419873,419875,2,4
419869,419869,419875,6,0
419869,419869,419876,7,0
419869,419874,419876,2,5
419869,419869,419876,7,0
419869,419874,419876,2,5
419869,419869,419876,7,0
419869,419869,419875,6,0
419869,419874,419876,2,5
419869,419875,419877,2,6
419869,419875,419877,2,6
419869,419875,419877,2,6
419869,419875,419877,2,6
419869,419875,419877,2,6
419869,419875,419877,2,6
419869,419869,419879,10,0
419995,419995,419996,1,0
419995,419995,419996,1,0
419995,419995,419996,1,0
419995,419995,419998,3,0
419995,419995,419999,4,0
419995,419996,419999,3,1
419995,419996,420000,4,1
419995,419997,420000,3,2
419995,419995,420001,6,0
419995,419995,420001,6,0
419995,419995,420002,7,0
419995,419999,420002,3,4
419995,419999,420002,3,4
419995,419995,420002,7,0
419995,420000,420002,2,5
419995,419995,420002,7,0
419995,420000,420002,2,5
419995,419995,420002,7,0
419995,419995,420002,7,0
419995,419995,420002,7,0
419995,420000,420002,2,5
419995,419995,420002,7,0
419995,420001,420003,2,6
419995,420001,420003,2,6
419995,420002,420004,2,7
419995,420002,420004,2,7
419995,420002,420004,2,7
419995,419995,420004,9,0
419995,420002,420004,2,7
419995,420002,420004,2,7
419995,419995,420005,10,0
420124,420124,420125,1,0
420124,420124,420125,1,0
420124,420124,420125,1,0
420124,420124,420128,4,0
420124,420124,420129,5,0
420124,420126,420129,3,2
420124,420124,420128,4,0
420124,420124,420130,6,0
420124,420124,420130,6,0
420124,420126,420129,3,2
420124,420124,420130,6,0
420124,420126,420129,3,2
420124,420124,420131,7,0
420124,420128,420131,3,4
420124,420129,420131,2,5
420124,420124,420131,7,0
420124,420129,420131,2,5
420124,420124,420131,7,0
420124,420124,420132,8,0
420124,420130,420132,2,6
420124,420130,420132,2,6
420124,420130,420132,2,6
420124,420124,420131,7,0
420124,420129,420131,2,5
420124,420130,420131,1,6
420124,420130,420131,1,6
420124,420131,420133,2,7
420124,420131,420133,2,7
420124,420131,420133,2,7
420124,420124,420134,10,0
420124,420124,420134,10,0
420378,420378,420379,1,0
420378,420378,420379,1,0
420378,420378,420379,1,0
420378,420378,420380,2,0
420378,420378,420382,4,0
420378,420378,420382,4,0
420378,420380,420382,2,2
420378,420378,420383,5,0
420378,420380,420383,3,2
420378,420378,420383,5,0
420378,420380,420383,3,2
420378,420378,420383,5,0
420378,420381,420383,2,3
420378,420378,420384,6,0
420378,420378,420384,6,0
420378,420383,420385,2,5
420378,420383,420385,2,5
420378,420378,420384,6,0
420378,420383,420385,2,5
420378,420383,420385,2,5
420378,420383,420385,2,5
420378,420378,420385,7,0
420378,420384,420386,2,6
420378,420384,420386,2,6
420378,420378,420386,8,0
420378,420384,420385,1,6
420378,420384,420386,2,6
420378,420384,420385,1,6
420378,420378,420386,8,0
420378,420384,420386,2,6
420378,420378,420388,10,0
420503,420504,420505,1,1
420503,420504,420505,1,1
420503,420504,420505,1,1
420503,420504,420507,3,1
420503,420504,420508,4,1
420503,420504,420508,4,1
420503,420506,420508,2,3
420503,420504,420508,4,1
420503,420506,420508,2,3
420503,420506,420509,3,3
420503,420504,420509,5,1
420503,420507,420509,2,4
420503,420508,420509,1,5
420503,420504,420509,5,1
420503,420504,420510,6,1
420503,420509,420510,1,6
420503,420504,420510,6,1
420503,420509,420510,1,6
420503,420504,420510,6,1
420503,420509,420510,1,6
420503,420509,420510,1,6
420503,420504,420510,6,1
420503,420504,420510,6,1
420503,420510,420511,1,7
420503,420510,420511,1,7
420503,420510,420511,1,7
420503,420510,420511,1,7
420503,420510,420511,1,7
420503,420511,420512,1,8
420503,420504,420513,9,1
420503,420504,420514,10,1
420519,420519,420520,1,0
420519,420519,420520,1,0
420519,420519,420520,1,0
420519,420519,420522,3,0
420519,420519,420523,4,0
420519,420519,420523,4,0
420519,420519,420523,4,0
420519,420521,420524,3,2
420519,420519,420524,5,0
420519,420520,420524,4,1
420519,420521,420524,3,2
420519,420519,420524,5,0
420519,420519,420525,6,0
420519,420519,420525,6,0
420519,420523,420525,2,4
420519,420523,420525,2,4
420519,420519,420526,7,0
420519,420524,420526,2,5
420519,420524,420526,2,5
420519,420519,420525,6,0
420519,420523,420525,2,4
420519,420524,420526,2,5
420519,420519,420526,7,0
420519,420524,420526,2,5
420519,420524,420525,1,5
420519,420524,420526,2,5
420519,420519,420527,8,0
420519,420525,420526,1,6
420519,420525,420527,2,6
420519,420525,420526,1,6
420519,420519,420528,9,0
420648,420648,420649,1,0
420648,420648,420649,1,0
420648,420648,420650,2,0
420648,420648,420651,3,0
420648,420648,420651,3,0
420648,420648,420651,3,0
420648,420648,420652,4,0
420648,420648,420651,3,0
420648,420649,420653,4,1
420648,420650,420653,3,2
420648,420650,420653,3,2
420648,420652,420654,2,4
420648,420648,420654,6,0
420648,420652,420654,2,4
420648,420648,420653,5,0
420648,420651,420654,3,3
420648,420652,420654,2,4
420648,420652,420654,2,4
420648,420648,420655,7,0
420648,420653,420655,2,5
420648,420648,420655,7,0
420648,420648,420655,7,0
420648,420654,420655,1,6
420648,420648,420655,7,0
420648,420654,420655,1,6
420648,420648,420656,8,0
420648,420655,420656,1,7
420648,420655,420656,1,7
420648,420648,420656,8,0
420648,420655,420656,1,7
420648,420655,420656,1,7
420773,420773,420774,1,0
420773,420773,420774,1,0
420773,420773,420774,1,0
420773,420773,420775,2,0
420773,420773,420775,2,0
420773,420773,420775,2,0
420773,420774,420777,3,1
420773,420773,420777,4,0
420773,420773,420777,4,0
420773,420776,420778,2,3
420773,420776,420778,2,3
420773,420775,420778,3,2
420773,420777,420779,2,4
420773,420775,420778,3,2
420773,420775,420778,3,2
420773,420773,420779,6,0
420773,420777,420779,2,4
420773,420773,420779,6,0
420773,420773,420780,7,0
420773,420778,420779,1,5
420773,420773,420780,7,0
420773,420778,420779,1,5
420773,420778,420779,1,5
420773,420773,420780,7,0
420773,420778,420779,1,5
420773,420779,420780,1,6
420773,420773,420780,7,0
420773,420773,420780,7,0
420773,420779,420780,1,6
420773,420773,420780,7,0
420773,420779,420780,1,6
421022,421022,421023,1,0
421022,421022,421023,1,0
421022,421022,421023,1,0
421022,421022,421024,2,0
421022,421022,421025,3,0
421022,421022,421025,3,0
421022,421023,421025,2,1
421022,421024,421026,2,2
421022,421024,421028,4,2
421022,421025,421028,3,3
421022,421026,421028,2,4
421022,421022,421027,5,0
421022,421022,421027,5,0
421022,421026,421027,1,4
421022,421022,421028,6,0
421022,421027,421028,1,5
421022,421022,421028,6,0
421022,421022,421029,7,0
421022,421026,421028,2,4
421022,421022,421029,7,0
421022,421028,421029,1,6
421022,421028,421029,1,6
421022,421022,421030,8,0
421022,421028,421030,2,6
421022,421022,421029,7,0
421022,421022,421029,7,0
421022,421028,421029,1,6
421022,421028,421029,1,6
421022,421028,421029,1,6
421022,421022,421030,8,0
421022,421029,421030,1,7
421155,421155,421156,1,0
421155,421155,421156,1,0
421155,421155,421156,1,0
421155,421155,421156,1,0
421155,421155,421157,2,0
421155,421155,421159,4,0
421155,421156,421158,2,1
421155,421156,421158,2,1
421155,421157,421160,3,2
421155,421155,421159,4,0
421155,421157,421159,2,2
421155,421158,421160,2,3
421155,421155,421160,5,0
421155,421159,421160,1,4
421155,421159,421160,1,4
421155,421155,421160,5,0
421155,421159,421160,1,4
421155,421160,421161,1,5
421155,421155,421161,6,0
421155,421155,421161,6,0
421155,421155,421161,6,0
421155,421160,421161,1,5
421155,421155,421161,6,0
421155,421155,421162,7,0
421155,421160,421161,1,5
421155,421160,421161,1,5
421155,421155,421162,7,0
421155,421155,421163,8,0
421155,421161,421162,1,6
421155,421161,421162,1,6
421155,421161,421162,1,6
421282,421282,421283,1,0
421282,421282,421284,2,0
421282,421282,421283,1,0
421282,421282,421285,3,0
421282,421282,421285,3,0
421282,421284,421286,2,2
421282,421284,421287,3,2
421282,421284,421287,3,2
421282,421282,421287,5,0
421282,421285,421287,2,3
421282,421282,421288,6,0
421282,421285,421287,2,3
421282,421282,421287,5,0
421282,421282,421288,6,0
421282,421282,421288,6,0
421282,421286,421288,2,4
421282,421282,421289,7,0
421282,421282,421288,6,0
421282,421287,421289,2,5
421282,421282,421289,7,0
421282,421282,421288,6,0
421282,421282,421288,6,0
421282,421287,421289,2,5
421282,421287,421289,2,5
421282,421287,421289,2,5
421282,421289,421290,1,7
421282,421288,421290,2,6
421282,421288,421290,2,6
421282,421289,421290,1,7
421282,421282,421291,9,0
421410,421410,421411,1,0
421410,421410,421412,2,0
421410,421410,421412,2,0
421410,421412,421413,1,2
421410,421411,421413,2,1
421410,421411,421413,2,1
421410,421410,421414,4,0
421410,421411,421414,3,1
421410,421413,421415,2,3
421410,421411,421415,4,1
421410,421413,421415,2,3
421410,421411,421415,4,1
421410,421414,421415,1,4
421410,421414,421415,1,4
421410,421411,421416,5,1
421410,421411,421416,5,1
421410,421415,421416,1,5
421410,421411,421416,5,1
421410,421414,421416,2,4
421410,421411,421416,5,1
421410,421415,421416,1,5
421410,421415,421416,1,5
421410,421411,421416,5,1
421410,421416,421417,1,6
421410,421416,421417,1,6
421410,421416,421417,1,6
421410,421416,421417,1,6
421410,421416,421417,1,6
421410,421410,421418,8,0
421410,421410,421418,8,0
421410,421417,421418,1,7
421541,421541,421542,1,0
421541,421541,421543,2,0
421541,421541,421542,1,0
421541,421542,421543,1,1
421541,421541,421544,3,0
421541,421541,421545,4,0
421541,421543,421545,2,2
421541,421541,421545,4,0
421541,421543,421545,2,2
421541,421544,421546,2,3
421541,421541,421545,4,0
421541,421541,421545,4,0
421541,421541,421545,4,0
421541,421541,421546,5,0
421541,421541,421546,5,0
421541,421545,421547,2,4
421541,421545,421546,1,4
421541,421541,421547,6,0
421541,421545,421546,1,4
421541,421541,421546,5,0
421541,421545,421546,1,4
421541,421545,421547,2,4
421541,421547,421548,1,6
421541,421541,421548,7,0
421541,421546,421547,1,5
421541,421541,421547,6,0
421541,421546,421547,1,5
421541,421546,421547,1,5
421541,421546,421547,1,5
421541,421547,421548,1,6
421541,421541,421549,8,0
421670,421670,421672,2,0
421670,421670,421672,2,0
421670,421670,421672,2,0
421670,421670,421674,4,0
421670,421672,421674,2,2
421670,421672,421674,2,2
421670,421670,421673,3,0
421670,421670,421674,4,0
421670,421670,421674,4,0
421670,421673,421674,1,3
421670,421670,421675,5,0
421670,421670,421675,5,0
421670,421670,421675,5,0
421670,421670,421675,5,0
421670,421670,421675,5,0
421670,421670,421676,6,0
421670,421674,421676,2,4
421670,421670,421676,6,0
421670,421674,421676,2,4
421670,421675,421676,1,5
421670,421675,421676,1,5
421670,421675,421676,1,5
421670,421675,421676,1,5
421670,421675,421676,1,5
421670,421676,421677,1,6
421670,421676,421677,1,6
421670,421676,421677,1,6
421670,421676,421677,1,6
421670,421676,421677,1,6
421670,421670,421678,8,0
421670,421670,421679,9,0
421799,421799,421800,1,0
421799,421799,421800,1,0
421799,421799,421800,1,0
421799,421799,421801,2,0
421799,421799,421802,3,0
421799,421799,421802,3,0
421799,421799,421803,4,0
421799,421802,421803,1,3
421799,421800,421803,3,1
421799,421801,421803,2,2
421799,421799,421803,4,0
421799,421799,421803,4,0
421799,421802,421803,1,3
421799,421800,421804,4,1
421799,421801,421803,2,2
421799,421799,421804,5,0
421799,421799,421804,5,0
421799,421803,421804,1,4
421799,421803,421804,1,4
421799,421799,421804,5,0
421799,421804,421805,1,5
421799,421799,421805,6,0
421799,421804,421805,1,5
421799,421804,421805,1,5
421799,421804,421805,1,5
421799,421804,421805,1,5
421799,421804,421805,1,5
421799,421804,421805,1,5
421799,421804,421806,2,5
421799,421804,421805,1,5
421799,421800,421806,6,1
421925,421925,421926,1,0
421925,421925,421927,2,0
421925,421925,421927,2,0
421925,421925,421927,2,0
421925,421925,421927,2,0
421925,421925,421926,1,0
421925,421926,421928,2,1
421925,421925,421928,3,0
421925,421925,421928,3,0
421925,421925,421929,4,0
421925,421925,421929,4,0
421925,421925,421929,4,0
421925,421925,421929,4,0
421925,421927,421929,2,2
421925,421927,421929,2,2
421925,421927,421929,2,2
421925,421925,421929,4,0
421925,421925,421928,3,0
421925,421927,421929,2,2
421925,421928,421930,2,3
421925,421925,421930,5,0
421925,421925,421930,5,0
421925,421927,421930,3,2
421925,421928,421930,2,3
421925,421928,421930,2,3
421925,421929,421931,2,4
421925,421929,421931,2,4
421925,421929,421931,2,4
421925,421929,421931,2,4
421925,421929,421931,2,4
421925,421929,421931,2,4
422051,422051,422052,1,0
422051,422052,422053,1,1
422051,422052,422053,1,1
422051,422052,422053,1,1
422051,422052,422053,1,1
422051,422052,422053,1,1
422051,422052,422053,1,1
422051,422052,422054,2,1
422051,422052,422054,2,1
422051,422052,422054,2,1
422051,422052,422054,2,1
422051,422052,422054,2,1
422051,422052,422054,2,1
422051,422052,422055,3,1
422051,422054,422055,1,3
422051,422052,422055,3,1
422051,422053,422055,2,2
422051,422054,422056,2,3
422051,422052,422055,3,1
422051,422054,422056,2,3
422051,422054,422056,2,3
422051,422055,422056,1,4
422051,422054,422056,2,3
422051,422055,422056,1,4
422051,422055,422056,1,4
422051,422054,422056,2,3
422051,422055,422056,1,4
422051,422055,422056,1,4
422051,422056,422057,1,5
422051,422055,422056,1,4
422051,422056,422057,1,5
422177,422177,422178,1,0
422177,422177,422178,1,0
422177,422177,422178,1,0
422177,422177,422178,1,0
422177,422177,422179,2,0
422177,422177,422178,1,0
422177,422177,422178,1,0
422177,422177,422178,1,0
422177,422177,422179,2,0
422177,422177,422180,3,0
422177,422177,422180,3,0
422177,422177,422179,2,0
422177,422177,422180,3,0
422177,422177,422179,2,0
422177,422177,422181,4,0
422177,422178,422181,3,1
422177,422179,422181,2,2
422177,422178,422181,3,1
422177,422179,422181,2,2
422177,422179,422181,2,2
422177,422179,422181,2,2
422177,422177,422180,3,0
422177,422178,422180,2,1
422177,422179,422181,2,2
422177,422180,422181,1,3
422177,422180,422181,1,3
422177,422180,422182,2,3
422177,422180,422181,1,3
422177,422179,422181,2,2
422177,422180,422181,1,3
422177,422181,422182,1,4
422302,422302,422303,1,0
422302,422302,422303,1,0
422302,422302,422304,2,0
422302,422302,422304,2,0
422302,422302,422303,1,0
422302,422302,422304,2,0
422302,422302,422304,2,0
422302,422302,422303,1,0
422302,422302,422304,2,0
422302,422302,422304,2,0
422302,422302,422305,3,0
422302,422302,422304,2,0
422302,422302,422306,4,0
422302,422304,422306,2,2
422302,422304,422305,1,2
422302,422302,422306,4,0
422302,422302,422305,3,0
422302,422304,422306,2,2
422302,422304,422306,2,2
422302,422304,422305,1,2
422302,422302,422306,4,0
422302,422304,422306,2,2
422302,422304,422306,2,2
422302,422304,422307,3,2
422302,422305,422306,1,3
422302,422305,422306,1,3
422302,422306,422307,1,4
422302,422304,422307,3,2
422302,422304,422307,3,2
422302,422306,422307,1,4
422302,422306,422308,2,4
422430,422430,422431,1,0
422430,422430,422431,1,0
422430,422430,422432,2,0
422430,422430,422432,2,0
422430,422430,422432,2,0
422430,422430,422432,2,0
422430,422430,422432,2,0
422430,422430,422433,3,0
422430,422430,422432,2,0
422430,422430,422433,3,0
422430,422430,422432,2,0
422430,422430,422433,3,0
422430,422430,422433,3,0
422430,422430,422433,3,0
422430,422432,422434,2,2
422430,422430,422434,4,0
422430,422432,422434,2,2
422430,422431,422434,3,1
422430,422432,422434,2,2
422430,422430,422434,4,0
422430,422433,422434,1,3
422430,422433,422434,1,3
422430,422434,422435,1,4
422430,422433,422435,2,3
422430,422433,422435,2,3
422430,422433,422435,2,3
422430,422433,422435,2,3
422430,422433,422435,2,3
422430,422433,422435,2,3
422430,422434,422435,1,4
422430,422434,422435,1,4
422555,422555,422556,1,0
422555,422555,422556,1,0
422555,422555,422557,2,0
422555,422555,422557,2,0
422555,422555,422557,2,0
422555,422555,422557,2,0
422555,422555,422557,2,0
422555,422556,422557,1,1
422555,422555,422558,3,0
422555,422555,422558,3,0
422555,422555,422558,3,0
422555,422555,422558,3,0
422555,422555,422558,3,0
422555,422555,422558,3,0
422555,422558,422559,1,3
422555,422555,422559,4,0
422555,422558,422559,1,3
422555,422558,422559,1,3
422555,422555,422559,4,0
422555,422557,422559,2,2
422555,422558,422559,1,3
422555,422557,422559,2,2
422555,422559,422560,1,4
422555,422558,422559,1,3
422555,422559,422560,1,4
422555,422559,422560,1,4
422555,422558,422560,2,3
422555,422559,422560,1,4
422555,422559,422560,1,4
422555,422559,422560,1,4
422555,422559,422560,1,4
422682,422682,422683,1,0
422682,422682,422683,1,0
422682,422682,422683,1,0
422682,422682,422684,2,0
422682,422682,422684,2,0
422682,422682,422684,2,0
422682,422682,422684,2,0
422682,422682,422684,2,0
422682,422682,422684,2,0
422682,422682,422684,2,0
422682,422682,422685,3,0
422682,422682,422685,3,0
422682,422682,422685,3,0
422682,422683,422685,2,1
422682,422685,422686,1,3
422682,422685,422686,1,3
422682,422682,422686,4,0
422682,422683,422686,3,1
422682,422684,422686,2,2
422682,422684,422685,1,2
422682,422682,422685,3,0
422682,422684,422686,2,2
422682,422684,422686,2,2
422682,422685,422686,1,3
422682,422682,422686,4,0
422682,422683,422686,3,1
422682,422685,422686,1,3
422682,422685,422686,1,3
422682,422686,422687,1,4
422682,422686,422687,1,4
422682,422686,422687,1,4
422809,422809,422810,1,0
422809,422809,422810,1,0
422809,422809,422810,1,0
422809,422809,422811,2,0
422809,422809,422811,2,0
422809,422809,422811,2,0
422809,422809,422811,2,0
422809,422809,422810,1,0
422809,422809,422811,2,0
422809,422809,422812,3,0
422809,422810,422811,1,1
422809,422810,422812,2,1
422809,422809,422812,3,0
422809,422809,422812,3,0
422809,422811,422813,2,2
422809,422811,422813,2,2
422809,422811,422813,2,2
422809,422809,422812,3,0
422809,422812,422813,1,3
422809,422809,422813,4,0
422809,422811,422813,2,2
422809,422811,422812,1,2
422809,422812,422813,1,3
422809,422809,422813,4,0
422809,422811,422812,1,2
422809,422809,422813,4,0
422809,422813,422814,1,4
422809,422812,422813,1,3
422809,422812,422813,1,3
422809,422812,422813,1,3
422809,422812,422813,1,3
422937,422937,422938,1,0
422937,422937,422938,1,0
422937,422937,422938,1,0
422937,422937,422939,2,0
422937,422937,422939,2,0
422937,422937,422938,1,0
422937,422937,422940,3,0
422937,422938,422939,1,1
422937,422937,422939,2,0
422937,422937,422939,2,0
422937,422937,422940,3,0
422937,422937,422940,3,0
422937,422937,422941,4,0
422937,422937,422940,3,0
422937,422939,422941,2,2
422937,422937,422941,4,0
422937,422937,422940,3,0
422937,422937,422941,4,0
422937,422939,422941,2,2
422937,422939,422941,2,2
422937,422939,422941,2,2
422937,422939,422941,2,2
422937,422940,422941,1,3
422937,422940,422941,1,3
422937,422941,422942,1,4
422937,422941,422942,1,4
422937,422941,422942,1,4
422937,422940,422941,1,3
422937,422940,422942,2,3
422937,422940,422941,1,3
422937,422941,422942,1,4
423063,423063,423064,1,0
423063,423063,423064,1,0
423063,423063,423065,2,0
423063,423063,423065,2,0
423063,423063,423065,2,0
423063,423063,423065,2,0
423063,423063,423065,2,0
423063,423063,423065,2,0
423063,423063,423066,3,0
423063,423063,423066,3,0
423063,423063,423066,3,0
423063,423064,423065,1,1
423063,423063,423066,3,0
423063,423064,423066,2,1
423063,423063,423067,4,0
423063,423065,423067,2,2
423063,423065,423067,2,2
423063,423065,423067,2,2
423063,423063,423066,3,0
423063,423065,423067,2,2
423063,423063,423067,4,0
423063,423063,423067,4,0
423063,423066,423067,1,3
423063,423066,423068,2,3
423063,423066,423068,2,3
423063,423066,423067,1,3
423063,423066,423068,2,3
423063,423066,423067,1,3
423063,423067,423068,1,4
423063,423067,423068,1,4
423063,423067,423068,1,4
423189,423189,423190,1,0
423189,423189,423190,1,0
423189,423189,423190,1,0
423189,423189,423191,2,0
423189,423189,423190,1,0
423189,423189,423191,2,0
423189,423189,423190,1,0
423189,423189,423191,2,0
423189,423190,423191,1,1
423189,423189,423190,1,0
423189,423189,423192,3,0
423189,423189,423191,2,0
423189,423189,423191,2,0
423189,423189,423191,2,0
423189,423189,423192,3,0
423189,423189,423192,3,0
423189,423190,423191,1,1
423189,423191,423192,1,2
423189,423191,423193,2,2
423189,423189,423192,3,0
423189,423191,423192,1,2
423189,423191,423192,1,2
423189,423191,423192,1,2
423189,423191,423192,1,2
423189,423191,423192,1,2
423189,423192,423193,1,3
423189,423192,423193,1,3
423189,423191,423192,1,2
423189,423192,423193,1,3
423189,423192,423193,1,3
423189,423192,423193,1,3
423318,423318,423319,1,0
423318,423318,423320,2,0
423318,423318,423320,2,0
423318,423318,423320,2,0
423318,423318,423320,2,0
423318,423318,423320,2,0
423318,423318,423320,2,0
423318,423318,423320,2,0
423318,423318,423320,2,0
423318,423318,423320,2,0
423318,423318,423320,2,0
423318,423319,423320,1,1
423318,423318,423321,3,0
423318,423318,423321,3,0
423318,423318,423321,3,0
423318,423320,423321,1,2
423318,423320,423321,1,2
423318,423321,423322,1,3
423318,423321,423322,1,3
423318,423318,423322,4,0
423318,423321,423322,1,3
423318,423321,423322,1,3
423318,423321,423322,1,3
423318,423321,423322,1,3
423318,423321,423322,1,3
423318,423321,423322,1,3
423318,423321,423322,1,3
423318,423322,423323,1,4
423318,423321,423322,1,3
423318,423322,423323,1,4
423318,423322,423323,1,4
423448,423448,423449,1,0
423448,423448,423449,1,0
423448,423448,423450,2,0
423448,423448,423449,1,0
423448,423448,423450,2,0
423448,423448,423450,2,0
423448,423448,423450,2,0
423448,423448,423450,2,0
423448,423448,423450,2,0
423448,423448,423450,2,0
423448,423449,423450,1,1
423448,423448,423450,2,0
423448,423448,423449,1,0
423448,423448,423450,2,0
423448,423449,423450,1,1
423448,423448,423451,3,0
423448,423450,423451,1,2
423448,423448,423451,3,0
423448,423448,423450,2,0
423448,423450,423451,1,2
423448,423450,423452,2,2
423448,423450,423451,1,2
423448,423450,423451,1,2
423448,423450,423452,2,2
423448,423450,423452,2,2
423448,423450,423452,2,2
423448,423450,423452,2,2
423448,423450,423451,1,2
423448,423450,423452,2,2
423448,423450,423452,2,2
423448,423450,423451,1,2
423573,423573,423574,1,0
423573,423573,423574,1,0
423573,423573,423574,1,0
423573,423573,423575,2,0
423573,423573,423575,2,0
423573,423573,423575,2,0
423573,423573,423575,2,0
423573,423573,423575,2,0
423573,423574,423575,1,1
423573,423573,423575,2,0
423573,423573,423575,2,0
423573,423573,423575,2,0
423573,423574,423575,1,1
423573,423573,423576,3,0
423573,423573,423575,2,0
423573,423575,423576,1,2
423573,423573,423576,3,0
423573,423573,423576,3,0
423573,423573,423576,3,0
423573,423576,423577,1,3
423573,423576,423577,1,3
423573,423575,423577,2,2
423573,423575,423577,2,2
423573,423575,423577,2,2
423573,423576,423577,1,3
423573,423575,423577,2,2
423573,423576,423577,1,3
423573,423576,423577,1,3
423573,423576,423577,1,3
423573,423576,423577,1,3
423573,423576,423577,1,3
423699,423699,423700,1,0
423699,423699,423700,1,0
423699,423699,423701,2,0
423699,423699,423701,2,0
423699,423699,423700,1,0
423699,423699,423700,1,0
423699,423699,423701,2,0
423699,423699,423700,1,0
423699,423699,423701,2,0
423699,423699,423701,2,0
423699,423699,423701,2,0
423699,423699,423701,2,0
423699,423701,423702,1,2
423699,423701,423702,1,2
423699,423699,423701,2,0
423699,423700,423701,1,1
423699,423701,423703,2,2
423699,423699,423702,3,0
423699,423701,423702,1,2
423699,423701,423703,2,2
423699,423701,423703,2,2
423699,423701,423702,1,2
423699,423701,423702,1,2
423699,423699,423703,4,0
423699,423701,423703,2,2
423699,423701,423702,1,2
423699,423702,423703,1,3
423699,423699,423703,4,0
423699,423702,423703,1,3
423699,423702,423704,2,3
423826,423826,423827,1,0
423826,423826,423827,1,0
423826,423826,423827,1,0
423826,423826,423827,1,0
423826,423826,423828,2,0
423826,423826,423827,1,0
423826,423826,423827,1,0
423826,423826,423828,2,0
423826,423826,423827,1,0
423826,423826,423828,2,0
423826,423826,423828,2,0
423826,423828,423829,1,2
423826,423828,423829,1,2
423826,423826,423829,3,0
423826,423828,423829,1,2
423826,423826,423830,4,0
423826,423828,423829,1,2
423826,423828,423829,1,2
423826,423828,423829,1,2
423826,423828,423829,1,2
423826,423828,423829,1,2
423826,423828,423829,1,2
423826,423829,423830,1,3
423826,423826,423829,3,0
423826,423828,423830,2,2
423826,423829,423830,1,3
423826,423829,423830,1,3
423826,423826,423831,5,0
423826,423829,423830,1,3
423826,423829,423830,1,3
423826,423826,423830,4,0
423950,423951,423952,1,1
423950,423951,423952,1,1
423950,423951,423952,1,1
423950,423951,423952,1,1
423950,423951,423952,1,1
423950,423951,423952,1,1
423950,423951,423952,1,1
423950,423951,423952,1,1
423950,423951,423953,2,1
423950,423952,423953,1,2
423950,423953,423954,1,3
423950,423953,423954,1,3
423950,423951,423953,2,1
423950,423952,423953,1,2
423950,423951,423953,2,1
423950,423952,423953,1,2
423950,423951,423953,2,1
423950,423952,423953,1,2
423950,423951,423954,3,1
423950,423953,423954,1,3
423950,423954,423955,1,4
423950,423951,423954,3,1
423950,423953,423954,1,3
423950,423954,423955,1,4
423950,423954,423955,1,4
423950,423953,423954,1,3
423950,423953,423954,1,3
423950,423951,423955,4,1
423950,423953,423954,1,3
423950,423954,423955,1,4
424079,424079,424080,1,0
424079,424079,424080,1,0
424079,424079,424081,2,0
424079,424079,424080,1,0
424079,424079,424080,1,0
424079,424079,424080,1,0
424079,424079,424081,2,0
424079,424079,424080,1,0
424079,424079,424080,1,0
424079,424079,424081,2,0
424079,424081,424082,1,2
424079,424079,424082,3,0
424079,424081,424082,1,2
424079,424079,424081,2,0
424079,424079,424081,2,0
424079,424081,424082,1,2
424079,424079,424082,3,0
424079,424080,424081,1,1
424079,424079,424083,4,0
424079,424081,424082,1,2
424079,424079,424083,4,0
424079,424081,424082,1,2
424079,424081,424082,1,2
424079,424082,424083,1,3
424079,424082,424083,1,3
424079,424081,424082,1,2
424079,424081,424082,1,2
424079,424082,424083,1,3
424079,424082,424083,1,3
424079,424082,424083,1,3
424079,424082,424083,1,3
424203,424203,424204,1,0
424203,424203,424204,1,0
424203,424203,424204,1,0
424203,424203,424205,2,0
424203,424204,424205,1,1
424203,424203,424205,2,0
424203,424204,424205,1,1
424203,424203,424205,2,0
424203,424203,424205,2,0
424203,424203,424205,2,0
424203,424203,424205,2,0
424203,424203,424206,3,0
424203,424203,424206,3,0
424203,424203,424206,3,0
424203,424205,424206,1,2
424203,424203,424206,3,0
424203,424206,424207,1,3
424203,424203,424207,4,0
424203,424206,424207,1,3
424203,424206,424207,1,3
424203,424207,424208,1,4
424203,424206,424207,1,3
424203,424206,424207,1,3
424203,424206,424207,1,3
424203,424206,424207,1,3
424203,424206,424207,1,3
424203,424206,424207,1,3
424203,424206,424207,1,3
424203,424207,424208,1,4
424203,424207,424208,1,4
424328,424329,424330,1,1
424328,424329,424330,1,1
424328,424329,424330,1,1
424328,424329,424330,1,1
424328,424329,424330,1,1
424328,424329,424330,1,1
424328,424329,424330,1,1
424328,424329,424330,1,1
424328,424329,424330,1,1
424328,424329,424330,1,1
424328,424329,424331,2,1
424328,424329,424331,2,1
424328,424329,424331,2,1
424328,424329,424331,2,1
424328,424330,424331,1,2
424328,424329,424331,2,1
424328,424329,424331,2,1
424328,424330,424331,1,2
424328,424331,424332,1,3
424328,424331,424332,1,3
424328,424331,424332,1,3
424328,424331,424332,1,3
424328,424332,424333,1,4
424328,424331,424332,1,3
424328,424332,424333,1,4
424328,424332,424333,1,4
424328,424331,424332,1,3
424328,424331,424332,1,3
424328,424331,424332,1,3
424328,424332,424333,1,4
424328,424332,424333,1,4
424455,424455,424456,1,0
424455,424455,424456,1,0
424455,424455,424456,1,0
424455,424455,424459,4,0
424455,424455,424459,4,0
424455,424456,424459,3,1
424455,424456,424459,3,1
424455,424455,424460,5,0
424455,424457,424460,3,2
424455,424455,424460,5,0
424455,424455,424461,6,0
424455,424459,424461,2,4
424455,424459,424461,2,4
424455,424459,424462,3,4
424455,424459,424461,2,4
424455,424460,424462,2,5
424455,424460,424462,2,5
424455,424455,424462,7,0
424455,424460,424462,2,5
424455,424461,424462,1,6
424455,424462,424463,1,7
424455,424455,424463,8,0
424455,424461,424463,2,6
424455,424461,424463,2,6
424455,424455,424464,9,0
424455,424462,424463,1,7
424455,424455,424464,9,0
424455,424455,424465,10,0
424455,424455,424465,10,0
424455,424455,424465,10,0
424455,424455,424466,11,0
424581,424581,424582,1,0
424581,424581,424582,1,0
424581,424581,424582,1,0
424581,424581,424585,4,0
424581,424581,424584,3,0
424581,424581,424585,4,0
424581,424583,424586,3,2
424581,424583,424585,2,2
424581,424583,424586,3,2
424581,424585,424587,2,4
424581,424581,424587,6,0
424581,424581,424588,7,0
424581,424586,424588,2,5
424581,424586,424588,2,5
424581,424585,424587,2,4
424581,424586,424588,2,5
424581,424587,424588,1,6
424581,424588,424589,1,7
424581,424587,424588,1,6
424581,424587,424588,1,6
424581,424581,424589,8,0
424581,424581,424590,9,0
424581,424588,424589,1,7
424581,424588,424589,1,7
424581,424581,424590,9,0
424581,424581,424590,9,0
424581,424581,424589,8,0
424581,424588,424589,1,7
424581,424581,424589,8,0
424581,424581,424591,10,0
424581,424581,424591,10,0
424708,424708,424709,1,0
424708,424708,424709,1,0
424708,424708,424709,1,0
424708,424708,424711,3,0
424708,424708,424711,3,0
424708,424710,424712,2,2
424708,424709,424712,3,1
424708,424710,424712,2,2
424708,424708,424713,5,0
424708,424712,424714,2,4
424708,424708,424713,5,0
424708,424708,424715,7,0
424708,424713,424715,2,5
424708,424713,424714,1,5
424708,424712,424714,2,4
424708,424713,424714,1,5
424708,424715,424716,1,7
424708,424708,424715,7,0
424708,424714,424715,1,6
424708,424715,424716,1,7
424708,424714,424715,1,6
424708,424715,424716,1,7
424708,424714,424715,1,6
424708,424708,424717,9,0
424708,424715,424716,1,7
424708,424708,424716,8,0
424708,424708,424716,8,0
424708,424708,424716,8,0
424708,424708,424718,10,0
424708,424708,424718,10,0
424708,424708,424717,9,0
424833,424833,424835,2,0
424833,424833,424834,1,0
424833,424833,424834,1,0
424833,424833,424837,4,0
424833,424835,424838,3,2
424833,424835,424838,3,2
424833,424835,424838,3,2
424833,424833,424837,4,0
424833,424833,424840,7,0
424833,424838,424840,2,5
424833,424833,424839,6,0
424833,424838,424840,2,5
424833,424837,424839,2,4
424833,424838,424840,2,5
424833,424833,424840,7,0
424833,424838,424840,2,5
424833,424833,424841,8,0
424833,424833,424841,8,0
424833,424833,424841,8,0
424833,424833,424841,8,0
424833,424840,424841,1,7
424833,424841,424842,1,8
424833,424833,424842,9,0
424833,424840,424842,2,7
424833,424840,424841,1,7
424833,424840,424841,1,7
424833,424840,424842,2,7
424833,424840,424841,1,7
424833,424833,424843,10,0
424833,424833,424843,10,0
424833,424833,424843,10,0
424963,424963,424964,1,0
424963,424963,424964,1,0
424963,424963,424964,1,0
424963,424963,424966,3,0
424963,424965,424968,3,2
424963,424967,424969,2,4
424963,424963,424968,5,0
424963,424965,424968,3,2
424963,424963,424969,6,0
424963,424965,424969,4,2
424963,424963,424970,7,0
424963,424963,424970,7,0
424963,424963,424970,7,0
424963,424968,424970,2,5
424963,424969,424971,2,6
424963,424969,424971,2,6
424963,424969,424970,1,6
424963,424970,424971,1,7
424963,424963,424971,8,0
424963,424963,424971,8,0
424963,424970,424971,1,7
424963,424970,424971,1,7
424963,424963,424972,9,0
424963,424963,424971,8,0
424963,424970,424971,1,7
424963,424971,424972,1,8
424963,424963,424971,8,0
424963,424970,424971,1,7
424963,424970,424972,2,7
424963,424963,424972,9,0
424963,424963,424973,10,0
425088,425088,425090,2,0
425088,425088,425090,2,0
425088,425088,425090,2,0
425088,425088,425092,4,0
425088,425091,425093,2,3
425088,425088,425094,6,0
425088,425088,425094,6,0
425088,425088,425094,6,0
425088,425090,425093,3,2
425088,425088,425095,7,0
425088,425093,425095,2,5
425088,425088,425095,7,0
425088,425088,425095,7,0
425088,425089,425095,6,1
425088,425090,425096,6,2
425088,425094,425096,2,6
425088,425088,425096,8,0
425088,425095,425096,1,7
425088,425095,425096,1,7
425088,425095,425096,1,7
425088,425094,425096,2,6
425088,425096,425097,1,8
425088,425096,425097,1,8
425088,425088,425097,9,0
425088,425096,425097,1,8
425088,425096,425097,1,8
425088,425096,425097,1,8
425088,425088,425098,10,0
425088,425097,425098,1,9
425088,425088,425098,10,0
425088,425088,425098,10,0
425214,425214,425215,1,0
425214,425214,425215,1,0
425214,425214,425215,1,0
425214,425214,425217,3,0
425214,425216,425219,3,2
425214,425216,425218,2,2
425214,425214,425219,5,0
425214,425214,425219,5,0
425214,425216,425219,3,2
425214,425214,425221,7,0
425214,425214,425221,7,0
425214,425219,425221,2,5
425214,425218,425221,3,4
425214,425219,425221,2,5
425214,425214,425221,7,0
425214,425214,425221,7,0
425214,425219,425221,2,5
425214,425220,425221,1,6
425214,425220,425221,1,6
425214,425214,425221,7,0
425214,425214,425222,8,0
425214,425214,425223,9,0
425214,425214,425222,8,0
425214,425221,425222,1,7
425214,425221,425222,1,7
425214,425221,425222,1,7
425214,425214,425222,8,0
425214,425221,425222,1,7
425214,425221,425222,1,7
425214,425222,425223,1,8
425214,425214,425224,10,0
425343,425343,425344,1,0
425343,425343,425344,1,0
425343,425343,425344,1,0
425343,425343,425348,5,0
425343,425345,425348,3,2
425343,425344,425348,4,1
425343,425345,425348,3,2
425343,425343,425348,5,0
425343,425343,425350,7,0
425343,425348,425350,2,5
425343,425348,425350,2,5
425343,425343,425350,7,0
425343,425349,425351,2,6
425343,425343,425350,7,0
425343,425348,425350,2,5
425343,425349,425350,1,6
425343,425343,425351,8,0
425343,425343,425351,8,0
425343,425350,425351,1,7
425343,425343,425352,9,0
425343,425343,425351,8,0
425343,425343,425352,9,0
425343,425350,425352,2,7
425343,425343,425353,10,0
425343,425351,425352,1,8
425343,425351,425353,2,8
425343,425351,425353,2,8
425343,425351,425352,1,8
425343,425351,425352,1,8
425343,425343,425354,11,0
425343,425343,425354,11,0
425469,425469,425471,2,0
425469,425469,425471,2,0
425469,425469,425471,2,0
425469,425469,425473,4,0
425469,425472,425474,2,3
425469,425469,425475,6,0
425469,425472,425475,3,3
425469,425472,425475,3,3
425469,425474,425476,2,5
425469,425469,425476,7,0
425469,425469,425476,7,0
425469,425469,425477,8,0
425469,425476,425478,2,7
425469,425476,425477,1,7
425469,425476,425477,1,7
425469,425475,425477,2,6
425469,425477,425478,1,8
425469,425469,425478,9,0
425469,425469,425478,9,0
425469,425477,425478,1,8
425469,425478,425479,1,9
425469,425469,425478,9,0
425469,425477,425478,1,8
425469,425478,425479,1,9
425469,425470,425478,8,1
425469,425469,425479,10,0
425469,425478,425479,1,9
425469,425478,425479,1,9
425469,425469,425479,10,0
425469,425469,425479,10,0
425469,425470,425480,10,1
425598,425598,425599,1,0
425598,425598,425599,1,0
425598,425598,425600,2,0
425598,425598,425602,4,0
425598,425599,425603,4,1
425598,425598,425603,5,0
425598,425600,425603,3,2
425598,425600,425603,3,2
425598,425598,425605,7,0
425598,425598,425605,7,0
425598,425598,425605,7,0
425598,425602,425605,3,4
425598,425598,425605,7,0
425598,425603,425605,2,5
425598,425603,425605,2,5
425598,425604,425605,1,6
425598,425603,425606,3,5
425598,425605,425607,2,7
425598,425605,425607,2,7
425598,425605,425607,2,7
425598,425606,425607,1,8
425598,425606,425607,1,8
425598,425606,425607,1,8
425598,425606,425607,1,8
425598,425598,425608,10,0
425598,425598,425608,10,0
425598,425598,425608,10,0
425598,425598,425608,10,0
425598,425598,425608,10,0
425598,425598,425608,10,0
425598,425598,425608,10,0
425723,425723,425724,1,0
425723,425723,425724,1,0
425723,425723,425724,1,0
425723,425723,425726,3,0
425723,425724,425728,4,1
425723,425725,425728,3,2
425723,425723,425728,5,0
425723,425725,425728,3,2
425723,425723,425729,6,0
425723,425723,425729,6,0
425723,425726,425729,3,3
425723,425723,425729,6,0
425723,425723,425730,7,0
425723,425728,425730,2,5
425723,425723,425729,6,0
425723,425728,425730,2,5
425723,425729,425730,1,6
425723,425728,425730,2,5
425723,425729,425731,2,6
425723,425729,425730,1,6
425723,425723,425731,8,0
425723,425729,425731,2,6
425723,425730,425731,1,7
425723,425730,425731,1,7
425723,425730,425731,1,7
425723,425730,425731,1,7
425723,425723,425732,9,0
425723,425723,425733,10,0
425723,425723,425733,10,0
425723,425723,425733,10,0
425723,425723,425733,10,0
425850,425850,425851,1,0
425850,425850,425851,1,0
425850,425850,425851,1,0
425850,425850,425853,3,0
425850,425852,425855,3,2
425850,425850,425854,4,0
425850,425851,425855,4,1
425850,425850,425855,5,0
425850,425850,425856,6,0
425850,425852,425856,4,2
425850,425850,425855,5,0
425850,425850,425856,6,0
425850,425854,425856,2,4
425850,425855,425857,2,5
425850,425850,425857,7,0
425850,425855,425857,2,5
425850,425855,425857,2,5
425850,425856,425858,2,6
425850,425856,425857,1,6
425850,425856,425857,1,6
425850,425856,425858,2,6
425850,425850,425859,9,0
425850,425850,425859,9,0
425850,425857,425859,2,7
425850,425857,425858,1,7
425850,425857,425859,2,7
425850,425850,425860,10,0
425850,425850,425859,9,0
425850,425850,425860,10,0
425850,425850,425860,10,0
425976,425976,425977,1,0
425976,425976,425978,2,0
425976,425976,425977,1,0
425976,425976,425979,3,0
425976,425976,425980,4,0
425976,425978,425981,3,2
425976,425978,425981,3,2
425976,425978,425981,3,2
425976,425976,425982,6,0
425976,425976,425981,5,0
425976,425976,425981,5,0
425976,425976,425983,7,0
425976,425976,425983,7,0
425976,425980,425982,2,4
425976,425980,425982,2,4
425976,425976,425983,7,0
425976,425981,425983,2,5
425976,425981,425983,2,5
425976,425976,425984,8,0
425976,425982,425984,2,6
425976,425982,425984,2,6
425976,425982,425983,1,6
425976,425982,425983,1,6
425976,425983,425984,1,7
425976,425983,425985,2,7
425976,425983,425984,1,7
425976,425983,425984,1,7
425976,425976,425986,10,0
425976,425976,425986,10,0
425976,425976,425986,10,0
425976,425976,425985,9,0
426102,426102,426103,1,0
426102,426102,426103,1,0
426102,426102,426103,1,0
426102,426103,426106,3,1
426102,426104,426106,2,2
426102,426102,426106,4,0
426102,426102,426107,5,0
426102,426104,426107,3,2
426102,426102,426107,5,0
426102,426102,426107,5,0
426102,426102,426107,5,0
426102,426102,426108,6,0
426102,426102,426109,7,0
426102,426102,426109,7,0
426102,426107,426109,2,5
426102,426107,426109,2,5
426102,426108,426109,1,6
426102,426107,426109,2,5
426102,426108,426109,1,6
426102,426107,426109,2,5
426102,426108,426109,1,6
426102,426108,426109,1,6
426102,426109,426110,1,7
426102,426109,426110,1,7
426102,426109,426110,1,7
426102,426102,426111,9,0
426102,426109,426110,1,7
426102,426102,426111,9,0
426102,426102,426111,9,0
426102,426102,426112,10,0
426102,426102,426112,10,0
426229,426229,426230,1,0
426229,426229,426230,1,0
426229,426229,426230,1,0
426229,426231,426234,3,2
426229,426229,426234,5,0
426229,426231,426234,3,2
426229,426229,426234,5,0
426229,426231,426234,3,2
426229,426229,426235,6,0
426229,426229,426234,5,0
426229,426229,426235,6,0
426229,426229,426236,7,0
426229,426235,426236,1,6
426229,426235,426237,2,6
426229,426234,426236,2,5
426229,426235,426236,1,6
426229,426235,426237,2,6
426229,426235,426236,1,6
426229,426235,426237,2,6
426229,426235,426237,2,6
426229,426229,426239,10,0
426229,426237,426238,1,8
426229,426229,426238,9,0
426229,426237,426238,1,8
426229,426237,426238,1,8
426229,426229,426238,9,0
426229,426229,426239,10,0
426229,426229,426238,9,0
426229,426237,426238,1,8
426229,426229,426239,10,0
426229,426229,426239,10,0
426356,426356,426357,1,0
426356,426356,426357,1,0
426356,426356,426357,1,0
426356,426356,426360,4,0
426356,426357,426360,3,1
426356,426358,426361,3,2
426356,426356,426361,5,0
426356,426358,426361,3,2
426356,426356,426362,6,0
426356,426356,426362,6,0
426356,426356,426363,7,0
426356,426361,426363,2,5
426356,426362,426363,1,6
426356,426356,426363,7,0
426356,426362,426363,1,6
426356,426361,426363,2,5
426356,426361,426363,2,5
426356,426356,426364,8,0
426356,426363,426364,1,7
426356,426363,426364,1,7
426356,426363,426364,1,7
426356,426363,426364,1,7
426356,426356,426365,9,0
426356,426364,426365,1,8
426356,426356,426365,9,0
426356,426364,426365,1,8
426356,426364,426365,1,8
426356,426356,426365,9,0
426356,426356,426365,9,0
426356,426356,426365,9,0
426356,426356,426367,11,0
426483,426483,426485,2,0
426483,426483,426485,2,0
426483,426483,426485,2,0
426483,426486,426488,2,3
426483,426483,426489,6,0
426483,426485,426489,4,2
426483,426483,426489,6,0
426483,426485,426489,4,2
426483,426483,426489,6,0
426483,426483,426490,7,0
426483,426489,426491,2,6
426483,426483,426491,8,0
426483,426489,426491,2,6
426483,426483,426491,8,0
426483,426489,426491,2,6
426483,426483,426491,8,0
426483,426489,426491,2,6
426483,426483,426492,9,0
426483,426483,426492,9,0
426483,426490,426492,2,7
426483,426483,426492,9,0
426483,426489,426492,3,6
426483,426490,426492,2,7
426483,426492,426493,1,9
426483,426492,426493,1,9
426483,426492,426493,1,9
426483,426483,426493,10,0
426483,426492,426493,1,9
426483,426483,426493,10,0
426483,426483,426493,10,0
426609,426609,426611,2,0
426609,426609,426610,1,0
426609,426609,426610,1,0
426609,426611,426614,3,2
426609,426611,426614,3,2
426609,426609,426614,5,0
426609,426611,426614,3,2
426609,426609,426615,6,0
426609,426609,426615,6,0
426609,426609,426616,7,0
426609,426609,426616,7,0
426609,426615,426617,2,6
426609,426615,426617,2,6
426609,426609,426616,7,0
426609,426615,426617,2,6
426609,426609,426617,8,0
426609,426614,426617,3,5
426609,426616,426617,1,7
426609,426609,426618,9,0
426609,426609,426617,8,0
426609,426616,426618,2,7
426609,426609,426617,8,0
426609,426616,426618,2,7
426609,426617,426618,1,8
426609,426609,426618,9,0
426609,426616,426618,2,7
426609,426617,426618,1,8
426609,426609,426619,10,0
426609,426617,426618,1,8
426609,426617,426619,2,8
426609,426609,426619,10,0
426735,426735,426736,1,0
426735,426735,426737,2,0
426735,426735,426736,1,0
426735,426735,426740,5,0
426735,426737,426740,3,2
426735,426735,426740,5,0
426735,426735,426741,6,0
426735,426737,426740,3,2
426735,426735,426741,6,0
426735,426735,426742,7,0
426735,426740,426742,2,5
426735,426735,426742,7,0
426735,426741,426743,2,6
426735,426740,426742,2,5
426735,426741,426743,2,6
426735,426735,426743,8,0
426735,426741,426743,2,6
426735,426735,426742,7,0
426735,426741,426743,2,6
426735,426735,426743,8,0
426735,426737,426744,7,2
426735,426742,426744,2,7
426735,426743,426744,1,8
426735,426735,426744,9,0
426735,426742,426743,1,7
426735,426735,426744,9,0
426735,426742,426744,2,7
426735,426735,426745,10,0
426735,426743,426744,1,8
426735,426735,426745,10,0
426735,426743,426745,2,8
426861,426861,426862,1,0
426861,426861,426862,1,0
426861,426861,426862,1,0
426861,426861,426866,5,0
426861,426861,426865,4,0
426861,426863,426865,2,2
426861,426861,426866,5,0
426861,426861,426866,5,0
426861,426861,426867,6,0
426861,426861,426867,6,0
426861,426863,426868,5,2
426861,426861,426868,7,0
426861,426863,426867,4,2
426861,426861,426867,6,0
426861,426866,426868,2,5
426861,426866,426868,2,5
426861,426866,426868,2,5
426861,426861,426868,7,0
426861,426867,426868,1,6
426861,426861,426868,7,0
426861,426867,426868,1,6
426861,426868,426869,1,7
426861,426868,426869,1,7
426861,426868,426869,1,7
426861,426861,426870,9,0
426861,426868,426869,1,7
426861,426868,426869,1,7
426861,426868,426869,1,7
426861,426868,426869,1,7
426861,426861,426870,9,0
426861,426861,426870,9,0
426988,426988,426989,1,0
426988,426988,426989,1,0
426988,426988,426989,1,0
426988,426988,426992,4,0
426988,426988,426992,4,0
426988,426990,426992,2,2
426988,426990,426994,4,2
426988,426988,426993,5,0
426988,426988,426994,6,0
426988,426988,426994,6,0
426988,426993,426995,2,5
426988,426988,426995,7,0
426988,426993,426995,2,5
426988,426993,426995,2,5
426988,426988,426996,8,0
426988,426988,426995,7,0
426988,426990,426996,6,2
426988,426994,426996,2,6
426988,426988,426995,7,0
426988,426994,426996,2,6
426988,426988,426995,7,0
426988,426988,426996,8,0
426988,426994,426996,2,6
426988,426995,426996,1,7
426988,426995,426997,2,7
426988,426988,426998,10,0
426988,426996,426997,1,8
426988,426996,426997,1,8
426988,426996,426997,1,8
426988,426996,426997,1,8
426988,426988,426998,10,0
427114,427114,427116,2,0
427114,427114,427116,2,0
427114,427114,427115,1,0
427114,427114,427118,4,0
427114,427114,427119,5,0
427114,427116,427120,4,2
427114,427116,427120,4,2
427114,427114,427119,5,0
427114,427114,427121,7,0
427114,427114,427120,6,0
427114,427116,427121,5,2
427114,427119,427121,2,5
427114,427114,427122,8,0
427114,427120,427122,2,6
427114,427114,427122,8,0
427114,427120,427122,2,6
427114,427114,427122,8,0
427114,427114,427121,7,0
427114,427120,427122,2,6
427114,427114,427121,7,0
427114,427119,427122,3,5
427114,427114,427123,9,0
427114,427121,427122,1,7
427114,427121,427123,2,7
427114,427121,427122,1,7
427114,427121,427123,2,7
427114,427114,427124,10,0
427114,427122,427123,1,8
427114,427114,427124,10,0
427114,427122,427124,2,8
427114,427122,427123,1,8
427241,427241,427242,1,0
427241,427241,427243,2,0
427241,427241,427243,2,0
427241,427241,427246,5,0
427241,427241,427246,5,0
427241,427241,427247,6,0
427241,427241,427247,6,0
427241,427243,427247,4,2
427241,427243,427247,4,2
427241,427243,427247,4,2
427241,427241,427248,7,0
427241,427241,427248,7,0
427241,427241,427249,8,0
427241,427247,427249,2,6
427241,427241,427248,7,0
427241,427246,427248,2,5
427241,427246,427249,3,5
427241,427247,427249,2,6
427241,427247,427249,2,6
427241,427248,427250,2,7
427241,427241,427250,9,0
427241,427241,427249,8,0
427241,427248,427250,2,7
427241,427241,427249,8,0
427241,427241,427250,9,0
427241,427248,427250,2,7
427241,427248,427250,2,7
427241,427241,427251,10,0
427241,427249,427250,1,8
427241,427249,427251,2,8
427241,427249,427250,1,8
427369,427369,427370,1,0
427369,427369,427370,1,0
427369,427369,427370,1,0
427369,427369,427373,4,0
427369,427369,427374,5,0
427369,427371,427374,3,2
427369,427369,427374,5,0
427369,427369,427374,5,0
427369,427369,427375,6,0
427369,427371,427375,4,2
427369,427371,427375,4,2
427369,427374,427376,2,5
427369,427369,427376,7,0
427369,427369,427376,7,0
427369,427369,427376,7,0
427369,427374,427377,3,5
427369,427374,427376,2,5
427369,427369,427377,8,0
427369,427375,427376,1,6
427369,427369,427377,8,0
427369,427375,427377,2,6
427369,427376,427377,1,7
427369,427376,427377,1,7
427369,427376,427377,1,7
427369,427376,427377,1,7
427369,427369,427378,9,0
427369,427369,427378,9,0
427369,427377,427378,1,8
427369,427377,427378,1,8
427369,427377,427378,1,8
427369,427369,427379,10,0
427496,427496,427497,1,0
427496,427496,427497,1,0
427496,427496,427498,2,0
427496,427496,427501,5,0
427496,427496,427502,6,0
427496,427496,427501,5,0
427496,427496,427501,5,0
427496,427498,427501,3,2
427496,427496,427503,7,0
427496,427498,427502,4,2
427496,427498,427502,4,2
427496,427496,427503,7,0
427496,427496,427504,8,0
427496,427502,427504,2,6
427496,427496,427503,7,0
427496,427496,427503,7,0
427496,427501,427503,2,5
427496,427502,427504,2,6
427496,427496,427504,8,0
427496,427502,427504,2,6
427496,427503,427505,2,7
427496,427503,427505,2,7
427496,427503,427504,1,7
427496,427502,427504,2,6
427496,427496,427506,10,0
427496,427504,427505,1,8
427496,427496,427505,9,0
427496,427504,427505,1,8
427496,427504,427505,1,8
427496,427504,427505,1,8
427496,427496,427505,9,0
427627,427627,427628,1,0
427627,427627,427628,1,0
427627,427627,427628,1,0
427627,427627,427632,5,0
427627,427627,427632,5,0
427627,427627,427632,5,0
427627,427629,427633,4,2
427627,427629,427633,4,2
427627,427629,427633,4,2
427627,427627,427635,8,0
427627,427627,427635,8,0
427627,427627,427634,7,0
427627,427627,427635,8,0
427627,427627,427635,8,0
427627,427633,427635,2,6
427627,427627,427635,8,0
427627,427632,427636,4,5
427627,427633,427635,2,6
427627,427633,427635,2,6
427627,427634,427636,2,7
427627,427627,427635,8,0
427627,427634,427635,1,7
427627,427635,427636,1,8
427627,427635,427636,1,8
427627,427627,427637,10,0
427627,427635,427636,1,8
427627,427635,427636,1,8
427627,427635,427636,1,8
427627,427627,427636,9,0
427627,427627,427637,10,0
427627,427635,427636,1,8
427753,427753,427754,1,0
427753,427753,427754,1,0
427753,427753,427754,1,0
427753,427753,427758,5,0
427753,427753,427758,5,0
427753,427754,427759,5,1
427753,427753,427759,6,0
427753,427756,427759,3,3
427753,427753,427760,7,0
427753,427753,427760,7,0
427753,427755,427759,4,2
427753,427753,427760,7,0
427753,427753,427760,7,0
427753,427759,427761,2,6
427753,427753,427761,8,0
427753,427759,427761,2,6
427753,427753,427761,8,0
427753,427758,427760,2,5
427753,427753,427761,8,0
427753,427760,427761,1,7
427753,427753,427762,9,0
427753,427760,427762,2,7
427753,427758,427762,4,5
427753,427760,427762,2,7
427753,427760,427762,2,7
427753,427760,427762,2,7
427753,427761,427762,1,8
427753,427753,427763,10,0
427753,427761,427763,2,8
427753,427761,427763,2,8
427753,427753,427763,10,0
427880,427880,427881,1,0
427880,427880,427881,1,0
427880,427880,427882,2,0
427880,427880,427883,3,0
427880,427880,427884,4,0
427880,427880,427884,4,0
427880,427882,427885,3,2
427880,427881,427885,4,1
427880,427880,427886,6,0
427880,427882,427885,3,2
427880,427880,427886,6,0
427880,427880,427887,7,0
427880,427884,427887,3,4
427880,427885,427887,2,5
427880,427886,427887,1,6
427880,427880,427888,8,0
427880,427886,427888,2,6
427880,427886,427888,2,6
427880,427880,427888,8,0
427880,427880,427887,7,0
427880,427885,427887,2,5
427880,427885,427888,3,5
427880,427887,427888,1,7
427880,427880,427888,8,0
427880,427887,427888,1,7
427880,427888,427889,1,8
427880,427887,427889,2,7
427880,427880,427889,9,0
427880,427887,427888,1,7
427880,427880,427890,10,0
427880,427880,427890,10,0
428007,428007,428008,1,0
428007,428007,428008,1,0
428007,428007,428009,2,0
428007,428007,428011,4,0
428007,428007,428011,4,0
428007,428007,428012,5,0
428007,428009,428012,3,2
428007,428009,428012,3,2
428007,428007,428013,6,0
428007,428009,428013,4,2
428007,428007,428013,6,0
428007,428011,428014,3,4
428007,428011,428013,2,4
428007,428007,428014,7,0
428007,428007,428014,7,0
428007,428013,428015,2,6
428007,428007,428015,8,0
428007,428012,428014,2,5
428007,428013,428015,2,6
428007,428007,428015,8,0
428007,428007,428015,8,0
428007,428007,428015,8,0
428007,428013,428015,2,6
428007,428013,428015,2,6
428007,428014,428015,1,7
428007,428014,428016,2,7
428007,428014,428016,2,7
428007,428014,428016,2,7
428007,428015,428016,1,8
428007,428007,428017,10,0
428007,428007,428018,11,0
428259,428259,428260,1,0
428259,428259,428261,2,0
428259,428259,428260,1,0
428259,428259,428263,4,0
428259,428259,428263,4,0
428259,428260,428264,4,1
428259,428262,428264,2,3
428259,428259,428264,5,0
428259,428262,428264,2,3
428259,428259,428265,6,0
428259,428259,428265,6,0
428259,428259,428266,7,0
428259,428265,428267,2,6
428259,428265,428266,1,6
428259,428264,428266,2,5
428259,428265,428266,1,6
428259,428266,428267,1,7
428259,428259,428267,8,0
428259,428259,428267,8,0
428259,428264,428267,3,5
428259,428259,428267,8,0
428259,428265,428267,2,6
428259,428266,428267,1,7
428259,428259,428267,8,0
428259,428259,428268,9,0
428259,428267,428268,1,8
428259,428267,428268,1,8
428259,428267,428268,1,8
428259,428267,428268,1,8
428259,428259,428269,10,0
428259,428259,428269,10,0
428389,428389,428390,1,0
428389,428389,428390,1,0
428389,428389,428390,1,0
428389,428389,428392,3,0
428389,428389,428392,3,0
428389,428389,428393,4,0
428389,428391,428394,3,2
428389,428389,428395,6,0
428389,428391,428394,3,2
428389,428391,428394,3,2
428389,428392,428395,3,3
428389,428389,428395,6,0
428389,428389,428395,6,0
428389,428394,428396,2,5
428389,428393,428395,2,4
428389,428394,428396,2,5
428389,428395,428397,2,6
428389,428395,428396,1,6
428389,428395,428396,1,6
428389,428395,428396,1,6
428389,428389,428397,8,0
428389,428395,428396,1,6
428389,428389,428397,8,0
428389,428396,428397,1,7
428389,428389,428398,9,0
428389,428396,428397,1,7
428389,428396,428397,1,7
428389,428389,428399,10,0
428389,428389,428399,10,0
428389,428389,428398,9,0
428389,428389,428399,10,0
428524,428524,428525,1,0
428524,428524,428525,1,0
428524,428524,428525,1,0
428524,428524,428526,2,0
428524,428524,428528,4,0
428524,428526,428529,3,2
428524,428526,428529,3,2
428524,428524,428530,6,0
428524,428526,428529,3,2
428524,428524,428529,5,0
428524,428524,428529,5,0
428524,428527,428529,2,3
428524,428524,428530,6,0
428524,428524,428530,6,0
428524,428529,428531,2,5
428524,428524,428530,6,0
428524,428529,428531,2,5
428524,428528,428530,2,4
428524,428530,428532,2,6
428524,428530,428531,1,6
428524,428524,428531,7,0
428524,428530,428531,1,6
428524,428530,428531,1,6
428524,428530,428531,1,6
428524,428531,428532,1,7
428524,428531,428532,1,7
428524,428531,428532,1,7
428524,428524,428534,10,0
428524,428524,428534,10,0
428524,428524,428534,10,0
428524,428524,428534,10,0
428649,428649,428650,1,0
428649,428649,428650,1,0
428649,428649,428650,1,0
428649,428649,428651,2,0
428649,428649,428654,5,0
428649,428649,428654,5,0
428649,428651,428654,3,2
428649,428649,428654,5,0
428649,428650,428654,4,1
428649,428649,428655,6,0
428649,428651,428654,3,2
428649,428652,428654,2,3
428649,428649,428654,5,0
428649,428649,428656,7,0
428649,428654,428656,2,5
428649,428649,428655,6,0
428649,428649,428655,6,0
428649,428654,428656,2,5
428649,428649,428655,6,0
428649,428654,428656,2,5
428649,428654,428656,2,5
428649,428654,428656,2,5
428649,428655,428656,1,6
428649,428655,428656,1,6
428649,428655,428656,1,6
428649,428649,428657,8,0
428649,428655,428656,1,6
428649,428656,428657,1,7
428649,428656,428657,1,7
428649,428649,428658,9,0
428649,428649,428659,10,0
428776,428776,428777,1,0
428776,428776,428777,1,0
428776,428776,428777,1,0
428776,428776,428779,3,0
428776,428776,428780,4,0
428776,428776,428780,4,0
428776,428776,428781,5,0
428776,428778,428781,3,2
428776,428776,428782,6,0
428776,428778,428782,4,2
428776,428776,428782,6,0
428776,428778,428782,4,2
428776,428780,428782,2,4
428776,428779,428782,3,3
428776,428780,428782,2,4
428776,428776,428783,7,0
428776,428776,428783,7,0
428776,428776,428783,7,0
428776,428776,428783,7,0
428776,428781,428783,2,5
428776,428781,428783,2,5
428776,428776,428783,7,0
428776,428782,428784,2,6
428776,428782,428784,2,6
428776,428782,428784,2,6
428776,428782,428784,2,6
428776,428782,428784,2,6
428776,428776,428784,8,0
428776,428783,428784,1,7
428776,428776,428785,9,0
428909,428909,428910,1,0
428909,428909,428910,1,0
428909,428909,428910,1,0
428909,428909,428912,3,0
428909,428910,428913,3,1
428909,428909,428913,4,0
428909,428909,428914,5,0
428909,428911,428914,3,2
428909,428909,428915,6,0
428909,428911,428914,3,2
428909,428909,428915,6,0
428909,428909,428915,6,0
428909,428913,428915,2,4
428909,428909,428915,6,0
428909,428909,428915,6,0
428909,428912,428915,3,3
428909,428913,428915,2,4
428909,428909,428916,7,0
428909,428909,428916,7,0
428909,428909,428916,7,0
428909,428914,428916,2,5
428909,428914,428916,2,5
428909,428909,428916,7,0
428909,428915,428917,2,6
428909,428915,428917,2,6
428909,428915,428916,1,6
428909,428915,428917,2,6
428909,428915,428917,2,6
428909,428915,428917,2,6
428909,428909,428918,9,0
429036,429036,429037,1,0
429036,429036,429037,1,0
429036,429036,429037,1,0
429036,429036,429038,2,0
429036,429037,429040,3,1
429036,429036,429040,4,0
429036,429038,429041,3,2
429036,429036,429041,5,0
429036,429037,429040,3,1
429036,429036,429041,5,0
429036,429036,429042,6,0
429036,429036,429041,5,0
429036,429039,429041,2,3
429036,429036,429041,5,0
429036,429036,429042,6,0
429036,429036,429042,6,0
429036,429041,429043,2,5
429036,429041,429042,1,5
429036,429036,429042,6,0
429036,429036,429042,6,0
429036,429041,429043,2,5
429036,429041,429043,2,5
429036,429041,429043,2,5
429036,429042,429043,1,6
429036,429042,429043,1,6
429036,429042,429043,1,6
429036,429042,429043,1,6
429036,429042,429043,1,6
429036,429042,429043,1,6
429036,429036,429044,8,0
429036,429036,429045,9,0
429166,429166,429167,1,0
429166,429166,429167,1,0
429166,429166,429168,2,0
429166,429166,429169,3,0
429166,429166,429170,4,0
429166,429166,429171,5,0
429166,429168,429171,3,2
429166,429166,429172,6,0
429166,429166,429172,6,0
429166,429168,429171,3,2
429166,429166,429172,6,0
429166,429166,429172,6,0
429166,429168,429172,4,2
429166,429166,429172,6,0
429166,429169,429172,3,3
429166,429171,429172,1,5
429166,429166,429172,6,0
429166,429166,429172,6,0
429166,429171,429173,2,5
429166,429166,429173,7,0
429166,429172,429173,1,6
429166,429166,429174,8,0
429166,429172,429174,2,6
429166,429172,429174,2,6
429166,429172,429174,2,6
429166,429172,429174,2,6
429166,429173,429174,1,7
429166,429173,429174,1,7
429166,429173,429174,1,7
429166,429173,429174,1,7
429166,429166,429176,10,0
429292,429292,429294,2,0
429292,429292,429294,2,0
429292,429292,429294,2,0
429292,429292,429295,3,0
429292,429293,429297,4,1
429292,429295,429297,2,3
429292,429293,429297,4,1
429292,429295,429298,3,3
429292,429293,429298,5,1
429292,429293,429298,5,1
429292,429296,429298,2,4
429292,429293,429298,5,1
429292,429295,429298,3,3
429292,429293,429298,5,1
429292,429292,429299,7,0
429292,429298,429299,1,6
429292,429292,429299,7,0
429292,429298,429299,1,6
429292,429293,429299,6,1
429292,429298,429299,1,6
429292,429299,429300,1,7
429292,429299,429300,1,7
429292,429299,429300,1,7
429292,429298,429300,2,6
429292,429299,429300,1,7
429292,429293,429300,7,1
429292,429299,429300,1,7
429292,429293,429301,8,1
429292,429299,429300,1,7
429292,429300,429301,1,8
429292,429292,429302,10,0
429419,429420,429421,1,1
429419,429420,429421,1,1
429419,429420,429421,1,1
429419,429420,429423,3,1
429419,429420,429423,3,1
429419,429420,429424,4,1
429419,429422,429424,2,3
429419,429422,429424,2,3
429419,429420,429424,4,1
429419,429420,429424,4,1
429419,429420,429426,6,1
429419,429420,429425,5,1
429419,429422,429425,3,3
429419,429420,429427,7,1
429419,429425,429426,1,6
429419,429425,429426,1,6
429419,429424,429426,2,5
429419,429425,429426,1,6
429419,429424,429426,2,5
429419,429425,429426,1,6
429419,429420,429426,6,1
429419,429425,429426,1,6
429419,429420,429427,7,1
429419,429426,429427,1,7
429419,429420,429427,7,1
429419,429426,429427,1,7
429419,429420,429427,7,1
429419,429426,429427,1,7
429419,429427,429428,1,8
429419,429427,429428,1,8
429419,429420,429429,9,1
429546,429546,429547,1,0
429546,429546,429547,1,0
429546,429546,429547,1,0
429546,429546,429549,3,0
429546,429546,429550,4,0
429546,429546,429549,3,0
429546,429546,429550,4,0
429546,429548,429550,2,2
429546,429546,429550,4,0
429546,429547,429550,3,1
429546,429546,429552,6,0
429546,429548,429551,3,2
429546,429550,429551,1,4
429546,429546,429551,5,0
429546,429546,429551,5,0
429546,429550,429551,1,4
429546,429546,429552,6,0
429546,429551,429552,1,5
429546,429551,429552,1,5
429546,429546,429553,7,0
429546,429551,429553,2,5
429546,429551,429553,2,5
429546,429546,429554,8,0
429546,429552,429553,1,6
429546,429552,429553,1,6
429546,429546,429553,7,0
429546,429550,429553,3,4
429546,429552,429553,1,6
429546,429546,429553,7,0
429546,429552,429553,1,6
429546,429552,429553,1,6
429676,429676,429677,1,0
429676,429676,429677,1,0
429676,429676,429677,1,0
429676,429676,429679,3,0
429676,429676,429679,3,0
429676,429676,429679,3,0
429676,429676,429681,5,0
429676,429678,429681,3,2
429676,429676,429680,4,0
429676,429677,429681,4,1
429676,429677,429680,3,1
429676,429680,429682,2,4
429676,429676,429682,6,0
429676,429680,429683,3,4
429676,429681,429683,2,5
429676,429676,429682,6,0
429676,429680,429682,2,4
429676,429681,429682,1,5
429676,429676,429682,6,0
429676,429681,429683,2,5
429676,429681,429682,1,5
429676,429676,429683,7,0
429676,429681,429682,1,5
429676,429676,429683,7,0
429676,429676,429684,8,0
429676,429676,429684,8,0
429676,429676,429683,7,0
429676,429682,429683,1,6
429676,429683,429684,1,7
429676,429683,429684,1,7
429676,429683,429684,1,7
429804,429804,429805,1,0
429804,429804,429805,1,0
429804,429804,429805,1,0
429804,429804,429806,2,0
429804,429804,429807,3,0
429804,429804,429807,3,0
429804,429804,429808,4,0
429804,429804,429808,4,0
429804,429807,429809,2,3
429804,429804,429809,5,0
429804,429806,429809,3,2
429804,429806,429810,4,2
429804,429807,429810,3,3
429804,429806,429809,3,2
429804,429808,429810,2,4
429804,429808,429810,2,4
429804,429809,429810,1,5
429804,429809,429811,2,5
429804,429809,429811,2,5
429804,429804,429811,7,0
429804,429810,429811,1,6
429804,429804,429812,8,0
429804,429804,429812,8,0
429804,429810,429812,2,6
429804,429810,429812,2,6
429804,429804,429812,8,0
429804,429804,429812,8,0
429804,429811,429812,1,7
429804,429804,429812,8,0
429804,429811,429812,1,7
429804,429804,429812,8,0
429932,429932,429933,1,0
429932,429932,429933,1,0
429932,429932,429933,1,0
429932,429932,429934,2,0
429932,429932,429935,3,0
429932,429932,429935,3,0
429932,429933,429935,2,1
429932,429934,429936,2,2
429932,429933,429936,3,1
429932,429932,429937,5,0
429932,429935,429937,2,3
429932,429936,429937,1,4
429932,429936,429937,1,4
429932,429935,429937,2,3
429932,429932,429938,6,0
429932,429937,429938,1,5
429932,429932,429938,6,0
429932,429932,429938,6,0
429932,429938,429939,1,6
429932,429932,429938,6,0
429932,429932,429939,7,0
429932,429937,429938,1,5
429932,429932,429939,7,0
429932,429938,429939,1,6
429932,429932,429939,7,0
429932,429932,429939,7,0
429932,429938,429939,1,6
429932,429938,429939,1,6
429932,429932,429939,7,0
429932,429938,429939,1,6
429932,429939,429940,1,7
430058,430058,430059,1,0
430058,430058,430059,1,0
430058,430058,430060,2,0
430058,430058,430059,1,0
430058,430058,430060,2,0
430058,430058,430061,3,0
430058,430060,430063,3,2
430058,430060,430063,3,2
430058,430060,430062,2,2
430058,430058,430063,5,0
430058,430060,430063,3,2
430058,430061,430063,2,3
430058,430062,430064,2,4
430058,430058,430064,6,0
430058,430058,430064,6,0
430058,430058,430064,6,0
430058,430063,430064,1,5
430058,430058,430065,7,0
430058,430063,430065,2,5
430058,430058,430065,7,0
430058,430063,430064,1,5
430058,430058,430066,8,0
430058,430064,430065,1,6
430058,430064,430065,1,6
430058,430058,430065,7,0
430058,430058,430065,7,0
430058,430064,430065,1,6
430058,430058,430065,7,0
430058,430064,430065,1,6
430058,430064,430065,1,6
430058,430064,430065,1,6
430432,430432,430433,1,0
430432,430432,430433,1,0
430432,430432,430434,2,0
430432,430432,430434,2,0
430432,430434,430435,1,2
430432,430434,430436,2,2
430432,430432,430435,3,0
430432,430435,430436,1,3
430432,430432,430437,5,0
430432,430435,430437,2,3
430432,430432,430437,5,0
430432,430433,430437,4,1
430432,430432,430437,5,0
430432,430436,430437,1,4
430432,430436,430438,2,4
430432,430436,430438,2,4
430432,430437,430438,1,5
430432,430432,430439,7,0
430432,430438,430439,1,6
430432,430432,430438,6,0
430432,430432,430439,7,0
430432,430438,430439,1,6
430432,430437,430439,2,5
430432,430437,430439,2,5
430432,430432,430439,7,0
430432,430438,430439,1,6
430432,430438,430439,1,6
430432,430438,430439,1,6
430432,430432,430440,8,0
430432,430432,430440,8,0
430432,430432,430441,9,0
430558,430558,430559,1,0
430558,430558,430559,1,0
430558,430558,430559,1,0
430558,430558,430560,2,0
430558,430559,430560,1,1
430558,430558,430560,2,0
430558,430558,430561,3,0
430558,430559,430560,1,1
430558,430558,430560,2,0
430558,430558,430561,3,0
430558,430560,430561,1,2
430558,430560,430562,2,2
430558,430558,430563,5,0
430558,430558,430563,5,0
430558,430561,430563,2,3
430558,430561,430562,1,3
430558,430561,430563,2,3
430558,430558,430563,5,0
430558,430561,430563,2,3
430558,430561,430562,1,3
430558,430561,430562,1,3
430558,430558,430563,5,0
430558,430562,430563,1,4
430558,430558,430564,6,0
430558,430563,430564,1,5
430558,430562,430563,1,4
430558,430558,430565,7,0
430558,430563,430564,1,5
430558,430563,430564,1,5
430558,430558,430565,7,0
430558,430558,430565,7,0
430685,430685,430686,1,0
430685,430685,430687,2,0
430685,430685,430687,2,0
430685,430686,430688,2,1
430685,430687,430689,2,2
430685,430686,430688,2,1
430685,430688,430690,2,3
430685,430686,430689,3,1
430685,430688,430689,1,3
430685,430689,430690,1,4
430685,430686,430690,4,1
430685,430686,430690,4,1
430685,430686,430690,4,1
430685,430689,430690,1,4
430685,430689,430690,1,4
430685,430686,430691,5,1
430685,430686,430691,5,1
430685,430686,430691,5,1
430685,430690,430691,1,5
430685,430690,430691,1,5
430685,430691,430692,1,6
430685,430685,430691,6,0
430685,430690,430691,1,5
430685,430685,430692,7,0
430685,430691,430692,1,6
430685,430686,430692,6,1
430685,430691,430692,1,6
430685,430691,430692,1,6
430685,430691,430692,1,6
430685,430691,430692,1,6
430685,430685,430694,9,0
430940,430940,430941,1,0
430940,430940,430941,1,0
430940,430940,430941,1,0
430940,430940,430942,2,0
430940,430940,430942,2,0
430940,430940,430942,2,0
430940,430941,430943,2,1
430940,430940,430943,3,0
430940,430941,430943,2,1
430940,430940,430944,4,0
430940,430940,430944,4,0
430940,430942,430944,2,2
430940,430942,430944,2,2
430940,430941,430944,3,1
430940,430942,430944,2,2
430940,430940,430944,4,0
430940,430940,430945,5,0
430940,430940,430945,5,0
430940,430940,430944,4,0
430940,430943,430945,2,3
430940,430940,430945,5,0
430940,430940,430946,6,0
430940,430944,430945,1,4
430940,430944,430945,1,4
430940,430944,430946,2,4
430940,430944,430946,2,4
430940,430944,430946,2,4
430940,430944,430946,2,4
430940,430944,430946,2,4
430940,430944,430945,1,4
430940,430940,430948,8,0
431066,431066,431067,1,0
431066,431066,431067,1,0
431066,431066,431067,1,0
431066,431066,431068,2,0
431066,431066,431068,2,0
431066,431066,431068,2,0
431066,431066,431068,2,0
431066,431066,431069,3,0
431066,431067,431069,2,1
431066,431066,431070,4,0
431066,431068,431070,2,2
431066,431068,431070,2,2
431066,431066,431070,4,0
431066,431066,431070,4,0
431066,431067,431069,2,1
431066,431066,431070,4,0
431066,431066,431070,4,0
431066,431068,431070,2,2
431066,431068,431070,2,2
431066,431066,431070,4,0
431066,431066,431070,4,0
431066,431068,431070,2,2
431066,431069,431070,1,3
431066,431069,431071,2,3
431066,431066,431071,5,0
431066,431070,431071,1,4
431066,431070,431072,2,4
431066,431071,431072,1,5
431066,431070,431072,2,4
431066,431071,431072,1,5
431192,431192,431193,1,0
431192,431192,431193,1,0
431192,431192,431193,1,0
431192,431192,431194,2,0
431192,431192,431194,2,0
431192,431192,431194,2,0
431192,431192,431194,2,0
431192,431192,431194,2,0
431192,431192,431195,3,0
431192,431192,431195,3,0
431192,431192,431195,3,0
431192,431192,431196,4,0
431192,431194,431196,2,2
431192,431192,431196,4,0
431192,431192,431196,4,0
431192,431193,431196,3,1
431192,431194,431196,2,2
431192,431194,431196,2,2
431192,431192,431196,4,0
431192,431193,431196,3,1
431192,431195,431196,1,3
431192,431192,431197,5,0
431192,431194,431197,3,2
431192,431194,431197,3,2
431192,431195,431197,2,3
431192,431197,431198,1,5
431192,431196,431197,1,4
431192,431197,431198,1,5
431192,431197,431198,1,5
431318,431318,431319,1,0
431318,431318,431320,2,0
431318,431318,431320,2,0
431318,431318,431319,1,0
431318,431318,431319,1,0
431318,431318,431320,2,0
431318,431318,431320,2,0
431318,431318,431320,2,0
431318,431318,431320,2,0
431318,431318,431320,2,0
431318,431318,431321,3,0
431318,431318,431320,2,0
431318,431318,431321,3,0
431318,431318,431322,4,0
431318,431320,431322,2,2
431318,431318,431322,4,0
431318,431318,431321,3,0
431318,431319,431322,3,1
431318,431320,431322,2,2
431318,431320,431322,2,2
431318,431320,431323,3,2
431318,431321,431323,2,3
431318,431321,431323,2,3
431318,431320,431323,3,2
431318,431321,431323,2,3
431318,431322,431323,1,4
431318,431320,431322,2,2
431318,431321,431322,1,3
431318,431321,431322,1,3
431318,431321,431322,1,3
431318,431322,431323,1,4
431443,431443,431444,1,0
431443,431443,431445,2,0
431443,431443,431444,1,0
431443,431443,431445,2,0
431443,431443,431445,2,0
431443,431443,431445,2,0
431443,431443,431445,2,0
431443,431443,431445,2,0
431443,431443,431445,2,0
431443,431443,431445,2,0
431443,431443,431446,3,0
431443,431443,431445,2,0
431443,431443,431447,4,0
431443,431445,431447,2,2
431443,431445,431447,2,2
431443,431443,431446,3,0
431443,431445,431447,2,2
431443,431445,431447,2,2
431443,431443,431446,3,0
431443,431445,431447,2,2
431443,431443,431447,4,0
431443,431445,431447,2,2
431443,431445,431446,1,2
431443,431445,431447,2,2
431443,431446,431448,2,3
431443,431446,431448,2,3
431443,431446,431448,2,3
431443,431445,431448,3,2
431443,431447,431448,1,4
431443,431447,431449,2,4
431443,431447,431449,2,4
431569,431569,431570,1,0
431569,431569,431570,1,0
431569,431569,431571,2,0
431569,431569,431570,1,0
431569,431569,431571,2,0
431569,431569,431570,1,0
431569,431569,431571,2,0
431569,431569,431571,2,0
431569,431569,431572,3,0
431569,431569,431572,3,0
431569,431569,431572,3,0
431569,431569,431572,3,0
431569,431569,431572,3,0
431569,431569,431573,4,0
431569,431571,431573,2,2
431569,431569,431573,4,0
431569,431571,431573,2,2
431569,431569,431572,3,0
431569,431570,431573,3,1
431569,431571,431573,2,2
431569,431571,431573,2,2
431569,431571,431573,2,2
431569,431572,431573,1,3
431569,431571,431573,2,2
431569,431572,431573,1,3
431569,431571,431573,2,2
431569,431572,431573,1,3
431569,431573,431574,1,4
431569,431572,431573,1,3
431569,431572,431573,1,3
431569,431573,431574,1,4
431694,431694,431695,1,0
431694,431694,431695,1,0
431694,431694,431696,2,0
431694,431694,431696,2,0
431694,431694,431696,2,0
431694,431694,431696,2,0
431694,431694,431696,2,0
431694,431694,431696,2,0
431694,431694,431697,3,0
431694,431694,431697,3,0
431694,431695,431697,2,1
431694,431694,431697,3,0
431694,431695,431697,2,1
431694,431694,431697,3,0
431694,431694,431698,4,0
431694,431694,431697,3,0
431694,431696,431698,2,2
431694,431696,431698,2,2
431694,431694,431698,4,0
431694,431696,431698,2,2
431694,431696,431698,2,2
431694,431694,431699,5,0
431694,431697,431698,1,3
431694,431697,431698,1,3
431694,431696,431699,3,2
431694,431697,431699,2,3
431694,431697,431699,2,3
431694,431698,431699,1,4
431694,431698,431699,1,4
431945,431945,431946,1,0
431945,431945,431946,1,0
431945,431945,431947,2,0
431945,431946,431947,1,1
431945,431945,431946,1,0
431945,431945,431947,2,0
431945,431945,431946,1,0
431945,431945,431948,3,0
431945,431945,431947,2,0
431945,431945,431948,3,0
431945,431945,431947,2,0
431945,431945,431948,3,0
431945,431946,431947,1,1
431945,431945,431949,4,0
431945,431947,431948,1,2
431945,431945,431949,4,0
431945,431947,431949,2,2
431945,431945,431949,4,0
431945,431945,431949,4,0
431945,431945,431949,4,0
431945,431947,431949,2,2
431945,431947,431949,2,2
431945,431947,431948,1,2
431945,431948,431950,2,3
431945,431948,431950,2,3
431945,431948,431950,2,3
431945,431948,431949,1,3
431945,431948,431949,1,3
431945,431948,431949,1,3
431945,431949,431951,2,4
431945,431949,431950,1,4
432071,432071,432073,2,0
432071,432071,432072,1,0
432071,432071,432072,1,0
432071,432071,432073,2,0
432071,432071,432073,2,0
432071,432071,432073,2,0
432071,432071,432073,2,0
432071,432071,432073,2,0
432071,432071,432074,3,0
432071,432071,432074,3,0
432071,432071,432074,3,0
432071,432071,432074,3,0
432071,432073,432074,1,2
432071,432071,432073,2,0
432071,432071,432074,3,0
432071,432071,432074,3,0
432071,432073,432074,1,2
432071,432074,432075,1,3
432071,432071,432075,4,0
432071,432073,432074,1,2
432071,432073,432075,2,2
432071,432073,432075,2,2
432071,432074,432075,1,3
432071,432073,432075,2,2
432071,432073,432074,1,2
432071,432074,432076,2,3
432071,432074,432076,2,3
432071,432074,432075,1,3
432071,432074,432076,2,3
432071,432074,432076,2,3
432071,432074,432076,2,3
432322,432322,432323,1,0
432322,432322,432323,1,0
432322,432322,432324,2,0
432322,432322,432323,1,0
432322,432322,432323,1,0
432322,432322,432323,1,0
432322,432322,432323,1,0
432322,432322,432323,1,0
432322,432322,432323,1,0
432322,432322,432323,1,0
432322,432322,432323,1,0
432322,432324,432325,1,2
432322,432322,432324,2,0
432322,432322,432324,2,0
432322,432322,432324,2,0
432322,432322,432325,3,0
432322,432322,432324,2,0
432322,432323,432324,1,1
432322,432324,432325,1,2
432322,432324,432325,1,2
432322,432324,432325,1,2
432322,432324,432325,1,2
432322,432324,432325,1,2
432322,432325,432326,1,3
432322,432324,432325,1,2
432322,432324,432325,1,2
432322,432324,432325,1,2
432322,432324,432325,1,2
432322,432325,432326,1,3
432322,432325,432326,1,3
432322,432325,432326,1,3
432448,432448,432449,1,0
432448,432448,432449,1,0
432448,432448,432449,1,0
432448,432448,432449,1,0
432448,432448,432450,2,0
432448,432448,432449,1,0
432448,432448,432450,2,0
432448,432448,432449,1,0
432448,432448,432449,1,0
432448,432448,432449,1,0
432448,432448,432450,2,0
432448,432448,432449,1,0
432448,432448,432449,1,0
432448,432448,432450,2,0
432448,432448,432451,3,0
432448,432448,432450,2,0
432448,432450,432451,1,2
432448,432450,432451,1,2
432448,432450,432451,1,2
432448,432450,432451,1,2
432448,432450,432451,1,2
432448,432450,432451,1,2
432448,432450,432451,1,2
432448,432450,432451,1,2
432448,432450,432451,1,2
432448,432450,432451,1,2
432448,432450,432451,1,2
432448,432450,432451,1,2
432448,432450,432451,1,2
432448,432451,432452,1,3
432448,432451,432452,1,3
432573,432573,432574,1,0
432573,432573,432574,1,0
432573,432573,432574,1,0
432573,432573,432574,1,0
432573,432573,432575,2,0
432573,432573,432575,2,0
432573,432573,432574,1,0
432573,432573,432575,2,0
432573,432573,432575,2,0
432573,432574,432575,1,1
432573,432574,432575,1,1
432573,432573,432575,2,0
432573,432575,432576,1,2
432573,432573,432576,3,0
432573,432573,432576,3,0
432573,432575,432577,2,2
432573,432573,432576,3,0
432573,432573,432576,3,0
432573,432573,432576,3,0
432573,432574,432576,2,1
432573,432576,432577,1,3
432573,432576,432577,1,3
432573,432575,432577,2,2
432573,432575,432577,2,2
432573,432575,432577,2,2
432573,432576,432577,1,3
432573,432576,432577,1,3
432573,432576,432577,1,3
432573,432576,432577,1,3
432824,432824,432825,1,0
432824,432824,432825,1,0
432824,432824,432825,1,0
432824,432824,432825,1,0
432824,432824,432825,1,0
432824,432824,432825,1,0
432824,432824,432826,2,0
432824,432824,432826,2,0
432824,432825,432826,1,1
432824,432824,432827,3,0
432824,432825,432826,1,1
432824,432826,432827,1,2
432824,432824,432826,2,0
432824,432825,432826,1,1
432824,432824,432826,2,0
432824,432824,432827,3,0
432824,432824,432827,3,0
432824,432824,432826,2,0
432824,432826,432827,1,2
432824,432824,432828,4,0
432824,432824,432828,4,0
432824,432826,432827,1,2
432824,432826,432827,1,2
432824,432826,432827,1,2
432824,432826,432827,1,2
432824,432827,432828,1,3
432824,432827,432828,1,3
432824,432827,432829,2,3
432824,432827,432828,1,3
432824,432827,432828,1,3
432824,432827,432828,1,3
433074,433074,433075,1,0
433074,433074,433075,1,0
433074,433074,433075,1,0
433074,433074,433076,2,0
433074,433074,433075,1,0
433074,433074,433076,2,0
433074,433074,433075,1,0
433074,433074,433076,2,0
433074,433076,433077,1,2
433074,433076,433077,1,2
433074,433074,433076,2,0
433074,433074,433077,3,0
433074,433074,433077,3,0
433074,433076,433077,1,2
433074,433074,433077,3,0
433074,433074,433077,3,0
433074,433076,433077,1,2
433074,433076,433077,1,2
433074,433074,433077,3,0
433074,433074,433078,4,0
433074,433076,433077,1,2
433074,433076,433077,1,2
433074,433077,433078,1,3
433074,433074,433077,3,0
433074,433076,433078,2,2
433074,433077,433078,1,3
433074,433077,433078,1,3
433074,433078,433079,1,4
433074,433077,433078,1,3
433074,433077,433078,1,3
433074,433077,433078,1,3
433203,433203,433204,1,0
433203,433203,433204,1,0
433203,433203,433204,1,0
433203,433203,433204,1,0
433203,433203,433204,1,0
433203,433203,433205,2,0
433203,433203,433205,2,0
433203,433203,433204,1,0
433203,433203,433204,1,0
433203,433204,433205,1,1
433203,433203,433206,3,0
433203,433203,433206,3,0
433203,433205,433206,1,2
433203,433203,433206,3,0
433203,433203,433205,2,0
433203,433204,433205,1,1
433203,433205,433206,1,2
433203,433203,433206,3,0
433203,433205,433206,1,2
433203,433205,433206,1,2
433203,433203,433206,3,0
433203,433203,433206,3,0
433203,433205,433206,1,2
433203,433205,433206,1,2
433203,433205,433206,1,2
433203,433206,433207,1,3
433203,433206,433207,1,3
433203,433205,433206,1,2
433203,433206,433207,1,3
433203,433206,433207,1,3
433203,433206,433207,1,3
433329,433329,433330,1,0
433329,433329,433330,1,0
433329,433329,433330,1,0
433329,433329,433330,1,0
433329,433329,433331,2,0
433329,433329,433331,2,0
433329,433329,433330,1,0
433329,433329,433331,2,0
433329,433329,433331,2,0
433329,433329,433331,2,0
433329,433329,433331,2,0
433329,433330,433331,1,1
433329,433329,433331,2,0
433329,433330,433331,1,1
433329,433329,433332,3,0
433329,433330,433331,1,1
433329,433329,433332,3,0
433329,433330,433331,1,1
433329,433331,433332,1,2
433329,433329,433331,2,0
433329,433331,433332,1,2
433329,433331,433332,1,2
433329,433331,433332,1,2
433329,433329,433332,3,0
433329,433331,433333,2,2
433329,433331,433332,1,2
433329,433331,433333,2,2
433329,433331,433333,2,2
433329,433331,433332,1,2
433329,433332,433333,1,3
433329,433331,433332,1,2
433457,433457,433458,1,0
433457,433457,433458,1,0
433457,433457,433458,1,0
433457,433457,433461,4,0
433457,433457,433460,3,0
433457,433457,433461,4,0
433457,433459,433462,3,2
433457,433457,433461,4,0
433457,433459,433461,2,2
433457,433459,433461,2,2
433457,433461,433463,2,4
433457,433461,433463,2,4
433457,433461,433463,2,4
433457,433457,433463,6,0
433457,433457,433464,7,0
433457,433462,433463,1,5
433457,433457,433464,7,0
433457,433462,433463,1,5
433457,433462,433463,1,5
433457,433457,433464,7,0
433457,433462,433463,1,5
433457,433463,433464,1,6
433457,433463,433464,1,6
433457,433457,433465,8,0
433457,433463,433464,1,6
433457,433464,433465,1,7
433457,433464,433465,1,7
433457,433457,433466,9,0
433457,433457,433466,9,0
433457,433457,433467,10,0
433457,433457,433466,9,0
433585,433585,433586,1,0
433585,433585,433586,1,0
433585,433585,433586,1,0
433585,433585,433588,3,0
433585,433585,433588,3,0
433585,433587,433590,3,2
433585,433587,433589,2,2
433585,433585,433589,4,0
433585,433587,433589,2,2
433585,433585,433590,5,0
433585,433589,433591,2,4
433585,433589,433591,2,4
433585,433585,433591,6,0
433585,433585,433592,7,0
433585,433590,433592,2,5
433585,433590,433591,1,5
433585,433585,433591,6,0
433585,433590,433591,1,5
433585,433590,433591,1,5
433585,433591,433592,1,6
433585,433591,433592,1,6
433585,433591,433592,1,6
433585,433591,433592,1,6
433585,433592,433593,1,7
433585,433592,433593,1,7
433585,433585,433593,8,0
433585,433585,433593,8,0
433585,433585,433594,9,0
433585,433585,433595,10,0
433585,433585,433595,10,0
433585,433585,433594,9,0
433710,433710,433711,1,0
433710,433710,433711,1,0
433710,433710,433711,1,0
433710,433710,433714,4,0
433710,433710,433714,4,0
433710,433710,433714,4,0
433710,433712,433715,3,2
433710,433712,433714,2,2
433710,433712,433715,3,2
433710,433714,433716,2,4
433710,433714,433716,2,4
433710,433710,433716,6,0
433710,433710,433717,7,0
433710,433715,433717,2,5
433710,433710,433717,7,0
433710,433715,433717,2,5
433710,433714,433717,3,4
433710,433716,433717,1,6
433710,433717,433718,1,7
433710,433716,433718,2,6
433710,433716,433718,2,6
433710,433710,433718,8,0
433710,433717,433718,1,7
433710,433717,433718,1,7
433710,433710,433719,9,0
433710,433717,433718,1,7
433710,433710,433718,8,0
433710,433710,433719,9,0
433710,433710,433720,10,0
433710,433710,433720,10,0
433710,433710,433720,10,0
433836,433836,433837,1,0
433836,433836,433837,1,0
433836,433836,433837,1,0
433836,433836,433840,4,0
433836,433836,433840,4,0
433836,433838,433841,3,2
433836,433838,433841,3,2
433836,433838,433841,3,2
433836,433836,433842,6,0
433836,433836,433842,6,0
433836,433840,433842,2,4
433836,433836,433843,7,0
433836,433841,433843,2,5
433836,433841,433843,2,5
433836,433840,433843,3,4
433836,433836,433843,7,0
433836,433841,433843,2,5
433836,433842,433843,1,6
433836,433836,433844,8,0
433836,433842,433844,2,6
433836,433843,433844,1,7
433836,433836,433844,8,0
433836,433842,433844,2,6
433836,433836,433844,8,0
433836,433843,433844,1,7
433836,433843,433844,1,7
433836,433836,433845,9,0
433836,433843,433844,1,7
433836,433836,433846,10,0
433836,433836,433846,10,0
433836,433836,433846,10,0
433964,433964,433966,2,0
433964,433964,433965,1,0
433964,433964,433965,1,0
433964,433964,433968,4,0
433964,433966,433969,3,2
433964,433966,433969,3,2
433964,433966,433969,3,2
433964,433964,433969,5,0
433964,433964,433970,6,0
433964,433969,433971,2,5
433964,433964,433971,7,0
433964,433964,433971,7,0
433964,433969,433971,2,5
433964,433964,433971,7,0
433964,433969,433971,2,5
433964,433968,433971,3,4
433964,433969,433971,2,5
433964,433964,433972,8,0
433964,433964,433971,7,0
433964,433964,433972,8,0
433964,433971,433973,2,7
433964,433971,433973,2,7
433964,433971,433973,2,7
433964,433971,433973,2,7
433964,433971,433973,2,7
433964,433964,433972,8,0
433964,433971,433972,1,7
433964,433971,433972,1,7
433964,433964,433974,10,0
433964,433964,433974,10,0
433964,433964,433974,10,0
434091,434091,434093,2,0
434091,434091,434093,2,0
434091,434091,434092,1,0
434091,434091,434095,4,0
434091,434093,434096,3,2
434091,434091,434096,5,0
434091,434094,434096,2,3
434091,434091,434097,6,0
434091,434095,434097,2,4
434091,434093,434097,4,2
434091,434091,434098,7,0
434091,434096,434098,2,5
434091,434096,434098,2,5
434091,434091,434098,7,0
434091,434091,434098,7,0
434091,434097,434098,1,6
434091,434091,434099,8,0
434091,434097,434099,2,6
434091,434091,434099,8,0
434091,434091,434099,8,0
434091,434098,434099,1,7
434091,434091,434100,9,0
434091,434098,434100,2,7
434091,434098,434100,2,7
434091,434098,434099,1,7
434091,434091,434100,9,0
434091,434099,434100,1,8
434091,434091,434101,10,0
434091,434099,434100,1,8
434091,434099,434100,1,8
434091,434091,434101,10,0
434219,434219,434221,2,0
434219,434219,434221,2,0
434219,434219,434221,2,0
434219,434219,434223,4,0
434219,434219,434224,5,0
434219,434221,434224,3,2
434219,434219,434225,6,0
434219,434221,434225,4,2
434219,434221,434224,3,2
434219,434219,434226,7,0
434219,434219,434226,7,0
434219,434223,434226,3,4
434219,434219,434226,7,0
434219,434219,434226,7,0
434219,434219,434227,8,0
434219,434225,434227,2,6
434219,434225,434227,2,6
434219,434224,434226,2,5
434219,434224,434226,2,5
434219,434219,434227,8,0
434219,434226,434227,1,7
434219,434219,434228,9,0
434219,434225,434227,2,6
434219,434226,434228,2,7
434219,434226,434228,2,7
434219,434219,434228,9,0
434219,434226,434228,2,7
434219,434226,434228,2,7
434219,434227,434228,1,8
434219,434219,434229,10,0
434219,434219,434230,11,0
434348,434348,434349,1,0
434348,434348,434349,1,0
434348,434348,434349,1,0
434348,434348,434351,3,0
434348,434350,434353,3,2
434348,434348,434352,4,0
434348,434350,434353,3,2
434348,434350,434353,3,2
434348,434348,434354,6,0
434348,434352,434354,2,4
434348,434353,434355,2,5
434348,434348,434354,6,0
434348,434348,434355,7,0
434348,434348,434355,7,0
434348,434348,434356,8,0
434348,434353,434355,2,5
434348,434354,434356,2,6
434348,434354,434355,1,6
434348,434348,434355,7,0
434348,434348,434356,8,0
434348,434348,434356,8,0
434348,434355,434356,1,7
434348,434348,434357,9,0
434348,434355,434356,1,7
434348,434356,434357,1,8
434348,434355,434356,1,7
434348,434355,434357,2,7
434348,434348,434357,9,0
434348,434356,434357,1,8
434348,434356,434357,1,8
434348,434348,434358,10,0
434480,434480,434481,1,0
434480,434480,434481,1,0
434480,434480,434482,2,0
434480,434480,434484,4,0
434480,434482,434485,3,2
434480,434482,434485,3,2
434480,434480,434485,5,0
434480,434481,434486,5,1
434480,434480,434486,6,0
434480,434480,434486,6,0
434480,434480,434486,6,0
434480,434485,434487,2,5
434480,434480,434487,7,0
434480,434486,434487,1,6
434480,434485,434487,2,5
434480,434486,434487,1,6
434480,434486,434488,2,6
434480,434487,434488,1,7
434480,434480,434488,8,0
434480,434487,434488,1,7
434480,434487,434488,1,7
434480,434480,434489,9,0
434480,434488,434489,1,8
434480,434488,434489,1,8
434480,434488,434489,1,8
434480,434480,434489,9,0
434480,434488,434489,1,8
434480,434480,434490,10,0
434480,434480,434490,10,0
434480,434480,434490,10,0
434480,434480,434490,10,0
434605,434605,434606,1,0
434605,434605,434606,1,0
434605,434605,434606,1,0
434605,434605,434608,3,0
434605,434605,434609,4,0
434605,434607,434609,2,2
434605,434607,434610,3,2
434605,434605,434610,5,0
434605,434607,434610,3,2
434605,434605,434610,5,0
434605,434605,434611,6,0
434605,434605,434612,7,0
434605,434605,434611,6,0
434605,434609,434611,2,4
434605,434609,434611,2,4
434605,434610,434612,2,5
434605,434605,434612,7,0
434605,434611,434612,1,6
434605,434611,434612,1,6
434605,434611,434612,1,6
434605,434611,434612,1,6
434605,434612,434613,1,7
434605,434611,434612,1,6
434605,434612,434613,1,7
434605,434605,434613,8,0
434605,434612,434613,1,7
434605,434605,434614,9,0
434605,434612,434613,1,7
434605,434605,434615,10,0
434605,434605,434614,9,0
434605,434605,434614,9,0
434734,434734,434735,1,0
434734,434734,434736,2,0
434734,434734,434735,1,0
434734,434734,434737,3,0
434734,434734,434739,5,0
434734,434736,434739,3,2
434734,434734,434740,6,0
434734,434734,434740,6,0
434734,434736,434740,4,2
434734,434736,434739,3,2
434734,434734,434741,7,0
434734,434738,434741,3,4
434734,434739,434741,2,5
434734,434734,434741,7,0
434734,434734,434740,6,0
434734,434734,434741,7,0
434734,434740,434742,2,6
434734,434740,434742,2,6
434734,434740,434741,1,6
434734,434734,434742,8,0
434734,434740,434742,2,6
434734,434741,434742,1,7
434734,434740,434741,1,6
434734,434734,434743,9,0
434734,434734,434743,9,0
434734,434741,434743,2,7
434734,434741,434743,2,7
434734,434741,434743,2,7
434734,434741,434743,2,7
434734,434734,434743,9,0
434734,434734,434744,10,0
434864,434864,434865,1,0
434864,434864,434865,1,0
434864,434864,434865,1,0
434864,434864,434867,3,0
434864,434866,434869,3,2
434864,434864,434869,5,0
434864,434864,434869,5,0
434864,434865,434869,4,1
434864,434864,434870,6,0
434864,434864,434870,6,0
434864,434866,434869,3,2
434864,434864,434870,6,0
434864,434864,434870,6,0
434864,434864,434870,6,0
434864,434864,434871,7,0
434864,434868,434871,3,4
434864,434869,434871,2,5
434864,434869,434871,2,5
434864,434870,434871,1,6
434864,434870,434871,1,6
434864,434870,434871,1,6
434864,434870,434872,2,6
434864,434864,434872,8,0
434864,434869,434871,2,5
434864,434870,434872,2,6
434864,434871,434872,1,7
434864,434869,434871,2,5
434864,434870,434871,1,6
434864,434864,434874,10,0
434864,434864,434874,10,0
434864,434864,434875,11,0
434996,434996,434997,1,0
434996,434996,434997,1,0
434996,434996,434997,1,0
434996,434996,434999,3,0
434996,434998,435000,2,2
434996,434996,435001,5,0
434996,434996,435001,5,0
434996,434998,435001,3,2
434996,434996,435001,5,0
434996,434996,435001,5,0
434996,434999,435001,2,3
434996,434996,435001,5,0
434996,434998,435001,3,2
434996,434996,435001,5,0
434996,434996,435001,5,0
434996,434996,435002,6,0
434996,434996,435002,6,0
434996,435001,435003,2,5
434996,435002,435003,1,6
434996,435002,435003,1,6
434996,435002,435004,2,6
434996,435002,435003,1,6
434996,435002,435003,1,6
434996,435002,435003,1,6
434996,435002,435003,1,6
434996,434996,435004,8,0
434996,435002,435003,1,6
434996,435002,435003,1,6
434996,435002,435003,1,6
434996,434996,435005,9,0
434996,434996,435005,9,0
435122,435122,435124,2,0
435122,435122,435124,2,0
435122,435122,435124,2,0
435122,435122,435126,4,0
435122,435125,435127,2,3
435122,435123,435128,5,1
435122,435123,435128,5,1
435122,435125,435128,3,3
435122,435123,435129,6,1
435122,435123,435128,5,1
435122,435125,435128,3,3
435122,435123,435129,6,1
435122,435123,435128,5,1
435122,435123,435129,6,1
435122,435123,435129,6,1
435122,435127,435129,2,5
435122,435122,435129,7,0
435122,435123,435129,6,1
435122,435129,435130,1,7
435122,435130,435131,1,8
435122,435129,435130,1,7
435122,435129,435130,1,7
435122,435129,435130,1,7
435122,435123,435130,7,1
435122,435129,435130,1,7
435122,435129,435130,1,7
435122,435128,435130,2,6
435122,435129,435130,1,7
435122,435129,435130,1,7
435122,435130,435131,1,8
435122,435123,435131,8,1
435249,435249,435250,1,0
435249,435249,435250,1,0
435249,435249,435251,2,0
435249,435251,435254,3,2
435249,435249,435254,5,0
435249,435251,435254,3,2
435249,435250,435254,4,1
435249,435249,435255,6,0
435249,435249,435254,5,0
435249,435249,435255,6,0
435249,435249,435255,6,0
435249,435249,435255,6,0
435249,435249,435255,6,0
435249,435249,435256,7,0
435249,435254,435256,2,5
435249,435254,435256,2,5
435249,435254,435256,2,5
435249,435249,435256,7,0
435249,435255,435257,2,6
435249,435254,435257,3,5
435249,435255,435257,2,6
435249,435255,435257,2,6
435249,435255,435256,1,6
435249,435255,435257,2,6
435249,435255,435257,2,6
435249,435256,435257,1,7
435249,435256,435257,1,7
435249,435249,435258,9,0
435249,435249,435259,10,0
435249,435249,435258,9,0
435249,435249,435259,10,0
435376,435376,435377,1,0
435376,435376,435377,1,0
435376,435376,435378,2,0
435376,435376,435381,5,0
435376,435378,435381,3,2
435376,435376,435381,5,0
435376,435378,435381,3,2
435376,435376,435381,5,0
435376,435377,435381,4,1
435376,435376,435382,6,0
435376,435376,435382,6,0
435376,435376,435382,6,0
435376,435381,435383,2,5
435376,435381,435383,2,5
435376,435381,435383,2,5
435376,435381,435383,2,5
435376,435381,435383,2,5
435376,435376,435384,8,0
435376,435381,435383,2,5
435376,435382,435384,2,6
435376,435382,435384,2,6
435376,435382,435383,1,6
435376,435383,435384,1,7
435376,435383,435384,1,7
435376,435383,435384,1,7
435376,435376,435385,9,0
435376,435376,435386,10,0
435376,435376,435385,9,0
435376,435376,435386,10,0
435376,435376,435386,10,0
435376,435376,435386,10,0
435501,435502,435503,1,1
435501,435502,435503,1,1
435501,435502,435503,1,1
435501,435502,435506,4,1
435501,435502,435506,4,1
435501,435502,435506,4,1
435501,435504,435506,2,3
435501,435504,435507,3,3
435501,435502,435507,5,1
435501,435502,435507,5,1
435501,435504,435508,4,3
435501,435507,435508,1,6
435501,435502,435508,6,1
435501,435507,435508,1,6
435501,435506,435508,2,5
435501,435507,435509,2,6
435501,435502,435509,7,1
435501,435508,435509,1,7
435501,435508,435509,1,7
435501,435508,435509,1,7
435501,435509,435510,1,8
435501,435509,435510,1,8
435501,435509,435510,1,8
435501,435502,435510,8,1
435501,435509,435510,1,8
435501,435502,435511,9,1
435501,435509,435510,1,8
435501,435502,435511,9,1
435501,435502,435511,9,1
435501,435502,435511,9,1
435501,435502,435512,10,1
435631,435631,435632,1,0
435631,435631,435632,1,0
435631,435631,435633,2,0
435631,435631,435636,5,0
435631,435631,435636,5,0
435631,435633,435636,3,2
435631,435633,435636,3,2
435631,435631,435638,7,0
435631,435633,435638,5,2
435631,435636,435638,2,5
435631,435631,435638,7,0
435631,435636,435638,2,5
435631,435631,435639,8,0
435631,435636,435639,3,5
435631,435636,435639,3,5
435631,435631,435638,7,0
435631,435631,435639,8,0
435631,435631,435640,9,0
435631,435638,435640,2,7
435631,435638,435640,2,7
435631,435638,435640,2,7
435631,435638,435640,2,7
435631,435638,435640,2,7
435631,435631,435641,10,0
435631,435631,435640,9,0
435631,435640,435641,1,9
435631,435639,435640,1,8
435631,435631,435641,10,0
435631,435631,435641,10,0
435631,435640,435641,1,9
435631,435631,435641,10,0
435883,435883,435884,1,0
435883,435883,435885,2,0
435883,435883,435884,1,0
435883,435883,435888,5,0
435883,435883,435888,5,0
435883,435885,435888,3,2
435883,435883,435889,6,0
435883,435885,435888,3,2
435883,435888,435890,2,5
435883,435883,435889,6,0
435883,435883,435890,7,0
435883,435888,435890,2,5
435883,435883,435891,8,0
435883,435885,435891,6,2
435883,435889,435891,2,6
435883,435883,435890,7,0
435883,435888,435891,3,5
435883,435883,435891,8,0
435883,435883,435891,8,0
435883,435889,435891,2,6
435883,435883,435890,7,0
435883,435890,435892,2,7
435883,435883,435892,9,0
435883,435891,435892,1,8
435883,435890,435892,2,7
435883,435890,435892,2,7
435883,435891,435892,1,8
435883,435883,435892,9,0
435883,435891,435892,1,8
435883,435891,435892,1,8
435883,435883,435893,10,0
436011,436011,436012,1,0
436011,436011,436012,1,0
436011,436011,436012,1,0
436011,436011,436015,4,0
436011,436013,436015,2,2
436011,436013,436017,4,2
436011,436011,436016,5,0
436011,436011,436016,5,0
436011,436011,436017,6,0
436011,436011,436017,6,0
436011,436013,436018,5,2
436011,436011,436018,7,0
436011,436016,436018,2,5
436011,436017,436018,1,6
436011,436017,436018,1,6
436011,436011,436018,7,0
436011,436016,436018,2,5
436011,436017,436019,2,6
436011,436011,436019,8,0
436011,436011,436020,9,0
436011,436018,436019,1,7
436011,436011,436019,8,0
436011,436018,436019,1,7
436011,436011,436019,8,0
436011,436019,436020,1,8
436011,436011,436020,9,0
436011,436019,436020,1,8
436011,436011,436020,9,0
436011,436019,436020,1,8
436011,436019,436020,1,8
436011,436019,436020,1,8
436266,436266,436268,2,0
436266,436266,436268,2,0
436266,436266,436267,1,0
436266,436266,436271,5,0
436266,436266,436272,6,0
436266,436266,436272,6,0
436266,436268,436272,4,2
436266,436266,436272,6,0
436266,436269,436272,3,3
436266,436266,436273,7,0
436266,436268,436273,5,2
436266,436266,436273,7,0
436266,436266,436274,8,0
436266,436266,436274,8,0
436266,436266,436274,8,0
436266,436271,436274,3,5
436266,436266,436274,8,0
436266,436272,436274,2,6
436266,436272,436274,2,6
436266,436266,436274,8,0
436266,436273,436274,1,7
436266,436273,436274,1,7
436266,436273,436275,2,7
436266,436273,436275,2,7
436266,436272,436275,3,6
436266,436273,436275,2,7
436266,436266,436275,9,0
436266,436275,436276,1,9
436266,436266,436276,10,0
436266,436275,436276,1,9
436266,436275,436276,1,9
436392,436393,436394,1,1
436392,436393,436394,1,1
436392,436393,436394,1,1
436392,436393,436397,4,1
436392,436393,436398,5,1
436392,436393,436398,5,1
436392,436395,436399,4,3
436392,436395,436398,3,3
436392,436393,436398,5,1
436392,436394,436398,4,2
436392,436393,436400,7,1
436392,436393,436400,7,1
436392,436393,436400,7,1
436392,436398,436400,2,6
436392,436399,436401,2,7
436392,436393,436401,8,1
436392,436399,436401,2,7
436392,436393,436400,7,1
436392,436393,436400,7,1
436392,436399,436400,1,7
436392,436399,436401,2,7
436392,436399,436400,1,7
436392,436399,436401,2,7
436392,436401,436402,1,9
436392,436400,436401,1,8
436392,436400,436401,1,8
436392,436393,436403,10,1
436392,436393,436402,9,1
436392,436401,436402,1,9
436392,436401,436402,1,9
436392,436393,436403,10,1
436518,436518,436519,1,0
436518,436518,436519,1,0
436518,436518,436519,1,0
436518,436518,436521,3,0
436518,436518,436523,5,0
436518,436518,436523,5,0
436518,436520,436523,3,2
436518,436520,436524,4,2
436518,436520,436524,4,2
436518,436518,436525,7,0
436518,436522,436525,3,4
436518,436518,436524,6,0
436518,436518,436525,7,0
436518,436524,436526,2,6
436518,436518,436526,8,0
436518,436523,436525,2,5
436518,436524,436526,2,6
436518,436518,436527,9,0
436518,436525,436526,1,7
436518,436518,436526,8,0
436518,436525,436526,1,7
436518,436526,436527,1,8
436518,436518,436526,8,0
436518,436525,436526,1,7
436518,436525,436526,1,7
436518,436525,436526,1,7
436518,436526,436527,1,8
436518,436518,436528,10,0
436518,436526,436527,1,8
436518,436518,436527,9,0
436518,436518,436528,10,0
436644,436644,436646,2,0
436644,436644,436645,1,0
436644,436644,436645,1,0
436644,436644,436649,5,0
436644,436644,436650,6,0
436644,436646,436649,3,2
436644,436644,436650,6,0
436644,436644,436650,6,0
436644,436646,436651,5,2
436644,436644,436651,7,0
436644,436644,436650,6,0
436644,436646,436650,4,2
436644,436644,436651,7,0
436644,436644,436651,7,0
436644,436650,436652,2,6
436644,436644,436651,7,0
436644,436644,436652,8,0
436644,436651,436653,2,7
436644,436651,436653,2,7
436644,436644,436652,8,0
436644,436651,436653,2,7
436644,436651,436652,1,7
436644,436651,436652,1,7
436644,436649,436653,4,5
436644,436650,436652,2,6
436644,436651,436652,1,7
436644,436650,436652,2,6
436644,436644,436654,10,0
436644,436644,436654,10,0
436644,436652,436653,1,8
436644,436652,436653,1,8
436770,436770,436771,1,0
436770,436770,436771,1,0
436770,436770,436771,1,0
436770,436770,436774,4,0
436770,436770,436775,5,0
436770,436770,436775,5,0
436770,436772,436775,3,2
436770,436770,436775,5,0
436770,436770,436775,5,0
436770,436772,436775,3,2
436770,436772,436775,3,2
436770,436775,436777,2,5
436770,436774,436776,2,4
436770,436770,436778,8,0
436770,436776,436778,2,6
436770,436776,436777,1,6
436770,436776,436777,1,6
436770,436776,436777,1,6
436770,436770,436778,8,0
436770,436770,436777,7,0
436770,436776,436777,1,6
436770,436770,436777,7,0
436770,436776,436777,1,6
436770,436770,436778,8,0
436770,436778,436779,1,8
436770,436770,436778,8,0
436770,436778,436779,1,8
436770,436777,436778,1,7
436770,436777,436778,1,7
436770,436770,436780,10,0
436770,436770,436779,9,0
436896,436896,436898,2,0
436896,436896,436898,2,0
436896,436896,436898,2,0
436896,436896,436900,4,0
436896,436896,436900,4,0
436896,436896,436901,5,0
436896,436898,436901,3,2
436896,436898,436901,3,2
436896,436896,436902,6,0
436896,436899,436902,3,3
436896,436901,436903,2,5
436896,436896,436903,7,0
436896,436896,436902,6,0
436896,436901,436903,2,5
436896,436896,436904,8,0
436896,436896,436904,8,0
436896,436901,436904,3,5
436896,436901,436904,3,5
436896,436901,436904,3,5
436896,436896,436904,8,0
436896,436903,436904,1,7
436896,436903,436904,1,7
436896,436904,436905,1,8
436896,436896,436905,9,0
436896,436896,436905,9,0
436896,436903,436905,2,7
436896,436903,436905,2,7
436896,436904,436905,1,8
436896,436904,436905,1,8
436896,436896,436906,10,0
436896,436896,436906,10,0
437023,437023,437025,2,0
437023,437023,437025,2,0
437023,437023,437025,2,0
437023,437024,437027,3,1
437023,437024,437028,4,1
437023,437023,437028,5,0
437023,437026,437028,2,3
437023,437026,437029,3,3
437023,437024,437029,5,1
437023,437026,437029,3,3
437023,437023,437030,7,0
437023,437023,437030,7,0
437023,437028,437030,2,5
437023,437023,437030,7,0
437023,437023,437031,8,0
437023,437029,437031,2,6
437023,437029,437031,2,6
437023,437030,437031,1,7
437023,437030,437031,1,7
437023,437023,437031,8,0
437023,437024,437031,7,1
437023,437029,437031,2,6
437023,437023,437032,9,0
437023,437030,437031,1,7
437023,437031,437032,1,8
437023,437031,437032,1,8
437023,437031,437032,1,8
437023,437031,437032,1,8
437023,437023,437034,11,0
437023,437032,437033,1,9
437023,437023,437033,10,0
437152,437152,437153,1,0
437152,437152,437153,1,0
437152,437152,437153,1,0
437152,437152,437156,4,0
437152,437153,437156,3,1
437152,437152,437156,4,0
437152,437154,437157,3,2
437152,437152,437158,6,0
437152,437154,437157,3,2
437152,437152,437157,5,0
437152,437152,437158,6,0
437152,437152,437159,7,0
437152,437152,437159,7,0
437152,437156,437159,3,4
437152,437157,437159,2,5
437152,437152,437158,6,0
437152,437157,437159,2,5
437152,437152,437160,8,0
437152,437157,437159,2,5
437152,437158,437159,1,6
437152,437158,437160,2,6
437152,437158,437160,2,6
437152,437152,437160,8,0
437152,437152,437159,7,0
437152,437158,437159,1,6
437152,437159,437160,1,7
437152,437159,437161,2,7
437152,437159,437160,1,7
437152,437159,437160,1,7
437152,437152,437162,10,0
437152,437152,437162,10,0
437401,437401,437402,1,0
437401,437401,437403,2,0
437401,437401,437402,1,0
437401,437401,437404,3,0
437401,437401,437406,5,0
437401,437401,437405,4,0
437401,437402,437406,4,1
437401,437401,437407,6,0
437401,437403,437406,3,2
437401,437403,437407,4,2
437401,437401,437407,6,0
437401,437406,437408,2,5
437401,437401,437407,6,0
437401,437401,437408,7,0
437401,437405,437408,3,4
437401,437407,437408,1,6
437401,437401,437409,8,0
437401,437407,437409,2,6
437401,437407,437409,2,6
437401,437407,437409,2,6
437401,437406,437409,3,5
437401,437408,437409,1,7
437401,437408,437410,2,7
437401,437408,437410,2,7
437401,437401,437410,9,0
437401,437409,437410,1,8
437401,437409,437410,1,8
437401,437401,437410,9,0
437401,437401,437411,10,0
437401,437401,437411,10,0
437401,437401,437411,10,0
437530,437531,437532,1,1
437530,437531,437532,1,1
437530,437531,437532,1,1
437530,437531,437535,4,1
437530,437531,437535,4,1
437530,437531,437535,4,1
437530,437533,437536,3,3
437530,437531,437536,5,1
437530,437533,437536,3,3
437530,437531,437537,6,1
437530,437533,437536,3,3
437530,437536,437538,2,6
437530,437531,437537,6,1
437530,437531,437537,6,1
437530,437536,437538,2,6
437530,437536,437538,2,6
437530,437537,437538,1,7
437530,437537,437538,1,7
437530,437537,437538,1,7
437530,437537,437538,1,7
437530,437536,437538,2,6
437530,437531,437539,8,1
437530,437538,437539,1,8
437530,437538,437539,1,8
437530,437538,437539,1,8
437530,437538,437539,1,8
437530,437531,437540,9,1
437530,437531,437540,9,1
437530,437531,437540,9,1
437530,437531,437540,9,1
437530,437531,437540,9,1
437780,437780,437781,1,0
437780,437780,437781,1,0
437780,437780,437781,1,0
437780,437780,437784,4,0
437780,437780,437784,4,0
437780,437780,437785,5,0
437780,437783,437786,3,3
437780,437782,437786,4,2
437780,437780,437786,6,0
437780,437782,437786,4,2
437780,437780,437786,6,0
437780,437780,437787,7,0
437780,437780,437787,7,0
437780,437780,437787,7,0
437780,437784,437787,3,4
437780,437780,437786,6,0
437780,437780,437787,7,0
437780,437786,437788,2,6
437780,437786,437788,2,6
437780,437786,437788,2,6
437780,437786,437788,2,6
437780,437786,437788,2,6
437780,437785,437788,3,5
437780,437780,437789,9,0
437780,437787,437788,1,7
437780,437780,437789,9,0
437780,437787,437789,2,7
437780,437787,437789,2,7
437780,437787,437789,2,7
437780,437787,437789,2,7
437780,437780,437790,10,0
437905,437905,437906,1,0
437905,437905,437906,1,0
437905,437905,437906,1,0
437905,437905,437908,3,0
437905,437907,437910,3,2
437905,437905,437909,4,0
437905,437907,437910,3,2
437905,437906,437910,4,1
437905,437905,437910,5,0
437905,437905,437911,6,0
437905,437905,437911,6,0
437905,437905,437911,6,0
437905,437905,437911,6,0
437905,437905,437911,6,0
437905,437910,437912,2,5
437905,437909,437911,2,4
437905,437910,437912,2,5
437905,437905,437912,7,0
437905,437905,437911,6,0
437905,437910,437912,2,5
437905,437910,437912,2,5
437905,437911,437912,1,6
437905,437911,437912,1,6
437905,437911,437912,1,6
437905,437905,437913,8,0
437905,437911,437912,1,6
437905,437912,437913,1,7
437905,437912,437913,1,7
437905,437912,437913,1,7
437905,437905,437914,9,0
437905,437905,437914,9,0
438030,438030,438031,1,0
438030,438030,438031,1,0
438030,438030,438031,1,0
438030,438030,438031,1,0
438030,438030,438034,4,0
438030,438032,438035,3,2
438030,438031,438034,3,1
438030,438032,438034,2,2
438030,438031,438034,3,1
438030,438030,438036,6,0
438030,438034,438036,2,4
438030,438030,438036,6,0
438030,438030,438035,5,0
438030,438030,438037,7,0
438030,438030,438037,7,0
438030,438030,438037,7,0
438030,438035,438037,2,5
438030,438030,438037,7,0
438030,438035,438037,2,5
438030,438030,438036,6,0
438030,438035,438036,1,5
438030,438030,438037,7,0
438030,438035,438036,1,5
438030,438036,438037,1,6
438030,438037,438038,1,7
438030,438030,438038,8,0
438030,438036,438037,1,6
438030,438036,438038,2,6
438030,438036,438037,1,6
438030,438037,438038,1,7
438030,438030,438039,9,0
438156,438156,438157,1,0
438156,438156,438158,2,0
438156,438156,438157,1,0
438156,438156,438159,3,0
438156,438158,438161,3,2
438156,438156,438160,4,0
438156,438158,438161,3,2
438156,438156,438162,6,0
438156,438158,438162,4,2
438156,438156,438162,6,0
438156,438156,438162,6,0
438156,438156,438162,6,0
438156,438156,438162,6,0
438156,438159,438162,3,3
438156,438156,438162,6,0
438156,438156,438163,7,0
438156,438161,438163,2,5
438156,438161,438163,2,5
438156,438162,438163,1,6
438156,438156,438164,8,0
438156,438162,438164,2,6
438156,438162,438164,2,6
438156,438156,438164,8,0
438156,438162,438164,2,6
438156,438162,438164,2,6
438156,438163,438164,1,7
438156,438163,438164,1,7
438156,438163,438164,1,7
438156,438163,438164,1,7
438156,438156,438165,9,0
438156,438156,438165,9,0
438285,438285,438286,1,0
438285,438285,438286,1,0
438285,438285,438286,1,0
438285,438285,438289,4,0
438285,438285,438289,4,0
438285,438286,438289,3,1
438285,438285,438289,4,0
438285,438285,438290,5,0
438285,438285,438289,4,0
438285,438285,438291,6,0
438285,438287,438290,3,2
438285,438285,438291,6,0
438285,438289,438291,2,4
438285,438285,438291,6,0
438285,438287,438290,3,2
438285,438289,438291,2,4
438285,438285,438291,6,0
438285,438290,438292,2,5
438285,438289,438292,3,4
438285,438289,438291,2,4
438285,438285,438292,7,0
438285,438290,438292,2,5
438285,438285,438292,7,0
438285,438285,438292,7,0
438285,438291,438293,2,6
438285,438291,438293,2,6
438285,438291,438292,1,6
438285,438291,438293,2,6
438285,438291,438292,1,6
438285,438292,438293,1,7
438285,438285,438294,9,0
438412,438412,438413,1,0
438412,438412,438413,1,0
438412,438412,438413,1,0
438412,438412,438416,4,0
438412,438413,438416,3,1
438412,438412,438416,4,0
438412,438412,438416,4,0
438412,438412,438416,4,0
438412,438412,438416,4,0
438412,438412,438417,5,0
438412,438414,438417,3,2
438412,438412,438418,6,0
438412,438412,438417,5,0
438412,438412,438418,6,0
438412,438416,438418,2,4
438412,438414,438417,3,2
438412,438412,438418,6,0
438412,438416,438418,2,4
438412,438417,438418,1,5
438412,438417,438419,2,5
438412,438416,438419,3,4
438412,438417,438418,1,5
438412,438412,438418,6,0
438412,438417,438418,1,5
438412,438412,438419,7,0
438412,438417,438419,2,5
438412,438412,438419,7,0
438412,438418,438419,1,6
438412,438418,438419,1,6
438412,438418,438419,1,6
438412,438418,438419,1,6
438537,438537,438538,1,0
438537,438537,438538,1,0
438537,438537,438538,1,0
438537,438537,438540,3,0
438537,438537,438541,4,0
438537,438537,438541,4,0
438537,438537,438541,4,0
438537,438537,438541,4,0
438537,438537,438542,5,0
438537,438537,438542,5,0
438537,438539,438542,3,2
438537,438539,438542,3,2
438537,438540,438543,3,3
438537,438541,438543,2,4
438537,438539,438542,3,2
438537,438541,438543,2,4
438537,438537,438544,7,0
438537,438537,438543,6,0
438537,438542,438544,2,5
438537,438537,438543,6,0
438537,438537,438544,7,0
438537,438541,438544,3,4
438537,438537,438544,7,0
438537,438542,438544,2,5
438537,438537,438544,7,0
438537,438542,438544,2,5
438537,438543,438544,1,6
438537,438543,438545,2,6
438537,438543,438545,2,6
438537,438543,438544,1,6
438537,438543,438544,1,6
438667,438667,438668,1,0
438667,438667,438668,1,0
438667,438667,438668,1,0
438667,438667,438670,3,0
438667,438667,438670,3,0
438667,438667,438670,3,0
438667,438667,438670,3,0
438667,438667,438671,4,0
438667,438667,438671,4,0
438667,438669,438672,3,2
438667,438669,438672,3,2
438667,438671,438673,2,4
438667,438667,438673,6,0
438667,438669,438672,3,2
438667,438671,438672,1,4
438667,438667,438674,7,0
438667,438671,438673,2,4
438667,438671,438673,2,4
438667,438672,438674,2,5
438667,438672,438673,1,5
438667,438667,438673,6,0
438667,438667,438674,7,0
438667,438667,438674,7,0
438667,438673,438674,1,6
438667,438667,438674,7,0
438667,438673,438674,1,6
438667,438673,438674,1,6
438667,438667,438674,7,0
438667,438673,438674,1,6
438667,438673,438674,1,6
438667,438673,438674,1,6
438795,438795,438796,1,0
438795,438795,438797,2,0
438795,438795,438796,1,0
438795,438795,438796,1,0
438795,438795,438797,2,0
438795,438795,438798,3,0
438795,438795,438798,3,0
438795,438795,438799,4,0
438795,438798,438799,1,3
438795,438797,438799,2,2
438795,438797,438799,2,2
438795,438797,438800,3,2
438795,438797,438800,3,2
438795,438795,438800,5,0
438795,438797,438800,3,2
438795,438799,438800,1,4
438795,438800,438801,1,5
438795,438795,438802,7,0
438795,438800,438802,2,5
438795,438800,438801,1,5
438795,438795,438801,6,0
438795,438795,438802,7,0
438795,438795,438802,7,0
438795,438795,438802,7,0
438795,438800,438801,1,5
438795,438795,438802,7,0
438795,438801,438802,1,6
438795,438801,438802,1,6
438795,438795,438803,8,0
438795,438801,438802,1,6
438795,438801,438802,1,6
438921,438921,438922,1,0
438921,438921,438923,2,0
438921,438921,438923,2,0
438921,438921,438924,3,0
438921,438921,438923,2,0
438921,438921,438925,4,0
438921,438921,438925,4,0
438921,438923,438925,2,2
438921,438921,438926,5,0
438921,438923,438926,3,2
438921,438923,438926,3,2
438921,438925,438927,2,4
438921,438924,438927,3,3
438921,438926,438927,1,5
438921,438926,438928,2,5
438921,438926,438927,1,5
438921,438921,438928,7,0
438921,438926,438928,2,5
438921,438927,438928,1,6
438921,438921,438929,8,0
438921,438921,438929,8,0
438921,438928,438929,1,7
438921,438921,438929,8,0
438921,438928,438929,1,7
438921,438921,438929,8,0
438921,438921,438929,8,0
438921,438928,438929,1,7
438921,438928,438929,1,7
438921,438921,438929,8,0
438921,438928,438929,1,7
438921,438921,438930,9,0
439048,439048,439049,1,0
439048,439048,439050,2,0
439048,439048,439050,2,0
439048,439048,439050,2,0
439048,439048,439050,2,0
439048,439048,439051,3,0
439048,439049,439051,2,1
439048,439050,439053,3,2
439048,439051,439053,2,3
439048,439050,439053,3,2
439048,439051,439053,2,3
439048,439048,439053,5,0
439048,439048,439053,5,0
439048,439050,439053,3,2
439048,439053,439054,1,5
439048,439048,439055,7,0
439048,439048,439055,7,0
439048,439054,439055,1,6
439048,439053,439055,2,5
439048,439053,439055,2,5
439048,439053,439055,2,5
439048,439048,439055,7,0
439048,439054,439055,1,6
439048,439054,439056,2,6
439048,439048,439055,7,0
439048,439048,439056,8,0
439048,439053,439055,2,5
439048,439048,439056,8,0
439048,439048,439056,8,0
439048,439048,439056,8,0
439048,439055,439056,1,7
439174,439174,439175,1,0
439174,439174,439175,1,0
439174,439174,439175,1,0
439174,439174,439175,1,0
439174,439174,439176,2,0
439174,439176,439178,2,2
439174,439174,439177,3,0
439174,439174,439178,4,0
439174,439176,439178,2,2
439174,439176,439178,2,2
439174,439176,439179,3,2
439174,439174,439179,5,0
439174,439174,439179,5,0
439174,439178,439179,1,4
439174,439174,439180,6,0
439174,439178,439180,2,4
439174,439177,439179,2,3
439174,439174,439180,6,0
439174,439179,439180,1,5
439174,439179,439180,1,5
439174,439174,439181,7,0
439174,439174,439181,7,0
439174,439179,439180,1,5
439174,439174,439181,7,0
439174,439179,439180,1,5
439174,439180,439181,1,6
439174,439180,439181,1,6
439174,439180,439181,1,6
439174,439180,439181,1,6
439174,439174,439182,8,0
439174,439174,439182,8,0
439302,439303,439304,1,1
439302,439303,439304,1,1
439302,439303,439305,2,1
439302,439303,439304,1,1
439302,439303,439305,2,1
439302,439305,439306,1,3
439302,439305,439307,2,3
439302,439303,439307,4,1
439302,439305,439307,2,3
439302,439306,439308,2,4
439302,439303,439308,5,1
439302,439305,439307,2,3
439302,439307,439308,1,5
439302,439303,439308,5,1
439302,439303,439308,5,1
439302,439303,439308,5,1
439302,439303,439310,7,1
439302,439303,439309,6,1
439302,439308,439309,1,6
439302,439303,439309,6,1
439302,439308,439309,1,6
439302,439309,439310,1,7
439302,439308,439309,1,6
439302,439308,439309,1,6
439302,439308,439309,1,6
439302,439308,439309,1,6
439302,439309,439310,1,7
439302,439303,439310,7,1
439302,439303,439310,7,1
439302,439309,439310,1,7
439302,439303,439310,7,1
439427,439428,439429,1,1
439427,439428,439429,1,1
439427,439428,439429,1,1
439427,439429,439430,1,2
439427,439428,439430,2,1
439427,439429,439431,2,2
439427,439428,439431,3,1
439427,439430,439432,2,3
439427,439428,439431,3,1
439427,439428,439431,3,1
439427,439428,439433,5,1
439427,439431,439433,2,4
439427,439431,439433,2,4
439427,439431,439432,1,4
439427,439432,439433,1,5
439427,439432,439433,1,5
439427,439428,439433,5,1
439427,439428,439434,6,1
439427,439432,439433,1,5
439427,439432,439434,2,5
439427,439428,439434,6,1
439427,439433,439434,1,6
439427,439433,439434,1,6
439427,439434,439435,1,7
439427,439433,439434,1,6
439427,439433,439434,1,6
439427,439428,439435,7,1
439427,439428,439435,7,1
439427,439428,439435,7,1
439427,439428,439437,9,1
439427,439428,439437,9,1
439553,439553,439554,1,0
439553,439553,439554,1,0
439553,439553,439555,2,0
439553,439553,439555,2,0
439553,439553,439556,3,0
439553,439553,439556,3,0
439553,439554,439556,2,1
439553,439555,439556,1,2
439553,439555,439557,2,2
439553,439553,439557,4,0
439553,439555,439557,2,2
439553,439553,439557,4,0
439553,439553,439558,5,0
439553,439553,439558,5,0
439553,439556,439558,2,3
439553,439556,439558,2,3
439553,439556,439558,2,3
439553,439557,439558,1,4
439553,439553,439559,6,0
439553,439557,439559,2,4
439553,439557,439559,2,4
439553,439557,439559,2,4
439553,439559,439560,1,6
439553,439553,439559,6,0
439553,439558,439559,1,5
439553,439558,439560,2,5
439553,439553,439560,7,0
439553,439553,439560,7,0
439553,439553,439561,8,0
439553,439553,439562,9,0
439681,439682,439683,1,1
439681,439682,439683,1,1
439681,439682,439683,1,1
439681,439682,439684,2,1
439681,439682,439684,2,1
439681,439682,439684,2,1
439681,439683,439684,1,2
439681,439682,439684,2,1
439681,439683,439684,1,2
439681,439682,439685,3,1
439681,439684,439685,1,3
439681,439682,439685,3,1
439681,439684,439685,1,3
439681,439682,439686,4,1
439681,439682,439686,4,1
439681,439685,439686,1,4
439681,439685,439686,1,4
439681,439685,439686,1,4
439681,439685,439686,1,4
439681,439685,439686,1,4
439681,439686,439687,1,5
439681,439686,439687,1,5
439681,439682,439687,5,1
439681,439682,439687,5,1
439681,439686,439687,1,5
439681,439686,439687,1,5
439681,439686,439687,1,5
439681,439686,439687,1,5
439681,439682,439687,5,1
439681,439682,439689,7,1
439681,439682,439688,6,1
439808,439808,439809,1,0
439808,439808,439809,1,0
439808,439808,439809,1,0
439808,439808,439810,2,0
439808,439808,439811,3,0
439808,439808,439811,3,0
439808,439810,439811,1,2
439808,439809,439811,2,1
439808,439810,439812,2,2
439808,439808,439812,4,0
439808,439811,439812,1,3
439808,439808,439813,5,0
439808,439808,439812,4,0
439808,439808,439812,4,0
439808,439808,439813,5,0
439808,439808,439813,5,0
439808,439812,439813,1,4
439808,439808,439813,5,0
439808,439812,439813,1,4
439808,439812,439813,1,4
439808,439808,439813,5,0
439808,439812,439813,1,4
439808,439813,439814,1,5
439808,439814,439815,1,6
439808,439813,439814,1,5
439808,439813,439814,1,5
439808,439813,439814,1,5
439808,439813,439814,1,5
439808,439808,439814,6,0
439808,439813,439814,1,5
439808,439808,439816,8,0
439934,439934,439935,1,0
439934,439934,439936,2,0
439934,439934,439936,2,0
439934,439934,439936,2,0
439934,439934,439936,2,0
439934,439934,439937,3,0
439934,439934,439938,4,0
439934,439934,439938,4,0
439934,439934,439937,3,0
439934,439936,439938,2,2
439934,439934,439938,4,0
439934,439936,439937,1,2
439934,439936,439938,2,2
439934,439935,439938,3,1
439934,439934,439939,5,0
439934,439934,439939,5,0
439934,439936,439938,2,2
439934,439938,439939,1,4
439934,439937,439939,2,3
439934,439938,439940,2,4
439934,439938,439939,1,4
439934,439938,439939,1,4
439934,439938,439940,2,4
439934,439939,439940,1,5
439934,439938,439940,2,4
439934,439938,439940,2,4
439934,439934,439941,7,0
439934,439934,439941,7,0
439934,439934,439942,8,0
439934,439934,439943,9,0
440059,440059,440060,1,0
440059,440059,440060,1,0
440059,440059,440060,1,0
440059,440059,440060,1,0
440059,440059,440060,1,0
440059,440059,440060,1,0
440059,440059,440060,1,0
440059,440060,440061,1,1
440059,440059,440063,4,0
440059,440061,440063,2,2
440059,440059,440062,3,0
440059,440059,440062,3,0
440059,440059,440062,3,0
440059,440061,440062,1,2
440059,440061,440062,1,2
440059,440061,440063,2,2
440059,440061,440063,2,2
440059,440061,440063,2,2
440059,440059,440063,4,0
440059,440059,440063,4,0
440059,440062,440063,1,3
440059,440059,440063,4,0
440059,440063,440064,1,4
440059,440059,440064,5,0
440059,440063,440064,1,4
440059,440063,440064,1,4
440059,440063,440064,1,4
440059,440063,440064,1,4
440059,440063,440064,1,4
440059,440063,440064,1,4
440059,440059,440066,7,0
440185,440185,440186,1,0
440185,440185,440187,2,0
440185,440185,440186,1,0
440185,440185,440187,2,0
440185,440185,440186,1,0
440185,440185,440187,2,0
440185,440185,440186,1,0
440185,440185,440187,2,0
440185,440185,440188,3,0
440185,440185,440188,3,0
440185,440185,440188,3,0
440185,440185,440188,3,0
440185,440187,440189,2,2
440185,440185,440189,4,0
440185,440187,440189,2,2
440185,440185,440189,4,0
440185,440187,440189,2,2
440185,440187,440189,2,2
440185,440187,440189,2,2
440185,440187,440189,2,2
440185,440185,440189,4,0
440185,440187,440190,3,2
440185,440187,440190,3,2
440185,440188,440190,2,3
440185,440188,440190,2,3
440185,440185,440189,4,0
440185,440188,440190,2,3
440185,440189,440190,1,4
440185,440189,440190,1,4
440185,440189,440190,1,4
440185,440189,440191,2,4
440310,440311,440312,1,1
440310,440311,440313,2,1
440310,440311,440312,1,1
440310,440311,440312,1,1
440310,440311,440312,1,1
440310,440311,440312,1,1
440310,440311,440312,1,1
440310,440311,440313,2,1
440310,440311,440313,2,1
440310,440311,440313,2,1
440310,440311,440313,2,1
440310,440311,440313,2,1
440310,440311,440313,2,1
440310,440311,440314,3,1
440310,440313,440315,2,3
440310,440311,440314,3,1
440310,440313,440314,1,3
440310,440313,440314,1,3
440310,440313,440315,2,3
440310,440314,440315,1,4
440310,440314,440315,1,4
440310,440314,440315,1,4
440310,440311,440315,4,1
440310,440314,440315,1,4
440310,440314,440315,1,4
440310,440313,440315,2,3
440310,440314,440315,1,4
440310,440313,440315,2,3
440310,440313,440315,2,3
440310,440315,440316,1,5
440310,440315,440316,1,5
440322,440322,440323,1,0
440322,440322,440323,1,0
440322,440322,440324,2,0
440322,440322,440323,1,0
440322,440322,440323,1,0
440322,440322,440323,1,0
440322,440322,440323,1,0
440322,440322,440323,1,0
440322,440322,440323,1,0
440322,440322,440323,1,0
440322,440322,440325,3,0
440322,440322,440324,2,0
440322,440323,440325,2,1
440322,440322,440324,2,0
440322,440325,440326,1,3
440322,440324,440326,2,2
440322,440324,440326,2,2
440322,440322,440325,3,0
440322,440324,440326,2,2
440322,440324,440326,2,2
440322,440322,440325,3,0
440322,440324,440325,1,2
440322,440324,440325,1,2
440322,440324,440326,2,2
440322,440324,440326,2,2
440322,440325,440326,1,3
440322,440326,440327,1,4
440322,440322,440326,4,0
440322,440324,440326,2,2
440322,440325,440326,1,3
440322,440325,440326,1,3
469360,469360,469361,1,0
469360,469360,469361,1,0
469360,469360,469361,1,0
469360,469360,469362,2,0
469360,469360,469362,2,0
469360,469360,469362,2,0
469360,469360,469362,2,0
469360,469360,469362,2,0
469360,469360,469362,2,0
469360,469360,469362,2,0
469360,469360,469362,2,0
469360,469360,469362,2,0
469360,469360,469363,3,0
469360,469360,469362,2,0
469360,469360,469362,2,0
469360,469360,469363,3,0
469360,469360,469362,2,0
469360,469360,469363,3,0
469360,469362,469363,1,2
469360,469362,469363,1,2
469360,469360,469363,3,0
469360,469362,469363,1,2
469360,469362,469363,1,2
469360,469360,469363,3,0
469360,469362,469363,1,2
469360,469360,469363,3,0
469360,469362,469363,1,2
469360,469363,469364,1,3
469360,469360,469364,4,0
469360,469360,469364,4,0
469360,469360,469365,5,0
469487,469487,469488,1,0
469487,469487,469488,1,0
469487,469487,469488,1,0
469487,469487,469489,2,0
469487,469487,469488,1,0
469487,469487,469489,2,0
469487,469487,469488,1,0
469487,469487,469489,2,0
469487,469487,469489,2,0
469487,469487,469489,2,0
469487,469487,469488,1,0
469487,469487,469490,3,0
469487,469487,469489,2,0
469487,469487,469489,2,0
469487,469487,469489,2,0
469487,469487,469489,2,0
469487,469487,469490,3,0
469487,469487,469489,2,0
469487,469487,469489,2,0
469487,469487,469489,2,0
469487,469489,469490,1,2
469487,469489,469490,1,2
469487,469487,469491,4,0
469487,469487,469491,4,0
469487,469487,469490,3,0
469487,469489,469490,1,2
469487,469489,469490,1,2
469487,469489,469490,1,2
469487,469487,469490,3,0
469487,469489,469490,1,2
469487,469489,469491,2,2
469615,469615,469616,1,0
469615,469615,469616,1,0
469615,469615,469617,2,0
469615,469615,469617,2,0
469615,469615,469616,1,0
469615,469615,469616,1,0
469615,469615,469616,1,0
469615,469615,469616,1,0
469615,469615,469616,1,0
469615,469615,469616,1,0
469615,469615,469617,2,0
469615,469615,469616,1,0
469615,469615,469616,1,0
469615,469615,469617,2,0
469615,469615,469617,2,0
469615,469615,469618,3,0
469615,469615,469617,2,0
469615,469615,469617,2,0
469615,469616,469617,1,1
469615,469617,469618,1,2
469615,469615,469618,3,0
469615,469617,469618,1,2
469615,469617,469618,1,2
469615,469615,469618,3,0
469615,469615,469618,3,0
469615,469615,469618,3,0
469615,469617,469618,1,2
469615,469617,469618,1,2
469615,469617,469618,1,2
469615,469615,469619,4,0
469615,469615,469619,4,0
469742,469742,469743,1,0
469742,469742,469743,1,0
469742,469742,469744,2,0
469742,469742,469744,2,0
469742,469742,469744,2,0
469742,469742,469743,1,0
469742,469742,469744,2,0
469742,469742,469743,1,0
469742,469742,469743,1,0
469742,469742,469744,2,0
469742,469742,469744,2,0
469742,469742,469744,2,0
469742,469742,469744,2,0
469742,469742,469744,2,0
469742,469742,469743,1,0
469742,469742,469743,1,0
469742,469743,469744,1,1
469742,469742,469745,3,0
469742,469744,469746,2,2
469742,469744,469745,1,2
469742,469742,469746,4,0
469742,469742,469745,3,0
469742,469744,469746,2,2
469742,469744,469745,1,2
469742,469744,469745,1,2
469742,469742,469746,4,0
469742,469744,469745,1,2
469742,469742,469746,4,0
469742,469742,469747,5,0
469742,469742,469746,4,0
469742,469742,469747,5,0
469868,469868,469869,1,0
469868,469868,469869,1,0
469868,469868,469870,2,0
469868,469868,469870,2,0
469868,469868,469870,2,0
469868,469868,469870,2,0
469868,469868,469870,2,0
469868,469868,469870,2,0
469868,469868,469870,2,0
469868,469868,469870,2,0
469868,469868,469870,2,0
469868,469868,469870,2,0
469868,469868,469870,2,0
469868,469868,469871,3,0
469868,469868,469871,3,0
469868,469868,469871,3,0
469868,469868,469871,3,0
469868,469868,469871,3,0
469868,469868,469871,3,0
469868,469868,469871,3,0
469868,469870,469871,1,2
469868,469870,469872,2,2
469868,469870,469872,2,2
469868,469870,469872,2,2
469868,469868,469872,4,0
469868,469870,469872,2,2
469868,469868,469872,4,0
469868,469870,469872,2,2
469868,469868,469872,4,0
469868,469870,469872,2,2
469868,469868,469872,4,0
469995,469995,469996,1,0
469995,469995,469997,2,0
469995,469995,469997,2,0
469995,469995,469997,2,0
469995,469995,469996,1,0
469995,469995,469997,2,0
469995,469995,469997,2,0
469995,469995,469997,2,0
469995,469995,469997,2,0
469995,469995,469997,2,0
469995,469995,469997,2,0
469995,469995,469997,2,0
469995,469995,469997,2,0
469995,469995,469997,2,0
469995,469995,469997,2,0
469995,469995,469997,2,0
469995,469995,469997,2,0
469995,469995,469997,2,0
469995,469995,469997,2,0
469995,469997,469998,1,2
469995,469995,469998,3,0
469995,469997,469998,1,2
469995,469995,469997,2,0
469995,469995,469998,3,0
469995,469995,469997,2,0
469995,469995,469998,3,0
469995,469997,469998,1,2
469995,469997,469999,2,2
469995,469997,469998,1,2
469995,469997,469998,1,2
469995,469997,469999,2,2
470003,470004,470005,1,1
470003,470004,470005,1,1
470003,470004,470005,1,1
470003,470004,470005,1,1
470003,470004,470005,1,1
470003,470004,470005,1,1
470003,470004,470005,1,1
470003,470004,470005,1,1
470003,470004,470005,1,1
470003,470004,470005,1,1
470003,470004,470005,1,1
470003,470004,470005,1,1
470003,470004,470005,1,1
470003,470004,470005,1,1
470003,470004,470005,1,1
470003,470004,470005,1,1
470003,470004,470006,2,1
470003,470004,470006,2,1
470003,470004,470005,1,1
470003,470004,470005,1,1
470003,470004,470006,2,1
470003,470004,470006,2,1
470003,470004,470006,2,1
470003,470004,470006,2,1
470003,470006,470007,1,3
470003,470006,470007,1,3
470003,470006,470007,1,3
470003,470006,470007,1,3
470003,470006,470007,1,3
470003,470006,470007,1,3
470003,470006,470007,1,3
470130,470130,470131,1,0
470130,470130,470132,2,0
470130,470130,470131,1,0
470130,470130,470131,1,0
470130,470130,470131,1,0
470130,470130,470131,1,0
470130,470130,470132,2,0
470130,470130,470132,2,0
470130,470130,470132,2,0
470130,470130,470131,1,0
470130,470130,470132,2,0
470130,470130,470132,2,0
470130,470130,470132,2,0
470130,470130,470132,2,0
470130,470130,470132,2,0
470130,470130,470131,1,0
470130,470130,470131,1,0
470130,470130,470132,2,0
470130,470130,470132,2,0
470130,470130,470132,2,0
470130,470130,470132,2,0
470130,470130,470132,2,0
470130,470130,470132,2,0
470130,470130,470132,2,0
470130,470132,470133,1,2
470130,470132,470133,1,2
470130,470132,470133,1,2
470130,470132,470133,1,2
470130,470132,470133,1,2
470130,470132,470133,1,2
470130,470132,470133,1,2
470255,470255,470256,1,0
470255,470255,470257,2,0
470255,470255,470256,1,0
470255,470255,470256,1,0
470255,470255,470256,1,0
470255,470255,470256,1,0
470255,470255,470256,1,0
470255,470255,470257,2,0
470255,470255,470257,2,0
470255,470255,470256,1,0
470255,470255,470256,1,0
470255,470255,470256,1,0
470255,470255,470256,1,0
470255,470255,470256,1,0
470255,470255,470256,1,0
470255,470255,470256,1,0
470255,470255,470257,2,0
470255,470255,470258,3,0
470255,470255,470257,2,0
470255,470255,470257,2,0
470255,470255,470258,3,0
470255,470255,470258,3,0
470255,470257,470258,1,2
470255,470257,470258,1,2
470255,470255,470259,4,0
470255,470255,470258,3,0
470255,470257,470258,1,2
470255,470257,470258,1,2
470255,470257,470258,1,2
470255,470257,470258,1,2
470255,470257,470258,1,2
470382,470382,470383,1,0
470382,470382,470383,1,0
470382,470382,470383,1,0
470382,470382,470383,1,0
470382,470382,470383,1,0
470382,470382,470383,1,0
470382,470382,470383,1,0
470382,470382,470383,1,0
470382,470382,470383,1,0
470382,470382,470383,1,0
470382,470382,470383,1,0
470382,470382,470383,1,0
470382,470382,470384,2,0
470382,470382,470383,1,0
470382,470382,470383,1,0
470382,470382,470383,1,0
470382,470382,470383,1,0
470382,470382,470384,2,0
470382,470382,470384,2,0
470382,470384,470385,1,2
470382,470382,470385,3,0
470382,470382,470385,3,0
470382,470384,470385,1,2
470382,470384,470385,1,2
470382,470384,470385,1,2
470382,470384,470385,1,2
470382,470384,470385,1,2
470382,470382,470385,3,0
470382,470384,470385,1,2
470382,470382,470387,5,0
470382,470382,470386,4,0
470632,470632,470633,1,0
470632,470632,470633,1,0
470632,470632,470633,1,0
470632,470632,470633,1,0
470632,470633,470634,1,1
470632,470632,470633,1,0
470632,470632,470633,1,0
470632,470632,470633,1,0
470632,470632,470633,1,0
470632,470632,470634,2,0
470632,470632,470633,1,0
470632,470632,470633,1,0
470632,470632,470633,1,0
470632,470632,470633,1,0
470632,470632,470634,2,0
470632,470632,470634,2,0
470632,470632,470635,3,0
470632,470632,470634,2,0
470632,470632,470634,2,0
470632,470632,470634,2,0
470632,470632,470635,3,0
470632,470634,470635,1,2
470632,470632,470634,2,0
470632,470634,470635,1,2
470632,470634,470635,1,2
470632,470632,470635,3,0
470632,470632,470635,3,0
470632,470634,470635,1,2
470632,470632,470635,3,0
470632,470634,470635,1,2
470632,470634,470635,1,2
470640,470640,470641,1,0
470640,470640,470641,1,0
470640,470640,470641,1,0
470640,470640,470641,1,0
470640,470640,470641,1,0
470640,470640,470641,1,0
470640,470640,470641,1,0
470640,470640,470642,2,0
470640,470640,470641,1,0
470640,470640,470641,1,0
470640,470640,470642,2,0
470640,470640,470641,1,0
470640,470640,470641,1,0
470640,470640,470642,2,0
470640,470640,470641,1,0
470640,470640,470642,2,0
470640,470641,470642,1,1
470640,470640,470643,3,0
470640,470640,470643,3,0
470640,470642,470643,1,2
470640,470640,470642,2,0
470640,470640,470643,3,0
470640,470640,470643,3,0
470640,470640,470643,3,0
470640,470640,470643,3,0
470640,470642,470643,1,2
470640,470642,470643,1,2
470640,470642,470643,1,2
470640,470642,470643,1,2
470640,470642,470643,1,2
470640,470640,470644,4,0
470766,470766,470767,1,0
470766,470766,470767,1,0
470766,470766,470768,2,0
470766,470766,470768,2,0
470766,470766,470768,2,0
470766,470766,470768,2,0
470766,470766,470768,2,0
470766,470766,470768,2,0
470766,470766,470768,2,0
470766,470766,470768,2,0
470766,470766,470767,1,0
470766,470766,470768,2,0
470766,470766,470768,2,0
470766,470766,470768,2,0
470766,470766,470768,2,0
470766,470766,470768,2,0
470766,470766,470768,2,0
470766,470766,470767,1,0
470766,470767,470768,1,1
470766,470766,470769,3,0
470766,470767,470768,1,1
470766,470766,470769,3,0
470766,470766,470769,3,0
470766,470766,470769,3,0
470766,470768,470769,1,2
470766,470768,470769,1,2
470766,470766,470770,4,0
470766,470766,470769,3,0
470766,470768,470770,2,2
470766,470768,470769,1,2
470766,470768,470769,1,2
470891,470891,470892,1,0
470891,470891,470893,2,0
470891,470891,470892,1,0
470891,470891,470892,1,0
470891,470891,470892,1,0
470891,470891,470892,1,0
470891,470891,470892,1,0
470891,470891,470892,1,0
470891,470891,470892,1,0
470891,470891,470892,1,0
470891,470891,470892,1,0
470891,470891,470892,1,0
470891,470891,470892,1,0
470891,470891,470892,1,0
470891,470891,470892,1,0
470891,470891,470892,1,0
470891,470891,470892,1,0
470891,470891,470892,1,0
470891,470891,470893,2,0
470891,470891,470894,3,0
470891,470891,470893,2,0
470891,470891,470893,2,0
470891,470891,470894,3,0
470891,470893,470894,1,2
470891,470891,470893,2,0
470891,470893,470894,1,2
470891,470893,470894,1,2
470891,470893,470894,1,2
470891,470893,470894,1,2
470891,470893,470894,1,2
470891,470893,470894,1,2
471016,471016,471017,1,0
471016,471016,471018,2,0
471016,471016,471018,2,0
471016,471016,471018,2,0
471016,471016,471018,2,0
471016,471016,471018,2,0
471016,471016,471018,2,0
471016,471016,471019,3,0
471016,471016,471019,3,0
471016,471016,471019,3,0
471016,471018,471020,2,2
471016,471016,471019,3,0
471016,471016,471020,4,0
471016,471018,471020,2,2
471016,471018,471020,2,2
471016,471016,471020,4,0
471016,471018,471020,2,2
471016,471018,471020,2,2
471016,471016,471020,4,0
471016,471018,471020,2,2
471016,471018,471020,2,2
471016,471016,471021,5,0
471016,471016,471021,5,0
471016,471016,471023,7,0
471016,471016,471023,7,0
471016,471016,471024,8,0
471016,471016,471024,8,0
471016,471016,471025,9,0
471016,471016,471025,9,0
471016,471016,471025,9,0
471016,471016,471027,11,0
471140,471140,471141,1,0
471140,471140,471142,2,0
471140,471140,471142,2,0
471140,471140,471142,2,0
471140,471140,471142,2,0
471140,471140,471142,2,0
471140,471140,471142,2,0
471140,471140,471142,2,0
471140,471142,471143,1,2
471140,471140,471143,3,0
471140,471142,471143,1,2
471140,471142,471144,2,2
471140,471142,471144,2,2
471140,471140,471144,4,0
471140,471140,471144,4,0
471140,471140,471144,4,0
471140,471143,471144,1,3
471140,471143,471144,1,3
471140,471143,471144,1,3
471140,471140,471145,5,0
471140,471140,471145,5,0
471140,471140,471145,5,0
471140,471140,471146,6,0
471140,471140,471146,6,0
471140,471140,471148,8,0
471140,471140,471148,8,0
471140,471140,471148,8,0
471140,471140,471148,8,0
471140,471140,471151,11,0
471140,471140,471151,11,0
471140,471140,471151,11,0
471266,471266,471267,1,0
471266,471266,471267,1,0
471266,471266,471268,2,0
471266,471266,471268,2,0
471266,471266,471268,2,0
471266,471266,471267,1,0
471266,471266,471268,2,0
471266,471266,471268,2,0
471266,471266,471269,3,0
471266,471266,471269,3,0
471266,471268,471270,2,2
471266,471266,471269,3,0
471266,471266,471269,3,0
471266,471268,471269,1,2
471266,471268,471269,1,2
471266,471266,471270,4,0
471266,471268,471269,1,2
471266,471268,471269,1,2
471266,471268,471269,1,2
471266,471268,471270,2,2
471266,471266,471270,4,0
471266,471266,471272,6,0
471266,471266,471272,6,0
471266,471266,471273,7,0
471266,471266,471273,7,0
471266,471266,471274,8,0
471266,471266,471275,9,0
471266,471266,471275,9,0
471266,471266,471276,10,0
471266,471266,471276,10,0
471266,471266,471277,11,0
471395,471395,471396,1,0
471395,471395,471396,1,0
471395,471395,471397,2,0
471395,471395,471396,1,0
471395,471395,471397,2,0
471395,471395,471397,2,0
471395,471395,471398,3,0
471395,471395,471397,2,0
471395,471395,471398,3,0
471395,471395,471398,3,0
471395,471397,471398,1,2
471395,471395,471398,3,0
471395,471395,471399,4,0
471395,471397,471398,1,2
471395,471398,471399,1,3
471395,471395,471398,3,0
471395,471397,471398,1,2
471395,471397,471398,1,2
471395,471398,471399,1,3
471395,471395,471399,4,0
471395,471398,471399,1,3
471395,471395,471401,6,0
471395,471395,471401,6,0
471395,471395,471402,7,0
471395,471395,471403,8,0
471395,471395,471402,7,0
471395,471395,471403,8,0
471395,471395,471404,9,0
471395,471395,471404,9,0
471395,471395,471406,11,0
471395,471395,471406,11,0
471523,471523,471524,1,0
471523,471523,471524,1,0
471523,471523,471524,1,0
471523,471523,471525,2,0
471523,471523,471525,2,0
471523,471523,471525,2,0
471523,471523,471525,2,0
471523,471523,471525,2,0
471523,471523,471525,2,0
471523,471525,471526,1,2
471523,471525,471526,1,2
471523,471525,471526,1,2
471523,471523,471526,3,0
471523,471523,471526,3,0
471523,471523,471527,4,0
471523,471523,471527,4,0
471523,471526,471527,1,3
471523,471526,471527,1,3
471523,471526,471527,1,3
471523,471526,471527,1,3
471523,471523,471530,7,0
471523,471523,471529,6,0
471523,471523,471530,7,0
471523,471523,471530,7,0
471523,471523,471530,7,0
471523,471523,471531,8,0
471523,471523,471531,8,0
471523,471523,471532,9,0
471523,471523,471533,10,0
471523,471523,471533,10,0
471523,471523,471533,10,0
471651,471651,471652,1,0
471651,471651,471652,1,0
471651,471651,471653,2,0
471651,471651,471653,2,0
471651,471651,471653,2,0
471651,471651,471653,2,0
471651,471651,471653,2,0
471651,471651,471653,2,0
471651,471651,471653,2,0
471651,471653,471654,1,2
471651,471653,471654,1,2
471651,471653,471655,2,2
471651,471651,471654,3,0
471651,471651,471654,3,0
471651,471651,471655,4,0
471651,471654,471655,1,3
471651,471654,471655,1,3
471651,471654,471655,1,3
471651,471651,471655,4,0
471651,471654,471655,1,3
471651,471651,471657,6,0
471651,471651,471658,7,0
471651,471651,471658,7,0
471651,471651,471657,6,0
471651,471651,471659,8,0
471651,471651,471658,7,0
471651,471651,471660,9,0
471651,471651,471660,9,0
471651,471651,471661,10,0
471651,471651,471660,9,0
471651,471651,471661,10,0
471776,471776,471777,1,0
471776,471776,471777,1,0
471776,471776,471778,2,0
471776,471776,471779,3,0
471776,471776,471778,2,0
471776,471776,471778,2,0
471776,471776,471778,2,0
471776,471776,471778,2,0
471776,471778,471779,1,2
471776,471778,471780,2,2
471776,471779,471780,1,3
471776,471776,471779,3,0
471776,471778,471780,2,2
471776,471776,471779,3,0
471776,471776,471780,4,0
471776,471776,471781,5,0
471776,471779,471781,2,3
471776,471776,471781,5,0
471776,471779,471780,1,3
471776,471779,471781,2,3
471776,471776,471783,7,0
471776,471776,471783,7,0
471776,471776,471783,7,0
471776,471776,471782,6,0
471776,471776,471784,8,0
471776,471776,471784,8,0
471776,471776,471784,8,0
471776,471776,471785,9,0
471776,471776,471786,10,0
471776,471776,471787,11,0
471776,471776,471787,11,0
471907,471907,471908,1,0
471907,471907,471908,1,0
471907,471907,471909,2,0
471907,471907,471908,1,0
471907,471907,471910,3,0
471907,471907,471909,2,0
471907,471907,471909,2,0
471907,471907,471909,2,0
471907,471907,471910,3,0
471907,471909,471910,1,2
471907,471909,471910,1,2
471907,471907,471911,4,0
471907,471909,471910,1,2
471907,471910,471911,1,3
471907,471909,471911,2,2
471907,471910,471911,1,3
471907,471907,471911,4,0
471907,471910,471911,1,3
471907,471907,471913,6,0
471907,471907,471912,5,0
471907,471907,471912,5,0
471907,471907,471913,6,0
471907,471907,471914,7,0
471907,471907,471915,8,0
471907,471907,471915,8,0
471907,471907,471915,8,0
471907,471907,471916,9,0
471907,471907,471917,10,0
471907,471907,471916,9,0
471907,471907,471916,9,0
471907,471907,471918,11,0
472031,472031,472033,2,0
472031,472031,472033,2,0
472031,472031,472033,2,0
472031,472031,472033,2,0
472031,472031,472034,3,0
472031,472032,472034,2,1
472031,472032,472034,2,1
472031,472032,472034,2,1
472031,472032,472034,2,1
472031,472032,472035,3,1
472031,472034,472035,1,3
472031,472034,472035,1,3
472031,472034,472035,1,3
472031,472034,472035,1,3
472031,472031,472035,4,0
472031,472035,472036,1,4
472031,472032,472036,4,1
472031,472035,472036,1,4
472031,472035,472036,1,4
472031,472031,472037,6,0
472031,472031,472037,6,0
472031,472032,472037,5,1
472031,472031,472038,7,0
472031,472032,472039,7,1
472031,472032,472039,7,1
472031,472031,472039,8,0
472031,472031,472040,9,0
472031,472031,472040,9,0
472031,472031,472041,10,0
472031,472031,472042,11,0
472031,472031,472042,11,0
472157,472157,472158,1,0
472157,472157,472158,1,0
472157,472157,472159,2,0
472157,472157,472159,2,0
472157,472157,472160,3,0
472157,472157,472160,3,0
472157,472157,472159,2,0
472157,472157,472160,3,0
472157,472159,472161,2,2
472157,472157,472161,4,0
472157,472157,472160,3,0
472157,472159,472161,2,2
472157,472159,472161,2,2
472157,472157,472161,4,0
472157,472157,472161,4,0
472157,472157,472162,5,0
472157,472160,472162,2,3
472157,472160,472161,1,3
472157,472160,472162,2,3
472157,472160,472162,2,3
472157,472157,472163,6,0
472157,472157,472163,6,0
472157,472157,472164,7,0
472157,472157,472164,7,0
472157,472157,472165,8,0
472157,472157,472166,9,0
472157,472157,472166,9,0
472157,472157,472167,10,0
472157,472157,472166,9,0
472157,472157,472168,11,0
472157,472157,472168,11,0
472287,472287,472288,1,0
472287,472287,472288,1,0
472287,472287,472288,1,0
472287,472287,472289,2,0
472287,472287,472289,2,0
472287,472287,472289,2,0
472287,472287,472289,2,0
472287,472287,472289,2,0
472287,472288,472289,1,1
472287,472287,472290,3,0
472287,472289,472290,1,2
472287,472287,472290,3,0
472287,472289,472290,1,2
472287,472290,472292,2,3
472287,472290,472291,1,3
472287,472287,472291,4,0
472287,472290,472291,1,3
472287,472287,472291,4,0
472287,472290,472292,2,3
472287,472287,472292,5,0
472287,472287,472292,5,0
472287,472287,472292,5,0
472287,472287,472292,5,0
472287,472287,472293,6,0
472287,472287,472293,6,0
472287,472287,472295,8,0
472287,472287,472294,7,0
472287,472287,472296,9,0
472287,472287,472296,9,0
472287,472287,472295,8,0
472287,472287,472296,9,0
472413,472413,472414,1,0
472413,472413,472415,2,0
472413,472413,472414,1,0
472413,472413,472415,2,0
472413,472413,472415,2,0
472413,472413,472415,2,0
472413,472413,472415,2,0
472413,472413,472416,3,0
472413,472413,472415,2,0
472413,472413,472416,3,0
472413,472415,472416,1,2
472413,472415,472416,1,2
472413,472415,472416,1,2
472413,472413,472416,3,0
472413,472413,472417,4,0
472413,472415,472417,2,2
472413,472416,472417,1,3
472413,472416,472417,1,3
472413,472416,472417,1,3
472413,472413,472418,5,0
472413,472413,472419,6,0
472413,472413,472418,5,0
472413,472413,472419,6,0
472413,472413,472419,6,0
472413,472413,472419,6,0
472413,472413,472420,7,0
472413,472413,472421,8,0
472413,472413,472421,8,0
472413,472413,472420,7,0
472413,472413,472422,9,0
472413,472413,472423,10,0
472540,472540,472541,1,0
472540,472540,472542,2,0
472540,472540,472542,2,0
472540,472541,472543,2,1
472540,472541,472543,2,1
472540,472541,472543,2,1
472540,472541,472543,2,1
472540,472541,472543,2,1
472540,472541,472543,2,1
472540,472540,472544,4,0
472540,472543,472544,1,3
472540,472543,472544,1,3
472540,472543,472544,1,3
472540,472541,472544,3,1
472540,472544,472545,1,4
472540,472544,472545,1,4
472540,472541,472545,4,1
472540,472544,472545,1,4
472540,472544,472545,1,4
472540,472540,472546,6,0
472540,472540,472546,6,0
472540,472541,472546,5,1
472540,472541,472546,5,1
472540,472540,472546,6,0
472540,472540,472547,7,0
472540,472541,472547,6,1
472540,472540,472547,7,0
472540,472541,472547,6,1
472540,472541,472548,7,1
472540,472541,472549,8,1
472540,472540,472550,10,0
472672,472672,472673,1,0
472672,472672,472674,2,0
472672,472672,472674,2,0
472672,472672,472673,1,0
472672,472672,472674,2,0
472672,472672,472674,2,0
472672,472672,472674,2,0
472672,472672,472674,2,0
472672,472672,472675,3,0
472672,472674,472675,1,2
472672,472674,472675,1,2
472672,472672,472676,4,0
472672,472674,472675,1,2
472672,472672,472676,4,0
472672,472674,472675,1,2
472672,472672,472677,5,0
472672,472672,472677,5,0
472672,472675,472677,2,3
472672,472672,472676,4,0
472672,472675,472677,2,3
472672,472675,472677,2,3
472672,472672,472677,5,0
472672,472672,472678,6,0
472672,472672,472678,6,0
472672,472672,472678,6,0
472672,472672,472678,6,0
472672,472672,472679,7,0
472672,472672,472679,7,0
472672,472672,472680,8,0
472672,472672,472679,7,0
472672,472672,472682,10,0
472799,472799,472800,1,0
472799,472799,472800,1,0
472799,472799,472800,1,0
472799,472799,472801,2,0
472799,472799,472802,3,0
472799,472799,472801,2,0
472799,472799,472802,3,0
472799,472799,472801,2,0
472799,472799,472801,2,0
472799,472800,472801,1,1
472799,472801,472802,1,2
472799,472801,472802,1,2
472799,472799,472803,4,0
472799,472801,472802,1,2
472799,472799,472804,5,0
472799,472802,472803,1,3
472799,472799,472804,5,0
472799,472802,472803,1,3
472799,472802,472803,1,3
472799,472799,472805,6,0
472799,472799,472804,5,0
472799,472799,472804,5,0
472799,472799,472804,5,0
472799,472799,472804,5,0
472799,472799,472805,6,0
472799,472799,472805,6,0
472799,472799,472806,7,0
472799,472799,472807,8,0
472799,472799,472810,11,0
472799,472799,472809,10,0
472799,472799,472809,10,0
472924,472924,472926,2,0
472924,472924,472926,2,0
472924,472924,472925,1,0
472924,472924,472926,2,0
472924,472924,472926,2,0
472924,472924,472926,2,0
472924,472924,472926,2,0
472924,472924,472927,3,0
472924,472924,472927,3,0
472924,472924,472928,4,0
472924,472926,472927,1,2
472924,472926,472927,1,2
472924,472926,472927,1,2
472924,472927,472928,1,3
472924,472924,472929,5,0
472924,472927,472928,1,3
472924,472927,472928,1,3
472924,472927,472929,2,3
472924,472924,472929,5,0
472924,472924,472929,5,0
472924,472924,472929,5,0
472924,472924,472929,5,0
472924,472924,472930,6,0
472924,472924,472929,5,0
472924,472924,472929,5,0
472924,472924,472930,6,0
472924,472924,472932,8,0
472924,472924,472931,7,0
472924,472924,472935,11,0
472924,472924,472935,11,0
472924,472924,472935,11,0
473049,473049,473050,1,0
473049,473049,473050,1,0
473049,473049,473050,1,0
473049,473049,473051,2,0
473049,473049,473052,3,0
473049,473049,473051,2,0
473049,473049,473051,2,0
473049,473049,473051,2,0
473049,473049,473051,2,0
473049,473049,473052,3,0
473049,473051,473052,1,2
473049,473051,473052,1,2
473049,473051,473052,1,2
473049,473052,473053,1,3
473049,473049,473054,5,0
473049,473052,473054,2,3
473049,473052,473053,1,3
473049,473049,473054,5,0
473049,473052,473054,2,3
473049,473049,473054,5,0
473049,473049,473054,5,0
473049,473049,473054,5,0
473049,473049,473055,6,0
473049,473049,473055,6,0
473049,473049,473056,7,0
473049,473049,473055,6,0
473049,473049,473058,9,0
473049,473049,473058,9,0
473049,473049,473059,10,0
473049,473049,473060,11,0
473049,473049,473060,11,0
473181,473181,473182,1,0
473181,473181,473183,2,0
473181,473181,473183,2,0
473181,473181,473183,2,0
473181,473181,473184,3,0
473181,473181,473184,3,0
473181,473181,473184,3,0
473181,473181,473184,3,0
473181,473181,473184,3,0
473181,473183,473185,2,2
473181,473183,473185,2,2
473181,473183,473185,2,2
473181,473183,473185,2,2
473181,473184,473186,2,3
473181,473184,473186,2,3
473181,473181,473186,5,0
473181,473181,473186,5,0
473181,473184,473186,2,3
473181,473181,473185,4,0
473181,473181,473187,6,0
473181,473181,473187,6,0
473181,473181,473188,7,0
473181,473181,473188,7,0
473181,473181,473188,7,0
473181,473181,473189,8,0
473181,473181,473190,9,0
473181,473181,473191,10,0
473181,473181,473191,10,0
473181,473181,473191,10,0
473181,473181,473192,11,0
473181,473181,473192,11,0
473307,473307,473309,2,0
473307,473307,473308,1,0
473307,473307,473309,2,0
473307,473307,473309,2,0
473307,473307,473310,3,0
473307,473307,473309,2,0
473307,473307,473309,2,0
473307,473307,473309,2,0
473307,473307,473310,3,0
473307,473309,473311,2,2
473307,473307,473311,4,0
473307,473309,473310,1,2
473307,473309,473311,2,2
473307,473309,473311,2,2
473307,473307,473311,4,0
473307,473310,473311,1,3
473307,473310,473312,2,3
473307,473310,473312,2,3
473307,473307,473313,6,0
473307,473307,473313,6,0
473307,473307,473313,6,0
473307,473307,473313,6,0
473307,473307,473313,6,0
473307,473307,473314,7,0
473307,473307,473316,9,0
473307,473307,473316,9,0
473307,473307,473316,9,0
473307,473307,473317,10,0
473307,473307,473318,11,0
473307,473307,473318,11,0
473307,473307,473318,11,0
473433,473433,473434,1,0
473433,473433,473434,1,0
473433,473433,473434,1,0
473433,473433,473435,2,0
473433,473433,473436,3,0
473433,473433,473435,2,0
473433,473433,473436,3,0
473433,473433,473436,3,0
473433,473433,473436,3,0
473433,473435,473437,2,2
473433,473435,473436,1,2
473433,473435,473437,2,2
473433,473435,473436,1,2
473433,473433,473437,4,0
473433,473433,473437,4,0
473433,473436,473437,1,3
473433,473436,473437,1,3
473433,473433,473438,5,0
473433,473436,473437,1,3
473433,473433,473439,6,0
473433,473433,473439,6,0
473433,473433,473439,6,0
473433,473433,473439,6,0
473433,473433,473441,8,0
473433,473433,473441,8,0
473433,473433,473442,9,0
473433,473433,473441,8,0
473433,473433,473443,10,0
473433,473433,473443,10,0
473433,473433,473444,11,0
473433,473433,473444,11,0
473560,473560,473562,2,0
473560,473560,473562,2,0
473560,473560,473562,2,0
473560,473560,473562,2,0
473560,473560,473563,3,0
473560,473560,473563,3,0
473560,473560,473563,3,0
473560,473561,473563,2,1
473560,473561,473563,2,1
473560,473563,473564,1,3
473560,473563,473564,1,3
473560,473564,473565,1,4
473560,473563,473564,1,3
473560,473563,473564,1,3
473560,473560,473565,5,0
473560,473560,473565,5,0
473560,473560,473565,5,0
473560,473564,473565,1,4
473560,473564,473565,1,4
473560,473560,473566,6,0
473560,473560,473566,6,0
473560,473560,473567,7,0
473560,473560,473567,7,0
473560,473561,473567,6,1
473560,473560,473568,8,0
473560,473560,473569,9,0
473560,473560,473569,9,0
473560,473561,473570,9,1
473560,473560,473570,10,0
473560,473560,473571,11,0
473560,473560,473572,12,0
473689,473689,473690,1,0
473689,473689,473690,1,0
473689,473689,473690,1,0
473689,473689,473691,2,0
473689,473689,473691,2,0
473689,473689,473691,2,0
473689,473689,473691,2,0
473689,473689,473692,3,0
473689,473689,473693,4,0
473689,473691,473692,1,2
473689,473691,473693,2,2
473689,473692,473693,1,3
473689,473689,473694,5,0
473689,473692,473694,2,3
473689,473692,473694,2,3
473689,473689,473694,5,0
473689,473692,473694,2,3
473689,473689,473694,5,0
473689,473689,473694,5,0
473689,473689,473694,5,0
473689,473689,473695,6,0
473689,473689,473695,6,0
473689,473689,473697,8,0
473689,473691,473696,5,2
473689,473689,473697,8,0
473689,473689,473697,8,0
473689,473689,473697,8,0
473689,473689,473699,10,0
473689,473689,473699,10,0
473689,473689,473700,11,0
473689,473689,473700,11,0
473939,473939,473940,1,0
473939,473939,473940,1,0
473939,473939,473940,1,0
473939,473939,473941,2,0
473939,473939,473942,3,0
473939,473939,473942,3,0
473939,473939,473941,2,0
473939,473939,473942,3,0
473939,473939,473943,4,0
473939,473941,473942,1,2
473939,473941,473943,2,2
473939,473941,473943,2,2
473939,473942,473943,1,3
473939,473942,473944,2,3
473939,473939,473944,5,0
473939,473942,473944,2,3
473939,473939,473944,5,0
473939,473942,473944,2,3
473939,473939,473944,5,0
473939,473939,473944,5,0
473939,473939,473945,6,0
473939,473939,473947,8,0
473939,473939,473947,8,0
473939,473939,473947,8,0
473939,473939,473947,8,0
473939,473939,473948,9,0
473939,473939,473947,8,0
473939,473939,473947,8,0
473939,473939,473949,10,0
473939,473939,473950,11,0
473939,473939,473950,11,0
474069,474069,474071,2,0
474069,474069,474071,2,0
474069,474069,474071,2,0
474069,474069,474072,3,0
474069,474069,474072,3,0
474069,474070,474072,2,1
474069,474069,474072,3,0
474069,474069,474073,4,0
474069,474072,474073,1,3
474069,474072,474073,1,3
474069,474072,474073,1,3
474069,474069,474074,5,0
474069,474073,474074,1,4
474069,474070,474074,4,1
474069,474073,474074,1,4
474069,474073,474074,1,4
474069,474069,474075,6,0
474069,474069,474075,6,0
474069,474069,474075,6,0
474069,474069,474076,7,0
474069,474069,474076,7,0
474069,474069,474077,8,0
474069,474069,474077,8,0
474069,474069,474077,8,0
474069,474070,474078,8,1
474069,474069,474078,9,0
474069,474069,474078,9,0
474069,474069,474079,10,0
474069,474069,474080,11,0
474069,474069,474081,12,0
474196,474196,474197,1,0
474196,474196,474197,1,0
474196,474196,474198,2,0
474196,474196,474198,2,0
474196,474196,474198,2,0
474196,474196,474199,3,0
474196,474196,474199,3,0
474196,474196,474199,3,0
474196,474198,474199,1,2
474196,474196,474199,3,0
474196,474198,474199,1,2
474196,474196,474199,3,0
474196,474198,474199,1,2
474196,474199,474201,2,3
474196,474196,474200,4,0
474196,474199,474201,2,3
474196,474196,474200,4,0
474196,474199,474200,1,3
474196,474196,474201,5,0
474196,474199,474200,1,3
474196,474196,474202,6,0
474196,474196,474201,5,0
474196,474196,474202,6,0
474196,474196,474204,8,0
474196,474196,474204,8,0
474196,474196,474204,8,0
474196,474196,474203,7,0
474196,474196,474204,8,0
474196,474196,474204,8,0
474196,474196,474206,10,0
474196,474196,474207,11,0
474321,474321,474322,1,0
474321,474321,474323,2,0
474321,474321,474322,1,0
474321,474321,474324,3,0
474321,474321,474323,2,0
474321,474321,474324,3,0
474321,474321,474324,3,0
474321,474323,474325,2,2
474321,474321,474324,3,0
474321,474321,474324,3,0
474321,474323,474324,1,2
474321,474323,474324,1,2
474321,474321,474325,4,0
474321,474321,474326,5,0
474321,474321,474326,5,0
474321,474321,474325,4,0
474321,474324,474326,2,3
474321,474324,474325,1,3
474321,474324,474326,2,3
474321,474325,474326,1,4
474321,474321,474326,5,0
474321,474321,474326,5,0
474321,474321,474327,6,0
474321,474321,474329,8,0
474321,474321,474329,8,0
474321,474321,474329,8,0
474321,474321,474329,8,0
474321,474321,474329,8,0
474321,474321,474330,9,0
474321,474321,474332,11,0
474321,474321,474332,11,0
474446,474446,474447,1,0
474446,474446,474447,1,0
474446,474446,474447,1,0
474446,474446,474449,3,0
474446,474446,474448,2,0
474446,474446,474449,3,0
474446,474446,474449,3,0
474446,474446,474449,3,0
474446,474446,474449,3,0
474446,474448,474449,1,2
474446,474446,474450,4,0
474446,474446,474450,4,0
474446,474448,474449,1,2
474446,474449,474450,1,3
474446,474448,474450,2,2
474446,474449,474450,1,3
474446,474446,474450,4,0
474446,474446,474450,4,0
474446,474449,474450,1,3
474446,474446,474451,5,0
474446,474449,474451,2,3
474446,474446,474452,6,0
474446,474446,474453,7,0
474446,474446,474453,7,0
474446,474446,474452,6,0
474446,474446,474454,8,0
474446,474446,474454,8,0
474446,474446,474454,8,0
474446,474446,474455,9,0
474446,474446,474457,11,0
474446,474446,474457,11,0
474571,474571,474573,2,0
474571,474571,474573,2,0
474571,474571,474573,2,0
474571,474571,474574,3,0
474571,474572,474574,2,1
474571,474572,474574,2,1
474571,474572,474574,2,1
474571,474572,474574,2,1
474571,474571,474575,4,0
474571,474574,474575,1,3
474571,474572,474575,3,1
474571,474574,474575,1,3
474571,474574,474575,1,3
474571,474572,474575,3,1
474571,474575,474576,1,4
474571,474575,474576,1,4
474571,474575,474576,1,4
474571,474571,474576,5,0
474571,474572,474576,4,1
474571,474575,474576,1,4
474571,474572,474577,5,1
474571,474571,474578,7,0
474571,474571,474578,7,0
474571,474571,474578,7,0
474571,474571,474579,8,0
474571,474571,474579,8,0
474571,474571,474579,8,0
474571,474571,474579,8,0
474571,474572,474580,8,1
474571,474571,474582,11,0
474571,474571,474582,11,0
474695,474695,474697,2,0
474695,474695,474697,2,0
474695,474695,474697,2,0
474695,474696,474698,2,1
474695,474696,474698,2,1
474695,474696,474698,2,1
474695,474696,474698,2,1
474695,474696,474698,2,1
474695,474696,474699,3,1
474695,474698,474699,1,3
474695,474698,474699,1,3
474695,474698,474699,1,3
474695,474695,474699,4,0
474695,474696,474699,3,1
474695,474696,474699,3,1
474695,474699,474700,1,4
474695,474696,474700,4,1
474695,474699,474700,1,4
474695,474699,474700,1,4
474695,474699,474700,1,4
474695,474696,474701,5,1
474695,474696,474701,5,1
474695,474696,474702,6,1
474695,474695,474703,8,0
474695,474696,474703,7,1
474695,474695,474703,8,0
474695,474696,474703,7,1
474695,474696,474704,8,1
474695,474696,474704,8,1
474695,474696,474706,10,1
474695,474696,474707,11,1
474946,474946,474948,2,0
474946,474946,474948,2,0
474946,474946,474947,1,0
474946,474946,474948,2,0
474946,474946,474949,3,0
474946,474946,474949,3,0
474946,474946,474949,3,0
474946,474946,474948,2,0
474946,474946,474949,3,0
474946,474948,474950,2,2
474946,474948,474949,1,2
474946,474946,474950,4,0
474946,474948,474949,1,2
474946,474946,474950,4,0
474946,474949,474951,2,3
474946,474949,474950,1,3
474946,474946,474951,5,0
474946,474946,474951,5,0
474946,474949,474951,2,3
474946,474949,474951,2,3
474946,474946,474952,6,0
474946,474946,474952,6,0
474946,474946,474952,6,0
474946,474946,474954,8,0
474946,474946,474953,7,0
474946,474946,474954,8,0
474946,474946,474955,9,0
474946,474946,474956,10,0
474946,474946,474957,11,0
474946,474946,474958,12,0
474946,474946,474957,11,0
475075,475075,475076,1,0
475075,475075,475077,2,0
475075,475075,475077,2,0
475075,475075,475078,3,0
475075,475075,475078,3,0
475075,475075,475077,2,0
475075,475075,475078,3,0
475075,475075,475078,3,0
475075,475076,475078,2,1
475075,475075,475078,3,0
475075,475075,475079,4,0
475075,475075,475079,4,0
475075,475077,475079,2,2
475075,475075,475079,4,0
475075,475077,475079,2,2
475075,475078,475080,2,3
475075,475078,475079,1,3
475075,475075,475080,5,0
475075,475078,475080,2,3
475075,475078,475080,2,3
475075,475075,475081,6,0
475075,475075,475081,6,0
475075,475075,475081,6,0
475075,475075,475082,7,0
475075,475075,475084,9,0
475075,475075,475084,9,0
475075,475075,475084,9,0
475075,475075,475085,10,0
475075,475075,475085,10,0
475075,475075,475085,10,0
475075,475075,475086,11,0
475201,475201,475202,1,0
475201,475201,475202,1,0
475201,475201,475202,1,0
475201,475201,475203,2,0
475201,475201,475203,2,0
475201,475201,475203,2,0
475201,475201,475204,3,0
475201,475201,475203,2,0
475201,475201,475203,2,0
475201,475202,475203,1,1
475201,475201,475204,3,0
475201,475203,475204,1,2
475201,475203,475204,1,2
475201,475201,475205,4,0
475201,475201,475206,5,0
475201,475204,475205,1,3
475201,475201,475205,4,0
475201,475204,475206,2,3
475201,475204,475205,1,3
475201,475201,475205,4,0
475201,475204,475205,1,3
475201,475201,475207,6,0
475201,475201,475207,6,0
475201,475201,475208,7,0
475201,475201,475208,7,0
475201,475201,475207,6,0
475201,475201,475208,7,0
475201,475201,475209,8,0
475201,475201,475211,10,0
475201,475201,475210,9,0
475201,475201,475212,11,0
475328,475328,475330,2,0
475328,475328,475330,2,0
475328,475328,475330,2,0
475328,475328,475330,2,0
475328,475328,475330,2,0
475328,475328,475331,3,0
475328,475328,475331,3,0
475328,475328,475331,3,0
475328,475328,475332,4,0
475328,475328,475332,4,0
475328,475328,475332,4,0
475328,475330,475332,2,2
475328,475328,475332,4,0
475328,475328,475332,4,0
475328,475331,475332,1,3
475328,475331,475332,1,3
475328,475331,475332,1,3
475328,475331,475333,2,3
475328,475332,475333,1,4
475328,475332,475333,1,4
475328,475328,475334,6,0
475328,475328,475335,7,0
475328,475328,475335,7,0
475328,475328,475335,7,0
475328,475328,475335,7,0
475328,475328,475336,8,0
475328,475328,475336,8,0
475328,475328,475337,9,0
475328,475328,475337,9,0
475328,475328,475338,10,0
475328,475328,475338,10,0
475459,475459,475460,1,0
475459,475459,475460,1,0
475459,475459,475461,2,0
475459,475459,475461,2,0
475459,475459,475461,2,0
475459,475459,475461,2,0
475459,475459,475462,3,0
475459,475459,475462,3,0
475459,475460,475462,2,1
475459,475459,475462,3,0
475459,475460,475461,1,1
475459,475459,475463,4,0
475459,475461,475463,2,2
475459,475459,475463,4,0
475459,475461,475463,2,2
475459,475459,475463,4,0
475459,475461,475462,1,2
475459,475459,475464,5,0
475459,475462,475463,1,3
475459,475462,475464,2,3
475459,475459,475464,5,0
475459,475459,475465,6,0
475459,475459,475466,7,0
475459,475459,475466,7,0
475459,475459,475466,7,0
475459,475459,475467,8,0
475459,475459,475467,8,0
475459,475459,475467,8,0
475459,475459,475467,8,0
475459,475459,475468,9,0
475459,475459,475469,10,0
475585,475585,475587,2,0
475585,475585,475586,1,0
475585,475585,475587,2,0
475585,475585,475588,3,0
475585,475585,475588,3,0
475585,475585,475588,3,0
475585,475585,475588,3,0
475585,475585,475588,3,0
475585,475587,475589,2,2
475585,475585,475589,4,0
475585,475585,475589,4,0
475585,475587,475589,2,2
475585,475587,475588,1,2
475585,475585,475590,5,0
475585,475585,475590,5,0
475585,475588,475590,2,3
475585,475585,475590,5,0
475585,475588,475590,2,3
475585,475588,475589,1,3
475585,475585,475589,4,0
475585,475588,475590,2,3
475585,475585,475592,7,0
475585,475585,475592,7,0
475585,475585,475592,7,0
475585,475585,475592,7,0
475585,475585,475592,7,0
475585,475585,475592,7,0
475585,475585,475592,7,0
475585,475585,475593,8,0
475585,475585,475593,8,0
475585,475585,475595,10,0
475711,475711,475712,1,0
475711,475711,475712,1,0
475711,475711,475713,2,0
475711,475711,475713,2,0
475711,475711,475713,2,0
475711,475711,475714,3,0
475711,475711,475713,2,0
475711,475711,475713,2,0
475711,475711,475714,3,0
475711,475713,475714,1,2
475711,475713,475715,2,2
475711,475711,475714,3,0
475711,475713,475715,2,2
475711,475711,475715,4,0
475711,475711,475715,4,0
475711,475714,475716,2,3
475711,475711,475715,4,0
475711,475714,475715,1,3
475711,475714,475716,2,3
475711,475714,475716,2,3
475711,475711,475716,5,0
475711,475711,475717,6,0
475711,475711,475717,6,0
475711,475711,475717,6,0
475711,475711,475718,7,0
475711,475711,475718,7,0
475711,475711,475718,7,0
475711,475711,475719,8,0
475711,475711,475720,9,0
475711,475711,475722,11,0
475711,475711,475723,12,0
475837,475837,475838,1,0
475837,475837,475839,2,0
475837,475837,475838,1,0
475837,475837,475838,1,0
475837,475837,475840,3,0
475837,475838,475839,1,1
475837,475837,475839,2,0
475837,475837,475839,2,0
475837,475837,475839,2,0
475837,475837,475840,3,0
475837,475839,475840,1,2
475837,475837,475841,4,0
475837,475839,475840,1,2
475837,475837,475840,3,0
475837,475839,475840,1,2
475837,475837,475841,4,0
475837,475837,475842,5,0
475837,475837,475841,4,0
475837,475837,475841,4,0
475837,475840,475841,1,3
475837,475840,475841,1,3
475837,475840,475842,2,3
475837,475837,475843,6,0
475837,475837,475843,6,0
475837,475837,475844,7,0
475837,475837,475844,7,0
475837,475837,475844,7,0
475837,475837,475844,7,0
475837,475837,475847,10,0
475837,475837,475846,9,0
475837,475837,475847,10,0
475963,475963,475964,1,0
475963,475963,475964,1,0
475963,475963,475965,2,0
475963,475963,475965,2,0
475963,475963,475964,1,0
475963,475963,475965,2,0
475963,475963,475965,2,0
475963,475964,475965,1,1
475963,475963,475965,2,0
475963,475963,475966,3,0
475963,475963,475966,3,0
475963,475965,475966,1,2
475963,475963,475966,3,0
475963,475965,475966,1,2
475963,475963,475966,3,0
475963,475965,475966,1,2
475963,475963,475967,4,0
475963,475965,475966,1,2
475963,475966,475967,1,3
475963,475963,475968,5,0
475963,475966,475967,1,3
475963,475963,475967,4,0
475963,475963,475968,5,0
475963,475963,475970,7,0
475963,475963,475969,6,0
475963,475963,475969,6,0
475963,475963,475970,7,0
475963,475963,475970,7,0
475963,475963,475970,7,0
475963,475963,475971,8,0
475963,475963,475972,9,0
476088,476088,476089,1,0
476088,476088,476089,1,0
476088,476088,476090,2,0
476088,476088,476090,2,0
476088,476088,476090,2,0
476088,476088,476090,2,0
476088,476089,476091,2,1
476088,476088,476091,3,0
476088,476089,476091,2,1
476088,476088,476092,4,0
476088,476090,476091,1,2
476088,476088,476092,4,0
476088,476088,476091,3,0
476088,476088,476092,4,0
476088,476088,476092,4,0
476088,476090,476092,2,2
476088,476088,476092,4,0
476088,476090,476092,2,2
476088,476088,476092,4,0
476088,476090,476091,1,2
476088,476088,476093,5,0
476088,476088,476093,5,0
476088,476091,476092,1,3
476088,476088,476094,6,0
476088,476088,476095,7,0
476088,476088,476095,7,0
476088,476088,476095,7,0
476088,476088,476095,7,0
476088,476088,476095,7,0
476088,476088,476096,8,0
476088,476088,476096,8,0
476214,476214,476215,1,0
476214,476214,476215,1,0
476214,476214,476215,1,0
476214,476214,476216,2,0
476214,476214,476217,3,0
476214,476215,476216,1,1
476214,476214,476216,2,0
476214,476214,476216,2,0
476214,476214,476217,3,0
476214,476214,476217,3,0
476214,476215,476216,1,1
476214,476214,476217,3,0
476214,476214,476217,3,0
476214,476214,476218,4,0
476214,476214,476218,4,0
476214,476214,476217,3,0
476214,476216,476217,1,2
476214,476214,476217,3,0
476214,476214,476218,4,0
476214,476217,476218,1,3
476214,476217,476218,1,3
476214,476217,476218,1,3
476214,476214,476219,5,0
476214,476217,476219,2,3
476214,476214,476221,7,0
476214,476214,476220,6,0
476214,476214,476221,7,0
476214,476214,476221,7,0
476214,476214,476222,8,0
476214,476214,476221,7,0
476214,476214,476222,8,0
476341,476341,476342,1,0
476341,476341,476343,2,0
476341,476341,476343,2,0
476341,476341,476343,2,0
476341,476341,476343,2,0
476341,476341,476343,2,0
476341,476341,476344,3,0
476341,476342,476344,2,1
476341,476341,476344,3,0
476341,476341,476344,3,0
476341,476341,476344,3,0
476341,476341,476344,3,0
476341,476341,476345,4,0
476341,476341,476345,4,0
476341,476343,476345,2,2
476341,476341,476345,4,0
476341,476341,476345,4,0
476341,476341,476345,4,0
476341,476344,476345,1,3
476341,476343,476345,2,2
476341,476344,476345,1,3
476341,476344,476345,1,3
476341,476341,476346,5,0
476341,476344,476346,2,3
476341,476341,476348,7,0
476341,476341,476349,8,0
476341,476341,476349,8,0
476341,476341,476349,8,0
476341,476341,476350,9,0
476341,476341,476350,9,0
476341,476341,476350,9,0
476466,476466,476467,1,0
476466,476466,476467,1,0
476466,476466,476467,1,0
476466,476466,476468,2,0
476466,476466,476468,2,0
476466,476466,476468,2,0
476466,476466,476468,2,0
476466,476466,476468,2,0
476466,476466,476468,2,0
476466,476466,476469,3,0
476466,476466,476468,2,0
476466,476468,476469,1,2
476466,476468,476469,1,2
476466,476468,476469,1,2
476466,476466,476469,3,0
476466,476466,476470,4,0
476466,476466,476469,3,0
476466,476466,476470,4,0
476466,476469,476470,1,3
476466,476469,476470,1,3
476466,476469,476470,1,3
476466,476469,476470,1,3
476466,476466,476471,5,0
476466,476466,476473,7,0
476466,476466,476472,6,0
476466,476466,476473,7,0
476466,476466,476473,7,0
476466,476466,476474,8,0
476466,476466,476473,7,0
476466,476466,476474,8,0
476466,476466,476474,8,0
476593,476593,476594,1,0
476593,476593,476594,1,0
476593,476593,476595,2,0
476593,476593,476594,1,0
476593,476593,476595,2,0
476593,476593,476595,2,0
476593,476594,476595,1,1
476593,476593,476596,3,0
476593,476593,476595,2,0
476593,476593,476595,2,0
476593,476593,476595,2,0
476593,476593,476596,3,0
476593,476595,476596,1,2
476593,476595,476596,1,2
476593,476595,476596,1,2
476593,476593,476597,4,0
476593,476595,476596,1,2
476593,476593,476597,4,0
476593,476593,476596,3,0
476593,476593,476597,4,0
476593,476596,476597,1,3
476593,476596,476598,2,3
476593,476593,476599,6,0
476593,476593,476599,6,0
476593,476593,476600,7,0
476593,476593,476601,8,0
476593,476593,476601,8,0
476593,476593,476601,8,0
476593,476593,476602,9,0
476593,476593,476601,8,0
476593,476593,476601,8,0
476718,476718,476719,1,0
476718,476718,476719,1,0
476718,476718,476719,1,0
476718,476718,476720,2,0
476718,476718,476721,3,0
476718,476719,476721,2,1
476718,476718,476720,2,0
476718,476718,476720,2,0
476718,476718,476721,3,0
476718,476718,476720,2,0
476718,476718,476721,3,0
476718,476718,476720,2,0
476718,476718,476721,3,0
476718,476718,476720,2,0
476718,476718,476721,3,0
476718,476719,476721,2,1
476718,476720,476721,1,2
476718,476721,476722,1,3
476718,476720,476722,2,2
476718,476721,476722,1,3
476718,476718,476723,5,0
476718,476721,476722,1,3
476718,476718,476723,5,0
476718,476718,476725,7,0
476718,476718,476724,6,0
476718,476718,476725,7,0
476718,476718,476724,6,0
476718,476718,476725,7,0
476718,476718,476727,9,0
476718,476718,476727,9,0
476718,476718,476726,8,0
476845,476845,476846,1,0
476845,476845,476846,1,0
476845,476845,476846,1,0
476845,476845,476847,2,0
476845,476845,476848,3,0
476845,476845,476847,2,0
476845,476845,476848,3,0
476845,476845,476848,3,0
476845,476845,476847,2,0
476845,476845,476847,2,0
476845,476845,476847,2,0
476845,476845,476847,2,0
476845,476845,476847,2,0
476845,476845,476848,3,0
476845,476847,476848,1,2
476845,476847,476848,1,2
476845,476847,476848,1,2
476845,476845,476850,5,0
476845,476848,476849,1,3
476845,476848,476849,1,3
476845,476848,476849,1,3
476845,476848,476849,1,3
476845,476845,476850,5,0
476845,476845,476850,5,0
476845,476845,476850,5,0
476845,476845,476851,6,0
476845,476845,476852,7,0
476845,476845,476851,6,0
476845,476845,476853,8,0
476845,476845,476853,8,0
476845,476845,476854,9,0
476969,476969,476971,2,0
476969,476969,476971,2,0
476969,476969,476971,2,0
476969,476969,476971,2,0
476969,476970,476971,1,1
476969,476969,476971,2,0
476969,476969,476972,3,0
476969,476970,476972,2,1
476969,476970,476972,2,1
476969,476970,476972,2,1
476969,476970,476972,2,1
476969,476972,476973,1,3
476969,476972,476973,1,3
476969,476969,476973,4,0
476969,476972,476973,1,3
476969,476973,476974,1,4
476969,476969,476974,5,0
476969,476969,476973,4,0
476969,476972,476973,1,3
476969,476972,476973,1,3
476969,476969,476974,5,0
476969,476972,476973,1,3
476969,476970,476975,5,1
476969,476969,476975,6,0
476969,476969,476975,6,0
476969,476969,476976,7,0
476969,476969,476978,9,0
476969,476970,476978,8,1
476969,476969,476978,9,0
476969,476969,476979,10,0
476969,476969,476980,11,0
477095,477095,477096,1,0
477095,477095,477097,2,0
477095,477095,477096,1,0
477095,477095,477096,1,0
477095,477095,477096,1,0
477095,477095,477097,2,0
477095,477095,477097,2,0
477095,477095,477097,2,0
477095,477095,477097,2,0
477095,477095,477097,2,0
477095,477095,477097,2,0
477095,477095,477097,2,0
477095,477097,477098,1,2
477095,477095,477098,3,0
477095,477095,477098,3,0
477095,477097,477099,2,2
477095,477097,477098,1,2
477095,477095,477099,4,0
477095,477097,477098,1,2
477095,477097,477098,1,2
477095,477097,477098,1,2
477095,477097,477098,1,2
477095,477095,477100,5,0
477095,477095,477100,5,0
477095,477095,477100,5,0
477095,477095,477101,6,0
477095,477095,477102,7,0
477095,477095,477103,8,0
477095,477095,477103,8,0
477095,477095,477103,8,0
477095,477095,477106,11,0
477223,477223,477225,2,0
477223,477223,477224,1,0
477223,477223,477224,1,0
477223,477223,477224,1,0
477223,477223,477224,1,0
477223,477223,477224,1,0
477223,477223,477224,1,0
477223,477223,477225,2,0
477223,477223,477225,2,0
477223,477223,477224,1,0
477223,477223,477225,2,0
477223,477223,477226,3,0
477223,477223,477225,2,0
477223,477223,477226,3,0
477223,477225,477226,1,2
477223,477225,477226,1,2
477223,477225,477226,1,2
477223,477225,477226,1,2
477223,477223,477227,4,0
477223,477223,477226,3,0
477223,477223,477226,3,0
477223,477225,477226,1,2
477223,477225,477226,1,2
477223,477225,477226,1,2
477223,477223,477227,4,0
477223,477223,477229,6,0
477223,477223,477230,7,0
477223,477223,477230,7,0
477223,477223,477230,7,0
477223,477223,477231,8,0
477223,477223,477232,9,0
477349,477349,477350,1,0
477349,477349,477350,1,0
477349,477349,477350,1,0
477349,477349,477351,2,0
477349,477349,477351,2,0
477349,477349,477351,2,0
477349,477349,477351,2,0
477349,477349,477350,1,0
477349,477349,477351,2,0
477349,477350,477351,1,1
477349,477349,477352,3,0
477349,477349,477352,3,0
477349,477349,477352,3,0
477349,477349,477352,3,0
477349,477351,477352,1,2
477349,477349,477352,3,0
477349,477350,477352,2,1
477349,477349,477352,3,0
477349,477349,477352,3,0
477349,477351,477352,1,2
477349,477351,477353,2,2
477349,477351,477353,2,2
477349,477351,477352,1,2
477349,477349,477352,3,0
477349,477349,477353,4,0
477349,477349,477355,6,0
477349,477349,477355,6,0
477349,477349,477355,6,0
477349,477349,477356,7,0
477349,477349,477356,7,0
477349,477349,477357,8,0
477476,477476,477477,1,0
477476,477476,477478,2,0
477476,477476,477478,2,0
477476,477476,477478,2,0
477476,477476,477477,1,0
477476,477476,477478,2,0
477476,477476,477478,2,0
477476,477476,477478,2,0
477476,477476,477479,3,0
477476,477476,477478,2,0
477476,477476,477478,2,0
477476,477476,477478,2,0
477476,477476,477479,3,0
477476,477478,477480,2,2
477476,477478,477479,1,2
477476,477476,477480,4,0
477476,477478,477480,2,2
477476,477476,477479,3,0
477476,477478,477480,2,2
477476,477478,477480,2,2
477476,477478,477480,2,2
477476,477476,477480,4,0
477476,477478,477480,2,2
477476,477476,477481,5,0
477476,477476,477481,5,0
477476,477476,477482,6,0
477476,477476,477482,6,0
477476,477476,477482,6,0
477476,477476,477485,9,0
477476,477476,477485,9,0
477476,477476,477486,10,0
477602,477602,477603,1,0
477602,477602,477603,1,0
477602,477602,477603,1,0
477602,477602,477603,1,0
477602,477602,477604,2,0
477602,477602,477604,2,0
477602,477602,477603,1,0
477602,477602,477604,2,0
477602,477602,477603,1,0
477602,477602,477603,1,0
477602,477602,477603,1,0
477602,477602,477604,2,0
477602,477602,477604,2,0
477602,477602,477604,2,0
477602,477602,477606,4,0
477602,477602,477605,3,0
477602,477604,477605,1,2
477602,477604,477605,1,2
477602,477602,477606,4,0
477602,477604,477605,1,2
477602,477602,477605,3,0
477602,477604,477605,1,2
477602,477604,477605,1,2
477602,477602,477606,4,0
477602,477604,477605,1,2
477602,477604,477605,1,2
477602,477602,477606,4,0
477602,477602,477607,5,0
477602,477602,477611,9,0
477602,477602,477611,9,0
477602,477602,477612,10,0
477296,477296,477652,356,0
477726,477726,477728,2,0
477726,477726,477728,2,0
477726,477726,477727,1,0
477726,477726,477728,2,0
477726,477726,477728,2,0
477726,477726,477728,2,0
477726,477726,477728,2,0
477726,477726,477728,2,0
477726,477726,477728,2,0
477726,477726,477729,3,0
477726,477726,477729,3,0
477726,477726,477728,2,0
477726,477726,477728,2,0
477726,477726,477729,3,0
477726,477726,477729,3,0
477726,477726,477730,4,0
477726,477726,477730,4,0
477726,477728,477730,2,2
477726,477729,477730,1,3
477726,477728,477730,2,2
477726,477729,477730,1,3
477726,477729,477730,1,3
477726,477729,477730,1,3
477726,477726,477731,5,0
477726,477726,477730,4,0
477726,477726,477731,5,0
477726,477726,477731,5,0
477726,477726,477731,5,0
477726,477726,477731,5,0
477726,477726,477731,5,0
477852,477853,477854,1,1
477852,477853,477854,1,1
477852,477853,477854,1,1
477852,477853,477854,1,1
477852,477853,477854,1,1
477852,477853,477854,1,1
477852,477853,477854,1,1
477852,477853,477855,2,1
477852,477853,477855,2,1
477852,477853,477855,2,1
477852,477853,477855,2,1
477852,477853,477855,2,1
477852,477853,477855,2,1
477852,477853,477855,2,1
477852,477853,477855,2,1
477852,477855,477856,1,3
477852,477853,477855,2,1
477852,477853,477855,2,1
477852,477853,477856,3,1
477852,477853,477856,3,1
477852,477855,477856,1,3
477852,477855,477856,1,3
477852,477853,477856,3,1
477852,477855,477856,1,3
477852,477853,477856,3,1
477852,477855,477856,1,3
477852,477853,477856,3,1
477852,477855,477856,1,3
477852,477855,477856,1,3
477852,477853,477857,4,1
477852,477853,477857,4,1
477981,477981,477982,1,0
477981,477981,477983,2,0
477981,477981,477982,1,0
477981,477981,477983,2,0
477981,477981,477982,1,0
477981,477981,477982,1,0
477981,477981,477982,1,0
477981,477981,477983,2,0
477981,477981,477983,2,0
477981,477981,477982,1,0
477981,477981,477984,3,0
477981,477981,477983,2,0
477981,477981,477984,3,0
477981,477981,477984,3,0
477981,477981,477983,2,0
477981,477981,477984,3,0
477981,477981,477983,2,0
477981,477981,477983,2,0
477981,477983,477984,1,2
477981,477981,477983,2,0
477981,477981,477985,4,0
477981,477981,477984,3,0
477981,477983,477984,1,2
477981,477983,477984,1,2
477981,477983,477984,1,2
477981,477983,477984,1,2
477981,477981,477984,3,0
477981,477983,477984,1,2
477981,477981,477984,3,0
477981,477983,477984,1,2
477981,477981,477985,4,0
478109,478109,478110,1,0
478109,478109,478111,2,0
478109,478109,478110,1,0
478109,478109,478111,2,0
478109,478109,478110,1,0
478109,478109,478111,2,0
478109,478109,478111,2,0
478109,478109,478111,2,0
478109,478109,478111,2,0
478109,478109,478112,3,0
478109,478109,478111,2,0
478109,478109,478112,3,0
478109,478109,478112,3,0
478109,478109,478112,3,0
478109,478109,478111,2,0
478109,478111,478112,1,2
478109,478109,478111,2,0
478109,478109,478112,3,0
478109,478109,478111,2,0
478109,478109,478111,2,0
478109,478109,478111,2,0
478109,478109,478112,3,0
478109,478109,478112,3,0
478109,478111,478112,1,2
478109,478109,478112,3,0
478109,478111,478112,1,2
478109,478111,478112,1,2
478109,478111,478112,1,2
478109,478111,478112,1,2
478109,478111,478112,1,2
478109,478109,478113,4,0
478234,478234,478235,1,0
478234,478234,478235,1,0
478234,478234,478236,2,0
478234,478234,478236,2,0
478234,478234,478235,1,0
478234,478234,478235,1,0
478234,478234,478236,2,0
478234,478234,478236,2,0
478234,478234,478235,1,0
478234,478234,478236,2,0
478234,478234,478236,2,0
478234,478234,478236,2,0
478234,478234,478237,3,0
478234,478234,478237,3,0
478234,478234,478236,2,0
478234,478235,478236,1,1
478234,478234,478237,3,0
478234,478234,478237,3,0
478234,478234,478237,3,0
478234,478234,478237,3,0
478234,478234,478236,2,0
478234,478234,478238,4,0
478234,478234,478237,3,0
478234,478234,478238,4,0
478234,478234,478237,3,0
478234,478236,478238,2,2
478234,478236,478237,1,2
478234,478236,478237,1,2
478234,478236,478237,1,2
478234,478236,478237,1,2
478234,478236,478237,1,2
478360,478360,478362,2,0
478360,478360,478362,2,0
478360,478360,478362,2,0
478360,478360,478362,2,0
478360,478360,478362,2,0
478360,478360,478362,2,0
478360,478360,478362,2,0
478360,478360,478362,2,0
478360,478360,478362,2,0
478360,478360,478362,2,0
478360,478360,478362,2,0
478360,478360,478362,2,0
478360,478360,478362,2,0
478360,478360,478362,2,0
478360,478360,478363,3,0
478360,478360,478362,2,0
478360,478360,478363,3,0
478360,478360,478363,3,0
478360,478360,478362,2,0
478360,478362,478363,1,2
478360,478360,478364,4,0
478360,478360,478364,4,0
478360,478362,478364,2,2
478360,478362,478364,2,2
478360,478360,478364,4,0
478360,478360,478364,4,0
478360,478360,478364,4,0
478360,478362,478364,2,2
478360,478362,478364,2,2
478360,478362,478364,2,2
478360,478362,478364,2,2
478609,478609,478610,1,0
478609,478609,478610,1,0
478609,478609,478610,1,0
478609,478609,478611,2,0
478609,478609,478610,1,0
478609,478609,478610,1,0
478609,478609,478611,2,0
478609,478609,478610,1,0
478609,478609,478611,2,0
478609,478609,478611,2,0
478609,478609,478611,2,0
478609,478609,478611,2,0
478609,478609,478611,2,0
478609,478609,478611,2,0
478609,478609,478611,2,0
478609,478609,478612,3,0
478609,478609,478612,3,0
478609,478609,478611,2,0
478609,478609,478612,3,0
478609,478611,478612,1,2
478609,478609,478612,3,0
478609,478609,478613,4,0
478609,478611,478613,2,2
478609,478609,478613,4,0
478609,478609,478613,4,0
478609,478611,478613,2,2
478609,478611,478612,1,2
478609,478611,478612,1,2
478609,478611,478612,1,2
478609,478611,478612,1,2
478609,478609,478614,5,0
478619,478619,478620,1,0
478619,478619,478620,1,0
478619,478619,478621,2,0
478619,478619,478621,2,0
478619,478619,478621,2,0
478619,478619,478621,2,0
478619,478619,478621,2,0
478619,478619,478621,2,0
478619,478619,478621,2,0
478619,478619,478621,2,0
478619,478619,478621,2,0
478619,478619,478621,2,0
478619,478619,478621,2,0
478619,478619,478621,2,0
478619,478619,478621,2,0
478619,478619,478621,2,0
478619,478619,478621,2,0
478619,478619,478621,2,0
478619,478619,478621,2,0
478619,478619,478622,3,0
478619,478619,478621,2,0
478619,478619,478622,3,0
478619,478619,478622,3,0
478619,478620,478622,2,1
478619,478619,478621,2,0
478619,478620,478621,1,1
478619,478621,478622,1,2
478619,478621,478622,1,2
478619,478621,478622,1,2
478619,478621,478623,2,2
478619,478621,478623,2,2
478744,478744,478745,1,0
478744,478744,478745,1,0
478744,478744,478745,1,0
478744,478744,478746,2,0
478744,478744,478746,2,0
478744,478744,478745,1,0
478744,478744,478746,2,0
478744,478744,478746,2,0
478744,478744,478746,2,0
478744,478744,478746,2,0
478744,478744,478746,2,0
478744,478744,478746,2,0
478744,478744,478746,2,0
478744,478744,478746,2,0
478744,478744,478746,2,0
478744,478744,478746,2,0
478744,478744,478746,2,0
478744,478744,478746,2,0
478744,478744,478746,2,0
478744,478744,478746,2,0
478744,478745,478746,1,1
478744,478744,478747,3,0
478744,478744,478747,3,0
478744,478744,478747,3,0
478744,478745,478746,1,1
478744,478746,478747,1,2
478744,478746,478747,1,2
478744,478746,478747,1,2
478744,478746,478747,1,2
478744,478744,478748,4,0
478744,478746,478748,2,2
478870,478870,478871,1,0
478870,478870,478871,1,0
478870,478870,478871,1,0
478870,478870,478872,2,0
478870,478870,478871,1,0
478870,478870,478871,1,0
478870,478870,478871,1,0
478870,478870,478871,1,0
478870,478870,478871,1,0
478870,478870,478871,1,0
478870,478870,478871,1,0
478870,478870,478871,1,0
478870,478870,478871,1,0
478870,478870,478871,1,0
478870,478870,478871,1,0
478870,478870,478871,1,0
478870,478870,478872,2,0
478870,478870,478872,2,0
478870,478870,478872,2,0
478870,478870,478872,2,0
478870,478871,478872,1,1
478870,478870,478872,2,0
478870,478871,478872,1,1
478870,478870,478872,2,0
478870,478870,478872,2,0
478870,478870,478872,2,0
478870,478872,478873,1,2
478870,478872,478873,1,2
478870,478872,478873,1,2
478870,478872,478873,1,2
478870,478872,478873,1,2
478878,478878,478879,1,0
478878,478878,478880,2,0
478878,478878,478880,2,0
478878,478878,478880,2,0
478878,478878,478880,2,0
478878,478878,478879,1,0
478878,478878,478880,2,0
478878,478878,478880,2,0
478878,478878,478880,2,0
478878,478878,478880,2,0
478878,478878,478880,2,0
478878,478878,478880,2,0
478878,478878,478880,2,0
478878,478878,478880,2,0
478878,478878,478880,2,0
478878,478878,478880,2,0
478878,478878,478881,3,0
478878,478878,478881,3,0
478878,478878,478881,3,0
478878,478878,478881,3,0
478878,478878,478881,3,0
478878,478878,478882,4,0
478878,478880,478882,2,2
478878,478880,478882,2,2
478878,478880,478882,2,2
478878,478880,478882,2,2
478878,478880,478881,1,2
478878,478880,478882,2,2
478878,478880,478882,2,2
478878,478878,478882,4,0
478878,478878,478883,5,0
479003,479003,479004,1,0
479003,479003,479004,1,0
479003,479003,479004,1,0
479003,479003,479005,2,0
479003,479003,479005,2,0
479003,479003,479005,2,0
479003,479003,479005,2,0
479003,479003,479005,2,0
479003,479003,479005,2,0
479003,479003,479005,2,0
479003,479003,479005,2,0
479003,479003,479005,2,0
479003,479003,479005,2,0
479003,479003,479005,2,0
479003,479003,479005,2,0
479003,479003,479005,2,0
479003,479003,479006,3,0
479003,479005,479006,1,2
479003,479003,479005,2,0
479003,479004,479005,1,1
479003,479005,479006,1,2
479003,479003,479006,3,0
479003,479004,479006,2,1
479003,479003,479007,4,0
479003,479005,479007,2,2
479003,479003,479007,4,0
479003,479003,479007,4,0
479003,479003,479006,3,0
479003,479003,479007,4,0
479003,479005,479007,2,2
479003,479005,479007,2,2
479129,479129,479130,1,0
479129,479129,479130,1,0
479129,479129,479130,1,0
479129,479129,479130,1,0
479129,479129,479130,1,0
479129,479129,479130,1,0
479129,479129,479130,1,0
479129,479129,479130,1,0
479129,479129,479130,1,0
479129,479129,479130,1,0
479129,479129,479130,1,0
479129,479129,479130,1,0
479129,479129,479130,1,0
479129,479129,479130,1,0
479129,479129,479130,1,0
479129,479130,479131,1,1
479129,479129,479131,2,0
479129,479129,479131,2,0
479129,479131,479132,1,2
479129,479131,479132,1,2
479129,479129,479131,2,0
479129,479129,479131,2,0
479129,479129,479132,3,0
479129,479129,479132,3,0
479129,479129,479132,3,0
479129,479131,479132,1,2
479129,479131,479132,1,2
479129,479129,479132,3,0
479129,479129,479133,4,0
479129,479131,479132,1,2
479129,479131,479132,1,2
479064,479065,479150,85,1
479254,479254,479255,1,0
479254,479254,479256,2,0
479254,479255,479256,1,1
479254,479255,479256,1,1
479254,479255,479256,1,1
479254,479255,479256,1,1
479254,479254,479256,2,0
479254,479255,479256,1,1
479254,479256,479257,1,2
479254,479254,479256,2,0
479254,479254,479256,2,0
479254,479254,479256,2,0
479254,479254,479256,2,0
479254,479255,479256,1,1
479254,479255,479256,1,1
479254,479254,479257,3,0
479254,479254,479256,2,0
479254,479256,479257,1,2
479254,479254,479257,3,0
479254,479254,479257,3,0
479254,479255,479257,2,1
479254,479254,479257,3,0
479254,479256,479257,1,2
479254,479254,479258,4,0
479254,479257,479258,1,3
479254,479257,479258,1,3
479254,479257,479258,1,3
479254,479254,479258,4,0
479254,479257,479258,1,3
479254,479254,479258,4,0
479382,479382,479384,2,0
479382,479382,479383,1,0
479382,479382,479383,1,0
479382,479382,479383,1,0
479382,479382,479383,1,0
479382,479382,479383,1,0
479382,479382,479383,1,0
479382,479382,479383,1,0
479382,479382,479383,1,0
479382,479382,479384,2,0
479382,479382,479383,1,0
479382,479382,479383,1,0
479382,479382,479383,1,0
479382,479382,479383,1,0
479382,479382,479383,1,0
479382,479382,479383,1,0
479382,479382,479384,2,0
479382,479384,479385,1,2
479382,479382,479384,2,0
479382,479382,479384,2,0
479382,479382,479384,2,0
479382,479382,479384,2,0
479382,479384,479385,1,2
479382,479384,479385,1,2
479382,479382,479384,2,0
479382,479382,479385,3,0
479382,479382,479385,3,0
479382,479384,479385,1,2
479382,479384,479385,1,2
479382,479384,479385,1,2
479382,479384,479385,1,2
479506,479506,479507,1,0
479506,479506,479507,1,0
479506,479506,479508,2,0
479506,479506,479507,1,0
479506,479506,479508,2,0
479506,479506,479508,2,0
479506,479506,479508,2,0
479506,479506,479508,2,0
479506,479506,479508,2,0
479506,479506,479508,2,0
479506,479506,479508,2,0
479506,479506,479508,2,0
479506,479506,479508,2,0
479506,479506,479508,2,0
479506,479506,479508,2,0
479506,479506,479508,2,0
479506,479506,479508,2,0
479506,479506,479508,2,0
479506,479506,479509,3,0
479506,479506,479509,3,0
479506,479506,479509,3,0
479506,479506,479509,3,0
479506,479506,479510,4,0
479506,479509,479510,1,3
479506,479509,479510,1,3
479506,479509,479510,1,3
479506,479506,479511,5,0
479515,479515,479516,1,0
479515,479515,479516,1,0
479515,479515,479516,1,0
479515,479515,479516,1,0
479515,479515,479516,1,0
479515,479515,479516,1,0
479515,479515,479516,1,0
479515,479515,479516,1,0
479515,479515,479517,2,0
479515,479515,479516,1,0
479515,479515,479516,1,0
479515,479515,479517,2,0
479515,479515,479517,2,0
479515,479515,479516,1,0
479515,479515,479516,1,0
479515,479515,479516,1,0
479515,479515,479517,2,0
479515,479515,479516,1,0
479515,479515,479517,2,0
479515,479515,479517,2,0
479515,479515,479517,2,0
479515,479516,479517,1,1
479515,479517,479518,1,2
479515,479515,479517,2,0
479515,479517,479518,1,2
479515,479517,479518,1,2
479515,479517,479518,1,2
479515,479515,479518,3,0
479515,479515,479518,3,0
479515,479517,479518,1,2
479515,479517,479518,1,2
479640,479640,479641,1,0
479640,479640,479641,1,0
479640,479640,479641,1,0
479640,479640,479641,1,0
479640,479640,479641,1,0
479640,479640,479642,2,0
479640,479640,479643,3,0
479640,479640,479642,2,0
479640,479640,479642,2,0
479640,479640,479643,3,0
479640,479640,479643,3,0
479640,479640,479643,3,0
479640,479642,479643,1,2
479640,479642,479643,1,2
479640,479642,479643,1,2
479640,479642,479643,1,2
479640,479640,479643,3,0
479640,479642,479643,1,2
479640,479643,479644,1,3
479640,479643,479644,1,3
479640,479640,479644,4,0
479640,479640,479644,4,0
479640,479640,479645,5,0
479640,479640,479646,6,0
479640,479640,479646,6,0
479640,479640,479646,6,0
479640,479640,479646,6,0
479640,479640,479646,6,0
479640,479640,479648,8,0
479640,479640,479647,7,0
479640,479640,479649,9,0
479765,479765,479766,1,0
479765,479765,479767,2,0
479765,479765,479767,2,0
479765,479765,479767,2,0
479765,479765,479767,2,0
479765,479765,479767,2,0
479765,479765,479767,2,0
479765,479765,479767,2,0
479765,479765,479769,4,0
479765,479765,479769,4,0
479765,479767,479769,2,2
479765,479767,479768,1,2
479765,479765,479768,3,0
479765,479767,479769,2,2
479765,479767,479768,1,2
479765,479765,479769,4,0
479765,479767,479769,2,2
479765,479768,479769,1,3
479765,479765,479769,4,0
479765,479765,479770,5,0
479765,479768,479769,1,3
479765,479765,479770,5,0
479765,479765,479771,6,0
479765,479765,479772,7,0
479765,479765,479772,7,0
479765,479765,479771,6,0
479765,479765,479772,7,0
479765,479765,479773,8,0
479765,479765,479773,8,0
479765,479765,479775,10,0
479765,479765,479776,11,0
479891,479891,479892,1,0
479891,479891,479892,1,0
479891,479891,479893,2,0
479891,479891,479893,2,0
479891,479891,479892,1,0
479891,479891,479893,2,0
479891,479891,479893,2,0
479891,479891,479894,3,0
479891,479893,479895,2,2
479891,479891,479894,3,0
479891,479893,479895,2,2
479891,479891,479894,3,0
479891,479891,479894,3,0
479891,479893,479895,2,2
479891,479891,479895,4,0
479891,479891,479895,4,0
479891,479893,479895,2,2
479891,479893,479895,2,2
479891,479891,479896,5,0
479891,479894,479896,2,3
479891,479891,479896,5,0
479891,479894,479896,2,3
479891,479891,479897,6,0
479891,479891,479898,7,0
479891,479891,479899,8,0
479891,479891,479898,7,0
479891,479891,479900,9,0
479891,479891,479900,9,0
479891,479891,479901,10,0
479891,479891,479901,10,0
479891,479891,479902,11,0
479680,479680,479937,257,0
480141,480141,480142,1,0
480141,480141,480142,1,0
480141,480141,480143,2,0
480141,480141,480143,2,0
480141,480141,480143,2,0
480141,480141,480143,2,0
480141,480141,480143,2,0
480141,480141,480144,3,0
480141,480143,480144,1,2
480141,480141,480145,4,0
480141,480141,480145,4,0
480141,480141,480144,3,0
480141,480143,480145,2,2
480141,480141,480145,4,0
480141,480143,480144,1,2
480141,480141,480144,3,0
480141,480144,480145,1,3
480141,480144,480145,1,3
480141,480144,480145,1,3
480141,480144,480145,1,3
480141,480141,480147,6,0
480141,480141,480148,7,0
480141,480141,480147,6,0
480141,480141,480148,7,0
480141,480141,480148,7,0
480141,480141,480148,7,0
480141,480141,480148,7,0
480141,480141,480150,9,0
480141,480141,480149,8,0
480141,480141,480151,10,0
480141,480141,480152,11,0
480267,480267,480269,2,0
480267,480267,480269,2,0
480267,480267,480268,1,0
480267,480267,480270,3,0
480267,480267,480269,2,0
480267,480267,480269,2,0
480267,480267,480270,3,0
480267,480267,480270,3,0
480267,480267,480269,2,0
480267,480269,480271,2,2
480267,480269,480271,2,2
480267,480267,480271,4,0
480267,480269,480271,2,2
480267,480267,480271,4,0
480267,480270,480272,2,3
480267,480267,480272,5,0
480267,480270,480272,2,3
480267,480270,480272,2,3
480267,480270,480272,2,3
480267,480267,480273,6,0
480267,480267,480274,7,0
480267,480267,480274,7,0
480267,480267,480274,7,0
480267,480267,480273,6,0
480267,480267,480274,7,0
480267,480267,480274,7,0
480267,480267,480275,8,0
480267,480267,480276,9,0
480267,480267,480277,10,0
480267,480267,480278,11,0
480267,480267,480279,12,0
480393,480393,480394,1,0
480393,480393,480394,1,0
480393,480393,480395,2,0
480393,480393,480395,2,0
480393,480393,480396,3,0
480393,480393,480395,2,0
480393,480393,480395,2,0
480393,480393,480395,2,0
480393,480393,480396,3,0
480393,480395,480396,1,2
480393,480395,480396,1,2
480393,480393,480396,3,0
480393,480395,480397,2,2
480393,480393,480397,4,0
480393,480393,480398,5,0
480393,480396,480397,1,3
480393,480396,480397,1,3
480393,480393,480397,4,0
480393,480396,480397,1,3
480393,480396,480397,1,3
480393,480393,480400,7,0
480393,480393,480400,7,0
480393,480393,480399,6,0
480393,480393,480400,7,0
480393,480393,480400,7,0
480393,480393,480402,9,0
480393,480393,480401,8,0
480393,480393,480402,9,0
480393,480393,480402,9,0
480393,480393,480403,10,0
480393,480393,480403,10,0
480521,480521,480522,1,0
480521,480521,480523,2,0
480521,480521,480523,2,0
480521,480521,480523,2,0
480521,480521,480524,3,0
480521,480521,480524,3,0
480521,480521,480523,2,0
480521,480521,480523,2,0
480521,480521,480524,3,0
480521,480523,480525,2,2
480521,480523,480525,2,2
480521,480523,480525,2,2
480521,480523,480525,2,2
480521,480521,480525,4,0
480521,480524,480526,2,3
480521,480524,480526,2,3
480521,480521,480526,5,0
480521,480524,480526,2,3
480521,480521,480527,6,0
480521,480521,480528,7,0
480521,480521,480528,7,0
480521,480521,480529,8,0
480521,480521,480529,8,0
480521,480521,480529,8,0
480521,480521,480530,9,0
480521,480521,480530,9,0
480521,480521,480530,9,0
480521,480521,480530,9,0
480521,480521,480531,10,0
480521,480521,480531,10,0
480521,480521,480532,11,0
480648,480648,480649,1,0
480648,480648,480649,1,0
480648,480648,480649,1,0
480648,480648,480650,2,0
480648,480648,480650,2,0
480648,480648,480651,3,0
480648,480648,480651,3,0
480648,480648,480650,2,0
480648,480648,480651,3,0
480648,480650,480651,1,2
480648,480650,480651,1,2
480648,480650,480651,1,2
480648,480648,480651,3,0
480648,480648,480651,3,0
480648,480651,480652,1,3
480648,480648,480652,4,0
480648,480651,480653,2,3
480648,480651,480652,1,3
480648,480648,480652,4,0
480648,480651,480652,1,3
480648,480648,480653,5,0
480648,480648,480654,6,0
480648,480648,480654,6,0
480648,480648,480654,6,0
480648,480648,480657,9,0
480648,480648,480656,8,0
480648,480648,480657,9,0
480648,480648,480656,8,0
480648,480648,480657,9,0
480648,480648,480658,10,0
480648,480648,480659,11,0
480775,480775,480776,1,0
480775,480775,480776,1,0
480775,480775,480777,2,0
480775,480775,480776,1,0
480775,480775,480777,2,0
480775,480775,480777,2,0
480775,480775,480778,3,0
480775,480776,480778,2,1
480775,480775,480778,3,0
480775,480775,480778,3,0
480775,480777,480779,2,2
480775,480777,480778,1,2
480775,480775,480779,4,0
480775,480775,480779,4,0
480775,480777,480779,2,2
480775,480777,480779,2,2
480775,480775,480780,5,0
480775,480778,480780,2,3
480775,480778,480780,2,3
480775,480775,480780,5,0
480775,480775,480781,6,0
480775,480775,480781,6,0
480775,480775,480781,6,0
480775,480775,480783,8,0
480775,480775,480783,8,0
480775,480775,480782,7,0
480775,480775,480784,9,0
480775,480775,480785,10,0
480775,480775,480785,10,0
480775,480775,480784,9,0
480775,480775,480786,11,0
480903,480903,480904,1,0
480903,480903,480904,1,0
480903,480903,480905,2,0
480903,480903,480904,1,0
480903,480903,480906,3,0
480903,480903,480905,2,0
480903,480903,480905,2,0
480903,480903,480905,2,0
480903,480903,480906,3,0
480903,480903,480907,4,0
480903,480905,480906,1,2
480903,480905,480907,2,2
480903,480905,480906,1,2
480903,480905,480907,2,2
480903,480903,480907,4,0
480903,480903,480907,4,0
480903,480906,480907,1,3
480903,480906,480908,2,3
480903,480906,480908,2,3
480903,480903,480909,6,0
480903,480903,480908,5,0
480903,480903,480909,6,0
480903,480903,480908,5,0
480903,480903,480909,6,0
480903,480903,480910,7,0
480903,480903,480909,6,0
480903,480903,480911,8,0
480903,480903,480911,8,0
480903,480903,480911,8,0
480903,480903,480912,9,0
480903,480903,480912,9,0
481036,481036,481037,1,0
481036,481036,481037,1,0
481036,481036,481038,2,0
481036,481036,481038,2,0
481036,481036,481039,3,0
481036,481036,481038,2,0
481036,481036,481038,2,0
481036,481036,481039,3,0
481036,481036,481039,3,0
481036,481036,481040,4,0
481036,481038,481039,1,2
481036,481038,481040,2,2
481036,481038,481040,2,2
481036,481038,481040,2,2
481036,481036,481040,4,0
481036,481039,481041,2,3
481036,481036,481041,5,0
481036,481039,481041,2,3
481036,481039,481041,2,3
481036,481036,481042,6,0
481036,481036,481042,6,0
481036,481036,481042,6,0
481036,481036,481042,6,0
481036,481036,481043,7,0
481036,481036,481043,7,0
481036,481036,481043,7,0
481036,481036,481043,7,0
481036,481036,481043,7,0
481036,481036,481044,8,0
481036,481036,481045,9,0
481036,481036,481046,10,0
481164,481165,481166,1,1
481164,481165,481166,1,1
481164,481165,481166,1,1
481164,481165,481166,1,1
481164,481165,481167,2,1
481164,481166,481167,1,2
481164,481165,481167,2,1
481164,481165,481167,2,1
481164,481165,481167,2,1
481164,481167,481168,1,3
481164,481165,481168,3,1
481164,481167,481168,1,3
481164,481165,481168,3,1
481164,481167,481168,1,3
481164,481165,481168,3,1
481164,481168,481169,1,4
481164,481165,481169,4,1
481164,481168,481169,1,4
481164,481165,481170,5,1
481164,481168,481169,1,4
481164,481165,481170,5,1
481164,481165,481170,5,1
481164,481165,481170,5,1
481164,481165,481171,6,1
481164,481165,481171,6,1
481164,481165,481171,6,1
481164,481165,481172,7,1
481164,481165,481172,7,1
481164,481165,481172,7,1
481164,481165,481173,8,1
481164,481165,481174,9,1
481291,481291,481292,1,0
481291,481291,481292,1,0
481291,481291,481293,2,0
481291,481291,481293,2,0
481291,481291,481294,3,0
481291,481291,481293,2,0
481291,481291,481293,2,0
481291,481291,481293,2,0
481291,481292,481293,1,1
481291,481291,481294,3,0
481291,481291,481295,4,0
481291,481293,481294,1,2
481291,481293,481295,2,2
481291,481291,481295,4,0
481291,481291,481295,4,0
481291,481291,481296,5,0
481291,481294,481295,1,3
481291,481294,481295,1,3
481291,481294,481296,2,3
481291,481294,481295,1,3
481291,481291,481296,5,0
481291,481291,481297,6,0
481291,481291,481297,6,0
481291,481291,481297,6,0
481291,481291,481297,6,0
481291,481291,481298,7,0
481291,481291,481298,7,0
481291,481291,481299,8,0
481291,481291,481299,8,0
481291,481291,481300,9,0
481291,481291,481302,11,0
481417,481417,481419,2,0
481417,481417,481419,2,0
481417,481417,481419,2,0
481417,481417,481419,2,0
481417,481417,481420,3,0
481417,481417,481420,3,0
481417,481417,481420,3,0
481417,481417,481420,3,0
481417,481417,481421,4,0
481417,481419,481421,2,2
481417,481419,481421,2,2
481417,481417,481421,4,0
481417,481420,481421,1,3
481417,481419,481421,2,2
481417,481417,481422,5,0
481417,481417,481422,5,0
481417,481421,481422,1,4
481417,481421,481422,1,4
481417,481421,481422,1,4
481417,481417,481423,6,0
481417,481417,481423,6,0
481417,481417,481423,6,0
481417,481417,481423,6,0
481417,481417,481423,6,0
481417,481417,481423,6,0
481417,481417,481424,7,0
481417,481417,481425,8,0
481417,481417,481425,8,0
481417,481417,481427,10,0
481417,481417,481428,11,0
481417,481417,481428,11,0
481544,481544,481545,1,0
481544,481544,481545,1,0
481544,481544,481545,1,0
481544,481544,481547,3,0
481544,481544,481546,2,0
481544,481544,481546,2,0
481544,481544,481546,2,0
481544,481544,481546,2,0
481544,481544,481546,2,0
481544,481546,481547,1,2
481544,481546,481547,1,2
481544,481546,481547,1,2
481544,481544,481547,3,0
481544,481544,481549,5,0
481544,481547,481548,1,3
481544,481547,481548,1,3
481544,481544,481548,4,0
481544,481547,481549,2,3
481544,481547,481548,1,3
481544,481544,481549,5,0
481544,481544,481549,5,0
481544,481544,481549,5,0
481544,481544,481549,5,0
481544,481544,481549,5,0
481544,481544,481550,6,0
481544,481544,481551,7,0
481544,481544,481551,7,0
481544,481544,481553,9,0
481544,481544,481555,11,0
481544,481544,481554,10,0
481544,481544,481554,10,0
481673,481673,481675,2,0
481673,481673,481675,2,0
481673,481673,481674,1,0
481673,481673,481676,3,0
481673,481673,481676,3,0
481673,481673,481675,2,0
481673,481673,481675,2,0
481673,481673,481676,3,0
481673,481673,481675,2,0
481673,481675,481676,1,2
481673,481675,481677,2,2
481673,481675,481676,1,2
481673,481673,481677,4,0
481673,481676,481678,2,3
481673,481673,481678,5,0
481673,481676,481678,2,3
481673,481673,481678,5,0
481673,481676,481678,2,3
481673,481676,481678,2,3
481673,481673,481679,6,0
481673,481673,481678,5,0
481673,481673,481679,6,0
481673,481673,481678,5,0
481673,481673,481679,6,0
481673,481673,481679,6,0
481673,481673,481679,6,0
481673,481673,481680,7,0
481673,481673,481682,9,0
481673,481673,481684,11,0
481673,481673,481684,11,0
481673,481673,481684,11,0
481675,481675,481791,116,0
481798,481799,481800,1,1
481798,481799,481800,1,1
481798,481799,481800,1,1
481798,481799,481801,2,1
481798,481799,481801,2,1
481798,481799,481801,2,1
481798,481799,481801,2,1
481798,481799,481801,2,1
481798,481799,481802,3,1
481798,481801,481802,1,3
481798,481801,481802,1,3
481798,481801,481802,1,3
481798,481799,481803,4,1
481798,481802,481803,1,4
481798,481799,481803,4,1
481798,481802,481803,1,4
481798,481799,481803,4,1
481798,481802,481803,1,4
481798,481802,481803,1,4
481798,481799,481804,5,1
481798,481799,481804,5,1
481798,481799,481804,5,1
481798,481799,481804,5,1
481798,481799,481804,5,1
481798,481799,481805,6,1
481798,481799,481805,6,1
481798,481799,481807,8,1
481798,481799,481807,8,1
481798,481799,481807,8,1
481798,481799,481808,9,1
481798,481799,481810,11,1
481924,481925,481926,1,1
481924,481925,481926,1,1
481924,481925,481927,2,1
481924,481926,481927,1,2
481924,481925,481927,2,1
481924,481925,481927,2,1
481924,481925,481927,2,1
481924,481925,481927,2,1
481924,481925,481928,3,1
481924,481927,481928,1,3
481924,481927,481928,1,3
481924,481925,481929,4,1
481924,481925,481929,4,1
481924,481928,481929,1,4
481924,481928,481929,1,4
481924,481925,481929,4,1
481924,481928,481929,1,4
481924,481925,481930,5,1
481924,481928,481929,1,4
481924,481925,481930,5,1
481924,481925,481930,5,1
481924,481925,481930,5,1
481924,481925,481930,5,1
481924,481925,481931,6,1
481924,481925,481931,6,1
481924,481925,481933,8,1
481924,481925,481935,10,1
481924,481925,481934,9,1
481924,481925,481934,9,1
481924,481925,481935,10,1
482055,482055,482057,2,0
482055,482055,482057,2,0
482055,482055,482057,2,0
482055,482056,482058,2,1
482055,482056,482058,2,1
482055,482056,482058,2,1
482055,482056,482058,2,1
482055,482056,482058,2,1
482055,482056,482058,2,1
482055,482058,482059,1,3
482055,482058,482059,1,3
482055,482058,482059,1,3
482055,482059,482060,1,4
482055,482056,482060,4,1
482055,482059,482060,1,4
482055,482059,482060,1,4
482055,482056,482060,4,1
482055,482059,482060,1,4
482055,482056,482061,5,1
482055,482056,482062,6,1
482055,482056,482062,6,1
482055,482056,482062,6,1
482055,482055,482062,7,0
482055,482056,482062,6,1
482055,482056,482063,7,1
482055,482056,482063,7,1
482055,482055,482064,9,0
482055,482055,482064,9,0
482055,482055,482065,10,0
482055,482056,482065,9,1
482055,482056,482065,9,1
482181,482181,482182,1,0
482181,482181,482183,2,0
482181,482181,482183,2,0
482181,482181,482183,2,0
482181,482181,482183,2,0
482181,482181,482184,3,0
482181,482181,482184,3,0
482181,482181,482184,3,0
482181,482183,482185,2,2
482181,482183,482185,2,2
482181,482181,482185,4,0
482181,482183,482185,2,2
482181,482183,482185,2,2
482181,482181,482185,4,0
482181,482184,482186,2,3
482181,482181,482186,5,0
482181,482184,482186,2,3
482181,482184,482186,2,3
482181,482181,482186,5,0
482181,482181,482187,6,0
482181,482181,482187,6,0
482181,482181,482187,6,0
482181,482181,482187,6,0
482181,482181,482188,7,0
482181,482181,482189,8,0
482181,482181,482190,9,0
482181,482181,482190,9,0
482181,482181,482190,9,0
482181,482181,482189,8,0
482181,482181,482191,10,0
482181,482181,482192,11,0
482306,482306,482307,1,0
482306,482306,482307,1,0
482306,482306,482308,2,0
482306,482306,482308,2,0
482306,482306,482308,2,0
482306,482306,482309,3,0
482306,482306,482308,2,0
482306,482306,482309,3,0
482306,482306,482309,3,0
482306,482308,482309,1,2
482306,482308,482309,1,2
482306,482308,482309,1,2
482306,482306,482310,4,0
482306,482306,482311,5,0
482306,482306,482310,4,0
482306,482309,482310,1,3
482306,482309,482310,1,3
482306,482306,482310,4,0
482306,482309,482310,1,3
482306,482309,482310,1,3
482306,482306,482311,5,0
482306,482306,482311,5,0
482306,482306,482312,6,0
482306,482306,482314,8,0
482306,482306,482314,8,0
482306,482306,482314,8,0
482306,482306,482314,8,0
482306,482306,482315,9,0
482306,482306,482316,10,0
482306,482306,482316,10,0
482306,482306,482317,11,0
482434,482434,482436,2,0
482434,482434,482436,2,0
482434,482434,482436,2,0
482434,482434,482436,2,0
482434,482434,482436,2,0
482434,482434,482437,3,0
482434,482434,482437,3,0
482434,482436,482438,2,2
482434,482434,482438,4,0
482434,482436,482438,2,2
482434,482434,482438,4,0
482434,482434,482438,4,0
482434,482436,482438,2,2
482434,482436,482438,2,2
482434,482434,482439,5,0
482434,482434,482439,5,0
482434,482437,482439,2,3
482434,482437,482439,2,3
482434,482437,482438,1,3
482434,482434,482441,7,0
482434,482434,482440,6,0
482434,482434,482442,8,0
482434,482434,482442,8,0
482434,482434,482442,8,0
482434,482434,482442,8,0
482434,482434,482443,9,0
482434,482434,482443,9,0
482434,482434,482444,10,0
482434,482434,482444,10,0
482434,482434,482444,10,0
482434,482434,482445,11,0
482560,482560,482562,2,0
482560,482560,482562,2,0
482560,482560,482562,2,0
482560,482560,482563,3,0
482560,482560,482563,3,0
482560,482560,482563,3,0
482560,482560,482563,3,0
482560,482560,482563,3,0
482560,482562,482564,2,2
482560,482560,482564,4,0
482560,482562,482564,2,2
482560,482562,482564,2,2
482560,482560,482565,5,0
482560,482563,482565,2,3
482560,482563,482565,2,3
482560,482563,482565,2,3
482560,482563,482565,2,3
482560,482560,482566,6,0
482560,482560,482566,6,0
482560,482560,482566,6,0
482560,482560,482566,6,0
482560,482560,482567,7,0
482560,482560,482568,8,0
482560,482560,482568,8,0
482560,482560,482568,8,0
482560,482560,482568,8,0
482560,482560,482568,8,0
482560,482560,482570,10,0
482560,482560,482570,10,0
482560,482560,482570,10,0
482560,482560,482570,10,0
482686,482686,482688,2,0
482686,482686,482688,2,0
482686,482686,482689,3,0
482686,482686,482688,2,0
482686,482686,482689,3,0
482686,482686,482689,3,0
482686,482686,482689,3,0
482686,482686,482689,3,0
482686,482686,482690,4,0
482686,482688,482690,2,2
482686,482686,482690,4,0
482686,482688,482690,2,2
482686,482689,482690,1,3
482686,482689,482691,2,3
482686,482686,482690,4,0
482686,482689,482691,2,3
482686,482689,482691,2,3
482686,482686,482691,5,0
482686,482686,482691,5,0
482686,482689,482691,2,3
482686,482686,482692,6,0
482686,482686,482693,7,0
482686,482686,482692,6,0
482686,482686,482693,7,0
482686,482686,482694,8,0
482686,482686,482694,8,0
482686,482686,482695,9,0
482686,482686,482694,8,0
482686,482686,482696,10,0
482686,482686,482697,11,0
482686,482686,482698,12,0
482686,482686,482795,109,0
482817,482817,482818,1,0
482817,482817,482818,1,0
482817,482817,482818,1,0
482817,482817,482819,2,0
482817,482817,482819,2,0
482817,482817,482819,2,0
482817,482817,482819,2,0
482817,482817,482821,4,0
482817,482817,482820,3,0
482817,482819,482820,1,2
482817,482817,482820,3,0
482817,482819,482820,1,2
482817,482819,482820,1,2
482817,482817,482821,4,0
482817,482820,482821,1,3
482817,482820,482821,1,3
482817,482817,482821,4,0
482817,482820,482821,1,3
482817,482817,482821,4,0
482817,482817,482821,4,0
482817,482820,482821,1,3
482817,482817,482823,6,0
482817,482817,482824,7,0
482817,482817,482823,6,0
482817,482817,482824,7,0
482817,482817,482826,9,0
482817,482817,482825,8,0
482817,482817,482827,10,0
482817,482817,482826,9,0
482817,482817,482826,9,0
482817,482817,482827,10,0
482941,482941,482942,1,0
482941,482941,482943,2,0
482941,482941,482943,2,0
482941,482941,482944,3,0
482941,482941,482944,3,0
482941,482941,482944,3,0
482941,482942,482944,2,1
482941,482941,482944,3,0
482941,482941,482945,4,0
482941,482941,482945,4,0
482941,482941,482945,4,0
482941,482943,482945,2,2
482941,482941,482945,4,0
482941,482943,482945,2,2
482941,482944,482946,2,3
482941,482941,482946,5,0
482941,482944,482946,2,3
482941,482941,482946,5,0
482941,482944,482946,2,3
482941,482944,482946,2,3
482941,482941,482947,6,0
482941,482941,482947,6,0
482941,482941,482948,7,0
482941,482941,482948,7,0
482941,482941,482948,7,0
482941,482941,482949,8,0
482941,482941,482949,8,0
482941,482941,482949,8,0
482941,482941,482951,10,0
482941,482941,482951,10,0
482941,482941,482951,10,0
483065,483065,483066,1,0
483065,483065,483066,1,0
483065,483065,483066,1,0
483065,483065,483067,2,0
483065,483065,483067,2,0
483065,483065,483067,2,0
483065,483065,483068,3,0
483065,483065,483067,2,0
483065,483065,483068,3,0
483065,483067,483068,1,2
483065,483067,483068,1,2
483065,483067,483068,1,2
483065,483065,483068,3,0
483065,483065,483069,4,0
483065,483068,483069,1,3
483065,483065,483069,4,0
483065,483065,483070,5,0
483065,483068,483069,1,3
483065,483068,483069,1,3
483065,483065,483069,4,0
483065,483068,483069,1,3
483065,483065,483070,5,0
483065,483065,483072,7,0
483065,483065,483072,7,0
483065,483065,483072,7,0
483065,483065,483073,8,0
483065,483065,483073,8,0
483065,483065,483073,8,0
483065,483065,483073,8,0
483065,483065,483074,9,0
483065,483065,483076,11,0
483190,483190,483192,2,0
483190,483190,483192,2,0
483190,483190,483192,2,0
483190,483190,483193,3,0
483190,483190,483192,2,0
483190,483190,483193,3,0
483190,483190,483193,3,0
483190,483190,483193,3,0
483190,483190,483193,3,0
483190,483190,483194,4,0
483190,483192,483194,2,2
483190,483192,483194,2,2
483190,483190,483194,4,0
483190,483190,483194,4,0
483190,483192,483194,2,2
483190,483190,483194,4,0
483190,483193,483195,2,3
483190,483193,483195,2,3
483190,483190,483195,5,0
483190,483193,483195,2,3
483190,483193,483195,2,3
483190,483190,483197,7,0
483190,483190,483197,7,0
483190,483190,483197,7,0
483190,483190,483197,7,0
483190,483190,483198,8,0
483190,483190,483198,8,0
483190,483190,483199,9,0
483190,483190,483199,9,0
483190,483190,483200,10,0
483190,483190,483201,11,0
483314,483314,483316,2,0
483314,483315,483316,1,1
483314,483315,483316,1,1
483314,483314,483317,3,0
483314,483315,483317,2,1
483314,483315,483317,2,1
483314,483315,483317,2,1
483314,483315,483317,2,1
483314,483315,483317,2,1
483314,483315,483318,3,1
483314,483315,483318,3,1
483314,483315,483318,3,1
483314,483317,483318,1,3
483314,483317,483318,1,3
483314,483317,483318,1,3
483314,483318,483319,1,4
483314,483318,483319,1,4
483314,483315,483319,4,1
483314,483318,483319,1,4
483314,483318,483319,1,4
483314,483315,483319,4,1
483314,483315,483321,6,1
483314,483315,483321,6,1
483314,483315,483322,7,1
483314,483315,483321,6,1
483314,483315,483322,7,1
483314,483315,483323,8,1
483314,483315,483323,8,1
483314,483315,483323,8,1
483314,483315,483324,9,1
483314,483315,483325,10,1
483441,483441,483442,1,0
483441,483441,483442,1,0
483441,483441,483442,1,0
483441,483441,483443,2,0
483441,483441,483443,2,0
483441,483441,483443,2,0
483441,483441,483443,2,0
483441,483441,483443,2,0
483441,483441,483445,4,0
483441,483441,483445,4,0
483441,483441,483445,4,0
483441,483443,483444,1,2
483441,483443,483444,1,2
483441,483443,483444,1,2
483441,483443,483445,2,2
483441,483441,483445,4,0
483441,483444,483445,1,3
483441,483444,483445,1,3
483441,483441,483446,5,0
483441,483444,483445,1,3
483441,483441,483445,4,0
483441,483441,483448,7,0
483441,483441,483447,6,0
483441,483441,483448,7,0
483441,483441,483448,7,0
483441,483441,483448,7,0
483441,483441,483449,8,0
483441,483441,483448,7,0
483441,483441,483450,9,0
483441,483441,483451,10,0
483441,483441,483451,10,0
483311,483311,483514,203,0
483566,483566,483567,1,0
483566,483566,483567,1,0
483566,483566,483568,2,0
483566,483566,483569,3,0
483566,483566,483568,2,0
483566,483566,483569,3,0
483566,483566,483569,3,0
483566,483566,483569,3,0
483566,483568,483569,1,2
483566,483566,483570,4,0
483566,483566,483570,4,0
483566,483566,483569,3,0
483566,483568,483569,1,2
483566,483568,483569,1,2
483566,483566,483570,4,0
483566,483566,483570,4,0
483566,483569,483571,2,3
483566,483569,483571,2,3
483566,483569,483570,1,3
483566,483570,483571,1,4
483566,483566,483572,6,0
483566,483566,483572,6,0
483566,483566,483572,6,0
483566,483566,483574,8,0
483566,483566,483574,8,0
483566,483566,483575,9,0
483566,483566,483575,9,0
483566,483566,483576,10,0
483566,483566,483577,11,0
483566,483566,483577,11,0
483566,483566,483578,12,0
483692,483692,483693,1,0
483692,483692,483694,2,0
483692,483692,483693,1,0
483692,483692,483694,2,0
483692,483692,483695,3,0
483692,483692,483695,3,0
483692,483692,483695,3,0
483692,483692,483696,4,0
483692,483694,483696,2,2
483692,483692,483695,3,0
483692,483694,483696,2,2
483692,483692,483696,4,0
483692,483694,483695,1,2
483692,483695,483697,2,3
483692,483692,483697,5,0
483692,483692,483697,5,0
483692,483692,483696,4,0
483692,483695,483697,2,3
483692,483692,483697,5,0
483692,483695,483697,2,3
483692,483692,483698,6,0
483692,483695,483697,2,3
483692,483692,483698,6,0
483692,483692,483699,7,0
483692,483692,483700,8,0
483692,483692,483700,8,0
483692,483692,483702,10,0
483692,483692,483702,10,0
483692,483692,483702,10,0
483692,483692,483703,11,0
483692,483692,483704,12,0
483819,483819,483820,1,0
483819,483819,483820,1,0
483819,483819,483820,1,0
483819,483819,483821,2,0
483819,483819,483821,2,0
483819,483819,483822,3,0
483819,483819,483821,2,0
483819,483819,483822,3,0
483819,483820,483821,1,1
483819,483819,483822,3,0
483819,483821,483822,1,2
483819,483819,483823,4,0
483819,483821,483822,1,2
483819,483819,483822,3,0
483819,483819,483823,4,0
483819,483819,483823,4,0
483819,483819,483824,5,0
483819,483822,483823,1,3
483819,483822,483824,2,3
483819,483822,483824,2,3
483819,483822,483824,2,3
483819,483819,483825,6,0
483819,483819,483825,6,0
483819,483819,483826,7,0
483819,483819,483826,7,0
483819,483819,483826,7,0
483819,483819,483827,8,0
483819,483819,483828,9,0
483819,483819,483828,9,0
483819,483819,483830,11,0
483819,483819,483830,11,0
484005,484005,484006,1,0
484005,484005,484006,1,0
484005,484005,484007,2,0
484005,484005,484007,2,0
484005,484005,484008,3,0
484005,484005,484008,3,0
484005,484005,484007,2,0
484005,484005,484008,3,0
484005,484005,484009,4,0
484005,484007,484009,2,2
484005,484005,484009,4,0
484005,484007,484009,2,2
484005,484007,484009,2,2
484005,484008,484010,2,3
484005,484005,484010,5,0
484005,484008,484010,2,3
484005,484005,484010,5,0
484005,484008,484010,2,3
484005,484008,484009,1,3
484005,484005,484011,6,0
484005,484005,484010,5,0
484005,484005,484010,5,0
484005,484005,484012,7,0
484005,484005,484012,7,0
484005,484005,484013,8,0
484005,484005,484013,8,0
484005,484005,484013,8,0
484005,484005,484013,8,0
484005,484005,484013,8,0
484005,484005,484014,9,0
484005,484005,484016,11,0
484129,484129,484130,1,0
484129,484129,484130,1,0
484129,484129,484130,1,0
484129,484129,484131,2,0
484129,484129,484131,2,0
484129,484129,484131,2,0
484129,484130,484131,1,1
484129,484129,484131,2,0
484129,484129,484131,2,0
484129,484129,484132,3,0
484129,484131,484132,1,2
484129,484129,484133,4,0
484129,484129,484133,4,0
484129,484131,484132,1,2
484129,484132,484133,1,3
484129,484132,484133,1,3
484129,484132,484133,1,3
484129,484129,484133,4,0
484129,484129,484133,4,0
484129,484132,484133,1,3
484129,484129,484134,5,0
484129,484129,484135,6,0
484129,484129,484136,7,0
484129,484129,484135,6,0
484129,484129,484135,6,0
484129,484129,484136,7,0
484129,484129,484135,6,0
484129,484129,484136,7,0
484129,484129,484137,8,0
484129,484129,484137,8,0
484129,484129,484139,10,0
484253,484253,484254,1,0
484253,484253,484254,1,0
484253,484253,484254,1,0
484253,484253,484255,2,0
484253,484254,484255,1,1
484253,484253,484255,2,0
484253,484253,484255,2,0
484253,484253,484255,2,0
484253,484253,484255,2,0
484253,484253,484256,3,0
484253,484255,484256,1,2
484253,484253,484256,3,0
484253,484253,484257,4,0
484253,484255,484257,2,2
484253,484256,484257,1,3
484253,484255,484257,2,2
484253,484253,484258,5,0
484253,484256,484257,1,3
484253,484253,484257,4,0
484253,484256,484258,2,3
484253,484253,484257,4,0
484253,484253,484257,4,0
484253,484253,484259,6,0
484253,484253,484260,7,0
484253,484253,484259,6,0
484253,484253,484260,7,0
484253,484253,484260,7,0
484253,484253,484260,7,0
484253,484253,484260,7,0
484253,484253,484261,8,0
484253,484253,484264,11,0
484381,484381,484382,1,0
484381,484381,484382,1,0
484381,484381,484383,2,0
484381,484381,484383,2,0
484381,484381,484383,2,0
484381,484381,484384,3,0
484381,484381,484384,3,0
484381,484381,484384,3,0
484381,484381,484384,3,0
484381,484383,484385,2,2
484381,484383,484384,1,2
484381,484381,484385,4,0
484381,484383,484385,2,2
484381,484383,484384,1,2
484381,484381,484385,4,0
484381,484381,484386,5,0
484381,484381,484386,5,0
484381,484384,484386,2,3
484381,484384,484385,1,3
484381,484381,484386,5,0
484381,484384,484386,2,3
484381,484381,484387,6,0
484381,484381,484388,7,0
484381,484381,484387,6,0
484381,484381,484388,7,0
484381,484381,484388,7,0
484381,484381,484388,7,0
484381,484381,484388,7,0
484381,484381,484389,8,0
484381,484381,484390,9,0
484381,484381,484392,11,0
484505,484505,484506,1,0
484505,484505,484506,1,0
484505,484505,484506,1,0
484505,484505,484506,1,0
484505,484505,484507,2,0
484505,484505,484507,2,0
484505,484505,484507,2,0
484505,484505,484507,2,0
484505,484505,484508,3,0
484505,484507,484508,1,2
484505,484505,484508,3,0
484505,484507,484508,1,2
484505,484507,484508,1,2
484505,484505,484509,4,0
484505,484507,484508,1,2
484505,484505,484509,4,0
484505,484508,484509,1,3
484505,484505,484509,4,0
484505,484508,484509,1,3
484505,484508,484509,1,3
484505,484505,484511,6,0
484505,484505,484511,6,0
484505,484505,484512,7,0
484505,484505,484511,6,0
484505,484505,484512,7,0
484505,484505,484511,6,0
484505,484505,484511,6,0
484505,484505,484513,8,0
484505,484505,484512,7,0
484505,484505,484513,8,0
484505,484505,484513,8,0
484754,484754,484755,1,0
484754,484754,484755,1,0
484754,484754,484755,1,0
484754,484754,484756,2,0
484754,484754,484756,2,0
484754,484754,484756,2,0
484754,484754,484756,2,0
484754,484754,484757,3,0
484754,484755,484756,1,1
484754,484754,484756,2,0
484754,484754,484757,3,0
484754,484756,484757,1,2
484754,484754,484757,3,0
484754,484756,484757,1,2
484754,484754,484757,3,0
484754,484754,484757,3,0
484754,484754,484757,3,0
484754,484754,484759,5,0
484754,484754,484758,4,0
484754,484757,484758,1,3
484754,484757,484758,1,3
484754,484754,484758,4,0
484754,484757,484758,1,3
484754,484754,484758,4,0
484754,484757,484758,1,3
484754,484754,484761,7,0
484754,484754,484760,6,0
484754,484754,484760,6,0
484754,484754,484762,8,0
484754,484754,484761,7,0
484754,484754,484761,7,0
484879,484880,484881,1,1
484879,484880,484882,2,1
484879,484880,484881,1,1
484879,484880,484881,1,1
484879,484880,484882,2,1
484879,484880,484881,1,1
484879,484880,484881,1,1
484879,484880,484882,2,1
484879,484880,484882,2,1
484879,484880,484882,2,1
484879,484880,484882,2,1
484879,484880,484882,2,1
484879,484880,484883,3,1
484879,484880,484883,3,1
484879,484882,484883,1,3
484879,484882,484883,1,3
484879,484882,484883,1,3
484879,484882,484883,1,3
484879,484880,484883,3,1
484879,484882,484883,1,3
484879,484880,484884,4,1
484879,484882,484883,1,3
484879,484880,484883,3,1
484879,484882,484883,1,3
484879,484880,484885,5,1
484879,484880,484887,7,1
484879,484880,484887,7,1
484879,484880,484887,7,1
484879,484880,484887,7,1
484879,484880,484887,7,1
484879,484880,484887,7,1
485007,485007,485008,1,0
485007,485007,485008,1,0
485007,485007,485008,1,0
485007,485007,485008,1,0
485007,485007,485009,2,0
485007,485007,485009,2,0
485007,485007,485009,2,0
485007,485007,485009,2,0
485007,485007,485010,3,0
485007,485009,485010,1,2
485007,485007,485010,3,0
485007,485009,485010,1,2
485007,485007,485010,3,0
485007,485009,485010,1,2
485007,485007,485011,4,0
485007,485007,485010,3,0
485007,485007,485010,3,0
485007,485009,485010,1,2
485007,485009,485010,1,2
485007,485007,485011,4,0
485007,485007,485011,4,0
485007,485010,485011,1,3
485007,485007,485011,4,0
485007,485010,485012,2,3
485007,485007,485013,6,0
485007,485007,485013,6,0
485007,485007,485014,7,0
485007,485007,485014,7,0
485007,485007,485015,8,0
485007,485007,485015,8,0
485007,485007,485015,8,0
485131,485131,485132,1,0
485131,485131,485132,1,0
485131,485131,485133,2,0
485131,485131,485132,1,0
485131,485131,485133,2,0
485131,485131,485132,1,0
485131,485131,485133,2,0
485131,485131,485133,2,0
485131,485131,485133,2,0
485131,485131,485133,2,0
485131,485132,485133,1,1
485131,485131,485133,2,0
485131,485134,485135,1,3
485131,485131,485134,3,0
485131,485133,485134,1,2
485131,485133,485134,1,2
485131,485133,485134,1,2
485131,485133,485134,1,2
485131,485131,485134,3,0
485131,485131,485134,3,0
485131,485133,485134,1,2
485131,485131,485135,4,0
485131,485131,485135,4,0
485131,485131,485138,7,0
485131,485131,485138,7,0
485131,485131,485137,6,0
485131,485131,485138,7,0
485131,485131,485139,8,0
485131,485131,485138,7,0
485131,485131,485139,8,0
485131,485131,485139,8,0
485254,485254,485256,2,0
485254,485254,485256,2,0
485254,485254,485256,2,0
485254,485254,485256,2,0
485254,485254,485256,2,0
485254,485254,485255,1,0
485254,485254,485257,3,0
485254,485254,485257,3,0
485254,485254,485257,3,0
485254,485255,485258,3,1
485254,485254,485257,3,0
485254,485255,485258,3,1
485254,485254,485258,4,0
485254,485257,485258,1,3
485254,485254,485258,4,0
485254,485257,485258,1,3
485254,485257,485258,1,3
485254,485257,485258,1,3
485254,485258,485259,1,4
485254,485257,485258,1,3
485254,485257,485258,1,3
485254,485255,485259,4,1
485254,485254,485260,6,0
485254,485255,485261,6,1
485254,485254,485261,7,0
485254,485254,485261,7,0
485254,485254,485261,7,0
485254,485254,485262,8,0
485254,485254,485262,8,0
485254,485254,485262,8,0
485254,485255,485264,9,1
485379,485379,485380,1,0
485379,485379,485380,1,0
485379,485379,485380,1,0
485379,485379,485382,3,0
485379,485380,485382,2,1
485379,485379,485382,3,0
485379,485379,485381,2,0
485379,485379,485382,3,0
485379,485379,485382,3,0
485379,485379,485382,3,0
485379,485379,485381,2,0
485379,485379,485382,3,0
485379,485380,485382,2,1
485379,485379,485381,2,0
485379,485379,485382,3,0
485379,485379,485382,3,0
485379,485381,485383,2,2
485379,485379,485384,5,0
485379,485382,485383,1,3
485379,485382,485383,1,3
485379,485382,485384,2,3
485379,485382,485384,2,3
485379,485379,485385,6,0
485379,485379,485385,6,0
485379,485379,485385,6,0
485379,485379,485386,7,0
485379,485379,485386,7,0
485379,485379,485386,7,0
485379,485379,485388,9,0
485379,485379,485387,8,0
485379,485379,485387,8,0
485504,485504,485505,1,0
485504,485504,485505,1,0
485504,485504,485506,2,0
485504,485504,485506,2,0
485504,485504,485506,2,0
485504,485504,485506,2,0
485504,485504,485506,2,0
485504,485504,485506,2,0
485504,485505,485507,2,1
485504,485504,485507,3,0
485504,485504,485507,3,0
485504,485504,485507,3,0
485504,485504,485507,3,0
485504,485505,485507,2,1
485504,485506,485507,1,2
485504,485506,485508,2,2
485504,485504,485508,4,0
485504,485506,485508,2,2
485504,485506,485508,2,2
485504,485507,485508,1,3
485504,485504,485509,5,0
485504,485504,485510,6,0
485504,485504,485509,5,0
485504,485504,485509,5,0
485504,485504,485511,7,0
485504,485504,485511,7,0
485504,485504,485512,8,0
485504,485504,485513,9,0
485504,485504,485513,9,0
485504,485504,485513,9,0
485504,485504,485514,10,0
485628,485628,485629,1,0
485628,485629,485630,1,1
485628,485629,485630,1,1
485628,485628,485630,2,0
485628,485628,485630,2,0
485628,485629,485630,1,1
485628,485628,485631,3,0
485628,485629,485631,2,1
485628,485629,485631,2,1
485628,485630,485631,1,2
485628,485629,485631,2,1
485628,485629,485631,2,1
485628,485629,485631,2,1
485628,485628,485632,4,0
485628,485631,485632,1,3
485628,485631,485632,1,3
485628,485631,485632,1,3
485628,485629,485632,3,1
485628,485631,485632,1,3
485628,485631,485632,1,3
485628,485632,485633,1,4
485628,485629,485633,4,1
485628,485629,485634,5,1
485628,485629,485634,5,1
485628,485628,485635,7,0
485628,485628,485635,7,0
485628,485628,485635,7,0
485628,485628,485636,8,0
485628,485628,485636,8,0
485628,485629,485637,8,1
485628,485628,485639,11,0
485754,485754,485755,1,0
485754,485754,485755,1,0
485754,485754,485756,2,0
485754,485754,485755,1,0
485754,485754,485755,1,0
485754,485754,485755,1,0
485754,485754,485756,2,0
485754,485754,485756,2,0
485754,485755,485756,1,1
485754,485755,485756,1,1
485754,485754,485756,2,0
485754,485754,485756,2,0
485754,485754,485756,2,0
485754,485755,485757,2,1
485754,485754,485757,3,0
485754,485754,485757,3,0
485754,485756,485758,2,2
485754,485756,485757,1,2
485754,485756,485758,2,2
485754,485756,485757,1,2
485754,485756,485757,1,2
485754,485756,485757,1,2
485754,485754,485758,4,0
485754,485754,485758,4,0
485754,485754,485760,6,0
485754,485754,485760,6,0
485754,485754,485761,7,0
485754,485754,485762,8,0
485754,485755,485762,7,1
485754,485754,485763,9,0
485754,485755,485763,8,1
485878,485878,485880,2,0
485878,485878,485879,1,0
485878,485878,485880,2,0
485878,485878,485880,2,0
485878,485878,485879,1,0
485878,485878,485880,2,0
485878,485878,485880,2,0
485878,485878,485880,2,0
485878,485878,485881,3,0
485878,485878,485881,3,0
485878,485878,485881,3,0
485878,485878,485880,2,0
485878,485878,485880,2,0
485878,485878,485881,3,0
485878,485880,485881,1,2
485878,485880,485881,1,2
485878,485880,485881,1,2
485878,485878,485881,3,0
485878,485880,485881,1,2
485878,485878,485881,3,0
485878,485880,485882,2,2
485878,485880,485881,1,2
485878,485880,485882,2,2
485878,485878,485883,5,0
485878,485878,485883,5,0
485878,485878,485884,6,0
485878,485878,485884,6,0
485878,485878,485885,7,0
485878,485878,485885,7,0
485878,485878,485885,7,0
485878,485878,485886,8,0
486006,486006,486008,2,0
486006,486006,486008,2,0
486006,486006,486008,2,0
486006,486006,486008,2,0
486006,486007,486008,1,1
486006,486006,486008,2,0
486006,486006,486008,2,0
486006,486006,486009,3,0
486006,486006,486009,3,0
486006,486006,486009,3,0
486006,486006,486009,3,0
486006,486006,486009,3,0
486006,486006,486009,3,0
486006,486006,486009,3,0
486006,486009,486010,1,3
486006,486009,486010,1,3
486006,486006,486010,4,0
486006,486009,486010,1,3
486006,486009,486010,1,3
486006,486006,486010,4,0
486006,486009,486010,1,3
486006,486006,486010,4,0
486006,486006,486010,4,0
486006,486009,486010,1,3
486006,486009,486010,1,3
486006,486006,486012,6,0
486006,486006,486012,6,0
486006,486006,486012,6,0
486006,486006,486013,7,0
486006,486006,486013,7,0
486006,486006,486015,9,0
486131,486131,486132,1,0
486131,486131,486133,2,0
486131,486131,486132,1,0
486131,486131,486132,1,0
486131,486131,486133,2,0
486131,486131,486132,1,0
486131,486131,486133,2,0
486131,486131,486132,1,0
486131,486131,486133,2,0
486131,486131,486133,2,0
486131,486131,486133,2,0
486131,486131,486134,3,0
486131,486131,486134,3,0
486131,486131,486133,2,0
486131,486131,486134,3,0
486131,486131,486134,3,0
486131,486133,486134,1,2
486131,486133,486134,1,2
486131,486133,486134,1,2
486131,486133,486134,1,2
486131,486133,486134,1,2
486131,486133,486134,1,2
486131,486133,486134,1,2
486131,486131,486136,5,0
486131,486131,486135,4,0
486131,486131,486135,4,0
486131,486131,486136,5,0
486131,486131,486138,7,0
486131,486131,486138,7,0
486131,486131,486139,8,0
486131,486131,486141,10,0
486262,486262,486263,1,0
486262,486262,486263,1,0
486262,486262,486264,2,0
486262,486262,486264,2,0
486262,486262,486263,1,0
486262,486262,486264,2,0
486262,486262,486264,2,0
486262,486262,486264,2,0
486262,486262,486264,2,0
486262,486262,486264,2,0
486262,486262,486264,2,0
486262,486262,486265,3,0
486262,486262,486265,3,0
486262,486262,486265,3,0
486262,486262,486266,4,0
486262,486262,486265,3,0
486262,486264,486266,2,2
486262,486262,486266,4,0
486262,486264,486266,2,2
486262,486264,486265,1,2
486262,486264,486266,2,2
486262,486264,486266,2,2
486262,486264,486266,2,2
486262,486264,486266,2,2
486262,486262,486267,5,0
486262,486262,486267,5,0
486262,486262,486267,5,0
486262,486262,486266,4,0
486262,486262,486268,6,0
486262,486262,486268,6,0
486262,486262,486272,10,0
486386,486386,486388,2,0
486386,486386,486388,2,0
486386,486386,486388,2,0
486386,486386,486388,2,0
486386,486386,486387,1,0
486386,486386,486388,2,0
486386,486386,486388,2,0
486386,486386,486388,2,0
486386,486386,486388,2,0
486386,486386,486388,2,0
486386,486386,486388,2,0
486386,486386,486388,2,0
486386,486386,486389,3,0
486386,486386,486389,3,0
486386,486386,486388,2,0
486386,486386,486390,4,0
486386,486386,486389,3,0
486386,486386,486389,3,0
486386,486386,486390,4,0
486386,486388,486390,2,2
486386,486386,486390,4,0
486386,486388,486390,2,2
486386,486388,486390,2,2
486386,486388,486389,1,2
486386,486386,486390,4,0
486386,486388,486389,1,2
486386,486388,486390,2,2
486386,486388,486390,2,2
486386,486386,486391,5,0
486386,486386,486391,5,0
486386,486386,486390,4,0
486395,486395,486396,1,0
486395,486395,486396,1,0
486395,486395,486397,2,0
486395,486395,486396,1,0
486395,486395,486396,1,0
486395,486395,486397,2,0
486395,486395,486397,2,0
486395,486395,486397,2,0
486395,486395,486396,1,0
486395,486395,486398,3,0
486395,486395,486398,3,0
486395,486395,486398,3,0
486395,486395,486397,2,0
486395,486395,486398,3,0
486395,486396,486397,1,1
486395,486395,486398,3,0
486395,486395,486398,3,0
486395,486397,486398,1,2
486395,486397,486398,1,2
486395,486395,486398,3,0
486395,486397,486398,1,2
486395,486395,486398,3,0
486395,486397,486399,2,2
486395,486395,486398,3,0
486395,486395,486399,4,0
486395,486397,486398,1,2
486395,486395,486399,4,0
486395,486395,486399,4,0
486395,486397,486398,1,2
486395,486395,486400,5,0
486395,486395,486400,5,0
486519,486519,486520,1,0
486519,486519,486520,1,0
486519,486519,486520,1,0
486519,486519,486520,1,0
486519,486519,486521,2,0
486519,486519,486521,2,0
486519,486519,486521,2,0
486519,486519,486521,2,0
486519,486519,486521,2,0
486519,486519,486521,2,0
486519,486519,486521,2,0
486519,486519,486522,3,0
486519,486519,486522,3,0
486519,486519,486522,3,0
486519,486519,486522,3,0
486519,486519,486522,3,0
486519,486520,486521,1,1
486519,486521,486522,1,2
486519,486519,486522,3,0
486519,486519,486522,3,0
486519,486519,486521,2,0
486519,486519,486523,4,0
486519,486519,486522,3,0
486519,486521,486522,1,2
486519,486521,486522,1,2
486519,486519,486523,4,0
486519,486519,486523,4,0
486519,486521,486523,2,2
486519,486521,486522,1,2
486519,486521,486522,1,2
486519,486519,486524,5,0
486528,486528,486529,1,0
486528,486528,486530,2,0
486528,486528,486530,2,0
486528,486528,486529,1,0
486528,486528,486529,1,0
486528,486528,486530,2,0
486528,486528,486530,2,0
486528,486528,486530,2,0
486528,486528,486530,2,0
486528,486528,486530,2,0
486528,486528,486530,2,0
486528,486528,486530,2,0
486528,486528,486531,3,0
486528,486528,486531,3,0
486528,486528,486531,3,0
486528,486529,486530,1,1
486528,486530,486531,1,2
486528,486528,486531,3,0
486528,486528,486530,2,0
486528,486528,486531,3,0
486528,486528,486531,3,0
486528,486528,486531,3,0
486528,486528,486531,3,0
486528,486530,486531,1,2
486528,486528,486531,3,0
486528,486530,486532,2,2
486528,486530,486531,1,2
486528,486530,486531,1,2
486528,486530,486531,1,2
486528,486528,486532,4,0
486528,486528,486533,5,0
486653,486653,486654,1,0
486653,486653,486654,1,0
486653,486653,486654,1,0
486653,486653,486654,1,0
486653,486653,486654,1,0
486653,486653,486655,2,0
486653,486653,486654,1,0
486653,486653,486654,1,0
486653,486653,486654,1,0
486653,486653,486655,2,0
486653,486653,486654,1,0
486653,486653,486655,2,0
486653,486653,486654,1,0
486653,486653,486655,2,0
486653,486653,486655,2,0
486653,486653,486656,3,0
486653,486653,486655,2,0
486653,486654,486655,1,1
486653,486653,486655,2,0
486653,486654,486655,1,1
486653,486655,486656,1,2
486653,486653,486656,3,0
486653,486655,486656,1,2
486653,486655,486656,1,2
486653,486653,486656,3,0
486653,486655,486656,1,2
486653,486653,486657,4,0
486653,486653,486656,3,0
486653,486655,486656,1,2
486653,486653,486657,4,0
486653,486653,486657,4,0
486777,486777,486778,1,0
486777,486777,486778,1,0
486777,486777,486778,1,0
486777,486777,486779,2,0
486777,486777,486778,1,0
486777,486777,486779,2,0
486777,486777,486779,2,0
486777,486777,486779,2,0
486777,486777,486779,2,0
486777,486777,486779,2,0
486777,486777,486778,1,0
486777,486777,486779,2,0
486777,486777,486779,2,0
486777,486777,486779,2,0
486777,486777,486779,2,0
486777,486777,486779,2,0
486777,486777,486779,2,0
486777,486778,486779,1,1
486777,486777,486779,2,0
486777,486777,486780,3,0
486777,486779,486780,1,2
486777,486777,486780,3,0
486777,486779,486781,2,2
486777,486777,486780,3,0
486777,486777,486780,3,0
486777,486779,486780,1,2
486777,486779,486780,1,2
486777,486779,486780,1,2
486777,486779,486780,1,2
486777,486777,486782,5,0
486777,486777,486782,5,0
486905,486905,486906,1,0
486905,486905,486906,1,0
486905,486905,486906,1,0
486905,486905,486906,1,0
486905,486905,486906,1,0
486905,486905,486906,1,0
486905,486905,486907,2,0
486905,486905,486906,1,0
486905,486905,486906,1,0
486905,486905,486906,1,0
486905,486905,486906,1,0
486905,486905,486906,1,0
486905,486905,486907,2,0
486905,486905,486906,1,0
486905,486905,486907,2,0
486905,486905,486907,2,0
486905,486905,486907,2,0
486905,486905,486906,1,0
486905,486905,486907,2,0
486905,486905,486906,1,0
486905,486906,486907,1,1
486905,486906,486907,1,1
486905,486905,486908,3,0
486905,486905,486909,4,0
486905,486907,486908,1,2
486905,486905,486909,4,0
486905,486907,486908,1,2
486905,486905,486908,3,0
486905,486907,486908,1,2
486905,486907,486908,1,2
486905,486907,486908,1,2
486912,486912,486913,1,0
486912,486912,486913,1,0
486912,486912,486913,1,0
486912,486912,486914,2,0
486912,486912,486914,2,0
486912,486912,486914,2,0
486912,486912,486914,2,0
486912,486912,486914,2,0
486912,486912,486914,2,0
486912,486912,486914,2,0
486912,486912,486914,2,0
486912,486912,486914,2,0
486912,486912,486914,2,0
486912,486912,486914,2,0
486912,486912,486914,2,0
486912,486912,486913,1,0
486912,486912,486914,2,0
486912,486912,486914,2,0
486912,486912,486915,3,0
486912,486912,486915,3,0
486912,486912,486914,2,0
486912,486912,486915,3,0
486912,486912,486915,3,0
486912,486913,486914,1,1
486912,486913,486914,1,1
486912,486914,486915,1,2
486912,486913,486914,1,1
486912,486912,486916,4,0
486912,486914,486916,2,2
486912,486914,486916,2,2
486912,486915,486916,1,3
486920,486920,486921,1,0
486920,486920,486922,2,0
486920,486920,486922,2,0
486920,486920,486921,1,0
486920,486920,486921,1,0
486920,486920,486921,1,0
486920,486920,486921,1,0
486920,486920,486922,2,0
486920,486920,486921,1,0
486920,486920,486922,2,0
486920,486920,486922,2,0
486920,486920,486921,1,0
486920,486920,486921,1,0
486920,486920,486922,2,0
486920,486920,486922,2,0
486920,486920,486922,2,0
486920,486920,486921,1,0
486920,486920,486922,2,0
486920,486920,486922,2,0
486920,486920,486922,2,0
486920,486920,486921,1,0
486920,486920,486922,2,0
486920,486920,486922,2,0
486920,486920,486922,2,0
486920,486922,486923,1,2
486920,486922,486923,1,2
486920,486922,486923,1,2
486920,486922,486923,1,2
486920,486922,486923,1,2
486920,486922,486923,1,2
486920,486922,486923,1,2
486928,486928,486929,1,0
486928,486928,486929,1,0
486928,486928,486929,1,0
486928,486928,486929,1,0
486928,486928,486929,1,0
486928,486928,486929,1,0
486928,486928,486929,1,0
486928,486928,486929,1,0
486928,486928,486929,1,0
486928,486928,486930,2,0
486928,486928,486930,2,0
486928,486928,486929,1,0
486928,486928,486929,1,0
486928,486928,486929,1,0
486928,486928,486929,1,0
486928,486928,486929,1,0
486928,486928,486930,2,0
486928,486928,486930,2,0
486928,486929,486930,1,1
486928,486928,486930,2,0
486928,486928,486930,2,0
486928,486928,486930,2,0
486928,486928,486930,2,0
486928,486930,486931,1,2
486928,486928,486930,2,0
486928,486930,486931,1,2
486928,486928,486931,3,0
486928,486930,486931,1,2
486928,486930,486931,1,2
486928,486930,486931,1,2
486928,486930,486931,1,2
487176,487176,487177,1,0
487176,487176,487177,1,0
487176,487176,487177,1,0
487176,487176,487178,2,0
487176,487176,487178,2,0
487176,487176,487178,2,0
487176,487176,487178,2,0
487176,487176,487178,2,0
487176,487176,487178,2,0
487176,487176,487178,2,0
487176,487176,487178,2,0
487176,487176,487178,2,0
487176,487176,487178,2,0
487176,487176,487178,2,0
487176,487176,487178,2,0
487176,487176,487178,2,0
487176,487176,487179,3,0
487176,487177,487178,1,1
487176,487177,487179,2,1
487176,487176,487179,3,0
487176,487177,487178,1,1
487176,487178,487179,1,2
487176,487176,487179,3,0
487176,487176,487180,4,0
487176,487176,487180,4,0
487176,487178,487180,2,2
487176,487176,487180,4,0
487176,487176,487180,4,0
487176,487178,487180,2,2
487176,487176,487180,4,0
487176,487178,487180,2,2
487301,487301,487302,1,0
487301,487301,487302,1,0
487301,487301,487303,2,0
487301,487301,487302,1,0
487301,487301,487302,1,0
487301,487301,487302,1,0
487301,487301,487303,2,0
487301,487301,487302,1,0
487301,487301,487302,1,0
487301,487301,487302,1,0
487301,487302,487303,1,1
487301,487301,487303,2,0
487301,487301,487303,2,0
487301,487301,487303,2,0
487301,487301,487302,1,0
487301,487301,487302,1,0
487301,487301,487303,2,0
487301,487301,487303,2,0
487301,487301,487303,2,0
487301,487301,487303,2,0
487301,487301,487303,2,0
487301,487301,487304,3,0
487301,487301,487303,2,0
487301,487301,487303,2,0
487301,487303,487304,1,2
487301,487303,487304,1,2
487301,487303,487304,1,2
487301,487303,487304,1,2
487301,487303,487304,1,2
487301,487303,487304,1,2
487301,487301,487305,4,0
487426,487426,487427,1,0
487426,487426,487427,1,0
487426,487426,487428,2,0
487426,487426,487427,1,0
487426,487426,487427,1,0
487426,487426,487427,1,0
487426,487426,487428,2,0
487426,487426,487428,2,0
487426,487426,487428,2,0
487426,487426,487427,1,0
487426,487426,487427,1,0
487426,487426,487428,2,0
487426,487426,487428,2,0
487426,487426,487428,2,0
487426,487426,487427,1,0
487426,487426,487428,2,0
487426,487426,487427,1,0
487426,487427,487428,1,1
487426,487428,487429,1,2
487426,487426,487428,2,0
487426,487426,487429,3,0
487426,487426,487428,2,0
487426,487426,487429,3,0
487426,487426,487430,4,0
487426,487426,487430,4,0
487426,487428,487429,1,2
487426,487428,487429,1,2
487426,487426,487430,4,0
487426,487428,487429,1,2
487426,487428,487429,1,2
487426,487428,487429,1,2
487550,487550,487551,1,0
487550,487550,487551,1,0
487550,487550,487551,1,0
487550,487550,487552,2,0
487550,487550,487551,1,0
487550,487550,487551,1,0
487550,487550,487551,1,0
487550,487550,487551,1,0
487550,487551,487552,1,1
487550,487550,487551,1,0
487550,487550,487551,1,0
487550,487550,487551,1,0
487550,487550,487552,2,0
487550,487550,487552,2,0
487550,487550,487551,1,0
487550,487550,487551,1,0
487550,487550,487551,1,0
487550,487550,487551,1,0
487550,487550,487551,1,0
487550,487550,487551,1,0
487550,487551,487552,1,1
487550,487550,487552,2,0
487550,487550,487552,2,0
487550,487550,487553,3,0
487550,487552,487553,1,2
487550,487552,487553,1,2
487550,487552,487553,1,2
487550,487550,487552,2,0
487550,487552,487553,1,2
487550,487552,487553,1,2
487550,487550,487554,4,0
487676,487676,487677,1,0
487676,487676,487677,1,0
487676,487676,487677,1,0
487676,487676,487677,1,0
487676,487676,487678,2,0
487676,487676,487677,1,0
487676,487676,487677,1,0
487676,487676,487677,1,0
487676,487676,487677,1,0
487676,487676,487677,1,0
487676,487676,487678,2,0
487676,487676,487678,2,0
487676,487676,487677,1,0
487676,487676,487677,1,0
487676,487676,487678,2,0
487676,487676,487677,1,0
487676,487676,487677,1,0
487676,487676,487678,2,0
487676,487676,487679,3,0
487676,487676,487678,2,0
487676,487676,487678,2,0
487676,487676,487678,2,0
487676,487678,487679,1,2
487676,487678,487679,1,2
487676,487676,487679,3,0
487676,487678,487679,1,2
487676,487678,487679,1,2
487676,487678,487679,1,2
487676,487676,487679,3,0
487676,487678,487680,2,2
487676,487678,487679,1,2
487801,487801,487802,1,0
487801,487801,487802,1,0
487801,487801,487802,1,0
487801,487801,487803,2,0
487801,487801,487803,2,0
487801,487801,487803,2,0
487801,487801,487803,2,0
487801,487801,487803,2,0
487801,487801,487803,2,0
487801,487801,487802,1,0
487801,487801,487803,2,0
487801,487802,487803,1,1
487801,487801,487803,2,0
487801,487801,487803,2,0
487801,487802,487803,1,1
487801,487801,487803,2,0
487801,487802,487803,1,1
487801,487801,487803,2,0
487801,487801,487803,2,0
487801,487803,487804,1,2
487801,487801,487804,3,0
487801,487801,487804,3,0
487801,487801,487805,4,0
487801,487801,487804,3,0
487801,487804,487805,1,3
487801,487801,487805,4,0
487928,487928,487929,1,0
487928,487928,487930,2,0
487928,487928,487929,1,0
487928,487928,487929,1,0
487928,487928,487931,3,0
487928,487928,487930,2,0
487928,487928,487930,2,0
487928,487928,487931,3,0
487928,487930,487931,1,2
487928,487928,487930,2,0
487928,487928,487931,3,0
487928,487930,487932,2,2
487928,487930,487931,1,2
487928,487928,487932,4,0
487928,487930,487931,1,2
487928,487928,487932,4,0
487928,487931,487932,1,3
487928,487931,487932,1,3
487928,487928,487932,4,0
487928,487928,487932,4,0
487928,487928,487932,4,0
487928,487931,487933,2,3
487928,487928,487934,6,0
487928,487928,487933,5,0
487928,487928,487934,6,0
487928,487928,487934,6,0
487928,487928,487936,8,0
487928,487928,487936,8,0
487928,487928,487935,7,0
487928,487928,487937,9,0
487928,487928,487937,9,0
488053,488053,488054,1,0
488053,488053,488054,1,0
488053,488053,488055,2,0
488053,488053,488056,3,0
488053,488053,488055,2,0
488053,488053,488055,2,0
488053,488053,488056,3,0
488053,488053,488056,3,0
488053,488053,488056,3,0
488053,488053,488056,3,0
488053,488053,488056,3,0
488053,488055,488057,2,2
488053,488053,488057,4,0
488053,488055,488057,2,2
488053,488053,488057,4,0
488053,488056,488057,1,3
488053,488056,488057,1,3
488053,488053,488058,5,0
488053,488056,488057,1,3
488053,488055,488057,2,2
488053,488056,488058,2,3
488053,488053,488058,5,0
488053,488053,488059,6,0
488053,488053,488059,6,0
488053,488053,488059,6,0
488053,488053,488060,7,0
488053,488053,488060,7,0
488053,488053,488060,7,0
488053,488053,488062,9,0
488053,488053,488062,9,0
488053,488053,488062,9,0
488177,488177,488178,1,0
488177,488177,488179,2,0
488177,488177,488179,2,0
488177,488177,488179,2,0
488177,488177,488179,2,0
488177,488177,488179,2,0
488177,488177,488179,2,0
488177,488177,488180,3,0
488177,488177,488181,4,0
488177,488179,488181,2,2
488177,488177,488181,4,0
488177,488177,488181,4,0
488177,488179,488181,2,2
488177,488179,488181,2,2
488177,488180,488181,1,3
488177,488177,488181,4,0
488177,488177,488180,3,0
488177,488179,488181,2,2
488177,488179,488181,2,2
488177,488177,488182,5,0
488177,488180,488182,2,3
488177,488177,488182,5,0
488177,488177,488184,7,0
488177,488177,488184,7,0
488177,488177,488184,7,0
488177,488177,488183,6,0
488177,488177,488184,7,0
488177,488177,488185,8,0
488177,488177,488185,8,0
488177,488177,488188,11,0
488177,488177,488188,11,0
488309,488309,488310,1,0
488309,488309,488310,1,0
488309,488309,488311,2,0
488309,488309,488311,2,0
488309,488309,488311,2,0
488309,488309,488312,3,0
488309,488310,488312,2,1
488309,488309,488312,3,0
488309,488309,488312,3,0
488309,488309,488312,3,0
488309,488309,488312,3,0
488309,488309,488313,4,0
488309,488311,488313,2,2
488309,488309,488312,3,0
488309,488312,488313,1,3
488309,488311,488313,2,2
488309,488309,488313,4,0
488309,488311,488313,2,2
488309,488312,488313,1,3
488309,488309,488313,4,0
488309,488309,488314,5,0
488309,488312,488314,2,3
488309,488309,488316,7,0
488309,488309,488316,7,0
488309,488309,488315,6,0
488309,488309,488316,7,0
488309,488309,488317,8,0
488309,488309,488317,8,0
488309,488309,488318,9,0
488309,488309,488320,11,0
488309,488309,488320,11,0
488435,488435,488437,2,0
488435,488435,488437,2,0
488435,488436,488437,1,1
488435,488435,488437,2,0
488435,488435,488438,3,0
488435,488436,488438,2,1
488435,488436,488439,3,1
488435,488436,488438,2,1
488435,488436,488438,2,1
488435,488436,488438,2,1
488435,488436,488439,3,1
488435,488438,488439,1,3
488435,488436,488439,3,1
488435,488438,488439,1,3
488435,488436,488439,3,1
488435,488438,488439,1,3
488435,488438,488439,1,3
488435,488439,488440,1,4
488435,488439,488440,1,4
488435,488436,488440,4,1
488435,488439,488440,1,4
488435,488435,488442,7,0
488435,488436,488442,6,1
488435,488436,488442,6,1
488435,488435,488442,7,0
488435,488436,488443,7,1
488435,488435,488443,8,0
488435,488435,488444,9,0
488435,488436,488445,9,1
488435,488436,488446,10,1
488435,488436,488447,11,1
488560,488560,488561,1,0
488560,488560,488561,1,0
488560,488560,488561,1,0
488560,488560,488562,2,0
488560,488560,488562,2,0
488560,488560,488562,2,0
488560,488560,488563,3,0
488560,488560,488562,2,0
488560,488560,488563,3,0
488560,488562,488563,1,2
488560,488562,488563,1,2
488560,488562,488563,1,2
488560,488560,488563,3,0
488560,488560,488564,4,0
488560,488560,488563,3,0
488560,488562,488563,1,2
488560,488563,488564,1,3
488560,488563,488565,2,3
488560,488563,488564,1,3
488560,488560,488567,7,0
488560,488560,488567,7,0
488560,488560,488567,7,0
488560,488560,488567,7,0
488560,488560,488567,7,0
488560,488560,488567,7,0
488560,488560,488567,7,0
488560,488560,488567,7,0
488560,488560,488568,8,0
488560,488560,488569,9,0
488560,488560,488569,9,0
488560,488560,488571,11,0
488684,488684,488685,1,0
488684,488684,488685,1,0
488684,488684,488685,1,0
488684,488684,488686,2,0
488684,488684,488687,3,0
488684,488684,488687,3,0
488684,488684,488686,2,0
488684,488684,488686,2,0
488684,488684,488688,4,0
488684,488686,488688,2,2
488684,488684,488687,3,0
488684,488686,488687,1,2
488684,488684,488687,3,0
488684,488686,488687,1,2
488684,488684,488689,5,0
488684,488687,488689,2,3
488684,488687,488688,1,3
488684,488684,488689,5,0
488684,488687,488689,2,3
488684,488687,488688,1,3
488684,488684,488690,6,0
488684,488684,488691,7,0
488684,488684,488691,7,0
488684,488684,488691,7,0
488684,488684,488692,8,0
488684,488684,488692,8,0
488684,488684,488691,7,0
488684,488684,488693,9,0
488684,488684,488694,10,0
488684,488684,488695,11,0
488684,488684,488694,10,0
488813,488813,488814,1,0
488813,488813,488814,1,0
488813,488813,488814,1,0
488813,488813,488815,2,0
488813,488813,488816,3,0
488813,488813,488815,2,0
488813,488813,488815,2,0
488813,488813,488815,2,0
488813,488813,488816,3,0
488813,488815,488816,1,2
488813,488815,488816,1,2
488813,488815,488816,1,2
488813,488815,488816,1,2
488813,488813,488817,4,0
488813,488816,488817,1,3
488813,488813,488817,4,0
488813,488816,488818,2,3
488813,488816,488817,1,3
488813,488813,488819,6,0
488813,488813,488819,6,0
488813,488813,488820,7,0
488813,488813,488820,7,0
488813,488813,488820,7,0
488813,488813,488820,7,0
488813,488813,488821,8,0
488813,488813,488821,8,0
488813,488813,488821,8,0
488813,488813,488823,10,0
488813,488813,488822,9,0
488813,488813,488824,11,0
488813,488813,488824,11,0
488940,488940,488941,1,0
488940,488940,488941,1,0
488940,488940,488942,2,0
488940,488940,488943,3,0
488940,488940,488942,2,0
488940,488940,488943,3,0
488940,488940,488943,3,0
488940,488940,488943,3,0
488940,488940,488943,3,0
488940,488941,488943,2,1
488940,488942,488944,2,2
488940,488942,488943,1,2
488940,488940,488944,4,0
488940,488940,488944,4,0
488940,488940,488943,3,0
488940,488943,488944,1,3
488940,488943,488945,2,3
488940,488943,488945,2,3
488940,488940,488945,5,0
488940,488943,488945,2,3
488940,488940,488945,5,0
488940,488940,488946,6,0
488940,488940,488946,6,0
488940,488940,488947,7,0
488940,488940,488948,8,0
488940,488940,488949,9,0
488940,488940,488948,8,0
488940,488940,488949,9,0
488940,488940,488950,10,0
488940,488940,488949,9,0
488940,488940,488951,11,0
489065,489065,489066,1,0
489065,489065,489066,1,0
489065,489065,489066,1,0
489065,489065,489068,3,0
489065,489065,489068,3,0
489065,489065,489067,2,0
489065,489065,489068,3,0
489065,489065,489067,2,0
489065,489065,489067,2,0
489065,489065,489069,4,0
489065,489067,489068,1,2
489065,489067,489069,2,2
489065,489067,489068,1,2
489065,489065,489068,3,0
489065,489068,489069,1,3
489065,489065,489070,5,0
489065,489068,489070,2,3
489065,489068,489069,1,3
489065,489068,489069,1,3
489065,489065,489070,5,0
489065,489065,489070,5,0
489065,489065,489071,6,0
489065,489065,489070,5,0
489065,489065,489072,7,0
489065,489065,489072,7,0
489065,489065,489072,7,0
489065,489065,489074,9,0
489065,489065,489074,9,0
489065,489065,489075,10,0
489065,489065,489074,9,0
489065,489065,489075,10,0
489192,489192,489193,1,0
489192,489192,489193,1,0
489192,489192,489193,1,0
489192,489192,489195,3,0
489192,489193,489195,2,1
489192,489192,489194,2,0
489192,489192,489194,2,0
489192,489192,489194,2,0
489192,489192,489194,2,0
489192,489192,489194,2,0
489192,489194,489195,1,2
489192,489192,489196,4,0
489192,489192,489195,3,0
489192,489192,489196,4,0
489192,489194,489195,1,2
489192,489195,489196,1,3
489192,489195,489197,2,3
489192,489195,489197,2,3
489192,489195,489196,1,3
489192,489192,489198,6,0
489192,489192,489198,6,0
489192,489192,489197,5,0
489192,489192,489199,7,0
489192,489192,489198,6,0
489192,489192,489199,7,0
489192,489192,489199,7,0
489192,489192,489198,6,0
489192,489192,489199,7,0
489192,489192,489201,9,0
489192,489192,489201,9,0
489192,489192,489202,10,0
489316,489316,489317,1,0
489316,489316,489317,1,0
489316,489316,489317,1,0
489316,489316,489319,3,0
489316,489317,489319,2,1
489316,489316,489319,3,0
489316,489316,489319,3,0
489316,489317,489319,2,1
489316,489316,489319,3,0
489316,489316,489319,3,0
489316,489316,489319,3,0
489316,489316,489320,4,0
489316,489318,489319,1,2
489316,489319,489320,1,3
489316,489316,489320,4,0
489316,489316,489321,5,0
489316,489316,489321,5,0
489316,489319,489320,1,3
489316,489316,489321,5,0
489316,489319,489321,2,3
489316,489319,489321,2,3
489316,489316,489322,6,0
489316,489316,489322,6,0
489316,489316,489322,6,0
489316,489316,489323,7,0
489316,489316,489323,7,0
489316,489316,489324,8,0
489316,489316,489324,8,0
489316,489316,489324,8,0
489316,489316,489325,9,0
489316,489316,489326,10,0
489440,489440,489441,1,0
489440,489440,489442,2,0
489440,489440,489442,2,0
489440,489440,489443,3,0
489440,489440,489443,3,0
489440,489440,489443,3,0
489440,489440,489443,3,0
489440,489440,489443,3,0
489440,489440,489443,3,0
489440,489440,489444,4,0
489440,489442,489444,2,2
489440,489442,489444,2,2
489440,489443,489444,1,3
489440,489442,489444,2,2
489440,489440,489444,4,0
489440,489440,489445,5,0
489440,489444,489445,1,4
489440,489444,489445,1,4
489440,489444,489445,1,4
489440,489440,489446,6,0
489440,489440,489446,6,0
489440,489440,489445,5,0
489440,489440,489446,6,0
489440,489440,489446,6,0
489440,489440,489446,6,0
489440,489440,489447,7,0
489440,489440,489447,7,0
489440,489440,489447,7,0
489440,489440,489448,8,0
489440,489440,489450,10,0
489440,489440,489451,11,0
489566,489566,489567,1,0
489566,489566,489567,1,0
489566,489566,489567,1,0
489566,489566,489568,2,0
489566,489567,489568,1,1
489566,489566,489568,2,0
489566,489566,489568,2,0
489566,489566,489568,2,0
489566,489566,489568,2,0
489566,489566,489569,3,0
489566,489568,489569,1,2
489566,489566,489570,4,0
489566,489568,489569,1,2
489566,489566,489569,3,0
489566,489569,489570,1,3
489566,489566,489570,4,0
489566,489569,489570,1,3
489566,489566,489571,5,0
489566,489569,489570,1,3
489566,489569,489570,1,3
489566,489566,489571,5,0
489566,489566,489572,6,0
489566,489566,489571,5,0
489566,489566,489572,6,0
489566,489566,489571,5,0
489566,489566,489572,6,0
489566,489566,489572,6,0
489566,489566,489572,6,0
489566,489566,489572,6,0
489566,489566,489575,9,0
489566,489566,489576,10,0
489690,489690,489691,1,0
489690,489690,489691,1,0
489690,489690,489691,1,0
489690,489690,489692,2,0
489690,489690,489692,2,0
489690,489690,489692,2,0
489690,489690,489693,3,0
489690,489690,489692,2,0
489690,489690,489693,3,0
489690,489692,489693,1,2
489690,489692,489693,1,2
489690,489690,489693,3,0
489690,489692,489693,1,2
489690,489690,489695,5,0
489690,489693,489694,1,3
489690,489690,489694,4,0
489690,489690,489694,4,0
489690,489693,489694,1,3
489690,489693,489694,1,3
489690,489693,489694,1,3
489690,489690,489696,6,0
489690,489690,489696,6,0
489690,489690,489695,5,0
489690,489690,489695,5,0
489690,489690,489696,6,0
489690,489690,489697,7,0
489690,489690,489698,8,0
489690,489690,489697,7,0
489690,489690,489697,7,0
489690,489690,489701,11,0
489690,489690,489700,10,0
489814,489814,489815,1,0
489814,489814,489815,1,0
489814,489814,489816,2,0
489814,489814,489816,2,0
489814,489814,489816,2,0
489814,489814,489817,3,0
489814,489814,489816,2,0
489814,489814,489816,2,0
489814,489814,489817,3,0
489814,489816,489817,1,2
489814,489816,489817,1,2
489814,489816,489817,1,2
489814,489817,489818,1,3
489814,489814,489819,5,0
489814,489817,489819,2,3
489814,489814,489819,5,0
489814,489814,489819,5,0
489814,489817,489819,2,3
489814,489814,489818,4,0
489814,489817,489818,1,3
489814,489814,489819,5,0
489814,489814,489819,5,0
489814,489814,489819,5,0
489814,489814,489819,5,0
489814,489814,489821,7,0
489814,489814,489821,7,0
489814,489814,489822,8,0
489814,489814,489823,9,0
489814,489814,489825,11,0
489814,489814,489825,11,0
489814,489814,489825,11,0
489939,489940,489941,1,1
489939,489940,489941,1,1
489939,489940,489941,1,1
489939,489940,489942,2,1
489939,489940,489942,2,1
489939,489940,489942,2,1
489939,489940,489942,2,1
489939,489940,489942,2,1
489939,489940,489943,3,1
489939,489942,489943,1,3
489939,489942,489943,1,3
489939,489942,489943,1,3
489939,489943,489944,1,4
489939,489940,489945,5,1
489939,489943,489944,1,4
489939,489940,489944,4,1
489939,489943,489944,1,4
489939,489940,489945,5,1
489939,489940,489944,4,1
489939,489943,489944,1,4
489939,489940,489945,5,1
489939,489940,489945,5,1
489939,489940,489945,5,1
489939,489940,489946,6,1
489939,489940,489945,5,1
489939,489940,489946,6,1
489939,489940,489946,6,1
489939,489940,489947,7,1
489939,489940,489949,9,1
489939,489940,489950,10,1
489939,489940,489950,10,1
490073,490073,490074,1,0
490073,490073,490075,2,0
490073,490073,490074,1,0
490073,490073,490076,3,0
490073,490073,490076,3,0
490073,490073,490076,3,0
490073,490073,490076,3,0
490073,490073,490076,3,0
490073,490074,490076,2,1
490073,490073,490076,3,0
490073,490075,490077,2,2
490073,490075,490077,2,2
490073,490073,490078,5,0
490073,490073,490078,5,0
490073,490073,490078,5,0
490073,490076,490078,2,3
490073,490073,490078,5,0
490073,490076,490078,2,3
490073,490073,490078,5,0
490073,490076,490078,2,3
490073,490073,490078,5,0
490073,490076,490078,2,3
490073,490073,490079,6,0
490073,490073,490079,6,0
490073,490073,490079,6,0
490073,490073,490079,6,0
490073,490073,490081,8,0
490073,490073,490082,9,0
490073,490073,490083,10,0
490073,490073,490083,10,0
490073,490073,490084,11,0
490208,490208,490210,2,0
490208,490208,490209,1,0
490208,490208,490209,1,0
490208,490208,490211,3,0
490208,490208,490211,3,0
490208,490208,490211,3,0
490208,490208,490211,3,0
490208,490208,490210,2,0
490208,490208,490211,3,0
490208,490210,490212,2,2
490208,490210,490212,2,2
490208,490210,490212,2,2
490208,490208,490213,5,0
490208,490211,490213,2,3
490208,490211,490213,2,3
490208,490208,490213,5,0
490208,490211,490212,1,3
490208,490211,490212,1,3
490208,490208,490213,5,0
490208,490208,490214,6,0
490208,490208,490214,6,0
490208,490208,490214,6,0
490208,490208,490214,6,0
490208,490208,490214,6,0
490208,490208,490213,5,0
490208,490208,490215,7,0
490208,490208,490216,8,0
490208,490208,490218,10,0
490208,490208,490218,10,0
490208,490208,490217,9,0
490208,490208,490219,11,0
490331,490331,490333,2,0
490331,490331,490333,2,0
490331,490332,490333,1,1
490331,490331,490333,2,0
490331,490332,490334,2,1
490331,490332,490334,2,1
490331,490332,490334,2,1
490331,490332,490335,3,1
490331,490334,490335,1,3
490331,490334,490335,1,3
490331,490334,490335,1,3
490331,490334,490335,1,3
490331,490331,490336,5,0
490331,490332,490336,4,1
490331,490335,490336,1,4
490331,490332,490336,4,1
490331,490335,490336,1,4
490331,490332,490336,4,1
490331,490332,490336,4,1
490331,490332,490336,4,1
490331,490335,490336,1,4
490331,490332,490337,5,1
490331,490331,490337,6,0
490331,490332,490337,5,1
490331,490332,490338,6,1
490331,490331,490339,8,0
490331,490332,490339,7,1
490331,490331,490340,9,0
490331,490332,490341,9,1
490331,490332,490341,9,1
490331,490332,490342,10,1
490456,490456,490457,1,0
490456,490456,490458,2,0
490456,490456,490458,2,0
490456,490456,490458,2,0
490456,490456,490459,3,0
490456,490456,490458,2,0
490456,490456,490459,3,0
490456,490456,490460,4,0
490456,490458,490460,2,2
490456,490456,490460,4,0
490456,490458,490460,2,2
490456,490458,490460,2,2
490456,490458,490460,2,2
490456,490456,490461,5,0
490456,490456,490461,5,0
490456,490459,490461,2,3
490456,490456,490461,5,0
490456,490456,490461,5,0
490456,490460,490461,1,4
490456,490460,490461,1,4
490456,490456,490462,6,0
490456,490456,490462,6,0
490456,490456,490462,6,0
490456,490456,490462,6,0
490456,490456,490462,6,0
490456,490456,490462,6,0
490456,490456,490465,9,0
490456,490456,490465,9,0
490456,490456,490465,9,0
490456,490456,490466,10,0
490456,490456,490467,11,0
490581,490581,490582,1,0
490581,490581,490582,1,0
490581,490581,490583,2,0
490581,490581,490583,2,0
490581,490581,490583,2,0
490581,490581,490584,3,0
490581,490581,490583,2,0
490581,490581,490584,3,0
490581,490581,490585,4,0
490581,490583,490584,1,2
490581,490581,490585,4,0
490581,490583,490585,2,2
490581,490583,490585,2,2
490581,490584,490585,1,3
490581,490581,490586,5,0
490581,490581,490585,4,0
490581,490584,490586,2,3
490581,490581,490586,5,0
490581,490584,490586,2,3
490581,490581,490586,5,0
490581,490584,490585,1,3
490581,490581,490586,5,0
490581,490581,490587,6,0
490581,490581,490588,7,0
490581,490581,490588,7,0
490581,490581,490589,8,0
490581,490581,490589,8,0
490581,490581,490590,9,0
490581,490581,490590,9,0
490581,490581,490590,9,0
490581,490581,490591,10,0
490706,490706,490707,1,0
490706,490706,490707,1,0
490706,490706,490708,2,0
490706,490706,490708,2,0
490706,490706,490708,2,0
490706,490706,490708,2,0
490706,490706,490708,2,0
490706,490706,490709,3,0
490706,490706,490709,3,0
490706,490708,490709,1,2
490706,490708,490710,2,2
490706,490708,490709,1,2
490706,490708,490709,1,2
490706,490709,490710,1,3
490706,490706,490710,4,0
490706,490709,490710,1,3
490706,490709,490710,1,3
490706,490706,490711,5,0
490706,490706,490711,5,0
490706,490706,490712,6,0
490706,490706,490713,7,0
490706,490706,490713,7,0
490706,490706,490714,8,0
490706,490706,490713,7,0
490706,490706,490714,8,0
490706,490706,490714,8,0
490706,490706,490715,9,0
490706,490706,490715,9,0
490706,490706,490716,10,0
490706,490706,490717,11,0
490706,490706,490717,11,0
490830,490830,490832,2,0
490830,490830,490832,2,0
490830,490830,490832,2,0
490830,490830,490832,2,0
490830,490830,490833,3,0
490830,490830,490833,3,0
490830,490830,490834,4,0
490830,490832,490834,2,2
490830,490830,490833,3,0
490830,490832,490834,2,2
490830,490830,490834,4,0
490830,490830,490834,4,0
490830,490833,490834,1,3
490830,490830,490835,5,0
490830,490833,490835,2,3
490830,490834,490835,1,4
490830,490832,490834,2,2
490830,490833,490835,2,3
490830,490830,490835,5,0
490830,490830,490835,5,0
490830,490830,490836,6,0
490830,490830,490837,7,0
490830,490830,490837,7,0
490830,490830,490837,7,0
490830,490830,490838,8,0
490830,490830,490838,8,0
490830,490830,490839,9,0
490830,490830,490839,9,0
490830,490830,490839,9,0
490830,490830,490841,11,0
490830,490830,490841,11,0
490954,490954,490955,1,0
490954,490954,490955,1,0
490954,490954,490955,1,0
490954,490954,490957,3,0
490954,490954,490956,2,0
490954,490954,490956,2,0
490954,490954,490957,3,0
490954,490956,490957,1,2
490954,490954,490957,3,0
490954,490954,490957,3,0
490954,490954,490957,3,0
490954,490956,490957,1,2
490954,490956,490957,1,2
490954,490954,490958,4,0
490954,490957,490958,1,3
490954,490954,490958,4,0
490954,490958,490959,1,4
490954,490954,490959,5,0
490954,490957,490958,1,3
490954,490957,490958,1,3
490954,490954,490959,5,0
490954,490954,490959,5,0
490954,490954,490960,6,0
490954,490954,490962,8,0
490954,490954,490962,8,0
490954,490954,490961,7,0
490954,490954,490962,8,0
490954,490954,490962,8,0
490954,490954,490963,9,0
490954,490954,490963,9,0
490954,490954,490965,11,0
491078,491078,491079,1,0
491078,491078,491079,1,0
491078,491078,491080,2,0
491078,491078,491081,3,0
491078,491078,491080,2,0
491078,491078,491081,3,0
491078,491080,491081,1,2
491078,491078,491081,3,0
491078,491080,491081,1,2
491078,491078,491081,3,0
491078,491080,491081,1,2
491078,491078,491082,4,0
491078,491078,491082,4,0
491078,491081,491082,1,3
491078,491078,491082,4,0
491078,491078,491082,4,0
491078,491081,491082,1,3
491078,491078,491082,4,0
491078,491082,491083,1,4
491078,491078,491084,6,0
491078,491078,491084,6,0
491078,491082,491084,2,4
491078,491078,491083,5,0
491078,491078,491086,8,0
491078,491078,491086,8,0
491078,491078,491085,7,0
491078,491078,491086,8,0
491078,491078,491086,8,0
491078,491078,491088,10,0
491078,491078,491088,10,0
491078,491078,491089,11,0
491203,491203,491205,2,0
491203,491203,491205,2,0
491203,491203,491205,2,0
491203,491203,491206,3,0
491203,491203,491206,3,0
491203,491203,491206,3,0
491203,491203,491206,3,0
491203,491203,491206,3,0
491203,491203,491206,3,0
491203,491205,491207,2,2
491203,491205,491206,1,2
491203,491203,491207,4,0
491203,491205,491207,2,2
491203,491203,491208,5,0
491203,491203,491208,5,0
491203,491206,491208,2,3
491203,491206,491208,2,3
491203,491206,491207,1,3
491203,491203,491208,5,0
491203,491203,491208,5,0
491203,491206,491208,2,3
491203,491203,491209,6,0
491203,491203,491210,7,0
491203,491203,491211,8,0
491203,491203,491211,8,0
491203,491203,491211,8,0
491203,491203,491211,8,0
491203,491203,491212,9,0
491203,491203,491213,10,0
491203,491203,491214,11,0
491203,491203,491214,11,0
491329,491329,491330,1,0
491329,491329,491330,1,0
491329,491329,491330,1,0
491329,491329,491332,3,0
491329,491329,491331,2,0
491329,491329,491332,3,0
491329,491329,491333,4,0
491329,491331,491332,1,2
491329,491329,491332,3,0
491329,491329,491332,3,0
491329,491331,491332,1,2
491329,491331,491332,1,2
491329,491329,491333,4,0
491329,491329,491333,4,0
491329,491329,491333,4,0
491329,491332,491333,1,3
491329,491329,491333,4,0
491329,491332,491333,1,3
491329,491329,491333,4,0
491329,491332,491334,2,3
491329,491329,491334,5,0
491329,491333,491334,1,4
491329,491329,491336,7,0
491329,491329,491336,7,0
491329,491329,491336,7,0
491329,491329,491336,7,0
491329,491329,491337,8,0
491329,491329,491337,8,0
491329,491329,491338,9,0
491329,491329,491339,10,0
491329,491329,491340,11,0
491453,491453,491455,2,0
491453,491453,491455,2,0
491453,491453,491455,2,0
491453,491453,491456,3,0
491453,491453,491456,3,0
491453,491453,491456,3,0
491453,491453,491456,3,0
491453,491453,491456,3,0
491453,491453,491457,4,0
491453,491456,491457,1,3
491453,491453,491457,4,0
491453,491455,491457,2,2
491453,491456,491457,1,3
491453,491453,491457,4,0
491453,491453,491457,4,0
491453,491457,491458,1,4
491453,491453,491458,5,0
491453,491457,491458,1,4
491453,491453,491458,5,0
491453,491457,491458,1,4
491453,491457,491458,1,4
491453,491453,491460,7,0
491453,491453,491460,7,0
491453,491453,491460,7,0
491453,491453,491461,8,0
491453,491453,491461,8,0
491453,491453,491461,8,0
491453,491453,491461,8,0
491453,491453,491462,9,0
491453,491453,491464,11,0
491453,491453,491465,12,0
491581,491581,491582,1,0
491581,491581,491582,1,0
491581,491581,491582,1,0
491581,491581,491583,2,0
491581,491581,491584,3,0
491581,491581,491584,3,0
491581,491581,491584,3,0
491581,491581,491584,3,0
491581,491581,491583,2,0
491581,491583,491584,1,2
491581,491583,491584,1,2
491581,491581,491584,3,0
491581,491583,491584,1,2
491581,491584,491585,1,3
491581,491581,491584,3,0
491581,491581,491585,4,0
491581,491584,491585,1,3
491581,491584,491585,1,3
491581,491581,491586,5,0
491581,491584,491585,1,3
491581,491581,491586,5,0
491581,491581,491586,5,0
491581,491581,491587,6,0
491581,491581,491588,7,0
491581,491581,491588,7,0
491581,491581,491588,7,0
491581,491581,491588,7,0
491581,491581,491589,8,0
491581,491581,491591,10,0
491581,491581,491590,9,0
491581,491581,491592,11,0
491710,491710,491711,1,0
491710,491710,491712,2,0
491710,491710,491712,2,0
491710,491710,491713,3,0
491710,491710,491713,3,0
491710,491710,491713,3,0
491710,491712,491713,1,2
491710,491710,491713,3,0
491710,491710,491713,3,0
491710,491710,491713,3,0
491710,491712,491714,2,2
491710,491713,491714,1,3
491710,491710,491714,4,0
491710,491710,491714,4,0
491710,491710,491714,4,0
491710,491710,491715,5,0
491710,491714,491715,1,4
491710,491714,491715,1,4
491710,491714,491715,1,4
491710,491710,491715,5,0
491710,491714,491715,1,4
491710,491710,491716,6,0
491710,491710,491716,6,0
491710,491710,491717,7,0
491710,491710,491718,8,0
491710,491710,491718,8,0
491710,491710,491718,8,0
491710,491710,491719,9,0
491710,491710,491721,11,0
491710,491710,491721,11,0
491710,491710,491722,12,0
491836,491836,491837,1,0
491836,491836,491837,1,0
491836,491836,491837,1,0
491836,491836,491838,2,0
491836,491836,491838,2,0
491836,491836,491838,2,0
491836,491836,491838,2,0
491836,491836,491839,3,0
491836,491838,491840,2,2
491836,491836,491839,3,0
491836,491838,491839,1,2
491836,491838,491839,1,2
491836,491838,491839,1,2
491836,491836,491839,3,0
491836,491836,491840,4,0
491836,491836,491841,5,0
491836,491836,491841,5,0
491836,491839,491840,1,3
491836,491836,491840,4,0
491836,491839,491841,2,3
491836,491839,491840,1,3
491836,491836,491842,6,0
491836,491836,491843,7,0
491836,491836,491842,6,0
491836,491836,491843,7,0
491836,491836,491843,7,0
491836,491836,491844,8,0
491836,491836,491847,11,0
491836,491836,491847,11,0
491836,491836,491847,11,0
491836,491836,491848,12,0
491960,491960,491961,1,0
491960,491960,491962,2,0
491960,491960,491961,1,0
491960,491960,491963,3,0
491960,491960,491963,3,0
491960,491960,491963,3,0
491960,491962,491963,1,2
491960,491961,491963,2,1
491960,491960,491963,3,0
491960,491963,491964,1,3
491960,491960,491964,4,0
491960,491960,491964,4,0
491960,491960,491964,4,0
491960,491960,491965,5,0
491960,491960,491965,5,0
491960,491964,491965,1,4
491960,491964,491965,1,4
491960,491964,491965,1,4
491960,491960,491965,5,0
491960,491964,491965,1,4
491960,491960,491966,6,0
491960,491960,491967,7,0
491960,491960,491967,7,0
491960,491960,491967,7,0
491960,491960,491968,8,0
491960,491960,491969,9,0
491960,491960,491970,10,0
491960,491960,491970,10,0
491960,491960,491972,12,0
491960,491960,491971,11,0
492085,492085,492086,1,0
492085,492085,492086,1,0
492085,492085,492086,1,0
492085,492085,492087,2,0
492085,492085,492087,2,0
492085,492085,492087,2,0
492085,492085,492087,2,0
492085,492085,492087,2,0
492085,492085,492088,3,0
492085,492087,492088,1,2
492085,492087,492088,1,2
492085,492085,492088,3,0
492085,492085,492089,4,0
492085,492087,492088,1,2
492085,492085,492089,4,0
492085,492088,492089,1,3
492085,492085,492089,4,0
492085,492088,492089,1,3
492085,492088,492089,1,3
492085,492088,492089,1,3
492085,492085,492090,5,0
492085,492085,492090,5,0
492085,492085,492091,6,0
492085,492085,492091,6,0
492085,492085,492092,7,0
492085,492085,492093,8,0
492085,492085,492092,7,0
492085,492085,492094,9,0
492085,492085,492095,10,0
492085,492085,492095,10,0
492085,492085,492095,10,0
492209,492209,492210,1,0
492209,492209,492210,1,0
492209,492209,492210,1,0
492209,492209,492211,2,0
492209,492209,492211,2,0
492209,492209,492211,2,0
492209,492209,492211,2,0
492209,492209,492211,2,0
492209,492209,492212,3,0
492209,492211,492212,1,2
492209,492211,492212,1,2
492209,492209,492213,4,0
492209,492211,492212,1,2
492209,492209,492213,4,0
492209,492212,492213,1,3
492209,492212,492213,1,3
492209,492212,492214,2,3
492209,492209,492213,4,0
492209,492209,492213,4,0
492209,492212,492213,1,3
492209,492209,492215,6,0
492209,492209,492214,5,0
492209,492209,492215,6,0
492209,492209,492216,7,0
492209,492209,492216,7,0
492209,492209,492215,6,0
492209,492209,492216,7,0
492209,492209,492216,7,0
492209,492209,492219,10,0
492209,492209,492219,10,0
492209,492209,492220,11,0
492334,492334,492335,1,0
492334,492334,492335,1,0
492334,492334,492335,1,0
492334,492334,492337,3,0
492334,492334,492336,2,0
492334,492334,492336,2,0
492334,492334,492337,3,0
492334,492334,492337,3,0
492334,492335,492337,2,1
492334,492336,492337,1,2
492334,492334,492338,4,0
492334,492334,492337,3,0
492334,492336,492337,1,2
492334,492337,492338,1,3
492334,492334,492338,4,0
492334,492334,492339,5,0
492334,492337,492338,1,3
492334,492337,492339,2,3
492334,492337,492338,1,3
492334,492334,492340,6,0
492334,492334,492340,6,0
492334,492334,492339,5,0
492334,492334,492339,5,0
492334,492334,492341,7,0
492334,492334,492341,7,0
492334,492334,492341,7,0
492334,492334,492342,8,0
492334,492334,492341,7,0
492334,492334,492342,8,0
492334,492334,492343,9,0
492334,492334,492345,11,0
492458,492458,492459,1,0
492458,492458,492459,1,0
492458,492458,492459,1,0
492458,492458,492461,3,0
492458,492459,492461,2,1
492458,492458,492460,2,0
492458,492458,492461,3,0
492458,492458,492461,3,0
492458,492459,492460,1,1
492458,492458,492461,3,0
492458,492460,492461,1,2
492458,492458,492462,4,0
492458,492458,492461,3,0
492458,492458,492463,5,0
492458,492461,492462,1,3
492458,492461,492462,1,3
492458,492458,492462,4,0
492458,492461,492463,2,3
492458,492458,492463,5,0
492458,492458,492463,5,0
492458,492461,492463,2,3
492458,492458,492464,6,0
492458,492458,492464,6,0
492458,492458,492465,7,0
492458,492458,492465,7,0
492458,492458,492465,7,0
492458,492458,492466,8,0
492458,492458,492465,7,0
492458,492458,492465,7,0
492458,492458,492467,9,0
492458,492458,492469,11,0
492582,492582,492583,1,0
492582,492582,492584,2,0
492582,492582,492584,2,0
492582,492583,492584,1,1
492582,492583,492585,2,1
492582,492585,492586,1,3
492582,492583,492585,2,1
492582,492583,492585,2,1
492582,492583,492585,2,1
492582,492584,492585,1,2
492582,492583,492586,3,1
492582,492585,492586,1,3
492582,492583,492586,3,1
492582,492585,492586,1,3
492582,492582,492586,4,0
492582,492582,492588,6,0
492582,492586,492587,1,4
492582,492583,492587,4,1
492582,492586,492587,1,4
492582,492583,492588,5,1
492582,492586,492587,1,4
492582,492582,492589,7,0
492582,492582,492589,7,0
492582,492582,492589,7,0
492582,492583,492589,6,1
492582,492582,492589,7,0
492582,492583,492589,6,1
492582,492582,492590,8,0
492582,492583,492590,7,1
492582,492582,492591,9,0
492582,492583,492591,8,1
492707,492707,492708,1,0
492707,492707,492709,2,0
492707,492708,492710,2,1
492707,492708,492709,1,1
492707,492707,492710,3,0
492707,492708,492710,2,1
492707,492708,492710,2,1
492707,492708,492710,2,1
492707,492708,492711,3,1
492707,492709,492710,1,2
492707,492708,492710,2,1
492707,492710,492711,1,3
492707,492708,492711,3,1
492707,492711,492712,1,4
492707,492710,492711,1,3
492707,492710,492711,1,3
492707,492708,492712,4,1
492707,492711,492712,1,4
492707,492711,492712,1,4
492707,492708,492712,4,1
492707,492708,492712,4,1
492707,492708,492713,5,1
492707,492708,492714,6,1
492707,492708,492714,6,1
492707,492708,492714,6,1
492707,492708,492714,6,1
492707,492708,492714,6,1
492707,492708,492715,7,1
492707,492708,492717,9,1
492707,492708,492717,9,1
492707,492708,492717,9,1
492833,492833,492834,1,0
492833,492833,492834,1,0
492833,492833,492835,2,0
492833,492833,492835,2,0
492833,492833,492835,2,0
492833,492833,492836,3,0
492833,492834,492835,1,1
492833,492833,492835,2,0
492833,492833,492836,3,0
492833,492833,492836,3,0
492833,492835,492836,1,2
492833,492833,492837,4,0
492833,492833,492837,4,0
492833,492836,492837,1,3
492833,492833,492837,4,0
492833,492835,492837,2,2
492833,492833,492837,4,0
492833,492835,492837,2,2
492833,492836,492837,1,3
492833,492836,492837,1,3
492833,492833,492838,5,0
492833,492833,492839,6,0
492833,492833,492839,6,0
492833,492833,492840,7,0
492833,492833,492839,6,0
492833,492833,492840,7,0
492833,492833,492840,7,0
492833,492833,492841,8,0
492833,492833,492842,9,0
492833,492833,492842,9,0
492833,492833,492843,10,0
492958,492958,492959,1,0
492958,492958,492959,1,0
492958,492958,492959,1,0
492958,492958,492960,2,0
492958,492958,492960,2,0
492958,492958,492960,2,0
492958,492958,492960,2,0
492958,492958,492960,2,0
492958,492958,492961,3,0
492958,492960,492961,1,2
492958,492960,492961,1,2
492958,492958,492962,4,0
492958,492960,492961,1,2
492958,492958,492962,4,0
492958,492958,492962,4,0
492958,492961,492962,1,3
492958,492961,492962,1,3
492958,492958,492962,4,0
492958,492958,492962,4,0
492958,492961,492963,2,3
492958,492961,492962,1,3
492958,492958,492963,5,0
492958,492958,492963,5,0
492958,492958,492964,6,0
492958,492958,492964,6,0
492958,492958,492965,7,0
492958,492958,492964,6,0
492958,492958,492964,6,0
492958,492958,492966,8,0
492958,492958,492967,9,0
492958,492958,492967,9,0
492755,492755,493007,252,0
493207,493207,493208,1,0
493207,493207,493208,1,0
493207,493207,493209,2,0
493207,493207,493209,2,0
493207,493207,493209,2,0
493207,493207,493209,2,0
493207,493207,493209,2,0
493207,493207,493209,2,0
493207,493207,493209,2,0
493207,493207,493210,3,0
493207,493207,493211,4,0
493207,493209,493210,1,2
493207,493207,493210,3,0
493207,493209,493210,1,2
493207,493207,493210,3,0
493207,493209,493210,1,2
493207,493209,493210,1,2
493207,493207,493211,4,0
493207,493209,493210,1,2
493207,493207,493211,4,0
493207,493209,493210,1,2
493207,493207,493211,4,0
493207,493207,493211,4,0
493207,493210,493211,1,3
493207,493207,493213,6,0
493207,493207,493212,5,0
493207,493207,493214,7,0
493207,493207,493214,7,0
493207,493207,493214,7,0
493207,493207,493215,8,0
493207,493207,493215,8,0
493335,493335,493336,1,0
493335,493335,493336,1,0
493335,493335,493337,2,0
493335,493335,493336,1,0
493335,493335,493337,2,0
493335,493336,493337,1,1
493335,493335,493337,2,0
493335,493335,493337,2,0
493335,493335,493337,2,0
493335,493335,493339,4,0
493335,493335,493338,3,0
493335,493335,493339,4,0
493335,493335,493338,3,0
493335,493335,493338,3,0
493335,493337,493338,1,2
493335,493338,493339,1,3
493335,493335,493338,3,0
493335,493335,493338,3,0
493335,493337,493339,2,2
493335,493338,493339,1,3
493335,493338,493339,1,3
493335,493335,493339,4,0
493335,493337,493339,2,2
493335,493335,493340,5,0
493335,493335,493341,6,0
493335,493335,493343,8,0
493335,493335,493342,7,0
493335,493335,493342,7,0
493335,493335,493343,8,0
493335,493335,493343,8,0
493335,493335,493343,8,0
493460,493460,493461,1,0
493460,493460,493461,1,0
493460,493460,493462,2,0
493460,493460,493461,1,0
493460,493460,493462,2,0
493460,493460,493462,2,0
493460,493460,493462,2,0
493460,493460,493462,2,0
493460,493460,493462,2,0
493460,493460,493462,2,0
493460,493460,493462,2,0
493460,493460,493463,3,0
493460,493462,493463,1,2
493460,493460,493463,3,0
493460,493462,493463,1,2
493460,493460,493463,3,0
493460,493462,493463,1,2
493460,493460,493463,3,0
493460,493462,493463,1,2
493460,493460,493464,4,0
493460,493463,493464,1,3
493460,493463,493464,1,3
493460,493463,493464,1,3
493460,493460,493465,5,0
493460,493460,493467,7,0
493460,493460,493467,7,0
493460,493460,493467,7,0
493460,493460,493467,7,0
493460,493460,493468,8,0
493460,493460,493468,8,0
493460,493460,493468,8,0
493584,493584,493585,1,0
493584,493584,493585,1,0
493584,493584,493585,1,0
493584,493584,493586,2,0
493584,493584,493587,3,0
493584,493584,493586,2,0
493584,493584,493586,2,0
493584,493584,493587,3,0
493584,493584,493586,2,0
493584,493584,493587,3,0
493584,493584,493587,3,0
493584,493586,493587,1,2
493584,493584,493587,3,0
493584,493584,493587,3,0
493584,493586,493587,1,2
493584,493584,493588,4,0
493584,493584,493587,3,0
493584,493586,493587,1,2
493584,493587,493589,2,3
493584,493587,493588,1,3
493584,493587,493589,2,3
493584,493587,493588,1,3
493584,493584,493589,5,0
493584,493584,493590,6,0
493584,493584,493590,6,0
493584,493584,493591,7,0
493584,493584,493591,7,0
493584,493584,493591,7,0
493584,493584,493590,6,0
493584,493584,493592,8,0
493584,493584,493592,8,0
493710,493710,493711,1,0
493710,493710,493711,1,0
493710,493710,493712,2,0
493710,493710,493711,1,0
493710,493710,493713,3,0
493710,493710,493712,2,0
493710,493710,493713,3,0
493710,493710,493712,2,0
493710,493710,493712,2,0
493710,493711,493712,1,1
493710,493710,493713,3,0
493710,493710,493712,2,0
493710,493710,493713,3,0
493710,493710,493712,2,0
493710,493710,493712,2,0
493710,493712,493714,2,2
493710,493712,493713,1,2
493710,493712,493713,1,2
493710,493710,493714,4,0
493710,493713,493714,1,3
493710,493713,493714,1,3
493710,493713,493714,1,3
493710,493710,493714,4,0
493710,493710,493716,6,0
493710,493710,493716,6,0
493710,493710,493717,7,0
493710,493710,493716,6,0
493710,493710,493716,6,0
493710,493710,493718,8,0
493710,493710,493718,8,0
493710,493710,493718,8,0
493558,493559,493762,203,1
493836,493836,493837,1,0
493836,493836,493837,1,0
493836,493836,493837,1,0
493836,493836,493839,3,0
493836,493836,493838,2,0
493836,493836,493838,2,0
493836,493836,493838,2,0
493836,493837,493838,1,1
493836,493836,493839,3,0
493836,493836,493838,2,0
493836,493836,493838,2,0
493836,493836,493838,2,0
493836,493836,493839,3,0
493836,493838,493839,1,2
493836,493838,493839,1,2
493836,493836,493839,3,0
493836,493836,493840,4,0
493836,493839,493840,1,3
493836,493839,493840,1,3
493836,493836,493840,4,0
493836,493839,493840,1,3
493836,493839,493840,1,3
493836,493836,493842,6,0
493836,493836,493842,6,0
493836,493836,493843,7,0
493836,493836,493842,6,0
493836,493836,493844,8,0
493836,493836,493843,7,0
493836,493836,493844,8,0
493836,493836,493844,8,0
493836,493836,493847,11,0
493776,493776,493930,154,0
493966,493966,493967,1,0
493966,493966,493967,1,0
493966,493966,493968,2,0
493966,493966,493967,1,0
493966,493966,493968,2,0
493966,493966,493968,2,0
493966,493966,493969,3,0
493966,493966,493969,3,0
493966,493966,493968,2,0
493966,493966,493968,2,0
493966,493966,493969,3,0
493966,493966,493969,3,0
493966,493967,493969,2,1
493966,493968,493970,2,2
493966,493968,493970,2,2
493966,493966,493970,4,0
493966,493968,493969,1,2
493966,493966,493970,4,0
493966,493968,493970,2,2
493966,493968,493969,1,2
493966,493969,493971,2,3
493966,493966,493971,5,0
493966,493966,493971,5,0
493966,493966,493972,6,0
493966,493966,493972,6,0
493966,493966,493974,8,0
493966,493966,493973,7,0
493966,493966,493974,8,0
493966,493966,493975,9,0
493966,493966,493974,8,0
493966,493966,493978,12,0
493722,493723,493988,265,1
494092,494092,494093,1,0
494092,494092,494093,1,0
494092,494092,494093,1,0
494092,494092,494093,1,0
494092,494092,494093,1,0
494092,494092,494094,2,0
494092,494092,494094,2,0
494092,494092,494094,2,0
494092,494092,494094,2,0
494092,494092,494094,2,0
494092,494092,494094,2,0
494092,494092,494094,2,0
494092,494092,494094,2,0
494092,494092,494095,3,0
494092,494094,494095,1,2
494092,494094,494095,1,2
494092,494092,494095,3,0
494092,494094,494095,1,2
494092,494094,494095,1,2
494092,494094,494095,1,2
494092,494094,494095,1,2
494092,494094,494095,1,2
494092,494092,494096,4,0
494092,494092,494097,5,0
494092,494092,494097,5,0
494092,494092,494100,8,0
494092,494092,494099,7,0
494092,494092,494100,8,0
494092,494092,494099,7,0
494092,494092,494100,8,0
494092,494092,494103,11,0
494219,494219,494220,1,0
494219,494219,494220,1,0
494219,494219,494220,1,0
494219,494219,494220,1,0
494219,494219,494220,1,0
494219,494219,494220,1,0
494219,494219,494221,2,0
494219,494219,494221,2,0
494219,494219,494221,2,0
494219,494219,494222,3,0
494219,494219,494221,2,0
494219,494219,494222,3,0
494219,494219,494221,2,0
494219,494219,494221,2,0
494219,494221,494222,1,2
494219,494221,494222,1,2
494219,494219,494223,4,0
494219,494219,494222,3,0
494219,494221,494222,1,2
494219,494221,494223,2,2
494219,494221,494222,1,2
494219,494221,494222,1,2
494219,494221,494222,1,2
494219,494219,494223,4,0
494219,494219,494225,6,0
494219,494219,494225,6,0
494219,494219,494226,7,0
494219,494219,494227,8,0
494219,494219,494226,7,0
494219,494219,494227,8,0
494219,494219,494227,8,0
494345,494346,494347,1,1
494345,494346,494347,1,1
494345,494346,494347,1,1
494345,494346,494347,1,1
494345,494346,494347,1,1
494345,494346,494347,1,1
494345,494346,494348,2,1
494345,494346,494348,2,1
494345,494346,494348,2,1
494345,494346,494348,2,1
494345,494346,494348,2,1
494345,494346,494348,2,1
494345,494348,494349,1,3
494345,494346,494349,3,1
494345,494346,494349,3,1
494345,494348,494349,1,3
494345,494348,494349,1,3
494345,494346,494349,3,1
494345,494348,494349,1,3
494345,494348,494349,1,3
494345,494348,494349,1,3
494345,494346,494349,3,1
494345,494346,494350,4,1
494345,494346,494350,4,1
494345,494349,494350,1,4
494345,494346,494351,5,1
494345,494346,494351,5,1
494345,494346,494351,5,1
494345,494346,494352,6,1
494345,494346,494352,6,1
494345,494346,494353,7,1
494473,494473,494474,1,0
494473,494473,494474,1,0
494473,494473,494475,2,0
494473,494473,494475,2,0
494473,494473,494475,2,0
494473,494473,494475,2,0
494473,494473,494474,1,0
494473,494473,494475,2,0
494473,494473,494475,2,0
494473,494473,494475,2,0
494473,494473,494475,2,0
494473,494473,494475,2,0
494473,494473,494476,3,0
494473,494474,494475,1,1
494473,494473,494476,3,0
494473,494475,494477,2,2
494473,494475,494477,2,2
494473,494473,494476,3,0
494473,494473,494476,3,0
494473,494475,494477,2,2
494473,494473,494477,4,0
494473,494475,494477,2,2
494473,494475,494477,2,2
494473,494475,494477,2,2
494473,494473,494478,5,0
494473,494473,494477,4,0
494473,494473,494478,5,0
494473,494473,494479,6,0
494473,494473,494480,7,0
494473,494473,494481,8,0
494473,494473,494482,9,0
494600,494600,494601,1,0
494600,494600,494601,1,0
494600,494600,494602,2,0
494600,494600,494601,1,0
494600,494600,494601,1,0
494600,494600,494601,1,0
494600,494600,494601,1,0
494600,494600,494601,1,0
494600,494600,494601,1,0
494600,494600,494603,3,0
494600,494600,494602,2,0
494600,494600,494602,2,0
494600,494601,494602,1,1
494600,494600,494602,2,0
494600,494600,494603,3,0
494600,494600,494603,3,0
494600,494602,494603,1,2
494600,494602,494603,1,2
494600,494600,494604,4,0
494600,494602,494603,1,2
494600,494600,494603,3,0
494600,494600,494603,3,0
494600,494602,494603,1,2
494600,494602,494603,1,2
494600,494602,494603,1,2
494600,494600,494604,4,0
494600,494600,494605,5,0
494600,494600,494604,4,0
494600,494600,494605,5,0
494600,494600,494608,8,0
494600,494600,494610,10,0
494725,494725,494726,1,0
494725,494725,494726,1,0
494725,494725,494727,2,0
494725,494725,494726,1,0
494725,494725,494727,2,0
494725,494725,494727,2,0
494725,494725,494727,2,0
494725,494725,494727,2,0
494725,494725,494726,1,0
494725,494725,494727,2,0
494725,494725,494727,2,0
494725,494725,494728,3,0
494725,494725,494727,2,0
494725,494725,494727,2,0
494725,494727,494728,1,2
494725,494727,494728,1,2
494725,494725,494728,3,0
494725,494725,494728,3,0
494725,494725,494729,4,0
494725,494725,494729,4,0
494725,494727,494728,1,2
494725,494725,494728,3,0
494725,494727,494728,1,2
494725,494727,494728,1,2
494725,494725,494728,3,0
494725,494727,494728,1,2
494725,494727,494728,1,2
494725,494725,494729,4,0
494725,494725,494730,5,0
494725,494725,494732,7,0
494725,494725,494733,8,0
494851,494851,494852,1,0
494851,494851,494853,2,0
494851,494851,494853,2,0
494851,494851,494853,2,0
494851,494851,494853,2,0
494851,494851,494853,2,0
494851,494852,494853,1,1
494851,494851,494854,3,0
494851,494851,494854,3,0
494851,494853,494854,1,2
494851,494852,494854,2,1
494851,494851,494854,3,0
494851,494851,494854,3,0
494851,494851,494854,3,0
494851,494852,494854,2,1
494851,494854,494855,1,3
494851,494854,494855,1,3
494851,494851,494855,4,0
494851,494854,494855,1,3
494851,494851,494855,4,0
494851,494851,494855,4,0
494851,494852,494855,3,1
494851,494851,494855,4,0
494851,494852,494856,4,1
494851,494854,494855,1,3
494851,494851,494855,4,0
494851,494852,494855,3,1
494851,494854,494855,1,3
494851,494854,494855,1,3
494851,494851,494856,5,0
494851,494851,494856,5,0
494974,494975,494976,1,1
494974,494975,494976,1,1
494974,494975,494976,1,1
494974,494975,494976,1,1
494974,494975,494976,1,1
494974,494975,494977,2,1
494974,494975,494976,1,1
494974,494975,494977,2,1
494974,494975,494977,2,1
494974,494975,494977,2,1
494974,494975,494977,2,1
494974,494976,494977,1,2
494974,494975,494977,2,1
494974,494977,494978,1,3
494974,494975,494977,2,1
494974,494975,494977,2,1
494974,494975,494979,4,1
494974,494977,494978,1,3
494974,494975,494978,3,1
494974,494977,494978,1,3
494974,494975,494978,3,1
494974,494977,494978,1,3
494974,494975,494978,3,1
494974,494975,494978,3,1
494974,494977,494978,1,3
494974,494975,494978,3,1
494974,494977,494978,1,3
494974,494975,494979,4,1
494974,494975,494980,5,1
494974,494975,494979,4,1
494974,494975,494981,6,1
495101,495101,495102,1,0
495101,495101,495103,2,0
495101,495101,495103,2,0
495101,495101,495102,1,0
495101,495101,495102,1,0
495101,495101,495103,2,0
495101,495101,495102,1,0
495101,495101,495103,2,0
495101,495101,495103,2,0
495101,495101,495103,2,0
495101,495101,495103,2,0
495101,495101,495103,2,0
495101,495101,495104,3,0
495101,495101,495104,3,0
495101,495101,495104,3,0
495101,495101,495104,3,0
495101,495101,495105,4,0
495101,495101,495104,3,0
495101,495103,495105,2,2
495101,495103,495104,1,2
495101,495101,495104,3,0
495101,495103,495104,1,2
495101,495103,495104,1,2
495101,495101,495104,3,0
495101,495103,495104,1,2
495101,495103,495104,1,2
495101,495103,495104,1,2
495101,495101,495105,4,0
495101,495101,495105,4,0
495101,495101,495105,4,0
495101,495101,495107,6,0
495226,495226,495227,1,0
495226,495226,495228,2,0
495226,495226,495228,2,0
495226,495226,495227,1,0
495226,495226,495228,2,0
495226,495226,495227,1,0
495226,495226,495228,2,0
495226,495226,495228,2,0
495226,495226,495228,2,0
495226,495226,495228,2,0
495226,495226,495227,1,0
495226,495226,495228,2,0
495226,495226,495228,2,0
495226,495226,495228,2,0
495226,495226,495228,2,0
495226,495226,495229,3,0
495226,495226,495229,3,0
495226,495226,495229,3,0
495226,495228,495229,1,2
495226,495226,495228,2,0
495226,495226,495230,4,0
495226,495226,495230,4,0
495226,495226,495230,4,0
495226,495226,495230,4,0
495226,495228,495229,1,2
495226,495228,495229,1,2
495226,495226,495230,4,0
495226,495228,495229,1,2
495226,495228,495230,2,2
495226,495228,495230,2,2
495226,495228,495229,1,2
495113,495113,495331,218,0
495352,495352,495353,1,0
495352,495352,495353,1,0
495352,495352,495354,2,0
495352,495352,495353,1,0
495352,495352,495353,1,0
495352,495352,495353,1,0
495352,495352,495353,1,0
495352,495352,495354,2,0
495352,495352,495353,1,0
495352,495352,495354,2,0
495352,495352,495354,2,0
495352,495352,495353,1,0
495352,495352,495354,2,0
495352,495352,495353,1,0
495352,495352,495354,2,0
495352,495352,495354,2,0
495352,495352,495355,3,0
495352,495352,495355,3,0
495352,495352,495355,3,0
495352,495352,495355,3,0
495352,495354,495355,1,2
495352,495352,495355,3,0
495352,495354,495355,1,2
495352,495352,495355,3,0
495352,495354,495356,2,2
495352,495354,495355,1,2
495352,495352,495355,3,0
495352,495354,495356,2,2
495352,495354,495355,1,2
495352,495354,495355,1,2
495338,495339,495355,16,1
495352,495352,495357,5,0
495162,495162,495474,312,0
495478,495478,495479,1,0
495478,495478,495479,1,0
495478,495478,495479,1,0
495478,495478,495479,1,0
495478,495478,495480,2,0
495478,495478,495480,2,0
495478,495478,495479,1,0
495478,495478,495480,2,0
495478,495478,495479,1,0
495478,495478,495480,2,0
495478,495478,495480,2,0
495478,495478,495480,2,0
495478,495478,495480,2,0
495478,495478,495480,2,0
495478,495478,495479,1,0
495478,495478,495480,2,0
495478,495478,495481,3,0
495478,495478,495481,3,0
495478,495478,495480,2,0
495478,495479,495480,1,1
495478,495479,495480,1,1
495478,495478,495480,2,0
495478,495478,495480,2,0
495478,495478,495481,3,0
495478,495480,495481,1,2
495478,495478,495481,3,0
495478,495480,495481,1,2
495478,495480,495481,1,2
495478,495478,495482,4,0
495478,495480,495482,2,2
495478,495480,495482,2,2
495385,495385,495487,102,0
495604,495604,495605,1,0
495604,495604,495605,1,0
495604,495604,495605,1,0
495604,495604,495606,2,0
495604,495604,495606,2,0
495604,495604,495605,1,0
495604,495604,495605,1,0
495604,495604,495606,2,0
495604,495604,495606,2,0
495604,495604,495605,1,0
495604,495604,495606,2,0
495604,495604,495606,2,0
495604,495604,495606,2,0
495604,495604,495605,1,0
495604,495604,495606,2,0
495604,495604,495606,2,0
495604,495604,495607,3,0
495604,495604,495606,2,0
495604,495604,495607,3,0
495604,495604,495606,2,0
495604,495604,495606,2,0
495604,495606,495607,1,2
495604,495604,495607,3,0
495604,495606,495607,1,2
495604,495604,495607,3,0
495604,495606,495607,1,2
495604,495606,495607,1,2
495604,495604,495607,3,0
495604,495606,495607,1,2
495604,495606,495607,1,2
495604,495606,495607,1,2
495520,495521,495656,135,1
495502,495503,495681,178,1
495729,495729,495730,1,0
495729,495729,495731,2,0
495729,495729,495731,2,0
495729,495729,495731,2,0
495729,495729,495731,2,0
495729,495729,495731,2,0
495729,495729,495730,1,0
495729,495729,495731,2,0
495729,495729,495731,2,0
495729,495729,495731,2,0
495729,495729,495731,2,0
495729,495729,495731,2,0
495729,495729,495731,2,0
495729,495729,495731,2,0
495729,495729,495731,2,0
495729,495729,495731,2,0
495729,495729,495731,2,0
495729,495729,495731,2,0
495729,495729,495732,3,0
495729,495730,495731,1,1
495729,495729,495731,2,0
495729,495729,495731,2,0
495729,495729,495731,2,0
495729,495731,495732,1,2
495729,495729,495732,3,0
495729,495729,495732,3,0
495729,495731,495733,2,2
495729,495731,495733,2,2
495729,495731,495733,2,2
495729,495731,495733,2,2
495729,495731,495732,1,2
495854,495854,495855,1,0
495854,495854,495855,1,0
495854,495854,495856,2,0
495854,495854,495855,1,0
495854,495854,495855,1,0
495854,495854,495856,2,0
495854,495854,495856,2,0
495854,495854,495855,1,0
495854,495854,495855,1,0
495854,495854,495856,2,0
495854,495854,495855,1,0
495854,495854,495855,1,0
495854,495854,495855,1,0
495854,495854,495856,2,0
495854,495854,495855,1,0
495854,495854,495856,2,0
495854,495854,495856,2,0
495854,495854,495856,2,0
495854,495854,495857,3,0
495854,495854,495856,2,0
495854,495854,495856,2,0
495854,495855,495856,1,1
495854,495854,495856,2,0
495854,495856,495857,1,2
495854,495854,495858,4,0
495854,495856,495857,1,2
495854,495856,495857,1,2
495854,495854,495858,4,0
495854,495856,495857,1,2
495854,495856,495857,1,2
495854,495856,495857,1,2
495780,495780,495908,128,0
495979,495979,495980,1,0
495979,495979,495981,2,0
495979,495979,495980,1,0
495979,495979,495981,2,0
495979,495979,495980,1,0
495979,495979,495980,1,0
495979,495979,495981,2,0
495979,495979,495980,1,0
495979,495979,495981,2,0
495979,495979,495980,1,0
495979,495979,495981,2,0
495979,495979,495981,2,0
495979,495979,495981,2,0
495979,495979,495982,3,0
495979,495979,495981,2,0
495979,495979,495982,3,0
495979,495979,495981,2,0
495979,495979,495981,2,0
495979,495979,495982,3,0
495979,495979,495982,3,0
495979,495979,495981,2,0
495979,495981,495982,1,2
495979,495979,495982,3,0
495979,495981,495982,1,2
495979,495981,495982,1,2
495979,495981,495982,1,2
495979,495979,495983,4,0
495979,495979,495982,3,0
495979,495981,495982,1,2
495979,495981,495982,1,2
495979,495981,495982,1,2
496103,496103,496104,1,0
496103,496103,496105,2,0
496103,496104,496105,1,1
496103,496104,496105,1,1
496103,496103,496105,2,0
496103,496104,496105,1,1
496103,496104,496105,1,1
496103,496104,496105,1,1
496103,496104,496105,1,1
496103,496104,496105,1,1
496103,496104,496105,1,1
496103,496104,496105,1,1
496103,496104,496105,1,1
496103,496104,496105,1,1
496103,496104,496105,1,1
496103,496104,496105,1,1
496103,496105,496106,1,2
496103,496104,496106,2,1
496103,496104,496106,2,1
496103,496104,496106,2,1
496103,496103,496106,3,0
496103,496104,496106,2,1
496103,496106,496107,1,3
496103,496106,496107,1,3
496103,496104,496106,2,1
496103,496104,496107,3,1
496103,496103,496107,4,0
496103,496106,496107,1,3
496103,496106,496107,1,3
496103,496106,496107,1,3
496103,496106,496107,1,3
496230,496231,496232,1,1
496230,496231,496232,1,1
496230,496231,496232,1,1
496230,496231,496232,1,1
496230,496231,496232,1,1
496230,496231,496232,1,1
496230,496231,496232,1,1
496230,496231,496232,1,1
496230,496231,496233,2,1
496230,496231,496232,1,1
496230,496231,496232,1,1
496230,496231,496232,1,1
496230,496231,496232,1,1
496230,496231,496232,1,1
496230,496231,496232,1,1
496230,496231,496232,1,1
496230,496231,496233,2,1
496230,496231,496233,2,1
496230,496231,496233,2,1
496230,496232,496233,1,2
496230,496232,496233,1,2
496230,496231,496233,2,1
496230,496231,496234,3,1
496230,496233,496234,1,3
496230,496231,496233,2,1
496230,496233,496234,1,3
496230,496233,496234,1,3
496230,496231,496234,3,1
496230,496233,496234,1,3
496230,496233,496234,1,3
496230,496231,496234,3,1
496355,496355,496356,1,0
496355,496355,496356,1,0
496355,496355,496356,1,0
496355,496355,496356,1,0
496355,496355,496356,1,0
496355,496355,496357,2,0
496355,496355,496356,1,0
496355,496355,496356,1,0
496355,496355,496356,1,0
496355,496355,496357,2,0
496355,496355,496357,2,0
496355,496355,496357,2,0
496355,496355,496357,2,0
496355,496355,496357,2,0
496355,496355,496357,2,0
496355,496355,496357,2,0
496355,496355,496357,2,0
496355,496355,496358,3,0
496355,496355,496357,2,0
496355,496355,496357,2,0
496355,496357,496358,1,2
496355,496357,496358,1,2
496355,496355,496357,2,0
496355,496355,496357,2,0
496355,496355,496358,3,0
496355,496357,496358,1,2
496355,496355,496359,4,0
496355,496357,496358,1,2
496355,496357,496358,1,2
496355,496357,496358,1,2
496355,496357,496358,1,2
496483,496483,496484,1,0
496483,496483,496484,1,0
496483,496483,496484,1,0
496483,496483,496484,1,0
496483,496483,496484,1,0
496483,496483,496484,1,0
496483,496483,496484,1,0
496483,496483,496484,1,0
496483,496484,496485,1,1
496483,496483,496484,1,0
496483,496483,496484,1,0
496483,496483,496484,1,0
496483,496483,496485,2,0
496483,496483,496485,2,0
496483,496483,496484,1,0
496483,496484,496485,1,1
496483,496483,496485,2,0
496483,496483,496485,2,0
496483,496483,496485,2,0
496483,496483,496485,2,0
496483,496483,496485,2,0
496483,496483,496485,2,0
496483,496485,496486,1,2
496483,496485,496486,1,2
496483,496485,496486,1,2
496483,496483,496485,2,0
496483,496483,496486,3,0
496483,496485,496486,1,2
496483,496485,496486,1,2
496483,496483,496486,3,0
496483,496483,496487,4,0
496341,496341,496544,203,0
496610,496610,496611,1,0
496610,496610,496611,1,0
496610,496610,496611,1,0
496610,496610,496611,1,0
496610,496610,496611,1,0
496610,496610,496611,1,0
496610,496610,496611,1,0
496610,496610,496611,1,0
496610,496610,496611,1,0
496610,496610,496611,1,0
496610,496610,496611,1,0
496610,496610,496611,1,0
496610,496610,496611,1,0
496610,496610,496611,1,0
496610,496610,496611,1,0
496610,496610,496611,1,0
496610,496610,496611,1,0
496610,496610,496611,1,0
496610,496611,496612,1,1
496610,496610,496612,2,0
496610,496610,496612,2,0
496610,496610,496612,2,0
496610,496610,496612,2,0
496610,496610,496612,2,0
496610,496612,496613,1,2
496610,496612,496613,1,2
496610,496610,496613,3,0
496610,496612,496613,1,2
496610,496612,496613,1,2
496610,496612,496613,1,2
496610,496612,496613,1,2
496733,496733,496734,1,0
496733,496733,496735,2,0
496733,496733,496735,2,0
496733,496733,496734,1,0
496733,496733,496734,1,0
496733,496733,496735,2,0
496733,496733,496735,2,0
496733,496733,496735,2,0
496733,496733,496734,1,0
496733,496733,496735,2,0
496733,496733,496734,1,0
496733,496733,496734,1,0
496733,496733,496735,2,0
496733,496733,496735,2,0
496733,496733,496735,2,0
496733,496733,496735,2,0
496733,496733,496735,2,0
496733,496733,496735,2,0
496733,496733,496735,2,0
496733,496733,496735,2,0
496733,496733,496735,2,0
496733,496733,496736,3,0
496733,496733,496736,3,0
496733,496735,496736,1,2
496733,496735,496736,1,2
496733,496733,496736,3,0
496733,496735,496736,1,2
496733,496735,496736,1,2
496733,496735,496737,2,2
496733,496735,496737,2,2
496733,496735,496736,1,2
496600,496600,496795,195,0
496859,496859,496860,1,0
496859,496859,496860,1,0
496859,496859,496860,1,0
496859,496859,496861,2,0
496859,496859,496861,2,0
496859,496859,496861,2,0
496859,496859,496861,2,0
496859,496859,496861,2,0
496859,496859,496862,3,0
496859,496861,496862,1,2
496859,496859,496862,3,0
496859,496859,496862,3,0
496859,496862,496863,1,3
496859,496859,496862,3,0
496859,496859,496862,3,0
496859,496861,496863,2,2
496859,496861,496862,1,2
496859,496862,496863,1,3
496859,496862,496863,1,3
496859,496862,496863,1,3
496859,496859,496863,4,0
496859,496859,496864,5,0
496859,496859,496864,5,0
496859,496859,496865,6,0
496859,496859,496866,7,0
496859,496859,496866,7,0
496859,496859,496866,7,0
496859,496859,496867,8,0
496859,496859,496866,7,0
496859,496859,496866,7,0
496859,496859,496869,10,0
497108,497108,497109,1,0
497108,497108,497110,2,0
497108,497108,497109,1,0
497108,497108,497110,2,0
497108,497108,497110,2,0
497108,497108,497110,2,0
497108,497108,497111,3,0
497108,497108,497111,3,0
497108,497108,497110,2,0
497108,497110,497112,2,2
497108,497110,497112,2,2
497108,497108,497111,3,0
497108,497110,497111,1,2
497108,497110,497111,1,2
497108,497108,497111,3,0
497108,497110,497111,1,2
497108,497108,497112,4,0
497108,497111,497112,1,3
497108,497108,497112,4,0
497108,497108,497112,4,0
497108,497111,497113,2,3
497108,497108,497113,5,0
497108,497108,497114,6,0
497108,497108,497114,6,0
497108,497108,497115,7,0
497108,497108,497115,7,0
497108,497108,497115,7,0
497108,497108,497116,8,0
497108,497108,497116,8,0
497108,497108,497115,7,0
497108,497108,497117,9,0
497233,497233,497234,1,0
497233,497233,497234,1,0
497233,497233,497235,2,0
497233,497233,497236,3,0
497233,497233,497235,2,0
497233,497233,497236,3,0
497233,497233,497235,2,0
497233,497233,497236,3,0
497233,497233,497236,3,0
497233,497233,497236,3,0
497233,497235,497237,2,2
497233,497235,497237,2,2
497233,497235,497237,2,2
497233,497236,497237,1,3
497233,497233,497237,4,0
497233,497233,497237,4,0
497233,497233,497238,5,0
497233,497236,497238,2,3
497233,497236,497238,2,3
497233,497233,497237,4,0
497233,497236,497238,2,3
497233,497233,497239,6,0
497233,497233,497240,7,0
497233,497233,497240,7,0
497233,497233,497240,7,0
497233,497233,497240,7,0
497233,497233,497240,7,0
497233,497233,497241,8,0
497233,497233,497243,10,0
497233,497233,497243,10,0
497233,497233,497243,10,0
497359,497359,497360,1,0
497359,497359,497360,1,0
497359,497359,497361,2,0
497359,497359,497360,1,0
497359,497359,497361,2,0
497359,497359,497362,3,0
497359,497359,497361,2,0
497359,497359,497361,2,0
497359,497359,497362,3,0
497359,497359,497362,3,0
497359,497361,497362,1,2
497359,497361,497362,1,2
497359,497359,497362,3,0
497359,497361,497363,2,2
497359,497359,497362,3,0
497359,497359,497362,3,0
497359,497361,497362,1,2
497359,497359,497363,4,0
497359,497362,497363,1,3
497359,497362,497363,1,3
497359,497362,497363,1,3
497359,497359,497365,6,0
497359,497359,497365,6,0
497359,497359,497366,7,0
497359,497359,497365,6,0
497359,497359,497365,6,0
497359,497359,497366,7,0
497359,497359,497367,8,0
497359,497359,497369,10,0
497359,497359,497369,10,0
497359,497359,497369,10,0
497483,497483,497484,1,0
497483,497483,497484,1,0
497483,497483,497485,2,0
497483,497483,497484,1,0
497483,497483,497485,2,0
497483,497483,497485,2,0
497483,497483,497485,2,0
497483,497483,497486,3,0
497483,497485,497486,1,2
497483,497483,497486,3,0
497483,497485,497486,1,2
497483,497483,497487,4,0
497483,497483,497487,4,0
497483,497485,497486,1,2
497483,497485,497486,1,2
497483,497483,497486,3,0
497483,497486,497487,1,3
497483,497486,497487,1,3
497483,497486,497488,2,3
497483,497483,497488,5,0
497483,497483,497488,5,0
497483,497483,497490,7,0
497483,497483,497489,6,0
497483,497483,497490,7,0
497483,497483,497490,7,0
497483,497483,497491,8,0
497483,497483,497490,7,0
497483,497483,497492,9,0
497483,497483,497493,10,0
497483,497483,497493,10,0
497483,497483,497494,11,0
497732,497732,497733,1,0
497732,497732,497733,1,0
497732,497732,497734,2,0
497732,497732,497734,2,0
497732,497732,497734,2,0
497732,497732,497735,3,0
497732,497732,497735,3,0
497732,497732,497734,2,0
497732,497732,497736,4,0
497732,497734,497736,2,2
497732,497734,497736,2,2
497732,497734,497736,2,2
497732,497734,497736,2,2
497732,497734,497736,2,2
497732,497732,497737,5,0
497732,497732,497737,5,0
497732,497735,497736,1,3
497732,497732,497736,4,0
497732,497735,497737,2,3
497732,497732,497737,5,0
497732,497732,497739,7,0
497732,497732,497740,8,0
497732,497732,497740,8,0
497732,497732,497740,8,0
497732,497732,497740,8,0
497732,497732,497741,9,0
497732,497732,497742,10,0
497732,497732,497742,10,0
497732,497732,497742,10,0
497732,497732,497743,11,0
497732,497732,497743,11,0
497857,497857,497858,1,0
497857,497857,497859,2,0
497857,497857,497859,2,0
497857,497857,497859,2,0
497857,497857,497860,3,0
497857,497857,497859,2,0
497857,497857,497860,3,0
497857,497857,497860,3,0
497857,497859,497861,2,2
497857,497859,497861,2,2
497857,497857,497861,4,0
497857,497857,497861,4,0
497857,497859,497861,2,2
497857,497857,497861,4,0
497857,497860,497862,2,3
497857,497857,497862,5,0
497857,497860,497861,1,3
497857,497857,497862,5,0
497857,497860,497861,1,3
497857,497857,497861,4,0
497857,497860,497862,2,3
497857,497857,497863,6,0
497857,497857,497864,7,0
497857,497857,497865,8,0
497857,497857,497865,8,0
497857,497857,497865,8,0
497857,497857,497866,9,0
497857,497857,497866,9,0
497857,497857,497867,10,0
497857,497857,497868,11,0
497857,497857,497869,12,0
497986,497986,497988,2,0
497986,497986,497987,1,0
497986,497986,497988,2,0
497986,497986,497988,2,0
497986,497986,497988,2,0
497986,497986,497988,2,0
497986,497986,497989,3,0
497986,497986,497989,3,0
497986,497986,497989,3,0
497986,497986,497989,3,0
497986,497988,497990,2,2
497986,497988,497990,2,2
497986,497988,497990,2,2
497986,497986,497990,4,0
497986,497988,497990,2,2
497986,497988,497990,2,2
497986,497986,497990,4,0
497986,497989,497991,2,3
497986,497986,497991,5,0
497986,497986,497991,5,0
497986,497989,497991,2,3
497986,497986,497992,6,0
497986,497986,497992,6,0
497986,497986,497992,6,0
497986,497986,497992,6,0
497986,497986,497994,8,0
497986,497986,497995,9,0
497986,497986,497996,10,0
497986,497986,497996,10,0
497986,497986,497997,11,0
497986,497986,497997,11,0
498111,498111,498112,1,0
498111,498111,498112,1,0
498111,498111,498113,2,0
498111,498111,498114,3,0
498111,498111,498113,2,0
498111,498111,498113,2,0
498111,498111,498114,3,0
498111,498111,498113,2,0
498111,498111,498114,3,0
498111,498111,498114,3,0
498111,498113,498114,1,2
498111,498113,498115,2,2
498111,498113,498114,1,2
498111,498114,498115,1,3
498111,498114,498115,1,3
498111,498111,498115,4,0
498111,498111,498115,4,0
498111,498114,498116,2,3
498111,498114,498115,1,3
498111,498111,498117,6,0
498111,498111,498117,6,0
498111,498111,498117,6,0
498111,498111,498117,6,0
498111,498111,498117,6,0
498111,498111,498118,7,0
498111,498111,498118,7,0
498111,498111,498117,6,0
498111,498111,498118,7,0
498111,498111,498121,10,0
498111,498111,498120,9,0
498111,498111,498122,11,0
498236,498236,498237,1,0
498236,498236,498237,1,0
498236,498236,498237,1,0
498236,498236,498238,2,0
498236,498236,498238,2,0
498236,498236,498238,2,0
498236,498236,498238,2,0
498236,498237,498238,1,1
498236,498236,498238,2,0
498236,498236,498238,2,0
498236,498237,498238,1,1
498236,498238,498239,1,2
498236,498236,498239,3,0
498236,498239,498240,1,3
498236,498236,498239,3,0
498236,498236,498240,4,0
498236,498239,498240,1,3
498236,498236,498241,5,0
498236,498239,498240,1,3
498236,498239,498241,2,3
498236,498236,498242,6,0
498236,498236,498241,5,0
498236,498236,498241,5,0
498236,498236,498241,5,0
498236,498236,498242,6,0
498236,498236,498242,6,0
498236,498236,498242,6,0
498236,498236,498244,8,0
498236,498236,498245,9,0
498236,498236,498244,8,0
498236,498236,498245,9,0
497979,497979,498336,357,0
498362,498362,498363,1,0
498362,498362,498364,2,0
498362,498362,498363,1,0
498362,498362,498365,3,0
498362,498362,498364,2,0
498362,498362,498365,3,0
498362,498362,498365,3,0
498362,498362,498364,2,0
498362,498362,498364,2,0
498362,498362,498366,4,0
498362,498364,498365,1,2
498362,498364,498366,2,2
498362,498364,498365,1,2
498362,498362,498365,3,0
498362,498362,498366,4,0
498362,498365,498366,1,3
498362,498365,498367,2,3
498362,498365,498366,1,3
498362,498365,498366,1,3
498362,498362,498368,6,0
498362,498362,498368,6,0
498362,498362,498367,5,0
498362,498362,498368,6,0
498362,498362,498368,6,0
498362,498362,498367,5,0
498362,498362,498368,6,0
498362,498362,498368,6,0
498362,498362,498369,7,0
498362,498362,498369,7,0
498362,498362,498371,9,0
498362,498362,498373,11,0
498211,498211,498376,165,0
498247,498247,498454,207,0
498486,498486,498487,1,0
498486,498486,498487,1,0
498486,498486,498487,1,0
498486,498486,498488,2,0
498486,498486,498488,2,0
498486,498486,498489,3,0
498486,498486,498488,2,0
498486,498486,498489,3,0
498486,498486,498488,2,0
498486,498488,498490,2,2
498486,498488,498489,1,2
498486,498488,498490,2,2
498486,498489,498490,1,3
498486,498486,498490,4,0
498486,498486,498489,3,0
498486,498489,498490,1,3
498486,498489,498491,2,3
498486,498489,498491,2,3
498486,498486,498492,6,0
498486,498486,498492,6,0
498486,498486,498492,6,0
498486,498486,498492,6,0
498486,498486,498492,6,0
498486,498486,498491,5,0
498486,498486,498493,7,0
498486,498486,498493,7,0
498486,498486,498493,7,0
498486,498486,498493,7,0
498486,498486,498492,6,0
498486,498486,498496,10,0
498486,498486,498497,11,0
498610,498610,498612,2,0
498610,498610,498612,2,0
498610,498610,498612,2,0
498610,498610,498613,3,0
498610,498611,498613,2,1
498610,498611,498613,2,1
498610,498611,498613,2,1
498610,498610,498613,3,0
498610,498610,498614,4,0
498610,498613,498614,1,3
498610,498611,498614,3,1
498610,498613,498614,1,3
498610,498613,498614,1,3
498610,498610,498615,5,0
498610,498610,498616,6,0
498610,498614,498615,1,4
498610,498614,498615,1,4
498610,498611,498615,4,1
498610,498614,498615,1,4
498610,498610,498615,5,0
498610,498610,498615,5,0
498610,498614,498615,1,4
498610,498610,498616,6,0
498610,498610,498617,7,0
498610,498610,498616,6,0
498610,498611,498616,5,1
498610,498611,498616,5,1
498610,498610,498617,7,0
498610,498610,498617,7,0
498610,498611,498620,9,1
498610,498610,498621,11,0
498735,498735,498736,1,0
498735,498735,498736,1,0
498735,498735,498736,1,0
498735,498735,498738,3,0
498735,498736,498738,2,1
498735,498735,498737,2,0
498735,498735,498737,2,0
498735,498735,498738,3,0
498735,498735,498737,2,0
498735,498735,498738,3,0
498735,498737,498738,1,2
498735,498737,498739,2,2
498735,498738,498739,1,3
498735,498735,498740,5,0
498735,498735,498740,5,0
498735,498738,498739,1,3
498735,498738,498740,2,3
498735,498735,498740,5,0
498735,498738,498740,2,3
498735,498735,498740,5,0
498735,498735,498739,4,0
498735,498735,498740,5,0
498735,498735,498740,5,0
498735,498735,498740,5,0
498735,498735,498741,6,0
498735,498735,498741,6,0
498735,498735,498742,7,0
498735,498735,498744,9,0
498735,498735,498744,9,0
498735,498735,498746,11,0
498735,498735,498746,11,0
498859,498859,498860,1,0
498859,498859,498860,1,0
498859,498859,498861,2,0
498859,498859,498862,3,0
498859,498859,498862,3,0
498859,498859,498862,3,0
498859,498859,498862,3,0
498859,498859,498862,3,0
498859,498859,498862,3,0
498859,498861,498863,2,2
498859,498861,498863,2,2
498859,498861,498863,2,2
498859,498859,498864,5,0
498859,498859,498864,5,0
498859,498862,498864,2,3
498859,498862,498864,2,3
498859,498859,498864,5,0
498859,498862,498864,2,3
498859,498859,498864,5,0
498859,498862,498864,2,3
498859,498859,498865,6,0
498859,498859,498864,5,0
498859,498859,498865,6,0
498859,498859,498865,6,0
498859,498859,498865,6,0
498859,498859,498865,6,0
498859,498859,498865,6,0
498859,498859,498866,7,0
498859,498859,498869,10,0
498859,498859,498870,11,0
498859,498859,498870,11,0
498983,498984,498985,1,1
498983,498984,498985,1,1
498983,498984,498985,1,1
498983,498984,498986,2,1
498983,498984,498986,2,1
498983,498984,498986,2,1
498983,498984,498986,2,1
498983,498984,498986,2,1
498983,498984,498986,2,1
498983,498986,498987,1,3
498983,498986,498987,1,3
498983,498986,498987,1,3
498983,498984,498988,4,1
498983,498987,498988,1,4
498983,498984,498988,4,1
498983,498987,498988,1,4
498983,498984,498988,4,1
498983,498987,498988,1,4
498983,498984,498989,5,1
498983,498987,498988,1,4
498983,498984,498989,5,1
498983,498984,498989,5,1
498983,498984,498989,5,1
498983,498984,498989,5,1
498983,498984,498989,5,1
498983,498984,498989,5,1
498983,498984,498992,8,1
498983,498984,498992,8,1
498983,498984,498993,9,1
498983,498984,498994,10,1
498983,498984,498994,10,1
499110,499110,499111,1,0
499110,499110,499111,1,0
499110,499110,499111,1,0
499110,499110,499112,2,0
499110,499111,499112,1,1
499110,499110,499112,2,0
499110,499110,499112,2,0
499110,499110,499112,2,0
499110,499110,499112,2,0
499110,499110,499114,4,0
499110,499112,499113,1,2
499110,499112,499113,1,2
499110,499110,499114,4,0
499110,499113,499114,1,3
499110,499113,499114,1,3
499110,499110,499114,4,0
499110,499113,499114,1,3
499110,499110,499114,4,0
499110,499113,499114,1,3
499110,499110,499116,6,0
499110,499110,499115,5,0
499110,499110,499115,5,0
499110,499110,499115,5,0
499110,499110,499115,5,0
499110,499110,499116,6,0
499110,499110,499115,5,0
499110,499110,499117,7,0
499110,499110,499118,8,0
499110,499110,499118,8,0
499110,499110,499119,9,0
499110,499110,499120,10,0
499358,499358,499359,1,0
499358,499358,499359,1,0
499358,499358,499359,1,0
499358,499359,499361,2,1
499358,499358,499361,3,0
499358,499358,499361,3,0
499358,499358,499360,2,0
499358,499358,499361,3,0
499358,499359,499361,2,1
499358,499358,499361,3,0
499358,499360,499361,1,2
499358,499358,499362,4,0
499358,499358,499361,3,0
499358,499358,499363,5,0
499358,499361,499362,1,3
499358,499361,499362,1,3
499358,499358,499363,5,0
499358,499361,499363,2,3
499358,499358,499363,5,0
499358,499361,499363,2,3
499358,499358,499364,6,0
499358,499358,499364,6,0
499358,499358,499364,6,0
499358,499358,499364,6,0
499358,499358,499364,6,0
499358,499358,499365,7,0
499358,499358,499366,8,0
499358,499358,499366,8,0
499358,499358,499368,10,0
499358,499358,499368,10,0
499358,499358,499368,10,0
499483,499483,499484,1,0
499483,499483,499485,2,0
499483,499483,499484,1,0
499483,499483,499486,3,0
499483,499483,499486,3,0
499483,499483,499486,3,0
499483,499483,499486,3,0
499483,499483,499486,3,0
499483,499483,499487,4,0
499483,499485,499487,2,2
499483,499483,499487,4,0
499483,499485,499487,2,2
499483,499485,499487,2,2
499483,499483,499487,4,0
499483,499483,499488,5,0
499483,499486,499488,2,3
499483,499483,499487,4,0
499483,499483,499487,4,0
499483,499486,499488,2,3
499483,499483,499488,5,0
499483,499486,499488,2,3
499483,499483,499488,5,0
499483,499486,499488,2,3
499483,499483,499489,6,0
499483,499483,499489,6,0
499483,499483,499490,7,0
499483,499483,499491,8,0
499483,499483,499491,8,0
499483,499483,499491,8,0
499483,499483,499493,10,0
499483,499483,499493,10,0
499607,499607,499608,1,0
499607,499607,499608,1,0
499607,499607,499608,1,0
499607,499607,499609,2,0
499607,499607,499609,2,0
499607,499607,499609,2,0
499607,499607,499610,3,0
499607,499609,499610,1,2
499607,499607,499610,3,0
499607,499609,499610,1,2
499607,499607,499611,4,0
499607,499607,499611,4,0
499607,499607,499610,3,0
499607,499609,499610,1,2
499607,499607,499611,4,0
499607,499610,499611,1,3
499607,499611,499612,1,4
499607,499610,499611,1,3
499607,499610,499611,1,3
499607,499607,499612,5,0
499607,499607,499612,5,0
499607,499607,499613,6,0
499607,499607,499613,6,0
499607,499607,499614,7,0
499607,499607,499616,9,0
499607,499607,499615,8,0
499607,499607,499615,8,0
499607,499607,499616,9,0
499607,499607,499617,10,0
499607,499607,499616,9,0
499607,499607,499617,10,0
499734,499734,499736,2,0
499734,499734,499735,1,0
499734,499734,499736,2,0
499734,499734,499737,3,0
499734,499734,499737,3,0
499734,499734,499737,3,0
499734,499734,499736,2,0
499734,499734,499737,3,0
499734,499734,499738,4,0
499734,499734,499738,4,0
499734,499736,499738,2,2
499734,499736,499737,1,2
499734,499736,499738,2,2
499734,499737,499738,1,3
499734,499734,499738,4,0
499734,499737,499738,1,3
499734,499734,499738,4,0
499734,499737,499739,2,3
499734,499737,499738,1,3
499734,499734,499739,5,0
499734,499734,499740,6,0
499734,499734,499740,6,0
499734,499734,499741,7,0
499734,499734,499741,7,0
499734,499734,499742,8,0
499734,499734,499742,8,0
499734,499734,499743,9,0
499734,499734,499742,8,0
499734,499734,499744,10,0
499734,499734,499744,10,0
499734,499734,499744,10,0
499859,499859,499861,2,0
499859,499859,499860,1,0
499859,499859,499861,2,0
499859,499859,499861,2,0
499859,499859,499861,2,0
499859,499859,499862,3,0
499859,499859,499862,3,0
499859,499859,499862,3,0
499859,499861,499863,2,2
499859,499859,499863,4,0
499859,499861,499863,2,2
499859,499861,499863,2,2
499859,499859,499864,5,0
499859,499862,499864,2,3
499859,499859,499864,5,0
499859,499859,499864,5,0
499859,499859,499863,4,0
499859,499859,499864,5,0
499859,499862,499864,2,3
499859,499859,499864,5,0
499859,499862,499863,1,3
499859,499863,499864,1,4
499859,499859,499866,7,0
499859,499859,499866,7,0
499859,499859,499867,8,0
499859,499859,499867,8,0
499859,499859,499867,8,0
499859,499859,499867,8,0
499859,499859,499867,8,0
499859,499859,499869,10,0
499859,499859,499870,11,0
499985,499985,499986,1,0
499985,499985,499986,1,0
499985,499985,499986,1,0
499985,499985,499988,3,0
499985,499985,499987,2,0
499985,499985,499988,3,0
499985,499985,499988,3,0
499985,499985,499988,3,0
499985,499985,499988,3,0
499985,499987,499989,2,2
499985,499987,499988,1,2
499985,499987,499988,1,2
499985,499988,499989,1,3
499985,499985,499989,4,0
499985,499988,499989,1,3
499985,499985,499990,5,0
499985,499988,499990,2,3
499985,499985,499989,4,0
499985,499988,499989,1,3
499985,499985,499990,5,0
499985,499985,499990,5,0
499985,499985,499991,6,0
499985,499985,499991,6,0
499985,499985,499992,7,0
499985,499985,499993,8,0
499985,499985,499993,8,0
499985,499985,499994,9,0
499985,499985,499993,8,0
499985,499985,499993,8,0
499985,499985,499995,10,0
499985,499985,499996,11,0
500114,500114,500115,1,0
500114,500114,500115,1,0
500114,500114,500115,1,0
500114,500114,500116,2,0
500114,500114,500116,2,0
500114,500114,500117,3,0
500114,500114,500117,3,0
500114,500116,500117,1,2
500114,500114,500117,3,0
500114,500114,500117,3,0
500114,500116,500117,1,2
500114,500114,500118,4,0
500114,500114,500117,3,0
500114,500116,500117,1,2
500114,500114,500118,4,0
500114,500117,500118,1,3
500114,500114,500118,4,0
500114,500114,500118,4,0
500114,500117,500118,1,3
500114,500118,500119,1,4
500114,500118,500119,1,4
500114,500114,500121,7,0
500114,500114,500120,6,0
500114,500114,500122,8,0
500114,500114,500122,8,0
500114,500114,500122,8,0
500114,500114,500122,8,0
500114,500114,500123,9,0
500114,500114,500123,9,0
500114,500114,500124,10,0
500114,500114,500124,10,0
500238,500239,500240,1,1
500238,500239,500240,1,1
500238,500239,500240,1,1
500238,500239,500241,2,1
500238,500239,500241,2,1
500238,500239,500241,2,1
500238,500239,500242,3,1
500238,500239,500242,3,1
500238,500239,500242,3,1
500238,500241,500242,1,3
500238,500239,500242,3,1
500238,500241,500242,1,3
500238,500239,500242,3,1
500238,500241,500242,1,3
500238,500239,500243,4,1
500238,500239,500243,4,1
500238,500239,500243,4,1
500238,500242,500243,1,4
500238,500242,500243,1,4
500238,500242,500243,1,4
500238,500239,500244,5,1
500238,500239,500246,7,1
500238,500239,500246,7,1
500238,500239,500246,7,1
500238,500239,500246,7,1
500238,500239,500248,9,1
500238,500239,500247,8,1
500238,500239,500248,9,1
500238,500239,500248,9,1
500238,500239,500248,9,1
500364,500364,500365,1,0
500364,500364,500365,1,0
500364,500364,500365,1,0
500364,500364,500366,2,0
500364,500364,500366,2,0
500364,500364,500367,3,0
500364,500364,500366,2,0
500364,500364,500367,3,0
500364,500364,500368,4,0
500364,500364,500367,3,0
500364,500364,500368,4,0
500364,500366,500368,2,2
500364,500364,500368,4,0
500364,500366,500368,2,2
500364,500367,500368,1,3
500364,500366,500367,1,2
500364,500367,500368,1,3
500364,500364,500368,4,0
500364,500367,500368,1,3
500364,500367,500368,1,3
500364,500364,500369,5,0
500364,500364,500371,7,0
500364,500364,500371,7,0
500364,500364,500370,6,0
500364,500364,500371,7,0
500364,500364,500371,7,0
500364,500364,500371,7,0
500364,500364,500373,9,0
500364,500364,500373,9,0
500364,500364,500373,9,0
500364,500364,500375,11,0
500490,500490,500491,1,0
500490,500490,500491,1,0
500490,500490,500491,1,0
500490,500490,500492,2,0
500490,500490,500492,2,0
500490,500490,500492,2,0
500490,500490,500492,2,0
500490,500490,500494,4,0
500490,500490,500493,3,0
500490,500490,500493,3,0
500490,500490,500494,4,0
500490,500490,500494,4,0
500490,500490,500493,3,0
500490,500492,500493,1,2
500490,500492,500493,1,2
500490,500492,500493,1,2
500490,500493,500494,1,3
500490,500493,500494,1,3
500490,500493,500494,1,3
500490,500490,500495,5,0
500490,500493,500494,1,3
500490,500490,500495,5,0
500490,500490,500497,7,0
500490,500490,500497,7,0
500278,500279,500496,217,1
500490,500490,500497,7,0
500490,500490,500497,7,0
500490,500490,500497,7,0
500490,500490,500497,7,0
500490,500490,500499,9,0
500490,500490,500499,9,0
500490,500490,500501,11,0
500738,500738,500739,1,0
500738,500738,500739,1,0
500738,500738,500739,1,0
500738,500738,500740,2,0
500738,500738,500740,2,0
500738,500738,500740,2,0
500738,500738,500740,2,0
500738,500738,500741,3,0
500738,500738,500741,3,0
500738,500740,500741,1,2
500738,500738,500742,4,0
500738,500740,500741,1,2
500738,500738,500741,3,0
500738,500740,500741,1,2
500738,500738,500742,4,0
500738,500741,500742,1,3
500738,500738,500742,4,0
500738,500741,500742,1,3
500738,500741,500742,1,3
500738,500741,500742,1,3
500738,500738,500743,5,0
500738,500738,500744,6,0
500738,500738,500744,6,0
500738,500738,500745,7,0
500738,500738,500746,8,0
500738,500738,500746,8,0
500738,500738,500746,8,0
500738,500738,500747,9,0
500738,500738,500748,10,0
500738,500738,500748,10,0
500738,500738,500749,11,0
500862,500862,500864,2,0
500862,500862,500864,2,0
500862,500862,500863,1,0
500862,500863,500864,1,1
500862,500863,500865,2,1
500862,500863,500865,2,1
500862,500862,500865,3,0
500862,500862,500865,3,0
500862,500862,500866,4,0
500862,500865,500866,1,3
500862,500865,500866,1,3
500862,500862,500866,4,0
500862,500865,500866,1,3
500862,500866,500867,1,4
500862,500862,500866,4,0
500862,500865,500866,1,3
500862,500862,500866,4,0
500862,500866,500867,1,4
500862,500862,500867,5,0
500862,500862,500867,5,0
500862,500866,500867,1,4
500862,500862,500868,6,0
500862,500862,500869,7,0
500862,500862,500869,7,0
500862,500862,500869,7,0
500862,500862,500870,8,0
500862,500862,500870,8,0
500862,500862,500871,9,0
500862,500862,500872,10,0
500862,500862,500873,11,0
500862,500862,500873,11,0
500779,500779,500929,150,0
500985,500985,500986,1,0
500985,500985,500987,2,0
500985,500985,500987,2,0
500985,500987,500988,1,2
500985,500986,500988,2,1
500985,500986,500988,2,1
500985,500986,500988,2,1
500985,500986,500988,2,1
500985,500985,500989,4,0
500985,500988,500989,1,3
500985,500985,500989,4,0
500985,500986,500989,3,1
500985,500988,500989,1,3
500985,500985,500989,4,0
500985,500986,500989,3,1
500985,500985,500990,5,0
500985,500989,500990,1,4
500985,500989,500990,1,4
500985,500985,500990,5,0
500985,500989,500990,1,4
500985,500989,500990,1,4
500985,500985,500992,7,0
500985,500985,500992,7,0
500985,500985,500992,7,0
500985,500985,500992,7,0
500985,500985,500994,9,0
500985,500985,500993,8,0
500985,500985,500994,9,0
500985,500985,500994,9,0
500985,500985,500995,10,0
500985,500986,500996,10,1
501115,501115,501116,1,0
501115,501115,501117,2,0
501115,501115,501116,1,0
501115,501115,501117,2,0
501115,501115,501117,2,0
501115,501115,501118,3,0
501115,501115,501117,2,0
501115,501115,501118,3,0
501115,501115,501118,3,0
501115,501117,501118,1,2
501115,501117,501118,1,2
501115,501117,501118,1,2
501115,501115,501119,4,0
501115,501115,501120,5,0
501115,501115,501119,4,0
501115,501118,501120,2,3
501115,501118,501119,1,3
501115,501115,501119,4,0
501115,501115,501119,4,0
501115,501118,501119,1,3
501115,501118,501120,2,3
501115,501115,501121,6,0
501115,501115,501121,6,0
501115,501115,501121,6,0
501115,501115,501123,8,0
501115,501115,501123,8,0
501115,501115,501122,7,0
501115,501115,501123,8,0
501115,501115,501123,8,0
501115,501115,501124,9,0
501115,501115,501127,12,0
501239,501239,501240,1,0
501239,501239,501240,1,0
501239,501239,501240,1,0
501239,501239,501240,1,0
501239,501239,501241,2,0
501239,501240,501241,1,1
501239,501239,501241,2,0
501239,501239,501241,2,0
501239,501239,501241,2,0
501239,501239,501242,3,0
501239,501241,501242,1,2
501239,501241,501242,1,2
501239,501239,501242,3,0
501239,501241,501242,1,2
501239,501239,501242,3,0
501239,501242,501243,1,3
501239,501239,501244,5,0
501239,501239,501244,5,0
501239,501242,501243,1,3
501239,501242,501243,1,3
501239,501239,501244,5,0
501239,501239,501245,6,0
501239,501239,501245,6,0
501239,501239,501245,6,0
501239,501239,501245,6,0
501239,501239,501246,7,0
501239,501239,501246,7,0
501239,501239,501246,7,0
501239,501239,501248,9,0
501239,501239,501249,10,0
501239,501239,501250,11,0
501363,501363,501364,1,0
501363,501363,501364,1,0
501363,501363,501365,2,0
501363,501363,501364,1,0
501363,501363,501365,2,0
501363,501363,501365,2,0
501363,501363,501365,2,0
501363,501363,501366,3,0
501363,501365,501366,1,2
501363,501363,501366,3,0
501363,501365,501366,1,2
501363,501365,501366,1,2
501363,501365,501366,1,2
501363,501363,501366,3,0
501363,501363,501367,4,0
501363,501363,501367,4,0
501363,501366,501367,1,3
501363,501363,501368,5,0
501363,501363,501367,4,0
501363,501366,501367,1,3
501363,501366,501367,1,3
501363,501363,501369,6,0
501363,501363,501369,6,0
501363,501363,501369,6,0
501363,501363,501370,7,0
501363,501363,501370,7,0
501363,501363,501370,7,0
501363,501363,501370,7,0
501363,501363,501370,7,0
501363,501363,501372,9,0
501363,501363,501374,11,0
501496,501496,501497,1,0
501496,501496,501497,1,0
501496,501496,501497,1,0
501496,501496,501498,2,0
501496,501496,501498,2,0
501496,501496,501499,3,0
501496,501496,501498,2,0
501496,501496,501499,3,0
501496,501498,501499,1,2
501496,501496,501499,3,0
501496,501498,501499,1,2
501496,501498,501499,1,2
501496,501499,501500,1,3
501496,501496,501500,4,0
501496,501496,501499,3,0
501496,501496,501500,4,0
501496,501499,501501,2,3
501496,501499,501500,1,3
501496,501496,501500,4,0
501496,501499,501500,1,3
501496,501496,501501,5,0
501496,501496,501502,6,0
501496,501496,501501,5,0
501496,501496,501503,7,0
501496,501496,501502,6,0
501496,501496,501503,7,0
501496,501496,501502,6,0
501496,501496,501503,7,0
501496,501496,501503,7,0
501496,501496,501504,8,0
501496,501496,501505,9,0
501748,501748,501749,1,0
501748,501748,501750,2,0
501748,501748,501750,2,0
501748,501748,501750,2,0
501748,501748,501750,2,0
501748,501748,501751,3,0
501748,501749,501750,1,1
501748,501748,501750,2,0
501748,501748,501751,3,0
501748,501750,501751,1,2
501748,501748,501751,3,0
501748,501750,501751,1,2
501748,501751,501752,1,3
501748,501748,501752,4,0
501748,501750,501752,2,2
501748,501748,501752,4,0
501748,501750,501752,2,2
501748,501748,501753,5,0
501748,501748,501752,4,0
501748,501748,501753,5,0
501748,501751,501752,1,3
501748,501748,501753,5,0
501748,501748,501754,6,0
501748,501748,501754,6,0
501748,501748,501754,6,0
501748,501748,501755,7,0
501748,501748,501756,8,0
501748,501748,501756,8,0
501748,501748,501755,7,0
501748,501748,501757,9,0
501748,501748,501759,11,0
501876,501876,501877,1,0
501876,501876,501877,1,0
501876,501876,501877,1,0
501876,501876,501878,2,0
501876,501876,501879,3,0
501876,501876,501878,2,0
501876,501876,501878,2,0
501876,501876,501879,3,0
501876,501876,501879,3,0
501876,501878,501879,1,2
501876,501878,501879,1,2
501876,501878,501879,1,2
501876,501876,501880,4,0
501876,501878,501880,2,2
501876,501876,501880,4,0
501876,501879,501880,1,3
501876,501876,501880,4,0
501876,501879,501881,2,3
501876,501876,501881,5,0
501876,501876,501880,4,0
501876,501879,501880,1,3
501876,501876,501882,6,0
501876,501876,501882,6,0
501876,501876,501883,7,0
501876,501876,501883,7,0
501876,501876,501883,7,0
501876,501876,501884,8,0
501876,501876,501885,9,0
501876,501876,501884,8,0
501876,501876,501885,9,0
501876,501876,501886,10,0
502001,502001,502002,1,0
502001,502001,502003,2,0
502001,502001,502003,2,0
502001,502001,502003,2,0
502001,502001,502004,3,0
502001,502001,502004,3,0
502001,502002,502004,2,1
502001,502001,502003,2,0
502001,502001,502005,4,0
502001,502001,502004,3,0
502001,502003,502005,2,2
502001,502001,502005,4,0
502001,502001,502005,4,0
502001,502001,502005,4,0
502001,502001,502004,3,0
502001,502003,502005,2,2
502001,502004,502005,1,3
502001,502001,502005,4,0
502001,502001,502005,4,0
502001,502004,502005,1,3
502001,502001,502006,5,0
502001,502001,502006,5,0
502001,502004,502006,2,3
502001,502001,502006,5,0
502001,502004,502006,2,3
502001,502001,502008,7,0
502001,502001,502009,8,0
502001,502001,502009,8,0
502001,502001,502010,9,0
502001,502001,502010,9,0
502001,502001,502011,10,0
502128,502128,502129,1,0
502128,502128,502129,1,0
502128,502128,502130,2,0
502128,502128,502129,1,0
502128,502128,502131,3,0
502128,502128,502131,3,0
502128,502128,502130,2,0
502128,502128,502130,2,0
502128,502128,502131,3,0
502128,502130,502131,1,2
502128,502128,502131,3,0
502128,502130,502131,1,2
502128,502128,502131,3,0
502128,502130,502132,2,2
502128,502128,502131,3,0
502128,502130,502131,1,2
502128,502131,502132,1,3
502128,502128,502132,4,0
502128,502128,502132,4,0
502128,502128,502133,5,0
502128,502128,502132,4,0
502128,502128,502133,5,0
502128,502128,502132,4,0
502128,502131,502132,1,3
502128,502131,502132,1,3
502128,502128,502134,6,0
502128,502128,502135,7,0
502128,502128,502136,8,0
502128,502128,502136,8,0
502128,502128,502136,8,0
502128,502128,502136,8,0
502253,502253,502254,1,0
502253,502253,502254,1,0
502253,502253,502255,2,0
502253,502253,502255,2,0
502253,502253,502256,3,0
502253,502253,502255,2,0
502253,502253,502255,2,0
502253,502254,502256,2,1
502253,502253,502255,2,0
502253,502253,502256,3,0
502253,502253,502256,3,0
502253,502253,502256,3,0
502253,502253,502256,3,0
502253,502255,502257,2,2
502253,502253,502257,4,0
502253,502256,502257,1,3
502253,502253,502256,3,0
502253,502253,502257,4,0
502253,502253,502257,4,0
502253,502255,502257,2,2
502253,502255,502257,2,2
502253,502256,502258,2,3
502253,502256,502257,1,3
502253,502253,502258,5,0
502253,502253,502258,5,0
502253,502253,502260,7,0
502253,502253,502260,7,0
502253,502253,502260,7,0
502253,502253,502261,8,0
502253,502253,502261,8,0
502253,502253,502260,7,0
502377,502377,502379,2,0
502377,502377,502379,2,0
502377,502377,502379,2,0
502377,502377,502379,2,0
502377,502377,502379,2,0
502377,502377,502379,2,0
502377,502377,502380,3,0
502377,502377,502380,3,0
502377,502377,502380,3,0
502377,502377,502380,3,0
502377,502377,502381,4,0
502377,502377,502381,4,0
502377,502380,502381,1,3
502377,502377,502381,4,0
502377,502380,502381,1,3
502377,502377,502381,4,0
502377,502380,502381,1,3
502377,502377,502381,4,0
502377,502380,502381,1,3
502377,502380,502381,1,3
502377,502380,502381,1,3
502377,502380,502381,1,3
502377,502377,502382,5,0
502377,502377,502383,6,0
502377,502377,502383,6,0
502377,502377,502384,7,0
502377,502377,502384,7,0
502377,502377,502385,8,0
502377,502377,502385,8,0
502377,502377,502385,8,0
502377,502377,502386,9,0
502502,502502,502503,1,0
502502,502502,502503,1,0
502502,502502,502503,1,0
502502,502502,502504,2,0
502502,502502,502504,2,0
502502,502502,502505,3,0
502502,502502,502504,2,0
502502,502502,502505,3,0
502502,502502,502504,2,0
502502,502502,502505,3,0
502502,502502,502505,3,0
502502,502502,502506,4,0
502502,502504,502506,2,2
502502,502502,502505,3,0
502502,502502,502505,3,0
502502,502502,502506,4,0
502502,502504,502506,2,2
502502,502504,502506,2,2
502502,502502,502506,4,0
502502,502505,502506,1,3
502502,502505,502506,1,3
502502,502505,502506,1,3
502502,502505,502507,2,3
502502,502502,502508,6,0
502502,502502,502507,5,0
502502,502502,502508,6,0
502502,502502,502509,7,0
502502,502502,502509,7,0
502502,502502,502510,8,0
502502,502502,502509,7,0
502502,502502,502510,8,0
502626,502626,502627,1,0
502626,502626,502627,1,0
502626,502626,502627,1,0
502626,502626,502628,2,0
502626,502626,502628,2,0
502626,502626,502627,1,0
502626,502626,502629,3,0
502626,502627,502628,1,1
502626,502626,502628,2,0
502626,502626,502628,2,0
502626,502626,502628,2,0
502626,502626,502628,2,0
502626,502628,502629,1,2
502626,502628,502629,1,2
502626,502626,502629,3,0
502626,502628,502629,1,2
502626,502626,502629,3,0
502626,502628,502629,1,2
502626,502626,502629,3,0
502626,502626,502629,3,0
502626,502628,502629,1,2
502626,502626,502630,4,0
502626,502626,502630,4,0
502626,502629,502630,1,3
502626,502626,502631,5,0
502626,502626,502632,6,0
502626,502626,502632,6,0
502626,502626,502633,7,0
502626,502626,502633,7,0
502626,502626,502633,7,0
502626,502626,502634,8,0
502750,502750,502751,1,0
502750,502750,502751,1,0
502750,502750,502752,2,0
502750,502750,502751,1,0
502750,502750,502752,2,0
502750,502751,502753,2,1
502750,502750,502753,3,0
502750,502750,502752,2,0
502750,502750,502753,3,0
502750,502750,502753,3,0
502750,502750,502753,3,0
502750,502750,502752,2,0
502750,502750,502752,2,0
502750,502752,502753,1,2
502750,502752,502753,1,2
502750,502750,502753,3,0
502750,502752,502754,2,2
502750,502750,502753,3,0
502750,502753,502754,1,3
502750,502753,502754,1,3
502750,502753,502754,1,3
502750,502750,502756,6,0
502750,502750,502756,6,0
502750,502750,502757,7,0
502750,502750,502757,7,0
502750,502750,502757,7,0
502750,502750,502757,7,0
502750,502750,502756,6,0
502750,502750,502757,7,0
502750,502750,502757,7,0
502750,502750,502758,8,0
502878,502878,502879,1,0
502878,502878,502879,1,0
502878,502878,502879,1,0
502878,502878,502880,2,0
502878,502878,502880,2,0
502878,502878,502880,2,0
502878,502878,502881,3,0
502878,502878,502880,2,0
502878,502878,502881,3,0
502878,502878,502881,3,0
502878,502878,502880,2,0
502878,502878,502880,2,0
502878,502878,502881,3,0
502878,502879,502881,2,1
502878,502880,502881,1,2
502878,502880,502882,2,2
502878,502880,502881,1,2
502878,502878,502882,4,0
502878,502880,502881,1,2
502878,502881,502882,1,3
502878,502878,502881,3,0
502878,502881,502882,1,3
502878,502878,502884,6,0
502878,502878,502884,6,0
502878,502878,502885,7,0
502878,502878,502885,7,0
502878,502878,502884,6,0
502878,502878,502886,8,0
502878,502878,502886,8,0
502878,502878,502887,9,0
502878,502878,502889,11,0
503003,503003,503004,1,0
503003,503003,503004,1,0
503003,503003,503005,2,0
503003,503003,503005,2,0
503003,503003,503005,2,0
503003,503003,503005,2,0
503003,503003,503005,2,0
503003,503003,503005,2,0
503003,503003,503005,2,0
503003,503003,503005,2,0
503003,503003,503005,2,0
503003,503003,503005,2,0
503003,503004,503006,2,1
503003,503003,503005,2,0
503003,503003,503007,4,0
503003,503005,503007,2,2
503003,503005,503006,1,2
503003,503005,503006,1,2
503003,503005,503006,1,2
503003,503005,503007,2,2
503003,503005,503007,2,2
503003,503003,503007,4,0
503003,503003,503008,5,0
503003,503003,503009,6,0
503003,503003,503008,5,0
503003,503003,503010,7,0
503003,503003,503010,7,0
503003,503003,503010,7,0
503003,503003,503011,8,0
503003,503003,503010,7,0
503003,503003,503015,12,0
503131,503132,503133,1,1
503131,503132,503133,1,1
503131,503132,503133,1,1
503131,503132,503133,1,1
503131,503132,503133,1,1
503131,503132,503133,1,1
503131,503132,503134,2,1
503131,503132,503134,2,1
503131,503132,503133,1,1
503131,503132,503134,2,1
503131,503132,503134,2,1
503131,503132,503134,2,1
503131,503132,503134,2,1
503131,503133,503134,1,2
503131,503132,503134,2,1
503131,503132,503135,3,1
503131,503134,503135,1,3
503131,503134,503135,1,3
503131,503134,503135,1,3
503131,503134,503135,1,3
503131,503134,503135,1,3
503131,503134,503135,1,3
503131,503132,503136,4,1
503131,503132,503136,4,1
503131,503132,503138,6,1
503131,503132,503137,5,1
503131,503132,503139,7,1
503131,503132,503139,7,1
503131,503132,503139,7,1
503131,503132,503141,9,1
503131,503132,503142,10,1
503259,503259,503260,1,0
503259,503259,503261,2,0
503259,503259,503261,2,0
503259,503259,503261,2,0
503259,503259,503260,1,0
503259,503259,503260,1,0
503259,503259,503261,2,0
503259,503259,503260,1,0
503259,503259,503261,2,0
503259,503259,503261,2,0
503259,503259,503262,3,0
503259,503259,503262,3,0
503259,503259,503262,3,0
503259,503259,503262,3,0
503259,503259,503262,3,0
503259,503259,503263,4,0
503259,503261,503263,2,2
503259,503261,503263,2,2
503259,503261,503262,1,2
503259,503261,503262,1,2
503259,503259,503263,4,0
503259,503261,503263,2,2
503259,503261,503263,2,2
503259,503261,503262,1,2
503259,503259,503264,5,0
503259,503259,503264,5,0
503259,503259,503264,5,0
503259,503259,503264,5,0
503259,503259,503266,7,0
503259,503259,503267,8,0
503259,503259,503269,10,0
503384,503384,503385,1,0
503384,503384,503386,2,0
503384,503384,503386,2,0
503384,503384,503386,2,0
503384,503384,503386,2,0
503384,503384,503386,2,0
503384,503384,503386,2,0
503384,503384,503386,2,0
503384,503384,503386,2,0
503384,503384,503387,3,0
503384,503384,503387,3,0
503384,503384,503387,3,0
503384,503384,503387,3,0
503384,503384,503387,3,0
503384,503384,503387,3,0
503384,503384,503388,4,0
503384,503384,503388,4,0
503384,503386,503388,2,2
503384,503386,503388,2,2
503384,503386,503388,2,2
503384,503386,503388,2,2
503384,503386,503388,2,2
503384,503387,503388,1,3
503384,503384,503388,4,0
503384,503387,503388,1,3
503384,503384,503389,5,0
503384,503384,503390,6,0
503384,503384,503390,6,0
503384,503384,503390,6,0
503384,503384,503391,7,0
503384,503384,503391,7,0
503509,503509,503510,1,0
503509,503509,503510,1,0
503509,503509,503510,1,0
503509,503509,503510,1,0
503509,503509,503511,2,0
503509,503509,503510,1,0
503509,503509,503510,1,0
503509,503509,503511,2,0
503509,503509,503510,1,0
503509,503509,503511,2,0
503509,503509,503511,2,0
503509,503509,503511,2,0
503509,503510,503511,1,1
503509,503509,503511,2,0
503509,503511,503512,1,2
503509,503511,503512,1,2
503509,503509,503512,3,0
503509,503509,503512,3,0
503509,503511,503512,1,2
503509,503509,503512,3,0
503509,503509,503512,3,0
503509,503511,503512,1,2
503509,503509,503512,3,0
503509,503509,503512,3,0
503509,503511,503512,1,2
503509,503511,503512,1,2
503509,503509,503513,4,0
503509,503509,503514,5,0
503509,503509,503515,6,0
503509,503509,503515,6,0
503509,503509,503519,10,0
503636,503636,503637,1,0
503636,503636,503637,1,0
503636,503636,503637,1,0
503636,503636,503637,1,0
503636,503636,503637,1,0
503636,503636,503638,2,0
503636,503636,503638,2,0
503636,503636,503637,1,0
503636,503636,503637,1,0
503636,503636,503638,2,0
503636,503636,503638,2,0
503636,503637,503638,1,1
503636,503637,503638,1,1
503636,503636,503638,2,0
503636,503636,503638,2,0
503636,503636,503639,3,0
503636,503636,503639,3,0
503636,503636,503639,3,0
503636,503638,503639,1,2
503636,503638,503639,1,2
503636,503636,503639,3,0
503636,503638,503639,1,2
503636,503636,503639,3,0
503636,503638,503639,1,2
503636,503636,503639,3,0
503636,503636,503639,3,0
503636,503638,503639,1,2
503636,503636,503640,4,0
503636,503636,503644,8,0
503636,503636,503645,9,0
503760,503760,503761,1,0
503760,503760,503761,1,0
503760,503760,503761,1,0
503760,503760,503761,1,0
503760,503760,503761,1,0
503760,503760,503762,2,0
503760,503760,503761,1,0
503760,503760,503761,1,0
503760,503760,503762,2,0
503760,503760,503762,2,0
503760,503760,503762,2,0
503760,503761,503762,1,1
503760,503760,503762,2,0
503760,503762,503763,1,2
503760,503760,503763,3,0
503760,503760,503763,3,0
503760,503760,503763,3,0
503760,503762,503763,1,2
503760,503762,503763,1,2
503760,503760,503763,3,0
503760,503760,503763,3,0
503760,503762,503763,1,2
503760,503760,503763,3,0
503760,503760,503763,3,0
503760,503762,503763,1,2
503760,503762,503763,1,2
503760,503760,503764,4,0
503760,503760,503764,4,0
503760,503760,503764,4,0
503760,503760,503764,4,0
503760,503760,503766,6,0
503770,503770,503771,1,0
503770,503770,503771,1,0
503770,503770,503771,1,0
503770,503770,503772,2,0
503770,503770,503772,2,0
503770,503770,503772,2,0
503770,503770,503772,2,0
503770,503770,503772,2,0
503770,503770,503773,3,0
503770,503770,503773,3,0
503770,503770,503773,3,0
503770,503771,503773,2,1
503770,503770,503773,3,0
503770,503771,503773,2,1
503770,503770,503773,3,0
503770,503772,503774,2,2
503770,503770,503774,4,0
503770,503770,503774,4,0
503770,503770,503774,4,0
503770,503773,503774,1,3
503770,503770,503774,4,0
503770,503773,503774,1,3
503770,503770,503774,4,0
503770,503770,503774,4,0
503770,503773,503774,1,3
503770,503773,503774,1,3
503770,503770,503775,5,0
503770,503770,503775,5,0
503770,503770,503775,5,0
503770,503770,503775,5,0
503770,503770,503778,8,0
503896,503896,503898,2,0
503896,503896,503898,2,0
503896,503896,503897,1,0
503896,503896,503898,2,0
503896,503896,503897,1,0
503896,503896,503898,2,0
503896,503896,503898,2,0
503896,503896,503898,2,0
503896,503896,503899,3,0
503896,503896,503898,2,0
503896,503896,503898,2,0
503896,503896,503899,3,0
503896,503898,503899,1,2
503896,503896,503899,3,0
503896,503896,503899,3,0
503896,503896,503899,3,0
503896,503896,503900,4,0
503896,503896,503900,4,0
503896,503896,503900,4,0
503896,503898,503899,1,2
503896,503896,503900,4,0
503896,503896,503899,3,0
503896,503898,503900,2,2
503896,503898,503900,2,2
503896,503898,503900,2,2
503896,503896,503900,4,0
503896,503898,503899,1,2
503896,503898,503899,1,2
503896,503896,503901,5,0
503896,503896,503901,5,0
503896,503896,503904,8,0
504021,504021,504023,2,0
504021,504021,504022,1,0
504021,504021,504023,2,0
504021,504021,504022,1,0
504021,504021,504023,2,0
504021,504021,504022,1,0
504021,504021,504023,2,0
504021,504021,504023,2,0
504021,504021,504023,2,0
504021,504021,504023,2,0
504021,504021,504023,2,0
504021,504021,504024,3,0
504021,504021,504024,3,0
504021,504021,504024,3,0
504021,504021,504024,3,0
504021,504021,504023,2,0
504021,504021,504024,3,0
504021,504021,504025,4,0
504021,504021,504025,4,0
504021,504023,504024,1,2
504021,504023,504024,1,2
504021,504023,504025,2,2
504021,504023,504024,1,2
504021,504023,504024,1,2
504021,504023,504025,2,2
504021,504021,504025,4,0
504021,504021,504025,4,0
504021,504023,504025,2,2
504021,504021,504026,5,0
504021,504021,504025,4,0
504021,504021,504026,5,0
504146,504146,504147,1,0
504146,504146,504147,1,0
504146,504146,504147,1,0
504146,504146,504147,1,0
504146,504146,504148,2,0
504146,504146,504148,2,0
504146,504146,504148,2,0
504146,504146,504148,2,0
504146,504146,504148,2,0
504146,504146,504148,2,0
504146,504146,504148,2,0
504146,504146,504148,2,0
504146,504146,504149,3,0
504146,504146,504149,3,0
504146,504146,504149,3,0
504146,504146,504149,3,0
504146,504146,504149,3,0
504146,504146,504149,3,0
504146,504146,504149,3,0
504146,504147,504148,1,1
504146,504146,504149,3,0
504146,504148,504149,1,2
504146,504148,504149,1,2
504146,504148,504149,1,2
504146,504148,504149,1,2
504146,504148,504149,1,2
504146,504146,504150,4,0
504146,504146,504150,4,0
504146,504146,504150,4,0
504146,504148,504149,1,2
504146,504146,504150,4,0
504270,504270,504272,2,0
504270,504270,504272,2,0
504270,504270,504272,2,0
504270,504270,504272,2,0
504270,504270,504272,2,0
504270,504270,504272,2,0
504270,504270,504272,2,0
504270,504270,504272,2,0
504270,504270,504272,2,0
504270,504270,504272,2,0
504270,504270,504272,2,0
504270,504270,504272,2,0
504270,504270,504272,2,0
504270,504270,504272,2,0
504270,504270,504273,3,0
504270,504270,504273,3,0
504270,504270,504273,3,0
504270,504270,504273,3,0
504270,504270,504273,3,0
504270,504270,504273,3,0
504270,504270,504273,3,0
504270,504272,504274,2,2
504270,504272,504274,2,2
504270,504270,504274,4,0
504270,504272,504274,2,2
504270,504272,504273,1,2
504270,504270,504274,4,0
504270,504272,504273,1,2
504270,504272,504274,2,2
504270,504272,504274,2,2
504270,504270,504275,5,0
504397,504397,504399,2,0
504397,504397,504399,2,0
504397,504397,504399,2,0
504397,504397,504399,2,0
504397,504397,504399,2,0
504397,504397,504399,2,0
504397,504397,504399,2,0
504397,504397,504399,2,0
504397,504397,504399,2,0
504397,504397,504399,2,0
504397,504397,504399,2,0
504397,504398,504399,1,1
504397,504398,504399,1,1
504397,504398,504399,1,1
504397,504397,504399,2,0
504397,504397,504399,2,0
504397,504398,504399,1,1
504397,504397,504400,3,0
504397,504397,504400,3,0
504397,504397,504400,3,0
504397,504397,504400,3,0
504397,504397,504400,3,0
504397,504397,504401,4,0
504397,504400,504401,1,3
504397,504400,504401,1,3
504397,504397,504401,4,0
504397,504400,504401,1,3
504397,504400,504401,1,3
504397,504400,504401,1,3
504397,504400,504401,1,3
504521,504522,504523,1,1
504521,504522,504523,1,1
504521,504522,504523,1,1
504521,504522,504523,1,1
504521,504522,504523,1,1
504521,504522,504523,1,1
504521,504522,504523,1,1
504521,504522,504523,1,1
504521,504522,504523,1,1
504521,504522,504523,1,1
504521,504522,504523,1,1
504521,504522,504524,2,1
504521,504522,504524,2,1
504521,504523,504524,1,2
504521,504524,504525,1,3
504521,504522,504524,2,1
504521,504522,504524,2,1
504521,504523,504524,1,2
504521,504522,504524,2,1
504521,504523,504524,1,2
504521,504522,504524,2,1
504521,504522,504524,2,1
504521,504522,504524,2,1
504521,504522,504525,3,1
504521,504522,504525,3,1
504521,504522,504525,3,1
504521,504524,504525,1,3
504521,504524,504525,1,3
504521,504524,504525,1,3
504647,504647,504649,2,0
504647,504647,504649,2,0
504647,504647,504648,1,0
504647,504647,504648,1,0
504647,504647,504649,2,0
504647,504647,504649,2,0
504647,504647,504649,2,0
504647,504647,504648,1,0
504647,504647,504649,2,0
504647,504647,504649,2,0
504647,504647,504649,2,0
504647,504647,504649,2,0
504647,504647,504649,2,0
504647,504647,504649,2,0
504647,504647,504649,2,0
504647,504647,504650,3,0
504647,504647,504650,3,0
504647,504647,504650,3,0
504647,504647,504650,3,0
504647,504647,504650,3,0
504647,504647,504649,2,0
504647,504649,504650,1,2
504647,504647,504650,3,0
504647,504649,504650,1,2
504647,504649,504650,1,2
504647,504647,504651,4,0
504647,504647,504651,4,0
504647,504649,504651,2,2
504647,504649,504651,2,2
504647,504649,504650,1,2
504647,504649,504651,2,2
504772,504772,504773,1,0
504772,504772,504773,1,0
504772,504772,504773,1,0
504772,504772,504773,1,0
504772,504772,504773,1,0
504772,504772,504774,2,0
504772,504772,504773,1,0
504772,504772,504773,1,0
504772,504772,504773,1,0
504772,504772,504773,1,0
504772,504772,504774,2,0
504772,504772,504773,1,0
504772,504772,504774,2,0
504772,504772,504773,1,0
504772,504772,504773,1,0
504772,504772,504773,1,0
504772,504772,504774,2,0
504772,504772,504774,2,0
504772,504772,504774,2,0
504772,504773,504774,1,1
504772,504772,504775,3,0
504772,504772,504775,3,0
504772,504772,504774,2,0
504772,504772,504774,2,0
504772,504774,504775,1,2
504772,504774,504775,1,2
504772,504774,504775,1,2
504772,504772,504775,3,0
504772,504774,504775,1,2
504772,504774,504775,1,2
504772,504774,504775,1,2
504779,504780,504781,1,1
504779,504780,504781,1,1
504779,504780,504781,1,1
504779,504780,504781,1,1
504779,504780,504781,1,1
504779,504780,504781,1,1
504779,504780,504781,1,1
504779,504780,504781,1,1
504779,504780,504781,1,1
504779,504780,504781,1,1
504779,504780,504781,1,1
504779,504780,504781,1,1
504779,504780,504781,1,1
504779,504780,504781,1,1
504779,504780,504781,1,1
504779,504781,504782,1,2
504779,504780,504781,1,1
504779,504780,504781,1,1
504779,504780,504781,1,1
504779,504780,504782,2,1
504779,504780,504782,2,1
504779,504780,504782,2,1
504779,504782,504783,1,3
504779,504782,504783,1,3
504779,504782,504783,1,3
504779,504780,504782,2,1
504779,504780,504783,3,1
504779,504782,504783,1,3
504779,504782,504783,1,3
504779,504782,504783,1,3
504779,504780,504785,5,1
504908,504909,504910,1,1
504908,504909,504910,1,1
504908,504909,504910,1,1
504908,504909,504910,1,1
504908,504909,504910,1,1
504908,504909,504910,1,1
504908,504909,504910,1,1
504908,504909,504910,1,1
504908,504909,504910,1,1
504908,504909,504910,1,1
504908,504909,504910,1,1
504908,504909,504910,1,1
504908,504909,504910,1,1
504908,504909,504910,1,1
504908,504909,504910,1,1
504908,504909,504910,1,1
504908,504909,504910,1,1
504908,504909,504910,1,1
504908,504909,504910,1,1
504908,504909,504911,2,1
504908,504911,504912,1,3
504908,504911,504912,1,3
504908,504909,504911,2,1
504908,504910,504911,1,2
504908,504910,504911,1,2
504908,504911,504912,1,3
504908,504909,504912,3,1
504908,504909,504912,3,1
504908,504909,504913,4,1
504908,504911,504912,1,3
504908,504911,504912,1,3
505036,505036,505037,1,0
505036,505036,505037,1,0
505036,505036,505037,1,0
505036,505036,505038,2,0
505036,505036,505037,1,0
505036,505036,505037,1,0
505036,505036,505038,2,0
505036,505036,505038,2,0
505036,505036,505038,2,0
505036,505037,505038,1,1
505036,505036,505038,2,0
505036,505036,505037,1,0
505036,505036,505038,2,0
505036,505036,505038,2,0
505036,505036,505037,1,0
505036,505036,505037,1,0
505036,505036,505037,1,0
505036,505036,505037,1,0
505036,505037,505038,1,1
505036,505036,505038,2,0
505036,505036,505038,2,0
505036,505036,505038,2,0
505036,505036,505038,2,0
505036,505036,505038,2,0
505036,505038,505039,1,2
505036,505038,505039,1,2
505036,505038,505039,1,2
505036,505036,505040,4,0
505036,505036,505039,3,0
505036,505038,505039,1,2
505036,505038,505039,1,2
505161,505161,505162,1,0
505161,505161,505162,1,0
505161,505161,505162,1,0
505161,505161,505162,1,0
505161,505161,505162,1,0
505161,505161,505163,2,0
505161,505161,505162,1,0
505161,505162,505163,1,1
505161,505161,505163,2,0
505161,505161,505163,2,0
505161,505161,505163,2,0
505161,505161,505163,2,0
505161,505162,505163,1,1
505161,505161,505163,2,0
505161,505161,505163,2,0
505161,505161,505163,2,0
505161,505161,505163,2,0
505161,505161,505163,2,0
505161,505161,505163,2,0
505161,505161,505163,2,0
505161,505161,505163,2,0
505161,505161,505164,3,0
505161,505161,505164,3,0
505161,505161,505164,3,0
505161,505161,505164,3,0
505161,505161,505164,3,0
505161,505164,505165,1,3
505161,505164,505165,1,3
505286,505286,505287,1,0
505286,505286,505287,1,0
505286,505286,505287,1,0
505286,505286,505288,2,0
505286,505286,505287,1,0
505286,505286,505287,1,0
505286,505286,505288,2,0
505286,505286,505287,1,0
505286,505286,505288,2,0
505286,505286,505288,2,0
505286,505286,505288,2,0
505286,505286,505288,2,0
505286,505286,505288,2,0
505286,505286,505288,2,0
505286,505286,505288,2,0
505286,505286,505288,2,0
505286,505286,505288,2,0
505286,505286,505288,2,0
505286,505286,505287,1,0
505286,505286,505288,2,0
505286,505286,505287,1,0
505286,505287,505288,1,1
505286,505286,505288,2,0
505286,505287,505288,1,1
505286,505286,505288,2,0
505286,505288,505289,1,2
505286,505288,505289,1,2
505286,505286,505289,3,0
505286,505288,505289,1,2
505286,505288,505289,1,2
505286,505288,505290,2,2
505414,505414,505415,1,0
505414,505414,505415,1,0
505414,505414,505415,1,0
505414,505414,505415,1,0
505414,505414,505415,1,0
505414,505414,505415,1,0
505414,505414,505415,1,0
505414,505414,505416,2,0
505414,505414,505415,1,0
505414,505415,505416,1,1
505414,505414,505415,1,0
505414,505414,505415,1,0
505414,505414,505416,2,0
505414,505414,505416,2,0
505414,505414,505415,1,0
505414,505414,505415,1,0
505414,505414,505415,1,0
505414,505414,505416,2,0
505414,505414,505415,1,0
505414,505414,505415,1,0
505414,505414,505416,2,0
505414,505414,505416,2,0
505414,505414,505416,2,0
505414,505415,505416,1,1
505414,505414,505416,2,0
505414,505416,505417,1,2
505414,505416,505417,1,2
505414,505416,505417,1,2
505414,505414,505418,4,0
505414,505416,505417,1,2
505414,505416,505417,1,2
505539,505539,505540,1,0
505539,505539,505540,1,0
505539,505539,505540,1,0
505539,505539,505541,2,0
505539,505539,505542,3,0
505539,505539,505541,2,0
505539,505539,505541,2,0
505539,505539,505541,2,0
505539,505539,505541,2,0
505539,505541,505542,1,2
505539,505541,505542,1,2
505539,505541,505542,1,2
505539,505539,505543,4,0
505539,505541,505543,2,2
505539,505539,505542,3,0
505539,505539,505542,3,0
505539,505539,505543,4,0
505539,505539,505544,5,0
505539,505542,505543,1,3
505539,505539,505543,4,0
505539,505539,505543,4,0
505539,505542,505543,1,3
505539,505542,505543,1,3
505539,505539,505546,7,0
505539,505539,505546,7,0
505539,505539,505545,6,0
505539,505539,505545,6,0
505539,505539,505547,8,0
505539,505539,505547,8,0
505539,505539,505549,10,0
505539,505539,505548,9,0
505665,505665,505666,1,0
505665,505665,505666,1,0
505665,505665,505667,2,0
505665,505665,505667,2,0
505665,505665,505667,2,0
505665,505665,505668,3,0
505665,505665,505668,3,0
505665,505665,505668,3,0
505665,505665,505668,3,0
505665,505667,505669,2,2
505665,505667,505669,2,2
505665,505667,505669,2,2
505665,505667,505669,2,2
505665,505665,505669,4,0
505665,505667,505669,2,2
505665,505665,505670,5,0
505665,505665,505670,5,0
505665,505665,505670,5,0
505665,505668,505669,1,3
505665,505665,505670,5,0
505665,505665,505669,4,0
505665,505668,505670,2,3
505665,505665,505671,6,0
505665,505665,505672,7,0
505665,505665,505672,7,0
505665,505665,505672,7,0
505665,505665,505672,7,0
505665,505665,505673,8,0
505665,505665,505673,8,0
505665,505665,505673,8,0
505665,505665,505674,9,0
505795,505795,505796,1,0
505795,505795,505796,1,0
505795,505795,505796,1,0
505795,505795,505797,2,0
505795,505795,505797,2,0
505795,505795,505797,2,0
505795,505795,505797,2,0
505795,505796,505797,1,1
505795,505795,505797,2,0
505795,505795,505797,2,0
505795,505797,505798,1,2
505795,505795,505798,3,0
505795,505795,505799,4,0
505795,505795,505799,4,0
505795,505797,505798,1,2
505795,505795,505799,4,0
505795,505797,505798,1,2
505795,505798,505799,1,3
505795,505795,505798,3,0
505795,505797,505798,1,2
505795,505795,505799,4,0
505795,505798,505799,1,3
505795,505795,505802,7,0
505795,505795,505802,7,0
505795,505795,505801,6,0
505795,505795,505801,6,0
505795,505795,505801,6,0
505795,505795,505801,6,0
505795,505795,505802,7,0
505795,505795,505802,7,0
505795,505795,505803,8,0
505921,505921,505922,1,0
505921,505921,505922,1,0
505921,505921,505922,1,0
505921,505921,505922,1,0
505921,505921,505923,2,0
505921,505921,505923,2,0
505921,505921,505923,2,0
505921,505921,505924,3,0
505921,505921,505924,3,0
505921,505921,505924,3,0
505921,505923,505924,1,2
505921,505923,505924,1,2
505921,505923,505924,1,2
505921,505923,505924,1,2
505921,505921,505925,4,0
505921,505923,505924,1,2
505921,505921,505925,4,0
505921,505921,505925,4,0
505921,505921,505925,4,0
505921,505924,505925,1,3
505921,505924,505925,1,3
505921,505921,505927,6,0
505921,505921,505927,6,0
505921,505921,505928,7,0
505921,505921,505927,6,0
505921,505921,505928,7,0
505921,505921,505928,7,0
505921,505921,505929,8,0
505921,505921,505929,8,0
505921,505921,505931,10,0
505921,505921,505932,11,0
506045,506045,506046,1,0
506045,506045,506047,2,0
506045,506045,506047,2,0
506045,506045,506047,2,0
506045,506045,506047,2,0
506045,506045,506048,3,0
506045,506045,506047,2,0
506045,506045,506047,2,0
506045,506045,506048,3,0
506045,506045,506049,4,0
506045,506047,506049,2,2
506045,506045,506049,4,0
506045,506047,506049,2,2
506045,506047,506048,1,2
506045,506045,506049,4,0
506045,506047,506049,2,2
506045,506045,506048,3,0
506045,506047,506049,2,2
506045,506045,506049,4,0
506045,506048,506049,1,3
506045,506048,506050,2,3
506045,506045,506051,6,0
506045,506045,506051,6,0
506045,506045,506052,7,0
506045,506045,506052,7,0
506045,506045,506053,8,0
506045,506045,506053,8,0
506045,506045,506053,8,0
506045,506045,506054,9,0
506045,506045,506055,10,0
506045,506045,506056,11,0
506170,506170,506172,2,0
506170,506170,506171,1,0
506170,506170,506172,2,0
506170,506170,506172,2,0
506170,506170,506173,3,0
506170,506170,506172,2,0
506170,506170,506173,3,0
506170,506170,506172,2,0
506170,506170,506173,3,0
506170,506170,506174,4,0
506170,506170,506174,4,0
506170,506172,506174,2,2
506170,506172,506174,2,2
506170,506170,506174,4,0
506170,506170,506174,4,0
506170,506173,506175,2,3
506170,506173,506174,1,3
506170,506172,506174,2,2
506170,506173,506175,2,3
506170,506173,506175,2,3
506170,506170,506177,7,0
506170,506170,506177,7,0
506170,506170,506177,7,0
506170,506170,506177,7,0
506170,506170,506178,8,0
506170,506170,506178,8,0
506170,506170,506178,8,0
506170,506170,506178,8,0
506170,506170,506180,10,0
506170,506170,506181,11,0
506170,506170,506181,11,0
506297,506297,506299,2,0
506297,506297,506299,2,0
506297,506297,506299,2,0
506297,506297,506299,2,0
506297,506297,506299,2,0
506297,506297,506300,3,0
506297,506297,506300,3,0
506297,506297,506300,3,0
506297,506299,506301,2,2
506297,506297,506301,4,0
506297,506299,506301,2,2
506297,506297,506301,4,0
506297,506300,506301,1,3
506297,506297,506301,4,0
506297,506299,506301,2,2
506297,506297,506301,4,0
506297,506300,506301,1,3
506297,506301,506302,1,4
506297,506297,506302,5,0
506297,506301,506302,1,4
506297,506297,506303,6,0
506297,506297,506304,7,0
506297,506297,506304,7,0
506297,506297,506305,8,0
506297,506297,506305,8,0
506297,506297,506305,8,0
506297,506297,506305,8,0
506297,506297,506305,8,0
506297,506297,506306,9,0
506297,506297,506306,9,0
506297,506297,506308,11,0
506422,506423,506424,1,1
506422,506423,506424,1,1
506422,506423,506424,1,1
506422,506423,506424,1,1
506422,506423,506424,1,1
506422,506423,506425,2,1
506422,506423,506425,2,1
506422,506423,506427,4,1
506422,506425,506426,1,3
506422,506423,506426,3,1
506422,506425,506426,1,3
506422,506423,506426,3,1
506422,506425,506426,1,3
506422,506423,506426,3,1
506422,506425,506426,1,3
506422,506425,506426,1,3
506422,506423,506427,4,1
506422,506423,506427,4,1
506422,506426,506427,1,4
506422,506426,506427,1,4
506422,506423,506429,6,1
506422,506423,506430,7,1
506422,506423,506430,7,1
506422,506423,506431,8,1
506422,506423,506430,7,1
506422,506423,506431,8,1
506422,506423,506432,9,1
506422,506423,506431,8,1
506422,506423,506432,9,1
506422,506423,506432,9,1
506422,506423,506433,10,1
506549,506549,506551,2,0
506549,506549,506551,2,0
506549,506549,506551,2,0
506549,506549,506551,2,0
506549,506549,506551,2,0
506549,506549,506552,3,0
506549,506549,506552,3,0
506549,506549,506552,3,0
506549,506549,506553,4,0
506549,506551,506553,2,2
506549,506551,506553,2,2
506549,506549,506553,4,0
506549,506551,506553,2,2
506549,506549,506553,4,0
506549,506551,506553,2,2
506549,506549,506553,4,0
506549,506552,506554,2,3
506549,506549,506554,5,0
506549,506552,506553,1,3
506549,506549,506554,5,0
506549,506552,506554,2,3
506549,506549,506555,6,0
506549,506549,506555,6,0
506549,506549,506556,7,0
506549,506549,506557,8,0
506549,506549,506557,8,0
506549,506549,506558,9,0
506549,506549,506558,9,0
506549,506549,506560,11,0
506549,506549,506560,11,0
506549,506549,506559,10,0
506679,506679,506680,1,0
506679,506679,506680,1,0
506679,506679,506681,2,0
506679,506679,506681,2,0
506679,506679,506681,2,0
506679,506679,506682,3,0
506679,506679,506682,3,0
506679,506679,506682,3,0
506679,506679,506682,3,0
506679,506679,506683,4,0
506679,506681,506683,2,2
506679,506681,506683,2,2
506679,506681,506683,2,2
506679,506679,506683,4,0
506679,506682,506683,1,3
506679,506682,506683,1,3
506679,506679,506683,4,0
506679,506683,506684,1,4
506679,506683,506684,1,4
506679,506679,506685,6,0
506679,506679,506685,6,0
506679,506679,506685,6,0
506679,506679,506685,6,0
506679,506679,506686,7,0
506679,506679,506686,7,0
506679,506679,506686,7,0
506679,506679,506688,9,0
506679,506679,506689,10,0
506679,506679,506689,10,0
506679,506679,506689,10,0
506679,506679,506689,10,0
506804,506804,506805,1,0
506804,506804,506805,1,0
506804,506804,506806,2,0
506804,506804,506806,2,0
506804,506804,506806,2,0
506804,506804,506807,3,0
506804,506804,506806,2,0
506804,506804,506807,3,0
506804,506804,506807,3,0
506804,506804,506807,3,0
506804,506806,506808,2,2
506804,506806,506807,1,2
506804,506806,506807,1,2
506804,506806,506808,2,2
506804,506804,506808,4,0
506804,506804,506808,4,0
506804,506804,506809,5,0
506804,506804,506809,5,0
506804,506807,506808,1,3
506804,506807,506809,2,3
506804,506807,506809,2,3
506804,506804,506809,5,0
506804,506804,506810,6,0
506804,506804,506811,7,0
506804,506804,506811,7,0
506804,506804,506811,7,0
506804,506804,506811,7,0
506804,506804,506812,8,0
506804,506804,506813,9,0
506804,506804,506812,8,0
506804,506804,506815,11,0
506929,506929,506930,1,0
506929,506929,506930,1,0
506929,506929,506931,2,0
506929,506929,506931,2,0
506929,506929,506932,3,0
506929,506929,506932,3,0
506929,506930,506932,2,1
506929,506929,506932,3,0
506929,506929,506932,3,0
506929,506929,506932,3,0
506929,506929,506932,3,0
506929,506931,506932,1,2
506929,506931,506932,1,2
506929,506931,506933,2,2
506929,506929,506933,4,0
506929,506932,506933,1,3
506929,506932,506933,1,3
506929,506929,506933,4,0
506929,506932,506934,2,3
506929,506929,506935,6,0
506929,506929,506935,6,0
506929,506929,506935,6,0
506929,506929,506935,6,0
506929,506929,506935,6,0
506929,506929,506935,6,0
506929,506929,506936,7,0
506929,506929,506936,7,0
506929,506929,506936,7,0
506929,506929,506936,7,0
506929,506929,506937,8,0
506929,506929,506940,11,0
507055,507056,507057,1,1
507055,507056,507057,1,1
507055,507056,507057,1,1
507055,507056,507058,2,1
507055,507056,507058,2,1
507055,507056,507058,2,1
507055,507056,507058,2,1
507055,507056,507058,2,1
507055,507056,507059,3,1
507055,507058,507059,1,3
507055,507056,507059,3,1
507055,507058,507059,1,3
507055,507058,507059,1,3
507055,507056,507059,3,1
507055,507056,507060,4,1
507055,507059,507060,1,4
507055,507056,507061,5,1
507055,507056,507060,4,1
507055,507059,507060,1,4
507055,507059,507060,1,4
507055,507059,507060,1,4
507055,507056,507061,5,1
507055,507056,507061,5,1
507055,507056,507062,6,1
507055,507056,507061,5,1
507055,507056,507062,6,1
507055,507056,507062,6,1
507055,507056,507063,7,1
507055,507056,507063,7,1
507055,507056,507065,9,1
507055,507056,507065,9,1
507183,507183,507184,1,0
507183,507183,507185,2,0
507183,507183,507185,2,0
507183,507183,507185,2,0
507183,507183,507186,3,0
507183,507185,507186,1,2
507183,507183,507186,3,0
507183,507183,507185,2,0
507183,507184,507186,2,1
507183,507183,507186,3,0
507183,507186,507187,1,3
507183,507186,507187,1,3
507183,507183,507187,4,0
507183,507186,507187,1,3
507183,507183,507187,4,0
507183,507183,507188,5,0
507183,507183,507188,5,0
507183,507183,507188,5,0
507183,507187,507188,1,4
507183,507187,507188,1,4
507183,507187,507188,1,4
507183,507183,507189,6,0
507183,507183,507189,6,0
507183,507183,507189,6,0
507183,507183,507189,6,0
507183,507183,507189,6,0
507183,507183,507190,7,0
507183,507183,507190,7,0
507183,507183,507190,7,0
507183,507183,507193,10,0
507183,507183,507193,10,0
507311,507311,507312,1,0
507311,507311,507312,1,0
507311,507311,507312,1,0
507311,507311,507314,3,0
507311,507311,507313,2,0
507311,507311,507313,2,0
507311,507311,507313,2,0
507311,507311,507313,2,0
507311,507311,507314,3,0
507311,507311,507315,4,0
507311,507313,507314,1,2
507311,507313,507315,2,2
507311,507311,507314,3,0
507311,507313,507315,2,2
507311,507314,507316,2,3
507311,507314,507315,1,3
507311,507311,507316,5,0
507311,507311,507315,4,0
507311,507311,507316,5,0
507311,507314,507315,1,3
507311,507314,507316,2,3
507311,507311,507316,5,0
507311,507311,507317,6,0
507311,507311,507317,6,0
507311,507311,507317,6,0
507311,507311,507316,5,0
507311,507311,507317,6,0
507311,507311,507318,7,0
507311,507311,507317,6,0
507311,507311,507320,9,0
507311,507311,507322,11,0
507436,507436,507437,1,0
507436,507436,507438,2,0
507436,507436,507437,1,0
507436,507436,507439,3,0
507436,507436,507438,2,0
507436,507436,507438,2,0
507436,507436,507438,2,0
507436,507436,507439,3,0
507436,507436,507439,3,0
507436,507438,507440,2,2
507436,507438,507439,1,2
507436,507438,507440,2,2
507436,507439,507440,1,3
507436,507436,507441,5,0
507436,507436,507441,5,0
507436,507439,507441,2,3
507436,507439,507441,2,3
507436,507436,507441,5,0
507436,507439,507441,2,3
507436,507436,507441,5,0
507436,507436,507441,5,0
507436,507436,507441,5,0
507436,507436,507442,6,0
507436,507436,507441,5,0
507436,507436,507441,5,0
507436,507436,507442,6,0
507436,507436,507444,8,0
507436,507436,507443,7,0
507436,507436,507445,9,0
507436,507436,507446,10,0
507436,507436,507447,11,0
507564,507564,507565,1,0
507564,507564,507566,2,0
507564,507564,507565,1,0
507564,507564,507566,2,0
507564,507564,507567,3,0
507564,507564,507567,3,0
507564,507564,507566,2,0
507564,507564,507567,3,0
507564,507564,507567,3,0
507564,507566,507568,2,2
507564,507566,507568,2,2
507564,507566,507568,2,2
507564,507566,507568,2,2
507564,507564,507569,5,0
507564,507564,507569,5,0
507564,507564,507569,5,0
507564,507567,507568,1,3
507564,507564,507569,5,0
507564,507564,507569,5,0
507564,507567,507569,2,3
507564,507564,507569,5,0
507564,507567,507569,2,3
507564,507564,507570,6,0
507564,507564,507570,6,0
507564,507564,507570,6,0
507564,507564,507570,6,0
507564,507564,507571,7,0
507564,507564,507572,8,0
507564,507564,507575,11,0
507564,507564,507575,11,0
507564,507564,507575,11,0
507693,507693,507694,1,0
507693,507693,507694,1,0
507693,507693,507694,1,0
507693,507693,507695,2,0
507693,507693,507695,2,0
507693,507693,507695,2,0
507693,507693,507696,3,0
507693,507693,507696,3,0
507693,507693,507696,3,0
507693,507695,507696,1,2
507693,507695,507696,1,2
507693,507695,507696,1,2
507693,507693,507698,5,0
507693,507693,507698,5,0
507693,507696,507697,1,3
507693,507693,507698,5,0
507693,507696,507698,2,3
507693,507696,507697,1,3
507693,507693,507698,5,0
507693,507696,507698,2,3
507693,507693,507698,5,0
507693,507693,507698,5,0
507693,507693,507698,5,0
507693,507693,507698,5,0
507693,507693,507699,6,0
507693,507693,507698,5,0
507693,507693,507700,7,0
507693,507693,507701,8,0
507693,507693,507703,10,0
507693,507693,507704,11,0
507693,507693,507704,11,0
507818,507818,507819,1,0
507818,507818,507820,2,0
507818,507818,507819,1,0
507818,507818,507821,3,0
507818,507818,507821,3,0
507818,507818,507820,2,0
507818,507818,507821,3,0
507818,507818,507820,2,0
507818,507818,507821,3,0
507818,507820,507822,2,2
507818,507820,507822,2,2
507818,507820,507821,1,2
507818,507821,507822,1,3
507818,507818,507822,4,0
507818,507821,507822,1,3
507818,507821,507823,2,3
507818,507818,507823,5,0
507818,507821,507823,2,3
507818,507818,507823,5,0
507818,507818,507823,5,0
507818,507818,507824,6,0
507818,507818,507824,6,0
507818,507818,507824,6,0
507818,507818,507824,6,0
507818,507818,507824,6,0
507818,507818,507824,6,0
507818,507818,507824,6,0
507818,507818,507827,9,0
507818,507818,507827,9,0
507818,507818,507828,10,0
507818,507818,507829,11,0
507945,507945,507947,2,0
507945,507945,507947,2,0
507945,507945,507946,1,0
507945,507945,507948,3,0
507945,507945,507948,3,0
507945,507945,507948,3,0
507945,507945,507948,3,0
507945,507945,507948,3,0
507945,507945,507949,4,0
507945,507947,507949,2,2
507945,507947,507949,2,2
507945,507947,507949,2,2
507945,507945,507950,5,0
507945,507948,507950,2,3
507945,507949,507950,1,4
507945,507945,507950,5,0
507945,507949,507950,1,4
507945,507945,507950,5,0
507945,507949,507950,1,4
507945,507945,507951,6,0
507945,507945,507951,6,0
507945,507945,507952,7,0
507945,507945,507951,6,0
507945,507945,507951,6,0
507945,507945,507952,7,0
507945,507945,507952,7,0
507945,507945,507953,8,0
507945,507945,507954,9,0
507945,507945,507954,9,0
507945,507945,507955,10,0
507945,507945,507956,11,0
508074,508074,508076,2,0
508074,508074,508075,1,0
508074,508074,508075,1,0
508074,508074,508076,2,0
508074,508074,508077,3,0
508074,508074,508077,3,0
508074,508074,508077,3,0
508074,508074,508076,2,0
508074,508074,508077,3,0
508074,508076,508077,1,2
508074,508076,508077,1,2
508074,508076,508077,1,2
508074,508077,508078,1,3
508074,508074,508079,5,0
508074,508074,508079,5,0
508074,508074,508078,4,0
508074,508077,508079,2,3
508074,508074,508079,5,0
508074,508077,508079,2,3
508074,508077,508079,2,3
508074,508074,508079,5,0
508074,508074,508079,5,0
508074,508074,508080,6,0
508074,508074,508079,5,0
508074,508074,508080,6,0
508074,508074,508080,6,0
508074,508074,508080,6,0
508074,508074,508082,8,0
508074,508074,508083,9,0
508074,508074,508084,10,0
508074,508074,508083,9,0
508201,508201,508202,1,0
508201,508201,508203,2,0
508201,508201,508203,2,0
508201,508201,508204,3,0
508201,508201,508204,3,0
508201,508203,508204,1,2
508201,508201,508204,3,0
508201,508202,508204,2,1
508201,508201,508205,4,0
508201,508204,508205,1,3
508201,508202,508205,3,1
508201,508204,508205,1,3
508201,508201,508206,5,0
508201,508201,508206,5,0
508201,508205,508206,1,4
508201,508201,508206,5,0
508201,508205,508206,1,4
508201,508201,508207,6,0
508201,508205,508206,1,4
508201,508201,508206,5,0
508201,508205,508206,1,4
508201,508201,508207,6,0
508201,508201,508207,6,0
508201,508201,508207,6,0
508201,508201,508207,6,0
508201,508201,508208,7,0
508201,508201,508210,9,0
508201,508201,508209,8,0
508201,508201,508211,10,0
508201,508201,508212,11,0
508201,508201,508211,10,0
508326,508326,508327,1,0
508326,508326,508327,1,0
508326,508326,508327,1,0
508326,508326,508328,2,0
508326,508326,508329,3,0
508326,508326,508329,3,0
508326,508326,508328,2,0
508326,508326,508329,3,0
508326,508326,508329,3,0
508326,508328,508329,1,2
508326,508328,508329,1,2
508326,508328,508329,1,2
508326,508326,508331,5,0
508326,508326,508330,4,0
508326,508329,508331,2,3
508326,508326,508330,4,0
508326,508326,508331,5,0
508326,508329,508331,2,3
508326,508326,508330,4,0
508326,508329,508330,1,3
508326,508326,508330,4,0
508326,508329,508330,1,3
508326,508326,508331,5,0
508326,508326,508332,6,0
508326,508326,508333,7,0
508326,508326,508334,8,0
508326,508326,508335,9,0
508326,508326,508334,8,0
508326,508326,508334,8,0
508326,508326,508336,10,0
508326,508326,508336,10,0
508451,508451,508452,1,0
508451,508451,508452,1,0
508451,508451,508453,2,0
508451,508451,508453,2,0
508451,508451,508454,3,0
508451,508451,508454,3,0
508451,508452,508454,2,1
508451,508451,508454,3,0
508451,508451,508454,3,0
508451,508451,508455,4,0
508451,508453,508455,2,2
508451,508453,508455,2,2
508451,508453,508455,2,2
508451,508451,508455,4,0
508451,508451,508455,4,0
508451,508451,508456,5,0
508451,508454,508455,1,3
508451,508454,508456,2,3
508451,508451,508456,5,0
508451,508454,508456,2,3
508451,508451,508456,5,0
508451,508451,508457,6,0
508451,508451,508457,6,0
508451,508451,508458,7,0
508451,508451,508459,8,0
508451,508451,508459,8,0
508451,508451,508460,9,0
508451,508451,508460,9,0
508451,508451,508461,10,0
508451,508451,508461,10,0
508451,508451,508462,11,0
508577,508577,508579,2,0
508577,508577,508579,2,0
508577,508577,508579,2,0
508577,508577,508580,3,0
508577,508577,508581,4,0
508577,508579,508581,2,2
508577,508577,508581,4,0
508577,508577,508580,3,0
508577,508577,508581,4,0
508577,508579,508581,2,2
508577,508577,508581,4,0
508577,508579,508581,2,2
508577,508577,508581,4,0
508577,508577,508582,5,0
508577,508577,508582,5,0
508577,508580,508582,2,3
508577,508577,508583,6,0
508577,508577,508583,6,0
508577,508582,508583,1,5
508577,508582,508583,1,5
508577,508577,508583,6,0
508577,508577,508584,7,0
508577,508577,508585,8,0
508577,508577,508586,9,0
508577,508577,508586,9,0
508577,508577,508586,9,0
508577,508577,508587,10,0
508577,508577,508586,9,0
508577,508577,508587,10,0
508577,508577,508589,12,0
508707,508707,508708,1,0
508707,508707,508708,1,0
508707,508707,508709,2,0
508707,508707,508710,3,0
508707,508707,508709,2,0
508707,508707,508710,3,0
508707,508707,508710,3,0
508707,508707,508710,3,0
508707,508709,508711,2,2
508707,508707,508710,3,0
508707,508709,508711,2,2
508707,508709,508711,2,2
508707,508707,508711,4,0
508707,508710,508711,1,3
508707,508707,508712,5,0
508707,508710,508712,2,3
508707,508710,508711,1,3
508707,508710,508712,2,3
508707,508707,508712,5,0
508707,508707,508713,6,0
508707,508707,508712,5,0
508707,508707,508712,5,0
508707,508707,508714,7,0
508707,508707,508715,8,0
508707,508707,508715,8,0
508707,508707,508715,8,0
508707,508707,508716,9,0
508707,508707,508716,9,0
508707,508707,508716,9,0
508707,508707,508717,10,0
508707,508707,508718,11,0
508833,508833,508834,1,0
508833,508834,508835,1,1
508833,508834,508835,1,1
508833,508834,508836,2,1
508833,508834,508836,2,1
508833,508834,508836,2,1
508833,508834,508837,3,1
508833,508834,508837,3,1
508833,508835,508836,1,2
508833,508836,508837,1,3
508833,508836,508837,1,3
508833,508834,508838,4,1
508833,508834,508838,4,1
508833,508834,508838,4,1
508833,508834,508838,4,1
508833,508837,508838,1,4
508833,508837,508838,1,4
508833,508837,508838,1,4
508833,508834,508838,4,1
508833,508837,508838,1,4
508833,508834,508839,5,1
508833,508834,508839,5,1
508833,508834,508840,6,1
508833,508834,508842,8,1
508833,508834,508841,7,1
508833,508834,508841,7,1
508833,508834,508841,7,1
508833,508834,508843,9,1
508833,508834,508842,8,1
508833,508834,508844,10,1
508833,508834,508844,10,1
508966,508967,508968,1,1
508966,508967,508968,1,1
508966,508967,508968,1,1
508966,508967,508969,2,1
508966,508967,508970,3,1
508966,508967,508969,2,1
508966,508967,508969,2,1
508966,508967,508970,3,1
508966,508969,508970,1,3
508966,508967,508970,3,1
508966,508969,508970,1,3
508966,508969,508970,1,3
508966,508967,508970,3,1
508966,508967,508971,4,1
508966,508970,508971,1,4
508966,508967,508971,4,1
508966,508967,508971,4,1
508966,508970,508971,1,4
508966,508967,508971,4,1
508966,508970,508971,1,4
508966,508970,508971,1,4
508966,508967,508972,5,1
508966,508967,508973,6,1
508966,508967,508974,7,1
508966,508967,508975,8,1
508966,508967,508974,7,1
508966,508967,508974,7,1
508966,508967,508975,8,1
508966,508967,508976,9,1
508966,508967,508977,10,1
508966,508967,508977,10,1
509092,509092,509093,1,0
509092,509092,509093,1,0
509092,509092,509094,2,0
509092,509092,509095,3,0
509092,509092,509095,3,0
509092,509092,509095,3,0
509092,509093,509095,2,1
509092,509092,509095,3,0
509092,509092,509095,3,0
509092,509094,509096,2,2
509092,509092,509095,3,0
509092,509094,509095,1,2
509092,509092,509096,4,0
509092,509092,509095,3,0
509092,509092,509096,4,0
509092,509092,509097,5,0
509092,509092,509096,4,0
509092,509095,509097,2,3
509092,509095,509096,1,3
509092,509095,509096,1,3
509092,509095,509097,2,3
509092,509092,509098,6,0
509092,509092,509098,6,0
509092,509092,509099,7,0
509092,509092,509100,8,0
509092,509092,509100,8,0
509092,509092,509100,8,0
509092,509092,509101,9,0
509092,509092,509102,10,0
509092,509092,509103,11,0
509092,509092,509103,11,0
509218,509218,509219,1,0
509218,509218,509219,1,0
509218,509218,509219,1,0
509218,509219,509221,2,1
509218,509218,509220,2,0
509218,509218,509220,2,0
509218,509218,509220,2,0
509218,509218,509221,3,0
509218,509220,509222,2,2
509218,509218,509221,3,0
509218,509218,509222,4,0
509218,509220,509221,1,2
509218,509218,509221,3,0
509218,509221,509222,1,3
509218,509221,509222,1,3
509218,509221,509222,1,3
509218,509218,509222,4,0
509218,509221,509222,1,3
509218,509218,509223,5,0
509218,509218,509224,6,0
509218,509218,509223,5,0
509218,509218,509224,6,0
509218,509218,509224,6,0
509218,509218,509225,7,0
509218,509218,509227,9,0
509218,509218,509228,10,0
509218,509218,509228,10,0
509218,509218,509228,10,0
509218,509218,509228,10,0
509218,509218,509228,10,0
509218,509218,509229,11,0
509343,509343,509345,2,0
509343,509343,509344,1,0
509343,509343,509344,1,0
509343,509343,509346,3,0
509343,509343,509346,3,0
509343,509343,509346,3,0
509343,509343,509346,3,0
509343,509343,509345,2,0
509343,509343,509346,3,0
509343,509345,509347,2,2
509343,509343,509347,4,0
509343,509345,509347,2,2
509343,509345,509347,2,2
509343,509346,509347,1,3
509343,509343,509347,4,0
509343,509343,509348,5,0
509343,509343,509348,5,0
509343,509346,509348,2,3
509343,509346,509348,2,3
509343,509343,509348,5,0
509343,509346,509348,2,3
509343,509343,509349,6,0
509343,509343,509349,6,0
509343,509343,509350,7,0
509343,509343,509351,8,0
509343,509343,509351,8,0
509343,509343,509351,8,0
509343,509343,509353,10,0
509343,509343,509353,10,0
509343,509343,509354,11,0
509343,509343,509355,12,0
509469,509469,509470,1,0
509469,509469,509470,1,0
509469,509469,509470,1,0
509469,509469,509471,2,0
509469,509469,509471,2,0
509469,509469,509471,2,0
509469,509469,509471,2,0
509469,509471,509472,1,2
509469,509469,509472,3,0
509469,509471,509472,1,2
509469,509469,509472,3,0
509469,509471,509472,1,2
509469,509469,509473,4,0
509469,509471,509472,1,2
509469,509469,509474,5,0
509469,509469,509473,4,0
509469,509472,509474,2,3
509469,509469,509473,4,0
509469,509472,509473,1,3
509469,509469,509474,5,0
509469,509472,509473,1,3
509469,509469,509474,5,0
509469,509469,509475,6,0
509469,509469,509476,7,0
509469,509469,509475,6,0
509469,509469,509477,8,0
509469,509469,509476,7,0
509469,509469,509478,9,0
509469,509469,509478,9,0
509469,509469,509479,10,0
509469,509469,509480,11,0
509593,509593,509594,1,0
509593,509593,509594,1,0
509593,509593,509594,1,0
509593,509593,509595,2,0
509593,509593,509596,3,0
509593,509593,509595,2,0
509593,509593,509595,2,0
509593,509593,509596,3,0
509593,509593,509596,3,0
509593,509595,509596,1,2
509593,509595,509596,1,2
509593,509595,509596,1,2
509593,509595,509596,1,2
509593,509593,509597,4,0
509593,509596,509597,1,3
509593,509593,509597,4,0
509593,509596,509597,1,3
509593,509593,509597,4,0
509593,509593,509597,4,0
509593,509596,509598,2,3
509593,509593,509598,5,0
509593,509593,509599,6,0
509593,509593,509600,7,0
509593,509593,509600,7,0
509593,509593,509601,8,0
509593,509593,509601,8,0
509593,509593,509601,8,0
509593,509593,509600,7,0
509593,509593,509602,9,0
509593,509593,509603,10,0
509593,509593,509604,11,0
509719,509719,509720,1,0
509719,509719,509720,1,0
509719,509719,509720,1,0
509719,509719,509721,2,0
509719,509719,509721,2,0
509719,509719,509721,2,0
509719,509719,509721,2,0
509719,509719,509722,3,0
509719,509719,509722,3,0
509719,509721,509722,1,2
509719,509721,509722,1,2
509719,509719,509722,3,0
509719,509719,509722,3,0
509719,509721,509722,1,2
509719,509721,509722,1,2
509719,509722,509723,1,3
509719,509719,509723,4,0
509719,509719,509723,4,0
509719,509722,509723,1,3
509719,509719,509723,4,0
509719,509722,509723,1,3
509719,509719,509724,5,0
509719,509719,509725,6,0
509719,509719,509725,6,0
509719,509719,509725,6,0
509719,509719,509726,7,0
509719,509719,509726,7,0
509719,509719,509727,8,0
509719,509719,509728,9,0
509719,509719,509728,9,0
509719,509719,509728,9,0
509843,509843,509844,1,0
509843,509843,509844,1,0
509843,509843,509845,2,0
509843,509843,509845,2,0
509843,509843,509846,3,0
509843,509844,509845,1,1
509843,509843,509846,3,0
509843,509843,509845,2,0
509843,509843,509845,2,0
509843,509843,509846,3,0
509843,509843,509847,4,0
509843,509843,509847,4,0
509843,509845,509847,2,2
509843,509845,509846,1,2
509843,509843,509847,4,0
509843,509843,509847,4,0
509843,509846,509847,1,3
509843,509846,509847,1,3
509843,509846,509847,1,3
509843,509846,509847,1,3
509843,509843,509849,6,0
509843,509843,509850,7,0
509843,509843,509849,6,0
509843,509843,509849,6,0
509843,509843,509850,7,0
509843,509843,509850,7,0
509843,509843,509850,7,0
509843,509843,509850,7,0
509843,509843,509852,9,0
509843,509843,509852,9,0
509843,509843,509854,11,0
509970,509970,509972,2,0
509970,509970,509971,1,0
509970,509970,509972,2,0
509970,509970,509973,3,0
509970,509970,509973,3,0
509970,509970,509973,3,0
509970,509970,509972,2,0
509970,509970,509973,3,0
509970,509970,509973,3,0
509970,509972,509974,2,2
509970,509972,509974,2,2
509970,509970,509974,4,0
509970,509972,509974,2,2
509970,509970,509974,4,0
509970,509973,509975,2,3
509970,509970,509975,5,0
509970,509973,509975,2,3
509970,509973,509975,2,3
509970,509974,509975,1,4
509970,509970,509975,5,0
509970,509970,509976,6,0
509970,509970,509977,7,0
509970,509970,509977,7,0
509970,509970,509977,7,0
509970,509970,509978,8,0
509970,509970,509978,8,0
509970,509970,509978,8,0
509970,509970,509978,8,0
509970,509970,509978,8,0
509970,509970,509981,11,0
509970,509970,509981,11,0
510096,510096,510097,1,0
510096,510096,510097,1,0
510096,510096,510098,2,0
510096,510096,510098,2,0
510096,510096,510098,2,0
510096,510097,510098,1,1
510096,510096,510098,2,0
510096,510096,510098,2,0
510096,510096,510100,4,0
510096,510096,510099,3,0
510096,510098,510099,1,2
510096,510096,510100,4,0
510096,510098,510100,2,2
510096,510096,510100,4,0
510096,510096,510100,4,0
510096,510099,510100,1,3
510096,510099,510100,1,3
510096,510096,510100,4,0
510096,510099,510100,1,3
510096,510099,510100,1,3
510096,510096,510102,6,0
510096,510096,510102,6,0
510096,510096,510102,6,0
510096,510096,510103,7,0
510096,510096,510103,7,0
510096,510096,510102,6,0
510096,510096,510103,7,0
510096,510096,510104,8,0
510096,510096,510104,8,0
510096,510096,510105,9,0
510096,510096,510107,11,0
510223,510224,510225,1,1
510223,510224,510226,2,1
510223,510224,510225,1,1
510223,510224,510226,2,1
510223,510224,510226,2,1
510223,510224,510226,2,1
510223,510225,510226,1,2
510223,510224,510226,2,1
510223,510224,510227,3,1
510223,510226,510227,1,3
510223,510224,510227,3,1
510223,510226,510227,1,3
510223,510227,510228,1,4
510223,510224,510227,3,1
510223,510226,510227,1,3
510223,510227,510228,1,4
510223,510224,510228,4,1
510223,510227,510228,1,4
510223,510224,510229,5,1
510223,510224,510229,5,1
510223,510224,510229,5,1
510223,510224,510230,6,1
510223,510224,510230,6,1
510223,510224,510230,6,1
510223,510224,510231,7,1
510223,510224,510231,7,1
510223,510224,510232,8,1
510223,510224,510231,7,1
510223,510224,510231,7,1
510223,510224,510235,11,1
510352,510352,510354,2,0
510352,510352,510354,2,0
510352,510352,510353,1,0
510352,510352,510354,2,0
510352,510352,510354,2,0
510352,510352,510355,3,0
510352,510352,510354,2,0
510352,510352,510355,3,0
510352,510352,510356,4,0
510352,510352,510356,4,0
510352,510352,510355,3,0
510352,510354,510356,2,2
510352,510354,510356,2,2
510352,510354,510356,2,2
510352,510352,510356,4,0
510352,510352,510356,4,0
510352,510355,510356,1,3
510352,510354,510356,2,2
510352,510356,510357,1,4
510352,510352,510357,5,0
510352,510356,510357,1,4
510352,510352,510358,6,0
510352,510352,510359,7,0
510352,510352,510359,7,0
510352,510352,510359,7,0
510352,510352,510359,7,0
510352,510352,510359,7,0
510352,510352,510360,8,0
510352,510352,510360,8,0
510352,510352,510360,8,0
510352,510352,510362,10,0
510476,510476,510477,1,0
510476,510476,510477,1,0
510476,510476,510477,1,0
510476,510476,510478,2,0
510476,510476,510478,2,0
510476,510476,510478,2,0
510476,510476,510478,2,0
510476,510476,510479,3,0
510476,510476,510480,4,0
510476,510478,510479,1,2
510476,510476,510479,3,0
510476,510478,510479,1,2
510476,510476,510480,4,0
510476,510478,510479,1,2
510476,510479,510480,1,3
510476,510476,510480,4,0
510476,510476,510480,4,0
510476,510476,510480,4,0
510476,510479,510480,1,3
510476,510479,510480,1,3
510476,510479,510480,1,3
510476,510476,510482,6,0
510476,510476,510481,5,0
510476,510476,510482,6,0
510476,510476,510482,6,0
510476,510476,510483,7,0
510476,510476,510483,7,0
510476,510476,510483,7,0
510476,510476,510484,8,0
510476,510476,510486,10,0
510476,510476,510487,11,0
510848,510848,510849,1,0
510848,510848,510849,1,0
510848,510848,510849,1,0
510848,510848,510850,2,0
510848,510848,510850,2,0
510848,510848,510851,3,0
510848,510848,510850,2,0
510848,510848,510850,2,0
510848,510848,510851,3,0
510848,510849,510850,1,1
510848,510848,510852,4,0
510848,510848,510851,3,0
510848,510848,510852,4,0
510848,510848,510851,3,0
510848,510850,510851,1,2
510848,510848,510851,3,0
510848,510850,510852,2,2
510848,510851,510852,1,3
510848,510848,510853,5,0
510848,510851,510852,1,3
510848,510851,510852,1,3
510848,510851,510852,1,3
510848,510848,510853,5,0
510848,510848,510852,4,0
510848,510848,510853,5,0
510848,510848,510853,5,0
510848,510848,510855,7,0
510848,510848,510855,7,0
510848,510848,510855,7,0
510848,510848,510856,8,0
510848,510848,510856,8,0
511097,511097,511098,1,0
511097,511097,511099,2,0
511097,511097,511098,1,0
511097,511097,511099,2,0
511097,511097,511100,3,0
511097,511098,511100,2,1
511097,511097,511100,3,0
511097,511097,511100,3,0
511097,511097,511100,3,0
511097,511097,511100,3,0
511097,511097,511100,3,0
511097,511097,511100,3,0
511097,511097,511101,4,0
511097,511097,511101,4,0
511097,511097,511101,4,0
511097,511099,511101,2,2
511097,511097,511101,4,0
511097,511100,511101,1,3
511097,511099,511101,2,2
511097,511097,511102,5,0
511097,511101,511102,1,4
511097,511101,511102,1,4
511097,511101,511102,1,4
511097,511097,511102,5,0
511097,511097,511103,6,0
511097,511097,511104,7,0
511097,511097,511104,7,0
511097,511097,511104,7,0
511097,511097,511105,8,0
511097,511097,511105,8,0
511097,511097,511105,8,0
511223,511223,511225,2,0
511223,511223,511224,1,0
511223,511223,511224,1,0
511223,511223,511225,2,0
511223,511223,511225,2,0
511223,511223,511226,3,0
511223,511223,511226,3,0
511223,511223,511226,3,0
511223,511223,511226,3,0
511223,511223,511226,3,0
511223,511223,511226,3,0
511223,511223,511226,3,0
511223,511225,511227,2,2
511223,511223,511226,3,0
511223,511225,511227,2,2
511223,511223,511226,3,0
511223,511225,511227,2,2
511223,511223,511227,4,0
511223,511225,511227,2,2
511223,511225,511227,2,2
511223,511223,511227,4,0
511223,511223,511228,5,0
511223,511226,511228,2,3
511223,511226,511228,2,3
511223,511223,511229,6,0
511223,511223,511228,5,0
511223,511223,511229,6,0
511223,511223,511229,6,0
511223,511223,511229,6,0
511223,511223,511231,8,0
511223,511223,511232,9,0
511348,511348,511349,1,0
511348,511348,511349,1,0
511348,511348,511349,1,0
511348,511348,511350,2,0
511348,511348,511351,3,0
511348,511348,511350,2,0
511348,511348,511350,2,0
511348,511348,511351,3,0
511348,511348,511350,2,0
511348,511349,511350,1,1
511348,511348,511351,3,0
511348,511348,511350,2,0
511348,511348,511350,2,0
511348,511348,511351,3,0
511348,511350,511351,1,2
511348,511348,511351,3,0
511348,511350,511351,1,2
511348,511348,511351,3,0
511348,511350,511352,2,2
511348,511351,511352,1,3
511348,511351,511352,1,3
511348,511351,511352,1,3
511348,511348,511353,5,0
511348,511348,511353,5,0
511348,511348,511353,5,0
511348,511348,511354,6,0
511348,511348,511354,6,0
511348,511348,511354,6,0
511348,511348,511356,8,0
511348,511348,511356,8,0
511348,511348,511356,8,0
511474,511474,511475,1,0
511474,511474,511475,1,0
511474,511474,511476,2,0
511474,511474,511475,1,0
511474,511475,511476,1,1
511474,511474,511476,2,0
511474,511474,511476,2,0
511474,511474,511477,3,0
511474,511474,511476,2,0
511474,511474,511476,2,0
511474,511474,511476,2,0
511474,511474,511476,2,0
511474,511474,511476,2,0
511474,511474,511478,4,0
511474,511476,511477,1,2
511474,511476,511477,1,2
511474,511474,511477,3,0
511474,511474,511477,3,0
511474,511476,511478,2,2
511474,511477,511478,1,3
511474,511477,511478,1,3
511474,511477,511478,1,3
511474,511474,511480,6,0
511474,511474,511480,6,0
511474,511474,511480,6,0
511474,511474,511480,6,0
511474,511474,511480,6,0
511474,511474,511481,7,0
511474,511474,511481,7,0
511474,511474,511481,7,0
511474,511474,511482,8,0
511600,511600,511601,1,0
511600,511600,511601,1,0
511600,511600,511601,1,0
511600,511600,511602,2,0
511600,511600,511603,3,0
511600,511600,511602,2,0
511600,511600,511602,2,0
511600,511600,511603,3,0
511600,511600,511603,3,0
511600,511600,511603,3,0
511600,511600,511602,2,0
511600,511600,511602,2,0
511600,511600,511603,3,0
511600,511600,511604,4,0
511600,511602,511604,2,2
511600,511602,511604,2,2
511600,511602,511604,2,2
511600,511600,511604,4,0
511600,511603,511605,2,3
511600,511603,511605,2,3
511600,511603,511604,1,3
511600,511603,511605,2,3
511600,511600,511606,6,0
511600,511600,511606,6,0
511600,511600,511607,7,0
511600,511600,511607,7,0
511600,511600,511607,7,0
511600,511600,511608,8,0
511600,511600,511608,8,0
511600,511600,511608,8,0
511600,511600,511610,10,0
511726,511726,511727,1,0
511726,511726,511727,1,0
511726,511726,511727,1,0
511726,511726,511727,1,0
511726,511726,511728,2,0
511726,511726,511728,2,0
511726,511726,511728,2,0
511726,511726,511728,2,0
511726,511726,511728,2,0
511726,511726,511728,2,0
511726,511726,511728,2,0
511726,511726,511728,2,0
511726,511727,511728,1,1
511726,511726,511728,2,0
511726,511728,511729,1,2
511726,511726,511730,4,0
511726,511726,511729,3,0
511726,511728,511729,1,2
511726,511728,511729,1,2
511726,511728,511729,1,2
511726,511726,511730,4,0
511726,511729,511730,1,3
511726,511729,511730,1,3
511726,511726,511731,5,0
511726,511726,511731,5,0
511726,511726,511732,6,0
511726,511726,511733,7,0
511726,511726,511734,8,0
511726,511726,511733,7,0
511726,511726,511734,8,0
511726,511726,511736,10,0
511851,511851,511852,1,0
511851,511851,511852,1,0
511851,511851,511852,1,0
511851,511851,511853,2,0
511851,511851,511852,1,0
511851,511851,511853,2,0
511851,511851,511853,2,0
511851,511851,511854,3,0
511851,511851,511853,2,0
511851,511851,511853,2,0
511851,511851,511853,2,0
511851,511851,511854,3,0
511851,511851,511853,2,0
511851,511851,511855,4,0
511851,511853,511855,2,2
511851,511853,511854,1,2
511851,511851,511854,3,0
511851,511853,511855,2,2
511851,511853,511854,1,2
511851,511853,511854,1,2
511851,511853,511855,2,2
511851,511853,511855,2,2
511851,511851,511856,5,0
511851,511851,511857,6,0
511851,511851,511858,7,0
511851,511851,511858,7,0
511851,511851,511857,6,0
511851,511851,511858,7,0
511851,511851,511858,7,0
511851,511851,511861,10,0
511851,511851,511861,10,0
511977,511977,511978,1,0
511977,511977,511978,1,0
511977,511977,511979,2,0
511977,511977,511978,1,0
511977,511977,511978,1,0
511977,511977,511978,1,0
511977,511977,511978,1,0
511977,511977,511978,1,0
511977,511977,511979,2,0
511977,511977,511979,2,0
511977,511977,511979,2,0
511977,511977,511980,3,0
511977,511978,511979,1,1
511977,511977,511980,3,0
511977,511977,511980,3,0
511977,511979,511980,1,2
511977,511977,511980,3,0
511977,511977,511980,3,0
511977,511979,511980,1,2
511977,511979,511980,1,2
511977,511979,511980,1,2
511977,511979,511980,1,2
511977,511979,511980,1,2
511977,511977,511981,4,0
511977,511977,511983,6,0
511977,511977,511982,5,0
511977,511977,511982,5,0
511977,511977,511982,5,0
511977,511977,511982,5,0
511977,511977,511984,7,0
511977,511977,511986,9,0
512102,512102,512103,1,0
512102,512102,512104,2,0
512102,512103,512104,1,1
512102,512102,512104,2,0
512102,512103,512105,2,1
512102,512102,512104,2,0
512102,512103,512104,1,1
512102,512102,512105,3,0
512102,512103,512105,2,1
512102,512104,512105,1,2
512102,512102,512105,3,0
512102,512103,512105,2,1
512102,512103,512105,2,1
512102,512103,512105,2,1
512102,512103,512105,2,1
512102,512102,512106,4,0
512102,512102,512106,4,0
512102,512105,512106,1,3
512102,512102,512106,4,0
512102,512105,512106,1,3
512102,512105,512106,1,3
512102,512102,512107,5,0
512102,512105,512106,1,3
512102,512105,512106,1,3
512102,512105,512106,1,3
512102,512102,512107,5,0
512102,512102,512108,6,0
512102,512102,512108,6,0
512102,512102,512110,8,0
512102,512102,512110,8,0
512102,512102,512112,10,0
512228,512229,512230,1,1
512228,512228,512230,2,0
512228,512228,512230,2,0
512228,512228,512230,2,0
512228,512229,512230,1,1
512228,512229,512230,1,1
512228,512229,512230,1,1
512228,512228,512230,2,0
512228,512229,512230,1,1
512228,512229,512231,2,1
512228,512229,512231,2,1
512228,512229,512231,2,1
512228,512229,512231,2,1
512228,512228,512232,4,0
512228,512228,512232,4,0
512228,512228,512232,4,0
512228,512231,512232,1,3
512228,512229,512232,3,1
512228,512231,512232,1,3
512228,512231,512232,1,3
512228,512228,512232,4,0
512228,512231,512232,1,3
512228,512231,512232,1,3
512228,512231,512232,1,3
512228,512229,512232,3,1
512228,512231,512232,1,3
512228,512229,512233,4,1
512228,512228,512234,6,0
512228,512228,512235,7,0
512228,512229,512235,6,1
512228,512228,512237,9,0
512358,512358,512359,1,0
512358,512358,512360,2,0
512358,512358,512360,2,0
512358,512358,512359,1,0
512358,512358,512359,1,0
512358,512358,512359,1,0
512358,512358,512359,1,0
512358,512358,512361,3,0
512358,512358,512360,2,0
512358,512358,512360,2,0
512358,512358,512360,2,0
512358,512358,512361,3,0
512358,512358,512360,2,0
512358,512358,512362,4,0
512358,512358,512361,3,0
512358,512358,512362,4,0
512358,512358,512361,3,0
512358,512360,512361,1,2
512358,512360,512361,1,2
512358,512360,512362,2,2
512358,512360,512361,1,2
512358,512360,512361,1,2
512358,512360,512361,1,2
512358,512358,512362,4,0
512358,512360,512361,1,2
512358,512358,512362,4,0
512358,512358,512363,5,0
512358,512358,512363,5,0
512358,512358,512364,6,0
512358,512358,512366,8,0
512358,512358,512369,11,0
512484,512484,512486,2,0
512484,512484,512485,1,0
512484,512484,512486,2,0
512484,512484,512485,1,0
512484,512484,512486,2,0
512484,512484,512486,2,0
512484,512484,512486,2,0
512484,512484,512486,2,0
512484,512484,512486,2,0
512484,512484,512486,2,0
512484,512484,512487,3,0
512484,512484,512487,3,0
512484,512486,512487,1,2
512484,512484,512488,4,0
512484,512484,512488,4,0
512484,512484,512488,4,0
512484,512486,512487,1,2
512484,512486,512487,1,2
512484,512484,512488,4,0
512484,512486,512488,2,2
512484,512486,512487,1,2
512484,512484,512488,4,0
512484,512486,512488,2,2
512484,512484,512488,4,0
512484,512484,512488,4,0
512484,512486,512488,2,2
512484,512484,512488,4,0
512484,512484,512489,5,0
512484,512484,512488,4,0
512484,512484,512491,7,0
512484,512484,512495,11,0
512611,512611,512612,1,0
512611,512611,512613,2,0
512611,512611,512613,2,0
512611,512611,512612,1,0
512611,512611,512613,2,0
512611,512611,512613,2,0
512611,512611,512613,2,0
512611,512611,512613,2,0
512611,512611,512613,2,0
512611,512611,512613,2,0
512611,512612,512614,2,1
512611,512611,512614,3,0
512611,512611,512614,3,0
512611,512611,512614,3,0
512611,512611,512614,3,0
512611,512611,512615,4,0
512611,512611,512615,4,0
512611,512613,512614,1,2
512611,512613,512615,2,2
512611,512611,512615,4,0
512611,512613,512614,1,2
512611,512613,512614,1,2
512611,512611,512615,4,0
512611,512611,512615,4,0
512611,512613,512615,2,2
512611,512611,512615,4,0
512611,512613,512615,2,2
512611,512611,512616,5,0
512611,512611,512616,5,0
512611,512611,512619,8,0
512611,512611,512619,8,0
512736,512736,512737,1,0
512736,512736,512737,1,0
512736,512736,512738,2,0
512736,512736,512738,2,0
512736,512737,512738,1,1
512736,512736,512738,2,0
512736,512736,512738,2,0
512736,512737,512738,1,1
512736,512736,512739,3,0
512736,512736,512739,3,0
512736,512738,512739,1,2
512736,512736,512739,3,0
512736,512736,512739,3,0
512736,512738,512739,1,2
512736,512737,512739,2,1
512736,512736,512739,3,0
512736,512737,512739,2,1
512736,512736,512740,4,0
512736,512739,512740,1,3
512736,512739,512740,1,3
512736,512736,512740,4,0
512736,512737,512740,3,1
512736,512739,512740,1,3
512736,512736,512740,4,0
512736,512736,512741,5,0
512736,512736,512740,4,0
512736,512739,512740,1,3
512736,512739,512740,1,3
512736,512736,512742,6,0
512736,512736,512744,8,0
512736,512737,512744,7,1
512862,512862,512864,2,0
512862,512862,512864,2,0
512862,512862,512863,1,0
512862,512862,512864,2,0
512862,512862,512864,2,0
512862,512862,512864,2,0
512862,512862,512864,2,0
512862,512862,512864,2,0
512862,512862,512865,3,0
512862,512864,512865,1,2
512862,512862,512865,3,0
512862,512864,512865,1,2
512862,512862,512865,3,0
512862,512862,512864,2,0
512862,512862,512865,3,0
512862,512862,512865,3,0
512862,512864,512866,2,2
512862,512862,512866,4,0
512862,512862,512866,4,0
512862,512862,512866,4,0
512862,512864,512865,1,2
512862,512864,512865,1,2
512862,512862,512866,4,0
512862,512862,512866,4,0
512862,512864,512866,2,2
512862,512864,512866,2,2
512862,512862,512867,5,0
512862,512862,512866,4,0
512862,512862,512867,5,0
512862,512862,512867,5,0
512862,512862,512868,6,0
512992,512992,512993,1,0
512992,512992,512993,1,0
512992,512992,512994,2,0
512992,512992,512993,1,0
512992,512992,512993,1,0
512992,512992,512993,1,0
512992,512992,512993,1,0
512992,512992,512993,1,0
512992,512992,512994,2,0
512992,512992,512994,2,0
512992,512992,512993,1,0
512992,512992,512993,1,0
512992,512992,512994,2,0
512992,512992,512994,2,0
512992,512992,512995,3,0
512992,512992,512994,2,0
512992,512993,512994,1,1
512992,512992,512995,3,0
512992,512994,512995,1,2
512992,512992,512994,2,0
512992,512994,512995,1,2
512992,512994,512995,1,2
512992,512992,512995,3,0
512992,512992,512996,4,0
512992,512992,512995,3,0
512992,512994,512995,1,2
512992,512994,512995,1,2
512992,512992,512996,4,0
512992,512994,512995,1,2
512992,512992,512996,4,0
512992,512992,512996,4,0
513001,513001,513002,1,0
513001,513001,513002,1,0
513001,513001,513002,1,0
513001,513001,513002,1,0
513001,513001,513002,1,0
513001,513001,513002,1,0
513001,513001,513003,2,0
513001,513001,513002,1,0
513001,513001,513002,1,0
513001,513001,513002,1,0
513001,513001,513002,1,0
513001,513001,513003,2,0
513001,513001,513003,2,0
513001,513001,513002,1,0
513001,513001,513002,1,0
513001,513001,513003,2,0
513001,513002,513003,1,1
513001,513001,513003,2,0
513001,513003,513004,1,2
513001,513002,513003,1,1
513001,513003,513004,1,2
513001,513001,513004,3,0
513001,513001,513003,2,0
513001,513001,513004,3,0
513001,513001,513004,3,0
513001,513003,513004,1,2
513001,513003,513004,1,2
513001,513001,513004,3,0
513001,513003,513004,1,2
513001,513001,513004,3,0
513126,513126,513127,1,0
513126,513126,513128,2,0
513126,513126,513127,1,0
513126,513126,513128,2,0
513126,513126,513127,1,0
513126,513126,513128,2,0
513126,513126,513127,1,0
513126,513126,513127,1,0
513126,513126,513127,1,0
513126,513126,513127,1,0
513126,513126,513127,1,0
513126,513126,513127,1,0
513126,513126,513127,1,0
513126,513126,513128,2,0
513126,513126,513127,1,0
513126,513126,513128,2,0
513126,513126,513128,2,0
513126,513126,513128,2,0
513126,513126,513128,2,0
513126,513126,513128,2,0
513126,513126,513128,2,0
513126,513128,513129,1,2
513126,513126,513129,3,0
513126,513126,513129,3,0
513126,513126,513129,3,0
513126,513128,513129,1,2
513126,513128,513129,1,2
513126,513128,513129,1,2
513126,513128,513129,1,2
513126,513128,513129,1,2
513126,513128,513129,1,2
513251,513251,513252,1,0
513251,513251,513252,1,0
513251,513251,513252,1,0
513251,513251,513253,2,0
513251,513251,513252,1,0
513251,513251,513252,1,0
513251,513251,513253,2,0
513251,513251,513253,2,0
513251,513251,513253,2,0
513251,513251,513253,2,0
513251,513251,513253,2,0
513251,513251,513253,2,0
513251,513251,513253,2,0
513251,513251,513253,2,0
513251,513251,513253,2,0
513251,513251,513253,2,0
513251,513251,513254,3,0
513251,513251,513254,3,0
513251,513251,513253,2,0
513251,513252,513253,1,1
513251,513253,513254,1,2
513251,513251,513254,3,0
513251,513252,513253,1,1
513251,513251,513253,2,0
513251,513251,513254,3,0
513251,513251,513255,4,0
513251,513253,513254,1,2
513251,513253,513255,2,2
513251,513253,513254,1,2
513251,513251,513254,3,0
513251,513253,513254,1,2
513375,513375,513376,1,0
513375,513375,513376,1,0
513375,513375,513376,1,0
513375,513375,513376,1,0
513375,513375,513376,1,0
513375,513375,513376,1,0
513375,513375,513376,1,0
513375,513375,513376,1,0
513375,513375,513376,1,0
513375,513375,513376,1,0
513375,513375,513377,2,0
513375,513375,513376,1,0
513375,513375,513377,2,0
513375,513375,513377,2,0
513375,513375,513376,1,0
513375,513375,513377,2,0
513375,513376,513377,1,1
513375,513375,513377,2,0
513375,513375,513377,2,0
513375,513375,513378,3,0
513375,513375,513377,2,0
513375,513375,513377,2,0
513375,513375,513378,3,0
513375,513375,513377,2,0
513375,513377,513378,1,2
513375,513377,513378,1,2
513375,513377,513378,1,2
513375,513377,513378,1,2
513375,513375,513378,3,0
513375,513377,513378,1,2
513375,513377,513378,1,2
513623,513623,513624,1,0
513623,513623,513624,1,0
513623,513623,513625,2,0
513623,513623,513624,1,0
513623,513623,513625,2,0
513623,513623,513624,1,0
513623,513623,513625,2,0
513623,513623,513625,2,0
513623,513623,513625,2,0
513623,513623,513624,1,0
513623,513623,513625,2,0
513623,513624,513625,1,1
513623,513623,513625,2,0
513623,513623,513625,2,0
513623,513623,513625,2,0
513623,513623,513625,2,0
513623,513623,513625,2,0
513623,513623,513625,2,0
513623,513623,513625,2,0
513623,513623,513625,2,0
513623,513623,513626,3,0
513623,513623,513625,2,0
513623,513625,513626,1,2
513623,513623,513626,3,0
513623,513623,513627,4,0
513623,513625,513626,1,2
513623,513625,513626,1,2
513623,513625,513627,2,2
513623,513625,513627,2,2
513623,513625,513626,1,2
513623,513623,513628,5,0
513632,513632,513633,1,0
513632,513632,513633,1,0
513632,513632,513633,1,0
513632,513632,513633,1,0
513632,513632,513633,1,0
513632,513633,513634,1,1
513632,513632,513634,2,0
513632,513632,513634,2,0
513632,513632,513633,1,0
513632,513632,513633,1,0
513632,513632,513633,1,0
513632,513632,513633,1,0
513632,513633,513634,1,1
513632,513632,513634,2,0
513632,513632,513633,1,0
513632,513632,513633,1,0
513632,513632,513633,1,0
513632,513632,513634,2,0
513632,513632,513633,1,0
513632,513632,513634,2,0
513632,513632,513633,1,0
513632,513632,513633,1,0
513632,513633,513634,1,1
513632,513632,513634,2,0
513632,513634,513635,1,2
513632,513634,513635,1,2
513632,513632,513634,2,0
513632,513634,513635,1,2
513632,513632,513636,4,0
513632,513632,513636,4,0
513632,513634,513635,1,2
513756,513756,513757,1,0
513756,513756,513757,1,0
513756,513756,513757,1,0
513756,513756,513758,2,0
513756,513756,513758,2,0
513756,513756,513757,1,0
513756,513756,513757,1,0
513756,513756,513757,1,0
513756,513756,513758,2,0
513756,513756,513758,2,0
513756,513756,513758,2,0
513756,513756,513758,2,0
513756,513756,513758,2,0
513756,513756,513758,2,0
513756,513756,513758,2,0
513756,513756,513758,2,0
513756,513756,513757,1,0
513756,513756,513757,1,0
513756,513756,513758,2,0
513756,513756,513759,3,0
513756,513756,513759,3,0
513756,513758,513759,1,2
513756,513758,513759,1,2
513756,513756,513758,2,0
513756,513757,513759,2,1
513756,513756,513759,3,0
513756,513757,513758,1,1
513756,513757,513759,2,1
513756,513758,513759,1,2
513756,513758,513759,1,2
513756,513756,513761,5,0
513882,513883,513884,1,1
513882,513883,513884,1,1
513882,513883,513884,1,1
513882,513883,513884,1,1
513882,513883,513884,1,1
513882,513884,513885,1,2
513882,513883,513884,1,1
513882,513883,513884,1,1
513882,513883,513884,1,1
513882,513883,513884,1,1
513882,513883,513884,1,1
513882,513883,513884,1,1
513882,513883,513884,1,1
513882,513883,513884,1,1
513882,513883,513884,1,1
513882,513883,513884,1,1
513882,513883,513885,2,1
513882,513883,513884,1,1
513882,513883,513884,1,1
513882,513883,513884,1,1
513882,513883,513884,1,1
513882,513883,513884,1,1
513882,513883,513885,2,1
513882,513884,513885,1,2
513882,513885,513886,1,3
513882,513885,513886,1,3
513882,513883,513885,2,1
513882,513885,513886,1,3
513882,513885,513886,1,3
514007,514007,514008,1,0
514007,514007,514008,1,0
514007,514007,514009,2,0
514007,514007,514009,2,0
514007,514008,514009,1,1
514007,514008,514009,1,1
514007,514008,514009,1,1
514007,514008,514009,1,1
514007,514008,514009,1,1
514007,514008,514009,1,1
514007,514008,514009,1,1
514007,514008,514009,1,1
514007,514008,514009,1,1
514007,514007,514009,2,0
514007,514008,514009,1,1
514007,514008,514009,1,1
514007,514008,514009,1,1
514007,514008,514009,1,1
514007,514008,514009,1,1
514007,514008,514009,1,1
514007,514007,514010,3,0
514007,514010,514011,1,3
514007,514010,514011,1,3
514007,514007,514010,3,0
514007,514008,514010,2,1
514007,514010,514011,1,3
514007,514008,514010,2,1
514007,514010,514011,1,3
514007,514010,514011,1,3
514015,514015,514016,1,0
514015,514015,514016,1,0
514015,514015,514016,1,0
514015,514015,514016,1,0
514015,514015,514016,1,0
514015,514015,514016,1,0
514015,514015,514016,1,0
514015,514015,514016,1,0
514015,514015,514016,1,0
514015,514015,514017,2,0
514015,514015,514016,1,0
514015,514015,514016,1,0
514015,514015,514016,1,0
514015,514015,514017,2,0
514015,514015,514016,1,0
514015,514015,514016,1,0
514015,514016,514017,1,1
514015,514016,514017,1,1
514015,514015,514018,3,0
514015,514015,514017,2,0
514015,514015,514017,2,0
514015,514017,514018,1,2
514015,514015,514017,2,0
514015,514015,514017,2,0
514015,514017,514018,1,2
514015,514015,514017,2,0
514015,514015,514018,3,0
514015,514017,514018,1,2
514015,514017,514018,1,2
514015,514017,514018,1,2
514015,514015,514019,4,0
514140,514140,514141,1,0
514140,514140,514141,1,0
514140,514140,514142,2,0
514140,514140,514142,2,0
514140,514140,514142,2,0
514140,514140,514142,2,0
514140,514140,514143,3,0
514140,514140,514143,3,0
514140,514140,514143,3,0
514140,514142,514143,1,2
514140,514140,514144,4,0
514140,514142,514143,1,2
514140,514140,514144,4,0
514140,514142,514144,2,2
514140,514142,514144,2,2
514140,514140,514144,4,0
514140,514143,514144,1,3
514140,514140,514145,5,0
514140,514143,514145,2,3
514140,514140,514144,4,0
514140,514140,514144,4,0
514140,514143,514145,2,3
514140,514140,514146,6,0
514140,514140,514147,7,0
514140,514140,514147,7,0
514140,514140,514146,6,0
514140,514140,514147,7,0
514140,514140,514148,8,0
514140,514140,514148,8,0
514140,514140,514148,8,0
514140,514140,514150,10,0
514267,514267,514268,1,0
514267,514267,514269,2,0
514267,514267,514269,2,0
514267,514267,514270,3,0
514267,514267,514270,3,0
514267,514267,514270,3,0
514267,514267,514270,3,0
514267,514267,514270,3,0
514267,514267,514270,3,0
514267,514267,514271,4,0
514267,514269,514271,2,2
514267,514269,514271,2,2
514267,514269,514271,2,2
514267,514267,514271,4,0
514267,514267,514271,4,0
514267,514270,514272,2,3
514267,514267,514272,5,0
514267,514267,514272,5,0
514267,514271,514272,1,4
514267,514271,514272,1,4
514267,514267,514272,5,0
514267,514271,514272,1,4
514267,514267,514274,7,0
514267,514267,514274,7,0
514267,514267,514274,7,0
514267,514267,514274,7,0
514267,514267,514274,7,0
514267,514267,514275,8,0
514267,514267,514275,8,0
514267,514267,514275,8,0
514267,514267,514276,9,0
514392,514392,514393,1,0
514392,514392,514393,1,0
514392,514392,514394,2,0
514392,514392,514395,3,0
514392,514392,514395,3,0
514392,514392,514395,3,0
514392,514392,514394,2,0
514392,514392,514395,3,0
514392,514392,514395,3,0
514392,514394,514396,2,2
514392,514392,514396,4,0
514392,514394,514396,2,2
514392,514395,514396,1,3
514392,514392,514396,4,0
514392,514394,514396,2,2
514392,514392,514396,4,0
514392,514392,514396,4,0
514392,514392,514396,4,0
514392,514395,514396,1,3
514392,514395,514397,2,3
514392,514395,514397,2,3
514392,514392,514397,5,0
514392,514392,514398,6,0
514392,514392,514399,7,0
514392,514392,514399,7,0
514392,514392,514399,7,0
514392,514392,514400,8,0
514392,514392,514400,8,0
514392,514392,514399,7,0
514392,514392,514400,8,0
514392,514392,514400,8,0
514517,514518,514519,1,1
514517,514518,514519,1,1
514517,514518,514519,1,1
514517,514518,514519,1,1
514517,514518,514520,2,1
514517,514518,514520,2,1
514517,514518,514520,2,1
514517,514518,514520,2,1
514517,514518,514520,2,1
514517,514518,514522,4,1
514517,514520,514521,1,3
514517,514520,514521,1,3
514517,514520,514521,1,3
514517,514520,514521,1,3
514517,514518,514521,3,1
514517,514518,514521,3,1
514517,514518,514522,4,1
514517,514518,514522,4,1
514517,514521,514522,1,4
514517,514521,514522,1,4
514517,514518,514522,4,1
514517,514521,514522,1,4
514517,514518,514525,7,1
514517,514518,514524,6,1
514517,514518,514524,6,1
514517,514518,514525,7,1
514517,514518,514524,6,1
514517,514518,514526,8,1
514517,514518,514525,7,1
514517,514518,514525,7,1
514517,514518,514527,9,1
514643,514643,514645,2,0
514643,514643,514645,2,0
514643,514643,514644,1,0
514643,514643,514644,1,0
514643,514643,514645,2,0
514643,514643,514646,3,0
514643,514643,514645,2,0
514643,514643,514646,3,0
514643,514643,514646,3,0
514643,514643,514647,4,0
514643,514645,514647,2,2
514643,514645,514647,2,2
514643,514645,514647,2,2
514643,514643,514647,4,0
514643,514645,514647,2,2
514643,514643,514647,4,0
514643,514643,514647,4,0
514643,514646,514648,2,3
514643,514646,514648,2,3
514643,514643,514648,5,0
514643,514646,514648,2,3
514643,514643,514650,7,0
514643,514643,514650,7,0
514643,514643,514650,7,0
514643,514643,514650,7,0
514643,514643,514650,7,0
514643,514643,514650,7,0
514643,514643,514651,8,0
514643,514643,514652,9,0
514643,514643,514652,9,0
514643,514643,514654,11,0
514767,514767,514769,2,0
514767,514767,514769,2,0
514767,514767,514769,2,0
514767,514767,514770,3,0
514767,514768,514770,2,1
514767,514768,514770,2,1
514767,514767,514770,3,0
514767,514768,514770,2,1
514767,514767,514771,4,0
514767,514770,514771,1,3
514767,514767,514771,4,0
514767,514770,514771,1,3
514767,514770,514771,1,3
514767,514767,514771,4,0
514767,514767,514771,4,0
514767,514771,514772,1,4
514767,514771,514772,1,4
514767,514771,514772,1,4
514767,514767,514772,5,0
514767,514771,514772,1,4
514767,514767,514774,7,0
514767,514767,514774,7,0
514767,514767,514774,7,0
514767,514767,514775,8,0
514767,514767,514775,8,0
514767,514767,514775,8,0
514767,514767,514776,9,0
514767,514767,514776,9,0
514767,514767,514776,9,0
514767,514767,514776,9,0
514767,514767,514779,12,0
514892,514892,514894,2,0
514892,514892,514894,2,0
514892,514893,514894,1,1
514892,514892,514894,2,0
514892,514893,514895,2,1
514892,514893,514895,2,1
514892,514892,514895,3,0
514892,514893,514895,2,1
514892,514892,514896,4,0
514892,514895,514896,1,3
514892,514895,514896,1,3
514892,514892,514896,4,0
514892,514893,514896,3,1
514892,514893,514896,3,1
514892,514895,514896,1,3
514892,514895,514896,1,3
514892,514892,514897,5,0
514892,514896,514897,1,4
514892,514896,514897,1,4
514892,514896,514897,1,4
514892,514892,514898,6,0
514892,514892,514899,7,0
514892,514892,514900,8,0
514892,514892,514900,8,0
514892,514892,514900,8,0
514892,514893,514900,7,1
514892,514892,514900,8,0
514892,514892,514901,9,0
514892,514892,514902,10,0
514892,514892,514902,10,0
514892,514893,514904,11,1
515017,515017,515018,1,0
515017,515017,515019,2,0
515017,515017,515019,2,0
515017,515017,515019,2,0
515017,515017,515019,2,0
515017,515017,515020,3,0
515017,515018,515020,2,1
515017,515017,515020,3,0
515017,515017,515020,3,0
515017,515019,515021,2,2
515017,515017,515020,3,0
515017,515017,515021,4,0
515017,515019,515021,2,2
515017,515017,515022,5,0
515017,515017,515021,4,0
515017,515020,515022,2,3
515017,515017,515022,5,0
515017,515020,515022,2,3
515017,515017,515022,5,0
515017,515020,515022,2,3
515017,515020,515021,1,3
515017,515017,515024,7,0
515017,515017,515024,7,0
515017,515017,515024,7,0
515017,515017,515025,8,0
515017,515017,515026,9,0
515017,515017,515026,9,0
515017,515017,515025,8,0
515017,515017,515026,9,0
515017,515017,515028,11,0
515017,515017,515028,11,0
515143,515143,515144,1,0
515143,515143,515144,1,0
515143,515143,515145,2,0
515143,515143,515146,3,0
515143,515143,515146,3,0
515143,515143,515145,2,0
515143,515143,515145,2,0
515143,515143,515145,2,0
515143,515143,515146,3,0
515143,515143,515146,3,0
515143,515145,515147,2,2
515143,515145,515147,2,2
515143,515143,515147,4,0
515143,515143,515147,4,0
515143,515146,515147,1,3
515143,515146,515147,1,3
515143,515143,515147,4,0
515143,515146,515148,2,3
515143,515145,515147,2,2
515143,515146,515148,2,3
515143,515143,515148,5,0
515143,515143,515148,5,0
515143,515143,515150,7,0
515143,515143,515151,8,0
515143,515143,515151,8,0
515143,515143,515152,9,0
515143,515143,515152,9,0
515143,515143,515151,8,0
515143,515143,515153,10,0
515143,515143,515153,10,0
515143,515143,515154,11,0
515269,515269,515270,1,0
515269,515269,515270,1,0
515269,515269,515271,2,0
515269,515269,515271,2,0
515269,515269,515272,3,0
515269,515269,515272,3,0
515269,515269,515272,3,0
515269,515269,515272,3,0
515269,515269,515272,3,0
515269,515272,515273,1,3
515269,515269,515273,4,0
515269,515272,515273,1,3
515269,515272,515273,1,3
515269,515269,515273,4,0
515269,515271,515273,2,2
515269,515269,515273,4,0
515269,515273,515274,1,4
515269,515273,515274,1,4
515269,515273,515274,1,4
515269,515269,515275,6,0
515269,515269,515275,6,0
515269,515269,515275,6,0
515269,515269,515275,6,0
515269,515269,515276,7,0
515269,515269,515277,8,0
515269,515269,515277,8,0
515269,515269,515278,9,0
515269,515269,515279,10,0
515269,515269,515279,10,0
515269,515269,515279,10,0
515269,515269,515279,10,0
515397,515397,515398,1,0
515397,515397,515398,1,0
515397,515397,515398,1,0
515397,515397,515400,3,0
515397,515397,515400,3,0
515397,515397,515400,3,0
515397,515397,515399,2,0
515397,515397,515399,2,0
515397,515397,515400,3,0
515397,515399,515401,2,2
515397,515397,515401,4,0
515397,515399,515401,2,2
515397,515399,515401,2,2
515397,515397,515400,3,0
515397,515397,515401,4,0
515397,515397,515402,5,0
515397,515400,515402,2,3
515397,515397,515402,5,0
515397,515400,515401,1,3
515397,515400,515402,2,3
515397,515400,515402,2,3
515397,515397,515403,6,0
515397,515397,515403,6,0
515397,515397,515404,7,0
515397,515397,515404,7,0
515397,515397,515404,7,0
515397,515397,515404,7,0
515397,515397,515404,7,0
515397,515397,515406,9,0
515397,515397,515406,9,0
515397,515397,515407,10,0
515769,515769,515771,2,0
515769,515769,515771,2,0
515769,515769,515771,2,0
515769,515769,515772,3,0
515769,515769,515772,3,0
515769,515769,515772,3,0
515769,515769,515772,3,0
515769,515769,515772,3,0
515769,515769,515772,3,0
515769,515771,515773,2,2
515769,515771,515773,2,2
515769,515769,515772,3,0
515769,515771,515773,2,2
515769,515769,515773,4,0
515769,515769,515773,4,0
515769,515772,515773,1,3
515769,515772,515774,2,3
515769,515769,515774,5,0
515769,515772,515774,2,3
515769,515772,515774,2,3
515769,515769,515775,6,0
515769,515769,515774,5,0
515769,515769,515775,6,0
515769,515769,515775,6,0
515769,515769,515775,6,0
515769,515769,515775,6,0
515769,515769,515776,7,0
515769,515769,515777,8,0
515769,515769,515777,8,0
515769,515769,515778,9,0
515769,515769,515779,10,0
515896,515896,515897,1,0
515896,515896,515897,1,0
515896,515896,515897,1,0
515896,515896,515898,2,0
515896,515896,515898,2,0
515896,515896,515898,2,0
515896,515896,515898,2,0
515896,515896,515899,3,0
515896,515898,515899,1,2
515896,515896,515899,3,0
515896,515896,515899,3,0
515896,515898,515899,1,2
515896,515898,515899,1,2
515896,515896,515900,4,0
515896,515899,515900,1,3
515896,515896,515901,5,0
515896,515899,515900,1,3
515896,515896,515900,4,0
515896,515899,515900,1,3
515896,515899,515900,1,3
515896,515896,515901,5,0
515896,515896,515901,5,0
515896,515896,515901,5,0
515896,515896,515901,5,0
515896,515896,515901,5,0
515896,515896,515901,5,0
515896,515896,515901,5,0
515896,515896,515901,5,0
515896,515896,515902,6,0
515896,515896,515906,10,0
515896,515896,515906,10,0
516020,516020,516021,1,0
516020,516020,516021,1,0
516020,516020,516021,1,0
516020,516020,516023,3,0
516020,516020,516022,2,0
516020,516020,516022,2,0
516020,516020,516022,2,0
516020,516020,516022,2,0
516020,516020,516022,2,0
516020,516022,516023,1,2
516020,516022,516023,1,2
516020,516022,516023,1,2
516020,516020,516024,4,0
516020,516020,516025,5,0
516020,516020,516025,5,0
516020,516020,516025,5,0
516020,516023,516024,1,3
516020,516020,516024,4,0
516020,516023,516025,2,3
516020,516023,516024,1,3
516020,516023,516024,1,3
516020,516020,516025,5,0
516020,516020,516025,5,0
516020,516020,516025,5,0
516020,516020,516026,6,0
516020,516020,516025,5,0
516020,516020,516026,6,0
516020,516020,516027,7,0
516020,516020,516028,8,0
516020,516020,516027,7,0
516020,516020,516030,10,0
516144,516144,516146,2,0
516144,516144,516146,2,0
516144,516144,516147,3,0
516144,516144,516146,2,0
516144,516144,516147,3,0
516144,516144,516146,2,0
516144,516144,516147,3,0
516144,516144,516147,3,0
516144,516144,516147,3,0
516144,516146,516148,2,2
516144,516144,516149,5,0
516144,516144,516148,4,0
516144,516147,516148,1,3
516144,516144,516149,5,0
516144,516144,516149,5,0
516144,516147,516149,2,3
516144,516147,516148,1,3
516144,516144,516149,5,0
516144,516144,516148,4,0
516144,516147,516148,1,3
516144,516147,516149,2,3
516144,516144,516149,5,0
516144,516147,516148,1,3
516144,516144,516150,6,0
516144,516144,516149,5,0
516144,516144,516150,6,0
516144,516144,516150,6,0
516144,516144,516153,9,0
516144,516144,516154,10,0
516144,516144,516155,11,0
516144,516144,516155,11,0
516272,516272,516273,1,0
516272,516272,516273,1,0
516272,516272,516273,1,0
516272,516272,516275,3,0
516272,516272,516274,2,0
516272,516272,516274,2,0
516272,516272,516274,2,0
516272,516272,516275,3,0
516272,516272,516276,4,0
516272,516274,516276,2,2
516272,516274,516276,2,2
516272,516274,516275,1,2
516272,516272,516277,5,0
516272,516275,516276,1,3
516272,516272,516277,5,0
516272,516272,516277,5,0
516272,516272,516277,5,0
516272,516275,516277,2,3
516272,516272,516277,5,0
516272,516275,516277,2,3
516272,516272,516277,5,0
516272,516275,516277,2,3
516272,516272,516278,6,0
516272,516272,516278,6,0
516272,516272,516278,6,0
516272,516272,516278,6,0
516272,516272,516279,7,0
516272,516272,516279,7,0
516272,516272,516283,11,0
516272,516272,516282,10,0
516272,516272,516283,11,0
516401,516401,516402,1,0
516401,516401,516402,1,0
516401,516401,516402,1,0
516401,516401,516403,2,0
516401,516401,516403,2,0
516401,516401,516403,2,0
516401,516401,516404,3,0
516401,516403,516404,1,2
516401,516401,516404,3,0
516401,516401,516404,3,0
516401,516403,516404,1,2
516401,516403,516404,1,2
516401,516401,516405,4,0
516401,516401,516406,5,0
516401,516401,516406,5,0
516401,516405,516406,1,4
516401,516404,516406,2,3
516401,516404,516406,2,3
516401,516401,516406,5,0
516401,516404,516405,1,3
516401,516401,516407,6,0
516401,516401,516406,5,0
516401,516401,516407,6,0
516401,516401,516406,5,0
516401,516401,516406,5,0
516401,516401,516406,5,0
516401,516401,516407,6,0
516401,516401,516409,8,0
516401,516401,516410,9,0
516401,516401,516412,11,0
516401,516401,516411,10,0
516526,516526,516528,2,0
516526,516526,516528,2,0
516526,516526,516528,2,0
516526,516526,516529,3,0
516526,516526,516529,3,0
516526,516526,516529,3,0
516526,516526,516529,3,0
516526,516526,516529,3,0
516526,516526,516530,4,0
516526,516528,516530,2,2
516526,516528,516530,2,2
516526,516528,516530,2,2
516526,516530,516531,1,4
516526,516526,516532,6,0
516526,516530,516531,1,4
516526,516526,516531,5,0
516526,516530,516531,1,4
516526,516526,516531,5,0
516526,516530,516531,1,4
516526,516526,516532,6,0
516526,516526,516532,6,0
516526,516526,516532,6,0
516526,516526,516532,6,0
516526,516526,516533,7,0
516526,516526,516532,6,0
516526,516526,516533,7,0
516526,516526,516534,8,0
516526,516526,516534,8,0
516526,516526,516535,9,0
516526,516526,516536,10,0
516526,516526,516537,11,0
516651,516651,516652,1,0
516651,516651,516652,1,0
516651,516651,516653,2,0
516651,516651,516653,2,0
516651,516651,516654,3,0
516651,516651,516653,2,0
516651,516651,516654,3,0
516651,516651,516654,3,0
516651,516651,516654,3,0
516651,516653,516655,2,2
516651,516653,516654,1,2
516651,516653,516655,2,2
516651,516654,516655,1,3
516651,516651,516655,4,0
516651,516651,516656,5,0
516651,516651,516656,5,0
516651,516654,516656,2,3
516651,516654,516656,2,3
516651,516654,516656,2,3
516651,516651,516656,5,0
516651,516651,516657,6,0
516651,516651,516657,6,0
516651,516651,516657,6,0
516651,516651,516657,6,0
516651,516651,516657,6,0
516651,516651,516657,6,0
516651,516651,516659,8,0
516651,516651,516660,9,0
516651,516651,516660,9,0
516651,516651,516661,10,0
516651,516651,516661,10,0
516779,516779,516780,1,0
516779,516779,516780,1,0
516779,516779,516781,2,0
516779,516779,516782,3,0
516779,516779,516782,3,0
516779,516779,516782,3,0
516779,516779,516782,3,0
516779,516779,516783,4,0
516779,516779,516782,3,0
516779,516779,516783,4,0
516779,516781,516783,2,2
516779,516781,516783,2,2
516779,516781,516783,2,2
516779,516779,516784,5,0
516779,516779,516784,5,0
516779,516782,516784,2,3
516779,516779,516784,5,0
516779,516782,516783,1,3
516779,516779,516783,4,0
516779,516782,516784,2,3
516779,516779,516784,5,0
516779,516782,516783,1,3
516779,516779,516785,6,0
516779,516779,516785,6,0
516779,516779,516785,6,0
516779,516779,516785,6,0
516779,516779,516787,8,0
516779,516779,516787,8,0
516779,516779,516789,10,0
516779,516779,516789,10,0
516779,516779,516789,10,0
516906,516906,516908,2,0
516906,516906,516908,2,0
516906,516907,516909,2,1
516906,516907,516909,2,1
516906,516907,516909,2,1
516906,516906,516909,3,0
516906,516907,516909,2,1
516906,516907,516910,3,1
516906,516909,516910,1,3
516906,516906,516910,4,0
516906,516909,516910,1,3
516906,516907,516910,3,1
516906,516907,516911,4,1
516906,516910,516911,1,4
516906,516907,516911,4,1
516906,516910,516911,1,4
516906,516907,516911,4,1
516906,516910,516911,1,4
516906,516907,516911,4,1
516906,516910,516911,1,4
516906,516910,516911,1,4
516906,516907,516912,5,1
516906,516907,516912,5,1
516906,516907,516913,6,1
516906,516907,516912,5,1
516906,516907,516915,8,1
516906,516906,516915,9,0
516906,516906,516915,9,0
516906,516907,516915,8,1
516906,516906,516916,10,0
516906,516907,516916,9,1
517035,517035,517037,2,0
517035,517035,517036,1,0
517035,517035,517037,2,0
517035,517035,517037,2,0
517035,517035,517038,3,0
517035,517035,517039,4,0
517035,517035,517038,3,0
517035,517035,517038,3,0
517035,517037,517039,2,2
517035,517035,517039,4,0
517035,517037,517038,1,2
517035,517037,517039,2,2
517035,517035,517038,3,0
517035,517037,517039,2,2
517035,517035,517040,5,0
517035,517035,517040,5,0
517035,517038,517040,2,3
517035,517035,517040,5,0
517035,517035,517040,5,0
517035,517039,517040,1,4
517035,517035,517041,6,0
517035,517039,517040,1,4
517035,517035,517043,8,0
517035,517035,517043,8,0
517035,517035,517043,8,0
517035,517035,517042,7,0
517035,517035,517044,9,0
517035,517035,517044,9,0
517035,517035,517045,10,0
517035,517035,517045,10,0
517035,517035,517046,11,0
517159,517159,517161,2,0
517159,517159,517161,2,0
517159,517159,517161,2,0
517159,517159,517162,3,0
517159,517159,517162,3,0
517159,517159,517162,3,0
517159,517159,517163,4,0
517159,517161,517163,2,2
517159,517159,517163,4,0
517159,517159,517163,4,0
517159,517161,517163,2,2
517159,517159,517163,4,0
517159,517161,517163,2,2
517159,517159,517163,4,0
517159,517159,517163,4,0
517159,517162,517164,2,3
517159,517163,517164,1,4
517159,517162,517164,2,3
517159,517162,517164,2,3
517159,517159,517165,6,0
517159,517159,517165,6,0
517159,517159,517166,7,0
517159,517159,517166,7,0
517159,517159,517167,8,0
517159,517159,517167,8,0
517159,517159,517167,8,0
517159,517159,517167,8,0
517159,517159,517168,9,0
517159,517159,517169,10,0
517159,517159,517169,10,0
517159,517159,517170,11,0
517286,517286,517287,1,0
517286,517286,517287,1,0
517286,517286,517287,1,0
517286,517286,517288,2,0
517286,517286,517289,3,0
517286,517286,517289,3,0
517286,517286,517289,3,0
517286,517286,517289,3,0
517286,517286,517289,3,0
517286,517288,517289,1,2
517286,517288,517289,1,2
517286,517288,517290,2,2
517286,517289,517290,1,3
517286,517286,517291,5,0
517286,517286,517291,5,0
517286,517286,517290,4,0
517286,517289,517291,2,3
517286,517289,517290,1,3
517286,517289,517290,1,3
517286,517286,517291,5,0
517286,517286,517291,5,0
517286,517286,517292,6,0
517286,517286,517292,6,0
517286,517286,517294,8,0
517286,517286,517294,8,0
517286,517286,517294,8,0
517286,517286,517294,8,0
517286,517286,517295,9,0
517286,517286,517294,8,0
517286,517286,517296,10,0
517286,517286,517297,11,0
517412,517412,517413,1,0
517412,517412,517413,1,0
517412,517412,517414,2,0
517412,517412,517415,3,0
517412,517413,517415,2,1
517412,517412,517415,3,0
517412,517412,517415,3,0
517412,517412,517415,3,0
517412,517412,517416,4,0
517412,517412,517416,4,0
517412,517412,517416,4,0
517412,517414,517416,2,2
517412,517414,517416,2,2
517412,517415,517416,1,3
517412,517412,517416,4,0
517412,517412,517416,4,0
517412,517415,517417,2,3
517412,517412,517417,5,0
517412,517415,517416,1,3
517412,517412,517417,5,0
517412,517415,517417,2,3
517412,517412,517418,6,0
517412,517412,517419,7,0
517412,517412,517420,8,0
517412,517412,517420,8,0
517412,517412,517420,8,0
517412,517412,517421,9,0
517412,517412,517421,9,0
517412,517412,517422,10,0
517412,517412,517421,9,0
517412,517412,517422,10,0
517537,517537,517538,1,0
517537,517537,517539,2,0
517537,517537,517539,2,0
517537,517537,517539,2,0
517537,517537,517540,3,0
517537,517537,517541,4,0
517537,517539,517541,2,2
517537,517537,517541,4,0
517537,517537,517541,4,0
517537,517537,517540,3,0
517537,517539,517541,2,2
517537,517537,517541,4,0
517537,517537,517541,4,0
517537,517539,517541,2,2
517537,517540,517541,1,3
517537,517537,517541,4,0
517537,517537,517542,5,0
517537,517540,517542,2,3
517537,517537,517542,5,0
517537,517537,517543,6,0
517537,517541,517542,1,4
517537,517541,517542,1,4
517537,517537,517544,7,0
517537,517537,517544,7,0
517537,517537,517545,8,0
517537,517537,517545,8,0
517537,517537,517546,9,0
517537,517537,517546,9,0
517537,517537,517547,10,0
517537,517537,517548,11,0
517537,517537,517549,12,0
517667,517667,517668,1,0
517667,517667,517668,1,0
517667,517667,517668,1,0
517667,517667,517670,3,0
517667,517667,517669,2,0
517667,517667,517670,3,0
517667,517667,517670,3,0
517667,517669,517671,2,2
517667,517667,517671,4,0
517667,517667,517670,3,0
517667,517667,517671,4,0
517667,517667,517671,4,0
517667,517669,517671,2,2
517667,517669,517671,2,2
517667,517670,517671,1,3
517667,517667,517671,4,0
517667,517667,517671,4,0
517667,517670,517672,2,3
517667,517667,517672,5,0
517667,517670,517671,1,3
517667,517667,517673,6,0
517667,517671,517672,1,4
517667,517667,517674,7,0
517667,517667,517675,8,0
517667,517667,517676,9,0
517667,517667,517675,8,0
517667,517667,517677,10,0
517667,517667,517677,10,0
517667,517667,517677,10,0
517667,517667,517678,11,0
517667,517667,517678,11,0
517796,517796,517798,2,0
517796,517796,517798,2,0
517796,517796,517797,1,0
517796,517796,517799,3,0
517796,517796,517799,3,0
517796,517796,517799,3,0
517796,517796,517799,3,0
517796,517796,517800,4,0
517796,517796,517799,3,0
517796,517798,517800,2,2
517796,517796,517799,3,0
517796,517796,517800,4,0
517796,517796,517800,4,0
517796,517798,517800,2,2
517796,517798,517800,2,2
517796,517799,517800,1,3
517796,517796,517800,4,0
517796,517799,517801,2,3
517796,517796,517801,5,0
517796,517799,517800,1,3
517796,517799,517801,2,3
517796,517796,517803,7,0
517796,517796,517803,7,0
517796,517796,517803,7,0
517796,517796,517804,8,0
517796,517796,517804,8,0
517796,517796,517805,9,0
517796,517796,517805,9,0
517796,517796,517806,10,0
517796,517796,517806,10,0
517796,517796,517807,11,0
584973,584973,584974,1,0
584973,584973,584975,2,0
584973,584973,584976,3,0
584973,584973,584976,3,0
584973,584973,584977,4,0
584973,584973,584978,5,0
584973,584975,584978,3,2
584973,584975,584978,3,2
584973,584973,584979,6,0
584973,584976,584979,3,3
584973,584973,584980,7,0
584973,584976,584980,4,3
584973,584978,584980,2,5
584973,584973,584980,7,0
584973,584973,584979,6,0
584973,584978,584980,2,5
584973,584977,584979,2,4
584973,584978,584980,2,5
584973,584973,584980,7,0
584973,584979,584981,2,6
584973,584979,584981,2,6
584973,584980,584981,1,7
584973,584973,584981,8,0
584973,584973,584982,9,0
584973,584980,584982,2,7
584973,584973,584982,9,0
584973,584980,584982,2,7
584973,584980,584982,2,7
584973,584980,584981,1,7
584973,584973,584983,10,0
584973,584973,584985,12,0
585100,585100,585101,1,0
585100,585100,585101,1,0
585100,585100,585102,2,0
585100,585100,585103,3,0
585100,585100,585104,4,0
585100,585101,585104,3,1
585100,585100,585105,5,0
585100,585102,585105,3,2
585100,585101,585104,3,1
585100,585103,585106,3,3
585100,585100,585106,6,0
585100,585100,585106,6,0
585100,585100,585106,6,0
585100,585104,585106,2,4
585100,585100,585107,7,0
585100,585105,585107,2,5
585100,585105,585107,2,5
585100,585100,585107,7,0
585100,585100,585107,7,0
585100,585105,585107,2,5
585100,585100,585108,8,0
585100,585105,585107,2,5
585100,585106,585107,1,6
585100,585106,585108,2,6
585100,585106,585107,1,6
585100,585107,585108,1,7
585100,585107,585109,2,7
585100,585107,585108,1,7
585100,585100,585109,9,0
585100,585100,585110,10,0
585100,585100,585110,10,0
585226,585226,585227,1,0
585226,585226,585227,1,0
585226,585226,585228,2,0
585226,585226,585230,4,0
585226,585226,585230,4,0
585226,585226,585231,5,0
585226,585227,585231,4,1
585226,585227,585230,3,1
585226,585228,585231,3,2
585226,585230,585233,3,4
585226,585226,585233,7,0
585226,585226,585233,7,0
585226,585231,585233,2,5
585226,585226,585233,7,0
585226,585226,585232,6,0
585226,585231,585233,2,5
585226,585226,585233,7,0
585226,585230,585232,2,4
585226,585231,585234,3,5
585226,585232,585234,2,6
585226,585226,585233,7,0
585226,585233,585234,1,7
585226,585226,585234,8,0
585226,585233,585235,2,7
585226,585233,585235,2,7
585226,585226,585235,9,0
585226,585233,585235,2,7
585226,585226,585236,10,0
585226,585226,585236,10,0
585351,585351,585352,1,0
585351,585351,585352,1,0
585351,585351,585352,1,0
585351,585351,585354,3,0
585351,585351,585355,4,0
585351,585351,585356,5,0
585351,585353,585356,3,2
585351,585353,585356,3,2
585351,585353,585357,4,2
585351,585351,585358,7,0
585351,585351,585357,6,0
585351,585351,585357,6,0
585351,585355,585358,3,4
585351,585355,585357,2,4
585351,585351,585357,6,0
585351,585356,585358,2,5
585351,585351,585357,6,0
585351,585351,585358,7,0
585351,585356,585358,2,5
585351,585351,585358,7,0
585351,585356,585358,2,5
585351,585357,585359,2,6
585351,585351,585359,8,0
585351,585358,585360,2,7
585351,585358,585359,1,7
585351,585358,585359,1,7
585351,585358,585359,1,7
585351,585358,585360,2,7
585351,585358,585359,1,7
585351,585351,585360,9,0
585351,585351,585361,10,0
585477,585477,585479,2,0
585477,585477,585479,2,0
585477,585477,585479,2,0
585477,585477,585482,5,0
585477,585477,585482,5,0
585477,585477,585482,5,0
585477,585479,585482,3,2
585477,585479,585483,4,2
585477,585479,585483,4,2
585477,585477,585484,7,0
585477,585477,585483,6,0
585477,585477,585484,7,0
585477,585477,585484,7,0
585477,585477,585484,7,0
585477,585483,585484,1,6
585477,585483,585484,1,6
585477,585477,585485,8,0
585477,585482,585485,3,5
585477,585483,585485,2,6
585477,585477,585485,8,0
585477,585484,585485,1,7
585477,585477,585485,8,0
585477,585477,585485,8,0
585477,585484,585485,1,7
585477,585485,585486,1,8
585477,585485,585486,1,8
585477,585485,585486,1,8
585477,585485,585486,1,8
585477,585485,585486,1,8
585477,585485,585486,1,8
585477,585477,585488,11,0
585601,585602,585603,1,1
585601,585602,585603,1,1
585601,585602,585603,1,1
585601,585602,585605,3,1
585601,585602,585606,4,1
585601,585602,585607,5,1
585601,585604,585607,3,3
585601,585602,585608,6,1
585601,585604,585607,3,3
585601,585602,585607,5,1
585601,585604,585607,3,3
585601,585602,585608,6,1
585601,585606,585608,2,5
585601,585606,585608,2,5
585601,585602,585608,6,1
585601,585602,585608,6,1
585601,585608,585610,2,7
585601,585608,585609,1,7
585601,585602,585609,7,1
585601,585608,585609,1,7
585601,585608,585609,1,7
585601,585602,585609,7,1
585601,585608,585609,1,7
585601,585609,585610,1,8
585601,585602,585609,7,1
585601,585608,585609,1,7
585601,585609,585610,1,8
585601,585602,585610,8,1
585601,585609,585610,1,8
585601,585609,585610,1,8
585601,585602,585612,10,1
585726,585726,585727,1,0
585726,585726,585727,1,0
585726,585726,585727,1,0
585726,585726,585729,3,0
585726,585726,585730,4,0
585726,585728,585731,3,2
585726,585726,585731,5,0
585726,585728,585731,3,2
585726,585726,585731,5,0
585726,585728,585731,3,2
585726,585726,585731,5,0
585726,585726,585731,5,0
585726,585726,585733,7,0
585726,585726,585732,6,0
585726,585730,585732,2,4
585726,585726,585732,6,0
585726,585726,585733,7,0
585726,585726,585733,7,0
585726,585726,585733,7,0
585726,585732,585733,1,6
585726,585731,585733,2,5
585726,585732,585733,1,6
585726,585732,585733,1,6
585726,585732,585733,1,6
585726,585731,585733,2,5
585726,585732,585733,1,6
585726,585733,585734,1,7
585726,585733,585734,1,7
585726,585732,585734,2,6
585726,585733,585734,1,7
585726,585726,585736,10,0
585855,585855,585856,1,0
585855,585855,585856,1,0
585855,585855,585856,1,0
585855,585855,585858,3,0
585855,585855,585860,5,0
585855,585857,585860,3,2
585855,585855,585860,5,0
585855,585855,585860,5,0
585855,585857,585861,4,2
585855,585855,585861,6,0
585855,585855,585861,6,0
585855,585855,585862,7,0
585855,585855,585861,6,0
585855,585855,585862,7,0
585855,585855,585862,7,0
585855,585859,585862,3,4
585855,585860,585862,2,5
585855,585860,585862,2,5
585855,585855,585862,7,0
585855,585857,585862,5,2
585855,585861,585863,2,6
585855,585861,585863,2,6
585855,585861,585862,1,6
585855,585855,585862,7,0
585855,585862,585863,1,7
585855,585862,585864,2,7
585855,585862,585863,1,7
585855,585862,585863,1,7
585855,585862,585863,1,7
585855,585862,585863,1,7
585855,585855,585864,9,0
585983,585983,585984,1,0
585983,585983,585984,1,0
585983,585983,585984,1,0
585983,585983,585987,4,0
585983,585983,585986,3,0
585983,585985,585988,3,2
585983,585985,585988,3,2
585983,585985,585988,3,2
585983,585987,585989,2,4
585983,585983,585989,6,0
585983,585983,585989,6,0
585983,585983,585990,7,0
585983,585983,585989,6,0
585983,585983,585990,7,0
585983,585983,585989,6,0
585983,585983,585989,6,0
585983,585983,585989,6,0
585983,585987,585990,3,4
585983,585983,585989,6,0
585983,585988,585990,2,5
585983,585989,585991,2,6
585983,585989,585991,2,6
585983,585983,585991,8,0
585983,585989,585990,1,6
585983,585990,585991,1,7
585983,585989,585990,1,6
585983,585989,585990,1,6
585983,585983,585992,9,0
585983,585990,585991,1,7
585983,585990,585991,1,7
585983,585990,585991,1,7
586108,586108,586109,1,0
586108,586108,586109,1,0
586108,586108,586110,2,0
586108,586108,586109,1,0
586108,586108,586111,3,0
586108,586109,586112,3,1
586108,586108,586113,5,0
586108,586110,586112,2,2
586108,586110,586113,3,2
586108,586110,586113,3,2
586108,586108,586114,6,0
586108,586113,586115,2,5
586108,586108,586114,6,0
586108,586108,586115,7,0
586108,586108,586114,6,0
586108,586108,586114,6,0
586108,586113,586114,1,5
586108,586108,586114,6,0
586108,586108,586114,6,0
586108,586112,586114,2,4
586108,586113,586114,1,5
586108,586108,586116,8,0
586108,586114,586115,1,6
586108,586114,586115,1,6
586108,586115,586116,1,7
586108,586115,586116,1,7
586108,586115,586116,1,7
586108,586115,586116,1,7
586108,586115,586116,1,7
586108,586108,586117,9,0
586108,586108,586118,10,0
586233,586233,586234,1,0
586233,586233,586234,1,0
586233,586233,586235,2,0
586233,586233,586236,3,0
586233,586233,586237,4,0
586233,586234,586237,3,1
586233,586233,586237,4,0
586233,586235,586238,3,2
586233,586234,586238,4,1
586233,586233,586239,6,0
586233,586233,586239,6,0
586233,586236,586239,3,3
586233,586238,586239,1,5
586233,586238,586239,1,5
586233,586238,586239,1,5
586233,586233,586240,7,0
586233,586239,586240,1,6
586233,586233,586240,7,0
586233,586233,586240,7,0
586233,586233,586240,7,0
586233,586239,586240,1,6
586233,586240,586241,1,7
586233,586240,586241,1,7
586233,586233,586241,8,0
586233,586240,586241,1,7
586233,586240,586241,1,7
586233,586240,586241,1,7
586233,586233,586243,10,0
586233,586233,586243,10,0
586233,586233,586244,11,0
586358,586358,586359,1,0
586358,586358,586359,1,0
586358,586358,586359,1,0
586358,586358,586361,3,0
586358,586358,586362,4,0
586358,586358,586362,4,0
586358,586358,586363,5,0
586358,586360,586363,3,2
586358,586358,586362,4,0
586358,586359,586362,3,1
586358,586359,586362,3,1
586358,586358,586363,5,0
586358,586358,586363,5,0
586358,586358,586363,5,0
586358,586362,586364,2,4
586358,586362,586365,3,4
586358,586362,586364,2,4
586358,586363,586365,2,5
586358,586363,586365,2,5
586358,586363,586365,2,5
586358,586363,586364,1,5
586358,586358,586365,7,0
586358,586363,586364,1,5
586358,586364,586365,1,6
586358,586364,586365,1,6
586358,586358,586365,7,0
586358,586364,586365,1,6
586358,586358,586365,7,0
586358,586358,586365,7,0
586358,586364,586365,1,6
586358,586358,586368,10,0
586482,586482,586483,1,0
586482,586482,586483,1,0
586482,586482,586483,1,0
586482,586482,586483,1,0
586482,586482,586486,4,0
586482,586482,586486,4,0
586482,586482,586485,3,0
586482,586482,586486,4,0
586482,586483,586486,3,1
586482,586482,586486,4,0
586482,586482,586486,4,0
586482,586484,586486,2,2
586482,586484,586487,3,2
586482,586486,586488,2,4
586482,586484,586487,3,2
586482,586486,586487,1,4
586482,586486,586487,1,4
586482,586482,586488,6,0
586482,586482,586488,6,0
586482,586487,586488,1,5
586482,586486,586488,2,4
586482,586487,586488,1,5
586482,586482,586488,6,0
586482,586487,586488,1,5
586482,586487,586488,1,5
586482,586488,586489,1,6
586482,586488,586489,1,6
586482,586482,586489,7,0
586482,586488,586489,1,6
586482,586482,586490,8,0
586482,586482,586490,8,0
586609,586609,586610,1,0
586609,586609,586610,1,0
586609,586609,586610,1,0
586609,586609,586611,2,0
586609,586609,586611,2,0
586609,586609,586612,3,0
586609,586609,586611,2,0
586609,586609,586612,3,0
586609,586609,586612,3,0
586609,586610,586613,3,1
586609,586611,586613,2,2
586609,586612,586614,2,3
586609,586612,586613,1,3
586609,586609,586615,6,0
586609,586611,586614,3,2
586609,586613,586614,1,4
586609,586609,586615,6,0
586609,586611,586614,3,2
586609,586611,586614,3,2
586609,586609,586614,5,0
586609,586613,586614,1,4
586609,586609,586616,7,0
586609,586609,586615,6,0
586609,586614,586616,2,5
586609,586614,586615,1,5
586609,586609,586616,7,0
586609,586614,586615,1,5
586609,586614,586615,1,5
586609,586615,586616,1,6
586609,586615,586616,1,6
586609,586609,586616,7,0
586735,586735,586736,1,0
586735,586735,586736,1,0
586735,586735,586736,1,0
586735,586735,586737,2,0
586735,586735,586737,2,0
586735,586735,586737,2,0
586735,586735,586738,3,0
586735,586735,586738,3,0
586735,586735,586738,3,0
586735,586735,586738,3,0
586735,586736,586739,3,1
586735,586735,586740,5,0
586735,586737,586741,4,2
586735,586738,586740,2,3
586735,586739,586741,2,4
586735,586739,586740,1,4
586735,586739,586740,1,4
586735,586735,586740,5,0
586735,586738,586740,2,3
586735,586737,586740,3,2
586735,586738,586740,2,3
586735,586739,586740,1,4
586735,586735,586742,7,0
586735,586735,586742,7,0
586735,586740,586741,1,5
586735,586735,586741,6,0
586735,586735,586742,7,0
586735,586741,586742,1,6
586735,586741,586742,1,6
586735,586741,586742,1,6
586735,586741,586742,1,6
586859,586859,586860,1,0
586859,586859,586860,1,0
586859,586859,586861,2,0
586859,586859,586862,3,0
586859,586860,586862,2,1
586859,586860,586862,2,1
586859,586860,586862,2,1
586859,586860,586862,2,1
586859,586859,586864,5,0
586859,586862,586864,2,3
586859,586859,586864,5,0
586859,586861,586864,3,2
586859,586863,586864,1,4
586859,586861,586864,3,2
586859,586863,586864,1,4
586859,586863,586865,2,4
586859,586863,586865,2,4
586859,586859,586865,6,0
586859,586863,586865,2,4
586859,586859,586865,6,0
586859,586859,586866,7,0
586859,586865,586866,1,6
586859,586859,586866,7,0
586859,586865,586866,1,6
586859,586859,586867,8,0
586859,586865,586866,1,6
586859,586865,586866,1,6
586859,586865,586866,1,6
586859,586859,586867,8,0
586859,586865,586866,1,6
586859,586865,586866,1,6
586986,586986,586987,1,0
586986,586986,586987,1,0
586986,586986,586987,1,0
586986,586986,586987,1,0
586986,586986,586988,2,0
586986,586986,586989,3,0
586986,586986,586990,4,0
586986,586986,586990,4,0
586986,586987,586989,2,1
586986,586986,586989,3,0
586986,586988,586991,3,2
586986,586988,586991,3,2
586986,586986,586991,5,0
586986,586987,586990,3,1
586986,586986,586992,6,0
586986,586986,586991,5,0
586986,586989,586991,2,3
586986,586986,586992,6,0
586986,586990,586992,2,4
586986,586990,586992,2,4
586986,586990,586992,2,4
586986,586990,586992,2,4
586986,586990,586992,2,4
586986,586991,586992,1,5
586986,586986,586993,7,0
586986,586991,586992,1,5
586986,586991,586992,1,5
586986,586991,586992,1,5
586986,586992,586993,1,6
586986,586986,586993,7,0
586986,586986,586993,7,0
587112,587112,587113,1,0
587112,587112,587113,1,0
587112,587112,587114,2,0
587112,587112,587113,1,0
587112,587112,587113,1,0
587112,587112,587115,3,0
587112,587112,587115,3,0
587112,587114,587116,2,2
587112,587113,587115,2,1
587112,587112,587115,3,0
587112,587112,587117,5,0
587112,587114,587117,3,2
587112,587112,587117,5,0
587112,587114,587116,2,2
587112,587115,587117,2,3
587112,587114,587117,3,2
587112,587115,587117,2,3
587112,587116,587118,2,4
587112,587116,587118,2,4
587112,587116,587118,2,4
587112,587112,587119,7,0
587112,587112,587118,6,0
587112,587112,587119,7,0
587112,587117,587119,2,5
587112,587117,587118,1,5
587112,587117,587119,2,5
587112,587117,587118,1,5
587112,587117,587118,1,5
587112,587112,587119,7,0
587112,587112,587119,7,0
587112,587112,587120,8,0
587236,587236,587237,1,0
587236,587236,587237,1,0
587236,587236,587237,1,0
587236,587236,587239,3,0
587236,587236,587239,3,0
587236,587237,587239,2,1
587236,587236,587239,3,0
587236,587236,587240,4,0
587236,587238,587240,2,2
587236,587238,587240,2,2
587236,587239,587241,2,3
587236,587236,587242,6,0
587236,587240,587242,2,4
587236,587236,587241,5,0
587236,587239,587241,2,3
587236,587240,587242,2,4
587236,587240,587242,2,4
587236,587236,587241,5,0
587236,587240,587242,2,4
587236,587236,587243,7,0
587236,587241,587243,2,5
587236,587236,587243,7,0
587236,587236,587243,7,0
587236,587241,587243,2,5
587236,587242,587244,2,6
587236,587242,587243,1,6
587236,587236,587244,8,0
587236,587236,587244,8,0
587236,587242,587243,1,6
587236,587242,587244,2,6
587236,587236,587245,9,0
587365,587365,587366,1,0
587365,587365,587366,1,0
587365,587365,587366,1,0
587365,587365,587367,2,0
587365,587365,587367,2,0
587365,587365,587368,3,0
587365,587366,587368,2,1
587365,587367,587369,2,2
587365,587367,587369,2,2
587365,587367,587369,2,2
587365,587367,587369,2,2
587365,587365,587369,4,0
587365,587365,587369,4,0
587365,587368,587370,2,3
587365,587368,587370,2,3
587365,587365,587370,5,0
587365,587365,587371,6,0
587365,587369,587371,2,4
587365,587365,587371,6,0
587365,587369,587371,2,4
587365,587369,587371,2,4
587365,587365,587370,5,0
587365,587369,587371,2,4
587365,587370,587371,1,5
587365,587370,587371,1,5
587365,587370,587371,1,5
587365,587365,587372,7,0
587365,587370,587371,1,5
587365,587365,587372,7,0
587365,587365,587372,7,0
587365,587365,587375,10,0
587493,587493,587494,1,0
587493,587493,587494,1,0
587493,587493,587494,1,0
587493,587494,587496,2,1
587493,587493,587496,3,0
587493,587493,587496,3,0
587493,587493,587496,3,0
587493,587495,587496,1,2
587493,587493,587496,3,0
587493,587495,587496,1,2
587493,587493,587498,5,0
587493,587496,587498,2,3
587493,587493,587498,5,0
587493,587496,587498,2,3
587493,587497,587498,1,4
587493,587497,587499,2,4
587493,587493,587499,6,0
587493,587497,587498,1,4
587493,587493,587499,6,0
587493,587497,587498,1,4
587493,587493,587498,5,0
587493,587497,587498,1,4
587493,587493,587499,6,0
587493,587493,587500,7,0
587493,587498,587499,1,5
587493,587498,587499,1,5
587493,587498,587499,1,5
587493,587498,587499,1,5
587493,587493,587500,7,0
587493,587499,587500,1,6
587493,587493,587502,9,0
587623,587623,587624,1,0
587623,587623,587624,1,0
587623,587623,587624,1,0
587623,587623,587626,3,0
587623,587623,587626,3,0
587623,587623,587627,4,0
587623,587623,587627,4,0
587623,587625,587627,2,2
587623,587623,587628,5,0
587623,587625,587627,2,2
587623,587625,587627,2,2
587623,587626,587627,1,3
587623,587623,587628,5,0
587623,587626,587628,2,3
587623,587623,587629,6,0
587623,587623,587628,5,0
587623,587627,587629,2,4
587623,587623,587628,5,0
587623,587623,587629,6,0
587623,587627,587629,2,4
587623,587627,587629,2,4
587623,587628,587630,2,5
587623,587623,587630,7,0
587623,587628,587630,2,5
587623,587628,587630,2,5
587623,587628,587629,1,5
587623,587628,587630,2,5
587623,587628,587629,1,5
587623,587629,587630,1,6
587623,587623,587632,9,0
587623,587623,587632,9,0
587752,587752,587753,1,0
587752,587752,587753,1,0
587752,587752,587753,1,0
587752,587752,587755,3,0
587752,587752,587754,2,0
587752,587752,587755,3,0
587752,587753,587755,2,1
587752,587752,587755,3,0
587752,587752,587755,3,0
587752,587754,587756,2,2
587752,587752,587755,3,0
587752,587752,587755,3,0
587752,587752,587756,4,0
587752,587752,587756,4,0
587752,587754,587756,2,2
587752,587755,587756,1,3
587752,587755,587756,1,3
587752,587756,587758,2,4
587752,587756,587757,1,4
587752,587756,587757,1,4
587752,587756,587757,1,4
587752,587752,587757,5,0
587752,587756,587757,1,4
587752,587756,587758,2,4
587752,587756,587757,1,4
587752,587756,587757,1,4
587752,587757,587758,1,5
587752,587752,587758,6,0
587752,587757,587758,1,5
587752,587752,587759,7,0
587752,587752,587761,9,0
587876,587877,587878,1,1
587876,587877,587879,2,1
587876,587877,587879,2,1
587876,587877,587879,2,1
587876,587877,587879,2,1
587876,587877,587879,2,1
587876,587877,587879,2,1
587876,587877,587880,3,1
587876,587879,587880,1,3
587876,587877,587880,3,1
587876,587878,587880,2,2
587876,587877,587880,3,1
587876,587878,587880,2,2
587876,587877,587880,3,1
587876,587880,587881,1,4
587876,587880,587881,1,4
587876,587880,587881,1,4
587876,587880,587881,1,4
587876,587880,587881,1,4
587876,587881,587882,1,5
587876,587880,587881,1,4
587876,587881,587882,1,5
587876,587881,587882,1,5
587876,587881,587882,1,5
587876,587877,587883,6,1
587876,587881,587882,1,5
587876,587881,587882,1,5
587876,587877,587884,7,1
587876,587877,587884,7,1
588001,588001,588002,1,0
588001,588001,588003,2,0
588001,588001,588003,2,0
588001,588001,588002,1,0
588001,588001,588003,2,0
588001,588001,588003,2,0
588001,588001,588005,4,0
588001,588001,588005,4,0
588001,588003,588005,2,2
588001,588001,588004,3,0
588001,588003,588004,1,2
588001,588001,588004,3,0
588001,588003,588005,2,2
588001,588003,588005,2,2
588001,588003,588006,3,2
588001,588001,588006,5,0
588001,588003,588005,2,2
588001,588001,588007,6,0
588001,588005,588006,1,4
588001,588006,588007,1,5
588001,588001,588006,5,0
588001,588005,588007,2,4
588001,588005,588006,1,4
588001,588005,588007,2,4
588001,588005,588007,2,4
588001,588005,588007,2,4
588001,588005,588007,2,4
588001,588005,588007,2,4
588001,588001,588007,6,0
588001,588001,588010,9,0
588001,588001,588011,10,0
588125,588126,588127,1,1
588125,588126,588127,1,1
588125,588126,588127,1,1
588125,588126,588128,2,1
588125,588126,588128,2,1
588125,588126,588129,3,1
588125,588127,588129,2,2
588125,588126,588129,3,1
588125,588128,588129,1,3
588125,588126,588129,3,1
588125,588126,588129,3,1
588125,588127,588129,2,2
588125,588126,588129,3,1
588125,588126,588130,4,1
588125,588126,588130,4,1
588125,588126,588130,4,1
588125,588129,588130,1,4
588125,588129,588130,1,4
588125,588130,588131,1,5
588125,588130,588131,1,5
588125,588130,588131,1,5
588125,588130,588131,1,5
588125,588130,588131,1,5
588125,588130,588131,1,5
588125,588130,588131,1,5
588125,588130,588131,1,5
588125,588131,588132,1,6
588125,588131,588132,1,6
588125,588126,588132,6,1
588125,588126,588135,9,1
588125,588126,588134,8,1
588253,588253,588254,1,0
588253,588253,588254,1,0
588253,588253,588254,1,0
588253,588253,588255,2,0
588253,588253,588256,3,0
588253,588253,588255,2,0
588253,588253,588255,2,0
588253,588253,588256,3,0
588253,588253,588256,3,0
588253,588253,588256,3,0
588253,588255,588257,2,2
588253,588253,588257,4,0
588253,588253,588256,3,0
588253,588253,588257,4,0
588253,588255,588257,2,2
588253,588255,588257,2,2
588253,588256,588257,1,3
588253,588255,588258,3,2
588253,588256,588257,1,3
588253,588253,588258,5,0
588253,588256,588257,1,3
588253,588256,588257,1,3
588253,588257,588258,1,4
588253,588257,588258,1,4
588253,588257,588258,1,4
588253,588257,588258,1,4
588253,588257,588259,2,4
588253,588257,588258,1,4
588253,588257,588258,1,4
588253,588253,588260,7,0
588253,588253,588262,9,0
588381,588381,588382,1,0
588381,588381,588382,1,0
588381,588381,588382,1,0
588381,588381,588382,1,0
588381,588381,588382,1,0
588381,588381,588382,1,0
588381,588381,588383,2,0
588381,588381,588384,3,0
588381,588381,588384,3,0
588381,588381,588384,3,0
588381,588383,588385,2,2
588381,588381,588384,3,0
588381,588381,588385,4,0
588381,588383,588384,1,2
588381,588383,588384,1,2
588381,588381,588384,3,0
588381,588383,588385,2,2
588381,588381,588385,4,0
588381,588382,588384,2,1
588381,588384,588385,1,3
588381,588383,588385,2,2
588381,588384,588385,1,3
588381,588381,588387,6,0
588381,588385,588386,1,4
588381,588385,588386,1,4
588381,588385,588386,1,4
588381,588385,588386,1,4
588381,588385,588386,1,4
588381,588385,588386,1,4
588381,588385,588386,1,4
588381,588381,588389,8,0
588507,588507,588508,1,0
588507,588507,588508,1,0
588507,588507,588508,1,0
588507,588507,588508,1,0
588507,588507,588508,1,0
588507,588507,588509,2,0
588507,588507,588509,2,0
588507,588507,588510,3,0
588507,588507,588509,2,0
588507,588508,588509,1,1
588507,588507,588510,3,0
588507,588508,588510,2,1
588507,588507,588510,3,0
588507,588509,588511,2,2
588507,588509,588510,1,2
588507,588507,588510,3,0
588507,588509,588510,1,2
588507,588507,588510,3,0
588507,588509,588510,1,2
588507,588510,588511,1,3
588507,588511,588512,1,4
588507,588507,588511,4,0
588507,588510,588511,1,3
588507,588510,588511,1,3
588507,588510,588511,1,3
588507,588511,588512,1,4
588507,588510,588511,1,3
588507,588510,588511,1,3
588507,588507,588513,6,0
588507,588511,588512,1,4
588507,588507,588513,6,0
588633,588633,588634,1,0
588633,588633,588635,2,0
588633,588633,588635,2,0
588633,588633,588635,2,0
588633,588633,588635,2,0
588633,588633,588634,1,0
588633,588633,588635,2,0
588633,588633,588636,3,0
588633,588633,588636,3,0
588633,588633,588636,3,0
588633,588633,588637,4,0
588633,588635,588637,2,2
588633,588635,588636,1,2
588633,588633,588637,4,0
588633,588633,588637,4,0
588633,588635,588637,2,2
588633,588635,588637,2,2
588633,588633,588636,3,0
588633,588633,588636,3,0
588633,588635,588637,2,2
588633,588635,588636,1,2
588633,588635,588637,2,2
588633,588636,588637,1,3
588633,588637,588638,1,4
588633,588633,588638,5,0
588633,588637,588638,1,4
588633,588637,588638,1,4
588633,588636,588637,1,3
588633,588636,588637,1,3
588633,588637,588638,1,4
588633,588637,588638,1,4
588759,588759,588760,1,0
588759,588759,588761,2,0
588759,588759,588760,1,0
588759,588759,588760,1,0
588759,588759,588761,2,0
588759,588759,588761,2,0
588759,588759,588761,2,0
588759,588759,588760,1,0
588759,588759,588761,2,0
588759,588759,588762,3,0
588759,588759,588762,3,0
588759,588759,588763,4,0
588759,588759,588763,4,0
588759,588761,588762,1,2
588759,588761,588762,1,2
588759,588759,588762,3,0
588759,588761,588762,1,2
588759,588761,588763,2,2
588759,588761,588762,1,2
588759,588759,588762,3,0
588759,588761,588762,1,2
588759,588761,588762,1,2
588759,588759,588763,4,0
588759,588761,588763,2,2
588759,588761,588763,2,2
588759,588762,588763,1,3
588759,588763,588764,1,4
588759,588763,588764,1,4
588759,588762,588763,1,3
588759,588763,588764,1,4
588759,588763,588764,1,4
588884,588884,588885,1,0
588884,588884,588886,2,0
588884,588884,588886,2,0
588884,588885,588886,1,1
588884,588884,588886,2,0
588884,588885,588887,2,1
588884,588884,588886,2,0
588884,588885,588886,1,1
588884,588885,588887,2,1
588884,588885,588886,1,1
588884,588885,588887,2,1
588884,588884,588887,3,0
588884,588885,588887,2,1
588884,588885,588887,2,1
588884,588885,588887,2,1
588884,588885,588887,2,1
588884,588886,588887,1,2
588884,588887,588888,1,3
588884,588887,588888,1,3
588884,588887,588888,1,3
588884,588887,588888,1,3
588884,588887,588888,1,3
588884,588888,588889,1,4
588884,588887,588888,1,3
588884,588887,588888,1,3
588884,588888,588889,1,4
588884,588887,588888,1,3
588884,588887,588888,1,3
588884,588888,588889,1,4
588884,588888,588889,1,4
588884,588888,588889,1,4
589138,589138,589139,1,0
589138,589138,589139,1,0
589138,589138,589139,1,0
589138,589138,589139,1,0
589138,589138,589139,1,0
589138,589138,589139,1,0
589138,589138,589140,2,0
589138,589138,589140,2,0
589138,589138,589140,2,0
589138,589138,589139,1,0
589138,589138,589140,2,0
589138,589138,589139,1,0
589138,589138,589140,2,0
589138,589138,589140,2,0
589138,589139,589140,1,1
589138,589138,589140,2,0
589138,589139,589140,1,1
589138,589138,589140,2,0
589138,589140,589141,1,2
589138,589140,589141,1,2
589138,589140,589141,1,2
589138,589140,589141,1,2
589138,589140,589141,1,2
589138,589140,589141,1,2
589138,589140,589141,1,2
589138,589140,589141,1,2
589138,589140,589141,1,2
589138,589140,589141,1,2
589138,589141,589142,1,3
589138,589141,589143,2,3
589138,589141,589142,1,3
589263,589263,589265,2,0
589263,589263,589265,2,0
589263,589264,589265,1,1
589263,589263,589265,2,0
589263,589263,589265,2,0
589263,589263,589265,2,0
589263,589264,589265,1,1
589263,589263,589265,2,0
589263,589264,589265,1,1
589263,589264,589265,1,1
589263,589263,589266,3,0
589263,589263,589266,3,0
589263,589265,589266,1,2
589263,589266,589267,1,3
589263,589263,589266,3,0
589263,589265,589266,1,2
589263,589265,589266,1,2
589263,589266,589267,1,3
589263,589266,589267,1,3
589263,589266,589267,1,3
589263,589267,589268,1,4
589263,589266,589267,1,3
589263,589267,589268,1,4
589263,589266,589267,1,3
589263,589266,589267,1,3
589263,589266,589267,1,3
589263,589266,589267,1,3
589263,589266,589267,1,3
589388,589388,589389,1,0
589388,589388,589389,1,0
589388,589388,589390,2,0
589388,589388,589390,2,0
589388,589388,589389,1,0
589388,589388,589389,1,0
589388,589388,589389,1,0
589388,589388,589390,2,0
589388,589388,589389,1,0
589388,589388,589390,2,0
589388,589388,589389,1,0
589388,589389,589390,1,1
589388,589388,589389,1,0
589388,589388,589389,1,0
589388,589388,589390,2,0
589388,589389,589390,1,1
589388,589388,589391,3,0
589388,589390,589391,1,2
589388,589390,589392,2,2
589388,589390,589391,1,2
589388,589390,589391,1,2
589388,589388,589392,4,0
589388,589390,589391,1,2
589388,589390,589391,1,2
589388,589390,589391,1,2
589388,589390,589391,1,2
589388,589390,589391,1,2
589388,589390,589391,1,2
589388,589390,589391,1,2
589388,589390,589391,1,2
589388,589391,589392,1,3
589516,589516,589517,1,0
589516,589516,589517,1,0
589516,589516,589517,1,0
589516,589516,589518,2,0
589516,589516,589517,1,0
589516,589516,589517,1,0
589516,589516,589518,2,0
589516,589516,589518,2,0
589516,589516,589518,2,0
589516,589516,589517,1,0
589516,589516,589518,2,0
589516,589516,589517,1,0
589516,589516,589517,1,0
589516,589516,589519,3,0
589516,589518,589519,1,2
589516,589518,589519,1,2
589516,589516,589519,3,0
589516,589517,589518,1,1
589516,589517,589518,1,1
589516,589518,589519,1,2
589516,589518,589519,1,2
589516,589518,589519,1,2
589516,589518,589519,1,2
589516,589518,589519,1,2
589516,589518,589519,1,2
589516,589518,589520,2,2
589516,589516,589519,3,0
589516,589518,589519,1,2
589516,589518,589520,2,2
589516,589519,589520,1,3
589516,589519,589520,1,3
589642,589642,589643,1,0
589642,589642,589643,1,0
589642,589642,589643,1,0
589642,589642,589643,1,0
589642,589642,589643,1,0
589642,589642,589643,1,0
589642,589642,589644,2,0
589642,589642,589643,1,0
589642,589642,589643,1,0
589642,589642,589643,1,0
589642,589642,589643,1,0
589642,589642,589643,1,0
589642,589642,589643,1,0
589642,589642,589643,1,0
589642,589642,589643,1,0
589642,589643,589644,1,1
589642,589642,589644,2,0
589642,589643,589644,1,1
589642,589644,589645,1,2
589642,589644,589645,1,2
589642,589643,589644,1,1
589642,589644,589645,1,2
589642,589644,589645,1,2
589642,589644,589645,1,2
589642,589644,589645,1,2
589642,589644,589645,1,2
589642,589644,589645,1,2
589642,589644,589645,1,2
589642,589644,589645,1,2
589642,589644,589645,1,2
589642,589644,589645,1,2
589766,589766,589767,1,0
589766,589766,589767,1,0
589766,589766,589767,1,0
589766,589766,589767,1,0
589766,589766,589767,1,0
589766,589766,589767,1,0
589766,589766,589767,1,0
589766,589766,589767,1,0
589766,589766,589767,1,0
589766,589766,589767,1,0
589766,589766,589768,2,0
589766,589766,589767,1,0
589766,589767,589768,1,1
589766,589766,589768,2,0
589766,589766,589768,2,0
589766,589766,589768,2,0
589766,589768,589769,1,2
589766,589768,589769,1,2
589766,589766,589769,3,0
589766,589768,589769,1,2
589766,589768,589769,1,2
589766,589768,589769,1,2
589766,589768,589769,1,2
589766,589768,589769,1,2
589766,589768,589769,1,2
589766,589768,589769,1,2
589766,589768,589769,1,2
589766,589768,589769,1,2
589766,589768,589769,1,2
589766,589769,589770,1,3
589766,589769,589770,1,3
589893,589893,589894,1,0
589893,589893,589894,1,0
589893,589893,589895,2,0
589893,589893,589895,2,0
589893,589893,589894,1,0
589893,589893,589895,2,0
589893,589893,589895,2,0
589893,589893,589895,2,0
589893,589893,589894,1,0
589893,589893,589895,2,0
589893,589893,589894,1,0
589893,589893,589894,1,0
589893,589894,589895,1,1
589893,589893,589896,3,0
589893,589895,589896,1,2
589893,589895,589896,1,2
589893,589895,589896,1,2
589893,589895,589896,1,2
589893,589895,589896,1,2
589893,589895,589896,1,2
589893,589895,589896,1,2
589893,589893,589895,2,0
589893,589895,589896,1,2
589893,589895,589896,1,2
589893,589893,589897,4,0
589893,589895,589897,2,2
589893,589895,589897,2,2
589893,589895,589897,2,2
589893,589893,589897,4,0
590019,590019,590020,1,0
590019,590019,590021,2,0
590019,590019,590020,1,0
590019,590019,590021,2,0
590019,590019,590021,2,0
590019,590019,590021,2,0
590019,590019,590021,2,0
590019,590019,590021,2,0
590019,590019,590021,2,0
590019,590019,590020,1,0
590019,590019,590021,2,0
590019,590019,590021,2,0
590019,590019,590022,3,0
590019,590021,590022,1,2
590019,590019,590022,3,0
590019,590019,590022,3,0
590019,590019,590022,3,0
590019,590021,590022,1,2
590019,590021,590022,1,2
590019,590021,590022,1,2
590019,590021,590023,2,2
590019,590021,590023,2,2
590019,590022,590023,1,3
590019,590021,590023,2,2
590019,590023,590024,1,4
590019,590021,590023,2,2
590019,590022,590023,1,3
590019,590021,590023,2,2
590019,590022,590023,1,3
590019,590023,590024,1,4
590146,590146,590148,2,0
590146,590146,590148,2,0
590146,590146,590148,2,0
590146,590146,590150,4,0
590146,590146,590151,5,0
590146,590148,590151,3,2
590146,590146,590152,6,0
590146,590148,590152,4,2
590146,590146,590153,7,0
590146,590146,590153,7,0
590146,590146,590153,7,0
590146,590148,590153,5,2
590146,590146,590153,7,0
590146,590150,590153,3,4
590146,590146,590153,7,0
590146,590146,590153,7,0
590146,590146,590153,7,0
590146,590152,590153,1,6
590146,590146,590153,7,0
590146,590146,590153,7,0
590146,590153,590154,1,7
590146,590153,590154,1,7
590146,590146,590154,8,0
590146,590152,590155,3,6
590146,590154,590155,1,8
590146,590154,590155,1,8
590146,590154,590155,1,8
590146,590154,590155,1,8
590146,590154,590155,1,8
590146,590154,590155,1,8
590146,590154,590155,1,8
590270,590270,590271,1,0
590270,590270,590271,1,0
590270,590270,590271,1,0
590270,590270,590273,3,0
590270,590270,590274,4,0
590270,590270,590274,4,0
590270,590272,590274,2,2
590270,590270,590276,6,0
590270,590272,590276,4,2
590270,590270,590276,6,0
590270,590272,590275,3,2
590270,590270,590276,6,0
590270,590270,590277,7,0
590270,590270,590276,6,0
590270,590274,590276,2,4
590270,590270,590276,6,0
590270,590270,590276,6,0
590270,590275,590276,1,5
590270,590270,590276,6,0
590270,590270,590277,7,0
590270,590274,590276,2,4
590270,590275,590276,1,5
590270,590276,590277,1,6
590270,590270,590277,7,0
590270,590276,590277,1,6
590270,590276,590277,1,6
590270,590276,590277,1,6
590270,590277,590278,1,7
590270,590277,590278,1,7
590270,590276,590277,1,6
590270,590277,590278,1,7
590394,590394,590396,2,0
590394,590394,590396,2,0
590394,590394,590395,1,0
590394,590394,590397,3,0
590394,590394,590398,4,0
590394,590394,590398,4,0
590394,590394,590399,5,0
590394,590396,590399,3,2
590394,590394,590400,6,0
590394,590396,590400,4,2
590394,590397,590400,3,3
590394,590398,590400,2,4
590394,590394,590400,6,0
590394,590394,590401,7,0
590394,590394,590401,7,0
590394,590398,590400,2,4
590394,590394,590401,7,0
590394,590394,590401,7,0
590394,590394,590400,6,0
590394,590396,590401,5,2
590394,590394,590401,7,0
590394,590399,590401,2,5
590394,590399,590401,2,5
590394,590400,590402,2,6
590394,590400,590402,2,6
590394,590400,590402,2,6
590394,590400,590402,2,6
590394,590400,590402,2,6
590394,590401,590403,2,7
590394,590394,590404,10,0
590519,590519,590520,1,0
590519,590519,590520,1,0
590519,590519,590520,1,0
590519,590519,590522,3,0
590519,590519,590522,3,0
590519,590521,590523,2,2
590519,590519,590525,6,0
590519,590519,590524,5,0
590519,590521,590524,3,2
590519,590519,590525,6,0
590519,590521,590525,4,2
590519,590523,590526,3,4
590519,590523,590525,2,4
590519,590519,590526,7,0
590519,590519,590525,6,0
590519,590524,590526,2,5
590519,590519,590525,6,0
590519,590519,590526,7,0
590519,590525,590527,2,6
590519,590525,590527,2,6
590519,590519,590526,7,0
590519,590525,590527,2,6
590519,590525,590527,2,6
590519,590525,590527,2,6
590519,590519,590527,8,0
590519,590526,590527,1,7
590519,590526,590527,1,7
590519,590526,590527,1,7
590519,590526,590527,1,7
590519,590519,590529,10,0
590519,590519,590528,9,0
590643,590643,590644,1,0
590643,590643,590644,1,0
590643,590643,590644,1,0
590643,590643,590646,3,0
590643,590643,590647,4,0
590643,590645,590648,3,2
590643,590645,590647,2,2
590643,590645,590647,2,2
590643,590646,590648,2,3
590643,590643,590648,5,0
590643,590643,590649,6,0
590643,590643,590650,7,0
590643,590643,590650,7,0
590643,590648,590650,2,5
590643,590643,590650,7,0
590643,590643,590649,6,0
590643,590643,590650,7,0
590643,590648,590650,2,5
590643,590643,590650,7,0
590643,590648,590650,2,5
590643,590643,590650,7,0
590643,590648,590650,2,5
590643,590649,590651,2,6
590643,590649,590651,2,6
590643,590649,590651,2,6
590643,590643,590652,9,0
590643,590650,590652,2,7
590643,590650,590652,2,7
590643,590650,590651,1,7
590643,590650,590652,2,7
590643,590643,590652,9,0
590770,590770,590771,1,0
590770,590770,590771,1,0
590770,590770,590771,1,0
590770,590770,590773,3,0
590770,590772,590774,2,2
590770,590772,590774,2,2
590770,590770,590775,5,0
590770,590772,590775,3,2
590770,590770,590775,5,0
590770,590770,590776,6,0
590770,590770,590777,7,0
590770,590770,590776,6,0
590770,590774,590776,2,4
590770,590770,590776,6,0
590770,590770,590776,6,0
590770,590770,590777,7,0
590770,590770,590776,6,0
590770,590770,590776,6,0
590770,590775,590777,2,5
590770,590775,590777,2,5
590770,590776,590778,2,6
590770,590776,590778,2,6
590770,590776,590778,2,6
590770,590776,590778,2,6
590770,590777,590778,1,7
590770,590777,590778,1,7
590770,590777,590778,1,7
590770,590777,590778,1,7
590770,590777,590778,1,7
590770,590770,590780,10,0
590770,590770,590779,9,0
590896,590896,590897,1,0
590896,590896,590897,1,0
590896,590896,590897,1,0
590896,590896,590899,3,0
590896,590896,590901,5,0
590896,590896,590901,5,0
590896,590898,590901,3,2
590896,590896,590901,5,0
590896,590898,590901,3,2
590896,590896,590901,5,0
590896,590896,590903,7,0
590896,590900,590902,2,4
590896,590896,590902,6,0
590896,590898,590903,5,2
590896,590896,590903,7,0
590896,590896,590903,7,0
590896,590901,590903,2,5
590896,590901,590903,2,5
590896,590896,590903,7,0
590896,590896,590902,6,0
590896,590901,590903,2,5
590896,590901,590903,2,5
590896,590901,590903,2,5
590896,590902,590904,2,6
590896,590896,590905,9,0
590896,590903,590905,2,7
590896,590903,590905,2,7
590896,590903,590905,2,7
590896,590903,590904,1,7
590896,590903,590904,1,7
590896,590896,590906,10,0
591021,591021,591022,1,0
591021,591021,591022,1,0
591021,591021,591022,1,0
591021,591021,591024,3,0
591021,591021,591026,5,0
591021,591021,591025,4,0
591021,591023,591025,2,2
591021,591023,591026,3,2
591021,591021,591027,6,0
591021,591021,591028,7,0
591021,591023,591027,4,2
591021,591021,591027,6,0
591021,591021,591028,7,0
591021,591025,591027,2,4
591021,591026,591028,2,5
591021,591026,591028,2,5
591021,591027,591028,1,6
591021,591021,591028,7,0
591021,591026,591028,2,5
591021,591021,591028,7,0
591021,591021,591028,7,0
591021,591021,591030,9,0
591021,591021,591030,9,0
591021,591028,591029,1,7
591021,591021,591030,9,0
591021,591028,591029,1,7
591021,591028,591030,2,7
591021,591028,591029,1,7
591021,591028,591030,2,7
591021,591028,591029,1,7
591021,591028,591029,1,7
591146,591146,591147,1,0
591146,591146,591147,1,0
591146,591146,591147,1,0
591146,591146,591149,3,0
591146,591146,591151,5,0
591146,591147,591151,4,1
591146,591146,591150,4,0
591146,591148,591151,3,2
591146,591148,591152,4,2
591146,591146,591151,5,0
591146,591151,591153,2,5
591146,591146,591153,7,0
591146,591146,591152,6,0
591146,591150,591152,2,4
591146,591151,591153,2,5
591146,591151,591152,1,5
591146,591146,591153,7,0
591146,591146,591153,7,0
591146,591152,591154,2,6
591146,591151,591153,2,5
591146,591152,591154,2,6
591146,591153,591154,1,7
591146,591146,591155,9,0
591146,591153,591154,1,7
591146,591146,591154,8,0
591146,591146,591155,9,0
591146,591153,591154,1,7
591146,591153,591154,1,7
591146,591153,591154,1,7
591146,591146,591155,9,0
591146,591146,591156,10,0
591270,591270,591271,1,0
591270,591270,591272,2,0
591270,591270,591272,2,0
591270,591270,591273,3,0
591270,591271,591275,4,1
591270,591273,591275,2,3
591270,591270,591276,6,0
591270,591271,591276,5,1
591270,591273,591276,3,3
591270,591270,591276,6,0
591270,591271,591276,5,1
591270,591274,591276,2,4
591270,591272,591276,4,2
591270,591270,591277,7,0
591270,591271,591277,6,1
591270,591276,591277,1,6
591270,591276,591278,2,6
591270,591278,591279,1,8
591270,591277,591278,1,7
591270,591277,591278,1,7
591270,591277,591278,1,7
591270,591277,591278,1,7
591270,591277,591278,1,7
591270,591277,591278,1,7
591270,591270,591280,10,0
591270,591270,591280,10,0
591270,591278,591279,1,8
591270,591270,591279,9,0
591270,591277,591279,2,7
591270,591270,591280,10,0
591270,591270,591280,10,0
591396,591396,591397,1,0
591396,591396,591397,1,0
591396,591396,591398,2,0
591396,591396,591399,3,0
591396,591396,591401,5,0
591396,591396,591401,5,0
591396,591396,591401,5,0
591396,591398,591401,3,2
591396,591399,591402,3,3
591396,591396,591402,6,0
591396,591398,591402,4,2
591396,591396,591402,6,0
591396,591397,591402,5,1
591396,591396,591403,7,0
591396,591396,591403,7,0
591396,591396,591403,7,0
591396,591402,591404,2,6
591396,591402,591403,1,6
591396,591401,591403,2,5
591396,591402,591403,1,6
591396,591403,591404,1,7
591396,591403,591404,1,7
591396,591403,591404,1,7
591396,591404,591405,1,8
591396,591396,591404,8,0
591396,591403,591404,1,7
591396,591403,591404,1,7
591396,591396,591405,9,0
591396,591396,591405,9,0
591396,591404,591405,1,8
591396,591396,591406,10,0
591523,591523,591524,1,0
591523,591523,591524,1,0
591523,591523,591524,1,0
591523,591523,591526,3,0
591523,591523,591528,5,0
591523,591523,591528,5,0
591523,591525,591528,3,2
591523,591523,591527,4,0
591523,591523,591529,6,0
591523,591523,591528,5,0
591523,591523,591529,6,0
591523,591525,591528,3,2
591523,591523,591529,6,0
591523,591523,591529,6,0
591523,591526,591529,3,3
591523,591528,591530,2,5
591523,591523,591530,7,0
591523,591528,591530,2,5
591523,591528,591530,2,5
591523,591528,591530,2,5
591523,591529,591530,1,6
591523,591523,591530,7,0
591523,591525,591530,5,2
591523,591529,591531,2,6
591523,591529,591531,2,6
591523,591529,591531,2,6
591523,591529,591531,2,6
591523,591529,591531,2,6
591523,591529,591530,1,6
591523,591523,591533,10,0
591523,591523,591533,10,0
591651,591651,591652,1,0
591651,591651,591652,1,0
591651,591651,591652,1,0
591651,591651,591653,2,0
591651,591651,591655,4,0
591651,591651,591656,5,0
591651,591653,591655,2,2
591651,591651,591656,5,0
591651,591653,591656,3,2
591651,591651,591657,6,0
591651,591651,591656,5,0
591651,591654,591656,2,3
591651,591651,591657,6,0
591651,591651,591656,5,0
591651,591651,591657,6,0
591651,591653,591657,4,2
591651,591651,591657,6,0
591651,591656,591658,2,5
591651,591656,591658,2,5
591651,591656,591658,2,5
591651,591656,591658,2,5
591651,591656,591658,2,5
591651,591657,591658,1,6
591651,591657,591658,1,6
591651,591657,591658,1,6
591651,591651,591658,7,0
591651,591657,591658,1,6
591651,591657,591658,1,6
591651,591658,591659,1,7
591651,591651,591660,9,0
591651,591651,591660,9,0
591779,591779,591780,1,0
591779,591779,591780,1,0
591779,591779,591781,2,0
591779,591779,591782,3,0
591779,591779,591784,5,0
591779,591779,591783,4,0
591779,591779,591784,5,0
591779,591781,591784,3,2
591779,591779,591785,6,0
591779,591779,591784,5,0
591779,591781,591785,4,2
591779,591779,591785,6,0
591779,591779,591784,5,0
591779,591782,591785,3,3
591779,591779,591784,5,0
591779,591781,591786,5,2
591779,591784,591786,2,5
591779,591784,591786,2,5
591779,591784,591786,2,5
591779,591785,591786,1,6
591779,591779,591785,6,0
591779,591784,591786,2,5
591779,591785,591786,1,6
591779,591785,591786,1,6
591779,591785,591787,2,6
591779,591785,591787,2,6
591779,591785,591787,2,6
591779,591779,591786,7,0
591779,591785,591786,1,6
591779,591779,591787,8,0
591779,591779,591789,10,0
591905,591905,591906,1,0
591905,591905,591907,2,0
591905,591905,591907,2,0
591905,591905,591908,3,0
591905,591905,591910,5,0
591905,591906,591910,4,1
591905,591906,591910,4,1
591905,591908,591910,2,3
591905,591905,591911,6,0
591905,591906,591911,5,1
591905,591907,591911,4,2
591905,591906,591911,5,1
591905,591908,591911,3,3
591905,591905,591911,6,0
591905,591905,591911,6,0
591905,591906,591911,5,1
591905,591909,591911,2,4
591905,591906,591912,6,1
591905,591911,591913,2,6
591905,591911,591913,2,6
591905,591911,591912,1,6
591905,591912,591913,1,7
591905,591911,591912,1,6
591905,591912,591913,1,7
591905,591912,591913,1,7
591905,591912,591913,1,7
591905,591912,591913,1,7
591905,591912,591913,1,7
591905,591912,591913,1,7
591905,591906,591915,9,1
591905,591906,591915,9,1
592033,592033,592034,1,0
592033,592033,592034,1,0
592033,592033,592034,1,0
592033,592033,592036,3,0
592033,592033,592037,4,0
592033,592033,592037,4,0
592033,592035,592037,2,2
592033,592033,592038,5,0
592033,592033,592038,5,0
592033,592035,592039,4,2
592033,592033,592038,5,0
592033,592033,592038,5,0
592033,592036,592038,2,3
592033,592033,592038,5,0
592033,592033,592039,6,0
592033,592033,592038,5,0
592033,592033,592038,5,0
592033,592033,592039,6,0
592033,592035,592039,4,2
592033,592038,592040,2,5
592033,592038,592040,2,5
592033,592039,592041,2,6
592033,592039,592041,2,6
592033,592039,592040,1,6
592033,592039,592040,1,6
592033,592038,592040,2,5
592033,592039,592040,1,6
592033,592039,592040,1,6
592033,592039,592040,1,6
592033,592039,592040,1,6
592033,592033,592042,9,0
592159,592159,592160,1,0
592159,592159,592161,2,0
592159,592159,592161,2,0
592159,592159,592164,5,0
592159,592159,592164,5,0
592159,592159,592164,5,0
592159,592159,592164,5,0
592159,592161,592164,3,2
592159,592159,592165,6,0
592159,592159,592164,5,0
592159,592159,592165,6,0
592159,592161,592165,4,2
592159,592159,592165,6,0
592159,592161,592164,3,2
592159,592159,592165,6,0
592159,592164,592166,2,5
592159,592164,592166,2,5
592159,592164,592167,3,5
592159,592164,592166,2,5
592159,592166,592167,1,7
592159,592164,592167,3,5
592159,592165,592167,2,6
592159,592165,592167,2,6
592159,592165,592167,2,6
592159,592165,592167,2,6
592159,592166,592167,1,7
592159,592159,592168,9,0
592159,592159,592168,9,0
592159,592159,592169,10,0
592159,592159,592169,10,0
592289,592289,592290,1,0
592289,592289,592291,2,0
592289,592289,592291,2,0
592289,592289,592294,5,0
592289,592289,592294,5,0
592289,592289,592293,4,0
592289,592289,592294,5,0
592289,592291,592294,3,2
592289,592289,592295,6,0
592289,592289,592295,6,0
592289,592289,592294,5,0
592289,592289,592295,6,0
592289,592290,592294,4,1
592289,592289,592295,6,0
592289,592294,592296,2,5
592289,592294,592296,2,5
592289,592289,592296,7,0
592289,592291,592296,5,2
592289,592295,592296,1,6
592289,592295,592296,1,6
592289,592296,592297,1,7
592289,592296,592297,1,7
592289,592294,592297,3,5
592289,592296,592297,1,7
592289,592296,592297,1,7
592289,592296,592297,1,7
592289,592289,592299,10,0
592289,592289,592299,10,0
592289,592289,592299,10,0
592417,592417,592418,1,0
592417,592417,592418,1,0
592417,592417,592418,1,0
592417,592417,592422,5,0
592417,592417,592421,4,0
592417,592417,592421,4,0
592417,592417,592422,5,0
592417,592417,592421,4,0
592417,592417,592422,5,0
592417,592419,592422,3,2
592417,592417,592422,5,0
592417,592417,592422,5,0
592417,592417,592422,5,0
592417,592419,592422,3,2
592417,592422,592424,2,5
592417,592422,592424,2,5
592417,592419,592425,6,2
592417,592422,592424,2,5
592417,592423,592424,1,6
592417,592422,592424,2,5
592417,592423,592424,1,6
592417,592423,592424,1,6
592417,592423,592424,1,6
592417,592423,592424,1,6
592417,592423,592424,1,6
592417,592424,592425,1,7
592417,592422,592425,3,5
592417,592417,592425,8,0
592417,592417,592426,9,0
592417,592417,592426,9,0
592417,592417,592426,9,0
592543,592543,592545,2,0
592543,592543,592545,2,0
592543,592543,592545,2,0
592543,592543,592548,5,0
592543,592543,592548,5,0
592543,592543,592548,5,0
592543,592543,592548,5,0
592543,592543,592548,5,0
592543,592543,592548,5,0
592543,592545,592549,4,2
592543,592543,592549,6,0
592543,592543,592549,6,0
592543,592545,592549,4,2
592543,592543,592550,7,0
592543,592545,592550,5,2
592543,592549,592550,1,6
592543,592549,592550,1,6
592543,592549,592550,1,6
592543,592543,592550,7,0
592543,592549,592550,1,6
592543,592551,592552,1,8
592543,592549,592551,2,6
592543,592543,592551,8,0
592543,592549,592551,2,6
592543,592550,592551,1,7
592543,592550,592551,1,7
592543,592550,592551,1,7
592543,592550,592551,1,7
592543,592551,592552,1,8
592543,592543,592552,9,0
592543,592543,592554,11,0
592669,592669,592670,1,0
592669,592669,592671,2,0
592669,592669,592671,2,0
592669,592669,592674,5,0
592669,592669,592674,5,0
592669,592669,592674,5,0
592669,592669,592674,5,0
592669,592669,592675,6,0
592669,592669,592675,6,0
592669,592669,592675,6,0
592669,592669,592675,6,0
592669,592672,592675,3,3
592669,592671,592675,4,2
592669,592672,592675,3,3
592669,592669,592676,7,0
592669,592675,592676,1,6
592669,592675,592677,2,6
592669,592676,592677,1,7
592669,592676,592677,1,7
592669,592669,592677,8,0
592669,592675,592677,2,6
592669,592675,592677,2,6
592669,592676,592677,1,7
592669,592676,592677,1,7
592669,592676,592677,1,7
592669,592676,592677,1,7
592669,592676,592677,1,7
592669,592677,592678,1,8
592669,592669,592679,10,0
592669,592669,592679,10,0
592669,592669,592679,10,0
592796,592796,592797,1,0
592796,592796,592797,1,0
592796,592796,592797,1,0
592796,592796,592800,4,0
592796,592796,592800,4,0
592796,592796,592800,4,0
592796,592796,592800,4,0
592796,592796,592800,4,0
592796,592796,592800,4,0
592796,592796,592800,4,0
592796,592796,592802,6,0
592796,592798,592801,3,2
592796,592798,592801,3,2
592796,592798,592801,3,2
592796,592796,592803,7,0
592796,592801,592802,1,5
592796,592801,592802,1,5
592796,592801,592803,2,5
592796,592801,592802,1,5
592796,592801,592803,2,5
592796,592801,592803,2,5
592796,592796,592803,7,0
592796,592802,592803,1,6
592796,592802,592803,1,6
592796,592802,592803,1,6
592796,592796,592803,7,0
592796,592802,592803,1,6
592796,592801,592804,3,5
592796,592803,592804,1,7
592796,592796,592806,10,0
592796,592796,592805,9,0
592926,592926,592927,1,0
592926,592926,592927,1,0
592926,592926,592927,1,0
592926,592926,592930,4,0
592926,592926,592930,4,0
592926,592926,592930,4,0
592926,592926,592931,5,0
592926,592926,592931,5,0
592926,592928,592931,3,2
592926,592926,592931,5,0
592926,592928,592931,3,2
592926,592926,592931,5,0
592926,592926,592932,6,0
592926,592930,592932,2,4
592926,592926,592933,7,0
592926,592928,592932,4,2
592926,592931,592932,1,5
592926,592931,592933,2,5
592926,592926,592933,7,0
592926,592931,592933,2,5
592926,592932,592933,1,6
592926,592932,592933,1,6
592926,592931,592934,3,5
592926,592931,592933,2,5
592926,592932,592933,1,6
592926,592932,592933,1,6
592926,592933,592934,1,7
592926,592933,592934,1,7
592926,592926,592935,9,0
592926,592926,592936,10,0
592926,592926,592935,9,0
593054,593054,593055,1,0
593054,593054,593056,2,0
593054,593054,593055,1,0
593054,593054,593058,4,0
593054,593054,593060,6,0
593054,593056,593060,4,2
593054,593054,593059,5,0
593054,593056,593060,4,2
593054,593054,593060,6,0
593054,593056,593059,3,2
593054,593054,593061,7,0
593054,593054,593061,7,0
593054,593058,593061,3,4
593054,593054,593061,7,0
593054,593054,593061,7,0
593054,593054,593062,8,0
593054,593060,593062,2,6
593054,593060,593062,2,6
593054,593060,593062,2,6
593054,593060,593063,3,6
593054,593060,593063,3,6
593054,593061,593063,2,7
593054,593061,593063,2,7
593054,593061,593062,1,7
593054,593061,593062,1,7
593054,593054,593063,9,0
593054,593060,593063,3,6
593054,593061,593062,1,7
593054,593054,593064,10,0
593054,593054,593064,10,0
593054,593054,593064,10,0
593178,593178,593180,2,0
593178,593178,593179,1,0
593178,593178,593179,1,0
593178,593178,593181,3,0
593178,593178,593182,4,0
593178,593178,593183,5,0
593178,593178,593184,6,0
593178,593180,593184,4,2
593178,593178,593184,6,0
593178,593180,593183,3,2
593178,593178,593185,7,0
593178,593182,593185,3,4
593178,593178,593185,7,0
593178,593178,593185,7,0
593178,593180,593186,6,2
593178,593183,593186,3,5
593178,593183,593186,3,5
593178,593184,593186,2,6
593178,593178,593185,7,0
593178,593184,593186,2,6
593178,593184,593186,2,6
593178,593178,593187,9,0
593178,593186,593187,1,8
593178,593185,593187,2,7
593178,593185,593187,2,7
593178,593184,593187,3,6
593178,593185,593187,2,7
593178,593185,593186,1,7
593178,593178,593188,10,0
593178,593178,593188,10,0
593178,593178,593188,10,0
593304,593304,593305,1,0
593304,593304,593305,1,0
593304,593304,593305,1,0
593304,593304,593308,4,0
593304,593304,593308,4,0
593304,593306,593309,3,2
593304,593304,593309,5,0
593304,593306,593310,4,2
593304,593304,593309,5,0
593304,593308,593311,3,4
593304,593304,593310,6,0
593304,593306,593311,5,2
593304,593304,593311,7,0
593304,593309,593312,3,5
593304,593304,593311,7,0
593304,593304,593312,8,0
593304,593304,593311,7,0
593304,593309,593312,3,5
593304,593310,593312,2,6
593304,593311,593312,1,7
593304,593311,593312,1,7
593304,593311,593312,1,7
593304,593310,593312,2,6
593304,593310,593312,2,6
593304,593304,593313,9,0
593304,593304,593314,10,0
593304,593304,593313,9,0
593304,593312,593313,1,8
593304,593312,593313,1,8
593304,593312,593313,1,8
593304,593304,593314,10,0
593430,593430,593432,2,0
593430,593430,593432,2,0
593430,593430,593432,2,0
593430,593430,593435,5,0
593430,593430,593435,5,0
593430,593430,593435,5,0
593430,593430,593436,6,0
593430,593433,593436,3,3
593430,593430,593436,6,0
593430,593433,593436,3,3
593430,593433,593436,3,3
593430,593430,593438,8,0
593430,593436,593438,2,6
593430,593436,593438,2,6
593430,593437,593438,1,7
593430,593437,593438,1,7
593430,593430,593438,8,0
593430,593436,593438,2,6
593430,593437,593438,1,7
593430,593430,593439,9,0
593430,593437,593439,2,7
593430,593437,593439,2,7
593430,593439,593440,1,9
593430,593430,593440,10,0
593430,593439,593440,1,9
593430,593439,593440,1,9
593430,593439,593440,1,9
593430,593430,593441,11,0
593430,593430,593440,10,0
593430,593430,593440,10,0
593430,593430,593440,10,0
593682,593682,593684,2,0
593682,593682,593684,2,0
593682,593683,593684,1,1
593682,593683,593686,3,1
593682,593683,593687,4,1
593682,593683,593687,4,1
593682,593683,593687,4,1
593682,593685,593688,3,3
593682,593685,593688,3,3
593682,593685,593688,3,3
593682,593687,593690,3,5
593682,593683,593689,6,1
593682,593688,593690,2,6
593682,593688,593690,2,6
593682,593683,593691,8,1
593682,593689,593690,1,7
593682,593688,593690,2,6
593682,593689,593690,1,7
593682,593688,593690,2,6
593682,593690,593691,1,8
593682,593683,593691,8,1
593682,593683,593691,8,1
593682,593690,593691,1,8
593682,593690,593691,1,8
593682,593683,593691,8,1
593682,593683,593691,8,1
593682,593691,593692,1,9
593682,593683,593693,10,1
593682,593691,593692,1,9
593682,593683,593692,9,1
593682,593683,593692,9,1
593808,593808,593809,1,0
593808,593808,593809,1,0
593808,593808,593809,1,0
593808,593808,593810,2,0
593808,593808,593811,3,0
593808,593809,593812,3,1
593808,593808,593812,4,0
593808,593808,593813,5,0
593808,593811,593813,2,3
593808,593810,593813,3,2
593808,593808,593813,5,0
593808,593810,593813,3,2
593808,593808,593814,6,0
593808,593812,593814,2,4
593808,593808,593815,7,0
593808,593813,593815,2,5
593808,593808,593814,6,0
593808,593808,593815,7,0
593808,593814,593815,1,6
593808,593814,593815,1,6
593808,593813,593815,2,5
593808,593814,593815,1,6
593808,593808,593815,7,0
593808,593814,593815,1,6
593808,593815,593816,1,7
593808,593814,593815,1,6
593808,593808,593817,9,0
593808,593815,593816,1,7
593808,593815,593816,1,7
593808,593808,593817,9,0
593808,593808,593818,10,0
593940,593940,593941,1,0
593940,593940,593941,1,0
593940,593940,593941,1,0
593940,593940,593944,4,0
593940,593940,593944,4,0
593940,593942,593945,3,2
593940,593941,593944,3,1
593940,593942,593945,3,2
593940,593940,593946,6,0
593940,593940,593945,5,0
593940,593940,593947,7,0
593940,593944,593947,3,4
593940,593944,593947,3,4
593940,593945,593947,2,5
593940,593940,593947,7,0
593940,593945,593947,2,5
593940,593940,593947,7,0
593940,593945,593947,2,5
593940,593940,593947,7,0
593940,593940,593948,8,0
593940,593947,593948,1,7
593940,593946,593948,2,6
593940,593947,593948,1,7
593940,593940,593948,8,0
593940,593946,593948,2,6
593940,593947,593949,2,7
593940,593947,593949,2,7
593940,593940,593949,9,0
593940,593947,593948,1,7
593940,593940,593950,10,0
593940,593940,593950,10,0
594065,594065,594066,1,0
594065,594065,594066,1,0
594065,594065,594066,1,0
594065,594065,594068,3,0
594065,594065,594068,3,0
594065,594067,594069,2,2
594065,594065,594069,4,0
594065,594066,594069,3,1
594065,594067,594069,2,2
594065,594065,594070,5,0
594065,594069,594071,2,4
594065,594069,594071,2,4
594065,594065,594071,6,0
594065,594065,594072,7,0
594065,594070,594072,2,5
594065,594065,594071,6,0
594065,594070,594072,2,5
594065,594070,594071,1,5
594065,594065,594071,6,0
594065,594070,594071,1,5
594065,594065,594072,7,0
594065,594071,594072,1,6
594065,594065,594072,7,0
594065,594065,594074,9,0
594065,594072,594073,1,7
594065,594072,594073,1,7
594065,594072,594073,1,7
594065,594072,594073,1,7
594065,594072,594073,1,7
594065,594065,594074,9,0
594065,594065,594074,9,0
594190,594190,594191,1,0
594190,594190,594191,1,0
594190,594190,594191,1,0
594190,594190,594194,4,0
594190,594190,594195,5,0
594190,594192,594195,3,2
594190,594190,594195,5,0
594190,594192,594195,3,2
594190,594192,594196,4,2
594190,594190,594197,7,0
594190,594190,594197,7,0
594190,594190,594197,7,0
594190,594190,594197,7,0
594190,594195,594197,2,5
594190,594194,594197,3,4
594190,594195,594197,2,5
594190,594190,594196,6,0
594190,594195,594197,2,5
594190,594196,594198,2,6
594190,594196,594198,2,6
594190,594190,594197,7,0
594190,594197,594199,2,7
594190,594197,594199,2,7
594190,594190,594198,8,0
594190,594197,594198,1,7
594190,594190,594198,8,0
594190,594197,594198,1,7
594190,594197,594198,1,7
594190,594197,594198,1,7
594190,594190,594199,9,0
594190,594190,594200,10,0
594320,594320,594322,2,0
594320,594320,594321,1,0
594320,594320,594322,2,0
594320,594320,594324,4,0
594320,594320,594325,5,0
594320,594320,594325,5,0
594320,594322,594325,3,2
594320,594322,594325,3,2
594320,594320,594326,6,0
594320,594322,594326,4,2
594320,594320,594327,7,0
594320,594320,594327,7,0
594320,594325,594327,2,5
594320,594324,594327,3,4
594320,594320,594327,7,0
594320,594325,594327,2,5
594320,594320,594328,8,0
594320,594320,594328,8,0
594320,594326,594328,2,6
594320,594325,594328,3,5
594320,594326,594328,2,6
594320,594327,594328,1,7
594320,594326,594328,2,6
594320,594327,594328,1,7
594320,594320,594328,8,0
594320,594320,594327,7,0
594320,594327,594329,2,7
594320,594327,594329,2,7
594320,594328,594329,1,8
594320,594320,594330,10,0
594320,594320,594330,10,0
594448,594448,594449,1,0
594448,594448,594449,1,0
594448,594448,594449,1,0
594448,594448,594452,4,0
594448,594448,594452,4,0
594448,594450,594453,3,2
594448,594450,594453,3,2
594448,594448,594454,6,0
594448,594450,594453,3,2
594448,594448,594455,7,0
594448,594448,594454,6,0
594448,594452,594454,2,4
594448,594448,594454,6,0
594448,594448,594454,6,0
594448,594448,594455,7,0
594448,594448,594454,6,0
594448,594448,594456,8,0
594448,594448,594456,8,0
594448,594453,594455,2,5
594448,594454,594456,2,6
594448,594454,594456,2,6
594448,594455,594456,1,7
594448,594454,594456,2,6
594448,594454,594456,2,6
594448,594455,594456,1,7
594448,594455,594456,1,7
594448,594455,594456,1,7
594448,594455,594456,1,7
594448,594455,594456,1,7
594448,594448,594458,10,0
594448,594448,594458,10,0
594572,594572,594573,1,0
594572,594572,594574,2,0
594572,594572,594573,1,0
594572,594572,594576,4,0
594572,594572,594576,4,0
594572,594573,594576,3,1
594572,594574,594577,3,2
594572,594574,594577,3,2
594572,594572,594578,6,0
594572,594572,594579,7,0
594572,594572,594579,7,0
594572,594576,594579,3,4
594572,594576,594579,3,4
594572,594572,594579,7,0
594572,594572,594578,6,0
594572,594572,594579,7,0
594572,594572,594578,6,0
594572,594577,594579,2,5
594572,594572,594579,7,0
594572,594577,594579,2,5
594572,594572,594579,7,0
594572,594578,594580,2,6
594572,594578,594580,2,6
594572,594579,594580,1,7
594572,594579,594581,2,7
594572,594579,594581,2,7
594572,594579,594581,2,7
594572,594579,594581,2,7
594572,594579,594581,2,7
594572,594572,594582,10,0
594572,594572,594582,10,0
594698,594698,594699,1,0
594698,594698,594699,1,0
594698,594698,594699,1,0
594698,594698,594702,4,0
594698,594698,594702,4,0
594698,594698,594703,5,0
594698,594700,594703,3,2
594698,594698,594704,6,0
594698,594700,594703,3,2
594698,594700,594703,3,2
594698,594698,594703,5,0
594698,594698,594704,6,0
594698,594698,594705,7,0
594698,594698,594704,6,0
594698,594703,594705,2,5
594698,594698,594704,6,0
594698,594703,594705,2,5
594698,594698,594705,7,0
594698,594703,594705,2,5
594698,594703,594705,2,5
594698,594704,594705,1,6
594698,594704,594705,1,6
594698,594698,594705,7,0
594698,594704,594705,1,6
594698,594705,594706,1,7
594698,594704,594705,1,6
594698,594705,594706,1,7
594698,594705,594706,1,7
594698,594705,594706,1,7
594698,594698,594708,10,0
594698,594698,594708,10,0
594825,594825,594827,2,0
594825,594825,594826,1,0
594825,594825,594826,1,0
594825,594825,594829,4,0
594825,594825,594829,4,0
594825,594827,594830,3,2
594825,594825,594830,5,0
594825,594825,594831,6,0
594825,594827,594830,3,2
594825,594825,594831,6,0
594825,594825,594832,7,0
594825,594829,594832,3,4
594825,594829,594832,3,4
594825,594825,594832,7,0
594825,594825,594832,7,0
594825,594825,594832,7,0
594825,594827,594832,5,2
594825,594831,594832,1,6
594825,594825,594832,7,0
594825,594825,594832,7,0
594825,594831,594833,2,6
594825,594831,594833,2,6
594825,594830,594833,3,5
594825,594832,594833,1,7
594825,594825,594834,9,0
594825,594833,594834,1,8
594825,594833,594834,1,8
594825,594833,594834,1,8
594825,594833,594834,1,8
594825,594825,594835,10,0
594951,594951,594953,2,0
594951,594951,594953,2,0
594951,594951,594953,2,0
594951,594951,594954,3,0
594951,594952,594955,3,1
594951,594952,594957,5,1
594951,594954,594956,2,3
594951,594954,594957,3,3
594951,594952,594957,5,1
594951,594954,594957,3,3
594951,594955,594957,2,4
594951,594956,594958,2,5
594951,594952,594958,6,1
594951,594951,594958,7,0
594951,594952,594958,6,1
594951,594957,594959,2,6
594951,594957,594958,1,6
594951,594952,594958,6,1
594951,594951,594959,8,0
594951,594951,594959,8,0
594951,594958,594959,1,7
594951,594952,594959,7,1
594951,594958,594959,1,7
594951,594958,594959,1,7
594951,594951,594960,9,0
594951,594958,594959,1,7
594951,594958,594959,1,7
594951,594959,594960,1,8
594951,594959,594960,1,8
594951,594959,594960,1,8
594951,594952,594961,9,1
595077,595077,595078,1,0
595077,595077,595078,1,0
595077,595077,595078,1,0
595077,595077,595079,2,0
595077,595077,595081,4,0
595077,595077,595082,5,0
595077,595079,595083,4,2
595077,595077,595083,6,0
595077,595080,595083,3,3
595077,595077,595083,6,0
595077,595079,595083,4,2
595077,595077,595083,6,0
595077,595079,595082,3,2
595077,595077,595084,7,0
595077,595077,595084,7,0
595077,595077,595084,7,0
595077,595082,595084,2,5
595077,595077,595084,7,0
595077,595081,595083,2,4
595077,595083,595085,2,6
595077,595083,595085,2,6
595077,595083,595085,2,6
595077,595083,595085,2,6
595077,595083,595085,2,6
595077,595084,595085,1,7
595077,595083,595085,2,6
595077,595083,595084,1,6
595077,595077,595085,8,0
595077,595084,595085,1,7
595077,595077,595086,9,0
595077,595077,595087,10,0
595204,595204,595205,1,0
595204,595204,595205,1,0
595204,595204,595205,1,0
595204,595204,595206,2,0
595204,595204,595207,3,0
595204,595204,595207,3,0
595204,595204,595209,5,0
595204,595204,595208,4,0
595204,595206,595208,2,2
595204,595204,595210,6,0
595204,595204,595209,5,0
595204,595206,595209,3,2
595204,595204,595210,6,0
595204,595204,595209,5,0
595204,595207,595209,2,3
595204,595208,595210,2,4
595204,595206,595209,3,2
595204,595208,595209,1,4
595204,595204,595210,6,0
595204,595209,595210,1,5
595204,595209,595210,1,5
595204,595204,595210,6,0
595204,595209,595210,1,5
595204,595210,595211,1,6
595204,595210,595211,1,6
595204,595210,595211,1,6
595204,595210,595211,1,6
595204,595210,595211,1,6
595204,595210,595211,1,6
595204,595204,595213,9,0
595204,595204,595213,9,0
595330,595330,595331,1,0
595330,595330,595332,2,0
595330,595330,595332,2,0
595330,595330,595332,2,0
595330,595330,595334,4,0
595330,595332,595334,2,2
595330,595330,595335,5,0
595330,595333,595335,2,3
595330,595330,595335,5,0
595330,595330,595335,5,0
595330,595333,595335,2,3
595330,595330,595335,5,0
595330,595330,595336,6,0
595330,595332,595336,4,2
595330,595330,595336,6,0
595330,595335,595336,1,5
595330,595330,595336,6,0
595330,595335,595337,2,5
595330,595336,595337,1,6
595330,595336,595337,1,6
595330,595337,595338,1,7
595330,595336,595337,1,6
595330,595336,595337,1,6
595330,595336,595337,1,6
595330,595336,595337,1,6
595330,595337,595338,1,7
595330,595337,595338,1,7
595330,595330,595339,9,0
595330,595330,595339,9,0
595330,595330,595339,9,0
595330,595330,595339,9,0
595458,595458,595459,1,0
595458,595458,595459,1,0
595458,595458,595459,1,0
595458,595458,595459,1,0
595458,595458,595461,3,0
595458,595458,595461,3,0
595458,595458,595463,5,0
595458,595458,595463,5,0
595458,595458,595463,5,0
595458,595458,595463,5,0
595458,595460,595463,3,2
595458,595460,595464,4,2
595458,595460,595463,3,2
595458,595458,595463,5,0
595458,595460,595463,3,2
595458,595462,595464,2,4
595458,595458,595465,7,0
595458,595458,595465,7,0
595458,595463,595465,2,5
595458,595463,595465,2,5
595458,595463,595465,2,5
595458,595458,595465,7,0
595458,595462,595464,2,4
595458,595463,595465,2,5
595458,595463,595465,2,5
595458,595464,595466,2,6
595458,595464,595465,1,6
595458,595464,595465,1,6
595458,595464,595466,2,6
595458,595458,595466,8,0
595458,595458,595466,8,0
595589,595589,595590,1,0
595589,595589,595590,1,0
595589,595589,595591,2,0
595589,595589,595590,1,0
595589,595589,595591,2,0
595589,595589,595592,3,0
595589,595589,595593,4,0
595589,595589,595592,3,0
595589,595589,595592,3,0
595589,595589,595593,4,0
595589,595591,595594,3,2
595589,595591,595594,3,2
595589,595590,595593,3,1
595589,595592,595594,2,3
595589,595589,595595,6,0
595589,595591,595594,3,2
595589,595589,595595,6,0
595589,595591,595594,3,2
595589,595589,595595,6,0
595589,595593,595595,2,4
595589,595593,595595,2,4
595589,595593,595595,2,4
595589,595593,595595,2,4
595589,595594,595596,2,5
595589,595589,595595,6,0
595589,595594,595595,1,5
595589,595594,595595,1,5
595589,595594,595595,1,5
595589,595589,595597,8,0
595589,595595,595596,1,6
595589,595589,595597,8,0
595838,595838,595840,2,0
595838,595838,595839,1,0
595838,595838,595840,2,0
595838,595838,595839,1,0
595838,595838,595841,3,0
595838,595838,595841,3,0
595838,595838,595841,3,0
595838,595838,595841,3,0
595838,595838,595841,3,0
595838,595840,595843,3,2
595838,595838,595842,4,0
595838,595841,595843,2,3
595838,595838,595843,5,0
595838,595840,595843,3,2
595838,595841,595843,2,3
595838,595840,595843,3,2
595838,595841,595843,2,3
595838,595841,595843,2,3
595838,595842,595844,2,4
595838,595840,595843,3,2
595838,595838,595845,7,0
595838,595838,595844,6,0
595838,595843,595845,2,5
595838,595843,595845,2,5
595838,595843,595845,2,5
595838,595838,595844,6,0
595838,595843,595844,1,5
595838,595838,595845,7,0
595838,595843,595845,2,5
595838,595843,595845,2,5
595838,595838,595846,8,0
595963,595963,595964,1,0
595963,595963,595965,2,0
595963,595963,595965,2,0
595963,595963,595965,2,0
595963,595963,595966,3,0
595963,595963,595966,3,0
595963,595963,595966,3,0
595963,595963,595967,4,0
595963,595965,595967,2,2
595963,595966,595968,2,3
595963,595966,595968,2,3
595963,595967,595968,1,4
595963,595966,595968,2,3
595963,595967,595968,1,4
595963,595963,595969,6,0
595963,595967,595969,2,4
595963,595963,595969,6,0
595963,595968,595969,1,5
595963,595963,595969,6,0
595963,595968,595969,1,5
595963,595963,595970,7,0
595963,595969,595970,1,6
595963,595969,595970,1,6
595963,595963,595970,7,0
595963,595969,595970,1,6
595963,595969,595970,1,6
595963,595963,595971,8,0
595963,595963,595970,7,0
595963,595969,595970,1,6
595963,595970,595971,1,7
595963,595963,595971,8,0
596092,596092,596093,1,0
596092,596092,596093,1,0
596092,596092,596093,1,0
596092,596092,596093,1,0
596092,596092,596095,3,0
596092,596092,596094,2,0
596092,596092,596094,2,0
596092,596092,596094,2,0
596092,596092,596094,2,0
596092,596093,596095,2,1
596092,596094,596096,2,2
596092,596095,596097,2,3
596092,596094,596096,2,2
596092,596095,596096,1,3
596092,596092,596096,4,0
596092,596094,596096,2,2
596092,596095,596096,1,3
596092,596095,596097,2,3
596092,596095,596097,2,3
596092,596096,596097,1,4
596092,596092,596097,5,0
596092,596092,596099,7,0
596092,596097,596098,1,5
596092,596097,596098,1,5
596092,596097,596098,1,5
596092,596097,596098,1,5
596092,596097,596098,1,5
596092,596092,596100,8,0
596092,596092,596099,7,0
596092,596092,596099,7,0
596092,596092,596101,9,0
596218,596218,596219,1,0
596218,596218,596219,1,0
596218,596218,596219,1,0
596218,596218,596220,2,0
596218,596218,596220,2,0
596218,596218,596220,2,0
596218,596218,596221,3,0
596218,596218,596221,3,0
596218,596220,596222,2,2
596218,596218,596222,4,0
596218,596220,596222,2,2
596218,596218,596222,4,0
596218,596220,596222,2,2
596218,596221,596223,2,3
596218,596218,596223,5,0
596218,596221,596223,2,3
596218,596221,596223,2,3
596218,596218,596223,5,0
596218,596222,596223,1,4
596218,596222,596223,1,4
596218,596218,596223,5,0
596218,596222,596223,1,4
596218,596218,596224,6,0
596218,596223,596224,1,5
596218,596223,596224,1,5
596218,596218,596224,6,0
596218,596223,596224,1,5
596218,596223,596224,1,5
596218,596223,596224,1,5
596218,596218,596225,7,0
596218,596224,596225,1,6
596471,596471,596472,1,0
596471,596471,596472,1,0
596471,596472,596473,1,1
596471,596471,596472,1,0
596471,596471,596473,2,0
596471,596471,596473,2,0
596471,596471,596473,2,0
596471,596472,596474,2,1
596471,596471,596474,3,0
596471,596471,596474,3,0
596471,596471,596475,4,0
596471,596473,596474,1,2
596471,596471,596474,3,0
596471,596473,596475,2,2
596471,596471,596476,5,0
596471,596474,596476,2,3
596471,596474,596476,2,3
596471,596474,596476,2,3
596471,596474,596476,2,3
596471,596471,596476,5,0
596471,596474,596476,2,3
596471,596474,596476,2,3
596471,596471,596476,5,0
596471,596475,596477,2,4
596471,596476,596477,1,5
596471,596471,596476,5,0
596471,596475,596476,1,4
596471,596475,596477,2,4
596471,596475,596477,2,4
596471,596471,596479,8,0
596471,596471,596481,10,0
596598,596598,596599,1,0
596598,596598,596599,1,0
596598,596598,596599,1,0
596598,596598,596600,2,0
596598,596598,596601,3,0
596598,596598,596601,3,0
596598,596598,596601,3,0
596598,596600,596601,1,2
596598,596598,596602,4,0
596598,596598,596601,3,0
596598,596599,596601,2,1
596598,596598,596601,3,0
596598,596599,596601,2,1
596598,596598,596602,4,0
596598,596601,596602,1,3
596598,596601,596602,1,3
596598,596601,596602,1,3
596598,596598,596603,5,0
596598,596602,596604,2,4
596598,596602,596603,1,4
596598,596603,596604,1,5
596598,596602,596603,1,4
596598,596602,596603,1,4
596598,596602,596603,1,4
596598,596598,596603,5,0
596598,596602,596603,1,4
596598,596598,596603,5,0
596598,596602,596603,1,4
596598,596603,596604,1,5
596598,596598,596607,9,0
596598,596598,596607,9,0
596725,596725,596726,1,0
596725,596725,596726,1,0
596725,596725,596726,1,0
596725,596725,596728,3,0
596725,596725,596728,3,0
596725,596725,596728,3,0
596725,596726,596728,2,1
596725,596725,596729,4,0
596725,596726,596729,3,1
596725,596725,596729,4,0
596725,596725,596729,4,0
596725,596726,596729,3,1
596725,596725,596729,4,0
596725,596725,596730,5,0
596725,596728,596730,2,3
596725,596729,596730,1,4
596725,596729,596730,1,4
596725,596725,596730,5,0
596725,596729,596730,1,4
596725,596730,596731,1,5
596725,596730,596731,1,5
596725,596725,596731,6,0
596725,596730,596731,1,5
596725,596730,596731,1,5
596725,596730,596731,1,5
596725,596730,596731,1,5
596725,596731,596732,1,6
596725,596731,596732,1,6
596725,596725,596734,9,0
596725,596725,596735,10,0
596725,596725,596735,10,0
596850,596850,596851,1,0
596850,596850,596852,2,0
596850,596850,596852,2,0
596850,596850,596853,3,0
596850,596850,596853,3,0
596850,596850,596853,3,0
596850,596851,596853,2,1
596850,596850,596854,4,0
596850,596853,596854,1,3
596850,596850,596854,4,0
596850,596850,596854,4,0
596850,596852,596854,2,2
596850,596850,596855,5,0
596850,596854,596855,1,4
596850,596854,596856,2,4
596850,596853,596855,2,3
596850,596854,596855,1,4
596850,596850,596855,5,0
596850,596854,596855,1,4
596850,596855,596856,1,5
596850,596855,596856,1,5
596850,596855,596856,1,5
596850,596855,596856,1,5
596850,596855,596856,1,5
596850,596856,596857,1,6
596850,596856,596857,1,6
596850,596856,596857,1,6
596850,596850,596858,8,0
596850,596850,596859,9,0
596850,596850,596859,9,0
596850,596850,596860,10,0
596975,596975,596976,1,0
596975,596975,596976,1,0
596975,596975,596977,2,0
596975,596975,596978,3,0
596975,596975,596978,3,0
596975,596975,596978,3,0
596975,596976,596978,2,1
596975,596975,596979,4,0
596975,596976,596979,3,1
596975,596975,596979,4,0
596975,596975,596978,3,0
596975,596975,596979,4,0
596975,596977,596980,3,2
596975,596978,596980,2,3
596975,596975,596980,5,0
596975,596979,596980,1,4
596975,596975,596980,5,0
596975,596978,596980,2,3
596975,596978,596980,2,3
596975,596975,596981,6,0
596975,596980,596981,1,5
596975,596980,596981,1,5
596975,596980,596981,1,5
596975,596980,596981,1,5
596975,596980,596981,1,5
596975,596981,596982,1,6
596975,596975,596982,7,0
596975,596981,596982,1,6
596975,596981,596982,1,6
596975,596975,596985,10,0
596975,596975,596985,10,0
597104,597104,597105,1,0
597104,597104,597105,1,0
597104,597104,597106,2,0
597104,597104,597106,2,0
597104,597104,597105,1,0
597104,597104,597106,2,0
597104,597104,597107,3,0
597104,597104,597106,2,0
597104,597104,597106,2,0
597104,597104,597108,4,0
597104,597105,597107,2,1
597104,597105,597107,2,1
597104,597106,597108,2,2
597104,597106,597108,2,2
597104,597104,597107,3,0
597104,597106,597107,1,2
597104,597107,597108,1,3
597104,597104,597108,4,0
597104,597107,597108,1,3
597104,597107,597108,1,3
597104,597107,597108,1,3
597104,597108,597109,1,4
597104,597108,597109,1,4
597104,597108,597109,1,4
597104,597104,597109,5,0
597104,597108,597109,1,4
597104,597104,597109,5,0
597104,597108,597109,1,4
597104,597108,597109,1,4
597104,597104,597113,9,0
597104,597104,597113,9,0
597229,597229,597230,1,0
597229,597229,597231,2,0
597229,597229,597230,1,0
597229,597229,597231,2,0
597229,597229,597230,1,0
597229,597229,597232,3,0
597229,597229,597232,3,0
597229,597229,597232,3,0
597229,597229,597232,3,0
597229,597229,597232,3,0
597229,597229,597233,4,0
597229,597231,597233,2,2
597229,597231,597233,2,2
597229,597231,597233,2,2
597229,597231,597233,2,2
597229,597229,597234,5,0
597229,597231,597234,3,2
597229,597232,597233,1,3
597229,597229,597234,5,0
597229,597232,597233,1,3
597229,597229,597234,5,0
597229,597232,597234,2,3
597229,597232,597234,2,3
597229,597232,597233,1,3
597229,597233,597234,1,4
597229,597233,597234,1,4
597229,597233,597234,1,4
597229,597233,597235,2,4
597229,597233,597234,1,4
597229,597229,597237,8,0
597229,597229,597239,10,0
597354,597354,597356,2,0
597354,597354,597356,2,0
597354,597354,597356,2,0
597354,597355,597356,1,1
597354,597354,597356,2,0
597354,597355,597357,2,1
597354,597355,597357,2,1
597354,597355,597357,2,1
597354,597357,597358,1,3
597354,597355,597358,3,1
597354,597355,597358,3,1
597354,597356,597358,2,2
597354,597355,597358,3,1
597354,597357,597358,1,3
597354,597357,597359,2,3
597354,597357,597359,2,3
597354,597358,597359,1,4
597354,597355,597359,4,1
597354,597358,597359,1,4
597354,597358,597359,1,4
597354,597355,597360,5,1
597354,597359,597360,1,5
597354,597355,597360,5,1
597354,597355,597360,5,1
597354,597359,597360,1,5
597354,597360,597361,1,6
597354,597359,597360,1,5
597354,597359,597360,1,5
597354,597359,597360,1,5
597354,597359,597360,1,5
597354,597355,597361,6,1
597481,597482,597483,1,1
597481,597482,597483,1,1
597481,597482,597483,1,1
597481,597482,597483,1,1
597481,597482,597483,1,1
597481,597482,597484,2,1
597481,597482,597484,2,1
597481,597482,597484,2,1
597481,597482,597484,2,1
597481,597482,597484,2,1
597481,597484,597485,1,3
597481,597482,597485,3,1
597481,597484,597485,1,3
597481,597482,597486,4,1
597481,597484,597485,1,3
597481,597482,597486,4,1
597481,597484,597486,2,3
597481,597484,597486,2,3
597481,597485,597486,1,4
597481,597485,597486,1,4
597481,597485,597486,1,4
597481,597486,597487,1,5
597481,597485,597486,1,4
597481,597485,597486,1,4
597481,597482,597487,5,1
597481,597486,597487,1,5
597481,597486,597487,1,5
597481,597486,597487,1,5
597481,597486,597487,1,5
597481,597482,597489,7,1
597481,597482,597489,7,1
597608,597608,597609,1,0
597608,597608,597609,1,0
597608,597608,597610,2,0
597608,597608,597609,1,0
597608,597608,597610,2,0
597608,597608,597610,2,0
597608,597608,597610,2,0
597608,597608,597610,2,0
597608,597608,597611,3,0
597608,597608,597611,3,0
597608,597610,597611,1,2
597608,597608,597612,4,0
597608,597610,597612,2,2
597608,597611,597612,1,3
597608,597608,597612,4,0
597608,597611,597612,1,3
597608,597611,597612,1,3
597608,597608,597612,4,0
597608,597611,597612,1,3
597608,597611,597612,1,3
597608,597611,597612,1,3
597608,597613,597614,1,5
597608,597608,597613,5,0
597608,597612,597613,1,4
597608,597612,597613,1,4
597608,597613,597614,1,5
597608,597608,597614,6,0
597608,597613,597614,1,5
597608,597608,597616,8,0
597734,597734,597735,1,0
597734,597734,597735,1,0
597734,597734,597735,1,0
597734,597734,597735,1,0
597734,597734,597735,1,0
597734,597734,597735,1,0
597734,597734,597735,1,0
597734,597734,597736,2,0
597734,597734,597737,3,0
597734,597734,597736,2,0
597734,597734,597737,3,0
597734,597734,597736,2,0
597734,597734,597736,2,0
597734,597734,597737,3,0
597734,597735,597736,1,1
597734,597736,597737,1,2
597734,597736,597737,1,2
597734,597736,597737,1,2
597734,597736,597738,2,2
597734,597737,597738,1,3
597734,597734,597738,4,0
597734,597736,597737,1,2
597734,597737,597738,1,3
597734,597734,597737,3,0
597734,597736,597737,1,2
597734,597737,597738,1,3
597734,597737,597738,1,3
597734,597737,597738,1,3
597734,597737,597738,1,3
597734,597737,597738,1,3
597734,597737,597738,1,3
597858,597858,597859,1,0
597858,597858,597859,1,0
597858,597858,597859,1,0
597858,597858,597859,1,0
597858,597858,597860,2,0
597858,597858,597860,2,0
597858,597858,597859,1,0
597858,597858,597859,1,0
597858,597858,597860,2,0
597858,597858,597859,1,0
597858,597858,597860,2,0
597858,597858,597861,3,0
597858,597858,597860,2,0
597858,597859,597860,1,1
597858,597858,597861,3,0
597858,597858,597861,3,0
597858,597860,597861,1,2
597858,597860,597862,2,2
597858,597860,597861,1,2
597858,597860,597861,1,2
597858,597861,597862,1,3
597858,597860,597861,1,2
597858,597860,597861,1,2
597858,597860,597861,1,2
597858,597860,597861,1,2
597858,597858,597862,4,0
597858,597860,597861,1,2
597858,597861,597862,1,3
597858,597862,597863,1,4
597858,597861,597862,1,3
597858,597861,597862,1,3
597984,597984,597985,1,0
597984,597984,597985,1,0
597984,597984,597985,1,0
597984,597984,597985,1,0
597984,597984,597985,1,0
597984,597984,597985,1,0
597984,597984,597985,1,0
597984,597984,597985,1,0
597984,597984,597985,1,0
597984,597984,597985,1,0
597984,597984,597985,1,0
597984,597984,597985,1,0
597984,597984,597985,1,0
597984,597984,597986,2,0
597984,597984,597986,2,0
597984,597985,597986,1,1
597984,597986,597987,1,2
597984,597984,597986,2,0
597984,597985,597986,1,1
597984,597986,597987,1,2
597984,597986,597987,1,2
597984,597986,597987,1,2
597984,597986,597987,1,2
597984,597987,597988,1,3
597984,597986,597987,1,2
597984,597986,597987,1,2
597984,597986,597987,1,2
597984,597986,597987,1,2
597984,597986,597987,1,2
597984,597986,597987,1,2
597984,597987,597988,1,3
598108,598108,598109,1,0
598108,598108,598109,1,0
598108,598108,598109,1,0
598108,598108,598109,1,0
598108,598108,598109,1,0
598108,598108,598110,2,0
598108,598108,598109,1,0
598108,598108,598109,1,0
598108,598108,598109,1,0
598108,598108,598110,2,0
598108,598108,598109,1,0
598108,598108,598109,1,0
598108,598108,598109,1,0
598108,598109,598110,1,1
598108,598108,598110,2,0
598108,598108,598110,2,0
598108,598108,598110,2,0
598108,598109,598110,1,1
598108,598110,598111,1,2
598108,598110,598111,1,2
598108,598110,598111,1,2
598108,598110,598111,1,2
598108,598111,598112,1,3
598108,598110,598111,1,2
598108,598110,598111,1,2
598108,598110,598111,1,2
598108,598110,598111,1,2
598108,598110,598111,1,2
598108,598110,598111,1,2
598108,598110,598111,1,2
598108,598110,598111,1,2
598234,598234,598235,1,0
598234,598234,598235,1,0
598234,598234,598235,1,0
598234,598234,598235,1,0
598234,598234,598235,1,0
598234,598234,598235,1,0
598234,598234,598235,1,0
598234,598234,598235,1,0
598234,598234,598235,1,0
598234,598235,598236,1,1
598234,598234,598235,1,0
598234,598234,598235,1,0
598234,598234,598236,2,0
598234,598234,598235,1,0
598234,598234,598236,2,0
598234,598235,598236,1,1
598234,598234,598236,2,0
598234,598235,598236,1,1
598234,598234,598236,2,0
598234,598236,598237,1,2
598234,598236,598237,1,2
598234,598236,598237,1,2
598234,598236,598237,1,2
598234,598236,598237,1,2
598234,598236,598237,1,2
598234,598236,598237,1,2
598234,598236,598237,1,2
598234,598236,598237,1,2
598234,598236,598237,1,2
598234,598236,598237,1,2
598234,598237,598238,1,3
598360,598360,598361,1,0
598360,598360,598361,1,0
598360,598360,598361,1,0
598360,598360,598361,1,0
598360,598360,598361,1,0
598360,598360,598361,1,0
598360,598360,598361,1,0
598360,598360,598361,1,0
598360,598360,598361,1,0
598360,598360,598361,1,0
598360,598360,598361,1,0
598360,598360,598361,1,0
598360,598360,598361,1,0
598360,598361,598362,1,1
598360,598360,598363,3,0
598360,598362,598363,1,2
598360,598362,598363,1,2
598360,598362,598363,1,2
598360,598360,598363,3,0
598360,598362,598363,1,2
598360,598362,598363,1,2
598360,598362,598363,1,2
598360,598362,598363,1,2
598360,598362,598363,1,2
598360,598362,598363,1,2
598360,598362,598363,1,2
598360,598362,598363,1,2
598360,598363,598364,1,3
598360,598360,598363,3,0
598360,598362,598363,1,2
598360,598362,598363,1,2
598484,598485,598486,1,1
598484,598485,598486,1,1
598484,598485,598486,1,1
598484,598485,598486,1,1
598484,598485,598486,1,1
598484,598485,598486,1,1
598484,598485,598486,1,1
598484,598485,598486,1,1
598484,598485,598486,1,1
598484,598485,598486,1,1
598484,598485,598486,1,1
598484,598485,598486,1,1
598484,598485,598486,1,1
598484,598485,598486,1,1
598484,598487,598488,1,3
598484,598485,598487,2,1
598484,598485,598487,2,1
598484,598487,598488,1,3
598484,598487,598488,1,3
598484,598487,598488,1,3
598484,598487,598488,1,3
598484,598488,598489,1,4
598484,598487,598488,1,3
598484,598487,598488,1,3
598484,598487,598488,1,3
598484,598487,598488,1,3
598484,598487,598488,1,3
598484,598487,598488,1,3
598484,598487,598488,1,3
598484,598487,598488,1,3
598484,598487,598488,1,3
598608,598608,598609,1,0
598608,598608,598609,1,0
598608,598608,598609,1,0
598608,598608,598609,1,0
598608,598608,598609,1,0
598608,598608,598609,1,0
598608,598608,598609,1,0
598608,598608,598610,2,0
598608,598608,598609,1,0
598608,598608,598609,1,0
598608,598608,598609,1,0
598608,598609,598610,1,1
598608,598608,598610,2,0
598608,598610,598611,1,2
598608,598610,598611,1,2
598608,598608,598610,2,0
598608,598610,598611,1,2
598608,598610,598611,1,2
598608,598608,598610,2,0
598608,598610,598611,1,2
598608,598608,598610,2,0
598608,598610,598611,1,2
598608,598610,598611,1,2
598608,598610,598611,1,2
598608,598610,598611,1,2
598608,598610,598611,1,2
598608,598610,598611,1,2
598608,598611,598612,1,3
598608,598610,598611,1,2
598608,598611,598612,1,3
598615,598615,598616,1,0
598615,598615,598616,1,0
598615,598615,598616,1,0
598615,598615,598616,1,0
598615,598615,598616,1,0
598615,598615,598616,1,0
598615,598615,598616,1,0
598615,598615,598616,1,0
598615,598616,598617,1,1
598615,598615,598616,1,0
598615,598615,598616,1,0
598615,598616,598617,1,1
598615,598615,598616,1,0
598615,598615,598616,1,0
598615,598616,598617,1,1
598615,598615,598617,2,0
598615,598616,598617,1,1
598615,598615,598617,2,0
598615,598617,598618,1,2
598615,598615,598617,2,0
598615,598617,598618,1,2
598615,598615,598617,2,0
598615,598617,598618,1,2
598615,598617,598618,1,2
598615,598617,598618,1,2
598615,598617,598618,1,2
598615,598617,598618,1,2
598615,598617,598618,1,2
598615,598617,598618,1,2
598615,598617,598618,1,2
598615,598617,598618,1,2
598740,598740,598741,1,0
598740,598740,598741,1,0
598740,598740,598741,1,0
598740,598740,598741,1,0
598740,598740,598741,1,0
598740,598740,598742,2,0
598740,598740,598741,1,0
598740,598740,598741,1,0
598740,598741,598742,1,1
598740,598740,598741,1,0
598740,598740,598741,1,0
598740,598741,598742,1,1
598740,598740,598741,1,0
598740,598740,598741,1,0
598740,598740,598742,2,0
598740,598742,598743,1,2
598740,598742,598743,1,2
598740,598740,598742,2,0
598740,598742,598743,1,2
598740,598740,598743,3,0
598740,598741,598742,1,1
598740,598742,598743,1,2
598740,598742,598743,1,2
598740,598740,598742,2,0
598740,598742,598743,1,2
598740,598742,598743,1,2
598740,598742,598743,1,2
598740,598743,598744,1,3
598740,598742,598743,1,2
598740,598742,598743,1,2
598740,598742,598743,1,2
598866,598866,598867,1,0
598866,598866,598867,1,0
598866,598866,598868,2,0
598866,598866,598867,1,0
598866,598866,598867,1,0
598866,598866,598867,1,0
598866,598866,598868,2,0
598866,598866,598867,1,0
598866,598866,598867,1,0
598866,598866,598867,1,0
598866,598866,598868,2,0
598866,598866,598868,2,0
598866,598866,598867,1,0
598866,598866,598868,2,0
598866,598866,598868,2,0
598866,598867,598868,1,1
598866,598866,598869,3,0
598866,598868,598869,1,2
598866,598868,598869,1,2
598866,598868,598869,1,2
598866,598868,598869,1,2
598866,598868,598869,1,2
598866,598868,598869,1,2
598866,598868,598869,1,2
598866,598868,598869,1,2
598866,598868,598869,1,2
598866,598869,598870,1,3
598866,598868,598869,1,2
598866,598868,598869,1,2
598866,598868,598869,1,2
598866,598869,598870,1,3
598991,598991,598992,1,0
598991,598991,598992,1,0
598991,598991,598992,1,0
598991,598991,598994,3,0
598991,598991,598996,5,0
598991,598992,598996,4,1
598991,598993,598996,3,2
598991,598992,598997,5,1
598991,598991,598996,5,0
598991,598991,598997,6,0
598991,598991,598997,6,0
598991,598991,598998,7,0
598991,598991,598998,7,0
598991,598995,598998,3,4
598991,598991,598997,6,0
598991,598991,598997,6,0
598991,598991,598997,6,0
598991,598996,598998,2,5
598991,598991,598998,7,0
598991,598991,598997,6,0
598991,598996,598998,2,5
598991,598996,598999,3,5
598991,598997,598999,2,6
598991,598997,598999,2,6
598991,598998,598999,1,7
598991,598998,598999,1,7
598991,598998,598999,1,7
598991,598998,598999,1,7
598991,598998,598999,1,7
598991,598998,598999,1,7
598991,598991,599001,10,0
599117,599117,599118,1,0
599117,599117,599118,1,0
599117,599117,599118,1,0
599117,599117,599119,2,0
599117,599119,599122,3,2
599117,599117,599121,4,0
599117,599119,599122,3,2
599117,599117,599123,6,0
599117,599118,599122,4,1
599117,599117,599122,5,0
599117,599117,599122,5,0
599117,599120,599122,2,3
599117,599117,599124,7,0
599117,599117,599123,6,0
599117,599117,599123,6,0
599117,599117,599124,7,0
599117,599117,599123,6,0
599117,599122,599123,1,5
599117,599117,599124,7,0
599117,599123,599124,1,6
599117,599124,599125,1,7
599117,599123,599124,1,6
599117,599123,599124,1,6
599117,599124,599125,1,7
599117,599122,599125,3,5
599117,599123,599124,1,6
599117,599123,599124,1,6
599117,599117,599124,7,0
599117,599123,599124,1,6
599117,599124,599125,1,7
599117,599117,599127,10,0
599242,599243,599244,1,1
599242,599243,599244,1,1
599242,599243,599244,1,1
599242,599243,599246,3,1
599242,599243,599247,4,1
599242,599243,599248,5,1
599242,599245,599248,3,3
599242,599243,599249,6,1
599242,599245,599248,3,3
599242,599247,599249,2,5
599242,599243,599249,6,1
599242,599245,599249,4,3
599242,599243,599249,6,1
599242,599243,599249,6,1
599242,599243,599250,7,1
599242,599248,599250,2,6
599242,599243,599250,7,1
599242,599249,599250,1,7
599242,599249,599250,1,7
599242,599249,599250,1,7
599242,599243,599250,7,1
599242,599249,599250,1,7
599242,599250,599251,1,8
599242,599250,599251,1,8
599242,599251,599252,1,9
599242,599243,599251,8,1
599242,599243,599251,8,1
599242,599250,599251,1,8
599242,599250,599251,1,8
599242,599250,599251,1,8
599242,599243,599252,9,1
599369,599369,599370,1,0
599369,599369,599370,1,0
599369,599369,599370,1,0
599369,599369,599372,3,0
599369,599369,599374,5,0
599369,599371,599374,3,2
599369,599369,599374,5,0
599369,599371,599375,4,2
599369,599369,599375,6,0
599369,599371,599374,3,2
599369,599369,599375,6,0
599369,599369,599376,7,0
599369,599372,599375,3,3
599369,599369,599375,6,0
599369,599369,599376,7,0
599369,599369,599376,7,0
599369,599369,599375,6,0
599369,599374,599376,2,5
599369,599374,599376,2,5
599369,599375,599377,2,6
599369,599375,599377,2,6
599369,599376,599377,1,7
599369,599369,599376,7,0
599369,599375,599376,1,6
599369,599375,599377,2,6
599369,599376,599377,1,7
599369,599376,599377,1,7
599369,599376,599377,1,7
599369,599369,599377,8,0
599369,599376,599377,1,7
599369,599369,599378,9,0
599493,599493,599495,2,0
599493,599493,599495,2,0
599493,599493,599495,2,0
599493,599493,599496,3,0
599493,599493,599498,5,0
599493,599493,599498,5,0
599493,599495,599498,3,2
599493,599493,599499,6,0
599493,599493,599499,6,0
599493,599495,599499,4,2
599493,599493,599500,7,0
599493,599497,599500,3,4
599493,599493,599500,7,0
599493,599495,599499,4,2
599493,599498,599500,2,5
599493,599498,599500,2,5
599493,599493,599500,7,0
599493,599493,599499,6,0
599493,599498,599500,2,5
599493,599499,599501,2,6
599493,599499,599501,2,6
599493,599499,599501,2,6
599493,599493,599501,8,0
599493,599493,599501,8,0
599493,599500,599502,2,7
599493,599500,599501,1,7
599493,599493,599502,9,0
599493,599500,599502,2,7
599493,599500,599502,2,7
599493,599500,599501,1,7
599493,599493,599503,10,0
599620,599620,599621,1,0
599620,599620,599622,2,0
599620,599620,599621,1,0
599620,599620,599623,3,0
599620,599620,599625,5,0
599620,599622,599624,2,2
599620,599620,599625,5,0
599620,599620,599625,5,0
599620,599620,599625,5,0
599620,599622,599626,4,2
599620,599623,599626,3,3
599620,599622,599626,4,2
599620,599620,599627,7,0
599620,599620,599626,6,0
599620,599620,599627,7,0
599620,599625,599626,1,5
599620,599620,599627,7,0
599620,599626,599627,1,6
599620,599620,599627,7,0
599620,599625,599627,2,5
599620,599625,599627,2,5
599620,599620,599627,7,0
599620,599626,599627,1,6
599620,599626,599627,1,6
599620,599626,599627,1,6
599620,599620,599628,8,0
599620,599627,599628,1,7
599620,599627,599628,1,7
599620,599627,599628,1,7
599620,599627,599628,1,7
599620,599620,599630,10,0
599744,599744,599745,1,0
599744,599744,599745,1,0
599744,599744,599745,1,0
599744,599744,599747,3,0
599744,599746,599748,2,2
599744,599744,599749,5,0
599744,599744,599749,5,0
599744,599744,599750,6,0
599744,599746,599749,3,2
599744,599744,599750,6,0
599744,599748,599750,2,4
599744,599744,599751,7,0
599744,599744,599751,7,0
599744,599746,599750,4,2
599744,599744,599751,7,0
599744,599744,599751,7,0
599744,599744,599751,7,0
599744,599749,599751,2,5
599744,599744,599752,8,0
599744,599750,599752,2,6
599744,599750,599752,2,6
599744,599744,599751,7,0
599744,599749,599751,2,5
599744,599750,599752,2,6
599744,599750,599752,2,6
599744,599750,599752,2,6
599744,599751,599752,1,7
599744,599751,599752,1,7
599744,599751,599752,1,7
599744,599751,599752,1,7
599744,599744,599754,10,0
599871,599871,599872,1,0
599871,599871,599872,1,0
599871,599871,599872,1,0
599871,599871,599874,3,0
599871,599871,599876,5,0
599871,599873,599876,3,2
599871,599871,599876,5,0
599871,599873,599876,3,2
599871,599871,599877,6,0
599871,599875,599878,3,4
599871,599873,599877,4,2
599871,599876,599878,2,5
599871,599871,599877,6,0
599871,599871,599878,7,0
599871,599871,599878,7,0
599871,599876,599878,2,5
599871,599871,599878,7,0
599871,599877,599879,2,6
599871,599871,599878,7,0
599871,599871,599878,7,0
599871,599877,599879,2,6
599871,599877,599879,2,6
599871,599871,599880,9,0
599871,599878,599880,2,7
599871,599878,599880,2,7
599871,599878,599879,1,7
599871,599878,599880,2,7
599871,599878,599879,1,7
599871,599871,599880,9,0
599871,599878,599879,1,7
599871,599871,599880,9,0
599997,599997,599998,1,0
599997,599997,599998,1,0
599997,599997,599998,1,0
599997,599997,600000,3,0
599997,599997,600001,4,0
599997,599997,600002,5,0
599997,599999,600002,3,2
599997,599999,600002,3,2
599997,599997,600004,7,0
599997,599999,600003,4,2
599997,599997,600003,6,0
599997,599997,600003,6,0
599997,600001,600004,3,4
599997,600002,600003,1,5
599997,600002,600004,2,5
599997,600002,600003,1,5
599997,600003,600004,1,6
599997,599997,600004,7,0
599997,599997,600005,8,0
599997,600004,600006,2,7
599997,600004,600005,1,7
599997,599997,600006,9,0
599997,599997,600006,9,0
599997,600004,600006,2,7
599997,600004,600005,1,7
599997,600004,600005,1,7
599997,600004,600005,1,7
599997,600004,600005,1,7
599997,599997,600006,9,0
599997,599997,600006,9,0
599997,599997,600007,10,0
600123,600123,600124,1,0
600123,600123,600124,1,0
600123,600123,600125,2,0
600123,600123,600126,3,0
600123,600123,600127,4,0
600123,600125,600128,3,2
600123,600124,600129,5,1
600123,600125,600128,3,2
600123,600123,600129,6,0
600123,600123,600129,6,0
600123,600123,600129,6,0
600123,600123,600129,6,0
600123,600123,600130,7,0
600123,600126,600129,3,3
600123,600128,600130,2,5
600123,600128,600130,2,5
600123,600123,600130,7,0
600123,600129,600131,2,6
600123,600129,600131,2,6
600123,600129,600131,2,6
600123,600129,600130,1,6
600123,600129,600131,2,6
600123,600130,600131,1,7
600123,600123,600132,9,0
600123,600130,600132,2,7
600123,600130,600131,1,7
600123,600130,600131,1,7
600123,600123,600133,10,0
600123,600123,600132,9,0
600123,600123,600133,10,0
600123,600123,600133,10,0
600247,600247,600248,1,0
600247,600247,600248,1,0
600247,600247,600249,2,0
600247,600247,600250,3,0
600247,600247,600252,5,0
600247,600249,600252,3,2
600247,600247,600253,6,0
600247,600247,600252,5,0
600247,600250,600252,2,3
600247,600247,600253,6,0
600247,600247,600253,6,0
600247,600249,600252,3,2
600247,600247,600253,6,0
600247,600247,600254,7,0
600247,600249,600253,4,2
600247,600247,600254,7,0
600247,600252,600254,2,5
600247,600253,600255,2,6
600247,600253,600255,2,6
600247,600253,600255,2,6
600247,600254,600255,1,7
600247,600253,600255,2,6
600247,600253,600255,2,6
600247,600253,600255,2,6
600247,600247,600255,8,0
600247,600252,600255,3,5
600247,600253,600255,2,6
600247,600247,600256,9,0
600247,600254,600256,2,7
600247,600247,600257,10,0
600247,600247,600257,10,0
600373,600373,600374,1,0
600373,600373,600374,1,0
600373,600373,600374,1,0
600373,600373,600377,4,0
600373,600373,600378,5,0
600373,600373,600378,5,0
600373,600377,600379,2,4
600373,600373,600379,6,0
600373,600375,600379,4,2
600373,600373,600379,6,0
600373,600375,600379,4,2
600373,600373,600379,6,0
600373,600373,600378,5,0
600373,600375,600379,4,2
600373,600373,600379,6,0
600373,600378,600380,2,5
600373,600373,600380,7,0
600373,600373,600381,8,0
600373,600379,600381,2,6
600373,600380,600381,1,7
600373,600373,600380,7,0
600373,600378,600380,2,5
600373,600379,600381,2,6
600373,600379,600381,2,6
600373,600379,600381,2,6
600373,600379,600381,2,6
600373,600379,600381,2,6
600373,600379,600381,2,6
600373,600379,600381,2,6
600373,600373,600383,10,0
600373,600373,600383,10,0
600499,600499,600500,1,0
600499,600499,600500,1,0
600499,600499,600500,1,0
600499,600499,600501,2,0
600499,600499,600503,4,0
600499,600499,600503,4,0
600499,600499,600504,5,0
600499,600499,600504,5,0
600499,600499,600504,5,0
600499,600499,600504,5,0
600499,600501,600504,3,2
600499,600499,600504,5,0
600499,600502,600504,2,3
600499,600499,600504,5,0
600499,600501,600505,4,2
600499,600499,600506,7,0
600499,600499,600505,6,0
600499,600504,600506,2,5
600499,600505,600506,1,6
600499,600501,600506,5,2
600499,600505,600507,2,6
600499,600505,600506,1,6
600499,600505,600506,1,6
600499,600505,600506,1,6
600499,600505,600507,2,6
600499,600504,600506,2,5
600499,600505,600506,1,6
600499,600505,600506,1,6
600499,600505,600506,1,6
600499,600499,600508,9,0
600499,600499,600508,9,0
600623,600623,600624,1,0
600623,600623,600624,1,0
600623,600623,600625,2,0
600623,600623,600626,3,0
600623,600623,600627,4,0
600623,600623,600628,5,0
600623,600625,600628,3,2
600623,600623,600628,5,0
600623,600623,600628,5,0
600623,600623,600628,5,0
600623,600625,600629,4,2
600623,600623,600628,5,0
600623,600623,600628,5,0
600623,600623,600629,6,0
600623,600626,600628,2,3
600623,600623,600629,6,0
600623,600625,600629,4,2
600623,600628,600630,2,5
600623,600628,600630,2,5
600623,600628,600630,2,5
600623,600623,600629,6,0
600623,600627,600629,2,4
600623,600629,600631,2,6
600623,600629,600630,1,6
600623,600629,600630,1,6
600623,600629,600630,1,6
600623,600629,600630,1,6
600623,600629,600630,1,6
600623,600629,600630,1,6
600623,600623,600632,9,0
600623,600623,600632,9,0
600747,600747,600748,1,0
600747,600747,600748,1,0
600747,600747,600748,1,0
600747,600747,600750,3,0
600747,600748,600752,4,1
600747,600747,600752,5,0
600747,600749,600751,2,2
600747,600747,600752,5,0
600747,600747,600752,5,0
600747,600747,600753,6,0
600747,600747,600753,6,0
600747,600747,600753,6,0
600747,600747,600752,5,0
600747,600747,600753,6,0
600747,600747,600753,6,0
600747,600750,600752,2,3
600747,600747,600754,7,0
600747,600749,600754,5,2
600747,600752,600754,2,5
600747,600752,600754,2,5
600747,600752,600754,2,5
600747,600753,600754,1,6
600747,600753,600755,2,6
600747,600753,600755,2,6
600747,600752,600754,2,5
600747,600753,600755,2,6
600747,600753,600755,2,6
600747,600753,600755,2,6
600747,600753,600755,2,6
600747,600747,600755,8,0
600747,600747,600756,9,0
600873,600873,600874,1,0
600873,600873,600874,1,0
600873,600873,600874,1,0
600873,600873,600876,3,0
600873,600873,600877,4,0
600873,600873,600878,5,0
600873,600873,600877,4,0
600873,600875,600877,2,2
600873,600875,600878,3,2
600873,600873,600879,6,0
600873,600873,600879,6,0
600873,600876,600878,2,3
600873,600873,600878,5,0
600873,600873,600878,5,0
600873,600873,600879,6,0
600873,600873,600879,6,0
600873,600873,600878,5,0
600873,600875,600879,4,2
600873,600878,600880,2,5
600873,600878,600880,2,5
600873,600879,600880,1,6
600873,600878,600879,1,5
600873,600879,600880,1,6
600873,600878,600880,2,5
600873,600878,600880,2,5
600873,600879,600880,1,6
600873,600879,600880,1,6
600873,600879,600880,1,6
600873,600879,600880,1,6
600873,600873,600882,9,0
600873,600873,600882,9,0
600998,600998,600999,1,0
600998,600998,601000,2,0
600998,600998,601000,2,0
600998,600998,601003,5,0
600998,600998,601003,5,0
600998,600998,601003,5,0
600998,600998,601003,5,0
600998,600999,601003,4,1
600998,600998,601003,5,0
600998,601000,601004,4,2
600998,600998,601004,6,0
600998,600998,601004,6,0
600998,601000,601004,4,2
600998,600998,601004,6,0
600998,600998,601004,6,0
600998,601004,601005,1,6
600998,601005,601006,1,7
600998,601004,601006,2,6
600998,601004,601005,1,6
600998,601004,601005,1,6
600998,601004,601005,1,6
600998,601005,601006,1,7
600998,601005,601006,1,7
600998,601005,601006,1,7
600998,601005,601006,1,7
600998,601004,601006,2,6
600998,600998,601006,8,0
600998,601004,601006,2,6
600998,600998,601006,8,0
600998,600998,601007,9,0
600998,600998,601008,10,0
601126,601126,601127,1,0
601126,601126,601127,1,0
601126,601126,601128,2,0
601126,601126,601130,4,0
601126,601126,601131,5,0
601126,601126,601131,5,0
601126,601126,601131,5,0
601126,601126,601131,5,0
601126,601128,601131,3,2
601126,601126,601132,6,0
601126,601126,601131,5,0
601126,601126,601132,6,0
601126,601126,601131,5,0
601126,601127,601132,5,1
601126,601128,601132,4,2
601126,601126,601133,7,0
601126,601131,601133,2,5
601126,601131,601133,2,5
601126,601131,601133,2,5
601126,601132,601134,2,6
601126,601132,601134,2,6
601126,601131,601134,3,5
601126,601132,601134,2,6
601126,601133,601134,1,7
601126,601131,601134,3,5
601126,601132,601134,2,6
601126,601132,601133,1,6
601126,601131,601134,3,5
601126,601126,601135,9,0
601126,601126,601136,10,0
601126,601126,601136,10,0
601255,601255,601256,1,0
601255,601255,601256,1,0
601255,601255,601256,1,0
601255,601255,601260,5,0
601255,601255,601260,5,0
601255,601255,601260,5,0
601255,601255,601260,5,0
601255,601255,601260,5,0
601255,601255,601260,5,0
601255,601257,601260,3,2
601255,601255,601260,5,0
601255,601255,601260,5,0
601255,601257,601260,3,2
601255,601255,601262,7,0
601255,601260,601262,2,5
601255,601260,601262,2,5
601255,601260,601262,2,5
601255,601260,601262,2,5
601255,601260,601262,2,5
601255,601260,601263,3,5
601255,601261,601262,1,6
601255,601261,601262,1,6
601255,601262,601263,1,7
601255,601255,601263,8,0
601255,601261,601262,1,6
601255,601260,601263,3,5
601255,601262,601263,1,7
601255,601255,601264,9,0
601255,601257,601263,6,2
601255,601255,601264,9,0
601255,601255,601265,10,0
601383,601383,601385,2,0
601383,601383,601385,2,0
601383,601383,601385,2,0
601383,601383,601388,5,0
601383,601383,601388,5,0
601383,601383,601388,5,0
601383,601383,601388,5,0
601383,601383,601388,5,0
601383,601383,601389,6,0
601383,601383,601389,6,0
601383,601385,601389,4,2
601383,601385,601389,4,2
601383,601383,601390,7,0
601383,601388,601390,2,5
601383,601388,601390,2,5
601383,601388,601390,2,5
601383,601383,601391,8,0
601383,601383,601390,7,0
601383,601389,601391,2,6
601383,601389,601391,2,6
601383,601388,601391,3,5
601383,601388,601391,3,5
601383,601389,601391,2,6
601383,601383,601391,8,0
601383,601389,601391,2,6
601383,601385,601390,5,2
601383,601390,601391,1,7
601383,601390,601392,2,7
601383,601390,601392,2,7
601383,601383,601393,10,0
601383,601383,601393,10,0
601508,601508,601510,2,0
601508,601508,601509,1,0
601508,601508,601509,1,0
601508,601508,601513,5,0
601508,601508,601513,5,0
601508,601508,601513,5,0
601508,601508,601513,5,0
601508,601508,601513,5,0
601508,601508,601513,5,0
601508,601510,601514,4,2
601508,601510,601514,4,2
601508,601508,601513,5,0
601508,601510,601513,3,2
601508,601508,601515,7,0
601508,601513,601515,2,5
601508,601513,601516,3,5
601508,601513,601515,2,5
601508,601514,601516,2,6
601508,601514,601516,2,6
601508,601514,601516,2,6
601508,601514,601515,1,6
601508,601513,601516,3,5
601508,601514,601516,2,6
601508,601514,601515,1,6
601508,601508,601517,9,0
601508,601515,601516,1,7
601508,601508,601516,8,0
601508,601515,601516,1,7
601508,601508,601516,8,0
601508,601508,601518,10,0
601508,601508,601518,10,0
601757,601757,601759,2,0
601757,601757,601758,1,0
601757,601757,601758,1,0
601757,601757,601762,5,0
601757,601757,601761,4,0
601757,601757,601762,5,0
601757,601757,601761,4,0
601757,601757,601762,5,0
601757,601759,601763,4,2
601757,601757,601762,5,0
601757,601759,601763,4,2
601757,601757,601763,6,0
601757,601759,601762,3,2
601757,601757,601764,7,0
601757,601762,601764,2,5
601757,601762,601765,3,5
601757,601762,601765,3,5
601757,601763,601764,1,6
601757,601757,601764,7,0
601757,601762,601765,3,5
601757,601763,601764,1,6
601757,601763,601765,2,6
601757,601763,601765,2,6
601757,601757,601764,7,0
601757,601763,601764,1,6
601757,601763,601765,2,6
601757,601757,601766,9,0
601757,601764,601765,1,7
601757,601764,601765,1,7
601757,601757,601767,10,0
601757,601757,601767,10,0
601887,601887,601889,2,0
601887,601887,601889,2,0
601887,601887,601889,2,0
601887,601887,601892,5,0
601887,601887,601892,5,0
601887,601887,601893,6,0
601887,601889,601893,4,2
601887,601887,601893,6,0
601887,601889,601893,4,2
601887,601889,601892,3,2
601887,601887,601895,8,0
601887,601887,601895,8,0
601887,601892,601895,3,5
601887,601887,601895,8,0
601887,601887,601895,8,0
601887,601894,601895,1,7
601887,601894,601895,1,7
601887,601892,601895,3,5
601887,601894,601895,1,7
601887,601893,601896,3,6
601887,601893,601896,3,6
601887,601896,601897,1,9
601887,601887,601896,9,0
601887,601887,601896,9,0
601887,601895,601897,2,8
601887,601895,601897,2,8
601887,601896,601897,1,9
601887,601887,601897,10,0
601887,601896,601897,1,9
601887,601887,601897,10,0
601887,601887,601898,11,0
602013,602013,602015,2,0
602013,602013,602015,2,0
602013,602013,602015,2,0
602013,602013,602017,4,0
602013,602014,602017,3,1
602013,602014,602018,4,1
602013,602014,602020,6,1
602013,602016,602019,3,3
602013,602016,602019,3,3
602013,602013,602020,7,0
602013,602018,602020,2,5
602013,602018,602020,2,5
602013,602014,602020,6,1
602013,602016,602020,4,3
602013,602013,602020,7,0
602013,602014,602020,6,1
602013,602013,602021,8,0
602013,602019,602021,2,6
602013,602020,602022,2,7
602013,602021,602022,1,8
602013,602020,602022,2,7
602013,602020,602022,2,7
602013,602021,602023,2,8
602013,602021,602022,1,8
602013,602021,602022,1,8
602013,602021,602022,1,8
602013,602021,602022,1,8
602013,602013,602023,10,0
602013,602014,602023,9,1
602013,602013,602024,11,0
602013,602013,602023,10,0
602139,602139,602140,1,0
602139,602139,602140,1,0
602139,602139,602140,1,0
602139,602139,602144,5,0
602139,602139,602144,5,0
602139,602139,602144,5,0
602139,602139,602145,6,0
602139,602141,602145,4,2
602139,602141,602144,3,2
602139,602139,602145,6,0
602139,602141,602145,4,2
602139,602139,602145,6,0
602139,602139,602147,8,0
602139,602144,602147,3,5
602139,602145,602147,2,6
602139,602145,602147,2,6
602139,602139,602148,9,0
602139,602146,602148,2,7
602139,602146,602148,2,7
602139,602145,602148,3,6
602139,602145,602148,3,6
602139,602145,602148,3,6
602139,602146,602148,2,7
602139,602139,602149,10,0
602139,602139,602148,9,0
602139,602139,602149,10,0
602139,602139,602149,10,0
602139,602139,602149,10,0
602139,602147,602148,1,8
602139,602147,602149,2,8
602139,602147,602148,1,8
602264,602264,602265,1,0
602264,602264,602265,1,0
602264,602264,602265,1,0
602264,602264,602268,4,0
602264,602264,602269,5,0
602264,602264,602270,6,0
602264,602264,602269,5,0
602264,602266,602269,3,2
602264,602264,602269,5,0
602264,602266,602269,3,2
602264,602266,602269,3,2
602264,602264,602271,7,0
602264,602269,602271,2,5
602264,602270,602272,2,6
602264,602270,602271,1,6
602264,602270,602271,1,6
602264,602269,602272,3,5
602264,602270,602271,1,6
602264,602264,602272,8,0
602264,602270,602272,2,6
602264,602264,602273,9,0
602264,602270,602272,2,6
602264,602272,602273,1,8
602264,602272,602273,1,8
602264,602272,602274,2,8
602264,602264,602273,9,0
602264,602272,602273,1,8
602264,602264,602274,10,0
602264,602264,602273,9,0
602264,602264,602273,9,0
602264,602264,602273,9,0
602397,602397,602399,2,0
602397,602397,602398,1,0
602397,602397,602399,2,0
602397,602397,602402,5,0
602397,602397,602401,4,0
602397,602397,602402,5,0
602397,602399,602402,3,2
602397,602397,602403,6,0
602397,602399,602403,4,2
602397,602399,602403,4,2
602397,602397,602404,7,0
602397,602397,602405,8,0
602397,602397,602405,8,0
602397,602402,602405,3,5
602397,602402,602405,3,5
602397,602404,602405,1,7
602397,602404,602405,1,7
602397,602397,602405,8,0
602397,602403,602405,2,6
602397,602402,602406,4,5
602397,602404,602406,2,7
602397,602397,602406,9,0
602397,602406,602407,1,9
602397,602405,602406,1,8
602397,602406,602407,1,9
602397,602406,602407,1,9
602397,602406,602407,1,9
602397,602397,602407,10,0
602397,602397,602407,10,0
602397,602397,602407,10,0
602397,602397,602407,10,0
602524,602524,602525,1,0
602524,602524,602525,1,0
602524,602524,602525,1,0
602524,602524,602527,3,0
602524,602524,602528,4,0
602524,602524,602528,4,0
602524,602526,602529,3,2
602524,602524,602530,6,0
602524,602526,602529,3,2
602524,602526,602530,4,2
602524,602528,602531,3,4
602524,602524,602530,6,0
602524,602524,602532,8,0
602524,602530,602532,2,6
602524,602530,602531,1,6
602524,602524,602531,7,0
602524,602528,602531,3,4
602524,602524,602532,8,0
602524,602529,602532,3,5
602524,602529,602531,2,5
602524,602524,602531,7,0
602524,602530,602532,2,6
602524,602531,602532,1,7
602524,602532,602533,1,8
602524,602524,602532,8,0
602524,602531,602532,1,7
602524,602524,602533,9,0
602524,602532,602533,1,8
602524,602524,602533,9,0
602524,602524,602533,9,0
602524,602532,602533,1,8
602649,602649,602651,2,0
602649,602649,602651,2,0
602649,602649,602651,2,0
602649,602649,602651,2,0
602649,602649,602653,4,0
602649,602649,602654,5,0
602649,602652,602654,2,3
602649,602652,602655,3,3
602649,602652,602655,3,3
602649,602652,602655,3,3
602649,602654,602655,1,5
602649,602649,602656,7,0
602649,602649,602656,7,0
602649,602649,602656,7,0
602649,602655,602656,1,6
602649,602655,602656,1,6
602649,602656,602657,1,7
602649,602649,602657,8,0
602649,602656,602657,1,7
602649,602657,602658,1,8
602649,602649,602658,9,0
602649,602649,602657,8,0
602649,602656,602657,1,7
602649,602649,602657,8,0
602649,602656,602657,1,7
602649,602657,602658,1,8
602649,602657,602658,1,8
602649,602657,602658,1,8
602649,602649,602659,10,0
602649,602649,602659,10,0
602649,602649,602659,10,0
602774,602774,602775,1,0
602774,602774,602775,1,0
602774,602774,602775,1,0
602774,602774,602776,2,0
602774,602774,602778,4,0
602774,602776,602779,3,2
602774,602774,602779,5,0
602774,602775,602779,4,1
602774,602776,602779,3,2
602774,602774,602780,6,0
602774,602777,602780,3,3
602774,602774,602781,7,0
602774,602779,602781,2,5
602774,602779,602781,2,5
602774,602774,602781,7,0
602774,602779,602781,2,5
602774,602774,602781,7,0
602774,602778,602781,3,4
602774,602779,602781,2,5
602774,602780,602782,2,6
602774,602774,602782,8,0
602774,602781,602782,1,7
602774,602774,602782,8,0
602774,602780,602782,2,6
602774,602781,602782,1,7
602774,602774,602782,8,0
602774,602781,602782,1,7
602774,602781,602783,2,7
602774,602774,602783,9,0
602774,602774,602784,10,0
602774,602774,602784,10,0
603023,603023,603024,1,0
603023,603023,603024,1,0
603023,603023,603024,1,0
603023,603023,603027,4,0
603023,603023,603027,4,0
603023,603024,603027,3,1
603023,603025,603028,3,2
603023,603023,603028,5,0
603023,603025,603028,3,2
603023,603023,603030,7,0
603023,603023,603029,6,0
603023,603027,603030,3,4
603023,603027,603030,3,4
603023,603023,603030,7,0
603023,603023,603030,7,0
603023,603023,603029,6,0
603023,603023,603030,7,0
603023,603028,603030,2,5
603023,603023,603030,7,0
603023,603028,603030,2,5
603023,603028,603030,2,5
603023,603028,603030,2,5
603023,603030,603031,1,7
603023,603023,603032,9,0
603023,603030,603031,1,7
603023,603030,603032,2,7
603023,603030,603032,2,7
603023,603030,603031,1,7
603023,603030,603032,2,7
603023,603023,603033,10,0
603023,603023,603032,9,0
603153,603153,603155,2,0
603153,603153,603155,2,0
603153,603153,603155,2,0
603153,603153,603157,4,0
603153,603153,603158,5,0
603153,603153,603158,5,0
603153,603155,603158,3,2
603153,603155,603158,3,2
603153,603155,603159,4,2
603153,603153,603160,7,0
603153,603157,603160,3,4
603153,603153,603160,7,0
603153,603153,603160,7,0
603153,603153,603160,7,0
603153,603153,603160,7,0
603153,603158,603160,2,5
603153,603153,603160,7,0
603153,603158,603160,2,5
603153,603158,603160,2,5
603153,603158,603161,3,5
603153,603159,603161,2,6
603153,603153,603160,7,0
603153,603153,603160,7,0
603153,603160,603161,1,7
603153,603160,603162,2,7
603153,603160,603162,2,7
603153,603160,603162,2,7
603153,603160,603161,1,7
603153,603160,603161,1,7
603153,603153,603163,10,0
603153,603153,603163,10,0
603281,603281,603283,2,0
603281,603281,603283,2,0
603281,603281,603282,1,0
603281,603281,603285,4,0
603281,603281,603286,5,0
603281,603283,603286,3,2
603281,603281,603287,6,0
603281,603283,603287,4,2
603281,603281,603287,6,0
603281,603283,603286,3,2
603281,603281,603287,6,0
603281,603281,603287,6,0
603281,603281,603288,7,0
603281,603285,603288,3,4
603281,603281,603287,6,0
603281,603281,603288,7,0
603281,603281,603288,7,0
603281,603281,603288,7,0
603281,603286,603288,2,5
603281,603286,603289,3,5
603281,603287,603289,2,6
603281,603287,603289,2,6
603281,603287,603289,2,6
603281,603287,603289,2,6
603281,603288,603289,1,7
603281,603288,603289,1,7
603281,603288,603290,2,7
603281,603289,603290,1,8
603281,603281,603291,10,0
603281,603281,603291,10,0
603531,603531,603533,2,0
603531,603531,603532,1,0
603531,603531,603532,1,0
603531,603531,603535,4,0
603531,603531,603536,5,0
603531,603531,603536,5,0
603531,603533,603536,3,2
603531,603531,603537,6,0
603531,603531,603537,6,0
603531,603533,603537,4,2
603531,603533,603536,3,2
603531,603531,603537,6,0
603531,603531,603537,6,0
603531,603531,603538,7,0
603531,603531,603538,7,0
603531,603536,603538,2,5
603531,603536,603538,2,5
603531,603531,603539,8,0
603531,603536,603539,3,5
603531,603537,603539,2,6
603531,603536,603538,2,5
603531,603537,603539,2,6
603531,603531,603539,8,0
603531,603537,603539,2,6
603531,603537,603539,2,6
603531,603538,603539,1,7
603531,603538,603539,1,7
603531,603538,603539,1,7
603531,603538,603539,1,7
603531,603531,603539,8,0
603531,603531,603541,10,0
603659,603659,603660,1,0
603659,603659,603660,1,0
603659,603659,603660,1,0
603659,603659,603662,3,0
603659,603659,603664,5,0
603659,603661,603664,3,2
603659,603659,603664,5,0
603659,603659,603665,6,0
603659,603661,603664,3,2
603659,603659,603665,6,0
603659,603661,603665,4,2
603659,603659,603665,6,0
603659,603659,603665,6,0
603659,603659,603666,7,0
603659,603663,603665,2,4
603659,603659,603666,7,0
603659,603659,603666,7,0
603659,603665,603667,2,6
603659,603664,603666,2,5
603659,603665,603666,1,6
603659,603665,603666,1,6
603659,603665,603667,2,6
603659,603665,603667,2,6
603659,603665,603666,1,6
603659,603666,603667,1,7
603659,603666,603667,1,7
603659,603659,603667,8,0
603659,603659,603667,8,0
603659,603666,603667,1,7
603659,603666,603667,1,7
603659,603659,603669,10,0
603783,603784,603785,1,1
603783,603784,603785,1,1
603783,603784,603785,1,1
603783,603784,603786,2,1
603783,603784,603787,3,1
603783,603785,603788,3,2
603783,603784,603789,5,1
603783,603786,603788,2,3
603783,603784,603789,5,1
603783,603786,603789,3,3
603783,603787,603789,2,4
603783,603784,603789,5,1
603783,603784,603790,6,1
603783,603784,603790,6,1
603783,603784,603790,6,1
603783,603789,603791,2,6
603783,603784,603790,6,1
603783,603788,603790,2,5
603783,603789,603790,1,6
603783,603789,603790,1,6
603783,603790,603791,1,7
603783,603790,603791,1,7
603783,603790,603791,1,7
603783,603784,603791,7,1
603783,603790,603791,1,7
603783,603791,603792,1,8
603783,603784,603792,8,1
603783,603791,603792,1,8
603783,603791,603792,1,8
603783,603784,603793,9,1
603783,603784,603794,10,1
603909,603909,603910,1,0
603909,603909,603910,1,0
603909,603909,603910,1,0
603909,603909,603911,2,0
603909,603909,603912,3,0
603909,603911,603914,3,2
603909,603909,603914,5,0
603909,603911,603914,3,2
603909,603911,603914,3,2
603909,603912,603915,3,3
603909,603913,603915,2,4
603909,603909,603915,6,0
603909,603909,603915,6,0
603909,603909,603915,6,0
603909,603909,603915,6,0
603909,603909,603915,6,0
603909,603909,603915,6,0
603909,603909,603916,7,0
603909,603914,603916,2,5
603909,603915,603916,1,6
603909,603915,603916,1,6
603909,603909,603916,7,0
603909,603915,603916,1,6
603909,603915,603916,1,6
603909,603915,603916,1,6
603909,603915,603916,1,6
603909,603916,603917,1,7
603909,603909,603917,8,0
603909,603916,603917,1,7
603909,603916,603917,1,7
603909,603909,603919,10,0
604036,604036,604037,1,0
604036,604036,604038,2,0
604036,604036,604038,2,0
604036,604037,604038,1,1
604036,604036,604040,4,0
604036,604036,604041,5,0
604036,604036,604041,5,0
604036,604038,604041,3,2
604036,604039,604041,2,3
604036,604039,604041,2,3
604036,604036,604042,6,0
604036,604038,604042,4,2
604036,604036,604042,6,0
604036,604036,604042,6,0
604036,604041,604042,1,5
604036,604036,604043,7,0
604036,604042,604043,1,6
604036,604042,604043,1,6
604036,604042,604043,1,6
604036,604042,604043,1,6
604036,604037,604043,6,1
604036,604037,604043,6,1
604036,604042,604043,1,6
604036,604043,604044,1,7
604036,604043,604044,1,7
604036,604043,604044,1,7
604036,604043,604044,1,7
604036,604043,604044,1,7
604036,604036,604045,9,0
604036,604036,604046,10,0
604036,604037,604046,9,1
604165,604165,604166,1,0
604165,604165,604166,1,0
604165,604165,604166,1,0
604165,604165,604167,2,0
604165,604165,604170,5,0
604165,604166,604169,3,1
604165,604166,604169,3,1
604165,604165,604170,5,0
604165,604167,604170,3,2
604165,604168,604171,3,3
604165,604168,604170,2,3
604165,604167,604170,3,2
604165,604166,604171,5,1
604165,604166,604171,5,1
604165,604166,604171,5,1
604165,604170,604171,1,5
604165,604165,604171,6,0
604165,604170,604171,1,5
604165,604170,604172,2,5
604165,604171,604172,1,6
604165,604171,604172,1,6
604165,604171,604172,1,6
604165,604171,604172,1,6
604165,604171,604172,1,6
604165,604172,604173,1,7
604165,604165,604173,8,0
604165,604166,604173,7,1
604165,604172,604173,1,7
604165,604172,604173,1,7
604165,604165,604175,10,0
604165,604165,604176,11,0
604291,604291,604292,1,0
604291,604291,604293,2,0
604291,604291,604292,1,0
604291,604291,604292,1,0
604291,604291,604294,3,0
604291,604291,604295,4,0
604291,604291,604295,4,0
604291,604291,604295,4,0
604291,604291,604294,3,0
604291,604291,604295,4,0
604291,604291,604296,5,0
604291,604293,604296,3,2
604291,604293,604297,4,2
604291,604294,604297,3,3
604291,604291,604297,6,0
604291,604293,604297,4,2
604291,604295,604297,2,4
604291,604293,604296,3,2
604291,604295,604297,2,4
604291,604295,604297,2,4
604291,604295,604297,2,4
604291,604295,604297,2,4
604291,604291,604298,7,0
604291,604296,604298,2,5
604291,604291,604298,7,0
604291,604296,604298,2,5
604291,604297,604298,1,6
604291,604297,604299,2,6
604291,604297,604299,2,6
604291,604291,604300,9,0
604291,604291,604301,10,0
604416,604416,604417,1,0
604416,604416,604417,1,0
604416,604416,604417,1,0
604416,604416,604418,2,0
604416,604416,604419,3,0
604416,604416,604418,2,0
604416,604416,604419,3,0
604416,604416,604420,4,0
604416,604416,604419,3,0
604416,604416,604421,5,0
604416,604416,604420,4,0
604416,604418,604421,3,2
604416,604416,604421,5,0
604416,604419,604421,2,3
604416,604417,604420,3,1
604416,604419,604421,2,3
604416,604419,604422,3,3
604416,604419,604422,3,3
604416,604420,604422,2,4
604416,604416,604422,6,0
604416,604418,604421,3,2
604416,604416,604422,6,0
604416,604420,604422,2,4
604416,604421,604423,2,5
604416,604421,604423,2,5
604416,604421,604422,1,5
604416,604421,604422,1,5
604416,604421,604422,1,5
604416,604421,604422,1,5
604416,604416,604425,9,0
604416,604416,604426,10,0
604542,604542,604543,1,0
604542,604542,604543,1,0
604542,604542,604543,1,0
604542,604542,604543,1,0
604542,604542,604545,3,0
604542,604542,604544,2,0
604542,604542,604545,3,0
604542,604542,604544,2,0
604542,604542,604545,3,0
604542,604542,604545,3,0
604542,604542,604546,4,0
604542,604542,604547,5,0
604542,604542,604546,4,0
604542,604543,604546,3,1
604542,604545,604547,2,3
604542,604543,604547,4,1
604542,604545,604547,2,3
604542,604545,604547,2,3
604542,604542,604546,4,0
604542,604544,604547,3,2
604542,604545,604546,1,3
604542,604546,604547,1,4
604542,604542,604547,5,0
604542,604544,604547,3,2
604542,604545,604547,2,3
604542,604546,604547,1,4
604542,604547,604548,1,5
604542,604547,604548,1,5
604542,604547,604548,1,5
604542,604542,604548,6,0
604542,604547,604548,1,5
604667,604667,604668,1,0
604667,604667,604668,1,0
604667,604667,604669,2,0
604667,604667,604668,1,0
604667,604667,604669,2,0
604667,604667,604669,2,0
604667,604667,604669,2,0
604667,604667,604670,3,0
604667,604668,604670,2,1
604667,604667,604671,4,0
604667,604669,604671,2,2
604667,604667,604671,4,0
604667,604669,604672,3,2
604667,604670,604671,1,3
604667,604669,604672,3,2
604667,604670,604672,2,3
604667,604667,604672,5,0
604667,604667,604673,6,0
604667,604670,604672,2,3
604667,604671,604672,1,4
604667,604667,604673,6,0
604667,604671,604672,1,4
604667,604667,604674,7,0
604667,604672,604673,1,5
604667,604672,604673,1,5
604667,604667,604673,6,0
604667,604672,604673,1,5
604667,604672,604673,1,5
604667,604672,604673,1,5
604667,604667,604674,7,0
604667,604673,604675,2,6
604799,604799,604800,1,0
604799,604799,604801,2,0
604799,604799,604800,1,0
604799,604799,604800,1,0
604799,604799,604801,2,0
604799,604799,604801,2,0
604799,604799,604801,2,0
604799,604799,604803,4,0
604799,604799,604802,3,0
604799,604799,604802,3,0
604799,604799,604802,3,0
604799,604799,604803,4,0
604799,604799,604802,3,0
604799,604799,604803,4,0
604799,604799,604805,6,0
604799,604799,604805,6,0
