submit_time,start_time,end_time,run_time,wait_time
170,171,450,279,1
525,526,693,167,1
307,310,744,434,3
742,745,752,7,3
1254,1255,1569,314,1
869,871,2985,2114,2
2984,2987,3015,28,3
3414,3416,3782,366,2
3781,3784,3790,6,3
3875,3877,5997,2120,2
5996,5998,6025,27,2
6411,6413,6799,386,2
6798,6801,6807,6,3
6891,6894,9018,2124,3
9017,9019,9048,29,2
9434,9436,9783,347,2
9781,9784,9790,6,3
9873,9874,11960,2086,1
11958,11961,11989,28,3
12359,12361,12717,356,2
12716,12718,12725,7,2
12844,12846,14868,2022,2
14866,14869,14885,16,3
15214,15217,15716,499,3
15715,15717,15718,1,2
15803,15804,17720,1916,1
17718,17721,17745,24,3
18076,18078,18536,458,2
18534,18537,18539,2,3
18659,18660,20679,2019,1
20678,20681,20709,28,3
21046,21047,21549,502,1
21547,21550,21551,1,3
21652,21655,24828,3173,3
24826,24829,24846,17,3
25218,25220,25762,542,2
25760,25763,25765,2,3
25890,25892,28407,2515,2
28406,28409,28438,29,3
28778,28781,29147,366,3
29146,29148,29150,2,2
29237,29239,31583,2344,2
31582,31585,31614,29,3
31521,31521,31662,141,0
31663,31663,31665,2,0
31663,31663,31665,2,0
31663,31663,31665,2,0
31663,31663,31665,2,0
31663,31663,31665,2,0
31663,31664,31665,1,1
31663,31664,31665,1,1
31663,31664,31665,1,1
31663,31664,31665,1,1
31663,31664,31665,1,1
31663,31663,31665,2,0
31663,31663,31665,2,0
31663,31663,31665,2,0
31663,31663,31665,2,0
31663,31663,31665,2,0
31663,31663,31665,2,0
31663,31663,31665,2,0
31663,31663,31665,2,0
31663,31663,31665,2,0
31663,31663,31665,2,0
31663,31663,31665,2,0
31663,31663,31665,2,0
31663,31663,31665,2,0
31663,31663,31665,2,0
31663,31663,31665,2,0
31663,31663,31665,2,0
31663,31664,31667,3,1
31663,31664,31667,3,1
31663,31664,31671,7,1
31522,31522,31672,150,0
31663,31664,31672,8,1
31663,31664,31672,8,1
31673,31673,31674,1,0
31673,31673,31674,1,0
31673,31673,31675,2,0
31673,31673,31675,2,0
31673,31673,31674,1,0
31673,31673,31675,2,0
31673,31673,31675,2,0
31673,31673,31675,2,0
31673,31673,31675,2,0
31673,31673,31675,2,0
31673,31673,31674,1,0
31673,31673,31675,2,0
31673,31673,31675,2,0
31673,31673,31675,2,0
31673,31673,31675,2,0
31673,31673,31674,1,0
31673,31673,31675,2,0
31673,31673,31675,2,0
31673,31673,31675,2,0
31673,31673,31675,2,0
31673,31673,31675,2,0
31673,31673,31675,2,0
31673,31673,31675,2,0
31673,31673,31674,1,0
31673,31673,31674,1,0
31673,31673,31674,1,0
31673,31673,31674,1,0
31673,31673,31675,2,0
31673,31673,31675,2,0
31673,31673,31676,3,0
31673,31673,31676,3,0
31663,31663,31680,17,0
31663,31663,31680,17,0
31663,31663,31680,17,0
31673,31673,31681,8,0
31663,31663,31682,19,0
31663,31664,31684,20,1
31673,31673,31684,11,0
31673,31673,31684,11,0
31673,31673,31684,11,0
31520,31520,31685,165,0
31663,31664,31685,21,1
31673,31673,31686,13,0
31673,31673,31686,13,0
31673,31673,31686,13,0
31663,31664,31686,22,1
31686,31686,31687,1,0
31686,31686,31687,1,0
31686,31686,31687,1,0
31542,31542,31687,145,0
31686,31686,31688,2,0
31686,31686,31687,1,0
31686,31686,31687,1,0
31686,31686,31687,1,0
31686,31686,31688,2,0
31686,31686,31688,2,0
31686,31686,31687,1,0
31686,31686,31688,2,0
31686,31686,31687,1,0
31686,31686,31688,2,0
31686,31686,31687,1,0
31686,31686,31688,2,0
31686,31686,31688,2,0
31686,31686,31688,2,0
31686,31686,31688,2,0
31686,31686,31688,2,0
31686,31686,31687,1,0
31686,31686,31687,1,0
31686,31686,31688,2,0
31686,31686,31688,2,0
31686,31686,31688,2,0
31686,31686,31688,2,0
31686,31686,31687,1,0
31686,31686,31687,1,0
31686,31686,31687,1,0
31686,31686,31687,1,0
31686,31686,31687,1,0
31524,31524,31688,164,0
31686,31686,31689,3,0
31686,31686,31688,2,0
31686,31686,31688,2,0
31686,31686,31688,2,0
31686,31686,31689,3,0
31686,31686,31689,3,0
31686,31686,31689,3,0
31689,31689,31691,2,0
31689,31689,31691,2,0
31689,31689,31691,2,0
31689,31689,31691,2,0
31689,31689,31691,2,0
31689,31689,31691,2,0
31689,31689,31691,2,0
31689,31689,31691,2,0
31689,31689,31691,2,0
31689,31689,31691,2,0
31689,31689,31691,2,0
31689,31689,31691,2,0
31689,31689,31691,2,0
31689,31689,31691,2,0
31689,31689,31691,2,0
31689,31689,31691,2,0
31689,31689,31691,2,0
31689,31689,31691,2,0
31689,31689,31691,2,0
31689,31689,31691,2,0
31689,31689,31691,2,0
31689,31689,31691,2,0
31689,31689,31691,2,0
31689,31689,31691,2,0
31689,31689,31690,1,0
31689,31689,31691,2,0
31689,31689,31691,2,0
31689,31689,31691,2,0
31689,31689,31691,2,0
31689,31689,31691,2,0
31689,31689,31690,1,0
31689,31689,31690,1,0
31689,31689,31691,2,0
31689,31689,31691,2,0
31689,31689,31690,1,0
31689,31689,31690,1,0
31690,31690,31691,1,0
31690,31690,31691,1,0
31690,31690,31691,1,0
31689,31689,31692,3,0
31690,31690,31692,2,0
31690,31690,31692,2,0
31690,31690,31692,2,0
31690,31690,31692,2,0
31690,31690,31692,2,0
31690,31690,31692,2,0
31690,31690,31692,2,0
31690,31690,31692,2,0
31690,31692,31693,1,2
31689,31689,31692,3,0
31690,31690,31692,2,0
31690,31692,31693,1,2
31529,31529,31693,164,0
31690,31690,31692,2,0
31690,31690,31692,2,0
31690,31692,31693,1,2
31690,31691,31693,2,1
31690,31691,31693,2,1
31690,31691,31693,2,1
31690,31691,31693,2,1
31690,31691,31693,2,1
31690,31691,31693,2,1
31690,31691,31693,2,1
31690,31691,31693,2,1
31690,31691,31693,2,1
31690,31692,31693,1,2
31690,31692,31693,1,2
31690,31692,31693,1,2
31690,31692,31693,1,2
31690,31692,31693,1,2
31690,31692,31693,1,2
31690,31692,31693,1,2
31690,31692,31693,1,2
31690,31692,31693,1,2
31690,31692,31693,1,2
31690,31692,31693,1,2
31690,31692,31693,1,2
31690,31692,31693,1,2
31690,31692,31693,1,2
31686,31686,31694,8,0
31686,31686,31694,8,0
31686,31686,31693,7,0
31689,31689,31694,5,0
31689,31689,31694,5,0
31663,31664,31694,30,1
31663,31664,31698,34,1
31528,31528,31706,178,0
31705,31705,31706,1,0
31705,31705,31707,2,0
31705,31705,31707,2,0
31520,31521,31706,185,1
31673,31673,31707,34,0
31673,31673,31707,34,0
31705,31705,31707,2,0
31705,31705,31707,2,0
31705,31705,31707,2,0
31705,31705,31707,2,0
31705,31705,31706,1,0
31705,31705,31707,2,0
31705,31705,31707,2,0
31705,31705,31706,1,0
31705,31705,31707,2,0
31705,31705,31707,2,0
31705,31705,31707,2,0
31705,31705,31707,2,0
31705,31705,31707,2,0
31705,31705,31707,2,0
31705,31705,31707,2,0
31705,31705,31707,2,0
31705,31705,31707,2,0
31705,31705,31707,2,0
31705,31705,31707,2,0
31705,31705,31707,2,0
31705,31705,31706,1,0
31705,31705,31706,1,0
31705,31705,31706,1,0
31705,31705,31706,1,0
31705,31705,31706,1,0
31705,31705,31707,2,0
31705,31705,31707,2,0
31705,31705,31707,2,0
31705,31705,31707,2,0
31705,31705,31707,2,0
31705,31705,31707,2,0
31705,31705,31707,2,0
31705,31705,31708,3,0
31705,31705,31707,2,0
31705,31705,31707,2,0
31705,31705,31710,5,0
31705,31705,31710,5,0
31714,31715,31716,1,1
31714,31715,31716,1,1
31715,31715,31716,1,0
31714,31715,31716,1,1
31714,31715,31716,1,1
31714,31715,31717,2,1
31714,31715,31716,1,1
31714,31715,31717,2,1
31714,31715,31716,1,1
31714,31715,31716,1,1
31714,31715,31716,1,1
31715,31715,31716,1,0
31715,31715,31716,1,0
31714,31715,31717,2,1
31714,31715,31716,1,1
31714,31715,31716,1,1
31715,31715,31717,2,0
31715,31715,31717,2,0
31714,31715,31716,1,1
31714,31715,31716,1,1
31714,31715,31716,1,1
31715,31715,31716,1,0
31715,31715,31717,2,0
31715,31715,31717,2,0
31714,31715,31717,2,1
31714,31715,31717,2,1
31714,31715,31717,2,1
31714,31715,31717,2,1
31714,31715,31717,2,1
31715,31715,31717,2,0
31715,31715,31717,2,0
31714,31715,31716,1,1
31714,31715,31716,1,1
31714,31715,31716,1,1
31715,31715,31716,1,0
31715,31715,31717,2,0
31714,31715,31716,1,1
31714,31715,31716,1,1
31714,31715,31716,1,1
31714,31715,31717,2,1
31714,31715,31716,1,1
31715,31715,31717,2,0
31715,31715,31717,2,0
31715,31715,31717,2,0
31714,31715,31716,1,1
31714,31715,31716,1,1
31715,31715,31717,2,0
31715,31715,31717,2,0
31715,31715,31717,2,0
31714,31715,31717,2,1
31714,31715,31717,2,1
31714,31715,31717,2,1
31715,31716,31717,1,1
31715,31716,31717,1,1
31715,31716,31717,1,1
31715,31717,31718,1,2
31715,31717,31718,1,2
31715,31717,31718,1,2
31527,31527,31718,191,0
31715,31716,31717,1,1
31715,31716,31717,1,1
31715,31717,31718,1,2
31715,31717,31719,2,2
31715,31717,31718,1,2
31715,31717,31718,1,2
31715,31717,31718,1,2
31715,31717,31719,2,2
31715,31717,31719,2,2
31720,31720,31721,1,0
31720,31720,31721,1,0
31720,31720,31721,1,0
31720,31720,31721,1,0
31720,31720,31721,1,0
31720,31720,31721,1,0
31720,31720,31722,2,0
31720,31720,31722,2,0
31720,31720,31722,2,0
31720,31720,31722,2,0
31720,31720,31721,1,0
31720,31720,31722,2,0
31720,31720,31721,1,0
31720,31720,31722,2,0
31720,31720,31721,1,0
31720,31720,31721,1,0
31720,31720,31722,2,0
31720,31720,31721,1,0
31720,31720,31721,1,0
31720,31720,31721,1,0
31720,31720,31722,2,0
31720,31720,31722,2,0
31720,31720,31722,2,0
31720,31720,31722,2,0
31720,31720,31721,1,0
31720,31720,31721,1,0
31720,31720,31721,1,0
31720,31720,31721,1,0
31720,31720,31721,1,0
31720,31720,31721,1,0
31720,31720,31721,1,0
31720,31720,31722,2,0
31715,31715,31726,11,0
31720,31720,31728,8,0
31714,31715,31727,12,1
31714,31715,31728,13,1
31715,31715,31728,13,0
31714,31715,31716,1,1
31720,31720,31731,11,0
31715,31715,31731,16,0
31714,31715,31736,21,1
31714,31715,31736,21,1
31720,31720,31737,17,0
31720,31720,31738,18,0
31715,31739,31740,1,24
31715,31739,31741,2,24
31715,31739,31741,2,24
31720,31739,31741,2,19
31720,31739,31741,2,19
31720,31739,31741,2,19
31720,31739,31741,2,19
31532,31533,31745,212,1
31748,31749,31750,1,1
31748,31749,31750,1,1
31748,31749,31750,1,1
31748,31749,31750,1,1
31748,31749,31750,1,1
31748,31749,31750,1,1
31748,31749,31750,1,1
31748,31749,31750,1,1
31748,31749,31750,1,1
31748,31749,31750,1,1
31748,31749,31750,1,1
31748,31749,31750,1,1
31748,31749,31750,1,1
31748,31749,31750,1,1
31748,31749,31750,1,1
31748,31749,31750,1,1
31748,31749,31750,1,1
31748,31749,31750,1,1
31748,31749,31750,1,1
31748,31749,31750,1,1
31748,31749,31750,1,1
31748,31749,31750,1,1
31748,31749,31751,2,1
31748,31749,31751,2,1
31525,31525,31753,228,0
31748,31753,31754,1,5
31748,31753,31754,1,5
31753,31753,31754,1,0
31753,31753,31754,1,0
31753,31753,31755,2,0
31753,31753,31755,2,0
31753,31753,31755,2,0
31753,31753,31755,2,0
31753,31753,31755,2,0
31753,31753,31755,2,0
31753,31754,31755,1,1
31536,31536,31754,218,0
31748,31753,31754,1,5
31753,31753,31755,2,0
31753,31753,31755,2,0
31753,31753,31755,2,0
31753,31753,31755,2,0
31753,31753,31755,2,0
31753,31753,31755,2,0
31753,31753,31755,2,0
31753,31753,31754,1,0
31753,31753,31755,2,0
31753,31753,31755,2,0
31753,31753,31755,2,0
31753,31753,31755,2,0
31753,31753,31755,2,0
31753,31753,31755,2,0
31753,31753,31755,2,0
31753,31753,31755,2,0
31753,31753,31755,2,0
31753,31753,31755,2,0
31753,31753,31755,2,0
31753,31753,31755,2,0
31753,31753,31754,1,0
31753,31753,31755,2,0
31753,31753,31755,2,0
31753,31753,31755,2,0
31753,31753,31755,2,0
31753,31753,31754,1,0
31714,31715,31736,21,1
31715,31715,31737,22,0
31748,31754,31756,2,6
31748,31754,31756,2,6
31748,31754,31755,1,6
31748,31754,31755,1,6
31753,31754,31755,1,1
31753,31753,31755,2,0
31748,31756,31757,1,8
31526,31526,31758,232,0
31748,31749,31759,10,1
31748,31749,31758,9,1
31753,31753,31759,6,0
31753,31753,31759,6,0
31748,31756,31759,3,8
31748,31756,31759,3,8
31753,31753,31759,6,0
31759,31759,31760,1,0
31759,31759,31760,1,0
31759,31759,31761,2,0
31759,31759,31761,2,0
31759,31759,31761,2,0
31759,31759,31761,2,0
31759,31759,31761,2,0
31759,31759,31761,2,0
31759,31759,31761,2,0
31759,31759,31761,2,0
31759,31759,31761,2,0
31759,31759,31761,2,0
31759,31759,31761,2,0
31759,31759,31761,2,0
31759,31759,31761,2,0
31759,31759,31761,2,0
31759,31759,31761,2,0
31759,31759,31761,2,0
31759,31759,31761,2,0
31759,31759,31761,2,0
31759,31759,31761,2,0
31759,31759,31761,2,0
31759,31759,31761,2,0
31759,31759,31761,2,0
31759,31759,31761,2,0
31759,31759,31761,2,0
31759,31759,31761,2,0
31759,31759,31761,2,0
31759,31759,31761,2,0
31759,31759,31761,2,0
31759,31759,31761,2,0
31759,31759,31761,2,0
31759,31759,31761,2,0
31759,31759,31760,1,0
31759,31759,31761,2,0
31759,31759,31761,2,0
31759,31759,31761,2,0
31759,31759,31761,2,0
31759,31759,31761,2,0
31759,31759,31761,2,0
31759,31759,31762,3,0
31759,31759,31762,3,0
31759,31759,31762,3,0
31759,31759,31762,3,0
31759,31759,31762,3,0
31759,31760,31761,1,1
31759,31759,31761,2,0
31759,31759,31762,3,0
31759,31760,31762,2,1
31759,31759,31762,3,0
31759,31759,31762,3,0
31759,31759,31762,3,0
31759,31759,31762,3,0
31759,31760,31762,2,1
31759,31760,31762,2,1
31759,31762,31763,1,3
31759,31762,31763,1,3
31759,31762,31763,1,3
31759,31762,31763,1,3
31759,31762,31763,1,3
31759,31762,31763,1,3
31759,31761,31763,2,2
31759,31762,31763,1,3
31759,31762,31763,1,3
31759,31762,31763,1,3
31759,31762,31763,1,3
31759,31762,31763,1,3
31759,31762,31763,1,3
31759,31762,31763,1,3
31759,31762,31763,1,3
31759,31762,31763,1,3
31759,31762,31763,1,3
31759,31762,31763,1,3
31759,31762,31763,1,3
31759,31762,31763,1,3
31759,31759,31761,2,0
31759,31759,31761,2,0
31530,31530,31768,238,0
31759,31759,31770,11,0
31769,31769,31770,1,0
31769,31769,31770,1,0
31769,31769,31771,2,0
31769,31769,31771,2,0
31769,31769,31771,2,0
31769,31769,31771,2,0
31759,31759,31771,12,0
31769,31769,31771,2,0
31769,31769,31771,2,0
31769,31769,31771,2,0
31769,31769,31770,1,0
31769,31769,31771,2,0
31769,31769,31771,2,0
31769,31769,31771,2,0
31769,31769,31771,2,0
31769,31769,31771,2,0
31769,31769,31771,2,0
31769,31769,31771,2,0
31769,31769,31771,2,0
31769,31769,31771,2,0
31769,31769,31771,2,0
31769,31769,31771,2,0
31769,31769,31771,2,0
31769,31769,31771,2,0
31769,31769,31771,2,0
31769,31769,31771,2,0
31769,31769,31770,1,0
31769,31769,31770,1,0
31769,31769,31771,2,0
31769,31769,31771,2,0
31769,31769,31771,2,0
31769,31769,31771,2,0
31769,31769,31771,2,0
31769,31769,31771,2,0
31759,31759,31772,13,0
31769,31769,31771,2,0
31769,31769,31772,3,0
31769,31769,31773,4,0
31748,31763,31777,14,15
31748,31763,31779,16,15
31534,31534,31788,254,0
31790,31790,31791,1,0
31790,31790,31792,2,0
31790,31790,31791,1,0
31790,31790,31791,1,0
31790,31790,31791,1,0
31790,31790,31791,1,0
31790,31790,31791,1,0
31790,31790,31791,1,0
31790,31790,31792,2,0
31790,31790,31792,2,0
31790,31790,31791,1,0
31790,31790,31792,2,0
31790,31790,31792,2,0
31790,31790,31791,1,0
31790,31790,31791,1,0
31790,31790,31792,2,0
31790,31790,31791,1,0
31790,31790,31791,1,0
31790,31790,31791,1,0
31790,31790,31791,1,0
31790,31790,31792,2,0
31790,31790,31791,1,0
31790,31790,31792,2,0
31790,31790,31791,1,0
31790,31790,31791,1,0
31769,31790,31792,2,21
31769,31790,31792,2,21
31769,31790,31792,2,21
31769,31790,31792,2,21
31790,31790,31792,2,0
31790,31790,31792,2,0
31674,31674,31799,125,0
31790,31793,31800,7,3
31790,31793,31800,7,3
31790,31793,31800,7,3
31790,31793,31800,7,3
31790,31793,31800,7,3
31540,31540,31801,261,0
31800,31800,31801,1,0
31800,31800,31803,3,0
31800,31801,31802,1,1
31800,31801,31802,1,1
31800,31801,31802,1,1
31800,31800,31802,2,0
31800,31801,31802,1,1
31800,31801,31802,1,1
31800,31801,31802,1,1
31800,31801,31802,1,1
31800,31800,31802,2,0
31800,31801,31802,1,1
31800,31801,31802,1,1
31800,31801,31802,1,1
31800,31801,31802,1,1
31800,31800,31803,3,0
31800,31801,31802,1,1
31800,31801,31803,2,1
31800,31801,31802,1,1
31800,31800,31802,2,0
31800,31801,31802,1,1
31800,31801,31802,1,1
31800,31801,31802,1,1
31800,31801,31802,1,1
31800,31800,31802,2,0
31800,31800,31802,2,0
31800,31801,31802,1,1
31800,31801,31803,2,1
31800,31801,31802,1,1
31800,31801,31802,1,1
31800,31801,31802,1,1
31800,31800,31802,2,0
31800,31800,31802,2,0
31800,31801,31802,1,1
31800,31801,31802,1,1
31800,31801,31802,1,1
31800,31801,31802,1,1
31748,31763,31803,40,15
31800,31801,31802,1,1
31800,31801,31802,1,1
31800,31801,31803,2,1
31803,31803,31804,1,0
31803,31803,31805,2,0
31803,31803,31805,2,0
31803,31803,31805,2,0
31803,31803,31804,1,0
31803,31803,31805,2,0
31803,31803,31805,2,0
31803,31803,31805,2,0
31803,31803,31805,2,0
31803,31803,31805,2,0
31803,31803,31805,2,0
31803,31803,31805,2,0
31803,31803,31805,2,0
31803,31803,31805,2,0
31803,31803,31805,2,0
31803,31803,31805,2,0
31803,31803,31804,1,0
31803,31803,31805,2,0
31803,31803,31805,2,0
31803,31803,31805,2,0
31803,31803,31804,1,0
31803,31803,31805,2,0
31803,31803,31805,2,0
31803,31803,31805,2,0
31803,31803,31805,2,0
31803,31803,31805,2,0
31803,31803,31805,2,0
31803,31803,31804,1,0
31803,31803,31804,1,0
31803,31803,31805,2,0
31803,31803,31805,2,0
31803,31803,31804,1,0
31803,31803,31804,1,0
31803,31803,31805,2,0
31803,31804,31805,1,1
31803,31804,31805,1,1
31803,31803,31805,2,0
31803,31803,31805,2,0
31803,31803,31805,2,0
31803,31803,31805,2,0
31790,31790,31806,16,0
31537,31537,31807,270,0
31543,31543,31807,264,0
31790,31790,31809,19,0
31809,31809,31810,1,0
31809,31809,31810,1,0
31790,31791,31806,15,1
31790,31791,31806,15,1
31809,31809,31811,2,0
31809,31809,31811,2,0
31809,31810,31811,1,1
31809,31809,31811,2,0
31809,31809,31811,2,0
31809,31810,31811,1,1
31809,31810,31811,1,1
31809,31810,31811,1,1
31809,31810,31811,1,1
31809,31810,31811,1,1
31809,31809,31811,2,0
31809,31809,31812,3,0
31809,31810,31811,1,1
31809,31810,31811,1,1
31809,31810,31811,1,1
31809,31810,31811,1,1
31809,31810,31811,1,1
31809,31810,31811,1,1
31809,31809,31812,3,0
31809,31810,31811,1,1
31809,31810,31811,1,1
31809,31810,31811,1,1
31809,31810,31811,1,1
31809,31809,31811,2,0
31809,31809,31811,2,0
31809,31810,31811,1,1
31809,31810,31811,1,1
31809,31810,31811,1,1
31809,31809,31811,2,0
31809,31810,31811,1,1
31809,31810,31811,1,1
31809,31810,31811,1,1
31809,31810,31811,1,1
31809,31810,31811,1,1
31809,31810,31812,2,1
31809,31810,31812,2,1
31809,31809,31812,3,0
31809,31810,31812,2,1
31809,31809,31812,3,0
31809,31809,31812,3,0
31809,31810,31812,2,1
31809,31809,31812,3,0
31809,31810,31812,2,1
31809,31810,31812,2,1
31809,31810,31812,2,1
31809,31810,31812,2,1
31809,31809,31812,3,0
31809,31809,31812,3,0
31809,31810,31812,2,1
31790,31791,31812,21,1
31790,31791,31811,20,1
31809,31811,31812,1,2
31809,31811,31812,1,2
31809,31809,31812,3,0
31809,31810,31812,2,1
31809,31812,31814,2,3
31809,31812,31813,1,3
31809,31812,31813,1,3
31809,31812,31813,1,3
31809,31812,31813,1,3
31809,31812,31813,1,3
31809,31812,31813,1,3
31809,31812,31813,1,3
31809,31812,31813,1,3
31809,31812,31813,1,3
31809,31812,31813,1,3
31809,31812,31813,1,3
31809,31812,31813,1,3
31809,31812,31813,1,3
31809,31812,31813,1,3
31809,31812,31813,1,3
31809,31812,31813,1,3
31809,31812,31813,1,3
31790,31791,31813,22,1
31809,31812,31814,2,3
31809,31812,31814,2,3
31809,31812,31814,2,3
31664,31664,31817,153,0
31748,31763,31816,53,15
31809,31811,31817,6,2
31809,31811,31817,6,2
31692,31692,31818,126,0
31790,31791,31820,29,1
31809,31811,31819,8,2
31688,31688,31821,133,0
31689,31690,31827,137,1
31827,31827,31829,2,0
31827,31827,31829,2,0
31827,31827,31829,2,0
31827,31827,31829,2,0
31827,31827,31829,2,0
31827,31827,31829,2,0
31827,31827,31829,2,0
31827,31827,31829,2,0
31827,31827,31829,2,0
31827,31827,31829,2,0
31827,31827,31829,2,0
31827,31827,31829,2,0
31827,31827,31829,2,0
31827,31827,31829,2,0
31827,31827,31829,2,0
31827,31827,31829,2,0
31827,31827,31829,2,0
31827,31828,31830,2,1
31827,31828,31829,1,1
31827,31827,31829,2,0
31827,31827,31829,2,0
31827,31827,31829,2,0
31827,31828,31829,1,1
31827,31827,31829,2,0
31827,31827,31829,2,0
31827,31827,31829,2,0
31827,31827,31829,2,0
31827,31827,31829,2,0
31827,31828,31830,2,1
31827,31828,31830,2,1
31827,31828,31830,2,1
31827,31828,31830,2,1
31827,31828,31830,2,1
31827,31828,31830,2,1
31827,31828,31830,2,1
31827,31827,31830,3,0
31827,31827,31830,3,0
31827,31827,31830,3,0
31827,31828,31830,2,1
31827,31828,31830,2,1
31827,31828,31830,2,1
31827,31828,31830,2,1
31827,31828,31830,2,1
31827,31830,31831,1,3
31827,31830,31831,1,3
31827,31830,31831,1,3
31827,31830,31831,1,3
31827,31830,31831,1,3
31827,31830,31831,1,3
31827,31830,31831,1,3
31827,31830,31831,1,3
31827,31830,31831,1,3
31827,31830,31831,1,3
31827,31830,31831,1,3
31827,31830,31831,1,3
31827,31830,31831,1,3
31827,31830,31831,1,3
31827,31830,31831,1,3
31827,31830,31831,1,3
31827,31830,31831,1,3
31832,31832,31834,2,0
31832,31832,31834,2,0
31832,31832,31834,2,0
31832,31832,31834,2,0
31832,31832,31834,2,0
31832,31832,31834,2,0
31832,31832,31834,2,0
31832,31832,31834,2,0
31832,31832,31834,2,0
31832,31832,31834,2,0
31832,31832,31834,2,0
31832,31832,31834,2,0
31832,31832,31834,2,0
31832,31832,31834,2,0
31832,31832,31834,2,0
31832,31832,31834,2,0
31832,31832,31834,2,0
31832,31832,31834,2,0
31832,31832,31834,2,0
31832,31832,31834,2,0
31832,31832,31833,1,0
31832,31832,31833,1,0
31832,31832,31834,2,0
31832,31832,31834,2,0
31832,31832,31834,2,0
31832,31832,31834,2,0
31832,31832,31834,2,0
31832,31832,31834,2,0
31832,31832,31834,2,0
31832,31832,31834,2,0
31832,31832,31834,2,0
31832,31832,31834,2,0
31832,31832,31834,2,0
31832,31832,31834,2,0
31832,31832,31834,2,0
31832,31832,31834,2,0
31832,31832,31834,2,0
31832,31832,31834,2,0
31832,31832,31834,2,0
31832,31832,31834,2,0
31835,31835,31836,1,0
31835,31835,31836,1,0
31835,31835,31836,1,0
31835,31835,31837,2,0
31835,31835,31837,2,0
31835,31835,31837,2,0
31835,31835,31837,2,0
31835,31835,31836,1,0
31835,31835,31836,1,0
31835,31835,31837,2,0
31835,31835,31836,1,0
31835,31835,31837,2,0
31835,31835,31837,2,0
31835,31835,31837,2,0
31835,31835,31836,1,0
31835,31835,31836,1,0
31835,31835,31836,1,0
31835,31835,31837,2,0
31835,31835,31836,1,0
31835,31835,31837,2,0
31835,31835,31837,2,0
31835,31835,31837,2,0
31835,31835,31837,2,0
31835,31835,31837,2,0
31835,31835,31836,1,0
31835,31835,31837,2,0
31835,31835,31836,1,0
31835,31835,31836,1,0
31835,31835,31837,2,0
31835,31835,31836,1,0
31835,31835,31837,2,0
31835,31835,31837,2,0
31835,31835,31837,2,0
31835,31835,31836,1,0
31835,31835,31837,2,0
31835,31835,31837,2,0
31835,31835,31837,2,0
31835,31835,31837,2,0
31835,31835,31837,2,0
31835,31835,31837,2,0
31827,31828,31837,9,1
31827,31839,31840,1,12
31827,31839,31840,1,12
31809,31811,31833,22,2
31827,31828,31841,13,1
31827,31828,31841,13,1
31827,31828,31841,13,1
31827,31828,31840,12,1
31827,31839,31840,1,12
31827,31839,31840,1,12
31827,31839,31840,1,12
31827,31839,31840,1,12
31827,31828,31861,33,1
31827,31828,31861,33,1
31827,31827,31864,37,0
31827,31828,31864,36,1
31827,31828,31864,36,1
31827,31828,31870,42,1
31715,31717,31878,161,2
31827,31828,31879,51,1
31880,31881,31883,2,1
31880,31881,31882,1,1
31880,31881,31882,1,1
31880,31881,31883,2,1
31880,31881,31882,1,1
31880,31881,31882,1,1
31880,31881,31882,1,1
31880,31881,31882,1,1
31880,31881,31882,1,1
31880,31881,31882,1,1
31880,31881,31882,1,1
31880,31881,31882,1,1
31880,31881,31882,1,1
31880,31881,31882,1,1
31880,31881,31882,1,1
31880,31881,31882,1,1
31880,31881,31882,1,1
31880,31881,31882,1,1
31880,31881,31882,1,1
31880,31881,31882,1,1
31880,31881,31882,1,1
31880,31881,31882,1,1
31880,31881,31883,2,1
31880,31881,31883,2,1
31880,31881,31883,2,1
31880,31881,31883,2,1
31880,31881,31883,2,1
31880,31881,31883,2,1
31880,31881,31883,2,1
31880,31881,31883,2,1
31880,31881,31884,3,1
31880,31881,31884,3,1
31880,31881,31885,4,1
31754,31754,31886,132,0
31888,31888,31890,2,0
31888,31888,31890,2,0
31888,31888,31890,2,0
31888,31888,31890,2,0
31888,31888,31890,2,0
31888,31888,31890,2,0
31888,31888,31890,2,0
31888,31888,31890,2,0
31888,31888,31890,2,0
31888,31888,31890,2,0
31888,31888,31890,2,0
31888,31888,31890,2,0
31888,31888,31890,2,0
31888,31888,31890,2,0
31888,31889,31890,1,1
31888,31889,31890,1,1
31888,31889,31890,1,1
31888,31888,31890,2,0
31888,31888,31890,2,0
31888,31888,31890,2,0
31888,31888,31890,2,0
31888,31888,31890,2,0
31888,31888,31890,2,0
31888,31888,31890,2,0
31888,31888,31890,2,0
31888,31888,31890,2,0
31888,31888,31890,2,0
31888,31888,31890,2,0
31888,31888,31890,2,0
31888,31888,31890,2,0
31888,31888,31890,2,0
31888,31888,31890,2,0
31888,31888,31890,2,0
31888,31888,31890,2,0
31888,31888,31890,2,0
31888,31888,31891,3,0
31888,31888,31891,3,0
31888,31888,31890,2,0
31888,31889,31890,1,1
31888,31889,31890,1,1
31545,31545,31892,347,0
31749,31749,31897,148,0
31898,31898,31899,1,0
31898,31898,31900,2,0
31898,31898,31900,2,0
31898,31898,31900,2,0
31898,31898,31900,2,0
31898,31898,31900,2,0
31898,31898,31900,2,0
31898,31898,31900,2,0
31898,31898,31899,1,0
31898,31898,31900,2,0
31898,31898,31900,2,0
31898,31898,31899,1,0
31898,31898,31900,2,0
31898,31898,31900,2,0
31898,31898,31900,2,0
31898,31898,31900,2,0
31898,31898,31900,2,0
31898,31898,31900,2,0
31898,31898,31900,2,0
31898,31898,31900,2,0
31898,31898,31900,2,0
31898,31898,31899,1,0
31898,31898,31900,2,0
31898,31898,31900,2,0
31898,31898,31900,2,0
31898,31898,31900,2,0
31898,31898,31900,2,0
31898,31898,31900,2,0
31898,31898,31900,2,0
31898,31898,31900,2,0
31898,31898,31900,2,0
31898,31898,31900,2,0
31898,31898,31899,1,0
31898,31898,31899,1,0
31898,31898,31900,2,0
31898,31898,31900,2,0
31898,31898,31900,2,0
31898,31898,31900,2,0
31898,31898,31900,2,0
31898,31898,31900,2,0
31898,31898,31900,2,0
31898,31898,31900,2,0
31898,31898,31900,2,0
31898,31898,31900,2,0
31898,31898,31899,1,0
31898,31898,31900,2,0
31898,31898,31900,2,0
31898,31899,31900,1,1
31898,31899,31901,2,1
31898,31899,31901,2,1
31898,31899,31901,2,1
31898,31899,31900,1,1
31898,31898,31900,2,0
31898,31900,31901,1,2
31898,31900,31901,1,2
31898,31900,31901,1,2
31898,31900,31901,1,2
31898,31900,31901,1,2
31898,31900,31901,1,2
31898,31900,31901,1,2
31898,31900,31901,1,2
31898,31900,31902,2,2
31898,31900,31902,2,2
31898,31900,31901,1,2
31898,31900,31902,2,2
31898,31900,31901,1,2
31898,31900,31901,1,2
31898,31900,31901,1,2
31898,31900,31902,2,2
31898,31900,31901,1,2
31898,31900,31901,1,2
31898,31900,31901,1,2
31898,31900,31902,2,2
31898,31900,31902,2,2
31898,31900,31902,2,2
31898,31900,31902,2,2
31898,31900,31902,2,2
31898,31900,31902,2,2
31898,31900,31902,2,2
31898,31900,31902,2,2
31776,31776,31902,126,0
31880,31881,31903,22,1
31880,31881,31903,22,1
31880,31881,31903,22,1
31880,31881,31903,22,1
31880,31881,31903,22,1
31827,31828,31910,82,1
31880,31881,31910,29,1
31909,31910,31911,1,1
31909,31909,31911,2,0
31909,31909,31911,2,0
31909,31909,31911,2,0
31909,31909,31911,2,0
31909,31909,31911,2,0
31909,31909,31911,2,0
31909,31909,31911,2,0
31909,31909,31911,2,0
31909,31909,31911,2,0
31909,31909,31911,2,0
31909,31909,31911,2,0
31909,31909,31911,2,0
31909,31909,31911,2,0
31909,31909,31911,2,0
31909,31909,31911,2,0
31909,31909,31911,2,0
31909,31909,31911,2,0
31909,31909,31911,2,0
31909,31909,31911,2,0
31909,31909,31911,2,0
31909,31909,31911,2,0
31909,31909,31911,2,0
31909,31910,31911,1,1
31909,31910,31911,1,1
31909,31909,31911,2,0
31909,31909,31911,2,0
31909,31909,31911,2,0
31909,31909,31911,2,0
31909,31910,31911,1,1
31909,31910,31911,1,1
31880,31881,31916,35,1
31827,31828,31918,90,1
31791,31791,31921,130,0
31539,31539,31921,382,0
31921,31921,31923,2,0
31921,31921,31923,2,0
31921,31921,31923,2,0
31921,31921,31922,1,0
31921,31921,31923,2,0
31921,31921,31923,2,0
31921,31921,31923,2,0
31921,31921,31923,2,0
31921,31921,31923,2,0
31921,31921,31923,2,0
31921,31921,31922,1,0
31921,31921,31922,1,0
31921,31921,31922,1,0
31921,31921,31922,1,0
31921,31921,31922,1,0
31921,31921,31922,1,0
31921,31921,31923,2,0
31921,31921,31923,2,0
31921,31921,31923,2,0
31921,31921,31923,2,0
31921,31921,31923,2,0
31921,31921,31923,2,0
31921,31921,31923,2,0
31921,31921,31923,2,0
31921,31921,31923,2,0
31921,31921,31923,2,0
31921,31921,31923,2,0
31921,31922,31923,1,1
31921,31921,31923,2,0
31921,31921,31923,2,0
31921,31922,31923,1,1
31921,31922,31923,1,1
31921,31922,31923,1,1
31921,31922,31923,1,1
31921,31921,31923,2,0
31921,31921,31923,2,0
31921,31921,31923,2,0
31811,31812,31924,112,1
31921,31921,31925,4,0
31921,31921,31925,4,0
31928,31928,31929,1,0
31928,31928,31929,1,0
31928,31928,31929,1,0
31928,31928,31929,1,0
31928,31928,31930,2,0
31928,31928,31930,2,0
31928,31928,31930,2,0
31928,31928,31930,2,0
31909,31910,31930,20,1
31928,31928,31930,2,0
31928,31928,31930,2,0
31928,31928,31930,2,0
31928,31928,31930,2,0
31928,31928,31930,2,0
31928,31928,31930,2,0
31928,31928,31930,2,0
31928,31928,31930,2,0
31928,31928,31930,2,0
31928,31928,31930,2,0
31928,31928,31929,1,0
31928,31928,31930,2,0
31928,31928,31930,2,0
31928,31928,31930,2,0
31928,31928,31929,1,0
31928,31928,31930,2,0
31928,31928,31930,2,0
31928,31928,31930,2,0
31928,31928,31930,2,0
31928,31928,31930,2,0
31928,31928,31930,2,0
31928,31928,31930,2,0
31928,31928,31930,2,0
31928,31928,31930,2,0
31928,31928,31930,2,0
31928,31928,31930,2,0
31928,31930,31931,1,2
31928,31928,31930,2,0
31928,31928,31930,2,0
31928,31929,31931,2,1
31928,31930,31931,1,2
31928,31931,31932,1,3
31928,31931,31932,1,3
31928,31930,31931,1,2
31928,31930,31931,1,2
31928,31930,31931,1,2
31928,31930,31932,2,2
31928,31931,31932,1,3
31928,31931,31932,1,3
31928,31931,31932,1,3
31928,31931,31932,1,3
31928,31931,31932,1,3
31928,31931,31932,1,3
31928,31931,31932,1,3
31928,31931,31932,1,3
31928,31931,31932,1,3
31928,31931,31932,1,3
31928,31931,31932,1,3
31928,31931,31932,1,3
31928,31931,31932,1,3
31928,31931,31932,1,3
31928,31931,31932,1,3
31928,31931,31932,1,3
31928,31931,31932,1,3
31928,31928,31933,5,0
31909,31910,31931,21,1
31928,31928,31934,6,0
31928,31928,31933,5,0
31909,31910,31938,28,1
31928,31928,31938,10,0
31909,31910,31940,30,1
31928,31930,31940,10,2
31909,31910,31941,31,1
31921,31921,31941,20,0
31909,31911,31934,23,2
31909,31910,31945,35,1
31909,31910,31945,35,1
31909,31910,31945,35,1
31770,31770,31950,180,0
31928,31953,31954,1,25
31928,31953,31954,1,25
31928,31953,31954,1,25
31928,31953,31954,1,25
31928,31953,31954,1,25
31928,31953,31954,1,25
31928,31953,31954,1,25
31955,31955,31957,2,0
31955,31955,31957,2,0
31955,31956,31957,1,1
31955,31956,31957,1,1
31955,31956,31957,1,1
31955,31955,31957,2,0
31955,31955,31957,2,0
31955,31956,31957,1,1
31955,31956,31957,1,1
31955,31956,31957,1,1
31955,31955,31957,2,0
31955,31955,31957,2,0
31955,31955,31957,2,0
31955,31956,31957,1,1
31955,31956,31957,1,1
31955,31956,31957,1,1
31955,31955,31957,2,0
31955,31956,31957,1,1
31955,31956,31957,1,1
31955,31956,31957,1,1
31955,31956,31957,1,1
31955,31956,31957,1,1
31955,31956,31961,5,1
31955,31963,31964,1,8
31955,31963,31964,1,8
31955,31963,31964,1,8
31955,31963,31964,1,8
31955,31963,31964,1,8
31955,31959,31969,10,4
31955,31955,31970,15,0
31828,31830,31970,140,2
31928,31928,31930,2,0
31928,31928,31930,2,0
31928,31928,31930,2,0
31928,31928,31930,2,0
31928,31928,31930,2,0
31955,31959,31972,13,4
31972,31972,31973,1,0
31972,31972,31973,1,0
31972,31972,31973,1,0
31972,31972,31974,2,0
31972,31972,31973,1,0
31972,31972,31973,1,0
31972,31972,31973,1,0
31972,31972,31973,1,0
31972,31972,31974,2,0
31972,31972,31973,1,0
31972,31972,31973,1,0
31972,31972,31973,1,0
31972,31972,31973,1,0
31972,31972,31974,2,0
31972,31972,31973,1,0
31972,31972,31973,1,0
31972,31972,31973,1,0
31972,31972,31973,1,0
31972,31972,31974,2,0
31972,31972,31974,2,0
31972,31972,31973,1,0
31972,31972,31973,1,0
31972,31972,31973,1,0
31972,31972,31973,1,0
31972,31972,31974,2,0
31972,31972,31974,2,0
31972,31972,31974,2,0
31972,31972,31973,1,0
31972,31972,31974,2,0
31972,31972,31973,1,0
31972,31972,31974,2,0
31972,31972,31974,2,0
31972,31972,31974,2,0
31972,31972,31973,1,0
31955,31959,31976,17,4
31955,31959,31979,20,4
31972,31972,31981,9,0
31955,31956,31982,26,1
31955,31956,31982,26,1
31955,31959,31982,23,4
31972,31972,31984,12,0
31955,31956,31985,29,1
31972,31972,31985,13,0
31972,31972,31989,17,0
31972,31972,31989,17,0
31955,31955,31972,17,0
31955,31955,31974,19,0
31955,31955,31971,16,0
31706,31706,31991,285,0
31760,31762,31994,232,2
31834,31834,31995,161,0
31994,31995,31996,1,1
31994,31994,31996,2,0
31994,31995,31996,1,1
31994,31995,31996,1,1
31994,31995,31996,1,1
31994,31995,31996,1,1
31994,31995,31996,1,1
31994,31995,31996,1,1
31994,31994,31996,2,0
31994,31995,31996,1,1
31994,31995,31996,1,1
31994,31995,31996,1,1
31994,31995,31996,1,1
31994,31995,31996,1,1
31994,31995,31996,1,1
31994,31994,31996,2,0
31994,31995,31996,1,1
31994,31995,31996,1,1
31994,31995,31996,1,1
31994,31995,31996,1,1
31994,31995,31996,1,1
31994,31995,31996,1,1
31994,31995,31996,1,1
31994,31995,31996,1,1
31994,31995,31996,1,1
31994,31995,31996,1,1
31994,31995,31996,1,1
31994,31995,31996,1,1
31994,31995,31996,1,1
31994,31995,31996,1,1
31994,31995,31996,1,1
31994,31995,31996,1,1
31994,31995,31996,1,1
31994,31995,31996,1,1
31994,31995,31996,1,1
31994,31995,31997,2,1
31994,31995,31996,1,1
31994,31995,31996,1,1
31994,31995,31996,1,1
31994,31995,31996,1,1
31994,31995,31996,1,1
31994,31995,31996,1,1
31994,31995,31996,1,1
31994,31995,31996,1,1
31994,31995,31996,1,1
31994,31995,31996,1,1
31994,31995,31996,1,1
31994,31995,31996,1,1
31994,31995,31996,1,1
31994,31995,31997,2,1
31994,31995,31997,2,1
31994,31995,31997,2,1
31994,31995,31997,2,1
31994,31995,31997,2,1
31994,31997,31998,1,3
31994,31997,31998,1,3
31994,31997,31998,1,3
31994,31997,31998,1,3
31995,31998,31999,1,3
31995,31998,31999,1,3
31994,31997,31998,1,3
31994,31997,31998,1,3
31994,31997,31998,1,3
31994,31997,31998,1,3
31995,31998,31999,1,3
31995,31998,31999,1,3
31995,31998,31999,1,3
31995,31997,31999,2,2
31995,31997,31999,2,2
31995,31997,31999,2,2
31995,31997,31999,2,2
31995,31997,31999,2,2
31995,31997,31998,1,2
31995,31997,31999,2,2
31995,31997,31999,2,2
31995,31997,31999,2,2
31995,31997,31998,1,2
31995,31997,31999,2,2
31994,31997,31998,1,3
31994,31997,31998,1,3
31994,31997,31999,2,3
31995,31997,31999,2,2
31995,31997,31999,2,2
31995,31997,31999,2,2
31995,31997,31999,2,2
31994,31997,31998,1,3
31994,31997,31998,1,3
31995,31997,31998,1,2
31995,31997,31999,2,2
31995,31997,31999,2,2
31995,31997,31999,2,2
31995,31997,31999,2,2
31994,31997,31998,1,3
31994,31997,31998,1,3
31995,31997,31998,1,2
31995,31997,31999,2,2
31995,31997,31999,2,2
31995,31997,31999,2,2
31995,31997,31999,2,2
31995,31997,31999,2,2
31994,31997,31998,1,3
31994,31997,31998,1,3
31994,31997,31998,1,3
31995,31997,31999,2,2
31995,31997,31999,2,2
31995,31997,31999,2,2
31995,31997,31999,2,2
31995,31997,31999,2,2
31995,31998,31999,1,3
31995,31998,31999,1,3
31995,31998,31999,1,3
31995,31999,32000,1,4
31836,31836,32001,165,0
31994,31995,32004,9,1
32008,32008,32010,2,0
32008,32008,32010,2,0
32008,32008,32009,1,0
32008,32008,32009,1,0
32008,32008,32009,1,0
32008,32008,32009,1,0
32008,32008,32009,1,0
32008,32008,32009,1,0
32008,32008,32009,1,0
32008,32008,32009,1,0
32008,32008,32009,1,0
32008,32008,32010,2,0
32008,32008,32010,2,0
32008,32008,32009,1,0
32008,32008,32009,1,0
32008,32008,32009,1,0
32008,32008,32009,1,0
32008,32008,32009,1,0
32008,32008,32010,2,0
32008,32008,32009,1,0
32008,32008,32009,1,0
32008,32008,32009,1,0
32008,32008,32009,1,0
32008,32008,32009,1,0
32008,32008,32009,1,0
32008,32008,32009,1,0
32008,32008,32009,1,0
32008,32008,32009,1,0
32008,32008,32009,1,0
32008,32008,32009,1,0
32008,32008,32009,1,0
32008,32008,32009,1,0
32008,32008,32010,2,0
32008,32008,32009,1,0
32008,32008,32009,1,0
32008,32008,32009,1,0
31994,31995,32008,13,1
31802,31803,32018,215,1
32019,32019,32021,2,0
32019,32019,32021,2,0
32019,32019,32021,2,0
32019,32019,32021,2,0
32019,32019,32021,2,0
32019,32019,32021,2,0
32019,32019,32021,2,0
32019,32019,32021,2,0
32019,32019,32021,2,0
32019,32019,32021,2,0
32019,32019,32021,2,0
32019,32019,32021,2,0
32019,32019,32021,2,0
32019,32019,32021,2,0
32019,32019,32021,2,0
32019,32019,32021,2,0
32019,32019,32021,2,0
32019,32019,32020,1,0
32019,32019,32021,2,0
32019,32019,32021,2,0
32019,32019,32021,2,0
32019,32019,32021,2,0
32019,32019,32021,2,0
32019,32019,32021,2,0
32019,32019,32021,2,0
32019,32019,32021,2,0
32019,32019,32021,2,0
32019,32019,32020,1,0
32019,32019,32020,1,0
32019,32019,32021,2,0
32019,32019,32021,2,0
32019,32019,32021,2,0
32019,32019,32021,2,0
31972,31990,32023,33,18
31994,31994,32027,33,0
31889,31889,32028,139,0
31843,31843,32028,185,0
31994,31994,32028,34,0
31994,31995,32028,33,1
32008,32028,32029,1,20
32008,32028,32029,1,20
32008,32028,32029,1,20
32008,32028,32029,1,20
31899,31900,32030,130,1
31994,31995,32032,37,1
31994,31995,32032,37,1
32030,32030,32032,2,0
32030,32030,32032,2,0
32030,32030,32032,2,0
32030,32030,32032,2,0
32030,32030,32032,2,0
32030,32030,32032,2,0
32030,32030,32032,2,0
32030,32030,32032,2,0
32030,32030,32032,2,0
32030,32030,32032,2,0
32030,32030,32032,2,0
32030,32030,32032,2,0
32030,32030,32032,2,0
32030,32030,32032,2,0
32030,32030,32032,2,0
32030,32030,32032,2,0
32030,32030,32032,2,0
32030,32030,32032,2,0
32030,32030,32032,2,0
32030,32030,32032,2,0
32030,32030,32032,2,0
32030,32030,32032,2,0
32030,32030,32032,2,0
32030,32030,32032,2,0
32030,32030,32032,2,0
32030,32030,32032,2,0
32030,32030,32032,2,0
32030,32030,32032,2,0
32030,32030,32032,2,0
32030,32030,32032,2,0
32030,32030,32032,2,0
32030,32030,32032,2,0
32030,32030,32032,2,0
32030,32030,32032,2,0
32030,32030,32032,2,0
32030,32030,32032,2,0
32030,32030,32032,2,0
32030,32030,32032,2,0
32030,32030,32032,2,0
32030,32030,32032,2,0
32030,32030,32032,2,0
32030,32030,32032,2,0
32030,32030,32032,2,0
32030,32032,32034,2,2
32030,32032,32034,2,2
32030,32032,32034,2,2
32030,32032,32034,2,2
32030,32032,32034,2,2
32030,32032,32034,2,2
32030,32032,32034,2,2
32030,32032,32034,2,2
32030,32032,32034,2,2
32030,32032,32034,2,2
32030,32032,32034,2,2
32030,32032,32034,2,2
32030,32032,32034,2,2
32030,32032,32034,2,2
32030,32032,32034,2,2
32030,32032,32034,2,2
32030,32032,32034,2,2
32030,32032,32034,2,2
32030,32032,32034,2,2
32030,32032,32034,2,2
32030,32032,32034,2,2
32030,32032,32034,2,2
32030,32032,32034,2,2
32030,32032,32034,2,2
32030,32032,32034,2,2
31994,31995,32032,37,1
32036,32036,32038,2,0
32036,32036,32038,2,0
32036,32036,32038,2,0
32036,32036,32038,2,0
32036,32036,32038,2,0
32036,32036,32038,2,0
32036,32036,32038,2,0
32036,32037,32038,1,1
32036,32037,32038,1,1
32036,32037,32038,1,1
32036,32037,32038,1,1
32036,32037,32038,1,1
32036,32036,32038,2,0
32036,32036,32038,2,0
32036,32036,32038,2,0
32036,32036,32038,2,0
32036,32036,32038,2,0
32036,32037,32038,1,1
32036,32037,32038,1,1
32036,32036,32038,2,0
32036,32036,32038,2,0
32036,32036,32038,2,0
32036,32036,32038,2,0
32036,32036,32038,2,0
32036,32037,32038,1,1
32036,32037,32038,1,1
32036,32037,32038,1,1
32036,32036,32038,2,0
32036,32036,32038,2,0
32036,32036,32038,2,0
32036,32036,32038,2,0
32036,32037,32038,1,1
32036,32037,32038,1,1
32036,32037,32038,1,1
32036,32037,32038,1,1
32036,32036,32038,2,0
32036,32036,32038,2,0
32036,32037,32039,2,1
32036,32037,32039,2,1
32030,32030,32043,13,0
32019,32024,32043,19,5
32030,32032,32044,12,2
32030,32032,32044,12,2
32036,32036,32044,8,0
32030,32030,32046,16,0
32030,32030,32046,16,0
32030,32030,32047,17,0
32030,32030,32047,17,0
32019,32019,32052,33,0
32019,32019,32052,33,0
32019,32019,32052,33,0
32019,32019,32054,35,0
32019,32019,32058,39,0
31901,31902,32059,157,1
32060,32060,32062,2,0
32060,32060,32062,2,0
32060,32060,32062,2,0
32060,32060,32062,2,0
32060,32060,32061,1,0
32060,32060,32062,2,0
32060,32060,32062,2,0
32060,32060,32062,2,0
32060,32060,32062,2,0
32060,32060,32062,2,0
32060,32060,32062,2,0
32060,32060,32062,2,0
32060,32060,32062,2,0
32060,32060,32062,2,0
32060,32060,32062,2,0
32060,32060,32062,2,0
32060,32060,32062,2,0
32060,32060,32062,2,0
32060,32060,32062,2,0
32060,32060,32062,2,0
32060,32060,32062,2,0
32060,32060,32062,2,0
32060,32060,32061,1,0
32060,32060,32062,2,0
32060,32060,32062,2,0
32060,32060,32062,2,0
32060,32060,32062,2,0
32060,32060,32062,2,0
32060,32060,32062,2,0
32060,32060,32062,2,0
32060,32060,32062,2,0
31818,31839,32065,226,21
32030,32030,32065,35,0
31929,31931,32065,134,2
32019,32019,32066,47,0
32060,32061,32066,5,1
32030,32030,32066,36,0
32030,32030,32066,36,0
32030,32030,32066,36,0
32030,32030,32066,36,0
32060,32061,32066,5,1
32060,32061,32066,5,1
32060,32061,32066,5,1
32066,32066,32067,1,0
32066,32066,32067,1,0
32066,32066,32068,2,0
32066,32066,32068,2,0
32066,32066,32068,2,0
32066,32066,32068,2,0
32066,32066,32068,2,0
32066,32066,32068,2,0
32066,32066,32068,2,0
32066,32066,32068,2,0
32066,32066,32068,2,0
32066,32066,32068,2,0
32066,32066,32068,2,0
32066,32066,32068,2,0
32066,32066,32068,2,0
32066,32066,32068,2,0
32066,32066,32068,2,0
32066,32066,32068,2,0
32066,32066,32068,2,0
32066,32066,32068,2,0
32066,32066,32068,2,0
32066,32066,32068,2,0
32066,32066,32068,2,0
32066,32066,32068,2,0
32066,32066,32068,2,0
32066,32066,32068,2,0
32066,32066,32068,2,0
32066,32066,32068,2,0
32066,32066,32068,2,0
32066,32067,32068,1,1
32066,32066,32068,2,0
32066,32066,32068,2,0
32066,32066,32068,2,0
32066,32066,32068,2,0
32066,32066,32068,2,0
32066,32066,32068,2,0
32066,32066,32068,2,0
32066,32066,32068,2,0
32066,32066,32068,2,0
32066,32067,32068,1,1
32066,32067,32068,1,1
32066,32066,32068,2,0
32066,32066,32068,2,0
32066,32066,32068,2,0
32066,32067,32068,1,1
32066,32067,32068,1,1
32066,32067,32069,2,1
32066,32067,32069,2,1
32066,32067,32069,2,1
32066,32066,32069,3,0
32066,32068,32069,1,2
32066,32068,32069,1,2
32066,32068,32069,1,2
32066,32066,32068,2,0
32066,32066,32068,2,0
32066,32068,32069,1,2
32066,32068,32069,1,2
32066,32068,32069,1,2
32066,32068,32070,2,2
32066,32068,32070,2,2
32066,32068,32070,2,2
32066,32068,32070,2,2
32066,32068,32070,2,2
32066,32068,32070,2,2
32066,32068,32070,2,2
32066,32069,32070,1,3
32066,32069,32070,1,3
32066,32069,32070,1,3
32066,32069,32070,1,3
32066,32069,32070,1,3
32066,32070,32072,2,4
32066,32070,32072,2,4
32066,32070,32072,2,4
32066,32070,32072,2,4
32060,32060,32079,19,0
32060,32060,32080,20,0
32060,32060,32084,24,0
32060,32060,32094,34,0
32060,32060,32094,34,0
31923,31923,32095,172,0
32066,32095,32096,1,29
32066,32095,32096,1,29
32066,32095,32096,1,29
32066,32095,32096,1,29
32066,32095,32096,1,29
32103,32103,32104,1,0
32103,32103,32104,1,0
32103,32103,32105,2,0
32103,32103,32105,2,0
32103,32103,32104,1,0
32103,32103,32104,1,0
32103,32103,32104,1,0
31720,31721,32105,384,1
32103,32103,32105,2,0
32103,32103,32104,1,0
32103,32103,32104,1,0
32103,32103,32105,2,0
32103,32103,32105,2,0
32103,32103,32105,2,0
32103,32103,32104,1,0
32103,32103,32104,1,0
32103,32103,32104,1,0
32103,32103,32105,2,0
32103,32103,32105,2,0
32103,32103,32105,2,0
32103,32103,32104,1,0
32103,32103,32105,2,0
32103,32103,32105,2,0
32103,32103,32105,2,0
32103,32103,32106,3,0
32103,32104,32106,2,1
32103,32104,32106,2,1
32103,32104,32107,3,1
32103,32104,32107,3,1
32103,32104,32107,3,1
32107,32108,32109,1,1
32107,32108,32109,1,1
32107,32108,32109,1,1
32107,32108,32109,1,1
32107,32108,32109,1,1
32107,32108,32109,1,1
32107,32108,32109,1,1
32107,32108,32109,1,1
32107,32108,32110,2,1
32107,32108,32109,1,1
32107,32108,32109,1,1
32107,32108,32109,1,1
32107,32108,32109,1,1
32107,32108,32109,1,1
32107,32108,32109,1,1
32107,32108,32109,1,1
32107,32108,32109,1,1
32107,32108,32110,2,1
32107,32108,32109,1,1
32107,32108,32109,1,1
32107,32108,32109,1,1
32107,32108,32109,1,1
32107,32108,32109,1,1
32107,32108,32109,1,1
32107,32108,32109,1,1
32107,32108,32109,1,1
32107,32108,32109,1,1
32107,32108,32110,2,1
32107,32108,32110,2,1
32107,32108,32110,2,1
32107,32108,32110,2,1
32107,32108,32114,6,1
32107,32108,32114,6,1
32107,32108,32114,6,1
32107,32108,32115,7,1
32103,32104,32114,10,1
32103,32104,32114,10,1
32103,32103,32120,17,0
32103,32104,32120,16,1
32103,32104,32120,16,1
32107,32108,32123,15,1
32107,32108,32125,17,1
32103,32104,32115,11,1
32103,32104,32130,26,1
32107,32108,32130,22,1
31972,31972,32135,163,0
32103,32103,32136,33,0
32103,32103,32136,33,0
32103,32103,32136,33,0
32137,32137,32138,1,0
32137,32137,32139,2,0
32137,32137,32139,2,0
32137,32137,32139,2,0
32137,32137,32139,2,0
32137,32137,32139,2,0
32137,32137,32138,1,0
32137,32137,32139,2,0
32137,32137,32139,2,0
32137,32137,32139,2,0
32137,32137,32139,2,0
32137,32137,32139,2,0
32137,32137,32139,2,0
32137,32137,32139,2,0
32137,32137,32139,2,0
32137,32137,32139,2,0
32137,32137,32139,2,0
32137,32137,32139,2,0
32137,32137,32139,2,0
32137,32137,32139,2,0
32137,32137,32139,2,0
32137,32137,32139,2,0
32137,32137,32139,2,0
32137,32137,32139,2,0
32137,32137,32139,2,0
32137,32137,32139,2,0
32137,32137,32139,2,0
32137,32137,32139,2,0
32103,32104,32128,24,1
32107,32108,32128,20,1
31727,31727,32150,423,0
32151,32151,32153,2,0
32151,32151,32153,2,0
32151,32151,32153,2,0
32151,32151,32153,2,0
32151,32151,32153,2,0
32151,32151,32153,2,0
32151,32151,32153,2,0
32151,32151,32153,2,0
32151,32151,32153,2,0
32151,32151,32153,2,0
32151,32151,32153,2,0
32151,32151,32153,2,0
32151,32151,32153,2,0
32151,32151,32152,1,0
32151,32151,32153,2,0
32151,32151,32153,2,0
32151,32151,32153,2,0
32151,32151,32153,2,0
32151,32151,32153,2,0
32151,32151,32153,2,0
32151,32151,32153,2,0
32151,32151,32153,2,0
32151,32151,32153,2,0
32151,32151,32153,2,0
32151,32151,32153,2,0
32151,32151,32153,2,0
32151,32151,32153,2,0
32151,32151,32153,2,0
32151,32151,32153,2,0
32151,32151,32153,2,0
31804,31804,32154,350,0
32020,32020,32155,135,0
32137,32137,32155,18,0
32137,32137,32155,18,0
32137,32137,32156,19,0
32038,32038,32156,118,0
32137,32137,32156,19,0
32137,32137,32156,19,0
32156,32156,32157,1,0
32156,32156,32157,1,0
32156,32156,32157,1,0
32156,32156,32157,1,0
32156,32156,32157,1,0
32156,32156,32157,1,0
32156,32156,32157,1,0
32156,32156,32157,1,0
32137,32142,32158,16,5
32137,32142,32157,15,5
32151,32151,32157,6,0
32151,32151,32158,7,0
32156,32156,32157,1,0
32156,32156,32158,2,0
32156,32156,32157,1,0
32156,32156,32157,1,0
32156,32156,32158,2,0
32156,32156,32157,1,0
32156,32156,32157,1,0
32156,32156,32157,1,0
32156,32156,32157,1,0
32156,32156,32157,1,0
32156,32156,32157,1,0
32156,32156,32157,1,0
32156,32156,32157,1,0
32156,32156,32157,1,0
32156,32156,32158,2,0
32156,32156,32158,2,0
32156,32156,32158,2,0
32156,32156,32157,1,0
32156,32156,32158,2,0
32156,32156,32157,1,0
32156,32156,32158,2,0
32156,32156,32158,2,0
32156,32156,32157,1,0
32156,32156,32158,2,0
32156,32156,32158,2,0
32156,32156,32158,2,0
32156,32156,32158,2,0
32156,32156,32157,1,0
32156,32156,32157,1,0
32156,32156,32157,1,0
32156,32156,32157,1,0
32156,32156,32157,1,0
32156,32156,32157,1,0
32137,32142,32158,16,5
32156,32157,32158,1,1
32031,32032,32159,127,1
32156,32156,32158,2,0
32156,32156,32158,2,0
32156,32157,32159,2,1
32156,32157,32158,1,1
32156,32157,32159,2,1
32156,32157,32159,2,1
32156,32157,32159,2,1
32156,32157,32158,1,1
32156,32157,32158,1,1
32156,32157,32159,2,1
32156,32157,32159,2,1
32156,32157,32159,2,1
32156,32158,32159,1,2
32156,32158,32159,1,2
32156,32158,32159,1,2
32156,32158,32159,1,2
32156,32158,32159,1,2
32156,32158,32159,1,2
32156,32158,32160,2,2
32156,32158,32159,1,2
32156,32158,32160,2,2
32156,32158,32159,1,2
32156,32158,32160,2,2
32156,32158,32160,2,2
32156,32158,32159,1,2
32156,32158,32159,1,2
32156,32158,32159,1,2
32156,32158,32159,1,2
32156,32158,32160,2,2
32156,32158,32160,2,2
32156,32158,32160,2,2
32156,32158,32159,1,2
32156,32158,32159,1,2
32156,32158,32160,2,2
32156,32158,32160,2,2
32156,32158,32160,2,2
32156,32158,32160,2,2
32156,32158,32160,2,2
32161,32161,32162,1,0
32161,32161,32163,2,0
32161,32161,32163,2,0
32161,32161,32163,2,0
32161,32161,32162,1,0
32161,32161,32163,2,0
32161,32161,32162,1,0
32161,32161,32162,1,0
32161,32161,32162,1,0
32161,32161,32162,1,0
32161,32161,32162,1,0
32161,32161,32163,2,0
32161,32161,32163,2,0
32161,32161,32162,1,0
32161,32161,32162,1,0
32161,32161,32163,2,0
32161,32161,32163,2,0
32161,32161,32163,2,0
32161,32161,32163,2,0
32161,32161,32163,2,0
32161,32161,32163,2,0
32161,32161,32163,2,0
32161,32161,32163,2,0
32161,32161,32163,2,0
32161,32161,32163,2,0
32161,32161,32163,2,0
32161,32161,32163,2,0
32161,32161,32163,2,0
32161,32161,32163,2,0
32161,32161,32163,2,0
32161,32161,32163,2,0
32161,32161,32163,2,0
32161,32161,32163,2,0
32161,32161,32163,2,0
32161,32161,32163,2,0
32161,32161,32163,2,0
32161,32161,32163,2,0
32161,32161,32163,2,0
32161,32161,32163,2,0
32161,32161,32163,2,0
32151,32169,32170,1,18
32151,32169,32170,1,18
32151,32169,32170,1,18
32151,32169,32170,1,18
32151,32169,32171,2,18
32151,32169,32170,1,18
32151,32169,32170,1,18
32174,32174,32176,2,0
32174,32174,32176,2,0
32174,32175,32176,1,1
32174,32174,32176,2,0
32174,32174,32176,2,0
32174,32175,32176,1,1
32174,32175,32176,1,1
32174,32174,32176,2,0
32174,32174,32176,2,0
32174,32174,32176,2,0
32174,32175,32176,1,1
32174,32175,32176,1,1
32174,32175,32176,1,1
32174,32175,32176,1,1
32174,32175,32176,1,1
32174,32175,32176,1,1
32174,32175,32176,1,1
32174,32175,32176,1,1
32174,32174,32176,2,0
32174,32174,32176,2,0
32174,32175,32176,1,1
32174,32175,32176,1,1
32174,32175,32176,1,1
32174,32175,32176,1,1
32174,32175,32176,1,1
32044,32044,32177,133,0
32174,32174,32176,2,0
32174,32175,32176,1,1
32174,32175,32176,1,1
32174,32175,32176,1,1
32174,32176,32177,1,2
32174,32176,32177,1,2
32174,32176,32177,1,2
32174,32176,32177,1,2
32174,32176,32177,1,2
32174,32176,32177,1,2
32174,32175,32177,2,1
32174,32175,32177,2,1
32009,32013,32181,168,4
32182,32182,32183,1,0
32174,32174,32183,9,0
32174,32174,32184,10,0
32182,32182,32184,2,0
32182,32182,32184,2,0
32182,32182,32183,1,0
32182,32182,32183,1,0
32182,32182,32183,1,0
32182,32182,32183,1,0
32182,32182,32183,1,0
32182,32182,32184,2,0
32182,32182,32183,1,0
32182,32182,32183,1,0
32182,32182,32183,1,0
32182,32182,32183,1,0
32182,32182,32183,1,0
32182,32182,32183,1,0
32182,32182,32184,2,0
32182,32182,32183,1,0
32182,32182,32184,2,0
32182,32182,32183,1,0
32182,32182,32183,1,0
32182,32182,32183,1,0
32182,32182,32184,2,0
32182,32182,32183,1,0
32182,32182,32183,1,0
32182,32182,32183,1,0
32182,32182,32183,1,0
32182,32182,32183,1,0
32182,32182,32184,2,0
32182,32182,32184,2,0
32182,32182,32184,2,0
32182,32182,32184,2,0
32183,32183,32185,2,0
32183,32183,32185,2,0
32183,32183,32185,2,0
32183,32183,32185,2,0
32183,32183,32185,2,0
32183,32183,32184,1,0
32183,32183,32185,2,0
32183,32183,32185,2,0
32183,32184,32185,1,1
32183,32183,32185,2,0
32183,32183,32185,2,0
32183,32183,32185,2,0
32183,32183,32185,2,0
32183,32184,32185,1,1
32183,32183,32185,2,0
32183,32183,32185,2,0
32183,32183,32185,2,0
32183,32184,32185,1,1
32183,32184,32186,2,1
32183,32184,32186,2,1
32183,32184,32185,1,1
32183,32184,32185,1,1
32183,32184,32185,1,1
32183,32184,32185,1,1
32183,32184,32185,1,1
32183,32184,32185,1,1
32183,32184,32185,1,1
32183,32184,32185,1,1
32183,32184,32186,2,1
32183,32184,32186,2,1
32183,32184,32186,2,1
32183,32184,32186,2,1
32183,32184,32186,2,1
32183,32184,32186,2,1
32183,32184,32186,2,1
32183,32184,32186,2,1
32183,32184,32186,2,1
32183,32184,32186,2,1
32137,32137,32188,51,0
32137,32137,32189,52,0
31935,31936,32191,255,1
32000,32000,32193,193,0
32151,32151,32193,42,0
32137,32137,32194,57,0
32137,32137,32193,56,0
32193,32193,32194,1,0
32193,32193,32194,1,0
32193,32193,32194,1,0
32193,32193,32195,2,0
32193,32193,32195,2,0
32193,32193,32195,2,0
32193,32193,32194,1,0
32193,32193,32195,2,0
32193,32193,32194,1,0
32193,32193,32194,1,0
32193,32193,32195,2,0
32193,32193,32195,2,0
32193,32193,32194,1,0
32193,32193,32194,1,0
32193,32193,32194,1,0
32193,32193,32194,1,0
32193,32193,32194,1,0
32193,32193,32194,1,0
32193,32193,32194,1,0
32193,32193,32194,1,0
32193,32193,32194,1,0
32193,32193,32195,2,0
32193,32193,32194,1,0
32193,32193,32194,1,0
32193,32193,32195,2,0
32193,32193,32195,2,0
32193,32193,32195,2,0
32193,32193,32194,1,0
32193,32193,32194,1,0
32193,32193,32194,1,0
32193,32193,32194,1,0
32193,32193,32194,1,0
32193,32193,32195,2,0
32193,32193,32195,2,0
32193,32193,32195,2,0
32174,32175,32195,20,1
32183,32184,32195,11,1
32182,32182,32196,14,0
32061,32061,32197,136,0
31881,31881,32201,320,0
32182,32182,32200,18,0
32204,32204,32205,1,0
32204,32204,32205,1,0
32204,32204,32205,1,0
32204,32204,32205,1,0
32204,32204,32205,1,0
32204,32204,32205,1,0
32204,32204,32205,1,0
32204,32204,32205,1,0
32204,32204,32205,1,0
32204,32204,32205,1,0
32204,32204,32205,1,0
32204,32204,32206,2,0
32204,32204,32206,2,0
32204,32204,32205,1,0
32204,32204,32205,1,0
32204,32204,32205,1,0
32204,32204,32205,1,0
32204,32204,32205,1,0
32204,32204,32205,1,0
32204,32204,32206,2,0
32204,32204,32206,2,0
32204,32204,32206,2,0
32204,32204,32205,1,0
32204,32204,32205,1,0
32204,32204,32206,2,0
32204,32204,32205,1,0
32204,32204,32205,1,0
32204,32204,32206,2,0
32204,32204,32206,2,0
32204,32204,32206,2,0
32204,32204,32205,1,0
32204,32204,32206,2,0
32204,32204,32206,2,0
32204,32204,32206,2,0
32204,32204,32206,2,0
32204,32204,32205,1,0
32204,32204,32206,2,0
32204,32204,32206,2,0
32204,32204,32206,2,0
32204,32204,32206,2,0
32204,32204,32206,2,0
32182,32205,32206,1,23
32182,32205,32206,1,23
32182,32205,32206,1,23
32182,32205,32206,1,23
32182,32205,32206,1,23
32182,32205,32206,1,23
32182,32205,32206,1,23
32204,32205,32207,2,1
32204,32206,32207,1,2
32204,32205,32206,1,1
32204,32205,32207,2,1
32204,32206,32207,1,2
32204,32205,32207,2,1
32204,32205,32207,2,1
32204,32205,32207,2,1
32204,32205,32207,2,1
32204,32206,32207,1,2
32204,32206,32207,1,2
32204,32206,32207,1,2
32204,32206,32207,1,2
32204,32206,32207,1,2
32204,32206,32207,1,2
32204,32206,32207,1,2
32204,32206,32208,2,2
32204,32206,32208,2,2
32204,32206,32207,1,2
32204,32206,32208,2,2
32204,32206,32208,2,2
32204,32206,32208,2,2
32204,32206,32208,2,2
32204,32206,32208,2,2
32204,32206,32208,2,2
32204,32206,32208,2,2
32204,32207,32208,1,3
32204,32205,32208,3,1
32204,32205,32208,3,1
32204,32205,32212,7,1
32193,32195,32212,17,2
32193,32195,32212,17,2
32193,32195,32213,18,2
32204,32205,32214,9,1
32204,32205,32214,9,1
32215,32215,32216,1,0
32215,32215,32216,1,0
32215,32215,32216,1,0
32215,32215,32217,2,0
32215,32215,32216,1,0
32215,32215,32216,1,0
32215,32215,32216,1,0
32215,32215,32216,1,0
32215,32215,32216,1,0
32215,32215,32216,1,0
32215,32215,32216,1,0
32215,32215,32216,1,0
32215,32215,32216,1,0
32215,32215,32216,1,0
32215,32215,32216,1,0
32215,32215,32216,1,0
32215,32215,32217,2,0
32215,32215,32217,2,0
32215,32215,32217,2,0
32215,32215,32216,1,0
32215,32215,32217,2,0
32215,32215,32216,1,0
32215,32215,32216,1,0
32215,32215,32217,2,0
32215,32215,32216,1,0
32215,32215,32217,2,0
32215,32215,32216,1,0
32215,32215,32216,1,0
32215,32215,32216,1,0
32215,32215,32216,1,0
32215,32215,32217,2,0
32215,32215,32217,2,0
32193,32195,32221,26,2
32193,32195,32221,26,2
32104,32104,32222,118,0
32183,32184,32208,24,1
32215,32215,32226,11,0
32204,32224,32226,2,20
32215,32215,32228,13,0
32204,32224,32228,4,20
32215,32215,32228,13,0
32228,32228,32230,2,0
32228,32228,32230,2,0
32228,32228,32230,2,0
32228,32228,32230,2,0
32228,32228,32230,2,0
32228,32228,32229,1,0
32228,32228,32229,1,0
32228,32228,32230,2,0
32228,32228,32230,2,0
32228,32228,32230,2,0
32228,32228,32229,1,0
32228,32228,32230,2,0
32228,32228,32229,1,0
32228,32228,32230,2,0
32228,32228,32230,2,0
32228,32228,32230,2,0
32228,32228,32230,2,0
32228,32228,32230,2,0
32228,32228,32230,2,0
32228,32228,32230,2,0
32228,32228,32229,1,0
32228,32228,32229,1,0
32228,32228,32230,2,0
32228,32228,32230,2,0
32228,32228,32230,2,0
32228,32228,32230,2,0
32228,32228,32229,1,0
32215,32216,32230,14,1
32228,32228,32230,2,0
32228,32228,32230,2,0
32228,32228,32230,2,0
31911,31911,32232,321,0
32215,32216,32232,16,1
32215,32216,32232,16,1
32228,32228,32233,5,0
32233,32233,32234,1,0
32233,32233,32234,1,0
32215,32216,32233,17,1
32215,32216,32233,17,1
32233,32233,32235,2,0
32233,32233,32235,2,0
32233,32233,32234,1,0
32233,32233,32234,1,0
32233,32233,32234,1,0
32233,32233,32234,1,0
32233,32233,32234,1,0
32233,32233,32234,1,0
32233,32233,32235,2,0
32233,32233,32235,2,0
32233,32233,32235,2,0
32233,32233,32234,1,0
32233,32233,32235,2,0
32233,32233,32235,2,0
32233,32233,32235,2,0
32233,32233,32235,2,0
32233,32233,32235,2,0
32233,32233,32235,2,0
32233,32233,32235,2,0
32233,32233,32235,2,0
32233,32233,32234,1,0
32233,32233,32235,2,0
32233,32233,32234,1,0
32233,32233,32234,1,0
32233,32233,32234,1,0
32233,32233,32234,1,0
32233,32233,32234,1,0
32204,32224,32236,12,20
32233,32233,32236,3,0
32204,32224,32236,12,20
32228,32228,32236,8,0
31956,31956,32238,282,0
32241,32241,32242,1,0
32241,32241,32242,1,0
32241,32241,32242,1,0
32241,32241,32242,1,0
32241,32241,32242,1,0
32241,32241,32243,2,0
32241,32241,32242,1,0
32241,32241,32242,1,0
32241,32241,32243,2,0
32241,32241,32243,2,0
32241,32241,32243,2,0
32241,32241,32242,1,0
32241,32241,32242,1,0
32241,32241,32242,1,0
32241,32241,32242,1,0
32241,32241,32243,2,0
32241,32241,32243,2,0
32241,32241,32243,2,0
32241,32241,32243,2,0
32241,32241,32243,2,0
32241,32241,32243,2,0
32241,32241,32243,2,0
32241,32241,32243,2,0
32241,32241,32243,2,0
32241,32241,32243,2,0
32241,32241,32243,2,0
32241,32241,32243,2,0
32228,32251,32252,1,23
32228,32251,32253,2,23
32228,32251,32253,2,23
32228,32251,32253,2,23
32228,32251,32253,2,23
32233,32251,32253,2,18
32233,32251,32253,2,18
32241,32241,32257,16,0
32241,32241,32257,16,0
32241,32241,32258,17,0
32241,32241,32258,17,0
32241,32260,32261,1,19
32241,32260,32261,1,19
32241,32260,32261,1,19
32241,32260,32261,1,19
32241,32260,32261,1,19
32241,32260,32261,1,19
32233,32233,32242,9,0
32241,32266,32267,1,25
32233,32234,32270,36,1
32228,32228,32271,43,0
32233,32234,32270,36,1
32233,32234,32271,37,1
32241,32263,32271,8,22
32228,32228,32271,43,0
32233,32234,32272,38,1
32233,32234,32272,38,1
32233,32234,32271,37,1
32138,32138,32271,133,0
32233,32233,32273,40,0
32273,32273,32274,1,0
32273,32273,32275,2,0
32273,32273,32275,2,0
32273,32273,32275,2,0
32273,32274,32275,1,1
32273,32273,32275,2,0
32273,32273,32275,2,0
32273,32273,32275,2,0
32273,32273,32275,2,0
32273,32273,32275,2,0
32273,32273,32275,2,0
32273,32273,32275,2,0
32273,32273,32275,2,0
32273,32273,32275,2,0
32273,32273,32275,2,0
32273,32273,32275,2,0
32273,32273,32275,2,0
32273,32273,32275,2,0
32273,32273,32275,2,0
32273,32273,32275,2,0
32273,32273,32275,2,0
32273,32273,32275,2,0
32273,32273,32275,2,0
32273,32273,32275,2,0
32273,32273,32275,2,0
32273,32273,32275,2,0
32273,32273,32275,2,0
32273,32273,32275,2,0
32273,32273,32275,2,0
32273,32274,32276,2,1
32273,32274,32276,2,1
32273,32273,32276,3,0
32273,32273,32277,4,0
32273,32274,32277,3,1
32241,32266,32277,11,25
32273,32273,32278,5,0
32273,32273,32278,5,0
32273,32273,32279,6,0
32273,32273,32280,7,0
32067,32069,32284,215,2
32286,32286,32287,1,0
32286,32286,32288,2,0
32286,32286,32288,2,0
32286,32286,32288,2,0
32286,32286,32287,1,0
32286,32286,32288,2,0
32286,32286,32288,2,0
32286,32286,32288,2,0
32286,32286,32287,1,0
32286,32286,32288,2,0
32286,32286,32287,1,0
32286,32286,32288,2,0
32286,32286,32288,2,0
32286,32286,32287,1,0
32286,32286,32288,2,0
32286,32286,32288,2,0
32286,32286,32288,2,0
32286,32286,32287,1,0
32286,32286,32287,1,0
32286,32286,32288,2,0
32286,32286,32288,2,0
32286,32286,32288,2,0
32286,32286,32288,2,0
32286,32286,32288,2,0
32286,32286,32287,1,0
32286,32286,32288,2,0
32286,32286,32288,2,0
32286,32286,32288,2,0
32273,32273,32290,17,0
32273,32273,32289,16,0
32286,32286,32289,3,0
32286,32286,32289,3,0
32286,32286,32291,5,0
32286,32286,32290,4,0
32286,32286,32290,4,0
31995,31999,32293,294,4
32228,32228,32295,67,0
32286,32286,32295,9,0
32295,32295,32297,2,0
32295,32295,32297,2,0
32295,32295,32297,2,0
32295,32295,32297,2,0
32295,32295,32297,2,0
32295,32295,32297,2,0
32295,32295,32297,2,0
32295,32295,32297,2,0
32295,32295,32297,2,0
32295,32295,32297,2,0
32295,32295,32297,2,0
32295,32295,32297,2,0
32295,32295,32297,2,0
32295,32295,32297,2,0
32295,32295,32297,2,0
32295,32295,32297,2,0
32295,32295,32297,2,0
32295,32295,32297,2,0
32295,32295,32297,2,0
32295,32295,32297,2,0
32295,32295,32297,2,0
32295,32295,32297,2,0
32295,32295,32297,2,0
32295,32295,32297,2,0
32295,32295,32297,2,0
32295,32295,32297,2,0
32295,32295,32297,2,0
32295,32295,32298,3,0
32295,32295,32298,3,0
32295,32295,32299,4,0
32295,32295,32299,4,0
32295,32295,32299,4,0
32295,32295,32300,5,0
32286,32286,32303,17,0
32295,32295,32303,8,0
32295,32295,32307,12,0
31997,31999,32308,309,2
32286,32307,32308,1,21
32286,32307,32308,1,21
32286,32307,32308,1,21
32286,32307,32308,1,21
32295,32307,32308,1,12
32295,32307,32308,1,12
32295,32307,32308,1,12
32309,32310,32311,1,1
32309,32310,32311,1,1
32309,32310,32311,1,1
32309,32310,32311,1,1
32309,32310,32311,1,1
32309,32310,32311,1,1
32309,32310,32312,2,1
32309,32310,32311,1,1
32309,32310,32312,2,1
32309,32310,32311,1,1
32309,32310,32311,1,1
32309,32310,32311,1,1
32309,32310,32311,1,1
32309,32310,32311,1,1
32309,32310,32311,1,1
32309,32310,32311,1,1
32309,32310,32311,1,1
32309,32310,32311,1,1
32309,32310,32311,1,1
32309,32310,32311,1,1
32309,32310,32311,1,1
32309,32310,32311,1,1
32309,32310,32311,1,1
32309,32310,32311,1,1
32309,32310,32312,2,1
32309,32310,32311,1,1
32309,32310,32311,1,1
32309,32310,32311,1,1
32309,32310,32311,1,1
32309,32310,32312,2,1
32309,32310,32317,7,1
32309,32310,32324,14,1
32309,32310,32325,15,1
32184,32184,32325,141,0
32309,32310,32325,15,1
32309,32310,32325,15,1
32309,32310,32325,15,1
32152,32152,32328,176,0
32161,32162,32328,166,1
32295,32295,32313,18,0
32327,32327,32329,2,0
32327,32327,32329,2,0
32327,32327,32329,2,0
32327,32327,32328,1,0
32327,32327,32329,2,0
32327,32327,32329,2,0
32327,32327,32329,2,0
32327,32327,32329,2,0
32327,32328,32329,1,1
32327,32328,32329,1,1
32327,32328,32330,2,1
32327,32328,32329,1,1
32327,32328,32329,1,1
32327,32328,32329,1,1
32309,32328,32329,1,19
32309,32328,32329,1,19
32327,32328,32330,2,1
32327,32327,32329,2,0
32327,32327,32329,2,0
32327,32327,32329,2,0
32327,32327,32329,2,0
32327,32327,32329,2,0
32195,32195,32329,134,0
32327,32327,32329,2,0
32327,32327,32329,2,0
32327,32327,32329,2,0
32329,32329,32330,1,0
32327,32327,32329,2,0
32327,32327,32329,2,0
32327,32327,32329,2,0
32327,32327,32329,2,0
32327,32327,32329,2,0
32327,32327,32329,2,0
32327,32327,32329,2,0
32327,32327,32330,3,0
32329,32329,32330,1,0
32329,32329,32330,1,0
32329,32329,32330,1,0
32329,32329,32330,1,0
32329,32329,32330,1,0
32329,32329,32330,1,0
32329,32329,32330,1,0
32329,32329,32330,1,0
32329,32329,32330,1,0
32329,32329,32330,1,0
32329,32329,32330,1,0
32329,32329,32330,1,0
32329,32329,32330,1,0
32329,32329,32330,1,0
32329,32329,32330,1,0
32329,32329,32330,1,0
32329,32329,32330,1,0
32329,32329,32330,1,0
32329,32329,32330,1,0
32329,32329,32330,1,0
32329,32329,32330,1,0
32329,32329,32330,1,0
32329,32330,32332,2,1
32329,32330,32331,1,1
32329,32330,32331,1,1
32329,32330,32331,1,1
32329,32330,32331,1,1
32329,32330,32331,1,1
32329,32330,32331,1,1
32329,32330,32331,1,1
32329,32330,32331,1,1
32329,32330,32331,1,1
32329,32330,32331,1,1
32329,32330,32331,1,1
32329,32330,32331,1,1
32329,32330,32331,1,1
32329,32330,32332,2,1
32329,32330,32332,2,1
32329,32330,32331,1,1
32329,32330,32331,1,1
32329,32330,32332,2,1
32329,32330,32332,2,1
32329,32330,32331,1,1
32327,32327,32333,6,0
32329,32330,32332,2,1
32329,32330,32332,2,1
32329,32330,32332,2,1
32329,32330,32332,2,1
32329,32330,32332,2,1
32329,32331,32332,1,2
32329,32331,32332,1,2
32329,32331,32332,1,2
32329,32332,32333,1,3
32329,32332,32333,1,3
32329,32332,32333,1,3
32329,32331,32332,1,2
32329,32331,32332,1,2
32329,32331,32332,1,2
32329,32332,32333,1,3
32329,32332,32333,1,3
32329,32332,32333,1,3
32329,32331,32332,1,2
32329,32331,32332,1,2
32329,32331,32333,2,2
32329,32331,32332,1,2
32329,32331,32333,2,2
32286,32286,32310,24,0
32295,32295,32308,13,0
32329,32331,32333,2,2
32329,32331,32333,2,2
32329,32331,32333,2,2
32329,32331,32332,1,2
32329,32331,32333,2,2
32329,32331,32332,1,2
32329,32331,32332,1,2
32329,32331,32332,1,2
32329,32331,32332,1,2
32329,32331,32333,2,2
32329,32331,32333,2,2
32327,32328,32333,5,1
32327,32327,32333,6,0
32329,32332,32333,1,3
32331,32332,32333,1,1
32331,32332,32333,1,1
32331,32332,32333,1,1
32331,32332,32334,2,1
32331,32332,32334,2,1
32331,32333,32334,1,2
32331,32332,32334,2,1
32331,32332,32334,2,1
32331,32332,32333,1,1
32331,32332,32333,1,1
32331,32332,32333,1,1
32331,32332,32334,2,1
32076,32076,32333,257,0
32176,32176,32333,157,0
32309,32333,32334,1,24
32331,32332,32333,1,1
32331,32332,32334,2,1
32327,32328,32334,6,1
32331,32333,32335,2,2
32331,32333,32335,2,2
32331,32333,32335,2,2
32331,32333,32335,2,2
32331,32333,32334,1,2
32331,32333,32334,1,2
32331,32333,32334,1,2
32331,32333,32334,1,2
32331,32333,32334,1,2
32331,32333,32335,2,2
32331,32333,32335,2,2
32331,32333,32334,1,2
32331,32333,32334,1,2
32309,32333,32335,2,24
32331,32333,32335,2,2
32331,32333,32335,2,2
32331,32333,32335,2,2
32331,32333,32335,2,2
32331,32333,32334,1,2
32331,32333,32334,1,2
32331,32333,32335,2,2
32331,32333,32335,2,2
32331,32333,32335,2,2
32331,32333,32335,2,2
32331,32333,32335,2,2
32327,32328,32335,7,1
32327,32328,32335,7,1
32327,32328,32335,7,1
32327,32328,32335,7,1
32327,32327,32335,8,0
32329,32329,32335,6,0
32329,32331,32336,5,2
32331,32333,32335,2,2
32331,32333,32337,4,2
32109,32110,32339,229,1
32205,32207,32345,138,2
32353,32353,32354,1,0
32353,32353,32355,2,0
32353,32353,32355,2,0
32353,32353,32355,2,0
32353,32353,32355,2,0
32353,32353,32355,2,0
32353,32353,32355,2,0
32353,32353,32355,2,0
32353,32353,32355,2,0
32353,32353,32355,2,0
32353,32353,32355,2,0
32353,32353,32355,2,0
32353,32353,32355,2,0
32353,32353,32355,2,0
32353,32353,32355,2,0
32353,32353,32355,2,0
32353,32353,32355,2,0
32353,32353,32355,2,0
32353,32354,32355,1,1
32353,32353,32355,2,0
32353,32353,32355,2,0
32353,32353,32355,2,0
32353,32353,32355,2,0
32353,32353,32355,2,0
32353,32353,32355,2,0
32353,32353,32355,2,0
32353,32353,32355,2,0
32353,32353,32355,2,0
32353,32353,32355,2,0
32353,32353,32355,2,0
32353,32353,32355,2,0
32353,32353,32355,2,0
32353,32353,32355,2,0
32353,32353,32355,2,0
32353,32353,32355,2,0
32353,32353,32355,2,0
32353,32353,32355,2,0
32353,32353,32355,2,0
32353,32353,32355,2,0
32353,32353,32356,3,0
32353,32353,32356,3,0
32353,32353,32355,2,0
32353,32353,32355,2,0
32353,32353,32355,2,0
32353,32353,32355,2,0
32353,32353,32355,2,0
32353,32353,32356,3,0
32353,32353,32356,3,0
32353,32356,32357,1,3
32353,32353,32356,3,0
32353,32353,32356,3,0
32353,32353,32356,3,0
32353,32353,32356,3,0
32353,32355,32356,1,2
32353,32355,32357,2,2
32353,32355,32357,2,2
32353,32355,32357,2,2
32353,32355,32357,2,2
32353,32356,32357,1,3
32353,32356,32357,1,3
32353,32356,32357,1,3
32353,32356,32357,1,3
32353,32356,32357,1,3
32353,32356,32357,1,3
32353,32357,32358,1,4
32353,32356,32357,1,3
32353,32356,32357,1,3
32353,32356,32358,2,3
32353,32356,32357,1,3
32353,32356,32357,1,3
32353,32356,32357,1,3
32353,32356,32357,1,3
32353,32356,32358,2,3
32353,32356,32357,1,3
32353,32356,32357,1,3
32353,32356,32357,1,3
32353,32356,32357,1,3
32353,32356,32357,1,3
32353,32356,32357,1,3
32353,32356,32357,1,3
32353,32356,32358,2,3
32353,32356,32358,2,3
32353,32356,32357,1,3
32353,32356,32357,1,3
32353,32356,32357,1,3
32353,32356,32357,1,3
32353,32356,32357,1,3
32353,32356,32357,1,3
32353,32356,32357,1,3
32353,32356,32358,2,3
32353,32353,32357,4,0
32353,32356,32357,1,3
32353,32356,32358,2,3
32353,32356,32357,1,3
32353,32357,32358,1,4
32353,32356,32357,1,3
32353,32356,32357,1,3
32353,32356,32357,1,3
32353,32356,32357,1,3
32353,32356,32357,1,3
32353,32357,32358,1,4
32353,32357,32358,1,4
32353,32358,32359,1,5
32353,32356,32358,2,3
32353,32357,32358,1,4
32353,32357,32358,1,4
32353,32357,32358,1,4
32353,32357,32358,1,4
32353,32353,32359,6,0
32353,32358,32359,1,5
32353,32353,32360,7,0
32353,32353,32359,6,0
32353,32353,32359,6,0
32353,32354,32360,6,1
32221,32221,32361,140,0
32368,32368,32370,2,0
32368,32368,32370,2,0
32368,32368,32370,2,0
32368,32368,32370,2,0
32368,32368,32370,2,0
32368,32368,32370,2,0
32368,32368,32370,2,0
32368,32368,32370,2,0
32368,32368,32370,2,0
32368,32368,32370,2,0
32368,32368,32370,2,0
32368,32368,32370,2,0
32368,32368,32370,2,0
32368,32368,32370,2,0
32368,32368,32370,2,0
32368,32368,32370,2,0
32368,32368,32370,2,0
32368,32368,32370,2,0
32368,32368,32370,2,0
32368,32368,32370,2,0
32368,32368,32370,2,0
32368,32368,32370,2,0
32368,32368,32370,2,0
32368,32368,32370,2,0
32368,32369,32370,1,1
32368,32368,32370,2,0
32368,32368,32370,2,0
32368,32368,32370,2,0
32368,32369,32370,1,1
32368,32369,32370,1,1
32368,32369,32371,2,1
32368,32369,32370,1,1
32368,32369,32370,1,1
32368,32369,32371,2,1
32368,32369,32371,2,1
32368,32369,32371,2,1
32368,32368,32370,2,0
32368,32369,32370,1,1
32368,32369,32370,1,1
32368,32369,32371,2,1
32368,32369,32371,2,1
32368,32368,32370,2,0
32368,32368,32370,2,0
32368,32368,32370,2,0
32368,32368,32371,3,0
32368,32369,32371,2,1
32368,32369,32371,2,1
32368,32368,32371,3,0
32368,32368,32371,3,0
32368,32368,32371,3,0
32368,32369,32371,2,1
32368,32369,32371,2,1
32368,32370,32371,1,2
32368,32370,32371,1,2
32368,32370,32371,1,2
32368,32370,32371,1,2
32368,32371,32372,1,3
32368,32371,32372,1,3
32368,32371,32372,1,3
32368,32371,32372,1,3
32368,32370,32372,2,2
32368,32371,32372,1,3
32368,32371,32372,1,3
32368,32371,32372,1,3
32368,32371,32372,1,3
32368,32368,32373,5,0
32368,32371,32372,1,3
32368,32371,32372,1,3
32368,32368,32375,7,0
32368,32368,32374,6,0
32368,32368,32374,6,0
32368,32369,32375,6,1
32368,32368,32375,7,0
32157,32158,32377,219,1
32353,32378,32379,1,25
32353,32378,32380,2,25
32353,32378,32379,1,25
32353,32378,32379,1,25
32353,32378,32380,2,25
32353,32378,32380,2,25
32383,32383,32384,1,0
32383,32383,32384,1,0
32383,32383,32384,1,0
32383,32383,32384,1,0
32383,32383,32384,1,0
32383,32383,32384,1,0
32383,32383,32384,1,0
32383,32383,32385,2,0
32383,32383,32384,1,0
32383,32383,32384,1,0
32383,32383,32384,1,0
32383,32383,32384,1,0
32383,32383,32385,2,0
32383,32383,32385,2,0
32383,32383,32385,2,0
32383,32383,32385,2,0
32383,32383,32384,1,0
32383,32383,32384,1,0
32383,32383,32385,2,0
32383,32383,32384,1,0
32383,32383,32384,1,0
32383,32383,32384,1,0
32383,32383,32384,1,0
32383,32383,32384,1,0
32383,32383,32384,1,0
32383,32383,32385,2,0
32383,32383,32385,2,0
32383,32383,32386,3,0
32383,32383,32385,2,0
32368,32395,32396,1,27
32368,32395,32396,1,27
32243,32243,32395,152,0
32368,32395,32396,1,27
32368,32395,32396,1,27
32368,32395,32396,1,27
32368,32395,32396,1,27
32368,32395,32396,1,27
32396,32396,32398,2,0
32396,32396,32398,2,0
32396,32396,32398,2,0
32396,32396,32398,2,0
32396,32396,32398,2,0
32396,32396,32398,2,0
32396,32396,32398,2,0
32396,32396,32398,2,0
32396,32396,32398,2,0
32396,32396,32398,2,0
32396,32396,32398,2,0
32396,32396,32398,2,0
32396,32397,32398,1,1
32396,32396,32398,2,0
32396,32396,32398,2,0
32396,32396,32398,2,0
32396,32396,32398,2,0
32396,32396,32398,2,0
32396,32397,32398,1,1
32396,32397,32398,1,1
32396,32396,32398,2,0
32396,32396,32399,3,0
32396,32396,32398,2,0
32396,32397,32398,1,1
32396,32397,32398,1,1
32396,32397,32398,1,1
32396,32397,32398,1,1
32396,32397,32398,1,1
32396,32396,32398,2,0
32396,32396,32398,2,0
32396,32397,32398,1,1
32396,32396,32399,3,0
32396,32396,32399,3,0
32396,32397,32399,2,1
32383,32400,32401,1,17
32383,32400,32402,2,17
32383,32400,32402,2,17
32383,32400,32401,1,17
32383,32400,32402,2,17
32383,32400,32401,1,17
32396,32400,32401,1,4
32383,32383,32404,21,0
32383,32383,32404,21,0
32383,32383,32404,21,0
32383,32383,32404,21,0
32383,32383,32405,22,0
32396,32397,32407,10,1
32396,32397,32411,14,1
32396,32397,32411,14,1
32274,32274,32415,141,0
32396,32397,32415,18,1
32215,32215,32422,207,0
32421,32421,32422,1,0
32421,32421,32423,2,0
32421,32421,32422,1,0
32421,32421,32423,2,0
32421,32421,32423,2,0
32421,32421,32423,2,0
32421,32421,32423,2,0
32421,32421,32423,2,0
32421,32421,32423,2,0
32421,32421,32423,2,0
32421,32421,32423,2,0
32421,32421,32423,2,0
32421,32421,32423,2,0
32421,32421,32423,2,0
32421,32421,32423,2,0
32421,32421,32423,2,0
32421,32421,32423,2,0
32421,32421,32423,2,0
32421,32421,32423,2,0
32421,32421,32423,2,0
32421,32421,32423,2,0
32421,32421,32423,2,0
32421,32421,32423,2,0
32421,32421,32423,2,0
32421,32421,32423,2,0
32421,32421,32423,2,0
32421,32421,32423,2,0
32421,32421,32423,2,0
32423,32423,32424,1,0
32423,32423,32424,1,0
32423,32423,32424,1,0
32423,32423,32424,1,0
32423,32423,32424,1,0
32423,32423,32424,1,0
32423,32423,32424,1,0
32423,32423,32424,1,0
32423,32423,32424,1,0
32423,32424,32425,1,1
32423,32424,32425,1,1
32423,32423,32424,1,0
32423,32423,32424,1,0
32423,32423,32424,1,0
32423,32423,32424,1,0
32423,32423,32424,1,0
32423,32423,32424,1,0
32423,32423,32424,1,0
32423,32423,32424,1,0
32423,32423,32424,1,0
32423,32423,32424,1,0
32423,32423,32424,1,0
32423,32423,32424,1,0
32423,32423,32424,1,0
32423,32423,32424,1,0
32423,32423,32424,1,0
32423,32423,32424,1,0
32423,32423,32424,1,0
32423,32424,32425,1,1
32423,32424,32425,1,1
32423,32424,32425,1,1
32423,32424,32425,1,1
32423,32424,32425,1,1
32423,32424,32425,1,1
32423,32424,32425,1,1
32423,32424,32425,1,1
32423,32424,32425,1,1
32423,32424,32425,1,1
32296,32296,32434,138,0
32421,32422,32435,13,1
32421,32422,32435,13,1
32421,32422,32435,13,1
32421,32422,32435,13,1
32436,32436,32438,2,0
32436,32436,32438,2,0
32436,32436,32437,1,0
32436,32436,32438,2,0
32436,32436,32438,2,0
32436,32436,32437,1,0
32436,32436,32437,1,0
32436,32436,32437,1,0
32436,32436,32437,1,0
32436,32436,32437,1,0
32436,32436,32437,1,0
32436,32436,32438,2,0
32436,32436,32437,1,0
32436,32436,32438,2,0
32436,32436,32437,1,0
32436,32436,32437,1,0
32436,32436,32438,2,0
32436,32436,32438,2,0
32436,32436,32438,2,0
32436,32436,32437,1,0
32436,32436,32437,1,0
32436,32436,32437,1,0
32436,32436,32438,2,0
32436,32436,32438,2,0
32436,32436,32438,2,0
32436,32436,32438,2,0
32436,32436,32437,1,0
32436,32436,32437,1,0
32436,32436,32438,2,0
32436,32436,32438,2,0
32436,32436,32438,2,0
32436,32436,32437,1,0
32436,32436,32437,1,0
32436,32436,32438,2,0
32436,32436,32438,2,0
32436,32436,32438,2,0
32436,32436,32438,2,0
32436,32436,32438,2,0
32436,32436,32438,2,0
32436,32436,32438,2,0
32421,32421,32440,19,0
32421,32421,32440,19,0
32421,32421,32441,20,0
32421,32421,32441,20,0
32186,32186,32446,260,0
32447,32447,32449,2,0
32447,32447,32449,2,0
32447,32447,32449,2,0
32447,32447,32449,2,0
32447,32447,32449,2,0
32447,32447,32449,2,0
32447,32447,32449,2,0
32447,32447,32449,2,0
32447,32447,32449,2,0
32447,32447,32449,2,0
32447,32448,32449,1,1
32447,32448,32449,1,1
32447,32448,32449,1,1
32447,32448,32449,1,1
32447,32447,32449,2,0
32447,32447,32449,2,0
32447,32447,32449,2,0
32447,32447,32449,2,0
32447,32447,32449,2,0
32447,32447,32449,2,0
32447,32447,32449,2,0
32447,32447,32449,2,0
32447,32447,32449,2,0
32447,32447,32449,2,0
32447,32447,32449,2,0
32447,32447,32449,2,0
32447,32447,32449,2,0
32447,32447,32449,2,0
32447,32447,32449,2,0
32447,32447,32450,3,0
32447,32447,32450,3,0
32287,32287,32449,162,0
32330,32332,32450,118,2
32447,32447,32451,4,0
32421,32450,32451,1,29
32421,32450,32451,1,29
32421,32450,32451,1,29
32423,32450,32451,1,27
32423,32450,32451,1,27
32234,32235,32452,217,1
32447,32447,32452,5,0
32456,32456,32458,2,0
32456,32456,32458,2,0
32456,32456,32458,2,0
32456,32456,32458,2,0
32456,32456,32458,2,0
32456,32456,32458,2,0
32456,32457,32458,1,1
32456,32457,32458,1,1
32456,32457,32458,1,1
32456,32457,32458,1,1
32456,32457,32458,1,1
32456,32457,32458,1,1
32456,32456,32458,2,0
32456,32456,32458,2,0
32456,32456,32458,2,0
32456,32456,32458,2,0
32456,32456,32458,2,0
32456,32457,32458,1,1
32456,32457,32458,1,1
32456,32456,32458,2,0
32456,32456,32458,2,0
32456,32456,32458,2,0
32456,32456,32458,2,0
32456,32456,32458,2,0
32456,32457,32458,1,1
32456,32457,32458,1,1
32456,32456,32458,2,0
32456,32456,32458,2,0
32456,32456,32458,2,0
32456,32456,32458,2,0
32456,32456,32458,2,0
32456,32456,32458,2,0
32456,32457,32458,1,1
32456,32457,32458,1,1
32456,32456,32458,2,0
32456,32456,32458,2,0
32456,32456,32458,2,0
32456,32456,32458,2,0
32456,32456,32458,2,0
32456,32457,32458,1,1
32456,32457,32458,1,1
32456,32456,32458,2,0
32456,32456,32458,2,0
32456,32456,32458,2,0
32456,32457,32458,1,1
32456,32457,32458,1,1
32456,32457,32458,1,1
32456,32457,32458,1,1
32456,32458,32459,1,2
32456,32456,32459,3,0
32456,32457,32458,1,1
32456,32458,32459,1,2
32456,32458,32459,1,2
32456,32458,32459,1,2
32456,32458,32460,2,2
32456,32458,32460,2,2
32456,32459,32460,1,3
32456,32459,32460,1,3
32456,32459,32460,1,3
32456,32459,32460,1,3
32456,32459,32460,1,3
32456,32459,32460,1,3
32456,32459,32460,1,3
32456,32459,32460,1,3
32456,32459,32460,1,3
32456,32459,32460,1,3
32456,32459,32460,1,3
32456,32459,32460,1,3
32456,32459,32460,1,3
32456,32459,32460,1,3
32331,32333,32462,129,2
32447,32447,32465,18,0
32447,32447,32465,18,0
32467,32467,32468,1,0
32467,32467,32469,2,0
32467,32467,32469,2,0
32467,32467,32469,2,0
32467,32467,32469,2,0
32467,32467,32468,1,0
32467,32467,32468,1,0
32467,32467,32469,2,0
32467,32467,32469,2,0
32467,32467,32469,2,0
32467,32467,32469,2,0
32467,32467,32469,2,0
32467,32467,32469,2,0
32467,32467,32468,1,0
32467,32467,32469,2,0
32467,32467,32468,1,0
32467,32467,32468,1,0
32467,32467,32469,2,0
32467,32467,32469,2,0
32467,32467,32468,1,0
32467,32467,32469,2,0
32467,32467,32468,1,0
32467,32467,32468,1,0
32467,32467,32468,1,0
32467,32467,32468,1,0
32467,32467,32468,1,0
32467,32467,32468,1,0
32467,32467,32469,2,0
32467,32467,32469,2,0
32467,32467,32469,2,0
32467,32467,32469,2,0
32467,32467,32469,2,0
32467,32467,32469,2,0
32467,32467,32468,1,0
32467,32467,32468,1,0
32467,32467,32468,1,0
32467,32467,32469,2,0
32467,32467,32469,2,0
32467,32467,32469,2,0
32467,32467,32468,1,0
32467,32467,32468,1,0
32467,32467,32468,1,0
32467,32467,32469,2,0
32467,32467,32469,2,0
32467,32467,32468,1,0
32467,32467,32468,1,0
32467,32467,32469,2,0
32467,32467,32468,1,0
32467,32467,32469,2,0
32467,32469,32470,1,2
32467,32467,32469,2,0
32467,32469,32470,1,2
32447,32447,32468,21,0
32467,32469,32470,1,2
32467,32469,32471,2,2
32467,32469,32470,1,2
32467,32469,32471,2,2
32467,32469,32470,1,2
32467,32469,32470,1,2
32467,32469,32470,1,2
32467,32469,32470,1,2
32467,32469,32470,1,2
32467,32469,32471,2,2
32467,32469,32471,2,2
32467,32469,32471,2,2
32467,32469,32471,2,2
32467,32469,32471,2,2
32467,32469,32470,1,2
32467,32469,32470,1,2
32467,32469,32470,1,2
32467,32469,32470,1,2
32467,32469,32470,1,2
32467,32469,32470,1,2
32467,32469,32470,1,2
32467,32469,32470,1,2
32467,32469,32471,2,2
32467,32469,32470,1,2
32467,32469,32470,1,2
32467,32469,32470,1,2
32447,32447,32473,26,0
32467,32467,32473,6,0
32447,32447,32473,26,0
32447,32447,32473,26,0
32447,32447,32473,26,0
32456,32456,32473,17,0
32456,32456,32473,17,0
32333,32333,32474,141,0
32477,32477,32478,1,0
32477,32477,32478,1,0
32477,32477,32478,1,0
32456,32456,32478,22,0
32477,32477,32478,1,0
32477,32477,32478,1,0
32477,32477,32478,1,0
32477,32477,32478,1,0
32477,32477,32478,1,0
32477,32477,32478,1,0
32477,32477,32478,1,0
32477,32477,32479,2,0
32477,32477,32478,1,0
32477,32477,32479,2,0
32477,32477,32478,1,0
32477,32477,32479,2,0
32477,32477,32479,2,0
32477,32477,32479,2,0
32477,32477,32479,2,0
32477,32477,32478,1,0
32477,32477,32479,2,0
32477,32477,32478,1,0
32477,32477,32479,2,0
32477,32477,32478,1,0
32477,32477,32478,1,0
32477,32477,32479,2,0
32477,32477,32478,1,0
32477,32477,32478,1,0
32477,32477,32478,1,0
32477,32477,32478,1,0
32477,32477,32478,1,0
32477,32477,32478,1,0
32477,32477,32478,1,0
32477,32477,32479,2,0
32477,32477,32479,2,0
32328,32328,32482,154,0
32477,32478,32483,5,1
32477,32478,32483,5,1
32477,32478,32483,5,1
32467,32467,32484,17,0
32484,32484,32485,1,0
32484,32484,32485,1,0
32484,32484,32485,1,0
32484,32485,32486,1,1
32484,32485,32486,1,1
32484,32485,32486,1,1
32484,32484,32485,1,0
32484,32484,32485,1,0
32484,32484,32485,1,0
32484,32484,32486,2,0
32484,32484,32486,2,0
32484,32484,32486,2,0
32484,32484,32486,2,0
32484,32484,32486,2,0
32484,32484,32486,2,0
32484,32484,32486,2,0
32484,32484,32486,2,0
32484,32484,32486,2,0
32484,32484,32486,2,0
32484,32484,32486,2,0
32484,32484,32486,2,0
32484,32484,32486,2,0
32484,32484,32486,2,0
32484,32484,32486,2,0
32484,32484,32486,2,0
32484,32484,32486,2,0
32484,32484,32486,2,0
32182,32182,32489,307,0
32228,32229,32489,260,1
32477,32489,32490,1,12
32484,32489,32490,1,5
32477,32489,32490,1,12
32477,32489,32490,1,12
32484,32489,32490,1,5
32491,32491,32492,1,0
32491,32491,32492,1,0
32491,32491,32492,1,0
32491,32491,32492,1,0
32491,32491,32492,1,0
32491,32491,32492,1,0
32491,32491,32492,1,0
32491,32491,32493,2,0
32491,32491,32493,2,0
32491,32491,32492,1,0
32491,32491,32492,1,0
32491,32491,32493,2,0
32491,32491,32492,1,0
32491,32491,32492,1,0
32491,32491,32493,2,0
32491,32491,32492,1,0
32491,32491,32492,1,0
32491,32491,32492,1,0
32491,32491,32492,1,0
32491,32491,32492,1,0
32491,32491,32492,1,0
32491,32491,32492,1,0
32491,32491,32492,1,0
32491,32491,32492,1,0
32491,32491,32493,2,0
32491,32491,32493,2,0
32491,32491,32493,2,0
32491,32491,32492,1,0
32491,32491,32492,1,0
32491,32491,32492,1,0
32491,32491,32492,1,0
32491,32491,32492,1,0
32491,32491,32492,1,0
32491,32491,32492,1,0
32491,32491,32492,1,0
32491,32491,32493,2,0
32491,32491,32493,2,0
32491,32491,32493,2,0
32456,32456,32494,38,0
32456,32456,32494,38,0
32456,32456,32494,38,0
32484,32484,32494,10,0
32484,32484,32494,10,0
32484,32484,32495,11,0
32491,32491,32494,3,0
32484,32484,32495,11,0
32484,32484,32495,11,0
32499,32499,32500,1,0
32499,32499,32500,1,0
32499,32499,32500,1,0
32499,32499,32500,1,0
32499,32499,32501,2,0
32499,32499,32500,1,0
32499,32499,32500,1,0
32499,32499,32500,1,0
32499,32499,32500,1,0
32499,32499,32500,1,0
32499,32499,32500,1,0
32499,32499,32500,1,0
32499,32499,32500,1,0
32499,32499,32500,1,0
32499,32499,32500,1,0
32499,32499,32500,1,0
32499,32499,32500,1,0
32499,32499,32500,1,0
32499,32499,32500,1,0
32499,32499,32500,1,0
32499,32499,32500,1,0
32499,32499,32501,2,0
32499,32499,32500,1,0
32499,32499,32500,1,0
32499,32499,32500,1,0
32499,32499,32501,2,0
32499,32499,32502,3,0
32499,32499,32501,2,0
32499,32499,32501,2,0
32499,32499,32503,4,0
32499,32499,32502,3,0
32499,32499,32502,3,0
32354,32358,32511,153,4
32484,32510,32511,1,26
32499,32501,32512,11,2
32484,32510,32512,2,26
32484,32510,32512,2,26
32484,32510,32512,2,26
32484,32510,32512,2,26
32484,32510,32511,1,26
32491,32510,32512,2,19
32499,32501,32512,11,2
32499,32501,32512,11,2
32512,32513,32514,1,1
32512,32513,32514,1,1
32512,32513,32514,1,1
32512,32512,32514,2,0
32512,32513,32514,1,1
32512,32513,32514,1,1
32512,32513,32514,1,1
32512,32513,32514,1,1
32512,32513,32514,1,1
32512,32513,32514,1,1
32512,32513,32514,1,1
32512,32513,32514,1,1
32512,32512,32514,2,0
32512,32513,32514,1,1
32512,32513,32514,1,1
32512,32513,32514,1,1
32512,32513,32514,1,1
32512,32513,32514,1,1
32512,32513,32514,1,1
32512,32513,32514,1,1
32512,32513,32514,1,1
32512,32513,32514,1,1
32512,32513,32514,1,1
32512,32513,32514,1,1
32512,32513,32514,1,1
32512,32513,32515,2,1
32512,32513,32516,3,1
32369,32371,32517,146,2
32512,32513,32517,4,1
32520,32521,32522,1,1
32520,32521,32522,1,1
32520,32521,32522,1,1
32520,32521,32522,1,1
32520,32521,32522,1,1
32520,32521,32522,1,1
32520,32521,32522,1,1
32520,32521,32522,1,1
32520,32521,32522,1,1
32520,32521,32522,1,1
32520,32521,32522,1,1
32520,32521,32523,2,1
32520,32521,32522,1,1
32520,32521,32522,1,1
32520,32521,32523,2,1
32520,32521,32522,1,1
32520,32521,32522,1,1
32520,32521,32522,1,1
32520,32521,32522,1,1
32520,32521,32522,1,1
32520,32521,32522,1,1
32520,32521,32522,1,1
32520,32521,32522,1,1
32520,32521,32522,1,1
32520,32521,32522,1,1
32520,32521,32523,2,1
32520,32521,32522,1,1
32520,32521,32522,1,1
32520,32521,32522,1,1
32520,32521,32522,1,1
32520,32521,32522,1,1
32520,32521,32522,1,1
32520,32521,32523,2,1
32520,32521,32523,2,1
32310,32310,32524,214,0
32520,32521,32523,2,1
32520,32521,32523,2,1
32499,32524,32525,1,25
32499,32524,32525,1,25
32499,32524,32525,1,25
32499,32524,32525,1,25
32499,32524,32525,1,25
32526,32527,32528,1,1
32526,32527,32528,1,1
32526,32527,32528,1,1
32526,32527,32528,1,1
32526,32527,32528,1,1
32526,32527,32528,1,1
32526,32527,32528,1,1
32526,32527,32528,1,1
32526,32527,32529,2,1
32526,32527,32529,2,1
32526,32527,32528,1,1
32526,32527,32528,1,1
32526,32527,32528,1,1
32526,32527,32528,1,1
32526,32527,32529,2,1
32526,32527,32528,1,1
32526,32527,32528,1,1
32526,32527,32528,1,1
32526,32527,32528,1,1
32526,32527,32529,2,1
32526,32527,32528,1,1
32526,32527,32528,1,1
32526,32527,32528,1,1
32526,32527,32528,1,1
32526,32527,32528,1,1
32526,32527,32528,1,1
32526,32527,32528,1,1
32526,32527,32528,1,1
32526,32527,32528,1,1
32526,32527,32529,2,1
32526,32527,32529,2,1
32526,32527,32529,2,1
32526,32527,32529,2,1
32526,32527,32529,2,1
32397,32397,32532,135,0
32512,32532,32533,1,20
32512,32532,32533,1,20
32512,32532,32533,1,20
32520,32532,32533,1,12
32520,32532,32533,1,12
32512,32532,32533,1,20
32534,32534,32535,1,0
32534,32534,32535,1,0
32534,32534,32535,1,0
32534,32534,32535,1,0
32534,32534,32536,2,0
32534,32534,32536,2,0
32534,32534,32536,2,0
32534,32534,32535,1,0
32534,32534,32535,1,0
32534,32534,32535,1,0
32534,32534,32536,2,0
32534,32534,32535,1,0
32534,32534,32535,1,0
32534,32534,32535,1,0
32534,32534,32535,1,0
32534,32534,32535,1,0
32534,32534,32535,1,0
32534,32534,32536,2,0
32534,32534,32535,1,0
32534,32534,32535,1,0
32534,32534,32536,2,0
32534,32534,32535,1,0
32534,32534,32535,1,0
32534,32534,32535,1,0
32534,32534,32535,1,0
32534,32534,32535,1,0
32534,32534,32535,1,0
32534,32534,32536,2,0
32534,32534,32536,2,0
32534,32534,32535,1,0
32534,32534,32535,1,0
32534,32534,32535,1,0
32534,32534,32535,1,0
32534,32534,32536,2,0
32534,32534,32536,2,0
32534,32534,32536,2,0
32534,32534,32536,2,0
32534,32534,32535,1,0
32534,32534,32535,1,0
32534,32534,32535,1,0
32512,32513,32539,26,1
32512,32535,32553,18,23
32512,32535,32552,17,23
32512,32535,32553,18,23
32512,32535,32553,18,23
32512,32535,32553,18,23
32512,32535,32553,18,23
32377,32377,32553,176,0
32554,32554,32556,2,0
32554,32554,32556,2,0
32554,32554,32556,2,0
32554,32554,32556,2,0
32554,32554,32556,2,0
32554,32554,32556,2,0
32554,32554,32556,2,0
32554,32554,32556,2,0
32554,32554,32556,2,0
32554,32554,32556,2,0
32554,32554,32556,2,0
32554,32554,32556,2,0
32554,32554,32556,2,0
32554,32554,32556,2,0
32554,32554,32556,2,0
32554,32554,32556,2,0
32554,32554,32556,2,0
32554,32555,32556,1,1
32554,32555,32556,1,1
32554,32555,32556,1,1
32554,32554,32556,2,0
32554,32554,32556,2,0
32554,32554,32555,1,0
32554,32554,32556,2,0
32554,32554,32556,2,0
32554,32554,32556,2,0
32554,32554,32556,2,0
32554,32554,32556,2,0
32554,32554,32556,2,0
32554,32554,32556,2,0
32554,32554,32556,2,0
32384,32384,32556,172,0
32554,32554,32556,2,0
32512,32513,32557,44,1
32554,32554,32556,2,0
32526,32556,32557,1,30
32526,32556,32557,1,30
32526,32556,32557,1,30
32526,32556,32557,1,30
32526,32556,32557,1,30
32526,32556,32557,1,30
32554,32555,32558,3,1
32554,32555,32558,3,1
32554,32555,32558,3,1
32558,32558,32559,1,0
32558,32558,32559,1,0
32558,32558,32559,1,0
32558,32558,32559,1,0
32558,32558,32559,1,0
32558,32558,32559,1,0
32558,32558,32559,1,0
32558,32558,32559,1,0
32558,32558,32560,2,0
32558,32558,32559,1,0
32558,32558,32559,1,0
32558,32558,32559,1,0
32558,32558,32559,1,0
32558,32558,32560,2,0
32558,32558,32559,1,0
32558,32558,32559,1,0
32558,32558,32559,1,0
32558,32558,32559,1,0
32558,32558,32559,1,0
32558,32558,32559,1,0
32558,32558,32559,1,0
32558,32558,32560,2,0
32558,32558,32559,1,0
32558,32558,32560,2,0
32558,32558,32559,1,0
32558,32558,32559,1,0
32558,32558,32559,1,0
32558,32558,32559,1,0
32558,32558,32559,1,0
32558,32558,32559,1,0
32558,32558,32559,1,0
32558,32558,32559,1,0
32558,32558,32559,1,0
32558,32558,32559,1,0
32558,32558,32560,2,0
32558,32558,32560,2,0
32520,32521,32561,40,1
32520,32521,32561,40,1
32554,32554,32561,7,0
32558,32558,32566,8,0
32554,32554,32582,28,0
32448,32448,32587,139,0
32374,32374,32588,214,0
32588,32588,32589,1,0
32588,32589,32590,1,1
32588,32588,32590,2,0
32588,32588,32590,2,0
32588,32588,32590,2,0
32588,32588,32590,2,0
32588,32588,32590,2,0
32558,32558,32589,31,0
32588,32588,32590,2,0
32588,32588,32589,1,0
32588,32588,32590,2,0
32588,32588,32590,2,0
32588,32588,32590,2,0
32588,32588,32590,2,0
32588,32588,32590,2,0
32588,32588,32590,2,0
32588,32588,32590,2,0
32588,32588,32590,2,0
32588,32588,32590,2,0
32588,32588,32590,2,0
32588,32589,32590,1,1
32588,32589,32590,1,1
32588,32589,32590,1,1
32588,32589,32590,1,1
32588,32589,32590,1,1
32588,32589,32590,1,1
32588,32589,32590,1,1
32588,32589,32590,1,1
32588,32589,32590,1,1
32588,32589,32590,1,1
32588,32588,32590,2,0
32588,32588,32590,2,0
32588,32588,32590,2,0
32588,32588,32590,2,0
32588,32588,32590,2,0
32590,32591,32592,1,1
32590,32590,32591,1,0
32590,32590,32591,1,0
32590,32590,32591,1,0
32590,32590,32591,1,0
32590,32590,32591,1,0
32590,32590,32591,1,0
32590,32590,32591,1,0
32590,32590,32592,2,0
32590,32590,32591,1,0
32590,32590,32591,1,0
32590,32591,32592,1,1
32590,32591,32592,1,1
32590,32591,32592,1,1
32590,32590,32591,1,0
32590,32590,32591,1,0
32590,32590,32591,1,0
32590,32590,32591,1,0
32590,32590,32591,1,0
32590,32590,32591,1,0
32590,32590,32591,1,0
32590,32590,32591,1,0
32590,32591,32592,1,1
32590,32591,32592,1,1
32590,32591,32592,1,1
32590,32591,32592,1,1
32590,32591,32592,1,1
32588,32591,32592,1,3
32588,32591,32593,2,3
32588,32591,32592,1,3
32588,32591,32592,1,3
32588,32591,32592,1,3
32590,32591,32592,1,1
32590,32591,32592,1,1
32590,32591,32592,1,1
32590,32591,32592,1,1
32590,32591,32592,1,1
32590,32591,32592,1,1
32457,32459,32593,134,2
32595,32595,32596,1,0
32595,32595,32596,1,0
32595,32595,32596,1,0
32595,32595,32596,1,0
32595,32595,32596,1,0
32595,32595,32596,1,0
32595,32595,32596,1,0
32595,32595,32597,2,0
32595,32595,32596,1,0
32595,32595,32596,1,0
32595,32595,32596,1,0
32595,32595,32596,1,0
32595,32595,32597,2,0
32595,32595,32596,1,0
32595,32595,32596,1,0
32595,32595,32596,1,0
32595,32595,32596,1,0
32595,32595,32596,1,0
32595,32595,32596,1,0
32595,32595,32596,1,0
32595,32595,32596,1,0
32595,32595,32596,1,0
32595,32595,32596,1,0
32595,32595,32596,1,0
32595,32595,32596,1,0
32595,32595,32596,1,0
32595,32595,32597,2,0
32595,32595,32596,1,0
32590,32590,32597,7,0
32595,32595,32597,2,0
32018,32020,32598,578,2
32590,32590,32599,9,0
32590,32590,32599,9,0
32595,32595,32600,5,0
32596,32599,32600,1,3
32590,32590,32600,10,0
32468,32469,32603,134,1
32554,32554,32606,52,0
32558,32558,32605,47,0
32604,32604,32605,1,0
32604,32604,32606,2,0
32604,32604,32606,2,0
32604,32604,32605,1,0
32604,32604,32605,1,0
32604,32604,32606,2,0
32604,32604,32606,2,0
32604,32604,32606,2,0
32604,32604,32606,2,0
32604,32604,32606,2,0
32604,32604,32606,2,0
32604,32604,32606,2,0
32604,32604,32606,2,0
32604,32604,32606,2,0
32604,32604,32606,2,0
32604,32604,32606,2,0
32604,32604,32606,2,0
32604,32604,32606,2,0
32604,32604,32606,2,0
32604,32604,32606,2,0
32604,32604,32606,2,0
32604,32604,32606,2,0
32604,32604,32606,2,0
32604,32604,32606,2,0
32604,32604,32606,2,0
32604,32604,32606,2,0
32604,32604,32606,2,0
32604,32604,32606,2,0
32604,32604,32606,2,0
32604,32604,32606,2,0
32604,32604,32606,2,0
32423,32424,32606,182,1
32554,32554,32607,53,0
32558,32558,32606,48,0
32588,32590,32606,16,2
32590,32590,32606,16,0
32470,32470,32606,136,0
32604,32604,32607,3,0
32604,32604,32607,3,0
32604,32604,32607,3,0
32604,32604,32607,3,0
32604,32604,32607,3,0
32604,32604,32607,3,0
32604,32604,32607,3,0
32616,32616,32617,1,0
32616,32616,32617,1,0
32616,32616,32617,1,0
32616,32616,32618,2,0
32616,32616,32618,2,0
32616,32616,32618,2,0
32616,32616,32618,2,0
32616,32616,32618,2,0
32616,32616,32618,2,0
32616,32616,32617,1,0
32616,32616,32618,2,0
32616,32616,32618,2,0
32616,32616,32617,1,0
32616,32616,32617,1,0
32616,32616,32618,2,0
32616,32616,32617,1,0
32616,32616,32617,1,0
32616,32616,32617,1,0
32616,32616,32618,2,0
32616,32616,32618,2,0
32616,32616,32618,2,0
32616,32616,32618,2,0
32616,32616,32617,1,0
32616,32616,32618,2,0
32616,32616,32618,2,0
32616,32616,32617,1,0
32616,32616,32617,1,0
32616,32616,32617,1,0
32616,32616,32618,2,0
32616,32616,32618,2,0
32616,32616,32618,2,0
32616,32616,32618,2,0
32616,32616,32618,2,0
32616,32616,32618,2,0
32616,32616,32618,2,0
32616,32616,32618,2,0
32616,32616,32617,1,0
32616,32616,32617,1,0
32616,32616,32617,1,0
32616,32616,32619,3,0
32616,32616,32619,3,0
32616,32616,32618,2,0
32616,32616,32618,2,0
32616,32616,32618,2,0
32616,32616,32618,2,0
32616,32616,32618,2,0
32616,32616,32618,2,0
32616,32617,32618,1,1
32616,32617,32618,1,1
32616,32617,32619,2,1
32616,32618,32620,2,2
32616,32618,32620,2,2
32616,32618,32620,2,2
32616,32618,32620,2,2
32616,32618,32620,2,2
32616,32618,32620,2,2
32616,32618,32620,2,2
32616,32618,32620,2,2
32616,32618,32620,2,2
32616,32618,32620,2,2
32616,32618,32620,2,2
32616,32618,32620,2,2
32616,32618,32620,2,2
32616,32618,32619,1,2
32616,32618,32620,2,2
32616,32618,32620,2,2
32616,32618,32620,2,2
32616,32618,32620,2,2
32616,32618,32620,2,2
32616,32618,32620,2,2
32616,32618,32619,1,2
32616,32618,32620,2,2
32616,32618,32619,1,2
32616,32618,32620,2,2
32616,32618,32619,1,2
32616,32618,32620,2,2
32616,32618,32620,2,2
32616,32616,32620,4,0
32616,32616,32620,4,0
32616,32616,32621,5,0
32595,32621,32622,1,26
32595,32621,32622,1,26
32595,32621,32622,1,26
32595,32621,32622,1,26
32595,32622,32624,2,27
32595,32622,32624,2,27
32595,32622,32623,1,27
32595,32622,32624,2,27
32604,32622,32624,2,18
32604,32622,32624,2,18
32514,32514,32630,116,0
32485,32485,32632,147,0
32637,32637,32638,1,0
32637,32637,32639,2,0
32637,32637,32638,1,0
32637,32637,32639,2,0
32637,32637,32639,2,0
32637,32637,32639,2,0
32637,32637,32639,2,0
32637,32637,32639,2,0
32637,32637,32639,2,0
32637,32637,32639,2,0
32637,32637,32639,2,0
32637,32637,32639,2,0
32637,32637,32639,2,0
32637,32637,32639,2,0
32637,32637,32639,2,0
32637,32637,32639,2,0
32637,32637,32638,1,0
32637,32637,32639,2,0
32637,32637,32639,2,0
32637,32637,32639,2,0
32637,32637,32639,2,0
32637,32637,32639,2,0
32637,32637,32639,2,0
32637,32637,32639,2,0
32637,32637,32639,2,0
32637,32637,32638,1,0
32637,32637,32638,1,0
32637,32637,32638,1,0
32637,32637,32638,1,0
32637,32637,32639,2,0
32637,32637,32639,2,0
32637,32637,32638,1,0
32637,32637,32639,2,0
32637,32637,32639,2,0
32637,32637,32639,2,0
32637,32637,32639,2,0
32637,32637,32638,1,0
32637,32637,32639,2,0
32637,32637,32639,2,0
32637,32637,32639,2,0
32637,32637,32639,2,0
32637,32637,32639,2,0
32637,32637,32639,2,0
32637,32637,32639,2,0
32637,32637,32639,2,0
32637,32637,32639,2,0
32637,32637,32639,2,0
32637,32637,32639,2,0
32637,32637,32639,2,0
32637,32637,32639,2,0
32637,32637,32639,2,0
32637,32637,32639,2,0
32637,32637,32640,3,0
32637,32639,32640,1,2
32637,32639,32640,1,2
32637,32637,32639,2,0
32637,32637,32640,3,0
32637,32637,32639,2,0
32637,32637,32639,2,0
32637,32637,32639,2,0
32637,32637,32639,2,0
32637,32637,32639,2,0
32637,32639,32640,1,2
32637,32639,32640,1,2
32637,32637,32641,4,0
32637,32637,32641,4,0
32637,32639,32640,1,2
32637,32639,32641,2,2
32637,32639,32641,2,2
32637,32639,32640,1,2
32637,32639,32641,2,2
32637,32639,32641,2,2
32637,32639,32641,2,2
32637,32639,32641,2,2
32637,32639,32640,1,2
32637,32639,32640,1,2
32637,32639,32641,2,2
32637,32639,32640,1,2
32637,32639,32640,1,2
32637,32639,32640,1,2
32499,32524,32641,117,25
32648,32648,32649,1,0
32648,32648,32650,2,0
32648,32648,32649,1,0
32648,32648,32649,1,0
32648,32648,32650,2,0
32648,32648,32650,2,0
32648,32648,32649,1,0
32648,32648,32649,1,0
32648,32648,32649,1,0
32648,32648,32649,1,0
32648,32648,32650,2,0
32648,32648,32649,1,0
32648,32648,32650,2,0
32648,32648,32649,1,0
32648,32648,32650,2,0
32648,32648,32650,2,0
32648,32648,32650,2,0
32648,32648,32650,2,0
32648,32648,32649,1,0
32648,32648,32650,2,0
32648,32648,32649,1,0
32648,32648,32650,2,0
32648,32648,32650,2,0
32648,32648,32649,1,0
32648,32648,32650,2,0
32648,32648,32650,2,0
32648,32648,32650,2,0
32648,32648,32650,2,0
32648,32648,32649,1,0
32648,32648,32650,2,0
32648,32648,32650,2,0
32648,32648,32650,2,0
32648,32648,32650,2,0
32648,32648,32649,1,0
32648,32648,32650,2,0
32648,32648,32650,2,0
32648,32648,32650,2,0
32521,32521,32650,129,0
32648,32648,32650,2,0
32648,32648,32650,2,0
32648,32648,32650,2,0
32491,32492,32653,161,1
32389,32389,32657,268,0
32658,32658,32659,1,0
32658,32658,32659,1,0
32658,32658,32659,1,0
32658,32658,32659,1,0
32658,32658,32660,2,0
32658,32658,32659,1,0
32658,32658,32660,2,0
32658,32658,32660,2,0
32658,32658,32660,2,0
32658,32658,32660,2,0
32658,32658,32660,2,0
32658,32658,32660,2,0
32658,32658,32660,2,0
32658,32658,32660,2,0
32658,32658,32660,2,0
32658,32658,32660,2,0
32658,32658,32660,2,0
32658,32658,32660,2,0
32658,32658,32659,1,0
32658,32658,32659,1,0
32658,32658,32660,2,0
32658,32658,32660,2,0
32658,32658,32660,2,0
32658,32658,32660,2,0
32658,32658,32659,1,0
32658,32658,32659,1,0
32658,32658,32660,2,0
32658,32658,32660,2,0
32658,32658,32660,2,0
32658,32659,32660,1,1
32658,32658,32660,2,0
32658,32658,32660,2,0
32658,32658,32660,2,0
32658,32658,32660,2,0
32658,32658,32660,2,0
32658,32658,32660,2,0
32658,32658,32660,2,0
32658,32658,32660,2,0
32658,32658,32660,2,0
32658,32658,32660,2,0
32658,32658,32660,2,0
32658,32658,32660,2,0
32658,32659,32660,1,1
32658,32658,32660,2,0
32658,32658,32660,2,0
32658,32658,32660,2,0
32658,32658,32660,2,0
32658,32658,32660,2,0
32658,32658,32660,2,0
32658,32658,32660,2,0
32658,32659,32660,1,1
32658,32658,32660,2,0
32658,32658,32660,2,0
32658,32658,32660,2,0
32658,32660,32661,1,2
32658,32660,32661,1,2
32658,32660,32661,1,2
32658,32658,32661,3,0
32658,32658,32660,2,0
32658,32658,32660,2,0
32658,32658,32660,2,0
32658,32660,32661,1,2
32658,32660,32661,1,2
32658,32660,32661,1,2
32658,32660,32661,1,2
32658,32660,32661,1,2
32658,32660,32661,1,2
32658,32660,32661,1,2
32658,32661,32662,1,3
32658,32658,32660,2,0
32658,32658,32660,2,0
32658,32658,32660,2,0
32658,32658,32660,2,0
32658,32659,32660,1,1
32658,32661,32662,1,3
32658,32661,32662,1,3
32658,32661,32662,1,3
32658,32661,32662,1,3
32658,32661,32662,1,3
32658,32660,32662,2,2
32658,32660,32662,2,2
32658,32660,32662,2,2
32658,32660,32662,2,2
32658,32660,32662,2,2
32658,32660,32662,2,2
32658,32660,32662,2,2
32658,32660,32662,2,2
32658,32660,32662,2,2
32658,32660,32662,2,2
32658,32661,32662,1,3
32658,32661,32662,1,3
32658,32661,32662,1,3
32658,32660,32662,2,2
32658,32660,32662,2,2
32658,32660,32662,2,2
32658,32660,32662,2,2
32658,32660,32662,2,2
32658,32661,32662,1,3
32658,32661,32662,1,3
32658,32661,32662,1,3
32658,32661,32662,1,3
32658,32661,32662,1,3
32658,32661,32662,1,3
32658,32661,32662,1,3
32658,32661,32662,1,3
32658,32661,32662,1,3
32658,32661,32662,1,3
32658,32661,32662,1,3
32658,32661,32662,1,3
32658,32661,32662,1,3
32658,32661,32662,1,3
32658,32661,32662,1,3
32658,32662,32663,1,4
32535,32535,32666,131,0
32670,32670,32671,1,0
32670,32670,32671,1,0
32670,32670,32671,1,0
32670,32670,32672,2,0
32670,32670,32671,1,0
32670,32670,32671,1,0
32670,32670,32671,1,0
32670,32670,32671,1,0
32670,32670,32671,1,0
32670,32670,32671,1,0
32670,32670,32671,1,0
32670,32670,32672,2,0
32670,32670,32671,1,0
32670,32670,32671,1,0
32670,32670,32671,1,0
32670,32670,32671,1,0
32670,32670,32671,1,0
32670,32670,32671,1,0
32670,32670,32672,2,0
32670,32670,32672,2,0
32670,32670,32671,1,0
32670,32670,32671,1,0
32670,32670,32672,2,0
32670,32670,32671,1,0
32670,32670,32672,2,0
32670,32670,32672,2,0
32670,32670,32671,1,0
32670,32670,32671,1,0
32670,32670,32671,1,0
32670,32670,32671,1,0
32670,32670,32671,1,0
32670,32670,32672,2,0
32670,32670,32672,2,0
32670,32670,32672,2,0
32670,32671,32673,2,1
32670,32671,32673,2,1
32670,32671,32673,2,1
32670,32671,32673,2,1
32670,32671,32673,2,1
32670,32671,32672,1,1
32422,32422,32676,254,0
32527,32527,32677,150,0
32681,32681,32682,1,0
32681,32681,32682,1,0
32681,32681,32682,1,0
32681,32681,32682,1,0
32681,32681,32682,1,0
32681,32681,32682,1,0
32681,32681,32683,2,0
32681,32681,32683,2,0
32681,32681,32683,2,0
32681,32681,32683,2,0
32681,32681,32683,2,0
32681,32681,32683,2,0
32681,32681,32683,2,0
32681,32681,32682,1,0
32681,32681,32682,1,0
32681,32681,32682,1,0
32681,32681,32683,2,0
32681,32681,32683,2,0
32681,32681,32682,1,0
32681,32681,32682,1,0
32681,32681,32683,2,0
32681,32681,32683,2,0
32681,32681,32683,2,0
32681,32681,32683,2,0
32681,32681,32683,2,0
32681,32681,32683,2,0
32681,32681,32683,2,0
32681,32681,32683,2,0
32681,32681,32683,2,0
32681,32681,32683,2,0
32681,32681,32683,2,0
32681,32681,32682,1,0
32681,32681,32682,1,0
32681,32681,32682,1,0
32681,32681,32682,1,0
32681,32681,32683,2,0
32681,32681,32683,2,0
32681,32681,32683,2,0
32681,32681,32682,1,0
32681,32681,32683,2,0
32681,32681,32683,2,0
32681,32681,32683,2,0
32681,32681,32683,2,0
32681,32681,32683,2,0
32681,32681,32683,2,0
32681,32681,32683,2,0
32681,32681,32683,2,0
32681,32683,32684,1,2
32681,32682,32683,1,1
32681,32682,32683,1,1
32681,32682,32683,1,1
32681,32683,32684,1,2
32681,32683,32684,1,2
32681,32683,32684,1,2
32681,32683,32684,1,2
32681,32683,32684,1,2
32681,32683,32685,2,2
32681,32683,32684,1,2
32681,32683,32684,1,2
32681,32683,32684,1,2
32681,32681,32684,3,0
32658,32658,32660,2,0
32681,32683,32685,2,2
32681,32683,32685,2,2
32681,32683,32684,1,2
32681,32683,32685,2,2
32681,32683,32684,1,2
32681,32683,32684,1,2
32681,32683,32684,1,2
32681,32683,32684,1,2
32681,32683,32685,2,2
32681,32683,32684,1,2
32681,32683,32684,1,2
32681,32683,32684,1,2
32681,32683,32685,2,2
32681,32683,32684,1,2
32681,32683,32684,1,2
32681,32683,32684,1,2
32658,32685,32687,2,27
32658,32685,32686,1,27
32658,32685,32687,2,27
32658,32685,32686,1,27
32658,32685,32686,1,27
32658,32685,32687,2,27
32681,32681,32688,7,0
32681,32681,32690,9,0
32681,32681,32691,10,0
32506,32506,32696,190,0
32698,32698,32699,1,0
32698,32698,32700,2,0
32698,32698,32699,1,0
32698,32698,32700,2,0
32698,32698,32699,1,0
32698,32698,32700,2,0
32698,32698,32700,2,0
32698,32698,32699,1,0
32698,32698,32700,2,0
32698,32698,32700,2,0
32698,32698,32700,2,0
32698,32698,32700,2,0
32698,32698,32700,2,0
32698,32698,32700,2,0
32698,32698,32699,1,0
32698,32698,32700,2,0
32698,32698,32700,2,0
32698,32698,32700,2,0
32698,32698,32700,2,0
32698,32698,32700,2,0
32698,32698,32700,2,0
32698,32698,32700,2,0
32698,32698,32700,2,0
32698,32698,32700,2,0
32698,32698,32699,1,0
32698,32698,32699,1,0
32698,32698,32700,2,0
32698,32698,32700,2,0
32698,32698,32700,2,0
32698,32698,32700,2,0
32559,32559,32700,141,0
32698,32698,32700,2,0
32698,32698,32701,3,0
32704,32704,32706,2,0
32704,32704,32706,2,0
32704,32704,32706,2,0
32704,32704,32706,2,0
32704,32704,32706,2,0
32704,32704,32706,2,0
32704,32704,32706,2,0
32704,32704,32706,2,0
32704,32704,32706,2,0
32704,32704,32706,2,0
32704,32704,32706,2,0
32704,32704,32706,2,0
32704,32704,32706,2,0
32704,32704,32705,1,0
32704,32704,32706,2,0
32704,32704,32706,2,0
32704,32704,32706,2,0
32704,32704,32706,2,0
32704,32704,32706,2,0
32704,32704,32706,2,0
32704,32704,32706,2,0
32704,32704,32706,2,0
32704,32704,32706,2,0
32704,32704,32706,2,0
32704,32704,32706,2,0
32704,32704,32706,2,0
32704,32704,32706,2,0
32704,32704,32706,2,0
32704,32705,32706,1,1
32704,32705,32706,1,1
32704,32705,32706,1,1
32704,32704,32706,2,0
32704,32704,32706,2,0
32704,32704,32706,2,0
32704,32704,32707,3,0
32704,32704,32706,2,0
32704,32705,32707,2,1
32589,32589,32708,119,0
32698,32698,32709,11,0
32698,32698,32709,11,0
32711,32711,32712,1,0
32711,32711,32712,1,0
32711,32711,32712,1,0
32711,32711,32713,2,0
32711,32711,32712,1,0
32711,32711,32712,1,0
32711,32711,32712,1,0
32711,32711,32712,1,0
32711,32711,32713,2,0
32711,32711,32713,2,0
32711,32711,32713,2,0
32711,32711,32712,1,0
32711,32711,32712,1,0
32711,32711,32712,1,0
32711,32711,32712,1,0
32711,32711,32712,1,0
32711,32711,32712,1,0
32711,32711,32713,2,0
32711,32711,32712,1,0
32711,32711,32713,2,0
32711,32711,32713,2,0
32711,32711,32713,2,0
32711,32711,32713,2,0
32711,32711,32712,1,0
32711,32711,32713,2,0
32711,32711,32713,2,0
32711,32711,32713,2,0
32711,32711,32713,2,0
32711,32711,32712,1,0
32711,32711,32712,1,0
32711,32711,32712,1,0
32711,32712,32713,1,1
32711,32712,32713,1,1
32711,32712,32713,1,1
32711,32712,32713,1,1
32711,32712,32713,1,1
32711,32712,32713,1,1
32711,32711,32713,2,0
32698,32712,32713,1,14
32698,32712,32713,1,14
32698,32712,32713,1,14
32698,32712,32713,1,14
32704,32712,32713,1,8
32704,32712,32713,1,8
32704,32712,32713,1,8
32479,32479,32723,244,0
32437,32437,32724,287,0
32724,32724,32725,1,0
32724,32724,32726,2,0
32724,32724,32726,2,0
32724,32724,32726,2,0
32724,32724,32726,2,0
32724,32724,32726,2,0
32724,32724,32726,2,0
32724,32724,32726,2,0
32724,32724,32726,2,0
32724,32724,32726,2,0
32724,32724,32726,2,0
32724,32724,32725,1,0
32555,32555,32726,171,0
32698,32698,32712,14,0
32698,32698,32711,13,0
32724,32725,32726,1,1
32724,32725,32726,1,1
32724,32725,32726,1,1
32724,32725,32726,1,1
32724,32725,32726,1,1
32724,32724,32726,2,0
32724,32724,32726,2,0
32724,32724,32726,2,0
32724,32724,32726,2,0
32724,32724,32726,2,0
32724,32724,32726,2,0
32724,32724,32726,2,0
32724,32724,32726,2,0
32724,32724,32726,2,0
32724,32724,32726,2,0
32724,32724,32726,2,0
32724,32724,32726,2,0
32724,32724,32726,2,0
32724,32724,32726,2,0
32726,32726,32727,1,0
32726,32726,32727,1,0
32726,32726,32727,1,0
32726,32726,32727,1,0
32726,32726,32727,1,0
32726,32726,32727,1,0
32726,32726,32727,1,0
32726,32726,32727,1,0
32726,32726,32727,1,0
32726,32726,32727,1,0
32726,32726,32727,1,0
32726,32726,32727,1,0
32726,32726,32727,1,0
32726,32726,32728,2,0
32726,32726,32727,1,0
32726,32726,32727,1,0
32726,32726,32727,1,0
32726,32726,32727,1,0
32726,32726,32727,1,0
32726,32726,32727,1,0
32726,32726,32727,1,0
32726,32726,32728,2,0
32726,32726,32727,1,0
32726,32726,32727,1,0
32726,32726,32727,1,0
32726,32726,32727,1,0
32726,32726,32727,1,0
32711,32726,32728,2,15
32711,32726,32728,2,15
32726,32726,32728,2,0
32726,32726,32728,2,0
32726,32726,32727,1,0
32726,32727,32728,1,1
32726,32727,32728,1,1
32726,32727,32728,1,1
32726,32727,32728,1,1
32726,32727,32728,1,1
32726,32727,32728,1,1
32726,32727,32728,1,1
32726,32727,32728,1,1
32605,32605,32731,126,0
32733,32734,32735,1,1
32733,32734,32735,1,1
32734,32734,32735,1,0
32733,32734,32735,1,1
32733,32734,32735,1,1
32733,32734,32736,2,1
32733,32734,32735,1,1
32733,32734,32735,1,1
32733,32734,32736,2,1
32733,32734,32736,2,1
32733,32734,32735,1,1
32733,32734,32735,1,1
32733,32734,32735,1,1
32733,32734,32735,1,1
32733,32734,32735,1,1
32733,32734,32735,1,1
32733,32734,32735,1,1
32734,32734,32735,1,0
32734,32734,32735,1,0
32733,32734,32735,1,1
32733,32734,32736,2,1
32733,32734,32736,2,1
32733,32734,32735,1,1
32733,32734,32735,1,1
32734,32734,32735,1,0
32734,32734,32735,1,0
32733,32734,32735,1,1
32733,32734,32735,1,1
32733,32734,32735,1,1
32733,32734,32735,1,1
32734,32734,32735,1,0
32734,32734,32735,1,0
32734,32734,32736,2,0
32734,32734,32735,1,0
32733,32734,32735,1,1
32733,32734,32735,1,1
32733,32734,32735,1,1
32734,32734,32735,1,0
32734,32734,32735,1,0
32734,32735,32736,1,1
32733,32734,32736,2,1
32733,32734,32736,2,1
32734,32735,32736,1,1
32734,32735,32736,1,1
32724,32727,32736,9,3
32724,32727,32736,9,3
32724,32727,32736,9,3
32724,32727,32736,9,3
32734,32736,32737,1,2
32734,32736,32737,1,2
32734,32736,32738,2,2
32734,32736,32738,2,2
32734,32736,32738,2,2
32734,32736,32737,1,2
32734,32736,32738,2,2
32734,32736,32738,2,2
32734,32736,32738,2,2
32734,32736,32737,1,2
32734,32736,32737,1,2
32734,32736,32737,1,2
32734,32736,32737,1,2
32734,32736,32737,1,2
32734,32736,32737,1,2
32734,32736,32737,1,2
32734,32736,32737,1,2
32734,32736,32737,1,2
32734,32736,32737,1,2
32734,32736,32738,2,2
32734,32736,32737,1,2
32734,32736,32737,1,2
32734,32736,32738,2,2
32734,32736,32737,1,2
32734,32736,32737,1,2
32734,32736,32737,1,2
32724,32727,32738,11,3
32733,32734,32741,7,1
32733,32734,32743,9,1
32591,32591,32744,153,0
32733,32734,32746,12,1
32733,32734,32746,12,1
32747,32747,32748,1,0
32747,32747,32749,2,0
32747,32747,32749,2,0
32747,32747,32749,2,0
32747,32747,32748,1,0
32747,32747,32749,2,0
32747,32747,32749,2,0
32747,32747,32749,2,0
32747,32747,32749,2,0
32747,32747,32749,2,0
32747,32747,32748,1,0
32747,32747,32749,2,0
32747,32747,32749,2,0
32747,32747,32749,2,0
32747,32747,32748,1,0
32747,32747,32748,1,0
32747,32747,32749,2,0
32747,32747,32749,2,0
32747,32747,32749,2,0
32747,32747,32749,2,0
32747,32747,32749,2,0
32747,32747,32748,1,0
32747,32747,32748,1,0
32747,32747,32748,1,0
32747,32747,32748,1,0
32747,32747,32749,2,0
32747,32747,32749,2,0
32747,32747,32749,2,0
32747,32747,32749,2,0
32747,32747,32749,2,0
32747,32747,32748,1,0
32747,32747,32755,8,0
32622,32622,32758,136,0
32733,32734,32758,24,1
32747,32747,32759,12,0
32747,32747,32759,12,0
32747,32747,32759,12,0
32747,32747,32759,12,0
32747,32747,32759,12,0
32747,32747,32760,13,0
32760,32760,32761,1,0
32595,32621,32761,140,26
32760,32760,32761,1,0
32760,32760,32761,1,0
32760,32760,32761,1,0
32760,32760,32761,1,0
32760,32760,32761,1,0
32760,32760,32761,1,0
32760,32760,32762,2,0
32760,32760,32761,1,0
32760,32760,32761,1,0
32760,32760,32762,2,0
32760,32760,32761,1,0
32760,32760,32762,2,0
32760,32760,32762,2,0
32760,32760,32761,1,0
32760,32760,32761,1,0
32760,32760,32761,1,0
32760,32760,32761,1,0
32760,32760,32761,1,0
32760,32760,32761,1,0
32760,32760,32761,1,0
32760,32760,32761,1,0
32760,32760,32762,2,0
32760,32760,32762,2,0
32760,32760,32762,2,0
32760,32760,32762,2,0
32760,32760,32761,1,0
32760,32760,32761,1,0
32760,32760,32761,1,0
32760,32760,32761,1,0
32747,32747,32761,14,0
32747,32747,32761,14,0
32733,32761,32763,2,28
32733,32761,32763,2,28
32733,32761,32763,2,28
32733,32761,32763,2,28
32733,32761,32762,1,28
32760,32760,32762,2,0
32760,32760,32762,2,0
32760,32760,32763,3,0
32762,32762,32763,1,0
32762,32762,32763,1,0
32762,32762,32764,2,0
32762,32762,32764,2,0
32762,32762,32764,2,0
32762,32762,32764,2,0
32762,32762,32764,2,0
32762,32762,32764,2,0
32762,32762,32764,2,0
32762,32762,32764,2,0
32762,32762,32764,2,0
32762,32762,32764,2,0
32762,32762,32764,2,0
32762,32762,32764,2,0
32762,32762,32764,2,0
32762,32762,32764,2,0
32762,32762,32764,2,0
32762,32762,32764,2,0
32762,32762,32764,2,0
32762,32762,32764,2,0
32762,32762,32764,2,0
32762,32762,32764,2,0
32762,32762,32764,2,0
32762,32762,32764,2,0
32762,32762,32764,2,0
32762,32762,32764,2,0
32762,32762,32764,2,0
32762,32762,32764,2,0
32762,32762,32764,2,0
32762,32762,32764,2,0
32762,32762,32764,2,0
32762,32762,32764,2,0
32724,32725,32768,43,1
32726,32726,32768,42,0
32760,32760,32773,13,0
32762,32762,32773,11,0
32724,32725,32779,54,1
32724,32725,32779,54,1
32726,32726,32780,54,0
32648,32648,32780,132,0
32724,32725,32782,57,1
32760,32782,32784,2,22
32760,32782,32784,2,22
32760,32782,32784,2,22
32760,32782,32784,2,22
32760,32782,32784,2,22
32760,32782,32784,2,22
32786,32786,32787,1,0
32786,32786,32787,1,0
32762,32787,32788,1,25
32786,32786,32788,2,0
32786,32786,32788,2,0
32786,32786,32788,2,0
32786,32786,32787,1,0
32786,32786,32788,2,0
32786,32786,32788,2,0
32786,32786,32787,1,0
32786,32786,32787,1,0
32786,32786,32787,1,0
32786,32786,32788,2,0
32786,32786,32788,2,0
32786,32786,32788,2,0
32786,32786,32787,1,0
32786,32786,32787,1,0
32786,32786,32787,1,0
32786,32786,32787,1,0
32786,32786,32787,1,0
32786,32786,32787,1,0
32786,32786,32787,1,0
32786,32786,32787,1,0
32786,32786,32787,1,0
32786,32786,32787,1,0
32762,32787,32788,1,25
32762,32787,32788,1,25
32762,32787,32788,1,25
32762,32787,32788,1,25
32762,32787,32788,1,25
32786,32786,32788,2,0
32762,32762,32774,12,0
32617,32618,32793,175,1
32638,32639,32793,154,1
32786,32793,32794,1,7
32786,32793,32794,1,7
32786,32793,32795,2,7
32786,32786,32795,9,0
32786,32786,32796,10,0
32796,32797,32799,2,1
32796,32797,32798,1,1
32796,32797,32799,2,1
32796,32797,32798,1,1
32796,32797,32798,1,1
32796,32797,32799,2,1
32796,32797,32798,1,1
32796,32797,32798,1,1
32796,32797,32798,1,1
32796,32797,32799,2,1
32796,32797,32799,2,1
32796,32797,32798,1,1
32796,32797,32798,1,1
32796,32797,32798,1,1
32796,32797,32799,2,1
32796,32797,32798,1,1
32796,32797,32798,1,1
32796,32797,32798,1,1
32796,32797,32798,1,1
32796,32797,32798,1,1
32796,32797,32798,1,1
32796,32797,32798,1,1
32796,32797,32798,1,1
32796,32797,32798,1,1
32796,32797,32798,1,1
32796,32797,32798,1,1
32796,32797,32798,1,1
32796,32797,32798,1,1
32796,32797,32799,2,1
32796,32797,32799,2,1
32796,32797,32799,2,1
32796,32797,32799,2,1
32796,32797,32799,2,1
32796,32797,32799,2,1
32796,32797,32799,2,1
32796,32797,32799,2,1
32786,32786,32800,14,0
32802,32802,32803,1,0
32802,32802,32803,1,0
32802,32802,32804,2,0
32802,32802,32803,1,0
32802,32802,32804,2,0
32802,32802,32804,2,0
32802,32802,32803,1,0
32802,32802,32803,1,0
32802,32802,32804,2,0
32802,32802,32804,2,0
32802,32802,32803,1,0
32802,32802,32804,2,0
32802,32802,32803,1,0
32802,32802,32803,1,0
32802,32802,32804,2,0
32802,32802,32803,1,0
32802,32802,32803,1,0
32802,32802,32804,2,0
32802,32802,32803,1,0
32802,32802,32804,2,0
32802,32802,32804,2,0
32802,32802,32803,1,0
32802,32802,32803,1,0
32802,32802,32803,1,0
32802,32802,32803,1,0
32802,32802,32804,2,0
32802,32802,32804,2,0
32802,32802,32803,1,0
32802,32802,32803,1,0
32802,32802,32803,1,0
32802,32802,32803,1,0
32802,32802,32803,1,0
32802,32802,32803,1,0
32802,32802,32803,1,0
32802,32802,32804,2,0
32802,32802,32804,2,0
32802,32802,32804,2,0
32802,32802,32804,2,0
32802,32802,32804,2,0
32685,32685,32808,123,0
32809,32809,32810,1,0
32809,32809,32811,2,0
32809,32809,32811,2,0
32809,32809,32811,2,0
32809,32809,32811,2,0
32809,32809,32811,2,0
32809,32809,32810,1,0
32809,32809,32811,2,0
32809,32809,32811,2,0
32809,32810,32811,1,1
32809,32809,32811,2,0
32809,32810,32811,1,1
32809,32810,32811,1,1
32809,32809,32811,2,0
32809,32809,32811,2,0
32809,32809,32811,2,0
32809,32809,32811,2,0
32809,32809,32811,2,0
32809,32809,32811,2,0
32809,32809,32811,2,0
32809,32809,32811,2,0
32809,32809,32811,2,0
32809,32809,32811,2,0
32809,32809,32811,2,0
32809,32809,32811,2,0
32809,32809,32811,2,0
32809,32809,32811,2,0
32809,32809,32811,2,0
32809,32809,32811,2,0
32809,32809,32811,2,0
32809,32809,32811,2,0
32809,32809,32811,2,0
32809,32809,32811,2,0
32809,32809,32811,2,0
32809,32809,32811,2,0
32809,32809,32811,2,0
32809,32809,32811,2,0
32809,32810,32812,2,1
32809,32810,32812,2,1
32809,32810,32812,2,1
32786,32786,32818,32,0
32796,32797,32819,22,1
32802,32802,32818,16,0
32686,32686,32821,135,0
32786,32786,32825,39,0
32786,32786,32825,39,0
32786,32786,32824,38,0
32786,32786,32824,38,0
32786,32786,32827,41,0
32828,32828,32829,1,0
32828,32828,32829,1,0
32828,32828,32830,2,0
32828,32828,32830,2,0
32828,32828,32830,2,0
32828,32828,32830,2,0
32828,32828,32830,2,0
32828,32828,32830,2,0
32828,32828,32830,2,0
32828,32828,32830,2,0
32828,32828,32830,2,0
32828,32828,32830,2,0
32828,32828,32830,2,0
32828,32828,32830,2,0
32828,32828,32830,2,0
32828,32828,32830,2,0
32828,32828,32830,2,0
32828,32828,32830,2,0
32828,32828,32830,2,0
32828,32828,32830,2,0
32828,32828,32830,2,0
32828,32828,32830,2,0
32828,32828,32830,2,0
32828,32828,32829,1,0
32828,32828,32829,1,0
32828,32828,32830,2,0
32828,32828,32830,2,0
32828,32828,32830,2,0
32828,32828,32830,2,0
32828,32828,32830,2,0
32786,32786,32831,45,0
32700,32700,32832,132,0
32786,32786,32833,47,0
32786,32786,32832,46,0
32828,32828,32833,5,0
32796,32797,32833,36,1
32796,32797,32834,37,1
32796,32797,32834,37,1
32828,32828,32833,5,0
32828,32828,32833,5,0
32833,32833,32834,1,0
32833,32833,32834,1,0
32833,32833,32834,1,0
32833,32833,32834,1,0
32833,32833,32834,1,0
32833,32833,32835,2,0
32833,32833,32834,1,0
32833,32833,32834,1,0
32833,32833,32835,2,0
32833,32833,32834,1,0
32833,32833,32835,2,0
32833,32833,32835,2,0
32833,32833,32834,1,0
32833,32833,32835,2,0
32833,32833,32834,1,0
32833,32833,32835,2,0
32833,32833,32835,2,0
32833,32833,32835,2,0
32833,32833,32835,2,0
32833,32833,32835,2,0
32833,32833,32834,1,0
32833,32833,32834,1,0
32833,32833,32835,2,0
32833,32833,32835,2,0
32833,32833,32835,2,0
32833,32833,32834,1,0
32833,32833,32834,1,0
32833,32833,32835,2,0
32833,32833,32835,2,0
32833,32833,32835,2,0
32833,32833,32835,2,0
32833,32833,32835,2,0
32833,32833,32835,2,0
32833,32833,32835,2,0
32833,32833,32835,2,0
32833,32833,32835,2,0
32833,32833,32835,2,0
32833,32833,32835,2,0
32833,32833,32836,3,0
32828,32828,32840,12,0
32828,32828,32840,12,0
32828,32828,32840,12,0
32828,32828,32835,7,0
32828,32831,32846,15,3
32828,32831,32846,15,3
32828,32831,32850,19,3
32833,32833,32850,17,0
32713,32713,32851,138,0
32670,32670,32855,185,0
32856,32856,32857,1,0
32856,32856,32857,1,0
32856,32856,32858,2,0
32856,32856,32858,2,0
32856,32856,32858,2,0
32856,32856,32857,1,0
32856,32856,32858,2,0
32856,32856,32858,2,0
32856,32856,32858,2,0
32856,32856,32858,2,0
32856,32856,32858,2,0
32856,32856,32858,2,0
32856,32856,32857,1,0
32856,32856,32857,1,0
32856,32856,32858,2,0
32856,32856,32857,1,0
32856,32856,32857,1,0
32856,32856,32857,1,0
32856,32856,32857,1,0
32856,32856,32857,1,0
32856,32856,32857,1,0
32856,32856,32858,2,0
32856,32856,32858,2,0
32856,32856,32857,1,0
32856,32856,32858,2,0
32856,32856,32858,2,0
32856,32856,32858,2,0
32856,32856,32858,2,0
32856,32856,32858,2,0
32856,32856,32858,2,0
32856,32856,32862,6,0
32856,32856,32862,6,0
32862,32862,32864,2,0
32862,32862,32864,2,0
32862,32862,32864,2,0
32862,32862,32864,2,0
32862,32862,32864,2,0
32862,32862,32864,2,0
32862,32862,32864,2,0
32862,32862,32863,1,0
32862,32862,32863,1,0
32862,32862,32864,2,0
32862,32862,32864,2,0
32862,32862,32864,2,0
32862,32862,32864,2,0
32862,32862,32864,2,0
32862,32862,32864,2,0
32862,32862,32864,2,0
32862,32862,32864,2,0
32862,32862,32864,2,0
32862,32862,32864,2,0
32862,32862,32863,1,0
32862,32862,32864,2,0
32862,32862,32864,2,0
32862,32862,32864,2,0
32862,32862,32864,2,0
32862,32862,32864,2,0
32862,32862,32864,2,0
32862,32862,32864,2,0
32862,32862,32864,2,0
32862,32862,32864,2,0
32862,32862,32864,2,0
32862,32864,32866,2,2
32862,32864,32866,2,2
32862,32864,32865,1,2
32862,32864,32866,2,2
32862,32864,32865,1,2
32862,32864,32865,1,2
32862,32862,32865,3,0
32856,32856,32867,11,0
32856,32856,32867,11,0
32856,32856,32869,13,0
32705,32705,32870,165,0
32725,32725,32871,146,0
32862,32862,32871,9,0
32862,32862,32871,9,0
32714,32714,32872,158,0
32871,32871,32872,1,0
32871,32871,32872,1,0
32871,32871,32872,1,0
32871,32871,32872,1,0
32871,32871,32872,1,0
32871,32871,32872,1,0
32871,32871,32872,1,0
32871,32871,32872,1,0
32871,32871,32872,1,0
32871,32871,32872,1,0
32871,32871,32872,1,0
32871,32871,32873,2,0
32871,32871,32872,1,0
32871,32871,32873,2,0
32871,32871,32873,2,0
32871,32871,32872,1,0
32856,32856,32873,17,0
32856,32856,32873,17,0
32856,32856,32872,16,0
32856,32856,32873,17,0
32856,32856,32873,17,0
32862,32862,32872,10,0
32871,32871,32873,2,0
32871,32871,32873,2,0
32871,32871,32873,2,0
32871,32871,32873,2,0
32871,32871,32873,2,0
32871,32871,32873,2,0
32871,32871,32873,2,0
32871,32871,32873,2,0
32871,32871,32873,2,0
32871,32871,32873,2,0
32871,32871,32873,2,0
32871,32871,32873,2,0
32871,32873,32874,1,2
32871,32871,32873,2,0
32871,32871,32873,2,0
32871,32871,32873,2,0
32872,32873,32874,1,1
32872,32873,32874,1,1
32872,32873,32874,1,1
32872,32874,32875,1,2
32872,32874,32875,1,2
32872,32873,32874,1,1
32872,32873,32874,1,1
32872,32873,32874,1,1
32872,32873,32874,1,1
32872,32873,32874,1,1
32872,32873,32875,2,1
32872,32873,32874,1,1
32872,32873,32874,1,1
32872,32873,32874,1,1
32872,32873,32874,1,1
32872,32873,32875,2,1
32872,32873,32874,1,1
32872,32873,32874,1,1
32872,32873,32874,1,1
32872,32873,32874,1,1
32871,32873,32874,1,2
32871,32873,32874,1,2
32871,32873,32874,1,2
32871,32873,32874,1,2
32871,32873,32874,1,2
32872,32873,32874,1,1
32872,32873,32874,1,1
32872,32873,32874,1,1
32872,32873,32874,1,1
32872,32873,32874,1,1
32872,32873,32874,1,1
32872,32873,32874,1,1
32872,32873,32874,1,1
32872,32873,32874,1,1
32872,32873,32874,1,1
32872,32873,32874,1,1
32871,32872,32875,3,1
32871,32872,32874,2,1
32872,32873,32874,1,1
32872,32873,32874,1,1
32872,32873,32874,1,1
32871,32872,32876,4,1
32659,32661,32883,222,2
32886,32886,32888,2,0
32886,32887,32889,2,1
32886,32887,32888,1,1
32886,32887,32888,1,1
32886,32886,32888,2,0
32886,32887,32889,2,1
32886,32887,32888,1,1
32886,32887,32889,2,1
32886,32886,32888,2,0
32886,32886,32888,2,0
32886,32887,32888,1,1
32886,32887,32888,1,1
32886,32887,32888,1,1
32886,32887,32889,2,1
32886,32887,32888,1,1
32886,32886,32888,2,0
32886,32887,32888,1,1
32886,32887,32888,1,1
32886,32887,32888,1,1
32886,32887,32888,1,1
32886,32887,32888,1,1
32886,32886,32888,2,0
32886,32886,32888,2,0
32886,32887,32888,1,1
32886,32887,32888,1,1
32886,32887,32888,1,1
32886,32887,32888,1,1
32886,32886,32888,2,0
32886,32887,32888,1,1
32886,32887,32888,1,1
32886,32887,32888,1,1
32886,32887,32888,1,1
32886,32887,32888,1,1
32886,32887,32888,1,1
32886,32887,32888,1,1
32886,32887,32888,1,1
32886,32887,32888,1,1
32886,32886,32888,2,0
32886,32887,32888,1,1
32886,32887,32888,1,1
32886,32887,32889,2,1
32886,32887,32889,2,1
32886,32887,32889,2,1
32886,32887,32889,2,1
32886,32887,32889,2,1
32886,32887,32889,2,1
32886,32887,32889,2,1
32886,32887,32889,2,1
32886,32887,32889,2,1
32886,32887,32889,2,1
32886,32889,32890,1,3
32886,32887,32889,2,1
32886,32887,32889,2,1
32886,32887,32889,2,1
32886,32889,32890,1,3
32886,32887,32889,2,1
32886,32887,32889,2,1
32886,32887,32889,2,1
32886,32889,32890,1,3
32886,32889,32890,1,3
32886,32889,32890,1,3
32886,32889,32890,1,3
32886,32889,32890,1,3
32886,32889,32891,2,3
32886,32889,32890,1,3
32886,32889,32890,1,3
32886,32889,32890,1,3
32886,32889,32890,1,3
32886,32889,32890,1,3
32886,32889,32890,1,3
32886,32889,32890,1,3
32886,32889,32890,1,3
32886,32889,32890,1,3
32886,32889,32890,1,3
32886,32889,32890,1,3
32886,32889,32890,1,3
32886,32889,32890,1,3
32886,32889,32891,2,3
32886,32889,32891,2,3
32886,32889,32891,2,3
32734,32736,32894,158,2
32872,32894,32895,1,22
32872,32894,32895,1,22
32750,32750,32895,145,0
32872,32894,32895,1,22
32872,32894,32895,1,22
32872,32894,32895,1,22
32872,32894,32895,1,22
32900,32900,32901,1,0
32900,32900,32902,2,0
32900,32900,32902,2,0
32900,32900,32901,1,0
32900,32900,32901,1,0
32900,32900,32902,2,0
32900,32900,32902,2,0
32900,32900,32902,2,0
32900,32900,32902,2,0
32900,32900,32902,2,0
32900,32900,32902,2,0
32900,32900,32902,2,0
32900,32900,32901,1,0
32900,32900,32902,2,0
32900,32900,32902,2,0
32900,32900,32902,2,0
32900,32900,32902,2,0
32900,32900,32902,2,0
32900,32900,32902,2,0
32900,32900,32902,2,0
32900,32900,32902,2,0
32900,32900,32902,2,0
32900,32900,32901,1,0
32900,32900,32902,2,0
32900,32900,32902,2,0
32900,32900,32902,2,0
32900,32900,32902,2,0
32900,32900,32902,2,0
32900,32900,32902,2,0
32900,32900,32902,2,0
32900,32900,32902,2,0
32900,32900,32902,2,0
32900,32900,32902,2,0
32900,32900,32902,2,0
32900,32900,32902,2,0
32900,32900,32902,2,0
32900,32900,32902,2,0
32900,32900,32902,2,0
32900,32900,32902,2,0
32900,32900,32901,1,0
32900,32900,32902,2,0
32900,32900,32902,2,0
32900,32900,32901,1,0
32900,32901,32902,1,1
32900,32901,32903,2,1
32900,32901,32902,1,1
32900,32901,32902,1,1
32900,32900,32902,2,0
32900,32900,32902,2,0
32900,32900,32902,2,0
32900,32900,32902,2,0
32900,32900,32903,3,0
32900,32900,32903,3,0
32900,32900,32902,2,0
32900,32900,32902,2,0
32900,32901,32903,2,1
32900,32900,32902,2,0
32900,32900,32902,2,0
32900,32900,32902,2,0
32900,32900,32902,2,0
32900,32900,32902,2,0
32900,32900,32902,2,0
32900,32901,32903,2,1
32900,32901,32903,2,1
32900,32902,32903,1,2
32900,32902,32903,1,2
32900,32902,32903,1,2
32900,32902,32903,1,2
32900,32902,32903,1,2
32900,32902,32904,2,2
32900,32902,32903,1,2
32900,32902,32904,2,2
32900,32902,32904,2,2
32900,32902,32904,2,2
32900,32902,32904,2,2
32900,32902,32904,2,2
32900,32902,32904,2,2
32900,32902,32904,2,2
32900,32902,32904,2,2
32900,32902,32904,2,2
32728,32728,32907,179,0
32748,32748,32909,161,0
32761,32761,32911,150,0
32911,32911,32913,2,0
32911,32911,32913,2,0
32911,32911,32913,2,0
32911,32911,32913,2,0
32911,32911,32913,2,0
32911,32911,32913,2,0
32911,32911,32913,2,0
32911,32911,32913,2,0
32911,32911,32913,2,0
32911,32911,32913,2,0
32911,32911,32913,2,0
32911,32911,32913,2,0
32911,32911,32913,2,0
32911,32911,32913,2,0
32911,32911,32913,2,0
32911,32911,32913,2,0
32911,32911,32913,2,0
32911,32911,32913,2,0
32911,32911,32913,2,0
32911,32911,32913,2,0
32911,32911,32913,2,0
32911,32911,32913,2,0
32911,32911,32913,2,0
32911,32911,32913,2,0
32911,32911,32913,2,0
32911,32911,32913,2,0
32911,32911,32913,2,0
32911,32911,32913,2,0
32911,32911,32913,2,0
32911,32911,32913,2,0
32911,32911,32913,2,0
32911,32911,32913,2,0
32911,32911,32913,2,0
32911,32912,32913,1,1
32911,32912,32913,1,1
32911,32912,32913,1,1
32911,32912,32914,2,1
32911,32912,32913,1,1
32911,32912,32914,2,1
32911,32912,32913,1,1
32923,32923,32924,1,0
32923,32923,32925,2,0
32923,32923,32925,2,0
32923,32923,32925,2,0
32923,32923,32925,2,0
32923,32923,32925,2,0
32923,32923,32925,2,0
32923,32923,32925,2,0
32923,32923,32925,2,0
32923,32923,32925,2,0
32923,32923,32925,2,0
32923,32923,32925,2,0
32923,32923,32925,2,0
32923,32923,32925,2,0
32923,32923,32925,2,0
32923,32923,32925,2,0
32923,32923,32925,2,0
32923,32923,32925,2,0
32923,32923,32925,2,0
32923,32923,32925,2,0
32923,32923,32925,2,0
32923,32923,32925,2,0
32923,32923,32925,2,0
32923,32923,32925,2,0
32923,32923,32925,2,0
32923,32923,32925,2,0
32923,32923,32925,2,0
32923,32923,32925,2,0
32923,32923,32925,2,0
32923,32923,32925,2,0
32923,32923,32925,2,0
32672,32672,32930,258,0
32930,32931,32932,1,1
32930,32931,32932,1,1
32930,32931,32932,1,1
32930,32931,32932,1,1
32930,32931,32933,2,1
32930,32931,32933,2,1
32930,32931,32933,2,1
32930,32931,32932,1,1
32930,32931,32932,1,1
32930,32931,32933,2,1
32930,32931,32933,2,1
32930,32931,32932,1,1
32930,32931,32932,1,1
32930,32931,32932,1,1
32930,32931,32932,1,1
32930,32931,32932,1,1
32930,32931,32932,1,1
32930,32931,32933,2,1
32930,32931,32932,1,1
32930,32931,32932,1,1
32930,32931,32932,1,1
32930,32931,32933,2,1
32930,32931,32933,2,1
32930,32931,32932,1,1
32930,32931,32932,1,1
32930,32931,32932,1,1
32930,32931,32932,1,1
32930,32931,32932,1,1
32930,32931,32933,2,1
32930,32931,32933,2,1
32930,32931,32932,1,1
32932,32932,32933,1,0
32930,32931,32932,1,1
32930,32931,32933,2,1
32930,32931,32932,1,1
32930,32931,32932,1,1
32930,32931,32933,2,1
32930,32931,32932,1,1
32930,32931,32933,2,1
32930,32931,32933,2,1
32930,32931,32932,1,1
32932,32932,32933,1,0
32932,32932,32933,1,0
32932,32932,32933,1,0
32932,32932,32933,1,0
32932,32932,32933,1,0
32932,32932,32934,2,0
32932,32932,32934,2,0
32932,32932,32933,1,0
32932,32932,32934,2,0
32932,32932,32933,1,0
32932,32932,32933,1,0
32932,32932,32933,1,0
32932,32932,32933,1,0
32932,32933,32934,1,1
32932,32933,32934,1,1
32932,32933,32934,1,1
32932,32933,32934,1,1
32932,32933,32935,2,1
32932,32933,32934,1,1
32932,32933,32934,1,1
32932,32933,32935,2,1
32932,32933,32934,1,1
32932,32933,32935,2,1
32932,32933,32934,1,1
32932,32933,32935,2,1
32932,32933,32935,2,1
32932,32933,32934,1,1
32932,32933,32935,2,1
32932,32933,32935,2,1
32932,32933,32935,2,1
32932,32933,32935,2,1
32932,32933,32935,2,1
32932,32933,32935,2,1
32932,32933,32934,1,1
32932,32933,32935,2,1
32932,32933,32935,2,1
32932,32933,32935,2,1
32932,32933,32935,2,1
32932,32933,32934,1,1
32923,32923,32940,17,0
32923,32924,32946,22,1
32923,32924,32945,21,1
32923,32924,32950,26,1
32923,32924,32950,26,1
32923,32924,32950,26,1
32810,32810,32952,142,0
32923,32923,32942,19,0
32923,32923,32946,23,0
32923,32923,32944,21,0
32958,32958,32959,1,0
32958,32958,32959,1,0
32958,32958,32959,1,0
32958,32958,32959,1,0
32958,32958,32960,2,0
32958,32958,32959,1,0
32958,32958,32960,2,0
32958,32958,32959,1,0
32958,32958,32959,1,0
32958,32958,32960,2,0
32958,32958,32959,1,0
32958,32958,32959,1,0
32958,32958,32959,1,0
32958,32958,32960,2,0
32958,32958,32960,2,0
32958,32958,32959,1,0
32958,32958,32959,1,0
32958,32958,32959,1,0
32958,32958,32959,1,0
32958,32958,32960,2,0
32958,32958,32960,2,0
32958,32958,32959,1,0
32958,32958,32959,1,0
32958,32958,32961,3,0
32958,32958,32961,3,0
32958,32958,32964,6,0
32958,32958,32963,5,0
32958,32967,32968,1,9
32958,32958,32968,10,0
32958,32967,32968,1,9
32958,32967,32968,1,9
32958,32958,32969,11,0
32835,32835,32974,139,0
32975,32975,32976,1,0
32975,32975,32976,1,0
32975,32975,32976,1,0
32975,32975,32976,1,0
32975,32975,32976,1,0
32975,32975,32976,1,0
32975,32975,32976,1,0
32975,32975,32976,1,0
32975,32975,32976,1,0
32975,32975,32976,1,0
32975,32975,32976,1,0
32975,32975,32977,2,0
32975,32975,32976,1,0
32975,32975,32976,1,0
32975,32975,32976,1,0
32975,32975,32976,1,0
32975,32975,32976,1,0
32975,32975,32976,1,0
32975,32975,32976,1,0
32975,32975,32976,1,0
32975,32975,32976,1,0
32975,32975,32976,1,0
32975,32975,32976,1,0
32975,32975,32976,1,0
32975,32975,32976,1,0
32975,32975,32976,1,0
32975,32975,32976,1,0
32975,32975,32976,1,0
32975,32975,32976,1,0
32975,32975,32976,1,0
32975,32975,32976,1,0
32975,32975,32976,1,0
32829,32829,32980,151,0
32981,32981,32983,2,0
32981,32981,32983,2,0
32981,32981,32983,2,0
32981,32982,32983,1,1
32981,32982,32983,1,1
32981,32982,32983,1,1
32981,32981,32983,2,0
32981,32981,32983,2,0
32981,32981,32983,2,0
32981,32981,32983,2,0
32981,32981,32983,2,0
32981,32981,32983,2,0
32981,32981,32983,2,0
32981,32981,32983,2,0
32981,32982,32983,1,1
32981,32981,32983,2,0
32981,32981,32983,2,0
32981,32981,32983,2,0
32981,32982,32983,1,1
32981,32982,32983,1,1
32981,32982,32983,1,1
32981,32981,32983,2,0
32981,32981,32983,2,0
32981,32981,32983,2,0
32981,32982,32983,1,1
32981,32982,32983,1,1
32981,32982,32983,1,1
32981,32982,32983,1,1
32981,32982,32983,1,1
32981,32982,32983,1,1
32981,32982,32983,1,1
32981,32982,32983,1,1
32981,32982,32983,1,1
32981,32982,32983,1,1
32981,32982,32983,1,1
32981,32981,32983,2,0
32981,32981,32983,2,0
32981,32981,32983,2,0
32981,32981,32983,2,0
32981,32981,32984,3,0
32958,32958,32971,13,0
32958,32958,32968,10,0
32958,32958,32969,11,0
32975,32986,32989,3,11
32975,32986,32991,5,11
32683,32683,32991,308,0
32802,32802,32993,191,0
32975,32975,32994,19,0
32958,32958,32994,36,0
32958,32958,32994,36,0
32958,32958,32994,36,0
32975,32976,32994,18,1
32992,32993,32994,1,1
32992,32993,32994,1,1
32992,32993,32994,1,1
32992,32993,32994,1,1
32992,32993,32994,1,1
32992,32993,32994,1,1
32992,32993,32994,1,1
32992,32993,32995,2,1
32992,32993,32994,1,1
32992,32993,32994,1,1
32992,32993,32994,1,1
32992,32993,32994,1,1
32992,32993,32994,1,1
32992,32993,32994,1,1
32992,32993,32994,1,1
32992,32993,32994,1,1
32992,32993,32994,1,1
32992,32993,32994,1,1
32992,32993,32994,1,1
32992,32993,32994,1,1
32992,32993,32994,1,1
32992,32993,32994,1,1
32992,32993,32994,1,1
32992,32993,32994,1,1
32992,32993,32994,1,1
32992,32993,32994,1,1
32992,32993,32995,2,1
32992,32993,32995,2,1
32992,32993,32995,2,1
32992,32993,32995,2,1
32992,32993,32995,2,1
32992,32993,32997,4,1
32992,32993,32996,3,1
32992,32993,32996,3,1
32995,32995,32997,2,0
32995,32995,32997,2,0
32995,32995,32997,2,0
32995,32995,32997,2,0
32995,32995,32997,2,0
32995,32995,32997,2,0
32995,32995,32997,2,0
32995,32995,32997,2,0
32995,32995,32997,2,0
32995,32995,32997,2,0
32995,32995,32997,2,0
32995,32995,32997,2,0
32995,32996,32997,1,1
32995,32996,32997,1,1
32995,32996,32997,1,1
32995,32995,32997,2,0
32995,32995,32997,2,0
32995,32995,32997,2,0
32995,32995,32997,2,0
32995,32995,32997,2,0
32995,32995,32997,2,0
32995,32995,32997,2,0
32995,32995,32997,2,0
32995,32995,32997,2,0
32995,32995,32997,2,0
32995,32995,32997,2,0
32995,32995,32997,2,0
32995,32995,32997,2,0
32995,32995,32997,2,0
32995,32995,32997,2,0
32995,32996,32998,2,1
32797,32797,32997,200,0
32995,32996,32998,2,1
32995,32996,32998,2,1
32995,32996,32998,2,1
32999,32999,33001,2,0
32999,32999,33001,2,0
32999,32999,33001,2,0
32999,32999,33001,2,0
32999,32999,33001,2,0
32999,32999,33001,2,0
32999,32999,33001,2,0
32999,32999,33001,2,0
32999,32999,33001,2,0
32999,32999,33001,2,0
32999,32999,33000,1,0
32999,32999,33001,2,0
32999,32999,33001,2,0
32999,32999,33001,2,0
32999,32999,33001,2,0
32999,32999,33001,2,0
32999,32999,33001,2,0
32999,32999,33001,2,0
32999,32999,33001,2,0
32999,32999,33001,2,0
32999,32999,33000,1,0
32999,32999,33001,2,0
32999,32999,33001,2,0
32999,32999,33001,2,0
32999,32999,33001,2,0
32999,32999,33001,2,0
32999,32999,33001,2,0
32999,32999,33001,2,0
32999,32999,33001,2,0
32999,32999,33001,2,0
32999,32999,33001,2,0
32999,32999,33001,2,0
32999,32999,33001,2,0
32999,32999,33001,2,0
32999,32999,33001,2,0
32999,32999,33001,2,0
32999,32999,33001,2,0
32872,32872,33003,131,0
32975,32975,33003,28,0
32763,32763,33003,240,0
32975,32975,33004,29,0
32975,32975,33003,28,0
32975,32975,33004,29,0
32992,32993,33005,12,1
33004,33004,33005,1,0
33004,33004,33005,1,0
33004,33004,33005,1,0
33004,33004,33005,1,0
33004,33004,33005,1,0
33004,33004,33005,1,0
33004,33004,33006,2,0
33004,33004,33006,2,0
33004,33004,33006,2,0
33004,33004,33006,2,0
33004,33004,33006,2,0
33004,33004,33006,2,0
33004,33004,33006,2,0
33004,33004,33005,1,0
33004,33004,33006,2,0
33004,33004,33006,2,0
33004,33004,33006,2,0
33004,33004,33006,2,0
33004,33004,33005,1,0
33004,33004,33005,1,0
33004,33004,33005,1,0
33004,33004,33005,1,0
33004,33004,33006,2,0
33004,33004,33006,2,0
32786,32787,33005,218,1
33004,33004,33005,1,0
33004,33004,33005,1,0
33004,33004,33005,1,0
33004,33004,33005,1,0
33004,33004,33005,1,0
33004,33004,33005,1,0
33004,33004,33006,2,0
33004,33004,33007,3,0
33004,33004,33007,3,0
33010,33010,33012,2,0
33010,33010,33012,2,0
33010,33010,33012,2,0
33010,33010,33012,2,0
33010,33010,33012,2,0
33010,33010,33012,2,0
33010,33010,33012,2,0
33010,33010,33012,2,0
33010,33010,33012,2,0
33010,33010,33012,2,0
33010,33010,33012,2,0
33010,33010,33012,2,0
33010,33010,33012,2,0
33010,33010,33012,2,0
33010,33010,33012,2,0
33010,33010,33012,2,0
33010,33010,33012,2,0
33010,33010,33012,2,0
33010,33010,33012,2,0
33010,33010,33012,2,0
33010,33010,33012,2,0
33010,33010,33012,2,0
33010,33010,33012,2,0
33010,33010,33012,2,0
33010,33010,33012,2,0
33010,33010,33012,2,0
33010,33010,33012,2,0
33010,33012,33013,1,2
33010,33010,33013,3,0
33010,33010,33012,2,0
33010,33010,33013,3,0
33010,33010,33012,2,0
33010,33010,33012,2,0
33010,33010,33012,2,0
33010,33010,33012,2,0
33012,33012,33014,2,0
33012,33012,33014,2,0
33012,33012,33014,2,0
33012,33012,33014,2,0
33012,33012,33014,2,0
33012,33012,33014,2,0
33012,33012,33014,2,0
33012,33013,33014,1,1
33012,33013,33014,1,1
33012,33013,33014,1,1
33012,33013,33014,1,1
33012,33013,33014,1,1
33012,33013,33014,1,1
33012,33012,33014,2,0
33012,33012,33014,2,0
33012,33013,33014,1,1
33012,33013,33014,1,1
33012,33013,33014,1,1
33012,33013,33014,1,1
33012,33013,33014,1,1
33012,33013,33014,1,1
33012,33013,33014,1,1
33012,33013,33014,1,1
33012,33014,33015,1,2
33012,33014,33015,1,2
33012,33014,33015,1,2
33012,33014,33015,1,2
33012,33014,33015,1,2
33012,33014,33015,1,2
33012,33014,33015,1,2
33012,33015,33016,1,3
33012,33014,33015,1,2
33012,33014,33015,1,2
33012,33014,33015,1,2
33012,33015,33016,1,3
33012,33015,33016,1,3
33012,33015,33016,1,3
33012,33015,33016,1,3
33012,33015,33016,1,3
33012,33015,33016,1,3
32958,32958,33011,53,0
32992,33016,33017,1,24
32863,32863,33017,154,0
32958,32958,33017,59,0
32992,33016,33018,2,24
32992,33016,33018,2,24
32992,33016,33018,2,24
32995,33016,33018,2,21
32995,33016,33018,2,21
32995,32996,33018,22,1
32995,32996,33018,22,1
32995,32996,33018,22,1
32995,32996,33019,23,1
32992,32993,33023,30,1
32999,32999,33024,25,0
32999,32999,33023,24,0
32999,32999,33024,25,0
33023,33023,33024,1,0
33023,33023,33024,1,0
33010,33010,33025,15,0
33023,33023,33024,1,0
33023,33023,33024,1,0
33023,33023,33024,1,0
33023,33023,33024,1,0
33023,33023,33025,2,0
33023,33023,33025,2,0
33023,33023,33025,2,0
33023,33023,33025,2,0
33023,33023,33025,2,0
33023,33023,33025,2,0
33023,33023,33025,2,0
33023,33023,33025,2,0
33023,33023,33025,2,0
33023,33023,33025,2,0
33023,33023,33025,2,0
33023,33024,33025,1,1
33023,33024,33025,1,1
33023,33024,33025,1,1
33023,33024,33025,1,1
33023,33024,33025,1,1
33023,33024,33025,1,1
33023,33024,33025,1,1
33023,33023,33025,2,0
33023,33023,33025,2,0
33023,33023,33024,1,0
33023,33023,33025,2,0
33004,33026,33027,1,22
33004,33026,33027,1,22
33004,33026,33027,1,22
33004,33026,33027,1,22
33004,33026,33027,1,22
33004,33026,33027,1,22
33004,33026,33027,1,22
33010,33010,33032,22,0
33010,33010,33032,22,0
33010,33010,33032,22,0
33010,33010,33032,22,0
32874,32874,33038,164,0
33039,33039,33040,1,0
33039,33039,33041,2,0
33039,33039,33041,2,0
33039,33039,33041,2,0
33039,33039,33041,2,0
33039,33039,33041,2,0
33039,33039,33041,2,0
33039,33039,33041,2,0
33039,33039,33041,2,0
33039,33039,33041,2,0
33039,33039,33041,2,0
33039,33039,33041,2,0
33039,33039,33041,2,0
33039,33039,33041,2,0
33039,33039,33041,2,0
33039,33039,33041,2,0
33039,33040,33041,1,1
33039,33040,33041,1,1
33039,33040,33041,1,1
33039,33040,33041,1,1
33039,33040,33041,1,1
33039,33039,33041,2,0
33039,33039,33041,2,0
33039,33039,33041,2,0
33039,33039,33041,2,0
33039,33039,33041,2,0
33039,33039,33041,2,0
33039,33039,33041,2,0
33039,33039,33041,2,0
33039,33039,33041,2,0
33039,33039,33041,2,0
33039,33039,33041,2,0
33039,33039,33041,2,0
33039,33039,33041,2,0
33039,33039,33041,2,0
32931,32931,33042,111,0
33039,33039,33042,3,0
32901,32902,33043,141,1
33023,33042,33043,1,19
33023,33042,33044,2,19
33023,33042,33043,1,19
33023,33042,33043,1,19
33023,33042,33043,1,19
33023,33046,33047,1,23
33023,33046,33047,1,23
33023,33046,33047,1,23
33023,33046,33047,1,23
33023,33046,33047,1,23
33023,33046,33047,1,23
33023,33046,33047,1,23
33050,33050,33051,1,0
33050,33050,33052,2,0
33050,33050,33052,2,0
33050,33050,33052,2,0
33050,33050,33052,2,0
33050,33050,33052,2,0
33050,33050,33052,2,0
33050,33050,33052,2,0
33050,33050,33052,2,0
33050,33050,33051,1,0
33050,33050,33051,1,0
33050,33050,33052,2,0
33050,33050,33052,2,0
33050,33050,33051,1,0
33050,33050,33052,2,0
33050,33050,33052,2,0
33050,33050,33051,1,0
33050,33050,33051,1,0
33050,33050,33052,2,0
33050,33050,33052,2,0
33050,33050,33052,2,0
33050,33050,33051,1,0
33050,33050,33051,1,0
33050,33050,33052,2,0
33050,33050,33052,2,0
33050,33050,33052,2,0
33050,33050,33052,2,0
33050,33050,33051,1,0
33050,33050,33051,1,0
33050,33050,33051,1,0
33050,33050,33052,2,0
33050,33050,33052,2,0
33050,33050,33052,2,0
33050,33050,33052,2,0
33050,33050,33051,1,0
33050,33050,33051,1,0
33050,33050,33052,2,0
33050,33050,33052,2,0
33050,33050,33052,2,0
33050,33050,33052,2,0
33050,33050,33052,2,0
33050,33050,33051,1,0
33050,33050,33051,1,0
33050,33050,33051,1,0
33050,33050,33051,1,0
33050,33050,33052,2,0
33050,33050,33052,2,0
33050,33051,33052,1,1
33050,33050,33052,2,0
33050,33050,33052,2,0
33050,33052,33053,1,2
33050,33050,33054,4,0
33050,33050,33054,4,0
33050,33052,33054,2,2
33050,33052,33053,1,2
33050,33052,33053,1,2
33050,33052,33054,2,2
33050,33052,33054,2,2
33050,33052,33054,2,2
33050,33052,33054,2,2
33050,33052,33054,2,2
33050,33052,33053,1,2
33050,33052,33054,2,2
33050,33052,33054,2,2
33050,33052,33054,2,2
33050,33052,33054,2,2
33050,33052,33054,2,2
33050,33052,33053,1,2
33050,33052,33053,1,2
33050,33052,33054,2,2
33050,33052,33054,2,2
33050,33052,33054,2,2
33050,33052,33054,2,2
33050,33050,33054,4,0
33039,33041,33049,8,2
33039,33041,33058,17,2
33039,33041,33062,21,2
33039,33041,33069,28,2
33050,33078,33079,1,28
33050,33078,33079,1,28
33050,33078,33079,1,28
33050,33078,33079,1,28
33050,33078,33079,1,28
33050,33078,33079,1,28
32857,32857,33092,235,0
32959,32959,33092,133,0
33093,33093,33094,1,0
33093,33093,33094,1,0
33093,33093,33094,1,0
33093,33093,33094,1,0
33093,33093,33094,1,0
33093,33093,33094,1,0
33093,33093,33094,1,0
33093,33093,33094,1,0
33093,33093,33094,1,0
33093,33093,33094,1,0
33093,33093,33094,1,0
33093,33093,33094,1,0
33093,33093,33094,1,0
33093,33093,33094,1,0
33093,33093,33094,1,0
33093,33093,33094,1,0
33093,33093,33094,1,0
33093,33093,33094,1,0
33093,33093,33094,1,0
33093,33093,33095,2,0
33093,33093,33095,2,0
33093,33093,33094,1,0
33093,33093,33094,1,0
33093,33093,33095,2,0
33093,33093,33095,2,0
33093,33093,33094,1,0
33093,33093,33095,2,0
33093,33093,33094,1,0
33093,33093,33095,2,0
33093,33093,33095,2,0
33093,33093,33095,2,0
33093,33093,33094,1,0
33093,33093,33095,2,0
33093,33093,33095,2,0
33093,33093,33095,2,0
33093,33093,33095,2,0
33093,33093,33095,2,0
33093,33093,33095,2,0
33093,33093,33095,2,0
33093,33093,33095,2,0
33093,33094,33095,1,1
33093,33093,33095,2,0
33093,33093,33095,2,0
33093,33093,33095,2,0
33093,33093,33094,1,0
33093,33093,33095,2,0
33093,33093,33095,2,0
33093,33094,33095,1,1
33093,33094,33095,1,1
33093,33094,33095,1,1
33093,33094,33095,1,1
33093,33094,33096,2,1
33093,33093,33095,2,0
33093,33094,33096,2,1
33093,33094,33096,2,1
33093,33094,33096,2,1
33093,33094,33095,1,1
33093,33094,33095,1,1
33093,33094,33096,2,1
33093,33094,33095,1,1
33093,33094,33095,1,1
33093,33094,33096,2,1
33093,33095,33096,1,2
33093,33095,33097,2,2
33093,33095,33097,2,2
33093,33093,33104,11,0
33093,33093,33105,12,0
33093,33093,33104,11,0
32925,32925,33109,184,0
33093,33093,33109,16,0
33093,33093,33109,16,0
33110,33110,33111,1,0
33110,33110,33111,1,0
33110,33110,33111,1,0
33110,33110,33112,2,0
33110,33110,33112,2,0
33110,33110,33112,2,0
33110,33110,33112,2,0
33110,33110,33112,2,0
33110,33110,33112,2,0
33110,33110,33112,2,0
33110,33110,33112,2,0
33110,33110,33112,2,0
33110,33110,33112,2,0
33110,33110,33112,2,0
33110,33110,33112,2,0
33110,33110,33112,2,0
33110,33110,33112,2,0
33110,33110,33112,2,0
33110,33110,33112,2,0
33110,33110,33112,2,0
33110,33110,33112,2,0
33110,33110,33112,2,0
33110,33110,33112,2,0
33110,33110,33112,2,0
33110,33110,33112,2,0
33110,33110,33112,2,0
33110,33110,33112,2,0
33110,33110,33112,2,0
33110,33110,33112,2,0
33110,33110,33112,2,0
33110,33110,33112,2,0
33110,33110,33112,2,0
33110,33110,33112,2,0
33110,33111,33113,2,1
33110,33111,33113,2,1
33110,33110,33113,3,0
33110,33110,33113,3,0
33110,33110,33112,2,0
33093,33093,33113,20,0
32976,32976,33113,137,0
33110,33111,33113,2,1
33110,33111,33113,2,1
33115,33115,33116,1,0
33115,33115,33116,1,0
33115,33115,33117,2,0
33115,33115,33116,1,0
33115,33115,33117,2,0
33115,33115,33117,2,0
33115,33115,33116,1,0
33115,33115,33117,2,0
33115,33115,33117,2,0
33115,33115,33116,1,0
33115,33115,33116,1,0
33115,33115,33117,2,0
33115,33115,33117,2,0
33115,33115,33116,1,0
33115,33115,33116,1,0
33115,33115,33117,2,0
33115,33115,33117,2,0
33115,33115,33117,2,0
33115,33115,33117,2,0
33115,33115,33116,1,0
33115,33115,33116,1,0
33115,33115,33117,2,0
33115,33115,33117,2,0
33115,33115,33117,2,0
33115,33115,33117,2,0
33115,33115,33117,2,0
33115,33115,33117,2,0
33115,33115,33116,1,0
33115,33115,33116,1,0
33115,33115,33117,2,0
33115,33115,33117,2,0
33115,33115,33117,2,0
33115,33115,33117,2,0
33115,33115,33117,2,0
33115,33115,33120,5,0
33115,33115,33120,5,0
33115,33115,33120,5,0
33093,33107,33115,8,14
33115,33115,33123,8,0
33093,33093,33125,32,0
33093,33093,33120,27,0
33093,33107,33123,16,14
33115,33115,33129,14,0
32996,32996,33131,135,0
32982,32982,33131,149,0
33093,33093,33136,43,0
33093,33093,33136,43,0
33093,33093,33136,43,0
33134,33135,33136,1,1
33134,33135,33136,1,1
33134,33135,33136,1,1
33134,33135,33136,1,1
33134,33135,33137,2,1
33134,33135,33136,1,1
33134,33135,33136,1,1
33134,33135,33136,1,1
33134,33135,33136,1,1
33134,33135,33136,1,1
33134,33135,33136,1,1
33134,33135,33136,1,1
33134,33135,33136,1,1
33134,33135,33136,1,1
33134,33135,33137,2,1
33134,33135,33136,1,1
33134,33135,33136,1,1
33134,33135,33136,1,1
33134,33135,33136,1,1
33134,33135,33137,2,1
33134,33135,33136,1,1
33134,33135,33137,2,1
33134,33135,33136,1,1
33134,33135,33136,1,1
33134,33135,33136,1,1
33134,33135,33136,1,1
33134,33135,33136,1,1
33134,33135,33136,1,1
33134,33135,33137,2,1
33134,33135,33137,2,1
33134,33135,33137,2,1
33134,33135,33136,1,1
33134,33135,33136,1,1
33134,33135,33136,1,1
33134,33135,33136,1,1
33134,33135,33136,1,1
33134,33135,33136,1,1
33134,33135,33137,2,1
33134,33135,33136,1,1
33134,33135,33136,1,1
33134,33135,33136,1,1
33134,33135,33136,1,1
33134,33135,33136,1,1
33000,33000,33137,137,0
33115,33126,33137,11,11
33134,33135,33137,2,1
33134,33135,33137,2,1
33134,33136,33137,1,2
33134,33135,33137,2,1
33134,33137,33138,1,3
33134,33135,33137,2,1
33134,33135,33137,2,1
33134,33137,33138,1,3
33134,33137,33138,1,3
33134,33137,33138,1,3
33134,33137,33138,1,3
33134,33137,33138,1,3
33134,33137,33138,1,3
33134,33137,33138,1,3
33134,33137,33138,1,3
33134,33137,33138,1,3
33134,33137,33138,1,3
33134,33137,33138,1,3
33134,33137,33138,1,3
33134,33137,33139,2,3
33134,33137,33138,1,3
33134,33137,33138,1,3
33134,33137,33138,1,3
33134,33137,33138,1,3
33134,33137,33138,1,3
33134,33137,33138,1,3
33134,33137,33139,2,3
33134,33137,33138,1,3
33134,33137,33138,1,3
33093,33093,33139,46,0
33093,33101,33140,39,8
33134,33135,33144,9,1
33134,33135,33145,10,1
33134,33135,33145,10,1
33134,33135,33145,10,1
33134,33135,33148,13,1
33134,33135,33148,13,1
32940,32940,33151,211,0
33134,33140,33151,11,6
33151,33151,33152,1,0
33151,33151,33152,1,0
33151,33151,33153,2,0
33151,33151,33152,1,0
33151,33151,33152,1,0
33151,33151,33152,1,0
33151,33151,33152,1,0
33151,33151,33152,1,0
33151,33151,33153,2,0
33151,33151,33152,1,0
33151,33151,33152,1,0
33151,33151,33153,2,0
33151,33151,33153,2,0
33151,33151,33153,2,0
33151,33151,33152,1,0
33151,33151,33153,2,0
33151,33151,33153,2,0
33151,33151,33153,2,0
33151,33151,33152,1,0
33151,33151,33153,2,0
33151,33151,33153,2,0
33151,33151,33153,2,0
33151,33151,33152,1,0
33151,33151,33152,1,0
33151,33151,33153,2,0
33151,33151,33153,2,0
33151,33151,33153,2,0
33151,33151,33152,1,0
33151,33151,33152,1,0
33151,33151,33152,1,0
33151,33151,33153,2,0
33151,33151,33153,2,0
33151,33151,33153,2,0
33151,33151,33153,2,0
33151,33151,33153,2,0
33151,33151,33153,2,0
33156,33156,33157,1,0
33156,33156,33158,2,0
33156,33156,33158,2,0
33156,33156,33158,2,0
33156,33156,33157,1,0
33156,33156,33157,1,0
33156,33156,33158,2,0
33156,33156,33158,2,0
33156,33156,33157,1,0
33025,33025,33158,133,0
33156,33156,33158,2,0
33156,33156,33158,2,0
33156,33156,33157,1,0
33156,33156,33157,1,0
33156,33156,33158,2,0
33156,33156,33158,2,0
33156,33156,33158,2,0
33156,33156,33157,1,0
33156,33156,33157,1,0
33156,33156,33158,2,0
33156,33156,33158,2,0
33156,33156,33158,2,0
33156,33156,33157,1,0
33156,33156,33157,1,0
33156,33156,33158,2,0
33156,33156,33158,2,0
33156,33156,33158,2,0
33156,33156,33157,1,0
33156,33156,33157,1,0
33156,33156,33158,2,0
33156,33156,33158,2,0
33156,33156,33158,2,0
33156,33156,33158,2,0
33151,33151,33158,7,0
33151,33151,33159,8,0
32888,32889,33159,270,1
33156,33156,33159,3,0
33156,33156,33158,2,0
33156,33156,33158,2,0
33151,33151,33160,9,0
33156,33158,33159,1,2
32933,32933,33160,227,0
33156,33156,33159,3,0
33156,33156,33159,3,0
33162,33162,33164,2,0
33162,33162,33164,2,0
33162,33162,33164,2,0
33162,33162,33164,2,0
33162,33162,33164,2,0
33162,33162,33164,2,0
33162,33162,33164,2,0
33162,33162,33164,2,0
33162,33162,33164,2,0
33162,33162,33164,2,0
33162,33162,33164,2,0
33162,33163,33164,1,1
33162,33162,33164,2,0
33162,33162,33164,2,0
33162,33162,33164,2,0
33162,33162,33164,2,0
33162,33163,33164,1,1
33162,33163,33164,1,1
33162,33163,33164,1,1
33162,33162,33164,2,0
33162,33162,33164,2,0
33162,33162,33164,2,0
33162,33162,33164,2,0
33162,33163,33164,1,1
33162,33163,33164,1,1
33162,33163,33164,1,1
33162,33162,33164,2,0
33162,33162,33164,2,0
33162,33162,33164,2,0
33162,33162,33164,2,0
33162,33163,33164,1,1
33162,33163,33164,1,1
33162,33163,33164,1,1
33162,33162,33164,2,0
33162,33162,33164,2,0
33162,33162,33164,2,0
33162,33162,33164,2,0
33162,33163,33164,1,1
33162,33163,33164,1,1
33162,33162,33164,2,0
33162,33162,33164,2,0
33162,33162,33164,2,0
33162,33162,33164,2,0
33162,33163,33164,1,1
33162,33163,33164,1,1
33162,33163,33164,1,1
33162,33163,33164,1,1
33162,33165,33166,1,3
33162,33165,33166,1,3
33163,33165,33166,1,2
33162,33165,33166,1,3
33162,33165,33166,1,3
33162,33165,33166,1,3
33162,33165,33166,1,3
33162,33165,33166,1,3
33162,33165,33166,1,3
33162,33165,33166,1,3
33163,33165,33166,1,2
33163,33165,33166,1,2
33163,33165,33167,2,2
33162,33165,33166,1,3
33162,33165,33166,1,3
33163,33165,33166,1,2
33163,33165,33166,1,2
33163,33165,33167,2,2
33163,33165,33167,2,2
33163,33165,33167,2,2
33162,33165,33166,1,3
33162,33165,33166,1,3
33162,33165,33166,1,3
33163,33165,33167,2,2
33163,33165,33166,1,2
33163,33165,33167,2,2
33163,33165,33167,2,2
33163,33165,33167,2,2
33162,33165,33166,1,3
33162,33165,33166,1,3
33162,33165,33166,1,3
33163,33165,33166,1,2
33163,33165,33166,1,2
33163,33165,33167,2,2
33163,33165,33167,2,2
33162,33165,33166,1,3
33162,33165,33166,1,3
33163,33165,33166,1,2
33163,33165,33166,1,2
33163,33165,33166,1,2
33163,33165,33167,2,2
33163,33165,33167,2,2
33162,33165,33166,1,3
33163,33165,33166,1,2
33163,33165,33166,1,2
33163,33165,33166,1,2
33163,33165,33166,1,2
33163,33166,33167,1,3
33163,33166,33167,1,3
33163,33167,33168,1,4
33163,33167,33168,1,4
33163,33167,33168,1,4
33163,33167,33168,1,4
33163,33167,33168,1,4
33163,33166,33167,1,3
33151,33151,33164,13,0
33163,33167,33168,1,4
33163,33167,33168,1,4
33163,33167,33168,1,4
33163,33167,33168,1,4
33163,33167,33168,1,4
33011,33012,33169,157,1
33162,33163,33169,6,1
33162,33163,33169,6,1
33013,33015,33169,154,2
33162,33163,33170,7,1
33162,33163,33170,7,1
32947,32948,33171,223,1
33156,33156,33172,16,0
33156,33156,33172,16,0
33162,33163,33172,9,1
33162,33163,33172,9,1
33162,33163,33172,9,1
33051,33052,33172,120,1
32912,32912,33175,263,0
33162,33182,33183,1,20
33162,33182,33183,1,20
33162,33182,33183,1,20
33162,33182,33183,1,20
33162,33182,33183,1,20
33162,33182,33186,4,20
33187,33187,33189,2,0
33187,33187,33189,2,0
33187,33187,33189,2,0
33187,33187,33189,2,0
33187,33187,33189,2,0
33187,33188,33189,1,1
33187,33187,33189,2,0
33187,33187,33189,2,0
33187,33187,33189,2,0
33187,33187,33189,2,0
33187,33187,33189,2,0
33187,33187,33189,2,0
33187,33187,33189,2,0
33187,33187,33189,2,0
33187,33187,33189,2,0
33187,33187,33189,2,0
33187,33187,33189,2,0
33187,33187,33189,2,0
33187,33187,33189,2,0
33187,33187,33189,2,0
33187,33187,33189,2,0
33187,33187,33189,2,0
33187,33187,33189,2,0
33187,33187,33189,2,0
33187,33187,33189,2,0
33187,33187,33189,2,0
33187,33187,33189,2,0
33187,33187,33189,2,0
33187,33187,33189,2,0
33187,33187,33189,2,0
33187,33187,33189,2,0
33187,33187,33189,2,0
33187,33187,33189,2,0
33187,33187,33189,2,0
33187,33187,33189,2,0
33187,33187,33189,2,0
33187,33187,33189,2,0
33187,33188,33190,2,1
33187,33188,33189,1,1
33187,33188,33190,2,1
33187,33188,33189,1,1
33187,33188,33190,2,1
33187,33188,33189,1,1
33187,33188,33189,1,1
33187,33188,33189,1,1
33187,33188,33189,1,1
33187,33188,33189,1,1
33187,33187,33189,2,0
33187,33188,33189,1,1
33187,33188,33189,1,1
33187,33187,33190,3,0
33187,33187,33190,3,0
33187,33187,33190,3,0
33187,33187,33190,3,0
33187,33190,33191,1,3
33187,33187,33190,3,0
33187,33187,33190,3,0
33187,33187,33190,3,0
33187,33189,33190,1,2
33187,33188,33190,2,1
33187,33188,33190,2,1
33187,33189,33190,1,2
33187,33189,33190,1,2
33187,33189,33190,1,2
33187,33189,33190,1,2
33187,33190,33191,1,3
33187,33190,33191,1,3
33187,33190,33191,1,3
33187,33190,33191,1,3
33187,33191,33192,1,4
33187,33191,33192,1,4
33187,33190,33191,1,3
33187,33190,33191,1,3
33187,33190,33191,1,3
33187,33190,33191,1,3
33187,33190,33191,1,3
33187,33190,33191,1,3
33187,33190,33191,1,3
33187,33190,33191,1,3
33187,33190,33191,1,3
33187,33190,33191,1,3
33187,33191,33192,1,4
33187,33190,33191,1,3
33187,33190,33191,1,3
33187,33190,33191,1,3
33187,33190,33191,1,3
33187,33190,33191,1,3
33187,33190,33191,1,3
33187,33190,33191,1,3
33187,33190,33191,1,3
33187,33190,33192,2,3
33187,33190,33191,1,3
33187,33190,33192,2,3
33187,33190,33191,1,3
33187,33190,33192,2,3
33187,33190,33192,2,3
33187,33190,33192,2,3
33187,33190,33191,1,3
33187,33190,33191,1,3
33187,33190,33192,2,3
33187,33190,33191,1,3
33187,33190,33192,2,3
33187,33190,33191,1,3
33187,33190,33192,2,3
33187,33190,33192,2,3
33187,33190,33191,1,3
33187,33190,33192,2,3
33187,33190,33191,1,3
33187,33190,33191,1,3
33187,33190,33191,1,3
33187,33190,33191,1,3
33187,33190,33192,2,3
33187,33191,33192,1,4
33187,33191,33192,1,4
33187,33200,33201,1,13
33187,33200,33201,1,13
33187,33200,33201,1,13
33187,33200,33201,1,13
33187,33200,33201,1,13
33187,33200,33201,1,13
33203,33203,33204,1,0
33203,33203,33204,1,0
33203,33203,33205,2,0
33203,33203,33205,2,0
33203,33203,33205,2,0
33203,33203,33205,2,0
33203,33203,33205,2,0
33203,33203,33205,2,0
33203,33203,33205,2,0
33203,33203,33205,2,0
33203,33203,33205,2,0
33203,33203,33205,2,0
33203,33203,33205,2,0
33203,33203,33205,2,0
33203,33203,33205,2,0
33203,33203,33205,2,0
33203,33203,33205,2,0
33203,33203,33205,2,0
33203,33203,33204,1,0
33203,33203,33205,2,0
33203,33203,33205,2,0
33203,33203,33205,2,0
33203,33203,33204,1,0
33203,33203,33204,1,0
33203,33203,33205,2,0
33203,33203,33205,2,0
33203,33203,33205,2,0
33203,33203,33205,2,0
33203,33203,33205,2,0
33203,33203,33205,2,0
33203,33203,33205,2,0
33203,33203,33205,2,0
33203,33203,33205,2,0
33203,33203,33205,2,0
33203,33203,33205,2,0
33203,33203,33205,2,0
33203,33203,33204,1,0
33203,33203,33204,1,0
33203,33203,33205,2,0
33203,33203,33204,1,0
33203,33203,33206,3,0
33203,33203,33205,2,0
33203,33203,33205,2,0
33203,33203,33205,2,0
33203,33203,33206,3,0
33203,33205,33206,1,2
33203,33205,33206,1,2
33203,33203,33205,2,0
33203,33203,33205,2,0
33203,33203,33205,2,0
33203,33204,33205,1,1
33203,33204,33206,2,1
33203,33203,33207,4,0
33203,33205,33206,1,2
33203,33205,33207,2,2
33203,33205,33207,2,2
33203,33205,33207,2,2
33203,33205,33207,2,2
33203,33205,33206,1,2
33203,33205,33207,2,2
33203,33205,33207,2,2
33203,33205,33206,1,2
33203,33205,33207,2,2
33203,33203,33207,4,0
33203,33203,33207,4,0
33203,33203,33208,5,0
33203,33203,33208,5,0
33203,33203,33205,2,0
33203,33203,33205,2,0
33203,33203,33206,3,0
33203,33203,33205,2,0
33203,33203,33205,2,0
33203,33231,33232,1,28
33203,33231,33232,1,28
33041,33041,33237,196,0
33238,33239,33240,1,1
33238,33239,33240,1,1
33238,33239,33240,1,1
33238,33239,33240,1,1
33238,33239,33240,1,1
33238,33239,33240,1,1
33238,33239,33240,1,1
33238,33239,33240,1,1
33238,33239,33240,1,1
33238,33239,33241,2,1
33238,33239,33240,1,1
33238,33239,33240,1,1
33238,33239,33240,1,1
33238,33239,33240,1,1
33238,33239,33240,1,1
33238,33239,33241,2,1
33238,33239,33240,1,1
33238,33239,33240,1,1
33238,33239,33240,1,1
33238,33239,33241,2,1
33238,33239,33240,1,1
33238,33239,33240,1,1
33238,33239,33240,1,1
33238,33239,33240,1,1
33238,33239,33240,1,1
33203,33203,33230,27,0
33203,33203,33230,27,0
33238,33243,33248,5,5
33238,33243,33248,5,5
33238,33247,33249,2,9
33238,33247,33249,2,9
33238,33247,33249,2,9
33238,33247,33250,3,9
33238,33243,33249,6,5
33238,33243,33249,6,5
33203,33203,33249,46,0
33203,33203,33251,48,0
33203,33203,33251,48,0
33203,33203,33253,50,0
33111,33111,33258,147,0
33259,33259,33260,1,0
33259,33259,33261,2,0
33259,33259,33261,2,0
33259,33259,33261,2,0
33259,33259,33261,2,0
33259,33259,33261,2,0
33259,33259,33261,2,0
33259,33259,33261,2,0
33259,33259,33261,2,0
33259,33259,33261,2,0
33259,33259,33261,2,0
33259,33259,33261,2,0
33259,33259,33261,2,0
33259,33260,33261,1,1
33259,33259,33261,2,0
33259,33259,33261,2,0
33259,33259,33261,2,0
33259,33259,33261,2,0
33259,33259,33261,2,0
33259,33260,33261,1,1
33259,33259,33261,2,0
33259,33259,33261,2,0
33259,33259,33261,2,0
33259,33260,33261,1,1
33259,33260,33261,1,1
33259,33260,33261,1,1
33259,33259,33261,2,0
33259,33259,33261,2,0
33259,33259,33261,2,0
33259,33259,33262,3,0
33259,33259,33261,2,0
33259,33260,33262,2,1
33259,33260,33262,2,1
33259,33260,33262,2,1
33259,33260,33263,3,1
33259,33260,33263,3,1
33151,33152,33268,116,1
33095,33095,33268,173,0
33269,33269,33270,1,0
33269,33269,33270,1,0
33269,33269,33270,1,0
33269,33269,33271,2,0
33269,33269,33271,2,0
33269,33269,33271,2,0
33269,33269,33271,2,0
33269,33269,33270,1,0
33269,33269,33271,2,0
33269,33269,33271,2,0
33269,33269,33271,2,0
33269,33269,33271,2,0
33269,33269,33271,2,0
33269,33269,33271,2,0
33269,33269,33271,2,0
33269,33269,33271,2,0
33269,33269,33271,2,0
33269,33269,33271,2,0
33269,33269,33271,2,0
33269,33269,33271,2,0
33269,33269,33271,2,0
33269,33269,33271,2,0
33269,33269,33270,1,0
33269,33269,33271,2,0
33269,33269,33271,2,0
33136,33137,33271,134,1
33269,33269,33271,2,0
33269,33269,33271,2,0
33269,33269,33271,2,0
33269,33269,33271,2,0
33269,33269,33271,2,0
33269,33269,33271,2,0
33269,33270,33271,1,1
33269,33269,33271,2,0
33269,33269,33271,2,0
33269,33269,33271,2,0
33269,33270,33271,1,1
33269,33270,33271,1,1
33269,33269,33270,1,0
33269,33269,33270,1,0
33269,33269,33270,1,0
33269,33269,33270,1,0
33269,33270,33271,1,1
33269,33269,33271,2,0
33269,33269,33271,2,0
33269,33269,33271,2,0
33269,33269,33271,2,0
33269,33270,33271,1,1
33269,33270,33271,1,1
33269,33270,33271,1,1
33269,33271,33273,2,2
33269,33271,33273,2,2
33269,33271,33273,2,2
33269,33271,33273,2,2
33269,33271,33273,2,2
33269,33271,33273,2,2
33269,33271,33273,2,2
33269,33271,33273,2,2
33269,33271,33273,2,2
33269,33271,33273,2,2
33269,33271,33273,2,2
33269,33271,33273,2,2
33269,33271,33273,2,2
33269,33271,33273,2,2
33269,33271,33273,2,2
33269,33271,33273,2,2
33269,33271,33273,2,2
33269,33271,33273,2,2
33269,33271,33273,2,2
33269,33271,33273,2,2
33269,33271,33273,2,2
32994,32995,33273,278,1
33269,33271,33273,2,2
33269,33271,33273,2,2
33269,33271,33273,2,2
33269,33271,33273,2,2
33273,33274,33275,1,1
33273,33274,33275,1,1
33273,33273,33274,1,0
33273,33273,33274,1,0
33273,33273,33274,1,0
33273,33273,33274,1,0
33273,33273,33274,1,0
33273,33273,33274,1,0
33273,33273,33274,1,0
33273,33273,33275,2,0
33273,33273,33275,2,0
33273,33274,33275,1,1
33273,33273,33274,1,0
33273,33273,33274,1,0
33273,33273,33274,1,0
33273,33273,33275,2,0
33273,33274,33275,1,1
33273,33273,33274,1,0
33273,33273,33275,2,0
33273,33273,33275,2,0
33273,33273,33275,2,0
33273,33273,33275,2,0
33273,33274,33275,1,1
33273,33273,33274,1,0
33273,33273,33275,2,0
33273,33273,33275,2,0
33273,33273,33274,1,0
33273,33273,33274,1,0
33273,33273,33274,1,0
33273,33273,33274,1,0
33273,33273,33274,1,0
33273,33273,33274,1,0
33273,33274,33275,1,1
33273,33274,33275,1,1
33274,33274,33275,1,0
33274,33274,33275,1,0
33274,33274,33275,1,0
33273,33274,33275,1,1
33273,33274,33275,1,1
33273,33274,33275,1,1
33273,33274,33275,1,1
33273,33274,33275,1,1
33274,33274,33276,2,0
33274,33274,33276,2,0
33274,33275,33276,1,1
33274,33275,33277,2,1
33274,33275,33277,2,1
33274,33275,33277,2,1
33274,33275,33276,1,1
33274,33275,33276,1,1
33274,33275,33276,1,1
33274,33275,33276,1,1
33274,33275,33277,2,1
33274,33275,33276,1,1
33274,33275,33277,2,1
33274,33276,33277,1,2
33274,33276,33277,1,2
33274,33276,33277,1,2
33274,33276,33277,1,2
33274,33276,33277,1,2
33274,33276,33277,1,2
33274,33276,33277,1,2
33274,33276,33277,1,2
33274,33275,33277,2,1
33274,33276,33277,1,2
33274,33276,33277,1,2
33274,33276,33277,1,2
33274,33276,33277,1,2
33274,33276,33277,1,2
33274,33276,33277,1,2
33274,33276,33277,1,2
33274,33276,33277,1,2
33274,33276,33277,1,2
33274,33276,33277,1,2
33274,33276,33277,1,2
33274,33276,33277,1,2
33138,33138,33277,139,0
33116,33116,33283,167,0
33284,33284,33285,1,0
33284,33284,33285,1,0
33259,33283,33285,2,24
33259,33283,33285,2,24
33259,33283,33285,2,24
33259,33283,33285,2,24
33284,33284,33286,2,0
33284,33284,33286,2,0
33284,33284,33286,2,0
33284,33284,33286,2,0
33284,33284,33285,1,0
33284,33284,33286,2,0
33284,33284,33286,2,0
33284,33284,33286,2,0
33284,33284,33286,2,0
33284,33284,33285,1,0
33284,33284,33286,2,0
33284,33284,33286,2,0
33284,33284,33286,2,0
33284,33284,33286,2,0
33284,33284,33286,2,0
33284,33284,33286,2,0
33284,33284,33286,2,0
33284,33284,33285,1,0
33284,33284,33285,1,0
33284,33284,33286,2,0
33284,33284,33285,1,0
33284,33284,33286,2,0
33284,33284,33286,2,0
33284,33284,33286,2,0
33284,33284,33286,2,0
33284,33284,33285,1,0
33284,33284,33285,1,0
33284,33284,33285,1,0
33284,33284,33285,1,0
33284,33284,33285,1,0
33284,33284,33285,1,0
33284,33284,33286,2,0
33284,33284,33286,2,0
33284,33284,33286,2,0
33284,33284,33286,2,0
33094,33095,33291,196,1
33269,33269,33293,24,0
33292,33293,33294,1,1
33292,33293,33294,1,1
33292,33293,33294,1,1
33292,33293,33294,1,1
33292,33293,33294,1,1
33292,33293,33294,1,1
33292,33293,33294,1,1
33292,33293,33294,1,1
33292,33293,33294,1,1
33292,33293,33294,1,1
33292,33293,33294,1,1
33292,33293,33294,1,1
33292,33293,33294,1,1
33292,33293,33294,1,1
33292,33293,33294,1,1
33292,33293,33294,1,1
33292,33293,33294,1,1
33292,33293,33294,1,1
33292,33293,33294,1,1
33292,33293,33294,1,1
33292,33293,33294,1,1
33292,33293,33294,1,1
33292,33293,33294,1,1
33292,33293,33294,1,1
33292,33293,33294,1,1
33292,33293,33294,1,1
33292,33293,33294,1,1
33292,33293,33294,1,1
33292,33293,33294,1,1
33292,33293,33294,1,1
33292,33293,33294,1,1
33294,33294,33295,1,0
33294,33294,33295,1,0
33294,33294,33295,1,0
33294,33294,33296,2,0
33294,33294,33296,2,0
33294,33295,33297,2,1
33294,33296,33297,1,2
33294,33296,33297,1,2
33294,33295,33297,2,1
33294,33296,33297,1,2
33294,33294,33296,2,0
33294,33296,33297,1,2
33294,33296,33297,1,2
33294,33296,33297,1,2
33294,33296,33297,1,2
33294,33295,33296,1,1
33294,33295,33297,2,1
33294,33295,33296,1,1
33294,33295,33297,2,1
33294,33295,33296,1,1
33294,33295,33297,2,1
33294,33295,33296,1,1
33294,33295,33296,1,1
33294,33295,33296,1,1
33294,33295,33296,1,1
33294,33295,33296,1,1
33294,33295,33296,1,1
33294,33295,33296,1,1
33294,33295,33296,1,1
33164,33167,33297,130,3
33294,33295,33297,2,1
33294,33296,33297,1,2
33294,33296,33297,1,2
33294,33296,33297,1,2
33294,33296,33297,1,2
33294,33295,33297,2,1
33294,33295,33297,2,1
33294,33296,33297,1,2
33294,33296,33297,1,2
33294,33296,33297,1,2
33294,33296,33297,1,2
33269,33269,33298,29,0
33269,33269,33298,29,0
33269,33269,33298,29,0
33269,33269,33298,29,0
33269,33269,33298,29,0
33298,33298,33299,1,0
33298,33298,33300,2,0
33298,33298,33300,2,0
33298,33298,33300,2,0
33298,33298,33300,2,0
33298,33298,33300,2,0
33298,33298,33300,2,0
33298,33298,33299,1,0
33298,33298,33300,2,0
33298,33298,33300,2,0
33298,33298,33300,2,0
33298,33298,33300,2,0
33298,33298,33299,1,0
33166,33167,33300,133,1
33298,33298,33299,1,0
33298,33298,33300,2,0
33298,33298,33300,2,0
33298,33298,33300,2,0
33298,33298,33300,2,0
33298,33298,33300,2,0
33298,33298,33300,2,0
33298,33298,33300,2,0
33298,33298,33299,1,0
33298,33298,33300,2,0
33298,33298,33300,2,0
33298,33298,33300,2,0
33298,33298,33300,2,0
33298,33298,33300,2,0
33298,33298,33300,2,0
33298,33298,33300,2,0
33298,33298,33300,2,0
33298,33298,33300,2,0
33298,33298,33300,2,0
33298,33298,33300,2,0
33298,33298,33300,2,0
33298,33298,33300,2,0
33298,33298,33300,2,0
33298,33298,33299,1,0
33298,33298,33299,1,0
33298,33298,33300,2,0
33298,33298,33299,1,0
33238,33239,33300,61,1
33274,33275,33276,1,1
33274,33275,33276,1,1
33274,33275,33276,1,1
33062,33062,33302,240,0
33238,33239,33302,63,1
33238,33239,33302,63,1
33238,33239,33302,63,1
33238,33239,33302,63,1
33238,33239,33302,63,1
33284,33302,33304,2,18
33284,33302,33304,2,18
33284,33302,33304,2,18
33292,33295,33309,14,3
33292,33295,33310,15,3
33292,33295,33317,22,3
33292,33295,33317,22,3
33292,33295,33317,22,3
33316,33316,33318,2,0
33316,33316,33318,2,0
33316,33316,33317,1,0
33316,33316,33318,2,0
33316,33316,33318,2,0
33316,33316,33318,2,0
33316,33316,33318,2,0
33316,33316,33318,2,0
33316,33316,33317,1,0
33316,33316,33318,2,0
33316,33316,33318,2,0
33316,33316,33318,2,0
33316,33316,33318,2,0
33316,33316,33318,2,0
33316,33316,33317,1,0
33316,33316,33317,1,0
33316,33316,33318,2,0
33316,33316,33318,2,0
33316,33316,33317,1,0
33316,33316,33317,1,0
33316,33316,33318,2,0
33316,33316,33318,2,0
33316,33316,33317,1,0
33316,33316,33317,1,0
33316,33316,33318,2,0
33316,33316,33318,2,0
33316,33316,33318,2,0
33316,33316,33318,2,0
33316,33316,33318,2,0
33316,33316,33318,2,0
33316,33316,33318,2,0
33316,33316,33318,2,0
33316,33316,33318,2,0
33316,33316,33318,2,0
33316,33316,33318,2,0
33316,33318,33320,2,2
33316,33318,33320,2,2
33316,33318,33320,2,2
33316,33318,33320,2,2
33316,33318,33320,2,2
33316,33318,33320,2,2
33316,33318,33319,1,2
33316,33318,33319,1,2
33316,33318,33319,1,2
33316,33318,33320,2,2
33316,33318,33320,2,2
33316,33318,33320,2,2
33316,33318,33320,2,2
33316,33318,33319,1,2
33316,33318,33319,1,2
33316,33318,33319,1,2
33316,33318,33319,1,2
33316,33318,33319,1,2
33157,33157,33320,163,0
33168,33168,33320,152,0
33316,33316,33321,5,0
33316,33316,33320,4,0
33316,33317,33321,4,1
33316,33318,33321,3,2
33316,33318,33320,2,2
33316,33318,33320,2,2
33316,33318,33320,2,2
33316,33318,33320,2,2
33292,33319,33322,3,27
33292,33319,33322,3,27
33292,33319,33322,3,27
33292,33319,33322,3,27
33316,33318,33321,3,2
33332,33333,33335,2,1
33332,33333,33334,1,1
33332,33333,33334,1,1
33332,33333,33334,1,1
33332,33333,33335,2,1
33332,33333,33334,1,1
33332,33333,33334,1,1
33332,33333,33334,1,1
33332,33333,33334,1,1
33332,33333,33334,1,1
33332,33333,33335,2,1
33332,33333,33334,1,1
33332,33333,33334,1,1
33332,33333,33334,1,1
33332,33333,33334,1,1
33332,33333,33334,1,1
33332,33333,33335,2,1
33332,33333,33334,1,1
33332,33333,33334,1,1
33332,33333,33334,1,1
33332,33333,33334,1,1
33332,33333,33334,1,1
33332,33333,33334,1,1
33332,33333,33335,2,1
33332,33333,33334,1,1
33332,33333,33334,1,1
33332,33333,33335,2,1
33332,33333,33334,1,1
33316,33334,33335,1,18
33316,33334,33335,1,18
33332,33333,33335,2,1
33332,33333,33335,2,1
33332,33333,33335,2,1
33332,33333,33335,2,1
33332,33333,33335,2,1
33332,33333,33335,2,1
33332,33333,33335,2,1
33332,33333,33335,2,1
33332,33333,33335,2,1
33332,33333,33335,2,1
33332,33333,33335,2,1
33332,33333,33335,2,1
33316,33334,33336,2,18
33316,33334,33336,2,18
33316,33334,33336,2,18
33316,33334,33336,2,18
33005,33005,33338,333,0
33316,33338,33340,2,22
33316,33338,33340,2,22
33316,33338,33340,2,22
33316,33338,33339,1,22
33316,33338,33339,1,22
33316,33338,33339,1,22
33345,33346,33347,1,1
33345,33346,33347,1,1
33345,33346,33347,1,1
33345,33346,33347,1,1
33345,33346,33347,1,1
33345,33346,33347,1,1
33345,33346,33347,1,1
33345,33346,33347,1,1
33345,33346,33347,1,1
33345,33346,33347,1,1
33345,33346,33347,1,1
33345,33346,33347,1,1
33345,33346,33347,1,1
33345,33346,33347,1,1
33345,33346,33347,1,1
33345,33346,33347,1,1
33345,33346,33348,2,1
33345,33346,33347,1,1
33345,33346,33348,2,1
33345,33346,33347,1,1
33345,33346,33347,1,1
33345,33346,33347,1,1
33345,33346,33347,1,1
33345,33346,33348,2,1
33345,33346,33348,2,1
33345,33346,33348,2,1
33345,33346,33348,2,1
33352,33352,33354,2,0
33352,33352,33354,2,0
33352,33352,33354,2,0
33352,33352,33354,2,0
33352,33352,33353,1,0
33352,33352,33354,2,0
33352,33352,33354,2,0
33352,33352,33354,2,0
33352,33352,33354,2,0
33352,33352,33354,2,0
33352,33352,33353,1,0
33352,33352,33353,1,0
33352,33352,33354,2,0
33352,33352,33354,2,0
33352,33352,33354,2,0
33352,33352,33354,2,0
33352,33352,33354,2,0
33352,33352,33353,1,0
33352,33352,33354,2,0
33352,33352,33354,2,0
33352,33352,33354,2,0
33352,33352,33354,2,0
33352,33352,33354,2,0
33352,33352,33354,2,0
33352,33352,33354,2,0
33316,33316,33356,40,0
33316,33316,33355,39,0
33316,33316,33355,39,0
33352,33352,33362,10,0
33352,33352,33362,10,0
33352,33352,33362,10,0
33352,33352,33362,10,0
33352,33352,33361,9,0
33316,33316,33358,42,0
33239,33239,33368,129,0
33345,33368,33369,1,23
33345,33368,33369,1,23
33345,33368,33369,1,23
33345,33368,33369,1,23
33345,33368,33370,2,23
33345,33368,33369,1,23
33345,33369,33370,1,24
33345,33369,33370,1,24
33345,33369,33370,1,24
33352,33369,33370,1,17
33352,33369,33370,1,17
33352,33369,33370,1,17
33370,33371,33372,1,1
33370,33371,33372,1,1
33370,33371,33373,2,1
33370,33371,33372,1,1
33370,33371,33372,1,1
33370,33371,33372,1,1
33370,33371,33372,1,1
33370,33371,33372,1,1
33370,33371,33373,2,1
33370,33371,33372,1,1
33370,33371,33372,1,1
33370,33371,33372,1,1
33370,33371,33372,1,1
33370,33371,33372,1,1
33370,33371,33373,2,1
33370,33371,33372,1,1
33370,33371,33372,1,1
33370,33371,33372,1,1
33370,33371,33372,1,1
33370,33371,33372,1,1
33370,33371,33372,1,1
33370,33371,33372,1,1
33370,33371,33372,1,1
33370,33371,33373,2,1
33370,33371,33373,2,1
33370,33371,33372,1,1
33370,33371,33373,2,1
33370,33371,33373,2,1
33370,33371,33373,2,1
33370,33371,33373,2,1
33370,33371,33373,2,1
33370,33371,33373,2,1
33204,33205,33382,177,1
33345,33346,33382,36,1
33345,33346,33383,37,1
33345,33346,33382,36,1
33345,33346,33383,37,1
33352,33352,33383,31,0
33352,33382,33383,1,30
33352,33382,33383,1,30
33352,33382,33383,1,30
33352,33382,33384,2,30
33352,33382,33383,1,30
33352,33382,33383,1,30
33370,33385,33386,1,15
33370,33385,33387,2,15
33370,33385,33387,2,15
33370,33385,33387,2,15
33370,33385,33388,3,15
33388,33388,33390,2,0
33388,33388,33390,2,0
33388,33388,33390,2,0
33388,33388,33390,2,0
33388,33388,33390,2,0
33388,33388,33390,2,0
33388,33388,33390,2,0
33388,33388,33390,2,0
33388,33388,33390,2,0
33388,33388,33390,2,0
33388,33388,33390,2,0
33388,33388,33390,2,0
33388,33388,33390,2,0
33388,33388,33390,2,0
33388,33388,33390,2,0
33388,33388,33390,2,0
33388,33388,33390,2,0
33388,33388,33390,2,0
33388,33388,33390,2,0
33388,33388,33390,2,0
33388,33388,33390,2,0
33388,33388,33390,2,0
33388,33388,33390,2,0
33388,33388,33390,2,0
33388,33388,33390,2,0
33388,33388,33390,2,0
33388,33388,33390,2,0
33388,33388,33390,2,0
33388,33389,33390,1,1
33388,33389,33390,1,1
33388,33388,33390,2,0
33388,33388,33390,2,0
33388,33389,33391,2,1
33388,33389,33391,2,1
33388,33389,33390,1,1
33388,33389,33391,2,1
33388,33388,33393,5,0
33388,33388,33393,5,0
33388,33388,33394,6,0
33271,33271,33396,125,0
33398,33398,33399,1,0
33398,33398,33400,2,0
33398,33398,33399,1,0
33398,33398,33400,2,0
33398,33398,33399,1,0
33398,33398,33399,1,0
33261,33261,33399,138,0
33398,33398,33399,1,0
33398,33398,33400,2,0
33398,33398,33400,2,0
33398,33398,33399,1,0
33398,33398,33400,2,0
33398,33398,33400,2,0
33398,33398,33399,1,0
33398,33398,33399,1,0
33398,33398,33400,2,0
33398,33398,33399,1,0
33270,33271,33399,128,1
33398,33398,33399,1,0
33398,33398,33400,2,0
33398,33398,33399,1,0
33398,33398,33399,1,0
33398,33398,33399,1,0
33398,33398,33399,1,0
33398,33398,33399,1,0
33398,33398,33400,2,0
33398,33398,33399,1,0
33398,33398,33400,2,0
33398,33398,33399,1,0
33398,33398,33399,1,0
33398,33398,33399,1,0
33398,33398,33399,1,0
33398,33398,33400,2,0
33398,33398,33400,2,0
33398,33398,33400,2,0
33398,33398,33400,2,0
33398,33398,33400,2,0
33398,33398,33400,2,0
33398,33398,33400,2,0
33398,33398,33400,2,0
33398,33398,33400,2,0
33398,33398,33400,2,0
33401,33401,33402,1,0
33401,33401,33403,2,0
33401,33401,33403,2,0
33214,33214,33403,189,0
33401,33401,33403,2,0
33401,33401,33403,2,0
33401,33401,33403,2,0
33401,33401,33403,2,0
33401,33401,33403,2,0
33401,33401,33403,2,0
33401,33401,33403,2,0
33401,33401,33403,2,0
33401,33401,33403,2,0
33401,33401,33403,2,0
33401,33401,33403,2,0
33401,33401,33402,1,0
33401,33401,33403,2,0
33401,33401,33403,2,0
33401,33401,33402,1,0
33401,33401,33402,1,0
33401,33401,33403,2,0
33401,33401,33403,2,0
33401,33401,33403,2,0
33401,33401,33402,1,0
33401,33401,33402,1,0
33401,33401,33403,2,0
33401,33401,33403,2,0
33401,33401,33403,2,0
33401,33401,33402,1,0
33401,33401,33402,1,0
33401,33401,33403,2,0
33401,33401,33402,1,0
33401,33401,33402,1,0
33401,33401,33402,1,0
33401,33401,33403,2,0
33401,33401,33403,2,0
33401,33401,33403,2,0
33401,33401,33403,2,0
33401,33401,33403,2,0
33401,33401,33403,2,0
33401,33401,33403,2,0
33411,33411,33413,2,0
33411,33411,33412,1,0
33411,33411,33413,2,0
33411,33411,33412,1,0
33411,33411,33413,2,0
33411,33411,33413,2,0
33411,33411,33413,2,0
33411,33411,33413,2,0
33411,33411,33412,1,0
33411,33411,33412,1,0
33411,33411,33412,1,0
33411,33411,33412,1,0
33411,33411,33412,1,0
33411,33411,33412,1,0
33411,33411,33413,2,0
33411,33411,33412,1,0
33411,33411,33412,1,0
33411,33411,33412,1,0
33411,33411,33412,1,0
33411,33411,33412,1,0
33411,33411,33413,2,0
33411,33411,33412,1,0
33411,33411,33412,1,0
33411,33411,33412,1,0
33411,33411,33413,2,0
33411,33411,33412,1,0
33411,33411,33413,2,0
33411,33411,33413,2,0
33411,33411,33413,2,0
33411,33411,33413,2,0
33411,33411,33413,2,0
33411,33411,33413,2,0
33411,33411,33413,2,0
33411,33411,33413,2,0
33411,33411,33413,2,0
33411,33411,33413,2,0
33411,33411,33413,2,0
33411,33411,33413,2,0
33411,33411,33414,3,0
33411,33413,33415,2,2
33411,33413,33415,2,2
33411,33413,33415,2,2
33411,33413,33414,1,2
33411,33413,33415,2,2
33411,33413,33414,1,2
33411,33413,33414,1,2
33411,33413,33414,1,2
33411,33413,33415,2,2
33411,33413,33415,2,2
33411,33413,33415,2,2
33411,33413,33415,2,2
33411,33413,33415,2,2
33411,33413,33415,2,2
33411,33413,33415,2,2
33411,33413,33415,2,2
33411,33413,33414,1,2
33411,33413,33415,2,2
33411,33413,33415,2,2
33411,33413,33414,1,2
33411,33413,33414,1,2
33411,33413,33414,1,2
33411,33413,33415,2,2
33411,33413,33415,2,2
33411,33413,33414,1,2
33411,33413,33415,2,2
33411,33413,33415,2,2
33411,33413,33415,2,2
33222,33222,33424,202,0
33316,33316,33407,91,0
33370,33371,33395,24,1
33370,33371,33423,52,1
33425,33425,33427,2,0
33425,33425,33427,2,0
33425,33425,33427,2,0
33425,33426,33427,1,1
33425,33426,33427,1,1
33425,33425,33427,2,0
33425,33425,33427,2,0
33425,33425,33427,2,0
33425,33425,33427,2,0
33425,33426,33427,1,1
33425,33426,33427,1,1
33425,33425,33427,2,0
33425,33425,33427,2,0
33425,33425,33428,3,0
33425,33426,33427,1,1
33425,33425,33427,2,0
33425,33425,33427,2,0
33425,33425,33427,2,0
33425,33426,33427,1,1
33425,33426,33427,1,1
33425,33426,33427,1,1
33425,33426,33427,1,1
33425,33425,33428,3,0
33425,33425,33428,3,0
33295,33297,33428,131,2
33425,33426,33428,2,1
33425,33426,33429,3,1
33425,33426,33428,2,1
33425,33425,33428,3,0
33425,33426,33428,2,1
33425,33425,33428,3,0
33425,33426,33428,2,1
33425,33425,33429,4,0
33276,33302,33430,128,26
33425,33425,33431,6,0
33411,33411,33431,20,0
33411,33411,33431,20,0
33411,33411,33431,20,0
33411,33411,33431,20,0
33411,33411,33431,20,0
33411,33411,33431,20,0
33425,33425,33432,7,0
33430,33430,33432,2,0
33430,33430,33432,2,0
33430,33430,33432,2,0
33430,33430,33432,2,0
33430,33430,33432,2,0
33430,33430,33431,1,0
33430,33430,33432,2,0
33430,33430,33432,2,0
33430,33430,33432,2,0
33430,33430,33432,2,0
33430,33430,33432,2,0
33430,33430,33431,1,0
33430,33430,33432,2,0
33430,33430,33432,2,0
33430,33430,33432,2,0
33430,33430,33432,2,0
33430,33430,33432,2,0
33430,33430,33432,2,0
33430,33430,33432,2,0
33430,33430,33432,2,0
33430,33430,33432,2,0
33430,33430,33432,2,0
33430,33430,33431,1,0
33430,33430,33432,2,0
33430,33430,33432,2,0
33430,33430,33432,2,0
33430,33430,33432,2,0
33430,33430,33432,2,0
33430,33430,33432,2,0
33430,33430,33432,2,0
33430,33430,33433,3,0
33430,33430,33432,2,0
33430,33430,33432,2,0
33430,33431,33432,1,1
33430,33430,33433,3,0
33430,33432,33433,1,2
33411,33433,33434,1,22
33433,33433,33434,1,0
33433,33433,33434,1,0
33433,33433,33435,2,0
33433,33433,33434,1,0
33433,33433,33434,1,0
33433,33433,33434,1,0
33433,33433,33434,1,0
33433,33433,33434,1,0
33433,33433,33434,1,0
33433,33433,33435,2,0
33433,33433,33435,2,0
33433,33433,33435,2,0
33433,33433,33435,2,0
33433,33433,33435,2,0
33433,33433,33435,2,0
33433,33433,33435,2,0
33433,33433,33435,2,0
33433,33433,33435,2,0
33433,33433,33435,2,0
33433,33433,33435,2,0
33433,33433,33435,2,0
33433,33433,33435,2,0
33433,33433,33435,2,0
33433,33433,33435,2,0
33433,33433,33434,1,0
33433,33433,33434,1,0
33433,33433,33434,1,0
33433,33433,33434,1,0
33433,33433,33435,2,0
33433,33433,33435,2,0
33433,33433,33435,2,0
33433,33433,33435,2,0
33433,33433,33434,1,0
33411,33433,33434,1,22
33411,33433,33434,1,22
33411,33433,33434,1,22
33411,33433,33435,2,22
33411,33433,33435,2,22
33370,33371,33424,53,1
33433,33433,33435,2,0
33433,33433,33435,2,0
33433,33434,33435,1,1
33433,33433,33435,2,0
33433,33433,33435,2,0
33433,33433,33435,2,0
33189,33191,33436,245,2
33316,33316,33436,120,0
33388,33411,33436,25,23
33425,33435,33436,1,10
33430,33436,33437,1,6
33273,33274,33442,168,1
33430,33430,33443,13,0
33430,33430,33443,13,0
33430,33431,33443,12,1
33433,33433,33447,14,0
33411,33413,33426,13,2
33299,33299,33451,152,0
33451,33451,33452,1,0
33451,33451,33452,1,0
33451,33451,33452,1,0
33425,33425,33449,24,0
33425,33426,33449,23,1
33425,33426,33449,23,1
33425,33426,33449,23,1
33451,33451,33453,2,0
33451,33451,33453,2,0
33451,33451,33453,2,0
33451,33451,33452,1,0
33451,33451,33453,2,0
33451,33451,33453,2,0
33451,33451,33453,2,0
33451,33451,33453,2,0
33451,33451,33453,2,0
33451,33451,33453,2,0
33451,33451,33453,2,0
33451,33451,33453,2,0
33451,33451,33453,2,0
33451,33451,33453,2,0
33451,33451,33453,2,0
33451,33451,33453,2,0
33451,33451,33453,2,0
33451,33451,33453,2,0
33451,33451,33453,2,0
33451,33451,33453,2,0
33451,33451,33453,2,0
33451,33451,33453,2,0
33451,33451,33453,2,0
33451,33451,33453,2,0
33451,33451,33453,2,0
33451,33451,33453,2,0
33451,33451,33453,2,0
33451,33451,33453,2,0
33451,33451,33452,1,0
33451,33451,33453,2,0
33451,33451,33453,2,0
33451,33451,33453,2,0
33451,33451,33453,2,0
33451,33451,33452,1,0
33451,33451,33452,1,0
33451,33451,33452,1,0
33451,33451,33452,1,0
33451,33451,33454,3,0
33451,33451,33454,3,0
33451,33451,33453,2,0
33451,33451,33453,2,0
33451,33451,33453,2,0
33451,33451,33453,2,0
33451,33451,33453,2,0
33451,33451,33453,2,0
33451,33451,33453,2,0
33451,33451,33453,2,0
33451,33451,33454,3,0
33451,33452,33453,1,1
33451,33452,33453,1,1
33451,33452,33453,1,1
33451,33453,33455,2,2
33451,33453,33455,2,2
33451,33453,33455,2,2
33451,33453,33455,2,2
33451,33453,33455,2,2
33451,33453,33455,2,2
33451,33453,33455,2,2
33451,33453,33455,2,2
33451,33453,33455,2,2
33451,33453,33455,2,2
33451,33454,33455,1,3
33451,33454,33455,1,3
33451,33454,33455,1,3
33451,33454,33455,1,3
33451,33454,33455,1,3
33451,33453,33455,2,2
33451,33453,33455,2,2
33451,33453,33456,3,2
33451,33453,33455,2,2
33451,33453,33455,2,2
33451,33453,33455,2,2
33451,33453,33455,2,2
33451,33453,33455,2,2
33451,33453,33455,2,2
33451,33453,33455,2,2
33451,33453,33455,2,2
33451,33453,33455,2,2
33451,33453,33455,2,2
33451,33453,33455,2,2
33451,33453,33455,2,2
33451,33454,33455,1,3
33451,33454,33455,1,3
33451,33454,33455,1,3
33451,33453,33455,2,2
33451,33453,33455,2,2
33451,33453,33455,2,2
33451,33454,33455,1,3
33451,33455,33456,1,4
33451,33454,33456,2,3
33451,33454,33456,2,3
33451,33454,33456,2,3
33451,33454,33456,2,3
33451,33454,33456,2,3
33451,33455,33456,1,4
33451,33455,33456,1,4
33451,33454,33457,3,3
33451,33454,33458,4,3
33451,33454,33458,4,3
33451,33454,33458,4,3
33451,33454,33457,3,3
33317,33318,33459,141,1
33451,33452,33465,13,1
33451,33452,33465,13,1
33451,33452,33465,13,1
33451,33452,33464,12,1
33451,33452,33468,16,1
33451,33451,33471,20,0
33451,33451,33471,20,0
33451,33454,33474,20,3
33451,33454,33473,19,3
33473,33473,33474,1,0
33473,33473,33474,1,0
33473,33473,33474,1,0
33473,33473,33474,1,0
33473,33473,33475,2,0
33473,33473,33474,1,0
33473,33473,33474,1,0
33473,33473,33475,2,0
33473,33473,33475,2,0
33473,33473,33475,2,0
33473,33473,33474,1,0
33473,33473,33475,2,0
33473,33473,33475,2,0
33473,33473,33475,2,0
33473,33473,33475,2,0
33473,33473,33474,1,0
33473,33473,33475,2,0
33473,33473,33475,2,0
33473,33473,33475,2,0
33473,33473,33475,2,0
33473,33473,33474,1,0
33473,33473,33474,1,0
33473,33473,33474,1,0
33473,33473,33475,2,0
33473,33473,33475,2,0
33473,33473,33475,2,0
33473,33473,33475,2,0
33473,33473,33476,3,0
33473,33473,33476,3,0
33473,33473,33475,2,0
33473,33473,33476,3,0
33473,33473,33477,4,0
33473,33473,33478,5,0
33473,33473,33478,5,0
33473,33473,33478,5,0
33286,33286,33480,194,0
33484,33484,33485,1,0
33484,33484,33485,1,0
33484,33484,33485,1,0
33484,33484,33485,1,0
33484,33484,33485,1,0
33484,33484,33485,1,0
33484,33484,33486,2,0
33484,33484,33485,1,0
33484,33484,33485,1,0
33484,33484,33486,2,0
33484,33484,33486,2,0
33484,33484,33485,1,0
33484,33484,33485,1,0
33484,33484,33485,1,0
33484,33484,33486,2,0
33484,33484,33486,2,0
33484,33484,33485,1,0
33484,33484,33485,1,0
33484,33484,33486,2,0
33484,33484,33485,1,0
33484,33484,33486,2,0
33484,33484,33485,1,0
33484,33484,33485,1,0
33484,33484,33485,1,0
33484,33484,33485,1,0
33484,33484,33485,1,0
33484,33484,33486,2,0
33484,33484,33485,1,0
33484,33484,33485,1,0
33484,33484,33485,1,0
33484,33484,33485,1,0
33484,33484,33485,1,0
33484,33484,33485,1,0
33484,33484,33486,2,0
33484,33484,33486,2,0
33484,33484,33486,2,0
33221,33247,33502,255,26
33473,33495,33503,8,22
33473,33495,33503,8,22
33473,33495,33503,8,22
33333,33333,33504,171,0
33504,33504,33505,1,0
33504,33504,33505,1,0
33504,33504,33505,1,0
33504,33504,33505,1,0
33504,33504,33505,1,0
33504,33504,33505,1,0
33504,33504,33506,2,0
33504,33504,33505,1,0
33504,33504,33505,1,0
33504,33504,33505,1,0
33504,33504,33505,1,0
33504,33504,33505,1,0
33504,33504,33505,1,0
33504,33504,33506,2,0
33504,33504,33506,2,0
33504,33504,33506,2,0
33504,33504,33506,2,0
33504,33504,33505,1,0
33504,33504,33506,2,0
33504,33504,33506,2,0
33504,33504,33506,2,0
33504,33504,33506,2,0
33504,33504,33506,2,0
33504,33504,33506,2,0
33504,33504,33506,2,0
33504,33504,33506,2,0
33504,33504,33506,2,0
33504,33504,33506,2,0
33504,33504,33506,2,0
33504,33504,33506,2,0
33504,33504,33506,2,0
33504,33504,33506,2,0
33506,33506,33507,1,0
33484,33484,33507,23,0
33506,33506,33507,1,0
33506,33506,33507,1,0
33506,33506,33507,1,0
33506,33506,33507,1,0
33506,33506,33507,1,0
33506,33506,33507,1,0
33506,33506,33507,1,0
33506,33506,33507,1,0
33506,33506,33507,1,0
33506,33506,33507,1,0
33506,33507,33508,1,1
33506,33506,33507,1,0
33506,33506,33507,1,0
33506,33506,33507,1,0
33506,33506,33507,1,0
33506,33506,33507,1,0
33506,33506,33507,1,0
33506,33506,33507,1,0
33506,33506,33507,1,0
33506,33506,33507,1,0
33506,33506,33508,2,0
33506,33506,33507,1,0
33506,33506,33507,1,0
33506,33506,33507,1,0
33506,33506,33507,1,0
33506,33507,33508,1,1
33506,33507,33508,1,1
33506,33506,33507,1,0
33506,33506,33507,1,0
33506,33507,33508,1,1
33506,33507,33508,1,1
33506,33506,33508,2,0
33506,33506,33508,2,0
33506,33506,33508,2,0
33506,33506,33508,2,0
33506,33506,33507,1,0
33506,33506,33507,1,0
33506,33507,33508,1,1
33506,33507,33508,1,1
33346,33346,33509,163,0
33484,33484,33509,25,0
33484,33484,33510,26,0
33484,33484,33511,27,0
33371,33371,33511,140,0
33355,33355,33512,157,0
33517,33517,33518,1,0
33517,33517,33519,2,0
33517,33517,33518,1,0
33517,33517,33519,2,0
33517,33517,33519,2,0
33517,33517,33519,2,0
33517,33517,33519,2,0
33517,33517,33519,2,0
33517,33517,33519,2,0
33517,33517,33519,2,0
33517,33517,33518,1,0
33517,33517,33519,2,0
33517,33517,33519,2,0
33517,33517,33519,2,0
33517,33517,33519,2,0
33517,33517,33519,2,0
33517,33517,33519,2,0
33517,33517,33519,2,0
33517,33517,33519,2,0
33517,33517,33518,1,0
33517,33517,33519,2,0
33517,33517,33519,2,0
33517,33517,33519,2,0
33517,33517,33519,2,0
33517,33517,33518,1,0
33517,33517,33519,2,0
33517,33517,33519,2,0
33517,33517,33519,2,0
33517,33517,33519,2,0
33517,33517,33519,2,0
33517,33517,33519,2,0
33517,33517,33519,2,0
33517,33517,33519,2,0
33517,33517,33519,2,0
33517,33517,33518,1,0
33517,33517,33519,2,0
33517,33517,33518,1,0
33517,33517,33519,2,0
33517,33517,33519,2,0
33517,33517,33518,1,0
33517,33517,33518,1,0
33517,33517,33519,2,0
33517,33517,33519,2,0
33517,33517,33518,1,0
33517,33517,33518,1,0
33517,33517,33518,1,0
33517,33517,33519,2,0
33517,33517,33519,2,0
33517,33517,33519,2,0
33517,33517,33519,2,0
33517,33517,33519,2,0
33517,33517,33519,2,0
33517,33517,33519,2,0
33517,33519,33520,1,2
33517,33519,33520,1,2
33517,33519,33520,1,2
33517,33519,33521,2,2
33517,33519,33521,2,2
33517,33519,33521,2,2
33517,33519,33521,2,2
33517,33519,33520,1,2
33517,33519,33521,2,2
33517,33519,33521,2,2
33517,33519,33521,2,2
33517,33519,33521,2,2
33517,33519,33521,2,2
33517,33519,33521,2,2
33517,33519,33521,2,2
33517,33519,33521,2,2
33517,33519,33521,2,2
33517,33519,33521,2,2
33517,33519,33521,2,2
33517,33519,33521,2,2
33517,33519,33521,2,2
33517,33519,33521,2,2
33517,33519,33521,2,2
33517,33519,33521,2,2
33517,33519,33521,2,2
33517,33519,33521,2,2
33517,33519,33521,2,2
33504,33504,33523,19,0
33504,33504,33523,19,0
33528,33528,33529,1,0
33528,33528,33529,1,0
33528,33528,33529,1,0
33528,33528,33529,1,0
33528,33528,33529,1,0
33528,33528,33529,1,0
33528,33528,33529,1,0
33528,33528,33530,2,0
33528,33528,33530,2,0
33528,33528,33529,1,0
33528,33528,33529,1,0
33528,33528,33529,1,0
33528,33528,33529,1,0
33528,33528,33529,1,0
33528,33528,33530,2,0
33528,33528,33530,2,0
33528,33528,33530,2,0
33528,33528,33530,2,0
33528,33528,33530,2,0
33528,33528,33530,2,0
33528,33528,33530,2,0
33528,33528,33530,2,0
33528,33528,33530,2,0
33528,33528,33530,2,0
33528,33528,33530,2,0
33528,33528,33529,1,0
33528,33528,33529,1,0
33528,33528,33530,2,0
33473,33495,33510,15,22
33473,33495,33510,15,22
33528,33529,33530,1,1
33528,33529,33530,1,1
33528,33529,33531,2,1
33528,33529,33531,2,1
33528,33529,33531,2,1
33504,33504,33528,24,0
33504,33504,33528,24,0
33504,33504,33529,25,0
33412,33413,33540,127,1
33542,33542,33543,1,0
33542,33542,33543,1,0
33542,33542,33543,1,0
33542,33542,33544,2,0
33542,33542,33543,1,0
33542,33542,33544,2,0
33542,33542,33544,2,0
33542,33542,33543,1,0
33542,33542,33543,1,0
33542,33542,33544,2,0
33542,33542,33543,1,0
33542,33542,33543,1,0
33542,33542,33543,1,0
33542,33542,33543,1,0
33542,33542,33543,1,0
33542,33542,33543,1,0
33542,33542,33543,1,0
33542,33542,33544,2,0
33542,33542,33544,2,0
33542,33542,33543,1,0
33542,33542,33544,2,0
33542,33542,33544,2,0
33542,33542,33544,2,0
33542,33542,33547,5,0
33528,33548,33549,1,20
33528,33548,33549,1,20
33528,33548,33549,1,20
33528,33548,33549,1,20
33528,33548,33549,1,20
33542,33548,33549,1,6
33542,33548,33549,1,6
33504,33531,33550,19,27
33504,33531,33551,20,27
33542,33542,33560,18,0
33528,33540,33562,22,12
33542,33542,33562,20,0
33504,33531,33563,32,27
33353,33382,33565,183,29
33542,33542,33564,22,0
33542,33542,33564,22,0
33542,33542,33565,23,0
33542,33542,33565,23,0
33542,33566,33567,1,24
33542,33566,33567,1,24
33542,33566,33567,1,24
33542,33566,33567,1,24
33542,33566,33567,1,24
33542,33566,33567,1,24
33567,33567,33568,1,0
33293,33293,33568,275,0
33567,33568,33569,1,1
33567,33568,33569,1,1
33567,33568,33569,1,1
33567,33567,33569,2,0
33567,33567,33569,2,0
33567,33567,33569,2,0
33567,33567,33569,2,0
33567,33567,33569,2,0
33567,33567,33569,2,0
33567,33567,33569,2,0
33567,33567,33569,2,0
33567,33567,33569,2,0
33567,33567,33569,2,0
33567,33567,33569,2,0
33567,33567,33569,2,0
33567,33567,33569,2,0
33567,33567,33569,2,0
33567,33567,33569,2,0
33567,33567,33569,2,0
33567,33567,33569,2,0
33567,33567,33569,2,0
33567,33568,33569,1,1
33567,33567,33569,2,0
33567,33567,33569,2,0
33567,33567,33569,2,0
33567,33567,33569,2,0
33567,33567,33569,2,0
33567,33568,33569,1,1
33567,33568,33569,1,1
33567,33569,33570,1,2
33452,33456,33571,115,4
33570,33570,33571,1,0
33570,33570,33572,2,0
33570,33570,33572,2,0
33570,33570,33572,2,0
33570,33570,33572,2,0
33570,33570,33572,2,0
33570,33570,33572,2,0
33570,33570,33572,2,0
33570,33570,33572,2,0
33570,33570,33572,2,0
33570,33570,33572,2,0
33570,33570,33572,2,0
33570,33570,33572,2,0
33570,33570,33572,2,0
33570,33570,33572,2,0
33570,33570,33572,2,0
33570,33570,33572,2,0
33570,33570,33572,2,0
33570,33570,33572,2,0
33570,33570,33572,2,0
33570,33570,33572,2,0
33570,33570,33572,2,0
33570,33570,33572,2,0
33570,33570,33572,2,0
33570,33570,33572,2,0
33570,33570,33572,2,0
33570,33570,33573,3,0
33570,33570,33572,2,0
33570,33571,33572,1,1
33570,33571,33572,1,1
33570,33570,33572,2,0
33570,33570,33572,2,0
33570,33570,33572,2,0
33570,33570,33572,2,0
33570,33570,33573,3,0
33570,33570,33573,3,0
33570,33571,33573,2,1
33573,33574,33575,1,1
33573,33573,33575,2,0
33573,33574,33575,1,1
33573,33574,33575,1,1
33573,33574,33575,1,1
33573,33574,33575,1,1
33573,33573,33575,2,0
33573,33573,33575,2,0
33573,33574,33575,1,1
33573,33574,33575,1,1
33573,33574,33575,1,1
33573,33574,33575,1,1
33573,33573,33575,2,0
33573,33574,33575,1,1
33573,33574,33575,1,1
33573,33574,33575,1,1
33573,33574,33575,1,1
33573,33573,33575,2,0
33573,33573,33575,2,0
33573,33574,33575,1,1
33573,33574,33575,1,1
33573,33574,33575,1,1
33573,33574,33575,1,1
33573,33573,33575,2,0
33573,33574,33575,1,1
33573,33574,33575,1,1
33573,33574,33575,1,1
33573,33574,33575,1,1
33573,33574,33575,1,1
33573,33574,33575,1,1
33573,33574,33575,1,1
33573,33574,33575,1,1
33573,33574,33575,1,1
33573,33574,33575,1,1
33573,33574,33575,1,1
33573,33574,33575,1,1
33573,33574,33575,1,1
33573,33574,33575,1,1
33573,33574,33576,2,1
33573,33574,33576,2,1
33528,33540,33580,40,12
33542,33542,33580,38,0
33542,33542,33581,39,0
33567,33567,33581,14,0
33567,33567,33581,14,0
33427,33427,33582,155,0
33584,33584,33585,1,0
33584,33584,33585,1,0
33584,33584,33586,2,0
33584,33584,33585,1,0
33584,33584,33585,1,0
33584,33584,33585,1,0
33584,33584,33585,1,0
33584,33584,33586,2,0
33584,33584,33585,1,0
33584,33584,33585,1,0
33584,33584,33585,1,0
33584,33584,33585,1,0
33584,33584,33585,1,0
33584,33584,33586,2,0
33584,33584,33585,1,0
33584,33584,33586,2,0
33584,33584,33585,1,0
33584,33584,33585,1,0
33584,33584,33585,1,0
33584,33584,33585,1,0
33584,33584,33585,1,0
33584,33584,33585,1,0
33584,33584,33585,1,0
33584,33584,33585,1,0
33584,33584,33585,1,0
33584,33584,33585,1,0
33584,33584,33585,1,0
33584,33584,33585,1,0
33584,33584,33585,1,0
33584,33584,33586,2,0
33584,33584,33586,2,0
33584,33584,33585,1,0
33584,33585,33587,2,1
33584,33585,33588,3,1
33584,33585,33588,3,1
33584,33585,33589,4,1
33390,33390,33594,204,0
33567,33567,33595,28,0
33567,33567,33595,28,0
33567,33567,33595,28,0
33567,33567,33595,28,0
33570,33570,33595,25,0
33567,33569,33577,8,2
33567,33569,33574,5,2
33567,33569,33576,7,2
33595,33596,33597,1,1
33398,33398,33596,198,0
33570,33596,33597,1,26
33595,33596,33597,1,1
33595,33596,33597,1,1
33595,33596,33597,1,1
33595,33596,33597,1,1
33595,33596,33597,1,1
33595,33596,33597,1,1
33595,33596,33597,1,1
33595,33596,33597,1,1
33595,33596,33597,1,1
33595,33596,33597,1,1
33595,33596,33597,1,1
33595,33596,33597,1,1
33595,33596,33597,1,1
33595,33596,33597,1,1
33595,33596,33597,1,1
33595,33596,33597,1,1
33595,33596,33598,2,1
33595,33596,33597,1,1
33595,33596,33598,2,1
33595,33596,33597,1,1
33595,33596,33597,1,1
33595,33596,33597,1,1
33595,33596,33597,1,1
33595,33596,33597,1,1
33595,33596,33597,1,1
33595,33596,33597,1,1
33595,33596,33597,1,1
33595,33596,33597,1,1
33595,33596,33597,1,1
33595,33596,33597,1,1
33595,33596,33597,1,1
33595,33596,33597,1,1
33570,33596,33597,1,26
33603,33603,33604,1,0
33603,33603,33604,1,0
33603,33603,33605,2,0
33603,33603,33605,2,0
33603,33603,33605,2,0
33603,33603,33605,2,0
33603,33603,33605,2,0
33603,33603,33605,2,0
33603,33603,33605,2,0
33603,33603,33605,2,0
33603,33603,33604,1,0
33603,33603,33605,2,0
33603,33603,33605,2,0
33603,33603,33605,2,0
33603,33603,33605,2,0
33603,33603,33605,2,0
33603,33603,33605,2,0
33603,33603,33605,2,0
33603,33603,33604,1,0
33603,33603,33605,2,0
33603,33603,33605,2,0
33603,33603,33604,1,0
33603,33603,33605,2,0
33603,33603,33605,2,0
33603,33603,33605,2,0
33603,33603,33605,2,0
33603,33603,33605,2,0
33603,33603,33605,2,0
33603,33603,33605,2,0
33603,33603,33605,2,0
33603,33603,33605,2,0
33603,33603,33605,2,0
33603,33603,33605,2,0
33603,33603,33604,1,0
33603,33603,33604,1,0
33603,33603,33605,2,0
33584,33607,33608,1,23
33584,33607,33608,1,23
33584,33607,33608,1,23
33584,33607,33608,1,23
33595,33607,33608,1,12
33595,33607,33608,1,12
33595,33607,33608,1,12
33603,33603,33613,10,0
33603,33603,33613,10,0
33603,33603,33616,13,0
33485,33485,33627,142,0
33505,33505,33628,123,0
33628,33628,33629,1,0
33628,33628,33629,1,0
33628,33628,33629,1,0
33628,33628,33629,1,0
33628,33628,33630,2,0
33628,33628,33630,2,0
33628,33628,33629,1,0
33628,33628,33629,1,0
33628,33628,33630,2,0
33628,33628,33630,2,0
33628,33628,33629,1,0
33628,33628,33630,2,0
33628,33628,33629,1,0
33628,33628,33630,2,0
33628,33628,33630,2,0
33628,33628,33630,2,0
33628,33628,33630,2,0
33628,33628,33629,1,0
33628,33628,33629,1,0
33628,33628,33630,2,0
33628,33628,33630,2,0
33628,33628,33630,2,0
33628,33628,33629,1,0
33628,33628,33629,1,0
33628,33628,33629,1,0
33628,33628,33629,1,0
33628,33628,33629,1,0
33628,33628,33630,2,0
33628,33628,33629,1,0
33628,33628,33630,2,0
33628,33628,33629,1,0
33628,33628,33629,1,0
33628,33628,33629,1,0
33628,33628,33630,2,0
33631,33631,33632,1,0
33631,33631,33632,1,0
33631,33631,33632,1,0
33631,33631,33632,1,0
33631,33631,33632,1,0
33631,33631,33632,1,0
33631,33631,33633,2,0
33631,33631,33632,1,0
33631,33631,33632,1,0
33631,33631,33632,1,0
33631,33631,33632,1,0
33631,33631,33632,1,0
33631,33631,33632,1,0
33631,33631,33632,1,0
33631,33631,33632,1,0
33631,33631,33632,1,0
33631,33631,33633,2,0
33631,33631,33632,1,0
33631,33631,33633,2,0
33631,33631,33633,2,0
33631,33631,33633,2,0
33631,33631,33632,1,0
33631,33631,33632,1,0
33631,33631,33632,1,0
33631,33631,33632,1,0
33631,33631,33632,1,0
33631,33631,33633,2,0
33631,33631,33633,2,0
33631,33631,33632,1,0
33631,33631,33633,2,0
33631,33631,33633,2,0
33418,33419,33633,214,1
33631,33631,33633,2,0
33631,33631,33633,2,0
33631,33631,33633,2,0
33631,33631,33633,2,0
33631,33631,33633,2,0
33631,33631,33633,2,0
33497,33497,33632,135,0
33595,33596,33632,36,1
33595,33596,33633,37,1
33595,33596,33632,36,1
33507,33507,33636,129,0
33635,33635,33636,1,0
33635,33635,33636,1,0
33635,33635,33636,1,0
33635,33635,33636,1,0
33635,33635,33637,2,0
33635,33635,33637,2,0
33635,33635,33637,2,0
33635,33635,33637,2,0
33635,33635,33636,1,0
33635,33635,33636,1,0
33635,33635,33636,1,0
33635,33635,33637,2,0
33635,33635,33637,2,0
33635,33635,33637,2,0
33635,33635,33636,1,0
33635,33635,33637,2,0
33635,33635,33637,2,0
33635,33635,33636,1,0
33635,33635,33636,1,0
33635,33635,33636,1,0
33635,33635,33637,2,0
33635,33635,33636,1,0
33635,33635,33636,1,0
33635,33635,33636,1,0
33635,33635,33637,2,0
33635,33635,33637,2,0
33635,33635,33637,2,0
33635,33635,33637,2,0
33635,33635,33637,2,0
33635,33635,33637,2,0
33635,33635,33637,2,0
33635,33635,33637,2,0
33635,33635,33637,2,0
33635,33635,33637,2,0
33635,33635,33637,2,0
33635,33635,33637,2,0
33635,33635,33637,2,0
33635,33635,33637,2,0
33635,33635,33637,2,0
33635,33635,33637,2,0
33637,33637,33638,1,0
33637,33637,33638,1,0
33637,33637,33638,1,0
33637,33637,33638,1,0
33637,33637,33639,2,0
33637,33637,33639,2,0
33637,33637,33639,2,0
33637,33637,33638,1,0
33637,33637,33638,1,0
33637,33637,33639,2,0
33637,33637,33639,2,0
33637,33637,33639,2,0
33637,33637,33638,1,0
33637,33637,33639,2,0
33637,33637,33639,2,0
33637,33637,33639,2,0
33637,33637,33639,2,0
33637,33637,33638,1,0
33637,33637,33639,2,0
33637,33637,33639,2,0
33637,33637,33639,2,0
33637,33637,33639,2,0
33637,33637,33639,2,0
33637,33637,33639,2,0
33637,33637,33639,2,0
33637,33637,33639,2,0
33637,33637,33638,1,0
33637,33637,33638,1,0
33637,33637,33638,1,0
33637,33637,33639,2,0
33637,33638,33639,1,1
33637,33638,33639,1,1
33637,33638,33639,1,1
33637,33638,33639,1,1
33637,33637,33639,2,0
33637,33637,33639,2,0
33637,33637,33639,2,0
33518,33519,33646,127,1
33645,33645,33646,1,0
33645,33645,33646,1,0
33645,33645,33647,2,0
33645,33645,33647,2,0
33645,33645,33647,2,0
33645,33645,33647,2,0
33645,33645,33647,2,0
33645,33645,33647,2,0
33645,33645,33647,2,0
33645,33645,33647,2,0
33645,33645,33647,2,0
33645,33645,33647,2,0
33645,33645,33647,2,0
33645,33645,33647,2,0
33645,33645,33647,2,0
33645,33645,33647,2,0
33645,33645,33647,2,0
33645,33645,33647,2,0
33645,33645,33647,2,0
33645,33645,33647,2,0
33645,33645,33647,2,0
33645,33645,33647,2,0
33645,33645,33647,2,0
33645,33645,33647,2,0
33645,33645,33647,2,0
33645,33645,33647,2,0
33645,33645,33647,2,0
33645,33645,33647,2,0
33645,33645,33647,2,0
33645,33645,33647,2,0
33603,33603,33629,26,0
33645,33645,33647,2,0
33645,33645,33647,2,0
33645,33645,33647,2,0
33647,33647,33648,1,0
33645,33645,33647,2,0
33645,33645,33647,2,0
33645,33645,33647,2,0
33645,33645,33647,2,0
33645,33645,33647,2,0
33645,33645,33647,2,0
33628,33631,33648,17,3
33645,33645,33648,3,0
33647,33647,33648,1,0
33647,33647,33648,1,0
33647,33647,33649,2,0
33647,33647,33649,2,0
33647,33647,33648,1,0
33647,33647,33648,1,0
33647,33647,33649,2,0
33647,33647,33649,2,0
33647,33647,33649,2,0
33647,33647,33648,1,0
33647,33647,33648,1,0
33647,33647,33648,1,0
33647,33647,33648,1,0
33647,33647,33648,1,0
33647,33647,33648,1,0
33647,33648,33649,1,1
33647,33647,33648,1,0
33647,33647,33648,1,0
33647,33648,33650,2,1
33647,33648,33650,2,1
33647,33648,33649,1,1
33647,33648,33649,1,1
33647,33648,33649,1,1
33647,33648,33649,1,1
33647,33648,33649,1,1
33647,33648,33649,1,1
33647,33648,33649,1,1
33647,33648,33649,1,1
33647,33648,33649,1,1
33647,33648,33649,1,1
33647,33648,33649,1,1
33647,33648,33649,1,1
33647,33649,33650,1,2
33647,33649,33650,1,2
33647,33649,33650,1,2
33647,33648,33650,2,1
33647,33648,33650,2,1
33647,33648,33650,2,1
33401,33402,33653,251,1
33658,33658,33659,1,0
33658,33658,33659,1,0
33658,33658,33659,1,0
33658,33658,33660,2,0
33658,33658,33660,2,0
33658,33658,33659,1,0
33658,33658,33659,1,0
33658,33658,33659,1,0
33658,33658,33660,2,0
33658,33658,33659,1,0
33658,33658,33659,1,0
33658,33658,33659,1,0
33658,33658,33659,1,0
33658,33658,33659,1,0
33658,33658,33660,2,0
33658,33658,33659,1,0
33658,33658,33659,1,0
33658,33658,33659,1,0
33658,33658,33659,1,0
33658,33658,33659,1,0
33658,33658,33660,2,0
33658,33658,33659,1,0
33658,33658,33659,1,0
33658,33658,33659,1,0
33658,33658,33659,1,0
33658,33658,33660,2,0
33658,33658,33660,2,0
33658,33658,33660,2,0
33658,33658,33660,2,0
33658,33658,33660,2,0
33658,33658,33660,2,0
33658,33658,33660,2,0
33658,33658,33660,2,0
33658,33658,33660,2,0
33595,33596,33646,50,1
33637,33637,33663,26,0
33637,33637,33662,25,0
33542,33543,33678,135,1
33631,33631,33663,32,0
33679,33679,33681,2,0
33679,33679,33681,2,0
33679,33679,33681,2,0
33679,33679,33681,2,0
33679,33679,33681,2,0
33679,33679,33681,2,0
33679,33679,33681,2,0
33679,33679,33681,2,0
33679,33679,33681,2,0
33679,33679,33681,2,0
33679,33679,33681,2,0
33679,33679,33681,2,0
33679,33679,33681,2,0
33679,33679,33681,2,0
33679,33679,33681,2,0
33679,33679,33681,2,0
33679,33679,33681,2,0
33679,33679,33681,2,0
33679,33679,33681,2,0
33679,33679,33681,2,0
33679,33679,33681,2,0
33679,33679,33681,2,0
33679,33679,33681,2,0
33679,33679,33681,2,0
33679,33679,33681,2,0
33679,33679,33681,2,0
33679,33679,33681,2,0
33679,33679,33681,2,0
33679,33679,33681,2,0
33679,33679,33681,2,0
33679,33679,33681,2,0
33679,33679,33681,2,0
33679,33679,33681,2,0
33679,33679,33681,2,0
33679,33679,33681,2,0
33679,33679,33681,2,0
33679,33679,33682,3,0
33647,33648,33685,37,1
33658,33658,33686,28,0
33658,33658,33689,31,0
33679,33679,33689,10,0
33658,33658,33690,32,0
33658,33658,33690,32,0
33658,33658,33690,32,0
33631,33648,33696,48,17
33637,33637,33690,53,0
33628,33648,33700,52,20
33679,33679,33700,21,0
33474,33474,33702,228,0
33628,33648,33702,54,20
33628,33648,33702,54,20
33432,33432,33702,270,0
33679,33679,33703,24,0
33709,33709,33711,2,0
33709,33709,33711,2,0
33709,33709,33711,2,0
33709,33709,33711,2,0
33709,33709,33711,2,0
33709,33709,33711,2,0
33709,33709,33711,2,0
33709,33709,33711,2,0
33709,33709,33711,2,0
33709,33709,33711,2,0
33709,33709,33711,2,0
33709,33709,33711,2,0
33709,33709,33711,2,0
33709,33709,33710,1,0
33709,33709,33710,1,0
33709,33709,33710,1,0
33709,33709,33711,2,0
33709,33709,33711,2,0
33709,33709,33710,1,0
33709,33709,33711,2,0
33709,33709,33710,1,0
33709,33709,33710,1,0
33709,33709,33710,1,0
33709,33709,33711,2,0
33709,33709,33711,2,0
33709,33709,33711,2,0
33709,33709,33710,1,0
33709,33709,33710,1,0
33709,33709,33711,2,0
33709,33709,33711,2,0
33709,33709,33711,2,0
33709,33709,33711,2,0
33709,33709,33711,2,0
33709,33709,33711,2,0
33709,33709,33711,2,0
33709,33709,33711,2,0
33709,33709,33711,2,0
33709,33709,33711,2,0
33709,33709,33711,2,0
33628,33631,33711,80,3
33709,33710,33711,1,1
33709,33710,33711,1,1
33709,33709,33711,2,0
33709,33709,33711,2,0
33709,33709,33711,2,0
33709,33711,33713,2,2
33709,33711,33713,2,2
33709,33711,33713,2,2
33709,33711,33713,2,2
33709,33711,33713,2,2
33709,33711,33713,2,2
33709,33711,33713,2,2
33709,33711,33713,2,2
33709,33711,33713,2,2
33709,33711,33713,2,2
33709,33711,33713,2,2
33709,33711,33713,2,2
33709,33711,33712,1,2
33709,33711,33713,2,2
33709,33711,33713,2,2
33709,33711,33713,2,2
33709,33711,33713,2,2
33709,33711,33713,2,2
33709,33711,33713,2,2
33709,33711,33713,2,2
33709,33711,33713,2,2
33709,33711,33713,2,2
33709,33709,33724,15,0
33492,33492,33725,233,0
33727,33727,33728,1,0
33727,33727,33728,1,0
33727,33727,33728,1,0
33727,33727,33728,1,0
33727,33727,33728,1,0
33727,33727,33728,1,0
33529,33529,33728,199,0
33628,33631,33728,97,3
33631,33631,33729,98,0
33709,33709,33729,20,0
33727,33727,33729,2,0
33727,33727,33729,2,0
33727,33727,33728,1,0
33727,33727,33728,1,0
33727,33727,33728,1,0
33727,33727,33729,2,0
33727,33727,33729,2,0
33727,33727,33728,1,0
33727,33727,33729,2,0
33727,33727,33728,1,0
33727,33727,33728,1,0
33727,33727,33728,1,0
33727,33727,33728,1,0
33727,33727,33729,2,0
33727,33727,33729,2,0
33727,33727,33729,2,0
33727,33727,33728,1,0
33727,33727,33728,1,0
33727,33727,33729,2,0
33727,33727,33728,1,0
33727,33727,33728,1,0
33727,33727,33728,1,0
33727,33727,33729,2,0
33727,33727,33728,1,0
33727,33727,33729,2,0
33727,33727,33729,2,0
33727,33727,33729,2,0
33727,33727,33729,2,0
33727,33727,33728,1,0
33727,33727,33729,2,0
33727,33727,33730,3,0
33658,33658,33729,71,0
33709,33710,33734,24,1
33709,33709,33737,28,0
33709,33709,33737,28,0
33709,33709,33737,28,0
33709,33710,33738,28,1
33739,33739,33741,2,0
33739,33739,33741,2,0
33739,33739,33740,1,0
33739,33739,33741,2,0
33739,33739,33741,2,0
33739,33739,33741,2,0
33739,33739,33741,2,0
33739,33739,33740,1,0
33739,33739,33741,2,0
33739,33739,33740,1,0
33739,33739,33741,2,0
33739,33739,33741,2,0
33739,33739,33741,2,0
33739,33739,33741,2,0
33739,33739,33741,2,0
33739,33739,33741,2,0
33739,33739,33741,2,0
33739,33739,33740,1,0
33739,33739,33740,1,0
33604,33604,33741,137,0
33739,33739,33741,2,0
33739,33739,33741,2,0
33739,33739,33741,2,0
33739,33739,33741,2,0
33739,33739,33741,2,0
33739,33739,33741,2,0
33739,33739,33741,2,0
33739,33739,33741,2,0
33739,33739,33741,2,0
33739,33739,33741,2,0
33709,33710,33741,31,1
33709,33710,33741,31,1
33709,33710,33741,31,1
33709,33710,33741,31,1
33709,33710,33736,26,1
33709,33710,33730,20,1
33709,33709,33742,33,0
33739,33739,33745,6,0
33739,33739,33748,9,0
33739,33739,33748,9,0
33727,33742,33749,7,15
33727,33742,33749,7,15
33739,33739,33748,9,0
33727,33727,33749,22,0
33739,33739,33749,10,0
33748,33748,33750,2,0
33748,33748,33750,2,0
33748,33749,33750,1,1
33748,33749,33750,1,1
33748,33749,33750,1,1
33748,33749,33750,1,1
33748,33749,33750,1,1
33748,33749,33750,1,1
33748,33749,33750,1,1
33748,33749,33750,1,1
33748,33748,33750,2,0
33748,33748,33750,2,0
33748,33748,33750,2,0
33748,33748,33750,2,0
33748,33748,33750,2,0
33748,33748,33750,2,0
33748,33748,33750,2,0
33748,33748,33750,2,0
33748,33748,33750,2,0
33748,33748,33750,2,0
33748,33748,33750,2,0
33748,33748,33750,2,0
33748,33748,33750,2,0
33748,33748,33750,2,0
33748,33748,33750,2,0
33748,33749,33751,2,1
33748,33749,33751,2,1
33748,33748,33751,3,0
33748,33748,33751,3,0
33748,33748,33752,4,0
33748,33748,33752,4,0
33748,33748,33753,5,0
33748,33748,33753,5,0
33748,33748,33754,6,0
33748,33748,33754,6,0
33434,33434,33758,324,0
33760,33760,33762,2,0
33760,33760,33762,2,0
33760,33760,33762,2,0
33760,33760,33761,1,0
33760,33760,33762,2,0
33760,33760,33761,1,0
33760,33760,33762,2,0
33760,33760,33762,2,0
33760,33760,33762,2,0
33760,33760,33761,1,0
33760,33760,33761,1,0
33760,33760,33761,1,0
33760,33760,33762,2,0
33760,33760,33762,2,0
33760,33760,33762,2,0
33760,33760,33762,2,0
33760,33760,33762,2,0
33760,33760,33762,2,0
33760,33760,33762,2,0
33760,33760,33761,1,0
33760,33760,33761,1,0
33760,33760,33762,2,0
33760,33760,33762,2,0
33760,33760,33762,2,0
33760,33760,33762,2,0
33760,33760,33761,1,0
33760,33760,33762,2,0
33760,33760,33762,2,0
33760,33760,33763,3,0
33760,33760,33764,4,0
33760,33760,33765,5,0
33760,33760,33765,5,0
33760,33760,33765,5,0
33739,33739,33768,29,0
33739,33739,33768,29,0
33739,33739,33754,15,0
33739,33739,33768,29,0
33739,33739,33768,29,0
33748,33748,33776,28,0
33646,33646,33776,130,0
33748,33776,33777,1,28
33739,33739,33778,39,0
33778,33778,33779,1,0
33778,33778,33780,2,0
33778,33778,33780,2,0
33778,33778,33780,2,0
33778,33778,33780,2,0
33778,33778,33779,1,0
33778,33778,33779,1,0
33778,33778,33780,2,0
33778,33778,33780,2,0
33778,33778,33780,2,0
33778,33778,33780,2,0
33778,33778,33780,2,0
33778,33778,33780,2,0
33778,33778,33779,1,0
33778,33778,33780,2,0
33778,33778,33780,2,0
33778,33778,33780,2,0
33778,33778,33780,2,0
33778,33778,33780,2,0
33778,33778,33779,1,0
33778,33778,33780,2,0
33778,33778,33780,2,0
33778,33778,33780,2,0
33778,33778,33780,2,0
33778,33778,33780,2,0
33760,33780,33781,1,20
33778,33778,33780,2,0
33778,33778,33780,2,0
33760,33780,33781,1,20
33760,33780,33781,1,20
33760,33780,33781,1,20
33778,33780,33781,1,2
33778,33780,33781,1,2
33748,33748,33784,36,0
33638,33638,33785,147,0
33629,33630,33788,158,1
33787,33787,33788,1,0
33787,33787,33788,1,0
33787,33787,33788,1,0
33787,33787,33788,1,0
33787,33787,33788,1,0
33787,33787,33788,1,0
33787,33787,33788,1,0
33787,33787,33788,1,0
33787,33787,33788,1,0
33787,33787,33788,1,0
33787,33787,33788,1,0
33787,33787,33788,1,0
33787,33787,33788,1,0
33787,33787,33788,1,0
33787,33787,33788,1,0
33787,33787,33788,1,0
33787,33787,33788,1,0
33787,33787,33788,1,0
33787,33787,33788,1,0
33787,33787,33788,1,0
33787,33787,33788,1,0
33787,33787,33789,2,0
33787,33787,33788,1,0
33787,33787,33788,1,0
33787,33787,33789,2,0
33787,33787,33789,2,0
33787,33787,33789,2,0
33787,33787,33789,2,0
33748,33748,33789,41,0
33748,33748,33789,41,0
33760,33760,33789,29,0
33760,33760,33789,29,0
33787,33787,33789,2,0
33790,33790,33791,1,0
33790,33790,33791,1,0
33790,33790,33791,1,0
33787,33787,33790,3,0
33790,33790,33791,1,0
33790,33790,33791,1,0
33790,33790,33792,2,0
33790,33790,33792,2,0
33790,33790,33791,1,0
33790,33790,33792,2,0
33790,33790,33792,2,0
33790,33790,33791,1,0
33790,33790,33791,1,0
33790,33790,33791,1,0
33790,33790,33791,1,0
33790,33790,33791,1,0
33790,33790,33791,1,0
33790,33790,33792,2,0
33790,33790,33791,1,0
33790,33790,33792,2,0
33790,33790,33791,1,0
33790,33790,33791,1,0
33790,33790,33791,1,0
33790,33790,33791,1,0
33790,33790,33791,1,0
33790,33790,33792,2,0
33790,33790,33791,1,0
33790,33790,33792,2,0
33790,33790,33791,1,0
33790,33790,33791,1,0
33790,33790,33791,1,0
33790,33791,33792,1,1
33790,33791,33792,1,1
33790,33790,33792,2,0
33790,33790,33792,2,0
33790,33790,33792,2,0
33790,33790,33792,2,0
33790,33790,33792,2,0
33778,33791,33792,1,13
33778,33791,33793,2,13
33778,33791,33793,2,13
33778,33791,33792,1,13
33778,33791,33793,2,13
33778,33791,33792,1,13
33790,33790,33793,3,0
33631,33631,33798,167,0
33799,33800,33801,1,1
33799,33800,33801,1,1
33799,33800,33801,1,1
33799,33800,33801,1,1
33799,33800,33801,1,1
33799,33800,33801,1,1
33799,33800,33801,1,1
33799,33800,33802,2,1
33799,33800,33802,2,1
33799,33800,33801,1,1
33799,33800,33801,1,1
33799,33800,33801,1,1
33799,33800,33801,1,1
33799,33800,33801,1,1
33799,33800,33801,1,1
33799,33800,33801,1,1
33799,33800,33801,1,1
33799,33800,33801,1,1
33799,33800,33801,1,1
33799,33800,33801,1,1
33799,33800,33801,1,1
33799,33800,33801,1,1
33799,33800,33801,1,1
33799,33800,33801,1,1
33799,33800,33801,1,1
33799,33800,33801,1,1
33799,33800,33801,1,1
33799,33800,33802,2,1
33799,33800,33801,1,1
33799,33800,33801,1,1
33799,33800,33802,2,1
33799,33800,33802,2,1
33799,33800,33802,2,1
33799,33800,33802,2,1
33648,33648,33812,164,0
33778,33778,33802,24,0
33778,33778,33803,25,0
33778,33778,33800,22,0
33778,33778,33801,23,0
33787,33812,33813,1,25
33812,33812,33814,2,0
33812,33812,33814,2,0
33812,33812,33814,2,0
33812,33812,33814,2,0
33812,33812,33814,2,0
33812,33812,33814,2,0
33812,33812,33814,2,0
33812,33812,33814,2,0
33812,33812,33814,2,0
33812,33812,33814,2,0
33812,33812,33814,2,0
33812,33812,33814,2,0
33812,33812,33814,2,0
33812,33813,33814,1,1
33812,33812,33814,2,0
33812,33812,33814,2,0
33812,33812,33814,2,0
33812,33812,33814,2,0
33812,33812,33814,2,0
33812,33812,33814,2,0
33812,33812,33814,2,0
33812,33812,33814,2,0
33787,33813,33814,1,26
33787,33813,33814,1,26
33787,33813,33814,1,26
33787,33813,33814,1,26
33787,33813,33814,1,26
33787,33813,33814,1,26
33787,33813,33814,1,26
33812,33812,33815,3,0
33812,33812,33815,3,0
33812,33812,33815,3,0
33812,33812,33824,12,0
33812,33812,33825,13,0
33812,33812,33825,13,0
33812,33812,33826,14,0
33812,33812,33826,14,0
33812,33812,33826,14,0
33799,33827,33828,1,28
33799,33827,33828,1,28
33799,33827,33828,1,28
33799,33827,33829,2,28
33799,33827,33829,2,28
33799,33827,33829,2,28
33812,33812,33831,19,0
33812,33812,33842,30,0
33812,33812,33842,30,0
33812,33812,33842,30,0
33812,33812,33843,31,0
33812,33812,33845,33,0
33812,33812,33846,34,0
33584,33584,33846,262,0
33847,33847,33849,2,0
33847,33847,33849,2,0
33847,33848,33849,1,1
33847,33848,33849,1,1
33847,33848,33849,1,1
33847,33847,33849,2,0
33847,33847,33849,2,0
33847,33847,33849,2,0
33847,33847,33849,2,0
33847,33847,33849,2,0
33847,33847,33849,2,0
33847,33847,33849,2,0
33727,33728,33849,121,1
33847,33847,33849,2,0
33847,33847,33849,2,0
33847,33847,33849,2,0
33847,33847,33849,2,0
33847,33847,33849,2,0
33847,33847,33849,2,0
33847,33847,33849,2,0
33847,33847,33849,2,0
33847,33847,33849,2,0
33847,33847,33849,2,0
33847,33847,33849,2,0
33847,33847,33849,2,0
33847,33847,33849,2,0
33847,33847,33849,2,0
33847,33847,33849,2,0
33847,33847,33849,2,0
33847,33847,33849,2,0
33847,33847,33849,2,0
33812,33812,33848,36,0
33812,33812,33848,36,0
33847,33847,33849,2,0
33847,33847,33849,2,0
33847,33847,33849,2,0
33847,33847,33849,2,0
33847,33847,33849,2,0
33847,33847,33849,2,0
33712,33712,33851,139,0
33536,33566,33851,285,30
33850,33850,33852,2,0
33850,33850,33852,2,0
33850,33850,33852,2,0
33850,33850,33852,2,0
33850,33850,33852,2,0
33850,33850,33852,2,0
33850,33850,33852,2,0
33850,33850,33852,2,0
33850,33850,33852,2,0
33850,33850,33852,2,0
33850,33850,33852,2,0
33850,33850,33852,2,0
33850,33850,33852,2,0
33850,33850,33852,2,0
33850,33850,33852,2,0
33850,33850,33852,2,0
33850,33850,33852,2,0
33850,33850,33852,2,0
33850,33850,33852,2,0
33850,33850,33852,2,0
33850,33850,33852,2,0
33850,33850,33852,2,0
33850,33850,33852,2,0
33850,33850,33852,2,0
33850,33850,33852,2,0
33850,33850,33852,2,0
33850,33850,33852,2,0
33850,33850,33852,2,0
33850,33850,33852,2,0
33850,33850,33852,2,0
33850,33850,33852,2,0
33850,33850,33852,2,0
33850,33851,33852,1,1
33850,33850,33852,2,0
33850,33850,33852,2,0
33850,33850,33852,2,0
33847,33850,33853,3,3
33850,33850,33852,2,0
33749,33749,33853,104,0
33850,33850,33852,2,0
33850,33850,33856,6,0
33855,33856,33857,1,1
33855,33856,33857,1,1
33855,33856,33857,1,1
33855,33856,33857,1,1
33855,33856,33857,1,1
33855,33856,33857,1,1
33855,33856,33857,1,1
33855,33856,33857,1,1
33855,33856,33857,1,1
33855,33856,33857,1,1
33855,33856,33857,1,1
33855,33856,33857,1,1
33855,33856,33857,1,1
33855,33856,33857,1,1
33855,33856,33858,2,1
33855,33856,33858,2,1
33855,33856,33857,1,1
33855,33856,33857,1,1
33855,33856,33857,1,1
33855,33856,33857,1,1
33855,33856,33857,1,1
33855,33856,33857,1,1
33856,33856,33858,2,0
33855,33856,33857,1,1
33855,33856,33857,1,1
33855,33856,33857,1,1
33855,33856,33857,1,1
33856,33856,33858,2,0
33856,33856,33858,2,0
33855,33856,33857,1,1
33855,33856,33857,1,1
33856,33856,33858,2,0
33856,33856,33858,2,0
33855,33856,33857,1,1
33855,33856,33857,1,1
33856,33856,33857,1,0
33856,33856,33857,1,0
33856,33856,33857,1,0
33856,33856,33858,2,0
33855,33856,33857,1,1
33855,33856,33857,1,1
33855,33856,33857,1,1
33855,33856,33857,1,1
33855,33856,33857,1,1
33855,33856,33858,2,1
33855,33856,33857,1,1
33856,33856,33857,1,0
33856,33857,33858,1,1
33856,33857,33858,1,1
33856,33858,33859,1,2
33856,33858,33859,1,2
33856,33858,33859,1,2
33856,33858,33859,1,2
33856,33858,33859,1,2
33856,33858,33859,1,2
33856,33858,33859,1,2
33856,33858,33859,1,2
33856,33858,33859,1,2
33856,33858,33859,1,2
33856,33858,33859,1,2
33856,33858,33859,1,2
33856,33858,33859,1,2
33856,33858,33859,1,2
33856,33858,33859,1,2
33856,33858,33859,1,2
33856,33858,33859,1,2
33856,33858,33859,1,2
33856,33858,33859,1,2
33856,33858,33859,1,2
33856,33858,33860,2,2
33856,33858,33859,1,2
33856,33858,33860,2,2
33856,33858,33859,1,2
33856,33858,33859,1,2
33856,33858,33860,2,2
33856,33858,33860,2,2
33856,33858,33859,1,2
33856,33858,33859,1,2
33856,33858,33860,2,2
33856,33858,33860,2,2
33856,33858,33860,2,2
33856,33858,33860,2,2
33856,33858,33860,2,2
33856,33858,33860,2,2
33856,33858,33860,2,2
33856,33858,33860,2,2
33856,33858,33860,2,2
33856,33858,33860,2,2
33856,33858,33860,2,2
33856,33858,33860,2,2
33856,33858,33860,2,2
33856,33858,33860,2,2
33856,33858,33860,2,2
33856,33859,33860,1,3
33856,33860,33861,1,4
33856,33860,33861,1,4
33856,33860,33861,1,4
33856,33859,33861,2,3
33856,33859,33861,2,3
33856,33860,33861,1,4
33856,33860,33861,1,4
33856,33860,33861,1,4
33856,33860,33861,1,4
33856,33860,33861,1,4
33856,33860,33861,1,4
33856,33860,33861,1,4
33856,33860,33862,2,4
33856,33860,33862,2,4
33856,33860,33861,1,4
33856,33860,33861,1,4
33856,33860,33861,1,4
33856,33860,33861,1,4
33856,33860,33861,1,4
33856,33860,33861,1,4
33855,33856,33865,9,1
33856,33856,33865,9,0
33856,33856,33866,10,0
33856,33856,33867,11,0
33568,33568,33875,307,0
33596,33596,33875,279,0
33760,33760,33875,115,0
33778,33778,33876,98,0
33787,33787,33876,89,0
33787,33787,33876,89,0
33790,33790,33876,86,0
33790,33790,33876,86,0
33680,33680,33883,203,0
33636,33636,33883,247,0
33885,33885,33887,2,0
33885,33885,33887,2,0
33885,33885,33887,2,0
33885,33885,33887,2,0
33885,33885,33887,2,0
33885,33885,33887,2,0
33885,33885,33886,1,0
33885,33885,33886,1,0
33885,33885,33887,2,0
33885,33885,33887,2,0
33885,33885,33887,2,0
33885,33885,33887,2,0
33885,33885,33887,2,0
33885,33885,33886,1,0
33885,33885,33886,1,0
33885,33885,33886,1,0
33885,33885,33886,1,0
33885,33885,33887,2,0
33885,33885,33887,2,0
33885,33885,33886,1,0
33885,33885,33886,1,0
33885,33885,33886,1,0
33885,33885,33887,2,0
33885,33885,33886,1,0
33885,33885,33887,2,0
33885,33885,33887,2,0
33885,33885,33887,2,0
33885,33885,33886,1,0
33885,33885,33887,2,0
33885,33885,33887,2,0
33885,33885,33886,1,0
33885,33885,33887,2,0
33885,33885,33887,2,0
33885,33885,33887,2,0
33885,33885,33887,2,0
33885,33885,33887,2,0
33885,33885,33887,2,0
33885,33885,33887,2,0
33885,33885,33887,2,0
33885,33885,33887,2,0
33885,33885,33887,2,0
33885,33885,33887,2,0
33885,33885,33887,2,0
33885,33885,33887,2,0
33885,33885,33887,2,0
33885,33885,33887,2,0
33885,33885,33887,2,0
33885,33885,33887,2,0
33885,33885,33887,2,0
33885,33887,33889,2,2
33885,33887,33889,2,2
33885,33887,33889,2,2
33885,33887,33889,2,2
33885,33887,33889,2,2
33885,33887,33889,2,2
33885,33887,33889,2,2
33885,33887,33889,2,2
33885,33887,33889,2,2
33885,33887,33888,1,2
33885,33887,33889,2,2
33885,33887,33889,2,2
33885,33887,33889,2,2
33885,33887,33889,2,2
33885,33887,33889,2,2
33885,33887,33889,2,2
33885,33887,33889,2,2
33885,33887,33889,2,2
33885,33887,33889,2,2
33885,33887,33889,2,2
33885,33887,33889,2,2
33885,33887,33889,2,2
33885,33887,33889,2,2
33885,33887,33889,2,2
33885,33887,33889,2,2
33885,33887,33889,2,2
33885,33887,33889,2,2
33885,33887,33889,2,2
33885,33887,33889,2,2
33885,33887,33889,2,2
33885,33887,33889,2,2
33885,33887,33889,2,2
33885,33887,33889,2,2
33885,33887,33889,2,2
33885,33887,33889,2,2
33885,33887,33889,2,2
33885,33887,33889,2,2
33885,33887,33889,2,2
33885,33887,33889,2,2
33885,33887,33889,2,2
33885,33887,33889,2,2
33847,33847,33889,42,0
33885,33888,33889,1,3
33885,33888,33890,2,3
33885,33888,33890,2,3
33885,33888,33890,2,3
33575,33575,33890,315,0
33885,33887,33889,2,2
33885,33888,33890,2,3
33885,33888,33890,2,3
33885,33888,33889,1,3
33885,33889,33890,1,4
33885,33889,33891,2,4
33885,33889,33891,2,4
33885,33889,33890,1,4
33885,33889,33891,2,4
33885,33889,33891,2,4
33885,33889,33890,1,4
33885,33889,33891,2,4
33885,33889,33891,2,4
33885,33889,33891,2,4
33710,33711,33891,180,1
33847,33847,33892,45,0
33885,33889,33891,2,4
33885,33889,33891,2,4
33885,33889,33891,2,4
33891,33891,33892,1,0
33891,33891,33892,1,0
33891,33891,33893,2,0
33891,33891,33893,2,0
33891,33891,33892,1,0
33847,33847,33892,45,0
33850,33850,33892,42,0
33855,33856,33892,36,1
33855,33856,33892,36,1
33891,33891,33893,2,0
33891,33891,33893,2,0
33891,33891,33893,2,0
33891,33891,33893,2,0
33891,33891,33892,1,0
33891,33891,33892,1,0
33891,33891,33893,2,0
33891,33891,33892,1,0
33891,33891,33893,2,0
33891,33891,33893,2,0
33891,33891,33893,2,0
33891,33891,33893,2,0
33891,33891,33892,1,0
33891,33891,33892,1,0
33891,33891,33892,1,0
33891,33891,33893,2,0
33891,33891,33892,1,0
33891,33891,33892,1,0
33891,33891,33893,2,0
33891,33891,33893,2,0
33891,33891,33893,2,0
33891,33891,33893,2,0
33891,33891,33893,2,0
33891,33891,33893,2,0
33891,33891,33893,2,0
33891,33891,33892,1,0
33891,33891,33892,1,0
33891,33891,33893,2,0
33891,33891,33893,2,0
33891,33891,33893,2,0
33891,33891,33893,2,0
33891,33891,33893,2,0
33891,33891,33893,2,0
33891,33891,33893,2,0
33891,33891,33893,2,0
33885,33890,33895,5,5
33885,33890,33897,7,5
33905,33905,33907,2,0
33905,33905,33907,2,0
33905,33905,33907,2,0
33905,33905,33907,2,0
33905,33905,33907,2,0
33905,33905,33907,2,0
33905,33905,33907,2,0
33905,33905,33907,2,0
33905,33905,33907,2,0
33905,33905,33907,2,0
33905,33905,33907,2,0
33905,33905,33906,1,0
33905,33905,33906,1,0
33905,33905,33907,2,0
33905,33905,33907,2,0
33905,33905,33907,2,0
33905,33905,33906,1,0
33905,33905,33907,2,0
33905,33905,33907,2,0
33905,33905,33907,2,0
33905,33905,33907,2,0
33905,33905,33907,2,0
33905,33905,33907,2,0
33905,33905,33907,2,0
33905,33905,33906,1,0
33905,33905,33907,2,0
33905,33905,33907,2,0
33905,33905,33907,2,0
33905,33905,33907,2,0
33905,33905,33907,2,0
33905,33905,33907,2,0
33905,33905,33907,2,0
33905,33905,33906,1,0
33905,33905,33907,2,0
33905,33905,33907,2,0
33905,33905,33907,2,0
33905,33905,33907,2,0
33905,33905,33907,2,0
33905,33905,33907,2,0
33905,33905,33907,2,0
33905,33905,33907,2,0
33905,33905,33907,2,0
33905,33907,33908,1,2
33905,33907,33909,2,2
33905,33907,33909,2,2
33905,33907,33909,2,2
33905,33907,33908,1,2
33905,33907,33909,2,2
33905,33907,33909,2,2
33905,33907,33909,2,2
33905,33907,33909,2,2
33905,33907,33909,2,2
33905,33907,33909,2,2
33905,33907,33909,2,2
33905,33907,33908,1,2
33905,33907,33908,1,2
33905,33907,33908,1,2
33905,33907,33908,1,2
33905,33907,33909,2,2
33905,33907,33909,2,2
33905,33907,33909,2,2
33905,33907,33909,2,2
33905,33907,33908,1,2
33905,33907,33908,1,2
33905,33907,33909,2,2
33761,33761,33914,153,0
33885,33885,33915,30,0
33885,33885,33915,30,0
33885,33885,33915,30,0
33885,33885,33916,31,0
33885,33885,33916,31,0
33916,33916,33917,1,0
33916,33916,33917,1,0
33916,33916,33917,1,0
33916,33916,33918,2,0
33916,33916,33918,2,0
33916,33916,33918,2,0
33916,33916,33917,1,0
33916,33916,33917,1,0
33916,33916,33918,2,0
33916,33916,33917,1,0
33916,33916,33918,2,0
33916,33916,33918,2,0
33916,33916,33918,2,0
33916,33916,33918,2,0
33916,33916,33918,2,0
33916,33916,33918,2,0
33916,33916,33918,2,0
33916,33916,33917,1,0
33916,33916,33918,2,0
33916,33916,33918,2,0
33916,33916,33918,2,0
33916,33916,33918,2,0
33916,33916,33918,2,0
33916,33916,33918,2,0
33916,33916,33918,2,0
33916,33918,33919,1,2
33916,33918,33919,1,2
33916,33918,33919,1,2
33905,33922,33924,2,17
33905,33922,33924,2,17
33905,33922,33924,2,17
33905,33922,33924,2,17
33905,33922,33923,1,17
33905,33922,33924,2,17
33740,33740,33926,186,0
33905,33926,33927,1,21
33905,33905,33928,23,0
33905,33926,33927,1,21
33905,33926,33927,1,21
33905,33926,33927,1,21
33905,33926,33927,1,21
33905,33926,33927,1,21
33905,33905,33928,23,0
33927,33927,33929,2,0
33927,33927,33929,2,0
33927,33927,33929,2,0
33927,33927,33929,2,0
33927,33927,33929,2,0
33927,33927,33929,2,0
33927,33927,33929,2,0
33927,33927,33929,2,0
33927,33927,33929,2,0
33927,33927,33929,2,0
33927,33927,33929,2,0
33927,33927,33929,2,0
33927,33927,33929,2,0
33927,33927,33929,2,0
33927,33927,33929,2,0
33927,33927,33929,2,0
33927,33927,33929,2,0
33927,33927,33929,2,0
33927,33927,33929,2,0
33927,33927,33929,2,0
33927,33927,33929,2,0
33927,33927,33929,2,0
33927,33927,33929,2,0
33927,33927,33929,2,0
33927,33927,33929,2,0
33927,33927,33929,2,0
33927,33927,33929,2,0
33927,33927,33930,3,0
33927,33929,33931,2,2
33927,33929,33931,2,2
33927,33929,33931,2,2
33927,33929,33931,2,2
33927,33929,33931,2,2
33927,33929,33930,1,2
33885,33890,33934,44,5
33885,33890,33937,47,5
33916,33916,33939,23,0
33916,33916,33945,29,0
33916,33916,33945,29,0
33916,33916,33955,39,0
33916,33916,33955,39,0
33916,33916,33955,39,0
33916,33916,33955,39,0
33916,33916,33955,39,0
33916,33916,33955,39,0
33659,33659,33956,297,0
33916,33916,33957,41,0
33957,33957,33959,2,0
33957,33957,33959,2,0
33957,33957,33959,2,0
33957,33957,33959,2,0
33957,33957,33958,1,0
33957,33957,33959,2,0
33957,33957,33959,2,0
33957,33957,33959,2,0
33957,33957,33959,2,0
33957,33957,33959,2,0
33957,33957,33959,2,0
33957,33957,33958,1,0
33957,33957,33959,2,0
33957,33957,33959,2,0
33957,33957,33958,1,0
33957,33957,33959,2,0
33957,33957,33958,1,0
33957,33957,33958,1,0
33957,33957,33958,1,0
33957,33957,33958,1,0
33957,33957,33958,1,0
33957,33957,33958,1,0
33957,33957,33959,2,0
33957,33957,33959,2,0
33957,33957,33959,2,0
33957,33957,33959,2,0
33957,33957,33959,2,0
33957,33957,33959,2,0
33957,33957,33959,2,0
33957,33957,33959,2,0
33957,33957,33959,2,0
33957,33957,33959,2,0
33927,33927,33962,35,0
33957,33957,33964,7,0
33957,33957,33967,10,0
33957,33958,33968,10,1
33916,33916,33973,57,0
33927,33927,33963,36,0
33927,33927,33968,41,0
33927,33927,33968,41,0
33790,33791,33973,182,1
33787,33787,33975,188,0
33974,33975,33976,1,1
33974,33975,33976,1,1
33974,33975,33976,1,1
33974,33975,33976,1,1
33974,33975,33976,1,1
33974,33975,33976,1,1
33974,33975,33976,1,1
33974,33975,33977,2,1
33974,33975,33976,1,1
33974,33975,33976,1,1
33976,33976,33977,1,0
33974,33975,33976,1,1
33974,33975,33976,1,1
33974,33975,33976,1,1
33974,33975,33976,1,1
33976,33976,33977,1,0
33974,33975,33976,1,1
33974,33975,33976,1,1
33974,33975,33976,1,1
33974,33975,33976,1,1
33976,33976,33977,1,0
33974,33975,33977,2,1
33974,33975,33977,2,1
33976,33976,33977,1,0
33976,33976,33977,1,0
33976,33976,33977,1,0
33957,33958,33974,16,1
33976,33977,33978,1,1
33976,33977,33978,1,1
33976,33977,33978,1,1
33976,33977,33978,1,1
33976,33978,33979,1,2
33976,33976,33978,2,0
33976,33977,33979,2,1
33976,33977,33979,2,1
33976,33977,33979,2,1
33976,33977,33979,2,1
33976,33977,33979,2,1
33976,33977,33979,2,1
33976,33977,33979,2,1
33976,33977,33979,2,1
33976,33977,33979,2,1
33976,33977,33979,2,1
33976,33977,33979,2,1
33976,33978,33979,1,2
33976,33977,33979,2,1
33976,33977,33979,2,1
33976,33977,33979,2,1
33976,33977,33978,1,1
33976,33977,33978,1,1
33976,33978,33979,1,2
33976,33978,33979,1,2
33976,33978,33979,1,2
33849,33849,33983,134,0
33851,33851,33984,133,0
33916,33916,33984,68,0
33957,33957,33984,27,0
33957,33957,33985,28,0
33957,33957,33984,27,0
33957,33957,33984,27,0
33974,33975,33984,9,1
33984,33984,33985,1,0
33984,33984,33986,2,0
33984,33984,33986,2,0
33984,33984,33986,2,0
33984,33984,33986,2,0
33984,33984,33986,2,0
33984,33984,33986,2,0
33984,33984,33986,2,0
33984,33984,33986,2,0
33984,33984,33986,2,0
33984,33984,33986,2,0
33984,33984,33986,2,0
33984,33984,33986,2,0
33984,33984,33986,2,0
33984,33984,33986,2,0
33984,33984,33986,2,0
33984,33984,33986,2,0
33984,33984,33986,2,0
33984,33984,33986,2,0
33984,33984,33986,2,0
33984,33984,33986,2,0
33984,33984,33986,2,0
33984,33984,33986,2,0
33984,33984,33986,2,0
33984,33984,33986,2,0
33984,33984,33986,2,0
33984,33985,33986,1,1
33984,33985,33987,2,1
33984,33985,33987,2,1
33984,33985,33986,1,1
33984,33985,33987,2,1
33984,33985,33987,2,1
33984,33986,33988,2,2
33984,33986,33987,1,2
33984,33988,33989,1,4
33984,33988,33989,1,4
33984,33988,33989,1,4
33984,33988,33989,1,4
33984,33988,33989,1,4
33974,33988,33989,1,14
33974,33988,33989,1,14
33974,33988,33989,1,14
33974,33988,33990,2,14
33974,33988,33989,1,14
33974,33988,33990,2,14
33974,33988,33989,1,14
33860,33860,33991,131,0
33927,33927,33991,64,0
33974,33975,33992,17,1
33974,33975,33991,16,1
33995,33995,33996,1,0
33995,33995,33996,1,0
33995,33995,33997,2,0
33995,33995,33997,2,0
33995,33995,33997,2,0
33995,33996,33997,1,1
33995,33996,33997,1,1
33995,33995,33996,1,0
33995,33995,33997,2,0
33995,33995,33997,2,0
33995,33996,33997,1,1
33995,33996,33997,1,1
33995,33996,33997,1,1
33995,33995,33997,2,0
33995,33995,33997,2,0
33995,33995,33997,2,0
33995,33995,33997,2,0
33995,33996,33997,1,1
33995,33996,33997,1,1
33995,33996,33997,1,1
33995,33995,33997,2,0
33995,33995,33997,2,0
33995,33995,33997,2,0
33995,33995,33997,2,0
33995,33996,33997,1,1
33995,33996,33997,1,1
33995,33996,33997,1,1
33995,33995,33997,2,0
33995,33995,33997,2,0
33995,33995,33997,2,0
33995,33996,33997,1,1
33995,33996,33997,1,1
33995,33996,33997,1,1
33995,33996,33997,1,1
33858,33860,33997,137,2
33974,33975,33998,23,1
33974,33975,33998,23,1
33974,33975,33998,23,1
33974,33975,33998,23,1
33976,33979,33997,18,3
33995,33995,33997,2,0
33927,33927,33998,71,0
33974,33975,33998,23,1
33974,33975,33998,23,1
33974,33975,33998,23,1
33995,33998,33999,1,3
33995,33998,33999,1,3
33995,33998,33999,1,3
33995,33998,33999,1,3
33995,33998,33999,1,3
33995,33998,33999,1,3
33995,33998,33999,1,3
33974,33975,33999,24,1
33995,33998,33999,1,3
33995,33998,33999,1,3
33995,33998,33999,1,3
33995,33998,34000,2,3
33995,33998,34000,2,3
33995,33998,33999,1,3
33995,33998,33999,1,3
33995,33998,33999,1,3
33995,33998,33999,1,3
33995,33998,33999,1,3
33995,33998,33999,1,3
33995,33998,33999,1,3
33995,33998,33999,1,3
33995,33998,33999,1,3
33995,33998,33999,1,3
33995,33998,33999,1,3
33995,33998,33999,1,3
33995,33998,33999,1,3
33995,33998,33999,1,3
33995,33998,33999,1,3
33995,33998,33999,1,3
33995,33998,33999,1,3
33995,33998,33999,1,3
33995,33998,33999,1,3
33995,33998,33999,1,3
33995,33998,34000,2,3
33995,33998,33999,1,3
33995,33998,33999,1,3
33995,33998,33999,1,3
33999,33999,34000,1,0
33999,33999,34000,1,0
33999,33999,34000,1,0
33999,34000,34001,1,1
33999,34000,34001,1,1
33999,34000,34001,1,1
33999,34000,34001,1,1
33999,34000,34001,1,1
33999,34000,34001,1,1
33999,34000,34001,1,1
33999,34000,34002,2,1
33999,34000,34002,2,1
33999,34000,34002,2,1
33999,34000,34002,2,1
33999,34000,34002,2,1
33999,34000,34001,1,1
33999,34000,34002,2,1
33999,34000,34002,2,1
33999,34000,34002,2,1
33999,34000,34002,2,1
33999,34000,34002,2,1
33999,34000,34001,1,1
33999,34000,34002,2,1
33999,34000,34002,2,1
33999,34000,34002,2,1
33999,34000,34002,2,1
33999,34000,34002,2,1
33999,34000,34001,1,1
33999,34000,34001,1,1
33999,34000,34001,1,1
33999,34000,34001,1,1
33999,34000,34001,1,1
33999,34000,34001,1,1
33999,34000,34001,1,1
33999,34000,34002,2,1
33999,34000,34002,2,1
33976,33976,34003,27,0
33976,33976,34003,27,0
33976,33976,34006,30,0
33976,33976,34006,30,0
33984,33984,34006,22,0
33995,33996,34006,10,1
33995,33996,34006,10,1
33976,33979,34007,28,3
33976,33979,34007,28,3
33995,33996,34007,11,1
33995,33996,34007,11,1
33974,33979,34007,28,5
33976,33979,34008,29,3
33974,33979,34010,31,5
33999,33999,34010,11,0
33995,33996,34012,16,1
33779,33779,34025,246,0
33995,33995,34026,31,0
33995,33995,34026,31,0
33995,33995,34026,31,0
33999,33999,34026,27,0
33999,33999,34026,27,0
33999,34000,34026,26,1
34026,34026,34028,2,0
34026,34026,34028,2,0
34026,34026,34028,2,0
34026,34026,34028,2,0
34026,34026,34028,2,0
34026,34026,34028,2,0
34026,34026,34028,2,0
34026,34026,34028,2,0
34026,34026,34028,2,0
34026,34026,34028,2,0
34026,34026,34028,2,0
34026,34026,34028,2,0
34026,34026,34028,2,0
34026,34026,34028,2,0
34026,34026,34028,2,0
34026,34026,34028,2,0
34026,34026,34028,2,0
34026,34026,34028,2,0
34026,34026,34028,2,0
34026,34026,34028,2,0
34026,34026,34028,2,0
34026,34026,34028,2,0
34026,34026,34028,2,0
34026,34026,34028,2,0
34026,34026,34028,2,0
34026,34026,34028,2,0
34026,34026,34028,2,0
34026,34026,34028,2,0
34026,34026,34028,2,0
34026,34026,34028,2,0
34026,34026,34028,2,0
34026,34026,34028,2,0
34026,34026,34028,2,0
34026,34026,34028,2,0
34026,34026,34033,7,0
33856,33860,34043,183,4
34044,34044,34045,1,0
34044,34044,34045,1,0
34044,34044,34045,1,0
34044,34044,34045,1,0
34044,34044,34045,1,0
34044,34044,34045,1,0
34044,34044,34046,2,0
34044,34044,34045,1,0
34044,34044,34045,1,0
34044,34044,34045,1,0
34044,34044,34045,1,0
34044,34044,34046,2,0
34044,34044,34045,1,0
34044,34044,34046,2,0
34044,34044,34045,1,0
34044,34044,34045,1,0
34044,34044,34045,1,0
34044,34044,34045,1,0
34044,34044,34045,1,0
34044,34044,34046,2,0
34044,34044,34045,1,0
34044,34044,34045,1,0
34044,34044,34046,2,0
34044,34044,34045,1,0
34044,34044,34045,1,0
34044,34044,34045,1,0
34044,34044,34046,2,0
34044,34044,34049,5,0
34044,34044,34049,5,0
34044,34044,34051,7,0
34044,34044,34050,6,0
34044,34044,34051,7,0
34044,34044,34050,6,0
34044,34044,34051,7,0
34026,34044,34052,8,18
33924,33924,34055,131,0
34026,34044,34057,13,18
34057,34057,34058,1,0
34057,34057,34058,1,0
34057,34057,34058,1,0
34057,34057,34058,1,0
34057,34057,34058,1,0
34057,34057,34058,1,0
34057,34057,34058,1,0
34057,34057,34058,1,0
34057,34057,34059,2,0
34057,34057,34058,1,0
34057,34057,34058,1,0
34057,34057,34058,1,0
34057,34057,34058,1,0
34057,34057,34058,1,0
34057,34057,34058,1,0
34057,34057,34058,1,0
34057,34057,34058,1,0
34057,34057,34058,1,0
34057,34057,34058,1,0
34057,34057,34058,1,0
34057,34057,34059,2,0
34057,34057,34058,1,0
34057,34057,34058,1,0
34057,34057,34058,1,0
34057,34057,34059,2,0
34057,34057,34059,2,0
34057,34057,34059,2,0
34057,34057,34059,2,0
34057,34057,34059,2,0
34057,34057,34059,2,0
34057,34057,34059,2,0
34057,34057,34059,2,0
34057,34057,34059,2,0
33572,33596,34061,465,24
34057,34057,34060,3,0
34057,34057,34060,3,0
34057,34057,34060,3,0
34044,34044,34061,17,0
34044,34044,34061,17,0
34057,34057,34061,4,0
34057,34057,34061,4,0
34057,34057,34061,4,0
34063,34063,34064,1,0
34063,34063,34064,1,0
34063,34063,34064,1,0
34063,34063,34064,1,0
34063,34063,34064,1,0
34063,34063,34064,1,0
34063,34063,34064,1,0
34063,34063,34064,1,0
34063,34063,34064,1,0
34063,34063,34064,1,0
34063,34063,34064,1,0
34063,34063,34064,1,0
34063,34063,34064,1,0
34063,34063,34064,1,0
34063,34063,34064,1,0
34063,34063,34064,1,0
34063,34063,34064,1,0
34063,34063,34064,1,0
34063,34063,34064,1,0
34063,34063,34064,1,0
34063,34063,34064,1,0
34063,34063,34064,1,0
34063,34063,34064,1,0
34063,34063,34064,1,0
34063,34063,34064,1,0
34063,34063,34064,1,0
34063,34064,34065,1,1
34063,34064,34065,1,1
34026,34044,34065,21,18
34026,34044,34065,21,18
34063,34063,34065,2,0
34063,34063,34065,2,0
34063,34063,34065,2,0
34063,34063,34065,2,0
34063,34064,34065,1,1
34063,34064,34065,1,1
34063,34064,34065,1,1
34063,34064,34065,1,1
34026,34044,34068,24,18
34057,34057,34069,12,0
34063,34063,34071,8,0
34044,34044,34063,19,0
33922,33922,34076,154,0
33926,33926,34080,154,0
34079,34079,34081,2,0
34079,34079,34081,2,0
34079,34079,34081,2,0
34079,34079,34081,2,0
34079,34079,34080,1,0
34079,34079,34081,2,0
34079,34079,34081,2,0
34079,34079,34081,2,0
34079,34079,34081,2,0
34079,34079,34081,2,0
34079,34079,34081,2,0
34079,34079,34081,2,0
34079,34079,34081,2,0
34079,34079,34081,2,0
34079,34080,34081,1,1
34079,34079,34081,2,0
34079,34079,34081,2,0
34079,34079,34081,2,0
34079,34079,34081,2,0
34079,34079,34081,2,0
34079,34079,34081,2,0
34079,34079,34081,2,0
34081,34081,34082,1,0
34081,34081,34082,1,0
34079,34079,34081,2,0
34079,34079,34081,2,0
34079,34079,34081,2,0
34081,34081,34082,1,0
34081,34081,34082,1,0
34081,34081,34082,1,0
34081,34081,34082,1,0
34081,34082,34083,1,1
34081,34082,34083,1,1
34081,34082,34083,1,1
34081,34082,34083,1,1
34081,34082,34083,1,1
34081,34081,34082,1,0
34081,34081,34082,1,0
34081,34081,34082,1,0
34081,34081,34082,1,0
34081,34081,34082,1,0
34081,34081,34082,1,0
34081,34081,34082,1,0
34081,34081,34082,1,0
34081,34081,34082,1,0
34081,34081,34082,1,0
34081,34082,34083,1,1
34081,34082,34083,1,1
34081,34082,34083,1,1
34081,34082,34083,1,1
34081,34082,34083,1,1
34081,34082,34083,1,1
34081,34082,34083,1,1
34081,34081,34083,2,0
34081,34081,34083,2,0
34081,34082,34083,1,1
34081,34082,34083,1,1
34081,34082,34083,1,1
34081,34082,34083,1,1
34081,34081,34085,4,0
34081,34081,34086,5,0
34081,34081,34086,5,0
33975,33975,34094,119,0
34063,34063,34066,3,0
34063,34063,34065,2,0
34063,34063,34065,2,0
33886,33889,34094,205,3
34095,34095,34096,1,0
34079,34094,34096,2,15
34079,34094,34096,2,15
34079,34094,34096,2,15
34095,34095,34096,1,0
34095,34095,34096,1,0
34095,34095,34096,1,0
34095,34095,34096,1,0
34095,34095,34096,1,0
34095,34095,34097,2,0
34095,34095,34097,2,0
34095,34095,34096,1,0
34095,34095,34097,2,0
34095,34095,34096,1,0
34095,34095,34096,1,0
34095,34095,34096,1,0
34095,34095,34096,1,0
34095,34095,34096,1,0
34095,34095,34096,1,0
34095,34095,34096,1,0
34095,34095,34096,1,0
34095,34095,34096,1,0
34095,34095,34096,1,0
34095,34095,34096,1,0
34095,34095,34096,1,0
34095,34095,34096,1,0
34095,34095,34096,1,0
34095,34095,34096,1,0
34095,34095,34096,1,0
34095,34095,34096,1,0
34095,34095,34096,1,0
34095,34095,34096,1,0
34095,34095,34096,1,0
34095,34095,34096,1,0
34095,34095,34098,3,0
34095,34095,34097,2,0
34095,34095,34097,2,0
34044,34044,34080,36,0
34095,34095,34101,6,0
33892,33892,34102,210,0
34079,34079,34102,23,0
34079,34079,34102,23,0
34079,34079,34102,23,0
34095,34095,34101,6,0
34100,34100,34102,2,0
34100,34100,34102,2,0
34100,34100,34102,2,0
34100,34100,34102,2,0
34100,34100,34102,2,0
34100,34100,34102,2,0
34100,34100,34102,2,0
34100,34100,34102,2,0
34100,34100,34102,2,0
34100,34100,34102,2,0
34100,34100,34102,2,0
34100,34100,34102,2,0
34100,34100,34102,2,0
34100,34100,34102,2,0
34100,34100,34102,2,0
34100,34100,34102,2,0
34100,34100,34102,2,0
34100,34100,34102,2,0
34100,34100,34102,2,0
34100,34100,34102,2,0
34100,34100,34102,2,0
34100,34100,34102,2,0
34100,34100,34102,2,0
34100,34100,34102,2,0
34100,34100,34102,2,0
34100,34100,34102,2,0
34100,34100,34102,2,0
34100,34100,34102,2,0
34100,34100,34102,2,0
34100,34100,34102,2,0
34079,34079,34102,23,0
34079,34079,34102,23,0
34081,34101,34102,1,20
34100,34100,34103,3,0
34100,34100,34102,2,0
34100,34100,34102,2,0
34100,34100,34103,3,0
34079,34080,34104,24,1
34079,34080,34105,25,1
34079,34080,34105,25,1
34079,34080,34105,25,1
34079,34080,34106,26,1
33928,33928,34106,178,0
34100,34100,34106,6,0
34100,34100,34106,6,0
34100,34100,34106,6,0
34100,34100,34106,6,0
34100,34100,34106,6,0
33986,33986,34106,120,0
34079,34080,34106,26,1
34044,34044,34099,55,0
34044,34044,34099,55,0
34079,34080,34100,20,1
34109,34109,34110,1,0
34109,34109,34110,1,0
34109,34109,34110,1,0
34109,34109,34110,1,0
34109,34109,34110,1,0
34109,34109,34110,1,0
34109,34109,34111,2,0
34109,34109,34111,2,0
34109,34109,34111,2,0
34109,34109,34111,2,0
34109,34109,34110,1,0
34109,34109,34110,1,0
34109,34109,34111,2,0
34109,34109,34111,2,0
34109,34109,34110,1,0
34109,34109,34111,2,0
34109,34109,34111,2,0
34109,34109,34111,2,0
34109,34109,34111,2,0
34109,34109,34111,2,0
34109,34109,34110,1,0
34109,34109,34110,1,0
34109,34109,34111,2,0
34109,34109,34111,2,0
34109,34109,34111,2,0
34109,34109,34111,2,0
34109,34109,34110,1,0
34109,34109,34110,1,0
34109,34109,34110,1,0
34109,34109,34110,1,0
34109,34109,34110,1,0
34109,34109,34110,1,0
34109,34109,34110,1,0
34109,34109,34111,2,0
34109,34109,34111,2,0
34109,34109,34111,2,0
34109,34109,34111,2,0
34109,34109,34111,2,0
34109,34109,34111,2,0
34109,34110,34111,1,1
34109,34110,34111,1,1
34109,34110,34111,1,1
34109,34110,34111,1,1
34109,34110,34111,1,1
34109,34110,34111,1,1
34109,34110,34111,1,1
34109,34110,34111,1,1
34109,34110,34111,1,1
34109,34110,34111,1,1
34109,34110,34111,1,1
34109,34110,34111,1,1
34109,34109,34111,2,0
34109,34109,34111,2,0
34109,34111,34112,1,2
34109,34111,34112,1,2
34109,34111,34112,1,2
34109,34111,34112,1,2
34109,34111,34113,2,2
34109,34111,34112,1,2
34109,34111,34113,2,2
34109,34111,34113,2,2
34109,34111,34113,2,2
34109,34111,34113,2,2
34109,34111,34113,2,2
34109,34111,34113,2,2
34109,34111,34113,2,2
34109,34111,34113,2,2
34109,34111,34113,2,2
34109,34111,34113,2,2
34109,34111,34113,2,2
34109,34111,34113,2,2
34109,34111,34113,2,2
34109,34111,34113,2,2
34109,34111,34113,2,2
34109,34111,34113,2,2
34109,34111,34113,2,2
34109,34111,34113,2,2
34109,34111,34113,2,2
34109,34111,34113,2,2
34109,34111,34113,2,2
34109,34111,34113,2,2
34109,34111,34113,2,2
34109,34111,34113,2,2
34109,34111,34113,2,2
34109,34111,34113,2,2
34109,34112,34113,1,3
34109,34111,34113,2,2
34109,34111,34113,2,2
34109,34111,34113,2,2
34109,34111,34112,1,2
34109,34111,34113,2,2
34109,34112,34113,1,3
34109,34112,34113,1,3
34109,34112,34113,1,3
34109,34113,34114,1,4
34109,34113,34114,1,4
34109,34113,34114,1,4
34109,34112,34114,2,3
34109,34112,34114,2,3
34109,34112,34114,2,3
34109,34112,34114,2,3
34109,34112,34114,2,3
34109,34113,34114,1,4
34109,34113,34114,1,4
34109,34112,34114,2,3
33958,33958,34122,164,0
33800,33800,34122,322,0
34109,34109,34123,14,0
34109,34109,34123,14,0
34109,34109,34123,14,0
34100,34109,34124,15,9
34095,34095,34128,33,0
34109,34128,34129,1,19
34109,34128,34129,1,19
34109,34128,34130,2,19
34109,34128,34130,2,19
34109,34128,34130,2,19
34109,34128,34129,1,19
34109,34128,34130,2,19
33906,33907,34139,232,1
34139,34139,34140,1,0
34139,34139,34140,1,0
34139,34139,34141,2,0
34139,34139,34141,2,0
34139,34139,34141,2,0
34139,34139,34141,2,0
34139,34139,34141,2,0
34139,34139,34141,2,0
34139,34139,34141,2,0
34139,34139,34140,1,0
34139,34139,34140,1,0
34139,34139,34140,1,0
34139,34139,34141,2,0
34139,34139,34140,1,0
34139,34140,34141,1,1
34139,34140,34141,1,1
34139,34139,34141,2,0
34139,34139,34141,2,0
34139,34139,34141,2,0
34139,34139,34141,2,0
34139,34139,34141,2,0
34139,34139,34141,2,0
34139,34140,34141,1,1
34139,34139,34141,2,0
34139,34139,34141,2,0
34139,34139,34141,2,0
34139,34139,34141,2,0
34139,34139,34141,2,0
34139,34140,34141,1,1
34139,34140,34141,1,1
34139,34140,34141,1,1
34139,34141,34142,1,2
34139,34141,34143,2,2
34139,34141,34142,1,2
34139,34141,34142,1,2
34139,34141,34143,2,2
34139,34141,34143,2,2
34139,34139,34142,3,0
34139,34142,34143,1,3
34139,34142,34143,1,3
34139,34142,34143,1,3
34139,34142,34143,1,3
34139,34142,34143,1,3
34139,34142,34143,1,3
34139,34142,34143,1,3
34139,34142,34143,1,3
34142,34142,34143,1,0
34142,34142,34143,1,0
34142,34142,34143,1,0
34142,34142,34143,1,0
34142,34142,34143,1,0
34139,34139,34143,4,0
34139,34139,34143,4,0
34139,34139,34143,4,0
34139,34139,34143,4,0
34139,34140,34143,3,1
34139,34142,34143,1,3
34139,34142,34143,1,3
34139,34142,34143,1,3
34095,34095,34128,33,0
34095,34095,34128,33,0
34095,34095,34129,34,0
34109,34109,34129,20,0
34142,34142,34143,1,0
34142,34142,34143,1,0
34142,34142,34143,1,0
34142,34142,34143,1,0
34142,34142,34143,1,0
34142,34143,34144,1,1
34142,34143,34144,1,1
34142,34143,34144,1,1
34142,34143,34144,1,1
34142,34143,34144,1,1
34142,34143,34144,1,1
34142,34143,34144,1,1
34142,34143,34144,1,1
34142,34143,34144,1,1
34142,34143,34144,1,1
34142,34143,34144,1,1
34142,34143,34144,1,1
34142,34143,34144,1,1
34142,34144,34145,1,2
34142,34144,34145,1,2
33813,33813,34144,331,0
34142,34143,34144,1,1
34142,34143,34144,1,1
34142,34143,34144,1,1
34142,34143,34144,1,1
34142,34143,34144,1,1
34142,34143,34144,1,1
34142,34143,34144,1,1
34142,34143,34144,1,1
34142,34144,34145,1,2
34142,34144,34145,1,2
34142,34144,34145,1,2
34142,34144,34145,1,2
34142,34144,34145,1,2
34142,34144,34145,1,2
34142,34144,34145,1,2
34139,34144,34146,2,5
34139,34147,34149,2,8
34139,34147,34148,1,8
34139,34147,34149,2,8
34139,34147,34149,2,8
34139,34147,34149,2,8
34139,34147,34149,2,8
34139,34147,34149,2,8
34139,34139,34154,15,0
34155,34155,34156,1,0
34155,34155,34156,1,0
34155,34155,34157,2,0
34155,34155,34157,2,0
34155,34155,34156,1,0
34155,34155,34156,1,0
34139,34139,34157,18,0
34155,34155,34156,1,0
34155,34155,34157,2,0
34155,34155,34157,2,0
34155,34155,34157,2,0
34155,34155,34157,2,0
34155,34155,34157,2,0
34155,34155,34156,1,0
34155,34155,34156,1,0
34155,34155,34157,2,0
34155,34155,34156,1,0
34155,34155,34156,1,0
34155,34155,34156,1,0
34155,34155,34157,2,0
34155,34155,34157,2,0
34155,34155,34157,2,0
34155,34155,34156,1,0
34155,34155,34156,1,0
34155,34155,34156,1,0
34155,34155,34157,2,0
34155,34155,34157,2,0
34139,34139,34158,19,0
34139,34139,34157,18,0
34139,34139,34157,18,0
34139,34139,34158,19,0
34155,34155,34158,3,0
34155,34155,34157,2,0
34155,34155,34157,2,0
34155,34155,34157,2,0
34155,34155,34157,2,0
34155,34155,34157,2,0
34155,34155,34157,2,0
34155,34155,34157,2,0
34155,34155,34157,2,0
34155,34155,34157,2,0
34155,34155,34157,2,0
33917,33917,34160,243,0
34155,34155,34161,6,0
34139,34139,34161,22,0
34160,34160,34161,1,0
34160,34160,34161,1,0
34160,34160,34162,2,0
34160,34160,34162,2,0
34160,34160,34162,2,0
34160,34160,34162,2,0
34160,34160,34162,2,0
34160,34160,34162,2,0
34160,34160,34162,2,0
34160,34160,34162,2,0
34160,34160,34162,2,0
34160,34160,34162,2,0
34160,34160,34162,2,0
34160,34160,34162,2,0
34160,34160,34162,2,0
34160,34160,34162,2,0
34160,34160,34162,2,0
34160,34160,34162,2,0
34160,34160,34162,2,0
34160,34160,34162,2,0
34160,34160,34162,2,0
34160,34160,34162,2,0
34160,34160,34162,2,0
34160,34160,34162,2,0
34160,34160,34162,2,0
34160,34160,34162,2,0
34160,34160,34162,2,0
34160,34160,34162,2,0
34160,34160,34162,2,0
34160,34160,34162,2,0
34160,34160,34162,2,0
34160,34160,34162,2,0
34160,34160,34162,2,0
34160,34160,34162,2,0
34155,34155,34161,6,0
34155,34155,34161,6,0
34160,34161,34164,3,1
34160,34161,34166,5,1
34160,34161,34166,5,1
34160,34161,34166,5,1
34160,34161,34166,5,1
34160,34161,34167,6,1
34139,34139,34166,27,0
34139,34139,34166,27,0
34139,34139,34167,28,0
33977,33979,34168,189,2
34170,34170,34171,1,0
34170,34170,34171,1,0
34170,34170,34171,1,0
34170,34170,34171,1,0
34170,34170,34171,1,0
34170,34170,34171,1,0
34170,34170,34171,1,0
34170,34170,34171,1,0
34170,34170,34171,1,0
34170,34170,34171,1,0
34170,34170,34171,1,0
34170,34170,34171,1,0
34170,34170,34171,1,0
34170,34170,34172,2,0
34170,34170,34171,1,0
34170,34170,34172,2,0
34170,34170,34171,1,0
34170,34170,34171,1,0
34170,34170,34171,1,0
34170,34170,34171,1,0
34170,34170,34171,1,0
34170,34170,34172,2,0
34170,34170,34171,1,0
34170,34170,34171,1,0
34170,34170,34171,1,0
34170,34170,34172,2,0
34170,34170,34171,1,0
34170,34170,34171,1,0
34170,34170,34171,1,0
34170,34170,34172,2,0
34170,34170,34172,2,0
34170,34170,34172,2,0
34170,34170,34172,2,0
34170,34170,34172,2,0
34139,34140,34173,33,1
34139,34140,34173,33,1
34139,34140,34173,33,1
34139,34140,34173,33,1
34139,34140,34175,35,1
34139,34140,34176,36,1
34044,34044,34178,134,0
34183,34183,34185,2,0
34183,34183,34185,2,0
34183,34183,34185,2,0
34183,34183,34185,2,0
34183,34183,34185,2,0
34183,34183,34185,2,0
34183,34183,34185,2,0
34183,34183,34185,2,0
34183,34183,34185,2,0
34183,34183,34185,2,0
34183,34183,34185,2,0
34183,34183,34185,2,0
34183,34184,34185,1,1
34183,34184,34185,1,1
34183,34184,34185,1,1
34183,34184,34185,1,1
34183,34184,34185,1,1
34183,34184,34185,1,1
34183,34183,34185,2,0
34183,34183,34185,2,0
34183,34183,34185,2,0
34183,34183,34185,2,0
34183,34183,34185,2,0
34183,34184,34185,1,1
34183,34184,34185,1,1
34183,34184,34185,1,1
34183,34184,34185,1,1
34183,34184,34185,1,1
34183,34184,34185,1,1
34183,34184,34185,1,1
34183,34184,34185,1,1
34183,34184,34185,1,1
34183,34183,34186,3,0
34027,34027,34189,162,0
34139,34139,34178,39,0
34170,34170,34192,22,0
34170,34170,34192,22,0
34170,34170,34192,22,0
34191,34191,34192,1,0
34191,34191,34192,1,0
34191,34191,34192,1,0
34191,34191,34192,1,0
34191,34191,34192,1,0
34191,34191,34192,1,0
34191,34191,34193,2,0
34191,34191,34193,2,0
34191,34191,34192,1,0
34191,34191,34192,1,0
34191,34191,34193,2,0
34191,34191,34192,1,0
34191,34191,34192,1,0
34191,34191,34193,2,0
34191,34191,34192,1,0
34191,34191,34192,1,0
34191,34191,34192,1,0
34191,34191,34192,1,0
34191,34191,34192,1,0
34191,34191,34192,1,0
34191,34191,34192,1,0
34191,34191,34192,1,0
34191,34191,34192,1,0
34191,34191,34192,1,0
34191,34191,34192,1,0
34191,34191,34193,2,0
34191,34191,34193,2,0
34191,34191,34192,1,0
34191,34191,34192,1,0
34191,34191,34197,6,0
34191,34191,34204,13,0
34191,34191,34204,13,0
34191,34191,34204,13,0
34063,34063,34212,149,0
34213,34213,34215,2,0
34213,34213,34215,2,0
34213,34213,34215,2,0
34213,34213,34215,2,0
34213,34213,34214,1,0
34213,34213,34215,2,0
34213,34213,34214,1,0
34213,34213,34214,1,0
34213,34213,34214,1,0
34213,34213,34214,1,0
34213,34213,34214,1,0
34213,34213,34214,1,0
34213,34213,34214,1,0
34213,34213,34214,1,0
34213,34213,34214,1,0
34213,34213,34214,1,0
34213,34213,34214,1,0
34213,34213,34214,1,0
34213,34213,34214,1,0
34213,34213,34214,1,0
34213,34213,34214,1,0
34213,34213,34214,1,0
34213,34213,34214,1,0
34213,34213,34214,1,0
34213,34213,34214,1,0
34213,34213,34214,1,0
34213,34213,34214,1,0
34213,34213,34214,1,0
34213,34213,34214,1,0
34213,34213,34214,1,0
34213,34213,34214,1,0
34213,34213,34214,1,0
34082,34082,34219,137,0
34213,34213,34220,7,0
34213,34213,34220,7,0
34213,34213,34220,7,0
34191,34220,34221,1,29
34191,34220,34221,1,29
34191,34220,34221,1,29
34191,34220,34221,1,29
34191,34220,34221,1,29
34191,34220,34221,1,29
34220,34220,34221,1,0
34220,34220,34221,1,0
34220,34220,34221,1,0
34220,34220,34221,1,0
34220,34220,34221,1,0
34220,34220,34221,1,0
34220,34220,34221,1,0
34220,34220,34221,1,0
34220,34220,34221,1,0
34220,34220,34221,1,0
34220,34220,34221,1,0
34220,34220,34221,1,0
34220,34220,34221,1,0
34220,34220,34221,1,0
34220,34220,34221,1,0
34220,34220,34221,1,0
34220,34220,34221,1,0
34220,34220,34221,1,0
34220,34220,34222,2,0
34220,34220,34221,1,0
34220,34220,34221,1,0
34220,34220,34221,1,0
34220,34220,34221,1,0
34220,34220,34221,1,0
34220,34220,34221,1,0
34220,34220,34222,2,0
34220,34220,34221,1,0
34220,34220,34221,1,0
34220,34222,34223,1,2
34183,34184,34225,41,1
34183,34184,34225,41,1
34183,34184,34225,41,1
34183,34184,34226,42,1
34183,34184,34226,42,1
34080,34080,34231,151,0
34233,34233,34234,1,0
34233,34233,34235,2,0
34233,34233,34235,2,0
34233,34233,34234,1,0
34233,34233,34234,1,0
34233,34233,34235,2,0
34233,34233,34234,1,0
34233,34233,34234,1,0
34233,34233,34234,1,0
34233,34233,34234,1,0
34233,34233,34234,1,0
34233,34233,34234,1,0
34233,34233,34234,1,0
34233,34233,34234,1,0
34233,34233,34234,1,0
34233,34233,34234,1,0
34233,34233,34234,1,0
34233,34233,34234,1,0
34233,34233,34234,1,0
34233,34233,34234,1,0
34233,34233,34234,1,0
34233,34233,34234,1,0
34233,34233,34234,1,0
34233,34233,34234,1,0
34233,34233,34234,1,0
34233,34233,34234,1,0
34233,34233,34234,1,0
34233,34233,34234,1,0
34233,34233,34234,1,0
34233,34233,34235,2,0
34233,34233,34235,2,0
34233,34234,34235,1,1
34233,34234,34235,1,1
34233,34234,34235,1,1
34233,34235,34236,1,2
34183,34184,34239,55,1
34220,34221,34238,17,1
34111,34114,34239,125,3
34233,34233,34239,6,0
34233,34233,34239,6,0
34233,34233,34239,6,0
34233,34233,34239,6,0
34233,34233,34239,6,0
34220,34220,34242,22,0
34220,34220,34242,22,0
34213,34213,34230,17,0
34213,34213,34230,17,0
34213,34213,34233,20,0
34213,34213,34230,17,0
34213,34213,34231,18,0
34220,34220,34244,24,0
34170,34170,34239,69,0
34246,34246,34247,1,0
34246,34246,34247,1,0
34246,34246,34247,1,0
34246,34246,34248,2,0
34246,34246,34248,2,0
34246,34246,34248,2,0
34246,34246,34248,2,0
34246,34246,34247,1,0
34246,34246,34247,1,0
34246,34246,34247,1,0
34246,34246,34247,1,0
34246,34246,34247,1,0
34246,34246,34247,1,0
34246,34246,34247,1,0
34246,34246,34248,2,0
34246,34246,34247,1,0
34246,34246,34247,1,0
34246,34246,34247,1,0
34246,34246,34247,1,0
34246,34246,34247,1,0
34246,34246,34247,1,0
34246,34246,34247,1,0
34246,34246,34247,1,0
34246,34246,34247,1,0
34246,34246,34248,2,0
34246,34246,34247,1,0
34246,34246,34248,2,0
34246,34246,34248,2,0
34246,34246,34248,2,0
34246,34246,34248,2,0
34057,34058,34249,191,1
34220,34244,34250,6,24
34220,34249,34250,1,29
34220,34249,34250,1,29
34246,34246,34250,4,0
34220,34249,34251,2,29
34220,34249,34251,2,29
34220,34249,34251,2,29
34220,34249,34250,1,29
34246,34246,34255,9,0
34253,34253,34255,2,0
34253,34253,34254,1,0
34253,34253,34254,1,0
34253,34253,34254,1,0
34253,34253,34254,1,0
34253,34253,34254,1,0
34253,34253,34254,1,0
34253,34253,34254,1,0
34253,34253,34254,1,0
34253,34253,34255,2,0
34253,34253,34254,1,0
34253,34253,34254,1,0
34253,34253,34254,1,0
34253,34253,34254,1,0
34253,34253,34254,1,0
34253,34253,34254,1,0
34253,34253,34254,1,0
34253,34253,34254,1,0
34253,34253,34254,1,0
34253,34253,34254,1,0
34253,34253,34254,1,0
34253,34253,34254,1,0
34253,34253,34254,1,0
34253,34253,34254,1,0
34253,34253,34254,1,0
34253,34253,34254,1,0
34253,34253,34255,2,0
34170,34170,34259,89,0
34170,34170,34260,90,0
34191,34191,34261,70,0
34253,34253,34266,13,0
34253,34253,34267,14,0
34253,34253,34267,14,0
34253,34253,34267,14,0
34253,34253,34267,14,0
34141,34142,34268,126,1
34183,34191,34267,76,8
34253,34253,34266,13,0
34253,34253,34268,15,0
33998,33998,34269,271,0
34271,34271,34272,1,0
34271,34271,34272,1,0
34271,34271,34272,1,0
34271,34271,34272,1,0
34271,34271,34272,1,0
34271,34271,34272,1,0
34271,34271,34272,1,0
34271,34271,34272,1,0
34271,34271,34272,1,0
34271,34271,34272,1,0
34271,34271,34273,2,0
34271,34271,34272,1,0
34271,34271,34272,1,0
34271,34271,34272,1,0
34271,34271,34273,2,0
34271,34271,34273,2,0
34271,34271,34272,1,0
34271,34271,34272,1,0
34271,34271,34273,2,0
34271,34271,34272,1,0
34271,34271,34272,1,0
34271,34271,34272,1,0
34271,34271,34272,1,0
34271,34271,34272,1,0
34271,34271,34273,2,0
34271,34271,34273,2,0
34271,34271,34272,1,0
34271,34271,34272,1,0
34271,34271,34272,1,0
34271,34271,34273,2,0
34271,34271,34272,1,0
34271,34271,34272,1,0
34271,34271,34272,1,0
34271,34271,34272,1,0
34271,34271,34272,1,0
34271,34271,34272,1,0
34271,34271,34272,1,0
34271,34271,34272,1,0
34271,34271,34272,1,0
34271,34271,34272,1,0
34271,34272,34273,1,1
34271,34272,34273,1,1
34271,34272,34273,1,1
34271,34272,34273,1,1
34271,34271,34273,2,0
34271,34273,34274,1,2
34271,34271,34273,2,0
34271,34272,34273,1,1
34271,34272,34273,1,1
34271,34273,34274,1,2
34271,34273,34274,1,2
34271,34273,34274,1,2
34271,34273,34274,1,2
34271,34273,34274,1,2
34271,34273,34275,2,2
34271,34273,34274,1,2
34271,34273,34274,1,2
34271,34273,34274,1,2
34271,34273,34274,1,2
34271,34273,34274,1,2
34271,34273,34274,1,2
34271,34273,34274,1,2
34271,34273,34274,1,2
34271,34273,34274,1,2
34271,34273,34275,2,2
34271,34273,34274,1,2
34271,34273,34274,1,2
34271,34273,34275,2,2
34271,34273,34274,1,2
34271,34273,34275,2,2
34271,34273,34275,2,2
34271,34273,34274,1,2
34271,34273,34275,2,2
34271,34273,34274,1,2
34095,34095,34278,183,0
34253,34278,34279,1,25
34253,34278,34279,1,25
34253,34278,34279,1,25
34253,34278,34279,1,25
34253,34278,34280,2,25
34156,34156,34284,128,0
34246,34246,34284,38,0
34246,34246,34284,38,0
34246,34246,34283,37,0
34246,34246,34283,37,0
34282,34283,34284,1,1
34282,34282,34283,1,0
34282,34283,34284,1,1
34282,34283,34284,1,1
34282,34283,34284,1,1
34282,34283,34284,1,1
34282,34283,34284,1,1
34282,34282,34284,2,0
34282,34283,34284,1,1
34282,34283,34284,1,1
34282,34283,34284,1,1
34282,34283,34284,1,1
34282,34283,34284,1,1
34282,34283,34284,1,1
34282,34283,34284,1,1
34282,34283,34284,1,1
34282,34283,34284,1,1
34282,34283,34284,1,1
34282,34283,34284,1,1
34282,34283,34284,1,1
34282,34282,34284,2,0
34282,34283,34285,2,1
34282,34283,34284,1,1
34282,34283,34284,1,1
34282,34283,34284,1,1
34282,34283,34284,1,1
34282,34282,34284,2,0
34282,34283,34284,1,1
34282,34283,34284,1,1
34282,34283,34284,1,1
34282,34283,34284,1,1
34282,34283,34284,1,1
34282,34283,34284,1,1
34282,34283,34284,1,1
34246,34246,34284,38,0
34282,34283,34284,1,1
34282,34283,34285,2,1
34282,34283,34285,2,1
34282,34283,34286,3,1
34284,34284,34286,2,0
34284,34284,34286,2,0
34284,34284,34286,2,0
34284,34284,34286,2,0
34284,34284,34285,1,0
34284,34284,34285,1,0
34284,34284,34285,1,0
34284,34284,34285,1,0
34284,34284,34286,2,0
34284,34284,34285,1,0
34284,34285,34287,2,1
34284,34285,34286,1,1
34284,34285,34286,1,1
34284,34285,34286,1,1
34284,34285,34286,1,1
34284,34285,34286,1,1
34284,34285,34286,1,1
34284,34285,34286,1,1
34284,34285,34287,2,1
34284,34285,34286,1,1
34284,34285,34286,1,1
34284,34285,34286,1,1
34284,34285,34286,1,1
34284,34285,34286,1,1
34284,34285,34286,1,1
34284,34285,34286,1,1
34284,34285,34287,2,1
34284,34285,34286,1,1
34284,34285,34286,1,1
34284,34285,34286,1,1
34284,34285,34286,1,1
34284,34285,34287,2,1
34284,34285,34286,1,1
34284,34285,34286,1,1
34284,34285,34286,1,1
34284,34284,34287,3,0
34284,34284,34289,5,0
34271,34271,34287,16,0
34284,34284,34291,7,0
34284,34284,34291,7,0
34284,34284,34291,7,0
34246,34246,34296,50,0
34271,34271,34299,28,0
34271,34271,34297,26,0
34271,34271,34299,28,0
34271,34271,34297,26,0
34271,34271,34299,28,0
34163,34163,34304,141,0
34309,34309,34311,2,0
34309,34309,34311,2,0
34309,34310,34311,1,1
34309,34310,34311,1,1
34309,34310,34311,1,1
34309,34310,34311,1,1
34309,34309,34311,2,0
34309,34309,34311,2,0
34309,34309,34311,2,0
34309,34309,34311,2,0
34309,34310,34311,1,1
34309,34310,34311,1,1
34309,34310,34311,1,1
34309,34310,34311,1,1
34309,34310,34311,1,1
34309,34310,34311,1,1
34309,34310,34311,1,1
34309,34310,34311,1,1
34309,34310,34311,1,1
34309,34310,34311,1,1
34309,34310,34312,2,1
34184,34184,34312,128,0
34309,34310,34312,2,1
34309,34310,34312,2,1
34309,34310,34312,2,1
34309,34310,34312,2,1
34309,34310,34312,2,1
34309,34310,34313,3,1
34309,34310,34312,2,1
34309,34310,34312,2,1
34309,34310,34312,2,1
34309,34310,34313,3,1
34309,34310,34313,3,1
34246,34246,34314,68,0
34314,34314,34316,2,0
34314,34314,34316,2,0
34314,34314,34315,1,0
34314,34314,34315,1,0
34314,34314,34315,1,0
34314,34314,34316,2,0
34314,34314,34316,2,0
34314,34314,34316,2,0
34314,34314,34316,2,0
34314,34314,34316,2,0
34314,34314,34316,2,0
34314,34314,34315,1,0
34314,34314,34316,2,0
34314,34314,34316,2,0
34314,34314,34316,2,0
34314,34314,34316,2,0
34314,34314,34316,2,0
34314,34314,34315,1,0
34314,34314,34316,2,0
34314,34314,34316,2,0
34314,34314,34316,2,0
34314,34314,34316,2,0
34314,34314,34316,2,0
34314,34314,34316,2,0
34314,34315,34316,1,1
34314,34315,34316,1,1
34314,34315,34316,1,1
34314,34315,34316,1,1
34314,34315,34316,1,1
34314,34315,34316,1,1
34314,34315,34316,1,1
34309,34310,34316,6,1
34314,34314,34316,2,0
34314,34314,34316,2,0
34314,34314,34316,2,0
34314,34314,34316,2,0
34314,34314,34316,2,0
34314,34314,34317,3,0
34314,34314,34317,3,0
34314,34314,34318,4,0
34314,34314,34318,4,0
34246,34246,34321,75,0
34253,34254,34333,79,1
34214,34215,34357,142,1
34359,34359,34360,1,0
34359,34359,34360,1,0
34359,34359,34361,2,0
34359,34359,34360,1,0
34359,34359,34360,1,0
34359,34359,34360,1,0
34359,34359,34361,2,0
34359,34359,34360,1,0
34359,34359,34360,1,0
34359,34359,34360,1,0
34359,34359,34361,2,0
34359,34359,34360,1,0
34359,34359,34360,1,0
34359,34359,34361,2,0
34359,34359,34360,1,0
34359,34359,34360,1,0
34359,34359,34360,1,0
34359,34359,34360,1,0
34359,34359,34360,1,0
34359,34359,34360,1,0
34359,34359,34360,1,0
34359,34359,34360,1,0
34359,34359,34361,2,0
34359,34359,34360,1,0
34359,34359,34360,1,0
34359,34359,34360,1,0
34359,34359,34360,1,0
34359,34359,34360,1,0
34359,34359,34360,1,0
34359,34359,34361,2,0
34359,34359,34360,1,0
34359,34359,34361,2,0
34359,34359,34361,2,0
34359,34359,34361,2,0
34359,34359,34361,2,0
34359,34359,34361,2,0
34359,34359,34361,2,0
34359,34359,34361,2,0
34359,34359,34362,3,0
34101,34101,34367,266,0
34359,34359,34368,9,0
34368,34369,34370,1,1
34368,34369,34370,1,1
34368,34369,34370,1,1
34368,34369,34370,1,1
34368,34369,34370,1,1
34368,34369,34371,2,1
34368,34369,34371,2,1
34368,34369,34370,1,1
34368,34369,34370,1,1
34368,34369,34370,1,1
34368,34369,34370,1,1
34368,34369,34370,1,1
34368,34369,34370,1,1
34368,34369,34370,1,1
34368,34369,34370,1,1
34368,34369,34370,1,1
34368,34369,34370,1,1
34368,34369,34370,1,1
34368,34369,34370,1,1
34368,34369,34370,1,1
34368,34369,34370,1,1
34368,34369,34370,1,1
34368,34369,34370,1,1
34368,34369,34370,1,1
34368,34369,34370,1,1
34368,34369,34370,1,1
34368,34369,34370,1,1
34368,34369,34370,1,1
34368,34369,34370,1,1
34368,34369,34370,1,1
34368,34369,34370,1,1
34368,34369,34370,1,1
34368,34369,34371,2,1
34368,34369,34370,1,1
34368,34369,34371,2,1
34368,34369,34370,1,1
34368,34369,34370,1,1
34368,34369,34371,2,1
34368,34369,34371,2,1
34309,34310,34375,65,1
34309,34310,34377,67,1
34309,34310,34381,71,1
34309,34310,34380,70,1
34309,34310,34381,71,1
34309,34310,34381,71,1
34247,34247,34384,137,0
34390,34390,34392,2,0
34390,34390,34391,1,0
34390,34390,34391,1,0
34390,34390,34391,1,0
34390,34390,34391,1,0
34390,34390,34391,1,0
34390,34390,34391,1,0
34390,34390,34391,1,0
34390,34390,34391,1,0
34390,34390,34391,1,0
34390,34390,34391,1,0
34390,34390,34391,1,0
34390,34390,34391,1,0
34390,34390,34391,1,0
34390,34390,34391,1,0
34390,34390,34391,1,0
34390,34390,34391,1,0
34390,34390,34392,2,0
34390,34390,34391,1,0
34390,34390,34392,2,0
34390,34390,34392,2,0
34390,34390,34391,1,0
34390,34390,34391,1,0
34390,34390,34391,1,0
34390,34390,34391,1,0
34390,34390,34391,1,0
34390,34390,34391,1,0
34390,34390,34392,2,0
34390,34390,34392,2,0
34390,34390,34392,2,0
34390,34390,34393,3,0
34390,34390,34393,3,0
34390,34390,34394,4,0
34390,34390,34394,4,0
34390,34390,34399,9,0
34390,34390,34399,9,0
34272,34273,34406,133,1
34406,34406,34408,2,0
34406,34406,34408,2,0
34406,34406,34408,2,0
34406,34406,34408,2,0
34406,34406,34408,2,0
34406,34406,34408,2,0
34406,34406,34408,2,0
34406,34406,34408,2,0
34406,34406,34408,2,0
34406,34406,34408,2,0
34406,34406,34408,2,0
34406,34406,34408,2,0
34406,34406,34408,2,0
34406,34406,34408,2,0
34406,34406,34408,2,0
34406,34406,34408,2,0
34406,34406,34408,2,0
34406,34406,34408,2,0
34406,34406,34408,2,0
34406,34406,34408,2,0
34406,34407,34408,1,1
34406,34407,34408,1,1
34406,34407,34408,1,1
34406,34406,34408,2,0
34406,34406,34409,3,0
34406,34406,34408,2,0
34406,34406,34408,2,0
34406,34406,34408,2,0
34406,34406,34408,2,0
34406,34406,34408,2,0
34406,34406,34408,2,0
34406,34406,34409,3,0
34253,34278,34410,132,25
34406,34406,34411,5,0
34406,34406,34411,5,0
34406,34406,34412,6,0
34406,34406,34412,6,0
34124,34124,34413,289,0
34412,34412,34414,2,0
34412,34412,34414,2,0
34412,34412,34414,2,0
34412,34412,34414,2,0
34412,34412,34414,2,0
34412,34412,34414,2,0
34412,34412,34414,2,0
34412,34412,34414,2,0
34412,34412,34414,2,0
34412,34412,34414,2,0
34412,34412,34414,2,0
34412,34412,34414,2,0
34412,34412,34414,2,0
34412,34412,34414,2,0
34412,34412,34414,2,0
34412,34412,34414,2,0
34412,34412,34414,2,0
34412,34412,34414,2,0
34412,34412,34414,2,0
34412,34412,34414,2,0
34412,34412,34414,2,0
34412,34412,34414,2,0
34412,34412,34414,2,0
34412,34412,34414,2,0
34412,34412,34414,2,0
34412,34412,34414,2,0
34412,34412,34414,2,0
34412,34412,34414,2,0
34412,34412,34414,2,0
34412,34412,34414,2,0
34412,34412,34414,2,0
34412,34412,34414,2,0
34412,34412,34414,2,0
34412,34412,34414,2,0
34412,34412,34414,2,0
34235,34235,34415,180,0
34412,34412,34414,2,0
34412,34412,34415,3,0
34412,34412,34415,3,0
34412,34412,34415,3,0
34413,34414,34415,1,1
34413,34414,34415,1,1
34413,34414,34415,1,1
34413,34414,34415,1,1
34413,34414,34415,1,1
34413,34414,34415,1,1
34413,34414,34415,1,1
34413,34414,34415,1,1
34413,34414,34415,1,1
34413,34414,34415,1,1
34413,34414,34415,1,1
34413,34414,34415,1,1
34413,34414,34415,1,1
34413,34414,34415,1,1
34413,34414,34416,2,1
34413,34414,34416,2,1
34413,34415,34416,1,2
34413,34415,34416,1,2
34413,34415,34416,1,2
34413,34415,34416,1,2
34413,34415,34416,1,2
34413,34415,34416,1,2
34413,34415,34416,1,2
34413,34415,34416,1,2
34413,34415,34416,1,2
34413,34415,34416,1,2
34413,34415,34416,1,2
34413,34415,34416,1,2
34413,34415,34416,1,2
34413,34415,34416,1,2
34413,34415,34416,1,2
34413,34415,34416,1,2
34413,34415,34416,1,2
34413,34415,34416,1,2
34413,34415,34416,1,2
34413,34415,34416,1,2
34413,34415,34416,1,2
34413,34415,34416,1,2
34413,34415,34416,1,2
34413,34415,34416,1,2
34417,34417,34418,1,0
34417,34417,34419,2,0
34417,34417,34419,2,0
34417,34417,34419,2,0
34417,34417,34419,2,0
34417,34417,34419,2,0
34417,34417,34418,1,0
34417,34417,34419,2,0
34417,34417,34419,2,0
34417,34417,34419,2,0
34417,34417,34419,2,0
34417,34417,34418,1,0
34417,34417,34418,1,0
34417,34417,34418,1,0
34417,34417,34418,1,0
34417,34417,34418,1,0
34417,34417,34418,1,0
34417,34417,34419,2,0
34417,34417,34418,1,0
34417,34417,34419,2,0
34417,34417,34418,1,0
34417,34417,34418,1,0
34417,34417,34418,1,0
34417,34417,34418,1,0
34417,34417,34418,1,0
34285,34285,34418,133,0
34417,34417,34418,1,0
34417,34417,34418,1,0
34417,34417,34418,1,0
34417,34417,34418,1,0
34417,34417,34418,1,0
34417,34417,34418,1,0
34417,34417,34419,2,0
34417,34417,34418,1,0
34417,34417,34418,1,0
34417,34417,34418,1,0
34417,34417,34418,1,0
34417,34417,34418,1,0
34417,34417,34418,1,0
34417,34417,34419,2,0
34417,34417,34419,2,0
34192,34220,34427,207,28
34390,34390,34420,30,0
34390,34390,34419,29,0
34390,34390,34411,21,0
34390,34390,34419,29,0
34425,34426,34427,1,1
34425,34426,34427,1,1
34425,34426,34427,1,1
34425,34426,34427,1,1
34425,34426,34427,1,1
34425,34426,34427,1,1
34425,34426,34427,1,1
34425,34426,34427,1,1
34425,34426,34427,1,1
34425,34426,34427,1,1
34425,34426,34427,1,1
34425,34426,34427,1,1
34425,34426,34427,1,1
34425,34426,34427,1,1
34425,34426,34427,1,1
34425,34426,34427,1,1
34425,34426,34427,1,1
34425,34426,34428,2,1
34425,34426,34427,1,1
34425,34426,34427,1,1
34425,34426,34427,1,1
34425,34426,34427,1,1
34425,34426,34427,1,1
34425,34426,34427,1,1
34425,34426,34428,2,1
34425,34426,34427,1,1
34425,34426,34427,1,1
34425,34426,34427,1,1
34425,34426,34427,1,1
34425,34426,34427,1,1
34425,34426,34427,1,1
34425,34426,34427,1,1
34425,34426,34427,1,1
34425,34426,34427,1,1
34425,34426,34427,1,1
34425,34426,34427,1,1
34425,34426,34428,2,1
34425,34426,34428,2,1
34425,34426,34428,2,1
34425,34426,34428,2,1
34406,34427,34428,1,21
34310,34310,34434,124,0
34434,34434,34436,2,0
34172,34172,34436,264,0
34406,34407,34417,10,1
34406,34407,34417,10,1
34406,34407,34417,10,1
34434,34434,34436,2,0
34434,34434,34436,2,0
34434,34434,34436,2,0
34434,34434,34436,2,0
34434,34434,34436,2,0
34434,34434,34436,2,0
34434,34434,34436,2,0
34434,34434,34436,2,0
34434,34434,34436,2,0
34434,34434,34436,2,0
34434,34434,34436,2,0
34434,34434,34436,2,0
34434,34434,34436,2,0
34434,34434,34436,2,0
34434,34434,34436,2,0
34434,34434,34436,2,0
34434,34434,34436,2,0
34434,34434,34436,2,0
34434,34434,34436,2,0
34434,34434,34436,2,0
34434,34434,34436,2,0
34434,34435,34436,1,1
34434,34435,34436,1,1
34434,34435,34436,1,1
34434,34435,34436,1,1
34434,34435,34436,1,1
34434,34435,34436,1,1
34434,34434,34436,2,0
34434,34434,34436,2,0
34434,34434,34436,2,0
34434,34434,34436,2,0
34434,34434,34436,2,0
34434,34434,34436,2,0
34283,34283,34436,153,0
34434,34435,34437,2,1
34434,34434,34436,2,0
34434,34434,34436,2,0
34434,34434,34436,2,0
34434,34434,34436,2,0
34434,34434,34436,2,0
34412,34436,34438,2,24
33996,33998,34440,442,2
34316,34316,34440,124,0
33999,34000,34447,447,1
34452,34453,34454,1,1
34452,34453,34454,1,1
34452,34453,34454,1,1
34452,34453,34454,1,1
34452,34453,34454,1,1
34452,34453,34454,1,1
34452,34453,34454,1,1
34452,34453,34454,1,1
34452,34453,34454,1,1
34452,34453,34454,1,1
34452,34453,34454,1,1
34452,34453,34454,1,1
34452,34453,34454,1,1
34452,34453,34454,1,1
34452,34453,34454,1,1
34452,34453,34454,1,1
34452,34453,34454,1,1
34452,34453,34454,1,1
34452,34453,34454,1,1
34452,34453,34454,1,1
34452,34453,34455,2,1
34452,34453,34455,2,1
34452,34453,34455,2,1
34453,34453,34455,2,0
34452,34453,34455,2,1
34452,34453,34454,1,1
34452,34453,34455,2,1
34453,34453,34455,2,0
34453,34453,34455,2,0
34453,34453,34455,2,0
34452,34453,34454,1,1
34453,34453,34455,2,0
34453,34453,34455,2,0
34453,34453,34455,2,0
34452,34453,34454,1,1
34452,34453,34454,1,1
34452,34453,34454,1,1
34452,34453,34454,1,1
34453,34453,34455,2,0
34453,34453,34455,2,0
34452,34453,34454,1,1
34453,34453,34455,2,0
34453,34453,34455,2,0
34453,34453,34455,2,0
34453,34453,34454,1,0
34453,34453,34455,2,0
34453,34453,34455,2,0
34453,34453,34455,2,0
34452,34453,34455,2,1
34453,34453,34455,2,0
34453,34453,34455,2,0
34453,34453,34455,2,0
34453,34453,34455,2,0
34453,34453,34455,2,0
34453,34454,34455,1,1
34453,34454,34455,1,1
34453,34454,34455,1,1
34453,34454,34455,1,1
34453,34454,34455,1,1
34453,34454,34455,1,1
34453,34454,34455,1,1
34453,34454,34455,1,1
34453,34454,34455,1,1
34453,34453,34455,2,0
34453,34454,34455,1,1
34453,34454,34455,1,1
34453,34454,34455,1,1
34453,34454,34455,1,1
34453,34454,34456,2,1
34453,34454,34456,2,1
34453,34454,34456,2,1
34453,34455,34457,2,2
34453,34455,34457,2,2
34453,34455,34457,2,2
34453,34455,34457,2,2
34453,34455,34457,2,2
34453,34455,34457,2,2
34453,34455,34457,2,2
34453,34455,34457,2,2
34453,34455,34457,2,2
34453,34455,34457,2,2
34453,34455,34457,2,2
34453,34455,34457,2,2
34453,34455,34457,2,2
34453,34455,34457,2,2
34453,34455,34457,2,2
34453,34456,34457,1,3
34453,34455,34457,2,2
34453,34456,34457,1,3
34453,34456,34457,1,3
34453,34456,34457,1,3
34453,34456,34457,1,3
34453,34456,34458,2,3
34453,34454,34457,3,1
34453,34455,34457,2,2
34453,34455,34457,2,2
34453,34456,34457,1,3
34453,34456,34457,1,3
34453,34456,34457,1,3
34453,34456,34457,1,3
34453,34456,34457,1,3
34453,34456,34457,1,3
34453,34456,34457,1,3
34453,34456,34457,1,3
34453,34456,34457,1,3
34453,34456,34457,1,3
34453,34456,34457,1,3
34453,34456,34457,1,3
34453,34456,34457,1,3
34453,34456,34457,1,3
34453,34456,34457,1,3
34453,34456,34457,1,3
34453,34456,34457,1,3
34453,34456,34457,1,3
34453,34456,34457,1,3
34453,34456,34457,1,3
34453,34456,34457,1,3
34453,34456,34457,1,3
34453,34456,34457,1,3
34453,34456,34457,1,3
34453,34456,34458,2,3
34453,34457,34458,1,4
34453,34456,34458,2,3
34453,34458,34459,1,5
34453,34458,34459,1,5
34453,34457,34458,1,4
34453,34457,34458,1,4
34453,34457,34458,1,4
34453,34458,34459,1,5
34453,34458,34459,1,5
34453,34458,34459,1,5
34453,34458,34459,1,5
34453,34458,34459,1,5
34453,34458,34459,1,5
34453,34458,34459,1,5
34453,34458,34459,1,5
34453,34458,34459,1,5
34453,34458,34459,1,5
34453,34458,34459,1,5
34453,34458,34459,1,5
34453,34458,34459,1,5
34453,34458,34459,1,5
34453,34458,34459,1,5
34453,34458,34459,1,5
34453,34458,34459,1,5
34453,34458,34459,1,5
34453,34458,34459,1,5
34453,34458,34459,1,5
34453,34458,34459,1,5
34459,34459,34460,1,0
34459,34459,34460,1,0
34459,34459,34460,1,0
34459,34459,34460,1,0
34459,34459,34460,1,0
34459,34459,34460,1,0
34459,34459,34460,1,0
34459,34459,34461,2,0
34459,34459,34460,1,0
34459,34459,34460,1,0
34459,34459,34460,1,0
34459,34459,34461,2,0
34459,34459,34461,2,0
34459,34459,34461,2,0
34459,34459,34460,1,0
34459,34459,34461,2,0
34459,34459,34460,1,0
34459,34459,34460,1,0
34459,34459,34461,2,0
34459,34459,34460,1,0
34459,34459,34460,1,0
34459,34459,34460,1,0
34459,34459,34460,1,0
34459,34459,34460,1,0
34459,34459,34460,1,0
34459,34459,34460,1,0
34459,34459,34460,1,0
34459,34459,34460,1,0
34459,34459,34460,1,0
34459,34459,34460,1,0
34459,34459,34461,2,0
34459,34459,34460,1,0
34459,34459,34460,1,0
34459,34460,34461,1,1
34459,34460,34461,1,1
34459,34460,34461,1,1
34459,34460,34461,1,1
34459,34460,34461,1,1
34459,34460,34461,1,1
34459,34460,34461,1,1
34459,34460,34462,2,1
34459,34460,34462,2,1
34459,34460,34461,1,1
34459,34460,34461,1,1
34459,34460,34461,1,1
34459,34460,34462,2,1
34459,34460,34462,2,1
34459,34460,34462,2,1
34459,34460,34462,2,1
34459,34460,34461,1,1
34459,34460,34461,1,1
34459,34460,34461,1,1
34459,34460,34462,2,1
34459,34460,34461,1,1
34459,34461,34462,1,2
34452,34453,34463,10,1
34452,34453,34463,10,1
34459,34461,34463,2,2
34459,34461,34463,2,2
34459,34461,34463,2,2
34459,34461,34463,2,2
34459,34461,34463,2,2
34459,34461,34462,1,2
34459,34461,34463,2,2
34459,34461,34463,2,2
34459,34461,34463,2,2
34459,34461,34463,2,2
34459,34461,34463,2,2
34459,34461,34463,2,2
34459,34461,34463,2,2
34459,34461,34463,2,2
34459,34461,34463,2,2
34459,34461,34463,2,2
34459,34461,34462,1,2
34459,34461,34463,2,2
34459,34461,34463,2,2
34459,34461,34462,1,2
34459,34461,34463,2,2
34459,34461,34463,2,2
34459,34461,34463,2,2
34459,34461,34463,2,2
34459,34461,34463,2,2
34452,34453,34463,10,1
34452,34453,34464,11,1
34452,34453,34465,12,1
34221,34222,34468,246,1
34452,34472,34474,2,20
34452,34472,34474,2,20
34453,34472,34474,2,19
34453,34472,34474,2,19
34453,34472,34474,2,19
34453,34472,34474,2,19
34477,34477,34479,2,0
34477,34477,34479,2,0
34477,34477,34479,2,0
34477,34477,34479,2,0
34477,34477,34479,2,0
34477,34477,34478,1,0
34477,34477,34478,1,0
34477,34477,34479,2,0
34477,34477,34479,2,0
34477,34477,34479,2,0
34477,34477,34479,2,0
34477,34477,34479,2,0
34477,34477,34479,2,0
34477,34477,34479,2,0
34477,34477,34479,2,0
34477,34477,34479,2,0
34477,34477,34479,2,0
34477,34477,34479,2,0
34477,34477,34479,2,0
34477,34477,34479,2,0
34477,34477,34479,2,0
34477,34477,34479,2,0
34477,34477,34479,2,0
34477,34477,34479,2,0
34477,34477,34479,2,0
34477,34477,34479,2,0
34477,34477,34479,2,0
34477,34477,34479,2,0
34477,34477,34479,2,0
34477,34477,34479,2,0
34477,34477,34479,2,0
34477,34477,34479,2,0
34477,34477,34482,5,0
34477,34477,34482,5,0
34477,34477,34482,5,0
34477,34477,34481,4,0
34477,34477,34488,11,0
34477,34477,34488,11,0
34477,34477,34489,12,0
34477,34477,34489,12,0
34143,34144,34500,356,1
34500,34501,34502,1,1
34500,34500,34502,2,0
34500,34500,34502,2,0
34500,34500,34502,2,0
34500,34500,34502,2,0
34500,34500,34502,2,0
34500,34500,34502,2,0
34500,34500,34502,2,0
34500,34500,34502,2,0
34500,34500,34502,2,0
34500,34501,34502,1,1
34500,34500,34502,2,0
34500,34500,34502,2,0
34500,34500,34502,2,0
34500,34500,34502,2,0
34500,34501,34502,1,1
34500,34501,34502,1,1
34500,34501,34502,1,1
34500,34501,34502,1,1
34500,34501,34502,1,1
34500,34501,34502,1,1
34500,34500,34502,2,0
34500,34500,34502,2,0
34500,34500,34502,2,0
34500,34500,34502,2,0
34500,34500,34502,2,0
34500,34501,34502,1,1
34500,34500,34502,2,0
34500,34500,34502,2,0
34500,34500,34502,2,0
34500,34501,34502,1,1
34500,34501,34502,1,1
34500,34501,34502,1,1
34500,34501,34502,1,1
34500,34501,34502,1,1
34500,34501,34502,1,1
34287,34287,34521,234,0
34522,34522,34523,1,0
34522,34523,34524,1,1
34522,34523,34524,1,1
34144,34144,34524,380,0
34522,34522,34524,2,0
34522,34522,34523,1,0
34522,34522,34523,1,0
34522,34522,34523,1,0
34522,34522,34523,1,0
34522,34522,34523,1,0
34522,34522,34523,1,0
34522,34522,34523,1,0
34522,34522,34523,1,0
34522,34522,34523,1,0
34522,34522,34523,1,0
34522,34522,34523,1,0
34522,34522,34523,1,0
34522,34522,34523,1,0
34522,34522,34523,1,0
34522,34522,34523,1,0
34522,34522,34523,1,0
34522,34522,34523,1,0
34522,34522,34523,1,0
34522,34522,34523,1,0
34522,34522,34524,2,0
34522,34522,34523,1,0
34522,34522,34523,1,0
34522,34522,34523,1,0
34522,34522,34524,2,0
34522,34522,34524,2,0
34522,34522,34524,2,0
34522,34522,34523,1,0
34522,34522,34523,1,0
34522,34522,34523,1,0
34522,34523,34524,1,1
34522,34523,34524,1,1
34525,34525,34526,1,0
34525,34525,34526,1,0
34525,34525,34526,1,0
34525,34525,34526,1,0
34525,34525,34526,1,0
34525,34525,34526,1,0
34525,34525,34526,1,0
34525,34525,34526,1,0
34525,34525,34526,1,0
34525,34525,34526,1,0
34525,34525,34526,1,0
34525,34525,34526,1,0
34525,34525,34526,1,0
34525,34525,34526,1,0
34525,34525,34526,1,0
34525,34525,34526,1,0
34525,34525,34526,1,0
34525,34525,34526,1,0
34525,34525,34526,1,0
34525,34525,34526,1,0
34525,34525,34526,1,0
34525,34525,34526,1,0
34525,34525,34526,1,0
34525,34525,34526,1,0
34525,34525,34526,1,0
34525,34525,34526,1,0
34525,34525,34526,1,0
34525,34525,34526,1,0
34525,34525,34526,1,0
34525,34525,34526,1,0
34525,34525,34526,1,0
34525,34525,34526,1,0
34525,34525,34526,1,0
34525,34525,34526,1,0
34525,34525,34526,1,0
34525,34525,34526,1,0
34525,34525,34526,1,0
34525,34525,34526,1,0
34370,34370,34527,157,0
34525,34525,34529,4,0
34529,34529,34530,1,0
34529,34529,34530,1,0
34529,34529,34530,1,0
34529,34529,34531,2,0
34529,34529,34531,2,0
34529,34529,34531,2,0
34529,34529,34530,1,0
34529,34529,34530,1,0
34529,34529,34531,2,0
34529,34529,34531,2,0
34529,34529,34531,2,0
34529,34529,34531,2,0
34529,34529,34531,2,0
34529,34529,34530,1,0
34529,34529,34531,2,0
34529,34529,34531,2,0
34529,34529,34531,2,0
34529,34529,34530,1,0
34529,34529,34531,2,0
34529,34529,34531,2,0
34529,34529,34531,2,0
34529,34529,34531,2,0
34529,34529,34531,2,0
34529,34529,34530,1,0
34529,34529,34531,2,0
34529,34529,34531,2,0
34529,34529,34531,2,0
34529,34529,34531,2,0
34529,34529,34531,2,0
34529,34529,34530,1,0
34529,34529,34530,1,0
34529,34529,34530,1,0
34529,34529,34531,2,0
34529,34529,34531,2,0
34529,34529,34531,2,0
34529,34529,34530,1,0
34529,34529,34530,1,0
34161,34163,34532,369,2
34525,34525,34532,7,0
34522,34522,34532,10,0
34522,34522,34535,13,0
34538,34538,34539,1,0
34538,34538,34539,1,0
34538,34538,34540,2,0
34538,34538,34540,2,0
34538,34538,34540,2,0
34538,34538,34540,2,0
34538,34538,34540,2,0
34538,34538,34540,2,0
34538,34538,34540,2,0
34538,34538,34540,2,0
34538,34538,34540,2,0
34538,34538,34540,2,0
34538,34538,34540,2,0
34538,34538,34539,1,0
34538,34538,34540,2,0
34538,34538,34540,2,0
34538,34538,34540,2,0
34538,34538,34540,2,0
34538,34538,34540,2,0
34538,34538,34540,2,0
34538,34538,34540,2,0
34538,34538,34540,2,0
34538,34538,34540,2,0
34538,34538,34539,1,0
34538,34538,34540,2,0
34538,34538,34540,2,0
34538,34538,34540,2,0
34538,34538,34540,2,0
34538,34538,34540,2,0
34538,34538,34539,1,0
34538,34538,34540,2,0
34538,34538,34540,2,0
34538,34538,34540,2,0
34538,34538,34540,2,0
34538,34538,34540,2,0
34538,34538,34540,2,0
34538,34538,34539,1,0
34529,34533,34542,9,4
34529,34533,34542,9,4
34522,34522,34543,21,0
34500,34522,34543,21,22
34500,34522,34543,21,22
34500,34519,34544,25,19
34522,34522,34544,22,0
34538,34539,34548,9,1
34500,34522,34545,23,22
34522,34522,34550,28,0
34538,34540,34553,13,2
34538,34540,34553,13,2
34426,34426,34554,128,0
34529,34533,34555,22,4
34418,34418,34557,139,0
34390,34390,34561,171,0
34563,34563,34564,1,0
34563,34563,34564,1,0
34563,34563,34564,1,0
34563,34563,34564,1,0
34563,34563,34565,2,0
34563,34563,34565,2,0
34407,34407,34564,157,0
34563,34563,34565,2,0
34563,34563,34565,2,0
34563,34563,34565,2,0
34563,34563,34565,2,0
34563,34563,34565,2,0
34563,34563,34565,2,0
34563,34563,34565,2,0
34563,34563,34565,2,0
34563,34563,34565,2,0
34563,34563,34565,2,0
34563,34563,34565,2,0
34563,34563,34565,2,0
34563,34563,34565,2,0
34563,34563,34564,1,0
34563,34563,34565,2,0
34563,34563,34565,2,0
34563,34563,34565,2,0
34563,34563,34565,2,0
34563,34563,34565,2,0
34563,34563,34565,2,0
34563,34563,34565,2,0
34563,34563,34565,2,0
34563,34563,34565,2,0
34563,34563,34565,2,0
34563,34563,34565,2,0
34563,34563,34565,2,0
34563,34563,34565,2,0
34563,34563,34565,2,0
34563,34563,34564,1,0
34563,34563,34564,1,0
34563,34563,34565,2,0
34563,34563,34565,2,0
34563,34564,34565,1,1
34563,34564,34565,1,1
34563,34564,34565,1,1
34563,34564,34565,1,1
34563,34563,34565,2,0
34563,34563,34565,2,0
34563,34563,34565,2,0
34563,34564,34565,1,1
34563,34564,34565,1,1
34563,34565,34566,1,2
34563,34565,34566,1,2
34563,34563,34565,2,0
34563,34563,34565,2,0
34563,34564,34565,1,1
34563,34564,34565,1,1
34563,34564,34565,1,1
34563,34565,34566,1,2
34563,34565,34566,1,2
34563,34565,34566,1,2
34563,34563,34565,2,0
34563,34563,34565,2,0
34563,34564,34565,1,1
34563,34564,34565,1,1
34563,34564,34565,1,1
34563,34565,34566,1,2
34563,34565,34566,1,2
34563,34565,34566,1,2
34413,34413,34566,153,0
34563,34563,34567,4,0
34563,34563,34567,4,0
34563,34563,34567,4,0
34563,34563,34567,4,0
34563,34563,34567,4,0
34567,34568,34569,1,1
34567,34568,34569,1,1
34567,34568,34569,1,1
34568,34568,34569,1,0
34563,34566,34569,3,3
34567,34568,34569,1,1
34567,34568,34569,1,1
34567,34568,34569,1,1
34567,34568,34569,1,1
34567,34568,34569,1,1
34568,34568,34569,1,0
34567,34568,34569,1,1
34567,34568,34569,1,1
34567,34568,34569,1,1
34567,34568,34569,1,1
34567,34568,34569,1,1
34568,34568,34569,1,0
34568,34568,34569,1,0
34567,34568,34569,1,1
34567,34568,34569,1,1
34567,34568,34569,1,1
34567,34568,34569,1,1
34567,34568,34569,1,1
34568,34568,34569,1,0
34568,34568,34569,1,0
34567,34568,34570,2,1
34567,34568,34569,1,1
34567,34568,34569,1,1
34568,34568,34569,1,0
34568,34568,34569,1,0
34567,34568,34569,1,1
34567,34568,34569,1,1
34567,34568,34569,1,1
34567,34568,34569,1,1
34567,34568,34569,1,1
34567,34568,34569,1,1
34568,34568,34569,1,0
34568,34568,34569,1,0
34567,34568,34569,1,1
34567,34568,34569,1,1
34567,34568,34569,1,1
34567,34568,34569,1,1
34567,34568,34569,1,1
34567,34568,34569,1,1
34568,34568,34569,1,0
34568,34568,34569,1,0
34567,34568,34569,1,1
34567,34568,34569,1,1
34567,34568,34569,1,1
34567,34568,34569,1,1
34567,34568,34569,1,1
34568,34568,34569,1,0
34568,34568,34569,1,0
34568,34568,34569,1,0
34567,34568,34569,1,1
34568,34568,34569,1,0
34568,34568,34569,1,0
34568,34568,34569,1,0
34568,34569,34570,1,1
34568,34569,34570,1,1
34568,34569,34570,1,1
34567,34568,34570,2,1
34568,34570,34571,1,2
34568,34568,34570,2,0
34568,34569,34570,1,1
34569,34570,34571,1,1
34569,34570,34571,1,1
34569,34570,34571,1,1
34569,34570,34571,1,1
34569,34570,34571,1,1
34569,34570,34571,1,1
34569,34570,34571,1,1
34568,34570,34571,1,2
34569,34570,34571,1,1
34569,34570,34572,2,1
34569,34570,34572,2,1
34569,34570,34571,1,1
34569,34570,34572,2,1
34569,34570,34572,2,1
34569,34570,34572,2,1
34569,34570,34572,2,1
34569,34570,34572,2,1
34568,34570,34572,2,2
34568,34570,34571,1,2
34569,34570,34572,2,1
34569,34570,34572,2,1
34569,34570,34572,2,1
34569,34570,34572,2,1
34569,34570,34572,2,1
34568,34570,34571,1,2
34568,34570,34571,1,2
34568,34570,34571,1,2
34569,34570,34572,2,1
34569,34570,34572,2,1
34569,34570,34572,2,1
34569,34570,34572,2,1
34568,34570,34572,2,2
34568,34570,34572,2,2
34568,34570,34572,2,2
34568,34570,34572,2,2
34569,34570,34572,2,1
34569,34570,34572,2,1
34569,34570,34572,2,1
34568,34570,34572,2,2
34568,34570,34571,1,2
34568,34570,34572,2,2
34569,34570,34572,2,1
34569,34570,34572,2,1
34569,34570,34572,2,1
34569,34570,34572,2,1
34569,34571,34572,1,2
34568,34570,34571,1,2
34568,34570,34572,2,2
34569,34570,34572,2,1
34569,34570,34572,2,1
34569,34570,34572,2,1
34569,34570,34572,2,1
34569,34570,34572,2,1
34569,34570,34572,2,1
34359,34359,34573,214,0
34569,34570,34572,2,1
34563,34564,34575,11,1
34563,34566,34581,15,3
34563,34566,34580,14,3
34583,34583,34584,1,0
34583,34583,34584,1,0
34583,34583,34584,1,0
34583,34583,34585,2,0
34583,34583,34584,1,0
34583,34583,34585,2,0
34583,34583,34584,1,0
34583,34583,34585,2,0
34583,34583,34585,2,0
34583,34583,34585,2,0
34583,34583,34585,2,0
34583,34583,34585,2,0
34583,34583,34585,2,0
34583,34583,34585,2,0
34583,34583,34585,2,0
34454,34458,34584,126,4
34583,34583,34585,2,0
34583,34583,34585,2,0
34583,34583,34585,2,0
34583,34583,34584,1,0
34583,34583,34585,2,0
34583,34583,34584,1,0
34583,34583,34584,1,0
34583,34583,34585,2,0
34583,34583,34585,2,0
34583,34583,34585,2,0
34583,34583,34585,2,0
34583,34583,34585,2,0
34583,34583,34585,2,0
34583,34583,34585,2,0
34583,34583,34584,1,0
34583,34583,34585,2,0
34583,34583,34585,2,0
34583,34583,34585,2,0
34583,34583,34585,2,0
34583,34583,34585,2,0
34583,34583,34585,2,0
34583,34583,34585,2,0
34461,34461,34586,125,0
34586,34587,34588,1,1
34586,34587,34588,1,1
34586,34587,34588,1,1
34588,34588,34589,1,0
34586,34587,34588,1,1
34586,34587,34588,1,1
34586,34587,34588,1,1
34586,34587,34588,1,1
34586,34587,34588,1,1
34586,34587,34588,1,1
34586,34587,34588,1,1
34586,34587,34588,1,1
34586,34587,34588,1,1
34586,34587,34588,1,1
34586,34587,34588,1,1
34586,34587,34588,1,1
34586,34587,34588,1,1
34586,34587,34588,1,1
34586,34587,34588,1,1
34586,34587,34588,1,1
34586,34587,34588,1,1
34586,34587,34588,1,1
34586,34587,34588,1,1
34586,34587,34588,1,1
34586,34587,34588,1,1
34586,34587,34588,1,1
34586,34587,34588,1,1
34586,34587,34588,1,1
34586,34587,34588,1,1
34586,34587,34588,1,1
34586,34587,34588,1,1
34586,34587,34588,1,1
34586,34587,34588,1,1
34586,34587,34588,1,1
34586,34587,34588,1,1
34586,34587,34588,1,1
34586,34587,34588,1,1
34586,34587,34588,1,1
34588,34588,34589,1,0
34588,34588,34589,1,0
34588,34588,34589,1,0
34588,34588,34589,1,0
34588,34588,34589,1,0
34588,34588,34589,1,0
34588,34588,34589,1,0
34588,34588,34589,1,0
34588,34588,34589,1,0
34588,34588,34589,1,0
34588,34588,34589,1,0
34588,34588,34589,1,0
34588,34588,34589,1,0
34588,34588,34589,1,0
34588,34588,34589,1,0
34588,34588,34589,1,0
34588,34588,34589,1,0
34588,34588,34589,1,0
34586,34587,34589,2,1
34588,34588,34589,1,0
34588,34588,34589,1,0
34588,34588,34589,1,0
34588,34588,34589,1,0
34588,34588,34589,1,0
34588,34589,34590,1,1
34588,34589,34590,1,1
34588,34589,34590,1,1
34588,34589,34590,1,1
34588,34589,34590,1,1
34588,34589,34590,1,1
34588,34589,34590,1,1
34588,34589,34590,1,1
34588,34589,34590,1,1
34588,34589,34590,1,1
34588,34589,34590,1,1
34588,34589,34590,1,1
34588,34589,34590,1,1
34588,34589,34590,1,1
34588,34589,34590,1,1
34588,34589,34590,1,1
34563,34566,34591,25,3
34563,34564,34600,36,1
34563,34564,34600,36,1
34563,34566,34600,34,3
34583,34584,34601,17,1
34415,34415,34601,186,0
34563,34564,34601,37,1
34563,34566,34601,35,3
34568,34569,34611,42,1
34583,34584,34611,27,1
34611,34611,34612,1,0
34611,34611,34612,1,0
34611,34611,34612,1,0
34611,34611,34612,1,0
34611,34611,34612,1,0
34611,34611,34613,2,0
34611,34611,34612,1,0
34611,34611,34612,1,0
34611,34611,34612,1,0
34611,34611,34612,1,0
34611,34611,34613,2,0
34611,34611,34613,2,0
34611,34611,34612,1,0
34611,34611,34612,1,0
34611,34611,34612,1,0
34611,34611,34612,1,0
34611,34611,34613,2,0
34611,34611,34612,1,0
34611,34611,34612,1,0
34611,34611,34612,1,0
34611,34611,34612,1,0
34611,34611,34613,2,0
34611,34611,34613,2,0
34611,34611,34613,2,0
34611,34611,34612,1,0
34611,34611,34612,1,0
34611,34611,34612,1,0
34611,34611,34612,1,0
34611,34611,34612,1,0
34611,34611,34612,1,0
34611,34611,34612,1,0
34611,34611,34613,2,0
34611,34611,34613,2,0
34611,34611,34612,1,0
34611,34611,34612,1,0
34611,34611,34612,1,0
34611,34611,34616,5,0
34611,34611,34624,13,0
34478,34478,34628,150,0
34611,34611,34629,18,0
34491,34491,34630,139,0
34583,34584,34630,46,1
34629,34630,34631,1,1
34629,34630,34631,1,1
34629,34629,34631,2,0
34629,34630,34631,1,1
34611,34611,34631,20,0
34629,34630,34631,1,1
34629,34630,34631,1,1
34629,34630,34631,1,1
34629,34630,34631,1,1
34629,34630,34631,1,1
34629,34630,34631,1,1
34629,34630,34631,1,1
34629,34630,34631,1,1
34629,34630,34631,1,1
34629,34630,34631,1,1
34629,34630,34631,1,1
34629,34630,34631,1,1
34629,34630,34631,1,1
34629,34630,34631,1,1
34629,34630,34631,1,1
34629,34630,34631,1,1
34629,34630,34631,1,1
34629,34630,34631,1,1
34629,34630,34631,1,1
34629,34630,34631,1,1
34629,34630,34631,1,1
34629,34630,34631,1,1
34629,34630,34631,1,1
34629,34630,34631,1,1
34629,34630,34631,1,1
34629,34630,34631,1,1
34629,34630,34631,1,1
34629,34630,34631,1,1
34629,34630,34631,1,1
34629,34630,34631,1,1
34629,34630,34631,1,1
34629,34630,34631,1,1
34629,34630,34631,1,1
34639,34640,34641,1,1
34639,34640,34641,1,1
34639,34640,34641,1,1
34639,34640,34641,1,1
34639,34640,34641,1,1
34639,34640,34641,1,1
34639,34640,34641,1,1
34639,34640,34641,1,1
34639,34640,34641,1,1
34639,34640,34641,1,1
34639,34640,34641,1,1
34639,34640,34641,1,1
34639,34640,34641,1,1
34639,34640,34641,1,1
34639,34640,34641,1,1
34639,34640,34641,1,1
34639,34640,34641,1,1
34639,34640,34641,1,1
34639,34640,34641,1,1
34639,34640,34641,1,1
34639,34640,34641,1,1
34639,34640,34641,1,1
34639,34640,34641,1,1
34639,34640,34641,1,1
34639,34640,34641,1,1
34639,34640,34641,1,1
34639,34640,34641,1,1
34639,34640,34641,1,1
34639,34640,34641,1,1
34639,34640,34641,1,1
34639,34640,34641,1,1
34639,34640,34641,1,1
34639,34640,34641,1,1
34639,34640,34641,1,1
34639,34640,34641,1,1
34639,34640,34641,1,1
34639,34640,34641,1,1
34639,34640,34641,1,1
34506,34506,34684,178,0
34684,34684,34685,1,0
34684,34684,34685,1,0
34684,34684,34685,1,0
34684,34684,34686,2,0
34684,34684,34686,2,0
34684,34684,34686,2,0
34684,34684,34686,2,0
34684,34684,34686,2,0
34684,34684,34686,2,0
34684,34684,34686,2,0
34684,34684,34686,2,0
34684,34684,34686,2,0
34684,34684,34686,2,0
34684,34684,34686,2,0
34684,34684,34686,2,0
34684,34684,34686,2,0
34684,34684,34686,2,0
34684,34684,34686,2,0
34684,34684,34686,2,0
34684,34684,34686,2,0
34684,34684,34686,2,0
34684,34684,34686,2,0
34684,34684,34686,2,0
34684,34684,34686,2,0
34684,34684,34686,2,0
34684,34684,34686,2,0
34684,34684,34686,2,0
34684,34684,34686,2,0
34684,34684,34686,2,0
34684,34684,34686,2,0
34684,34684,34686,2,0
34684,34684,34686,2,0
34684,34684,34686,2,0
34684,34684,34686,2,0
34684,34684,34686,2,0
34684,34684,34686,2,0
34684,34684,34686,2,0
34684,34684,34686,2,0
34684,34684,34686,2,0
34684,34684,34686,2,0
34501,34501,34692,191,0
34693,34693,34694,1,0
34693,34693,34694,1,0
34693,34693,34694,1,0
34693,34693,34694,1,0
34693,34693,34694,1,0
34693,34693,34694,1,0
34693,34693,34695,2,0
34693,34693,34694,1,0
34693,34693,34695,2,0
34693,34693,34694,1,0
34693,34693,34695,2,0
34693,34693,34695,2,0
34693,34693,34695,2,0
34693,34693,34694,1,0
34693,34693,34694,1,0
34693,34693,34695,2,0
34693,34693,34695,2,0
34693,34693,34695,2,0
34693,34693,34695,2,0
34693,34693,34694,1,0
34693,34693,34694,1,0
34693,34693,34695,2,0
34693,34693,34695,2,0
34693,34693,34695,2,0
34693,34693,34695,2,0
34693,34693,34694,1,0
34693,34693,34695,2,0
34693,34693,34694,1,0
34693,34693,34695,2,0
34693,34693,34694,1,0
34693,34693,34694,1,0
34693,34693,34695,2,0
34693,34693,34695,2,0
34693,34693,34695,2,0
34693,34693,34695,2,0
34693,34693,34695,2,0
34693,34693,34695,2,0
34693,34693,34695,2,0
34693,34693,34695,2,0
34693,34693,34695,2,0
34436,34438,34701,263,2
34703,34703,34704,1,0
34703,34703,34704,1,0
34703,34703,34704,1,0
34703,34703,34704,1,0
34703,34703,34704,1,0
34703,34703,34704,1,0
34703,34703,34704,1,0
34703,34703,34704,1,0
34703,34703,34704,1,0
34703,34703,34704,1,0
34703,34703,34704,1,0
34703,34703,34704,1,0
34703,34703,34704,1,0
34703,34703,34704,1,0
34703,34703,34704,1,0
34703,34703,34704,1,0
34703,34703,34704,1,0
34703,34703,34704,1,0
34703,34703,34704,1,0
34703,34703,34704,1,0
34703,34703,34704,1,0
34703,34703,34704,1,0
34703,34703,34704,1,0
34703,34703,34705,2,0
34703,34703,34704,1,0
34703,34703,34704,1,0
34703,34703,34704,1,0
34703,34703,34704,1,0
34703,34703,34704,1,0
34703,34703,34704,1,0
34703,34703,34704,1,0
34703,34703,34704,1,0
34703,34703,34704,1,0
34703,34703,34704,1,0
34703,34703,34704,1,0
34703,34703,34704,1,0
34703,34703,34704,1,0
34703,34703,34704,1,0
34703,34703,34704,1,0
34703,34703,34704,1,0
34507,34507,34746,239,0
34747,34747,34748,1,0
34747,34747,34748,1,0
34747,34747,34748,1,0
34747,34747,34749,2,0
34747,34747,34749,2,0
34747,34747,34749,2,0
34747,34747,34749,2,0
34747,34747,34749,2,0
34747,34747,34749,2,0
34747,34747,34749,2,0
34747,34747,34749,2,0
34747,34747,34749,2,0
34747,34747,34749,2,0
34747,34747,34749,2,0
34747,34747,34749,2,0
34747,34747,34749,2,0
34747,34747,34749,2,0
34747,34747,34749,2,0
34747,34747,34749,2,0
34747,34747,34749,2,0
34747,34747,34749,2,0
34747,34747,34749,2,0
34747,34747,34749,2,0
34747,34747,34749,2,0
34747,34747,34749,2,0
34747,34747,34749,2,0
34747,34747,34749,2,0
34747,34747,34749,2,0
34747,34747,34749,2,0
34747,34747,34749,2,0
34747,34747,34749,2,0
34747,34747,34749,2,0
34747,34747,34749,2,0
34747,34747,34749,2,0
34747,34747,34749,2,0
34747,34747,34749,2,0
34747,34747,34749,2,0
34747,34747,34749,2,0
34747,34747,34749,2,0
34747,34747,34749,2,0
34509,34509,34769,260,0
34770,34770,34771,1,0
34770,34770,34771,1,0
34770,34770,34771,1,0
34770,34770,34772,2,0
34770,34770,34771,1,0
34770,34770,34771,1,0
34770,34770,34771,1,0
34770,34770,34771,1,0
34770,34770,34771,1,0
34770,34770,34771,1,0
34770,34770,34771,1,0
34770,34770,34771,1,0
34770,34770,34771,1,0
34770,34770,34771,1,0
34770,34770,34772,2,0
34770,34770,34772,2,0
34770,34770,34772,2,0
34770,34770,34772,2,0
34770,34770,34771,1,0
34770,34770,34772,2,0
34770,34770,34771,1,0
34770,34770,34772,2,0
34770,34770,34772,2,0
34770,34770,34771,1,0
34770,34770,34772,2,0
34770,34770,34772,2,0
34770,34770,34772,2,0
34770,34770,34772,2,0
34770,34770,34771,1,0
34770,34770,34772,2,0
34770,34770,34772,2,0
34770,34770,34772,2,0
34770,34770,34772,2,0
34770,34770,34772,2,0
34770,34770,34771,1,0
34770,34770,34772,2,0
34770,34770,34771,1,0
34770,34770,34772,2,0
34770,34770,34772,2,0
34770,34770,34771,1,0
32702,32704,35232,2528,2
35231,35233,35257,24,2
35040,35040,35343,303,0
35595,35596,35964,368,1
35627,35630,36091,461,3
36090,36093,36094,1,3
36180,36182,38302,2120,2
38301,38303,38311,8,2
38696,38698,39040,342,2
39039,39041,39047,6,2
38841,38841,39117,276,0
39294,39295,39586,291,1
39142,39145,41292,2147,3
41290,41293,41317,24,3
41356,41358,41717,359,2
41715,41718,41722,4,3
41855,41858,42143,285,3
42141,42144,42165,21,3
42172,42174,42518,344,2
42517,42519,42523,4,2
42663,42665,43049,384,2
43047,43050,43072,22,3
43075,43077,43457,380,2
43455,43458,43462,4,3
43642,43643,43953,310,1
43952,43955,43976,21,3
43978,43980,44280,300,2
44279,44281,44290,9,2
44409,44410,44726,316,1
44725,44727,44748,21,2
44465,44465,44757,292,0
44751,44753,45223,470,2
45221,45224,45228,4,3
45157,45158,45526,368,1
45373,45375,45676,301,2
45675,45678,45699,21,3
45703,45705,46210,505,2
46209,46211,46215,4,2
46362,46364,46669,305,2
46667,46671,46673,2,4
46694,46696,47110,414,2
47109,47112,47116,4,3
47245,47246,47562,316,1
47561,47563,47585,22,2
47585,47587,47932,345,2
47931,47934,47943,9,3
47663,47663,47966,303,0
48065,48067,48380,313,2
48379,48382,48403,21,3
48250,48250,48574,324,0
48404,48406,48754,348,2
48753,48755,48761,6,2
48885,48887,49197,310,2
49195,49198,49220,22,3
49227,49229,49691,462,2
49690,49693,49696,3,3
49862,49864,50170,306,2
50169,50171,50192,21,2
50195,50197,50581,384,2
50580,50584,50592,8,4
50725,50726,51131,405,1
51129,51131,51153,22,2
51157,51158,51653,495,1
51651,51654,51663,9,3
51796,51798,52117,319,2
52116,52118,52140,22,2
52147,52149,52634,485,2
52633,52635,52639,4,2
52796,52797,53159,362,1
53158,53160,53163,3,2
53184,53186,53696,510,2
53694,53698,53706,8,4
53834,53836,54148,312,2
54147,54149,54152,3,2
54173,54175,54740,565,2
54738,54741,54750,9,3
54883,54885,55193,308,2
55192,55194,55197,3,2
55219,55221,55856,635,2
55854,55857,55860,3,3
56011,56012,56315,303,1
56313,56316,56337,21,3
56341,56343,56966,623,2
56964,56967,56970,3,3
57110,57112,57413,301,2
57412,57414,57436,22,2
57437,57438,58221,783,1
58219,58222,58225,3,3
58383,58385,58703,318,2
58702,58705,58726,21,3
58732,58733,59629,896,1
59628,59630,59636,6,2
59794,59796,60130,334,2
60128,60130,60152,22,2
60158,60159,61047,888,1
61046,61048,61052,4,2
60842,60842,61131,289,0
61206,61207,61545,338,1
61543,61546,61568,22,3
61570,61571,62478,907,1
62477,62479,62487,8,2
62190,62190,62542,352,0
62636,62637,62979,342,1
62977,62980,63002,22,3
63005,63007,64244,1237,2
64242,64245,64249,4,3
64413,64414,64747,333,1
64745,64748,64751,3,3
64772,64772,65065,293,0
65233,65233,65604,371,0
64777,64780,66057,1277,3
66056,66059,66062,3,3
66223,66225,66557,332,2
66556,66559,66580,21,3
66590,66592,66602,10,2
66482,66482,66645,163,0
66673,66674,67016,342,1
67014,67017,67026,9,3
67173,67175,67252,77,2
67250,67253,67274,21,3
67007,67007,67313,306,0
67261,67275,67610,335,14
67609,67612,67621,9,3
67738,67739,67810,71,1
67809,67811,67831,20,2
67824,67833,68298,465,9
68296,68299,68302,3,3
68439,68441,68510,69,2
68509,68511,68531,20,2
68518,68533,68805,272,15
68804,68807,68815,8,3
68929,68931,68993,62,2
68991,68994,69014,20,3
69001,69017,69293,276,16
69291,69294,69303,9,3
69419,69421,69477,56,2
69475,69477,69498,21,2
69485,69500,69784,284,15
69783,69786,69794,8,3
69902,69904,69978,74,2
69976,69979,69999,20,3
69989,70001,70299,298,12
70297,70301,70309,8,4
70418,70420,70528,108,2
70527,70530,70550,20,3
70575,70578,70633,55,3
70689,70691,70735,44,2
70734,70736,70737,1,2
70740,70741,70771,30,1
70769,70771,70772,1,2
70804,70806,71094,288,2
71093,71096,71121,25,3
71104,71122,71162,40,18
71160,71163,71168,5,3
71165,71171,71200,29,6
71199,71202,71207,5,3
71229,71232,71777,545,3
71776,71778,71803,25,2
71787,71805,71845,40,18
71844,71846,71852,6,2
71850,71855,71885,30,5
71884,71886,71891,5,2
71918,71920,72220,300,2
72219,72221,72246,25,2
72229,72248,72289,41,19
72288,72291,72297,6,3
72293,72299,72328,29,6
72327,72330,72335,5,3
72359,72360,72679,319,1
72677,72680,72705,25,3
72687,72708,72748,40,21
72746,72749,72755,6,3
72754,72757,72786,29,3
72785,72788,72793,5,3
72819,72821,73307,486,2
73305,73308,73333,25,3
73315,73335,73376,41,20
73374,73377,73383,6,3
73379,73385,73415,30,6
73414,73416,73421,5,2
73446,73447,73723,276,1
73721,73724,73749,25,3
73732,73752,73795,43,20
73793,73796,73802,6,3
73801,73805,73834,29,4
73833,73835,73841,6,2
73869,73870,74180,310,1
74178,74180,74205,25,2
74208,74209,74467,258,1
74466,74469,74477,8,3
74586,74588,74650,62,2
74649,74651,74672,21,2
74660,74674,74987,313,14
74986,74988,74996,8,2
75111,75113,75178,65,2
75177,75180,75200,20,3
75232,75234,75279,45,2
75277,75279,75285,6,2
75283,75288,75318,30,5
75317,75319,75324,5,2
75348,75350,75670,320,2
75668,75671,75696,25,3
75681,75698,75735,37,17
75734,75736,75742,6,2
75741,75744,75774,30,3
75773,75776,75781,5,3
75809,75810,76154,344,1
76153,76155,76181,26,2
76180,76183,76499,316,3
76498,76501,76510,9,3
76641,76643,76732,89,2
76730,76733,76753,20,3
76741,76756,77056,300,15
77054,77057,77061,4,3
77210,77211,77282,71,1
77281,77283,77303,20,2
77294,77306,77757,451,12
77756,77758,77761,3,2
77927,77929,77997,68,2
77996,77998,78019,21,2
78013,78021,78289,268,8
78288,78290,78298,8,2
78429,78431,78493,62,2
78491,78494,78514,20,3
78503,78517,78797,280,14
78796,78798,78807,9,2
78935,78937,78994,57,2
78993,78995,79015,20,2
79003,79018,79290,272,15
79288,79291,79302,11,3
79449,79450,79523,73,1
79522,79525,79545,20,3
79532,79547,79866,319,15
79864,79866,79876,10,2
79998,79999,80063,64,1
80071,80072,80349,277,1
80348,80350,80357,7,2
80484,80485,80548,63,1
80547,80550,80570,20,3
80558,80572,80895,323,14
80893,80896,80905,9,3
81036,81038,81103,65,2
81102,81104,81124,20,2
81114,81127,81424,297,13
81423,81425,81434,9,2
81551,81553,81616,63,2
81615,81618,81639,21,3
83468,83468,83776,308,0
83937,83937,84277,340,0
88212,88213,88686,473,1
88685,88687,88690,3,2
88858,88859,88926,67,1
88925,88928,88948,20,3
88943,88950,89233,283,7
89232,89235,89243,8,3
89355,89357,89425,68,2
89423,89426,89446,20,3
89445,89448,89740,292,3
89738,89741,89750,9,3
89873,89875,89946,71,2
89945,89948,89968,20,3
90216,90218,90261,43,2
90260,90262,90277,15,2
90268,90279,90310,31,11
90308,90311,90316,5,3
90345,90347,90627,280,2
90625,90628,90653,25,3
90643,90656,90701,45,13
90700,90702,90708,6,2
90706,90711,90740,29,5
90738,90741,90746,5,3
90770,90772,91087,315,2
91086,91088,91114,26,2
91099,91116,91162,46,17
91160,91162,91168,6,2
91166,91171,91200,29,5
91199,91202,91207,5,3
91235,91237,91607,370,2
91606,91608,91632,24,2
91620,91635,91682,47,15
91681,91683,91689,6,2
91686,91691,91721,30,5
91719,91722,91727,5,3
91733,91734,92023,289,1
91753,91754,92129,375,1
92127,92129,92154,25,2
92300,92302,92346,44,2
92344,92347,92353,6,3
92349,92355,92384,29,6
92383,92386,92391,5,3
92414,92416,92805,389,2
92804,92806,92830,24,2
92818,92833,92876,43,15
92875,92878,92883,5,3
92880,92886,92916,30,6
92915,92917,92922,5,2
92639,92639,93002,363,0
92948,92950,93328,378,2
93327,93330,93355,25,3
93341,93357,93401,44,16
93399,93402,93408,6,3
93404,93411,93440,29,7
93439,93442,93447,5,3
93484,93486,93929,443,2
93928,93930,93955,25,2
93938,93958,94003,45,20
94002,94005,94011,6,3
94007,94014,94043,29,7
94042,94044,94049,5,2
94081,94082,94377,295,1
94376,94378,94403,25,2
94386,94406,94450,44,20
94449,94452,94458,6,3
94454,94460,94490,30,6
94489,94490,94496,6,1
94522,94524,94909,385,2
94908,94910,94935,25,2
94918,94938,94982,44,20
94980,94982,94988,6,2
94985,94991,95020,29,6
95019,95021,95027,6,2
95058,95060,95381,321,2
95379,95382,95407,25,3
95393,95409,95454,45,16
95453,95456,95462,6,3
95458,95464,95494,30,6
95493,95495,95501,6,2
95530,95531,95878,347,1
95876,95879,95903,24,3
95887,95906,95951,45,19
95949,95952,95958,6,3
95954,95960,95990,30,6
95989,95992,95997,5,3
96022,96024,96289,265,2
96287,96290,96314,24,3
96300,96317,96359,42,17
96358,96360,96366,6,2
96363,96369,96399,30,6
96397,96400,96406,6,3
96429,96431,96757,326,2
96756,96758,96784,26,2
96769,96786,96824,38,17
96823,96825,96831,6,2
96828,96833,96863,30,5
96862,96865,96870,5,3
96901,96903,97175,272,2
97174,97177,97202,25,3
97185,97204,97243,39,19
97241,97243,97249,6,2
97246,97252,97282,30,6
97280,97283,97288,5,3
97326,97328,97664,336,2
97663,97665,97689,24,2
97679,97691,97730,39,12
97729,97731,97736,5,2
97734,97739,97769,30,5
97767,97769,97774,5,2
97807,97809,98086,277,2
98085,98087,98112,25,2
98094,98114,98153,39,20
98151,98154,98160,6,3
98157,98162,98191,29,5
98190,98193,98198,5,3
98221,98222,98495,273,1
98494,98496,98521,25,2
122692,122693,122972,279,1
123337,123337,123500,163,0
123640,123640,123983,343,0
125991,125991,126039,48,0
126599,126601,126607,6,2
126640,126642,127700,1058,2
130775,130776,130823,47,1
130749,130749,131024,275,0
131400,131400,131743,343,0
127714,127716,132325,4609,2
132380,132382,134852,2470,2
134851,134853,134856,3,2
136601,136602,136614,12,1
135053,135055,136629,1574,2
136628,136631,136648,17,3
136680,136682,137365,683,2
137364,137367,137370,3,3
137536,137538,138139,601,2
138138,138140,138161,21,2
138167,138169,138881,712,2
138880,138882,138885,3,2
139096,139098,139657,559,2
139656,139658,139679,21,2
139683,139684,141666,1982,1
141665,141668,141671,3,3
141869,141870,143194,1324,1
143192,143195,143198,3,3
140133,140134,143464,3330,1
143243,143244,146057,2813,1
146055,146058,146061,3,3
147200,147201,147501,300,1
146312,146313,148046,1733,1
148044,148046,148048,2,2
143564,143564,148061,4497,0
147922,147922,148259,337,0
148099,148101,148788,687,2
148787,148789,148798,9,2
136745,136745,149438,12693,0
148967,148968,149534,566,1
149533,149535,149556,21,2
149560,149562,150323,761,2
150321,150324,150327,3,3
150498,150500,151100,600,2
151098,151101,151122,21,3
151128,151130,151822,692,2
151820,151823,151826,3,3
151995,151997,152545,548,2
152544,152546,152568,22,2
152568,152570,153352,782,2
153351,153353,153356,3,2
153524,153526,154070,544,2
154068,154071,154092,21,3
154095,154096,154997,901,1
154996,154999,155002,3,3
155158,155160,155700,540,2
155699,155701,155708,7,2
155726,155727,156635,908,1
156633,156637,156643,6,4
156853,156855,157426,571,2
157425,157428,157450,22,3
157463,157465,161000,3535,2
160999,161002,161005,3,3
161219,161221,162915,1694,2
162914,162916,162920,4,2
162977,162979,164029,1050,2
164028,164031,164034,3,3
164199,164200,164825,625,1
164823,164826,164848,22,3
164853,164855,165942,1087,2
165940,165943,165947,4,3
165915,165916,166234,318,1
166106,166108,166760,652,2
166759,166761,166764,3,2
167720,167721,168045,324,1
166792,166793,170870,4077,1
170868,170871,170874,3,3
171075,171077,172766,1689,2
172765,172768,172785,17,3
148107,148107,211802,63695,0
244587,244591,244611,20,4
244636,244638,245089,451,2
245087,245090,245093,3,3
245205,245208,248152,2944,3
248150,248153,248177,24,3
249209,249211,249662,451,2
249661,249664,249665,1,3
249785,249787,252843,3056,2
252842,252844,252859,15,2
258573,258575,259029,454,2
259028,259030,259037,7,2
259139,259141,262167,3026,2
262165,262168,262201,33,3
262979,262981,263470,489,2
263475,263477,263658,181,2
263657,263659,263665,6,2
263753,263755,265318,1563,2
265317,265320,265347,27,3
265555,265557,265750,193,2
265748,265751,265799,48,3
265840,265842,267419,1577,2
267418,267420,267447,27,2
267633,267636,267815,179,3
267813,267816,267822,6,3
267915,267917,268849,932,2
268847,268850,268876,26,3
269063,269065,269319,254,2
269318,269320,269321,1,2
269404,269407,270399,992,3
270398,270401,270428,27,3
270612,270615,270885,270,3
270883,270886,270887,1,3
270970,270973,271911,938,3
271910,271913,271925,12,3
272123,272126,272348,222,3
272347,272350,272356,6,3
272433,272435,273386,951,2
273384,273386,273413,27,2
273602,273605,273745,140,3
273743,273746,273752,6,3
273841,273843,275359,1516,2
275358,275360,275387,27,2
275574,275577,275795,218,3
275793,275796,275802,6,3
275935,275937,277979,2042,2
277978,277981,278008,27,3
278197,278199,278388,189,2
278386,278389,278395,6,3
278473,278475,279435,960,2
279434,279437,279450,13,3
279650,279653,279795,142,3
279794,279796,279798,2,2
279883,279885,281547,1662,2
281545,281548,281575,27,3
281765,281767,281901,134,2
281900,281902,281908,6,2
283304,283305,283402,97,1
283462,283464,283589,125,2
283588,283590,283596,6,2
283678,283679,284671,992,1
284669,284672,284704,32,3
284891,284894,285072,178,3
285071,285073,285075,2,2
285161,285162,286145,983,1
286143,286146,286173,27,3
286368,286371,286538,167,3
286536,286538,286545,7,2
286633,286634,288299,1665,1
288298,288301,288328,27,3
288521,288524,288666,142,3
288665,288668,288674,6,3
288752,288754,289773,1019,2
289772,289774,289800,26,2
289991,289992,290143,151,1
290142,290144,290150,6,2
290228,290230,291207,977,2
291206,291208,291235,27,2
291425,291426,291579,153,1
291578,291580,291586,6,2
291666,291668,292638,970,2
292637,292639,292652,13,2
292862,292864,293062,198,2
293060,293062,293063,1,2
293147,293149,295217,2068,2
295215,295218,295245,27,3
295439,295441,295592,151,2
295590,295592,295594,2,2
295681,295683,296636,953,2
296635,296637,296650,13,2
296863,296865,297010,145,2
297008,297011,297018,7,3
297123,297126,298101,975,3
298099,298102,298129,27,3
298317,298319,298442,123,2
298440,298444,298450,6,4
298612,298612,298783,171,0
298612,298612,298783,171,0
298611,298611,298785,174,0
298612,298612,298784,172,0
298612,298612,298785,173,0
298611,298612,298786,174,1
298612,298612,298787,175,0
298611,298611,298787,176,0
298612,298612,298827,215,0
298612,298612,298831,219,0
298612,298612,298833,221,0
298612,298612,298834,222,0
298612,298612,298846,234,0
298612,298612,298849,237,0
298612,298612,298851,239,0
298611,298611,298852,241,0
298612,298612,298851,239,0
298612,298612,298851,239,0
298612,298612,298851,239,0
298611,298611,298855,244,0
298612,298612,298858,246,0
298612,298612,298859,247,0
298611,298612,298862,250,1
298612,298612,298863,251,0
298612,298783,298955,172,171
298612,298785,298957,172,173
298612,298785,298957,172,173
298612,298786,298957,171,174
298612,298783,298959,176,171
298612,298787,298960,173,175
298612,298785,298962,177,173
298612,298788,298963,175,176
298612,298828,299047,219,216
298612,298834,299052,218,222
298612,298832,299058,226,220
298612,298835,299065,230,223
298612,298847,299079,232,235
298613,298852,299085,233,239
298612,298850,299088,238,238
298612,298852,299088,236,240
298612,298852,299089,237,240
298613,298855,299091,236,242
298613,298860,299093,233,247
298612,298851,299094,243,239
298613,298858,299095,237,245
298613,298862,299102,240,249
298612,298852,299105,253,240
298613,298863,299106,243,250
298613,298958,299132,174,345
298613,298958,299134,176,345
298613,298956,299134,178,343
298613,298959,299134,175,346
298613,298962,299135,173,349
298613,298961,299136,175,348
298613,298958,299139,181,345
298613,298964,299139,175,351
298613,299048,299265,217,435
298613,299053,299276,223,440
298613,299058,299278,220,445
298613,299065,299288,223,452
298613,299134,299306,172,521
298613,299132,299306,174,519
298613,299135,299308,173,522
298614,299140,299311,171,526
298613,299135,299310,175,522
298613,299136,299311,175,523
298614,299137,299311,174,523
298613,299080,299313,233,467
298614,299140,299314,174,526
298613,299089,299322,233,476
298613,299090,299327,237,477
298613,299092,299327,235,479
298613,299093,299328,235,480
298613,299086,299329,243,473
298613,299095,299329,234,482
298613,299089,299335,246,476
298613,299096,299339,243,483
298613,299105,299352,247,492
298613,299107,299352,245,494
298613,299103,299352,249,490
298614,299306,299480,174,692
298614,299307,299483,176,693
298614,299308,299483,175,694
298614,299311,299491,180,697
298614,299311,299490,179,697
298614,299312,299491,179,698
298614,299311,299493,182,697
298614,299266,299494,228,652
298614,299276,299496,220,662
298614,299314,299498,184,700
298614,299278,299507,229,664
298614,299289,299514,225,675
298614,299313,299554,241,699
298614,299328,299564,236,714
298614,299330,299568,238,716
298614,299323,299569,246,709
298614,299327,299573,246,713
298614,299330,299574,244,716
298614,299328,299579,251,714
298614,299336,299580,244,722
298614,299353,299593,240,739
298614,299352,299595,243,738
298614,299339,299596,257,725
298614,299352,299601,249,738
298614,299481,299654,173,867
298614,299484,299657,173,870
298614,299484,299660,176,870
298614,299491,299664,173,877
298614,299491,299668,177,877
298614,299493,299670,177,879
298614,299492,299672,180,878
298615,299499,299675,176,884
298615,299494,299717,223,879
298615,299497,299718,221,882
298615,299508,299731,223,893
298615,299515,299741,226,900
298615,299569,299806,237,954
298615,299565,299808,243,950
298615,299575,299810,235,960
298615,299555,299810,255,940
298615,299570,299816,246,955
298615,299580,299819,239,965
298615,299574,299820,246,959
298615,299581,299821,240,966
298615,299654,299825,171,1039
298615,299657,299833,176,1042
298615,299596,299833,237,981
298615,299602,299834,232,987
298615,299660,299836,176,1045
298615,299593,299835,242,978
298615,299665,299838,173,1050
298615,299595,299840,245,980
298615,299671,299844,173,1056
298615,299672,299845,173,1057
298615,299668,299845,177,1053
298615,299676,299851,175,1061
298615,299717,299939,222,1102
298615,299718,299947,229,1103
298615,299731,299953,222,1116
298615,299742,299962,220,1127
298529,298532,300197,1665,3
300196,300199,300212,13,3
300437,300439,300642,203,2
300640,300642,300648,6,2
300736,300737,301678,941,1
301676,301679,301691,12,3
301894,301895,302048,153,1
302046,302048,302055,7,2
302135,302137,303076,939,2
303075,303077,303090,13,2
313656,313657,313898,241,1
313897,313899,313906,7,2
313903,313907,313928,21,4
313927,313929,313934,5,2
315379,315382,315563,181,3
315562,315564,315570,6,2
315656,315658,315891,233,2
315889,315892,315898,6,3
315894,315900,316015,115,6
316013,316016,316022,6,3
316142,316143,316282,139,1
316281,316283,316289,6,2
316852,316856,316857,1,4
316876,316877,317107,230,1
317105,317108,317115,7,3
317111,317116,317232,116,5
317230,317233,317238,5,3
317407,317411,317644,233,4
317643,317645,317670,25,2
317731,317733,317823,90,2
317831,317834,318070,236,3
318069,318072,318078,6,3
318075,318083,318104,21,8
318102,318105,318111,6,3
318241,318243,318801,558,2
318800,318802,318827,25,2
319321,319323,319733,410,2
319731,319734,319759,25,3
412162,412163,412178,15,1
412164,412165,412178,13,1
412165,412168,412178,10,3
412526,412530,412549,19,4
412615,412619,412641,22,4
412739,412742,412755,13,3
412792,412795,412805,10,3
412824,412826,412836,10,2
412836,412837,412843,6,1
412868,412870,412875,5,2
412875,412876,412896,20,1
473261,473263,474463,1200,2
474427,474466,474483,17,39
474516,474518,474524,6,2
475898,475900,475911,11,2
475910,475912,475919,7,2
475945,475947,475952,5,2
476142,476145,476198,53,3
476226,476228,476256,28,2
476279,476281,476344,63,2
476342,476345,476350,5,3
476385,476387,476396,9,2
480785,480787,481320,533,2
481319,481321,481322,1,2
481367,481369,481378,9,2
481378,481380,481400,20,2
490598,490601,491373,772,3
491371,491374,491407,33,3
491710,491712,492313,601,2
492311,492315,492340,25,4
493345,493346,493380,34,1
493378,493380,493386,6,2
