submit_time,start_time,end_time,run_time,wait_time
-2628,3486,3540,54,6114
3487,3542,7517,3975,55
3545,7519,7571,52,3974
7519,7573,11265,3692,54
7582,11267,11338,71,3685
11280,11340,16171,4831,60
11342,16173,16212,39,4831
-3957,16214,16255,41,20171
7570,16214,16264,50,8644
16169,16214,16263,49,45
16217,16266,16305,39,49
16895,16896,18781,1885,1
18784,18786,20247,1461,2
20252,20253,22938,2685,1
22954,22956,27473,4517,2
27472,27474,27496,22,2
28001,28003,30042,2039,2
30046,30048,32669,2621,2
32672,32674,34539,1865,2
34555,34557,39439,4882,2
39437,39440,39466,26,3
39620,39622,41813,2191,2
41816,41818,42125,307,2
42130,42131,42643,512,1
42664,42666,48071,5405,2
48069,48072,48104,32,3
48305,48307,49634,1327,2
49637,49639,50178,539,2
50181,50183,50755,572,2
50775,50777,55759,4982,2
55757,55760,55782,22,3
55985,55987,56739,752,2
56742,56744,57358,614,2
57363,57364,58215,851,1
58237,58239,63419,5180,2
63417,63420,63453,33,3
63647,63649,64371,722,2
64375,64377,64644,267,2
64648,64650,65074,424,2
65095,65097,70445,5348,2
70443,70446,70469,23,3
70725,70727,71977,1250,2
71980,71982,72311,329,2
72314,72316,73454,1138,2
73477,73479,78996,5517,2
78768,78768,79010,242,0
78994,78997,79019,22,3
78907,79011,79098,87,104
78557,78558,79203,645,1
79714,79715,79780,65,1
80400,80401,80683,282,1
79937,79939,81204,1265,2
80989,80990,81334,344,1
81209,81211,81548,337,2
81552,81554,82095,541,2
82118,82120,87202,5082,2
87200,87203,87224,21,3
87410,87412,88629,1217,2
88633,88634,88935,301,1
88939,88941,89690,749,2
89710,89712,94687,4975,2
94685,94688,94710,22,3
107531,107533,107600,67,2
107603,107605,107660,55,2
107663,107665,107707,42,2
107711,107713,107806,93,2
107813,107814,108170,356,1
108169,108171,108192,21,2
108225,108226,108312,86,1
108315,108317,108373,56,2
108376,108378,108421,43,2
108424,108426,108501,75,2
108499,108501,108502,1,2
108508,108510,108858,348,2
108857,108861,108871,10,4
108912,108914,108973,59,2
108976,108978,109051,73,2
109054,109056,109103,47,2
109107,109109,109238,129,2
109245,109247,109599,352,2
109598,109600,109621,21,2
109653,109655,109719,64,2
109722,109724,109799,75,2
109802,109804,109846,42,2
109850,109852,109964,112,2
109971,109974,110314,340,3
110313,110316,110336,20,3
110368,110370,110436,66,2
110440,110442,110502,60,2
110505,110507,110550,43,2
110554,110555,110663,108,1
110670,110672,111017,345,2
111015,111018,111028,10,3
111071,111073,111159,86,2
111163,111165,111214,49,2
111218,111220,111259,39,2
111262,111264,111551,287,2
111558,111560,111920,360,2
111919,111921,111942,21,2
111976,111978,112057,79,2
112061,112063,112113,50,2
112117,112118,112155,37,1
112159,112160,112234,74,1
112241,112242,112592,350,1
112591,112593,112614,21,2
112648,112650,112707,57,2
112711,112712,112764,52,1
112768,112770,112810,40,2
112815,112817,112900,83,2
112906,112909,113258,349,3
113257,113259,113270,11,2
113315,113317,113374,57,2
113378,113380,113427,47,2
113431,113433,113474,41,2
113477,113479,113538,59,2
113545,113547,113906,359,2
113904,113907,113917,10,3
113961,113963,114020,57,2
114023,114025,114075,50,2
114079,114080,114126,46,1
114130,114131,114226,95,1
114233,114235,114598,363,2
114597,114600,114620,20,3
114654,114656,114712,56,2
114716,114718,114773,55,2
114777,114779,114846,67,2
114849,114851,115053,202,2
115060,115062,115423,361,2
115421,115424,115435,11,3
115479,115480,115541,61,1
115544,115546,115599,53,2
115604,115605,115654,49,1
115657,115659,115821,162,2
115828,115830,116199,369,2
116197,116200,116220,20,3
116254,116256,116343,87,2
116347,116349,116401,52,2
116404,116406,116451,45,2
116455,116457,116652,195,2
116659,116661,117031,370,2
117030,117033,117054,21,3
117090,117091,117195,104,1
117199,117200,117253,53,1
117256,117259,117300,41,3
117303,117305,117365,60,2
117372,117375,117739,364,3
117738,117741,117751,10,3
117798,117800,117896,96,2
117899,117901,117955,54,2
117959,117960,118001,41,1
118005,118007,118086,79,2
118093,118095,118461,366,2
118459,118462,118472,10,3
118522,118524,118578,54,2
118582,118584,118627,43,2
118631,118633,118671,38,2
118675,118677,118831,154,2
118838,118840,119200,360,2
119199,119201,119222,21,2
119267,119269,119324,55,2
119328,119329,119384,55,1
119387,119389,119433,44,2
119438,119440,119557,117,2
119564,119566,119921,355,2
119919,119921,119942,21,2
119979,119981,120039,58,2
120043,120045,120093,48,2
120097,120099,120146,47,2
120150,120152,120275,123,2
120281,120283,120636,353,2
120635,120637,120658,21,2
120695,120697,120772,75,2
120776,120778,120842,64,2
120846,120848,120895,47,2
120899,120901,121010,109,2
121017,121019,121379,360,2
121377,121380,121390,10,3
121438,121440,121496,56,2
121500,121502,121554,52,2
121558,121559,121606,47,1
121611,121614,121677,63,3
121685,121686,122057,371,1
122055,122058,122078,20,3
122116,122118,122176,58,2
122179,122181,122233,52,2
122232,122234,122235,1,2
122237,122239,122284,45,2
122287,122289,122372,83,2
122379,122380,122763,383,1
122761,122764,122784,20,3
122823,122825,122898,73,2
122901,122903,122950,47,2
122954,122956,122996,40,2
122999,123001,123065,64,2
123072,123074,123449,375,2
123448,123450,123471,21,2
123509,123511,123619,108,2
123623,123625,123675,50,2
123679,123681,123719,38,2
123723,123725,123824,99,2
123831,123833,124213,380,2
124211,124214,124235,21,3
124273,124275,124351,76,2
124354,124356,124403,47,2
124407,124409,124448,39,2
124452,124454,124546,92,2
124552,124554,124938,384,2
124937,124939,124950,11,2
125002,125004,125063,59,2
125067,125068,125126,58,1
125129,125131,125168,37,2
125172,125174,125451,277,2
125458,125460,125854,394,2
125853,125856,125877,21,3
125919,125920,125980,60,1
125984,125986,126035,49,2
126038,126040,126086,46,2
126090,126092,126292,200,2
126301,126303,126716,413,2
126715,126718,126739,21,3
126781,126783,126858,75,2
126862,126864,126927,63,2
126931,126933,126983,50,2
126986,126988,127118,130,2
127125,127127,127540,413,2
127539,127540,127552,12,1
127602,127604,127666,62,2
127670,127672,127740,68,2
127743,127745,127797,52,2
127801,127802,127938,136,1
127946,127948,128358,410,2
128357,128360,128381,21,3
128422,128424,128481,57,2
128484,128486,128532,46,2
128536,128538,128584,46,2
128588,128590,128713,123,2
128721,128723,129125,402,2
129124,129127,129148,21,3
129191,129193,129256,63,2
129259,129261,129345,84,2
129349,129351,129398,47,2
129401,129403,129506,103,2
129513,129515,129909,394,2
129908,129910,129931,21,2
129974,129977,130031,54,3
130034,130036,130087,51,2
130091,130093,130138,45,2
130142,130144,130326,182,2
130333,130335,130709,374,2
130707,130711,130732,21,4
130765,130767,130898,131,2
130905,130907,130975,68,2
130979,130980,131025,45,1
131028,131030,131114,84,2
131507,131507,131508,1,0
131121,131123,131519,396,2
131517,131520,131541,21,3
131625,131628,131699,71,3
131703,131704,131764,60,1
131768,131770,131819,49,2
131823,131824,131917,93,1
131924,131926,132314,388,2
132312,132315,132336,21,3
132378,132380,132439,59,2
132443,132445,132507,62,2
132511,132513,132551,38,2
132555,132557,132666,109,2
132545,132545,132718,173,0
132676,132678,133054,376,2
133053,133055,133076,21,2
133119,133121,133188,67,2
133191,133193,133249,56,2
133253,133254,133295,41,1
133298,133300,133396,96,2
133403,133405,133787,382,2
133785,133788,133799,11,3
133852,133855,133921,66,3
133925,133927,133987,60,2
133990,133992,134039,47,2
134043,134045,134112,67,2
134119,134121,134506,385,2
134505,134508,134518,10,3
134570,134573,134628,55,3
134631,134633,134686,53,2
134690,134691,134732,41,1
134736,134737,134871,134,1
134879,134881,135260,379,2
135259,135262,135272,10,3
135324,135326,135385,59,2
135389,135390,135477,87,1
135481,135483,135522,39,2
135526,135528,135646,118,2
135653,135656,136038,382,3
136037,136039,136060,21,2
135964,135964,136087,123,0
136103,136105,136160,55,2
136164,136166,136242,76,2
136246,136248,136291,43,2
136294,136297,136416,119,3
136423,136425,136814,389,2
136812,136815,136837,22,3
136878,136880,136936,56,2
136939,136941,137003,62,2
137002,137004,137005,1,2
137007,137009,137052,43,2
137056,137057,137154,97,1
137161,137163,137553,390,2
137552,137554,137575,21,2
137622,137624,137709,85,2
137712,137714,137768,54,2
137772,137774,137818,44,2
137822,137823,137997,174,1
138004,138006,138395,389,2
138393,138396,138417,21,3
138460,138462,138528,66,2
138532,138535,138589,54,3
138592,138594,138634,40,2
138641,138643,138729,86,2
138736,138738,139134,396,2
139133,139136,139157,21,3
139196,139198,139307,109,2
139311,139313,139363,50,2
139367,139369,139410,41,2
139414,139415,139630,215,1
139638,139639,140030,391,1
140029,140031,140053,22,2
140094,140096,140162,66,2
140165,140167,140217,50,2
140223,140225,140265,40,2
140269,140270,140378,108,1
140389,140390,140782,392,1
140781,140784,140794,10,3
140847,140849,140919,70,2
140922,140924,140972,48,2
140976,140977,141022,45,1
141026,141028,141192,164,2
141199,141201,141585,384,2
141584,141586,141597,11,2
141512,141512,141688,176,0
141649,141651,141714,63,2
141718,141720,141774,54,2
141777,141779,141820,41,2
141824,141826,141998,172,2
142005,142007,142389,382,2
142388,142390,142411,21,2
142457,142458,142641,183,1
142645,142647,142698,51,2
142701,142703,142747,44,2
142751,142753,142896,143,2
142906,142908,143306,398,2
143162,143308,144513,1205,146
143364,144515,144678,163,1151
143694,144681,145932,1251,987
143814,145936,146007,71,2122
144681,146009,146063,54,1328
145936,146066,147330,1264,130
146010,147333,147394,61,1323
146067,147397,147446,49,1330
147335,147449,147470,21,114
147399,147473,147525,52,74
147450,147528,147689,161,78
153025,153025,153180,155,0
147474,147692,153342,5650,218
147535,153344,153416,72,5809
147700,153419,153824,405,5719
153346,153827,154387,560,481
153420,154390,154430,40,970
153883,154433,154508,75,550
154393,154511,154534,23,118
154437,154536,154577,41,99
154511,154580,154631,51,69
154590,154634,154722,88,44
154634,154724,154776,52,90
154725,154779,154863,84,54
154780,154865,154963,98,85
154868,154966,155023,57,98
154972,155026,155424,398,54
144676,155428,155429,1,10752
146005,155428,155429,1,9423
147393,155428,155429,1,8035
147688,155429,155430,1,7741
153340,155429,155430,1,2089
153415,155429,155430,1,2014
143305,155429,155452,23,12124
147468,155429,155452,23,7961
147524,155429,155452,23,7905
153822,155430,155452,22,1608
154533,155432,155452,20,899
154576,155433,155452,19,857
155487,155489,155563,74,2
155567,155569,155621,52,2
155625,155626,155679,53,1
155682,155684,155856,172,2
155863,155865,156266,401,2
156264,156267,156278,11,3
204363,204365,204893,528,2
204897,204899,206164,1265,2
206170,206172,206234,62,2
206233,206235,206251,16,2
206243,206254,209360,3106,11
209365,209367,209926,559,2
209932,209933,209992,59,1
209990,209993,210009,16,3
218479,218481,218595,114,2
218641,218643,218820,177,2
218823,218826,218967,141,3
218992,218994,222651,3657,2
221724,222654,222691,37,930
222650,222692,222721,29,42
222694,222723,222816,93,29
222825,222827,226354,3527,2
224346,226357,226527,170,2011
226410,226530,226552,22,120
226531,226554,226693,139,23
226555,226695,226789,94,140
226697,226792,226847,55,95
226798,226850,227972,1122,52
226868,227975,231503,3528,1107
226353,231505,231675,170,5152
227971,231506,231675,169,3535
231502,231506,231675,169,4
233215,233215,233248,33,0
235793,235793,235826,33,0
236498,236498,236530,32,0
236913,236913,236914,1,0
232345,232347,239450,7103,2
239548,239551,243008,3457,3
243007,243010,243025,15,3
243965,243967,244216,249,2
244219,244222,244363,141,3
244367,244369,244442,73,2
244510,244512,251780,7268,2
256005,256008,256103,95,3
256106,256108,256203,95,2
256207,256209,256261,52,2
256273,256275,259070,2795,2
259068,259071,259097,26,3
259244,259246,259375,129,2
259378,259380,259493,113,2
259497,259499,259550,51,2
259562,259564,262380,2816,2
262379,262382,262409,27,3
262557,262559,262752,193,2
262755,262757,262888,131,2
262891,262893,262945,52,2
262961,262962,265935,2973,1
265933,265936,265953,17,3
266112,266114,266263,149,2
266267,266268,266391,123,1
266394,266396,266448,52,2
266461,266463,269473,3010,2
269472,269474,269501,27,2
269658,269660,269839,179,2
269843,269845,269977,132,2
269981,269982,270035,53,1
270048,270050,273023,2973,2
273021,273023,273041,18,2
303445,303445,303474,29,0
303934,303934,303961,27,0
318386,318386,318413,27,0
318589,318589,318700,111,0
320988,320988,321291,303,0
324891,324891,325197,306,0
325322,325322,325610,288,0
380532,380534,380567,33,2
380570,380572,380791,219,2
381608,381608,381609,1,0
381709,381709,381997,288,0
382051,382052,382332,280,1
380799,380801,382652,1851,2
382651,382653,382671,18,2
383850,383850,384141,291,0
386179,386180,386675,495,1
387748,387748,388027,279,0
387708,387709,388225,516,1
388094,388094,388261,167,0
389135,389137,389168,31,2
389171,389173,389393,220,2
389402,389404,389605,201,2
389621,389623,389659,36,2
389662,389664,389906,242,2
389914,389916,391768,1852,2
391766,391769,391787,18,3
414275,414275,414762,487,0
466010,466011,466266,255,1
478326,478326,478584,258,0
484198,484198,484200,2,0
484198,484198,484201,3,0
484198,484198,484201,3,0
484198,484198,484201,3,0
484198,484198,484201,3,0
484198,484198,484200,2,0
484198,484198,484201,3,0
484198,484198,484200,2,0
484198,484198,484200,2,0
484198,484198,484200,2,0
484198,484198,484201,3,0
484198,484198,484201,3,0
484198,484198,484201,3,0
484198,484198,484201,3,0
484198,484198,484201,3,0
484198,484198,484201,3,0
484198,484198,484200,2,0
484198,484198,484201,3,0
484198,484198,484201,3,0
484198,484198,484201,3,0
484198,484198,484201,3,0
484198,484198,484200,2,0
484198,484198,484201,3,0
484198,484198,484201,3,0
484198,484198,484201,3,0
484198,484198,484202,4,0
484198,484198,484202,4,0
484198,484198,484201,3,0
484198,484198,484201,3,0
484198,484198,484201,3,0
484198,484198,484202,4,0
484198,484198,484201,3,0
484198,484198,484202,4,0
484198,484198,484202,4,0
484198,484198,484202,4,0
484198,484198,484202,4,0
484198,484198,484202,4,0
484198,484198,484201,3,0
484198,484198,484202,4,0
484198,484198,484202,4,0
484198,484198,484201,3,0
484198,484198,484201,3,0
484198,484198,484202,4,0
484198,484198,484202,4,0
484198,484198,484202,4,0
484198,484198,484202,4,0
484198,484198,484201,3,0
484198,484198,484202,4,0
484198,484198,484202,4,0
484198,484198,484202,4,0
484198,484198,484202,4,0
484198,484200,484202,2,2
484198,484198,484202,4,0
484198,484198,484202,4,0
484198,484198,484202,4,0
484198,484198,484202,4,0
484198,484198,484202,4,0
484198,484198,484202,4,0
484198,484198,484202,4,0
484198,484198,484202,4,0
484198,484198,484202,4,0
484198,484198,484202,4,0
484198,484198,484202,4,0
484198,484201,484203,2,3
484198,484198,484202,4,0
484198,484201,484203,2,3
484198,484201,484202,1,3
484198,484198,484202,4,0
484198,484201,484203,2,3
484198,484201,484203,2,3
484198,484201,484203,2,3
484198,484198,484202,4,0
484198,484198,484203,5,0
484198,484198,484202,4,0
484198,484201,484203,2,3
484198,484201,484203,2,3
484198,484201,484203,2,3
484198,484198,484202,4,0
484198,484198,484203,5,0
484198,484198,484202,4,0
484198,484198,484203,5,0
484198,484198,484203,5,0
484198,484198,484203,5,0
484198,484198,484203,5,0
484198,484198,484202,4,0
484198,484198,484202,4,0
484198,484198,484202,4,0
484198,484201,484203,2,3
484198,484198,484203,5,0
484198,484198,484203,5,0
484198,484198,484203,5,0
484198,484201,484203,2,3
484198,484201,484203,2,3
484198,484201,484204,3,3
484198,484201,484203,2,3
484198,484201,484204,3,3
484198,484201,484204,3,3
484198,484201,484204,3,3
484198,484201,484204,3,3
484198,484201,484204,3,3
484198,484202,484205,3,4
484198,484202,484205,3,4
484198,484203,484205,2,5
484198,484202,484205,3,4
484198,484202,484205,3,4
484198,484202,484205,3,4
484198,484203,484205,2,5
484198,484203,484205,2,5
484198,484203,484205,2,5
484198,484203,484205,2,5
484198,484202,484205,3,4
484198,484202,484205,3,4
484198,484202,484205,3,4
484198,484203,484205,2,5
484198,484202,484205,3,4
484198,484202,484205,3,4
484198,484202,484205,3,4
484198,484201,484205,4,3
484198,484202,484205,3,4
484198,484202,484205,3,4
484198,484202,484205,3,4
484198,484201,484204,3,3
484198,484202,484205,3,4
484198,484202,484205,3,4
484198,484201,484205,4,3
484198,484202,484205,3,4
484198,484202,484205,3,4
484198,484202,484205,3,4
484198,484201,484205,4,3
484198,484202,484205,3,4
484198,484202,484205,3,4
484198,484202,484206,4,4
484198,484202,484206,4,4
484198,484203,484206,3,5
484198,484202,484206,4,4
484198,484202,484205,3,4
484198,484203,484206,3,5
484198,484202,484206,4,4
484198,484202,484206,4,4
484198,484203,484206,3,5
484198,484202,484206,4,4
484198,484202,484205,3,4
484198,484203,484206,3,5
484198,484203,484206,3,5
484198,484203,484206,3,5
484198,484203,484206,3,5
484198,484203,484206,3,5
484198,484203,484206,3,5
484198,484202,484206,4,4
484198,484202,484206,4,4
484198,484202,484206,4,4
484198,484202,484206,4,4
484198,484202,484206,4,4
484198,484202,484206,4,4
484198,484203,484206,3,5
484198,484203,484206,3,5
484198,484203,484207,4,5
484198,484203,484207,4,5
484198,484203,484207,4,5
484198,484203,484207,4,5
484198,484204,484207,3,6
484198,484203,484207,4,5
484198,484203,484207,4,5
484198,484203,484207,4,5
484198,484203,484206,3,5
484198,484204,484207,3,6
484198,484204,484207,3,6
484198,484205,484207,2,7
484198,484203,484207,4,5
484198,484203,484207,4,5
484198,484204,484207,3,6
484198,484204,484207,3,6
484198,484204,484207,3,6
484198,484205,484207,2,7
484198,484204,484207,3,6
484198,484204,484207,3,6
484198,484204,484207,3,6
484198,484204,484207,3,6
484198,484203,484208,5,5
484198,484203,484208,5,5
484198,484205,484208,3,7
484198,484205,484208,3,7
484198,484205,484208,3,7
484198,484205,484208,3,7
484198,484205,484208,3,7
484198,484205,484208,3,7
484198,484205,484208,3,7
484198,484205,484208,3,7
484198,484205,484208,3,7
484198,484205,484208,3,7
484198,484205,484208,3,7
484198,484205,484209,4,7
484198,484205,484209,4,7
484198,484205,484209,4,7
484198,484205,484209,4,7
484198,484205,484209,4,7
484198,484205,484209,4,7
484198,484205,484209,4,7
484198,484205,484209,4,7
484198,484205,484210,5,7
484217,484217,484220,3,0
484217,484217,484220,3,0
484217,484217,484220,3,0
484217,484217,484220,3,0
484217,484217,484220,3,0
484217,484217,484220,3,0
484217,484217,484220,3,0
484217,484217,484220,3,0
484217,484217,484220,3,0
484217,484217,484220,3,0
484217,484217,484220,3,0
484217,484217,484220,3,0
484217,484217,484220,3,0
484217,484217,484221,4,0
484217,484217,484220,3,0
484217,484217,484221,4,0
484217,484217,484221,4,0
484217,484217,484221,4,0
484217,484217,484221,4,0
484217,484217,484221,4,0
484217,484217,484221,4,0
484217,484217,484221,4,0
484217,484217,484221,4,0
484217,484217,484221,4,0
484217,484217,484221,4,0
484217,484217,484221,4,0
484217,484217,484221,4,0
484217,484217,484221,4,0
484217,484217,484221,4,0
484217,484217,484221,4,0
484217,484218,484221,3,1
484217,484217,484221,4,0
484217,484217,484221,4,0
484217,484217,484221,4,0
484217,484217,484221,4,0
484217,484217,484221,4,0
484217,484217,484221,4,0
484217,484217,484221,4,0
484217,484217,484221,4,0
484217,484217,484221,4,0
484217,484217,484221,4,0
484217,484217,484221,4,0
484217,484217,484221,4,0
484217,484217,484221,4,0
484217,484217,484221,4,0
484217,484217,484221,4,0
484217,484217,484221,4,0
484217,484218,484221,3,1
484217,484217,484221,4,0
484217,484217,484221,4,0
484217,484217,484222,5,0
484217,484217,484221,4,0
484217,484217,484222,5,0
484217,484217,484221,4,0
484217,484217,484222,5,0
484217,484217,484222,5,0
484217,484217,484221,4,0
484217,484217,484222,5,0
484217,484217,484222,5,0
484217,484217,484222,5,0
484217,484217,484222,5,0
484217,484217,484222,5,0
484217,484217,484222,5,0
484217,484217,484222,5,0
484217,484217,484222,5,0
484217,484217,484222,5,0
484217,484217,484222,5,0
484217,484217,484222,5,0
484217,484217,484222,5,0
484217,484217,484223,6,0
484217,484217,484222,5,0
484217,484217,484222,5,0
484217,484217,484222,5,0
484217,484217,484222,5,0
484217,484217,484222,5,0
484217,484217,484223,6,0
484217,484217,484222,5,0
484217,484221,484223,2,4
484217,484220,484223,3,3
484217,484217,484223,6,0
484217,484217,484223,6,0
484217,484220,484223,3,3
484217,484218,484223,5,1
484217,484220,484224,4,3
484217,484220,484223,3,3
484217,484221,484224,3,4
484217,484220,484224,4,3
484217,484220,484224,4,3
484217,484220,484224,4,3
484217,484220,484225,5,3
484217,484220,484224,4,3
484217,484222,484224,2,5
484217,484222,484224,2,5
484217,484220,484224,4,3
484217,484222,484224,2,5
484217,484220,484224,4,3
484217,484222,484225,3,5
484217,484220,484224,4,3
484217,484222,484225,3,5
484217,484222,484224,2,5
484217,484222,484225,3,5
484217,484222,484224,2,5
484217,484222,484224,2,5
484217,484222,484225,3,5
484217,484220,484224,4,3
484217,484222,484225,3,5
484217,484221,484225,4,4
484217,484221,484225,4,4
484217,484221,484225,4,4
484217,484221,484225,4,4
484217,484222,484225,3,5
484217,484222,484225,3,5
484217,484222,484225,3,5
484217,484222,484226,4,5
484217,484222,484225,3,5
484217,484222,484225,3,5
484217,484222,484225,3,5
484217,484223,484225,2,6
484217,484222,484225,3,5
484217,484222,484225,3,5
484217,484222,484225,3,5
484217,484222,484226,4,5
484217,484222,484225,3,5
484217,484223,484225,2,6
484217,484222,484225,3,5
484217,484222,484225,3,5
484217,484221,484226,5,4
484217,484221,484226,5,4
484217,484223,484226,3,6
484217,484223,484226,3,6
484217,484222,484226,4,5
484217,484222,484226,4,5
484217,484222,484227,5,5
484217,484222,484226,4,5
484217,484223,484226,3,6
484217,484222,484226,4,5
484217,484223,484226,3,6
484217,484224,484226,2,7
484217,484224,484226,2,7
484217,484224,484226,2,7
484217,484223,484227,4,6
484217,484222,484226,4,5
484217,484223,484226,3,6
484217,484224,484226,2,7
484217,484224,484226,2,7
484217,484223,484226,3,6
484217,484223,484226,3,6
484217,484223,484226,3,6
484217,484223,484227,4,6
484217,484224,484226,2,7
484217,484223,484226,3,6
484217,484222,484227,5,5
484217,484222,484227,5,5
484217,484223,484227,4,6
484217,484224,484227,3,7
484217,484225,484227,2,8
484217,484223,484227,4,6
484217,484224,484227,3,7
484217,484225,484227,2,8
484217,484225,484227,2,8
484217,484223,484227,4,6
484217,484223,484227,4,6
484217,484223,484228,5,6
484217,484225,484227,2,8
484217,484223,484227,4,6
484217,484223,484227,4,6
484217,484223,484228,5,6
484217,484225,484227,2,8
484217,484225,484228,3,8
484217,484223,484227,4,6
484217,484225,484228,3,8
484217,484225,484227,2,8
484217,484223,484227,4,6
484217,484226,484229,3,9
484217,484226,484229,3,9
484217,484225,484228,3,8
484217,484225,484229,4,8
484217,484225,484228,3,8
484217,484225,484228,3,8
484217,484225,484229,4,8
484217,484225,484228,3,8
484217,484226,484228,2,9
484217,484225,484229,4,8
484217,484225,484228,3,8
484217,484225,484228,3,8
484217,484226,484228,2,9
484217,484226,484229,3,9
484217,484226,484229,3,9
484217,484226,484229,3,9
484217,484225,484229,4,8
484217,484225,484229,4,8
484217,484225,484229,4,8
484217,484226,484229,3,9
484217,484226,484230,4,9
484217,484225,484229,4,8
484217,484226,484230,4,9
484217,484226,484229,3,9
484217,484226,484230,4,9
484217,484226,484230,4,9
484217,484226,484230,4,9
484238,484238,484241,3,0
484238,484238,484241,3,0
484238,484238,484241,3,0
484238,484238,484241,3,0
484238,484238,484241,3,0
484238,484238,484241,3,0
484238,484238,484242,4,0
484238,484238,484241,3,0
484238,484238,484242,4,0
484238,484238,484241,3,0
484238,484238,484241,3,0
484238,484238,484241,3,0
484238,484238,484242,4,0
484238,484238,484242,4,0
484238,484238,484242,4,0
484238,484238,484242,4,0
484238,484238,484241,3,0
484238,484238,484242,4,0
484238,484238,484241,3,0
484238,484238,484241,3,0
484238,484238,484241,3,0
484238,484238,484242,4,0
484238,484238,484241,3,0
484238,484238,484241,3,0
484238,484238,484242,4,0
484238,484238,484242,4,0
484238,484238,484242,4,0
484238,484238,484242,4,0
484238,484238,484242,4,0
484238,484238,484241,3,0
484238,484238,484242,4,0
484238,484238,484242,4,0
484238,484238,484242,4,0
484238,484238,484242,4,0
484238,484238,484243,5,0
484238,484238,484242,4,0
484238,484238,484243,5,0
484238,484238,484242,4,0
484238,484238,484243,5,0
484238,484238,484242,4,0
484238,484238,484243,5,0
484238,484238,484242,4,0
484238,484238,484242,4,0
484238,484238,484243,5,0
484238,484238,484243,5,0
484238,484238,484242,4,0
484238,484238,484242,4,0
484238,484238,484243,5,0
484238,484238,484242,4,0
484238,484238,484242,4,0
484238,484238,484242,4,0
484238,484238,484242,4,0
484238,484238,484242,4,0
484238,484238,484243,5,0
484238,484238,484243,5,0
484238,484238,484243,5,0
484238,484238,484243,5,0
484238,484238,484243,5,0
484238,484238,484243,5,0
484238,484238,484242,4,0
484238,484238,484243,5,0
484238,484238,484242,4,0
484238,484238,484243,5,0
484238,484238,484243,5,0
484238,484238,484243,5,0
484238,484238,484243,5,0
484238,484238,484244,6,0
484238,484238,484243,5,0
484238,484238,484244,6,0
484238,484238,484244,6,0
484238,484238,484244,6,0
484238,484238,484244,6,0
484238,484238,484244,6,0
484238,484241,484244,3,3
484238,484238,484243,5,0
484238,484238,484244,6,0
484238,484241,484244,3,3
484238,484238,484244,6,0
484238,484238,484243,5,0
484238,484238,484244,6,0
484238,484238,484244,6,0
484238,484238,484243,5,0
484238,484241,484245,4,3
484238,484241,484245,4,3
484238,484242,484245,3,4
484238,484242,484246,4,4
484238,484243,484246,3,5
484238,484243,484246,3,5
484238,484242,484246,4,4
484238,484242,484246,4,4
484238,484242,484246,4,4
484238,484243,484246,3,5
484238,484242,484246,4,4
484238,484242,484246,4,4
484238,484243,484246,3,5
484238,484242,484246,4,4
484238,484242,484246,4,4
484238,484242,484245,3,4
484238,484242,484246,4,4
484238,484243,484246,3,5
484238,484243,484246,3,5
484238,484243,484246,3,5
484238,484242,484246,4,4
484238,484242,484246,4,4
484238,484242,484245,3,4
484238,484242,484246,4,4
484238,484242,484246,4,4
484238,484243,484246,3,5
484238,484243,484247,4,5
484238,484242,484247,5,4
484238,484242,484247,5,4
484238,484242,484247,5,4
484238,484242,484247,5,4
484238,484242,484247,5,4
484238,484242,484247,5,4
484238,484242,484247,5,4
484238,484243,484246,3,5
484238,484242,484247,5,4
484238,484243,484247,4,5
484238,484243,484247,4,5
484238,484244,484247,3,6
484238,484244,484247,3,6
484238,484243,484247,4,5
484238,484242,484246,4,4
484238,484243,484247,4,5
484238,484243,484247,4,5
484238,484242,484246,4,4
484238,484243,484246,3,5
484238,484243,484247,4,5
484238,484244,484248,4,6
484238,484242,484248,6,4
484238,484244,484248,4,6
484238,484243,484248,5,5
484238,484245,484248,3,7
484238,484242,484248,6,4
484238,484243,484248,5,5
484238,484243,484248,5,5
484238,484243,484248,5,5
484238,484244,484248,4,6
484238,484243,484248,5,5
484238,484244,484248,4,6
484238,484245,484248,3,7
484238,484243,484248,5,5
484238,484243,484248,5,5
484238,484243,484248,5,5
484238,484243,484248,5,5
484238,484244,484248,4,6
484238,484244,484249,5,6
484238,484244,484249,5,6
484238,484244,484249,5,6
484238,484246,484249,3,8
484238,484246,484249,3,8
484238,484244,484249,5,6
484238,484246,484249,3,8
484238,484246,484249,3,8
484238,484244,484249,5,6
484238,484246,484249,3,8
484238,484243,484249,6,5
484238,484243,484249,6,5
484238,484243,484249,6,5
484238,484244,484250,6,6
484238,484246,484249,3,8
484238,484246,484249,3,8
484238,484244,484249,5,6
484238,484246,484249,3,8
484238,484243,484249,6,5
484238,484243,484249,6,5
484238,484243,484249,6,5
484238,484243,484249,6,5
484238,484244,484249,5,6
484238,484246,484249,3,8
484238,484246,484249,3,8
484238,484246,484249,3,8
484238,484246,484250,4,8
484238,484246,484250,4,8
484238,484246,484250,4,8
484238,484246,484250,4,8
484238,484244,484250,6,6
484238,484247,484250,3,9
484238,484244,484250,6,6
484238,484246,484250,4,8
484238,484247,484250,3,9
484238,484247,484251,4,9
484238,484247,484251,4,9
484238,484246,484251,5,8
484238,484246,484251,5,8
484238,484247,484251,4,9
484238,484247,484251,4,9
484238,484247,484252,5,9
484238,484248,484252,4,10
484238,484246,484252,6,8
484238,484248,484252,4,10
484238,484248,484252,4,10
484238,484248,484252,4,10
484238,484248,484252,4,10
484238,484246,484252,6,8
484238,484248,484252,4,10
484238,484248,484252,4,10
484238,484248,484253,5,10
484238,484248,484253,5,10
484261,484261,484264,3,0
484261,484261,484264,3,0
484261,484261,484264,3,0
484261,484261,484263,2,0
484261,484261,484264,3,0
484261,484261,484265,4,0
484261,484261,484265,4,0
484261,484261,484264,3,0
484261,484261,484264,3,0
484261,484261,484265,4,0
484261,484261,484265,4,0
484261,484261,484265,4,0
484261,484261,484264,3,0
484261,484261,484264,3,0
484261,484261,484265,4,0
484261,484261,484264,3,0
484261,484261,484265,4,0
484261,484261,484265,4,0
484261,484261,484265,4,0
484261,484261,484265,4,0
484261,484261,484265,4,0
484261,484261,484264,3,0
484261,484261,484265,4,0
484261,484261,484265,4,0
484261,484261,484264,3,0
484261,484261,484265,4,0
484261,484261,484265,4,0
484261,484261,484265,4,0
484261,484261,484265,4,0
484261,484261,484266,5,0
484261,484261,484266,5,0
484261,484261,484265,4,0
484261,484261,484266,5,0
484261,484261,484266,5,0
484261,484261,484266,5,0
484261,484261,484265,4,0
484261,484261,484265,4,0
484261,484261,484265,4,0
484261,484261,484266,5,0
484261,484261,484265,4,0
484261,484261,484266,5,0
484261,484261,484266,5,0
484261,484261,484265,4,0
484261,484261,484266,5,0
484261,484261,484266,5,0
484261,484261,484266,5,0
484261,484261,484265,4,0
484261,484261,484265,4,0
484261,484261,484266,5,0
484261,484261,484266,5,0
484261,484261,484265,4,0
484261,484261,484266,5,0
484261,484261,484266,5,0
484261,484261,484266,5,0
484261,484261,484266,5,0
484261,484261,484267,6,0
484261,484261,484266,5,0
484261,484261,484267,6,0
484261,484261,484267,6,0
484261,484261,484267,6,0
484261,484264,484267,3,3
484261,484261,484267,6,0
484261,484261,484267,6,0
484261,484261,484267,6,0
484261,484261,484267,6,0
484261,484261,484266,5,0
484261,484261,484267,6,0
484261,484264,484267,3,3
484261,484261,484267,6,0
484261,484261,484267,6,0
484261,484261,484267,6,0
484261,484261,484267,6,0
484261,484261,484267,6,0
484261,484264,484267,3,3
484261,484264,484267,3,3
484261,484261,484268,7,0
484261,484261,484268,7,0
484261,484265,484268,3,4
484261,484261,484268,7,0
484261,484261,484268,7,0
484261,484265,484268,3,4
484261,484261,484268,7,0
484261,484265,484268,3,4
484261,484261,484268,7,0
484261,484264,484268,4,3
484261,484261,484269,8,0
484261,484265,484269,4,4
484261,484265,484269,4,4
484261,484265,484269,4,4
484261,484265,484269,4,4
484261,484261,484269,8,0
484261,484266,484269,3,5
484261,484266,484269,3,5
484261,484266,484269,3,5
484261,484265,484269,4,4
484261,484266,484269,3,5
484261,484266,484270,4,5
484261,484266,484269,3,5
484261,484261,484270,9,0
484261,484266,484270,4,5
484261,484266,484270,4,5
484261,484266,484270,4,5
484261,484265,484270,5,4
484261,484265,484270,5,4
484261,484266,484270,4,5
484261,484266,484270,4,5
484261,484266,484270,4,5
484261,484265,484270,5,4
484261,484265,484271,6,4
484261,484265,484270,5,4
484261,484265,484270,5,4
484261,484266,484270,4,5
484261,484266,484270,4,5
484261,484267,484271,4,6
484261,484266,484270,4,5
484261,484266,484270,4,5
484261,484266,484270,4,5
484261,484268,484271,3,7
484261,484266,484270,4,5
484261,484266,484270,4,5
484261,484266,484270,4,5
484261,484265,484271,6,4
484261,484265,484271,6,4
484261,484266,484271,5,5
484261,484266,484271,5,5
484261,484267,484271,4,6
484261,484265,484271,6,4
484261,484265,484271,6,4
484261,484265,484271,6,4
484261,484265,484271,6,4
484261,484268,484272,4,7
484261,484265,484271,6,4
484261,484266,484271,5,5
484261,484265,484271,6,4
484261,484268,484272,4,7
484261,484267,484272,5,6
484261,484268,484272,4,7
484261,484268,484272,4,7
484261,484268,484272,4,7
484261,484270,484273,3,9
484261,484267,484272,5,6
484261,484270,484272,2,9
484261,484270,484272,2,9
484261,484268,484272,4,7
484261,484268,484272,4,7
484261,484270,484273,3,9
484261,484265,484272,7,4
484261,484266,484272,6,5
484261,484268,484272,4,7
484261,484266,484273,7,5
484261,484266,484273,7,5
484261,484267,484273,6,6
484261,484270,484273,3,9
484261,484266,484273,7,5
484261,484269,484273,4,8
484261,484267,484273,6,6
484261,484267,484273,6,6
484261,484269,484273,4,8
484261,484270,484273,3,9
484261,484268,484273,5,7
484261,484268,484273,5,7
484261,484270,484273,3,9
484261,484271,484273,2,10
484261,484268,484273,5,7
484261,484268,484273,5,7
484261,484271,484273,2,10
484261,484271,484273,2,10
484261,484269,484273,4,8
484261,484270,484273,3,9
484261,484268,484274,6,7
484261,484269,484273,4,8
484261,484268,484274,6,7
484261,484270,484273,3,9
484261,484270,484273,3,9
484261,484270,484273,3,9
484261,484271,484273,2,10
484261,484271,484274,3,10
484261,484268,484275,7,7
484261,484271,484274,3,10
484261,484271,484274,3,10
484261,484271,484275,4,10
484261,484270,484274,4,9
484261,484268,484275,7,7
484261,484271,484275,4,10
484261,484269,484275,6,8
484261,484269,484275,6,8
484261,484271,484275,4,10
484261,484269,484275,6,8
484261,484271,484275,4,10
484261,484271,484276,5,10
484261,484270,484276,6,9
484261,484271,484277,6,10
484261,484271,484276,5,10
484261,484271,484277,6,10
484261,484271,484276,5,10
484261,484271,484276,5,10
484261,484271,484276,5,10
484261,484271,484276,5,10
484261,484271,484277,6,10
484261,484271,484277,6,10
484285,484285,484289,4,0
484285,484285,484289,4,0
484285,484285,484289,4,0
484285,484285,484289,4,0
484285,484286,484289,3,1
484285,484285,484290,5,0
484285,484285,484289,4,0
484285,484285,484289,4,0
484285,484285,484289,4,0
484285,484285,484289,4,0
484285,484285,484289,4,0
484285,484285,484289,4,0
484285,484285,484289,4,0
484285,484285,484289,4,0
484285,484285,484290,5,0
484285,484286,484290,4,1
484285,484285,484289,4,0
484285,484285,484289,4,0
484285,484285,484289,4,0
484285,484285,484290,5,0
484285,484286,484290,4,1
484285,484286,484290,4,1
484285,484285,484290,5,0
484285,484286,484290,4,1
484285,484285,484291,6,0
484285,484285,484290,5,0
484285,484286,484290,4,1
484285,484285,484290,5,0
484285,484285,484290,5,0
484285,484286,484290,4,1
484285,484285,484290,5,0
484285,484285,484290,5,0
484285,484285,484290,5,0
484285,484286,484290,4,1
484285,484285,484290,5,0
484285,484285,484290,5,0
484285,484286,484291,5,1
484285,484285,484291,6,0
484285,484286,484291,5,1
484285,484285,484291,6,0
484285,484285,484292,7,0
484285,484286,484292,6,1
484285,484286,484292,6,1
484285,484285,484291,6,0
484285,484285,484291,6,0
484285,484285,484291,6,0
484285,484286,484292,6,1
484285,484286,484291,5,1
484285,484286,484291,5,1
484285,484286,484292,6,1
484285,484285,484292,7,0
484285,484286,484292,6,1
484285,484285,484292,7,0
484285,484286,484293,7,1
484285,484290,484292,2,5
484285,484286,484293,7,1
484285,484285,484293,8,0
484285,484285,484293,8,0
484285,484286,484292,6,1
484285,484290,484293,3,5
484285,484286,484292,6,1
484285,484290,484293,3,5
484285,484285,484293,8,0
484285,484290,484292,2,5
484285,484290,484292,2,5
484285,484286,484292,6,1
484285,484290,484293,3,5
484285,484290,484293,3,5
484285,484285,484293,8,0
484285,484285,484292,7,0
484285,484286,484292,6,1
484285,484286,484293,7,1
484285,484286,484292,6,1
484285,484285,484293,8,0
484285,484286,484293,7,1
484285,484285,484294,9,0
484285,484286,484293,7,1
484285,484285,484293,8,0
484285,484285,484293,8,0
484285,484285,484293,8,0
484285,484290,484293,3,5
484285,484285,484293,8,0
484285,484290,484293,3,5
484285,484291,484294,3,6
484285,484286,484294,8,1
484285,484286,484293,7,1
484285,484285,484294,9,0
484285,484285,484293,8,0
484285,484290,484294,4,5
484285,484290,484294,4,5
484285,484286,484294,8,1
484285,484292,484295,3,7
484285,484286,484294,8,1
484285,484292,484295,3,7
484285,484290,484295,5,5
484285,484290,484295,5,5
484285,484292,484295,3,7
484285,484290,484295,5,5
484285,484293,484295,2,8
484285,484293,484295,2,8
484285,484293,484296,3,8
484285,484291,484296,5,6
484285,484290,484296,6,5
484285,484292,484295,3,7
484285,484293,484295,2,8
484285,484290,484296,6,5
484285,484292,484295,3,7
484285,484292,484295,3,7
484285,484292,484295,3,7
484285,484293,484296,3,8
484285,484293,484295,2,8
484285,484292,484295,3,7
484285,484291,484296,5,6
484285,484291,484296,5,6
484285,484293,484296,3,8
484285,484291,484296,5,6
484285,484291,484296,5,6
484285,484291,484296,5,6
484285,484292,484296,4,7
484285,484292,484297,5,7
484285,484292,484297,5,7
484285,484290,484296,6,5
484285,484293,484296,3,8
484285,484293,484296,3,8
484285,484290,484296,6,5
484285,484291,484297,6,6
484285,484291,484297,6,6
484285,484291,484297,6,6
484285,484290,484297,7,5
484285,484291,484298,7,6
484285,484294,484298,4,9
484285,484294,484298,4,9
484285,484291,484297,6,6
484285,484291,484298,7,6
484285,484291,484298,7,6
484285,484292,484297,5,7
484285,484293,484297,4,8
484285,484291,484298,7,6
484285,484293,484297,4,8
484285,484295,484298,3,10
484285,484290,484297,7,5
484285,484293,484298,5,8
484285,484291,484299,8,6
484285,484293,484299,6,8
484285,484296,484299,3,11
484285,484296,484299,3,11
484285,484291,484299,8,6
484285,484293,484299,6,8
484285,484293,484299,6,8
484285,484292,484298,6,7
484285,484296,484299,3,11
484285,484296,484299,3,11
484285,484296,484299,3,11
484285,484291,484298,7,6
484285,484295,484299,4,10
484285,484296,484299,3,11
484285,484295,484299,4,10
484285,484296,484300,4,11
484285,484296,484300,4,11
484285,484297,484300,3,12
484285,484296,484299,3,11
484285,484295,484300,5,10
484285,484295,484300,5,10
484285,484296,484300,4,11
484285,484293,484300,7,8
484285,484293,484300,7,8
484285,484293,484300,7,8
484285,484294,484300,6,9
484285,484291,484300,9,6
484285,484295,484300,5,10
484285,484295,484300,5,10
484285,484294,484300,6,9
484285,484294,484301,7,9
484285,484293,484301,8,8
484285,484293,484300,7,8
484285,484293,484301,8,8
484285,484294,484301,7,9
484285,484294,484301,7,9
484285,484293,484301,8,8
484285,484293,484301,8,8
484285,484297,484301,4,12
484285,484296,484301,5,11
484285,484294,484302,8,9
484285,484294,484302,8,9
484285,484297,484302,5,12
484285,484294,484302,8,9
484285,484294,484302,8,9
484285,484296,484302,6,11
484285,484294,484301,7,9
484285,484296,484302,6,11
484285,484294,484302,8,9
484285,484294,484301,7,9
484285,484295,484302,7,10
484285,484296,484301,5,11
484285,484296,484303,7,11
484285,484296,484303,7,11
484285,484297,484302,5,12
484285,484297,484303,6,12
484285,484297,484303,6,12
484285,484297,484304,7,12
484312,484312,484315,3,0
484312,484312,484315,3,0
484312,484312,484316,4,0
484312,484312,484316,4,0
484312,484312,484316,4,0
484312,484312,484316,4,0
484312,484312,484316,4,0
484312,484312,484316,4,0
484312,484312,484317,5,0
484312,484312,484316,4,0
484312,484312,484317,5,0
484312,484312,484316,4,0
484312,484312,484317,5,0
484312,484312,484317,5,0
484312,484312,484318,6,0
484312,484312,484318,6,0
484312,484312,484317,5,0
484312,484312,484318,6,0
484312,484312,484318,6,0
484312,484312,484318,6,0
484312,484312,484317,5,0
484312,484312,484318,6,0
484312,484312,484318,6,0
484312,484312,484318,6,0
484312,484312,484319,7,0
484312,484312,484319,7,0
484312,484312,484319,7,0
484312,484312,484319,7,0
484312,484312,484318,6,0
484312,484312,484319,7,0
484312,484312,484319,7,0
484312,484312,484319,7,0
484312,484312,484318,6,0
484312,484312,484319,7,0
484312,484316,484319,3,4
484312,484316,484319,3,4
484312,484312,484319,7,0
484312,484312,484318,6,0
484312,484312,484319,7,0
484312,484312,484319,7,0
484312,484316,484319,3,4
484312,484316,484319,3,4
484312,484312,484320,8,0
484312,484312,484320,8,0
484312,484312,484319,7,0
484312,484312,484320,8,0
484312,484312,484319,7,0
484312,484312,484319,7,0
484312,484312,484320,8,0
484312,484312,484320,8,0
484312,484312,484319,7,0
484312,484312,484320,8,0
484312,484317,484320,3,5
484312,484312,484320,8,0
484312,484312,484319,7,0
484312,484312,484320,8,0
484312,484312,484320,8,0
484312,484312,484319,7,0
484312,484317,484320,3,5
484312,484312,484320,8,0
484312,484312,484320,8,0
484312,484312,484319,7,0
484312,484312,484320,8,0
484312,484317,484320,3,5
484312,484312,484319,7,0
484312,484312,484319,7,0
484312,484312,484320,8,0
484312,484312,484319,7,0
484312,484312,484320,8,0
484312,484312,484320,8,0
484312,484312,484320,8,0
484312,484312,484320,8,0
484312,484312,484320,8,0
484312,484312,484321,9,0
484312,484312,484320,8,0
484312,484312,484320,8,0
484312,484312,484320,8,0
484312,484312,484320,8,0
484312,484312,484321,9,0
484312,484312,484321,9,0
484312,484312,484321,9,0
484312,484312,484321,9,0
484312,484312,484321,9,0
484312,484318,484321,3,6
484312,484312,484321,9,0
484312,484312,484320,8,0
484312,484316,484321,5,4
484312,484317,484322,5,5
484312,484318,484322,4,6
484312,484318,484322,4,6
484312,484319,484322,3,7
484312,484312,484322,10,0
484312,484312,484322,10,0
484312,484316,484323,7,4
484312,484319,484323,4,7
484312,484320,484323,3,8
484312,484316,484323,7,4
484312,484320,484323,3,8
484312,484320,484323,3,8
484312,484319,484323,4,7
484312,484320,484323,3,8
484312,484320,484323,3,8
484312,484320,484323,3,8
484312,484316,484323,7,4
484312,484318,484323,5,6
484312,484321,484324,3,9
484312,484321,484324,3,9
484312,484319,484324,5,7
484312,484320,484324,4,8
484312,484320,484325,5,8
484312,484321,484325,4,9
484312,484318,484325,7,6
484312,484318,484325,7,6
484312,484317,484325,8,5
484312,484320,484326,6,8
484312,484320,484326,6,8
484312,484317,484326,9,5
484312,484321,484326,5,9
484312,484318,484326,8,6
484312,484319,484326,7,7
484312,484322,484326,4,10
484312,484322,484326,4,10
484312,484318,484326,8,6
484312,484322,484326,4,10
484312,484319,484326,7,7
484312,484319,484326,7,7
484312,484318,484326,8,6
484312,484320,484326,6,8
484312,484321,484326,5,9
484312,484319,484327,8,7
484312,484320,484327,7,8
484312,484320,484327,7,8
484312,484320,484326,6,8
484312,484319,484327,8,7
484312,484320,484327,7,8
484312,484320,484327,7,8
484312,484319,484327,8,7
484312,484320,484327,7,8
484312,484319,484327,8,7
484312,484319,484327,8,7
484312,484319,484327,8,7
484312,484320,484327,7,8
484312,484320,484327,7,8
484312,484319,484327,8,7
484312,484320,484327,7,8
484312,484320,484327,7,8
484312,484320,484327,7,8
484312,484319,484327,8,7
484312,484320,484327,7,8
484312,484320,484328,8,8
484312,484323,484328,5,11
484312,484324,484328,4,12
484312,484325,484328,3,13
484312,484319,484328,9,7
484312,484324,484328,4,12
484312,484320,484328,8,8
484312,484324,484328,4,12
484312,484320,484328,8,8
484312,484321,484328,7,9
484312,484326,484328,2,14
484312,484326,484328,2,14
484312,484319,484329,10,7
484312,484319,484328,9,7
484312,484321,484328,7,9
484312,484322,484328,6,10
484312,484321,484328,7,9
484312,484321,484329,8,9
484312,484323,484329,6,11
484312,484324,484329,5,12
484312,484326,484329,3,14
484312,484320,484329,9,8
484312,484321,484329,8,9
484312,484323,484329,6,11
484312,484321,484330,9,9
484312,484323,484329,6,11
484312,484321,484329,8,9
484312,484321,484329,8,9
484312,484323,484329,6,11
484312,484320,484330,10,8
484312,484322,484329,7,10
484312,484319,484329,10,7
484312,484323,484330,7,11
484312,484324,484330,6,12
484312,484327,484330,3,15
484312,484323,484330,7,11
484312,484323,484330,7,11
484312,484322,484330,8,10
484312,484326,484331,5,14
484312,484323,484330,7,11
484312,484322,484330,8,10
484312,484324,484331,7,12
484312,484323,484331,8,11
484312,484323,484332,9,11
484312,484323,484332,9,11
484312,484322,484332,10,10
484312,484326,484332,6,14
484312,484327,484333,6,15
484312,484327,484333,6,15
484312,484326,484334,8,14
484312,484327,484334,7,15
484342,484342,484346,4,0
484342,484342,484346,4,0
484342,484342,484346,4,0
484342,484342,484346,4,0
484342,484342,484346,4,0
484342,484342,484346,4,0
484342,484342,484346,4,0
484342,484342,484346,4,0
484342,484342,484346,4,0
484342,484342,484346,4,0
484342,484342,484347,5,0
484342,484342,484347,5,0
484342,484342,484347,5,0
484342,484342,484347,5,0
484342,484342,484347,5,0
484342,484342,484347,5,0
484342,484342,484347,5,0
484342,484342,484347,5,0
484342,484342,484348,6,0
484342,484342,484348,6,0
484342,484342,484348,6,0
484342,484342,484348,6,0
484342,484343,484348,5,1
484342,484342,484348,6,0
484342,484343,484349,6,1
484342,484342,484348,6,0
484342,484342,484348,6,0
484342,484342,484348,6,0
484342,484342,484349,7,0
484342,484342,484349,7,0
484342,484342,484349,7,0
484342,484342,484350,8,0
484342,484342,484349,7,0
484342,484342,484349,7,0
484342,484342,484349,7,0
484342,484342,484349,7,0
484342,484342,484349,7,0
484342,484342,484350,8,0
484342,484348,484351,3,6
484342,484342,484351,9,0
484342,484343,484350,7,1
484342,484342,484350,8,0
484342,484342,484350,8,0
484342,484343,484350,7,1
484342,484347,484350,3,5
484342,484347,484350,3,5
484342,484347,484350,3,5
484342,484342,484350,8,0
484342,484342,484350,8,0
484342,484343,484350,7,1
484342,484342,484350,8,0
484342,484343,484350,7,1
484342,484347,484350,3,5
484342,484347,484350,3,5
484342,484348,484350,2,6
484342,484342,484350,8,0
484342,484342,484350,8,0
484342,484342,484350,8,0
484342,484347,484350,3,5
484342,484347,484350,3,5
484342,484342,484351,9,0
484342,484342,484352,10,0
484342,484342,484351,9,0
484342,484348,484351,3,6
484342,484342,484351,9,0
484342,484342,484351,9,0
484342,484342,484351,9,0
484342,484343,484352,9,1
484342,484342,484351,9,0
484342,484342,484352,10,0
484342,484342,484351,9,0
484342,484347,484351,4,5
484342,484342,484351,9,0
484342,484342,484351,9,0
484342,484342,484352,10,0
484342,484342,484352,10,0
484342,484342,484352,10,0
484342,484342,484352,10,0
484342,484342,484352,10,0
484342,484349,484353,4,7
484342,484342,484352,10,0
484342,484346,484352,6,4
484342,484342,484352,10,0
484342,484342,484352,10,0
484342,484342,484352,10,0
484342,484347,484352,5,5
484342,484349,484353,4,7
484342,484343,484352,9,1
484342,484349,484353,4,7
484342,484342,484353,11,0
484342,484349,484354,5,7
484342,484349,484353,4,7
484342,484351,484354,3,9
484342,484349,484353,4,7
484342,484350,484353,3,8
484342,484351,484354,3,9
484342,484342,484354,12,0
484342,484342,484353,11,0
484342,484349,484353,4,7
484342,484351,484354,3,9
484342,484351,484354,3,9
484342,484347,484354,7,5
484342,484343,484354,11,1
484342,484352,484354,2,10
484342,484352,484354,2,10
484342,484342,484354,12,0
484342,484343,484354,11,1
484342,484351,484355,4,9
484342,484352,484355,3,10
484342,484352,484354,2,10
484342,484352,484355,3,10
484342,484350,484354,4,8
484342,484351,484354,3,9
484342,484342,484354,12,0
484342,484351,484355,4,9
484342,484351,484354,3,9
484342,484351,484355,4,9
484342,484353,484356,3,11
484342,484353,484356,3,11
484342,484351,484355,4,9
484342,484351,484355,4,9
484342,484348,484356,8,6
484342,484350,484355,5,8
484342,484350,484355,5,8
484342,484352,484355,3,10
484342,484353,484356,3,11
484342,484351,484356,5,9
484342,484353,484356,3,11
484342,484352,484357,5,10
484342,484349,484356,7,7
484342,484348,484356,8,6
484342,484348,484356,8,6
484342,484352,484357,5,10
484342,484351,484356,5,9
484342,484350,484356,6,8
484342,484353,484357,4,11
484342,484355,484357,2,13
484342,484351,484357,6,9
484342,484351,484358,7,9
484342,484353,484358,5,11
484342,484355,484357,2,13
484342,484351,484357,6,9
484342,484355,484358,3,13
484342,484355,484358,3,13
484342,484352,484357,5,10
484342,484351,484357,6,9
484342,484352,484358,6,10
484342,484355,484358,3,13
484342,484348,484357,9,6
484342,484355,484358,3,13
484342,484349,484357,8,7
484342,484355,484358,3,13
484342,484355,484358,3,13
484342,484355,484358,3,13
484342,484355,484358,3,13
484342,484350,484359,9,8
484342,484353,484358,5,11
484342,484351,484358,7,9
484342,484350,484359,9,8
484342,484353,484358,5,11
484342,484354,484359,5,12
484342,484356,484359,3,14
484342,484353,484359,6,11
484342,484354,484359,5,12
484342,484355,484358,3,13
484342,484349,484358,9,7
484342,484351,484359,8,9
484342,484355,484358,3,13
484342,484355,484359,4,13
484342,484355,484360,5,13
484342,484353,484360,7,11
484342,484354,484360,6,12
484342,484352,484359,7,10
484342,484351,484359,8,9
484342,484353,484360,7,11
484342,484353,484360,7,11
484342,484354,484360,6,12
484342,484351,484360,9,9
484342,484351,484360,9,9
484342,484356,484360,4,14
484342,484350,484360,10,8
484342,484354,484361,7,12
484342,484353,484360,7,11
484342,484354,484360,6,12
484342,484350,484360,10,8
484342,484351,484362,11,9
484342,484354,484362,8,12
484342,484352,484361,9,10
484342,484352,484361,9,10
484342,484352,484361,9,10
484342,484356,484362,6,14
484342,484354,484362,8,12
484342,484354,484363,9,12
484342,484354,484363,9,12
484342,484353,484363,10,11
484342,484354,484364,10,12
484342,484353,484364,11,11
484342,484356,484365,9,14
484342,484354,484365,11,12
484342,484354,484365,11,12
484373,484373,484376,3,0
484373,484373,484376,3,0
484373,484373,484377,4,0
484373,484373,484377,4,0
484373,484373,484377,4,0
484373,484373,484376,3,0
484373,484373,484377,4,0
484373,484373,484377,4,0
484373,484373,484377,4,0
484373,484373,484377,4,0
484373,484373,484377,4,0
484373,484373,484376,3,0
484373,484373,484376,3,0
484373,484373,484376,3,0
484373,484373,484377,4,0
484373,484373,484376,3,0
484373,484373,484376,3,0
484373,484373,484377,4,0
484373,484373,484376,3,0
484373,484373,484376,3,0
484373,484373,484377,4,0
484373,484373,484377,4,0
484373,484373,484377,4,0
484373,484373,484377,4,0
484373,484373,484377,4,0
484373,484373,484377,4,0
484373,484373,484378,5,0
484373,484373,484378,5,0
484373,484373,484378,5,0
484373,484373,484378,5,0
484373,484373,484378,5,0
484373,484373,484379,6,0
484373,484373,484379,6,0
484373,484373,484379,6,0
484373,484373,484379,6,0
484373,484373,484380,7,0
484373,484373,484379,6,0
484373,484377,484380,3,4
484373,484373,484379,6,0
484373,484377,484380,3,4
484373,484377,484380,3,4
484373,484377,484380,3,4
484373,484373,484379,6,0
484373,484373,484381,8,0
484373,484377,484381,4,4
484373,484377,484380,3,4
484373,484373,484381,8,0
484373,484373,484380,7,0
484373,484373,484381,8,0
484373,484373,484381,8,0
484373,484378,484381,3,5
484373,484373,484380,7,0
484373,484373,484380,7,0
484373,484377,484380,3,4
484373,484377,484380,3,4
484373,484377,484380,3,4
484373,484377,484381,4,4
484373,484373,484381,8,0
484373,484373,484381,8,0
484373,484377,484380,3,4
484373,484377,484381,4,4
484373,484377,484380,3,4
484373,484377,484380,3,4
484373,484378,484381,3,5
484373,484373,484382,9,0
484373,484373,484382,9,0
484373,484373,484382,9,0
484373,484373,484382,9,0
484373,484373,484382,9,0
484373,484373,484381,8,0
484373,484377,484381,4,4
484373,484378,484381,3,5
484373,484373,484382,9,0
484373,484379,484382,3,6
484373,484373,484382,9,0
484373,484373,484382,9,0
484373,484378,484382,4,5
484373,484378,484383,5,5
484373,484373,484383,10,0
484373,484373,484382,9,0
484373,484373,484382,9,0
484373,484379,484383,4,6
484373,484373,484383,10,0
484373,484379,484383,4,6
484373,484373,484382,9,0
484373,484373,484384,11,0
484373,484373,484384,11,0
484373,484373,484383,10,0
484373,484373,484383,10,0
484373,484381,484384,3,8
484373,484373,484384,11,0
484373,484381,484384,3,8
484373,484373,484384,11,0
484373,484380,484384,4,7
484373,484381,484384,3,8
484373,484373,484384,11,0
484373,484377,484384,7,4
484373,484380,484384,4,7
484373,484381,484384,3,8
484373,484380,484383,3,7
484373,484381,484384,3,8
484373,484381,484384,3,8
484373,484373,484384,11,0
484373,484373,484384,11,0
484373,484381,484385,4,8
484373,484382,484385,3,9
484373,484378,484385,7,5
484373,484382,484385,3,9
484373,484373,484384,11,0
484373,484381,484385,4,8
484373,484382,484385,3,9
484373,484373,484385,12,0
484373,484373,484385,12,0
484373,484381,484385,4,8
484373,484381,484384,3,8
484373,484382,484385,3,9
484373,484377,484385,8,4
484373,484380,484385,5,7
484373,484373,484386,13,0
484373,484380,484386,6,7
484373,484373,484386,13,0
484373,484382,484385,3,9
484373,484380,484386,6,7
484373,484382,484386,4,9
484373,484373,484385,12,0
484373,484379,484386,7,6
484373,484377,484386,9,4
484373,484382,484386,4,9
484373,484382,484386,4,9
484373,484373,484386,13,0
484373,484378,484386,8,5
484373,484381,484387,6,8
484373,484373,484387,14,0
484373,484381,484387,6,8
484373,484383,484386,3,10
484373,484382,484387,5,9
484373,484373,484387,14,0
484373,484383,484387,4,10
484373,484384,484387,3,11
484373,484379,484388,9,6
484373,484378,484388,10,5
484373,484377,484387,10,4
484373,484381,484388,7,8
484373,484381,484388,7,8
484373,484383,484388,5,10
484373,484377,484387,10,4
484373,484385,484388,3,12
484373,484385,484388,3,12
484373,484385,484388,3,12
484373,484385,484388,3,12
484373,484382,484388,6,9
484373,484385,484388,3,12
484373,484385,484388,3,12
484373,484385,484388,3,12
484373,484384,484389,5,11
484373,484378,484389,11,5
484373,484383,484389,6,10
484373,484386,484389,3,13
484373,484386,484389,3,13
484373,484384,484389,5,11
484373,484386,484389,3,13
484373,484386,484389,3,13
484373,484381,484388,7,8
484373,484384,484389,5,11
484373,484384,484389,5,11
484373,484386,484389,3,13
484373,484379,484390,11,6
484373,484380,484390,10,7
484373,484383,484390,7,10
484373,484384,484390,6,11
484373,484381,484390,9,8
484373,484385,484390,5,12
484373,484385,484390,5,12
484373,484384,484390,6,11
484373,484384,484390,6,11
484373,484384,484391,7,11
484373,484383,484390,7,10
484373,484381,484391,10,8
484373,484381,484391,10,8
484373,484381,484391,10,8
484373,484381,484391,10,8
484373,484385,484392,7,12
484373,484384,484392,8,11
484373,484381,484392,11,8
484373,484384,484392,8,11
484373,484384,484392,8,11
484373,484383,484393,10,10
484373,484380,484393,13,7
484373,484384,484393,9,11
484373,484383,484394,11,10
484373,484383,484394,11,10
484373,484384,484394,10,11
484373,484385,484396,11,12
484373,484385,484396,11,12
484373,484384,484396,12,11
484373,484383,484396,13,10
484373,484385,484397,12,12
484373,484383,484397,14,10
484373,484384,484398,14,11
484373,484384,484398,14,11
484405,484405,484409,4,0
484405,484405,484409,4,0
484405,484405,484409,4,0
484405,484405,484409,4,0
484405,484405,484408,3,0
484405,484405,484409,4,0
484405,484405,484409,4,0
484405,484405,484408,3,0
484405,484405,484409,4,0
484405,484405,484408,3,0
484405,484405,484408,3,0
484405,484405,484409,4,0
484405,484405,484409,4,0
484405,484405,484409,4,0
484405,484405,484410,5,0
484405,484405,484409,4,0
484405,484405,484410,5,0
484405,484405,484409,4,0
484405,484405,484410,5,0
484405,484405,484409,4,0
484405,484405,484409,4,0
484405,484405,484411,6,0
484405,484405,484410,5,0
484405,484405,484411,6,0
484405,484405,484411,6,0
484405,484405,484410,5,0
484405,484405,484411,6,0
484405,484405,484411,6,0
484405,484405,484411,6,0
484405,484405,484410,5,0
484405,484405,484411,6,0
484405,484405,484411,6,0
484405,484405,484411,6,0
484405,484405,484412,7,0
484405,484405,484412,7,0
484405,484405,484411,6,0
484405,484405,484412,7,0
484405,484405,484412,7,0
484405,484405,484412,7,0
484405,484405,484411,6,0
484405,484405,484412,7,0
484405,484405,484412,7,0
484405,484405,484412,7,0
484405,484405,484412,7,0
484405,484405,484412,7,0
484405,484405,484412,7,0
484405,484405,484412,7,0
484405,484405,484413,8,0
484405,484410,484413,3,5
484405,484410,484413,3,5
484405,484405,484412,7,0
484405,484405,484413,8,0
484405,484405,484413,8,0
484405,484410,484413,3,5
484405,484405,484413,8,0
484405,484410,484413,3,5
484405,484405,484412,7,0
484405,484405,484413,8,0
484405,484410,484413,3,5
484405,484409,484413,4,4
484405,484409,484412,3,4
484405,484405,484413,8,0
484405,484405,484414,9,0
484405,484410,484413,3,5
484405,484405,484414,9,0
484405,484409,484414,5,4
484405,484410,484414,4,5
484405,484410,484414,4,5
484405,484405,484414,9,0
484405,484411,484414,3,6
484405,484410,484414,4,5
484405,484411,484414,3,6
484405,484411,484415,4,6
484405,484405,484415,10,0
484405,484409,484415,6,4
484405,484412,484415,3,7
484405,484411,484415,4,6
484405,484411,484415,4,6
484405,484405,484415,10,0
484405,484405,484415,10,0
484405,484412,484416,4,7
484405,484405,484416,11,0
484405,484411,484416,5,6
484405,484412,484415,3,7
484405,484412,484416,4,7
484405,484405,484415,10,0
484405,484412,484417,5,7
484405,484405,484417,12,0
484405,484414,484417,3,9
484405,484414,484417,3,9
484405,484414,484417,3,9
484405,484405,484417,12,0
484405,484405,484416,11,0
484405,484412,484416,4,7
484405,484405,484417,12,0
484405,484414,484417,3,9
484405,484413,484417,4,8
484405,484411,484417,6,6
484405,484405,484417,12,0
484405,484410,484417,7,5
484405,484409,484418,9,4
484405,484412,484418,6,7
484405,484405,484418,13,0
484405,484405,484418,13,0
484405,484414,484417,3,9
484405,484414,484418,4,9
484405,484414,484417,3,9
484405,484414,484418,4,9
484405,484405,484419,14,0
484405,484405,484418,13,0
484405,484405,484418,13,0
484405,484405,484419,14,0
484405,484409,484419,10,4
484405,484409,484419,10,4
484405,484413,484419,6,8
484405,484415,484419,4,10
484405,484405,484419,14,0
484405,484413,484419,6,8
484405,484416,484419,3,11
484405,484405,484418,13,0
484405,484412,484419,7,7
484405,484413,484419,6,8
484405,484409,484419,10,4
484405,484415,484419,4,10
484405,484415,484419,4,10
484405,484417,484420,3,12
484405,484417,484421,4,12
484405,484415,484420,5,10
484405,484416,484420,4,11
484405,484405,484420,15,0
484405,484411,484421,10,6
484405,484414,484420,6,9
484405,484405,484420,15,0
484405,484409,484420,11,4
484405,484413,484420,7,8
484405,484405,484421,16,0
484405,484417,484421,4,12
484405,484411,484422,11,6
484405,484412,484421,9,7
484405,484414,484421,7,9
484405,484411,484421,10,6
484405,484416,484422,6,11
484405,484417,484421,4,12
484405,484413,484421,8,8
484405,484415,484422,7,10
484405,484416,484422,6,11
484405,484417,484422,5,12
484405,484413,484422,9,8
484405,484420,484422,2,15
484405,484409,484422,13,4
484405,484412,484422,10,7
484405,484409,484422,13,4
484405,484412,484423,11,7
484405,484417,484423,6,12
484405,484405,484423,18,0
484405,484418,484424,6,13
484405,484418,484423,5,13
484405,484420,484423,3,15
484405,484420,484423,3,15
484405,484412,484423,11,7
484405,484420,484423,3,15
484405,484420,484423,3,15
484405,484420,484423,3,15
484405,484420,484423,3,15
484405,484420,484423,3,15
484405,484413,484424,11,8
484405,484420,484424,4,15
484405,484416,484424,8,11
484405,484411,484425,14,6
484405,484416,484424,8,11
484405,484418,484424,6,13
484405,484419,484424,5,14
484405,484416,484425,9,11
484405,484418,484425,7,13
484405,484412,484425,13,7
484405,484411,484425,14,6
484405,484418,484425,7,13
484405,484413,484426,13,8
484405,484413,484426,13,8
484405,484417,484426,9,12
484405,484419,484426,7,14
484405,484413,484426,13,8
484405,484413,484426,13,8
484405,484413,484427,14,8
484405,484415,484428,13,10
484405,484419,484428,9,14
484405,484413,484428,15,8
484405,484416,484430,14,11
484405,484412,484429,17,7
484405,484419,484429,10,14
484405,484415,484429,14,10
484405,484418,484429,11,13
484405,484417,484430,13,12
484405,484419,484431,12,14
484405,484419,484433,14,14
484405,484419,484432,13,14
484405,484419,484432,13,14
484405,484417,484433,16,12
484405,484418,484434,16,13
484405,484419,484434,15,14
484443,484443,484447,4,0
484443,484443,484446,3,0
484443,484443,484446,3,0
484443,484443,484446,3,0
484443,484443,484447,4,0
484443,484443,484447,4,0
484443,484443,484446,3,0
484443,484443,484446,3,0
484443,484443,484446,3,0
484443,484443,484447,4,0
484443,484443,484446,3,0
484443,484443,484446,3,0
484443,484443,484447,4,0
484443,484443,484447,4,0
484443,484443,484447,4,0
484443,484443,484447,4,0
484443,484443,484447,4,0
484443,484443,484447,4,0
484443,484443,484447,4,0
484443,484443,484447,4,0
484443,484443,484448,5,0
484443,484443,484447,4,0
484443,484443,484447,4,0
484443,484443,484447,4,0
484443,484443,484448,5,0
484443,484443,484448,5,0
484443,484443,484448,5,0
484443,484443,484448,5,0
484443,484443,484448,5,0
484443,484443,484448,5,0
484443,484443,484449,6,0
484443,484443,484449,6,0
484443,484443,484449,6,0
484443,484443,484450,7,0
484443,484443,484449,6,0
484443,484443,484449,6,0
484443,484443,484450,7,0
484443,484443,484449,6,0
484443,484443,484451,8,0
484443,484448,484451,3,5
484443,484443,484450,7,0
484443,484443,484450,7,0
484443,484443,484450,7,0
484443,484448,484451,3,5
484443,484443,484450,7,0
484443,484448,484451,3,5
484443,484448,484451,3,5
484443,484448,484451,3,5
484443,484447,484450,3,4
484443,484448,484450,2,5
484443,484443,484451,8,0
484443,484443,484450,7,0
484443,484443,484451,8,0
484443,484443,484451,8,0
484443,484448,484451,3,5
484443,484448,484451,3,5
484443,484443,484451,8,0
484443,484443,484451,8,0
484443,484447,484451,4,4
484443,484443,484451,8,0
484443,484443,484452,9,0
484443,484443,484452,9,0
484443,484443,484451,8,0
484443,484443,484452,9,0
484443,484443,484451,8,0
484443,484447,484452,5,4
484443,484443,484451,8,0
484443,484447,484452,5,4
484443,484443,484451,8,0
484443,484448,484451,3,5
484443,484443,484452,9,0
484443,484443,484453,10,0
484443,484447,484452,5,4
484443,484443,484453,10,0
484443,484443,484452,9,0
484443,484449,484453,4,6
484443,484443,484453,10,0
484443,484447,484453,6,4
484443,484443,484452,9,0
484443,484443,484452,9,0
484443,484443,484452,9,0
484443,484447,484452,5,4
484443,484451,484454,3,8
484443,484451,484454,3,8
484443,484443,484453,10,0
484443,484443,484454,11,0
484443,484449,484454,5,6
484443,484443,484454,11,0
484443,484449,484454,5,6
484443,484452,484455,3,9
484443,484452,484455,3,9
484443,484452,484455,3,9
484443,484451,484454,3,8
484443,484452,484455,3,9
484443,484451,484454,3,8
484443,484449,484455,6,6
484443,484452,484455,3,9
484443,484452,484455,3,9
484443,484451,484455,4,8
484443,484451,484455,4,8
484443,484452,484455,3,9
484443,484452,484455,3,9
484443,484451,484454,3,8
484443,484452,484455,3,9
484443,484452,484455,3,9
484443,484443,484455,12,0
484443,484453,484456,3,10
484443,484453,484456,3,10
484443,484451,484455,4,8
484443,484443,484456,13,0
484443,484450,484455,5,7
484443,484453,484456,3,10
484443,484453,484456,3,10
484443,484447,484456,9,4
484443,484452,484455,3,9
484443,484449,484455,6,6
484443,484443,484457,14,0
484443,484443,484457,14,0
484443,484443,484457,14,0
484443,484451,484456,5,8
484443,484443,484457,14,0
484443,484447,484456,9,4
484443,484451,484457,6,8
484443,484449,484457,8,6
484443,484454,484457,3,11
484443,484455,484458,3,12
484443,484455,484458,3,12
484443,484447,484458,11,4
484443,484454,484458,4,11
484443,484453,484458,5,10
484443,484449,484458,9,6
484443,484450,484458,8,7
484443,484443,484458,15,0
484443,484449,484459,10,6
484443,484443,484459,16,0
484443,484453,484459,6,10
484443,484454,484459,5,11
484443,484449,484458,9,6
484443,484451,484459,8,8
484443,484456,484459,3,13
484443,484443,484459,16,0
484443,484456,484459,3,13
484443,484455,484459,4,12
484443,484456,484459,3,13
484443,484453,484459,6,10
484443,484455,484459,4,12
484443,484456,484459,3,13
484443,484455,484458,3,12
484443,484456,484459,3,13
484443,484456,484459,3,13
484443,484457,484460,3,14
484443,484457,484460,3,14
484443,484447,484460,13,4
484443,484457,484460,3,14
484443,484443,484460,17,0
484443,484457,484460,3,14
484443,484450,484459,9,7
484443,484456,484460,4,13
484443,484443,484459,16,0
484443,484448,484460,12,5
484443,484451,484460,9,8
484443,484456,484459,3,13
484443,484454,484460,6,11
484443,484455,484460,5,12
484443,484455,484460,5,12
484443,484451,484461,10,8
484443,484443,484461,18,0
484443,484454,484461,7,11
484443,484455,484461,6,12
484443,484447,484462,15,4
484443,484450,484462,12,7
484443,484455,484461,6,12
484443,484448,484463,15,5
484443,484451,484462,11,8
484443,484454,484463,9,11
484443,484453,484463,10,10
484443,484451,484464,13,8
484443,484451,484463,12,8
484443,484453,484463,10,10
484443,484451,484464,13,8
484443,484447,484465,18,4
484443,484453,484465,12,10
484443,484453,484464,11,10
484443,484455,484465,10,12
484443,484450,484464,14,7
484443,484455,484465,10,12
484443,484455,484465,10,12
484443,484456,484466,10,13
484443,484451,484466,15,8
484443,484455,484466,11,12
484443,484456,484467,11,13
484443,484451,484466,15,8
484443,484455,484468,13,12
484443,484451,484468,17,8
484443,484451,484469,18,8
484443,484453,484469,16,10
484443,484454,484471,17,11
484443,484455,484471,16,12
484443,484455,484472,17,12
484443,484456,484476,20,13
484485,484485,484488,3,0
484485,484485,484489,4,0
484485,484485,484489,4,0
484485,484485,484489,4,0
484485,484485,484489,4,0
484485,484485,484489,4,0
484485,484485,484489,4,0
484485,484485,484489,4,0
484485,484485,484488,3,0
484485,484485,484489,4,0
484485,484485,484489,4,0
484485,484485,484489,4,0
484485,484485,484489,4,0
484485,484485,484489,4,0
484485,484485,484489,4,0
484485,484485,484489,4,0
484485,484485,484489,4,0
484485,484485,484488,3,0
484485,484485,484489,4,0
484485,484485,484489,4,0
484485,484485,484490,5,0
484485,484485,484490,5,0
484485,484485,484489,4,0
484485,484485,484490,5,0
484485,484485,484490,5,0
484485,484485,484490,5,0
484485,484485,484490,5,0
484485,484485,484490,5,0
484485,484485,484490,5,0
484485,484485,484490,5,0
484485,484485,484490,5,0
484485,484485,484489,4,0
484485,484485,484489,4,0
484485,484485,484490,5,0
484485,484485,484491,6,0
484485,484485,484491,6,0
484485,484485,484491,6,0
484485,484485,484491,6,0
484485,484485,484491,6,0
484485,484485,484491,6,0
484485,484485,484491,6,0
484485,484485,484491,6,0
484485,484485,484491,6,0
484485,484485,484491,6,0
484485,484485,484491,6,0
484485,484485,484492,7,0
484485,484488,484492,4,3
484485,484485,484492,7,0
484485,484489,484492,3,4
484485,484489,484492,3,4
484485,484485,484492,7,0
484485,484489,484492,3,4
484485,484489,484492,3,4
484485,484485,484492,7,0
484485,484485,484492,7,0
484485,484489,484492,3,4
484485,484485,484493,8,0
484485,484490,484493,3,5
484485,484490,484493,3,5
484485,484485,484493,8,0
484485,484490,484493,3,5
484485,484485,484493,8,0
484485,484491,484493,2,6
484485,484489,484493,4,4
484485,484489,484493,4,4
484485,484489,484493,4,4
484485,484485,484493,8,0
484485,484489,484493,4,4
484485,484489,484493,4,4
484485,484489,484493,4,4
484485,484490,484494,4,5
484485,484485,484494,9,0
484485,484489,484494,5,4
484485,484485,484494,9,0
484485,484485,484494,9,0
484485,484485,484494,9,0
484485,484491,484494,3,6
484485,484485,484495,10,0
484485,484491,484494,3,6
484485,484485,484495,10,0
484485,484491,484495,4,6
484485,484485,484496,11,0
484485,484489,484495,6,4
484485,484492,484495,3,7
484485,484485,484495,10,0
484485,484489,484495,6,4
484485,484491,484495,4,6
484485,484492,484495,3,7
484485,484492,484495,3,7
484485,484492,484495,3,7
484485,484493,484495,2,8
484485,484492,484495,3,7
484485,484494,484497,3,9
484485,484493,484496,3,8
484485,484492,484496,4,7
484485,484494,484497,3,9
484485,484494,484496,2,9
484485,484493,484496,3,8
484485,484494,484496,2,9
484485,484494,484497,3,9
484485,484494,484497,3,9
484485,484485,484497,12,0
484485,484485,484497,12,0
484485,484485,484497,12,0
484485,484495,484497,2,10
484485,484485,484497,12,0
484485,484492,484497,5,7
484485,484494,484497,3,9
484485,484491,484497,6,6
484485,484493,484498,5,8
484485,484494,484497,3,9
484485,484495,484497,2,10
484485,484485,484497,12,0
484485,484495,484497,2,10
484485,484495,484497,2,10
484485,484485,484497,12,0
484485,484491,484497,6,6
484485,484494,484497,3,9
484485,484485,484498,13,0
484485,484495,484498,3,10
484485,484491,484498,7,6
484485,484485,484498,13,0
484485,484492,484499,7,7
484485,484490,484498,8,5
484485,484493,484498,5,8
484485,484489,484499,10,4
484485,484494,484499,5,9
484485,484496,484499,3,11
484485,484485,484500,15,0
484485,484496,484499,3,11
484485,484496,484500,4,11
484485,484497,484500,3,12
484485,484491,484499,8,6
484485,484493,484499,6,8
484485,484496,484499,3,11
484485,484485,484499,14,0
484485,484485,484499,14,0
484485,484491,484500,9,6
484485,484496,484500,4,11
484485,484496,484499,3,11
484485,484496,484500,4,11
484485,484496,484501,5,11
484485,484498,484501,3,13
484485,484498,484501,3,13
484485,484496,484501,5,11
484485,484498,484501,3,13
484485,484498,484500,2,13
484485,484498,484501,3,13
484485,484497,484501,4,12
484485,484498,484501,3,13
484485,484485,484501,16,0
484485,484494,484501,7,9
484485,484492,484501,9,7
484485,484493,484501,8,8
484485,484498,484501,3,13
484485,484497,484502,5,12
484485,484498,484502,4,13
484485,484498,484501,3,13
484485,484496,484501,5,11
484485,484497,484501,4,12
484485,484492,484502,10,7
484485,484495,484502,7,10
484485,484496,484502,6,11
484485,484485,484502,17,0
484485,484497,484503,6,12
484485,484497,484502,5,12
484485,484498,484503,5,13
484485,484485,484503,18,0
484485,484493,484503,10,8
484485,484485,484503,18,0
484485,484496,484504,8,11
484485,484495,484503,8,10
484485,484497,484503,6,12
484485,484485,484504,19,0
484485,484485,484504,19,0
484485,484489,484504,15,4
484485,484495,484504,9,10
484485,484498,484504,6,13
484485,484498,484505,7,13
484485,484497,484505,8,12
484485,484495,484506,11,10
484485,484498,484507,9,13
484485,484494,484507,13,9
484485,484498,484507,9,13
484485,484485,484507,22,0
484485,484489,484507,18,4
484485,484493,484508,15,8
484485,484489,484507,18,4
484485,484491,484507,16,6
484485,484492,484508,16,7
484485,484493,484508,15,8
484485,484496,484509,13,11
484485,484489,484509,20,4
484485,484497,484509,12,12
484485,484498,484509,11,13
484485,484494,484510,16,9
484485,484498,484511,13,13
484485,484498,484514,16,13
484485,484498,484514,16,13
484485,484498,484517,19,13
484526,484526,484528,2,0
484526,484526,484529,3,0
484526,484526,484529,3,0
484526,484526,484529,3,0
484526,484526,484529,3,0
484526,484526,484530,4,0
484526,484526,484529,3,0
484526,484526,484529,3,0
484526,484526,484529,3,0
484526,484526,484529,3,0
484526,484526,484529,3,0
484526,484526,484529,3,0
484526,484526,484530,4,0
484526,484526,484529,3,0
484526,484526,484529,3,0
484526,484526,484529,3,0
484526,484526,484530,4,0
484526,484526,484531,5,0
484526,484526,484530,4,0
484526,484526,484530,4,0
484526,484526,484530,4,0
484526,484526,484530,4,0
484526,484526,484530,4,0
484526,484526,484531,5,0
484526,484526,484530,4,0
484526,484526,484530,4,0
484526,484526,484531,5,0
484526,484526,484530,4,0
484526,484526,484530,4,0
484526,484526,484530,4,0
484526,484526,484530,4,0
484526,484526,484531,5,0
484526,484526,484531,5,0
484526,484526,484530,4,0
484526,484526,484530,4,0
484526,484526,484530,4,0
484526,484526,484530,4,0
484526,484526,484531,5,0
484526,484526,484532,6,0
484526,484526,484531,5,0
484526,484526,484531,5,0
484526,484526,484531,5,0
484526,484526,484531,5,0
484526,484526,484531,5,0
484526,484526,484531,5,0
484526,484526,484532,6,0
484526,484526,484532,6,0
484526,484526,484532,6,0
484526,484526,484531,5,0
484526,484526,484532,6,0
484526,484529,484533,4,3
484526,484526,484533,7,0
484526,484530,484533,3,4
484526,484530,484533,3,4
484526,484526,484533,7,0
484526,484526,484534,8,0
484526,484531,484534,3,5
484526,484531,484534,3,5
484526,484531,484533,2,5
484526,484531,484534,3,5
484526,484526,484534,8,0
484526,484531,484534,3,5
484526,484531,484534,3,5
484526,484530,484534,4,4
484526,484531,484533,2,5
484526,484531,484533,2,5
484526,484526,484533,7,0
484526,484529,484533,4,3
484526,484531,484534,3,5
484526,484529,484534,5,3
484526,484531,484534,3,5
484526,484526,484534,8,0
484526,484531,484534,3,5
484526,484531,484534,3,5
484526,484526,484535,9,0
484526,484526,484535,9,0
484526,484530,484535,5,4
484526,484531,484534,3,5
484526,484531,484534,3,5
484526,484526,484534,8,0
484526,484531,484535,4,5
484526,484531,484534,3,5
484526,484531,484534,3,5
484526,484526,484535,9,0
484526,484530,484535,5,4
484526,484532,484535,3,6
484526,484532,484535,3,6
484526,484526,484535,9,0
484526,484526,484536,10,0
484526,484526,484535,9,0
484526,484532,484536,4,6
484526,484533,484537,4,7
484526,484526,484536,10,0
484526,484526,484537,11,0
484526,484534,484537,3,8
484526,484534,484537,3,8
484526,484526,484537,11,0
484526,484534,484537,3,8
484526,484526,484538,12,0
484526,484532,484538,6,6
484526,484532,484538,6,6
484526,484535,484537,2,9
484526,484526,484538,12,0
484526,484532,484538,6,6
484526,484534,484538,4,8
484526,484535,484538,3,9
484526,484535,484538,3,9
484526,484535,484538,3,9
484526,484526,484538,12,0
484526,484535,484538,3,9
484526,484534,484538,4,8
484526,484535,484538,3,9
484526,484535,484538,3,9
484526,484535,484538,3,9
484526,484535,484538,3,9
484526,484534,484537,3,8
484526,484526,484538,12,0
484526,484534,484539,5,8
484526,484526,484539,13,0
484526,484526,484539,13,0
484526,484530,484538,8,4
484526,484530,484539,9,4
484526,484531,484539,8,5
484526,484529,484539,10,3
484526,484533,484539,6,7
484526,484526,484539,13,0
484526,484526,484538,12,0
484526,484535,484539,4,9
484526,484535,484538,3,9
484526,484533,484538,5,7
484526,484534,484540,6,8
484526,484526,484540,14,0
484526,484534,484540,6,8
484526,484534,484540,6,8
484526,484536,484540,4,10
484526,484533,484540,7,7
484526,484530,484541,11,4
484526,484526,484541,15,0
484526,484533,484541,8,7
484526,484530,484541,11,4
484526,484526,484541,15,0
484526,484537,484541,4,11
484526,484532,484541,9,6
484526,484535,484541,6,9
484526,484536,484541,5,10
484526,484530,484542,12,4
484526,484532,484542,10,6
484526,484526,484541,15,0
484526,484534,484542,8,8
484526,484532,484541,9,6
484526,484537,484542,5,11
484526,484531,484542,11,5
484526,484533,484542,9,7
484526,484537,484542,5,11
484526,484539,484542,3,13
484526,484537,484542,5,11
484526,484534,484543,9,8
484526,484538,484542,4,12
484526,484537,484543,6,11
484526,484538,484543,5,12
484526,484531,484543,12,5
484526,484538,484544,6,12
484526,484532,484544,12,6
484526,484534,484544,10,8
484526,484530,484544,14,4
484526,484536,484544,8,10
484526,484539,484544,5,13
484526,484531,484544,13,5
484526,484538,484544,6,12
484526,484538,484544,6,12
484526,484536,484544,8,10
484526,484534,484545,11,8
484526,484538,484545,7,12
484526,484538,484545,7,12
484526,484526,484545,19,0
484526,484532,484545,13,6
484526,484530,484545,15,4
484526,484538,484545,7,12
484526,484538,484546,8,12
484526,484539,484546,7,13
484526,484534,484546,12,8
484526,484538,484547,9,12
484526,484538,484547,9,12
484526,484535,484547,12,9
484526,484535,484547,12,9
484526,484537,484548,11,11
484526,484538,484548,10,12
484526,484526,484548,22,0
484526,484534,484549,15,8
484526,484534,484549,15,8
484526,484538,484550,12,12
484526,484537,484550,13,11
484526,484530,484550,20,4
484526,484538,484551,13,12
484526,484538,484551,13,12
484526,484538,484551,13,12
484526,484538,484551,13,12
484526,484534,484553,19,8
484526,484538,484553,15,12
484526,484538,484554,16,12
484562,484562,484565,3,0
484562,484562,484565,3,0
484562,484562,484565,3,0
484562,484562,484565,3,0
484562,484562,484566,4,0
484562,484562,484566,4,0
484562,484562,484566,4,0
484562,484562,484566,4,0
484562,484563,484566,3,1
484562,484562,484566,4,0
484562,484562,484566,4,0
484562,484562,484566,4,0
484562,484562,484566,4,0
484562,484562,484566,4,0
484562,484562,484566,4,0
484562,484562,484566,4,0
484562,484562,484566,4,0
484562,484562,484566,4,0
484562,484562,484566,4,0
484562,484562,484566,4,0
484562,484563,484566,3,1
484562,484562,484566,4,0
484562,484562,484566,4,0
484562,484563,484566,3,1
484562,484562,484566,4,0
484562,484562,484566,4,0
484562,484563,484567,4,1
484562,484563,484566,3,1
484562,484562,484567,5,0
484562,484562,484567,5,0
484562,484562,484567,5,0
484562,484563,484567,4,1
484562,484562,484567,5,0
484562,484563,484567,4,1
484562,484563,484567,4,1
484562,484562,484567,5,0
484562,484563,484567,4,1
484562,484562,484567,5,0
484562,484562,484567,5,0
484562,484562,484567,5,0
484562,484562,484568,6,0
484562,484563,484568,5,1
484562,484562,484569,7,0
484562,484562,484568,6,0
484562,484566,484569,3,4
484562,484562,484570,8,0
484562,484563,484569,6,1
484562,484563,484569,6,1
484562,484562,484569,7,0
484562,484566,484570,4,4
484562,484562,484570,8,0
484562,484563,484569,6,1
484562,484562,484570,8,0
484562,484562,484570,8,0
484562,484567,484570,3,5
484562,484567,484570,3,5
484562,484568,484571,3,6
484562,484567,484570,3,5
484562,484567,484570,3,5
484562,484567,484570,3,5
484562,484567,484570,3,5
484562,484562,484571,9,0
484562,484568,484571,3,6
484562,484562,484572,10,0
484562,484568,484571,3,6
484562,484568,484571,3,6
484562,484568,484571,3,6
484562,484568,484571,3,6
484562,484562,484571,9,0
484562,484568,484571,3,6
484562,484562,484571,9,0
484562,484562,484571,9,0
484562,484568,484572,4,6
484562,484562,484572,10,0
484562,484568,484572,4,6
484562,484563,484573,10,1
484562,484562,484572,10,0
484562,484569,484572,3,7
484562,484569,484572,3,7
484562,484567,484572,5,5
484562,484568,484572,4,6
484562,484570,484573,3,8
484562,484563,484572,9,1
484562,484562,484573,11,0
484562,484562,484573,11,0
484562,484567,484574,7,5
484562,484562,484574,12,0
484562,484562,484573,11,0
484562,484562,484573,11,0
484562,484562,484574,12,0
484562,484566,484573,7,4
484562,484567,484573,6,5
484562,484567,484574,7,5
484562,484567,484574,7,5
484562,484568,484575,7,6
484562,484571,484575,4,9
484562,484562,484574,12,0
484562,484562,484575,13,0
484562,484567,484575,8,5
484562,484567,484575,8,5
484562,484573,484576,3,11
484562,484573,484576,3,11
484562,484562,484576,14,0
484562,484566,484575,9,4
484562,484567,484575,8,5
484562,484573,484576,3,11
484562,484573,484576,3,11
484562,484563,484575,12,1
484562,484563,484576,13,1
484562,484571,484576,5,9
484562,484573,484575,2,11
484562,484570,484575,5,8
484562,484562,484575,13,0
484562,484571,484575,4,9
484562,484573,484576,3,11
484562,484573,484576,3,11
484562,484574,484577,3,12
484562,484563,484577,14,1
484562,484567,484577,10,5
484562,484574,484577,3,12
484562,484574,484577,3,12
484562,484574,484577,3,12
484562,484572,484576,4,10
484562,484562,484576,14,0
484562,484567,484577,10,5
484562,484573,484577,4,11
484562,484562,484577,15,0
484562,484568,484578,10,6
484562,484574,484578,4,12
484562,484571,484577,6,9
484562,484574,484577,3,12
484562,484570,484577,7,8
484562,484572,484577,5,10
484562,484573,484578,5,11
484562,484571,484578,7,9
484562,484572,484578,6,10
484562,484575,484579,4,13
484562,484570,484579,9,8
484562,484562,484578,16,0
484562,484562,484579,17,0
484562,484567,484579,12,5
484562,484571,484579,8,9
484562,484575,484579,4,13
484562,484571,484578,7,9
484562,484562,484579,17,0
484562,484567,484580,13,5
484562,484572,484579,7,10
484562,484576,484580,4,14
484562,484567,484579,12,5
484562,484571,484580,9,9
484562,484573,484579,6,11
484562,484572,484579,7,10
484562,484572,484580,8,10
484562,484572,484580,8,10
484562,484574,484580,6,12
484562,484570,484579,9,8
484562,484574,484580,6,12
484562,484576,484579,3,14
484562,484576,484580,4,14
484562,484575,484580,5,13
484562,484567,484581,14,5
484562,484570,484581,11,8
484562,484577,484580,3,15
484562,484575,484581,6,13
484562,484567,484581,14,5
484562,484576,484581,5,14
484562,484576,484582,6,14
484562,484567,484582,15,5
484562,484575,484581,6,13
484562,484576,484582,6,14
484562,484569,484581,12,7
484562,484576,484581,5,14
484562,484576,484582,6,14
484562,484570,484583,13,8
484562,484570,484582,12,8
484562,484572,484583,11,10
484562,484562,484584,22,0
484562,484577,484584,7,15
484562,484572,484584,12,10
484562,484567,484584,17,5
484562,484574,484584,10,12
484562,484576,484585,9,14
484562,484577,484585,8,15
484562,484575,484585,10,13
484562,484569,484585,16,7
484562,484576,484585,9,14
484562,484567,484585,18,5
484562,484575,484585,10,13
484562,484577,484585,8,15
484562,484577,484586,9,15
484562,484571,484585,14,9
484562,484576,484587,11,14
484562,484571,484587,16,9
484562,484576,484588,12,14
484562,484576,484587,11,14
484562,484576,484588,12,14
484562,484572,484590,18,10
484562,484577,484589,12,15
484562,484576,484590,14,14
484562,484572,484594,22,10
484602,484602,484614,12,0
497402,497402,497403,1,0
497402,497402,497404,2,0
497402,497402,497404,2,0
497402,497402,497404,2,0
497402,497402,497404,2,0
497402,497402,497404,2,0
497402,497402,497404,2,0
497402,497402,497404,2,0
497402,497402,497404,2,0
497402,497402,497404,2,0
497402,497402,497404,2,0
497402,497402,497404,2,0
497402,497402,497404,2,0
497402,497402,497404,2,0
497402,497402,497404,2,0
497402,497402,497404,2,0
497402,497402,497404,2,0
497402,497402,497404,2,0
497402,497402,497405,3,0
497402,497402,497405,3,0
497402,497402,497405,3,0
497402,497402,497405,3,0
497402,497402,497405,3,0
497402,497402,497405,3,0
497402,497402,497405,3,0
497402,497402,497405,3,0
497402,497402,497405,3,0
497402,497402,497405,3,0
497402,497402,497405,3,0
497402,497402,497405,3,0
497402,497402,497405,3,0
497402,497402,497405,3,0
497402,497402,497404,2,0
497402,497402,497405,3,0
497402,497402,497405,3,0
497402,497402,497405,3,0
497402,497402,497405,3,0
497402,497402,497405,3,0
497402,497402,497405,3,0
497402,497402,497405,3,0
497402,497402,497405,3,0
497402,497402,497405,3,0
497402,497402,497405,3,0
497402,497402,497405,3,0
497402,497402,497405,3,0
497402,497402,497404,2,0
497402,497402,497405,3,0
497402,497402,497404,2,0
497402,497402,497405,3,0
497402,497402,497405,3,0
497402,497402,497405,3,0
497402,497404,497405,1,2
497402,497402,497405,3,0
497402,497402,497404,2,0
497402,497402,497405,3,0
497402,497402,497405,3,0
497402,497402,497405,3,0
497402,497403,497405,2,1
497402,497404,497405,1,2
497402,497402,497405,3,0
497402,497402,497405,3,0
497402,497402,497405,3,0
497402,497403,497405,2,1
497402,497402,497404,2,0
497402,497402,497405,3,0
497402,497402,497405,3,0
497402,497402,497405,3,0
497402,497403,497405,2,1
497402,497402,497404,2,0
497402,497402,497405,3,0
497402,497402,497405,3,0
497402,497403,497405,2,1
497402,497403,497405,2,1
497402,497402,497405,3,0
497402,497402,497405,3,0
497402,497402,497405,3,0
497402,497402,497405,3,0
497402,497402,497405,3,0
497402,497402,497405,3,0
497402,497402,497405,3,0
497402,497403,497405,2,1
497402,497403,497406,3,1
497402,497404,497406,2,2
497402,497402,497406,4,0
497402,497404,497406,2,2
497402,497404,497407,3,2
497402,497406,497407,1,4
497402,497406,497407,1,4
497402,497406,497407,1,4
497402,497404,497407,3,2
497402,497406,497407,1,4
497402,497405,497408,3,3
497402,497405,497407,2,3
497402,497406,497407,1,4
497402,497406,497407,1,4
497402,497404,497407,3,2
497402,497404,497407,3,2
497402,497404,497407,3,2
497402,497404,497407,3,2
497402,497404,497407,3,2
497402,497404,497407,3,2
497402,497406,497407,1,4
497402,497404,497407,3,2
497402,497405,497407,2,3
497402,497406,497407,1,4
497402,497406,497407,1,4
497402,497406,497407,1,4
497402,497404,497407,3,2
497402,497404,497407,3,2
497402,497404,497407,3,2
497402,497406,497408,2,4
497402,497406,497408,2,4
497402,497406,497408,2,4
497402,497406,497408,2,4
497402,497406,497408,2,4
497402,497406,497408,2,4
497402,497406,497408,2,4
497402,497406,497408,2,4
497402,497406,497408,2,4
497402,497406,497408,2,4
497402,497406,497408,2,4
497402,497406,497408,2,4
497402,497406,497408,2,4
497402,497406,497408,2,4
497402,497406,497409,3,4
497402,497406,497408,2,4
497402,497406,497408,2,4
497402,497406,497408,2,4
497402,497406,497408,2,4
497402,497406,497408,2,4
497402,497406,497408,2,4
497402,497406,497409,3,4
497402,497406,497408,2,4
497402,497406,497408,2,4
497402,497406,497408,2,4
497402,497406,497408,2,4
497402,497406,497408,2,4
497402,497408,497409,1,6
497402,497406,497408,2,4
497402,497406,497408,2,4
497402,497406,497408,2,4
497402,497406,497408,2,4
497402,497406,497408,2,4
497402,497406,497408,2,4
497402,497406,497408,2,4
497402,497406,497408,2,4
497402,497406,497408,2,4
497402,497406,497408,2,4
497402,497406,497408,2,4
497402,497406,497408,2,4
497402,497406,497408,2,4
497402,497406,497408,2,4
497402,497406,497408,2,4
497402,497405,497408,3,3
497402,497406,497408,2,4
497402,497406,497408,2,4
497402,497406,497408,2,4
497402,497406,497408,2,4
497402,497406,497408,2,4
497402,497406,497408,2,4
497402,497407,497409,2,5
497402,497406,497408,2,4
497402,497406,497408,2,4
497402,497406,497408,2,4
497402,497407,497409,2,5
497402,497407,497409,2,5
497402,497408,497410,2,6
497402,497408,497410,2,6
497402,497408,497409,1,6
497402,497408,497409,1,6
497402,497407,497409,2,5
497402,497408,497410,2,6
497402,497408,497409,1,6
497402,497408,497409,1,6
497402,497409,497411,2,7
497402,497409,497410,1,7
497402,497409,497411,2,7
497402,497408,497410,2,6
497402,497408,497410,2,6
497402,497408,497410,2,6
497402,497408,497410,2,6
497402,497408,497410,2,6
497402,497408,497410,2,6
497402,497408,497410,2,6
497402,497408,497410,2,6
497402,497408,497410,2,6
497402,497408,497410,2,6
497402,497408,497410,2,6
497402,497408,497410,2,6
497402,497408,497410,2,6
497402,497408,497410,2,6
497402,497408,497410,2,6
497402,497408,497410,2,6
497402,497408,497410,2,6
497402,497409,497411,2,7
497402,497409,497411,2,7
497402,497409,497411,2,7
497402,497409,497411,2,7
497402,497409,497411,2,7
497402,497409,497411,2,7
497420,497420,497421,1,0
497420,497420,497421,1,0
497420,497420,497422,2,0
497420,497420,497422,2,0
497420,497420,497422,2,0
497420,497420,497421,1,0
497420,497420,497422,2,0
497420,497420,497421,1,0
497420,497420,497421,1,0
497420,497420,497422,2,0
497420,497420,497422,2,0
497420,497420,497422,2,0
497420,497420,497422,2,0
497420,497420,497422,2,0
497420,497420,497422,2,0
497420,497420,497422,2,0
497420,497420,497423,3,0
497420,497420,497423,3,0
497420,497420,497422,2,0
497420,497420,497422,2,0
497420,497420,497422,2,0
497420,497420,497422,2,0
497420,497420,497422,2,0
497420,497420,497422,2,0
497420,497420,497423,3,0
497420,497420,497422,2,0
497420,497420,497422,2,0
497420,497420,497422,2,0
497420,497420,497422,2,0
497420,497420,497422,2,0
497420,497420,497422,2,0
497420,497420,497422,2,0
497420,497420,497422,2,0
497420,497420,497422,2,0
497420,497420,497422,2,0
497420,497420,497422,2,0
497420,497420,497422,2,0
497420,497420,497422,2,0
497420,497420,497423,3,0
497420,497420,497422,2,0
497420,497420,497422,2,0
497420,497420,497422,2,0
497420,497420,497422,2,0
497420,497420,497422,2,0
497420,497420,497422,2,0
497420,497420,497423,3,0
497420,497420,497422,2,0
497420,497420,497423,3,0
497420,497420,497422,2,0
497420,497420,497422,2,0
497420,497420,497422,2,0
497420,497420,497422,2,0
497420,497420,497422,2,0
497420,497420,497423,3,0
497420,497420,497422,2,0
497420,497420,497422,2,0
497420,497420,497422,2,0
497420,497420,497422,2,0
497420,497420,497422,2,0
497420,497420,497422,2,0
497420,497420,497423,3,0
497420,497420,497422,2,0
497420,497420,497422,2,0
497420,497420,497422,2,0
497420,497420,497422,2,0
497420,497420,497422,2,0
497420,497420,497422,2,0
497420,497420,497423,3,0
497420,497420,497422,2,0
497420,497420,497422,2,0
497420,497420,497422,2,0
497420,497420,497422,2,0
497420,497420,497423,3,0
497420,497420,497423,3,0
497420,497420,497422,2,0
497420,497420,497422,2,0
497420,497420,497422,2,0
497420,497420,497422,2,0
497420,497420,497423,3,0
497420,497420,497423,3,0
497420,497422,497424,2,2
497420,497422,497424,2,2
497420,497422,497424,2,2
497420,497422,497424,2,2
497420,497422,497424,2,2
497420,497422,497424,2,2
497420,497422,497424,2,2
497420,497422,497424,2,2
497420,497422,497424,2,2
497420,497423,497425,2,3
497420,497423,497425,2,3
497420,497423,497425,2,3
497420,497423,497425,2,3
497420,497423,497425,2,3
497420,497423,497425,2,3
497420,497423,497425,2,3
497420,497423,497425,2,3
497420,497423,497425,2,3
497420,497423,497425,2,3
497420,497423,497425,2,3
497420,497423,497425,2,3
497420,497423,497425,2,3
497420,497423,497425,2,3
497420,497423,497425,2,3
497420,497423,497425,2,3
497420,497422,497424,2,2
497420,497423,497425,2,3
497420,497423,497425,2,3
497420,497423,497425,2,3
497420,497423,497425,2,3
497420,497423,497425,2,3
497420,497423,497425,2,3
497420,497423,497425,2,3
497420,497423,497425,2,3
497420,497423,497426,3,3
497420,497423,497426,3,3
497420,497423,497425,2,3
497420,497423,497426,3,3
497420,497423,497426,3,3
497420,497423,497425,2,3
497420,497423,497425,2,3
497420,497423,497425,2,3
497420,497423,497425,2,3
497420,497423,497425,2,3
497420,497424,497425,1,4
497420,497424,497426,2,4
497420,497423,497426,3,3
497420,497423,497426,3,3
497420,497423,497426,3,3
497420,497423,497425,2,3
497420,497423,497426,3,3
497420,497423,497426,3,3
497420,497423,497426,3,3
497420,497423,497425,2,3
497420,497423,497426,3,3
497420,497423,497426,3,3
497420,497423,497426,3,3
497420,497423,497426,3,3
497420,497423,497425,2,3
497420,497423,497426,3,3
497420,497423,497426,3,3
497420,497423,497426,3,3
497420,497423,497426,3,3
497420,497423,497426,3,3
497420,497423,497426,3,3
497420,497423,497426,3,3
497420,497423,497426,3,3
497420,497423,497425,2,3
497420,497423,497426,3,3
497420,497423,497426,3,3
497420,497423,497426,3,3
497420,497423,497426,3,3
497420,497423,497426,3,3
497420,497423,497426,3,3
497420,497423,497426,3,3
497420,497423,497426,3,3
497420,497423,497426,3,3
497420,497423,497426,3,3
497420,497423,497425,2,3
497420,497423,497426,3,3
497420,497423,497425,2,3
497420,497425,497427,2,5
497420,497425,497427,2,5
497420,497425,497427,2,5
497420,497425,497427,2,5
497420,497425,497427,2,5
497420,497425,497427,2,5
497420,497424,497426,2,4
497420,497425,497427,2,5
497420,497425,497427,2,5
497420,497423,497426,3,3
497420,497425,497427,2,5
497420,497425,497427,2,5
497420,497424,497426,2,4
497420,497425,497427,2,5
497420,497425,497427,2,5
497420,497425,497427,2,5
497420,497425,497427,2,5
497420,497424,497427,3,4
497420,497424,497427,3,4
497420,497425,497427,2,5
497420,497424,497427,3,4
497420,497424,497427,3,4
497420,497424,497427,3,4
497420,497425,497427,2,5
497420,497425,497427,2,5
497420,497426,497427,1,6
497420,497425,497428,3,5
497420,497425,497428,3,5
497420,497426,497428,2,6
497420,497426,497428,2,6
497420,497426,497428,2,6
497420,497426,497428,2,6
497420,497426,497428,2,6
497420,497426,497428,2,6
497420,497426,497428,2,6
497420,497425,497428,3,5
497420,497425,497428,3,5
497420,497425,497428,3,5
497420,497425,497428,3,5
497436,497436,497438,2,0
497436,497436,497438,2,0
497436,497436,497438,2,0
497436,497436,497438,2,0
497436,497436,497438,2,0
497436,497436,497438,2,0
497436,497436,497438,2,0
497436,497436,497438,2,0
497436,497436,497439,3,0
497436,497436,497438,2,0
497436,497436,497439,3,0
497436,497436,497438,2,0
497436,497436,497439,3,0
497436,497436,497438,2,0
497436,497436,497439,3,0
497436,497436,497438,2,0
497436,497436,497438,2,0
497436,497436,497438,2,0
497436,497436,497438,2,0
497436,497436,497439,3,0
497436,497436,497438,2,0
497436,497436,497438,2,0
497436,497436,497439,3,0
497436,497437,497438,1,1
497436,497436,497439,3,0
497436,497436,497439,3,0
497436,497436,497439,3,0
497436,497436,497439,3,0
497436,497436,497439,3,0
497436,497437,497439,2,1
497436,497437,497439,2,1
497436,497437,497439,2,1
497436,497436,497439,3,0
497436,497436,497439,3,0
497436,497436,497439,3,0
497436,497436,497439,3,0
497436,497436,497439,3,0
497436,497436,497439,3,0
497436,497437,497439,2,1
497436,497437,497439,2,1
497436,497436,497439,3,0
497436,497436,497439,3,0
497436,497436,497439,3,0
497436,497436,497439,3,0
497436,497436,497439,3,0
497436,497437,497440,3,1
497436,497437,497439,2,1
497436,497436,497439,3,0
497436,497436,497439,3,0
497436,497436,497439,3,0
497436,497436,497439,3,0
497436,497437,497439,2,1
497436,497437,497439,2,1
497436,497436,497439,3,0
497436,497436,497439,3,0
497436,497436,497439,3,0
497436,497437,497439,2,1
497436,497437,497440,3,1
497436,497437,497439,2,1
497436,497436,497439,3,0
497436,497436,497439,3,0
497436,497436,497439,3,0
497436,497437,497439,2,1
497436,497437,497439,2,1
497436,497437,497439,2,1
497436,497436,497439,3,0
497436,497436,497439,3,0
497436,497437,497439,2,1
497436,497437,497439,2,1
497436,497436,497439,3,0
497436,497437,497439,2,1
497436,497437,497439,2,1
497436,497437,497439,2,1
497436,497436,497439,3,0
497436,497436,497439,3,0
497436,497437,497439,2,1
497436,497437,497439,2,1
497436,497436,497439,3,0
497436,497437,497439,2,1
497436,497437,497439,2,1
497436,497439,497440,1,3
497436,497439,497440,1,3
497436,497439,497441,2,3
497436,497439,497441,2,3
497436,497439,497441,2,3
497436,497439,497440,1,3
497436,497439,497441,2,3
497436,497439,497440,1,3
497436,497439,497441,2,3
497436,497439,497441,2,3
497436,497439,497441,2,3
497436,497439,497441,2,3
497436,497439,497441,2,3
497436,497439,497441,2,3
497436,497439,497441,2,3
497436,497439,497440,1,3
497436,497439,497441,2,3
497436,497439,497440,1,3
497436,497439,497440,1,3
497436,497439,497440,1,3
497436,497439,497440,1,3
497436,497440,497441,1,4
497436,497440,497441,1,4
497436,497440,497442,2,4
497436,497440,497442,2,4
497436,497440,497442,2,4
497436,497440,497442,2,4
497436,497440,497441,1,4
497436,497440,497441,1,4
497436,497440,497442,2,4
497436,497440,497442,2,4
497436,497440,497441,1,4
497436,497440,497442,2,4
497436,497440,497442,2,4
497436,497440,497441,1,4
497436,497440,497441,1,4
497436,497440,497442,2,4
497436,497440,497441,1,4
497436,497440,497442,2,4
497436,497439,497441,2,3
497436,497439,497441,2,3
497436,497439,497441,2,3
497436,497440,497441,1,4
497436,497440,497442,2,4
497436,497440,497442,2,4
497436,497440,497442,2,4
497436,497440,497442,2,4
497436,497440,497442,2,4
497436,497440,497442,2,4
497436,497440,497442,2,4
497436,497440,497442,2,4
497436,497440,497442,2,4
497436,497440,497442,2,4
497436,497440,497442,2,4
497436,497440,497442,2,4
497436,497440,497442,2,4
497436,497440,497442,2,4
497436,497440,497442,2,4
497436,497440,497442,2,4
497436,497440,497442,2,4
497436,497440,497441,1,4
497436,497440,497442,2,4
497436,497440,497442,2,4
497436,497440,497442,2,4
497436,497440,497442,2,4
497436,497440,497442,2,4
497436,497440,497442,2,4
497436,497440,497442,2,4
497436,497440,497441,1,4
497436,497440,497442,2,4
497436,497440,497442,2,4
497436,497442,497443,1,6
497436,497440,497442,2,4
497436,497440,497442,2,4
497436,497440,497442,2,4
497436,497440,497443,3,4
497436,497441,497442,1,5
497436,497441,497442,1,5
497436,497440,497442,2,4
497436,497440,497443,3,4
497436,497441,497442,1,5
497436,497440,497442,2,4
497436,497441,497442,1,5
497436,497441,497442,1,5
497436,497440,497443,3,4
497436,497441,497443,2,5
497436,497441,497442,1,5
497436,497440,497442,2,4
497436,497441,497442,1,5
497436,497441,497442,1,5
497436,497441,497443,2,5
497436,497441,497443,2,5
497436,497441,497443,2,5
497436,497441,497443,2,5
497436,497441,497443,2,5
497436,497441,497442,1,5
497436,497441,497443,2,5
497436,497441,497443,2,5
497436,497441,497443,2,5
497436,497441,497443,2,5
497436,497441,497443,2,5
497436,497441,497443,2,5
497436,497442,497443,1,6
497436,497442,497443,1,6
497436,497442,497444,2,6
497436,497442,497444,2,6
497436,497442,497443,1,6
497436,497442,497444,2,6
497436,497442,497444,2,6
497436,497442,497443,1,6
497436,497442,497443,1,6
497436,497442,497443,1,6
497436,497442,497443,1,6
497436,497442,497443,1,6
497436,497442,497443,1,6
497436,497442,497444,2,6
497436,497442,497444,2,6
497436,497442,497443,1,6
497436,497442,497443,1,6
497436,497442,497444,2,6
497452,497452,497453,1,0
497452,497452,497453,1,0
497452,497452,497454,2,0
497452,497452,497454,2,0
497452,497452,497453,1,0
497452,497452,497454,2,0
497452,497452,497453,1,0
497452,497452,497454,2,0
497452,497452,497453,1,0
497452,497452,497453,1,0
497452,497452,497453,1,0
497452,497452,497454,2,0
497452,497452,497453,1,0
497452,497452,497453,1,0
497452,497452,497453,1,0
497452,497452,497454,2,0
497452,497452,497454,2,0
497452,497452,497453,1,0
497452,497452,497453,1,0
497452,497452,497453,1,0
497452,497452,497454,2,0
497452,497452,497454,2,0
497452,497452,497454,2,0
497452,497452,497453,1,0
497452,497452,497454,2,0
497452,497452,497454,2,0
497452,497452,497454,2,0
497452,497452,497454,2,0
497452,497452,497453,1,0
497452,497452,497454,2,0
497452,497452,497454,2,0
497452,497452,497454,2,0
497452,497452,497454,2,0
497452,497452,497453,1,0
497452,497452,497454,2,0
497452,497452,497454,2,0
497452,497452,497453,1,0
497452,497452,497453,1,0
497452,497452,497454,2,0
497452,497452,497454,2,0
497452,497452,497454,2,0
497452,497452,497454,2,0
497452,497452,497454,2,0
497452,497452,497454,2,0
497452,497452,497454,2,0
497452,497452,497454,2,0
497452,497452,497454,2,0
497452,497452,497454,2,0
497452,497452,497454,2,0
497452,497452,497454,2,0
497452,497452,497454,2,0
497452,497452,497454,2,0
497452,497452,497454,2,0
497452,497452,497454,2,0
497452,497452,497454,2,0
497452,497454,497455,1,2
497452,497452,497454,2,0
497452,497452,497454,2,0
497452,497452,497454,2,0
497452,497452,497454,2,0
497452,497452,497454,2,0
497452,497452,497454,2,0
497452,497452,497454,2,0
497452,497452,497454,2,0
497452,497452,497454,2,0
497452,497452,497454,2,0
497452,497452,497454,2,0
497452,497452,497454,2,0
497452,497452,497454,2,0
497452,497452,497454,2,0
497452,497452,497454,2,0
497452,497452,497454,2,0
497452,497452,497454,2,0
497452,497452,497454,2,0
497452,497452,497454,2,0
497452,497452,497454,2,0
497452,497452,497454,2,0
497452,497452,497454,2,0
497452,497452,497454,2,0
497452,497452,497454,2,0
497452,497452,497454,2,0
497452,497454,497455,1,2
497452,497454,497455,1,2
497452,497454,497455,1,2
497452,497455,497456,1,3
497452,497454,497455,1,2
497452,497454,497455,1,2
497452,497454,497455,1,2
497452,497454,497455,1,2
497452,497454,497455,1,2
497452,497454,497455,1,2
497452,497454,497455,1,2
497452,497454,497456,2,2
497452,497454,497455,1,2
497452,497454,497456,2,2
497452,497454,497456,2,2
497452,497454,497456,2,2
497452,497454,497456,2,2
497452,497454,497456,2,2
497452,497454,497456,2,2
497452,497454,497456,2,2
497452,497454,497456,2,2
497452,497454,497456,2,2
497452,497454,497455,1,2
497452,497454,497456,2,2
497452,497454,497456,2,2
497452,497454,497456,2,2
497452,497454,497456,2,2
497452,497454,497456,2,2
497452,497454,497456,2,2
497452,497454,497456,2,2
497452,497454,497456,2,2
497452,497454,497456,2,2
497452,497454,497455,1,2
497452,497454,497456,2,2
497452,497454,497456,2,2
497452,497454,497456,2,2
497452,497454,497456,2,2
497452,497454,497456,2,2
497452,497454,497456,2,2
497452,497454,497456,2,2
497452,497455,497456,1,3
497452,497455,497456,1,3
497452,497455,497456,1,3
497452,497455,497456,1,3
497452,497455,497456,1,3
497452,497455,497457,2,3
497452,497455,497456,1,3
497452,497455,497457,2,3
497452,497455,497456,1,3
497452,497455,497456,1,3
497452,497455,497456,1,3
497452,497455,497457,2,3
497452,497455,497457,2,3
497452,497455,497457,2,3
497452,497455,497457,2,3
497452,497456,497457,1,4
497452,497456,497457,1,4
497452,497455,497457,2,3
497452,497455,497457,2,3
497452,497455,497457,2,3
497452,497455,497457,2,3
497452,497455,497457,2,3
497452,497456,497457,1,4
497452,497455,497456,1,3
497452,497455,497457,2,3
497452,497455,497457,2,3
497452,497455,497457,2,3
497452,497455,497457,2,3
497452,497455,497456,1,3
497452,497455,497457,2,3
497452,497455,497457,2,3
497452,497455,497456,1,3
497452,497455,497457,2,3
497452,497455,497457,2,3
497452,497455,497457,2,3
497452,497455,497456,1,3
497452,497455,497457,2,3
497452,497455,497456,1,3
497452,497455,497457,2,3
497452,497455,497457,2,3
497452,497455,497456,1,3
497452,497455,497456,1,3
497452,497455,497457,2,3
497452,497456,497457,1,4
497452,497456,497457,1,4
497452,497456,497457,1,4
497452,497456,497457,1,4
497452,497456,497457,1,4
497452,497456,497457,1,4
497452,497456,497457,1,4
497452,497456,497458,2,4
497452,497456,497458,2,4
497452,497456,497458,2,4
497452,497456,497457,1,4
497452,497456,497457,1,4
497452,497456,497458,2,4
497452,497456,497458,2,4
497452,497456,497458,2,4
497452,497456,497458,2,4
497452,497456,497457,1,4
497452,497456,497458,2,4
497452,497456,497458,2,4
497452,497456,497458,2,4
497452,497456,497458,2,4
497452,497456,497457,1,4
497452,497456,497458,2,4
497452,497456,497458,2,4
497452,497456,497458,2,4
497452,497456,497458,2,4
497452,497456,497458,2,4
497452,497456,497458,2,4
497452,497456,497458,2,4
497452,497456,497458,2,4
497452,497456,497458,2,4
497452,497456,497458,2,4
497452,497456,497458,2,4
497452,497456,497458,2,4
497452,497456,497458,2,4
497452,497456,497458,2,4
497466,497466,497467,1,0
497466,497466,497467,1,0
497466,497466,497467,1,0
497466,497466,497467,1,0
497466,497466,497467,1,0
497466,497466,497467,1,0
497466,497466,497467,1,0
497466,497466,497467,1,0
497466,497466,497467,1,0
497466,497466,497467,1,0
497466,497466,497467,1,0
497466,497466,497467,1,0
497466,497466,497467,1,0
497466,497466,497467,1,0
497466,497466,497467,1,0
497466,497466,497467,1,0
497466,497466,497467,1,0
497466,497466,497467,1,0
497466,497466,497467,1,0
497466,497466,497467,1,0
497466,497466,497467,1,0
497466,497466,497467,1,0
497466,497466,497467,1,0
497466,497466,497467,1,0
497466,497466,497467,1,0
497466,497466,497467,1,0
497466,497466,497467,1,0
497466,497466,497467,1,0
497466,497466,497467,1,0
497466,497466,497467,1,0
497466,497466,497467,1,0
497466,497466,497467,1,0
497466,497466,497467,1,0
497466,497466,497467,1,0
497466,497466,497467,1,0
497466,497466,497467,1,0
497466,497466,497467,1,0
497466,497466,497467,1,0
497466,497466,497467,1,0
497466,497466,497467,1,0
497466,497466,497467,1,0
497466,497466,497467,1,0
497466,497466,497467,1,0
497466,497466,497467,1,0
497466,497466,497467,1,0
497466,497466,497467,1,0
497466,497466,497468,2,0
497466,497466,497467,1,0
497466,497466,497467,1,0
497466,497466,497467,1,0
497466,497466,497467,1,0
497466,497466,497467,1,0
497466,497466,497467,1,0
497466,497466,497468,2,0
497466,497466,497467,1,0
497466,497466,497467,1,0
497466,497466,497467,1,0
497466,497466,497467,1,0
497466,497466,497467,1,0
497466,497466,497467,1,0
497466,497466,497467,1,0
497466,497466,497467,1,0
497466,497466,497467,1,0
497466,497466,497467,1,0
497466,497466,497467,1,0
497466,497466,497467,1,0
497466,497466,497467,1,0
497466,497466,497467,1,0
497466,497466,497467,1,0
497466,497466,497467,1,0
497466,497466,497467,1,0
497466,497466,497467,1,0
497466,497466,497467,1,0
497466,497466,497467,1,0
497466,497466,497467,1,0
497466,497466,497468,2,0
497466,497468,497469,1,2
497466,497468,497469,1,2
497466,497468,497469,1,2
497466,497468,497469,1,2
497466,497468,497469,1,2
497466,497468,497469,1,2
497466,497468,497469,1,2
497466,497466,497468,2,0
497466,497468,497469,1,2
497466,497468,497469,1,2
497466,497468,497469,1,2
497466,497468,497469,1,2
497466,497468,497469,1,2
497466,497468,497469,1,2
497466,497468,497469,1,2
497466,497468,497469,1,2
497466,497468,497469,1,2
497466,497468,497469,1,2
497466,497468,497469,1,2
497466,497468,497469,1,2
497466,497466,497468,2,0
497466,497468,497469,1,2
497466,497468,497469,1,2
497466,497468,497469,1,2
497466,497468,497469,1,2
497466,497468,497469,1,2
497466,497468,497469,1,2
497466,497468,497469,1,2
497466,497468,497469,1,2
497466,497468,497469,1,2
497466,497468,497469,1,2
497466,497468,497469,1,2
497466,497468,497469,1,2
497466,497468,497469,1,2
497466,497468,497469,1,2
497466,497468,497469,1,2
497466,497468,497469,1,2
497466,497468,497469,1,2
497466,497468,497469,1,2
497466,497468,497469,1,2
497466,497468,497469,1,2
497466,497468,497469,1,2
497466,497468,497469,1,2
497466,497468,497469,1,2
497466,497468,497469,1,2
497466,497468,497469,1,2
497466,497468,497469,1,2
497466,497468,497469,1,2
497466,497468,497469,1,2
497466,497468,497469,1,2
497466,497468,497469,1,2
497466,497468,497469,1,2
497466,497468,497469,1,2
497466,497468,497469,1,2
497466,497468,497469,1,2
497466,497468,497469,1,2
497466,497468,497469,1,2
497466,497468,497469,1,2
497466,497468,497469,1,2
497466,497468,497469,1,2
497466,497468,497469,1,2
497466,497468,497469,1,2
497466,497468,497469,1,2
499306,499306,499556,250,0
504274,504274,504531,257,0
549188,549189,549436,247,1
555594,555594,555595,1,0
555599,555599,555600,1,0
555604,555604,555605,1,0
555609,555609,555610,1,0
555614,555614,555615,1,0
555619,555619,555620,1,0
555635,555635,555636,1,0
555690,555690,555691,1,0
555698,555698,555699,1,0
555700,555700,555701,1,0
555702,555702,555703,1,0
555718,555718,555719,1,0
555720,555720,555721,1,0
555722,555722,555723,1,0
555724,555724,555725,1,0
555729,555729,555730,1,0
555754,555754,555755,1,0
555767,555767,555768,1,0
555772,555772,555773,1,0
555777,555777,555778,1,0
555782,555782,555783,1,0
555787,555787,555788,1,0
555792,555792,555793,1,0
555802,555802,555803,1,0
555819,555819,555820,1,0
555854,555854,555855,1,0
555874,555874,555875,1,0
555876,555876,555877,1,0
555889,555889,555890,1,0
555894,555894,555895,1,0
555914,555914,555915,1,0
555922,555922,555923,1,0
555944,555944,555945,1,0
555959,555959,555960,1,0
555964,555964,555965,1,0
555974,555974,555975,1,0
555984,555984,555985,1,0
555989,555989,555990,1,0
555999,555999,556000,1,0
556004,556004,556005,1,0
556009,556009,556010,1,0
556014,556014,556015,1,0
556069,556069,556321,252,0
559118,559119,559517,398,1
570772,570772,571257,485,0
572024,572025,572235,210,1
572679,572679,573103,424,0
587410,587411,587677,266,1
589010,589010,589459,449,0
592875,592875,592876,1,0
592876,592876,592877,1,0
592877,592877,592878,1,0
592877,592877,592878,1,0
592878,592878,592879,1,0
592879,592879,592880,1,0
592880,592880,592881,1,0
592880,592880,592881,1,0
592881,592881,592882,1,0
592882,592882,592883,1,0
592883,592883,592884,1,0
592883,592883,592884,1,0
592884,592884,592885,1,0
592885,592885,592886,1,0
592886,592886,592887,1,0
592886,592886,592887,1,0
592887,592887,592888,1,0
592888,592888,592889,1,0
592889,592889,592890,1,0
592889,592889,592890,1,0
592890,592890,592891,1,0
592891,592891,592892,1,0
592891,592891,592892,1,0
592892,592892,592893,1,0
592893,592893,592894,1,0
592894,592894,592895,1,0
592895,592895,592896,1,0
592894,592894,592896,2,0
592896,592896,592897,1,0
592897,592897,592898,1,0
592898,592898,592899,1,0
592899,592899,592900,1,0
592900,592900,592901,1,0
592899,592900,592901,1,1
592901,592901,592902,1,0
592901,592901,592902,1,0
592903,592903,592904,1,0
592902,592902,592903,1,0
592903,592903,592904,1,0
592904,592904,592905,1,0
592905,592905,592906,1,0
592905,592905,592906,1,0
592906,592906,592907,1,0
592908,592908,592909,1,0
592907,592907,592908,1,0
592908,592908,592909,1,0
592909,592909,592910,1,0
592910,592910,592911,1,0
592910,592910,592911,1,0
592911,592911,592912,1,0
592913,592913,592914,1,0
592912,592912,592913,1,0
592914,592914,592915,1,0
592915,592915,592916,1,0
592916,592916,592917,1,0
592917,592917,592918,1,0
592917,592917,592918,1,0
592918,592918,592919,1,0
592919,592919,592920,1,0
592919,592919,592920,1,0
592920,592920,592921,1,0
592921,592921,592922,1,0
592922,592922,592923,1,0
592923,592923,592924,1,0
592924,592924,592925,1,0
592924,592924,592925,1,0
592925,592925,592926,1,0
592926,592926,592927,1,0
592926,592926,592927,1,0
592927,592927,592928,1,0
592928,592928,592929,1,0
592928,592928,592929,1,0
592929,592929,592930,1,0
592930,592930,592931,1,0
592931,592931,592932,1,0
592932,592932,592933,1,0
592932,592932,592933,1,0
592933,592933,592934,1,0
592935,592935,592936,1,0
592934,592934,592935,1,0
592935,592935,592936,1,0
592936,592936,592937,1,0
592937,592937,592938,1,0
592937,592937,592938,1,0
592938,592938,592939,1,0
592940,592940,592941,1,0
592939,592939,592940,1,0
592941,592941,592942,1,0
592941,592941,592942,1,0
592942,592942,592943,1,0
592943,592943,592944,1,0
592944,592944,592945,1,0
592945,592945,592946,1,0
592944,592944,592946,2,0
592946,592946,592947,1,0
592946,592946,592947,1,0
592947,592947,592948,1,0
592948,592948,592949,1,0
592949,592949,592950,1,0
592950,592950,592951,1,0
592950,592950,592951,1,0
592951,592951,592952,1,0
592952,592952,592953,1,0
592953,592953,592954,1,0
592952,592952,592954,2,0
592954,592954,592955,1,0
592955,592955,592956,1,0
592955,592955,592956,1,0
592956,592956,592957,1,0
592957,592957,592958,1,0
592958,592958,592959,1,0
592957,592957,592959,2,0
592959,592959,592960,1,0
592959,592959,592960,1,0
592960,592960,592961,1,0
592961,592961,592962,1,0
592962,592962,592963,1,0
592963,592963,592964,1,0
592963,592963,592964,1,0
592964,592964,592965,1,0
592965,592965,592966,1,0
592966,592966,592967,1,0
592965,592965,592966,1,0
592967,592967,592968,1,0
592968,592968,592969,1,0
592969,592969,592970,1,0
592970,592970,592971,1,0
592972,592972,592973,1,0
592971,592971,592973,2,0
592973,592973,592974,1,0
592972,592973,592974,1,1
592974,592974,592975,1,0
592974,592974,592975,1,0
592976,592976,592977,1,0
592975,592975,592976,1,0
592977,592977,592978,1,0
592976,592976,592977,1,0
592978,592978,592979,1,0
592978,592978,592979,1,0
592979,592979,592980,1,0
592981,592981,592982,1,0
592980,592980,592981,1,0
592982,592982,592983,1,0
592981,592981,592983,2,0
592983,592983,592984,1,0
592983,592983,592984,1,0
592984,592984,592985,1,0
592986,592986,592987,1,0
592985,592985,592986,1,0
592987,592987,592988,1,0
592987,592987,592988,1,0
592988,592988,592989,1,0
592990,592990,592991,1,0
592989,592989,592990,1,0
592991,592991,592992,1,0
592990,592990,592992,2,0
592992,592992,592993,1,0
592992,592992,592993,1,0
592993,592993,592994,1,0
592995,592995,592996,1,0
592994,592994,592995,1,0
592996,592996,592997,1,0
592996,592996,592997,1,0
592997,592997,592998,1,0
592999,592999,593000,1,0
592998,592998,592999,1,0
593000,593000,593001,1,0
592999,592999,593001,2,0
593001,593001,593002,1,0
593001,593001,593002,1,0
593003,593003,593004,1,0
593002,593002,593003,1,0
593004,593004,593005,1,0
593003,593003,593004,1,0
593005,593005,593006,1,0
593005,593005,593006,1,0
593006,593006,593007,1,0
593006,593006,593007,1,0
593008,593008,593009,1,0
593007,593007,593008,1,0
593009,593009,593010,1,0
593008,593008,593010,2,0
593010,593010,593011,1,0
593010,593010,593011,1,0
593011,593011,593012,1,0
593012,593012,593013,1,0
593013,593013,593014,1,0
593014,593014,593015,1,0
593014,593014,593015,1,0
593015,593015,593016,1,0
593017,593017,593018,1,0
593016,593016,593017,1,0
593017,593017,593018,1,0
593018,593018,593019,1,0
593019,593019,593020,1,0
593019,593019,593020,1,0
593020,593020,593021,1,0
593021,593021,593022,1,0
593022,593022,593023,1,0
593021,593021,593022,1,0
593023,593023,593024,1,0
593024,593024,593025,1,0
593025,593025,593026,1,0
593026,593026,593027,1,0
593027,593027,593028,1,0
593026,593026,593028,2,0
593028,593028,593029,1,0
593028,593028,593029,1,0
593029,593029,593030,1,0
593030,593030,593031,1,0
593031,593031,593032,1,0
593032,593032,593033,1,0
593032,593032,593033,1,0
593033,593033,593034,1,0
593035,593035,593036,1,0
593034,593034,593035,1,0
593035,593035,593036,1,0
593036,593036,593037,1,0
593037,593037,593038,1,0
593037,593037,593038,1,0
593038,593038,593039,1,0
593040,593040,593041,1,0
593039,593039,593040,1,0
593041,593041,593042,1,0
593042,593042,593043,1,0
593043,593043,593044,1,0
593044,593044,593045,1,0
593045,593045,593046,1,0
593044,593044,593046,2,0
593046,593046,593047,1,0
593046,593046,593047,1,0
593048,593048,593049,1,0
593047,593047,593048,1,0
593048,593048,593049,1,0
593049,593049,593050,1,0
593050,593050,593051,1,0
593050,593050,593051,1,0
593051,593051,593052,1,0
593053,593053,593054,1,0
593052,593052,593053,1,0
593053,593053,593054,1,0
593054,593054,593055,1,0
593055,593055,593056,1,0
593055,593055,593056,1,0
593056,593056,593057,1,0
593057,593057,593058,1,0
593058,593058,593059,1,0
593057,593057,593058,1,0
593059,593059,593060,1,0
593060,593060,593061,1,0
593062,593062,593063,1,0
593061,593061,593062,1,0
593063,593063,593064,1,0
593063,593063,593064,1,0
593064,593064,593065,1,0
593066,593066,593067,1,0
593065,593065,593066,1,0
593067,593067,593068,1,0
593066,593067,593068,1,1
593068,593068,593069,1,0
593070,593070,593071,1,0
593069,593069,593070,1,0
593071,593071,593072,1,0
593070,593071,593072,1,1
593072,593072,593073,1,0
593072,593072,593073,1,0
593073,593073,593074,1,0
593074,593074,593075,1,0
593075,593075,593076,1,0
593074,593074,593076,2,0
593076,593076,593077,1,0
593076,593076,593077,1,0
593077,593077,593078,1,0
593078,593078,593079,1,0
593079,593079,593080,1,0
593080,593080,593081,1,0
593080,593080,593081,1,0
593081,593081,593082,1,0
593083,593083,593084,1,0
593082,593082,593083,1,0
593084,593084,593085,1,0
593085,593085,593086,1,0
593085,593085,593086,1,0
593086,593086,593087,1,0
593087,593087,593088,1,0
593088,593088,593089,1,0
593087,593087,593089,2,0
593089,593089,593090,1,0
593089,593089,593090,1,0
593090,593090,593091,1,0
593091,593091,593092,1,0
593091,593091,593092,1,0
593092,593092,593093,1,0
593093,593093,593094,1,0
593094,593094,593095,1,0
593095,593095,593096,1,0
593096,593096,593097,1,0
593097,593097,593098,1,0
593098,593098,593099,1,0
593099,593099,593100,1,0
593100,593100,593101,1,0
593100,593100,593101,1,0
593101,593101,593102,1,0
593102,593102,593103,1,0
593102,593102,593103,1,0
593103,593103,593104,1,0
593104,593104,593105,1,0
593105,593105,593106,1,0
593106,593106,593107,1,0
593107,593107,593108,1,0
593108,593108,593109,1,0
593109,593109,593110,1,0
593110,593110,593111,1,0
593111,593111,593112,1,0
593111,593111,593112,1,0
593112,593112,593113,1,0
593113,593113,593114,1,0
593113,593113,593114,1,0
593114,593114,593115,1,0
593115,593115,593116,1,0
593115,593115,593116,1,0
593116,593116,593117,1,0
593117,593117,593118,1,0
593118,593118,593119,1,0
593119,593119,593120,1,0
593120,593120,593121,1,0
593120,593120,593121,1,0
593121,593121,593122,1,0
593122,593122,593123,1,0
593123,593123,593124,1,0
593122,593122,593124,2,0
593124,593124,593125,1,0
593124,593124,593125,1,0
593126,593126,593127,1,0
593125,593125,593126,1,0
593126,593126,593127,1,0
593127,593127,593128,1,0
593128,593128,593129,1,0
593128,593128,593129,1,0
593129,593129,593130,1,0
593130,593130,593132,2,0
593131,593131,593132,1,0
593132,593132,593133,1,0
593133,593133,593134,1,0
593135,593135,593136,1,0
593134,593134,593135,1,0
593136,593136,593137,1,0
593136,593136,593137,1,0
593137,593137,593138,1,0
593138,593138,593139,1,0
593139,593139,593140,1,0
593140,593140,593141,1,0
593140,593140,593141,1,0
593141,593141,593142,1,0
593142,593142,593143,1,0
593143,593143,593144,1,0
593142,593142,593143,1,0
593144,593144,593145,1,0
593144,593144,593145,1,0
593146,593146,593147,1,0
593145,593145,593146,1,0
593146,593146,593148,2,0
593147,593147,593148,1,0
593148,593148,593149,1,0
593148,593148,593149,1,0
593149,593149,593150,1,0
593150,593150,593151,1,0
593151,593151,593152,1,0
593150,593150,593151,1,0
593152,593152,593153,1,0
593152,593152,593154,2,0
593153,593153,593154,1,0
593154,593154,593155,1,0
593155,593155,593156,1,0
593156,593156,593157,1,0
593157,593157,593158,1,0
593158,593158,593159,1,0
593158,593158,593159,1,0
593159,593159,593160,1,0
593160,593160,593161,1,0
593161,593161,593162,1,0
593160,593160,593161,1,0
593162,593162,593163,1,0
593163,593163,593164,1,0
593164,593164,593165,1,0
593165,593165,593166,1,0
593166,593166,593167,1,0
593165,593166,593167,1,1
593167,593167,593168,1,0
593167,593168,593169,1,1
593169,593169,593170,1,0
593168,593168,593169,1,0
593169,593169,593170,1,0
593171,593171,593172,1,0
593170,593170,593171,1,0
593171,593171,593172,1,0
593172,593172,593173,1,0
593173,593173,593174,1,0
593173,593173,593174,1,0
593174,593174,593175,1,0
593176,593176,593177,1,0
593175,593175,593177,2,0
593177,593177,593178,1,0
593178,593178,593179,1,0
593179,593179,593180,1,0
593180,593180,593181,1,0
593181,593181,593182,1,0
593181,593181,593182,1,0
593182,593182,593183,1,0
593184,593184,593185,1,0
593183,593183,593184,1,0
593184,593184,593185,1,0
593185,593185,593186,1,0
593186,593186,593187,1,0
593186,593186,593187,1,0
593187,593187,593188,1,0
593189,593189,593190,1,0
593188,593188,593189,1,0
593190,593190,593191,1,0
593191,593191,593192,1,0
593192,593192,593193,1,0
593193,593193,593194,1,0
593194,593194,593195,1,0
593193,593193,593195,2,0
593195,593195,593196,1,0
593195,593195,593196,1,0
593196,593196,593197,1,0
593197,593197,593198,1,0
593198,593198,593199,1,0
593199,593199,593200,1,0
593199,593199,593200,1,0
593200,593200,593201,1,0
593202,593202,593203,1,0
593201,593201,593202,1,0
593202,593202,593203,1,0
593203,593203,593204,1,0
593204,593204,593205,1,0
593204,593204,593205,1,0
593205,593205,593206,1,0
593206,593206,593207,1,0
593207,593207,593208,1,0
593206,593206,593208,2,0
593208,593208,593209,1,0
593208,593208,593209,1,0
593209,593209,593210,1,0
593211,593211,593212,1,0
593210,593210,593212,2,0
593212,593212,593213,1,0
593212,593212,593213,1,0
593213,593213,593214,1,0
593215,593215,593216,1,0
593214,593214,593215,1,0
593215,593216,593217,1,1
593216,593216,593217,1,0
593217,593217,593218,1,0
593218,593218,593219,1,0
593219,593219,593220,1,0
593220,593220,593221,1,0
593220,593220,593221,1,0
593221,593221,593222,1,0
593222,593222,593223,1,0
593223,593223,593224,1,0
593222,593222,593223,1,0
593224,593224,593225,1,0
593224,593224,593225,1,0
593225,593225,593226,1,0
593226,593226,593228,2,0
593227,593227,593228,1,0
593228,593228,593229,1,0
593228,593228,593229,1,0
593229,593229,593230,1,0
593230,593230,593231,1,0
593230,593230,593231,1,0
593231,593231,593232,1,0
593232,593232,593233,1,0
593233,593233,593234,1,0
593232,593232,593233,1,0
593234,593234,593235,1,0
593234,593234,593236,2,0
593235,593235,593236,1,0
593236,593236,593237,1,0
593237,593237,593238,1,0
593238,593238,593239,1,0
593238,593238,593239,1,0
593239,593239,593240,1,0
593240,593240,593241,1,0
593240,593240,593241,1,0
593241,593241,593242,1,0
593242,593242,593243,1,0
593243,593243,593244,1,0
593242,593242,593243,1,0
593244,593244,593245,1,0
593245,593245,593246,1,0
593246,593246,593247,1,0
593247,593247,593248,1,0
593248,593248,593249,1,0
593247,593248,593249,1,1
593249,593249,593250,1,0
593250,593250,593251,1,0
593249,593250,593251,1,1
593251,593251,593252,1,0
593251,593251,593252,1,0
593253,593253,593254,1,0
593252,593252,593253,1,0
593253,593253,593254,1,0
593254,593254,593255,1,0
593255,593255,593256,1,0
593255,593255,593256,1,0
593256,593256,593257,1,0
593257,593257,593258,1,0
593258,593258,593259,1,0
593257,593257,593258,1,0
593259,593259,593260,1,0
593260,593260,593261,1,0
593261,593261,593262,1,0
593262,593262,593263,1,0
593263,593263,593264,1,0
593263,593263,593264,1,0
593264,593264,593265,1,0
593265,593265,593266,1,0
593266,593266,593267,1,0
593265,593265,593266,1,0
593267,593267,593268,1,0
593268,593268,593269,1,0
593269,593269,593270,1,0
593270,593270,593271,1,0
593271,593271,593272,1,0
593271,593271,593272,1,0
593272,593272,593273,1,0
593273,593273,593274,1,0
593274,593274,593275,1,0
593275,593275,593276,1,0
593274,593275,593276,1,1
593276,593276,593277,1,0
593276,593276,593277,1,0
593278,593278,593279,1,0
593277,593277,593278,1,0
593278,593278,593279,1,0
593279,593279,593280,1,0
593280,593280,593281,1,0
593280,593280,593281,1,0
593281,593281,593282,1,0
593283,593283,593284,1,0
593282,593282,593283,1,0
593284,593284,593285,1,0
593285,593285,593286,1,0
593286,593286,593287,1,0
593287,593287,593288,1,0
593288,593288,593289,1,0
593288,593288,593289,1,0
593289,593289,593290,1,0
593289,593289,593290,1,0
593290,593290,593291,1,0
593291,593291,593292,1,0
593291,593291,593292,1,0
593292,593292,593293,1,0
593293,593293,593294,1,0
593293,593293,593294,1,0
593294,593294,593295,1,0
593295,593295,593296,1,0
593296,593296,593297,1,0
