submit_time,start_time,end_time,run_time,wait_time
33871,33871,38908,5037,0
33870,33870,38955,5085,0
33869,33869,39229,5360,0
41019,41019,46152,5133,0
41019,41019,46263,5244,0
41020,41020,46275,5255,0
121271,121271,129133,7862,0
121282,121282,129282,8000,0
121269,121269,129348,8079,0
121275,121275,129381,8106,0
121289,121289,129399,8110,0
121268,121268,129560,8292,0
121270,121270,129588,8318,0
121272,121272,129731,8459,0
121291,121291,129824,8533,0
121281,121281,129833,8552,0
121278,121278,129845,8567,0
121276,121276,129846,8570,0
121286,121286,130313,9027,0
121267,121268,130350,9082,1
121284,121284,130360,9076,0
121273,121273,130365,9092,0
132505,132507,132557,50,2
132561,132563,132595,32,2
132849,132851,132899,48,2
132903,132905,132948,43,2
121279,121279,132991,11712,0
121293,121293,133036,11743,0
133332,133335,133384,49,3
121270,121270,133429,12159,0
133388,133390,133431,41,2
121287,121287,133528,12241,0
133615,133618,133667,49,3
133671,133673,133723,50,2
133856,133857,134185,328,1
134126,134188,134261,73,62
134266,134269,134317,48,3
134390,134392,134443,51,2
134447,134449,134498,49,2
134598,134599,134648,49,1
134652,134653,134685,32,1
134759,134761,134809,48,2
134813,134815,134882,67,2
134968,134970,135018,48,2
135022,135024,135092,68,2
135155,135156,135205,49,1
135209,135210,135263,53,1
135420,135423,135472,49,3
135476,135478,135530,52,2
129734,129735,135967,6232,1
129284,129284,138142,8858,0
129135,129135,138293,9158,0
129563,129563,139040,9477,0
129354,129354,139075,9721,0
129590,129592,139156,9564,2
139493,139494,139543,49,1
139546,139548,139583,35,2
129383,129383,139619,10236,0
129402,129402,139631,10229,0
139690,139692,139745,53,2
139749,139751,139801,50,2
140339,140342,140390,48,3
140393,140396,140427,31,3
140571,140574,140622,48,3
140626,140629,140696,67,3
140754,140756,140777,21,2
140807,140808,140860,52,1
140865,140866,140916,50,1
140991,140993,141040,47,2
141045,141047,141079,32,2
141154,141156,141203,47,2
141207,141208,141456,248,1
141536,141537,141582,45,1
141630,141631,141679,48,1
141682,141683,141718,35,1
141794,141795,141843,48,1
141847,141848,141858,10,1
141916,141917,141966,49,1
141970,141971,141981,10,1
142792,142795,142842,47,3
142846,142849,142858,9,3
143694,143696,143743,47,2
143746,143748,143760,12,2
144107,144109,144157,48,2
144161,144163,144175,12,2
144325,144327,144375,48,2
144378,144381,144396,15,3
147282,147284,147551,267,2
147862,147864,147955,91,2
192527,192530,193067,537,3
193071,193072,194235,1163,1
196282,196284,196837,553,2
196858,196859,198001,1142,1
198938,198940,198970,30,2
199064,199066,199627,561,2
199670,199672,199701,29,2
199744,199746,199774,28,2
199806,199808,199889,81,2
199932,199933,199938,5,1
199953,199954,200075,121,1
200010,200077,200715,638,67
200721,200723,201388,665,2
201403,201406,201527,121,3
201530,201532,201534,2,2
202156,202158,202284,126,2
202290,202293,202312,19,3
202574,202577,202684,107,3
202694,202696,203663,967,2
203667,203668,203953,285,1
204622,204624,205314,690,2
205319,205321,206028,707,2
209360,209361,209935,574,1
209940,209942,210701,759,2
214008,214008,214021,13,0
214008,214008,214021,13,0
214008,214008,214021,13,0
214008,214008,214020,12,0
214008,214008,214020,12,0
214008,214008,214021,13,0
214008,214008,214021,13,0
214008,214008,214021,13,0
214008,214008,214021,13,0
214008,214008,214021,13,0
214008,214008,214022,14,0
214008,214008,214023,15,0
214008,214008,214023,15,0
214008,214008,214023,15,0
214008,214008,214022,14,0
214008,214008,214023,15,0
214008,214008,214023,15,0
214008,214008,214023,15,0
214008,214008,214022,14,0
214008,214008,214023,15,0
214008,214008,214023,15,0
214008,214008,214023,15,0
214008,214008,214024,16,0
214008,214008,214023,15,0
214008,214008,214024,16,0
214008,214008,214024,16,0
214008,214008,214024,16,0
214008,214008,214024,16,0
214008,214008,214024,16,0
214008,214008,214024,16,0
214008,214008,214023,15,0
214008,214008,214023,15,0
214008,214008,214024,16,0
214008,214008,214024,16,0
214008,214008,214024,16,0
214008,214008,214023,15,0
214008,214008,214024,16,0
214008,214008,214024,16,0
214008,214008,214025,17,0
214008,214008,214024,16,0
214008,214008,214024,16,0
214008,214008,214025,17,0
214008,214008,214025,17,0
214008,214008,214026,18,0
214008,214021,214032,11,13
214008,214021,214033,12,13
214008,214021,214033,12,13
214008,214021,214033,12,13
214008,214021,214033,12,13
214008,214021,214033,12,13
214008,214021,214034,13,13
214008,214022,214034,12,14
214008,214022,214034,12,14
214008,214021,214034,13,13
214008,214021,214033,12,13
214008,214023,214036,13,15
214008,214023,214035,12,15
214008,214023,214036,13,15
214008,214023,214036,13,15
214008,214023,214036,13,15
214008,214023,214037,14,15
214008,214023,214037,14,15
214008,214023,214037,14,15
214008,214024,214038,14,16
214008,214023,214038,15,15
214008,214024,214038,14,16
214008,214023,214038,15,15
214008,214024,214038,14,16
214008,214024,214038,14,16
214008,214023,214038,15,15
214008,214024,214038,14,16
214008,214024,214039,15,16
214008,214024,214039,15,16
214008,214024,214038,14,16
214008,214024,214039,15,16
214008,214024,214039,15,16
214008,214024,214039,15,16
214008,214025,214040,15,17
214008,214025,214040,15,17
214008,214025,214040,15,17
214008,214025,214041,16,17
214008,214024,214041,17,16
214008,214026,214041,15,18
214008,214024,214042,18,16
214008,214024,214042,18,16
214008,214024,214042,18,16
214008,214024,214042,18,16
214008,214026,214042,16,18
214008,214032,214044,12,24
214008,214033,214045,12,25
214008,214033,214045,12,25
214008,214033,214046,13,25
214008,214034,214046,12,26
214008,214034,214046,12,26
214008,214033,214046,13,25
214008,214034,214047,13,26
214008,214034,214047,13,26
214008,214034,214047,13,26
214008,214036,214048,12,28
214008,214033,214048,15,25
214008,214036,214049,13,28
214008,214036,214049,13,28
214008,214036,214050,14,28
214008,214039,214050,11,31
214008,214036,214051,15,28
214008,214038,214052,14,30
214008,214037,214052,15,29
214008,214038,214052,14,30
214008,214038,214052,14,30
214008,214040,214052,12,32
214008,214038,214052,14,30
214008,214038,214053,15,30
214008,214039,214053,14,31
214008,214038,214053,15,30
214008,214039,214053,14,31
214008,214039,214053,14,31
214008,214039,214054,15,31
214008,214039,214054,15,31
214008,214040,214054,14,32
214008,214040,214054,14,32
214008,214039,214055,16,31
214008,214042,214055,13,34
214008,214040,214055,15,32
214008,214040,214055,15,32
214008,214040,214056,16,32
214008,214042,214056,14,34
214008,214042,214056,14,34
214008,214045,214057,12,37
214008,214044,214057,13,36
214008,214046,214058,12,38
214008,214042,214058,16,34
214008,214042,214058,16,34
214008,214042,214058,16,34
214008,214047,214058,11,39
214008,214047,214058,11,39
214008,214047,214058,11,39
214008,214041,214059,18,33
214008,214042,214059,17,34
214008,214047,214059,12,39
214008,214048,214060,12,40
214008,214048,214060,12,40
214008,214049,214061,12,41
214008,214048,214060,12,40
214008,214049,214061,12,41
214008,214050,214062,12,42
214008,214050,214062,12,42
214008,214051,214063,12,43
214008,214051,214063,12,43
214008,214052,214066,14,44
214008,214053,214066,13,45
214008,214053,214067,14,45
214008,214052,214067,15,44
214008,214054,214067,13,46
214008,214053,214067,14,45
214008,214053,214067,14,45
214008,214054,214067,13,46
214008,214053,214067,14,45
214008,214054,214067,13,46
214008,214054,214068,14,46
214008,214054,214068,14,46
214008,214055,214069,14,47
214008,214055,214069,14,47
214008,214058,214069,11,50
214008,214058,214069,11,50
214008,214055,214070,15,47
214008,214056,214070,14,48
214008,214056,214070,14,48
214008,214059,214071,12,51
214008,214058,214070,12,50
214008,214059,214071,12,51
214008,214057,214071,14,49
214008,214057,214071,14,49
214008,214055,214070,15,47
214008,214057,214071,14,49
214008,214056,214071,15,48
214008,214059,214072,13,51
214008,214060,214071,11,52
214008,214056,214073,17,48
214008,214059,214072,13,51
214008,214061,214073,12,53
214008,214061,214073,12,53
214008,214061,214072,11,53
214008,214060,214073,13,52
214008,214059,214073,14,51
214008,214059,214073,14,51
214008,214060,214074,14,52
214008,214062,214074,12,54
214008,214061,214074,13,53
214008,214062,214074,12,54
214008,214063,214077,14,55
214008,214063,214077,14,55
214008,214064,214077,13,56
214008,214067,214081,14,59
214008,214067,214081,14,59
214008,214068,214082,14,60
214008,214068,214082,14,60
214008,214068,214082,14,60
214008,214068,214081,13,60
214008,214067,214081,14,59
214008,214068,214082,14,60
214138,214138,214151,13,0
214138,214138,214151,13,0
214138,214138,214151,13,0
214138,214138,214151,13,0
214138,214138,214151,13,0
214138,214138,214151,13,0
214138,214138,214150,12,0
214138,214138,214151,13,0
214138,214138,214151,13,0
214138,214138,214151,13,0
214138,214138,214151,13,0
214138,214138,214151,13,0
214138,214138,214151,13,0
214138,214138,214150,12,0
214138,214138,214151,13,0
214138,214138,214151,13,0
214138,214138,214152,14,0
214138,214138,214152,14,0
214138,214138,214152,14,0
214138,214138,214152,14,0
214138,214138,214152,14,0
214138,214138,214152,14,0
214138,214138,214151,13,0
214138,214138,214153,15,0
214138,214138,214153,15,0
214138,214138,214153,15,0
214138,214138,214152,14,0
214138,214138,214153,15,0
214138,214138,214153,15,0
214138,214138,214153,15,0
214138,214138,214153,15,0
214138,214138,214153,15,0
214138,214138,214154,16,0
214138,214138,214154,16,0
214138,214138,214153,15,0
214138,214138,214154,16,0
214138,214138,214155,17,0
214138,214138,214155,17,0
214138,214138,214155,17,0
214138,214138,214155,17,0
214138,214138,214155,17,0
214138,214138,214155,17,0
214138,214138,214156,18,0
214138,214138,214157,19,0
214138,214151,214164,13,13
214138,214152,214164,12,14
214138,214152,214164,12,14
214138,214152,214164,12,14
214138,214152,214164,12,14
214138,214152,214164,12,14
214138,214151,214164,13,13
214138,214152,214164,12,14
214138,214152,214164,12,14
214138,214152,214164,12,14
214138,214151,214164,13,13
214138,214152,214164,12,14
214138,214153,214165,12,15
214138,214153,214164,11,15
214138,214152,214165,13,14
214138,214152,214165,13,14
214138,214152,214165,13,14
214138,214152,214166,14,14
214138,214152,214166,14,14
214138,214153,214166,13,15
214138,214153,214167,14,15
214138,214153,214167,14,15
214138,214152,214167,15,14
214138,214154,214168,14,16
214138,214153,214167,14,15
214138,214153,214167,14,15
214138,214153,214169,16,15
214138,214153,214168,15,15
214138,214153,214168,15,15
214138,214154,214168,14,16
214138,214154,214169,15,16
214138,214153,214169,16,15
214138,214155,214169,14,17
214138,214155,214169,14,17
214138,214157,214170,13,19
214138,214156,214170,14,18
214138,214155,214170,15,17
214138,214153,214170,17,15
214138,214156,214171,15,18
214138,214156,214171,15,18
214138,214158,214171,13,20
214138,214156,214171,15,18
214138,214156,214172,16,18
214138,214155,214172,17,17
214138,214165,214176,11,27
214138,214165,214176,11,27
214138,214165,214177,12,27
214138,214165,214177,12,27
214138,214165,214177,12,27
214138,214165,214177,12,27
214138,214165,214177,12,27
214138,214165,214177,12,27
214138,214165,214177,12,27
214138,214165,214178,13,27
214138,214165,214178,13,27
214138,214166,214178,12,28
214138,214165,214178,13,27
214138,214166,214178,12,28
214138,214165,214180,15,27
214138,214166,214179,13,28
214138,214165,214179,14,27
214138,214167,214179,12,29
214138,214167,214179,12,29
214138,214168,214181,13,30
214138,214168,214181,13,30
214138,214168,214182,14,30
214138,214169,214182,13,31
214138,214168,214182,14,30
214138,214167,214182,15,29
214138,214168,214183,15,30
214138,214169,214183,14,31
214138,214169,214184,15,31
214138,214170,214184,14,32
214138,214168,214184,16,30
214138,214170,214184,14,32
214138,214172,214184,12,34
214138,214170,214184,14,32
214138,214171,214185,14,33
214138,214171,214185,14,33
214138,214170,214185,15,32
214138,214172,214186,14,34
214138,214171,214185,14,33
214138,214172,214185,13,34
214138,214172,214186,14,34
214138,214173,214186,13,35
214138,214171,214188,17,33
214138,214169,214189,20,31
214138,214177,214189,12,39
214138,214177,214189,12,39
214138,214178,214189,11,40
214138,214178,214189,11,40
214138,214178,214190,12,40
214138,214179,214190,11,41
214138,214177,214189,12,39
214138,214179,214190,11,41
214138,214172,214190,18,34
214138,214178,214191,13,40
214138,214178,214190,12,40
214138,214178,214190,12,40
214138,214179,214191,12,41
214138,214179,214192,13,41
214138,214179,214192,13,41
214138,214180,214194,14,42
214138,214182,214195,13,44
214138,214180,214195,15,42
214138,214182,214195,13,44
214138,214183,214196,13,45
214138,214183,214197,14,45
214138,214182,214196,14,44
214138,214182,214197,15,44
214138,214180,214196,16,42
214138,214180,214197,17,42
214138,214185,214198,13,47
214138,214185,214197,12,47
214138,214180,214197,17,42
214138,214183,214198,15,45
214138,214184,214199,15,46
214138,214186,214200,14,48
214138,214186,214201,15,48
214138,214185,214201,16,47
214138,214186,214201,15,48
214138,214186,214200,14,48
214138,214187,214201,14,49
214138,214185,214201,16,47
214138,214187,214201,14,49
214138,214190,214202,12,52
214138,214190,214202,12,52
214138,214190,214202,12,52
214138,214184,214203,19,46
214138,214189,214203,14,51
214138,214185,214203,18,47
214138,214186,214203,17,48
214138,214185,214202,17,47
214138,214190,214202,12,52
214138,214190,214202,12,52
214138,214189,214203,14,51
214138,214190,214203,13,52
214138,214191,214204,13,53
214138,214188,214203,15,50
214138,214191,214204,13,53
214138,214192,214204,12,54
214138,214191,214203,12,53
214138,214191,214204,13,53
214138,214193,214205,12,55
214138,214192,214206,14,54
214138,214194,214208,14,56
214138,214196,214208,12,58
214138,214196,214210,14,58
214138,214197,214211,14,59
214138,214198,214211,13,60
214138,214196,214211,15,58
214138,214197,214211,14,59
214138,214197,214211,14,59
214138,214197,214211,14,59
214138,214197,214212,15,59
214138,214191,214213,22,53
214256,214256,214268,12,0
214256,214256,214269,13,0
214256,214256,214269,13,0
214256,214256,214268,12,0
214256,214256,214269,13,0
214256,214256,214269,13,0
214256,214256,214268,12,0
214256,214256,214269,13,0
214256,214256,214268,12,0
214256,214256,214268,12,0
214256,214256,214268,12,0
214256,214256,214269,13,0
214256,214256,214269,13,0
214256,214256,214270,14,0
214256,214256,214270,14,0
214256,214256,214270,14,0
214256,214256,214270,14,0
214256,214256,214270,14,0
214256,214256,214269,13,0
214256,214256,214270,14,0
214256,214256,214269,13,0
214256,214256,214271,15,0
214256,214256,214271,15,0
214256,214256,214271,15,0
214256,214256,214271,15,0
214256,214256,214271,15,0
214256,214256,214271,15,0
214256,214256,214270,14,0
214256,214256,214271,15,0
214256,214256,214271,15,0
214256,214256,214271,15,0
214256,214256,214271,15,0
214256,214256,214272,16,0
214256,214256,214272,16,0
214256,214256,214271,15,0
214256,214256,214272,16,0
214256,214256,214272,16,0
214256,214256,214271,15,0
214256,214256,214272,16,0
214256,214256,214271,15,0
214256,214256,214272,16,0
214256,214256,214271,15,0
214256,214256,214273,17,0
214256,214256,214275,19,0
214256,214269,214281,12,13
214256,214270,214281,11,14
214256,214269,214282,13,13
214256,214269,214282,13,13
214256,214269,214282,13,13
214256,214269,214281,12,13
214256,214269,214282,13,13
214256,214270,214282,12,14
214256,214269,214282,13,13
214256,214269,214282,13,13
214256,214270,214282,12,14
214256,214269,214282,13,13
214256,214269,214282,13,13
214256,214269,214283,14,13
214256,214269,214283,14,13
214256,214269,214283,14,13
214256,214270,214283,13,14
214256,214270,214283,13,14
214256,214271,214284,13,15
214256,214270,214285,15,14
214256,214271,214285,14,15
214256,214271,214286,15,15
214256,214271,214286,15,15
214256,214271,214286,15,15
214256,214271,214286,15,15
214256,214271,214286,15,15
214256,214271,214286,15,15
214256,214270,214286,16,14
214256,214270,214286,16,14
214256,214271,214286,15,15
214256,214272,214287,15,16
214256,214272,214287,15,16
214256,214271,214287,16,15
214256,214272,214287,15,16
214256,214272,214287,15,16
214256,214272,214287,15,16
214256,214272,214288,16,16
214256,214272,214288,16,16
214256,214272,214288,16,16
214256,214272,214289,17,16
214256,214272,214289,17,16
214256,214275,214289,14,19
214256,214272,214290,18,16
214256,214273,214290,17,17
214256,214282,214294,12,26
214256,214282,214294,12,26
214256,214281,214294,13,25
214256,214282,214294,12,26
214256,214281,214294,13,25
214256,214282,214295,13,26
214256,214282,214295,13,26
214256,214282,214295,13,26
214256,214282,214295,13,26
214256,214282,214295,13,26
214256,214282,214295,13,26
214256,214282,214296,14,26
214256,214283,214296,13,27
214256,214283,214296,13,27
214256,214282,214296,14,26
214256,214284,214296,12,28
214256,214283,214298,15,27
214256,214283,214298,15,27
214256,214284,214299,15,28
214256,214285,214300,15,29
214256,214286,214301,15,30
214256,214286,214302,16,30
214256,214286,214301,15,30
214256,214287,214301,14,31
214256,214287,214301,14,31
214256,214287,214301,14,31
214256,214286,214303,17,30
214256,214287,214302,15,31
214256,214286,214302,16,30
214256,214286,214302,16,30
214256,214288,214302,14,32
214256,214286,214302,16,30
214256,214288,214302,14,32
214256,214288,214302,14,32
214256,214288,214302,14,32
214256,214289,214303,14,33
214256,214289,214303,14,33
214256,214289,214303,14,33
214256,214289,214304,15,33
214256,214289,214304,15,33
214256,214290,214304,14,34
214256,214288,214304,16,32
214256,214295,214307,12,39
214256,214295,214306,11,39
214256,214295,214307,12,39
214256,214295,214307,12,39
214256,214291,214307,16,35
214256,214291,214307,16,35
214256,214295,214307,12,39
214256,214296,214308,12,40
214256,214296,214308,12,40
214256,214296,214308,12,40
214256,214296,214309,13,40
214256,214297,214308,11,41
214256,214296,214308,12,40
214256,214297,214308,11,41
214256,214297,214309,12,41
214256,214296,214309,13,40
214256,214297,214310,13,41
214256,214297,214310,13,41
214256,214299,214312,13,43
214256,214299,214313,14,43
214256,214300,214314,14,44
214256,214302,214315,13,46
214256,214302,214315,13,46
214256,214302,214314,12,46
214256,214302,214316,14,46
214256,214302,214316,14,46
214256,214301,214316,15,45
214256,214302,214316,14,46
214256,214303,214317,14,47
214256,214303,214317,14,47
214256,214303,214317,14,47
214256,214304,214318,14,48
214256,214303,214317,14,47
214256,214303,214317,14,47
214256,214303,214317,14,47
214256,214303,214317,14,47
214256,214303,214317,14,47
214256,214303,214317,14,47
214256,214304,214318,14,48
214256,214304,214318,14,48
214256,214307,214318,11,51
214256,214307,214319,12,51
214256,214305,214319,14,49
214256,214305,214319,14,49
214256,214308,214320,12,52
214256,214305,214320,15,49
214256,214305,214320,15,49
214256,214308,214320,12,52
214256,214308,214320,12,52
214256,214308,214320,12,52
214256,214309,214321,12,53
214256,214309,214321,12,53
214256,214309,214321,12,53
214256,214309,214321,12,53
214256,214309,214321,12,53
214256,214309,214321,12,53
214256,214308,214322,14,52
214256,214310,214323,13,54
214256,214310,214322,12,54
214256,214311,214324,13,55
214256,214311,214324,13,55
214256,214308,214324,16,52
214256,214313,214326,13,57
214256,214315,214327,12,59
214256,214315,214328,13,59
214256,214315,214328,13,59
214256,214314,214328,14,58
214256,214315,214330,15,59
214256,214316,214329,13,60
214256,214316,214330,14,60
214381,214381,214393,12,0
214381,214381,214394,13,0
214381,214381,214394,13,0
214381,214381,214394,13,0
214381,214381,214394,13,0
214381,214381,214394,13,0
214381,214381,214393,12,0
214381,214381,214394,13,0
214381,214381,214394,13,0
214381,214381,214394,13,0
214381,214381,214393,12,0
214381,214381,214393,12,0
214381,214381,214393,12,0
214381,214381,214393,12,0
214381,214381,214393,12,0
214381,214381,214394,13,0
214381,214381,214394,13,0
214381,214381,214394,13,0
214381,214381,214394,13,0
214381,214381,214394,13,0
214381,214381,214395,14,0
214381,214381,214396,15,0
214381,214381,214396,15,0
214381,214381,214396,15,0
214381,214381,214396,15,0
214381,214381,214397,16,0
214381,214381,214397,16,0
214381,214381,214396,15,0
214381,214381,214397,16,0
214381,214381,214396,15,0
214381,214381,214397,16,0
214381,214381,214397,16,0
214381,214381,214396,15,0
214381,214381,214397,16,0
214381,214381,214396,15,0
214381,214381,214396,15,0
214381,214381,214397,16,0
214381,214381,214397,16,0
214381,214381,214398,17,0
214381,214381,214398,17,0
214381,214381,214398,17,0
214381,214381,214397,16,0
214381,214381,214397,16,0
214381,214381,214398,17,0
214381,214393,214405,12,12
214381,214394,214407,13,13
214381,214394,214407,13,13
214381,214394,214407,13,13
214381,214394,214407,13,13
214381,214394,214407,13,13
214381,214394,214407,13,13
214381,214394,214407,13,13
214381,214394,214407,13,13
214381,214394,214407,13,13
214381,214394,214407,13,13
214381,214395,214408,13,14
214381,214394,214408,14,13
214381,214394,214408,14,13
214381,214395,214408,13,14
214381,214394,214407,13,13
214381,214394,214408,14,13
214381,214394,214409,15,13
214381,214395,214409,14,14
214381,214395,214410,15,14
214381,214396,214411,15,15
214381,214396,214412,16,15
214381,214397,214412,15,16
214381,214397,214411,14,16
214381,214397,214412,15,16
214381,214397,214412,15,16
214381,214397,214412,15,16
214381,214397,214412,15,16
214381,214396,214412,16,15
214381,214397,214412,15,16
214381,214397,214412,15,16
214381,214397,214411,14,16
214381,214397,214412,15,16
214381,214397,214412,15,16
214381,214397,214413,16,16
214381,214397,214413,16,16
214381,214398,214413,15,17
214381,214398,214413,15,17
214381,214398,214413,15,17
214381,214399,214414,15,18
214381,214397,214415,18,16
214381,214398,214417,19,17
214381,214398,214417,19,17
214381,214398,214417,19,17
214381,214405,214417,12,24
214381,214407,214419,12,26
214381,214407,214419,12,26
214381,214407,214420,13,26
214381,214407,214419,12,26
214381,214407,214420,13,26
214381,214407,214420,13,26
214381,214407,214420,13,26
214381,214407,214420,13,26
214381,214407,214420,13,26
214381,214408,214420,12,27
214381,214408,214421,13,27
214381,214408,214421,13,27
214381,214409,214422,13,28
214381,214408,214422,14,27
214381,214408,214422,14,27
214381,214408,214422,14,27
214381,214409,214422,13,28
214381,214410,214423,13,29
214381,214409,214423,14,28
214381,214412,214426,14,31
214381,214411,214427,16,30
214381,214412,214427,15,31
214381,214412,214427,15,31
214381,214412,214427,15,31
214381,214412,214427,15,31
214381,214412,214427,15,31
214381,214412,214427,15,31
214381,214412,214427,15,31
214381,214412,214427,15,31
214381,214412,214427,15,31
214381,214412,214427,15,31
214381,214413,214428,15,32
214381,214412,214428,16,31
214381,214412,214427,15,31
214381,214413,214428,15,32
214381,214413,214428,15,32
214381,214413,214428,15,32
214381,214413,214429,16,32
214381,214414,214429,15,33
214381,214415,214430,15,34
214381,214418,214430,12,37
214381,214419,214431,12,38
214381,214419,214432,13,38
214381,214420,214433,13,39
214381,214420,214432,12,39
214381,214420,214433,13,39
214381,214421,214433,12,40
214381,214421,214433,12,40
214381,214421,214433,12,40
214381,214421,214433,12,40
214381,214421,214433,12,40
214381,214421,214434,13,40
214381,214417,214434,17,36
214381,214417,214434,17,36
214381,214417,214434,17,36
214381,214423,214434,11,42
214381,214422,214435,13,41
214381,214422,214435,13,41
214381,214422,214435,13,41
214381,214423,214436,13,42
214381,214426,214441,15,45
214381,214422,214441,19,41
214381,214422,214441,19,41
214381,214424,214441,17,43
214381,214428,214442,14,47
214381,214427,214442,15,46
214381,214428,214442,14,47
214381,214428,214442,14,47
214381,214428,214442,14,47
214381,214428,214442,14,47
214381,214427,214442,15,46
214381,214428,214442,14,47
214381,214428,214442,14,47
214381,214428,214443,15,47
214381,214428,214443,15,47
214381,214427,214443,16,46
214381,214429,214443,14,48
214381,214429,214443,14,48
214381,214429,214443,14,48
214381,214429,214443,14,48
214381,214431,214443,12,50
214381,214432,214443,11,51
214381,214429,214444,15,48
214381,214429,214444,15,48
214381,214430,214444,14,49
214381,214433,214445,12,52
214381,214432,214444,12,51
214381,214433,214445,12,52
214381,214434,214446,12,53
214381,214431,214446,15,50
214381,214434,214446,12,53
214381,214434,214446,12,53
214381,214434,214446,12,53
214381,214434,214446,12,53
214381,214434,214446,12,53
214381,214435,214447,12,54
214381,214435,214447,12,54
214381,214436,214449,13,55
214381,214437,214449,12,56
214381,214436,214450,14,55
214381,214435,214450,15,54
214381,214435,214450,15,54
214381,214435,214451,16,54
214381,214442,214455,13,61
214381,214442,214456,14,61
214381,214443,214458,15,62
214381,214443,214458,15,62
214381,214436,214459,23,55
214381,214442,214459,17,61
214381,214442,214459,17,61
214381,214442,214468,26,61
214520,214520,214533,13,0
214520,214520,214532,12,0
214520,214520,214533,13,0
214520,214520,214533,13,0
214520,214520,214533,13,0
214520,214520,214533,13,0
214520,214520,214533,13,0
214520,214520,214533,13,0
214520,214520,214533,13,0
214520,214520,214533,13,0
214520,214520,214534,14,0
214520,214520,214534,14,0
214520,214520,214534,14,0
214520,214520,214533,13,0
214520,214520,214533,13,0
214520,214520,214534,14,0
214520,214520,214535,15,0
214520,214520,214534,14,0
214520,214520,214534,14,0
214520,214520,214534,14,0
214520,214520,214535,15,0
214520,214520,214535,15,0
214520,214520,214535,15,0
214520,214520,214535,15,0
214520,214520,214535,15,0
214520,214520,214535,15,0
214520,214520,214535,15,0
214520,214520,214536,16,0
214520,214520,214536,16,0
214520,214520,214536,16,0
214520,214520,214536,16,0
214520,214520,214535,15,0
214520,214520,214535,15,0
214520,214520,214536,16,0
214520,214520,214536,16,0
214520,214520,214536,16,0
214520,214520,214537,17,0
214520,214520,214537,17,0
214520,214520,214536,16,0
214520,214520,214538,18,0
214520,214520,214538,18,0
214520,214520,214538,18,0
214520,214520,214539,19,0
214520,214520,214541,21,0
214520,214533,214545,12,13
214520,214534,214546,12,14
214520,214533,214546,13,13
214520,214533,214546,13,13
214520,214533,214546,13,13
214520,214533,214546,13,13
214520,214533,214546,13,13
214520,214533,214546,13,13
214520,214533,214546,13,13
214520,214535,214547,12,15
214520,214534,214547,13,14
214520,214534,214547,13,14
214520,214533,214547,14,13
214520,214533,214547,14,13
214520,214534,214547,13,14
214520,214534,214547,13,14
214520,214535,214548,13,15
214520,214535,214548,13,15
214520,214534,214548,14,14
214520,214535,214549,14,15
214520,214535,214550,15,15
214520,214535,214550,15,15
214520,214535,214550,15,15
214520,214536,214550,14,16
214520,214536,214550,14,16
214520,214537,214551,14,17
214520,214536,214551,15,16
214520,214536,214551,15,16
214520,214536,214551,15,16
214520,214536,214551,15,16
214520,214535,214551,16,15
214520,214536,214551,15,16
214520,214536,214552,16,16
214520,214536,214552,16,16
214520,214536,214552,16,16
214520,214538,214552,14,18
214520,214536,214552,16,16
214520,214538,214553,15,18
214520,214537,214553,16,17
214520,214540,214554,14,20
214520,214538,214554,16,18
214520,214538,214554,16,18
214520,214538,214555,17,18
214520,214542,214557,15,22
214520,214546,214558,12,26
214520,214547,214559,12,27
214520,214547,214559,12,27
214520,214547,214559,12,27
214520,214547,214559,12,27
214520,214547,214559,12,27
214520,214547,214559,12,27
214520,214547,214559,12,27
214520,214547,214559,12,27
214520,214548,214559,11,28
214520,214548,214561,13,28
214520,214548,214560,12,28
214520,214548,214560,12,28
214520,214548,214560,12,28
214520,214548,214560,12,28
214520,214548,214560,12,28
214520,214549,214562,13,29
214520,214549,214563,14,29
214520,214549,214563,14,29
214520,214552,214564,12,32
214520,214550,214564,14,30
214520,214551,214565,14,31
214520,214552,214566,14,32
214520,214552,214565,13,32
214520,214552,214565,13,32
214520,214551,214565,14,31
214520,214551,214565,14,31
214520,214551,214565,14,31
214520,214551,214565,14,31
214520,214551,214565,14,31
214520,214552,214566,14,32
214520,214553,214566,13,33
214520,214552,214566,14,32
214520,214553,214567,14,33
214520,214553,214568,15,33
214520,214553,214567,14,33
214520,214553,214567,14,33
214520,214553,214568,15,33
214520,214554,214569,15,34
214520,214554,214569,15,34
214520,214555,214570,15,35
214520,214555,214570,15,35
214520,214559,214571,12,39
214520,214560,214572,12,40
214520,214560,214573,13,40
214520,214560,214572,12,40
214520,214560,214572,12,40
214520,214561,214572,11,41
214520,214560,214572,12,40
214520,214560,214572,12,40
214520,214560,214572,12,40
214520,214560,214572,12,40
214520,214560,214572,12,40
214520,214561,214573,12,41
214520,214561,214573,12,41
214520,214561,214574,13,41
214520,214561,214574,13,41
214520,214561,214575,14,41
214520,214556,214577,21,36
214520,214558,214577,19,38
214520,214564,214577,13,44
214520,214564,214577,13,44
214520,214562,214579,17,42
214520,214564,214578,14,44
214520,214565,214579,14,45
214520,214565,214580,15,45
214520,214566,214580,14,46
214520,214566,214580,14,46
214520,214566,214580,14,46
214520,214566,214580,14,46
214520,214566,214580,14,46
214520,214567,214580,13,47
214520,214567,214581,14,47
214520,214566,214581,15,46
214520,214566,214580,14,46
214520,214566,214580,14,46
214520,214567,214581,14,47
214520,214568,214583,15,48
214520,214568,214582,14,48
214520,214568,214582,14,48
214520,214569,214583,14,49
214520,214571,214583,12,51
214520,214569,214583,14,49
214520,214569,214583,14,49
214520,214568,214583,15,48
214520,214572,214584,12,52
214520,214573,214585,12,53
214520,214573,214586,13,53
214520,214573,214585,12,53
214520,214573,214585,12,53
214520,214573,214585,12,53
214520,214573,214585,12,53
214520,214573,214586,13,53
214520,214573,214585,12,53
214520,214574,214586,12,54
214520,214574,214586,12,54
214520,214573,214587,14,53
214520,214575,214588,13,55
214520,214575,214589,14,55
214520,214571,214592,21,51
214520,214571,214591,20,51
214520,214579,214592,13,59
214520,214579,214592,13,59
214520,214575,214591,16,55
214520,214578,214591,13,58
214520,214578,214591,13,58
214520,214578,214592,14,58
214520,214578,214595,17,58
214520,214579,214595,16,59
214520,214581,214596,15,61
214520,214581,214595,14,61
214520,214580,214595,15,60
214655,214655,214668,13,0
214655,214655,214667,12,0
214655,214655,214668,13,0
214655,214655,214667,12,0
214655,214655,214668,13,0
214655,214655,214668,13,0
214655,214655,214668,13,0
214655,214655,214668,13,0
214655,214655,214668,13,0
214655,214655,214668,13,0
214655,214655,214668,13,0
214655,214655,214668,13,0
214655,214655,214668,13,0
214655,214655,214668,13,0
214655,214655,214669,14,0
214655,214655,214668,13,0
214655,214655,214668,13,0
214655,214655,214668,13,0
214655,214655,214670,15,0
214655,214655,214670,15,0
214655,214655,214669,14,0
214655,214655,214670,15,0
214655,214655,214670,15,0
214655,214655,214669,14,0
214655,214655,214669,14,0
214655,214655,214670,15,0
214655,214655,214670,15,0
214655,214655,214671,16,0
214655,214655,214671,16,0
214655,214655,214671,16,0
214655,214655,214671,16,0
214655,214655,214670,15,0
214655,214655,214670,15,0
214655,214655,214670,15,0
214655,214655,214671,16,0
214655,214655,214671,16,0
214655,214655,214671,16,0
214655,214655,214671,16,0
214655,214655,214671,16,0
214655,214655,214671,16,0
214655,214655,214671,16,0
214655,214655,214672,17,0
214655,214655,214674,19,0
214655,214655,214674,19,0
214655,214668,214681,13,13
214655,214668,214681,13,13
214655,214668,214681,13,13
214655,214668,214680,12,13
214655,214668,214681,13,13
214655,214668,214681,13,13
214655,214669,214682,13,14
214655,214668,214681,13,13
214655,214668,214682,14,13
214655,214669,214682,13,14
214655,214669,214682,13,14
214655,214669,214681,12,14
214655,214668,214681,13,13
214655,214669,214682,13,14
214655,214669,214683,14,14
214655,214669,214683,14,14
214655,214668,214684,16,13
214655,214669,214684,15,14
214655,214670,214684,14,15
214655,214670,214685,15,15
214655,214670,214685,15,15
214655,214670,214684,14,15
214655,214671,214685,14,16
214655,214670,214686,16,15
214655,214671,214686,15,16
214655,214671,214686,15,16
214655,214670,214685,15,15
214655,214671,214686,15,16
214655,214671,214686,15,16
214655,214671,214686,15,16
214655,214671,214686,15,16
214655,214671,214687,16,16
214655,214671,214686,15,16
214655,214671,214687,16,16
214655,214671,214686,15,16
214655,214671,214686,15,16
214655,214671,214687,16,16
214655,214671,214687,16,16
214655,214670,214687,17,15
214655,214671,214687,16,16
214655,214671,214687,16,16
214655,214672,214688,16,17
214655,214674,214689,15,19
214655,214674,214688,14,19
214655,214681,214694,13,26
214655,214681,214694,13,26
214655,214681,214694,13,26
214655,214681,214694,13,26
214655,214681,214694,13,26
214655,214682,214695,13,27
214655,214682,214695,13,27
214655,214682,214695,13,27
214655,214682,214695,13,27
214655,214682,214695,13,27
214655,214681,214696,15,26
214655,214682,214696,14,27
214655,214683,214696,13,28
214655,214682,214696,14,27
214655,214682,214696,14,27
214655,214683,214697,14,28
214655,214684,214698,14,29
214655,214684,214698,14,29
214655,214684,214698,14,29
214655,214685,214699,14,30
214655,214686,214701,15,31
214655,214686,214701,15,31
214655,214686,214701,15,31
214655,214685,214701,16,30
214655,214685,214701,16,30
214655,214686,214701,15,31
214655,214686,214702,16,31
214655,214686,214702,16,31
214655,214686,214702,16,31
214655,214687,214702,15,32
214655,214686,214703,17,31
214655,214687,214703,16,32
214655,214687,214703,16,32
214655,214687,214703,16,32
214655,214687,214703,16,32
214655,214687,214703,16,32
214655,214687,214703,16,32
214655,214685,214704,19,30
214655,214687,214704,17,32
214655,214688,214704,16,33
214655,214689,214705,16,34
214655,214689,214705,16,34
214655,214688,214705,17,33
214655,214694,214707,13,39
214655,214689,214707,18,34
214655,214694,214708,14,39
214655,214695,214707,12,40
214655,214696,214708,12,41
214655,214696,214709,13,41
214655,214697,214708,11,42
214655,214695,214708,13,40
214655,214696,214708,12,41
214655,214696,214708,12,41
214655,214696,214709,13,41
214655,214696,214709,13,41
214655,214698,214709,11,43
214655,214694,214711,17,39
214655,214695,214711,16,40
214655,214697,214711,14,42
214655,214699,214715,16,44
214655,214698,214714,16,43
214655,214700,214715,15,45
214655,214699,214715,16,44
214655,214699,214715,16,44
214655,214702,214716,14,47
214655,214702,214716,14,47
214655,214702,214717,15,47
214655,214703,214718,15,48
214655,214703,214718,15,48
214655,214702,214717,15,47
214655,214703,214717,14,48
214655,214702,214717,15,47
214655,214703,214717,14,48
214655,214704,214718,14,49
214655,214704,214718,14,49
214655,214704,214718,14,49
214655,214704,214718,14,49
214655,214704,214718,14,49
214655,214704,214718,14,49
214655,214701,214718,17,46
214655,214704,214719,15,49
214655,214704,214720,16,49
214655,214706,214720,14,51
214655,214706,214721,15,51
214655,214708,214720,12,53
214655,214705,214720,15,50
214655,214708,214720,12,53
214655,214705,214720,15,50
214655,214708,214720,12,53
214655,214709,214721,12,54
214655,214709,214721,12,54
214655,214706,214721,15,51
214655,214710,214721,11,55
214655,214710,214721,11,55
214655,214709,214721,12,54
214655,214709,214721,12,54
214655,214709,214721,12,54
214655,214709,214721,12,54
214655,214710,214724,14,55
214655,214712,214724,12,57
214655,214712,214725,13,57
214655,214712,214725,13,57
214655,214708,214726,18,53
214655,214715,214726,11,60
214655,214715,214728,13,60
214655,214716,214728,12,61
214655,214716,214729,13,61
214655,214716,214730,14,61
214655,214717,214731,14,62
214655,214717,214731,14,62
214655,214718,214732,14,63
214655,214717,214732,15,62
214797,214797,214810,13,0
214797,214797,214810,13,0
214797,214797,214810,13,0
214797,214797,214810,13,0
214797,214797,214810,13,0
214797,214797,214810,13,0
214797,214797,214810,13,0
214797,214797,214810,13,0
214797,214797,214810,13,0
214797,214797,214810,13,0
214797,214797,214810,13,0
214797,214797,214810,13,0
214797,214797,214810,13,0
214797,214797,214811,14,0
214797,214797,214811,14,0
214797,214797,214811,14,0
214797,214797,214811,14,0
214797,214797,214811,14,0
214797,214797,214812,15,0
214797,214797,214812,15,0
214797,214797,214812,15,0
214797,214797,214812,15,0
214797,214797,214812,15,0
214797,214797,214812,15,0
214797,214797,214811,14,0
214797,214797,214811,14,0
214797,214797,214812,15,0
214797,214797,214813,16,0
214797,214797,214813,16,0
214797,214797,214813,16,0
214797,214797,214813,16,0
214797,214797,214812,15,0
214797,214797,214813,16,0
214797,214797,214813,16,0
214797,214797,214813,16,0
214797,214797,214813,16,0
214797,214797,214813,16,0
214797,214797,214813,16,0
214797,214797,214814,17,0
214797,214797,214814,17,0
214797,214797,214819,22,0
214797,214797,214819,22,0
214797,214797,214819,22,0
214797,214797,214819,22,0
214797,214810,214822,12,13
214797,214810,214823,13,13
214797,214810,214823,13,13
214797,214810,214823,13,13
214797,214810,214823,13,13
214797,214810,214823,13,13
214797,214810,214823,13,13
214797,214811,214823,12,14
214797,214810,214823,13,13
214797,214810,214823,13,13
214797,214810,214823,13,13
214797,214810,214823,13,13
214797,214811,214824,13,14
214797,214811,214824,13,14
214797,214810,214824,14,13
214797,214812,214825,13,15
214797,214812,214826,14,15
214797,214811,214826,15,14
214797,214812,214826,14,15
214797,214812,214827,15,15
214797,214814,214827,13,17
214797,214812,214827,15,15
214797,214812,214827,15,15
214797,214813,214828,15,16
214797,214813,214828,15,16
214797,214813,214828,15,16
214797,214812,214828,16,15
214797,214813,214828,15,16
214797,214812,214828,16,15
214797,214813,214828,15,16
214797,214813,214829,16,16
214797,214813,214829,16,16
214797,214813,214829,16,16
214797,214814,214829,15,17
214797,214813,214829,16,16
214797,214813,214829,16,16
214797,214813,214829,16,16
214797,214811,214831,20,14
214797,214811,214831,20,14
214797,214812,214831,19,15
214797,214819,214833,14,22
214797,214819,214833,14,22
214797,214822,214833,11,25
214797,214819,214834,15,22
214797,214819,214834,15,22
214797,214823,214836,13,26
214797,214823,214836,13,26
214797,214824,214836,12,27
214797,214824,214837,13,27
214797,214824,214836,12,27
214797,214823,214836,13,26
214797,214824,214836,12,27
214797,214824,214836,12,27
214797,214824,214836,12,27
214797,214824,214836,12,27
214797,214824,214837,13,27
214797,214825,214837,12,28
214797,214823,214838,15,26
214797,214825,214837,12,28
214797,214826,214838,12,29
214797,214827,214840,13,30
214797,214827,214839,12,30
214797,214827,214840,13,30
214797,214827,214841,14,30
214797,214827,214842,15,30
214797,214827,214842,15,30
214797,214827,214843,16,30
214797,214829,214844,15,32
214797,214829,214843,14,32
214797,214830,214844,14,33
214797,214830,214844,14,33
214797,214829,214844,15,32
214797,214829,214844,15,32
214797,214829,214844,15,32
214797,214830,214845,15,33
214797,214832,214845,13,35
214797,214832,214845,13,35
214797,214829,214844,15,32
214797,214830,214845,15,33
214797,214830,214845,15,33
214797,214829,214845,16,32
214797,214830,214845,15,33
214797,214830,214845,15,33
214797,214832,214845,13,35
214797,214834,214846,12,37
214797,214837,214848,11,40
214797,214837,214848,11,40
214797,214836,214848,12,39
214797,214837,214848,11,40
214797,214835,214849,14,38
214797,214837,214849,12,40
214797,214837,214850,13,40
214797,214837,214850,13,40
214797,214837,214849,12,40
214797,214834,214850,16,37
214797,214834,214850,16,37
214797,214835,214850,15,38
214797,214838,214850,12,41
214797,214839,214850,11,42
214797,214838,214850,12,41
214797,214838,214850,12,41
214797,214837,214850,13,40
214797,214837,214851,14,40
214797,214838,214852,14,41
214797,214840,214854,14,43
214797,214840,214856,16,43
214797,214841,214856,15,44
214797,214842,214857,15,45
214797,214843,214857,14,46
214797,214843,214857,14,46
214797,214844,214858,14,47
214797,214845,214858,13,48
214797,214845,214857,12,48
214797,214844,214858,14,47
214797,214845,214859,14,48
214797,214845,214859,14,48
214797,214845,214860,15,48
214797,214846,214861,15,49
214797,214844,214860,16,47
214797,214845,214860,15,48
214797,214847,214860,13,50
214797,214845,214860,15,48
214797,214846,214861,15,49
214797,214846,214860,14,49
214797,214845,214861,16,48
214797,214846,214861,15,49
214797,214846,214861,15,49
214797,214849,214862,13,52
214797,214849,214862,13,52
214797,214846,214861,15,49
214797,214849,214861,12,52
214797,214850,214862,12,53
214797,214850,214862,12,53
214797,214849,214862,13,52
214797,214850,214863,13,53
214797,214845,214864,19,48
214797,214851,214863,12,54
214797,214851,214863,12,54
214797,214850,214863,13,53
214797,214851,214865,14,54
214797,214851,214865,14,54
214797,214851,214864,13,54
214797,214852,214865,13,55
214797,214851,214866,15,54
214797,214854,214868,14,57
214797,214856,214870,14,59
214797,214850,214870,20,53
214797,214851,214870,19,54
214797,214851,214870,19,54
214797,214856,214871,15,59
214797,214858,214872,14,61
214797,214858,214873,15,61
214797,214858,214873,15,61
214797,214858,214873,15,61
214797,214858,214873,15,61
214797,214851,214883,32,54
214939,214939,214950,11,0
214939,214939,214951,12,0
214939,214939,214951,12,0
214939,214939,214952,13,0
214939,214939,214951,12,0
214939,214939,214952,13,0
214939,214939,214952,13,0
214939,214939,214951,12,0
214939,214939,214951,12,0
214939,214939,214952,13,0
214939,214939,214952,13,0
214939,214939,214952,13,0
214939,214939,214951,12,0
214939,214939,214953,14,0
214939,214939,214953,14,0
214939,214939,214953,14,0
214939,214939,214953,14,0
214939,214939,214953,14,0
214939,214939,214954,15,0
214939,214939,214954,15,0
214939,214939,214954,15,0
214939,214939,214955,16,0
214939,214939,214955,16,0
214939,214939,214955,16,0
214939,214939,214954,15,0
214939,214939,214955,16,0
214939,214939,214955,16,0
214939,214939,214954,15,0
214939,214939,214955,16,0
214939,214939,214955,16,0
214939,214939,214955,16,0
214939,214939,214955,16,0
214939,214939,214956,17,0
214939,214939,214956,17,0
214939,214939,214956,17,0
214939,214939,214955,16,0
214939,214939,214956,17,0
214939,214939,214955,16,0
214939,214939,214955,16,0
214939,214939,214958,19,0
214939,214939,214958,19,0
214939,214939,214958,19,0
214939,214939,214958,19,0
214939,214939,214958,19,0
214939,214950,214963,13,11
214939,214951,214964,13,12
214939,214952,214964,12,13
214939,214952,214965,13,13
214939,214952,214964,12,13
214939,214952,214965,13,13
214939,214952,214965,13,13
214939,214952,214965,13,13
214939,214952,214965,13,13
214939,214951,214964,13,12
214939,214952,214965,13,13
214939,214952,214966,14,13
214939,214953,214966,13,14
214939,214952,214966,14,13
214939,214953,214966,13,14
214939,214953,214967,14,14
214939,214954,214967,13,15
214939,214954,214967,13,15
214939,214953,214968,15,14
214939,214953,214967,14,14
214939,214954,214969,15,15
214939,214955,214970,15,16
214939,214956,214970,14,17
214939,214955,214970,15,16
214939,214956,214970,14,17
214939,214956,214971,15,17
214939,214956,214971,15,17
214939,214955,214971,16,16
214939,214956,214971,15,17
214939,214955,214971,16,16
214939,214955,214971,16,16
214939,214955,214971,16,16
214939,214955,214971,16,16
214939,214956,214971,15,17
214939,214955,214972,17,16
214939,214955,214972,17,16
214939,214956,214972,16,17
214939,214956,214972,16,17
214939,214955,214973,18,16
214939,214959,214974,15,20
214939,214958,214975,17,19
214939,214958,214975,17,19
214939,214958,214975,17,19
214939,214958,214975,17,19
214939,214964,214977,13,25
214939,214965,214977,12,26
214939,214964,214977,13,25
214939,214965,214978,13,26
214939,214965,214978,13,26
214939,214965,214978,13,26
214939,214965,214978,13,26
214939,214965,214978,13,26
214939,214966,214978,12,27
214939,214965,214979,14,26
214939,214966,214978,12,27
214939,214963,214979,16,24
214939,214967,214979,12,28
214939,214966,214979,13,27
214939,214965,214979,14,26
214939,214966,214979,13,27
214939,214968,214980,12,29
214939,214967,214980,13,28
214939,214968,214981,13,29
214939,214968,214982,14,29
214939,214970,214985,15,31
214939,214970,214984,14,31
214939,214969,214984,15,30
214939,214970,214984,14,31
214939,214971,214985,14,32
214939,214972,214985,13,33
214939,214970,214985,15,31
214939,214971,214986,15,32
214939,214971,214986,15,32
214939,214971,214986,15,32
214939,214972,214986,14,33
214939,214972,214986,14,33
214939,214972,214987,15,33
214939,214973,214987,14,34
214939,214973,214987,14,34
214939,214971,214987,16,32
214939,214972,214987,15,33
214939,214973,214988,15,34
214939,214974,214988,14,35
214939,214978,214990,12,39
214939,214975,214989,14,36
214939,214976,214990,14,37
214939,214980,214991,11,41
214939,214978,214990,12,39
214939,214976,214991,15,37
214939,214979,214991,12,40
214939,214979,214991,12,40
214939,214979,214991,12,40
214939,214979,214991,12,40
214939,214979,214992,13,40
214939,214979,214991,12,40
214939,214976,214991,15,37
214939,214976,214991,15,37
214939,214979,214991,12,40
214939,214980,214991,11,41
214939,214979,214992,13,40
214939,214980,214993,13,41
214939,214980,214993,13,41
214939,214980,214992,12,41
214939,214980,214993,13,41
214939,214978,214994,16,39
214939,214982,214994,12,43
214939,214981,214994,13,42
214939,214983,214996,13,44
214939,214985,214998,13,46
214939,214986,214998,12,47
214939,214986,215000,14,47
214939,214985,215000,15,46
214939,214986,214999,13,47
214939,214985,214999,14,46
214939,214985,215000,15,46
214939,214988,215000,12,49
214939,214987,215001,14,48
214939,214987,215000,13,48
214939,214987,215001,14,48
214939,214988,215001,13,49
214939,214987,215001,14,48
214939,214988,215001,13,49
214939,214990,215001,11,51
214939,214991,215001,10,52
214939,214988,215002,14,49
214939,214988,215002,14,49
214939,214992,215003,11,53
214939,214989,215003,14,50
214939,214987,215003,16,48
214939,214989,215003,14,50
214939,214991,215003,12,52
214939,214993,215004,11,54
214939,214992,215003,11,53
214939,214992,215003,11,53
214939,214993,215004,11,54
214939,214992,215003,11,53
214939,214992,215003,11,53
214939,214992,215004,12,53
214939,214992,215004,12,53
214939,214992,215004,12,53
214939,214993,215005,12,54
214939,214992,215004,12,53
214939,214993,215005,12,54
214939,214994,215005,11,55
214939,214990,215005,15,51
214939,214991,215005,14,52
214939,214992,215005,13,53
214939,214995,215006,11,56
214939,214995,215007,12,56
214939,214992,215006,14,53
214939,214997,215008,11,58
214939,214995,215008,13,56
214939,215000,215013,13,61
214939,214999,215012,13,60
214939,214999,215013,14,60
214939,215000,215013,13,61
215097,215097,215108,11,0
217150,217150,217161,11,0
217150,217150,217161,11,0
217150,217150,217161,11,0
217150,217150,217160,10,0
217150,217150,217161,11,0
217150,217150,217161,11,0
217150,217150,217162,12,0
217150,217150,217161,11,0
217150,217150,217161,11,0
217150,217150,217162,12,0
217150,217150,217161,11,0
217150,217150,217162,12,0
217150,217150,217162,12,0
217150,217150,217162,12,0
217150,217150,217162,12,0
217150,217150,217162,12,0
217150,217150,217163,13,0
217150,217150,217163,13,0
217150,217150,217163,13,0
217150,217150,217163,13,0
217150,217150,217163,13,0
217150,217150,217163,13,0
217150,217150,217164,14,0
217150,217150,217164,14,0
217150,217150,217164,14,0
217150,217150,217165,15,0
217150,217150,217165,15,0
217150,217150,217165,15,0
217150,217150,217165,15,0
217150,217150,217166,16,0
217150,217150,217166,16,0
217150,217150,217166,16,0
217150,217150,217166,16,0
217150,217150,217167,17,0
217150,217150,217167,17,0
217150,217150,217166,16,0
217150,217150,217167,17,0
217150,217150,217167,17,0
217150,217150,217167,17,0
217150,217150,217167,17,0
217150,217150,217167,17,0
217150,217150,217167,17,0
217150,217150,217168,18,0
217150,217150,217167,17,0
217150,217161,217174,13,11
217150,217161,217174,13,11
217150,217161,217174,13,11
217150,217162,217175,13,12
217150,217161,217175,14,11
217150,217162,217175,13,12
217150,217162,217175,13,12
217150,217162,217175,13,12
217150,217162,217175,13,12
217150,217162,217176,14,12
217150,217162,217176,14,12
217150,217162,217176,14,12
217150,217162,217176,14,12
217150,217163,217176,13,13
217150,217163,217177,14,13
217150,217162,217177,15,12
217150,217164,217177,13,14
217150,217163,217178,15,13
217150,217167,217178,11,17
217150,217166,217178,12,16
217150,217165,217178,13,15
217150,217163,217178,15,13
217150,217167,217179,12,17
217150,217163,217179,16,13
217150,217164,217179,15,14
217150,217164,217179,15,14
217150,217165,217179,14,15
217150,217163,217178,15,13
217150,217164,217180,16,14
217150,217167,217180,13,17
217150,217165,217180,15,15
217150,217166,217179,13,16
217150,217168,217179,11,18
217150,217164,217180,16,14
217150,217165,217180,15,15
217150,217166,217181,15,16
217150,217167,217181,14,17
217150,217167,217180,13,17
217150,217167,217181,14,17
217150,217168,217180,12,18
217150,217166,217182,16,16
217150,217167,217182,15,17
217150,217168,217182,14,18
217150,217168,217183,15,18
217150,217175,217185,10,25
217150,217175,217185,10,25
217150,217175,217185,10,25
217150,217175,217185,10,25
217150,217175,217185,10,25
217150,217175,217186,11,25
217150,217174,217186,12,24
217150,217176,217187,11,26
217150,217176,217188,12,26
217150,217176,217188,12,26
217150,217176,217188,12,26
217150,217177,217188,11,27
217150,217174,217188,14,24
217150,217178,217189,11,28
217150,217176,217189,13,26
217150,217177,217189,12,27
217150,217176,217189,13,26
217150,217177,217189,12,27
217150,217178,217190,12,28
217150,217178,217190,12,28
217150,217178,217190,12,28
217150,217179,217191,12,29
217150,217180,217191,11,30
217150,217180,217192,12,30
217150,217181,217192,11,31
217150,217179,217193,14,29
217150,217180,217193,13,30
217150,217179,217193,14,29
217150,217182,217193,11,32
217150,217178,217193,15,28
217150,217179,217193,14,29
217150,217179,217193,14,29
217150,217181,217194,13,31
217150,217181,217194,13,31
217150,217182,217194,12,32
217150,217180,217194,14,30
217150,217180,217194,14,30
217150,217181,217194,13,31
217150,217183,217194,11,33
217150,217181,217195,14,31
217150,217185,217195,10,35
217150,217185,217195,10,35
217150,217179,217195,16,29
217150,217185,217195,10,35
217150,217186,217195,9,36
217150,217184,217195,11,34
217150,217180,217196,16,30
217150,217181,217197,16,31
217150,217186,217197,11,36
217150,217186,217197,11,36
217150,217186,217197,11,36
217150,217188,217199,11,38
217150,217189,217201,12,39
217150,217189,217202,13,39
217150,217189,217202,13,39
217150,217190,217203,13,40
217150,217190,217202,12,40
217150,217189,217202,13,39
217150,217189,217202,13,39
217150,217190,217202,12,40
217150,217190,217204,14,40
217150,217189,217205,16,39
217150,217190,217205,15,40
217150,217190,217205,15,40
217150,217191,217206,15,41
217150,217191,217207,16,41
217150,217192,217207,15,42
217150,217194,217207,13,44
217150,217194,217207,13,44
217150,217194,217208,14,44
217150,217193,217208,15,43
217150,217197,217208,11,47
217150,217196,217208,12,46
217150,217196,217208,12,46
217150,217193,217208,15,43
217150,217193,217209,16,43
217150,217194,217209,15,44
217150,217196,217210,14,46
217150,217198,217209,11,48
217150,217196,217209,13,46
217150,217194,217210,16,44
217150,217195,217210,15,45
217150,217195,217211,16,45
217150,217196,217211,15,46
217150,217195,217211,16,45
217150,217197,217211,14,47
217150,217195,217211,16,45
217150,217196,217211,15,46
217150,217195,217212,17,45
217150,217197,217213,16,47
217150,217194,217212,18,44
217150,217195,217212,17,45
217150,217199,217212,13,49
217150,217202,217213,11,52
217150,217195,217214,19,45
217150,217196,217213,17,46
217150,217198,217213,15,48
217150,217203,217214,11,53
217150,217202,217215,13,52
217150,217203,217216,13,53
217150,217203,217215,12,53
217150,217203,217216,13,53
217150,217203,217216,13,53
217150,217203,217217,14,53
217150,217204,217218,14,54
217150,217206,217221,15,56
217150,217206,217221,15,56
217150,217207,217222,15,57
217150,217208,217223,15,58
217150,217208,217223,15,58
217150,217208,217223,15,58
217150,217206,217224,18,56
217280,217280,217291,11,0
217280,217280,217291,11,0
217280,217280,217291,11,0
217280,217280,217291,11,0
217280,217280,217292,12,0
217280,217280,217292,12,0
217280,217280,217292,12,0
217280,217280,217293,13,0
217280,217280,217293,13,0
217280,217280,217293,13,0
217280,217280,217293,13,0
217280,217280,217293,13,0
217280,217280,217294,14,0
217280,217280,217294,14,0
217280,217280,217294,14,0
217280,217280,217294,14,0
217280,217280,217293,13,0
217280,217280,217294,14,0
217280,217280,217295,15,0
217280,217280,217295,15,0
217280,217280,217296,16,0
217280,217280,217296,16,0
217280,217280,217296,16,0
217280,217280,217296,16,0
217280,217280,217296,16,0
217280,217280,217296,16,0
217280,217280,217296,16,0
217280,217280,217296,16,0
217280,217280,217296,16,0
217280,217280,217297,17,0
217280,217280,217297,17,0
217280,217280,217297,17,0
217280,217280,217297,17,0
217280,217280,217297,17,0
217280,217280,217297,17,0
217280,217280,217297,17,0
217280,217280,217297,17,0
217280,217280,217297,17,0
217280,217280,217297,17,0
217280,217280,217297,17,0
217280,217280,217297,17,0
217280,217280,217297,17,0
217280,217280,217298,18,0
217280,217280,217298,18,0
217280,217291,217304,13,11
217280,217291,217304,13,11
217280,217291,217304,13,11
217280,217291,217304,13,11
217280,217292,217305,13,12
217280,217292,217305,13,12
217280,217292,217305,13,12
217280,217293,217306,13,13
217280,217293,217306,13,13
217280,217294,217306,12,14
217280,217294,217306,12,14
217280,217294,217306,12,14
217280,217294,217307,13,14
217280,217294,217307,13,14
217280,217294,217307,13,14
217280,217295,217307,12,15
217280,217295,217307,12,15
217280,217295,217308,13,15
217280,217297,217309,12,17
217280,217296,217309,13,16
217280,217296,217309,13,16
217280,217298,217309,11,18
217280,217296,217310,14,16
217280,217296,217311,15,16
217280,217298,217310,12,18
217280,217298,217310,12,18
217280,217296,217310,14,16
217280,217299,217310,11,19
217280,217298,217310,12,18
217280,217299,217310,11,19
217280,217298,217311,13,18
217280,217296,217311,15,16
217280,217296,217311,15,16
217280,217296,217312,16,16
217280,217297,217312,15,17
217280,217298,217312,14,18
217280,217298,217312,14,18
217280,217297,217312,15,17
217280,217298,217313,15,18
217280,217298,217313,15,18
217280,217298,217313,15,18
217280,217298,217313,15,18
217280,217298,217313,15,18
217280,217298,217314,16,18
217280,217304,217314,10,24
217280,217305,217315,10,25
217280,217305,217316,11,25
217280,217305,217316,11,25
217280,217306,217317,11,26
217280,217307,217317,10,27
217280,217306,217318,12,26
217280,217307,217318,11,27
217280,217307,217318,11,27
217280,217308,217318,10,28
217280,217308,217318,10,28
217280,217308,217319,11,28
217280,217307,217318,11,27
217280,217306,217318,12,26
217280,217307,217318,11,27
217280,217308,217319,11,28
217280,217310,217320,10,30
217280,217308,217319,11,28
217280,217310,217320,10,30
217280,217311,217322,11,31
217280,217310,217321,11,30
217280,217311,217322,11,31
217280,217311,217322,11,31
217280,217311,217322,11,31
217280,217311,217322,11,31
217280,217311,217323,12,31
217280,217312,217323,11,32
217280,217309,217322,13,29
217280,217312,217323,11,32
217280,217309,217323,14,29
217280,217313,217324,11,33
217280,217314,217325,11,34
217280,217313,217324,11,33
217280,217311,217324,13,31
217280,217312,217324,12,32
217280,217313,217324,11,33
217280,217313,217324,11,33
217280,217314,217326,12,34
217280,217314,217325,11,34
217280,217314,217326,12,34
217280,217315,217326,11,35
217280,217314,217326,12,34
217280,217311,217327,16,31
217280,217313,217329,16,33
217280,217316,217329,13,36
217280,217317,217329,12,37
217280,217315,217329,14,35
217280,217319,217330,11,39
217280,217318,217331,13,38
217280,217316,217330,14,36
217280,217318,217330,12,38
217280,217318,217331,13,38
217280,217319,217331,12,39
217280,217318,217331,13,38
217280,217319,217332,13,39
217280,217319,217331,12,39
217280,217319,217332,13,39
217280,217319,217332,13,39
217280,217318,217333,15,38
217280,217320,217334,14,40
217280,217320,217333,13,40
217280,217320,217334,14,40
217280,217323,217335,12,43
217280,217324,217334,10,44
217280,217324,217335,11,44
217280,217323,217335,12,43
217280,217324,217336,12,44
217280,217325,217336,11,45
217280,217325,217336,11,45
217280,217325,217336,11,45
217280,217325,217337,12,45
217280,217322,217337,15,42
217280,217323,217338,15,43
217280,217321,217337,16,41
217280,217323,217339,16,43
217280,217323,217338,15,43
217280,217322,217338,16,42
217280,217326,217339,13,46
217280,217323,217340,17,43
217280,217322,217339,17,42
217280,217330,217341,11,50
217280,217331,217340,9,51
217280,217325,217341,16,45
217280,217330,217341,11,50
217280,217330,217340,10,50
217280,217331,217341,10,51
217280,217331,217341,10,51
217280,217331,217341,10,51
217280,217328,217341,13,48
217280,217327,217341,14,47
217280,217329,217342,13,49
217280,217325,217341,16,45
217280,217326,217342,16,46
217280,217326,217341,15,46
217280,217326,217342,16,46
217280,217332,217342,10,52
217280,217332,217342,10,52
217280,217332,217342,10,52
217280,217332,217342,10,52
217280,217333,217343,10,53
217280,217332,217343,11,52
217280,217333,217343,10,53
217280,217333,217344,11,53
217280,217334,217344,10,54
217280,217334,217345,11,54
217280,217334,217344,10,54
217280,217335,217345,10,55
217280,217335,217347,12,55
217280,217336,217349,13,56
217280,217337,217349,12,57
217280,217336,217350,14,56
217280,217336,217350,14,56
217412,217412,217422,10,0
217412,217412,217422,10,0
217412,217412,217422,10,0
217412,217412,217422,10,0
217412,217412,217422,10,0
217412,217412,217422,10,0
217412,217412,217422,10,0
217412,217412,217423,11,0
217412,217412,217423,11,0
217412,217412,217422,10,0
217412,217412,217422,10,0
217412,217412,217422,10,0
217412,217412,217423,11,0
217412,217412,217422,10,0
217412,217412,217423,11,0
217412,217412,217422,10,0
217412,217412,217424,12,0
217412,217412,217423,11,0
217412,217412,217424,12,0
217412,217412,217424,12,0
217412,217412,217424,12,0
217412,217412,217425,13,0
217412,217412,217424,12,0
217412,217412,217426,14,0
217412,217412,217427,15,0
217412,217412,217427,15,0
217412,217412,217427,15,0
217412,217412,217427,15,0
217412,217412,217428,16,0
217412,217412,217428,16,0
217412,217412,217428,16,0
217412,217412,217428,16,0
217412,217412,217428,16,0
217412,217412,217429,17,0
217412,217412,217429,17,0
217412,217412,217428,16,0
217412,217412,217429,17,0
217412,217412,217429,17,0
217412,217412,217429,17,0
217412,217412,217430,18,0
217412,217412,217430,18,0
217412,217412,217430,18,0
217412,217412,217430,18,0
217412,217412,217431,19,0
217412,217422,217432,10,10
217412,217422,217432,10,10
217412,217422,217432,10,10
217412,217422,217432,10,10
217412,217422,217432,10,10
217412,217423,217432,9,11
217412,217422,217433,11,10
217412,217422,217432,10,10
217412,217423,217433,10,11
217412,217424,217434,10,12
217412,217423,217434,11,11
217412,217423,217434,11,11
217412,217423,217434,11,11
217412,217423,217434,11,11
217412,217423,217434,11,11
217412,217424,217434,10,12
217412,217424,217434,10,12
217412,217425,217437,12,13
217412,217425,217437,12,13
217412,217426,217437,11,14
217412,217427,217438,11,15
217412,217427,217439,12,15
217412,217427,217439,12,15
217412,217427,217439,12,15
217412,217423,217440,17,11
217412,217424,217440,16,12
217412,217429,217439,10,17
217412,217429,217440,11,17
217412,217428,217440,12,16
217412,217429,217440,11,17
217412,217429,217440,11,17
217412,217428,217440,12,16
217412,217428,217440,12,16
217412,217429,217440,11,17
217412,217428,217440,12,16
217412,217423,217441,18,11
217412,217425,217441,16,13
217412,217430,217441,11,18
217412,217430,217441,11,18
217412,217429,217441,12,17
217412,217430,217441,11,18
217412,217428,217440,12,16
217412,217430,217441,11,18
217412,217432,217442,10,20
217412,217432,217442,10,20
217412,217431,217442,11,19
217412,217432,217442,10,20
217412,217432,217442,10,20
217412,217432,217442,10,20
217412,217433,217443,10,21
217412,217433,217443,10,21
217412,217433,217443,10,21
217412,217433,217443,10,21
217412,217434,217444,10,22
217412,217434,217444,10,22
217412,217434,217444,10,22
217412,217435,217444,9,23
217412,217435,217444,9,23
217412,217435,217445,10,23
217412,217435,217445,10,23
217412,217435,217446,11,23
217412,217437,217448,11,25
217412,217437,217448,11,25
217412,217437,217449,12,25
217412,217440,217450,10,28
217412,217439,217450,11,27
217412,217438,217450,12,26
217412,217440,217451,11,28
217412,217440,217451,11,28
217412,217439,217451,12,27
217412,217440,217451,11,28
217412,217440,217452,12,28
217412,217439,217451,12,27
217412,217442,217452,10,30
217412,217443,217452,9,31
217412,217440,217452,12,28
217412,217441,217452,11,29
217412,217441,217452,11,29
217412,217442,217452,10,30
217412,217441,217452,11,29
217412,217442,217453,11,30
217412,217441,217452,11,29
217412,217443,217452,9,31
217412,217443,217452,9,31
217412,217443,217452,9,31
217412,217442,217453,11,30
217412,217444,217453,9,32
217412,217444,217453,9,32
217412,217441,217453,12,29
217412,217444,217453,9,32
217412,217442,217454,12,30
217412,217444,217453,9,32
217412,217445,217454,9,33
217412,217442,217454,12,30
217412,217445,217454,9,33
217412,217445,217454,9,33
217412,217445,217454,9,33
217412,217445,217454,9,33
217412,217446,217456,10,34
217412,217446,217456,10,34
217412,217442,217456,14,30
217412,217442,217457,15,30
217412,217447,217458,11,35
217412,217442,217458,16,30
217412,217442,217458,16,30
217412,217449,217460,11,37
217412,217449,217460,11,37
217412,217450,217461,11,38
217412,217452,217462,10,40
217412,217453,217463,10,41
217412,217453,217463,10,41
217412,217452,217463,11,40
217412,217452,217463,11,40
217412,217451,217464,13,39
217412,217453,217463,10,41
217412,217452,217463,11,40
217412,217453,217463,10,41
217412,217452,217463,11,40
217412,217453,217464,11,41
217412,217453,217463,10,41
217412,217453,217463,10,41
217412,217454,217464,10,42
217412,217454,217463,9,42
217412,217453,217464,11,41
217412,217453,217464,11,41
217412,217453,217464,11,41
217412,217453,217464,11,41
217412,217454,217465,11,42
217412,217454,217464,10,42
217412,217455,217464,9,43
217412,217451,217464,13,39
217412,217453,217464,11,41
217412,217454,217464,10,42
217412,217455,217464,9,43
217412,217455,217464,9,43
217412,217455,217465,10,43
217412,217455,217465,10,43
217412,217451,217465,14,39
217412,217454,217465,11,42
217412,217456,217466,10,44
217412,217456,217466,10,44
217412,217455,217466,11,43
217412,217454,217466,12,42
217412,217452,217469,17,40
217412,217457,217468,11,45
217412,217458,217469,11,46
217412,217458,217469,11,46
217412,217459,217470,11,47
217412,217461,217472,11,49
217412,217459,217471,12,47
217412,217461,217472,11,49
217412,217462,217473,11,50
217412,217463,217472,9,51
217412,217463,217473,10,51
217412,217463,217474,11,51
217412,217464,217475,11,52
217540,217540,217550,10,0
217540,217540,217550,10,0
217540,217540,217550,10,0
217540,217540,217550,10,0
217540,217540,217551,11,0
217540,217540,217550,10,0
217540,217540,217551,11,0
217540,217540,217551,11,0
217540,217540,217551,11,0
217540,217540,217551,11,0
217540,217540,217551,11,0
217540,217540,217551,11,0
217540,217540,217552,12,0
217540,217540,217552,12,0
217540,217540,217552,12,0
217540,217540,217552,12,0
217540,217540,217552,12,0
217540,217540,217552,12,0
217540,217540,217552,12,0
217540,217540,217553,13,0
217540,217540,217553,13,0
217540,217540,217553,13,0
217540,217540,217553,13,0
217540,217540,217553,13,0
217540,217540,217553,13,0
217540,217540,217553,13,0
217540,217540,217553,13,0
217540,217540,217553,13,0
217540,217540,217553,13,0
217540,217540,217553,13,0
217540,217540,217553,13,0
217540,217540,217553,13,0
217540,217540,217553,13,0
217540,217540,217554,14,0
217540,217540,217554,14,0
217540,217540,217554,14,0
217540,217540,217554,14,0
217540,217540,217557,17,0
217540,217540,217559,19,0
217540,217540,217559,19,0
217540,217550,217560,10,10
217540,217550,217560,10,10
217540,217550,217560,10,10
217540,217551,217561,10,11
217540,217552,217562,10,12
217540,217552,217561,9,12
217540,217552,217561,9,12
217540,217550,217561,11,10
217540,217552,217561,9,12
217540,217552,217562,10,12
217540,217552,217562,10,12
217540,217553,217562,9,13
217540,217552,217562,10,12
217540,217553,217563,10,13
217540,217553,217563,10,13
217540,217552,217565,13,12
217540,217553,217564,11,13
217540,217554,217565,11,14
217540,217554,217565,11,14
217540,217552,217565,13,12
217540,217554,217565,11,14
217540,217554,217565,11,14
217540,217555,217566,11,15
217540,217554,217566,12,14
217540,217554,217565,11,14
217540,217554,217565,11,14
217540,217554,217565,11,14
217540,217555,217566,11,15
217540,217555,217566,11,15
217540,217554,217566,12,14
217540,217554,217566,12,14
217540,217554,217566,12,14
217540,217555,217566,11,15
217540,217554,217568,14,14
217540,217554,217568,14,14
217540,217554,217568,14,14
217540,217558,217569,11,18
217540,217553,217568,15,13
217540,217561,217570,9,21
217540,217561,217570,9,21
217540,217561,217570,9,21
217540,217560,217571,11,20
217540,217560,217570,10,20
217540,217562,217571,9,22
217540,217562,217571,9,22
217540,217562,217572,10,22
217540,217562,217572,10,22
217540,217562,217572,10,22
217540,217562,217573,11,22
217540,217563,217572,9,23
217540,217563,217573,10,23
217540,217563,217573,10,23
217540,217563,217573,10,23
217540,217564,217574,10,24
217540,217564,217575,11,24
217540,217565,217576,11,25
217540,217565,217575,10,25
217540,217540,217576,36,0
217540,217566,217577,11,26
217540,217566,217577,11,26
217540,217566,217577,11,26
217540,217566,217577,11,26
217540,217540,217577,37,0
217540,217566,217577,11,26
217540,217566,217577,11,26
217540,217567,217577,10,27
217540,217566,217577,11,26
217540,217566,217578,12,26
217540,217567,217578,11,27
217540,217566,217577,11,26
217540,217567,217578,11,27
217540,217540,217578,38,0
217540,217540,217578,38,0
217540,217569,217580,11,29
217540,217569,217580,11,29
217540,217566,217579,13,26
217540,217568,217579,11,28
217540,217568,217580,12,28
217540,217571,217581,10,31
217540,217567,217580,13,27
217540,217571,217580,9,31
217540,217571,217581,10,31
217540,217569,217580,11,29
217540,217566,217580,14,26
217540,217572,217582,10,32
217540,217571,217582,11,31
217540,217572,217581,9,32
217540,217572,217582,10,32
217540,217567,217582,15,27
217540,217573,217583,10,33
217540,217571,217582,11,31
217540,217573,217584,11,33
217540,217573,217584,11,33
217540,217574,217584,10,34
217540,217576,217586,10,36
217540,217575,217586,11,35
217540,217575,217585,10,35
217540,217573,217586,13,33
217540,217576,217587,11,36
217540,217574,217587,13,34
217540,217573,217587,14,33
217540,217577,217587,10,37
217540,217577,217588,11,37
217540,217578,217588,10,38
217540,217577,217588,11,37
217540,217577,217589,12,37
217540,217577,217589,12,37
217540,217578,217589,11,38
217540,217579,217590,11,39
217540,217578,217590,12,38
217540,217580,217590,10,40
217540,217581,217591,10,41
217540,217578,217590,12,38
217540,217578,217591,13,38
217540,217578,217591,13,38
217540,217581,217591,10,41
217540,217580,217591,11,40
217540,217579,217591,12,39
217540,217580,217591,11,40
217540,217580,217593,13,40
217540,217581,217592,11,41
217540,217582,217593,11,42
217540,217583,217593,10,43
217540,217582,217593,11,42
217540,217580,217594,14,40
217540,217583,217594,11,43
217540,217582,217593,11,42
217540,217578,217595,17,38
217540,217584,217594,10,44
217540,217578,217595,17,38
217540,217581,217595,14,41
217540,217581,217596,15,41
217540,217581,217595,14,41
217540,217582,217595,13,42
217540,217585,217597,12,45
217540,217586,217596,10,46
217540,217585,217597,12,45
217540,217586,217596,10,46
217540,217587,217597,10,47
217540,217587,217598,11,47
217540,217586,217597,11,46
217540,217578,217598,20,38
217540,217586,217598,12,46
217540,217588,217598,10,48
217540,217583,217598,15,43
217540,217587,217599,12,47
217540,217588,217599,11,48
217540,217589,217600,11,49
217540,217591,217601,10,51
217540,217589,217601,12,49
217540,217591,217602,11,51
217540,217591,217602,11,51
217540,217590,217604,14,50
217540,217590,217604,14,50
217540,217591,217605,14,51
217540,217591,217607,16,51
217540,217591,217607,16,51
217540,217590,217607,17,50
217540,217591,217607,16,51
217540,217591,217609,18,51
217659,217659,217670,11,0
217659,217659,217670,11,0
217659,217659,217670,11,0
217659,217659,217670,11,0
217659,217659,217670,11,0
217659,217659,217670,11,0
217659,217659,217670,11,0
217659,217659,217670,11,0
217659,217659,217671,12,0
217659,217659,217671,12,0
217659,217659,217671,12,0
217659,217659,217671,12,0
217659,217659,217671,12,0
217659,217659,217671,12,0
217659,217659,217671,12,0
217659,217659,217671,12,0
217659,217659,217671,12,0
217659,217659,217672,13,0
217659,217659,217672,13,0
217659,217659,217672,13,0
217659,217659,217671,12,0
217659,217659,217672,13,0
217659,217659,217672,13,0
217659,217659,217672,13,0
217659,217659,217672,13,0
217659,217659,217672,13,0
217659,217659,217672,13,0
217659,217659,217672,13,0
217659,217659,217672,13,0
217659,217659,217673,14,0
217659,217659,217673,14,0
217659,217659,217674,15,0
217659,217659,217674,15,0
217659,217659,217675,16,0
217659,217659,217675,16,0
217659,217659,217676,17,0
217659,217659,217676,17,0
217659,217659,217676,17,0
217659,217659,217676,17,0
217659,217659,217676,17,0
217659,217659,217677,18,0
217659,217659,217677,18,0
217659,217659,217677,18,0
217659,217659,217679,20,0
217659,217671,217681,10,12
217659,217671,217681,10,12
217659,217672,217682,10,13
217659,217671,217682,11,12
217659,217672,217682,10,13
217659,217670,217683,13,11
217659,217671,217683,12,12
217659,217672,217683,11,13
217659,217671,217684,13,12
217659,217672,217683,11,13
217659,217671,217683,12,12
217659,217671,217684,13,12
217659,217673,217684,11,14
217659,217673,217685,12,14
217659,217673,217684,11,14
217659,217671,217684,13,12
217659,217673,217685,12,14
217659,217673,217684,11,14
217659,217672,217685,13,13
217659,217672,217685,13,13
217659,217673,217686,13,14
217659,217675,217686,11,16
217659,217671,217686,15,12
217659,217672,217686,14,13
217659,217673,217686,13,14
217659,217673,217686,13,14
217659,217672,217687,15,13
217659,217675,217687,12,16
217659,217673,217687,14,14
217659,217676,217688,12,17
217659,217673,217688,15,14
217659,217676,217688,12,17
217659,217674,217689,15,15
217659,217674,217690,16,15
217659,217674,217690,16,15
217659,217677,217692,15,18
217659,217679,217692,13,20
217659,217677,217693,16,18
217659,217677,217693,16,18
217659,217677,217693,16,18
217659,217682,217694,12,23
217659,217677,217694,17,18
217659,217678,217694,16,19
217659,217684,217695,11,25
217659,217684,217695,11,25
217659,217685,217696,11,26
217659,217682,217695,13,23
217659,217684,217696,12,25
217659,217678,217696,18,19
217659,217684,217696,12,25
217659,217684,217696,12,25
217659,217685,217697,12,26
217659,217685,217697,12,26
217659,217683,217696,13,24
217659,217683,217696,13,24
217659,217685,217696,11,26
217659,217685,217697,12,26
217659,217684,217698,14,25
217659,217678,217697,19,19
217659,217683,217697,14,24
217659,217685,217697,12,26
217659,217685,217698,13,26
217659,217686,217699,13,27
217659,217686,217700,14,27
217659,217688,217701,13,29
217659,217686,217701,15,27
217659,217688,217702,14,29
217659,217689,217702,13,30
217659,217686,217701,15,27
217659,217687,217702,15,28
217659,217687,217701,14,28
217659,217689,217701,12,30
217659,217691,217703,12,32
217659,217689,217702,13,30
217659,217687,217704,17,28
217659,217687,217703,16,28
217659,217690,217704,14,31
217659,217688,217703,15,29
217659,217690,217705,15,31
217659,217695,217707,12,36
217659,217693,217707,14,34
217659,217693,217706,13,34
217659,217696,217706,10,37
217659,217694,217707,13,35
217659,217694,217707,13,35
217659,217693,217708,15,34
217659,217695,217707,12,36
217659,217696,217708,12,37
217659,217697,217708,11,38
217659,217696,217707,11,37
217659,217698,217709,11,39
217659,217695,217708,13,36
217659,217697,217709,12,38
217659,217698,217709,11,39
217659,217696,217710,14,37
217659,217697,217709,12,38
217659,217696,217710,14,37
217659,217697,217711,14,38
217659,217699,217711,12,40
217659,217698,217711,13,39
217659,217697,217711,14,38
217659,217697,217711,14,38
217659,217698,217711,13,39
217659,217700,217712,12,41
217659,217697,217714,17,38
217659,217697,217715,18,38
217659,217702,217715,13,43
217659,217702,217714,12,43
217659,217701,217714,13,42
217659,217703,217715,12,44
217659,217700,217714,14,41
217659,217698,217715,17,39
217659,217702,217715,13,43
217659,217703,217716,13,44
217659,217704,217716,12,45
217659,217702,217717,15,43
217659,217702,217718,16,43
217659,217704,217718,14,45
217659,217702,217718,16,43
217659,217702,217719,17,43
217659,217704,217720,16,45
217659,217704,217720,16,45
217659,217708,217719,11,49
217659,217708,217720,12,49
217659,217709,217720,11,50
217659,217707,217720,13,48
217659,217709,217720,11,50
217659,217707,217720,13,48
217659,217712,217722,10,53
217659,217707,217722,15,48
217659,217707,217722,15,48
217659,217709,217721,12,50
217659,217710,217722,12,51
217659,217710,217721,11,51
217659,217708,217722,14,49
217659,217710,217721,11,51
217659,217710,217721,11,51
217659,217711,217721,10,52
217659,217706,217722,16,47
217659,217711,217722,11,52
217659,217708,217722,14,49
217659,217711,217723,12,52
217659,217708,217723,15,49
217659,217708,217723,15,49
217659,217708,217724,16,49
217659,217712,217725,13,53
217659,217712,217725,13,53
217659,217712,217726,14,53
217659,217715,217726,11,56
217659,217715,217727,12,56
217659,217716,217727,11,57
217659,217715,217727,12,56
217659,217715,217727,12,56
217659,217715,217727,12,56
217659,217715,217727,12,56
217659,217714,217727,13,55
217769,217769,217779,10,0
217769,217769,217780,11,0
217769,217769,217780,11,0
217769,217769,217780,11,0
217769,217769,217780,11,0
217769,217769,217780,11,0
217769,217769,217780,11,0
217769,217769,217780,11,0
217769,217769,217780,11,0
217769,217769,217780,11,0
217769,217769,217780,11,0
217769,217769,217780,11,0
217769,217769,217781,12,0
217769,217769,217781,12,0
217769,217769,217781,12,0
217769,217769,217782,13,0
217769,217769,217782,13,0
217769,217769,217782,13,0
217769,217769,217782,13,0
217769,217769,217782,13,0
217769,217769,217782,13,0
217769,217769,217782,13,0
217769,217769,217782,13,0
217769,217769,217782,13,0
217769,217769,217782,13,0
217769,217769,217782,13,0
217769,217769,217782,13,0
217769,217769,217782,13,0
217769,217769,217782,13,0
217769,217769,217782,13,0
217769,217769,217783,14,0
217769,217769,217783,14,0
217769,217769,217783,14,0
217769,217769,217783,14,0
217769,217769,217782,13,0
217769,217769,217783,14,0
217769,217769,217783,14,0
217769,217769,217783,14,0
217769,217769,217783,14,0
217769,217769,217783,14,0
217769,217769,217783,14,0
217769,217769,217783,14,0
217769,217769,217783,14,0
217769,217769,217783,14,0
217769,217780,217790,10,11
217769,217780,217791,11,11
217769,217780,217791,11,11
217769,217780,217791,11,11
217769,217779,217791,12,10
217769,217780,217791,11,11
217769,217780,217791,11,11
217769,217780,217791,11,11
217769,217780,217791,11,11
217769,217780,217792,12,11
217769,217780,217793,13,11
217769,217781,217793,12,12
217769,217781,217793,12,12
217769,217780,217793,13,11
217769,217781,217793,12,12
217769,217782,217795,13,13
217769,217782,217795,13,13
217769,217782,217795,13,13
217769,217783,217795,12,14
217769,217782,217796,14,13
217769,217783,217796,13,14
217769,217783,217797,14,14
217769,217783,217797,14,14
217769,217783,217797,14,14
217769,217783,217797,14,14
217769,217782,217797,15,13
217769,217782,217797,15,13
217769,217782,217797,15,13
217769,217782,217797,15,13
217769,217783,217797,14,14
217769,217784,217798,14,15
217769,217783,217798,15,14
217769,217783,217798,15,14
217769,217783,217798,15,14
217769,217782,217798,16,13
217769,217783,217798,15,14
217769,217783,217798,15,14
217769,217783,217798,15,14
217769,217784,217798,14,15
217769,217783,217799,16,14
217769,217783,217799,16,14
217769,217784,217799,15,15
217769,217784,217799,15,15
217769,217784,217801,17,15
217769,217793,217803,10,24
217769,217793,217803,10,24
217769,217791,217803,12,22
217769,217792,217804,12,23
217769,217792,217804,12,23
217769,217792,217804,12,23
217769,217792,217804,12,23
217769,217792,217804,12,23
217769,217792,217804,12,23
217769,217792,217804,12,23
217769,217792,217804,12,23
217769,217794,217806,12,25
217769,217794,217806,12,25
217769,217794,217806,12,25
217769,217794,217806,12,25
217769,217796,217807,11,27
217769,217796,217808,12,27
217769,217796,217809,13,27
217769,217796,217809,13,27
217769,217798,217810,12,29
217769,217798,217810,12,29
217769,217798,217810,12,29
217769,217799,217811,12,30
217769,217798,217811,13,29
217769,217798,217811,13,29
217769,217797,217811,14,28
217769,217798,217811,13,29
217769,217797,217812,15,28
217769,217798,217811,13,29
217769,217798,217811,13,29
217769,217798,217812,14,29
217769,217799,217812,13,30
217769,217799,217812,13,30
217769,217798,217812,14,29
217769,217800,217812,12,31
217769,217799,217812,13,30
217769,217799,217812,13,30
217769,217799,217813,14,30
217769,217800,217812,12,31
217769,217800,217814,14,31
217769,217799,217814,15,30
217769,217799,217813,14,30
217769,217802,217814,12,33
217769,217800,217814,14,31
217769,217804,217815,11,35
217769,217804,217816,12,35
217769,217804,217817,13,35
217769,217805,217817,12,36
217769,217805,217817,12,36
217769,217805,217819,14,36
217769,217805,217818,13,36
217769,217807,217818,11,38
217769,217805,217818,13,36
217769,217805,217818,13,36
217769,217807,217818,11,38
217769,217805,217818,13,36
217769,217807,217819,12,38
217769,217805,217818,13,36
217769,217807,217818,11,38
217769,217808,217821,13,39
217769,217809,217823,14,40
217769,217811,217824,13,42
217769,217812,217825,13,43
217769,217812,217824,12,43
217769,217812,217824,12,43
217769,217810,217825,15,41
217769,217811,217825,14,42
217769,217811,217825,14,42
217769,217810,217825,15,41
217769,217812,217826,14,43
217769,217812,217826,14,43
217769,217813,217826,13,44
217769,217812,217827,15,43
217769,217813,217827,14,44
217769,217812,217827,15,43
217769,217812,217827,15,43
217769,217813,217829,16,44
217769,217814,217828,14,45
217769,217815,217829,14,46
217769,217817,217829,12,48
217769,217813,217829,16,44
217769,217813,217829,16,44
217769,217814,217829,15,45
217769,217813,217830,17,44
217769,217813,217829,16,44
217769,217816,217829,13,47
217769,217817,217830,13,48
217769,217819,217830,11,50
217769,217815,217830,15,46
217769,217813,217830,17,44
217769,217814,217831,17,45
217769,217817,217830,13,48
217769,217818,217831,13,49
217769,217819,217831,12,50
217769,217819,217831,12,50
217769,217819,217831,12,50
217769,217819,217831,12,50
217769,217813,217831,18,44
217769,217819,217831,12,50
217769,217819,217831,12,50
217769,217819,217831,12,50
217769,217819,217832,13,50
217769,217819,217832,13,50
217769,217821,217834,13,52
217769,217825,217838,13,56
217769,217825,217838,13,56
217769,217826,217839,13,57
217769,217826,217841,15,57
217769,217824,217840,16,55
217769,217825,217841,16,56
217769,217825,217843,18,56
217769,217826,217845,19,57
217895,217895,217907,12,0
217895,217895,217906,11,0
217895,217895,217906,11,0
217895,217895,217907,12,0
217895,217895,217906,11,0
217895,217895,217908,13,0
217895,217895,217907,12,0
217895,217895,217908,13,0
217895,217895,217908,13,0
217895,217895,217907,12,0
217895,217895,217907,12,0
217895,217895,217908,13,0
217895,217895,217909,14,0
217895,217895,217908,13,0
217895,217895,217908,13,0
217895,217895,217908,13,0
217895,217895,217908,13,0
217895,217895,217909,14,0
217895,217895,217909,14,0
217895,217895,217909,14,0
217895,217895,217910,15,0
217895,217895,217909,14,0
217895,217895,217910,15,0
217895,217895,217910,15,0
217895,217895,217909,14,0
217895,217895,217910,15,0
217895,217895,217910,15,0
217895,217895,217909,14,0
217895,217895,217909,14,0
217895,217895,217910,15,0
217895,217895,217911,16,0
217895,217895,217911,16,0
217895,217895,217910,15,0
217895,217895,217911,16,0
217895,217895,217911,16,0
217895,217895,217910,15,0
217895,217895,217911,16,0
217895,217895,217912,17,0
217895,217895,217911,16,0
217895,217895,217912,17,0
217895,217895,217913,18,0
217895,217895,217912,17,0
217895,217895,217914,19,0
217895,217895,217915,20,0
217895,217907,217918,11,12
217895,217907,217919,12,12
217895,217908,217919,11,13
217895,217907,217919,12,12
217895,217907,217919,12,12
217895,217907,217919,12,12
217895,217908,217920,12,13
217895,217908,217920,12,13
217895,217909,217920,11,14
217895,217909,217920,11,14
217895,217908,217921,13,13
217895,217908,217921,13,13
217895,217909,217920,11,14
217895,217908,217921,13,13
217895,217908,217920,12,13
217895,217909,217921,12,14
217895,217909,217922,13,14
217895,217910,217924,14,15
217895,217911,217924,13,16
217895,217911,217924,13,16
217895,217909,217923,14,14
217895,217909,217924,15,14
217895,217909,217925,16,14
217895,217910,217924,14,15
217895,217910,217924,14,15
217895,217910,217924,14,15
217895,217910,217925,15,15
217895,217910,217925,15,15
217895,217911,217925,14,16
217895,217910,217925,15,15
217895,217911,217926,15,16
217895,217912,217926,14,17
217895,217911,217926,15,16
217895,217913,217926,13,18
217895,217910,217925,15,15
217895,217911,217926,15,16
217895,217911,217926,15,16
217895,217910,217927,17,15
217895,217911,217928,17,16
217895,217912,217928,16,17
217895,217913,217929,16,18
217895,217915,217930,15,20
217895,217913,217930,17,18
217895,217915,217929,14,20
217895,217918,217930,12,23
217895,217919,217931,12,24
217895,217919,217931,12,24
217895,217919,217931,12,24
217895,217919,217932,13,24
217895,217919,217932,13,24
217895,217920,217932,12,25
217895,217920,217933,13,25
217895,217920,217932,12,25
217895,217920,217932,12,25
217895,217921,217933,12,26
217895,217921,217934,13,26
217895,217921,217934,13,26
217895,217921,217934,13,26
217895,217921,217934,13,26
217895,217923,217935,12,28
217895,217921,217936,15,26
217895,217924,217937,13,29
217895,217924,217938,14,29
217895,217924,217938,14,29
217895,217925,217939,14,30
217895,217925,217940,15,30
217895,217924,217940,16,29
217895,217925,217940,15,30
217895,217925,217941,16,30
217895,217926,217940,14,31
217895,217925,217940,15,30
217895,217924,217940,16,29
217895,217926,217941,15,31
217895,217926,217941,15,31
217895,217927,217942,15,32
217895,217928,217943,15,33
217895,217926,217942,16,31
217895,217927,217943,16,32
217895,217926,217943,17,31
217895,217927,217943,16,32
217895,217926,217943,17,31
217895,217925,217943,18,30
217895,217931,217943,12,36
217895,217928,217944,16,33
217895,217933,217944,11,38
217895,217931,217944,13,36
217895,217926,217944,18,31
217895,217932,217944,12,37
217895,217932,217944,12,37
217895,217930,217944,14,35
217895,217930,217945,15,35
217895,217930,217945,15,35
217895,217931,217945,14,36
217895,217932,217945,13,37
217895,217933,217944,11,38
217895,217933,217946,13,38
217895,217934,217946,12,39
217895,217934,217946,12,39
217895,217933,217946,13,38
217895,217934,217946,12,39
217895,217929,217947,18,34
217895,217930,217947,17,35
217895,217934,217947,13,39
217895,217935,217948,13,40
217895,217936,217950,14,41
217895,217937,217951,14,42
217895,217938,217951,13,43
217895,217938,217953,15,43
217895,217940,217953,13,45
217895,217939,217954,15,44
217895,217941,217955,14,46
217895,217941,217956,15,46
217895,217942,217956,14,47
217895,217941,217956,15,46
217895,217944,217956,12,49
217895,217943,217956,13,48
217895,217943,217957,14,48
217895,217940,217957,17,45
217895,217943,217957,14,48
217895,217940,217957,17,45
217895,217943,217957,14,48
217895,217945,217957,12,50
217895,217944,217957,13,49
217895,217944,217957,13,49
217895,217944,217958,14,49
217895,217941,217958,17,46
217895,217941,217958,17,46
217895,217943,217958,15,48
217895,217943,217958,15,48
217895,217943,217958,15,48
217895,217945,217958,13,50
217895,217944,217958,14,49
217895,217945,217958,13,50
217895,217945,217958,13,50
217895,217943,217959,16,48
217895,217945,217959,14,50
217895,217946,217959,13,51
217895,217947,217959,12,52
217895,217947,217959,12,52
217895,217947,217959,12,52
217895,217947,217959,12,52
217895,217947,217960,13,52
217895,217943,217960,17,48
217895,217945,217960,15,50
217895,217944,217960,16,49
217895,217948,217960,12,53
217895,217949,217960,11,54
217895,217950,217964,14,55
217895,217947,217965,18,52
217895,217951,217965,14,56
217895,217954,217968,14,59
217895,217953,217969,16,58
217895,217955,217970,15,60
217895,217951,217970,19,56
217895,217953,217970,17,58
217895,217957,217971,14,62
218024,218024,218036,12,0
218024,218024,218036,12,0
218024,218024,218037,13,0
218024,218024,218036,12,0
218024,218024,218036,12,0
218024,218024,218036,12,0
218024,218024,218036,12,0
218024,218024,218037,13,0
218024,218024,218037,13,0
218024,218024,218038,14,0
218024,218024,218037,13,0
218024,218024,218038,14,0
218024,218024,218037,13,0
218024,218024,218037,13,0
218024,218024,218038,14,0
218024,218024,218037,13,0
218024,218024,218038,14,0
218024,218024,218037,13,0
218024,218024,218037,13,0
218024,218024,218039,15,0
218024,218024,218038,14,0
218024,218024,218038,14,0
218024,218024,218038,14,0
218024,218024,218038,14,0
218024,218024,218039,15,0
218024,218024,218039,15,0
218024,218024,218038,14,0
218024,218024,218038,14,0
218024,218024,218038,14,0
218024,218024,218039,15,0
218024,218024,218040,16,0
218024,218024,218040,16,0
218024,218024,218039,15,0
218024,218024,218039,15,0
218024,218024,218040,16,0
218024,218024,218039,15,0
218024,218024,218040,16,0
218024,218024,218040,16,0
218024,218024,218040,16,0
218024,218024,218040,16,0
218024,218024,218041,17,0
218024,218024,218041,17,0
218024,218024,218042,18,0
218024,218024,218043,19,0
218024,218036,218048,12,12
218024,218037,218050,13,13
218024,218037,218050,13,13
218024,218037,218050,13,13
218024,218038,218051,13,14
218024,218038,218051,13,14
218024,218038,218051,13,14
218024,218037,218050,13,13
218024,218037,218051,14,13
218024,218037,218051,14,13
218024,218038,218050,12,14
218024,218038,218050,12,14
218024,218038,218050,12,14
218024,218039,218052,13,15
218024,218039,218052,13,15
218024,218038,218051,13,14
218024,218038,218052,14,14
218024,218039,218053,14,15
218024,218039,218053,14,15
218024,218039,218053,14,15
218024,218038,218054,16,14
218024,218039,218054,15,15
218024,218039,218054,15,15
218024,218038,218053,15,14
218024,218039,218054,15,15
218024,218038,218054,16,14
218024,218038,218054,16,14
218024,218039,218055,16,15
218024,218039,218055,16,15
218024,218040,218055,15,16
218024,218040,218056,16,16
218024,218039,218056,17,15
218024,218040,218056,16,16
218024,218041,218056,15,17
218024,218040,218057,17,16
218024,218040,218056,16,16
218024,218041,218057,16,17
218024,218040,218057,17,16
218024,218040,218056,16,16
218024,218040,218056,16,16
218024,218041,218058,17,17
218024,218040,218058,18,16
218024,218042,218059,17,18
218024,218043,218059,16,19
218024,218048,218061,13,24
218024,218050,218063,13,26
218024,218050,218063,13,26
218024,218051,218065,14,27
218024,218051,218065,14,27
218024,218051,218065,14,27
218024,218050,218065,15,26
218024,218051,218066,15,27
218024,218051,218066,15,27
218024,218051,218066,15,27
218024,218052,218066,14,28
218024,218051,218067,16,27
218024,218052,218067,15,28
218024,218051,218067,16,27
218024,218051,218068,17,27
218024,218052,218069,17,28
218024,218056,218069,13,32
218024,218054,218070,16,30
218024,218052,218070,18,28
218024,218053,218070,17,29
218024,218054,218070,16,30
218024,218053,218070,17,29
218024,218056,218070,14,32
218024,218054,218070,16,30
218024,218054,218071,17,30
218024,218057,218071,14,33
218024,218057,218071,14,33
218024,218055,218071,16,31
218024,218055,218071,16,31
218024,218053,218071,18,29
218024,218054,218071,17,30
218024,218057,218072,15,33
218024,218057,218071,14,33
218024,218055,218072,17,31
218024,218054,218072,18,30
218024,218057,218072,15,33
218024,218057,218073,16,33
218024,218058,218072,14,34
218024,218057,218073,16,33
218024,218059,218073,14,35
218024,218057,218073,16,33
218024,218056,218074,18,32
218024,218059,218074,15,35
218024,218061,218074,13,37
218024,218058,218075,17,34
218024,218063,218076,13,39
218024,218064,218077,13,40
218024,218065,218078,13,41
218024,218065,218078,13,41
218024,218066,218078,12,42
218024,218066,218079,13,42
218024,218066,218079,13,42
218024,218067,218079,12,43
218024,218065,218078,13,41
218024,218066,218079,13,42
218024,218066,218079,13,42
218024,218067,218079,12,43
218024,218067,218080,13,43
218024,218068,218080,12,44
218024,218069,218081,12,45
218024,218070,218082,12,46
218024,218070,218083,13,46
218024,218070,218084,14,46
218024,218070,218084,14,46
218024,218070,218085,15,46
218024,218071,218085,14,47
218024,218070,218085,15,46
218024,218069,218085,16,45
218024,218071,218086,15,47
218024,218071,218087,16,47
218024,218071,218087,16,47
218024,218071,218087,16,47
218024,218071,218087,16,47
218024,218070,218087,17,46
218024,218072,218087,15,48
218024,218071,218087,16,47
218024,218075,218087,12,51
218024,218073,218087,14,49
218024,218073,218087,14,49
218024,218072,218088,16,48
218024,218073,218088,15,49
218024,218072,218088,16,48
218024,218074,218088,14,50
218024,218077,218089,12,53
218024,218076,218089,13,52
218024,218073,218089,16,49
218024,218074,218089,15,50
218024,218076,218089,13,52
218024,218074,218090,16,50
218024,218074,218090,16,50
218024,218074,218090,16,50
218024,218078,218090,12,54
218024,218080,218091,11,56
218024,218079,218091,12,55
218024,218079,218091,12,55
218024,218080,218091,11,56
218024,218080,218091,11,56
218024,218080,218092,12,56
218024,218080,218092,12,56
218024,218080,218092,12,56
218024,218081,218093,12,57
218024,218081,218093,12,57
218024,218080,218093,13,56
218024,218084,218096,12,60
218024,218083,218095,12,59
218024,218082,218096,14,58
218024,218085,218099,14,61
218024,218085,218099,14,61
218024,218086,218100,14,62
218024,218086,218100,14,62
218024,218085,218101,16,61
218024,218085,218101,16,61
218205,218205,218217,12,0
218205,218205,218217,12,0
218205,218205,218217,12,0
218205,218205,218217,12,0
218205,218205,218217,12,0
218205,218205,218218,13,0
218205,218205,218217,12,0
218205,218205,218218,13,0
218205,218205,218218,13,0
218205,218205,218218,13,0
218205,218205,218218,13,0
218205,218205,218218,13,0
218205,218205,218217,12,0
218205,218205,218218,13,0
218205,218205,218218,13,0
218205,218205,218218,13,0
218205,218205,218218,13,0
218205,218205,218218,13,0
218205,218205,218219,14,0
218205,218205,218219,14,0
218205,218205,218220,15,0
218205,218205,218221,16,0
218205,218205,218221,16,0
218205,218205,218221,16,0
218205,218205,218221,16,0
218205,218205,218221,16,0
218205,218205,218221,16,0
218205,218205,218221,16,0
218205,218205,218221,16,0
218205,218205,218221,16,0
218205,218205,218221,16,0
218205,218205,218221,16,0
218205,218205,218222,17,0
218205,218205,218222,17,0
218205,218205,218222,17,0
218205,218205,218222,17,0
218205,218205,218222,17,0
218205,218205,218222,17,0
218205,218205,218222,17,0
218205,218205,218222,17,0
218205,218205,218222,17,0
218205,218205,218222,17,0
218205,218205,218223,18,0
218205,218205,218224,19,0
218205,218217,218229,12,12
218205,218217,218229,12,12
218205,218217,218229,12,12
218205,218218,218229,11,13
218205,218218,218230,12,13
218205,218218,218230,12,13
218205,218217,218230,13,12
218205,218218,218231,13,13
218205,218218,218231,13,13
218205,218218,218231,13,13
218205,218218,218231,13,13
218205,218218,218231,13,13
218205,218218,218231,13,13
218205,218218,218231,13,13
218205,218218,218231,13,13
218205,218218,218231,13,13
218205,218219,218232,13,14
218205,218221,218234,13,16
218205,218221,218234,13,16
218205,218221,218234,13,16
218205,218221,218234,13,16
218205,218217,218234,17,12
218205,218218,218234,16,13
218205,218219,218234,15,14
218205,218221,218235,14,16
218205,218221,218235,14,16
218205,218223,218235,12,18
218205,218223,218235,12,18
218205,218220,218235,15,15
218205,218221,218235,14,16
218205,218221,218236,15,16
218205,218221,218236,15,16
218205,218223,218237,14,18
218205,218221,218237,16,16
218205,218222,218237,15,17
218205,218223,218237,14,18
218205,218221,218237,16,16
218205,218222,218237,15,17
218205,218222,218237,15,17
218205,218222,218238,16,17
218205,218222,218239,17,17
218205,218222,218239,17,17
218205,218225,218239,14,20
218205,218229,218240,11,24
218205,218229,218240,11,24
218205,218222,218241,19,17
218205,218230,218242,12,25
218205,218231,218242,11,26
218205,218230,218242,12,25
218205,218230,218242,12,25
218205,218231,218242,11,26
218205,218231,218243,12,26
218205,218231,218243,12,26
218205,218231,218243,12,26
218205,218231,218243,12,26
218205,218231,218243,12,26
218205,218231,218243,12,26
218205,218232,218243,11,27
218205,218230,218243,13,25
218205,218230,218243,13,25
218205,218231,218244,13,26
218205,218234,218247,13,29
218205,218234,218247,13,29
218205,218234,218247,13,29
218205,218234,218248,14,29
218205,218234,218248,14,29
218205,218237,218249,12,32
218205,218237,218249,12,32
218205,218237,218249,12,32
218205,218237,218250,13,32
218205,218235,218251,16,30
218205,218235,218251,16,30
218205,218235,218251,16,30
218205,218237,218251,14,32
218205,218234,218251,17,29
218205,218234,218251,17,29
218205,218240,218251,11,35
218205,218237,218251,14,32
218205,218239,218252,13,34
218205,218240,218252,12,35
218205,218237,218252,15,32
218205,218236,218252,16,31
218205,218237,218252,15,32
218205,218236,218253,17,31
218205,218239,218253,14,34
218205,218244,218253,9,39
218205,218242,218253,11,37
218205,218242,218254,12,37
218205,218238,218253,15,33
218205,218243,218253,10,38
218205,218243,218253,10,38
218205,218243,218253,10,38
218205,218237,218253,16,32
218205,218243,218254,11,38
218205,218243,218254,11,38
218205,218243,218254,11,38
218205,218244,218254,10,39
218205,218244,218254,10,39
218205,218237,218255,18,32
218205,218239,218255,16,34
218205,218241,218255,14,36
218205,218244,218255,11,39
218205,218244,218255,11,39
218205,218244,218256,12,39
218205,218245,218257,12,40
218205,218249,218261,12,44
218205,218252,218261,9,47
218205,218252,218262,10,47
218205,218250,218262,12,45
218205,218250,218262,12,45
218205,218252,218263,11,47
218205,218247,218263,16,42
218205,218252,218263,11,47
218205,218248,218263,15,43
218205,218248,218263,15,43
218205,218248,218263,15,43
218205,218253,218263,10,48
218205,218254,218264,10,49
218205,218250,218263,13,45
218205,218252,218264,12,47
218205,218252,218264,12,47
218205,218255,218264,9,50
218205,218251,218264,13,46
218205,218254,218264,10,49
218205,218254,218264,10,49
218205,218255,218264,9,50
218205,218254,218265,11,49
218205,218254,218265,11,49
218205,218255,218265,10,50
218205,218253,218265,12,48
218205,218255,218265,10,50
218205,218253,218265,12,48
218205,218253,218267,14,48
218205,218253,218266,13,48
218205,218254,218266,12,49
218205,218254,218266,12,49
218205,218254,218267,13,49
218205,218255,218267,12,50
218205,218257,218267,10,52
218205,218252,218267,15,47
218205,218252,218267,15,47
218205,218256,218267,11,51
218205,218256,218267,11,51
218205,218256,218268,12,51
218205,218254,218268,14,49
218205,218258,218268,10,53
218205,218256,218269,13,51
218205,218254,218269,15,49
218205,218256,218270,14,51
218205,218262,218272,10,57
218205,218263,218274,11,58
218205,218263,218274,11,58
218205,218264,218275,11,59
218205,218263,218274,11,58
218205,218263,218275,12,58
218205,218262,218276,14,57
218326,218326,218336,10,0
218326,218326,218336,10,0
218326,218326,218336,10,0
218326,218326,218336,10,0
218326,218326,218336,10,0
218326,218326,218336,10,0
218326,218326,218336,10,0
218326,218326,218336,10,0
218326,218326,218336,10,0
218326,218326,218336,10,0
218326,218326,218337,11,0
218326,218326,218337,11,0
218326,218326,218337,11,0
218326,218326,218337,11,0
218326,218326,218337,11,0
218326,218326,218338,12,0
218326,218326,218338,12,0
218326,218326,218338,12,0
218326,218326,218338,12,0
218326,218326,218338,12,0
218326,218326,218339,13,0
218326,218326,218340,14,0
218326,218326,218339,13,0
218326,218326,218339,13,0
218326,218326,218340,14,0
218326,218326,218339,13,0
218326,218326,218339,13,0
218326,218326,218339,13,0
218326,218326,218339,13,0
218326,218326,218340,14,0
218326,218326,218340,14,0
218326,218326,218340,14,0
218326,218326,218340,14,0
218326,218326,218340,14,0
218326,218326,218340,14,0
218326,218326,218341,15,0
218326,218326,218341,15,0
218326,218326,218341,15,0
218326,218326,218341,15,0
218326,218326,218341,15,0
218326,218326,218343,17,0
218326,218326,218342,16,0
218326,218326,218342,16,0
218326,218326,218344,18,0
218326,218337,218347,10,11
218326,218337,218347,10,11
218326,218337,218347,10,11
218326,218337,218348,11,11
218326,218336,218348,12,10
218326,218337,218348,11,11
218326,218337,218348,11,11
218326,218337,218348,11,11
218326,218337,218349,12,11
218326,218336,218348,12,10
218326,218336,218348,12,10
218326,218338,218349,11,12
218326,218337,218350,13,11
218326,218338,218349,11,12
218326,218339,218351,12,13
218326,218338,218351,13,12
218326,218339,218351,12,13
218326,218341,218353,12,15
218326,218341,218352,11,15
218326,218339,218352,13,13
218326,218339,218353,14,13
218326,218340,218354,14,14
218326,218340,218354,14,14
218326,218340,218353,13,14
218326,218344,218354,10,18
218326,218340,218354,14,14
218326,218340,218354,14,14
218326,218342,218355,13,16
218326,218340,218354,14,14
218326,218342,218355,13,16
218326,218340,218355,15,14
218326,218340,218355,15,14
218326,218341,218355,14,15
218326,218343,218355,12,17
218326,218343,218355,12,17
218326,218342,218355,13,16
218326,218343,218355,12,17
218326,218339,218356,17,13
218326,218340,218355,15,14
218326,218341,218355,14,15
218326,218341,218355,14,15
218326,218341,218357,16,15
218326,218341,218356,15,15
218326,218347,218357,10,21
218326,218342,218356,14,16
218326,218347,218358,11,21
218326,218347,218357,10,21
218326,218348,218358,10,22
218326,218348,218359,11,22
218326,218348,218359,11,22
218326,218349,218360,11,23
218326,218349,218360,11,23
218326,218349,218360,11,23
218326,218349,218360,11,23
218326,218349,218360,11,23
218326,218350,218361,11,24
218326,218350,218361,11,24
218326,218350,218361,11,24
218326,218351,218363,12,25
218326,218352,218362,10,26
218326,218353,218364,11,27
218326,218353,218363,10,27
218326,218354,218364,10,28
218326,218352,218364,12,26
218326,218354,218365,11,28
218326,218353,218365,12,27
218326,218353,218365,12,27
218326,218354,218366,12,28
218326,218354,218365,11,28
218326,218355,218366,11,29
218326,218355,218366,11,29
218326,218355,218368,13,29
218326,218355,218368,13,29
218326,218355,218368,13,29
218326,218355,218368,13,29
218326,218355,218368,13,29
218326,218359,218369,10,33
218326,218356,218369,13,30
218326,218356,218369,13,30
218326,218359,218369,10,33
218326,218355,218368,13,29
218326,218355,218368,13,29
218326,218356,218369,13,30
218326,218357,218369,12,31
218326,218359,218369,10,33
218326,218356,218369,13,30
218326,218356,218368,12,30
218326,218358,218369,11,32
218326,218358,218369,11,32
218326,218356,218369,13,30
218326,218360,218370,10,34
218326,218356,218370,14,30
218326,218357,218370,13,31
218326,218357,218371,14,31
218326,218360,218371,11,34
218326,218357,218372,15,31
218326,218360,218373,13,34
218326,218361,218373,12,35
218326,218362,218373,11,36
218326,218360,218373,13,34
218326,218361,218374,13,35
218326,218361,218374,13,35
218326,218363,218374,11,37
218326,218364,218375,11,38
218326,218364,218375,11,38
218326,218364,218376,12,38
218326,218364,218376,12,38
218326,218363,218377,14,37
218326,218365,218379,14,39
218326,218365,218379,14,39
218326,218366,218378,12,40
218326,218366,218381,15,40
218326,218369,218381,12,43
218326,218365,218380,15,39
218326,218366,218381,15,40
218326,218368,218382,14,42
218326,218366,218381,15,40
218326,218370,218382,12,44
218326,218369,218382,13,43
218326,218369,218382,13,43
218326,218369,218382,13,43
218326,218369,218382,13,43
218326,218369,218382,13,43
218326,218368,218383,15,42
218326,218368,218383,15,42
218326,218368,218383,15,42
218326,218369,218384,15,43
218326,218369,218384,15,43
218326,218369,218384,15,43
218326,218369,218384,15,43
218326,218371,218384,13,45
218326,218375,218384,9,49
218326,218373,218385,12,47
218326,218368,218385,17,42
218326,218369,218385,16,43
218326,218369,218385,16,43
218326,218370,218385,15,44
218326,218373,218385,12,47
218326,218373,218385,12,47
218326,218375,218385,10,49
218326,218376,218385,9,50
218326,218370,218386,16,44
218326,218369,218386,17,43
218326,218370,218386,16,44
218326,218374,218386,12,48
218326,218376,218386,10,50
218326,218373,218386,13,47
218326,218371,218387,16,45
218326,218372,218386,14,46
218326,218374,218388,14,48
218326,218377,218390,13,51
218326,218376,218390,14,50
218326,218380,218390,10,54
218326,218379,218391,12,53
218326,218379,218392,13,53
218326,218381,218397,16,55
218405,218405,218416,11,0
218405,218405,218417,12,0
218405,218405,218418,13,0
218405,218405,218418,13,0
218405,218405,218418,13,0
218405,218405,218418,13,0
218405,218405,218418,13,0
218405,218405,218417,12,0
218405,218405,218418,13,0
218405,218405,218418,13,0
218405,218405,218418,13,0
218405,218405,218418,13,0
218405,218405,218418,13,0
218405,218405,218419,14,0
218405,218405,218419,14,0
218405,218405,218419,14,0
218405,218405,218419,14,0
218405,218405,218419,14,0
218405,218405,218419,14,0
218405,218405,218419,14,0
218405,218405,218419,14,0
218405,218405,218419,14,0
218405,218405,218419,14,0
218405,218405,218419,14,0
218405,218405,218419,14,0
218405,218405,218419,14,0
218405,218405,218419,14,0
218405,218405,218419,14,0
218405,218405,218419,14,0
218405,218405,218419,14,0
218405,218405,218419,14,0
218405,218405,218420,15,0
218405,218405,218420,15,0
218405,218405,218420,15,0
218405,218405,218420,15,0
218405,218405,218421,16,0
218405,218405,218421,16,0
218405,218405,218421,16,0
218405,218405,218421,16,0
218405,218405,218421,16,0
218405,218405,218422,17,0
218405,218405,218422,17,0
218405,218405,218422,17,0
218405,218405,218423,18,0
218982,218982,218993,11,0
218982,218982,218993,11,0
218982,218982,218993,11,0
218982,218982,218993,11,0
218982,218982,218993,11,0
218982,218982,218994,12,0
218982,218982,218994,12,0
218982,218982,218993,11,0
218982,218982,218993,11,0
218982,218982,218993,11,0
218982,218982,218994,12,0
218982,218982,218993,11,0
218982,218982,218993,11,0
218982,218982,218994,12,0
218982,218982,218994,12,0
218982,218982,218993,11,0
218982,218982,218994,12,0
218982,218982,218995,13,0
218982,218982,218995,13,0
218982,218982,218995,13,0
218982,218982,218994,12,0
218982,218982,218994,12,0
218982,218982,218995,13,0
218982,218982,218996,14,0
218982,218982,218996,14,0
218982,218982,218995,13,0
218982,218982,218995,13,0
218982,218982,218995,13,0
218982,218982,218996,14,0
218982,218982,218996,14,0
218982,218982,218996,14,0
218982,218982,218996,14,0
218982,218982,218996,14,0
218982,218982,218996,14,0
218982,218982,218997,15,0
218982,218982,218997,15,0
218982,218982,218997,15,0
218982,218982,218997,15,0
218982,218982,218997,15,0
218982,218982,218997,15,0
218982,218982,218997,15,0
218982,218982,218998,16,0
218982,218982,218999,17,0
218982,218982,218999,17,0
218982,218993,219003,10,11
218982,218993,219003,10,11
218982,218993,219004,11,11
218982,218993,219004,11,11
218982,218993,219004,11,11
218982,218994,219004,10,12
218982,218994,219005,11,12
218982,218994,219005,11,12
218982,218994,219004,10,12
218982,218994,219005,11,12
218982,218994,219005,11,12
218982,218994,219005,11,12
218982,218994,219005,11,12
218982,218994,219005,11,12
218982,218995,219006,11,13
218982,218995,219006,11,13
218982,218994,219006,12,12
218982,218995,219006,11,13
218982,218994,219006,12,12
218982,218994,219007,13,12
218982,218995,219008,13,13
218982,218996,219008,12,14
218982,218996,219008,12,14
218982,218996,219008,12,14
218982,218995,219008,13,13
218982,218996,219009,13,14
218982,218996,219009,13,14
218982,218996,219008,12,14
218982,218996,219009,13,14
218982,218996,219009,13,14
218982,218996,219009,13,14
218982,218997,219009,12,15
218982,218995,219010,15,13
218982,218996,219010,14,14
218982,218997,219009,12,15
218982,218997,219010,13,15
218982,218996,219010,14,14
218982,218997,219010,13,15
218982,218997,219010,13,15
218982,218997,219011,14,15
218982,218999,219012,13,17
218982,218997,219013,16,15
218982,218998,219013,15,16
218982,218999,219014,15,17
218982,219003,219015,12,21
218982,219004,219015,11,22
218982,219004,219015,11,22
218982,219005,219016,11,23
218982,219005,219016,11,23
218982,219005,219016,11,23
218982,219005,219016,11,23
218982,219004,219016,12,22
218982,219005,219016,11,23
218982,219005,219017,12,23
218982,219005,219017,12,23
218982,219004,219017,13,22
218982,219006,219017,11,24
218982,219006,219017,11,24
218982,219005,219017,12,23
218982,219006,219017,11,24
218982,219005,219017,12,23
218982,219007,219017,10,25
218982,219008,219018,10,26
218982,219006,219019,13,24
218982,219008,219021,13,26
218982,219008,219021,13,26
218982,219010,219021,11,28
218982,219010,219022,12,28
218982,219010,219022,12,28
218982,219008,219022,14,26
218982,219009,219022,13,27
218982,219009,219022,13,27
218982,219008,219023,15,26
218982,219009,219024,15,27
218982,219008,219023,15,26
218982,219011,219023,12,29
218982,219011,219023,12,29
218982,219011,219024,13,29
218982,219012,219024,12,30
218982,219011,219025,14,29
218982,219011,219025,14,29
218982,219011,219025,14,29
218982,219013,219025,12,31
218982,219009,219026,17,27
218982,219014,219026,12,32
218982,219016,219026,10,34
218982,219016,219026,10,34
218982,219011,219026,15,29
218982,219016,219026,10,34
218982,219014,219026,12,32
218982,219017,219027,10,35
218982,219017,219027,10,35
218982,219017,219027,10,35
218982,219017,219027,10,35
218982,219015,219027,12,33
218982,219017,219027,10,35
218982,219017,219027,10,35
218982,219018,219028,10,36
218982,219018,219028,10,36
218982,219018,219028,10,36
218982,219018,219028,10,36
218982,219018,219028,10,36
218982,219018,219028,10,36
218982,219017,219028,11,35
218982,219018,219028,10,36
218982,219018,219029,11,36
218982,219019,219030,11,37
218982,219020,219030,10,38
218982,219022,219033,11,40
218982,219022,219033,11,40
218982,219022,219034,12,40
218982,219023,219035,12,41
218982,219023,219035,12,41
218982,219023,219035,12,41
218982,219024,219035,11,42
218982,219023,219035,12,41
218982,219024,219036,12,42
218982,219023,219036,13,41
218982,219024,219037,13,42
218982,219024,219036,12,42
218982,219025,219037,12,43
218982,219024,219037,13,42
218982,219026,219037,11,44
218982,219027,219038,11,45
218982,219027,219037,10,45
218982,219027,219037,10,45
218982,219028,219038,10,46
218982,219026,219038,12,44
218982,219026,219038,12,44
218982,219026,219039,13,44
218982,219027,219039,12,45
218982,219028,219039,11,46
218982,219025,219039,14,43
218982,219026,219038,12,44
218982,219028,219038,10,46
218982,219028,219038,10,46
218982,219028,219038,10,46
218982,219028,219039,11,46
218982,219026,219039,13,44
218982,219029,219039,10,47
218982,219029,219040,11,47
218982,219029,219039,10,47
218982,219029,219040,11,47
218982,219029,219039,10,47
218982,219029,219040,11,47
218982,219029,219039,10,47
218982,219029,219039,10,47
218982,219027,219040,13,45
218982,219028,219040,12,46
218982,219029,219040,11,47
218982,219030,219040,10,48
218982,219031,219042,11,49
218982,219034,219048,14,52
218982,219034,219047,13,52
218982,219035,219047,12,53
218982,219035,219050,15,53
219059,219059,219070,11,0
219059,219059,219070,11,0
219059,219059,219070,11,0
219059,219059,219070,11,0
219059,219059,219070,11,0
219059,219059,219070,11,0
219059,219059,219070,11,0
219059,219059,219071,12,0
219059,219059,219071,12,0
219059,219059,219070,11,0
219059,219059,219070,11,0
219059,219059,219070,11,0
219059,219059,219070,11,0
219059,219059,219070,11,0
219059,219059,219070,11,0
219059,219059,219071,12,0
219059,219059,219071,12,0
219059,219059,219070,11,0
219059,219059,219070,11,0
219059,219059,219070,11,0
219059,219059,219072,13,0
219059,219059,219071,12,0
219059,219059,219071,12,0
219059,219059,219072,13,0
219059,219059,219071,12,0
219059,219059,219072,13,0
219059,219059,219072,13,0
219059,219059,219073,14,0
219059,219059,219072,13,0
219059,219059,219072,13,0
219059,219059,219073,14,0
219059,219059,219073,14,0
219059,219059,219073,14,0
219059,219059,219073,14,0
219059,219059,219073,14,0
219059,219059,219072,13,0
219059,219059,219074,15,0
219059,219059,219073,14,0
219059,219059,219074,15,0
219059,219059,219074,15,0
219059,219059,219074,15,0
219059,219059,219074,15,0
219059,219059,219075,16,0
219059,219059,219076,17,0
219059,219070,219080,10,11
219059,219070,219080,10,11
219059,219071,219081,10,12
219059,219071,219082,11,12
219059,219071,219082,11,12
219059,219071,219082,11,12
219059,219071,219082,11,12
219059,219071,219082,11,12
219059,219071,219082,11,12
219059,219071,219081,10,12
219059,219071,219081,10,12
219059,219071,219082,11,12
219059,219071,219082,11,12
219059,219070,219082,12,11
219059,219071,219082,11,12
219059,219071,219082,11,12
219059,219071,219082,11,12
219059,219071,219083,12,12
219059,219071,219082,11,12
219059,219073,219083,10,14
219059,219073,219085,12,14
219059,219073,219084,11,14
219059,219073,219085,12,14
219059,219072,219086,14,13
219059,219074,219086,12,15
219059,219072,219085,13,13
219059,219071,219086,15,12
219059,219074,219087,13,15
219059,219073,219087,14,14
219059,219073,219086,13,14
219059,219074,219087,13,15
219059,219072,219086,14,13
219059,219073,219087,14,14
219059,219072,219086,14,13
219059,219073,219087,14,14
219059,219074,219088,14,15
219059,219076,219087,11,17
219059,219073,219087,14,14
219059,219073,219088,15,14
219059,219072,219089,17,13
219059,219075,219088,13,16
219059,219075,219089,14,16
219059,219073,219090,17,14
219059,219077,219090,13,18
219059,219080,219091,11,21
219059,219082,219092,10,23
219059,219082,219092,10,23
219059,219082,219092,10,23
219059,219080,219091,11,21
219059,219082,219092,10,23
219059,219082,219092,10,23
219059,219082,219093,11,23
219059,219083,219093,10,24
219059,219082,219092,10,23
219059,219082,219093,11,23
219059,219082,219093,11,23
219059,219082,219092,10,23
219059,219083,219094,11,24
219059,219083,219093,10,24
219059,219082,219094,12,23
219059,219083,219094,11,24
219059,219084,219094,10,25
219059,219083,219094,11,24
219059,219083,219094,11,24
219059,219085,219097,12,26
219059,219085,219097,12,26
219059,219085,219097,12,26
219059,219086,219098,12,27
219059,219086,219098,12,27
219059,219086,219099,13,27
219059,219086,219099,13,27
219059,219087,219101,14,28
219059,219087,219101,14,28
219059,219089,219101,12,30
219059,219088,219102,14,29
219059,219090,219102,12,31
219059,219087,219102,15,28
219059,219087,219102,15,28
219059,219088,219101,13,29
219059,219089,219102,13,30
219059,219088,219103,15,29
219059,219092,219102,10,33
219059,219089,219103,14,30
219059,219093,219103,10,34
219059,219092,219103,11,33
219059,219093,219103,10,34
219059,219091,219103,12,32
219059,219087,219104,17,28
219059,219087,219104,17,28
219059,219087,219104,17,28
219059,219093,219104,11,34
219059,219093,219104,11,34
219059,219094,219104,10,35
219059,219093,219104,11,34
219059,219093,219104,11,34
219059,219092,219104,12,33
219059,219093,219104,11,34
219059,219090,219105,15,31
219059,219094,219105,11,35
219059,219092,219105,13,33
219059,219094,219105,11,35
219059,219094,219105,11,35
219059,219093,219105,12,34
219059,219087,219106,19,28
219059,219088,219106,18,29
219059,219095,219106,11,36
219059,219094,219106,12,35
219059,219094,219108,14,35
219059,219097,219109,12,38
219059,219097,219110,13,38
219059,219099,219111,12,40
219059,219098,219112,14,39
219059,219098,219112,14,39
219059,219100,219113,13,41
219059,219100,219113,13,41
219059,219102,219114,12,43
219059,219101,219114,13,42
219059,219102,219114,12,43
219059,219103,219114,11,44
219059,219103,219114,11,44
219059,219103,219115,12,44
219059,219102,219115,13,43
219059,219104,219115,11,45
219059,219104,219115,11,45
219059,219104,219115,11,45
219059,219102,219114,12,43
219059,219103,219115,12,44
219059,219104,219116,12,45
219059,219106,219115,9,47
219059,219103,219115,12,44
219059,219105,219115,10,46
219059,219101,219116,15,42
219059,219102,219116,14,43
219059,219102,219116,14,43
219059,219103,219116,13,44
219059,219104,219116,12,45
219059,219106,219116,10,47
219059,219104,219117,13,45
219059,219106,219116,10,47
219059,219106,219116,10,47
219059,219102,219117,15,43
219059,219105,219117,12,46
219059,219103,219118,15,44
219059,219104,219117,13,45
219059,219104,219118,14,45
219059,219104,219118,14,45
219059,219107,219118,11,48
219059,219107,219118,11,48
219059,219105,219119,14,46
219059,219106,219119,13,47
219059,219109,219119,10,50
219059,219106,219120,14,47
219059,219110,219122,12,51
219059,219109,219124,15,50
219059,219111,219124,13,52
219059,219112,219124,12,53
219133,219133,219144,11,0
219133,219133,219144,11,0
219133,219133,219143,10,0
219133,219133,219144,11,0
219133,219133,219144,11,0
219133,219133,219143,10,0
219133,219133,219144,11,0
219133,219133,219144,11,0
219133,219133,219144,11,0
219133,219133,219144,11,0
219133,219133,219144,11,0
219133,219133,219145,12,0
219133,219133,219144,11,0
219133,219133,219145,12,0
219133,219133,219144,11,0
219133,219133,219145,12,0
219133,219133,219145,12,0
219133,219133,219145,12,0
219133,219133,219146,13,0
219133,219133,219145,12,0
219133,219133,219146,13,0
219133,219133,219147,14,0
219133,219133,219147,14,0
219133,219133,219146,13,0
219133,219133,219147,14,0
219133,219133,219148,15,0
219133,219133,219147,14,0
219133,219133,219148,15,0
219133,219133,219147,14,0
219133,219133,219147,14,0
219133,219133,219147,14,0
219133,219133,219148,15,0
219133,219133,219147,14,0
219133,219133,219147,14,0
219133,219133,219149,16,0
219133,219133,219149,16,0
219133,219133,219148,15,0
219133,219133,219150,17,0
219133,219133,219150,17,0
219133,219133,219150,17,0
219133,219133,219150,17,0
219133,219133,219149,16,0
219133,219133,219149,16,0
219133,219133,219150,17,0
219133,219144,219155,11,11
219133,219144,219156,12,11
219133,219146,219156,10,13
219133,219144,219156,12,11
219133,219144,219156,12,11
219133,219144,219156,12,11
219133,219145,219156,11,12
219133,219145,219156,11,12
219133,219144,219156,12,11
219133,219144,219155,11,11
219133,219145,219155,10,12
219133,219144,219156,12,11
219133,219144,219156,12,11
219133,219146,219157,11,13
219133,219145,219157,12,12
219133,219145,219157,12,12
219133,219146,219158,12,13
219133,219146,219157,11,13
219133,219145,219157,12,12
219133,219146,219158,12,13
219133,219147,219160,13,14
219133,219146,219160,14,13
219133,219147,219160,13,14
219133,219148,219161,13,15
219133,219148,219162,14,15
219133,219148,219162,14,15
219133,219148,219162,14,15
219133,219147,219163,16,14
219133,219148,219163,15,15
219133,219148,219162,14,15
219133,219148,219162,14,15
219133,219148,219163,15,15
219133,219150,219164,14,17
219133,219150,219164,14,17
219133,219148,219163,15,15
219133,219149,219164,15,16
219133,219150,219164,14,17
219133,219148,219164,16,15
219133,219150,219165,15,17
219133,219150,219165,15,17
219133,219151,219164,13,18
219133,219149,219165,16,16
219133,219150,219165,15,17
219133,219156,219166,10,23
219133,219149,219167,18,16
219133,219156,219167,11,23
219133,219156,219167,11,23
219133,219156,219167,11,23
219133,219156,219168,12,23
219133,219156,219168,12,23
219133,219156,219168,12,23
219133,219156,219168,12,23
219133,219156,219168,12,23
219133,219156,219168,12,23
219133,219155,219169,14,22
219133,219156,219168,12,23
219133,219157,219169,12,24
219133,219157,219169,12,24
219133,219158,219169,11,25
219133,219156,219169,13,23
219133,219158,219170,12,25
219133,219158,219170,12,25
219133,219158,219170,12,25
219133,219158,219171,13,25
219133,219160,219174,14,27
219133,219161,219174,13,28
219133,219162,219175,13,29
219133,219163,219176,13,30
219133,219162,219176,14,29
219133,219163,219176,13,30
219133,219164,219177,13,31
219133,219161,219177,16,28
219133,219163,219176,13,30
219133,219164,219177,13,31
219133,219164,219177,13,31
219133,219164,219177,13,31
219133,219167,219177,10,34
219133,219164,219178,14,31
219133,219163,219178,15,30
219133,219165,219178,13,32
219133,219165,219178,13,32
219133,219165,219178,13,32
219133,219161,219178,17,28
219133,219165,219178,13,32
219133,219168,219178,10,35
219133,219166,219179,13,33
219133,219163,219179,16,30
219133,219167,219179,12,34
219133,219168,219179,11,35
219133,219169,219179,10,36
219133,219169,219179,10,36
219133,219163,219180,17,30
219133,219164,219180,16,31
219133,219167,219180,13,34
219133,219170,219180,10,37
219133,219169,219181,12,36
219133,219170,219180,10,37
219133,219170,219180,10,37
219133,219170,219182,12,37
219133,219170,219181,11,37
219133,219169,219181,12,36
219133,219168,219181,13,35
219133,219169,219181,12,36
219133,219170,219181,11,37
219133,219171,219182,11,38
219133,219171,219182,11,38
219133,219171,219182,11,38
219133,219172,219184,12,39
219133,219174,219187,13,41
219133,219174,219187,13,41
219133,219175,219188,13,42
219133,219178,219189,11,45
219133,219179,219189,10,46
219133,219177,219190,13,44
219133,219177,219190,13,44
219133,219179,219190,11,46
219133,219176,219190,14,43
219133,219180,219190,10,47
219133,219180,219190,10,47
219133,219180,219190,10,47
219133,219180,219190,10,47
219133,219178,219191,13,45
219133,219176,219191,15,43
219133,219177,219191,14,44
219133,219179,219191,12,46
219133,219178,219191,13,45
219133,219176,219191,15,43
219133,219181,219191,10,48
219133,219181,219191,10,48
219133,219181,219191,10,48
219133,219178,219193,15,45
219133,219180,219192,12,47
219133,219177,219193,16,44
219133,219177,219192,15,44
219133,219177,219192,15,44
219133,219180,219192,12,47
219133,219182,219192,10,49
219133,219182,219192,10,49
219133,219182,219192,10,49
219133,219181,219193,12,48
219133,219182,219192,10,49
219133,219182,219193,11,49
219133,219178,219193,15,45
219133,219180,219193,13,47
219133,219181,219193,12,48
219133,219183,219193,10,50
219133,219182,219193,11,49
219133,219183,219194,11,50
219133,219178,219194,16,45
219133,219180,219194,14,47
219133,219183,219194,11,50
219133,219185,219196,11,52
219133,219188,219200,12,55
219133,219188,219200,12,55
219133,219190,219201,11,57
219133,219189,219201,12,56
219210,219210,219221,11,0
219210,219210,219222,12,0
219210,219210,219221,11,0
219210,219210,219221,11,0
219210,219210,219222,12,0
219210,219210,219222,12,0
219210,219210,219222,12,0
219210,219210,219222,12,0
219210,219210,219222,12,0
219210,219210,219221,11,0
219210,219210,219222,12,0
219210,219210,219222,12,0
219210,219210,219222,12,0
219210,219210,219221,11,0
219210,219210,219223,13,0
219210,219210,219223,13,0
219210,219210,219223,13,0
219210,219210,219223,13,0
219210,219210,219222,12,0
219210,219210,219224,14,0
219210,219210,219223,13,0
219210,219210,219223,13,0
219210,219210,219224,14,0
219210,219210,219223,13,0
219210,219210,219223,13,0
219210,219210,219223,13,0
219210,219210,219223,13,0
219210,219210,219224,14,0
219210,219210,219225,15,0
219210,219210,219225,15,0
219210,219210,219224,14,0
219210,219210,219224,14,0
219210,219210,219225,15,0
219210,219210,219225,15,0
219210,219210,219225,15,0
219210,219210,219224,14,0
219210,219210,219225,15,0
219210,219210,219226,16,0
219210,219210,219225,15,0
219210,219210,219226,16,0
219210,219210,219226,16,0
219210,219210,219226,16,0
219210,219210,219228,18,0
219210,219210,219229,19,0
219210,219221,219232,11,11
219210,219222,219233,11,12
219210,219222,219233,11,12
219210,219222,219233,11,12
219210,219222,219233,11,12
219210,219222,219233,11,12
219210,219222,219233,11,12
219210,219222,219234,12,12
219210,219222,219234,12,12
219210,219223,219234,11,13
219210,219222,219234,12,12
219210,219222,219234,12,12
219210,219222,219235,13,12
219210,219223,219235,12,13
219210,219223,219235,12,13
219210,219222,219235,13,12
219210,219222,219235,13,12
219210,219223,219235,12,13
219210,219223,219236,13,13
219210,219224,219236,12,14
219210,219224,219237,13,14
219210,219224,219237,13,14
219210,219224,219237,13,14
219210,219225,219237,12,15
219210,219224,219237,13,14
219210,219225,219237,12,15
219210,219224,219238,14,14
219210,219225,219238,13,15
219210,219225,219238,13,15
219210,219225,219238,13,15
219210,219224,219238,14,14
219210,219225,219238,13,15
219210,219224,219239,15,14
219210,219225,219239,14,15
219210,219225,219239,14,15
219210,219226,219239,13,16
219210,219225,219239,14,15
219210,219226,219239,13,16
219210,219227,219239,12,17
219210,219226,219240,14,16
219210,219226,219240,14,16
219210,219228,219240,12,18
219210,219224,219240,16,14
219210,219229,219241,12,19
219210,219232,219243,11,22
219210,219233,219244,11,23
219210,219233,219244,11,23
219210,219233,219244,11,23
219210,219233,219244,11,23
219210,219233,219244,11,23
219210,219233,219244,11,23
219210,219234,219245,11,24
219210,219234,219245,11,24
219210,219234,219245,11,24
219210,219234,219245,11,24
219210,219235,219245,10,25
219210,219236,219246,10,26
219210,219236,219246,10,26
219210,219236,219246,10,26
219210,219237,219247,10,27
219210,219236,219247,11,26
219210,219236,219247,11,26
219210,219238,219248,10,28
219210,219237,219249,12,27
219210,219236,219250,14,26
219210,219237,219250,13,27
219210,219237,219250,13,27
219210,219238,219250,12,28
219210,219238,219251,13,28
219210,219238,219251,13,28
219210,219238,219251,13,28
219210,219237,219251,14,27
219210,219240,219252,12,30
219210,219239,219252,13,29
219210,219238,219252,14,28
219210,219240,219252,12,30
219210,219241,219253,12,31
219210,219238,219253,15,28
219210,219239,219253,14,29
219210,219240,219254,14,30
219210,219240,219254,14,30
219210,219240,219254,14,30
219210,219241,219254,13,31
219210,219241,219254,13,31
219210,219244,219254,10,34
219210,219240,219255,15,30
219210,219239,219255,16,29
219210,219239,219255,16,29
219210,219245,219256,11,35
219210,219242,219255,13,32
219210,219245,219255,10,35
219210,219245,219256,11,35
219210,219245,219256,11,35
219210,219245,219256,11,35
219210,219246,219257,11,36
219210,219245,219257,12,35
219210,219246,219257,11,36
219210,219246,219257,11,36
219210,219246,219257,11,36
219210,219247,219257,10,37
219210,219246,219257,11,36
219210,219248,219258,10,38
219210,219248,219259,11,38
219210,219247,219259,12,37
219210,219248,219259,11,38
219210,219247,219260,13,37
219210,219250,219261,11,40
219210,219249,219261,12,39
219210,219251,219263,12,41
219210,219251,219264,13,41
219210,219253,219265,12,43
219210,219251,219265,14,41
219210,219252,219265,13,42
219210,219252,219265,13,42
219210,219253,219266,13,43
219210,219252,219266,14,42
219210,219254,219267,13,44
219210,219255,219267,12,45
219210,219251,219266,15,41
219210,219256,219266,10,46
219210,219253,219266,13,43
219210,219253,219266,13,43
219210,219256,219266,10,46
219210,219255,219267,12,45
219210,219252,219268,16,42
219210,219254,219267,13,44
219210,219256,219268,12,46
219210,219256,219267,11,46
219210,219257,219268,11,47
219210,219253,219268,15,43
219210,219256,219268,12,46
219210,219255,219268,13,45
219210,219255,219268,13,45
219210,219257,219268,11,47
219210,219255,219268,13,45
219210,219257,219268,11,47
219210,219256,219269,13,46
219210,219258,219270,12,48
219210,219258,219270,12,48
219210,219258,219270,12,48
219210,219259,219270,11,49
219210,219258,219269,11,48
219210,219258,219269,11,48
219210,219255,219270,15,45
219210,219256,219270,14,46
219210,219260,219271,11,50
219210,219259,219271,12,49
219210,219257,219271,14,47
219210,219260,219271,11,50
219210,219261,219272,11,51
219210,219262,219273,11,52
219210,219262,219273,11,52
219210,219265,219278,13,55
219210,219264,219278,14,54
219210,219265,219279,14,55
219210,219265,219280,15,55
219289,219289,219300,11,0
219289,219289,219300,11,0
219289,219289,219300,11,0
219289,219289,219301,12,0
219289,219289,219300,11,0
219289,219289,219301,12,0
219289,219289,219301,12,0
219289,219289,219301,12,0
219289,219289,219301,12,0
219289,219289,219301,12,0
219289,219289,219301,12,0
219289,219289,219300,11,0
219289,219289,219300,11,0
219289,219289,219302,13,0
219289,219289,219302,13,0
219289,219289,219301,12,0
219289,219289,219301,12,0
219289,219289,219302,13,0
219289,219289,219301,12,0
219289,219289,219301,12,0
219289,219289,219302,13,0
219289,219289,219302,13,0
219289,219289,219303,14,0
219289,219289,219302,13,0
219289,219289,219303,14,0
219289,219289,219302,13,0
219289,219289,219302,13,0
219289,219289,219304,15,0
219289,219289,219303,14,0
219289,219289,219303,14,0
219289,219289,219304,15,0
219289,219289,219304,15,0
219289,219289,219304,15,0
219289,219289,219303,14,0
219289,219289,219303,14,0
219289,219289,219304,15,0
219289,219289,219304,15,0
219289,219289,219304,15,0
219289,219289,219305,16,0
219289,219289,219305,16,0
219289,219289,219305,16,0
219289,219289,219304,15,0
219289,219289,219305,16,0
219289,219289,219306,17,0
219289,219300,219311,11,11
219289,219301,219312,11,12
219289,219301,219312,11,12
219289,219301,219312,11,12
219289,219301,219312,11,12
219289,219301,219312,11,12
219289,219301,219312,11,12
219289,219301,219312,11,12
219289,219302,219313,11,13
219289,219302,219313,11,13
219289,219301,219312,11,12
219289,219301,219312,11,12
219289,219302,219313,11,13
219289,219300,219313,13,11
219289,219301,219312,11,12
219289,219301,219313,12,12
219289,219302,219313,11,13
219289,219302,219313,11,13
219289,219302,219314,12,13
219289,219303,219314,11,14
219289,219303,219314,11,14
219289,219302,219314,12,13
219289,219303,219315,12,14
219289,219303,219315,12,14
219289,219302,219315,13,13
219289,219303,219315,12,14
219289,219303,219316,13,14
219289,219304,219316,12,15
219289,219304,219316,12,15
219289,219304,219317,13,15
219289,219305,219317,12,16
219289,219306,219318,12,17
219289,219304,219318,14,15
219289,219304,219317,13,15
219289,219305,219317,12,16
219289,219304,219318,14,15
219289,219306,219318,12,17
219289,219304,219318,14,15
219289,219305,219318,13,16
219289,219304,219319,15,15
219289,219305,219318,13,16
219289,219305,219320,15,16
219289,219304,219320,16,15
219289,219305,219322,17,16
219289,219311,219322,11,22
219289,219312,219323,11,23
219289,219312,219323,11,23
219289,219312,219323,11,23
219289,219312,219323,11,23
219289,219313,219324,11,24
219289,219313,219324,11,24
219289,219313,219324,11,24
219289,219313,219324,11,24
219289,219313,219324,11,24
219289,219312,219324,12,23
219289,219313,219324,11,24
219289,219313,219324,11,24
219289,219313,219325,12,24
219289,219313,219325,12,24
219289,219313,219325,12,24
219289,219314,219325,11,25
219289,219312,219325,13,23
219289,219314,219325,11,25
219289,219313,219325,12,24
219289,219315,219327,12,26
219289,219315,219327,12,26
219289,219314,219327,13,25
219289,219316,219328,12,27
219289,219315,219328,13,26
219289,219315,219328,13,26
219289,219316,219329,13,27
219289,219317,219329,12,28
219289,219315,219329,14,26
219289,219317,219330,13,28
219289,219318,219330,12,29
219289,219318,219330,12,29
219289,219317,219330,13,28
219289,219318,219331,13,29
219289,219318,219331,13,29
219289,219318,219332,14,29
219289,219318,219331,13,29
219289,219318,219332,14,29
219289,219318,219332,14,29
219289,219319,219332,13,30
219289,219320,219333,13,31
219289,219324,219333,9,35
219289,219323,219333,10,34
219289,219323,219334,11,34
219289,219319,219334,15,30
219289,219320,219334,14,31
219289,219322,219334,12,33
219289,219324,219334,10,35
219289,219324,219335,11,35
219289,219325,219335,10,36
219289,219323,219335,12,34
219289,219325,219335,10,36
219289,219325,219335,10,36
219289,219325,219335,10,36
219289,219325,219335,10,36
219289,219325,219335,10,36
219289,219325,219335,10,36
219289,219325,219335,10,36
219289,219325,219336,11,36
219289,219326,219336,10,37
219289,219326,219336,10,37
219289,219326,219336,10,37
219289,219326,219336,10,37
219289,219326,219336,10,37
219289,219327,219339,12,38
219289,219328,219339,11,39
219289,219328,219339,11,39
219289,219329,219340,11,40
219289,219328,219341,13,39
219289,219329,219341,12,40
219289,219330,219341,11,41
219289,219331,219342,11,42
219289,219330,219343,13,41
219289,219331,219342,11,42
219289,219331,219342,11,42
219289,219332,219343,11,43
219289,219334,219344,10,45
219289,219334,219344,10,45
219289,219335,219345,10,46
219289,219333,219345,12,44
219289,219334,219345,11,45
219289,219331,219345,14,42
219289,219332,219345,13,43
219289,219335,219345,10,46
219289,219336,219347,11,47
219289,219336,219346,10,47
219289,219332,219346,14,43
219289,219335,219347,12,46
219289,219332,219346,14,43
219289,219333,219346,13,44
219289,219335,219346,11,46
219289,219336,219346,10,47
219289,219336,219346,10,47
219289,219336,219346,10,47
219289,219336,219346,10,47
219289,219332,219347,15,43
219289,219335,219347,12,46
219289,219337,219347,10,48
219289,219336,219347,11,47
219289,219337,219348,11,48
219289,219336,219347,11,47
219289,219336,219347,11,47
219289,219337,219347,10,48
219289,219336,219347,11,47
219289,219337,219347,10,48
219289,219337,219347,10,48
219289,219330,219348,18,41
219289,219337,219349,12,48
219289,219340,219352,12,51
219289,219340,219353,13,51
219289,219340,219353,13,51
219289,219341,219354,13,52
219363,219363,219374,11,0
219363,219363,219374,11,0
219363,219363,219374,11,0
219363,219363,219374,11,0
219363,219363,219374,11,0
219363,219363,219374,11,0
219363,219363,219374,11,0
219363,219363,219374,11,0
219363,219363,219374,11,0
219363,219363,219374,11,0
219363,219363,219374,11,0
219363,219363,219374,11,0
219363,219363,219374,11,0
219363,219363,219374,11,0
219363,219363,219374,11,0
219363,219363,219374,11,0
219363,219363,219375,12,0
219363,219363,219375,12,0
219363,219363,219374,11,0
219363,219363,219376,13,0
219363,219363,219376,13,0
219363,219363,219376,13,0
219363,219363,219375,12,0
219363,219363,219377,14,0
219363,219363,219377,14,0
219363,219363,219377,14,0
219363,219363,219376,13,0
219363,219363,219377,14,0
219363,219363,219377,14,0
219363,219363,219377,14,0
219363,219363,219377,14,0
219363,219363,219377,14,0
219363,219363,219377,14,0
219363,219363,219377,14,0
219363,219363,219377,14,0
219363,219363,219377,14,0
219363,219363,219377,14,0
219363,219363,219376,13,0
219363,219363,219378,15,0
219363,219363,219378,15,0
219363,219363,219378,15,0
219363,219363,219378,15,0
219363,219363,219379,16,0
219363,219363,219379,16,0
219363,219374,219385,11,11
219363,219374,219385,11,11
219363,219374,219385,11,11
219363,219374,219385,11,11
219363,219374,219385,11,11
219363,219374,219385,11,11
219363,219374,219385,11,11
219363,219374,219385,11,11
219363,219374,219385,11,11
219363,219374,219385,11,11
219363,219374,219386,12,11
219363,219374,219386,12,11
219363,219375,219386,11,12
219363,219374,219386,12,11
219363,219375,219386,11,12
219363,219374,219386,12,11
219363,219374,219387,13,11
219363,219375,219387,12,12
219363,219375,219387,12,12
219363,219376,219388,12,13
219363,219378,219390,12,15
219363,219376,219390,14,13
219363,219377,219390,13,14
219363,219377,219390,13,14
219363,219377,219390,13,14
219363,219377,219390,13,14
219363,219378,219390,12,15
219363,219376,219390,14,13
219363,219376,219390,14,13
219363,219378,219390,12,15
219363,219377,219391,14,14
219363,219377,219391,14,14
219363,219378,219392,14,15
219363,219377,219392,15,14
219363,219377,219392,15,14
219363,219377,219392,15,14
219363,219377,219392,15,14
219363,219379,219392,13,16
219363,219377,219392,15,14
219363,219379,219392,13,16
219363,219377,219393,16,14
219363,219377,219393,16,14
219363,219377,219394,17,14
219363,219377,219394,17,14
219363,219385,219396,11,22
219363,219385,219396,11,22
219363,219385,219396,11,22
219363,219385,219397,12,22
219363,219385,219396,11,22
219363,219386,219396,10,23
219363,219385,219397,12,22
219363,219385,219397,12,22
219363,219385,219397,12,22
219363,219387,219397,10,24
219363,219387,219397,10,24
219363,219386,219398,12,23
219363,219388,219398,10,25
219363,219389,219399,10,26
219363,219387,219398,11,24
219363,219387,219398,11,24
219363,219386,219399,13,23
219363,219387,219399,12,24
219363,219388,219399,11,25
219363,219388,219399,11,25
219363,219390,219403,13,27
219363,219391,219404,13,28
219363,219390,219404,14,27
219363,219391,219404,13,28
219363,219391,219405,14,28
219363,219390,219404,14,27
219363,219390,219404,14,27
219363,219392,219404,12,29
219363,219393,219404,11,30
219363,219392,219404,12,29
219363,219390,219406,16,27
219363,219390,219406,16,27
219363,219393,219406,13,30
219363,219394,219408,14,31
219363,219397,219408,11,34
219363,219391,219407,16,28
219363,219393,219407,14,30
219363,219393,219407,14,30
219363,219398,219408,10,35
219363,219397,219408,11,34
219363,219392,219408,16,29
219363,219395,219408,13,32
219363,219393,219409,16,30
219363,219394,219409,15,31
219363,219397,219409,12,34
219363,219398,219409,11,35
219363,219398,219409,11,35
219363,219399,219409,10,36
219363,219399,219409,10,36
219363,219397,219409,12,34
219363,219398,219409,11,35
219363,219397,219409,12,34
219363,219397,219409,12,34
219363,219393,219410,17,30
219363,219393,219410,17,30
219363,219398,219410,12,35
219363,219399,219410,11,36
219363,219399,219410,11,36
219363,219399,219411,12,36
219363,219400,219411,11,37
219363,219400,219411,11,37
219363,219400,219411,11,37
219363,219400,219411,11,37
219363,219395,219412,17,32
219363,219405,219416,11,42
219363,219405,219416,11,42
219363,219404,219418,14,41
219363,219404,219417,13,41
219363,219405,219418,13,42
219363,219405,219419,14,42
219363,219408,219418,10,45
219363,219405,219419,14,42
219363,219405,219418,13,42
219363,219405,219419,14,42
219363,219410,219420,10,47
219363,219405,219419,14,42
219363,219407,219419,12,44
219363,219408,219419,11,45
219363,219408,219420,12,45
219363,219408,219420,12,45
219363,219408,219420,12,45
219363,219410,219421,11,47
219363,219410,219421,11,47
219363,219410,219420,10,47
219363,219408,219420,12,45
219363,219410,219420,10,47
219363,219410,219420,10,47
219363,219410,219420,10,47
219363,219410,219420,10,47
219363,219407,219421,14,44
219363,219407,219421,14,44
219363,219411,219421,10,48
219363,219410,219421,11,47
219363,219411,219421,10,48
219363,219411,219422,11,48
219363,219411,219421,10,48
219363,219411,219423,12,48
219363,219411,219422,11,48
219363,219412,219422,10,49
219363,219412,219422,10,49
219363,219412,219422,10,49
219363,219410,219423,13,47
219363,219408,219423,15,45
219363,219409,219423,14,46
219363,219412,219423,11,49
219363,219409,219425,16,46
219363,219413,219424,11,50
219363,219410,219425,15,47
219363,219417,219429,12,54
219363,219417,219429,12,54
219363,219418,219429,11,55
219363,219418,219429,11,55
219437,219437,219448,11,0
219437,219437,219448,11,0
219437,219437,219448,11,0
219437,219437,219448,11,0
219437,219437,219448,11,0
219437,219437,219448,11,0
219437,219437,219448,11,0
219437,219437,219448,11,0
219437,219437,219448,11,0
219437,219437,219448,11,0
219437,219437,219448,11,0
219437,219437,219448,11,0
219437,219437,219449,12,0
219437,219437,219449,12,0
219437,219437,219449,12,0
219437,219437,219448,11,0
219437,219437,219448,11,0
219437,219437,219448,11,0
219437,219437,219450,13,0
219437,219437,219449,12,0
219437,219437,219450,13,0
219437,219437,219450,13,0
219437,219437,219450,13,0
219437,219437,219450,13,0
219437,219437,219449,12,0
219437,219437,219449,12,0
219437,219437,219451,14,0
219437,219437,219450,13,0
219437,219437,219451,14,0
219437,219437,219450,13,0
219437,219437,219451,14,0
219437,219437,219450,13,0
219437,219437,219451,14,0
219437,219437,219451,14,0
219437,219437,219451,14,0
219437,219437,219451,14,0
219437,219437,219451,14,0
219437,219437,219451,14,0
219437,219437,219452,15,0
219437,219437,219452,15,0
219437,219437,219451,14,0
219437,219437,219452,15,0
219437,219437,219453,16,0
219437,219448,219459,11,11
219437,219448,219459,11,11
219437,219448,219459,11,11
219437,219437,219459,22,0
219437,219448,219459,11,11
219437,219448,219459,11,11
219437,219448,219459,11,11
219437,219448,219459,11,11
219437,219448,219459,11,11
219437,219448,219459,11,11
219437,219448,219459,11,11
219437,219448,219460,12,11
219437,219449,219460,11,12
219437,219449,219460,11,12
219437,219449,219460,11,12
219437,219449,219460,11,12
219437,219449,219460,11,12
219437,219451,219461,10,14
219437,219449,219460,11,12
219437,219449,219460,11,12
219437,219451,219461,10,14
219437,219450,219462,12,13
219437,219450,219462,12,13
219437,219450,219463,13,13
219437,219450,219463,13,13
219437,219450,219463,13,13
219437,219450,219463,13,13
219437,219451,219463,12,14
219437,219451,219463,12,14
219437,219451,219463,12,14
219437,219451,219463,12,14
219437,219451,219464,13,14
219437,219451,219464,13,14
219437,219451,219464,13,14
219437,219452,219464,12,15
219437,219451,219464,13,14
219437,219451,219464,13,14
219437,219451,219464,13,14
219437,219451,219464,13,14
219437,219452,219465,13,15
219437,219452,219465,13,15
219437,219452,219465,13,15
219437,219453,219466,13,16
219437,219452,219465,13,15
219437,219460,219470,10,23
219437,219460,219470,10,23
219437,219460,219470,10,23
219437,219460,219470,10,23
219437,219460,219470,10,23
219437,219460,219470,10,23
219437,219460,219470,10,23
219437,219460,219470,10,23
219437,219460,219470,10,23
219437,219460,219471,11,23
219437,219461,219471,10,24
219437,219460,219471,11,23
219437,219461,219471,10,24
219437,219461,219471,10,24
219437,219461,219471,10,24
219437,219461,219471,10,24
219437,219461,219472,11,24
219437,219461,219473,12,24
219437,219461,219472,11,24
219437,219462,219472,10,25
219437,219461,219472,11,24
219437,219463,219475,12,26
219437,219463,219475,12,26
219437,219464,219475,11,27
219437,219464,219476,12,27
219437,219464,219477,13,27
219437,219464,219477,13,27
219437,219465,219477,12,28
219437,219465,219477,12,28
219437,219464,219476,12,27
219437,219464,219476,12,27
219437,219465,219477,12,28
219437,219465,219477,12,28
219437,219465,219477,12,28
219437,219464,219477,13,27
219437,219465,219477,12,28
219437,219465,219477,12,28
219437,219464,219478,14,27
219437,219466,219478,12,29
219437,219466,219478,12,29
219437,219465,219478,13,28
219437,219466,219478,12,29
219437,219466,219478,12,29
219437,219470,219480,10,33
219437,219471,219481,10,34
219437,219471,219481,10,34
219437,219471,219482,11,34
219437,219466,219481,15,29
219437,219471,219481,10,34
219437,219471,219481,10,34
219437,219471,219481,10,34
219437,219471,219482,11,34
219437,219471,219481,10,34
219437,219472,219482,10,35
219437,219472,219484,12,35
219437,219472,219483,11,35
219437,219472,219484,12,35
219437,219472,219484,12,35
219437,219473,219483,10,36
219437,219473,219483,10,36
219437,219472,219484,12,35
219437,219473,219484,11,36
219437,219473,219484,11,36
219437,219473,219484,11,36
219437,219472,219486,14,35
219437,219477,219488,11,40
219437,219477,219488,11,40
219437,219477,219489,12,40
219437,219476,219489,13,39
219437,219476,219489,13,39
219437,219476,219490,14,39
219437,219478,219490,12,41
219437,219479,219491,12,42
219437,219476,219491,15,39
219437,219478,219492,14,41
219437,219478,219491,13,41
219437,219479,219491,12,42
219437,219479,219491,12,42
219437,219479,219491,12,42
219437,219479,219492,13,42
219437,219478,219492,14,41
219437,219478,219491,13,41
219437,219481,219492,11,44
219437,219477,219493,16,40
219437,219479,219492,13,42
219437,219477,219492,15,40
219437,219482,219493,11,45
219437,219482,219492,10,45
219437,219482,219492,10,45
219437,219482,219493,11,45
219437,219482,219492,10,45
219437,219482,219493,11,45
219437,219482,219492,10,45
219437,219482,219492,10,45
219437,219482,219493,11,45
219437,219483,219493,10,46
219437,219478,219495,17,41
219437,219484,219495,11,47
219437,219484,219494,10,47
219437,219484,219494,10,47
219437,219484,219495,11,47
219437,219484,219495,11,47
219437,219484,219495,11,47
219437,219477,219495,18,40
219437,219485,219496,11,48
219437,219485,219496,11,48
219437,219485,219496,11,48
219437,219485,219496,11,48
219437,219487,219499,12,50
219437,219490,219503,13,53
219437,219489,219502,13,52
219437,219490,219503,13,53
219437,219489,219503,14,52
219511,219511,219522,11,0
219511,219511,219521,10,0
219511,219511,219522,11,0
219511,219511,219522,11,0
219511,219511,219522,11,0
219511,219511,219522,11,0
219511,219511,219522,11,0
219511,219511,219522,11,0
219511,219511,219522,11,0
219511,219511,219522,11,0
219511,219511,219523,12,0
219511,219511,219522,11,0
219511,219511,219523,12,0
219511,219511,219523,12,0
219511,219511,219523,12,0
219511,219511,219523,12,0
219511,219511,219523,12,0
219511,219511,219523,12,0
219511,219511,219524,13,0
219511,219511,219524,13,0
219511,219511,219524,13,0
219511,219511,219524,13,0
219511,219511,219525,14,0
219511,219511,219525,14,0
219511,219511,219525,14,0
219511,219511,219525,14,0
219511,219511,219524,13,0
219511,219511,219525,14,0
219511,219511,219525,14,0
219511,219511,219526,15,0
219511,219511,219525,14,0
219511,219511,219526,15,0
219511,219511,219526,15,0
219511,219511,219525,14,0
219511,219511,219526,15,0
219511,219511,219525,14,0
219511,219511,219526,15,0
219511,219511,219527,16,0
219511,219511,219527,16,0
219511,219511,219527,16,0
219511,219511,219526,15,0
219511,219511,219528,17,0
219511,219511,219528,17,0
219511,219511,219529,18,0
219511,219522,219533,11,11
219511,219522,219533,11,11
219511,219522,219533,11,11
219511,219522,219533,11,11
219511,219522,219534,12,11
219511,219523,219534,11,12
219511,219522,219534,12,11
219511,219522,219534,12,11
219511,219523,219534,11,12
219511,219522,219534,12,11
219511,219523,219534,11,12
219511,219522,219534,12,11
219511,219523,219535,12,12
219511,219522,219535,13,11
219511,219523,219535,12,12
219511,219523,219535,12,12
219511,219524,219535,11,13
219511,219524,219536,12,13
219511,219523,219536,13,12
219511,219523,219536,13,12
219511,219524,219538,14,13
219511,219525,219538,13,14
219511,219525,219539,14,14
219511,219524,219539,15,13
219511,219526,219539,13,15
219511,219525,219539,14,14
219511,219525,219539,14,14
219511,219525,219540,15,14
219511,219527,219540,13,16
219511,219526,219540,14,15
219511,219525,219540,15,14
219511,219527,219540,13,16
219511,219526,219541,15,15
219511,219526,219541,15,15
219511,219526,219542,16,15
219511,219526,219542,16,15
219511,219526,219542,16,15
219511,219526,219542,16,15
219511,219525,219542,17,14
219511,219527,219542,15,16
219511,219528,219542,14,17
219511,219527,219543,16,16
219511,219528,219543,15,17
219511,219534,219544,10,23
219511,219534,219544,10,23
219511,219535,219545,10,24
219511,219533,219546,13,22
219511,219535,219545,10,24
219511,219534,219545,11,23
219511,219535,219545,10,24
219511,219535,219545,10,24
219511,219535,219545,10,24
219511,219535,219546,11,24
219511,219529,219546,17,18
219511,219536,219546,10,25
219511,219536,219546,10,25
219511,219535,219546,11,24
219511,219536,219546,10,25
219511,219536,219546,10,25
219511,219534,219547,13,23
219511,219536,219547,11,25
219511,219537,219547,10,26
219511,219537,219547,10,26
219511,219537,219548,11,26
219511,219539,219551,12,28
219511,219539,219551,12,28
219511,219539,219552,13,28
219511,219541,219552,11,30
219511,219540,219552,12,29
219511,219540,219552,12,29
219511,219540,219553,13,29
219511,219540,219552,12,29
219511,219541,219553,12,30
219511,219541,219553,12,30
219511,219541,219553,12,30
219511,219542,219554,12,31
219511,219541,219554,13,30
219511,219545,219555,10,34
219511,219544,219556,12,33
219511,219545,219555,10,34
219511,219542,219556,14,31
219511,219543,219556,13,32
219511,219543,219556,13,32
219511,219546,219556,10,35
219511,219543,219556,13,32
219511,219545,219557,12,34
219511,219543,219558,15,32
219511,219546,219557,11,35
219511,219546,219557,11,35
219511,219547,219557,10,36
219511,219547,219557,10,36
219511,219544,219558,14,33
219511,219543,219557,14,32
219511,219546,219557,11,35
219511,219546,219557,11,35
219511,219547,219557,10,36
219511,219547,219557,10,36
219511,219546,219558,12,35
219511,219548,219558,10,37
219511,219547,219557,10,36
219511,219547,219558,11,36
219511,219548,219558,10,37
219511,219548,219558,10,37
219511,219548,219558,10,37
219511,219543,219559,16,32
219511,219548,219559,11,37
219511,219547,219560,13,36
219511,219553,219565,12,42
219511,219552,219564,12,41
219511,219553,219565,12,42
219511,219552,219564,12,41
219511,219543,219566,23,32
219511,219553,219565,12,42
219511,219554,219566,12,43
219511,219554,219566,12,43
219511,219553,219566,13,42
219511,219553,219566,13,42
219511,219556,219566,10,45
219511,219556,219566,10,45
219511,219555,219567,12,44
219511,219555,219567,12,44
219511,219558,219568,10,47
219511,219556,219567,11,45
219511,219557,219567,10,46
219511,219558,219568,10,47
219511,219557,219567,10,46
219511,219553,219568,15,42
219511,219558,219568,10,47
219511,219558,219568,10,47
219511,219558,219568,10,47
219511,219557,219569,12,46
219511,219554,219569,15,43
219511,219558,219569,11,47
219511,219558,219568,10,47
219511,219558,219568,10,47
219511,219557,219569,12,46
219511,219559,219569,10,48
219511,219559,219570,11,48
219511,219559,219569,10,48
219511,219558,219570,12,47
219511,219558,219569,11,47
219511,219558,219570,12,47
219511,219558,219569,11,47
219511,219559,219569,10,48
219511,219557,219570,13,46
219511,219558,219570,12,47
219511,219557,219570,13,46
219511,219560,219570,10,49
219511,219560,219571,11,49
219511,219561,219572,11,50
219511,219558,219573,15,47
219511,219565,219576,11,54
219511,219565,219577,12,54
219511,219565,219577,12,54
219511,219566,219578,12,55
219511,219565,219578,13,54
219587,219587,219600,13,0
224561,224561,224562,1,0
224561,224561,224562,1,0
224561,224561,224562,1,0
224562,224562,224563,1,0
224563,224563,224564,1,0
224563,224563,224564,1,0
224563,224563,224564,1,0
224563,224563,224564,1,0
224677,224677,225066,389,0
224677,224677,225066,389,0
224678,224678,225066,388,0
224678,224678,225066,388,0
224678,224678,225066,388,0
224679,224679,225066,387,0
224678,224678,225066,388,0
224679,224679,225066,387,0
224679,224679,225066,387,0
224678,224678,225066,388,0
224679,224680,225066,386,1
224678,224678,225066,388,0
224679,224679,225066,387,0
224679,224679,225066,387,0
224679,224679,225066,387,0
224678,224679,225066,387,1
224680,224680,225066,386,0
224678,224678,225066,388,0
224680,224680,225066,386,0
224680,224680,225066,386,0
225476,225476,225487,11,0
225476,225476,225487,11,0
225476,225476,225488,12,0
225476,225476,225488,12,0
225476,225476,225488,12,0
225476,225476,225488,12,0
225476,225476,225488,12,0
225476,225476,225488,12,0
225476,225476,225488,12,0
225476,225476,225488,12,0
225476,225476,225488,12,0
225476,225476,225489,13,0
225476,225476,225489,13,0
225476,225476,225489,13,0
225476,225476,225489,13,0
225476,225476,225489,13,0
225476,225476,225489,13,0
225476,225476,225489,13,0
225476,225476,225489,13,0
225476,225476,225489,13,0
225476,225476,225489,13,0
225476,225476,225489,13,0
225476,225476,225490,14,0
225476,225476,225490,14,0
225476,225476,225490,14,0
225476,225476,225490,14,0
225476,225476,225489,13,0
225476,225476,225491,15,0
225476,225476,225491,15,0
225476,225476,225491,15,0
225476,225476,225490,14,0
225476,225476,225491,15,0
225476,225476,225491,15,0
225476,225476,225492,16,0
225476,225476,225492,16,0
225476,225476,225492,16,0
225476,225476,225492,16,0
225476,225476,225492,16,0
225476,225476,225492,16,0
225476,225476,225493,17,0
225476,225476,225493,17,0
225476,225476,225492,16,0
225476,225476,225494,18,0
225476,225476,225494,18,0
225476,225487,225498,11,11
225476,225488,225499,11,12
225476,225488,225499,11,12
225476,225488,225499,11,12
225476,225487,225499,12,11
225476,225488,225500,12,12
225476,225489,225500,11,13
225476,225488,225500,12,12
225476,225489,225500,11,13
225476,225490,225500,10,14
225476,225488,225501,13,12
225476,225489,225501,12,13
225476,225489,225501,12,13
225476,225490,225501,11,14
225476,225488,225501,13,12
225476,225490,225501,11,14
225476,225488,225501,13,12
225476,225490,225502,12,14
225476,225491,225502,11,15
225476,225491,225503,12,15
225476,225489,225503,14,13
225476,225491,225503,12,15
225476,225491,225503,12,15
225476,225489,225503,14,13
225476,225489,225503,14,13
225476,225491,225503,12,15
225476,225492,225504,12,16
225476,225490,225505,15,14
225476,225488,225505,17,12
225476,225490,225507,17,14
225476,225491,225507,16,15
225476,225491,225507,16,15
225476,225492,225510,18,16
225476,225492,225511,19,16
225476,225491,225511,20,15
225628,225628,225639,11,0
225628,225628,225639,11,0
225751,225752,225762,10,1
225751,225752,225762,10,1
225751,225752,225762,10,1
225751,225752,225762,10,1
225751,225752,225762,10,1
225751,225752,225763,11,1
225751,225752,225762,10,1
225751,225752,225762,10,1
225751,225752,225762,10,1
225751,225752,225762,10,1
225751,225752,225762,10,1
225751,225752,225764,12,1
225751,225752,225763,11,1
225751,225752,225763,11,1
225751,225752,225764,12,1
225751,225752,225764,12,1
225751,225752,225763,11,1
225751,225752,225763,11,1
225751,225752,225764,12,1
225751,225752,225764,12,1
225751,225752,225764,12,1
225751,225752,225764,12,1
225751,225752,225765,13,1
225751,225752,225765,13,1
225751,225752,225765,13,1
225751,225752,225765,13,1
225751,225752,225765,13,1
225751,225752,225765,13,1
225751,225752,225765,13,1
225751,225752,225766,14,1
225751,225752,225766,14,1
225751,225752,225766,14,1
225751,225752,225766,14,1
225751,225752,225766,14,1
225751,225752,225766,14,1
225751,225752,225766,14,1
225751,225752,225766,14,1
225751,225752,225766,14,1
225751,225752,225767,15,1
225751,225752,225767,15,1
225751,225752,225767,15,1
225751,225752,225768,16,1
225751,225752,225769,17,1
225751,225752,225768,16,1
225751,225763,225773,10,12
225751,225763,225774,11,12
225751,225763,225773,10,12
225751,225763,225774,11,12
225751,225763,225773,10,12
225751,225763,225773,10,12
225751,225763,225774,11,12
225751,225763,225774,11,12
225751,225763,225774,11,12
225751,225764,225774,10,13
225751,225763,225776,13,12
225751,225763,225776,13,12
225751,225764,225776,12,13
225751,225765,225776,11,14
225751,225764,225776,12,13
225751,225764,225776,12,13
225751,225764,225776,12,13
225751,225764,225776,12,13
225751,225765,225776,11,14
225751,225764,225777,13,13
225751,225766,225779,13,15
225751,225765,225779,14,14
225751,225767,225778,11,16
225751,225765,225779,14,14
225751,225767,225780,13,16
225751,225767,225779,12,16
225751,225766,225780,14,15
225751,225767,225779,12,16
225751,225766,225780,14,15
225751,225766,225780,14,15
225751,225766,225780,14,15
225751,225766,225780,14,15
225751,225767,225781,14,16
225751,225767,225781,14,16
225751,225769,225781,12,18
225751,225767,225782,15,16
225751,225766,225782,16,15
225751,225768,225782,14,17
225751,225767,225783,16,16
225751,225766,225782,16,15
225751,225769,225783,14,18
225751,225769,225783,14,18
225751,225768,225783,15,17
225751,225768,225784,16,17
225751,225774,225786,12,23
225751,225774,225786,12,23
225751,225774,225786,12,23
225751,225774,225786,12,23
225751,225774,225785,11,23
225751,225774,225786,12,23
225751,225775,225787,12,24
225751,225775,225786,11,24
225751,225775,225787,12,24
225751,225776,225787,11,25
225751,225776,225787,11,25
225751,225776,225787,11,25
225751,225777,225787,10,26
225751,225776,225787,11,25
225751,225777,225788,11,26
225751,225777,225787,10,26
225751,225775,225787,12,24
225751,225777,225788,11,26
225751,225776,225788,12,25
225751,225778,225792,14,27
225751,225780,225792,12,29
225751,225779,225791,12,28
225751,225779,225792,13,28
225751,225779,225794,15,28
225751,225780,225794,14,29
225751,225780,225793,13,29
225751,225780,225794,14,29
225751,225781,225795,14,30
225751,225782,225796,14,31
225751,225780,225796,16,29
225751,225781,225795,14,30
225751,225781,225795,14,30
225751,225783,225796,13,32
225751,225781,225795,14,30
225751,225781,225796,15,30
225751,225786,225797,11,35
225751,225782,225796,14,31
225751,225781,225796,15,30
225751,225784,225796,12,33
225751,225786,225797,11,35
225751,225786,225797,11,35
225751,225783,225797,14,32
225751,225783,225798,15,32
225751,225784,225797,13,33
225751,225786,225798,12,35
225751,225784,225799,15,33
225751,225786,225798,12,35
225751,225787,225798,11,36
225751,225783,225799,16,32
225751,225787,225798,11,36
225751,225786,225798,12,35
225751,225787,225799,12,36
225751,225787,225798,11,36
225751,225783,225799,16,32
225751,225788,225800,12,37
225751,225788,225800,12,37
225751,225788,225800,12,37
225751,225788,225800,12,37
225751,225789,225800,11,38
225751,225788,225800,12,37
225751,225788,225801,13,37
225751,225788,225800,12,37
225751,225789,225801,12,38
225751,225792,225804,12,41
225751,225793,225807,14,42
225751,225794,225808,14,43
225751,225792,225808,16,41
225751,225792,225807,15,41
225751,225794,225808,14,43
225751,225794,225808,14,43
225751,225797,225808,11,46
225751,225797,225809,12,46
225751,225795,225809,14,44
225751,225797,225809,12,46
225751,225799,225809,10,48
225751,225795,225810,15,44
225751,225796,225810,14,45
225751,225796,225810,14,45
225751,225796,225810,14,45
225751,225798,225810,12,47
225751,225799,225810,11,48
225751,225799,225810,11,48
225751,225797,225811,14,46
225751,225799,225811,12,48
225751,225799,225811,12,48
225751,225796,225811,15,45
225751,225796,225811,15,45
225751,225799,225811,12,48
225751,225796,225812,16,45
225751,225797,225812,15,46
225751,225797,225812,15,46
225751,225797,225811,14,46
225751,225800,225812,12,49
225751,225800,225812,12,49
225751,225800,225811,11,49
225751,225800,225812,12,49
225751,225801,225812,11,50
225751,225800,225813,13,49
225751,225801,225813,12,50
225751,225801,225813,12,50
225751,225799,225814,15,48
225751,225801,225814,13,50
225751,225801,225814,13,50
225751,225798,225814,16,47
225751,225798,225815,17,47
225751,225798,225816,18,47
225751,225799,225817,18,48
225751,225805,225818,13,54
225751,225809,225820,11,58
225751,225808,225820,12,57
225751,225809,225820,11,58
225751,225808,225821,13,57
225751,225810,225821,11,59
225751,225808,225822,14,57
225751,225810,225822,12,59
225751,225809,225822,13,58
225751,225811,225823,12,60
225751,225808,225823,15,57
225751,225808,225823,15,57
225751,225807,225823,16,56
225751,225811,225823,12,60
225751,225812,225823,11,61
225751,225812,225823,11,61
225751,225810,225822,12,59
225751,225808,225824,16,57
225751,225811,225823,12,60
225751,225810,225824,14,59
225751,225810,225824,14,59
225751,225811,225825,14,60
225751,225812,225824,12,61
225751,225813,225825,12,62
225751,225810,225824,14,59
225751,225809,225825,16,58
225751,225814,225825,11,63
225751,225812,225825,13,61
225751,225813,225825,12,62
225751,225813,225825,12,62
225751,225811,225826,15,60
225751,225810,225826,16,59
225751,225814,225826,12,63
225751,225812,225827,15,61
225751,225811,225827,16,60
225751,225813,225827,14,62
225751,225812,225828,16,61
225751,225812,225828,16,61
225751,225812,225828,16,61
225751,225816,225828,12,65
225751,225814,225829,15,63
225751,225815,225829,14,64
225751,225818,225829,11,67
225751,225820,225831,11,69
225751,225817,225832,15,66
225751,225820,225832,12,69
225751,225821,225832,11,70
225751,225815,225833,18,64
225751,225821,225833,12,70
225751,225823,225834,11,72
225751,225821,225834,13,70
225751,225824,225834,10,73
225751,225824,225834,10,73
225751,225822,225834,12,71
225751,225823,225834,11,72
225751,225822,225835,13,71
225751,225824,225835,11,73
225751,225823,225836,13,72
225751,225825,225837,12,74
225751,225826,225837,11,75
225751,225826,225838,12,75
225751,225826,225837,11,75
225751,225823,225838,15,72
225751,225823,225839,16,72
225751,225824,225838,14,73
225751,225826,225838,12,75
225751,225827,225839,12,76
225751,225828,225838,10,77
225751,225825,225839,14,74
225751,225825,225839,14,74
225751,225824,225840,16,73
225751,225825,225840,15,74
225751,225826,225840,14,75
225751,225826,225840,14,75
225751,225827,225841,14,76
225751,225827,225841,14,76
225751,225830,225841,11,79
225751,225828,225842,14,77
225751,225828,225842,14,77
225751,225824,225842,18,73
225751,225823,225843,20,72
225751,225824,225843,19,73
225751,225829,225843,14,78
225751,225831,225843,12,80
225751,225833,225843,10,82
225751,225828,225844,16,77
225751,225825,225844,19,74
225751,225833,225844,11,82
225751,225835,225845,10,84
225751,225829,225847,18,78
225751,225833,225846,13,82
225751,225835,225846,11,84
225751,225835,225846,11,84
225751,225834,225846,12,83
225751,225828,225847,19,77
225751,225832,225847,15,81
225751,225835,225847,12,84
225751,225835,225848,13,84
225751,225838,225848,10,87
225751,225835,225848,13,84
225751,225837,225848,11,86
225751,225838,225849,11,87
225751,225836,225849,13,85
225751,225836,225849,13,85
225751,225838,225850,12,87
225751,225839,225850,11,88
225751,225838,225850,12,87
225751,225839,225851,12,88
225751,225839,225851,12,88
225751,225839,225852,13,88
225751,225841,225852,11,90
225751,225839,225853,14,88
225751,225841,225853,12,90
225751,225839,225853,14,88
225751,225840,225854,14,89
225751,225841,225854,13,90
225751,225842,225855,13,91
225751,225844,225855,11,93
225751,225841,225856,15,90
225751,225842,225857,15,91
225751,225840,225857,17,89
225751,225843,225857,14,92
225751,225841,225857,16,90
225751,225845,225857,12,94
225751,225846,225857,11,95
225751,225843,225858,15,92
225751,225844,225858,14,93
225751,225844,225858,14,93
225751,225847,225858,11,96
225751,225847,225859,12,96
225751,225844,225859,15,93
225751,225842,225859,17,91
225751,225844,225859,15,93
225751,225843,225859,16,92
225751,225848,225859,11,97
225751,225845,225860,15,94
225751,225847,225860,13,96
225751,225847,225860,13,96
225751,225849,225861,12,98
225751,225849,225860,11,98
225751,225849,225860,11,98
225751,225848,225862,14,97
225751,225847,225861,14,96
225751,225849,225861,12,98
225751,225850,225862,12,99
225751,225848,225862,14,97
225751,225849,225862,13,98
225751,225851,225863,12,100
225751,225851,225863,12,100
225751,225850,225863,13,99
225751,225852,225864,12,101
225751,225852,225863,11,101
225751,225850,225864,14,99
225751,225853,225867,14,102
225751,225853,225866,13,102
225751,225855,225867,12,104
225751,225854,225866,12,103
225751,225854,225868,14,103
225751,225856,225868,12,105
225751,225855,225869,14,104
225751,225854,225868,14,103
225751,225858,225870,12,107
225751,225859,225871,12,108
225751,225858,225870,12,107
225751,225859,225870,11,108
225751,225855,225871,16,104
225751,225858,225872,14,107
225751,225859,225871,12,108
225751,225860,225872,12,109
225751,225861,225872,11,110
225751,225858,225872,14,107
225751,225858,225872,14,107
225751,225858,225873,15,107
225751,225861,225873,12,110
225751,225861,225873,12,110
225751,225859,225874,15,108
225751,225860,225873,13,109
225751,225862,225874,12,111
225751,225861,225874,13,110
225751,225862,225874,12,111
225751,225862,225874,12,111
225751,225861,225874,13,110
225751,225859,225875,16,108
225751,225857,225875,18,106
225751,225863,225875,12,112
225751,225863,225875,12,112
225751,225860,225875,15,109
225751,225860,225876,16,109
225751,225860,225875,15,109
225751,225864,225876,12,113
225751,225864,225876,12,113
225751,225864,225876,12,113
225751,225863,225877,14,112
225751,225863,225877,14,112
225751,225861,225878,17,110
225751,225864,225878,14,113
225751,225867,225879,12,116
225751,225867,225879,12,116
225751,225867,225881,14,116
225751,225867,225880,13,116
225751,225868,225880,12,117
225751,225862,225881,19,111
225751,225868,225882,14,117
225751,225869,225882,13,118
225751,225870,225882,12,119
225751,225871,225883,12,120
225751,225871,225883,12,120
225751,225872,225883,11,121
225751,225872,225883,11,121
225751,225872,225884,12,121
225751,225871,225883,12,120
225751,225872,225884,12,121
225751,225869,225885,16,118
225751,225873,225885,12,122
225751,225873,225885,12,122
225751,225874,225886,12,123
225751,225874,225886,12,123
225751,225872,225887,15,121
225751,225873,225887,14,122
225751,225874,225887,13,123
225751,225875,225887,12,124
225751,225875,225887,12,124
225751,225876,225888,12,125
225751,225873,225888,15,122
225751,225874,225889,15,123
225751,225875,225889,14,124
225751,225874,225890,16,123
225751,225875,225889,14,124
225751,225875,225889,14,124
225751,225873,225890,17,122
225751,225876,225890,14,125
225751,225876,225890,14,125
225751,225875,225890,15,124
225751,225876,225891,15,125
225751,225877,225890,13,126
225751,225879,225891,12,128
225751,225879,225891,12,128
225751,225876,225891,15,125
225751,225878,225892,14,127
225751,225878,225892,14,127
225751,225882,225893,11,131
225751,225883,225894,11,132
225751,225878,225894,16,127
225751,225883,225894,11,132
225751,225881,225894,13,130
225751,225882,225895,13,131
225751,225881,225895,14,130
225751,225882,225896,14,131
225751,225881,225896,15,130
225751,225884,225896,12,133
225751,225884,225896,12,133
225751,225876,225897,21,125
225751,225884,225897,13,133
225751,225884,225896,12,133
225751,225885,225897,12,134
225751,225882,225897,15,131
225751,225884,225898,14,133
225751,225886,225898,12,135
225751,225885,225897,12,134
225751,225885,225899,14,134
225751,225887,225899,12,136
225751,225886,225899,13,135
225751,225888,225900,12,137
225751,225887,225900,13,136
225751,225887,225901,14,136
225751,225888,225901,13,137
225751,225887,225902,15,136
225751,225890,225902,12,139
225751,225890,225902,12,139
225751,225889,225903,14,138
225751,225889,225903,14,138
225751,225891,225903,12,140
225751,225891,225903,12,140
225751,225890,225904,14,139
225751,225889,225904,15,138
225751,225891,225905,14,140
225751,225890,225905,15,139
225751,225893,225905,12,142
225751,225891,225906,15,140
225751,225894,225906,12,143
225751,225890,225906,16,139
225751,225891,225906,15,140
225751,225890,225907,17,139
225751,225895,225907,12,144
225751,225895,225907,12,144
225751,225892,225907,15,141
225751,225893,225908,15,142
225751,225893,225907,14,142
225751,225896,225908,12,145
225751,225896,225908,12,145
225751,225897,225908,11,146
225751,225896,225909,13,145
225751,225897,225909,12,146
225751,225897,225909,12,146
225751,225895,225909,14,144
225751,225896,225910,14,145
225751,225898,225910,12,147
225751,225898,225910,12,147
225751,225897,225911,14,146
225751,225896,225911,15,145
225751,225896,225911,15,145
225751,225899,225911,12,148
225751,225900,225911,11,149
225751,225898,225912,14,147
225751,225900,225912,12,149
225751,225901,225912,11,150
225751,225898,225913,15,147
225751,225901,225913,12,150
225751,225899,225914,15,148
225751,225902,225914,12,151
225751,225903,225914,11,152
225751,225904,225915,11,153
225751,225904,225915,11,153
225751,225901,225915,14,150
225751,225906,225916,10,155
225751,225902,225917,15,151
225751,225903,225917,14,152
225751,225903,225917,14,152
225751,225904,225918,14,153
225751,225906,225918,12,155
225751,225907,225918,11,156
225751,225907,225919,12,156
225751,225908,225919,11,157
225751,225905,225920,15,154
225751,225905,225919,14,154
225751,225907,225920,13,156
225751,225908,225920,12,157
225751,225909,225920,11,158
225751,225909,225920,11,158
225751,225905,225921,16,154
225751,225910,225921,11,159
225751,225910,225921,11,159
225751,225907,225921,14,156
225751,225910,225922,12,159
225751,225911,225923,12,160
225751,225908,225923,15,157
225751,225907,225923,16,156
225751,225908,225923,15,157
225751,225912,225923,11,161
225751,225912,225923,11,161
225751,225908,225923,15,157
225751,225909,225924,15,158
225751,225910,225924,14,159
225751,225910,225924,14,159
225751,225913,225925,12,162
225751,225913,225924,11,162
225751,225911,225925,14,160
225751,225913,225925,12,162
225751,225911,225926,15,160
225751,225911,225926,15,160
225751,225915,225927,12,164
225751,225913,225927,14,162
225751,225912,225927,15,161
225751,225915,225927,12,164
225751,225916,225927,11,165
225751,225914,225928,14,163
225751,225916,225928,12,165
225751,225917,225928,11,166
225751,225916,225930,14,165
225751,225919,225930,11,168
225751,225917,225931,14,166
225751,225917,225931,14,166
225751,225920,225931,11,169
225751,225920,225931,11,169
225751,225917,225931,14,166
225751,225918,225932,14,167
225751,225918,225932,14,167
225751,225921,225932,11,170
225751,225921,225932,11,170
225751,225921,225932,11,170
225751,225922,225933,11,171
225751,225922,225933,11,171
225751,225920,225934,14,169
225751,225923,225935,12,172
225751,225923,225934,11,172
225751,225921,225935,14,170
225751,225920,225935,15,169
225751,225924,225935,11,173
225751,225924,225935,11,173
225751,225920,225936,16,169
225751,225923,225936,13,172
225751,225923,225936,13,172
225751,225922,225937,15,171
225751,225925,225938,13,174
225751,225925,225937,12,174
225751,225925,225938,13,174
225751,225926,225938,12,175
225751,225927,225939,12,176
225751,225923,225939,16,172
225751,225924,225939,15,173
225751,225924,225939,15,173
225751,225928,225939,11,177
225751,225928,225940,12,177
225751,225924,225940,16,173
225751,225926,225941,15,175
225751,225929,225941,12,178
225751,225929,225940,11,178
225751,225927,225941,14,176
225751,225927,225941,14,176
225751,225926,225942,16,175
225751,225928,225942,14,177
225751,225928,225942,14,177
225751,225932,225944,12,181
225751,225931,225943,12,180
225751,225932,225944,12,181
225751,225933,225944,11,182
225751,225933,225945,12,182
225751,225933,225945,12,182
225751,225931,225945,14,180
225751,225932,225946,14,181
225751,225932,225946,14,181
225751,225933,225946,13,182
225751,225933,225946,13,182
225751,225934,225946,12,183
225751,225932,225947,15,181
225751,225935,225947,12,184
225751,225936,225948,12,185
225751,225934,225947,13,183
225751,225935,225948,13,184
225751,225934,225949,15,183
225751,225938,225950,12,187
225751,225938,225950,12,187
225751,225939,225950,11,188
225751,225936,225950,14,185
225751,225939,225950,11,188
225751,225935,225951,16,184
225751,225936,225951,15,185
225751,225937,225951,14,186
225751,225935,225951,16,184
225751,225940,225952,12,189
225751,225936,225952,16,185
225751,225939,225952,13,188
225751,225941,225953,12,190
225751,225941,225953,12,190
225751,225940,225953,13,189
225751,225940,225953,13,189
225751,225940,225953,13,189
225751,225940,225953,13,189
225751,225941,225953,12,190
225751,225936,225954,18,185
225751,225942,225956,14,191
225751,225942,225955,13,191
225751,225944,225956,12,193
225751,225944,225956,12,193
225751,225940,225956,16,189
225751,225943,225956,13,192
225751,225943,225957,14,192
225751,225945,225957,12,194
225751,225945,225957,12,194
225751,225945,225956,11,194
225751,225945,225957,12,194
225751,225943,225957,14,192
225751,225947,225959,12,196
225751,225946,225959,13,195
225751,225948,225960,12,197
225751,225948,225960,12,197
225751,225947,225960,13,196
225751,225947,225960,13,196
225751,225947,225960,13,196
225751,225947,225961,14,196
225751,225948,225961,13,197
225751,225948,225961,13,197
225751,225948,225961,13,197
225751,225950,225962,12,199
225751,225951,225963,12,200
225751,225950,225962,12,199
225751,225951,225963,12,200
225751,225951,225963,12,200
225751,225952,225964,12,201
225751,225950,225964,14,199
225751,225953,225965,12,202
225751,225953,225965,12,202
225751,225953,225966,13,202
225751,225952,225966,14,201
225751,225952,225966,14,201
225751,225954,225967,13,203
225751,225954,225966,12,203
225751,225953,225966,13,202
225751,225952,225967,15,201
225751,225952,225967,15,201
225751,225956,225968,12,205
225751,225956,225968,12,205
225751,225953,225968,15,202
225751,225954,225968,14,203
225751,225954,225968,14,203
225751,225957,225969,12,206
225751,225957,225969,12,206
225751,225957,225969,12,206
225751,225957,225969,12,206
225751,225956,225969,13,205
225751,225956,225970,14,205
225751,225955,225970,15,204
225751,225957,225970,13,206
225751,225957,225971,14,206
225751,225959,225971,12,208
225751,225960,225972,12,209
225751,225960,225972,12,209
225751,225957,225972,15,206
225751,225958,225973,15,207
225751,225961,225973,12,210
225751,225961,225973,12,210
225751,225962,225974,12,211
225751,225961,225975,14,210
225751,225960,225974,14,209
225751,225963,225975,12,212
225751,225963,225975,12,212
225751,225963,225975,12,212
225751,225961,225975,14,210
225751,225961,225976,15,210
225751,225963,225975,12,212
225751,225964,225976,12,213
225751,225962,225976,14,211
225751,225965,225977,12,214
225751,225965,225977,12,214
225751,225966,225978,12,215
225751,225961,225978,17,210
225751,225967,225980,13,216
225751,225967,225981,14,216
225751,225967,225981,14,216
225751,225969,225981,12,218
225751,225969,225981,12,218
225751,225968,225981,13,217
225751,225969,225981,12,218
225751,225969,225981,12,218
225751,225967,225981,14,216
225751,225968,225982,14,217
225751,225967,225982,15,216
225751,225968,225982,14,217
225751,225965,225983,18,214
225751,225969,225983,14,218
225751,225969,225984,15,218
225751,225969,225983,14,218
225751,225970,225984,14,219
225751,225972,225984,12,221
225751,225973,225984,11,222
225751,225970,225985,15,219
225751,225971,225985,14,220
225751,225973,225985,12,222
225751,225973,225985,12,222
225751,225973,225985,12,222
225751,225971,225985,14,220
225751,225968,225987,19,217
225751,225971,225986,15,220
225751,225975,225987,12,224
225751,225975,225987,12,224
225751,225975,225987,12,224
225751,225973,225987,14,222
225751,225973,225987,14,222
225751,225976,225988,12,225
225751,225976,225988,12,225
225751,225975,225988,13,224
225751,225975,225989,14,224
225751,225975,225989,14,224
225751,225976,225990,14,225
225751,225977,225990,13,226
225751,225979,225990,11,228
225751,225978,225990,12,227
225751,225976,225991,15,225
225751,225977,225991,14,226
225751,225981,225993,12,230
225751,225981,225993,12,230
225751,225981,225993,12,230
225751,225979,225994,15,228
225751,225981,225994,13,230
225751,225981,225995,14,230
225751,225981,225995,14,230
225751,225983,225995,12,232
225751,225982,225995,13,231
225751,225981,225995,14,230
225751,225985,225996,11,234
225751,225983,225997,14,232
225751,225986,225998,12,235
225751,225983,225997,14,232
225751,225982,225997,15,231
225751,225984,225998,14,233
225751,225985,225998,13,234
225751,225985,225998,13,234
225751,225986,225998,12,235
225751,225985,225998,13,234
225751,225984,225999,15,233
225751,225984,225999,15,233
225751,225987,225999,12,236
225751,225988,225999,11,237
225751,225984,225999,15,233
225751,225986,226000,14,235
225751,225985,226000,15,234
225751,225989,226000,11,238
225751,225988,226000,12,237
225751,225984,226000,16,233
225751,225989,226001,12,238
225751,225989,226001,12,238
225751,225991,226003,12,240
225751,225991,226002,11,240
225751,225987,226002,15,236
225751,225988,226002,14,237
225751,225988,226002,14,237
225751,225989,226003,14,238
225751,225991,226003,12,240
225751,225987,226003,16,236
225751,225989,226003,14,238
225751,225990,226003,13,239
225751,225993,226005,12,242
225751,225994,226005,11,243
225751,225994,226005,11,243
225751,225991,226006,15,240
225751,225994,226006,12,243
225751,225992,226007,15,241
225751,225996,226008,12,245
225751,225996,226007,11,245
225751,225994,226008,14,243
225751,225997,226008,11,246
225751,225995,226009,14,244
225751,225995,226009,14,244
225751,225998,226010,12,247
225751,225996,226010,14,245
225751,225998,226010,12,247
225751,225997,226010,13,246
225751,225999,226011,12,248
225751,225999,226011,12,248
225751,225999,226011,12,248
225751,225998,226012,14,247
225751,225998,226012,14,247
225751,226000,226012,12,249
225751,226001,226013,12,250
225751,225998,226012,14,247
225751,225999,226013,14,248
225751,226002,226013,11,251
225751,226002,226013,11,251
225751,226001,226013,12,250
225751,225998,226013,15,247
225751,225999,226014,15,248
225751,226000,226014,14,249
225751,226003,226015,12,252
225751,226003,226014,11,252
225751,226000,226014,14,249
225751,226001,226016,15,250
225751,226004,226016,12,253
225751,226003,226017,14,252
225751,226003,226017,14,252
225751,226005,226017,12,254
225751,226006,226018,12,255
225751,226000,226017,17,249
225751,226003,226018,15,252
225751,226004,226018,14,253
225751,226006,226018,12,255
225751,226006,226018,12,255
225751,226003,226019,16,252
225751,226004,226019,15,253
225751,226004,226019,15,253
225751,226008,226020,12,257
225751,226008,226020,12,257
225751,226006,226020,14,255
225751,226009,226020,11,258
225751,226007,226021,14,256
225751,226008,226022,14,257
225751,226011,226022,11,260
225751,226010,226022,12,259
225751,226009,226023,14,258
225751,226012,226023,11,261
225751,226013,226024,11,262
225751,226012,226023,11,261
225751,226012,226023,11,261
225751,226013,226024,11,262
225751,226011,226025,14,260
225751,226010,226025,15,259
225751,226009,226025,16,258
225751,226014,226025,11,263
225751,226014,226025,11,263
225751,226014,226026,12,263
225751,226012,226026,14,261
225751,226012,226026,14,261
225751,226015,226026,11,264
225751,226013,226027,14,262
225751,226013,226027,14,262
225751,226015,226027,12,264
225751,226014,226028,14,263
225751,226014,226028,14,263
225751,226017,226029,12,266
225751,226014,226029,15,263
225751,226018,226029,11,267
225751,226018,226029,11,267
225751,226015,226030,15,264
225751,226019,226030,11,268
225751,226019,226030,11,268
225751,226020,226032,12,269
225751,226020,226032,12,269
225751,226017,226032,15,266
225751,226017,226032,15,266
225751,226019,226032,13,268
225751,226021,226032,11,270
225751,226016,226032,16,265
225751,226018,226033,15,267
225751,226018,226032,14,267
225751,226021,226033,12,270
225751,226020,226033,13,269
225751,226019,226033,14,268
225751,226020,226034,14,269
225751,226023,226034,11,272
225751,226023,226035,12,272
225751,226019,226034,15,268
225751,226024,226035,11,273
225751,226024,226036,12,273
225751,226024,226036,12,273
225751,226024,226035,11,273
225751,226022,226036,14,271
225751,226025,226037,12,274
225751,226024,226037,13,273
225751,226026,226038,12,275
225751,226026,226038,12,275
225751,226026,226037,11,275
225751,226027,226039,12,276
225751,226025,226039,14,274
225751,226026,226039,13,275
225751,226026,226040,14,275
225751,226026,226040,14,275
225751,226026,226040,14,275
225751,226029,226041,12,278
225751,226028,226041,13,277
225751,226030,226041,11,279
225751,226030,226041,11,279
225751,226027,226042,15,276
225751,226028,226042,14,277
225751,226029,226042,13,278
225751,226031,226042,11,280
225751,226031,226043,12,280
225751,226028,226043,15,277
225751,226029,226043,14,278
225751,226031,226044,13,280
225751,226033,226044,11,282
225751,226032,226045,13,281
225751,226032,226045,13,281
225751,226032,226046,14,281
225751,226033,226047,14,282
225751,226033,226047,14,282
225751,226035,226047,12,284
225751,226035,226047,12,284
225751,226034,226047,13,283
225751,226036,226047,11,285
225751,226036,226047,11,285
225751,226036,226048,12,285
225751,226033,226048,15,282
225751,226033,226048,15,282
225751,226036,226048,12,285
225751,226033,226048,15,282
225751,226033,226049,16,282
225751,226035,226049,14,284
225751,226038,226050,12,287
225751,226038,226050,12,287
225751,226037,226050,13,286
225751,226034,226050,16,283
225751,226035,226050,15,284
225751,226038,226051,13,287
225751,226039,226051,12,288
225751,226037,226051,14,286
225751,226038,226052,14,287
225751,226041,226053,12,290
225751,226041,226053,12,290
225751,226040,226053,13,289
225751,226042,226053,11,291
225751,226043,226054,11,292
225751,226042,226054,12,291
225751,226039,226054,15,288
225751,226041,226054,13,290
225751,226040,226054,14,289
225751,226043,226055,12,292
225751,226041,226056,15,290
225751,226043,226056,13,292
225751,226042,226057,15,291
225751,226045,226057,12,294
225751,226045,226058,13,294
225751,226043,226057,14,292
225751,226045,226058,13,294
225751,226047,226058,11,296
225751,226048,226059,11,297
225751,226047,226060,13,296
225751,226044,226059,15,293
225751,226045,226059,14,294
225751,226048,226060,12,297
225751,226048,226060,12,297
225751,226048,226060,12,297
225751,226044,226060,16,293
225751,226047,226060,13,296
225751,226047,226061,14,296
225751,226046,226061,15,295
225751,226050,226061,11,299
225751,226048,226062,14,297
225751,226050,226062,12,299
225751,226049,226062,13,298
225751,226050,226062,12,299
225751,226051,226063,12,300
225751,226049,226063,14,298
225751,226052,226063,11,301
225751,226050,226063,13,299
225751,226048,226064,16,297
225751,226048,226064,16,297
225751,226051,226064,13,300
225751,226053,226065,12,302
225751,226052,226065,13,301
225751,226054,226066,12,303
225751,226054,226066,12,303
225751,226054,226066,12,303
225751,226051,226066,15,300
225751,226054,226067,13,303
225751,226053,226067,14,302
225751,226054,226068,14,303
225751,226055,226068,13,304
225751,226055,226069,14,304
225751,226058,226070,12,307
225751,226055,226070,15,304
225751,226058,226070,12,307
225751,226055,226070,15,304
225751,226058,226070,12,307
225751,226059,226071,12,308
225751,226056,226071,15,305
225751,226057,226072,15,306
225751,226060,226072,12,309
225751,226059,226072,13,308
225751,226058,226072,14,307
225751,226060,226072,12,309
225751,226058,226073,15,307
225751,226061,226073,12,310
225751,226061,226073,12,310
225751,226062,226074,12,311
225751,226060,226074,14,309
225751,226060,226074,14,309
225751,226063,226074,11,312
225751,226061,226075,14,310
225751,226061,226075,14,310
225751,226062,226076,14,311
225751,226064,226076,12,313
225751,226062,226076,14,311
225751,226063,226076,13,312
225751,226061,226076,15,310
225751,226063,226077,14,312
225751,226065,226077,12,314
225751,226063,226077,14,312
225751,226066,226078,12,315
225751,226066,226078,12,315
225751,226064,226079,15,313
225751,226065,226078,13,314
225751,226067,226078,11,316
225751,226066,226079,13,315
225751,226064,226078,14,313
225751,226068,226079,11,317
225751,226065,226079,14,314
225751,226069,226080,11,318
225751,226065,226081,16,314
225751,226067,226082,15,316
225751,226068,226082,14,317
225751,226071,226082,11,320
225751,226070,226082,12,319
225751,226071,226083,12,320
225751,226068,226083,15,317
225751,226072,226083,11,321
225751,226069,226083,14,318
225751,226070,226084,14,319
225751,226071,226083,12,320
225751,226073,226085,12,322
225751,226073,226084,11,322
225751,226071,226085,14,320
225751,226074,226085,11,323
225751,226074,226086,12,323
225751,226072,226086,14,321
225751,226074,226086,12,323
225751,226073,226086,13,322
225751,226072,226086,14,321
225751,226073,226087,14,322
225751,226075,226087,12,324
225751,226074,226088,14,323
225751,226074,226088,14,323
225751,226076,226089,13,325
225751,226077,226089,12,326
225751,226075,226089,14,324
225751,226078,226090,12,327
225751,226078,226091,13,327
225751,226079,226091,12,328
225751,226075,226091,16,324
225751,226076,226091,15,325
225751,226078,226091,13,327
225751,226078,226091,13,327
225751,226076,226092,16,325
225751,226080,226092,12,329
225751,226077,226092,15,326
225751,226078,226093,15,327
225751,226081,226093,12,330
225751,226079,226094,15,328
225751,226083,226094,11,332
225751,226079,226094,15,328
225751,226079,226093,14,328
225751,226080,226095,15,329
225751,226083,226094,11,332
225751,226083,226095,12,332
225751,226079,226095,16,328
225751,226083,226095,12,332
225751,226084,226096,12,333
225751,226081,226096,15,330
225751,226085,226097,12,334
225751,226084,226097,13,333
225751,226084,226097,13,333
225751,226082,226097,15,331
225751,226085,226097,12,334
225751,226082,226097,15,331
225751,226087,226099,12,336
225751,226086,226099,13,335
225751,226083,226098,15,332
225751,226088,226099,11,337
225751,226086,226100,14,335
225751,226086,226099,13,335
225751,226089,226101,12,338
225751,226087,226100,13,336
225751,226088,226102,14,337
225751,226087,226102,15,336
225751,226088,226102,14,337
225751,226087,226101,14,336
225751,226090,226103,13,339
225751,226091,226102,11,340
225751,226091,226102,11,340
225751,226088,226103,15,337
225751,226091,226103,12,340
225751,226091,226103,12,340
225751,226090,226104,14,339
225751,226091,226104,13,340
225751,226093,226105,12,342
225751,226094,226105,11,343
225751,226091,226105,14,340
225751,226091,226105,14,340
225751,226094,226106,12,343
225751,226095,226106,11,344
225751,226095,226106,11,344
225751,226096,226107,11,345
225751,226092,226107,15,341
225751,226094,226107,13,343
225751,226094,226107,13,343
225751,226096,226107,11,345
225751,226094,226107,13,343
225751,226097,226107,10,346
225751,226095,226108,13,344
225751,226093,226108,15,342
225751,226093,226108,15,342
225751,226096,226108,12,345
225751,226097,226109,12,346
225751,226097,226109,12,346
225751,226098,226110,12,347
225751,226098,226110,12,347
225751,226099,226111,12,348
225751,226099,226111,12,348
225751,226097,226111,14,346
225751,226100,226112,12,349
225751,226100,226112,12,349
225751,226101,226113,12,350
225751,226099,226113,14,348
225751,226098,226113,15,347
225751,226102,226114,12,351
225751,226101,226114,13,350
225751,226103,226114,11,352
225751,226103,226115,12,352
225751,226100,226114,14,349
225751,226105,226116,11,354
225751,226103,226115,12,352
225751,226102,226115,13,351
225751,226104,226116,12,353
225751,226102,226117,15,351
225751,226105,226116,11,354
225751,226104,226117,13,353
225751,226102,226117,15,351
225751,226104,226117,13,353
225751,226107,226118,11,356
225751,226105,226118,13,354
225751,226106,226118,12,355
225751,226107,226118,11,356
225751,226106,226118,12,355
225751,226108,226119,11,357
225751,226103,226119,16,352
225751,226108,226119,11,357
225751,226108,226120,12,357
225751,226105,226120,15,354
225751,226105,226120,15,354
225751,226107,226121,14,356
225751,226107,226121,14,356
225751,226111,226122,11,360
225751,226107,226122,15,356
225751,226108,226123,15,357
225751,226108,226123,15,357
225751,226108,226123,15,357
225751,226110,226123,13,359
225751,226111,226123,12,360
225751,226111,226123,12,360
225751,226109,226123,14,358
225751,226109,226124,15,358
225751,226110,226125,15,359
225751,226112,226125,13,361
225751,226112,226125,13,361
225751,226113,226125,12,362
225751,226111,226125,14,360
225751,226115,226127,12,364
225751,226115,226127,12,364
225751,226114,226127,13,363
225751,226116,226128,12,365
225751,226116,226128,12,365
225751,226117,226128,11,366
225751,226113,226128,15,362
225751,226115,226128,13,364
225751,226115,226129,14,364
225751,226116,226128,12,365
225751,226114,226129,15,363
225751,226118,226129,11,367
225751,226118,226129,11,367
225751,226118,226130,12,367
225751,226119,226130,11,368
225751,226118,226130,12,367
225751,226118,226130,12,367
225751,226118,226130,12,367
225751,226119,226130,11,368
225751,226120,226131,11,369
225751,226117,226131,14,366
225751,226116,226131,15,365
225751,226119,226131,12,368
225751,226119,226132,13,368
225751,226121,226132,11,370
225751,226120,226133,13,369
225751,226122,226133,11,371
225751,226122,226133,11,371
225751,226121,226133,12,370
225751,226123,226134,11,372
225751,226121,226135,14,370
225751,226123,226135,12,372
225751,226125,226136,11,374
225751,226126,226136,10,375
225751,226126,226136,10,375
225751,226123,226136,13,372
225751,226124,226136,12,373
225751,226123,226137,14,372
225751,226124,226138,14,373
225751,226127,226138,11,376
225751,226127,226138,11,376
225751,226123,226138,15,372
225751,226124,226139,15,373
225751,226125,226139,14,374
225751,226128,226139,11,377
225751,226126,226139,13,375
225751,226123,226139,16,372
225751,226128,226140,12,377
225751,226128,226140,12,377
225751,226128,226140,12,377
225751,226130,226140,10,379
225751,226130,226141,11,379
225751,226130,226141,11,379
225751,226129,226141,12,378
225751,226131,226141,10,380
225751,226130,226141,11,379
225751,226131,226142,11,380
225751,226129,226143,14,378
225751,226131,226142,11,380
225751,226131,226142,11,380
225751,226132,226143,11,381
225751,226131,226143,12,380
225751,226130,226143,13,379
225751,226129,226144,15,378
225751,226131,226145,14,380
225751,226129,226145,16,378
225751,226132,226145,13,381
225751,226134,226145,11,383
225751,226131,226146,15,380
225751,226133,226145,12,382
225751,226135,226146,11,384
225751,226136,226146,10,385
225751,226137,226147,10,386
225751,226134,226148,14,383
225751,226136,226148,12,385
225751,226134,226148,14,383
225751,226133,226148,15,382
225751,226138,226149,11,387
225751,226137,226149,12,386
225751,226138,226149,11,387
225751,226135,226150,15,384
225751,226137,226150,13,386
225751,226137,226151,14,386
225751,226137,226150,13,386
225751,226138,226150,12,387
225751,226138,226151,13,387
225751,226139,226151,12,388
225751,226140,226151,11,389
225751,226141,226152,11,390
225751,226139,226152,13,388
225751,226140,226152,12,389
225751,226139,226152,13,388
225751,226139,226152,13,388
225751,226142,226152,10,391
225751,226142,226153,11,391
225751,226140,226153,13,389
225751,226139,226153,14,388
225751,226142,226153,11,391
225751,226142,226153,11,391
225751,226143,226154,11,392
225751,226143,226154,11,392
225751,226143,226154,11,392
225751,226143,226155,12,392
225751,226144,226155,11,393
225751,226142,226155,13,391
225751,226144,226156,12,393
225751,226146,226156,10,395
225751,226143,226156,13,392
225751,226146,226158,12,395
225751,226147,226158,11,396
225751,226147,226158,11,396
225751,226146,226159,13,395
225751,226146,226159,13,395
225751,226145,226159,14,394
225751,226145,226159,14,394
225751,226148,226160,12,397
225751,226150,226161,11,399
225751,226149,226162,13,398
225751,226148,226161,13,397
225751,226150,226162,12,399
225751,226146,226162,16,395
225751,226152,226162,10,401
225751,226152,226163,11,401
225751,226152,226163,11,401
225751,226149,226163,14,398
225751,226151,226163,12,400
225751,226153,226164,11,402
225751,226149,226163,14,398
225751,226153,226164,11,402
225751,226151,226164,13,400
225751,226153,226164,11,402
225751,226154,226165,11,403
225751,226154,226164,10,403
225751,226151,226165,14,400
225751,226154,226165,11,403
225751,226153,226165,12,402
225751,226151,226165,14,400
225751,226153,226165,12,402
225751,226151,226165,14,400
225751,226153,226165,12,402
225751,226152,226166,14,401
225751,226151,226166,15,400
225751,226152,226167,15,401
225751,226156,226167,11,405
225751,226155,226167,12,404
225751,226155,226166,11,404
225751,226153,226168,15,402
225751,226157,226169,12,406
225751,226156,226170,14,405
225751,226156,226170,14,405
225751,226156,226170,14,405
225751,226159,226171,12,408
225751,226157,226171,14,406
225751,226159,226171,12,408
225751,226161,226173,12,410
225751,226161,226173,12,410
225751,226160,226172,12,409
225751,226163,226173,10,412
225751,226159,226173,14,408
225751,226163,226173,10,412
225751,226159,226174,15,408
225751,226162,226173,11,411
225751,226162,226173,11,411
225751,226163,226174,11,412
225751,226163,226174,11,412
225751,226160,226174,14,409
225751,226164,226175,11,413
225751,226164,226175,11,413
225751,226159,226174,15,408
225751,226164,226176,12,413
225751,226163,226176,13,412
225751,226164,226176,12,413
225751,226164,226176,12,413
225751,226165,226177,12,414
225751,226165,226176,11,414
225751,226164,226177,13,413
225751,226165,226177,12,414
225751,226165,226178,13,414
225751,226166,226178,12,415
225751,226167,226178,11,416
225751,226166,226179,13,415
225751,226167,226178,11,416
225751,226167,226180,13,416
225751,226165,226180,15,414
225751,226166,226180,14,415
225751,226169,226181,12,418
225751,226168,226181,13,417
225751,226167,226182,15,416
225751,226166,226182,16,415
225751,226167,226182,15,416
225751,226166,226182,16,415
225751,226167,226182,15,416
225751,226171,226183,12,420
225751,226170,226183,13,419
225751,226174,226185,11,423
225751,226174,226186,12,423
225751,226173,226186,13,422
225751,226173,226185,12,422
225751,226172,226185,13,421
225751,226171,226186,15,420
225751,226174,226186,12,423
225751,226171,226187,16,420
225751,226170,226187,17,419
225751,226173,226187,14,422
225751,226174,226187,13,423
225751,226174,226187,13,423
225751,226175,226187,12,424
225751,226176,226188,12,425
225751,226174,226188,14,423
225751,226175,226188,13,424
225751,226176,226188,12,425
225751,226175,226188,13,424
225751,226177,226189,12,426
225751,226177,226188,11,426
225751,226174,226188,14,423
225751,226174,226188,14,423
225751,226175,226189,14,424
225751,226177,226189,12,426
225751,226176,226189,13,425
225751,226177,226189,12,426
225751,226178,226189,11,427
225751,226179,226191,12,428
225751,226177,226191,14,426
225751,226180,226192,12,429
225751,226181,226192,11,430
225751,226179,226193,14,428
225751,226179,226193,14,428
225751,226179,226194,15,428
225751,226180,226194,14,429
225751,226183,226195,12,432
225751,226180,226195,15,429
225751,226182,226196,14,431
225751,226182,226197,15,431
225751,226183,226197,14,432
225751,226182,226197,15,431
225751,226185,226197,12,434
225751,226183,226197,14,432
225751,226183,226197,14,432
225751,226186,226198,12,435
225751,226186,226198,12,435
225751,226186,226198,12,435
225751,226186,226198,12,435
225751,226186,226199,13,435
225751,226187,226199,12,436
225751,226183,226200,17,432
225751,226189,226200,11,438
225751,226188,226200,12,437
225751,226188,226200,12,437
225751,226189,226200,11,438
225751,226187,226201,14,436
225751,226189,226201,12,438
225751,226187,226201,14,436
225751,226190,226201,11,439
225751,226188,226202,14,437
225751,226190,226202,12,439
225751,226190,226201,11,439
225751,226189,226202,13,438
225751,226186,226202,16,435
225751,226187,226202,15,436
225751,226188,226202,14,437
225751,226189,226202,13,438
225751,226191,226203,12,440
225751,226190,226204,14,439
225751,226189,226204,15,438
225751,226192,226204,12,441
225751,226189,226204,15,438
225751,226193,226205,12,442
225751,226191,226205,14,440
225751,226194,226205,11,443
225751,226195,226206,11,444
225751,226193,226206,13,442
225751,226194,226208,14,443
225751,226194,226208,14,443
225751,226197,226209,12,446
225751,226189,226209,20,438
225751,226195,226209,14,444
225751,226196,226210,14,445
225751,226198,226210,12,447
225751,226198,226210,12,447
225751,226198,226210,12,447
225751,226198,226210,12,447
225751,226197,226211,14,446
225751,226197,226211,14,446
225751,226197,226211,14,446
225751,226200,226211,11,449
225751,226200,226211,11,449
225751,226197,226212,15,446
225751,226198,226212,14,447
225751,226200,226212,12,449
225751,226200,226212,12,449
225751,226200,226212,12,449
225751,226201,226213,12,450
225751,226200,226213,13,449
225751,226202,226213,11,451
225751,226203,226215,12,452
225751,226200,226215,15,449
225751,226203,226215,12,452
225751,226202,226214,12,451
225751,226202,226215,13,451
225751,226202,226215,13,451
225751,226204,226215,11,453
225751,226202,226215,13,451
225751,226202,226215,13,451
225751,226201,226215,14,450
225751,226201,226216,15,450
225751,226205,226216,11,454
225751,226202,226216,14,451
225751,226204,226217,13,453
225751,226204,226217,13,453
225751,226206,226218,12,455
225751,226204,226218,14,453
225751,226202,226218,16,451
225751,226206,226218,12,455
225751,226206,226220,14,455
225751,226207,226219,12,456
225751,226209,226220,11,458
225751,226210,226221,11,459
225751,226210,226221,11,459
225751,226211,226221,10,460
225751,226211,226221,10,460
225751,226209,226221,12,458
225751,226210,226222,12,459
225751,226212,226223,11,461
225751,226212,226222,10,461
225751,226210,226223,13,459
225751,226209,226222,13,458
225751,226212,226223,11,461
225751,226212,226223,11,461
225751,226211,226224,13,460
225751,226213,226224,11,462
225751,226213,226224,11,462
225751,226212,226224,12,461
225751,226214,226224,10,463
225751,226212,226225,13,461
225751,226212,226226,14,461
225751,226215,226226,11,464
225751,226216,226227,11,465
225751,226210,226226,16,459
225751,226215,226228,13,464
225751,226211,226228,17,460
225751,226212,226229,17,461
225751,226215,226229,14,464
226748,226749,226759,10,1
226748,226749,226760,11,1
226748,226749,226760,11,1
226748,226749,226760,11,1
226748,226749,226760,11,1
226748,226749,226760,11,1
226748,226749,226761,12,1
226748,226749,226760,11,1
226748,226749,226760,11,1
226748,226749,226760,11,1
226748,226749,226760,11,1
226748,226749,226760,11,1
226748,226749,226761,12,1
226748,226749,226761,12,1
226748,226749,226761,12,1
226748,226749,226761,12,1
226748,226749,226761,12,1
226748,226749,226762,13,1
226748,226749,226761,12,1
226748,226749,226762,13,1
226748,226749,226762,13,1
226748,226749,226762,13,1
226748,226749,226762,13,1
226748,226749,226762,13,1
226748,226749,226762,13,1
226748,226749,226762,13,1
226748,226749,226762,13,1
226748,226749,226762,13,1
226748,226749,226762,13,1
226748,226749,226762,13,1
226748,226749,226762,13,1
226748,226749,226763,14,1
226748,226749,226763,14,1
226748,226749,226763,14,1
226748,226749,226763,14,1
226748,226749,226763,14,1
226748,226749,226763,14,1
226748,226749,226764,15,1
226748,226749,226764,15,1
226748,226749,226765,16,1
226748,226749,226765,16,1
226748,226749,226767,18,1
226748,226749,226766,17,1
226748,226749,226767,18,1
226748,226760,226770,10,12
226748,226761,226771,10,13
226748,226761,226771,10,13
226748,226761,226771,10,13
226748,226761,226771,10,13
226748,226761,226771,10,13
226748,226761,226771,10,13
226748,226761,226771,10,13
226748,226761,226771,10,13
226748,226761,226771,10,13
226748,226761,226772,11,13
226748,226762,226773,11,14
226748,226762,226773,11,14
226748,226762,226772,10,14
226748,226761,226772,11,13
226748,226763,226773,10,15
226748,226762,226773,11,14
226748,226762,226774,12,14
226748,226762,226774,12,14
226748,226763,226775,12,15
226748,226763,226775,12,15
226748,226763,226775,12,15
226748,226763,226776,13,15
226748,226763,226776,13,15
226748,226763,226775,12,15
226748,226763,226775,12,15
226748,226763,226775,12,15
226748,226764,226776,12,16
226748,226764,226776,12,16
226748,226762,226776,14,14
226748,226764,226776,12,16
226748,226764,226777,13,16
226748,226763,226778,15,15
226748,226763,226777,14,15
226748,226763,226777,14,15
226748,226764,226778,14,16
226748,226764,226779,15,16
226748,226765,226779,14,17
226748,226765,226781,16,17
226748,226765,226780,15,17
226748,226766,226780,14,18
226748,226767,226781,14,19
226748,226767,226781,14,19
226748,226771,226782,11,23
226748,226772,226782,10,24
226748,226772,226783,11,24
226748,226768,226782,14,20
226748,226772,226783,11,24
226748,226772,226783,11,24
226748,226772,226783,11,24
226748,226772,226783,11,24
226748,226773,226783,10,25
226748,226772,226784,12,24
226748,226772,226784,12,24
226748,226772,226783,11,24
226748,226773,226784,11,25
226748,226772,226783,11,24
226748,226774,226785,11,26
226748,226773,226786,13,25
226748,226774,226785,11,26
226748,226775,226786,11,27
226748,226775,226785,10,27
226748,226773,226785,12,25
226748,226776,226788,12,28
226748,226775,226788,13,27
226748,226777,226788,11,29
226748,226776,226789,13,28
226748,226776,226790,14,28
226748,226776,226789,13,28
226748,226776,226790,14,28
226748,226776,226790,14,28
226748,226778,226791,13,30
226748,226776,226791,15,28
226748,226776,226792,16,28
226748,226777,226791,14,29
226748,226778,226791,13,30
226748,226777,226792,15,29
226748,226778,226792,14,30
226748,226778,226792,14,30
226748,226779,226794,15,31
226748,226783,226793,10,35
226748,226779,226793,14,31
226748,226783,226794,11,35
226748,226784,226795,11,36
226748,226780,226795,15,32
226748,226782,226794,12,34
226748,226781,226795,14,33
226748,226781,226794,13,33
226748,226783,226794,11,35
226748,226783,226795,12,35
226748,226784,226795,11,36
226748,226784,226796,12,36
226748,226784,226795,11,36
226748,226784,226795,11,36
226748,226784,226796,12,36
226748,226784,226796,12,36
226748,226784,226796,12,36
226748,226781,226796,15,33
226748,226781,226796,15,33
226748,226783,226796,13,35
226748,226784,226796,12,36
226748,226785,226797,12,37
226748,226786,226797,11,38
226748,226786,226798,12,38
226748,226786,226798,12,38
226748,226786,226798,12,38
226748,226786,226798,12,38
226748,226789,226801,12,41
226748,226788,226802,14,40
226748,226790,226802,12,42
226748,226790,226803,13,42
226748,226790,226803,13,42
226748,226789,226803,14,41
226748,226790,226803,13,42
226748,226791,226804,13,43
226748,226792,226805,13,44
226748,226792,226806,14,44
226748,226793,226806,13,45
226748,226792,226806,14,44
226748,226794,226806,12,46
226748,226794,226806,12,46
226748,226792,226807,15,44
226748,226795,226807,12,47
226748,226792,226807,15,44
226748,226795,226807,12,47
226748,226796,226807,11,48
226748,226796,226807,11,48
226748,226796,226807,11,48
226748,226792,226807,15,44
226748,226796,226807,11,48
226748,226794,226808,14,46
226748,226795,226808,13,47
226748,226796,226808,12,48
226748,226797,226808,11,49
226748,226794,226808,14,46
226748,226795,226809,14,47
226748,226796,226809,13,48
226748,226796,226808,12,48
226748,226795,226808,13,47
226748,226793,226809,16,45
226748,226797,226809,12,49
226748,226798,226809,11,50
226748,226795,226809,14,47
226748,226795,226809,14,47
226748,226798,226809,11,50
226748,226797,226810,13,49
226748,226797,226811,14,49
226748,226799,226811,12,51
226748,226799,226811,12,51
226748,226799,226811,12,51
226748,226797,226813,16,49
226748,226801,226814,13,53
226748,226803,226817,14,55
226748,226802,226816,14,54
226748,226803,226818,15,55
226748,226803,226817,14,55
226826,226826,226838,12,0
226826,226826,226838,12,0
226826,226826,226838,12,0
226826,226826,226837,11,0
226826,226826,226837,11,0
226826,226826,226838,12,0
226826,226826,226838,12,0
226826,226826,226838,12,0
226826,226826,226838,12,0
226826,226826,226837,11,0
226826,226826,226838,12,0
226826,226826,226837,11,0
226826,226826,226838,12,0
226826,226826,226839,13,0
226826,226826,226838,12,0
226826,226826,226838,12,0
226826,226826,226838,12,0
226826,226826,226838,12,0
226826,226826,226838,12,0
226826,226826,226838,12,0
226826,226826,226838,12,0
226826,226826,226838,12,0
226826,226826,226838,12,0
226826,226826,226838,12,0
226826,226826,226839,13,0
226826,226826,226839,13,0
226826,226826,226839,13,0
226826,226826,226840,14,0
226826,226826,226840,14,0
226826,226826,226840,14,0
226826,226826,226840,14,0
226826,226826,226841,15,0
226826,226826,226840,14,0
226826,226826,226841,15,0
226826,226826,226840,14,0
226826,226826,226842,16,0
226826,226826,226841,15,0
226826,226826,226841,15,0
226826,226826,226841,15,0
226826,226826,226841,15,0
226826,226826,226843,17,0
226826,226826,226843,17,0
226826,226826,226844,18,0
226826,226826,226844,18,0
226826,226838,226849,11,12
226826,226839,226850,11,13
226826,226838,226850,12,12
226826,226838,226850,12,12
226826,226838,226849,11,12
226826,226838,226850,12,12
226826,226838,226850,12,12
226826,226839,226851,12,13
226826,226839,226851,12,13
226826,226838,226850,12,12
226826,226839,226851,12,13
226826,226838,226850,12,12
226826,226839,226851,12,13
226826,226839,226850,11,13
226826,226838,226850,12,12
226826,226838,226850,12,12
226826,226838,226850,12,12
226826,226838,226850,12,12
226826,226839,226851,12,13
226826,226839,226852,13,13
226826,226838,226851,13,12
226826,226839,226852,13,13
226826,226841,226853,12,15
226826,226840,226854,14,14
226826,226840,226854,14,14
226826,226839,226855,16,13
226826,226841,226855,14,15
226826,226842,226855,13,16
226826,226839,226855,16,13
226826,226841,226854,13,15
226826,226840,226855,15,14
226826,226840,226856,16,14
226826,226841,226856,15,15
226826,226841,226855,14,15
226826,226844,226857,13,18
226826,226841,226856,15,15
226826,226842,226857,15,16
226826,226841,226856,15,15
226826,226842,226856,14,16
226826,226842,226858,16,16
226826,226842,226859,17,16
226826,226844,226859,15,18
226826,226845,226859,14,19
226826,226844,226859,15,18
226826,226850,226860,10,24
226826,226850,226861,11,24
226826,226851,226862,11,25
226826,226850,226861,11,24
226826,226851,226862,11,25
226826,226850,226861,11,24
226826,226851,226862,11,25
226826,226851,226862,11,25
226826,226851,226863,12,25
226826,226851,226863,12,25
226826,226851,226862,11,25
226826,226851,226863,12,25
226826,226851,226863,12,25
226826,226851,226863,12,25
226826,226850,226863,13,24
226826,226851,226863,12,25
226826,226851,226864,13,25
226826,226851,226864,13,25
226826,226852,226864,12,26
226826,226852,226865,13,26
226826,226851,226866,15,25
226826,226852,226866,14,26
226826,226855,226869,14,29
226826,226855,226869,14,29
226826,226856,226870,14,30
226826,226854,226869,15,28
226826,226856,226870,14,30
226826,226855,226869,14,29
226826,226855,226869,14,29
226826,226856,226871,15,30
226826,226856,226871,15,30
226826,226857,226871,14,31
226826,226857,226870,13,31
226826,226853,226871,18,27
226826,226857,226872,15,31
226826,226857,226872,15,31
226826,226859,226872,13,33
226826,226854,226873,19,28
226826,226857,226873,16,31
226826,226861,226873,12,35
226826,226862,226873,11,36
226826,226855,226873,18,29
226826,226860,226874,14,34
226826,226859,226873,14,33
226826,226862,226874,12,36
226826,226863,226874,11,37
226826,226862,226874,12,36
226826,226862,226874,12,36
226826,226862,226874,12,36
226826,226862,226873,11,36
226826,226860,226875,15,34
226826,226860,226875,15,34
226826,226863,226876,13,37
226826,226863,226876,13,37
226826,226863,226875,12,37
226826,226863,226876,13,37
226826,226864,226876,12,38
226826,226864,226876,12,38
226826,226865,226877,12,39
226826,226864,226877,13,38
226826,226863,226877,14,37
226826,226860,226877,17,34
226826,226866,226879,13,40
226826,226866,226879,13,40
226826,226866,226879,13,40
226826,226864,226879,15,38
226826,226871,226883,12,45
226826,226870,226884,14,44
226826,226869,226884,15,43
226826,226870,226884,14,44
226826,226871,226884,13,45
226826,226870,226884,14,44
226826,226870,226885,15,44
226826,226873,226885,12,47
226826,226869,226886,17,43
226826,226871,226886,15,45
226826,226874,226886,12,48
226826,226874,226886,12,48
226826,226873,226886,13,47
226826,226874,226886,12,48
226826,226874,226886,12,48
226826,226874,226886,12,48
226826,226873,226887,14,47
226826,226874,226887,13,48
226826,226875,226887,12,49
226826,226873,226888,15,47
226826,226871,226888,17,45
226826,226870,226888,18,44
226826,226876,226888,12,50
226826,226876,226888,12,50
226826,226876,226888,12,50
226826,226876,226888,12,50
226826,226874,226889,15,48
226826,226872,226889,17,46
226826,226874,226889,15,48
226826,226875,226889,14,49
226826,226877,226889,12,51
226826,226876,226889,13,50
226826,226877,226889,12,51
226826,226871,226890,19,45
226826,226872,226890,18,46
226826,226872,226890,18,46
226826,226876,226890,14,50
226826,226877,226891,14,51
226826,226879,226891,12,53
226826,226880,226891,11,54
226826,226874,226892,18,48
226826,226878,226893,15,52
226826,226879,226893,14,53
226826,226880,226893,13,54
226826,226883,226897,14,57
226826,226884,226898,14,58
226906,226906,226918,12,0
226906,226906,226918,12,0
226906,226906,226918,12,0
226906,226906,226918,12,0
226906,226906,226918,12,0
226906,226906,226918,12,0
226906,226906,226918,12,0
226906,226906,226918,12,0
226906,226906,226918,12,0
226906,226906,226918,12,0
226906,226906,226919,13,0
226906,226906,226919,13,0
226906,226906,226919,13,0
226906,226906,226919,13,0
226906,226906,226919,13,0
226906,226906,226919,13,0
226906,226906,226918,12,0
226906,226906,226919,13,0
226906,226906,226919,13,0
226906,226906,226919,13,0
226906,226906,226919,13,0
226906,226906,226919,13,0
226906,226906,226921,15,0
226906,226906,226920,14,0
226906,226906,226921,15,0
226906,226906,226921,15,0
226906,226906,226921,15,0
226906,226906,226921,15,0
226906,226906,226921,15,0
226906,226906,226921,15,0
226906,226906,226921,15,0
226906,226906,226920,14,0
226906,226906,226921,15,0
226906,226906,226921,15,0
226906,226906,226922,16,0
226906,226906,226922,16,0
226906,226906,226922,16,0
226906,226906,226922,16,0
226906,226906,226921,15,0
226906,226906,226922,16,0
226906,226906,226921,15,0
226906,226906,226923,17,0
226906,226906,226924,18,0
226906,226906,226925,19,0
226906,226918,226930,12,12
226906,226918,226930,12,12
226906,226918,226930,12,12
226906,226918,226930,12,12
226906,226918,226930,12,12
226906,226919,226930,11,13
226906,226918,226930,12,12
226906,226918,226930,12,12
226906,226918,226930,12,12
226906,226919,226931,12,13
226906,226918,226931,13,12
226906,226918,226931,13,12
226906,226919,226931,12,13
226906,226919,226931,12,13
226906,226919,226931,12,13
226906,226919,226932,13,13
226906,226919,226932,13,13
226906,226919,226932,13,13
226906,226919,226933,14,13
226906,226921,226933,12,15
226906,226919,226933,14,13
226906,226921,226935,14,15
226906,226920,226935,15,14
226906,226921,226936,15,15
226906,226920,226936,16,14
226906,226921,226936,15,15
226906,226921,226936,15,15
226906,226921,226936,15,15
226906,226921,226936,15,15
226906,226922,226936,14,16
226906,226921,226936,15,15
226906,226921,226935,14,15
226906,226921,226937,16,15
226906,226922,226937,15,16
226906,226923,226938,15,17
226906,226922,226938,16,16
226906,226922,226938,16,16
226906,226922,226938,16,16
226906,226925,226940,15,19
226906,226922,226940,18,16
226906,226922,226941,19,16
226906,226922,226941,19,16
226906,226931,226941,10,25
226906,226930,226942,12,24
226906,226930,226942,12,24
226906,226932,226943,11,26
226906,226925,226942,17,19
226906,226931,226942,11,25
226906,226931,226942,11,25
226906,226930,226943,13,24
226906,226932,226943,11,26
226906,226922,226943,21,16
226906,226931,226943,12,25
226906,226931,226943,12,25
226906,226931,226943,12,25
226906,226932,226943,11,26
226906,226932,226943,11,26
226906,226933,226944,11,27
226906,226932,226944,12,26
226906,226932,226944,12,26
226906,226933,226945,12,27
226906,226933,226945,12,27
226906,226934,226946,12,28
226906,226934,226946,12,28
226906,226933,226948,15,27
226906,226936,226949,13,30
226906,226935,226950,15,29
226906,226937,226950,13,31
226906,226937,226951,14,31
226906,226937,226951,14,31
226906,226937,226951,14,31
226906,226937,226951,14,31
226906,226937,226951,14,31
226906,226938,226952,14,32
226906,226938,226952,14,32
226906,226937,226953,16,31
226906,226937,226952,15,31
226906,226939,226953,14,33
226906,226937,226953,16,31
226906,226942,226953,11,36
226906,226937,226954,17,31
226906,226939,226955,16,33
226906,226943,226954,11,37
226906,226943,226954,11,37
226906,226943,226954,11,37
226906,226940,226954,14,34
226906,226943,226954,11,37
226906,226943,226955,12,37
226906,226939,226955,16,33
226906,226944,226955,11,38
226906,226942,226956,14,36
226906,226944,226956,12,38
226906,226945,226956,11,39
226906,226944,226956,12,38
226906,226944,226955,11,38
226906,226944,226955,11,38
226906,226941,226956,15,35
226906,226944,226956,12,38
226906,226942,226956,14,36
226906,226944,226956,12,38
226906,226945,226956,11,39
226906,226945,226956,11,39
226906,226946,226958,12,40
226906,226943,226958,15,37
226906,226945,226957,12,39
226906,226944,226959,15,38
226906,226946,226958,12,40
226906,226947,226960,13,41
226906,226949,226963,14,43
226906,226950,226963,13,44
226906,226951,226965,14,45
226906,226955,226965,10,49
226906,226951,226965,14,45
226906,226954,226966,12,48
226906,226952,226966,14,46
226906,226952,226966,14,46
226906,226952,226967,15,46
226906,226952,226967,15,46
226906,226952,226966,14,46
226906,226955,226966,11,49
226906,226955,226966,11,49
226906,226955,226966,11,49
226906,226955,226966,11,49
226906,226953,226967,14,47
226906,226953,226967,14,47
226906,226956,226967,11,50
226906,226957,226968,11,51
226906,226953,226968,15,47
226906,226955,226967,12,49
226906,226953,226967,14,47
226906,226956,226968,12,50
226906,226956,226967,11,50
226906,226956,226968,12,50
226906,226956,226968,12,50
226906,226956,226968,12,50
226906,226954,226969,15,48
226906,226955,226968,13,49
226906,226954,226968,14,48
226906,226954,226968,14,48
226906,226957,226968,11,51
226906,226957,226968,11,51
226906,226957,226969,12,51
226906,226958,226970,12,52
226906,226958,226970,12,52
226906,226956,226970,14,50
226906,226956,226970,14,50
226906,226959,226971,12,53
226906,226957,226971,14,51
226906,226957,226971,14,51
226906,226958,226972,14,52
226906,226960,226972,12,54
226906,226959,226973,14,53
226906,226966,226977,11,60
226906,226964,226978,14,58
226906,226964,226978,14,58
226906,226965,226979,14,59
226986,226987,226997,10,1
226986,226987,226998,11,1
226986,226987,226998,11,1
226986,226987,226998,11,1
226986,226987,226998,11,1
226986,226987,226998,11,1
226986,226987,226998,11,1
226986,226987,226998,11,1
226986,226987,226998,11,1
226986,226987,226998,11,1
226986,226987,226998,11,1
226986,226987,226998,11,1
226986,226987,226998,11,1
226986,226987,226998,11,1
226986,226987,226998,11,1
226986,226987,226998,11,1
226986,226987,226999,12,1
226986,226987,226999,12,1
226986,226987,226999,12,1
226986,226987,226999,12,1
226986,226987,226999,12,1
226986,226987,227000,13,1
226986,226987,227001,14,1
226986,226987,227002,15,1
226986,226987,227001,14,1
226986,226987,227001,14,1
226986,226987,227002,15,1
226986,226987,227001,14,1
226986,226987,227001,14,1
226986,226987,227001,14,1
226986,226987,227001,14,1
226986,226987,227002,15,1
226986,226987,227002,15,1
226986,226987,227002,15,1
226986,226987,227002,15,1
226986,226987,227002,15,1
226986,226987,227002,15,1
226986,226987,227002,15,1
226986,226987,227003,16,1
226986,226987,227002,15,1
226986,226987,227003,16,1
226986,226987,227002,15,1
226986,226987,227003,16,1
226986,226987,227004,17,1
226986,226998,227010,12,12
226986,226999,227011,12,13
226986,226999,227010,11,13
226986,226999,227010,11,13
226986,226999,227010,11,13
226986,226999,227011,12,13
226986,226999,227011,12,13
226986,226999,227011,12,13
226986,226999,227011,12,13
226986,226999,227010,11,13
226986,226999,227011,12,13
226986,227000,227012,12,14
226986,226999,227011,12,13
226986,226999,227011,12,13
226986,226999,227011,12,13
226986,226999,227011,12,13
226986,226999,227011,12,13
226986,227000,227012,12,14
226986,227000,227012,12,14
226986,227000,227014,14,14
226986,227000,227013,13,14
226986,227002,227015,13,16
226986,227002,227017,15,16
226986,227002,227017,15,16
226986,227001,227016,15,15
226986,227002,227016,14,16
226986,227003,227018,15,17
226986,227003,227017,14,17
226986,227003,227018,15,17
226986,227002,227017,15,16
226986,227002,227017,15,16
226986,227003,227017,14,17
226986,227003,227017,14,17
226986,227004,227017,13,18
226986,227001,227017,16,15
226986,227003,227017,14,17
226986,227003,227017,14,17
226986,227003,227018,15,17
226986,227003,227018,15,17
226986,227003,227018,15,17
226986,227005,227018,13,19
226986,227002,227018,16,16
226986,227003,227019,16,17
226986,227002,227020,18,16
226986,227010,227022,12,24
226986,227011,227022,11,25
226986,227011,227023,12,25
226986,227011,227022,11,25
226986,227011,227022,11,25
226986,227011,227023,12,25
226986,227011,227022,11,25
226986,227011,227022,11,25
226986,227011,227023,12,25
226986,227011,227023,12,25
226986,227012,227023,11,26
226986,227012,227023,11,26
226986,227012,227023,11,26
226986,227012,227024,12,26
226986,227012,227023,11,26
226986,227012,227024,12,26
226986,227012,227024,12,26
226986,227013,227025,12,27
226986,227013,227024,11,27
226986,227014,227027,13,28
226986,227014,227029,15,28
226986,227016,227030,14,30
226986,227017,227031,14,31
226986,227017,227032,15,31
226986,227017,227032,15,31
226986,227017,227032,15,31
226986,227018,227033,15,32
226986,227018,227032,14,32
226986,227018,227033,15,32
226986,227019,227033,14,33
226986,227018,227033,15,32
226986,227018,227033,15,32
226986,227018,227033,15,32
226986,227019,227034,15,33
226986,227018,227033,15,32
226986,227018,227033,15,32
226986,227018,227034,16,32
226986,227018,227033,15,32
226986,227018,227033,15,32
226986,227019,227035,16,33
226986,227019,227034,15,33
226986,227019,227035,16,33
226986,227019,227035,16,33
226986,227023,227034,11,37
226986,227023,227035,12,37
226986,227023,227035,12,37
226986,227023,227035,12,37
226986,227023,227035,12,37
226986,227023,227035,12,37
226986,227023,227035,12,37
226986,227023,227035,12,37
226986,227024,227036,12,38
226986,227024,227036,12,38
226986,227023,227035,12,37
226986,227024,227036,12,38
226986,227024,227036,12,38
226986,227021,227037,16,35
226986,227024,227036,12,38
226986,227024,227036,12,38
226986,227024,227037,13,38
226986,227025,227037,12,39
226986,227025,227037,12,39
226986,227025,227038,13,39
226986,227027,227039,12,41
226986,227030,227044,14,44
226986,227031,227045,14,45
226986,227032,227047,15,46
226986,227032,227047,15,46
226986,227033,227047,14,47
226986,227035,227047,12,49
226986,227035,227047,12,49
226986,227035,227047,12,49
226986,227035,227047,12,49
226986,227035,227047,12,49
226986,227035,227047,12,49
226986,227033,227048,15,47
226986,227033,227048,15,47
226986,227036,227048,12,50
226986,227035,227047,12,49
226986,227036,227048,12,50
226986,227035,227047,12,49
226986,227036,227048,12,50
226986,227034,227049,15,48
226986,227033,227048,15,47
226986,227034,227049,15,48
226986,227033,227048,15,47
226986,227034,227049,15,48
226986,227037,227048,11,51
226986,227036,227048,12,50
226986,227036,227049,13,50
226986,227037,227049,12,51
226986,227034,227050,16,48
226986,227034,227050,16,48
226986,227034,227050,16,48
226986,227034,227050,16,48
226986,227034,227050,16,48
226986,227037,227049,12,51
226986,227037,227050,13,51
226986,227038,227050,12,52
226986,227035,227050,15,49
226986,227035,227050,15,49
226986,227039,227051,12,53
226986,227035,227051,16,49
226986,227034,227052,18,48
226986,227040,227052,12,54
226986,227033,227053,20,47
226986,227037,227052,15,51
226986,227035,227054,19,49
226986,227045,227059,14,59
226986,227046,227060,14,60
226986,227047,227061,14,61
226986,227047,227063,16,61
227071,227071,227083,12,0
227071,227071,227083,12,0
227071,227071,227083,12,0
227071,227071,227083,12,0
227071,227071,227083,12,0
227071,227071,227083,12,0
227071,227071,227083,12,0
227071,227071,227083,12,0
227071,227071,227084,13,0
227071,227071,227084,13,0
227071,227071,227084,13,0
227071,227071,227084,13,0
227071,227071,227084,13,0
227071,227071,227084,13,0
227071,227071,227084,13,0
227071,227071,227084,13,0
227071,227071,227084,13,0
227071,227071,227084,13,0
227071,227071,227084,13,0
227071,227071,227084,13,0
227071,227071,227085,14,0
227071,227071,227085,14,0
227071,227071,227086,15,0
227071,227071,227086,15,0
227071,227071,227086,15,0
227071,227071,227087,16,0
227071,227071,227087,16,0
227071,227071,227087,16,0
227071,227071,227087,16,0
227071,227071,227087,16,0
227071,227071,227087,16,0
227071,227071,227087,16,0
227071,227071,227087,16,0
227071,227071,227087,16,0
227071,227072,227087,15,1
227071,227071,227088,17,0
227071,227071,227088,17,0
227071,227071,227087,16,0
227071,227071,227087,16,0
227071,227071,227088,17,0
227071,227071,227088,17,0
227071,227071,227088,17,0
227071,227071,227088,17,0
227071,227071,227088,17,0
227071,227084,227094,10,13
227071,227084,227095,11,13
227071,227084,227095,11,13
227071,227084,227095,11,13
227071,227084,227095,11,13
227071,227084,227095,11,13
227071,227084,227096,12,13
227071,227085,227096,11,14
227071,227085,227096,11,14
227071,227085,227096,11,14
227071,227085,227096,11,14
227071,227084,227096,12,13
227071,227085,227096,11,14
227071,227085,227097,12,14
227071,227085,227096,11,14
227071,227085,227096,11,14
227071,227085,227097,12,14
227071,227085,227096,11,14
227071,227085,227096,11,14
227071,227085,227096,11,14
227071,227086,227100,14,15
227071,227086,227100,14,15
227071,227087,227100,13,16
227071,227087,227101,14,16
227071,227087,227101,14,16
227071,227088,227103,15,17
227071,227088,227102,14,17
227071,227088,227103,15,17
227071,227089,227103,14,18
227071,227088,227103,15,17
227071,227088,227102,14,17
227071,227088,227102,14,17
227071,227088,227103,15,17
227071,227088,227103,15,17
227071,227089,227103,14,18
227071,227089,227103,14,18
227071,227088,227104,16,17
227071,227089,227104,15,18
227071,227088,227103,15,17
227071,227088,227103,15,17
227071,227088,227103,15,17
227071,227089,227103,14,18
227071,227088,227104,16,17
227071,227088,227105,17,17
227071,227095,227107,12,24
227071,227096,227107,11,25
227071,227096,227107,11,25
227071,227096,227108,12,25
227071,227096,227107,11,25
227071,227097,227108,11,26
227071,227097,227109,12,26
227071,227097,227108,11,26
227071,227097,227108,11,26
227071,227097,227108,11,26
227071,227096,227108,12,25
227071,227097,227108,11,26
227071,227097,227109,12,26
227071,227096,227108,12,25
227071,227097,227108,11,26
227071,227097,227109,12,26
227071,227097,227109,12,26
227071,227097,227109,12,26
227071,227097,227109,12,26
227071,227097,227110,13,26
227071,227100,227113,13,29
227071,227100,227113,13,29
227071,227101,227115,14,30
227071,227102,227116,14,31
227071,227102,227117,15,31
227071,227103,227116,13,32
227071,227103,227117,14,32
227071,227103,227117,14,32
227071,227103,227117,14,32
227071,227103,227118,15,32
227071,227103,227117,14,32
227071,227103,227117,14,32
227071,227104,227119,15,33
227071,227104,227119,15,33
227071,227104,227119,15,33
227071,227104,227119,15,33
227071,227104,227119,15,33
227071,227104,227119,15,33
227071,227107,227119,12,36
227071,227104,227119,15,33
227071,227104,227119,15,33
227071,227104,227120,16,33
227071,227106,227120,14,35
227071,227108,227120,12,37
227071,227108,227119,11,37
227071,227109,227120,11,38
227071,227108,227120,12,37
227071,227108,227119,11,37
227071,227109,227120,11,38
227071,227109,227120,11,38
227071,227104,227120,16,33
227071,227105,227120,15,34
227071,227109,227121,12,38
227071,227109,227120,11,38
227071,227109,227120,11,38
227071,227109,227121,12,38
227071,227109,227120,11,38
227071,227109,227121,12,38
227071,227109,227121,12,38
227071,227109,227121,12,38
227071,227110,227121,11,39
227071,227110,227121,11,39
227071,227110,227121,11,39
227071,227111,227122,11,40
227071,227114,227128,14,43
227071,227114,227129,15,43
227071,227115,227128,13,44
227071,227116,227131,15,45
227071,227117,227131,14,46
227071,227119,227131,12,48
227071,227117,227132,15,46
227071,227118,227132,14,47
227071,227117,227131,14,46
227071,227120,227132,12,49
227071,227120,227132,12,49
227071,227120,227132,12,49
227071,227120,227132,12,49
227071,227118,227132,14,47
227071,227118,227133,15,47
227071,227121,227133,12,50
227071,227121,227132,11,50
227071,227119,227133,14,48
227071,227117,227132,15,46
227071,227119,227133,14,48
227071,227118,227133,15,47
227071,227119,227133,14,48
227071,227121,227133,12,50
227071,227121,227133,12,50
227071,227121,227133,12,50
227071,227121,227132,11,50
227071,227120,227132,12,49
227071,227121,227133,12,50
227071,227119,227133,14,48
227071,227122,227134,12,51
227071,227122,227134,12,51
227071,227120,227134,14,49
227071,227122,227134,12,51
227071,227121,227133,12,50
227071,227121,227134,13,50
227071,227121,227133,12,50
227071,227120,227134,14,49
227071,227119,227135,16,48
227071,227120,227134,14,49
227071,227119,227135,16,48
227071,227121,227135,14,50
227071,227120,227134,14,49
227071,227121,227136,15,50
227071,227123,227135,12,52
227071,227128,227143,15,57
227071,227129,227144,15,58
227071,227129,227144,15,58
227071,227131,227145,14,60
227153,227153,227165,12,0
227153,227153,227165,12,0
227153,227153,227165,12,0
227153,227153,227165,12,0
227153,227153,227165,12,0
227153,227153,227165,12,0
227153,227153,227165,12,0
227153,227153,227165,12,0
227153,227153,227165,12,0
227153,227153,227166,13,0
227153,227153,227165,12,0
227153,227153,227166,13,0
227153,227153,227165,12,0
227153,227153,227166,13,0
227153,227153,227165,12,0
227153,227153,227165,12,0
227153,227153,227166,13,0
227153,227153,227166,13,0
227153,227153,227167,14,0
227153,227153,227167,14,0
227153,227153,227167,14,0
227153,227153,227167,14,0
227153,227153,227166,13,0
227153,227153,227167,14,0
227153,227153,227168,15,0
227153,227153,227167,14,0
227153,227153,227168,15,0
227153,227153,227168,15,0
227153,227153,227168,15,0
227153,227153,227167,14,0
227153,227153,227168,15,0
227153,227153,227169,16,0
227153,227153,227169,16,0
227153,227153,227169,16,0
227153,227153,227168,15,0
227153,227153,227169,16,0
227153,227153,227169,16,0
227153,227153,227169,16,0
227153,227153,227169,16,0
227153,227153,227168,15,0
227153,227153,227169,16,0
227153,227153,227170,17,0
227153,227153,227170,17,0
227153,227153,227170,17,0
227153,227165,227177,12,12
227153,227165,227177,12,12
227153,227165,227177,12,12
227153,227165,227177,12,12
227153,227165,227177,12,12
227153,227166,227178,12,13
227153,227165,227178,13,12
227153,227166,227178,12,13
227153,227165,227177,12,12
227153,227166,227178,12,13
227153,227165,227177,12,12
227153,227165,227178,13,12
227153,227166,227178,12,13
227153,227166,227179,13,13
227153,227166,227179,13,13
227153,227166,227179,13,13
227153,227166,227179,13,13
227153,227167,227179,12,14
227153,227166,227179,13,13
227153,227167,227180,13,14
227153,227167,227181,14,14
227153,227167,227182,15,14
227153,227167,227182,15,14
227153,227167,227182,15,14
227153,227168,227183,15,15
227153,227168,227183,15,15
227153,227168,227183,15,15
227153,227168,227183,15,15
227153,227168,227183,15,15
227153,227169,227184,15,16
227153,227168,227184,16,15
227153,227169,227184,15,16
227153,227169,227184,15,16
227153,227169,227185,16,16
227153,227169,227185,16,16
227153,227169,227184,15,16
227153,227169,227185,16,16
227153,227170,227186,16,17
227153,227170,227186,16,17
227153,227168,227186,18,15
227153,227169,227186,17,16
227153,227169,227186,17,16
227153,227170,227187,17,17
227153,227170,227187,17,17
227153,227177,227188,11,24
227153,227177,227189,12,24
227153,227177,227189,12,24
227153,227177,227189,12,24
227153,227177,227189,12,24
227153,227178,227191,13,25
227153,227179,227190,11,26
227153,227179,227190,11,26
227153,227179,227190,11,26
227153,227179,227190,11,26
227153,227179,227191,12,26
227153,227179,227191,12,26
227153,227179,227191,12,26
227153,227179,227191,12,26
227153,227179,227191,12,26
227153,227181,227191,10,28
227153,227179,227191,12,26
227153,227179,227191,12,26
227153,227179,227191,12,26
227153,227180,227192,12,27
227153,227182,227196,14,29
227153,227183,227196,13,30
227153,227183,227196,13,30
227153,227183,227196,13,30
227153,227184,227198,14,31
227153,227184,227199,15,31
227153,227184,227199,15,31
227153,227184,227199,15,31
227153,227185,227199,14,32
227153,227184,227200,16,31
227153,227184,227200,16,31
227153,227189,227201,12,36
227153,227185,227202,17,32
227153,227185,227201,16,32
227153,227186,227202,16,33
227153,227185,227201,16,32
227153,227190,227201,11,37
227153,227185,227202,17,32
227153,227187,227202,15,34
227153,227187,227202,15,34
227153,227187,227202,15,34
227153,227187,227202,15,34
227153,227190,227202,12,37
227153,227192,227202,10,39
227153,227192,227202,10,39
227153,227190,227202,12,37
227153,227191,227203,12,38
227153,227190,227202,12,37
227153,227188,227203,15,35
227153,227186,227203,17,33
227153,227187,227203,16,34
227153,227191,227203,12,38
227153,227192,227203,11,39
227153,227192,227203,11,39
227153,227192,227203,11,39
227153,227192,227203,11,39
227153,227191,227203,12,38
227153,227191,227203,12,38
227153,227191,227203,12,38
227153,227192,227204,12,39
227153,227188,227204,16,35
227153,227192,227204,12,39
227153,227192,227204,12,39
227153,227193,227205,12,40
227153,227197,227211,14,44
227153,227197,227211,14,44
227153,227199,227213,14,46
227153,227197,227213,16,44
227153,227197,227213,16,44
227153,227202,227214,12,49
227153,227201,227213,12,48
227153,227203,227213,10,50
227153,227203,227214,11,50
227153,227203,227214,11,50
227153,227200,227214,14,47
227153,227203,227215,12,50
227153,227203,227214,11,50
227153,227204,227214,10,51
227153,227200,227215,15,47
227153,227204,227214,10,51
227153,227204,227215,11,51
227153,227204,227215,11,51
227153,227204,227214,10,51
227153,227204,227214,10,51
227153,227204,227214,10,51
227153,227204,227216,12,51
227153,227201,227215,14,48
227153,227204,227216,12,51
227153,227200,227215,15,47
227153,227203,227215,12,50
227153,227204,227215,11,51
227153,227204,227215,11,51
227153,227202,227216,14,49
227153,227201,227216,15,48
227153,227204,227217,13,51
227153,227200,227216,16,47
227153,227202,227216,14,49
227153,227202,227217,15,49
227153,227202,227216,14,49
227153,227205,227216,11,52
227153,227205,227216,11,52
227153,227203,227217,14,50
227153,227203,227218,15,50
227153,227205,227217,12,52
227153,227203,227218,15,50
227153,227203,227218,15,50
227153,227203,227218,15,50
227153,227205,227219,14,52
227153,227212,227226,14,59
227153,227212,227226,14,59
227153,227213,227227,14,60
227153,227213,227227,14,60
227235,227235,227246,11,0
227235,227235,227246,11,0
227235,227235,227246,11,0
227235,227235,227246,11,0
227235,227235,227246,11,0
227235,227235,227246,11,0
227235,227235,227247,12,0
227235,227235,227246,11,0
227235,227235,227247,12,0
227235,227235,227246,11,0
227235,227235,227247,12,0
227235,227235,227248,13,0
227235,227235,227247,12,0
227235,227235,227247,12,0
227235,227235,227247,12,0
227235,227235,227247,12,0
227235,227235,227247,12,0
227235,227235,227247,12,0
227235,227235,227248,13,0
227235,227235,227247,12,0
227235,227235,227249,14,0
227235,227235,227248,13,0
227235,227235,227248,13,0
227235,227235,227249,14,0
227235,227235,227249,14,0
227235,227235,227249,14,0
227235,227235,227250,15,0
227235,227235,227250,15,0
227235,227235,227249,14,0
227235,227235,227251,16,0
227235,227235,227251,16,0
227235,227235,227250,15,0
227235,227235,227250,15,0
227235,227235,227250,15,0
227235,227235,227251,16,0
227235,227235,227250,15,0
227235,227235,227250,15,0
227235,227235,227250,15,0
227235,227235,227251,16,0
227235,227235,227251,16,0
227235,227235,227251,16,0
227235,227235,227251,16,0
227235,227235,227251,16,0
227235,227235,227252,17,0
227235,227246,227258,12,11
227235,227247,227259,12,12
227235,227247,227258,11,12
227235,227247,227259,12,12
227235,227246,227258,12,11
227235,227247,227259,12,12
227235,227247,227259,12,12
227235,227247,227259,12,12
227235,227248,227259,11,13
227235,227247,227259,12,12
227235,227247,227259,12,12
227235,227248,227259,11,13
227235,227247,227259,12,12
227235,227248,227260,12,13
227235,227248,227260,12,13
227235,227248,227260,12,13
227235,227248,227260,12,13
227235,227248,227259,11,13
227235,227249,227260,11,14
227235,227248,227261,13,13
227235,227248,227260,12,13
227235,227249,227262,13,14
227235,227249,227261,12,14
227235,227249,227262,13,14
227235,227250,227263,13,15
227235,227250,227263,13,15
227235,227249,227263,14,14
227235,227249,227263,14,14
227235,227251,227264,13,16
227235,227252,227265,13,17
227235,227252,227265,13,17
227235,227252,227265,13,17
227235,227251,227265,14,16
227235,227250,227265,15,15
227235,227252,227265,13,17
227235,227252,227265,13,17
227235,227251,227264,13,16
227235,227252,227265,13,17
227235,227251,227265,14,16
227235,227251,227266,15,16
227235,227251,227265,14,16
227235,227251,227266,15,16
227235,227251,227266,15,16
227235,227251,227266,15,16
227235,227258,227269,11,23
227235,227259,227270,11,24
227235,227259,227270,11,24
227235,227259,227269,10,24
227235,227259,227270,11,24
227235,227259,227271,12,24
227235,227260,227271,11,25
227235,227260,227271,11,25
227235,227259,227271,12,24
227235,227259,227271,12,24
227235,227259,227271,12,24
227235,227259,227271,12,24
227235,227259,227272,13,24
227235,227259,227272,13,24
227235,227260,227271,11,25
227235,227260,227272,12,25
227235,227260,227272,12,25
227235,227260,227272,12,25
227235,227261,227273,12,26
227235,227261,227272,11,26
227235,227260,227273,13,25
227235,227262,227274,12,27
227235,227262,227275,13,27
227235,227263,227277,14,28
227235,227263,227278,15,28
227235,227263,227278,15,28
227235,227265,227278,13,30
227235,227263,227279,16,28
227235,227265,227279,14,30
227235,227265,227279,14,30
227235,227263,227279,16,28
227235,227264,227279,15,29
227235,227265,227278,13,30
227235,227265,227279,14,30
227235,227265,227279,14,30
227235,227266,227278,12,31
227235,227266,227279,13,31
227235,227266,227280,14,31
227235,227269,227280,11,34
227235,227266,227280,14,31
227235,227267,227280,13,32
227235,227265,227281,16,30
227235,227265,227281,16,30
227235,227267,227280,13,32
227235,227270,227281,11,35
227235,227270,227281,11,35
227235,227271,227282,11,36
227235,227271,227282,11,36
227235,227270,227281,11,35
227235,227270,227282,12,35
227235,227272,227283,11,37
227235,227272,227283,11,37
227235,227271,227283,12,36
227235,227271,227283,12,36
227235,227267,227283,16,32
227235,227271,227283,12,36
227235,227271,227283,12,36
227235,227271,227283,12,36
227235,227272,227283,11,37
227235,227272,227283,11,37
227235,227272,227284,12,37
227235,227272,227285,13,37
227235,227273,227285,12,38
227235,227273,227286,13,38
227235,227275,227287,12,40
227235,227273,227287,14,38
227235,227275,227288,13,40
227235,227277,227291,14,42
227235,227278,227292,14,43
227235,227280,227292,12,45
227235,227282,227292,10,47
227235,227279,227293,14,44
227235,227279,227293,14,44
227235,227278,227293,15,43
227235,227278,227293,15,43
227235,227281,227293,12,46
227235,227279,227294,15,44
227235,227282,227293,11,47
227235,227283,227293,10,48
227235,227279,227294,15,44
227235,227281,227294,13,46
227235,227281,227294,13,46
227235,227279,227294,15,44
227235,227279,227294,15,44
227235,227283,227294,11,48
227235,227282,227294,12,47
227235,227284,227294,10,49
227235,227284,227294,10,49
227235,227282,227294,12,47
227235,227284,227294,10,49
227235,227279,227295,16,44
227235,227279,227295,16,44
227235,227280,227295,15,45
227235,227282,227295,13,47
227235,227280,227295,15,45
227235,227284,227295,11,49
227235,227284,227295,11,49
227235,227284,227295,11,49
227235,227284,227295,11,49
227235,227284,227296,12,49
227235,227279,227296,17,44
227235,227284,227296,12,49
227235,227284,227296,12,49
227235,227285,227296,11,50
227235,227286,227297,11,51
227235,227286,227298,12,51
227235,227287,227298,11,52
227235,227279,227300,21,44
227235,227288,227301,13,53
227235,227289,227303,14,54
227235,227288,227303,15,53
227235,227292,227307,15,57
227315,227315,227326,11,0
227315,227315,227326,11,0
227315,227315,227326,11,0
227315,227315,227326,11,0
227315,227315,227326,11,0
227315,227315,227326,11,0
227315,227315,227326,11,0
227315,227315,227325,10,0
227315,227315,227326,11,0
227315,227315,227327,12,0
227315,227315,227327,12,0
227315,227315,227326,11,0
227315,227315,227327,12,0
227315,227315,227326,11,0
227315,227315,227326,11,0
227315,227315,227328,13,0
227315,227315,227328,13,0
227315,227315,227328,13,0
227315,227315,227328,13,0
227315,227315,227327,12,0
227315,227315,227328,13,0
227315,227315,227329,14,0
227315,227315,227329,14,0
227315,227315,227329,14,0
227315,227315,227328,13,0
227315,227315,227330,15,0
227315,227315,227330,15,0
227315,227315,227330,15,0
227315,227315,227330,15,0
227315,227315,227329,14,0
227315,227315,227331,16,0
227315,227315,227331,16,0
227315,227315,227331,16,0
227315,227315,227330,15,0
227315,227315,227331,16,0
227315,227315,227331,16,0
227315,227315,227331,16,0
227315,227315,227332,17,0
227315,227315,227332,17,0
227315,227315,227333,18,0
227315,227315,227333,18,0
227315,227315,227332,17,0
227315,227315,227333,18,0
227315,227315,227333,18,0
227315,227326,227337,11,11
227315,227326,227338,12,11
227315,227326,227338,12,11
227315,227326,227338,12,11
227315,227326,227338,12,11
227315,227327,227338,11,12
227315,227326,227338,12,11
227315,227326,227338,12,11
227315,227326,227339,13,11
227315,227327,227339,12,12
227315,227327,227339,12,12
227315,227328,227339,11,13
227315,227326,227338,12,11
227315,227327,227339,12,12
227315,227328,227340,12,13
227315,227328,227340,12,13
227315,227327,227339,12,12
227315,227327,227340,13,12
227315,227328,227340,12,13
227315,227329,227341,12,14
227315,227328,227343,15,13
227315,227328,227343,15,13
227315,227330,227344,14,15
227315,227330,227344,14,15
227315,227329,227344,15,14
227315,227330,227344,14,15
227315,227330,227345,15,15
227315,227329,227345,16,14
227315,227331,227346,15,16
227315,227332,227346,14,17
227315,227332,227346,14,17
227315,227329,227346,17,14
227315,227331,227347,16,16
227315,227332,227347,15,17
227315,227332,227346,14,17
227315,227330,227346,16,15
227315,227331,227347,16,16
227315,227332,227348,16,17
227315,227333,227348,15,18
227315,227334,227348,14,19
227315,227331,227348,17,16
227315,227333,227348,15,18
227315,227337,227349,12,22
227315,227333,227350,17,18
227315,227338,227350,12,23
227315,227339,227350,11,24
227315,227338,227350,12,23
227315,227338,227350,12,23
227315,227338,227350,12,23
227315,227338,227350,12,23
227315,227339,227350,11,24
227315,227338,227350,12,23
227315,227339,227350,11,24
227315,227334,227351,17,19
227315,227339,227351,12,24
227315,227339,227351,12,24
227315,227339,227351,12,24
227315,227340,227352,12,25
227315,227340,227352,12,25
227315,227340,227352,12,25
227315,227340,227353,13,25
227315,227341,227352,11,26
227315,227341,227353,12,26
227315,227339,227354,15,24
227315,227344,227357,13,29
227315,227343,227357,14,28
227315,227343,227358,15,28
227315,227345,227358,13,30
227315,227344,227359,15,29
227315,227344,227359,15,29
227315,227345,227359,14,30
227315,227345,227360,15,30
227315,227346,227361,15,31
227315,227347,227361,14,32
227315,227346,227361,15,31
227315,227346,227361,15,31
227315,227350,227361,11,35
227315,227348,227362,14,33
227315,227346,227362,16,31
227315,227352,227362,10,37
227315,227352,227362,10,37
227315,227351,227362,11,36
227315,227351,227362,11,36
227315,227351,227363,12,36
227315,227351,227362,11,36
227315,227351,227362,11,36
227315,227351,227363,12,36
227315,227347,227363,16,32
227315,227347,227363,16,32
227315,227348,227363,15,33
227315,227347,227363,16,32
227315,227348,227363,15,33
227315,227348,227363,15,33
227315,227348,227363,15,33
227315,227351,227363,12,36
227315,227351,227363,12,36
227315,227352,227363,11,37
227315,227353,227364,11,38
227315,227351,227363,12,36
227315,227353,227364,11,38
227315,227353,227363,10,38
227315,227349,227364,15,34
227315,227353,227364,11,38
227315,227354,227364,10,39
227315,227353,227365,12,38
227315,227351,227365,14,36
227315,227355,227365,10,40
227315,227352,227367,15,37
227315,227358,227371,13,43
227315,227359,227372,13,44
227315,227360,227372,12,45
227315,227360,227372,12,45
227315,227362,227372,10,47
227315,227359,227373,14,44
227315,227360,227373,13,45
227315,227362,227374,12,47
227315,227358,227373,15,43
227315,227363,227373,10,48
227315,227363,227373,10,48
227315,227363,227374,11,48
227315,227363,227374,11,48
227315,227361,227374,13,46
227315,227362,227374,12,47
227315,227363,227374,11,48
227315,227364,227375,11,49
227315,227364,227375,11,49
227315,227364,227374,10,49
227315,227364,227374,10,49
227315,227364,227374,10,49
227315,227363,227375,12,48
227315,227362,227376,14,47
227315,227363,227375,12,48
227315,227365,227375,10,50
227315,227363,227375,12,48
227315,227364,227375,11,49
227315,227364,227375,11,49
227315,227365,227375,10,50
227315,227363,227375,12,48
227315,227363,227375,12,48
227315,227365,227375,10,50
227315,227364,227376,12,49
227315,227364,227376,12,49
227315,227364,227377,13,49
227315,227364,227376,12,49
227315,227364,227377,13,49
227315,227364,227377,13,49
227315,227365,227377,12,50
227315,227364,227378,14,49
227315,227366,227378,12,51
227315,227366,227378,12,51
227315,227362,227380,18,47
227315,227368,227380,12,53
227315,227372,227384,12,57
227315,227373,227386,13,58
227315,227373,227386,13,58
227315,227373,227386,13,58
227395,227395,227405,10,0
228881,228881,228912,31,0
228881,228881,228913,32,0
228881,228881,228912,31,0
228881,228881,228913,32,0
228881,228881,228913,32,0
228881,228881,228913,32,0
228881,228881,228913,32,0
228881,228881,228913,32,0
228881,228881,228914,33,0
228881,228881,228914,33,0
228881,228881,228914,33,0
228881,228881,228915,34,0
228881,228881,228915,34,0
228881,228881,228916,35,0
228881,228881,228915,34,0
228881,228881,228916,35,0
228881,228881,228918,37,0
228881,228881,228917,36,0
228881,228881,228919,38,0
228881,228881,228920,39,0
228881,228881,228919,38,0
228881,228881,228920,39,0
228881,228881,228923,42,0
228881,228881,228923,42,0
228881,228881,228923,42,0
228881,228881,228923,42,0
228881,228881,228926,45,0
228881,228881,228927,46,0
228881,228881,228927,46,0
228881,228881,228926,45,0
228881,228881,228927,46,0
228881,228881,228927,46,0
228881,228881,228927,46,0
228881,228881,228928,47,0
228881,228881,228928,47,0
228881,228881,228928,47,0
228881,228881,228928,47,0
228881,228881,228928,47,0
228881,228881,228930,49,0
228881,228881,228931,50,0
228881,228881,228931,50,0
228881,228881,228933,52,0
228881,228881,228937,56,0
228881,228881,228940,59,0
228881,228913,228945,32,32
228881,228913,228945,32,32
228881,228914,228945,31,33
228881,228912,228946,34,31
228881,228913,228945,32,32
228881,228915,228946,31,34
228881,228916,228947,31,35
228881,228913,228947,34,32
228881,228915,228946,31,34
228881,228915,228947,32,34
228881,228915,228948,33,34
228881,228916,228948,32,35
228881,228913,228949,36,32
228881,228915,228949,34,34
228881,228914,228950,36,33
228881,228919,228952,33,38
228881,228916,228954,38,35
228881,228921,228954,33,40
228881,228918,228954,36,37
228881,228918,228954,36,37
228881,228920,228956,36,39
228881,228923,228960,37,42
228881,228923,228962,39,42
228881,228927,228963,36,46
228881,228923,228964,41,42
228881,228928,228964,36,47
228881,228927,228965,38,46
228881,228928,228966,38,47
228881,228926,228966,40,45
228881,228928,228967,39,47
228881,228920,228967,47,39
228881,228927,228968,41,46
228881,228927,228970,43,46
228881,228931,228970,39,50
228881,228927,228973,46,46
228881,228928,228973,45,47
228881,228929,228975,46,48
228881,228930,228975,45,49
228881,228931,228976,45,50
228881,228945,228976,31,64
228881,228927,228977,50,46
228881,228934,228977,43,53
228881,228945,228978,33,64
228881,228948,228979,31,67
228881,228946,228980,34,65
228881,228948,228979,31,67
228881,228946,228979,33,65
228881,228950,228980,30,69
228881,228946,228980,34,65
228881,228949,228981,32,68
228881,228946,228982,36,65
228881,228948,228982,34,67
228881,228951,228982,31,70
228881,228950,228982,32,69
228881,228953,228982,29,72
228881,228948,228984,36,67
228881,228947,228984,37,66
228881,228955,228986,31,74
228881,228941,228986,45,60
228881,228923,228986,63,42
228881,228957,228986,29,76
228881,228955,228987,32,74
228881,228955,228988,33,74
228881,228954,228992,38,73
228881,228937,228994,57,56
228881,228962,229000,38,81
228881,228965,229001,36,84
228881,228968,229005,37,87
228881,228960,229006,46,79
228881,228966,229006,40,85
228881,228971,229009,38,90
228881,228968,229009,41,87
228881,228967,229008,41,86
228881,228977,229010,33,96
228881,228964,229011,47,83
228881,228967,229013,46,86
228881,228979,229013,34,98
228881,228982,229013,31,101
228881,228971,229014,43,90
228881,228980,229013,33,99
228881,228980,229013,33,99
228881,228980,229015,35,99
228881,228981,229015,34,100
228881,228981,229014,33,100
228881,228980,229014,34,99
228881,228974,229016,42,93
228881,228983,229016,33,102
228881,228985,229017,32,104
228881,228983,229017,34,102
228881,228983,229016,33,102
228881,228967,229017,50,86
228881,228978,229017,39,97
228881,228965,229017,52,84
228881,228986,229018,32,105
228881,228987,229017,30,106
228881,228983,229017,34,102
228881,228985,229019,34,104
228881,228976,229020,44,95
228881,228983,229020,37,102
228881,228988,229021,33,107
228881,228976,229021,45,95
228881,228989,229022,33,108
228881,228977,229025,48,96
228881,228978,229027,49,97
228881,228974,229029,55,93
228881,228992,229030,38,111
228881,228987,229032,45,106
228881,228987,229032,45,106
228881,228995,229035,40,114
228881,229002,229039,37,121
228881,229007,229044,37,126
228881,229013,229044,31,132
228881,229011,229044,33,130
228881,229015,229046,31,134
228881,229013,229045,32,132
228881,229006,229046,40,125
228881,229014,229046,32,133
228881,229015,229048,33,134
228881,229018,229048,30,137
228881,229001,229048,47,120
228881,229017,229049,32,136
228881,229009,229049,40,128
228881,229015,229049,34,134
228881,229014,229049,35,133
228881,229015,229050,35,134
228881,229013,229051,38,132
228881,229017,229050,33,136
228881,229021,229050,29,140
228881,229017,229050,33,136
228881,229018,229051,33,137
228881,229007,229052,45,126
228881,229017,229052,35,136
228881,229018,229053,35,137
228881,229019,229052,33,138
228881,229021,229052,31,140
228881,229022,229053,31,141
228881,229009,229055,46,128
228881,229009,229055,46,128
228881,229014,229056,42,133
228881,229021,229058,37,140
228881,229018,229060,42,137
228881,229017,229059,42,136
228881,229022,229060,38,141
228881,229012,229060,48,131
228881,229018,229062,44,137
228881,229018,229065,47,137
228881,229030,229068,38,149
228881,229028,229070,42,147
228881,229026,229071,45,145
228881,229029,229071,42,148
228881,229033,229072,39,152
228881,229035,229074,39,154
228881,229045,229075,30,164
228881,229033,229076,43,152
228881,229039,229079,40,158
228881,229044,229085,41,163
229096,229096,229126,30,0
229096,229096,229128,32,0
229096,229096,229127,31,0
229096,229096,229127,31,0
229096,229096,229129,33,0
229096,229096,229129,33,0
229096,229096,229129,33,0
229096,229096,229128,32,0
229096,229096,229129,33,0
229096,229096,229130,34,0
229096,229096,229129,33,0
229096,229096,229129,33,0
229096,229096,229130,34,0
229096,229096,229130,34,0
229096,229096,229130,34,0
229096,229096,229131,35,0
229096,229096,229131,35,0
229096,229096,229131,35,0
229096,229096,229132,36,0
229096,229096,229133,37,0
229096,229096,229134,38,0
229096,229096,229135,39,0
229096,229096,229135,39,0
229096,229096,229135,39,0
229096,229096,229135,39,0
229096,229096,229135,39,0
229096,229096,229135,39,0
229096,229096,229136,40,0
229096,229096,229136,40,0
229096,229096,229136,40,0
229096,229096,229136,40,0
229096,229096,229138,42,0
229096,229096,229138,42,0
229096,229096,229140,44,0
229096,229096,229139,43,0
229096,229096,229140,44,0
229096,229096,229141,45,0
229096,229096,229142,46,0
229096,229096,229142,46,0
229096,229096,229143,47,0
229096,229096,229143,47,0
229096,229096,229144,48,0
229096,229096,229146,50,0
229096,229096,229148,52,0
229096,229128,229158,30,32
229096,229129,229160,31,33
229096,229132,229160,28,36
229096,229127,229159,32,31
229096,229128,229160,32,32
229096,229128,229160,32,32
229096,229129,229161,32,33
229096,229131,229161,30,35
229096,229129,229162,33,33
229096,229129,229162,33,33
229096,229130,229161,31,34
229096,229129,229163,34,33
229096,229132,229164,32,36
229096,229130,229164,34,34
229096,229131,229163,32,35
229096,229132,229165,33,36
229096,229130,229165,35,34
229096,229132,229167,35,36
229096,229131,229168,37,35
229096,229135,229171,36,39
229096,229135,229172,37,39
229096,229137,229173,36,41
229096,229134,229175,41,38
229096,229136,229174,38,40
229096,229137,229174,37,41
229096,229134,229175,41,38
229096,229137,229176,39,41
229096,229138,229178,40,42
229096,229136,229179,43,40
229096,229140,229180,40,44
229096,229144,229183,39,48
229096,229135,229183,48,39
229096,229142,229184,42,46
229096,229141,229183,42,45
229096,229136,229186,50,40
229096,229140,229186,46,44
229096,229143,229186,43,47
229096,229147,229186,39,51
229096,229139,229188,49,43
229096,229141,229190,49,45
229096,229160,229191,31,64
229096,229159,229191,32,63
229096,229160,229191,31,64
229096,229142,229192,50,46
229096,229136,229192,56,40
229096,229160,229192,32,64
229096,229148,229193,45,52
229096,229162,229193,31,66
229096,229145,229194,49,49
229096,229161,229194,33,65
229096,229162,229194,32,66
229096,229162,229195,33,66
229096,229164,229196,32,68
229096,229160,229196,36,64
229096,229164,229196,32,68
229096,229164,229197,33,68
229096,229165,229198,33,69
229096,229165,229198,33,69
229096,229161,229198,37,65
229096,229164,229199,35,68
229096,229167,229201,34,71
229096,229160,229202,42,64
229096,229168,229202,34,72
229096,229171,229204,33,75
229096,229175,229209,34,79
229096,229173,229210,37,77
229096,229175,229211,36,79
229096,229172,229212,40,76
229096,229175,229214,39,79
229096,229175,229217,42,79
229096,229177,229218,41,81
229096,229180,229219,39,84
229096,229178,229220,42,82
229096,229183,229221,38,87
229096,229191,229222,31,95
229096,229192,229223,31,96
229096,229179,229225,46,83
229096,229192,229225,33,96
229096,229186,229226,40,90
229096,229188,229226,38,92
229096,229195,229226,31,99
229096,229197,229226,29,101
229096,229190,229227,37,94
229096,229197,229227,30,101
229096,229196,229228,32,100
229096,229191,229228,37,95
229096,229195,229228,33,99
229096,229194,229228,34,98
229096,229192,229229,37,96
229096,229184,229229,45,88
229096,229183,229229,46,87
229096,229194,229230,36,98
229096,229199,229230,31,103
229096,229186,229231,45,90
229096,229195,229231,36,99
229096,229200,229231,31,104
229096,229184,229232,48,88
229096,229198,229232,34,102
229096,229203,229232,29,107
229096,229199,229232,33,103
229096,229193,229233,40,97
229096,229202,229233,31,106
229096,229203,229234,31,107
229096,229199,229235,36,103
229096,229187,229235,48,91
229096,229192,229237,45,96
229096,229187,229238,51,91
229096,229205,229240,35,109
229096,229212,229247,35,116
229096,229212,229247,35,116
229096,229209,229247,38,113
229096,229215,229251,36,119
229096,229222,229252,30,126
229096,229223,229254,31,127
229096,229218,229256,38,122
229096,229226,229258,32,130
229096,229227,229259,32,131
229096,229218,229259,41,122
229096,229222,229259,37,126
229096,229227,229259,32,131
229096,229210,229260,50,114
229096,229229,229261,32,133
229096,229229,229263,34,133
229096,229229,229263,34,133
229096,229228,229263,35,132
229096,229227,229265,38,131
229096,229232,229264,32,136
229096,229233,229265,32,137
229096,229234,229264,30,138
229096,229232,229266,34,136
229096,229221,229266,45,125
229096,229226,229266,40,130
229096,229231,229267,36,135
229096,229233,229267,34,137
229096,229229,229266,37,133
229096,229233,229266,33,137
229096,229220,229267,47,124
229096,229230,229268,38,134
229096,229227,229269,42,131
229096,229235,229268,33,139
229096,229230,229269,39,134
229096,229231,229269,38,135
229096,229234,229270,36,138
229096,229232,229272,40,136
229096,229236,229273,37,140
229096,229234,229273,39,138
229096,229230,229273,43,134
229096,229241,229274,33,145
229096,229233,229274,41,137
229096,229228,229275,47,132
229096,229238,229276,38,142
229096,229239,229278,39,143
229096,229247,229289,42,151
229096,229248,229291,43,152
229096,229247,229293,46,151
229096,229252,229293,41,156
229303,229303,229331,28,0
229303,229303,229332,29,0
229303,229303,229334,31,0
229303,229303,229334,31,0
229303,229303,229334,31,0
229303,229303,229335,32,0
229303,229303,229335,32,0
229303,229303,229335,32,0
229303,229303,229335,32,0
229303,229303,229335,32,0
229303,229303,229336,33,0
229303,229303,229336,33,0
229303,229303,229336,33,0
229303,229303,229336,33,0
229303,229303,229337,34,0
229303,229303,229338,35,0
229303,229303,229338,35,0
229303,229303,229338,35,0
229303,229303,229338,35,0
229303,229303,229338,35,0
229303,229303,229339,36,0
229303,229303,229339,36,0
229303,229303,229339,36,0
229303,229303,229339,36,0
229303,229303,229341,38,0
229303,229303,229342,39,0
229303,229303,229343,40,0
229303,229303,229344,41,0
229303,229303,229344,41,0
229303,229303,229345,42,0
229303,229303,229347,44,0
229303,229303,229347,44,0
229303,229303,229347,44,0
229303,229303,229347,44,0
229303,229303,229347,44,0
229303,229303,229348,45,0
229303,229303,229349,46,0
229303,229303,229349,46,0
229303,229303,229349,46,0
229303,229303,229351,48,0
229303,229303,229352,49,0
229303,229303,229353,50,0
229303,229303,229355,52,0
229303,229303,229359,56,0
229303,229331,229364,33,28
229303,229334,229365,31,31
229303,229332,229366,34,29
229303,229336,229367,31,33
229303,229336,229367,31,33
229303,229335,229368,33,32
229303,229336,229368,32,33
229303,229339,229368,29,36
229303,229334,229369,35,31
229303,229336,229369,33,33
229303,229338,229369,31,35
229303,229336,229371,35,33
229303,229336,229371,35,33
229303,229337,229371,34,34
229303,229339,229371,32,36
229303,229337,229371,34,34
229303,229339,229372,33,36
229303,229339,229373,34,36
229303,229336,229374,38,33
229303,229340,229375,35,37
229303,229339,229378,39,36
229303,229341,229378,37,38
229303,229340,229380,40,37
229303,229344,229382,38,41
229303,229345,229383,38,42
229303,229343,229385,42,40
229303,229349,229384,35,46
229303,229338,229384,46,35
229303,229348,229385,37,45
229303,229346,229389,43,43
229303,229340,229389,49,37
229303,229350,229390,40,47
229303,229348,229391,43,45
229303,229345,229392,47,42
229303,229350,229393,43,47
229303,229348,229393,45,45
229303,229356,229394,38,53
229303,229348,229395,47,45
229303,229348,229395,47,45
229303,229354,229397,43,51
229303,229365,229398,33,62
229303,229360,229398,38,57
229303,229353,229399,46,50
229303,229367,229399,32,64
229303,229352,229400,48,49
229303,229370,229400,30,67
229303,229370,229400,30,67
229303,229369,229400,31,66
229303,229369,229401,32,66
229303,229368,229400,32,65
229303,229350,229401,51,47
229303,229368,229401,33,65
229303,229370,229402,32,67
229303,229372,229403,31,69
229303,229372,229402,30,69
229303,229369,229402,33,66
229303,229366,229403,37,63
229303,229372,229403,31,69
229303,229372,229404,32,69
229303,229372,229405,33,69
229303,229373,229405,32,70
229303,229374,229410,36,71
229303,229375,229410,35,72
229303,229376,229411,35,73
229303,229379,229417,38,76
229303,229379,229416,37,76
229303,229383,229421,38,80
229303,229381,229423,42,78
229303,229386,229423,37,83
229303,229385,229427,42,82
229303,229384,229427,43,81
229303,229389,229427,38,86
229303,229399,229428,29,96
229303,229391,229428,37,88
229303,229390,229430,40,87
229303,229398,229431,33,95
229303,229395,229431,36,92
229303,229391,229432,41,88
229303,229396,229433,37,93
229303,229385,229433,48,82
229303,229401,229433,32,98
229303,229403,229434,31,100
229303,229401,229434,33,98
229303,229392,229435,43,89
229303,229385,229434,49,82
229303,229398,229435,37,95
229303,229402,229435,33,99
229303,229403,229435,32,100
229303,229402,229435,33,99
229303,229399,229435,36,96
229303,229403,229436,33,100
229303,229401,229436,35,98
229303,229404,229435,31,101
229303,229403,229435,32,100
229303,229405,229436,31,102
229303,229394,229437,43,91
229303,229394,229437,43,91
229303,229401,229437,36,98
229303,229401,229438,37,98
229303,229402,229438,36,99
229303,229404,229439,35,101
229303,229406,229440,34,103
229303,229396,229442,46,93
229303,229410,229443,33,107
229303,229401,229446,45,98
229303,229411,229446,35,108
229303,229411,229447,36,108
229303,229398,229455,57,95
229303,229417,229456,39,114
229303,229417,229459,42,114
229303,229431,229464,33,128
229303,229428,229464,36,125
229303,229434,229464,30,131
229303,229427,229465,38,124
229303,229434,229465,31,131
229303,229421,229467,46,118
229303,229436,229467,31,133
229303,229430,229468,38,127
229303,229435,229468,33,132
229303,229435,229468,33,132
229303,229435,229468,33,132
229303,229436,229469,33,133
229303,229432,229470,38,129
229303,229436,229469,33,133
229303,229436,229470,34,133
229303,229436,229470,34,133
229303,229424,229472,48,121
229303,229428,229472,44,125
229303,229428,229471,43,125
229303,229435,229472,37,132
229303,229437,229471,34,134
229303,229440,229472,32,137
229303,229434,229472,38,131
229303,229435,229473,38,132
229303,229438,229473,35,135
229303,229434,229473,39,131
229303,229439,229473,34,136
229303,229435,229474,39,132
229303,229433,229475,42,130
229303,229424,229475,51,121
229303,229429,229479,50,126
229303,229434,229478,44,131
229303,229444,229479,35,141
229303,229446,229480,34,143
229303,229448,229482,34,145
229303,229436,229482,46,133
229303,229446,229485,39,143
229303,229437,229486,49,134
229303,229439,229489,50,136
229303,229443,229490,47,140
229303,229455,229493,38,152
229303,229437,229495,58,134
229303,229464,229496,32,161
229303,229459,229497,38,156
229303,229464,229499,35,161
229303,229456,229504,48,153
229514,229514,229544,30,0
229514,229514,229544,30,0
229514,229514,229544,30,0
229514,229514,229544,30,0
229514,229514,229545,31,0
229514,229514,229546,32,0
229514,229514,229545,31,0
229514,229514,229546,32,0
229514,229514,229546,32,0
229514,229514,229547,33,0
229514,229514,229546,32,0
229514,229514,229546,32,0
229514,229514,229547,33,0
229514,229514,229547,33,0
229514,229514,229547,33,0
229514,229514,229547,33,0
229514,229514,229547,33,0
229514,229514,229549,35,0
229514,229514,229549,35,0
229514,229514,229550,36,0
229514,229514,229550,36,0
229514,229514,229549,35,0
229514,229514,229550,36,0
229514,229514,229550,36,0
229514,229514,229551,37,0
229514,229514,229552,38,0
229514,229514,229552,38,0
229514,229514,229552,38,0
229514,229514,229552,38,0
229514,229514,229553,39,0
229514,229514,229553,39,0
229514,229514,229554,40,0
229514,229514,229554,40,0
229514,229514,229554,40,0
229514,229514,229555,41,0
229514,229514,229555,41,0
229514,229514,229555,41,0
229514,229514,229556,42,0
229514,229514,229558,44,0
229514,229514,229560,46,0
229514,229514,229561,47,0
229514,229514,229560,46,0
229514,229514,229567,53,0
229514,229514,229572,58,0
229514,229545,229577,32,31
229514,229545,229577,32,31
229514,229546,229578,32,32
229514,229546,229578,32,32
229514,229545,229578,33,31
229514,229548,229579,31,34
229514,229546,229579,33,32
229514,229548,229580,32,34
229514,229547,229579,32,33
229514,229546,229579,33,32
229514,229544,229581,37,30
229514,229547,229581,34,33
229514,229548,229581,33,34
229514,229547,229582,35,33
229514,229547,229583,36,33
229514,229547,229584,37,33
229514,229550,229584,34,36
229514,229546,229584,38,32
229514,229550,229586,36,36
229514,229549,229586,37,35
229514,229552,229589,37,38
229514,229550,229590,40,36
229514,229551,229590,39,37
229514,229556,229591,35,42
229514,229554,229590,36,40
229514,229550,229591,41,36
229514,229552,229593,41,38
229514,229555,229594,39,41
229514,229554,229594,40,40
229514,229553,229594,41,39
229514,229556,229594,38,42
229514,229554,229597,43,40
229514,229549,229598,49,35
229514,229552,229598,46,38
229514,229557,229598,41,43
229514,229561,229598,37,47
229514,229554,229601,47,40
229514,229555,229603,48,41
229514,229559,229603,44,45
229514,229551,229604,53,37
229514,229572,229607,35,58
229514,229561,229608,47,47
229514,229578,229609,31,64
229514,229567,229610,43,53
229514,229579,229609,30,65
229514,229579,229611,32,65
229514,229580,229611,31,66
229514,229577,229612,35,63
229514,229578,229612,34,64
229514,229578,229612,34,64
229514,229581,229612,31,67
229514,229578,229612,34,64
229514,229581,229612,31,67
229514,229560,229613,53,46
229514,229584,229613,29,70
229514,229584,229615,31,70
229514,229584,229616,32,70
229514,229583,229616,33,69
229514,229580,229616,36,66
229514,229581,229617,36,67
229514,229580,229617,37,66
229514,229586,229621,35,72
229514,229589,229622,33,75
229514,229582,229624,42,68
229514,229586,229630,44,72
229514,229592,229630,38,78
229514,229591,229632,41,77
229514,229590,229633,43,76
229514,229590,229633,43,76
229514,229598,229633,35,84
229514,229599,229635,36,85
229514,229594,229637,43,80
229514,229598,229637,39,84
229514,229591,229638,47,77
229514,229599,229639,40,85
229514,229603,229639,36,89
229514,229594,229639,45,80
229514,229601,229639,38,87
229514,229594,229641,47,80
229514,229593,229641,48,79
229514,229610,229642,32,96
229514,229597,229642,45,83
229514,229594,229642,48,80
229514,229612,229643,31,98
229514,229605,229643,38,91
229514,229611,229643,32,97
229514,229608,229644,36,94
229514,229613,229644,31,99
229514,229613,229644,31,99
229514,229612,229644,32,98
229514,229613,229646,33,99
229514,229612,229646,34,98
229514,229607,229647,40,93
229514,229613,229647,34,99
229514,229614,229648,34,100
229514,229617,229648,31,103
229514,229616,229647,31,102
229514,229604,229648,44,90
229514,229617,229649,32,103
229514,229617,229650,33,103
229514,229613,229650,37,99
229514,229617,229651,34,103
229514,229618,229651,33,104
229514,229625,229656,31,111
229514,229622,229657,35,108
229514,229613,229657,44,99
229514,229610,229658,48,96
229514,229623,229659,36,109
229514,229631,229668,37,117
229514,229631,229668,37,117
229514,229634,229671,37,120
229514,229633,229671,38,119
229514,229634,229674,40,120
229514,229642,229674,32,128
229514,229643,229676,33,129
229514,229644,229676,32,130
229514,229640,229676,36,126
229514,229645,229677,32,131
229514,229645,229677,32,131
229514,229635,229677,42,121
229514,229640,229677,37,126
229514,229642,229677,35,128
229514,229645,229678,33,131
229514,229643,229679,36,129
229514,229647,229680,33,133
229514,229648,229679,31,134
229514,229649,229680,31,135
229514,229640,229680,40,126
229514,229638,229680,42,124
229514,229648,229680,32,134
229514,229648,229681,33,134
229514,229640,229681,41,126
229514,229648,229681,33,134
229514,229651,229683,32,137
229514,229646,229683,37,132
229514,229644,229684,40,130
229514,229639,229685,46,125
229514,229645,229684,39,131
229514,229651,229685,34,137
229514,229651,229684,33,137
229514,229638,229686,48,124
229514,229649,229687,38,135
229514,229657,229688,31,143
229514,229652,229688,36,138
229514,229660,229690,30,146
229514,229657,229691,34,143
229514,229642,229691,49,128
229514,229634,229692,58,120
229514,229658,229695,37,144
229514,229648,229698,50,134
229514,229659,229698,39,145
229514,229669,229705,36,155
229514,229643,229706,63,129
229514,229669,229710,41,155
229514,229672,229720,48,158
229514,229672,229722,50,158
229736,229736,229767,31,0
229736,229736,229768,32,0
229736,229736,229767,31,0
229736,229736,229769,33,0
229736,229736,229768,32,0
229736,229736,229768,32,0
229736,229736,229770,34,0
229736,229736,229769,33,0
229736,229736,229769,33,0
229736,229736,229770,34,0
229736,229736,229769,33,0
229736,229736,229769,33,0
229736,229736,229771,35,0
229736,229736,229771,35,0
229736,229736,229770,34,0
229736,229736,229772,36,0
229736,229736,229771,35,0
229736,229736,229772,36,0
229736,229736,229773,37,0
229736,229736,229772,36,0
229736,229736,229772,36,0
229736,229736,229772,36,0
229736,229736,229774,38,0
229736,229736,229774,38,0
229736,229736,229776,40,0
229736,229736,229776,40,0
229736,229736,229775,39,0
229736,229736,229776,40,0
229736,229736,229776,40,0
229736,229736,229776,40,0
229736,229736,229779,43,0
229736,229736,229779,43,0
229736,229736,229780,44,0
229736,229736,229779,43,0
229736,229736,229780,44,0
229736,229736,229781,45,0
229736,229736,229781,45,0
229736,229736,229781,45,0
229736,229736,229782,46,0
229736,229736,229784,48,0
229736,229736,229783,47,0
229736,229736,229787,51,0
229736,229736,229788,52,0
229736,229736,229787,51,0
229736,229768,229800,32,32
229736,229768,229801,33,32
229736,229770,229800,30,34
229736,229771,229801,30,35
229736,229769,229801,32,33
229736,229770,229801,31,34
229736,229768,229800,32,32
229736,229770,229802,32,34
229736,229772,229803,31,36
229736,229770,229803,33,34
229736,229770,229804,34,34
229736,229769,229804,35,33
229736,229771,229804,33,35
229736,229770,229806,36,34
229736,229771,229805,34,35
229736,229773,229807,34,37
229736,229769,229807,38,33
229736,229773,229808,35,37
229736,229773,229807,34,37
229736,229773,229808,35,37
229736,229776,229813,37,40
229736,229775,229813,38,39
229736,229775,229813,38,39
229736,229772,229815,43,36
229736,229773,229816,43,37
229736,229777,229816,39,41
229736,229780,229815,35,44
229736,229776,229817,41,40
229736,229781,229817,36,45
229736,229777,229818,41,41
229736,229777,229819,42,41
229736,229780,229825,45,44
229736,229783,229825,42,47
229736,229780,229825,45,44
229736,229788,229826,38,52
229736,229784,229827,43,48
229736,229780,229828,48,44
229736,229788,229828,40,52
229736,229787,229829,42,51
229736,229776,229830,54,40
229736,229784,229830,46,48
229736,229801,229831,30,65
229736,229782,229832,50,46
229736,229800,229833,33,64
229736,229782,229832,50,46
229736,229782,229833,51,46
229736,229802,229835,33,66
229736,229801,229836,35,65
229736,229803,229836,33,67
229736,229801,229838,37,65
229736,229801,229838,37,65
229736,229801,229837,36,65
229736,229801,229839,38,65
229736,229804,229839,35,68
229736,229809,229839,30,73
229736,229806,229840,34,70
229736,229808,229841,33,72
229736,229807,229841,34,71
229736,229805,229842,37,69
229736,229805,229842,37,69
229736,229806,229842,36,70
229736,229804,229843,39,68
229736,229808,229844,36,72
229736,229808,229847,39,72
229736,229815,229851,36,79
229736,229813,229850,37,77
229736,229813,229853,40,77
229736,229816,229855,39,80
229736,229818,229856,38,82
229736,229816,229858,42,80
229736,229819,229858,39,83
229736,229817,229861,44,81
229736,229817,229863,46,81
229736,229825,229863,38,89
229736,229816,229864,48,80
229736,229831,229864,33,95
229736,229835,229864,29,99
229736,229833,229865,32,97
229736,229828,229866,38,92
229736,229829,229867,38,93
229736,229826,229868,42,90
229736,229836,229868,32,100
229736,229813,229868,55,77
229736,229830,229870,40,94
229736,229829,229870,41,93
229736,229838,229870,32,102
229736,229838,229870,32,102
229736,229827,229871,44,91
229736,229839,229872,33,103
229736,229839,229872,33,103
229736,229830,229873,43,94
229736,229842,229873,31,106
229736,229825,229873,48,89
229736,229828,229873,45,92
229736,229838,229873,35,102
229736,229833,229874,41,97
229736,229842,229875,33,106
229736,229842,229876,34,106
229736,229833,229877,44,97
229736,229843,229877,34,107
229736,229837,229878,41,101
229736,229833,229878,45,97
229736,229839,229878,39,103
229736,229840,229879,39,104
229736,229845,229879,34,109
229736,229847,229880,33,111
229736,229841,229880,39,105
229736,229841,229886,45,105
229736,229851,229889,38,115
229736,229851,229895,44,115
229736,229855,229897,42,119
229736,229859,229898,39,123
229736,229865,229899,34,129
229736,229858,229899,41,122
229736,229853,229899,46,117
229736,229866,229899,33,130
229736,229857,229901,44,121
229736,229865,229901,36,129
229736,229869,229901,32,133
229736,229861,229902,41,125
229736,229871,229902,31,135
229736,229864,229903,39,128
229736,229863,229905,42,127
229736,229871,229904,33,135
229736,229877,229908,31,141
229736,229873,229909,36,137
229736,229873,229910,37,137
229736,229879,229910,31,143
229736,229869,229910,41,133
229736,229878,229910,32,142
229736,229866,229911,45,130
229736,229874,229911,37,138
229736,229880,229911,31,144
229736,229874,229911,37,138
229736,229876,229911,35,140
229736,229864,229912,48,128
229736,229871,229913,42,135
229736,229880,229913,33,144
229736,229873,229914,41,137
229736,229879,229914,35,143
229736,229881,229914,33,145
229736,229874,229915,41,138
229736,229881,229915,34,145
229736,229875,229916,41,139
229736,229872,229916,44,136
229736,229870,229917,47,134
229736,229886,229919,33,150
229736,229867,229919,52,131
229736,229877,229921,44,141
229736,229870,229922,52,134
229736,229890,229924,34,154
229736,229874,229926,52,138
229736,229879,229927,48,143
229736,229898,229933,35,162
229736,229898,229938,40,162
229736,229896,229940,44,160
229947,229947,229977,30,0
229947,229947,229977,30,0
229947,229947,229979,32,0
229947,229947,229979,32,0
229947,229947,229978,31,0
229947,229947,229980,33,0
229947,229947,229979,32,0
229947,229947,229980,33,0
229947,229947,229979,32,0
229947,229947,229980,33,0
229947,229947,229981,34,0
229947,229947,229981,34,0
229947,229947,229981,34,0
229947,229947,229982,35,0
229947,229947,229982,35,0
229947,229947,229982,35,0
229947,229947,229982,35,0
229947,229947,229983,36,0
229947,229947,229983,36,0
229947,229947,229982,35,0
229947,229947,229984,37,0
229947,229947,229983,36,0
229947,229947,229984,37,0
229947,229947,229983,36,0
229947,229947,229985,38,0
229947,229947,229985,38,0
229947,229947,229986,39,0
229947,229947,229987,40,0
229947,229947,229986,39,0
229947,229947,229987,40,0
229947,229947,229988,41,0
229947,229947,229987,40,0
229947,229947,229988,41,0
229947,229947,229989,42,0
229947,229947,229990,43,0
229947,229947,229990,43,0
229947,229947,229990,43,0
229947,229947,229991,44,0
229947,229947,229992,45,0
229947,229947,229994,47,0
229947,229947,229994,47,0
229947,229947,229994,47,0
229947,229947,229996,49,0
229947,229947,230000,53,0
229947,229979,230009,30,32
229947,229980,230012,32,33
229947,229979,230011,32,32
229947,229978,230013,35,31
229947,229979,230013,34,32
229947,229981,230014,33,34
229947,229984,230014,30,37
229947,229980,230015,35,33
229947,229982,230016,34,35
229947,229981,230016,35,34
229947,229978,230016,38,31
229947,229980,230017,37,33
229947,229980,230017,37,33
229947,229982,230017,35,35
229947,229983,230017,34,36
229947,229981,230018,37,34
229947,229981,230018,37,34
229947,229984,230019,35,37
229947,229990,230021,31,43
229947,229984,230024,40,37
229947,229988,230025,37,41
229947,229983,230025,42,36
229947,229983,230026,43,36
229947,229986,230026,40,39
229947,229991,230027,36,44
229947,229986,230027,41,39
229947,229983,230028,45,36
229947,229984,230031,47,37
229947,229986,230031,45,39
229947,229982,230031,49,35
229947,229988,230032,44,41
229947,229991,230033,42,44
229947,229992,230034,42,45
229947,229994,230034,40,47
229947,229987,230034,47,40
229947,229990,230034,44,43
229947,229989,230034,45,42
229947,229991,230034,43,44
229947,229994,230035,41,47
229947,229987,230035,48,40
229947,229988,230035,47,41
229947,229994,230035,41,47
229947,229996,230039,43,49
229947,230001,230042,41,54
229947,230009,230045,36,62
229947,230017,230045,28,70
229947,230012,230045,33,65
229947,230013,230045,32,66
229947,230016,230049,33,69
229947,230018,230049,31,71
229947,230017,230050,33,70
229947,230013,230050,37,66
229947,230016,230050,34,69
229947,230017,230051,34,70
229947,230019,230051,32,72
229947,230014,230051,37,67
229947,230015,230053,38,68
229947,230018,230053,35,71
229947,230014,230053,39,67
229947,230022,230054,32,75
229947,230017,230054,37,70
229947,230019,230054,35,72
229947,230025,230058,33,78
229947,230020,230058,38,73
229947,230028,230065,37,81
229947,230027,230066,39,80
229947,230025,230066,41,78
229947,230028,230067,39,81
229947,230032,230069,37,85
229947,230025,230071,46,78
229947,230034,230072,38,87
229947,230036,230072,36,89
229947,230028,230072,44,81
229947,230035,230074,39,88
229947,230033,230076,43,86
229947,230035,230075,40,88
229947,230039,230076,37,92
229947,230036,230076,40,89
229947,230033,230076,43,86
229947,230035,230078,43,88
229947,230035,230079,44,88
229947,230027,230078,51,80
229947,230035,230079,44,88
229947,230046,230079,33,99
229947,230036,230081,45,89
229947,230046,230083,37,99
229947,230046,230083,37,99
229947,230032,230082,50,85
229947,230035,230082,47,88
229947,230035,230083,48,88
229947,230052,230084,32,105
229947,230051,230085,34,104
229947,230051,230085,34,104
229947,230052,230085,33,105
229947,230046,230085,39,99
229947,230053,230086,33,106
229947,230050,230087,37,103
229947,230053,230086,33,106
229947,230051,230086,35,104
229947,230052,230088,36,105
229947,230055,230087,32,108
229947,230050,230088,38,103
229947,230054,230088,34,107
229947,230053,230089,36,106
229947,230055,230091,36,108
229947,230059,230092,33,112
229947,230058,230095,37,111
229947,230043,230098,55,96
229947,230066,230107,41,119
229947,230066,230108,42,119
229947,230072,230109,37,125
229947,230069,230110,41,122
229947,230067,230111,44,120
229947,230076,230112,36,129
229947,230067,230112,45,120
229947,230080,230114,34,133
229947,230076,230114,38,129
229947,230083,230115,32,136
229947,230072,230117,45,125
229947,230077,230117,40,130
229947,230085,230117,32,138
229947,230073,230117,44,126
229947,230079,230118,39,132
229947,230083,230117,34,136
229947,230088,230118,30,141
229947,230086,230117,31,139
229947,230076,230118,42,129
229947,230084,230119,35,137
229947,230088,230119,31,141
229947,230086,230120,34,139
229947,230087,230121,34,140
229947,230085,230121,36,138
229947,230087,230121,34,140
229947,230087,230121,34,140
229947,230088,230121,33,141
229947,230079,230121,42,132
229947,230073,230121,48,126
229947,230089,230121,32,142
229947,230078,230122,44,131
229947,230091,230122,31,144
229947,230083,230123,40,136
229947,230086,230123,37,139
229947,230079,230123,44,132
229947,230088,230125,37,141
229947,230075,230125,50,128
229947,230084,230129,45,137
229947,230092,230130,38,145
229947,230083,230130,47,136
229947,230077,230130,53,130
229947,230095,230131,36,148
229947,230099,230138,39,152
229947,230082,230141,59,135
229947,230110,230149,39,163
229947,230107,230152,45,160
229947,230108,230153,45,161
229947,230110,230156,46,163
230166,230166,230197,31,0
230166,230166,230197,31,0
230166,230166,230198,32,0
230166,230166,230198,32,0
230166,230166,230198,32,0
230166,230166,230199,33,0
230166,230166,230200,34,0
230166,230166,230200,34,0
230166,230166,230201,35,0
230166,230166,230201,35,0
230166,230166,230201,35,0
230166,230166,230202,36,0
230166,230166,230202,36,0
230166,230166,230202,36,0
230166,230166,230202,36,0
230166,230166,230202,36,0
230166,230166,230203,37,0
230166,230166,230204,38,0
230166,230166,230204,38,0
230166,230166,230205,39,0
230166,230166,230205,39,0
230166,230166,230207,41,0
230166,230166,230207,41,0
230166,230166,230207,41,0
230166,230166,230208,42,0
230166,230166,230208,42,0
230166,230166,230209,43,0
230166,230166,230209,43,0
230166,230166,230209,43,0
230166,230166,230212,46,0
230166,230166,230212,46,0
230166,230166,230213,47,0
230166,230166,230213,47,0
230166,230166,230213,47,0
230166,230166,230213,47,0
230166,230166,230215,49,0
230166,230166,230215,49,0
230166,230166,230215,49,0
230166,230166,230216,50,0
230166,230166,230216,50,0
230166,230166,230219,53,0
230166,230166,230220,54,0
230166,230166,230224,58,0
230166,230166,230226,60,0
230166,230199,230231,32,33
230166,230200,230231,31,34
230166,230198,230232,34,32
230166,230201,230232,31,35
230166,230199,230232,33,33
230166,230203,230234,31,37
230166,230198,230234,36,32
230166,230199,230235,36,33
230166,230203,230235,32,37
230166,230201,230236,35,35
230166,230203,230236,33,37
230166,230203,230237,34,37
230166,230202,230236,34,36
230166,230204,230237,33,38
230166,230202,230239,37,36
230166,230203,230239,36,37
230166,230202,230239,37,36
230166,230205,230239,34,39
230166,230206,230242,36,40
230166,230206,230242,36,40
230166,230208,230247,39,42
230166,230210,230248,38,44
230166,230209,230248,39,43
230166,230205,230251,46,39
230166,230208,230251,43,42
230166,230213,230252,39,47
230166,230214,230252,38,48
230166,230209,230251,42,43
230166,230210,230252,42,44
230166,230216,230254,38,50
230166,230216,230256,40,50
230166,230213,230256,43,47
230166,230217,230257,40,51
230166,230214,230257,43,48
230166,230221,230257,36,55
230166,230217,230259,42,51
230166,230220,230258,38,54
230166,230214,230260,46,48
230166,230214,230262,48,48
230166,230232,230263,31,66
230166,230233,230264,31,67
230166,230232,230267,35,66
230166,230236,230268,32,70
230166,230233,230269,36,67
230166,230237,230269,32,71
230166,230210,230269,59,44
230166,230227,230270,43,61
230166,230237,230270,33,71
230166,230235,230270,35,69
230166,230233,230269,36,67
230166,230225,230270,45,59
230166,230235,230270,35,69
230166,230240,230271,31,74
230166,230237,230270,33,71
230166,230237,230270,33,71
230166,230236,230271,35,70
230166,230238,230272,34,72
230166,230240,230272,32,74
230166,230240,230275,35,74
230166,230240,230276,36,74
230166,230242,230279,37,76
230166,230243,230280,37,77
230166,230208,230282,74,42
230166,230247,230285,38,81
230166,230216,230286,70,50
230166,230249,230288,39,83
230166,230249,230290,41,83
230166,230252,230293,41,86
230166,230251,230295,44,85
230166,230251,230296,45,85
230166,230252,230297,45,86
230166,230258,230298,40,92
230166,230252,230298,46,86
230166,230265,230299,34,99
230166,230257,230299,42,91
230166,230268,230300,32,102
230166,230253,230300,47,87
230166,230269,230301,32,103
230166,230264,230301,37,98
230166,230258,230302,44,92
230166,230268,230302,34,102
230166,230270,230302,32,104
230166,230262,230303,41,96
230166,230260,230302,42,94
230166,230270,230302,32,104
230166,230270,230304,34,104
230166,230258,230304,46,92
230166,230259,230304,45,93
230166,230269,230303,34,103
230166,230272,230304,32,106
230166,230271,230303,32,105
230166,230270,230304,34,104
230166,230255,230306,51,89
230166,230271,230306,35,105
230166,230272,230306,34,106
230166,230271,230305,34,105
230166,230276,230307,31,110
230166,230271,230306,35,105
230166,230271,230307,36,105
230166,230259,230309,50,93
230166,230257,230309,52,91
230166,230270,230312,42,104
230166,230275,230313,38,109
230166,230280,230316,36,114
230166,230279,230316,37,113
230166,230271,230320,49,105
230166,230288,230323,35,122
230166,230285,230325,40,119
230166,230286,230326,40,120
230166,230283,230328,45,117
230166,230291,230333,42,125
230166,230302,230334,32,136
230166,230300,230334,34,134
230166,230294,230335,41,128
230166,230304,230336,32,138
230166,230301,230336,35,135
230166,230304,230337,33,138
230166,230302,230337,35,136
230166,230306,230338,32,140
230166,230299,230338,39,133
230166,230301,230338,37,135
230166,230300,230338,38,134
230166,230295,230339,44,129
230166,230304,230339,35,138
230166,230297,230340,43,131
230166,230306,230340,34,140
230166,230306,230340,34,140
230166,230296,230341,45,130
230166,230298,230340,42,132
230166,230303,230341,38,137
230166,230303,230341,38,137
230166,230304,230341,37,138
230166,230307,230341,34,141
230166,230304,230342,38,138
230166,230301,230343,42,135
230166,230299,230344,45,133
230166,230307,230345,38,141
230166,230302,230346,44,136
230166,230306,230346,40,140
230166,230303,230346,43,137
230166,230307,230348,41,141
230166,230304,230349,45,138
230166,230316,230349,33,150
230166,230316,230351,35,150
230166,230309,230352,43,143
230166,230304,230352,48,138
230166,230309,230354,45,143
230166,230312,230355,43,146
230166,230313,230356,43,147
230166,230325,230362,37,159
230166,230320,230362,42,154
230166,230323,230365,42,157
230166,230334,230367,33,168
230166,230327,230369,42,161
230166,230328,230375,47,162
230166,230333,230386,53,167
230396,230396,230427,31,0
230396,230396,230427,31,0
230396,230396,230428,32,0
230396,230396,230427,31,0
230396,230396,230428,32,0
230396,230396,230428,32,0
230396,230396,230428,32,0
230396,230396,230429,33,0
230396,230396,230429,33,0
230396,230396,230430,34,0
230396,230396,230431,35,0
230396,230396,230431,35,0
230396,230396,230432,36,0
230396,230396,230432,36,0
230396,230396,230431,35,0
230396,230396,230431,35,0
230396,230396,230433,37,0
230396,230396,230433,37,0
230396,230396,230434,38,0
230396,230396,230435,39,0
230396,230396,230435,39,0
230396,230396,230436,40,0
230396,230396,230435,39,0
230396,230396,230435,39,0
230396,230396,230436,40,0
230396,230396,230436,40,0
230396,230396,230436,40,0
230396,230396,230438,42,0
230396,230396,230439,43,0
230396,230396,230440,44,0
230396,230396,230440,44,0
230396,230396,230440,44,0
230396,230396,230439,43,0
230396,230396,230441,45,0
230396,230396,230441,45,0
230396,230396,230440,44,0
230396,230396,230441,45,0
230396,230396,230442,46,0
230396,230396,230441,45,0
230396,230396,230443,47,0
230396,230396,230444,48,0
230396,230396,230444,48,0
230396,230396,230451,55,0
230396,230396,230452,56,0
230396,230427,230460,33,31
230396,230428,230463,35,32
230396,230431,230463,32,35
230396,230427,230463,36,31
230396,230431,230463,32,35
230396,230430,230464,34,34
230396,230431,230465,34,35
230396,230429,230465,36,33
230396,230432,230466,34,36
230396,230428,230467,39,32
230396,230430,230467,37,34
230396,230432,230466,34,36
230396,230429,230467,38,33
230396,230432,230467,35,36
230396,230429,230470,41,33
230396,230435,230469,34,39
230396,230436,230470,34,40
230396,230434,230471,37,38
230396,230437,230472,35,41
230396,230434,230474,40,38
230396,230440,230474,34,44
230396,230439,230476,37,43
230396,230436,230476,40,40
230396,230432,230478,46,36
230396,230435,230477,42,39
230396,230436,230479,43,40
230396,230440,230479,39,44
230396,230435,230481,46,39
230396,230436,230482,46,40
230396,230443,230482,39,47
230396,230441,230484,43,45
230396,230437,230484,47,41
230396,230444,230485,41,48
230396,230441,230485,44,45
230396,230438,230486,48,42
230396,230441,230489,48,45
230396,230442,230489,47,46
230396,230444,230490,46,48
230396,230451,230492,41,55
230396,230441,230492,51,45
230396,230442,230493,51,46
230396,230452,230494,42,56
230396,230440,230496,56,44
230396,230461,230495,34,65
230396,230440,230497,57,44
230396,230463,230498,35,67
230396,230464,230498,34,68
230396,230467,230498,31,71
230396,230465,230499,34,69
230396,230465,230499,34,69
230396,230467,230499,32,71
230396,230463,230500,37,67
230396,230464,230501,37,68
230396,230465,230502,37,69
230396,230470,230503,33,74
230396,230468,230503,35,72
230396,230470,230504,34,74
230396,230466,230504,38,70
230396,230470,230504,34,74
230396,230467,230505,38,71
230396,230472,230505,33,76
230396,230468,230507,39,72
230396,230471,230508,37,75
230396,230475,230509,34,79
230396,230477,230516,39,81
230396,230478,230523,45,82
230396,230482,230523,41,86
230396,230485,230524,39,89
230396,230478,230524,46,82
230396,230475,230526,51,79
230396,230480,230527,47,84
230396,230477,230526,49,81
230396,230485,230526,41,89
230396,230482,230527,45,86
230396,230483,230528,45,87
230396,230480,230532,52,84
230396,230493,230533,40,97
230396,230498,230533,35,102
230396,230496,230533,37,100
230396,230486,230534,48,90
230396,230499,230534,35,103
230396,230490,230535,45,94
230396,230499,230535,36,103
230396,230499,230535,36,103
230396,230491,230536,45,95
230396,230486,230536,50,90
230396,230501,230536,35,105
230396,230501,230537,36,105
230396,230493,230537,44,97
230396,230490,230537,47,94
230396,230498,230538,40,102
230396,230500,230537,37,104
230396,230486,230537,51,90
230396,230505,230538,33,109
230396,230505,230538,33,109
230396,230492,230539,47,96
230396,230504,230540,36,108
230396,230505,230539,34,109
230396,230495,230540,45,99
230396,230506,230540,34,110
230396,230503,230542,39,107
230396,230504,230542,38,108
230396,230506,230542,36,110
230396,230508,230542,34,112
230396,230497,230544,47,101
230396,230510,230545,35,114
230396,230509,230545,36,113
230396,230496,230553,57,100
230396,230525,230562,37,129
230396,230527,230563,36,131
230396,230517,230564,47,121
230396,230527,230564,37,131
230396,230524,230564,40,128
230396,230534,230566,32,138
230396,230524,230565,41,128
230396,230523,230566,43,127
230396,230529,230566,37,133
230396,230534,230566,32,138
230396,230536,230568,32,140
230396,230537,230568,31,141
230396,230528,230569,41,132
230396,230538,230569,31,142
230396,230527,230570,43,131
230396,230537,230570,33,141
230396,230535,230570,35,139
230396,230542,230572,30,146
230396,230536,230572,36,140
230396,230535,230571,36,139
230396,230534,230572,38,138
230396,230538,230573,35,142
230396,230539,230574,35,143
230396,230533,230574,41,137
230396,230538,230575,37,142
230396,230543,230574,31,147
230396,230534,230576,42,138
230396,230540,230576,36,144
230396,230540,230577,37,144
230396,230543,230577,34,147
230396,230538,230578,40,142
230396,230537,230578,41,141
230396,230540,230578,38,144
230396,230546,230578,32,150
230396,230541,230578,37,145
230396,230543,230578,35,147
230396,230537,230579,42,141
230396,230539,230579,40,143
230396,230546,230580,34,150
230396,230541,230581,40,145
230396,230527,230581,54,131
230396,230537,230586,49,141
230396,230545,230592,47,149
230396,230554,230596,42,158
230396,230563,230601,38,167
230396,230563,230605,42,167
230396,230565,230610,45,169
230396,230564,230611,47,168
230621,230621,230652,31,0
230855,230855,230867,12,0
230855,230855,230867,12,0
230855,230855,230867,12,0
230855,230855,230867,12,0
230855,230855,230867,12,0
230855,230855,230867,12,0
230855,230855,230868,13,0
230855,230855,230867,12,0
230855,230855,230868,13,0
230855,230855,230868,13,0
230855,230855,230868,13,0
230855,230855,230867,12,0
230855,230855,230867,12,0
230855,230855,230867,12,0
230855,230855,230867,12,0
230855,230855,230867,12,0
230855,230855,230869,14,0
230855,230855,230868,13,0
230855,230855,230868,13,0
230855,230855,230868,13,0
230855,230855,230868,13,0
230855,230855,230870,15,0
230855,230855,230870,15,0
230855,230855,230869,14,0
230855,230855,230869,14,0
230855,230855,230869,14,0
230855,230855,230869,14,0
230855,230855,230870,15,0
230855,230855,230871,16,0
230855,230855,230870,15,0
230855,230855,230871,16,0
230855,230855,230870,15,0
230855,230855,230871,16,0
230855,230855,230870,15,0
230855,230855,230871,16,0
230855,230855,230870,15,0
230855,230855,230871,16,0
230855,230855,230871,16,0
230855,230855,230870,15,0
230855,230855,230871,16,0
230855,230855,230871,16,0
230855,230855,230871,16,0
230855,230855,230871,16,0
230855,230855,230872,17,0
230855,230867,230878,11,12
230855,230868,230880,12,13
230855,230868,230880,12,13
230855,230868,230880,12,13
230855,230868,230880,12,13
230855,230868,230880,12,13
230855,230868,230880,12,13
230855,230868,230880,12,13
230855,230868,230880,12,13
230855,230868,230879,11,13
230855,230868,230880,12,13
230855,230868,230880,12,13
230855,230868,230880,12,13
230855,230868,230880,12,13
230855,230868,230880,12,13
230855,230868,230880,12,13
230855,230869,230881,12,14
230855,230869,230881,12,14
230855,230869,230881,12,14
230855,230869,230882,13,14
230855,230869,230883,14,14
230855,230870,230884,14,15
230855,230870,230884,14,15
230855,230870,230884,14,15
230855,230870,230885,15,15
230855,230870,230884,14,15
230855,230870,230885,15,15
230855,230871,230886,15,16
230855,230871,230885,14,16
230855,230871,230887,16,16
230855,230871,230887,16,16
230855,230871,230886,15,16
230855,230871,230886,15,16
230855,230871,230887,16,16
230855,230871,230887,16,16
230855,230871,230886,15,16
230855,230871,230886,15,16
230855,230871,230886,15,16
230855,230871,230887,16,16
230855,230872,230888,16,17
230855,230872,230888,16,17
230855,230871,230887,16,16
230855,230872,230888,16,17
230855,230873,230888,15,18
230855,230880,230892,12,25
230855,230880,230892,12,25
230855,230880,230892,12,25
230855,230880,230892,12,25
230855,230880,230893,13,25
230855,230881,230892,11,26
230855,230880,230892,12,25
230855,230880,230893,13,25
230855,230880,230892,12,25
230855,230880,230892,12,25
230855,230881,230893,12,26
230855,230880,230892,12,25
230855,230880,230892,12,25
230855,230879,230892,13,24
230855,230880,230892,12,25
230855,230881,230894,13,26
230855,230881,230893,12,26
230855,230881,230893,12,26
230855,230882,230894,12,27
230855,230883,230895,12,28
230855,230884,230898,14,29
230855,230884,230898,14,29
230855,230885,230900,15,30
230855,230885,230899,14,30
230855,230885,230900,15,30
230855,230884,230899,15,29
230855,230885,230900,15,30
230855,230886,230901,15,31
230855,230886,230901,15,31
230855,230887,230903,16,32
230855,230888,230903,15,33
230855,230887,230903,16,32
230855,230887,230903,16,32
230855,230888,230903,15,33
230855,230887,230902,15,32
230855,230887,230902,15,32
230855,230888,230903,15,33
230855,230887,230903,16,32
230855,230887,230903,16,32
230855,230892,230904,12,37
230855,230888,230904,16,33
230855,230887,230904,17,32
230855,230887,230904,17,32
230855,230892,230904,12,37
230855,230892,230904,12,37
230855,230887,230904,17,32
230855,230888,230904,16,33
230855,230893,230905,12,38
230855,230893,230905,12,38
230855,230893,230905,12,38
230855,230893,230905,12,38
230855,230893,230905,12,38
230855,230893,230905,12,38
230855,230893,230906,13,38
230855,230894,230906,12,39
230855,230893,230906,13,38
230855,230893,230906,13,38
230855,230893,230906,13,38
230855,230893,230906,13,38
230855,230893,230907,14,38
230855,230894,230907,13,39
230855,230894,230907,13,39
230855,230894,230907,13,39
230855,230895,230908,13,40
230855,230899,230914,15,44
230855,230900,230914,14,45
230855,230900,230914,14,45
230855,230901,230915,14,46
230855,230900,230915,15,45
230855,230900,230914,14,45
230855,230899,230916,17,44
230855,230900,230916,16,45
230855,230904,230916,12,49
230855,230904,230916,12,49
230855,230904,230916,12,49
230855,230905,230917,12,50
230855,230905,230917,12,50
230855,230905,230917,12,50
230855,230901,230917,16,46
230855,230905,230917,12,50
230855,230905,230917,12,50
230855,230903,230918,15,48
230855,230903,230918,15,48
230855,230903,230918,15,48
230855,230903,230919,16,48
230855,230904,230919,15,49
230855,230903,230919,16,48
230855,230903,230919,16,48
230855,230903,230919,16,48
230855,230903,230919,16,48
230855,230905,230919,14,50
230855,230906,230919,13,51
230855,230907,230919,12,52
230855,230907,230919,12,52
230855,230906,230919,13,51
230855,230908,230920,12,53
230855,230906,230919,13,51
230855,230906,230919,13,51
230855,230903,230919,16,48
230855,230904,230920,16,49
230855,230904,230920,16,49
230855,230904,230920,16,49
230855,230904,230920,16,49
230855,230908,230920,12,53
230855,230908,230920,12,53
230855,230908,230920,12,53
230855,230903,230921,18,48
230855,230909,230921,12,54
230855,230914,230929,15,59
230855,230914,230929,15,59
230855,230914,230930,16,59
230855,230915,230930,15,60
230939,230939,230951,12,0
230939,230939,230951,12,0
230939,230939,230951,12,0
230939,230939,230951,12,0
230939,230939,230952,13,0
230939,230939,230952,13,0
230939,230939,230951,12,0
230939,230939,230951,12,0
230939,230939,230951,12,0
230939,230939,230951,12,0
230939,230939,230951,12,0
230939,230939,230951,12,0
230939,230939,230951,12,0
230939,230939,230952,13,0
230939,230939,230952,13,0
230939,230939,230952,13,0
230939,230939,230953,14,0
230939,230939,230953,14,0
230939,230939,230952,13,0
230939,230939,230952,13,0
230939,230939,230952,13,0
230939,230939,230952,13,0
230939,230939,230953,14,0
230939,230939,230954,15,0
230939,230939,230953,14,0
230939,230939,230954,15,0
230939,230939,230953,14,0
230939,230939,230953,14,0
230939,230939,230953,14,0
230939,230939,230954,15,0
230939,230939,230954,15,0
230939,230939,230954,15,0
230939,230939,230954,15,0
230939,230939,230954,15,0
230939,230939,230955,16,0
230939,230939,230954,15,0
230939,230939,230954,15,0
230939,230939,230955,16,0
230939,230939,230955,16,0
230939,230939,230955,16,0
230939,230939,230956,17,0
230939,230939,230956,17,0
230939,230939,230956,17,0
230939,230939,230957,18,0
230939,230951,230963,12,12
230939,230952,230963,11,13
230939,230951,230964,13,12
230939,230952,230964,12,13
230939,230952,230964,12,13
230939,230952,230964,12,13
230939,230952,230964,12,13
230939,230952,230964,12,13
230939,230952,230964,12,13
230939,230953,230964,11,14
230939,230952,230965,13,13
230939,230952,230964,12,13
230939,230952,230965,13,13
230939,230952,230965,13,13
230939,230953,230965,12,14
230939,230953,230966,13,14
230939,230953,230966,13,14
230939,230953,230965,12,14
230939,230953,230966,13,14
230939,230954,230966,12,15
230939,230953,230967,14,14
230939,230954,230967,13,15
230939,230953,230968,15,14
230939,230954,230968,14,15
230939,230953,230970,17,14
230939,230954,230969,15,15
230939,230954,230969,15,15
230939,230954,230970,16,15
230939,230954,230970,16,15
230939,230957,230970,13,18
230939,230955,230970,15,16
230939,230955,230971,16,16
230939,230955,230970,15,16
230939,230955,230971,16,16
230939,230954,230970,16,15
230939,230956,230971,15,17
230939,230955,230972,17,16
230939,230956,230973,17,17
230939,230958,230973,15,19
230939,230955,230973,18,16
230939,230957,230974,17,18
230939,230955,230974,19,16
230939,230956,230973,17,17
230939,230956,230974,18,17
230939,230963,230975,12,24
230939,230964,230976,12,25
230939,230964,230976,12,25
230939,230964,230977,13,25
230939,230964,230977,13,25
230939,230964,230977,13,25
230939,230964,230976,12,25
230939,230965,230977,12,26
230939,230965,230977,12,26
230939,230965,230978,13,26
230939,230964,230978,14,25
230939,230965,230978,13,26
230939,230966,230978,12,27
230939,230966,230978,12,27
230939,230967,230979,12,28
230939,230967,230978,11,28
230939,230966,230979,13,27
230939,230966,230978,12,27
230939,230964,230978,14,25
230939,230966,230978,12,27
230939,230968,230981,13,29
230939,230968,230983,15,29
230939,230969,230985,16,30
230939,230970,230985,15,31
230939,230969,230984,15,30
230939,230970,230985,15,31
230939,230971,230986,15,32
230939,230970,230986,16,31
230939,230970,230986,16,31
230939,230970,230987,17,31
230939,230971,230987,16,32
230939,230970,230987,17,31
230939,230971,230986,15,32
230939,230971,230988,17,32
230939,230974,230987,13,35
230939,230971,230988,17,32
230939,230973,230987,14,34
230939,230972,230988,16,33
230939,230975,230987,12,36
230939,230972,230988,16,33
230939,230973,230989,16,34
230939,230974,230988,14,35
230939,230974,230989,15,35
230939,230978,230989,11,39
230939,230976,230988,12,37
230939,230977,230989,12,38
230939,230976,230988,12,37
230939,230974,230990,16,35
230939,230977,230990,13,38
230939,230978,230989,11,39
230939,230977,230990,13,38
230939,230977,230990,13,38
230939,230978,230990,12,39
230939,230974,230991,17,35
230939,230978,230991,13,39
230939,230979,230991,12,40
230939,230978,230991,13,39
230939,230978,230991,13,39
230939,230979,230992,13,40
230939,230979,230992,13,40
230939,230979,230992,13,40
230939,230979,230992,13,40
230939,230978,230992,14,39
230939,230979,230993,14,40
230939,230982,230997,15,43
230939,230983,231000,17,44
230939,230985,231000,15,46
230939,230987,231000,13,48
230939,230985,231000,15,46
230939,230985,231000,15,46
230939,230989,231001,12,50
230939,230988,231000,12,49
230939,230986,231002,16,47
230939,230989,231001,12,50
230939,230989,231002,13,50
230939,230989,231002,13,50
230939,230988,231003,15,49
230939,230990,231003,13,51
230939,230987,231003,16,48
230939,230990,231003,13,51
230939,230986,231003,17,47
230939,230987,231003,16,48
230939,230988,231004,16,49
230939,230988,231004,16,49
230939,230989,231004,15,50
230939,230988,231004,16,49
230939,230991,231004,13,52
230939,230990,231004,14,51
230939,230990,231004,14,51
230939,230991,231004,13,52
230939,230986,231005,19,47
230939,230989,231005,16,50
230939,230986,231005,19,47
230939,230987,231005,18,48
230939,230988,231005,17,49
230939,230990,231005,15,51
230939,230992,231005,13,53
230939,230992,231005,13,53
230939,230991,231005,14,52
230939,230992,231005,13,53
230939,230989,231006,17,50
230939,230989,231005,16,50
230939,230992,231006,14,53
230939,230992,231006,14,53
230939,230993,231006,13,54
230939,230991,231006,15,52
230939,230991,231007,16,52
230939,230990,231010,20,51
230939,230997,231012,15,58
230939,231000,231015,15,61
230939,231000,231017,17,61
230939,231000,231017,17,61
231025,231026,231037,11,1
231025,231026,231038,12,1
231025,231026,231038,12,1
231025,231026,231038,12,1
231025,231026,231038,12,1
231025,231026,231038,12,1
231025,231026,231038,12,1
231025,231026,231039,13,1
231025,231026,231038,12,1
231025,231026,231038,12,1
231025,231026,231038,12,1
231025,231026,231038,12,1
231025,231026,231038,12,1
231025,231026,231039,13,1
231025,231026,231039,13,1
231025,231026,231039,13,1
231025,231026,231039,13,1
231025,231026,231040,14,1
231025,231026,231040,14,1
231025,231026,231039,13,1
231025,231026,231040,14,1
231025,231026,231041,15,1
231025,231026,231041,15,1
231025,231026,231041,15,1
231025,231026,231041,15,1
231025,231026,231041,15,1
231025,231026,231042,16,1
231025,231026,231041,15,1
231025,231026,231041,15,1
231025,231026,231042,16,1
231025,231026,231042,16,1
231025,231026,231042,16,1
231025,231026,231042,16,1
231025,231026,231042,16,1
231025,231026,231042,16,1
231025,231026,231042,16,1
231025,231026,231042,16,1
231025,231026,231042,16,1
231025,231026,231043,17,1
231025,231026,231043,17,1
231025,231026,231044,18,1
231025,231026,231043,17,1
231025,231026,231044,18,1
231025,231026,231045,19,1
231025,231039,231051,12,14
231025,231038,231052,14,13
231025,231039,231051,12,14
231025,231039,231051,12,14
231025,231039,231051,12,14
231025,231039,231051,12,14
231025,231039,231052,13,14
231025,231040,231052,12,15
231025,231040,231052,12,15
231025,231039,231052,13,14
231025,231039,231052,13,14
231025,231039,231052,13,14
231025,231039,231053,14,14
231025,231040,231052,12,15
231025,231039,231052,13,14
231025,231040,231052,12,15
231025,231040,231054,14,15
231025,231041,231054,13,16
231025,231039,231054,15,14
231025,231040,231055,15,15
231025,231040,231055,15,15
231025,231041,231056,15,16
231025,231042,231057,15,17
231025,231042,231058,16,17
231025,231042,231058,16,17
231025,231042,231059,17,17
231025,231044,231058,14,19
231025,231043,231059,16,18
231025,231042,231058,16,17
231025,231044,231058,14,19
231025,231042,231059,17,17
231025,231043,231060,17,18
231025,231043,231059,16,18
231025,231044,231060,16,19
231025,231042,231059,17,17
231025,231043,231061,18,18
231025,231044,231060,16,19
231025,231043,231061,18,18
231025,231043,231061,18,18
231025,231046,231062,16,21
231025,231042,231061,19,17
231025,231043,231063,20,18
231025,231045,231062,17,20
231025,231043,231062,19,18
231025,231053,231064,11,28
231025,231052,231065,13,27
231025,231053,231066,13,28
231025,231053,231066,13,28
231025,231053,231066,13,28
231025,231052,231065,13,27
231025,231052,231065,13,27
231025,231052,231065,13,27
231025,231052,231066,14,27
231025,231053,231066,13,28
231025,231053,231065,12,28
231025,231053,231066,13,28
231025,231053,231065,12,28
231025,231053,231067,14,28
231025,231054,231067,13,29
231025,231052,231066,14,27
231025,231053,231067,14,28
231025,231054,231067,13,29
231025,231054,231067,13,29
231025,231056,231069,13,31
231025,231055,231070,15,30
231025,231056,231072,16,31
231025,231059,231073,14,34
231025,231058,231073,15,33
231025,231058,231074,16,33
231025,231059,231073,14,34
231025,231059,231075,16,34
231025,231059,231075,16,34
231025,231060,231075,15,35
231025,231059,231075,16,34
231025,231060,231075,15,35
231025,231060,231075,15,35
231025,231061,231076,15,36
231025,231059,231076,17,34
231025,231061,231076,15,36
231025,231062,231077,15,37
231025,231060,231076,16,35
231025,231060,231076,16,35
231025,231062,231077,15,37
231025,231065,231078,13,40
231025,231065,231077,12,40
231025,231066,231078,12,41
231025,231062,231077,15,37
231025,231062,231078,16,37
231025,231066,231078,12,41
231025,231066,231078,12,41
231025,231063,231079,16,38
231025,231066,231078,12,41
231025,231066,231078,12,41
231025,231066,231079,13,41
231025,231066,231079,13,41
231025,231066,231079,13,41
231025,231067,231079,12,42
231025,231066,231079,13,41
231025,231066,231079,13,41
231025,231067,231079,12,42
231025,231063,231079,16,38
231025,231063,231079,16,38
231025,231067,231079,12,42
231025,231066,231079,13,41
231025,231067,231080,13,42
231025,231068,231080,12,43
231025,231068,231080,12,43
231025,231069,231082,13,44
231025,231070,231085,15,45
231025,231072,231087,15,47
231025,231074,231089,15,49
231025,231074,231089,15,49
231025,231073,231089,16,48
231025,231074,231089,15,49
231025,231075,231090,15,50
231025,231078,231090,12,53
231025,231075,231091,16,50
231025,231078,231091,13,53
231025,231079,231092,13,54
231025,231079,231092,13,54
231025,231075,231092,17,50
231025,231076,231092,16,51
231025,231077,231092,15,52
231025,231075,231092,17,50
231025,231075,231092,17,50
231025,231079,231092,13,54
231025,231079,231092,13,54
231025,231079,231092,13,54
231025,231079,231092,13,54
231025,231079,231092,13,54
231025,231078,231092,14,53
231025,231079,231091,12,54
231025,231079,231092,13,54
231025,231079,231092,13,54
231025,231080,231092,12,55
231025,231076,231092,16,51
231025,231076,231093,17,51
231025,231077,231093,16,52
231025,231076,231094,18,51
231025,231077,231094,17,52
231025,231078,231093,15,53
231025,231078,231094,16,53
231025,231078,231094,16,53
231025,231079,231094,15,54
231025,231080,231095,15,55
231025,231080,231094,14,55
231025,231082,231096,14,57
231025,231080,231095,15,55
231025,231080,231096,16,55
231025,231080,231096,16,55
231025,231081,231098,17,56
231025,231080,231101,21,55
231025,231085,231102,17,60
231025,231087,231103,16,62
231025,231089,231107,18,64
231025,231089,231107,18,64
231116,231116,231129,13,0
231116,231116,231129,13,0
231116,231116,231129,13,0
231116,231116,231129,13,0
231116,231116,231129,13,0
231116,231116,231130,14,0
231116,231116,231130,14,0
231116,231116,231130,14,0
231116,231116,231130,14,0
231116,231116,231130,14,0
231116,231116,231129,13,0
231116,231116,231129,13,0
231116,231116,231130,14,0
231116,231116,231130,14,0
231116,231116,231130,14,0
231116,231116,231129,13,0
231116,231116,231130,14,0
231116,231116,231131,15,0
231116,231116,231131,15,0
231116,231116,231130,14,0
231116,231116,231132,16,0
231116,231116,231132,16,0
231116,231116,231133,17,0
231116,231116,231132,16,0
231116,231116,231133,17,0
231116,231116,231133,17,0
231116,231116,231133,17,0
231116,231116,231133,17,0
231116,231116,231134,18,0
231116,231116,231134,18,0
231116,231116,231134,18,0
231116,231116,231134,18,0
231116,231116,231135,19,0
231116,231116,231134,18,0
231116,231116,231136,20,0
231116,231116,231136,20,0
231116,231116,231136,20,0
231116,231116,231136,20,0
231116,231116,231136,20,0
231116,231116,231136,20,0
231116,231116,231137,21,0
231116,231116,231138,22,0
231116,231116,231138,22,0
231116,231116,231139,23,0
231116,231129,231141,12,13
231116,231129,231142,13,13
231116,231129,231143,14,13
231116,231129,231143,14,13
231116,231129,231142,13,13
231116,231130,231145,15,14
231116,231130,231146,16,14
231116,231130,231146,16,14
231116,231131,231147,16,15
231116,231130,231147,17,14
231116,231130,231147,17,14
231116,231130,231147,17,14
231116,231130,231148,18,14
231116,231131,231148,17,15
231116,231131,231148,17,15
231116,231130,231148,18,14
231116,231130,231148,18,14
231116,231130,231149,19,14
231116,231130,231150,20,14
231116,231131,231150,19,15
231116,231132,231151,19,16
231116,231133,231151,18,17
231116,231134,231152,18,18
231116,231134,231153,19,18
231116,231134,231152,18,18
231116,231132,231153,21,16
231116,231133,231154,21,17
231116,231133,231154,21,17
231116,231136,231153,17,20
231116,231135,231154,19,19
231116,231136,231154,18,20
231116,231134,231154,20,18
231116,231134,231153,19,18
231116,231135,231154,19,19
231116,231135,231154,19,19
231116,231135,231154,19,19
231116,231136,231154,18,20
231116,231136,231154,18,20
231116,231136,231154,18,20
231116,231138,231155,17,22
231116,231143,231156,13,27
231116,231142,231156,14,26
231116,231142,231156,14,26
231116,231143,231157,14,27
231116,231137,231157,20,21
231116,231139,231157,18,23
231116,231139,231157,18,23
231116,231137,231157,20,21
231116,231143,231157,14,27
231116,231145,231159,14,29
231116,231147,231160,13,31
231116,231147,231160,13,31
231116,231147,231160,13,31
231116,231147,231161,14,31
231116,231148,231161,13,32
231116,231147,231161,14,31
231116,231149,231161,12,33
231116,231148,231162,14,32
231116,231148,231162,14,32
231116,231150,231162,12,34
231116,231149,231162,13,33
231116,231149,231163,14,33
231116,231150,231163,13,34
231116,231151,231164,13,35
231116,231151,231167,16,35
231116,231157,231168,11,41
231116,231157,231170,13,41
231116,231158,231171,13,42
231116,231157,231171,14,41
231116,231157,231170,13,41
231116,231153,231171,18,37
231116,231154,231171,17,38
231116,231152,231171,19,36
231116,231156,231171,15,40
231116,231156,231172,16,40
231116,231153,231172,19,37
231116,231160,231173,13,44
231116,231154,231173,19,38
231116,231158,231174,16,42
231116,231154,231173,19,38
231116,231155,231173,18,39
231116,231155,231173,18,39
231116,231153,231173,20,37
231116,231154,231173,19,38
231116,231158,231173,15,42
231116,231160,231173,13,44
231116,231154,231174,20,38
231116,231154,231174,20,38
231116,231155,231174,19,39
231116,231152,231174,22,36
231116,231158,231174,16,42
231116,231154,231175,21,38
231116,231154,231175,21,38
231116,231154,231175,21,38
231116,231158,231175,17,42
231116,231161,231176,15,45
231116,231162,231176,14,46
231116,231163,231176,13,47
231116,231163,231176,13,47
231116,231162,231176,14,46
231116,231161,231176,15,45
231116,231163,231177,14,47
231116,231162,231177,15,46
231116,231163,231177,14,47
231116,231162,231177,15,46
231116,231164,231178,14,48
231116,231164,231179,15,48
231116,231164,231180,16,48
231116,231169,231182,13,53
231116,231171,231184,13,55
231116,231168,231185,17,52
231116,231171,231185,14,55
231116,231171,231185,14,55
231116,231171,231185,14,55
231116,231173,231186,13,57
231116,231172,231188,16,56
231116,231172,231188,16,56
231116,231172,231188,16,56
231116,231173,231188,15,57
231116,231173,231189,16,57
231116,231172,231189,17,56
231116,231174,231190,16,58
231116,231174,231191,17,58
231116,231174,231191,17,58
231116,231174,231192,18,58
231116,231177,231192,15,61
231116,231176,231192,16,60
231116,231174,231192,18,58
231116,231174,231192,18,58
231116,231175,231192,17,59
231116,231178,231192,14,62
231116,231174,231193,19,58
231116,231177,231193,16,61
231116,231178,231192,14,62
231116,231174,231193,19,58
231116,231177,231194,17,61
231116,231179,231193,14,63
231116,231178,231194,16,62
231116,231176,231194,18,60
231116,231177,231194,17,61
231116,231177,231194,17,61
231116,231178,231195,17,62
231116,231180,231195,15,64
231116,231175,231195,20,59
231116,231174,231195,21,58
231116,231176,231195,19,60
231116,231175,231195,20,59
231116,231175,231195,20,59
231116,231176,231196,20,60
231116,231181,231197,16,65
231116,231175,231198,23,59
231116,231183,231198,15,67
231116,231184,231199,15,68
231116,231176,231200,24,60
231116,231185,231202,17,69
231116,231186,231209,23,70
231216,231216,231232,16,0
231216,231216,231233,17,0
231216,231216,231232,16,0
231216,231216,231233,17,0
231216,231216,231234,18,0
231216,231216,231234,18,0
231216,231216,231234,18,0
231216,231216,231234,18,0
231216,231216,231233,17,0
231216,231216,231233,17,0
231216,231216,231234,18,0
231216,231216,231234,18,0
231216,231216,231234,18,0
231216,231216,231235,19,0
231216,231216,231235,19,0
231216,231216,231235,19,0
231216,231216,231235,19,0
231216,231216,231235,19,0
231216,231216,231235,19,0
231216,231216,231235,19,0
231216,231216,231235,19,0
231216,231216,231236,20,0
231216,231216,231236,20,0
231216,231216,231236,20,0
231216,231216,231236,20,0
231216,231216,231236,20,0
231216,231216,231236,20,0
231216,231216,231236,20,0
231216,231216,231236,20,0
231216,231216,231236,20,0
231216,231216,231236,20,0
231216,231216,231236,20,0
231216,231216,231236,20,0
231216,231216,231236,20,0
231216,231216,231237,21,0
231216,231216,231237,21,0
231216,231216,231238,22,0
231216,231216,231237,21,0
231216,231216,231237,21,0
231216,231216,231238,22,0
231216,231216,231239,23,0
231216,231216,231239,23,0
231216,231216,231239,23,0
231216,231216,231240,24,0
231216,231232,231246,14,16
231216,231233,231247,14,17
231216,231235,231247,12,19
231216,231234,231248,14,18
231216,231235,231249,14,19
231216,231235,231248,13,19
231216,231235,231248,13,19
231216,231234,231249,15,18
231216,231235,231249,14,19
231216,231233,231250,17,17
231216,231233,231250,17,17
231216,231234,231251,17,18
231216,231236,231251,15,20
231216,231237,231252,15,21
231216,231237,231251,14,21
231216,231236,231251,15,20
231216,231234,231252,18,18
231216,231237,231252,15,21
231216,231237,231252,15,21
231216,231238,231252,14,22
231216,231237,231252,15,21
231216,231235,231253,18,19
231216,231234,231253,19,18
231216,231236,231253,17,20
231216,231237,231254,17,21
231216,231240,231253,13,24
231216,231237,231253,16,21
231216,231240,231255,15,24
231216,231238,231256,18,22
231216,231237,231257,20,21
231216,231237,231256,19,21
231216,231237,231257,20,21
231216,231237,231256,19,21
231216,231237,231256,19,21
231216,231240,231257,17,24
231216,231238,231257,19,22
231216,231238,231257,19,22
231216,231235,231259,24,19
231216,231236,231258,22,20
231216,231237,231258,21,21
231216,231241,231259,18,25
231216,231235,231260,25,19
231216,231238,231259,21,22
231216,231239,231259,20,23
231216,231247,231262,15,31
231216,231249,231266,17,33
231216,231248,231267,19,32
231216,231252,231267,15,36
231216,231252,231268,16,36
231216,231253,231268,15,37
231216,231249,231268,19,33
231216,231249,231268,19,33
231216,231252,231268,16,36
231216,231252,231268,16,36
231216,231250,231269,19,34
231216,231253,231269,16,37
231216,231254,231269,15,38
231216,231254,231270,16,38
231216,231248,231269,21,32
231216,231250,231269,19,34
231216,231251,231271,20,35
231216,231253,231270,17,37
231216,231253,231270,17,37
231216,231251,231272,21,35
231216,231249,231271,22,33
231216,231256,231271,15,40
231216,231252,231272,20,36
231216,231253,231274,21,37
231216,231254,231274,20,38
231216,231254,231274,20,38
231216,231254,231274,20,38
231216,231254,231275,21,38
231216,231257,231276,19,41
231216,231257,231275,18,41
231216,231257,231277,20,41
231216,231257,231279,22,41
231216,231259,231281,22,43
231216,231258,231281,23,42
231216,231259,231281,22,43
231216,231260,231282,22,44
231216,231260,231281,21,44
231216,231263,231281,18,47
231216,231260,231282,22,44
231216,231259,231283,24,43
231216,231267,231283,16,51
231216,231257,231283,26,41
231216,231257,231284,27,41
231216,231269,231284,15,53
231216,231260,231284,24,44
231216,231268,231284,16,52
231216,231269,231285,16,53
231216,231269,231285,16,53
231216,231269,231285,16,53
231216,231258,231285,27,42
231216,231268,231285,17,52
231216,231270,231285,15,54
231216,231268,231285,17,52
231216,231270,231285,15,54
231216,231269,231285,16,53
231216,231270,231286,16,54
231216,231270,231287,17,54
231216,231270,231286,16,54
231216,231270,231287,17,54
231216,231258,231288,30,42
231216,231271,231292,21,55
231216,231271,231292,21,55
231216,231271,231294,23,55
231216,231272,231294,22,56
231216,231272,231293,21,56
231216,231272,231296,24,56
231216,231273,231296,23,57
231216,231274,231298,24,58
231216,231276,231299,23,60
231216,231275,231300,25,59
231216,231278,231299,21,62
231216,231276,231300,24,60
231216,231285,231301,16,69
231216,231286,231301,15,70
231216,231283,231301,18,67
231216,231285,231301,16,69
231216,231286,231301,15,70
231216,231281,231302,21,65
231216,231275,231302,27,59
231216,231285,231302,17,69
231216,231285,231302,17,69
231216,231282,231301,19,66
231216,231285,231301,16,69
231216,231281,231302,21,65
231216,231287,231303,16,71
231216,231287,231303,16,71
231216,231286,231303,17,70
231216,231286,231303,17,70
231216,231286,231303,17,70
231216,231286,231303,17,70
231216,231276,231303,27,60
231216,231280,231304,24,64
231216,231275,231303,28,59
231216,231283,231304,21,67
231216,231287,231304,17,71
231216,231283,231304,21,67
231216,231284,231305,21,68
231216,231285,231305,20,69
231216,231282,231305,23,66
231216,231282,231305,23,66
231216,231282,231306,24,66
231216,231292,231308,16,76
231216,231294,231309,15,78
231216,231289,231309,20,73
231216,231285,231310,25,69
231216,231294,231311,17,78
231216,231294,231311,17,78
231216,231293,231311,18,77
231216,231286,231313,27,70
231216,231296,231315,19,80
231216,231297,231317,20,81
231216,231299,231318,19,83
231327,231328,231341,13,1
231327,231328,231342,14,1
231327,231328,231342,14,1
231327,231328,231342,14,1
231327,231328,231342,14,1
231327,231328,231342,14,1
231327,231328,231343,15,1
231327,231328,231343,15,1
231327,231328,231345,17,1
231327,231328,231345,17,1
231327,231328,231345,17,1
231327,231328,231345,17,1
231327,231328,231345,17,1
231327,231328,231345,17,1
231327,231328,231346,18,1
231327,231328,231346,18,1
231327,231328,231347,19,1
231327,231328,231346,18,1
231327,231328,231346,18,1
231327,231328,231346,18,1
231327,231328,231346,18,1
231327,231328,231346,18,1
231327,231328,231346,18,1
231327,231328,231346,18,1
231327,231328,231347,19,1
231327,231328,231348,20,1
231327,231328,231347,19,1
231327,231328,231348,20,1
231327,231328,231348,20,1
231327,231328,231348,20,1
231327,231328,231349,21,1
231327,231328,231350,22,1
231327,231328,231349,21,1
231327,231328,231349,21,1
231327,231328,231349,21,1
231327,231328,231350,22,1
231327,231328,231350,22,1
231327,231328,231350,22,1
231327,231328,231351,23,1
231327,231328,231352,24,1
231327,231328,231355,27,1
231327,231328,231355,27,1
231327,231328,231354,26,1
231327,231328,231355,27,1
231327,231343,231360,17,16
231327,231344,231362,18,17
231327,231343,231362,19,16
231327,231344,231362,18,17
231327,231346,231363,17,19
231327,231347,231363,16,20
231327,231347,231364,17,20
231327,231347,231364,17,20
231327,231346,231363,17,19
231327,231347,231364,17,20
231327,231343,231364,21,16
231327,231347,231365,18,20
231327,231343,231364,21,16
231327,231346,231364,18,19
231327,231347,231364,17,20
231327,231346,231365,19,19
231327,231342,231365,23,15
231327,231346,231366,20,19
231327,231346,231367,21,19
231327,231347,231367,20,20
231327,231343,231367,24,16
231327,231347,231368,21,20
231327,231347,231372,25,20
231327,231346,231372,26,19
231327,231348,231371,23,21
231327,231350,231374,24,23
231327,231350,231375,25,23
231327,231351,231376,25,24
231327,231349,231376,27,22
231327,231353,231377,24,26
231327,231349,231377,28,22
231327,231356,231378,22,29
231327,231350,231377,27,23
231327,231351,231378,27,24
231327,231355,231378,23,28
231327,231348,231378,30,21
231327,231349,231377,28,22
231327,231350,231379,29,23
231327,231348,231378,30,21
231327,231351,231378,27,24
231327,231349,231379,30,22
231327,231355,231379,24,28
231327,231361,231379,18,34
231327,231364,231380,16,37
231327,231351,231381,30,24
231327,231364,231381,17,37
231327,231364,231381,17,37
231327,231364,231381,17,37
231327,231364,231382,18,37
231327,231363,231382,19,36
231327,231363,231382,19,36
231327,231355,231384,29,28
231327,231363,231384,21,36
231327,231364,231384,20,37
231327,231365,231388,23,38
231327,231365,231388,23,38
231327,231366,231387,21,39
231327,231366,231388,22,39
231327,231367,231388,21,40
231327,231365,231389,24,38
231327,231365,231388,23,38
231327,231365,231389,24,38
231327,231368,231389,21,41
231327,231368,231391,23,41
231327,231369,231393,24,42
231327,231372,231393,21,45
231327,231368,231394,26,41
231327,231372,231397,25,45
231327,231374,231399,25,47
231327,231378,231400,22,51
231327,231378,231400,22,51
231327,231376,231402,26,49
231327,231377,231401,24,50
231327,231378,231402,24,51
231327,231372,231402,30,45
231327,231376,231402,26,49
231327,231378,231404,26,51
231327,231379,231403,24,52
231327,231378,231403,25,51
231327,231377,231405,28,50
231327,231378,231406,28,51
231327,231377,231406,29,50
231327,231380,231405,25,53
231327,231381,231406,25,54
231327,231381,231407,26,54
231327,231382,231406,24,55
231327,231379,231408,29,52
231327,231379,231408,29,52
231327,231382,231408,26,55
231327,231385,231409,24,58
231327,231381,231409,28,54
231327,231380,231410,30,53
231327,231384,231409,25,57
231327,231381,231410,29,54
231327,231384,231410,26,57
231327,231389,231411,22,62
231327,231389,231410,21,62
231327,231383,231411,28,56
231327,231389,231411,22,62
231327,231388,231412,24,61
231327,231389,231412,23,62
231327,231389,231412,23,62
231327,231380,231412,32,53
231327,231380,231412,32,53
231327,231388,231412,24,61
231327,231389,231412,23,62
231327,231388,231414,26,61
231327,231392,231417,25,65
231327,231393,231416,23,66
231327,231393,231421,28,66
231327,231399,231424,25,72
231327,231395,231424,29,68
231327,231406,231425,19,79
231327,231407,231425,18,80
231327,231406,231425,19,79
231327,231403,231427,24,76
231327,231412,231426,14,85
231327,231400,231427,27,73
231327,231402,231427,25,75
231327,231407,231427,20,80
231327,231409,231426,17,82
231327,231411,231427,16,84
231327,231408,231427,19,81
231327,231409,231427,18,82
231327,231411,231427,16,84
231327,231411,231427,16,84
231327,231402,231428,26,75
231327,231403,231427,24,76
231327,231397,231427,30,70
231327,231402,231427,25,75
231327,231401,231428,27,74
231327,231410,231427,17,83
231327,231411,231428,17,84
231327,231404,231429,25,77
231327,231404,231429,25,77
231327,231404,231430,26,77
231327,231408,231430,22,81
231327,231408,231431,23,81
231327,231411,231431,20,84
231327,231406,231430,24,79
231327,231405,231431,26,78
231327,231410,231431,21,83
231327,231406,231432,26,79
231327,231411,231432,21,84
231327,231412,231434,22,85
231327,231412,231435,23,85
231327,231414,231435,21,87
231327,231412,231435,23,85
231327,231413,231436,23,86
231327,231413,231437,24,86
231327,231417,231439,22,90
231327,231417,231440,23,90
231327,231412,231441,29,85
231327,231424,231448,24,97
231327,231422,231450,28,95
231327,231424,231452,28,97
231460,231461,231478,17,1
231460,231461,231479,18,1
231460,231461,231479,18,1
231460,231461,231480,19,1
231460,231461,231481,20,1
231460,231461,231480,19,1
231460,231461,231481,20,1
231460,231461,231481,20,1
231460,231461,231482,21,1
231460,231461,231482,21,1
231460,231461,231482,21,1
231460,231461,231482,21,1
231460,231461,231482,21,1
231460,231461,231483,22,1
231460,231461,231484,23,1
231460,231461,231485,24,1
231460,231461,231485,24,1
231460,231461,231486,25,1
231460,231461,231485,24,1
231460,231461,231486,25,1
231460,231461,231488,27,1
231460,231461,231488,27,1
231460,231461,231488,27,1
231460,231461,231489,28,1
231460,231461,231488,27,1
231460,231461,231488,27,1
231460,231461,231489,28,1
231460,231461,231489,28,1
231460,231461,231489,28,1
231460,231461,231490,29,1
231460,231461,231491,30,1
231460,231461,231490,29,1
231460,231461,231490,29,1
231460,231461,231490,29,1
231460,231461,231490,29,1
231460,231461,231490,29,1
231460,231461,231490,29,1
231460,231461,231491,30,1
231460,231461,231491,30,1
231460,231461,231492,31,1
231460,231461,231492,31,1
231460,231461,231494,33,1
231460,231461,231495,34,1
231460,231480,231497,17,20
231460,231481,231498,17,21
231460,231480,231499,19,20
231460,231479,231498,19,19
231460,231461,231498,37,1
231460,231483,231504,21,23
231460,231481,231505,24,21
231460,231483,231505,22,23
231460,231485,231506,21,25
231460,231484,231506,22,24
231460,231482,231507,25,22
231460,231483,231507,24,23
231460,231483,231507,24,23
231460,231485,231508,23,25
231460,231486,231507,21,26
231460,231482,231508,26,22
231460,231481,231508,27,21
231460,231483,231509,26,23
231460,231486,231509,23,26
231460,231489,231509,20,29
231460,231487,231513,26,27
231460,231490,231513,23,30
231460,231489,231514,25,29
231460,231486,231514,28,26
231460,231489,231516,27,29
231460,231488,231515,27,28
231460,231489,231515,26,29
231460,231490,231517,27,30
231460,231489,231518,29,29
231460,231491,231518,27,31
231460,231488,231519,31,28
231460,231491,231519,28,31
231460,231490,231519,29,30
231460,231491,231520,29,31
231460,231491,231520,29,31
231460,231492,231523,31,32
231460,231499,231523,24,39
231460,231491,231524,33,31
231460,231491,231524,33,31
231460,231491,231524,33,31
231460,231499,231523,24,39
231460,231493,231524,31,33
231460,231498,231525,27,38
231460,231492,231525,33,32
231460,231499,231526,27,39
231460,231495,231527,32,35
231460,231492,231528,36,32
231460,231504,231529,25,44
231460,231509,231528,19,49
231460,231507,231529,22,47
231460,231499,231531,32,39
231460,231508,231530,22,48
231460,231507,231530,23,47
231460,231505,231531,26,45
231460,231509,231531,22,49
231460,231508,231531,23,48
231460,231507,231531,24,47
231460,231505,231532,27,45
231460,231507,231531,24,47
231460,231508,231532,24,48
231460,231508,231532,24,48
231460,231509,231533,24,49
231460,231495,231533,38,35
231460,231508,231533,25,48
231460,231513,231544,31,53
231460,231516,231546,30,56
231460,231514,231546,32,54
231460,231521,231546,25,61
231460,231515,231546,31,55
231460,231518,231549,31,58
231460,231515,231548,33,55
231460,231519,231550,31,59
231460,231516,231550,34,56
231460,231526,231551,25,66
231460,231524,231551,27,64
231460,231516,231552,36,56
231460,231525,231552,27,65
231460,231519,231553,34,59
231460,231529,231553,24,69
231460,231524,231554,30,64
231460,231523,231554,31,63
231460,231525,231553,28,65
231460,231519,231555,36,59
231460,231527,231555,28,67
231460,231530,231555,25,70
231460,231521,231556,35,61
231460,231525,231556,31,65
231460,231524,231556,32,64
231460,231529,231556,27,69
231460,231520,231557,37,60
231460,231524,231558,34,64
231460,231533,231557,24,73
231460,231531,231558,27,71
231460,231531,231557,26,71
231460,231533,231559,26,73
231460,231531,231559,28,71
231460,231532,231558,26,72
231460,231532,231560,28,72
231460,231533,231559,26,73
231460,231529,231561,32,69
231460,231532,231561,29,72
231460,231531,231562,31,71
231460,231520,231562,42,60
231460,231523,231563,40,63
231460,231532,231563,31,72
231460,231534,231564,30,74
231460,231534,231566,32,74
231460,231531,231566,35,71
231460,231544,231573,29,84
231460,231546,231574,28,86
231460,231549,231577,28,89
231460,231551,231577,26,91
231460,231552,231577,25,92
231460,231546,231578,32,86
231460,231553,231578,25,93
231460,231549,231579,30,89
231460,231546,231579,33,86
231460,231551,231580,29,91
231460,231553,231581,28,93
231460,231547,231581,34,87
231460,231551,231582,31,91
231460,231554,231582,28,94
231460,231556,231583,27,96
231460,231555,231583,28,95
231460,231558,231585,27,98
231460,231559,231586,27,99
231460,231558,231586,28,98
231460,231559,231586,27,99
231460,231550,231587,37,90
231460,231556,231587,31,96
231460,231559,231587,28,99
231460,231560,231586,26,100
231460,231561,231587,26,101
231460,231560,231588,28,100
231460,231555,231589,34,95
231460,231555,231589,34,95
231460,231554,231589,35,94
231460,231554,231589,35,94
231460,231556,231590,34,96
231460,231556,231590,34,96
231460,231558,231590,32,98
231460,231558,231591,33,98
231460,231552,231591,39,92
231460,231563,231591,28,103
231460,231564,231592,28,104
231460,231561,231594,33,101
231460,231562,231594,32,102
231460,231557,231594,37,97
231460,231566,231598,32,106
231460,231563,231601,38,103
231460,231574,231601,27,114
231460,231563,231603,40,103
231460,231578,231604,26,118
231460,231566,231606,40,106
231460,231578,231606,28,118
231460,231573,231607,34,113
231460,231577,231608,31,117
231617,231617,231637,20,0
231617,231617,231638,21,0
231617,231617,231639,22,0
231617,231617,231640,23,0
231617,231617,231640,23,0
231617,231617,231640,23,0
231617,231617,231640,23,0
231617,231617,231641,24,0
231617,231617,231641,24,0
231617,231617,231641,24,0
231617,231617,231641,24,0
231617,231617,231642,25,0
231617,231617,231642,25,0
231617,231617,231642,25,0
231617,231617,231642,25,0
231617,231617,231642,25,0
231617,231617,231643,26,0
231617,231617,231643,26,0
231617,231617,231643,26,0
231617,231617,231643,26,0
231617,231617,231644,27,0
231617,231617,231643,26,0
231617,231617,231643,26,0
231617,231617,231644,27,0
231617,231617,231644,27,0
231617,231617,231646,29,0
231617,231617,231647,30,0
231617,231617,231647,30,0
231617,231618,231647,29,1
231617,231617,231647,30,0
231617,231618,231648,30,1
231617,231617,231649,32,0
231617,231617,231650,33,0
231617,231617,231650,33,0
231617,231617,231650,33,0
231617,231617,231650,33,0
231617,231618,231651,33,1
231617,231617,231651,34,0
231617,231617,231651,34,0
231617,231617,231651,34,0
231617,231617,231652,35,0
231617,231617,231653,36,0
231617,231617,231654,37,0
231617,231618,231656,38,1
231617,231640,231664,24,23
231617,231638,231663,25,21
231617,231640,231665,25,23
231617,231642,231666,24,25
231617,231642,231665,23,25
231617,231641,231666,25,24
231617,231642,231666,24,25
231617,231641,231667,26,24
231617,231643,231667,24,26
231617,231642,231667,25,25
231617,231641,231668,27,24
231617,231641,231669,28,24
231617,231643,231670,27,26
231617,231643,231670,27,26
231617,231644,231670,26,27
231617,231643,231670,27,26
231617,231643,231672,29,26
231617,231645,231672,27,28
231617,231644,231672,28,27
231617,231643,231673,30,26
231617,231647,231673,26,30
231617,231644,231676,32,27
231617,231648,231675,27,31
231617,231644,231678,34,27
231617,231644,231678,34,27
231617,231648,231679,31,31
231617,231644,231679,35,27
231617,231649,231681,32,32
231617,231648,231680,32,31
231617,231651,231681,30,34
231617,231652,231681,29,35
231617,231651,231683,32,34
231617,231652,231682,30,35
231617,231650,231683,33,33
231617,231653,231684,31,36
231617,231645,231684,39,28
231617,231650,231684,34,33
231617,231652,231684,32,35
231617,231652,231687,35,35
231617,231654,231687,33,37
231617,231648,231688,40,31
231617,231655,231687,32,38
231617,231651,231688,37,34
231617,231664,231689,25,47
231617,231657,231690,33,40
231617,231665,231693,28,48
231617,231666,231694,28,49
231617,231668,231694,26,51
231617,231666,231695,29,49
231617,231667,231694,27,50
231617,231668,231694,26,51
231617,231668,231695,27,51
231617,231669,231695,26,52
231617,231667,231696,29,50
231617,231670,231696,26,53
231617,231669,231698,29,52
231617,231671,231697,26,54
231617,231671,231697,26,54
231617,231672,231697,25,55
231617,231664,231698,34,47
231617,231674,231699,25,57
231617,231673,231699,26,56
231617,231673,231700,27,56
231617,231676,231702,26,59
231617,231670,231703,33,53
231617,231676,231706,30,59
231617,231674,231709,35,57
231617,231679,231710,31,62
231617,231679,231712,33,62
231617,231680,231711,31,63
231617,231680,231711,31,63
231617,231681,231714,33,64
231617,231681,231715,34,64
231617,231683,231715,32,66
231617,231681,231716,35,64
231617,231684,231716,32,67
231617,231685,231717,32,68
231617,231690,231717,27,73
231617,231683,231718,35,66
231617,231682,231718,36,65
231617,231684,231718,34,67
231617,231688,231720,32,71
231617,231688,231720,32,71
231617,231698,231722,24,81
231617,231685,231721,36,68
231617,231698,231723,25,81
231617,231695,231723,28,78
231617,231697,231723,26,80
231617,231695,231723,28,78
231617,231693,231722,29,76
231617,231696,231723,27,79
231617,231695,231724,29,78
231617,231695,231723,28,78
231617,231698,231724,26,81
231617,231696,231724,28,79
231617,231687,231724,37,70
231617,231695,231724,29,78
231617,231685,231723,38,68
231617,231691,231725,34,74
231617,231689,231724,35,72
231617,231696,231725,29,79
231617,231698,231726,28,81
231617,231687,231726,39,70
231617,231700,231727,27,83
231617,231701,231728,27,84
231617,231699,231728,29,82
231617,231700,231728,28,83
231617,231703,231730,27,86
231617,231704,231734,30,87
231617,231718,231742,24,101
231617,231707,231743,36,90
231617,231710,231743,33,93
231617,231712,231743,31,95
231617,231709,231743,34,92
231617,231712,231744,32,95
231617,231712,231747,35,95
231617,231722,231746,24,105
231617,231723,231746,23,106
231617,231716,231747,31,99
231617,231723,231748,25,106
231617,231728,231748,20,111
231617,231725,231748,23,108
231617,231723,231748,25,106
231617,231716,231749,33,99
231617,231718,231749,31,101
231617,231715,231749,34,98
231617,231724,231749,25,107
231617,231724,231749,25,107
231617,231724,231749,25,107
231617,231716,231750,34,99
231617,231725,231750,25,108
231617,231723,231749,26,106
231617,231726,231749,23,109
231617,231724,231749,25,107
231617,231728,231749,21,111
231617,231729,231750,21,112
231617,231715,231751,36,98
231617,231727,231750,23,110
231617,231724,231751,27,107
231617,231719,231751,32,102
231617,231719,231752,33,102
231617,231718,231752,34,101
231617,231720,231752,32,103
231617,231730,231752,22,113
231617,231722,231755,33,105
231617,231725,231754,29,108
231617,231721,231756,35,104
231617,231724,231755,31,107
231617,231724,231755,31,107
231617,231723,231756,33,106
231617,231723,231757,34,106
231617,231726,231761,35,109
231617,231742,231768,26,125
231617,231743,231769,26,126
231617,231735,231770,35,118
231617,231743,231772,29,126
231780,231780,231803,23,0
233515,233515,233518,3,0
233516,233516,233518,2,0
233515,233516,233519,3,1
233516,233516,233518,2,0
233516,233516,233519,3,0
233516,233516,233519,3,0
233516,233516,233519,3,0
233517,233517,233520,3,0
233516,233517,233519,2,1
233517,233517,233520,3,0
233516,233516,233520,4,0
233518,233518,233520,2,0
233518,233518,233520,2,0
233518,233518,233521,3,0
233517,233517,233521,4,0
233517,233517,233521,4,0
233517,233517,233521,4,0
233518,233518,233521,3,0
233517,233517,233522,5,0
233518,233518,233522,4,0
267197,267199,267262,63,2
267270,267272,267296,24,2
267583,267585,267677,92,2
267895,267896,267987,91,1
270418,270420,270507,87,2
270757,270758,270854,96,1
287297,287297,289161,1864,0
287297,287297,289349,2052,0
287297,287297,289360,2063,0
287298,287298,290393,3095,0
287299,287299,290497,3198,0
287299,287299,290747,3448,0
287298,287298,290822,3524,0
287298,287298,291158,3860,0
287298,287298,291590,4292,0
287297,287297,291755,4458,0
287298,287298,292066,4768,0
287297,287297,293621,6324,0
287299,287299,293885,6586,0
287299,287299,294194,6895,0
294940,294940,294952,12,0
295094,295094,295106,12,0
287297,287297,295229,7932,0
295358,295359,295369,10,1
295438,295438,295439,1,0
295714,295714,295716,2,0
295714,295714,295716,2,0
295714,295714,295716,2,0
295714,295714,295716,2,0
295714,295714,295716,2,0
295714,295714,295716,2,0
295714,295714,295716,2,0
295714,295714,295716,2,0
295714,295714,295716,2,0
295714,295714,295716,2,0
295714,295714,295716,2,0
295714,295714,295716,2,0
295714,295714,295716,2,0
295714,295714,295716,2,0
295714,295714,295716,2,0
295714,295714,295716,2,0
295714,295714,295716,2,0
295714,295714,295716,2,0
295714,295714,295716,2,0
295714,295714,295716,2,0
295714,295714,295717,3,0
295714,295714,295717,3,0
295714,295714,295717,3,0
295714,295714,295717,3,0
295714,295714,295717,3,0
295714,295714,295717,3,0
295714,295714,295717,3,0
295714,295714,295717,3,0
295714,295714,295717,3,0
295714,295714,295717,3,0
295714,295714,295717,3,0
295714,295714,295717,3,0
295714,295714,295717,3,0
295714,295714,295717,3,0
295714,295714,295717,3,0
295714,295714,295717,3,0
295714,295714,295717,3,0
295714,295714,295717,3,0
295714,295714,295716,2,0
295714,295714,295716,2,0
295714,295714,295717,3,0
295714,295714,295717,3,0
295714,295714,295717,3,0
295714,295714,295717,3,0
295714,295716,295717,1,2
295714,295716,295717,1,2
295714,295716,295718,2,2
295714,295716,295718,2,2
295714,295716,295718,2,2
295714,295716,295718,2,2
295714,295716,295718,2,2
295714,295716,295718,2,2
295714,295717,295718,1,3
295714,295716,295718,2,2
295714,295716,295718,2,2
295714,295716,295718,2,2
295714,295717,295718,1,3
295714,295716,295718,2,2
295714,295716,295718,2,2
295714,295716,295718,2,2
295714,295717,295718,1,3
295714,295716,295718,2,2
295714,295716,295718,2,2
295714,295716,295718,2,2
295714,295718,295719,1,4
295714,295718,295719,1,4
295714,295718,295720,2,4
295714,295718,295719,1,4
295714,295718,295720,2,4
295714,295718,295720,2,4
295714,295718,295720,2,4
295714,295718,295719,1,4
295714,295718,295719,1,4
295714,295718,295719,1,4
295714,295718,295719,1,4
295714,295718,295719,1,4
295714,295718,295719,1,4
295714,295718,295719,1,4
295714,295719,295720,1,5
295714,295719,295720,1,5
295714,295719,295720,1,5
295714,295719,295720,1,5
295714,295718,295720,2,4
295714,295718,295720,2,4
295714,295718,295720,2,4
295714,295719,295720,1,5
295714,295719,295720,1,5
295714,295719,295720,1,5
295714,295719,295720,1,5
295714,295718,295720,2,4
295714,295718,295720,2,4
295714,295718,295720,2,4
295714,295718,295720,2,4
295714,295718,295720,2,4
295714,295719,295720,1,5
295714,295719,295720,1,5
295714,295719,295720,1,5
295714,295719,295720,1,5
295714,295719,295720,1,5
295714,295719,295720,1,5
295714,295719,295720,1,5
295714,295719,295720,1,5
295714,295718,295720,2,4
295714,295718,295720,2,4
295714,295718,295720,2,4
295714,295719,295720,1,5
295714,295719,295720,1,5
295714,295719,295720,1,5
295714,295720,295722,2,6
295714,295720,295722,2,6
295714,295720,295722,2,6
295714,295720,295722,2,6
295714,295720,295722,2,6
295714,295720,295722,2,6
295714,295720,295722,2,6
295714,295720,295722,2,6
295714,295720,295722,2,6
295714,295720,295721,1,6
295714,295720,295721,1,6
295714,295720,295722,2,6
295714,295720,295721,1,6
295714,295720,295721,1,6
295714,295721,295722,1,7
295714,295721,295722,1,7
295714,295721,295722,1,7
295714,295721,295722,1,7
295714,295721,295722,1,7
295714,295721,295722,1,7
295714,295721,295722,1,7
295714,295721,295722,1,7
295714,295721,295722,1,7
295714,295721,295722,1,7
295714,295721,295722,1,7
295714,295721,295722,1,7
295714,295721,295722,1,7
295714,295721,295722,1,7
295714,295721,295722,1,7
295714,295721,295722,1,7
295714,295721,295723,2,7
295714,295721,295723,2,7
295714,295721,295723,2,7
295714,295721,295722,1,7
295714,295721,295722,1,7
295714,295721,295722,1,7
295714,295721,295723,2,7
295714,295721,295723,2,7
295714,295721,295723,2,7
295714,295721,295723,2,7
295714,295721,295723,2,7
295714,295722,295724,2,8
295714,295722,295724,2,8
295714,295721,295723,2,7
295714,295721,295723,2,7
295714,295722,295724,2,8
295714,295721,295723,2,7
295714,295722,295724,2,8
295714,295722,295724,2,8
295714,295722,295724,2,8
295714,295722,295723,1,8
295714,295722,295724,2,8
295714,295722,295724,2,8
295714,295722,295724,2,8
295714,295722,295724,2,8
295714,295722,295724,2,8
295714,295722,295723,1,8
295714,295723,295724,1,9
295714,295723,295724,1,9
295714,295723,295724,1,9
295714,295723,295725,2,9
295714,295723,295724,1,9
295714,295723,295725,2,9
295714,295723,295724,1,9
295714,295723,295724,1,9
295714,295723,295724,1,9
295714,295723,295725,2,9
295714,295723,295724,1,9
295714,295723,295725,2,9
295714,295723,295724,1,9
295714,295723,295724,1,9
295714,295723,295724,1,9
295714,295723,295724,1,9
295714,295723,295725,2,9
295714,295723,295725,2,9
295714,295722,295724,2,8
295714,295723,295725,2,9
295714,295723,295724,1,9
295714,295723,295724,1,9
295714,295723,295724,1,9
295714,295723,295725,2,9
295714,295723,295725,2,9
295714,295723,295725,2,9
295714,295723,295725,2,9
295714,295723,295725,2,9
295714,295724,295726,2,10
295714,295724,295726,2,10
295714,295724,295725,1,10
295714,295724,295726,2,10
295714,295724,295726,2,10
295714,295724,295726,2,10
295714,295724,295726,2,10
295734,295734,295735,1,0
295734,295734,295736,2,0
295734,295734,295736,2,0
295734,295734,295736,2,0
295734,295734,295736,2,0
295734,295734,295735,1,0
295734,295734,295736,2,0
295734,295734,295736,2,0
295734,295734,295736,2,0
295734,295734,295735,1,0
295734,295734,295736,2,0
295734,295734,295735,1,0
295734,295734,295735,1,0
295734,295734,295735,1,0
295734,295734,295735,1,0
295734,295734,295735,1,0
295734,295734,295735,1,0
295734,295734,295735,1,0
295734,295734,295736,2,0
295734,295734,295735,1,0
295734,295734,295736,2,0
295734,295734,295736,2,0
295734,295734,295736,2,0
295734,295734,295736,2,0
295734,295734,295736,2,0
295734,295734,295736,2,0
295734,295734,295736,2,0
295734,295734,295736,2,0
295734,295734,295736,2,0
295734,295734,295736,2,0
295734,295734,295736,2,0
295734,295734,295736,2,0
295734,295734,295736,2,0
295734,295734,295736,2,0
295734,295734,295736,2,0
295734,295734,295736,2,0
295734,295734,295736,2,0
295734,295734,295736,2,0
295734,295734,295736,2,0
295734,295734,295736,2,0
295734,295734,295736,2,0
295734,295734,295736,2,0
295734,295734,295736,2,0
295734,295734,295736,2,0
295734,295736,295737,1,2
295734,295736,295738,2,2
295734,295736,295738,2,2
295734,295736,295738,2,2
295734,295736,295737,1,2
295734,295736,295737,1,2
295734,295736,295737,1,2
295734,295736,295738,2,2
295734,295736,295738,2,2
295734,295736,295738,2,2
295734,295736,295738,2,2
295734,295736,295738,2,2
295734,295736,295738,2,2
295734,295736,295737,1,2
295734,295736,295738,2,2
295734,295736,295738,2,2
295734,295736,295737,1,2
295734,295736,295738,2,2
295734,295736,295737,1,2
295734,295736,295738,2,2
295734,295736,295738,2,2
295734,295736,295738,2,2
295734,295736,295738,2,2
295734,295736,295738,2,2
295734,295736,295738,2,2
295734,295736,295738,2,2
295734,295737,295739,2,3
295734,295737,295739,2,3
295734,295737,295739,2,3
295734,295737,295739,2,3
295734,295737,295739,2,3
295734,295737,295739,2,3
295734,295737,295739,2,3
295734,295737,295739,2,3
295734,295737,295739,2,3
295734,295737,295739,2,3
295734,295737,295739,2,3
295734,295737,295739,2,3
295734,295737,295739,2,3
295734,295737,295739,2,3
295734,295737,295739,2,3
295734,295737,295739,2,3
295734,295737,295739,2,3
295734,295738,295740,2,4
295734,295738,295740,2,4
295734,295738,295740,2,4
295734,295738,295740,2,4
295734,295738,295740,2,4
295734,295738,295740,2,4
295734,295738,295739,1,4
295734,295738,295740,2,4
295734,295738,295740,2,4
295734,295738,295740,2,4
295734,295738,295740,2,4
295734,295738,295740,2,4
295734,295738,295740,2,4
295734,295738,295739,1,4
295734,295738,295740,2,4
295734,295738,295740,2,4
295734,295738,295740,2,4
295734,295738,295740,2,4
295734,295738,295740,2,4
295734,295738,295740,2,4
295734,295737,295739,2,3
295734,295738,295740,2,4
295734,295738,295740,2,4
295734,295738,295740,2,4
295734,295738,295740,2,4
295734,295738,295740,2,4
295734,295738,295740,2,4
295734,295739,295741,2,5
295734,295739,295741,2,5
295734,295739,295741,2,5
295734,295740,295742,2,6
295734,295740,295742,2,6
295734,295740,295742,2,6
295734,295741,295742,1,7
295734,295741,295742,1,7
295734,295741,295742,1,7
295734,295739,295742,3,5
295734,295739,295742,3,5
295734,295739,295742,3,5
295734,295741,295742,1,7
295734,295739,295742,3,5
295734,295739,295742,3,5
295734,295739,295742,3,5
295734,295741,295742,1,7
295734,295741,295742,1,7
295734,295741,295742,1,7
295734,295741,295742,1,7
295734,295741,295742,1,7
295734,295741,295742,1,7
295734,295741,295742,1,7
295734,295741,295742,1,7
295734,295741,295742,1,7
295734,295741,295742,1,7
295734,295741,295742,1,7
295734,295741,295742,1,7
295734,295741,295742,1,7
295734,295741,295742,1,7
295734,295741,295742,1,7
295734,295741,295742,1,7
295734,295741,295742,1,7
295734,295739,295742,3,5
295734,295741,295743,2,7
295734,295741,295742,1,7
295734,295741,295742,1,7
295734,295741,295742,1,7
295734,295740,295743,3,6
295734,295740,295743,3,6
295734,295740,295743,3,6
295734,295740,295742,2,6
295734,295740,295742,2,6
295734,295741,295743,2,7
295734,295742,295744,2,8
295734,295742,295744,2,8
295734,295741,295743,2,7
295734,295742,295744,2,8
295734,295742,295744,2,8
295734,295743,295744,1,9
295734,295743,295744,1,9
295734,295743,295744,1,9
295734,295743,295744,1,9
295734,295743,295744,1,9
295734,295743,295744,1,9
295734,295743,295744,1,9
295734,295743,295744,1,9
295734,295743,295744,1,9
295734,295743,295744,1,9
295734,295743,295744,1,9
295734,295743,295744,1,9
295734,295743,295744,1,9
295734,295743,295744,1,9
295734,295743,295744,1,9
295734,295743,295744,1,9
295734,295743,295744,1,9
295734,295743,295744,1,9
295734,295743,295744,1,9
295734,295743,295744,1,9
295734,295743,295744,1,9
295734,295743,295744,1,9
295734,295743,295745,2,9
295734,295743,295745,2,9
295734,295743,295745,2,9
295734,295743,295744,1,9
295734,295743,295745,2,9
295734,295743,295745,2,9
295734,295743,295745,2,9
295734,295743,295745,2,9
295734,295743,295745,2,9
295734,295743,295745,2,9
295734,295743,295745,2,9
295734,295743,295746,3,9
295734,295743,295746,3,9
295734,295743,295746,3,9
295734,295743,295746,3,9
295753,295753,295754,1,0
295753,295753,295754,1,0
295753,295753,295754,1,0
295753,295753,295755,2,0
295753,295753,295754,1,0
295753,295753,295755,2,0
295753,295753,295754,1,0
295753,295753,295754,1,0
295753,295753,295754,1,0
295753,295753,295754,1,0
295753,295753,295754,1,0
295753,295753,295754,1,0
295753,295753,295754,1,0
295753,295753,295754,1,0
295753,295753,295754,1,0
295753,295753,295754,1,0
295753,295753,295755,2,0
295753,295753,295755,2,0
295753,295753,295755,2,0
295753,295753,295754,1,0
295753,295753,295754,1,0
295753,295753,295754,1,0
295753,295753,295754,1,0
295753,295753,295755,2,0
295753,295753,295755,2,0
295753,295753,295755,2,0
295753,295753,295755,2,0
295753,295753,295755,2,0
295753,295753,295755,2,0
295753,295753,295755,2,0
295753,295753,295755,2,0
295753,295753,295755,2,0
295753,295753,295755,2,0
295753,295753,295755,2,0
295753,295753,295755,2,0
295753,295753,295755,2,0
295753,295753,295755,2,0
295753,295753,295755,2,0
295753,295753,295755,2,0
295753,295753,295755,2,0
295753,295753,295755,2,0
295753,295753,295755,2,0
295753,295753,295755,2,0
295753,295753,295755,2,0
295753,295755,295756,1,2
295753,295755,295757,2,2
295753,295755,295757,2,2
295753,295755,295757,2,2
295753,295755,295756,1,2
295753,295755,295756,1,2
295753,295755,295756,1,2
295753,295755,295756,1,2
295753,295755,295756,1,2
295753,295755,295756,1,2
295753,295755,295756,1,2
295753,295755,295756,1,2
295753,295755,295756,1,2
295753,295755,295756,1,2
295753,295755,295756,1,2
295753,295755,295756,1,2
295753,295755,295756,1,2
295753,295755,295756,1,2
295753,295755,295756,1,2
295753,295755,295756,1,2
295753,295755,295757,2,2
295753,295755,295757,2,2
295753,295755,295757,2,2
295753,295755,295757,2,2
295753,295755,295757,2,2
295753,295755,295757,2,2
295753,295756,295758,2,3
295753,295755,295758,3,2
295753,295756,295758,2,3
295753,295756,295758,2,3
295753,295756,295758,2,3
295753,295755,295757,2,2
295753,295756,295758,2,3
295753,295755,295757,2,2
295753,295756,295758,2,3
295753,295756,295758,2,3
295753,295756,295758,2,3
295753,295756,295758,2,3
295753,295756,295758,2,3
295753,295756,295758,2,3
295753,295756,295758,2,3
295753,295756,295758,2,3
295753,295757,295758,1,4
295753,295757,295759,2,4
295753,295757,295759,2,4
295753,295757,295759,2,4
295753,295756,295758,2,3
295753,295756,295758,2,3
295753,295757,295759,2,4
295753,295757,295759,2,4
295753,295757,295759,2,4
295753,295757,295759,2,4
295753,295757,295758,1,4
295753,295757,295758,1,4
295753,295757,295759,2,4
295753,295757,295759,2,4
295753,295757,295758,1,4
295753,295757,295758,1,4
295753,295757,295759,2,4
295753,295757,295759,2,4
295753,295757,295758,1,4
295753,295757,295758,1,4
295753,295757,295758,1,4
295753,295757,295759,2,4
295753,295757,295759,2,4
295753,295757,295759,2,4
295753,295757,295759,2,4
295753,295757,295759,2,4
295753,295757,295759,2,4
295753,295758,295760,2,5
295753,295758,295760,2,5
295753,295758,295760,2,5
295753,295758,295760,2,5
295753,295758,295760,2,5
295753,295758,295760,2,5
295753,295758,295760,2,5
295753,295758,295760,2,5
295753,295758,295760,2,5
295753,295758,295760,2,5
295753,295758,295760,2,5
295753,295758,295760,2,5
295753,295759,295761,2,6
295753,295759,295761,2,6
295753,295759,295761,2,6
295753,295759,295761,2,6
295753,295759,295761,2,6
295753,295759,295761,2,6
295753,295759,295761,2,6
295753,295759,295761,2,6
295753,295759,295761,2,6
295753,295759,295761,2,6
295753,295759,295761,2,6
295753,295759,295761,2,6
295753,295759,295761,2,6
295753,295759,295761,2,6
295753,295759,295761,2,6
295753,295759,295761,2,6
295753,295759,295761,2,6
295753,295759,295761,2,6
295753,295759,295761,2,6
295753,295759,295761,2,6
295753,295759,295761,2,6
295753,295759,295761,2,6
295753,295758,295760,2,5
295753,295759,295761,2,6
295753,295759,295761,2,6
295753,295759,295761,2,6
295753,295759,295761,2,6
295753,295759,295761,2,6
295753,295759,295761,2,6
295753,295759,295761,2,6
295753,295759,295761,2,6
295753,295759,295761,2,6
295753,295760,295762,2,7
295753,295760,295762,2,7
295753,295760,295763,3,7
295753,295760,295762,2,7
295753,295760,295762,2,7
295753,295760,295762,2,7
295753,295760,295763,3,7
295753,295760,295762,2,7
295753,295760,295763,3,7
295753,295761,295763,2,8
295753,295761,295763,2,8
295753,295762,295763,1,9
295753,295762,295763,1,9
295753,295762,295763,1,9
295753,295762,295763,1,9
295753,295762,295763,1,9
295753,295762,295763,1,9
295753,295762,295763,1,9
295753,295762,295763,1,9
295753,295762,295763,1,9
295753,295762,295763,1,9
295753,295762,295763,1,9
295753,295762,295763,1,9
295753,295762,295763,1,9
295753,295762,295763,1,9
295753,295762,295763,1,9
295753,295762,295763,1,9
295753,295762,295763,1,9
295753,295762,295763,1,9
295753,295762,295763,1,9
295753,295762,295763,1,9
295753,295762,295763,1,9
295753,295762,295763,1,9
295753,295762,295763,1,9
295753,295762,295763,1,9
295753,295762,295764,2,9
295753,295762,295764,2,9
295753,295761,295764,3,8
295753,295761,295763,2,8
295753,295762,295764,2,9
295753,295762,295764,2,9
295753,295762,295764,2,9
295753,295762,295764,2,9
295772,295772,295773,1,0
295772,295772,295773,1,0
295772,295772,295773,1,0
295772,295772,295774,2,0
295772,295772,295773,1,0
295772,295772,295773,1,0
295772,295772,295773,1,0
295772,295772,295773,1,0
295772,295772,295773,1,0
295772,295772,295774,2,0
295772,295772,295773,1,0
295772,295772,295773,1,0
295772,295772,295773,1,0
295772,295772,295773,1,0
295772,295772,295773,1,0
295772,295772,295773,1,0
295772,295772,295773,1,0
295772,295772,295773,1,0
295772,295772,295773,1,0
295772,295772,295773,1,0
295772,295772,295774,2,0
295772,295772,295774,2,0
295772,295772,295774,2,0
295772,295772,295774,2,0
295772,295772,295774,2,0
295772,295772,295775,3,0
295772,295772,295774,2,0
295772,295772,295774,2,0
295772,295772,295774,2,0
295772,295772,295774,2,0
295772,295772,295775,3,0
295772,295772,295774,2,0
295772,295772,295774,2,0
295772,295772,295774,2,0
295772,295772,295774,2,0
295772,295772,295774,2,0
295772,295772,295774,2,0
295772,295772,295774,2,0
295772,295772,295774,2,0
295772,295772,295774,2,0
295772,295772,295774,2,0
295772,295772,295774,2,0
295772,295772,295774,2,0
295772,295772,295774,2,0
295772,295774,295775,1,2
295772,295774,295776,2,2
295772,295774,295776,2,2
295772,295774,295776,2,2
295772,295774,295775,1,2
295772,295774,295775,1,2
295772,295774,295775,1,2
295772,295774,295775,1,2
295772,295774,295776,2,2
295772,295774,295776,2,2
295772,295774,295775,1,2
295772,295774,295776,2,2
295772,295774,295776,2,2
295772,295774,295776,2,2
295772,295774,295776,2,2
295772,295774,295776,2,2
295772,295774,295776,2,2
295772,295774,295776,2,2
295772,295774,295776,2,2
295772,295774,295776,2,2
295772,295774,295776,2,2
295772,295774,295776,2,2
295772,295775,295777,2,3
295772,295774,295776,2,2
295772,295774,295776,2,2
295772,295775,295777,2,3
295772,295775,295777,2,3
295772,295775,295778,3,3
295772,295775,295777,2,3
295772,295775,295777,2,3
295772,295775,295777,2,3
295772,295775,295778,3,3
295772,295775,295777,2,3
295772,295775,295777,2,3
295772,295775,295777,2,3
295772,295775,295777,2,3
295772,295775,295777,2,3
295772,295775,295777,2,3
295772,295775,295777,2,3
295772,295776,295777,1,4
295772,295776,295778,2,4
295772,295776,295778,2,4
295772,295776,295777,1,4
295772,295775,295777,2,3
295772,295775,295777,2,3
295772,295775,295777,2,3
295772,295776,295777,1,4
295772,295776,295778,2,4
295772,295776,295778,2,4
295772,295776,295777,1,4
295772,295776,295778,2,4
295772,295776,295777,1,4
295772,295776,295778,2,4
295772,295776,295778,2,4
295772,295776,295778,2,4
295772,295776,295778,2,4
295772,295776,295778,2,4
295772,295776,295778,2,4
295772,295776,295777,1,4
295772,295776,295778,2,4
295772,295776,295778,2,4
295772,295776,295778,2,4
295772,295775,295777,2,3
295772,295775,295777,2,3
295772,295776,295778,2,4
295772,295776,295778,2,4
295772,295777,295779,2,5
295772,295777,295779,2,5
295772,295777,295779,2,5
295772,295778,295780,2,6
295772,295778,295780,2,6
295772,295778,295780,2,6
295772,295778,295780,2,6
295772,295778,295780,2,6
295772,295778,295780,2,6
295772,295778,295780,2,6
295772,295778,295780,2,6
295772,295778,295780,2,6
295772,295778,295780,2,6
295772,295778,295780,2,6
295772,295778,295780,2,6
295772,295777,295779,2,5
295772,295778,295780,2,6
295772,295778,295780,2,6
295772,295778,295780,2,6
295772,295778,295780,2,6
295772,295778,295780,2,6
295772,295778,295780,2,6
295772,295778,295780,2,6
295772,295778,295780,2,6
295772,295778,295780,2,6
295772,295778,295780,2,6
295772,295778,295780,2,6
295772,295778,295780,2,6
295772,295777,295779,2,5
295772,295778,295780,2,6
295772,295778,295780,2,6
295772,295778,295781,3,6
295772,295778,295781,3,6
295772,295778,295781,3,6
295772,295778,295781,3,6
295772,295778,295781,3,6
295772,295778,295780,2,6
295772,295778,295780,2,6
295772,295778,295781,3,6
295772,295778,295781,3,6
295772,295778,295781,3,6
295772,295779,295781,2,7
295772,295778,295781,3,6
295772,295778,295781,3,6
295772,295778,295781,3,6
295772,295779,295781,2,7
295772,295779,295781,2,7
295772,295780,295782,2,8
295772,295780,295782,2,8
295772,295780,295782,2,8
295772,295780,295782,2,8
295772,295780,295782,2,8
295772,295780,295782,2,8
295772,295780,295782,2,8
295772,295780,295782,2,8
295772,295780,295782,2,8
295772,295781,295782,1,9
295772,295781,295782,1,9
295772,295781,295782,1,9
295772,295781,295782,1,9
295772,295781,295782,1,9
295772,295781,295782,1,9
295772,295781,295782,1,9
295772,295781,295782,1,9
295772,295781,295782,1,9
295772,295781,295782,1,9
295772,295781,295782,1,9
295772,295781,295782,1,9
295772,295781,295782,1,9
295772,295781,295782,1,9
295772,295781,295783,2,9
295772,295780,295783,3,8
295772,295780,295783,3,8
295772,295780,295783,3,8
295772,295781,295783,2,9
295772,295781,295783,2,9
295772,295781,295784,3,9
295772,295781,295784,3,9
295772,295781,295784,3,9
295772,295781,295784,3,9
295772,295781,295784,3,9
295772,295781,295783,2,9
295772,295781,295784,3,9
295772,295781,295784,3,9
295772,295781,295784,3,9
295772,295781,295784,3,9
295772,295782,295784,2,10
295772,295782,295784,2,10
295772,295782,295784,2,10
295772,295782,295784,2,10
295791,295791,295793,2,0
295791,295791,295792,1,0
295791,295791,295793,2,0
295791,295791,295793,2,0
295791,295791,295793,2,0
295791,295791,295793,2,0
295791,295791,295793,2,0
295791,295791,295793,2,0
295791,295791,295793,2,0
295791,295791,295793,2,0
295791,295791,295793,2,0
295791,295791,295793,2,0
295791,295791,295793,2,0
295791,295791,295792,1,0
295791,295791,295793,2,0
295791,295791,295793,2,0
295791,295791,295792,1,0
295791,295791,295793,2,0
295791,295791,295793,2,0
295791,295791,295793,2,0
295791,295791,295793,2,0
295791,295791,295793,2,0
295791,295791,295793,2,0
295791,295791,295794,3,0
295791,295791,295794,3,0
295791,295791,295793,2,0
295791,295791,295793,2,0
295791,295791,295793,2,0
295791,295791,295793,2,0
295791,295791,295793,2,0
295791,295791,295793,2,0
295791,295791,295794,3,0
295791,295791,295793,2,0
295791,295791,295793,2,0
295791,295791,295793,2,0
295791,295791,295794,3,0
295791,295791,295794,3,0
295791,295791,295793,2,0
295791,295791,295793,2,0
295791,295791,295793,2,0
295791,295791,295793,2,0
295791,295791,295793,2,0
295791,295791,295793,2,0
295791,295791,295793,2,0
295791,295793,295794,1,2
295791,295793,295794,1,2
295791,295793,295795,2,2
295791,295793,295795,2,2
295791,295793,295795,2,2
295791,295793,295795,2,2
295791,295793,295795,2,2
295791,295793,295795,2,2
295791,295793,295795,2,2
295791,295793,295795,2,2
295791,295793,295795,2,2
295791,295793,295795,2,2
295791,295793,295795,2,2
295791,295793,295795,2,2
295791,295793,295795,2,2
295791,295793,295795,2,2
295791,295793,295795,2,2
295791,295793,295794,1,2
295791,295793,295795,2,2
295791,295793,295795,2,2
295791,295793,295795,2,2
295791,295793,295795,2,2
295791,295793,295795,2,2
295791,295794,295796,2,3
295791,295794,295796,2,3
295791,295794,295796,2,3
295791,295794,295796,2,3
295791,295794,295796,2,3
295791,295794,295796,2,3
295791,295794,295796,2,3
295791,295794,295797,3,3
295791,295794,295797,3,3
295791,295794,295797,3,3
295791,295794,295797,3,3
295791,295794,295796,2,3
295791,295794,295797,3,3
295791,295794,295797,3,3
295791,295794,295797,3,3
295791,295794,295797,3,3
295791,295794,295797,3,3
295791,295794,295797,3,3
295791,295794,295796,2,3
295791,295794,295797,3,3
295791,295794,295797,3,3
295791,295795,295797,2,4
295791,295795,295797,2,4
295791,295795,295797,2,4
295791,295795,295797,2,4
295791,295795,295797,2,4
295791,295795,295797,2,4
295791,295795,295797,2,4
295791,295795,295797,2,4
295791,295795,295797,2,4
295791,295795,295797,2,4
295791,295795,295797,2,4
295791,295795,295797,2,4
295791,295795,295797,2,4
295791,295795,295797,2,4
295791,295795,295797,2,4
295791,295795,295797,2,4
295791,295795,295797,2,4
295791,295795,295797,2,4
295791,295795,295797,2,4
295791,295795,295797,2,4
295791,295795,295797,2,4
295791,295795,295797,2,4
295791,295795,295798,3,4
295791,295796,295798,2,5
295791,295796,295798,2,5
295791,295797,295798,1,6
295791,295797,295798,1,6
295791,295797,295799,2,6
295791,295797,295798,1,6
295791,295797,295798,1,6
295791,295798,295799,1,7
295791,295798,295799,1,7
295791,295798,295799,1,7
295791,295798,295799,1,7
295791,295798,295799,1,7
295791,295798,295799,1,7
295791,295798,295799,1,7
295791,295798,295799,1,7
295791,295798,295799,1,7
295791,295798,295799,1,7
295791,295798,295799,1,7
295791,295798,295799,1,7
295791,295798,295799,1,7
295791,295798,295799,1,7
295791,295798,295799,1,7
295791,295798,295799,1,7
295791,295798,295799,1,7
295791,295798,295799,1,7
295791,295798,295799,1,7
295791,295798,295799,1,7
295791,295798,295799,1,7
295791,295798,295800,2,7
295791,295798,295800,2,7
295791,295797,295800,3,6
295791,295797,295800,3,6
295791,295797,295800,3,6
295791,295797,295800,3,6
295791,295797,295800,3,6
295791,295798,295800,2,7
295791,295798,295800,2,7
295791,295797,295800,3,6
295791,295798,295800,2,7
295791,295797,295800,3,6
295791,295798,295800,2,7
295791,295798,295800,2,7
295791,295798,295800,2,7
295791,295798,295800,2,7
295791,295799,295801,2,8
295791,295799,295801,2,8
295791,295799,295801,2,8
295791,295800,295801,1,9
295791,295800,295801,1,9
295791,295800,295801,1,9
295791,295800,295801,1,9
295791,295799,295801,2,8
295791,295799,295801,2,8
295791,295800,295801,1,9
295791,295800,295801,1,9
295791,295800,295801,1,9
295791,295800,295801,1,9
295791,295800,295801,1,9
295791,295800,295801,1,9
295791,295800,295801,1,9
295791,295800,295801,1,9
295791,295799,295801,2,8
295791,295799,295801,2,8
295791,295800,295801,1,9
295791,295800,295801,1,9
295791,295800,295801,1,9
295791,295800,295801,1,9
295791,295800,295801,1,9
295791,295800,295801,1,9
295791,295800,295801,1,9
295791,295800,295801,1,9
295791,295801,295803,2,10
295791,295801,295803,2,10
295791,295800,295802,2,9
295791,295800,295802,2,9
295791,295800,295802,2,9
295791,295801,295803,2,10
295791,295801,295803,2,10
295791,295801,295803,2,10
295791,295801,295803,2,10
295791,295801,295803,2,10
295791,295801,295803,2,10
295791,295801,295803,2,10
295791,295801,295803,2,10
295791,295801,295803,2,10
295791,295801,295803,2,10
295791,295801,295803,2,10
295791,295801,295803,2,10
295791,295801,295803,2,10
295810,295811,295812,1,1
295810,295811,295812,1,1
295810,295811,295812,1,1
295810,295811,295812,1,1
295810,295811,295812,1,1
295810,295811,295812,1,1
295810,295811,295812,1,1
295810,295811,295812,1,1
295810,295811,295812,1,1
295810,295811,295812,1,1
295810,295811,295812,1,1
295810,295811,295812,1,1
295810,295811,295812,1,1
295810,295811,295812,1,1
295810,295811,295812,1,1
295810,295811,295812,1,1
295810,295811,295813,2,1
295810,295811,295812,1,1
295810,295811,295812,1,1
295810,295811,295812,1,1
295810,295811,295812,1,1
295810,295811,295812,1,1
295810,295811,295813,2,1
295810,295811,295813,2,1
295810,295811,295813,2,1
295810,295811,295813,2,1
295810,295811,295813,2,1
295810,295811,295813,2,1
295810,295811,295813,2,1
295810,295811,295813,2,1
295810,295811,295813,2,1
295810,295811,295813,2,1
295810,295811,295813,2,1
295810,295811,295813,2,1
295810,295811,295813,2,1
295810,295811,295813,2,1
295810,295811,295813,2,1
295810,295811,295814,3,1
295810,295811,295813,2,1
295810,295811,295813,2,1
295810,295811,295813,2,1
295810,295811,295813,2,1
295810,295811,295813,2,1
295810,295811,295813,2,1
295810,295813,295814,1,3
295810,295813,295814,1,3
295810,295813,295814,1,3
295810,295813,295815,2,3
295810,295813,295815,2,3
295810,295813,295815,2,3
295810,295813,295814,1,3
295810,295813,295814,1,3
295810,295813,295814,1,3
295810,295813,295814,1,3
295810,295813,295814,1,3
295810,295813,295814,1,3
295810,295813,295815,2,3
295810,295813,295814,1,3
295810,295813,295814,1,3
295810,295813,295814,1,3
295810,295813,295814,1,3
295810,295813,295814,1,3
295810,295813,295814,1,3
295810,295813,295814,1,3
295810,295813,295815,2,3
295810,295813,295815,2,3
295810,295814,295816,2,4
295810,295814,295816,2,4
295810,295814,295816,2,4
295810,295814,295816,2,4
295810,295814,295816,2,4
295810,295814,295816,2,4
295810,295814,295817,3,4
295810,295814,295817,3,4
295810,295814,295816,2,4
295810,295814,295816,2,4
295810,295814,295816,2,4
295810,295814,295816,2,4
295810,295814,295816,2,4
295810,295814,295816,2,4
295810,295815,295816,1,5
295810,295815,295816,1,5
295810,295815,295816,1,5
295810,295815,295816,1,5
295810,295814,295816,2,4
295810,295814,295816,2,4
295810,295814,295816,2,4
295810,295815,295817,2,5
295810,295815,295816,1,5
295810,295815,295816,1,5
295810,295815,295817,2,5
295810,295814,295816,2,4
295810,295814,295816,2,4
295810,295814,295816,2,4
295810,295815,295816,1,5
295810,295815,295816,1,5
295810,295815,295817,2,5
295810,295815,295816,1,5
295810,295815,295816,1,5
295810,295815,295817,2,5
295810,295815,295817,2,5
295810,295815,295817,2,5
295810,295815,295817,2,5
295810,295815,295817,2,5
295810,295814,295818,4,4
295810,295814,295817,3,4
295810,295815,295817,2,5
295810,295815,295817,2,5
295810,295815,295817,2,5
295810,295815,295817,2,5
295810,295817,295819,2,7
295810,295817,295819,2,7
295810,295817,295819,2,7
295810,295817,295819,2,7
295810,295817,295819,2,7
295810,295817,295819,2,7
295810,295817,295819,2,7
295810,295817,295819,2,7
295810,295817,295819,2,7
295810,295817,295819,2,7
295810,295817,295820,3,7
295810,295817,295819,2,7
295810,295817,295819,2,7
295810,295817,295819,2,7
295810,295817,295819,2,7
295810,295817,295820,3,7
295810,295817,295820,3,7
295810,295817,295820,3,7
295810,295817,295819,2,7
295810,295817,295819,2,7
295810,295817,295819,2,7
295810,295817,295820,3,7
295810,295817,295820,3,7
295810,295817,295819,2,7
295810,295817,295820,3,7
295810,295817,295820,3,7
295810,295817,295820,3,7
295810,295817,295820,3,7
295810,295817,295820,3,7
295810,295817,295819,2,7
295810,295818,295820,2,8
295810,295817,295820,3,7
295810,295817,295819,2,7
295810,295818,295820,2,8
295810,295817,295819,2,7
295810,295818,295820,2,8
295810,295818,295821,3,8
295810,295819,295821,2,9
295810,295819,295821,2,9
295810,295817,295821,4,7
295810,295817,295821,4,7
295810,295817,295821,4,7
295810,295818,295821,3,8
295810,295817,295820,3,7
295810,295819,295821,2,9
295810,295819,295821,2,9
295810,295819,295821,2,9
295810,295818,295821,3,8
295810,295819,295821,2,9
295810,295819,295821,2,9
295810,295819,295821,2,9
295810,295819,295821,2,9
295810,295817,295821,4,7
295810,295820,295822,2,10
295810,295820,295822,2,10
295810,295820,295822,2,10
295810,295820,295822,2,10
295810,295820,295822,2,10
295810,295820,295822,2,10
295810,295820,295822,2,10
295810,295820,295822,2,10
295810,295820,295822,2,10
295810,295820,295822,2,10
295810,295820,295822,2,10
295810,295820,295822,2,10
295810,295820,295822,2,10
295810,295820,295822,2,10
295810,295820,295822,2,10
295810,295821,295823,2,11
295810,295821,295823,2,11
295810,295820,295823,3,10
295810,295820,295823,3,10
295810,295820,295823,3,10
295810,295820,295822,2,10
295810,295820,295823,3,10
295810,295820,295823,3,10
295810,295820,295823,3,10
295810,295820,295823,3,10
295810,295820,295823,3,10
295810,295820,295823,3,10
295810,295821,295823,2,11
295810,295820,295822,2,10
295810,295820,295822,2,10
295810,295821,295823,2,11
295810,295821,295823,2,11
295810,295821,295823,2,11
295810,295821,295824,3,11
295810,295821,295824,3,11
295810,295821,295824,3,11
295810,295821,295823,2,11
295831,295831,295832,1,0
295831,295831,295832,1,0
295831,295831,295832,1,0
295831,295831,295832,1,0
295831,295831,295832,1,0
295831,295831,295833,2,0
295831,295831,295832,1,0
295831,295831,295832,1,0
295831,295831,295832,1,0
295831,295831,295832,1,0
295831,295831,295832,1,0
295831,295831,295832,1,0
295831,295831,295832,1,0
295831,295831,295832,1,0
295831,295831,295832,1,0
295831,295831,295833,2,0
295831,295831,295833,2,0
295831,295831,295833,2,0
295831,295831,295833,2,0
295831,295831,295833,2,0
295831,295831,295833,2,0
295831,295831,295834,3,0
295831,295831,295834,3,0
295831,295831,295833,2,0
295831,295831,295834,3,0
295831,295831,295834,3,0
295831,295831,295834,3,0
295831,295831,295833,2,0
295831,295831,295834,3,0
295831,295831,295833,2,0
295831,295831,295833,2,0
295831,295831,295833,2,0
295831,295831,295833,2,0
295831,295831,295833,2,0
295831,295831,295833,2,0
295831,295831,295833,2,0
295831,295831,295833,2,0
295831,295831,295833,2,0
295831,295831,295833,2,0
295831,295833,295834,1,2
295831,295833,295835,2,2
295831,295833,295835,2,2
295831,295833,295835,2,2
295831,295833,295834,1,2
295831,295831,295834,3,0
295831,295831,295834,3,0
295831,295831,295834,3,0
295831,295831,295834,3,0
295831,295833,295834,1,2
295831,295833,295835,2,2
295831,295833,295834,1,2
295831,295833,295835,2,2
295831,295831,295835,4,0
295831,295833,295835,2,2
295831,295833,295835,2,2
295831,295833,295835,2,2
295831,295833,295835,2,2
295831,295834,295836,2,3
295831,295834,295836,2,3
295831,295834,295836,2,3
295831,295833,295835,2,2
295831,295834,295836,2,3
295831,295833,295835,2,2
295831,295834,295837,3,3
295831,295834,295837,3,3
295831,295834,295836,2,3
295831,295834,295836,2,3
295831,295834,295836,2,3
295831,295834,295837,3,3
295831,295834,295836,2,3
295831,295834,295836,2,3
295831,295834,295836,2,3
295831,295834,295837,3,3
295831,295834,295836,2,3
295831,295834,295836,2,3
295831,295834,295837,3,3
295831,295834,295836,2,3
295831,295834,295836,2,3
295831,295835,295838,3,4
295831,295835,295837,2,4
295831,295834,295837,3,3
295831,295834,295838,4,3
295831,295834,295837,3,3
295831,295835,295838,3,4
295831,295835,295837,2,4
295831,295836,295838,2,5
295831,295834,295838,4,3
295831,295835,295838,3,4
295831,295835,295837,2,4
295831,295836,295838,2,5
295831,295835,295838,3,4
295831,295835,295837,2,4
295831,295836,295838,2,5
295831,295835,295838,3,4
295831,295835,295838,3,4
295831,295835,295838,3,4
295831,295835,295837,2,4
295831,295836,295838,2,5
295831,295836,295838,2,5
295831,295836,295838,2,5
295831,295834,295839,5,3
295831,295835,295838,3,4
295831,295836,295838,2,5
295831,295836,295838,2,5
295831,295836,295838,2,5
295831,295836,295839,3,5
295831,295835,295839,4,4
295831,295837,295840,3,6
295831,295838,295840,2,7
295831,295837,295840,3,6
295831,295838,295840,2,7
295831,295838,295841,3,7
295831,295837,295840,3,6
295831,295838,295841,3,7
295831,295838,295841,3,7
295831,295837,295841,4,6
295831,295838,295841,3,7
295831,295838,295840,2,7
295831,295838,295841,3,7
295831,295838,295841,3,7
295831,295838,295841,3,7
295831,295837,295841,4,6
295831,295838,295841,3,7
295831,295838,295840,2,7
295831,295838,295840,2,7
295831,295838,295840,2,7
295831,295837,295842,5,6
295831,295837,295841,4,6
295831,295837,295841,4,6
295831,295837,295841,4,6
295831,295838,295842,4,7
295831,295839,295842,3,8
295831,295837,295841,4,6
295831,295837,295841,4,6
295831,295837,295841,4,6
295831,295837,295841,4,6
295831,295837,295841,4,6
295831,295837,295842,5,6
295831,295838,295842,4,7
295831,295838,295842,4,7
295831,295838,295842,4,7
295831,295839,295842,3,8
295831,295839,295842,3,8
295831,295839,295842,3,8
295831,295841,295843,2,10
295831,295839,295843,4,8
295831,295839,295843,4,8
295831,295838,295843,5,7
295831,295840,295843,3,9
295831,295839,295843,4,8
295831,295840,295843,3,9
295831,295841,295843,2,10
295831,295840,295843,3,9
295831,295839,295843,4,8
295831,295841,295843,2,10
295831,295840,295844,4,9
295831,295841,295844,3,10
295831,295841,295844,3,10
295831,295841,295844,3,10
295831,295841,295844,3,10
295831,295841,295844,3,10
295831,295838,295844,6,7
295831,295840,295843,3,9
295831,295841,295844,3,10
295831,295841,295845,4,10
295831,295841,295844,3,10
295831,295841,295844,3,10
295831,295841,295845,4,10
295831,295842,295845,3,11
295831,295842,295846,4,11
295831,295843,295846,3,12
295831,295842,295846,4,11
295831,295842,295846,4,11
295831,295843,295846,3,12
295831,295843,295846,3,12
295831,295843,295846,3,12
295831,295842,295846,4,11
295831,295843,295846,3,12
295831,295842,295847,5,11
295831,295842,295847,5,11
295831,295843,295847,4,12
295831,295844,295847,3,13
295831,295844,295847,3,13
295831,295842,295846,4,11
295831,295841,295847,6,10
295831,295841,295847,6,10
295831,295843,295846,3,12
295831,295842,295846,4,11
295831,295842,295848,6,11
295831,295843,295848,5,12
295831,295842,295848,6,11
295831,295842,295848,6,11
295831,295843,295848,5,12
295831,295842,295848,6,11
295831,295842,295848,6,11
295831,295844,295848,4,13
295831,295842,295848,6,11
295831,295842,295848,6,11
295831,295842,295849,7,11
295831,295842,295849,7,11
295856,295856,295858,2,0
295856,295856,295858,2,0
295856,295856,295858,2,0
295856,295856,295858,2,0
295856,295856,295858,2,0
295856,295856,295858,2,0
295856,295856,295858,2,0
295856,295856,295858,2,0
295856,295856,295858,2,0
295856,295856,295858,2,0
295856,295856,295858,2,0
295856,295856,295858,2,0
295856,295856,295858,2,0
295856,295856,295859,3,0
295856,295856,295859,3,0
295856,295856,295859,3,0
295856,295856,295859,3,0
295856,295856,295859,3,0
295856,295856,295859,3,0
295856,295856,295858,2,0
295856,295856,295858,2,0
295856,295856,295859,3,0
295856,295856,295858,2,0
295856,295856,295858,2,0
295856,295856,295858,2,0
295856,295856,295858,2,0
295856,295856,295858,2,0
295856,295856,295860,4,0
295856,295856,295860,4,0
295856,295856,295860,4,0
295856,295856,295860,4,0
295856,295856,295860,4,0
295856,295856,295860,4,0
295856,295856,295860,4,0
295856,295856,295860,4,0
295856,295856,295860,4,0
295856,295856,295860,4,0
295856,295856,295860,4,0
295856,295856,295860,4,0
295856,295856,295860,4,0
295856,295856,295860,4,0
295856,295858,295860,2,2
295856,295858,295860,2,2
295856,295858,295860,2,2
295856,295856,295860,4,0
295856,295856,295860,4,0
295856,295858,295860,2,2
295856,295858,295861,3,2
295856,295856,295860,4,0
295856,295858,295861,3,2
295856,295858,295861,3,2
295856,295858,295861,3,2
295856,295858,295861,3,2
295856,295858,295861,3,2
295856,295858,295861,3,2
295856,295858,295861,3,2
295856,295859,295861,2,3
295856,295859,295863,4,3
295856,295859,295863,4,3
295856,295859,295863,4,3
295856,295859,295863,4,3
295856,295859,295862,3,3
295856,295860,295863,3,4
295856,295860,295862,2,4
295856,295859,295863,4,3
295856,295859,295863,4,3
295856,295859,295863,4,3
295856,295860,295864,4,4
295856,295859,295864,5,3
295856,295860,295864,4,4
295856,295859,295864,5,3
295856,295860,295864,4,4
295856,295859,295864,5,3
295856,295860,295864,4,4
295856,295860,295864,4,4
295856,295860,295864,4,4
295856,295859,295864,5,3
295856,295860,295865,5,4
295856,295859,295865,6,3
295856,295859,295865,6,3
295856,295860,295865,5,4
295856,295860,295865,5,4
295856,295860,295865,5,4
295856,295860,295865,5,4
295856,295860,295865,5,4
295856,295860,295865,5,4
295856,295862,295865,3,6
295856,295862,295865,3,6
295856,295862,295865,3,6
295856,295861,295865,4,5
295856,295862,295865,3,6
295856,295860,295865,5,4
295856,295862,295865,3,6
295856,295861,295866,5,5
295856,295862,295865,3,6
295856,295861,295865,4,5
295856,295860,295866,6,4
295856,295861,295866,5,5
295856,295864,295866,2,8
295856,295864,295867,3,8
295856,295864,295866,2,8
295856,295864,295866,2,8
295856,295864,295867,3,8
295856,295864,295866,2,8
295856,295864,295866,2,8
295856,295864,295866,2,8
295856,295861,295867,6,5
295856,295862,295867,5,6
295856,295865,295867,2,9
295856,295864,295867,3,8
295856,295864,295867,3,8
295856,295861,295868,7,5
295856,295864,295868,4,8
295856,295865,295868,3,9
295856,295864,295868,4,8
295856,295867,295869,2,11
295856,295864,295869,5,8
295856,295865,295869,4,9
295856,295866,295869,3,10
295856,295866,295869,3,10
295856,295866,295869,3,10
295856,295867,295869,2,11
295856,295866,295870,4,10
295856,295866,295869,3,10
295856,295867,295869,2,11
295856,295866,295870,4,10
295856,295866,295869,3,10
295856,295867,295869,2,11
295856,295866,295869,3,10
295856,295866,295869,3,10
295856,295866,295870,4,10
295856,295867,295869,2,11
295856,295865,295870,5,9
295856,295866,295871,5,10
295856,295866,295871,5,10
295856,295865,295870,5,9
295856,295866,295871,5,10
295856,295867,295870,3,11
295856,295865,295871,6,9
295856,295866,295871,5,10
295856,295867,295871,4,11
295856,295865,295871,6,9
295856,295865,295872,7,9
295856,295866,295872,6,10
295856,295866,295872,6,10
295856,295866,295872,6,10
295856,295866,295872,6,10
295856,295870,295873,3,14
295856,295870,295872,2,14
295856,295871,295874,3,15
295856,295871,295874,3,15
295856,295871,295873,2,15
295856,295867,295874,7,11
295856,295870,295873,3,14
295856,295870,295873,3,14
295856,295870,295873,3,14
295856,295870,295873,3,14
295856,295868,295873,5,12
295856,295870,295874,4,14
295856,295870,295873,3,14
295856,295870,295873,3,14
295856,295867,295873,6,11
295856,295869,295874,5,13
295856,295870,295874,4,14
295856,295867,295873,6,11
295856,295868,295873,5,12
295856,295870,295873,3,14
295856,295867,295874,7,11
295856,295869,295875,6,13
295856,295871,295874,3,15
295856,295871,295874,3,15
295856,295871,295874,3,15
295856,295868,295875,7,12
295856,295872,295875,3,16
295856,295869,295875,6,13
295856,295870,295874,4,14
295856,295870,295874,4,14
295856,295870,295874,4,14
295856,295873,295875,2,17
295856,295869,295875,6,13
295856,295873,295875,2,17
295856,295873,295875,2,17
295856,295873,295875,2,17
295856,295869,295875,6,13
295856,295872,295875,3,16
295856,295870,295876,6,14
295856,295873,295876,3,17
295856,295872,295875,3,16
295856,295872,295875,3,16
295856,295874,295876,2,18
295856,295874,295876,2,18
295856,295874,295876,2,18
295856,295874,295876,2,18
295856,295873,295875,2,17
295856,295867,295876,9,11
295856,295873,295876,3,17
295856,295870,295876,6,14
295856,295874,295876,2,18
295856,295874,295876,2,18
295856,295874,295876,2,18
295884,295884,295886,2,0
287298,287298,296477,9179,0
296592,296592,296596,4,0
296592,296592,296597,5,0
296592,296592,296596,4,0
296592,296592,296597,5,0
296592,296592,296598,6,0
296592,296592,296597,5,0
296592,296592,296598,6,0
296592,296592,296598,6,0
296592,296592,296598,6,0
296592,296592,296597,5,0
296592,296592,296598,6,0
296592,296592,296598,6,0
296592,296592,296598,6,0
296592,296592,296599,7,0
296592,296592,296599,7,0
296592,296592,296599,7,0
296592,296592,296600,8,0
296592,296592,296599,7,0
296592,296592,296599,7,0
296592,296592,296600,8,0
296592,296592,296599,7,0
296592,296592,296599,7,0
296592,296592,296599,7,0
296592,296592,296600,8,0
296592,296592,296601,9,0
296592,296592,296601,9,0
296592,296592,296602,10,0
296592,296592,296601,9,0
296592,296592,296601,9,0
296592,296592,296602,10,0
296592,296592,296603,11,0
296592,296592,296602,10,0
296592,296592,296603,11,0
296592,296597,296603,6,5
296592,296592,296603,11,0
296592,296592,296603,11,0
296592,296592,296603,11,0
296592,296592,296604,12,0
296592,296597,296604,7,5
296592,296599,296604,5,7
296592,296598,296604,6,6
296592,296597,296604,7,5
296592,296598,296603,5,6
296592,296596,296604,8,4
296592,296598,296604,6,6
296592,296599,296604,5,7
296592,296592,296605,13,0
296592,296592,296605,13,0
296592,296598,296605,7,6
296592,296598,296605,7,6
296592,296600,296604,4,8
296592,296599,296604,5,7
296592,296600,296605,5,8
296592,296598,296605,7,6
296592,296600,296606,6,8
296592,296601,296606,5,9
296592,296592,296606,14,0
296592,296598,296606,8,6
296592,296592,296606,14,0
296592,296600,296606,6,8
296592,296603,296606,3,11
296592,296604,296606,2,12
296592,296604,296606,2,12
296592,296598,296607,9,6
296592,296592,296607,15,0
296592,296602,296607,5,10
296592,296604,296607,3,12
296592,296592,296606,14,0
296592,296598,296607,9,6
296592,296600,296607,7,8
296592,296605,296607,2,13
296592,296605,296607,2,13
296592,296602,296607,5,10
296592,296592,296606,14,0
296592,296600,296607,7,8
296592,296602,296607,5,10
296592,296603,296607,4,11
296592,296604,296607,3,12
296592,296604,296607,3,12
296592,296604,296607,3,12
296592,296604,296607,3,12
296592,296603,296607,4,11
296592,296604,296607,3,12
296592,296602,296607,5,10
296592,296603,296608,5,11
296592,296604,296607,3,12
296592,296600,296608,8,8
296592,296603,296608,5,11
296592,296607,296608,1,15
296592,296604,296608,4,12
296592,296604,296609,5,12
296592,296603,296609,6,11
296592,296605,296609,4,13
296592,296605,296609,4,13
296592,296606,296609,3,14
296592,296608,296609,1,16
296592,296605,296609,4,13
296592,296607,296609,2,15
296592,296608,296611,3,16
296592,296608,296610,2,16
296592,296605,296610,5,13
296592,296606,296610,4,14
296592,296609,296611,2,17
296592,296606,296610,4,14
296592,296600,296610,10,8
296592,296607,296611,4,15
296592,296606,296611,5,14
296592,296607,296611,4,15
296592,296607,296611,4,15
296592,296608,296611,3,16
296592,296609,296611,2,17
296592,296609,296611,2,17
296592,296606,296612,6,14
296592,296606,296612,6,14
296592,296607,296612,5,15
296592,296607,296612,5,15
296592,296607,296612,5,15
296592,296606,296612,6,14
296592,296607,296612,5,15
296592,296607,296612,5,15
296592,296607,296612,5,15
296592,296608,296612,4,16
296592,296608,296612,4,16
296592,296608,296612,4,16
296592,296608,296613,5,16
296592,296608,296613,5,16
296592,296608,296613,5,16
296592,296606,296613,7,14
296592,296606,296613,7,14
296592,296609,296613,4,17
296592,296609,296613,4,17
296592,296610,296613,3,18
296592,296608,296613,5,16
296592,296608,296613,5,16
296592,296608,296613,5,16
296592,296610,296613,3,18
296592,296610,296614,4,18
296592,296610,296613,3,18
296592,296610,296614,4,18
296592,296610,296613,3,18
296592,296610,296614,4,18
296592,296611,296614,3,19
296592,296611,296614,3,19
296592,296611,296614,3,19
296592,296611,296614,3,19
296592,296611,296614,3,19
296592,296611,296615,4,19
296592,296612,296616,4,20
296592,296612,296616,4,20
296592,296611,296616,5,19
296592,296608,296617,9,16
296592,296614,296617,3,22
296592,296614,296617,3,22
296592,296614,296618,4,22
296592,296614,296618,4,22
296592,296613,296618,5,21
296592,296613,296618,5,21
296592,296611,296619,8,19
296592,296614,296620,6,22
296592,296614,296620,6,22
296592,296613,296620,7,21
296592,296614,296619,5,22
296592,296613,296620,7,21
296592,296612,296619,7,20
296592,296614,296619,5,22
296592,296614,296620,6,22
296592,296613,296620,7,21
296592,296614,296620,6,22
296592,296613,296622,9,21
296592,296613,296621,8,21
296592,296613,296621,8,21
296592,296614,296621,7,22
296592,296613,296622,9,21
296592,296612,296622,10,20
296592,296613,296622,9,21
296592,296612,296621,9,20
296592,296614,296622,8,22
296592,296615,296621,6,23
296592,296615,296621,6,23
296592,296613,296622,9,21
296592,296613,296622,9,21
296592,296614,296622,8,22
296592,296615,296622,7,23
296592,296614,296622,8,22
296592,296614,296622,8,22
296592,296613,296623,10,21
296592,296615,296623,8,23
296592,296618,296623,5,26
296592,296619,296623,4,27
296592,296615,296624,9,23
296592,296618,296624,6,26
296592,296619,296625,6,27
296592,296618,296624,6,26
296592,296617,296625,8,25
296592,296615,296625,10,23
296592,296617,296625,8,25
296592,296617,296626,9,25
296592,296612,296626,14,20
296592,296617,296630,13,25
296592,296616,296630,14,24
296638,296638,296641,3,0
296638,296638,296643,5,0
296638,296638,296643,5,0
296638,296638,296643,5,0
296638,296638,296643,5,0
296638,296638,296642,4,0
296638,296638,296643,5,0
296638,296638,296644,6,0
296638,296638,296644,6,0
296638,296638,296644,6,0
296638,296638,296644,6,0
296638,296638,296644,6,0
296638,296638,296645,7,0
296638,296638,296645,7,0
296638,296638,296644,6,0
296638,296638,296645,7,0
296638,296638,296646,8,0
296638,296638,296645,7,0
296638,296638,296646,8,0
296638,296638,296646,8,0
296638,296638,296645,7,0
296638,296638,296646,8,0
296638,296638,296647,9,0
296638,296643,296647,4,5
296638,296638,296647,9,0
296638,296638,296647,9,0
296638,296642,296646,4,4
296638,296643,296646,3,5
296638,296638,296647,9,0
296638,296638,296647,9,0
296638,296644,296647,3,6
296638,296638,296647,9,0
296638,296638,296646,8,0
296638,296643,296647,4,5
287298,287298,296647,9349,0
296638,296638,296648,10,0
296638,296644,296648,4,6
296638,296638,296648,10,0
296638,296638,296648,10,0
296638,296638,296648,10,0
296638,296638,296647,9,0
296638,296643,296647,4,5
296638,296638,296647,9,0
296638,296643,296647,4,5
296638,296646,296648,2,8
296638,296638,296648,10,0
296638,296643,296647,4,5
296638,296646,296649,3,8
296638,296646,296649,3,8
296638,296646,296649,3,8
296638,296646,296649,3,8
296638,296645,296649,4,7
296638,296646,296649,3,8
296638,296638,296648,10,0
296638,296645,296649,4,7
296638,296644,296649,5,6
296638,296645,296649,4,7
296638,296638,296649,11,0
296638,296645,296649,4,7
296638,296638,296649,11,0
296638,296645,296649,4,7
296638,296645,296649,4,7
296638,296647,296649,2,9
296638,296638,296650,12,0
296638,296638,296650,12,0
296638,296647,296650,3,9
296638,296647,296650,3,9
296638,296638,296650,12,0
296638,296638,296651,13,0
296638,296648,296651,3,10
296638,296638,296651,13,0
296638,296648,296650,2,10
296638,296648,296651,3,10
296638,296648,296651,3,10
296638,296649,296652,3,11
296638,296649,296652,3,11
296638,296649,296652,3,11
296638,296649,296652,3,11
296638,296648,296652,4,10
296638,296647,296652,5,9
296638,296648,296652,4,10
296638,296647,296652,5,9
296638,296647,296652,5,9
296638,296647,296652,5,9
296638,296647,296652,5,9
296638,296648,296652,4,10
296638,296648,296652,4,10
296638,296648,296653,5,10
296638,296649,296653,4,11
296638,296649,296652,3,11
296638,296648,296653,5,10
296638,296649,296652,3,11
296638,296649,296653,4,11
296638,296648,296653,5,10
296638,296648,296653,5,10
296638,296647,296653,6,9
296638,296647,296653,6,9
296638,296649,296653,4,11
296638,296647,296654,7,9
296638,296647,296654,7,9
296638,296652,296654,2,14
296638,296653,296654,1,15
296638,296653,296655,2,15
296638,296650,296654,4,12
296638,296650,296654,4,12
296638,296649,296654,5,11
296638,296652,296654,2,14
296638,296652,296655,3,14
296638,296652,296655,3,14
296638,296650,296655,5,12
296638,296649,296656,7,11
296638,296653,296655,2,15
296638,296651,296655,4,13
296638,296653,296655,2,15
296638,296653,296655,2,15
296638,296653,296655,2,15
296638,296652,296655,3,14
296638,296650,296656,6,12
296638,296652,296656,4,14
296638,296652,296656,4,14
296638,296649,296656,7,11
296638,296649,296656,7,11
296638,296651,296656,5,13
296638,296649,296656,7,11
296638,296649,296656,7,11
296638,296651,296656,5,13
296638,296653,296656,3,15
296638,296650,296656,6,12
296638,296652,296657,5,14
296638,296649,296657,8,11
296638,296654,296658,4,16
296638,296655,296659,4,17
296638,296656,296658,2,18
296638,296655,296658,3,17
296638,296653,296659,6,15
296638,296653,296659,6,15
296638,296655,296659,4,17
296638,296655,296659,4,17
296638,296653,296659,6,15
296638,296655,296659,4,17
296638,296656,296659,3,18
296638,296655,296660,5,17
296638,296655,296659,4,17
296638,296655,296659,4,17
296638,296656,296660,4,18
296638,296653,296660,7,15
296638,296653,296660,7,15
296638,296655,296660,5,17
296638,296655,296660,5,17
296638,296654,296660,6,16
296638,296655,296660,5,17
296638,296656,296660,4,18
296638,296656,296660,4,18
296638,296654,296661,7,16
296638,296656,296661,5,18
296638,296653,296662,9,15
296638,296653,296662,9,15
296638,296656,296662,6,18
296638,296660,296662,2,22
296638,296656,296662,6,18
296638,296659,296662,3,21
296638,296660,296663,3,22
296638,296660,296663,3,22
296638,296659,296662,3,21
296638,296660,296663,3,22
296638,296653,296663,10,15
296638,296657,296663,6,19
296638,296660,296663,3,22
296638,296657,296663,6,19
296638,296659,296664,5,21
296638,296660,296663,3,22
296638,296659,296663,4,21
296638,296660,296663,3,22
296638,296660,296663,3,22
296638,296661,296664,3,23
296638,296660,296664,4,22
296638,296660,296664,4,22
296638,296657,296664,7,19
296638,296657,296664,7,19
296638,296661,296664,3,23
296638,296657,296664,7,19
296638,296658,296664,6,20
296638,296653,296665,12,15
296638,296657,296665,8,19
296638,296657,296665,8,19
296638,296658,296665,7,20
296638,296657,296665,8,19
296638,296657,296665,8,19
296638,296656,296666,10,18
296638,296657,296666,9,19
296638,296661,296667,6,23
296638,296661,296667,6,23
296638,296661,296667,6,23
296638,296661,296668,7,23
296638,296663,296669,6,25
296638,296661,296668,7,23
296638,296661,296669,8,23
296638,296662,296668,6,24
296638,296661,296668,7,23
296638,296663,296669,6,25
296638,296662,296671,9,24
296679,296679,296681,2,0
296679,296679,296682,3,0
296679,296679,296683,4,0
296679,296679,296683,4,0
296679,296679,296682,3,0
296679,296679,296682,3,0
296679,296679,296682,3,0
296679,296679,296683,4,0
296679,296679,296683,4,0
296679,296679,296682,3,0
296679,296679,296683,4,0
296679,296679,296684,5,0
296679,296679,296684,5,0
296679,296679,296684,5,0
296679,296679,296684,5,0
296679,296679,296683,4,0
296679,296679,296684,5,0
296679,296679,296684,5,0
296679,296679,296684,5,0
296679,296679,296684,5,0
296679,296679,296686,7,0
296679,296679,296685,6,0
296679,296679,296685,6,0
296679,296679,296685,6,0
296679,296683,296685,2,4
296679,296683,296686,3,4
296679,296682,296686,4,3
296679,296679,296687,8,0
296679,296679,296686,7,0
296679,296679,296686,7,0
296679,296679,296686,7,0
296679,296679,296687,8,0
296679,296683,296686,3,4
296679,296683,296686,3,4
296679,296679,296687,8,0
296679,296679,296688,9,0
296679,296679,296688,9,0
296679,296679,296688,9,0
296679,296679,296689,10,0
296679,296679,296690,11,0
296679,296679,296689,10,0
296679,296683,296689,6,4
296679,296685,296689,4,6
296679,296679,296690,11,0
296679,296679,296690,11,0
296679,296679,296690,11,0
296679,296679,296690,11,0
296679,296679,296690,11,0
296679,296679,296690,11,0
296679,296687,296691,4,8
296679,296679,296691,12,0
296679,296683,296691,8,4
296679,296684,296690,6,5
296679,296684,296691,7,5
296679,296683,296690,7,4
296679,296684,296690,6,5
296679,296687,296690,3,8
296679,296685,296690,5,6
296679,296686,296690,4,7
296679,296687,296691,4,8
296679,296687,296692,5,8
296679,296679,296692,13,0
296679,296685,296691,6,6
296679,296688,296692,4,9
296679,296688,296692,4,9
296679,296687,296692,5,8
296679,296686,296691,5,7
296679,296685,296691,6,6
296679,296684,296691,7,5
296679,296684,296691,7,5
296679,296684,296692,8,5
296679,296687,296692,5,8
296679,296683,296692,9,4
296679,296683,296693,10,4
296679,296688,296692,4,9
296679,296687,296693,6,8
296679,296688,296692,4,9
296679,296686,296693,7,7
296679,296691,296693,2,12
296679,296691,296693,2,12
296679,296691,296693,2,12
296679,296691,296693,2,12
296679,296691,296693,2,12
296679,296691,296693,2,12
296679,296690,296693,3,11
296679,296691,296693,2,12
296679,296691,296693,2,12
296679,296690,296693,3,11
296679,296691,296693,2,12
296679,296686,296694,8,7
296679,296686,296694,8,7
296679,296690,296694,4,11
296679,296689,296693,4,10
296679,296691,296693,2,12
296679,296692,296694,2,13
296679,296692,296694,2,13
296679,296686,296693,7,7
296679,296690,296694,4,11
296679,296691,296695,4,12
296679,296691,296694,3,12
296679,296691,296694,3,12
296679,296691,296695,4,12
296679,296692,296695,3,13
296679,296691,296694,3,12
296679,296691,296695,4,12
296679,296692,296695,3,13
296679,296691,296694,3,12
296679,296692,296695,3,13
296679,296686,296696,10,7
296679,296692,296696,4,13
296679,296692,296696,4,13
296679,296693,296696,3,14
296679,296692,296696,4,13
296679,296693,296696,3,14
296679,296692,296696,4,13
296679,296694,296697,3,15
296679,296693,296697,4,14
296679,296693,296697,4,14
296679,296693,296696,3,14
296679,296693,296697,4,14
296679,296693,296697,4,14
296679,296693,296697,4,14
296679,296692,296697,5,13
296679,296693,296697,4,14
296679,296694,296698,4,15
296679,296693,296698,5,14
296679,296694,296697,3,15
296679,296693,296698,5,14
296679,296694,296698,4,15
296679,296693,296698,5,14
296679,296693,296697,4,14
296679,296693,296698,5,14
296679,296693,296698,5,14
296679,296693,296699,6,14
296679,296694,296698,4,15
296679,296693,296699,6,14
296679,296693,296699,6,14
296679,296693,296700,7,14
296679,296697,296701,4,18
296679,296697,296701,4,18
296679,296697,296701,4,18
296679,296696,296701,5,17
296679,296697,296701,4,18
296679,296694,296702,8,15
296679,296697,296702,5,18
296679,296697,296702,5,18
296679,296697,296702,5,18
296679,296696,296702,6,17
296679,296697,296702,5,18
296679,296695,296703,8,16
296679,296694,296703,9,15
296679,296697,296702,5,18
296679,296697,296702,5,18
296679,296695,296703,8,16
296679,296696,296703,7,17
296679,296696,296703,7,17
296679,296696,296703,7,17
296679,296695,296704,9,16
296679,296695,296704,9,16
296679,296698,296704,6,19
296679,296695,296705,10,16
296679,296695,296705,10,16
296679,296695,296705,10,16
296679,296695,296705,10,16
296679,296695,296705,10,16
296679,296694,296705,11,15
296679,296698,296705,7,19
296679,296695,296706,11,16
296679,296703,296706,3,24
296679,296698,296706,8,19
296679,296702,296706,4,23
296679,296702,296707,5,23
296679,296702,296706,4,23
296679,296696,296707,11,17
296679,296702,296707,5,23
296679,296699,296707,8,20
296679,296701,296707,6,22
296679,296703,296707,4,24
296679,296703,296707,4,24
296679,296701,296707,6,22
296679,296703,296707,4,24
296679,296695,296708,13,16
296679,296700,296707,7,21
296679,296703,296708,5,24
296679,296699,296708,9,20
296679,296700,296708,8,21
296679,296703,296708,5,24
296679,296703,296708,5,24
296679,296703,296708,5,24
296679,296703,296708,5,24
296679,296698,296709,11,19
296679,296698,296709,11,19
296679,296699,296709,10,20
296679,296703,296709,6,24
296679,296698,296710,12,19
296679,296698,296709,11,19
296679,296698,296712,14,19
296679,296698,296712,14,19
296679,296704,296712,8,25
296679,296704,296713,9,25
296720,296720,296725,5,0
296720,296720,296726,6,0
296720,296720,296726,6,0
296720,296720,296726,6,0
296720,296720,296727,7,0
296720,296720,296727,7,0
296720,296720,296727,7,0
296720,296720,296727,7,0
296720,296720,296727,7,0
296720,296720,296727,7,0
296720,296720,296727,7,0
296720,296720,296726,6,0
296720,296720,296728,8,0
296720,296720,296728,8,0
296720,296720,296727,7,0
296720,296720,296728,8,0
296720,296720,296728,8,0
296720,296720,296729,9,0
296720,296720,296729,9,0
296720,296720,296729,9,0
296720,296720,296729,9,0
296720,296720,296729,9,0
296720,296720,296729,9,0
296720,296720,296729,9,0
296720,296720,296730,10,0
296720,296720,296730,10,0
296720,296720,296731,11,0
296720,296720,296732,12,0
296720,296720,296732,12,0
296720,296725,296733,8,5
296720,296720,296733,13,0
296720,296720,296733,13,0
296720,296720,296733,13,0
296720,296720,296734,14,0
296720,296720,296734,14,0
296720,296720,296734,14,0
296720,296720,296734,14,0
296720,296726,296734,8,6
296720,296728,296734,6,8
296720,296720,296734,14,0
296720,296720,296735,15,0
296720,296720,296735,15,0
296720,296727,296735,8,7
296720,296727,296735,8,7
296720,296730,296735,5,10
296720,296720,296735,15,0
296720,296729,296735,6,9
296720,296720,296736,16,0
296720,296727,296736,9,7
296720,296732,296736,4,12
296720,296720,296736,16,0
296720,296728,296736,8,8
296720,296729,296736,7,9
296720,296730,296736,6,10
296720,296727,296736,9,7
296720,296729,296736,7,9
296720,296729,296736,7,9
296720,296729,296736,7,9
296720,296727,296736,9,7
296720,296728,296736,8,8
296720,296731,296736,5,11
296720,296733,296737,4,13
296720,296729,296737,8,9
296720,296727,296737,10,7
296720,296728,296737,9,8
296720,296732,296738,6,12
296720,296727,296738,11,7
296720,296729,296738,9,9
296720,296727,296738,11,7
296720,296734,296738,4,14
296720,296728,296738,10,8
296720,296734,296738,4,14
296720,296734,296738,4,14
296720,296727,296738,11,7
296720,296727,296739,12,7
296720,296734,296739,5,14
296720,296734,296739,5,14
296720,296735,296739,4,15
296720,296733,296739,6,13
296720,296734,296740,6,14
296720,296735,296740,5,15
296720,296733,296740,7,13
296720,296733,296740,7,13
296720,296734,296740,6,14
296720,296737,296741,4,17
296720,296720,296742,22,0
296720,296735,296742,7,15
296720,296720,296742,22,0
296720,296737,296742,5,17
296720,296737,296742,5,17
296720,296737,296742,5,17
296720,296739,296742,3,19
296720,296737,296742,5,17
296720,296738,296743,5,18
296720,296738,296743,5,18
296720,296738,296743,5,18
296720,296739,296743,4,19
296720,296739,296744,5,19
296720,296736,296744,8,16
296720,296738,296743,5,18
296720,296739,296744,5,19
296720,296737,296743,6,17
296720,296739,296743,4,19
296720,296737,296743,6,17
296720,296737,296743,6,17
296720,296737,296743,6,17
296720,296739,296744,5,19
296720,296739,296744,5,19
296720,296738,296744,6,18
296720,296737,296745,8,17
296720,296737,296745,8,17
296720,296736,296745,9,16
296720,296736,296745,9,16
296720,296736,296745,9,16
296720,296736,296747,11,16
296720,296739,296747,8,19
296720,296740,296747,7,20
296720,296736,296748,12,16
296720,296736,296748,12,16
296720,296744,296748,4,24
296720,296744,296749,5,24
296720,296744,296748,4,24
296720,296744,296748,4,24
296720,296743,296748,5,23
296720,296740,296750,10,20
296720,296743,296749,6,23
296720,296741,296749,8,21
296720,296743,296749,6,23
296720,296744,296750,6,24
296720,296743,296750,7,23
296720,296744,296751,7,24
296720,296742,296751,9,22
296720,296740,296751,11,20
296720,296740,296751,11,20
296720,296743,296751,8,23
296720,296744,296752,8,24
296720,296744,296751,7,24
296720,296744,296751,7,24
296720,296744,296751,7,24
296720,296743,296751,8,23
296720,296741,296752,11,21
296720,296740,296752,12,20
296720,296741,296754,13,21
296720,296743,296753,10,23
296720,296741,296753,12,21
296720,296741,296753,12,21
296720,296746,296753,7,26
296720,296743,296754,11,23
296720,296748,296755,7,28
296720,296744,296755,11,24
296720,296751,296756,5,31
296720,296744,296755,11,24
296720,296750,296756,6,30
296720,296748,296755,7,28
296720,296750,296755,5,30
296720,296751,296755,4,31
296720,296746,296757,11,26
296720,296749,296756,7,29
296720,296750,296756,6,30
296720,296744,296757,13,24
296720,296749,296757,8,29
296720,296751,296757,6,31
296720,296749,296758,9,29
296720,296746,296757,11,26
296720,296749,296758,9,29
296720,296749,296758,9,29
296720,296749,296757,8,29
296720,296748,296758,10,28
296720,296746,296759,13,26
296720,296749,296759,10,29
296720,296750,296759,9,30
296720,296745,296760,15,25
296720,296751,296761,10,31
296720,296756,296762,6,36
296720,296754,296763,9,34
296720,296756,296762,6,36
296720,296756,296763,7,36
296720,296745,296764,19,25
296720,296745,296763,18,25
296720,296746,296764,18,26
296720,296756,296764,8,36
296720,296752,296763,11,32
296720,296754,296764,10,34
296720,296752,296764,12,32
296720,296753,296764,11,33
296720,296755,296764,9,35
296720,296756,296765,9,36
296720,296755,296764,9,35
296720,296752,296766,14,32
296720,296754,296766,12,34
296720,296756,296765,9,36
296720,296753,296766,13,33
296720,296752,296766,14,32
296720,296752,296767,15,32
296720,296754,296767,13,34
296720,296754,296767,13,34
296720,296752,296769,17,32
296720,296752,296769,17,32
296720,296755,296770,15,35
296720,296752,296769,17,32
296789,296789,296792,3,0
296789,296789,296792,3,0
296789,296789,296792,3,0
296789,296789,296793,4,0
296789,296789,296793,4,0
296789,296789,296793,4,0
296789,296789,296793,4,0
296789,296789,296794,5,0
296789,296789,296794,5,0
296789,296789,296794,5,0
296789,296789,296793,4,0
296789,296789,296794,5,0
296789,296789,296793,4,0
296789,296789,296794,5,0
296789,296789,296795,6,0
296789,296789,296794,5,0
296789,296789,296794,5,0
296789,296789,296794,5,0
296789,296789,296794,5,0
296789,296789,296795,6,0
296789,296789,296795,6,0
296789,296789,296795,6,0
296789,296789,296796,7,0
296789,296789,296796,7,0
296789,296789,296796,7,0
296789,296789,296795,6,0
296789,296789,296795,6,0
296789,296789,296796,7,0
296789,296789,296796,7,0
296789,296789,296796,7,0
296789,296789,296797,8,0
296789,296789,296796,7,0
296789,296789,296797,8,0
296789,296789,296796,7,0
296789,296789,296798,9,0
296789,296789,296797,8,0
296789,296789,296797,8,0
296789,296795,296798,3,6
296789,296793,296797,4,4
296789,296795,296798,3,6
296789,296789,296798,9,0
296789,296793,296798,5,4
296789,296794,296798,4,5
296789,296789,296798,9,0
296789,296795,296798,3,6
296789,296789,296798,9,0
296789,296795,296798,3,6
296789,296793,296798,5,4
296789,296793,296798,5,4
296789,296794,296798,4,5
296789,296793,296799,6,4
296789,296794,296799,5,5
296789,296789,296798,9,0
296789,296789,296798,9,0
296789,296795,296798,3,6
296789,296794,296799,5,5
296789,296794,296799,5,5
296789,296794,296800,6,5
296789,296794,296800,6,5
296789,296793,296800,7,4
296789,296795,296800,5,6
296789,296795,296800,5,6
296789,296796,296801,5,7
296789,296796,296800,4,7
296789,296796,296801,5,7
296789,296796,296801,5,7
296789,296797,296801,4,8
296789,296794,296800,6,5
296789,296797,296802,5,8
296789,296799,296802,3,10
296789,296796,296802,6,7
296789,296797,296802,5,8
296789,296797,296802,5,8
296789,296798,296802,4,9
296789,296798,296803,5,9
296789,296799,296803,4,10
296789,296799,296802,3,10
296789,296797,296803,6,8
296789,296798,296802,4,9
296789,296797,296803,6,8
296789,296798,296802,4,9
296789,296798,296803,5,9
296789,296799,296803,4,10
296789,296796,296803,7,7
296789,296796,296803,7,7
296789,296798,296803,5,9
296789,296798,296803,5,9
296789,296789,296804,15,0
296789,296798,296804,6,9
296789,296789,296804,15,0
296789,296799,296804,5,10
296789,296798,296803,5,9
296789,296798,296804,6,9
296789,296798,296803,5,9
296789,296798,296805,7,9
296789,296801,296805,4,12
296789,296801,296807,6,12
296789,296803,296807,4,14
296789,296803,296807,4,14
296789,296803,296807,4,14
296789,296803,296807,4,14
296789,296801,296807,6,12
296789,296802,296807,5,13
296789,296803,296807,4,14
296789,296800,296807,7,11
296789,296800,296807,7,11
296789,296801,296806,5,12
296789,296801,296807,6,12
296789,296800,296808,8,11
296789,296803,296808,5,14
296789,296803,296808,5,14
296789,296803,296808,5,14
296789,296803,296808,5,14
296789,296802,296808,6,13
296789,296799,296808,9,10
296789,296800,296808,8,11
296789,296800,296809,9,11
296789,296803,296809,6,14
296789,296799,296809,10,10
296789,296800,296809,9,11
296789,296799,296809,10,10
296789,296803,296809,6,14
296789,296800,296809,9,11
296789,296801,296810,9,12
296789,296799,296810,11,10
296789,296808,296813,5,19
296789,296808,296813,5,19
296789,296807,296812,5,18
296789,296807,296812,5,18
296789,296807,296813,6,18
296789,296804,296813,9,15
296789,296807,296813,6,18
296789,296807,296813,6,18
296789,296803,296813,10,14
296789,296803,296813,10,14
296789,296803,296813,10,14
296789,296807,296813,6,18
296789,296807,296813,6,18
296789,296804,296814,10,15
296789,296804,296814,10,15
296789,296807,296814,7,18
296789,296803,296814,11,14
296789,296805,296814,9,16
296789,296807,296814,7,18
296789,296807,296814,7,18
296789,296806,296813,7,17
296789,296807,296814,7,18
296789,296808,296815,7,19
296789,296803,296815,12,14
296789,296804,296815,11,15
296789,296807,296815,8,18
296789,296803,296815,12,14
296789,296804,296816,12,15
296789,296804,296816,12,15
296789,296815,296817,2,26
296789,296808,296818,10,19
296789,296815,296818,3,26
296789,296809,296818,9,20
296789,296815,296818,3,26
296789,296810,296818,8,21
296789,296810,296818,8,21
296789,296804,296819,15,15
296789,296808,296819,11,19
296789,296808,296819,11,19
296789,296809,296819,10,20
296789,296809,296819,10,20
296789,296815,296819,4,26
296789,296815,296820,5,26
296789,296809,296819,10,20
296789,296808,296819,11,19
296789,296809,296819,10,20
296789,296815,296819,4,26
296789,296814,296819,5,25
296789,296814,296819,5,25
296789,296814,296819,5,25
296789,296810,296820,10,21
296789,296814,296820,6,25
296789,296813,296820,7,24
296789,296817,296820,3,28
296789,296813,296820,7,24
296789,296814,296820,6,25
296789,296816,296820,4,27
296789,296816,296820,4,27
296789,296809,296821,12,20
296789,296814,296821,7,25
296789,296813,296821,8,24
296789,296813,296821,8,24
296789,296816,296821,5,27
296789,296816,296821,5,27
296789,296814,296821,7,25
296789,296814,296821,7,25
296789,296814,296821,7,25
296789,296814,296821,7,25
296789,296819,296821,2,30
296789,296818,296821,3,29
296789,296809,296822,13,20
296789,296815,296822,7,26
296789,296816,296822,6,27
296789,296813,296822,9,24
296789,296814,296823,9,25
296830,296830,296832,2,0
296830,296830,296832,2,0
296830,296830,296832,2,0
296830,296830,296833,3,0
296830,296830,296833,3,0
296830,296830,296833,3,0
296830,296830,296833,3,0
296830,296830,296832,2,0
296830,296830,296833,3,0
296830,296830,296833,3,0
296830,296830,296832,2,0
296830,296830,296833,3,0
296830,296830,296833,3,0
296830,296830,296833,3,0
296830,296830,296833,3,0
296830,296830,296834,4,0
296830,296830,296834,4,0
296830,296830,296834,4,0
296830,296830,296834,4,0
296830,296830,296834,4,0
296830,296830,296834,4,0
296830,296830,296834,4,0
296830,296830,296834,4,0
296830,296830,296834,4,0
296830,296830,296835,5,0
296830,296830,296835,5,0
296830,296830,296835,5,0
296830,296830,296835,5,0
296830,296830,296835,5,0
296830,296830,296835,5,0
296830,296830,296835,5,0
296830,296830,296835,5,0
296830,296830,296834,4,0
296830,296830,296835,5,0
296830,296830,296835,5,0
296830,296830,296834,4,0
296830,296830,296836,6,0
296830,296830,296836,6,0
296830,296830,296836,6,0
296830,296830,296836,6,0
296830,296830,296835,5,0
296830,296830,296837,7,0
296830,296832,296837,5,2
296830,296832,296837,5,2
296830,296830,296837,7,0
296830,296834,296838,4,4
296830,296833,296838,5,3
296830,296833,296838,5,3
296830,296833,296838,5,3
296830,296833,296838,5,3
296830,296833,296838,5,3
296830,296830,296838,8,0
296830,296832,296838,6,2
296830,296833,296838,5,3
296830,296833,296838,5,3
296830,296833,296838,5,3
296830,296833,296838,5,3
296830,296834,296838,4,4
296830,296835,296839,4,5
296830,296835,296839,4,5
296830,296835,296839,4,5
296830,296834,296839,5,4
296830,296835,296839,4,5
296830,296834,296839,5,4
296830,296834,296839,5,4
296830,296833,296839,6,3
296830,296833,296839,6,3
296830,296834,296839,5,4
296830,296833,296839,6,3
296830,296834,296838,4,4
296830,296835,296840,5,5
296830,296835,296840,5,5
296830,296834,296840,6,4
296830,296835,296840,5,5
296830,296837,296841,4,7
296830,296837,296842,5,7
296830,296839,296842,3,9
296830,296838,296842,4,8
296830,296839,296842,3,9
296830,296839,296842,3,9
296830,296839,296842,3,9
296830,296839,296843,4,9
296830,296839,296843,4,9
296830,296835,296843,8,5
296830,296835,296843,8,5
296830,296837,296843,6,7
296830,296839,296843,4,9
296830,296839,296843,4,9
296830,296838,296843,5,8
296830,296838,296843,5,8
296830,296838,296843,5,8
296830,296835,296844,9,5
296830,296835,296844,9,5
296830,296838,296844,6,8
296830,296838,296844,6,8
296830,296836,296844,8,6
296830,296839,296844,5,9
296830,296836,296844,8,6
296830,296835,296845,10,5
296830,296837,296845,8,7
296830,296836,296845,9,6
296830,296836,296845,9,6
296830,296836,296845,9,6
296830,296835,296845,10,5
296830,296840,296848,8,10
296830,296840,296847,7,10
296830,296840,296847,7,10
296830,296843,296848,5,13
296830,296840,296847,7,10
296830,296841,296848,7,11
296830,296841,296849,8,11
296830,296843,296848,5,13
296830,296840,296848,8,10
296830,296842,296849,7,12
296830,296839,296849,10,9
296830,296843,296849,6,13
296830,296843,296850,7,13
296830,296844,296849,5,14
296830,296840,296849,9,10
296830,296843,296849,6,13
296830,296843,296849,6,13
296830,296843,296849,6,13
296830,296844,296849,5,14
296830,296843,296850,7,13
296830,296840,296850,10,10
296830,296840,296850,10,10
296830,296839,296850,11,9
296830,296844,296850,6,14
296830,296844,296850,6,14
296830,296844,296850,6,14
296830,296840,296851,11,10
296830,296840,296851,11,10
296830,296844,296851,7,14
296830,296844,296852,8,14
296830,296848,296854,6,18
296830,296850,296855,5,20
296830,296845,296856,11,15
296830,296850,296855,5,20
296830,296849,296855,6,19
296830,296850,296855,5,20
296830,296848,296855,7,18
296830,296850,296856,6,20
296830,296848,296856,8,18
296830,296849,296856,7,19
296830,296848,296856,8,18
296830,296850,296857,7,20
296830,296846,296858,12,16
296830,296846,296857,11,16
296830,296846,296857,11,16
296830,296845,296857,12,15
296830,296848,296858,10,18
296830,296846,296859,13,16
296830,296849,296858,9,19
296830,296849,296858,9,19
296830,296845,296858,13,15
296830,296849,296859,10,19
296830,296850,296858,8,20
296830,296846,296859,13,16
296830,296845,296860,15,15
296830,296845,296859,14,15
296830,296845,296860,15,15
296830,296846,296861,15,16
296830,296845,296860,15,15
296830,296845,296861,16,15
296830,296851,296861,10,21
296830,296851,296861,10,21
296830,296857,296862,5,27
296830,296857,296863,6,27
296830,296857,296862,5,27
296830,296853,296864,11,23
296830,296852,296864,12,22
296830,296855,296863,8,25
296830,296856,296863,7,26
296830,296858,296863,5,28
296830,296850,296863,13,20
296830,296856,296863,7,26
296830,296856,296864,8,26
296830,296856,296864,8,26
296830,296851,296864,13,21
296830,296852,296865,13,22
296830,296859,296864,5,29
296830,296851,296864,13,21
296830,296859,296865,6,29
296830,296859,296865,6,29
296830,296850,296865,15,20
296830,296856,296864,8,26
296830,296859,296865,6,29
296830,296856,296866,10,26
296830,296857,296865,8,27
296830,296852,296865,13,22
296830,296858,296865,7,28
296830,296859,296866,7,29
296830,296859,296866,7,29
296830,296858,296866,8,28
296830,296857,296866,9,27
296830,296850,296866,16,20
296830,296858,296867,9,28
296830,296851,296866,15,21
296830,296851,296869,18,21
296830,296851,296869,18,21
296875,296876,296878,2,1
296875,296876,296878,2,1
296875,296876,296878,2,1
296875,296876,296878,2,1
296875,296876,296880,4,1
296875,296876,296879,3,1
296875,296876,296879,3,1
296875,296876,296879,3,1
296875,296876,296879,3,1
296875,296876,296879,3,1
296875,296876,296879,3,1
296875,296876,296879,3,1
296875,296876,296879,3,1
296875,296876,296879,3,1
296875,296876,296879,3,1
296875,296876,296879,3,1
296875,296876,296879,3,1
296875,296876,296880,4,1
296875,296876,296880,4,1
296875,296876,296880,4,1
296875,296876,296880,4,1
296875,296876,296880,4,1
296875,296879,296882,3,4
296875,296876,296881,5,1
296875,296876,296882,6,1
296875,296876,296882,6,1
296875,296876,296882,6,1
296875,296876,296882,6,1
296875,296876,296882,6,1
296875,296876,296882,6,1
296875,296876,296882,6,1
296875,296876,296882,6,1
296875,296876,296882,6,1
296875,296876,296882,6,1
296875,296879,296883,4,4
296875,296876,296882,6,1
296875,296876,296882,6,1
296875,296876,296882,6,1
296875,296879,296882,3,4
296875,296879,296882,3,4
296875,296880,296883,3,5
296875,296880,296883,3,5
296875,296880,296883,3,5
296875,296876,296883,7,1
296875,296876,296884,8,1
296875,296876,296883,7,1
296875,296876,296883,7,1
296875,296876,296883,7,1
296875,296880,296883,3,5
296875,296880,296883,3,5
296875,296876,296884,8,1
296875,296876,296885,9,1
296875,296876,296884,8,1
296875,296881,296887,6,6
296875,296881,296886,5,6
296875,296880,296886,6,5
296875,296881,296886,5,6
296875,296881,296886,5,6
296875,296881,296887,6,6
296875,296880,296888,8,5
296875,296880,296888,8,5
296875,296880,296887,7,5
296875,296883,296889,6,8
296875,296883,296888,5,8
296875,296880,296888,8,5
296875,296883,296888,5,8
296875,296880,296888,8,5
296875,296883,296888,5,8
296875,296883,296888,5,8
296875,296883,296888,5,8
296875,296880,296888,8,5
296875,296880,296889,9,5
296875,296883,296888,5,8
296875,296883,296889,6,8
296875,296883,296889,6,8
296875,296883,296890,7,8
296875,296883,296889,6,8
296875,296883,296890,7,8
296875,296883,296889,6,8
296875,296883,296890,7,8
296875,296882,296889,7,7
296875,296882,296889,7,7
296875,296883,296890,7,8
296875,296883,296891,8,8
296875,296883,296892,9,8
296875,296884,296891,7,9
296875,296883,296892,9,8
296875,296887,296893,6,12
296875,296883,296893,10,8
296875,296884,296893,9,9
296875,296884,296894,10,9
296875,296887,296894,7,12
296875,296885,296894,9,10
296875,296885,296894,9,10
296875,296887,296895,8,12
296875,296887,296894,7,12
296875,296887,296894,7,12
296875,296888,296895,7,13
296875,296884,296896,12,9
296875,296884,296896,12,9
296875,296889,296896,7,14
296875,296887,296896,9,12
296875,296888,296895,7,13
296875,296888,296895,7,13
296875,296885,296897,12,10
296875,296889,296897,8,14
296875,296889,296896,7,14
296875,296889,296896,7,14
296875,296889,296896,7,14
296875,296884,296897,13,9
296875,296884,296897,13,9
296875,296889,296898,9,14
296875,296889,296898,9,14
296875,296890,296898,8,15
296875,296890,296899,9,15
296875,296896,296901,5,21
296875,296895,296901,6,20
296875,296895,296901,6,20
296875,296893,296900,7,18
296875,296894,296900,6,19
296875,296895,296901,6,20
296875,296890,296902,12,15
296875,296896,296901,5,21
296875,296896,296901,5,21
296875,296896,296902,6,21
296875,296897,296902,5,22
296875,296892,296902,10,17
296875,296893,296902,9,18
296875,296894,296902,8,19
296875,296898,296901,3,23
296875,296895,296901,6,20
296875,296897,296901,4,22
296875,296892,296901,9,17
296875,296893,296901,8,18
296875,296891,296903,12,16
296875,296897,296902,5,22
296875,296898,296902,4,23
296875,296897,296903,6,22
296875,296898,296903,5,23
296875,296890,296903,13,15
296875,296896,296903,7,21
296875,296892,296903,11,17
296875,296898,296903,5,23
296875,296895,296903,8,20
296875,296897,296904,7,22
296875,296894,296904,10,19
296875,296890,296904,14,15
296875,296895,296903,8,20
296875,296901,296904,3,26
296875,296889,296904,15,14
296875,296900,296903,3,25
296875,296896,296904,8,21
296875,296898,296904,6,23
296875,296890,296905,15,15
296875,296890,296904,14,15
296875,296889,296904,15,14
296875,296889,296905,16,14
296875,296901,296904,3,26
296875,296902,296905,3,27
296875,296901,296905,4,26
296875,296901,296904,3,26
296875,296902,296905,3,27
296875,296901,296905,4,26
296875,296902,296906,4,27
296875,296901,296906,5,26
296875,296902,296905,3,27
296875,296902,296907,5,27
296875,296902,296906,4,27
296875,296902,296907,5,27
296875,296902,296907,5,27
296875,296890,296908,18,15
296875,296890,296907,17,15
296875,296889,296907,18,14
296875,296903,296907,4,28
296875,296904,296908,4,29
296875,296902,296908,6,27
296875,296902,296908,6,27
296875,296902,296908,6,27
296875,296902,296908,6,27
296875,296902,296908,6,27
296875,296904,296907,3,29
296875,296905,296909,4,30
296875,296903,296909,6,28
296875,296904,296909,5,29
296875,296905,296909,4,30
296875,296903,296909,6,28
296875,296904,296909,5,29
296875,296903,296909,6,28
296875,296903,296909,6,28
296875,296904,296908,4,29
296875,296903,296909,6,28
296875,296904,296909,5,29
296875,296904,296910,6,29
296875,296905,296909,4,30
296875,296904,296909,5,29
296875,296905,296910,5,30
296875,296904,296910,6,29
296875,296903,296910,7,28
296875,296903,296910,7,28
296875,296905,296911,6,30
296918,296918,296921,3,0
296918,296918,296922,4,0
296918,296918,296924,6,0
296918,296918,296924,6,0
296918,296918,296924,6,0
296918,296918,296924,6,0
296918,296918,296924,6,0
296918,296918,296923,5,0
296918,296918,296925,7,0
296918,296918,296924,6,0
296918,296918,296925,7,0
296918,296918,296925,7,0
296918,296918,296925,7,0
296918,296918,296924,6,0
296918,296918,296925,7,0
296918,296918,296925,7,0
296918,296918,296924,6,0
296918,296918,296925,7,0
296918,296918,296925,7,0
296918,296918,296926,8,0
296918,296918,296926,8,0
296918,296918,296925,7,0
296918,296918,296926,8,0
296918,296918,296925,7,0
296918,296918,296926,8,0
296918,296918,296926,8,0
296918,296918,296928,10,0
296918,296918,296928,10,0
296918,296918,296927,9,0
296918,296918,296928,10,0
296918,296922,296929,7,4
296918,296921,296930,9,3
296918,296918,296931,13,0
296918,296918,296931,13,0
296918,296918,296931,13,0
296918,296918,296931,13,0
296918,296918,296931,13,0
296918,296918,296932,14,0
296918,296918,296931,13,0
296918,296918,296931,13,0
296918,296918,296932,14,0
296918,296918,296932,14,0
296918,296925,296933,8,7
296918,296918,296933,15,0
296918,296918,296933,15,0
296918,296925,296933,8,7
296918,296925,296933,8,7
296918,296925,296932,7,7
296918,296924,296933,9,6
296918,296924,296933,9,6
296918,296918,296934,16,0
296918,296924,296934,10,6
296918,296918,296934,16,0
296918,296924,296933,9,6
296918,296925,296933,8,7
296918,296925,296934,9,7
296918,296925,296934,9,7
296918,296925,296934,9,7
296918,296924,296935,11,6
296918,296924,296936,12,6
296918,296925,296935,10,7
296918,296925,296939,14,7
296918,296926,296939,13,8
296918,296928,296939,11,10
296918,296928,296940,12,10
296918,296928,296940,12,10
296918,296926,296941,15,8
296918,296927,296941,14,9
296918,296926,296942,16,8
296918,296926,296942,16,8
296918,296926,296942,16,8
296918,296928,296942,14,10
296918,296933,296943,10,15
296918,296932,296943,11,14
296918,296933,296943,10,15
296918,296933,296943,10,15
296918,296930,296943,13,12
296918,296933,296944,11,15
296918,296933,296944,11,15
296918,296930,296943,13,12
296918,296933,296945,12,15
296918,296933,296945,12,15
296918,296925,296946,21,7
296918,296931,296946,15,13
296918,296932,296947,15,14
296918,296932,296947,15,14
296918,296931,296947,16,13
296918,296933,296948,15,15
296918,296927,296948,21,9
296918,296931,296948,17,13
296918,296931,296949,18,13
296918,296934,296949,15,16
296918,296939,296949,10,21
296918,296944,296949,5,26
296918,296931,296950,19,13
296918,296933,296950,17,15
296918,296940,296950,10,22
296918,296940,296950,10,22
296918,296943,296950,7,25
296918,296933,296950,17,15
296918,296939,296950,11,21
296918,296945,296951,6,27
296918,296943,296951,8,25
296918,296941,296951,10,23
296918,296949,296951,2,31
296918,296941,296951,10,23
296918,296939,296951,12,21
296918,296942,296951,9,24
296918,296948,296951,3,30
296918,296949,296952,3,31
296918,296934,296952,18,16
296918,296945,296952,7,27
296918,296944,296952,8,26
296918,296944,296952,8,26
296918,296947,296952,5,29
296918,296942,296952,10,24
296918,296943,296952,9,25
296918,296943,296952,9,25
296918,296950,296952,2,32
296918,296950,296952,2,32
296918,296951,296952,1,33
296918,296951,296952,1,33
296918,296951,296952,1,33
296918,296950,296952,2,32
296918,296951,296952,1,33
296918,296949,296952,3,31
296918,296934,296953,19,16
296918,296946,296953,7,28
296918,296947,296953,6,29
296918,296950,296953,3,32
296918,296952,296953,1,34
296918,296947,296953,6,29
296918,296942,296953,11,24
296918,296950,296953,3,32
296918,296951,296953,2,33
296918,296943,296954,11,25
296918,296949,296953,4,31
296918,296952,296953,1,34
296918,296952,296953,1,34
296918,296952,296953,1,34
296918,296952,296953,1,34
296918,296952,296953,1,34
296918,296943,296953,10,25
296918,296935,296954,19,17
296918,296934,296954,20,16
296918,296953,296955,2,35
296918,296953,296955,2,35
296918,296953,296954,1,35
296918,296952,296955,3,34
296918,296953,296955,2,35
296918,296953,296954,1,35
296918,296953,296955,2,35
296918,296953,296954,1,35
296918,296952,296955,3,34
296918,296953,296954,1,35
296918,296936,296955,19,18
296918,296952,296955,3,34
296918,296953,296955,2,35
296918,296936,296956,20,18
296918,296953,296956,3,35
296918,296954,296955,1,36
296918,296953,296956,3,35
296918,296953,296955,2,35
296918,296954,296955,1,36
296918,296954,296955,1,36
296918,296954,296955,1,36
296918,296954,296955,1,36
296918,296953,296955,2,35
296918,296954,296956,2,36
296918,296954,296956,2,36
296918,296952,296955,3,34
296918,296934,296956,22,16
296918,296952,296956,4,34
296918,296954,296956,2,36
296918,296934,296956,22,16
296918,296954,296956,2,36
296918,296954,296956,2,36
296918,296954,296956,2,36
296918,296954,296956,2,36
296918,296954,296956,2,36
296918,296953,296956,3,35
296918,296955,296956,1,37
296918,296954,296956,2,36
296918,296954,296956,2,36
296918,296955,296956,1,37
296918,296955,296956,1,37
296918,296955,296956,1,37
296918,296955,296956,1,37
296918,296955,296956,1,37
296918,296954,296956,2,36
296918,296955,296957,2,37
296918,296955,296956,1,37
296918,296954,296956,2,36
296918,296955,296956,1,37
296918,296955,296957,2,37
296918,296934,296958,24,16
296918,296955,296957,2,37
296918,296955,296957,2,37
296918,296956,296958,2,38
296918,296934,296958,24,16
296965,296966,296967,1,1
296965,296966,296968,2,1
296965,296966,296967,1,1
296965,296966,296967,1,1
296965,296966,296967,1,1
296965,296966,296967,1,1
296965,296966,296967,1,1
296965,296966,296967,1,1
296965,296966,296967,1,1
296965,296966,296967,1,1
296965,296966,296967,1,1
296965,296966,296967,1,1
296965,296966,296968,2,1
296965,296966,296968,2,1
296965,296966,296969,3,1
296965,296966,296968,2,1
296965,296966,296969,3,1
296965,296966,296969,3,1
296965,296966,296969,3,1
296965,296966,296968,2,1
296965,296966,296969,3,1
296965,296966,296968,2,1
296965,296966,296968,2,1
296965,296966,296968,2,1
296965,296966,296968,2,1
296965,296966,296968,2,1
296965,296966,296968,2,1
296965,296966,296968,2,1
296965,296966,296968,2,1
296965,296966,296968,2,1
296965,296966,296969,3,1
296965,296966,296969,3,1
296965,296966,296969,3,1
296965,296966,296969,3,1
296965,296966,296969,3,1
296965,296966,296969,3,1
296965,296966,296969,3,1
296965,296966,296969,3,1
296965,296966,296969,3,1
296965,296966,296969,3,1
296965,296966,296969,3,1
296965,296966,296969,3,1
296965,296968,296969,1,3
296965,296966,296969,3,1
296965,296968,296970,2,3
296965,296968,296970,2,3
296965,296968,296970,2,3
296965,296968,296970,2,3
296965,296968,296970,2,3
296965,296969,296971,2,4
296965,296969,296970,1,4
296965,296968,296970,2,3
296965,296968,296970,2,3
296965,296966,296970,4,1
296965,296968,296970,2,3
296965,296969,296970,1,4
296965,296969,296970,1,4
296965,296968,296970,2,3
296965,296968,296970,2,3
296965,296968,296970,2,3
296965,296969,296971,2,4
296965,296969,296972,3,4
296965,296969,296972,3,4
296965,296969,296971,2,4
296965,296969,296971,2,4
296965,296969,296971,2,4
296965,296969,296971,2,4
296965,296969,296971,2,4
296965,296969,296972,3,4
296965,296969,296971,2,4
296965,296969,296972,3,4
296965,296969,296972,3,4
296965,296970,296972,2,5
296965,296971,296973,2,6
296965,296971,296973,2,6
296965,296970,296973,3,5
296965,296969,296972,3,4
296965,296969,296972,3,4
296965,296970,296972,2,5
296965,296971,296972,1,6
296965,296970,296972,2,5
296965,296970,296972,2,5
296965,296970,296972,2,5
296965,296971,296972,1,6
296965,296970,296973,3,5
296965,296970,296973,3,5
296965,296970,296973,3,5
296965,296970,296974,4,5
296965,296970,296973,3,5
296965,296970,296973,3,5
296965,296972,296974,2,7
296965,296970,296973,3,5
296965,296972,296974,2,7
296965,296970,296973,3,5
296965,296971,296974,3,6
296965,296971,296973,2,6
296965,296971,296973,2,6
296965,296971,296973,2,6
296965,296971,296973,2,6
296965,296971,296973,2,6
296965,296971,296973,2,6
296965,296972,296974,2,7
296965,296971,296973,2,6
296965,296972,296974,2,7
296965,296970,296974,4,5
296965,296970,296974,4,5
296965,296970,296974,4,5
296965,296970,296974,4,5
296965,296972,296974,2,7
296965,296972,296975,3,7
296965,296972,296974,2,7
296965,296972,296974,2,7
296965,296972,296974,2,7
296965,296973,296975,2,8
296965,296973,296975,2,8
296965,296972,296974,2,7
296965,296973,296975,2,8
296965,296973,296974,1,8
296965,296973,296974,1,8
296965,296973,296975,2,8
296965,296973,296974,1,8
296965,296973,296974,1,8
296965,296973,296975,2,8
296965,296973,296975,2,8
296965,296973,296974,1,8
296965,296973,296975,2,8
296965,296972,296975,3,7
296965,296973,296975,2,8
296965,296974,296976,2,9
296965,296974,296976,2,9
296965,296974,296976,2,9
296965,296974,296975,1,9
296965,296974,296975,1,9
296965,296974,296976,2,9
296965,296974,296976,2,9
296965,296974,296976,2,9
296965,296974,296976,2,9
296965,296974,296976,2,9
296965,296974,296976,2,9
296965,296974,296977,3,9
296965,296974,296976,2,9
296965,296974,296977,3,9
296965,296974,296977,3,9
296965,296974,296977,3,9
296965,296975,296977,2,10
296965,296974,296977,3,9
296965,296974,296977,3,9
296965,296975,296977,2,10
296965,296974,296976,2,9
296965,296975,296977,2,10
296965,296975,296978,3,10
296965,296975,296978,3,10
296965,296975,296978,3,10
296965,296975,296978,3,10
296965,296975,296977,2,10
296965,296974,296977,3,9
296965,296975,296978,3,10
296965,296975,296977,2,10
296965,296975,296978,3,10
296965,296975,296978,3,10
296965,296975,296978,3,10
296965,296975,296977,2,10
296965,296975,296977,2,10
296965,296976,296978,2,11
296965,296976,296978,2,11
296965,296975,296978,3,10
296965,296976,296978,2,11
296965,296975,296978,3,10
296965,296975,296978,3,10
296965,296975,296978,3,10
296965,296975,296978,3,10
296965,296976,296978,2,11
296965,296976,296978,2,11
296965,296977,296979,2,12
296965,296976,296978,2,11
296965,296976,296979,3,11
296965,296977,296979,2,12
296965,296975,296978,3,10
296965,296976,296978,2,11
296965,296976,296979,3,11
296965,296976,296978,2,11
296965,296976,296978,2,11
296965,296977,296980,3,12
296965,296977,296980,3,12
296965,296977,296980,3,12
296965,296977,296980,3,12
296965,296977,296979,2,12
296965,296977,296979,2,12
296965,296977,296980,3,12
296965,296978,296980,2,13
296965,296977,296980,3,12
296965,296977,296980,3,12
296965,296977,296980,3,12
296965,296978,296981,3,13
296965,296978,296981,3,13
296965,296978,296982,4,13
296965,296978,296981,3,13
296965,296978,296982,4,13
296965,296977,296982,5,12
296965,296977,296982,5,12
296989,296989,296990,1,0
296989,296989,296990,1,0
296989,296989,296990,1,0
296989,296989,296991,2,0
296989,296989,296990,1,0
296989,296989,296991,2,0
296989,296989,296991,2,0
296989,296989,296991,2,0
296989,296989,296991,2,0
296989,296989,296990,1,0
296989,296989,296991,2,0
296989,296989,296991,2,0
296989,296989,296991,2,0
296989,296989,296992,3,0
296989,296989,296991,2,0
296989,296989,296991,2,0
296989,296989,296991,2,0
296989,296989,296991,2,0
296989,296989,296991,2,0
296989,296989,296991,2,0
296989,296989,296991,2,0
296989,296989,296991,2,0
296989,296989,296993,4,0
296989,296989,296992,3,0
296989,296989,296993,4,0
296989,296989,296993,4,0
296989,296989,296993,4,0
296989,296989,296992,3,0
296989,296989,296993,4,0
296989,296989,296993,4,0
296989,296989,296993,4,0
296989,296989,296993,4,0
296989,296989,296992,3,0
296989,296991,296993,2,2
296989,296991,296993,2,2
296989,296989,296993,4,0
296989,296989,296993,4,0
296989,296989,296994,5,0
296989,296989,296993,4,0
296989,296989,296993,4,0
296989,296989,296993,4,0
296989,296989,296993,4,0
296989,296989,296993,4,0
296989,296989,296993,4,0
296989,296991,296994,3,2
296989,296991,296993,2,2
296989,296991,296994,3,2
296989,296991,296993,2,2
296989,296991,296993,2,2
296989,296989,296994,5,0
296989,296989,296995,6,0
296989,296991,296995,4,2
296989,296991,296994,3,2
296989,296992,296995,3,3
296989,296992,296995,3,3
296989,296991,296995,4,2
296989,296992,296995,3,3
296989,296991,296995,4,2
296989,296992,296995,3,3
296989,296992,296995,3,3
296989,296991,296995,4,2
296989,296993,296995,2,4
296989,296993,296996,3,4
296989,296992,296996,4,3
296989,296992,296996,4,3
296989,296992,296995,3,3
296989,296993,296996,3,4
296989,296994,296996,2,5
296989,296992,296996,4,3
296989,296994,296995,1,5
296989,296994,296996,2,5
296989,296994,296995,1,5
296989,296994,296996,2,5
296989,296993,296997,4,4
296989,296993,296997,4,4
296989,296993,296997,4,4
296989,296994,296996,2,5
296989,296993,296997,4,4
296989,296994,296997,3,5
296989,296994,296996,2,5
296989,296992,296996,4,3
296989,296993,296996,3,4
296989,296994,296997,3,5
296989,296995,296997,2,6
296989,296993,296996,3,4
296989,296994,296997,3,5
296989,296994,296997,3,5
296989,296995,296997,2,6
296989,296995,296997,2,6
296989,296995,296997,2,6
296989,296995,296997,2,6
296989,296995,296997,2,6
296989,296995,296997,2,6
296989,296995,296996,1,6
296989,296995,296997,2,6
296989,296995,296996,1,6
296989,296995,296996,1,6
296989,296994,296997,3,5
296989,296994,296998,4,5
296989,296995,296997,2,6
296989,296996,296998,2,7
296989,296993,296998,5,4
296989,296993,296997,4,4
296989,296993,296997,4,4
296989,296994,296997,3,5
296989,296993,296997,4,4
296989,296995,296998,3,6
296989,296996,296997,1,7
296989,296996,296998,2,7
296989,296996,296998,2,7
296989,296996,296998,2,7
296989,296996,296998,2,7
296989,296996,296998,2,7
296989,296996,296997,1,7
296989,296996,296997,1,7
296989,296996,296998,2,7
296989,296996,296998,2,7
296989,296997,296999,2,8
296989,296997,296999,2,8
296989,296997,296999,2,8
296989,296997,296999,2,8
296989,296997,296999,2,8
296989,296997,296998,1,8
296989,296997,296998,1,8
296989,296997,296999,2,8
296989,296997,296998,1,8
296989,296997,296999,2,8
296989,296997,297000,3,8
296989,296997,296999,2,8
296989,296997,297000,3,8
296989,296997,297000,3,8
296989,296997,297000,3,8
296989,296997,297000,3,8
296989,296997,297000,3,8
296989,296997,297000,3,8
296989,296997,297000,3,8
296989,296998,297000,2,9
296989,296997,296999,2,8
296989,296997,296999,2,8
296989,296997,297000,3,8
296989,296998,297000,2,9
296989,296998,297000,2,9
296989,296998,297000,2,9
296989,296998,297000,2,9
296989,296998,297000,2,9
296989,296998,297000,2,9
296989,296998,297000,2,9
296989,296997,297000,3,8
296989,296998,297000,2,9
296989,296997,297000,3,8
296989,296998,297001,3,9
296989,296999,297001,2,10
296989,296999,297001,2,10
296989,296998,297000,2,9
296989,296999,297001,2,10
296989,296999,297001,2,10
296989,296998,297000,2,9
296989,296999,297001,2,10
296989,297000,297001,1,11
296989,296999,297001,2,10
296989,297000,297001,1,11
296989,296998,297002,4,9
296989,296998,297001,3,9
296989,296998,297002,4,9
296989,296998,297002,4,9
296989,296998,297001,3,9
296989,296998,297001,3,9
296989,296998,297001,3,9
296989,296999,297002,3,10
296989,296999,297002,3,10
296989,297000,297002,2,11
296989,297000,297002,2,11
296989,297000,297002,2,11
296989,297000,297002,2,11
296989,296999,297002,3,10
296989,297000,297002,2,11
296989,296999,297002,3,10
296989,296998,297002,4,9
296989,297000,297003,3,11
296989,297000,297003,3,11
296989,297000,297003,3,11
296989,297000,297003,3,11
296989,297001,297003,2,12
296989,297001,297002,1,12
296989,297001,297003,2,12
296989,297000,297003,3,11
296989,297001,297003,2,12
296989,297000,297003,3,11
296989,297000,297004,4,11
296989,297000,297004,4,11
296989,297000,297004,4,11
296989,297000,297004,4,11
296989,297000,297004,4,11
296989,297000,297004,4,11
296989,297000,297004,4,11
296989,297001,297004,3,12
296989,297000,297004,4,11
296989,297002,297004,2,13
296989,297000,297004,4,11
297012,297012,297013,1,0
297012,297012,297013,1,0
297012,297012,297014,2,0
297012,297012,297014,2,0
297012,297012,297014,2,0
297012,297012,297014,2,0
297012,297012,297014,2,0
297012,297012,297015,3,0
297012,297012,297014,2,0
297012,297012,297015,3,0
297012,297012,297014,2,0
297012,297012,297014,2,0
297012,297012,297015,3,0
297012,297012,297014,2,0
297012,297012,297014,2,0
297012,297012,297014,2,0
297012,297012,297014,2,0
297012,297012,297014,2,0
297012,297012,297015,3,0
297012,297012,297015,3,0
297012,297012,297014,2,0
297012,297012,297014,2,0
297012,297012,297014,2,0
297012,297012,297014,2,0
297012,297012,297015,3,0
297012,297012,297014,2,0
297012,297012,297014,2,0
297012,297012,297014,2,0
297012,297012,297014,2,0
297012,297012,297014,2,0
297012,297012,297015,3,0
297012,297012,297014,2,0
297012,297012,297014,2,0
297012,297012,297014,2,0
297012,297012,297014,2,0
297012,297012,297014,2,0
297012,297012,297014,2,0
297012,297012,297015,3,0
297012,297012,297014,2,0
297012,297012,297016,4,0
297012,297012,297015,3,0
297012,297012,297015,3,0
297012,297012,297015,3,0
297012,297012,297015,3,0
297275,297275,297369,94,0
297275,297275,297369,94,0
297275,297275,297369,94,0
297275,297275,297370,95,0
297275,297275,297370,95,0
297275,297275,297370,95,0
297275,297275,297371,96,0
297275,297275,297371,96,0
297275,297275,297372,97,0
297275,297275,297372,97,0
297546,297546,297548,2,0
297546,297546,297548,2,0
297547,297547,297548,1,0
297547,297547,297551,4,0
297546,297546,297553,7,0
297546,297546,297637,91,0
297546,297546,297638,92,0
297547,297547,297638,91,0
297546,297546,297638,92,0
297546,297546,297638,92,0
297546,297546,297639,93,0
297547,297547,297638,91,0
297546,297546,297638,92,0
297546,297546,297638,92,0
297547,297547,297639,92,0
297546,297546,297639,93,0
297546,297546,297640,94,0
297547,297549,297641,92,2
297548,297549,297640,91,1
297548,297549,297640,91,1
297546,297546,297640,94,0
297547,297547,297644,97,0
297547,297547,297646,99,0
297547,297547,297646,99,0
297547,297547,297648,101,0
297547,297547,297722,175,0
297548,297638,297729,91,90
297548,297638,297729,91,90
297548,297638,297729,91,90
297548,297638,297730,92,90
297548,297638,297731,93,90
297548,297639,297733,94,91
297548,297639,297733,94,91
297548,297551,297734,183,3
297548,297639,297734,95,91
297548,297639,297734,95,91
297546,297546,297736,190,0
297548,297641,297737,96,93
297548,297640,297738,98,92
297547,297547,297741,194,0
297547,297547,297742,195,0
297547,297547,297743,196,0
297548,297553,297744,191,5
297547,297547,297744,197,0
297547,297547,297744,197,0
297547,297547,297745,198,0
297547,297547,297745,198,0
297547,297547,297748,201,0
297547,297547,297749,202,0
297548,297641,297751,110,93
297546,297547,297752,205,1
297547,297547,297754,207,0
297549,297750,297758,8,201
297548,297641,297759,118,93
297547,297547,297759,212,0
297548,297639,297759,120,91
297548,297641,297759,118,93
297549,297755,297760,5,206
297547,297547,297762,215,0
297547,297547,297763,216,0
297547,297547,297765,218,0
297547,297547,297765,218,0
297548,297645,297770,125,97
297548,297647,297772,125,99
297547,297547,297773,226,0
297548,297641,297774,133,93
297549,297740,297775,35,191
297547,297547,297776,229,0
297548,297648,297776,128,100
297546,297546,297777,231,0
297548,297647,297778,131,99
297549,297745,297777,32,196
297549,297746,297777,31,197
297547,297547,297778,231,0
297548,297729,297832,103,181
297550,297832,297833,1,282
297548,297729,297834,105,181
297549,297734,297842,108,185
297548,297732,297844,112,184
297548,297730,297857,127,182
297548,297731,297858,127,183
297550,297859,297860,1,309
297549,297738,297867,129,189
297549,297752,297866,114,203
297549,297759,297866,107,210
297549,297760,297867,107,211
297549,297735,297867,132,186
297549,297760,297867,107,211
297549,297733,297870,137,184
297550,297776,297873,97,226
297550,297773,297874,101,223
297550,297771,297875,104,221
297550,297775,297878,103,225
297549,297734,297879,145,185
297550,297777,297879,102,227
297550,297778,297880,102,228
297551,297875,297880,5,324
297551,297881,297883,2,330
297548,297723,297913,190,175
297550,297833,297924,91,283
297550,297835,297926,91,285
297550,297842,297934,92,292
297549,297746,297934,188,197
297550,297844,297935,91,294
297549,297753,297944,191,204
297549,297737,297944,207,188
297549,297748,297944,196,199
297549,297742,297945,203,193
297549,297734,297945,211,185
297551,297945,297946,1,394
297551,297946,297947,1,395
297549,297745,297947,202,196
297550,297766,297947,181,216
297549,297743,297948,205,194
297549,297764,297947,183,215
297550,297765,297948,183,215
297549,297744,297949,205,195
297550,297773,297950,177,223
297549,297759,297951,192,210
297550,297857,297952,95,307
297549,297743,297953,210,194
297550,297777,297954,177,227
297552,297951,297954,3,399
297550,297778,297955,177,228
297550,297860,297955,95,310
297549,297763,297956,193,214
297549,297758,297959,201,209
297549,297760,297959,199,211
297550,297778,297963,185,228
297552,297959,297964,5,407
297550,297868,297968,100,318
297550,297867,297970,103,317
297550,297776,297971,195,226
297551,297873,297971,98,322
297550,297867,297972,105,317
297550,297778,297972,194,228
297550,297867,297972,105,317
297550,297867,297973,106,317
297550,297871,297973,102,321
297551,297878,297974,96,327
297551,297879,297976,97,328
297551,297874,297976,102,323
297550,297868,297978,110,318
297551,297881,297978,97,330
297551,297880,297979,99,329
297552,297979,297981,2,427
297551,297884,297981,97,333
297552,297980,297982,2,428
297553,297982,297984,2,429
297551,297924,298016,92,373
297551,297927,298018,91,376
297551,297935,298025,90,384
297551,297936,298028,92,385
297552,297953,298048,95,401
297552,297956,298049,93,404
297552,297968,298067,99,416
297552,297975,298069,94,423
297552,297974,298069,95,422
297552,297973,298068,95,421
297552,297971,298070,99,419
297552,297974,298070,96,422
297552,297971,298070,99,419
297552,297977,298069,92,425
297552,297973,298071,98,421
297553,298069,298072,3,516
297552,297982,298073,91,430
297551,297913,298084,171,362
297553,298084,298085,1,531
297552,297977,298096,119,425
297552,297979,298101,122,427
297552,297982,298101,119,430
297553,298102,298103,1,549
297553,297984,298105,121,431
297553,298017,298108,91,464
297553,298019,298110,91,466
297553,298026,298118,92,473
297551,297948,298121,173,397
297553,298028,298121,93,475
297551,297948,298122,174,397
297551,297948,298124,176,397
297554,298123,298125,2,569
297551,297947,298125,178,396
297551,297949,298126,177,398
297552,297956,298127,171,404
297551,297948,298129,181,397
297551,297945,298130,185,394
297551,297935,298130,195,384
297551,297947,298130,183,396
297551,297946,298136,190,395
297551,297945,298137,192,394
297551,297949,298137,188,398
297552,297963,298139,176,411
297552,297955,298138,183,403
297552,297956,298139,183,404
297552,297951,298142,191,399
297552,297959,298142,183,407
297553,298048,298142,94,495
297554,298140,298144,4,586
297553,298050,298144,94,497
297552,297954,298146,192,402
297552,297955,298147,192,403
297554,298148,298150,2,594
297552,297973,298154,181,421
297552,297964,298154,190,412
297554,298155,298159,4,601
297553,298068,298160,92,515
287299,287299,298160,10861,0
297553,298069,298162,93,516
297553,298069,298163,94,516
297553,298070,298165,95,517
297553,298072,298167,95,519
297553,298070,298168,98,517
297553,298071,298169,98,518
297552,297971,298171,200,419
297553,298070,298171,101,517
297553,298074,298171,97,521
297553,298070,298171,101,517
297553,298096,298193,97,543
297553,298102,298196,94,549
297553,298104,298198,94,551
297553,298105,298200,95,552
297553,298108,298200,92,555
297553,298110,298204,94,557
297553,298119,298212,93,566
297554,298122,298213,91,568
297554,298143,298238,95,589
297554,298145,298239,94,591
297555,298169,298261,92,614
297555,298166,298262,96,611
297555,298161,298261,100,606
297555,298163,298261,98,608
297555,298168,298262,94,613
297555,298163,298262,99,608
297555,298170,298262,92,615
297555,298172,298263,91,617
297553,298086,298265,179,533
297555,298172,298267,95,617
297555,298172,298268,96,617
297555,298193,298285,92,638
297555,298197,298289,92,642
297555,298199,298292,93,644
297555,298200,298293,93,645
297555,298201,298295,94,646
297555,298204,298296,92,649
297555,298212,298302,90,657
297554,298121,298303,182,567
297554,298125,298305,180,571
297555,298214,298306,92,659
297554,298136,298308,172,582
297554,298126,298309,183,572
297554,298126,298310,184,572
297556,298310,298311,1,754
297554,298131,298311,180,577
297554,298125,298313,188,571
297554,298128,298316,188,574
297554,298130,298318,188,576
297554,298142,298318,176,588
297554,298130,298320,190,576
297554,298138,298321,183,584
297554,298138,298321,183,584
297556,298319,298323,4,763
297554,298142,298326,184,588
297554,298146,298326,180,592
297554,298129,298328,199,575
297554,298139,298329,190,585
297554,298139,298330,191,585
297554,298144,298331,187,590
297555,298238,298333,95,683
297555,298239,298333,94,684
297554,298154,298333,179,600
297554,298151,298339,188,597
297555,298160,298349,189,605
297555,298171,298356,185,616
297555,298262,298357,95,707
297555,298262,298358,96,707
297555,298263,298360,97,708
297555,298263,298361,98,708
297555,298263,298361,98,708
297555,298262,298362,100,707
297555,298262,298362,100,707
297556,298264,298364,100,708
297556,298269,298363,94,713
297556,298269,298365,96,713
297557,298365,298367,2,808
297556,298285,298378,93,729
297556,298290,298382,92,734
297556,298292,298384,92,736
297556,298294,298386,92,738
297556,298296,298387,91,740
297556,298295,298388,93,739
297556,298302,298395,93,746
297556,298307,298398,91,751
297557,298334,298427,93,777
297557,298334,298429,95,777
297558,298430,298432,2,872
297556,298266,298445,179,710
297557,298359,298455,96,802
297557,298362,298456,94,805
297557,298361,298456,95,804
297557,298362,298456,94,805
297557,298358,298456,98,801
297557,298363,298457,94,806
297557,298361,298458,97,804
297557,298365,298458,93,808
297558,298457,298458,1,899
297557,298365,298458,93,808
297557,298367,298461,94,810
297557,298379,298472,93,822
297557,298382,298474,92,825
297558,298473,298474,1,915
297557,298384,298478,94,827
297557,298388,298479,91,831
297557,298386,298480,94,829
297557,298389,298480,91,832
297558,298481,298482,1,923
297556,298309,298483,174,753
297557,298395,298487,92,838
297556,298311,298487,176,755
297557,298398,298489,91,841
297556,298314,298490,176,758
297556,298311,298491,180,755
297556,298306,298493,187,750
297556,298304,298496,192,748
297556,298309,298495,186,753
297556,298316,298496,180,760
297556,298321,298496,175,765
297556,298320,298501,181,764
297557,298329,298503,174,772
297556,298327,298503,176,771
297556,298324,298503,179,768
297556,298321,298504,183,765
297556,298319,298505,186,763
297557,298331,298505,174,774
297556,298326,298506,180,770
297557,298328,298508,180,771
297557,298334,298514,180,777
297557,298339,298516,177,782
297557,298332,298517,185,775
297558,298428,298522,94,870
297558,298433,298526,93,875
297557,298350,298529,179,793
297558,298455,298548,93,897
297557,298356,298548,192,799
297558,298457,298548,91,899
297558,298457,298550,93,899
297558,298459,298550,91,901
297558,298457,298551,94,899
297558,298457,298551,94,899
297558,298459,298552,93,901
297558,298459,298552,93,901
297558,298459,298553,94,901
297560,298553,298555,2,993
297558,298461,298555,94,903
297558,298475,298568,93,917
297558,298475,298570,95,917
297558,298478,298570,92,920
297558,298479,298571,92,921
297558,298482,298574,92,924
297558,298481,298574,93,923
297558,298487,298579,92,929
297558,298489,298581,92,931
297559,298522,298617,95,963
297558,298446,298619,173,888
297559,298526,298619,93,967
297559,298548,298642,94,989
297559,298549,298643,94,990
297559,298552,298643,91,993
297559,298551,298644,93,992
297559,298550,298644,94,991
297560,298552,298645,93,992
297560,298552,298645,93,992
297559,298552,298647,95,993
297560,298555,298648,93,995
297560,298555,298648,93,995
297560,298646,298648,2,1086
297560,298568,298658,90,1008
297558,298483,298661,178,925
297560,298570,298663,93,1010
297560,298570,298662,92,1010
297560,298571,298663,92,1011
297558,298490,298666,176,932
297560,298575,298667,92,1015
297560,298575,298668,93,1015
297558,298487,298668,181,929
297559,298494,298669,175,935
297560,298580,298671,91,1020
297559,298492,298672,180,933
297559,298496,298671,175,937
297560,298582,298674,92,1022
297559,298502,298674,172,943
297559,298503,298676,173,944
297559,298497,298677,180,938
297559,298496,298679,183,937
297559,298509,298684,175,950
297559,298497,298685,188,938
297559,298503,298685,182,944
297559,298504,298686,182,945
297559,298505,298686,181,946
297559,298506,298688,182,947
297559,298505,298693,188,946
297559,298518,298694,176,959
297559,298517,298695,178,958
297559,298505,298698,193,946
297559,298515,298704,189,956
297560,298617,298710,93,1057
297560,298620,298712,92,1060
297562,298712,298714,2,1150
297559,298529,298722,193,970
297560,298642,298735,93,1082
297560,298644,298737,93,1084
297559,298549,298737,188,990
297560,298644,298737,93,1084
297560,298644,298737,93,1084
297560,298645,298738,93,1085
297560,298647,298739,92,1087
297560,298646,298740,94,1086
297562,298739,298741,2,1177
297560,298649,298742,93,1089
297560,298649,298742,93,1089
297561,298649,298743,94,1088
297561,298658,298752,94,1097
297561,298664,298755,91,1103
297561,298664,298757,93,1103
297561,298663,298758,95,1102
297561,298668,298760,92,1107
297561,298669,298763,94,1108
297561,298672,298764,92,1111
297561,298674,298766,92,1113
297560,298619,298795,176,1059
297563,298796,298797,1,1233
297562,298710,298803,93,1148
297562,298714,298806,92,1152
297562,298736,298830,94,1174
297562,298738,298830,92,1176
297562,298737,298830,93,1175
297562,298737,298831,94,1175
297562,298738,298832,94,1176
297561,298662,298833,171,1101
297562,298741,298834,93,1179
297562,298742,298834,92,1180
297562,298742,298834,92,1180
297562,298742,298835,93,1180
297562,298743,298837,94,1181
297561,298669,298842,173,1108
297561,298667,298843,176,1106
297562,298753,298845,92,1191
297561,298674,298847,173,1113
297562,298756,298848,92,1194
297561,298672,298850,178,1111
297562,298757,298849,92,1195
297561,298670,298851,181,1109
297561,298672,298852,180,1111
297563,298850,298851,1,1287
297562,298761,298852,91,1199
297564,298852,298853,1,1288
297562,298759,298853,94,1197
297561,298678,298856,178,1117
297563,298765,298856,91,1202
297561,298685,298856,171,1124
297563,298763,298857,94,1200
297561,298676,298859,183,1115
297561,298686,298860,174,1125
297563,298768,298861,93,1205
297561,298680,298865,185,1119
297561,298689,298868,179,1128
297561,298687,298871,184,1126
297561,298694,298873,179,1133
297562,298695,298873,178,1133
297561,298686,298876,190,1125
297561,298687,298879,192,1126
297562,298698,298879,181,1136
297562,298696,298881,185,1134
297562,298704,298887,183,1142
297563,298804,298897,93,1241
297563,298807,298900,93,1244
297562,298722,298909,187,1160
297562,298737,298921,184,1175
297563,298831,298924,93,1268
297563,298830,298924,94,1267
297563,298830,298925,95,1267
297563,298833,298926,93,1270
297563,298834,298926,92,1271
297563,298834,298927,93,1271
297563,298832,298926,94,1269
297563,298835,298928,93,1272
297565,298926,298928,2,1361
297563,298836,298930,94,1273
297563,298838,298931,93,1275
297565,298931,298933,2,1366
297563,298846,298941,95,1283
297563,298848,298942,94,1285
297564,298850,298943,93,1286
297564,298852,298945,93,1288
297564,298853,298945,92,1289
297564,298856,298948,92,1292
297564,298857,298950,93,1293
297564,298861,298953,92,1297
297563,298797,298978,181,1234
297566,298979,298980,1,1413
297565,298898,298993,95,1333
297565,298901,298994,93,1336
297566,298994,298996,2,1428
297563,298834,299005,171,1271
297565,298924,299018,94,1359
297565,298925,299020,95,1360
297565,298927,299019,92,1362
297565,298926,299020,94,1361
297565,298927,299020,93,1362
297565,298927,299020,93,1362
297565,298928,299021,93,1363
297565,298929,299023,94,1364
297565,298930,299025,95,1365
297567,299024,299026,2,1457
297565,298933,299026,93,1368
297563,298844,299031,187,1281
297563,298843,299032,189,1280
297567,299031,299032,1,1464
297565,298942,299035,93,1377
297566,298944,299036,92,1378
297566,298943,299036,93,1377
297563,298847,299036,189,1284
297564,298852,299038,186,1288
297564,298856,299038,182,1292
297564,298853,299038,185,1289
297564,298852,299038,186,1288
297564,298859,299039,180,1295
297566,298946,299039,93,1380
297566,298946,299040,94,1380
297564,298857,299040,183,1293
297564,298861,299040,179,1297
297566,298949,299040,91,1383
297567,299040,299042,2,1473
297566,298951,299044,93,1385
297566,298954,299046,92,1388
297564,298866,299047,181,1302
297565,298880,299053,173,1315
297564,298874,299053,179,1310
297564,298868,299057,189,1304
297564,298877,299061,184,1313
297564,298879,299062,183,1315
297564,298872,299062,190,1308
297565,298888,299063,175,1323
297564,298873,299064,191,1309
297568,299064,299066,2,1496
297565,298882,299068,186,1317
297566,298995,299088,93,1429
297566,298997,299090,93,1431
297565,298910,299096,186,1345
297565,298921,299098,177,1356
297568,299097,299101,4,1529
297566,299019,299112,93,1453
297566,299020,299113,93,1454
297566,299021,299113,92,1455
297566,299021,299114,93,1455
297566,299020,299114,94,1454
297566,299022,299115,93,1456
297566,299021,299116,95,1455
297567,299026,299119,93,1459
297567,299027,299120,93,1460
297567,299026,299120,94,1459
297567,299036,299129,93,1469
297567,299035,299129,94,1468
297567,299040,299131,91,1473
297567,299037,299132,95,1470
297567,299041,299134,93,1474
297567,299040,299134,94,1473
297568,299044,299137,93,1476
297568,299046,299138,92,1478
297569,299138,299140,2,1569
297566,298980,299160,180,1414
297568,299088,299181,93,1520
297568,299091,299184,93,1523
297570,299184,299186,2,1614
297566,299006,299188,182,1440
297567,299032,299202,170,1465
297568,299112,299205,93,1544
297568,299114,299205,91,1546
297569,299114,299206,92,1545
297567,299032,299206,174,1465
297569,299115,299207,92,1546
297569,299116,299208,92,1547
297569,299115,299208,93,1546
297570,299207,299209,2,1637
297569,299114,299209,95,1545
297569,299120,299211,91,1551
297569,299120,299211,91,1551
297567,299039,299212,173,1472
297570,299212,299213,1,1642
297567,299039,299212,173,1472
297569,299120,299215,95,1551
297567,299040,299216,176,1473
297567,299039,299217,178,1472
297567,299038,299219,181,1471
297567,299041,299220,179,1474
297571,299217,299219,2,1646
297568,299043,299221,178,1475
297569,299130,299220,90,1561
297569,299129,299221,92,1560
297569,299131,299222,91,1562
297567,299037,299225,188,1470
297569,299134,299225,91,1565
297568,299054,299225,171,1486
297569,299133,299225,92,1564
297568,299048,299226,178,1480
297571,299226,299227,1,1655
297569,299135,299226,91,1566
297568,299054,299230,176,1486
297569,299139,299230,91,1570
297568,299061,299232,171,1493
297569,299140,299232,92,1571
297568,299058,299236,178,1490
297568,299062,299237,175,1494
297568,299067,299239,172,1499
297568,299069,299241,172,1501
297568,299064,299244,180,1496
297568,299062,299252,190,1494
297569,299182,299275,93,1613
297568,299098,299276,178,1530
297570,299187,299281,94,1617
297568,299101,299287,186,1533
297570,299205,299298,93,1635
297570,299206,299300,94,1636
297570,299208,299300,92,1638
297570,299209,299301,92,1639
297570,299210,299301,91,1640
297570,299206,299302,96,1636
297570,299212,299302,90,1642
297570,299210,299303,93,1640
297570,299211,299304,93,1641
297570,299216,299308,92,1646
297571,299221,299311,90,1650
297571,299222,299312,90,1651
297571,299223,299316,93,1652
297571,299226,299319,93,1655
297569,299161,299350,189,1592
297570,299189,299359,170,1619
297570,299202,299376,174,1632
297570,299207,299377,170,1637
297571,299217,299388,171,1646
297570,299213,299390,177,1643
297570,299213,299390,177,1643
297571,299221,299394,173,1650
297571,299221,299397,176,1650
297571,299225,299398,173,1654
297571,299219,299402,183,1648
297571,299221,299403,182,1650
297571,299226,299406,180,1655
297571,299226,299419,193,1655
287299,287299,300126,12827,0
301555,301555,301648,93,0
301555,301555,301647,92,0
301555,301555,301680,125,0
301852,301852,301942,90,0
301852,301852,301943,91,0
301852,301852,301977,125,0
301962,301962,302054,92,0
301962,301962,302089,127,0
301962,301962,302089,127,0
302315,302315,302317,2,0
302316,302316,302317,1,0
302315,302315,302318,3,0
302316,302316,302318,2,0
302316,302316,302318,2,0
302316,302316,302319,3,0
302316,302318,302320,2,2
302316,302316,302408,92,0
302315,302315,302410,95,0
302315,302315,302410,95,0
302316,302316,302410,94,0
302316,302409,302410,1,93
302315,302315,302412,97,0
302315,302315,302411,96,0
302316,302316,302411,95,0
302315,302315,302412,97,0
302316,302316,302411,95,0
302316,302411,302412,1,95
302316,302319,302414,95,3
302316,302412,302414,2,96
302316,302318,302415,97,2
302317,302415,302417,2,98
302316,302321,302418,97,5
302317,302417,302419,2,100
302315,302316,302441,125,1
302316,302316,302442,126,0
302316,302316,302442,126,0
302316,302316,302442,126,0
302316,302316,302443,127,0
302316,302317,302446,129,1
302316,302317,302448,131,1
302315,302315,302449,134,0
302317,302447,302450,3,130
302315,302315,302452,137,0
302316,302319,302452,133,3
302317,302451,302453,2,134
302315,302315,302453,138,0
302315,302315,302455,140,0
302316,302410,302505,95,94
302316,302412,302506,94,96
302316,302412,302506,94,96
302316,302412,302507,95,96
302316,302411,302507,96,95
302316,302411,302507,96,95
302316,302412,302508,96,96
302317,302414,302508,94,97
302317,302413,302508,95,96
302317,302507,302509,2,190
302317,302415,302511,96,98
302317,302418,302512,94,101
302318,302512,302514,2,194
302317,302420,302516,96,103
302317,302442,302569,127,125
302317,302443,302572,129,126
302318,302572,302573,1,254
302317,302443,302576,133,126
302317,302453,302578,125,136
302317,302453,302578,125,136
302317,302448,302579,131,131
302317,302442,302584,142,125
302317,302443,302585,142,126
302317,302450,302585,135,133
302317,302456,302587,131,139
302317,302455,302587,132,138
302317,302453,302589,136,136
302318,302580,302588,8,262
302318,302588,302589,1,270
302317,302506,302598,92,189
302317,302507,302600,93,190
302317,302508,302600,92,191
302317,302508,302599,91,191
302317,302508,302602,94,191
302318,302510,302603,93,192
302318,302600,302602,2,282
302318,302509,302604,95,191
302317,302509,302604,95,192
302318,302509,302605,96,191
302318,302513,302608,95,195
302318,302514,302608,94,196
302319,302605,302607,2,286
302318,302517,302613,96,199
302318,302599,302692,93,281
302318,302600,302693,93,282
302319,302693,302694,1,374
302318,302600,302696,96,282
302318,302569,302696,127,251
302319,302604,302697,93,285
302318,302603,302698,95,285
302318,302603,302699,96,285
302319,302697,302699,2,378
302318,302574,302700,126,256
302319,302699,302700,1,380
302318,302603,302700,97,285
302319,302605,302700,95,286
302319,302608,302704,96,289
302318,302576,302703,127,258
302318,302578,302706,128,260
302319,302608,302706,98,289
302319,302608,302707,99,289
302319,302707,302709,2,388
302319,302614,302709,95,295
302318,302585,302711,126,267
302320,302711,302712,1,391
302318,302579,302712,133,261
302318,302589,302713,124,271
302318,302584,302713,129,266
302318,302590,302714,124,272
302318,302588,302715,127,270
302318,302586,302715,129,268
302318,302589,302716,127,271
302319,302694,302786,92,375
302319,302695,302790,95,376
302319,302696,302789,93,377
302319,302699,302791,92,380
302320,302790,302791,1,470
302319,302698,302792,94,379
302319,302699,302795,96,380
302319,302701,302797,96,382
302319,302701,302797,96,382
302319,302704,302799,95,385
302319,302708,302801,93,389
302319,302709,302802,93,390
302319,302709,302806,97,390
302320,302807,302808,1,487
302319,302702,302827,125,383
302319,302700,302828,128,381
302319,302704,302831,127,385
302319,302706,302833,127,387
302320,302716,302839,123,396
302320,302716,302839,123,396
302320,302712,302840,128,392
302320,302839,302840,1,519
302320,302712,302841,129,392
302320,302713,302843,130,393
302320,302716,302843,127,396
302320,302713,302843,130,393
302321,302843,302844,1,522
302320,302715,302845,130,395
302320,302786,302881,95,466
302321,302882,302883,1,561
302320,302791,302886,95,471
302320,302790,302886,96,470
302320,302791,302886,95,471
302320,302792,302888,96,472
302320,302795,302891,96,475
302320,302801,302892,91,481
302320,302799,302895,96,479
302320,302797,302895,98,477
302320,302797,302895,98,477
302320,302802,302897,95,482
302321,302896,302898,2,575
302320,302809,302901,92,489
302320,302827,302954,127,507
302320,302832,302958,126,512
302320,302833,302958,125,513
302320,302828,302958,130,508
302321,302954,302958,4,633
302320,302839,302965,126,519
302321,302840,302966,126,519
302321,302842,302968,126,521
302321,302841,302968,127,520
302321,302844,302971,127,523
302321,302844,302973,129,523
302321,302845,302975,130,524
302321,302884,302976,92,563
302321,302846,302977,131,525
302322,302976,302978,2,654
302321,302887,302979,92,566
302321,302887,302982,95,566
302321,302886,302983,97,565
302321,302888,302983,95,567
302321,302893,302983,90,572
302321,302892,302986,94,571
302321,302896,302988,92,575
302321,302896,302989,93,575
302322,302990,302991,1,668
302321,302898,302991,93,577
302322,302992,302993,1,670
302321,302898,302994,96,577
302321,302901,302996,95,580
302322,302997,302999,2,675
302322,302978,303071,93,656
302322,302980,303072,92,658
302322,302983,303074,91,661
302322,302984,303077,93,662
302322,302984,303077,93,662
302322,302986,303077,91,664
302322,302983,303078,95,661
302322,302988,303080,92,666
302321,302959,303083,124,638
302322,302993,303086,93,671
302322,302992,303087,95,670
302321,302959,303087,128,638
302321,302959,303088,129,638
302321,302959,303088,129,638
302322,302995,303089,94,673
302323,303087,303089,2,764
302323,303089,303091,2,766
302321,302965,303091,126,644
302322,302966,303092,126,644
302322,302968,303094,126,646
302322,302999,303094,95,677
302322,302969,303095,126,647
302322,302971,303098,127,649
302322,302973,303097,124,651
302322,302975,303099,124,653
302322,302978,303100,122,656
302322,303072,303165,93,750
302322,303072,303165,93,750
302322,303075,303166,91,753
302322,303078,303169,91,756
302322,303077,303170,93,755
302322,303077,303170,93,755
302323,303081,303172,91,758
302323,303078,303173,95,755
302323,303087,303179,92,764
302323,303089,303181,92,766
302323,303091,303185,94,768
302323,303094,303188,94,771
302323,303083,303209,126,760
302323,303088,303212,124,765
302323,303089,303213,124,766
302323,303089,303214,125,766
302323,303092,303214,122,769
302323,303093,303218,125,770
302323,303095,303219,124,772
302323,303094,303220,126,771
302323,303098,303221,123,775
302323,303099,303222,123,776
302323,303098,303223,125,775
302323,303101,303227,126,778
302323,303166,303258,92,843
302323,303166,303258,92,843
302323,303167,303260,93,844
302323,303170,303261,91,847
302323,303171,303263,92,848
302323,303171,303265,94,848
302323,303173,303267,94,850
302323,303174,303267,93,851
302324,303267,303269,2,943
302324,303180,303271,91,856
302324,303182,303275,93,858
302324,303185,303278,93,861
302324,303189,303281,92,865
302324,303210,303336,126,886
302324,303214,303337,123,890
302324,303214,303339,125,890
302324,303215,303342,127,891
302324,303219,303343,124,895
302324,303215,303345,130,891
302324,303221,303345,124,897
302324,303220,303347,127,896
302324,303224,303347,123,900
302325,303346,303347,1,1021
302324,303222,303349,127,898
302324,303227,303351,124,903
302324,303259,303351,92,935
302324,303259,303352,93,935
302324,303222,303352,130,898
302324,303261,303354,93,937
302324,303263,303357,94,939
302324,303262,303358,96,938
302324,303265,303358,93,941
302324,303268,303362,94,944
302324,303270,303362,92,946
302324,303272,303365,93,948
302324,303275,303368,93,951
302325,303369,303370,1,1044
302324,303278,303372,94,954
302324,303282,303375,93,958
302325,303353,303445,92,1028
302325,303352,303446,94,1027
302325,303355,303446,91,1030
302325,303358,303451,93,1033
302325,303358,303452,94,1033
302325,303359,303453,94,1034
302325,303362,303456,94,1037
302325,303363,303457,94,1038
302325,303336,303459,123,1011
302325,303337,303459,122,1012
302325,303366,303460,94,1041
302325,303371,303464,93,1046
302325,303373,303465,92,1048
302325,303344,303465,121,1019
302325,303339,303466,127,1014
302326,303466,303467,1,1140
302325,303376,303470,94,1051
302325,303346,303471,125,1021
302325,303348,303471,123,1023
302325,303342,303472,130,1017
302326,303472,303473,1,1146
302325,303348,303473,125,1023
302325,303348,303476,128,1023
302325,303351,303477,126,1026
302325,303351,303478,127,1026
302325,303353,303478,125,1028
302326,303478,303479,1,1152
302326,303447,303538,91,1121
302325,303446,303539,93,1121
302326,303447,303539,92,1121
302327,303540,303541,1,1213
302326,303451,303545,94,1125
302326,303453,303546,93,1127
302326,303454,303548,94,1128
302326,303456,303549,93,1130
302326,303457,303552,95,1131
302326,303460,303553,93,1134
302326,303464,303557,93,1138
302327,303557,303559,2,1230
302326,303466,303561,95,1140
302326,303470,303564,94,1144
302326,303460,303585,125,1134
302326,303460,303587,127,1134
302326,303467,303594,127,1141
302326,303471,303596,125,1145
302326,303468,303598,130,1142
302326,303474,303598,124,1148
302326,303472,303599,127,1146
302326,303476,303598,122,1150
302327,303599,303600,1,1272
302326,303474,303600,126,1148
302326,303477,303601,124,1151
302326,303479,303602,123,1153
302326,303478,303605,127,1152
302326,303539,303629,90,1213
302327,303540,303632,92,1213
302327,303541,303633,92,1214
302327,303546,303639,93,1219
302327,303547,303640,93,1220
302327,303548,303640,92,1221
302327,303549,303642,93,1222
302334,303641,303643,2,1307
302327,303553,303645,92,1226
302327,303553,303646,93,1226
302327,303559,303652,93,1232
302327,303562,303655,93,1235
302327,303565,303657,92,1238
302327,303586,303709,123,1259
302327,303588,303714,126,1261
302327,303594,303717,123,1267
302327,303598,303720,122,1271
302327,303599,303721,122,1272
302327,303596,303721,125,1269
302327,303599,303723,124,1272
302327,303630,303727,97,1303
302327,303600,303728,128,1273
302328,303633,303728,95,1305
302328,303632,303731,99,1304
302327,303601,303731,130,1274
302327,303601,303734,133,1274
302327,303602,303734,132,1275
302327,303606,303735,129,1279
302334,303641,303736,95,1307
302334,303643,303737,94,1309
302334,303645,303738,93,1311
302334,303642,303739,97,1308
302334,303646,303741,95,1312
302334,303639,303741,102,1305
302335,303653,303746,93,1318
302335,303655,303747,92,1320
302335,303746,303748,2,1411
302335,303658,303751,93,1323
302335,303737,303830,93,1402
302335,303738,303832,94,1403
302335,303729,303832,103,1394
302335,303741,303833,92,1406
302335,303731,303833,102,1396
302335,303739,303833,94,1404
302335,303728,303834,106,1393
302335,303739,303835,96,1404
302335,303710,303837,127,1375
302335,303715,303838,123,1380
302335,303742,303837,95,1407
302336,303835,303837,2,1499
302336,303838,303839,1,1502
302336,303748,303840,92,1412
302335,303718,303843,125,1383
302336,303748,303845,97,1412
302336,303751,303846,95,1415
302335,303721,303847,126,1386
302335,303721,303847,126,1386
302335,303722,303847,125,1387
302335,303728,303853,125,1393
302335,303724,303859,135,1389
302337,303859,303860,1,1522
302335,303735,303861,126,1400
302335,303736,303864,128,1401
302335,303732,303865,133,1397
302335,303735,303867,132,1400
302336,303832,303926,94,1496
302336,303833,303926,93,1497
302336,303831,303928,97,1495
302336,303834,303928,94,1498
302337,303927,303929,2,1590
302336,303834,303929,95,1498
302336,303833,303931,98,1497
302336,303838,303930,92,1502
302336,303836,303932,96,1500
302336,303839,303934,95,1503
302336,303841,303937,96,1505
302336,303846,303939,93,1510
302337,303937,303939,2,1600
302336,303847,303939,92,1511
302336,303838,303962,124,1502
302336,303838,303963,125,1502
302336,303844,303969,125,1508
302336,303847,303969,122,1511
302336,303847,303970,123,1511
302336,303847,303970,123,1511
302337,303853,303976,123,1516
302337,303860,303984,124,1523
302337,303862,303986,124,1525
302337,303866,303988,122,1529
302338,303987,303988,1,1649
302337,303866,303991,125,1529
302337,303868,303992,124,1531
302337,303927,304020,93,1590
302337,303929,304020,91,1592
302337,303929,304021,92,1592
302337,303929,304022,93,1592
302337,303930,304023,93,1593
302337,303931,304023,92,1594
302337,303934,304025,91,1597
302337,303932,304025,93,1595
302337,303931,304025,94,1594
302337,303939,304032,93,1602
302337,303939,304033,94,1602
302337,303940,304034,94,1603
302339,304034,304036,2,1695
302338,303963,304086,123,1625
302338,303964,304089,125,1626
302338,303971,304093,122,1633
302338,303971,304095,124,1633
302338,303970,304097,127,1632
302338,303970,304098,128,1632
302338,303977,304104,127,1639
302338,303988,304110,122,1650
302338,303985,304113,128,1647
302338,303992,304112,120,1654
302338,304021,304113,92,1683
302338,304020,304115,95,1682
302338,304022,304115,93,1684
302338,304023,304115,92,1685
302338,304023,304115,92,1685
302338,303993,304115,122,1655
302338,304021,304116,95,1683
302338,303989,304117,128,1651
302338,304025,304118,93,1687
302340,304117,304119,2,1777
302339,304026,304119,93,1687
302338,304026,304119,93,1688
302340,304120,304121,1,1780
302339,304032,304127,95,1693
302339,304034,304129,95,1695
302339,304037,304129,92,1698
302340,304129,304131,2,1789
302339,304113,304206,93,1774
302339,304116,304208,92,1777
302339,304116,304208,92,1777
302339,304116,304209,93,1777
302339,304116,304210,94,1777
302340,304119,304212,93,1779
302340,304118,304212,94,1778
302340,304121,304212,91,1781
302340,304208,304212,4,1868
302339,304087,304212,125,1748
302339,304090,304213,123,1751
302341,304213,304214,1,1872
302340,304120,304217,97,1780
302339,304093,304219,126,1754
302339,304095,304219,124,1756
302340,304127,304220,93,1787
302339,304099,304222,123,1760
302340,304129,304222,93,1789
302340,304131,304224,93,1791
302341,304223,304225,2,1882
302339,304098,304228,130,1759
302339,304106,304229,123,1767
302339,304110,304234,124,1771
302339,304113,304234,121,1774
302340,304117,304239,122,1777
302339,304113,304240,127,1774
302341,304241,304242,1,1900
302341,304242,304243,1,1901
302340,304118,304243,125,1778
302341,304243,304244,1,1902
302342,304248,304249,1,1906
302342,304248,304249,1,1906
302342,304249,304250,1,1907
302342,304249,304250,1,1907
302342,304250,304251,1,1908
302342,304250,304251,1,1908
302342,304251,304252,1,1909
302342,304251,304252,1,1909
302342,304252,304253,1,1910
302342,304252,304253,1,1910
302342,304253,304254,1,1911
302342,304253,304254,1,1911
302342,304254,304255,1,1912
302342,304254,304255,1,1912
302341,304235,304259,24,1894
302343,304259,304260,1,1916
302343,304259,304260,1,1916
302343,304260,304261,1,1917
302343,304260,304261,1,1917
302343,304260,304261,1,1917
302343,304261,304262,1,1918
302343,304261,304262,1,1918
302343,304261,304262,1,1918
302343,304262,304263,1,1919
302343,304262,304263,1,1919
302341,304239,304263,24,1898
302340,304207,304302,95,1867
302340,304208,304302,94,1868
302340,304212,304303,91,1872
302340,304212,304303,91,1872
302340,304209,304304,95,1869
302340,304211,304304,93,1871
302340,304212,304304,92,1872
302341,304213,304305,92,1872
302341,304217,304309,92,1876
302341,304221,304315,94,1880
302341,304225,304318,93,1884
302341,304225,304318,93,1884
302341,304213,304339,126,1872
302341,304214,304343,129,1873
302341,304219,304344,125,1878
302341,304219,304343,124,1878
302341,304222,304348,126,1881
302341,304229,304352,123,1888
302341,304230,304354,124,1889
302341,304235,304360,125,1894
302344,304264,304389,125,1920
302343,304263,304390,127,1920
302343,304262,304392,130,1919
302344,304302,304396,94,1958
302344,304304,304395,91,1960
302343,304263,304395,132,1920
302344,304303,304396,93,1959
302344,304305,304398,93,1961
302344,304304,304397,93,1960
302344,304306,304397,91,1962
302344,304304,304399,95,1960
302344,304305,304398,93,1961
302345,304398,304399,1,2053
302344,304309,304401,92,1965
302344,304318,304410,92,1974
302344,304316,304411,95,1972
302344,304318,304412,94,1974
302344,304340,304467,127,1996
302344,304343,304468,125,1999
302344,304344,304472,128,2000
302344,304344,304472,128,2000
302344,304348,304475,127,2004
302344,304353,304477,124,2009
302346,304476,304477,1,2130
302345,304354,304482,128,2009
302345,304360,304484,124,2015
302345,304396,304488,92,2051
302345,304396,304489,93,2051
302345,304397,304491,94,2052
302345,304399,304490,91,2054
302345,304399,304492,93,2054
302345,304398,304492,94,2053
302345,304398,304492,94,2053
302345,304399,304493,94,2054
302345,304402,304494,92,2057
302346,304493,304495,2,2147
302345,304412,304504,92,2067
302345,304411,304505,94,2066
302346,304413,304506,93,2067
302347,304504,304506,2,2157
302345,304390,304514,124,2045
302345,304392,304515,123,2047
302345,304389,304518,129,2044
302345,304396,304522,126,2051
302347,304523,304524,1,2176
302346,304489,304581,92,2143
302346,304488,304583,95,2142
302346,304492,304584,92,2146
302346,304492,304584,92,2146
302346,304493,304585,92,2147
302346,304492,304586,94,2146
302346,304493,304588,95,2147
302346,304495,304589,94,2149
302347,304496,304589,93,2149
302346,304467,304590,123,2121
302346,304473,304594,121,2127
302347,304506,304598,92,2159
302346,304469,304599,130,2123
302347,304505,304599,94,2158
302347,304506,304599,93,2159
302346,304477,304599,122,2131
302346,304473,304601,128,2127
302346,304477,304601,124,2131
302348,304602,304603,1,2254
302346,304482,304608,126,2136
302346,304484,304611,127,2138
302347,304515,304641,126,2168
302347,304516,304642,126,2169
302347,304519,304645,126,2172
302347,304524,304649,125,2177
302347,304583,304674,91,2236
302348,304674,304675,1,2326
302347,304582,304675,93,2235
302347,304585,304675,90,2238
302349,304676,304677,1,2327
302347,304585,304678,93,2238
302347,304586,304679,93,2239
302347,304587,304680,93,2240
302347,304589,304681,92,2242
302347,304589,304682,93,2242
302348,304590,304683,93,2242
302349,304683,304685,2,2334
302348,304600,304692,92,2252
302348,304600,304693,93,2252
302348,304599,304693,94,2251
302349,304693,304695,2,2344
302348,304590,304715,125,2242
302348,304600,304721,121,2252
302348,304595,304724,129,2247
302348,304600,304724,124,2252
302348,304602,304726,124,2254
302348,304603,304727,124,2255
302348,304609,304734,125,2261
302348,304612,304737,125,2264
302350,304737,304738,1,2387
302348,304642,304765,123,2294
302348,304643,304767,124,2295
302348,304676,304769,93,2328
302348,304646,304769,123,2298
302348,304675,304769,94,2327
302348,304649,304771,122,2301
302349,304678,304772,94,2329
302349,304679,304771,92,2330
302349,304680,304772,92,2331
302350,304772,304773,1,2422
302349,304680,304773,93,2331
302349,304682,304774,92,2333
302349,304683,304777,94,2334
302349,304685,304778,93,2336
302349,304694,304786,92,2345
302349,304693,304787,94,2344
302349,304695,304788,93,2346
302349,304715,304843,128,2366
302349,304722,304848,126,2373
302349,304725,304849,124,2376
302349,304725,304849,124,2376
302349,304726,304849,123,2377
302349,304728,304850,122,2379
302349,304735,304859,124,2386
302351,304860,304861,1,2509
302350,304770,304861,91,2420
302350,304769,304862,93,2419
302350,304772,304864,92,2422
302350,304738,304865,127,2388
302350,304773,304866,93,2423
302350,304773,304865,92,2423
302350,304773,304869,96,2423
302350,304775,304869,94,2425
302350,304778,304870,92,2428
302350,304778,304873,95,2428
302350,304786,304880,94,2436
302350,304788,304881,93,2438
302350,304789,304882,93,2439
302351,304881,304883,2,2530
302352,304883,304885,2,2531
302350,304772,304896,124,2422
302350,304765,304897,132,2415
302350,304767,304898,131,2417
302350,304771,304902,131,2421
302351,304861,304953,92,2510
302351,304863,304956,93,2512
302351,304864,304957,93,2513
302351,304866,304959,93,2515
302351,304866,304961,95,2515
302351,304870,304963,93,2519
302351,304871,304963,92,2520
302352,304964,304966,2,2612
302351,304873,304966,93,2522
302351,304870,304967,97,2519
302352,304967,304969,2,2615
302350,304843,304969,126,2493
302351,304849,304972,123,2498
302351,304849,304972,123,2498
302351,304850,304973,123,2499
302351,304881,304973,92,2530
302351,304849,304974,125,2498
302351,304849,304975,126,2498
302352,304883,304976,93,2531
302352,304885,304980,95,2533
302351,304861,304986,125,2510
302351,304865,304994,129,2514
302352,304898,305022,124,2546
302352,304896,305024,128,2544
302352,304898,305029,131,2546
302352,304903,305029,126,2551
302353,305030,305031,1,2677
302352,304954,305047,93,2602
302352,304957,305048,91,2605
302352,304956,305048,92,2604
302352,304960,305052,92,2608
302352,304962,305054,92,2610
302354,305054,305055,1,2700
302352,304963,305056,93,2611
302352,304966,305059,93,2614
302352,304967,305059,92,2615
302352,304969,305062,93,2617
302353,304974,305067,93,2621
302353,304976,305069,93,2623
302354,305069,305070,1,2715
302353,304981,305072,91,2628
302353,304972,305095,123,2619
302353,304970,305096,126,2617
302353,304972,305096,124,2619
302354,305096,305097,1,2742
302353,304974,305097,123,2621
302353,304975,305100,125,2622
302353,304977,305103,126,2624
302353,304988,305113,125,2635
302353,304995,305124,129,2642
302353,305048,305140,92,2695
302354,305049,305141,92,2695
302353,305048,305142,94,2695
302354,305052,305146,94,2698
302354,305055,305147,92,2701
302354,305060,305151,91,2706
302354,305060,305152,92,2706
302353,305024,305152,128,2671
302354,305057,305153,96,2703
302353,305023,305154,131,2670
302355,305153,305154,1,2798
302353,305029,305154,125,2676
302355,305154,305155,1,2799
302354,305063,305156,93,2709
302353,305031,305157,126,2678
302355,305156,305158,2,2801
302354,305068,305162,94,2714
302354,305071,305165,94,2717
302354,305073,305167,94,2719
302354,305096,305221,125,2742
302354,305097,305222,125,2743
302354,305101,305225,124,2747
302354,305097,305225,128,2743
302354,305098,305228,130,2744
302355,305141,305232,91,2786
302355,305141,305233,92,2786
302354,305104,305234,130,2750
302355,305143,305236,93,2788
302355,305115,305238,123,2760
302355,305147,305239,92,2792
302355,305148,305240,92,2793
302355,305151,305245,94,2796
302355,305153,305246,93,2798
302355,305152,305246,94,2797
302356,305246,305247,1,2890
302356,305247,305248,1,2891
302355,305158,305250,92,2803
302355,305125,305252,127,2770
302355,305163,305256,93,2808
302357,305257,305258,1,2900
302356,305166,305262,96,2810
302356,305168,305264,96,2812
302355,305154,305279,125,2799
302355,305155,305282,127,2800
302355,305155,305286,131,2800
302355,305158,305289,131,2803
302356,305233,305327,94,2877
302356,305234,305329,95,2878
302356,305237,305330,93,2881
302356,305239,305332,93,2883
302356,305240,305333,93,2884
302356,305248,305339,91,2892
302356,305247,305341,94,2891
302357,305340,305342,2,2983
302356,305251,305343,92,2895
302356,305249,305343,94,2893
302356,305222,305346,124,2866
302356,305226,305349,123,2870
302356,305225,305350,125,2869
302357,305259,305353,94,2902
302356,305223,305354,131,2867
302356,305228,305354,126,2872
302357,305262,305357,95,2905
302357,305265,305360,95,2908
302356,305234,305361,127,2878
302356,305239,305367,128,2883
302357,305252,305380,128,2895
302357,305280,305406,126,2923
302357,305283,305406,123,2926
302357,305286,305417,131,2929
302357,305290,305421,131,2933
302357,305328,305422,94,2971
302357,305329,305422,93,2972
302357,305331,305423,92,2974
302357,305333,305425,92,2976
302357,305334,305427,93,2977
302357,305341,305434,93,2984
302357,305342,305435,93,2985
302357,305343,305436,93,2986
302357,305343,305438,95,2986
302358,305353,305446,93,2995
302358,305357,305451,94,2999
302358,305361,305454,93,3003
302357,305347,305475,128,2990
302359,305475,305476,1,3116
302357,305351,305479,128,2994
302358,305355,305480,125,2997
302357,305350,305481,131,2993
302359,305481,305482,1,3122
302358,305355,305485,130,2997
302358,305362,305490,128,3004
302358,305367,305491,124,3009
302358,305381,305507,126,3023
302358,305422,305513,91,3064
302358,305422,305518,96,3064
302358,305426,305518,92,3068
302358,305424,305519,95,3066
302358,305428,305522,94,3070
302358,305437,305529,92,3079
302358,305434,305529,95,3076
302358,305435,305529,94,3077
302358,305439,305530,91,3081
302358,305407,305535,128,3049
302358,305407,305538,131,3049
302358,305447,305540,93,3089
302359,305451,305544,93,3092
302359,305454,305546,92,3095
302358,305418,305546,128,3060
302358,305421,305551,130,3063
302359,305476,305604,128,3117
302359,305480,305606,126,3121
302359,305514,305608,94,3155
302359,305483,305609,126,3124
302359,305479,305609,130,3120
302359,305486,305610,124,3127
302359,305521,305612,91,3162
302359,305518,305612,94,3159
302359,305519,305612,93,3160
302359,305491,305614,123,3132
302359,305523,305614,91,3164
302359,305492,305619,127,3133
302359,305529,305622,93,3170
302359,305530,305623,93,3171
302359,305531,305623,92,3172
302359,305530,305624,94,3171
302360,305541,305633,92,3181
302359,305508,305634,126,3149
302360,305544,305639,95,3184
302360,305546,305639,93,3186
302361,305640,305641,1,3279
302359,305538,305663,125,3179
302359,305535,305666,131,3176
302360,305546,305672,126,3186
302361,305672,305673,1,3311
302360,305552,305678,126,3192
302360,305609,305701,92,3249
302360,305613,305703,90,3253
302360,305612,305706,94,3252
302360,305612,305706,94,3252
302360,305615,305706,91,3255
302360,305623,305715,92,3263
302360,305623,305716,93,3263
302360,305624,305717,93,3264
302360,305623,305718,95,3263
302360,305615,305725,110,3255
302360,305634,305725,91,3274
302361,305640,305732,92,3279
302360,305606,305734,128,3246
302361,305642,305733,91,3281
302360,305605,305739,134,3245
302360,305609,305738,129,3249
302360,305610,305739,129,3250
302360,305610,305743,133,3250
302360,305619,305746,127,3259
302360,305634,305758,124,3274
302361,305663,305793,130,3302
302361,305703,305794,91,3342
302361,305704,305796,92,3343
302361,305707,305797,90,3346
302361,305673,305797,124,3312
302361,305707,305798,91,3346
302361,305666,305798,132,3305
302361,305678,305805,127,3317
307595,307595,307596,1,0
307595,307595,307596,1,0
307595,307595,307597,2,0
307595,307595,307685,90,0
307595,307595,307685,90,0
307595,307595,307685,90,0
307595,307595,307686,91,0
307595,307595,307686,91,0
307595,307595,307686,91,0
307595,307595,307690,95,0
307595,307595,307690,95,0
307595,307595,307691,96,0
307596,307597,307692,95,1
307595,307595,307693,98,0
307596,307686,307693,7,90
307596,307686,307693,7,90
307596,307692,307694,2,96
307595,307595,307695,100,0
307596,307687,307695,8,91
307596,307695,307699,4,99
307596,307693,307698,5,97
307596,307699,307700,1,103
307596,307694,307699,5,98
307596,307700,307702,2,104
307595,307595,307717,122,0
307595,307595,307717,122,0
307595,307595,307716,121,0
307596,307717,307718,1,121
307595,307595,307718,123,0
307595,307596,307722,126,1
307595,307595,307723,128,0
307595,307595,307723,128,0
307596,307599,307724,125,3
307596,307597,307726,129,1
307597,307724,307726,2,127
307595,307595,307727,132,0
307597,307719,307728,9,122
307595,307595,307728,133,0
307595,307595,307729,134,0
307597,307726,307729,3,129
307597,307727,307729,2,130
307597,307728,307729,1,131
307597,307729,307730,1,132
307596,307690,307782,92,94
307596,307687,307783,96,91
307596,307691,307784,93,95
307597,307782,307784,2,185
307596,307686,307785,99,90
307596,307687,307784,97,91
307597,307784,307786,2,187
307597,307785,307786,1,188
307596,307693,307787,94,97
307596,307694,307789,95,98
307596,307694,307790,96,98
307597,307790,307791,1,193
307596,307695,307792,97,99
307596,307700,307792,92,104
307596,307699,307792,93,103
307597,307792,307793,1,195
307596,307702,307794,92,106
307596,307717,307842,125,121
307596,307717,307846,129,121
307597,307726,307848,122,129
307597,307728,307849,121,131
307597,307724,307850,126,127
307597,307722,307852,130,125
307597,307724,307852,128,127
307596,307718,307852,134,122
307597,307730,307852,122,133
307597,307729,307853,124,132
307597,307732,307855,123,135
307597,307730,307859,129,133
307597,307784,307876,92,187
307597,307783,307876,93,186
307597,307786,307878,92,189
307597,307787,307879,92,190
307597,307786,307880,94,189
307597,307788,307880,92,191
307597,307791,307881,90,194
307598,307880,307882,2,282
307598,307794,307884,90,196
307598,307793,307885,92,195
307598,307793,307886,93,195
307598,307794,307886,92,196
307598,307795,307885,90,197
307598,307885,307887,2,287
307598,307843,307965,122,245
307598,307877,307969,92,279
307598,307876,307970,94,278
307598,307879,307972,93,281
307598,307846,307973,127,248
307598,307882,307973,91,284
307598,307881,307973,92,283
307598,307881,307974,93,283
307598,307850,307974,124,252
307598,307881,307975,94,283
307599,307974,307976,2,375
307598,307850,307975,125,252
307598,307884,307976,92,286
307598,307853,307977,124,255
307598,307852,307976,124,254
307598,307854,307977,123,256
307598,307849,307978,129,251
307599,307886,307978,92,287
307598,307855,307978,123,257
307599,307886,307979,93,287
307598,307853,307980,127,255
307598,307886,307980,94,288
307599,307888,307980,92,289
307598,307852,307981,129,254
307598,307859,307983,124,261
307599,307969,308062,93,370
307599,307970,308063,93,371
307599,307973,308066,93,374
307599,307975,308066,91,376
307599,307975,308067,92,376
307599,307973,308067,94,374
307599,307977,308069,92,378
307599,307976,308070,94,377
307599,307979,308071,92,380
307599,307980,308071,91,381
307599,307981,308071,90,382
307599,307981,308075,94,382
307599,307966,308090,124,367
307599,307973,308098,125,374
307599,307976,308098,122,377
307600,308099,308100,1,499
307599,307977,308101,124,378
307599,307978,308101,123,379
307599,307978,308102,124,379
307599,307975,308104,129,376
307599,307979,308105,126,380
307599,307981,308105,124,382
307599,307977,308106,129,378
307599,307980,308109,129,381
307599,307984,308112,128,385
307599,308062,308153,91,463
307600,308064,308156,92,464
307600,308067,308159,92,467
307600,308067,308159,92,467
307600,308066,308161,95,466
307600,308068,308161,93,468
307600,308071,308162,91,471
307600,308070,308162,92,470
307600,308071,308164,93,471
307600,308071,308164,93,471
307600,308072,308164,92,472
307601,308165,308166,1,564
307600,308075,308168,93,475
307600,308090,308214,124,490
307600,308100,308224,124,500
307600,308099,308226,127,499
307600,308102,308228,126,502
307600,308103,308228,125,503
307601,308227,308228,1,626
307600,308105,308229,124,505
307601,308228,308229,1,627
307600,308103,308229,126,503
307600,308107,308231,124,507
307601,308230,308231,1,629
307600,308106,308234,128,506
307600,308110,308233,123,510
307600,308106,308237,131,506
307600,308113,308240,127,513
307600,308153,308245,92,553
307600,308157,308248,91,557
307600,308159,308251,92,559
307600,308160,308252,92,560
307601,308163,308254,91,562
307600,308162,308255,93,562
307601,308162,308255,93,561
307601,308165,308258,93,564
307601,308163,308261,98,562
307601,308165,308261,96,564
307601,308167,308261,94,566
307601,308169,308262,93,568
307601,308214,308338,124,613
307601,308246,308340,94,645
307601,308249,308342,93,648
307601,308252,308344,92,651
307601,308252,308344,92,651
307601,308254,308348,94,653
307601,308255,308352,97,654
307602,308256,308352,96,654
307601,308230,308352,122,629
307601,308229,308352,123,628
307602,308258,308352,94,656
307601,308231,308353,122,630
307602,308261,308353,92,659
307602,308261,308354,93,659
307602,308262,308355,93,660
307602,308262,308358,96,660
307601,308232,308358,126,631
307601,308228,308358,130,627
307602,308354,308359,5,752
307601,308234,308361,127,633
307601,308225,308363,138,624
307601,308230,308363,133,629
307601,308234,308364,130,633
307601,308238,308364,126,637
307601,308241,308364,123,640
307603,308364,308365,1,761
307602,308340,308431,91,738
307602,308346,308436,90,744
307602,308342,308436,94,740
307602,308344,308436,92,742
307603,308436,308437,1,833
307602,308349,308439,90,747
307602,308352,308444,92,750
307602,308352,308444,92,750
307602,308356,308448,92,754
307602,308353,308450,97,751
307602,308355,308450,95,753
307602,308358,308454,96,756
307602,308360,308454,94,758
307603,308454,308456,2,851
307602,308339,308465,126,737
307602,308352,308474,122,750
307602,308352,308477,125,750
307602,308353,308482,129,751
307602,308358,308485,127,756
307602,308361,308487,126,759
307602,308364,308488,124,762
307602,308359,308490,131,757
307603,308488,308491,3,885
307603,308364,308491,127,761
307602,308364,308492,128,762
307603,308364,308493,129,761
307603,308365,308493,128,762
307604,308494,308495,1,890
307603,308431,308525,94,828
307604,308525,308527,2,921
307603,308437,308527,90,834
307603,308437,308528,91,834
307603,308436,308530,94,833
307603,308439,308533,94,836
307603,308445,308537,92,842
307603,308445,308539,94,842
307603,308449,308541,92,846
307603,308451,308542,91,848
307603,308451,308544,93,848
307603,308454,308547,93,851
307603,308456,308549,93,853
307603,308466,308591,125,863
307603,308477,308602,125,874
307603,308474,308603,129,871
307603,308483,308608,125,880
307603,308485,308611,126,882
307604,308611,308612,1,1007
307603,308490,308614,124,887
307603,308488,308614,126,885
307603,308492,308615,123,889
307603,308492,308617,125,889
307604,308527,308619,92,923
307604,308495,308619,124,891
307603,308491,308620,129,888
307604,308493,308620,127,889
307604,308529,308621,92,925
307604,308528,308623,95,924
307604,308531,308625,94,927
307604,308534,308626,92,930
307604,308537,308630,93,933
307604,308540,308632,92,936
307604,308541,308632,91,937
307604,308544,308635,91,940
307604,308543,308638,95,939
307604,308548,308641,93,944
307604,308550,308642,92,946
307604,308619,308712,93,1015
307605,308623,308714,91,1018
307605,308621,308715,94,1016
307604,308592,308717,125,988
307605,308625,308719,94,1020
307605,308627,308719,92,1022
307605,308631,308723,92,1026
307605,308633,308725,92,1028
307605,308632,308725,93,1027
307605,308635,308728,93,1030
307605,308638,308729,91,1033
307604,308602,308729,127,998
307604,308604,308733,129,1000
307605,308641,308734,93,1036
307605,308642,308734,92,1037
307604,308608,308737,129,1004
307604,308614,308739,125,1010
307604,308614,308738,124,1010
307604,308616,308739,123,1012
307604,308612,308740,128,1008
307604,308621,308741,120,1017
307606,308741,308742,1,1135
307604,308620,308744,124,1016
307604,308618,308748,130,1014
307605,308623,308751,128,1018
307605,308713,308805,92,1108
307605,308717,308807,90,1112
307605,308714,308808,94,1109
307605,308719,308809,90,1114
307605,308719,308812,93,1114
307605,308724,308815,91,1119
307605,308725,308815,90,1120
307605,308726,308816,90,1121
307605,308728,308820,92,1123
307605,308730,308820,90,1125
307606,308734,308826,92,1128
307606,308735,308827,92,1129
307605,308718,308842,124,1113
307605,308731,308856,125,1126
307606,308734,308857,123,1128
307606,308738,308862,124,1132
307606,308739,308862,123,1133
307606,308740,308864,124,1134
307606,308739,308864,125,1133
307606,308741,308865,124,1135
307606,308745,308867,122,1139
307607,308867,308868,1,1260
307606,308743,308869,126,1137
307606,308749,308872,123,1143
307606,308752,308877,125,1146
307606,308807,308897,90,1201
307606,308806,308899,93,1200
307607,308900,308902,2,1293
307606,308808,308902,94,1202
307606,308812,308904,92,1206
307606,308809,308904,95,1203
307606,308816,308908,92,1210
307606,308817,308908,91,1211
307606,308815,308909,94,1209
307607,308909,308910,1,1302
307606,308821,308913,92,1215
307606,308821,308914,93,1215
307606,308826,308919,93,1220
307606,308827,308919,92,1221
307607,308920,308921,1,1313
307606,308842,308966,124,1236
307606,308857,308983,126,1251
307607,308858,308987,129,1251
307607,308864,308987,123,1257
307607,308864,308987,123,1257
307608,308987,308988,1,1379
307607,308898,308989,91,1291
307607,308863,308991,128,1256
307607,308869,308992,123,1262
307607,308868,308993,125,1261
307607,308902,308995,93,1295
307607,308866,308995,129,1259
307607,308903,308996,93,1296
307607,308905,308996,91,1298
307607,308905,308998,93,1298
307607,308865,308998,133,1258
307607,308873,309000,127,1266
307607,308909,309001,92,1302
307607,308910,309001,91,1303
307607,308878,309001,123,1271
307608,309002,309003,1,1394
307607,308910,309003,93,1303
307609,309003,309005,2,1394
307607,308914,309006,92,1307
307607,308915,309007,92,1308
307608,308920,309013,93,1312
307608,308922,309014,92,1314
307609,309014,309016,2,1405
307608,308989,309082,93,1381
307608,308995,309086,91,1387
307608,308996,309087,91,1388
307608,308997,309090,93,1389
307608,308999,309090,91,1391
307608,309003,309093,90,1395
307608,308967,309092,125,1359
307608,309002,309094,92,1394
307609,309007,309098,91,1398
307609,309007,309099,92,1398
307609,309005,309099,94,1396
307609,309100,309101,1,1491
307609,309014,309109,95,1405
307609,309016,309108,92,1407
307608,308988,309112,124,1380
307608,308988,309112,124,1380
307608,308988,309116,128,1380
307608,308984,309116,132,1376
307608,308993,309118,125,1385
307608,308994,309118,124,1386
307608,308996,309119,123,1388
307608,308993,309119,126,1385
307608,308999,309123,124,1391
307609,309003,309128,125,1394
307608,309001,309128,127,1393
307609,309082,309174,92,1473
307609,309087,309179,92,1478
307609,309088,309181,93,1479
307609,309091,309183,92,1482
307609,309091,309184,93,1482
307609,309093,309185,92,1484
307609,309094,309186,92,1485
307609,309100,309192,92,1491
307609,309099,309193,94,1490
307609,309102,309194,92,1493
307609,309109,309201,92,1500
307609,309109,309201,92,1500
307609,309093,309217,124,1484
307609,309112,309237,125,1503
307610,309117,309239,122,1507
307610,309119,309240,121,1509
307610,309116,309240,124,1506
307610,309112,309240,128,1502
307611,309241,309242,1,1630
307610,309119,309244,125,1509
307610,309119,309244,125,1509
307610,309120,309244,124,1510
307610,309123,309247,124,1513
307610,309128,309252,124,1518
307610,309130,309260,130,1520
307610,309174,309267,93,1564
307610,309179,309273,94,1569
307610,309186,309275,89,1576
307610,309181,309275,94,1571
307610,309184,309276,92,1574
307612,309276,309277,1,1664
307610,309184,309278,94,1574
307610,309187,309280,93,1577
307610,309192,309282,90,1582
307610,309194,309284,90,1584
307610,309194,309287,93,1584
307611,309201,309293,92,1590
307610,309201,309295,94,1591
307612,309296,309297,1,1684
307611,309218,309352,134,1607
307611,309268,309358,90,1657
307611,309238,309360,122,1627
307611,309240,309362,122,1629
307611,309241,309365,124,1630
307611,309274,309367,93,1663
307611,309242,309367,125,1631
307612,309275,309368,93,1663
307612,309277,309368,91,1665
307611,309245,309369,124,1634
307611,309244,309371,127,1633
307612,309278,309370,92,1666
307612,309280,309371,91,1668
307611,309247,309372,125,1636
307612,309279,309373,94,1667
307611,309246,309374,128,1635
307611,309240,309375,135,1629
307613,309373,309378,5,1760
307612,309283,309378,95,1671
307612,309285,309378,93,1673
307613,309378,309379,1,1765
307611,309253,309379,126,1642
307612,309288,309380,92,1676
307613,309379,309380,1,1766
307612,309294,309385,91,1682
307614,309386,309388,2,1772
307611,309261,309388,127,1650
307612,309298,309389,91,1686
307614,309390,309392,2,1776
307612,309358,309451,93,1746
307612,309367,309459,92,1755
307613,309370,309459,89,1757
307613,309369,309461,92,1756
307613,309372,309463,91,1759
307613,309373,309466,93,1760
307613,309371,309468,97,1758
307614,309464,309470,6,1850
307613,309378,309471,93,1765
307614,309380,309472,92,1766
307613,309378,309472,94,1765
307614,309388,309478,90,1774
307612,309352,309482,130,1740
307612,309361,309483,122,1749
307614,309393,309484,91,1779
307612,309363,309487,124,1751
309434,309435,309491,56,1
307612,309366,309491,125,1754
307613,309369,309498,129,1756
307613,309374,309501,127,1761
307613,309376,309501,125,1763
307613,309368,309503,135,1755
307613,309371,309504,133,1758
307614,309379,309504,125,1765
307616,309505,309506,1,1889
307614,309380,309509,129,1766
307614,309388,309517,129,1774
307614,309452,309545,93,1838
307614,309460,309552,92,1846
307616,309552,309554,2,1936
307614,309461,309556,95,1847
307614,309460,309558,98,1846
307614,309467,309562,95,1853
307614,309469,309563,94,1855
307615,309472,309564,92,1857
307615,309472,309565,93,1857
307614,309470,309566,96,1856
307615,309471,309567,96,1856
307616,309566,309567,1,1950
307617,309567,309568,1,1950
307615,309479,309573,94,1864
307615,309484,309575,91,1869
307617,309575,309576,1,1958
307615,309483,309608,125,1868
307615,309485,309609,124,1870
307615,309488,309616,128,1873
307615,309493,309616,123,1878
307615,309499,309623,124,1884
307615,309501,309625,124,1886
307615,309501,309625,124,1886
307615,309504,309628,124,1889
307616,309506,309630,124,1890
307615,309505,309632,127,1890
307616,309546,309638,92,1930
307616,309510,309638,128,1894
307616,309517,309639,122,1901
307616,309554,309649,95,1938
307616,309557,309651,94,1941
307616,309559,309652,93,1943
307616,309563,309655,92,1947
307616,309564,309657,93,1948
307616,309566,309659,93,1950
307616,309565,309659,94,1949
307617,309568,309660,92,1951
307618,309660,309661,1,2042
307617,309569,309663,94,1952
307617,309574,309667,93,1957
307617,309577,309671,94,1960
307618,309638,309732,94,2020
307618,309733,309735,2,2115
307617,309609,309736,127,1992
307618,309736,309737,1,2118
307617,309610,309737,127,1993
307618,309649,309741,92,2031
307617,309617,309741,124,2000
307617,309617,309743,126,2000
307618,309651,309744,93,2033
307618,309653,309745,92,2035
307618,309655,309747,92,2037
307619,309747,309749,2,2128
307617,309627,309750,123,2010
307618,309658,309750,92,2040
307617,309626,309750,124,2009
307618,309660,309751,91,2042
307617,309624,309751,127,2007
307619,309752,309753,1,2133
307617,309631,309753,122,2014
307618,309662,309755,93,2044
307617,309629,309755,126,2012
307618,309664,309756,92,2046
307618,309659,309755,96,2041
307619,309755,309756,1,2136
307618,309667,309758,91,2049
307617,309633,309762,129,2016
307618,309672,309763,91,2054
307618,309640,309763,123,2022
307618,309639,309764,125,2021
307618,309736,309830,94,2118
307620,309830,309833,3,2210
307619,309741,309836,95,2122
307619,309745,309838,93,2126
307619,309745,309839,94,2126
307620,309839,309841,2,2219
307619,309749,309842,93,2130
307619,309750,309843,93,2131
307619,309751,309843,92,2132
307619,309756,309846,90,2137
307619,309757,309850,93,2138
307619,309756,309850,94,2137
307620,309759,309853,94,2139
307620,309763,309859,96,2143
307620,309859,309861,2,2239
307619,309738,309862,124,2119
307619,309741,309864,123,2122
307618,309737,309865,128,2119
307619,309743,309871,128,2124
307619,309754,309876,122,2135
307619,309751,309876,125,2132
307619,309750,309878,128,2131
307619,309755,309879,124,2136
307619,309756,309881,125,2137
307620,309763,309887,124,2143
307620,309764,309889,125,2144
307620,309764,309892,128,2144
307620,309833,309925,92,2213
307620,309836,309930,94,2216
307620,309838,309933,95,2218
307620,309841,309934,93,2221
307620,309844,309935,91,2224
307620,309843,309936,93,2223
307620,309844,309937,93,2224
307620,309846,309939,93,2226
307620,309850,309943,93,2230
307620,309851,309943,92,2231
307620,309853,309946,93,2233
307620,309861,309954,93,2241
307620,309865,309991,126,2245
307620,309866,309991,125,2246
307620,309863,309992,129,2243
307620,309871,309995,124,2251
307621,309876,309999,123,2255
307621,309876,310000,124,2255
307621,309879,310003,124,2258
307621,309878,310006,128,2257
307621,309882,310006,124,2261
307621,309887,310012,125,2266
307621,309889,310012,123,2268
307621,309892,310019,127,2271
307621,309926,310019,93,2305
307622,310019,310022,3,2397
307621,309930,310023,93,2309
307621,309935,310027,92,2314
307621,309936,310027,91,2315
307621,309934,310027,93,2313
307621,309933,310029,96,2312
307621,309937,310030,93,2316
307621,309939,310031,92,2318
307621,309944,310034,90,2323
307621,309944,310037,93,2323
307621,309947,310040,93,2326
307621,309954,310047,93,2333
307622,309993,310114,121,2371
307622,310022,310115,93,2400
307622,309992,310116,124,2370
307622,310024,310116,92,2402
307622,309993,310117,124,2371
307622,310028,310121,93,2406
307622,310028,310120,92,2406
307622,310028,310121,93,2406
307623,310031,310123,92,2408
307623,310030,310123,93,2407
307622,310001,310124,123,2379
307623,310029,310125,96,2406
307623,310035,310127,92,2412
307622,309996,310128,132,2374
307622,310000,310128,128,2378
307622,310004,310130,126,2382
307622,310007,310131,124,2385
307623,310037,310131,94,2414
307623,310040,310133,93,2417
307624,310132,310134,2,2508
307622,310007,310135,128,2385
307622,310013,310137,124,2391
307622,310013,310142,129,2391
307623,310047,310142,95,2424
307622,310019,310147,128,2397
307623,310116,310210,94,2493
307623,310117,310209,92,2494
307623,310121,310212,91,2498
307623,310121,310215,94,2498
307623,310121,310215,94,2498
307624,310213,310215,2,2589
307623,310124,310217,93,2501
307623,310124,310217,93,2501
307623,310126,310221,95,2503
307623,310128,310222,94,2505
307624,310134,310226,92,2510
307624,310135,310228,93,2511
307624,310143,310237,94,2519
307623,310115,310239,124,2492
307623,310118,310241,123,2495
307625,310241,310242,1,2616
307623,310117,310247,130,2494
307624,310129,310250,121,2505
307623,310128,310251,123,2505
307623,310125,310253,128,2502
307624,310130,310255,125,2506
307624,310132,310256,124,2508
307624,310136,310263,127,2512
307624,310137,310264,127,2513
307624,310142,310266,124,2518
307624,310148,310271,123,2524
307625,310271,310272,1,2646
307624,310210,310302,92,2586
307624,310210,310303,93,2586
307624,310215,310307,92,2591
307624,310216,310308,92,2592
307624,310216,310309,93,2592
307624,310218,310309,91,2594
307624,310217,310311,94,2593
307624,310221,310314,93,2597
307625,310223,310317,94,2598
307625,310226,310319,93,2601
307625,310228,310321,93,2603
307625,310237,310332,95,2612
307625,310240,310366,126,2615
307626,310366,310367,1,2740
307625,310242,310369,127,2617
307626,310369,310370,1,2743
307625,310252,310376,124,2627
307625,310251,310376,125,2626
307625,310254,310378,124,2629
307625,310248,310378,130,2623
307625,310255,310380,125,2630
307625,310257,310386,129,2632
307625,310265,310389,124,2640
307625,310265,310390,125,2640
307625,310267,310394,127,2642
307625,310272,310396,124,2647
307627,310396,310397,1,2769
307625,310303,310396,93,2678
307626,310304,310399,95,2678
307626,310308,310400,92,2682
307626,310310,310402,92,2684
307626,310308,310403,95,2682
307626,310310,310402,92,2684
307626,310312,310404,92,2686
307626,310315,310408,93,2689
307626,310317,310410,93,2691
307626,310320,310414,94,2694
307626,310322,310415,93,2696
307626,310333,310426,93,2707
307627,310397,310490,93,2770
307626,310368,310490,122,2742
307627,310400,310494,94,2773
307627,310400,310495,95,2773
307627,310402,310495,93,2775
307627,310403,310496,93,2776
307627,310403,310496,93,2776
307627,310497,310498,1,2870
307627,310405,310498,93,2778
307626,310370,310499,129,2744
307626,310377,310501,124,2751
307626,310378,310501,123,2752
307627,310408,310502,94,2781
307626,310376,310503,127,2750
307627,310410,310504,94,2783
307626,310381,310506,125,2755
307627,310414,310507,93,2787
307627,310415,310510,95,2788
307626,310379,310510,131,2753
307626,310387,310511,124,2761
307627,310389,310513,124,2762
307627,310390,310516,126,2763
307627,310394,310518,124,2767
307627,310427,310520,93,2800
307627,310397,310520,123,2770
307628,310499,310522,23,2871
307627,310491,310587,96,2864
307627,310494,310590,96,2867
307627,310496,310590,94,2869
307627,310496,310590,94,2869
307628,310497,310591,94,2869
307628,310499,310592,93,2871
307628,310499,310593,94,2871
307627,310491,310616,125,2864
287297,287297,311117,23820,0
323003,323004,323045,41,1
323910,323912,323937,25,2
325742,325743,325813,70,1
325817,325819,325916,97,2
370944,370944,370990,46,0
370945,370945,371206,261,0
370944,370944,371249,305,0
370945,370945,371270,325,0
370943,370943,371272,329,0
370943,370943,371284,341,0
370942,370942,371287,345,0
370944,370944,371289,345,0
370945,370945,371296,351,0
370943,370943,371296,353,0
370943,370943,371298,355,0
370942,370943,371299,356,1
370943,370943,371324,381,0
370945,370945,371350,405,0
370943,370943,371384,441,0
370944,370944,371391,447,0
370944,370945,371598,653,1
370942,370942,371601,659,0
370944,370944,371605,661,0
370944,370944,371762,818,0
376922,376922,376990,68,0
376920,376920,377105,185,0
376922,376922,377200,278,0
376920,376920,377639,719,0
376922,376922,377692,770,0
376921,376921,377721,800,0
376923,376923,377746,823,0
376920,376920,377752,832,0
376921,376921,377761,840,0
376920,376920,377853,933,0
376920,376920,377874,954,0
376922,376922,377915,993,0
376922,376922,378044,1122,0
376922,376922,378196,1274,0
376921,376921,378263,1342,0
376921,376921,378335,1414,0
376921,376921,378350,1429,0
376921,376921,378462,1541,0
376921,376922,378496,1574,1
376920,376920,379033,2113,0
380207,380207,380246,39,0
380205,380205,380385,180,0
380207,380207,380756,549,0
380205,380205,381674,1469,0
380206,380206,381788,1582,0
380207,380207,381800,1593,0
380205,380205,381853,1648,0
380208,380208,381920,1712,0
380205,380205,382211,2006,0
380205,380206,382409,2203,1
380206,380206,382433,2227,0
380206,380206,382509,2303,0
380205,380205,382525,2320,0
380207,380207,382573,2366,0
380207,380207,383239,3032,0
380206,380206,383671,3465,0
380206,380207,383947,3740,1
380206,380206,384199,3993,0
380207,380207,384650,4443,0
380205,380205,384653,4448,0
386015,386017,386074,57,2
386078,386080,387650,1570,2
385123,385123,388656,3533,0
385128,385128,388832,3704,0
385125,385125,388982,3857,0
385133,385133,389211,4078,0
385126,385126,389289,4163,0
389489,389491,389547,56,2
385134,385134,389572,4438,0
385136,385136,389788,4652,0
385130,385131,389903,4772,1
385124,385124,389993,4869,0
385126,385126,390096,4970,0
385137,385137,390411,5274,0
385130,385130,390969,5839,0
385126,385126,391084,5958,0
389551,389553,391099,1546,2
385124,385124,391223,6099,0
385131,385131,391374,6243,0
385134,385134,391441,6307,0
385127,385127,391625,6498,0
385150,385150,391663,6513,0
385126,385127,391758,6631,1
385124,385124,391804,6680,0
385125,385125,391840,6715,0
385151,385151,391938,6787,0
385147,385147,392003,6856,0
385124,385125,392073,6948,1
385153,388656,392187,3531,3503
385129,385129,392328,7199,0
385128,385128,392378,7250,0
385150,385150,392395,7245,0
385139,385140,392519,7379,1
385149,385149,392551,7402,0
385130,385130,392686,7556,0
385146,385146,392690,7544,0
385137,385137,392789,7652,0
385153,385153,392921,7768,0
385149,385149,392957,7808,0
385154,388982,392960,3978,3828
385148,385148,393047,7899,0
385154,388832,393137,4305,3678
385153,385153,393151,7998,0
385138,385138,393259,8121,0
385155,389289,393376,4087,4134
385149,385149,393419,8270,0
385144,385144,393425,8281,0
385125,385125,393564,8439,0
385135,385135,393578,8443,0
385129,385129,393592,8463,0
385136,385136,393625,8489,0
385157,390097,393803,3706,4940
385129,385129,393816,8687,0
385157,389993,393961,3968,4836
385148,385148,394051,8903,0
385135,385135,394080,8945,0
385141,385141,394081,8940,0
385138,385138,394139,9001,0
385155,389212,394155,4943,4057
385132,385132,394157,9025,0
385143,385144,394178,9034,1
385147,385147,394181,9034,0
385130,385130,394194,9064,0
385132,385132,394230,9098,0
385144,385144,394243,9099,0
385124,385124,394286,9162,0
385155,389573,394382,4809,4418
385151,385151,394469,9318,0
385129,385129,394548,9419,0
385137,385138,394613,9475,1
385135,385135,394728,9593,0
385151,385151,395141,9990,0
385133,385133,395167,10034,0
385143,385143,395245,10102,0
385152,385152,395266,10114,0
385139,385139,395385,10246,0
385133,385133,395406,10273,0
385129,385129,395464,10335,0
385131,385131,395471,10340,0
385160,391664,395476,3812,6504
385139,385139,395564,10425,0
385127,385127,395757,10630,0
385156,389788,395900,6112,4632
395908,395908,395909,1,0
385127,385127,395908,10781,0
385162,391939,395936,3997,6777
395960,395960,395961,1,0
385142,385142,395992,10850,0
385133,385133,396026,10893,0
385131,385131,396031,10900,0
385129,385129,396033,10904,0
385136,385136,396094,10958,0
385124,385124,396120,10996,0
385134,385134,396154,11020,0
385135,385135,396169,11034,0
385123,385123,396238,11115,0
385139,385139,396273,11134,0
385146,385146,396300,11154,0
385127,385127,396321,11194,0
385165,392552,396341,3789,7387
385135,385135,396340,11205,0
385125,385125,396345,11220,0
385131,385131,396372,11241,0
385139,385139,396373,11234,0
385141,385141,396383,11242,0
385131,385132,396456,11324,1
385123,385123,396523,11400,0
385145,385145,396527,11382,0
385132,385132,396598,11466,0
385141,385141,396684,11543,0
385141,385141,396690,11549,0
385144,385144,396734,11590,0
385146,385146,396791,11645,0
385145,385145,396812,11667,0
385164,392396,396872,4476,7232
385156,389903,396931,7028,4747
385142,385142,396935,11793,0
385126,385126,397093,11967,0
385129,385129,397335,12206,0
385163,392188,397363,5175,7025
385143,385143,397410,12267,0
385144,385144,397554,12410,0
385163,392329,397557,5228,7166
385152,385152,397612,12460,0
385145,385145,397719,12574,0
385136,385136,397758,12622,0
385139,385139,397768,12629,0
385134,385134,397793,12659,0
385141,385141,397806,12665,0
385158,391085,397875,6790,5927
385158,390970,398021,7051,5812
385163,392074,398129,6055,6911
385138,385138,398130,12992,0
385131,385131,398200,13069,0
385134,385134,398231,13097,0
385137,385137,398379,13242,0
385126,385126,398573,13447,0
385142,385142,398612,13470,0
385137,385137,398625,13488,0
385141,385142,398645,13503,1
385130,385130,398707,13577,0
385136,385136,398725,13589,0
385128,385128,398785,13657,0
385138,385138,398851,13713,0
385144,385144,398869,13725,0
385132,385132,398873,13741,0
396205,396205,398883,2678,0
385160,391626,398895,7269,6466
396205,396205,398913,2708,0
385126,385126,398913,13787,0
396205,396205,398990,2785,0
385134,385134,399079,13945,0
396204,396205,399169,2964,1
385128,385128,399231,14103,0
385140,385140,399251,14111,0
399211,399213,399270,57,2
396204,396204,399320,3116,0
396205,396205,399320,3115,0
396204,396204,399320,3116,0
396205,396205,399320,3115,0
396205,396205,399320,3115,0
396206,396206,399320,3114,0
385143,385143,399340,14197,0
385146,385146,399387,14241,0
385125,385125,399449,14324,0
385139,385139,399483,14344,0
385137,385137,399620,14483,0
385130,385130,399784,14654,0
385133,385133,399789,14656,0
385134,385134,399932,14798,0
385157,390411,399976,9565,5254
385130,385130,400164,15034,0
385165,392687,400250,7563,7522
385165,392520,400564,8044,7355
385137,385137,400596,15459,0
399274,399276,400820,1544,2
385161,391759,400866,9107,6598
385145,385145,401587,16442,0
385131,385131,401651,16520,0
385128,385128,401848,16720,0
385136,385136,401992,16856,0
385147,385147,402103,16956,0
399364,399364,402116,2752,0
399363,399363,402157,2794,0
385166,392691,402193,9502,7525
402319,402321,402378,57,2
399364,399365,402412,3047,1
399364,399364,402634,3270,0
385127,385127,402750,17623,0
385140,385140,402783,17643,0
385159,391441,402872,11431,6282
399366,399366,403396,4030,0
399365,399365,403526,4161,0
399365,399365,403544,4179,0
399365,399365,403697,4332,0
402382,402384,403924,1540,2
385161,391841,404278,12437,6680
385132,385132,404743,19611,0
385123,385123,404786,19663,0
399363,399363,404908,5545,0
399365,399365,405140,5775,0
385159,391224,405169,13945,6065
385133,385133,405662,20529,0
385125,385126,405965,20839,1
405996,405998,406054,56,2
399366,399367,406307,6940,1
399392,402413,406314,3901,3021
399391,402116,406354,4238,2725
399366,399367,406467,7100,1
399366,399366,406515,7149,0
399376,399376,406586,7210,0
399367,399368,406635,7267,1
399369,399370,406687,7317,1
399365,399365,406689,7324,0
399373,399374,406777,7403,1
385132,385132,406837,21705,0
399396,403698,407027,3329,4302
399368,399368,407122,7754,0
399376,399376,407211,7835,0
399368,399368,407233,7865,0
399367,399367,407377,8010,0
399367,399367,407377,8010,0
399371,399371,407467,8096,0
406058,406060,407622,1562,2
407257,407624,407683,59,367
399363,399363,407701,8338,0
399376,399376,407755,8379,0
399364,399364,407903,8539,0
399393,402635,407916,5281,3242
385133,385133,408117,22984,0
399398,405140,408211,3071,5742
399376,399376,408375,8999,0
399374,399374,408445,9071,0
399366,399366,408488,9122,0
399363,399363,408501,9138,0
399374,399374,408511,9137,0
399376,399376,408609,9233,0
399384,399484,408609,9125,100
399377,399377,408782,9405,0
399375,399375,408786,9411,0
399390,401848,408880,7032,2458
399395,403526,408903,5377,4131
399387,400164,408973,8809,777
399367,399367,408975,9608,0
399366,399366,409014,9648,0
399375,399375,409218,9843,0
407687,407689,409244,1555,2
399394,403397,409247,5850,4003
399372,399372,409288,9916,0
408183,409246,409304,58,1063
399374,399374,409308,9934,0
408319,409307,409364,57,988
408348,409368,409424,56,1020
399370,399370,409456,10086,0
408379,409427,409483,56,1048
399374,399374,409527,10153,0
399364,399364,409546,10182,0
385142,385142,409573,24431,0
399389,401587,410075,8488,2198
399375,399375,410080,10705,0
399369,399369,410246,10877,0
385146,385146,410431,25285,0
399369,399370,410587,11217,1
399382,399382,410632,11250,0
399370,399371,410765,11394,1
399367,399367,410770,11403,0
399372,399372,410777,11405,0
399377,399378,410825,11447,1
399373,399373,410905,11532,0
399370,399370,410994,11624,0
399369,399369,411003,11634,0
399400,406315,411092,4777,6915
399378,399378,411099,11721,0
399409,407917,411282,3365,8508
399370,399370,411388,12018,0
399368,399368,411402,12034,0
399372,399372,411447,12075,0
399398,404908,411548,6640,5510
399388,400598,411549,10951,1210
385140,385140,411552,26412,0
399375,399375,411807,12432,0
399368,399369,411914,12545,1
399394,402784,411989,9205,3390
399396,404279,412008,7729,4883
399414,408881,412013,3132,9467
399371,399371,412032,12661,0
399378,399379,412054,12675,1
399377,399377,412196,12819,0
399380,399380,412252,12872,0
399387,400250,412315,12065,863
399391,402104,412412,10308,2713
399380,399380,412414,13034,0
399379,399379,412477,13098,0
399365,399366,412650,13284,1
385123,385123,412700,27577,0
399372,399372,412701,13329,0
399371,399371,412721,13350,0
399405,407028,412766,5738,7623
399381,399381,412802,13421,0
399378,399378,412834,13456,0
385162,392004,412974,20970,6842
413014,413016,413064,48,2
399410,408211,413122,4911,8801
413026,413067,413124,57,41
385159,391374,413152,21778,6215
399382,399382,413159,13777,0
413037,413128,413166,38,91
399370,399370,413227,13857,0
413232,413235,413291,56,3
385135,385135,413296,28161,0
399381,399381,413419,14038,0
399377,399377,413594,14217,0
399375,399375,413683,14308,0
399382,399382,413684,14302,0
399401,406468,413738,7270,7067
402942,411283,413804,2521,8341
399419,409547,413817,4270,10128
399371,399371,413957,14586,0
399381,399381,414024,14643,0
399380,399380,414036,14656,0
399378,399378,414099,14721,0
399383,399387,414100,14713,4
399403,406690,414109,7419,7287
399403,406688,414371,7683,7285
399415,408904,414677,5773,9489
399363,399363,414681,15318,0
399417,409248,414697,5449,9831
399401,406355,414740,8385,6954
399380,399380,414802,15422,0
399370,399370,414820,15450,0
413295,413298,414834,1536,3
399370,399370,414837,15467,0
399389,401651,414851,13200,2262
399387,400565,414896,14331,1178
399399,405966,415038,9072,6567
399385,399790,415190,15400,405
402947,412014,415457,3443,9067
399404,406838,415515,8677,7434
402941,411093,415584,4491,8152
399381,399382,416000,16618,1
399373,399373,416046,16673,0
399411,408446,416059,7613,9035
402953,412767,416279,3512,9814
399373,399373,416362,16989,0
402955,413122,416661,3539,10167
399371,399371,416787,17416,0
402960,413805,416993,3188,10845
399407,407467,417074,9607,8060
399402,406587,417113,10526,7185
399412,408502,417251,8749,9090
399406,407212,417306,10094,7806
399399,405663,417310,11647,6264
399381,399381,417607,18226,0
399421,410081,417620,7539,10660
399414,408787,417713,8926,9373
402961,413817,417771,3954,10856
399404,406777,417810,11033,7373
402947,412008,418050,6042,9061
399410,408376,418117,9741,8966
402944,411549,418126,6577,8605
399400,406308,418517,12209,6908
402970,415458,418587,3129,12488
399419,409528,418810,9282,10109
402966,414741,418901,4160,11775
399407,407378,418949,11571,7971
399413,408611,419036,10425,9198
399409,407905,419245,11340,8496
399397,404787,419257,14470,5390
402971,415585,419292,3707,12614
399406,407233,419321,12088,7827
399374,399374,419355,19981,0
402946,411990,419678,7688,9044
402974,416662,419734,3072,13688
402950,412316,419795,7479,9366
402975,416994,419858,2864,14019
402973,416280,419862,3582,13307
399420,410076,420066,9990,10656
419873,419874,420073,199,1
402965,414698,420112,5414,11733
399416,409014,420164,11150,9598
399397,404744,420414,15670,5347
399417,409219,420424,11205,9802
399408,407756,420512,12756,8348
402960,413738,420731,6993,10778
399412,408512,420744,12232,9100
399418,409309,420798,11489,9891
420638,420638,421103,465,0
402939,410778,421126,10348,7839
402964,414110,421332,7222,11146
399411,408489,421380,12891,9078
385128,385128,421406,36278,0
402940,410906,421416,10510,7966
399408,407701,421424,13723,8293
399416,408976,421466,12490,9560
399406,407378,421488,14110,7972
402965,414678,421629,6951,11713
402982,418588,421778,3190,15606
399409,408119,421821,13702,8710
402965,414682,421931,7249,11717
402942,411388,421999,10611,8446
402946,411915,422015,10100,8969
402979,417771,422063,4292,14792
402948,412033,422111,10078,9085
385127,385127,422260,37133,0
402941,411003,422368,11365,8062
402988,419863,422526,2663,16875
402969,415038,422539,7501,12069
402936,410431,422622,12191,7495
402987,419734,422682,2948,16747
402988,419859,422688,2829,16871
399386,399977,422714,22737,591
402945,411808,422723,10915,8863
402972,416060,422758,6698,13088
385161,391805,422940,31135,6644
402964,414372,422945,8573,11408
399379,399379,423142,23763,0
399394,402873,423212,20339,3479
402981,418518,423329,4811,15537
402970,415516,423367,7851,12546
402950,412414,423571,11157,9464
399418,409456,423737,14281,10038
385143,385143,423782,38639,0
399414,408784,423836,15052,9370
402944,411550,423937,12387,8606
402973,416363,424060,7697,13390
402978,417620,424162,6542,14642
402978,417714,424307,6593,14736
402975,417075,424358,7283,14100
402981,418127,424375,6248,15146
402976,417113,424477,7364,14137
402976,417252,424635,7383,14276
402987,419796,424660,4864,16809
402937,410633,424696,14063,7696
402979,417811,424751,6940,14832
402951,412651,424882,12231,9700
402983,418901,425370,6469,15918
402985,419258,425394,6136,16273
399417,409289,425454,16165,9872
403004,422683,425473,2790,19679
402982,418811,425506,6695,15829
402938,410771,425684,14913,7833
402992,420732,425823,5091,17740
403002,422527,425882,3355,19525
402959,413684,425883,12199,10725
402968,414852,425979,11127,11884
402950,412415,426107,13692,9465
403004,422689,426137,3448,19685
402957,413296,426139,12843,10339
402987,419679,426310,6631,16692
402991,420425,426427,6002,17434
402989,420112,426526,6414,17123
402995,421406,426776,5370,18411
399369,399369,426842,27473,0
402994,421333,426966,5633,18339
402999,421932,426980,5048,18933
402955,412975,427223,14248,10020
403000,422063,427252,5189,19063
402942,411100,427339,16239,8158
403003,422540,427344,4804,19537
402997,421629,427353,5724,18632
402954,412834,427658,14824,9880
402939,410826,427682,16856,7887
403008,423329,427957,4628,20321
399364,399364,427985,28621,0
403007,422945,428009,5064,19938
402963,414100,428039,13939,11137
402998,421779,428045,6266,18781
402956,413154,428237,15083,10198
403010,423782,428279,4497,20772
403009,423367,428294,4927,20358
402937,410588,428464,17876,7651
403021,425882,428592,2710,22861
403006,422758,428598,5840,19752
403013,424308,428633,4325,21295
403014,424478,428775,4297,21464
403019,425473,428812,3339,22454
402986,419356,428815,9459,16370
399402,406636,428853,22217,7234
399372,399372,429198,29826,0
402983,418949,429221,10272,15966
403013,424358,429224,4866,21345
403013,424163,429225,5062,21150
402958,413420,429261,15841,10462
403010,423738,429322,5584,20728
403012,424061,429322,5261,21049
403018,425371,429331,3960,22353
403020,425507,429429,3922,22487
403017,424752,429556,4804,21735
402945,411553,429604,18051,8608
402943,411448,429674,18226,8505
402951,412478,429693,17215,9527
402949,412252,429710,17458,9303
403018,425395,429814,4419,22377
402962,414037,429843,15806,11075
403006,422940,429871,6931,19934
402984,419249,429918,10669,16265
402938,410766,429939,19173,7828
403015,424636,429945,5309,21621
402958,413595,429979,16384,10637
402954,412802,430099,17297,9848
403015,424661,430099,5438,21646
403014,424376,430114,5738,21362
403025,426428,430173,3745,23403
399398,405169,430239,25070,5771
403024,426312,430282,3970,23288
402984,419037,430403,11366,16053
403030,427345,430420,3075,24315
402977,417307,430490,13183,14330
402980,418118,430523,12405,15138
403033,428010,430591,2581,24977
403034,428046,430819,2773,25012
403023,426138,430853,4715,23115
403028,427253,431017,3764,24225
403021,425824,431081,5257,22803
402991,420514,431186,10672,17523
402985,419292,431238,11946,16307
402962,414025,431290,17265,11063
402956,413161,431320,18159,10205
402989,420067,431343,11276,17078
402986,419322,431343,12021,16336
402953,412722,431385,18663,9769
402977,417310,431534,14224,14333
403000,422015,431731,9716,19015
402967,414838,431755,16917,11871
403026,426777,431780,5003,23751
402993,421127,431899,10772,18134
402998,421822,431970,10148,18824
403005,422724,431975,9251,19719
402968,414897,432004,17107,11929
403001,422112,432066,9954,19111
402994,421381,432165,10784,18387
399413,408611,432211,23600,9198
402961,413958,432286,18328,10997
402963,414101,432358,18257,11138
403011,423938,432380,8442,20927
399402,406517,432479,25962,7115
403032,427985,432525,4540,24953
402997,421489,432551,11062,18492
402992,420745,432602,11857,17753
402993,420798,432631,11833,17805
399391,402157,432652,30495,2766
402957,413228,432686,19458,10271
403002,422369,432739,10370,19367
402959,413685,432745,19060,10726
403025,426527,432803,6276,23502
402990,420165,432840,12675,17175
402999,422000,432924,10924,19001
399367,399367,432945,33578,0
403027,426981,432980,5999,23954
402971,416001,433055,17054,13030
402996,421424,433483,12059,18428
402966,414803,433602,18799,11837
403032,427957,433621,5664,24925
403030,427353,433830,6477,24323
402996,421466,433947,12481,18470
403019,425455,434037,8582,22436
402995,421416,434058,12642,18421
403027,426967,434135,7168,23940
403003,422622,434138,11516,19619
402952,412701,434169,21468,9749
399386,399933,434353,34420,547
402936,410247,434612,24365,7311
402978,417608,434711,17103,14630
403007,423144,434834,11690,20137
399373,399373,435289,35916,0
403022,425884,435466,9582,22862
403009,423572,435708,12136,20563
399364,399364,435830,36466,0
385164,392378,436359,43981,7214
403022,425980,436523,10543,22958
402972,416048,436695,20647,13076
403024,426139,436700,10561,23115
399405,407125,436784,29659,7720
403017,424882,436810,11928,21865
402949,412197,436860,24663,9248
402940,410994,437086,26092,8054
403020,425685,437113,11428,22665
402974,416788,437119,20331,13814
402948,412055,437226,25171,9107
399379,399379,437321,37942,0
403008,423213,437516,14303,20205
403016,424697,437859,13162,21681
403023,426107,438028,11921,23084
403001,422261,438318,16057,19260
402990,420415,438355,17940,17425
399385,399785,438547,38762,400
399390,401994,438703,36709,2604
403031,427659,439173,11514,24628
403033,428041,439592,11551,25008
399368,399368,439902,40534,0
402952,412701,440644,27943,9749
402980,418051,441235,23184,15071
403011,423837,441414,17577,20826
399393,402751,441516,38765,3358
403005,422715,441858,19143,19710
403029,427340,442018,14678,24311
399415,408974,442294,33320,9559
403026,426842,442888,16046,23816
403031,427683,442913,15230,24652
399420,409574,443091,33517,10154
385138,385138,444481,59343,0
403028,427225,444588,17363,24197
399378,399378,444612,45234,0
399384,399620,445408,45788,236
385143,385143,445439,60296,0
399395,403544,445624,42080,4149
385138,385138,446922,61784,0
402969,415190,447332,32142,12221
385125,385125,447913,62788,0
399379,399379,447942,48563,0
399367,399367,450724,51357,0
399365,399365,451575,52210,0
399383,399383,451587,52204,0
402943,411403,452612,41209,8460
385128,385128,453446,68318,0
385124,385124,455402,70278,0
402967,414821,461048,46227,11854
461323,461323,461732,409,0
461307,461307,461752,445,0
461308,461308,461773,465,0
461309,461309,461813,504,0
461312,461312,461814,502,0
461311,461311,461845,534,0
461307,461307,461866,559,0
461307,461307,461915,608,0
461316,461316,461918,602,0
461310,461310,461972,662,0
461313,461313,462007,694,0
461308,461308,462028,720,0
461319,461319,462033,714,0
461310,461310,462051,741,0
461308,461308,462053,745,0
461307,461307,462069,762,0
461311,461311,462085,774,0
461309,461309,462086,777,0
461319,461319,462107,788,0
461311,461311,462110,799,0
461320,461320,462112,792,0
461317,461317,462116,799,0
461309,461309,462122,813,0
461312,461312,462123,811,0
461318,461318,462154,836,0
461315,461315,462160,845,0
461306,461306,462161,855,0
461314,461314,462168,854,0
461307,461307,462172,865,0
461309,461309,462176,867,0
461314,461314,462184,870,0
461313,461313,462193,880,0
461310,461310,462196,886,0
461311,461311,462204,893,0
461320,461320,462214,894,0
461310,461310,462219,909,0
461312,461312,462226,914,0
461317,461317,462228,911,0
461317,461317,462230,913,0
461309,461309,462234,925,0
461308,461308,462236,928,0
461319,461319,462244,925,0
461316,461316,462263,947,0
461318,461318,462266,948,0
461318,461318,462270,952,0
461315,461316,462275,959,1
461335,461773,462292,519,438
461335,461814,462305,491,479
461318,461318,462310,992,0
461314,461314,462310,996,0
461317,461317,462335,1018,0
461316,461316,462335,1019,0
461320,461320,462339,1019,0
461308,461308,462342,1034,0
461320,461320,462344,1024,0
461317,461317,462344,1027,0
461320,461320,462361,1041,0
461313,461313,462363,1050,0
461308,461308,462368,1060,0
461314,461314,462404,1090,0
461321,461321,462406,1085,0
461313,461313,462423,1110,0
461313,461313,462430,1117,0
461318,461318,462434,1116,0
461319,461319,462443,1124,0
461319,461319,462444,1125,0
461315,461315,462448,1133,0
461317,461317,462451,1134,0
461319,461319,462459,1140,0
461315,461315,462468,1153,0
461336,461814,462476,662,478
461316,461316,462480,1164,0
461313,461313,462498,1185,0
461310,461310,462509,1199,0
461306,461307,462515,1208,1
461336,461866,462518,652,530
461312,461312,462524,1212,0
461311,461311,462526,1215,0
461334,461753,462526,773,419
461306,461307,462529,1222,1
461315,461315,462542,1227,0
461311,461311,462571,1260,0
461336,461845,462575,730,509
461337,461919,462616,697,582
461323,461323,462619,1296,0
461338,462008,462623,615,670
461343,462117,462624,507,774
461342,462110,462633,523,768
461346,462177,462640,463,831
461341,462085,462649,564,744
461314,461314,462649,1335,0
461320,461320,462650,1330,0
461342,462108,462654,546,766
461315,461315,462666,1351,0
461346,462168,462671,503,822
461321,461321,462680,1359,0
461307,461307,462720,1413,0
461345,462160,462723,563,815
461352,462245,462725,480,893
461314,461314,462729,1415,0
461342,462113,462755,642,771
461338,461972,462758,786,634
461309,461309,462759,1450,0
461318,461318,462762,1444,0
461349,462215,462762,547,866
461316,461316,462762,1446,0
461321,461321,462771,1450,0
461350,462228,462774,546,878
461345,462162,462794,632,817
461344,462155,462811,656,811
461323,461323,462813,1490,0
461347,462194,462818,624,847
461312,461312,462833,1521,0
461354,462293,462840,547,939
461339,462034,462860,826,695
461350,462231,462868,637,881
461353,462271,462872,601,918
461352,462263,462872,609,911
461349,462220,462877,657,871
461322,461322,462878,1556,0
461355,462305,462894,589,950
461323,461323,462894,1571,0
461347,462185,462894,709,838
461355,462310,462895,585,955
461350,462227,462896,669,877
461322,461322,462896,1574,0
461344,462123,462899,776,779
461327,461328,462906,1578,1
461328,461328,462908,1580,0
461354,462275,462926,651,921
461332,461333,462928,1595,1
461341,462086,462930,844,745
461353,462266,462933,667,913
461337,461916,462935,1019,579
461322,461322,462938,1616,0
461351,462235,462938,703,884
461322,461323,462939,1616,1
461323,461324,462944,1620,1
461343,462123,462945,822,780
461334,461733,462953,1220,399
461339,462052,462957,905,713
461351,462237,462963,726,886
461348,462196,462974,778,848
461321,461321,462976,1655,0
461340,462069,462983,914,729
461348,462205,462987,782,857
461333,461334,462995,1661,1
461340,462053,463011,958,713
461327,461327,463021,1694,0
461326,461326,463028,1702,0
461339,462028,463037,1009,689
461310,461311,463047,1736,1
461324,461325,463053,1728,1
461322,461322,463054,1732,0
461331,461332,463055,1723,1
461346,462172,463066,894,826
461322,461322,463067,1745,0
461325,461326,463071,1745,1
461331,461331,463073,1742,0
461326,461326,463077,1751,0
461327,461327,463116,1789,0
461333,461333,463117,1784,0
461325,461325,463145,1820,0
461327,461327,463146,1819,0
461332,461332,463158,1826,0
461331,461331,463162,1831,0
461325,461325,463175,1850,0
461328,461328,463175,1847,0
461326,461327,463177,1850,1
461327,461327,463196,1869,0
385140,385140,463235,78095,0
461330,461330,463235,1905,0
461323,461323,463243,1920,0
461326,461326,463245,1919,0
461333,461333,463276,1943,0
461325,461325,463277,1952,0
399376,399377,463290,63913,1
461324,461324,463297,1973,0
461324,461324,463307,1983,0
461325,461325,463342,2017,0
461310,461310,463344,2034,0
461324,461324,463357,2033,0
461321,461321,463362,2041,0
461321,461321,463380,2059,0
461333,461333,463470,2137,0
385145,385145,463481,78336,0
461324,461324,463486,2162,0
461332,461332,463495,2163,0
461332,461332,463525,2193,0
461324,461324,463585,2261,0
385142,385142,463762,78620,0
461328,461328,463931,2603,0
461330,461330,464006,2676,0
461326,461326,464035,2709,0
461329,461329,464044,2715,0
464000,464001,464062,61,1
399368,399369,464093,64724,1
461329,461329,464149,2820,0
399369,399369,464263,64894,0
399371,399371,464319,64948,0
385140,385140,464452,79312,0
461330,461330,464508,3178,0
399383,399449,464632,65183,66
399380,399380,464746,65366,0
461331,461331,464848,3517,0
461328,461328,465073,3745,0
399388,400867,465120,64253,1479
461329,461329,465347,4018,0
399392,402194,465607,63413,2802
464066,464068,465625,1557,2
464089,465628,465686,58,1539
461330,461331,465719,4388,1
461329,461329,465794,4465,0
465833,465833,465834,1,0
465833,465833,465834,1,0
465833,465833,465834,1,0
465834,465834,465835,1,0
465834,465834,465835,1,0
465834,465834,465835,1,0
465835,465835,465836,1,0
465835,465835,465836,1,0
465835,465835,465836,1,0
465836,465836,465837,1,0
465836,465836,465837,1,0
465837,465837,465838,1,0
465838,465838,465839,1,0
465839,465839,465840,1,0
465839,465839,465840,1,0
465840,465840,465841,1,0
465840,465840,465841,1,0
466041,466041,466042,1,0
466041,466041,466042,1,0
466041,466041,466043,2,0
466042,466042,466043,1,0
466042,466042,466043,1,0
466042,466042,466043,1,0
466043,466043,466044,1,0
466043,466043,466044,1,0
466043,466043,466044,1,0
466043,466043,466044,1,0
466043,466043,466044,1,0
466044,466044,466045,1,0
466044,466044,466046,2,0
466045,466045,466046,1,0
466045,466045,466046,1,0
466044,466044,466046,2,0
466046,466046,466047,1,0
466046,466046,466047,1,0
466047,466047,466048,1,0
466047,466047,466048,1,0
466047,466047,466048,1,0
466046,466046,466048,2,0
466048,466048,466049,1,0
466048,466048,466049,1,0
466046,466046,466050,4,0
466049,466049,466050,1,0
466049,466049,466050,1,0
466050,466050,466051,1,0
466050,466050,466051,1,0
466050,466050,466052,2,0
466048,466048,466052,4,0
466050,466050,466051,1,0
466048,466048,466052,4,0
466051,466051,466052,1,0
466052,466052,466053,1,0
466045,466045,466053,8,0
466049,466049,466053,4,0
466051,466051,466053,2,0
466053,466053,466054,1,0
466052,466052,466053,1,0
466051,466051,466053,2,0
466053,466053,466054,1,0
466053,466053,466054,1,0
466054,466054,466055,1,0
466051,466051,466055,4,0
466054,466054,466055,1,0
466055,466055,466056,1,0
466053,466053,466056,3,0
466054,466054,466056,2,0
466055,466055,466057,2,0
466056,466056,466057,1,0
466056,466056,466057,1,0
466054,466054,466058,4,0
466056,466056,466058,2,0
466057,466057,466058,1,0
466057,466057,466058,1,0
466056,466056,466059,3,0
466058,466058,466059,1,0
466059,466059,466060,1,0
466058,466058,466060,2,0
466059,466059,466060,1,0
466059,466059,466060,1,0
466060,466060,466061,1,0
466060,466060,466061,1,0
466061,466061,466062,1,0
466057,466057,466062,5,0
466058,466058,466062,4,0
466062,466062,466063,1,0
466063,466063,466064,1,0
466061,466061,466064,3,0
466064,466064,466065,1,0
466063,466063,466064,1,0
466061,466061,466064,3,0
466064,466064,466066,2,0
466064,466064,466066,2,0
466066,466066,466067,1,0
466066,466066,466067,1,0
466066,466066,466067,1,0
466064,466064,466067,3,0
466066,466066,466068,2,0
466067,466067,466068,1,0
466067,466067,466069,2,0
466062,466062,466069,7,0
466060,466060,466071,11,0
466066,466066,466074,8,0
466249,466249,466254,5,0
466249,466249,466254,5,0
466250,466250,466254,4,0
466250,466250,466255,5,0
466251,466251,466255,4,0
466250,466250,466255,5,0
466252,466252,466256,4,0
466251,466251,466256,5,0
466252,466252,466256,4,0
466251,466251,466257,6,0
466249,466249,466256,7,0
466250,466250,466257,7,0
466252,466253,466257,4,1
466253,466253,466257,4,0
466253,466253,466257,4,0
466253,466253,466257,4,0
466254,466254,466258,4,0
466250,466250,466257,7,0
466252,466252,466257,5,0
466250,466250,466257,7,0
466250,466250,466258,8,0
466252,466252,466257,5,0
466253,466253,466258,5,0
466254,466254,466258,4,0
466250,466251,466257,6,1
466254,466254,466258,4,0
466254,466254,466258,4,0
466255,466255,466258,3,0
466251,466251,466258,7,0
466252,466252,466259,7,0
466253,466253,466258,5,0
466254,466254,466259,5,0
466251,466251,466258,7,0
466253,466253,466258,5,0
466254,466254,466258,4,0
466251,466251,466259,8,0
466253,466253,466259,6,0
466254,466254,466259,5,0
466256,466256,466260,4,0
466255,466255,466259,4,0
466255,466255,466260,5,0
466252,466252,466259,7,0
466255,466255,466260,5,0
466252,466252,466260,8,0
466254,466255,466259,4,1
466255,466255,466260,5,0
466256,466256,466260,4,0
466257,466257,466260,3,0
466257,466257,466261,4,0
466256,466256,466260,4,0
466256,466256,466261,5,0
466256,466256,466261,5,0
466256,466256,466261,5,0
466255,466255,466262,7,0
466255,466255,466262,7,0
466251,466251,466262,11,0
466256,466256,466263,7,0
466257,466257,466264,7,0
466395,466396,466444,48,1
466445,466445,466446,1,0
466453,466453,466467,14,0
466483,466483,466484,1,0
466486,466486,466488,2,0
466487,466487,466490,3,0
466490,466490,466492,2,0
466487,466487,466493,6,0
466491,466491,466493,2,0
466496,466497,466499,2,1
466408,466446,466502,56,38
466501,466501,466505,4,0
466502,466502,466505,3,0
466502,466503,466521,18,1
466510,466511,466547,36,1
466614,466615,466672,57,1
466486,466486,466951,465,0
466494,466494,466966,472,0
466498,466498,467000,502,0
466497,466497,467028,531,0
466449,466449,467051,602,0
466495,466495,467054,559,0
466482,466482,467093,611,0
466484,466484,467094,610,0
385140,385140,467108,81968,0
466488,466488,467110,622,0
466484,466484,467117,633,0
466490,466490,467119,629,0
466483,466483,467122,639,0
466451,466451,467122,671,0
466509,467123,467125,2,614
466448,466448,467127,679,0
466510,467126,467128,2,616
466510,467128,467138,10,618
466449,466450,467144,694,1
466446,466446,467151,705,0
466489,466489,467152,663,0
466512,467153,467155,2,641
466486,466486,467161,675,0
466482,466482,467167,685,0
466485,466485,467177,692,0
466486,466486,467188,702,0
466497,466497,467189,692,0
466487,466487,467194,707,0
466497,466498,467195,697,1
466488,466488,467202,714,0
466484,466484,467206,722,0
466495,466495,467209,714,0
466485,466485,467214,729,0
466499,466500,467226,726,1
466483,466483,467240,757,0
466485,466485,467243,758,0
466483,466483,467262,779,0
466447,466447,467263,816,0
466492,466492,467264,772,0
466485,466485,467271,786,0
466484,466484,467272,788,0
466452,466452,467273,821,0
466490,466490,467275,785,0
466492,466492,467276,784,0
466452,466452,467284,832,0
466489,466489,467286,797,0
466496,466496,467303,807,0
466495,466495,467303,808,0
466450,466450,467304,854,0
466483,466483,467304,821,0
466451,466451,467308,857,0
466486,466486,467314,828,0
466446,466446,467320,874,0
466449,466449,467339,890,0
466446,466447,467339,892,1
466492,466492,467343,851,0
466487,466487,467345,858,0
466483,466484,467346,862,1
466528,467347,467348,1,819
466489,466489,467349,860,0
466488,466488,467350,862,0
466450,466451,467351,900,1
466489,466489,467356,867,0
466496,466496,467372,876,0
466449,466449,467375,926,0
466490,466490,467380,890,0
466482,466482,467381,899,0
466531,467381,467383,2,850
466489,466489,467386,897,0
466493,466493,467389,896,0
466497,466497,467392,895,0
466485,466485,467395,910,0
466488,466488,467407,919,0
466488,466488,467412,924,0
466450,466450,467415,965,0
466453,466453,467416,963,0
466482,466482,467416,934,0
466482,466482,467421,939,0
466447,466447,467424,977,0
466450,466450,467424,974,0
466491,466491,467429,938,0
466449,466449,467432,983,0
466493,466493,467436,943,0
466453,466453,467436,983,0
466448,466448,467447,999,0
466491,466491,467457,966,0
466499,466499,467460,961,0
466451,466451,467465,1014,0
466504,466951,467466,515,447
466448,466448,467467,1019,0
466448,466448,467468,1020,0
466485,466485,467469,984,0
466496,466496,467470,974,0
461330,461330,467473,6143,0
466452,466453,467484,1031,1
466447,466447,467494,1047,0
466494,466494,467497,1003,0
466450,466450,467512,1062,0
466490,466491,467513,1022,1
466492,466492,467515,1023,0
466494,466494,467520,1026,0
466485,466485,467524,1039,0
466487,466488,467532,1044,1
466487,466487,467534,1047,0
466450,466450,467540,1090,0
466447,466447,467545,1098,0
466493,466493,467555,1062,0
466489,466489,467559,1070,0
466490,466490,467560,1070,0
466446,466446,467562,1116,0
466448,466448,467563,1115,0
466453,466453,467566,1113,0
466498,466498,467567,1069,0
466510,467124,467569,445,614
466452,466452,467572,1120,0
466492,466492,467573,1081,0
466452,466452,467583,1131,0
466491,466491,467585,1094,0
466449,466449,467586,1137,0
466491,466491,467594,1103,0
466504,466967,467594,627,463
466449,466449,467600,1151,0
466493,466493,467604,1111,0
466452,466452,467605,1153,0
466489,466489,467607,1118,0
466451,466451,467608,1157,0
466487,466487,467609,1122,0
466446,466446,467625,1179,0
466486,466486,467626,1140,0
466446,466446,467641,1195,0
466506,467052,467651,599,546
466488,466488,467656,1168,0
466447,466447,467657,1210,0
466507,467094,467659,565,587
466486,466486,467660,1174,0
466448,466448,467661,1213,0
466447,466447,467669,1222,0
466452,466452,467670,1218,0
466494,466494,467686,1192,0
466484,466484,467688,1204,0
466484,466484,467701,1217,0
466490,466490,467707,1217,0
466515,467195,467719,524,680
466524,467304,467721,417,780
466506,467094,467724,630,588
466450,466450,467739,1289,0
466493,466493,467740,1247,0
466484,466484,467748,1264,0
466494,466494,467748,1254,0
466505,467000,467749,749,495
466453,466453,467752,1299,0
466511,467138,467754,616,627
466514,467168,467763,595,654
466527,467345,467762,417,818
466521,467272,467764,492,751
466520,467272,467775,503,752
466449,466449,467777,1328,0
466446,466446,467779,1333,0
466512,467145,467781,636,633
466521,467274,467790,516,753
466511,467129,467790,661,618
466524,467304,467792,488,780
466515,467189,467798,609,674
466508,467119,467808,689,611
466496,466496,467823,1327,0
466530,467357,467824,467,827
466497,466497,467825,1328,0
466522,467276,467827,551,754
466512,467152,467829,677,640
466508,467118,467833,715,610
466524,467304,467834,530,780
466516,467203,467836,633,687
466518,467227,467843,616,709
466523,467304,467844,540,781
466495,466495,467848,1353,0
466451,466451,467856,1405,0
466520,467264,467859,595,744
466451,466451,467860,1409,0
466508,467111,467869,758,603
466528,467349,467871,522,821
466452,466452,467872,1420,0
466513,467156,467873,717,643
466525,467315,467876,561,790
466529,467352,467887,535,823
466517,467209,467888,679,692
466495,466495,467893,1398,0
466532,467384,467896,512,852
466447,466447,467898,1451,0
466483,466483,467900,1417,0
466525,467309,467903,594,784
466535,467416,467904,488,881
466536,467417,467905,488,881
466516,467207,467906,699,691
466516,467195,467912,717,679
466536,467422,467916,494,886
466523,467287,467918,631,764
466513,467162,467920,758,649
466532,467387,467921,534,855
466514,467189,467922,733,675
466534,467413,467922,509,879
466521,467276,467925,649,755
466534,467396,467931,535,862
466533,467389,467936,547,856
466505,467029,467953,924,524
466518,467241,467955,714,723
466527,467344,467958,614,817
466490,466490,467964,1474,0
466531,467375,467979,604,844
466535,467417,467984,567,882
466517,467215,467992,777,698
466445,466445,468005,1560,0
466530,467373,468015,642,843
466500,466501,468049,1548,1
466499,466499,468060,1561,0
466501,466502,468077,1575,1
466529,467351,468078,727,822
466446,466446,468081,1635,0
466501,466501,468089,1588,0
466529,467349,468095,746,820
466522,467284,468098,814,762
466526,467321,468105,784,795
466499,466499,468115,1616,0
466500,466500,468192,1692,0
466531,467382,468203,821,851
466519,467263,468206,943,744
466526,467340,468207,867,814
466519,467263,468216,953,744
466676,466678,468218,1540,2
466502,466502,468258,1756,0
466519,467244,468259,1015,725
466503,466505,468291,1786,2
466503,466506,468345,1839,3
466514,467178,468359,1181,664
466533,467393,468366,973,860
466534,467407,468418,1011,873
466507,467109,468427,1318,602
466500,466500,468433,1933,0
466506,467054,468498,1444,548
466526,467339,468514,1175,813
468499,468499,468524,25,0
466504,466521,468535,2014,17
466445,466446,468583,2137,1
468604,468604,468605,1,0
468604,468604,468605,1,0
468605,468605,468606,1,0
468605,468605,468606,1,0
468606,468606,468607,1,0
468606,468606,468613,7,0
468606,468606,468620,14,0
385135,385136,468620,83484,1
466448,466448,468841,2393,0
469047,469047,469053,6,0
469047,469047,469053,6,0
469047,469047,469054,7,0
469048,469048,469057,9,0
469048,469049,469057,8,1
469047,469047,469194,147,0
469048,469048,469392,344,0
469046,469047,469408,361,1
469049,469049,469460,411,0
399368,399368,469509,70141,0
399377,399377,469614,70237,0
469047,469048,469758,710,1
468499,468499,469921,1422,0
469048,469048,470574,1526,0
469046,469046,470656,1610,0
470761,470764,470822,58,3
469047,469048,470988,1940,1
469046,469046,471007,1961,0
469046,469046,471349,2303,0
469047,469047,472126,3079,0
470827,470830,472379,1549,3
399372,399372,472529,73157,0
469047,469047,473161,4114,0
473191,473192,473249,57,1
469048,469048,474008,4960,0
473253,473255,474821,1566,2
399373,399373,474837,75464,0
475207,475209,475266,57,2
475270,475272,476824,1552,2
469048,469048,476960,7912,0
469048,469048,477654,8606,0
481434,481435,481491,56,1
481495,481497,483035,1538,2
483540,483542,483598,56,2
483602,483604,485207,1603,2
488641,488643,488699,56,2
488703,488704,490267,1563,1
491308,491309,491366,57,1
491701,491701,491702,1,0
491701,491701,491702,1,0
491701,491701,491702,1,0
491701,491701,491702,1,0
491701,491701,491703,2,0
491701,491701,491703,2,0
491701,491701,491702,1,0
491701,491701,491703,2,0
491701,491701,491703,2,0
491701,491701,491702,1,0
491701,491701,491702,1,0
491701,491701,491703,2,0
491701,491701,491703,2,0
491701,491701,491702,1,0
491701,491702,491703,1,1
491701,491701,491702,1,0
491701,491701,491703,2,0
491701,491701,491703,2,0
491701,491701,491704,3,0
491701,491701,491704,3,0
491701,491701,491704,3,0
491701,491704,491705,1,3
491701,491704,491705,1,3
491701,491704,491705,1,3
491701,491704,491706,2,3
491701,491705,491706,1,4
491701,491704,491706,2,3
491701,491706,491707,1,5
491701,491705,491706,1,4
491701,491706,491707,1,5
491701,491706,491707,1,5
491701,491704,491707,3,3
491701,491705,491707,2,4
491701,491707,491708,1,6
491701,491704,491707,3,3
491701,491706,491707,1,5
491701,491707,491708,1,6
491701,491707,491708,1,6
491701,491707,491708,1,6
491701,491705,491708,3,4
491701,491708,491709,1,7
491701,491705,491708,3,4
491701,491706,491708,2,5
491701,491706,491709,3,5
491701,491707,491708,1,6
491701,491708,491709,1,7
491701,491708,491709,1,7
491701,491708,491709,1,7
491701,491708,491709,1,7
491701,491708,491709,1,7
491701,491708,491709,1,7
491701,491708,491709,1,7
491701,491709,491710,1,8
491701,491707,491710,3,6
491701,491707,491710,3,6
491701,491708,491709,1,7
491701,491706,491710,4,5
491701,491708,491710,2,7
491701,491709,491710,1,8
491701,491709,491710,1,8
491701,491710,491711,1,9
491701,491709,491710,1,8
491701,491710,491711,1,9
491701,491708,491710,2,7
491701,491708,491710,2,7
491701,491709,491710,1,8
491701,491709,491710,1,8
491701,491709,491711,2,8
491701,491710,491712,2,9
491701,491709,491712,3,8
491701,491710,491712,2,9
491701,491711,491712,1,10
491701,491711,491712,1,10
491701,491709,491712,3,8
491701,491710,491712,2,9
491701,491709,491712,3,8
491701,491711,491712,1,10
491701,491711,491713,2,10
491701,491711,491712,1,10
491701,491711,491713,2,10
491701,491711,491713,2,10
491701,491711,491713,2,10
491701,491711,491713,2,10
491701,491712,491713,1,11
491701,491711,491713,2,10
491701,491711,491714,3,10
491701,491711,491714,3,10
491701,491712,491714,2,11
491701,491713,491714,1,12
491701,491713,491714,1,12
491701,491712,491714,2,11
491701,491712,491713,1,11
491701,491711,491714,3,10
491701,491714,491715,1,13
491701,491713,491715,2,12
491701,491713,491715,2,12
491701,491712,491715,3,11
491701,491714,491715,1,13
491701,491711,491716,5,10
491701,491714,491716,2,13
491701,491712,491715,3,11
491701,491712,491716,4,11
491701,491712,491716,4,11
491701,491713,491716,3,12
491701,491713,491716,3,12
491701,491714,491717,3,13
491701,491715,491717,2,14
491701,491716,491717,1,15
491701,491714,491716,2,13
491701,491715,491717,2,14
491701,491713,491717,4,12
491701,491712,491717,5,11
491701,491716,491717,1,15
491701,491715,491718,3,14
491701,491716,491718,2,15
491701,491714,491719,5,13
491701,491716,491719,3,15
491701,491717,491719,2,16
491701,491714,491719,5,13
491701,491718,491720,2,17
491701,491718,491719,1,17
491701,491719,491720,1,18
491701,491718,491719,1,17
491701,491714,491720,6,13
491701,491714,491720,6,13
491701,491717,491719,2,16
491701,491717,491719,2,16
491701,491717,491720,3,16
491701,491718,491720,2,17
491701,491716,491720,4,15
491701,491716,491721,5,15
491701,491718,491721,3,17
491701,491717,491722,5,16
491701,491716,491724,8,15
491370,491371,492950,1579,1
493319,493320,493376,56,1
493380,493382,494930,1548,2
495454,495456,495512,56,2
495519,495520,497068,1548,1
497775,497776,497832,56,1
497836,497837,499390,1553,1
501245,501247,501305,58,2
501309,501310,502865,1555,1
505585,505587,505643,56,2
505647,505648,507190,1542,1
508593,508595,508653,58,2
508657,508659,510209,1550,2
510715,510716,510776,60,1
510780,510782,512357,1575,2
513264,513266,513323,57,2
513327,513329,514857,1528,2
515283,515284,515341,57,1
515345,515346,516889,1543,1
519280,519282,519336,54,2
519340,519343,520886,1543,3
521045,521047,521102,55,2
521106,521108,522632,1524,2
522808,522809,522866,57,1
522870,522871,524463,1592,1
525550,525551,525607,56,1
525611,525612,527150,1538,1
541884,541886,541943,57,2
541947,541949,543529,1580,2
544264,544267,544323,56,3
544327,544330,545879,1549,3
546412,546413,546470,57,1
546474,546475,548025,1550,1
556685,556687,556743,56,2
556747,556748,558293,1545,1
569606,569608,569664,56,2
569668,569670,571228,1558,2
589177,589180,589237,57,3
589241,589242,590805,1563,1
591439,591439,591440,1,0
591439,591439,591440,1,0
591439,591439,591441,2,0
591439,591439,591441,2,0
591439,591439,591441,2,0
591439,591439,591441,2,0
591439,591439,591441,2,0
591439,591439,591440,1,0
591439,591439,591441,2,0
591439,591439,591441,2,0
591439,591439,591441,2,0
591439,591439,591440,1,0
591439,591439,591442,3,0
591439,591441,591442,1,2
591439,591439,591442,3,0
591439,591441,591442,1,2
591439,591439,591442,3,0
591439,591441,591442,1,2
591439,591441,591442,1,2
591439,591439,591443,4,0
591439,591439,591443,4,0
591439,591441,591443,2,2
591439,591439,591443,4,0
591439,591439,591444,5,0
591439,591440,591444,4,1
591439,591442,591444,2,3
591439,591442,591444,2,3
591439,591441,591444,3,2
591439,591442,591444,2,3
591439,591442,591444,2,3
591439,591439,591445,6,0
591439,591444,591445,1,5
591439,591444,591445,1,5
591439,591443,591445,2,4
591439,591444,591445,1,5
591439,591442,591445,3,3
591439,591442,591445,3,3
591439,591443,591446,3,4
591439,591444,591445,1,5
591439,591441,591446,5,2
591439,591440,591446,6,1
591439,591445,591446,1,6
591439,591445,591446,1,6
591439,591445,591447,2,6
591439,591443,591447,4,4
591439,591446,591447,1,7
591439,591446,591447,1,7
591439,591443,591448,5,4
591439,591446,591449,3,7
591439,591448,591449,1,9
591439,591441,591449,8,2
591439,591447,591449,2,8
591439,591443,591449,6,4
591439,591448,591449,1,9
591439,591448,591449,1,9
591439,591446,591449,3,7
591439,591446,591450,4,7
591439,591447,591450,3,8
591439,591445,591450,5,6
591439,591450,591453,3,11
591439,591452,591453,1,13
591439,591441,591453,12,2
591439,591441,591453,12,2
591439,591451,591453,2,12
591439,591452,591453,1,13
591439,591452,591453,1,13
591439,591453,591454,1,14
591439,591445,591454,9,6
591439,591454,591455,1,15
591439,591454,591455,1,15
591439,591451,591457,6,12
591439,591454,591456,2,15
591439,591448,591457,9,9
591439,591456,591457,1,17
591439,591456,591457,1,17
591439,591457,591458,1,18
591439,591458,591459,1,19
591439,591458,591459,1,19
591439,591448,591458,10,9
591439,591459,591460,1,20
591439,591459,591460,1,20
591439,591459,591460,1,20
591439,591452,591460,8,13
591439,591460,591461,1,21
591439,591460,591461,1,21
591439,591451,591461,10,12
591439,591459,591461,2,20
591439,591458,591460,2,19
591439,591460,591461,1,21
591439,591461,591462,1,22
591439,591461,591462,1,22
591439,591461,591462,1,22
591439,591458,591463,5,19
591439,591452,591463,11,13
591439,591461,591463,2,22
591439,591462,591463,1,23
591439,591462,591463,1,23
591439,591462,591463,1,23
591439,591462,591463,1,23
591439,591456,591464,8,17
591439,591463,591464,1,24
591439,591463,591464,1,24
591439,591456,591463,7,17
591439,591463,591464,1,24
591439,591463,591464,1,24
591439,591454,591464,10,15
591439,591461,591463,2,22
591439,591463,591464,1,24
591439,591463,591464,1,24
591439,591463,591464,1,24
591439,591464,591465,1,25
591439,591464,591465,1,25
591439,591454,591464,10,15
591439,591464,591465,1,25
591439,591464,591465,1,25
591439,591464,591465,1,25
591439,591464,591465,1,25
591439,591464,591465,1,25
591439,591464,591465,1,25
591439,591465,591466,1,26
591439,591465,591466,1,26
591439,591465,591466,1,26
591439,591465,591466,1,26
591439,591465,591466,1,26
591439,591456,591467,11,17
591439,591456,591467,11,17
591439,591464,591466,2,25
591439,591458,591469,11,19
591439,591459,591470,11,20
591439,591461,591472,11,22
591439,591448,591472,24,9
591439,591448,591473,25,9
591439,591461,591473,12,22
591439,591464,591476,12,25
591439,591464,591476,12,25
591482,591482,591483,1,0
591482,591482,591483,1,0
591482,591482,591483,1,0
591482,591482,591483,1,0
591482,591482,591483,1,0
591482,591482,591483,1,0
591482,591482,591483,1,0
591482,591482,591483,1,0
591482,591482,591483,1,0
591482,591482,591483,1,0
591482,591482,591483,1,0
591482,591482,591483,1,0
591482,591482,591483,1,0
591482,591482,591483,1,0
591482,591482,591483,1,0
591482,591482,591483,1,0
591482,591482,591483,1,0
591482,591483,591484,1,1
591482,591483,591484,1,1
591482,591483,591484,1,1
591482,591483,591484,1,1
591482,591483,591484,1,1
591482,591483,591484,1,1
591482,591483,591484,1,1
591482,591483,591484,1,1
591482,591483,591484,1,1
591482,591483,591484,1,1
591482,591483,591484,1,1
591482,591483,591484,1,1
591482,591483,591484,1,1
591482,591483,591484,1,1
591482,591484,591485,1,2
591482,591484,591485,1,2
591482,591484,591485,1,2
591482,591484,591485,1,2
591482,591484,591485,1,2
591482,591484,591485,1,2
591482,591484,591485,1,2
591482,591484,591485,1,2
591482,591484,591485,1,2
591482,591484,591485,1,2
591482,591484,591485,1,2
591482,591485,591486,1,3
591482,591485,591486,1,3
591482,591485,591486,1,3
591482,591485,591486,1,3
591482,591485,591486,1,3
591482,591482,591488,6,0
591482,591487,591488,1,5
591482,591490,591491,1,8
591482,591483,591491,8,1
591482,591483,591492,9,1
591482,591482,591493,11,0
591482,591483,591493,10,1
591482,591482,591493,11,0
591482,591485,591494,9,3
591482,591484,591495,11,2
591482,591484,591496,12,2
591482,591484,591496,12,2
591482,591485,591497,12,3
591482,591485,591497,12,3
591482,591488,591498,10,6
591482,591488,591498,10,6
591482,591488,591499,11,6
595596,595597,595655,58,1
595660,595663,597218,1555,3
597447,597448,597504,56,1
597508,597509,599100,1591,1
602216,602218,602275,57,2
602279,602281,603842,1561,2
604641,604641,604642,1,0
604641,604641,604642,1,0
604641,604641,604642,1,0
604641,604641,604642,1,0
604641,604641,604642,1,0
604641,604641,604642,1,0
604641,604641,604642,1,0
604641,604642,604643,1,1
604641,604642,604643,1,1
604641,604642,604643,1,1
604641,604642,604643,1,1
604641,604642,604643,1,1
604641,604642,604643,1,1
604641,604642,604643,1,1
604641,604642,604643,1,1
604641,604642,604643,1,1
604641,604642,604643,1,1
604641,604642,604643,1,1
604641,604642,604643,1,1
604641,604642,604643,1,1
604641,604643,604644,1,2
604641,604643,604644,1,2
604641,604643,604644,1,2
604641,604643,604644,1,2
604641,604643,604644,1,2
604641,604643,604644,1,2
604641,604643,604644,1,2
604641,604643,604644,1,2
604641,604643,604644,1,2
604641,604643,604644,1,2
604641,604643,604644,1,2
604641,604643,604644,1,2
604641,604643,604644,1,2
604641,604643,604644,1,2
604641,604643,604644,1,2
604641,604643,604644,1,2
604641,604643,604644,1,2
604641,604643,604644,1,2
604641,604644,604645,1,3
604641,604644,604645,1,3
604641,604644,604645,1,3
604641,604644,604645,1,3
604641,604644,604645,1,3
604641,604644,604645,1,3
604641,604644,604645,1,3
604641,604644,604645,1,3
604641,604644,604645,1,3
604641,604644,604645,1,3
604641,604644,604645,1,3
604641,604644,604645,1,3
604641,604644,604645,1,3
604641,604644,604645,1,3
604641,604644,604645,1,3
604641,604644,604645,1,3
604641,604644,604645,1,3
604641,604644,604645,1,3
604641,604644,604645,1,3
604641,604644,604645,1,3
604641,604645,604646,1,4
604641,604645,604646,1,4
604641,604645,604646,1,4
604641,604645,604646,1,4
604641,604645,604646,1,4
604641,604645,604646,1,4
604641,604645,604646,1,4
604641,604645,604646,1,4
604641,604645,604646,1,4
604641,604645,604646,1,4
604641,604645,604646,1,4
604641,604645,604646,1,4
604641,604645,604646,1,4
604641,604645,604646,1,4
604641,604645,604646,1,4
604641,604645,604646,1,4
604641,604645,604646,1,4
604641,604645,604646,1,4
604641,604645,604646,1,4
604641,604646,604647,1,5
604641,604646,604647,1,5
604641,604646,604647,1,5
604641,604645,604646,1,4
604641,604646,604647,1,5
604641,604646,604647,1,5
604641,604646,604647,1,5
604641,604646,604647,1,5
604641,604646,604647,1,5
604641,604646,604647,1,5
604641,604646,604647,1,5
604641,604646,604647,1,5
604641,604646,604647,1,5
604641,604646,604648,2,5
604641,604646,604648,2,5
604641,604646,604648,2,5
604641,604646,604649,3,5
604641,604646,604648,2,5
604641,604646,604648,2,5
604641,604646,604648,2,5
604641,604647,604649,2,6
604641,604647,604649,2,6
604641,604648,604649,1,7
604641,604648,604649,1,7
604641,604648,604649,1,7
604641,604647,604649,2,6
604641,604650,604651,1,9
604641,604649,604651,2,8
604641,604649,604651,2,8
604641,604650,604651,1,9
604641,604649,604652,3,8
604641,604649,604652,3,8
604641,604649,604652,3,8
604641,604649,604652,3,8
604641,604649,604653,4,8
604641,604651,604653,2,10
604641,604649,604652,3,8
604641,604648,604653,5,7
604641,604649,604653,4,8
604641,604652,604653,1,11
604641,604650,604653,3,9
604641,604651,604654,3,10
604641,604650,604654,4,9
604641,604652,604655,3,11
604641,604651,604655,4,10
604641,604650,604654,4,9
604641,604650,604655,5,9
604641,604651,604655,4,10
604641,604652,604656,4,11
604641,604652,604656,4,11
604641,604651,604657,6,10
