submit_time,start_time,end_time,run_time,wait_time
33154,33156,34027,871,2
34030,34032,34325,293,2
34328,34330,34871,541,2
34874,34876,34994,118,2
35031,35033,42531,7498,2
42539,42541,43765,1224,2
43764,43767,43926,159,3
45109,45109,45113,4,0
45109,45109,45113,4,0
45109,45109,45113,4,0
45109,45109,45113,4,0
45109,45109,45113,4,0
45109,45109,45113,4,0
45109,45109,45113,4,0
45109,45109,45113,4,0
45109,45110,45113,3,1
45109,45109,45114,5,0
45109,45109,45113,4,0
45109,45109,45113,4,0
45109,45110,45113,3,1
45109,45109,45113,4,0
45109,45110,45113,3,1
45109,45109,45113,4,0
45109,45109,45113,4,0
45109,45109,45113,4,0
45109,45109,45113,4,0
45109,45109,45113,4,0
45109,45109,45113,4,0
45109,45109,45114,5,0
45109,45109,45113,4,0
45109,45109,45113,4,0
45109,45110,45113,3,1
45109,45109,45113,4,0
45109,45109,45113,4,0
45109,45110,45113,3,1
45109,45110,45113,3,1
45109,45109,45114,5,0
45109,45109,45114,5,0
45109,45109,45114,5,0
45109,45109,45114,5,0
45109,45110,45115,5,1
45109,45109,45115,6,0
45109,45109,45114,5,0
45109,45109,45114,5,0
45109,45109,45114,5,0
45109,45110,45114,4,1
45109,45109,45114,5,0
45109,45109,45114,5,0
45109,45110,45114,4,1
45109,45109,45114,5,0
45109,45109,45114,5,0
45109,45109,45115,6,0
45109,45110,45114,4,1
45109,45109,45114,5,0
45109,45109,45114,5,0
45109,45109,45115,6,0
45109,45109,45115,6,0
45109,45109,45115,6,0
45109,45109,45115,6,0
45109,45110,45114,4,1
45109,45109,45115,6,0
45109,45109,45115,6,0
45109,45109,45116,7,0
45109,45109,45115,6,0
45109,45109,45115,6,0
45109,45110,45115,5,1
45109,45109,45115,6,0
45109,45109,45115,6,0
45109,45110,45116,6,1
45109,45109,45115,6,0
45109,45109,45115,6,0
45109,45109,45115,6,0
45109,45110,45115,5,1
45109,45109,45115,6,0
45109,45109,45115,6,0
45109,45110,45115,5,1
45109,45109,45115,6,0
45109,45110,45115,5,1
45109,45109,45115,6,0
45109,45110,45116,6,1
45109,45110,45116,6,1
45109,45110,45117,7,1
45109,45110,45116,6,1
45109,45110,45116,6,1
45109,45109,45116,7,0
45109,45110,45116,6,1
45109,45116,45117,1,7
45109,45110,45116,6,1
45109,45116,45117,1,7
45109,45116,45117,1,7
45109,45116,45117,1,7
45109,45114,45118,4,5
45109,45114,45118,4,5
45109,45113,45118,5,4
45109,45114,45118,4,5
45109,45114,45118,4,5
45109,45116,45117,1,7
45109,45116,45117,1,7
45109,45114,45118,4,5
45109,45114,45118,4,5
45109,45114,45118,4,5
45109,45114,45118,4,5
45109,45114,45117,3,5
45109,45114,45118,4,5
45109,45116,45118,2,7
45109,45114,45118,4,5
45109,45114,45118,4,5
45109,45114,45117,3,5
45109,45115,45118,3,6
45109,45115,45118,3,6
45109,45114,45119,5,5
45109,45115,45119,4,6
45109,45115,45119,4,6
45109,45115,45119,4,6
45109,45114,45119,5,5
45109,45114,45118,4,5
45109,45114,45118,4,5
45109,45115,45119,4,6
45109,45116,45119,3,7
45109,45116,45118,2,7
45109,45114,45119,5,5
45109,45114,45118,4,5
45109,45116,45119,3,7
45109,45114,45119,5,5
45109,45115,45119,4,6
45109,45115,45119,4,6
45109,45117,45118,1,8
45109,45114,45118,4,5
45109,45115,45118,3,6
45109,45116,45119,3,7
45109,45115,45118,3,6
45109,45115,45119,4,6
45109,45115,45119,4,6
45109,45115,45119,4,6
45109,45114,45119,5,5
45109,45115,45118,3,6
45109,45114,45119,5,5
45109,45115,45119,4,6
45109,45115,45119,4,6
45109,45115,45119,4,6
45109,45114,45119,5,5
45109,45114,45119,5,5
45109,45114,45119,5,5
45109,45116,45119,3,7
45109,45114,45120,6,5
45109,45115,45120,5,6
45109,45117,45120,3,8
45109,45115,45120,5,6
45109,45114,45120,6,5
45109,45115,45119,4,6
45109,45116,45120,4,7
45109,45117,45120,3,8
45109,45115,45120,5,6
45109,45115,45120,5,6
45109,45115,45120,5,6
45109,45118,45120,2,9
45109,45115,45120,5,6
45109,45116,45119,3,7
45109,45115,45120,5,6
45109,45118,45121,3,9
45109,45118,45121,3,9
45109,45116,45121,5,7
45109,45117,45121,4,8
45109,45117,45120,3,8
45109,45117,45120,3,8
45109,45116,45121,5,7
45109,45117,45121,4,8
45109,45118,45121,3,9
45109,45116,45121,5,7
45109,45118,45121,3,9
45109,45116,45121,5,7
45109,45117,45121,4,8
45109,45119,45122,3,10
45109,45118,45122,4,9
45109,45118,45122,4,9
45109,45118,45122,4,9
45109,45118,45121,3,9
45109,45119,45122,3,10
45109,45117,45122,5,8
45109,45118,45122,4,9
45109,45118,45122,4,9
45109,45118,45122,4,9
45109,45118,45122,4,9
45109,45118,45122,4,9
45109,45119,45122,3,10
45109,45116,45121,5,7
45109,45119,45122,3,10
45109,45118,45122,4,9
45109,45118,45123,5,9
45109,45119,45123,4,10
45109,45118,45123,5,9
45109,45118,45123,5,9
45109,45118,45122,4,9
45109,45119,45123,4,10
45109,45119,45123,4,10
45109,45119,45123,4,10
45109,45119,45124,5,10
45109,45119,45124,5,10
45109,45119,45124,5,10
45109,45119,45123,4,10
45109,45119,45124,5,10
45109,45119,45124,5,10
45109,45119,45125,6,10
45109,45119,45125,6,10
45109,45119,45125,6,10
45133,45133,45136,3,0
45133,45133,45136,3,0
45133,45133,45136,3,0
45133,45133,45137,4,0
45133,45133,45137,4,0
45133,45133,45136,3,0
45133,45133,45137,4,0
45133,45133,45136,3,0
45133,45133,45137,4,0
45133,45133,45137,4,0
45133,45133,45137,4,0
45133,45133,45136,3,0
45133,45133,45136,3,0
45133,45133,45137,4,0
45133,45133,45136,3,0
45133,45133,45136,3,0
45133,45133,45137,4,0
45133,45133,45137,4,0
45133,45133,45136,3,0
45133,45133,45136,3,0
45133,45133,45137,4,0
45133,45133,45136,3,0
45133,45133,45136,3,0
45133,45133,45137,4,0
45133,45133,45137,4,0
45133,45133,45137,4,0
45133,45133,45136,3,0
45133,45133,45136,3,0
45133,45133,45136,3,0
45133,45133,45136,3,0
45133,45133,45137,4,0
45133,45133,45137,4,0
45133,45133,45137,4,0
45133,45133,45137,4,0
45133,45133,45137,4,0
45133,45133,45137,4,0
45133,45133,45137,4,0
45133,45133,45137,4,0
45133,45133,45138,5,0
45133,45133,45138,5,0
45133,45133,45137,4,0
45133,45133,45137,4,0
45133,45133,45137,4,0
45133,45133,45138,5,0
45133,45133,45137,4,0
45133,45133,45137,4,0
45133,45133,45138,5,0
45133,45133,45137,4,0
45133,45133,45138,5,0
45133,45133,45137,4,0
45133,45133,45137,4,0
45133,45133,45138,5,0
45133,45133,45137,4,0
45133,45133,45137,4,0
45133,45133,45138,5,0
45133,45133,45138,5,0
45133,45133,45137,4,0
45133,45133,45137,4,0
45133,45133,45138,5,0
45133,45133,45138,5,0
45133,45133,45137,4,0
45133,45133,45139,6,0
45133,45133,45139,6,0
45133,45133,45139,6,0
45133,45133,45139,6,0
45133,45133,45139,6,0
45133,45133,45139,6,0
45133,45133,45139,6,0
45133,45133,45139,6,0
45133,45133,45139,6,0
45133,45133,45139,6,0
45133,45133,45138,5,0
45133,45133,45138,5,0
45133,45136,45139,3,3
45133,45133,45138,5,0
45133,45133,45139,6,0
45133,45136,45139,3,3
45133,45133,45138,5,0
45133,45133,45138,5,0
45133,45133,45139,6,0
45133,45137,45140,3,4
45133,45137,45139,2,4
45133,45133,45140,7,0
45133,45133,45140,7,0
45133,45138,45140,2,5
45133,45139,45141,2,6
45133,45138,45141,3,5
45133,45137,45141,4,4
45133,45137,45141,4,4
45133,45138,45141,3,5
45133,45138,45141,3,5
45133,45138,45141,3,5
45133,45137,45141,4,4
45133,45138,45141,3,5
45133,45138,45141,3,5
45133,45138,45141,3,5
45133,45138,45141,3,5
45133,45138,45141,3,5
45133,45138,45141,3,5
45133,45140,45141,1,7
45133,45137,45141,4,4
45133,45137,45141,4,4
45133,45137,45141,4,4
45133,45138,45141,3,5
45133,45138,45141,3,5
45133,45138,45142,4,5
45133,45139,45141,2,6
45133,45139,45142,3,6
45133,45139,45142,3,6
45133,45138,45142,4,5
45133,45138,45142,4,5
45133,45138,45141,3,5
45133,45140,45142,2,7
45133,45136,45142,6,3
45133,45137,45142,5,4
45133,45137,45142,5,4
45133,45137,45142,5,4
45133,45137,45142,5,4
45133,45137,45142,5,4
45133,45139,45142,3,6
45133,45137,45142,5,4
45133,45137,45142,5,4
45133,45137,45142,5,4
45133,45137,45142,5,4
45133,45137,45142,5,4
45133,45137,45142,5,4
45133,45139,45142,3,6
45133,45139,45142,3,6
45133,45137,45142,5,4
45133,45137,45142,5,4
45133,45137,45142,5,4
45133,45138,45142,4,5
45133,45137,45142,5,4
45133,45137,45142,5,4
45133,45137,45142,5,4
45133,45140,45143,3,7
45133,45137,45142,5,4
45133,45138,45142,4,5
45133,45139,45142,3,6
45133,45140,45142,2,7
45133,45138,45143,5,5
45133,45140,45142,2,7
45133,45138,45143,5,5
45133,45139,45143,4,6
45133,45139,45143,4,6
45133,45141,45144,3,8
45133,45142,45143,1,9
45133,45142,45143,1,9
45133,45137,45143,6,4
45133,45138,45143,5,5
45133,45141,45143,2,8
45133,45137,45143,6,4
45133,45137,45143,6,4
45133,45137,45143,6,4
45133,45139,45143,4,6
45133,45137,45143,6,4
45133,45137,45143,6,4
45133,45139,45143,4,6
45133,45138,45143,5,5
45133,45139,45143,4,6
45133,45140,45143,3,7
45133,45138,45143,5,5
45133,45140,45144,4,7
45133,45142,45144,2,9
45133,45138,45144,6,5
45133,45142,45144,2,9
45133,45140,45144,4,7
45133,45143,45144,1,10
45133,45143,45145,2,10
45133,45139,45144,5,6
45133,45141,45144,3,8
45133,45143,45145,2,10
45133,45141,45145,4,8
45133,45138,45144,6,5
45133,45143,45145,2,10
45133,45143,45145,2,10
45133,45142,45145,3,9
45133,45142,45144,2,9
45133,45141,45145,4,8
45133,45142,45145,3,9
45133,45142,45145,3,9
45133,45142,45145,3,9
45133,45141,45145,4,8
45133,45143,45145,2,10
45133,45143,45145,2,10
45133,45142,45145,3,9
45133,45142,45145,3,9
45133,45143,45145,2,10
45133,45143,45145,2,10
45133,45142,45145,3,9
45133,45142,45145,3,9
45133,45142,45145,3,9
45133,45142,45147,5,9
45133,45142,45146,4,9
45133,45142,45146,4,9
45133,45142,45146,4,9
45133,45142,45147,5,9
45133,45142,45146,4,9
45133,45143,45147,4,10
45133,45143,45147,4,10
45155,45155,45157,2,0
45155,45155,45157,2,0
45155,45155,45157,2,0
45155,45155,45157,2,0
45155,45155,45157,2,0
45155,45155,45157,2,0
45155,45155,45158,3,0
45155,45155,45157,2,0
45155,45155,45157,2,0
45155,45155,45158,3,0
45155,45155,45158,3,0
45155,45155,45158,3,0
45155,45155,45159,4,0
45155,45155,45158,3,0
45155,45155,45159,4,0
45155,45155,45158,3,0
45155,45155,45159,4,0
45155,45155,45158,3,0
45155,45155,45159,4,0
45155,45155,45159,4,0
45155,45155,45159,4,0
45155,45155,45159,4,0
45155,45155,45159,4,0
45155,45155,45158,3,0
45155,45155,45158,3,0
45155,45155,45159,4,0
45155,45155,45160,5,0
45155,45155,45159,4,0
45155,45155,45160,5,0
45155,45155,45160,5,0
45155,45155,45160,5,0
45155,45155,45160,5,0
45155,45155,45160,5,0
45155,45155,45159,4,0
45155,45155,45160,5,0
45155,45155,45160,5,0
45155,45155,45159,4,0
45155,45155,45160,5,0
45155,45155,45159,4,0
45155,45155,45160,5,0
45155,45155,45160,5,0
45155,45155,45160,5,0
45155,45155,45160,5,0
45155,45155,45160,5,0
45155,45155,45160,5,0
45155,45155,45160,5,0
45155,45155,45160,5,0
45155,45155,45160,5,0
45155,45155,45160,5,0
45155,45155,45159,4,0
45155,45155,45160,5,0
45155,45155,45159,4,0
45155,45155,45160,5,0
45155,45155,45159,4,0
45155,45155,45160,5,0
45155,45155,45160,5,0
45155,45155,45161,6,0
45155,45155,45161,6,0
45155,45155,45161,6,0
45155,45155,45160,5,0
45155,45155,45161,6,0
45155,45155,45160,5,0
45155,45158,45161,3,3
45155,45155,45160,5,0
45155,45155,45161,6,0
45155,45157,45161,4,2
45155,45155,45160,5,0
45155,45155,45161,6,0
45155,45155,45161,6,0
45155,45155,45161,6,0
45155,45157,45161,4,2
45155,45155,45161,6,0
45155,45155,45161,6,0
45155,45157,45161,4,2
45155,45155,45160,5,0
45155,45157,45161,4,2
45155,45158,45161,3,3
45155,45158,45162,4,3
45155,45159,45162,3,4
45155,45159,45162,3,4
45155,45155,45162,7,0
45155,45155,45162,7,0
45155,45159,45161,2,4
45155,45160,45162,2,5
45155,45160,45162,2,5
45155,45158,45161,3,3
45155,45159,45162,3,4
45155,45155,45161,6,0
45155,45155,45162,7,0
45155,45158,45161,3,3
45155,45160,45162,2,5
45155,45160,45162,2,5
45155,45160,45162,2,5
45155,45157,45162,5,2
45155,45155,45162,7,0
45155,45158,45162,4,3
45155,45155,45162,7,0
45155,45155,45161,6,0
45155,45155,45162,7,0
45155,45160,45163,3,5
45155,45161,45163,2,6
45155,45161,45163,2,6
45155,45160,45163,3,5
45155,45160,45163,3,5
45155,45160,45162,2,5
45155,45160,45162,2,5
45155,45161,45163,2,6
45155,45160,45162,2,5
45155,45160,45163,3,5
45155,45160,45163,3,5
45155,45161,45163,2,6
45155,45161,45163,2,6
45155,45159,45163,4,4
45155,45160,45164,4,5
45155,45160,45164,4,5
45155,45161,45164,3,6
45155,45159,45164,5,4
45155,45161,45164,3,6
45155,45161,45164,3,6
45155,45159,45165,6,4
45155,45161,45164,3,6
45155,45159,45164,5,4
45155,45159,45164,5,4
45155,45161,45164,3,6
45155,45159,45164,5,4
45155,45160,45164,4,5
45155,45162,45165,3,7
45155,45162,45165,3,7
45155,45155,45164,9,0
45155,45161,45164,3,6
45155,45159,45164,5,4
45155,45160,45165,5,5
45155,45161,45164,3,6
45155,45159,45164,5,4
45155,45159,45164,5,4
45155,45160,45164,4,5
45155,45160,45164,4,5
45155,45159,45164,5,4
45155,45161,45164,3,6
45155,45161,45164,3,6
45155,45161,45165,4,6
45155,45162,45165,3,7
45155,45162,45165,3,7
45155,45162,45165,3,7
45155,45162,45165,3,7
45155,45162,45165,3,7
45155,45160,45165,5,5
45155,45160,45165,5,5
45155,45161,45165,4,6
45155,45161,45165,4,6
45155,45162,45165,3,7
45155,45159,45165,6,4
45155,45162,45165,3,7
45155,45160,45165,5,5
45155,45162,45166,4,7
45155,45162,45165,3,7
45155,45162,45165,3,7
45155,45160,45165,5,5
45155,45160,45165,5,5
45155,45162,45165,3,7
45155,45160,45165,5,5
45155,45162,45165,3,7
45155,45162,45165,3,7
45155,45162,45165,3,7
45155,45161,45166,5,6
45155,45161,45166,5,6
45155,45164,45166,2,9
45155,45161,45166,5,6
45155,45161,45166,5,6
45155,45160,45166,6,5
45155,45160,45166,6,5
45155,45164,45166,2,9
45155,45160,45166,6,5
45155,45163,45166,3,8
45155,45162,45166,4,7
45155,45163,45167,4,8
45155,45160,45166,6,5
45155,45162,45166,4,7
45155,45162,45166,4,7
45155,45164,45166,2,9
45155,45161,45167,6,6
45155,45164,45167,3,9
45155,45164,45167,3,9
45155,45164,45167,3,9
45155,45164,45167,3,9
45155,45163,45167,4,8
45155,45165,45168,3,10
45155,45164,45168,4,9
45155,45165,45169,4,10
45155,45165,45168,3,10
45155,45164,45168,4,9
45155,45164,45168,4,9
45155,45164,45168,4,9
45155,45164,45168,4,9
45155,45164,45169,5,9
45155,45165,45168,3,10
45155,45165,45169,4,10
45155,45165,45169,4,10
45155,45165,45169,4,10
45155,45165,45169,4,10
45175,45175,45179,4,0
45175,45175,45179,4,0
45175,45175,45179,4,0
45175,45175,45179,4,0
45175,45175,45179,4,0
45175,45175,45179,4,0
45175,45175,45179,4,0
45175,45175,45179,4,0
45175,45175,45179,4,0
45175,45175,45179,4,0
45175,45175,45178,3,0
45175,45175,45179,4,0
45175,45175,45179,4,0
45175,45175,45179,4,0
45175,45175,45179,4,0
45175,45175,45179,4,0
45175,45175,45179,4,0
45175,45175,45179,4,0
45175,45175,45179,4,0
45175,45175,45179,4,0
45175,45175,45179,4,0
45175,45175,45179,4,0
45175,45175,45178,3,0
45175,45175,45179,4,0
45175,45175,45180,5,0
45175,45175,45180,5,0
45175,45175,45179,4,0
45175,45175,45180,5,0
45175,45175,45180,5,0
45175,45175,45180,5,0
45175,45175,45180,5,0
45175,45175,45180,5,0
45175,45175,45180,5,0
45175,45175,45180,5,0
45175,45175,45179,4,0
45175,45175,45180,5,0
45175,45175,45179,4,0
45175,45175,45180,5,0
45175,45175,45180,5,0
45175,45175,45180,5,0
45175,45175,45180,5,0
45175,45175,45179,4,0
45175,45175,45180,5,0
45175,45175,45180,5,0
45175,45175,45180,5,0
45175,45175,45180,5,0
45175,45175,45180,5,0
45175,45175,45180,5,0
45175,45175,45180,5,0
45175,45175,45180,5,0
45175,45175,45180,5,0
45175,45175,45180,5,0
45175,45175,45181,6,0
45175,45175,45181,6,0
45175,45175,45181,6,0
45175,45175,45181,6,0
45175,45175,45181,6,0
45175,45175,45181,6,0
45175,45175,45181,6,0
45175,45179,45181,2,4
45175,45175,45181,6,0
45175,45175,45181,6,0
45175,45175,45181,6,0
45175,45175,45181,6,0
45175,45175,45181,6,0
45175,45175,45181,6,0
45175,45175,45181,6,0
45175,45175,45181,6,0
45175,45175,45181,6,0
45175,45179,45182,3,4
45175,45175,45181,6,0
45175,45175,45181,6,0
45175,45179,45181,2,4
45175,45175,45181,6,0
45175,45175,45181,6,0
45175,45175,45181,6,0
45175,45175,45182,7,0
45175,45175,45182,7,0
45175,45175,45182,7,0
45175,45179,45182,3,4
45175,45175,45182,7,0
45175,45179,45183,4,4
45175,45179,45182,3,4
45175,45175,45182,7,0
45175,45175,45182,7,0
45175,45179,45182,3,4
45175,45182,45183,1,7
45175,45175,45182,7,0
45175,45179,45182,3,4
45175,45182,45183,1,7
45175,45179,45182,3,4
45175,45182,45183,1,7
45175,45182,45183,1,7
45175,45182,45183,1,7
45175,45179,45183,4,4
45175,45179,45183,4,4
45175,45182,45184,2,7
45175,45179,45183,4,4
45175,45179,45184,5,4
45175,45179,45183,4,4
45175,45181,45183,2,6
45175,45179,45183,4,4
45175,45181,45183,2,6
45175,45179,45183,4,4
45175,45181,45184,3,6
45175,45180,45185,5,5
45175,45179,45184,5,4
45175,45181,45184,3,6
45175,45182,45184,2,7
45175,45183,45184,1,8
45175,45179,45185,6,4
45175,45181,45184,3,6
45175,45183,45184,1,8
45175,45182,45185,3,7
45175,45182,45185,3,7
45175,45182,45184,2,7
45175,45182,45184,2,7
45175,45179,45184,5,4
45175,45179,45185,6,4
45175,45181,45184,3,6
45175,45181,45184,3,6
45175,45182,45185,3,7
45175,45183,45185,2,8
45175,45179,45184,5,4
45175,45182,45185,3,7
45175,45183,45185,2,8
45175,45179,45184,5,4
45175,45181,45184,3,6
45175,45179,45184,5,4
45175,45181,45184,3,6
45175,45182,45184,2,7
45175,45180,45185,5,5
45175,45180,45185,5,5
45175,45182,45185,3,7
45175,45179,45185,6,4
45175,45182,45185,3,7
45175,45181,45185,4,6
45175,45181,45185,4,6
45175,45182,45186,4,7
45175,45181,45185,4,6
45175,45183,45185,2,8
45175,45183,45185,2,8
45175,45183,45185,2,8
45175,45183,45185,2,8
45175,45182,45185,3,7
45175,45181,45186,5,6
45175,45181,45185,4,6
45175,45181,45185,4,6
45175,45182,45187,5,7
45175,45180,45186,6,5
45175,45181,45186,5,6
45175,45181,45186,5,6
45175,45181,45186,5,6
45175,45185,45187,2,10
45175,45185,45186,1,10
45175,45182,45187,5,7
45175,45183,45186,3,8
45175,45181,45187,6,6
45175,45181,45186,5,6
45175,45182,45186,4,7
45175,45183,45187,4,8
45175,45182,45186,4,7
45175,45181,45186,5,6
45175,45181,45186,5,6
45175,45184,45186,2,9
45175,45181,45186,5,6
45175,45181,45186,5,6
45175,45183,45186,3,8
45175,45181,45187,6,6
45175,45184,45187,3,9
45175,45185,45187,2,10
45175,45185,45188,3,10
45175,45185,45187,2,10
45175,45184,45187,3,9
45175,45182,45187,5,7
45175,45183,45188,5,8
45175,45183,45187,4,8
45175,45183,45188,5,8
45175,45184,45188,4,9
45175,45185,45187,2,10
45175,45183,45187,4,8
45175,45183,45187,4,8
45175,45184,45187,3,9
45175,45184,45188,4,9
45175,45185,45188,3,10
45175,45184,45189,5,9
45175,45184,45189,5,9
45175,45184,45188,4,9
45175,45184,45188,4,9
45175,45184,45189,5,9
45175,45184,45189,5,9
45175,45184,45188,4,9
45175,45185,45189,4,10
45175,45185,45189,4,10
45175,45185,45190,5,10
45175,45185,45190,5,10
45175,45185,45189,4,10
45197,45198,45201,3,1
45197,45198,45200,2,1
45197,45198,45200,2,1
45197,45198,45200,2,1
45197,45198,45200,2,1
45197,45198,45201,3,1
45197,45198,45201,3,1
45197,45198,45201,3,1
45197,45198,45201,3,1
45197,45198,45201,3,1
45197,45198,45202,4,1
45197,45198,45202,4,1
45197,45198,45202,4,1
45197,45198,45202,4,1
45197,45198,45201,3,1
45197,45198,45201,3,1
45197,45198,45201,3,1
45197,45197,45201,4,0
45197,45198,45202,4,1
45197,45198,45201,3,1
45197,45198,45201,3,1
45197,45198,45201,3,1
45197,45198,45202,4,1
45197,45198,45201,3,1
45197,45198,45202,4,1
45197,45198,45201,3,1
45197,45198,45201,3,1
45197,45198,45201,3,1
45197,45198,45201,3,1
45197,45198,45201,3,1
45197,45198,45202,4,1
45197,45198,45201,3,1
45197,45198,45201,3,1
45197,45197,45202,5,0
45197,45198,45201,3,1
45197,45198,45202,4,1
45197,45198,45202,4,1
45197,45198,45201,3,1
45197,45197,45202,5,0
45197,45198,45203,5,1
45197,45198,45202,4,1
45197,45198,45202,4,1
45197,45197,45202,5,0
45197,45198,45203,5,1
45197,45198,45202,4,1
45197,45198,45203,5,1
45197,45198,45203,5,1
45197,45197,45203,6,0
45197,45198,45203,5,1
45197,45198,45202,4,1
45197,45198,45203,5,1
45197,45198,45202,4,1
45197,45198,45203,5,1
45197,45198,45203,5,1
45197,45197,45202,5,0
45197,45198,45202,4,1
45197,45198,45203,5,1
45197,45198,45202,4,1
45197,45198,45203,5,1
45197,45198,45203,5,1
45197,45198,45202,4,1
45197,45198,45203,5,1
45197,45198,45202,4,1
45197,45198,45203,5,1
45197,45197,45202,5,0
45197,45198,45203,5,1
45197,45198,45202,4,1
45197,45198,45203,5,1
45197,45198,45203,5,1
45197,45198,45202,4,1
45197,45198,45204,6,1
45197,45198,45203,5,1
45197,45198,45203,5,1
45197,45198,45204,6,1
45197,45198,45203,5,1
45197,45201,45204,3,4
45197,45198,45203,5,1
45197,45201,45204,3,4
45197,45198,45203,5,1
45197,45201,45203,2,4
45197,45198,45204,6,1
45197,45198,45203,5,1
45197,45201,45205,4,4
45197,45201,45205,4,4
45197,45201,45205,4,4
45197,45201,45205,4,4
45197,45202,45205,3,5
45197,45202,45206,4,5
45197,45201,45205,4,4
45197,45202,45206,4,5
45197,45202,45206,4,5
45197,45202,45206,4,5
45197,45203,45205,2,6
45197,45202,45206,4,5
45197,45203,45206,3,6
45197,45203,45206,3,6
45197,45203,45206,3,6
45197,45203,45206,3,6
45197,45203,45206,3,6
45197,45202,45206,4,5
45197,45203,45206,3,6
45197,45203,45206,3,6
45197,45203,45206,3,6
45197,45203,45205,2,6
45197,45203,45206,3,6
45197,45203,45206,3,6
45197,45203,45206,3,6
45197,45203,45206,3,6
45197,45203,45206,3,6
45197,45203,45205,2,6
45197,45203,45206,3,6
45197,45203,45205,2,6
45197,45203,45206,3,6
45197,45202,45206,4,5
45197,45203,45206,3,6
45197,45203,45206,3,6
45197,45203,45206,3,6
45197,45202,45206,4,5
45197,45203,45207,4,6
45197,45198,45206,8,1
45197,45202,45207,5,5
45197,45203,45207,4,6
45197,45202,45207,5,5
45197,45202,45207,5,5
45197,45202,45207,5,5
45197,45204,45207,3,7
45197,45204,45207,3,7
45197,45202,45207,5,5
45197,45202,45207,5,5
45197,45202,45207,5,5
45197,45202,45207,5,5
45197,45202,45207,5,5
45197,45204,45207,3,7
45197,45202,45207,5,5
45197,45202,45206,4,5
45197,45202,45207,5,5
45197,45202,45207,5,5
45197,45203,45207,4,6
45197,45203,45207,4,6
45197,45203,45208,5,6
45197,45203,45207,4,6
45197,45203,45208,5,6
45197,45202,45207,5,5
45197,45202,45207,5,5
45197,45202,45207,5,5
45197,45204,45208,4,7
45197,45204,45208,4,7
45197,45202,45208,6,5
45197,45202,45208,6,5
45197,45202,45208,6,5
45197,45203,45208,5,6
45197,45203,45207,4,6
45197,45204,45208,4,7
45197,45204,45208,4,7
45197,45204,45208,4,7
45197,45203,45208,5,6
45197,45202,45208,6,5
45197,45204,45208,4,7
45197,45204,45208,4,7
45197,45205,45208,3,8
45197,45202,45208,6,5
45197,45204,45208,4,7
45197,45204,45208,4,7
45197,45206,45208,2,9
45197,45206,45209,3,9
45197,45206,45209,3,9
45197,45205,45209,4,8
45197,45206,45210,4,9
45197,45206,45210,4,9
45197,45206,45210,4,9
45197,45207,45210,3,10
45197,45206,45210,4,9
45197,45206,45210,4,9
45197,45206,45210,4,9
45197,45206,45210,4,9
45197,45206,45210,4,9
45197,45206,45210,4,9
45197,45206,45210,4,9
45197,45205,45210,5,8
45197,45206,45210,4,9
45197,45207,45211,4,10
45197,45206,45211,5,9
45197,45206,45211,5,9
45197,45206,45211,5,9
45197,45206,45211,5,9
45197,45206,45211,5,9
45197,45206,45211,5,9
45197,45206,45211,5,9
45197,45206,45211,5,9
45197,45206,45211,5,9
45197,45206,45211,5,9
45197,45206,45211,5,9
45197,45206,45211,5,9
45197,45206,45211,5,9
45197,45206,45211,5,9
45197,45206,45211,5,9
45197,45207,45211,4,10
45197,45206,45212,6,9
45197,45206,45212,6,9
45197,45206,45212,6,9
45220,45221,45222,1,1
45220,45220,45222,2,0
45220,45221,45222,1,1
45220,45221,45222,1,1
45220,45220,45223,3,0
45220,45220,45223,3,0
45220,45220,45223,3,0
45220,45221,45223,2,1
45220,45220,45223,3,0
45220,45220,45223,3,0
45220,45220,45223,3,0
45220,45220,45223,3,0
45220,45221,45223,2,1
45220,45220,45223,3,0
45220,45221,45223,2,1
45220,45221,45223,2,1
45220,45220,45224,4,0
45220,45220,45223,3,0
45220,45220,45223,3,0
45220,45221,45224,3,1
45220,45220,45224,4,0
45220,45220,45225,5,0
45220,45221,45224,3,1
45220,45220,45224,4,0
45220,45220,45224,4,0
45220,45220,45224,4,0
45220,45220,45224,4,0
45220,45220,45224,4,0
45220,45220,45224,4,0
45220,45220,45225,5,0
45220,45220,45224,4,0
45220,45220,45225,5,0
45220,45220,45225,5,0
45220,45220,45224,4,0
45220,45220,45225,5,0
45220,45220,45224,4,0
45220,45220,45225,5,0
45220,45221,45225,4,1
45220,45220,45225,5,0
45220,45220,45226,6,0
45220,45220,45225,5,0
45220,45221,45225,4,1
45220,45220,45225,5,0
45220,45220,45225,5,0
45220,45221,45226,5,1
45220,45221,45225,4,1
45220,45220,45225,5,0
45220,45220,45225,5,0
45220,45221,45225,4,1
45220,45220,45225,5,0
45220,45220,45225,5,0
45220,45223,45226,3,3
45220,45220,45225,5,0
45220,45221,45226,5,1
45220,45221,45225,4,1
45220,45220,45225,5,0
45220,45220,45225,5,0
45220,45221,45226,5,1
45220,45223,45226,3,3
45220,45220,45226,6,0
45220,45220,45226,6,0
45220,45220,45226,6,0
45220,45220,45226,6,0
45220,45221,45226,5,1
45220,45224,45226,2,4
45220,45220,45226,6,0
45220,45220,45226,6,0
45220,45220,45226,6,0
45220,45220,45227,7,0
45220,45221,45226,5,1
45220,45224,45226,2,4
45220,45220,45226,6,0
45220,45220,45227,7,0
45220,45220,45226,6,0
45220,45220,45226,6,0
45220,45221,45226,5,1
45220,45220,45226,6,0
45220,45224,45226,2,4
45220,45220,45226,6,0
45220,45220,45226,6,0
45220,45221,45227,6,1
45220,45223,45226,3,3
45220,45225,45228,3,5
45220,45220,45227,7,0
45220,45220,45227,7,0
45220,45223,45228,5,3
45220,45224,45227,3,4
45220,45224,45227,3,4
45220,45221,45227,6,1
45220,45225,45228,3,5
45220,45224,45227,3,4
45220,45221,45227,6,1
45220,45224,45228,4,4
45220,45224,45227,3,4
45220,45224,45228,4,4
45220,45224,45228,4,4
45220,45224,45227,3,4
45220,45224,45228,4,4
45220,45226,45228,2,6
45220,45225,45228,3,5
45220,45226,45228,2,6
45220,45225,45229,4,5
45220,45225,45229,4,5
45220,45225,45228,3,5
45220,45226,45229,3,6
45220,45224,45228,4,4
45220,45224,45228,4,4
45220,45225,45228,3,5
45220,45225,45229,4,5
45220,45224,45229,5,4
45220,45225,45228,3,5
45220,45226,45228,2,6
45220,45227,45230,3,7
45220,45227,45229,2,7
45220,45227,45229,2,7
45220,45225,45230,5,5
45220,45227,45229,2,7
45220,45225,45229,4,5
45220,45225,45229,4,5
45220,45226,45229,3,6
45220,45226,45229,3,6
45220,45226,45229,3,6
45220,45227,45230,3,7
45220,45228,45230,2,8
45220,45225,45230,5,5
45220,45225,45229,4,5
45220,45227,45230,3,7
45220,45227,45230,3,7
45220,45228,45230,2,8
45220,45225,45229,4,5
45220,45226,45230,4,6
45220,45226,45229,3,6
45220,45226,45230,4,6
45220,45225,45229,4,5
45220,45226,45229,3,6
45220,45226,45230,4,6
45220,45226,45229,3,6
45220,45227,45229,2,7
45220,45227,45229,2,7
45220,45225,45230,5,5
45220,45227,45230,3,7
45220,45226,45229,3,6
45220,45226,45230,4,6
45220,45226,45231,5,6
45220,45227,45231,4,7
45220,45227,45230,3,7
45220,45227,45230,3,7
45220,45227,45231,4,7
45220,45227,45230,3,7
45220,45226,45230,4,6
45220,45226,45230,4,6
45220,45228,45230,2,8
45220,45228,45230,2,8
45220,45226,45230,4,6
45220,45227,45230,3,7
45220,45226,45230,4,6
45220,45228,45230,2,8
45220,45226,45230,4,6
45220,45226,45231,5,6
45220,45227,45230,3,7
45220,45228,45230,2,8
45220,45228,45230,2,8
45220,45226,45231,5,6
45220,45227,45230,3,7
45220,45228,45230,2,8
45220,45229,45231,2,9
45220,45227,45230,3,7
45220,45228,45230,2,8
45220,45228,45230,2,8
45220,45228,45230,2,8
45220,45228,45230,2,8
45220,45228,45230,2,8
45220,45229,45231,2,9
45220,45229,45231,2,9
45220,45227,45232,5,7
45220,45227,45232,5,7
45220,45227,45231,4,7
45220,45228,45231,3,8
45220,45228,45231,3,8
45220,45229,45231,2,9
45220,45227,45231,4,7
45220,45229,45231,2,9
45220,45229,45232,3,9
45220,45229,45231,2,9
45220,45229,45232,3,9
45220,45230,45233,3,10
45220,45229,45232,3,9
45220,45229,45232,3,9
45220,45229,45232,3,9
45220,45229,45233,4,9
45220,45230,45233,3,10
45220,45230,45234,4,10
45220,45230,45233,3,10
45220,45230,45234,4,10
45220,45230,45233,3,10
45220,45229,45233,4,9
45220,45229,45233,4,9
45220,45229,45233,4,9
45220,45230,45234,4,10
45220,45230,45234,4,10
45243,45243,45246,3,0
45243,45243,45246,3,0
45243,45243,45246,3,0
45243,45243,45246,3,0
45243,45243,45246,3,0
45243,45243,45246,3,0
45243,45243,45246,3,0
45243,45243,45246,3,0
45243,45243,45246,3,0
45243,45243,45246,3,0
45243,45243,45247,4,0
45243,45243,45247,4,0
45243,45243,45246,3,0
45243,45243,45246,3,0
45243,45243,45246,3,0
45243,45243,45247,4,0
45243,45243,45247,4,0
45243,45243,45247,4,0
45243,45243,45246,3,0
45243,45243,45247,4,0
45243,45243,45246,3,0
45243,45243,45246,3,0
45243,45243,45247,4,0
45243,45243,45246,3,0
45243,45243,45247,4,0
45243,45243,45247,4,0
45243,45243,45247,4,0
45243,45243,45248,5,0
45243,45243,45247,4,0
45243,45243,45248,5,0
45243,45243,45248,5,0
45243,45243,45248,5,0
45243,45243,45247,4,0
45243,45243,45248,5,0
45243,45243,45248,5,0
45243,45243,45247,4,0
45243,45243,45248,5,0
45243,45243,45248,5,0
45243,45243,45247,4,0
45243,45243,45247,4,0
45243,45243,45247,4,0
45243,45243,45248,5,0
45243,45243,45248,5,0
45243,45243,45248,5,0
45243,45243,45248,5,0
45243,45243,45248,5,0
45243,45243,45248,5,0
45243,45243,45248,5,0
45243,45243,45248,5,0
45243,45243,45247,4,0
45243,45243,45247,4,0
45243,45243,45248,5,0
45243,45243,45248,5,0
45243,45243,45248,5,0
45243,45243,45247,4,0
45243,45243,45248,5,0
45243,45243,45248,5,0
45243,45243,45248,5,0
45243,45243,45248,5,0
45243,45243,45248,5,0
45243,45243,45248,5,0
45243,45243,45248,5,0
45243,45243,45248,5,0
45243,45243,45249,6,0
45243,45243,45249,6,0
45243,45243,45248,5,0
45243,45243,45248,5,0
45243,45243,45248,5,0
45243,45243,45249,6,0
45243,45247,45249,2,4
45243,45243,45248,5,0
45243,45243,45249,6,0
45243,45243,45248,5,0
45243,45247,45249,2,4
45243,45247,45249,2,4
45243,45247,45249,2,4
45243,45243,45248,5,0
45243,45243,45249,6,0
45243,45246,45249,3,3
45243,45246,45249,3,3
45243,45243,45249,6,0
45243,45243,45250,7,0
45243,45243,45249,6,0
45243,45247,45250,3,4
45243,45243,45250,7,0
45243,45247,45250,3,4
45243,45247,45250,3,4
45243,45243,45249,6,0
45243,45243,45249,6,0
45243,45246,45249,3,3
45243,45246,45250,4,3
45243,45246,45250,4,3
45243,45246,45250,4,3
45243,45249,45250,1,6
45243,45246,45249,3,3
45243,45249,45250,1,6
45243,45249,45250,1,6
45243,45249,45250,1,6
45243,45249,45250,1,6
45243,45249,45250,1,6
45243,45250,45251,1,7
45243,45250,45251,1,7
45243,45250,45251,1,7
45243,45247,45250,3,4
45243,45248,45251,3,5
45243,45248,45251,3,5
45243,45247,45251,4,4
45243,45247,45251,4,4
45243,45247,45251,4,4
45243,45248,45251,3,5
45243,45249,45251,2,6
45243,45249,45251,2,6
45243,45247,45251,4,4
45243,45248,45251,3,5
45243,45247,45251,4,4
45243,45248,45251,3,5
45243,45248,45251,3,5
45243,45247,45252,5,4
45243,45247,45252,5,4
45243,45247,45252,5,4
45243,45248,45252,4,5
45243,45248,45252,4,5
45243,45248,45252,4,5
45243,45250,45251,1,7
45243,45249,45252,3,6
45243,45250,45252,2,7
45243,45250,45252,2,7
45243,45247,45252,5,4
45243,45247,45252,5,4
45243,45248,45252,4,5
45243,45249,45252,3,6
45243,45249,45252,3,6
45243,45248,45252,4,5
45243,45248,45252,4,5
45243,45247,45252,5,4
45243,45248,45252,4,5
45243,45248,45252,4,5
45243,45249,45252,3,6
45243,45248,45252,4,5
45243,45248,45252,4,5
45243,45248,45253,5,5
45243,45248,45252,4,5
45243,45248,45253,5,5
45243,45249,45253,4,6
45243,45249,45252,3,6
45243,45249,45253,4,6
45243,45248,45253,5,5
45243,45250,45253,3,7
45243,45250,45253,3,7
45243,45247,45252,5,4
45243,45248,45253,5,5
45243,45248,45253,5,5
45243,45248,45253,5,5
45243,45248,45253,5,5
45243,45248,45253,5,5
45243,45249,45253,4,6
45243,45250,45253,3,7
45243,45248,45253,5,5
45243,45250,45253,3,7
45243,45248,45253,5,5
45243,45248,45253,5,5
45243,45249,45254,5,6
45243,45249,45254,5,6
45243,45249,45254,5,6
45243,45251,45253,2,8
45243,45249,45254,5,6
45243,45249,45254,5,6
45243,45249,45253,4,6
45243,45248,45253,5,5
45243,45250,45254,4,7
45243,45248,45254,6,5
45243,45251,45254,3,8
45243,45251,45254,3,8
45243,45250,45254,4,7
45243,45251,45254,3,8
45243,45252,45254,2,9
45243,45252,45254,2,9
45243,45251,45254,3,8
45243,45251,45254,3,8
45243,45251,45255,4,8
45243,45251,45255,4,8
45243,45249,45255,6,6
45243,45249,45254,5,6
45243,45250,45255,5,7
45243,45251,45255,4,8
45243,45251,45255,4,8
45243,45251,45255,4,8
45243,45250,45255,5,7
45243,45250,45255,5,7
45243,45251,45255,4,8
45243,45252,45255,3,9
45243,45252,45255,3,9
45243,45251,45256,5,8
45243,45251,45256,5,8
45243,45251,45256,5,8
45243,45251,45255,4,8
45243,45252,45256,4,9
45243,45252,45256,4,9
45243,45252,45256,4,9
45243,45252,45256,4,9
45264,45264,45267,3,0
45264,45264,45267,3,0
45264,45264,45267,3,0
45264,45264,45267,3,0
45264,45264,45268,4,0
45264,45264,45267,3,0
45264,45264,45268,4,0
45264,45264,45267,3,0
45264,45264,45267,3,0
45264,45264,45268,4,0
45264,45264,45268,4,0
45264,45264,45268,4,0
45264,45264,45268,4,0
45264,45264,45268,4,0
45264,45264,45267,3,0
45264,45264,45267,3,0
45264,45264,45268,4,0
45264,45264,45268,4,0
45264,45264,45268,4,0
45264,45264,45268,4,0
45264,45264,45268,4,0
45264,45264,45268,4,0
45264,45264,45268,4,0
45264,45264,45268,4,0
45264,45264,45269,5,0
45264,45264,45269,5,0
45264,45264,45269,5,0
45264,45264,45269,5,0
45264,45264,45269,5,0
45264,45264,45268,4,0
45264,45264,45269,5,0
45264,45264,45269,5,0
45264,45264,45268,4,0
45264,45264,45269,5,0
45264,45264,45269,5,0
45264,45264,45269,5,0
45264,45264,45268,4,0
45264,45264,45268,4,0
45264,45264,45269,5,0
45264,45264,45269,5,0
45264,45264,45269,5,0
45264,45264,45269,5,0
45264,45264,45269,5,0
45264,45264,45268,4,0
45264,45264,45269,5,0
45264,45264,45269,5,0
45264,45264,45269,5,0
45264,45264,45269,5,0
45264,45264,45268,4,0
45264,45264,45269,5,0
45264,45264,45269,5,0
45264,45264,45269,5,0
45264,45264,45269,5,0
45264,45264,45268,4,0
45264,45264,45269,5,0
45264,45264,45269,5,0
45264,45264,45270,6,0
45264,45264,45269,5,0
45264,45264,45270,6,0
45264,45264,45270,6,0
45264,45264,45270,6,0
45264,45264,45270,6,0
45264,45264,45269,5,0
45264,45264,45270,6,0
45264,45264,45270,6,0
45264,45264,45270,6,0
45264,45264,45270,6,0
45264,45264,45270,6,0
45264,45264,45269,5,0
45264,45264,45269,5,0
45264,45264,45270,6,0
45264,45267,45270,3,3
45264,45264,45270,6,0
45264,45264,45270,6,0
45264,45264,45269,5,0
45264,45264,45269,5,0
45264,45264,45269,5,0
45264,45264,45270,6,0
45264,45264,45270,6,0
45264,45264,45271,7,0
45264,45267,45271,4,3
45264,45268,45271,3,4
45264,45264,45271,7,0
45264,45267,45271,4,3
45264,45268,45271,3,4
45264,45267,45271,4,3
45264,45268,45272,4,4
45264,45269,45272,3,5
45264,45268,45272,4,4
45264,45269,45272,3,5
45264,45269,45272,3,5
45264,45268,45272,4,4
45264,45269,45272,3,5
45264,45270,45272,2,6
45264,45268,45272,4,4
45264,45268,45272,4,4
45264,45268,45272,4,4
45264,45269,45272,3,5
45264,45269,45273,4,5
45264,45269,45273,4,5
45264,45268,45273,5,4
45264,45269,45273,4,5
45264,45269,45273,4,5
45264,45270,45273,3,6
45264,45268,45273,5,4
45264,45270,45273,3,6
45264,45268,45273,5,4
45264,45269,45273,4,5
45264,45269,45273,4,5
45264,45270,45273,3,6
45264,45268,45273,5,4
45264,45268,45273,5,4
45264,45269,45273,4,5
45264,45270,45273,3,6
45264,45270,45273,3,6
45264,45270,45273,3,6
45264,45269,45274,5,5
45264,45270,45273,3,6
45264,45270,45273,3,6
45264,45269,45273,4,5
45264,45270,45273,3,6
45264,45272,45273,1,8
45264,45272,45273,1,8
45264,45270,45273,3,6
45264,45270,45273,3,6
45264,45272,45273,1,8
45264,45268,45273,5,4
45264,45270,45273,3,6
45264,45270,45273,3,6
45264,45269,45273,4,5
45264,45269,45274,5,5
45264,45269,45273,4,5
45264,45270,45274,4,6
45264,45271,45274,3,7
45264,45268,45274,6,4
45264,45269,45274,5,5
45264,45269,45274,5,5
45264,45270,45274,4,6
45264,45270,45274,4,6
45264,45270,45274,4,6
45264,45269,45274,5,5
45264,45269,45274,5,5
45264,45270,45274,4,6
45264,45272,45274,2,8
45264,45268,45274,6,4
45264,45269,45274,5,5
45264,45269,45274,5,5
45264,45268,45274,6,4
45264,45268,45274,6,4
45264,45269,45274,5,5
45264,45270,45274,4,6
45264,45269,45274,5,5
45264,45269,45274,5,5
45264,45269,45274,5,5
45264,45269,45275,6,5
45264,45269,45274,5,5
45264,45272,45274,2,8
45264,45272,45275,3,8
45264,45269,45275,6,5
45264,45270,45275,5,6
45264,45269,45275,6,5
45264,45273,45275,2,9
45264,45274,45276,2,10
45264,45269,45275,6,5
45264,45269,45275,6,5
45264,45272,45275,3,8
45264,45269,45275,6,5
45264,45272,45275,3,8
45264,45274,45275,1,10
45264,45273,45275,2,9
45264,45273,45275,2,9
45264,45273,45276,3,9
45264,45274,45276,2,10
45264,45274,45275,1,10
45264,45274,45276,2,10
45264,45274,45277,3,10
45264,45274,45276,2,10
45264,45270,45276,6,6
45264,45272,45276,4,8
45264,45273,45276,3,9
45264,45273,45276,3,9
45264,45273,45277,4,9
45264,45273,45276,3,9
45264,45273,45277,4,9
45264,45273,45277,4,9
45264,45274,45277,3,10
45264,45274,45278,4,10
45264,45273,45277,4,9
45264,45273,45277,4,9
45264,45274,45277,3,10
45264,45274,45278,4,10
45264,45274,45277,3,10
45264,45274,45278,4,10
45264,45274,45278,4,10
45264,45274,45278,4,10
45264,45274,45279,5,10
45264,45274,45278,4,10
45264,45274,45278,4,10
45264,45274,45278,4,10
45264,45274,45278,4,10
45285,45286,45288,2,1
45285,45286,45288,2,1
45285,45286,45288,2,1
45285,45286,45288,2,1
45285,45286,45288,2,1
45285,45286,45289,3,1
45285,45286,45288,2,1
45285,45286,45288,2,1
45285,45286,45288,2,1
45285,45286,45288,2,1
45285,45286,45288,2,1
45285,45286,45288,2,1
45285,45286,45289,3,1
45285,45286,45290,4,1
45285,45286,45290,4,1
45285,45286,45290,4,1
45285,45286,45289,3,1
45285,45286,45289,3,1
45285,45286,45289,3,1
45285,45286,45289,3,1
45285,45286,45290,4,1
45285,45286,45289,3,1
45285,45286,45289,3,1
45285,45286,45289,3,1
45285,45286,45290,4,1
45285,45286,45290,4,1
45285,45286,45291,5,1
45285,45286,45290,4,1
45285,45286,45291,5,1
45285,45286,45290,4,1
45285,45286,45291,5,1
45285,45286,45290,4,1
45285,45286,45290,4,1
45285,45286,45290,4,1
45285,45286,45290,4,1
45285,45286,45290,4,1
45285,45286,45290,4,1
45285,45286,45290,4,1
45285,45286,45290,4,1
45285,45286,45290,4,1
45285,45286,45291,5,1
45285,45286,45291,5,1
45285,45286,45290,4,1
45285,45286,45291,5,1
45285,45286,45291,5,1
45285,45286,45290,4,1
45285,45286,45291,5,1
45285,45286,45291,5,1
45285,45286,45290,4,1
45285,45286,45290,4,1
45285,45286,45291,5,1
45285,45286,45292,6,1
45285,45286,45291,5,1
45285,45289,45292,3,4
45285,45286,45291,5,1
45285,45286,45292,6,1
45285,45286,45291,5,1
45285,45286,45291,5,1
45285,45286,45292,6,1
45285,45286,45292,6,1
45285,45286,45292,6,1
45285,45286,45292,6,1
45285,45286,45291,5,1
45285,45286,45291,5,1
45285,45286,45291,5,1
45285,45288,45291,3,3
45285,45286,45291,5,1
45285,45286,45292,6,1
45285,45286,45292,6,1
45285,45286,45292,6,1
45285,45286,45292,6,1
45285,45289,45292,3,4
45285,45286,45292,6,1
45285,45286,45292,6,1
45285,45286,45292,6,1
45285,45286,45292,6,1
45285,45286,45291,5,1
45285,45286,45292,6,1
45285,45289,45292,3,4
45285,45288,45292,4,3
45285,45288,45293,5,3
45285,45290,45292,2,5
45285,45286,45292,6,1
45285,45291,45293,2,6
45285,45286,45292,6,1
45285,45288,45292,4,3
45285,45290,45293,3,5
45285,45286,45292,6,1
45285,45286,45292,6,1
45285,45289,45292,3,4
45285,45288,45292,4,3
45285,45290,45293,3,5
45285,45291,45293,2,6
45285,45291,45293,2,6
45285,45286,45293,7,1
45285,45289,45292,3,4
45285,45290,45294,4,5
45285,45290,45294,4,5
45285,45292,45294,2,7
45285,45289,45294,5,4
45285,45291,45293,2,6
45285,45291,45294,3,6
45285,45290,45293,3,5
45285,45289,45294,5,4
45285,45290,45294,4,5
45285,45290,45294,4,5
45285,45291,45294,3,6
45285,45290,45294,4,5
45285,45290,45294,4,5
45285,45291,45295,4,6
45285,45290,45295,5,5
45285,45291,45294,3,6
45285,45293,45295,2,8
45285,45293,45295,2,8
45285,45291,45294,3,6
45285,45293,45295,2,8
45285,45290,45294,4,5
45285,45292,45295,3,7
45285,45291,45295,4,6
45285,45293,45295,2,8
45285,45290,45295,5,5
45285,45292,45295,3,7
45285,45291,45294,3,6
45285,45292,45295,3,7
45285,45293,45295,2,8
45285,45290,45295,5,5
45285,45292,45295,3,7
45285,45292,45295,3,7
45285,45291,45296,5,6
45285,45292,45296,4,7
45285,45291,45295,4,6
45285,45291,45296,5,6
45285,45291,45296,5,6
45285,45292,45296,4,7
45285,45293,45296,3,8
45285,45292,45296,4,7
45285,45292,45296,4,7
45285,45292,45296,4,7
45285,45292,45296,4,7
45285,45293,45295,2,8
45285,45293,45295,2,8
45285,45293,45295,2,8
45285,45291,45295,4,6
45285,45292,45296,4,7
45285,45294,45296,2,9
45285,45294,45296,2,9
45285,45292,45296,4,7
45285,45292,45296,4,7
45285,45294,45296,2,9
45285,45291,45296,5,6
45285,45291,45296,5,6
45285,45292,45296,4,7
45285,45292,45295,3,7
45285,45294,45296,2,9
45285,45291,45296,5,6
45285,45291,45295,4,6
45285,45292,45295,3,7
45285,45293,45295,2,8
45285,45291,45295,4,6
45285,45291,45295,4,6
45285,45293,45296,3,8
45285,45293,45296,3,8
45285,45293,45295,2,8
45285,45293,45295,2,8
45285,45292,45297,5,7
45285,45292,45297,5,7
45285,45292,45297,5,7
45285,45292,45297,5,7
45285,45292,45297,5,7
45285,45294,45296,2,9
45285,45291,45296,5,6
45285,45292,45297,5,7
45285,45292,45297,5,7
45285,45291,45296,5,6
45285,45294,45297,3,9
45285,45294,45297,3,9
45285,45295,45297,2,10
45285,45292,45297,5,7
45285,45293,45298,5,8
45285,45292,45297,5,7
45285,45293,45298,5,8
45285,45294,45297,3,9
45285,45295,45298,3,10
45285,45293,45297,4,8
45285,45293,45298,5,8
45285,45295,45298,3,10
45285,45294,45298,4,9
45285,45294,45298,4,9
45285,45293,45298,5,8
45285,45295,45299,4,10
45285,45295,45298,3,10
45285,45295,45299,4,10
45285,45295,45299,4,10
45285,45294,45299,5,9
45285,45294,45299,5,9
45285,45294,45299,5,9
45285,45295,45298,3,10
45285,45295,45300,5,10
45285,45295,45300,5,10
45285,45295,45300,5,10
45308,45308,45311,3,0
45308,45308,45311,3,0
45308,45308,45311,3,0
45308,45308,45311,3,0
45308,45308,45311,3,0
45308,45308,45311,3,0
45308,45308,45311,3,0
45308,45308,45311,3,0
45308,45308,45311,3,0
45308,45308,45311,3,0
45308,45308,45311,3,0
45308,45308,45311,3,0
45308,45308,45312,4,0
45308,45308,45312,4,0
45308,45308,45312,4,0
45308,45308,45312,4,0
45308,45308,45312,4,0
45308,45308,45312,4,0
45308,45308,45312,4,0
45308,45308,45312,4,0
45308,45308,45312,4,0
45308,45308,45312,4,0
45308,45308,45312,4,0
45308,45309,45312,3,1
45308,45308,45312,4,0
45308,45308,45312,4,0
45308,45308,45312,4,0
45308,45308,45312,4,0
45308,45308,45312,4,0
45308,45308,45312,4,0
45308,45308,45312,4,0
45308,45308,45312,4,0
45308,45308,45312,4,0
45308,45308,45312,4,0
45308,45308,45312,4,0
45308,45308,45312,4,0
45308,45308,45312,4,0
45308,45308,45312,4,0
45308,45308,45312,4,0
45308,45308,45312,4,0
45308,45308,45312,4,0
45308,45308,45312,4,0
45308,45308,45312,4,0
45308,45308,45312,4,0
45308,45309,45312,3,1
45308,45308,45313,5,0
45308,45308,45313,5,0
45308,45309,45313,4,1
45308,45308,45314,6,0
45308,45309,45313,4,1
45308,45308,45314,6,0
45308,45308,45313,5,0
45308,45309,45314,5,1
45308,45308,45313,5,0
45308,45308,45314,6,0
45308,45308,45313,5,0
45308,45308,45314,6,0
45308,45308,45313,5,0
45308,45309,45314,5,1
45308,45308,45313,5,0
45308,45308,45313,5,0
45308,45308,45314,6,0
45308,45309,45313,4,1
45308,45308,45313,5,0
45308,45308,45313,5,0
45308,45308,45314,6,0
45308,45308,45314,6,0
45308,45308,45314,6,0
45308,45308,45314,6,0
45308,45308,45314,6,0
45308,45308,45314,6,0
45308,45309,45314,5,1
45308,45308,45314,6,0
45308,45308,45314,6,0
45308,45308,45314,6,0
45308,45312,45314,2,4
45308,45308,45314,6,0
45308,45308,45314,6,0
45308,45308,45314,6,0
45308,45314,45315,1,6
45308,45308,45315,7,0
45308,45308,45315,7,0
45308,45311,45315,4,3
45308,45313,45316,3,5
45308,45313,45315,2,5
45308,45313,45315,2,5
45308,45311,45315,4,3
45308,45313,45315,2,5
45308,45313,45316,3,5
45308,45314,45315,1,6
45308,45313,45315,2,5
45308,45313,45316,3,5
45308,45313,45316,3,5
45308,45313,45316,3,5
45308,45314,45316,2,6
45308,45313,45316,3,5
45308,45314,45317,3,6
45308,45312,45316,4,4
45308,45313,45317,4,5
45308,45313,45316,3,5
45308,45313,45316,3,5
45308,45312,45316,4,4
45308,45312,45317,5,4
45308,45313,45316,3,5
45308,45314,45316,2,6
45308,45311,45316,5,3
45308,45313,45316,3,5
45308,45312,45317,5,4
45308,45314,45317,3,6
45308,45316,45317,1,8
45308,45312,45317,5,4
45308,45313,45316,3,5
45308,45315,45316,1,7
45308,45313,45317,4,5
45308,45314,45317,3,6
45308,45312,45318,6,4
45308,45313,45317,4,5
45308,45312,45317,5,4
45308,45313,45318,5,5
45308,45313,45317,4,5
45308,45313,45318,5,5
45308,45312,45317,5,4
45308,45312,45317,5,4
45308,45314,45318,4,6
45308,45313,45318,5,5
45308,45314,45317,3,6
45308,45314,45318,4,6
45308,45314,45318,4,6
45308,45313,45318,5,5
45308,45316,45317,1,8
45308,45315,45318,3,7
45308,45314,45318,4,6
45308,45315,45319,4,7
45308,45315,45318,3,7
45308,45315,45318,3,7
45308,45313,45318,5,5
45308,45313,45318,5,5
45308,45313,45318,5,5
45308,45313,45318,5,5
45308,45315,45318,3,7
45308,45313,45319,6,5
45308,45313,45318,5,5
45308,45313,45318,5,5
45308,45314,45319,5,6
45308,45313,45318,5,5
45308,45314,45319,5,6
45308,45314,45319,5,6
45308,45315,45319,4,7
45308,45314,45318,4,6
45308,45315,45318,3,7
45308,45315,45319,4,7
45308,45314,45318,4,6
45308,45314,45319,5,6
45308,45314,45318,4,6
45308,45314,45319,5,6
45308,45316,45320,4,8
45308,45314,45319,5,6
45308,45315,45319,4,7
45308,45316,45319,3,8
45308,45316,45319,3,8
45308,45315,45319,4,7
45308,45315,45320,5,7
45308,45317,45320,3,9
45308,45313,45320,7,5
45308,45317,45321,4,9
45308,45317,45320,3,9
45308,45317,45320,3,9
45308,45317,45320,3,9
45308,45317,45320,3,9
45308,45317,45320,3,9
45308,45317,45320,3,9
45308,45317,45320,3,9
45308,45317,45320,3,9
45308,45317,45321,4,9
45308,45317,45322,5,9
45308,45317,45321,4,9
45308,45317,45322,5,9
45308,45317,45321,4,9
45308,45317,45321,4,9
45308,45317,45321,4,9
45308,45317,45321,4,9
45308,45317,45321,4,9
45308,45317,45321,4,9
45308,45317,45321,4,9
45308,45317,45322,5,9
45308,45317,45322,5,9
45308,45317,45322,5,9
45308,45317,45322,5,9
45308,45317,45322,5,9
45308,45317,45322,5,9
45308,45317,45322,5,9
45331,45331,45334,3,0
45331,45331,45334,3,0
45331,45331,45334,3,0
45331,45331,45334,3,0
45331,45331,45334,3,0
45331,45331,45334,3,0
45331,45331,45334,3,0
45331,45331,45334,3,0
45331,45331,45334,3,0
45331,45331,45335,4,0
45331,45331,45335,4,0
45331,45331,45335,4,0
45331,45331,45335,4,0
45331,45331,45335,4,0
45331,45331,45334,3,0
45331,45331,45335,4,0
45331,45331,45335,4,0
45331,45331,45334,3,0
45331,45331,45335,4,0
45331,45331,45335,4,0
45331,45331,45335,4,0
45331,45331,45335,4,0
45331,45331,45334,3,0
45331,45331,45334,3,0
45331,45331,45335,4,0
45331,45331,45335,4,0
45331,45331,45335,4,0
45331,45331,45335,4,0
45331,45331,45335,4,0
45331,45331,45335,4,0
45331,45331,45334,3,0
45331,45331,45335,4,0
45331,45331,45335,4,0
45331,45331,45335,4,0
45331,45331,45335,4,0
45331,45331,45334,3,0
45331,45331,45335,4,0
45331,45331,45335,4,0
45331,45331,45336,5,0
45331,45331,45335,4,0
45331,45331,45336,5,0
45331,45331,45336,5,0
45331,45331,45336,5,0
45331,45334,45336,2,3
45331,45331,45336,5,0
45331,45331,45336,5,0
45331,45331,45336,5,0
45331,45331,45336,5,0
45331,45331,45336,5,0
45331,45334,45336,2,3
45331,45334,45336,2,3
45331,45331,45335,4,0
45331,45334,45336,2,3
45331,45331,45335,4,0
45331,45331,45336,5,0
45331,45331,45336,5,0
45331,45331,45336,5,0
45331,45334,45336,2,3
45331,45331,45336,5,0
45331,45331,45336,5,0
45331,45331,45336,5,0
45331,45331,45337,6,0
45331,45331,45336,5,0
45331,45331,45336,5,0
45331,45331,45337,6,0
45331,45331,45337,6,0
45331,45331,45337,6,0
45331,45331,45337,6,0
45331,45331,45337,6,0
45331,45331,45337,6,0
45331,45331,45337,6,0
45331,45331,45336,5,0
45331,45331,45337,6,0
45331,45331,45336,5,0
45331,45331,45337,6,0
45331,45331,45336,5,0
45331,45334,45337,3,3
45331,45335,45337,2,4
45331,45331,45337,6,0
45331,45331,45337,6,0
45331,45331,45337,6,0
45331,45331,45337,6,0
45331,45331,45337,6,0
45331,45331,45337,6,0
45331,45331,45337,6,0
45331,45331,45337,6,0
45331,45331,45338,7,0
45331,45335,45339,4,4
45331,45335,45338,3,4
45331,45334,45338,4,3
45331,45335,45339,4,4
45331,45336,45339,3,5
45331,45337,45339,2,6
45331,45335,45339,4,4
45331,45335,45339,4,4
45331,45335,45339,4,4
45331,45335,45339,4,4
45331,45337,45339,2,6
45331,45335,45339,4,4
45331,45335,45339,4,4
45331,45335,45339,4,4
45331,45335,45340,5,4
45331,45335,45339,4,4
45331,45337,45339,2,6
45331,45335,45339,4,4
45331,45335,45339,4,4
45331,45335,45339,4,4
45331,45338,45340,2,7
45331,45335,45339,4,4
45331,45335,45339,4,4
45331,45335,45339,4,4
45331,45334,45339,5,3
45331,45335,45340,5,4
45331,45336,45340,4,5
45331,45337,45340,3,6
45331,45337,45340,3,6
45331,45336,45340,4,5
45331,45336,45340,4,5
45331,45337,45340,3,6
45331,45338,45340,2,7
45331,45338,45340,2,7
45331,45338,45340,2,7
45331,45336,45341,5,5
45331,45336,45341,5,5
45331,45336,45340,4,5
45331,45336,45340,4,5
45331,45336,45341,5,5
45331,45336,45340,4,5
45331,45336,45341,5,5
45331,45338,45340,2,7
45331,45338,45340,2,7
45331,45338,45340,2,7
45331,45338,45340,2,7
45331,45335,45341,6,4
45331,45336,45340,4,5
45331,45337,45341,4,6
45331,45338,45340,2,7
45331,45336,45340,4,5
45331,45338,45340,2,7
45331,45338,45340,2,7
45331,45338,45340,2,7
45331,45335,45340,5,4
45331,45335,45340,5,4
45331,45338,45340,2,7
45331,45338,45340,2,7
45331,45335,45340,5,4
45331,45335,45340,5,4
45331,45337,45340,3,6
45331,45337,45340,3,6
45331,45337,45340,3,6
45331,45339,45340,1,8
45331,45337,45341,4,6
45331,45336,45341,5,5
45331,45335,45341,6,4
45331,45336,45341,5,5
45331,45339,45341,2,8
45331,45335,45341,6,4
45331,45335,45341,6,4
45331,45335,45341,6,4
45331,45336,45341,5,5
45331,45335,45341,6,4
45331,45336,45341,5,5
45331,45336,45341,5,5
45331,45339,45342,3,8
45331,45339,45342,3,8
45331,45339,45342,3,8
45331,45339,45342,3,8
45331,45339,45343,4,8
45331,45340,45342,2,9
45331,45336,45342,6,5
45331,45338,45342,4,7
45331,45339,45342,3,8
45331,45340,45342,2,9
45331,45338,45342,4,7
45331,45340,45342,2,9
45331,45338,45343,5,7
45331,45340,45343,3,9
45331,45340,45342,2,9
45331,45338,45342,4,7
45331,45339,45343,4,8
45331,45341,45343,2,10
45331,45341,45343,2,10
45331,45341,45343,2,10
45331,45341,45343,2,10
45331,45340,45343,3,9
45331,45340,45343,3,9
45331,45340,45344,4,9
45331,45340,45343,3,9
45331,45340,45343,3,9
45331,45341,45344,3,10
45331,45340,45343,3,9
45331,45341,45344,3,10
45331,45341,45344,3,10
45331,45339,45345,6,8
45331,45340,45344,4,9
45331,45340,45344,4,9
45331,45339,45345,6,8
45331,45340,45345,5,9
45331,45341,45345,4,10
45331,45339,45349,10,8
45358,45358,45360,2,0
45358,45358,45360,2,0
45358,45358,45360,2,0
45358,45358,45360,2,0
45358,45358,45360,2,0
45358,45358,45360,2,0
45358,45358,45361,3,0
45358,45358,45360,2,0
45358,45358,45360,2,0
45358,45358,45360,2,0
45358,45358,45360,2,0
45358,45358,45361,3,0
45358,45358,45360,2,0
45358,45358,45360,2,0
45358,45358,45361,3,0
45358,45358,45361,3,0
45358,45358,45361,3,0
45358,45358,45361,3,0
45358,45358,45361,3,0
45358,45358,45361,3,0
45358,45358,45361,3,0
45358,45358,45362,4,0
45358,45358,45361,3,0
45358,45358,45361,3,0
45358,45358,45361,3,0
45358,45358,45362,4,0
45358,45358,45361,3,0
45358,45358,45362,4,0
45358,45358,45362,4,0
45358,45358,45362,4,0
45358,45358,45363,5,0
45358,45358,45363,5,0
45358,45358,45363,5,0
45358,45358,45362,4,0
45358,45358,45362,4,0
45358,45358,45362,4,0
45358,45358,45363,5,0
45358,45358,45363,5,0
45358,45358,45362,4,0
45358,45358,45362,4,0
45358,45358,45363,5,0
45358,45358,45362,4,0
45358,45358,45363,5,0
45358,45358,45363,5,0
45358,45358,45363,5,0
45358,45358,45363,5,0
45358,45358,45362,4,0
45358,45358,45363,5,0
45358,45358,45363,5,0
45358,45358,45363,5,0
45358,45358,45363,5,0
45358,45358,45364,6,0
45358,45358,45364,6,0
45358,45358,45364,6,0
45358,45358,45364,6,0
45358,45358,45363,5,0
45358,45358,45363,5,0
45358,45361,45364,3,3
45358,45358,45363,5,0
45358,45358,45364,6,0
45358,45358,45363,5,0
45358,45358,45364,6,0
45358,45358,45364,6,0
45358,45358,45363,5,0
45358,45358,45363,5,0
45358,45358,45364,6,0
45358,45358,45363,5,0
45358,45358,45364,6,0
45358,45358,45364,6,0
45358,45358,45363,5,0
45358,45362,45364,2,4
45358,45358,45365,7,0
45358,45358,45365,7,0
45358,45361,45365,4,3
45358,45358,45364,6,0
45358,45358,45365,7,0
45358,45361,45365,4,3
45358,45358,45364,6,0
45358,45361,45364,3,3
45358,45358,45364,6,0
45358,45358,45364,6,0
45358,45361,45365,4,3
45358,45360,45364,4,2
45358,45361,45365,4,3
45358,45361,45365,4,3
45358,45358,45364,6,0
45358,45358,45365,7,0
45358,45360,45365,5,2
45358,45358,45365,7,0
45358,45361,45365,4,3
45358,45358,45364,6,0
45358,45361,45365,4,3
45358,45362,45365,3,4
45358,45363,45365,2,5
45358,45362,45366,4,4
45358,45362,45366,4,4
45358,45362,45365,3,4
45358,45361,45366,5,3
45358,45362,45366,4,4
45358,45362,45366,4,4
45358,45363,45366,3,5
45358,45361,45366,5,3
45358,45362,45365,3,4
45358,45362,45366,4,4
45358,45362,45366,4,4
45358,45364,45366,2,6
45358,45361,45366,5,3
45358,45363,45366,3,5
45358,45363,45365,2,5
45358,45364,45366,2,6
45358,45362,45366,4,4
45358,45363,45365,2,5
45358,45363,45366,3,5
45358,45364,45366,2,6
45358,45364,45367,3,6
45358,45364,45367,3,6
45358,45364,45367,3,6
45358,45362,45366,4,4
45358,45364,45366,2,6
45358,45364,45367,3,6
45358,45364,45367,3,6
45358,45365,45367,2,7
45358,45363,45367,4,5
45358,45363,45366,3,5
45358,45363,45366,3,5
45358,45362,45367,5,4
45358,45362,45367,5,4
45358,45363,45366,3,5
45358,45364,45367,3,6
45358,45363,45367,4,5
45358,45364,45367,3,6
45358,45362,45367,5,4
45358,45363,45366,3,5
45358,45364,45367,3,6
45358,45365,45367,2,7
45358,45363,45367,4,5
45358,45365,45367,2,7
45358,45363,45367,4,5
45358,45365,45367,2,7
45358,45363,45367,4,5
45358,45363,45368,5,5
45358,45364,45368,4,6
45358,45365,45367,2,7
45358,45366,45368,2,8
45358,45365,45368,3,7
45358,45366,45368,2,8
45358,45366,45368,2,8
45358,45366,45368,2,8
45358,45366,45368,2,8
45358,45363,45368,5,5
45358,45366,45368,2,8
45358,45365,45368,3,7
45358,45365,45368,3,7
45358,45364,45368,4,6
45358,45364,45368,4,6
45358,45365,45367,2,7
45358,45363,45368,5,5
45358,45365,45367,2,7
45358,45363,45368,5,5
45358,45364,45368,4,6
45358,45365,45368,3,7
45358,45364,45368,4,6
45358,45365,45368,3,7
45358,45365,45368,3,7
45358,45365,45369,4,7
45358,45364,45369,5,6
45358,45366,45368,2,8
45358,45366,45369,3,8
45358,45366,45368,2,8
45358,45363,45369,6,5
45358,45364,45369,5,6
45358,45364,45369,5,6
45358,45366,45369,3,8
45358,45365,45369,4,7
45358,45366,45369,3,8
45358,45364,45369,5,6
45358,45366,45369,3,8
45358,45366,45369,3,8
45358,45364,45369,5,6
45358,45365,45370,5,7
45358,45365,45370,5,7
45358,45367,45370,3,9
45358,45365,45370,5,7
45358,45365,45370,5,7
45358,45367,45370,3,9
45358,45367,45370,3,9
45358,45367,45370,3,9
45358,45367,45370,3,9
45358,45365,45370,5,7
45358,45366,45370,4,8
45358,45366,45370,4,8
45358,45365,45370,5,7
45358,45366,45370,4,8
45358,45366,45370,4,8
45358,45366,45370,4,8
45358,45365,45370,5,7
45358,45366,45370,4,8
45358,45367,45370,3,9
45358,45367,45371,4,9
45358,45367,45371,4,9
44644,44646,45375,729,2
45378,45378,45381,3,0
45378,45378,45381,3,0
45378,45378,45381,3,0
45378,45378,45381,3,0
45378,45378,45382,4,0
45378,45378,45382,4,0
45378,45378,45382,4,0
45378,45378,45382,4,0
45378,45378,45381,3,0
45378,45378,45382,4,0
45378,45378,45382,4,0
45378,45378,45382,4,0
45378,45378,45381,3,0
45378,45378,45382,4,0
45378,45378,45382,4,0
45378,45378,45382,4,0
45378,45378,45382,4,0
45378,45378,45382,4,0
45378,45378,45382,4,0
45378,45378,45382,4,0
45378,45378,45382,4,0
45378,45378,45382,4,0
45378,45378,45382,4,0
45378,45378,45382,4,0
45378,45378,45382,4,0
45378,45378,45382,4,0
45378,45378,45381,3,0
45378,45378,45381,3,0
45378,45378,45382,4,0
45378,45378,45383,5,0
45378,45378,45383,5,0
45378,45378,45383,5,0
45378,45378,45383,5,0
45378,45378,45383,5,0
45378,45378,45382,4,0
45378,45378,45383,5,0
45378,45378,45383,5,0
45378,45378,45383,5,0
45378,45378,45382,4,0
45378,45378,45383,5,0
45378,45378,45383,5,0
45378,45378,45383,5,0
45378,45378,45382,4,0
45378,45378,45383,5,0
45378,45378,45383,5,0
45378,45378,45383,5,0
45378,45378,45383,5,0
45378,45378,45383,5,0
45378,45378,45383,5,0
45378,45378,45383,5,0
45378,45378,45383,5,0
45378,45378,45383,5,0
45378,45378,45383,5,0
45378,45378,45383,5,0
45378,45378,45383,5,0
45378,45378,45383,5,0
45378,45378,45382,4,0
45378,45378,45383,5,0
45378,45378,45383,5,0
45378,45378,45383,5,0
45378,45378,45383,5,0
45378,45381,45383,2,3
45378,45378,45383,5,0
45378,45378,45384,6,0
45378,45378,45383,5,0
45378,45378,45384,6,0
45378,45378,45384,6,0
45378,45378,45383,5,0
45378,45378,45384,6,0
45378,45378,45384,6,0
45378,45378,45384,6,0
45378,45382,45384,2,4
45378,45378,45384,6,0
45378,45378,45384,6,0
45378,45381,45384,3,3
45378,45378,45384,6,0
45378,45378,45383,5,0
45378,45382,45385,3,4
45378,45378,45384,6,0
45378,45378,45384,6,0
45378,45382,45384,2,4
45378,45382,45386,4,4
45378,45378,45385,7,0
45378,45381,45385,4,3
45378,45382,45385,3,4
45378,45382,45385,3,4
45378,45382,45385,3,4
45378,45378,45385,7,0
45378,45378,45385,7,0
45378,45378,45385,7,0
45378,45382,45386,4,4
45378,45382,45385,3,4
45378,45382,45385,3,4
45378,45382,45385,3,4
45378,45382,45386,4,4
45378,45383,45386,3,5
45378,45382,45386,4,4
45378,45381,45386,5,3
45378,45382,45386,4,4
45378,45382,45386,4,4
45378,45382,45386,4,4
45378,45382,45386,4,4
45378,45382,45386,4,4
45378,45382,45386,4,4
45378,45383,45386,3,5
45378,45383,45387,4,5
45378,45383,45387,4,5
45378,45383,45387,4,5
45378,45383,45387,4,5
45378,45383,45387,4,5
45378,45383,45387,4,5
45378,45382,45388,6,4
45378,45383,45387,4,5
45378,45383,45388,5,5
45378,45382,45387,5,4
45378,45383,45388,5,5
45378,45383,45387,4,5
45378,45383,45387,4,5
45378,45383,45387,4,5
45378,45383,45388,5,5
45378,45383,45387,4,5
45378,45383,45387,4,5
45378,45382,45387,5,4
45378,45383,45387,4,5
45378,45383,45387,4,5
45378,45385,45388,3,7
45378,45382,45388,6,4
45378,45383,45388,5,5
45378,45385,45388,3,7
45378,45383,45388,5,5
45378,45385,45388,3,7
45378,45385,45388,3,7
45378,45383,45388,5,5
45378,45385,45388,3,7
45378,45385,45388,3,7
45378,45385,45389,4,7
45378,45386,45388,2,8
45378,45385,45388,3,7
45378,45385,45388,3,7
45378,45386,45389,3,8
45378,45382,45388,6,4
45378,45383,45388,5,5
45378,45383,45388,5,5
45378,45385,45388,3,7
45378,45383,45389,6,5
45378,45383,45389,6,5
45378,45385,45389,4,7
45378,45385,45389,4,7
45378,45383,45389,6,5
45378,45383,45389,6,5
45378,45385,45389,4,7
45378,45385,45389,4,7
45378,45385,45389,4,7
45378,45384,45389,5,6
45378,45384,45389,5,6
45378,45385,45389,4,7
45378,45385,45390,5,7
45378,45383,45389,6,5
45378,45383,45389,6,5
45378,45385,45390,5,7
45378,45383,45389,6,5
45378,45383,45389,6,5
45378,45385,45389,4,7
45378,45386,45389,3,8
45378,45387,45389,2,9
45378,45387,45390,3,9
45378,45387,45390,3,9
45378,45387,45390,3,9
45378,45387,45391,4,9
45378,45387,45391,4,9
45378,45387,45391,4,9
45378,45387,45391,4,9
45378,45387,45391,4,9
45378,45387,45391,4,9
45378,45387,45391,4,9
45378,45387,45391,4,9
45378,45388,45390,2,10
45378,45387,45391,4,9
45378,45387,45391,4,9
45378,45387,45392,5,9
45378,45387,45391,4,9
45378,45387,45391,4,9
45378,45387,45391,4,9
45378,45387,45391,4,9
45378,45388,45392,4,10
45378,45387,45391,4,9
45378,45387,45391,4,9
45378,45387,45392,5,9
45378,45387,45392,5,9
45378,45388,45392,4,10
45401,45401,45404,3,0
45401,45401,45404,3,0
45401,45401,45404,3,0
45401,45401,45404,3,0
45401,45401,45405,4,0
45401,45401,45404,3,0
45401,45401,45404,3,0
45401,45401,45405,4,0
45401,45401,45404,3,0
45401,45401,45404,3,0
45401,45401,45404,3,0
45401,45401,45404,3,0
45401,45401,45404,3,0
45401,45401,45405,4,0
45401,45401,45405,4,0
45401,45401,45405,4,0
45401,45401,45404,3,0
45401,45401,45405,4,0
45401,45401,45404,3,0
45401,45401,45405,4,0
45401,45401,45404,3,0
45401,45401,45404,3,0
45401,45401,45404,3,0
45401,45401,45404,3,0
45401,45401,45404,3,0
45401,45401,45405,4,0
45401,45401,45404,3,0
45401,45401,45404,3,0
45401,45401,45404,3,0
45401,45401,45405,4,0
45401,45401,45405,4,0
45401,45401,45405,4,0
45401,45401,45405,4,0
45401,45401,45406,5,0
45401,45401,45406,5,0
45401,45401,45406,5,0
45401,45401,45405,4,0
45401,45401,45406,5,0
45401,45401,45405,4,0
45401,45401,45405,4,0
45401,45401,45406,5,0
45401,45401,45405,4,0
45401,45401,45405,4,0
45401,45401,45406,5,0
45401,45401,45406,5,0
45401,45401,45405,4,0
45401,45401,45406,5,0
45401,45401,45406,5,0
45401,45401,45406,5,0
45401,45401,45406,5,0
45401,45401,45406,5,0
45401,45401,45406,5,0
45401,45401,45406,5,0
45401,45401,45406,5,0
45401,45401,45405,4,0
45401,45401,45405,4,0
45401,45401,45407,6,0
45401,45401,45406,5,0
45401,45401,45407,6,0
45401,45401,45407,6,0
45401,45401,45407,6,0
45401,45401,45407,6,0
45401,45401,45407,6,0
45401,45401,45407,6,0
45401,45401,45407,6,0
45401,45401,45406,5,0
45401,45401,45407,6,0
45401,45401,45407,6,0
45401,45401,45406,5,0
45401,45401,45407,6,0
45401,45401,45407,6,0
45401,45401,45406,5,0
45401,45401,45406,5,0
45401,45401,45406,5,0
45401,45401,45406,5,0
45401,45401,45408,7,0
45401,45404,45408,4,3
45401,45405,45408,3,4
45401,45401,45408,7,0
45401,45401,45407,6,0
45401,45401,45407,6,0
45401,45401,45408,7,0
45401,45405,45408,3,4
45401,45405,45408,3,4
45401,45404,45408,4,3
45401,45405,45407,2,4
45401,45405,45408,3,4
45401,45405,45408,3,4
45401,45405,45408,3,4
45401,45404,45407,3,3
45401,45406,45409,3,5
45401,45405,45409,4,4
45401,45405,45409,4,4
45401,45406,45409,3,5
45401,45405,45409,4,4
45401,45405,45409,4,4
45401,45406,45409,3,5
45401,45404,45409,5,3
45401,45405,45408,3,4
45401,45405,45408,3,4
45401,45406,45409,3,5
45401,45406,45409,3,5
45401,45406,45409,3,5
45401,45407,45409,2,6
45401,45405,45409,4,4
45401,45405,45409,4,4
45401,45405,45409,4,4
45401,45405,45409,4,4
45401,45405,45409,4,4
45401,45405,45409,4,4
45401,45406,45409,3,5
45401,45406,45409,3,5
45401,45405,45409,4,4
45401,45406,45409,3,5
45401,45406,45409,3,5
45401,45405,45410,5,4
45401,45406,45410,4,5
45401,45406,45409,3,5
45401,45406,45410,4,5
45401,45405,45409,4,4
45401,45406,45410,4,5
45401,45405,45409,4,4
45401,45406,45410,4,5
45401,45406,45410,4,5
45401,45407,45410,3,6
45401,45406,45410,4,5
45401,45405,45410,5,4
45401,45406,45409,3,5
45401,45405,45411,6,4
45401,45407,45410,3,6
45401,45407,45411,4,6
45401,45407,45411,4,6
45401,45406,45411,5,5
45401,45407,45410,3,6
45401,45407,45411,4,6
45401,45406,45410,4,5
45401,45409,45411,2,8
45401,45406,45411,5,5
45401,45406,45411,5,5
45401,45407,45411,4,6
45401,45409,45411,2,8
45401,45409,45411,2,8
45401,45407,45411,4,6
45401,45407,45411,4,6
45401,45407,45411,4,6
45401,45406,45412,6,5
45401,45409,45412,3,8
45401,45410,45412,2,9
45401,45410,45412,2,9
45401,45406,45411,5,5
45401,45406,45412,6,5
45401,45407,45412,5,6
45401,45408,45412,4,7
45401,45408,45412,4,7
45401,45408,45412,4,7
45401,45406,45412,6,5
45401,45407,45412,5,6
45401,45407,45412,5,6
45401,45407,45412,5,6
45401,45408,45412,4,7
45401,45406,45412,6,5
45401,45407,45412,5,6
45401,45407,45412,5,6
45401,45408,45412,4,7
45401,45409,45412,3,8
45401,45409,45412,3,8
45401,45407,45412,5,6
45401,45408,45412,4,7
45401,45408,45412,4,7
45401,45408,45412,4,7
45401,45408,45412,4,7
45401,45408,45412,4,7
45401,45409,45412,3,8
45401,45409,45412,3,8
45401,45410,45413,3,9
45401,45408,45413,5,7
45401,45407,45413,6,6
45401,45408,45413,5,7
45401,45408,45413,5,7
45401,45409,45413,4,8
45401,45409,45413,4,8
45401,45409,45413,4,8
45401,45409,45413,4,8
45401,45409,45413,4,8
45401,45409,45414,5,8
45401,45409,45413,4,8
45401,45408,45413,5,7
45401,45408,45413,5,7
45401,45410,45414,4,9
45401,45409,45414,5,8
45401,45409,45414,5,8
45401,45409,45414,5,8
45401,45409,45414,5,8
45401,45409,45414,5,8
45401,45410,45414,4,9
45401,45409,45414,5,8
45401,45409,45415,6,8
45401,45409,45415,6,8
45401,45409,45415,6,8
45401,45409,45415,6,8
45423,45424,45426,2,1
45423,45424,45426,2,1
45423,45424,45426,2,1
45423,45424,45426,2,1
45423,45424,45426,2,1
45423,45424,45427,3,1
45423,45424,45426,2,1
45423,45424,45427,3,1
45423,45424,45426,2,1
45423,45424,45426,2,1
45423,45424,45426,2,1
45423,45424,45427,3,1
45423,45424,45426,2,1
45423,45424,45426,2,1
45423,45424,45426,2,1
45423,45424,45427,3,1
45423,45424,45427,3,1
45423,45424,45428,4,1
45423,45424,45428,4,1
45423,45424,45427,3,1
45423,45424,45427,3,1
45423,45424,45427,3,1
45423,45424,45428,4,1
45423,45424,45428,4,1
45423,45424,45427,3,1
45423,45424,45427,3,1
45423,45424,45427,3,1
45423,45424,45428,4,1
45423,45424,45428,4,1
45423,45424,45427,3,1
45423,45424,45428,4,1
45423,45424,45428,4,1
45423,45424,45428,4,1
45423,45424,45429,5,1
45423,45424,45429,5,1
45423,45424,45429,5,1
45423,45424,45429,5,1
45423,45424,45428,4,1
45423,45424,45429,5,1
45423,45424,45429,5,1
45423,45424,45429,5,1
45423,45424,45429,5,1
45423,45424,45428,4,1
45423,45424,45429,5,1
45423,45424,45429,5,1
45423,45424,45428,4,1
45423,45424,45428,4,1
45423,45424,45429,5,1
45423,45424,45428,4,1
45423,45424,45429,5,1
45423,45424,45429,5,1
45423,45424,45429,5,1
45423,45424,45429,5,1
45423,45424,45428,4,1
45423,45424,45429,5,1
45423,45424,45428,4,1
45423,45424,45429,5,1
45423,45424,45429,5,1
45423,45424,45428,4,1
45423,45424,45428,4,1
45423,45424,45429,5,1
45423,45424,45429,5,1
45423,45424,45429,5,1
45423,45424,45429,5,1
45423,45424,45429,5,1
45423,45424,45430,6,1
45423,45426,45429,3,3
45423,45424,45429,5,1
45423,45424,45430,6,1
45423,45424,45429,5,1
45423,45424,45429,5,1
45423,45427,45429,2,4
45423,45424,45429,5,1
45423,45424,45430,6,1
45423,45427,45430,3,4
45423,45424,45430,6,1
45423,45426,45430,4,3
45423,45424,45429,5,1
45423,45424,45430,6,1
45423,45424,45429,5,1
45423,45426,45430,4,3
45423,45424,45430,6,1
45423,45426,45431,5,3
45423,45426,45431,5,3
45423,45427,45431,4,4
45423,45427,45430,3,4
45423,45427,45431,4,4
45423,45427,45431,4,4
45423,45424,45430,6,1
45423,45424,45430,6,1
45423,45427,45431,4,4
45423,45428,45431,3,5
45423,45424,45430,6,1
45423,45427,45431,4,4
45423,45428,45431,3,5
45423,45427,45431,4,4
45423,45428,45431,3,5
45423,45428,45431,3,5
45423,45427,45431,4,4
45423,45430,45432,2,7
45423,45428,45432,4,5
45423,45428,45432,4,5
45423,45428,45432,4,5
45423,45429,45432,3,6
45423,45429,45432,3,6
45423,45427,45432,5,4
45423,45428,45432,4,5
45423,45429,45431,2,6
45423,45428,45432,4,5
45423,45429,45431,2,6
45423,45428,45432,4,5
45423,45429,45432,3,6
45423,45428,45431,3,5
45423,45427,45432,5,4
45423,45429,45432,3,6
45423,45430,45432,2,7
45423,45428,45432,4,5
45423,45428,45433,5,5
45423,45429,45433,4,6
45423,45429,45432,3,6
45423,45430,45432,2,7
45423,45430,45433,3,7
45423,45430,45433,3,7
45423,45428,45433,5,5
45423,45429,45433,4,6
45423,45429,45433,4,6
45423,45429,45432,3,6
45423,45430,45433,3,7
45423,45431,45433,2,8
45423,45429,45433,4,6
45423,45429,45433,4,6
45423,45429,45433,4,6
45423,45429,45433,4,6
45423,45431,45433,2,8
45423,45429,45433,4,6
45423,45429,45433,4,6
45423,45429,45433,4,6
45423,45429,45433,4,6
45423,45429,45432,3,6
45423,45430,45433,3,7
45423,45429,45433,4,6
45423,45429,45432,3,6
45423,45429,45434,5,6
45423,45429,45434,5,6
45423,45429,45434,5,6
45423,45430,45434,4,7
45423,45430,45434,4,7
45423,45431,45434,3,8
45423,45429,45433,4,6
45423,45429,45434,5,6
45423,45431,45434,3,8
45423,45430,45434,4,7
45423,45428,45433,5,5
45423,45431,45433,2,8
45423,45429,45434,5,6
45423,45430,45434,4,7
45423,45429,45434,5,6
45423,45431,45434,3,8
45423,45431,45435,4,8
45423,45429,45434,5,6
45423,45429,45434,5,6
45423,45430,45435,5,7
45423,45432,45435,3,9
45423,45431,45435,4,8
45423,45430,45435,5,7
45423,45430,45435,5,7
45423,45430,45435,5,7
45423,45430,45435,5,7
45423,45431,45435,4,8
45423,45430,45435,5,7
45423,45431,45435,4,8
45423,45431,45435,4,8
45423,45431,45435,4,8
45423,45430,45435,5,7
45423,45431,45435,4,8
45423,45431,45435,4,8
45423,45431,45435,4,8
45423,45431,45435,4,8
45423,45431,45435,4,8
45423,45432,45435,3,9
45423,45432,45436,4,9
45423,45432,45436,4,9
45423,45433,45436,3,10
45423,45433,45436,3,10
45423,45432,45436,4,9
45423,45432,45436,4,9
45423,45432,45436,4,9
45423,45432,45436,4,9
45423,45432,45436,4,9
45423,45432,45436,4,9
45423,45432,45436,4,9
45423,45432,45436,4,9
45423,45431,45436,5,8
45423,45432,45436,4,9
45423,45432,45436,4,9
45423,45432,45436,4,9
45423,45432,45436,4,9
45423,45432,45436,4,9
45423,45432,45437,5,9
45423,45433,45438,5,10
45445,45445,45448,3,0
45445,45445,45448,3,0
45445,45445,45448,3,0
45445,45445,45448,3,0
45445,45445,45448,3,0
45445,45445,45448,3,0
45445,45445,45448,3,0
45445,45445,45448,3,0
45445,45445,45448,3,0
45445,45445,45448,3,0
45445,45445,45448,3,0
45445,45445,45448,3,0
45445,45445,45448,3,0
45445,45445,45448,3,0
45445,45445,45448,3,0
45445,45445,45448,3,0
45445,45445,45448,3,0
45445,45445,45448,3,0
45445,45445,45448,3,0
45445,45445,45448,3,0
45445,45445,45448,3,0
45445,45445,45448,3,0
45445,45445,45448,3,0
45445,45445,45448,3,0
45445,45445,45448,3,0
45445,45445,45448,3,0
45445,45445,45448,3,0
45445,45445,45448,3,0
45445,45445,45449,4,0
45445,45445,45448,3,0
45445,45445,45449,4,0
45445,45445,45449,4,0
45445,45445,45448,3,0
45445,45445,45448,3,0
45445,45445,45449,4,0
45445,45445,45448,3,0
45445,45445,45449,4,0
45445,45445,45448,3,0
45445,45445,45449,4,0
45445,45445,45449,4,0
45445,45445,45448,3,0
45445,45445,45449,4,0
45445,45445,45448,3,0
45445,45445,45449,4,0
45445,45445,45449,4,0
45445,45445,45450,5,0
45445,45445,45450,5,0
45445,45445,45450,5,0
45445,45445,45450,5,0
45445,45445,45449,4,0
45445,45445,45450,5,0
45445,45445,45449,4,0
45445,45445,45450,5,0
45445,45445,45450,5,0
45445,45445,45450,5,0
45445,45445,45450,5,0
45445,45445,45450,5,0
45445,45445,45449,4,0
45445,45445,45450,5,0
45445,45445,45449,4,0
45445,45445,45450,5,0
45445,45445,45449,4,0
45445,45445,45450,5,0
45445,45445,45450,5,0
45445,45445,45450,5,0
45445,45445,45449,4,0
45445,45445,45449,4,0
45445,45445,45450,5,0
45445,45445,45449,4,0
45445,45445,45450,5,0
45445,45445,45450,5,0
45445,45445,45450,5,0
45445,45445,45451,6,0
45445,45448,45451,3,3
45445,45445,45450,5,0
45445,45445,45451,6,0
45445,45445,45451,6,0
45445,45445,45450,5,0
45445,45445,45450,5,0
45445,45448,45451,3,3
45445,45448,45451,3,3
45445,45445,45451,6,0
45445,45445,45451,6,0
45445,45448,45451,3,3
45445,45448,45451,3,3
45445,45448,45452,4,3
45445,45448,45452,4,3
45445,45448,45452,4,3
45445,45448,45452,4,3
45445,45448,45452,4,3
45445,45449,45452,3,4
45445,45448,45452,4,3
45445,45449,45452,3,4
45445,45448,45452,4,3
45445,45448,45452,4,3
45445,45448,45452,4,3
45445,45448,45452,4,3
45445,45448,45452,4,3
45445,45448,45452,4,3
45445,45448,45452,4,3
45445,45448,45452,4,3
45445,45448,45452,4,3
45445,45448,45453,5,3
45445,45448,45453,5,3
45445,45449,45453,4,4
45445,45451,45453,2,6
45445,45448,45453,5,3
45445,45450,45453,3,5
45445,45451,45453,2,6
45445,45449,45453,4,4
45445,45449,45453,4,4
45445,45449,45453,4,4
45445,45449,45453,4,4
45445,45449,45453,4,4
45445,45449,45453,4,4
45445,45448,45453,5,3
45445,45448,45453,5,3
45445,45452,45453,1,7
45445,45449,45453,4,4
45445,45449,45453,4,4
45445,45448,45453,5,3
45445,45449,45453,4,4
45445,45449,45453,4,4
45445,45450,45454,4,5
45445,45450,45454,4,5
45445,45450,45455,5,5
45445,45451,45454,3,6
45445,45453,45454,1,8
45445,45450,45454,4,5
45445,45450,45454,4,5
45445,45449,45454,5,4
45445,45450,45454,4,5
45445,45449,45454,5,4
45445,45450,45455,5,5
45445,45453,45455,2,8
45445,45450,45454,4,5
45445,45450,45455,5,5
45445,45452,45454,2,7
45445,45450,45454,4,5
45445,45450,45454,4,5
45445,45449,45454,5,4
45445,45449,45454,5,4
45445,45450,45455,5,5
45445,45450,45455,5,5
45445,45450,45454,4,5
45445,45450,45455,5,5
45445,45451,45455,4,6
45445,45450,45455,5,5
45445,45450,45455,5,5
45445,45450,45455,5,5
45445,45450,45455,5,5
45445,45454,45455,1,9
45445,45454,45456,2,9
45445,45454,45456,2,9
45445,45452,45455,3,7
45445,45452,45456,4,7
45445,45450,45456,6,5
45445,45452,45455,3,7
45445,45452,45455,3,7
45445,45450,45455,5,5
45445,45452,45455,3,7
45445,45450,45455,5,5
45445,45450,45456,6,5
45445,45454,45456,2,9
45445,45450,45456,6,5
45445,45452,45456,4,7
45445,45454,45456,2,9
45445,45450,45456,6,5
45445,45452,45457,5,7
45445,45452,45457,5,7
45445,45454,45457,3,9
45445,45451,45456,5,6
45445,45453,45456,3,8
45445,45453,45457,4,8
45445,45454,45457,3,9
45445,45454,45457,3,9
45445,45449,45457,8,4
45445,45454,45457,3,9
45445,45454,45457,3,9
45445,45454,45457,3,9
45445,45453,45457,4,8
45445,45453,45457,4,8
45445,45453,45457,4,8
45445,45454,45459,5,9
45445,45454,45459,5,9
45445,45454,45459,5,9
45445,45454,45458,4,9
45445,45454,45458,4,9
45445,45454,45458,4,9
45445,45454,45459,5,9
45467,45467,45470,3,0
45467,45467,45471,4,0
45467,45467,45471,4,0
45467,45467,45470,3,0
45467,45467,45470,3,0
45467,45467,45471,4,0
45467,45467,45470,3,0
45467,45467,45470,3,0
45467,45467,45470,3,0
45467,45467,45470,3,0
45467,45467,45470,3,0
45467,45467,45472,5,0
45467,45467,45471,4,0
45467,45467,45471,4,0
45467,45467,45472,5,0
45467,45467,45472,5,0
45467,45467,45471,4,0
45467,45467,45472,5,0
45467,45467,45471,4,0
45467,45467,45471,4,0
45467,45467,45471,4,0
45467,45467,45471,4,0
45467,45467,45471,4,0
45467,45467,45471,4,0
45467,45467,45471,4,0
45467,45467,45472,5,0
45467,45467,45471,4,0
45467,45467,45471,4,0
45467,45467,45472,5,0
45467,45467,45471,4,0
45467,45467,45472,5,0
45467,45467,45471,4,0
45467,45467,45472,5,0
45467,45467,45471,4,0
45467,45467,45471,4,0
45467,45467,45472,5,0
45467,45467,45471,4,0
45467,45467,45471,4,0
45467,45467,45472,5,0
45467,45467,45471,4,0
45467,45467,45472,5,0
45467,45467,45471,4,0
45467,45467,45471,4,0
45467,45467,45471,4,0
45467,45467,45471,4,0
45467,45467,45471,4,0
45467,45467,45472,5,0
45467,45467,45471,4,0
45467,45467,45472,5,0
45467,45467,45471,4,0
45467,45467,45472,5,0
45467,45467,45471,4,0
45467,45467,45471,4,0
45467,45467,45472,5,0
45467,45467,45472,5,0
45467,45467,45473,6,0
45467,45467,45472,5,0
45467,45467,45472,5,0
45467,45467,45472,5,0
45467,45467,45472,5,0
45467,45467,45472,5,0
45467,45467,45472,5,0
45467,45467,45472,5,0
45467,45467,45472,5,0
45467,45467,45472,5,0
45467,45467,45472,5,0
45467,45467,45472,5,0
45467,45470,45473,3,3
45467,45467,45472,5,0
45467,45467,45472,5,0
45467,45467,45472,5,0
45467,45467,45472,5,0
45467,45467,45473,6,0
45467,45467,45473,6,0
45467,45467,45472,5,0
45467,45467,45472,5,0
45467,45467,45472,5,0
45467,45467,45473,6,0
45467,45467,45473,6,0
45467,45471,45474,3,4
45467,45467,45473,6,0
45467,45471,45474,3,4
45467,45472,45474,2,5
45467,45471,45474,3,4
45467,45471,45473,2,4
45467,45467,45473,6,0
45467,45472,45474,2,5
45467,45471,45474,3,4
45467,45471,45474,3,4
45467,45471,45474,3,4
45467,45472,45475,3,5
45467,45472,45475,3,5
45467,45472,45475,3,5
45467,45472,45475,3,5
45467,45472,45475,3,5
45467,45473,45475,2,6
45467,45471,45474,3,4
45467,45472,45474,2,5
45467,45472,45475,3,5
45467,45472,45474,2,5
45467,45472,45474,2,5
45467,45472,45475,3,5
45467,45472,45475,3,5
45467,45473,45475,2,6
45467,45471,45474,3,4
45467,45472,45475,3,5
45467,45472,45475,3,5
45467,45472,45474,2,5
45467,45472,45474,2,5
45467,45472,45475,3,5
45467,45472,45475,3,5
45467,45472,45475,3,5
45467,45472,45475,3,5
45467,45472,45475,3,5
45467,45472,45475,3,5
45467,45472,45475,3,5
45467,45472,45475,3,5
45467,45472,45475,3,5
45467,45471,45475,4,4
45467,45472,45475,3,5
45467,45472,45475,3,5
45467,45472,45475,3,5
45467,45472,45475,3,5
45467,45472,45476,4,5
45467,45472,45476,4,5
45467,45472,45475,3,5
45467,45472,45475,3,5
45467,45473,45476,3,6
45467,45472,45476,4,5
45467,45472,45475,3,5
45467,45473,45475,2,6
45467,45473,45476,3,6
45467,45472,45476,4,5
45467,45473,45476,3,6
45467,45473,45476,3,6
45467,45472,45476,4,5
45467,45473,45476,3,6
45467,45473,45476,3,6
45467,45472,45476,4,5
45467,45473,45476,3,6
45467,45474,45477,3,7
45467,45474,45476,2,7
45467,45474,45477,3,7
45467,45473,45477,4,6
45467,45473,45477,4,6
45467,45473,45476,3,6
45467,45473,45477,4,6
45467,45474,45477,3,7
45467,45473,45477,4,6
45467,45473,45476,3,6
45467,45473,45476,3,6
45467,45473,45477,4,6
45467,45473,45477,4,6
45467,45473,45477,4,6
45467,45473,45477,4,6
45467,45474,45477,3,7
45467,45472,45477,5,5
45467,45473,45477,4,6
45467,45473,45476,3,6
45467,45472,45477,5,5
45467,45472,45477,5,5
45467,45475,45478,3,8
45467,45475,45478,3,8
45467,45474,45478,4,7
45467,45475,45478,3,8
45467,45475,45478,3,8
45467,45475,45478,3,8
45467,45473,45477,4,6
45467,45474,45478,4,7
45467,45474,45478,4,7
45467,45475,45478,3,8
45467,45474,45478,4,7
45467,45475,45478,3,8
45467,45474,45478,4,7
45467,45475,45478,3,8
45467,45475,45478,3,8
45467,45473,45478,5,6
45467,45475,45478,3,8
45467,45475,45478,3,8
45467,45475,45478,3,8
45467,45475,45478,3,8
45467,45475,45479,4,8
45467,45475,45478,3,8
45467,45475,45479,4,8
45467,45475,45479,4,8
45467,45475,45479,4,8
45467,45475,45479,4,8
45467,45475,45479,4,8
45467,45475,45479,4,8
45467,45475,45479,4,8
45467,45474,45478,4,7
45467,45475,45479,4,8
45467,45475,45479,4,8
45467,45475,45479,4,8
45467,45475,45480,5,8
45467,45475,45480,5,8
45467,45475,45480,5,8
45467,45475,45480,5,8
45467,45475,45480,5,8
45467,45474,45480,6,7
45488,45489,45490,1,1
45488,45489,45490,1,1
45488,45489,45490,1,1
45488,45489,45490,1,1
45488,45489,45490,1,1
45488,45488,45490,2,0
45488,45489,45490,1,1
45488,45489,45491,2,1
45488,45489,45491,2,1
45488,45489,45491,2,1
45488,45488,45491,3,0
45488,45488,45491,3,0
45488,45488,45491,3,0
45488,45488,45492,4,0
45488,45488,45492,4,0
45488,45488,45492,4,0
45488,45488,45492,4,0
45488,45488,45492,4,0
45488,45488,45492,4,0
45488,45488,45492,4,0
45488,45488,45492,4,0
45488,45488,45492,4,0
45488,45488,45492,4,0
45488,45488,45492,4,0
45488,45488,45492,4,0
45488,45488,45492,4,0
45488,45488,45492,4,0
45488,45488,45492,4,0
45488,45488,45493,5,0
45488,45488,45493,5,0
45488,45488,45493,5,0
45488,45488,45493,5,0
45488,45488,45493,5,0
45488,45489,45493,4,1
45488,45488,45493,5,0
45488,45488,45494,6,0
45488,45491,45493,2,3
45488,45488,45493,5,0
45488,45488,45493,5,0
45488,45488,45493,5,0
45488,45488,45493,5,0
45488,45488,45493,5,0
45488,45488,45493,5,0
45488,45488,45493,5,0
45488,45488,45493,5,0
45488,45488,45493,5,0
45488,45488,45494,6,0
45488,45488,45493,5,0
45488,45488,45493,5,0
45488,45488,45493,5,0
45488,45488,45493,5,0
45488,45488,45493,5,0
45488,45488,45493,5,0
45488,45488,45493,5,0
45488,45488,45493,5,0
45488,45488,45493,5,0
45488,45488,45493,5,0
45488,45488,45493,5,0
45488,45491,45494,3,3
45488,45488,45494,6,0
45488,45488,45494,6,0
45488,45488,45494,6,0
45488,45488,45494,6,0
45488,45488,45494,6,0
45488,45488,45494,6,0
45488,45488,45494,6,0
45488,45491,45494,3,3
45488,45488,45494,6,0
45488,45488,45494,6,0
45488,45491,45494,3,3
45488,45488,45495,7,0
45488,45488,45494,6,0
45488,45488,45494,6,0
45488,45488,45494,6,0
45488,45488,45494,6,0
45488,45488,45494,6,0
45488,45488,45494,6,0
45488,45488,45494,6,0
45488,45488,45494,6,0
45488,45491,45494,3,3
45488,45488,45494,6,0
45488,45491,45494,3,3
45488,45488,45495,7,0
45488,45488,45495,7,0
45488,45488,45495,7,0
45488,45488,45495,7,0
45488,45492,45495,3,4
45488,45492,45496,4,4
45488,45492,45495,3,4
45488,45493,45496,3,5
45488,45492,45495,3,4
45488,45492,45495,3,4
45488,45493,45495,2,5
45488,45492,45495,3,4
45488,45493,45495,2,5
45488,45493,45497,4,5
45488,45494,45497,3,6
45488,45493,45496,3,5
45488,45492,45497,5,4
45488,45493,45496,3,5
45488,45494,45497,3,6
45488,45495,45497,2,7
45488,45493,45496,3,5
45488,45493,45497,4,5
45488,45493,45497,4,5
45488,45494,45497,3,6
45488,45495,45497,2,7
45488,45495,45497,2,7
45488,45494,45497,3,6
45488,45493,45498,5,5
45488,45494,45498,4,6
45488,45494,45497,3,6
45488,45493,45498,5,5
45488,45493,45498,5,5
45488,45494,45497,3,6
45488,45495,45498,3,7
45488,45495,45497,2,7
45488,45496,45498,2,8
45488,45494,45497,3,6
45488,45494,45497,3,6
45488,45495,45498,3,7
45488,45495,45498,3,7
45488,45493,45497,4,5
45488,45493,45497,4,5
45488,45494,45498,4,6
45488,45494,45497,3,6
45488,45495,45498,3,7
45488,45493,45498,5,5
45488,45495,45498,3,7
45488,45494,45497,3,6
45488,45495,45497,2,7
45488,45495,45498,3,7
45488,45495,45498,3,7
45488,45494,45498,4,6
45488,45494,45498,4,6
45488,45494,45498,4,6
45488,45495,45498,3,7
45488,45495,45499,4,7
45488,45496,45498,2,8
45488,45494,45499,5,6
45488,45494,45498,4,6
45488,45497,45499,2,9
45488,45494,45499,5,6
45488,45495,45498,3,7
45488,45495,45498,3,7
45488,45495,45499,4,7
45488,45494,45499,5,6
45488,45494,45499,5,6
45488,45494,45499,5,6
45488,45494,45498,4,6
45488,45495,45498,3,7
45488,45496,45499,3,8
45488,45496,45499,3,8
45488,45494,45498,4,6
45488,45494,45498,4,6
45488,45495,45499,4,7
45488,45495,45499,4,7
45488,45496,45499,3,8
45488,45494,45499,5,6
45488,45495,45499,4,7
45488,45494,45499,5,6
45488,45497,45500,3,9
45488,45497,45500,3,9
45488,45494,45500,6,6
45488,45494,45499,5,6
45488,45496,45499,3,8
45488,45496,45499,3,8
45488,45497,45500,3,9
45488,45496,45499,3,8
45488,45496,45500,4,8
45488,45496,45499,3,8
45488,45496,45499,3,8
45488,45497,45500,3,9
45488,45496,45500,4,8
45488,45494,45499,5,6
45488,45494,45499,5,6
45488,45496,45500,4,8
45488,45494,45500,6,6
45488,45497,45499,2,9
45488,45497,45500,3,9
45488,45495,45500,5,7
45488,45497,45501,4,9
45488,45498,45500,2,10
45488,45497,45501,4,9
45488,45497,45501,4,9
45488,45497,45500,3,9
45488,45495,45500,5,7
45488,45497,45501,4,9
45488,45497,45500,3,9
45488,45498,45501,3,10
45488,45497,45502,5,9
45488,45498,45502,4,10
45488,45498,45502,4,10
45488,45498,45502,4,10
45488,45498,45502,4,10
45488,45498,45502,4,10
45488,45498,45502,4,10
45488,45498,45502,4,10
45488,45498,45502,4,10
45488,45498,45502,4,10
45511,45511,45514,3,0
45511,45511,45514,3,0
45511,45511,45514,3,0
45511,45511,45514,3,0
45511,45511,45515,4,0
45511,45511,45514,3,0
45511,45511,45514,3,0
45511,45511,45514,3,0
45511,45511,45514,3,0
45511,45511,45514,3,0
45511,45511,45515,4,0
45511,45511,45515,4,0
45511,45511,45516,5,0
45511,45511,45516,5,0
45511,45511,45515,4,0
45511,45511,45515,4,0
45511,45511,45515,4,0
45511,45512,45515,3,1
45511,45511,45515,4,0
45511,45511,45515,4,0
45511,45512,45515,3,1
45511,45511,45515,4,0
45511,45511,45515,4,0
45511,45512,45515,3,1
45511,45511,45516,5,0
45511,45511,45515,4,0
45511,45512,45516,4,1
45511,45512,45515,3,1
45511,45511,45516,5,0
45511,45511,45516,5,0
45511,45511,45516,5,0
45511,45512,45516,4,1
45511,45512,45516,4,1
45511,45512,45517,5,1
45511,45512,45516,4,1
45511,45511,45516,5,0
45511,45512,45516,4,1
45511,45512,45516,4,1
45511,45512,45516,4,1
45511,45512,45516,4,1
45511,45512,45516,4,1
45511,45512,45517,5,1
45511,45512,45516,4,1
45511,45512,45516,4,1
45511,45511,45517,6,0
45511,45512,45516,4,1
45511,45512,45516,4,1
45511,45515,45517,2,4
45511,45512,45517,5,1
45511,45512,45516,4,1
45511,45512,45516,4,1
45511,45515,45517,2,4
45511,45511,45516,5,0
45511,45512,45517,5,1
45511,45511,45517,6,0
45511,45512,45516,4,1
45511,45511,45517,6,0
45511,45511,45517,6,0
45511,45512,45517,5,1
45511,45512,45517,5,1
45511,45511,45517,6,0
45511,45511,45517,6,0
45511,45512,45517,5,1
45511,45511,45517,6,0
45511,45511,45517,6,0
45511,45511,45517,6,0
45511,45515,45517,2,4
45511,45511,45517,6,0
45511,45512,45517,5,1
45511,45511,45517,6,0
45511,45512,45518,6,1
45511,45512,45517,5,1
45511,45512,45517,5,1
45511,45515,45518,3,4
45511,45511,45517,6,0
45511,45512,45518,6,1
45511,45515,45517,2,4
45511,45515,45517,2,4
45511,45516,45518,2,5
45511,45511,45517,6,0
45511,45512,45517,5,1
45511,45515,45517,2,4
45511,45515,45517,2,4
45511,45512,45518,6,1
45511,45512,45517,5,1
45511,45516,45518,2,5
45511,45512,45517,5,1
45511,45512,45517,5,1
45511,45515,45517,2,4
45511,45512,45518,6,1
45511,45515,45517,2,4
45511,45516,45518,2,5
45511,45516,45518,2,5
45511,45516,45518,2,5
45511,45516,45518,2,5
45511,45516,45518,2,5
45511,45516,45518,2,5
45511,45511,45518,7,0
45511,45515,45518,3,4
45511,45516,45518,2,5
45511,45516,45519,3,5
45511,45516,45519,3,5
45511,45516,45519,3,5
45511,45516,45519,3,5
45511,45516,45519,3,5
45511,45516,45519,3,5
45511,45518,45519,1,7
45511,45518,45519,1,7
45511,45518,45519,1,7
45511,45518,45519,1,7
45511,45517,45520,3,6
45511,45517,45519,2,6
45511,45517,45519,2,6
45511,45517,45519,2,6
45511,45519,45520,1,8
45511,45517,45520,3,6
45511,45516,45519,3,5
45511,45518,45520,2,7
45511,45518,45519,1,7
45511,45517,45520,3,6
45511,45517,45520,3,6
45511,45517,45520,3,6
45511,45517,45521,4,6
45511,45518,45521,3,7
45511,45516,45520,4,5
45511,45518,45521,3,7
45511,45517,45521,4,6
45511,45519,45520,1,8
45511,45517,45521,4,6
45511,45517,45521,4,6
45511,45517,45521,4,6
45511,45517,45522,5,6
45511,45518,45522,4,7
45511,45518,45522,4,7
45511,45517,45521,4,6
45511,45518,45522,4,7
45511,45517,45522,5,6
45511,45517,45522,5,6
45511,45518,45522,4,7
45511,45518,45522,4,7
45511,45517,45522,5,6
45511,45517,45521,4,6
45511,45518,45522,4,7
45511,45518,45522,4,7
45511,45518,45521,3,7
45511,45517,45522,5,6
45511,45517,45522,5,6
45511,45518,45521,3,7
45511,45518,45522,4,7
45511,45519,45522,3,8
45511,45518,45521,3,7
45511,45518,45522,4,7
45511,45518,45521,3,7
45511,45519,45522,3,8
45511,45519,45522,3,8
45511,45517,45522,5,6
45511,45518,45522,4,7
45511,45518,45521,3,7
45511,45518,45521,3,7
45511,45519,45522,3,8
45511,45519,45522,3,8
45511,45517,45521,4,6
45511,45517,45522,5,6
45511,45519,45522,3,8
45511,45518,45522,4,7
45511,45518,45523,5,7
45511,45518,45523,5,7
45511,45518,45523,5,7
45511,45518,45522,4,7
45511,45518,45522,4,7
45511,45518,45523,5,7
45511,45520,45522,2,9
45511,45517,45522,5,6
45511,45517,45522,5,6
45511,45517,45522,5,6
45511,45518,45523,5,7
45511,45520,45522,2,9
45511,45518,45522,4,7
45511,45518,45523,5,7
45511,45517,45522,5,6
45511,45518,45523,5,7
45511,45518,45522,4,7
45511,45518,45523,5,7
45511,45518,45522,4,7
45511,45519,45523,4,8
45511,45519,45523,4,8
45511,45520,45523,3,9
45511,45520,45523,3,9
45511,45520,45524,4,9
45511,45520,45524,4,9
45511,45520,45524,4,9
45511,45520,45523,3,9
45511,45518,45523,5,7
45511,45520,45524,4,9
45511,45520,45524,4,9
45511,45519,45524,5,8
45533,45534,45537,3,1
45533,45534,45538,4,1
45533,45533,45537,4,0
45533,45533,45537,4,0
45533,45534,45537,3,1
45533,45534,45537,3,1
45533,45534,45537,3,1
45533,45534,45537,3,1
45533,45534,45537,3,1
45533,45534,45537,3,1
45533,45534,45538,4,1
45533,45533,45537,4,0
45533,45534,45537,3,1
45533,45534,45538,4,1
45533,45534,45537,3,1
45533,45534,45537,3,1
45533,45534,45537,3,1
45533,45533,45538,5,0
45533,45534,45537,3,1
45533,45533,45538,5,0
45533,45533,45538,5,0
45533,45533,45538,5,0
45533,45533,45538,5,0
45533,45533,45538,5,0
45533,45534,45538,4,1
45533,45534,45538,4,1
45533,45534,45538,4,1
45533,45533,45539,6,0
45533,45534,45538,4,1
45533,45533,45539,6,0
45533,45533,45538,5,0
45533,45534,45538,4,1
45533,45534,45538,4,1
45533,45533,45539,6,0
45533,45533,45539,6,0
45533,45533,45538,5,0
45533,45534,45538,4,1
45533,45533,45538,5,0
45533,45533,45538,5,0
45533,45534,45538,4,1
45533,45533,45538,5,0
45533,45533,45538,5,0
45533,45533,45538,5,0
45533,45533,45539,6,0
45533,45533,45539,6,0
45533,45534,45539,5,1
45533,45533,45539,6,0
45533,45533,45539,6,0
45533,45534,45539,5,1
45533,45534,45539,5,1
45533,45533,45539,6,0
45533,45533,45539,6,0
45533,45533,45539,6,0
45533,45534,45539,5,1
45533,45533,45539,6,0
45533,45533,45539,6,0
45533,45533,45540,7,0
45533,45534,45539,5,1
45533,45533,45539,6,0
45533,45533,45539,6,0
45533,45534,45540,6,1
45533,45533,45539,6,0
45533,45533,45539,6,0
45533,45538,45539,1,5
45533,45533,45539,6,0
45533,45533,45539,6,0
45533,45533,45539,6,0
45533,45534,45540,6,1
45533,45534,45540,6,1
45533,45533,45539,6,0
45533,45534,45540,6,1
45533,45534,45539,5,1
45533,45533,45540,7,0
45533,45534,45539,5,1
45533,45534,45539,5,1
45533,45534,45539,5,1
45533,45537,45540,3,4
45533,45533,45540,7,0
45533,45538,45541,3,5
45533,45534,45540,6,1
45533,45538,45541,3,5
45533,45538,45541,3,5
45533,45538,45541,3,5
45533,45533,45540,7,0
45533,45538,45540,2,5
45533,45538,45541,3,5
45533,45533,45540,7,0
45533,45533,45540,7,0
45533,45538,45541,3,5
45533,45539,45541,2,6
45533,45538,45541,3,5
45533,45538,45540,2,5
45533,45539,45541,2,6
45533,45538,45541,3,5
45533,45538,45541,3,5
45533,45538,45541,3,5
45533,45538,45541,3,5
45533,45539,45542,3,6
45533,45538,45541,3,5
45533,45538,45541,3,5
45533,45539,45542,3,6
45533,45539,45542,3,6
45533,45538,45541,3,5
45533,45539,45542,3,6
45533,45538,45541,3,5
45533,45539,45542,3,6
45533,45539,45543,4,6
45533,45539,45543,4,6
45533,45539,45543,4,6
45533,45541,45543,2,8
45533,45540,45543,3,7
45533,45539,45542,3,6
45533,45541,45543,2,8
45533,45540,45543,3,7
45533,45539,45543,4,6
45533,45539,45543,4,6
45533,45540,45543,3,7
45533,45540,45544,4,7
45533,45540,45544,4,7
45533,45541,45544,3,8
45533,45541,45544,3,8
45533,45539,45544,5,6
45533,45540,45544,4,7
45533,45539,45543,4,6
45533,45540,45543,3,7
45533,45541,45544,3,8
45533,45539,45544,5,6
45533,45539,45544,5,6
45533,45539,45544,5,6
45533,45539,45544,5,6
45533,45540,45544,4,7
45533,45540,45543,3,7
45533,45539,45544,5,6
45533,45539,45544,5,6
45533,45540,45544,4,7
45533,45539,45544,5,6
45533,45540,45544,4,7
45533,45540,45543,3,7
45533,45541,45543,2,8
45533,45541,45544,3,8
45533,45539,45543,4,6
45533,45539,45544,5,6
45533,45540,45544,4,7
45533,45541,45544,3,8
45533,45542,45544,2,9
45533,45540,45544,4,7
45533,45541,45543,2,8
45533,45541,45544,3,8
45533,45541,45544,3,8
45533,45542,45544,2,9
45533,45542,45544,2,9
45533,45540,45545,5,7
45533,45540,45544,4,7
45533,45541,45544,3,8
45533,45541,45544,3,8
45533,45542,45545,3,9
45533,45540,45545,5,7
45533,45542,45545,3,9
45533,45543,45545,2,10
45533,45540,45544,4,7
45533,45540,45544,4,7
45533,45541,45544,3,8
45533,45543,45545,2,10
45533,45540,45545,5,7
45533,45539,45544,5,6
45533,45539,45544,5,6
45533,45540,45545,5,7
45533,45540,45545,5,7
45533,45541,45544,3,8
45533,45543,45545,2,10
45533,45539,45544,5,6
45533,45540,45545,5,7
45533,45541,45544,3,8
45533,45541,45544,3,8
45533,45543,45545,2,10
45533,45540,45545,5,7
45533,45543,45545,2,10
45533,45540,45545,5,7
45533,45542,45545,3,9
45533,45540,45545,5,7
45533,45540,45545,5,7
45533,45540,45545,5,7
45533,45542,45546,4,9
45533,45542,45546,4,9
45533,45542,45546,4,9
45533,45540,45546,6,7
45533,45540,45545,5,7
45533,45542,45546,4,9
45533,45542,45546,4,9
45533,45542,45546,4,9
45533,45543,45546,3,10
45533,45540,45546,6,7
45533,45543,45547,4,10
45533,45543,45547,4,10
45533,45544,45548,4,11
45533,45544,45548,4,11
45533,45544,45548,4,11
45533,45543,45548,5,10
45533,45544,45549,5,11
45533,45544,45549,5,11
45557,45558,45559,1,1
45557,45558,45559,1,1
45557,45558,45559,1,1
45557,45558,45559,1,1
45557,45558,45559,1,1
45557,45557,45560,3,0
45557,45558,45560,2,1
45557,45557,45560,3,0
45557,45558,45560,2,1
45557,45557,45560,3,0
45557,45557,45560,3,0
45557,45557,45560,3,0
45557,45558,45560,2,1
45557,45557,45560,3,0
45557,45557,45560,3,0
45557,45559,45560,1,2
45557,45557,45560,3,0
45557,45559,45560,1,2
45557,45557,45560,3,0
45557,45557,45561,4,0
45557,45558,45561,3,1
45557,45557,45561,4,0
45557,45557,45561,4,0
45557,45557,45561,4,0
45557,45557,45561,4,0
45557,45558,45561,3,1
45557,45559,45561,2,2
45557,45557,45562,5,0
45557,45557,45561,4,0
45557,45557,45561,4,0
45557,45560,45561,1,3
45557,45557,45562,5,0
45557,45557,45562,5,0
45557,45557,45562,5,0
45557,45561,45562,1,4
45557,45557,45562,5,0
45557,45558,45562,4,1
45557,45557,45562,5,0
45557,45557,45562,5,0
45557,45557,45562,5,0
45557,45557,45562,5,0
45557,45557,45562,5,0
45557,45557,45562,5,0
45557,45557,45562,5,0
45557,45557,45562,5,0
45557,45557,45563,6,0
45557,45557,45562,5,0
45557,45557,45562,5,0
45557,45560,45562,2,3
45557,45557,45563,6,0
45557,45557,45563,6,0
45557,45557,45563,6,0
45557,45557,45563,6,0
45557,45557,45564,7,0
45557,45557,45563,6,0
45557,45557,45563,6,0
45557,45558,45563,5,1
45557,45557,45563,6,0
45557,45557,45563,6,0
45557,45557,45563,6,0
45557,45557,45563,6,0
45557,45558,45563,5,1
45557,45557,45563,6,0
45557,45557,45563,6,0
45557,45557,45563,6,0
45557,45558,45563,5,1
45557,45557,45563,6,0
45557,45557,45563,6,0
45557,45558,45563,5,1
45557,45560,45564,4,3
45557,45557,45563,6,0
45557,45557,45563,6,0
45557,45561,45563,2,4
45557,45557,45563,6,0
45557,45557,45564,7,0
45557,45558,45564,6,1
45557,45557,45563,6,0
45557,45557,45563,6,0
45557,45557,45564,7,0
45557,45557,45564,7,0
45557,45561,45564,3,4
45557,45557,45564,7,0
45557,45558,45564,6,1
45557,45561,45564,3,4
45557,45562,45564,2,5
45557,45557,45564,7,0
45557,45557,45564,7,0
45557,45557,45564,7,0
45557,45561,45564,3,4
45557,45558,45564,6,1
45557,45561,45564,3,4
45557,45562,45565,3,5
45557,45557,45564,7,0
45557,45561,45564,3,4
45557,45561,45564,3,4
45557,45561,45564,3,4
45557,45562,45565,3,5
45557,45560,45565,5,3
45557,45560,45565,5,3
45557,45560,45566,6,3
45557,45562,45566,4,5
45557,45562,45565,3,5
45557,45562,45565,3,5
45557,45564,45566,2,7
45557,45560,45565,5,3
45557,45562,45565,3,5
45557,45562,45566,4,5
45557,45560,45566,6,3
45557,45562,45566,4,5
45557,45564,45566,2,7
45557,45562,45567,5,5
45557,45563,45566,3,6
45557,45563,45566,3,6
45557,45564,45567,3,7
45557,45564,45566,2,7
45557,45565,45567,2,8
45557,45564,45566,2,7
45557,45564,45566,2,7
45557,45564,45566,2,7
45557,45562,45567,5,5
45557,45564,45566,2,7
45557,45565,45567,2,8
45557,45565,45567,2,8
45557,45565,45567,2,8
45557,45564,45567,3,7
45557,45558,45567,9,1
45557,45564,45568,4,7
45557,45563,45567,4,6
45557,45564,45567,3,7
45557,45566,45567,1,9
45557,45563,45568,5,6
45557,45563,45568,5,6
45557,45563,45567,4,6
45557,45565,45567,2,8
45557,45565,45568,3,8
45557,45563,45567,4,6
45557,45563,45567,4,6
45557,45566,45568,2,9
45557,45563,45567,4,6
45557,45564,45567,3,7
45557,45565,45567,2,8
45557,45565,45567,2,8
45557,45565,45567,2,8
45557,45563,45568,5,6
45557,45563,45567,4,6
45557,45564,45568,4,7
45557,45563,45568,5,6
45557,45565,45567,2,8
45557,45565,45567,2,8
45557,45566,45568,2,9
45557,45563,45568,5,6
45557,45563,45568,5,6
45557,45564,45567,3,7
45557,45564,45568,4,7
45557,45566,45568,2,9
45557,45563,45568,5,6
45557,45563,45568,5,6
45557,45566,45568,2,9
45557,45564,45569,5,7
45557,45566,45569,3,9
45557,45566,45569,3,9
45557,45563,45568,5,6
45557,45564,45569,5,7
45557,45564,45569,5,7
45557,45567,45569,2,10
45557,45564,45569,5,7
45557,45564,45568,4,7
45557,45564,45569,5,7
45557,45566,45568,2,9
45557,45567,45568,1,10
45557,45564,45568,4,7
45557,45563,45568,5,6
45557,45564,45568,4,7
45557,45564,45568,4,7
45557,45567,45569,2,10
45557,45565,45569,4,8
45557,45564,45569,5,7
45557,45565,45568,3,8
45557,45566,45568,2,9
45557,45564,45569,5,7
45557,45565,45569,4,8
45557,45565,45568,3,8
45557,45566,45568,2,9
45557,45564,45569,5,7
45557,45565,45569,4,8
45557,45565,45569,4,8
45557,45565,45569,4,8
45557,45565,45569,4,8
45557,45567,45569,2,10
45557,45564,45569,5,7
45557,45564,45569,5,7
45557,45567,45570,3,10
45557,45567,45570,3,10
45557,45567,45570,3,10
45557,45567,45569,2,10
45557,45567,45570,3,10
45557,45567,45569,2,10
45557,45567,45569,2,10
45557,45567,45570,3,10
45557,45567,45570,3,10
45579,45579,45583,4,0
45579,45579,45583,4,0
45579,45579,45583,4,0
45579,45579,45583,4,0
45579,45579,45583,4,0
45579,45579,45583,4,0
45579,45579,45583,4,0
45579,45579,45583,4,0
45579,45579,45583,4,0
45579,45579,45583,4,0
45579,45580,45583,3,1
45579,45579,45583,4,0
45579,45579,45583,4,0
45579,45580,45583,3,1
45579,45579,45583,4,0
45579,45579,45583,4,0
45579,45580,45583,3,1
45579,45579,45583,4,0
45579,45579,45583,4,0
45579,45579,45583,4,0
45579,45580,45583,3,1
45579,45579,45583,4,0
45579,45579,45583,4,0
45579,45579,45583,4,0
45579,45580,45583,3,1
45579,45579,45583,4,0
45579,45580,45583,3,1
45579,45580,45583,3,1
45579,45579,45583,4,0
45579,45579,45583,4,0
45579,45580,45583,3,1
45579,45580,45583,3,1
45579,45579,45584,5,0
45579,45579,45584,5,0
45579,45579,45584,5,0
45579,45579,45584,5,0
45579,45579,45584,5,0
45579,45579,45584,5,0
45579,45579,45584,5,0
45579,45579,45584,5,0
45579,45579,45584,5,0
45579,45579,45584,5,0
45579,45579,45584,5,0
45579,45579,45584,5,0
45579,45579,45584,5,0
45579,45579,45584,5,0
45579,45579,45584,5,0
45579,45579,45584,5,0
45579,45579,45585,6,0
45579,45579,45584,5,0
45579,45579,45584,5,0
45579,45579,45584,5,0
45579,45579,45585,6,0
45579,45579,45585,6,0
45579,45579,45584,5,0
45579,45579,45585,6,0
45579,45579,45586,7,0
45579,45579,45586,7,0
45579,45579,45585,6,0
45579,45579,45585,6,0
45579,45584,45586,2,5
45579,45579,45586,7,0
45579,45579,45586,7,0
45579,45579,45585,6,0
45579,45579,45585,6,0
45579,45579,45585,6,0
45579,45579,45585,6,0
45579,45579,45585,6,0
45579,45579,45586,7,0
45579,45579,45585,6,0
45579,45579,45586,7,0
45579,45579,45586,7,0
45579,45584,45586,2,5
45579,45579,45586,7,0
45579,45580,45585,5,1
45579,45584,45586,2,5
45579,45579,45586,7,0
45579,45579,45586,7,0
45579,45584,45586,2,5
45579,45579,45586,7,0
45579,45584,45586,2,5
45579,45579,45586,7,0
45579,45584,45586,2,5
45579,45584,45586,2,5
45579,45584,45586,2,5
45579,45579,45586,7,0
45579,45579,45586,7,0
45579,45585,45586,1,6
45579,45584,45586,2,5
45579,45584,45586,2,5
45579,45584,45586,2,5
45579,45584,45587,3,5
45579,45579,45586,7,0
45579,45584,45586,2,5
45579,45584,45587,3,5
45579,45584,45588,4,5
45579,45584,45588,4,5
45579,45585,45588,3,6
45579,45584,45588,4,5
45579,45584,45588,4,5
45579,45584,45588,4,5
45579,45584,45588,4,5
45579,45585,45587,2,6
45579,45584,45588,4,5
45579,45584,45587,3,5
45579,45584,45588,4,5
45579,45585,45588,3,6
45579,45587,45588,1,8
45579,45584,45588,4,5
45579,45584,45588,4,5
45579,45584,45589,5,5
45579,45584,45589,5,5
45579,45587,45589,2,8
45579,45584,45588,4,5
45579,45585,45589,4,6
45579,45586,45589,3,7
45579,45588,45589,1,9
45579,45585,45588,3,6
45579,45586,45589,3,7
45579,45588,45589,1,9
45579,45588,45589,1,9
45579,45584,45588,4,5
45579,45586,45589,3,7
45579,45586,45589,3,7
45579,45587,45589,2,8
45579,45588,45589,1,9
45579,45584,45588,4,5
45579,45588,45589,1,9
45579,45588,45589,1,9
45579,45585,45589,4,6
45579,45586,45588,2,7
45579,45588,45589,1,9
45579,45588,45589,1,9
45579,45584,45589,5,5
45579,45585,45590,5,6
45579,45585,45590,5,6
45579,45587,45589,2,8
45579,45585,45589,4,6
45579,45586,45589,3,7
45579,45585,45590,5,6
45579,45585,45590,5,6
45579,45586,45590,4,7
45579,45586,45589,3,7
45579,45587,45590,3,8
45579,45588,45589,1,9
45579,45584,45589,5,5
45579,45587,45589,2,8
45579,45585,45590,5,6
45579,45585,45589,4,6
45579,45586,45590,4,7
45579,45587,45590,3,8
45579,45585,45590,5,6
45579,45586,45590,4,7
45579,45586,45590,4,7
45579,45585,45590,5,6
45579,45586,45590,4,7
45579,45586,45589,3,7
45579,45587,45589,2,8
45579,45587,45590,3,8
45579,45585,45589,4,6
45579,45586,45590,4,7
45579,45589,45591,2,10
45579,45589,45590,1,10
45579,45585,45590,5,6
45579,45586,45591,5,7
45579,45587,45590,3,8
45579,45585,45590,5,6
45579,45585,45590,5,6
45579,45587,45590,3,8
45579,45587,45591,4,8
45579,45585,45590,5,6
45579,45585,45590,5,6
45579,45586,45591,5,7
45579,45586,45591,5,7
45579,45585,45590,5,6
45579,45586,45591,5,7
45579,45587,45590,3,8
45579,45586,45591,5,7
45579,45589,45592,3,10
45579,45587,45591,4,8
45579,45587,45592,5,8
45579,45587,45592,5,8
45579,45589,45591,2,10
45579,45589,45592,3,10
45579,45589,45592,3,10
45579,45586,45591,5,7
45579,45586,45591,5,7
45579,45589,45591,2,10
45579,45589,45591,2,10
45579,45589,45592,3,10
45579,45586,45591,5,7
45579,45589,45592,3,10
45579,45589,45592,3,10
45579,45589,45593,4,10
45579,45589,45593,4,10
45579,45587,45592,5,8
45579,45589,45594,5,10
45579,45589,45594,5,10
45603,45603,45606,3,0
45603,45603,45606,3,0
45603,45603,45607,4,0
45603,45603,45607,4,0
45603,45603,45606,3,0
45603,45603,45607,4,0
45603,45603,45607,4,0
45603,45603,45606,3,0
45603,45603,45607,4,0
45603,45603,45607,4,0
45603,45603,45607,4,0
45603,45603,45607,4,0
45603,45603,45607,4,0
45603,45603,45607,4,0
45603,45603,45606,3,0
45603,45603,45607,4,0
45603,45603,45607,4,0
45603,45603,45607,4,0
45603,45603,45607,4,0
45603,45603,45606,3,0
45603,45603,45607,4,0
45603,45603,45606,3,0
45603,45603,45607,4,0
45603,45603,45606,3,0
45603,45603,45607,4,0
45603,45603,45606,3,0
45603,45603,45607,4,0
45603,45603,45607,4,0
45603,45603,45607,4,0
45603,45603,45608,5,0
45603,45603,45608,5,0
45603,45603,45607,4,0
45603,45603,45607,4,0
45603,45603,45608,5,0
45603,45603,45607,4,0
45603,45603,45607,4,0
45603,45603,45608,5,0
45603,45603,45608,5,0
45603,45603,45608,5,0
45603,45603,45608,5,0
45603,45603,45608,5,0
45603,45603,45608,5,0
45603,45603,45608,5,0
45603,45603,45608,5,0
45603,45603,45608,5,0
45603,45603,45607,4,0
45603,45603,45608,5,0
45603,45603,45608,5,0
45603,45603,45608,5,0
45603,45603,45608,5,0
45603,45603,45608,5,0
45603,45603,45608,5,0
45603,45607,45609,2,4
45603,45603,45609,6,0
45603,45603,45608,5,0
45603,45603,45609,6,0
45603,45603,45608,5,0
45603,45603,45608,5,0
45603,45603,45608,5,0
45603,45603,45608,5,0
45603,45603,45609,6,0
45603,45603,45609,6,0
45603,45603,45609,6,0
45603,45603,45608,5,0
45603,45603,45608,5,0
45603,45603,45608,5,0
45603,45603,45609,6,0
45603,45603,45609,6,0
45603,45607,45609,2,4
45603,45603,45609,6,0
45603,45603,45609,6,0
45603,45603,45608,5,0
45603,45603,45609,6,0
45603,45603,45609,6,0
45603,45607,45609,2,4
45603,45607,45609,2,4
45603,45607,45610,3,4
45603,45607,45610,3,4
45603,45607,45609,2,4
45603,45603,45609,6,0
45603,45603,45610,7,0
45603,45607,45610,3,4
45603,45606,45610,4,3
45603,45607,45610,3,4
45603,45607,45610,3,4
45603,45607,45610,3,4
45603,45607,45610,3,4
45603,45607,45610,3,4
45603,45607,45610,3,4
45603,45607,45610,3,4
45603,45603,45610,7,0
45603,45607,45610,3,4
45603,45607,45610,3,4
45603,45603,45610,7,0
45603,45607,45611,4,4
45603,45603,45610,7,0
45603,45603,45610,7,0
45603,45607,45610,3,4
45603,45608,45611,3,5
45603,45603,45610,7,0
45603,45603,45610,7,0
45603,45608,45610,2,5
45603,45606,45611,5,3
45603,45607,45611,4,4
45603,45608,45611,3,5
45603,45607,45611,4,4
45603,45610,45612,2,7
45603,45607,45611,4,4
45603,45608,45611,3,5
45603,45608,45612,4,5
45603,45610,45611,1,7
45603,45607,45611,4,4
45603,45607,45611,4,4
45603,45610,45612,2,7
45603,45608,45612,4,5
45603,45608,45612,4,5
45603,45608,45612,4,5
45603,45610,45613,3,7
45603,45608,45612,4,5
45603,45611,45613,2,8
45603,45608,45612,4,5
45603,45610,45613,3,7
45603,45610,45612,2,7
45603,45610,45612,2,7
45603,45610,45612,2,7
45603,45610,45613,3,7
45603,45608,45613,5,5
45603,45608,45612,4,5
45603,45610,45612,2,7
45603,45608,45613,5,5
45603,45608,45612,4,5
45603,45611,45613,2,8
45603,45608,45613,5,5
45603,45608,45612,4,5
45603,45611,45613,2,8
45603,45610,45612,2,7
45603,45611,45613,2,8
45603,45611,45613,2,8
45603,45610,45613,3,7
45603,45611,45613,2,8
45603,45608,45613,5,5
45603,45611,45613,2,8
45603,45608,45613,5,5
45603,45610,45613,3,7
45603,45610,45613,3,7
45603,45611,45613,2,8
45603,45608,45613,5,5
45603,45610,45613,3,7
45603,45610,45613,3,7
45603,45610,45613,3,7
45603,45611,45613,2,8
45603,45611,45613,2,8
45603,45611,45613,2,8
45603,45612,45614,2,9
45603,45608,45613,5,5
45603,45611,45613,2,8
45603,45608,45613,5,5
45603,45611,45613,2,8
45603,45612,45614,2,9
45603,45611,45613,2,8
45603,45612,45614,2,9
45603,45608,45613,5,5
45603,45608,45613,5,5
45603,45610,45613,3,7
45603,45610,45613,3,7
45603,45611,45614,3,8
45603,45612,45614,2,9
45603,45612,45614,2,9
45603,45608,45614,6,5
45603,45610,45614,4,7
45603,45612,45614,2,9
45603,45612,45614,2,9
45603,45612,45615,3,9
45603,45613,45614,1,10
45603,45610,45614,4,7
45603,45610,45615,5,7
45603,45610,45614,4,7
45603,45611,45615,4,8
45603,45610,45614,4,7
45603,45610,45614,4,7
45603,45611,45614,3,8
45603,45611,45614,3,8
45603,45610,45614,4,7
45603,45610,45615,5,7
45603,45612,45615,3,9
45603,45610,45614,4,7
45603,45611,45615,4,8
45603,45610,45615,5,7
45603,45612,45615,3,9
45603,45613,45616,3,10
45603,45610,45615,5,7
45603,45612,45615,3,9
45603,45611,45616,5,8
45603,45611,45615,4,8
45603,45611,45615,4,8
45603,45612,45616,4,9
45603,45613,45617,4,10
45603,45613,45617,4,10
45603,45613,45617,4,10
45603,45613,45617,4,10
45626,45626,45629,3,0
45626,45626,45628,2,0
45626,45626,45628,2,0
45626,45626,45628,2,0
45626,45626,45628,2,0
45626,45626,45628,2,0
45626,45626,45629,3,0
45626,45626,45628,2,0
45626,45626,45629,3,0
45626,45626,45629,3,0
45626,45626,45629,3,0
45626,45626,45630,4,0
45626,45626,45630,4,0
45626,45626,45630,4,0
45626,45626,45630,4,0
45626,45626,45630,4,0
45626,45626,45629,3,0
45626,45626,45629,3,0
45626,45626,45630,4,0
45626,45626,45629,3,0
45626,45626,45629,3,0
45626,45626,45629,3,0
45626,45626,45630,4,0
45626,45629,45630,1,3
45626,45626,45630,4,0
45626,45626,45630,4,0
45626,45626,45630,4,0
45626,45626,45630,4,0
45626,45629,45630,1,3
45626,45626,45630,4,0
45626,45626,45629,3,0
45626,45629,45630,1,3
45626,45626,45631,5,0
45626,45626,45630,4,0
45626,45626,45631,5,0
45626,45626,45631,5,0
45626,45626,45630,4,0
45626,45626,45630,4,0
45626,45626,45631,5,0
45626,45626,45631,5,0
45626,45626,45630,4,0
45626,45626,45631,5,0
45626,45626,45631,5,0
45626,45626,45630,4,0
45626,45626,45631,5,0
45626,45626,45631,5,0
45626,45626,45631,5,0
45626,45626,45630,4,0
45626,45626,45630,4,0
45626,45626,45630,4,0
45626,45626,45630,4,0
45626,45626,45630,4,0
45626,45626,45631,5,0
45626,45626,45630,4,0
45626,45626,45630,4,0
45626,45626,45631,5,0
45626,45626,45630,4,0
45626,45626,45631,5,0
45626,45626,45630,4,0
45626,45626,45631,5,0
45626,45626,45630,4,0
45626,45626,45631,5,0
45626,45626,45630,4,0
45626,45626,45630,4,0
45626,45626,45630,4,0
45626,45626,45630,4,0
45626,45629,45631,2,3
45626,45626,45631,5,0
45626,45626,45630,4,0
45626,45626,45631,5,0
45626,45626,45631,5,0
45626,45626,45631,5,0
45626,45626,45631,5,0
45626,45626,45631,5,0
45626,45626,45632,6,0
45626,45626,45632,6,0
45626,45626,45632,6,0
45626,45626,45632,6,0
45626,45626,45631,5,0
45626,45626,45632,6,0
45626,45626,45631,5,0
45626,45626,45631,5,0
45626,45630,45632,2,4
45626,45626,45633,7,0
45626,45631,45633,2,5
45626,45630,45633,3,4
45626,45630,45633,3,4
45626,45630,45633,3,4
45626,45626,45633,7,0
45626,45630,45633,3,4
45626,45630,45633,3,4
45626,45630,45633,3,4
45626,45630,45633,3,4
45626,45631,45634,3,5
45626,45631,45634,3,5
45626,45631,45634,3,5
45626,45630,45634,4,4
45626,45630,45634,4,4
45626,45630,45633,3,4
45626,45631,45634,3,5
45626,45630,45634,4,4
45626,45630,45634,4,4
45626,45631,45634,3,5
45626,45630,45633,3,4
45626,45631,45634,3,5
45626,45630,45635,5,4
45626,45631,45635,4,5
45626,45632,45635,3,6
45626,45630,45635,5,4
45626,45631,45635,4,5
45626,45631,45635,4,5
45626,45630,45634,4,4
45626,45630,45635,5,4
45626,45630,45634,4,4
45626,45630,45635,5,4
45626,45631,45635,4,5
45626,45633,45635,2,7
45626,45633,45635,2,7
45626,45630,45635,5,4
45626,45631,45635,4,5
45626,45631,45635,4,5
45626,45633,45635,2,7
45626,45633,45635,2,7
45626,45630,45635,5,4
45626,45630,45635,5,4
45626,45631,45635,4,5
45626,45631,45635,4,5
45626,45633,45635,2,7
45626,45631,45635,4,5
45626,45631,45635,4,5
45626,45631,45634,3,5
45626,45633,45635,2,7
45626,45631,45635,4,5
45626,45631,45635,4,5
45626,45631,45635,4,5
45626,45630,45635,5,4
45626,45633,45635,2,7
45626,45633,45635,2,7
45626,45630,45635,5,4
45626,45632,45636,4,6
45626,45632,45636,4,6
45626,45631,45636,5,5
45626,45632,45636,4,6
45626,45630,45635,5,4
45626,45632,45636,4,6
45626,45632,45636,4,6
45626,45631,45636,5,5
45626,45630,45636,6,4
45626,45634,45636,2,8
45626,45631,45636,5,5
45626,45631,45636,5,5
45626,45632,45636,4,6
45626,45631,45636,5,5
45626,45631,45636,5,5
45626,45631,45636,5,5
45626,45632,45636,4,6
45626,45630,45636,6,4
45626,45631,45636,5,5
45626,45631,45636,5,5
45626,45631,45636,5,5
45626,45631,45636,5,5
45626,45631,45636,5,5
45626,45631,45636,5,5
45626,45632,45636,4,6
45626,45633,45635,2,7
45626,45634,45636,2,8
45626,45634,45636,2,8
45626,45631,45636,5,5
45626,45631,45636,5,5
45626,45631,45636,5,5
45626,45633,45637,4,7
45626,45632,45637,5,6
45626,45632,45637,5,6
45626,45635,45637,2,9
45626,45635,45637,2,9
45626,45634,45637,3,8
45626,45635,45637,2,9
45626,45632,45637,5,6
45626,45634,45637,3,8
45626,45632,45637,5,6
45626,45636,45638,2,10
45626,45636,45637,1,10
45626,45631,45637,6,5
45626,45636,45637,1,10
45626,45634,45638,4,8
45626,45634,45638,4,8
45626,45634,45638,4,8
45626,45635,45638,3,9
45626,45634,45638,4,8
45626,45635,45638,3,9
45626,45635,45638,3,9
45626,45636,45638,2,10
45626,45634,45638,4,8
45626,45636,45638,2,10
45626,45634,45639,5,8
45626,45634,45639,5,8
45647,45648,45651,3,1
45647,45648,45650,2,1
45647,45648,45651,3,1
45647,45648,45650,2,1
45647,45648,45650,2,1
45647,45648,45651,3,1
45647,45648,45651,3,1
45647,45648,45650,2,1
45647,45648,45652,4,1
45647,45648,45651,3,1
45647,45648,45652,4,1
45647,45648,45652,4,1
45647,45648,45651,3,1
45647,45648,45652,4,1
45647,45648,45651,3,1
45647,45648,45652,4,1
45647,45648,45652,4,1
45647,45648,45651,3,1
45647,45648,45651,3,1
45647,45648,45651,3,1
45647,45648,45652,4,1
45647,45648,45651,3,1
45647,45648,45651,3,1
45647,45648,45651,3,1
45647,45648,45652,4,1
45647,45648,45651,3,1
45647,45648,45651,3,1
45647,45648,45651,3,1
45647,45648,45651,3,1
45647,45648,45651,3,1
45647,45648,45651,3,1
45647,45648,45652,4,1
45647,45648,45651,3,1
45647,45648,45651,3,1
45647,45648,45652,4,1
45647,45648,45652,4,1
45647,45648,45652,4,1
45647,45648,45651,3,1
45647,45648,45651,3,1
45647,45648,45651,3,1
45647,45648,45651,3,1
45647,45648,45652,4,1
45647,45648,45652,4,1
45647,45648,45652,4,1
45647,45648,45652,4,1
45647,45648,45652,4,1
45647,45648,45652,4,1
45647,45648,45652,4,1
45647,45648,45652,4,1
45647,45648,45652,4,1
45647,45648,45653,5,1
45647,45648,45652,4,1
45647,45648,45653,5,1
45647,45648,45652,4,1
45647,45648,45652,4,1
45647,45648,45653,5,1
45647,45648,45653,5,1
45647,45648,45652,4,1
45647,45648,45652,4,1
45647,45648,45653,5,1
45647,45648,45653,5,1
45647,45648,45652,4,1
45647,45648,45653,5,1
45647,45648,45652,4,1
45647,45648,45652,4,1
45647,45648,45652,4,1
45647,45648,45652,4,1
45647,45648,45653,5,1
45647,45648,45652,4,1
45647,45648,45653,5,1
45647,45648,45652,4,1
45647,45648,45652,4,1
45647,45648,45653,5,1
45647,45652,45654,2,5
45647,45652,45654,2,5
45647,45648,45653,5,1
45647,45652,45654,2,5
45647,45648,45653,5,1
45647,45648,45654,6,1
45647,45648,45653,5,1
45647,45648,45653,5,1
45647,45652,45654,2,5
45647,45652,45654,2,5
45647,45652,45654,2,5
45647,45653,45655,2,6
45647,45652,45655,3,5
45647,45653,45655,2,6
45647,45651,45655,4,4
45647,45652,45655,3,5
45647,45648,45654,6,1
45647,45651,45655,4,4
45647,45652,45654,2,5
45647,45648,45654,6,1
45647,45651,45655,4,4
45647,45651,45655,4,4
45647,45652,45655,3,5
45647,45652,45655,3,5
45647,45651,45656,5,4
45647,45652,45656,4,5
45647,45653,45656,3,6
45647,45652,45655,3,5
45647,45653,45655,2,6
45647,45654,45656,2,7
45647,45652,45655,3,5
45647,45653,45655,2,6
45647,45653,45655,2,6
45647,45653,45656,3,6
45647,45653,45656,3,6
45647,45651,45656,5,4
45647,45651,45656,5,4
45647,45653,45656,3,6
45647,45651,45656,5,4
45647,45652,45656,4,5
45647,45652,45656,4,5
45647,45652,45656,4,5
45647,45653,45656,3,6
45647,45652,45656,4,5
45647,45653,45656,3,6
45647,45653,45656,3,6
45647,45652,45656,4,5
45647,45652,45656,4,5
45647,45652,45656,4,5
45647,45653,45656,3,6
45647,45654,45656,2,7
45647,45652,45656,4,5
45647,45652,45655,3,5
45647,45653,45656,3,6
45647,45653,45656,3,6
45647,45652,45656,4,5
45647,45652,45657,5,5
45647,45653,45657,4,6
45647,45656,45657,1,9
45647,45656,45657,1,9
45647,45656,45657,1,9
45647,45652,45657,5,5
45647,45652,45657,5,5
45647,45652,45657,5,5
45647,45655,45657,2,8
45647,45652,45656,4,5
45647,45654,45657,3,7
45647,45656,45657,1,9
45647,45656,45657,1,9
45647,45656,45657,1,9
45647,45652,45657,5,5
45647,45652,45656,4,5
45647,45653,45656,3,6
45647,45656,45657,1,9
45647,45656,45657,1,9
45647,45654,45657,3,7
45647,45655,45657,2,8
45647,45654,45656,2,7
45647,45655,45657,2,8
45647,45652,45657,5,5
45647,45653,45657,4,6
45647,45653,45656,3,6
45647,45656,45657,1,9
45647,45656,45657,1,9
45647,45653,45657,4,6
45647,45656,45657,1,9
45647,45652,45657,5,5
45647,45653,45657,4,6
45647,45653,45657,4,6
45647,45653,45658,5,6
45647,45654,45658,4,7
45647,45655,45657,2,8
45647,45655,45658,3,8
45647,45655,45658,3,8
45647,45653,45657,4,6
45647,45654,45657,3,7
45647,45655,45658,3,8
45647,45656,45658,2,9
45647,45652,45657,5,5
45647,45656,45658,2,9
45647,45653,45658,5,6
45647,45655,45659,4,8
45647,45655,45659,4,8
45647,45655,45659,4,8
45647,45653,45658,5,6
45647,45653,45658,5,6
45647,45653,45658,5,6
45647,45653,45658,5,6
45647,45654,45659,5,7
45647,45655,45659,4,8
45647,45656,45659,3,9
45647,45653,45658,5,6
45647,45656,45658,2,9
45647,45655,45659,4,8
45647,45655,45658,3,8
45647,45655,45659,4,8
45647,45656,45659,3,9
45647,45654,45659,5,7
45647,45656,45659,3,9
45647,45655,45659,4,8
45647,45656,45659,3,9
45647,45656,45660,4,9
45647,45655,45660,5,8
45647,45656,45660,4,9
45647,45656,45660,4,9
45647,45656,45659,3,9
45647,45656,45661,5,9
45669,45669,45672,3,0
45669,45669,45672,3,0
45669,45669,45672,3,0
45669,45669,45672,3,0
45669,45669,45672,3,0
45669,45669,45672,3,0
45669,45669,45672,3,0
45669,45669,45672,3,0
45669,45669,45672,3,0
45669,45669,45673,4,0
45669,45669,45672,3,0
45669,45669,45673,4,0
45669,45669,45673,4,0
45669,45669,45673,4,0
45669,45669,45673,4,0
45669,45669,45673,4,0
45669,45669,45673,4,0
45669,45669,45673,4,0
45669,45669,45673,4,0
45669,45669,45673,4,0
45669,45669,45673,4,0
45669,45669,45673,4,0
45669,45669,45673,4,0
45669,45669,45674,5,0
45669,45669,45673,4,0
45669,45669,45673,4,0
45669,45669,45674,5,0
45669,45669,45674,5,0
45669,45670,45674,4,1
45669,45669,45674,5,0
45669,45669,45674,5,0
45669,45670,45674,4,1
45669,45670,45674,4,1
45669,45669,45674,5,0
45669,45669,45674,5,0
45669,45670,45674,4,1
45669,45669,45674,5,0
45669,45669,45674,5,0
45669,45670,45675,5,1
45669,45670,45674,4,1
45669,45669,45674,5,0
45669,45669,45674,5,0
45669,45669,45674,5,0
45669,45670,45675,5,1
45669,45669,45674,5,0
45669,45669,45674,5,0
45669,45670,45674,4,1
45669,45670,45674,4,1
45669,45669,45674,5,0
45669,45670,45674,4,1
45669,45670,45675,5,1
45669,45669,45674,5,0
45669,45669,45674,5,0
45669,45670,45674,4,1
45669,45669,45674,5,0
45669,45670,45674,4,1
45669,45669,45674,5,0
45669,45670,45675,5,1
45669,45669,45675,6,0
45669,45669,45675,6,0
45669,45669,45675,6,0
45669,45669,45675,6,0
45669,45670,45675,5,1
45669,45669,45675,6,0
45669,45669,45675,6,0
45669,45670,45675,5,1
45669,45673,45675,2,4
45669,45673,45676,3,4
45669,45669,45675,6,0
45669,45669,45675,6,0
45669,45669,45675,6,0
45669,45669,45676,7,0
45669,45673,45676,3,4
45669,45669,45675,6,0
45669,45670,45675,5,1
45669,45669,45676,7,0
45669,45670,45676,6,1
45669,45669,45675,6,0
45669,45669,45675,6,0
45669,45670,45675,5,1
45669,45673,45676,3,4
45669,45674,45676,2,5
45669,45670,45676,6,1
45669,45673,45676,3,4
45669,45673,45676,3,4
45669,45675,45676,1,6
45669,45673,45676,3,4
45669,45670,45676,6,1
45669,45675,45677,2,6
45669,45673,45676,3,4
45669,45673,45676,3,4
45669,45674,45677,3,5
45669,45673,45677,4,4
45669,45674,45676,2,5
45669,45674,45676,2,5
45669,45670,45677,7,1
45669,45676,45677,1,7
45669,45676,45677,1,7
45669,45674,45678,4,5
45669,45674,45677,3,5
45669,45674,45677,3,5
45669,45674,45677,3,5
45669,45675,45677,2,6
45669,45675,45677,2,6
45669,45675,45678,3,6
45669,45673,45677,4,4
45669,45674,45678,4,5
45669,45674,45677,3,5
45669,45675,45678,3,6
45669,45676,45678,2,7
45669,45675,45677,2,6
45669,45675,45677,2,6
45669,45676,45678,2,7
45669,45674,45678,4,5
45669,45675,45678,3,6
45669,45675,45678,3,6
45669,45675,45677,2,6
45669,45675,45677,2,6
45669,45676,45678,2,7
45669,45674,45678,4,5
45669,45675,45678,3,6
45669,45676,45678,2,7
45669,45676,45678,2,7
45669,45674,45678,4,5
45669,45675,45677,2,6
45669,45676,45678,2,7
45669,45675,45677,2,6
45669,45676,45677,1,7
45669,45676,45678,2,7
45669,45676,45678,2,7
45669,45676,45678,2,7
45669,45675,45679,4,6
45669,45675,45678,3,6
45669,45675,45678,3,6
45669,45676,45679,3,7
45669,45676,45679,3,7
45669,45676,45678,2,7
45669,45675,45678,3,6
45669,45675,45678,3,6
45669,45675,45678,3,6
45669,45675,45679,4,6
45669,45674,45678,4,5
45669,45675,45678,3,6
45669,45674,45678,4,5
45669,45675,45679,4,6
45669,45675,45679,4,6
45669,45676,45679,3,7
45669,45675,45678,3,6
45669,45675,45679,4,6
45669,45675,45679,4,6
45669,45676,45680,4,7
45669,45675,45679,4,6
45669,45677,45680,3,8
45669,45675,45679,4,6
45669,45676,45680,4,7
45669,45676,45680,4,7
45669,45675,45680,5,6
45669,45676,45680,4,7
45669,45676,45680,4,7
45669,45676,45680,4,7
45669,45675,45680,5,6
45669,45676,45680,4,7
45669,45677,45680,3,8
45669,45677,45680,3,8
45669,45677,45680,3,8
45669,45677,45681,4,8
45669,45678,45681,3,9
45669,45677,45680,3,8
45669,45678,45681,3,9
45669,45677,45681,4,8
45669,45677,45680,3,8
45669,45677,45680,3,8
45669,45677,45680,3,8
45669,45678,45681,3,9
45669,45677,45680,3,8
45669,45677,45680,3,8
45669,45677,45681,4,8
45669,45677,45681,4,8
45669,45678,45682,4,9
45669,45678,45681,3,9
45669,45678,45681,3,9
45669,45678,45682,4,9
45669,45678,45682,4,9
45669,45678,45682,4,9
45669,45678,45682,4,9
45669,45678,45681,3,9
45669,45678,45681,3,9
45669,45678,45681,3,9
45669,45678,45682,4,9
45669,45678,45681,3,9
45669,45678,45681,3,9
45669,45676,45681,5,7
45669,45678,45682,4,9
45669,45678,45681,3,9
45669,45678,45682,4,9
45669,45678,45681,3,9
45669,45678,45682,4,9
45669,45678,45681,3,9
45669,45678,45681,3,9
45669,45678,45683,5,9
45690,45691,45694,3,1
45690,45691,45693,2,1
45690,45691,45693,2,1
45690,45691,45694,3,1
45690,45691,45695,4,1
45690,45691,45694,3,1
45690,45691,45694,3,1
45690,45691,45694,3,1
45690,45691,45695,4,1
45690,45691,45695,4,1
45690,45691,45694,3,1
45690,45691,45694,3,1
45690,45691,45694,3,1
45690,45691,45695,4,1
45690,45691,45694,3,1
45690,45691,45694,3,1
45690,45691,45694,3,1
45690,45691,45694,3,1
45690,45691,45694,3,1
45690,45691,45694,3,1
45690,45691,45694,3,1
45690,45691,45694,3,1
45690,45691,45694,3,1
45690,45691,45695,4,1
45690,45691,45694,3,1
45690,45691,45694,3,1
45690,45691,45694,3,1
45690,45691,45694,3,1
45690,45691,45694,3,1
45690,45691,45695,4,1
45690,45691,45695,4,1
45690,45691,45696,5,1
45690,45695,45696,1,5
45690,45695,45696,1,5
45690,45691,45696,5,1
45690,45691,45695,4,1
45690,45695,45696,1,5
45690,45695,45696,1,5
45690,45695,45696,1,5
45690,45691,45695,4,1
45690,45691,45695,4,1
45690,45691,45696,5,1
45690,45691,45696,5,1
45690,45691,45695,4,1
45690,45691,45695,4,1
45690,45691,45695,4,1
45690,45691,45695,4,1
45690,45691,45695,4,1
45690,45691,45695,4,1
45690,45695,45696,1,5
45690,45691,45696,5,1
45690,45691,45696,5,1
45690,45691,45695,4,1
45690,45691,45695,4,1
45690,45691,45695,4,1
45690,45691,45696,5,1
45690,45691,45695,4,1
45690,45691,45695,4,1
45690,45691,45695,4,1
45690,45691,45695,4,1
45690,45691,45695,4,1
45690,45691,45696,5,1
45690,45691,45695,4,1
45690,45691,45696,5,1
45690,45691,45697,6,1
45690,45691,45696,5,1
45690,45691,45696,5,1
45690,45691,45696,5,1
45690,45691,45696,5,1
45690,45691,45696,5,1
45690,45691,45697,6,1
45690,45691,45697,6,1
45690,45691,45696,5,1
45690,45691,45696,5,1
45690,45691,45697,6,1
45690,45691,45697,6,1
45690,45691,45697,6,1
45690,45695,45696,1,5
45690,45691,45697,6,1
45690,45695,45696,1,5
45690,45691,45697,6,1
45690,45691,45696,5,1
45690,45691,45696,5,1
45690,45691,45697,6,1
45690,45691,45696,5,1
45690,45691,45697,6,1
45690,45691,45697,6,1
45690,45691,45697,6,1
45690,45695,45698,3,5
45690,45695,45698,3,5
45690,45695,45697,2,5
45690,45696,45699,3,6
45690,45696,45698,2,6
45690,45696,45699,3,6
45690,45697,45699,2,7
45690,45695,45698,3,5
45690,45695,45699,4,5
45690,45695,45698,3,5
45690,45695,45698,3,5
45690,45695,45698,3,5
45690,45695,45698,3,5
45690,45695,45699,4,5
45690,45695,45699,4,5
45690,45696,45699,3,6
45690,45696,45699,3,6
45690,45695,45699,4,5
45690,45696,45699,3,6
45690,45697,45700,3,7
45690,45696,45700,4,6
45690,45696,45699,3,6
45690,45697,45700,3,7
45690,45696,45700,4,6
45690,45696,45700,4,6
45690,45695,45700,5,5
45690,45696,45700,4,6
45690,45696,45700,4,6
45690,45695,45700,5,5
45690,45696,45700,4,6
45690,45697,45699,2,7
45690,45695,45700,5,5
45690,45696,45700,4,6
45690,45696,45700,4,6
45690,45695,45700,5,5
45690,45696,45700,4,6
45690,45696,45699,3,6
45690,45697,45700,3,7
45690,45697,45699,2,7
45690,45697,45700,3,7
45690,45696,45701,5,6
45690,45697,45700,3,7
45690,45696,45701,5,6
45690,45696,45701,5,6
45690,45695,45701,6,5
45690,45695,45700,5,5
45690,45697,45701,4,7
45690,45697,45701,4,7
45690,45695,45701,6,5
45690,45696,45701,5,6
45690,45697,45700,3,7
45690,45695,45701,6,5
45690,45696,45701,5,6
45690,45697,45701,4,7
45690,45696,45701,5,6
45690,45697,45701,4,7
45690,45697,45701,4,7
45690,45696,45701,5,6
45690,45696,45701,5,6
45690,45697,45701,4,7
45690,45695,45701,6,5
45690,45697,45701,4,7
45690,45696,45701,5,6
45690,45697,45702,5,7
45690,45697,45701,4,7
45690,45696,45702,6,6
45690,45696,45702,6,6
45690,45699,45702,3,9
45690,45699,45702,3,9
45690,45699,45702,3,9
45690,45699,45702,3,9
45690,45696,45701,5,6
45690,45697,45702,5,7
45690,45696,45701,5,6
45690,45696,45702,6,6
45690,45696,45701,5,6
45690,45697,45701,4,7
45690,45698,45702,4,8
45690,45698,45702,4,8
45690,45698,45701,3,8
45690,45699,45702,3,9
45690,45696,45701,5,6
45690,45697,45702,5,7
45690,45696,45702,6,6
45690,45697,45702,5,7
45690,45698,45702,4,8
45690,45698,45702,4,8
45690,45699,45702,3,9
45690,45699,45703,4,9
45690,45699,45702,3,9
45690,45700,45702,2,10
45690,45699,45702,3,9
45690,45699,45702,3,9
45690,45700,45703,3,10
45690,45699,45702,3,9
45690,45697,45702,5,7
45690,45699,45702,3,9
45690,45699,45703,4,9
45690,45699,45702,3,9
45690,45700,45703,3,10
45690,45700,45703,3,10
45690,45700,45704,4,10
45690,45700,45704,4,10
45690,45700,45704,4,10
45690,45699,45703,4,9
45690,45700,45704,4,10
45690,45700,45704,4,10
45690,45700,45705,5,10
45690,45700,45705,5,10
45711,45712,45714,2,1
45711,45712,45714,2,1
45711,45712,45714,2,1
45711,45712,45714,2,1
45711,45712,45715,3,1
45711,45712,45714,2,1
45711,45712,45714,2,1
45711,45712,45714,2,1
45711,45712,45714,2,1
45711,45712,45714,2,1
45711,45712,45714,2,1
45711,45712,45714,2,1
45711,45712,45714,2,1
45711,45712,45714,2,1
45711,45712,45715,3,1
45711,45712,45714,2,1
45711,45712,45715,3,1
45711,45712,45714,2,1
45711,45712,45714,2,1
45711,45712,45714,2,1
45711,45712,45714,2,1
45711,45712,45715,3,1
45711,45712,45714,2,1
45711,45712,45714,2,1
45711,45712,45715,3,1
45711,45712,45715,3,1
45711,45712,45714,2,1
45711,45712,45715,3,1
45711,45712,45714,2,1
45711,45712,45716,4,1
45711,45712,45715,3,1
45711,45712,45715,3,1
45711,45712,45715,3,1
45711,45712,45715,3,1
45711,45712,45715,3,1
45711,45712,45715,3,1
45711,45712,45715,3,1
45711,45712,45715,3,1
45711,45712,45716,4,1
45711,45712,45715,3,1
45711,45712,45716,4,1
45711,45712,45715,3,1
45711,45712,45715,3,1
45711,45712,45716,4,1
45711,45712,45716,4,1
45711,45712,45716,4,1
45711,45712,45715,3,1
45711,45712,45715,3,1
45711,45712,45716,4,1
45711,45712,45716,4,1
45711,45712,45716,4,1
45711,45712,45716,4,1
45711,45712,45716,4,1
45711,45712,45717,5,1
45711,45712,45716,4,1
45711,45712,45717,5,1
45711,45712,45716,4,1
45711,45712,45717,5,1
45711,45712,45717,5,1
45711,45712,45717,5,1
45711,45712,45716,4,1
45711,45712,45717,5,1
45711,45712,45717,5,1
45711,45712,45717,5,1
45711,45712,45716,4,1
45711,45712,45717,5,1
45711,45712,45717,5,1
45711,45712,45717,5,1
45711,45712,45716,4,1
45711,45712,45717,5,1
45711,45712,45716,4,1
45711,45712,45717,5,1
45711,45712,45717,5,1
45711,45712,45717,5,1
45711,45712,45717,5,1
45711,45712,45717,5,1
45711,45716,45718,2,5
45711,45716,45718,2,5
45711,45712,45718,6,1
45711,45715,45718,3,4
45711,45715,45718,3,4
45711,45712,45718,6,1
45711,45715,45718,3,4
45711,45712,45717,5,1
45711,45715,45718,3,4
45711,45715,45718,3,4
45711,45715,45718,3,4
45711,45715,45718,3,4
45711,45712,45718,6,1
45711,45715,45717,2,4
45711,45715,45719,4,4
45711,45715,45719,4,4
45711,45715,45718,3,4
45711,45715,45718,3,4
45711,45715,45718,3,4
45711,45715,45718,3,4
45711,45716,45718,2,5
45711,45716,45719,3,5
45711,45715,45718,3,4
45711,45715,45718,3,4
45711,45715,45718,3,4
45711,45715,45719,4,4
45711,45715,45719,4,4
45711,45715,45719,4,4
45711,45715,45718,3,4
45711,45715,45718,3,4
45711,45715,45718,3,4
45711,45716,45719,3,5
45711,45715,45719,4,4
45711,45715,45719,4,4
45711,45715,45718,3,4
45711,45716,45719,3,5
45711,45715,45719,4,4
45711,45716,45719,3,5
45711,45716,45720,4,5
45711,45716,45720,4,5
45711,45719,45720,1,8
45711,45716,45719,3,5
45711,45716,45720,4,5
45711,45716,45719,3,5
45711,45715,45720,5,4
45711,45716,45720,4,5
45711,45719,45720,1,8
45711,45719,45720,1,8
45711,45716,45720,4,5
45711,45716,45720,4,5
45711,45719,45720,1,8
45711,45719,45720,1,8
45711,45718,45720,2,7
45711,45719,45720,1,8
45711,45719,45720,1,8
45711,45719,45720,1,8
45711,45719,45720,1,8
45711,45719,45720,1,8
45711,45715,45720,5,4
45711,45719,45721,2,8
45711,45716,45721,5,5
45711,45720,45721,1,9
45711,45717,45721,4,6
45711,45717,45721,4,6
45711,45717,45721,4,6
45711,45718,45721,3,7
45711,45716,45721,5,5
45711,45717,45721,4,6
45711,45718,45721,3,7
45711,45717,45721,4,6
45711,45717,45721,4,6
45711,45718,45721,3,7
45711,45717,45721,4,6
45711,45716,45721,5,5
45711,45717,45721,4,6
45711,45717,45721,4,6
45711,45718,45721,3,7
45711,45719,45720,1,8
45711,45717,45722,5,6
45711,45717,45722,5,6
45711,45719,45722,3,8
45711,45719,45722,3,8
45711,45717,45722,5,6
45711,45717,45722,5,6
45711,45717,45722,5,6
45711,45718,45722,4,7
45711,45717,45722,5,6
45711,45718,45722,4,7
45711,45717,45722,5,6
45711,45719,45722,3,8
45711,45719,45721,2,8
45711,45716,45721,5,5
45711,45718,45722,4,7
45711,45717,45722,5,6
45711,45717,45722,5,6
45711,45719,45722,3,8
45711,45718,45722,4,7
45711,45716,45722,6,5
45711,45717,45721,4,6
45711,45719,45722,3,8
45711,45718,45723,5,7
45711,45720,45723,3,9
45711,45717,45723,6,6
45711,45718,45723,5,7
45711,45720,45723,3,9
45711,45718,45723,5,7
45711,45719,45723,4,8
45711,45717,45723,6,6
45711,45717,45723,6,6
45711,45718,45723,5,7
45711,45719,45723,4,8
45711,45717,45723,6,6
45711,45718,45723,5,7
45711,45718,45723,5,7
45711,45718,45723,5,7
45711,45719,45723,4,8
45711,45718,45723,5,7
45711,45720,45723,3,9
45711,45718,45724,6,7
45711,45720,45724,4,9
45379,45381,45724,343,2
45711,45719,45724,5,8
45711,45720,45724,4,9
45711,45720,45725,5,9
45711,45720,45725,5,9
45733,45734,45737,3,1
45733,45733,45737,4,0
45733,45734,45737,3,1
45733,45733,45737,4,0
45733,45734,45737,3,1
45733,45733,45737,4,0
45733,45734,45737,3,1
45733,45734,45737,3,1
45733,45734,45736,2,1
45733,45733,45737,4,0
45733,45734,45737,3,1
45733,45733,45738,5,0
45733,45734,45737,3,1
45733,45733,45737,4,0
45733,45734,45738,4,1
45733,45734,45737,3,1
45733,45733,45737,4,0
45733,45734,45738,4,1
45733,45734,45737,3,1
45733,45734,45737,3,1
45733,45734,45738,4,1
45733,45734,45738,4,1
45733,45733,45738,5,0
45733,45733,45737,4,0
45733,45734,45737,3,1
45733,45734,45737,3,1
45733,45734,45737,3,1
45733,45734,45738,4,1
45733,45733,45738,5,0
45733,45734,45739,5,1
45733,45734,45739,5,1
45733,45734,45739,5,1
45733,45733,45739,6,0
45733,45734,45738,4,1
45733,45733,45738,5,0
45733,45734,45739,5,1
45733,45734,45738,4,1
45733,45734,45738,4,1
45733,45733,45739,6,0
45733,45734,45738,4,1
45733,45734,45738,4,1
45733,45734,45739,5,1
45733,45734,45738,4,1
45733,45734,45738,4,1
45733,45734,45739,5,1
45733,45734,45739,5,1
45733,45737,45739,2,4
45733,45734,45738,4,1
45733,45734,45739,5,1
45733,45734,45738,4,1
45733,45737,45739,2,4
45733,45733,45738,5,0
45733,45733,45739,6,0
45733,45734,45739,5,1
45733,45734,45738,4,1
45733,45737,45739,2,4
45733,45733,45739,6,0
45733,45733,45739,6,0
45733,45734,45739,5,1
45733,45734,45739,5,1
45733,45734,45738,4,1
45733,45737,45739,2,4
45733,45733,45738,5,0
45733,45734,45738,4,1
45733,45734,45739,5,1
45733,45734,45738,4,1
45733,45737,45739,2,4
45733,45734,45739,5,1
45733,45734,45739,5,1
45733,45734,45739,5,1
45733,45734,45738,4,1
45733,45737,45739,2,4
45733,45733,45740,7,0
45733,45737,45739,2,4
45733,45734,45740,6,1
45733,45734,45739,5,1
45733,45734,45740,6,1
45733,45734,45740,6,1
45733,45734,45740,6,1
45733,45734,45740,6,1
45733,45734,45740,6,1
45733,45737,45739,2,4
45733,45738,45740,2,5
45733,45734,45739,5,1
45733,45734,45740,6,1
45733,45738,45740,2,5
45733,45733,45739,6,0
45733,45734,45740,6,1
45733,45737,45740,3,4
45733,45738,45741,3,5
45733,45734,45740,6,1
45733,45738,45741,3,5
45733,45734,45741,7,1
45733,45739,45741,2,6
45733,45739,45741,2,6
45733,45739,45741,2,6
45733,45739,45741,2,6
45733,45739,45741,2,6
45733,45740,45742,2,7
45733,45738,45740,2,5
45733,45738,45741,3,5
45733,45738,45741,3,5
45733,45739,45741,2,6
45733,45739,45741,2,6
45733,45738,45742,4,5
45733,45738,45741,3,5
45733,45739,45741,2,6
45733,45739,45741,2,6
45733,45740,45741,1,7
45733,45740,45742,2,7
45733,45738,45741,3,5
45733,45740,45742,2,7
45733,45739,45741,2,6
45733,45739,45741,2,6
45733,45740,45742,2,7
45733,45740,45742,2,7
45733,45740,45742,2,7
45733,45740,45742,2,7
45733,45740,45742,2,7
45733,45739,45741,2,6
45733,45740,45742,2,7
45733,45739,45743,4,6
45733,45739,45742,3,6
45733,45739,45742,3,6
45733,45740,45742,2,7
45733,45740,45742,2,7
45733,45739,45742,3,6
45733,45739,45742,3,6
45733,45739,45742,3,6
45733,45739,45742,3,6
45733,45741,45743,2,8
45733,45741,45743,2,8
45733,45739,45742,3,6
45733,45739,45743,4,6
45733,45741,45742,1,8
45733,45741,45743,2,8
45733,45741,45743,2,8
45733,45739,45743,4,6
45733,45738,45743,5,5
45733,45740,45742,2,7
45733,45740,45742,2,7
45733,45740,45742,2,7
45733,45738,45742,4,5
45733,45738,45743,5,5
45733,45739,45743,4,6
45733,45740,45743,3,7
45733,45740,45743,3,7
45733,45740,45743,3,7
45733,45738,45743,5,5
45733,45738,45742,4,5
45733,45739,45743,4,6
45733,45740,45743,3,7
45733,45738,45743,5,5
45733,45738,45743,5,5
45733,45740,45743,3,7
45733,45740,45744,4,7
45733,45740,45744,4,7
45733,45741,45744,3,8
45733,45742,45744,2,9
45733,45742,45744,2,9
45733,45740,45743,3,7
45733,45742,45744,2,9
45733,45742,45744,2,9
45733,45742,45744,2,9
45733,45741,45743,2,8
45733,45741,45743,2,8
45733,45738,45744,6,5
45733,45738,45744,6,5
45733,45742,45745,3,9
45733,45740,45744,4,7
45733,45742,45744,2,9
45733,45743,45745,2,10
45733,45742,45745,3,9
45733,45742,45744,2,9
45733,45740,45744,4,7
45733,45742,45745,3,9
45733,45741,45744,3,8
45733,45742,45744,2,9
45733,45742,45745,3,9
45733,45742,45745,3,9
45733,45742,45745,3,9
45733,45742,45745,3,9
45733,45742,45744,2,9
45733,45740,45745,5,7
45733,45740,45745,5,7
45733,45741,45745,4,8
45733,45742,45745,3,9
45733,45742,45745,3,9
45733,45742,45745,3,9
45733,45742,45745,3,9
45733,45742,45745,3,9
45733,45742,45745,3,9
45733,45742,45746,4,9
45733,45741,45746,5,8
45733,45741,45746,5,8
45733,45742,45746,4,9
45733,45742,45745,3,9
45733,45741,45746,5,8
45733,45742,45746,4,9
45733,45742,45746,4,9
45755,45755,45758,3,0
45755,45755,45758,3,0
45755,45755,45758,3,0
45755,45755,45758,3,0
45755,45755,45758,3,0
45755,45755,45758,3,0
45755,45755,45758,3,0
45755,45755,45758,3,0
45755,45755,45758,3,0
45755,45755,45758,3,0
45755,45755,45758,3,0
45755,45755,45758,3,0
45755,45755,45759,4,0
45755,45755,45759,4,0
45755,45755,45759,4,0
45755,45755,45759,4,0
45755,45755,45759,4,0
45755,45755,45759,4,0
45755,45755,45759,4,0
45755,45758,45759,1,3
45755,45755,45759,4,0
45755,45758,45759,1,3
45755,45755,45759,4,0
45755,45755,45759,4,0
45755,45758,45759,1,3
45755,45755,45759,4,0
45755,45755,45759,4,0
45755,45755,45759,4,0
45755,45755,45759,4,0
45755,45755,45759,4,0
45755,45755,45759,4,0
45755,45755,45759,4,0
45755,45755,45759,4,0
45755,45755,45759,4,0
45755,45755,45760,5,0
45755,45755,45760,5,0
45755,45755,45760,5,0
45755,45759,45760,1,4
45755,45759,45760,1,4
45755,45755,45760,5,0
45755,45759,45760,1,4
45755,45759,45760,1,4
45755,45755,45760,5,0
45755,45755,45760,5,0
45755,45755,45760,5,0
45755,45756,45761,5,1
45755,45755,45760,5,0
45755,45755,45760,5,0
45755,45755,45760,5,0
45755,45755,45760,5,0
45755,45755,45760,5,0
45755,45755,45760,5,0
45755,45755,45760,5,0
45755,45755,45760,5,0
45755,45755,45761,6,0
45755,45755,45761,6,0
45755,45756,45760,4,1
45755,45755,45761,6,0
45755,45755,45760,5,0
45755,45756,45760,4,1
45755,45755,45761,6,0
45755,45755,45761,6,0
45755,45756,45761,5,1
45755,45755,45761,6,0
45755,45755,45761,6,0
45755,45755,45761,6,0
45755,45756,45761,5,1
45755,45756,45761,5,1
45755,45755,45761,6,0
45755,45755,45761,6,0
45755,45755,45761,6,0
45755,45756,45762,6,1
45755,45755,45761,6,0
45755,45755,45761,6,0
45755,45755,45761,6,0
45755,45756,45761,5,1
45755,45755,45761,6,0
45755,45755,45761,6,0
45755,45758,45761,3,3
45755,45756,45761,5,1
45755,45758,45761,3,3
45755,45755,45761,6,0
45755,45755,45761,6,0
45755,45756,45761,5,1
45755,45756,45761,5,1
45755,45756,45761,5,1
45755,45756,45761,5,1
45755,45756,45762,6,1
45755,45760,45763,3,5
45755,45758,45762,4,3
45755,45760,45763,3,5
45755,45756,45762,6,1
45755,45760,45762,2,5
45755,45760,45764,4,5
45755,45760,45763,3,5
45755,45760,45763,3,5
45755,45761,45764,3,6
45755,45760,45763,3,5
45755,45760,45764,4,5
45755,45760,45764,4,5
45755,45761,45764,3,6
45755,45761,45764,3,6
45755,45760,45763,3,5
45755,45761,45764,3,6
45755,45760,45764,4,5
45755,45760,45764,4,5
45755,45760,45764,4,5
45755,45761,45764,3,6
45755,45761,45764,3,6
45755,45760,45764,4,5
45755,45760,45764,4,5
45755,45762,45765,3,7
45755,45760,45764,4,5
45755,45760,45764,4,5
45755,45760,45764,4,5
45755,45760,45764,4,5
45755,45762,45764,2,7
45755,45761,45765,4,6
45755,45761,45764,3,6
45755,45761,45764,3,6
45755,45762,45764,2,7
45755,45762,45764,2,7
45755,45763,45765,2,8
45755,45761,45764,3,6
45755,45761,45764,3,6
45755,45763,45765,2,8
45755,45760,45764,4,5
45755,45761,45764,3,6
45755,45763,45765,2,8
45755,45762,45765,3,7
45755,45762,45765,3,7
45755,45762,45765,3,7
45755,45763,45765,2,8
45755,45763,45765,2,8
45755,45760,45764,4,5
45755,45761,45764,3,6
45755,45762,45764,2,7
45755,45762,45765,3,7
45755,45763,45765,2,8
45755,45761,45765,4,6
45755,45761,45765,4,6
45755,45762,45765,3,7
45755,45762,45765,3,7
45755,45762,45766,4,7
45755,45762,45765,3,7
45755,45761,45766,5,6
45755,45761,45766,5,6
45755,45762,45765,3,7
45755,45762,45766,4,7
45755,45761,45765,4,6
45755,45764,45766,2,9
45755,45761,45766,5,6
45755,45762,45766,4,7
45755,45764,45766,2,9
45755,45760,45765,5,5
45755,45761,45765,4,6
45755,45761,45765,4,6
45755,45760,45765,5,5
45755,45760,45765,5,5
45755,45761,45765,4,6
45755,45760,45765,5,5
45755,45761,45765,4,6
45755,45762,45766,4,7
45755,45761,45766,5,6
45755,45762,45766,4,7
45755,45762,45767,5,7
45755,45762,45766,4,7
45755,45764,45766,2,9
45755,45764,45766,2,9
45755,45764,45767,3,9
45755,45762,45766,4,7
45755,45762,45767,5,7
45755,45764,45766,2,9
45755,45761,45766,5,6
45755,45762,45766,4,7
45755,45762,45767,5,7
45755,45762,45766,4,7
45755,45764,45766,2,9
45755,45762,45766,4,7
45755,45764,45766,2,9
45755,45762,45767,5,7
45755,45765,45768,3,10
45755,45765,45768,3,10
45755,45764,45767,3,9
45755,45765,45768,3,10
45755,45765,45768,3,10
45755,45764,45767,3,9
45755,45764,45767,3,9
45755,45765,45768,3,10
45755,45765,45768,3,10
45755,45765,45769,4,10
45755,45765,45769,4,10
45755,45764,45768,4,9
45755,45764,45768,4,9
45755,45765,45769,4,10
45777,45777,45780,3,0
45777,45777,45779,2,0
45777,45777,45780,3,0
45777,45777,45779,2,0
45777,45777,45780,3,0
45777,45777,45780,3,0
45777,45777,45780,3,0
45777,45777,45779,2,0
45777,45777,45780,3,0
45777,45777,45780,3,0
45777,45777,45779,2,0
45777,45777,45779,2,0
45777,45777,45779,2,0
45777,45777,45780,3,0
45777,45777,45780,3,0
45777,45777,45779,2,0
45777,45777,45780,3,0
45777,45777,45780,3,0
45777,45777,45779,2,0
45777,45777,45779,2,0
45777,45777,45779,2,0
45777,45777,45779,2,0
45777,45777,45780,3,0
45777,45777,45780,3,0
45777,45777,45781,4,0
45777,45777,45781,4,0
45777,45777,45780,3,0
45777,45777,45781,4,0
45777,45777,45780,3,0
45777,45777,45780,3,0
45777,45777,45780,3,0
45777,45777,45780,3,0
45777,45777,45780,3,0
45777,45777,45780,3,0
45777,45777,45780,3,0
45777,45777,45781,4,0
45777,45777,45781,4,0
45777,45777,45781,4,0
45777,45777,45780,3,0
45777,45777,45781,4,0
45777,45777,45781,4,0
45777,45777,45780,3,0
45777,45777,45781,4,0
45777,45777,45781,4,0
45777,45777,45780,3,0
45777,45777,45780,3,0
45777,45777,45781,4,0
45777,45777,45782,5,0
45777,45777,45782,5,0
45777,45777,45782,5,0
45777,45777,45782,5,0
45777,45777,45782,5,0
45777,45777,45782,5,0
45777,45777,45781,4,0
45777,45777,45782,5,0
45777,45777,45781,4,0
45777,45777,45782,5,0
45777,45777,45782,5,0
45777,45777,45782,5,0
45777,45777,45782,5,0
45777,45777,45782,5,0
45777,45777,45782,5,0
45777,45777,45781,4,0
45777,45777,45781,4,0
45777,45777,45782,5,0
45777,45777,45781,4,0
45777,45777,45782,5,0
45777,45777,45782,5,0
45777,45780,45782,2,3
45777,45777,45782,5,0
45777,45780,45783,3,3
45777,45780,45783,3,3
45777,45777,45782,5,0
45777,45781,45783,2,4
45777,45777,45783,6,0
45777,45777,45783,6,0
45777,45780,45783,3,3
45777,45777,45782,5,0
45777,45777,45782,5,0
45777,45780,45783,3,3
45777,45780,45783,3,3
45777,45780,45782,2,3
45777,45780,45783,3,3
45777,45777,45783,6,0
45777,45780,45783,3,3
45777,45781,45783,2,4
45777,45777,45783,6,0
45777,45777,45783,6,0
45777,45781,45783,2,4
45777,45777,45783,6,0
45777,45780,45782,2,3
45777,45777,45782,5,0
45777,45781,45783,2,4
45777,45781,45783,2,4
45777,45780,45784,4,3
45777,45780,45783,3,3
45777,45781,45784,3,4
45777,45780,45783,3,3
45777,45781,45784,3,4
45777,45777,45784,7,0
45777,45781,45784,3,4
45777,45780,45784,4,3
45777,45780,45784,4,3
45777,45780,45783,3,3
45777,45780,45784,4,3
45777,45781,45784,3,4
45777,45780,45784,4,3
45777,45780,45784,4,3
45777,45780,45784,4,3
45777,45781,45784,3,4
45777,45781,45784,3,4
45777,45780,45785,5,3
45777,45781,45785,4,4
45777,45780,45785,5,3
45777,45782,45785,3,5
45777,45782,45785,3,5
45777,45780,45785,5,3
45777,45782,45785,3,5
45777,45784,45785,1,7
45777,45781,45785,4,4
45777,45784,45785,1,7
45777,45781,45785,4,4
45777,45781,45785,4,4
45777,45781,45784,3,4
45777,45781,45785,4,4
45777,45784,45785,1,7
45777,45781,45786,5,4
45777,45782,45786,4,5
45777,45782,45786,4,5
45777,45783,45786,3,6
45777,45785,45786,1,8
45777,45785,45786,1,8
45777,45781,45786,5,4
45777,45781,45786,5,4
45777,45782,45786,4,5
45777,45782,45786,4,5
45777,45781,45786,5,4
45777,45782,45786,4,5
45777,45782,45786,4,5
45777,45781,45786,5,4
45777,45782,45786,4,5
45777,45782,45786,4,5
45777,45781,45786,5,4
45777,45782,45786,4,5
45777,45782,45786,4,5
45777,45783,45787,4,6
45777,45784,45786,2,7
45777,45782,45787,5,5
45777,45783,45787,4,6
45777,45782,45787,5,5
45777,45782,45787,5,5
45777,45783,45787,4,6
45777,45782,45787,5,5
45777,45782,45787,5,5
45777,45784,45787,3,7
45777,45782,45787,5,5
45777,45783,45787,4,6
45777,45783,45787,4,6
45777,45782,45787,5,5
45777,45783,45787,4,6
45777,45783,45787,4,6
45777,45783,45788,5,6
45777,45783,45788,5,6
45777,45783,45788,5,6
45777,45784,45788,4,7
45777,45783,45788,5,6
45777,45783,45788,5,6
45777,45784,45788,4,7
45777,45783,45788,5,6
45777,45784,45788,4,7
45777,45783,45788,5,6
45777,45784,45788,4,7
45777,45784,45788,4,7
45777,45783,45789,6,6
45777,45784,45788,4,7
45777,45786,45788,2,9
45777,45783,45789,6,6
45777,45783,45789,6,6
45777,45784,45788,4,7
45777,45784,45788,4,7
45777,45783,45789,6,6
45777,45783,45789,6,6
45777,45783,45789,6,6
45777,45783,45789,6,6
45777,45783,45789,6,6
45777,45783,45789,6,6
45777,45783,45789,6,6
45777,45783,45789,6,6
45777,45784,45789,5,7
45777,45783,45789,6,6
45777,45783,45789,6,6
45777,45784,45789,5,7
45777,45786,45789,3,9
45777,45786,45790,4,9
45777,45786,45790,4,9
45798,45799,45802,3,1
45798,45799,45802,3,1
45798,45799,45802,3,1
45798,45799,45802,3,1
45798,45799,45802,3,1
45798,45799,45802,3,1
45798,45799,45802,3,1
45798,45799,45802,3,1
45798,45799,45802,3,1
45798,45799,45803,4,1
45798,45799,45802,3,1
45798,45799,45802,3,1
45798,45799,45803,4,1
45798,45799,45802,3,1
45798,45799,45802,3,1
45798,45799,45802,3,1
45798,45799,45802,3,1
45798,45799,45803,4,1
45798,45799,45802,3,1
45798,45799,45803,4,1
45798,45799,45802,3,1
45798,45799,45803,4,1
45798,45799,45803,4,1
45798,45799,45803,4,1
45798,45799,45803,4,1
45798,45799,45803,4,1
45798,45799,45803,4,1
45798,45799,45803,4,1
45798,45799,45804,5,1
45798,45799,45804,5,1
45798,45799,45803,4,1
45798,45799,45803,4,1
45798,45799,45804,5,1
45798,45799,45803,4,1
45798,45799,45804,5,1
45798,45799,45803,4,1
45798,45799,45804,5,1
45798,45799,45803,4,1
45798,45799,45804,5,1
45798,45799,45803,4,1
45798,45799,45804,5,1
45798,45799,45803,4,1
45798,45799,45803,4,1
45798,45799,45804,5,1
45798,45799,45804,5,1
45798,45802,45803,1,4
45798,45799,45803,4,1
45798,45799,45803,4,1
45798,45799,45804,5,1
45798,45799,45803,4,1
45798,45799,45804,5,1
45798,45799,45805,6,1
45798,45799,45804,5,1
45798,45799,45804,5,1
45798,45799,45804,5,1
45798,45799,45804,5,1
45798,45799,45805,6,1
45798,45799,45804,5,1
45798,45799,45804,5,1
45798,45799,45804,5,1
45798,45803,45804,1,5
45798,45799,45804,5,1
45798,45799,45804,5,1
45798,45799,45805,6,1
45798,45799,45805,6,1
45798,45799,45804,5,1
45798,45799,45804,5,1
45798,45799,45804,5,1
45798,45799,45805,6,1
45798,45799,45804,5,1
45798,45803,45805,2,5
45798,45799,45805,6,1
45798,45799,45805,6,1
45798,45799,45805,6,1
45798,45799,45804,5,1
45798,45799,45805,6,1
45798,45803,45805,2,5
45798,45799,45805,6,1
45798,45803,45804,1,5
45798,45799,45804,5,1
45798,45803,45805,2,5
45798,45803,45805,2,5
45798,45799,45805,6,1
45798,45799,45806,7,1
45798,45799,45806,7,1
45798,45799,45805,6,1
45798,45804,45806,2,6
45798,45799,45805,6,1
45798,45803,45806,3,5
45798,45804,45806,2,6
45798,45803,45805,2,5
45798,45803,45806,3,5
45798,45803,45806,3,5
45798,45803,45806,3,5
45798,45804,45807,3,6
45798,45804,45806,2,6
45798,45805,45806,1,7
45798,45805,45807,2,7
45798,45803,45806,3,5
45798,45803,45806,3,5
45798,45804,45806,2,6
45798,45804,45806,2,6
45798,45803,45807,4,5
45798,45805,45807,2,7
45798,45805,45807,2,7
45798,45804,45807,3,6
45798,45805,45807,2,7
45798,45803,45807,4,5
45798,45804,45807,3,6
45798,45805,45807,2,7
45798,45804,45807,3,6
45798,45804,45807,3,6
45798,45805,45807,2,7
45798,45805,45807,2,7
45798,45804,45807,3,6
45798,45805,45808,3,7
45798,45805,45808,3,7
45798,45805,45808,3,7
45798,45805,45807,2,7
45798,45803,45808,5,5
45798,45803,45808,5,5
45798,45804,45807,3,6
45798,45804,45808,4,6
45798,45804,45808,4,6
45798,45804,45808,4,6
45798,45805,45807,2,7
45798,45804,45808,4,6
45798,45804,45808,4,6
45798,45804,45807,3,6
45798,45805,45807,2,7
45798,45803,45808,5,5
45798,45803,45808,5,5
45798,45804,45808,4,6
45798,45804,45808,4,6
45798,45805,45808,3,7
45798,45804,45808,4,6
45798,45804,45807,3,6
45798,45804,45808,4,6
45798,45805,45807,2,7
45798,45803,45808,5,5
45798,45804,45808,4,6
45798,45805,45807,2,7
45798,45805,45808,3,7
45798,45805,45809,4,7
45798,45805,45808,3,7
45798,45805,45808,3,7
45798,45805,45809,4,7
45798,45805,45809,4,7
45798,45805,45809,4,7
45798,45805,45808,3,7
45798,45804,45809,5,6
45798,45805,45809,4,7
45798,45804,45808,4,6
45798,45804,45809,5,6
45798,45805,45809,4,7
45798,45805,45808,3,7
45798,45804,45809,5,6
45798,45805,45809,4,7
45798,45806,45810,4,8
45798,45807,45810,3,9
45798,45807,45810,3,9
45798,45807,45810,3,9
45798,45808,45810,2,10
45798,45807,45810,3,9
45798,45807,45810,3,9
45798,45808,45810,2,10
45798,45807,45810,3,9
45798,45807,45809,2,9
45798,45808,45810,2,10
45798,45808,45810,2,10
45798,45807,45810,3,9
45798,45807,45810,3,9
45798,45805,45810,5,7
45798,45806,45810,4,8
45798,45806,45809,3,8
45798,45806,45809,3,8
45798,45806,45810,4,8
45798,45806,45810,4,8
45798,45806,45809,3,8
45798,45806,45810,4,8
45798,45806,45810,4,8
45798,45804,45809,5,6
45798,45806,45810,4,8
45798,45806,45810,4,8
45798,45807,45810,3,9
45798,45807,45810,3,9
45798,45807,45810,3,9
45798,45805,45810,5,7
45798,45806,45810,4,8
45798,45808,45810,2,10
45798,45808,45810,2,10
45798,45805,45810,5,7
45798,45807,45811,4,9
45798,45808,45812,4,10
45798,45807,45811,4,9
45798,45808,45813,5,10
45798,45808,45813,5,10
45798,45808,45813,5,10
45798,45807,45812,5,9
45798,45807,45815,8,9
45823,45823,45826,3,0
45823,45823,45826,3,0
45823,45823,45826,3,0
45823,45823,45826,3,0
45823,45823,45826,3,0
45823,45823,45826,3,0
45823,45823,45826,3,0
45823,45823,45826,3,0
45823,45823,45826,3,0
45823,45823,45826,3,0
45823,45823,45826,3,0
45823,45823,45826,3,0
45823,45823,45826,3,0
45823,45823,45826,3,0
45823,45823,45827,4,0
45823,45823,45827,4,0
45823,45823,45827,4,0
45823,45823,45827,4,0
45823,45823,45827,4,0
45823,45823,45827,4,0
45823,45823,45826,3,0
45823,45823,45826,3,0
45823,45823,45827,4,0
45823,45823,45827,4,0
45823,45823,45827,4,0
45823,45823,45827,4,0
45823,45823,45827,4,0
45823,45823,45827,4,0
45823,45823,45827,4,0
45823,45823,45828,5,0
45823,45823,45828,5,0
45823,45823,45828,5,0
45823,45827,45828,1,4
45823,45827,45828,1,4
45823,45823,45828,5,0
45823,45823,45829,6,0
45823,45823,45828,5,0
45823,45824,45828,4,1
45823,45823,45828,5,0
45823,45823,45828,5,0
45823,45823,45828,5,0
45823,45827,45828,1,4
45823,45823,45828,5,0
45823,45823,45828,5,0
45823,45824,45828,4,1
45823,45823,45828,5,0
45823,45823,45829,6,0
45823,45823,45829,6,0
45823,45823,45829,6,0
45823,45823,45829,6,0
45823,45827,45829,2,4
45823,45828,45829,1,5
45823,45823,45829,6,0
45823,45824,45829,5,1
45823,45823,45829,6,0
45823,45823,45829,6,0
45823,45823,45829,6,0
45823,45823,45829,6,0
45823,45823,45829,6,0
45823,45823,45829,6,0
45823,45824,45829,5,1
45823,45823,45830,7,0
45823,45824,45830,6,1
45823,45823,45829,6,0
45823,45827,45829,2,4
45823,45823,45829,6,0
45823,45823,45830,7,0
45823,45823,45830,7,0
45823,45824,45830,6,1
45823,45827,45830,3,4
45823,45823,45830,7,0
45823,45823,45830,7,0
45823,45823,45830,7,0
45823,45823,45830,7,0
45823,45824,45830,6,1
45823,45823,45830,7,0
45823,45823,45830,7,0
45823,45824,45830,6,1
45823,45823,45830,7,0
45823,45823,45830,7,0
45823,45823,45830,7,0
45823,45823,45830,7,0
45823,45828,45831,3,5
45823,45823,45830,7,0
45823,45826,45830,4,3
45823,45823,45830,7,0
45823,45827,45831,4,4
45823,45823,45830,7,0
45823,45827,45830,3,4
45823,45824,45830,6,1
45823,45828,45830,2,5
45823,45829,45831,2,6
45823,45828,45831,3,5
45823,45828,45831,3,5
45823,45828,45832,4,5
45823,45828,45831,3,5
45823,45828,45831,3,5
45823,45830,45832,2,7
45823,45828,45831,3,5
45823,45827,45831,4,4
45823,45829,45831,2,6
45823,45829,45832,3,6
45823,45828,45832,4,5
45823,45828,45831,3,5
45823,45828,45832,4,5
45823,45829,45832,3,6
45823,45829,45831,2,6
45823,45829,45832,3,6
45823,45823,45832,9,0
45823,45828,45833,5,5
45823,45829,45832,3,6
45823,45831,45833,2,8
45823,45830,45832,2,7
45823,45828,45833,5,5
45823,45830,45833,3,7
45823,45831,45833,2,8
45823,45828,45832,4,5
45823,45830,45832,2,7
45823,45830,45833,3,7
45823,45829,45833,4,6
45823,45829,45833,4,6
45823,45829,45834,5,6
45823,45829,45833,4,6
45823,45829,45834,5,6
45823,45832,45834,2,9
45823,45829,45834,5,6
45823,45829,45834,5,6
45823,45831,45833,2,8
45823,45831,45833,2,8
45823,45831,45833,2,8
45823,45831,45833,2,8
45823,45832,45833,1,9
45823,45829,45834,5,6
45823,45829,45834,5,6
45823,45831,45833,2,8
45823,45831,45833,2,8
45823,45828,45833,5,5
45823,45829,45833,4,6
45823,45830,45834,4,7
45823,45831,45833,2,8
45823,45829,45833,4,6
45823,45830,45833,3,7
45823,45831,45834,3,8
45823,45831,45833,2,8
45823,45832,45833,1,9
45823,45832,45834,2,9
45823,45832,45834,2,9
45823,45832,45834,2,9
45823,45832,45834,2,9
45823,45830,45834,4,7
45823,45830,45835,5,7
45823,45831,45834,3,8
45823,45831,45835,4,8
45823,45830,45834,4,7
45823,45830,45835,5,7
45823,45831,45834,3,8
45823,45829,45834,5,6
45823,45829,45834,5,6
45823,45831,45835,4,8
45823,45830,45835,5,7
45823,45831,45835,4,8
45823,45831,45834,3,8
45823,45830,45834,4,7
45823,45831,45834,3,8
45823,45830,45835,5,7
45823,45830,45835,5,7
45823,45830,45835,5,7
45823,45831,45835,4,8
45823,45832,45834,2,9
45823,45833,45835,2,10
45823,45832,45834,2,9
45823,45832,45834,2,9
45823,45831,45835,4,8
45823,45831,45836,5,8
45823,45830,45835,5,7
45823,45831,45835,4,8
45823,45831,45836,5,8
45823,45831,45836,5,8
45823,45830,45835,5,7
45823,45830,45835,5,7
45823,45832,45835,3,9
45823,45831,45836,5,8
45823,45833,45835,2,10
45823,45831,45836,5,8
45823,45832,45837,5,9
45823,45832,45837,5,9
45823,45832,45836,4,9
45823,45832,45837,5,9
45823,45833,45838,5,10
45823,45833,45838,5,10
45823,45833,45837,4,10
45823,45830,45839,9,7
45847,45847,45849,2,0
45847,45847,45850,3,0
45847,45847,45850,3,0
45847,45847,45850,3,0
45847,45847,45850,3,0
45847,45847,45850,3,0
45847,45847,45850,3,0
45847,45847,45850,3,0
45847,45847,45850,3,0
45847,45847,45850,3,0
45847,45847,45850,3,0
45847,45847,45850,3,0
45847,45847,45850,3,0
45847,45847,45851,4,0
45847,45847,45851,4,0
45847,45847,45850,3,0
45847,45847,45851,4,0
45847,45847,45850,3,0
45847,45847,45851,4,0
45847,45847,45850,3,0
45847,45847,45850,3,0
45847,45847,45851,4,0
45847,45847,45851,4,0
45847,45847,45851,4,0
45847,45847,45851,4,0
45847,45847,45850,3,0
45847,45847,45851,4,0
45847,45847,45850,3,0
45847,45847,45851,4,0
45847,45847,45850,3,0
45847,45847,45851,4,0
45847,45847,45851,4,0
45847,45847,45850,3,0
45847,45847,45851,4,0
45847,45847,45850,3,0
45847,45847,45850,3,0
45847,45847,45850,3,0
45847,45847,45851,4,0
45847,45847,45851,4,0
45847,45847,45850,3,0
45847,45847,45852,5,0
45847,45847,45852,5,0
45847,45847,45852,5,0
45847,45847,45852,5,0
45847,45847,45852,5,0
45847,45847,45851,4,0
45847,45847,45851,4,0
45847,45847,45852,5,0
45847,45847,45852,5,0
45847,45847,45851,4,0
45847,45847,45852,5,0
45847,45847,45851,4,0
45847,45847,45852,5,0
45847,45847,45851,4,0
45847,45847,45851,4,0
45847,45847,45851,4,0
45847,45847,45851,4,0
45847,45847,45852,5,0
45847,45850,45852,2,3
45847,45847,45852,5,0
45847,45847,45852,5,0
45847,45847,45852,5,0
45847,45847,45852,5,0
45847,45847,45851,4,0
45847,45847,45852,5,0
45847,45847,45852,5,0
45847,45847,45852,5,0
45847,45847,45852,5,0
45847,45847,45852,5,0
45847,45847,45852,5,0
45847,45850,45852,2,3
45847,45847,45852,5,0
45847,45847,45852,5,0
45847,45847,45852,5,0
45847,45847,45852,5,0
45847,45847,45853,6,0
45847,45851,45853,2,4
45847,45847,45853,6,0
45847,45850,45853,3,3
45847,45851,45853,2,4
45847,45851,45853,2,4
45847,45847,45853,6,0
45847,45847,45852,5,0
45847,45850,45853,3,3
45847,45851,45853,2,4
45847,45850,45853,3,3
45847,45851,45853,2,4
45847,45850,45853,3,3
45847,45850,45853,3,3
45847,45851,45853,2,4
45847,45850,45852,2,3
45847,45851,45853,2,4
45847,45851,45853,2,4
45847,45851,45853,2,4
45847,45851,45853,2,4
45847,45851,45853,2,4
45847,45847,45853,6,0
45847,45852,45854,2,5
45847,45852,45854,2,5
45847,45847,45854,7,0
45847,45851,45853,2,4
45847,45850,45854,4,3
45847,45851,45854,3,4
45847,45851,45854,3,4
45847,45851,45855,4,4
45847,45850,45854,4,3
45847,45851,45854,3,4
45847,45850,45854,4,3
45847,45847,45854,7,0
45847,45851,45855,4,4
45847,45851,45855,4,4
45847,45852,45854,2,5
45847,45852,45854,2,5
45847,45851,45854,3,4
45847,45850,45855,5,3
45847,45852,45856,4,5
45847,45852,45855,3,5
45847,45854,45855,1,7
45847,45854,45855,1,7
45847,45852,45855,3,5
45847,45852,45855,3,5
45847,45852,45855,3,5
45847,45852,45855,3,5
45847,45851,45855,4,4
45847,45851,45856,5,4
45847,45851,45856,5,4
45847,45851,45856,5,4
45847,45852,45856,4,5
45847,45850,45856,6,3
45847,45851,45856,5,4
45847,45851,45856,5,4
45847,45852,45856,4,5
45847,45852,45856,4,5
45847,45852,45856,4,5
45847,45854,45856,2,7
45847,45852,45856,4,5
45847,45852,45856,4,5
45847,45852,45857,5,5
45847,45854,45856,2,7
45847,45853,45857,4,6
45847,45853,45857,4,6
45847,45853,45857,4,6
45847,45854,45857,3,7
45847,45851,45857,6,4
45847,45851,45857,6,4
45847,45852,45857,5,5
45847,45854,45857,3,7
45847,45852,45857,5,5
45847,45855,45857,2,8
45847,45852,45857,5,5
45847,45852,45857,5,5
45847,45854,45857,3,7
45847,45854,45857,3,7
45847,45852,45857,5,5
45847,45854,45857,3,7
45847,45854,45857,3,7
45847,45855,45857,2,8
45847,45852,45857,5,5
45847,45854,45857,3,7
45847,45854,45857,3,7
45847,45855,45857,2,8
45847,45855,45857,2,8
45847,45852,45858,6,5
45847,45852,45857,5,5
45847,45854,45857,3,7
45847,45854,45857,3,7
45847,45852,45858,6,5
45847,45854,45857,3,7
45847,45854,45857,3,7
45847,45855,45857,2,8
45847,45854,45857,3,7
45847,45855,45857,2,8
45847,45854,45858,4,7
45847,45854,45858,4,7
45847,45856,45858,2,9
45847,45853,45858,5,6
45847,45852,45858,6,5
45847,45852,45858,6,5
45847,45852,45858,6,5
45847,45852,45858,6,5
45847,45852,45858,6,5
45847,45855,45858,3,8
45847,45852,45858,6,5
45847,45854,45858,4,7
45847,45854,45858,4,7
45847,45852,45858,6,5
45847,45852,45858,6,5
45847,45854,45859,5,7
45847,45854,45859,5,7
45847,45855,45859,4,8
45868,45868,45870,2,0
45868,45868,45870,2,0
45868,45868,45871,3,0
45868,45868,45871,3,0
45868,45868,45871,3,0
45868,45868,45871,3,0
45868,45868,45871,3,0
45868,45868,45870,2,0
45868,45868,45871,3,0
45868,45868,45870,2,0
45868,45868,45871,3,0
45868,45868,45871,3,0
45868,45868,45872,4,0
45868,45868,45872,4,0
45868,45868,45871,3,0
45868,45868,45871,3,0
45868,45868,45871,3,0
45868,45868,45871,3,0
45868,45868,45871,3,0
45868,45868,45871,3,0
45868,45868,45872,4,0
45868,45868,45871,3,0
45868,45868,45871,3,0
45868,45868,45871,3,0
45868,45868,45871,3,0
45868,45868,45871,3,0
45868,45868,45872,4,0
45868,45868,45872,4,0
45868,45868,45871,3,0
45868,45868,45871,3,0
45868,45868,45871,3,0
45868,45868,45872,4,0
45868,45868,45871,3,0
45868,45868,45872,4,0
45868,45871,45872,1,3
45868,45871,45872,1,3
45868,45868,45872,4,0
45868,45868,45872,4,0
45868,45868,45872,4,0
45868,45871,45873,2,3
45868,45868,45872,4,0
45868,45868,45872,4,0
45868,45868,45872,4,0
45868,45871,45873,2,3
45868,45868,45873,5,0
45868,45868,45872,4,0
45868,45871,45873,2,3
45868,45868,45873,5,0
45868,45871,45873,2,3
45868,45871,45873,2,3
45868,45868,45872,4,0
45868,45871,45873,2,3
45868,45871,45873,2,3
45868,45868,45872,4,0
45868,45868,45873,5,0
45868,45871,45873,2,3
45868,45868,45872,4,0
45868,45868,45873,5,0
45868,45871,45873,2,3
45868,45868,45873,5,0
45868,45868,45872,4,0
45868,45868,45873,5,0
45868,45868,45872,4,0
45868,45868,45873,5,0
45868,45868,45873,5,0
45868,45868,45873,5,0
45868,45868,45873,5,0
45868,45868,45873,5,0
45868,45868,45873,5,0
45868,45868,45874,6,0
45868,45868,45874,6,0
45868,45868,45874,6,0
45868,45868,45874,6,0
45868,45868,45874,6,0
45868,45868,45873,5,0
45868,45868,45874,6,0
45868,45868,45874,6,0
45868,45868,45874,6,0
45868,45868,45874,6,0
45868,45868,45874,6,0
45868,45868,45874,6,0
45868,45872,45874,2,4
45868,45868,45874,6,0
45868,45868,45874,6,0
45868,45872,45874,2,4
45868,45868,45874,6,0
45868,45868,45875,7,0
45868,45873,45875,2,5
45868,45868,45874,6,0
45868,45868,45874,6,0
45868,45868,45874,6,0
45868,45868,45875,7,0
45868,45868,45874,6,0
45868,45872,45874,2,4
45868,45872,45875,3,4
45868,45872,45875,3,4
45868,45872,45874,2,4
45868,45872,45874,2,4
45868,45871,45875,4,3
45868,45872,45874,2,4
45868,45872,45875,3,4
45868,45873,45875,2,5
45868,45872,45874,2,4
45868,45872,45875,3,4
45868,45873,45875,2,5
45868,45868,45875,7,0
45868,45873,45875,2,5
45868,45873,45876,3,5
45868,45873,45876,3,5
45868,45872,45875,3,4
45868,45872,45875,3,4
45868,45873,45876,3,5
45868,45873,45876,3,5
45868,45872,45876,4,4
45868,45873,45876,3,5
45868,45873,45875,2,5
45868,45872,45876,4,4
45868,45872,45876,4,4
45868,45873,45875,2,5
45868,45873,45875,2,5
45868,45874,45876,2,6
45868,45873,45876,3,5
45868,45873,45876,3,5
45868,45872,45877,5,4
45868,45872,45877,5,4
45868,45874,45876,2,6
45868,45873,45876,3,5
45868,45873,45877,4,5
45868,45873,45877,4,5
45868,45873,45877,4,5
45868,45875,45877,2,7
45868,45872,45876,4,4
45868,45873,45877,4,5
45868,45873,45877,4,5
45868,45875,45877,2,7
45868,45873,45877,4,5
45868,45875,45877,2,7
45868,45873,45877,4,5
45868,45873,45877,4,5
45868,45873,45877,4,5
45868,45875,45877,2,7
45868,45872,45877,5,4
45868,45875,45877,2,7
45868,45875,45877,2,7
45868,45875,45877,2,7
45868,45873,45877,4,5
45868,45872,45877,5,4
45868,45873,45878,5,5
45868,45874,45878,4,6
45868,45874,45878,4,6
45868,45874,45878,4,6
45868,45874,45878,4,6
45868,45874,45878,4,6
45868,45874,45878,4,6
45868,45874,45878,4,6
45868,45873,45878,5,5
45868,45874,45878,4,6
45868,45875,45877,2,7
45868,45874,45878,4,6
45868,45875,45877,2,7
45868,45875,45878,3,7
45868,45873,45878,5,5
45868,45875,45878,3,7
45868,45875,45878,3,7
45868,45875,45878,3,7
45868,45874,45878,4,6
45868,45873,45878,5,5
45868,45874,45878,4,6
45868,45874,45878,4,6
45868,45874,45878,4,6
45868,45876,45879,3,8
45868,45876,45879,3,8
45868,45874,45879,5,6
45868,45874,45879,5,6
45868,45875,45879,4,7
45868,45875,45879,4,7
45868,45873,45878,5,5
45868,45875,45879,4,7
45868,45875,45879,4,7
45868,45874,45879,5,6
45868,45876,45879,3,8
45868,45874,45879,5,6
45868,45876,45879,3,8
45868,45874,45879,5,6
45868,45874,45879,5,6
45868,45874,45879,5,6
45868,45874,45879,5,6
45868,45876,45879,3,8
45868,45876,45880,4,8
45868,45875,45880,5,7
45868,45875,45880,5,7
45868,45876,45880,4,8
45868,45876,45880,4,8
45868,45876,45880,4,8
45868,45876,45880,4,8
45868,45876,45880,4,8
45868,45875,45880,5,7
45868,45876,45880,4,8
45868,45876,45881,5,8
45868,45876,45881,5,8
45889,45889,45892,3,0
45889,45889,45892,3,0
45889,45889,45892,3,0
45889,45889,45892,3,0
45889,45889,45892,3,0
45889,45889,45892,3,0
45889,45889,45892,3,0
45889,45889,45892,3,0
45889,45889,45892,3,0
45889,45889,45892,3,0
45889,45889,45892,3,0
45889,45889,45892,3,0
45889,45889,45892,3,0
45889,45889,45892,3,0
45889,45889,45892,3,0
45889,45889,45892,3,0
45889,45889,45892,3,0
45889,45889,45894,5,0
45889,45889,45893,4,0
45889,45890,45894,4,1
45889,45889,45893,4,0
45889,45889,45894,5,0
45889,45893,45894,1,4
45889,45889,45893,4,0
45889,45889,45893,4,0
45889,45889,45894,5,0
45889,45889,45894,5,0
45889,45890,45894,4,1
45889,45889,45894,5,0
45889,45889,45894,5,0
45889,45889,45894,5,0
45889,45890,45894,4,1
45889,45889,45894,5,0
45889,45890,45894,4,1
45889,45890,45894,4,1
45889,45890,45894,4,1
45889,45889,45894,5,0
45889,45889,45895,6,0
45889,45890,45894,4,1
45889,45893,45894,1,4
45889,45889,45895,6,0
45889,45890,45895,5,1
45889,45889,45894,5,0
45889,45889,45894,5,0
45889,45889,45894,5,0
45889,45889,45895,6,0
45889,45889,45895,6,0
45889,45890,45894,4,1
45889,45893,45894,1,4
45889,45889,45895,6,0
45889,45889,45895,6,0
45889,45889,45895,6,0
45889,45890,45895,5,1
45889,45889,45895,6,0
45889,45889,45896,7,0
45889,45893,45895,2,4
45889,45893,45896,3,4
45889,45889,45895,6,0
45889,45889,45895,6,0
45889,45889,45896,7,0
45889,45890,45895,5,1
45889,45893,45895,2,4
45889,45893,45896,3,4
45889,45889,45895,6,0
45889,45889,45895,6,0
45889,45889,45895,6,0
45889,45889,45895,6,0
45889,45890,45895,5,1
45889,45893,45895,2,4
45889,45889,45895,6,0
45889,45889,45895,6,0
45889,45893,45895,2,4
45889,45889,45896,7,0
45889,45890,45896,6,1
45889,45890,45895,5,1
45889,45893,45895,2,4
45889,45889,45895,6,0
45889,45890,45896,6,1
45889,45893,45895,2,4
45889,45889,45896,7,0
45889,45890,45895,5,1
45889,45893,45895,2,4
45889,45889,45896,7,0
45889,45889,45896,7,0
45889,45893,45895,2,4
45889,45889,45895,6,0
45889,45889,45896,7,0
45889,45889,45896,7,0
45889,45889,45896,7,0
45889,45890,45896,6,1
45889,45889,45897,8,0
45889,45894,45896,2,5
45889,45894,45896,2,5
45889,45894,45897,3,5
45889,45890,45896,6,1
45889,45894,45897,3,5
45889,45894,45896,2,5
45889,45894,45897,3,5
45889,45895,45897,2,6
45889,45895,45897,2,6
45889,45893,45897,4,4
45889,45895,45898,3,6
45889,45895,45898,3,6
45889,45896,45898,2,7
45889,45895,45898,3,6
45889,45895,45898,3,6
45889,45895,45898,3,6
45889,45895,45898,3,6
45889,45895,45898,3,6
45889,45896,45898,2,7
45889,45895,45898,3,6
45889,45896,45898,2,7
45889,45895,45898,3,6
45889,45897,45899,2,8
45889,45897,45899,2,8
45889,45897,45899,2,8
45889,45895,45899,4,6
45889,45897,45899,2,8
45889,45897,45899,2,8
45889,45897,45899,2,8
45889,45897,45899,2,8
45889,45897,45899,2,8
45889,45895,45899,4,6
45889,45898,45900,2,9
45889,45898,45900,2,9
45889,45895,45899,4,6
45889,45896,45899,3,7
45889,45896,45899,3,7
45889,45895,45899,4,6
45889,45895,45900,5,6
45889,45895,45900,5,6
45889,45895,45899,4,6
45889,45896,45900,4,7
45889,45898,45900,2,9
45889,45896,45899,3,7
45889,45896,45900,4,7
45889,45896,45900,4,7
45889,45898,45900,2,9
45889,45898,45900,2,9
45889,45896,45900,4,7
45889,45896,45899,3,7
45889,45896,45900,4,7
45889,45896,45899,3,7
45889,45898,45900,2,9
45889,45895,45899,4,6
45889,45898,45900,2,9
45889,45895,45900,5,6
45889,45895,45900,5,6
45889,45895,45899,4,6
45889,45895,45900,5,6
45889,45895,45900,5,6
45889,45895,45900,5,6
45889,45896,45899,3,7
45889,45895,45900,5,6
45889,45896,45900,4,7
45889,45890,45900,10,1
45889,45896,45900,4,7
45889,45896,45901,5,7
45889,45896,45900,4,7
45889,45895,45900,5,6
45889,45895,45900,5,6
45889,45896,45901,5,7
45889,45896,45901,5,7
45889,45896,45901,5,7
45889,45895,45900,5,6
45889,45896,45901,5,7
45889,45896,45901,5,7
45889,45896,45901,5,7
45889,45896,45901,5,7
45889,45896,45901,5,7
45889,45897,45902,5,8
45889,45899,45902,3,10
45889,45896,45901,5,7
45889,45899,45901,2,10
45889,45896,45901,5,7
45889,45897,45901,4,8
45889,45896,45902,6,7
45889,45896,45902,6,7
45889,45896,45902,6,7
45889,45896,45902,6,7
45889,45896,45901,5,7
45889,45896,45901,5,7
45889,45896,45901,5,7
45889,45896,45901,5,7
45889,45896,45901,5,7
45889,45896,45902,6,7
45889,45896,45901,5,7
45889,45898,45901,3,9
45889,45899,45902,3,10
45889,45899,45902,3,10
45889,45899,45903,4,10
45889,45898,45902,4,9
45911,45911,45914,3,0
45911,45911,45914,3,0
45911,45911,45914,3,0
45911,45911,45914,3,0
45911,45911,45914,3,0
45911,45911,45914,3,0
45911,45911,45914,3,0
45911,45911,45914,3,0
45911,45911,45914,3,0
45911,45911,45914,3,0
45911,45911,45914,3,0
45911,45911,45914,3,0
45911,45911,45915,4,0
45911,45911,45915,4,0
45911,45911,45915,4,0
45911,45911,45915,4,0
45911,45911,45915,4,0
45911,45911,45915,4,0
45911,45912,45915,3,1
45911,45912,45915,3,1
45911,45911,45916,5,0
45911,45911,45916,5,0
45911,45911,45916,5,0
45911,45914,45916,2,3
45911,45911,45915,4,0
45911,45911,45916,5,0
45911,45914,45916,2,3
45911,45911,45916,5,0
45911,45911,45916,5,0
45911,45911,45916,5,0
45911,45914,45916,2,3
45911,45911,45916,5,0
45911,45911,45916,5,0
45911,45911,45916,5,0
45911,45911,45916,5,0
45911,45911,45916,5,0
45911,45911,45916,5,0
45911,45914,45916,2,3
45911,45914,45916,2,3
45911,45911,45916,5,0
45911,45914,45916,2,3
45911,45914,45916,2,3
45911,45911,45916,5,0
45911,45911,45916,5,0
45911,45911,45917,6,0
45911,45911,45917,6,0
45911,45911,45917,6,0
45911,45911,45917,6,0
45911,45911,45917,6,0
45911,45911,45916,5,0
45911,45911,45917,6,0
45911,45911,45917,6,0
45911,45911,45916,5,0
45911,45911,45916,5,0
45911,45911,45916,5,0
45911,45911,45917,6,0
45911,45914,45917,3,3
45911,45911,45917,6,0
45911,45911,45917,6,0
45911,45911,45917,6,0
45911,45912,45917,5,1
45911,45911,45917,6,0
45911,45911,45917,6,0
45911,45911,45917,6,0
45911,45911,45917,6,0
45911,45914,45917,3,3
45911,45911,45917,6,0
45911,45911,45917,6,0
45911,45911,45917,6,0
45911,45912,45917,5,1
45911,45914,45917,3,3
45911,45911,45917,6,0
45911,45911,45917,6,0
45911,45911,45917,6,0
45911,45911,45917,6,0
45911,45911,45917,6,0
45911,45911,45917,6,0
45911,45911,45917,6,0
45911,45914,45917,3,3
45911,45915,45918,3,4
45911,45911,45918,7,0
45911,45911,45918,7,0
45911,45911,45918,7,0
45911,45911,45918,7,0
45911,45915,45918,3,4
45911,45911,45918,7,0
45911,45911,45918,7,0
45911,45916,45918,2,5
45911,45911,45918,7,0
45911,45911,45918,7,0
45911,45917,45919,2,6
45911,45911,45918,7,0
45911,45911,45918,7,0
45911,45917,45919,2,6
45911,45911,45918,7,0
45911,45917,45918,1,6
45911,45915,45918,3,4
45911,45917,45919,2,6
45911,45917,45918,1,6
45911,45911,45918,7,0
45911,45916,45918,2,5
45911,45915,45919,4,4
45911,45916,45919,3,5
45911,45914,45919,5,3
45911,45916,45919,3,5
45911,45916,45919,3,5
45911,45917,45919,2,6
45911,45915,45919,4,4
45911,45917,45919,2,6
45911,45917,45919,2,6
45911,45917,45919,2,6
45911,45917,45919,2,6
45911,45915,45919,4,4
45911,45915,45920,5,4
45911,45916,45920,4,5
45911,45916,45920,4,5
45911,45916,45920,4,5
45911,45918,45920,2,7
45911,45918,45921,3,7
45911,45918,45920,2,7
45911,45917,45921,4,6
45911,45918,45921,3,7
45911,45917,45921,4,6
45911,45917,45921,4,6
45911,45918,45921,3,7
45911,45918,45921,3,7
45911,45917,45921,4,6
45911,45918,45921,3,7
45911,45917,45921,4,6
45911,45918,45921,3,7
45911,45920,45922,2,9
45911,45917,45922,5,6
45911,45918,45921,3,7
45911,45918,45922,4,7
45911,45917,45922,5,6
45911,45918,45921,3,7
45911,45919,45922,3,8
45911,45918,45922,4,7
45911,45918,45922,4,7
45911,45918,45923,5,7
45911,45918,45923,5,7
45911,45917,45922,5,6
45911,45918,45923,5,7
45911,45918,45922,4,7
45911,45919,45923,4,8
45911,45918,45922,4,7
45911,45919,45922,3,8
45911,45919,45923,4,8
45911,45919,45922,3,8
45911,45918,45922,4,7
45911,45919,45923,4,8
45911,45919,45922,3,8
45911,45918,45922,4,7
45911,45918,45923,5,7
45911,45918,45922,4,7
45911,45920,45922,2,9
45911,45917,45922,5,6
45911,45918,45922,4,7
45911,45918,45922,4,7
45911,45919,45923,4,8
45911,45920,45922,2,9
45911,45919,45923,4,8
45911,45920,45922,2,9
45911,45920,45923,3,9
45911,45918,45922,4,7
45911,45920,45922,2,9
45911,45917,45922,5,6
45911,45918,45922,4,7
45911,45919,45923,4,8
45911,45920,45922,2,9
45911,45919,45923,4,8
45911,45921,45923,2,10
45911,45918,45923,5,7
45911,45919,45923,4,8
45911,45920,45923,3,9
45911,45919,45923,4,8
45911,45919,45924,5,8
45911,45919,45924,5,8
45911,45920,45923,3,9
45911,45920,45924,4,9
45911,45918,45923,5,7
45911,45918,45923,5,7
45911,45918,45923,5,7
45911,45918,45923,5,7
45911,45919,45923,4,8
45911,45919,45923,4,8
45911,45919,45924,5,8
45911,45919,45924,5,8
45911,45919,45923,4,8
45911,45919,45923,4,8
45911,45919,45924,5,8
45911,45918,45923,5,7
45911,45920,45924,4,9
45911,45920,45925,5,9
45933,45933,45934,1,0
45933,45933,45934,1,0
45933,45933,45934,1,0
45933,45933,45935,2,0
45933,45933,45935,2,0
45933,45933,45936,3,0
45933,45933,45936,3,0
45933,45933,45936,3,0
45933,45933,45936,3,0
45933,45933,45936,3,0
45933,45933,45937,4,0
45933,45933,45937,4,0
45933,45933,45937,4,0
45933,45933,45936,3,0
45933,45933,45937,4,0
45933,45935,45937,2,2
45933,45933,45936,3,0
45933,45935,45937,2,2
45933,45935,45937,2,2
45933,45933,45938,5,0
45933,45933,45937,4,0
45933,45933,45938,5,0
45933,45933,45937,4,0
45933,45933,45938,5,0
45933,45933,45937,4,0
45933,45933,45938,5,0
45933,45936,45937,1,3
45933,45933,45938,5,0
45933,45933,45937,4,0
45933,45933,45937,4,0
45933,45933,45938,5,0
45933,45933,45937,4,0
45933,45933,45938,5,0
45933,45936,45938,2,3
45933,45933,45937,4,0
45933,45933,45937,4,0
45933,45936,45938,2,3
45933,45933,45938,5,0
45933,45933,45937,4,0
45933,45933,45938,5,0
45933,45933,45937,4,0
45933,45933,45937,4,0
45933,45933,45938,5,0
45933,45933,45937,4,0
45933,45933,45938,5,0
45933,45933,45937,4,0
45933,45933,45938,5,0
45933,45936,45938,2,3
45933,45933,45938,5,0
45933,45933,45938,5,0
45933,45933,45939,6,0
45933,45937,45939,2,4
45933,45933,45938,5,0
45933,45933,45939,6,0
45933,45937,45938,1,4
45933,45933,45939,6,0
45933,45937,45939,2,4
45933,45937,45939,2,4
45933,45933,45938,5,0
45933,45933,45938,5,0
45933,45933,45938,5,0
45933,45933,45938,5,0
45933,45933,45938,5,0
45933,45933,45938,5,0
45933,45933,45938,5,0
45933,45933,45938,5,0
45933,45933,45939,6,0
45933,45933,45938,5,0
45933,45933,45939,6,0
45933,45935,45939,4,2
45933,45933,45938,5,0
45933,45933,45939,6,0
45933,45933,45939,6,0
45933,45933,45939,6,0
45933,45933,45939,6,0
45933,45933,45939,6,0
45933,45933,45938,5,0
45933,45933,45939,6,0
45933,45933,45938,5,0
45933,45933,45940,7,0
45933,45933,45940,7,0
45933,45933,45939,6,0
45933,45933,45940,7,0
45933,45935,45940,5,2
45933,45933,45939,6,0
45933,45933,45939,6,0
45933,45937,45940,3,4
45933,45938,45940,2,5
45933,45937,45939,2,4
45933,45938,45940,2,5
45933,45933,45940,7,0
45933,45933,45939,6,0
45933,45933,45939,6,0
45933,45933,45939,6,0
45933,45937,45940,3,4
45933,45937,45940,3,4
45933,45933,45939,6,0
45933,45937,45940,3,4
45933,45938,45940,2,5
45933,45937,45939,2,4
45933,45938,45940,2,5
45933,45933,45940,7,0
45933,45938,45941,3,5
45933,45938,45940,2,5
45933,45938,45940,2,5
45933,45938,45941,3,5
45933,45938,45940,2,5
45933,45938,45941,3,5
45933,45938,45941,3,5
45933,45938,45940,2,5
45933,45938,45941,3,5
45933,45938,45941,3,5
45933,45938,45941,3,5
45933,45938,45941,3,5
45933,45938,45941,3,5
45933,45938,45941,3,5
45933,45933,45941,8,0
45933,45938,45941,3,5
45933,45938,45942,4,5
45933,45938,45941,3,5
45933,45939,45942,3,6
45933,45938,45942,4,5
45933,45940,45942,2,7
45933,45938,45942,4,5
45933,45940,45942,2,7
45933,45938,45942,4,5
45933,45938,45943,5,5
45933,45938,45943,5,5
45933,45938,45943,5,5
45933,45939,45943,4,6
45933,45939,45943,4,6
45933,45939,45943,4,6
45933,45940,45943,3,7
45933,45939,45943,4,6
45933,45942,45943,1,9
45933,45939,45943,4,6
45933,45939,45943,4,6
45933,45939,45943,4,6
45933,45942,45943,1,9
45933,45942,45944,2,9
45933,45939,45944,5,6
45933,45938,45943,5,5
45933,45940,45943,3,7
45933,45939,45944,5,6
45933,45939,45944,5,6
45933,45939,45944,5,6
45933,45939,45944,5,6
45933,45939,45944,5,6
45933,45940,45944,4,7
45933,45939,45944,5,6
45933,45940,45944,4,7
45933,45940,45944,4,7
45933,45940,45944,4,7
45933,45939,45944,5,6
45933,45939,45944,5,6
45933,45940,45944,4,7
45933,45940,45944,4,7
45933,45940,45944,4,7
45933,45942,45944,2,9
45933,45939,45944,5,6
45933,45940,45944,4,7
45933,45940,45944,4,7
45933,45942,45944,2,9
45933,45940,45944,4,7
45933,45940,45944,4,7
45933,45942,45945,3,9
45933,45939,45944,5,6
45933,45939,45944,5,6
45933,45940,45944,4,7
45933,45942,45944,2,9
45933,45938,45944,6,5
45933,45939,45944,5,6
45933,45940,45944,4,7
45933,45942,45944,2,9
45933,45942,45944,2,9
45933,45942,45944,2,9
45933,45939,45944,5,6
45933,45940,45944,4,7
45933,45942,45944,2,9
45933,45942,45944,2,9
45933,45939,45945,6,6
45933,45939,45945,6,6
45933,45942,45945,3,9
45933,45939,45945,6,6
45933,45939,45945,6,6
45933,45939,45945,6,6
45933,45940,45945,5,7
45933,45940,45945,5,7
45933,45940,45945,5,7
45933,45942,45945,3,9
45933,45939,45945,6,6
45933,45939,45945,6,6
45933,45942,45945,3,9
45933,45939,45945,6,6
45933,45939,45945,6,6
45933,45942,45945,3,9
45933,45942,45945,3,9
45933,45940,45946,6,7
45933,45940,45946,6,7
45933,45942,45946,4,9
45954,45954,45957,3,0
45954,45954,45957,3,0
45954,45954,45957,3,0
45954,45954,45957,3,0
45954,45954,45957,3,0
45954,45954,45957,3,0
45954,45954,45957,3,0
45954,45955,45958,3,1
45954,45954,45958,4,0
45954,45954,45957,3,0
45954,45954,45957,3,0
45954,45954,45957,3,0
45954,45955,45958,3,1
45954,45954,45958,4,0
45954,45954,45957,3,0
45954,45954,45957,3,0
45954,45955,45959,4,1
45954,45954,45958,4,0
45954,45954,45959,5,0
45954,45954,45958,4,0
45954,45955,45959,4,1
45954,45954,45958,4,0
45954,45955,45958,3,1
45954,45954,45958,4,0
45954,45955,45959,4,1
45954,45955,45959,4,1
45954,45955,45959,4,1
45954,45954,45959,5,0
45954,45954,45959,5,0
45954,45955,45960,5,1
45954,45955,45959,4,1
45954,45955,45959,4,1
45954,45954,45959,5,0
45954,45954,45959,5,0
45954,45955,45959,4,1
45954,45955,45959,4,1
45954,45954,45959,5,0
45954,45955,45959,4,1
45954,45955,45959,4,1
45954,45955,45960,5,1
45954,45955,45959,4,1
45954,45955,45959,4,1
45954,45955,45959,4,1
45954,45955,45960,5,1
45954,45958,45959,1,4
45954,45955,45960,5,1
45954,45955,45960,5,1
45954,45955,45960,5,1
45954,45955,45960,5,1
45954,45959,45960,1,5
45954,45959,45960,1,5
45954,45955,45960,5,1
45954,45955,45960,5,1
45954,45959,45960,1,5
45954,45959,45960,1,5
45954,45955,45960,5,1
45954,45955,45960,5,1
45954,45959,45960,1,5
45954,45955,45959,4,1
45954,45955,45960,5,1
45954,45959,45960,1,5
45954,45955,45960,5,1
45954,45955,45961,6,1
45954,45955,45961,6,1
45954,45955,45960,5,1
45954,45955,45960,5,1
45954,45955,45961,6,1
45954,45958,45960,2,4
45954,45955,45960,5,1
45954,45955,45960,5,1
45954,45954,45961,7,0
45954,45955,45961,6,1
45954,45955,45960,5,1
45954,45954,45960,6,0
45954,45955,45960,5,1
45954,45954,45960,6,0
45954,45955,45960,5,1
45954,45955,45961,6,1
45954,45955,45960,5,1
45954,45954,45960,6,0
45954,45955,45961,6,1
45954,45958,45961,3,4
45954,45959,45960,1,5
45954,45955,45961,6,1
45954,45955,45960,5,1
45954,45958,45961,3,4
45954,45959,45961,2,5
45954,45955,45960,5,1
45954,45955,45961,6,1
45954,45958,45961,3,4
45954,45955,45961,6,1
45954,45955,45961,6,1
45954,45958,45962,4,4
45954,45958,45961,3,4
45954,45958,45961,3,4
45954,45958,45961,3,4
45954,45958,45962,4,4
45954,45958,45962,4,4
45954,45958,45962,4,4
45954,45958,45962,4,4
45954,45955,45961,6,1
45954,45958,45962,4,4
45954,45958,45961,3,4
45954,45960,45962,2,6
45954,45960,45963,3,6
45954,45960,45963,3,6
45954,45958,45963,5,4
45954,45960,45963,3,6
45954,45960,45962,2,6
45954,45960,45963,3,6
45954,45960,45964,4,6
45954,45960,45964,4,6
45954,45960,45963,3,6
45954,45960,45963,3,6
45954,45960,45963,3,6
45954,45960,45964,4,6
45954,45960,45964,4,6
45954,45960,45964,4,6
45954,45961,45964,3,7
45954,45961,45964,3,7
45954,45960,45964,4,6
45954,45960,45964,4,6
45954,45961,45964,3,7
45954,45960,45964,4,6
45954,45960,45963,3,6
45954,45960,45964,4,6
45954,45961,45965,4,7
45954,45962,45964,2,8
45954,45960,45964,4,6
45954,45961,45965,4,7
45954,45961,45965,4,7
45954,45960,45964,4,6
45954,45961,45965,4,7
45954,45961,45965,4,7
45954,45963,45965,2,9
45954,45963,45965,2,9
45954,45960,45965,5,6
45954,45961,45965,4,7
45954,45960,45965,5,6
45954,45960,45965,5,6
45954,45960,45965,5,6
45954,45960,45965,5,6
45954,45960,45965,5,6
45954,45960,45965,5,6
45954,45961,45965,4,7
45954,45961,45964,3,7
45954,45961,45964,3,7
45954,45963,45965,2,9
45954,45963,45965,2,9
45954,45963,45965,2,9
45954,45963,45965,2,9
45954,45960,45964,4,6
45954,45961,45965,4,7
45954,45960,45964,4,6
45954,45960,45965,5,6
45954,45960,45964,4,6
45954,45961,45965,4,7
45954,45961,45965,4,7
45954,45960,45965,5,6
45954,45960,45964,4,6
45954,45961,45965,4,7
45954,45961,45964,3,7
45954,45962,45965,3,8
45954,45961,45966,5,7
45954,45961,45966,5,7
45954,45961,45966,5,7
45954,45962,45966,4,8
45954,45963,45966,3,9
45954,45961,45966,5,7
45954,45960,45966,6,6
45954,45961,45966,5,7
45954,45960,45965,5,6
45954,45961,45965,4,7
45954,45962,45966,4,8
45954,45962,45966,4,8
45954,45961,45966,5,7
45954,45960,45965,5,6
45954,45961,45966,5,7
45954,45961,45966,5,7
45954,45961,45966,5,7
45954,45961,45966,5,7
45954,45962,45967,5,8
45954,45964,45967,3,10
45954,45962,45967,5,8
45954,45962,45967,5,8
45954,45964,45967,3,10
45954,45964,45966,2,10
45954,45964,45966,2,10
45954,45962,45967,5,8
45954,45964,45966,2,10
45954,45961,45967,6,7
45954,45962,45966,4,8
45954,45962,45967,5,8
45954,45961,45966,5,7
45954,45962,45967,5,8
45954,45964,45968,4,10
45954,45964,45969,5,10
45977,45977,45980,3,0
45977,45977,45980,3,0
45977,45977,45980,3,0
45977,45977,45980,3,0
45977,45977,45980,3,0
45977,45977,45980,3,0
45977,45977,45980,3,0
45977,45977,45980,3,0
45977,45977,45980,3,0
45977,45977,45980,3,0
45977,45977,45980,3,0
45977,45977,45980,3,0
45977,45977,45980,3,0
45977,45977,45980,3,0
45977,45977,45980,3,0
45977,45977,45980,3,0
45977,45977,45981,4,0
45977,45977,45981,4,0
45977,45977,45981,4,0
45977,45978,45981,3,1
45977,45977,45981,4,0
45977,45977,45981,4,0
45977,45977,45981,4,0
45977,45977,45981,4,0
45977,45977,45981,4,0
45977,45977,45981,4,0
45977,45977,45981,4,0
45977,45977,45982,5,0
45977,45977,45981,4,0
45977,45977,45982,5,0
45977,45977,45981,4,0
45977,45977,45981,4,0
45977,45977,45981,4,0
45977,45978,45981,3,1
45977,45977,45982,5,0
45977,45977,45982,5,0
45977,45977,45982,5,0
45977,45978,45982,4,1
45977,45977,45982,5,0
45977,45978,45982,4,1
45977,45977,45982,5,0
45977,45977,45982,5,0
45977,45978,45982,4,1
45977,45978,45982,4,1
45977,45977,45982,5,0
45977,45978,45982,4,1
45977,45977,45982,5,0
45977,45977,45982,5,0
45977,45977,45982,5,0
45977,45978,45982,4,1
45977,45977,45982,5,0
45977,45977,45983,6,0
45977,45977,45982,5,0
45977,45977,45982,5,0
45977,45977,45982,5,0
45977,45977,45982,5,0
45977,45977,45983,6,0
45977,45977,45982,5,0
45977,45977,45983,6,0
45977,45977,45983,6,0
45977,45978,45983,5,1
45977,45978,45983,5,1
45977,45977,45983,6,0
45977,45978,45983,5,1
45977,45977,45983,6,0
45977,45977,45984,7,0
45977,45978,45983,5,1
45977,45977,45983,6,0
45977,45978,45983,5,1
45977,45981,45983,2,4
45977,45978,45984,6,1
45977,45977,45983,6,0
45977,45978,45983,5,1
45977,45977,45983,6,0
45977,45981,45984,3,4
45977,45978,45983,5,1
45977,45981,45983,2,4
45977,45982,45984,2,5
45977,45977,45984,7,0
45977,45981,45984,3,4
45977,45981,45984,3,4
45977,45977,45984,7,0
45977,45980,45984,4,3
45977,45981,45984,3,4
45977,45977,45984,7,0
45977,45981,45984,3,4
45977,45982,45984,2,5
45977,45977,45984,7,0
45977,45982,45984,2,5
45977,45983,45985,2,6
45977,45980,45984,4,3
45977,45981,45984,3,4
45977,45982,45984,2,5
45977,45982,45984,2,5
45977,45982,45984,2,5
45977,45981,45985,4,4
45977,45981,45984,3,4
45977,45982,45984,2,5
45977,45977,45984,7,0
45977,45980,45984,4,3
45977,45982,45984,2,5
45977,45981,45984,3,4
45977,45982,45985,3,5
45977,45982,45984,2,5
45977,45982,45985,3,5
45977,45977,45984,7,0
45977,45981,45984,3,4
45977,45982,45984,2,5
45977,45982,45984,2,5
45977,45983,45985,2,6
45977,45983,45985,2,6
45977,45983,45985,2,6
45977,45981,45985,4,4
45977,45981,45985,4,4
45977,45982,45985,3,5
45977,45982,45986,4,5
45977,45983,45986,3,6
45977,45982,45985,3,5
45977,45984,45986,2,7
45977,45982,45985,3,5
45977,45981,45986,5,4
45977,45983,45986,3,6
45977,45983,45986,3,6
45977,45984,45986,2,7
45977,45983,45987,4,6
45977,45983,45987,4,6
45977,45983,45986,3,6
45977,45983,45986,3,6
45977,45983,45986,3,6
45977,45984,45987,3,7
45977,45986,45987,1,9
45977,45983,45986,3,6
45977,45985,45987,2,8
45977,45986,45987,1,9
45977,45984,45987,3,7
45977,45984,45987,3,7
45977,45984,45987,3,7
45977,45985,45988,3,8
45977,45983,45987,4,6
45977,45985,45988,3,8
45977,45983,45988,5,6
45977,45984,45987,3,7
45977,45983,45988,5,6
45977,45984,45987,3,7
45977,45984,45988,4,7
45977,45983,45988,5,6
45977,45984,45988,4,7
45977,45984,45988,4,7
45977,45986,45988,2,9
45977,45983,45987,4,6
45977,45983,45987,4,6
45977,45984,45987,3,7
45977,45985,45988,3,8
45977,45984,45988,4,7
45977,45985,45987,2,8
45977,45983,45988,5,6
45977,45983,45988,5,6
45977,45984,45988,4,7
45977,45985,45988,3,8
45977,45985,45987,2,8
45977,45985,45988,3,8
45977,45986,45987,1,9
45977,45984,45988,4,7
45977,45984,45988,4,7
45977,45985,45988,3,8
45977,45985,45988,3,8
45977,45984,45989,5,7
45977,45985,45989,4,8
45977,45985,45989,4,8
45977,45985,45988,3,8
45977,45984,45988,4,7
45977,45984,45988,4,7
45977,45985,45988,3,8
45977,45985,45988,3,8
45977,45983,45988,5,6
45977,45983,45988,5,6
45977,45985,45988,3,8
45977,45985,45989,4,8
45977,45985,45989,4,8
45977,45985,45989,4,8
45977,45985,45989,4,8
45977,45985,45989,4,8
45977,45985,45989,4,8
45977,45984,45989,5,7
45977,45985,45989,4,8
45977,45986,45988,2,9
45977,45985,45989,4,8
45977,45985,45989,4,8
45977,45985,45989,4,8
45977,45985,45990,5,8
45977,45985,45990,5,8
45977,45985,45990,5,8
45977,45986,45990,4,9
45977,45985,45990,5,8
45977,45986,45990,4,9
45977,45986,45991,5,9
45977,45986,45990,4,9
45977,45986,45991,5,9
45977,45985,45990,5,8
45977,45986,45990,4,9
45999,45999,46000,1,0
45999,45999,46001,2,0
45999,45999,46001,2,0
45999,45999,46001,2,0
45999,45999,46001,2,0
45999,45999,46000,1,0
45999,45999,46001,2,0
45999,45999,46001,2,0
45999,45999,46002,3,0
45999,45999,46002,3,0
45999,45999,46002,3,0
45999,45999,46002,3,0
45999,45999,46002,3,0
45999,45999,46002,3,0
45999,45999,46002,3,0
45999,45999,46002,3,0
45999,45999,46002,3,0
45999,45999,46002,3,0
45999,45999,46003,4,0
45999,45999,46003,4,0
45999,45999,46003,4,0
45999,45999,46003,4,0
45999,45999,46003,4,0
45999,45999,46003,4,0
45999,45999,46003,4,0
45999,45999,46003,4,0
45999,45999,46003,4,0
45999,45999,46003,4,0
45999,45999,46003,4,0
45999,45999,46003,4,0
45999,45999,46004,5,0
45999,45999,46003,4,0
45999,45999,46004,5,0
45999,45999,46003,4,0
45999,45999,46004,5,0
45999,45999,46004,5,0
45999,45999,46003,4,0
45999,45999,46003,4,0
45999,46001,46004,3,2
45999,45999,46003,4,0
45999,45999,46004,5,0
45999,45999,46004,5,0
45999,45999,46004,5,0
45999,46001,46004,3,2
45999,45999,46004,5,0
45999,45999,46004,5,0
45999,45999,46004,5,0
45999,45999,46004,5,0
45999,46001,46004,3,2
45999,45999,46004,5,0
45999,45999,46004,5,0
45999,45999,46004,5,0
45999,45999,46004,5,0
45999,45999,46004,5,0
45999,45999,46004,5,0
45999,45999,46005,6,0
45999,45999,46005,6,0
45999,45999,46005,6,0
45999,45999,46005,6,0
45999,45999,46005,6,0
45999,45999,46005,6,0
45999,45999,46005,6,0
45999,46002,46005,3,3
45999,45999,46005,6,0
45999,46001,46005,4,2
45999,46002,46005,3,3
45999,45999,46005,6,0
45999,45999,46005,6,0
45999,45999,46005,6,0
45999,45999,46005,6,0
45999,46003,46005,2,4
45999,45999,46005,6,0
45999,45999,46005,6,0
45999,45999,46005,6,0
45999,45999,46005,6,0
45999,46001,46005,4,2
45999,45999,46005,6,0
45999,46001,46005,4,2
45999,45999,46005,6,0
45999,45999,46005,6,0
45999,46001,46005,4,2
45999,45999,46005,6,0
45999,46002,46005,3,3
45999,45999,46005,6,0
45999,45999,46005,6,0
45999,45999,46005,6,0
45999,45999,46006,7,0
45999,45999,46006,7,0
45999,46001,46006,5,2
45999,46002,46006,4,3
45999,46002,46006,4,3
45999,46003,46006,3,4
45999,46003,46006,3,4
45999,45999,46006,7,0
45999,46003,46006,3,4
45999,46003,46006,3,4
45999,46003,46006,3,4
45999,45999,46006,7,0
45999,46002,46006,4,3
45999,46003,46006,3,4
45999,46003,46006,3,4
45999,46004,46006,2,5
45999,45999,46006,7,0
45999,46003,46006,3,4
45999,46003,46006,3,4
45999,46002,46006,4,3
45999,46002,46007,5,3
45999,46003,46006,3,4
45999,46005,46007,2,6
45999,46004,46007,3,5
45999,46004,46007,3,5
45999,46002,46007,5,3
45999,46005,46007,2,6
45999,46005,46007,2,6
45999,46002,46007,5,3
45999,46005,46007,2,6
45999,46005,46007,2,6
45999,46006,46008,2,7
45999,46005,46007,2,6
45999,46004,46008,4,5
45999,46005,46008,3,6
45999,46005,46008,3,6
45999,46005,46008,3,6
45999,46004,46008,4,5
45999,46004,46008,4,5
45999,46004,46008,4,5
45999,46004,46008,4,5
45999,46005,46008,3,6
45999,46006,46008,2,7
45999,46005,46008,3,6
45999,46006,46008,2,7
45999,46007,46009,2,8
45999,46005,46008,3,6
45999,46005,46008,3,6
45999,46005,46008,3,6
45999,46005,46008,3,6
45999,46005,46008,3,6
45999,46006,46008,2,7
45999,46007,46009,2,8
45999,46005,46009,4,6
45999,46004,46009,5,5
45999,46005,46009,4,6
45999,46005,46009,4,6
45999,46004,46009,5,5
45999,46006,46009,3,7
45999,46006,46010,4,7
45999,46007,46009,2,8
45999,46006,46010,4,7
45999,46006,46009,3,7
45999,46006,46009,3,7
45999,46007,46010,3,8
45999,46005,46009,4,6
45999,46007,46010,3,8
45999,46007,46009,2,8
45999,46007,46009,2,8
45999,46007,46009,2,8
45999,46007,46009,2,8
45999,46005,46009,4,6
45999,46006,46010,4,7
45999,46005,46009,4,6
45999,46005,46009,4,6
45999,46006,46009,3,7
45999,46007,46009,2,8
45999,46007,46009,2,8
45999,46007,46009,2,8
45999,46007,46009,2,8
45999,46005,46009,4,6
45999,46008,46010,2,9
45999,46009,46011,2,10
45999,46006,46010,4,7
45999,46006,46010,4,7
45999,46006,46011,5,7
45999,46006,46011,5,7
45999,46006,46010,4,7
45999,46006,46010,4,7
45999,46006,46010,4,7
45999,46008,46011,3,9
45999,46008,46010,2,9
45999,46006,46010,4,7
45999,46007,46010,3,8
45999,46007,46010,3,8
45999,46006,46010,4,7
45999,46007,46010,3,8
45999,46008,46011,3,9
45999,46007,46010,3,8
45999,46006,46010,4,7
45999,46008,46010,2,9
45999,46008,46011,3,9
45999,46008,46011,3,9
45999,46007,46011,4,8
45999,46007,46012,5,8
45999,46006,46011,5,7
45999,46006,46011,5,7
45999,46008,46011,3,9
45999,46008,46011,3,9
45999,46007,46012,5,8
45999,46007,46011,4,8
45999,46008,46012,4,9
45999,46008,46012,4,9
45999,46007,46017,10,8
46025,46025,46028,3,0
46025,46025,46028,3,0
46025,46025,46028,3,0
46025,46025,46028,3,0
46025,46025,46028,3,0
46025,46025,46028,3,0
46025,46025,46028,3,0
46025,46025,46028,3,0
46025,46025,46028,3,0
46025,46025,46028,3,0
46025,46025,46029,4,0
46025,46025,46029,4,0
46025,46025,46029,4,0
46025,46025,46028,3,0
46025,46025,46028,3,0
46025,46025,46029,4,0
46025,46025,46028,3,0
46025,46025,46029,4,0
46025,46025,46029,4,0
46025,46025,46029,4,0
46025,46025,46029,4,0
46025,46025,46029,4,0
46025,46025,46029,4,0
46025,46025,46029,4,0
46025,46025,46029,4,0
46025,46025,46030,5,0
46025,46025,46030,5,0
46025,46025,46030,5,0
46025,46025,46029,4,0
46025,46025,46029,4,0
46025,46025,46029,4,0
46025,46028,46030,2,3
46025,46028,46030,2,3
46025,46025,46030,5,0
46025,46025,46030,5,0
46025,46025,46030,5,0
46025,46028,46030,2,3
46025,46025,46030,5,0
46025,46025,46029,4,0
46025,46025,46030,5,0
46025,46025,46029,4,0
46025,46025,46030,5,0
46025,46025,46029,4,0
46025,46025,46030,5,0
46025,46025,46030,5,0
46025,46025,46030,5,0
46025,46025,46029,4,0
46025,46025,46030,5,0
46025,46025,46030,5,0
46025,46025,46030,5,0
46025,46025,46029,4,0
46025,46025,46030,5,0
46025,46029,46030,1,4
46025,46025,46030,5,0
46025,46029,46030,1,4
46025,46029,46030,1,4
46025,46025,46030,5,0
46025,46029,46030,1,4
46025,46029,46030,1,4
46025,46025,46031,6,0
46025,46025,46030,5,0
46025,46030,46031,1,5
46025,46030,46031,1,5
46025,46030,46031,1,5
46025,46030,46031,1,5
46025,46025,46030,5,0
46025,46030,46031,1,5
46025,46025,46031,6,0
46025,46025,46031,6,0
46025,46025,46030,5,0
46025,46025,46030,5,0
46025,46025,46030,5,0
46025,46025,46030,5,0
46025,46028,46031,3,3
46025,46025,46031,6,0
46025,46025,46030,5,0
46025,46025,46030,5,0
46025,46025,46031,6,0
46025,46025,46030,5,0
46025,46025,46030,5,0
46025,46025,46030,5,0
46025,46025,46031,6,0
46025,46025,46030,5,0
46025,46025,46031,6,0
46025,46025,46032,7,0
46025,46025,46032,7,0
46025,46030,46031,1,5
46025,46025,46031,6,0
46025,46028,46032,4,3
46025,46025,46032,7,0
46025,46029,46032,3,4
46025,46025,46031,6,0
46025,46029,46032,3,4
46025,46025,46031,6,0
46025,46029,46032,3,4
46025,46025,46032,7,0
46025,46025,46031,6,0
46025,46029,46032,3,4
46025,46025,46032,7,0
46025,46028,46032,4,3
46025,46029,46031,2,4
46025,46030,46033,3,5
46025,46031,46033,2,6
46025,46031,46033,2,6
46025,46031,46033,2,6
46025,46029,46033,4,4
46025,46029,46033,4,4
46025,46029,46033,4,4
46025,46029,46032,3,4
46025,46029,46033,4,4
46025,46028,46033,5,3
46025,46028,46033,5,3
46025,46030,46034,4,5
46025,46030,46034,4,5
46025,46030,46034,4,5
46025,46031,46034,3,6
46025,46030,46034,4,5
46025,46031,46034,3,6
46025,46029,46034,5,4
46025,46030,46034,4,5
46025,46030,46034,4,5
46025,46031,46034,3,6
46025,46031,46034,3,6
46025,46031,46034,3,6
46025,46031,46034,3,6
46025,46030,46034,4,5
46025,46031,46034,3,6
46025,46029,46034,5,4
46025,46030,46034,4,5
46025,46031,46034,3,6
46025,46030,46034,4,5
46025,46030,46034,4,5
46025,46030,46034,4,5
46025,46030,46034,4,5
46025,46030,46034,4,5
46025,46031,46034,3,6
46025,46031,46034,3,6
46025,46030,46034,4,5
46025,46030,46035,5,5
46025,46025,46034,9,0
46025,46030,46034,4,5
46025,46030,46034,4,5
46025,46031,46034,3,6
46025,46032,46034,2,7
46025,46030,46035,5,5
46025,46032,46035,3,7
46025,46032,46036,4,7
46025,46030,46035,5,5
46025,46030,46035,5,5
46025,46030,46035,5,5
46025,46032,46035,3,7
46025,46032,46035,3,7
46025,46030,46036,6,5
46025,46033,46035,2,8
46025,46031,46035,4,6
46025,46030,46035,5,5
46025,46030,46035,5,5
46025,46031,46035,4,6
46025,46031,46035,4,6
46025,46032,46036,4,7
46025,46033,46036,3,8
46025,46033,46036,3,8
46025,46030,46036,6,5
46025,46031,46037,6,6
46025,46032,46036,4,7
46025,46032,46036,4,7
46025,46031,46037,6,6
46025,46031,46036,5,6
46025,46032,46037,5,7
46025,46030,46036,6,5
46025,46031,46036,5,6
46025,46032,46036,4,7
46025,46031,46036,5,6
46025,46030,46036,6,5
46025,46031,46036,5,6
46025,46031,46037,6,6
46025,46032,46037,5,7
46025,46034,46037,3,9
46025,46034,46037,3,9
46025,46032,46037,5,7
46025,46032,46037,5,7
46025,46032,46037,5,7
46025,46033,46037,4,8
46025,46035,46037,2,10
46025,46032,46037,5,7
46025,46033,46037,4,8
46025,46033,46037,4,8
46025,46032,46037,5,7
46025,46032,46037,5,7
46025,46032,46037,5,7
46025,46034,46037,3,9
46025,46034,46038,4,9
46025,46034,46038,4,9
46025,46033,46038,5,8
46025,46033,46038,5,8
46025,46034,46038,4,9
46025,46035,46039,4,10
46025,46033,46039,6,8
46025,46035,46038,3,10
46025,46034,46039,5,9
46047,46048,46051,3,1
46047,46048,46051,3,1
46047,46048,46051,3,1
46047,46048,46050,2,1
46047,46048,46050,2,1
46047,46048,46050,2,1
46047,46048,46050,2,1
46047,46048,46050,2,1
46047,46048,46050,2,1
46047,46048,46050,2,1
46047,46048,46050,2,1
46047,46048,46050,2,1
46047,46048,46051,3,1
46047,46048,46052,4,1
46047,46048,46051,3,1
46047,46048,46051,3,1
46047,46048,46051,3,1
46047,46048,46051,3,1
46047,46048,46051,3,1
46047,46048,46051,3,1
46047,46048,46051,3,1
46047,46048,46052,4,1
46047,46048,46051,3,1
46047,46048,46052,4,1
46047,46048,46051,3,1
46047,46048,46051,3,1
46047,46048,46052,4,1
46047,46048,46051,3,1
46047,46048,46051,3,1
46047,46048,46051,3,1
46047,46048,46052,4,1
46047,46048,46051,3,1
46047,46048,46052,4,1
46047,46048,46052,4,1
46047,46048,46051,3,1
46047,46048,46051,3,1
46047,46048,46052,4,1
46047,46048,46052,4,1
46047,46048,46052,4,1
46047,46051,46053,2,4
46047,46048,46053,5,1
46047,46048,46052,4,1
46047,46048,46052,4,1
46047,46051,46053,2,4
46047,46048,46053,5,1
46047,46048,46053,5,1
46047,46048,46053,5,1
46047,46048,46052,4,1
46047,46051,46053,2,4
46047,46051,46053,2,4
46047,46048,46053,5,1
46047,46048,46053,5,1
46047,46048,46053,5,1
46047,46048,46053,5,1
46047,46051,46053,2,4
46047,46048,46053,5,1
46047,46048,46053,5,1
46047,46048,46052,4,1
46047,46048,46053,5,1
46047,46051,46053,2,4
46047,46048,46053,5,1
46047,46048,46052,4,1
46047,46048,46052,4,1
46047,46048,46052,4,1
46047,46048,46052,4,1
46047,46048,46052,4,1
46047,46048,46053,5,1
46047,46051,46053,2,4
46047,46048,46052,4,1
46047,46048,46052,4,1
46047,46051,46053,2,4
46047,46051,46053,2,4
46047,46048,46052,4,1
46047,46048,46053,5,1
46047,46051,46053,2,4
46047,46048,46052,4,1
46047,46048,46053,5,1
46047,46048,46053,5,1
46047,46048,46054,6,1
46047,46048,46054,6,1
46047,46048,46054,6,1
46047,46048,46053,5,1
46047,46051,46054,3,4
46047,46051,46053,2,4
46047,46048,46054,6,1
46047,46052,46054,2,5
46047,46048,46054,6,1
46047,46048,46054,6,1
46047,46048,46053,5,1
46047,46048,46053,5,1
46047,46048,46053,5,1
46047,46048,46054,6,1
46047,46052,46055,3,5
46047,46051,46055,4,4
46047,46052,46055,3,5
46047,46052,46055,3,5
46047,46052,46054,2,5
46047,46052,46055,3,5
46047,46052,46055,3,5
46047,46048,46054,6,1
46047,46052,46055,3,5
46047,46053,46055,2,6
46047,46052,46055,3,5
46047,46052,46055,3,5
46047,46052,46054,2,5
46047,46052,46055,3,5
46047,46052,46055,3,5
46047,46053,46056,3,6
46047,46052,46056,4,5
46047,46053,46056,3,6
46047,46052,46055,3,5
46047,46052,46055,3,5
46047,46053,46056,3,6
46047,46052,46055,3,5
46047,46053,46055,2,6
46047,46052,46057,5,5
46047,46053,46056,3,6
46047,46052,46057,5,5
46047,46052,46057,5,5
46047,46052,46057,5,5
46047,46053,46057,4,6
46047,46053,46057,4,6
46047,46052,46056,4,5
46047,46054,46057,3,7
46047,46052,46057,5,5
46047,46054,46057,3,7
46047,46055,46057,2,8
46047,46053,46057,4,6
46047,46053,46057,4,6
46047,46053,46057,4,6
46047,46054,46057,3,7
46047,46054,46057,3,7
46047,46052,46057,5,5
46047,46052,46058,6,5
46047,46053,46057,4,6
46047,46054,46058,4,7
46047,46054,46057,3,7
46047,46053,46058,5,6
46047,46053,46058,5,6
46047,46053,46058,5,6
46047,46055,46058,3,8
46047,46055,46058,3,8
46047,46053,46058,5,6
46047,46053,46057,4,6
46047,46055,46058,3,8
46047,46053,46058,5,6
46047,46053,46058,5,6
46047,46054,46057,3,7
46047,46053,46058,5,6
46047,46054,46058,4,7
46047,46055,46058,3,8
46047,46055,46058,3,8
46047,46055,46058,3,8
46047,46053,46058,5,6
46047,46053,46058,5,6
46047,46053,46058,5,6
46047,46053,46057,4,6
46047,46054,46058,4,7
46047,46053,46058,5,6
46047,46053,46058,5,6
46047,46053,46058,5,6
46047,46053,46058,5,6
46047,46053,46058,5,6
46047,46053,46059,6,6
46047,46054,46058,4,7
46047,46053,46059,6,6
46047,46053,46058,5,6
46047,46053,46059,6,6
46047,46056,46059,3,9
46047,46053,46059,6,6
46047,46054,46059,5,7
46047,46053,46059,6,6
46047,46053,46059,6,6
46047,46053,46059,6,6
46047,46056,46059,3,9
46047,46054,46059,5,7
46047,46056,46059,3,9
46047,46057,46059,2,10
46047,46053,46059,6,6
46047,46055,46059,4,8
46047,46053,46059,6,6
46047,46055,46059,4,8
46047,46056,46060,4,9
46047,46054,46059,5,7
46047,46054,46059,5,7
46047,46055,46060,5,8
46047,46055,46060,5,8
46047,46055,46060,5,8
46047,46056,46060,4,9
46047,46057,46060,3,10
46047,46055,46060,5,8
46047,46055,46060,5,8
46047,46056,46060,4,9
46047,46056,46060,4,9
46047,46056,46060,4,9
46047,46056,46061,5,9
46047,46057,46060,3,10
46047,46057,46061,4,10
46047,46055,46061,6,8
46047,46057,46061,4,10
46070,46070,46071,1,0
46070,46070,46071,1,0
46070,46070,46072,2,0
46070,46070,46072,2,0
46070,46070,46072,2,0
46070,46070,46072,2,0
46070,46070,46072,2,0
46070,46070,46072,2,0
46070,46070,46072,2,0
46070,46070,46073,3,0
46070,46070,46073,3,0
46070,46070,46073,3,0
46070,46070,46073,3,0
46070,46070,46073,3,0
46070,46070,46073,3,0
46070,46070,46073,3,0
46070,46070,46073,3,0
46070,46070,46073,3,0
46070,46070,46074,4,0
46070,46070,46074,4,0
46070,46070,46074,4,0
46070,46070,46074,4,0
46070,46070,46074,4,0
46070,46070,46074,4,0
46070,46070,46074,4,0
46070,46070,46074,4,0
46070,46070,46074,4,0
46070,46070,46074,4,0
46070,46070,46074,4,0
46070,46070,46075,5,0
46070,46070,46075,5,0
46070,46070,46075,5,0
46070,46071,46075,4,1
46070,46070,46075,5,0
46070,46070,46075,5,0
46070,46070,46076,6,0
46070,46073,46075,2,3
46070,46072,46075,3,2
46070,46074,46075,1,4
46070,46074,46075,1,4
46070,46070,46075,5,0
46070,46071,46075,4,1
46070,46070,46075,5,0
46070,46071,46075,4,1
46070,46071,46075,4,1
46070,46070,46075,5,0
46070,46070,46075,5,0
46070,46070,46075,5,0
46070,46070,46076,6,0
46070,46074,46075,1,4
46070,46070,46076,6,0
46070,46070,46075,5,0
46070,46070,46076,6,0
46070,46071,46076,5,1
46070,46070,46076,6,0
46070,46070,46076,6,0
46070,46070,46076,6,0
46070,46070,46076,6,0
46070,46075,46076,1,5
46070,46070,46076,6,0
46070,46070,46076,6,0
46070,46070,46076,6,0
46070,46075,46077,2,5
46070,46070,46076,6,0
46070,46070,46076,6,0
46070,46070,46077,7,0
46070,46070,46076,6,0
46070,46071,46076,5,1
46070,46070,46076,6,0
46070,46073,46076,3,3
46070,46075,46076,1,5
46070,46070,46076,6,0
46070,46070,46076,6,0
46070,46075,46077,2,5
46070,46070,46076,6,0
46070,46070,46076,6,0
46070,46073,46076,3,3
46070,46070,46076,6,0
46070,46070,46076,6,0
46070,46070,46077,7,0
46070,46070,46076,6,0
46070,46071,46076,5,1
46070,46070,46076,6,0
46070,46072,46076,4,2
46070,46070,46077,7,0
46070,46071,46077,6,1
46070,46072,46077,5,2
46070,46074,46078,4,4
46070,46070,46077,7,0
46070,46071,46077,6,1
46070,46075,46077,2,5
46070,46076,46078,2,6
46070,46070,46077,7,0
46070,46073,46077,4,3
46070,46071,46078,7,1
46070,46073,46077,4,3
46070,46076,46078,2,6
46070,46073,46077,4,3
46070,46075,46077,2,5
46070,46075,46077,2,5
46070,46076,46078,2,6
46070,46070,46077,7,0
46070,46070,46077,7,0
46070,46075,46077,2,5
46070,46076,46078,2,6
46070,46076,46077,1,6
46070,46075,46077,2,5
46070,46076,46077,1,6
46070,46076,46078,2,6
46070,46076,46078,2,6
46070,46075,46077,2,5
46070,46075,46078,3,5
46070,46076,46078,2,6
46070,46076,46078,2,6
46070,46076,46078,2,6
46070,46076,46078,2,6
46070,46076,46078,2,6
46070,46074,46078,4,4
46070,46074,46078,4,4
46070,46074,46078,4,4
46070,46074,46079,5,4
46070,46075,46078,3,5
46070,46076,46079,3,6
46070,46076,46079,3,6
46070,46077,46079,2,7
46070,46077,46079,2,7
46070,46077,46080,3,7
46070,46077,46080,3,7
46070,46077,46079,2,7
46070,46077,46080,3,7
46070,46077,46079,2,7
46070,46076,46079,3,6
46070,46077,46079,2,7
46070,46077,46079,2,7
46070,46077,46080,3,7
46070,46077,46079,2,7
46070,46077,46079,2,7
46070,46077,46080,3,7
46070,46078,46080,2,8
46070,46078,46080,2,8
46070,46078,46080,2,8
46070,46078,46080,2,8
46070,46078,46080,2,8
46070,46078,46080,2,8
46070,46078,46080,2,8
46070,46076,46080,4,6
46070,46078,46080,2,8
46070,46078,46081,3,8
46070,46076,46080,4,6
46070,46077,46081,4,7
46070,46077,46080,3,7
46070,46076,46081,5,6
46070,46077,46080,3,7
46070,46077,46080,3,7
46070,46078,46080,2,8
46070,46078,46081,3,8
46070,46078,46081,3,8
46070,46076,46081,5,6
46070,46077,46080,3,7
46070,46078,46081,3,8
46070,46078,46081,3,8
46070,46078,46081,3,8
46070,46076,46081,5,6
46070,46078,46080,2,8
46070,46078,46081,3,8
46070,46076,46081,5,6
46070,46078,46081,3,8
46070,46077,46080,3,7
46070,46078,46081,3,8
46070,46077,46080,3,7
46070,46078,46080,2,8
46070,46078,46080,2,8
46070,46077,46081,4,7
46070,46078,46080,2,8
46070,46078,46082,4,8
46070,46078,46081,3,8
46070,46078,46082,4,8
46070,46076,46081,5,6
46070,46076,46081,5,6
46070,46076,46081,5,6
46070,46077,46081,4,7
46070,46077,46082,5,7
46070,46077,46081,4,7
46070,46077,46082,5,7
46070,46077,46081,4,7
46070,46077,46082,5,7
46070,46077,46082,5,7
46070,46077,46082,5,7
46070,46077,46081,4,7
46070,46078,46082,4,8
46070,46078,46082,4,8
46070,46078,46082,4,8
46070,46078,46082,4,8
46070,46078,46083,5,8
46070,46079,46083,4,9
46070,46079,46083,4,9
46070,46079,46083,4,9
46070,46079,46083,4,9
46070,46079,46084,5,9
46070,46079,46084,5,9
46090,46090,46093,3,0
46090,46090,46093,3,0
46090,46090,46093,3,0
46090,46090,46093,3,0
46090,46090,46093,3,0
46090,46090,46093,3,0
46090,46090,46093,3,0
46090,46090,46093,3,0
46090,46090,46093,3,0
46090,46090,46093,3,0
46090,46090,46093,3,0
46090,46090,46093,3,0
46090,46090,46093,3,0
46090,46090,46093,3,0
46090,46090,46093,3,0
46090,46090,46094,4,0
46090,46090,46094,4,0
46090,46091,46094,3,1
46090,46090,46094,4,0
46090,46091,46094,3,1
46090,46091,46094,3,1
46090,46091,46095,4,1
46090,46090,46094,4,0
46090,46090,46094,4,0
46090,46090,46094,4,0
46090,46090,46094,4,0
46090,46090,46094,4,0
46090,46091,46094,3,1
46090,46090,46094,4,0
46090,46090,46094,4,0
46090,46090,46094,4,0
46090,46091,46094,3,1
46090,46090,46094,4,0
46090,46091,46094,3,1
46090,46090,46094,4,0
46090,46090,46095,5,0
46090,46090,46095,5,0
46090,46090,46095,5,0
46090,46090,46095,5,0
46090,46090,46095,5,0
46090,46091,46095,4,1
46090,46090,46095,5,0
46090,46090,46095,5,0
46090,46090,46095,5,0
46090,46090,46095,5,0
46090,46090,46095,5,0
46090,46095,46096,1,5
46090,46090,46096,6,0
46090,46090,46096,6,0
46090,46090,46096,6,0
46090,46090,46096,6,0
46090,46090,46097,7,0
46090,46090,46096,6,0
46090,46095,46096,1,5
46090,46090,46096,6,0
46090,46090,46096,6,0
46090,46090,46097,7,0
46090,46091,46096,5,1
46090,46090,46096,6,0
46090,46090,46096,6,0
46090,46091,46096,5,1
46090,46090,46096,6,0
46090,46090,46096,6,0
46090,46090,46097,7,0
46090,46090,46096,6,0
46090,46090,46097,7,0
46090,46090,46096,6,0
46090,46090,46096,6,0
46090,46090,46096,6,0
46090,46090,46096,6,0
46090,46090,46097,7,0
46090,46090,46096,6,0
46090,46090,46097,7,0
46090,46090,46096,6,0
46090,46090,46096,6,0
46090,46090,46096,6,0
46090,46091,46096,5,1
46090,46095,46096,1,5
46090,46090,46097,7,0
46090,46094,46097,3,4
46090,46090,46097,7,0
46090,46091,46097,6,1
46090,46095,46097,2,5
46090,46091,46097,6,1
46090,46094,46098,4,4
46090,46095,46097,2,5
46090,46091,46097,6,1
46090,46094,46098,4,4
46090,46094,46098,4,4
46090,46094,46097,3,4
46090,46094,46098,4,4
46090,46094,46099,5,4
46090,46094,46099,5,4
46090,46095,46098,3,5
46090,46096,46098,2,6
46090,46094,46098,4,4
46090,46094,46098,4,4
46090,46095,46098,3,5
46090,46096,46099,3,6
46090,46094,46098,4,4
46090,46096,46098,2,6
46090,46094,46099,5,4
46090,46096,46099,3,6
46090,46097,46099,2,7
46090,46094,46099,5,4
46090,46095,46098,3,5
46090,46096,46098,2,6
46090,46094,46099,5,4
46090,46096,46099,3,6
46090,46096,46098,2,6
46090,46095,46099,4,5
46090,46094,46099,5,4
46090,46097,46099,2,7
46090,46097,46099,2,7
46090,46097,46099,2,7
46090,46095,46099,4,5
46090,46095,46099,4,5
46090,46096,46100,4,6
46090,46098,46100,2,8
46090,46096,46100,4,6
46090,46096,46100,4,6
46090,46096,46099,3,6
46090,46098,46100,2,8
46090,46096,46099,3,6
46090,46098,46100,2,8
46090,46097,46100,3,7
46090,46098,46100,2,8
46090,46096,46100,4,6
46090,46097,46100,3,7
46090,46096,46100,4,6
46090,46098,46100,2,8
46090,46096,46101,5,6
46090,46097,46100,3,7
46090,46097,46101,4,7
46090,46097,46101,4,7
46090,46096,46100,4,6
46090,46097,46101,4,7
46090,46096,46101,5,6
46090,46097,46101,4,7
46090,46099,46101,2,9
46090,46097,46101,4,7
46090,46097,46101,4,7
46090,46099,46101,2,9
46090,46097,46102,5,7
46090,46099,46101,2,9
46090,46099,46102,3,9
46090,46097,46101,4,7
46090,46099,46102,3,9
46090,46096,46101,5,6
46090,46096,46101,5,6
46090,46096,46101,5,6
46090,46096,46101,5,6
46090,46097,46101,4,7
46090,46097,46102,5,7
46090,46099,46101,2,9
46090,46097,46102,5,7
46090,46098,46101,3,8
46090,46098,46102,4,8
46090,46097,46101,4,7
46090,46099,46102,3,9
46090,46100,46101,1,10
46090,46097,46102,5,7
46090,46097,46102,5,7
46090,46099,46101,2,9
46090,46097,46102,5,7
46090,46097,46102,5,7
46090,46099,46102,3,9
46090,46097,46102,5,7
46090,46099,46102,3,9
46090,46099,46103,4,9
46090,46099,46103,4,9
46090,46097,46102,5,7
46090,46097,46102,5,7
46090,46099,46102,3,9
46090,46099,46103,4,9
46090,46097,46102,5,7
46090,46097,46102,5,7
46090,46098,46103,5,8
46090,46097,46102,5,7
46090,46097,46102,5,7
46090,46098,46103,5,8
46090,46097,46102,5,7
46090,46098,46103,5,8
46090,46098,46103,5,8
46090,46098,46103,5,8
46090,46099,46104,5,9
46090,46099,46104,5,9
46090,46099,46104,5,9
46090,46099,46103,4,9
46090,46099,46103,4,9
46090,46098,46103,5,8
46112,46112,46115,3,0
46112,46112,46115,3,0
46112,46112,46115,3,0
46112,46112,46115,3,0
46112,46112,46115,3,0
46112,46112,46115,3,0
46112,46112,46115,3,0
46112,46112,46115,3,0
46112,46112,46115,3,0
46112,46112,46115,3,0
46112,46112,46115,3,0
46112,46112,46115,3,0
46112,46112,46115,3,0
46112,46112,46115,3,0
46112,46112,46115,3,0
46112,46112,46116,4,0
46112,46112,46116,4,0
46112,46112,46116,4,0
46112,46113,46116,3,1
46112,46112,46116,4,0
46112,46112,46115,3,0
46112,46112,46115,3,0
46112,46112,46116,4,0
46112,46112,46116,4,0
46112,46113,46116,3,1
46112,46112,46116,4,0
46112,46113,46116,3,1
46112,46112,46116,4,0
46112,46113,46117,4,1
46112,46112,46116,4,0
46112,46113,46116,3,1
46112,46112,46116,4,0
46112,46112,46116,4,0
46112,46113,46116,3,1
46112,46112,46117,5,0
46112,46112,46117,5,0
46112,46113,46116,3,1
46112,46112,46117,5,0
46112,46112,46117,5,0
46112,46116,46117,1,4
46112,46112,46117,5,0
46112,46113,46118,5,1
46112,46116,46117,1,4
46112,46112,46118,6,0
46112,46113,46117,4,1
46112,46116,46117,1,4
46112,46112,46117,5,0
46112,46112,46118,6,0
46112,46112,46118,6,0
46112,46116,46117,1,4
46112,46112,46118,6,0
46112,46112,46117,5,0
46112,46112,46117,5,0
46112,46113,46117,4,1
46112,46116,46117,1,4
46112,46112,46117,5,0
46112,46116,46118,2,4
46112,46112,46117,5,0
46112,46112,46117,5,0
46112,46116,46117,1,4
46112,46112,46117,5,0
46112,46112,46118,6,0
46112,46112,46117,5,0
46112,46112,46118,6,0
46112,46113,46118,5,1
46112,46112,46118,6,0
46112,46112,46118,6,0
46112,46112,46118,6,0
46112,46112,46119,7,0
46112,46112,46118,6,0
46112,46112,46118,6,0
46112,46113,46118,5,1
46112,46112,46119,7,0
46112,46112,46118,6,0
46112,46112,46118,6,0
46112,46112,46119,7,0
46112,46112,46119,7,0
46112,46112,46118,6,0
46112,46112,46118,6,0
46112,46113,46118,5,1
46112,46112,46118,6,0
46112,46112,46119,7,0
46112,46116,46118,2,4
46112,46112,46119,7,0
46112,46113,46118,5,1
46112,46116,46119,3,4
46112,46112,46119,7,0
46112,46113,46119,6,1
46112,46117,46119,2,5
46112,46113,46119,6,1
46112,46118,46120,2,6
46112,46118,46119,1,6
46112,46118,46120,2,6
46112,46116,46119,3,4
46112,46116,46119,3,4
46112,46117,46119,2,5
46112,46117,46119,2,5
46112,46115,46120,5,3
46112,46116,46120,4,4
46112,46118,46120,2,6
46112,46118,46120,2,6
46112,46118,46120,2,6
46112,46116,46121,5,4
46112,46117,46120,3,5
46112,46117,46121,4,5
46112,46118,46120,2,6
46112,46118,46121,3,6
46112,46116,46120,4,4
46112,46118,46120,2,6
46112,46118,46120,2,6
46112,46118,46120,2,6
46112,46118,46121,3,6
46112,46116,46120,4,4
46112,46117,46121,4,5
46112,46118,46120,2,6
46112,46118,46120,2,6
46112,46116,46120,4,4
46112,46117,46121,4,5
46112,46118,46121,3,6
46112,46117,46121,4,5
46112,46117,46121,4,5
46112,46117,46121,4,5
46112,46118,46120,2,6
46112,46116,46121,5,4
46112,46117,46121,4,5
46112,46118,46121,3,6
46112,46120,46122,2,8
46112,46119,46122,3,7
46112,46119,46121,2,7
46112,46117,46121,4,5
46112,46118,46122,4,6
46112,46118,46121,3,6
46112,46117,46122,5,5
46112,46117,46121,4,5
46112,46118,46121,3,6
46112,46117,46121,4,5
46112,46119,46121,2,7
46112,46118,46121,3,6
46112,46117,46121,4,5
46112,46118,46122,4,6
46112,46118,46121,3,6
46112,46119,46121,2,7
46112,46118,46122,4,6
46112,46119,46121,2,7
46112,46119,46121,2,7
46112,46119,46122,3,7
46112,46120,46123,3,8
46112,46118,46122,4,6
46112,46119,46123,4,7
46112,46118,46123,5,6
46112,46119,46123,4,7
46112,46118,46123,5,6
46112,46118,46122,4,6
46112,46119,46123,4,7
46112,46120,46123,3,8
46112,46119,46123,4,7
46112,46120,46124,4,8
46112,46119,46123,4,7
46112,46120,46123,3,8
46112,46118,46123,5,6
46112,46121,46123,2,9
46112,46119,46124,5,7
46112,46120,46123,3,8
46112,46120,46124,4,8
46112,46121,46124,3,9
46112,46121,46123,2,9
46112,46119,46124,5,7
46112,46121,46123,2,9
46112,46119,46123,4,7
46112,46120,46123,3,8
46112,46121,46124,3,9
46112,46121,46124,3,9
46112,46119,46124,5,7
46112,46120,46125,5,8
46112,46121,46124,3,9
46112,46121,46124,3,9
46112,46121,46124,3,9
46112,46121,46125,4,9
46112,46119,46124,5,7
46112,46120,46124,4,8
46112,46120,46125,5,8
46112,46119,46124,5,7
46112,46119,46124,5,7
46112,46121,46124,3,9
46112,46119,46124,5,7
46112,46120,46124,4,8
46112,46119,46124,5,7
46112,46121,46124,3,9
46112,46119,46124,5,7
46112,46121,46125,4,9
46112,46121,46124,3,9
46112,46121,46126,5,9
46112,46121,46126,5,9
46112,46121,46126,5,9
46112,46121,46125,4,9
46112,46120,46125,5,8
46112,46121,46125,4,9
46112,46121,46125,4,9
46112,46121,46126,5,9
46112,46121,46126,5,9
46134,46134,46135,1,0
46134,46134,46136,2,0
46134,46134,46136,2,0
46134,46134,46135,1,0
46134,46134,46135,1,0
46134,46134,46135,1,0
46134,46134,46135,1,0
46134,46134,46135,1,0
46134,46134,46136,2,0
46134,46134,46135,1,0
46134,46134,46136,2,0
46134,46134,46136,2,0
46134,46134,46136,2,0
46134,46134,46137,3,0
46134,46134,46136,2,0
46134,46134,46136,2,0
46134,46134,46136,2,0
46134,46134,46136,2,0
46134,46134,46137,3,0
46134,46134,46136,2,0
46134,46134,46136,2,0
46134,46134,46136,2,0
46134,46134,46137,3,0
46134,46134,46137,3,0
46134,46134,46137,3,0
46134,46134,46137,3,0
46134,46134,46137,3,0
46134,46134,46138,4,0
46134,46134,46137,3,0
46134,46134,46138,4,0
46134,46134,46137,3,0
46134,46134,46137,3,0
46134,46134,46138,4,0
46134,46134,46137,3,0
46134,46134,46137,3,0
46134,46134,46137,3,0
46134,46134,46137,3,0
46134,46134,46138,4,0
46134,46134,46137,3,0
46134,46134,46137,3,0
46134,46136,46137,1,2
46134,46134,46138,4,0
46134,46134,46139,5,0
46134,46134,46138,4,0
46134,46134,46138,4,0
46134,46136,46138,2,2
46134,46137,46139,2,3
46134,46134,46138,4,0
46134,46136,46138,2,2
46134,46137,46139,2,3
46134,46134,46138,4,0
46134,46134,46138,4,0
46134,46136,46138,2,2
46134,46134,46139,5,0
46134,46134,46139,5,0
46134,46135,46138,3,1
46134,46136,46139,3,2
46134,46134,46138,4,0
46134,46134,46139,5,0
46134,46134,46139,5,0
46134,46137,46139,2,3
46134,46134,46139,5,0
46134,46134,46138,4,0
46134,46134,46139,5,0
46134,46134,46138,4,0
46134,46134,46139,5,0
46134,46137,46139,2,3
46134,46137,46139,2,3
46134,46134,46139,5,0
46134,46134,46140,6,0
46134,46134,46140,6,0
46134,46138,46140,2,4
46134,46138,46140,2,4
46134,46134,46140,6,0
46134,46134,46140,6,0
46134,46134,46139,5,0
46134,46134,46140,6,0
46134,46134,46140,6,0
46134,46134,46139,5,0
46134,46134,46139,5,0
46134,46136,46139,3,2
46134,46134,46139,5,0
46134,46134,46139,5,0
46134,46136,46140,4,2
46134,46137,46140,3,3
46134,46134,46139,5,0
46134,46134,46139,5,0
46134,46134,46139,5,0
46134,46134,46139,5,0
46134,46134,46140,6,0
46134,46136,46139,3,2
46134,46134,46140,6,0
46134,46134,46139,5,0
46134,46134,46140,6,0
46134,46134,46140,6,0
46134,46138,46140,2,4
46134,46139,46141,2,5
46134,46139,46141,2,5
46134,46137,46141,4,3
46134,46139,46141,2,5
46134,46134,46140,6,0
46134,46136,46141,5,2
46134,46137,46141,4,3
46134,46139,46141,2,5
46134,46134,46140,6,0
46134,46139,46141,2,5
46134,46139,46141,2,5
46134,46138,46141,3,4
46134,46140,46141,1,6
46134,46140,46142,2,6
46134,46140,46142,2,6
46134,46137,46142,5,3
46134,46137,46141,4,3
46134,46139,46142,3,5
46134,46138,46142,4,4
46134,46138,46142,4,4
46134,46138,46142,4,4
46134,46138,46141,3,4
46134,46138,46141,3,4
46134,46137,46142,5,3
46134,46138,46142,4,4
46134,46138,46142,4,4
46134,46138,46142,4,4
46134,46138,46142,4,4
46134,46137,46142,5,3
46134,46138,46142,4,4
46134,46139,46142,3,5
46134,46138,46141,3,4
46134,46139,46142,3,5
46134,46138,46142,4,4
46134,46138,46142,4,4
46134,46139,46141,2,5
46134,46140,46142,2,6
46134,46139,46143,4,5
46134,46139,46143,4,5
46134,46138,46142,4,4
46134,46139,46143,4,5
46134,46141,46143,2,7
46134,46140,46143,3,6
46134,46139,46143,4,5
46134,46139,46143,4,5
46134,46141,46143,2,7
46134,46139,46143,4,5
46134,46139,46142,3,5
46134,46141,46143,2,7
46134,46141,46143,2,7
46134,46141,46143,2,7
46134,46139,46143,4,5
46134,46140,46143,3,6
46134,46141,46143,2,7
46134,46138,46143,5,4
46134,46140,46142,2,6
46134,46140,46143,3,6
46134,46141,46143,2,7
46134,46139,46143,4,5
46134,46139,46144,5,5
46134,46140,46144,4,6
46134,46140,46144,4,6
46134,46140,46144,4,6
46134,46142,46144,2,8
46134,46139,46144,5,5
46134,46140,46144,4,6
46134,46140,46144,4,6
46134,46140,46144,4,6
46134,46142,46144,2,8
46134,46140,46143,3,6
46134,46140,46143,3,6
46134,46140,46143,3,6
46134,46140,46143,3,6
46134,46139,46143,4,5
46134,46140,46144,4,6
46134,46141,46144,3,7
46134,46139,46144,5,5
46134,46141,46143,2,7
46134,46139,46144,5,5
46134,46139,46145,6,5
46134,46139,46144,5,5
46134,46142,46145,3,8
46134,46140,46144,4,6
46134,46140,46145,5,6
46134,46139,46144,5,5
46134,46140,46145,5,6
46134,46140,46144,4,6
46134,46141,46144,3,7
46134,46141,46145,4,7
46134,46142,46145,3,8
46134,46142,46146,4,8
46134,46142,46146,4,8
46134,46142,46146,4,8
46134,46140,46146,6,6
46134,46140,46146,6,6
46134,46140,46145,5,6
46134,46141,46146,5,7
46134,46141,46145,4,7
46134,46142,46146,4,8
46134,46142,46147,5,8
46134,46142,46147,5,8
46134,46142,46147,5,8
46134,46142,46147,5,8
46134,46142,46147,5,8
46155,46155,46158,3,0
46155,46155,46158,3,0
46155,46155,46159,4,0
46155,46155,46159,4,0
46155,46155,46159,4,0
46155,46155,46159,4,0
46155,46155,46159,4,0
46155,46155,46159,4,0
46155,46155,46159,4,0
46155,46155,46159,4,0
46155,46155,46159,4,0
46155,46155,46158,3,0
46155,46156,46159,3,1
46155,46155,46159,4,0
46155,46155,46159,4,0
46155,46155,46159,4,0
46155,46155,46159,4,0
46155,46155,46159,4,0
46155,46155,46159,4,0
46155,46155,46159,4,0
46155,46155,46160,5,0
46155,46155,46160,5,0
46155,46155,46160,5,0
46155,46155,46160,5,0
46155,46155,46160,5,0
46155,46155,46160,5,0
46155,46155,46160,5,0
46155,46155,46159,4,0
46155,46155,46160,5,0
46155,46155,46160,5,0
46155,46155,46159,4,0
46155,46155,46160,5,0
46155,46155,46160,5,0
46155,46155,46160,5,0
46155,46155,46160,5,0
46155,46156,46159,3,1
46155,46155,46160,5,0
46155,46155,46159,4,0
46155,46155,46160,5,0
46155,46155,46160,5,0
46155,46155,46159,4,0
46155,46155,46160,5,0
46155,46155,46160,5,0
46155,46155,46160,5,0
46155,46155,46160,5,0
46155,46155,46159,4,0
46155,46155,46160,5,0
46155,46155,46160,5,0
46155,46155,46160,5,0
46155,46155,46160,5,0
46155,46155,46160,5,0
46155,46155,46160,5,0
46155,46155,46160,5,0
46155,46155,46160,5,0
46155,46155,46160,5,0
46155,46155,46160,5,0
46155,46155,46160,5,0
46155,46158,46160,2,3
46155,46155,46161,6,0
46155,46155,46160,5,0
46155,46155,46160,5,0
46155,46155,46160,5,0
46155,46155,46161,6,0
46155,46155,46161,6,0
46155,46160,46161,1,5
46155,46160,46161,1,5
46155,46155,46160,5,0
46155,46155,46161,6,0
46155,46155,46161,6,0
46155,46155,46160,5,0
46155,46160,46161,1,5
46155,46155,46161,6,0
46155,46155,46161,6,0
46155,46155,46161,6,0
46155,46155,46161,6,0
46155,46155,46161,6,0
46155,46155,46161,6,0
46155,46158,46161,3,3
46155,46155,46161,6,0
46155,46159,46161,2,4
46155,46155,46161,6,0
46155,46155,46161,6,0
46155,46155,46162,7,0
46155,46160,46162,2,5
46155,46160,46162,2,5
46155,46160,46162,2,5
46155,46155,46162,7,0
46155,46160,46162,2,5
46155,46160,46162,2,5
46155,46161,46162,1,6
46155,46161,46162,1,6
46155,46161,46162,1,6
46155,46159,46162,3,4
46155,46161,46162,1,6
46155,46155,46162,7,0
46155,46159,46163,4,4
46155,46161,46162,1,6
46155,46156,46162,6,1
46155,46159,46162,3,4
46155,46161,46162,1,6
46155,46161,46162,1,6
46155,46160,46163,3,5
46155,46162,46164,2,7
46155,46162,46164,2,7
46155,46160,46163,3,5
46155,46160,46163,3,5
46155,46161,46163,2,6
46155,46159,46163,4,4
46155,46159,46164,5,4
46155,46161,46163,2,6
46155,46161,46163,2,6
46155,46161,46163,2,6
46155,46162,46164,2,7
46155,46162,46164,2,7
46155,46162,46163,1,7
46155,46159,46164,5,4
46155,46162,46164,2,7
46155,46159,46163,4,4
46155,46159,46163,4,4
46155,46161,46163,2,6
46155,46162,46164,2,7
46155,46162,46164,2,7
46155,46162,46164,2,7
46155,46162,46164,2,7
46155,46162,46164,2,7
46155,46162,46164,2,7
46155,46159,46165,6,4
46155,46159,46164,5,4
46155,46162,46164,2,7
46155,46159,46165,6,4
46155,46162,46164,2,7
46155,46162,46165,3,7
46155,46161,46165,4,6
46155,46161,46164,3,6
46155,46159,46164,5,4
46155,46159,46165,6,4
46155,46161,46164,3,6
46155,46161,46164,3,6
46155,46159,46164,5,4
46155,46161,46164,3,6
46155,46162,46164,2,7
46155,46159,46164,5,4
46155,46161,46164,3,6
46155,46162,46164,2,7
46155,46160,46165,5,5
46155,46159,46165,6,4
46155,46161,46165,4,6
46155,46161,46166,5,6
46155,46162,46165,3,7
46155,46161,46165,4,6
46155,46159,46165,6,4
46155,46161,46165,4,6
46155,46161,46165,4,6
46155,46161,46165,4,6
46155,46161,46166,5,6
46155,46161,46166,5,6
46155,46163,46166,3,8
46155,46163,46167,4,8
46155,46163,46167,4,8
46155,46163,46166,3,8
46155,46164,46166,2,9
46155,46161,46166,5,6
46155,46161,46166,5,6
46155,46163,46166,3,8
46155,46162,46167,5,7
46155,46162,46166,4,7
46155,46163,46167,4,8
46155,46163,46167,4,8
46155,46162,46167,5,7
46155,46163,46166,3,8
46155,46164,46167,3,9
46155,46164,46167,3,9
46155,46164,46167,3,9
46155,46164,46167,3,9
46155,46164,46168,4,9
46155,46163,46168,5,8
46155,46164,46167,3,9
46155,46163,46167,4,8
46155,46163,46168,5,8
46155,46163,46168,5,8
46155,46163,46168,5,8
46155,46163,46167,4,8
46155,46164,46167,3,9
46155,46163,46168,5,8
46155,46163,46168,5,8
46155,46163,46168,5,8
46155,46164,46168,4,9
46155,46164,46168,4,9
46155,46164,46168,4,9
46155,46164,46168,4,9
46155,46164,46168,4,9
46155,46160,46169,9,5
46155,46163,46168,5,8
46155,46163,46168,5,8
46155,46164,46168,4,9
46155,46164,46169,5,9
46155,46164,46168,4,9
46155,46164,46168,4,9
46155,46164,46169,5,9
46177,46177,46180,3,0
46177,46177,46180,3,0
46177,46177,46180,3,0
46177,46177,46180,3,0
46177,46177,46180,3,0
46177,46177,46180,3,0
46177,46177,46180,3,0
46177,46177,46180,3,0
46177,46177,46180,3,0
46177,46177,46180,3,0
46177,46177,46180,3,0
46177,46177,46180,3,0
46177,46177,46181,4,0
46177,46177,46181,4,0
46177,46177,46181,4,0
46177,46177,46181,4,0
46177,46177,46180,3,0
46177,46177,46181,4,0
46177,46177,46180,3,0
46177,46177,46181,4,0
46177,46177,46180,3,0
46177,46177,46181,4,0
46177,46177,46181,4,0
46177,46177,46182,5,0
46177,46177,46182,5,0
46177,46177,46182,5,0
46177,46177,46181,4,0
46177,46177,46181,4,0
46177,46177,46181,4,0
46177,46177,46181,4,0
46177,46177,46182,5,0
46177,46177,46182,5,0
46177,46177,46182,5,0
46177,46177,46181,4,0
46177,46177,46181,4,0
46177,46177,46182,5,0
46177,46177,46181,4,0
46177,46177,46182,5,0
46177,46177,46182,5,0
46177,46177,46181,4,0
46177,46177,46182,5,0
46177,46177,46182,5,0
46177,46177,46181,4,0
46177,46177,46182,5,0
46177,46177,46182,5,0
46177,46177,46182,5,0
46177,46177,46181,4,0
46177,46177,46181,4,0
46177,46177,46182,5,0
46177,46177,46183,6,0
46177,46177,46183,6,0
46177,46177,46182,5,0
46177,46177,46183,6,0
46177,46177,46183,6,0
46177,46177,46182,5,0
46177,46177,46183,6,0
46177,46177,46182,5,0
46177,46177,46183,6,0
46177,46177,46183,6,0
46177,46180,46183,3,3
46177,46177,46182,5,0
46177,46177,46183,6,0
46177,46180,46183,3,3
46177,46177,46182,5,0
46177,46177,46183,6,0
46177,46177,46182,5,0
46177,46177,46182,5,0
46177,46177,46183,6,0
46177,46180,46183,3,3
46177,46177,46183,6,0
46177,46180,46183,3,3
46177,46177,46183,6,0
46177,46177,46183,6,0
46177,46177,46183,6,0
46177,46177,46184,7,0
46177,46177,46183,6,0
46177,46177,46183,6,0
46177,46177,46183,6,0
46177,46180,46183,3,3
46177,46177,46183,6,0
46177,46177,46183,6,0
46177,46177,46184,7,0
46177,46177,46184,7,0
46177,46177,46183,6,0
46177,46181,46184,3,4
46177,46177,46184,7,0
46177,46180,46183,3,3
46177,46180,46184,4,3
46177,46180,46185,5,3
46177,46181,46185,4,4
46177,46181,46185,4,4
46177,46181,46186,5,4
46177,46182,46186,4,5
46177,46181,46186,5,4
46177,46182,46186,4,5
46177,46181,46186,5,4
46177,46181,46186,5,4
46177,46181,46186,5,4
46177,46182,46186,4,5
46177,46183,46186,3,6
46177,46181,46186,5,4
46177,46181,46186,5,4
46177,46181,46186,5,4
46177,46181,46186,5,4
46177,46182,46186,4,5
46177,46182,46187,5,5
46177,46182,46187,5,5
46177,46183,46187,4,6
46177,46183,46187,4,6
46177,46182,46187,5,5
46177,46182,46187,5,5
46177,46182,46187,5,5
46177,46183,46187,4,6
46177,46183,46187,4,6
46177,46181,46187,6,4
46177,46182,46187,5,5
46177,46183,46187,4,6
46177,46182,46187,5,5
46177,46182,46187,5,5
46177,46182,46187,5,5
46177,46183,46187,4,6
46177,46185,46187,2,8
46177,46182,46187,5,5
46177,46182,46187,5,5
46177,46182,46188,6,5
46177,46183,46187,4,6
46177,46183,46187,4,6
46177,46182,46187,5,5
46177,46182,46187,5,5
46177,46182,46187,5,5
46177,46183,46187,4,6
46177,46182,46187,5,5
46177,46183,46187,4,6
46177,46183,46188,5,6
46177,46183,46187,4,6
46177,46183,46187,4,6
46177,46185,46187,2,8
46177,46182,46187,5,5
46177,46184,46187,3,7
46177,46182,46188,6,5
46177,46182,46188,6,5
46177,46183,46188,5,6
46177,46186,46188,2,9
46177,46187,46188,1,10
46177,46182,46188,6,5
46177,46183,46188,5,6
46177,46184,46188,4,7
46177,46184,46188,4,7
46177,46182,46188,6,5
46177,46183,46188,5,6
46177,46183,46188,5,6
46177,46182,46188,6,5
46177,46182,46188,6,5
46177,46185,46188,3,8
46177,46186,46188,2,9
46177,46186,46188,2,9
46177,46184,46188,4,7
46177,46187,46188,1,10
46177,46187,46188,1,10
46177,46183,46188,5,6
46177,46184,46189,5,7
46177,46184,46188,4,7
46177,46187,46188,1,10
46177,46187,46188,1,10
46177,46183,46188,5,6
46177,46184,46188,4,7
46177,46184,46189,5,7
46177,46183,46189,6,6
46177,46187,46189,2,10
46177,46184,46189,5,7
46177,46184,46189,5,7
46177,46184,46190,6,7
46177,46187,46189,2,10
46177,46187,46189,2,10
46177,46183,46189,6,6
46177,46184,46189,5,7
46177,46188,46190,2,11
46177,46184,46189,5,7
46177,46188,46189,1,11
46177,46183,46189,6,6
46177,46187,46189,2,10
46177,46187,46189,2,10
46177,46184,46189,5,7
46177,46184,46189,5,7
46177,46184,46189,5,7
46177,46184,46190,6,7
46177,46187,46190,3,10
46177,46188,46191,3,11
46177,46188,46190,2,11
46177,46188,46191,3,11
46177,46188,46191,3,11
46177,46188,46192,4,11
46177,46188,46191,3,11
46177,46188,46191,3,11
46177,46188,46191,3,11
46177,46188,46192,4,11
46177,46188,46192,4,11
46177,46188,46192,4,11
46177,46188,46192,4,11
46177,46188,46193,5,11
46202,46202,46203,1,0
46202,46202,46204,2,0
46202,46202,46204,2,0
46202,46202,46204,2,0
46202,46202,46204,2,0
46202,46202,46204,2,0
46202,46202,46204,2,0
46202,46202,46204,2,0
46202,46202,46204,2,0
46202,46202,46204,2,0
46202,46202,46204,2,0
46202,46202,46204,2,0
46202,46202,46205,3,0
46202,46202,46204,2,0
46202,46202,46205,3,0
46202,46202,46205,3,0
46202,46202,46205,3,0
46202,46202,46205,3,0
46202,46202,46204,2,0
46202,46202,46205,3,0
46202,46202,46204,2,0
46202,46202,46205,3,0
46202,46202,46204,2,0
46202,46202,46204,2,0
46202,46202,46205,3,0
46202,46202,46205,3,0
46202,46202,46205,3,0
46202,46202,46204,2,0
46202,46202,46205,3,0
46202,46202,46205,3,0
46202,46202,46205,3,0
46202,46202,46206,4,0
46202,46202,46205,3,0
46202,46202,46205,3,0
46202,46202,46205,3,0
46202,46202,46205,3,0
46202,46202,46205,3,0
46202,46202,46206,4,0
46202,46202,46206,4,0
46202,46202,46206,4,0
46202,46202,46206,4,0
46202,46202,46206,4,0
46202,46202,46206,4,0
46202,46202,46205,3,0
46202,46202,46206,4,0
46202,46202,46206,4,0
46202,46202,46206,4,0
46202,46202,46206,4,0
46202,46202,46205,3,0
46202,46202,46205,3,0
46202,46202,46206,4,0
46202,46202,46206,4,0
46202,46202,46205,3,0
46202,46202,46206,4,0
46202,46202,46205,3,0
46202,46202,46206,4,0
46202,46202,46207,5,0
46202,46202,46207,5,0
46202,46202,46207,5,0
46202,46202,46207,5,0
46202,46202,46207,5,0
46202,46202,46207,5,0
46202,46202,46206,4,0
46202,46202,46207,5,0
46202,46202,46207,5,0
46202,46202,46206,4,0
46202,46202,46207,5,0
46202,46202,46207,5,0
46202,46202,46208,6,0
46202,46204,46208,4,2
46202,46202,46208,6,0
46202,46202,46208,6,0
46202,46202,46208,6,0
46202,46202,46208,6,0
46202,46204,46208,4,2
46202,46204,46207,3,2
46202,46205,46208,3,3
46202,46204,46207,3,2
46202,46202,46208,6,0
46202,46202,46208,6,0
46202,46204,46208,4,2
46202,46202,46208,6,0
46202,46204,46208,4,2
46202,46202,46208,6,0
46202,46202,46209,7,0
46202,46204,46209,5,2
46202,46204,46209,5,2
46202,46204,46208,4,2
46202,46202,46209,7,0
46202,46205,46209,4,3
46202,46205,46209,4,3
46202,46205,46209,4,3
46202,46203,46209,6,1
46202,46205,46209,4,3
46202,46202,46209,7,0
46202,46205,46209,4,3
46202,46204,46209,5,2
46202,46206,46209,3,4
46202,46205,46210,5,3
46202,46205,46209,4,3
46202,46204,46209,5,2
46202,46205,46210,5,3
46202,46205,46210,5,3
46202,46206,46210,4,4
46202,46206,46210,4,4
46202,46205,46210,5,3
46202,46205,46210,5,3
46202,46205,46210,5,3
46202,46206,46210,4,4
46202,46206,46211,5,4
46202,46206,46210,4,4
46202,46206,46211,5,4
46202,46206,46211,5,4
46202,46207,46211,4,5
46202,46207,46211,4,5
46202,46206,46210,4,4
46202,46206,46210,4,4
46202,46207,46211,4,5
46202,46206,46211,5,4
46202,46206,46211,5,4
46202,46206,46211,5,4
46202,46206,46211,5,4
46202,46206,46211,5,4
46202,46206,46211,5,4
46202,46205,46211,6,3
46202,46206,46211,5,4
46202,46206,46211,5,4
46202,46205,46211,6,3
46202,46205,46210,5,3
46202,46206,46211,5,4
46202,46206,46211,5,4
46202,46207,46211,4,5
46202,46206,46211,5,4
46202,46205,46211,6,3
46202,46206,46211,5,4
46202,46207,46211,4,5
46202,46205,46211,6,3
46202,46206,46212,6,4
46202,46207,46211,4,5
46202,46208,46212,4,6
46202,46207,46212,5,5
46202,46208,46212,4,6
46202,46208,46212,4,6
46202,46208,46212,4,6
46202,46208,46212,4,6
46202,46208,46212,4,6
46202,46208,46212,4,6
46202,46207,46212,5,5
46202,46207,46212,5,5
46202,46207,46212,5,5
46202,46207,46212,5,5
46202,46208,46212,4,6
46202,46206,46212,6,4
46202,46206,46212,6,4
46202,46208,46212,4,6
46202,46207,46212,5,5
46202,46208,46212,4,6
46202,46208,46212,4,6
46202,46209,46212,3,7
46202,46209,46213,4,7
46202,46208,46213,5,6
46202,46208,46213,5,6
46202,46208,46213,5,6
46202,46208,46213,5,6
46202,46209,46213,4,7
46202,46208,46213,5,6
46202,46209,46214,5,7
46202,46209,46214,5,7
46202,46210,46214,4,8
46202,46210,46214,4,8
46202,46210,46214,4,8
46202,46210,46214,4,8
46202,46209,46214,5,7
46202,46209,46214,5,7
46202,46210,46214,4,8
46202,46211,46214,3,9
46202,46209,46214,5,7
46202,46211,46214,3,9
46202,46209,46214,5,7
46202,46209,46214,5,7
46202,46211,46214,3,9
46202,46209,46214,5,7
46202,46209,46214,5,7
46202,46211,46214,3,9
46202,46211,46214,3,9
46202,46210,46215,5,8
46202,46209,46215,6,7
46202,46211,46215,4,9
46202,46211,46215,4,9
46202,46211,46216,5,9
46202,46211,46216,5,9
46202,46211,46216,5,9
46202,46211,46216,5,9
46202,46211,46216,5,9
46202,46211,46216,5,9
46202,46211,46216,5,9
46202,46212,46216,4,10
46202,46211,46217,6,9
46202,46211,46217,6,9
46202,46208,46217,9,6
46225,46225,46229,4,0
46225,46226,46229,3,1
46225,46226,46229,3,1
46225,46226,46229,3,1
46225,46225,46229,4,0
46225,46226,46229,3,1
46225,46225,46229,4,0
46225,46225,46229,4,0
46225,46225,46229,4,0
46225,46226,46229,3,1
46225,46226,46229,3,1
46225,46226,46229,3,1
46225,46226,46229,3,1
46225,46226,46229,3,1
46225,46225,46230,5,0
46225,46225,46230,5,0
46225,46225,46230,5,0
46225,46226,46231,5,1
46225,46225,46231,6,0
46225,46225,46230,5,0
46225,46225,46230,5,0
46225,46225,46231,6,0
46225,46225,46230,5,0
46225,46226,46230,4,1
46225,46226,46230,4,1
46225,46225,46230,5,0
46225,46225,46231,6,0
46225,46226,46231,5,1
46225,46225,46230,5,0
46225,46225,46230,5,0
46225,46226,46230,4,1
46225,46225,46231,6,0
46225,46226,46230,4,1
46225,46225,46230,5,0
46225,46226,46231,5,1
46225,46225,46231,6,0
46225,46225,46230,5,0
46225,46226,46230,4,1
46225,46226,46231,5,1
46225,46225,46231,6,0
46225,46225,46231,6,0
46225,46225,46232,7,0
46225,46226,46231,5,1
46225,46225,46231,6,0
46225,46225,46231,6,0
46225,46225,46231,6,0
46225,46225,46231,6,0
46225,46226,46231,5,1
46225,46230,46231,1,5
46225,46225,46231,6,0
46225,46225,46231,6,0
46225,46230,46231,1,5
46225,46225,46231,6,0
46225,46225,46231,6,0
46225,46225,46231,6,0
46225,46230,46231,1,5
46225,46225,46231,6,0
46225,46225,46231,6,0
46225,46226,46231,5,1
46225,46230,46231,1,5
46225,46230,46231,1,5
46225,46231,46232,1,6
46225,46225,46231,6,0
46225,46225,46231,6,0
46225,46225,46231,6,0
46225,46225,46231,6,0
46225,46226,46231,5,1
46225,46231,46232,1,6
46225,46225,46231,6,0
46225,46225,46231,6,0
46225,46225,46231,6,0
46225,46225,46231,6,0
46225,46226,46231,5,1
46225,46231,46232,1,6
46225,46225,46231,6,0
46225,46225,46231,6,0
46225,46225,46231,6,0
46225,46226,46232,6,1
46225,46230,46231,1,5
46225,46231,46232,1,6
46225,46231,46232,1,6
46225,46225,46231,6,0
46225,46225,46231,6,0
46225,46225,46232,7,0
46225,46230,46231,1,5
46225,46231,46232,1,6
46225,46231,46232,1,6
46225,46225,46232,7,0
46225,46225,46232,7,0
46225,46226,46232,6,1
46225,46226,46232,6,1
46225,46226,46232,6,1
46225,46226,46232,6,1
46225,46232,46233,1,7
46225,46226,46232,6,1
46225,46230,46232,2,5
46225,46230,46232,2,5
46225,46231,46233,2,6
46225,46231,46233,2,6
46225,46231,46233,2,6
46225,46231,46233,2,6
46225,46232,46233,1,7
46225,46232,46233,1,7
46225,46230,46233,3,5
46225,46230,46234,4,5
46225,46232,46233,1,7
46225,46232,46233,1,7
46225,46231,46233,2,6
46225,46231,46234,3,6
46225,46231,46234,3,6
46225,46232,46234,2,7
46225,46231,46233,2,6
46225,46231,46234,3,6
46225,46232,46234,2,7
46225,46231,46234,3,6
46225,46231,46233,2,6
46225,46230,46233,3,5
46225,46230,46234,4,5
46225,46231,46234,3,6
46225,46231,46233,2,6
46225,46231,46234,3,6
46225,46232,46235,3,7
46225,46232,46234,2,7
46225,46232,46235,3,7
46225,46232,46234,2,7
46225,46231,46234,3,6
46225,46232,46234,2,7
46225,46232,46234,2,7
46225,46232,46234,2,7
46225,46232,46234,2,7
46225,46232,46235,3,7
46225,46232,46234,2,7
46225,46232,46235,3,7
46225,46232,46234,2,7
46225,46232,46234,2,7
46225,46232,46235,3,7
46225,46232,46234,2,7
46225,46232,46234,2,7
46225,46232,46234,2,7
46225,46232,46235,3,7
46225,46232,46234,2,7
46225,46232,46234,2,7
46225,46232,46235,3,7
46225,46231,46236,5,6
46225,46231,46236,5,6
46225,46230,46235,5,5
46225,46232,46236,4,7
46225,46232,46235,3,7
46225,46232,46236,4,7
46225,46232,46235,3,7
46225,46232,46235,3,7
46225,46232,46236,4,7
46225,46233,46237,4,8
46225,46233,46236,3,8
46225,46234,46236,2,9
46225,46233,46237,4,8
46225,46232,46236,4,7
46225,46233,46236,3,8
46225,46232,46236,4,7
46225,46232,46237,5,7
46225,46232,46237,5,7
46225,46232,46237,5,7
46225,46232,46236,4,7
46225,46232,46236,4,7
46225,46233,46236,3,8
46225,46233,46238,5,8
46225,46233,46238,5,8
46225,46233,46237,4,8
46225,46234,46238,4,9
46225,46233,46237,4,8
46225,46233,46237,4,8
46225,46233,46238,5,8
46225,46233,46237,4,8
46225,46234,46238,4,9
46225,46234,46238,4,9
46225,46234,46238,4,9
46225,46233,46238,5,8
46225,46233,46238,5,8
46225,46233,46237,4,8
46225,46234,46238,4,9
46225,46232,46238,6,7
46225,46232,46238,6,7
46225,46234,46238,4,9
46225,46234,46238,4,9
46225,46234,46237,3,9
46225,46232,46238,6,7
46225,46232,46237,5,7
46225,46233,46238,5,8
46225,46232,46238,6,7
46225,46233,46238,5,8
46225,46234,46238,4,9
46225,46234,46239,5,9
46225,46234,46238,4,9
46225,46234,46238,4,9
46225,46234,46238,4,9
46225,46234,46239,5,9
46248,46248,46252,4,0
46248,46248,46252,4,0
46248,46248,46252,4,0
46248,46248,46252,4,0
46248,46248,46252,4,0
46248,46248,46252,4,0
46248,46248,46252,4,0
46248,46248,46252,4,0
46248,46248,46252,4,0
46248,46248,46253,5,0
46248,46248,46252,4,0
46248,46248,46253,5,0
46248,46248,46253,5,0
46248,46248,46253,5,0
46248,46248,46253,5,0
46248,46248,46253,5,0
46248,46248,46252,4,0
46248,46248,46253,5,0
46248,46248,46253,5,0
46248,46248,46253,5,0
46248,46248,46253,5,0
46248,46248,46253,5,0
46248,46248,46252,4,0
46248,46248,46253,5,0
46248,46248,46253,5,0
46248,46248,46253,5,0
46248,46248,46253,5,0
46248,46248,46253,5,0
46248,46248,46253,5,0
46248,46248,46254,6,0
46248,46248,46254,6,0
46248,46248,46253,5,0
46248,46248,46254,6,0
46248,46248,46254,6,0
46248,46248,46253,5,0
46248,46248,46254,6,0
46248,46248,46254,6,0
46248,46248,46254,6,0
46248,46248,46253,5,0
46248,46248,46254,6,0
46248,46248,46253,5,0
46248,46248,46254,6,0
46248,46248,46254,6,0
46248,46248,46254,6,0
46248,46248,46253,5,0
46248,46248,46254,6,0
46248,46248,46253,5,0
46248,46248,46254,6,0
46248,46248,46254,6,0
46248,46248,46254,6,0
46248,46248,46254,6,0
46248,46248,46253,5,0
46248,46248,46254,6,0
46248,46248,46254,6,0
46248,46248,46254,6,0
46248,46248,46254,6,0
46248,46248,46253,5,0
46248,46248,46254,6,0
46248,46248,46254,6,0
46248,46248,46254,6,0
46248,46248,46254,6,0
46248,46248,46254,6,0
46248,46248,46254,6,0
46248,46248,46255,7,0
46248,46248,46255,7,0
46248,46248,46255,7,0
46248,46248,46254,6,0
46248,46248,46254,6,0
46248,46248,46255,7,0
46248,46248,46255,7,0
46248,46248,46254,6,0
46248,46248,46255,7,0
46248,46248,46255,7,0
46248,46248,46254,6,0
46248,46248,46255,7,0
46248,46252,46255,3,4
46248,46248,46255,7,0
46248,46248,46255,7,0
46248,46248,46255,7,0
46248,46248,46255,7,0
46248,46252,46256,4,4
46248,46252,46256,4,4
46248,46252,46256,4,4
46248,46253,46256,3,5
46248,46248,46256,8,0
46248,46252,46256,4,4
46248,46254,46257,3,6
46248,46252,46257,5,4
46248,46253,46257,4,5
46248,46252,46257,5,4
46248,46252,46257,5,4
46248,46252,46257,5,4
46248,46254,46257,3,6
46248,46253,46258,5,5
46248,46253,46258,5,5
46248,46253,46258,5,5
46248,46253,46258,5,5
46248,46254,46258,4,6
46248,46255,46258,3,7
46248,46253,46258,5,5
46248,46253,46258,5,5
46248,46254,46258,4,6
46248,46253,46258,5,5
46248,46254,46258,4,6
46248,46254,46258,4,6
46248,46256,46258,2,8
46248,46253,46258,5,5
46248,46254,46258,4,6
46248,46253,46258,5,5
46248,46254,46258,4,6
46248,46254,46258,4,6
46248,46256,46258,2,8
46248,46253,46259,6,5
46248,46253,46258,5,5
46248,46253,46258,5,5
46248,46254,46259,5,6
46248,46255,46258,3,7
46248,46253,46259,6,5
46248,46253,46259,6,5
46248,46254,46259,5,6
46248,46254,46259,5,6
46248,46253,46259,6,5
46248,46255,46259,4,7
46248,46254,46259,5,6
46248,46254,46259,5,6
46248,46254,46259,5,6
46248,46254,46259,5,6
46248,46256,46259,3,8
46248,46255,46259,4,7
46248,46254,46259,5,6
46248,46256,46259,3,8
46248,46254,46259,5,6
46248,46254,46259,5,6
46248,46254,46260,6,6
46248,46254,46259,5,6
46248,46253,46259,6,5
46248,46255,46259,4,7
46248,46255,46259,4,7
46248,46256,46260,4,8
46248,46254,46259,5,6
46248,46255,46259,4,7
46248,46255,46259,4,7
46248,46255,46259,4,7
46248,46255,46259,4,7
46248,46254,46260,6,6
46248,46256,46261,5,8
46248,46255,46260,5,7
46248,46255,46260,5,7
46248,46255,46260,5,7
46248,46259,46260,1,11
46248,46254,46260,6,6
46248,46254,46260,6,6
46248,46254,46260,6,6
46248,46256,46260,4,8
46248,46257,46260,3,9
46248,46259,46261,2,11
46248,46254,46260,6,6
46248,46256,46260,4,8
46248,46256,46260,4,8
46248,46259,46261,2,11
46248,46255,46260,5,7
46248,46256,46260,4,8
46248,46256,46260,4,8
46248,46256,46261,5,8
46248,46255,46260,5,7
46248,46259,46262,3,11
46248,46259,46261,2,11
46248,46257,46261,4,9
46248,46258,46261,3,10
46248,46259,46261,2,11
46248,46259,46261,2,11
46248,46257,46261,4,9
46248,46258,46261,3,10
46248,46257,46261,4,9
46248,46257,46262,5,9
46248,46258,46261,3,10
46248,46259,46262,3,11
46248,46259,46262,3,11
46248,46259,46262,3,11
46248,46259,46262,3,11
46248,46259,46262,3,11
46248,46258,46263,5,10
46248,46259,46262,3,11
46248,46259,46262,3,11
46248,46259,46262,3,11
46248,46258,46262,4,10
46248,46258,46263,5,10
46248,46259,46262,3,11
46248,46259,46262,3,11
46248,46259,46262,3,11
46248,46258,46262,4,10
46248,46260,46263,3,12
46248,46260,46263,3,12
46248,46259,46264,5,11
46248,46259,46263,4,11
46248,46259,46263,4,11
46248,46259,46263,4,11
46248,46259,46264,5,11
46248,46260,46264,4,12
46248,46259,46264,5,11
46273,46273,46274,1,0
46273,46273,46275,2,0
46273,46273,46275,2,0
46273,46273,46275,2,0
46273,46273,46275,2,0
46273,46273,46275,2,0
46273,46273,46275,2,0
46273,46273,46275,2,0
46273,46273,46275,2,0
46273,46273,46275,2,0
46273,46273,46275,2,0
46273,46273,46275,2,0
46273,46273,46275,2,0
46273,46273,46275,2,0
46273,46273,46276,3,0
46273,46273,46276,3,0
46273,46273,46276,3,0
46273,46273,46276,3,0
46273,46273,46276,3,0
46273,46273,46276,3,0
46273,46273,46276,3,0
46273,46273,46276,3,0
46273,46273,46276,3,0
46273,46273,46276,3,0
46273,46273,46276,3,0
46273,46273,46276,3,0
46273,46273,46276,3,0
46273,46273,46275,2,0
46273,46273,46276,3,0
46273,46273,46276,3,0
46273,46273,46276,3,0
46273,46273,46276,3,0
46273,46273,46276,3,0
46273,46273,46277,4,0
46273,46273,46277,4,0
46273,46273,46277,4,0
46273,46273,46277,4,0
46273,46273,46277,4,0
46273,46273,46277,4,0
46273,46273,46277,4,0
46273,46273,46277,4,0
46273,46273,46277,4,0
46273,46273,46277,4,0
46273,46273,46277,4,0
46273,46273,46278,5,0
46273,46273,46278,5,0
46273,46273,46278,5,0
46273,46273,46277,4,0
46273,46275,46278,3,2
46273,46273,46278,5,0
46273,46273,46278,5,0
46273,46275,46278,3,2
46273,46273,46278,5,0
46273,46273,46278,5,0
46273,46275,46279,4,2
46273,46273,46278,5,0
46273,46274,46278,4,1
46273,46275,46278,3,2
46273,46273,46278,5,0
46273,46275,46278,3,2
46273,46273,46278,5,0
46273,46273,46279,6,0
46273,46273,46279,6,0
46273,46274,46280,6,1
46273,46273,46279,6,0
46273,46274,46279,5,1
46273,46273,46279,6,0
46273,46273,46279,6,0
46273,46273,46279,6,0
46273,46274,46279,5,1
46273,46273,46280,7,0
46273,46273,46279,6,0
46273,46273,46279,6,0
46273,46274,46280,6,1
46273,46277,46279,2,4
46273,46277,46280,3,4
46273,46274,46279,5,1
46273,46275,46279,4,2
46273,46273,46279,6,0
46273,46273,46280,7,0
46273,46276,46280,4,3
46273,46276,46280,4,3
46273,46273,46280,7,0
46273,46273,46280,7,0
46273,46275,46280,5,2
46273,46275,46280,5,2
46273,46277,46280,3,4
46273,46273,46280,7,0
46273,46275,46280,5,2
46273,46277,46281,4,4
46273,46277,46281,4,4
46273,46274,46280,6,1
46273,46275,46280,5,2
46273,46277,46281,4,4
46273,46277,46280,3,4
46273,46273,46280,7,0
46273,46274,46280,6,1
46273,46275,46280,5,2
46273,46277,46281,4,4
46273,46273,46280,7,0
46273,46274,46281,7,1
46273,46276,46281,5,3
46273,46277,46280,3,4
46273,46273,46280,7,0
46273,46275,46280,5,2
46273,46278,46280,2,5
46273,46277,46281,4,4
46273,46278,46280,2,5
46273,46276,46282,6,3
46273,46277,46281,4,4
46273,46277,46282,5,4
46273,46277,46281,4,4
46273,46279,46281,2,6
46273,46278,46282,4,5
46273,46278,46282,4,5
46273,46277,46281,4,4
46273,46277,46282,5,4
46273,46277,46281,4,4
46273,46277,46282,5,4
46273,46279,46282,3,6
46273,46279,46283,4,6
46273,46279,46282,3,6
46273,46280,46282,2,7
46273,46280,46283,3,7
46273,46277,46282,5,4
46273,46279,46282,3,6
46273,46280,46282,2,7
46273,46278,46283,5,5
46273,46278,46283,5,5
46273,46278,46282,4,5
46273,46278,46282,4,5
46273,46279,46283,4,6
46273,46279,46283,4,6
46273,46280,46283,3,7
46273,46280,46283,3,7
46273,46279,46283,4,6
46273,46280,46284,4,7
46273,46279,46283,4,6
46273,46279,46283,4,6
46273,46280,46284,4,7
46273,46279,46283,4,6
46273,46281,46284,3,8
46273,46280,46284,4,7
46273,46281,46284,3,8
46273,46282,46284,2,9
46273,46279,46283,4,6
46273,46279,46283,4,6
46273,46279,46284,5,6
46273,46280,46284,4,7
46273,46280,46283,3,7
46273,46279,46283,4,6
46273,46280,46283,3,7
46273,46281,46284,3,8
46273,46279,46284,5,6
46273,46280,46284,4,7
46273,46280,46284,4,7
46273,46280,46284,4,7
46273,46280,46284,4,7
46273,46280,46284,4,7
46273,46280,46285,5,7
46273,46280,46285,5,7
46273,46281,46285,4,8
46273,46279,46284,5,6
46273,46281,46284,3,8
46273,46281,46285,4,8
46273,46282,46284,2,9
46273,46281,46284,3,8
46273,46282,46285,3,9
46273,46282,46284,2,9
46273,46281,46285,4,8
46273,46281,46285,4,8
46273,46282,46285,3,9
46273,46281,46285,4,8
46273,46281,46285,4,8
46273,46283,46285,2,10
46273,46281,46285,4,8
46273,46280,46285,5,7
46273,46282,46285,3,9
46273,46278,46285,7,5
46273,46281,46285,4,8
46273,46281,46286,5,8
46273,46281,46285,4,8
46273,46281,46286,5,8
46273,46281,46285,4,8
46273,46281,46285,4,8
46273,46281,46286,5,8
46273,46281,46286,5,8
46273,46281,46285,4,8
46273,46281,46285,4,8
46273,46281,46285,4,8
46273,46281,46286,5,8
46273,46281,46285,4,8
46273,46282,46285,3,9
46273,46283,46287,4,10
46273,46282,46286,4,9
46273,46282,46287,5,9
46273,46281,46286,5,8
46273,46281,46287,6,8
46273,46282,46287,5,9
46273,46281,46286,5,8
46295,46295,46298,3,0
46295,46295,46299,4,0
46295,46295,46299,4,0
46295,46295,46299,4,0
46295,46295,46299,4,0
46295,46296,46299,3,1
46295,46295,46299,4,0
46295,46295,46299,4,0
46295,46295,46299,4,0
46295,46295,46299,4,0
46295,46295,46299,4,0
46295,46295,46299,4,0
46295,46295,46299,4,0
46295,46295,46300,5,0
46295,46295,46300,5,0
46295,46296,46300,4,1
46295,46295,46300,5,0
46295,46295,46299,4,0
46295,46295,46300,5,0
46295,46295,46300,5,0
46295,46295,46300,5,0
46295,46295,46300,5,0
46295,46295,46300,5,0
46295,46295,46300,5,0
46295,46295,46300,5,0
46295,46295,46300,5,0
46295,46295,46300,5,0
46295,46295,46300,5,0
46295,46295,46300,5,0
46295,46295,46300,5,0
46295,46295,46300,5,0
46295,46295,46300,5,0
46295,46295,46300,5,0
46295,46295,46300,5,0
46295,46295,46300,5,0
46295,46295,46300,5,0
46295,46295,46300,5,0
46295,46295,46300,5,0
46295,46295,46300,5,0
46295,46295,46300,5,0
46295,46295,46300,5,0
46295,46295,46300,5,0
46295,46295,46300,5,0
46295,46295,46300,5,0
46295,46295,46300,5,0
46295,46295,46300,5,0
46295,46295,46300,5,0
46295,46295,46300,5,0
46295,46295,46300,5,0
46295,46295,46300,5,0
46295,46295,46300,5,0
46295,46295,46300,5,0
46295,46295,46301,6,0
46295,46295,46301,6,0
46295,46295,46301,6,0
46295,46295,46301,6,0
46295,46295,46300,5,0
46295,46295,46301,6,0
46295,46295,46302,7,0
46295,46295,46301,6,0
46295,46295,46301,6,0
46295,46295,46301,6,0
46295,46295,46301,6,0
46295,46295,46301,6,0
46295,46295,46301,6,0
46295,46295,46301,6,0
46295,46295,46301,6,0
46295,46296,46301,5,1
46295,46301,46302,1,6
46295,46295,46302,7,0
46295,46295,46301,6,0
46295,46295,46301,6,0
46295,46295,46301,6,0
46295,46295,46301,6,0
46295,46295,46301,6,0
46295,46295,46301,6,0
46295,46295,46301,6,0
46295,46295,46301,6,0
46295,46295,46302,7,0
46295,46301,46302,1,6
46295,46301,46302,1,6
46295,46299,46302,3,4
46295,46295,46302,7,0
46295,46295,46302,7,0
46295,46301,46302,1,6
46295,46301,46302,1,6
46295,46301,46302,1,6
46295,46301,46302,1,6
46295,46301,46303,2,6
46295,46299,46302,3,4
46295,46301,46302,1,6
46295,46301,46302,1,6
46295,46301,46302,1,6
46295,46298,46303,5,3
46295,46301,46302,1,6
46295,46301,46302,1,6
46295,46301,46302,1,6
46295,46301,46302,1,6
46295,46301,46302,1,6
46295,46301,46302,1,6
46295,46301,46302,1,6
46295,46301,46302,1,6
46295,46302,46303,1,7
46295,46302,46303,1,7
46295,46302,46303,1,7
46295,46302,46303,1,7
46295,46299,46303,4,4
46295,46301,46303,2,6
46295,46301,46303,2,6
46295,46301,46303,2,6
46295,46301,46303,2,6
46295,46301,46303,2,6
46295,46301,46303,2,6
46295,46299,46303,4,4
46295,46301,46303,2,6
46295,46301,46303,2,6
46295,46301,46303,2,6
46295,46301,46303,2,6
46295,46301,46304,3,6
46295,46301,46303,2,6
46295,46302,46304,2,7
46295,46301,46304,3,6
46295,46301,46305,4,6
46295,46299,46304,5,4
46295,46299,46304,5,4
46295,46300,46304,4,5
46295,46300,46304,4,5
46295,46300,46304,4,5
46295,46299,46304,5,4
46295,46300,46305,5,5
46295,46301,46304,3,6
46295,46300,46305,5,5
46295,46301,46306,5,6
46295,46304,46306,2,9
46295,46301,46305,4,6
46295,46301,46306,5,6
46295,46302,46305,3,7
46295,46302,46305,3,7
46295,46302,46306,4,7
46295,46303,46306,3,8
46295,46303,46305,2,8
46295,46303,46305,2,8
46295,46304,46306,2,9
46295,46303,46305,2,8
46295,46303,46306,3,8
46295,46300,46305,5,5
46295,46302,46306,4,7
46295,46301,46306,5,6
46295,46304,46306,2,9
46295,46304,46306,2,9
46295,46303,46306,3,8
46295,46303,46306,3,8
46295,46301,46306,5,6
46295,46301,46306,5,6
46295,46302,46307,5,7
46295,46302,46307,5,7
46295,46302,46307,5,7
46295,46302,46306,4,7
46295,46304,46306,2,9
46295,46304,46306,2,9
46295,46304,46306,2,9
46295,46302,46306,4,7
46295,46303,46306,3,8
46295,46303,46306,3,8
46295,46302,46307,5,7
46295,46302,46306,4,7
46295,46303,46306,3,8
46295,46304,46306,2,9
46295,46302,46306,4,7
46295,46303,46306,3,8
46295,46302,46306,4,7
46295,46302,46306,4,7
46295,46303,46306,3,8
46295,46304,46307,3,9
46295,46303,46308,5,8
46295,46304,46307,3,9
46295,46302,46307,5,7
46295,46302,46307,5,7
46295,46303,46307,4,8
46295,46304,46308,4,9
46295,46304,46307,3,9
46295,46302,46307,5,7
46295,46302,46307,5,7
46295,46303,46308,5,8
46295,46303,46307,4,8
46295,46302,46307,5,7
46295,46304,46307,3,9
46295,46303,46308,5,8
46295,46303,46308,5,8
46295,46303,46307,4,8
46295,46303,46307,4,8
46295,46303,46308,5,8
46295,46303,46308,5,8
46295,46303,46308,5,8
46295,46304,46309,5,9
46295,46304,46309,5,9
46295,46303,46308,5,8
46295,46304,46308,4,9
46295,46304,46309,5,9
46295,46304,46309,5,9
46317,46317,46320,3,0
46317,46317,46321,4,0
46317,46317,46321,4,0
46317,46317,46321,4,0
46317,46317,46321,4,0
46317,46317,46320,3,0
46317,46317,46321,4,0
46317,46317,46321,4,0
46317,46317,46320,3,0
46317,46317,46321,4,0
46317,46317,46321,4,0
46317,46317,46321,4,0
46317,46317,46322,5,0
46317,46317,46321,4,0
46317,46317,46322,5,0
46317,46317,46322,5,0
46317,46317,46322,5,0
46317,46317,46322,5,0
46317,46317,46322,5,0
46317,46317,46321,4,0
46317,46317,46322,5,0
46317,46317,46322,5,0
46317,46317,46322,5,0
46317,46317,46322,5,0
46317,46317,46321,4,0
46317,46317,46321,4,0
46317,46317,46321,4,0
46317,46317,46322,5,0
46317,46317,46321,4,0
46317,46317,46322,5,0
46317,46317,46322,5,0
46317,46317,46322,5,0
46317,46317,46322,5,0
46317,46317,46322,5,0
46317,46317,46322,5,0
46317,46317,46322,5,0
46317,46317,46322,5,0
46317,46317,46322,5,0
46317,46317,46322,5,0
46317,46317,46323,6,0
46317,46317,46323,6,0
46317,46317,46323,6,0
46317,46317,46323,6,0
46317,46317,46322,5,0
46317,46317,46322,5,0
46317,46317,46323,6,0
46317,46317,46323,6,0
46317,46317,46323,6,0
46317,46317,46323,6,0
46317,46317,46323,6,0
46317,46317,46323,6,0
46317,46317,46323,6,0
46317,46317,46322,5,0
46317,46317,46323,6,0
46317,46317,46323,6,0
46317,46317,46322,5,0
46317,46317,46323,6,0
46317,46317,46323,6,0
46317,46317,46322,5,0
46317,46317,46323,6,0
46317,46317,46322,5,0
46317,46317,46323,6,0
46317,46317,46322,5,0
46317,46317,46323,6,0
46317,46317,46323,6,0
46317,46317,46323,6,0
46317,46317,46323,6,0
46317,46317,46323,6,0
46317,46317,46323,6,0
46317,46317,46323,6,0
46317,46317,46322,5,0
46317,46317,46324,7,0
46317,46317,46324,7,0
46317,46317,46324,7,0
46317,46317,46324,7,0
46317,46317,46324,7,0
46317,46317,46324,7,0
46317,46317,46324,7,0
46317,46320,46324,4,3
46317,46322,46325,3,5
46317,46317,46324,7,0
46317,46317,46324,7,0
46317,46322,46325,3,5
46317,46321,46325,4,4
46317,46322,46325,3,5
46317,46322,46326,4,5
46317,46321,46325,4,4
46317,46324,46326,2,7
46317,46321,46326,5,4
46317,46322,46326,4,5
46317,46321,46325,4,4
46317,46321,46325,4,4
46317,46322,46326,4,5
46317,46321,46326,5,4
46317,46321,46326,5,4
46317,46322,46327,5,5
46317,46323,46326,3,6
46317,46324,46326,2,7
46317,46321,46326,5,4
46317,46324,46327,3,7
46317,46324,46326,2,7
46317,46322,46326,4,5
46317,46322,46327,5,5
46317,46321,46326,5,4
46317,46322,46327,5,5
46317,46322,46326,4,5
46317,46324,46326,2,7
46317,46324,46326,2,7
46317,46322,46326,4,5
46317,46321,46326,5,4
46317,46322,46326,4,5
46317,46322,46326,4,5
46317,46322,46327,5,5
46317,46322,46327,5,5
46317,46323,46327,4,6
46317,46321,46327,6,4
46317,46323,46328,5,6
46317,46323,46327,4,6
46317,46323,46327,4,6
46317,46323,46327,4,6
46317,46323,46327,4,6
46317,46323,46327,4,6
46317,46325,46327,2,8
46317,46322,46327,5,5
46317,46322,46327,5,5
46317,46325,46327,2,8
46317,46324,46327,3,7
46317,46324,46328,4,7
46317,46322,46327,5,5
46317,46324,46327,3,7
46317,46325,46327,2,8
46317,46322,46328,6,5
46317,46322,46327,5,5
46317,46322,46328,6,5
46317,46322,46328,6,5
46317,46323,46328,5,6
46317,46323,46328,5,6
46317,46323,46328,5,6
46317,46323,46328,5,6
46317,46323,46328,5,6
46317,46324,46328,4,7
46317,46323,46328,5,6
46317,46324,46329,5,7
46317,46326,46329,3,9
46317,46327,46329,2,10
46317,46327,46329,2,10
46317,46327,46329,2,10
46317,46325,46329,4,8
46317,46325,46329,4,8
46317,46322,46328,6,5
46317,46323,46328,5,6
46317,46324,46328,4,7
46317,46325,46328,3,8
46317,46324,46329,5,7
46317,46324,46328,4,7
46317,46324,46329,5,7
46317,46325,46328,3,8
46317,46324,46329,5,7
46317,46325,46328,3,8
46317,46323,46329,6,6
46317,46323,46329,6,6
46317,46324,46329,5,7
46317,46326,46329,3,9
46317,46324,46329,5,7
46317,46324,46329,5,7
46317,46327,46329,2,10
46317,46325,46329,4,8
46317,46325,46329,4,8
46317,46327,46329,2,10
46317,46327,46330,3,10
46317,46327,46329,2,10
46317,46327,46329,2,10
46317,46327,46329,2,10
46317,46326,46330,4,9
46317,46326,46331,5,9
46317,46326,46331,5,9
46317,46326,46331,5,9
46317,46326,46330,4,9
46317,46327,46330,3,10
46317,46327,46330,3,10
46317,46326,46331,5,9
46317,46326,46331,5,9
46317,46326,46331,5,9
46317,46327,46331,4,10
46317,46328,46332,4,11
46317,46328,46332,4,11
46317,46327,46332,5,10
46317,46327,46332,5,10
46317,46327,46331,4,10
46317,46327,46331,4,10
46317,46328,46332,4,11
46317,46328,46333,5,11
46317,46328,46333,5,11
46317,46328,46332,4,11
46317,46328,46332,4,11
46317,46327,46332,5,10
46317,46327,46332,5,10
46317,46327,46332,5,10
46317,46327,46332,5,10
46317,46328,46336,8,11
46345,46345,46346,1,0
46345,46345,46346,1,0
46345,46345,46347,2,0
46345,46345,46346,1,0
46345,46345,46347,2,0
46345,46345,46346,1,0
46345,46345,46347,2,0
46345,46345,46346,1,0
46345,46345,46347,2,0
46345,46345,46346,1,0
46345,46345,46346,1,0
46345,46345,46347,2,0
46345,46345,46346,1,0
46345,46345,46346,1,0
46345,46345,46347,2,0
46345,46345,46347,2,0
46345,46345,46348,3,0
46345,46345,46347,2,0
46345,46345,46347,2,0
46345,46345,46347,2,0
46345,46345,46348,3,0
46345,46345,46347,2,0
46345,46345,46347,2,0
46345,46345,46348,3,0
46345,46345,46347,2,0
46345,46345,46348,3,0
46345,46345,46347,2,0
46345,46345,46347,2,0
46345,46345,46348,3,0
46345,46345,46348,3,0
46345,46345,46348,3,0
46345,46345,46348,3,0
46345,46345,46348,3,0
46345,46345,46347,2,0
46345,46345,46348,3,0
45727,45729,46348,619,2
46345,46345,46349,4,0
46345,46345,46349,4,0
46345,46347,46349,2,2
46345,46345,46349,4,0
46345,46345,46348,3,0
46345,46345,46348,3,0
46345,46345,46349,4,0
46345,46345,46349,4,0
46345,46345,46349,4,0
46345,46345,46349,4,0
46345,46345,46349,4,0
46345,46345,46348,3,0
46345,46345,46349,4,0
46345,46345,46348,3,0
46345,46345,46349,4,0
46345,46345,46349,4,0
46345,46345,46348,3,0
46345,46345,46349,4,0
46345,46345,46349,4,0
46345,46345,46350,5,0
46345,46345,46349,4,0
46345,46345,46350,5,0
46345,46347,46349,2,2
46345,46345,46350,5,0
46345,46345,46349,4,0
46345,46345,46350,5,0
46345,46347,46350,3,2
46345,46345,46349,4,0
46345,46348,46350,2,3
46345,46347,46350,3,2
46345,46345,46351,6,0
46345,46345,46351,6,0
46345,46345,46351,6,0
46345,46348,46351,3,3
46345,46345,46351,6,0
46345,46345,46351,6,0
46345,46345,46351,6,0
46345,46347,46351,4,2
46345,46347,46351,4,2
46345,46345,46351,6,0
46345,46345,46351,6,0
46345,46345,46351,6,0
46345,46347,46351,4,2
46345,46345,46351,6,0
46345,46345,46351,6,0
46345,46347,46351,4,2
46345,46345,46351,6,0
46345,46345,46351,6,0
46345,46347,46351,4,2
46345,46345,46351,6,0
46345,46347,46350,3,2
46345,46348,46351,3,3
46345,46345,46351,6,0
46345,46347,46351,4,2
46345,46348,46351,3,3
46345,46345,46351,6,0
46345,46345,46351,6,0
46345,46346,46352,6,1
46345,46345,46352,7,0
46345,46347,46351,4,2
46345,46348,46352,4,3
46345,46348,46352,4,3
46345,46347,46351,4,2
46345,46345,46352,7,0
46345,46345,46352,7,0
46345,46347,46352,5,2
46345,46348,46352,4,3
46345,46347,46352,5,2
46345,46349,46353,4,4
46345,46349,46353,4,4
46345,46349,46353,4,4
46345,46348,46353,5,3
46345,46348,46353,5,3
46345,46349,46353,4,4
46345,46348,46353,5,3
46345,46348,46353,5,3
46345,46348,46353,5,3
46345,46349,46353,4,4
46345,46348,46353,5,3
46345,46349,46353,4,4
46345,46348,46353,5,3
46345,46349,46353,4,4
46345,46348,46353,5,3
46345,46348,46353,5,3
46345,46349,46353,4,4
46345,46348,46354,6,3
46345,46349,46354,5,4
46345,46348,46353,5,3
46345,46349,46353,4,4
46345,46348,46353,5,3
46345,46349,46353,4,4
46345,46349,46354,5,4
46345,46349,46353,4,4
46345,46349,46354,5,4
46345,46349,46354,5,4
46345,46349,46354,5,4
46345,46350,46354,4,5
46345,46350,46354,4,5
46345,46350,46354,4,5
46345,46350,46354,4,5
46345,46349,46354,5,4
46345,46349,46354,5,4
46345,46350,46354,4,5
46345,46350,46355,5,5
46345,46350,46355,5,5
46345,46351,46355,4,6
46345,46351,46355,4,6
46345,46351,46355,4,6
46345,46351,46355,4,6
46345,46351,46355,4,6
46345,46351,46355,4,6
46345,46352,46355,3,7
46345,46352,46355,3,7
46345,46350,46355,5,5
46345,46352,46355,3,7
46345,46352,46355,3,7
46345,46352,46356,4,7
46345,46352,46355,3,7
46345,46350,46355,5,5
46345,46352,46355,3,7
46345,46350,46355,5,5
46345,46350,46355,5,5
46345,46352,46356,4,7
46345,46350,46355,5,5
46345,46352,46355,3,7
46345,46353,46356,3,8
46345,46351,46356,5,6
46345,46351,46356,5,6
46345,46354,46356,2,9
46345,46354,46357,3,9
46345,46352,46356,4,7
46345,46352,46356,4,7
46345,46353,46356,3,8
46345,46352,46356,4,7
46345,46352,46356,4,7
46345,46352,46356,4,7
46345,46352,46356,4,7
46345,46352,46356,4,7
46345,46353,46356,3,8
46345,46353,46356,3,8
46345,46353,46356,3,8
46345,46352,46356,4,7
46345,46352,46356,4,7
46345,46353,46356,3,8
46345,46352,46357,5,7
46345,46352,46357,5,7
46345,46353,46357,4,8
46345,46351,46357,6,6
46345,46354,46357,3,9
46345,46354,46357,3,9
46345,46354,46357,3,9
46345,46352,46357,5,7
46345,46352,46357,5,7
46345,46352,46357,5,7
46345,46354,46357,3,9
46345,46354,46357,3,9
46345,46354,46357,3,9
46345,46354,46357,3,9
46345,46354,46357,3,9
46345,46354,46357,3,9
46345,46353,46357,4,8
46345,46352,46358,6,7
46345,46354,46358,4,9
46345,46354,46358,4,9
46345,46354,46358,4,9
46366,46366,46369,3,0
46366,46366,46369,3,0
46366,46366,46369,3,0
46366,46366,46370,4,0
46366,46366,46370,4,0
46366,46366,46370,4,0
46366,46366,46370,4,0
46366,46366,46370,4,0
46366,46367,46370,3,1
46366,46366,46370,4,0
46366,46366,46370,4,0
46366,46366,46370,4,0
46366,46367,46370,3,1
46366,46367,46370,3,1
46366,46366,46370,4,0
46366,46367,46370,3,1
46366,46367,46370,3,1
46366,46366,46370,4,0
46366,46366,46369,3,0
46366,46366,46370,4,0
46366,46366,46370,4,0
46366,46366,46370,4,0
46366,46366,46370,4,0
46366,46366,46371,5,0
46366,46366,46371,5,0
46366,46366,46371,5,0
46366,46367,46371,4,1
46366,46366,46371,5,0
46366,46366,46371,5,0
46366,46367,46371,4,1
46366,46367,46371,4,1
46366,46366,46372,6,0
46366,46366,46371,5,0
46366,46366,46371,5,0
46366,46366,46371,5,0
46366,46366,46372,6,0
46366,46366,46372,6,0
46366,46366,46372,6,0
46366,46366,46371,5,0
46366,46367,46372,5,1
46366,46367,46372,5,1
46366,46366,46371,5,0
46366,46366,46372,6,0
46366,46366,46371,5,0
46366,46369,46371,2,3
46366,46366,46371,5,0
46366,46366,46371,5,0
46366,46369,46372,3,3
46366,46366,46371,5,0
46366,46366,46371,5,0
46366,46366,46372,6,0
46366,46366,46371,5,0
46366,46369,46371,2,3
46366,46366,46372,6,0
46366,46366,46372,6,0
46366,46366,46372,6,0
46366,46366,46372,6,0
46366,46366,46373,7,0
46366,46370,46372,2,4
46366,46366,46372,6,0
46366,46366,46372,6,0
46366,46366,46372,6,0
46366,46366,46372,6,0
46366,46366,46372,6,0
46366,46370,46372,2,4
46366,46372,46373,1,6
46366,46372,46373,1,6
46366,46372,46373,1,6
46366,46366,46372,6,0
46366,46366,46372,6,0
46366,46366,46372,6,0
46366,46366,46372,6,0
46366,46366,46372,6,0
46366,46366,46373,7,0
46366,46367,46372,5,1
46366,46372,46373,1,6
46366,46372,46373,1,6
46366,46366,46373,7,0
46366,46366,46373,7,0
46366,46366,46372,6,0
46366,46372,46373,1,6
46366,46367,46373,6,1
46366,46371,46373,2,5
46366,46372,46373,1,6
46366,46372,46373,1,6
46366,46372,46373,1,6
46366,46372,46373,1,6
46366,46366,46373,7,0
46366,46366,46372,6,0
46366,46367,46373,6,1
46366,46372,46373,1,6
46366,46372,46373,1,6
46366,46372,46373,1,6
46366,46372,46373,1,6
46366,46366,46372,6,0
46366,46366,46372,6,0
46366,46371,46373,2,5
46366,46366,46373,7,0
46366,46366,46373,7,0
46366,46372,46374,2,6
46366,46372,46373,1,6
46366,46372,46373,1,6
46366,46366,46373,7,0
46366,46367,46373,6,1
46366,46372,46374,2,6
46366,46372,46374,2,6
46366,46372,46374,2,6
46366,46372,46374,2,6
46366,46372,46374,2,6
46366,46371,46373,2,5
46366,46371,46373,2,5
46366,46372,46373,1,6
46366,46372,46373,1,6
46366,46372,46374,2,6
46366,46370,46374,4,4
46366,46372,46375,3,6
46366,46373,46374,1,7
46366,46373,46375,2,7
46366,46373,46374,1,7
46366,46372,46374,2,6
46366,46372,46375,3,6
46366,46371,46375,4,5
46366,46371,46374,3,5
46366,46371,46375,4,5
46366,46370,46376,6,4
46366,46370,46376,6,4
46366,46372,46375,3,6
46366,46371,46376,5,5
46366,46371,46376,5,5
46366,46373,46375,2,7
46366,46373,46375,2,7
46366,46373,46375,2,7
46366,46372,46376,4,6
46366,46372,46376,4,6
46366,46371,46376,5,5
46366,46373,46376,3,7
46366,46373,46376,3,7
46366,46373,46376,3,7
46366,46373,46376,3,7
46366,46373,46376,3,7
46366,46373,46375,2,7
46366,46373,46376,3,7
46366,46371,46376,5,5
46366,46373,46376,3,7
46366,46374,46376,2,8
46366,46373,46376,3,7
46366,46373,46376,3,7
46366,46373,46376,3,7
46366,46373,46376,3,7
46366,46373,46376,3,7
46366,46373,46376,3,7
46366,46373,46377,4,7
46366,46374,46377,3,8
46366,46374,46376,2,8
46366,46374,46377,3,8
46366,46371,46376,5,5
46366,46371,46376,5,5
46366,46371,46376,5,5
46366,46371,46376,5,5
46366,46373,46376,3,7
46366,46373,46376,3,7
46366,46373,46377,4,7
46366,46374,46377,3,8
46366,46373,46377,4,7
46366,46373,46377,4,7
46366,46374,46378,4,8
46366,46375,46377,2,9
46366,46373,46378,5,7
46366,46375,46377,2,9
46366,46373,46377,4,7
46366,46373,46377,4,7
46366,46374,46378,4,8
46366,46373,46378,5,7
46366,46373,46377,4,7
46366,46373,46377,4,7
46366,46373,46378,5,7
46366,46374,46378,4,8
46366,46373,46378,5,7
46366,46373,46378,5,7
46366,46374,46378,4,8
46366,46374,46379,5,8
46366,46374,46378,4,8
46366,46374,46379,5,8
46366,46374,46379,5,8
46366,46375,46379,4,9
46366,46375,46379,4,9
46366,46373,46378,5,7
46366,46373,46379,6,7
46366,46373,46379,6,7
46366,46373,46379,6,7
46366,46373,46379,6,7
46366,46374,46379,5,8
46366,46374,46379,5,8
46366,46373,46379,6,7
46366,46374,46379,5,8
46366,46374,46379,5,8
46366,46373,46379,6,7
46366,46373,46378,5,7
46366,46375,46379,4,9
46388,46388,46391,3,0
46388,46388,46391,3,0
46388,46388,46392,4,0
46388,46388,46392,4,0
46388,46388,46392,4,0
46388,46388,46392,4,0
46388,46388,46392,4,0
46388,46388,46392,4,0
46388,46388,46392,4,0
46388,46388,46392,4,0
46388,46388,46392,4,0
46388,46388,46392,4,0
46388,46388,46392,4,0
46388,46388,46392,4,0
46388,46388,46392,4,0
46388,46388,46393,5,0
46388,46388,46393,5,0
46388,46388,46393,5,0
46388,46388,46392,4,0
46388,46388,46393,5,0
46388,46388,46393,5,0
46388,46388,46393,5,0
46388,46388,46393,5,0
46388,46388,46393,5,0
46388,46388,46393,5,0
46388,46388,46392,4,0
46388,46388,46393,5,0
46388,46388,46393,5,0
46388,46388,46393,5,0
46388,46388,46393,5,0
46388,46389,46393,4,1
46388,46388,46393,5,0
46388,46388,46393,5,0
46388,46388,46393,5,0
46388,46388,46393,5,0
46388,46388,46393,5,0
46388,46389,46393,4,1
46388,46388,46393,5,0
46388,46388,46393,5,0
46388,46388,46393,5,0
46388,46389,46393,4,1
46388,46389,46393,4,1
46388,46388,46393,5,0
46388,46388,46393,5,0
46388,46388,46393,5,0
46388,46389,46393,4,1
46388,46388,46393,5,0
46388,46388,46393,5,0
46388,46388,46394,6,0
46388,46388,46394,6,0
46388,46388,46394,6,0
46388,46388,46394,6,0
46388,46388,46394,6,0
46388,46389,46394,5,1
46388,46388,46395,7,0
46388,46389,46394,5,1
46388,46388,46395,7,0
46388,46388,46394,6,0
46388,46389,46394,5,1
46388,46388,46394,6,0
46388,46388,46394,6,0
46388,46388,46394,6,0
46388,46388,46394,6,0
46388,46388,46394,6,0
46388,46388,46394,6,0
46388,46393,46395,2,5
46388,46388,46395,7,0
46388,46388,46394,6,0
46388,46389,46394,5,1
46388,46388,46394,6,0
46388,46388,46394,6,0
46388,46392,46395,3,4
46388,46388,46394,6,0
46388,46388,46394,6,0
46388,46388,46395,7,0
46388,46391,46395,4,3
46388,46388,46394,6,0
46388,46388,46394,6,0
46388,46392,46395,3,4
46388,46392,46395,3,4
46388,46392,46395,3,4
46388,46389,46395,6,1
46388,46388,46395,7,0
46388,46393,46395,2,5
46388,46388,46395,7,0
46388,46392,46395,3,4
46388,46394,46396,2,6
46388,46388,46395,7,0
46388,46392,46395,3,4
46388,46393,46395,2,5
46388,46393,46395,2,5
46388,46393,46395,2,5
46388,46389,46395,6,1
46388,46391,46395,4,3
46388,46394,46396,2,6
46388,46394,46396,2,6
46388,46394,46396,2,6
46388,46394,46396,2,6
46388,46394,46397,3,6
46388,46394,46397,3,6
46388,46394,46396,2,6
46388,46393,46398,5,5
46388,46394,46397,3,6
46388,46393,46397,4,5
46388,46394,46398,4,6
46388,46394,46398,4,6
46388,46393,46397,4,5
46388,46394,46398,4,6
46388,46395,46398,3,7
46388,46394,46397,3,6
46388,46394,46398,4,6
46388,46395,46398,3,7
46388,46394,46397,3,6
46388,46394,46397,3,6
46388,46394,46399,5,6
46388,46394,46398,4,6
46388,46395,46398,3,7
46388,46394,46399,5,6
46388,46395,46399,4,7
46388,46397,46399,2,9
46388,46394,46398,4,6
46388,46394,46398,4,6
46388,46397,46399,2,9
46388,46394,46398,4,6
46388,46395,46398,3,7
46388,46395,46399,4,7
46388,46395,46398,3,7
46388,46397,46399,2,9
46388,46395,46398,3,7
46388,46396,46399,3,8
46388,46395,46399,4,7
46388,46394,46399,5,6
46388,46395,46400,5,7
46388,46398,46400,2,10
46388,46394,46400,6,6
46388,46394,46399,5,6
46388,46395,46399,4,7
46388,46395,46400,5,7
46388,46395,46400,5,7
46388,46396,46399,3,8
46388,46397,46400,3,9
46388,46398,46400,2,10
46388,46394,46399,5,6
46388,46394,46399,5,6
46388,46395,46399,4,7
46388,46395,46399,4,7
46388,46398,46400,2,10
46388,46394,46399,5,6
46388,46395,46400,5,7
46388,46395,46400,5,7
46388,46394,46399,5,6
46388,46394,46399,5,6
46388,46394,46399,5,6
46388,46394,46399,5,6
46388,46396,46399,3,8
46388,46398,46400,2,10
46388,46394,46399,5,6
46388,46395,46400,5,7
46388,46395,46399,4,7
46388,46396,46400,4,8
46388,46395,46399,4,7
46388,46396,46400,4,8
46388,46396,46399,3,8
46388,46395,46400,5,7
46388,46395,46400,5,7
46388,46396,46400,4,8
46388,46396,46400,4,8
46388,46396,46399,3,8
46388,46396,46400,4,8
46388,46395,46400,5,7
46388,46395,46400,5,7
46388,46395,46400,5,7
46388,46395,46400,5,7
46388,46397,46400,3,9
46388,46396,46400,4,8
46388,46397,46400,3,9
46388,46395,46400,5,7
46388,46397,46400,3,9
46388,46395,46400,5,7
46388,46396,46401,5,8
46388,46396,46401,5,8
46388,46395,46400,5,7
46388,46396,46400,4,8
46388,46398,46401,3,10
46388,46398,46400,2,10
46388,46398,46400,2,10
46388,46396,46401,5,8
46388,46398,46401,3,10
46388,46396,46401,5,8
46388,46398,46402,4,10
46388,46398,46402,4,10
46388,46398,46402,4,10
46388,46399,46403,4,11
46388,46399,46402,3,11
46388,46399,46403,4,11
46388,46398,46403,5,10
46388,46398,46403,5,10
46388,46399,46403,4,11
46388,46399,46404,5,11
46388,46399,46403,4,11
46410,46410,46411,1,0
46410,46410,46412,2,0
46410,46410,46412,2,0
46410,46410,46412,2,0
46410,46410,46412,2,0
46410,46410,46412,2,0
46410,46410,46412,2,0
46410,46410,46412,2,0
46410,46410,46412,2,0
46410,46410,46412,2,0
46410,46410,46411,1,0
46410,46410,46412,2,0
46410,46410,46412,2,0
46410,46410,46412,2,0
46410,46410,46412,2,0
46410,46410,46412,2,0
46410,46410,46412,2,0
46410,46410,46412,2,0
46410,46410,46412,2,0
46410,46410,46413,3,0
46410,46410,46412,2,0
46410,46410,46413,3,0
46410,46410,46413,3,0
46410,46410,46413,3,0
46410,46410,46413,3,0
46410,46410,46414,4,0
46410,46410,46414,4,0
46410,46410,46414,4,0
46410,46410,46414,4,0
46410,46410,46413,3,0
46410,46410,46414,4,0
46410,46410,46414,4,0
46410,46410,46413,3,0
46410,46410,46413,3,0
46410,46410,46414,4,0
46410,46410,46414,4,0
46410,46410,46414,4,0
46410,46410,46414,4,0
46410,46410,46414,4,0
46410,46410,46414,4,0
46410,46412,46414,2,2
46410,46410,46415,5,0
46410,46410,46415,5,0
46410,46410,46415,5,0
46410,46412,46415,3,2
46410,46410,46415,5,0
46410,46410,46415,5,0
46410,46410,46415,5,0
46410,46410,46415,5,0
46410,46410,46415,5,0
46410,46410,46415,5,0
46410,46410,46415,5,0
46410,46410,46415,5,0
46410,46412,46415,3,2
46410,46410,46415,5,0
46410,46410,46415,5,0
46410,46410,46415,5,0
46410,46410,46415,5,0
46410,46410,46415,5,0
46410,46410,46415,5,0
46410,46410,46415,5,0
46410,46410,46415,5,0
46410,46413,46416,3,3
46410,46410,46416,6,0
46410,46410,46416,6,0
46410,46410,46416,6,0
46410,46412,46416,4,2
46410,46410,46416,6,0
46410,46410,46416,6,0
46410,46410,46416,6,0
46410,46410,46416,6,0
46410,46412,46416,4,2
46410,46410,46416,6,0
46410,46410,46417,7,0
46410,46412,46416,4,2
46410,46410,46416,6,0
46410,46410,46416,6,0
46410,46412,46417,5,2
46410,46412,46416,4,2
46410,46410,46416,6,0
46410,46410,46416,6,0
46410,46411,46416,5,1
46410,46412,46417,5,2
46410,46410,46416,6,0
46410,46412,46416,4,2
46410,46410,46417,7,0
46410,46413,46417,4,3
46410,46414,46417,3,4
46410,46410,46417,7,0
46410,46412,46417,5,2
46410,46413,46417,4,3
46410,46410,46417,7,0
46410,46410,46417,7,0
46410,46412,46417,5,2
46410,46416,46418,2,6
46410,46413,46417,4,3
46410,46410,46417,7,0
46410,46413,46418,5,3
46410,46415,46417,2,5
46410,46412,46417,5,2
46410,46413,46418,5,3
46410,46410,46417,7,0
46410,46410,46417,7,0
46410,46412,46418,6,2
46410,46413,46417,4,3
46410,46413,46417,4,3
46410,46413,46418,5,3
46410,46417,46418,1,7
46410,46417,46419,2,7
46410,46413,46418,5,3
46410,46416,46419,3,6
46410,46415,46418,3,5
46410,46415,46419,4,5
46410,46415,46419,4,5
46410,46416,46418,2,6
46410,46415,46418,3,5
46410,46416,46419,3,6
46410,46415,46418,3,5
46410,46417,46419,2,7
46410,46417,46419,2,7
46410,46418,46419,1,8
46410,46418,46420,2,8
46410,46416,46419,3,6
46410,46416,46420,4,6
46410,46418,46420,2,8
46410,46415,46420,5,5
46410,46415,46420,5,5
46410,46415,46420,5,5
46410,46416,46420,4,6
46410,46415,46420,5,5
46410,46415,46420,5,5
46410,46415,46419,4,5
46410,46415,46420,5,5
46410,46417,46419,2,7
46410,46417,46419,2,7
46410,46415,46420,5,5
46410,46416,46420,4,6
46410,46415,46419,4,5
46410,46416,46420,4,6
46410,46417,46419,2,7
46410,46417,46419,2,7
46410,46415,46421,6,5
46410,46415,46421,6,5
46410,46416,46420,4,6
46410,46416,46420,4,6
46410,46417,46420,3,7
46410,46416,46420,4,6
46410,46416,46421,5,6
46410,46418,46420,2,8
46410,46418,46420,2,8
46410,46416,46420,4,6
46410,46417,46421,4,7
46410,46416,46421,5,6
46410,46417,46421,4,7
46410,46416,46421,5,6
46410,46419,46421,2,9
46410,46419,46421,2,9
46410,46419,46421,2,9
46410,46416,46421,5,6
46410,46419,46421,2,9
46410,46419,46421,2,9
46410,46417,46422,5,7
46410,46417,46421,4,7
46410,46417,46421,4,7
46410,46418,46421,3,8
46410,46418,46422,4,8
46410,46419,46421,2,9
46410,46419,46421,2,9
46410,46417,46422,5,7
46410,46417,46421,4,7
46410,46417,46421,4,7
46410,46417,46421,4,7
46410,46417,46421,4,7
46410,46419,46421,2,9
46410,46418,46422,4,8
46410,46417,46422,5,7
46410,46416,46421,5,6
46410,46416,46421,5,6
46410,46417,46422,5,7
46410,46418,46422,4,8
46410,46419,46422,3,9
46410,46417,46422,5,7
46410,46418,46422,4,8
46410,46418,46422,4,8
46410,46418,46422,4,8
46410,46418,46423,5,8
46410,46418,46422,4,8
46410,46418,46423,5,8
46410,46418,46423,5,8
46410,46418,46423,5,8
46410,46419,46423,4,9
46410,46418,46422,4,8
46410,46419,46423,4,9
46410,46419,46423,4,9
46410,46418,46423,5,8
46410,46418,46423,5,8
46410,46418,46423,5,8
46410,46416,46424,8,6
46410,46420,46425,5,10
46410,46420,46425,5,10
46434,46434,46437,3,0
46434,46434,46437,3,0
46434,46434,46437,3,0
46434,46434,46438,4,0
46434,46434,46438,4,0
46434,46434,46438,4,0
46434,46434,46438,4,0
46434,46434,46437,3,0
46434,46434,46438,4,0
46434,46434,46437,3,0
46434,46434,46438,4,0
46434,46434,46438,4,0
46434,46434,46437,3,0
46434,46434,46438,4,0
46434,46434,46437,3,0
46434,46434,46437,3,0
46434,46434,46437,3,0
46434,46434,46439,5,0
46434,46434,46439,5,0
46434,46434,46438,4,0
46434,46434,46439,5,0
46434,46434,46438,4,0
46434,46434,46438,4,0
46434,46434,46439,5,0
46434,46434,46438,4,0
46434,46434,46439,5,0
46434,46434,46438,4,0
46434,46434,46438,4,0
46434,46434,46439,5,0
46434,46434,46439,5,0
46434,46434,46439,5,0
46434,46434,46439,5,0
46434,46434,46439,5,0
46434,46434,46439,5,0
46434,46434,46439,5,0
46434,46434,46439,5,0
46434,46434,46439,5,0
46434,46434,46439,5,0
46434,46434,46438,4,0
46434,46434,46439,5,0
46434,46434,46439,5,0
46434,46434,46440,6,0
46434,46434,46440,6,0
46434,46434,46439,5,0
46434,46434,46440,6,0
46434,46434,46440,6,0
46434,46434,46439,5,0
46434,46434,46439,5,0
46434,46434,46439,5,0
46434,46434,46440,6,0
46434,46434,46439,5,0
46434,46434,46439,5,0
46434,46434,46440,6,0
46434,46434,46439,5,0
46434,46434,46439,5,0
46434,46434,46440,6,0
46434,46434,46440,6,0
46434,46434,46440,6,0
46434,46434,46440,6,0
46434,46434,46440,6,0
46434,46434,46440,6,0
46434,46434,46439,5,0
46434,46434,46440,6,0
46434,46434,46440,6,0
46434,46434,46439,5,0
46434,46434,46440,6,0
46434,46437,46440,3,3
46434,46434,46439,5,0
46434,46434,46440,6,0
46434,46434,46440,6,0
46434,46434,46439,5,0
46434,46434,46439,5,0
46434,46434,46441,7,0
46434,46440,46441,1,6
46434,46440,46441,1,6
46434,46440,46441,1,6
46434,46434,46440,6,0
46434,46440,46441,1,6
46434,46440,46441,1,6
46434,46434,46440,6,0
46434,46434,46441,7,0
46434,46434,46440,6,0
46434,46438,46441,3,4
46434,46440,46441,1,6
46434,46440,46441,1,6
46434,46434,46440,6,0
46434,46438,46440,2,4
46434,46440,46441,1,6
46434,46440,46441,1,6
46434,46440,46441,1,6
46434,46434,46440,6,0
46434,46438,46441,3,4
46434,46440,46441,1,6
46434,46440,46441,1,6
46434,46434,46441,7,0
46434,46437,46441,4,3
46434,46434,46440,6,0
46434,46438,46441,3,4
46434,46440,46441,1,6
46434,46440,46441,1,6
46434,46437,46440,3,3
46434,46438,46441,3,4
46434,46439,46441,2,5
46434,46439,46441,2,5
46434,46439,46441,2,5
46434,46438,46441,3,4
46434,46440,46441,1,6
46434,46440,46441,1,6
46434,46439,46442,3,5
46434,46439,46442,3,5
46434,46439,46442,3,5
46434,46439,46442,3,5
46434,46439,46441,2,5
46434,46438,46442,4,4
46434,46439,46442,3,5
46434,46440,46442,2,6
46434,46440,46442,2,6
46434,46439,46442,3,5
46434,46438,46441,3,4
46434,46439,46442,3,5
46434,46440,46442,2,6
46434,46438,46442,4,4
46434,46439,46442,3,5
46434,46440,46442,2,6
46434,46439,46443,4,5
46434,46439,46443,4,5
46434,46439,46443,4,5
46434,46438,46443,5,4
46434,46438,46443,5,4
46434,46440,46443,3,6
46434,46438,46443,5,4
46434,46439,46443,4,5
46434,46439,46443,4,5
46434,46441,46443,2,7
46434,46439,46443,4,5
46434,46439,46443,4,5
46434,46438,46443,5,4
46434,46440,46443,3,6
46434,46442,46444,2,8
46434,46438,46443,5,4
46434,46439,46444,5,5
46434,46439,46443,4,5
46434,46439,46444,5,5
46434,46441,46444,3,7
46434,46441,46444,3,7
46434,46439,46444,5,5
46434,46440,46444,4,6
46434,46440,46444,4,6
46434,46442,46445,3,8
46434,46442,46444,2,8
46434,46442,46444,2,8
46434,46441,46444,3,7
46434,46439,46444,5,5
46434,46441,46444,3,7
46434,46441,46444,3,7
46434,46441,46444,3,7
46434,46440,46444,4,6
46434,46442,46445,3,8
46434,46440,46444,4,6
46434,46442,46445,3,8
46434,46442,46445,3,8
46434,46441,46445,4,7
46434,46441,46445,4,7
46434,46441,46445,4,7
46434,46441,46445,4,7
46434,46442,46445,3,8
46434,46442,46445,3,8
46434,46440,46445,5,6
46434,46440,46445,5,6
46434,46441,46445,4,7
46434,46440,46445,5,6
46434,46442,46445,3,8
46434,46440,46446,6,6
46434,46442,46446,4,8
46434,46442,46445,3,8
46434,46441,46445,4,7
46434,46442,46446,4,8
46434,46442,46445,3,8
46434,46442,46445,3,8
46434,46440,46445,5,6
46434,46442,46446,4,8
46434,46442,46446,4,8
46434,46442,46446,4,8
46434,46441,46447,6,7
46434,46441,46446,5,7
46434,46442,46446,4,8
46434,46442,46447,5,8
46434,46442,46446,4,8
46434,46442,46447,5,8
46434,46441,46447,6,7
46434,46442,46447,5,8
46434,46443,46447,4,9
46434,46442,46447,5,8
46434,46441,46447,6,7
46434,46443,46447,4,9
46434,46443,46447,4,9
46434,46443,46448,5,9
46434,46443,46447,4,9
46434,46443,46447,4,9
46434,46443,46447,4,9
46456,46456,46459,3,0
46456,46456,46459,3,0
46456,46456,46459,3,0
46456,46456,46459,3,0
46456,46456,46459,3,0
46456,46456,46459,3,0
46456,46456,46459,3,0
46456,46456,46460,4,0
46456,46456,46460,4,0
46456,46456,46460,4,0
46456,46456,46459,3,0
46456,46456,46460,4,0
46456,46456,46460,4,0
46456,46456,46460,4,0
46456,46456,46460,4,0
46456,46456,46459,3,0
46456,46456,46459,3,0
46456,46456,46459,3,0
46456,46456,46461,5,0
46456,46456,46461,5,0
46456,46456,46460,4,0
46456,46456,46461,5,0
46456,46456,46461,5,0
46456,46456,46460,4,0
46456,46456,46461,5,0
46456,46456,46461,5,0
46456,46456,46460,4,0
46456,46456,46461,5,0
46456,46456,46461,5,0
46456,46456,46461,5,0
46456,46456,46461,5,0
46456,46456,46461,5,0
46456,46456,46460,4,0
46456,46456,46461,5,0
46456,46456,46461,5,0
46456,46456,46461,5,0
46456,46456,46461,5,0
46456,46456,46461,5,0
46456,46456,46461,5,0
46456,46456,46460,4,0
46456,46456,46462,6,0
46456,46456,46462,6,0
46456,46456,46462,6,0
46456,46456,46462,6,0
46456,46456,46462,6,0
46456,46456,46461,5,0
46456,46456,46462,6,0
46456,46456,46462,6,0
46456,46456,46461,5,0
46456,46456,46462,6,0
46456,46456,46462,6,0
46456,46456,46462,6,0
46456,46456,46461,5,0
46456,46456,46462,6,0
46456,46456,46462,6,0
46456,46456,46461,5,0
46456,46456,46462,6,0
46456,46456,46461,5,0
46456,46460,46462,2,4
46456,46456,46462,6,0
46456,46456,46461,5,0
46456,46456,46461,5,0
46456,46456,46462,6,0
46456,46460,46462,2,4
46456,46456,46462,6,0
46456,46456,46462,6,0
46456,46456,46462,6,0
46456,46456,46462,6,0
46456,46456,46462,6,0
46456,46456,46462,6,0
46456,46456,46463,7,0
46456,46456,46462,6,0
46456,46456,46462,6,0
46456,46456,46463,7,0
46456,46456,46463,7,0
46456,46456,46463,7,0
46456,46456,46462,6,0
46456,46456,46462,6,0
46456,46459,46462,3,3
46456,46460,46462,2,4
46456,46460,46462,2,4
46456,46456,46462,6,0
46456,46461,46463,2,5
46456,46460,46463,3,4
46456,46456,46463,7,0
46456,46456,46463,7,0
46456,46459,46464,5,3
46456,46461,46464,3,5
46456,46459,46464,5,3
46456,46460,46464,4,4
46456,46459,46464,5,3
46456,46459,46464,5,3
46456,46460,46463,3,4
46456,46456,46465,9,0
46456,46460,46464,4,4
46456,46460,46465,5,4
46456,46463,46465,2,7
46456,46461,46465,4,5
46456,46462,46465,3,6
46456,46460,46465,5,4
46456,46461,46465,4,5
46456,46461,46465,4,5
46456,46459,46465,6,3
46456,46460,46465,5,4
46456,46461,46465,4,5
46456,46461,46466,5,5
46456,46463,46465,2,7
46456,46462,46466,4,6
46456,46460,46465,5,4
46456,46461,46466,5,5
46456,46462,46466,4,6
46456,46461,46466,5,5
46456,46463,46465,2,7
46456,46461,46466,5,5
46456,46461,46466,5,5
46456,46462,46466,4,6
46456,46462,46465,3,6
46456,46461,46465,4,5
46456,46461,46466,5,5
46456,46461,46466,5,5
46456,46462,46466,4,6
46456,46461,46466,5,5
46456,46461,46466,5,5
46456,46461,46466,5,5
46456,46462,46466,4,6
46456,46462,46466,4,6
46456,46462,46466,4,6
46456,46461,46466,5,5
46456,46462,46466,4,6
46456,46462,46466,4,6
46456,46463,46466,3,7
46456,46462,46466,4,6
46456,46462,46466,4,6
46456,46463,46467,4,7
46456,46463,46467,4,7
46456,46463,46467,4,7
46456,46464,46466,2,8
46456,46462,46467,5,6
46456,46461,46467,6,5
46456,46462,46467,5,6
46456,46464,46466,2,8
46456,46462,46467,5,6
46456,46462,46467,5,6
46456,46462,46467,5,6
46456,46464,46467,3,8
46456,46464,46466,2,8
46456,46462,46467,5,6
46456,46463,46467,4,7
46456,46463,46467,4,7
46456,46461,46467,6,5
46456,46461,46466,5,5
46456,46462,46467,5,6
46456,46461,46467,6,5
46456,46462,46467,5,6
46456,46462,46467,5,6
46456,46462,46467,5,6
46456,46463,46467,4,7
46456,46465,46467,2,9
46456,46465,46467,2,9
46456,46462,46467,5,6
46456,46464,46468,4,8
46456,46464,46467,3,8
46456,46466,46468,2,10
46456,46462,46467,5,6
46456,46466,46468,2,10
46456,46463,46468,5,7
46456,46465,46468,3,9
46456,46462,46467,5,6
46456,46464,46468,4,8
46456,46462,46468,6,6
46456,46463,46468,5,7
46456,46463,46468,5,7
46456,46465,46468,3,9
46456,46465,46468,3,9
46456,46463,46468,5,7
46456,46463,46468,5,7
46456,46463,46468,5,7
46456,46465,46469,4,9
46456,46466,46469,3,10
46456,46466,46469,3,10
46456,46465,46469,4,9
46456,46465,46469,4,9
46456,46463,46469,6,7
46456,46463,46469,6,7
46456,46463,46469,6,7
46456,46465,46469,4,9
46456,46466,46469,3,10
46456,46466,46469,3,10
46456,46465,46470,5,9
46456,46466,46470,4,10
46456,46466,46470,4,10
46456,46465,46470,5,9
46456,46466,46470,4,10
46456,46466,46471,5,10
46456,46466,46471,5,10
46456,46466,46471,5,10
46456,46466,46471,5,10
46456,46466,46472,6,10
46456,46466,46472,6,10
46456,46466,46475,9,10
46484,46484,46486,2,0
46484,46484,46486,2,0
46484,46484,46486,2,0
46484,46484,46486,2,0
46484,46484,46486,2,0
46484,46484,46486,2,0
46484,46484,46486,2,0
46484,46484,46486,2,0
46484,46484,46486,2,0
46484,46484,46486,2,0
46484,46484,46486,2,0
46484,46484,46486,2,0
46484,46484,46486,2,0
46484,46484,46486,2,0
46484,46484,46486,2,0
46484,46484,46486,2,0
46484,46484,46487,3,0
46484,46484,46486,2,0
46484,46484,46486,2,0
46484,46484,46487,3,0
46484,46484,46486,2,0
46484,46484,46486,2,0
46484,46484,46486,2,0
46484,46484,46486,2,0
46484,46484,46486,2,0
46484,46484,46486,2,0
46484,46484,46486,2,0
46484,46484,46487,3,0
46484,46484,46487,3,0
46484,46484,46488,4,0
46484,46484,46488,4,0
46484,46484,46488,4,0
46484,46484,46488,4,0
46484,46484,46488,4,0
46484,46484,46488,4,0
46484,46484,46488,4,0
46484,46484,46488,4,0
46484,46484,46487,3,0
46484,46484,46487,3,0
46484,46484,46487,3,0
46484,46484,46487,3,0
46484,46484,46487,3,0
46484,46484,46487,3,0
46484,46484,46487,3,0
46484,46484,46488,4,0
46484,46484,46487,3,0
46484,46484,46487,3,0
46484,46484,46487,3,0
46484,46484,46488,4,0
46484,46484,46488,4,0
46484,46484,46488,4,0
46484,46484,46489,5,0
46484,46484,46488,4,0
46484,46484,46488,4,0
46484,46486,46488,2,2
46484,46484,46488,4,0
46484,46484,46489,5,0
46484,46486,46488,2,2
46484,46484,46488,4,0
46484,46484,46489,5,0
46484,46486,46488,2,2
46484,46484,46489,5,0
46484,46484,46488,4,0
46484,46484,46488,4,0
46484,46484,46488,4,0
46484,46484,46488,4,0
46484,46486,46488,2,2
46484,46484,46489,5,0
46484,46484,46489,5,0
46484,46486,46489,3,2
46484,46484,46489,5,0
46484,46484,46489,5,0
46484,46484,46489,5,0
46484,46484,46489,5,0
46484,46486,46488,2,2
46484,46484,46488,4,0
46484,46484,46488,4,0
46484,46486,46488,2,2
46484,46484,46489,5,0
46484,46486,46490,4,2
46484,46484,46490,6,0
46484,46484,46489,5,0
46484,46486,46490,4,2
46484,46488,46490,2,4
46484,46488,46490,2,4
46484,46484,46489,5,0
46484,46486,46489,3,2
46484,46487,46490,3,3
46484,46487,46489,2,3
46484,46484,46489,5,0
46484,46488,46490,2,4
46484,46484,46489,5,0
46484,46484,46491,7,0
46484,46486,46491,5,2
46484,46488,46491,3,4
46484,46484,46490,6,0
46484,46486,46491,5,2
46484,46484,46490,6,0
46484,46486,46490,4,2
46484,46488,46490,2,4
46484,46486,46491,5,2
46484,46487,46491,4,3
46484,46488,46490,2,4
46484,46486,46491,5,2
46484,46487,46491,4,3
46484,46487,46491,4,3
46484,46486,46491,5,2
46484,46487,46491,4,3
46484,46488,46491,3,4
46484,46488,46490,2,4
46484,46488,46491,3,4
46484,46488,46492,4,4
46484,46487,46492,5,3
46484,46488,46491,3,4
46484,46487,46492,5,3
46484,46488,46492,4,4
46484,46487,46492,5,3
46484,46487,46492,5,3
46484,46488,46492,4,4
46484,46487,46492,5,3
46484,46489,46493,4,5
46484,46489,46492,3,5
46484,46488,46493,5,4
46484,46489,46493,4,5
46484,46488,46493,5,4
46484,46488,46493,5,4
46484,46489,46493,4,5
46484,46488,46493,5,4
46484,46488,46493,5,4
46484,46488,46492,4,4
46484,46488,46493,5,4
46484,46489,46493,4,5
46484,46489,46493,4,5
46484,46489,46493,4,5
46484,46490,46493,3,6
46484,46489,46493,4,5
46484,46489,46494,5,5
46484,46489,46494,5,5
46484,46490,46494,4,6
46484,46489,46494,5,5
46484,46490,46494,4,6
46484,46490,46494,4,6
46484,46489,46493,4,5
46484,46490,46494,4,6
46484,46489,46494,5,5
46484,46489,46494,5,5
46484,46489,46493,4,5
46484,46490,46494,4,6
46484,46489,46493,4,5
46484,46489,46494,5,5
46484,46490,46494,4,6
46484,46490,46494,4,6
46484,46491,46494,3,7
46484,46488,46494,6,4
46484,46488,46494,6,4
46484,46489,46494,5,5
46484,46489,46493,4,5
46484,46489,46494,5,5
46484,46490,46494,4,6
46484,46489,46494,5,5
46484,46490,46494,4,6
46484,46489,46493,4,5
46484,46489,46493,4,5
46484,46490,46494,4,6
46484,46490,46494,4,6
46484,46489,46494,5,5
46484,46491,46495,4,7
46484,46491,46495,4,7
46484,46491,46495,4,7
46484,46489,46494,5,5
46484,46489,46495,6,5
46484,46489,46495,6,5
46484,46491,46495,4,7
46484,46490,46495,5,6
46484,46491,46495,4,7
46484,46489,46494,5,5
46484,46489,46494,5,5
46484,46491,46495,4,7
46484,46491,46495,4,7
46484,46491,46495,4,7
46484,46491,46495,4,7
46484,46490,46495,5,6
46484,46491,46496,5,7
46484,46491,46496,5,7
46484,46491,46496,5,7
46484,46491,46496,5,7
46484,46492,46496,4,8
46484,46492,46496,4,8
46484,46491,46496,5,7
46484,46492,46496,4,8
46484,46492,46496,4,8
46484,46491,46495,4,7
46484,46491,46495,4,7
46484,46492,46496,4,8
46484,46492,46496,4,8
46484,46491,46496,5,7
46484,46492,46497,5,8
46484,46492,46497,5,8
46484,46492,46497,5,8
46484,46492,46497,5,8
46352,46354,46500,146,2
46505,46505,46509,4,0
46505,46505,46508,3,0
46505,46506,46509,3,1
46505,46506,46509,3,1
46505,46506,46510,4,1
46505,46506,46509,3,1
46505,46506,46509,3,1
46505,46506,46509,3,1
46505,46506,46509,3,1
46505,46506,46509,3,1
46505,46505,46509,4,0
46505,46506,46509,3,1
46505,46506,46509,3,1
46505,46506,46509,3,1
46505,46505,46509,4,0
46505,46506,46510,4,1
46505,46506,46510,4,1
46505,46506,46510,4,1
46505,46505,46510,5,0
46505,46506,46510,4,1
46505,46505,46510,5,0
46505,46505,46510,5,0
46505,46506,46510,4,1
46505,46505,46510,5,0
46505,46505,46510,5,0
46505,46505,46510,5,0
46505,46505,46510,5,0
46505,46505,46510,5,0
46505,46505,46510,5,0
46505,46505,46510,5,0
46505,46505,46510,5,0
46505,46505,46510,5,0
46505,46506,46510,4,1
46505,46505,46511,6,0
46505,46505,46510,5,0
46505,46505,46510,5,0
46505,46506,46511,5,1
46505,46505,46510,5,0
46505,46506,46510,4,1
46505,46505,46511,6,0
46505,46505,46511,6,0
46505,46506,46511,5,1
46505,46506,46512,6,1
46505,46505,46511,6,0
46505,46505,46511,6,0
46505,46505,46511,6,0
46505,46505,46512,7,0
46505,46505,46511,6,0
46505,46506,46512,6,1
46505,46505,46511,6,0
46505,46505,46511,6,0
46505,46505,46511,6,0
46505,46505,46511,6,0
46505,46505,46511,6,0
46505,46506,46512,6,1
46505,46505,46511,6,0
46505,46505,46511,6,0
46505,46506,46512,6,1
46505,46510,46512,2,5
46505,46505,46511,6,0
46505,46506,46511,5,1
46505,46506,46511,5,1
46505,46510,46512,2,5
46505,46506,46511,5,1
46505,46510,46512,2,5
46505,46506,46511,5,1
46505,46506,46511,5,1
46505,46510,46512,2,5
46505,46505,46511,6,0
46505,46505,46511,6,0
46505,46506,46512,6,1
46505,46505,46511,6,0
46505,46506,46512,6,1
46505,46505,46512,7,0
46505,46506,46512,6,1
46505,46510,46512,2,5
46505,46512,46513,1,7
46505,46512,46513,1,7
46505,46512,46513,1,7
46505,46505,46512,7,0
46505,46506,46512,6,1
46505,46510,46512,2,5
46505,46511,46513,2,6
46505,46512,46513,1,7
46505,46512,46513,1,7
46505,46505,46512,7,0
46505,46510,46512,2,5
46505,46510,46513,3,5
46505,46512,46513,1,7
46505,46512,46513,1,7
46505,46506,46512,6,1
46505,46510,46512,2,5
46505,46511,46513,2,6
46505,46512,46513,1,7
46505,46512,46513,1,7
46505,46506,46512,6,1
46505,46511,46513,2,6
46505,46506,46512,6,1
46505,46510,46513,3,5
46505,46511,46513,2,6
46505,46512,46513,1,7
46505,46512,46513,1,7
46505,46506,46513,7,1
46505,46506,46513,7,1
46505,46510,46512,2,5
46505,46512,46513,1,7
46505,46512,46514,2,7
46505,46512,46513,1,7
46505,46512,46513,1,7
46505,46509,46514,5,4
46505,46509,46514,5,4
46505,46511,46514,3,6
46505,46511,46514,3,6
46505,46512,46513,1,7
46505,46511,46513,2,6
46505,46512,46513,1,7
46505,46512,46514,2,7
46505,46511,46513,2,6
46505,46512,46514,2,7
46505,46512,46513,1,7
46505,46510,46513,3,5
46505,46511,46514,3,6
46505,46510,46513,3,5
46505,46512,46514,2,7
46505,46511,46514,3,6
46505,46512,46513,1,7
46505,46511,46513,2,6
46505,46505,46514,9,0
46505,46512,46515,3,7
46505,46513,46514,1,8
46505,46510,46515,5,5
46505,46511,46515,4,6
46505,46512,46514,2,7
46505,46511,46515,4,6
46505,46513,46515,2,8
46505,46512,46515,3,7
46505,46511,46514,3,6
46505,46511,46514,3,6
46505,46512,46514,2,7
46505,46510,46515,5,5
46505,46512,46515,3,7
46505,46512,46515,3,7
46505,46511,46515,4,6
46505,46513,46515,2,8
46505,46511,46514,3,6
46505,46511,46514,3,6
46505,46512,46514,2,7
46505,46511,46515,4,6
46505,46512,46515,3,7
46505,46513,46515,2,8
46505,46513,46516,3,8
46505,46513,46516,3,8
46505,46513,46515,2,8
46505,46513,46515,2,8
46505,46513,46515,2,8
46505,46513,46515,2,8
46505,46513,46515,2,8
46505,46511,46515,4,6
46505,46513,46516,3,8
46505,46513,46516,3,8
46505,46511,46516,5,6
46505,46511,46515,4,6
46505,46513,46515,2,8
46505,46513,46515,2,8
46505,46513,46516,3,8
46505,46513,46515,2,8
46505,46514,46516,2,9
46505,46513,46515,2,8
46505,46514,46516,2,9
46505,46514,46516,2,9
46505,46513,46517,4,8
46505,46513,46516,3,8
46505,46512,46517,5,7
46505,46513,46517,4,8
46505,46513,46517,4,8
46505,46513,46517,4,8
46505,46513,46517,4,8
46505,46513,46517,4,8
46505,46512,46516,4,7
46505,46513,46517,4,8
46505,46513,46516,3,8
46505,46513,46517,4,8
46505,46514,46516,2,9
46505,46513,46516,3,8
46505,46514,46516,2,9
46505,46514,46516,2,9
46505,46514,46516,2,9
46505,46514,46516,2,9
46505,46514,46516,2,9
46505,46514,46516,2,9
46505,46514,46517,3,9
46505,46514,46517,3,9
46505,46513,46517,4,8
46505,46513,46518,5,8
46505,46513,46518,5,8
46505,46514,46518,4,9
46505,46514,46519,5,9
46505,46513,46518,5,8
46505,46512,46545,33,7
46554,46554,46558,4,0
46554,46554,46558,4,0
46554,46554,46558,4,0
46554,46554,46558,4,0
46554,46554,46558,4,0
46554,46554,46558,4,0
46554,46554,46558,4,0
46554,46554,46558,4,0
46554,46554,46558,4,0
46554,46554,46558,4,0
46554,46554,46559,5,0
46554,46554,46559,5,0
46554,46554,46559,5,0
46554,46554,46559,5,0
46554,46554,46559,5,0
46554,46554,46559,5,0
46554,46554,46559,5,0
46554,46554,46559,5,0
46554,46555,46559,4,1
46554,46554,46559,5,0
46554,46554,46559,5,0
46554,46554,46559,5,0
46554,46554,46559,5,0
46554,46554,46559,5,0
46554,46554,46559,5,0
46554,46554,46559,5,0
46554,46554,46560,6,0
46554,46554,46559,5,0
46554,46554,46559,5,0
46554,46554,46559,5,0
46554,46555,46560,5,1
46554,46554,46560,6,0
46554,46554,46560,6,0
46554,46554,46560,6,0
46554,46554,46560,6,0
46554,46554,46560,6,0
46554,46554,46560,6,0
46554,46555,46560,5,1
46554,46554,46560,6,0
46554,46554,46561,7,0
46554,46554,46560,6,0
46554,46555,46560,5,1
46554,46554,46560,6,0
46554,46554,46560,6,0
46554,46554,46560,6,0
46554,46554,46561,7,0
46554,46554,46560,6,0
46554,46555,46560,5,1
46554,46559,46561,2,5
46554,46559,46560,1,5
46554,46554,46560,6,0
46554,46554,46560,6,0
46554,46554,46560,6,0
46554,46555,46560,5,1
46554,46554,46561,7,0
46554,46554,46561,7,0
46554,46554,46561,7,0
46554,46554,46561,7,0
46554,46554,46561,7,0
46554,46554,46561,7,0
46554,46555,46561,6,1
46554,46554,46561,7,0
46554,46554,46561,7,0
46554,46555,46562,7,1
46554,46554,46561,7,0
46554,46554,46561,7,0
46554,46554,46561,7,0
46554,46554,46561,7,0
46554,46554,46561,7,0
46554,46554,46561,7,0
46554,46555,46561,6,1
46554,46559,46562,3,5
46554,46554,46561,7,0
46554,46555,46561,6,1
46554,46554,46561,7,0
46554,46554,46561,7,0
46554,46559,46562,3,5
46554,46554,46561,7,0
46554,46555,46561,6,1
46554,46559,46562,3,5
46554,46559,46562,3,5
46554,46554,46561,7,0
46554,46555,46561,6,1
46554,46554,46561,7,0
46554,46554,46561,7,0
46554,46555,46562,7,1
46554,46559,46562,3,5
46554,46559,46563,4,5
46554,46559,46563,4,5
46554,46559,46562,3,5
46554,46560,46564,4,6
46554,46560,46563,3,6
46554,46560,46563,3,6
46554,46560,46564,4,6
46554,46560,46564,4,6
46554,46560,46563,3,6
46554,46561,46563,2,7
46554,46561,46563,2,7
46554,46560,46564,4,6
46554,46562,46564,2,8
46554,46562,46564,2,8
46554,46560,46563,3,6
46554,46560,46564,4,6
46554,46560,46564,4,6
46554,46560,46565,5,6
46554,46561,46564,3,7
46554,46561,46565,4,7
46554,46560,46565,5,6
46554,46560,46564,4,6
46554,46561,46564,3,7
46554,46560,46564,4,6
46554,46560,46564,4,6
46554,46561,46565,4,7
46554,46560,46564,4,6
46554,46561,46565,4,7
46554,46563,46565,2,9
46554,46560,46564,4,6
46554,46560,46564,4,6
46554,46560,46564,4,6
46554,46562,46565,3,8
46554,46563,46565,2,9
46554,46563,46565,2,9
46554,46561,46566,5,7
46554,46562,46565,3,8
46554,46562,46565,3,8
46554,46562,46565,3,8
46554,46561,46565,4,7
46554,46562,46565,3,8
46554,46562,46565,3,8
46554,46564,46566,2,10
46554,46561,46566,5,7
46554,46562,46565,3,8
46554,46564,46566,2,10
46554,46564,46566,2,10
46554,46561,46566,5,7
46554,46562,46565,3,8
46554,46561,46566,5,7
46554,46562,46565,3,8
46554,46562,46566,4,8
46554,46562,46565,3,8
46554,46564,46566,2,10
46554,46561,46565,4,7
46554,46562,46566,4,8
46554,46560,46565,5,6
46554,46562,46565,3,8
46554,46564,46566,2,10
46554,46564,46566,2,10
46554,46560,46565,5,6
46554,46562,46565,3,8
46554,46562,46566,4,8
46554,46561,46566,5,7
46554,46563,46565,2,9
46554,46561,46566,5,7
46554,46561,46566,5,7
46554,46562,46566,4,8
46554,46562,46567,5,8
46554,46562,46566,4,8
46554,46562,46567,5,8
46554,46561,46566,5,7
46554,46561,46566,5,7
46554,46561,46566,5,7
46554,46562,46566,4,8
46554,46562,46566,4,8
46554,46565,46567,2,11
46554,46561,46566,5,7
46554,46562,46567,5,8
46554,46562,46567,5,8
46554,46562,46566,4,8
46554,46564,46566,2,10
46554,46565,46567,2,11
46554,46565,46567,2,11
46554,46561,46566,5,7
46554,46561,46566,5,7
46554,46561,46566,5,7
46554,46562,46567,5,8
46554,46562,46566,4,8
46554,46565,46567,2,11
46554,46565,46567,2,11
46554,46565,46567,2,11
46554,46563,46567,4,9
46554,46562,46567,5,8
46554,46562,46567,5,8
46554,46565,46567,2,11
46554,46562,46568,6,8
46554,46564,46567,3,10
46554,46564,46567,3,10
46554,46565,46568,3,11
46554,46565,46568,3,11
46554,46564,46568,4,10
46554,46565,46568,3,11
46554,46564,46568,4,10
46554,46565,46568,3,11
46554,46565,46568,3,11
46554,46565,46568,3,11
46554,46565,46568,3,11
46554,46564,46569,5,10
46554,46565,46569,4,11
46554,46565,46570,5,11
46554,46565,46569,4,11
46554,46565,46570,5,11
46578,46578,46580,2,0
46578,46578,46580,2,0
46578,46578,46580,2,0
46578,46578,46581,3,0
46578,46578,46580,2,0
46578,46578,46580,2,0
46578,46578,46580,2,0
46578,46578,46580,2,0
46578,46578,46580,2,0
46578,46578,46580,2,0
46578,46578,46580,2,0
46578,46578,46580,2,0
46578,46578,46580,2,0
46578,46578,46581,3,0
46578,46578,46580,2,0
46578,46578,46580,2,0
46578,46578,46580,2,0
46578,46578,46580,2,0
46578,46578,46580,2,0
46578,46578,46581,3,0
46578,46578,46581,3,0
46578,46578,46581,3,0
46578,46578,46581,3,0
46578,46578,46581,3,0
46578,46578,46582,4,0
46578,46578,46581,3,0
46578,46578,46582,4,0
46578,46578,46581,3,0
46578,46578,46582,4,0
46578,46578,46581,3,0
46578,46578,46581,3,0
46578,46578,46581,3,0
46578,46578,46581,3,0
46578,46578,46581,3,0
46578,46578,46583,5,0
46578,46578,46582,4,0
46578,46578,46582,4,0
46578,46578,46583,5,0
46578,46578,46583,5,0
46578,46578,46582,4,0
46578,46578,46582,4,0
46578,46578,46582,4,0
46578,46578,46582,4,0
46578,46578,46582,4,0
46578,46578,46583,5,0
46578,46578,46582,4,0
46578,46578,46583,5,0
46578,46578,46583,5,0
46578,46578,46583,5,0
46578,46578,46583,5,0
46578,46579,46583,4,1
46578,46581,46584,3,3
46578,46578,46583,5,0
46578,46578,46583,5,0
46578,46579,46584,5,1
46578,46581,46583,2,3
46578,46581,46583,2,3
46578,46578,46583,5,0
46578,46578,46583,5,0
46578,46582,46584,2,4
46578,46579,46583,4,1
46578,46582,46584,2,4
46578,46578,46584,6,0
46578,46579,46584,5,1
46578,46579,46583,4,1
46578,46581,46583,2,3
46578,46578,46583,5,0
46578,46579,46584,5,1
46578,46579,46583,4,1
46578,46578,46583,5,0
46578,46581,46583,2,3
46578,46581,46583,2,3
46578,46579,46583,4,1
46578,46581,46584,3,3
46578,46579,46584,5,1
46578,46579,46584,5,1
46578,46581,46584,3,3
46578,46581,46584,3,3
46578,46578,46585,7,0
46578,46579,46585,6,1
46578,46581,46585,4,3
46578,46581,46585,4,3
46578,46582,46584,2,4
46578,46581,46585,4,3
46578,46578,46584,6,0
46578,46579,46584,5,1
46578,46579,46584,5,1
46578,46581,46584,3,3
46578,46581,46585,4,3
46578,46582,46585,3,4
46578,46579,46584,5,1
46578,46579,46585,6,1
46578,46582,46584,2,4
46578,46582,46585,3,4
46578,46581,46584,3,3
46578,46582,46585,3,4
46578,46578,46585,7,0
46578,46579,46585,6,1
46578,46581,46585,4,3
46578,46583,46585,2,5
46578,46578,46585,7,0
46578,46579,46585,6,1
46578,46581,46585,4,3
46578,46583,46585,2,5
46578,46581,46585,4,3
46578,46582,46586,4,4
46578,46579,46585,6,1
46578,46582,46585,3,4
46578,46584,46586,2,6
46578,46581,46586,5,3
46578,46584,46586,2,6
46578,46584,46586,2,6
46578,46582,46587,5,4
46578,46582,46587,5,4
46578,46582,46586,4,4
46578,46583,46587,4,5
46578,46583,46587,4,5
46578,46582,46587,5,4
46578,46583,46587,4,5
46578,46586,46587,1,8
46578,46582,46587,5,4
46578,46586,46587,1,8
46578,46582,46587,5,4
46578,46583,46586,3,5
46578,46583,46588,5,5
46578,46583,46588,5,5
46578,46583,46588,5,5
46578,46583,46588,5,5
46578,46584,46588,4,6
46578,46584,46588,4,6
46578,46584,46588,4,6
46578,46583,46588,5,5
46578,46585,46588,3,7
46578,46586,46588,2,8
46578,46584,46588,4,6
46578,46583,46587,4,5
46578,46586,46588,2,8
46578,46584,46588,4,6
46578,46585,46588,3,7
46578,46585,46589,4,7
46578,46585,46589,4,7
46578,46584,46589,5,6
46578,46585,46589,4,7
46578,46584,46589,5,6
46578,46584,46589,5,6
46578,46585,46589,4,7
46578,46585,46589,4,7
46578,46584,46589,5,6
46578,46585,46589,4,7
46578,46585,46589,4,7
46578,46584,46589,5,6
46578,46584,46588,4,6
46578,46584,46588,4,6
46578,46585,46589,4,7
46578,46584,46589,5,6
46578,46584,46588,4,6
46578,46585,46589,4,7
46578,46584,46588,4,6
46578,46585,46589,4,7
46578,46586,46589,3,8
46578,46586,46589,3,8
46578,46584,46589,5,6
46578,46584,46589,5,6
46578,46585,46589,4,7
46578,46585,46589,4,7
46578,46586,46590,4,8
46578,46585,46590,5,7
46578,46585,46590,5,7
46578,46584,46589,5,6
46578,46584,46589,5,6
46578,46585,46590,5,7
46578,46585,46589,4,7
46578,46587,46589,2,9
46578,46584,46590,6,6
46578,46584,46589,5,6
46578,46585,46589,4,7
46578,46585,46589,4,7
46578,46584,46590,6,6
46578,46584,46590,6,6
46578,46585,46589,4,7
46578,46587,46590,3,9
46578,46584,46589,5,6
46578,46585,46589,4,7
46578,46587,46590,3,9
46578,46587,46590,3,9
46578,46586,46591,5,8
46578,46586,46591,5,8
46578,46585,46590,5,7
46578,46586,46591,5,8
46578,46586,46591,5,8
46578,46586,46591,5,8
46578,46586,46591,5,8
46578,46586,46591,5,8
46578,46587,46592,5,9
46578,46587,46592,5,9
46578,46587,46592,5,9
46578,46587,46592,5,9
46578,46587,46592,5,9
46578,46587,46591,4,9
46578,46578,46594,16,0
46602,46602,46606,4,0
46602,46602,46606,4,0
46602,46602,46606,4,0
46602,46603,46606,3,1
46602,46603,46606,3,1
46602,46602,46606,4,0
46602,46602,46606,4,0
46602,46602,46606,4,0
46602,46603,46606,3,1
46602,46602,46606,4,0
46602,46603,46606,3,1
46602,46603,46606,3,1
46602,46602,46606,4,0
46602,46602,46607,5,0
46602,46602,46607,5,0
46602,46602,46607,5,0
46602,46602,46607,5,0
46602,46602,46606,4,0
46602,46602,46607,5,0
46602,46602,46606,4,0
46602,46602,46607,5,0
46602,46602,46606,4,0
46602,46602,46607,5,0
46602,46602,46607,5,0
46602,46602,46607,5,0
46602,46602,46607,5,0
46602,46602,46607,5,0
46602,46602,46607,5,0
46602,46602,46606,4,0
46602,46602,46607,5,0
46602,46602,46607,5,0
46602,46602,46608,6,0
46602,46602,46608,6,0
46602,46602,46608,6,0
46602,46602,46608,6,0
46602,46602,46608,6,0
46602,46602,46608,6,0
46602,46602,46608,6,0
46602,46602,46608,6,0
46602,46602,46608,6,0
46602,46602,46608,6,0
46602,46602,46608,6,0
46602,46602,46608,6,0
46602,46602,46608,6,0
46602,46602,46608,6,0
46602,46602,46608,6,0
46602,46602,46608,6,0
46602,46602,46608,6,0
46602,46602,46608,6,0
46602,46602,46608,6,0
46602,46602,46608,6,0
46602,46602,46608,6,0
46602,46602,46608,6,0
46602,46602,46608,6,0
46602,46602,46608,6,0
46602,46602,46608,6,0
46602,46602,46608,6,0
46602,46602,46608,6,0
46602,46602,46608,6,0
46602,46602,46608,6,0
46602,46602,46608,6,0
46602,46602,46608,6,0
46602,46602,46608,6,0
46602,46602,46608,6,0
46602,46602,46608,6,0
46602,46602,46608,6,0
46602,46602,46608,6,0
46602,46602,46608,6,0
46602,46603,46608,5,1
46602,46602,46608,6,0
46602,46602,46608,6,0
46602,46602,46609,7,0
46602,46602,46609,7,0
46602,46606,46609,3,4
46602,46602,46609,7,0
46602,46606,46609,3,4
46602,46602,46609,7,0
46602,46606,46609,3,4
46602,46602,46609,7,0
46602,46602,46609,7,0
46602,46602,46609,7,0
46602,46602,46609,7,0
46602,46609,46610,1,7
46602,46609,46610,1,7
46602,46609,46610,1,7
46602,46602,46609,7,0
46602,46609,46610,1,7
46602,46609,46610,1,7
46602,46606,46609,3,4
46602,46609,46610,1,7
46602,46607,46611,4,5
46602,46609,46610,1,7
46602,46606,46611,5,4
46602,46609,46610,1,7
46602,46609,46611,2,7
46602,46606,46610,4,4
46602,46609,46611,2,7
46602,46609,46610,1,7
46602,46609,46610,1,7
46602,46606,46611,5,4
46602,46609,46610,1,7
46602,46609,46610,1,7
46602,46606,46610,4,4
46602,46609,46610,1,7
46602,46609,46610,1,7
46602,46606,46611,5,4
46602,46609,46611,2,7
46602,46609,46610,1,7
46602,46609,46610,1,7
46602,46609,46610,1,7
46602,46609,46610,1,7
46602,46609,46610,1,7
46602,46609,46611,2,7
46602,46609,46610,1,7
46602,46609,46610,1,7
46602,46609,46611,2,7
46602,46609,46611,2,7
46602,46610,46612,2,8
46602,46609,46612,3,7
46602,46606,46611,5,4
46602,46608,46611,3,6
46602,46608,46612,4,6
46602,46606,46612,6,4
46602,46609,46611,2,7
46602,46606,46612,6,4
46602,46606,46611,5,4
46602,46608,46611,3,6
46602,46608,46611,3,6
46602,46608,46611,3,6
46602,46608,46611,3,6
46602,46609,46611,2,7
46602,46609,46611,2,7
46602,46608,46612,4,6
46602,46609,46613,4,7
46602,46609,46613,4,7
46602,46610,46612,2,8
46602,46608,46612,4,6
46602,46609,46612,3,7
46602,46609,46612,3,7
46602,46608,46612,4,6
46602,46608,46613,5,6
46602,46610,46613,3,8
46602,46608,46613,5,6
46602,46608,46613,5,6
46602,46608,46612,4,6
46602,46608,46613,5,6
46602,46608,46613,5,6
46602,46608,46613,5,6
46602,46609,46613,4,7
46602,46609,46613,4,7
46602,46610,46614,4,8
46602,46612,46614,2,10
46602,46612,46614,2,10
46602,46610,46613,3,8
46602,46611,46613,2,9
46602,46612,46614,2,10
46602,46608,46613,5,6
46602,46610,46614,4,8
46602,46610,46613,3,8
46602,46610,46614,4,8
46602,46610,46614,4,8
46602,46608,46613,5,6
46602,46610,46614,4,8
46602,46611,46614,3,9
46602,46610,46613,3,8
46602,46610,46613,3,8
46602,46608,46613,5,6
46602,46610,46613,3,8
46602,46611,46613,2,9
46602,46611,46613,2,9
46602,46611,46613,2,9
46602,46610,46613,3,8
46602,46611,46614,3,9
46602,46611,46614,3,9
46602,46611,46614,3,9
46602,46610,46614,4,8
46602,46611,46614,3,9
46602,46610,46615,5,8
46602,46610,46614,4,8
46602,46611,46615,4,9
46602,46611,46614,3,9
46602,46611,46615,4,9
46602,46611,46614,3,9
46602,46611,46614,3,9
46602,46611,46615,4,9
46602,46611,46614,3,9
46602,46610,46615,5,8
46602,46611,46614,3,9
46602,46611,46615,4,9
46602,46611,46615,4,9
46602,46611,46614,3,9
46602,46611,46615,4,9
46602,46611,46615,4,9
46602,46611,46616,5,9
46602,46611,46615,4,9
46602,46611,46616,5,9
46602,46610,46615,5,8
46602,46610,46615,5,8
46602,46611,46616,5,9
46624,46624,46627,3,0
46624,46624,46627,3,0
46624,46624,46627,3,0
46624,46624,46628,4,0
46624,46624,46628,4,0
46624,46624,46627,3,0
46624,46624,46628,4,0
46624,46624,46628,4,0
46624,46624,46628,4,0
46624,46624,46627,3,0
46624,46624,46628,4,0
46624,46624,46627,3,0
46624,46624,46628,4,0
46624,46624,46628,4,0
46624,46624,46627,3,0
46624,46624,46628,4,0
46624,46624,46628,4,0
46624,46624,46627,3,0
46624,46624,46628,4,0
46624,46624,46628,4,0
46624,46624,46628,4,0
46624,46624,46628,4,0
46624,46624,46629,5,0
46624,46624,46628,4,0
46624,46624,46628,4,0
46624,46624,46628,4,0
46624,46624,46628,4,0
46624,46624,46628,4,0
46624,46624,46629,5,0
46624,46628,46629,1,4
46624,46624,46629,5,0
46624,46624,46628,4,0
46624,46624,46629,5,0
46624,46624,46628,4,0
46624,46624,46628,4,0
46624,46624,46629,5,0
46624,46624,46628,4,0
46624,46624,46628,4,0
46624,46624,46629,5,0
46624,46624,46629,5,0
46624,46624,46630,6,0
46624,46624,46630,6,0
46624,46624,46629,5,0
46624,46624,46630,6,0
46624,46624,46630,6,0
46624,46624,46630,6,0
46624,46624,46630,6,0
46624,46624,46630,6,0
46624,46624,46629,5,0
46624,46624,46630,6,0
46624,46624,46629,5,0
46624,46628,46629,1,4
46624,46624,46630,6,0
46624,46624,46630,6,0
46624,46624,46630,6,0
46624,46624,46630,6,0
46624,46624,46629,5,0
46624,46624,46630,6,0
46624,46628,46629,1,4
46624,46624,46630,6,0
46624,46624,46630,6,0
46624,46624,46629,5,0
46624,46624,46630,6,0
46624,46624,46630,6,0
46624,46624,46629,5,0
46624,46628,46629,1,4
46624,46624,46629,5,0
46624,46624,46630,6,0
46624,46628,46630,2,4
46624,46624,46630,6,0
46624,46624,46631,7,0
46624,46624,46630,6,0
46624,46629,46631,2,5
46624,46624,46631,7,0
46624,46624,46631,7,0
46624,46627,46630,3,3
46624,46624,46630,6,0
46624,46624,46630,6,0
46624,46624,46631,7,0
46624,46628,46631,3,4
46624,46624,46631,7,0
46624,46627,46631,4,3
46624,46624,46631,7,0
46624,46624,46631,7,0
46624,46628,46631,3,4
46624,46624,46631,7,0
46624,46627,46631,4,3
46624,46624,46630,6,0
46624,46624,46631,7,0
46624,46624,46630,6,0
46624,46624,46630,6,0
46624,46628,46632,4,4
46624,46629,46632,3,5
46624,46629,46632,3,5
46624,46629,46632,3,5
46624,46629,46632,3,5
46624,46629,46631,2,5
46624,46628,46631,3,4
46624,46628,46632,4,4
46624,46628,46632,4,4
46624,46628,46632,4,4
46624,46629,46632,3,5
46624,46630,46633,3,6
46624,46630,46633,3,6
46624,46630,46633,3,6
46624,46630,46633,3,6
46624,46629,46633,4,5
46624,46629,46633,4,5
46624,46628,46633,5,4
46624,46628,46633,5,4
46624,46629,46633,4,5
46624,46629,46633,4,5
46624,46629,46633,4,5
46624,46629,46633,4,5
46624,46628,46633,5,4
46624,46629,46633,4,5
46624,46630,46633,3,6
46624,46629,46634,5,5
46624,46630,46634,4,6
46624,46631,46634,3,7
46624,46630,46634,4,6
46624,46632,46634,2,8
46624,46630,46634,4,6
46624,46630,46634,4,6
46624,46632,46634,2,8
46624,46632,46635,3,8
46624,46629,46635,6,5
46624,46630,46634,4,6
46624,46629,46634,5,5
46624,46630,46634,4,6
46624,46632,46634,2,8
46624,46630,46634,4,6
46624,46630,46635,5,6
46624,46633,46635,2,9
46624,46629,46635,6,5
46624,46633,46634,1,9
46624,46632,46635,3,8
46624,46634,46635,1,10
46624,46630,46635,5,6
46624,46631,46635,4,7
46624,46629,46635,6,5
46624,46629,46635,6,5
46624,46630,46635,5,6
46624,46630,46636,6,6
46624,46630,46635,5,6
46624,46630,46635,5,6
46624,46630,46635,5,6
46624,46631,46635,4,7
46624,46631,46635,4,7
46624,46632,46635,3,8
46624,46630,46635,5,6
46624,46630,46635,5,6
46624,46630,46635,5,6
46624,46629,46635,6,5
46624,46630,46635,5,6
46624,46632,46635,3,8
46624,46634,46635,1,10
46624,46630,46635,5,6
46624,46631,46635,4,7
46624,46631,46635,4,7
46624,46634,46636,2,10
46624,46634,46636,2,10
46624,46630,46635,5,6
46624,46630,46635,5,6
46624,46634,46635,1,10
46624,46630,46635,5,6
46624,46631,46635,4,7
46624,46634,46635,1,10
46624,46634,46636,2,10
46624,46631,46636,5,7
46624,46631,46636,5,7
46624,46632,46636,4,8
46624,46630,46636,6,6
46624,46631,46636,5,7
46624,46634,46636,2,10
46624,46634,46636,2,10
46624,46634,46637,3,10
46624,46631,46636,5,7
46624,46631,46636,5,7
46624,46634,46636,2,10
46624,46631,46636,5,7
46624,46631,46636,5,7
46624,46631,46637,6,7
46624,46634,46636,2,10
46624,46630,46636,6,6
46624,46635,46636,1,11
46624,46630,46636,6,6
46624,46634,46636,2,10
46624,46634,46636,2,10
46624,46631,46636,5,7
46624,46631,46636,5,7
46624,46633,46637,4,9
46624,46631,46637,6,7
46624,46634,46636,2,10
46624,46632,46637,5,8
46624,46632,46637,5,8
46624,46631,46637,6,7
46624,46635,46637,2,11
46624,46634,46638,4,10
46624,46635,46639,4,11
46648,46648,46650,2,0
46648,46648,46650,2,0
46648,46648,46650,2,0
46648,46648,46650,2,0
46648,46648,46650,2,0
46648,46648,46650,2,0
46648,46648,46650,2,0
46648,46648,46650,2,0
46648,46648,46650,2,0
46648,46648,46650,2,0
46648,46648,46650,2,0
46648,46648,46650,2,0
46648,46648,46650,2,0
46648,46648,46650,2,0
46648,46648,46650,2,0
46648,46648,46650,2,0
46648,46648,46650,2,0
46648,46648,46650,2,0
46648,46648,46650,2,0
46648,46648,46650,2,0
46648,46648,46651,3,0
46648,46648,46650,2,0
46648,46648,46651,3,0
46648,46648,46650,2,0
46648,46648,46650,2,0
46648,46648,46651,3,0
46648,46648,46651,3,0
46648,46648,46651,3,0
46648,46648,46651,3,0
46648,46648,46652,4,0
46648,46648,46652,4,0
46648,46650,46651,1,2
46648,46650,46652,2,2
46648,46648,46651,3,0
46648,46648,46651,3,0
46648,46648,46652,4,0
46648,46648,46652,4,0
46648,46650,46652,2,2
46648,46648,46651,3,0
46648,46648,46652,4,0
46648,46648,46652,4,0
46648,46650,46652,2,2
46648,46650,46652,2,2
46648,46648,46652,4,0
46648,46648,46651,3,0
46648,46648,46652,4,0
46648,46648,46652,4,0
46648,46650,46652,2,2
46648,46650,46652,2,2
46648,46648,46652,4,0
46648,46648,46651,3,0
46648,46648,46652,4,0
46648,46648,46652,4,0
46648,46650,46652,2,2
46648,46650,46652,2,2
46648,46648,46652,4,0
46648,46648,46652,4,0
46648,46648,46652,4,0
46648,46648,46651,3,0
46648,46648,46652,4,0
46648,46648,46652,4,0
46648,46648,46652,4,0
46648,46650,46652,2,2
46648,46648,46652,4,0
46648,46648,46652,4,0
46648,46650,46652,2,2
46648,46648,46651,3,0
46648,46648,46652,4,0
46648,46648,46652,4,0
46648,46648,46653,5,0
46648,46648,46653,5,0
46648,46651,46653,2,3
46648,46648,46652,4,0
46648,46648,46653,5,0
46648,46650,46652,2,2
46648,46650,46652,2,2
46648,46648,46652,4,0
46648,46648,46652,4,0
46648,46648,46653,5,0
46648,46648,46653,5,0
46648,46650,46652,2,2
46648,46650,46653,3,2
46648,46648,46653,5,0
46648,46648,46652,4,0
46648,46650,46653,3,2
46648,46648,46653,5,0
46648,46648,46652,4,0
46648,46648,46652,4,0
46648,46648,46653,5,0
46648,46650,46652,2,2
46648,46648,46653,5,0
46648,46648,46652,4,0
46648,46648,46652,4,0
46648,46650,46652,2,2
46648,46648,46652,4,0
46648,46648,46653,5,0
46648,46651,46654,3,3
46648,46648,46654,6,0
46648,46652,46654,2,4
46648,46648,46654,6,0
46648,46651,46654,3,3
46648,46648,46654,6,0
46648,46650,46654,4,2
46648,46651,46654,3,3
46648,46652,46655,3,4
46648,46652,46655,3,4
46648,46651,46655,4,3
46648,46651,46655,4,3
46648,46652,46655,3,4
46648,46651,46655,4,3
46648,46652,46656,4,4
46648,46652,46656,4,4
46648,46654,46656,2,6
46648,46652,46656,4,4
46648,46652,46656,4,4
46648,46652,46656,4,4
46648,46652,46656,4,4
46648,46652,46656,4,4
46648,46653,46656,3,5
46648,46651,46656,5,3
46648,46653,46656,3,5
46648,46651,46656,5,3
46648,46652,46657,5,4
46648,46654,46656,2,6
46648,46652,46656,4,4
46648,46654,46656,2,6
46648,46652,46656,4,4
46648,46653,46656,3,5
46648,46652,46656,4,4
46648,46654,46657,3,6
46648,46654,46656,2,6
46648,46652,46657,5,4
46648,46652,46657,5,4
46648,46654,46657,3,6
46648,46656,46657,1,8
46648,46656,46657,1,8
46648,46657,46658,1,9
46648,46652,46658,6,4
46648,46652,46657,5,4
46648,46652,46658,6,4
46648,46652,46658,6,4
46648,46652,46657,5,4
46648,46653,46657,4,5
46648,46655,46657,2,7
46648,46652,46657,5,4
46648,46652,46657,5,4
46648,46652,46658,6,4
46648,46653,46657,4,5
46648,46653,46657,4,5
46648,46653,46657,4,5
46648,46656,46657,1,8
46648,46653,46658,5,5
46648,46655,46657,2,7
46648,46652,46657,5,4
46648,46652,46657,5,4
46648,46655,46657,2,7
46648,46652,46657,5,4
46648,46655,46657,2,7
46648,46655,46657,2,7
46648,46652,46658,6,4
46648,46655,46658,3,7
46648,46653,46658,5,5
46648,46653,46658,5,5
46648,46653,46658,5,5
46648,46657,46658,1,9
46648,46652,46658,6,4
46648,46652,46658,6,4
46648,46652,46658,6,4
46648,46652,46658,6,4
46648,46652,46658,6,4
46648,46653,46658,5,5
46648,46653,46658,5,5
46648,46653,46658,5,5
46648,46653,46658,5,5
46648,46657,46658,1,9
46648,46652,46658,6,4
46648,46652,46658,6,4
46648,46656,46658,2,8
46648,46652,46658,6,4
46648,46652,46658,6,4
46648,46653,46658,5,5
46648,46653,46658,5,5
46648,46652,46658,6,4
46648,46652,46658,6,4
46648,46655,46658,3,7
46648,46652,46659,7,4
46648,46657,46659,2,9
46648,46656,46659,3,8
46648,46653,46659,6,5
46648,46653,46659,6,5
46648,46653,46659,6,5
46648,46653,46659,6,5
46648,46657,46659,2,9
46648,46657,46659,2,9
46648,46654,46659,5,6
46648,46655,46659,4,7
46648,46657,46660,3,9
46648,46657,46661,4,9
46669,46670,46672,2,1
46669,46670,46672,2,1
46669,46670,46672,2,1
46669,46670,46673,3,1
46669,46670,46673,3,1
46669,46670,46672,2,1
46669,46670,46673,3,1
46669,46670,46672,2,1
46669,46670,46672,2,1
46669,46670,46673,3,1
46669,46670,46672,2,1
46669,46670,46674,4,1
46669,46670,46674,4,1
46669,46670,46673,3,1
46669,46670,46674,4,1
46669,46670,46674,4,1
46669,46670,46674,4,1
46669,46670,46674,4,1
46669,46670,46674,4,1
46669,46670,46674,4,1
46669,46670,46674,4,1
46669,46670,46674,4,1
46669,46670,46674,4,1
46669,46670,46674,4,1
46669,46670,46674,4,1
46669,46670,46674,4,1
46669,46670,46674,4,1
46669,46670,46674,4,1
46669,46670,46674,4,1
46669,46670,46674,4,1
46669,46670,46675,5,1
46669,46670,46674,4,1
46669,46670,46674,4,1
46669,46670,46674,4,1
46669,46670,46674,4,1
46669,46670,46674,4,1
46669,46670,46674,4,1
46669,46670,46674,4,1
46669,46670,46674,4,1
46669,46670,46674,4,1
46669,46670,46674,4,1
46669,46673,46675,2,4
46669,46670,46674,4,1
46669,46670,46675,5,1
46669,46670,46674,4,1
46669,46673,46675,2,4
46669,46670,46674,4,1
46669,46670,46675,5,1
46669,46673,46675,2,4
46669,46670,46674,4,1
46669,46670,46674,4,1
46669,46670,46674,4,1
46669,46670,46674,4,1
46669,46670,46674,4,1
46669,46673,46675,2,4
46669,46670,46675,5,1
46669,46670,46674,4,1
46669,46670,46675,5,1
46669,46670,46675,5,1
46669,46673,46675,2,4
46669,46673,46675,2,4
46669,46670,46675,5,1
46669,46670,46675,5,1
46669,46670,46675,5,1
46669,46670,46675,5,1
46669,46670,46675,5,1
46669,46670,46675,5,1
46669,46670,46675,5,1
46669,46674,46675,1,5
46669,46670,46675,5,1
46669,46670,46676,6,1
46669,46670,46675,5,1
46669,46670,46676,6,1
46669,46673,46675,2,4
46669,46670,46675,5,1
46669,46670,46675,5,1
46669,46670,46675,5,1
46669,46670,46675,5,1
46669,46674,46676,2,5
46669,46675,46676,1,6
46669,46670,46675,5,1
46669,46673,46676,3,4
46669,46674,46675,1,5
46669,46675,46676,1,6
46669,46673,46675,2,4
46669,46670,46676,6,1
46669,46674,46675,1,5
46669,46675,46676,1,6
46669,46670,46675,5,1
46669,46670,46675,5,1
46669,46670,46675,5,1
46669,46673,46675,2,4
46669,46674,46676,2,5
46669,46674,46676,2,5
46669,46675,46676,1,6
46669,46675,46676,1,6
46669,46674,46676,2,5
46669,46674,46676,2,5
46669,46674,46676,2,5
46669,46675,46676,1,6
46669,46675,46676,1,6
46669,46675,46676,1,6
46669,46670,46676,6,1
46669,46670,46676,6,1
46669,46673,46676,3,4
46669,46675,46677,2,6
46669,46675,46677,2,6
46669,46675,46676,1,6
46669,46675,46676,1,6
46669,46676,46677,1,7
46669,46676,46677,1,7
46669,46675,46677,2,6
46669,46675,46677,2,6
46669,46675,46676,1,6
46669,46676,46677,1,7
46669,46670,46676,6,1
46669,46675,46677,2,6
46669,46675,46676,1,6
46669,46676,46677,1,7
46669,46675,46677,2,6
46669,46676,46677,1,7
46669,46670,46676,6,1
46669,46670,46676,6,1
46669,46676,46677,1,7
46669,46674,46676,2,5
46669,46674,46677,3,5
46669,46675,46677,2,6
46669,46675,46677,2,6
46669,46675,46677,2,6
46669,46675,46677,2,6
46669,46675,46678,3,6
46669,46675,46678,3,6
46669,46675,46678,3,6
46669,46675,46678,3,6
46669,46675,46678,3,6
46669,46675,46678,3,6
46669,46676,46677,1,7
46669,46676,46678,2,7
46669,46675,46678,3,6
46669,46676,46678,2,7
46669,46675,46677,2,6
46669,46676,46678,2,7
46669,46675,46678,3,6
46669,46675,46678,3,6
46669,46675,46679,4,6
46669,46677,46679,2,8
46669,46677,46679,2,8
46669,46677,46679,2,8
46669,46677,46679,2,8
46669,46677,46679,2,8
46669,46677,46679,2,8
46669,46677,46679,2,8
46669,46676,46678,2,7
46669,46677,46679,2,8
46669,46676,46679,3,7
46669,46676,46679,3,7
46669,46676,46679,3,7
46669,46675,46679,4,6
46669,46676,46679,3,7
46669,46676,46679,3,7
46669,46677,46679,2,8
46669,46676,46678,2,7
46669,46677,46679,2,8
46669,46677,46679,2,8
46669,46676,46678,2,7
46669,46676,46678,2,7
46669,46677,46679,2,8
46669,46677,46679,2,8
46669,46677,46679,2,8
46669,46676,46679,3,7
46669,46676,46679,3,7
46669,46675,46679,4,6
46669,46676,46679,3,7
46669,46676,46679,3,7
46669,46677,46679,2,8
46669,46677,46679,2,8
46669,46676,46679,3,7
46669,46676,46679,3,7
46669,46676,46679,3,7
46669,46675,46680,5,6
46669,46675,46680,5,6
46669,46675,46679,4,6
46669,46675,46680,5,6
46669,46676,46680,4,7
46669,46676,46680,4,7
46669,46677,46680,3,8
46669,46676,46680,4,7
46669,46676,46680,4,7
46669,46676,46681,5,7
46669,46677,46681,4,8
46669,46676,46681,5,7
46669,46676,46681,5,7
46669,46676,46682,6,7
46669,46676,46681,5,7
46669,46676,46682,6,7
46669,46676,46682,6,7
46690,46690,46693,3,0
46690,46690,46694,4,0
46690,46690,46693,3,0
46690,46690,46694,4,0
46690,46690,46694,4,0
46690,46690,46694,4,0
46690,46690,46694,4,0
46690,46690,46694,4,0
46690,46690,46694,4,0
46690,46690,46694,4,0
46690,46690,46694,4,0
46690,46690,46694,4,0
46690,46690,46694,4,0
46690,46690,46694,4,0
46690,46690,46693,3,0
46690,46690,46694,4,0
46690,46690,46694,4,0
46690,46690,46694,4,0
46690,46690,46694,4,0
46690,46690,46694,4,0
46690,46690,46694,4,0
46690,46690,46694,4,0
46690,46690,46695,5,0
46690,46690,46695,5,0
46690,46690,46695,5,0
46690,46690,46695,5,0
46690,46690,46694,4,0
46690,46690,46694,4,0
46690,46690,46694,4,0
46690,46690,46694,4,0
46690,46690,46694,4,0
46690,46690,46695,5,0
46690,46690,46695,5,0
46690,46690,46694,4,0
46690,46694,46695,1,4
46690,46694,46695,1,4
46690,46690,46694,4,0
46690,46690,46694,4,0
46690,46690,46695,5,0
46690,46690,46695,5,0
46690,46694,46695,1,4
46690,46690,46695,5,0
46690,46690,46695,5,0
46690,46694,46695,1,4
46690,46690,46696,6,0
46690,46690,46696,6,0
46690,46690,46696,6,0
46690,46690,46696,6,0
46690,46690,46695,5,0
46690,46690,46696,6,0
46690,46690,46696,6,0
46690,46690,46696,6,0
46690,46690,46696,6,0
46690,46690,46695,5,0
46690,46690,46696,6,0
46690,46690,46696,6,0
46690,46690,46696,6,0
46690,46694,46696,2,4
46690,46690,46695,5,0
46690,46690,46695,5,0
46690,46690,46696,6,0
46690,46690,46696,6,0
46690,46690,46696,6,0
46690,46690,46695,5,0
46690,46690,46696,6,0
46690,46690,46695,5,0
46690,46694,46696,2,4
46690,46690,46696,6,0
46690,46690,46696,6,0
46690,46690,46696,6,0
46690,46694,46696,2,4
46690,46690,46696,6,0
46690,46690,46695,5,0
46690,46694,46695,1,4
46690,46690,46695,5,0
46690,46694,46696,2,4
46690,46694,46695,1,4
46690,46690,46696,6,0
46690,46694,46695,1,4
46690,46694,46696,2,4
46690,46694,46696,2,4
46690,46690,46696,6,0
46690,46690,46697,7,0
46690,46690,46697,7,0
46690,46690,46697,7,0
46690,46690,46697,7,0
46690,46690,46697,7,0
46690,46694,46696,2,4
46690,46690,46696,6,0
46690,46690,46696,6,0
46690,46694,46697,3,4
46690,46690,46696,6,0
46690,46695,46697,2,5
46690,46690,46697,7,0
46690,46690,46697,7,0
46690,46690,46697,7,0
46690,46696,46698,2,6
46690,46695,46698,3,5
46690,46695,46698,3,5
46690,46695,46697,2,5
46690,46695,46698,3,5
46690,46695,46697,2,5
46690,46694,46698,4,4
46690,46695,46698,3,5
46690,46696,46699,3,6
46690,46695,46699,4,5
46690,46695,46699,4,5
46690,46695,46699,4,5
46690,46695,46699,4,5
46690,46695,46699,4,5
46690,46694,46699,5,4
46690,46695,46699,4,5
46690,46695,46699,4,5
46690,46695,46699,4,5
46690,46695,46699,4,5
46690,46696,46700,4,6
46690,46697,46700,3,7
46690,46697,46700,3,7
46690,46695,46700,5,5
46690,46696,46699,3,6
46690,46695,46700,5,5
46690,46696,46700,4,6
46690,46696,46699,3,6
46690,46694,46700,6,4
46690,46696,46700,4,6
46690,46696,46700,4,6
46690,46696,46700,4,6
46690,46696,46700,4,6
46690,46696,46700,4,6
46690,46695,46700,5,5
46690,46695,46700,5,5
46690,46695,46700,5,5
46690,46695,46700,5,5
46690,46696,46700,4,6
46690,46696,46701,5,6
46690,46697,46701,4,7
46690,46697,46701,4,7
46690,46695,46701,6,5
46690,46696,46701,5,6
46690,46696,46701,5,6
46690,46696,46701,5,6
46690,46696,46701,5,6
46690,46696,46701,5,6
46690,46697,46701,4,7
46690,46697,46701,4,7
46690,46695,46701,6,5
46690,46695,46701,6,5
46690,46695,46701,6,5
46690,46696,46701,5,6
46690,46696,46701,5,6
46690,46696,46702,6,6
46690,46696,46701,5,6
46690,46696,46701,5,6
46690,46696,46701,5,6
46690,46700,46701,1,10
46690,46700,46701,1,10
46690,46700,46701,1,10
46690,46696,46702,6,6
46690,46696,46702,6,6
46690,46698,46702,4,8
46690,46699,46701,2,9
46690,46696,46701,5,6
46690,46698,46702,4,8
46690,46699,46702,3,9
46690,46700,46702,2,10
46690,46700,46702,2,10
46690,46696,46702,6,6
46690,46700,46702,2,10
46690,46700,46702,2,10
46690,46700,46702,2,10
46690,46700,46702,2,10
46690,46696,46702,6,6
46690,46696,46702,6,6
46690,46697,46702,5,7
46690,46697,46702,5,7
46690,46697,46702,5,7
46690,46698,46702,4,8
46690,46696,46702,6,6
46690,46696,46702,6,6
46690,46696,46702,6,6
46690,46697,46702,5,7
46690,46697,46702,5,7
46690,46699,46702,3,9
46690,46696,46702,6,6
46690,46696,46702,6,6
46690,46696,46702,6,6
46690,46696,46702,6,6
46690,46697,46703,6,7
46690,46698,46703,5,8
46690,46698,46703,5,8
46690,46698,46703,5,8
46690,46698,46703,5,8
46690,46699,46703,4,9
46690,46699,46703,4,9
46690,46697,46703,6,7
46690,46698,46703,5,8
46690,46697,46703,6,7
46690,46697,46703,6,7
46690,46699,46703,4,9
46690,46699,46704,5,9
46713,46713,46715,2,0
46713,46713,46715,2,0
46713,46713,46715,2,0
46713,46713,46715,2,0
46713,46713,46715,2,0
46713,46713,46715,2,0
46713,46713,46715,2,0
46713,46713,46715,2,0
46713,46713,46715,2,0
46713,46713,46715,2,0
46713,46713,46715,2,0
46713,46713,46715,2,0
46713,46713,46715,2,0
46713,46713,46715,2,0
46713,46713,46715,2,0
46713,46713,46716,3,0
46713,46713,46715,2,0
46713,46713,46715,2,0
46713,46713,46715,2,0
46713,46713,46715,2,0
46713,46713,46715,2,0
46713,46713,46715,2,0
46713,46713,46715,2,0
46713,46713,46715,2,0
46713,46713,46715,2,0
46713,46713,46716,3,0
46713,46713,46715,2,0
46713,46713,46716,3,0
46713,46713,46715,2,0
46713,46713,46715,2,0
46713,46713,46715,2,0
46713,46713,46715,2,0
46713,46713,46715,2,0
46713,46713,46716,3,0
46713,46713,46715,2,0
46713,46713,46716,3,0
46713,46713,46715,2,0
46713,46713,46715,2,0
46713,46713,46716,3,0
46713,46713,46716,3,0
46713,46713,46716,3,0
46713,46713,46716,3,0
46713,46713,46717,4,0
46713,46715,46717,2,2
46713,46715,46717,2,2
46713,46713,46716,3,0
46713,46713,46717,4,0
46713,46713,46716,3,0
46713,46715,46717,2,2
46713,46715,46717,2,2
46713,46713,46717,4,0
46713,46713,46716,3,0
46713,46715,46717,2,2
46713,46713,46717,4,0
46713,46713,46717,4,0
46713,46713,46717,4,0
46713,46715,46717,2,2
46713,46715,46717,2,2
46713,46713,46717,4,0
46713,46713,46716,3,0
46713,46715,46717,2,2
46713,46715,46717,2,2
46713,46713,46717,4,0
46713,46713,46716,3,0
46713,46713,46717,4,0
46713,46713,46717,4,0
46713,46715,46717,2,2
46713,46713,46717,4,0
46713,46713,46717,4,0
46713,46713,46717,4,0
46713,46713,46718,5,0
46713,46713,46717,4,0
46713,46713,46718,5,0
46713,46713,46718,5,0
46713,46713,46717,4,0
46713,46713,46717,4,0
46713,46715,46717,2,2
46713,46713,46718,5,0
46713,46713,46717,4,0
46713,46713,46718,5,0
46713,46713,46718,5,0
46713,46713,46717,4,0
46713,46715,46718,3,2
46713,46715,46717,2,2
46713,46713,46718,5,0
46713,46713,46719,6,0
46713,46713,46719,6,0
46713,46713,46719,6,0
46713,46716,46719,3,3
46713,46715,46718,3,2
46713,46715,46718,3,2
46713,46713,46719,6,0
46713,46713,46718,5,0
46713,46713,46718,5,0
46713,46716,46719,3,3
46713,46713,46719,6,0
46713,46713,46719,6,0
46713,46716,46719,3,3
46713,46716,46720,4,3
46713,46716,46720,4,3
46713,46716,46720,4,3
46713,46716,46720,4,3
46713,46716,46719,3,3
46713,46717,46720,3,4
46713,46716,46720,4,3
46713,46718,46721,3,5
46713,46717,46720,3,4
46713,46717,46721,4,4
46713,46716,46721,5,3
46713,46716,46720,4,3
46713,46717,46721,4,4
46713,46717,46721,4,4
46713,46716,46721,5,3
46713,46717,46721,4,4
46713,46716,46721,5,3
46713,46717,46721,4,4
46713,46717,46721,4,4
46713,46718,46721,3,5
46713,46717,46720,3,4
46713,46717,46721,4,4
46713,46716,46720,4,3
46713,46717,46721,4,4
46713,46716,46721,5,3
46713,46717,46721,4,4
46713,46716,46721,5,3
46713,46717,46721,4,4
46713,46717,46721,4,4
46713,46717,46722,5,4
46713,46717,46722,5,4
46713,46717,46722,5,4
46713,46717,46721,4,4
46713,46717,46722,5,4
46713,46718,46722,4,5
46713,46716,46721,5,3
46713,46717,46722,5,4
46713,46717,46722,5,4
46713,46717,46722,5,4
46713,46721,46722,1,8
46713,46721,46722,1,8
46713,46716,46722,6,3
46713,46717,46722,5,4
46713,46718,46722,4,5
46713,46721,46722,1,8
46713,46721,46722,1,8
46713,46717,46722,5,4
46713,46718,46722,4,5
46713,46719,46722,3,6
46713,46717,46722,5,4
46713,46717,46722,5,4
46713,46717,46722,5,4
46713,46718,46721,3,5
46713,46721,46722,1,8
46713,46717,46722,5,4
46713,46717,46722,5,4
46713,46717,46722,5,4
46713,46718,46722,4,5
46713,46720,46722,2,7
46713,46718,46722,4,5
46713,46716,46721,5,3
46713,46716,46721,5,3
46713,46718,46722,4,5
46713,46721,46722,1,8
46713,46721,46722,1,8
46713,46716,46722,6,3
46713,46716,46722,6,3
46713,46720,46722,2,7
46713,46721,46722,1,8
46713,46721,46722,1,8
46713,46721,46722,1,8
46713,46720,46723,3,7
46713,46720,46722,2,7
46713,46720,46722,2,7
46713,46718,46723,5,5
46713,46719,46723,4,6
46713,46721,46723,2,8
46713,46721,46723,2,8
46713,46717,46723,6,4
46713,46718,46723,5,5
46713,46719,46723,4,6
46713,46720,46722,2,7
46713,46718,46723,5,5
46713,46719,46723,4,6
46713,46719,46723,4,6
46713,46718,46723,5,5
46713,46718,46723,5,5
46713,46718,46723,5,5
46713,46719,46723,4,6
46713,46718,46723,5,5
46713,46721,46724,3,8
46713,46719,46724,5,6
46713,46719,46724,5,6
46713,46719,46724,5,6
46713,46720,46725,5,7
46713,46716,46724,8,3
46713,46719,46724,5,6
46713,46720,46725,5,7
46713,46720,46725,5,7
46713,46720,46725,5,7
46713,46721,46725,4,8
46713,46721,46725,4,8
46732,46732,46735,3,0
46732,46732,46735,3,0
46732,46732,46734,2,0
46732,46732,46735,3,0
46732,46732,46735,3,0
46732,46732,46735,3,0
46732,46732,46736,4,0
46732,46732,46735,3,0
46732,46732,46735,3,0
46732,46732,46736,4,0
46732,46732,46736,4,0
46732,46732,46736,4,0
46732,46732,46735,3,0
46732,46732,46736,4,0
46732,46732,46736,4,0
46732,46732,46736,4,0
46732,46732,46735,3,0
46732,46732,46736,4,0
46732,46732,46736,4,0
46732,46732,46735,3,0
46732,46732,46737,5,0
46732,46732,46737,5,0
46732,46732,46736,4,0
46732,46732,46737,5,0
46732,46732,46737,5,0
46732,46732,46737,5,0
46732,46732,46736,4,0
46732,46732,46737,5,0
46732,46732,46737,5,0
46732,46732,46737,5,0
46732,46732,46737,5,0
46732,46732,46737,5,0
46732,46732,46736,4,0
46732,46732,46736,4,0
46732,46732,46736,4,0
46732,46732,46737,5,0
46732,46732,46737,5,0
46732,46732,46737,5,0
46732,46732,46736,4,0
46732,46732,46737,5,0
46732,46732,46738,6,0
46732,46732,46737,5,0
46732,46732,46737,5,0
46732,46732,46738,6,0
46732,46732,46737,5,0
46732,46732,46738,6,0
46732,46732,46738,6,0
46732,46736,46738,2,4
46732,46732,46738,6,0
46732,46732,46738,6,0
46732,46732,46737,5,0
46732,46732,46738,6,0
46732,46732,46738,6,0
46732,46732,46738,6,0
46732,46732,46738,6,0
46732,46732,46737,5,0
46732,46732,46738,6,0
46732,46732,46738,6,0
46732,46732,46737,5,0
46732,46732,46738,6,0
46732,46732,46738,6,0
46732,46732,46738,6,0
46732,46732,46738,6,0
46732,46732,46737,5,0
46732,46732,46738,6,0
46732,46736,46738,2,4
46732,46736,46738,2,4
46732,46732,46737,5,0
46732,46736,46738,2,4
46732,46732,46738,6,0
46732,46732,46737,5,0
46732,46736,46738,2,4
46732,46732,46738,6,0
46732,46732,46738,6,0
46732,46732,46739,7,0
46732,46732,46738,6,0
46732,46737,46739,2,5
46732,46732,46739,7,0
46732,46732,46739,7,0
46732,46732,46738,6,0
46732,46732,46739,7,0
46732,46738,46739,1,6
46732,46738,46739,1,6
46732,46737,46739,2,5
46732,46738,46739,1,6
46732,46738,46739,1,6
46732,46738,46739,1,6
46732,46732,46738,6,0
46732,46736,46738,2,4
46732,46738,46739,1,6
46732,46738,46739,1,6
46732,46732,46739,7,0
46732,46738,46739,1,6
46732,46738,46739,1,6
46732,46738,46739,1,6
46732,46738,46739,1,6
46732,46738,46739,1,6
46732,46738,46739,1,6
46732,46738,46739,1,6
46732,46738,46739,1,6
46732,46732,46739,7,0
46732,46736,46738,2,4
46732,46738,46739,1,6
46732,46738,46739,1,6
46732,46738,46739,1,6
46732,46732,46739,7,0
46732,46732,46738,6,0
46732,46738,46739,1,6
46732,46736,46740,4,4
46732,46738,46740,2,6
46732,46739,46740,1,7
46732,46739,46740,1,7
46732,46739,46740,1,7
46732,46737,46740,3,5
46732,46738,46740,2,6
46732,46738,46739,1,6
46732,46735,46740,5,3
46732,46738,46740,2,6
46732,46739,46740,1,7
46732,46736,46740,4,4
46732,46737,46740,3,5
46732,46739,46740,1,7
46732,46737,46740,3,5
46732,46737,46740,3,5
46732,46738,46740,2,6
46732,46735,46739,4,3
46732,46735,46740,5,3
46732,46736,46740,4,4
46732,46737,46739,2,5
46732,46737,46740,3,5
46732,46737,46740,3,5
46732,46735,46739,4,3
46732,46737,46740,3,5
46732,46737,46740,3,5
46732,46737,46740,3,5
46732,46737,46740,3,5
46732,46735,46740,5,3
46732,46735,46740,5,3
46732,46737,46740,3,5
46732,46738,46741,3,6
46732,46739,46740,1,7
46732,46736,46741,5,4
46732,46738,46741,3,6
46732,46738,46741,3,6
46732,46738,46741,3,6
46732,46738,46741,3,6
46732,46736,46741,5,4
46732,46736,46740,4,4
46732,46739,46740,1,7
46732,46739,46741,2,7
46732,46737,46741,4,5
46732,46737,46741,4,5
46732,46739,46741,2,7
46732,46736,46741,5,4
46732,46737,46740,3,5
46732,46737,46741,4,5
46732,46737,46741,4,5
46732,46737,46741,4,5
46732,46738,46742,4,6
46732,46739,46742,3,7
46732,46738,46742,4,6
46732,46738,46742,4,6
46732,46739,46742,3,7
46732,46739,46742,3,7
46732,46739,46742,3,7
46732,46739,46742,3,7
46732,46739,46742,3,7
46732,46739,46742,3,7
46732,46739,46742,3,7
46732,46739,46742,3,7
46732,46739,46742,3,7
46732,46739,46742,3,7
46732,46739,46742,3,7
46732,46739,46742,3,7
46732,46739,46742,3,7
46732,46739,46742,3,7
46732,46739,46742,3,7
46732,46740,46743,3,8
46732,46740,46743,3,8
46732,46740,46743,3,8
46732,46738,46743,5,6
46732,46740,46743,3,8
46732,46740,46743,3,8
46732,46739,46744,5,7
46732,46739,46743,4,7
46732,46740,46743,3,8
46732,46739,46743,4,7
46732,46739,46743,4,7
46732,46740,46743,3,8
46732,46740,46744,4,8
46732,46740,46744,4,8
46732,46740,46744,4,8
46732,46740,46744,4,8
46732,46740,46744,4,8
46732,46739,46744,5,7
46732,46739,46744,5,7
46732,46739,46744,5,7
46732,46739,46744,5,7
46732,46740,46745,5,8
46732,46739,46745,6,7
46751,46751,46754,3,0
46751,46751,46755,4,0
46751,46751,46755,4,0
46751,46751,46755,4,0
46751,46751,46755,4,0
46751,46751,46754,3,0
46751,46751,46755,4,0
46751,46751,46755,4,0
46751,46751,46755,4,0
46751,46751,46754,3,0
46751,46751,46755,4,0
46751,46751,46755,4,0
46751,46751,46755,4,0
46751,46751,46756,5,0
46751,46751,46756,5,0
46751,46751,46756,5,0
46751,46751,46755,4,0
46751,46751,46756,5,0
46751,46751,46756,5,0
46751,46751,46756,5,0
46751,46751,46756,5,0
46751,46751,46756,5,0
46751,46751,46756,5,0
46751,46751,46756,5,0
46751,46751,46756,5,0
46751,46751,46756,5,0
46751,46751,46756,5,0
46751,46751,46755,4,0
46751,46751,46756,5,0
46751,46751,46756,5,0
46751,46751,46756,5,0
46751,46751,46755,4,0
46751,46751,46756,5,0
46751,46751,46756,5,0
46751,46755,46756,1,4
46751,46751,46756,5,0
46751,46755,46756,1,4
46751,46755,46756,1,4
46751,46751,46757,6,0
46751,46756,46757,1,5
46751,46756,46757,1,5
46751,46756,46757,1,5
46751,46756,46757,1,5
46751,46756,46757,1,5
46751,46756,46757,1,5
46751,46751,46756,5,0
46751,46751,46757,6,0
46751,46751,46757,6,0
46751,46751,46757,6,0
46751,46756,46757,1,5
46751,46756,46757,1,5
46751,46751,46757,6,0
46751,46751,46757,6,0
46751,46751,46756,5,0
46751,46751,46756,5,0
46751,46756,46757,1,5
46751,46751,46756,5,0
46751,46751,46757,6,0
46751,46751,46757,6,0
46751,46751,46757,6,0
46751,46751,46757,6,0
46751,46751,46757,6,0
46751,46751,46757,6,0
46751,46751,46757,6,0
46751,46755,46757,2,4
46751,46751,46757,6,0
46751,46751,46757,6,0
46751,46751,46757,6,0
46751,46751,46757,6,0
46751,46751,46757,6,0
46751,46751,46757,6,0
46751,46751,46757,6,0
46751,46751,46758,7,0
46751,46751,46758,7,0
46751,46751,46758,7,0
46751,46751,46758,7,0
46751,46751,46758,7,0
46751,46751,46757,6,0
46751,46751,46758,7,0
46751,46751,46758,7,0
46751,46751,46758,7,0
46751,46751,46758,7,0
46751,46751,46758,7,0
46751,46751,46758,7,0
46751,46751,46758,7,0
46751,46751,46758,7,0
46751,46751,46758,7,0
46751,46751,46758,7,0
46751,46751,46758,7,0
46751,46751,46758,7,0
46751,46751,46758,7,0
46751,46751,46758,7,0
46751,46756,46758,2,5
46751,46755,46758,3,4
46751,46751,46758,7,0
46751,46755,46759,4,4
46751,46755,46759,4,4
46751,46755,46759,4,4
46751,46754,46759,5,3
46751,46755,46759,4,4
46751,46755,46759,4,4
46751,46755,46759,4,4
46751,46756,46759,3,5
46751,46759,46761,2,8
46751,46756,46760,4,5
46751,46755,46760,5,4
46751,46757,46761,4,6
46751,46756,46760,4,5
46751,46756,46760,4,5
46751,46757,46760,3,6
46751,46758,46760,2,7
46751,46757,46761,4,6
46751,46757,46761,4,6
46751,46759,46761,2,8
46751,46756,46761,5,5
46751,46756,46761,5,5
46751,46756,46761,5,5
46751,46758,46761,3,7
46751,46756,46761,5,5
46751,46759,46762,3,8
46751,46759,46761,2,8
46751,46756,46761,5,5
46751,46757,46761,4,6
46751,46758,46762,4,7
46751,46756,46761,5,5
46751,46757,46761,4,6
46751,46757,46762,5,6
46751,46758,46761,3,7
46751,46757,46762,5,6
46751,46757,46762,5,6
46751,46759,46763,4,8
46751,46757,46763,6,6
46751,46757,46762,5,6
46751,46757,46762,5,6
46751,46757,46762,5,6
46751,46756,46762,6,5
46751,46759,46762,3,8
46751,46760,46762,2,9
46751,46757,46763,6,6
46751,46757,46762,5,6
46751,46757,46763,6,6
46751,46756,46762,6,5
46751,46758,46762,4,7
46751,46758,46762,4,7
46751,46758,46763,5,7
46751,46757,46762,5,6
46751,46757,46763,6,6
46751,46758,46763,5,7
46751,46759,46762,3,8
46751,46757,46762,5,6
46751,46757,46762,5,6
46751,46758,46763,5,7
46751,46758,46763,5,7
46751,46759,46762,3,8
46751,46757,46763,6,6
46751,46757,46763,6,6
46751,46757,46763,6,6
46751,46760,46763,3,9
46751,46757,46763,6,6
46751,46757,46763,6,6
46751,46759,46763,4,8
46751,46759,46763,4,8
46751,46759,46763,4,8
46751,46757,46763,6,6
46751,46759,46763,4,8
46751,46761,46764,3,10
46751,46759,46763,4,8
46751,46758,46763,5,7
46751,46759,46763,4,8
46751,46759,46763,4,8
46751,46760,46763,3,9
46751,46757,46763,6,6
46751,46759,46764,5,8
46751,46759,46764,5,8
46751,46760,46763,3,9
46751,46761,46763,2,10
46751,46761,46763,2,10
46751,46759,46764,5,8
46751,46759,46764,5,8
46751,46761,46764,3,10
46751,46759,46764,5,8
46751,46759,46764,5,8
46751,46759,46764,5,8
46751,46760,46764,4,9
46751,46760,46765,5,9
46751,46761,46764,3,10
46751,46762,46764,2,11
46751,46762,46765,3,11
46751,46760,46765,5,9
46751,46762,46764,2,11
46751,46762,46764,2,11
46751,46760,46765,5,9
46751,46761,46764,3,10
46751,46761,46764,3,10
46751,46762,46765,3,11
46751,46762,46765,3,11
46751,46761,46765,4,10
46751,46762,46765,3,11
46751,46762,46766,4,11
46751,46762,46766,4,11
46775,46775,46777,2,0
46775,46775,46777,2,0
46775,46775,46777,2,0
46775,46775,46777,2,0
46775,46775,46777,2,0
46775,46775,46777,2,0
46775,46775,46777,2,0
46775,46775,46777,2,0
46775,46775,46777,2,0
46775,46775,46777,2,0
46775,46775,46777,2,0
46775,46775,46777,2,0
46775,46775,46777,2,0
46775,46775,46777,2,0
46775,46775,46777,2,0
46775,46775,46777,2,0
46775,46775,46777,2,0
46775,46775,46777,2,0
46775,46775,46777,2,0
46775,46775,46777,2,0
46775,46775,46777,2,0
46775,46775,46778,3,0
46775,46775,46777,2,0
46775,46775,46778,3,0
46775,46775,46778,3,0
46775,46775,46777,2,0
46775,46775,46777,2,0
46775,46775,46778,3,0
46775,46775,46778,3,0
46775,46775,46777,2,0
46775,46775,46778,3,0
46775,46775,46778,3,0
46775,46775,46777,2,0
46775,46775,46778,3,0
46775,46775,46778,3,0
46775,46775,46777,2,0
46775,46775,46778,3,0
46775,46775,46777,2,0
46775,46775,46778,3,0
46775,46775,46777,2,0
46775,46775,46778,3,0
46775,46775,46779,4,0
46775,46775,46778,3,0
46775,46775,46778,3,0
46775,46775,46779,4,0
46775,46775,46779,4,0
46775,46775,46778,3,0
46775,46777,46779,2,2
46775,46775,46778,3,0
46775,46775,46778,3,0
46775,46775,46779,4,0
46775,46775,46779,4,0
46775,46775,46778,3,0
46775,46775,46779,4,0
46775,46775,46778,3,0
46775,46775,46778,3,0
46775,46775,46779,4,0
46775,46775,46779,4,0
46775,46775,46779,4,0
46775,46775,46778,3,0
46775,46775,46779,4,0
46775,46777,46779,2,2
46775,46777,46779,2,2
46775,46775,46779,4,0
46775,46775,46780,5,0
46775,46775,46780,5,0
46775,46775,46780,5,0
46775,46775,46780,5,0
46775,46777,46780,3,2
46775,46777,46779,2,2
46775,46775,46780,5,0
46775,46775,46780,5,0
46775,46775,46780,5,0
46775,46775,46779,4,0
46775,46777,46780,3,2
46775,46775,46779,4,0
46775,46775,46780,5,0
46775,46775,46779,4,0
46775,46775,46780,5,0
46775,46775,46780,5,0
46775,46775,46780,5,0
46775,46775,46780,5,0
46775,46775,46779,4,0
46775,46775,46780,5,0
46775,46775,46780,5,0
46775,46777,46780,3,2
46775,46778,46781,3,3
46775,46778,46781,3,3
46775,46778,46780,2,3
46775,46777,46781,4,2
46775,46778,46781,3,3
46775,46775,46781,6,0
46775,46779,46781,2,4
46775,46778,46781,3,3
46775,46777,46781,4,2
46775,46777,46781,4,2
46775,46779,46781,2,4
46775,46777,46781,4,2
46775,46777,46781,4,2
46775,46777,46781,4,2
46775,46778,46782,4,3
46775,46778,46782,4,3
46775,46777,46782,5,2
46775,46778,46782,4,3
46775,46778,46782,4,3
46775,46777,46782,5,2
46775,46778,46782,4,3
46775,46778,46782,4,3
46775,46778,46782,4,3
46775,46779,46782,3,4
46775,46778,46782,4,3
46775,46779,46782,3,4
46775,46777,46782,5,2
46775,46779,46783,4,4
46775,46779,46783,4,4
46775,46778,46783,5,3
46775,46778,46783,5,3
46775,46778,46783,5,3
46775,46778,46784,6,3
46775,46779,46783,4,4
46775,46778,46783,5,3
46775,46778,46784,6,3
46775,46779,46783,4,4
46775,46778,46783,5,3
46775,46778,46784,6,3
46775,46778,46783,5,3
46775,46778,46783,5,3
46775,46783,46784,1,8
46775,46779,46783,4,4
46775,46779,46784,5,4
46775,46779,46784,5,4
46775,46779,46784,5,4
46775,46780,46784,4,5
46775,46780,46784,4,5
46775,46780,46785,5,5
46775,46780,46784,4,5
46775,46779,46784,5,4
46775,46780,46785,5,5
46775,46780,46784,4,5
46775,46778,46784,6,3
46775,46779,46785,6,4
46775,46779,46784,5,4
46775,46779,46785,6,4
46775,46779,46784,5,4
46775,46779,46784,5,4
46775,46780,46785,5,5
46775,46779,46784,5,4
46775,46783,46784,1,8
46775,46780,46785,5,5
46775,46781,46785,4,6
46775,46780,46785,5,5
46775,46779,46785,6,4
46775,46780,46785,5,5
46775,46780,46785,5,5
46775,46783,46786,3,8
46775,46781,46785,4,6
46775,46782,46785,3,7
46775,46781,46786,5,6
46775,46782,46785,3,7
46775,46781,46785,4,6
46775,46780,46786,6,5
46775,46782,46785,3,7
46775,46783,46785,2,8
46775,46782,46785,3,7
46775,46779,46785,6,4
46775,46779,46785,6,4
46775,46782,46785,3,7
46775,46781,46786,5,6
46775,46780,46786,6,5
46775,46780,46786,6,5
46775,46780,46786,6,5
46775,46782,46786,4,7
46775,46783,46786,3,8
46775,46780,46786,6,5
46775,46783,46786,3,8
46775,46783,46786,3,8
46775,46777,46787,10,2
46775,46780,46786,6,5
46775,46782,46786,4,7
46775,46781,46786,5,6
46775,46781,46786,5,6
46775,46781,46786,5,6
46775,46781,46786,5,6
46775,46782,46786,4,7
46775,46783,46786,3,8
46775,46782,46787,5,7
46775,46782,46786,4,7
46775,46781,46787,6,6
46775,46783,46787,4,8
46775,46783,46787,4,8
46775,46783,46787,4,8
46775,46783,46787,4,8
46795,46796,46797,1,1
46795,46796,46798,2,1
46795,46796,46797,1,1
46795,46796,46798,2,1
46795,46796,46798,2,1
46795,46796,46799,3,1
46795,46796,46798,2,1
46795,46796,46798,2,1
46795,46796,46799,3,1
46795,46796,46800,4,1
46795,46796,46799,3,1
46795,46796,46799,3,1
46795,46796,46799,3,1
46795,46796,46799,3,1
46795,46796,46800,4,1
46795,46796,46800,4,1
46795,46796,46801,5,1
46795,46796,46800,4,1
46795,46796,46801,5,1
46795,46796,46800,4,1
46795,46796,46801,5,1
46795,46796,46800,4,1
46795,46796,46800,4,1
46795,46796,46801,5,1
46795,46796,46801,5,1
46795,46796,46800,4,1
46795,46796,46800,4,1
46795,46796,46801,5,1
46795,46796,46800,4,1
46795,46796,46801,5,1
46795,46796,46800,4,1
46795,46796,46801,5,1
46795,46796,46801,5,1
46795,46796,46800,4,1
46795,46796,46801,5,1
46795,46796,46800,4,1
46795,46796,46800,4,1
46795,46796,46801,5,1
46795,46796,46800,4,1
46795,46796,46800,4,1
46795,46796,46801,5,1
46795,46796,46801,5,1
46795,46796,46801,5,1
46795,46796,46801,5,1
46795,46796,46801,5,1
46795,46796,46802,6,1
46795,46796,46801,5,1
46795,46796,46802,6,1
46795,46796,46801,5,1
46795,46796,46801,5,1
46795,46796,46802,6,1
46795,46796,46801,5,1
46795,46796,46801,5,1
46795,46798,46801,3,3
46795,46796,46801,5,1
46795,46796,46801,5,1
46795,46796,46801,5,1
46795,46796,46802,6,1
46795,46796,46802,6,1
46795,46798,46801,3,3
46795,46796,46801,5,1
46795,46796,46801,5,1
46795,46796,46801,5,1
46795,46796,46801,5,1
46795,46796,46801,5,1
46795,46796,46802,6,1
46795,46796,46802,6,1
46795,46796,46801,5,1
46795,46798,46801,3,3
46795,46796,46801,5,1
46795,46796,46801,5,1
46795,46796,46803,7,1
46795,46796,46802,6,1
46795,46796,46802,6,1
46795,46796,46802,6,1
46795,46796,46802,6,1
46795,46802,46803,1,7
46795,46802,46803,1,7
46795,46796,46802,6,1
46795,46796,46802,6,1
46795,46796,46802,6,1
46795,46800,46803,3,5
46795,46796,46802,6,1
46795,46800,46802,2,5
46795,46802,46803,1,7
46795,46796,46802,6,1
46795,46798,46803,5,3
46795,46796,46802,6,1
46795,46802,46803,1,7
46795,46802,46803,1,7
46795,46802,46803,1,7
46795,46796,46802,6,1
46795,46802,46803,1,7
46795,46799,46803,4,4
46795,46801,46804,3,6
46795,46801,46804,3,6
46795,46800,46804,4,5
46795,46800,46804,4,5
46795,46801,46804,3,6
46795,46802,46804,2,7
46795,46803,46804,1,8
46795,46799,46803,4,4
46795,46800,46804,4,5
46795,46801,46803,2,6
46795,46801,46804,3,6
46795,46802,46803,1,7
46795,46803,46804,1,8
46795,46799,46803,4,4
46795,46801,46804,3,6
46795,46802,46803,1,7
46795,46803,46804,1,8
46795,46799,46803,4,4
46795,46801,46804,3,6
46795,46802,46804,2,7
46795,46802,46803,1,7
46795,46803,46804,1,8
46795,46803,46804,1,8
46795,46801,46804,3,6
46795,46801,46804,3,6
46795,46803,46804,1,8
46795,46803,46804,1,8
46795,46800,46804,4,5
46795,46802,46803,1,7
46795,46803,46804,1,8
46795,46802,46803,1,7
46795,46802,46803,1,7
46795,46802,46803,1,7
46795,46803,46804,1,8
46795,46801,46804,3,6
46795,46801,46803,2,6
46795,46802,46803,1,7
46795,46801,46804,3,6
46795,46802,46805,3,7
46795,46800,46805,5,5
46795,46801,46805,4,6
46795,46801,46805,4,6
46795,46802,46804,2,7
46795,46801,46805,4,6
46795,46802,46805,3,7
46795,46802,46804,2,7
46795,46803,46804,1,8
46795,46801,46804,3,6
46795,46803,46805,2,8
46795,46801,46804,3,6
46795,46801,46805,4,6
46795,46802,46805,3,7
46795,46803,46804,1,8
46795,46803,46805,2,8
46795,46801,46805,4,6
46795,46802,46805,3,7
46795,46801,46805,4,6
46795,46801,46805,4,6
46795,46803,46804,1,8
46795,46802,46805,3,7
46795,46802,46805,3,7
46795,46803,46806,3,8
46795,46802,46806,4,7
46795,46802,46806,4,7
46795,46803,46806,3,8
46795,46801,46805,4,6
46795,46802,46806,4,7
46795,46802,46806,4,7
46795,46803,46806,3,8
46795,46801,46806,5,6
46795,46801,46806,5,6
46795,46802,46806,4,7
46795,46801,46806,5,6
46795,46804,46807,3,9
46795,46803,46807,4,8
46795,46803,46806,3,8
46795,46803,46807,4,8
46795,46803,46807,4,8
46795,46802,46807,5,7
46795,46804,46807,3,9
46795,46804,46807,3,9
46795,46804,46807,3,9
46795,46804,46807,3,9
46795,46804,46807,3,9
46795,46804,46807,3,9
46795,46804,46807,3,9
46795,46804,46807,3,9
46795,46804,46807,3,9
46795,46804,46807,3,9
46795,46804,46807,3,9
46795,46804,46808,4,9
46795,46804,46808,4,9
46795,46804,46808,4,9
46795,46804,46808,4,9
46795,46804,46808,4,9
46795,46804,46808,4,9
46795,46804,46808,4,9
46795,46804,46808,4,9
46795,46804,46808,4,9
46795,46804,46808,4,9
46795,46804,46808,4,9
46795,46804,46808,4,9
46795,46804,46808,4,9
46795,46804,46808,4,9
46795,46804,46809,5,9
46817,46817,46820,3,0
46817,46817,46820,3,0
46817,46817,46821,4,0
46817,46817,46821,4,0
46817,46817,46821,4,0
46817,46817,46821,4,0
46817,46817,46821,4,0
46817,46817,46821,4,0
46817,46817,46820,3,0
46817,46817,46821,4,0
46817,46817,46820,3,0
46817,46817,46821,4,0
46817,46817,46821,4,0
46817,46817,46821,4,0
46817,46817,46821,4,0
46817,46817,46821,4,0
46817,46817,46821,4,0
46817,46817,46821,4,0
46817,46817,46822,5,0
46817,46817,46822,5,0
46817,46817,46822,5,0
46817,46817,46822,5,0
46817,46817,46822,5,0
46817,46817,46822,5,0
46817,46818,46822,4,1
46817,46817,46822,5,0
46817,46817,46822,5,0
46817,46817,46821,4,0
46817,46817,46821,4,0
46817,46817,46822,5,0
46817,46821,46822,1,4
46817,46817,46821,4,0
46817,46817,46822,5,0
46817,46817,46822,5,0
46817,46817,46822,5,0
46817,46821,46822,1,4
46817,46817,46822,5,0
46817,46817,46822,5,0
46817,46821,46822,1,4
46817,46821,46822,1,4
46817,46817,46823,6,0
46817,46821,46823,2,4
46817,46817,46822,5,0
46817,46817,46822,5,0
46817,46817,46823,6,0
46817,46817,46823,6,0
46817,46822,46823,1,5
46817,46817,46823,6,0
46817,46817,46823,6,0
46817,46817,46823,6,0
46817,46822,46823,1,5
46817,46822,46823,1,5
46817,46817,46823,6,0
46817,46817,46823,6,0
46817,46822,46823,1,5
46817,46822,46823,1,5
46817,46817,46823,6,0
46817,46817,46823,6,0
46817,46817,46823,6,0
46817,46817,46823,6,0
46817,46817,46823,6,0
46817,46817,46823,6,0
46817,46817,46823,6,0
46817,46818,46823,5,1
46817,46818,46823,5,1
46817,46818,46823,5,1
46817,46821,46823,2,4
46817,46821,46823,2,4
46817,46817,46823,6,0
46817,46818,46823,5,1
46817,46818,46823,5,1
46817,46817,46823,6,0
46817,46817,46823,6,0
46817,46818,46823,5,1
46817,46818,46824,6,1
46817,46821,46823,2,4
46817,46817,46823,6,0
46817,46817,46824,7,0
46817,46817,46824,7,0
46817,46818,46824,6,1
46817,46818,46824,6,1
46817,46817,46824,7,0
46817,46818,46824,6,1
46817,46818,46824,6,1
46817,46817,46824,7,0
46817,46817,46824,7,0
46817,46818,46824,6,1
46817,46823,46824,1,6
46817,46817,46824,7,0
46817,46821,46825,4,4
46817,46817,46824,7,0
46817,46823,46825,2,6
46817,46817,46824,7,0
46817,46823,46824,1,6
46817,46817,46824,7,0
46817,46817,46825,8,0
46817,46820,46825,5,3
46817,46821,46826,5,4
46817,46821,46825,4,4
46817,46823,46826,3,6
46817,46820,46825,5,3
46817,46821,46825,4,4
46817,46823,46826,3,6
46817,46823,46825,2,6
46817,46824,46826,2,7
46817,46824,46826,2,7
46817,46823,46826,3,6
46817,46821,46827,6,4
46817,46825,46826,1,8
46817,46824,46826,2,7
46817,46824,46826,2,7
46817,46824,46826,2,7
46817,46825,46826,1,8
46817,46817,46826,9,0
46817,46823,46826,3,6
46817,46824,46827,3,7
46817,46823,46827,4,6
46817,46821,46826,5,4
46817,46825,46826,1,8
46817,46821,46826,5,4
46817,46824,46826,2,7
46817,46824,46827,3,7
46817,46824,46826,2,7
46817,46821,46826,5,4
46817,46824,46826,2,7
46817,46824,46827,3,7
46817,46824,46827,3,7
46817,46824,46828,4,7
46817,46824,46827,3,7
46817,46823,46827,4,6
46817,46823,46828,5,6
46817,46824,46827,3,7
46817,46825,46828,3,8
46817,46823,46828,5,6
46817,46824,46827,3,7
46817,46824,46827,3,7
46817,46823,46827,4,6
46817,46823,46828,5,6
46817,46824,46828,4,7
46817,46824,46829,5,7
46817,46825,46829,4,8
46817,46824,46828,4,7
46817,46824,46828,4,7
46817,46824,46829,5,7
46817,46824,46829,5,7
46817,46824,46828,4,7
46817,46824,46828,4,7
46817,46824,46828,4,7
46817,46824,46829,5,7
46817,46824,46829,5,7
46817,46824,46829,5,7
46817,46824,46829,5,7
46817,46824,46829,5,7
46817,46823,46828,5,6
46817,46825,46828,3,8
46817,46823,46828,5,6
46817,46825,46828,3,8
46817,46823,46828,5,6
46817,46824,46829,5,7
46817,46825,46829,4,8
46817,46826,46829,3,9
46817,46825,46828,3,8
46817,46825,46829,4,8
46817,46825,46830,5,8
46817,46826,46829,3,9
46817,46825,46830,5,8
46817,46827,46829,2,10
46817,46825,46829,4,8
46817,46825,46829,4,8
46817,46827,46830,3,10
46817,46824,46829,5,7
46817,46827,46830,3,10
46817,46827,46829,2,10
46817,46824,46829,5,7
46817,46825,46829,4,8
46817,46825,46830,5,8
46817,46825,46830,5,8
46817,46826,46830,4,9
46817,46825,46830,5,8
46817,46826,46829,3,9
46817,46826,46829,3,9
46817,46824,46829,5,7
46817,46824,46829,5,7
46817,46825,46830,5,8
46817,46826,46830,4,9
46817,46826,46830,4,9
46817,46827,46830,3,10
46817,46826,46830,4,9
46817,46826,46830,4,9
46817,46827,46831,4,10
46817,46827,46831,4,10
46817,46826,46830,4,9
46817,46826,46831,5,9
46817,46826,46831,5,9
46817,46827,46832,5,10
46840,46840,46842,2,0
46840,46840,46842,2,0
46840,46840,46842,2,0
46840,46840,46842,2,0
46840,46841,46842,1,1
46840,46840,46842,2,0
46840,46840,46842,2,0
46840,46840,46842,2,0
46840,46840,46842,2,0
46840,46841,46842,1,1
46840,46840,46842,2,0
46840,46840,46842,2,0
46840,46840,46842,2,0
46840,46840,46842,2,0
46840,46840,46842,2,0
46840,46840,46843,3,0
46840,46840,46842,2,0
46840,46840,46842,2,0
46840,46840,46842,2,0
46840,46840,46842,2,0
46840,46840,46842,2,0
46840,46840,46842,2,0
46840,46840,46842,2,0
46840,46840,46843,3,0
46840,46840,46842,2,0
46840,46840,46842,2,0
46840,46841,46843,2,1
46840,46840,46843,3,0
46840,46841,46843,2,1
46840,46840,46843,3,0
46840,46840,46842,2,0
46840,46840,46843,3,0
46840,46840,46843,3,0
46840,46841,46843,2,1
46840,46840,46843,3,0
46840,46840,46843,3,0
46840,46841,46843,2,1
46840,46840,46843,3,0
46840,46840,46843,3,0
46840,46840,46843,3,0
46840,46840,46844,4,0
46840,46840,46843,3,0
46840,46841,46843,2,1
46840,46840,46843,3,0
46840,46841,46843,2,1
46840,46840,46843,3,0
46840,46840,46844,4,0
46840,46840,46844,4,0
46840,46840,46844,4,0
46840,46840,46844,4,0
46840,46840,46844,4,0
46840,46840,46845,5,0
46840,46840,46844,4,0
46840,46840,46844,4,0
46840,46843,46844,1,3
46840,46840,46844,4,0
46840,46840,46844,4,0
46840,46840,46844,4,0
46840,46840,46844,4,0
46840,46843,46845,2,3
46840,46840,46844,4,0
46840,46840,46844,4,0
46840,46841,46845,4,1
46840,46840,46845,5,0
46840,46840,46845,5,0
46840,46840,46845,5,0
46840,46841,46845,4,1
46840,46843,46845,2,3
46840,46840,46845,5,0
46840,46840,46845,5,0
46840,46840,46845,5,0
46840,46841,46845,4,1
46840,46841,46845,4,1
46840,46843,46846,3,3
46840,46841,46845,4,1
46840,46843,46845,2,3
46840,46840,46845,5,0
46840,46841,46845,4,1
46840,46843,46845,2,3
46840,46843,46845,2,3
46840,46841,46846,5,1
46840,46843,46846,3,3
46840,46841,46845,4,1
46840,46841,46845,4,1
46840,46843,46846,3,3
46840,46843,46846,3,3
46840,46840,46846,6,0
46840,46840,46846,6,0
46840,46842,46846,4,2
46840,46844,46846,2,4
46840,46842,46846,4,2
46840,46844,46846,2,4
46840,46844,46846,2,4
46840,46842,46846,4,2
46840,46843,46847,4,3
46840,46844,46846,2,4
46840,46842,46846,4,2
46840,46843,46847,4,3
46840,46844,46846,2,4
46840,46845,46846,1,5
46840,46840,46846,6,0
46840,46840,46846,6,0
46840,46844,46846,2,4
46840,46843,46846,3,3
46840,46844,46847,3,4
46840,46842,46847,5,2
46840,46842,46848,6,2
46840,46842,46847,5,2
46840,46844,46848,4,4
46840,46844,46848,4,4
46840,46844,46848,4,4
46840,46844,46847,3,4
46840,46844,46847,3,4
46840,46845,46847,2,5
46840,46843,46847,4,3
46840,46844,46848,4,4
46840,46846,46848,2,6
46840,46843,46847,4,3
46840,46845,46847,2,5
46840,46844,46847,3,4
46840,46846,46847,1,6
46840,46846,46848,2,6
46840,46846,46848,2,6
46840,46844,46848,4,4
46840,46846,46847,1,6
46840,46844,46848,4,4
46840,46846,46848,2,6
46840,46846,46848,2,6
46840,46845,46848,3,5
46840,46846,46849,3,6
46840,46844,46848,4,4
46840,46846,46848,2,6
46840,46844,46848,4,4
46840,46844,46848,4,4
46840,46845,46848,3,5
46840,46848,46849,1,8
46840,46848,46849,1,8
46840,46844,46849,5,4
46840,46848,46849,1,8
46840,46848,46849,1,8
46840,46844,46848,4,4
46840,46848,46849,1,8
46840,46848,46849,1,8
46840,46848,46849,1,8
46840,46843,46848,5,3
46840,46844,46848,4,4
46840,46846,46848,2,6
46840,46846,46849,3,6
46840,46844,46848,4,4
46840,46845,46849,4,5
46840,46845,46849,4,5
46840,46845,46850,5,5
46840,46846,46849,3,6
46840,46846,46850,4,6
46840,46848,46850,2,8
46840,46846,46850,4,6
46840,46845,46850,5,5
46840,46845,46850,5,5
46840,46846,46850,4,6
46840,46846,46850,4,6
46840,46848,46849,1,8
46840,46845,46849,4,5
46840,46845,46850,5,5
46840,46845,46850,5,5
46840,46845,46850,5,5
46840,46846,46850,4,6
46840,46846,46850,4,6
46840,46848,46851,3,8
46840,46846,46850,4,6
46840,46846,46850,4,6
46840,46847,46850,3,7
46840,46845,46850,5,5
46840,46846,46851,5,6
46840,46846,46851,5,6
46840,46847,46851,4,7
46840,46845,46850,5,5
46840,46846,46851,5,6
46840,46846,46851,5,6
46840,46847,46851,4,7
46840,46847,46851,4,7
46840,46847,46852,5,7
46840,46847,46851,4,7
46840,46847,46852,5,7
46840,46847,46851,4,7
46840,46847,46852,5,7
46840,46847,46852,5,7
46840,46847,46852,5,7
46840,46848,46851,3,8
46840,46848,46852,4,8
46840,46847,46852,5,7
46840,46847,46852,5,7
46840,46847,46851,4,7
46840,46847,46852,5,7
46840,46847,46852,5,7
46840,46847,46852,5,7
46840,46847,46852,5,7
46840,46848,46852,4,8
46840,46848,46853,5,8
46840,46847,46852,5,7
46859,46859,46860,1,0
46859,46859,46860,1,0
46859,46859,46861,2,0
46859,46859,46861,2,0
46859,46859,46861,2,0
46859,46859,46861,2,0
46859,46859,46861,2,0
46859,46859,46861,2,0
46859,46859,46861,2,0
46859,46859,46861,2,0
46859,46859,46861,2,0
46859,46859,46861,2,0
46859,46859,46861,2,0
46859,46859,46862,3,0
46859,46859,46863,4,0
46859,46860,46862,2,1
46859,46860,46862,2,1
46859,46859,46863,4,0
46859,46860,46864,4,1
46859,46860,46864,4,1
46859,46859,46864,5,0
46859,46859,46863,4,0
46859,46859,46864,5,0
46859,46859,46864,5,0
46859,46860,46864,4,1
46859,46860,46864,4,1
46859,46859,46864,5,0
46859,46859,46864,5,0
46859,46860,46864,4,1
46859,46860,46865,5,1
46859,46860,46864,4,1
46859,46860,46864,4,1
46859,46859,46864,5,0
46859,46860,46865,5,1
46859,46862,46864,2,3
46859,46859,46865,6,0
46859,46860,46864,4,1
46859,46861,46864,3,2
46859,46859,46864,5,0
46859,46859,46864,5,0
46859,46860,46865,5,1
46859,46861,46864,3,2
46859,46860,46864,4,1
46859,46860,46865,5,1
46859,46862,46864,2,3
46859,46859,46865,6,0
46859,46859,46866,7,0
46859,46860,46866,6,1
46859,46859,46865,6,0
46859,46860,46865,5,1
46859,46860,46865,5,1
46859,46862,46866,4,3
46859,46859,46865,6,0
46859,46860,46865,5,1
46859,46862,46865,3,3
46859,46862,46866,4,3
46859,46859,46866,7,0
46859,46862,46866,4,3
46859,46862,46865,3,3
46859,46859,46866,7,0
46859,46859,46865,6,0
46859,46859,46865,6,0
46859,46860,46866,6,1
46859,46863,46865,2,4
46859,46859,46866,7,0
46859,46859,46866,7,0
46859,46860,46866,6,1
46859,46860,46865,5,1
46859,46863,46865,2,4
46859,46859,46865,6,0
46859,46860,46865,5,1
46859,46862,46865,3,3
46859,46863,46865,2,4
46859,46859,46866,7,0
46859,46859,46866,7,0
46859,46860,46866,6,1
46859,46862,46865,3,3
46859,46859,46866,7,0
46859,46860,46865,5,1
46859,46859,46866,7,0
46859,46859,46866,7,0
46859,46863,46865,2,4
46859,46864,46866,2,5
46859,46860,46866,6,1
46859,46860,46866,6,1
46859,46859,46866,7,0
46859,46860,46866,6,1
46859,46862,46867,5,3
46859,46860,46866,6,1
46859,46859,46866,7,0
46859,46859,46866,7,0
46859,46866,46867,1,7
46859,46859,46866,7,0
46859,46860,46866,6,1
46859,46866,46867,1,7
46859,46866,46867,1,7
46859,46860,46866,6,1
46859,46862,46867,5,3
46859,46866,46867,1,7
46859,46866,46867,1,7
46859,46860,46866,6,1
46859,46860,46866,6,1
46859,46866,46867,1,7
46859,46866,46867,1,7
46859,46866,46867,1,7
46859,46860,46866,6,1
46859,46865,46867,2,6
46859,46867,46868,1,8
46859,46867,46868,1,8
46859,46865,46867,2,6
46859,46865,46867,2,6
46859,46866,46867,1,7
46859,46866,46867,1,7
46859,46867,46868,1,8
46859,46865,46868,3,6
46859,46866,46868,2,7
46859,46866,46867,1,7
46859,46866,46867,1,7
46859,46867,46868,1,8
46859,46867,46868,1,8
46859,46864,46868,4,5
46859,46866,46867,1,7
46859,46866,46867,1,7
46859,46866,46867,1,7
46859,46866,46867,1,7
46859,46866,46867,1,7
46859,46866,46867,1,7
46859,46866,46867,1,7
46859,46866,46867,1,7
46859,46866,46867,1,7
46859,46866,46867,1,7
46859,46866,46867,1,7
46859,46864,46868,4,5
46859,46866,46868,2,7
46859,46866,46867,1,7
46859,46865,46867,2,6
46859,46866,46868,2,7
46859,46866,46867,1,7
46859,46866,46867,1,7
46859,46864,46869,5,5
46859,46865,46869,4,6
46859,46866,46868,2,7
46859,46867,46868,1,8
46859,46867,46868,1,8
46859,46865,46868,3,6
46859,46866,46869,3,7
46859,46866,46869,3,7
46859,46866,46868,2,7
46859,46866,46868,2,7
46859,46865,46869,4,6
46859,46866,46869,3,7
46859,46865,46869,4,6
46859,46867,46869,2,8
46859,46864,46869,5,5
46859,46865,46869,4,6
46859,46865,46869,4,6
46859,46865,46869,4,6
46859,46864,46869,5,5
46859,46865,46869,4,6
46859,46865,46869,4,6
46859,46866,46869,3,7
46859,46866,46869,3,7
46859,46865,46869,4,6
46859,46865,46870,5,6
46859,46865,46870,5,6
46859,46866,46870,4,7
46859,46865,46870,5,6
46859,46867,46869,2,8
46859,46867,46869,2,8
46859,46867,46870,3,8
46859,46865,46870,5,6
46859,46865,46870,5,6
46859,46867,46870,3,8
46859,46865,46870,5,6
46859,46865,46870,5,6
46859,46868,46871,3,9
46859,46868,46871,3,9
46859,46868,46871,3,9
46859,46868,46870,2,9
46859,46867,46870,3,8
46859,46867,46871,4,8
46859,46867,46871,4,8
46859,46867,46871,4,8
46859,46867,46871,4,8
46859,46867,46870,3,8
46859,46867,46871,4,8
46859,46867,46871,4,8
46859,46868,46872,4,9
46859,46868,46871,3,9
46859,46868,46872,4,9
46859,46868,46872,4,9
46859,46868,46872,4,9
46859,46867,46871,4,8
46859,46868,46872,4,9
46859,46868,46872,4,9
46859,46867,46871,4,8
46859,46868,46873,5,9
46859,46868,46873,5,9
46859,46868,46873,5,9
46879,46879,46882,3,0
46879,46879,46882,3,0
46879,46879,46882,3,0
46879,46879,46882,3,0
46879,46879,46883,4,0
46879,46879,46883,4,0
46879,46879,46883,4,0
46879,46879,46883,4,0
46879,46879,46883,4,0
46879,46879,46882,3,0
46879,46879,46882,3,0
46879,46879,46882,3,0
46879,46879,46883,4,0
46879,46879,46883,4,0
46879,46879,46884,5,0
46879,46879,46883,4,0
46879,46879,46884,5,0
46879,46879,46884,5,0
46879,46879,46884,5,0
46879,46879,46884,5,0
46879,46879,46884,5,0
46879,46879,46884,5,0
46879,46879,46884,5,0
46879,46879,46883,4,0
46879,46879,46884,5,0
46879,46879,46883,4,0
46879,46879,46884,5,0
46879,46879,46884,5,0
46879,46879,46883,4,0
46879,46879,46884,5,0
46879,46879,46884,5,0
46879,46879,46884,5,0
46879,46879,46884,5,0
46879,46879,46884,5,0
46879,46879,46884,5,0
46879,46883,46884,1,4
46879,46879,46885,6,0
46879,46879,46885,6,0
46879,46879,46884,5,0
46879,46879,46885,6,0
46879,46879,46885,6,0
46879,46879,46885,6,0
46879,46879,46884,5,0
46879,46879,46885,6,0
46879,46879,46884,5,0
46879,46884,46885,1,5
46879,46879,46885,6,0
46879,46879,46884,5,0
46879,46884,46885,1,5
46879,46879,46885,6,0
46879,46879,46885,6,0
46879,46884,46885,1,5
46879,46884,46885,1,5
46879,46884,46885,1,5
46879,46884,46885,1,5
46879,46884,46885,1,5
46879,46879,46884,5,0
46879,46884,46885,1,5
46879,46884,46885,1,5
46879,46879,46884,5,0
46879,46884,46885,1,5
46879,46884,46885,1,5
46879,46884,46885,1,5
46879,46879,46885,6,0
46879,46879,46885,6,0
46879,46884,46885,1,5
46879,46884,46885,1,5
46879,46884,46885,1,5
46879,46879,46885,6,0
46879,46879,46885,6,0
46879,46879,46885,6,0
46879,46884,46885,1,5
46879,46884,46885,1,5
46879,46879,46885,6,0
46879,46883,46885,2,4
46879,46884,46885,1,5
46879,46879,46885,6,0
46879,46884,46885,1,5
46879,46884,46885,1,5
46879,46879,46885,6,0
46879,46879,46885,6,0
46879,46879,46886,7,0
46879,46879,46886,7,0
46879,46879,46886,7,0
46879,46879,46886,7,0
46879,46879,46886,7,0
46879,46879,46886,7,0
46879,46879,46885,6,0
46879,46879,46886,7,0
46879,46879,46886,7,0
46879,46879,46886,7,0
46879,46879,46886,7,0
46879,46879,46886,7,0
46879,46879,46886,7,0
46879,46879,46886,7,0
46879,46884,46886,2,5
46879,46879,46886,7,0
46879,46879,46886,7,0
46879,46884,46886,2,5
46879,46879,46886,7,0
46879,46879,46886,7,0
46879,46879,46886,7,0
46879,46879,46886,7,0
46879,46879,46886,7,0
46879,46885,46887,2,6
46879,46882,46887,5,3
46879,46882,46887,5,3
46879,46882,46887,5,3
46879,46883,46887,4,4
46879,46883,46887,4,4
46879,46882,46887,5,3
46879,46885,46888,3,6
46879,46883,46888,5,4
46879,46883,46888,5,4
46879,46883,46888,5,4
46879,46883,46888,5,4
46879,46883,46888,5,4
46879,46883,46888,5,4
46879,46885,46889,4,6
46879,46885,46889,4,6
46879,46885,46889,4,6
46879,46885,46889,4,6
46879,46885,46889,4,6
46879,46886,46890,4,7
46879,46886,46889,3,7
46879,46886,46890,4,7
46879,46886,46889,3,7
46879,46885,46890,5,6
46879,46885,46891,6,6
46879,46885,46890,5,6
46879,46887,46890,3,8
46879,46887,46890,3,8
46879,46887,46890,3,8
46879,46886,46891,5,7
46879,46886,46891,5,7
46879,46887,46890,3,8
46879,46886,46891,5,7
46879,46886,46891,5,7
46879,46886,46890,4,7
46879,46886,46890,4,7
46879,46886,46891,5,7
46879,46886,46890,4,7
46879,46887,46890,3,8
46879,46888,46890,2,9
46879,46886,46890,4,7
46879,46886,46891,5,7
46879,46886,46891,5,7
46879,46887,46891,4,8
46879,46886,46891,5,7
46879,46886,46891,5,7
46879,46886,46891,5,7
46879,46886,46890,4,7
46879,46885,46891,6,6
46879,46885,46891,6,6
46879,46886,46891,5,7
46879,46887,46892,5,8
46879,46887,46891,4,8
46879,46888,46891,3,9
46879,46889,46892,3,10
46879,46886,46891,5,7
46879,46887,46892,5,8
46879,46886,46891,5,7
46879,46886,46892,6,7
46879,46886,46891,5,7
46879,46886,46891,5,7
46879,46887,46891,4,8
46879,46886,46891,5,7
46879,46886,46891,5,7
46879,46887,46891,4,8
46879,46888,46891,3,9
46879,46887,46892,5,8
46879,46888,46892,4,9
46879,46886,46891,5,7
46879,46886,46891,5,7
46879,46887,46892,5,8
46879,46887,46891,4,8
46879,46887,46891,4,8
46879,46887,46892,5,8
46879,46888,46891,3,9
46879,46886,46892,6,7
46879,46886,46892,6,7
46879,46886,46891,5,7
46879,46886,46891,5,7
46879,46887,46892,5,8
46879,46887,46892,5,8
46879,46887,46892,5,8
46879,46887,46892,5,8
46879,46887,46892,5,8
46879,46887,46892,5,8
46879,46889,46892,3,10
46879,46889,46893,4,10
46879,46888,46892,4,9
46879,46887,46892,5,8
46879,46888,46892,4,9
46879,46889,46893,4,10
46879,46889,46893,4,10
46879,46890,46894,4,11
46879,46890,46893,3,11
46879,46889,46893,4,10
46879,46889,46893,4,10
46901,46902,46903,1,1
46901,46901,46904,3,0
46901,46901,46903,2,0
46901,46901,46903,2,0
46901,46901,46904,3,0
46901,46902,46903,1,1
46901,46902,46903,1,1
46901,46902,46904,2,1
46901,46902,46904,2,1
46901,46902,46903,1,1
46901,46902,46903,1,1
46901,46902,46904,2,1
46901,46902,46903,1,1
46901,46902,46903,1,1
46901,46902,46904,2,1
46901,46902,46903,1,1
46901,46902,46903,1,1
46901,46902,46903,1,1
46901,46902,46904,2,1
46901,46902,46904,2,1
46901,46902,46904,2,1
46901,46901,46904,3,0
46901,46902,46904,2,1
46901,46902,46904,2,1
46901,46901,46905,4,0
46901,46902,46904,2,1
46901,46902,46904,2,1
46901,46902,46904,2,1
46901,46902,46904,2,1
46901,46902,46905,3,1
46901,46901,46904,3,0
46901,46901,46904,3,0
46901,46902,46904,2,1
46901,46901,46904,3,0
46901,46902,46904,2,1
46901,46902,46904,2,1
46901,46902,46905,3,1
46901,46902,46904,2,1
46901,46902,46904,2,1
46901,46902,46904,2,1
46901,46901,46904,3,0
46901,46901,46905,4,0
46901,46901,46905,4,0
46901,46901,46905,4,0
46901,46902,46905,3,1
46901,46901,46905,4,0
46901,46901,46905,4,0
46901,46901,46906,5,0
46901,46901,46906,5,0
46901,46901,46906,5,0
46901,46902,46906,4,1
46901,46901,46905,4,0
46901,46901,46905,4,0
46901,46901,46907,6,0
46901,46901,46906,5,0
46901,46901,46907,6,0
46901,46901,46906,5,0
46901,46904,46906,2,3
46901,46901,46906,5,0
46901,46902,46906,4,1
46901,46904,46907,3,3
46901,46901,46906,5,0
46901,46901,46906,5,0
46901,46901,46906,5,0
46901,46901,46907,6,0
46901,46901,46907,6,0
46901,46901,46906,5,0
46901,46901,46906,5,0
46901,46902,46906,4,1
46901,46901,46907,6,0
46901,46901,46906,5,0
46901,46905,46906,1,4
46901,46901,46906,5,0
46901,46901,46906,5,0
46901,46901,46907,6,0
46901,46901,46907,6,0
46901,46905,46907,2,4
46901,46901,46907,6,0
46901,46901,46907,6,0
46901,46902,46907,5,1
46901,46901,46907,6,0
46901,46904,46908,4,3
46901,46901,46907,6,0
46901,46901,46907,6,0
46901,46904,46907,3,3
46901,46904,46907,3,3
46901,46904,46908,4,3
46901,46901,46907,6,0
46901,46904,46908,4,3
46901,46905,46908,3,4
46901,46904,46908,4,3
46901,46904,46907,3,3
46901,46904,46909,5,3
46901,46905,46908,3,4
46901,46905,46909,4,4
46901,46904,46908,4,3
46901,46904,46908,4,3
46901,46904,46908,4,3
46901,46905,46909,4,4
46901,46904,46908,4,3
46901,46905,46909,4,4
46901,46904,46908,4,3
46901,46905,46909,4,4
46901,46905,46909,4,4
46901,46904,46909,5,3
46901,46905,46909,4,4
46901,46905,46909,4,4
46901,46905,46908,3,4
46901,46904,46909,5,3
46901,46904,46909,5,3
46901,46905,46910,5,4
46901,46905,46910,5,4
46901,46905,46910,5,4
46901,46905,46910,5,4
46901,46905,46910,5,4
46901,46906,46910,4,5
46901,46905,46909,4,4
46901,46905,46910,5,4
46901,46905,46910,5,4
46901,46905,46910,5,4
46901,46905,46910,5,4
46901,46906,46911,5,5
46901,46907,46910,3,6
46901,46907,46911,4,6
46901,46906,46911,5,5
46901,46907,46910,3,6
46901,46906,46910,4,5
46901,46906,46911,5,5
46901,46907,46910,3,6
46901,46907,46911,4,6
46901,46907,46911,4,6
46901,46910,46911,1,9
46901,46905,46910,5,4
46901,46907,46911,4,6
46901,46907,46911,4,6
46901,46906,46911,5,5
46901,46906,46911,5,5
46901,46906,46911,5,5
46901,46906,46911,5,5
46901,46906,46911,5,5
46901,46907,46911,4,6
46901,46910,46911,1,9
46901,46906,46911,5,5
46901,46910,46911,1,9
46901,46907,46912,5,6
46901,46907,46912,5,6
46901,46907,46911,4,6
46901,46907,46912,5,6
46901,46908,46912,4,7
46901,46907,46912,5,6
46901,46907,46911,4,6
46901,46908,46912,4,7
46901,46907,46912,5,6
46901,46907,46912,5,6
46901,46907,46912,5,6
46901,46907,46912,5,6
46901,46907,46912,5,6
46901,46910,46911,1,9
46901,46910,46912,2,9
46901,46910,46911,1,9
46901,46906,46911,5,5
46901,46907,46912,5,6
46901,46910,46912,2,9
46901,46908,46913,5,7
46901,46909,46913,4,8
46901,46908,46913,5,7
46901,46908,46913,5,7
46901,46908,46912,4,7
46901,46908,46913,5,7
46901,46908,46913,5,7
46901,46908,46913,5,7
46901,46908,46913,5,7
46901,46908,46913,5,7
46901,46909,46913,4,8
46901,46908,46913,5,7
46901,46908,46913,5,7
46901,46909,46914,5,8
46901,46909,46913,4,8
46901,46909,46913,4,8
46901,46909,46914,5,8
46901,46909,46913,4,8
46901,46910,46914,4,9
46901,46908,46914,6,7
46901,46909,46914,5,8
46901,46910,46914,4,9
46901,46910,46914,4,9
46901,46908,46913,5,7
46901,46908,46914,6,7
46901,46909,46914,5,8
46901,46909,46914,5,8
46901,46909,46914,5,8
46901,46909,46914,5,8
46901,46909,46914,5,8
46901,46910,46914,4,9
46901,46908,46913,5,7
46901,46908,46913,5,7
46901,46909,46914,5,8
46901,46909,46914,5,8
46901,46910,46915,5,9
46901,46909,46914,5,8
46923,46923,46924,1,0
46923,46923,46925,2,0
46923,46923,46925,2,0
46923,46923,46925,2,0
46923,46923,46925,2,0
46923,46923,46925,2,0
46923,46923,46925,2,0
46923,46923,46925,2,0
46923,46923,46925,2,0
46923,46923,46925,2,0
46923,46923,46925,2,0
46923,46923,46925,2,0
46923,46923,46925,2,0
46923,46923,46925,2,0
46923,46923,46925,2,0
46923,46923,46925,2,0
46923,46923,46925,2,0
46923,46923,46925,2,0
46923,46923,46926,3,0
46923,46923,46927,4,0
46923,46923,46928,5,0
46923,46924,46927,3,1
46923,46923,46928,5,0
46923,46923,46928,5,0
46923,46924,46928,4,1
46923,46923,46929,6,0
46923,46923,46929,6,0
46923,46923,46928,5,0
46923,46923,46929,6,0
46923,46924,46928,4,1
46923,46923,46928,5,0
46923,46924,46928,4,1
46923,46924,46928,4,1
46923,46923,46929,6,0
46923,46923,46929,6,0
46923,46923,46929,6,0
46923,46923,46930,7,0
46923,46923,46929,6,0
46923,46924,46929,5,1
46923,46923,46929,6,0
46923,46923,46929,6,0
46923,46924,46929,5,1
46923,46926,46929,3,3
46923,46923,46930,7,0
46923,46923,46929,6,0
46923,46926,46929,3,3
46923,46923,46929,6,0
46923,46923,46929,6,0
46923,46925,46929,4,2
46923,46926,46929,3,3
46923,46923,46930,7,0
46923,46923,46929,6,0
46923,46923,46930,7,0
46923,46923,46929,6,0
46923,46923,46929,6,0
46923,46923,46929,6,0
46923,46926,46929,3,3
46923,46923,46930,7,0
46923,46923,46930,7,0
46923,46926,46930,4,3
46923,46923,46929,6,0
46923,46923,46929,6,0
46923,46923,46930,7,0
46923,46924,46930,6,1
46923,46923,46930,7,0
46923,46923,46930,7,0
46923,46923,46930,7,0
46923,46923,46930,7,0
46923,46924,46930,6,1
46923,46924,46930,6,1
46923,46923,46930,7,0
46923,46924,46930,6,1
46923,46926,46930,4,3
46923,46926,46931,5,3
46923,46923,46930,7,0
46923,46924,46930,6,1
46923,46926,46930,4,3
46923,46923,46930,7,0
46923,46924,46930,6,1
46923,46926,46931,5,3
46923,46927,46931,4,4
46923,46923,46930,7,0
46923,46924,46930,6,1
46923,46926,46931,5,3
46923,46923,46930,7,0
46923,46924,46930,6,1
46923,46926,46930,4,3
46923,46924,46930,6,1
46923,46926,46930,4,3
46923,46926,46931,5,3
46923,46923,46930,7,0
46923,46924,46930,6,1
46923,46926,46930,4,3
46923,46923,46930,7,0
46923,46924,46930,6,1
46923,46926,46930,4,3
46923,46930,46931,1,7
46923,46930,46931,1,7
46923,46923,46930,7,0
46923,46925,46930,5,2
46923,46926,46930,4,3
46923,46930,46931,1,7
46923,46930,46931,1,7
46923,46931,46932,1,8
46923,46931,46932,1,8
46923,46928,46932,4,5
46923,46931,46932,1,8
46923,46931,46932,1,8
46923,46931,46932,1,8
46923,46931,46932,1,8
46923,46931,46932,1,8
46923,46931,46932,1,8
46923,46931,46932,1,8
46923,46931,46932,1,8
46923,46931,46932,1,8
46923,46931,46932,1,8
46923,46931,46932,1,8
46923,46931,46932,1,8
46923,46931,46932,1,8
46923,46930,46932,2,7
46923,46930,46932,2,7
46923,46931,46932,1,8
46923,46931,46932,1,8
46923,46930,46931,1,7
46923,46929,46932,3,6
46923,46930,46932,2,7
46923,46930,46931,1,7
46923,46930,46933,3,7
46923,46930,46933,3,7
46923,46931,46932,1,8
46923,46931,46932,1,8
46923,46929,46933,4,6
46923,46930,46933,3,7
46923,46928,46932,4,5
46923,46930,46933,3,7
46923,46929,46932,3,6
46923,46929,46932,3,6
46923,46928,46933,5,5
46923,46930,46932,2,7
46923,46930,46933,3,7
46923,46931,46932,1,8
46923,46931,46932,1,8
46923,46931,46932,1,8
46923,46929,46933,4,6
46923,46930,46933,3,7
46923,46931,46932,1,8
46923,46929,46933,4,6
46923,46931,46932,1,8
46923,46931,46932,1,8
46923,46931,46932,1,8
46923,46931,46933,2,8
46923,46931,46933,2,8
46923,46931,46933,2,8
46923,46932,46934,2,9
46923,46930,46934,4,7
46923,46930,46933,3,7
46923,46930,46933,3,7
46923,46930,46934,4,7
46923,46930,46934,4,7
46923,46930,46934,4,7
46923,46929,46933,4,6
46923,46930,46933,3,7
46923,46930,46934,4,7
46923,46929,46933,4,6
46923,46930,46933,3,7
46923,46929,46933,4,6
46923,46930,46933,3,7
46923,46930,46934,4,7
46923,46930,46933,3,7
46923,46930,46934,4,7
46923,46929,46933,4,6
46923,46931,46933,2,8
46923,46929,46933,4,6
46923,46932,46935,3,9
46923,46932,46935,3,9
46923,46930,46934,4,7
46923,46930,46934,4,7
46923,46932,46935,3,9
46923,46932,46934,2,9
46923,46932,46935,3,9
46923,46932,46934,2,9
46923,46932,46935,3,9
46923,46932,46935,3,9
46923,46932,46935,3,9
46923,46931,46935,4,8
46923,46931,46934,3,8
46923,46931,46935,4,8
46923,46932,46935,3,9
46923,46932,46935,3,9
46923,46932,46935,3,9
46923,46932,46935,3,9
46923,46932,46937,5,9
46923,46932,46936,4,9
46923,46932,46936,4,9
46943,46943,46946,3,0
46943,46943,46946,3,0
46943,46943,46947,4,0
46943,46943,46948,5,0
46943,46943,46947,4,0
46943,46943,46947,4,0
46943,46943,46947,4,0
46943,46943,46947,4,0
46943,46943,46948,5,0
46943,46943,46947,4,0
46943,46943,46947,4,0
46943,46943,46947,4,0
46943,46943,46947,4,0
46943,46943,46947,4,0
46943,46943,46947,4,0
46943,46943,46947,4,0
46943,46943,46947,4,0
46943,46943,46947,4,0
46943,46943,46948,5,0
46943,46943,46948,5,0
46943,46943,46948,5,0
46943,46943,46948,5,0
46943,46943,46948,5,0
46943,46943,46948,5,0
46943,46943,46948,5,0
46943,46943,46948,5,0
46943,46943,46948,5,0
46943,46943,46948,5,0
46943,46943,46948,5,0
46943,46944,46948,4,1
46943,46943,46948,5,0
46943,46943,46948,5,0
46943,46943,46948,5,0
46943,46943,46948,5,0
46943,46943,46948,5,0
46943,46943,46949,6,0
46943,46943,46949,6,0
46943,46943,46949,6,0
46943,46944,46949,5,1
46943,46943,46949,6,0
46943,46943,46949,6,0
46943,46944,46950,6,1
46943,46944,46950,6,1
46943,46943,46949,6,0
46943,46944,46949,5,1
46943,46944,46949,5,1
46943,46944,46950,6,1
46943,46944,46949,5,1
46943,46943,46949,6,0
46943,46944,46950,6,1
46943,46944,46949,5,1
46943,46943,46949,6,0
46943,46949,46950,1,6
46943,46949,46950,1,6
46943,46944,46950,6,1
46943,46944,46950,6,1
46943,46944,46950,6,1
46943,46944,46949,5,1
46943,46949,46950,1,6
46943,46949,46950,1,6
46943,46949,46950,1,6
46943,46944,46949,5,1
46943,46949,46950,1,6
46943,46949,46950,1,6
46943,46944,46950,6,1
46943,46944,46950,6,1
46943,46948,46950,2,5
46943,46948,46949,1,5
46943,46949,46950,1,6
46943,46949,46950,1,6
46943,46943,46949,6,0
46943,46948,46949,1,5
46943,46948,46949,1,5
46943,46944,46950,6,1
46943,46944,46950,6,1
46943,46950,46951,1,7
46943,46950,46951,1,7
46943,46944,46950,6,1
46943,46950,46951,1,7
46943,46944,46950,6,1
46943,46944,46950,6,1
46943,46944,46950,6,1
46943,46944,46950,6,1
46943,46944,46950,6,1
46943,46943,46950,7,0
46943,46943,46950,7,0
46943,46944,46951,7,1
46943,46944,46950,6,1
46943,46943,46950,7,0
46943,46944,46950,6,1
46943,46944,46951,7,1
46943,46944,46951,7,1
46943,46944,46950,6,1
46943,46944,46950,6,1
46943,46944,46950,6,1
46943,46944,46950,6,1
46943,46948,46952,4,5
46943,46950,46952,2,7
46943,46947,46951,4,4
46943,46948,46952,4,5
46943,46948,46952,4,5
46943,46947,46952,5,4
46943,46948,46953,5,5
46943,46948,46952,4,5
46943,46948,46953,5,5
46943,46948,46952,4,5
46943,46948,46953,5,5
46943,46950,46953,3,7
46943,46948,46952,4,5
46943,46948,46953,5,5
46943,46948,46953,5,5
46943,46948,46953,5,5
46943,46951,46954,3,8
46943,46950,46954,4,7
46943,46951,46954,3,8
46943,46951,46954,3,8
46943,46951,46954,3,8
46943,46951,46954,3,8
46943,46951,46954,3,8
46943,46951,46953,2,8
46943,46950,46955,5,7
46943,46952,46954,2,9
46943,46950,46954,4,7
46943,46951,46955,4,8
46943,46951,46955,4,8
46943,46953,46955,2,10
46943,46950,46955,5,7
46943,46950,46955,5,7
46943,46951,46955,4,8
46943,46951,46955,4,8
46943,46951,46955,4,8
46943,46952,46955,3,9
46943,46951,46955,4,8
46943,46951,46954,3,8
46943,46950,46954,4,7
46943,46950,46955,5,7
46943,46950,46955,5,7
46943,46950,46955,5,7
46943,46950,46955,5,7
46943,46950,46955,5,7
46943,46950,46954,4,7
46943,46951,46955,4,8
46943,46950,46955,5,7
46943,46951,46954,3,8
46943,46950,46955,5,7
46943,46950,46955,5,7
46943,46950,46955,5,7
46943,46953,46956,3,10
46943,46951,46956,5,8
46943,46951,46956,5,8
46943,46950,46956,6,7
46943,46950,46956,6,7
46943,46951,46956,5,8
46943,46951,46956,5,8
46943,46952,46955,3,9
46943,46950,46956,6,7
46943,46950,46955,5,7
46943,46950,46955,5,7
46943,46950,46955,5,7
46943,46950,46955,5,7
46943,46950,46956,6,7
46943,46951,46956,5,8
46943,46953,46956,3,10
46943,46953,46956,3,10
46943,46953,46956,3,10
46943,46950,46956,6,7
46943,46950,46956,6,7
46943,46950,46956,6,7
46943,46951,46956,5,8
46943,46951,46956,5,8
46943,46952,46956,4,9
46943,46950,46955,5,7
46943,46950,46955,5,7
46943,46950,46956,6,7
46943,46950,46955,5,7
46943,46950,46955,5,7
46943,46951,46956,5,8
46943,46950,46956,6,7
46943,46950,46956,6,7
46943,46950,46956,6,7
46943,46950,46956,6,7
46943,46950,46956,6,7
46943,46952,46955,3,9
46943,46951,46957,6,8
46943,46951,46956,5,8
46943,46952,46957,5,9
46943,46953,46956,3,10
46943,46953,46957,4,10
46943,46953,46958,5,10
46943,46949,46985,36,6
46993,46994,46996,2,1
46993,46993,46996,3,0
46993,46993,46996,3,0
46993,46993,46995,2,0
46993,46994,46996,2,1
46993,46994,46995,1,1
46993,46994,46995,1,1
46993,46994,46995,1,1
46993,46994,46996,2,1
46993,46994,46996,2,1
46993,46994,46996,2,1
46993,46994,46996,2,1
46993,46994,46995,1,1
46993,46994,46996,2,1
46993,46994,46995,1,1
46993,46994,46996,2,1
46993,46994,46996,2,1
46993,46994,46996,2,1
46993,46994,46996,2,1
46993,46994,46996,2,1
46993,46994,46996,2,1
46993,46994,46995,1,1
46993,46994,46996,2,1
46993,46993,46996,3,0
46993,46993,46997,4,0
46993,46993,46997,4,0
46993,46993,46996,3,0
46993,46994,46996,2,1
46993,46994,46996,2,1
46993,46994,46996,2,1
46993,46993,46997,4,0
46993,46993,46996,3,0
46993,46994,46996,2,1
46993,46994,46996,2,1
46993,46993,46996,3,0
46993,46994,46996,2,1
46993,46994,46996,2,1
46993,46993,46996,3,0
46993,46994,46996,2,1
46993,46994,46996,2,1
46993,46994,46996,2,1
46993,46994,46997,3,1
46993,46993,46996,3,0
46993,46993,46996,3,0
46993,46994,46996,2,1
46993,46993,46996,3,0
46993,46994,46996,2,1
46993,46994,46996,2,1
46993,46993,46996,3,0
46993,46993,46996,3,0
46993,46994,46996,2,1
46993,46994,46996,2,1
46993,46993,46997,4,0
46993,46993,46996,3,0
46993,46994,46996,2,1
46993,46994,46996,2,1
46993,46993,46997,4,0
46993,46993,46997,4,0
46993,46993,46997,4,0
46993,46996,46998,2,3
46993,46996,46998,2,3
46993,46996,46998,2,3
46993,46993,46997,4,0
46993,46993,46997,4,0
46993,46996,46997,1,3
46993,46993,46998,5,0
46993,46993,46997,4,0
46993,46993,46997,4,0
46993,46993,46998,5,0
46993,46996,46998,2,3
46993,46993,46998,5,0
46993,46993,46997,4,0
46993,46993,46998,5,0
46993,46993,46997,4,0
46993,46993,46997,4,0
46993,46993,46997,4,0
46993,46996,46998,2,3
46993,46996,46998,2,3
46993,46996,46998,2,3
46993,46996,46998,2,3
46993,46993,46998,5,0
46993,46993,46997,4,0
46993,46993,46997,4,0
46993,46993,46998,5,0
46993,46997,46999,2,4
46993,46993,46998,5,0
46993,46997,46999,2,4
46993,46997,46999,2,4
46993,46993,46998,5,0
46993,46996,46998,2,3
46993,46993,46998,5,0
46993,46993,46998,5,0
46993,46996,46998,2,3
46993,46996,46998,2,3
46993,46996,46998,2,3
46993,46997,46999,2,4
46993,46997,46999,2,4
46993,46997,46999,2,4
46993,46996,46999,3,3
46993,46997,46999,2,4
46993,46996,46999,3,3
46993,46997,46999,2,4
46993,46996,46999,3,3
46993,46996,46999,3,3
46993,46996,46999,3,3
46993,46997,47000,3,4
46993,46996,46999,3,3
46993,46993,46999,6,0
46993,46996,46999,3,3
46993,46997,47000,3,4
46993,46996,46999,3,3
46993,46996,46999,3,3
46993,46997,47000,3,4
46993,46996,46999,3,3
46993,46997,47000,3,4
46993,46997,47000,3,4
46993,46997,47000,3,4
46993,46998,47001,3,5
46993,46997,47001,4,4
46993,46997,47001,4,4
46993,46997,47001,4,4
46993,46997,47000,3,4
46993,46998,47001,3,5
46993,46997,47001,4,4
46993,46997,47000,3,4
46993,46997,47001,4,4
46993,46997,47000,3,4
46993,46997,47001,4,4
46993,46998,47001,3,5
46993,46997,47001,4,4
46993,46997,47001,4,4
46993,46997,47001,4,4
46993,46997,47000,3,4
46993,47001,47002,1,8
46993,46997,47002,5,4
46993,46997,47001,4,4
46993,46998,47001,3,5
46993,47001,47002,1,8
46993,46998,47001,3,5
46993,46998,47002,4,5
46993,46998,47001,3,5
46993,46998,47002,4,5
46993,47001,47002,1,8
46993,47001,47002,1,8
46993,46997,47002,5,4
46993,46997,47001,4,4
46993,46998,47001,3,5
46993,46998,47002,4,5
46993,46998,47001,3,5
46993,47000,47002,2,7
46993,46997,47002,5,4
46993,46997,47002,5,4
46993,46998,47003,5,5
46993,46999,47003,4,6
46993,46998,47003,5,5
46993,46998,47003,5,5
46993,46998,47003,5,5
46993,46998,47003,5,5
46993,46998,47003,5,5
46993,46999,47004,5,6
46993,46999,47003,4,6
46993,47000,47004,4,7
46993,47000,47004,4,7
46993,46999,47004,5,6
46993,46999,47004,5,6
46993,46999,47004,5,6
46993,46999,47004,5,6
46993,47000,47004,4,7
46993,46998,47003,5,5
46993,46999,47004,5,6
46993,47000,47004,4,7
46993,46998,47004,6,5
46993,46998,47003,5,5
46993,46999,47004,5,6
46993,47000,47004,4,7
46993,47000,47004,4,7
46993,46998,47004,6,5
46993,46999,47004,5,6
46993,46998,47003,5,5
46993,46998,47003,5,5
46993,46999,47004,5,6
46993,47000,47004,4,7
46993,46999,47004,5,6
46993,47000,47004,4,7
46993,46998,47004,6,5
46993,46998,47004,6,5
46993,46998,47004,6,5
46993,46998,47003,5,5
46993,47000,47005,5,7
46993,47000,47004,4,7
46993,47000,47005,5,7
46993,47000,47005,5,7
46993,47000,47005,5,7
46993,47000,47005,5,7
46993,47000,47005,5,7
46993,47000,47004,4,7
46993,47000,47005,5,7
46993,47000,47006,6,7
46993,47000,47006,6,7
46993,47000,47005,5,7
47014,47014,47015,1,0
47014,47014,47015,1,0
47014,47014,47015,1,0
47014,47014,47016,2,0
47014,47014,47016,2,0
47014,47014,47016,2,0
47014,47014,47016,2,0
47014,47014,47016,2,0
47014,47014,47016,2,0
47014,47014,47016,2,0
47014,47014,47016,2,0
47014,47014,47016,2,0
47014,47014,47016,2,0
47014,47014,47016,2,0
47014,47014,47016,2,0
47014,47014,47016,2,0
47014,47014,47016,2,0
47014,47014,47016,2,0
47014,47014,47016,2,0
47014,47014,47016,2,0
47014,47014,47016,2,0
47014,47014,47016,2,0
47014,47014,47016,2,0
47014,47014,47016,2,0
47014,47014,47017,3,0
47014,47014,47018,4,0
47014,47014,47018,4,0
47014,47016,47019,3,2
47014,47014,47018,4,0
47014,47015,47018,3,1
47014,47015,47019,4,1
47014,47014,47019,5,0
47014,47017,47019,2,3
47014,47017,47019,2,3
47014,47017,47019,2,3
47014,47015,47019,4,1
47014,47017,47019,2,3
47014,47017,47019,2,3
47014,47014,47019,5,0
47014,47014,47019,5,0
47014,47016,47019,3,2
47014,47017,47019,2,3
47014,47017,47019,2,3
47014,47014,47019,5,0
47014,47014,47019,5,0
47014,47016,47019,3,2
47014,47017,47019,2,3
47014,47014,47020,6,0
47014,47014,47019,5,0
47014,47015,47019,4,1
47014,47017,47019,2,3
47014,47017,47019,2,3
47014,47014,47019,5,0
47014,47014,47020,6,0
47014,47015,47019,4,1
47014,47017,47019,2,3
47014,47017,47019,2,3
47014,47014,47019,5,0
47014,47016,47020,4,2
47014,47014,47020,6,0
47014,47015,47020,5,1
47014,47016,47020,4,2
47014,47016,47020,4,2
47014,47014,47020,6,0
47014,47015,47020,5,1
47014,47017,47021,4,3
47014,47014,47020,6,0
47014,47014,47020,6,0
47014,47014,47021,7,0
47014,47016,47020,4,2
47014,47014,47020,6,0
47014,47014,47021,7,0
47014,47017,47020,3,3
47014,47014,47020,6,0
47014,47014,47021,7,0
47014,47015,47020,5,1
47014,47015,47021,6,1
47014,47014,47021,7,0
47014,47014,47021,7,0
47014,47014,47021,7,0
47014,47014,47021,7,0
47014,47014,47020,6,0
47014,47014,47021,7,0
47014,47014,47021,7,0
47014,47015,47021,6,1
47014,47016,47021,5,2
47014,47021,47022,1,7
47014,47014,47021,7,0
47014,47015,47021,6,1
47014,47015,47021,6,1
47014,47021,47022,1,7
47014,47014,47021,7,0
47014,47014,47021,7,0
47014,47015,47021,6,1
47014,47021,47022,1,7
47014,47015,47021,6,1
47014,47015,47021,6,1
47014,47017,47021,4,3
47014,47021,47022,1,7
47014,47014,47021,7,0
47014,47015,47021,6,1
47014,47017,47021,4,3
47014,47021,47022,1,7
47014,47021,47022,1,7
47014,47015,47021,6,1
47014,47015,47021,6,1
47014,47021,47022,1,7
47014,47021,47022,1,7
47014,47021,47022,1,7
47014,47021,47022,1,7
47014,47020,47021,1,6
47014,47021,47022,1,7
47014,47021,47022,1,7
47014,47021,47022,1,7
47014,47014,47021,7,0
47014,47015,47021,6,1
47014,47020,47022,2,6
47014,47021,47022,1,7
47014,47015,47021,6,1
47014,47021,47022,1,7
47014,47014,47021,7,0
47014,47019,47022,3,5
47014,47021,47022,1,7
47014,47021,47022,1,7
47014,47021,47022,1,7
47014,47021,47023,2,7
47014,47022,47023,1,8
47014,47022,47023,1,8
47014,47022,47023,1,8
47014,47022,47023,1,8
47014,47022,47023,1,8
47014,47022,47023,1,8
47014,47019,47022,3,5
47014,47020,47022,2,6
47014,47020,47022,2,6
47014,47020,47023,3,6
47014,47020,47023,3,6
47014,47020,47023,3,6
47014,47020,47022,2,6
47014,47020,47022,2,6
47014,47020,47022,2,6
47014,47020,47022,2,6
47014,47020,47022,2,6
47014,47020,47022,2,6
47014,47020,47023,3,6
47014,47020,47022,2,6
47014,47022,47023,1,8
47014,47020,47023,3,6
47014,47020,47022,2,6
47014,47020,47022,2,6
47014,47020,47023,3,6
47014,47020,47023,3,6
47014,47020,47022,2,6
47014,47022,47023,1,8
47014,47022,47023,1,8
47014,47018,47022,4,4
47014,47020,47023,3,6
47014,47020,47022,2,6
47014,47020,47022,2,6
47014,47020,47023,3,6
47014,47020,47022,2,6
47014,47020,47023,3,6
47014,47020,47023,3,6
47014,47019,47023,4,5
47014,47019,47023,4,5
47014,47022,47023,1,8
47014,47022,47024,2,8
47014,47019,47023,4,5
47014,47019,47023,4,5
47014,47022,47024,2,8
47014,47022,47023,1,8
47014,47022,47024,2,8
47014,47022,47024,2,8
47014,47022,47023,1,8
47014,47022,47023,1,8
47014,47022,47024,2,8
47014,47022,47023,1,8
47014,47022,47024,2,8
47014,47022,47023,1,8
47014,47022,47024,2,8
47014,47022,47025,3,8
47014,47022,47024,2,8
47014,47022,47024,2,8
47014,47022,47024,2,8
47014,47022,47024,2,8
47014,47022,47024,2,8
47014,47022,47024,2,8
47014,47022,47025,3,8
47014,47022,47024,2,8
47014,47022,47024,2,8
47014,47022,47024,2,8
47014,47022,47024,2,8
47014,47022,47025,3,8
47014,47022,47026,4,8
47035,47035,47038,3,0
47035,47035,47038,3,0
47035,47035,47038,3,0
47035,47035,47038,3,0
47035,47035,47038,3,0
47035,47035,47038,3,0
47035,47035,47038,3,0
47035,47035,47038,3,0
47035,47035,47038,3,0
47035,47035,47038,3,0
47035,47035,47038,3,0
47035,47035,47038,3,0
47035,47035,47038,3,0
47035,47035,47038,3,0
47035,47035,47038,3,0
47035,47035,47038,3,0
47035,47035,47038,3,0
47035,47035,47038,3,0
47035,47035,47038,3,0
47035,47035,47038,3,0
47035,47035,47038,3,0
47035,47035,47039,4,0
47035,47035,47038,3,0
47035,47035,47039,4,0
47035,47035,47039,4,0
47035,47035,47039,4,0
47035,47035,47039,4,0
47035,47035,47039,4,0
47035,47035,47039,4,0
47035,47035,47040,5,0
47035,47035,47039,4,0
47035,47035,47039,4,0
47035,47035,47040,5,0
47035,47039,47040,1,4
47035,47039,47040,1,4
47035,47039,47040,1,4
47035,47035,47039,4,0
47035,47035,47040,5,0
47035,47039,47040,1,4
47035,47039,47040,1,4
47035,47039,47040,1,4
47035,47035,47040,5,0
47035,47035,47040,5,0
47035,47039,47040,1,4
47035,47039,47040,1,4
47035,47035,47040,5,0
47035,47035,47040,5,0
47035,47039,47040,1,4
47035,47035,47040,5,0
47035,47039,47040,1,4
47035,47035,47040,5,0
47035,47039,47040,1,4
47035,47035,47041,6,0
47035,47035,47040,5,0
47035,47035,47040,5,0
47035,47035,47041,6,0
47035,47035,47041,6,0
47035,47035,47041,6,0
47035,47035,47041,6,0
47035,47040,47041,1,5
47035,47040,47041,1,5
47035,47035,47041,6,0
47035,47035,47041,6,0
47035,47040,47041,1,5
47035,47040,47041,1,5
47035,47035,47041,6,0
47035,47035,47041,6,0
47035,47040,47041,1,5
47035,47040,47041,1,5
47035,47035,47040,5,0
47035,47035,47041,6,0
47035,47039,47041,2,4
47035,47040,47041,1,5
47035,47040,47041,1,5
47035,47040,47041,1,5
47035,47035,47041,6,0
47035,47035,47041,6,0
47035,47040,47041,1,5
47035,47040,47041,1,5
47035,47040,47041,1,5
47035,47040,47041,1,5
47035,47035,47041,6,0
47035,47035,47041,6,0
47035,47035,47041,6,0
47035,47038,47041,3,3
47035,47035,47041,6,0
47035,47035,47041,6,0
47035,47035,47041,6,0
47035,47035,47041,6,0
47035,47038,47041,3,3
47035,47035,47041,6,0
47035,47035,47041,6,0
47035,47035,47041,6,0
47035,47040,47041,1,5
47035,47035,47042,7,0
47035,47035,47041,6,0
47035,47035,47041,6,0
47035,47035,47042,7,0
47035,47038,47042,4,3
47035,47035,47042,7,0
47035,47035,47042,7,0
47035,47038,47042,4,3
47035,47035,47042,7,0
47035,47038,47042,4,3
47035,47035,47042,7,0
47035,47035,47042,7,0
47035,47038,47042,4,3
47035,47041,47042,1,6
47035,47035,47042,7,0
47035,47038,47042,4,3
47035,47035,47042,7,0
47035,47035,47042,7,0
47035,47035,47042,7,0
47035,47041,47042,1,6
47035,47035,47042,7,0
47035,47041,47042,1,6
47035,47038,47043,5,3
47035,47038,47043,5,3
47035,47038,47043,5,3
47035,47038,47043,5,3
47035,47038,47043,5,3
47035,47038,47043,5,3
47035,47038,47043,5,3
47035,47041,47043,2,6
47035,47038,47044,6,3
47035,47038,47043,5,3
47035,47042,47045,3,7
47035,47042,47045,3,7
47035,47043,47045,2,8
47035,47041,47044,3,6
47035,47043,47045,2,8
47035,47043,47045,2,8
47035,47041,47045,4,6
47035,47041,47045,4,6
47035,47043,47045,2,8
47035,47042,47045,3,7
47035,47042,47045,3,7
47035,47042,47046,4,7
47035,47042,47045,3,7
47035,47042,47046,4,7
47035,47042,47046,4,7
47035,47042,47046,4,7
47035,47042,47046,4,7
47035,47043,47045,2,8
47035,47041,47046,5,6
47035,47042,47046,4,7
47035,47042,47045,3,7
47035,47042,47045,3,7
47035,47043,47046,3,8
47035,47043,47045,2,8
47035,47041,47046,5,6
47035,47041,47046,5,6
47035,47041,47046,5,6
47035,47041,47046,5,6
47035,47041,47046,5,6
47035,47041,47046,5,6
47035,47042,47046,4,7
47035,47042,47047,5,7
47035,47042,47046,4,7
47035,47042,47046,4,7
47035,47042,47046,4,7
47035,47043,47046,3,8
47035,47042,47046,4,7
47035,47042,47047,5,7
47035,47043,47046,3,8
47035,47042,47046,4,7
47035,47042,47047,5,7
47035,47042,47047,5,7
47035,47042,47047,5,7
47035,47042,47046,4,7
47035,47043,47046,3,8
47035,47042,47046,4,7
47035,47041,47047,6,6
47035,47041,47047,6,6
47035,47041,47047,6,6
47035,47042,47047,5,7
47035,47042,47047,5,7
47035,47042,47047,5,7
47035,47042,47047,5,7
47035,47043,47047,4,8
47035,47043,47048,5,8
47035,47042,47047,5,7
47035,47042,47047,5,7
47035,47043,47047,4,8
47035,47043,47047,4,8
47035,47042,47047,5,7
47035,47042,47047,5,7
47035,47043,47048,5,8
47035,47042,47047,5,7
47035,47042,47047,5,7
47035,47043,47048,5,8
47035,47043,47047,4,8
47035,47042,47047,5,7
47035,47042,47047,5,7
47035,47042,47048,6,7
47035,47042,47048,6,7
47035,47043,47048,5,8
47057,47057,47059,2,0
47057,47057,47059,2,0
47057,47057,47059,2,0
47057,47057,47059,2,0
47057,47057,47059,2,0
47057,47057,47059,2,0
47057,47057,47059,2,0
47057,47057,47059,2,0
47057,47057,47059,2,0
47057,47057,47059,2,0
47057,47057,47059,2,0
47057,47057,47059,2,0
47057,47057,47059,2,0
47057,47057,47060,3,0
47057,47057,47059,2,0
47057,47057,47059,2,0
47057,47057,47059,2,0
47057,47057,47060,3,0
47057,47057,47060,3,0
47057,47057,47059,2,0
47057,47057,47059,2,0
47057,47057,47060,3,0
47057,47057,47060,3,0
47057,47057,47059,2,0
47057,47057,47059,2,0
47057,47057,47059,2,0
47057,47057,47060,3,0
47057,47057,47060,3,0
47057,47057,47060,3,0
47057,47057,47060,3,0
47057,47057,47059,2,0
47057,47057,47059,2,0
47057,47059,47060,1,2
47057,47057,47060,3,0
47057,47057,47060,3,0
47057,47057,47060,3,0
47057,47057,47059,2,0
47057,47057,47059,2,0
47057,47057,47060,3,0
47057,47057,47060,3,0
47057,47057,47060,3,0
47057,47057,47059,2,0
47057,47057,47060,3,0
47057,47057,47060,3,0
47057,47057,47060,3,0
47057,47057,47060,3,0
47057,47057,47059,2,0
47057,47057,47059,2,0
47057,47057,47060,3,0
47057,47057,47060,3,0
47057,47057,47060,3,0
47057,47057,47060,3,0
47057,47057,47059,2,0
47057,47057,47059,2,0
47057,47059,47060,1,2
47057,47057,47060,3,0
47057,47057,47060,3,0
47057,47057,47060,3,0
47057,47059,47060,1,2
47057,47059,47060,1,2
47057,47057,47060,3,0
47057,47057,47060,3,0
47057,47057,47060,3,0
47057,47057,47060,3,0
47057,47057,47060,3,0
47057,47057,47060,3,0
47057,47057,47061,4,0
47057,47057,47060,3,0
47057,47057,47060,3,0
47057,47057,47060,3,0
47057,47057,47061,4,0
47057,47057,47061,4,0
47057,47057,47060,3,0
47057,47057,47061,4,0
47057,47059,47061,2,2
47057,47057,47061,4,0
47057,47057,47061,4,0
47057,47059,47061,2,2
47057,47059,47062,3,2
47057,47057,47062,5,0
47057,47057,47062,5,0
47057,47060,47062,2,3
47057,47060,47062,2,3
47057,47060,47062,2,3
47057,47060,47062,2,3
47057,47057,47061,4,0
47057,47060,47062,2,3
47057,47060,47062,2,3
47057,47060,47062,2,3
47057,47060,47062,2,3
47057,47057,47062,5,0
47057,47059,47062,3,2
47057,47057,47062,5,0
47057,47057,47062,5,0
47057,47059,47062,3,2
47057,47057,47062,5,0
47057,47059,47062,3,2
47057,47057,47061,4,0
47057,47059,47062,3,2
47057,47059,47062,3,2
47057,47060,47062,2,3
47057,47060,47063,3,3
47057,47060,47063,3,3
47057,47060,47063,3,3
47057,47060,47063,3,3
47057,47060,47063,3,3
47057,47060,47063,3,3
47057,47060,47063,3,3
47057,47060,47063,3,3
47057,47060,47063,3,3
47057,47059,47063,4,2
47057,47060,47063,3,3
47057,47060,47063,3,3
47057,47060,47063,3,3
47057,47060,47063,3,3
47057,47060,47063,3,3
47057,47060,47063,3,3
47057,47060,47063,3,3
47057,47060,47063,3,3
47057,47060,47064,4,3
47057,47060,47063,3,3
47057,47060,47064,4,3
47057,47060,47064,4,3
47057,47060,47064,4,3
47057,47060,47064,4,3
47057,47060,47064,4,3
47057,47060,47064,4,3
47057,47062,47065,3,5
47057,47062,47065,3,5
47057,47062,47065,3,5
47057,47062,47066,4,5
47057,47061,47065,4,4
47057,47061,47065,4,4
47057,47060,47065,5,3
47057,47060,47065,5,3
47057,47062,47065,3,5
47057,47062,47065,3,5
47057,47060,47065,5,3
47057,47062,47065,3,5
47057,47060,47065,5,3
47057,47060,47066,6,3
47057,47061,47065,4,4
47057,47064,47065,1,7
47057,47060,47065,5,3
47057,47062,47065,3,5
47057,47064,47065,1,7
47057,47064,47065,1,7
47057,47061,47065,4,4
47057,47062,47065,3,5
47057,47062,47065,3,5
47057,47063,47065,2,6
47057,47061,47066,5,4
47057,47061,47066,5,4
47057,47062,47066,4,5
47057,47061,47066,5,4
47057,47062,47066,4,5
47057,47062,47066,4,5
47057,47062,47066,4,5
47057,47064,47066,2,7
47057,47060,47066,6,3
47057,47060,47066,6,3
47057,47060,47066,6,3
47057,47062,47066,4,5
47057,47060,47066,6,3
47057,47062,47066,4,5
47057,47060,47066,6,3
47057,47060,47066,6,3
47057,47062,47066,4,5
47057,47062,47066,4,5
47057,47062,47067,5,5
47057,47061,47066,5,4
47057,47061,47066,5,4
47057,47061,47066,5,4
47057,47061,47066,5,4
47057,47061,47067,6,4
47057,47061,47067,6,4
47057,47062,47067,5,5
47057,47062,47067,5,5
47057,47064,47067,3,7
47057,47064,47067,3,7
47057,47062,47067,5,5
47057,47064,47067,3,7
47057,47062,47067,5,5
47057,47064,47067,3,7
47057,47064,47067,3,7
47057,47062,47067,5,5
47057,47064,47067,3,7
47057,47064,47068,4,7
47057,47064,47068,4,7
47057,47064,47068,4,7
47057,47064,47068,4,7
47057,47064,47069,5,7
47057,47064,47068,4,7
47057,47062,47068,6,5
47057,47064,47068,4,7
47057,47064,47068,4,7
47057,47064,47068,4,7
47057,47064,47068,4,7
47057,47060,47069,9,3
47057,47062,47070,8,5
47078,47079,47081,2,1
47078,47079,47081,2,1
47078,47079,47080,1,1
47078,47079,47080,1,1
47078,47079,47080,1,1
47078,47079,47080,1,1
47078,47079,47080,1,1
47078,47079,47080,1,1
47078,47079,47081,2,1
47078,47079,47080,1,1
47078,47079,47080,1,1
47078,47079,47080,1,1
47078,47079,47080,1,1
47078,47079,47080,1,1
47078,47079,47080,1,1
47078,47079,47081,2,1
47078,47079,47080,1,1
47078,47079,47080,1,1
47078,47079,47081,2,1
47078,47079,47080,1,1
47078,47079,47080,1,1
47078,47079,47080,1,1
47078,47079,47080,1,1
47078,47079,47080,1,1
47078,47079,47080,1,1
47078,47079,47080,1,1
47078,47079,47080,1,1
47078,47079,47080,1,1
47078,47079,47082,3,1
47078,47079,47082,3,1
47078,47079,47082,3,1
47078,47079,47082,3,1
47078,47079,47082,3,1
47078,47079,47082,3,1
47078,47079,47082,3,1
47078,47079,47083,4,1
47078,47079,47082,3,1
47078,47079,47082,3,1
47078,47079,47083,4,1
47078,47079,47082,3,1
47078,47079,47082,3,1
47078,47079,47083,4,1
47078,47079,47082,3,1
47078,47079,47082,3,1
47078,47079,47083,4,1
47078,47079,47083,4,1
47078,47079,47084,5,1
47078,47079,47083,4,1
47078,47079,47083,4,1
47078,47081,47084,3,3
47078,47081,47084,3,3
47078,47079,47084,5,1
47078,47081,47083,2,3
47078,47081,47084,3,3
47078,47081,47084,3,3
47078,47079,47084,5,1
47078,47081,47083,2,3
47078,47081,47083,2,3
47078,47079,47084,5,1
47078,47079,47084,5,1
47078,47081,47084,3,3
47078,47079,47084,5,1
47078,47080,47084,4,2
47078,47081,47083,2,3
47078,47079,47083,4,1
47078,47080,47084,4,2
47078,47079,47084,5,1
47078,47079,47085,6,1
47078,47079,47085,6,1
47078,47079,47085,6,1
47078,47081,47085,4,3
47078,47083,47085,2,5
47078,47081,47084,3,3
47078,47081,47085,4,3
47078,47081,47085,4,3
47078,47083,47085,2,5
47078,47083,47085,2,5
47078,47079,47085,6,1
47078,47079,47085,6,1
47078,47079,47084,5,1
47078,47081,47084,3,3
47078,47083,47085,2,5
47078,47081,47085,4,3
47078,47083,47085,2,5
47078,47079,47085,6,1
47078,47081,47085,4,3
47078,47081,47085,4,3
47078,47083,47085,2,5
47078,47083,47085,2,5
47078,47084,47085,1,6
47078,47079,47085,6,1
47078,47079,47085,6,1
47078,47082,47085,3,4
47078,47083,47085,2,5
47078,47083,47085,2,5
47078,47084,47085,1,6
47078,47084,47085,1,6
47078,47084,47085,1,6
47078,47079,47086,7,1
47078,47079,47086,7,1
47078,47081,47085,4,3
47078,47084,47086,2,6
47078,47085,47086,1,7
47078,47085,47086,1,7
47078,47084,47086,2,6
47078,47084,47086,2,6
47078,47084,47086,2,6
47078,47084,47086,2,6
47078,47085,47086,1,7
47078,47079,47085,6,1
47078,47079,47086,7,1
47078,47081,47086,5,3
47078,47081,47086,5,3
47078,47082,47085,3,4
47078,47083,47086,3,5
47078,47085,47086,1,7
47078,47079,47085,6,1
47078,47079,47086,7,1
47078,47081,47086,5,3
47078,47085,47086,1,7
47078,47079,47085,6,1
47078,47081,47086,5,3
47078,47081,47086,5,3
47078,47082,47086,4,4
47078,47085,47086,1,7
47078,47083,47086,3,5
47078,47085,47086,1,7
47078,47085,47086,1,7
47078,47085,47086,1,7
47078,47085,47086,1,7
47078,47085,47086,1,7
47078,47079,47085,6,1
47078,47079,47086,7,1
47078,47081,47085,4,3
47078,47084,47086,2,6
47078,47084,47086,2,6
47078,47085,47086,1,7
47078,47085,47086,1,7
47078,47079,47085,6,1
47078,47079,47085,6,1
47078,47084,47086,2,6
47078,47085,47086,1,7
47078,47085,47086,1,7
47078,47085,47086,1,7
47078,47085,47086,1,7
47078,47079,47086,7,1
47078,47081,47085,4,3
47078,47084,47086,2,6
47078,47085,47086,1,7
47078,47085,47086,1,7
47078,47085,47086,1,7
47078,47085,47086,1,7
47078,47085,47086,1,7
47078,47085,47086,1,7
47078,47085,47086,1,7
47078,47085,47086,1,7
47078,47085,47086,1,7
47078,47085,47087,2,7
47078,47081,47087,6,3
47078,47081,47087,6,3
47078,47086,47087,1,8
47078,47086,47087,1,8
47078,47086,47087,1,8
47078,47086,47087,1,8
47078,47086,47087,1,8
47078,47082,47086,4,4
47078,47085,47086,1,7
47078,47085,47086,1,7
47078,47084,47086,2,6
47078,47082,47086,4,4
47078,47084,47087,3,6
47078,47084,47087,3,6
47078,47084,47087,3,6
47078,47082,47087,5,4
47078,47083,47087,4,5
47078,47084,47087,3,6
47078,47084,47087,3,6
47078,47084,47087,3,6
47078,47085,47087,2,7
47078,47086,47087,1,8
47078,47086,47087,1,8
47078,47086,47087,1,8
47078,47086,47088,2,8
47078,47086,47088,2,8
47078,47086,47088,2,8
47078,47086,47088,2,8
47078,47086,47088,2,8
47078,47079,47088,9,1
47078,47086,47088,2,8
47078,47086,47088,2,8
47078,47086,47089,3,8
47078,47086,47089,3,8
47078,47086,47089,3,8
47078,47086,47089,3,8
47078,47086,47089,3,8
47078,47086,47089,3,8
47078,47086,47088,2,8
47078,47081,47096,15,3
47104,47104,47106,2,0
47104,47104,47107,3,0
47104,47104,47107,3,0
47104,47104,47107,3,0
47104,47104,47107,3,0
47104,47104,47107,3,0
47104,47104,47107,3,0
47104,47104,47107,3,0
47104,47104,47107,3,0
47104,47104,47107,3,0
47104,47104,47107,3,0
47104,47104,47107,3,0
47104,47104,47107,3,0
47104,47104,47107,3,0
47104,47104,47108,4,0
47104,47104,47107,3,0
47104,47104,47108,4,0
47104,47104,47108,4,0
47104,47104,47108,4,0
47104,47104,47108,4,0
47104,47104,47107,3,0
47104,47104,47108,4,0
47104,47104,47108,4,0
47104,47104,47108,4,0
47104,47104,47108,4,0
47104,47104,47107,3,0
47104,47104,47108,4,0
47104,47104,47108,4,0
47104,47104,47108,4,0
47104,47104,47108,4,0
47104,47104,47107,3,0
47104,47104,47107,3,0
47104,47104,47108,4,0
47104,47104,47108,4,0
47104,47104,47109,5,0
47104,47104,47109,5,0
47104,47104,47109,5,0
47104,47104,47109,5,0
47104,47104,47109,5,0
47104,47104,47109,5,0
47104,47104,47109,5,0
47104,47104,47109,5,0
47104,47104,47109,5,0
47104,47104,47109,5,0
47104,47109,47110,1,5
47104,47104,47109,5,0
47104,47104,47109,5,0
47104,47104,47109,5,0
47104,47104,47109,5,0
47104,47104,47109,5,0
47104,47104,47109,5,0
47104,47104,47110,6,0
47104,47104,47109,5,0
47104,47104,47109,5,0
47104,47109,47110,1,5
47104,47104,47109,5,0
47104,47104,47109,5,0
47104,47104,47109,5,0
47104,47109,47110,1,5
47104,47104,47110,6,0
47104,47109,47110,1,5
47104,47109,47110,1,5
47104,47109,47110,1,5
47104,47109,47110,1,5
47104,47104,47110,6,0
47104,47104,47111,7,0
47104,47104,47111,7,0
47104,47104,47110,6,0
47104,47108,47110,2,4
47104,47104,47110,6,0
47104,47110,47111,1,6
47104,47110,47111,1,6
47104,47104,47110,6,0
47104,47104,47110,6,0
47104,47109,47110,1,5
47104,47104,47110,6,0
47104,47110,47111,1,6
47104,47110,47111,1,6
47104,47104,47111,7,0
47104,47104,47110,6,0
47104,47104,47110,6,0
47104,47107,47110,3,3
47104,47109,47110,1,5
47104,47110,47111,1,6
47104,47104,47111,7,0
47104,47110,47111,1,6
47104,47104,47111,7,0
47104,47110,47111,1,6
47104,47106,47110,4,2
47104,47107,47110,3,3
47104,47110,47111,1,6
47104,47104,47111,7,0
47104,47107,47111,4,3
47104,47110,47111,1,6
47104,47107,47111,4,3
47104,47104,47111,7,0
47104,47110,47111,1,6
47104,47104,47111,7,0
47104,47104,47111,7,0
47104,47104,47111,7,0
47104,47110,47111,1,6
47104,47104,47111,7,0
47104,47110,47111,1,6
47104,47110,47111,1,6
47104,47108,47111,3,4
47104,47110,47111,1,6
47104,47104,47111,7,0
47104,47104,47111,7,0
47104,47107,47112,5,3
47104,47104,47112,8,0
47104,47107,47113,6,3
47104,47111,47113,2,7
47104,47111,47112,1,7
47104,47104,47112,8,0
47104,47107,47113,6,3
47104,47110,47113,3,6
47104,47107,47112,5,3
47104,47107,47113,6,3
47104,47109,47113,4,5
47104,47110,47113,3,6
47104,47107,47112,5,3
47104,47111,47113,2,7
47104,47111,47113,2,7
47104,47107,47113,6,3
47104,47111,47113,2,7
47104,47111,47113,2,7
47104,47110,47114,4,6
47104,47110,47114,4,6
47104,47109,47114,5,5
47104,47110,47114,4,6
47104,47111,47115,4,7
47104,47111,47114,3,7
47104,47111,47115,4,7
47104,47110,47115,5,6
47104,47110,47114,4,6
47104,47111,47114,3,7
47104,47110,47115,5,6
47104,47110,47115,5,6
47104,47112,47115,3,8
47104,47111,47115,4,7
47104,47112,47114,2,8
47104,47110,47114,4,6
47104,47110,47115,5,6
47104,47110,47115,5,6
47104,47112,47114,2,8
47104,47111,47115,4,7
47104,47111,47114,3,7
47104,47112,47114,2,8
47104,47111,47115,4,7
47104,47112,47115,3,8
47104,47111,47116,5,7
47104,47111,47115,4,7
47104,47111,47116,5,7
47104,47110,47115,5,6
47104,47110,47116,6,6
47104,47111,47116,5,7
47104,47111,47116,5,7
47104,47111,47115,4,7
47104,47110,47115,5,6
47104,47110,47115,5,6
47104,47111,47116,5,7
47104,47112,47115,3,8
47104,47110,47116,6,6
47104,47110,47115,5,6
47104,47111,47115,4,7
47104,47111,47115,4,7
47104,47112,47116,4,8
47104,47112,47116,4,8
47104,47111,47116,5,7
47104,47111,47117,6,7
47104,47111,47116,5,7
47104,47111,47117,6,7
47104,47111,47117,6,7
47104,47109,47117,8,5
47104,47112,47117,5,8
47104,47111,47116,5,7
47104,47111,47117,6,7
47104,47111,47116,5,7
47104,47111,47117,6,7
47104,47111,47117,6,7
47104,47111,47116,5,7
47104,47111,47116,5,7
47104,47112,47117,5,8
47104,47112,47117,5,8
47104,47111,47116,5,7
47125,47125,47127,2,0
47125,47125,47127,2,0
47125,47125,47127,2,0
47125,47125,47127,2,0
47125,47125,47127,2,0
47125,47126,47127,1,1
47125,47126,47127,1,1
47125,47125,47127,2,0
47125,47125,47127,2,0
47125,47126,47128,2,1
47125,47125,47127,2,0
47125,47126,47127,1,1
47125,47126,47128,2,1
47125,47126,47128,2,1
47125,47126,47127,1,1
47125,47126,47128,2,1
47125,47126,47128,2,1
47125,47125,47128,3,0
47125,47125,47128,3,0
47125,47126,47128,2,1
47125,47126,47128,2,1
47125,47125,47128,3,0
47125,47126,47128,2,1
47125,47126,47128,2,1
47125,47125,47128,3,0
47125,47125,47128,3,0
47125,47126,47128,2,1
47125,47126,47128,2,1
47125,47125,47128,3,0
47125,47125,47129,4,0
47125,47126,47128,2,1
47125,47125,47128,3,0
47125,47125,47128,3,0
47125,47126,47128,2,1
47125,47126,47128,2,1
47125,47125,47128,3,0
47125,47125,47128,3,0
47125,47125,47128,3,0
47125,47125,47128,3,0
47125,47126,47128,2,1
47125,47128,47129,1,3
47125,47125,47128,3,0
47125,47125,47128,3,0
47125,47125,47128,3,0
47125,47125,47128,3,0
47125,47125,47128,3,0
47125,47125,47129,4,0
47125,47126,47128,2,1
47125,47125,47128,3,0
47125,47125,47128,3,0
47125,47125,47128,3,0
47125,47125,47128,3,0
47125,47125,47128,3,0
47125,47128,47129,1,3
47125,47125,47129,4,0
47125,47125,47130,5,0
47125,47125,47129,4,0
47125,47125,47129,4,0
47125,47125,47129,4,0
47125,47125,47129,4,0
47125,47125,47129,4,0
47125,47125,47129,4,0
47125,47125,47129,4,0
47125,47125,47129,4,0
47125,47125,47129,4,0
47125,47125,47129,4,0
47125,47125,47130,5,0
47125,47125,47129,4,0
47125,47125,47130,5,0
47125,47125,47129,4,0
47125,47125,47129,4,0
47125,47125,47130,5,0
47125,47125,47129,4,0
47125,47125,47130,5,0
47125,47125,47130,5,0
47125,47128,47130,2,3
47125,47125,47130,5,0
47125,47125,47130,5,0
47125,47128,47130,2,3
47125,47128,47130,2,3
47125,47129,47130,1,4
47125,47125,47131,6,0
47125,47125,47131,6,0
47125,47125,47130,5,0
47125,47129,47130,1,4
47125,47129,47131,2,4
47125,47129,47131,2,4
47125,47129,47131,2,4
47125,47128,47130,2,3
47125,47128,47130,2,3
47125,47128,47130,2,3
47125,47128,47130,2,3
47125,47128,47130,2,3
47125,47129,47131,2,4
47125,47129,47131,2,4
47125,47129,47131,2,4
47125,47129,47131,2,4
47125,47125,47132,7,0
47125,47129,47131,2,4
47125,47129,47131,2,4
47125,47129,47131,2,4
47125,47129,47131,2,4
47125,47129,47131,2,4
47125,47129,47132,3,4
47125,47125,47131,6,0
47125,47129,47132,3,4
47125,47129,47132,3,4
47125,47129,47131,2,4
47125,47129,47132,3,4
47125,47129,47131,2,4
47125,47129,47133,4,4
47125,47130,47133,3,5
47125,47129,47132,3,4
47125,47129,47132,3,4
47125,47129,47132,3,4
47125,47129,47133,4,4
47125,47129,47133,4,4
47125,47129,47132,3,4
47125,47131,47133,2,6
47125,47129,47133,4,4
47125,47129,47133,4,4
47125,47129,47133,4,4
47125,47129,47132,3,4
47125,47129,47132,3,4
47125,47131,47133,2,6
47125,47129,47133,4,4
47125,47129,47133,4,4
47125,47129,47133,4,4
47125,47129,47133,4,4
47125,47129,47133,4,4
47125,47129,47134,5,4
47125,47129,47134,5,4
47125,47130,47133,3,5
47125,47130,47133,3,5
47125,47129,47133,4,4
47125,47130,47133,3,5
47125,47133,47134,1,8
47125,47130,47133,3,5
47125,47130,47134,4,5
47125,47131,47134,3,6
47125,47130,47133,3,5
47125,47129,47134,5,4
47125,47131,47134,3,6
47125,47130,47134,4,5
47125,47130,47134,4,5
47125,47130,47134,4,5
47125,47130,47134,4,5
47125,47130,47135,5,5
47125,47133,47134,1,8
47125,47130,47135,5,5
47125,47131,47135,4,6
47125,47130,47135,5,5
47125,47130,47134,4,5
47125,47131,47134,3,6
47125,47132,47135,3,7
47125,47129,47134,5,4
47125,47129,47134,5,4
47125,47130,47135,5,5
47125,47130,47134,4,5
47125,47130,47134,4,5
47125,47130,47134,4,5
47125,47130,47135,5,5
47125,47130,47135,5,5
47125,47130,47135,5,5
47125,47129,47134,5,4
47125,47130,47135,5,5
47125,47131,47134,3,6
47125,47130,47135,5,5
47125,47132,47135,3,7
47125,47132,47135,3,7
47125,47130,47135,5,5
47125,47131,47135,4,6
47125,47132,47136,4,7
47125,47132,47135,3,7
47125,47131,47135,4,6
47125,47132,47135,3,7
47125,47130,47135,5,5
47125,47132,47136,4,7
47125,47131,47136,5,6
47125,47132,47136,4,7
47125,47131,47135,4,6
47125,47131,47136,5,6
47125,47133,47136,3,8
47125,47132,47136,4,7
47125,47132,47137,5,7
47125,47132,47137,5,7
47125,47132,47136,4,7
47125,47132,47136,4,7
47125,47132,47137,5,7
47125,47132,47136,4,7
47125,47132,47137,5,7
47125,47132,47137,5,7
47125,47131,47138,7,6
47147,47147,47149,2,0
47147,47147,47149,2,0
47147,47147,47149,2,0
47147,47147,47149,2,0
47147,47147,47149,2,0
47147,47147,47149,2,0
47147,47147,47149,2,0
47147,47147,47149,2,0
47147,47147,47149,2,0
47147,47147,47148,1,0
47147,47147,47149,2,0
47147,47147,47149,2,0
47147,47147,47149,2,0
47147,47147,47149,2,0
47147,47147,47149,2,0
47147,47147,47149,2,0
47147,47147,47149,2,0
47147,47147,47149,2,0
47147,47147,47149,2,0
47147,47147,47149,2,0
47147,47147,47149,2,0
47147,47147,47149,2,0
47147,47147,47149,2,0
47147,47147,47149,2,0
47147,47147,47149,2,0
47147,47147,47149,2,0
47147,47147,47149,2,0
47147,47147,47149,2,0
47147,47147,47149,2,0
47147,47147,47149,2,0
47147,47147,47149,2,0
47147,47147,47149,2,0
47147,47147,47149,2,0
47147,47147,47149,2,0
47147,47147,47149,2,0
47147,47147,47149,2,0
47147,47147,47149,2,0
47147,47147,47149,2,0
47147,47147,47151,4,0
47147,47149,47151,2,2
47147,47147,47152,5,0
47147,47149,47152,3,2
47147,47147,47152,5,0
47147,47147,47152,5,0
47147,47147,47152,5,0
47147,47147,47152,5,0
47147,47147,47152,5,0
47147,47149,47152,3,2
47147,47147,47152,5,0
47147,47149,47152,3,2
47147,47147,47151,4,0
47147,47147,47152,5,0
47147,47147,47152,5,0
47147,47147,47152,5,0
47147,47147,47152,5,0
47147,47149,47152,3,2
47147,47147,47152,5,0
47147,47150,47152,2,3
47147,47147,47153,6,0
47147,47147,47152,5,0
47147,47149,47152,3,2
47147,47149,47152,3,2
47147,47147,47153,6,0
47147,47147,47153,6,0
47147,47149,47153,4,2
47147,47149,47153,4,2
47147,47147,47153,6,0
47147,47147,47153,6,0
47147,47147,47152,5,0
47147,47149,47153,4,2
47147,47149,47153,4,2
47147,47147,47153,6,0
47147,47147,47152,5,0
47147,47149,47153,4,2
47147,47149,47153,4,2
47147,47147,47153,6,0
47147,47147,47153,6,0
47147,47149,47153,4,2
47147,47149,47153,4,2
47147,47147,47153,6,0
47147,47147,47153,6,0
47147,47149,47152,3,2
47147,47149,47153,4,2
47147,47149,47153,4,2
47147,47149,47153,4,2
47147,47151,47153,2,4
47147,47147,47153,6,0
47147,47149,47153,4,2
47147,47149,47153,4,2
47147,47149,47153,4,2
47147,47147,47153,6,0
47147,47151,47153,2,4
47147,47147,47154,7,0
47147,47147,47154,7,0
47147,47147,47154,7,0
47147,47149,47154,5,2
47147,47152,47154,2,5
47147,47147,47154,7,0
47147,47147,47154,7,0
47147,47149,47153,4,2
47147,47147,47154,7,0
47147,47152,47154,2,5
47147,47153,47154,1,6
47147,47147,47154,7,0
47147,47147,47153,6,0
47147,47149,47154,5,2
47147,47152,47154,2,5
47147,47152,47154,2,5
47147,47153,47154,1,6
47147,47147,47154,7,0
47147,47149,47154,5,2
47147,47152,47154,2,5
47147,47154,47155,1,7
47147,47154,47155,1,7
47147,47147,47154,7,0
47147,47149,47154,5,2
47147,47149,47155,6,2
47147,47154,47155,1,7
47147,47153,47155,2,6
47147,47147,47154,7,0
47147,47147,47154,7,0
47147,47149,47154,5,2
47147,47154,47155,1,7
47147,47152,47154,2,5
47147,47147,47154,7,0
47147,47149,47154,5,2
47147,47154,47155,1,7
47147,47149,47155,6,2
47147,47152,47155,3,5
47147,47153,47156,3,6
47147,47153,47155,2,6
47147,47155,47156,1,8
47147,47149,47155,6,2
47147,47154,47155,1,7
47147,47154,47155,1,7
47147,47154,47155,1,7
47147,47149,47155,6,2
47147,47153,47155,2,6
47147,47153,47155,2,6
47147,47153,47155,2,6
47147,47149,47155,6,2
47147,47149,47155,6,2
47147,47153,47155,2,6
47147,47153,47156,3,6
47147,47153,47156,3,6
47147,47155,47156,1,8
47147,47149,47155,6,2
47147,47152,47155,3,5
47147,47152,47155,3,5
47147,47154,47155,1,7
47147,47154,47155,1,7
47147,47154,47155,1,7
47147,47154,47155,1,7
47147,47154,47155,1,7
47147,47154,47155,1,7
47147,47149,47155,6,2
47147,47154,47155,1,7
47147,47153,47155,2,6
47147,47155,47156,1,8
47147,47155,47156,1,8
47147,47154,47155,1,7
47147,47154,47155,1,7
47147,47154,47155,1,7
47147,47152,47155,3,5
47147,47153,47155,2,6
47147,47154,47155,1,7
47147,47155,47156,1,8
47147,47155,47156,1,8
47147,47152,47157,5,5
47147,47155,47156,1,8
47147,47153,47156,3,6
47147,47152,47156,4,5
47147,47152,47156,4,5
47147,47152,47156,4,5
47147,47152,47156,4,5
47147,47155,47156,1,8
47147,47155,47157,2,8
47147,47155,47157,2,8
47147,47155,47156,1,8
47147,47155,47156,1,8
47147,47155,47156,1,8
47147,47155,47156,1,8
47147,47152,47157,5,5
47147,47152,47158,6,5
47147,47152,47158,6,5
47147,47155,47157,2,8
47147,47155,47157,2,8
47147,47155,47157,2,8
47147,47155,47157,2,8
47165,47165,47168,3,0
47165,47165,47168,3,0
47165,47165,47168,3,0
47165,47165,47168,3,0
47165,47165,47168,3,0
47165,47165,47168,3,0
47165,47165,47168,3,0
47165,47165,47168,3,0
47165,47165,47168,3,0
47165,47165,47168,3,0
47165,47165,47168,3,0
47165,47165,47168,3,0
47165,47165,47168,3,0
47165,47165,47169,4,0
47165,47165,47169,4,0
47165,47165,47169,4,0
47165,47165,47169,4,0
47165,47165,47169,4,0
47165,47165,47169,4,0
47165,47165,47169,4,0
47165,47165,47169,4,0
47165,47165,47169,4,0
47165,47165,47169,4,0
47165,47165,47169,4,0
47165,47165,47169,4,0
47165,47165,47169,4,0
47165,47165,47169,4,0
47165,47165,47169,4,0
47165,47165,47169,4,0
47165,47165,47169,4,0
47165,47165,47169,4,0
47165,47165,47170,5,0
47165,47166,47170,4,1
47165,47165,47170,5,0
47165,47165,47170,5,0
47165,47165,47170,5,0
47165,47165,47170,5,0
47165,47165,47170,5,0
47165,47165,47170,5,0
47165,47165,47170,5,0
47165,47165,47171,6,0
47165,47166,47171,5,1
47165,47165,47170,5,0
47165,47165,47170,5,0
47165,47170,47171,1,5
47165,47165,47170,5,0
47165,47166,47170,4,1
47165,47170,47171,1,5
47165,47165,47170,5,0
47165,47165,47170,5,0
47165,47166,47171,5,1
47165,47170,47171,1,5
47165,47165,47170,5,0
47165,47170,47171,1,5
47165,47170,47171,1,5
47165,47165,47171,6,0
47165,47165,47171,6,0
47165,47165,47171,6,0
47165,47166,47171,5,1
47165,47169,47172,3,4
47165,47170,47171,1,5
47165,47165,47171,6,0
47165,47171,47172,1,6
47165,47171,47172,1,6
47165,47171,47172,1,6
47165,47171,47172,1,6
47165,47171,47172,1,6
47165,47171,47172,1,6
47165,47165,47172,7,0
47165,47166,47171,5,1
47165,47166,47171,5,1
47165,47171,47172,1,6
47165,47165,47171,6,0
47165,47165,47171,6,0
47165,47165,47172,7,0
47165,47170,47171,1,5
47165,47171,47172,1,6
47165,47171,47172,1,6
47165,47171,47172,1,6
47165,47165,47172,7,0
47165,47166,47172,6,1
47165,47171,47172,1,6
47165,47171,47172,1,6
47165,47165,47172,7,0
47165,47165,47172,7,0
47165,47171,47172,1,6
47165,47171,47172,1,6
47165,47166,47171,5,1
47165,47171,47172,1,6
47165,47166,47172,6,1
47165,47169,47172,3,4
47165,47166,47173,7,1
47165,47165,47172,7,0
47165,47170,47173,3,5
47165,47170,47173,3,5
47165,47165,47172,7,0
47165,47166,47172,6,1
47165,47165,47172,7,0
47165,47166,47172,6,1
47165,47166,47172,6,1
47165,47165,47172,7,0
47165,47169,47173,4,4
47165,47171,47172,1,6
47165,47166,47172,6,1
47165,47169,47173,4,4
47165,47171,47172,1,6
47165,47165,47172,7,0
47165,47166,47172,6,1
47165,47169,47173,4,4
47165,47171,47172,1,6
47165,47171,47172,1,6
47165,47171,47172,1,6
47165,47165,47172,7,0
47165,47171,47172,1,6
47165,47171,47172,1,6
47165,47171,47172,1,6
47165,47171,47172,1,6
47165,47171,47172,1,6
47165,47166,47172,6,1
47165,47169,47173,4,4
47165,47171,47172,1,6
47165,47170,47174,4,5
47165,47172,47173,1,7
47165,47169,47173,4,4
47165,47170,47174,4,5
47165,47169,47173,4,4
47165,47169,47174,5,4
47165,47169,47174,5,4
47165,47169,47174,5,4
47165,47169,47174,5,4
47165,47169,47174,5,4
47165,47170,47174,4,5
47165,47170,47174,4,5
47165,47173,47175,2,8
47165,47172,47175,3,7
47165,47172,47175,3,7
47165,47172,47175,3,7
47165,47172,47175,3,7
47165,47173,47176,3,8
47165,47172,47176,4,7
47165,47173,47175,2,8
47165,47173,47175,2,8
47165,47173,47176,3,8
47165,47173,47176,3,8
47165,47173,47176,3,8
47165,47172,47176,4,7
47165,47172,47176,4,7
47165,47172,47176,4,7
47165,47172,47177,5,7
47165,47172,47176,4,7
47165,47172,47176,4,7
47165,47172,47176,4,7
47165,47172,47177,5,7
47165,47172,47177,5,7
47165,47172,47176,4,7
47165,47172,47176,4,7
47165,47173,47176,3,8
47165,47172,47177,5,7
47165,47172,47176,4,7
47165,47172,47177,5,7
47165,47172,47177,5,7
47165,47172,47176,4,7
47165,47172,47177,5,7
47165,47172,47177,5,7
47165,47172,47177,5,7
47165,47172,47177,5,7
47165,47173,47177,4,8
47165,47172,47177,5,7
47165,47172,47177,5,7
47165,47172,47177,5,7
47165,47173,47177,4,8
47165,47173,47178,5,8
47165,47173,47178,5,8
47165,47173,47178,5,8
47165,47173,47178,5,8
47165,47172,47177,5,7
47165,47172,47177,5,7
47165,47172,47178,6,7
47165,47172,47177,5,7
47165,47172,47177,5,7
47165,47172,47177,5,7
47165,47172,47177,5,7
47165,47173,47178,5,8
47165,47172,47178,6,7
47165,47173,47177,4,8
47165,47172,47177,5,7
47165,47172,47177,5,7
47165,47173,47177,4,8
47165,47173,47179,6,8
47165,47173,47178,5,8
47165,47173,47178,5,8
47165,47173,47178,5,8
47186,47187,47189,2,1
47186,47187,47188,1,1
47186,47187,47188,1,1
47186,47187,47189,2,1
47186,47187,47189,2,1
47186,47187,47189,2,1
47186,47187,47189,2,1
47186,47187,47189,2,1
47186,47187,47189,2,1
47186,47187,47189,2,1
47186,47187,47189,2,1
47186,47187,47189,2,1
47186,47187,47189,2,1
47186,47187,47189,2,1
47186,47187,47188,1,1
47186,47187,47189,2,1
47186,47187,47189,2,1
47186,47187,47189,2,1
47186,47187,47189,2,1
47186,47187,47189,2,1
47186,47186,47190,4,0
47186,47187,47189,2,1
47186,47187,47189,2,1
47186,47187,47189,2,1
47186,47187,47189,2,1
47186,47187,47189,2,1
47186,47187,47189,2,1
47186,47187,47189,2,1
47186,47187,47189,2,1
47186,47187,47189,2,1
47186,47187,47189,2,1
47186,47187,47189,2,1
47186,47187,47189,2,1
47186,47186,47189,3,0
47186,47189,47190,1,3
47186,47186,47189,3,0
47186,47187,47189,2,1
47186,47189,47190,1,3
47186,47189,47190,1,3
47186,47187,47190,3,1
47186,47187,47190,3,1
47186,47187,47190,3,1
47186,47189,47190,1,3
47186,47189,47190,1,3
47186,47187,47190,3,1
47186,47187,47190,3,1
47186,47187,47189,2,1
47186,47186,47190,4,0
47186,47189,47190,1,3
47186,47186,47190,4,0
47186,47187,47189,2,1
47186,47187,47189,2,1
47186,47186,47190,4,0
47186,47187,47190,3,1
47186,47186,47190,4,0
47186,47186,47191,5,0
47186,47187,47190,3,1
47186,47186,47191,5,0
47186,47186,47191,5,0
47186,47186,47190,4,0
47186,47187,47190,3,1
47186,47187,47190,3,1
47186,47187,47190,3,1
47186,47189,47190,1,3
47186,47189,47190,1,3
47186,47186,47191,5,0
47186,47186,47191,5,0
47186,47189,47190,1,3
47186,47189,47190,1,3
47186,47186,47190,4,0
47186,47187,47191,4,1
47186,47189,47190,1,3
47186,47187,47191,4,1
47186,47189,47191,2,3
47186,47189,47191,2,3
47186,47186,47191,5,0
47186,47186,47191,5,0
47186,47189,47191,2,3
47186,47189,47191,2,3
47186,47186,47190,4,0
47186,47186,47191,5,0
47186,47186,47191,5,0
47186,47189,47190,1,3
47186,47186,47191,5,0
47186,47187,47191,4,1
47186,47190,47192,2,4
47186,47190,47192,2,4
47186,47186,47192,6,0
47186,47186,47192,6,0
47186,47186,47191,5,0
47186,47190,47192,2,4
47186,47186,47191,5,0
47186,47187,47192,5,1
47186,47189,47191,2,3
47186,47189,47192,3,3
47186,47189,47192,3,3
47186,47186,47191,5,0
47186,47186,47192,6,0
47186,47187,47191,4,1
47186,47190,47193,3,4
47186,47187,47192,5,1
47186,47187,47192,5,1
47186,47190,47193,3,4
47186,47187,47192,5,1
47186,47190,47193,3,4
47186,47190,47193,3,4
47186,47190,47192,2,4
47186,47190,47194,4,4
47186,47190,47194,4,4
47186,47190,47194,4,4
47186,47190,47194,4,4
47186,47190,47194,4,4
47186,47190,47194,4,4
47186,47190,47194,4,4
47186,47190,47194,4,4
47186,47191,47194,3,5
47186,47190,47194,4,4
47186,47190,47194,4,4
47186,47190,47195,5,4
47186,47191,47195,4,5
47186,47190,47195,5,4
47186,47190,47195,5,4
47186,47191,47195,4,5
47186,47190,47195,5,4
47186,47190,47195,5,4
47186,47191,47195,4,5
47186,47190,47194,4,4
47186,47190,47194,4,4
47186,47190,47195,5,4
47186,47190,47194,4,4
47186,47191,47195,4,5
47186,47191,47195,4,5
47186,47191,47195,4,5
47186,47191,47195,4,5
47186,47190,47194,4,4
47186,47191,47195,4,5
47186,47192,47195,3,6
47186,47191,47195,4,5
47186,47191,47195,4,5
47186,47190,47195,5,4
47186,47190,47195,5,4
47186,47191,47195,4,5
47186,47191,47195,4,5
47186,47190,47194,4,4
47186,47191,47195,4,5
47186,47192,47196,4,6
47186,47191,47195,4,5
47186,47191,47195,4,5
47186,47190,47196,6,4
47186,47191,47196,5,5
47186,47190,47195,5,4
47186,47191,47196,5,5
47186,47191,47196,5,5
47186,47192,47196,4,6
47186,47191,47196,5,5
47186,47191,47196,5,5
47186,47191,47196,5,5
47186,47191,47196,5,5
47186,47191,47196,5,5
47186,47191,47196,5,5
47186,47192,47196,4,6
47186,47192,47196,4,6
47186,47191,47196,5,5
47186,47192,47196,4,6
47186,47192,47196,4,6
47186,47192,47196,4,6
47186,47192,47197,5,6
47186,47191,47197,6,5
47186,47191,47196,5,5
47186,47192,47197,5,6
47186,47192,47197,5,6
47186,47191,47197,6,5
47186,47191,47197,6,5
47186,47191,47197,6,5
47186,47193,47197,4,7
47186,47192,47197,5,6
47186,47192,47197,5,6
47186,47192,47197,5,6
47186,47192,47197,5,6
47186,47192,47197,5,6
47186,47193,47198,5,7
47186,47194,47198,4,8
47186,47193,47198,5,7
47186,47194,47198,4,8
47186,47193,47198,5,7
47186,47193,47198,5,7
47186,47194,47198,4,8
47186,47193,47198,5,7
47186,47193,47198,5,7
47186,47193,47198,5,7
47186,47194,47198,4,8
47186,47194,47199,5,8
47186,47194,47199,5,8
47186,47194,47199,5,8
47186,47194,47199,5,8
47186,47195,47199,4,9
47186,47194,47199,5,8
47186,47194,47199,5,8
47186,47194,47199,5,8
47206,47207,47209,2,1
47206,47207,47209,2,1
47206,47207,47208,1,1
47206,47207,47209,2,1
47206,47207,47209,2,1
47206,47207,47208,1,1
47206,47207,47208,1,1
47206,47207,47209,2,1
47206,47207,47208,1,1
47206,47207,47209,2,1
47206,47207,47208,1,1
47206,47207,47209,2,1
47206,47207,47209,2,1
47206,47207,47209,2,1
47206,47207,47209,2,1
47206,47207,47209,2,1
47206,47207,47209,2,1
47206,47207,47209,2,1
47206,47207,47209,2,1
47206,47207,47209,2,1
47206,47207,47209,2,1
47206,47207,47209,2,1
47206,47207,47209,2,1
47206,47207,47210,3,1
47206,47207,47209,2,1
47206,47207,47209,2,1
47206,47207,47209,2,1
47206,47207,47209,2,1
47206,47207,47209,2,1
47206,47207,47209,2,1
47206,47207,47209,2,1
47206,47207,47209,2,1
47206,47207,47209,2,1
47206,47207,47209,2,1
47206,47207,47209,2,1
47206,47207,47209,2,1
47206,47207,47209,2,1
47206,47207,47209,2,1
47206,47207,47209,2,1
47206,47207,47209,2,1
47206,47207,47211,4,1
47206,47207,47210,3,1
47206,47207,47211,4,1
47206,47207,47212,5,1
47206,47207,47211,4,1
47206,47209,47212,3,3
47206,47207,47212,5,1
47206,47207,47212,5,1
47206,47209,47212,3,3
47206,47207,47212,5,1
47206,47207,47212,5,1
47206,47207,47212,5,1
47206,47207,47211,4,1
47206,47207,47213,6,1
47206,47207,47212,5,1
47206,47207,47213,6,1
47206,47207,47213,6,1
47206,47207,47212,5,1
47206,47207,47212,5,1
47206,47207,47212,5,1
47206,47209,47212,3,3
47206,47210,47213,3,4
47206,47207,47212,5,1
47206,47207,47213,6,1
47206,47207,47213,6,1
47206,47207,47213,6,1
47206,47207,47213,6,1
47206,47209,47213,4,3
47206,47207,47213,6,1
47206,47207,47213,6,1
47206,47207,47213,6,1
47206,47209,47213,4,3
47206,47207,47213,6,1
47206,47207,47214,7,1
47206,47210,47214,4,4
47206,47210,47214,4,4
47206,47210,47213,3,4
47206,47207,47214,7,1
47206,47207,47214,7,1
47206,47209,47214,5,3
47206,47209,47214,5,3
47206,47210,47214,4,4
47206,47207,47214,7,1
47206,47210,47213,3,4
47206,47207,47214,7,1
47206,47209,47214,5,3
47206,47210,47214,4,4
47206,47210,47214,4,4
47206,47210,47213,3,4
47206,47210,47213,3,4
47206,47207,47213,6,1
47206,47210,47214,4,4
47206,47210,47214,4,4
47206,47210,47213,3,4
47206,47207,47213,6,1
47206,47209,47213,4,3
47206,47210,47214,4,4
47206,47210,47214,4,4
47206,47207,47213,6,1
47206,47207,47213,6,1
47206,47209,47214,5,3
47206,47209,47214,5,3
47206,47210,47213,3,4
47206,47207,47214,7,1
47206,47207,47213,6,1
47206,47209,47214,5,3
47206,47209,47213,4,3
47206,47210,47214,4,4
47206,47210,47214,4,4
47206,47208,47213,5,2
47206,47210,47213,3,4
47206,47213,47214,1,7
47206,47213,47214,1,7
47206,47210,47214,4,4
47206,47210,47215,5,4
47206,47213,47215,2,7
47206,47213,47215,2,7
47206,47214,47215,1,8
47206,47214,47215,1,8
47206,47210,47215,5,4
47206,47210,47215,5,4
47206,47213,47215,2,7
47206,47214,47215,1,8
47206,47214,47215,1,8
47206,47214,47215,1,8
47206,47214,47215,1,8
47206,47214,47215,1,8
47206,47210,47215,5,4
47206,47211,47214,3,5
47206,47214,47215,1,8
47206,47214,47215,1,8
47206,47214,47215,1,8
47206,47214,47215,1,8
47206,47214,47215,1,8
47206,47212,47215,3,6
47206,47213,47215,2,7
47206,47214,47215,1,8
47206,47214,47215,1,8
47206,47214,47215,1,8
47206,47214,47215,1,8
47206,47214,47215,1,8
47206,47214,47215,1,8
47206,47214,47215,1,8
47206,47210,47214,4,4
47206,47211,47215,4,5
47206,47212,47215,3,6
47206,47213,47215,2,7
47206,47213,47215,2,7
47206,47214,47215,1,8
47206,47214,47215,1,8
47206,47213,47215,2,7
47206,47214,47215,1,8
47206,47214,47215,1,8
47206,47214,47215,1,8
47206,47213,47215,2,7
47206,47213,47215,2,7
47206,47214,47215,1,8
47206,47214,47215,1,8
47206,47214,47215,1,8
47206,47214,47215,1,8
47206,47214,47215,1,8
47206,47213,47215,2,7
47206,47213,47215,2,7
47206,47214,47215,1,8
47206,47214,47215,1,8
47206,47212,47216,4,6
47206,47212,47216,4,6
47206,47215,47216,1,9
47206,47212,47216,4,6
47206,47213,47216,3,7
47206,47214,47215,1,8
47206,47212,47216,4,6
47206,47214,47215,1,8
47206,47214,47215,1,8
47206,47213,47216,3,7
47206,47214,47215,1,8
47206,47214,47216,2,8
47206,47210,47215,5,4
47206,47210,47215,5,4
47206,47211,47216,5,5
47206,47212,47216,4,6
47206,47212,47216,4,6
47206,47213,47216,3,7
47206,47214,47215,1,8
47206,47214,47216,2,8
47206,47214,47216,2,8
47206,47214,47216,2,8
47206,47214,47216,2,8
47206,47215,47217,2,9
47206,47215,47216,1,9
47206,47215,47217,2,9
47206,47215,47217,2,9
47206,47213,47217,4,7
47206,47212,47217,5,6
47206,47212,47217,5,6
47206,47215,47218,3,9
47206,47213,47217,4,7
47206,47213,47218,5,7
47206,47207,47231,24,1
47238,47238,47241,3,0
47238,47238,47241,3,0
47238,47238,47241,3,0
47238,47238,47241,3,0
47238,47238,47241,3,0
47238,47238,47241,3,0
47238,47238,47241,3,0
47238,47238,47241,3,0
47238,47238,47241,3,0
47238,47238,47241,3,0
47238,47238,47241,3,0
47238,47238,47242,4,0
47238,47238,47242,4,0
47238,47238,47242,4,0
47238,47238,47242,4,0
47238,47238,47242,4,0
47238,47238,47241,3,0
47238,47238,47242,4,0
47238,47238,47242,4,0
47238,47238,47242,4,0
47238,47238,47241,3,0
47238,47238,47242,4,0
47238,47238,47242,4,0
47238,47238,47242,4,0
47238,47238,47242,4,0
47238,47238,47242,4,0
47238,47238,47242,4,0
47238,47238,47242,4,0
47238,47238,47242,4,0
47238,47238,47241,3,0
47238,47238,47243,5,0
47238,47238,47242,4,0
47238,47238,47243,5,0
47238,47238,47242,4,0
47238,47238,47243,5,0
47238,47238,47243,5,0
47238,47238,47242,4,0
47238,47238,47243,5,0
47238,47238,47243,5,0
47238,47238,47243,5,0
47238,47238,47243,5,0
47238,47238,47243,5,0
47238,47238,47243,5,0
47238,47238,47243,5,0
47238,47242,47243,1,4
47238,47238,47243,5,0
47238,47238,47243,5,0
47238,47242,47243,1,4
47238,47238,47243,5,0
47238,47242,47243,1,4
47238,47242,47243,1,4
47238,47238,47243,5,0
47238,47242,47243,1,4
47238,47242,47243,1,4
47238,47238,47243,5,0
47238,47242,47243,1,4
47238,47238,47243,5,0
47238,47238,47244,6,0
47238,47238,47243,5,0
47238,47243,47244,1,5
47238,47238,47244,6,0
47238,47238,47243,5,0
47238,47238,47244,6,0
47238,47243,47244,1,5
47238,47243,47244,1,5
47238,47243,47244,1,5
47238,47243,47244,1,5
47238,47238,47243,5,0
47238,47238,47243,5,0
47238,47243,47244,1,5
47238,47243,47244,1,5
47238,47243,47244,1,5
47238,47238,47244,6,0
47238,47238,47244,6,0
47238,47238,47244,6,0
47238,47243,47244,1,5
47238,47238,47243,5,0
47238,47238,47244,6,0
47238,47238,47244,6,0
47238,47242,47244,2,4
47238,47243,47244,1,5
47238,47238,47245,7,0
47238,47242,47244,2,4
47238,47243,47244,1,5
47238,47238,47244,6,0
47238,47244,47245,1,6
47238,47238,47245,7,0
47238,47238,47245,7,0
47238,47238,47245,7,0
47238,47241,47245,4,3
47238,47244,47245,1,6
47238,47244,47245,1,6
47238,47244,47245,1,6
47238,47238,47245,7,0
47238,47238,47245,7,0
47238,47238,47245,7,0
47238,47244,47245,1,6
47238,47244,47245,1,6
47238,47244,47245,1,6
47238,47238,47244,6,0
47238,47238,47244,6,0
47238,47244,47245,1,6
47238,47244,47245,1,6
47238,47244,47245,1,6
47238,47244,47246,2,6
47238,47238,47245,7,0
47238,47242,47245,3,4
47238,47238,47245,7,0
47238,47238,47245,7,0
47238,47238,47245,7,0
47238,47241,47245,4,3
47238,47238,47245,7,0
47238,47238,47245,7,0
47238,47238,47245,7,0
47238,47241,47245,4,3
47238,47241,47246,5,3
47238,47242,47246,4,4
47238,47241,47246,5,3
47238,47241,47247,6,3
47238,47242,47246,4,4
47238,47244,47246,2,6
47238,47241,47246,5,3
47238,47242,47246,4,4
47238,47242,47246,4,4
47238,47241,47246,5,3
47238,47242,47246,4,4
47238,47241,47246,5,3
47238,47241,47246,5,3
47238,47242,47247,5,4
47238,47244,47247,3,6
47238,47242,47247,5,4
47238,47242,47247,5,4
47238,47242,47247,5,4
47238,47242,47247,5,4
47238,47245,47248,3,7
47238,47245,47248,3,7
47238,47245,47249,4,7
47238,47245,47248,3,7
47238,47245,47248,3,7
47238,47245,47249,4,7
47238,47245,47249,4,7
47238,47245,47249,4,7
47238,47245,47249,4,7
47238,47246,47249,3,8
47238,47244,47249,5,6
47238,47245,47249,4,7
47238,47245,47249,4,7
47238,47246,47250,4,8
47238,47246,47250,4,8
47238,47245,47249,4,7
47238,47245,47250,5,7
47238,47245,47249,4,7
47238,47245,47249,4,7
47238,47245,47250,5,7
47238,47245,47250,5,7
47238,47245,47249,4,7
47238,47245,47250,5,7
47238,47245,47250,5,7
47238,47245,47250,5,7
47238,47245,47250,5,7
47238,47245,47250,5,7
47238,47245,47250,5,7
47238,47246,47250,4,8
47238,47246,47251,5,8
47238,47246,47250,4,8
47238,47246,47250,4,8
47238,47246,47250,4,8
47238,47246,47250,4,8
47238,47246,47250,4,8
47238,47246,47251,5,8
47238,47246,47250,4,8
47238,47246,47251,5,8
47238,47246,47250,4,8
47238,47246,47250,4,8
47238,47246,47251,5,8
47238,47245,47250,5,7
47238,47245,47250,5,7
47238,47245,47250,5,7
47238,47245,47250,5,7
47238,47245,47250,5,7
47238,47245,47250,5,7
47238,47246,47251,5,8
47238,47246,47251,5,8
47238,47246,47251,5,8
47238,47246,47251,5,8
47238,47245,47252,7,7
47261,47261,47263,2,0
47261,47261,47263,2,0
47261,47261,47263,2,0
47261,47261,47263,2,0
47261,47261,47263,2,0
47261,47261,47263,2,0
47261,47261,47263,2,0
47261,47261,47264,3,0
47261,47261,47264,3,0
47261,47261,47263,2,0
47261,47261,47263,2,0
47261,47261,47263,2,0
47261,47261,47264,3,0
47261,47261,47263,2,0
47261,47261,47264,3,0
47261,47261,47263,2,0
47261,47261,47264,3,0
47261,47261,47263,2,0
47261,47261,47264,3,0
47261,47261,47263,2,0
47261,47261,47263,2,0
47261,47261,47263,2,0
47261,47261,47264,3,0
47261,47261,47264,3,0
47261,47261,47263,2,0
47261,47261,47263,2,0
47261,47261,47263,2,0
47261,47261,47264,3,0
47261,47261,47263,2,0
47261,47261,47263,2,0
47261,47261,47264,3,0
47261,47261,47264,3,0
47261,47261,47264,3,0
47261,47261,47263,2,0
47261,47261,47264,3,0
47261,47261,47264,3,0
47261,47261,47264,3,0
47261,47261,47263,2,0
47261,47263,47264,1,2
47261,47261,47264,3,0
47261,47261,47263,2,0
47261,47263,47264,1,2
47261,47263,47264,1,2
47261,47261,47264,3,0
47261,47261,47264,3,0
47261,47261,47264,3,0
47261,47261,47264,3,0
47261,47261,47265,4,0
47261,47261,47264,3,0
47261,47261,47264,3,0
47261,47264,47265,1,3
47261,47261,47265,4,0
47261,47264,47265,1,3
47261,47264,47265,1,3
47261,47261,47265,4,0
47261,47261,47265,4,0
47261,47261,47264,3,0
47261,47261,47264,3,0
47261,47264,47265,1,3
47261,47261,47265,4,0
47261,47261,47265,4,0
47261,47264,47265,1,3
47261,47264,47265,1,3
47261,47261,47265,4,0
47261,47261,47265,4,0
47261,47261,47265,4,0
47261,47261,47265,4,0
47261,47264,47265,1,3
47261,47261,47265,4,0
47261,47261,47265,4,0
47261,47261,47266,5,0
47261,47261,47266,5,0
47261,47264,47266,2,3
47261,47264,47266,2,3
47261,47261,47266,5,0
47261,47261,47266,5,0
47261,47264,47266,2,3
47261,47264,47266,2,3
47261,47261,47266,5,0
47261,47261,47266,5,0
47261,47264,47266,2,3
47261,47261,47266,5,0
47261,47261,47266,5,0
47261,47264,47266,2,3
47261,47261,47266,5,0
47261,47264,47267,3,3
47261,47261,47267,6,0
47261,47261,47266,5,0
47261,47261,47267,6,0
47261,47261,47266,5,0
47261,47264,47266,2,3
47261,47261,47267,6,0
47261,47261,47267,6,0
47261,47261,47267,6,0
47261,47264,47267,3,3
47261,47261,47267,6,0
47261,47261,47267,6,0
47261,47261,47267,6,0
47261,47265,47267,2,4
47261,47265,47267,2,4
47261,47265,47267,2,4
47261,47265,47267,2,4
47261,47265,47267,2,4
47261,47264,47267,3,3
47261,47264,47268,4,3
47261,47264,47267,3,3
47261,47261,47267,6,0
47261,47265,47267,2,4
47261,47264,47267,3,3
47261,47264,47267,3,3
47261,47265,47268,3,4
47261,47265,47268,3,4
47261,47264,47268,4,3
47261,47264,47268,4,3
47261,47265,47268,3,4
47261,47265,47268,3,4
47261,47264,47269,5,3
47261,47264,47268,4,3
47261,47264,47268,4,3
47261,47264,47268,4,3
47261,47266,47268,2,5
47261,47264,47268,4,3
47261,47264,47269,5,3
47261,47264,47269,5,3
47261,47264,47268,4,3
47261,47265,47268,3,4
47261,47265,47268,3,4
47261,47264,47269,5,3
47261,47266,47269,3,5
47261,47266,47269,3,5
47261,47264,47270,6,3
47261,47266,47270,4,5
47261,47265,47269,4,4
47261,47268,47270,2,7
47261,47264,47270,6,3
47261,47267,47270,3,6
47261,47267,47270,3,6
47261,47266,47271,5,5
47261,47266,47270,4,5
47261,47266,47270,4,5
47261,47264,47270,6,3
47261,47266,47270,4,5
47261,47266,47270,4,5
47261,47266,47270,4,5
47261,47266,47270,4,5
47261,47266,47271,5,5
47261,47266,47270,4,5
47261,47266,47270,4,5
47261,47266,47271,5,5
47261,47266,47270,4,5
47261,47265,47270,5,4
47261,47265,47270,5,4
47261,47265,47271,6,4
47261,47268,47270,2,7
47261,47266,47271,5,5
47261,47267,47271,4,6
47261,47268,47271,3,7
47261,47268,47272,4,7
47261,47266,47271,5,5
47261,47267,47272,5,6
47261,47268,47271,3,7
47261,47268,47271,3,7
47261,47269,47272,3,8
47261,47267,47271,4,6
47261,47267,47272,5,6
47261,47267,47271,4,6
47261,47268,47272,4,7
47261,47268,47271,3,7
47261,47267,47271,4,6
47261,47267,47271,4,6
47261,47267,47272,5,6
47261,47267,47271,4,6
47261,47267,47272,5,6
47261,47267,47272,5,6
47261,47268,47271,3,7
47261,47267,47271,4,6
47261,47267,47272,5,6
47261,47266,47271,5,5
47261,47268,47271,3,7
47261,47266,47272,6,5
47261,47268,47272,4,7
47261,47268,47272,4,7
47261,47268,47272,4,7
47261,47268,47273,5,7
47261,47268,47273,5,7
47261,47267,47272,5,6
47261,47267,47272,5,6
47261,47268,47273,5,7
47261,47268,47273,5,7
47261,47268,47272,4,7
47261,47268,47273,5,7
47261,47268,47272,4,7
47261,47268,47273,5,7
47261,47269,47273,4,8
47261,47269,47274,5,8
47282,47282,47283,1,0
47282,47282,47283,1,0
47282,47282,47284,2,0
47282,47282,47284,2,0
47282,47282,47284,2,0
47282,47282,47284,2,0
47282,47282,47284,2,0
47282,47282,47284,2,0
47282,47282,47284,2,0
47282,47282,47284,2,0
47282,47282,47284,2,0
47282,47282,47284,2,0
47282,47282,47284,2,0
47282,47282,47284,2,0
47282,47282,47284,2,0
47282,47282,47284,2,0
47282,47282,47284,2,0
47282,47282,47284,2,0
47282,47282,47284,2,0
47282,47282,47283,1,0
47282,47282,47284,2,0
47282,47282,47284,2,0
47282,47282,47284,2,0
47282,47282,47284,2,0
47282,47282,47284,2,0
47282,47282,47284,2,0
47282,47282,47284,2,0
47282,47282,47284,2,0
47282,47282,47284,2,0
47282,47282,47284,2,0
47282,47282,47284,2,0
47282,47282,47284,2,0
47282,47282,47284,2,0
47282,47282,47284,2,0
47282,47282,47284,2,0
47282,47282,47285,3,0
47282,47282,47284,2,0
47282,47282,47284,2,0
47282,47282,47284,2,0
47282,47282,47284,2,0
47282,47282,47284,2,0
47282,47282,47284,2,0
47282,47282,47285,3,0
47282,47282,47284,2,0
47282,47282,47285,3,0
47282,47282,47284,2,0
47282,47282,47286,4,0
47282,47282,47286,4,0
47282,47282,47285,3,0
47282,47282,47285,3,0
47282,47282,47286,4,0
47282,47282,47286,4,0
47282,47282,47287,5,0
47282,47285,47287,2,3
47282,47285,47287,2,3
47282,47285,47287,2,3
47282,47285,47287,2,3
47282,47282,47286,4,0
47282,47282,47286,4,0
47282,47284,47287,3,2
47282,47282,47287,5,0
47282,47282,47286,4,0
47282,47282,47287,5,0
47282,47282,47287,5,0
47282,47282,47287,5,0
47282,47284,47287,3,2
47282,47282,47287,5,0
47282,47282,47287,5,0
47282,47282,47287,5,0
47282,47282,47287,5,0
47282,47282,47288,6,0
47282,47282,47288,6,0
47282,47282,47287,5,0
47282,47282,47288,6,0
47282,47282,47288,6,0
47282,47282,47288,6,0
47282,47284,47288,4,2
47282,47285,47287,2,3
47282,47282,47287,5,0
47282,47282,47288,6,0
47282,47284,47288,4,2
47282,47284,47288,4,2
47282,47284,47288,4,2
47282,47284,47288,4,2
47282,47285,47288,3,3
47282,47282,47288,6,0
47282,47286,47288,2,4
47282,47282,47289,7,0
47282,47282,47288,6,0
47282,47282,47288,6,0
47282,47284,47289,5,2
47282,47284,47289,5,2
47282,47284,47289,5,2
47282,47284,47288,4,2
47282,47287,47289,2,5
47282,47288,47289,1,6
47282,47284,47289,5,2
47282,47288,47289,1,6
47282,47288,47289,1,6
47282,47284,47289,5,2
47282,47284,47289,5,2
47282,47284,47289,5,2
47282,47286,47289,3,4
47282,47282,47289,7,0
47282,47284,47289,5,2
47282,47287,47289,2,5
47282,47287,47289,2,5
47282,47282,47289,7,0
47282,47284,47289,5,2
47282,47284,47289,5,2
47282,47284,47289,5,2
47282,47286,47289,3,4
47282,47283,47289,6,1
47282,47284,47289,5,2
47282,47285,47289,4,3
47282,47288,47289,1,6
47282,47288,47289,1,6
47282,47282,47289,7,0
47282,47284,47289,5,2
47282,47285,47289,4,3
47282,47285,47289,4,3
47282,47287,47289,2,5
47282,47288,47289,1,6
47282,47282,47288,6,0
47282,47283,47289,6,1
47282,47286,47289,3,4
47282,47288,47289,1,6
47282,47289,47290,1,7
47282,47284,47290,6,2
47282,47284,47290,6,2
47282,47286,47290,4,4
47282,47288,47290,2,6
47282,47290,47291,1,8
47282,47284,47290,6,2
47282,47284,47290,6,2
47282,47290,47291,1,8
47282,47290,47291,1,8
47282,47287,47290,3,5
47282,47287,47290,3,5
47282,47284,47290,6,2
47282,47284,47290,6,2
47282,47284,47290,6,2
47282,47285,47290,5,3
47282,47286,47290,4,4
47282,47287,47291,4,5
47282,47287,47290,3,5
47282,47287,47290,3,5
47282,47290,47291,1,8
47282,47284,47290,6,2
47282,47284,47290,6,2
47282,47287,47290,3,5
47282,47290,47291,1,8
47282,47284,47290,6,2
47282,47284,47291,7,2
47282,47284,47290,6,2
47282,47285,47290,5,3
47282,47290,47291,1,8
47282,47290,47291,1,8
47282,47287,47290,3,5
47282,47290,47291,1,8
47282,47290,47291,1,8
47282,47290,47291,1,8
47282,47287,47291,4,5
47282,47290,47291,1,8
47282,47290,47291,1,8
47282,47290,47291,1,8
47282,47290,47291,1,8
47282,47290,47291,1,8
47282,47290,47291,1,8
47282,47290,47291,1,8
47282,47290,47291,1,8
47282,47290,47291,1,8
47282,47290,47291,1,8
47282,47290,47291,1,8
47282,47287,47291,4,5
47282,47290,47291,1,8
47282,47290,47291,1,8
47282,47290,47291,1,8
47282,47287,47292,5,5
47282,47287,47292,5,5
47282,47287,47292,5,5
47282,47287,47292,5,5
47282,47287,47292,5,5
47300,47301,47303,2,1
47300,47301,47303,2,1
47300,47300,47304,4,0
47300,47301,47303,2,1
47300,47301,47303,2,1
47300,47301,47303,2,1
47300,47301,47303,2,1
47300,47301,47303,2,1
47300,47301,47303,2,1
47300,47301,47304,3,1
47300,47301,47303,2,1
47300,47301,47303,2,1
47300,47301,47304,3,1
47300,47301,47305,4,1
47300,47301,47304,3,1
47300,47301,47305,4,1
47300,47301,47304,3,1
47300,47301,47304,3,1
47300,47301,47304,3,1
47300,47301,47304,3,1
47300,47301,47305,4,1
47300,47301,47304,3,1
47300,47301,47304,3,1
47300,47301,47304,3,1
47300,47301,47305,4,1
47300,47301,47304,3,1
47300,47301,47304,3,1
47300,47301,47305,4,1
47300,47301,47305,4,1
47300,47301,47306,5,1
47300,47301,47305,4,1
47300,47301,47306,5,1
47300,47301,47305,4,1
47300,47301,47305,4,1
47300,47301,47305,4,1
47300,47301,47306,5,1
47300,47303,47305,2,3
47300,47301,47306,5,1
47300,47301,47305,4,1
47300,47301,47305,4,1
47300,47301,47306,5,1
47300,47303,47305,2,3
47300,47304,47306,2,4
47300,47301,47306,5,1
47300,47301,47306,5,1
47300,47301,47306,5,1
47300,47301,47305,4,1
47300,47301,47305,4,1
47300,47301,47305,4,1
47300,47301,47305,4,1
47300,47301,47306,5,1
47300,47305,47306,1,5
47300,47301,47306,5,1
47300,47301,47307,6,1
47300,47301,47306,5,1
47300,47301,47307,6,1
47300,47301,47307,6,1
47300,47301,47306,5,1
47300,47301,47307,6,1
47300,47304,47306,2,4
47300,47304,47306,2,4
47300,47306,47307,1,6
47300,47306,47307,1,6
47300,47306,47307,1,6
47300,47301,47306,5,1
47300,47301,47307,6,1
47300,47304,47306,2,4
47300,47304,47306,2,4
47300,47301,47306,5,1
47300,47301,47307,6,1
47300,47301,47306,5,1
47300,47304,47307,3,4
47300,47304,47306,2,4
47300,47305,47307,2,5
47300,47306,47307,1,6
47300,47301,47306,5,1
47300,47301,47307,6,1
47300,47301,47306,5,1
47300,47305,47307,2,5
47300,47306,47307,1,6
47300,47301,47307,6,1
47300,47301,47307,6,1
47300,47301,47306,5,1
47300,47306,47307,1,6
47300,47306,47307,1,6
47300,47306,47307,1,6
47300,47301,47307,6,1
47300,47306,47307,1,6
47300,47306,47307,1,6
47300,47306,47307,1,6
47300,47301,47306,5,1
47300,47301,47307,6,1
47300,47301,47306,5,1
47300,47305,47307,2,5
47300,47305,47306,1,5
47300,47306,47307,1,6
47300,47306,47307,1,6
47300,47306,47307,1,6
47300,47306,47307,1,6
47300,47306,47307,1,6
47300,47306,47307,1,6
47300,47301,47307,6,1
47300,47301,47308,7,1
47300,47301,47308,7,1
47300,47305,47307,2,5
47300,47306,47307,1,6
47300,47307,47308,1,7
47300,47301,47307,6,1
47300,47301,47307,6,1
47300,47306,47307,1,6
47300,47306,47307,1,6
47300,47307,47308,1,7
47300,47307,47308,1,7
47300,47301,47307,6,1
47300,47305,47307,2,5
47300,47305,47307,2,5
47300,47307,47308,1,7
47300,47301,47308,7,1
47300,47301,47308,7,1
47300,47305,47308,3,5
47300,47301,47307,6,1
47300,47307,47308,1,7
47300,47307,47308,1,7
47300,47307,47308,1,7
47300,47307,47308,1,7
47300,47301,47307,6,1
47300,47305,47308,3,5
47300,47305,47308,3,5
47300,47304,47308,4,4
47300,47307,47309,2,7
47300,47305,47309,4,5
47300,47305,47308,3,5
47300,47307,47309,2,7
47300,47307,47308,1,7
47300,47307,47309,2,7
47300,47307,47309,2,7
47300,47307,47309,2,7
47300,47304,47309,5,4
47300,47304,47309,5,4
47300,47305,47309,4,5
47300,47307,47308,1,7
47300,47307,47308,1,7
47300,47307,47309,2,7
47300,47305,47310,5,5
47300,47307,47310,3,7
47300,47307,47310,3,7
47300,47307,47310,3,7
47300,47307,47310,3,7
47300,47307,47310,3,7
47300,47307,47310,3,7
47300,47307,47311,4,7
47300,47307,47310,3,7
47300,47307,47311,4,7
47300,47307,47311,4,7
47300,47307,47311,4,7
47300,47307,47311,4,7
47300,47307,47311,4,7
47300,47307,47311,4,7
47300,47308,47312,4,8
47300,47307,47312,5,7
47300,47307,47311,4,7
47300,47308,47312,4,8
47300,47308,47312,4,8
47300,47308,47312,4,8
47300,47307,47312,5,7
47300,47307,47312,5,7
47300,47307,47312,5,7
47300,47307,47312,5,7
47300,47307,47311,4,7
47300,47307,47312,5,7
47300,47307,47312,5,7
47300,47307,47312,5,7
47300,47307,47312,5,7
47300,47307,47312,5,7
47300,47307,47312,5,7
47300,47308,47313,5,8
47300,47308,47313,5,8
47300,47308,47313,5,8
47300,47305,47312,7,5
47300,47307,47313,6,7
47300,47308,47313,5,8
47300,47308,47313,5,8
47300,47307,47312,5,7
47300,47307,47313,6,7
47300,47307,47313,6,7
47300,47307,47313,6,7
47300,47308,47314,6,8
47300,47308,47314,6,8
47300,47308,47314,6,8
47300,47308,47313,5,8
47300,47308,47313,5,8
47300,47308,47313,5,8
47300,47307,47315,8,7
47323,47324,47326,2,1
47323,47324,47325,1,1
47323,47323,47326,3,0
47323,47323,47326,3,0
47323,47324,47326,2,1
47323,47324,47326,2,1
47323,47323,47326,3,0
47323,47323,47326,3,0
47323,47324,47326,2,1
47323,47323,47326,3,0
47323,47324,47326,2,1
47323,47324,47326,2,1
47323,47323,47326,3,0
47323,47324,47326,2,1
47323,47324,47326,2,1
47323,47323,47326,3,0
47323,47324,47326,2,1
47323,47324,47326,2,1
47323,47324,47326,2,1
47323,47324,47326,2,1
47323,47323,47326,3,0
47323,47323,47326,3,0
47323,47324,47326,2,1
47323,47324,47326,2,1
47323,47323,47326,3,0
47323,47324,47326,2,1
47323,47323,47326,3,0
47323,47324,47326,2,1
47323,47324,47326,2,1
47323,47323,47326,3,0
47323,47324,47326,2,1
47323,47323,47326,3,0
47323,47324,47326,2,1
47323,47324,47326,2,1
47323,47323,47327,4,0
47323,47323,47327,4,0
47323,47323,47328,5,0
47323,47324,47327,3,1
47323,47323,47327,4,0
47323,47323,47328,5,0
47323,47323,47327,4,0
47323,47327,47328,1,4
47323,47323,47327,4,0
47323,47323,47327,4,0
47323,47323,47328,5,0
47323,47323,47327,4,0
47323,47327,47328,1,4
47323,47323,47327,4,0
47323,47327,47328,1,4
47323,47323,47328,5,0
47323,47323,47328,5,0
47323,47323,47328,5,0
47323,47327,47328,1,4
47323,47327,47328,1,4
47323,47323,47328,5,0
47323,47323,47328,5,0
47323,47323,47327,4,0
47323,47323,47328,5,0
47323,47323,47329,6,0
47323,47323,47329,6,0
47323,47323,47328,5,0
47323,47327,47328,1,4
47323,47327,47328,1,4
47323,47323,47328,5,0
47323,47323,47329,6,0
47323,47327,47328,1,4
47323,47327,47329,2,4
47323,47323,47329,6,0
47323,47323,47328,5,0
47323,47323,47329,6,0
47323,47327,47329,2,4
47323,47323,47329,6,0
47323,47323,47328,5,0
47323,47327,47328,1,4
47323,47323,47328,5,0
47323,47323,47329,6,0
47323,47323,47328,5,0
47323,47323,47329,6,0
47323,47323,47328,5,0
47323,47327,47328,1,4
47323,47323,47329,6,0
47323,47323,47329,6,0
47323,47323,47329,6,0
47323,47323,47329,6,0
47323,47327,47329,2,4
47323,47323,47329,6,0
47323,47323,47329,6,0
47323,47327,47330,3,4
47323,47327,47330,3,4
47323,47323,47330,7,0
47323,47328,47330,2,5
47323,47323,47329,6,0
47323,47327,47330,3,4
47323,47328,47330,2,5
47323,47327,47330,3,4
47323,47323,47330,7,0
47323,47323,47330,7,0
47323,47323,47330,7,0
47323,47327,47330,3,4
47323,47323,47329,6,0
47323,47327,47330,3,4
47323,47327,47329,2,4
47323,47327,47329,2,4
47323,47328,47330,2,5
47323,47328,47330,2,5
47323,47328,47331,3,5
47323,47328,47331,3,5
47323,47327,47331,4,4
47323,47327,47331,4,4
47323,47328,47331,3,5
47323,47328,47331,3,5
47323,47327,47331,4,4
47323,47327,47331,4,4
47323,47327,47331,4,4
47323,47328,47331,3,5
47323,47329,47332,3,6
47323,47328,47331,3,5
47323,47327,47332,5,4
47323,47328,47332,4,5
47323,47328,47332,4,5
47323,47328,47331,3,5
47323,47328,47332,4,5
47323,47327,47332,5,4
47323,47328,47332,4,5
47323,47328,47332,4,5
47323,47328,47331,3,5
47323,47328,47332,4,5
47323,47328,47332,4,5
47323,47328,47332,4,5
47323,47328,47332,4,5
47323,47328,47332,4,5
47323,47327,47332,5,4
47323,47329,47333,4,6
47323,47329,47333,4,6
47323,47328,47333,5,5
47323,47329,47333,4,6
47323,47329,47333,4,6
47323,47328,47333,5,5
47323,47328,47333,5,5
47323,47328,47333,5,5
47323,47328,47332,4,5
47323,47328,47333,5,5
47323,47329,47333,4,6
47323,47329,47333,4,6
47323,47329,47334,5,6
47323,47329,47334,5,6
47323,47329,47334,5,6
47323,47330,47334,4,7
47323,47329,47333,4,6
47323,47329,47334,5,6
47323,47330,47334,4,7
47323,47329,47334,5,6
47323,47329,47334,5,6
47323,47329,47334,5,6
47323,47329,47334,5,6
47323,47329,47334,5,6
47323,47330,47334,4,7
47323,47329,47334,5,6
47323,47330,47334,4,7
47323,47329,47334,5,6
47323,47329,47334,5,6
47323,47329,47334,5,6
47323,47330,47334,4,7
47323,47329,47334,5,6
47323,47329,47334,5,6
47323,47330,47334,4,7
47323,47329,47334,5,6
47323,47331,47334,3,8
47323,47329,47334,5,6
47323,47330,47335,5,7
47323,47329,47335,6,6
47323,47329,47334,5,6
47323,47330,47335,5,7
47323,47330,47334,4,7
47323,47330,47335,5,7
47323,47329,47334,5,6
47323,47330,47335,5,7
47323,47330,47335,5,7
47323,47330,47335,5,7
47323,47329,47335,6,6
47323,47330,47335,5,7
47323,47330,47335,5,7
47323,47330,47335,5,7
47323,47330,47335,5,7
47323,47331,47336,5,8
47323,47331,47335,4,8
47344,47344,47346,2,0
47344,47344,47346,2,0
47344,47344,47346,2,0
47344,47344,47346,2,0
47344,47344,47346,2,0
47344,47344,47346,2,0
47344,47344,47347,3,0
47344,47344,47347,3,0
47344,47344,47347,3,0
47344,47344,47347,3,0
47344,47344,47346,2,0
47344,47344,47346,2,0
47344,47344,47346,2,0
47344,47344,47346,2,0
47344,47344,47347,3,0
47344,47344,47347,3,0
47344,47344,47346,2,0
47344,47344,47347,3,0
47344,47344,47347,3,0
47344,47344,47346,2,0
47344,47344,47346,2,0
47344,47344,47346,2,0
47344,47344,47346,2,0
47344,47344,47347,3,0
47344,47344,47347,3,0
47344,47344,47347,3,0
47344,47344,47347,3,0
47344,47344,47346,2,0
47344,47344,47347,3,0
47344,47344,47347,3,0
47344,47344,47347,3,0
47344,47344,47346,2,0
47344,47344,47347,3,0
47344,47344,47346,2,0
47344,47344,47347,3,0
47344,47344,47347,3,0
47344,47344,47347,3,0
47344,47344,47347,3,0
47344,47344,47347,3,0
47344,47344,47348,4,0
47344,47344,47347,3,0
47344,47344,47348,4,0
47344,47344,47348,4,0
47344,47344,47347,3,0
47344,47345,47347,2,1
47344,47345,47347,2,1
47344,47344,47348,4,0
47344,47344,47348,4,0
47344,47344,47348,4,0
47344,47344,47349,5,0
47344,47347,47349,2,3
47344,47345,47350,5,1
47344,47344,47349,5,0
47344,47345,47350,5,1
47344,47344,47349,5,0
47344,47347,47349,2,3
47344,47347,47350,3,3
47344,47345,47350,5,1
47344,47345,47350,5,1
47344,47344,47349,5,0
47344,47347,47349,2,3
47344,47347,47350,3,3
47344,47345,47349,4,1
47344,47347,47349,2,3
47344,47348,47350,2,4
47344,47345,47350,5,1
47344,47345,47350,5,1
47344,47347,47349,2,3
47344,47347,47350,3,3
47344,47347,47350,3,3
47344,47348,47350,2,4
47344,47344,47350,6,0
47344,47344,47351,7,0
47344,47344,47350,6,0
47344,47345,47350,5,1
47344,47345,47351,6,1
47344,47345,47350,5,1
47344,47347,47351,4,3
47344,47345,47350,5,1
47344,47345,47350,5,1
47344,47347,47351,4,3
47344,47348,47351,3,4
47344,47345,47351,6,1
47344,47345,47350,5,1
47344,47347,47351,4,3
47344,47345,47350,5,1
47344,47344,47350,6,0
47344,47347,47351,4,3
47344,47345,47350,5,1
47344,47347,47351,4,3
47344,47347,47351,4,3
47344,47345,47351,6,1
47344,47345,47351,6,1
47344,47347,47351,4,3
47344,47347,47351,4,3
47344,47344,47350,6,0
47344,47347,47351,4,3
47344,47345,47351,6,1
47344,47350,47352,2,6
47344,47347,47352,5,3
47344,47347,47351,4,3
47344,47349,47352,3,5
47344,47351,47352,1,7
47344,47351,47352,1,7
47344,47351,47352,1,7
47344,47347,47352,5,3
47344,47347,47352,5,3
47344,47347,47352,5,3
47344,47348,47352,4,4
47344,47348,47352,4,4
47344,47351,47352,1,7
47344,47351,47352,1,7
47344,47345,47351,6,1
47344,47345,47352,7,1
47344,47347,47352,5,3
47344,47349,47351,2,5
47344,47347,47351,4,3
47344,47347,47352,5,3
47344,47347,47352,5,3
47344,47351,47352,1,7
47344,47347,47351,4,3
47344,47347,47352,5,3
47344,47348,47351,3,4
47344,47351,47352,1,7
47344,47351,47352,1,7
47344,47351,47352,1,7
47344,47351,47352,1,7
47344,47347,47351,4,3
47344,47349,47352,3,5
47344,47350,47352,2,6
47344,47350,47352,2,6
47344,47351,47352,1,7
47344,47351,47352,1,7
47344,47345,47351,6,1
47344,47348,47352,4,4
47344,47351,47352,1,7
47344,47351,47352,1,7
47344,47351,47352,1,7
47344,47347,47351,4,3
47344,47351,47352,1,7
47344,47351,47352,1,7
47344,47351,47352,1,7
47344,47351,47352,1,7
47344,47350,47352,2,6
47344,47350,47352,2,6
47344,47350,47352,2,6
47344,47350,47352,2,6
47344,47351,47352,1,7
47344,47351,47352,1,7
47344,47350,47353,3,6
47344,47347,47352,5,3
47344,47347,47353,6,3
47344,47347,47352,5,3
47344,47347,47352,5,3
47344,47351,47353,2,7
47344,47351,47352,1,7
47344,47351,47353,2,7
47344,47351,47353,2,7
47344,47352,47353,1,8
47344,47352,47353,1,8
47344,47347,47352,5,3
47344,47347,47352,5,3
47344,47352,47353,1,8
47344,47352,47353,1,8
47344,47352,47353,1,8
47344,47352,47353,1,8
47344,47347,47353,6,3
47344,47352,47353,1,8
47344,47352,47353,1,8
47344,47352,47353,1,8
47344,47352,47353,1,8
47344,47347,47352,5,3
47344,47348,47353,5,4
47344,47352,47353,1,8
47344,47352,47353,1,8
47344,47352,47353,1,8
47344,47352,47353,1,8
47344,47351,47352,1,7
47344,47352,47353,1,8
47344,47352,47353,1,8
47344,47352,47353,1,8
47344,47352,47353,1,8
47344,47352,47353,1,8
47344,47350,47354,4,6
47344,47350,47354,4,6
47344,47350,47354,4,6
47344,47350,47354,4,6
47344,47350,47354,4,6
47344,47350,47353,3,6
47344,47350,47353,3,6
47344,47350,47354,4,6
47344,47350,47354,4,6
47344,47352,47353,1,8
47344,47352,47353,1,8
47344,47352,47354,2,8
47344,47350,47354,4,6
47344,47350,47354,4,6
47344,47350,47355,5,6
47344,47350,47355,5,6
47363,47363,47364,1,0
47363,47363,47365,2,0
47363,47363,47365,2,0
47363,47363,47365,2,0
47363,47363,47364,1,0
47363,47363,47365,2,0
47363,47363,47365,2,0
47363,47363,47365,2,0
47363,47363,47365,2,0
47363,47363,47365,2,0
47363,47363,47365,2,0
47363,47363,47366,3,0
47363,47363,47366,3,0
47363,47363,47366,3,0
47363,47363,47365,2,0
47363,47363,47365,2,0
47363,47363,47366,3,0
47363,47363,47366,3,0
47363,47363,47366,3,0
47363,47363,47366,3,0
47363,47363,47367,4,0
47363,47363,47366,3,0
47363,47363,47367,4,0
47363,47363,47367,4,0
47363,47363,47367,4,0
47363,47363,47366,3,0
47363,47363,47366,3,0
47363,47363,47367,4,0
47363,47363,47367,4,0
47363,47363,47366,3,0
47363,47363,47367,4,0
47363,47363,47367,4,0
47363,47363,47367,4,0
47363,47363,47367,4,0
47363,47363,47367,4,0
47363,47363,47367,4,0
47363,47363,47368,5,0
47363,47363,47368,5,0
47363,47363,47368,5,0
47363,47363,47368,5,0
47363,47363,47368,5,0
47363,47363,47368,5,0
47363,47363,47368,5,0
47363,47363,47368,5,0
47363,47363,47368,5,0
47363,47363,47367,4,0
47363,47363,47368,5,0
47363,47363,47368,5,0
47363,47367,47368,1,4
47363,47363,47368,5,0
47363,47363,47368,5,0
47363,47367,47368,1,4
47363,47363,47368,5,0
47363,47365,47368,3,2
47363,47367,47368,1,4
47363,47363,47368,5,0
47363,47363,47368,5,0
47363,47367,47369,2,4
47363,47363,47369,6,0
47363,47363,47369,6,0
47363,47363,47369,6,0
47363,47363,47369,6,0
47363,47365,47369,4,2
47363,47368,47369,1,5
47363,47363,47369,6,0
47363,47363,47369,6,0
47363,47363,47369,6,0
47363,47368,47369,1,5
47363,47368,47369,1,5
47363,47368,47369,1,5
47363,47363,47369,6,0
47363,47363,47368,5,0
47363,47363,47369,6,0
47363,47368,47369,1,5
47363,47368,47369,1,5
47363,47368,47369,1,5
47363,47363,47369,6,0
47363,47363,47369,6,0
47363,47363,47369,6,0
47363,47365,47369,4,2
47363,47367,47369,2,4
47363,47363,47369,6,0
47363,47363,47369,6,0
47363,47365,47370,5,2
47363,47363,47369,6,0
47363,47365,47369,4,2
47363,47367,47369,2,4
47363,47365,47369,4,2
47363,47363,47369,6,0
47363,47363,47370,7,0
47363,47363,47369,6,0
47363,47363,47369,6,0
47363,47363,47369,6,0
47363,47365,47369,4,2
47363,47363,47369,6,0
47363,47369,47370,1,6
47363,47369,47370,1,6
47363,47369,47370,1,6
47363,47365,47370,5,2
47363,47370,47371,1,7
47363,47364,47370,6,1
47363,47363,47370,7,0
47363,47363,47370,7,0
47363,47367,47370,3,4
47363,47363,47370,7,0
47363,47363,47370,7,0
47363,47366,47370,4,3
47363,47367,47370,3,4
47363,47367,47370,3,4
47363,47367,47370,3,4
47363,47365,47370,5,2
47363,47370,47371,1,7
47363,47366,47370,4,3
47363,47367,47371,4,4
47363,47365,47370,5,2
47363,47367,47370,3,4
47363,47367,47371,4,4
47363,47363,47370,7,0
47363,47366,47370,4,3
47363,47366,47372,6,3
47363,47370,47371,1,7
47363,47370,47371,1,7
47363,47370,47371,1,7
47363,47370,47371,1,7
47363,47366,47371,5,3
47363,47366,47371,5,3
47363,47370,47371,1,7
47363,47370,47371,1,7
47363,47370,47372,2,7
47363,47367,47371,4,4
47363,47366,47371,5,3
47363,47370,47371,1,7
47363,47366,47371,5,3
47363,47366,47371,5,3
47363,47370,47373,3,7
47363,47370,47373,3,7
47363,47367,47372,5,4
47363,47370,47373,3,7
47363,47367,47373,6,4
47363,47370,47374,4,7
47363,47370,47373,3,7
47363,47370,47373,3,7
47363,47370,47374,4,7
47363,47370,47374,4,7
47363,47370,47374,4,7
47363,47370,47373,3,7
47363,47370,47375,5,7
47363,47371,47375,4,8
47363,47370,47374,4,7
47363,47370,47374,4,7
47363,47370,47374,4,7
47363,47370,47374,4,7
47363,47370,47375,5,7
47363,47370,47375,5,7
47363,47370,47374,4,7
47363,47370,47375,5,7
47363,47371,47375,4,8
47363,47371,47375,4,8
47363,47371,47375,4,8
47363,47370,47375,5,7
47363,47370,47375,5,7
47363,47371,47376,5,8
47363,47371,47376,5,8
47363,47371,47376,5,8
47363,47371,47376,5,8
47363,47370,47375,5,7
47363,47371,47376,5,8
47363,47370,47375,5,7
47363,47370,47375,5,7
47363,47370,47375,5,7
47363,47370,47375,5,7
47363,47370,47375,5,7
47363,47370,47375,5,7
47363,47370,47375,5,7
47363,47370,47376,6,7
47363,47370,47376,6,7
47363,47370,47375,5,7
47363,47370,47376,6,7
47363,47370,47375,5,7
47363,47370,47376,6,7
47363,47370,47376,6,7
47363,47371,47376,5,8
47385,47385,47387,2,0
47385,47385,47388,3,0
47385,47385,47388,3,0
47385,47385,47387,2,0
47385,47385,47387,2,0
47385,47385,47388,3,0
47385,47385,47387,2,0
47385,47385,47387,2,0
47385,47385,47387,2,0
47385,47385,47388,3,0
47385,47385,47387,2,0
47385,47385,47387,2,0
47385,47385,47388,3,0
47385,47385,47387,2,0
47385,47385,47387,2,0
47385,47385,47387,2,0
47385,47385,47387,2,0
47385,47385,47387,2,0
47385,47385,47388,3,0
47385,47385,47388,3,0
47385,47385,47387,2,0
47385,47385,47387,2,0
47385,47385,47387,2,0
47385,47385,47388,3,0
47385,47385,47387,2,0
47385,47385,47387,2,0
47385,47385,47387,2,0
47385,47385,47387,2,0
47385,47385,47387,2,0
47385,47385,47387,2,0
47385,47385,47387,2,0
47385,47385,47387,2,0
47385,47385,47388,3,0
47385,47385,47388,3,0
47385,47388,47389,1,3
47385,47388,47389,1,3
47385,47388,47389,1,3
47385,47388,47389,1,3
47385,47385,47389,4,0
47385,47388,47389,1,3
47385,47388,47389,1,3
47385,47385,47389,4,0
47385,47385,47389,4,0
47385,47388,47389,1,3
47385,47388,47389,1,3
47385,47388,47389,1,3
47385,47385,47388,3,0
47385,47385,47389,4,0
47385,47388,47389,1,3
47385,47388,47389,1,3
47385,47388,47389,1,3
47385,47385,47389,4,0
47385,47385,47389,4,0
47385,47388,47389,1,3
47385,47388,47389,1,3
47385,47385,47389,4,0
47385,47385,47389,4,0
47385,47385,47388,3,0
47385,47388,47389,1,3
47385,47385,47388,3,0
47385,47388,47389,1,3
47385,47385,47388,3,0
47385,47385,47389,4,0
47385,47385,47389,4,0
47385,47385,47390,5,0
47385,47385,47390,5,0
47385,47385,47390,5,0
47385,47385,47390,5,0
47385,47388,47390,2,3
47385,47388,47389,1,3
47385,47388,47389,1,3
47385,47385,47390,5,0
47385,47385,47390,5,0
47385,47385,47389,4,0
47385,47385,47389,4,0
47385,47388,47389,1,3
47385,47385,47390,5,0
47385,47385,47390,5,0
47385,47385,47390,5,0
47385,47388,47389,1,3
47385,47388,47389,1,3
47385,47388,47389,1,3
47385,47385,47390,5,0
47385,47385,47390,5,0
47385,47385,47390,5,0
47385,47385,47389,4,0
47385,47388,47389,1,3
47385,47385,47389,4,0
47385,47385,47389,4,0
47385,47385,47390,5,0
47385,47385,47390,5,0
47385,47385,47390,5,0
47385,47388,47390,2,3
47385,47388,47390,2,3
47385,47388,47390,2,3
47385,47388,47390,2,3
47385,47385,47390,5,0
47385,47385,47390,5,0
47385,47388,47389,1,3
47385,47385,47390,5,0
47385,47385,47390,5,0
47385,47385,47390,5,0
47385,47385,47391,6,0
47385,47385,47391,6,0
47385,47385,47391,6,0
47385,47389,47391,2,4
47385,47389,47391,2,4
47385,47385,47391,6,0
47385,47385,47391,6,0
47385,47388,47391,3,3
47385,47388,47391,3,3
47385,47385,47391,6,0
47385,47385,47391,6,0
47385,47389,47392,3,4
47385,47389,47393,4,4
47385,47389,47392,3,4
47385,47389,47392,3,4
47385,47389,47392,3,4
47385,47389,47392,3,4
47385,47389,47392,3,4
47385,47389,47393,4,4
47385,47389,47392,3,4
47385,47389,47393,4,4
47385,47389,47393,4,4
47385,47389,47393,4,4
47385,47389,47393,4,4
47385,47389,47393,4,4
47385,47389,47393,4,4
47385,47389,47393,4,4
47385,47389,47394,5,4
47385,47389,47393,4,4
47385,47389,47394,5,4
47385,47389,47394,5,4
47385,47389,47393,4,4
47385,47390,47394,4,5
47385,47389,47393,4,4
47385,47391,47393,2,6
47385,47389,47394,5,4
47385,47389,47394,5,4
47385,47389,47394,5,4
47385,47390,47394,4,5
47385,47390,47394,4,5
47385,47389,47394,5,4
47385,47389,47394,5,4
47385,47390,47394,4,5
47385,47390,47394,4,5
47385,47391,47395,4,6
47385,47390,47394,4,5
47385,47391,47394,3,6
47385,47389,47395,6,4
47385,47389,47395,6,4
47385,47389,47395,6,4
47385,47392,47395,3,7
47385,47389,47395,6,4
47385,47391,47395,4,6
47385,47391,47395,4,6
47385,47391,47396,5,6
47385,47391,47396,5,6
47385,47390,47395,5,5
47385,47391,47395,4,6
47385,47391,47396,5,6
47385,47391,47395,4,6
47385,47391,47395,4,6
47385,47390,47396,6,5
47385,47391,47396,5,6
47385,47391,47396,5,6
47385,47391,47396,5,6
47385,47391,47396,5,6
47385,47393,47396,3,8
47385,47391,47396,5,6
47385,47391,47396,5,6
47385,47391,47396,5,6
47385,47392,47396,4,7
47385,47391,47396,5,6
47385,47391,47396,5,6
47385,47391,47396,5,6
47385,47391,47396,5,6
47385,47391,47396,5,6
47385,47391,47396,5,6
47385,47393,47396,3,8
47385,47393,47396,3,8
47385,47392,47397,5,7
47385,47392,47397,5,7
47385,47392,47396,4,7
47385,47391,47396,5,6
47385,47391,47396,5,6
47385,47391,47396,5,6
47385,47392,47396,4,7
47385,47392,47396,4,7
47385,47393,47397,4,8
47385,47391,47396,5,6
47385,47391,47396,5,6
47385,47392,47397,5,7
47385,47392,47396,4,7
47385,47390,47396,6,5
47385,47391,47396,5,6
47385,47392,47396,4,7
47385,47393,47398,5,8
47406,47406,47407,1,0
47406,47406,47408,2,0
47406,47406,47408,2,0
47406,47406,47408,2,0
47406,47406,47408,2,0
47406,47406,47408,2,0
47406,47406,47408,2,0
47406,47406,47408,2,0
47406,47406,47408,2,0
47406,47406,47408,2,0
47406,47406,47408,2,0
47406,47406,47408,2,0
47406,47406,47408,2,0
47406,47406,47408,2,0
47406,47406,47408,2,0
47406,47406,47408,2,0
47406,47406,47408,2,0
47406,47406,47408,2,0
47406,47406,47408,2,0
47406,47406,47408,2,0
47406,47406,47408,2,0
47406,47406,47408,2,0
47406,47406,47408,2,0
47406,47406,47408,2,0
47406,47406,47408,2,0
47406,47406,47408,2,0
47406,47406,47408,2,0
47406,47406,47408,2,0
47406,47406,47408,2,0
47406,47406,47408,2,0
47406,47406,47408,2,0
47406,47406,47408,2,0
47406,47406,47408,2,0
47406,47406,47408,2,0
47406,47406,47408,2,0
47406,47406,47408,2,0
47406,47406,47408,2,0
47406,47406,47409,3,0
47406,47406,47408,2,0
47406,47406,47409,3,0
47406,47406,47408,2,0
47406,47406,47408,2,0
47406,47406,47408,2,0
47406,47406,47409,3,0
47406,47406,47408,2,0
47406,47406,47409,3,0
47406,47406,47408,2,0
47406,47406,47409,3,0
47406,47406,47408,2,0
47406,47406,47408,2,0
47406,47406,47408,2,0
47406,47406,47409,3,0
47406,47406,47410,4,0
47406,47406,47410,4,0
47406,47406,47410,4,0
47406,47406,47410,4,0
47406,47406,47410,4,0
47406,47406,47410,4,0
47406,47406,47410,4,0
47406,47406,47410,4,0
47406,47406,47411,5,0
47406,47406,47411,5,0
47406,47406,47411,5,0
47406,47406,47411,5,0
47406,47406,47411,5,0
47406,47406,47411,5,0
47406,47406,47411,5,0
47406,47406,47411,5,0
47406,47406,47412,6,0
47406,47409,47412,3,3
47406,47406,47412,6,0
47406,47411,47412,1,5
47406,47408,47412,4,2
47406,47406,47412,6,0
47406,47408,47412,4,2
47406,47406,47412,6,0
47406,47411,47412,1,5
47406,47408,47413,5,2
47406,47406,47412,6,0
47406,47408,47413,5,2
47406,47406,47412,6,0
47406,47408,47412,4,2
47406,47411,47412,1,5
47406,47406,47412,6,0
47406,47408,47413,5,2
47406,47408,47413,5,2
47406,47409,47413,4,3
47406,47409,47413,4,3
47406,47408,47414,6,2
47406,47408,47414,6,2
47406,47406,47413,7,0
47406,47408,47413,5,2
47406,47408,47413,5,2
47406,47409,47413,4,3
47406,47406,47413,7,0
47406,47408,47413,5,2
47406,47408,47414,6,2
47406,47406,47413,7,0
47406,47406,47413,7,0
47406,47407,47413,6,1
47406,47408,47413,5,2
47406,47408,47413,5,2
47406,47409,47413,4,3
47406,47408,47413,5,2
47406,47408,47414,6,2
47406,47408,47413,5,2
47406,47409,47413,4,3
47406,47406,47413,7,0
47406,47408,47413,5,2
47406,47410,47413,3,4
47406,47408,47414,6,2
47406,47408,47413,5,2
47406,47408,47413,5,2
47406,47408,47413,5,2
47406,47409,47413,4,3
47406,47409,47413,4,3
47406,47408,47414,6,2
47406,47411,47413,2,5
47406,47411,47413,2,5
47406,47408,47414,6,2
47406,47408,47413,5,2
47406,47410,47413,3,4
47406,47413,47414,1,7
47406,47413,47414,1,7
47406,47408,47414,6,2
47406,47408,47414,6,2
47406,47409,47415,6,3
47406,47412,47414,2,6
47406,47414,47415,1,8
47406,47414,47415,1,8
47406,47414,47415,1,8
47406,47408,47414,6,2
47406,47408,47414,6,2
47406,47409,47414,5,3
47406,47414,47415,1,8
47406,47414,47415,1,8
47406,47414,47415,1,8
47406,47414,47415,1,8
47406,47408,47414,6,2
47406,47409,47415,6,3
47406,47413,47414,1,7
47406,47413,47415,2,7
47406,47414,47415,1,8
47406,47411,47414,3,5
47406,47411,47414,3,5
47406,47412,47414,2,6
47406,47413,47414,1,7
47406,47414,47415,1,8
47406,47408,47414,6,2
47406,47408,47414,6,2
47406,47408,47414,6,2
47406,47413,47414,1,7
47406,47414,47415,1,8
47406,47410,47414,4,4
47406,47412,47414,2,6
47406,47413,47414,1,7
47406,47414,47415,1,8
47406,47414,47415,1,8
47406,47414,47415,1,8
47406,47414,47415,1,8
47406,47414,47415,1,8
47406,47414,47415,1,8
47406,47414,47415,1,8
47406,47414,47415,1,8
47406,47414,47415,1,8
47406,47408,47414,6,2
47406,47410,47415,5,4
47406,47410,47414,4,4
47406,47414,47415,1,8
47406,47408,47414,6,2
47406,47414,47415,1,8
47406,47412,47415,3,6
47406,47414,47415,1,8
47406,47414,47415,1,8
47406,47412,47415,3,6
47406,47414,47415,1,8
47406,47414,47415,1,8
47406,47413,47415,2,7
47406,47414,47415,1,8
47406,47414,47415,1,8
47406,47412,47415,3,6
47406,47414,47415,1,8
47406,47414,47415,1,8
47406,47412,47415,3,6
47406,47414,47415,1,8
47406,47414,47415,1,8
47406,47414,47415,1,8
47406,47414,47415,1,8
47406,47413,47416,3,7
47406,47413,47415,2,7
47406,47414,47415,1,8
47406,47414,47415,1,8
47406,47414,47415,1,8
47406,47414,47415,1,8
47406,47413,47417,4,7
47406,47412,47416,4,6
47406,47413,47417,4,7
47426,47426,47427,1,0
47426,47426,47428,2,0
47426,47426,47428,2,0
47426,47426,47428,2,0
47426,47426,47428,2,0
47426,47426,47428,2,0
47426,47426,47427,1,0
47426,47426,47428,2,0
47426,47426,47428,2,0
47426,47426,47428,2,0
47426,47426,47428,2,0
47426,47426,47428,2,0
47426,47426,47429,3,0
47426,47426,47428,2,0
47426,47426,47428,2,0
47426,47426,47428,2,0
47426,47426,47428,2,0
47426,47426,47428,2,0
47426,47426,47429,3,0
47426,47426,47430,4,0
47426,47426,47429,3,0
47426,47426,47429,3,0
47426,47426,47430,4,0
47426,47426,47429,3,0
47426,47426,47429,3,0
47426,47426,47429,3,0
47426,47426,47429,3,0
47426,47426,47429,3,0
47426,47426,47429,3,0
47426,47426,47430,4,0
47426,47426,47429,3,0
47426,47426,47430,4,0
47426,47426,47430,4,0
47426,47428,47431,3,2
47426,47426,47430,4,0
47426,47426,47430,4,0
47426,47426,47431,5,0
47426,47426,47430,4,0
47426,47426,47431,5,0
47426,47426,47431,5,0
47426,47426,47430,4,0
47426,47426,47431,5,0
47426,47426,47430,4,0
47426,47426,47431,5,0
47426,47426,47431,5,0
47426,47428,47431,3,2
47426,47426,47431,5,0
47426,47426,47432,6,0
47426,47426,47431,5,0
47426,47426,47431,5,0
47426,47426,47432,6,0
47426,47426,47432,6,0
47426,47426,47431,5,0
47426,47426,47432,6,0
47426,47426,47431,5,0
47426,47426,47432,6,0
47426,47426,47432,6,0
47426,47426,47432,6,0
47426,47431,47432,1,5
47426,47426,47431,5,0
47426,47426,47432,6,0
47426,47426,47432,6,0
47426,47426,47432,6,0
47426,47429,47432,3,3
47426,47430,47432,2,4
47426,47431,47432,1,5
47426,47426,47431,5,0
47426,47430,47432,2,4
47426,47431,47432,1,5
47426,47426,47432,6,0
47426,47429,47432,3,3
47426,47431,47432,1,5
47426,47431,47432,1,5
47426,47431,47432,1,5
47426,47426,47432,6,0
47426,47426,47431,5,0
47426,47431,47432,1,5
47426,47431,47432,1,5
47426,47426,47431,5,0
47426,47426,47432,6,0
47426,47429,47432,3,3
47426,47431,47432,1,5
47426,47431,47432,1,5
47426,47426,47432,6,0
47426,47430,47432,2,4
47426,47430,47432,2,4
47426,47431,47432,1,5
47426,47431,47432,1,5
47426,47431,47432,1,5
47426,47426,47432,6,0
47426,47426,47433,7,0
47426,47430,47433,3,4
47426,47430,47433,3,4
47426,47432,47433,1,6
47426,47432,47433,1,6
47426,47432,47433,1,6
47426,47426,47432,6,0
47426,47428,47432,4,2
47426,47428,47433,5,2
47426,47430,47433,3,4
47426,47431,47433,2,5
47426,47432,47433,1,6
47426,47432,47433,1,6
47426,47432,47433,1,6
47426,47426,47432,6,0
47426,47426,47433,7,0
47426,47431,47433,2,5
47426,47432,47433,1,6
47426,47432,47433,1,6
47426,47432,47433,1,6
47426,47426,47432,6,0
47426,47426,47433,7,0
47426,47432,47433,1,6
47426,47432,47433,1,6
47426,47432,47433,1,6
47426,47432,47433,1,6
47426,47426,47432,6,0
47426,47426,47433,7,0
47426,47427,47433,6,1
47426,47428,47433,5,2
47426,47432,47433,1,6
47426,47432,47433,1,6
47426,47432,47433,1,6
47426,47426,47433,7,0
47426,47428,47433,5,2
47426,47429,47432,3,3
47426,47432,47433,1,6
47426,47432,47433,1,6
47426,47432,47433,1,6
47426,47426,47432,6,0
47426,47428,47432,4,2
47426,47432,47433,1,6
47426,47432,47433,1,6
47426,47426,47432,6,0
47426,47428,47433,5,2
47426,47430,47432,2,4
47426,47432,47433,1,6
47426,47432,47433,1,6
47426,47432,47433,1,6
47426,47428,47433,5,2
47426,47432,47433,1,6
47426,47432,47433,1,6
47426,47432,47433,1,6
47426,47432,47433,1,6
47426,47432,47433,1,6
47426,47426,47433,7,0
47426,47429,47434,5,3
47426,47429,47434,5,3
47426,47429,47434,5,3
47426,47429,47434,5,3
47426,47429,47434,5,3
47426,47432,47433,1,6
47426,47430,47434,4,4
47426,47432,47434,2,6
47426,47432,47434,2,6
47426,47432,47434,2,6
47426,47433,47435,2,7
47426,47430,47435,5,4
47426,47430,47435,5,4
47426,47430,47435,5,4
47426,47432,47435,3,6
47426,47432,47435,3,6
47426,47432,47435,3,6
47426,47432,47435,3,6
47426,47432,47435,3,6
47426,47433,47435,2,7
47426,47433,47436,3,7
47426,47433,47436,3,7
47426,47433,47436,3,7
47426,47433,47437,4,7
47426,47433,47437,4,7
47426,47433,47437,4,7
47426,47433,47437,4,7
47426,47433,47437,4,7
47426,47433,47437,4,7
47426,47433,47437,4,7
47426,47434,47437,3,8
47426,47433,47437,4,7
47426,47433,47437,4,7
47426,47433,47437,4,7
47426,47433,47437,4,7
47426,47433,47437,4,7
47426,47433,47438,5,7
47426,47433,47437,4,7
47426,47433,47438,5,7
47426,47433,47438,5,7
47426,47433,47438,5,7
47426,47433,47438,5,7
47426,47433,47438,5,7
47426,47433,47438,5,7
47426,47433,47438,5,7
47426,47433,47438,5,7
47426,47433,47438,5,7
47426,47433,47438,5,7
47426,47434,47439,5,8
47426,47433,47439,6,7
47426,47433,47439,6,7
47426,47433,47439,6,7
47426,47433,47439,6,7
47426,47433,47439,6,7
47447,47448,47450,2,1
47447,47448,47450,2,1
47447,47448,47450,2,1
47447,47448,47450,2,1
47447,47448,47450,2,1
47447,47448,47450,2,1
47447,47448,47450,2,1
47447,47448,47450,2,1
47447,47448,47450,2,1
47447,47448,47450,2,1
47447,47448,47450,2,1
47447,47448,47450,2,1
47447,47448,47451,3,1
47447,47448,47450,2,1
47447,47448,47450,2,1
47447,47448,47450,2,1
47447,47448,47450,2,1
47447,47448,47450,2,1
47447,47448,47450,2,1
47447,47448,47450,2,1
47447,47448,47450,2,1
47447,47448,47450,2,1
47447,47448,47450,2,1
47447,47448,47451,3,1
47447,47448,47450,2,1
47447,47450,47451,1,3
47447,47450,47451,1,3
47447,47448,47451,3,1
47447,47450,47451,1,3
47447,47450,47451,1,3
47447,47448,47450,2,1
47447,47448,47450,2,1
47447,47450,47451,1,3
47447,47450,47451,1,3
47447,47450,47451,1,3
47447,47450,47451,1,3
47447,47448,47451,3,1
47447,47448,47452,4,1
47447,47448,47452,4,1
47447,47448,47451,3,1
47447,47451,47452,1,4
47447,47451,47452,1,4
47447,47448,47452,4,1
47447,47448,47452,4,1
47447,47448,47452,4,1
47447,47451,47452,1,4
47447,47451,47452,1,4
47447,47451,47452,1,4
47447,47448,47452,4,1
47447,47448,47452,4,1
47447,47448,47451,3,1
47447,47448,47451,3,1
47447,47451,47452,1,4
47447,47451,47452,1,4
47447,47451,47452,1,4
47447,47451,47452,1,4
47447,47451,47452,1,4
47447,47448,47452,4,1
47447,47448,47452,4,1
47447,47451,47452,1,4
47447,47451,47452,1,4
47447,47448,47452,4,1
47447,47448,47452,4,1
47447,47451,47452,1,4
47447,47451,47452,1,4
47447,47451,47452,1,4
47447,47448,47453,5,1
47447,47448,47452,4,1
47447,47448,47452,4,1
47447,47448,47452,4,1
47447,47448,47452,4,1
47447,47448,47452,4,1
47447,47448,47452,4,1
47447,47448,47452,4,1
47447,47448,47453,5,1
47447,47448,47453,5,1
47447,47448,47452,4,1
47447,47448,47453,5,1
47447,47448,47453,5,1
47447,47448,47453,5,1
47447,47448,47453,5,1
47447,47448,47453,5,1
47447,47448,47453,5,1
47447,47448,47452,4,1
47447,47448,47453,5,1
47447,47451,47452,1,4
47447,47451,47453,2,4
47447,47451,47453,2,4
47447,47451,47453,2,4
47447,47451,47453,2,4
47447,47448,47453,5,1
47447,47448,47453,5,1
47447,47448,47454,6,1
47447,47448,47454,6,1
47447,47452,47454,2,5
47447,47448,47453,5,1
47447,47448,47453,5,1
47447,47448,47453,5,1
47447,47448,47454,6,1
47447,47448,47453,5,1
47447,47448,47454,6,1
47447,47448,47454,6,1
47447,47448,47454,6,1
47447,47448,47454,6,1
47447,47448,47454,6,1
47447,47448,47453,5,1
47447,47448,47453,5,1
47447,47448,47454,6,1
47447,47452,47454,2,5
47447,47452,47454,2,5
47447,47451,47454,3,4
47447,47452,47455,3,5
47447,47452,47455,3,5
47447,47452,47455,3,5
47447,47452,47454,2,5
47447,47452,47455,3,5
47447,47452,47455,3,5
47447,47452,47454,2,5
47447,47452,47455,3,5
47447,47452,47455,3,5
47447,47448,47456,8,1
47447,47452,47456,4,5
47447,47452,47456,4,5
47447,47452,47456,4,5
47447,47452,47456,4,5
47447,47452,47456,4,5
47447,47452,47457,5,5
47447,47454,47456,2,7
47447,47452,47457,5,5
47447,47453,47457,4,6
47447,47452,47457,5,5
47447,47452,47457,5,5
47447,47452,47457,5,5
47447,47453,47457,4,6
47447,47452,47457,5,5
47447,47452,47457,5,5
47447,47452,47457,5,5
47447,47452,47457,5,5
47447,47452,47457,5,5
47447,47453,47457,4,6
47447,47453,47457,4,6
47447,47452,47457,5,5
47447,47453,47457,4,6
47447,47453,47457,4,6
47447,47453,47457,4,6
47447,47453,47457,4,6
47447,47454,47457,3,7
47447,47454,47457,3,7
47447,47454,47457,3,7
47447,47453,47458,5,6
47447,47453,47458,5,6
47447,47454,47458,4,7
47447,47453,47458,5,6
47447,47453,47458,5,6
47447,47453,47458,5,6
47447,47453,47458,5,6
47447,47454,47458,4,7
47447,47453,47458,5,6
47447,47453,47458,5,6
47447,47454,47458,4,7
47447,47454,47458,4,7
47447,47454,47458,4,7
47447,47452,47457,5,5
47447,47452,47457,5,5
47447,47453,47458,5,6
47447,47452,47458,6,5
47447,47452,47458,6,5
47447,47452,47458,6,5
47447,47453,47458,5,6
47447,47454,47458,4,7
47447,47452,47457,5,5
47447,47454,47458,4,7
47447,47454,47458,4,7
47447,47452,47458,6,5
47447,47452,47458,6,5
47447,47453,47458,5,6
47447,47454,47458,4,7
47447,47454,47458,4,7
47447,47452,47458,6,5
47447,47455,47458,3,8
47447,47453,47458,5,6
47447,47453,47459,6,6
47447,47454,47459,5,7
47447,47454,47459,5,7
47447,47454,47459,5,7
47447,47454,47459,5,7
47447,47453,47459,6,6
47447,47455,47459,4,8
47447,47454,47459,5,7
47468,47468,47469,1,0
47468,47468,47469,1,0
47468,47468,47470,2,0
47468,47468,47470,2,0
47468,47468,47470,2,0
47468,47468,47470,2,0
47468,47468,47470,2,0
47468,47468,47470,2,0
47468,47468,47470,2,0
47468,47468,47470,2,0
47468,47468,47470,2,0
47468,47468,47470,2,0
47468,47468,47470,2,0
47468,47468,47470,2,0
47468,47468,47470,2,0
47468,47468,47470,2,0
47468,47468,47470,2,0
47468,47468,47470,2,0
47468,47468,47470,2,0
47468,47468,47470,2,0
47468,47468,47470,2,0
47468,47468,47470,2,0
47468,47468,47470,2,0
47468,47468,47470,2,0
47468,47468,47470,2,0
47468,47468,47470,2,0
47468,47468,47470,2,0
47468,47468,47470,2,0
47468,47468,47470,2,0
47468,47468,47470,2,0
47468,47468,47470,2,0
47468,47468,47470,2,0
47468,47468,47470,2,0
47468,47468,47470,2,0
47468,47468,47470,2,0
47468,47468,47470,2,0
47468,47468,47470,2,0
47468,47468,47470,2,0
47468,47468,47470,2,0
47468,47468,47470,2,0
47468,47468,47470,2,0
47468,47468,47470,2,0
47468,47468,47471,3,0
47468,47468,47470,2,0
47468,47468,47471,3,0
47468,47468,47471,3,0
47468,47468,47471,3,0
47468,47468,47471,3,0
47468,47468,47470,2,0
47468,47468,47471,3,0
47468,47468,47471,3,0
47468,47468,47470,2,0
47468,47468,47471,3,0
47468,47468,47471,3,0
47468,47468,47471,3,0
47468,47468,47471,3,0
47468,47468,47471,3,0
47468,47468,47472,4,0
47468,47468,47471,3,0
47468,47468,47471,3,0
47468,47468,47472,4,0
47468,47468,47473,5,0
47468,47468,47473,5,0
47468,47468,47473,5,0
47468,47468,47473,5,0
47468,47469,47473,4,1
47468,47470,47472,2,2
47468,47468,47473,5,0
47468,47470,47473,3,2
47468,47471,47473,2,3
47468,47471,47473,2,3
47468,47468,47473,5,0
47468,47468,47473,5,0
47468,47468,47473,5,0
47468,47468,47473,5,0
47468,47468,47473,5,0
47468,47468,47473,5,0
47468,47470,47474,4,2
47468,47470,47474,4,2
47468,47471,47474,3,3
47468,47468,47474,6,0
47468,47470,47474,4,2
47468,47470,47474,4,2
47468,47470,47474,4,2
47468,47468,47474,6,0
47468,47471,47474,3,3
47468,47470,47474,4,2
47468,47468,47474,6,0
47468,47470,47475,5,2
47468,47468,47474,6,0
47468,47471,47474,3,3
47468,47470,47475,5,2
47468,47470,47475,5,2
47468,47468,47475,7,0
47468,47470,47475,5,2
47468,47470,47476,6,2
47468,47471,47475,4,3
47468,47468,47475,7,0
47468,47470,47475,5,2
47468,47470,47475,5,2
47468,47471,47475,4,3
47468,47475,47476,1,7
47468,47470,47475,5,2
47468,47470,47476,6,2
47468,47471,47475,4,3
47468,47472,47475,3,4
47468,47470,47475,5,2
47468,47470,47475,5,2
47468,47470,47475,5,2
47468,47475,47476,1,7
47468,47468,47475,7,0
47468,47470,47476,6,2
47468,47468,47475,7,0
47468,47470,47475,5,2
47468,47470,47476,6,2
47468,47474,47475,1,6
47468,47470,47475,5,2
47468,47470,47475,5,2
47468,47470,47475,5,2
47468,47471,47475,4,3
47468,47471,47475,4,3
47468,47470,47475,5,2
47468,47471,47475,4,3
47468,47471,47475,4,3
47468,47472,47475,3,4
47468,47470,47476,6,2
47468,47471,47476,5,3
47468,47474,47476,2,6
47468,47470,47476,6,2
47468,47470,47476,6,2
47468,47474,47476,2,6
47468,47476,47477,1,8
47468,47470,47476,6,2
47468,47471,47477,6,3
47468,47475,47476,1,7
47468,47476,47477,1,8
47468,47476,47477,1,8
47468,47470,47476,6,2
47468,47476,47477,1,8
47468,47476,47477,1,8
47468,47470,47476,6,2
47468,47471,47476,5,3
47468,47476,47477,1,8
47468,47476,47477,1,8
47468,47476,47477,1,8
47468,47471,47477,6,3
47468,47476,47477,1,8
47468,47476,47477,1,8
47468,47476,47477,1,8
47468,47476,47477,1,8
47468,47476,47477,1,8
47468,47470,47476,6,2
47468,47470,47476,6,2
47468,47474,47476,2,6
47468,47475,47476,1,7
47468,47476,47477,1,8
47468,47476,47477,1,8
47468,47476,47477,1,8
47468,47476,47477,1,8
47468,47470,47476,6,2
47468,47470,47476,6,2
47468,47471,47476,5,3
47468,47471,47476,5,3
47468,47474,47476,2,6
47468,47476,47477,1,8
47468,47476,47477,1,8
47468,47472,47477,5,4
47468,47474,47477,3,6
47468,47474,47477,3,6
47468,47474,47478,4,6
47468,47471,47477,6,3
47468,47476,47477,1,8
47468,47472,47477,5,4
47468,47474,47477,3,6
47468,47476,47477,1,8
47468,47473,47478,5,5
47468,47473,47478,5,5
47468,47474,47478,4,6
47468,47474,47478,4,6
47468,47474,47478,4,6
47468,47474,47478,4,6
47468,47473,47478,5,5
47486,47487,47488,1,1
47486,47487,47488,1,1
47486,47487,47488,1,1
47486,47487,47489,2,1
47486,47487,47489,2,1
47486,47487,47489,2,1
47486,47487,47489,2,1
47486,47487,47489,2,1
47486,47487,47488,1,1
47486,47487,47489,2,1
47486,47487,47489,2,1
47486,47487,47489,2,1
47486,47487,47489,2,1
47486,47487,47489,2,1
47486,47487,47489,2,1
47486,47487,47489,2,1
47486,47487,47489,2,1
47486,47487,47489,2,1
47486,47487,47490,3,1
47486,47487,47489,2,1
47486,47487,47489,2,1
47486,47487,47490,3,1
47486,47487,47489,2,1
47486,47487,47490,3,1
47486,47487,47490,3,1
47486,47487,47490,3,1
47486,47487,47490,3,1
47486,47487,47491,4,1
47486,47487,47490,3,1
47486,47487,47490,3,1
47486,47487,47490,3,1
47486,47487,47490,3,1
47486,47487,47491,4,1
47486,47487,47491,4,1
47486,47487,47491,4,1
47486,47487,47491,4,1
47486,47487,47492,5,1
47486,47487,47491,4,1
47486,47487,47491,4,1
47486,47487,47491,4,1
47486,47487,47492,5,1
47486,47487,47492,5,1
47486,47487,47492,5,1
47486,47487,47491,4,1
47486,47487,47492,5,1
47486,47487,47492,5,1
47486,47487,47491,4,1
47486,47487,47492,5,1
47486,47487,47492,5,1
47486,47487,47492,5,1
47486,47487,47492,5,1
47486,47487,47493,6,1
47486,47487,47493,6,1
47486,47489,47492,3,3
47486,47491,47493,2,5
47486,47487,47493,6,1
47486,47487,47493,6,1
47486,47488,47493,5,2
47486,47487,47493,6,1
47486,47489,47493,4,3
47486,47492,47493,1,6
47486,47487,47492,5,1
47486,47487,47493,6,1
47486,47492,47493,1,6
47486,47487,47493,6,1
47486,47487,47493,6,1
47486,47492,47493,1,6
47486,47487,47492,5,1
47486,47487,47493,6,1
47486,47487,47492,5,1
47486,47492,47493,1,6
47486,47492,47493,1,6
47486,47492,47493,1,6
47486,47487,47492,5,1
47486,47487,47492,5,1
47486,47492,47493,1,6
47486,47487,47492,5,1
47486,47487,47493,6,1
47486,47487,47493,6,1
47486,47489,47493,4,3
47486,47492,47493,1,6
47486,47492,47493,1,6
47486,47487,47492,5,1
47486,47492,47493,1,6
47486,47492,47493,1,6
47486,47489,47492,3,3
47486,47489,47493,4,3
47486,47491,47493,2,5
47486,47492,47493,1,6
47486,47492,47493,1,6
47486,47487,47493,6,1
47486,47487,47493,6,1
47486,47489,47494,5,3
47486,47492,47494,2,6
47486,47492,47493,1,6
47486,47493,47494,1,7
47486,47493,47494,1,7
47486,47487,47493,6,1
47486,47487,47493,6,1
47486,47489,47494,5,3
47486,47493,47494,1,7
47486,47493,47494,1,7
47486,47493,47494,1,7
47486,47487,47493,6,1
47486,47489,47494,5,3
47486,47492,47494,2,6
47486,47492,47493,1,6
47486,47493,47494,1,7
47486,47493,47494,1,7
47486,47493,47494,1,7
47486,47490,47494,4,4
47486,47491,47493,2,5
47486,47493,47494,1,7
47486,47493,47494,1,7
47486,47493,47494,1,7
47486,47488,47493,5,2
47486,47491,47494,3,5
47486,47493,47494,1,7
47486,47493,47494,1,7
47486,47487,47493,6,1
47486,47489,47494,5,3
47486,47489,47494,5,3
47486,47491,47493,2,5
47486,47493,47494,1,7
47486,47487,47494,7,1
47486,47489,47494,5,3
47486,47489,47493,4,3
47486,47490,47494,4,4
47486,47493,47494,1,7
47486,47493,47494,1,7
47486,47487,47493,6,1
47486,47487,47493,6,1
47486,47490,47494,4,4
47486,47493,47494,1,7
47486,47493,47494,1,7
47486,47489,47493,4,3
47486,47487,47493,6,1
47486,47490,47495,5,4
47486,47493,47494,1,7
47486,47493,47495,2,7
47486,47493,47495,2,7
47486,47490,47495,5,4
47486,47493,47494,1,7
47486,47493,47494,1,7
47486,47493,47494,1,7
47486,47493,47494,1,7
47486,47489,47494,5,3
47486,47490,47495,5,4
47486,47491,47494,3,5
47486,47493,47494,1,7
47486,47490,47495,5,4
47486,47493,47495,2,7
47486,47493,47494,1,7
47486,47493,47495,2,7
47486,47493,47495,2,7
47486,47493,47494,1,7
47486,47489,47494,5,3
47486,47491,47495,4,5
47486,47493,47495,2,7
47486,47493,47495,2,7
47486,47489,47494,5,3
47486,47493,47496,3,7
47486,47491,47496,5,5
47486,47493,47496,3,7
47486,47493,47496,3,7
47486,47491,47496,5,5
47486,47493,47496,3,7
47486,47494,47497,3,8
47486,47493,47497,4,7
47486,47493,47497,4,7
47486,47493,47498,5,7
47486,47494,47498,4,8
47486,47494,47498,4,8
47486,47494,47498,4,8
47486,47494,47498,4,8
47486,47494,47499,5,8
47486,47495,47498,3,9
47486,47494,47499,5,8
47486,47494,47499,5,8
47486,47494,47499,5,8
47486,47494,47499,5,8
47486,47494,47499,5,8
47486,47494,47499,5,8
47486,47494,47499,5,8
47486,47494,47499,5,8
47486,47494,47499,5,8
47486,47494,47500,6,8
47486,47494,47500,6,8
47486,47494,47500,6,8
47486,47494,47500,6,8
47486,47494,47500,6,8
47486,47494,47500,6,8
47486,47494,47500,6,8
47486,47494,47500,6,8
47486,47494,47500,6,8
47486,47494,47500,6,8
47486,47494,47500,6,8
47486,47494,47500,6,8
47486,47494,47500,6,8
47508,47508,47510,2,0
47508,47509,47511,2,1
47508,47508,47511,3,0
47508,47508,47511,3,0
47508,47509,47511,2,1
47508,47508,47511,3,0
47508,47508,47511,3,0
47508,47508,47511,3,0
47508,47509,47511,2,1
47508,47508,47511,3,0
47508,47509,47511,2,1
47508,47509,47511,2,1
47508,47509,47511,2,1
47508,47508,47511,3,0
47508,47508,47511,3,0
47508,47509,47511,2,1
47508,47509,47511,2,1
47508,47509,47511,2,1
47508,47508,47511,3,0
47508,47508,47511,3,0
47508,47509,47511,2,1
47508,47509,47511,2,1
47508,47508,47511,3,0
47508,47508,47512,4,0
47508,47509,47511,2,1
47508,47509,47511,2,1
47508,47508,47512,4,0
47508,47508,47512,4,0
47508,47508,47513,5,0
47508,47508,47512,4,0
47508,47512,47513,1,4
47508,47508,47512,4,0
47508,47508,47512,4,0
47508,47508,47513,5,0
47508,47512,47513,1,4
47508,47512,47513,1,4
47508,47508,47513,5,0
47508,47508,47513,5,0
47508,47512,47513,1,4
47508,47512,47513,1,4
47508,47508,47512,4,0
47508,47512,47513,1,4
47508,47508,47512,4,0
47508,47508,47512,4,0
47508,47508,47513,5,0
47508,47508,47514,6,0
47508,47508,47513,5,0
47508,47513,47514,1,5
47508,47513,47514,1,5
47508,47508,47514,6,0
47508,47508,47513,5,0
47508,47508,47513,5,0
47508,47512,47513,1,4
47508,47512,47513,1,4
47508,47513,47514,1,5
47508,47508,47514,6,0
47508,47508,47513,5,0
47508,47508,47514,6,0
47508,47513,47514,1,5
47508,47513,47514,1,5
47508,47508,47514,6,0
47508,47508,47514,6,0
47508,47513,47514,1,5
47508,47513,47514,1,5
47508,47513,47514,1,5
47508,47508,47513,5,0
47508,47508,47513,5,0
47508,47508,47513,5,0
47508,47512,47513,1,4
47508,47512,47513,1,4
47508,47512,47513,1,4
47508,47512,47513,1,4
47508,47508,47514,6,0
47508,47508,47514,6,0
47508,47508,47514,6,0
47508,47508,47514,6,0
47508,47512,47513,1,4
47508,47512,47513,1,4
47508,47508,47514,6,0
47508,47508,47513,5,0
47508,47508,47513,5,0
47508,47513,47514,1,5
47508,47513,47514,1,5
47508,47508,47513,5,0
47508,47508,47514,6,0
47508,47508,47514,6,0
47508,47508,47514,6,0
47508,47508,47514,6,0
47508,47508,47513,5,0
47508,47512,47513,1,4
47508,47508,47514,6,0
47508,47508,47514,6,0
47508,47508,47514,6,0
47508,47508,47515,7,0
47508,47508,47514,6,0
47508,47508,47515,7,0
47508,47508,47514,6,0
47508,47508,47514,6,0
47508,47508,47514,6,0
47508,47508,47515,7,0
47508,47508,47514,6,0
47508,47513,47515,2,5
47508,47513,47515,2,5
47508,47513,47514,1,5
47508,47513,47514,1,5
47508,47513,47514,1,5
47508,47508,47514,6,0
47508,47508,47514,6,0
47508,47508,47515,7,0
47508,47513,47516,3,5
47508,47514,47516,2,6
47508,47513,47516,3,5
47508,47513,47516,3,5
47508,47514,47517,3,6
47508,47514,47517,3,6
47508,47515,47517,2,7
47508,47513,47517,4,5
47508,47513,47516,3,5
47508,47508,47517,9,0
47508,47514,47517,3,6
47508,47514,47517,3,6
47508,47514,47517,3,6
47508,47514,47517,3,6
47508,47513,47517,4,5
47508,47513,47517,4,5
47508,47513,47516,3,5
47508,47513,47517,4,5
47508,47514,47516,2,6
47508,47514,47517,3,6
47508,47514,47518,4,6
47508,47514,47517,3,6
47508,47514,47517,3,6
47508,47515,47517,2,7
47508,47514,47517,3,6
47508,47514,47518,4,6
47508,47514,47518,4,6
47508,47514,47517,3,6
47508,47514,47518,4,6
47508,47513,47517,4,5
47508,47513,47518,5,5
47508,47513,47518,5,5
47508,47514,47518,4,6
47508,47515,47518,3,7
47508,47514,47518,4,6
47508,47513,47518,5,5
47508,47514,47518,4,6
47508,47513,47518,5,5
47508,47515,47518,3,7
47508,47514,47518,4,6
47508,47514,47518,4,6
47508,47514,47518,4,6
47508,47514,47517,3,6
47508,47514,47518,4,6
47508,47514,47518,4,6
47508,47514,47518,4,6
47508,47514,47518,4,6
47508,47515,47518,3,7
47508,47514,47518,4,6
47508,47514,47519,5,6
47508,47515,47519,4,7
47508,47514,47519,5,6
47508,47514,47519,5,6
47508,47514,47519,5,6
47508,47514,47519,5,6
47508,47514,47518,4,6
47508,47514,47519,5,6
47508,47514,47518,4,6
47508,47514,47519,5,6
47508,47514,47520,6,6
47508,47515,47520,5,7
47508,47514,47519,5,6
47508,47514,47519,5,6
47508,47514,47520,6,6
47508,47515,47520,5,7
47508,47514,47519,5,6
47508,47515,47520,5,7
47508,47514,47520,6,6
47508,47515,47520,5,7
47508,47515,47520,5,7
47508,47514,47520,6,6
47508,47514,47520,6,6
47508,47515,47520,5,7
47508,47515,47521,6,7
47508,47515,47520,5,7
47508,47515,47520,5,7
47508,47515,47520,5,7
47530,47530,47532,2,0
47530,47530,47532,2,0
47530,47530,47532,2,0
47530,47530,47532,2,0
47530,47530,47532,2,0
47530,47530,47532,2,0
47530,47530,47532,2,0
47530,47530,47532,2,0
47530,47530,47532,2,0
47530,47530,47532,2,0
47530,47530,47532,2,0
47530,47530,47532,2,0
47530,47530,47532,2,0
47530,47530,47532,2,0
47530,47530,47532,2,0
47530,47530,47532,2,0
47530,47530,47532,2,0
47530,47530,47532,2,0
47530,47530,47532,2,0
47530,47530,47532,2,0
47530,47530,47532,2,0
47530,47530,47532,2,0
47530,47530,47532,2,0
47530,47530,47532,2,0
47530,47530,47532,2,0
47530,47530,47532,2,0
47530,47530,47532,2,0
47530,47530,47532,2,0
47530,47530,47532,2,0
47530,47530,47532,2,0
47530,47530,47532,2,0
47530,47530,47532,2,0
47530,47530,47532,2,0
47530,47530,47532,2,0
47530,47530,47532,2,0
47530,47530,47532,2,0
47530,47530,47532,2,0
47530,47530,47532,2,0
47530,47530,47532,2,0
47530,47530,47532,2,0
47530,47530,47532,2,0
47530,47530,47532,2,0
47530,47530,47532,2,0
47530,47530,47533,3,0
47530,47530,47532,2,0
47530,47530,47532,2,0
47530,47530,47532,2,0
47530,47530,47532,2,0
47530,47530,47532,2,0
47530,47530,47532,2,0
47530,47530,47532,2,0
47530,47530,47532,2,0
47530,47530,47533,3,0
47530,47530,47534,4,0
47530,47530,47534,4,0
47530,47530,47534,4,0
47530,47530,47533,3,0
47530,47530,47534,4,0
47530,47530,47534,4,0
47530,47530,47534,4,0
47530,47530,47534,4,0
47530,47530,47535,5,0
47530,47533,47535,2,3
47530,47532,47534,2,2
47530,47532,47535,3,2
47530,47530,47535,5,0
47530,47530,47535,5,0
47530,47530,47535,5,0
47530,47530,47535,5,0
47530,47532,47535,3,2
47530,47530,47534,4,0
47530,47530,47535,5,0
47530,47532,47535,3,2
47530,47530,47535,5,0
47530,47530,47535,5,0
47530,47532,47534,2,2
47530,47530,47535,5,0
47530,47532,47535,3,2
47530,47532,47535,3,2
47530,47530,47536,6,0
47530,47533,47536,3,3
47530,47534,47536,2,4
47530,47530,47536,6,0
47530,47532,47535,3,2
47530,47530,47535,5,0
47530,47530,47536,6,0
47530,47530,47535,5,0
47530,47533,47536,3,3
47530,47533,47536,3,3
47530,47533,47536,3,3
47530,47534,47536,2,4
47530,47530,47536,6,0
47530,47532,47536,4,2
47530,47533,47536,3,3
47530,47532,47537,5,2
47530,47532,47536,4,2
47530,47530,47536,6,0
47530,47533,47537,4,3
47530,47533,47537,4,3
47530,47536,47537,1,6
47530,47533,47537,4,3
47530,47533,47537,4,3
47530,47530,47537,7,0
47530,47530,47537,7,0
47530,47532,47537,5,2
47530,47532,47537,5,2
47530,47532,47537,5,2
47530,47536,47537,1,6
47530,47536,47537,1,6
47530,47533,47537,4,3
47530,47532,47537,5,2
47530,47533,47537,4,3
47530,47532,47537,5,2
47530,47532,47537,5,2
47530,47533,47537,4,3
47530,47532,47537,5,2
47530,47532,47537,5,2
47530,47532,47537,5,2
47530,47532,47537,5,2
47530,47532,47537,5,2
47530,47532,47537,5,2
47530,47532,47537,5,2
47530,47532,47537,5,2
47530,47533,47537,4,3
47530,47537,47538,1,7
47530,47532,47537,5,2
47530,47532,47537,5,2
47530,47537,47538,1,7
47530,47533,47538,5,3
47530,47534,47538,4,4
47530,47536,47538,2,6
47530,47532,47538,6,2
47530,47533,47538,5,3
47530,47534,47538,4,4
47530,47532,47538,6,2
47530,47532,47538,6,2
47530,47532,47538,6,2
47530,47533,47538,5,3
47530,47538,47539,1,8
47530,47533,47538,5,3
47530,47533,47538,5,3
47530,47534,47538,4,4
47530,47538,47539,1,8
47530,47538,47539,1,8
47530,47538,47539,1,8
47530,47533,47539,6,3
47530,47533,47538,5,3
47530,47538,47539,1,8
47530,47538,47539,1,8
47530,47534,47538,4,4
47530,47536,47539,3,6
47530,47536,47538,2,6
47530,47537,47538,1,7
47530,47534,47538,4,4
47530,47535,47538,3,5
47530,47536,47538,2,6
47530,47535,47539,4,5
47530,47535,47539,4,5
47530,47533,47539,6,3
47530,47535,47539,4,5
47530,47535,47539,4,5
47530,47535,47539,4,5
47530,47535,47539,4,5
47530,47535,47539,4,5
47530,47535,47539,4,5
47530,47536,47540,4,6
47530,47536,47540,4,6
47530,47536,47540,4,6
47530,47536,47540,4,6
47530,47536,47540,4,6
47530,47536,47541,5,6
47530,47536,47541,5,6
47530,47536,47540,4,6
47549,47549,47550,1,0
47549,47549,47550,1,0
47549,47549,47551,2,0
47549,47549,47551,2,0
47549,47549,47551,2,0
47549,47549,47551,2,0
47549,47549,47551,2,0
47549,47549,47551,2,0
47549,47549,47551,2,0
47549,47549,47551,2,0
47549,47549,47551,2,0
47549,47549,47551,2,0
47549,47549,47551,2,0
47549,47549,47551,2,0
47549,47549,47551,2,0
47549,47549,47551,2,0
47549,47549,47551,2,0
47549,47549,47551,2,0
47549,47549,47551,2,0
47549,47549,47551,2,0
47549,47549,47551,2,0
47549,47549,47551,2,0
47549,47549,47551,2,0
47549,47549,47551,2,0
47549,47549,47551,2,0
47549,47549,47551,2,0
47549,47549,47552,3,0
47549,47549,47553,4,0
47549,47549,47553,4,0
47549,47549,47553,4,0
47549,47551,47553,2,2
47549,47552,47553,1,3
47549,47549,47554,5,0
47549,47549,47554,5,0
47549,47549,47553,4,0
47549,47549,47553,4,0
47549,47549,47553,4,0
47549,47549,47553,4,0
47549,47549,47554,5,0
47549,47549,47554,5,0
47549,47549,47554,5,0
47549,47549,47554,5,0
47549,47549,47554,5,0
47549,47549,47554,5,0
47549,47549,47554,5,0
47549,47549,47554,5,0
47549,47549,47554,5,0
47549,47549,47554,5,0
47549,47549,47554,5,0
47549,47552,47554,2,3
47549,47549,47554,5,0
47549,47549,47554,5,0
47549,47549,47555,6,0
47549,47549,47554,5,0
47549,47549,47555,6,0
47549,47549,47554,5,0
47549,47549,47554,5,0
47549,47549,47555,6,0
47549,47549,47554,5,0
47549,47549,47554,5,0
47549,47549,47554,5,0
47549,47552,47554,2,3
47549,47549,47554,5,0
47549,47549,47554,5,0
47549,47549,47554,5,0
47549,47552,47554,2,3
47549,47549,47554,5,0
47549,47549,47554,5,0
47549,47552,47554,2,3
47549,47552,47554,2,3
47549,47554,47555,1,5
47549,47554,47555,1,5
47549,47554,47555,1,5
47549,47549,47555,6,0
47549,47549,47556,7,0
47549,47551,47555,4,2
47549,47555,47556,1,6
47549,47555,47556,1,6
47549,47549,47555,6,0
47549,47555,47556,1,6
47549,47555,47556,1,6
47549,47549,47556,7,0
47549,47549,47555,6,0
47549,47552,47556,4,3
47549,47555,47556,1,6
47549,47555,47556,1,6
47549,47549,47555,6,0
47549,47552,47556,4,3
47549,47555,47556,1,6
47549,47555,47556,1,6
47549,47555,47556,1,6
47549,47549,47555,6,0
47549,47549,47555,6,0
47549,47549,47555,6,0
47549,47555,47556,1,6
47549,47555,47556,1,6
47549,47549,47555,6,0
47549,47549,47555,6,0
47549,47549,47556,7,0
47549,47552,47555,3,3
47549,47555,47556,1,6
47549,47555,47556,1,6
47549,47553,47556,3,4
47549,47555,47556,1,6
47549,47555,47556,1,6
47549,47555,47556,1,6
47549,47555,47556,1,6
47549,47549,47555,6,0
47549,47550,47556,6,1
47549,47555,47556,1,6
47549,47555,47556,1,6
47549,47555,47556,1,6
47549,47555,47556,1,6
47549,47549,47556,7,0
47549,47549,47556,7,0
47549,47551,47556,5,2
47549,47551,47556,5,2
47549,47551,47556,5,2
47549,47549,47556,7,0
47549,47551,47556,5,2
47549,47554,47556,2,5
47549,47552,47556,4,3
47549,47552,47557,5,3
47549,47556,47557,1,7
47549,47552,47556,4,3
47549,47552,47557,5,3
47549,47556,47557,1,7
47549,47552,47557,5,3
47549,47552,47557,5,3
47549,47552,47557,5,3
47549,47556,47557,1,7
47549,47556,47557,1,7
47549,47556,47557,1,7
47549,47552,47556,4,3
47549,47552,47557,5,3
47549,47555,47556,1,6
47549,47556,47557,1,7
47549,47556,47557,1,7
47549,47556,47557,1,7
47549,47556,47557,1,7
47549,47556,47557,1,7
47549,47551,47556,5,2
47549,47549,47558,9,0
47549,47554,47557,3,5
47549,47554,47557,3,5
47549,47554,47558,4,5
47549,47554,47558,4,5
47549,47554,47558,4,5
47549,47556,47557,1,7
47549,47556,47558,2,7
47549,47556,47558,2,7
47549,47554,47558,4,5
47549,47556,47557,1,7
47549,47556,47557,1,7
47549,47553,47558,5,4
47549,47554,47557,3,5
47549,47556,47558,2,7
47549,47554,47558,4,5
47549,47556,47558,2,7
47549,47556,47559,3,7
47549,47554,47559,5,5
47549,47556,47559,3,7
47549,47556,47560,4,7
47549,47556,47560,4,7
47549,47556,47560,4,7
47549,47556,47560,4,7
47549,47556,47559,3,7
47549,47556,47560,4,7
47549,47556,47560,4,7
47549,47556,47560,4,7
47549,47556,47561,5,7
47549,47556,47561,5,7
47549,47556,47561,5,7
47549,47556,47561,5,7
47549,47556,47561,5,7
47549,47556,47561,5,7
47549,47556,47561,5,7
47549,47556,47561,5,7
47549,47556,47561,5,7
47549,47556,47561,5,7
47549,47556,47562,6,7
47549,47556,47562,6,7
47549,47556,47562,6,7
47549,47556,47561,5,7
47549,47556,47561,5,7
47549,47556,47562,6,7
47549,47556,47562,6,7
47549,47556,47564,8,7
47572,47572,47574,2,0
47572,47573,47574,1,1
47572,47572,47574,2,0
47572,47573,47574,1,1
47572,47572,47574,2,0
47572,47572,47575,3,0
47572,47572,47575,3,0
47572,47574,47575,1,2
47572,47572,47575,3,0
47572,47572,47575,3,0
47572,47572,47575,3,0
47572,47573,47575,2,1
47572,47572,47575,3,0
47572,47573,47575,2,1
47572,47572,47575,3,0
47572,47572,47575,3,0
47572,47572,47575,3,0
47572,47572,47575,3,0
47572,47572,47575,3,0
47572,47572,47575,3,0
47572,47572,47576,4,0
47572,47572,47577,5,0
47572,47572,47576,4,0
47572,47572,47576,4,0
47572,47572,47576,4,0
47572,47572,47576,4,0
47572,47572,47576,4,0
47572,47572,47577,5,0
47572,47572,47576,4,0
47572,47572,47576,4,0
47572,47572,47576,4,0
47572,47572,47576,4,0
47572,47572,47576,4,0
47572,47572,47576,4,0
47572,47572,47577,5,0
47572,47572,47577,5,0
47572,47572,47576,4,0
47572,47572,47576,4,0
47572,47572,47576,4,0
47572,47572,47577,5,0
47572,47572,47576,4,0
47572,47572,47577,5,0
47572,47572,47578,6,0
47572,47572,47577,5,0
47572,47572,47577,5,0
47572,47572,47577,5,0
47572,47572,47578,6,0
47572,47572,47578,6,0
47572,47572,47578,6,0
47572,47572,47577,5,0
47572,47577,47578,1,5
47572,47572,47578,6,0
47572,47572,47577,5,0
47572,47572,47578,6,0
47572,47572,47578,6,0
47572,47577,47578,1,5
47572,47572,47578,6,0
47572,47577,47578,1,5
47572,47572,47578,6,0
47572,47572,47577,5,0
47572,47577,47578,1,5
47572,47572,47578,6,0
47572,47572,47578,6,0
47572,47572,47578,6,0
47572,47572,47578,6,0
47572,47572,47578,6,0
47572,47572,47577,5,0
47572,47577,47578,1,5
47572,47572,47578,6,0
47572,47572,47578,6,0
47572,47577,47578,1,5
47572,47572,47577,5,0
47572,47572,47577,5,0
47572,47572,47578,6,0
47572,47572,47577,5,0
47572,47572,47578,6,0
47572,47572,47578,6,0
47572,47572,47578,6,0
47572,47572,47578,6,0
47572,47572,47579,7,0
47572,47577,47578,1,5
47572,47577,47578,1,5
47572,47572,47579,7,0
47572,47577,47578,1,5
47572,47577,47578,1,5
47572,47577,47579,2,5
47572,47572,47579,7,0
47572,47577,47579,2,5
47572,47577,47579,2,5
47572,47572,47579,7,0
47572,47577,47578,1,5
47572,47577,47579,2,5
47572,47572,47578,6,0
47572,47577,47578,1,5
47572,47572,47578,6,0
47572,47577,47578,1,5
47572,47577,47578,1,5
47572,47572,47578,6,0
47572,47577,47578,1,5
47572,47577,47578,1,5
47572,47577,47578,1,5
47572,47577,47578,1,5
47572,47577,47578,1,5
47572,47577,47579,2,5
47572,47577,47579,2,5
47572,47572,47580,8,0
47572,47577,47579,2,5
47572,47577,47581,4,5
47572,47577,47581,4,5
47572,47578,47581,3,6
47572,47577,47581,4,5
47572,47578,47582,4,6
47572,47578,47582,4,6
47572,47577,47582,5,5
47572,47578,47582,4,6
47572,47578,47582,4,6
47572,47578,47581,3,6
47572,47578,47582,4,6
47572,47578,47582,4,6
47572,47577,47582,5,5
47572,47578,47582,4,6
47572,47579,47582,3,7
47572,47577,47582,5,5
47572,47578,47582,4,6
47572,47578,47583,5,6
47572,47578,47582,4,6
47572,47578,47583,5,6
47572,47578,47583,5,6
47572,47579,47583,4,7
47572,47578,47583,5,6
47572,47578,47583,5,6
47572,47578,47583,5,6
47572,47578,47583,5,6
47572,47579,47583,4,7
47572,47579,47583,4,7
47572,47577,47582,5,5
47572,47578,47583,5,6
47572,47578,47583,5,6
47572,47577,47583,6,5
47572,47577,47583,6,5
47572,47578,47583,5,6
47572,47578,47583,5,6
47572,47578,47582,4,6
47572,47578,47583,5,6
47572,47577,47583,6,5
47572,47578,47583,5,6
47572,47578,47583,5,6
47572,47577,47583,6,5
47572,47577,47583,6,5
47572,47577,47583,6,5
47572,47577,47583,6,5
47572,47578,47583,5,6
47572,47578,47583,5,6
47572,47578,47583,5,6
47572,47578,47583,5,6
47572,47579,47583,4,7
47572,47579,47583,4,7
47572,47579,47584,5,7
47572,47578,47584,6,6
47572,47579,47584,5,7
47572,47578,47584,6,6
47572,47579,47584,5,7
47572,47579,47584,5,7
47572,47579,47584,5,7
47572,47579,47584,5,7
47572,47579,47584,5,7
47572,47579,47584,5,7
47572,47579,47584,5,7
47572,47579,47584,5,7
47572,47579,47584,5,7
47572,47578,47584,6,6
47572,47578,47584,6,6
47572,47578,47584,6,6
47572,47579,47584,5,7
47572,47579,47585,6,7
47572,47578,47585,7,6
47572,47579,47584,5,7
47594,47594,47596,2,0
47594,47594,47596,2,0
47594,47594,47596,2,0
47594,47594,47596,2,0
47594,47594,47596,2,0
47594,47594,47596,2,0
47594,47594,47596,2,0
47594,47594,47596,2,0
47594,47594,47596,2,0
47594,47594,47596,2,0
47594,47594,47596,2,0
47594,47594,47596,2,0
47594,47594,47596,2,0
47594,47594,47596,2,0
47594,47594,47596,2,0
47594,47594,47596,2,0
47594,47594,47596,2,0
47594,47594,47596,2,0
47594,47594,47596,2,0
47594,47594,47596,2,0
47594,47594,47596,2,0
47594,47594,47596,2,0
47594,47594,47596,2,0
47594,47594,47596,2,0
47594,47594,47596,2,0
47594,47594,47596,2,0
47594,47594,47596,2,0
47594,47594,47596,2,0
47594,47594,47596,2,0
47594,47594,47596,2,0
47594,47594,47596,2,0
47594,47594,47596,2,0
47594,47594,47596,2,0
47594,47594,47596,2,0
47594,47594,47596,2,0
47594,47594,47596,2,0
47594,47594,47596,2,0
47594,47594,47596,2,0
47594,47594,47596,2,0
47594,47594,47596,2,0
47594,47594,47596,2,0
47594,47594,47596,2,0
47594,47594,47596,2,0
47594,47594,47596,2,0
47594,47594,47596,2,0
47594,47594,47596,2,0
47594,47594,47596,2,0
47594,47594,47597,3,0
47594,47594,47596,2,0
47594,47594,47596,2,0
47594,47594,47596,2,0
47594,47594,47597,3,0
47594,47594,47597,3,0
47594,47594,47598,4,0
47594,47594,47597,3,0
47594,47594,47597,3,0
47594,47594,47597,3,0
47594,47594,47598,4,0
47594,47594,47598,4,0
47594,47594,47599,5,0
47594,47594,47598,4,0
47594,47594,47598,4,0
47594,47594,47599,5,0
47594,47594,47598,4,0
47594,47597,47599,2,3
47594,47594,47599,5,0
47594,47594,47598,4,0
47594,47594,47599,5,0
47594,47594,47598,4,0
47594,47594,47599,5,0
47594,47594,47599,5,0
47594,47594,47599,5,0
47594,47597,47599,2,3
47594,47597,47599,2,3
47594,47594,47600,6,0
47594,47594,47599,5,0
47594,47594,47599,5,0
47594,47594,47599,5,0
47594,47594,47599,5,0
47594,47596,47599,3,2
47594,47596,47599,3,2
47594,47597,47600,3,3
47594,47597,47600,3,3
47594,47597,47600,3,3
47594,47594,47600,6,0
47594,47597,47600,3,3
47594,47594,47600,6,0
47594,47597,47601,4,3
47594,47597,47601,4,3
47594,47594,47601,7,0
47594,47597,47600,3,3
47594,47597,47600,3,3
47594,47597,47600,3,3
47594,47598,47600,2,4
47594,47596,47601,5,2
47594,47596,47601,5,2
47594,47597,47601,4,3
47594,47596,47602,6,2
47594,47596,47601,5,2
47594,47596,47601,5,2
47594,47597,47601,4,3
47594,47601,47602,1,7
47594,47601,47602,1,7
47594,47597,47601,4,3
47594,47599,47602,3,5
47594,47601,47602,1,7
47594,47601,47602,1,7
47594,47601,47602,1,7
47594,47597,47602,5,3
47594,47597,47601,4,3
47594,47601,47602,1,7
47594,47597,47601,4,3
47594,47597,47601,4,3
47594,47597,47601,4,3
47594,47598,47602,4,4
47594,47601,47602,1,7
47594,47596,47602,6,2
47594,47598,47601,3,4
47594,47602,47603,1,8
47594,47602,47603,1,8
47594,47597,47602,5,3
47594,47600,47602,2,6
47594,47602,47603,1,8
47594,47597,47602,5,3
47594,47597,47603,6,3
47594,47602,47603,1,8
47594,47602,47603,1,8
47594,47597,47602,5,3
47594,47597,47602,5,3
47594,47597,47602,5,3
47594,47597,47603,6,3
47594,47602,47603,1,8
47594,47597,47602,5,3
47594,47597,47603,6,3
47594,47602,47603,1,8
47594,47602,47603,1,8
47594,47597,47602,5,3
47594,47597,47602,5,3
47594,47597,47602,5,3
47594,47599,47603,4,5
47594,47601,47602,1,7
47594,47601,47602,1,7
47594,47602,47603,1,8
47594,47597,47602,5,3
47594,47597,47603,6,3
47594,47597,47603,6,3
47594,47602,47603,1,8
47594,47602,47603,1,8
47594,47602,47603,1,8
47594,47597,47602,5,3
47594,47597,47602,5,3
47594,47597,47602,5,3
47594,47601,47602,1,7
47594,47602,47603,1,8
47594,47602,47603,1,8
47594,47602,47603,1,8
47594,47597,47603,6,3
47594,47602,47603,1,8
47594,47602,47603,1,8
47594,47602,47603,1,8
47594,47602,47603,1,8
47594,47597,47603,6,3
47594,47597,47602,5,3
47594,47597,47603,6,3
47594,47597,47603,6,3
47594,47598,47603,5,4
47594,47598,47603,5,4
47594,47602,47603,1,8
47594,47602,47603,1,8
47594,47598,47603,5,4
47594,47600,47604,4,6
47594,47602,47603,1,8
47594,47600,47603,3,6
47594,47601,47604,3,7
47594,47602,47603,1,8
47594,47602,47603,1,8
47594,47599,47603,4,5
47594,47601,47604,3,7
47594,47600,47603,3,6
47594,47600,47604,4,6
47594,47599,47604,5,5
47594,47599,47604,5,5
47594,47599,47604,5,5
47594,47599,47604,5,5
47594,47602,47603,1,8
47594,47599,47603,4,5
47594,47599,47604,5,5
47594,47599,47604,5,5
47594,47600,47604,4,6
47594,47600,47605,5,6
47594,47600,47605,5,6
47594,47600,47605,5,6
47594,47600,47605,5,6
47594,47600,47604,4,6
47594,47600,47605,5,6
47594,47600,47605,5,6
47594,47594,47605,11,0
47594,47600,47604,4,6
47613,47613,47614,1,0
47613,47613,47614,1,0
47613,47613,47614,1,0
47613,47613,47614,1,0
47613,47613,47615,2,0
47613,47613,47615,2,0
47613,47613,47615,2,0
47613,47613,47615,2,0
47613,47613,47616,3,0
47613,47613,47615,2,0
47613,47613,47615,2,0
47613,47613,47615,2,0
47613,47613,47615,2,0
47613,47613,47616,3,0
47613,47613,47615,2,0
47613,47613,47616,3,0
47613,47613,47615,2,0
47613,47613,47615,2,0
47613,47613,47615,2,0
47613,47613,47616,3,0
47613,47613,47615,2,0
47613,47613,47616,3,0
47613,47613,47616,3,0
47613,47613,47616,3,0
47613,47613,47616,3,0
47613,47613,47616,3,0
47613,47613,47616,3,0
47613,47613,47616,3,0
47613,47613,47616,3,0
47613,47613,47616,3,0
47613,47613,47616,3,0
47613,47613,47618,5,0
47613,47614,47617,3,1
47613,47614,47617,3,1
47613,47613,47617,4,0
47613,47613,47617,4,0
47613,47613,47617,4,0
47613,47614,47617,3,1
47613,47613,47618,5,0
47613,47613,47618,5,0
47613,47614,47618,4,1
47613,47614,47618,4,1
47613,47614,47619,5,1
47613,47616,47619,3,3
47613,47613,47619,6,0
47613,47613,47618,5,0
47613,47614,47618,4,1
47613,47613,47618,5,0
47613,47614,47618,4,1
47613,47614,47618,4,1
47613,47614,47618,4,1
47613,47614,47618,4,1
47613,47614,47619,5,1
47613,47616,47619,3,3
47613,47613,47619,6,0
47613,47614,47620,6,1
47613,47619,47620,1,6
47613,47613,47620,7,0
47613,47614,47619,5,1
47613,47616,47619,3,3
47613,47613,47620,7,0
47613,47614,47620,6,1
47613,47616,47620,4,3
47613,47616,47619,3,3
47613,47614,47619,5,1
47613,47616,47620,4,3
47613,47616,47619,3,3
47613,47618,47620,2,5
47613,47619,47620,1,6
47613,47619,47620,1,6
47613,47614,47620,6,1
47613,47614,47620,6,1
47613,47616,47620,4,3
47613,47616,47619,3,3
47613,47613,47620,7,0
47613,47614,47620,6,1
47613,47614,47620,6,1
47613,47616,47619,3,3
47613,47613,47619,6,0
47613,47613,47619,6,0
47613,47614,47620,6,1
47613,47619,47620,1,6
47613,47613,47620,7,0
47613,47614,47620,6,1
47613,47615,47620,5,2
47613,47618,47620,2,5
47613,47618,47619,1,5
47613,47619,47620,1,6
47613,47613,47620,7,0
47613,47614,47620,6,1
47613,47615,47620,5,2
47613,47619,47620,1,6
47613,47619,47620,1,6
47613,47614,47620,6,1
47613,47614,47620,6,1
47613,47616,47620,4,3
47613,47620,47621,1,7
47613,47620,47621,1,7
47613,47614,47620,6,1
47613,47614,47620,6,1
47613,47615,47620,5,2
47613,47616,47620,4,3
47613,47620,47621,1,7
47613,47620,47621,1,7
47613,47620,47621,1,7
47613,47614,47620,6,1
47613,47616,47620,4,3
47613,47619,47620,1,6
47613,47620,47621,1,7
47613,47620,47621,1,7
47613,47620,47621,1,7
47613,47620,47621,1,7
47613,47614,47620,6,1
47613,47615,47620,5,2
47613,47616,47621,5,3
47613,47620,47621,1,7
47613,47620,47621,1,7
47613,47620,47621,1,7
47613,47614,47620,6,1
47613,47620,47621,1,7
47613,47618,47621,3,5
47613,47619,47620,1,6
47613,47620,47621,1,7
47613,47620,47621,1,7
47613,47620,47621,1,7
47613,47614,47620,6,1
47613,47616,47621,5,3
47613,47618,47621,3,5
47613,47620,47621,1,7
47613,47620,47621,1,7
47613,47620,47621,1,7
47613,47620,47621,1,7
47613,47613,47620,7,0
47613,47616,47621,5,3
47613,47620,47621,1,7
47613,47620,47621,1,7
47613,47620,47621,1,7
47613,47616,47621,5,3
47613,47616,47621,5,3
47613,47620,47621,1,7
47613,47620,47621,1,7
47613,47616,47621,5,3
47613,47618,47621,3,5
47613,47620,47621,1,7
47613,47620,47621,1,7
47613,47620,47621,1,7
47613,47618,47621,3,5
47613,47618,47622,4,5
47613,47620,47621,1,7
47613,47620,47621,1,7
47613,47620,47621,1,7
47613,47617,47621,4,4
47613,47620,47621,1,7
47613,47620,47621,1,7
47613,47617,47622,5,4
47613,47616,47621,5,3
47613,47618,47621,3,5
47613,47617,47622,5,4
47613,47616,47621,5,3
47613,47620,47621,1,7
47613,47620,47621,1,7
47613,47617,47622,5,4
47613,47616,47621,5,3
47613,47618,47622,4,5
47613,47618,47622,4,5
47613,47620,47621,1,7
47613,47620,47622,2,7
47613,47620,47622,2,7
47613,47620,47622,2,7
47613,47620,47622,2,7
47613,47620,47622,2,7
47613,47621,47623,2,8
47613,47621,47624,3,8
47613,47621,47624,3,8
47613,47616,47625,9,3
47613,47621,47625,4,8
47613,47621,47625,4,8
47613,47621,47625,4,8
47613,47621,47626,5,8
47613,47621,47626,5,8
47613,47621,47626,5,8
47613,47621,47626,5,8
47613,47621,47626,5,8
47613,47621,47626,5,8
47613,47621,47626,5,8
47613,47621,47626,5,8
47613,47621,47626,5,8
47613,47621,47626,5,8
47613,47621,47627,6,8
47613,47621,47627,6,8
47613,47621,47626,5,8
47613,47621,47627,6,8
47613,47621,47627,6,8
47613,47621,47627,6,8
47613,47621,47627,6,8
47613,47621,47631,10,8
47640,47640,47642,2,0
47640,47640,47642,2,0
47640,47640,47642,2,0
47640,47640,47642,2,0
47640,47640,47643,3,0
47640,47640,47643,3,0
47640,47640,47642,2,0
47640,47640,47643,3,0
47640,47640,47643,3,0
47640,47640,47642,2,0
47640,47642,47643,1,2
47640,47640,47642,2,0
47640,47640,47643,3,0
47640,47642,47643,1,2
47640,47640,47643,3,0
47640,47640,47642,2,0
47640,47640,47643,3,0
47640,47640,47643,3,0
47640,47643,47644,1,3
47640,47640,47643,3,0
47640,47640,47644,4,0
47640,47643,47644,1,3
47640,47640,47644,4,0
47640,47640,47644,4,0
47640,47640,47643,3,0
47640,47643,47644,1,3
47640,47643,47644,1,3
47640,47643,47644,1,3
47640,47643,47644,1,3
47640,47640,47643,3,0
47640,47640,47644,4,0
47640,47643,47644,1,3
47640,47643,47644,1,3
47640,47640,47643,3,0
47640,47643,47644,1,3
47640,47640,47644,4,0
47640,47643,47644,1,3
47640,47643,47644,1,3
47640,47643,47644,1,3
47640,47643,47644,1,3
47640,47643,47644,1,3
47640,47643,47644,1,3
47640,47640,47644,4,0
47640,47640,47645,5,0
47640,47640,47645,5,0
47640,47640,47644,4,0
47640,47640,47644,4,0
47640,47640,47644,4,0
47640,47640,47644,4,0
47640,47644,47645,1,4
47640,47644,47645,1,4
47640,47640,47645,5,0
47640,47640,47644,4,0
47640,47644,47645,1,4
47640,47644,47645,1,4
47640,47640,47645,5,0
47640,47640,47644,4,0
47640,47644,47645,1,4
47640,47644,47645,1,4
47640,47640,47645,5,0
47640,47640,47645,5,0
47640,47640,47644,4,0
47640,47640,47644,4,0
47640,47640,47645,5,0
47640,47640,47644,4,0
47640,47644,47645,1,4
47640,47640,47644,4,0
47640,47644,47645,1,4
47640,47644,47645,1,4
47640,47644,47645,1,4
47640,47640,47645,5,0
47640,47640,47645,5,0
47640,47644,47645,1,4
47640,47644,47645,1,4
47640,47644,47645,1,4
47640,47640,47645,5,0
47640,47640,47645,5,0
47640,47640,47645,5,0
47640,47640,47645,5,0
47640,47644,47645,1,4
47640,47644,47645,1,4
47640,47644,47645,1,4
47640,47640,47645,5,0
47640,47644,47645,1,4
47640,47644,47645,1,4
47640,47640,47644,4,0
47640,47640,47645,5,0
47640,47640,47644,4,0
47640,47640,47645,5,0
47640,47644,47646,2,4
47640,47645,47646,1,5
47640,47645,47646,1,5
47640,47640,47645,5,0
47640,47640,47645,5,0
47640,47640,47645,5,0
47640,47640,47646,6,0
47640,47640,47645,5,0
47640,47640,47646,6,0
47640,47640,47646,6,0
47640,47640,47646,6,0
47640,47640,47646,6,0
47640,47640,47646,6,0
47640,47640,47646,6,0
47640,47640,47645,5,0
47640,47640,47646,6,0
47640,47640,47645,5,0
47640,47644,47645,1,4
47640,47640,47645,5,0
47640,47640,47646,6,0
47640,47640,47646,6,0
47640,47640,47646,6,0
47640,47640,47646,6,0
47640,47640,47646,6,0
47640,47640,47646,6,0
47640,47640,47645,5,0
47640,47640,47646,6,0
47640,47645,47647,2,5
47640,47640,47647,7,0
47640,47640,47646,6,0
47640,47644,47646,2,4
47640,47645,47647,2,5
47640,47645,47647,2,5
47640,47645,47647,2,5
47640,47645,47647,2,5
47640,47645,47647,2,5
47640,47645,47647,2,5
47640,47640,47647,7,0
47640,47645,47647,2,5
47640,47647,47649,2,7
47640,47645,47648,3,5
47640,47645,47648,3,5
47640,47645,47648,3,5
47640,47645,47648,3,5
47640,47645,47648,3,5
47640,47645,47649,4,5
47640,47646,47649,3,6
47640,47646,47648,2,6
47640,47646,47648,2,6
47640,47645,47649,4,5
47640,47645,47650,5,5
47640,47645,47649,4,5
47640,47645,47649,4,5
47640,47645,47649,4,5
47640,47647,47650,3,7
47640,47645,47650,5,5
47640,47646,47650,4,6
47640,47646,47649,3,6
47640,47646,47650,4,6
47640,47645,47650,5,5
47640,47645,47650,5,5
47640,47645,47650,5,5
47640,47645,47651,6,5
47640,47647,47651,4,7
47640,47647,47650,3,7
47640,47645,47650,5,5
47640,47647,47651,4,7
47640,47645,47650,5,5
47640,47645,47650,5,5
47640,47647,47651,4,7
47640,47645,47650,5,5
47640,47647,47650,3,7
47640,47645,47651,6,5
47640,47646,47650,4,6
47640,47645,47650,5,5
47640,47645,47651,6,5
47640,47646,47651,5,6
47640,47646,47651,5,6
47640,47646,47651,5,6
47640,47646,47651,5,6
47640,47645,47651,6,5
47640,47645,47652,7,5
47640,47647,47651,4,7
47640,47645,47651,6,5
47640,47647,47651,4,7
47640,47645,47651,6,5
47640,47647,47652,5,7
47640,47647,47652,5,7
47640,47647,47651,4,7
47640,47645,47651,6,5
47640,47647,47652,5,7
47640,47647,47652,5,7
47640,47647,47652,5,7
47640,47645,47651,6,5
47640,47646,47651,5,6
47640,47646,47651,5,6
47640,47646,47651,5,6
47640,47646,47652,6,6
47640,47647,47652,5,7
47640,47647,47653,6,7
47640,47647,47652,5,7
47640,47647,47652,5,7
47640,47647,47652,5,7
47640,47647,47652,5,7
47640,47647,47652,5,7
47640,47647,47652,5,7
47640,47647,47652,5,7
47640,47647,47652,5,7
47640,47645,47654,9,5
47640,47643,47678,35,3
47686,47686,47688,2,0
47686,47686,47688,2,0
47686,47686,47688,2,0
47686,47687,47689,2,1
47686,47687,47688,1,1
47686,47687,47688,1,1
47686,47686,47689,3,0
47686,47687,47689,2,1
47686,47687,47689,2,1
47686,47686,47688,2,0
47686,47686,47688,2,0
47686,47686,47689,3,0
47686,47686,47688,2,0
47686,47687,47688,1,1
47686,47687,47688,1,1
47686,47687,47689,2,1
47686,47686,47688,2,0
47686,47686,47688,2,0
47686,47687,47688,1,1
47686,47687,47688,1,1
47686,47687,47688,1,1
47686,47686,47688,2,0
47686,47686,47688,2,0
47686,47687,47688,1,1
47686,47687,47689,2,1
47686,47687,47688,1,1
47686,47687,47689,2,1
47686,47686,47689,3,0
47686,47686,47688,2,0
47686,47686,47688,2,0
47686,47687,47688,1,1
47686,47687,47688,1,1
47686,47687,47688,1,1
47686,47686,47689,3,0
47686,47686,47689,3,0
47686,47687,47689,2,1
47686,47687,47689,2,1
47686,47686,47689,3,0
47686,47686,47689,3,0
47686,47687,47689,2,1
47686,47687,47689,2,1
47686,47686,47689,3,0
47686,47686,47689,3,0
47686,47686,47689,3,0
47686,47686,47689,3,0
47686,47687,47689,2,1
47686,47686,47689,3,0
47686,47687,47689,2,1
47686,47686,47690,4,0
47686,47686,47690,4,0
47686,47687,47689,2,1
47686,47687,47689,2,1
47686,47687,47689,2,1
47686,47687,47689,2,1
47686,47686,47690,4,0
47686,47687,47689,2,1
47686,47687,47689,2,1
47686,47687,47689,2,1
47686,47687,47689,2,1
47686,47686,47690,4,0
47686,47686,47690,4,0
47686,47687,47690,3,1
47686,47687,47690,3,1
47686,47686,47691,5,0
47686,47686,47691,5,0
47686,47686,47691,5,0
47686,47686,47691,5,0
47686,47686,47691,5,0
47686,47686,47692,6,0
47686,47686,47691,5,0
47686,47686,47691,5,0
47686,47689,47691,2,3
47686,47686,47692,6,0
47686,47686,47692,6,0
47686,47690,47692,2,4
47686,47686,47691,5,0
47686,47686,47692,6,0
47686,47689,47692,3,3
47686,47689,47692,3,3
47686,47689,47692,3,3
47686,47689,47693,4,3
47686,47686,47692,6,0
47686,47689,47693,4,3
47686,47686,47693,7,0
47686,47686,47692,6,0
47686,47689,47693,4,3
47686,47690,47693,3,4
47686,47689,47693,4,3
47686,47690,47693,3,4
47686,47686,47692,6,0
47686,47689,47693,4,3
47686,47690,47693,3,4
47686,47689,47692,3,3
47686,47689,47693,4,3
47686,47689,47693,4,3
47686,47690,47693,3,4
47686,47689,47693,4,3
47686,47689,47694,5,3
47686,47690,47694,4,4
47686,47689,47693,4,3
47686,47689,47694,5,3
47686,47689,47693,4,3
47686,47689,47694,5,3
47686,47689,47694,5,3
47686,47689,47694,5,3
47686,47689,47693,4,3
47686,47690,47694,4,4
47686,47690,47694,4,4
47686,47689,47693,4,3
47686,47689,47694,5,3
47686,47689,47693,4,3
47686,47689,47694,5,3
47686,47689,47694,5,3
47686,47689,47693,4,3
47686,47689,47694,5,3
47686,47689,47694,5,3
47686,47689,47694,5,3
47686,47689,47694,5,3
47686,47689,47694,5,3
47686,47690,47694,4,4
47686,47690,47694,4,4
47686,47689,47694,5,3
47686,47690,47694,4,4
47686,47689,47695,6,3
47686,47690,47694,4,4
47686,47694,47695,1,8
47686,47694,47695,1,8
47686,47694,47695,1,8
47686,47694,47695,1,8
47686,47689,47694,5,3
47686,47694,47695,1,8
47686,47694,47695,1,8
47686,47690,47695,5,4
47686,47691,47694,3,5
47686,47694,47695,1,8
47686,47689,47694,5,3
47686,47691,47694,3,5
47686,47691,47695,4,5
47686,47694,47695,1,8
47686,47694,47695,1,8
47686,47694,47695,1,8
47686,47689,47695,6,3
47686,47689,47695,6,3
47686,47689,47695,6,3
47686,47689,47695,6,3
47686,47692,47695,3,6
47686,47693,47695,2,7
47686,47694,47695,1,8
47686,47694,47695,1,8
47686,47689,47695,6,3
47686,47689,47695,6,3
47686,47690,47695,5,4
47686,47690,47695,5,4
47686,47692,47695,3,6
47686,47693,47695,2,7
47686,47689,47695,6,3
47686,47691,47695,4,5
47686,47693,47695,2,7
47686,47691,47695,4,5
47686,47692,47695,3,6
47686,47690,47695,5,4
47686,47691,47696,5,5
47686,47692,47696,4,6
47686,47694,47695,1,8
47686,47692,47696,4,6
47686,47692,47696,4,6
47686,47693,47696,3,7
47686,47694,47696,2,8
47686,47693,47696,3,7
47686,47694,47696,2,8
47686,47694,47696,2,8
47686,47691,47696,5,5
47686,47693,47696,3,7
47686,47691,47696,5,5
47686,47692,47696,4,6
47686,47691,47696,5,5
47686,47692,47697,5,6
47686,47693,47697,4,7
47686,47693,47697,4,7
47686,47693,47697,4,7
47686,47693,47697,4,7
47686,47692,47697,5,6
47686,47693,47698,5,7
47686,47693,47698,5,7
47686,47687,47718,31,1
46541,46543,53967,7424,2
53980,53983,55217,1234,3
55215,55218,55278,60,3
56340,56342,57211,869,2
57214,57217,57731,514,3
57730,57732,57733,1,2
57735,57738,58433,695,3
58436,58438,58657,219,2
58703,58705,66096,7391,2
66111,66113,66844,731,2
66842,66845,66911,66,3
68340,68343,69210,867,3
69214,69215,69735,520,1
69738,69740,70402,662,2
70405,70407,70532,125,2
70567,70569,78060,7491,2
78067,78070,78827,757,3
78826,78829,78909,80,3
82947,82949,84104,1155,2
84107,84109,85261,1152,2
85265,85267,87490,2223,2
87493,87495,87923,428,2
87950,87952,94987,7035,2
94986,94988,95048,60,2
95631,95633,97477,1844,2
97481,97484,99599,2115,3
99603,99605,103821,4216,2
103826,103828,104498,670,2
104532,104535,112109,7574,3
112114,112116,114157,2041,2
114156,114159,114223,64,3
114964,114966,116862,1896,2
116866,116868,118903,2035,2
121472,121472,121476,4,0
121472,121472,121477,5,0
121472,121472,121477,5,0
121473,121473,121477,4,0
121473,121473,121478,5,0
121472,121472,121478,6,0
121473,121473,121478,5,0
121472,121472,121478,6,0
121473,121473,121478,5,0
121473,121473,121479,6,0
121475,121475,121479,4,0
121472,121473,121478,5,1
121473,121473,121479,6,0
121474,121474,121479,5,0
121474,121474,121479,5,0
121474,121474,121479,5,0
121474,121474,121479,5,0
121474,121474,121480,6,0
121475,121476,121480,4,1
121476,121476,121480,4,0
121475,121475,121481,6,0
121472,121472,121481,9,0
121476,121476,121480,4,0
121475,121475,121481,6,0
121476,121476,121481,5,0
121473,121473,121482,9,0
121476,121476,121481,5,0
121472,121472,121481,9,0
121477,121477,121482,5,0
121476,121476,121481,5,0
121475,121475,121481,6,0
121478,121478,121483,5,0
121478,121478,121482,4,0
121475,121475,121482,7,0
121477,121477,121482,5,0
121474,121474,121482,8,0
121474,121474,121483,9,0
121477,121477,121482,5,0
121478,121478,121483,5,0
121477,121477,121483,6,0
121477,121477,121483,6,0
121474,121474,121483,9,0
121479,121479,121483,4,0
121475,121475,121483,8,0
121478,121478,121484,6,0
121480,121480,121484,4,0
121475,121475,121484,9,0
121479,121480,121484,4,1
121478,121478,121484,6,0
121480,121480,121484,4,0
121476,121476,121485,9,0
121476,121476,121484,8,0
121479,121479,121485,6,0
121479,121479,121485,6,0
121479,121479,121485,6,0
121479,121479,121485,6,0
121481,121481,121485,4,0
121480,121480,121485,5,0
121478,121478,121486,8,0
121480,121480,121486,6,0
121479,121479,121485,6,0
121480,121480,121486,6,0
121479,121479,121485,6,0
121477,121477,121485,8,0
121477,121478,121486,8,1
121477,121477,121486,9,0
121480,121480,121486,6,0
121482,121482,121487,5,0
121481,121481,121487,6,0
121480,121480,121486,6,0
121481,121481,121486,5,0
121481,121481,121487,6,0
121482,121482,121487,5,0
121483,121483,121487,4,0
121482,121482,121487,5,0
121483,121483,121487,4,0
121483,121483,121488,5,0
121481,121481,121488,7,0
121482,121482,121488,6,0
121482,121482,121488,6,0
121484,121484,121488,4,0
121483,121483,121488,5,0
121481,121481,121489,8,0
121484,121484,121489,5,0
121483,121483,121490,7,0
121485,121485,121489,4,0
121484,121485,121490,5,1
121481,121481,121489,8,0
121484,121484,121490,6,0
121486,121486,121490,4,0
121484,121484,121490,6,0
121485,121485,121490,5,0
121478,121478,121490,12,0
121482,121482,121490,8,0
121486,121486,121490,4,0
121487,121487,121491,4,0
121483,121483,121491,8,0
121486,121486,121491,5,0
121482,121482,121491,9,0
121485,121485,121491,6,0
121486,121486,121491,5,0
121484,121484,121492,8,0
121487,121487,121492,5,0
121486,121486,121491,5,0
121485,121485,121491,6,0
121488,121488,121492,4,0
121483,121483,121492,9,0
121484,121484,121492,8,0
121487,121487,121492,5,0
121487,121487,121493,6,0
121486,121486,121492,6,0
121485,121485,121493,8,0
121488,121488,121493,5,0
121487,121487,121492,5,0
121489,121489,121494,5,0
121484,121484,121493,9,0
121489,121489,121494,5,0
121488,121488,121494,6,0
121487,121487,121493,6,0
121489,121489,121493,4,0
121485,121485,121493,8,0
121488,121488,121494,6,0
121490,121490,121494,4,0
121489,121489,121493,4,0
121488,121488,121494,6,0
121488,121488,121494,6,0
121489,121489,121494,5,0
121489,121489,121494,5,0
121489,121489,121495,6,0
121486,121487,121495,8,1
121490,121490,121495,5,0
121488,121488,121495,7,0
121489,121490,121495,5,1
121490,121490,121495,5,0
121491,121491,121495,4,0
121491,121491,121496,5,0
121491,121491,121496,5,0
121486,121486,121495,9,0
121487,121487,121496,9,0
121492,121492,121497,5,0
121492,121492,121497,5,0
121490,121490,121496,6,0
121491,121491,121497,6,0
121491,121491,121496,5,0
121490,121490,121497,7,0
121491,121491,121497,6,0
121493,121493,121497,4,0
121493,121493,121498,5,0
121490,121490,121498,8,0
121493,121493,121498,5,0
121494,121494,121498,4,0
121492,121492,121498,6,0
121492,121492,121497,5,0
121494,121494,121498,4,0
121490,121490,121499,9,0
121494,121494,121499,5,0
121493,121493,121499,6,0
121494,121494,121500,6,0
121493,121493,121499,6,0
121492,121492,121500,8,0
121495,121495,121499,4,0
121494,121495,121499,4,1
121492,121492,121500,8,0
121491,121491,121499,8,0
121494,121494,121500,6,0
121496,121496,121500,4,0
121495,121495,121500,5,0
121496,121496,121501,5,0
121492,121492,121500,8,0
121495,121495,121501,6,0
121495,121495,121501,6,0
121495,121495,121501,6,0
121493,121493,121501,8,0
121497,121497,121501,4,0
121496,121496,121501,5,0
121497,121497,121502,5,0
121497,121497,121502,5,0
121497,121497,121502,5,0
121496,121496,121502,6,0
121496,121496,121502,6,0
121498,121498,121503,5,0
121494,121494,121503,9,0
121498,121498,121503,5,0
121494,121494,121503,9,0
121497,121497,121503,6,0
121497,121497,121503,6,0
121498,121498,121503,5,0
121499,121499,121503,4,0
121498,121498,121503,5,0
121495,121495,121503,8,0
121498,121498,121504,6,0
121499,121499,121504,5,0
121493,121493,121504,11,0
121495,121496,121504,8,1
121498,121498,121505,7,0
121496,121496,121505,9,0
121496,121496,121505,9,0
121498,121498,121505,7,0
121497,121497,121505,8,0
118906,118908,122828,3920,2
122833,122835,123560,725,2
125989,125989,125991,2,0
125965,125965,126473,508,0
125963,125963,126542,579,0
125966,125966,126547,581,0
125966,125966,126581,615,0
125962,125962,126596,634,0
125958,125958,126610,652,0
125977,125977,126624,647,0
125976,125976,126640,664,0
125964,125964,126647,683,0
125966,125966,126650,684,0
125967,125967,126651,684,0
125963,125963,126655,692,0
125962,125962,126679,717,0
125987,125987,126681,694,0
125972,125972,126697,725,0
125971,125971,126708,737,0
125975,125975,126708,733,0
125986,125986,126711,725,0
125978,125978,126712,734,0
125972,125972,126718,746,0
125990,125991,126726,735,1
125961,125961,126727,766,0
125968,125968,126737,769,0
125960,125960,126737,777,0
125959,125959,126737,778,0
125969,125970,126737,767,1
125971,125971,126738,767,0
125980,125980,126742,762,0
125978,125979,126747,768,1
125975,125975,126748,773,0
125981,125981,126755,774,0
125960,125960,126755,795,0
126640,126640,126755,115,0
125963,125963,126757,794,0
125971,125971,126760,789,0
126639,126639,126763,124,0
125972,125972,126772,800,0
126646,126646,126772,126,0
125982,125982,126772,790,0
126638,126639,126774,135,1
126651,126651,126778,127,0
126659,126659,126781,122,0
125981,125981,126782,801,0
126637,126637,126785,148,0
125959,125959,126785,826,0
125968,125968,126788,820,0
125982,125982,126792,810,0
125959,125960,126801,841,1
125994,125994,126815,821,0
125968,125968,126819,851,0
125974,125974,126820,846,0
125996,125996,126825,829,0
125985,125985,126830,845,0
125960,125960,126839,879,0
125974,125974,126844,870,0
125962,125962,126845,883,0
125985,125985,126845,860,0
125977,125977,126852,875,0
125992,125992,126863,871,0
125984,125984,126863,879,0
125977,125977,126863,886,0
125971,125971,126864,893,0
125980,125980,126865,885,0
125970,125970,126871,901,0
125968,125968,126873,905,0
125986,125986,126873,887,0
125976,125977,126875,898,1
125989,125989,126877,888,0
125973,125974,126882,908,1
125966,125966,126883,917,0
125988,125988,126883,895,0
125992,125992,126887,895,0
125961,125961,126888,927,0
125980,125980,126890,910,0
125960,125960,126893,933,0
125967,125967,126894,927,0
125991,125991,126898,907,0
125961,125961,126898,937,0
125981,125982,126901,919,1
125995,125995,126909,914,0
125992,125993,126910,917,1
125980,125980,126912,932,0
125970,125970,126913,943,0
125987,125988,126921,933,1
125974,125974,126922,948,0
125970,125970,126923,953,0
126679,126679,126923,244,0
125987,125987,126925,938,0
125961,125961,126926,965,0
125960,125960,126929,969,0
126674,126674,126930,256,0
126677,126679,126930,251,2
126669,126670,126934,264,1
126781,126781,126935,154,0
125993,125993,126937,944,0
126786,126787,126936,149,1
125990,125990,126944,954,0
125986,125986,126945,959,0
125984,125984,126946,962,0
125979,125979,126947,968,0
125971,125971,126947,976,0
125996,125996,126948,952,0
125991,125991,126951,960,0
125995,125995,126954,959,0
126657,126657,126959,302,0
125985,125985,126959,974,0
126663,126664,126962,298,1
125959,125959,126965,1006,0
125990,125990,126966,976,0
125984,125984,126967,983,0
125973,125973,126968,995,0
125958,125958,126969,1011,0
126667,126667,126969,302,0
126672,126672,126971,299,0
125964,125964,126973,1009,0
125967,125967,126973,1006,0
126661,126661,126975,314,0
125972,125973,126982,1009,1
125984,125984,126985,1001,0
125965,125965,126987,1022,0
125983,125983,126990,1007,0
125989,125989,126995,1006,0
125961,125961,126996,1035,0
125981,125981,126997,1016,0
125963,125963,127002,1039,0
125976,125976,127004,1028,0
125976,125976,127007,1031,0
125991,125991,127013,1022,0
125967,125967,127018,1051,0
125963,125963,127019,1056,0
125980,125980,127023,1043,0
126655,126655,127029,374,0
125970,125970,127036,1066,0
125988,125988,127040,1052,0
125969,125969,127041,1072,0
125982,125982,127042,1060,0
125969,125969,127044,1075,0
125993,125993,127046,1053,0
125969,125969,127048,1079,0
125984,125984,127051,1067,0
125975,125975,127058,1083,0
125997,126474,127058,584,477
125992,125992,127060,1068,0
125973,125973,127062,1089,0
125979,125979,127063,1084,0
125999,126582,127065,483,583
125982,125983,127071,1088,1
125983,125983,127073,1090,0
125978,125978,127078,1100,0
125967,125967,127078,1111,0
125993,125993,127079,1086,0
125991,125991,127079,1088,0
125959,125959,127084,1125,0
125979,125979,127087,1108,0
125978,125978,127087,1109,0
125989,125989,127094,1105,0
125983,125983,127095,1112,0
125974,125974,127096,1122,0
125975,125975,127098,1123,0
125990,125990,127104,1114,0
125994,125994,127104,1110,0
125987,125987,127111,1124,0
126010,126737,127112,375,727
125965,125965,127122,1157,0
125997,126543,127130,587,546
125973,125973,127133,1160,0
126000,126625,127138,513,625
126000,126611,127143,532,611
126648,126648,127147,499,0
126013,126749,127151,402,736
125973,125973,127152,1179,0
125998,126547,127152,605,549
126975,126975,127162,187,0
126965,126965,127166,201,0
126983,126983,127167,184,0
125999,126597,127170,573,598
126649,126649,127172,523,0
125979,125979,127173,1194,0
125995,125995,127184,1189,0
127033,127033,127185,152,0
125968,125968,127191,1223,0
126926,126926,127192,266,0
125994,125994,127197,1203,0
125986,125986,127201,1215,0
126007,126712,127201,489,705
126963,126963,127201,238,0
126759,126760,127205,445,1
126978,126979,127205,226,1
125964,125964,127208,1244,0
125986,125986,127208,1222,0
126008,126727,127216,489,719
125972,125972,127217,1245,0
126001,126641,127225,584,640
126766,126766,127237,471,0
126938,126938,127239,301,0
126779,126779,127239,460,0
126784,126784,127239,455,0
126932,126932,127239,307,0
126791,126791,127240,449,0
125962,125962,127242,1280,0
126944,126944,127243,299,0
126003,126656,127244,588,653
126012,126743,127245,502,731
126005,126698,127245,547,693
126014,126755,127256,501,741
125980,125980,127266,1286,0
125981,125981,127270,1289,0
125964,125964,127284,1320,0
126007,126713,127284,571,706
126011,126737,127288,551,726
126638,126638,127293,655,0
126947,126947,127295,348,0
126009,126728,127312,584,719
126004,126679,127314,635,675
125976,125976,127328,1352,0
125965,125965,127330,1365,0
125969,125969,127332,1363,0
126006,126708,127337,629,702
125977,125977,127341,1364,0
125990,125990,127347,1357,0
127172,127172,127349,177,0
127178,127179,127349,170,1
126010,126737,127351,614,727
125978,125978,127353,1375,0
126004,126682,127360,678,678
126005,126708,127361,653,703
126013,126748,127365,617,735
126003,126652,127379,727,649
125988,125989,127394,1405,1
127242,127243,127396,153,1
126002,126651,127412,761,649
126009,126737,127433,696,728
125966,125967,127440,1473,1
127296,127296,127446,150,0
125983,125983,127455,1472,0
125988,125988,127463,1475,0
127353,127353,127493,140,0
126941,126941,127493,552,0
127355,127355,127502,147,0
127400,127400,127552,152,0
127449,127450,127588,138,1
126012,126738,127593,855,726
127498,127499,127638,139,1
127495,127496,127648,152,1
127505,127505,127649,144,0
126007,126718,127666,948,711
127152,127152,127700,548,0
127208,127212,127700,488,4
127299,127299,127700,401,0
127558,127558,127705,147,0
127169,127169,127708,539,0
127590,127590,127713,123,0
126002,126648,127717,1069,646
125985,125985,127718,1733,0
127188,127188,127770,582,0
127654,127654,127792,138,0
127642,127643,127793,150,1
127651,127651,127802,151,0
127704,127704,127826,122,0
127257,127257,127849,592,0
127707,127708,127849,141,1
127195,127195,127871,676,0
127204,127204,127871,667,0
127246,127246,127871,625,0
127250,127250,127871,621,0
127239,127240,127871,631,1
127175,127175,127872,697,0
127211,127212,127872,660,1
127253,127254,127872,618,1
127260,127260,127873,613,0
127799,127799,127946,147,0
127711,127711,128003,292,0
127795,127796,128018,222,1
127772,127772,128020,248,0
127829,127829,128019,190,0
127706,127706,128022,316,0
127806,127806,128023,217,0
127717,127717,128047,330,0
127701,127701,128082,381,0
127856,127856,128102,246,0
127949,127949,128106,157,0
127852,127852,128117,265,0
127878,127878,128137,259,0
127902,127902,128139,237,0
127885,127886,128140,254,1
127891,127891,128140,249,0
127897,127899,128140,241,2
128028,128028,128165,137,0
128006,128007,128249,242,1
128031,128031,128254,223,0
128022,128023,128261,238,1
128034,128034,128265,231,0
128026,128026,128266,240,0
127875,127875,128267,392,0
127894,127894,128324,430,0
128170,128170,128340,170,0
128144,128144,128346,202,0
128150,128150,128356,206,0
127882,127882,128368,486,0
127888,127888,128368,480,0
128051,128051,128479,428,0
128372,128372,128510,138,0
128375,128375,128568,193,0
128346,128346,128575,229,0
128352,128352,128575,223,0
128360,128360,128575,215,0
128329,128329,128577,248,0
128482,128483,128606,123,1
128513,128513,128628,115,0
128105,128106,128641,535,1
128087,128087,128642,555,0
128108,128109,128643,534,1
128142,128142,128644,502,0
128147,128147,128643,496,0
128121,128121,128644,523,0
128154,128156,128644,488,2
128630,128630,128808,178,0
128609,128613,128812,199,4
128571,128571,128816,245,0
128581,128582,128816,234,1
128587,128587,128816,229,0
128647,128647,128816,169,0
128579,128579,128817,238,0
128584,128584,128817,233,0
128651,128651,128820,169,0
128657,128657,128820,163,0
128660,128660,128844,184,0
128649,128649,128864,215,0
128654,128654,128876,222,0
128254,128254,128886,632,0
128264,128265,128901,636,1
128273,128273,128907,634,0
128258,128258,128907,649,0
128269,128270,128907,637,1
128276,128276,128911,635,0
128831,128832,129010,178,1
128816,128817,129010,193,1
125962,125962,129011,3049,0
128826,128826,129012,186,0
128645,128645,129036,391,0
128919,128919,129113,194,0
129041,129042,129174,132,1
129022,129022,129192,170,0
129014,129015,129195,180,1
129018,129019,129195,176,1
128813,128813,129280,467,0
128847,128848,129283,435,1
128819,128820,129283,463,1
129116,129116,129306,190,0
129198,129199,129322,123,1
128834,128834,129349,515,0
129178,129179,129358,179,1
128842,128842,129359,517,0
129195,129196,129361,165,1
129202,129202,129370,168,0
128829,128829,129372,543,0
128838,128839,129372,533,1
128823,128823,129374,551,0
129288,129288,129418,130,0
128868,128869,129435,566,1
129293,129293,129450,157,0
129285,129285,129455,170,0
129310,129311,129459,148,1
128878,128878,129481,603,0
128906,128906,129496,590,0
128910,128916,129499,583,6
128892,128892,129503,611,0
128913,128916,129515,599,3
128916,128917,129521,604,1
129384,129384,129527,143,0
129326,129326,129577,251,0
129361,129361,129580,219,0
129353,129353,129583,230,0
129365,129369,129583,214,4
129369,129369,129585,216,0
129423,129423,129616,193,0
129374,129374,129621,247,0
129441,129441,129621,180,0
129380,129380,129623,243,0
129388,129388,129623,235,0
129503,129504,129667,163,1
129466,129466,129678,212,0
129461,129461,129687,226,0
129455,129456,129695,239,1
129589,129589,129717,128,0
129640,129640,129844,204,0
129597,129597,129849,252,0
129623,129624,129868,244,1
129628,129628,129867,239,0
129632,129633,129868,235,1
129637,129637,129867,230,0
129722,129723,129927,204,1
129692,129692,129929,237,0
129673,129673,129931,258,0
129684,129684,129930,246,0
129702,129703,129931,228,1
129586,129586,129949,363,0
129500,129500,129988,488,0
129525,129531,129992,461,6
129582,129583,129994,411,1
129593,129593,130000,407,0
129519,129519,130019,500,0
129532,129532,130049,517,0
129507,129508,130051,543,1
129487,129487,130069,582,0
129849,129849,130126,277,0
129872,129873,130134,261,1
129884,129885,130137,252,1
129876,129876,130141,265,0
129854,129855,130144,289,1
129880,129880,130145,265,0
130007,130007,130161,154,0
129998,129999,130164,165,1
129994,129995,130189,194,1
130003,130003,130192,189,0
130025,130026,130193,167,1
130060,130060,130245,185,0
130054,130055,130249,194,1
130074,130074,130250,176,0
129935,129935,130268,333,0
129945,129945,130308,363,0
130152,130152,130309,157,0
130134,130134,130311,177,0
129953,129953,130314,361,0
130144,130144,130316,172,0
129931,129931,130316,385,0
129949,129950,130385,435,1
129940,129941,130387,446,1
130254,130254,130425,171,0
130250,130250,130464,214,0
130258,130259,130469,210,1
130275,130275,130470,195,0
130317,130317,130477,160,0
130313,130313,130499,186,0
130321,130322,130510,188,1
130330,130331,130527,196,1
130334,130335,130527,192,1
130325,130326,130529,203,1
130390,130391,130573,182,1
130395,130395,130577,182,0
130429,130430,130581,151,1
130536,130536,130673,137,0
130580,130581,130714,133,1
130532,130533,130716,183,1
130540,130540,130717,177,0
130577,130579,130725,146,2
130585,130585,130725,140,0
130516,130517,130748,231,1
130481,130482,130749,267,1
130503,130503,130750,247,0
130469,130469,130752,283,0
130478,130478,130753,275,0
130473,130473,130758,285,0
130679,130679,130845,166,0
130719,130719,130869,150,0
130764,130764,130913,149,0
130759,130759,130935,176,0
130753,130754,130936,182,1
130731,130732,130941,209,1
130148,130148,130971,823,0
130725,130725,130974,249,0
130140,130140,130986,846,0
130167,130168,130990,822,1
130156,130157,130992,835,1
130761,130761,130997,236,0
130193,130194,130998,804,1
130202,130203,131003,800,1
130172,130172,131008,836,0
130197,130198,131009,811,1
130848,130848,131028,180,0
130874,130874,131030,156,0
130751,130751,131043,292,0
130722,130722,131057,335,0
130756,130756,131059,303,0
130917,130917,131100,183,0
130940,130941,131127,186,1
131007,131008,131161,153,1
123591,123593,131216,7623,2
130728,130728,131217,489,0
130937,130937,131219,282,0
131065,131065,131229,164,0
130974,130974,131242,268,0
131046,131046,131244,198,0
130994,130994,131245,251,0
130988,130988,131246,258,0
130945,130945,131246,301,0
130976,130976,131249,273,0
131062,131062,131251,189,0
131001,131001,131252,251,0
130996,130996,131270,274,0
131103,131104,131300,196,1
131223,131223,131353,130,0
131165,131165,131362,197,0
131232,131232,131374,142,0
131220,131220,131376,156,0
131281,131281,131415,134,0
131133,131133,131456,323,0
131010,131010,131478,468,0
131036,131036,131504,468,0
131306,131307,131508,201,1
131015,131015,131538,523,0
131032,131032,131539,507,0
131420,131420,131546,126,0
131004,131004,131554,550,0
131358,131359,131573,214,1
131380,131381,131576,195,1
131385,131385,131581,196,0
131369,131369,131583,214,0
131460,131460,131589,129,0
131485,131485,131646,161,0
131509,131510,131646,136,1
131549,131549,131732,183,0
131544,131545,131734,189,1
131560,131560,131734,174,0
131553,131554,131738,184,1
131584,131584,131740,156,0
131591,131592,131741,149,1
131513,131513,131741,228,0
131587,131587,131760,173,0
131596,131597,131761,164,1
131580,131580,131769,189,0
131655,131655,131807,152,0
131651,131651,131808,157,0
131761,131761,131923,162,0
131778,131778,131927,149,0
131811,131811,131954,143,0
131816,131816,131956,140,0
131246,131247,132010,763,1
131251,131252,132011,759,1
131255,131256,132011,755,1
131260,131261,132011,750,1
131264,131264,132011,747,0
131268,131268,132011,743,0
131272,131272,132010,738,0
131277,131277,132011,734,0
131963,131963,132094,131,0
131931,131931,132114,183,0
131959,131959,132113,154,0
131926,131927,132118,191,1
132017,132018,132161,143,1
131738,131738,132265,527,0
131742,131743,132266,523,1
131758,131758,132267,509,0
131748,131748,132268,520,0
131769,131769,132280,511,0
132130,132130,132280,150,0
131773,131773,132296,523,0
132119,132119,132299,180,0
132125,132126,132300,174,1
131754,131754,132303,549,0
132168,132173,132303,130,5
132098,132099,132340,241,1
131765,131765,132347,582,0
132014,132014,132458,444,0
132282,132282,132467,185,0
132275,132276,132469,193,1
132316,132317,132473,156,1
132354,132354,132497,143,0
132321,132322,132500,178,1
132345,132346,132501,155,1
132021,132022,132562,540,1
132040,132040,132590,550,0
132029,132030,132604,574,1
132034,132034,132609,575,0
132025,132026,132612,586,1
132045,132045,132613,568,0
132506,132506,132647,141,0
132501,132501,132652,151,0
132473,132473,132667,194,0
132503,132503,132673,170,0
132471,132471,132687,216,0
132476,132476,132709,233,0
132568,132568,132713,145,0
132463,132463,132747,284,0
132614,132615,132776,161,1
132670,132670,132839,169,0
132676,132676,132839,163,0
132655,132655,132842,187,0
132712,132712,132878,166,0
132717,132717,132879,162,0
132271,132271,132884,613,0
132690,132690,132888,198,0
132779,132779,132927,148,0
131233,131236,132938,1702,3
132293,132294,132965,671,1
132312,132313,132965,652,1
132279,132279,132973,694,0
132842,132842,132979,137,0
132288,132288,132979,691,0
132307,132313,132979,666,6
132302,132303,132982,679,1
132651,132651,132982,331,0
132937,132940,133002,62,3
132845,132845,133003,158,0
132849,132849,133017,168,0
132880,132880,133017,137,0
132883,132883,133047,164,0
132891,132891,133047,156,0
132889,132889,133102,213,0
132750,132750,133107,357,0
132616,132616,133131,515,0
132611,132611,133152,541,0
132930,132930,133153,223,0
132593,132593,133182,589,0
132994,132994,133195,201,0
132607,132607,133200,593,0
132985,132985,133200,215,0
132972,132972,133201,229,0
133024,133024,133204,180,0
133051,133051,133203,152,0
133021,133021,133218,197,0
133054,133054,133241,187,0
133110,133110,133245,135,0
133107,133107,133303,196,0
133156,133156,133307,151,0
133159,133159,133309,150,0
133136,133136,133311,175,0
133211,133211,133411,200,0
133198,133198,133414,216,0
133186,133186,133416,230,0
133218,133218,133415,197,0
133203,133203,133417,214,0
133215,133215,133438,223,0
133245,133245,133439,194,0
133207,133207,133441,234,0
133222,133222,133441,219,0
133249,133251,133441,190,2
133307,133307,133454,147,0
133313,133313,133454,141,0
133316,133316,133456,140,0
133311,133311,133471,160,0
133417,133417,133577,160,0
133423,133423,133578,155,0
133443,133443,133683,240,0
133460,133460,133683,223,0
133449,133450,133686,236,1
133455,133455,133686,231,0
133477,133477,133686,209,0
133581,133582,133710,128,1
132991,132991,133781,790,0
133414,133414,133785,371,0
133007,133007,133797,790,0
133463,133469,133798,329,6
133426,133426,133812,386,0
132969,132970,133813,843,1
132987,132987,133822,835,0
132982,132982,133828,846,0
133446,133446,133828,382,0
132976,132976,133830,854,0
133693,133693,133860,167,0
133420,133420,133870,450,0
133586,133586,133879,293,0
133688,133688,133881,193,0
133453,133457,133967,510,4
133458,133458,133980,522,0
133784,133784,133983,199,0
133789,133789,133982,193,0
133834,133834,133985,151,0
133819,133819,133987,168,0
133801,133801,133988,187,0
133804,133804,133988,184,0
133825,133826,134011,185,1
133832,133832,134015,183,0
133817,133817,134018,201,0
133837,133837,134017,180,0
133874,133874,134076,202,0
133862,133862,134078,216,0
133882,133882,134079,197,0
133886,133886,134079,193,0
134022,134022,134219,197,0
133988,133988,134228,240,0
134013,134014,134236,222,1
134020,134020,134238,218,0
134025,134031,134240,209,6
134002,134002,134241,239,0
134083,134083,134251,168,0
134088,134088,134256,168,0
134080,134080,134260,180,0
134085,134085,134262,177,0
133696,133696,134339,643,0
133714,133714,134339,625,0
133691,133691,134340,649,0
133686,133686,134346,660,0
134249,134249,134431,182,0
134259,134259,134431,172,0
134264,134264,134432,168,0
134348,134348,134471,123,0
134343,134343,134482,139,0
134347,134347,134484,137,0
134345,134345,134511,166,0
134439,134439,134566,127,0
133986,133986,134578,592,0
133970,133970,134584,614,0
133996,133996,134590,594,0
133999,133999,134590,591,0
133993,133993,134598,605,0
133983,133983,134599,616,0
134473,134476,134620,144,3
134442,134442,134624,182,0
134435,134435,134654,219,0
134513,134514,134662,148,1
134484,134484,134665,181,0
134486,134487,134693,206,1
134593,134593,134770,177,0
134568,134568,134775,207,0
134582,134582,134775,193,0
134600,134600,134775,175,0
134626,134626,134777,151,0
134586,134586,134779,193,0
134596,134596,134783,187,0
134602,134602,134784,182,0
134698,134698,134817,119,0
134623,134623,134831,208,0
134670,134670,134844,174,0
134657,134658,134848,190,1
134665,134666,134847,181,1
134267,134267,134940,673,0
134246,134246,134951,705,0
134232,134232,134954,722,0
134240,134240,134953,713,0
134243,134243,134959,716,0
134253,134253,134959,706,0
134222,134222,134963,741,0
134780,134780,134979,199,0
134786,134786,134979,193,0
134791,134791,134981,190,0
134835,134835,134981,146,0
134851,134851,134988,137,0
134855,134855,135007,152,0
134847,134847,135009,162,0
134820,134820,135013,193,0
135013,135013,135160,147,0
135015,135015,135232,217,0
135010,135010,135236,226,0
134987,134987,135243,256,0
134993,134993,135258,265,0
134990,134990,135264,274,0
135164,135164,135316,152,0
134788,134788,135329,541,0
134774,134774,135329,555,0
134783,134783,135331,548,0
134959,134959,135331,372,0
134778,134778,135333,555,0
134794,134794,135332,538,0
135238,135238,135363,125,0
135266,135266,135426,160,0
135261,135261,135433,172,0
135235,135235,135435,200,0
135245,135245,135438,193,0
135333,135333,135503,170,0
135337,135337,135507,170,0
135331,135331,135508,177,0
135341,135342,135509,167,1
135320,135320,135516,196,0
135335,135335,135516,181,0
135339,135339,135516,177,0
134943,134943,135530,587,0
135366,135366,135579,213,0
134954,134954,135584,630,0
134962,134962,135631,669,0
134957,134957,135636,679,0
134969,134969,135638,669,0
134981,134981,135649,668,0
135525,135525,135656,131,0
134985,134987,135660,673,2
134966,134966,135661,695,0
135518,135518,135663,145,0
135588,135588,135713,125,0
133686,133689,135716,2027,3
135584,135584,135719,135,0
135443,135444,135764,320,1
135516,135516,135788,272,0
135512,135512,135788,276,0
135634,135634,135789,155,0
135520,135520,135791,271,0
135533,135533,135791,258,0
135523,135523,135793,270,0
135639,135639,135797,158,0
135507,135507,135800,293,0
135668,135668,135810,142,0
135717,135717,135883,166,0
135436,135436,135883,447,0
135722,135722,135916,194,0
135664,135664,135936,272,0
135671,135671,135939,268,0
135439,135439,135956,517,0
135430,135430,135974,544,0
135795,135795,135978,183,0
135641,135641,136001,360,0
135818,135818,136009,191,0
135653,135653,136014,361,0
135769,135769,136027,258,0
135791,135791,136026,235,0
135799,135799,136028,229,0
135804,135804,136027,223,0
135807,135808,136036,228,1
135815,135815,136037,222,0
135658,135658,136038,380,0
135802,135802,136041,239,0
135811,135811,136046,235,0
135920,135920,136105,185,0
135885,135885,136107,222,0
135887,135887,136107,220,0
136011,136011,136209,198,0
136040,136040,136265,225,0
136033,136033,136269,236,0
136047,136047,136272,225,0
136053,136053,136272,219,0
136112,136112,136283,171,0
136115,136115,136291,176,0
136108,136108,136292,184,0
136050,136050,136363,313,0
136056,136056,136363,307,0
136211,136211,136364,153,0
136030,136030,136384,354,0
136036,136036,136384,348,0
136043,136043,136389,346,0
136017,136017,136427,410,0
136271,136271,136431,160,0
136277,136277,136434,157,0
136296,136296,136434,138,0
136280,136280,136439,159,0
136269,136269,136446,177,0
136287,136287,136449,162,0
136293,136293,136451,158,0
136369,136369,136500,131,0
136390,136390,136577,187,0
136393,136393,136594,201,0
136388,136388,136598,210,0
136366,136366,136600,234,0
136371,136371,136612,241,0
136453,136453,136641,188,0
136434,136434,136644,210,0
136444,136444,136646,202,0
136450,136450,136645,195,0
136429,136431,136647,216,2
136440,136440,136647,207,0
136456,136456,136648,192,0
136437,136437,136650,213,0
136503,136503,136656,153,0
136004,136004,136711,707,0
136601,136601,136734,133,0
135981,135982,136746,764,1
135938,135938,136749,811,0
135978,135978,136758,780,0
135958,135958,136758,800,0
136583,136583,136770,187,0
136597,136597,136770,173,0
136603,136603,136770,167,0
135943,135943,136782,839,0
136647,136647,136854,207,0
136658,136658,136854,196,0
136664,136664,136856,192,0
136653,136653,136857,204,0
136667,136667,136896,229,0
136661,136661,136909,248,0
136656,136656,136917,261,0
136650,136650,136946,296,0
136645,136645,136956,311,0
136761,136761,136980,219,0
136715,136716,136980,264,1
136776,136776,136981,205,0
136750,136750,136982,232,0
136737,136737,136987,250,0
136764,136764,137003,239,0
136773,136773,137007,234,0
136786,136786,137008,222,0
136858,136858,137009,151,0
136779,136779,137008,229,0
136863,136863,137010,147,0
136752,136752,137016,264,0
136856,136856,137027,171,0
136861,136861,137034,173,0
136901,136901,137054,153,0
136615,136615,137123,508,0
135720,135723,137906,2183,3
140803,140803,140947,144,0
140807,140807,140949,142,0
140809,140809,140950,141,0
140806,140806,140954,148,0
140822,140822,140959,137,0
140802,140802,140963,161,0
140826,140826,140983,157,0
140805,140805,140983,178,0
140814,140814,140987,173,0
140820,140820,140990,170,0
140804,140804,140994,190,0
140812,140812,140997,185,0
140803,140803,140998,195,0
140829,140829,141001,172,0
140810,140810,141001,191,0
140827,140827,141002,175,0
140824,140824,141003,179,0
140816,140816,141003,187,0
140821,140821,141004,183,0
140818,140818,141004,186,0
140951,140951,141125,174,0
140955,140956,141129,173,1
140954,140954,141135,181,0
140962,140962,141138,176,0
140953,140953,141143,190,0
140966,140966,141154,188,0
141002,141002,141189,187,0
141005,141005,141190,185,0
141012,141012,141237,225,0
140996,140996,141238,242,0
141017,141017,141239,222,0
140999,140999,141240,241,0
140990,140990,141241,251,0
140994,140994,141241,247,0
141007,141007,141245,238,0
141010,141010,141246,236,0
140986,140986,141247,261,0
141020,141020,141248,228,0
141015,141015,141250,235,0
140985,140985,141264,279,0
141133,141133,141289,156,0
141141,141141,141294,153,0
141130,141130,141321,191,0
141137,141137,141322,185,0
141147,141147,141326,179,0
141156,141156,141328,172,0
141193,141194,141338,144,1
141192,141192,141395,203,0
141259,141260,141405,145,1
141257,141257,141429,172,0
141267,141267,141431,164,0
141244,141244,141434,190,0
141248,141248,141434,186,0
141291,141291,141442,151,0
141296,141296,141448,152,0
141327,141327,141482,155,0
141331,141331,141487,156,0
141329,141329,141495,166,0
141324,141324,141503,179,0
141340,141341,141504,163,1
141250,141250,141513,263,0
141397,141397,141543,146,0
141407,141407,141546,139,0
141243,141243,141553,310,0
141240,141240,141554,314,0
141247,141247,141554,307,0
141252,141252,141554,302,0
141255,141255,141554,299,0
141245,141245,141558,313,0
141449,141449,141606,157,0
141433,141433,141607,174,0
141438,141438,141607,169,0
141446,141446,141608,162,0
141436,141436,141609,173,0
141432,141432,141613,181,0
141484,141484,141646,162,0
141488,141488,141646,158,0
141508,141508,141682,174,0
141561,141562,141703,141,1
141560,141560,141704,144,0
141498,141498,141715,217,0
141506,141506,141715,209,0
141514,141514,141715,201,0
141549,141552,141726,174,3
141558,141558,141727,169,0
141563,141564,141727,163,1
141559,141559,141730,171,0
141556,141556,141736,180,0
141546,141546,141741,195,0
141615,141615,141759,144,0
141611,141611,141777,166,0
141617,141617,141787,170,0
141609,141609,141789,180,0
141614,141614,141789,175,0
141618,141618,141790,172,0
141650,141654,141791,137,4
141652,141652,141793,141,0
141706,141706,141870,164,0
141720,141720,141870,150,0
137910,137912,141890,3978,2
141684,141684,141908,224,0
141736,141736,141921,185,0
141760,141761,141922,161,1
141730,141730,141925,195,0
141704,141704,141942,238,0
141793,141793,141963,170,0
141781,141781,141964,183,0
141789,141789,141964,175,0
141797,141797,141974,177,0
141795,141795,141995,200,0
141791,141791,142009,218,0
141800,141802,142016,214,2
141723,141723,142028,305,0
141718,141718,142029,311,0
141733,141733,142028,295,0
141728,141728,142030,302,0
141738,141738,142030,292,0
141744,141745,142030,285,1
141875,141875,142048,173,0
141911,141911,142060,149,0
141923,141923,142060,137,0
141872,141873,142064,191,1
141926,141926,142071,145,0
141924,141924,142072,148,0
141943,141943,142083,140,0
141970,141970,142121,151,0
141965,141966,142125,159,1
141968,141968,142143,175,0
141976,141977,142167,190,1
141999,141999,142169,170,0
142037,142037,142192,155,0
142032,142032,142195,163,0
142011,142011,142214,203,0
142029,142029,142220,191,0
142018,142018,142223,205,0
142034,142034,142223,189,0
142064,142065,142223,158,1
142073,142073,142223,150,0
142123,142123,142261,138,0
142127,142127,142277,150,0
142031,142031,142282,251,0
142172,142173,142321,148,1
142146,142146,142324,178,0
142066,142066,142326,260,0
142086,142086,142326,240,0
142051,142051,142327,276,0
142072,142073,142329,256,1
142036,142036,142330,294,0
142061,142061,142330,269,0
142197,142197,142341,144,0
142194,142194,142355,161,0
142170,142170,142369,199,0
142226,142226,142384,158,0
142231,142231,142384,153,0
142223,142223,142386,163,0
142228,142228,142387,159,0
142217,142217,142404,187,0
142229,142230,142425,195,1
142285,142285,142456,171,0
142329,142329,142476,147,0
142279,142279,142478,199,0
142262,142262,142488,226,0
142325,142325,142522,197,0
142332,142332,142528,196,0
142372,142372,142532,160,0
142388,142388,142541,153,0
142386,142386,142551,165,0
142391,142391,142550,159,0
142394,142394,142551,157,0
142324,142324,142553,229,0
142406,142406,142565,159,0
142427,142427,142565,138,0
142336,142336,142573,237,0
142344,142344,142575,231,0
142330,142331,142592,261,1
142334,142334,142592,258,0
142359,142359,142592,233,0
141893,141896,142592,696,3
142328,142328,142594,266,0
142460,142460,142620,160,0
142478,142478,142620,142,0
142480,142480,142628,148,0
142490,142490,142628,138,0
142533,142533,142747,214,0
142524,142524,142752,228,0
142600,142600,142769,169,0
142633,142633,142770,137,0
142530,142530,142788,258,0
142631,142631,142792,161,0
142622,142622,142792,170,0
142625,142625,142792,167,0
142596,142599,142841,242,3
142542,142542,142843,301,0
142554,142555,142851,296,1
142578,142578,142852,274,0
142557,142557,142852,295,0
142569,142570,142852,282,1
142553,142553,142853,300,0
142559,142559,142865,306,0
142575,142575,142866,291,0
142568,142568,142866,298,0
142594,142595,142866,271,1
142598,142598,142866,268,0
142749,142749,142906,157,0
142754,142754,142905,151,0
142772,142772,142912,140,0
142770,142770,142914,144,0
142795,142795,142952,157,0
142791,142791,142952,161,0
142793,142793,142961,168,0
142797,142797,142960,163,0
142872,142872,143013,141,0
142848,142848,143036,188,0
142909,142909,143060,151,0
142913,142914,143060,146,1
142863,142863,143067,204,0
142910,142911,143069,158,1
142917,142917,143069,152,0
142857,142857,143072,215,0
142869,142869,143073,204,0
142873,142873,143072,199,0
142852,142852,143073,221,0
142860,142860,143074,214,0
142870,142871,143074,203,1
142867,142867,143076,209,0
142855,142855,143078,223,0
142845,142845,143081,236,0
142957,142957,143107,150,0
142966,142967,143109,142,1
142965,142965,143111,146,0
142954,142954,143114,160,0
143016,143016,143238,222,0
143039,143039,143238,199,0
143115,143115,143253,138,0
143118,143118,143272,154,0
143092,143092,143272,180,0
143111,143111,143272,161,0
143071,143071,143363,292,0
143085,143086,143365,279,1
143241,143241,143367,126,0
143065,143065,143370,305,0
143074,143074,143374,300,0
143077,143081,143374,293,4
143081,143082,143374,292,1
143240,143240,143384,144,0
143255,143255,143386,131,0
143068,143068,143395,327,0
143276,143276,143401,125,0
143079,143079,143405,326,0
143084,143084,143407,323,0
143110,143110,143408,298,0
143072,143073,143410,337,1
143088,143088,143409,321,0
143094,143094,143411,317,0
143090,143090,143413,323,0
143275,143280,143431,151,5
143277,143278,143461,183,1
143373,143373,143558,185,0
143368,143368,143558,190,0
143377,143378,143558,180,1
143416,143416,143561,145,0
143388,143388,143563,175,0
143422,143422,143581,159,0
143413,143413,143584,171,0
143408,143408,143585,177,0
143411,143411,143591,180,0
143415,143415,143592,177,0
143419,143419,143593,174,0
143435,143435,143593,158,0
143399,143399,143634,235,0
143463,143463,143637,174,0
143385,143385,143648,263,0
143404,143408,143658,250,4
143380,143380,143659,279,0
143371,143371,143659,288,0
143376,143376,143660,284,0
143366,143366,143684,318,0
143562,143562,143723,161,0
143561,143561,143735,174,0
143566,143566,143737,171,0
143564,143564,143738,174,0
143587,143587,143747,160,0
143597,143597,143759,162,0
143586,143586,143762,176,0
143603,143603,143764,161,0
143565,143565,143772,207,0
143583,143583,143783,200,0
143599,143599,143796,197,0
143594,143595,143797,202,1
143637,143639,143803,164,2
143659,143659,143812,153,0
143640,143640,143824,184,0
143663,143663,143824,161,0
143661,143661,143837,176,0
143687,143687,143840,153,0
143649,143649,143841,192,0
143666,143666,143841,175,0
143725,143725,143900,175,0
143737,143737,143901,164,0
143740,143740,143902,162,0
143748,143748,143903,155,0
143764,143764,143926,162,0
143738,143739,143933,194,1
143761,143761,143955,194,0
143787,143787,143956,169,0
143775,143775,143959,184,0
143766,143766,143967,201,0
143799,143799,143968,169,0
143841,143841,143977,136,0
143827,143827,143980,153,0
143801,143801,143991,190,0
143805,143805,143992,187,0
143816,143816,144014,198,0
143826,143826,144014,188,0
143840,143840,144014,174,0
143845,143845,144015,170,0
143847,143847,144076,229,0
143982,143982,144142,160,0
143973,143973,144144,171,0
143998,143998,144144,146,0
143963,143963,144146,183,0
143961,143961,144170,209,0
143980,143980,144170,190,0
144016,144016,144171,155,0
144021,144021,144178,157,0
143996,143996,144184,188,0
143902,143902,144183,281,0
143970,143970,144184,214,0
144024,144029,144184,155,5
144018,144018,144188,170,0
144078,144078,144207,129,0
143906,143906,144236,330,0
143908,143908,144242,334,0
143903,143903,144242,339,0
143928,143929,144242,313,1
143934,143935,144243,308,1
143958,143958,144243,285,0
144150,144150,144300,150,0
144146,144146,144304,158,0
144246,144246,144370,124,0
144144,144144,144372,228,0
144148,144148,144372,224,0
144248,144248,144381,133,0
144243,144243,144383,140,0
144249,144250,144386,136,1
144244,144244,144389,145,0
144188,144189,144392,203,1
144194,144194,144391,197,0
144180,144180,144393,213,0
144240,144241,144394,153,1
144208,144208,144394,186,0
144306,144306,144453,147,0
144303,144303,144470,167,0
144173,144173,144495,322,0
144191,144191,144495,304,0
144198,144198,144495,297,0
144178,144178,144496,318,0
144181,144181,144496,315,0
144186,144186,144497,311,0
144372,144372,144518,146,0
144396,144396,144534,138,0
144395,144395,144544,149,0
144401,144402,144562,160,1
144392,144392,144562,170,0
144387,144387,144570,183,0
144384,144384,144576,192,0
144389,144389,144577,188,0
144373,144373,144577,204,0
144394,144394,144577,183,0
144399,144399,144578,179,0
144375,144375,144595,220,0
144471,144471,144639,168,0
144500,144500,144641,141,0
144457,144457,144653,196,0
144520,144520,144701,181,0
144545,144545,144715,170,0
144498,144498,144715,217,0
144502,144502,144716,214,0
144506,144506,144715,209,0
144537,144538,144716,178,1
144499,144499,144717,218,0
144504,144504,144717,213,0
144583,144583,144742,159,0
144565,144565,144742,177,0
144579,144579,144743,164,0
144656,144656,144785,129,0
144644,144645,144787,142,1
144642,144642,144787,145,0
144573,144573,144840,267,0
144598,144598,144840,242,0
144586,144586,144841,255,0
144563,144564,144848,284,1
144581,144581,144847,266,0
144578,144578,144851,273,0
144720,144720,144864,144,0
144725,144725,144869,144,0
144717,144717,144870,153,0
144721,144721,144870,149,0
144744,144745,144882,137,1
144788,144788,144933,145,0
144743,144746,144935,189,3
144792,144792,144936,144,0
144705,144705,144956,251,0
144716,144716,144957,241,0
144719,144719,144956,237,0
144723,144723,144957,234,0
144747,144747,144957,210,0
144790,144790,144957,167,0
144845,144845,144987,142,0
144853,144854,144986,132,1
144852,144852,145019,167,0
144846,144846,145020,174,0
144873,144874,145035,161,1
144871,144871,145036,165,0
144876,144876,145036,160,0
144868,144868,145036,168,0
144884,144887,145053,166,3
144843,144843,145057,214,0
144850,144850,145057,207,0
144962,144962,145102,140,0
144960,144960,145108,148,0
144991,144991,145122,131,0
144965,144965,145124,159,0
144942,144942,145166,224,0
144939,144939,145167,228,0
144988,144988,145167,179,0
144935,144935,145169,234,0
144958,144958,145169,211,0
144959,144959,145169,210,0
144964,144964,145170,206,0
145022,145022,145172,150,0
145020,145020,145185,165,0
145037,145037,145192,155,0
145061,145064,145197,133,3
145044,145044,145201,157,0
145039,145039,145206,167,0
145063,145063,145210,147,0
145057,145057,145216,159,0
145041,145041,145222,181,0
145109,145110,145245,135,1
145128,145128,145275,147,0
145173,145173,145315,142,0
145106,145106,145336,230,0
145125,145125,145336,211,0
145213,145213,145352,139,0
145208,145209,145361,152,1
145184,145184,145376,192,0
145174,145174,145377,203,0
145170,145170,145379,209,0
145248,145249,145380,131,1
145179,145179,145381,202,0
145195,145195,145383,188,0
145220,145221,145385,164,1
145226,145227,145385,158,1
145278,145278,145436,158,0
145318,145318,145455,137,0
145340,145340,145484,144,0
145171,145172,145496,324,1
145204,145204,145497,293,0
145176,145177,145497,320,1
145188,145188,145497,309,0
145199,145199,145497,298,0
145182,145182,145498,316,0
145338,145339,145507,168,1
145363,145363,145536,173,0
145354,145354,145540,186,0
145385,145385,145541,156,0
145394,145394,145558,164,0
145388,145388,145569,181,0
145383,145383,145571,188,0
145378,145379,145575,196,1
145438,145438,145583,145,0
145391,145392,145595,203,1
145457,145457,145608,151,0
145381,145381,145609,228,0
145386,145386,145609,223,0
145506,145506,145645,139,0
145505,145505,145646,141,0
145500,145500,145647,147,0
145501,145502,145648,146,1
145486,145486,145657,171,0
145538,145538,145683,145,0
145544,145544,145682,138,0
145499,145499,145683,184,0
145510,145510,145684,174,0
145503,145503,145700,197,0
145542,145542,145703,161,0
145575,145575,145713,138,0
145562,145565,145731,166,3
145615,145615,145763,148,0
145610,145610,145767,157,0
145580,145580,145790,210,0
145648,145651,145799,148,3
145599,145599,145802,203,0
145612,145612,145802,190,0
145588,145588,145805,217,0
145653,145653,145810,157,0
145572,145572,145810,238,0
145655,145655,145811,156,0
145657,145657,145816,159,0
145661,145661,145842,181,0
145686,145686,145882,196,0
145702,145703,145882,179,1
145692,145698,145883,185,6
145734,145734,145884,150,0
145716,145716,145884,168,0
145706,145706,145887,181,0
145688,145688,145889,201,0
145769,145769,145902,133,0
145695,145695,145904,209,0
145766,145766,145927,161,0
145820,145820,145964,144,0
145814,145814,145967,153,0
145818,145818,145968,150,0
145816,145817,145968,151,1
145807,145807,145969,162,0
145844,145844,145974,130,0
145805,145805,145980,175,0
145809,145809,145986,177,0
145800,145800,146002,202,0
145794,145794,146005,211,0
145895,145895,146063,168,0
145905,145905,146071,166,0
145901,145901,146075,174,0
145903,145904,146075,171,1
145907,145908,146078,170,1
145893,145893,146082,189,0
145902,145902,146082,180,0
145888,145888,146091,203,0
145898,145898,146094,196,0
145929,145929,146121,192,0
145971,145971,146154,183,0
145976,145976,146155,179,0
145982,145982,146159,177,0
146006,146006,146163,157,0
145985,145985,146207,222,0
145990,145990,146207,217,0
146005,146005,146207,202,0
145968,145968,146211,243,0
145979,145979,146210,231,0
145973,145973,146212,239,0
146096,146096,146258,162,0
146077,146077,146261,184,0
146084,146084,146267,183,0
146091,146091,146267,176,0
146080,146080,146300,220,0
146075,146075,146302,227,0
146163,146164,146304,140,1
146161,146161,146304,143,0
146094,146094,146311,217,0
146158,146158,146313,155,0
146087,146087,146314,227,0
146068,146069,146314,245,1
146124,146124,146315,191,0
146165,146165,146320,155,0
146219,146219,146351,132,0
146214,146214,146354,140,0
146213,146213,146354,141,0
146221,146221,146357,136,0
146217,146217,146369,152,0
146212,146212,146371,159,0
146264,146265,146417,152,1
146272,146272,146424,152,0
146269,146270,146474,204,1
146261,146261,146476,215,0
146316,146317,146494,177,1
146326,146326,146497,171,0
146323,146323,146503,180,0
146320,146320,146502,182,0
146372,146372,146505,133,0
146356,146359,146505,146,3
146361,146362,146505,143,1
146374,146375,146519,144,1
146353,146353,146520,167,0
146359,146359,146521,162,0
146420,146421,146585,164,1
146427,146428,146603,175,1
146478,146478,146614,136,0
146302,146302,146622,320,0
146304,146305,146622,317,1
146308,146308,146622,314,0
146312,146312,146622,310,0
146314,146317,146623,306,3
146318,146319,146622,303,1
146522,146522,146659,137,0
146480,146480,146667,187,0
146507,146507,146676,169,0
146512,146512,146681,169,0
146499,146499,146683,184,0
146525,146525,146686,161,0
146504,146505,146734,229,1
146515,146515,146743,228,0
146588,146588,146762,174,0
146509,146509,146769,260,0
146521,146522,146773,251,1
146497,146497,146777,280,0
146624,146624,146798,174,0
146609,146609,146799,190,0
146616,146617,146799,182,1
146627,146628,146799,171,1
146631,146631,146799,168,0
146633,146633,146811,178,0
146661,146661,146812,151,0
146625,146626,146822,196,1
146629,146629,146824,195,0
146678,146678,146833,155,0
146687,146688,146833,145,1
146690,146690,146872,182,0
146738,146738,146876,138,0
146685,146685,146881,196,0
146745,146745,146882,137,0
146671,146671,146884,213,0
146766,146766,146955,189,0
146771,146772,146956,184,1
146888,146889,147011,122,1
146775,146775,147020,245,0
146782,146782,147021,239,0
146838,146838,147021,183,0
146817,146817,147023,206,0
146842,146842,147024,182,0
146827,146827,147029,202,0
146810,146810,147031,221,0
146874,146874,147044,170,0
146879,146879,147044,165,0
146884,146885,147044,159,1
146887,146887,147044,157,0
146958,146958,147091,133,0
146961,146962,147112,150,1
146805,146805,147128,323,0
146801,146802,147130,328,1
146808,146808,147130,322,0
146814,146817,147130,313,3
146829,146829,147130,301,0
146812,146817,147132,315,5
147027,147027,147174,147,0
147032,147032,147174,142,0
147029,147029,147196,167,0
147049,147049,147201,152,0
147024,147024,147202,178,0
147054,147054,147205,151,0
147057,147057,147216,159,0
147030,147031,147217,186,1
147052,147052,147216,164,0
147013,147013,147217,204,0
147035,147036,147217,181,1
147033,147034,147218,184,1
147095,147096,147274,178,1
147114,147114,147285,171,0
147133,147133,147299,166,0
147140,147140,147300,160,0
147134,147135,147304,169,1
147138,147138,147305,167,0
147143,147143,147310,167,0
147136,147136,147313,177,0
147179,147179,147320,141,0
147177,147178,147350,172,1
147227,147227,147397,170,0
147221,147221,147398,177,0
147232,147233,147403,170,1
147204,147205,147404,199,1
147212,147212,147403,191,0
147276,147276,147420,144,0
147218,147220,147435,215,2
147210,147210,147440,230,0
147224,147224,147441,217,0
147229,147229,147444,215,0
147200,147200,147446,246,0
147304,147304,147471,167,0
147307,147307,147472,165,0
147289,147289,147473,184,0
147313,147316,147474,158,3
147316,147316,147475,159,0
147319,147319,147477,158,0
147310,147310,147483,173,0
142625,142627,150268,7641,2
150283,150286,152464,2178,3
152424,152424,152489,65,0
152462,152465,152539,74,3
152753,152753,154260,1507,0
155001,155003,156870,1867,2
156875,156877,158863,1986,2
160235,160235,160236,1,0
160236,160236,160237,1,0
162500,162500,162501,1,0
162501,162501,162502,1,0
162504,162504,162505,1,0
162507,162507,162508,1,0
162510,162510,162511,1,0
162511,162511,162512,1,0
162514,162514,162515,1,0
162517,162517,162518,1,0
162520,162520,162521,1,0
162521,162521,162522,1,0
162525,162525,162526,1,0
162528,162528,162529,1,0
162529,162529,162530,1,0
162531,162531,162532,1,0
162532,162532,162533,1,0
162535,162535,162536,1,0
162538,162538,162539,1,0
162541,162541,162542,1,0
162542,162542,162543,1,0
162545,162545,162546,1,0
162548,162548,162549,1,0
162551,162551,162552,1,0
162552,162552,162553,1,0
162555,162555,162556,1,0
162558,162558,162559,1,0
162561,162561,162562,1,0
162564,162564,162565,1,0
162565,162565,162566,1,0
162568,162568,162569,1,0
162571,162571,162572,1,0
162574,162574,162575,1,0
162575,162575,162576,1,0
162578,162578,162579,1,0
162581,162581,162582,1,0
162584,162584,162585,1,0
162587,162587,162588,1,0
162588,162588,162589,1,0
162591,162591,162592,1,0
162594,162594,162595,1,0
162597,162597,162598,1,0
162598,162598,162599,1,0
162601,162601,162602,1,0
162604,162604,162605,1,0
162607,162607,162608,1,0
162610,162610,162611,1,0
162611,162611,162612,1,0
162614,162614,162615,1,0
162617,162617,162618,1,0
162620,162620,162621,1,0
162621,162621,162622,1,0
162624,162624,162625,1,0
162627,162627,162628,1,0
162630,162630,162631,1,0
162634,162634,162635,1,0
162637,162637,162638,1,0
162640,162640,162641,1,0
162643,162643,162644,1,0
162644,162644,162645,1,0
162647,162647,162648,1,0
162651,162651,162652,1,0
162654,162654,162655,1,0
162657,162657,162658,1,0
162662,162662,162663,1,0
162665,162665,162666,1,0
162668,162668,162669,1,0
162671,162671,162672,1,0
162674,162674,162675,1,0
162678,162678,162679,1,0
162681,162681,162682,1,0
162684,162684,162685,1,0
158867,158869,163095,4226,2
163099,163101,163492,391,2
164142,164142,164143,1,0
164145,164145,164146,1,0
164148,164148,164149,1,0
164149,164149,164150,1,0
164152,164152,164153,1,0
164155,164155,164156,1,0
164156,164156,164157,1,0
164159,164159,164160,1,0
164162,164162,164163,1,0
164163,164163,164164,1,0
164166,164166,164167,1,0
164169,164169,164170,1,0
164172,164172,164173,1,0
164175,164175,164176,1,0
164176,164176,164177,1,0
164179,164179,164180,1,0
164182,164182,164183,1,0
164185,164185,164186,1,0
164186,164186,164187,1,0
164189,164189,164190,1,0
164192,164192,164193,1,0
164195,164195,164196,1,0
164196,164196,164197,1,0
164198,164198,164199,1,0
164199,164199,164200,1,0
164202,164202,164203,1,0
164205,164205,164206,1,0
164209,164209,164210,1,0
164212,164212,164213,1,0
164215,164215,164216,1,0
164218,164218,164219,1,0
164219,164219,164220,1,0
164222,164222,164223,1,0
164225,164225,164226,1,0
164228,164228,164229,1,0
164232,164232,164233,1,0
164235,164235,164236,1,0
164236,164236,164237,1,0
164239,164239,164240,1,0
164242,164242,164243,1,0
164245,164245,164246,1,0
164246,164246,164247,1,0
164249,164249,164250,1,0
164252,164252,164253,1,0
164255,164255,164256,1,0
164256,164256,164257,1,0
164259,164259,164260,1,0
164262,164262,164263,1,0
164263,164263,164264,1,0
164266,164266,164267,1,0
164269,164269,164270,1,0
164270,164270,164271,1,0
164273,164273,164274,1,0
164276,164276,164277,1,0
164277,164277,164278,1,0
164280,164280,164281,1,0
164283,164283,164284,1,0
164284,164284,164285,1,0
164287,164287,164288,1,0
164290,164290,164291,1,0
164293,164293,164294,1,0
164294,164294,164295,1,0
164297,164297,164298,1,0
164300,164300,164301,1,0
164303,164303,164304,1,0
164306,164306,164307,1,0
164307,164307,164308,1,0
164310,164310,164311,1,0
164313,164313,164314,1,0
164316,164316,164317,1,0
164317,164317,164318,1,0
164321,164321,164322,1,0
164324,164324,164325,1,0
164327,164327,164328,1,0
165210,165210,165211,1,0
165211,165211,165212,1,0
165212,165212,165213,1,0
165215,165215,165216,1,0
165216,165216,165217,1,0
165219,165219,165220,1,0
165220,165220,165221,1,0
165225,165225,165226,1,0
165226,165226,165227,1,0
165229,165229,165230,1,0
165230,165230,165231,1,0
165233,165233,165234,1,0
165234,165234,165235,1,0
165238,165238,165239,1,0
165239,165239,165240,1,0
165242,165242,165243,1,0
165243,165243,165244,1,0
165247,165247,165248,1,0
165248,165248,165249,1,0
165252,165252,165253,1,0
165253,165253,165254,1,0
165256,165256,165257,1,0
165257,165257,165258,1,0
165260,165260,165261,1,0
165261,165261,165262,1,0
165264,165264,165265,1,0
165265,165265,165266,1,0
165268,165268,165269,1,0
165269,165269,165270,1,0
165273,165273,165274,1,0
165276,165276,165277,1,0
165277,165277,165278,1,0
165281,165281,165282,1,0
165284,165284,165285,1,0
165285,165285,165286,1,0
165289,165289,165290,1,0
165290,165290,165291,1,0
165293,165293,165294,1,0
165294,165294,165295,1,0
165297,165297,165298,1,0
165298,165298,165299,1,0
165301,165301,165302,1,0
165302,165302,165303,1,0
165305,165305,165306,1,0
165306,165306,165307,1,0
165307,165307,165308,1,0
165308,165308,165309,1,0
165311,165311,165312,1,0
165312,165312,165313,1,0
165315,165315,165316,1,0
165316,165316,165317,1,0
165320,165320,165321,1,0
165321,165321,165322,1,0
165324,165324,165325,1,0
165325,165325,165326,1,0
165328,165328,165329,1,0
165329,165329,165330,1,0
165332,165332,165333,1,0
165334,165334,165335,1,0
165337,165337,165338,1,0
165338,165338,165339,1,0
165342,165342,165343,1,0
165343,165343,165344,1,0
165346,165346,165347,1,0
165347,165347,165348,1,0
165350,165350,165351,1,0
165351,165351,165352,1,0
165354,165354,165355,1,0
165355,165355,165356,1,0
165359,165359,165360,1,0
165363,165363,165364,1,0
165367,165367,165368,1,0
165371,165371,165372,1,0
165375,165375,165376,1,0
165376,165376,165377,1,0
165379,165379,165380,1,0
163524,163526,171111,7585,2
171129,171131,173222,2091,2
173221,173224,173290,66,3
174109,174111,176254,2143,2
176258,176260,178636,2376,2
178639,178641,182401,3760,2
182405,182407,182926,519,2
182959,182961,190497,7536,2
190512,190514,192198,1684,2
192197,192200,192263,63,3
192977,192979,194946,1967,2
194951,194953,196641,1688,2
196646,196649,200547,3898,3
200555,200557,201180,623,2
201218,201220,208758,7538,2
208769,208771,210783,2012,2
210781,210784,210838,54,3
211589,211591,213654,2063,2
213660,213662,215286,1624,2
215977,215978,216003,25,1
216035,216036,216061,25,1
216095,216096,216120,24,1
216152,216153,216174,21,1
215292,215294,219506,4212,2
219512,219514,219910,396,2
219944,219946,227536,7590,2
227554,227556,229777,2221,2
229775,229778,229890,112,3
230568,230570,232398,1828,2
232492,232493,232743,250,1
233333,233334,233468,134,1
234337,234338,234493,155,1
232405,232407,234595,2188,2
234896,234897,235161,264,1
236620,236620,237001,381,0
234606,234608,238239,3631,2
238247,238249,238601,352,2
241269,241270,242100,830,1
238651,238653,246300,7647,2
246313,246316,248460,2144,3
248458,248461,248524,63,3
249627,249629,251558,1929,2
251564,251566,253800,2234,2
253806,253809,257700,3891,3
257705,257707,258359,652,2
258395,258397,266022,7625,2
266036,266038,268171,2133,2
268170,268172,268231,59,2
293243,293243,293626,383,0
295306,295306,295308,2,0
295306,295306,295308,2,0
295306,295306,295308,2,0
295306,295306,295308,2,0
295306,295306,295308,2,0
295306,295306,295308,2,0
295306,295306,295309,3,0
295306,295306,295309,3,0
295306,295306,295309,3,0
295306,295306,295309,3,0
295306,295306,295309,3,0
295306,295306,295309,3,0
295306,295306,295309,3,0
295306,295306,295309,3,0
295306,295306,295309,3,0
295306,295306,295309,3,0
295306,295306,295309,3,0
295306,295306,295308,2,0
295306,295306,295309,3,0
295306,295306,295309,3,0
295306,295306,295309,3,0
295306,295306,295308,2,0
295306,295306,295308,2,0
295306,295306,295309,3,0
295306,295306,295309,3,0
295306,295306,295309,3,0
295306,295306,295309,3,0
295306,295306,295309,3,0
295306,295306,295309,3,0
295306,295306,295309,3,0
295306,295306,295310,4,0
295306,295306,295309,3,0
295311,295311,295313,2,0
295311,295311,295313,2,0
295311,295311,295313,2,0
295311,295311,295313,2,0
295311,295311,295313,2,0
295311,295311,295313,2,0
295311,295311,295314,3,0
295311,295311,295314,3,0
295311,295311,295314,3,0
295311,295311,295313,2,0
295311,295311,295314,3,0
295311,295311,295313,2,0
295311,295311,295314,3,0
295311,295311,295314,3,0
295311,295311,295314,3,0
295311,295311,295314,3,0
295311,295311,295313,2,0
295311,295311,295314,3,0
295311,295311,295314,3,0
295311,295311,295314,3,0
295311,295311,295314,3,0
295311,295311,295314,3,0
295311,295311,295314,3,0
295311,295311,295314,3,0
295311,295311,295314,3,0
295311,295311,295314,3,0
295311,295311,295314,3,0
295311,295311,295314,3,0
295311,295311,295314,3,0
295311,295311,295314,3,0
295311,295311,295314,3,0
295311,295311,295314,3,0
295316,295316,295318,2,0
295316,295316,295319,3,0
295316,295316,295319,3,0
295316,295316,295319,3,0
295316,295316,295319,3,0
295316,295316,295319,3,0
295316,295316,295319,3,0
295316,295316,295319,3,0
295316,295316,295319,3,0
295316,295316,295319,3,0
295316,295316,295319,3,0
295316,295316,295319,3,0
295316,295316,295319,3,0
295316,295316,295319,3,0
295316,295316,295319,3,0
295316,295316,295319,3,0
295316,295316,295319,3,0
295316,295316,295319,3,0
295316,295316,295319,3,0
295316,295316,295319,3,0
295316,295316,295319,3,0
295316,295316,295319,3,0
295316,295316,295319,3,0
295316,295316,295319,3,0
295316,295316,295319,3,0
295316,295316,295319,3,0
295316,295316,295319,3,0
295316,295316,295319,3,0
295316,295316,295319,3,0
295316,295316,295319,3,0
295316,295316,295320,4,0
295316,295316,295320,4,0
295321,295321,295323,2,0
295321,295321,295323,2,0
295321,295321,295323,2,0
295321,295321,295323,2,0
295321,295321,295323,2,0
295321,295321,295323,2,0
295321,295321,295323,2,0
295321,295321,295323,2,0
295321,295321,295323,2,0
295321,295321,295324,3,0
295321,295321,295324,3,0
295321,295321,295323,2,0
295321,295321,295324,3,0
295321,295321,295324,3,0
295321,295321,295323,2,0
295321,295321,295324,3,0
295321,295321,295324,3,0
295321,295321,295324,3,0
295321,295321,295323,2,0
295321,295321,295324,3,0
295321,295321,295324,3,0
295321,295321,295324,3,0
295321,295321,295324,3,0
295321,295321,295324,3,0
295321,295321,295323,2,0
295321,295321,295324,3,0
295321,295321,295324,3,0
295321,295321,295324,3,0
295321,295321,295324,3,0
295321,295321,295324,3,0
295321,295321,295324,3,0
295321,295321,295324,3,0
295326,295326,295328,2,0
295326,295326,295327,1,0
295326,295326,295327,1,0
295326,295326,295327,1,0
295326,295326,295327,1,0
295326,295326,295328,2,0
295326,295326,295328,2,0
295326,295326,295328,2,0
295326,295326,295328,2,0
295326,295326,295328,2,0
295326,295326,295328,2,0
295326,295326,295328,2,0
295326,295326,295328,2,0
295326,295326,295328,2,0
295326,295326,295328,2,0
295326,295326,295328,2,0
295326,295326,295329,3,0
295326,295326,295328,2,0
295326,295326,295328,2,0
295326,295326,295328,2,0
295326,295326,295328,2,0
295326,295326,295328,2,0
295326,295326,295328,2,0
295326,295326,295328,2,0
295326,295326,295328,2,0
295326,295326,295328,2,0
295326,295326,295328,2,0
295326,295326,295328,2,0
295326,295326,295328,2,0
295326,295326,295328,2,0
295326,295326,295328,2,0
295326,295326,295328,2,0
295330,295330,295332,2,0
295330,295330,295331,1,0
295330,295330,295332,2,0
295330,295330,295331,1,0
295330,295330,295331,1,0
295330,295330,295332,2,0
295330,295330,295332,2,0
295330,295330,295331,1,0
295330,295330,295332,2,0
295330,295330,295332,2,0
295330,295330,295332,2,0
295330,295330,295332,2,0
295330,295330,295332,2,0
295330,295330,295332,2,0
295330,295330,295332,2,0
295330,295330,295332,2,0
295330,295330,295332,2,0
295330,295330,295332,2,0
295330,295330,295332,2,0
295330,295330,295332,2,0
295330,295330,295332,2,0
295330,295330,295332,2,0
295330,295330,295332,2,0
295330,295330,295332,2,0
295330,295330,295332,2,0
295330,295330,295332,2,0
295330,295330,295332,2,0
295330,295330,295332,2,0
295330,295330,295332,2,0
295330,295330,295332,2,0
295330,295330,295332,2,0
295330,295330,295332,2,0
295334,295334,295336,2,0
295334,295334,295336,2,0
295334,295334,295336,2,0
295334,295334,295335,1,0
295334,295334,295335,1,0
295334,295334,295336,2,0
295334,295334,295336,2,0
295334,295334,295336,2,0
295334,295334,295336,2,0
295334,295334,295336,2,0
295334,295334,295336,2,0
295334,295334,295336,2,0
295334,295334,295336,2,0
295334,295334,295336,2,0
295334,295334,295336,2,0
295334,295334,295336,2,0
295334,295334,295336,2,0
295334,295334,295336,2,0
295334,295334,295336,2,0
295334,295334,295336,2,0
295334,295334,295336,2,0
295334,295334,295336,2,0
295334,295334,295336,2,0
295334,295334,295336,2,0
295334,295334,295336,2,0
295334,295334,295336,2,0
295334,295334,295337,3,0
295334,295334,295336,2,0
295334,295334,295336,2,0
295334,295334,295336,2,0
295334,295334,295336,2,0
295334,295334,295336,2,0
295338,295338,295340,2,0
295338,295338,295340,2,0
295338,295338,295339,1,0
295338,295338,295340,2,0
295338,295338,295340,2,0
295338,295338,295339,1,0
295338,295338,295340,2,0
295338,295338,295340,2,0
295338,295338,295340,2,0
295338,295338,295340,2,0
295338,295338,295340,2,0
295338,295338,295340,2,0
295338,295338,295340,2,0
295338,295338,295340,2,0
295338,295338,295340,2,0
295338,295338,295340,2,0
295338,295338,295340,2,0
295338,295338,295340,2,0
295338,295338,295340,2,0
295338,295338,295340,2,0
295338,295338,295340,2,0
295338,295338,295340,2,0
295338,295338,295340,2,0
295338,295338,295340,2,0
295338,295338,295340,2,0
295338,295338,295340,2,0
295338,295338,295340,2,0
295338,295338,295340,2,0
295338,295338,295341,3,0
295338,295338,295340,2,0
295338,295338,295340,2,0
295338,295338,295341,3,0
295343,295343,295344,1,0
295343,295343,295345,2,0
295343,295343,295344,1,0
295343,295343,295345,2,0
295343,295343,295345,2,0
295343,295343,295345,2,0
295343,295343,295345,2,0
295343,295343,295345,2,0
295343,295343,295345,2,0
295343,295343,295345,2,0
295343,295343,295345,2,0
295343,295343,295345,2,0
295343,295343,295345,2,0
295343,295343,295345,2,0
295343,295343,295345,2,0
295343,295343,295345,2,0
295343,295343,295345,2,0
295343,295343,295345,2,0
295343,295343,295345,2,0
295343,295343,295345,2,0
295343,295343,295345,2,0
295343,295343,295345,2,0
295343,295343,295345,2,0
295343,295343,295345,2,0
295343,295343,295345,2,0
295343,295343,295346,3,0
295343,295343,295346,3,0
295343,295343,295346,3,0
295343,295343,295346,3,0
295343,295343,295346,3,0
295343,295343,295346,3,0
295343,295343,295346,3,0
295350,295351,295353,2,1
295350,295351,295353,2,1
295350,295351,295352,1,1
295350,295351,295352,1,1
295350,295351,295353,2,1
295350,295351,295353,2,1
295350,295351,295353,2,1
295350,295351,295353,2,1
295350,295351,295353,2,1
295350,295351,295353,2,1
295350,295351,295353,2,1
295350,295351,295353,2,1
295350,295351,295354,3,1
295350,295351,295353,2,1
295350,295351,295353,2,1
295350,295351,295353,2,1
295350,295351,295353,2,1
295350,295351,295353,2,1
295350,295351,295353,2,1
295350,295351,295353,2,1
295350,295351,295353,2,1
295350,295351,295353,2,1
295350,295351,295353,2,1
295350,295351,295353,2,1
295350,295351,295354,3,1
295350,295351,295353,2,1
295350,295351,295353,2,1
295350,295351,295353,2,1
295350,295351,295353,2,1
295350,295351,295353,2,1
295350,295351,295353,2,1
295350,295351,295354,3,1
295355,295355,295357,2,0
295355,295355,295357,2,0
295355,295355,295357,2,0
295355,295355,295359,4,0
295355,295355,295359,4,0
295355,295355,295359,4,0
295355,295355,295359,4,0
295355,295355,295359,4,0
295355,295355,295359,4,0
295355,295355,295359,4,0
295355,295355,295359,4,0
295355,295355,295359,4,0
295355,295355,295359,4,0
295355,295355,295359,4,0
295355,295355,295359,4,0
295355,295355,295359,4,0
295355,295355,295359,4,0
295355,295355,295359,4,0
295355,295355,295359,4,0
295355,295355,295359,4,0
295355,295355,295359,4,0
295355,295355,295359,4,0
295355,295355,295359,4,0
295355,295355,295359,4,0
295355,295355,295359,4,0
295355,295355,295359,4,0
295355,295355,295359,4,0
295355,295355,295359,4,0
295355,295355,295359,4,0
295355,295355,295359,4,0
295355,295355,295360,5,0
295355,295355,295360,5,0
295361,295362,295363,1,1
295361,295362,295363,1,1
295361,295362,295363,1,1
295361,295362,295364,2,1
295361,295362,295364,2,1
295361,295362,295364,2,1
295361,295362,295364,2,1
295361,295362,295364,2,1
295361,295362,295364,2,1
295361,295362,295364,2,1
295361,295362,295365,3,1
295361,295362,295364,2,1
295361,295362,295364,2,1
295361,295362,295364,2,1
295361,295362,295364,2,1
295361,295362,295364,2,1
295361,295362,295364,2,1
295361,295362,295364,2,1
295361,295362,295364,2,1
295361,295362,295364,2,1
295361,295362,295364,2,1
295361,295362,295364,2,1
295361,295362,295364,2,1
295361,295362,295364,2,1
295361,295362,295364,2,1
295361,295362,295364,2,1
295361,295362,295364,2,1
295361,295362,295364,2,1
295361,295362,295365,3,1
295361,295362,295364,2,1
295361,295362,295364,2,1
295361,295362,295365,3,1
295367,295367,295368,1,0
295367,295367,295369,2,0
295367,295367,295369,2,0
295367,295367,295369,2,0
295367,295367,295369,2,0
295367,295367,295369,2,0
295367,295367,295369,2,0
295367,295367,295369,2,0
295367,295367,295369,2,0
295367,295367,295369,2,0
295367,295367,295369,2,0
295367,295367,295369,2,0
295367,295367,295369,2,0
295367,295367,295369,2,0
295367,295367,295369,2,0
295367,295367,295370,3,0
295367,295367,295370,3,0
295367,295367,295369,2,0
295367,295367,295370,3,0
295367,295367,295369,2,0
295367,295367,295370,3,0
295367,295367,295370,3,0
295367,295367,295369,2,0
295367,295367,295369,2,0
295367,295367,295369,2,0
295367,295367,295369,2,0
295367,295367,295369,2,0
295367,295367,295369,2,0
295367,295367,295370,3,0
295367,295367,295370,3,0
295367,295367,295370,3,0
295367,295367,295370,3,0
295372,295372,295374,2,0
295372,295372,295373,1,0
295372,295372,295373,1,0
295372,295372,295374,2,0
295372,295372,295374,2,0
295372,295372,295374,2,0
295372,295372,295375,3,0
295372,295372,295374,2,0
295372,295372,295374,2,0
295372,295372,295374,2,0
295372,295372,295374,2,0
295372,295372,295375,3,0
295372,295372,295375,3,0
295372,295372,295374,2,0
295372,295372,295374,2,0
295372,295372,295375,3,0
295372,295372,295375,3,0
295372,295372,295374,2,0
295372,295372,295375,3,0
295372,295372,295374,2,0
295372,295372,295374,2,0
295372,295372,295374,2,0
295372,295372,295374,2,0
295372,295372,295375,3,0
295372,295372,295375,3,0
295372,295372,295374,2,0
295372,295372,295375,3,0
295372,295372,295374,2,0
295372,295372,295375,3,0
295372,295372,295375,3,0
295372,295372,295374,2,0
295372,295372,295375,3,0
295377,295377,295379,2,0
295377,295377,295379,2,0
295377,295377,295379,2,0
295377,295377,295379,2,0
295377,295377,295379,2,0
295377,295377,295379,2,0
295377,295377,295379,2,0
295377,295377,295379,2,0
295377,295377,295379,2,0
295377,295377,295380,3,0
295377,295377,295379,2,0
295377,295377,295380,3,0
295377,295377,295380,3,0
295377,295377,295380,3,0
295377,295377,295379,2,0
295377,295377,295379,2,0
295377,295377,295379,2,0
295377,295377,295379,2,0
295377,295377,295379,2,0
295377,295377,295379,2,0
295377,295377,295379,2,0
295377,295377,295380,3,0
295377,295377,295379,2,0
295377,295377,295380,3,0
295377,295377,295379,2,0
295377,295377,295379,2,0
295377,295377,295380,3,0
295377,295377,295379,2,0
295377,295377,295379,2,0
295377,295377,295380,3,0
295377,295377,295380,3,0
295377,295377,295379,2,0
295381,295381,295382,1,0
295381,295381,295383,2,0
295381,295381,295383,2,0
295381,295381,295383,2,0
295381,295381,295384,3,0
295381,295381,295383,2,0
295381,295381,295383,2,0
295381,295381,295383,2,0
295381,295381,295383,2,0
295381,295381,295383,2,0
295381,295381,295383,2,0
295381,295381,295383,2,0
295381,295381,295383,2,0
295381,295381,295383,2,0
295381,295381,295383,2,0
295381,295381,295384,3,0
295381,295381,295383,2,0
295381,295381,295383,2,0
295381,295381,295383,2,0
295381,295381,295383,2,0
295381,295381,295384,3,0
295381,295381,295384,3,0
295381,295381,295383,2,0
295381,295381,295383,2,0
295381,295381,295384,3,0
295381,295381,295383,2,0
295381,295381,295384,3,0
295381,295381,295383,2,0
295381,295381,295384,3,0
295381,295381,295385,4,0
295381,295381,295384,3,0
295381,295381,295384,3,0
295386,295386,295387,1,0
295386,295386,295388,2,0
295386,295386,295387,1,0
295386,295386,295388,2,0
295386,295386,295388,2,0
295386,295386,295388,2,0
295386,295386,295388,2,0
295386,295386,295388,2,0
295386,295386,295388,2,0
295386,295386,295389,3,0
295386,295386,295388,2,0
295386,295386,295388,2,0
295386,295386,295388,2,0
295386,295386,295388,2,0
295386,295386,295388,2,0
295386,295386,295389,3,0
295386,295386,295388,2,0
295386,295386,295388,2,0
295386,295386,295389,3,0
295386,295386,295389,3,0
295386,295386,295388,2,0
295386,295386,295389,3,0
295386,295386,295388,2,0
295386,295386,295388,2,0
295386,295386,295389,3,0
295386,295386,295388,2,0
295386,295386,295389,3,0
295386,295386,295389,3,0
295386,295386,295388,2,0
295386,295386,295389,3,0
295386,295386,295389,3,0
295386,295386,295388,2,0
295390,295390,295391,1,0
295390,295390,295391,1,0
295390,295390,295391,1,0
295390,295390,295392,2,0
295390,295390,295392,2,0
295390,295390,295392,2,0
295390,295390,295392,2,0
295390,295390,295392,2,0
295390,295390,295392,2,0
295390,295390,295393,3,0
295390,295390,295392,2,0
295390,295390,295392,2,0
295390,295390,295392,2,0
295390,295390,295393,3,0
295390,295390,295392,2,0
295390,295390,295392,2,0
295390,295390,295392,2,0
295390,295390,295393,3,0
295390,295390,295392,2,0
295390,295390,295393,3,0
295390,295390,295393,3,0
295390,295390,295393,3,0
295390,295390,295392,2,0
295390,295390,295392,2,0
295390,295390,295393,3,0
295390,295390,295394,4,0
295390,295390,295395,5,0
295390,295390,295395,5,0
295390,295390,295395,5,0
295390,295390,295395,5,0
295390,295390,295395,5,0
295390,295390,295395,5,0
295397,295397,295399,2,0
295397,295397,295399,2,0
295397,295397,295399,2,0
295397,295397,295399,2,0
295397,295397,295399,2,0
295397,295397,295399,2,0
295397,295397,295400,3,0
295397,295397,295400,3,0
295397,295397,295400,3,0
295397,295397,295400,3,0
295397,295397,295400,3,0
295397,295397,295400,3,0
295397,295397,295400,3,0
295397,295397,295400,3,0
295397,295397,295400,3,0
295397,295397,295400,3,0
295397,295397,295400,3,0
295397,295397,295400,3,0
295397,295397,295400,3,0
295397,295397,295400,3,0
295397,295397,295400,3,0
295397,295397,295400,3,0
295397,295397,295400,3,0
295397,295397,295400,3,0
295397,295397,295400,3,0
295397,295397,295400,3,0
295397,295397,295400,3,0
295397,295397,295400,3,0
295397,295397,295400,3,0
295397,295397,295400,3,0
295397,295397,295400,3,0
295397,295397,295401,4,0
295402,295402,295404,2,0
295402,295402,295404,2,0
295402,295402,295404,2,0
295402,295402,295405,3,0
295402,295402,295405,3,0
295402,295402,295405,3,0
295402,295402,295405,3,0
295402,295402,295405,3,0
295402,295402,295405,3,0
295402,295402,295405,3,0
295402,295402,295405,3,0
295402,295402,295405,3,0
295402,295402,295404,2,0
295402,295402,295405,3,0
295402,295402,295405,3,0
295402,295402,295405,3,0
295402,295402,295405,3,0
295402,295402,295405,3,0
295402,295402,295405,3,0
295402,295402,295405,3,0
295402,295402,295405,3,0
295402,295402,295405,3,0
295402,295402,295405,3,0
295402,295402,295405,3,0
295402,295402,295405,3,0
295402,295402,295404,2,0
295402,295402,295405,3,0
295402,295402,295405,3,0
295402,295402,295405,3,0
295402,295402,295405,3,0
295402,295402,295405,3,0
295402,295402,295405,3,0
295407,295407,295409,2,0
295407,295407,295409,2,0
295407,295407,295409,2,0
295407,295407,295410,3,0
295407,295407,295410,3,0
295407,295407,295410,3,0
295407,295407,295410,3,0
295407,295407,295410,3,0
295407,295407,295410,3,0
295407,295407,295410,3,0
295407,295408,295410,2,1
295407,295407,295410,3,0
295407,295407,295410,3,0
295407,295408,295410,2,1
295407,295407,295410,3,0
295407,295407,295410,3,0
295407,295407,295410,3,0
295407,295407,295410,3,0
295407,295408,295410,2,1
295407,295407,295410,3,0
295407,295407,295410,3,0
295407,295408,295410,2,1
295407,295407,295410,3,0
295407,295407,295410,3,0
295407,295408,295410,2,1
295407,295407,295410,3,0
295407,295407,295410,3,0
295407,295408,295410,2,1
295407,295408,295410,2,1
295407,295408,295410,2,1
295407,295407,295411,4,0
295407,295407,295411,4,0
295412,295412,295414,2,0
295412,295412,295414,2,0
295412,295412,295414,2,0
295412,295412,295414,2,0
295412,295412,295415,3,0
295412,295412,295415,3,0
295412,295412,295415,3,0
295412,295412,295415,3,0
295412,295412,295415,3,0
295412,295412,295415,3,0
295412,295412,295415,3,0
295412,295412,295415,3,0
295412,295412,295415,3,0
295412,295412,295415,3,0
295412,295412,295415,3,0
295412,295412,295415,3,0
295412,295412,295415,3,0
295412,295412,295415,3,0
295412,295412,295415,3,0
295412,295412,295415,3,0
295412,295412,295415,3,0
295412,295412,295415,3,0
295412,295412,295415,3,0
295412,295412,295415,3,0
295412,295412,295415,3,0
295412,295412,295415,3,0
295412,295412,295415,3,0
295412,295412,295415,3,0
295412,295412,295415,3,0
295412,295412,295415,3,0
295412,295412,295416,4,0
295412,295412,295416,4,0
295417,295418,295419,1,1
295417,295418,295419,1,1
295417,295418,295419,1,1
295417,295418,295419,1,1
295417,295418,295420,2,1
295417,295418,295420,2,1
295417,295418,295420,2,1
295417,295418,295420,2,1
295417,295418,295421,3,1
295417,295418,295420,2,1
295417,295418,295420,2,1
295417,295418,295420,2,1
295417,295418,295420,2,1
295417,295418,295421,3,1
295417,295418,295420,2,1
295417,295418,295420,2,1
295417,295418,295421,3,1
295417,295418,295420,2,1
295417,295418,295420,2,1
295417,295418,295421,3,1
295417,295418,295420,2,1
295417,295418,295420,2,1
295417,295418,295421,3,1
295417,295418,295420,2,1
295417,295418,295420,2,1
295417,295418,295420,2,1
295417,295418,295420,2,1
295417,295418,295421,3,1
295417,295418,295420,2,1
295417,295418,295420,2,1
295417,295418,295421,3,1
295417,295418,295421,3,1
295422,295422,295424,2,0
295422,295422,295424,2,0
295422,295422,295424,2,0
295422,295422,295424,2,0
295422,295423,295425,2,1
295422,295423,295425,2,1
295422,295422,295425,3,0
295422,295422,295425,3,0
295422,295423,295425,2,1
295422,295423,295425,2,1
295422,295423,295425,2,1
295422,295422,295425,3,0
295422,295422,295425,3,0
295422,295423,295425,2,1
295422,295422,295425,3,0
295422,295422,295425,3,0
295422,295423,295425,2,1
295422,295423,295425,2,1
295422,295422,295425,3,0
295422,295423,295425,2,1
295422,295423,295425,2,1
295422,295423,295425,2,1
295422,295423,295425,2,1
295422,295423,295425,2,1
295422,295423,295425,2,1
295422,295422,295426,4,0
295422,295422,295426,4,0
295422,295423,295426,3,1
295422,295422,295426,4,0
295422,295423,295426,3,1
295422,295422,295426,4,0
295422,295423,295426,3,1
295427,295427,295429,2,0
295427,295427,295429,2,0
295427,295427,295429,2,0
295427,295427,295429,2,0
295427,295427,295429,2,0
295427,295427,295430,3,0
295427,295427,295430,3,0
295427,295427,295430,3,0
295427,295427,295430,3,0
295427,295427,295430,3,0
295427,295427,295430,3,0
295427,295427,295430,3,0
295427,295427,295430,3,0
295427,295427,295430,3,0
295427,295427,295430,3,0
295427,295427,295430,3,0
295427,295427,295430,3,0
295427,295427,295430,3,0
295427,295427,295430,3,0
295427,295427,295430,3,0
295427,295427,295430,3,0
295427,295427,295430,3,0
295427,295427,295430,3,0
295427,295427,295430,3,0
295427,295427,295430,3,0
295427,295427,295430,3,0
295427,295427,295430,3,0
295427,295427,295430,3,0
295427,295427,295431,4,0
295427,295427,295430,3,0
295427,295427,295431,4,0
295427,295427,295431,4,0
295433,295433,295435,2,0
295433,295433,295435,2,0
295433,295433,295435,2,0
295433,295433,295435,2,0
295433,295433,295434,1,0
295433,295433,295435,2,0
295433,295433,295435,2,0
295433,295433,295435,2,0
295433,295433,295435,2,0
295433,295433,295435,2,0
295433,295433,295435,2,0
295433,295433,295435,2,0
295433,295433,295435,2,0
295433,295433,295435,2,0
295433,295433,295436,3,0
295433,295433,295436,3,0
295433,295433,295435,2,0
295433,295433,295436,3,0
295433,295433,295435,2,0
295433,295433,295435,2,0
295433,295433,295436,3,0
295433,295433,295435,2,0
295433,295433,295436,3,0
295433,295433,295435,2,0
295433,295433,295435,2,0
295433,295433,295436,3,0
295433,295433,295436,3,0
295433,295433,295435,2,0
295433,295433,295436,3,0
295433,295433,295435,2,0
295433,295433,295436,3,0
295433,295433,295438,5,0
295442,295442,295444,2,0
295442,295442,295444,2,0
295442,295442,295443,1,0
295442,295442,295444,2,0
295442,295442,295445,3,0
295442,295442,295445,3,0
295442,295442,295444,2,0
295442,295442,295445,3,0
295442,295442,295445,3,0
295442,295442,295444,2,0
295442,295442,295445,3,0
295442,295442,295445,3,0
295442,295442,295445,3,0
295442,295442,295445,3,0
295442,295442,295444,2,0
295442,295442,295445,3,0
295442,295442,295445,3,0
295442,295442,295445,3,0
295442,295442,295444,2,0
295442,295442,295444,2,0
295442,295442,295444,2,0
295442,295442,295445,3,0
295442,295442,295445,3,0
295442,295442,295445,3,0
295442,295442,295444,2,0
295442,295442,295445,3,0
295442,295442,295444,2,0
295442,295442,295444,2,0
295442,295442,295445,3,0
295442,295442,295445,3,0
295442,295442,295444,2,0
295442,295442,295445,3,0
295447,295447,295449,2,0
295447,295447,295449,2,0
295447,295447,295449,2,0
295447,295447,295449,2,0
295447,295447,295449,2,0
295447,295447,295450,3,0
295447,295447,295450,3,0
295447,295447,295450,3,0
295447,295447,295449,2,0
295447,295447,295450,3,0
295447,295447,295450,3,0
295447,295447,295450,3,0
295447,295447,295450,3,0
295447,295447,295450,3,0
295447,295447,295450,3,0
295447,295447,295450,3,0
295447,295447,295450,3,0
295447,295447,295450,3,0
295447,295447,295450,3,0
295447,295447,295450,3,0
295447,295447,295450,3,0
295447,295447,295450,3,0
295447,295447,295450,3,0
295447,295447,295450,3,0
295447,295447,295450,3,0
295447,295447,295450,3,0
295447,295447,295450,3,0
295447,295447,295450,3,0
295447,295447,295450,3,0
295447,295447,295450,3,0
295447,295447,295450,3,0
295447,295447,295450,3,0
295452,295452,295454,2,0
295452,295452,295453,1,0
295452,295452,295453,1,0
295452,295452,295453,1,0
295452,295452,295454,2,0
295452,295452,295454,2,0
295452,295452,295454,2,0
295452,295452,295454,2,0
295452,295452,295454,2,0
295452,295452,295454,2,0
295452,295452,295454,2,0
295452,295452,295455,3,0
295452,295452,295454,2,0
295452,295452,295454,2,0
295452,295452,295454,2,0
295452,295452,295454,2,0
295452,295452,295454,2,0
295452,295452,295454,2,0
295452,295452,295454,2,0
295452,295452,295455,3,0
295452,295452,295454,2,0
295452,295452,295454,2,0
295452,295452,295454,2,0
295452,295452,295454,2,0
295452,295452,295454,2,0
295452,295452,295454,2,0
295452,295452,295455,3,0
295452,295452,295454,2,0
295452,295452,295455,3,0
295452,295452,295454,2,0
295452,295452,295454,2,0
295452,295452,295455,3,0
295457,295457,295459,2,0
295457,295457,295459,2,0
295457,295457,295459,2,0
295457,295457,295459,2,0
295457,295457,295458,1,0
295457,295457,295459,2,0
295457,295457,295459,2,0
295457,295457,295459,2,0
295457,295457,295459,2,0
295457,295457,295459,2,0
295457,295457,295459,2,0
295457,295457,295459,2,0
295457,295457,295459,2,0
295457,295457,295460,3,0
295457,295457,295460,3,0
295457,295457,295459,2,0
295457,295457,295460,3,0
295457,295457,295459,2,0
295457,295457,295459,2,0
295457,295457,295459,2,0
295457,295457,295459,2,0
295457,295457,295460,3,0
295457,295457,295459,2,0
295457,295457,295459,2,0
295457,295457,295459,2,0
295457,295457,295459,2,0
295457,295457,295459,2,0
295457,295457,295460,3,0
295457,295457,295460,3,0
295457,295457,295459,2,0
295457,295457,295459,2,0
295457,295457,295460,3,0
295461,295461,295463,2,0
295461,295461,295462,1,0
295461,295461,295462,1,0
295461,295461,295463,2,0
295461,295461,295464,3,0
295461,295461,295464,3,0
295461,295461,295464,3,0
295461,295461,295464,3,0
295461,295461,295464,3,0
295461,295461,295463,2,0
295461,295461,295464,3,0
295461,295461,295463,2,0
295461,295461,295464,3,0
295461,295461,295464,3,0
295461,295461,295464,3,0
295461,295461,295464,3,0
295461,295461,295464,3,0
295461,295461,295463,2,0
295461,295461,295464,3,0
295461,295461,295463,2,0
295461,295461,295463,2,0
295461,295461,295464,3,0
295461,295461,295464,3,0
295461,295461,295464,3,0
295461,295461,295463,2,0
295461,295461,295464,3,0
295461,295461,295464,3,0
295461,295461,295463,2,0
295461,295461,295464,3,0
295461,295461,295463,2,0
295461,295461,295463,2,0
295461,295461,295464,3,0
295466,295466,295468,2,0
295466,295466,295468,2,0
295466,295466,295468,2,0
295466,295466,295469,3,0
295466,295466,295469,3,0
295466,295466,295469,3,0
295466,295466,295469,3,0
295466,295466,295469,3,0
295466,295466,295469,3,0
295466,295466,295469,3,0
295466,295466,295469,3,0
295466,295466,295469,3,0
295466,295466,295469,3,0
295466,295466,295469,3,0
295466,295466,295469,3,0
295466,295467,295469,2,1
295466,295467,295469,2,1
295466,295466,295469,3,0
295466,295466,295469,3,0
295466,295466,295469,3,0
295466,295466,295469,3,0
295466,295466,295469,3,0
295466,295466,295469,3,0
295466,295466,295469,3,0
295466,295466,295469,3,0
295466,295467,295469,2,1
295466,295466,295469,3,0
295466,295466,295469,3,0
295466,295467,295469,2,1
295466,295466,295470,4,0
295466,295466,295470,4,0
295466,295466,295470,4,0
295473,295473,295475,2,0
295473,295473,295474,1,0
295473,295473,295474,1,0
295473,295473,295474,1,0
295473,295473,295474,1,0
295473,295473,295475,2,0
295473,295473,295475,2,0
295473,295473,295475,2,0
295473,295473,295475,2,0
295473,295473,295475,2,0
295473,295473,295475,2,0
295473,295473,295475,2,0
295473,295473,295475,2,0
295473,295473,295475,2,0
295473,295473,295475,2,0
295473,295473,295475,2,0
295473,295473,295475,2,0
295473,295473,295475,2,0
295473,295473,295475,2,0
295473,295473,295475,2,0
295473,295473,295475,2,0
295473,295473,295475,2,0
295473,295473,295475,2,0
295473,295473,295475,2,0
295473,295473,295475,2,0
295473,295473,295475,2,0
295473,295473,295476,3,0
295473,295473,295475,2,0
295473,295473,295475,2,0
295473,295473,295475,2,0
295473,295473,295475,2,0
295473,295473,295476,3,0
295478,295479,295480,1,1
295478,295479,295480,1,1
295478,295479,295480,1,1
295478,295479,295480,1,1
295478,295479,295480,1,1
295478,295479,295481,2,1
295478,295479,295481,2,1
295478,295479,295481,2,1
295478,295479,295481,2,1
295478,295479,295481,2,1
295478,295479,295481,2,1
295478,295479,295481,2,1
295478,295479,295481,2,1
295478,295479,295481,2,1
295478,295479,295481,2,1
295478,295479,295481,2,1
295478,295479,295481,2,1
295478,295479,295481,2,1
295478,295479,295481,2,1
295478,295479,295481,2,1
295478,295479,295481,2,1
295478,295479,295481,2,1
295478,295479,295482,3,1
295478,295479,295481,2,1
295478,295479,295481,2,1
295478,295479,295482,3,1
295478,295479,295484,5,1
295478,295479,295484,5,1
295478,295479,295484,5,1
295478,295479,295488,9,1
295478,295479,295487,8,1
295478,295479,295487,8,1
295489,295489,295491,2,0
295489,295489,295490,1,0
295489,295489,295491,2,0
295489,295489,295491,2,0
295489,295489,295491,2,0
295489,295489,295492,3,0
295489,295489,295491,2,0
295489,295489,295491,2,0
295489,295489,295491,2,0
295489,295489,295491,2,0
295489,295489,295491,2,0
295489,295489,295491,2,0
295489,295489,295491,2,0
295489,295489,295491,2,0
295489,295489,295491,2,0
295489,295489,295491,2,0
295489,295489,295492,3,0
295489,295489,295491,2,0
295489,295489,295491,2,0
295489,295489,295491,2,0
295489,295489,295491,2,0
295489,295489,295492,3,0
295489,295489,295491,2,0
295489,295489,295492,3,0
295489,295489,295492,3,0
295489,295489,295491,2,0
295489,295489,295491,2,0
295489,295489,295491,2,0
295489,295489,295491,2,0
295489,295489,295492,3,0
295489,295489,295492,3,0
295489,295489,295492,3,0
295494,295494,295495,1,0
295494,295494,295496,2,0
295494,295494,295495,1,0
295494,295494,295497,3,0
295494,295494,295496,2,0
295494,295494,295496,2,0
295494,295494,295497,3,0
295494,295494,295496,2,0
295494,295494,295497,3,0
295494,295494,295496,2,0
295494,295494,295496,2,0
295494,295494,295496,2,0
295494,295494,295496,2,0
295494,295494,295497,3,0
295494,295494,295496,2,0
295494,295494,295496,2,0
295494,295494,295496,2,0
295494,295494,295496,2,0
295494,295494,295496,2,0
295494,295494,295496,2,0
295494,295494,295497,3,0
295494,295494,295496,2,0
295494,295494,295496,2,0
295494,295494,295497,3,0
295494,295494,295497,3,0
295494,295494,295497,3,0
295494,295494,295496,2,0
295494,295494,295496,2,0
295494,295494,295496,2,0
295494,295494,295497,3,0
295494,295494,295497,3,0
295494,295494,295497,3,0
295499,295499,295501,2,0
295499,295499,295501,2,0
295499,295499,295501,2,0
295499,295499,295501,2,0
295499,295499,295501,2,0
295499,295499,295501,2,0
295499,295499,295501,2,0
295499,295499,295502,3,0
295499,295499,295501,2,0
295499,295499,295501,2,0
295499,295499,295501,2,0
295499,295499,295501,2,0
295499,295499,295502,3,0
295499,295499,295501,2,0
295499,295499,295501,2,0
295499,295499,295501,2,0
295499,295499,295501,2,0
295499,295499,295501,2,0
295499,295499,295502,3,0
295499,295499,295501,2,0
295499,295499,295501,2,0
295499,295499,295502,3,0
295499,295499,295502,3,0
295499,295499,295501,2,0
295499,295499,295502,3,0
295499,295499,295502,3,0
295499,295499,295501,2,0
295499,295499,295501,2,0
295499,295499,295502,3,0
295499,295499,295501,2,0
295499,295499,295501,2,0
295499,295499,295502,3,0
295504,295504,295506,2,0
295504,295504,295505,1,0
295504,295504,295506,2,0
295504,295504,295506,2,0
295504,295504,295505,1,0
295504,295504,295506,2,0
295504,295504,295507,3,0
295504,295504,295506,2,0
295504,295504,295506,2,0
295504,295504,295506,2,0
295504,295504,295506,2,0
295504,295504,295506,2,0
295504,295504,295507,3,0
295504,295504,295507,3,0
295504,295504,295507,3,0
295504,295504,295506,2,0
295504,295504,295506,2,0
295504,295504,295506,2,0
295504,295504,295506,2,0
295504,295504,295506,2,0
295504,295504,295507,3,0
295504,295504,295507,3,0
295504,295504,295506,2,0
295504,295504,295507,3,0
295504,295504,295507,3,0
295504,295504,295506,2,0
295504,295504,295506,2,0
295504,295504,295506,2,0
295504,295504,295506,2,0
295504,295504,295506,2,0
295504,295504,295507,3,0
295504,295504,295506,2,0
295508,295508,295509,1,0
295508,295508,295509,1,0
295508,295508,295511,3,0
295508,295508,295510,2,0
295508,295508,295510,2,0
295508,295508,295511,3,0
295508,295508,295510,2,0
295508,295508,295511,3,0
295508,295508,295511,3,0
295508,295508,295510,2,0
295508,295508,295511,3,0
295508,295508,295511,3,0
295508,295508,295511,3,0
295508,295508,295511,3,0
295508,295508,295511,3,0
295508,295508,295511,3,0
295508,295508,295511,3,0
295508,295508,295511,3,0
295508,295508,295510,2,0
295508,295508,295510,2,0
295508,295508,295510,2,0
295508,295508,295511,3,0
295508,295508,295510,2,0
295508,295508,295511,3,0
295508,295508,295511,3,0
295508,295508,295511,3,0
295508,295508,295510,2,0
295508,295508,295510,2,0
295508,295508,295511,3,0
295508,295508,295511,3,0
295508,295508,295511,3,0
295508,295508,295511,3,0
295513,295513,295515,2,0
295513,295513,295515,2,0
295513,295513,295516,3,0
295513,295513,295516,3,0
295513,295513,295516,3,0
295513,295513,295516,3,0
295513,295513,295516,3,0
295513,295513,295516,3,0
295513,295513,295516,3,0
295513,295513,295516,3,0
295513,295513,295515,2,0
295513,295513,295516,3,0
295513,295513,295516,3,0
295513,295513,295516,3,0
295513,295513,295515,2,0
295513,295513,295515,2,0
295513,295513,295516,3,0
295513,295513,295516,3,0
295513,295513,295516,3,0
295513,295513,295515,2,0
295513,295513,295515,2,0
295513,295513,295516,3,0
295513,295513,295516,3,0
295513,295513,295516,3,0
295513,295513,295516,3,0
295513,295513,295516,3,0
295513,295513,295516,3,0
295513,295513,295515,2,0
295513,295513,295516,3,0
295513,295513,295516,3,0
295513,295513,295515,2,0
295513,295513,295516,3,0
295519,295520,295521,1,1
295519,295520,295521,1,1
295519,295520,295521,1,1
295519,295520,295521,1,1
295519,295520,295521,1,1
295519,295520,295522,2,1
295519,295520,295522,2,1
295519,295520,295522,2,1
295519,295520,295522,2,1
295519,295520,295522,2,1
295519,295520,295522,2,1
295519,295520,295522,2,1
295519,295520,295522,2,1
295519,295520,295522,2,1
295519,295520,295522,2,1
295519,295520,295522,2,1
295519,295520,295522,2,1
295519,295520,295522,2,1
295519,295520,295522,2,1
295519,295520,295522,2,1
295519,295520,295522,2,1
295519,295520,295522,2,1
295519,295520,295522,2,1
295519,295520,295522,2,1
295519,295520,295522,2,1
295519,295520,295522,2,1
295519,295520,295522,2,1
295519,295520,295522,2,1
295519,295520,295522,2,1
295519,295520,295522,2,1
295519,295520,295522,2,1
295519,295520,295522,2,1
295526,295526,295528,2,0
295526,295526,295528,2,0
295526,295526,295528,2,0
295526,295526,295528,2,0
295526,295526,295529,3,0
295526,295526,295529,3,0
295526,295526,295529,3,0
295526,295526,295529,3,0
295526,295526,295529,3,0
295526,295526,295529,3,0
295526,295526,295529,3,0
295526,295526,295529,3,0
295526,295526,295529,3,0
295526,295526,295529,3,0
295526,295526,295529,3,0
295526,295526,295529,3,0
295526,295526,295529,3,0
295526,295526,295529,3,0
295526,295526,295529,3,0
295526,295526,295529,3,0
295526,295526,295529,3,0
295526,295526,295529,3,0
295526,295526,295529,3,0
295526,295526,295529,3,0
295526,295526,295529,3,0
295526,295526,295529,3,0
295526,295526,295529,3,0
295526,295526,295529,3,0
295526,295526,295529,3,0
295526,295526,295529,3,0
295526,295526,295529,3,0
295526,295526,295529,3,0
295530,295531,295533,2,1
295530,295531,295533,2,1
295530,295531,295532,1,1
295530,295531,295532,1,1
295530,295531,295532,1,1
295530,295531,295532,1,1
295530,295531,295533,2,1
295530,295531,295533,2,1
295530,295531,295533,2,1
295530,295531,295533,2,1
295530,295531,295533,2,1
295530,295531,295533,2,1
295530,295531,295533,2,1
295530,295531,295533,2,1
295530,295531,295533,2,1
295530,295531,295533,2,1
295530,295531,295533,2,1
295530,295531,295533,2,1
295530,295531,295533,2,1
295530,295531,295533,2,1
295530,295531,295533,2,1
295530,295531,295533,2,1
295530,295531,295533,2,1
295530,295531,295533,2,1
295530,295531,295533,2,1
295530,295531,295533,2,1
295530,295531,295533,2,1
295530,295531,295533,2,1
295530,295531,295533,2,1
295530,295531,295533,2,1
295530,295531,295533,2,1
295530,295531,295534,3,1
295536,295536,295538,2,0
295536,295536,295537,1,0
295536,295536,295537,1,0
295536,295536,295538,2,0
295536,295536,295538,2,0
295536,295536,295538,2,0
295536,295536,295538,2,0
295536,295536,295538,2,0
295536,295536,295538,2,0
295536,295536,295538,2,0
295536,295536,295538,2,0
295536,295536,295538,2,0
295536,295536,295539,3,0
295536,295536,295539,3,0
295536,295536,295538,2,0
295536,295536,295538,2,0
295536,295536,295538,2,0
295536,295536,295538,2,0
295536,295536,295538,2,0
295536,295536,295538,2,0
295536,295536,295539,3,0
295536,295536,295538,2,0
295536,295536,295538,2,0
295536,295536,295538,2,0
295536,295536,295538,2,0
295536,295536,295538,2,0
295536,295536,295538,2,0
295536,295536,295538,2,0
295536,295536,295538,2,0
295536,295536,295538,2,0
295536,295536,295538,2,0
295536,295536,295539,3,0
295541,295541,295543,2,0
295541,295541,295542,1,0
295541,295541,295543,2,0
295541,295541,295542,1,0
295541,295541,295543,2,0
295541,295541,295543,2,0
295541,295541,295543,2,0
295541,295541,295544,3,0
295541,295541,295543,2,0
295541,295541,295543,2,0
295541,295541,295543,2,0
295541,295541,295543,2,0
295541,295541,295544,3,0
295541,295541,295544,3,0
295541,295541,295543,2,0
295541,295541,295543,2,0
295541,295541,295543,2,0
295541,295541,295543,2,0
295541,295541,295543,2,0
295541,295541,295543,2,0
295541,295541,295543,2,0
295541,295541,295543,2,0
295541,295541,295543,2,0
295541,295541,295543,2,0
295541,295541,295543,2,0
295541,295541,295543,2,0
295541,295541,295543,2,0
295541,295541,295543,2,0
295541,295541,295543,2,0
295541,295541,295543,2,0
295541,295541,295543,2,0
295541,295541,295543,2,0
295545,295545,295547,2,0
295545,295545,295547,2,0
295545,295545,295547,2,0
295545,295545,295547,2,0
295545,295545,295547,2,0
295545,295545,295547,2,0
295545,295545,295548,3,0
295545,295545,295547,2,0
295545,295545,295547,2,0
295545,295545,295547,2,0
295545,295545,295547,2,0
295545,295545,295548,3,0
295545,295545,295548,3,0
295545,295545,295547,2,0
295545,295545,295547,2,0
295545,295545,295548,3,0
295545,295545,295548,3,0
295545,295545,295547,2,0
295545,295545,295548,3,0
295545,295545,295548,3,0
295545,295545,295548,3,0
295545,295545,295548,3,0
295545,295545,295547,2,0
295545,295545,295548,3,0
295545,295545,295547,2,0
295545,295545,295547,2,0
295545,295545,295548,3,0
295545,295545,295548,3,0
295545,295545,295548,3,0
295545,295545,295548,3,0
295545,295545,295548,3,0
295545,295545,295548,3,0
295550,295550,295551,1,0
295550,295550,295552,2,0
295550,295550,295552,2,0
295550,295550,295552,2,0
295550,295550,295552,2,0
295550,295550,295552,2,0
295550,295550,295552,2,0
295550,295550,295552,2,0
295550,295550,295552,2,0
295550,295550,295553,3,0
295550,295550,295552,2,0
295550,295550,295552,2,0
295550,295550,295553,3,0
295550,295550,295553,3,0
295550,295550,295552,2,0
295550,295550,295553,3,0
295550,295550,295553,3,0
295550,295550,295553,3,0
295550,295550,295552,2,0
295550,295550,295553,3,0
295550,295550,295553,3,0
295550,295550,295553,3,0
295550,295550,295552,2,0
295550,295550,295553,3,0
295550,295550,295553,3,0
295550,295550,295552,2,0
295550,295550,295553,3,0
295550,295550,295553,3,0
295550,295550,295552,2,0
295550,295550,295552,2,0
295550,295550,295553,3,0
295550,295550,295552,2,0
295554,295554,295556,2,0
295554,295554,295556,2,0
295554,295554,295556,2,0
295554,295554,295555,1,0
295554,295554,295556,2,0
295554,295554,295556,2,0
295554,295554,295557,3,0
295554,295554,295557,3,0
295554,295554,295556,2,0
295554,295554,295556,2,0
295554,295554,295557,3,0
295554,295554,295556,2,0
295554,295554,295557,3,0
295554,295554,295556,2,0
295554,295554,295557,3,0
295554,295554,295556,2,0
295554,295554,295557,3,0
295554,295554,295556,2,0
295554,295554,295557,3,0
295554,295554,295556,2,0
295554,295554,295556,2,0
295554,295554,295557,3,0
295554,295554,295557,3,0
295554,295554,295557,3,0
295554,295554,295557,3,0
295554,295554,295556,2,0
295554,295554,295557,3,0
295554,295554,295557,3,0
295554,295554,295557,3,0
295554,295554,295556,2,0
295554,295554,295557,3,0
295554,295554,295556,2,0
295558,295558,295560,2,0
295558,295558,295560,2,0
295558,295558,295559,1,0
295558,295558,295561,3,0
295558,295558,295561,3,0
295558,295558,295560,2,0
295558,295558,295561,3,0
295558,295558,295561,3,0
295558,295558,295561,3,0
295558,295558,295560,2,0
295558,295558,295560,2,0
295558,295558,295561,3,0
295558,295558,295560,2,0
295558,295558,295561,3,0
295558,295558,295560,2,0
295558,295558,295561,3,0
295558,295558,295561,3,0
295558,295558,295561,3,0
295558,295558,295561,3,0
295558,295558,295560,2,0
295558,295558,295560,2,0
295558,295558,295561,3,0
295558,295558,295560,2,0
295558,295558,295560,2,0
295558,295558,295561,3,0
295558,295558,295560,2,0
295558,295558,295561,3,0
295558,295558,295561,3,0
295558,295558,295561,3,0
295558,295558,295561,3,0
295558,295558,295561,3,0
295558,295558,295561,3,0
295563,295563,295565,2,0
295563,295563,295565,2,0
295563,295563,295565,2,0
295563,295563,295565,2,0
295563,295563,295565,2,0
295563,295563,295565,2,0
295563,295563,295565,2,0
295563,295563,295566,3,0
295563,295563,295566,3,0
295563,295563,295566,3,0
295563,295563,295566,3,0
295563,295563,295566,3,0
295563,295563,295566,3,0
295563,295563,295566,3,0
295563,295563,295566,3,0
295563,295563,295566,3,0
295563,295563,295566,3,0
295563,295563,295566,3,0
295563,295563,295566,3,0
295563,295563,295566,3,0
295563,295563,295566,3,0
295563,295563,295566,3,0
295563,295563,295566,3,0
295563,295563,295566,3,0
295563,295563,295566,3,0
295563,295563,295567,4,0
295563,295563,295568,5,0
295563,295563,295568,5,0
295563,295563,295568,5,0
295563,295563,295569,6,0
295563,295563,295569,6,0
295563,295563,295569,6,0
295571,295571,295573,2,0
295571,295571,295573,2,0
295571,295571,295572,1,0
295571,295571,295572,1,0
295571,295571,295572,1,0
295571,295571,295573,2,0
295571,295571,295573,2,0
295571,295571,295573,2,0
295571,295571,295573,2,0
295571,295571,295574,3,0
295571,295571,295573,2,0
295571,295571,295573,2,0
295571,295571,295573,2,0
295571,295571,295573,2,0
295571,295571,295573,2,0
295571,295571,295574,3,0
295571,295571,295573,2,0
295571,295571,295573,2,0
295571,295571,295573,2,0
295571,295571,295573,2,0
295571,295571,295573,2,0
295571,295571,295573,2,0
295571,295571,295573,2,0
295571,295571,295573,2,0
295571,295571,295573,2,0
295571,295571,295574,3,0
295571,295571,295573,2,0
295571,295571,295573,2,0
295571,295571,295573,2,0
295571,295571,295573,2,0
295571,295571,295574,3,0
295571,295571,295573,2,0
295575,295575,295577,2,0
295575,295575,295577,2,0
295575,295575,295578,3,0
295575,295575,295577,2,0
295575,295575,295578,3,0
295575,295575,295577,2,0
295575,295575,295578,3,0
295575,295575,295578,3,0
295575,295575,295578,3,0
295575,295575,295578,3,0
295575,295575,295577,2,0
295575,295575,295578,3,0
295575,295575,295577,2,0
295575,295575,295577,2,0
295575,295575,295578,3,0
295575,295575,295577,2,0
295575,295575,295578,3,0
295575,295575,295577,2,0
295575,295575,295578,3,0
295575,295575,295577,2,0
295575,295575,295578,3,0
295575,295575,295578,3,0
295575,295575,295578,3,0
295575,295575,295578,3,0
295575,295575,295578,3,0
295575,295575,295578,3,0
295575,295575,295578,3,0
295575,295575,295578,3,0
295575,295575,295578,3,0
295575,295575,295578,3,0
295575,295575,295578,3,0
295575,295575,295578,3,0
295580,295580,295582,2,0
295580,295580,295581,1,0
295580,295580,295581,1,0
295580,295580,295582,2,0
295580,295580,295582,2,0
295580,295580,295583,3,0
295580,295580,295583,3,0
295580,295580,295582,2,0
295580,295580,295582,2,0
295580,295580,295582,2,0
295580,295580,295583,3,0
295580,295580,295582,2,0
295580,295580,295582,2,0
295580,295580,295582,2,0
295580,295580,295582,2,0
295580,295580,295582,2,0
295580,295580,295582,2,0
295580,295580,295583,3,0
295580,295580,295583,3,0
295580,295580,295582,2,0
295580,295580,295582,2,0
295580,295580,295583,3,0
295580,295580,295582,2,0
295580,295580,295583,3,0
295580,295580,295582,2,0
295580,295580,295582,2,0
295580,295580,295583,3,0
295580,295580,295582,2,0
295580,295580,295582,2,0
295580,295580,295582,2,0
295580,295580,295582,2,0
295580,295580,295582,2,0
295584,295584,295586,2,0
295584,295584,295586,2,0
295584,295584,295585,1,0
295584,295584,295586,2,0
295584,295584,295586,2,0
295584,295584,295586,2,0
295584,295584,295587,3,0
295584,295584,295587,3,0
295584,295584,295587,3,0
295584,295584,295587,3,0
295584,295584,295586,2,0
295584,295584,295587,3,0
295584,295584,295587,3,0
295584,295584,295587,3,0
295584,295584,295587,3,0
295584,295584,295586,2,0
295584,295584,295586,2,0
295584,295584,295586,2,0
295584,295584,295587,3,0
295584,295584,295586,2,0
295584,295584,295586,2,0
295584,295584,295587,3,0
295584,295584,295586,2,0
295584,295584,295586,2,0
295584,295584,295587,3,0
295584,295584,295586,2,0
295584,295584,295587,3,0
295584,295584,295587,3,0
295584,295584,295587,3,0
295584,295584,295586,2,0
295584,295584,295587,3,0
295584,295584,295587,3,0
295589,295589,295591,2,0
295589,295589,295591,2,0
295589,295589,295591,2,0
295589,295589,295591,2,0
295589,295589,295591,2,0
295589,295589,295591,2,0
295589,295589,295592,3,0
295589,295589,295592,3,0
295589,295589,295592,3,0
295589,295589,295592,3,0
295589,295589,295592,3,0
295589,295589,295591,2,0
295589,295589,295592,3,0
295589,295589,295592,3,0
295589,295589,295592,3,0
295589,295589,295592,3,0
295589,295589,295592,3,0
295589,295589,295592,3,0
295589,295589,295592,3,0
295589,295589,295592,3,0
295589,295589,295592,3,0
295589,295589,295592,3,0
295589,295589,295592,3,0
295589,295589,295592,3,0
295589,295589,295592,3,0
295589,295589,295592,3,0
295589,295589,295592,3,0
295589,295589,295592,3,0
295589,295589,295592,3,0
295589,295589,295592,3,0
295589,295589,295592,3,0
295589,295589,295592,3,0
295593,295593,295595,2,0
295593,295593,295595,2,0
295593,295593,295596,3,0
295593,295593,295596,3,0
295593,295593,295596,3,0
295593,295593,295596,3,0
295593,295593,295596,3,0
295593,295593,295596,3,0
295593,295593,295595,2,0
295593,295593,295596,3,0
295593,295593,295596,3,0
295593,295593,295596,3,0
295593,295593,295596,3,0
295593,295593,295596,3,0
295593,295593,295596,3,0
295593,295593,295596,3,0
295593,295593,295596,3,0
295593,295593,295596,3,0
295593,295593,295596,3,0
295593,295593,295596,3,0
295593,295593,295596,3,0
295593,295593,295596,3,0
295593,295593,295596,3,0
295593,295593,295596,3,0
295593,295593,295596,3,0
295593,295593,295596,3,0
295593,295593,295596,3,0
295593,295593,295597,4,0
295593,295593,295597,4,0
295593,295593,295597,4,0
295593,295593,295597,4,0
295593,295593,295597,4,0
295598,295598,295600,2,0
295598,295598,295600,2,0
295598,295598,295601,3,0
295598,295598,295601,3,0
295598,295598,295601,3,0
295598,295598,295601,3,0
295598,295598,295601,3,0
295598,295598,295601,3,0
295598,295598,295601,3,0
295598,295598,295601,3,0
295598,295598,295601,3,0
295598,295598,295601,3,0
295598,295598,295601,3,0
295598,295598,295601,3,0
295598,295598,295601,3,0
295598,295598,295601,3,0
295598,295598,295601,3,0
295598,295598,295601,3,0
295598,295598,295601,3,0
295598,295598,295601,3,0
295598,295598,295601,3,0
295598,295598,295601,3,0
295598,295598,295601,3,0
295598,295598,295601,3,0
295598,295598,295601,3,0
295598,295598,295601,3,0
295598,295598,295601,3,0
295598,295598,295601,3,0
295598,295598,295602,4,0
295598,295598,295602,4,0
295598,295598,295602,4,0
295598,295598,295602,4,0
295603,295603,295605,2,0
295603,295603,295605,2,0
295603,295603,295606,3,0
295603,295603,295606,3,0
295603,295603,295606,3,0
295603,295603,295606,3,0
295603,295603,295606,3,0
295603,295603,295606,3,0
295603,295603,295605,2,0
295603,295603,295606,3,0
295603,295603,295606,3,0
295603,295603,295606,3,0
295603,295603,295606,3,0
295603,295603,295606,3,0
295603,295603,295606,3,0
295603,295603,295605,2,0
295603,295603,295606,3,0
295603,295603,295605,2,0
295603,295603,295606,3,0
295603,295603,295606,3,0
295603,295603,295606,3,0
295603,295603,295606,3,0
295603,295603,295606,3,0
295603,295603,295606,3,0
295603,295603,295606,3,0
295603,295603,295606,3,0
295603,295603,295606,3,0
295603,295603,295605,2,0
295603,295603,295607,4,0
295603,295603,295607,4,0
295603,295603,295606,3,0
295603,295603,295606,3,0
295608,295608,295610,2,0
295608,295608,295610,2,0
295608,295608,295610,2,0
295608,295608,295610,2,0
295608,295608,295610,2,0
295608,295608,295611,3,0
295608,295608,295610,2,0
295608,295608,295610,2,0
295608,295608,295611,3,0
295608,295608,295610,2,0
295608,295608,295611,3,0
295608,295608,295611,3,0
295608,295608,295611,3,0
295608,295608,295611,3,0
295608,295608,295611,3,0
295608,295608,295611,3,0
295608,295608,295611,3,0
295608,295608,295611,3,0
295608,295608,295611,3,0
295608,295608,295611,3,0
295608,295608,295611,3,0
295608,295608,295610,2,0
295608,295608,295610,2,0
295608,295608,295611,3,0
295608,295608,295610,2,0
295608,295608,295611,3,0
295608,295608,295611,3,0
295608,295608,295610,2,0
295608,295608,295611,3,0
295608,295608,295611,3,0
295608,295608,295610,2,0
295608,295608,295611,3,0
295613,295614,295615,1,1
295613,295613,295615,2,0
295613,295613,295615,2,0
295613,295613,295615,2,0
295613,295613,295615,2,0
295613,295614,295615,1,1
295613,295613,295616,3,0
295613,295613,295616,3,0
295613,295613,295616,3,0
295613,295613,295616,3,0
295613,295614,295616,2,1
295613,295613,295616,3,0
295613,295613,295616,3,0
295613,295614,295616,2,1
295613,295613,295616,3,0
295613,295614,295616,2,1
295613,295614,295616,2,1
295613,295613,295616,3,0
295613,295613,295616,3,0
295613,295613,295616,3,0
295613,295613,295616,3,0
295613,295614,295616,2,1
295613,295613,295616,3,0
295613,295614,295616,2,1
295613,295613,295616,3,0
295613,295614,295616,2,1
295613,295614,295616,2,1
295613,295613,295616,3,0
295613,295614,295616,2,1
295613,295614,295616,2,1
295613,295613,295616,3,0
295613,295614,295616,2,1
295618,295618,295620,2,0
295618,295618,295621,3,0
295618,295618,295621,3,0
295618,295618,295620,2,0
295618,295618,295620,2,0
295618,295618,295621,3,0
295618,295618,295620,2,0
295618,295618,295620,2,0
295618,295618,295620,2,0
295618,295618,295620,2,0
295618,295618,295620,2,0
295618,295618,295620,2,0
295618,295618,295621,3,0
295618,295618,295620,2,0
295618,295618,295620,2,0
295618,295618,295620,2,0
295618,295618,295620,2,0
295618,295618,295620,2,0
295618,295618,295620,2,0
295618,295618,295621,3,0
295618,295618,295620,2,0
295618,295618,295620,2,0
295618,295618,295621,3,0
295618,295618,295620,2,0
295618,295618,295621,3,0
295618,295618,295621,3,0
295618,295618,295621,3,0
295618,295618,295621,3,0
295618,295618,295621,3,0
295618,295618,295621,3,0
295618,295618,295621,3,0
295618,295618,295621,3,0
295623,295623,295625,2,0
295623,295623,295624,1,0
295623,295623,295625,2,0
295623,295623,295624,1,0
295623,295623,295624,1,0
295623,295623,295624,1,0
295623,295623,295625,2,0
295623,295623,295625,2,0
295623,295623,295625,2,0
295623,295623,295625,2,0
295623,295623,295625,2,0
295623,295623,295625,2,0
295623,295623,295625,2,0
295623,295623,295625,2,0
295623,295623,295625,2,0
295623,295623,295625,2,0
295623,295623,295625,2,0
295623,295623,295625,2,0
295623,295623,295625,2,0
295623,295623,295625,2,0
295623,295623,295625,2,0
295623,295623,295626,3,0
295623,295623,295625,2,0
295623,295623,295625,2,0
295623,295623,295626,3,0
295623,295623,295625,2,0
295623,295623,295625,2,0
295623,295623,295625,2,0
295623,295623,295625,2,0
295623,295623,295625,2,0
295623,295623,295625,2,0
295623,295623,295626,3,0
295628,295628,295629,1,0
295628,295628,295629,1,0
295628,295628,295629,1,0
295628,295628,295629,1,0
295628,295628,295629,1,0
295628,295628,295630,2,0
295628,295628,295630,2,0
295628,295628,295630,2,0
295628,295628,295630,2,0
295628,295628,295630,2,0
295628,295628,295630,2,0
295628,295628,295630,2,0
295628,295628,295630,2,0
295628,295628,295630,2,0
295628,295628,295630,2,0
295628,295628,295631,3,0
295628,295628,295630,2,0
295628,295628,295630,2,0
295628,295628,295630,2,0
295628,295628,295630,2,0
295628,295628,295630,2,0
295628,295628,295630,2,0
295628,295628,295630,2,0
295628,295628,295630,2,0
295628,295628,295630,2,0
295628,295628,295630,2,0
295628,295628,295630,2,0
295628,295628,295630,2,0
295628,295628,295630,2,0
295628,295628,295630,2,0
295628,295628,295630,2,0
295628,295628,295630,2,0
295631,295631,295633,2,0
295631,295631,295633,2,0
295631,295631,295633,2,0
295631,295631,295633,2,0
295631,295631,295633,2,0
295631,295631,295633,2,0
295631,295631,295633,2,0
295631,295631,295633,2,0
295631,295631,295633,2,0
295631,295631,295634,3,0
295631,295631,295634,3,0
295631,295631,295634,3,0
295631,295631,295634,3,0
295631,295631,295634,3,0
295631,295631,295634,3,0
295631,295631,295634,3,0
295631,295631,295634,3,0
295631,295631,295634,3,0
295631,295631,295634,3,0
295631,295631,295634,3,0
295631,295631,295633,2,0
295631,295631,295634,3,0
295631,295631,295634,3,0
295631,295631,295634,3,0
295631,295631,295634,3,0
295631,295631,295634,3,0
295631,295631,295634,3,0
295631,295631,295634,3,0
295631,295631,295634,3,0
295631,295631,295634,3,0
295631,295631,295634,3,0
295631,295631,295634,3,0
295635,295635,295637,2,0
295635,295635,295637,2,0
295635,295635,295637,2,0
295635,295635,295637,2,0
295635,295635,295637,2,0
295635,295635,295637,2,0
295635,295635,295637,2,0
295635,295635,295638,3,0
295635,295635,295638,3,0
295635,295635,295638,3,0
295635,295635,295638,3,0
295635,295635,295638,3,0
295635,295635,295638,3,0
295635,295635,295638,3,0
295635,295635,295638,3,0
295635,295635,295638,3,0
295635,295635,295638,3,0
295635,295635,295638,3,0
295635,295635,295638,3,0
295635,295635,295638,3,0
295635,295635,295638,3,0
295635,295635,295638,3,0
295635,295635,295638,3,0
295635,295635,295638,3,0
295635,295635,295638,3,0
295635,295635,295638,3,0
295635,295635,295638,3,0
295635,295635,295638,3,0
295635,295635,295638,3,0
295635,295635,295638,3,0
295635,295635,295638,3,0
295635,295635,295639,4,0
295640,295640,295642,2,0
295640,295640,295643,3,0
295640,295640,295643,3,0
295640,295640,295643,3,0
295640,295640,295643,3,0
295640,295640,295643,3,0
295640,295640,295643,3,0
295640,295640,295643,3,0
295640,295640,295643,3,0
295640,295640,295643,3,0
295640,295640,295643,3,0
295640,295640,295643,3,0
295640,295640,295643,3,0
295640,295640,295643,3,0
295640,295640,295643,3,0
295640,295640,295643,3,0
295640,295640,295642,2,0
295640,295640,295643,3,0
295640,295640,295642,2,0
295640,295640,295643,3,0
295640,295640,295643,3,0
295640,295640,295643,3,0
295640,295640,295643,3,0
295640,295640,295643,3,0
295640,295640,295643,3,0
295640,295640,295644,4,0
295640,295640,295643,3,0
295640,295640,295643,3,0
295640,295640,295643,3,0
295640,295640,295644,4,0
295640,295640,295643,3,0
295640,295640,295643,3,0
295646,295646,295648,2,0
295646,295646,295648,2,0
295646,295646,295647,1,0
295646,295646,295648,2,0
295646,295646,295648,2,0
295646,295646,295648,2,0
295646,295646,295648,2,0
295646,295646,295648,2,0
295646,295646,295648,2,0
295646,295646,295648,2,0
295646,295646,295648,2,0
295646,295646,295648,2,0
295646,295646,295648,2,0
295646,295646,295648,2,0
295646,295646,295648,2,0
295646,295646,295649,3,0
295646,295646,295648,2,0
295646,295646,295649,3,0
295646,295646,295648,2,0
295646,295646,295649,3,0
295646,295646,295648,2,0
295646,295646,295648,2,0
295646,295646,295649,3,0
295646,295646,295649,3,0
295646,295646,295648,2,0
295646,295646,295648,2,0
295646,295646,295649,3,0
295646,295646,295648,2,0
295646,295646,295649,3,0
295646,295646,295649,3,0
295646,295646,295652,6,0
295646,295646,295655,9,0
295657,295657,295658,1,0
295657,295657,295658,1,0
295657,295657,295658,1,0
295657,295657,295658,1,0
295657,295657,295659,2,0
295657,295657,295659,2,0
295657,295657,295660,3,0
295657,295657,295659,2,0
295657,295657,295659,2,0
295657,295657,295659,2,0
295657,295657,295659,2,0
295657,295657,295659,2,0
295657,295657,295659,2,0
295657,295657,295659,2,0
295657,295657,295659,2,0
295657,295657,295659,2,0
295657,295657,295659,2,0
295657,295657,295659,2,0
295657,295657,295659,2,0
295657,295657,295659,2,0
295657,295657,295659,2,0
295657,295657,295659,2,0
295657,295657,295659,2,0
295657,295657,295660,3,0
295657,295657,295659,2,0
295657,295657,295659,2,0
295657,295657,295659,2,0
295657,295657,295659,2,0
295657,295657,295659,2,0
295657,295657,295659,2,0
295657,295657,295659,2,0
295657,295657,295659,2,0
295661,295661,295663,2,0
295661,295661,295663,2,0
295661,295661,295663,2,0
295661,295661,295663,2,0
295661,295661,295663,2,0
295661,295661,295663,2,0
295661,295661,295663,2,0
295661,295661,295664,3,0
295661,295661,295663,2,0
295661,295661,295663,2,0
295661,295661,295664,3,0
295661,295661,295664,3,0
295661,295661,295663,2,0
295661,295661,295663,2,0
295661,295661,295664,3,0
295661,295661,295663,2,0
295661,295661,295663,2,0
295661,295661,295663,2,0
295661,295661,295663,2,0
295661,295661,295663,2,0
295661,295661,295663,2,0
295661,295661,295664,3,0
295661,295661,295664,3,0
295661,295661,295664,3,0
295661,295661,295663,2,0
295661,295661,295663,2,0
295661,295661,295664,3,0
295661,295661,295663,2,0
295661,295661,295664,3,0
295661,295661,295664,3,0
295661,295661,295664,3,0
295661,295661,295664,3,0
295666,295666,295668,2,0
295666,295666,295668,2,0
295666,295666,295668,2,0
295666,295666,295668,2,0
295666,295666,295668,2,0
295666,295666,295669,3,0
295666,295666,295668,2,0
295666,295666,295669,3,0
295666,295666,295668,2,0
295666,295666,295669,3,0
295666,295666,295668,2,0
295666,295666,295668,2,0
295666,295666,295669,3,0
295666,295666,295668,2,0
295666,295666,295669,3,0
295666,295666,295669,3,0
295666,295666,295669,3,0
295666,295666,295668,2,0
295666,295666,295668,2,0
295666,295666,295668,2,0
295666,295666,295669,3,0
295666,295666,295669,3,0
295666,295666,295669,3,0
295666,295666,295669,3,0
295666,295666,295669,3,0
295666,295666,295669,3,0
295666,295666,295669,3,0
295666,295666,295669,3,0
295666,295666,295669,3,0
295666,295666,295669,3,0
295666,295666,295668,2,0
295666,295666,295669,3,0
295671,295671,295673,2,0
295671,295671,295673,2,0
295671,295671,295673,2,0
295671,295671,295672,1,0
295671,295671,295673,2,0
295671,295671,295673,2,0
295671,295671,295674,3,0
295671,295671,295674,3,0
295671,295671,295674,3,0
295671,295671,295674,3,0
295671,295671,295674,3,0
295671,295671,295674,3,0
295671,295671,295674,3,0
295671,295671,295674,3,0
295671,295671,295674,3,0
295671,295671,295674,3,0
295671,295671,295674,3,0
295671,295671,295674,3,0
295671,295671,295674,3,0
295671,295671,295674,3,0
295671,295671,295674,3,0
295671,295671,295674,3,0
295671,295671,295674,3,0
295671,295671,295674,3,0
295671,295671,295674,3,0
295671,295671,295674,3,0
295671,295671,295674,3,0
295671,295671,295674,3,0
295671,295671,295674,3,0
295671,295671,295674,3,0
295671,295671,295674,3,0
295671,295671,295674,3,0
295676,295676,295678,2,0
295676,295676,295678,2,0
295676,295676,295678,2,0
295676,295676,295678,2,0
295676,295676,295678,2,0
295676,295676,295678,2,0
295676,295676,295679,3,0
295676,295676,295679,3,0
295676,295676,295679,3,0
295676,295676,295679,3,0
295676,295676,295679,3,0
295676,295676,295679,3,0
295676,295676,295679,3,0
295676,295676,295678,2,0
295676,295676,295679,3,0
295676,295676,295679,3,0
295676,295676,295679,3,0
295676,295676,295679,3,0
295676,295676,295679,3,0
295676,295676,295679,3,0
295676,295676,295679,3,0
295676,295676,295679,3,0
295676,295676,295679,3,0
295676,295676,295679,3,0
295676,295676,295679,3,0
295676,295676,295679,3,0
295676,295676,295679,3,0
295676,295676,295679,3,0
295676,295676,295679,3,0
295676,295676,295679,3,0
295676,295676,295679,3,0
295676,295676,295679,3,0
295680,295680,295682,2,0
295680,295680,295682,2,0
295680,295680,295682,2,0
295680,295680,295682,2,0
295680,295680,295683,3,0
295680,295680,295683,3,0
295680,295680,295683,3,0
295680,295680,295683,3,0
295680,295680,295683,3,0
295680,295680,295683,3,0
295680,295680,295683,3,0
295680,295680,295683,3,0
295680,295680,295682,2,0
295680,295680,295683,3,0
295680,295680,295683,3,0
295680,295680,295683,3,0
295680,295680,295683,3,0
295680,295680,295683,3,0
295680,295680,295683,3,0
295680,295680,295683,3,0
295680,295680,295683,3,0
295680,295680,295683,3,0
295680,295680,295683,3,0
295680,295680,295683,3,0
295680,295680,295683,3,0
295680,295680,295683,3,0
295680,295680,295683,3,0
295680,295680,295683,3,0
295680,295680,295683,3,0
295680,295680,295683,3,0
295680,295680,295683,3,0
295680,295680,295684,4,0
295685,295685,295687,2,0
295685,295685,295687,2,0
295685,295685,295687,2,0
295685,295685,295687,2,0
295685,295685,295687,2,0
295685,295685,295688,3,0
295685,295685,295688,3,0
295685,295685,295688,3,0
295685,295685,295688,3,0
295685,295685,295688,3,0
295685,295685,295687,2,0
295685,295685,295688,3,0
295685,295685,295687,2,0
295685,295685,295688,3,0
295685,295685,295688,3,0
295685,295685,295688,3,0
295685,295685,295688,3,0
295685,295685,295688,3,0
295685,295685,295688,3,0
295685,295685,295688,3,0
295685,295685,295688,3,0
295685,295685,295688,3,0
295685,295685,295688,3,0
295685,295685,295688,3,0
295685,295685,295688,3,0
295685,295685,295688,3,0
295685,295685,295688,3,0
295685,295685,295688,3,0
295685,295685,295688,3,0
295685,295685,295689,4,0
295685,295685,295688,3,0
295685,295685,295689,4,0
295690,295690,295692,2,0
295690,295690,295692,2,0
295690,295690,295692,2,0
295690,295690,295692,2,0
295690,295690,295692,2,0
295690,295690,295691,1,0
295690,295690,295693,3,0
295690,295690,295693,3,0
295690,295690,295693,3,0
295690,295690,295693,3,0
295690,295690,295693,3,0
295690,295690,295693,3,0
295690,295690,295693,3,0
295690,295690,295693,3,0
295690,295690,295693,3,0
295690,295690,295693,3,0
295690,295690,295693,3,0
295690,295690,295693,3,0
295690,295690,295693,3,0
295690,295690,295693,3,0
295690,295690,295693,3,0
295690,295690,295693,3,0
295690,295690,295692,2,0
295690,295690,295693,3,0
295690,295690,295693,3,0
295690,295690,295693,3,0
295690,295690,295696,6,0
295690,295690,295695,5,0
295690,295690,295695,5,0
295690,295690,295696,6,0
295690,295690,295696,6,0
295690,295690,295696,6,0
295697,295697,295699,2,0
295697,295697,295698,1,0
295697,295697,295699,2,0
295697,295697,295699,2,0
295697,295697,295700,3,0
295697,295697,295700,3,0
295697,295697,295700,3,0
295697,295697,295700,3,0
295697,295697,295700,3,0
295697,295697,295700,3,0
295697,295697,295700,3,0
295697,295697,295700,3,0
295697,295697,295700,3,0
295697,295697,295700,3,0
295697,295697,295700,3,0
295697,295697,295700,3,0
295697,295697,295700,3,0
295697,295697,295700,3,0
295697,295697,295700,3,0
295697,295697,295700,3,0
295697,295697,295700,3,0
295697,295697,295700,3,0
295697,295697,295700,3,0
295697,295697,295700,3,0
295697,295697,295700,3,0
295697,295697,295700,3,0
295697,295697,295700,3,0
295697,295697,295700,3,0
295697,295697,295700,3,0
295697,295697,295700,3,0
295697,295697,295700,3,0
295697,295697,295700,3,0
295703,295703,295704,1,0
295703,295703,295705,2,0
295703,295703,295704,1,0
295703,295703,295704,1,0
295703,295703,295705,2,0
295703,295703,295705,2,0
295703,295703,295705,2,0
295703,295703,295705,2,0
295703,295703,295705,2,0
295703,295703,295705,2,0
295703,295703,295705,2,0
295703,295703,295705,2,0
295703,295703,295705,2,0
295703,295703,295705,2,0
295703,295703,295705,2,0
295703,295703,295705,2,0
295703,295703,295705,2,0
295703,295703,295705,2,0
295703,295703,295705,2,0
295703,295703,295705,2,0
295703,295703,295705,2,0
295703,295703,295705,2,0
295703,295703,295705,2,0
295703,295703,295705,2,0
295703,295703,295705,2,0
295703,295703,295705,2,0
295703,295703,295705,2,0
295703,295703,295705,2,0
295703,295703,295705,2,0
295703,295703,295706,3,0
295703,295703,295705,2,0
295703,295703,295705,2,0
295707,295707,295709,2,0
295707,295707,295708,1,0
295707,295707,295709,2,0
295707,295707,295708,1,0
295707,295707,295708,1,0
295707,295707,295709,2,0
295707,295707,295709,2,0
295707,295707,295709,2,0
295707,295707,295709,2,0
295707,295707,295709,2,0
295707,295707,295709,2,0
295707,295707,295709,2,0
295707,295707,295709,2,0
295707,295707,295709,2,0
295707,295707,295709,2,0
295707,295707,295709,2,0
295707,295707,295709,2,0
295707,295707,295709,2,0
295707,295707,295709,2,0
295707,295707,295709,2,0
295707,295707,295709,2,0
295707,295707,295709,2,0
295707,295707,295709,2,0
295707,295707,295709,2,0
295707,295707,295709,2,0
295707,295707,295710,3,0
295707,295707,295709,2,0
295707,295707,295709,2,0
295707,295707,295710,3,0
295707,295707,295709,2,0
295707,295707,295709,2,0
295707,295707,295710,3,0
295712,295712,295714,2,0
295712,295712,295713,1,0
295712,295712,295713,1,0
295712,295712,295714,2,0
295712,295712,295713,1,0
295712,295712,295714,2,0
295712,295712,295714,2,0
295712,295712,295714,2,0
295712,295712,295714,2,0
295712,295712,295714,2,0
295712,295712,295714,2,0
295712,295712,295714,2,0
295712,295712,295715,3,0
295712,295712,295714,2,0
295712,295712,295714,2,0
295712,295712,295714,2,0
295712,295712,295714,2,0
295712,295712,295714,2,0
295712,295712,295715,3,0
295712,295712,295714,2,0
295712,295712,295714,2,0
295712,295712,295715,3,0
295712,295712,295714,2,0
295712,295712,295714,2,0
295712,295712,295715,3,0
295712,295712,295714,2,0
295712,295712,295715,3,0
295712,295712,295715,3,0
295712,295712,295714,2,0
295712,295712,295715,3,0
295712,295712,295715,3,0
295712,295712,295715,3,0
295717,295717,295719,2,0
295717,295717,295719,2,0
295717,295717,295719,2,0
295717,295717,295719,2,0
295717,295717,295720,3,0
295717,295717,295720,3,0
295717,295717,295720,3,0
295717,295717,295720,3,0
295717,295717,295720,3,0
295717,295717,295720,3,0
295717,295717,295720,3,0
295717,295717,295720,3,0
295717,295717,295720,3,0
295717,295717,295720,3,0
295717,295717,295720,3,0
295717,295717,295720,3,0
295717,295717,295720,3,0
295717,295717,295720,3,0
295717,295717,295720,3,0
295717,295717,295720,3,0
295717,295717,295720,3,0
295717,295717,295720,3,0
295717,295717,295719,2,0
295717,295717,295720,3,0
295717,295717,295720,3,0
295717,295717,295719,2,0
295717,295717,295719,2,0
295717,295717,295720,3,0
295717,295717,295720,3,0
295717,295717,295720,3,0
295717,295717,295720,3,0
295717,295717,295721,4,0
295722,295722,295724,2,0
295722,295722,295724,2,0
295722,295722,295724,2,0
295722,295722,295724,2,0
295722,295722,295724,2,0
295722,295722,295723,1,0
295722,295722,295724,2,0
295722,295722,295724,2,0
295722,295722,295725,3,0
295722,295722,295724,2,0
295722,295722,295725,3,0
295722,295722,295725,3,0
295722,295722,295724,2,0
295722,295722,295725,3,0
295722,295722,295725,3,0
295722,295722,295724,2,0
295722,295722,295725,3,0
295722,295722,295725,3,0
295722,295722,295725,3,0
295722,295722,295725,3,0
295722,295722,295725,3,0
295722,295722,295725,3,0
295722,295722,295725,3,0
295722,295722,295725,3,0
295722,295722,295725,3,0
295722,295722,295725,3,0
295722,295722,295724,2,0
295722,295722,295725,3,0
295722,295722,295725,3,0
295722,295722,295724,2,0
295722,295722,295725,3,0
295722,295722,295725,3,0
295726,295726,295728,2,0
295726,295726,295728,2,0
295726,295726,295728,2,0
295726,295726,295728,2,0
295726,295726,295727,1,0
295726,295726,295727,1,0
295726,295726,295728,2,0
295726,295726,295728,2,0
295726,295726,295729,3,0
295726,295726,295728,2,0
295726,295726,295729,3,0
295726,295726,295728,2,0
295726,295726,295728,2,0
295726,295726,295728,2,0
295726,295726,295729,3,0
295726,295726,295728,2,0
295726,295726,295728,2,0
295726,295726,295728,2,0
295726,295726,295729,3,0
295726,295726,295729,3,0
295726,295726,295728,2,0
295726,295726,295729,3,0
295726,295726,295728,2,0
295726,295726,295728,2,0
295726,295726,295729,3,0
295726,295726,295728,2,0
295726,295726,295729,3,0
295726,295726,295729,3,0
295726,295726,295728,2,0
295726,295726,295729,3,0
295726,295726,295729,3,0
295726,295726,295728,2,0
295730,295730,295732,2,0
295730,295730,295731,1,0
295730,295730,295732,2,0
295730,295730,295732,2,0
295730,295730,295732,2,0
295730,295730,295732,2,0
295730,295730,295733,3,0
295730,295730,295733,3,0
295730,295730,295732,2,0
295730,295730,295732,2,0
295730,295730,295732,2,0
295730,295730,295732,2,0
295730,295730,295732,2,0
295730,295730,295733,3,0
295730,295730,295732,2,0
295730,295730,295732,2,0
295730,295730,295733,3,0
295730,295730,295732,2,0
295730,295730,295732,2,0
295730,295730,295732,2,0
295730,295730,295732,2,0
295730,295730,295733,3,0
295730,295730,295732,2,0
295730,295730,295733,3,0
295730,295730,295733,3,0
295730,295730,295732,2,0
295730,295730,295732,2,0
295730,295730,295732,2,0
295730,295730,295732,2,0
295730,295730,295733,3,0
295730,295730,295732,2,0
295730,295730,295732,2,0
295734,295734,295736,2,0
295734,295734,295736,2,0
295734,295734,295736,2,0
295734,295734,295736,2,0
295734,295734,295736,2,0
295734,295734,295736,2,0
295734,295734,295736,2,0
295734,295734,295736,2,0
295734,295734,295737,3,0
295734,295734,295736,2,0
295734,295734,295736,2,0
295734,295734,295737,3,0
295734,295734,295737,3,0
295734,295734,295736,2,0
295734,295734,295737,3,0
295734,295734,295737,3,0
295734,295734,295737,3,0
295734,295734,295736,2,0
295734,295734,295737,3,0
295734,295734,295736,2,0
295734,295734,295737,3,0
295734,295734,295737,3,0
295734,295734,295736,2,0
295734,295734,295737,3,0
295734,295734,295737,3,0
295734,295734,295738,4,0
295734,295734,295737,3,0
295734,295734,295739,5,0
295734,295734,295738,4,0
295734,295734,295739,5,0
295734,295734,295739,5,0
295734,295734,295739,5,0
295741,295741,295743,2,0
295741,295741,295743,2,0
295741,295741,295743,2,0
295741,295741,295743,2,0
295741,295741,295744,3,0
295741,295741,295744,3,0
295741,295741,295744,3,0
295741,295741,295744,3,0
295741,295741,295744,3,0
295741,295741,295744,3,0
295741,295741,295744,3,0
295741,295741,295744,3,0
295741,295741,295744,3,0
295741,295741,295744,3,0
295741,295741,295744,3,0
295741,295741,295744,3,0
295741,295741,295744,3,0
295741,295741,295744,3,0
295741,295741,295744,3,0
295741,295741,295744,3,0
295741,295741,295744,3,0
295741,295741,295745,4,0
295741,295741,295745,4,0
295741,295741,295745,4,0
295741,295741,295745,4,0
295741,295741,295745,4,0
295741,295741,295745,4,0
295741,295741,295744,3,0
295741,295741,295744,3,0
295741,295741,295745,4,0
295741,295741,295745,4,0
295741,295741,295745,4,0
295746,295746,295748,2,0
295746,295746,295748,2,0
295746,295746,295748,2,0
295746,295746,295748,2,0
295746,295746,295748,2,0
295746,295746,295749,3,0
295746,295746,295748,2,0
295746,295746,295749,3,0
295746,295746,295749,3,0
295746,295746,295749,3,0
295746,295746,295749,3,0
295746,295746,295748,2,0
295746,295746,295749,3,0
295746,295746,295749,3,0
295746,295746,295748,2,0
295746,295746,295749,3,0
295746,295746,295749,3,0
295746,295746,295748,2,0
295746,295746,295749,3,0
295746,295746,295749,3,0
295746,295746,295749,3,0
295746,295746,295749,3,0
295746,295746,295748,2,0
295746,295746,295748,2,0
295746,295746,295749,3,0
295746,295746,295749,3,0
295746,295746,295749,3,0
295746,295746,295749,3,0
295746,295746,295749,3,0
295746,295746,295749,3,0
295746,295746,295749,3,0
295746,295746,295749,3,0
295750,295750,295752,2,0
295750,295750,295752,2,0
295750,295750,295752,2,0
295750,295750,295752,2,0
295750,295750,295752,2,0
295750,295750,295752,2,0
295750,295750,295752,2,0
295750,295750,295753,3,0
295750,295750,295752,2,0
295750,295750,295753,3,0
295750,295750,295752,2,0
295750,295750,295752,2,0
295750,295750,295752,2,0
295750,295750,295753,3,0
295750,295750,295752,2,0
295750,295750,295753,3,0
295750,295750,295752,2,0
295750,295750,295753,3,0
295750,295750,295753,3,0
295750,295750,295752,2,0
295750,295750,295752,2,0
295750,295750,295752,2,0
295750,295750,295753,3,0
295750,295750,295753,3,0
295750,295750,295753,3,0
295750,295750,295752,2,0
295750,295750,295753,3,0
295750,295750,295753,3,0
295750,295750,295752,2,0
295750,295750,295753,3,0
295750,295750,295752,2,0
295750,295750,295752,2,0
295754,295754,295756,2,0
295754,295754,295756,2,0
295754,295754,295756,2,0
295754,295754,295755,1,0
295754,295754,295756,2,0
295754,295754,295756,2,0
295754,295754,295757,3,0
295754,295754,295757,3,0
295754,295754,295756,2,0
295754,295754,295756,2,0
295754,295754,295756,2,0
295754,295754,295756,2,0
295754,295754,295756,2,0
295754,295754,295756,2,0
295754,295754,295757,3,0
295754,295754,295756,2,0
295754,295754,295757,3,0
295754,295754,295756,2,0
295754,295754,295756,2,0
295754,295754,295756,2,0
295754,295754,295756,2,0
295754,295754,295757,3,0
295754,295754,295757,3,0
295754,295754,295756,2,0
295754,295754,295757,3,0
295754,295754,295757,3,0
295754,295754,295757,3,0
295754,295754,295756,2,0
295754,295754,295757,3,0
295754,295754,295757,3,0
295754,295754,295757,3,0
295754,295754,295757,3,0
295759,295759,295761,2,0
295759,295759,295761,2,0
295759,295759,295761,2,0
295759,295759,295761,2,0
295759,295759,295761,2,0
295759,295759,295761,2,0
295759,295759,295762,3,0
295759,295759,295762,3,0
295759,295759,295762,3,0
295759,295759,295761,2,0
295759,295759,295762,3,0
295759,295759,295762,3,0
295759,295759,295762,3,0
295759,295759,295762,3,0
295759,295759,295762,3,0
295759,295759,295762,3,0
295759,295759,295761,2,0
295759,295759,295762,3,0
295759,295759,295762,3,0
295759,295759,295762,3,0
295759,295759,295762,3,0
295759,295759,295762,3,0
295759,295759,295762,3,0
295759,295759,295762,3,0
295759,295759,295762,3,0
295759,295759,295762,3,0
295759,295759,295762,3,0
295759,295759,295762,3,0
295759,295759,295762,3,0
295759,295759,295762,3,0
295759,295759,295762,3,0
295759,295759,295762,3,0
295763,295763,295765,2,0
295763,295763,295765,2,0
295763,295763,295765,2,0
295763,295763,295765,2,0
295763,295763,295765,2,0
295763,295763,295765,2,0
295763,295763,295765,2,0
295763,295763,295765,2,0
295763,295763,295766,3,0
295763,295763,295766,3,0
295763,295763,295766,3,0
295763,295763,295766,3,0
295763,295763,295766,3,0
295763,295763,295766,3,0
295763,295763,295766,3,0
295763,295763,295766,3,0
295763,295763,295766,3,0
295763,295763,295766,3,0
295763,295763,295766,3,0
295763,295763,295766,3,0
295763,295763,295766,3,0
295763,295763,295766,3,0
295763,295763,295766,3,0
295763,295763,295766,3,0
295763,295763,295766,3,0
295763,295763,295766,3,0
295763,295763,295766,3,0
295763,295763,295766,3,0
295763,295763,295766,3,0
295763,295763,295766,3,0
295763,295763,295766,3,0
295763,295763,295767,4,0
295768,295768,295770,2,0
295768,295768,295770,2,0
295768,295768,295770,2,0
295768,295768,295770,2,0
295768,295768,295770,2,0
295768,295768,295770,2,0
295768,295768,295770,2,0
295768,295768,295770,2,0
295768,295768,295771,3,0
295768,295768,295771,3,0
295768,295768,295771,3,0
295768,295768,295771,3,0
295768,295768,295770,2,0
295768,295768,295771,3,0
295768,295768,295771,3,0
295768,295768,295771,3,0
295768,295768,295771,3,0
295768,295768,295771,3,0
295768,295768,295770,2,0
295768,295768,295771,3,0
295768,295768,295771,3,0
295768,295768,295771,3,0
295768,295768,295771,3,0
295768,295768,295771,3,0
295768,295768,295771,3,0
295768,295768,295770,2,0
295768,295768,295771,3,0
295768,295768,295771,3,0
295768,295768,295771,3,0
295768,295768,295771,3,0
295768,295768,295770,2,0
295768,295768,295771,3,0
295774,295774,295776,2,0
295774,295774,295776,2,0
295774,295774,295776,2,0
295774,295774,295776,2,0
295774,295774,295776,2,0
295774,295774,295776,2,0
295774,295774,295776,2,0
295774,295774,295776,2,0
295774,295774,295775,1,0
295774,295774,295777,3,0
295774,295774,295777,3,0
295774,295774,295776,2,0
295774,295774,295776,2,0
295774,295774,295777,3,0
295774,295774,295777,3,0
295774,295774,295777,3,0
295774,295774,295777,3,0
295774,295774,295777,3,0
295774,295774,295776,2,0
295774,295774,295776,2,0
295774,295774,295777,3,0
295774,295774,295776,2,0
295774,295774,295777,3,0
295774,295774,295777,3,0
295774,295774,295777,3,0
295774,295774,295777,3,0
295774,295774,295779,5,0
295774,295774,295779,5,0
295774,295774,295779,5,0
295774,295774,295780,6,0
295774,295774,295781,7,0
295774,295774,295781,7,0
295782,295782,295784,2,0
295782,295782,295784,2,0
295782,295782,295784,2,0
295782,295782,295783,1,0
295782,295782,295784,2,0
295782,295782,295784,2,0
295782,295782,295784,2,0
295782,295782,295785,3,0
295782,295782,295785,3,0
295782,295782,295785,3,0
295782,295782,295784,2,0
295782,295782,295785,3,0
295782,295782,295785,3,0
295782,295782,295785,3,0
295782,295782,295785,3,0
295782,295782,295785,3,0
295782,295782,295785,3,0
295782,295782,295785,3,0
295782,295782,295785,3,0
295782,295782,295784,2,0
295782,295782,295784,2,0
295782,295782,295784,2,0
295782,295782,295785,3,0
295782,295782,295784,2,0
295782,295782,295784,2,0
295782,295782,295785,3,0
295782,295782,295785,3,0
295782,295782,295785,3,0
295782,295782,295784,2,0
295782,295782,295785,3,0
295782,295782,295785,3,0
295782,295782,295785,3,0
295787,295787,295789,2,0
295787,295787,295789,2,0
295787,295787,295789,2,0
295787,295787,295789,2,0
295787,295787,295789,2,0
295787,295787,295789,2,0
295787,295787,295789,2,0
295787,295787,295790,3,0
295787,295787,295790,3,0
295787,295787,295789,2,0
295787,295787,295790,3,0
295787,295787,295790,3,0
295787,295787,295789,2,0
295787,295787,295789,2,0
295787,295787,295790,3,0
295787,295787,295790,3,0
295787,295787,295789,2,0
295787,295787,295789,2,0
295787,295787,295790,3,0
295787,295787,295790,3,0
295787,295787,295789,2,0
295787,295787,295790,3,0
295787,295787,295790,3,0
295787,295787,295789,2,0
295787,295787,295790,3,0
295787,295787,295790,3,0
295787,295787,295790,3,0
295787,295787,295789,2,0
295787,295787,295790,3,0
295787,295787,295790,3,0
295787,295787,295789,2,0
295787,295787,295789,2,0
295791,295791,295793,2,0
295791,295791,295792,1,0
295791,295791,295793,2,0
295791,295791,295793,2,0
295791,295791,295793,2,0
295791,295791,295794,3,0
295791,295791,295793,2,0
295791,295791,295793,2,0
295791,295791,295793,2,0
295791,295791,295794,3,0
295791,295791,295794,3,0
295791,295791,295794,3,0
295791,295791,295794,3,0
295791,295791,295794,3,0
295791,295791,295793,2,0
295791,295791,295794,3,0
295791,295791,295793,2,0
295791,295791,295794,3,0
295791,295791,295794,3,0
295791,295791,295794,3,0
295791,295791,295794,3,0
295791,295791,295794,3,0
295791,295791,295794,3,0
295791,295791,295794,3,0
295791,295791,295794,3,0
295791,295791,295793,2,0
295791,295791,295794,3,0
295791,295791,295794,3,0
295791,295791,295794,3,0
295791,295791,295794,3,0
295791,295791,295794,3,0
295791,295791,295794,3,0
295795,295795,295797,2,0
295795,295795,295797,2,0
295795,295795,295798,3,0
295795,295795,295798,3,0
295795,295795,295797,2,0
295795,295795,295798,3,0
295795,295795,295798,3,0
295795,295795,295798,3,0
295795,295795,295798,3,0
295795,295795,295798,3,0
295795,295795,295798,3,0
295795,295795,295798,3,0
295795,295795,295798,3,0
295795,295795,295798,3,0
295795,295795,295798,3,0
295795,295795,295798,3,0
295795,295795,295798,3,0
295795,295795,295798,3,0
295795,295795,295798,3,0
295795,295795,295798,3,0
295795,295795,295798,3,0
295795,295795,295797,2,0
295795,295795,295798,3,0
295795,295795,295798,3,0
295795,295795,295798,3,0
295795,295795,295798,3,0
295795,295795,295799,4,0
295795,295795,295798,3,0
295795,295795,295798,3,0
295795,295795,295798,3,0
295795,295795,295799,4,0
295795,295795,295799,4,0
295800,295800,295802,2,0
295800,295800,295802,2,0
295800,295800,295802,2,0
295800,295800,295802,2,0
295800,295800,295802,2,0
295800,295800,295803,3,0
295800,295800,295803,3,0
295800,295800,295803,3,0
295800,295800,295802,2,0
295800,295800,295803,3,0
295800,295800,295803,3,0
295800,295800,295803,3,0
295800,295800,295803,3,0
295800,295800,295803,3,0
295800,295800,295803,3,0
295800,295800,295803,3,0
295800,295800,295803,3,0
295800,295800,295803,3,0
295800,295800,295803,3,0
295800,295800,295803,3,0
295800,295800,295803,3,0
295800,295800,295803,3,0
295800,295800,295803,3,0
295800,295800,295803,3,0
295800,295800,295803,3,0
295800,295800,295803,3,0
295800,295800,295803,3,0
295800,295800,295803,3,0
295800,295800,295803,3,0
295800,295800,295803,3,0
295800,295800,295803,3,0
295800,295800,295804,4,0
295805,295805,295807,2,0
295805,295805,295807,2,0
295805,295805,295807,2,0
295805,295805,295807,2,0
295805,295805,295808,3,0
295805,295805,295808,3,0
295805,295805,295808,3,0
295805,295805,295808,3,0
295805,295805,295808,3,0
295805,295805,295808,3,0
295805,295805,295808,3,0
295805,295805,295808,3,0
295805,295805,295808,3,0
295805,295805,295808,3,0
295805,295805,295808,3,0
295805,295805,295808,3,0
295805,295805,295808,3,0
295805,295805,295808,3,0
295805,295805,295808,3,0
295805,295805,295808,3,0
295805,295805,295808,3,0
295805,295805,295808,3,0
295805,295805,295808,3,0
295805,295805,295808,3,0
295805,295805,295808,3,0
295805,295805,295808,3,0
295805,295805,295808,3,0
295805,295805,295808,3,0
295805,295805,295808,3,0
295805,295805,295808,3,0
295805,295805,295807,2,0
295805,295805,295809,4,0
295810,295810,295812,2,0
295810,295810,295812,2,0
295810,295810,295812,2,0
295810,295810,295812,2,0
295810,295810,295812,2,0
295810,295810,295813,3,0
295810,295810,295813,3,0
295810,295810,295813,3,0
295810,295810,295813,3,0
295810,295810,295813,3,0
295810,295810,295813,3,0
295810,295810,295813,3,0
295810,295810,295813,3,0
295810,295810,295812,2,0
295810,295810,295813,3,0
295810,295810,295813,3,0
295810,295810,295813,3,0
295810,295810,295813,3,0
295810,295810,295813,3,0
295810,295810,295813,3,0
295810,295810,295813,3,0
295810,295810,295813,3,0
295810,295810,295813,3,0
295810,295810,295813,3,0
295810,295810,295813,3,0
295810,295810,295813,3,0
295810,295810,295813,3,0
295810,295810,295814,4,0
295810,295810,295814,4,0
295810,295810,295814,4,0
295810,295810,295814,4,0
295810,295810,295813,3,0
295815,295815,295817,2,0
295815,295815,295817,2,0
295815,295815,295817,2,0
295815,295815,295817,2,0
295815,295815,295818,3,0
295815,295815,295818,3,0
295815,295815,295817,2,0
295815,295815,295818,3,0
295815,295815,295818,3,0
295815,295815,295817,2,0
295815,295815,295818,3,0
295815,295815,295818,3,0
295815,295815,295817,2,0
295815,295815,295818,3,0
295815,295815,295818,3,0
295815,295815,295818,3,0
295815,295815,295817,2,0
295815,295815,295818,3,0
295815,295815,295818,3,0
295815,295815,295818,3,0
295815,295815,295817,2,0
295815,295815,295818,3,0
295815,295815,295818,3,0
295815,295815,295818,3,0
295815,295815,295818,3,0
295815,295815,295818,3,0
295815,295815,295818,3,0
295815,295815,295818,3,0
295815,295815,295817,2,0
295815,295815,295818,3,0
295815,295815,295818,3,0
295815,295815,295821,6,0
295823,295823,295824,1,0
295823,295823,295824,1,0
295823,295823,295825,2,0
295823,295823,295825,2,0
295823,295823,295824,1,0
295823,295823,295825,2,0
295823,295823,295825,2,0
295823,295823,295825,2,0
295823,295823,295825,2,0
295823,295823,295825,2,0
295823,295823,295825,2,0
295823,295823,295825,2,0
295823,295823,295825,2,0
295823,295823,295825,2,0
295823,295823,295825,2,0
295823,295823,295825,2,0
295823,295823,295825,2,0
295823,295823,295826,3,0
295823,295823,295825,2,0
295823,295823,295825,2,0
295823,295823,295825,2,0
295823,295823,295825,2,0
295823,295823,295825,2,0
295823,295823,295825,2,0
295823,295823,295825,2,0
295823,295823,295825,2,0
295823,295823,295825,2,0
295823,295823,295825,2,0
295823,295823,295825,2,0
295823,295823,295825,2,0
295823,295823,295825,2,0
295823,295823,295825,2,0
295827,295827,295829,2,0
295827,295827,295828,1,0
295827,295827,295829,2,0
295827,295827,295829,2,0
295827,295827,295828,1,0
295827,295827,295830,3,0
295827,295827,295829,2,0
295827,295827,295829,2,0
295827,295827,295829,2,0
295827,295827,295829,2,0
295827,295827,295829,2,0
295827,295827,295829,2,0
295827,295827,295830,3,0
295827,295827,295829,2,0
295827,295827,295829,2,0
295827,295827,295829,2,0
295827,295827,295829,2,0
295827,295827,295829,2,0
295827,295827,295830,3,0
295827,295827,295829,2,0
295827,295827,295829,2,0
295827,295827,295829,2,0
295827,295827,295830,3,0
295827,295827,295829,2,0
295827,295827,295829,2,0
295827,295827,295829,2,0
295827,295827,295829,2,0
295827,295827,295830,3,0
295827,295827,295829,2,0
295827,295827,295830,3,0
295827,295827,295829,2,0
295827,295827,295829,2,0
295831,295831,295833,2,0
295831,295831,295832,1,0
295831,295831,295833,2,0
295831,295831,295833,2,0
295831,295831,295834,3,0
295831,295831,295834,3,0
295831,295831,295833,2,0
295831,295831,295834,3,0
295831,295831,295834,3,0
295831,295831,295833,2,0
295831,295831,295834,3,0
295831,295831,295834,3,0
295831,295831,295834,3,0
295831,295831,295834,3,0
295831,295831,295833,2,0
295831,295831,295834,3,0
295831,295831,295833,2,0
295831,295831,295834,3,0
295831,295831,295834,3,0
295831,295831,295834,3,0
295831,295831,295834,3,0
295831,295831,295834,3,0
295831,295831,295833,2,0
295831,295831,295834,3,0
295831,295831,295834,3,0
295831,295831,295834,3,0
295831,295831,295834,3,0
295831,295831,295834,3,0
295831,295831,295834,3,0
295831,295831,295834,3,0
295831,295831,295834,3,0
295831,295831,295834,3,0
295835,295835,295837,2,0
295835,295835,295837,2,0
295835,295835,295837,2,0
295835,295835,295837,2,0
295835,295835,295836,1,0
295835,295835,295837,2,0
295835,295835,295837,2,0
295835,295835,295837,2,0
295835,295835,295837,2,0
295835,295835,295838,3,0
295835,295835,295838,3,0
295835,295835,295837,2,0
295835,295835,295837,2,0
295835,295835,295837,2,0
295835,295835,295837,2,0
295835,295835,295837,2,0
295835,295835,295837,2,0
295835,295835,295838,3,0
295835,295835,295838,3,0
295835,295835,295837,2,0
295835,295835,295837,2,0
295835,295835,295837,2,0
295835,295835,295838,3,0
295835,295835,295838,3,0
295835,295835,295838,3,0
295835,295835,295838,3,0
295835,295835,295837,2,0
295835,295835,295837,2,0
295835,295835,295837,2,0
295835,295835,295838,3,0
295835,295835,295838,3,0
295835,295835,295838,3,0
295839,295839,295841,2,0
295839,295839,295841,2,0
295839,295839,295841,2,0
295839,295839,295841,2,0
295839,295839,295841,2,0
295839,295839,295841,2,0
295839,295839,295842,3,0
295839,295839,295842,3,0
295839,295839,295842,3,0
295839,295839,295842,3,0
295839,295839,295842,3,0
295839,295839,295842,3,0
295839,295839,295842,3,0
295839,295839,295842,3,0
295839,295839,295842,3,0
295839,295839,295842,3,0
295839,295839,295842,3,0
295839,295839,295842,3,0
295839,295839,295842,3,0
295839,295839,295842,3,0
295839,295839,295842,3,0
295839,295839,295842,3,0
295839,295839,295842,3,0
295839,295839,295842,3,0
295839,295839,295842,3,0
295839,295839,295842,3,0
295839,295839,295842,3,0
295839,295839,295842,3,0
295839,295839,295842,3,0
295839,295839,295842,3,0
295839,295839,295843,4,0
295839,295839,295843,4,0
295844,295844,295846,2,0
295844,295844,295846,2,0
295844,295844,295846,2,0
295844,295844,295846,2,0
295844,295844,295846,2,0
295844,295844,295847,3,0
295844,295844,295847,3,0
295844,295844,295846,2,0
295844,295844,295847,3,0
295844,295844,295847,3,0
295844,295844,295847,3,0
295844,295844,295847,3,0
295844,295844,295847,3,0
295844,295844,295847,3,0
295844,295844,295847,3,0
295844,295844,295847,3,0
295844,295844,295847,3,0
295844,295844,295847,3,0
295844,295844,295847,3,0
295844,295844,295847,3,0
295844,295844,295847,3,0
295844,295844,295847,3,0
295844,295844,295847,3,0
295844,295844,295847,3,0
295844,295844,295847,3,0
295844,295844,295847,3,0
295844,295844,295847,3,0
295844,295844,295847,3,0
295844,295844,295847,3,0
295844,295844,295847,3,0
295844,295844,295848,4,0
295844,295844,295848,4,0
295849,295849,295851,2,0
295849,295849,295851,2,0
295849,295849,295852,3,0
295849,295849,295852,3,0
295849,295849,295852,3,0
295849,295849,295852,3,0
295849,295849,295852,3,0
295849,295849,295852,3,0
295849,295849,295852,3,0
295849,295849,295852,3,0
295849,295849,295852,3,0
295849,295849,295851,2,0
295849,295849,295852,3,0
295849,295849,295852,3,0
295849,295849,295852,3,0
295849,295849,295852,3,0
295849,295849,295852,3,0
295849,295849,295852,3,0
295849,295849,295852,3,0
295849,295849,295852,3,0
295849,295849,295852,3,0
295849,295849,295852,3,0
295849,295849,295852,3,0
295849,295849,295852,3,0
295849,295849,295852,3,0
295849,295849,295852,3,0
295849,295849,295852,3,0
295849,295849,295852,3,0
295849,295849,295853,4,0
295849,295849,295852,3,0
295849,295849,295853,4,0
295849,295849,295853,4,0
295854,295854,295856,2,0
295854,295854,295856,2,0
295854,295854,295856,2,0
295854,295854,295856,2,0
295854,295854,295857,3,0
295854,295855,295857,2,1
295854,295854,295857,3,0
295854,295855,295857,2,1
295854,295854,295857,3,0
295854,295854,295857,3,0
295854,295855,295857,2,1
295854,295854,295857,3,0
295854,295854,295857,3,0
295854,295855,295857,2,1
295854,295854,295857,3,0
295854,295854,295857,3,0
295854,295854,295857,3,0
295854,295854,295857,3,0
295854,295855,295857,2,1
295854,295854,295857,3,0
295854,295855,295857,2,1
295854,295854,295857,3,0
295854,295854,295857,3,0
295854,295854,295857,3,0
295854,295855,295857,2,1
295854,295855,295857,2,1
295854,295854,295858,4,0
295854,295854,295858,4,0
295854,295854,295858,4,0
295854,295854,295858,4,0
295854,295854,295858,4,0
295854,295854,295858,4,0
295860,295860,295862,2,0
295860,295860,295862,2,0
295860,295860,295862,2,0
295860,295860,295861,1,0
295860,295860,295862,2,0
295860,295860,295862,2,0
295860,295860,295862,2,0
295860,295860,295862,2,0
295860,295860,295862,2,0
295860,295860,295862,2,0
295860,295860,295863,3,0
295860,295860,295862,2,0
295860,295860,295863,3,0
295860,295860,295862,2,0
295860,295860,295863,3,0
295860,295860,295863,3,0
295860,295860,295863,3,0
295860,295860,295862,2,0
295860,295860,295862,2,0
295860,295860,295863,3,0
295860,295860,295863,3,0
295860,295860,295862,2,0
295860,295860,295862,2,0
295860,295860,295863,3,0
295860,295860,295862,2,0
295860,295860,295865,5,0
295860,295860,295865,5,0
295860,295860,295865,5,0
295860,295860,295865,5,0
295860,295860,295866,6,0
295860,295860,295865,5,0
295860,295860,295866,6,0
295867,295867,295870,3,0
295867,295867,295870,3,0
295867,295867,295870,3,0
295867,295867,295870,3,0
295867,295867,295870,3,0
295867,295867,295869,2,0
295867,295867,295870,3,0
295867,295867,295870,3,0
295867,295867,295870,3,0
295867,295867,295869,2,0
295867,295867,295870,3,0
295867,295867,295870,3,0
295867,295867,295870,3,0
295867,295867,295870,3,0
295867,295867,295870,3,0
295867,295867,295869,2,0
295867,295867,295870,3,0
295867,295867,295870,3,0
295867,295867,295871,4,0
295867,295867,295871,4,0
295867,295867,295870,3,0
295867,295867,295871,4,0
295867,295867,295870,3,0
295867,295867,295870,3,0
295867,295867,295871,4,0
295867,295867,295870,3,0
295867,295867,295870,3,0
295867,295867,295871,4,0
295867,295867,295870,3,0
295867,295867,295871,4,0
295867,295867,295870,3,0
295867,295867,295870,3,0
295872,295872,295874,2,0
295872,295873,295874,1,1
295872,295872,295874,2,0
295872,295872,295874,2,0
295872,295872,295875,3,0
295872,295872,295875,3,0
295872,295872,295875,3,0
295872,295872,295875,3,0
295872,295872,295875,3,0
295872,295873,295875,2,1
295872,295872,295875,3,0
295872,295872,295875,3,0
295872,295872,295875,3,0
295872,295872,295875,3,0
295872,295873,295875,2,1
295872,295872,295875,3,0
295872,295872,295875,3,0
295872,295873,295875,2,1
295872,295872,295875,3,0
295872,295872,295875,3,0
295872,295873,295875,2,1
295872,295872,295875,3,0
295872,295872,295875,3,0
295872,295872,295875,3,0
295872,295873,295875,2,1
295872,295872,295875,3,0
295872,295872,295875,3,0
295872,295872,295875,3,0
295872,295873,295875,2,1
295872,295872,295876,4,0
295872,295872,295876,4,0
295872,295872,295876,4,0
295878,295878,295879,1,0
295878,295878,295879,1,0
295878,295878,295879,1,0
295878,295878,295879,1,0
295878,295878,295880,2,0
295878,295878,295880,2,0
295878,295878,295880,2,0
295878,295878,295880,2,0
295878,295878,295880,2,0
295878,295878,295880,2,0
295878,295878,295880,2,0
295878,295878,295880,2,0
295878,295878,295880,2,0
295878,295878,295880,2,0
295878,295878,295880,2,0
295878,295878,295880,2,0
295878,295878,295880,2,0
295878,295878,295880,2,0
295878,295878,295880,2,0
295878,295878,295880,2,0
295878,295878,295880,2,0
295878,295878,295880,2,0
295878,295878,295880,2,0
295878,295878,295880,2,0
295878,295878,295880,2,0
295878,295878,295880,2,0
295878,295878,295881,3,0
295878,295878,295881,3,0
295878,295878,295881,3,0
295878,295878,295881,3,0
295878,295878,295881,3,0
295878,295878,295881,3,0
295883,295883,295885,2,0
295883,295883,295884,1,0
295883,295883,295885,2,0
295883,295883,295885,2,0
295883,295883,295885,2,0
295883,295883,295885,2,0
295883,295883,295885,2,0
295883,295883,295885,2,0
295883,295883,295885,2,0
295883,295883,295885,2,0
295883,295883,295885,2,0
295883,295883,295885,2,0
295883,295883,295885,2,0
295883,295883,295885,2,0
295883,295883,295885,2,0
295883,295883,295885,2,0
295883,295883,295885,2,0
295883,295883,295885,2,0
295883,295883,295885,2,0
295883,295883,295885,2,0
295883,295883,295886,3,0
295883,295883,295885,2,0
295883,295883,295885,2,0
295883,295883,295885,2,0
295883,295883,295885,2,0
295883,295883,295886,3,0
295883,295883,295885,2,0
295883,295883,295885,2,0
295883,295883,295886,3,0
295883,295883,295885,2,0
295883,295883,295885,2,0
295883,295883,295886,3,0
295890,295890,295891,1,0
295890,295890,295892,2,0
295890,295890,295892,2,0
295890,295890,295892,2,0
295890,295890,295892,2,0
295890,295890,295892,2,0
295890,295890,295893,3,0
295890,295890,295892,2,0
295890,295890,295892,2,0
295890,295890,295892,2,0
295890,295890,295892,2,0
295890,295890,295892,2,0
295890,295890,295892,2,0
295890,295890,295892,2,0
295890,295890,295893,3,0
295890,295890,295892,2,0
295890,295890,295892,2,0
295890,295890,295892,2,0
295890,295890,295892,2,0
295890,295890,295892,2,0
295890,295890,295892,2,0
295890,295890,295892,2,0
295890,295890,295893,3,0
295890,295890,295892,2,0
295890,295890,295892,2,0
295890,295890,295893,3,0
295890,295890,295892,2,0
295890,295890,295892,2,0
295890,295890,295893,3,0
295890,295890,295893,3,0
295890,295890,295893,3,0
295890,295890,295893,3,0
295894,295895,295896,1,1
295894,295895,295896,1,1
295894,295895,295897,2,1
295894,295895,295896,1,1
295894,295895,295896,1,1
295894,295895,295896,1,1
295894,295895,295897,2,1
295894,295895,295897,2,1
295894,295895,295897,2,1
295894,295895,295897,2,1
295894,295895,295897,2,1
295894,295895,295897,2,1
295894,295895,295897,2,1
295894,295895,295897,2,1
295894,295895,295897,2,1
295894,295895,295897,2,1
295894,295895,295897,2,1
295894,295895,295897,2,1
295894,295895,295897,2,1
295894,295895,295897,2,1
295894,295895,295898,3,1
295894,295895,295897,2,1
295894,295895,295897,2,1
295894,295895,295897,2,1
295894,295895,295897,2,1
295894,295895,295897,2,1
295894,295895,295897,2,1
295894,295895,295898,3,1
295894,295895,295897,2,1
295894,295895,295898,3,1
295894,295895,295898,3,1
295894,295895,295898,3,1
295899,295899,295901,2,0
295899,295899,295901,2,0
295899,295899,295901,2,0
295899,295899,295901,2,0
295899,295899,295901,2,0
295899,295899,295902,3,0
295899,295899,295902,3,0
295899,295899,295902,3,0
295899,295899,295902,3,0
295899,295899,295902,3,0
295899,295899,295902,3,0
295899,295899,295902,3,0
295899,295899,295902,3,0
295899,295899,295902,3,0
295899,295899,295902,3,0
295899,295899,295902,3,0
295899,295899,295902,3,0
295899,295899,295902,3,0
295899,295899,295902,3,0
295899,295899,295902,3,0
295899,295899,295902,3,0
295899,295899,295902,3,0
295899,295899,295902,3,0
295899,295899,295902,3,0
295899,295899,295902,3,0
295899,295899,295902,3,0
295899,295899,295902,3,0
295899,295899,295902,3,0
295899,295899,295902,3,0
295899,295899,295901,2,0
295899,295899,295906,7,0
295899,295899,295906,7,0
295908,295908,295909,1,0
295908,295908,295909,1,0
295908,295908,295909,1,0
295908,295908,295909,1,0
295908,295908,295910,2,0
295908,295908,295910,2,0
295908,295908,295910,2,0
295908,295908,295910,2,0
295908,295908,295910,2,0
295908,295908,295910,2,0
295908,295908,295910,2,0
295908,295908,295910,2,0
295908,295908,295910,2,0
295908,295908,295910,2,0
295908,295908,295910,2,0
295908,295908,295910,2,0
295908,295908,295910,2,0
295908,295908,295910,2,0
295908,295908,295910,2,0
295908,295908,295910,2,0
295908,295908,295910,2,0
295908,295908,295910,2,0
295908,295908,295910,2,0
295908,295908,295911,3,0
295908,295908,295910,2,0
295908,295908,295910,2,0
295908,295908,295910,2,0
295908,295908,295910,2,0
295908,295908,295910,2,0
295908,295908,295910,2,0
295908,295908,295910,2,0
295908,295908,295910,2,0
295912,295912,295913,1,0
295912,295912,295913,1,0
295912,295912,295914,2,0
295912,295912,295913,1,0
295912,295912,295913,1,0
295912,295912,295913,1,0
295912,295912,295913,1,0
295912,295912,295913,1,0
295912,295912,295913,1,0
295912,295912,295914,2,0
295912,295912,295913,1,0
295912,295912,295914,2,0
295912,295912,295914,2,0
295912,295912,295914,2,0
295912,295912,295914,2,0
295912,295912,295914,2,0
295912,295912,295914,2,0
295912,295912,295914,2,0
295912,295912,295915,3,0
295912,295912,295915,3,0
295912,295912,295914,2,0
295912,295912,295914,2,0
295912,295912,295914,2,0
295912,295912,295914,2,0
295912,295912,295914,2,0
295912,295912,295914,2,0
295912,295912,295914,2,0
295912,295912,295914,2,0
295912,295912,295915,3,0
295912,295912,295914,2,0
295912,295912,295914,2,0
295912,295912,295914,2,0
295916,295916,295918,2,0
295916,295916,295918,2,0
295916,295916,295918,2,0
295916,295916,295918,2,0
295916,295916,295918,2,0
295916,295916,295919,3,0
295916,295916,295918,2,0
295916,295916,295919,3,0
295916,295916,295919,3,0
295916,295916,295918,2,0
295916,295916,295919,3,0
295916,295916,295919,3,0
295916,295916,295919,3,0
295916,295916,295919,3,0
295916,295916,295919,3,0
295916,295916,295918,2,0
295916,295916,295918,2,0
295916,295916,295919,3,0
295916,295916,295919,3,0
295916,295916,295919,3,0
295916,295916,295919,3,0
295916,295916,295919,3,0
295916,295916,295919,3,0
295916,295916,295918,2,0
295916,295916,295919,3,0
295916,295916,295919,3,0
295916,295916,295918,2,0
295916,295916,295919,3,0
295916,295916,295919,3,0
295916,295916,295918,2,0
295916,295916,295919,3,0
295916,295916,295918,2,0
295920,295920,295922,2,0
295920,295920,295922,2,0
295920,295920,295922,2,0
295920,295920,295922,2,0
295920,295920,295922,2,0
295920,295920,295922,2,0
295920,295920,295923,3,0
295920,295920,295923,3,0
295920,295920,295922,2,0
295920,295920,295923,3,0
295920,295920,295922,2,0
295920,295920,295923,3,0
295920,295920,295922,2,0
295920,295920,295923,3,0
295920,295920,295923,3,0
295920,295920,295923,3,0
295920,295920,295923,3,0
295920,295920,295923,3,0
295920,295920,295923,3,0
295920,295920,295922,2,0
295920,295920,295922,2,0
295920,295920,295923,3,0
295920,295920,295922,2,0
295920,295920,295922,2,0
295920,295920,295922,2,0
295920,295920,295922,2,0
295920,295920,295923,3,0
295920,295920,295922,2,0
295920,295920,295922,2,0
295920,295920,295923,3,0
295920,295920,295922,2,0
295920,295920,295923,3,0
295925,295925,295927,2,0
295925,295925,295926,1,0
295925,295925,295927,2,0
295925,295925,295927,2,0
295925,295925,295928,3,0
295925,295925,295927,2,0
295925,295925,295927,2,0
295925,295925,295928,3,0
295925,295925,295927,2,0
295925,295925,295928,3,0
295925,295925,295928,3,0
295925,295925,295927,2,0
295925,295925,295927,2,0
295925,295925,295927,2,0
295925,295925,295927,2,0
295925,295925,295928,3,0
295925,295925,295928,3,0
295925,295925,295927,2,0
295925,295925,295927,2,0
295925,295925,295927,2,0
295925,295925,295927,2,0
295925,295925,295927,2,0
295925,295925,295928,3,0
295925,295925,295927,2,0
295925,295925,295927,2,0
295925,295925,295927,2,0
295925,295925,295928,3,0
295925,295925,295928,3,0
295925,295925,295927,2,0
295925,295925,295928,3,0
295925,295925,295927,2,0
295925,295925,295928,3,0
295930,295930,295932,2,0
295930,295930,295932,2,0
295930,295930,295932,2,0
295930,295930,295932,2,0
295930,295930,295933,3,0
295930,295930,295932,2,0
295930,295930,295933,3,0
295930,295930,295933,3,0
295930,295930,295933,3,0
295930,295930,295933,3,0
295930,295930,295932,2,0
295930,295930,295933,3,0
295930,295930,295932,2,0
295930,295930,295933,3,0
295930,295930,295933,3,0
295930,295930,295933,3,0
295930,295930,295933,3,0
295930,295930,295933,3,0
295930,295930,295932,2,0
295930,295930,295933,3,0
295930,295930,295932,2,0
295930,295930,295932,2,0
295930,295930,295933,3,0
295930,295930,295932,2,0
295930,295930,295932,2,0
295930,295930,295933,3,0
295930,295930,295933,3,0
295930,295930,295933,3,0
295930,295930,295933,3,0
295930,295930,295932,2,0
295930,295930,295933,3,0
295930,295930,295933,3,0
295935,295935,295936,1,0
295935,295935,295937,2,0
295935,295935,295936,1,0
295935,295935,295937,2,0
295935,295935,295937,2,0
295935,295935,295938,3,0
295935,295935,295937,2,0
295935,295935,295938,3,0
295935,295935,295938,3,0
295935,295935,295938,3,0
295935,295935,295938,3,0
295935,295935,295937,2,0
295935,295935,295938,3,0
295935,295935,295937,2,0
295935,295935,295937,2,0
295935,295935,295937,2,0
295935,295935,295938,3,0
295935,295935,295937,2,0
295935,295935,295938,3,0
295935,295935,295937,2,0
295935,295935,295938,3,0
295935,295935,295938,3,0
295935,295935,295938,3,0
295935,295935,295937,2,0
295935,295935,295938,3,0
295935,295935,295938,3,0
295935,295935,295938,3,0
295935,295935,295938,3,0
295935,295935,295938,3,0
295935,295935,295938,3,0
295935,295935,295938,3,0
295935,295935,295938,3,0
295940,295940,295942,2,0
295940,295940,295942,2,0
295940,295940,295942,2,0
295940,295940,295942,2,0
295940,295940,295942,2,0
295940,295940,295942,2,0
295940,295940,295942,2,0
295940,295940,295943,3,0
295940,295940,295942,2,0
295940,295940,295943,3,0
295940,295940,295943,3,0
295940,295940,295942,2,0
295940,295940,295943,3,0
295940,295940,295943,3,0
295940,295940,295942,2,0
295940,295940,295943,3,0
295940,295940,295943,3,0
295940,295940,295942,2,0
295940,295940,295943,3,0
295940,295940,295942,2,0
295940,295940,295943,3,0
295940,295940,295943,3,0
295940,295940,295943,3,0
295940,295940,295942,2,0
295940,295940,295943,3,0
295940,295940,295942,2,0
295940,295940,295943,3,0
295940,295940,295943,3,0
295940,295940,295944,4,0
295940,295940,295944,4,0
295940,295940,295944,4,0
295940,295940,295944,4,0
295945,295945,295947,2,0
295945,295945,295947,2,0
295945,295945,295947,2,0
295945,295945,295946,1,0
295945,295945,295948,3,0
295945,295945,295948,3,0
295945,295945,295948,3,0
295945,295945,295948,3,0
295945,295945,295947,2,0
295945,295945,295948,3,0
295945,295945,295948,3,0
295945,295945,295948,3,0
295945,295945,295947,2,0
295945,295945,295947,2,0
295945,295945,295947,2,0
295945,295945,295948,3,0
295945,295945,295948,3,0
295945,295945,295948,3,0
295945,295945,295948,3,0
295945,295945,295948,3,0
295945,295945,295947,2,0
295945,295945,295948,3,0
295945,295945,295947,2,0
295945,295945,295948,3,0
295945,295945,295948,3,0
295945,295945,295948,3,0
295945,295945,295947,2,0
295945,295945,295949,4,0
295945,295945,295949,4,0
295945,295945,295949,4,0
295945,295945,295949,4,0
295945,295945,295949,4,0
295951,295951,295953,2,0
295951,295951,295953,2,0
295951,295951,295953,2,0
295951,295951,295954,3,0
295951,295951,295953,2,0
295951,295951,295954,3,0
295951,295951,295954,3,0
295951,295951,295954,3,0
295951,295951,295954,3,0
295951,295951,295954,3,0
295951,295951,295954,3,0
295951,295951,295954,3,0
295951,295951,295954,3,0
295951,295951,295954,3,0
295951,295951,295954,3,0
295951,295951,295954,3,0
295951,295951,295954,3,0
295951,295951,295954,3,0
295951,295951,295954,3,0
295951,295951,295954,3,0
295951,295951,295954,3,0
295951,295951,295954,3,0
295951,295951,295954,3,0
295951,295951,295954,3,0
295951,295951,295954,3,0
295951,295951,295954,3,0
295951,295951,295954,3,0
295951,295951,295954,3,0
295951,295951,295954,3,0
295951,295951,295954,3,0
295951,295951,295954,3,0
295951,295951,295954,3,0
295957,295957,295958,1,0
295957,295957,295959,2,0
295957,295957,295958,1,0
295957,295957,295958,1,0
295957,295957,295960,3,0
295957,295957,295959,2,0
295957,295957,295959,2,0
295957,295957,295960,3,0
295957,295957,295959,2,0
295957,295957,295959,2,0
295957,295957,295959,2,0
295957,295957,295959,2,0
295957,295957,295959,2,0
295957,295957,295959,2,0
295957,295957,295959,2,0
295957,295957,295960,3,0
295957,295957,295959,2,0
295957,295957,295960,3,0
295957,295957,295959,2,0
295957,295957,295959,2,0
295957,295957,295959,2,0
295957,295957,295959,2,0
295957,295957,295959,2,0
295957,295957,295959,2,0
295957,295957,295959,2,0
295957,295957,295959,2,0
295957,295957,295960,3,0
295957,295957,295959,2,0
295957,295957,295959,2,0
295957,295957,295959,2,0
295957,295957,295959,2,0
295957,295957,295960,3,0
295962,295962,295964,2,0
295962,295962,295964,2,0
295962,295962,295964,2,0
295962,295962,295964,2,0
295962,295962,295964,2,0
295962,295962,295963,1,0
295962,295962,295964,2,0
295962,295962,295965,3,0
295962,295962,295964,2,0
295962,295962,295964,2,0
295962,295962,295964,2,0
295962,295962,295964,2,0
295962,295962,295964,2,0
295962,295962,295965,3,0
295962,295962,295964,2,0
295962,295962,295965,3,0
295962,295962,295964,2,0
295962,295962,295964,2,0
295962,295962,295964,2,0
295962,295962,295965,3,0
295962,295962,295965,3,0
295962,295962,295965,3,0
295962,295962,295965,3,0
295962,295962,295964,2,0
295962,295962,295964,2,0
295962,295962,295965,3,0
295962,295962,295965,3,0
295962,295962,295965,3,0
295962,295962,295964,2,0
295962,295962,295965,3,0
295962,295962,295965,3,0
295962,295962,295964,2,0
295966,295966,295968,2,0
295966,295966,295968,2,0
295966,295966,295968,2,0
295966,295966,295968,2,0
295966,295966,295968,2,0
295966,295966,295968,2,0
295966,295966,295968,2,0
295966,295966,295968,2,0
295966,295966,295968,2,0
295966,295966,295969,3,0
295966,295966,295968,2,0
295966,295966,295969,3,0
295966,295966,295969,3,0
295966,295966,295969,3,0
295966,295966,295968,2,0
295966,295966,295968,2,0
295966,295966,295968,2,0
295966,295966,295969,3,0
295966,295966,295968,2,0
295966,295966,295968,2,0
295966,295966,295969,3,0
295966,295966,295968,2,0
295966,295966,295969,3,0
295966,295966,295969,3,0
295966,295966,295969,3,0
295966,295966,295969,3,0
295966,295966,295969,3,0
295966,295966,295968,2,0
295966,295966,295969,3,0
295966,295966,295968,2,0
295966,295966,295968,2,0
295966,295966,295969,3,0
295971,295971,295973,2,0
295971,295971,295974,3,0
295971,295971,295973,2,0
295971,295971,295974,3,0
295971,295971,295974,3,0
295971,295971,295974,3,0
295971,295971,295974,3,0
295971,295971,295973,2,0
295971,295971,295973,2,0
295971,295971,295974,3,0
295971,295971,295973,2,0
295971,295971,295974,3,0
295971,295971,295974,3,0
295971,295971,295974,3,0
295971,295971,295973,2,0
295971,295971,295973,2,0
295971,295971,295973,2,0
295971,295971,295974,3,0
295971,295971,295974,3,0
295971,295971,295973,2,0
295971,295971,295974,3,0
295971,295971,295974,3,0
295971,295971,295973,2,0
295971,295971,295974,3,0
295971,295971,295974,3,0
295971,295971,295974,3,0
295971,295971,295974,3,0
295971,295971,295974,3,0
295971,295971,295974,3,0
295971,295971,295974,3,0
295971,295971,295974,3,0
295971,295971,295974,3,0
295976,295976,295978,2,0
295976,295976,295977,1,0
295976,295976,295978,2,0
295976,295976,295978,2,0
295976,295976,295978,2,0
295976,295976,295978,2,0
295976,295976,295977,1,0
295976,295976,295978,2,0
295976,295976,295977,1,0
295976,295976,295978,2,0
295976,295976,295978,2,0
295976,295976,295978,2,0
295976,295976,295978,2,0
295976,295976,295978,2,0
295976,295976,295978,2,0
295976,295976,295978,2,0
295976,295976,295978,2,0
295976,295976,295978,2,0
295976,295976,295978,2,0
295976,295976,295978,2,0
295976,295976,295978,2,0
295976,295976,295978,2,0
295976,295976,295978,2,0
295976,295976,295978,2,0
295976,295976,295978,2,0
295976,295976,295979,3,0
295976,295976,295979,3,0
295976,295976,295979,3,0
295976,295976,295978,2,0
295976,295976,295979,3,0
295976,295976,295979,3,0
295976,295976,295978,2,0
295980,295980,295981,1,0
295980,295980,295982,2,0
295980,295980,295982,2,0
295980,295980,295982,2,0
295980,295980,295982,2,0
295980,295980,295982,2,0
295980,295980,295982,2,0
295980,295980,295982,2,0
295980,295980,295982,2,0
295980,295980,295983,3,0
295980,295980,295983,3,0
295980,295980,295982,2,0
295980,295980,295982,2,0
295980,295980,295982,2,0
295980,295980,295982,2,0
295980,295980,295982,2,0
295980,295980,295983,3,0
295980,295980,295982,2,0
295980,295980,295982,2,0
295980,295980,295983,3,0
295980,295980,295983,3,0
295980,295980,295983,3,0
295980,295980,295982,2,0
295980,295980,295983,3,0
295980,295980,295982,2,0
295980,295980,295982,2,0
295980,295980,295982,2,0
295980,295980,295983,3,0
295980,295980,295982,2,0
295980,295980,295983,3,0
295980,295980,295983,3,0
295980,295980,295983,3,0
295985,295985,295987,2,0
295985,295985,295986,1,0
295985,295985,295987,2,0
295985,295985,295987,2,0
295985,295985,295987,2,0
295985,295985,295987,2,0
295985,295985,295987,2,0
295985,295985,295987,2,0
295985,295985,295987,2,0
295985,295985,295987,2,0
295985,295985,295987,2,0
295985,295985,295987,2,0
295985,295985,295987,2,0
295985,295985,295987,2,0
295985,295985,295987,2,0
295985,295985,295987,2,0
295985,295985,295988,3,0
295985,295985,295987,2,0
295985,295985,295988,3,0
295985,295985,295987,2,0
295985,295985,295988,3,0
295985,295985,295987,2,0
295985,295985,295987,2,0
295985,295985,295988,3,0
295985,295985,295987,2,0
295985,295985,295988,3,0
295985,295985,295991,6,0
295985,295985,295991,6,0
295985,295985,295991,6,0
295985,295985,295990,5,0
295985,295985,295991,6,0
295985,295985,295991,6,0
295993,295993,295995,2,0
295993,295993,295995,2,0
295993,295993,295995,2,0
295993,295993,295995,2,0
295993,295993,295995,2,0
295993,295993,295996,3,0
295993,295993,295996,3,0
295993,295993,295995,2,0
295993,295993,295995,2,0
295993,295993,295996,3,0
295993,295993,295996,3,0
295993,295993,295996,3,0
295993,295993,295996,3,0
295993,295993,295996,3,0
295993,295993,295996,3,0
295993,295993,295995,2,0
295993,295993,295996,3,0
295993,295993,295996,3,0
295993,295993,295996,3,0
295993,295993,295996,3,0
295993,295993,295996,3,0
295993,295993,295996,3,0
295993,295993,295996,3,0
295993,295993,295996,3,0
295993,295993,295996,3,0
295993,295993,295996,3,0
295993,295993,295996,3,0
295993,295993,295996,3,0
295993,295993,295995,2,0
295993,295993,295996,3,0
295993,295993,295996,3,0
295993,295993,295996,3,0
295997,295997,296000,3,0
295997,295997,296000,3,0
295997,295997,296000,3,0
295997,295997,296000,3,0
295997,295997,296000,3,0
295997,295997,296000,3,0
295997,295997,296000,3,0
295997,295997,296000,3,0
295997,295997,295999,2,0
295997,295997,296000,3,0
295997,295997,296000,3,0
295997,295997,296000,3,0
295997,295997,296000,3,0
295997,295997,296000,3,0
295997,295997,296000,3,0
295997,295997,296000,3,0
295997,295997,296001,4,0
295997,295997,296001,4,0
295997,295997,296000,3,0
295997,295997,296001,4,0
295997,295997,296001,4,0
295997,295997,296000,3,0
295997,295997,296000,3,0
295997,295997,296001,4,0
295997,295997,296001,4,0
295997,295997,296001,4,0
295997,295997,296001,4,0
295997,295997,296001,4,0
295997,295997,296001,4,0
295997,295997,296001,4,0
295997,295997,296001,4,0
295997,295997,296001,4,0
296002,296002,296004,2,0
296002,296002,296004,2,0
296002,296002,296004,2,0
296002,296002,296004,2,0
296002,296002,296005,3,0
296002,296002,296005,3,0
296002,296002,296005,3,0
296002,296002,296005,3,0
296002,296002,296005,3,0
296002,296002,296005,3,0
296002,296002,296005,3,0
296002,296002,296005,3,0
296002,296002,296005,3,0
296002,296002,296005,3,0
296002,296002,296005,3,0
296002,296002,296005,3,0
296002,296002,296005,3,0
296002,296002,296005,3,0
296002,296002,296005,3,0
296002,296002,296005,3,0
296002,296002,296005,3,0
296002,296002,296005,3,0
296002,296002,296005,3,0
296002,296002,296005,3,0
296002,296002,296005,3,0
296002,296002,296005,3,0
296002,296002,296004,2,0
296002,296002,296005,3,0
296002,296002,296005,3,0
296002,296002,296005,3,0
296002,296002,296006,4,0
296002,296002,296006,4,0
296008,296008,296010,2,0
296008,296008,296010,2,0
296008,296008,296009,1,0
296008,296008,296010,2,0
296008,296008,296010,2,0
296008,296008,296010,2,0
296008,296008,296010,2,0
296008,296008,296010,2,0
296008,296008,296010,2,0
296008,296008,296010,2,0
296008,296008,296010,2,0
296008,296008,296010,2,0
296008,296008,296010,2,0
296008,296008,296010,2,0
296008,296008,296010,2,0
296008,296008,296011,3,0
296008,296008,296010,2,0
296008,296008,296011,3,0
296008,296008,296010,2,0
296008,296008,296010,2,0
296008,296008,296010,2,0
296008,296008,296011,3,0
296008,296008,296010,2,0
296008,296008,296010,2,0
296008,296008,296010,2,0
296008,296008,296011,3,0
296008,296008,296010,2,0
296008,296008,296011,3,0
296008,296008,296010,2,0
296008,296008,296010,2,0
296008,296008,296011,3,0
296008,296008,296011,3,0
296013,296013,296014,1,0
296013,296013,296015,2,0
296013,296013,296015,2,0
296013,296013,296015,2,0
296013,296013,296014,1,0
296013,296013,296015,2,0
296013,296013,296015,2,0
296013,296013,296015,2,0
296013,296013,296016,3,0
296013,296013,296015,2,0
296013,296013,296015,2,0
296013,296013,296016,3,0
296013,296013,296015,2,0
296013,296013,296015,2,0
296013,296013,296016,3,0
296013,296013,296015,2,0
296013,296013,296015,2,0
296013,296013,296015,2,0
296013,296013,296015,2,0
296013,296013,296015,2,0
296013,296013,296015,2,0
296013,296013,296015,2,0
296013,296013,296016,3,0
296013,296013,296015,2,0
296013,296013,296015,2,0
296013,296013,296016,3,0
296013,296013,296015,2,0
296013,296013,296016,3,0
296013,296013,296015,2,0
296013,296013,296015,2,0
296013,296013,296016,3,0
296013,296013,296016,3,0
296018,296018,296019,1,0
296018,296018,296020,2,0
296018,296018,296020,2,0
296018,296018,296020,2,0
296018,296018,296020,2,0
296018,296018,296021,3,0
296018,296018,296020,2,0
296018,296018,296020,2,0
296018,296018,296021,3,0
296018,296018,296020,2,0
296018,296018,296020,2,0
296018,296018,296020,2,0
296018,296018,296020,2,0
296018,296018,296020,2,0
296018,296018,296021,3,0
296018,296018,296021,3,0
296018,296018,296020,2,0
296018,296018,296020,2,0
296018,296018,296021,3,0
296018,296018,296020,2,0
296018,296018,296021,3,0
296018,296018,296021,3,0
296018,296018,296020,2,0
296018,296018,296021,3,0
296018,296018,296021,3,0
296018,296018,296020,2,0
296018,296018,296020,2,0
296018,296018,296021,3,0
296018,296018,296020,2,0
296018,296018,296021,3,0
296018,296018,296021,3,0
296018,296018,296022,4,0
296023,296023,296025,2,0
296023,296023,296024,1,0
296023,296023,296025,2,0
296023,296023,296024,1,0
296023,296023,296026,3,0
296023,296023,296025,2,0
296023,296023,296025,2,0
296023,296023,296025,2,0
296023,296023,296025,2,0
296023,296023,296025,2,0
296023,296023,296026,3,0
296023,296023,296025,2,0
296023,296023,296025,2,0
296023,296023,296025,2,0
296023,296023,296026,3,0
296023,296023,296025,2,0
296023,296023,296026,3,0
296023,296023,296025,2,0
296023,296023,296026,3,0
296023,296023,296026,3,0
296023,296023,296025,2,0
296023,296023,296026,3,0
296023,296023,296026,3,0
296023,296023,296026,3,0
296023,296023,296025,2,0
296023,296023,296025,2,0
296023,296023,296026,3,0
296023,296023,296025,2,0
296023,296023,296026,3,0
296023,296023,296027,4,0
296023,296023,296026,3,0
296023,296023,296027,4,0
296028,296028,296030,2,0
296028,296028,296030,2,0
296028,296028,296030,2,0
296028,296028,296029,1,0
296028,296028,296030,2,0
296028,296028,296029,1,0
296028,296028,296030,2,0
296028,296028,296031,3,0
296028,296028,296031,3,0
296028,296028,296030,2,0
296028,296028,296031,3,0
296028,296028,296030,2,0
296028,296028,296031,3,0
296028,296028,296030,2,0
296028,296028,296031,3,0
296028,296028,296030,2,0
296028,296028,296030,2,0
296028,296028,296031,3,0
296028,296028,296030,2,0
296028,296028,296030,2,0
296028,296028,296031,3,0
296028,296028,296030,2,0
296028,296028,296030,2,0
296028,296028,296031,3,0
296028,296028,296031,3,0
296028,296028,296031,3,0
296028,296028,296033,5,0
296028,296028,296032,4,0
296028,296028,296033,5,0
296028,296028,296032,4,0
296028,296028,296033,5,0
296028,296028,296033,5,0
296035,296035,296037,2,0
296035,296035,296036,1,0
296035,296035,296036,1,0
296035,296035,296037,2,0
296035,296035,296037,2,0
296035,296035,296038,3,0
296035,296035,296037,2,0
296035,296035,296037,2,0
296035,296035,296037,2,0
296035,296035,296037,2,0
296035,296035,296037,2,0
296035,296035,296038,3,0
296035,296035,296037,2,0
296035,296035,296038,3,0
296035,296035,296038,3,0
296035,296035,296037,2,0
296035,296035,296038,3,0
296035,296035,296037,2,0
296035,296035,296037,2,0
296035,296035,296037,2,0
296035,296035,296037,2,0
296035,296035,296037,2,0
296035,296035,296038,3,0
296035,296035,296038,3,0
296035,296035,296037,2,0
296035,296035,296038,3,0
296035,296035,296037,2,0
296035,296035,296037,2,0
296035,296035,296038,3,0
296035,296035,296037,2,0
296035,296035,296037,2,0
296035,296035,296038,3,0
296040,296040,296042,2,0
296040,296040,296042,2,0
296040,296040,296041,1,0
296040,296040,296042,2,0
296040,296040,296042,2,0
296040,296040,296042,2,0
296040,296040,296041,1,0
296040,296040,296042,2,0
296040,296040,296042,2,0
296040,296040,296042,2,0
296040,296040,296042,2,0
296040,296040,296042,2,0
296040,296040,296042,2,0
296040,296040,296042,2,0
296040,296040,296042,2,0
296040,296040,296042,2,0
296040,296040,296042,2,0
296040,296040,296042,2,0
296040,296040,296042,2,0
296040,296040,296042,2,0
296040,296040,296042,2,0
296040,296040,296042,2,0
296040,296040,296042,2,0
296040,296040,296043,3,0
296040,296040,296042,2,0
296040,296040,296043,3,0
296040,296040,296042,2,0
296040,296040,296042,2,0
296040,296040,296042,2,0
296040,296040,296042,2,0
296040,296040,296043,3,0
296040,296040,296043,3,0
296045,296045,296046,1,0
296045,296045,296046,1,0
296045,296045,296046,1,0
296045,296045,296047,2,0
296045,296045,296047,2,0
296045,296045,296047,2,0
296045,296045,296046,1,0
296045,296045,296047,2,0
296045,296045,296047,2,0
296045,296045,296046,1,0
296045,296045,296047,2,0
296045,296045,296047,2,0
296045,296045,296047,2,0
296045,296045,296047,2,0
296045,296045,296047,2,0
296045,296045,296047,2,0
296045,296045,296047,2,0
296045,296045,296048,3,0
296045,296045,296047,2,0
296045,296045,296047,2,0
296045,296045,296048,3,0
296045,296045,296047,2,0
296045,296045,296047,2,0
296045,296045,296048,3,0
296045,296045,296047,2,0
296045,296045,296048,3,0
296045,296045,296047,2,0
296045,296045,296047,2,0
296045,296045,296047,2,0
296045,296045,296047,2,0
296045,296045,296048,3,0
296045,296045,296047,2,0
296049,296049,296051,2,0
296049,296049,296051,2,0
296049,296049,296051,2,0
296049,296049,296051,2,0
296049,296049,296051,2,0
296049,296049,296051,2,0
296049,296049,296051,2,0
296049,296049,296052,3,0
296049,296049,296051,2,0
296049,296049,296051,2,0
296049,296049,296051,2,0
296049,296049,296052,3,0
296049,296049,296051,2,0
296049,296049,296051,2,0
296049,296049,296051,2,0
296049,296049,296051,2,0
296049,296049,296051,2,0
296049,296049,296051,2,0
296049,296049,296051,2,0
296049,296049,296051,2,0
296049,296049,296051,2,0
296049,296049,296051,2,0
296049,296049,296051,2,0
296049,296049,296051,2,0
296049,296049,296051,2,0
296049,296049,296051,2,0
296049,296049,296051,2,0
296049,296049,296051,2,0
296049,296049,296051,2,0
296049,296049,296051,2,0
296049,296049,296052,3,0
296049,296049,296051,2,0
296053,296053,296055,2,0
296053,296053,296054,1,0
296053,296053,296055,2,0
296053,296053,296054,1,0
296053,296053,296055,2,0
296053,296053,296055,2,0
296053,296053,296055,2,0
296053,296053,296055,2,0
296053,296053,296055,2,0
296053,296053,296055,2,0
296053,296053,296055,2,0
296053,296053,296056,3,0
296053,296053,296055,2,0
296053,296053,296055,2,0
296053,296053,296055,2,0
296053,296053,296055,2,0
296053,296053,296055,2,0
296053,296053,296055,2,0
296053,296053,296055,2,0
296053,296053,296055,2,0
296053,296053,296055,2,0
296053,296053,296055,2,0
296053,296053,296055,2,0
296053,296053,296055,2,0
296053,296053,296055,2,0
296053,296053,296055,2,0
296053,296053,296055,2,0
296053,296053,296055,2,0
296053,296053,296056,3,0
296053,296053,296055,2,0
296053,296053,296055,2,0
296053,296053,296056,3,0
296058,296058,296060,2,0
296058,296058,296060,2,0
296058,296058,296060,2,0
296058,296058,296059,1,0
296058,296058,296060,2,0
296058,296058,296061,3,0
296058,296058,296061,3,0
296058,296058,296061,3,0
296058,296058,296061,3,0
296058,296058,296060,2,0
296058,296058,296061,3,0
296058,296058,296061,3,0
296058,296058,296061,3,0
296058,296058,296061,3,0
296058,296058,296061,3,0
296058,296058,296061,3,0
296058,296058,296061,3,0
296058,296058,296061,3,0
296058,296058,296061,3,0
296058,296058,296061,3,0
296058,296058,296061,3,0
296058,296058,296061,3,0
296058,296058,296061,3,0
296058,296058,296061,3,0
296058,296058,296061,3,0
296058,296058,296060,2,0
296058,296058,296061,3,0
296058,296058,296061,3,0
296058,296058,296060,2,0
296058,296058,296061,3,0
296058,296058,296061,3,0
296058,296058,296060,2,0
296062,296062,296064,2,0
296062,296062,296064,2,0
296062,296062,296064,2,0
296062,296062,296064,2,0
296062,296062,296064,2,0
296062,296062,296065,3,0
296062,296062,296065,3,0
296062,296062,296065,3,0
296062,296062,296064,2,0
296062,296062,296065,3,0
296062,296062,296065,3,0
296062,296062,296064,2,0
296062,296062,296065,3,0
296062,296062,296065,3,0
296062,296062,296065,3,0
296062,296062,296065,3,0
296062,296062,296065,3,0
296062,296062,296065,3,0
296062,296062,296065,3,0
296062,296062,296065,3,0
296062,296062,296065,3,0
296062,296062,296065,3,0
296062,296062,296065,3,0
296062,296062,296065,3,0
296062,296062,296065,3,0
296062,296062,296065,3,0
296062,296062,296065,3,0
296062,296062,296065,3,0
296062,296062,296065,3,0
296062,296062,296065,3,0
296062,296062,296065,3,0
296062,296062,296065,3,0
296067,296067,296069,2,0
296067,296067,296069,2,0
296067,296067,296069,2,0
296067,296067,296069,2,0
296067,296067,296069,2,0
296067,296067,296069,2,0
296067,296067,296070,3,0
296067,296067,296069,2,0
296067,296067,296070,3,0
296067,296067,296070,3,0
296067,296067,296070,3,0
296067,296067,296070,3,0
296067,296067,296070,3,0
296067,296067,296070,3,0
296067,296067,296069,2,0
296067,296067,296070,3,0
296067,296067,296070,3,0
296067,296067,296070,3,0
296067,296067,296069,2,0
296067,296067,296070,3,0
296067,296067,296070,3,0
296067,296067,296070,3,0
296067,296067,296070,3,0
296067,296067,296070,3,0
296067,296067,296070,3,0
296067,296067,296070,3,0
296067,296067,296070,3,0
296067,296067,296070,3,0
296067,296067,296070,3,0
296067,296067,296071,4,0
296067,296067,296071,4,0
296067,296067,296071,4,0
296076,296076,296078,2,0
296076,296076,296078,2,0
296076,296076,296078,2,0
296076,296076,296078,2,0
296076,296076,296079,3,0
296076,296076,296079,3,0
296076,296076,296079,3,0
296076,296076,296079,3,0
296076,296076,296079,3,0
296076,296076,296078,2,0
296076,296076,296079,3,0
296076,296076,296079,3,0
296076,296076,296079,3,0
296076,296076,296079,3,0
296076,296076,296079,3,0
296076,296076,296079,3,0
296076,296076,296079,3,0
296076,296076,296079,3,0
296076,296076,296079,3,0
296076,296076,296079,3,0
296076,296076,296079,3,0
296076,296076,296079,3,0
296076,296076,296079,3,0
296076,296076,296079,3,0
296076,296076,296079,3,0
296076,296076,296079,3,0
296076,296076,296079,3,0
296076,296076,296079,3,0
296076,296076,296079,3,0
296076,296076,296079,3,0
296076,296076,296079,3,0
296076,296076,296079,3,0
296080,296081,296082,1,1
296080,296081,296082,1,1
296080,296081,296084,3,1
296080,296081,296083,2,1
296080,296081,296083,2,1
296080,296081,296083,2,1
296080,296081,296084,3,1
296080,296081,296083,2,1
296080,296081,296083,2,1
296080,296081,296083,2,1
296080,296081,296083,2,1
296080,296081,296083,2,1
296080,296081,296083,2,1
296080,296081,296083,2,1
296080,296081,296083,2,1
296080,296081,296083,2,1
296080,296081,296084,3,1
296080,296081,296084,3,1
296080,296081,296084,3,1
296080,296081,296084,3,1
296080,296081,296084,3,1
296080,296081,296084,3,1
296080,296081,296084,3,1
296080,296081,296084,3,1
296080,296081,296084,3,1
296080,296081,296084,3,1
296080,296081,296084,3,1
296080,296081,296084,3,1
296080,296081,296084,3,1
296080,296081,296084,3,1
296080,296081,296084,3,1
296080,296081,296084,3,1
296085,296085,296087,2,0
296085,296085,296087,2,0
296085,296085,296087,2,0
296085,296085,296087,2,0
296085,296085,296088,3,0
296085,296085,296088,3,0
296085,296085,296088,3,0
296085,296086,296088,2,1
296085,296086,296088,2,1
296085,296085,296088,3,0
296085,296085,296088,3,0
296085,296086,296088,2,1
296085,296086,296088,2,1
296085,296086,296088,2,1
296085,296085,296088,3,0
296085,296085,296088,3,0
296085,296086,296088,2,1
296085,296086,296089,3,1
296085,296086,296088,2,1
296085,296086,296088,2,1
296085,296085,296088,3,0
296085,296086,296088,2,1
296085,296086,296088,2,1
296085,296085,296088,3,0
296085,296085,296088,3,0
296085,296086,296088,2,1
296085,296085,296088,3,0
296085,296086,296088,2,1
296085,296086,296088,2,1
296085,296085,296088,3,0
296085,296085,296088,3,0
296085,296086,296088,2,1
296090,296090,296092,2,0
296090,296090,296092,2,0
296090,296090,296091,1,0
296090,296090,296092,2,0
296090,296090,296091,1,0
296090,296090,296091,1,0
296090,296090,296092,2,0
296090,296090,296092,2,0
296090,296090,296092,2,0
296090,296090,296092,2,0
296090,296090,296092,2,0
296090,296090,296092,2,0
296090,296090,296092,2,0
296090,296090,296093,3,0
296090,296090,296092,2,0
296090,296090,296092,2,0
296090,296090,296092,2,0
296090,296090,296092,2,0
296090,296090,296092,2,0
296090,296090,296092,2,0
296090,296090,296092,2,0
296090,296090,296092,2,0
296090,296090,296092,2,0
296090,296090,296092,2,0
296090,296090,296092,2,0
296090,296090,296093,3,0
296090,296090,296092,2,0
296090,296090,296092,2,0
296090,296090,296093,3,0
296090,296090,296092,2,0
296090,296090,296092,2,0
296090,296090,296093,3,0
296095,296095,296097,2,0
296095,296095,296097,2,0
296095,296095,296096,1,0
296095,296095,296097,2,0
296095,296095,296097,2,0
296095,296095,296097,2,0
296095,296095,296097,2,0
296095,296095,296097,2,0
296095,296095,296097,2,0
296095,296095,296097,2,0
296095,296095,296097,2,0
296095,296095,296097,2,0
296095,296095,296097,2,0
296095,296095,296097,2,0
296095,296095,296097,2,0
296095,296095,296097,2,0
296095,296095,296097,2,0
296095,296095,296097,2,0
296095,296095,296097,2,0
296095,296095,296097,2,0
296095,296095,296098,3,0
296095,296095,296097,2,0
296095,296095,296097,2,0
296095,296095,296097,2,0
296095,296095,296097,2,0
296095,296095,296097,2,0
296095,296095,296097,2,0
296095,296095,296097,2,0
296095,296095,296097,2,0
296095,296095,296097,2,0
296095,296095,296097,2,0
296095,296095,296097,2,0
296099,296099,296100,1,0
296099,296099,296100,1,0
296099,296099,296100,1,0
296099,296099,296101,2,0
296099,296099,296101,2,0
296099,296099,296101,2,0
296099,296099,296101,2,0
296099,296099,296101,2,0
296099,296099,296101,2,0
296099,296099,296101,2,0
296099,296099,296101,2,0
296099,296099,296101,2,0
296099,296099,296101,2,0
296099,296099,296101,2,0
296099,296099,296101,2,0
296099,296099,296101,2,0
296099,296099,296101,2,0
296099,296099,296101,2,0
296099,296099,296101,2,0
296099,296099,296101,2,0
296099,296099,296101,2,0
296099,296099,296101,2,0
296099,296099,296101,2,0
296099,296099,296101,2,0
296099,296099,296101,2,0
296099,296099,296101,2,0
296099,296099,296101,2,0
296099,296099,296101,2,0
296099,296099,296101,2,0
296099,296099,296101,2,0
296099,296099,296102,3,0
296099,296099,296102,3,0
296105,296105,296107,2,0
296105,296105,296106,1,0
296105,296105,296106,1,0
296105,296105,296106,1,0
296105,296105,296107,2,0
296105,296105,296107,2,0
296105,296105,296107,2,0
296105,296105,296107,2,0
296105,296105,296107,2,0
296105,296105,296107,2,0
296105,296105,296108,3,0
296105,296105,296107,2,0
296105,296105,296107,2,0
296105,296105,296107,2,0
296105,296105,296107,2,0
296105,296105,296107,2,0
296105,296105,296107,2,0
296105,296105,296107,2,0
296105,296105,296107,2,0
296105,296105,296107,2,0
296105,296105,296107,2,0
296105,296105,296107,2,0
296105,296105,296107,2,0
296105,296105,296107,2,0
296105,296105,296107,2,0
296105,296105,296107,2,0
296105,296105,296107,2,0
296105,296105,296107,2,0
296105,296105,296107,2,0
296105,296105,296107,2,0
296105,296105,296107,2,0
296105,296105,296108,3,0
296110,296110,296111,1,0
296110,296110,296111,1,0
296110,296110,296112,2,0
296110,296110,296111,1,0
296110,296110,296111,1,0
296110,296110,296111,1,0
296110,296110,296112,2,0
296110,296110,296112,2,0
296110,296110,296112,2,0
296110,296110,296112,2,0
296110,296110,296112,2,0
296110,296110,296112,2,0
296110,296110,296112,2,0
296110,296110,296112,2,0
296110,296110,296112,2,0
296110,296110,296112,2,0
296110,296110,296112,2,0
296110,296110,296112,2,0
296110,296110,296112,2,0
296110,296110,296113,3,0
296110,296110,296112,2,0
296110,296110,296112,2,0
296110,296110,296112,2,0
296110,296110,296112,2,0
296110,296110,296112,2,0
296110,296110,296112,2,0
296110,296110,296112,2,0
296110,296110,296112,2,0
296110,296110,296112,2,0
296110,296110,296112,2,0
296110,296110,296113,3,0
296110,296110,296113,3,0
296115,296115,296116,1,0
296115,296115,296117,2,0
296115,296115,296116,1,0
296115,296115,296117,2,0
296115,296115,296116,1,0
296115,296115,296117,2,0
296115,296115,296117,2,0
296115,296115,296117,2,0
296115,296115,296117,2,0
296115,296115,296117,2,0
296115,296115,296117,2,0
296115,296115,296117,2,0
296115,296115,296117,2,0
296115,296115,296117,2,0
296115,296115,296117,2,0
296115,296115,296117,2,0
296115,296115,296117,2,0
296115,296115,296117,2,0
296115,296115,296117,2,0
296115,296115,296117,2,0
296115,296115,296117,2,0
296115,296115,296117,2,0
296115,296115,296117,2,0
296115,296115,296117,2,0
296115,296115,296117,2,0
296115,296115,296117,2,0
296115,296115,296117,2,0
296115,296115,296117,2,0
296115,296115,296117,2,0
296115,296115,296117,2,0
296115,296115,296117,2,0
296115,296115,296117,2,0
296119,296119,296120,1,0
296119,296119,296120,1,0
296119,296119,296121,2,0
296119,296119,296120,1,0
296119,296119,296121,2,0
296119,296119,296121,2,0
296119,296119,296120,1,0
296119,296119,296120,1,0
296119,296119,296120,1,0
296119,296119,296120,1,0
296119,296119,296121,2,0
296119,296119,296121,2,0
296119,296119,296121,2,0
296119,296119,296121,2,0
296119,296119,296121,2,0
296119,296119,296121,2,0
296119,296119,296121,2,0
296119,296119,296121,2,0
296119,296119,296121,2,0
296119,296119,296121,2,0
296119,296119,296121,2,0
296119,296119,296121,2,0
296119,296119,296121,2,0
296119,296119,296121,2,0
296119,296119,296121,2,0
296119,296119,296121,2,0
296119,296119,296121,2,0
296119,296119,296121,2,0
296119,296119,296121,2,0
296119,296119,296121,2,0
296119,296119,296121,2,0
296119,296119,296121,2,0
296123,296123,296124,1,0
296123,296123,296125,2,0
296123,296123,296126,3,0
296123,296123,296125,2,0
296123,296123,296126,3,0
296123,296123,296125,2,0
296123,296123,296125,2,0
296123,296123,296126,3,0
296123,296123,296125,2,0
296123,296123,296126,3,0
296123,296123,296126,3,0
296123,296123,296125,2,0
296123,296123,296126,3,0
296123,296123,296125,2,0
296123,296123,296125,2,0
296123,296123,296125,2,0
296123,296123,296126,3,0
296123,296123,296126,3,0
296123,296123,296126,3,0
296123,296123,296125,2,0
296123,296123,296126,3,0
296123,296123,296125,2,0
296123,296123,296125,2,0
296123,296123,296125,2,0
296123,296123,296126,3,0
296123,296123,296126,3,0
296123,296123,296126,3,0
296123,296123,296126,3,0
296123,296123,296126,3,0
296123,296123,296126,3,0
296123,296123,296126,3,0
296123,296123,296126,3,0
296128,296128,296130,2,0
296128,296128,296129,1,0
296128,296128,296130,2,0
296128,296128,296130,2,0
296128,296128,296131,3,0
296128,296128,296131,3,0
296128,296128,296131,3,0
296128,296128,296131,3,0
296128,296128,296130,2,0
296128,296128,296131,3,0
296128,296128,296130,2,0
296128,296128,296130,2,0
296128,296128,296130,2,0
296128,296128,296130,2,0
296128,296128,296131,3,0
296128,296128,296131,3,0
296128,296128,296130,2,0
296128,296128,296131,3,0
296128,296128,296130,2,0
296128,296128,296131,3,0
296128,296128,296131,3,0
296128,296128,296131,3,0
296128,296128,296130,2,0
296128,296128,296131,3,0
296128,296128,296130,2,0
296128,296128,296131,3,0
296128,296128,296130,2,0
296128,296128,296130,2,0
296128,296128,296131,3,0
296128,296128,296131,3,0
296128,296128,296130,2,0
296128,296128,296131,3,0
296133,296134,296135,1,1
296133,296134,296136,2,1
296133,296134,296135,1,1
296133,296134,296135,1,1
296133,296134,296136,2,1
296133,296134,296136,2,1
296133,296134,296136,2,1
296133,296134,296136,2,1
296133,296134,296136,2,1
296133,296134,296136,2,1
296133,296134,296136,2,1
296133,296134,296136,2,1
296133,296134,296136,2,1
296133,296134,296136,2,1
296133,296134,296136,2,1
296133,296134,296136,2,1
296133,296134,296136,2,1
296133,296134,296136,2,1
296133,296134,296136,2,1
296133,296134,296136,2,1
296133,296134,296136,2,1
296133,296134,296137,3,1
296133,296134,296136,2,1
296133,296134,296136,2,1
296133,296134,296136,2,1
296133,296134,296136,2,1
296133,296134,296136,2,1
296133,296134,296136,2,1
296133,296134,296136,2,1
296133,296134,296136,2,1
296133,296134,296136,2,1
296133,296134,296136,2,1
296137,296138,296139,1,1
296137,296138,296139,1,1
296137,296138,296139,1,1
296137,296138,296139,1,1
296137,296138,296140,2,1
296137,296138,296140,2,1
296137,296138,296140,2,1
296137,296138,296140,2,1
296137,296138,296140,2,1
296137,296138,296140,2,1
296137,296138,296140,2,1
296137,296138,296140,2,1
296137,296138,296140,2,1
296137,296138,296140,2,1
296137,296138,296140,2,1
296137,296138,296140,2,1
296137,296138,296140,2,1
296137,296138,296140,2,1
296137,296138,296140,2,1
296137,296138,296140,2,1
296137,296138,296140,2,1
296137,296138,296140,2,1
296137,296138,296140,2,1
296137,296138,296140,2,1
296137,296138,296140,2,1
296137,296138,296140,2,1
296137,296138,296140,2,1
296137,296138,296140,2,1
296137,296138,296140,2,1
296137,296138,296140,2,1
296137,296138,296140,2,1
296137,296138,296140,2,1
296141,296141,296143,2,0
296141,296141,296143,2,0
296141,296141,296143,2,0
296141,296141,296143,2,0
296141,296141,296143,2,0
296141,296141,296143,2,0
296141,296141,296144,3,0
296141,296141,296144,3,0
296141,296141,296144,3,0
296141,296141,296144,3,0
296141,296141,296144,3,0
296141,296141,296144,3,0
296141,296141,296144,3,0
296141,296141,296144,3,0
296141,296141,296144,3,0
296141,296141,296144,3,0
296141,296141,296144,3,0
296141,296141,296144,3,0
296141,296141,296144,3,0
296141,296141,296144,3,0
296141,296141,296144,3,0
296141,296141,296144,3,0
296141,296141,296144,3,0
296141,296141,296144,3,0
296141,296141,296144,3,0
296141,296141,296144,3,0
296141,296141,296144,3,0
296141,296141,296144,3,0
296141,296141,296144,3,0
296141,296141,296145,4,0
296141,296141,296145,4,0
296141,296141,296145,4,0
296146,296146,296148,2,0
296146,296146,296148,2,0
296146,296146,296148,2,0
296146,296146,296149,3,0
296146,296146,296149,3,0
296146,296146,296149,3,0
296146,296146,296149,3,0
296146,296146,296149,3,0
296146,296146,296149,3,0
296146,296146,296149,3,0
296146,296146,296149,3,0
296146,296146,296149,3,0
296146,296146,296149,3,0
296146,296146,296149,3,0
296146,296146,296149,3,0
296146,296146,296149,3,0
296146,296146,296149,3,0
296146,296146,296149,3,0
296146,296146,296149,3,0
296146,296146,296149,3,0
296146,296146,296150,4,0
296146,296146,296150,4,0
296146,296146,296149,3,0
296146,296146,296150,4,0
296146,296146,296150,4,0
296146,296146,296150,4,0
296146,296146,296150,4,0
296146,296146,296149,3,0
296146,296146,296149,3,0
296146,296146,296149,3,0
296146,296146,296150,4,0
296146,296146,296149,3,0
296151,296151,296153,2,0
296151,296151,296153,2,0
296151,296151,296153,2,0
296151,296151,296153,2,0
296151,296151,296153,2,0
296151,296151,296154,3,0
296151,296151,296153,2,0
296151,296151,296154,3,0
296151,296151,296154,3,0
296151,296151,296154,3,0
296151,296151,296153,2,0
296151,296151,296154,3,0
296151,296151,296153,2,0
296151,296151,296153,2,0
296151,296151,296154,3,0
296151,296151,296154,3,0
296151,296151,296153,2,0
296151,296151,296154,3,0
296151,296151,296154,3,0
296151,296151,296154,3,0
296151,296151,296154,3,0
296151,296151,296153,2,0
296151,296151,296154,3,0
296151,296151,296154,3,0
296151,296151,296153,2,0
296151,296151,296155,4,0
296151,296151,296154,3,0
296151,296151,296155,4,0
296151,296151,296154,3,0
296151,296151,296154,3,0
296151,296151,296155,4,0
296151,296151,296161,10,0
296164,296164,296165,1,0
296164,296164,296165,1,0
296164,296164,296165,1,0
296164,296164,296167,3,0
296164,296164,296166,2,0
296164,296164,296166,2,0
296164,296164,296166,2,0
296164,296164,296167,3,0
296164,296164,296166,2,0
296164,296164,296166,2,0
296164,296164,296166,2,0
296164,296164,296166,2,0
296164,296164,296166,2,0
296164,296164,296166,2,0
296164,296164,296166,2,0
296164,296164,296166,2,0
296164,296164,296166,2,0
296164,296164,296166,2,0
296164,296164,296166,2,0
296164,296164,296167,3,0
296164,296164,296166,2,0
296164,296164,296166,2,0
296164,296164,296166,2,0
296164,296164,296166,2,0
296164,296164,296166,2,0
296164,296164,296166,2,0
296164,296164,296166,2,0
296164,296164,296167,3,0
296164,296164,296167,3,0
296164,296164,296167,3,0
296164,296164,296167,3,0
296164,296164,296167,3,0
296169,296169,296170,1,0
296169,296169,296171,2,0
296169,296169,296170,1,0
296169,296169,296171,2,0
296169,296169,296171,2,0
296169,296169,296172,3,0
296169,296169,296171,2,0
296169,296169,296172,3,0
296169,296169,296171,2,0
296169,296169,296171,2,0
296169,296169,296172,3,0
296169,296169,296171,2,0
296169,296169,296171,2,0
296169,296169,296171,2,0
296169,296169,296172,3,0
296169,296169,296171,2,0
296169,296169,296172,3,0
296169,296169,296171,2,0
296169,296169,296171,2,0
296169,296169,296171,2,0
296169,296169,296172,3,0
296169,296169,296171,2,0
296169,296169,296172,3,0
296169,296169,296171,2,0
296169,296169,296172,3,0
296169,296169,296171,2,0
296169,296169,296171,2,0
296169,296169,296171,2,0
296169,296169,296171,2,0
296169,296169,296172,3,0
296169,296169,296172,3,0
296169,296169,296172,3,0
296174,296174,296176,2,0
296174,296174,296176,2,0
296174,296174,296176,2,0
296174,296174,296176,2,0
296174,296174,296176,2,0
296174,296174,296176,2,0
296174,296174,296176,2,0
296174,296174,296176,2,0
296174,296174,296176,2,0
296174,296174,296176,2,0
296174,296174,296177,3,0
296174,296174,296176,2,0
296174,296174,296176,2,0
296174,296174,296177,3,0
296174,296174,296176,2,0
296174,296174,296177,3,0
296174,296174,296177,3,0
296174,296174,296177,3,0
296174,296174,296177,3,0
296174,296174,296176,2,0
296174,296174,296176,2,0
296174,296174,296176,2,0
296174,296174,296176,2,0
296174,296174,296177,3,0
296174,296174,296176,2,0
296174,296174,296176,2,0
296174,296174,296176,2,0
296174,296174,296177,3,0
296174,296174,296177,3,0
296174,296174,296176,2,0
296174,296174,296176,2,0
296174,296174,296176,2,0
296178,296178,296180,2,0
296178,296178,296180,2,0
296178,296178,296179,1,0
296178,296178,296180,2,0
296178,296178,296180,2,0
296178,296178,296180,2,0
296178,296178,296180,2,0
296178,296178,296180,2,0
296178,296178,296180,2,0
296178,296178,296180,2,0
296178,296178,296180,2,0
296178,296178,296180,2,0
296178,296178,296180,2,0
296178,296178,296181,3,0
296178,296178,296180,2,0
296178,296178,296181,3,0
296178,296178,296180,2,0
296178,296178,296181,3,0
296178,296178,296181,3,0
296178,296178,296180,2,0
296178,296178,296181,3,0
296178,296178,296180,2,0
296178,296178,296180,2,0
296178,296178,296181,3,0
296178,296178,296180,2,0
296178,296178,296180,2,0
296178,296178,296180,2,0
296178,296178,296180,2,0
296178,296178,296181,3,0
296178,296178,296180,2,0
296178,296178,296180,2,0
296178,296178,296181,3,0
296182,296182,296184,2,0
296182,296182,296184,2,0
296182,296182,296184,2,0
296182,296182,296184,2,0
296182,296182,296185,3,0
296182,296182,296184,2,0
296182,296182,296185,3,0
296182,296182,296185,3,0
296182,296182,296184,2,0
296182,296182,296184,2,0
296182,296182,296185,3,0
296182,296182,296185,3,0
296182,296182,296185,3,0
296182,296182,296185,3,0
296182,296182,296184,2,0
296182,296182,296185,3,0
296182,296182,296185,3,0
296182,296182,296184,2,0
296182,296182,296185,3,0
296182,296182,296185,3,0
296182,296182,296185,3,0
296182,296182,296185,3,0
296182,296182,296184,2,0
296182,296182,296184,2,0
296182,296182,296185,3,0
296182,296182,296185,3,0
296182,296182,296184,2,0
296182,296182,296185,3,0
296182,296182,296185,3,0
296182,296182,296184,2,0
296182,296182,296186,4,0
296182,296182,296185,3,0
296187,296187,296189,2,0
296187,296187,296189,2,0
296187,296187,296189,2,0
296187,296187,296189,2,0
296187,296187,296189,2,0
296187,296187,296189,2,0
296187,296187,296189,2,0
296187,296187,296190,3,0
296187,296187,296190,3,0
296187,296187,296190,3,0
296187,296187,296190,3,0
296187,296187,296189,2,0
296187,296187,296190,3,0
296187,296187,296189,2,0
296187,296187,296190,3,0
296187,296187,296189,2,0
296187,296187,296190,3,0
296187,296187,296190,3,0
296187,296187,296190,3,0
296187,296187,296190,3,0
296187,296187,296190,3,0
296187,296187,296189,2,0
296187,296187,296190,3,0
296187,296187,296190,3,0
296187,296187,296190,3,0
296187,296187,296190,3,0
296187,296187,296190,3,0
296187,296187,296189,2,0
296187,296187,296190,3,0
296187,296187,296190,3,0
296187,296187,296190,3,0
296187,296187,296190,3,0
296192,296192,296194,2,0
296192,296192,296194,2,0
296192,296192,296194,2,0
296192,296192,296194,2,0
296192,296192,296194,2,0
296192,296192,296194,2,0
296192,296192,296195,3,0
296192,296192,296195,3,0
296192,296192,296195,3,0
296192,296192,296195,3,0
296192,296192,296194,2,0
296192,296192,296195,3,0
296192,296192,296194,2,0
296192,296192,296194,2,0
296192,296192,296195,3,0
296192,296192,296195,3,0
296192,296192,296195,3,0
296192,296192,296194,2,0
296192,296192,296195,3,0
296192,296192,296195,3,0
296192,296192,296195,3,0
296192,296192,296195,3,0
296192,296192,296195,3,0
296192,296192,296194,2,0
296192,296192,296195,3,0
296192,296192,296195,3,0
296192,296192,296195,3,0
296192,296192,296195,3,0
296192,296192,296194,2,0
296192,296192,296194,2,0
296192,296192,296196,4,0
296192,296192,296195,3,0
296200,296200,296202,2,0
296200,296200,296202,2,0
296200,296200,296202,2,0
296200,296200,296202,2,0
296200,296200,296202,2,0
296200,296200,296202,2,0
296200,296200,296203,3,0
296200,296200,296202,2,0
296200,296200,296203,3,0
296200,296200,296203,3,0
296200,296200,296202,2,0
296200,296200,296203,3,0
296200,296200,296203,3,0
296200,296200,296203,3,0
296200,296200,296203,3,0
296200,296200,296203,3,0
296200,296200,296203,3,0
296200,296200,296203,3,0
296200,296200,296203,3,0
296200,296200,296202,2,0
296200,296200,296203,3,0
296200,296200,296202,2,0
296200,296200,296203,3,0
296200,296200,296203,3,0
296200,296200,296203,3,0
296200,296200,296202,2,0
296200,296200,296203,3,0
296200,296200,296203,3,0
296200,296200,296203,3,0
296200,296200,296203,3,0
296200,296200,296203,3,0
296200,296200,296203,3,0
296204,296204,296206,2,0
296204,296204,296206,2,0
296204,296204,296206,2,0
296204,296204,296206,2,0
296204,296204,296207,3,0
296204,296204,296207,3,0
296204,296204,296207,3,0
296204,296204,296207,3,0
296204,296204,296207,3,0
296204,296204,296207,3,0
296204,296204,296207,3,0
296204,296204,296207,3,0
296204,296204,296207,3,0
296204,296204,296207,3,0
296204,296204,296207,3,0
296204,296204,296207,3,0
296204,296204,296207,3,0
296204,296204,296207,3,0
296204,296204,296207,3,0
296204,296204,296207,3,0
296204,296204,296207,3,0
296204,296204,296207,3,0
296204,296204,296207,3,0
296204,296204,296207,3,0
296204,296204,296207,3,0
296204,296204,296207,3,0
296204,296204,296208,4,0
296204,296204,296208,4,0
296204,296204,296208,4,0
296204,296204,296208,4,0
296204,296204,296208,4,0
296204,296204,296208,4,0
296209,296209,296211,2,0
296209,296209,296211,2,0
296209,296209,296211,2,0
296209,296209,296211,2,0
296209,296209,296212,3,0
296209,296209,296212,3,0
296209,296209,296212,3,0
296209,296209,296212,3,0
296209,296209,296212,3,0
296209,296209,296212,3,0
296209,296209,296212,3,0
296209,296209,296212,3,0
296209,296209,296212,3,0
296209,296209,296212,3,0
296209,296209,296212,3,0
296209,296209,296212,3,0
296209,296209,296212,3,0
296209,296209,296211,2,0
296209,296209,296212,3,0
296209,296209,296212,3,0
296209,296209,296212,3,0
296209,296209,296212,3,0
296209,296209,296212,3,0
296209,296209,296212,3,0
296209,296209,296212,3,0
296209,296209,296211,2,0
296209,296209,296212,3,0
296209,296209,296212,3,0
296209,296209,296212,3,0
296209,296209,296212,3,0
296209,296209,296212,3,0
296209,296209,296212,3,0
296213,296213,296215,2,0
296213,296213,296215,2,0
296213,296213,296215,2,0
296213,296213,296215,2,0
296213,296213,296215,2,0
296213,296213,296215,2,0
296213,296213,296215,2,0
296213,296213,296215,2,0
296213,296213,296216,3,0
296213,296213,296216,3,0
296213,296213,296216,3,0
296213,296213,296216,3,0
296213,296213,296216,3,0
296213,296213,296215,2,0
296213,296213,296216,3,0
296213,296213,296216,3,0
296213,296213,296216,3,0
296213,296213,296216,3,0
296213,296213,296216,3,0
296213,296213,296216,3,0
296213,296213,296216,3,0
296213,296213,296215,2,0
296213,296213,296215,2,0
296213,296213,296216,3,0
296213,296213,296216,3,0
296213,296213,296216,3,0
296213,296213,296216,3,0
296213,296213,296216,3,0
296213,296213,296216,3,0
296213,296213,296216,3,0
296213,296213,296216,3,0
296213,296213,296216,3,0
296217,296217,296219,2,0
296217,296217,296219,2,0
296217,296217,296219,2,0
296217,296217,296219,2,0
296217,296217,296220,3,0
296217,296217,296220,3,0
296217,296217,296220,3,0
296217,296217,296220,3,0
296217,296217,296220,3,0
296217,296217,296220,3,0
296217,296217,296220,3,0
296217,296217,296220,3,0
296217,296217,296220,3,0
296217,296217,296220,3,0
296217,296217,296220,3,0
296217,296217,296220,3,0
296217,296217,296220,3,0
296217,296217,296220,3,0
296217,296217,296220,3,0
296217,296217,296220,3,0
296217,296217,296220,3,0
296217,296217,296220,3,0
296217,296217,296220,3,0
296217,296217,296220,3,0
296217,296217,296220,3,0
296217,296217,296220,3,0
296217,296217,296220,3,0
296217,296217,296220,3,0
296217,296217,296220,3,0
296217,296217,296220,3,0
296217,296217,296221,4,0
296217,296217,296221,4,0
296222,296222,296224,2,0
296222,296222,296224,2,0
296222,296222,296223,1,0
296222,296222,296224,2,0
296222,296222,296225,3,0
296222,296222,296225,3,0
296222,296222,296225,3,0
296222,296222,296225,3,0
296222,296222,296225,3,0
296222,296222,296225,3,0
296222,296222,296225,3,0
296222,296222,296225,3,0
296222,296222,296225,3,0
296222,296222,296225,3,0
296222,296222,296225,3,0
296222,296222,296224,2,0
296222,296222,296224,2,0
296222,296222,296225,3,0
296222,296222,296225,3,0
296222,296222,296225,3,0
296222,296222,296225,3,0
296222,296222,296224,2,0
296222,296222,296225,3,0
296222,296222,296224,2,0
296222,296222,296225,3,0
296222,296222,296224,2,0
296222,296222,296225,3,0
296222,296222,296225,3,0
296222,296222,296225,3,0
296222,296222,296225,3,0
296222,296222,296225,3,0
296222,296222,296225,3,0
296227,296227,296229,2,0
296227,296227,296229,2,0
296227,296227,296229,2,0
296227,296227,296229,2,0
296227,296227,296229,2,0
296227,296227,296229,2,0
296227,296227,296229,2,0
296227,296227,296230,3,0
296227,296227,296230,3,0
296227,296227,296230,3,0
296227,296227,296230,3,0
296227,296227,296230,3,0
296227,296227,296230,3,0
296227,296227,296230,3,0
296227,296227,296230,3,0
296227,296227,296230,3,0
296227,296227,296230,3,0
296227,296227,296229,2,0
296227,296227,296229,2,0
296227,296227,296229,2,0
296227,296227,296229,2,0
296227,296227,296230,3,0
296227,296227,296230,3,0
296227,296227,296230,3,0
296227,296227,296230,3,0
296227,296227,296230,3,0
296227,296227,296230,3,0
296227,296227,296230,3,0
296227,296227,296230,3,0
296227,296227,296231,4,0
296227,296227,296231,4,0
296227,296227,296231,4,0
296232,296232,296234,2,0
296232,296232,296234,2,0
296232,296232,296234,2,0
296232,296232,296233,1,0
296232,296232,296234,2,0
296232,296232,296234,2,0
296232,296232,296235,3,0
296232,296232,296234,2,0
296232,296232,296235,3,0
296232,296232,296235,3,0
296232,296232,296235,3,0
296232,296232,296234,2,0
296232,296232,296235,3,0
296232,296232,296234,2,0
296232,296232,296235,3,0
296232,296232,296234,2,0
296232,296232,296235,3,0
296232,296232,296234,2,0
296232,296232,296234,2,0
296232,296232,296235,3,0
296232,296232,296235,3,0
296232,296232,296235,3,0
296232,296232,296235,3,0
296232,296232,296234,2,0
296232,296232,296235,3,0
296232,296232,296235,3,0
296232,296232,296235,3,0
296232,296232,296235,3,0
296232,296232,296234,2,0
296232,296232,296235,3,0
296232,296232,296235,3,0
296232,296232,296234,2,0
296236,296236,296238,2,0
296236,296236,296238,2,0
296236,296236,296238,2,0
296236,296236,296238,2,0
296236,296236,296238,2,0
296236,296236,296238,2,0
296236,296236,296239,3,0
296236,296236,296239,3,0
296236,296236,296239,3,0
296236,296236,296239,3,0
296236,296236,296239,3,0
296236,296236,296238,2,0
296236,296236,296239,3,0
296236,296236,296238,2,0
296236,296236,296239,3,0
296236,296236,296238,2,0
296236,296236,296239,3,0
296236,296236,296239,3,0
296236,296236,296239,3,0
296236,296236,296239,3,0
296236,296236,296239,3,0
296236,296236,296239,3,0
296236,296236,296239,3,0
296236,296236,296239,3,0
296236,296236,296238,2,0
296236,296236,296239,3,0
296236,296236,296238,2,0
296236,296236,296239,3,0
296236,296236,296239,3,0
296236,296236,296239,3,0
296236,296236,296239,3,0
296236,296236,296239,3,0
296243,296243,296244,1,0
296243,296243,296245,2,0
296243,296243,296245,2,0
296243,296243,296246,3,0
296243,296243,296245,2,0
296243,296243,296246,3,0
296243,296243,296246,3,0
296243,296243,296245,2,0
296243,296243,296246,3,0
296243,296243,296245,2,0
296243,296243,296246,3,0
296243,296243,296246,3,0
296243,296243,296245,2,0
296243,296243,296246,3,0
296243,296243,296245,2,0
296243,296243,296246,3,0
296243,296243,296245,2,0
296243,296243,296246,3,0
296243,296243,296245,2,0
296243,296243,296245,2,0
296243,296243,296246,3,0
296243,296243,296246,3,0
296243,296243,296246,3,0
296243,296243,296245,2,0
296243,296243,296245,2,0
296243,296243,296246,3,0
296243,296243,296246,3,0
296243,296243,296245,2,0
296243,296243,296246,3,0
296243,296243,296246,3,0
296243,296243,296245,2,0
296243,296243,296246,3,0
296248,296248,296250,2,0
296248,296248,296250,2,0
296248,296248,296251,3,0
296248,296248,296250,2,0
296248,296248,296250,2,0
296248,296248,296250,2,0
296248,296248,296250,2,0
296248,296248,296251,3,0
296248,296248,296250,2,0
296248,296248,296251,3,0
296248,296248,296251,3,0
296248,296248,296250,2,0
296248,296248,296250,2,0
296248,296248,296251,3,0
296248,296248,296251,3,0
296248,296248,296251,3,0
296248,296248,296251,3,0
296248,296248,296250,2,0
296248,296248,296250,2,0
296248,296248,296251,3,0
296248,296248,296251,3,0
296248,296248,296251,3,0
296248,296248,296251,3,0
296248,296248,296250,2,0
296248,296248,296251,3,0
296248,296248,296251,3,0
296248,296248,296251,3,0
296248,296248,296251,3,0
296248,296248,296251,3,0
296248,296248,296251,3,0
296248,296248,296251,3,0
296248,296248,296251,3,0
296253,296253,296255,2,0
296253,296253,296255,2,0
296253,296253,296255,2,0
296253,296253,296255,2,0
296253,296253,296255,2,0
296253,296253,296255,2,0
296253,296253,296255,2,0
296253,296253,296254,1,0
296253,296253,296255,2,0
296253,296253,296256,3,0
296253,296253,296255,2,0
296253,296253,296256,3,0
296253,296253,296256,3,0
296253,296253,296256,3,0
296253,296253,296255,2,0
296253,296253,296256,3,0
296253,296253,296256,3,0
296253,296253,296255,2,0
296253,296253,296255,2,0
296253,296253,296256,3,0
296253,296253,296255,2,0
296253,296253,296255,2,0
296253,296253,296255,2,0
296253,296253,296255,2,0
296253,296253,296256,3,0
296253,296253,296255,2,0
296253,296253,296256,3,0
296253,296253,296255,2,0
296253,296253,296255,2,0
296253,296253,296256,3,0
296253,296253,296256,3,0
296253,296253,296256,3,0
296258,296258,296260,2,0
296258,296258,296260,2,0
296258,296258,296260,2,0
296258,296258,296260,2,0
296258,296258,296260,2,0
296258,296258,296259,1,0
296258,296258,296260,2,0
296258,296258,296260,2,0
296258,296258,296261,3,0
296258,296258,296261,3,0
296258,296258,296260,2,0
296258,296258,296260,2,0
296258,296258,296261,3,0
296258,296258,296260,2,0
296258,296258,296261,3,0
296258,296258,296261,3,0
296258,296258,296260,2,0
296258,296258,296260,2,0
296258,296258,296261,3,0
296258,296258,296260,2,0
296258,296258,296261,3,0
296258,296258,296261,3,0
296258,296258,296261,3,0
296258,296258,296261,3,0
296258,296258,296260,2,0
296258,296258,296261,3,0
296258,296258,296260,2,0
296258,296258,296260,2,0
296258,296258,296261,3,0
296258,296258,296260,2,0
296258,296258,296261,3,0
296258,296258,296261,3,0
296263,296263,296265,2,0
296263,296263,296265,2,0
296263,296263,296264,1,0
296263,296263,296264,1,0
296263,296263,296265,2,0
296263,296263,296265,2,0
296263,296263,296266,3,0
296263,296263,296265,2,0
296263,296263,296266,3,0
296263,296263,296265,2,0
296263,296263,296265,2,0
296263,296263,296265,2,0
296263,296263,296266,3,0
296263,296263,296265,2,0
296263,296263,296266,3,0
296263,296263,296266,3,0
296263,296263,296265,2,0
296263,296263,296266,3,0
296263,296263,296265,2,0
296263,296263,296265,2,0
296263,296263,296266,3,0
296263,296263,296266,3,0
296263,296263,296265,2,0
296263,296263,296265,2,0
296263,296263,296266,3,0
296263,296263,296265,2,0
296263,296263,296266,3,0
296263,296263,296265,2,0
296263,296263,296265,2,0
296263,296263,296266,3,0
296263,296263,296265,2,0
296263,296263,296266,3,0
296268,296268,296270,2,0
296268,296268,296270,2,0
296268,296268,296270,2,0
296268,296268,296270,2,0
296268,296268,296271,3,0
296268,296268,296271,3,0
296268,296268,296271,3,0
296268,296268,296271,3,0
296268,296268,296271,3,0
296268,296268,296271,3,0
296268,296268,296271,3,0
296268,296268,296271,3,0
296268,296268,296271,3,0
296268,296268,296271,3,0
296268,296268,296271,3,0
296268,296268,296271,3,0
296268,296268,296271,3,0
296268,296268,296271,3,0
296268,296268,296271,3,0
296268,296268,296271,3,0
296268,296268,296271,3,0
296268,296268,296271,3,0
296268,296268,296271,3,0
296268,296268,296271,3,0
296268,296268,296271,3,0
296268,296268,296271,3,0
296268,296268,296271,3,0
296268,296268,296271,3,0
296268,296268,296271,3,0
296268,296268,296271,3,0
296268,296268,296272,4,0
296268,296268,296272,4,0
296273,296274,296276,2,1
296273,296274,296275,1,1
296273,296274,296275,1,1
296273,296274,296275,1,1
296273,296274,296276,2,1
296273,296274,296276,2,1
296273,296274,296276,2,1
296273,296274,296276,2,1
296273,296274,296276,2,1
296273,296274,296276,2,1
296273,296274,296276,2,1
296273,296274,296276,2,1
296273,296274,296276,2,1
296273,296274,296276,2,1
296273,296274,296276,2,1
296273,296274,296276,2,1
296273,296274,296276,2,1
296273,296274,296276,2,1
296273,296274,296276,2,1
296273,296274,296276,2,1
296273,296274,296276,2,1
296273,296274,296276,2,1
296273,296274,296276,2,1
296273,296274,296276,2,1
296273,296274,296277,3,1
296273,296274,296276,2,1
296273,296274,296276,2,1
296273,296274,296276,2,1
296273,296274,296276,2,1
296273,296274,296277,3,1
296273,296274,296276,2,1
296273,296274,296276,2,1
296277,296277,296279,2,0
296277,296277,296279,2,0
296277,296277,296279,2,0
296277,296277,296279,2,0
296277,296277,296279,2,0
296277,296277,296279,2,0
296277,296277,296280,3,0
296277,296277,296280,3,0
296277,296277,296280,3,0
296277,296277,296280,3,0
296277,296277,296280,3,0
296277,296277,296280,3,0
296277,296277,296280,3,0
296277,296277,296280,3,0
296277,296277,296279,2,0
296277,296277,296280,3,0
296277,296277,296280,3,0
296277,296277,296280,3,0
296277,296277,296280,3,0
296277,296277,296280,3,0
296277,296277,296280,3,0
296277,296277,296280,3,0
296277,296277,296280,3,0
296277,296277,296280,3,0
296277,296277,296279,2,0
296277,296277,296280,3,0
296277,296277,296280,3,0
296277,296277,296280,3,0
296277,296277,296280,3,0
296277,296277,296280,3,0
296277,296277,296280,3,0
296277,296277,296280,3,0
296285,296285,296287,2,0
296285,296285,296286,1,0
296285,296285,296287,2,0
296285,296285,296288,3,0
296285,296285,296287,2,0
296285,296285,296288,3,0
296285,296285,296287,2,0
296285,296285,296287,2,0
296285,296285,296287,2,0
296285,296285,296287,2,0
296285,296285,296287,2,0
296285,296285,296288,3,0
296285,296285,296287,2,0
296285,296285,296287,2,0
296285,296285,296287,2,0
296285,296285,296288,3,0
296285,296285,296287,2,0
296285,296285,296287,2,0
296285,296285,296288,3,0
296285,296285,296287,2,0
296285,296285,296287,2,0
296285,296285,296287,2,0
296285,296285,296288,3,0
296285,296285,296287,2,0
296285,296285,296288,3,0
296285,296285,296287,2,0
296285,296285,296287,2,0
296285,296285,296288,3,0
296285,296285,296287,2,0
296285,296285,296288,3,0
296285,296285,296288,3,0
296285,296285,296288,3,0
296290,296290,296293,3,0
296290,296290,296293,3,0
296290,296290,296293,3,0
296290,296290,296292,2,0
296290,296290,296293,3,0
296290,296290,296293,3,0
296290,296290,296293,3,0
296290,296290,296293,3,0
296290,296290,296293,3,0
296290,296290,296292,2,0
296290,296290,296292,2,0
296290,296290,296293,3,0
296290,296290,296292,2,0
296290,296290,296293,3,0
296290,296290,296292,2,0
296290,296290,296293,3,0
296290,296290,296293,3,0
296290,296290,296292,2,0
296290,296290,296293,3,0
296290,296290,296293,3,0
296290,296290,296293,3,0
296290,296290,296294,4,0
296290,296290,296293,3,0
296290,296290,296293,3,0
296290,296290,296293,3,0
296290,296290,296293,3,0
296290,296290,296293,3,0
296290,296290,296293,3,0
296290,296290,296293,3,0
296290,296290,296294,4,0
296290,296290,296294,4,0
296290,296290,296294,4,0
296295,296295,296297,2,0
296295,296295,296297,2,0
296295,296295,296297,2,0
296295,296295,296297,2,0
296295,296295,296296,1,0
296295,296295,296297,2,0
296295,296295,296297,2,0
296295,296295,296298,3,0
296295,296295,296297,2,0
296295,296295,296297,2,0
296295,296295,296298,3,0
296295,296295,296297,2,0
296295,296295,296297,2,0
296295,296295,296297,2,0
296295,296295,296298,3,0
296295,296295,296297,2,0
296295,296295,296298,3,0
296295,296295,296298,3,0
296295,296295,296297,2,0
296295,296295,296297,2,0
296295,296295,296297,2,0
296295,296295,296297,2,0
296295,296295,296298,3,0
296295,296295,296297,2,0
296295,296295,296297,2,0
296295,296295,296298,3,0
296295,296295,296297,2,0
296295,296295,296298,3,0
296295,296295,296298,3,0
296295,296295,296297,2,0
296295,296295,296298,3,0
296295,296295,296298,3,0
296300,296300,296302,2,0
296300,296300,296302,2,0
296300,296300,296302,2,0
296300,296300,296302,2,0
296300,296300,296302,2,0
296300,296300,296302,2,0
296300,296300,296303,3,0
296300,296300,296302,2,0
296300,296300,296302,2,0
296300,296300,296302,2,0
296300,296300,296302,2,0
296300,296300,296302,2,0
296300,296300,296302,2,0
296300,296300,296303,3,0
296300,296300,296302,2,0
296300,296300,296303,3,0
296300,296300,296303,3,0
296300,296300,296302,2,0
296300,296300,296303,3,0
296300,296300,296302,2,0
296300,296300,296303,3,0
296300,296300,296302,2,0
296300,296300,296302,2,0
296300,296300,296303,3,0
296300,296300,296303,3,0
296300,296300,296302,2,0
296300,296300,296303,3,0
296300,296300,296303,3,0
296300,296300,296302,2,0
296300,296300,296302,2,0
296300,296300,296302,2,0
296300,296300,296303,3,0
296305,296305,296307,2,0
296305,296305,296307,2,0
296305,296305,296307,2,0
296305,296305,296307,2,0
296305,296305,296307,2,0
296305,296305,296307,2,0
296305,296305,296308,3,0
296305,296305,296307,2,0
296305,296305,296308,3,0
296305,296305,296308,3,0
296305,296305,296307,2,0
296305,296305,296308,3,0
296305,296305,296307,2,0
296305,296305,296307,2,0
296305,296305,296308,3,0
296305,296305,296307,2,0
296305,296305,296308,3,0
296305,296305,296307,2,0
296305,296305,296308,3,0
296305,296305,296307,2,0
296305,296305,296307,2,0
296305,296305,296308,3,0
296305,296305,296308,3,0
296305,296305,296307,2,0
296305,296305,296307,2,0
296305,296305,296308,3,0
296305,296305,296307,2,0
296305,296305,296308,3,0
296305,296305,296307,2,0
296305,296305,296308,3,0
296305,296305,296308,3,0
296305,296305,296308,3,0
296310,296310,296312,2,0
296310,296310,296312,2,0
296310,296310,296312,2,0
296310,296310,296312,2,0
296310,296310,296312,2,0
296310,296310,296312,2,0
296310,296310,296312,2,0
296310,296310,296312,2,0
296310,296310,296312,2,0
296310,296310,296312,2,0
296310,296310,296312,2,0
296310,296310,296313,3,0
296310,296310,296313,3,0
296310,296310,296313,3,0
296310,296310,296312,2,0
296310,296310,296313,3,0
296310,296310,296312,2,0
296310,296310,296313,3,0
296310,296310,296312,2,0
296310,296310,296313,3,0
296310,296310,296312,2,0
296310,296310,296313,3,0
296310,296310,296313,3,0
296310,296310,296313,3,0
296310,296310,296312,2,0
296310,296310,296312,2,0
296310,296310,296312,2,0
296310,296310,296313,3,0
296310,296310,296313,3,0
296310,296310,296313,3,0
296310,296310,296313,3,0
296310,296310,296312,2,0
296314,296314,296316,2,0
296314,296314,296317,3,0
296314,296314,296316,2,0
296314,296314,296317,3,0
296314,296314,296317,3,0
296314,296314,296317,3,0
296314,296314,296317,3,0
296314,296314,296317,3,0
296314,296314,296317,3,0
296314,296314,296317,3,0
296314,296314,296317,3,0
296314,296314,296317,3,0
296314,296314,296317,3,0
296314,296314,296317,3,0
296314,296314,296317,3,0
296314,296314,296317,3,0
296314,296314,296317,3,0
296314,296314,296316,2,0
296314,296314,296317,3,0
296314,296314,296316,2,0
296314,296314,296317,3,0
296314,296314,296316,2,0
296314,296314,296317,3,0
296314,296314,296317,3,0
296314,296314,296317,3,0
296314,296314,296317,3,0
296314,296314,296317,3,0
296314,296314,296317,3,0
296314,296314,296317,3,0
296314,296314,296317,3,0
296314,296314,296317,3,0
296314,296314,296317,3,0
296319,296319,296320,1,0
296319,296319,296321,2,0
296319,296319,296321,2,0
296319,296319,296320,1,0
296319,296319,296322,3,0
296319,296319,296321,2,0
296319,296319,296321,2,0
296319,296319,296322,3,0
296319,296319,296322,3,0
296319,296319,296322,3,0
296319,296319,296321,2,0
296319,296319,296321,2,0
296319,296319,296322,3,0
296319,296319,296321,2,0
296319,296319,296322,3,0
296319,296319,296322,3,0
296319,296319,296321,2,0
296319,296319,296321,2,0
296319,296319,296322,3,0
296319,296319,296321,2,0
296319,296319,296322,3,0
296319,296319,296322,3,0
296319,296319,296321,2,0
296319,296319,296322,3,0
296319,296319,296321,2,0
296319,296319,296321,2,0
296319,296319,296323,4,0
296319,296319,296323,4,0
296319,296319,296322,3,0
296319,296319,296323,4,0
296319,296319,296323,4,0
296319,296319,296322,3,0
296325,296326,296327,1,1
296325,296326,296327,1,1
296325,296326,296327,1,1
296325,296326,296327,1,1
296325,296326,296328,2,1
296325,296326,296328,2,1
296325,296326,296328,2,1
296325,296326,296328,2,1
296325,296326,296328,2,1
296325,296326,296328,2,1
296325,296326,296328,2,1
296325,296326,296328,2,1
296325,296326,296328,2,1
296325,296326,296328,2,1
296325,296326,296328,2,1
296325,296326,296328,2,1
296325,296326,296328,2,1
296325,296326,296328,2,1
296325,296326,296328,2,1
296325,296326,296328,2,1
296325,296326,296328,2,1
296325,296326,296328,2,1
296325,296326,296328,2,1
296325,296326,296328,2,1
296325,296326,296328,2,1
296325,296326,296328,2,1
296325,296326,296328,2,1
296325,296326,296328,2,1
296325,296326,296328,2,1
296325,296326,296328,2,1
296325,296326,296328,2,1
296325,296326,296329,3,1
296331,296331,296332,1,0
296331,296331,296332,1,0
296331,296331,296332,1,0
296331,296331,296334,3,0
296331,296331,296334,3,0
296331,296331,296333,2,0
296331,296331,296334,3,0
296331,296331,296334,3,0
296331,296331,296334,3,0
296331,296331,296334,3,0
296331,296331,296334,3,0
296331,296331,296334,3,0
296331,296331,296334,3,0
296331,296331,296333,2,0
296331,296331,296334,3,0
296331,296331,296334,3,0
296331,296331,296334,3,0
296331,296331,296334,3,0
296331,296331,296334,3,0
296331,296331,296334,3,0
296331,296331,296334,3,0
296331,296331,296334,3,0
296331,296331,296334,3,0
296331,296331,296334,3,0
296331,296331,296334,3,0
296331,296331,296334,3,0
296331,296331,296334,3,0
296331,296331,296334,3,0
296331,296331,296334,3,0
296331,296331,296334,3,0
296331,296331,296334,3,0
296331,296331,296334,3,0
296336,296336,296338,2,0
296336,296336,296337,1,0
296336,296336,296338,2,0
296336,296336,296337,1,0
296336,296336,296338,2,0
296336,296336,296338,2,0
296336,296336,296338,2,0
296336,296336,296339,3,0
296336,296336,296338,2,0
296336,296336,296338,2,0
296336,296336,296338,2,0
296336,296336,296338,2,0
296336,296336,296338,2,0
296336,296336,296338,2,0
296336,296336,296338,2,0
296336,296336,296338,2,0
296336,296336,296338,2,0
296336,296336,296338,2,0
296336,296336,296338,2,0
296336,296336,296338,2,0
296336,296336,296338,2,0
296336,296336,296339,3,0
296336,296336,296338,2,0
296336,296336,296338,2,0
296336,296336,296338,2,0
296336,296336,296339,3,0
296336,296336,296339,3,0
296336,296336,296338,2,0
296336,296336,296338,2,0
296336,296336,296339,3,0
296336,296336,296338,2,0
296336,296336,296338,2,0
296340,296340,296341,1,0
296340,296340,296342,2,0
296340,296340,296341,1,0
296340,296340,296342,2,0
296340,296340,296341,1,0
296340,296340,296342,2,0
296340,296340,296342,2,0
296340,296340,296343,3,0
296340,296340,296342,2,0
296340,296340,296342,2,0
296340,296340,296342,2,0
296340,296340,296343,3,0
296340,296340,296342,2,0
296340,296340,296342,2,0
296340,296340,296342,2,0
296340,296340,296342,2,0
296340,296340,296343,3,0
296340,296340,296342,2,0
296340,296340,296342,2,0
296340,296340,296342,2,0
296340,296340,296342,2,0
296340,296340,296342,2,0
296340,296340,296342,2,0
296340,296340,296342,2,0
296340,296340,296342,2,0
296340,296340,296343,3,0
296340,296340,296342,2,0
296340,296340,296342,2,0
296340,296340,296342,2,0
296340,296340,296342,2,0
296340,296340,296343,3,0
296340,296340,296343,3,0
296345,296345,296347,2,0
296345,296345,296347,2,0
296345,296345,296347,2,0
296345,296345,296346,1,0
296345,296345,296347,2,0
296345,296345,296348,3,0
296345,296345,296348,3,0
296345,296345,296347,2,0
296345,296345,296347,2,0
296345,296345,296348,3,0
296345,296345,296347,2,0
296345,296345,296348,3,0
296345,296345,296348,3,0
296345,296345,296348,3,0
296345,296345,296348,3,0
296345,296345,296348,3,0
296345,296345,296347,2,0
296345,296345,296348,3,0
296345,296345,296347,2,0
296345,296345,296348,3,0
296345,296345,296347,2,0
296345,296345,296347,2,0
296345,296345,296348,3,0
296345,296345,296348,3,0
296345,296345,296347,2,0
296345,296345,296348,3,0
296345,296345,296348,3,0
296345,296345,296348,3,0
296345,296345,296348,3,0
296345,296345,296347,2,0
296345,296345,296347,2,0
296345,296345,296348,3,0
296350,296350,296352,2,0
296350,296350,296353,3,0
296350,296350,296352,2,0
296350,296350,296352,2,0
296350,296350,296353,3,0
296350,296350,296353,3,0
296350,296350,296353,3,0
296350,296350,296352,2,0
296350,296350,296353,3,0
296350,296350,296352,2,0
296350,296350,296352,2,0
296350,296350,296353,3,0
296350,296350,296352,2,0
296350,296350,296353,3,0
296350,296350,296352,2,0
296350,296350,296353,3,0
296350,296350,296352,2,0
296350,296350,296352,2,0
296350,296350,296352,2,0
296350,296350,296353,3,0
296350,296350,296353,3,0
296350,296350,296352,2,0
296350,296350,296353,3,0
296350,296350,296353,3,0
296350,296350,296352,2,0
296350,296350,296352,2,0
296350,296350,296352,2,0
296350,296350,296353,3,0
296350,296350,296353,3,0
296350,296350,296353,3,0
296350,296350,296353,3,0
296350,296350,296353,3,0
296355,296355,296357,2,0
296355,296355,296357,2,0
296355,296355,296357,2,0
296355,296355,296357,2,0
296355,296355,296357,2,0
296355,296355,296358,3,0
296355,296355,296357,2,0
296355,296355,296358,3,0
296355,296355,296358,3,0
296355,296355,296357,2,0
296355,296355,296357,2,0
296355,296355,296358,3,0
296355,296355,296358,3,0
296355,296355,296358,3,0
296355,296355,296357,2,0
296355,296355,296358,3,0
296355,296355,296357,2,0
296355,296355,296358,3,0
296355,296355,296357,2,0
296355,296355,296358,3,0
296355,296355,296358,3,0
296355,296355,296358,3,0
296355,296355,296358,3,0
296355,296355,296358,3,0
296355,296355,296358,3,0
296355,296355,296358,3,0
296355,296355,296358,3,0
296355,296355,296357,2,0
296355,296355,296359,4,0
296355,296355,296358,3,0
296355,296355,296359,4,0
296355,296355,296359,4,0
296360,296360,296362,2,0
296360,296360,296362,2,0
296360,296360,296362,2,0
296360,296360,296362,2,0
296360,296360,296362,2,0
296360,296360,296363,3,0
296360,296360,296363,3,0
296360,296360,296363,3,0
296360,296360,296363,3,0
296360,296360,296362,2,0
296360,296360,296363,3,0
296360,296360,296363,3,0
296360,296360,296363,3,0
296360,296360,296363,3,0
296360,296360,296363,3,0
296360,296360,296363,3,0
296360,296360,296362,2,0
296360,296360,296362,2,0
296360,296360,296363,3,0
296360,296360,296362,2,0
296360,296360,296363,3,0
296360,296360,296362,2,0
296360,296360,296363,3,0
296360,296360,296363,3,0
296360,296360,296362,2,0
296360,296360,296362,2,0
296360,296360,296363,3,0
296360,296360,296363,3,0
296360,296360,296363,3,0
296360,296360,296363,3,0
296360,296360,296362,2,0
296360,296360,296364,4,0
296365,296365,296367,2,0
296365,296365,296367,2,0
296365,296365,296367,2,0
296365,296365,296367,2,0
296365,296365,296367,2,0
296365,296365,296367,2,0
296365,296365,296367,2,0
296365,296365,296367,2,0
296365,296365,296368,3,0
296365,296365,296368,3,0
296365,296365,296368,3,0
296365,296365,296368,3,0
296365,296365,296368,3,0
296365,296365,296368,3,0
296365,296365,296368,3,0
296365,296365,296368,3,0
296365,296365,296368,3,0
296365,296365,296368,3,0
296365,296365,296368,3,0
296365,296365,296368,3,0
296365,296365,296368,3,0
296365,296365,296368,3,0
296365,296365,296368,3,0
296365,296365,296368,3,0
296365,296365,296368,3,0
296365,296365,296368,3,0
296365,296365,296370,5,0
296365,296366,296371,5,1
296365,296365,296371,6,0
296365,296365,296371,6,0
296365,296365,296371,6,0
296365,296365,296371,6,0
296373,296373,296375,2,0
296373,296373,296375,2,0
296373,296373,296375,2,0
296373,296373,296375,2,0
296373,296373,296375,2,0
296373,296373,296376,3,0
296373,296373,296375,2,0
296373,296373,296376,3,0
296373,296373,296376,3,0
296373,296373,296375,2,0
296373,296373,296376,3,0
296373,296373,296376,3,0
296373,296373,296375,2,0
296373,296373,296375,2,0
296373,296373,296376,3,0
296373,296373,296375,2,0
296373,296373,296375,2,0
296373,296373,296376,3,0
296373,296373,296376,3,0
296373,296373,296376,3,0
296373,296373,296377,4,0
296373,296373,296376,3,0
296373,296373,296376,3,0
296373,296373,296377,4,0
296373,296373,296376,3,0
296373,296373,296376,3,0
296373,296373,296376,3,0
296373,296373,296376,3,0
296373,296373,296376,3,0
296373,296373,296376,3,0
296373,296373,296376,3,0
296373,296373,296376,3,0
296378,296378,296380,2,0
296378,296378,296380,2,0
296378,296378,296380,2,0
296378,296378,296380,2,0
296378,296378,296380,2,0
296378,296378,296380,2,0
296378,296378,296381,3,0
296378,296378,296381,3,0
296378,296378,296380,2,0
296378,296378,296381,3,0
296378,296378,296381,3,0
296378,296378,296381,3,0
296378,296378,296381,3,0
296378,296378,296381,3,0
296378,296378,296380,2,0
296378,296378,296381,3,0
296378,296378,296380,2,0
296378,296378,296381,3,0
296378,296378,296381,3,0
296378,296378,296381,3,0
296378,296378,296381,3,0
296378,296378,296381,3,0
296378,296378,296381,3,0
296378,296378,296381,3,0
296378,296378,296380,2,0
296378,296378,296381,3,0
296378,296378,296381,3,0
296378,296378,296380,2,0
296378,296378,296381,3,0
296378,296378,296381,3,0
296378,296378,296381,3,0
296378,296378,296381,3,0
296383,296383,296385,2,0
296383,296383,296385,2,0
296383,296383,296385,2,0
296383,296383,296386,3,0
296383,296383,296385,2,0
296383,296383,296386,3,0
296383,296383,296386,3,0
296383,296383,296386,3,0
296383,296383,296385,2,0
296383,296383,296386,3,0
296383,296383,296385,2,0
296383,296383,296386,3,0
296383,296383,296386,3,0
296383,296383,296385,2,0
296383,296383,296386,3,0
296383,296383,296386,3,0
296383,296383,296386,3,0
296383,296383,296386,3,0
296383,296383,296386,3,0
296383,296383,296385,2,0
296383,296383,296386,3,0
296383,296383,296385,2,0
296383,296383,296386,3,0
296383,296383,296386,3,0
296383,296383,296386,3,0
296383,296383,296386,3,0
296383,296383,296386,3,0
296383,296383,296386,3,0
296383,296383,296386,3,0
296383,296383,296386,3,0
296383,296383,296386,3,0
296383,296383,296386,3,0
296388,296388,296390,2,0
296388,296388,296390,2,0
296388,296388,296389,1,0
296388,296388,296390,2,0
296388,296388,296390,2,0
296388,296388,296390,2,0
296388,296388,296391,3,0
296388,296388,296390,2,0
296388,296388,296390,2,0
296388,296388,296390,2,0
296388,296388,296391,3,0
296388,296388,296391,3,0
296388,296388,296390,2,0
296388,296388,296390,2,0
296388,296388,296390,2,0
296388,296388,296390,2,0
296388,296388,296390,2,0
296388,296388,296390,2,0
296388,296388,296390,2,0
296388,296388,296390,2,0
296388,296388,296391,3,0
296388,296388,296390,2,0
296388,296388,296391,3,0
296388,296388,296391,3,0
296388,296388,296391,3,0
296388,296388,296391,3,0
296388,296388,296390,2,0
296388,296388,296391,3,0
296388,296388,296391,3,0
296388,296388,296391,3,0
296388,296388,296391,3,0
296388,296388,296391,3,0
296393,296393,296395,2,0
296393,296393,296394,1,0
296393,296393,296394,1,0
296393,296393,296395,2,0
296393,296393,296394,1,0
296393,296393,296395,2,0
296393,296393,296396,3,0
296393,296393,296395,2,0
296393,296393,296395,2,0
296393,296393,296395,2,0
296393,296393,296396,3,0
296393,296393,296395,2,0
296393,296393,296396,3,0
296393,296393,296396,3,0
296393,296393,296396,3,0
296393,296393,296395,2,0
296393,296393,296395,2,0
296393,296393,296396,3,0
296393,296393,296396,3,0
296393,296393,296395,2,0
296393,296393,296396,3,0
296393,296393,296395,2,0
296393,296393,296395,2,0
296393,296393,296395,2,0
296393,296393,296396,3,0
296393,296393,296395,2,0
296393,296393,296396,3,0
296393,296393,296395,2,0
296393,296393,296395,2,0
296393,296393,296396,3,0
296393,296393,296395,2,0
296393,296393,296396,3,0
296398,296398,296400,2,0
296398,296398,296399,1,0
296398,296398,296399,1,0
296398,296398,296399,1,0
296398,296398,296400,2,0
296398,296398,296400,2,0
296398,296398,296400,2,0
296398,296398,296400,2,0
296398,296398,296401,3,0
296398,296398,296401,3,0
296398,296398,296400,2,0
296398,296398,296401,3,0
296398,296398,296400,2,0
296398,296398,296401,3,0
296398,296398,296400,2,0
296398,296398,296400,2,0
296398,296398,296400,2,0
296398,296398,296400,2,0
296398,296398,296400,2,0
296398,296398,296401,3,0
296398,296398,296400,2,0
296398,296398,296401,3,0
296398,296398,296400,2,0
296398,296398,296400,2,0
296398,296398,296401,3,0
296398,296398,296401,3,0
296398,296398,296400,2,0
296398,296398,296401,3,0
296398,296398,296400,2,0
296398,296398,296400,2,0
296398,296398,296401,3,0
296398,296398,296401,3,0
296403,296403,296405,2,0
296403,296403,296405,2,0
296403,296403,296405,2,0
296403,296403,296405,2,0
296403,296403,296405,2,0
296403,296403,296405,2,0
296403,296403,296405,2,0
296403,296403,296405,2,0
296403,296403,296405,2,0
296403,296403,296405,2,0
296403,296403,296406,3,0
296403,296403,296406,3,0
296403,296403,296405,2,0
296403,296403,296405,2,0
296403,296403,296406,3,0
296403,296403,296406,3,0
296403,296403,296406,3,0
296403,296403,296406,3,0
296403,296403,296405,2,0
296403,296403,296406,3,0
296403,296403,296405,2,0
296403,296403,296406,3,0
296403,296403,296405,2,0
296403,296403,296406,3,0
296403,296403,296406,3,0
296403,296403,296406,3,0
296403,296403,296406,3,0
296403,296403,296406,3,0
296403,296403,296406,3,0
296403,296403,296406,3,0
296403,296403,296406,3,0
296403,296403,296406,3,0
296408,296408,296410,2,0
296408,296408,296410,2,0
296408,296408,296409,1,0
296408,296408,296410,2,0
296408,296408,296410,2,0
296408,296408,296410,2,0
296408,296408,296410,2,0
296408,296408,296410,2,0
296408,296408,296410,2,0
296408,296408,296411,3,0
296408,296408,296410,2,0
296408,296408,296410,2,0
296408,296408,296410,2,0
296408,296408,296410,2,0
296408,296408,296410,2,0
296408,296408,296410,2,0
296408,296408,296411,3,0
296408,296408,296410,2,0
296408,296408,296410,2,0
296408,296408,296411,3,0
296408,296408,296411,3,0
296408,296408,296410,2,0
296408,296408,296411,3,0
296408,296408,296411,3,0
296408,296408,296410,2,0
296408,296408,296411,3,0
296408,296408,296412,4,0
296408,296408,296412,4,0
296408,296408,296412,4,0
296408,296408,296412,4,0
296408,296408,296412,4,0
296408,296408,296411,3,0
296413,296413,296415,2,0
296413,296413,296415,2,0
296413,296413,296415,2,0
296413,296413,296415,2,0
296413,296413,296415,2,0
296413,296413,296416,3,0
296413,296413,296416,3,0
296413,296413,296416,3,0
296413,296413,296416,3,0
296413,296413,296416,3,0
296413,296413,296416,3,0
296413,296413,296416,3,0
296413,296413,296416,3,0
296413,296413,296416,3,0
296413,296413,296416,3,0
296413,296413,296416,3,0
296413,296413,296417,4,0
296413,296413,296417,4,0
296413,296413,296417,4,0
296413,296413,296416,3,0
296413,296413,296416,3,0
296413,296413,296417,4,0
296413,296413,296416,3,0
296413,296413,296416,3,0
296413,296413,296417,4,0
296413,296413,296416,3,0
296413,296413,296417,4,0
296413,296413,296417,4,0
296413,296413,296417,4,0
296413,296413,296416,3,0
296413,296413,296417,4,0
296413,296413,296416,3,0
296418,296418,296420,2,0
296418,296418,296420,2,0
296418,296418,296420,2,0
296418,296418,296420,2,0
296418,296418,296420,2,0
296418,296418,296420,2,0
296418,296418,296420,2,0
296418,296418,296420,2,0
296418,296418,296421,3,0
296418,296418,296421,3,0
296418,296418,296421,3,0
296418,296418,296421,3,0
296418,296418,296421,3,0
296418,296418,296421,3,0
296418,296418,296421,3,0
296418,296418,296421,3,0
296418,296418,296421,3,0
296418,296419,296421,2,1
296418,296418,296421,3,0
296418,296419,296421,2,1
296418,296418,296421,3,0
296418,296418,296421,3,0
296418,296419,296421,2,1
296418,296418,296421,3,0
296418,296419,296421,2,1
296418,296419,296421,2,1
296418,296418,296421,3,0
296418,296418,296421,3,0
296418,296418,296421,3,0
296418,296419,296421,2,1
296418,296419,296421,2,1
296418,296418,296422,4,0
296423,296423,296425,2,0
296423,296423,296425,2,0
296423,296423,296425,2,0
296423,296423,296426,3,0
296423,296423,296426,3,0
296423,296423,296426,3,0
296423,296423,296426,3,0
296423,296423,296426,3,0
296423,296423,296426,3,0
296423,296423,296426,3,0
296423,296423,296426,3,0
296423,296423,296426,3,0
296423,296423,296426,3,0
296423,296423,296426,3,0
296423,296423,296426,3,0
296423,296423,296426,3,0
296423,296423,296426,3,0
296423,296423,296425,2,0
296423,296423,296426,3,0
296423,296423,296426,3,0
296423,296423,296426,3,0
296423,296423,296426,3,0
296423,296423,296426,3,0
296423,296423,296426,3,0
296423,296423,296426,3,0
296423,296423,296426,3,0
296423,296423,296426,3,0
296423,296423,296426,3,0
296423,296423,296427,4,0
296423,296423,296427,4,0
296423,296423,296427,4,0
296423,296423,296427,4,0
296429,296429,296431,2,0
296429,296429,296430,1,0
296429,296429,296431,2,0
296429,296429,296431,2,0
296429,296429,296431,2,0
296429,296429,296431,2,0
296429,296429,296431,2,0
296429,296429,296432,3,0
296429,296429,296432,3,0
296429,296429,296431,2,0
296429,296429,296431,2,0
296429,296429,296431,2,0
296429,296429,296431,2,0
296429,296429,296432,3,0
296429,296429,296431,2,0
296429,296429,296431,2,0
296429,296429,296431,2,0
296429,296429,296431,2,0
296429,296429,296431,2,0
296429,296429,296432,3,0
296429,296429,296431,2,0
296429,296429,296431,2,0
296429,296429,296431,2,0
296429,296429,296431,2,0
296429,296429,296431,2,0
296429,296429,296431,2,0
296429,296429,296432,3,0
296429,296429,296432,3,0
296429,296429,296432,3,0
296429,296429,296432,3,0
296429,296429,296432,3,0
296429,296429,296432,3,0
296434,296434,296436,2,0
296434,296434,296436,2,0
296434,296434,296436,2,0
296434,296434,296437,3,0
296434,296434,296436,2,0
296434,296434,296437,3,0
296434,296434,296436,2,0
296434,296434,296437,3,0
296434,296434,296436,2,0
296434,296434,296437,3,0
296434,296434,296437,3,0
296434,296434,296436,2,0
296434,296434,296437,3,0
296434,296434,296436,2,0
296434,296434,296436,2,0
296434,296434,296436,2,0
296434,296434,296437,3,0
296434,296434,296436,2,0
296434,296434,296436,2,0
296434,296434,296436,2,0
296434,296434,296437,3,0
296434,296434,296437,3,0
296434,296434,296436,2,0
296434,296434,296437,3,0
296434,296434,296437,3,0
296434,296434,296437,3,0
296434,296434,296437,3,0
296434,296434,296437,3,0
296434,296434,296437,3,0
296434,296434,296437,3,0
296434,296434,296437,3,0
296434,296434,296437,3,0
296439,296439,296441,2,0
296439,296439,296440,1,0
296439,296439,296441,2,0
296439,296439,296441,2,0
296439,296439,296441,2,0
296439,296439,296441,2,0
296439,296439,296442,3,0
296439,296439,296442,3,0
296439,296439,296442,3,0
296439,296439,296442,3,0
296439,296439,296441,2,0
296439,296439,296441,2,0
296439,296439,296442,3,0
296439,296439,296441,2,0
296439,296439,296442,3,0
296439,296439,296441,2,0
296439,296439,296442,3,0
296439,296439,296442,3,0
296439,296439,296441,2,0
296439,296439,296442,3,0
296439,296439,296441,2,0
296439,296439,296441,2,0
296439,296439,296441,2,0
296439,296439,296442,3,0
296439,296439,296441,2,0
296439,296439,296441,2,0
296439,296439,296443,4,0
296439,296439,296442,3,0
296439,296439,296442,3,0
296439,296439,296442,3,0
296439,296439,296442,3,0
296439,296439,296442,3,0
296444,296444,296446,2,0
296444,296444,296446,2,0
296444,296444,296446,2,0
296444,296444,296446,2,0
296444,296444,296446,2,0
296444,296444,296445,1,0
296444,296444,296446,2,0
296444,296444,296446,2,0
296444,296444,296447,3,0
296444,296444,296446,2,0
296444,296444,296447,3,0
296444,296444,296446,2,0
296444,296444,296447,3,0
296444,296444,296446,2,0
296444,296444,296447,3,0
296444,296444,296447,3,0
296444,296444,296446,2,0
296444,296444,296447,3,0
296444,296444,296446,2,0
296444,296444,296447,3,0
296444,296444,296446,2,0
296444,296444,296447,3,0
296444,296444,296446,2,0
296444,296444,296446,2,0
296444,296444,296446,2,0
296444,296444,296446,2,0
296444,296444,296446,2,0
296444,296444,296447,3,0
296444,296444,296448,4,0
296444,296444,296447,3,0
296444,296444,296447,3,0
296444,296444,296447,3,0
296449,296449,296451,2,0
296449,296449,296451,2,0
296449,296449,296451,2,0
296449,296449,296451,2,0
296449,296449,296451,2,0
296449,296449,296451,2,0
296449,296449,296451,2,0
296449,296449,296451,2,0
296449,296449,296451,2,0
296449,296449,296451,2,0
296449,296449,296450,1,0
296449,296449,296451,2,0
296449,296449,296452,3,0
296449,296449,296452,3,0
296449,296449,296452,3,0
296449,296449,296452,3,0
296449,296449,296451,2,0
296449,296449,296452,3,0
296449,296449,296451,2,0
296449,296449,296451,2,0
296449,296449,296451,2,0
296449,296449,296452,3,0
296449,296449,296452,3,0
296449,296449,296451,2,0
296449,296449,296452,3,0
296449,296449,296452,3,0
296449,296449,296454,5,0
296449,296449,296454,5,0
296449,296449,296455,6,0
296449,296449,296455,6,0
296449,296449,296454,5,0
296449,296449,296454,5,0
296456,296456,296458,2,0
296456,296456,296458,2,0
296456,296456,296458,2,0
296456,296456,296458,2,0
296456,296456,296458,2,0
296456,296456,296458,2,0
296456,296456,296459,3,0
296456,296456,296459,3,0
296456,296456,296459,3,0
296456,296456,296459,3,0
296456,296456,296459,3,0
296456,296456,296458,2,0
296456,296456,296459,3,0
296456,296456,296460,4,0
296456,296456,296460,4,0
296456,296456,296459,3,0
296456,296456,296459,3,0
296456,296456,296460,4,0
296456,296456,296459,3,0
296456,296456,296460,4,0
296456,296456,296460,4,0
296456,296456,296460,4,0
296456,296456,296459,3,0
296456,296456,296460,4,0
296456,296456,296459,3,0
296456,296456,296459,3,0
296456,296456,296460,4,0
296456,296456,296460,4,0
296456,296456,296459,3,0
296456,296456,296459,3,0
296456,296456,296460,4,0
296456,296456,296459,3,0
296461,296461,296463,2,0
296461,296461,296462,1,0
296461,296461,296463,2,0
296461,296461,296463,2,0
296461,296461,296462,1,0
296461,296461,296463,2,0
296461,296461,296463,2,0
296461,296461,296464,3,0
296461,296461,296464,3,0
296461,296461,296463,2,0
296461,296461,296463,2,0
296461,296461,296464,3,0
296461,296461,296463,2,0
296461,296461,296463,2,0
296461,296461,296463,2,0
296461,296461,296463,2,0
296461,296461,296464,3,0
296461,296461,296463,2,0
296461,296461,296463,2,0
296461,296461,296464,3,0
296461,296461,296464,3,0
296461,296461,296463,2,0
296461,296461,296463,2,0
296461,296461,296464,3,0
296461,296461,296464,3,0
296461,296461,296464,3,0
296461,296461,296464,3,0
296461,296461,296463,2,0
296461,296461,296464,3,0
296461,296461,296463,2,0
296461,296461,296463,2,0
296461,296461,296464,3,0
296466,296466,296468,2,0
296466,296466,296468,2,0
296466,296466,296468,2,0
296466,296466,296468,2,0
296466,296466,296468,2,0
296466,296466,296469,3,0
296466,296466,296468,2,0
296466,296466,296469,3,0
296466,296466,296469,3,0
296466,296466,296469,3,0
296466,296466,296469,3,0
296466,296466,296469,3,0
296466,296466,296469,3,0
296466,296466,296469,3,0
296466,296466,296469,3,0
296466,296466,296469,3,0
296466,296466,296469,3,0
296466,296466,296468,2,0
296466,296466,296469,3,0
296466,296466,296469,3,0
296466,296466,296469,3,0
296466,296466,296469,3,0
296466,296466,296469,3,0
296466,296466,296469,3,0
296466,296466,296469,3,0
296466,296466,296469,3,0
296466,296466,296468,2,0
296466,296466,296469,3,0
296466,296466,296469,3,0
296466,296466,296469,3,0
296466,296466,296469,3,0
296466,296466,296469,3,0
296471,296471,296473,2,0
296471,296471,296473,2,0
296471,296471,296473,2,0
296471,296471,296473,2,0
296471,296471,296474,3,0
296471,296471,296474,3,0
296471,296471,296474,3,0
296471,296471,296474,3,0
296471,296471,296474,3,0
296471,296471,296474,3,0
296471,296471,296474,3,0
296471,296471,296474,3,0
296471,296471,296474,3,0
296471,296471,296474,3,0
296471,296471,296474,3,0
296471,296471,296473,2,0
296471,296471,296474,3,0
296471,296471,296474,3,0
296471,296471,296474,3,0
296471,296471,296474,3,0
296471,296471,296474,3,0
296471,296471,296474,3,0
296471,296471,296474,3,0
296471,296471,296474,3,0
296471,296471,296474,3,0
296471,296471,296473,2,0
296471,296471,296474,3,0
296471,296471,296474,3,0
296471,296471,296474,3,0
296471,296471,296474,3,0
296471,296471,296474,3,0
296471,296471,296474,3,0
296476,296476,296478,2,0
296476,296476,296477,1,0
296476,296476,296478,2,0
296476,296476,296477,1,0
296476,296476,296478,2,0
296476,296476,296478,2,0
296476,296476,296478,2,0
296476,296476,296478,2,0
296476,296476,296478,2,0
296476,296476,296478,2,0
296476,296476,296479,3,0
296476,296476,296478,2,0
296476,296476,296478,2,0
296476,296476,296478,2,0
296476,296476,296478,2,0
296476,296476,296478,2,0
296476,296476,296478,2,0
296476,296476,296478,2,0
296476,296476,296478,2,0
296476,296476,296478,2,0
296476,296476,296478,2,0
296476,296476,296479,3,0
296476,296476,296478,2,0
296476,296476,296478,2,0
296476,296476,296478,2,0
296476,296476,296478,2,0
296476,296476,296478,2,0
296476,296476,296478,2,0
296476,296476,296478,2,0
296476,296476,296478,2,0
296476,296476,296479,3,0
296476,296476,296478,2,0
296480,296480,296481,1,0
296480,296480,296481,1,0
296480,296480,296481,1,0
296480,296480,296482,2,0
296480,296480,296482,2,0
296480,296480,296482,2,0
296480,296480,296482,2,0
296480,296480,296482,2,0
296480,296480,296483,3,0
296480,296480,296482,2,0
296480,296480,296482,2,0
296480,296480,296482,2,0
296480,296480,296482,2,0
296480,296480,296482,2,0
296480,296480,296483,3,0
296480,296480,296482,2,0
296480,296480,296482,2,0
296480,296480,296482,2,0
296480,296480,296482,2,0
296480,296480,296482,2,0
296480,296480,296482,2,0
296480,296480,296482,2,0
296480,296480,296482,2,0
296480,296480,296482,2,0
296480,296480,296482,2,0
296480,296480,296482,2,0
296480,296480,296482,2,0
296480,296480,296482,2,0
296480,296480,296482,2,0
296480,296480,296483,3,0
296480,296480,296483,3,0
296480,296480,296483,3,0
296485,296485,296486,1,0
296485,296485,296486,1,0
296485,296485,296487,2,0
296485,296485,296487,2,0
296485,296485,296488,3,0
296485,296485,296488,3,0
296485,296485,296487,2,0
296485,296485,296488,3,0
296485,296485,296487,2,0
296485,296485,296488,3,0
296485,296485,296488,3,0
296485,296485,296487,2,0
296485,296485,296488,3,0
296485,296485,296488,3,0
296485,296485,296488,3,0
296485,296485,296488,3,0
296485,296485,296488,3,0
296485,296485,296488,3,0
296485,296485,296487,2,0
296485,296485,296487,2,0
296485,296485,296488,3,0
296485,296485,296488,3,0
296485,296485,296488,3,0
296485,296485,296488,3,0
296485,296485,296487,2,0
296485,296485,296488,3,0
296485,296485,296488,3,0
296485,296485,296487,2,0
296485,296485,296488,3,0
296485,296485,296488,3,0
296485,296485,296488,3,0
296485,296485,296489,4,0
296490,296490,296492,2,0
296490,296490,296492,2,0
296490,296490,296491,1,0
296490,296490,296492,2,0
296490,296490,296492,2,0
296490,296490,296493,3,0
296490,296490,296492,2,0
296490,296490,296492,2,0
296490,296490,296493,3,0
296490,296490,296492,2,0
296490,296490,296492,2,0
296490,296490,296493,3,0
296490,296490,296493,3,0
296490,296490,296492,2,0
296490,296490,296492,2,0
296490,296490,296493,3,0
296490,296490,296492,2,0
296490,296490,296493,3,0
296490,296490,296493,3,0
296490,296490,296493,3,0
296490,296490,296493,3,0
296490,296490,296493,3,0
296490,296490,296492,2,0
296490,296490,296493,3,0
296490,296490,296492,2,0
296490,296490,296492,2,0
296490,296490,296496,6,0
296490,296490,296496,6,0
296490,296490,296495,5,0
296490,296490,296496,6,0
296490,296490,296496,6,0
296490,296490,296496,6,0
296497,296497,296499,2,0
296497,296497,296499,2,0
296497,296497,296499,2,0
296497,296497,296499,2,0
296497,296497,296500,3,0
296497,296497,296500,3,0
296497,296497,296500,3,0
296497,296497,296500,3,0
296497,296497,296500,3,0
296497,296497,296500,3,0
296497,296497,296500,3,0
296497,296497,296500,3,0
296497,296497,296500,3,0
296497,296497,296500,3,0
296497,296497,296500,3,0
296497,296497,296500,3,0
296497,296497,296500,3,0
296497,296497,296500,3,0
296497,296497,296500,3,0
296497,296497,296500,3,0
296497,296497,296500,3,0
296497,296497,296500,3,0
296497,296497,296500,3,0
296497,296497,296500,3,0
296497,296497,296500,3,0
296497,296497,296500,3,0
296497,296497,296500,3,0
296497,296497,296500,3,0
296497,296497,296501,4,0
296497,296497,296500,3,0
296497,296497,296501,4,0
296497,296497,296500,3,0
296502,296502,296503,1,0
296502,296502,296504,2,0
296502,296502,296504,2,0
296502,296502,296504,2,0
296502,296502,296505,3,0
296502,296502,296505,3,0
296502,296502,296504,2,0
296502,296502,296505,3,0
296502,296502,296505,3,0
296502,296502,296504,2,0
296502,296502,296505,3,0
296502,296502,296505,3,0
296502,296502,296505,3,0
296502,296502,296505,3,0
296502,296502,296505,3,0
296502,296502,296504,2,0
296502,296502,296505,3,0
296502,296502,296504,2,0
296502,296502,296505,3,0
296502,296502,296504,2,0
296502,296502,296504,2,0
296502,296502,296505,3,0
296502,296502,296505,3,0
296502,296502,296505,3,0
296502,296502,296505,3,0
296502,296502,296505,3,0
296502,296502,296505,3,0
296502,296502,296504,2,0
296502,296502,296504,2,0
296502,296502,296505,3,0
296502,296502,296505,3,0
296502,296502,296504,2,0
296506,296506,296508,2,0
296506,296506,296508,2,0
296506,296506,296508,2,0
296506,296506,296509,3,0
296506,296506,296509,3,0
296506,296506,296509,3,0
296506,296506,296509,3,0
296506,296506,296508,2,0
296506,296506,296509,3,0
296506,296506,296509,3,0
296506,296506,296509,3,0
296506,296506,296509,3,0
296506,296506,296509,3,0
296506,296506,296509,3,0
296506,296506,296509,3,0
296506,296506,296509,3,0
296506,296506,296509,3,0
296506,296506,296509,3,0
296506,296506,296509,3,0
296506,296506,296509,3,0
296506,296506,296509,3,0
296506,296506,296509,3,0
296506,296506,296509,3,0
296506,296506,296508,2,0
296506,296506,296509,3,0
296506,296506,296509,3,0
296506,296506,296509,3,0
296506,296506,296509,3,0
296506,296506,296509,3,0
296506,296506,296509,3,0
296506,296506,296509,3,0
296506,296506,296509,3,0
296511,296511,296513,2,0
296511,296511,296513,2,0
296511,296511,296513,2,0
296511,296511,296512,1,0
296511,296511,296512,1,0
296511,296511,296513,2,0
296511,296511,296513,2,0
296511,296511,296513,2,0
296511,296511,296513,2,0
296511,296511,296513,2,0
296511,296511,296513,2,0
296511,296511,296513,2,0
296511,296511,296513,2,0
296511,296511,296513,2,0
296511,296511,296514,3,0
296511,296511,296513,2,0
296511,296511,296513,2,0
296511,296511,296514,3,0
296511,296511,296513,2,0
296511,296511,296513,2,0
296511,296511,296513,2,0
296511,296511,296513,2,0
296511,296511,296514,3,0
296511,296511,296513,2,0
296511,296511,296514,3,0
296511,296511,296513,2,0
296511,296511,296514,3,0
296511,296511,296513,2,0
296511,296511,296513,2,0
296511,296511,296514,3,0
296511,296511,296513,2,0
296511,296511,296513,2,0
296515,296515,296517,2,0
296515,296515,296517,2,0
296515,296515,296516,1,0
296515,296515,296517,2,0
296515,296515,296517,2,0
296515,296515,296518,3,0
296515,296515,296517,2,0
296515,296515,296518,3,0
296515,296515,296517,2,0
296515,296515,296517,2,0
296515,296515,296517,2,0
296515,296515,296518,3,0
296515,296515,296517,2,0
296515,296515,296518,3,0
296515,296515,296518,3,0
296515,296515,296518,3,0
296515,296515,296517,2,0
296515,296515,296518,3,0
296515,296515,296517,2,0
296515,296515,296518,3,0
296515,296515,296518,3,0
296515,296515,296517,2,0
296515,296515,296518,3,0
296515,296515,296517,2,0
296515,296515,296517,2,0
296515,296515,296517,2,0
296515,296515,296518,3,0
296515,296515,296517,2,0
296515,296515,296518,3,0
296515,296515,296517,2,0
296515,296515,296517,2,0
296515,296515,296518,3,0
296520,296520,296521,1,0
296520,296520,296522,2,0
296520,296520,296522,2,0
296520,296520,296522,2,0
296520,296520,296522,2,0
296520,296520,296521,1,0
296520,296520,296522,2,0
296520,296520,296522,2,0
296520,296520,296521,1,0
296520,296520,296522,2,0
296520,296520,296522,2,0
296520,296520,296522,2,0
296520,296520,296522,2,0
296520,296520,296522,2,0
296520,296520,296522,2,0
296520,296520,296522,2,0
296520,296520,296522,2,0
296520,296520,296522,2,0
296520,296520,296523,3,0
296520,296520,296523,3,0
296520,296520,296522,2,0
296520,296520,296523,3,0
296520,296520,296522,2,0
296520,296520,296523,3,0
296520,296520,296522,2,0
296520,296520,296522,2,0
296520,296520,296522,2,0
296520,296520,296522,2,0
296520,296520,296522,2,0
296520,296520,296523,3,0
296520,296520,296523,3,0
296520,296520,296522,2,0
296524,296524,296526,2,0
296524,296524,296526,2,0
296524,296524,296526,2,0
296524,296524,296526,2,0
296524,296524,296526,2,0
296524,296524,296525,1,0
296524,296524,296526,2,0
296524,296524,296526,2,0
296524,296524,296526,2,0
296524,296524,296526,2,0
296524,296524,296526,2,0
296524,296524,296526,2,0
296524,296524,296526,2,0
296524,296524,296526,2,0
296524,296524,296526,2,0
296524,296524,296526,2,0
296524,296524,296526,2,0
296524,296524,296527,3,0
296524,296524,296526,2,0
296524,296524,296526,2,0
296524,296524,296527,3,0
296524,296524,296526,2,0
296524,296524,296526,2,0
296524,296524,296526,2,0
296524,296524,296526,2,0
296524,296524,296527,3,0
296524,296524,296526,2,0
296524,296524,296526,2,0
296524,296524,296526,2,0
296524,296524,296526,2,0
296524,296524,296526,2,0
296524,296524,296527,3,0
296528,296528,296530,2,0
296528,296528,296529,1,0
296528,296528,296529,1,0
296528,296528,296530,2,0
296528,296528,296530,2,0
296528,296528,296530,2,0
296528,296528,296530,2,0
296528,296528,296530,2,0
296528,296528,296530,2,0
296528,296528,296530,2,0
296528,296528,296530,2,0
296528,296528,296530,2,0
296528,296528,296531,3,0
296528,296528,296530,2,0
296528,296528,296530,2,0
296528,296528,296531,3,0
296528,296528,296530,2,0
296528,296528,296530,2,0
296528,296528,296531,3,0
296528,296528,296530,2,0
296528,296528,296530,2,0
296528,296528,296530,2,0
296528,296528,296530,2,0
296528,296528,296530,2,0
296528,296528,296531,3,0
296528,296528,296530,2,0
296528,296528,296531,3,0
296528,296528,296530,2,0
296528,296528,296530,2,0
296528,296528,296531,3,0
296528,296528,296530,2,0
296528,296528,296531,3,0
296533,296533,296535,2,0
296533,296533,296535,2,0
296533,296533,296535,2,0
296533,296533,296535,2,0
296533,296533,296535,2,0
296533,296533,296534,1,0
296533,296533,296535,2,0
296533,296533,296535,2,0
296533,296533,296536,3,0
296533,296533,296536,3,0
296533,296533,296535,2,0
296533,296533,296535,2,0
296533,296533,296536,3,0
296533,296533,296536,3,0
296533,296533,296536,3,0
296533,296533,296536,3,0
296533,296533,296536,3,0
296533,296533,296536,3,0
296533,296533,296536,3,0
296533,296533,296536,3,0
296533,296533,296536,3,0
296533,296533,296536,3,0
296533,296533,296536,3,0
296533,296533,296535,2,0
296533,296533,296536,3,0
296533,296533,296535,2,0
296533,296533,296538,5,0
296533,296533,296538,5,0
296533,296533,296538,5,0
296533,296533,296539,6,0
296533,296533,296539,6,0
296533,296533,296538,5,0
296540,296540,296542,2,0
296540,296540,296542,2,0
296540,296540,296543,3,0
296540,296540,296543,3,0
296540,296540,296543,3,0
296540,296540,296543,3,0
296540,296540,296544,4,0
296540,296540,296544,4,0
296540,296540,296544,4,0
296540,296540,296544,4,0
296540,296540,296544,4,0
296540,296540,296544,4,0
296540,296540,296543,3,0
296540,296540,296544,4,0
296540,296540,296544,4,0
296540,296540,296543,3,0
296540,296540,296543,3,0
296540,296540,296544,4,0
296540,296540,296543,3,0
296540,296540,296544,4,0
296540,296540,296543,3,0
296540,296540,296544,4,0
296540,296540,296544,4,0
296540,296540,296544,4,0
296540,296540,296544,4,0
296540,296540,296543,3,0
296540,296540,296544,4,0
296540,296540,296544,4,0
296540,296540,296543,3,0
296540,296540,296544,4,0
296540,296540,296544,4,0
296540,296540,296543,3,0
296545,296545,296547,2,0
296545,296545,296547,2,0
296545,296545,296547,2,0
296545,296545,296547,2,0
296545,296545,296547,2,0
296545,296545,296547,2,0
296545,296545,296548,3,0
296545,296545,296548,3,0
296545,296545,296548,3,0
296545,296545,296547,2,0
296545,296545,296548,3,0
296545,296545,296548,3,0
296545,296545,296548,3,0
296545,296545,296548,3,0
296545,296545,296547,2,0
296545,296545,296548,3,0
296545,296545,296548,3,0
296545,296545,296548,3,0
296545,296545,296548,3,0
296545,296545,296548,3,0
296545,296545,296548,3,0
296545,296545,296548,3,0
296545,296545,296548,3,0
296545,296545,296548,3,0
296545,296545,296548,3,0
296545,296545,296548,3,0
296545,296545,296548,3,0
296545,296545,296548,3,0
296545,296545,296548,3,0
296545,296545,296548,3,0
296545,296545,296548,3,0
296545,296545,296548,3,0
296549,296549,296551,2,0
296549,296549,296551,2,0
296549,296549,296551,2,0
296549,296549,296551,2,0
296549,296549,296551,2,0
296549,296549,296550,1,0
296549,296549,296552,3,0
296549,296549,296551,2,0
296549,296549,296552,3,0
296549,296549,296551,2,0
296549,296549,296552,3,0
296549,296549,296552,3,0
296549,296549,296552,3,0
296549,296549,296552,3,0
296549,296549,296552,3,0
296549,296549,296552,3,0
296549,296549,296552,3,0
296549,296549,296552,3,0
296549,296549,296552,3,0
296549,296549,296552,3,0
296549,296549,296552,3,0
296549,296549,296552,3,0
296549,296549,296552,3,0
296549,296549,296552,3,0
296549,296549,296551,2,0
296549,296549,296552,3,0
296549,296549,296552,3,0
296549,296549,296552,3,0
296549,296549,296552,3,0
296549,296549,296552,3,0
296549,296549,296552,3,0
296549,296549,296552,3,0
296555,296555,296557,2,0
296555,296555,296556,1,0
296555,296555,296557,2,0
296555,296555,296556,1,0
296555,296555,296556,1,0
296555,296555,296557,2,0
296555,296555,296556,1,0
296555,296555,296557,2,0
296555,296555,296557,2,0
296555,296555,296557,2,0
296555,296555,296557,2,0
296555,296555,296557,2,0
296555,296555,296557,2,0
296555,296555,296557,2,0
296555,296555,296557,2,0
296555,296555,296557,2,0
296555,296555,296557,2,0
296555,296555,296557,2,0
296555,296555,296557,2,0
296555,296555,296557,2,0
296555,296555,296558,3,0
296555,296555,296557,2,0
296555,296555,296557,2,0
296555,296555,296557,2,0
296555,296555,296557,2,0
296555,296555,296558,3,0
296555,296555,296557,2,0
296555,296555,296558,3,0
296555,296555,296558,3,0
296555,296555,296558,3,0
296555,296555,296558,3,0
296555,296555,296558,3,0
296560,296560,296562,2,0
296560,296560,296562,2,0
296560,296560,296561,1,0
296560,296560,296561,1,0
296560,296560,296562,2,0
296560,296560,296562,2,0
296560,296560,296563,3,0
296560,296560,296562,2,0
296560,296560,296562,2,0
296560,296560,296562,2,0
296560,296560,296562,2,0
296560,296560,296562,2,0
296560,296560,296563,3,0
296560,296560,296562,2,0
296560,296560,296562,2,0
296560,296560,296563,3,0
296560,296560,296562,2,0
296560,296560,296562,2,0
296560,296560,296563,3,0
296560,296560,296563,3,0
296560,296560,296562,2,0
296560,296560,296563,3,0
296560,296560,296563,3,0
296560,296560,296562,2,0
296560,296560,296563,3,0
296560,296560,296563,3,0
296560,296560,296562,2,0
296560,296560,296562,2,0
296560,296560,296562,2,0
296560,296560,296563,3,0
296560,296560,296563,3,0
296560,296560,296563,3,0
296565,296565,296567,2,0
296565,296565,296566,1,0
296565,296565,296566,1,0
296565,296565,296567,2,0
296565,296565,296567,2,0
296565,296565,296567,2,0
296565,296565,296567,2,0
296565,296565,296567,2,0
296565,296565,296567,2,0
296565,296565,296567,2,0
296565,296565,296568,3,0
296565,296565,296567,2,0
296565,296565,296568,3,0
296565,296565,296567,2,0
296565,296565,296567,2,0
296565,296565,296567,2,0
296565,296565,296567,2,0
296565,296565,296567,2,0
296565,296565,296567,2,0
296565,296565,296567,2,0
296565,296565,296568,3,0
296565,296565,296567,2,0
296565,296565,296567,2,0
296565,296565,296568,3,0
296565,296565,296567,2,0
296565,296565,296567,2,0
296565,296565,296567,2,0
296565,296565,296568,3,0
296565,296565,296568,3,0
296565,296565,296568,3,0
296565,296565,296568,3,0
296565,296565,296568,3,0
296570,296570,296571,1,0
296570,296570,296572,2,0
296570,296570,296571,1,0
296570,296570,296572,2,0
296570,296570,296572,2,0
296570,296570,296572,2,0
296570,296570,296572,2,0
296570,296570,296572,2,0
296570,296570,296572,2,0
296570,296570,296572,2,0
296570,296570,296572,2,0
296570,296570,296572,2,0
296570,296570,296573,3,0
296570,296570,296572,2,0
296570,296570,296572,2,0
296570,296570,296572,2,0
296570,296570,296572,2,0
296570,296570,296572,2,0
296570,296570,296573,3,0
296570,296570,296572,2,0
296570,296570,296572,2,0
296570,296570,296572,2,0
296570,296570,296573,3,0
296570,296570,296573,3,0
296570,296570,296572,2,0
296570,296570,296573,3,0
296570,296570,296572,2,0
296570,296570,296572,2,0
296570,296570,296573,3,0
296570,296570,296573,3,0
296570,296570,296573,3,0
296570,296570,296573,3,0
296575,296575,296576,1,0
296575,296575,296577,2,0
296575,296575,296576,1,0
296575,296575,296577,2,0
296575,296575,296576,1,0
296575,296575,296576,1,0
296575,296575,296577,2,0
296575,296575,296577,2,0
296575,296575,296577,2,0
296575,296575,296578,3,0
296575,296575,296577,2,0
296575,296575,296577,2,0
296575,296575,296577,2,0
296575,296575,296577,2,0
296575,296575,296578,3,0
296575,296575,296577,2,0
296575,296575,296577,2,0
296575,296575,296577,2,0
296575,296575,296577,2,0
296575,296575,296577,2,0
296575,296575,296577,2,0
296575,296575,296577,2,0
296575,296575,296578,3,0
296575,296575,296578,3,0
296575,296575,296577,2,0
296575,296575,296578,3,0
296575,296575,296577,2,0
296575,296575,296577,2,0
296575,296575,296578,3,0
296575,296575,296578,3,0
296575,296575,296578,3,0
296575,296575,296578,3,0
296580,296581,296582,1,1
296580,296581,296582,1,1
296580,296581,296582,1,1
296580,296581,296582,1,1
296580,296581,296582,1,1
296580,296581,296582,1,1
296580,296581,296582,1,1
296580,296581,296583,2,1
296580,296581,296583,2,1
296580,296581,296582,1,1
296580,296581,296583,2,1
296580,296581,296583,2,1
296580,296581,296583,2,1
296580,296581,296583,2,1
296580,296581,296583,2,1
296580,296581,296583,2,1
296580,296581,296583,2,1
296580,296581,296583,2,1
296580,296581,296583,2,1
296580,296581,296583,2,1
296580,296581,296584,3,1
296580,296581,296583,2,1
296580,296581,296584,3,1
296580,296581,296584,3,1
296580,296581,296584,3,1
296580,296581,296584,3,1
296580,296581,296585,4,1
296580,296581,296585,4,1
296580,296581,296586,5,1
296580,296581,296586,5,1
296580,296581,296586,5,1
296580,296581,296587,6,1
296589,296589,296590,1,0
296589,296589,296590,1,0
296589,296589,296591,2,0
296589,296589,296591,2,0
296589,296589,296591,2,0
296589,296589,296592,3,0
296589,296589,296591,2,0
296589,296589,296591,2,0
296589,296589,296592,3,0
296589,296589,296591,2,0
296589,296589,296592,3,0
296589,296589,296591,2,0
296589,296589,296591,2,0
296589,296589,296591,2,0
296589,296589,296591,2,0
296589,296589,296592,3,0
296589,296589,296591,2,0
296589,296589,296591,2,0
296589,296589,296591,2,0
296589,296589,296592,3,0
296589,296589,296592,3,0
296589,296589,296591,2,0
296589,296589,296592,3,0
296589,296589,296592,3,0
296589,296589,296592,3,0
296589,296589,296592,3,0
296589,296589,296592,3,0
296589,296589,296592,3,0
296589,296589,296592,3,0
296589,296589,296592,3,0
296589,296589,296592,3,0
296589,296589,296592,3,0
296594,296594,296595,1,0
296594,296594,296595,1,0
296594,296594,296595,1,0
296594,296594,296595,1,0
296594,296594,296596,2,0
296594,296594,296596,2,0
296594,296594,296596,2,0
296594,296594,296596,2,0
296594,296594,296596,2,0
296594,296594,296596,2,0
296594,296594,296596,2,0
296594,296594,296596,2,0
296594,296594,296596,2,0
296594,296594,296596,2,0
296594,296594,296596,2,0
296594,296594,296596,2,0
296594,296594,296596,2,0
296594,296594,296596,2,0
296594,296594,296596,2,0
296594,296594,296596,2,0
296594,296594,296596,2,0
296594,296594,296596,2,0
296594,296594,296596,2,0
296594,296594,296596,2,0
296594,296594,296596,2,0
296594,296594,296596,2,0
296594,296594,296596,2,0
296594,296594,296596,2,0
296594,296594,296596,2,0
296594,296594,296596,2,0
296594,296594,296596,2,0
296594,296594,296596,2,0
296598,296598,296600,2,0
296598,296598,296599,1,0
296598,296598,296599,1,0
296598,296598,296599,1,0
296598,296598,296599,1,0
296598,296598,296600,2,0
296598,296598,296600,2,0
296598,296598,296600,2,0
296598,296598,296600,2,0
296598,296598,296600,2,0
296598,296598,296600,2,0
296598,296598,296601,3,0
296598,296598,296600,2,0
296598,296598,296600,2,0
296598,296598,296600,2,0
296598,296598,296600,2,0
296598,296598,296600,2,0
296598,296598,296600,2,0
296598,296598,296600,2,0
296598,296598,296600,2,0
296598,296598,296600,2,0
296598,296598,296600,2,0
296598,296598,296600,2,0
296598,296598,296600,2,0
296598,296598,296600,2,0
296598,296598,296600,2,0
296598,296598,296600,2,0
296598,296598,296600,2,0
296598,296598,296600,2,0
296598,296598,296601,3,0
296598,296598,296600,2,0
296598,296598,296600,2,0
296602,296602,296603,1,0
296602,296602,296604,2,0
296602,296602,296603,1,0
296602,296602,296603,1,0
296602,296602,296603,1,0
296602,296602,296604,2,0
296602,296602,296604,2,0
296602,296602,296605,3,0
296602,296602,296604,2,0
296602,296602,296604,2,0
296602,296602,296604,2,0
296602,296602,296604,2,0
296602,296602,296604,2,0
296602,296602,296605,3,0
296602,296602,296604,2,0
296602,296602,296604,2,0
296602,296602,296605,3,0
296602,296602,296604,2,0
296602,296602,296604,2,0
296602,296602,296604,2,0
296602,296602,296604,2,0
296602,296602,296604,2,0
296602,296602,296604,2,0
296602,296602,296604,2,0
296602,296602,296604,2,0
296602,296602,296604,2,0
296602,296602,296604,2,0
296602,296602,296604,2,0
296602,296602,296605,3,0
296602,296602,296604,2,0
296602,296602,296604,2,0
296602,296602,296605,3,0
296607,296607,296609,2,0
296607,296607,296608,1,0
296607,296607,296609,2,0
296607,296607,296608,1,0
296607,296607,296609,2,0
296607,296607,296608,1,0
296607,296607,296609,2,0
296607,296607,296609,2,0
296607,296607,296609,2,0
296607,296607,296609,2,0
296607,296607,296609,2,0
296607,296607,296609,2,0
296607,296607,296609,2,0
296607,296607,296609,2,0
296607,296607,296609,2,0
296607,296607,296609,2,0
296607,296607,296609,2,0
296607,296607,296609,2,0
296607,296607,296609,2,0
296607,296607,296609,2,0
296607,296607,296609,2,0
296607,296607,296610,3,0
296607,296607,296610,3,0
296607,296607,296609,2,0
296607,296607,296609,2,0
296607,296607,296610,3,0
296607,296607,296609,2,0
296607,296607,296609,2,0
296607,296607,296609,2,0
296607,296607,296609,2,0
296607,296607,296610,3,0
296607,296607,296610,3,0
296612,296612,296614,2,0
296612,296612,296614,2,0
296612,296612,296614,2,0
296612,296612,296615,3,0
296612,296612,296614,2,0
296612,296612,296615,3,0
296612,296612,296615,3,0
296612,296612,296614,2,0
296612,296612,296614,2,0
296612,296612,296614,2,0
296612,296612,296615,3,0
296612,296612,296614,2,0
296612,296612,296615,3,0
296612,296612,296615,3,0
296612,296612,296615,3,0
296612,296612,296614,2,0
296612,296612,296614,2,0
296612,296612,296615,3,0
296612,296612,296614,2,0
296612,296612,296614,2,0
296612,296612,296615,3,0
296612,296612,296615,3,0
296612,296612,296614,2,0
296612,296612,296615,3,0
296612,296612,296614,2,0
296612,296612,296615,3,0
296612,296612,296615,3,0
296612,296612,296615,3,0
296612,296612,296614,2,0
296612,296612,296615,3,0
296612,296612,296614,2,0
296612,296612,296614,2,0
296616,296616,296617,1,0
296616,296616,296618,2,0
296616,296616,296618,2,0
296616,296616,296617,1,0
296616,296616,296619,3,0
296616,296616,296619,3,0
296616,296616,296618,2,0
296616,296616,296619,3,0
296616,296616,296618,2,0
296616,296616,296618,2,0
296616,296616,296618,2,0
296616,296616,296618,2,0
296616,296616,296619,3,0
296616,296616,296618,2,0
296616,296616,296618,2,0
296616,296616,296619,3,0
296616,296616,296619,3,0
296616,296616,296618,2,0
296616,296616,296619,3,0
296616,296616,296618,2,0
296616,296616,296619,3,0
296616,296616,296619,3,0
296616,296616,296618,2,0
296616,296616,296619,3,0
296616,296616,296618,2,0
296616,296616,296619,3,0
296616,296616,296619,3,0
296616,296616,296618,2,0
296616,296616,296619,3,0
296616,296616,296619,3,0
296616,296616,296618,2,0
296616,296616,296619,3,0
296621,296621,296623,2,0
296621,296621,296623,2,0
296621,296621,296622,1,0
296621,296621,296623,2,0
296621,296621,296623,2,0
296621,296621,296624,3,0
296621,296621,296624,3,0
296621,296621,296623,2,0
296621,296621,296623,2,0
296621,296621,296624,3,0
296621,296621,296624,3,0
296621,296621,296624,3,0
296621,296621,296624,3,0
296621,296621,296624,3,0
296621,296621,296624,3,0
296621,296621,296624,3,0
296621,296621,296623,2,0
296621,296621,296624,3,0
296621,296621,296623,2,0
296621,296621,296624,3,0
296621,296621,296623,2,0
296621,296621,296624,3,0
296621,296621,296624,3,0
296621,296621,296624,3,0
296621,296621,296624,3,0
296621,296621,296624,3,0
296621,296621,296626,5,0
296621,296621,296627,6,0
296621,296621,296627,6,0
296621,296621,296627,6,0
296621,296621,296627,6,0
296621,296621,296627,6,0
296629,296629,296630,1,0
296629,296629,296630,1,0
296629,296629,296631,2,0
296629,296629,296631,2,0
296629,296629,296631,2,0
296629,296629,296631,2,0
296629,296629,296631,2,0
296629,296629,296631,2,0
296629,296629,296631,2,0
296629,296629,296631,2,0
296629,296629,296632,3,0
296629,296629,296631,2,0
296629,296629,296631,2,0
296629,296629,296631,2,0
296629,296629,296631,2,0
296629,296629,296631,2,0
296629,296629,296631,2,0
296629,296629,296631,2,0
296629,296629,296631,2,0
296629,296629,296631,2,0
296629,296629,296631,2,0
296629,296629,296631,2,0
296629,296629,296632,3,0
296629,296629,296631,2,0
296629,296629,296631,2,0
296629,296629,296631,2,0
296629,296629,296631,2,0
296629,296629,296631,2,0
296629,296629,296631,2,0
296629,296629,296631,2,0
296629,296629,296631,2,0
296629,296629,296632,3,0
296633,296634,296635,1,1
296633,296634,296635,1,1
296633,296634,296635,1,1
296633,296634,296635,1,1
296633,296634,296635,1,1
296633,296634,296636,2,1
296633,296634,296636,2,1
296633,296634,296636,2,1
296633,296634,296636,2,1
296633,296634,296636,2,1
296633,296634,296636,2,1
296633,296634,296636,2,1
296633,296634,296636,2,1
296633,296634,296636,2,1
296633,296634,296636,2,1
296633,296634,296636,2,1
296633,296634,296636,2,1
296633,296634,296636,2,1
296633,296634,296636,2,1
296633,296634,296636,2,1
296633,296634,296636,2,1
296633,296634,296636,2,1
296633,296634,296636,2,1
296633,296634,296636,2,1
296633,296634,296636,2,1
296633,296634,296636,2,1
296633,296634,296637,3,1
296633,296634,296636,2,1
296633,296634,296637,3,1
296633,296634,296636,2,1
296633,296634,296636,2,1
296633,296634,296637,3,1
296639,296639,296641,2,0
296639,296639,296640,1,0
296639,296639,296641,2,0
296639,296639,296641,2,0
296639,296639,296641,2,0
296639,296639,296642,3,0
296639,296639,296641,2,0
296639,296639,296641,2,0
296639,296639,296642,3,0
296639,296639,296641,2,0
296639,296639,296641,2,0
296639,296639,296641,2,0
296639,296639,296641,2,0
296639,296639,296641,2,0
296639,296639,296641,2,0
296639,296639,296641,2,0
296639,296639,296641,2,0
296639,296639,296641,2,0
296639,296639,296641,2,0
296639,296639,296642,3,0
296639,296639,296641,2,0
296639,296639,296641,2,0
296639,296639,296641,2,0
296639,296639,296641,2,0
296639,296639,296641,2,0
296639,296639,296642,3,0
296639,296639,296641,2,0
296639,296639,296641,2,0
296639,296639,296641,2,0
296639,296639,296642,3,0
296639,296639,296642,3,0
296639,296639,296641,2,0
296643,296643,296645,2,0
296643,296643,296645,2,0
296643,296643,296645,2,0
296643,296643,296645,2,0
296643,296643,296645,2,0
296643,296643,296646,3,0
296643,296643,296646,3,0
296643,296643,296646,3,0
296643,296643,296646,3,0
296643,296643,296645,2,0
296643,296643,296646,3,0
296643,296643,296646,3,0
296643,296643,296646,3,0
296643,296643,296646,3,0
296643,296643,296646,3,0
296643,296643,296645,2,0
296643,296643,296646,3,0
296643,296643,296646,3,0
296643,296643,296646,3,0
296643,296643,296646,3,0
296643,296643,296646,3,0
296643,296643,296645,2,0
296643,296643,296646,3,0
296643,296643,296646,3,0
296643,296643,296645,2,0
296643,296643,296645,2,0
296643,296643,296646,3,0
296643,296643,296646,3,0
296643,296643,296645,2,0
296643,296643,296646,3,0
296643,296643,296647,4,0
296643,296643,296646,3,0
296648,296648,296650,2,0
296648,296648,296649,1,0
296648,296648,296650,2,0
296648,296648,296650,2,0
296648,296648,296650,2,0
296648,296648,296651,3,0
296648,296648,296650,2,0
296648,296648,296650,2,0
296648,296648,296651,3,0
296648,296648,296651,3,0
296648,296648,296651,3,0
296648,296648,296651,3,0
296648,296648,296651,3,0
296648,296648,296651,3,0
296648,296648,296650,2,0
296648,296648,296651,3,0
296648,296648,296651,3,0
296648,296648,296651,3,0
296648,296648,296651,3,0
296648,296648,296651,3,0
296648,296648,296650,2,0
296648,296648,296651,3,0
296648,296648,296651,3,0
296648,296648,296651,3,0
296648,296648,296650,2,0
296648,296648,296650,2,0
296648,296648,296651,3,0
296648,296648,296650,2,0
296648,296648,296650,2,0
296648,296648,296651,3,0
296648,296648,296651,3,0
296648,296648,296651,3,0
296654,296654,296656,2,0
296654,296654,296656,2,0
296654,296654,296655,1,0
296654,296654,296656,2,0
296654,296654,296655,1,0
296654,296654,296656,2,0
296654,296654,296657,3,0
296654,296654,296656,2,0
296654,296654,296656,2,0
296654,296654,296656,2,0
296654,296654,296656,2,0
296654,296654,296656,2,0
296654,296654,296657,3,0
296654,296654,296657,3,0
296654,296654,296656,2,0
296654,296654,296657,3,0
296654,296654,296656,2,0
296654,296654,296656,2,0
296654,296654,296656,2,0
296654,296654,296656,2,0
296654,296654,296656,2,0
296654,296654,296656,2,0
296654,296654,296656,2,0
296654,296654,296656,2,0
296654,296654,296656,2,0
296654,296654,296657,3,0
296654,296654,296657,3,0
296654,296654,296657,3,0
296654,296654,296657,3,0
296654,296654,296656,2,0
296654,296654,296656,2,0
296654,296654,296657,3,0
296659,296659,296661,2,0
296659,296659,296661,2,0
296659,296659,296661,2,0
296659,296659,296661,2,0
296659,296659,296661,2,0
296659,296659,296661,2,0
296659,296659,296661,2,0
296659,296659,296661,2,0
296659,296659,296662,3,0
296659,296659,296661,2,0
296659,296659,296662,3,0
296659,296659,296662,3,0
296659,296659,296662,3,0
296659,296659,296662,3,0
296659,296659,296662,3,0
296659,296659,296662,3,0
296659,296659,296661,2,0
296659,296659,296662,3,0
296659,296659,296662,3,0
296659,296659,296661,2,0
296659,296659,296662,3,0
296659,296659,296662,3,0
296659,296659,296662,3,0
296659,296659,296662,3,0
296659,296659,296662,3,0
296659,296659,296662,3,0
296659,296659,296662,3,0
296659,296659,296662,3,0
296659,296659,296662,3,0
296659,296659,296662,3,0
296659,296659,296662,3,0
296659,296659,296662,3,0
296665,296665,296666,1,0
296665,296665,296666,1,0
296665,296665,296666,1,0
296665,296665,296667,2,0
296665,296665,296667,2,0
296665,296665,296666,1,0
296665,296665,296666,1,0
296665,296665,296667,2,0
296665,296665,296667,2,0
296665,296665,296667,2,0
296665,296665,296667,2,0
296665,296665,296667,2,0
296665,296665,296667,2,0
296665,296665,296667,2,0
296665,296665,296667,2,0
296665,296665,296667,2,0
296665,296665,296667,2,0
296665,296665,296667,2,0
296665,296665,296667,2,0
296665,296665,296668,3,0
296665,296665,296667,2,0
296665,296665,296667,2,0
296665,296665,296667,2,0
296665,296665,296667,2,0
296665,296665,296668,3,0
296665,296665,296668,3,0
296665,296665,296669,4,0
296665,296665,296669,4,0
296665,296665,296669,4,0
296665,296665,296669,4,0
296665,296665,296670,5,0
296665,296665,296670,5,0
296672,296672,296675,3,0
296672,296672,296675,3,0
296672,296672,296674,2,0
296672,296672,296675,3,0
296672,296672,296675,3,0
296672,296672,296675,3,0
296672,296672,296675,3,0
296672,296672,296675,3,0
296672,296672,296675,3,0
296672,296672,296675,3,0
296672,296672,296675,3,0
296672,296672,296675,3,0
296672,296672,296675,3,0
296672,296672,296675,3,0
296672,296672,296675,3,0
296672,296672,296675,3,0
296672,296672,296675,3,0
296672,296672,296675,3,0
296672,296672,296675,3,0
296672,296672,296675,3,0
296672,296672,296675,3,0
296672,296672,296675,3,0
296672,296672,296675,3,0
296672,296672,296676,4,0
296672,296672,296675,3,0
296672,296672,296675,3,0
296672,296672,296675,3,0
296672,296672,296675,3,0
296672,296672,296675,3,0
296672,296672,296675,3,0
296672,296672,296675,3,0
296672,296672,296675,3,0
296677,296677,296679,2,0
296677,296677,296679,2,0
296677,296677,296679,2,0
296677,296677,296679,2,0
296677,296677,296679,2,0
296677,296677,296680,3,0
296677,296677,296679,2,0
296677,296677,296680,3,0
296677,296677,296680,3,0
296677,296677,296680,3,0
296677,296677,296680,3,0
296677,296677,296680,3,0
296677,296677,296679,2,0
296677,296677,296680,3,0
296677,296677,296680,3,0
296677,296677,296680,3,0
296677,296677,296680,3,0
296677,296677,296680,3,0
296677,296677,296680,3,0
296677,296677,296680,3,0
296677,296677,296680,3,0
296677,296677,296680,3,0
296677,296677,296680,3,0
296677,296677,296680,3,0
296677,296677,296680,3,0
296677,296677,296680,3,0
296677,296677,296680,3,0
296677,296677,296680,3,0
296677,296677,296680,3,0
296677,296677,296680,3,0
296677,296677,296680,3,0
296677,296677,296680,3,0
296681,296681,296683,2,0
296681,296681,296683,2,0
296681,296681,296683,2,0
296681,296681,296683,2,0
296681,296681,296683,2,0
296681,296681,296684,3,0
296681,296682,296684,2,1
296681,296682,296684,2,1
296681,296681,296684,3,0
296681,296681,296684,3,0
296681,296682,296684,2,1
296681,296681,296684,3,0
296681,296681,296684,3,0
296681,296682,296684,2,1
296681,296681,296684,3,0
296681,296682,296684,2,1
296681,296681,296684,3,0
296681,296682,296684,2,1
296681,296681,296684,3,0
296681,296682,296684,2,1
296681,296682,296684,2,1
296681,296681,296684,3,0
296681,296682,296684,2,1
296681,296682,296684,2,1
296681,296681,296684,3,0
296681,296681,296684,3,0
296681,296682,296684,2,1
296681,296681,296684,3,0
296681,296682,296684,2,1
296681,296681,296684,3,0
296681,296682,296684,2,1
296681,296682,296684,2,1
296685,296686,296687,1,1
296685,296686,296687,1,1
296685,296685,296687,2,0
296685,296685,296687,2,0
296685,296686,296688,2,1
296685,296686,296688,2,1
296685,296685,296688,3,0
296685,296686,296688,2,1
296685,296686,296688,2,1
296685,296686,296688,2,1
296685,296686,296688,2,1
296685,296686,296688,2,1
296685,296686,296688,2,1
296685,296686,296688,2,1
296685,296686,296688,2,1
296685,296686,296688,2,1
296685,296686,296688,2,1
296685,296686,296688,2,1
296685,296686,296688,2,1
296685,296686,296688,2,1
296685,296686,296688,2,1
296685,296686,296688,2,1
296685,296686,296688,2,1
296685,296686,296688,2,1
296685,296686,296688,2,1
296685,296686,296688,2,1
296685,296686,296688,2,1
296685,296685,296688,3,0
296685,296686,296688,2,1
296685,296686,296688,2,1
296685,296686,296689,3,1
296685,296686,296689,3,1
296691,296691,296693,2,0
296691,296691,296693,2,0
296691,296691,296693,2,0
296691,296691,296693,2,0
296691,296691,296692,1,0
296691,296691,296693,2,0
296691,296691,296694,3,0
296691,296691,296693,2,0
296691,296691,296694,3,0
296691,296691,296693,2,0
296691,296691,296693,2,0
296691,296691,296693,2,0
296691,296691,296693,2,0
296691,296691,296693,2,0
296691,296691,296694,3,0
296691,296691,296694,3,0
296691,296691,296694,3,0
296691,296691,296693,2,0
296691,296691,296693,2,0
296691,296691,296693,2,0
296691,296691,296693,2,0
296691,296691,296694,3,0
296691,296691,296694,3,0
296691,296691,296694,3,0
296691,296691,296693,2,0
296691,296691,296693,2,0
296691,296691,296694,3,0
296691,296691,296693,2,0
296691,296691,296693,2,0
296691,296691,296694,3,0
296691,296691,296694,3,0
296691,296691,296694,3,0
296696,296696,296697,1,0
296696,296696,296697,1,0
296696,296696,296698,2,0
296696,296696,296698,2,0
296696,296696,296698,2,0
296696,296696,296698,2,0
296696,296696,296698,2,0
296696,296696,296698,2,0
296696,296696,296699,3,0
296696,296696,296698,2,0
296696,296696,296698,2,0
296696,296696,296698,2,0
296696,296696,296698,2,0
296696,296696,296699,3,0
296696,296696,296698,2,0
296696,296696,296698,2,0
296696,296696,296699,3,0
296696,296696,296698,2,0
296696,296696,296699,3,0
296696,296696,296699,3,0
296696,296696,296698,2,0
296696,296696,296699,3,0
296696,296696,296699,3,0
296696,296696,296698,2,0
296696,296696,296699,3,0
296696,296696,296699,3,0
296696,296696,296698,2,0
296696,296696,296698,2,0
296696,296696,296698,2,0
296696,296696,296698,2,0
296696,296696,296699,3,0
296696,296696,296699,3,0
296701,296701,296703,2,0
296701,296701,296703,2,0
296701,296701,296703,2,0
296701,296701,296704,3,0
296701,296701,296704,3,0
296701,296701,296703,2,0
296701,296701,296703,2,0
296701,296701,296704,3,0
296701,296701,296704,3,0
296701,296701,296704,3,0
296701,296701,296704,3,0
296701,296701,296704,3,0
296701,296701,296703,2,0
296701,296701,296704,3,0
296701,296701,296704,3,0
296701,296701,296704,3,0
296701,296701,296704,3,0
296701,296701,296703,2,0
296701,296701,296704,3,0
296701,296701,296704,3,0
296701,296701,296704,3,0
296701,296701,296704,3,0
296701,296701,296703,2,0
296701,296701,296704,3,0
296701,296701,296704,3,0
296701,296701,296703,2,0
296701,296701,296705,4,0
296701,296701,296705,4,0
296701,296701,296705,4,0
296701,296701,296705,4,0
296701,296701,296704,3,0
296701,296701,296704,3,0
296706,296706,296708,2,0
296706,296706,296708,2,0
296706,296706,296708,2,0
296706,296706,296708,2,0
296706,296706,296708,2,0
296706,296706,296708,2,0
296706,296706,296709,3,0
296706,296706,296709,3,0
296706,296706,296709,3,0
296706,296706,296709,3,0
296706,296706,296709,3,0
296706,296706,296708,2,0
296706,296706,296709,3,0
296706,296706,296709,3,0
296706,296706,296709,3,0
296706,296706,296709,3,0
296706,296706,296709,3,0
296706,296706,296708,2,0
296706,296706,296709,3,0
296706,296706,296709,3,0
296706,296706,296708,2,0
296706,296706,296709,3,0
296706,296706,296709,3,0
296706,296706,296709,3,0
296706,296706,296709,3,0
296706,296706,296709,3,0
296706,296706,296711,5,0
296706,296706,296711,5,0
296706,296706,296711,5,0
296706,296706,296712,6,0
296706,296706,296712,6,0
296706,296706,296711,5,0
296713,296713,296715,2,0
296713,296713,296715,2,0
296713,296713,296715,2,0
296713,296713,296715,2,0
296713,296713,296715,2,0
296713,296713,296715,2,0
296713,296713,296715,2,0
296713,296713,296716,3,0
296713,296713,296716,3,0
296713,296713,296716,3,0
296713,296713,296716,3,0
296713,296713,296716,3,0
296713,296713,296716,3,0
296713,296713,296716,3,0
296713,296713,296716,3,0
296713,296713,296716,3,0
296713,296713,296716,3,0
296713,296713,296716,3,0
296713,296713,296716,3,0
296713,296713,296716,3,0
296713,296713,296717,4,0
296713,296713,296717,4,0
296713,296713,296717,4,0
296713,296713,296716,3,0
296713,296713,296717,4,0
296713,296713,296717,4,0
296713,296713,296717,4,0
296713,296713,296717,4,0
296713,296713,296717,4,0
296713,296713,296716,3,0
296713,296713,296717,4,0
296713,296713,296717,4,0
296719,296719,296720,1,0
296719,296719,296720,1,0
296719,296719,296720,1,0
296719,296719,296720,1,0
296719,296719,296720,1,0
296719,296719,296721,2,0
296719,296719,296720,1,0
296719,296719,296720,1,0
296719,296719,296721,2,0
296719,296719,296721,2,0
296719,296719,296721,2,0
296719,296719,296721,2,0
296719,296719,296721,2,0
296719,296719,296721,2,0
296719,296719,296721,2,0
296719,296719,296721,2,0
296719,296719,296722,3,0
296719,296719,296721,2,0
296719,296719,296721,2,0
296719,296719,296721,2,0
296719,296719,296721,2,0
296719,296719,296722,3,0
296719,296719,296721,2,0
296719,296719,296721,2,0
296719,296719,296721,2,0
296719,296719,296721,2,0
296719,296719,296722,3,0
296719,296719,296721,2,0
296719,296719,296721,2,0
296719,296719,296721,2,0
296719,296719,296722,3,0
296719,296719,296721,2,0
296723,296723,296725,2,0
296723,296723,296724,1,0
296723,296723,296725,2,0
296723,296723,296726,3,0
296723,296723,296725,2,0
296723,296723,296725,2,0
296723,296723,296726,3,0
296723,296723,296726,3,0
296723,296723,296725,2,0
296723,296723,296726,3,0
296723,296723,296725,2,0
296723,296723,296726,3,0
296723,296723,296726,3,0
296723,296723,296725,2,0
296723,296723,296726,3,0
296723,296723,296725,2,0
296723,296723,296725,2,0
296723,296723,296726,3,0
296723,296723,296725,2,0
296723,296723,296726,3,0
296723,296723,296726,3,0
296723,296723,296726,3,0
296723,296723,296725,2,0
296723,296723,296726,3,0
296723,296723,296726,3,0
296723,296723,296725,2,0
296723,296723,296726,3,0
296723,296723,296725,2,0
296723,296723,296726,3,0
296723,296723,296726,3,0
296723,296723,296726,3,0
296723,296723,296726,3,0
296728,296728,296730,2,0
296728,296728,296730,2,0
296728,296728,296730,2,0
296728,296728,296730,2,0
296728,296728,296731,3,0
296728,296728,296731,3,0
296728,296728,296731,3,0
296728,296728,296731,3,0
296728,296728,296731,3,0
296728,296728,296731,3,0
296728,296728,296731,3,0
296728,296728,296731,3,0
296728,296728,296731,3,0
296728,296728,296731,3,0
296728,296728,296731,3,0
296728,296728,296731,3,0
296728,296728,296731,3,0
296728,296728,296731,3,0
296728,296728,296730,2,0
296728,296728,296731,3,0
296728,296728,296731,3,0
296728,296728,296730,2,0
296728,296728,296731,3,0
296728,296728,296731,3,0
296728,296728,296730,2,0
296728,296728,296731,3,0
296728,296728,296731,3,0
296728,296728,296731,3,0
296728,296728,296731,3,0
296728,296728,296731,3,0
296728,296728,296731,3,0
296728,296728,296732,4,0
296733,296733,296735,2,0
296733,296733,296735,2,0
296733,296733,296735,2,0
296733,296733,296735,2,0
296733,296733,296735,2,0
296733,296733,296735,2,0
296733,296733,296735,2,0
296733,296733,296735,2,0
296733,296733,296735,2,0
296733,296733,296735,2,0
296733,296733,296736,3,0
296733,296733,296736,3,0
296733,296733,296736,3,0
296733,296733,296736,3,0
296733,296733,296736,3,0
296733,296733,296736,3,0
296733,296733,296735,2,0
296733,296733,296736,3,0
296733,296733,296736,3,0
296733,296733,296736,3,0
296733,296733,296736,3,0
296733,296733,296735,2,0
296733,296733,296736,3,0
296733,296733,296736,3,0
296733,296733,296736,3,0
296733,296733,296736,3,0
296733,296733,296736,3,0
296733,296733,296736,3,0
296733,296733,296736,3,0
296733,296733,296737,4,0
296733,296733,296736,3,0
296733,296733,296737,4,0
296738,296738,296740,2,0
296738,296738,296740,2,0
296738,296738,296740,2,0
296738,296738,296740,2,0
296738,296738,296740,2,0
296738,296738,296740,2,0
296738,296738,296740,2,0
296738,296738,296741,3,0
296738,296738,296740,2,0
296738,296738,296741,3,0
296738,296738,296740,2,0
296738,296738,296740,2,0
296738,296738,296740,2,0
296738,296738,296741,3,0
296738,296738,296741,3,0
296738,296738,296740,2,0
296738,296738,296741,3,0
296738,296738,296741,3,0
296738,296738,296741,3,0
296738,296738,296741,3,0
296738,296738,296741,3,0
296738,296738,296741,3,0
296738,296738,296741,3,0
296738,296738,296741,3,0
296738,296738,296741,3,0
296738,296738,296741,3,0
296738,296738,296741,3,0
296738,296738,296740,2,0
296738,296738,296741,3,0
296738,296738,296741,3,0
296738,296738,296741,3,0
296738,296738,296741,3,0
296742,296742,296744,2,0
296742,296742,296743,1,0
296742,296742,296744,2,0
296742,296742,296744,2,0
296742,296742,296745,3,0
296742,296742,296744,2,0
296742,296742,296745,3,0
296742,296742,296745,3,0
296742,296742,296744,2,0
296742,296742,296745,3,0
296742,296742,296745,3,0
296742,296742,296744,2,0
296742,296742,296745,3,0
296742,296742,296745,3,0
296742,296742,296744,2,0
296742,296742,296745,3,0
296742,296742,296744,2,0
296742,296742,296745,3,0
296742,296742,296745,3,0
296742,296742,296745,3,0
296742,296742,296744,2,0
296742,296742,296745,3,0
296742,296742,296745,3,0
296742,296742,296745,3,0
296742,296742,296744,2,0
296742,296742,296745,3,0
296742,296742,296745,3,0
296742,296742,296745,3,0
296742,296742,296745,3,0
296742,296742,296745,3,0
296742,296742,296745,3,0
296742,296742,296745,3,0
296746,296746,296748,2,0
296746,296746,296748,2,0
296746,296746,296748,2,0
296746,296746,296748,2,0
296746,296746,296749,3,0
296746,296746,296748,2,0
296746,296746,296749,3,0
296746,296746,296749,3,0
296746,296746,296749,3,0
296746,296746,296749,3,0
296746,296746,296749,3,0
296746,296746,296748,2,0
296746,296746,296749,3,0
296746,296746,296749,3,0
296746,296746,296749,3,0
296746,296746,296749,3,0
296746,296746,296749,3,0
296746,296746,296749,3,0
296746,296746,296749,3,0
296746,296746,296749,3,0
296746,296746,296749,3,0
296746,296746,296749,3,0
296746,296746,296749,3,0
296746,296746,296748,2,0
296746,296746,296748,2,0
296746,296746,296749,3,0
296746,296746,296749,3,0
296746,296746,296748,2,0
296746,296746,296749,3,0
296746,296746,296749,3,0
296746,296746,296749,3,0
296746,296746,296749,3,0
296754,296754,296756,2,0
296754,296754,296756,2,0
296754,296754,296755,1,0
296754,296754,296755,1,0
296754,296754,296758,4,0
296754,296754,296757,3,0
296754,296754,296758,4,0
296754,296754,296757,3,0
296754,296754,296758,4,0
296754,296754,296757,3,0
296754,296754,296758,4,0
296754,296754,296757,3,0
296754,296754,296757,3,0
296754,296754,296757,3,0
296754,296754,296758,4,0
296754,296754,296758,4,0
296754,296754,296757,3,0
296754,296754,296757,3,0
296754,296754,296758,4,0
296754,296754,296757,3,0
296754,296754,296757,3,0
296754,296754,296758,4,0
296754,296754,296758,4,0
296754,296754,296758,4,0
296754,296754,296757,3,0
296754,296754,296758,4,0
296754,296754,296758,4,0
296754,296754,296758,4,0
296754,296754,296758,4,0
296754,296754,296758,4,0
296754,296754,296758,4,0
296754,296754,296758,4,0
296760,296760,296762,2,0
296760,296760,296762,2,0
296760,296760,296762,2,0
296760,296760,296762,2,0
296760,296760,296763,3,0
296760,296760,296762,2,0
296760,296760,296763,3,0
296760,296760,296763,3,0
296760,296760,296763,3,0
296760,296760,296763,3,0
296760,296760,296763,3,0
296760,296760,296762,2,0
296760,296760,296763,3,0
296760,296760,296763,3,0
296760,296760,296763,3,0
296760,296760,296762,2,0
296760,296760,296763,3,0
296760,296760,296763,3,0
296760,296760,296763,3,0
296760,296760,296763,3,0
296760,296760,296763,3,0
296760,296760,296763,3,0
296760,296760,296763,3,0
296760,296760,296763,3,0
296760,296760,296763,3,0
296760,296760,296763,3,0
296760,296760,296763,3,0
296760,296760,296763,3,0
296760,296760,296763,3,0
296760,296760,296763,3,0
296760,296760,296763,3,0
296760,296760,296763,3,0
296764,296765,296766,1,1
296764,296765,296766,1,1
296764,296765,296766,1,1
296764,296765,296766,1,1
296764,296765,296766,1,1
296764,296765,296766,1,1
296764,296765,296766,1,1
296764,296765,296766,1,1
296764,296765,296767,2,1
296764,296765,296767,2,1
296764,296765,296767,2,1
296764,296765,296767,2,1
296764,296765,296767,2,1
296764,296765,296767,2,1
296764,296765,296767,2,1
296764,296765,296767,2,1
296764,296765,296767,2,1
296764,296765,296767,2,1
296764,296765,296767,2,1
296764,296765,296767,2,1
296764,296765,296767,2,1
296764,296765,296767,2,1
296764,296765,296767,2,1
296764,296765,296767,2,1
296764,296765,296767,2,1
296764,296765,296767,2,1
296764,296765,296767,2,1
296764,296765,296767,2,1
296764,296765,296767,2,1
296764,296765,296767,2,1
296764,296765,296767,2,1
296764,296765,296767,2,1
296769,296769,296770,1,0
296769,296769,296771,2,0
296769,296769,296770,1,0
296769,296769,296770,1,0
296769,296769,296770,1,0
296769,296769,296771,2,0
296769,296769,296771,2,0
296769,296769,296771,2,0
296769,296769,296771,2,0
296769,296769,296771,2,0
296769,296769,296771,2,0
296769,296769,296771,2,0
296769,296769,296771,2,0
296769,296769,296771,2,0
296769,296769,296771,2,0
296769,296769,296771,2,0
296769,296769,296771,2,0
296769,296769,296771,2,0
296769,296769,296771,2,0
296769,296769,296771,2,0
296769,296769,296771,2,0
296769,296769,296771,2,0
296769,296769,296771,2,0
296769,296769,296771,2,0
296769,296769,296771,2,0
296769,296769,296771,2,0
296769,296769,296771,2,0
296769,296769,296771,2,0
296769,296769,296771,2,0
296769,296769,296771,2,0
296769,296769,296771,2,0
296769,296769,296771,2,0
296773,296773,296774,1,0
296773,296773,296775,2,0
296773,296773,296775,2,0
296773,296773,296774,1,0
296773,296773,296775,2,0
296773,296773,296775,2,0
296773,296773,296775,2,0
296773,296773,296774,1,0
296773,296773,296775,2,0
296773,296773,296775,2,0
296773,296773,296775,2,0
296773,296773,296775,2,0
296773,296773,296775,2,0
296773,296773,296775,2,0
296773,296773,296775,2,0
296773,296773,296775,2,0
296773,296773,296776,3,0
296773,296773,296775,2,0
296773,296773,296775,2,0
296773,296773,296775,2,0
296773,296773,296775,2,0
296773,296773,296775,2,0
296773,296773,296776,3,0
296773,296773,296775,2,0
296773,296773,296775,2,0
296773,296773,296775,2,0
296773,296773,296776,3,0
296773,296773,296775,2,0
296773,296773,296775,2,0
296773,296773,296775,2,0
296773,296773,296775,2,0
296773,296773,296775,2,0
296777,296778,296779,1,1
296777,296778,296779,1,1
296777,296778,296779,1,1
296777,296778,296779,1,1
296777,296778,296779,1,1
296777,296778,296780,2,1
296777,296778,296780,2,1
296777,296778,296780,2,1
296777,296778,296781,3,1
296777,296778,296780,2,1
296777,296778,296780,2,1
296777,296778,296780,2,1
296777,296778,296780,2,1
296777,296778,296780,2,1
296777,296778,296780,2,1
296777,296778,296780,2,1
296777,296778,296780,2,1
296777,296778,296780,2,1
296777,296778,296781,3,1
296777,296778,296780,2,1
296777,296778,296780,2,1
296777,296778,296780,2,1
296777,296778,296780,2,1
296777,296778,296780,2,1
296777,296778,296780,2,1
296777,296778,296780,2,1
296777,296778,296780,2,1
296777,296778,296780,2,1
296777,296778,296780,2,1
296777,296778,296780,2,1
296777,296778,296780,2,1
296777,296778,296781,3,1
296783,296783,296785,2,0
296783,296783,296785,2,0
296783,296783,296785,2,0
296783,296783,296785,2,0
296783,296783,296786,3,0
296783,296783,296785,2,0
296783,296783,296785,2,0
296783,296783,296786,3,0
296783,296783,296786,3,0
296783,296783,296785,2,0
296783,296783,296785,2,0
296783,296783,296786,3,0
296783,296783,296785,2,0
296783,296783,296786,3,0
296783,296783,296786,3,0
296783,296783,296785,2,0
296783,296783,296786,3,0
296783,296783,296785,2,0
296783,296783,296785,2,0
296783,296783,296786,3,0
296783,296783,296786,3,0
296783,296783,296785,2,0
296783,296783,296786,3,0
296783,296783,296786,3,0
296783,296783,296785,2,0
296783,296783,296786,3,0
296783,296783,296787,4,0
296783,296783,296786,3,0
296783,296783,296787,4,0
296783,296783,296786,3,0
296783,296783,296786,3,0
296783,296783,296786,3,0
296788,296788,296790,2,0
296788,296788,296790,2,0
296788,296788,296790,2,0
296788,296788,296790,2,0
296788,296788,296790,2,0
296788,296788,296790,2,0
296788,296788,296790,2,0
296788,296788,296791,3,0
296788,296788,296791,3,0
296788,296788,296791,3,0
296788,296788,296791,3,0
296788,296788,296791,3,0
296788,296788,296790,2,0
296788,296788,296790,2,0
296788,296788,296791,3,0
296788,296788,296791,3,0
296788,296788,296791,3,0
296788,296788,296791,3,0
296788,296788,296791,3,0
296788,296788,296790,2,0
296788,296788,296791,3,0
296788,296788,296791,3,0
296788,296788,296791,3,0
296788,296788,296791,3,0
296788,296788,296791,3,0
296788,296788,296791,3,0
296788,296788,296791,3,0
296788,296788,296791,3,0
296788,296788,296791,3,0
296788,296788,296791,3,0
296788,296788,296791,3,0
296788,296788,296791,3,0
296795,296796,296797,1,1
296795,296796,296798,2,1
296795,296796,296797,1,1
296795,296796,296797,1,1
296795,296796,296797,1,1
296795,296796,296798,2,1
296795,296796,296798,2,1
296795,296796,296798,2,1
296795,296796,296798,2,1
296795,296796,296798,2,1
296795,296796,296798,2,1
296795,296796,296799,3,1
296795,296796,296798,2,1
296795,296796,296799,3,1
296795,296796,296799,3,1
296795,296796,296799,3,1
296795,296796,296799,3,1
296795,296796,296798,2,1
296795,296796,296798,2,1
296795,296796,296799,3,1
296795,296796,296799,3,1
296795,296796,296799,3,1
296795,296796,296799,3,1
296795,296796,296799,3,1
296795,296796,296799,3,1
296795,296796,296799,3,1
296795,296796,296799,3,1
296795,296796,296799,3,1
296795,296796,296799,3,1
296795,296796,296799,3,1
296795,296796,296799,3,1
296795,296796,296799,3,1
296801,296801,296802,1,0
296801,296801,296802,1,0
296801,296801,296802,1,0
296801,296801,296803,2,0
296801,296801,296802,1,0
296801,296801,296803,2,0
296801,296801,296803,2,0
296801,296801,296802,1,0
296801,296801,296802,1,0
296801,296801,296803,2,0
296801,296801,296804,3,0
296801,296801,296803,2,0
296801,296801,296803,2,0
296801,296801,296804,3,0
296801,296801,296803,2,0
296801,296801,296803,2,0
296801,296801,296803,2,0
296801,296801,296803,2,0
296801,296801,296803,2,0
296801,296801,296803,2,0
296801,296801,296803,2,0
296801,296801,296803,2,0
296801,296801,296803,2,0
296801,296801,296803,2,0
296801,296801,296803,2,0
296801,296801,296803,2,0
296801,296801,296803,2,0
296801,296801,296803,2,0
296801,296801,296804,3,0
296801,296801,296803,2,0
296801,296801,296804,3,0
296801,296801,296803,2,0
296805,296805,296807,2,0
296805,296805,296807,2,0
296805,296805,296807,2,0
296805,296805,296807,2,0
296805,296805,296807,2,0
296805,296805,296807,2,0
296805,296805,296807,2,0
296805,296805,296807,2,0
296805,296805,296807,2,0
296805,296805,296807,2,0
296805,296805,296808,3,0
296805,296805,296808,3,0
296805,296805,296808,3,0
296805,296805,296808,3,0
296805,296805,296808,3,0
296805,296805,296808,3,0
296805,296805,296807,2,0
296805,296805,296808,3,0
296805,296805,296807,2,0
296805,296805,296807,2,0
296805,296805,296808,3,0
296805,296805,296808,3,0
296805,296805,296808,3,0
296805,296805,296808,3,0
296805,296805,296808,3,0
296805,296805,296807,2,0
296805,296805,296808,3,0
296805,296805,296807,2,0
296805,296805,296807,2,0
296805,296805,296808,3,0
296805,296805,296807,2,0
296805,296805,296808,3,0
296810,296810,296812,2,0
296810,296810,296812,2,0
296810,296810,296812,2,0
296810,296810,296812,2,0
296810,296810,296811,1,0
296810,296810,296812,2,0
296810,296810,296812,2,0
296810,296810,296812,2,0
296810,296810,296812,2,0
296810,296810,296812,2,0
296810,296810,296812,2,0
296810,296810,296813,3,0
296810,296810,296812,2,0
296810,296810,296812,2,0
296810,296810,296812,2,0
296810,296810,296812,2,0
296810,296810,296813,3,0
296810,296810,296812,2,0
296810,296810,296813,3,0
296810,296810,296812,2,0
296810,296810,296813,3,0
296810,296810,296812,2,0
296810,296810,296812,2,0
296810,296810,296813,3,0
296810,296810,296812,2,0
296810,296810,296812,2,0
296810,296810,296812,2,0
296810,296810,296812,2,0
296810,296810,296812,2,0
296810,296810,296813,3,0
296810,296810,296812,2,0
296810,296810,296812,2,0
296814,296814,296816,2,0
296814,296814,296816,2,0
296814,296814,296816,2,0
296814,296814,296816,2,0
296814,296814,296816,2,0
296814,296814,296816,2,0
296814,296814,296817,3,0
296814,296814,296816,2,0
296814,296814,296817,3,0
296814,296814,296816,2,0
296814,296814,296816,2,0
296814,296814,296816,2,0
296814,296814,296816,2,0
296814,296814,296817,3,0
296814,296814,296816,2,0
296814,296814,296817,3,0
296814,296814,296817,3,0
296814,296814,296817,3,0
296814,296814,296816,2,0
296814,296814,296817,3,0
296814,296814,296817,3,0
296814,296814,296816,2,0
296814,296814,296817,3,0
296814,296814,296816,2,0
296814,296814,296816,2,0
296814,296814,296817,3,0
296814,296814,296817,3,0
296814,296814,296816,2,0
296814,296814,296817,3,0
296814,296814,296817,3,0
296814,296814,296817,3,0
296814,296814,296817,3,0
296819,296819,296821,2,0
296819,296819,296821,2,0
296819,296819,296821,2,0
296819,296819,296821,2,0
296819,296819,296821,2,0
296819,296819,296821,2,0
296819,296819,296822,3,0
296819,296819,296822,3,0
296819,296819,296822,3,0
296819,296819,296821,2,0
296819,296819,296822,3,0
296819,296819,296821,2,0
296819,296819,296822,3,0
296819,296819,296821,2,0
296819,296819,296822,3,0
296819,296819,296822,3,0
296819,296819,296822,3,0
296819,296819,296822,3,0
296819,296819,296822,3,0
296819,296819,296822,3,0
296819,296819,296822,3,0
296819,296819,296821,2,0
296819,296819,296822,3,0
296819,296819,296822,3,0
296819,296819,296821,2,0
296819,296819,296822,3,0
296819,296819,296822,3,0
296819,296819,296822,3,0
296819,296819,296822,3,0
296819,296819,296822,3,0
296819,296819,296822,3,0
296819,296819,296822,3,0
296824,296824,296826,2,0
296824,296824,296827,3,0
296824,296824,296827,3,0
296824,296824,296827,3,0
296824,296824,296827,3,0
296824,296824,296827,3,0
296824,296824,296827,3,0
296824,296824,296827,3,0
296824,296824,296827,3,0
296824,296824,296827,3,0
296824,296824,296827,3,0
296824,296824,296827,3,0
296824,296824,296827,3,0
296824,296824,296827,3,0
296824,296824,296827,3,0
296824,296824,296827,3,0
296824,296824,296827,3,0
296824,296824,296828,4,0
296824,296824,296828,4,0
296824,296824,296828,4,0
296824,296824,296828,4,0
296824,296824,296828,4,0
296824,296824,296828,4,0
296824,296824,296828,4,0
296824,296824,296828,4,0
296824,296824,296828,4,0
296824,296824,296828,4,0
296824,296824,296828,4,0
296824,296824,296828,4,0
296824,296824,296828,4,0
296824,296824,296828,4,0
296824,296824,296828,4,0
296829,296829,296831,2,0
296829,296829,296831,2,0
296829,296829,296831,2,0
296829,296829,296831,2,0
296829,296829,296831,2,0
296829,296829,296831,2,0
296829,296829,296832,3,0
296829,296829,296832,3,0
296829,296829,296832,3,0
296829,296829,296832,3,0
296829,296829,296832,3,0
296829,296829,296832,3,0
296829,296829,296832,3,0
296829,296829,296832,3,0
296829,296829,296832,3,0
296829,296829,296832,3,0
296829,296829,296832,3,0
296829,296829,296832,3,0
296829,296829,296832,3,0
296829,296829,296831,2,0
296829,296829,296832,3,0
296829,296829,296832,3,0
296829,296829,296832,3,0
296829,296829,296832,3,0
296829,296829,296832,3,0
296829,296829,296832,3,0
296829,296829,296832,3,0
296829,296829,296832,3,0
296829,296829,296832,3,0
296829,296829,296832,3,0
296829,296829,296833,4,0
296829,296829,296833,4,0
296834,296834,296836,2,0
296834,296834,296836,2,0
296834,296834,296836,2,0
296834,296834,296836,2,0
296834,296834,296835,1,0
296834,296834,296836,2,0
296834,296834,296836,2,0
296834,296834,296837,3,0
296834,296834,296837,3,0
296834,296834,296836,2,0
296834,296834,296837,3,0
296834,296834,296836,2,0
296834,296834,296836,2,0
296834,296834,296837,3,0
296834,296834,296837,3,0
296834,296834,296837,3,0
296834,296834,296837,3,0
296834,296834,296837,3,0
296834,296834,296837,3,0
296834,296834,296837,3,0
296834,296834,296837,3,0
296834,296834,296837,3,0
296834,296834,296837,3,0
296834,296834,296837,3,0
296834,296834,296837,3,0
296834,296834,296836,2,0
296834,296834,296838,4,0
296834,296834,296838,4,0
296834,296834,296839,5,0
296834,296834,296839,5,0
296834,296834,296839,5,0
296834,296834,296840,6,0
296841,296841,296843,2,0
296841,296841,296843,2,0
296841,296841,296843,2,0
296841,296841,296843,2,0
296841,296841,296843,2,0
296841,296841,296844,3,0
296841,296841,296844,3,0
296841,296841,296844,3,0
296841,296841,296844,3,0
296841,296841,296843,2,0
296841,296841,296844,3,0
296841,296841,296844,3,0
296841,296841,296844,3,0
296841,296841,296844,3,0
296841,296841,296844,3,0
296841,296841,296844,3,0
296841,296841,296844,3,0
296841,296841,296844,3,0
296841,296841,296843,2,0
296841,296841,296844,3,0
296841,296841,296844,3,0
296841,296841,296844,3,0
296841,296841,296844,3,0
296841,296841,296843,2,0
296841,296841,296844,3,0
296841,296841,296844,3,0
296841,296841,296843,2,0
296841,296841,296844,3,0
296841,296841,296844,3,0
296841,296841,296844,3,0
296841,296841,296844,3,0
296841,296841,296844,3,0
296846,296846,296848,2,0
296846,296846,296848,2,0
296846,296846,296848,2,0
296846,296846,296848,2,0
296846,296846,296848,2,0
296846,296846,296848,2,0
296846,296846,296848,2,0
296846,296846,296849,3,0
296846,296846,296849,3,0
296846,296846,296849,3,0
296846,296846,296849,3,0
296846,296846,296848,2,0
296846,296846,296848,2,0
296846,296846,296849,3,0
296846,296846,296849,3,0
296846,296846,296849,3,0
296846,296846,296849,3,0
296846,296846,296849,3,0
296846,296846,296848,2,0
296846,296846,296848,2,0
296846,296846,296848,2,0
296846,296846,296849,3,0
296846,296846,296849,3,0
296846,296846,296849,3,0
296846,296846,296849,3,0
296846,296846,296849,3,0
296846,296846,296849,3,0
296846,296846,296849,3,0
296846,296846,296849,3,0
296846,296846,296849,3,0
296846,296846,296849,3,0
296846,296846,296850,4,0
296851,296851,296853,2,0
296851,296851,296853,2,0
296851,296851,296853,2,0
296851,296851,296853,2,0
296851,296851,296853,2,0
296851,296851,296854,3,0
296851,296851,296854,3,0
296851,296851,296854,3,0
296851,296851,296854,3,0
296851,296851,296854,3,0
296851,296851,296854,3,0
296851,296851,296854,3,0
296851,296851,296854,3,0
296851,296851,296854,3,0
296851,296851,296854,3,0
296851,296851,296854,3,0
296851,296851,296854,3,0
296851,296851,296854,3,0
296851,296851,296854,3,0
296851,296851,296854,3,0
296851,296851,296854,3,0
296851,296851,296854,3,0
296851,296851,296854,3,0
296851,296851,296854,3,0
296851,296851,296854,3,0
296851,296851,296854,3,0
296851,296851,296854,3,0
296851,296851,296854,3,0
296851,296851,296854,3,0
296851,296851,296854,3,0
296851,296851,296854,3,0
296851,296851,296854,3,0
296857,296857,296859,2,0
296857,296857,296859,2,0
296857,296857,296859,2,0
296857,296857,296859,2,0
296857,296857,296860,3,0
296857,296857,296859,2,0
296857,296857,296860,3,0
296857,296857,296860,3,0
296857,296857,296860,3,0
296857,296857,296860,3,0
296857,296857,296860,3,0
296857,296857,296860,3,0
296857,296857,296860,3,0
296857,296857,296860,3,0
296857,296857,296860,3,0
296857,296857,296860,3,0
296857,296857,296860,3,0
296857,296857,296860,3,0
296857,296857,296860,3,0
296857,296857,296860,3,0
296857,296857,296860,3,0
296857,296857,296859,2,0
296857,296857,296860,3,0
296857,296857,296860,3,0
296857,296857,296860,3,0
296857,296857,296860,3,0
296857,296857,296861,4,0
296857,296857,296860,3,0
296857,296857,296860,3,0
296857,296857,296860,3,0
296857,296857,296861,4,0
296857,296857,296860,3,0
296862,296862,296864,2,0
296862,296862,296864,2,0
296862,296862,296864,2,0
296862,296862,296864,2,0
296862,296862,296864,2,0
296862,296862,296865,3,0
296862,296862,296865,3,0
296862,296862,296865,3,0
296862,296862,296864,2,0
296862,296862,296865,3,0
296862,296862,296865,3,0
296862,296862,296865,3,0
296862,296862,296865,3,0
296862,296862,296865,3,0
296862,296862,296865,3,0
296862,296862,296864,2,0
296862,296862,296865,3,0
296862,296862,296865,3,0
296862,296862,296865,3,0
296862,296862,296865,3,0
296862,296862,296865,3,0
296862,296862,296865,3,0
296862,296862,296865,3,0
296862,296862,296865,3,0
296862,296862,296865,3,0
296862,296862,296865,3,0
296862,296862,296865,3,0
296862,296862,296865,3,0
296862,296862,296865,3,0
296862,296862,296865,3,0
296862,296862,296866,4,0
296862,296862,296866,4,0
296867,296867,296869,2,0
296867,296867,296869,2,0
296867,296867,296869,2,0
296867,296867,296869,2,0
296867,296867,296870,3,0
296867,296867,296869,2,0
296867,296867,296870,3,0
296867,296867,296870,3,0
296867,296867,296870,3,0
296867,296867,296870,3,0
296867,296867,296869,2,0
296867,296867,296870,3,0
296867,296867,296870,3,0
296867,296867,296869,2,0
296867,296867,296869,2,0
296867,296867,296870,3,0
296867,296867,296870,3,0
296867,296867,296870,3,0
296867,296867,296870,3,0
296867,296867,296870,3,0
296867,296867,296869,2,0
296867,296867,296870,3,0
296867,296867,296869,2,0
296867,296867,296870,3,0
296867,296867,296870,3,0
296867,296867,296870,3,0
296867,296867,296870,3,0
296867,296867,296871,4,0
296867,296867,296871,4,0
296867,296867,296870,3,0
296867,296867,296871,4,0
296867,296867,296871,4,0
296873,296873,296875,2,0
296873,296873,296875,2,0
296873,296873,296875,2,0
296873,296873,296875,2,0
296873,296873,296875,2,0
296873,296873,296875,2,0
296873,296873,296875,2,0
296873,296873,296876,3,0
296873,296873,296875,2,0
296873,296873,296876,3,0
296873,296873,296876,3,0
296873,296873,296876,3,0
296873,296873,296875,2,0
296873,296873,296876,3,0
296873,296873,296875,2,0
296873,296873,296876,3,0
296873,296873,296876,3,0
296873,296873,296876,3,0
296873,296873,296875,2,0
296873,296873,296875,2,0
296873,296873,296876,3,0
296873,296873,296876,3,0
296873,296873,296876,3,0
296873,296873,296876,3,0
296873,296873,296875,2,0
296873,296873,296876,3,0
296873,296873,296879,6,0
296873,296873,296879,6,0
296873,296873,296879,6,0
296873,296873,296880,7,0
296873,296873,296880,7,0
296873,296873,296879,6,0
296882,296882,296884,2,0
296882,296882,296884,2,0
296882,296882,296883,1,0
296882,296882,296884,2,0
296882,296882,296884,2,0
296882,296882,296883,1,0
296882,296882,296883,1,0
296882,296882,296884,2,0
296882,296882,296884,2,0
296882,296882,296884,2,0
296882,296882,296884,2,0
296882,296882,296884,2,0
296882,296882,296884,2,0
296882,296882,296884,2,0
296882,296882,296884,2,0
296882,296882,296884,2,0
296882,296882,296884,2,0
296882,296882,296884,2,0
296882,296882,296884,2,0
296882,296882,296884,2,0
296882,296882,296884,2,0
296882,296882,296884,2,0
296882,296882,296884,2,0
296882,296882,296884,2,0
296882,296882,296884,2,0
296882,296882,296884,2,0
296882,296882,296885,3,0
296882,296882,296884,2,0
296882,296882,296884,2,0
296882,296882,296884,2,0
296882,296882,296884,2,0
296882,296882,296885,3,0
296887,296887,296888,1,0
296887,296887,296889,2,0
296887,296887,296889,2,0
296887,296887,296889,2,0
296887,296887,296889,2,0
296887,296887,296889,2,0
296887,296887,296889,2,0
296887,296887,296889,2,0
296887,296887,296889,2,0
296887,296887,296889,2,0
296887,296887,296890,3,0
296887,296887,296890,3,0
296887,296887,296889,2,0
296887,296887,296889,2,0
296887,296887,296889,2,0
296887,296887,296889,2,0
296887,296887,296890,3,0
296887,296887,296889,2,0
296887,296887,296889,2,0
296887,296887,296890,3,0
296887,296887,296889,2,0
296887,296887,296889,2,0
296887,296887,296889,2,0
296887,296887,296890,3,0
296887,296887,296889,2,0
296887,296887,296889,2,0
296887,296887,296890,3,0
296887,296887,296889,2,0
296887,296887,296889,2,0
296887,296887,296889,2,0
296887,296887,296889,2,0
296887,296887,296889,2,0
296891,296891,296893,2,0
296891,296891,296893,2,0
296891,296891,296893,2,0
296891,296891,296892,1,0
296891,296891,296893,2,0
296891,296891,296893,2,0
296891,296891,296893,2,0
296891,296891,296893,2,0
296891,296891,296894,3,0
296891,296891,296893,2,0
296891,296891,296893,2,0
296891,296891,296893,2,0
296891,296891,296893,2,0
296891,296891,296893,2,0
296891,296891,296894,3,0
296891,296891,296893,2,0
296891,296891,296893,2,0
296891,296891,296894,3,0
296891,296891,296894,3,0
296891,296891,296894,3,0
296891,296891,296893,2,0
296891,296891,296893,2,0
296891,296891,296894,3,0
296891,296891,296894,3,0
296891,296891,296893,2,0
296891,296891,296894,3,0
296891,296891,296894,3,0
296891,296891,296894,3,0
296891,296891,296893,2,0
296891,296891,296894,3,0
296891,296891,296894,3,0
296891,296891,296893,2,0
296895,296895,296897,2,0
296895,296895,296897,2,0
296895,296895,296897,2,0
296895,296895,296897,2,0
296895,296895,296897,2,0
296895,296895,296898,3,0
296895,296895,296898,3,0
296895,296895,296897,2,0
296895,296895,296898,3,0
296895,296895,296897,2,0
296895,296895,296897,2,0
296895,296895,296898,3,0
296895,296895,296898,3,0
296895,296895,296897,2,0
296895,296895,296898,3,0
296895,296895,296898,3,0
296895,296895,296898,3,0
296895,296895,296897,2,0
296895,296895,296898,3,0
296895,296895,296898,3,0
296895,296895,296897,2,0
296895,296895,296898,3,0
296895,296895,296897,2,0
296895,296895,296898,3,0
296895,296895,296898,3,0
296895,296895,296898,3,0
296895,296895,296898,3,0
296895,296895,296897,2,0
296895,296895,296898,3,0
296895,296895,296898,3,0
296895,296895,296898,3,0
296895,296895,296899,4,0
296900,296900,296902,2,0
296900,296900,296902,2,0
296900,296900,296902,2,0
296900,296900,296902,2,0
296900,296900,296903,3,0
296900,296900,296903,3,0
296900,296900,296903,3,0
296900,296900,296902,2,0
296900,296900,296903,3,0
296900,296900,296902,2,0
296900,296900,296903,3,0
296900,296900,296903,3,0
296900,296900,296903,3,0
296900,296900,296903,3,0
296900,296900,296903,3,0
296900,296900,296903,3,0
296900,296900,296903,3,0
296900,296900,296902,2,0
296900,296900,296903,3,0
296900,296900,296903,3,0
296900,296900,296903,3,0
296900,296900,296903,3,0
296900,296900,296902,2,0
296900,296900,296903,3,0
296900,296900,296903,3,0
296900,296900,296902,2,0
296900,296900,296902,2,0
296900,296900,296903,3,0
296900,296900,296903,3,0
296900,296900,296903,3,0
296900,296900,296902,2,0
296900,296900,296903,3,0
296905,296905,296907,2,0
296905,296905,296907,2,0
296905,296905,296906,1,0
296905,296905,296907,2,0
296905,296905,296907,2,0
296905,296905,296908,3,0
296905,296905,296908,3,0
296905,296905,296907,2,0
296905,296905,296908,3,0
296905,296905,296908,3,0
296905,296905,296908,3,0
296905,296905,296907,2,0
296905,296905,296908,3,0
296905,296905,296908,3,0
296905,296905,296908,3,0
296905,296905,296907,2,0
296905,296905,296908,3,0
296905,296905,296908,3,0
296905,296905,296907,2,0
296905,296905,296908,3,0
296905,296905,296907,2,0
296905,296905,296908,3,0
296905,296905,296908,3,0
296905,296905,296908,3,0
296905,296905,296908,3,0
296905,296905,296908,3,0
296905,296905,296908,3,0
296905,296906,296908,2,1
296905,296905,296908,3,0
296905,296905,296909,4,0
296905,296905,296908,3,0
296905,296905,296908,3,0
296911,296911,296912,1,0
296911,296911,296913,2,0
296911,296911,296913,2,0
296911,296911,296912,1,0
296911,296911,296912,1,0
296911,296911,296912,1,0
296911,296911,296914,3,0
296911,296911,296913,2,0
296911,296911,296913,2,0
296911,296911,296914,3,0
296911,296911,296913,2,0
296911,296911,296913,2,0
296911,296911,296913,2,0
296911,296911,296914,3,0
296911,296911,296913,2,0
296911,296911,296913,2,0
296911,296911,296913,2,0
296911,296911,296913,2,0
296911,296911,296914,3,0
296911,296911,296913,2,0
296911,296911,296913,2,0
296911,296911,296913,2,0
296911,296911,296913,2,0
296911,296911,296914,3,0
296911,296911,296913,2,0
296911,296911,296913,2,0
296911,296911,296913,2,0
296911,296911,296913,2,0
296911,296911,296913,2,0
296911,296911,296913,2,0
296911,296911,296913,2,0
296911,296911,296914,3,0
296916,296916,296917,1,0
296916,296916,296918,2,0
296916,296916,296918,2,0
296916,296916,296917,1,0
296916,296916,296919,3,0
296916,296916,296918,2,0
296916,296916,296918,2,0
296916,296916,296918,2,0
296916,296916,296919,3,0
296916,296916,296918,2,0
296916,296916,296918,2,0
296916,296916,296918,2,0
296916,296916,296919,3,0
296916,296916,296918,2,0
296916,296916,296918,2,0
296916,296916,296919,3,0
296916,296916,296919,3,0
296916,296916,296918,2,0
296916,296916,296918,2,0
296916,296916,296919,3,0
296916,296916,296918,2,0
296916,296916,296919,3,0
296916,296916,296918,2,0
296916,296916,296919,3,0
296916,296916,296918,2,0
296916,296916,296919,3,0
296916,296916,296921,5,0
296916,296916,296921,5,0
296916,296916,296920,4,0
296916,296916,296920,4,0
296916,296916,296921,5,0
296916,296916,296920,4,0
296922,296922,296924,2,0
296922,296922,296923,1,0
296922,296922,296923,1,0
296922,296922,296923,1,0
296922,296922,296923,1,0
296922,296922,296924,2,0
296922,296922,296924,2,0
296922,296922,296924,2,0
296922,296922,296924,2,0
296922,296922,296924,2,0
296922,296922,296924,2,0
296922,296922,296924,2,0
296922,296922,296924,2,0
296922,296922,296924,2,0
296922,296922,296924,2,0
296922,296922,296924,2,0
296922,296922,296924,2,0
296922,296922,296924,2,0
296922,296922,296925,3,0
296922,296922,296924,2,0
296922,296922,296924,2,0
296922,296922,296924,2,0
296922,296922,296924,2,0
296922,296922,296924,2,0
296922,296922,296924,2,0
296922,296922,296924,2,0
296922,296922,296925,3,0
296922,296922,296924,2,0
296922,296922,296924,2,0
296922,296922,296924,2,0
296922,296922,296924,2,0
296922,296922,296924,2,0
296926,296926,296927,1,0
296926,296926,296928,2,0
296926,296926,296927,1,0
296926,296926,296927,1,0
296926,296926,296927,1,0
296926,296926,296927,1,0
296926,296926,296929,3,0
296926,296926,296929,3,0
296926,296926,296929,3,0
296926,296926,296929,3,0
296926,296926,296929,3,0
296926,296926,296929,3,0
296926,296926,296929,3,0
296926,296926,296929,3,0
296926,296926,296929,3,0
296926,296926,296929,3,0
296926,296926,296929,3,0
296926,296926,296929,3,0
296926,296926,296929,3,0
296926,296926,296929,3,0
296926,296926,296929,3,0
296926,296926,296929,3,0
296926,296926,296929,3,0
296926,296926,296929,3,0
296926,296926,296929,3,0
296926,296926,296929,3,0
296926,296926,296929,3,0
296926,296926,296929,3,0
296926,296926,296929,3,0
296926,296926,296929,3,0
296926,296926,296929,3,0
296926,296926,296929,3,0
296931,296931,296933,2,0
296931,296931,296933,2,0
296931,296931,296932,1,0
296931,296931,296933,2,0
296931,296931,296932,1,0
296931,296931,296934,3,0
296931,296931,296933,2,0
296931,296931,296933,2,0
296931,296931,296933,2,0
296931,296931,296933,2,0
296931,296931,296933,2,0
296931,296931,296934,3,0
296931,296931,296933,2,0
296931,296931,296934,3,0
296931,296931,296933,2,0
296931,296931,296933,2,0
296931,296931,296934,3,0
296931,296931,296933,2,0
296931,296931,296934,3,0
296931,296931,296933,2,0
296931,296931,296934,3,0
296931,296931,296934,3,0
296931,296931,296933,2,0
296931,296931,296934,3,0
296931,296931,296933,2,0
296931,296931,296933,2,0
296931,296931,296933,2,0
296931,296931,296934,3,0
296931,296931,296933,2,0
296931,296931,296934,3,0
296931,296931,296934,3,0
296931,296931,296934,3,0
296936,296936,296937,1,0
296936,296936,296938,2,0
296936,296936,296938,2,0
296936,296936,296938,2,0
296936,296936,296938,2,0
296936,296936,296938,2,0
296936,296936,296939,3,0
296936,296936,296939,3,0
296936,296936,296939,3,0
296936,296936,296939,3,0
296936,296936,296939,3,0
296936,296936,296938,2,0
296936,296936,296938,2,0
296936,296936,296939,3,0
296936,296936,296938,2,0
296936,296936,296939,3,0
296936,296936,296938,2,0
296936,296936,296939,3,0
296936,296936,296938,2,0
296936,296936,296938,2,0
296936,296936,296938,2,0
296936,296936,296938,2,0
296936,296936,296939,3,0
296936,296936,296938,2,0
296936,296936,296938,2,0
296936,296936,296939,3,0
296936,296936,296939,3,0
296936,296936,296938,2,0
296936,296936,296938,2,0
296936,296936,296939,3,0
296936,296936,296939,3,0
296936,296936,296938,2,0
296940,296940,296942,2,0
296940,296940,296941,1,0
296940,296940,296941,1,0
296940,296940,296942,2,0
296940,296940,296943,3,0
296940,296940,296942,2,0
296940,296940,296942,2,0
296940,296940,296942,2,0
296940,296940,296942,2,0
296940,296940,296943,3,0
296940,296940,296942,2,0
296940,296940,296943,3,0
296940,296940,296942,2,0
296940,296940,296942,2,0
296940,296940,296942,2,0
296940,296940,296943,3,0
296940,296940,296943,3,0
296940,296940,296943,3,0
296940,296940,296942,2,0
296940,296940,296943,3,0
296940,296940,296942,2,0
296940,296940,296942,2,0
296940,296940,296943,3,0
296940,296940,296942,2,0
296940,296940,296943,3,0
296940,296940,296942,2,0
296940,296940,296943,3,0
296940,296940,296943,3,0
296940,296940,296943,3,0
296940,296940,296943,3,0
296940,296940,296943,3,0
296940,296940,296943,3,0
296947,296947,296949,2,0
296947,296947,296949,2,0
296947,296947,296949,2,0
296947,296947,296949,2,0
296947,296947,296949,2,0
296947,296947,296949,2,0
296947,296947,296949,2,0
296947,296947,296948,1,0
296947,296947,296949,2,0
296947,296947,296950,3,0
296947,296947,296949,2,0
296947,296947,296950,3,0
296947,296947,296949,2,0
296947,296947,296949,2,0
296947,296947,296950,3,0
296947,296947,296950,3,0
296947,296947,296949,2,0
296947,296947,296949,2,0
296947,296947,296950,3,0
296947,296947,296950,3,0
296947,296947,296949,2,0
296947,296947,296950,3,0
296947,296947,296950,3,0
296947,296947,296949,2,0
296947,296947,296950,3,0
296947,296947,296950,3,0
296947,296947,296949,2,0
296947,296947,296949,2,0
296947,296947,296950,3,0
296947,296947,296949,2,0
296947,296947,296949,2,0
296947,296947,296950,3,0
296952,296952,296954,2,0
296952,296952,296954,2,0
296952,296952,296954,2,0
296952,296952,296954,2,0
296952,296952,296953,1,0
296952,296952,296954,2,0
296952,296952,296954,2,0
296952,296952,296955,3,0
296952,296952,296955,3,0
296952,296952,296955,3,0
296952,296952,296955,3,0
296952,296952,296954,2,0
296952,296952,296954,2,0
296952,296952,296954,2,0
296952,296952,296954,2,0
296952,296952,296955,3,0
296952,296952,296954,2,0
296952,296952,296954,2,0
296952,296952,296954,2,0
296952,296952,296954,2,0
296952,296952,296955,3,0
296952,296952,296954,2,0
296952,296952,296954,2,0
296952,296952,296954,2,0
296952,296952,296955,3,0
296952,296952,296955,3,0
296952,296952,296954,2,0
296952,296952,296955,3,0
296952,296952,296954,2,0
296952,296952,296954,2,0
296952,296952,296955,3,0
296952,296952,296955,3,0
296957,296957,296959,2,0
296957,296957,296959,2,0
296957,296957,296959,2,0
296957,296957,296959,2,0
296957,296957,296959,2,0
296957,296957,296959,2,0
296957,296957,296959,2,0
296957,296957,296959,2,0
296957,296957,296959,2,0
296957,296957,296959,2,0
296957,296957,296960,3,0
296957,296957,296960,3,0
296957,296957,296959,2,0
296957,296957,296960,3,0
296957,296957,296960,3,0
296957,296957,296959,2,0
296957,296957,296960,3,0
296957,296957,296960,3,0
296957,296957,296960,3,0
296957,296957,296959,2,0
296957,296957,296960,3,0
296957,296957,296959,2,0
296957,296957,296959,2,0
296957,296957,296959,2,0
296957,296957,296959,2,0
296957,296957,296959,2,0
296957,296957,296960,3,0
296957,296957,296959,2,0
296957,296957,296963,6,0
296957,296957,296963,6,0
296957,296957,296963,6,0
296957,296957,296963,6,0
296965,296965,296966,1,0
296965,296965,296967,2,0
296965,296965,296967,2,0
296965,296965,296967,2,0
296965,296965,296967,2,0
296965,296965,296966,1,0
296965,296965,296968,3,0
296965,296965,296967,2,0
296965,296965,296968,3,0
296965,296965,296967,2,0
296965,296965,296967,2,0
296965,296965,296968,3,0
296965,296965,296968,3,0
296965,296965,296968,3,0
296965,296965,296967,2,0
296965,296965,296968,3,0
296965,296965,296968,3,0
296965,296965,296967,2,0
296965,296965,296967,2,0
296965,296965,296967,2,0
296965,296965,296968,3,0
296965,296965,296968,3,0
296965,296965,296967,2,0
296965,296965,296968,3,0
296965,296965,296968,3,0
296965,296965,296967,2,0
296965,296965,296968,3,0
296965,296965,296967,2,0
296965,296965,296967,2,0
296965,296965,296968,3,0
296965,296965,296968,3,0
296965,296965,296967,2,0
296970,296970,296972,2,0
296970,296970,296972,2,0
296970,296970,296972,2,0
296970,296970,296972,2,0
296970,296970,296971,1,0
296970,296970,296972,2,0
296970,296970,296972,2,0
296970,296970,296973,3,0
296970,296970,296973,3,0
296970,296970,296973,3,0
296970,296970,296973,3,0
296970,296970,296973,3,0
296970,296970,296972,2,0
296970,296970,296972,2,0
296970,296970,296972,2,0
296970,296970,296973,3,0
296970,296970,296973,3,0
296970,296970,296973,3,0
296970,296970,296972,2,0
296970,296970,296973,3,0
296970,296970,296972,2,0
296970,296970,296973,3,0
296970,296970,296973,3,0
296970,296970,296973,3,0
296970,296970,296973,3,0
296970,296970,296972,2,0
296970,296970,296972,2,0
296970,296970,296973,3,0
296970,296970,296973,3,0
296970,296970,296973,3,0
296970,296970,296973,3,0
296970,296970,296973,3,0
296974,296974,296976,2,0
296974,296974,296975,1,0
296974,296974,296976,2,0
296974,296974,296975,1,0
296974,296974,296976,2,0
296974,296974,296976,2,0
296974,296974,296976,2,0
296974,296974,296977,3,0
296974,296974,296977,3,0
296974,296974,296976,2,0
296974,296974,296977,3,0
296974,296974,296976,2,0
296974,296974,296976,2,0
296974,296974,296976,2,0
296974,296974,296976,2,0
296974,296974,296977,3,0
296974,296974,296976,2,0
296974,296974,296976,2,0
296974,296974,296977,3,0
296974,296974,296976,2,0
296974,296974,296977,3,0
296974,296974,296977,3,0
296974,296974,296976,2,0
296974,296974,296977,3,0
296974,296974,296977,3,0
296974,296974,296977,3,0
296974,296974,296977,3,0
296974,296974,296976,2,0
296974,296974,296977,3,0
296974,296974,296976,2,0
296974,296974,296977,3,0
296974,296974,296977,3,0
296979,296979,296981,2,0
296979,296979,296981,2,0
296979,296979,296981,2,0
296979,296979,296981,2,0
296979,296979,296982,3,0
296979,296979,296982,3,0
296979,296979,296982,3,0
296979,296979,296982,3,0
296979,296979,296982,3,0
296979,296979,296982,3,0
296979,296979,296982,3,0
296979,296979,296982,3,0
296979,296979,296982,3,0
296979,296979,296982,3,0
296979,296979,296982,3,0
296979,296979,296982,3,0
296979,296979,296981,2,0
296979,296979,296982,3,0
296979,296979,296982,3,0
296979,296979,296982,3,0
296979,296979,296982,3,0
296979,296979,296981,2,0
296979,296979,296982,3,0
296979,296979,296982,3,0
296979,296979,296982,3,0
296979,296979,296982,3,0
296979,296979,296982,3,0
296979,296979,296982,3,0
296979,296979,296982,3,0
296979,296979,296982,3,0
296979,296979,296982,3,0
296979,296979,296982,3,0
296984,296984,296986,2,0
296984,296984,296986,2,0
296984,296984,296985,1,0
296984,296984,296986,2,0
296984,296984,296986,2,0
296984,296984,296986,2,0
296984,296984,296987,3,0
296984,296984,296987,3,0
296984,296984,296986,2,0
296984,296984,296987,3,0
296984,296984,296987,3,0
296984,296984,296986,2,0
296984,296984,296987,3,0
296984,296984,296987,3,0
296984,296984,296987,3,0
296984,296984,296987,3,0
296984,296984,296987,3,0
296984,296984,296987,3,0
296984,296984,296987,3,0
296984,296984,296987,3,0
296984,296984,296987,3,0
296984,296984,296986,2,0
296984,296984,296987,3,0
296984,296984,296987,3,0
296984,296984,296986,2,0
296984,296984,296987,3,0
296984,296984,296987,3,0
296984,296984,296987,3,0
296984,296984,296987,3,0
296984,296984,296987,3,0
296984,296984,296987,3,0
296984,296984,296987,3,0
296990,296990,296992,2,0
296990,296990,296992,2,0
296990,296990,296991,1,0
296990,296990,296991,1,0
296990,296990,296992,2,0
296990,296990,296992,2,0
296990,296990,296992,2,0
296990,296990,296992,2,0
296990,296990,296992,2,0
296990,296990,296992,2,0
296990,296990,296992,2,0
296990,296990,296993,3,0
296990,296990,296993,3,0
296990,296990,296992,2,0
296990,296990,296992,2,0
296990,296990,296993,3,0
296990,296990,296993,3,0
296990,296990,296993,3,0
296990,296990,296992,2,0
296990,296990,296993,3,0
296990,296990,296992,2,0
296990,296990,296993,3,0
296990,296990,296992,2,0
296990,296990,296992,2,0
296990,296990,296992,2,0
296990,296990,296992,2,0
296990,296990,296992,2,0
296990,296990,296993,3,0
296990,296990,296993,3,0
296990,296990,296993,3,0
296990,296990,296993,3,0
296990,296990,296993,3,0
296995,296995,296997,2,0
296995,296995,296997,2,0
296995,296995,296997,2,0
296995,296995,296997,2,0
296995,296995,296997,2,0
296995,296995,296997,2,0
296995,296995,296997,2,0
296995,296995,296997,2,0
296995,296995,296997,2,0
296995,296995,296997,2,0
296995,296995,296997,2,0
296995,296995,296997,2,0
296995,296995,296998,3,0
296995,296995,296997,2,0
296995,296995,296997,2,0
296995,296995,296997,2,0
296995,296995,296998,3,0
296995,296995,296997,2,0
296995,296995,296997,2,0
296995,296995,296998,3,0
296995,296995,296998,3,0
296995,296995,296997,2,0
296995,296995,296998,3,0
296995,296995,296997,2,0
296995,296995,296998,3,0
296995,296995,296997,2,0
296995,296995,296998,3,0
296995,296995,296998,3,0
296995,296995,296998,3,0
296995,296995,296998,3,0
296995,296995,296998,3,0
296995,296995,296998,3,0
297000,297000,297002,2,0
297000,297000,297002,2,0
297000,297000,297001,1,0
297000,297000,297001,1,0
297000,297000,297002,2,0
297000,297000,297002,2,0
297000,297000,297003,3,0
297000,297000,297003,3,0
297000,297000,297002,2,0
297000,297000,297002,2,0
297000,297000,297003,3,0
297000,297000,297002,2,0
297000,297000,297003,3,0
297000,297000,297003,3,0
297000,297000,297003,3,0
297000,297000,297003,3,0
297000,297000,297003,3,0
297000,297000,297003,3,0
297000,297000,297002,2,0
297000,297000,297003,3,0
297000,297000,297003,3,0
297000,297000,297002,2,0
297000,297000,297003,3,0
297000,297000,297003,3,0
297000,297000,297002,2,0
297000,297000,297004,4,0
297000,297000,297004,4,0
297000,297000,297003,3,0
297000,297000,297005,5,0
297000,297000,297004,4,0
297000,297000,297005,5,0
297000,297000,297005,5,0
297007,297007,297009,2,0
297007,297007,297008,1,0
297007,297007,297009,2,0
297007,297007,297010,3,0
297007,297007,297009,2,0
297007,297007,297010,3,0
297007,297007,297009,2,0
297007,297007,297010,3,0
297007,297007,297010,3,0
297007,297007,297010,3,0
297007,297007,297010,3,0
297007,297007,297009,2,0
297007,297007,297009,2,0
297007,297007,297010,3,0
297007,297007,297010,3,0
297007,297007,297009,2,0
297007,297007,297010,3,0
297007,297007,297010,3,0
297007,297007,297009,2,0
297007,297007,297010,3,0
297007,297007,297010,3,0
297007,297007,297010,3,0
297007,297007,297010,3,0
297007,297007,297010,3,0
297007,297007,297010,3,0
297007,297007,297010,3,0
297007,297007,297010,3,0
297007,297007,297010,3,0
297007,297007,297010,3,0
297007,297007,297010,3,0
297007,297007,297010,3,0
297007,297007,297010,3,0
297012,297013,297014,1,1
297012,297013,297014,1,1
297012,297013,297015,2,1
297012,297013,297014,1,1
297012,297013,297014,1,1
297012,297013,297014,1,1
297012,297013,297015,2,1
297012,297013,297015,2,1
297012,297013,297015,2,1
297012,297013,297015,2,1
297012,297013,297015,2,1
297012,297013,297015,2,1
297012,297013,297015,2,1
297012,297013,297015,2,1
297012,297013,297015,2,1
297012,297013,297015,2,1
297012,297013,297015,2,1
297012,297013,297015,2,1
297012,297013,297016,3,1
297012,297013,297015,2,1
297012,297013,297015,2,1
297012,297013,297015,2,1
297012,297013,297015,2,1
297012,297013,297015,2,1
297012,297013,297015,2,1
297012,297013,297016,3,1
297012,297013,297016,3,1
297012,297013,297016,3,1
297012,297013,297016,3,1
297012,297013,297016,3,1
297012,297013,297016,3,1
297012,297013,297016,3,1
297018,297018,297020,2,0
297018,297018,297019,1,0
297018,297018,297020,2,0
297018,297018,297019,1,0
297018,297018,297020,2,0
297018,297018,297020,2,0
297018,297018,297020,2,0
297018,297018,297019,1,0
297018,297018,297020,2,0
297018,297018,297020,2,0
297018,297018,297020,2,0
297018,297018,297020,2,0
297018,297018,297020,2,0
297018,297018,297020,2,0
297018,297018,297020,2,0
297018,297018,297020,2,0
297018,297018,297020,2,0
297018,297018,297020,2,0
297018,297018,297020,2,0
297018,297018,297020,2,0
297018,297018,297020,2,0
297018,297018,297021,3,0
297018,297018,297020,2,0
297018,297018,297020,2,0
297018,297018,297020,2,0
297018,297018,297020,2,0
297018,297018,297020,2,0
297018,297018,297020,2,0
297018,297018,297020,2,0
297018,297018,297020,2,0
297018,297018,297020,2,0
297018,297018,297020,2,0
297022,297022,297023,1,0
297022,297022,297024,2,0
297022,297022,297024,2,0
297022,297022,297023,1,0
297022,297022,297025,3,0
297022,297022,297025,3,0
297022,297022,297025,3,0
297022,297022,297024,2,0
297022,297022,297024,2,0
297022,297022,297024,2,0
297022,297022,297025,3,0
297022,297022,297024,2,0
297022,297022,297024,2,0
297022,297022,297025,3,0
297022,297022,297024,2,0
297022,297022,297024,2,0
297022,297022,297025,3,0
297022,297022,297024,2,0
297022,297022,297025,3,0
297022,297022,297024,2,0
297022,297022,297025,3,0
297022,297022,297025,3,0
297022,297022,297025,3,0
297022,297022,297025,3,0
297022,297022,297024,2,0
297022,297022,297024,2,0
297022,297022,297025,3,0
297022,297022,297024,2,0
297022,297022,297024,2,0
297022,297022,297025,3,0
297022,297022,297025,3,0
297022,297022,297024,2,0
297026,297026,297028,2,0
297026,297026,297028,2,0
297026,297026,297028,2,0
297026,297026,297028,2,0
297026,297026,297028,2,0
297026,297026,297028,2,0
297026,297026,297028,2,0
297026,297026,297028,2,0
297026,297026,297028,2,0
297026,297026,297029,3,0
297026,297026,297028,2,0
297026,297026,297029,3,0
297026,297026,297029,3,0
297026,297026,297029,3,0
297026,297026,297029,3,0
297026,297026,297029,3,0
297026,297026,297029,3,0
297026,297026,297029,3,0
297026,297026,297029,3,0
297026,297026,297029,3,0
297026,297026,297028,2,0
297026,297026,297029,3,0
297026,297026,297029,3,0
297026,297026,297029,3,0
297026,297026,297029,3,0
297026,297026,297029,3,0
297026,297026,297029,3,0
297026,297026,297029,3,0
297026,297026,297028,2,0
297026,297026,297029,3,0
297026,297026,297028,2,0
297026,297026,297029,3,0
297032,297032,297034,2,0
297032,297032,297033,1,0
297032,297032,297034,2,0
297032,297032,297034,2,0
297032,297032,297033,1,0
297032,297032,297034,2,0
297032,297032,297034,2,0
297032,297032,297034,2,0
297032,297032,297034,2,0
297032,297032,297034,2,0
297032,297032,297034,2,0
297032,297032,297035,3,0
297032,297032,297034,2,0
297032,297032,297034,2,0
297032,297032,297035,3,0
297032,297032,297034,2,0
297032,297032,297034,2,0
297032,297032,297035,3,0
297032,297032,297034,2,0
297032,297032,297034,2,0
297032,297032,297034,2,0
297032,297032,297034,2,0
297032,297032,297034,2,0
297032,297032,297035,3,0
297032,297032,297034,2,0
297032,297032,297034,2,0
297032,297032,297034,2,0
297032,297032,297035,3,0
297032,297032,297034,2,0
297032,297032,297034,2,0
297032,297032,297035,3,0
297032,297032,297035,3,0
297037,297037,297039,2,0
297037,297037,297039,2,0
297037,297037,297039,2,0
297037,297037,297038,1,0
297037,297037,297039,2,0
297037,297037,297039,2,0
297037,297037,297039,2,0
297037,297037,297039,2,0
297037,297037,297040,3,0
297037,297037,297040,3,0
297037,297037,297039,2,0
297037,297037,297039,2,0
297037,297037,297040,3,0
297037,297037,297039,2,0
297037,297037,297040,3,0
297037,297037,297040,3,0
297037,297037,297039,2,0
297037,297037,297040,3,0
297037,297037,297040,3,0
297037,297037,297039,2,0
297037,297037,297040,3,0
297037,297037,297039,2,0
297037,297037,297039,2,0
297037,297037,297039,2,0
297037,297037,297040,3,0
297037,297037,297039,2,0
297037,297037,297039,2,0
297037,297037,297040,3,0
297037,297037,297041,4,0
297037,297037,297040,3,0
297037,297037,297040,3,0
297037,297037,297040,3,0
297043,297043,297045,2,0
297043,297043,297044,1,0
297043,297043,297044,1,0
297043,297043,297045,2,0
297043,297043,297045,2,0
297043,297043,297045,2,0
297043,297043,297045,2,0
297043,297043,297045,2,0
297043,297043,297045,2,0
297043,297043,297045,2,0
297043,297043,297045,2,0
297043,297043,297045,2,0
297043,297043,297045,2,0
297043,297043,297046,3,0
297043,297043,297045,2,0
297043,297043,297045,2,0
297043,297043,297046,3,0
297043,297043,297045,2,0
297043,297043,297046,3,0
297043,297043,297045,2,0
297043,297043,297045,2,0
297043,297043,297045,2,0
297043,297043,297045,2,0
297043,297043,297046,3,0
297043,297043,297045,2,0
297043,297043,297045,2,0
297043,297043,297048,5,0
297043,297043,297048,5,0
297043,297043,297048,5,0
297043,297043,297049,6,0
297043,297043,297048,5,0
297043,297043,297048,5,0
297050,297050,297052,2,0
297050,297050,297051,1,0
297050,297050,297052,2,0
297050,297050,297051,1,0
297050,297050,297052,2,0
297050,297050,297052,2,0
297050,297050,297052,2,0
297050,297050,297052,2,0
297050,297050,297052,2,0
297050,297050,297052,2,0
297050,297050,297052,2,0
297050,297050,297052,2,0
297050,297050,297052,2,0
297050,297050,297053,3,0
297050,297050,297052,2,0
297050,297050,297052,2,0
297050,297050,297052,2,0
297050,297050,297052,2,0
297050,297050,297052,2,0
297050,297050,297052,2,0
297050,297050,297052,2,0
297050,297050,297052,2,0
297050,297050,297052,2,0
297050,297050,297053,3,0
297050,297050,297052,2,0
297050,297050,297052,2,0
297050,297050,297052,2,0
297050,297050,297053,3,0
297050,297050,297052,2,0
297050,297050,297052,2,0
297050,297050,297053,3,0
297050,297050,297053,3,0
297055,297055,297057,2,0
297055,297055,297057,2,0
297055,297055,297057,2,0
297055,297055,297057,2,0
297055,297055,297057,2,0
297055,297055,297057,2,0
297055,297055,297058,3,0
297055,297055,297058,3,0
297055,297055,297057,2,0
297055,297055,297058,3,0
297055,297055,297057,2,0
297055,297055,297058,3,0
297055,297055,297057,2,0
297055,297055,297058,3,0
297055,297055,297058,3,0
297055,297055,297057,2,0
297055,297055,297057,2,0
297055,297055,297058,3,0
297055,297055,297058,3,0
297055,297055,297057,2,0
297055,297055,297057,2,0
297055,297055,297058,3,0
297055,297055,297057,2,0
297055,297055,297058,3,0
297055,297055,297058,3,0
297055,297055,297058,3,0
297055,297055,297058,3,0
297055,297055,297057,2,0
297055,297055,297057,2,0
297055,297055,297058,3,0
297055,297055,297058,3,0
297055,297055,297057,2,0
297059,297059,297061,2,0
297059,297059,297061,2,0
297059,297059,297061,2,0
297059,297059,297061,2,0
297059,297059,297060,1,0
297059,297059,297060,1,0
297059,297059,297061,2,0
297059,297059,297062,3,0
297059,297059,297061,2,0
297059,297059,297062,3,0
297059,297059,297061,2,0
297059,297059,297062,3,0
297059,297059,297062,3,0
297059,297059,297062,3,0
297059,297059,297061,2,0
297059,297059,297062,3,0
297059,297059,297062,3,0
297059,297059,297062,3,0
297059,297059,297062,3,0
297059,297059,297061,2,0
297059,297059,297062,3,0
297059,297059,297062,3,0
297059,297059,297062,3,0
297059,297059,297062,3,0
297059,297059,297061,2,0
297059,297059,297062,3,0
297059,297059,297062,3,0
297059,297059,297062,3,0
297059,297059,297062,3,0
297059,297059,297062,3,0
297059,297059,297062,3,0
297059,297059,297062,3,0
297064,297064,297066,2,0
297064,297064,297066,2,0
297064,297064,297066,2,0
297064,297064,297066,2,0
297064,297064,297066,2,0
297064,297064,297067,3,0
297064,297064,297067,3,0
297064,297064,297067,3,0
297064,297064,297067,3,0
297064,297064,297066,2,0
297064,297064,297067,3,0
297064,297064,297066,2,0
297064,297064,297067,3,0
297064,297064,297066,2,0
297064,297064,297066,2,0
297064,297064,297066,2,0
297064,297064,297067,3,0
297064,297064,297066,2,0
297064,297064,297067,3,0
297064,297064,297067,3,0
297064,297064,297067,3,0
297064,297064,297067,3,0
297064,297064,297066,2,0
297064,297064,297066,2,0
297064,297064,297067,3,0
297064,297064,297067,3,0
297064,297064,297067,3,0
297064,297064,297067,3,0
297064,297064,297067,3,0
297064,297064,297067,3,0
297064,297064,297067,3,0
297064,297064,297067,3,0
297068,297068,297070,2,0
297068,297068,297070,2,0
297068,297069,297070,1,1
297068,297068,297070,2,0
297068,297068,297070,2,0
297068,297068,297070,2,0
297068,297068,297071,3,0
297068,297068,297071,3,0
297068,297069,297071,2,1
297068,297068,297071,3,0
297068,297069,297071,2,1
297068,297068,297071,3,0
297068,297068,297071,3,0
297068,297068,297071,3,0
297068,297069,297071,2,1
297068,297068,297071,3,0
297068,297068,297071,3,0
297068,297068,297071,3,0
297068,297068,297071,3,0
297068,297068,297071,3,0
297068,297068,297071,3,0
297068,297068,297071,3,0
297068,297068,297071,3,0
297068,297069,297071,2,1
297068,297069,297071,2,1
297068,297068,297071,3,0
297068,297068,297071,3,0
297068,297069,297071,2,1
297068,297068,297071,3,0
297068,297069,297071,2,1
297068,297068,297072,4,0
297068,297068,297072,4,0
297073,297073,297075,2,0
297073,297073,297075,2,0
297073,297073,297075,2,0
297073,297073,297075,2,0
297073,297073,297076,3,0
297073,297073,297076,3,0
297073,297073,297076,3,0
297073,297073,297076,3,0
297073,297073,297075,2,0
297073,297073,297076,3,0
297073,297073,297076,3,0
297073,297073,297076,3,0
297073,297073,297076,3,0
297073,297073,297076,3,0
297073,297073,297076,3,0
297073,297073,297076,3,0
297073,297073,297076,3,0
297073,297073,297076,3,0
297073,297073,297076,3,0
297073,297073,297076,3,0
297073,297073,297076,3,0
297073,297073,297076,3,0
297073,297073,297076,3,0
297073,297073,297076,3,0
297073,297073,297076,3,0
297073,297073,297076,3,0
297073,297073,297076,3,0
297073,297073,297076,3,0
297073,297073,297076,3,0
297073,297073,297076,3,0
297073,297073,297076,3,0
297073,297073,297076,3,0
297077,297077,297079,2,0
297077,297077,297079,2,0
297077,297077,297079,2,0
297077,297077,297079,2,0
297077,297077,297079,2,0
297077,297077,297079,2,0
297077,297077,297080,3,0
297077,297077,297080,3,0
297077,297077,297080,3,0
297077,297077,297080,3,0
297077,297077,297080,3,0
297077,297077,297080,3,0
297077,297077,297080,3,0
297077,297077,297080,3,0
297077,297077,297080,3,0
297077,297077,297080,3,0
297077,297077,297080,3,0
297077,297077,297080,3,0
297077,297077,297080,3,0
297077,297077,297080,3,0
297077,297077,297080,3,0
297077,297077,297080,3,0
297077,297077,297080,3,0
297077,297077,297080,3,0
297077,297077,297080,3,0
297077,297077,297080,3,0
297077,297077,297080,3,0
297077,297077,297080,3,0
297077,297077,297080,3,0
297077,297077,297080,3,0
297077,297077,297080,3,0
297077,297077,297080,3,0
297081,297081,297083,2,0
297081,297081,297083,2,0
297081,297081,297083,2,0
297081,297081,297083,2,0
297081,297081,297083,2,0
297081,297081,297083,2,0
297081,297081,297084,3,0
297081,297081,297084,3,0
297081,297081,297084,3,0
297081,297081,297084,3,0
297081,297081,297084,3,0
297081,297081,297084,3,0
297081,297081,297084,3,0
297081,297081,297084,3,0
297081,297081,297084,3,0
297081,297081,297084,3,0
297081,297081,297084,3,0
297081,297081,297084,3,0
297081,297081,297084,3,0
297081,297081,297084,3,0
297081,297081,297084,3,0
297081,297081,297084,3,0
297081,297081,297084,3,0
297081,297081,297084,3,0
297081,297081,297084,3,0
297081,297081,297084,3,0
297081,297081,297084,3,0
297081,297081,297084,3,0
297081,297081,297084,3,0
297081,297081,297084,3,0
297081,297081,297085,4,0
297081,297081,297084,3,0
297086,297086,297088,2,0
297086,297086,297088,2,0
297086,297086,297088,2,0
297086,297086,297088,2,0
297086,297086,297088,2,0
297086,297086,297088,2,0
297086,297086,297088,2,0
297086,297086,297088,2,0
297086,297086,297088,2,0
297086,297086,297088,2,0
297086,297086,297088,2,0
297086,297086,297089,3,0
297086,297086,297089,3,0
297086,297086,297089,3,0
297086,297086,297088,2,0
297086,297086,297088,2,0
297086,297086,297089,3,0
297086,297086,297089,3,0
297086,297086,297089,3,0
297086,297086,297089,3,0
297086,297086,297089,3,0
297086,297086,297089,3,0
297086,297086,297088,2,0
297086,297086,297089,3,0
297086,297086,297089,3,0
297086,297086,297089,3,0
297086,297086,297089,3,0
297086,297086,297090,4,0
297086,297086,297090,4,0
297086,297086,297091,5,0
297086,297086,297091,5,0
297086,297086,297092,6,0
297093,297093,297096,3,0
297093,297093,297096,3,0
297093,297093,297096,3,0
297093,297093,297096,3,0
297093,297093,297096,3,0
297093,297093,297096,3,0
297093,297093,297095,2,0
297093,297093,297096,3,0
297093,297093,297096,3,0
297093,297093,297096,3,0
297093,297093,297096,3,0
297093,297093,297096,3,0
297093,297093,297096,3,0
297093,297093,297096,3,0
297093,297093,297096,3,0
297093,297093,297096,3,0
297093,297093,297096,3,0
297093,297093,297096,3,0
297093,297093,297096,3,0
297093,297093,297096,3,0
297093,297093,297096,3,0
297093,297093,297096,3,0
297093,297093,297096,3,0
297093,297093,297096,3,0
297093,297093,297096,3,0
297093,297093,297097,4,0
297093,297093,297097,4,0
297093,297093,297096,3,0
297093,297093,297096,3,0
297093,297093,297097,4,0
297093,297093,297096,3,0
297093,297093,297096,3,0
297098,297098,297100,2,0
297098,297098,297100,2,0
297098,297098,297100,2,0
297098,297098,297100,2,0
297098,297098,297100,2,0
297098,297098,297100,2,0
297098,297098,297101,3,0
297098,297098,297101,3,0
297098,297098,297101,3,0
297098,297098,297101,3,0
297098,297098,297101,3,0
297098,297098,297100,2,0
297098,297098,297101,3,0
297098,297098,297101,3,0
297098,297098,297101,3,0
297098,297098,297101,3,0
297098,297098,297101,3,0
297098,297098,297101,3,0
297098,297098,297100,2,0
297098,297098,297101,3,0
297098,297098,297101,3,0
297098,297098,297101,3,0
297098,297098,297101,3,0
297098,297098,297101,3,0
297098,297098,297101,3,0
297098,297098,297100,2,0
297098,297098,297101,3,0
297098,297098,297101,3,0
297098,297098,297101,3,0
297098,297098,297101,3,0
297098,297098,297101,3,0
297098,297098,297100,2,0
297102,297102,297104,2,0
297102,297102,297104,2,0
297102,297102,297104,2,0
297102,297102,297104,2,0
297102,297102,297104,2,0
297102,297102,297104,2,0
297102,297102,297105,3,0
297102,297102,297105,3,0
297102,297102,297105,3,0
297102,297102,297105,3,0
297102,297102,297105,3,0
297102,297102,297105,3,0
297102,297102,297105,3,0
297102,297102,297105,3,0
297102,297102,297105,3,0
297102,297102,297105,3,0
297102,297102,297105,3,0
297102,297102,297105,3,0
297102,297102,297104,2,0
297102,297102,297105,3,0
297102,297102,297105,3,0
297102,297102,297105,3,0
297102,297102,297105,3,0
297102,297102,297105,3,0
297102,297102,297105,3,0
297102,297102,297104,2,0
297102,297102,297104,2,0
297102,297102,297105,3,0
297102,297102,297104,2,0
297102,297102,297105,3,0
297102,297102,297105,3,0
297102,297102,297104,2,0
297106,297106,297108,2,0
297106,297106,297108,2,0
297106,297106,297108,2,0
297106,297106,297108,2,0
297106,297106,297108,2,0
297106,297106,297108,2,0
297106,297106,297109,3,0
297106,297106,297109,3,0
297106,297106,297109,3,0
297106,297106,297109,3,0
297106,297106,297109,3,0
297106,297106,297109,3,0
297106,297106,297109,3,0
297106,297106,297109,3,0
297106,297106,297109,3,0
297106,297106,297109,3,0
297106,297106,297109,3,0
297106,297106,297109,3,0
297106,297106,297109,3,0
297106,297106,297109,3,0
297106,297106,297109,3,0
297106,297106,297109,3,0
297106,297106,297109,3,0
297106,297106,297109,3,0
297106,297106,297109,3,0
297106,297106,297109,3,0
297106,297106,297109,3,0
297106,297106,297109,3,0
297106,297106,297109,3,0
297106,297106,297109,3,0
297106,297106,297109,3,0
297106,297106,297109,3,0
297111,297111,297113,2,0
297111,297111,297113,2,0
297111,297111,297113,2,0
297111,297111,297113,2,0
297111,297111,297114,3,0
297111,297111,297114,3,0
297111,297111,297114,3,0
297111,297111,297114,3,0
297111,297111,297114,3,0
297111,297111,297114,3,0
297111,297111,297114,3,0
297111,297111,297114,3,0
297111,297111,297114,3,0
297111,297111,297114,3,0
297111,297111,297113,2,0
297111,297111,297114,3,0
297111,297111,297114,3,0
297111,297111,297114,3,0
297111,297111,297114,3,0
297111,297111,297114,3,0
297111,297111,297114,3,0
297111,297111,297114,3,0
297111,297111,297113,2,0
297111,297111,297114,3,0
297111,297111,297114,3,0
297111,297111,297114,3,0
297111,297111,297114,3,0
297111,297111,297114,3,0
297111,297111,297114,3,0
297111,297111,297114,3,0
297111,297111,297114,3,0
297111,297111,297114,3,0
297117,297117,297119,2,0
297117,297117,297119,2,0
297117,297117,297119,2,0
297117,297117,297119,2,0
297117,297117,297119,2,0
297117,297117,297118,1,0
297117,297117,297119,2,0
297117,297117,297118,1,0
297117,297117,297119,2,0
297117,297117,297119,2,0
297117,297117,297119,2,0
297117,297117,297119,2,0
297117,297117,297119,2,0
297117,297117,297119,2,0
297117,297117,297119,2,0
297117,297117,297119,2,0
297117,297117,297119,2,0
297117,297117,297119,2,0
297117,297117,297119,2,0
297117,297117,297119,2,0
297117,297117,297120,3,0
297117,297117,297119,2,0
297117,297117,297119,2,0
297117,297117,297119,2,0
297117,297117,297119,2,0
297117,297117,297119,2,0
297117,297117,297119,2,0
297117,297117,297119,2,0
297117,297117,297119,2,0
297117,297117,297119,2,0
297117,297117,297120,3,0
297117,297117,297120,3,0
297123,297123,297125,2,0
297123,297123,297125,2,0
297123,297123,297124,1,0
297123,297123,297124,1,0
297123,297123,297125,2,0
297123,297123,297125,2,0
297123,297123,297125,2,0
297123,297123,297125,2,0
297123,297123,297125,2,0
297123,297123,297125,2,0
297123,297123,297125,2,0
297123,297123,297125,2,0
297123,297123,297126,3,0
297123,297123,297125,2,0
297123,297123,297125,2,0
297123,297123,297126,3,0
297123,297123,297125,2,0
297123,297123,297125,2,0
297123,297123,297125,2,0
297123,297123,297125,2,0
297123,297123,297126,3,0
297123,297123,297125,2,0
297123,297123,297125,2,0
297123,297123,297125,2,0
297123,297123,297126,3,0
297123,297123,297126,3,0
297123,297123,297127,4,0
297123,297123,297126,3,0
297123,297123,297126,3,0
297123,297123,297126,3,0
297123,297123,297126,3,0
297123,297123,297126,3,0
297128,297128,297129,1,0
297128,297128,297129,1,0
297128,297128,297129,1,0
297128,297128,297129,1,0
297128,297128,297130,2,0
297128,297128,297130,2,0
297128,297128,297130,2,0
297128,297128,297130,2,0
297128,297128,297130,2,0
297128,297128,297130,2,0
297128,297128,297130,2,0
297128,297128,297131,3,0
297128,297128,297130,2,0
297128,297128,297130,2,0
297128,297128,297130,2,0
297128,297128,297130,2,0
297128,297128,297130,2,0
297128,297128,297130,2,0
297128,297128,297130,2,0
297128,297128,297130,2,0
297128,297128,297130,2,0
297128,297128,297130,2,0
297128,297128,297130,2,0
297128,297128,297130,2,0
297128,297128,297131,3,0
297128,297128,297131,3,0
297128,297128,297133,5,0
297128,297128,297133,5,0
297128,297128,297133,5,0
297128,297128,297133,5,0
297128,297128,297133,5,0
297128,297128,297133,5,0
297135,297135,297136,1,0
297135,297135,297136,1,0
297135,297135,297136,1,0
297135,297135,297138,3,0
297135,297135,297138,3,0
297135,297135,297138,3,0
297135,297135,297138,3,0
297135,297135,297138,3,0
297135,297135,297138,3,0
297135,297135,297138,3,0
297135,297135,297137,2,0
297135,297135,297138,3,0
297135,297135,297138,3,0
297135,297135,297138,3,0
297135,297135,297138,3,0
297135,297135,297138,3,0
297135,297135,297138,3,0
297135,297135,297138,3,0
297135,297135,297138,3,0
297135,297135,297138,3,0
297135,297135,297138,3,0
297135,297135,297138,3,0
297135,297135,297138,3,0
297135,297135,297138,3,0
297135,297135,297138,3,0
297135,297135,297138,3,0
297135,297135,297138,3,0
297135,297135,297138,3,0
297135,297135,297138,3,0
297135,297135,297138,3,0
297135,297135,297138,3,0
297135,297135,297138,3,0
297140,297140,297142,2,0
297140,297140,297142,2,0
297140,297140,297142,2,0
297140,297140,297142,2,0
297140,297140,297142,2,0
297140,297140,297142,2,0
297140,297140,297143,3,0
297140,297140,297142,2,0
297140,297140,297143,3,0
297140,297140,297143,3,0
297140,297140,297142,2,0
297140,297140,297142,2,0
297140,297140,297143,3,0
297140,297140,297143,3,0
297140,297140,297143,3,0
297140,297140,297143,3,0
297140,297140,297142,2,0
297140,297140,297143,3,0
297140,297140,297143,3,0
297140,297140,297143,3,0
297140,297140,297143,3,0
297140,297140,297143,3,0
297140,297140,297143,3,0
297140,297140,297143,3,0
297140,297140,297142,2,0
297140,297140,297143,3,0
297140,297140,297143,3,0
297140,297140,297142,2,0
297140,297140,297143,3,0
297140,297140,297142,2,0
297140,297140,297143,3,0
297140,297140,297143,3,0
297145,297145,297147,2,0
297145,297145,297147,2,0
297145,297145,297147,2,0
297145,297145,297148,3,0
297145,297145,297147,2,0
297145,297145,297148,3,0
297145,297145,297148,3,0
297145,297145,297148,3,0
297145,297145,297148,3,0
297145,297145,297148,3,0
297145,297145,297148,3,0
297145,297145,297147,2,0
297145,297145,297148,3,0
297145,297145,297148,3,0
297145,297145,297148,3,0
297145,297145,297147,2,0
297145,297145,297148,3,0
297145,297145,297148,3,0
297145,297145,297148,3,0
297145,297145,297148,3,0
297145,297145,297148,3,0
297145,297145,297148,3,0
297145,297145,297148,3,0
297145,297145,297148,3,0
297145,297145,297148,3,0
297145,297145,297148,3,0
297145,297145,297148,3,0
297145,297145,297148,3,0
297145,297145,297148,3,0
297145,297145,297148,3,0
297145,297145,297148,3,0
297145,297145,297148,3,0
297150,297150,297152,2,0
297150,297150,297152,2,0
297150,297150,297152,2,0
297150,297150,297153,3,0
297150,297150,297152,2,0
297150,297150,297153,3,0
297150,297150,297153,3,0
297150,297150,297153,3,0
297150,297150,297153,3,0
297150,297150,297152,2,0
297150,297150,297153,3,0
297150,297150,297153,3,0
297150,297150,297153,3,0
297150,297150,297153,3,0
297150,297150,297153,3,0
297150,297150,297153,3,0
297150,297150,297153,3,0
297150,297150,297153,3,0
297150,297150,297153,3,0
297150,297150,297153,3,0
297150,297150,297153,3,0
297150,297150,297153,3,0
297150,297150,297153,3,0
297150,297150,297153,3,0
297150,297150,297153,3,0
297150,297150,297153,3,0
297150,297150,297153,3,0
297150,297150,297153,3,0
297150,297150,297152,2,0
297150,297150,297153,3,0
297150,297150,297154,4,0
297150,297150,297154,4,0
297155,297155,297157,2,0
297155,297155,297157,2,0
297155,297155,297157,2,0
297155,297155,297156,1,0
297155,297155,297158,3,0
297155,297155,297158,3,0
297155,297155,297158,3,0
297155,297155,297158,3,0
297155,297155,297158,3,0
297155,297155,297158,3,0
297155,297155,297157,2,0
297155,297155,297158,3,0
297155,297155,297158,3,0
297155,297155,297157,2,0
297155,297155,297158,3,0
297155,297155,297158,3,0
297155,297155,297158,3,0
297155,297155,297158,3,0
297155,297155,297157,2,0
297155,297155,297158,3,0
297155,297155,297158,3,0
297155,297155,297157,2,0
297155,297155,297158,3,0
297155,297155,297158,3,0
297155,297155,297157,2,0
297155,297155,297158,3,0
297155,297155,297158,3,0
297155,297155,297158,3,0
297155,297155,297158,3,0
297155,297155,297158,3,0
297155,297155,297158,3,0
297155,297155,297159,4,0
297161,297161,297163,2,0
297161,297161,297163,2,0
297161,297161,297163,2,0
297161,297161,297163,2,0
297161,297161,297163,2,0
297161,297161,297164,3,0
297161,297161,297163,2,0
297161,297161,297163,2,0
297161,297161,297164,3,0
297161,297161,297164,3,0
297161,297161,297163,2,0
297161,297161,297163,2,0
297161,297161,297164,3,0
297161,297161,297164,3,0
297161,297161,297163,2,0
297161,297161,297164,3,0
297161,297161,297163,2,0
297161,297161,297163,2,0
297161,297161,297163,2,0
297161,297161,297163,2,0
297161,297161,297163,2,0
297161,297161,297164,3,0
297161,297161,297164,3,0
297161,297161,297164,3,0
297161,297161,297164,3,0
297161,297161,297164,3,0
297161,297161,297164,3,0
297161,297161,297164,3,0
297161,297161,297164,3,0
297161,297161,297164,3,0
297161,297161,297164,3,0
297161,297161,297164,3,0
297166,297166,297167,1,0
297166,297166,297167,1,0
297166,297166,297168,2,0
297166,297166,297167,1,0
297166,297166,297168,2,0
297166,297166,297168,2,0
297166,297166,297167,1,0
297166,297166,297168,2,0
297166,297166,297168,2,0
297166,297166,297168,2,0
297166,297166,297168,2,0
297166,297166,297168,2,0
297166,297166,297168,2,0
297166,297166,297168,2,0
297166,297166,297169,3,0
297166,297166,297168,2,0
297166,297166,297168,2,0
297166,297166,297168,2,0
297166,297166,297168,2,0
297166,297166,297168,2,0
297166,297166,297168,2,0
297166,297166,297169,3,0
297166,297166,297168,2,0
297166,297166,297169,3,0
297166,297166,297169,3,0
297166,297166,297168,2,0
297166,297166,297168,2,0
297166,297166,297168,2,0
297166,297166,297168,2,0
297166,297166,297168,2,0
297166,297166,297168,2,0
297166,297166,297168,2,0
297170,297170,297172,2,0
297170,297170,297172,2,0
297170,297170,297172,2,0
297170,297170,297172,2,0
297170,297170,297172,2,0
297170,297170,297172,2,0
297170,297170,297172,2,0
297170,297170,297171,1,0
297170,297170,297172,2,0
297170,297170,297172,2,0
297170,297170,297172,2,0
297170,297170,297172,2,0
297170,297170,297172,2,0
297170,297170,297172,2,0
297170,297170,297172,2,0
297170,297170,297172,2,0
297170,297170,297172,2,0
297170,297170,297173,3,0
297170,297170,297172,2,0
297170,297170,297172,2,0
297170,297170,297173,3,0
297170,297170,297172,2,0
297170,297170,297172,2,0
297170,297170,297173,3,0
297170,297170,297172,2,0
297170,297170,297172,2,0
297170,297170,297175,5,0
297170,297170,297175,5,0
297170,297170,297175,5,0
297170,297170,297175,5,0
297170,297170,297175,5,0
297170,297170,297175,5,0
297177,297177,297179,2,0
297177,297177,297179,2,0
297177,297177,297180,3,0
297177,297177,297180,3,0
297177,297177,297180,3,0
297177,297177,297180,3,0
297177,297177,297180,3,0
297177,297177,297180,3,0
297177,297177,297180,3,0
297177,297177,297180,3,0
297177,297177,297180,3,0
297177,297177,297180,3,0
297177,297177,297180,3,0
297177,297177,297180,3,0
297177,297177,297180,3,0
297177,297177,297180,3,0
297177,297177,297180,3,0
297177,297177,297180,3,0
297177,297177,297180,3,0
297177,297177,297180,3,0
297177,297177,297180,3,0
297177,297177,297181,4,0
297177,297177,297180,3,0
297177,297177,297181,4,0
297177,297177,297181,4,0
297177,297177,297181,4,0
297177,297177,297181,4,0
297177,297177,297180,3,0
297177,297177,297181,4,0
297177,297177,297181,4,0
297177,297177,297180,3,0
297177,297177,297180,3,0
297182,297182,297184,2,0
297182,297182,297184,2,0
297182,297182,297184,2,0
297182,297182,297184,2,0
297182,297182,297184,2,0
297182,297182,297184,2,0
297182,297182,297184,2,0
297182,297182,297184,2,0
297182,297182,297185,3,0
297182,297182,297184,2,0
297182,297182,297185,3,0
297182,297182,297184,2,0
297182,297182,297185,3,0
297182,297182,297185,3,0
297182,297182,297185,3,0
297182,297182,297185,3,0
297182,297182,297185,3,0
297182,297182,297185,3,0
297182,297182,297185,3,0
297182,297182,297185,3,0
297182,297182,297185,3,0
297182,297182,297185,3,0
297182,297182,297185,3,0
297182,297182,297184,2,0
297182,297182,297185,3,0
297182,297182,297185,3,0
297182,297182,297185,3,0
297182,297182,297185,3,0
297182,297182,297184,2,0
297182,297182,297185,3,0
297182,297182,297185,3,0
297182,297182,297185,3,0
297187,297187,297188,1,0
297187,297187,297189,2,0
297187,297187,297188,1,0
297187,297187,297189,2,0
297187,297187,297189,2,0
297187,297187,297189,2,0
297187,297187,297189,2,0
297187,297187,297189,2,0
297187,297187,297189,2,0
297187,297187,297189,2,0
297187,297187,297190,3,0
297187,297187,297189,2,0
297187,297187,297189,2,0
297187,297187,297189,2,0
297187,297187,297189,2,0
297187,297187,297189,2,0
297187,297187,297189,2,0
297187,297187,297189,2,0
297187,297187,297189,2,0
297187,297187,297189,2,0
297187,297187,297189,2,0
297187,297187,297189,2,0
297187,297187,297189,2,0
297187,297187,297189,2,0
297187,297187,297189,2,0
297187,297187,297190,3,0
297187,297187,297189,2,0
297187,297187,297189,2,0
297187,297187,297189,2,0
297187,297187,297189,2,0
297187,297187,297189,2,0
297187,297187,297190,3,0
297192,297192,297193,1,0
297192,297192,297194,2,0
297192,297192,297194,2,0
297192,297192,297194,2,0
297192,297192,297194,2,0
297192,297192,297195,3,0
297192,297192,297195,3,0
297192,297192,297194,2,0
297192,297192,297195,3,0
297192,297192,297195,3,0
297192,297192,297195,3,0
297192,297192,297194,2,0
297192,297192,297195,3,0
297192,297192,297195,3,0
297192,297192,297194,2,0
297192,297192,297195,3,0
297192,297192,297195,3,0
297192,297192,297195,3,0
297192,297192,297195,3,0
297192,297192,297194,2,0
297192,297192,297195,3,0
297192,297192,297195,3,0
297192,297192,297194,2,0
297192,297192,297195,3,0
297192,297192,297195,3,0
297192,297192,297195,3,0
297192,297192,297195,3,0
297192,297192,297194,2,0
297192,297192,297195,3,0
297192,297192,297195,3,0
297192,297192,297194,2,0
297192,297192,297195,3,0
297197,297197,297199,2,0
297197,297197,297199,2,0
297197,297197,297199,2,0
297197,297197,297198,1,0
297197,297197,297199,2,0
297197,297197,297199,2,0
297197,297197,297199,2,0
297197,297197,297200,3,0
297197,297197,297199,2,0
297197,297197,297199,2,0
297197,297197,297199,2,0
297197,297197,297200,3,0
297197,297197,297200,3,0
297197,297197,297199,2,0
297197,297197,297199,2,0
297197,297197,297200,3,0
297197,297197,297199,2,0
297197,297197,297200,3,0
297197,297197,297200,3,0
297197,297197,297199,2,0
297197,297197,297200,3,0
297197,297197,297200,3,0
297197,297197,297199,2,0
297197,297197,297200,3,0
297197,297197,297200,3,0
297197,297197,297199,2,0
297197,297197,297199,2,0
297197,297197,297200,3,0
297197,297197,297199,2,0
297197,297197,297200,3,0
297197,297197,297200,3,0
297197,297197,297199,2,0
297201,297201,297203,2,0
297201,297201,297203,2,0
297201,297201,297203,2,0
297201,297201,297203,2,0
297201,297201,297203,2,0
297201,297201,297204,3,0
297201,297201,297204,3,0
297201,297201,297204,3,0
297201,297201,297204,3,0
297201,297201,297204,3,0
297201,297201,297203,2,0
297201,297201,297204,3,0
297201,297201,297204,3,0
297201,297201,297204,3,0
297201,297201,297204,3,0
297201,297201,297204,3,0
297201,297201,297204,3,0
297201,297201,297204,3,0
297201,297201,297204,3,0
297201,297201,297204,3,0
297201,297201,297204,3,0
297201,297201,297204,3,0
297201,297201,297204,3,0
297201,297201,297204,3,0
297201,297201,297204,3,0
297201,297202,297204,2,1
297201,297201,297204,3,0
297201,297201,297204,3,0
297201,297201,297204,3,0
297201,297201,297204,3,0
297201,297201,297204,3,0
297201,297201,297204,3,0
297205,297206,297207,1,1
297205,297206,297207,1,1
297205,297206,297207,1,1
297205,297205,297207,2,0
297205,297206,297208,2,1
297205,297206,297207,1,1
297205,297206,297207,1,1
297205,297206,297208,2,1
297205,297206,297208,2,1
297205,297206,297208,2,1
297205,297206,297208,2,1
297205,297206,297208,2,1
297205,297206,297208,2,1
297205,297206,297208,2,1
297205,297206,297208,2,1
297205,297206,297208,2,1
297205,297206,297208,2,1
297205,297206,297208,2,1
297205,297206,297208,2,1
297205,297206,297208,2,1
297205,297206,297208,2,1
297205,297206,297208,2,1
297205,297206,297208,2,1
297205,297206,297208,2,1
297205,297206,297208,2,1
297205,297206,297208,2,1
297205,297206,297208,2,1
297205,297206,297208,2,1
297205,297206,297208,2,1
297205,297206,297209,3,1
297205,297206,297208,2,1
297205,297206,297209,3,1
297210,297210,297212,2,0
297210,297210,297212,2,0
297210,297210,297212,2,0
297210,297210,297212,2,0
297210,297210,297213,3,0
297210,297210,297213,3,0
297210,297210,297213,3,0
297210,297210,297213,3,0
297210,297210,297213,3,0
297210,297210,297213,3,0
297210,297210,297213,3,0
297210,297210,297213,3,0
297210,297210,297213,3,0
297210,297210,297213,3,0
297210,297210,297213,3,0
297210,297210,297213,3,0
297210,297210,297213,3,0
297210,297210,297213,3,0
297210,297210,297213,3,0
297210,297210,297213,3,0
297210,297210,297213,3,0
297210,297210,297213,3,0
297210,297210,297213,3,0
297210,297210,297213,3,0
297210,297210,297214,4,0
297210,297210,297215,5,0
297210,297210,297215,5,0
297210,297210,297215,5,0
297210,297210,297216,6,0
297210,297210,297216,6,0
297210,297210,297216,6,0
297210,297210,297216,6,0
297217,297217,297219,2,0
297217,297217,297218,1,0
297217,297217,297219,2,0
297217,297217,297219,2,0
297217,297217,297219,2,0
297217,297217,297219,2,0
297217,297217,297219,2,0
297217,297217,297219,2,0
297217,297217,297219,2,0
297217,297217,297219,2,0
297217,297217,297220,3,0
297217,297217,297219,2,0
297217,297217,297220,3,0
297217,297217,297220,3,0
297217,297217,297220,3,0
297217,297217,297219,2,0
297217,297217,297220,3,0
297217,297217,297220,3,0
297217,297217,297220,3,0
297217,297217,297220,3,0
297217,297217,297220,3,0
297217,297217,297220,3,0
297217,297217,297220,3,0
297217,297217,297220,3,0
297217,297217,297220,3,0
297217,297217,297220,3,0
297217,297217,297220,3,0
297217,297217,297220,3,0
297217,297217,297220,3,0
297217,297217,297220,3,0
297217,297217,297220,3,0
297217,297217,297220,3,0
297222,297222,297224,2,0
297222,297222,297224,2,0
297222,297222,297223,1,0
297222,297222,297224,2,0
297222,297222,297223,1,0
297222,297222,297224,2,0
297222,297222,297223,1,0
297222,297222,297224,2,0
297222,297222,297225,3,0
297222,297222,297224,2,0
297222,297222,297224,2,0
297222,297222,297224,2,0
297222,297222,297224,2,0
297222,297222,297224,2,0
297222,297222,297224,2,0
297222,297222,297224,2,0
297222,297222,297224,2,0
297222,297222,297224,2,0
297222,297222,297224,2,0
297222,297222,297224,2,0
297222,297222,297224,2,0
297222,297222,297224,2,0
297222,297222,297224,2,0
297222,297222,297224,2,0
297222,297222,297225,3,0
297222,297222,297224,2,0
297222,297222,297225,3,0
297222,297222,297224,2,0
297222,297222,297224,2,0
297222,297222,297224,2,0
297222,297222,297224,2,0
297222,297222,297224,2,0
297226,297226,297228,2,0
297226,297226,297228,2,0
297226,297226,297228,2,0
297226,297226,297228,2,0
297226,297226,297228,2,0
297226,297226,297228,2,0
297226,297226,297228,2,0
297226,297226,297228,2,0
297226,297226,297228,2,0
297226,297226,297228,2,0
297226,297226,297228,2,0
297226,297226,297229,3,0
297226,297226,297229,3,0
297226,297226,297229,3,0
297226,297226,297229,3,0
297226,297226,297229,3,0
297226,297226,297229,3,0
297226,297226,297229,3,0
297226,297226,297229,3,0
297226,297226,297229,3,0
297226,297226,297229,3,0
297226,297226,297229,3,0
297226,297226,297228,2,0
297226,297226,297229,3,0
297226,297226,297229,3,0
297226,297226,297229,3,0
297226,297226,297229,3,0
297226,297226,297229,3,0
297226,297226,297229,3,0
297226,297226,297229,3,0
297226,297226,297229,3,0
297226,297226,297229,3,0
297230,297230,297232,2,0
297230,297230,297232,2,0
297230,297230,297232,2,0
297230,297230,297232,2,0
297230,297230,297232,2,0
297230,297230,297232,2,0
297230,297230,297232,2,0
297230,297230,297232,2,0
297230,297230,297232,2,0
297230,297230,297233,3,0
297230,297230,297233,3,0
297230,297230,297233,3,0
297230,297230,297233,3,0
297230,297230,297233,3,0
297230,297230,297233,3,0
297230,297230,297233,3,0
297230,297230,297233,3,0
297230,297230,297233,3,0
297230,297230,297233,3,0
297230,297230,297233,3,0
297230,297230,297233,3,0
297230,297230,297233,3,0
297230,297230,297233,3,0
297230,297230,297233,3,0
297230,297230,297233,3,0
297230,297230,297233,3,0
297230,297230,297233,3,0
297230,297230,297233,3,0
297230,297230,297233,3,0
297230,297230,297233,3,0
297230,297231,297233,2,1
297230,297231,297233,2,1
297235,297235,297236,1,0
297235,297235,297237,2,0
297235,297235,297237,2,0
297235,297235,297237,2,0
297235,297235,297236,1,0
297235,297235,297237,2,0
297235,297235,297237,2,0
297235,297235,297236,1,0
297235,297235,297237,2,0
297235,297235,297237,2,0
297235,297235,297238,3,0
297235,297235,297237,2,0
297235,297235,297237,2,0
297235,297235,297237,2,0
297235,297235,297237,2,0
297235,297235,297237,2,0
297235,297235,297238,3,0
297235,297235,297237,2,0
297235,297235,297237,2,0
297235,297235,297237,2,0
297235,297235,297237,2,0
297235,297235,297237,2,0
297235,297235,297237,2,0
297235,297235,297238,3,0
297235,297235,297237,2,0
297235,297235,297237,2,0
297235,297235,297237,2,0
297235,297235,297237,2,0
297235,297235,297237,2,0
297235,297235,297237,2,0
297235,297235,297237,2,0
297235,297235,297237,2,0
297239,297239,297241,2,0
297239,297239,297240,1,0
297239,297239,297241,2,0
297239,297239,297240,1,0
297239,297239,297240,1,0
297239,297239,297241,2,0
297239,297239,297241,2,0
297239,297239,297241,2,0
297239,297239,297241,2,0
297239,297239,297241,2,0
297239,297239,297241,2,0
297239,297239,297241,2,0
297239,297239,297241,2,0
297239,297239,297241,2,0
297239,297239,297241,2,0
297239,297239,297241,2,0
297239,297239,297241,2,0
297239,297239,297241,2,0
297239,297239,297241,2,0
297239,297239,297241,2,0
297239,297239,297241,2,0
297239,297239,297241,2,0
297239,297239,297241,2,0
297239,297239,297241,2,0
297239,297239,297241,2,0
297239,297239,297241,2,0
297239,297239,297241,2,0
297239,297239,297242,3,0
297239,297239,297241,2,0
297239,297239,297242,3,0
297239,297239,297241,2,0
297239,297239,297241,2,0
297243,297243,297245,2,0
297243,297243,297245,2,0
297243,297243,297245,2,0
297243,297243,297244,1,0
297243,297243,297245,2,0
297243,297243,297245,2,0
297243,297243,297246,3,0
297243,297243,297245,2,0
297243,297243,297246,3,0
297243,297243,297245,2,0
297243,297243,297246,3,0
297243,297243,297246,3,0
297243,297243,297246,3,0
297243,297243,297246,3,0
297243,297243,297245,2,0
297243,297243,297246,3,0
297243,297243,297245,2,0
297243,297243,297246,3,0
297243,297243,297246,3,0
297243,297243,297246,3,0
297243,297243,297246,3,0
297243,297243,297246,3,0
297243,297243,297246,3,0
297243,297243,297246,3,0
297243,297243,297246,3,0
297243,297243,297245,2,0
297243,297243,297246,3,0
297243,297243,297246,3,0
297243,297243,297246,3,0
297243,297243,297246,3,0
297243,297243,297246,3,0
297243,297243,297246,3,0
297247,297247,297249,2,0
297247,297247,297249,2,0
297247,297247,297249,2,0
297247,297247,297249,2,0
297247,297247,297249,2,0
297247,297247,297250,3,0
297247,297247,297250,3,0
297247,297247,297249,2,0
297247,297247,297250,3,0
297247,297247,297250,3,0
297247,297247,297250,3,0
297247,297247,297250,3,0
297247,297247,297249,2,0
297247,297247,297250,3,0
297247,297247,297250,3,0
297247,297247,297249,2,0
297247,297247,297250,3,0
297247,297247,297250,3,0
297247,297247,297250,3,0
297247,297247,297250,3,0
297247,297247,297249,2,0
297247,297247,297250,3,0
297247,297247,297250,3,0
297247,297247,297249,2,0
297247,297247,297250,3,0
297247,297247,297250,3,0
297247,297247,297250,3,0
297247,297247,297250,3,0
297247,297247,297250,3,0
297247,297247,297250,3,0
297247,297247,297250,3,0
297247,297247,297250,3,0
297252,297252,297254,2,0
297252,297252,297254,2,0
297252,297252,297254,2,0
297252,297252,297255,3,0
297252,297253,297255,2,1
297252,297252,297255,3,0
297252,297253,297255,2,1
297252,297253,297255,2,1
297252,297252,297255,3,0
297252,297253,297255,2,1
297252,297253,297255,2,1
297252,297252,297255,3,0
297252,297253,297255,2,1
297252,297253,297255,2,1
297252,297253,297255,2,1
297252,297253,297255,2,1
297252,297253,297255,2,1
297252,297253,297255,2,1
297252,297253,297255,2,1
297252,297253,297255,2,1
297252,297252,297255,3,0
297252,297253,297255,2,1
297252,297253,297255,2,1
297252,297253,297255,2,1
297252,297253,297255,2,1
297252,297253,297255,2,1
297252,297253,297258,5,1
297252,297253,297258,5,1
297252,297253,297258,5,1
297252,297253,297258,5,1
297252,297253,297258,5,1
297252,297253,297259,6,1
297261,297261,297263,2,0
297261,297261,297264,3,0
297261,297261,297264,3,0
297261,297261,297264,3,0
297261,297261,297263,2,0
297261,297261,297264,3,0
297261,297261,297264,3,0
297261,297261,297264,3,0
297261,297261,297263,2,0
297261,297261,297264,3,0
297261,297261,297264,3,0
297261,297261,297264,3,0
297261,297261,297264,3,0
297261,297261,297264,3,0
297261,297261,297264,3,0
297261,297261,297264,3,0
297261,297261,297264,3,0
297261,297261,297264,3,0
297261,297261,297265,4,0
297261,297261,297265,4,0
297261,297261,297264,3,0
297261,297261,297264,3,0
297261,297261,297264,3,0
297261,297261,297264,3,0
297261,297261,297264,3,0
297261,297261,297264,3,0
297261,297261,297264,3,0
297261,297261,297264,3,0
297261,297261,297264,3,0
297261,297261,297264,3,0
297261,297261,297265,4,0
297261,297261,297265,4,0
297266,297266,297268,2,0
297266,297266,297267,1,0
297266,297266,297268,2,0
297266,297266,297267,1,0
297266,297266,297268,2,0
297266,297266,297268,2,0
297266,297266,297269,3,0
297266,297266,297269,3,0
297266,297266,297268,2,0
297266,297266,297268,2,0
297266,297266,297269,3,0
297266,297266,297269,3,0
297266,297266,297268,2,0
297266,297266,297269,3,0
297266,297266,297269,3,0
297266,297266,297269,3,0
297266,297266,297269,3,0
297266,297266,297269,3,0
297266,297266,297269,3,0
297266,297266,297269,3,0
297266,297266,297268,2,0
297266,297266,297269,3,0
297266,297266,297268,2,0
297266,297266,297268,2,0
297266,297266,297268,2,0
297266,297266,297269,3,0
297266,297266,297268,2,0
297266,297266,297269,3,0
297266,297266,297269,3,0
297266,297266,297269,3,0
297266,297266,297269,3,0
297266,297266,297269,3,0
297271,297271,297273,2,0
297271,297271,297273,2,0
297271,297271,297273,2,0
297271,297271,297273,2,0
297271,297271,297274,3,0
297271,297271,297274,3,0
297271,297271,297273,2,0
297271,297271,297274,3,0
297271,297271,297274,3,0
297271,297271,297274,3,0
297271,297271,297274,3,0
297271,297271,297274,3,0
297271,297271,297273,2,0
297271,297271,297273,2,0
297271,297271,297274,3,0
297271,297271,297273,2,0
297271,297271,297274,3,0
297271,297271,297274,3,0
297271,297271,297274,3,0
297271,297271,297274,3,0
297271,297271,297273,2,0
297271,297271,297274,3,0
297271,297271,297274,3,0
297271,297271,297274,3,0
297271,297271,297274,3,0
297271,297271,297274,3,0
297271,297271,297274,3,0
297271,297271,297274,3,0
297271,297271,297274,3,0
297271,297271,297274,3,0
297271,297271,297275,4,0
297271,297271,297275,4,0
297276,297276,297278,2,0
297276,297276,297278,2,0
297276,297276,297278,2,0
297276,297276,297278,2,0
297276,297276,297278,2,0
297276,297276,297279,3,0
297276,297276,297279,3,0
297276,297276,297279,3,0
297276,297276,297279,3,0
297276,297276,297278,2,0
297276,297276,297279,3,0
297276,297276,297279,3,0
297276,297276,297279,3,0
297276,297276,297279,3,0
297276,297276,297279,3,0
297276,297276,297279,3,0
297276,297276,297279,3,0
297276,297276,297279,3,0
297276,297276,297279,3,0
297276,297276,297278,2,0
297276,297276,297279,3,0
297276,297276,297279,3,0
297276,297276,297279,3,0
297276,297276,297279,3,0
297276,297276,297279,3,0
297276,297276,297279,3,0
297276,297276,297279,3,0
297276,297276,297280,4,0
297276,297276,297279,3,0
297276,297276,297279,3,0
297276,297276,297280,4,0
297276,297276,297279,3,0
297282,297282,297283,1,0
297282,297282,297284,2,0
297282,297282,297284,2,0
297282,297282,297285,3,0
297282,297282,297284,2,0
297282,297282,297284,2,0
297282,297282,297284,2,0
297282,297282,297284,2,0
297282,297282,297285,3,0
297282,297282,297284,2,0
297282,297282,297284,2,0
297282,297282,297284,2,0
297282,297282,297284,2,0
297282,297282,297285,3,0
297282,297282,297285,3,0
297282,297282,297284,2,0
297282,297282,297285,3,0
297282,297282,297284,2,0
297282,297282,297284,2,0
297282,297282,297285,3,0
297282,297282,297284,2,0
297282,297282,297285,3,0
297282,297282,297284,2,0
297282,297282,297285,3,0
297282,297282,297285,3,0
297282,297282,297285,3,0
297282,297282,297286,4,0
297282,297282,297285,3,0
297282,297282,297285,3,0
297282,297282,297285,3,0
297282,297282,297285,3,0
297282,297282,297285,3,0
297287,297287,297289,2,0
297287,297287,297289,2,0
297287,297287,297288,1,0
297287,297287,297289,2,0
297287,297287,297289,2,0
297287,297287,297290,3,0
297287,297287,297289,2,0
297287,297287,297290,3,0
297287,297287,297289,2,0
297287,297287,297289,2,0
297287,297287,297290,3,0
297287,297287,297290,3,0
297287,297287,297290,3,0
297287,297287,297290,3,0
297287,297287,297290,3,0
297287,297287,297289,2,0
297287,297287,297290,3,0
297287,297287,297290,3,0
297287,297287,297290,3,0
297287,297287,297290,3,0
297287,297287,297290,3,0
297287,297287,297290,3,0
297287,297287,297290,3,0
297287,297287,297290,3,0
297287,297287,297290,3,0
297287,297287,297290,3,0
297287,297287,297290,3,0
297287,297287,297290,3,0
297287,297287,297291,4,0
297287,297287,297290,3,0
297287,297287,297290,3,0
297287,297287,297290,3,0
297294,297294,297296,2,0
297294,297294,297296,2,0
297294,297294,297296,2,0
297294,297294,297296,2,0
297294,297294,297296,2,0
297294,297294,297296,2,0
297294,297294,297296,2,0
297294,297294,297296,2,0
297294,297294,297296,2,0
297294,297294,297296,2,0
297294,297294,297296,2,0
297294,297294,297296,2,0
297294,297294,297297,3,0
297294,297294,297296,2,0
297294,297294,297296,2,0
297294,297294,297296,2,0
297294,297294,297296,2,0
297294,297294,297297,3,0
297294,297294,297296,2,0
297294,297294,297297,3,0
297294,297294,297296,2,0
297294,297294,297296,2,0
297294,297294,297296,2,0
297294,297294,297296,2,0
297294,297294,297296,2,0
297294,297294,297297,3,0
297294,297294,297297,3,0
297294,297294,297299,5,0
297294,297294,297299,5,0
297294,297294,297299,5,0
297294,297294,297299,5,0
297294,297294,297300,6,0
297302,297302,297304,2,0
297302,297302,297303,1,0
297302,297302,297303,1,0
297302,297302,297303,1,0
297302,297302,297304,2,0
297302,297302,297304,2,0
297302,297302,297303,1,0
297302,297302,297304,2,0
297302,297302,297304,2,0
297302,297302,297304,2,0
297302,297302,297304,2,0
297302,297302,297304,2,0
297302,297302,297304,2,0
297302,297302,297305,3,0
297302,297302,297305,3,0
297302,297302,297305,3,0
297302,297302,297305,3,0
297302,297302,297305,3,0
297302,297302,297305,3,0
297302,297302,297305,3,0
297302,297302,297305,3,0
297302,297302,297305,3,0
297302,297302,297305,3,0
297302,297302,297305,3,0
297302,297302,297305,3,0
297302,297302,297305,3,0
297302,297302,297305,3,0
297302,297302,297305,3,0
297302,297302,297305,3,0
297302,297302,297305,3,0
297302,297302,297305,3,0
297302,297302,297305,3,0
297307,297307,297309,2,0
297307,297307,297309,2,0
297307,297307,297309,2,0
297307,297307,297308,1,0
297307,297307,297309,2,0
297307,297307,297309,2,0
297307,297307,297309,2,0
297307,297307,297309,2,0
297307,297307,297309,2,0
297307,297307,297309,2,0
297307,297307,297309,2,0
297307,297307,297309,2,0
297307,297307,297310,3,0
297307,297307,297309,2,0
297307,297307,297309,2,0
297307,297307,297309,2,0
297307,297307,297309,2,0
297307,297307,297309,2,0
297307,297307,297310,3,0
297307,297307,297310,3,0
297307,297307,297310,3,0
297307,297307,297309,2,0
297307,297307,297310,3,0
297307,297307,297309,2,0
297307,297307,297309,2,0
297307,297307,297309,2,0
297307,297307,297310,3,0
297307,297307,297309,2,0
297307,297307,297310,3,0
297307,297307,297309,2,0
297307,297307,297309,2,0
297307,297307,297310,3,0
297312,297312,297314,2,0
297312,297312,297313,1,0
297312,297312,297314,2,0
297312,297312,297313,1,0
297312,297312,297314,2,0
297312,297312,297313,1,0
297312,297312,297313,1,0
297312,297312,297314,2,0
297312,297312,297314,2,0
297312,297312,297314,2,0
297312,297312,297314,2,0
297312,297312,297314,2,0
297312,297312,297314,2,0
297312,297312,297314,2,0
297312,297312,297314,2,0
297312,297312,297314,2,0
297312,297312,297314,2,0
297312,297312,297314,2,0
297312,297312,297314,2,0
297312,297312,297314,2,0
297312,297312,297314,2,0
297312,297312,297314,2,0
297312,297312,297314,2,0
297312,297312,297314,2,0
297312,297312,297314,2,0
297312,297312,297314,2,0
297312,297312,297314,2,0
297312,297312,297314,2,0
297312,297312,297315,3,0
297312,297312,297314,2,0
297312,297312,297314,2,0
297312,297312,297315,3,0
297318,297318,297320,2,0
297318,297318,297319,1,0
297318,297318,297319,1,0
297318,297318,297320,2,0
297318,297318,297319,1,0
297318,297318,297320,2,0
297318,297318,297320,2,0
297318,297318,297320,2,0
297318,297318,297320,2,0
297318,297318,297320,2,0
297318,297318,297320,2,0
297318,297318,297320,2,0
297318,297318,297320,2,0
297318,297318,297320,2,0
297318,297318,297320,2,0
297318,297318,297320,2,0
297318,297318,297320,2,0
297318,297318,297320,2,0
297318,297318,297320,2,0
297318,297318,297320,2,0
297318,297318,297320,2,0
297318,297318,297320,2,0
297318,297318,297320,2,0
297318,297318,297320,2,0
297318,297318,297320,2,0
297318,297318,297320,2,0
297318,297318,297320,2,0
297318,297318,297320,2,0
297318,297318,297320,2,0
297318,297318,297321,3,0
297318,297318,297320,2,0
297318,297318,297321,3,0
297324,297324,297326,2,0
297324,297324,297326,2,0
297324,297324,297325,1,0
297324,297324,297326,2,0
297324,297324,297325,1,0
297324,297324,297325,1,0
297324,297324,297326,2,0
297324,297324,297326,2,0
297324,297324,297326,2,0
297324,297324,297326,2,0
297324,297324,297326,2,0
297324,297324,297326,2,0
297324,297324,297326,2,0
297324,297324,297326,2,0
297324,297324,297326,2,0
297324,297324,297326,2,0
297324,297324,297326,2,0
297324,297324,297327,3,0
297324,297324,297326,2,0
297324,297324,297326,2,0
297324,297324,297327,3,0
297324,297324,297327,3,0
297324,297324,297327,3,0
297324,297324,297326,2,0
297324,297324,297326,2,0
297324,297324,297327,3,0
297324,297324,297326,2,0
297324,297324,297327,3,0
297324,297324,297327,3,0
297324,297324,297326,2,0
297324,297324,297327,3,0
297324,297324,297327,3,0
297329,297329,297332,3,0
297329,297329,297332,3,0
297329,297329,297331,2,0
297329,297329,297332,3,0
297329,297329,297332,3,0
297329,297329,297332,3,0
297329,297329,297332,3,0
297329,297329,297332,3,0
297329,297329,297331,2,0
297329,297329,297331,2,0
297329,297329,297332,3,0
297329,297329,297332,3,0
297329,297329,297332,3,0
297329,297329,297332,3,0
297329,297329,297332,3,0
297329,297329,297332,3,0
297329,297329,297332,3,0
297329,297329,297332,3,0
297329,297329,297332,3,0
297329,297329,297332,3,0
297329,297329,297332,3,0
297329,297329,297332,3,0
297329,297329,297331,2,0
297329,297329,297332,3,0
297329,297329,297332,3,0
297329,297329,297332,3,0
297329,297329,297333,4,0
297329,297329,297332,3,0
297329,297329,297332,3,0
297329,297329,297333,4,0
297329,297329,297332,3,0
297329,297329,297332,3,0
297334,297335,297336,1,1
297334,297335,297336,1,1
297334,297335,297336,1,1
297334,297335,297336,1,1
297334,297335,297337,2,1
297334,297335,297337,2,1
297334,297335,297337,2,1
297334,297335,297337,2,1
297334,297335,297337,2,1
297334,297335,297337,2,1
297334,297335,297337,2,1
297334,297335,297337,2,1
297334,297335,297337,2,1
297334,297335,297337,2,1
297334,297335,297337,2,1
297334,297335,297337,2,1
297334,297335,297337,2,1
297334,297335,297337,2,1
297334,297335,297337,2,1
297334,297335,297337,2,1
297334,297335,297337,2,1
297334,297335,297337,2,1
297334,297335,297337,2,1
297334,297335,297337,2,1
297334,297335,297337,2,1
297334,297335,297337,2,1
297334,297335,297337,2,1
297334,297335,297337,2,1
297334,297335,297337,2,1
297334,297335,297337,2,1
297334,297335,297338,3,1
297334,297335,297338,3,1
297341,297341,297343,2,0
297341,297341,297343,2,0
297341,297341,297343,2,0
297341,297341,297343,2,0
297341,297341,297343,2,0
297341,297341,297344,3,0
297341,297341,297344,3,0
297341,297341,297344,3,0
297341,297341,297344,3,0
297341,297341,297344,3,0
297341,297341,297344,3,0
297341,297341,297344,3,0
297341,297341,297344,3,0
297341,297341,297344,3,0
297341,297341,297344,3,0
297341,297341,297344,3,0
297341,297341,297344,3,0
297341,297341,297344,3,0
297341,297341,297344,3,0
297341,297341,297344,3,0
297341,297341,297344,3,0
297341,297341,297344,3,0
297341,297341,297344,3,0
297341,297341,297344,3,0
297341,297341,297344,3,0
297341,297341,297344,3,0
297341,297341,297344,3,0
297341,297341,297344,3,0
297341,297341,297344,3,0
297341,297341,297344,3,0
297341,297341,297344,3,0
297341,297341,297344,3,0
297345,297346,297348,2,1
297345,297346,297348,2,1
297345,297346,297348,2,1
297345,297346,297348,2,1
297345,297346,297348,2,1
297345,297346,297348,2,1
297345,297346,297348,2,1
297345,297346,297348,2,1
297345,297346,297348,2,1
297345,297346,297348,2,1
297345,297346,297348,2,1
297345,297346,297348,2,1
297345,297346,297348,2,1
297345,297346,297348,2,1
297345,297346,297348,2,1
297345,297346,297348,2,1
297345,297346,297348,2,1
297345,297346,297348,2,1
297345,297346,297348,2,1
297345,297346,297348,2,1
297345,297346,297348,2,1
297345,297346,297348,2,1
297345,297346,297349,3,1
297345,297346,297348,2,1
297345,297346,297349,3,1
297345,297346,297348,2,1
297345,297346,297348,2,1
297345,297346,297348,2,1
297345,297346,297348,2,1
297345,297346,297349,3,1
297345,297346,297349,3,1
297345,297346,297349,3,1
297351,297351,297353,2,0
297351,297351,297353,2,0
297351,297351,297353,2,0
297351,297351,297353,2,0
297351,297351,297353,2,0
297351,297351,297354,3,0
297351,297351,297353,2,0
297351,297351,297353,2,0
297351,297351,297354,3,0
297351,297351,297353,2,0
297351,297351,297353,2,0
297351,297351,297353,2,0
297351,297351,297353,2,0
297351,297351,297354,3,0
297351,297351,297354,3,0
297351,297351,297353,2,0
297351,297351,297354,3,0
297351,297351,297354,3,0
297351,297351,297353,2,0
297351,297351,297354,3,0
297351,297351,297353,2,0
297351,297351,297354,3,0
297351,297351,297354,3,0
297351,297351,297353,2,0
297351,297351,297354,3,0
297351,297351,297354,3,0
297351,297351,297354,3,0
297351,297351,297354,3,0
297351,297351,297353,2,0
297351,297351,297354,3,0
297351,297351,297354,3,0
297351,297351,297353,2,0
297355,297355,297357,2,0
297355,297355,297357,2,0
297355,297355,297357,2,0
297355,297355,297357,2,0
297355,297355,297357,2,0
297355,297355,297357,2,0
297355,297355,297357,2,0
297355,297355,297357,2,0
297355,297355,297357,2,0
297355,297355,297358,3,0
297355,297355,297357,2,0
297355,297355,297358,3,0
297355,297355,297358,3,0
297355,297355,297358,3,0
297355,297355,297358,3,0
297355,297355,297357,2,0
297355,297355,297358,3,0
297355,297355,297358,3,0
297355,297355,297358,3,0
297355,297355,297358,3,0
297355,297355,297358,3,0
297355,297355,297358,3,0
297355,297355,297358,3,0
297355,297355,297358,3,0
297355,297355,297358,3,0
297355,297355,297358,3,0
297355,297355,297357,2,0
297355,297355,297358,3,0
297355,297355,297358,3,0
297355,297355,297358,3,0
297355,297355,297358,3,0
297355,297355,297358,3,0
297360,297360,297362,2,0
297360,297360,297362,2,0
297360,297360,297362,2,0
297360,297360,297362,2,0
297360,297360,297362,2,0
297360,297360,297362,2,0
297360,297360,297362,2,0
297360,297360,297362,2,0
297360,297360,297363,3,0
297360,297360,297363,3,0
297360,297360,297363,3,0
297360,297360,297362,2,0
297360,297360,297363,3,0
297360,297360,297363,3,0
297360,297360,297362,2,0
297360,297360,297363,3,0
297360,297360,297363,3,0
297360,297360,297363,3,0
297360,297360,297363,3,0
297360,297360,297363,3,0
297360,297360,297363,3,0
297360,297360,297363,3,0
297360,297360,297363,3,0
297360,297360,297363,3,0
297360,297360,297363,3,0
297360,297360,297363,3,0
297360,297360,297363,3,0
297360,297360,297363,3,0
297360,297360,297363,3,0
297360,297360,297363,3,0
297360,297360,297362,2,0
297360,297360,297363,3,0
297365,297365,297367,2,0
297365,297365,297367,2,0
297365,297365,297367,2,0
297365,297365,297367,2,0
297365,297365,297368,3,0
297365,297365,297367,2,0
297365,297365,297368,3,0
297365,297365,297368,3,0
297365,297365,297368,3,0
297365,297365,297368,3,0
297365,297365,297368,3,0
297365,297365,297368,3,0
297365,297365,297368,3,0
297365,297365,297368,3,0
297365,297365,297368,3,0
297365,297365,297368,3,0
297365,297365,297368,3,0
297365,297365,297368,3,0
297365,297365,297368,3,0
297365,297365,297368,3,0
297365,297365,297368,3,0
297365,297365,297368,3,0
297365,297365,297368,3,0
297365,297365,297368,3,0
297365,297365,297368,3,0
297365,297365,297368,3,0
297365,297365,297368,3,0
297365,297365,297368,3,0
297365,297365,297368,3,0
297365,297365,297368,3,0
297365,297365,297368,3,0
297365,297365,297368,3,0
297371,297371,297372,1,0
297371,297371,297372,1,0
297371,297371,297373,2,0
297371,297371,297372,1,0
297371,297371,297373,2,0
297371,297371,297372,1,0
297371,297371,297372,1,0
297371,297371,297373,2,0
297371,297371,297373,2,0
297371,297371,297372,1,0
297371,297371,297373,2,0
297371,297371,297373,2,0
297371,297371,297373,2,0
297371,297371,297373,2,0
297371,297371,297373,2,0
297371,297371,297373,2,0
297371,297371,297374,3,0
297371,297371,297373,2,0
297371,297371,297373,2,0
297371,297371,297373,2,0
297371,297371,297373,2,0
297371,297371,297373,2,0
297371,297371,297373,2,0
297371,297371,297373,2,0
297371,297371,297373,2,0
297371,297371,297374,3,0
297371,297371,297374,3,0
297371,297371,297373,2,0
297371,297371,297373,2,0
297371,297371,297374,3,0
297371,297371,297373,2,0
297371,297371,297373,2,0
297375,297375,297377,2,0
297375,297375,297377,2,0
297375,297375,297377,2,0
297375,297375,297377,2,0
297375,297375,297377,2,0
297375,297375,297377,2,0
297375,297375,297377,2,0
297375,297375,297377,2,0
297375,297375,297377,2,0
297375,297375,297377,2,0
297375,297375,297378,3,0
297375,297375,297378,3,0
297375,297375,297377,2,0
297375,297375,297377,2,0
297375,297375,297377,2,0
297375,297375,297378,3,0
297375,297375,297378,3,0
297375,297375,297377,2,0
297375,297375,297378,3,0
297375,297375,297377,2,0
297375,297375,297378,3,0
297375,297375,297378,3,0
297375,297375,297377,2,0
297375,297375,297377,2,0
297375,297375,297378,3,0
297375,297375,297378,3,0
297375,297375,297378,3,0
297375,297375,297378,3,0
297375,297375,297377,2,0
297375,297375,297377,2,0
297375,297375,297378,3,0
297375,297375,297378,3,0
297379,297379,297381,2,0
297379,297379,297381,2,0
297379,297379,297381,2,0
297379,297379,297381,2,0
297379,297379,297381,2,0
297379,297379,297381,2,0
297379,297379,297382,3,0
297379,297379,297381,2,0
297379,297379,297381,2,0
297379,297379,297382,3,0
297379,297379,297381,2,0
297379,297379,297382,3,0
297379,297379,297381,2,0
297379,297379,297381,2,0
297379,297379,297381,2,0
297379,297379,297382,3,0
297379,297379,297382,3,0
297379,297379,297381,2,0
297379,297379,297382,3,0
297379,297379,297381,2,0
297379,297379,297381,2,0
297379,297379,297382,3,0
297379,297379,297382,3,0
297379,297379,297382,3,0
297379,297379,297381,2,0
297379,297379,297384,5,0
297379,297379,297385,6,0
297379,297379,297385,6,0
297379,297379,297385,6,0
297379,297379,297384,5,0
297379,297379,297384,5,0
297379,297379,297384,5,0
297386,297387,297388,1,1
297386,297387,297388,1,1
297386,297387,297389,2,1
297386,297387,297388,1,1
297386,297387,297388,1,1
297386,297387,297389,2,1
297386,297387,297389,2,1
297386,297387,297389,2,1
297386,297387,297389,2,1
297386,297387,297389,2,1
297386,297387,297389,2,1
297386,297387,297389,2,1
297386,297387,297389,2,1
297386,297387,297389,2,1
297386,297387,297389,2,1
297386,297387,297389,2,1
297386,297387,297389,2,1
297386,297387,297389,2,1
297386,297387,297389,2,1
297386,297387,297389,2,1
297386,297387,297389,2,1
297386,297387,297389,2,1
297386,297387,297389,2,1
297386,297387,297389,2,1
297386,297387,297389,2,1
297386,297387,297389,2,1
297386,297387,297389,2,1
297386,297387,297390,3,1
297386,297387,297389,2,1
297386,297387,297389,2,1
297386,297387,297389,2,1
297386,297387,297389,2,1
297391,297391,297393,2,0
297391,297391,297393,2,0
297391,297391,297394,3,0
297391,297391,297394,3,0
297391,297391,297394,3,0
297391,297391,297394,3,0
297391,297391,297394,3,0
297391,297391,297394,3,0
297391,297391,297393,2,0
297391,297391,297394,3,0
297391,297391,297394,3,0
297391,297391,297394,3,0
297391,297391,297395,4,0
297391,297391,297394,3,0
297391,297391,297394,3,0
297391,297391,297394,3,0
297391,297391,297394,3,0
297391,297391,297395,4,0
297391,297391,297394,3,0
297391,297391,297394,3,0
297391,297391,297394,3,0
297391,297391,297394,3,0
297391,297391,297395,4,0
297391,297391,297394,3,0
297391,297391,297394,3,0
297391,297391,297395,4,0
297391,297391,297394,3,0
297391,297391,297394,3,0
297391,297391,297394,3,0
297391,297391,297394,3,0
297391,297391,297394,3,0
297391,297391,297394,3,0
297396,297396,297398,2,0
297396,297396,297398,2,0
297396,297396,297398,2,0
297396,297396,297398,2,0
297396,297396,297398,2,0
297396,297396,297399,3,0
297396,297396,297399,3,0
297396,297396,297399,3,0
297396,297396,297399,3,0
297396,297396,297399,3,0
297396,297396,297399,3,0
297396,297396,297399,3,0
297396,297396,297399,3,0
297396,297396,297399,3,0
297396,297396,297399,3,0
297396,297396,297399,3,0
297396,297396,297399,3,0
297396,297396,297399,3,0
297396,297396,297399,3,0
297396,297396,297399,3,0
297396,297396,297399,3,0
297396,297396,297399,3,0
297396,297396,297399,3,0
297396,297396,297399,3,0
297396,297396,297399,3,0
297396,297396,297399,3,0
297396,297396,297399,3,0
297396,297396,297399,3,0
297396,297396,297399,3,0
297396,297396,297399,3,0
297396,297396,297399,3,0
297396,297396,297399,3,0
297401,297401,297403,2,0
297401,297401,297402,1,0
297401,297401,297403,2,0
297401,297401,297402,1,0
297401,297401,297402,1,0
297401,297401,297402,1,0
297401,297401,297403,2,0
297401,297401,297403,2,0
297401,297401,297403,2,0
297401,297401,297403,2,0
297401,297401,297403,2,0
297401,297401,297403,2,0
297401,297401,297403,2,0
297401,297401,297403,2,0
297401,297401,297403,2,0
297401,297401,297403,2,0
297401,297401,297403,2,0
297401,297401,297403,2,0
297401,297401,297403,2,0
297401,297401,297403,2,0
297401,297401,297403,2,0
297401,297401,297404,3,0
297401,297401,297403,2,0
297401,297401,297403,2,0
297401,297401,297403,2,0
297401,297401,297403,2,0
297401,297401,297403,2,0
297401,297401,297403,2,0
297401,297401,297403,2,0
297401,297401,297404,3,0
297401,297401,297404,3,0
297401,297401,297404,3,0
297406,297406,297408,2,0
297406,297406,297408,2,0
297406,297406,297408,2,0
297406,297406,297408,2,0
297406,297406,297409,3,0
297406,297406,297409,3,0
297406,297406,297408,2,0
297406,297406,297408,2,0
297406,297406,297409,3,0
297406,297406,297409,3,0
297406,297406,297409,3,0
297406,297406,297409,3,0
297406,297406,297408,2,0
297406,297406,297409,3,0
297406,297406,297408,2,0
297406,297406,297408,2,0
297406,297406,297409,3,0
297406,297406,297409,3,0
297406,297406,297409,3,0
297406,297406,297408,2,0
297406,297406,297409,3,0
297406,297406,297409,3,0
297406,297406,297408,2,0
297406,297406,297408,2,0
297406,297406,297409,3,0
297406,297406,297409,3,0
297406,297406,297408,2,0
297406,297406,297409,3,0
297406,297406,297409,3,0
297406,297406,297408,2,0
297406,297406,297409,3,0
297406,297406,297409,3,0
297411,297411,297413,2,0
297411,297411,297413,2,0
297411,297411,297413,2,0
297411,297411,297413,2,0
297411,297411,297412,1,0
297411,297411,297413,2,0
297411,297411,297413,2,0
297411,297411,297414,3,0
297411,297411,297414,3,0
297411,297411,297414,3,0
297411,297411,297414,3,0
297411,297411,297414,3,0
297411,297411,297413,2,0
297411,297411,297413,2,0
297411,297411,297414,3,0
297411,297411,297413,2,0
297411,297411,297414,3,0
297411,297411,297414,3,0
297411,297411,297413,2,0
297411,297411,297414,3,0
297411,297411,297414,3,0
297411,297411,297414,3,0
297411,297411,297413,2,0
297411,297411,297414,3,0
297411,297411,297414,3,0
297411,297411,297414,3,0
297411,297411,297414,3,0
297411,297411,297414,3,0
297411,297411,297413,2,0
297411,297411,297413,2,0
297411,297411,297414,3,0
297411,297411,297414,3,0
297417,297417,297419,2,0
297417,297417,297419,2,0
297417,297417,297419,2,0
297417,297417,297419,2,0
297134,297134,297419,285,0
297417,297417,297420,3,0
297417,297417,297420,3,0
297417,297417,297419,2,0
297417,297417,297419,2,0
297417,297417,297419,2,0
297417,297417,297419,2,0
297417,297417,297419,2,0
297417,297417,297420,3,0
297417,297417,297420,3,0
297417,297417,297420,3,0
297417,297417,297420,3,0
297417,297417,297419,2,0
297417,297417,297420,3,0
297417,297417,297419,2,0
297417,297417,297419,2,0
297417,297417,297420,3,0
297417,297417,297419,2,0
297417,297417,297420,3,0
297417,297417,297420,3,0
297417,297417,297420,3,0
297417,297417,297419,2,0
297417,297417,297420,3,0
297417,297417,297420,3,0
297417,297417,297419,2,0
297417,297417,297420,3,0
297417,297417,297421,4,0
297417,297417,297420,3,0
297417,297417,297420,3,0
297422,297422,297424,2,0
297422,297422,297424,2,0
297422,297422,297424,2,0
297422,297422,297424,2,0
297422,297422,297425,3,0
297422,297422,297425,3,0
297422,297422,297425,3,0
297422,297422,297425,3,0
297422,297422,297425,3,0
297422,297422,297425,3,0
297422,297422,297424,2,0
297422,297422,297425,3,0
297422,297422,297425,3,0
297422,297422,297424,2,0
297422,297422,297425,3,0
297422,297422,297425,3,0
297422,297422,297424,2,0
297422,297422,297425,3,0
297422,297422,297425,3,0
297422,297422,297424,2,0
297422,297422,297425,3,0
297422,297422,297425,3,0
297422,297422,297425,3,0
297422,297422,297425,3,0
297422,297422,297425,3,0
297422,297422,297425,3,0
297422,297422,297426,4,0
297422,297422,297426,4,0
297422,297422,297426,4,0
297422,297422,297428,6,0
297422,297422,297428,6,0
297422,297422,297427,5,0
297429,297429,297431,2,0
297429,297429,297431,2,0
297429,297429,297431,2,0
297429,297429,297432,3,0
297429,297429,297432,3,0
297429,297429,297432,3,0
297429,297429,297432,3,0
297429,297429,297432,3,0
297429,297429,297432,3,0
297429,297429,297432,3,0
297429,297429,297432,3,0
297429,297429,297432,3,0
297429,297429,297432,3,0
297429,297429,297432,3,0
297429,297429,297432,3,0
297429,297429,297432,3,0
297429,297429,297432,3,0
297429,297429,297432,3,0
297429,297429,297432,3,0
297429,297429,297432,3,0
297429,297429,297432,3,0
297429,297429,297432,3,0
297429,297429,297432,3,0
297429,297429,297432,3,0
297429,297429,297432,3,0
297429,297429,297432,3,0
297429,297429,297432,3,0
297429,297429,297432,3,0
297429,297429,297432,3,0
297429,297429,297432,3,0
297429,297429,297433,4,0
297429,297429,297433,4,0
297435,297435,297437,2,0
297435,297435,297437,2,0
297435,297435,297437,2,0
297435,297435,297437,2,0
297435,297435,297437,2,0
297435,297435,297437,2,0
297435,297435,297438,3,0
297435,297435,297438,3,0
297435,297435,297437,2,0
297435,297435,297437,2,0
297435,297435,297437,2,0
297435,297435,297437,2,0
297435,297435,297438,3,0
297435,297435,297438,3,0
297435,297435,297438,3,0
297435,297435,297437,2,0
297435,297435,297437,2,0
297435,297435,297438,3,0
297435,297435,297438,3,0
297435,297435,297437,2,0
297435,297435,297438,3,0
297435,297435,297437,2,0
297435,297435,297438,3,0
297435,297435,297438,3,0
297435,297435,297437,2,0
297435,297435,297438,3,0
297435,297435,297437,2,0
297435,297435,297438,3,0
297435,297435,297438,3,0
297435,297435,297438,3,0
297435,297435,297438,3,0
297435,297435,297438,3,0
297440,297440,297442,2,0
297440,297440,297442,2,0
297440,297440,297442,2,0
297440,297440,297442,2,0
297440,297440,297442,2,0
297440,297440,297442,2,0
297440,297440,297442,2,0
297440,297440,297443,3,0
297440,297440,297443,3,0
297440,297440,297442,2,0
297440,297440,297442,2,0
297440,297440,297442,2,0
297440,297440,297443,3,0
297440,297440,297442,2,0
297440,297440,297443,3,0
297440,297440,297443,3,0
297440,297440,297442,2,0
297440,297440,297443,3,0
297440,297440,297443,3,0
297440,297440,297443,3,0
297440,297440,297443,3,0
297440,297440,297443,3,0
297440,297440,297443,3,0
297440,297440,297443,3,0
297440,297440,297442,2,0
297440,297440,297443,3,0
297440,297440,297443,3,0
297440,297440,297443,3,0
297440,297440,297444,4,0
297440,297440,297444,4,0
297440,297440,297444,4,0
297440,297440,297444,4,0
297445,297446,297447,1,1
297445,297446,297448,2,1
297445,297446,297447,1,1
297445,297446,297447,1,1
297445,297446,297447,1,1
297445,297446,297447,1,1
297445,297446,297447,1,1
297445,297446,297447,1,1
297445,297446,297448,2,1
297445,297446,297448,2,1
297445,297446,297448,2,1
297445,297446,297448,2,1
297445,297446,297448,2,1
297445,297446,297448,2,1
297445,297446,297448,2,1
297445,297446,297448,2,1
297445,297446,297448,2,1
297445,297446,297448,2,1
297445,297446,297448,2,1
297445,297446,297448,2,1
297445,297446,297448,2,1
297445,297446,297448,2,1
297445,297446,297449,3,1
297445,297446,297448,2,1
297445,297446,297448,2,1
297445,297446,297448,2,1
297445,297446,297448,2,1
297445,297446,297448,2,1
297445,297446,297448,2,1
297445,297446,297448,2,1
297445,297446,297449,3,1
297445,297446,297448,2,1
297450,297450,297452,2,0
297450,297450,297451,1,0
297450,297450,297451,1,0
297450,297450,297452,2,0
297450,297450,297452,2,0
297450,297450,297453,3,0
297450,297450,297452,2,0
297450,297450,297452,2,0
297450,297450,297453,3,0
297450,297450,297452,2,0
297450,297450,297452,2,0
297450,297450,297453,3,0
297450,297450,297452,2,0
297450,297450,297452,2,0
297450,297450,297452,2,0
297450,297450,297452,2,0
297450,297450,297453,3,0
297450,297450,297452,2,0
297450,297450,297452,2,0
297450,297450,297453,3,0
297450,297450,297452,2,0
297450,297450,297452,2,0
297450,297450,297452,2,0
297450,297450,297452,2,0
297450,297450,297453,3,0
297450,297450,297453,3,0
297450,297450,297453,3,0
297450,297450,297453,3,0
297450,297450,297453,3,0
297450,297450,297453,3,0
297450,297450,297453,3,0
297450,297450,297453,3,0
297455,297455,297457,2,0
297455,297455,297457,2,0
297455,297455,297457,2,0
297455,297455,297457,2,0
297455,297455,297457,2,0
297455,297455,297457,2,0
297455,297455,297458,3,0
297455,297455,297458,3,0
297455,297455,297458,3,0
297455,297455,297457,2,0
297455,297455,297458,3,0
297455,297455,297458,3,0
297455,297455,297458,3,0
297455,297455,297458,3,0
297455,297455,297458,3,0
297455,297455,297458,3,0
297455,297455,297458,3,0
297455,297455,297458,3,0
297455,297455,297458,3,0
297455,297455,297457,2,0
297455,297455,297458,3,0
297455,297455,297457,2,0
297455,297455,297458,3,0
297455,297455,297458,3,0
297455,297455,297457,2,0
297455,297455,297458,3,0
297455,297455,297458,3,0
297455,297455,297458,3,0
297455,297455,297458,3,0
297455,297455,297458,3,0
297455,297455,297458,3,0
297455,297455,297458,3,0
297460,297461,297462,1,1
297460,297461,297462,1,1
297460,297461,297462,1,1
297460,297461,297462,1,1
297460,297460,297462,2,0
297460,297461,297462,1,1
297460,297461,297463,2,1
297460,297461,297463,2,1
297460,297461,297463,2,1
297460,297461,297463,2,1
297460,297461,297463,2,1
297460,297461,297463,2,1
297460,297461,297463,2,1
297460,297461,297463,2,1
297460,297461,297463,2,1
297460,297461,297463,2,1
297460,297461,297463,2,1
297460,297461,297463,2,1
297460,297461,297463,2,1
297460,297461,297463,2,1
297460,297461,297463,2,1
297460,297461,297463,2,1
297460,297461,297463,2,1
297460,297461,297463,2,1
297460,297461,297463,2,1
297460,297461,297463,2,1
297460,297461,297463,2,1
297460,297461,297463,2,1
297460,297461,297463,2,1
297460,297461,297463,2,1
297460,297461,297463,2,1
297460,297461,297463,2,1
297465,297465,297466,1,0
297465,297465,297467,2,0
297465,297465,297467,2,0
297465,297465,297466,1,0
297465,297465,297466,1,0
297465,297465,297466,1,0
297465,297465,297467,2,0
297465,297465,297467,2,0
297465,297465,297466,1,0
297465,297465,297467,2,0
297465,297465,297467,2,0
297465,297465,297467,2,0
297465,297465,297467,2,0
297465,297465,297467,2,0
297465,297465,297467,2,0
297465,297465,297467,2,0
297465,297465,297467,2,0
297465,297465,297467,2,0
297465,297465,297467,2,0
297465,297465,297467,2,0
297465,297465,297467,2,0
297465,297465,297467,2,0
297465,297465,297467,2,0
297465,297465,297467,2,0
297465,297465,297467,2,0
297465,297465,297467,2,0
297465,297465,297469,4,0
297465,297465,297469,4,0
297465,297465,297469,4,0
297465,297465,297469,4,0
297465,297465,297469,4,0
297465,297465,297469,4,0
297471,297471,297473,2,0
297471,297471,297472,1,0
297471,297471,297473,2,0
297471,297471,297473,2,0
297471,297471,297473,2,0
297471,297471,297473,2,0
297471,297471,297474,3,0
297471,297471,297473,2,0
297471,297471,297474,3,0
297471,297471,297473,2,0
297471,297471,297474,3,0
297471,297471,297473,2,0
297471,297471,297473,2,0
297471,297471,297474,3,0
297471,297471,297473,2,0
297471,297471,297474,3,0
297471,297471,297474,3,0
297471,297471,297473,2,0
297471,297471,297473,2,0
297471,297471,297473,2,0
297471,297471,297473,2,0
297471,297471,297473,2,0
297471,297471,297473,2,0
297471,297471,297473,2,0
297471,297471,297474,3,0
297471,297471,297474,3,0
297471,297471,297474,3,0
297471,297471,297474,3,0
297471,297471,297474,3,0
297471,297471,297474,3,0
297471,297471,297474,3,0
297471,297471,297474,3,0
297476,297476,297478,2,0
297476,297476,297478,2,0
297476,297476,297478,2,0
297476,297476,297478,2,0
297476,297476,297478,2,0
297476,297476,297479,3,0
297476,297476,297478,2,0
297476,297476,297479,3,0
297476,297476,297479,3,0
297476,297476,297479,3,0
297476,297476,297479,3,0
297476,297476,297479,3,0
297476,297476,297479,3,0
297476,297476,297479,3,0
297476,297476,297479,3,0
297476,297476,297479,3,0
297476,297476,297479,3,0
297476,297476,297479,3,0
297476,297476,297479,3,0
297476,297476,297479,3,0
297476,297476,297478,2,0
297476,297476,297479,3,0
297476,297476,297479,3,0
297476,297476,297479,3,0
297476,297476,297479,3,0
297476,297476,297479,3,0
297476,297476,297479,3,0
297476,297476,297479,3,0
297476,297476,297479,3,0
297476,297476,297479,3,0
297476,297476,297479,3,0
297476,297476,297479,3,0
297480,297480,297482,2,0
297480,297480,297482,2,0
297480,297480,297482,2,0
297480,297480,297482,2,0
297480,297480,297482,2,0
297480,297480,297482,2,0
297480,297480,297482,2,0
297480,297480,297483,3,0
297480,297480,297482,2,0
297480,297480,297482,2,0
297480,297480,297483,3,0
297480,297480,297483,3,0
297480,297480,297483,3,0
297480,297480,297483,3,0
297480,297480,297483,3,0
297480,297480,297483,3,0
297480,297480,297483,3,0
297480,297480,297483,3,0
297480,297480,297483,3,0
297480,297480,297483,3,0
297480,297480,297483,3,0
297480,297480,297483,3,0
297480,297480,297483,3,0
297480,297480,297483,3,0
297480,297480,297483,3,0
297480,297480,297483,3,0
297480,297480,297483,3,0
297480,297480,297483,3,0
297480,297480,297483,3,0
297480,297480,297483,3,0
297480,297480,297483,3,0
297480,297480,297483,3,0
297484,297484,297486,2,0
297484,297484,297486,2,0
297484,297484,297486,2,0
297484,297484,297486,2,0
297484,297484,297487,3,0
297484,297484,297487,3,0
297484,297484,297487,3,0
297484,297484,297487,3,0
297484,297484,297487,3,0
297484,297484,297486,2,0
297484,297484,297487,3,0
297484,297484,297487,3,0
297484,297484,297487,3,0
297484,297484,297487,3,0
297484,297484,297487,3,0
297484,297484,297487,3,0
297484,297484,297487,3,0
297484,297484,297487,3,0
297484,297484,297487,3,0
297484,297484,297487,3,0
297484,297484,297487,3,0
297484,297484,297487,3,0
297484,297484,297487,3,0
297484,297484,297487,3,0
297484,297484,297487,3,0
297484,297484,297487,3,0
297484,297484,297487,3,0
297484,297484,297487,3,0
297484,297484,297487,3,0
297484,297484,297487,3,0
297484,297484,297487,3,0
297484,297484,297487,3,0
297488,297488,297490,2,0
297488,297488,297490,2,0
297488,297488,297490,2,0
297488,297488,297490,2,0
297488,297488,297490,2,0
297488,297488,297490,2,0
297488,297488,297491,3,0
297488,297488,297491,3,0
297488,297488,297490,2,0
297488,297488,297490,2,0
297488,297488,297491,3,0
297488,297488,297491,3,0
297488,297488,297491,3,0
297488,297488,297491,3,0
297488,297488,297491,3,0
297488,297488,297491,3,0
297488,297488,297491,3,0
297488,297488,297491,3,0
297488,297488,297491,3,0
297488,297488,297491,3,0
297488,297488,297491,3,0
297488,297488,297491,3,0
297488,297488,297491,3,0
297488,297488,297491,3,0
297488,297488,297491,3,0
297488,297488,297491,3,0
297488,297488,297491,3,0
297488,297488,297491,3,0
297488,297488,297491,3,0
297488,297488,297491,3,0
297488,297488,297491,3,0
297488,297488,297491,3,0
297492,297492,297494,2,0
297492,297492,297494,2,0
297492,297492,297495,3,0
297492,297492,297495,3,0
297492,297492,297495,3,0
297492,297492,297495,3,0
297492,297492,297495,3,0
297492,297492,297495,3,0
297492,297492,297495,3,0
297492,297492,297495,3,0
297492,297492,297495,3,0
297492,297492,297495,3,0
297492,297492,297495,3,0
297492,297492,297495,3,0
297492,297492,297495,3,0
297492,297492,297495,3,0
297492,297492,297495,3,0
297492,297492,297495,3,0
297492,297492,297495,3,0
297492,297492,297495,3,0
297492,297492,297494,2,0
297492,297492,297495,3,0
297492,297492,297495,3,0
297492,297492,297495,3,0
297492,297492,297495,3,0
297492,297492,297495,3,0
297492,297492,297495,3,0
297492,297492,297494,2,0
297492,297492,297495,3,0
297492,297492,297495,3,0
297492,297492,297495,3,0
297492,297492,297495,3,0
297498,297498,297499,1,0
297498,297498,297500,2,0
297498,297498,297499,1,0
297498,297498,297500,2,0
297498,297498,297499,1,0
297498,297498,297500,2,0
297498,297498,297500,2,0
297498,297498,297500,2,0
297498,297498,297500,2,0
297498,297498,297500,2,0
297498,297498,297500,2,0
297498,297498,297500,2,0
297498,297498,297500,2,0
297498,297498,297500,2,0
297498,297498,297500,2,0
297498,297498,297500,2,0
297498,297498,297500,2,0
297498,297498,297500,2,0
297498,297498,297500,2,0
297498,297498,297500,2,0
297498,297498,297500,2,0
297498,297498,297500,2,0
297498,297498,297500,2,0
297498,297498,297501,3,0
297498,297498,297500,2,0
297498,297498,297500,2,0
297498,297498,297501,3,0
297498,297498,297500,2,0
297498,297498,297500,2,0
297498,297498,297500,2,0
297498,297498,297500,2,0
297498,297498,297500,2,0
297502,297502,297504,2,0
297502,297502,297503,1,0
297502,297502,297504,2,0
297502,297502,297503,1,0
297502,297502,297504,2,0
297502,297502,297504,2,0
297502,297502,297504,2,0
297502,297502,297505,3,0
297502,297502,297504,2,0
297502,297502,297505,3,0
297502,297502,297505,3,0
297502,297502,297505,3,0
297502,297502,297505,3,0
297502,297502,297505,3,0
297502,297502,297504,2,0
297502,297502,297505,3,0
297502,297502,297504,2,0
297502,297502,297504,2,0
297502,297502,297505,3,0
297502,297502,297505,3,0
297502,297502,297505,3,0
297502,297502,297504,2,0
297502,297502,297505,3,0
297502,297502,297505,3,0
297502,297502,297505,3,0
297502,297502,297505,3,0
297502,297502,297505,3,0
297502,297502,297505,3,0
297502,297502,297505,3,0
297502,297502,297505,3,0
297502,297502,297504,2,0
297502,297502,297505,3,0
297506,297506,297508,2,0
297506,297506,297508,2,0
297506,297506,297507,1,0
297506,297506,297508,2,0
297506,297506,297507,1,0
297506,297506,297508,2,0
297506,297506,297507,1,0
297506,297506,297508,2,0
297506,297506,297508,2,0
297506,297506,297507,1,0
297506,297506,297509,3,0
297506,297506,297508,2,0
297506,297506,297508,2,0
297506,297506,297508,2,0
297506,297506,297508,2,0
297506,297506,297509,3,0
297506,297506,297508,2,0
297506,297506,297508,2,0
297506,297506,297509,3,0
297506,297506,297508,2,0
297506,297506,297508,2,0
297506,297506,297508,2,0
297506,297506,297508,2,0
297506,297506,297509,3,0
297506,297506,297509,3,0
297506,297506,297508,2,0
297506,297506,297511,5,0
297506,297506,297512,6,0
297506,297506,297512,6,0
297506,297506,297511,5,0
297506,297506,297511,5,0
297506,297506,297511,5,0
297513,297513,297515,2,0
297513,297513,297515,2,0
297513,297513,297515,2,0
297513,297513,297515,2,0
297513,297513,297515,2,0
297513,297513,297515,2,0
297513,297513,297515,2,0
297513,297513,297515,2,0
297513,297513,297515,2,0
297513,297513,297515,2,0
297513,297513,297515,2,0
297513,297513,297516,3,0
297513,297513,297515,2,0
297513,297513,297516,3,0
297513,297513,297516,3,0
297513,297513,297515,2,0
297513,297513,297515,2,0
297513,297513,297516,3,0
297513,297513,297516,3,0
297513,297513,297516,3,0
297513,297513,297516,3,0
297513,297513,297516,3,0
297513,297513,297516,3,0
297513,297513,297516,3,0
297513,297513,297516,3,0
297513,297513,297516,3,0
297513,297513,297516,3,0
297513,297513,297516,3,0
297513,297513,297515,2,0
297513,297513,297516,3,0
297513,297513,297516,3,0
297513,297513,297516,3,0
297517,297518,297519,1,1
297517,297518,297519,1,1
297517,297518,297519,1,1
297517,297518,297520,2,1
297517,297518,297519,1,1
297517,297518,297519,1,1
297517,297518,297519,1,1
297517,297518,297520,2,1
297517,297518,297519,1,1
297517,297518,297520,2,1
297517,297518,297520,2,1
297517,297518,297520,2,1
297517,297518,297520,2,1
297517,297518,297520,2,1
297517,297518,297520,2,1
297517,297518,297520,2,1
297517,297518,297520,2,1
297517,297518,297520,2,1
297517,297518,297520,2,1
297517,297518,297520,2,1
297517,297518,297521,3,1
297517,297518,297520,2,1
297517,297518,297520,2,1
297517,297518,297520,2,1
297517,297518,297520,2,1
297517,297518,297520,2,1
297517,297518,297520,2,1
297517,297518,297520,2,1
297517,297518,297520,2,1
297517,297518,297520,2,1
297517,297518,297520,2,1
297517,297518,297521,3,1
297523,297523,297525,2,0
297523,297523,297525,2,0
297523,297523,297525,2,0
297523,297523,297524,1,0
297523,297523,297525,2,0
297523,297523,297525,2,0
297523,297523,297524,1,0
297523,297523,297525,2,0
297523,297523,297525,2,0
297523,297523,297525,2,0
297523,297523,297525,2,0
297523,297523,297525,2,0
297523,297523,297525,2,0
297523,297523,297525,2,0
297523,297523,297525,2,0
297523,297523,297525,2,0
297523,297523,297525,2,0
297523,297523,297525,2,0
297523,297523,297526,3,0
297523,297523,297525,2,0
297523,297523,297525,2,0
297523,297523,297525,2,0
297523,297523,297525,2,0
297523,297523,297525,2,0
297523,297523,297525,2,0
297523,297523,297526,3,0
297523,297523,297525,2,0
297523,297523,297525,2,0
297523,297523,297525,2,0
297523,297523,297525,2,0
297523,297523,297525,2,0
297523,297523,297525,2,0
297527,297527,297529,2,0
297527,297527,297529,2,0
297527,297527,297529,2,0
297527,297527,297529,2,0
297527,297527,297529,2,0
297527,297527,297529,2,0
297527,297527,297529,2,0
297527,297527,297529,2,0
297527,297527,297529,2,0
297527,297527,297530,3,0
297527,297527,297530,3,0
297527,297527,297530,3,0
297527,297527,297529,2,0
297527,297527,297530,3,0
297527,297527,297530,3,0
297527,297527,297530,3,0
297527,297527,297530,3,0
297527,297527,297530,3,0
297527,297527,297529,2,0
297527,297527,297530,3,0
297527,297527,297530,3,0
297527,297527,297530,3,0
297527,297527,297530,3,0
297527,297527,297530,3,0
297527,297527,297530,3,0
297527,297527,297530,3,0
297527,297527,297530,3,0
297527,297527,297530,3,0
297527,297527,297530,3,0
297527,297527,297530,3,0
297527,297527,297530,3,0
297527,297527,297530,3,0
297531,297531,297533,2,0
297531,297531,297533,2,0
297531,297531,297533,2,0
297531,297531,297533,2,0
297531,297531,297534,3,0
297531,297531,297533,2,0
297531,297531,297533,2,0
297531,297531,297534,3,0
297531,297531,297533,2,0
297531,297531,297533,2,0
297531,297531,297534,3,0
297531,297531,297533,2,0
297531,297531,297534,3,0
297531,297531,297533,2,0
297531,297531,297533,2,0
297531,297531,297533,2,0
297531,297531,297534,3,0
297531,297531,297534,3,0
297531,297531,297533,2,0
297531,297531,297534,3,0
297531,297531,297533,2,0
297531,297531,297534,3,0
297531,297531,297534,3,0
297531,297531,297534,3,0
297531,297531,297534,3,0
297531,297531,297534,3,0
297531,297531,297534,3,0
297531,297531,297534,3,0
297531,297531,297535,4,0
297531,297531,297535,4,0
297531,297531,297534,3,0
297531,297531,297534,3,0
297536,297536,297538,2,0
297536,297536,297538,2,0
297536,297536,297538,2,0
297536,297536,297538,2,0
297536,297536,297539,3,0
297536,297536,297539,3,0
297536,297536,297539,3,0
297536,297536,297539,3,0
297536,297536,297539,3,0
297536,297536,297539,3,0
297536,297536,297539,3,0
297536,297536,297539,3,0
297536,297536,297539,3,0
297536,297536,297539,3,0
297536,297536,297539,3,0
297536,297536,297539,3,0
297536,297536,297539,3,0
297536,297536,297539,3,0
297536,297536,297539,3,0
297536,297536,297539,3,0
297536,297536,297539,3,0
297536,297536,297539,3,0
297536,297536,297539,3,0
297536,297536,297539,3,0
297536,297536,297539,3,0
297536,297536,297539,3,0
297536,297536,297539,3,0
297536,297536,297539,3,0
297536,297536,297539,3,0
297536,297536,297539,3,0
297536,297536,297539,3,0
297536,297536,297540,4,0
297541,297541,297543,2,0
297541,297541,297543,2,0
297541,297541,297543,2,0
297541,297541,297543,2,0
297541,297541,297543,2,0
297541,297541,297543,2,0
297541,297541,297543,2,0
297541,297541,297543,2,0
297541,297541,297544,3,0
297541,297541,297544,3,0
297541,297541,297544,3,0
297541,297541,297544,3,0
297541,297541,297544,3,0
297541,297541,297544,3,0
297541,297541,297544,3,0
297541,297541,297544,3,0
297541,297541,297544,3,0
297541,297541,297544,3,0
297541,297541,297544,3,0
297541,297541,297544,3,0
297541,297541,297544,3,0
297541,297541,297544,3,0
297541,297541,297544,3,0
297541,297541,297544,3,0
297541,297541,297544,3,0
297541,297541,297544,3,0
297541,297541,297544,3,0
297541,297541,297544,3,0
297541,297541,297544,3,0
297541,297541,297545,4,0
297541,297541,297545,4,0
297541,297541,297545,4,0
297547,297547,297549,2,0
297547,297547,297549,2,0
297547,297547,297549,2,0
297547,297547,297549,2,0
297547,297547,297549,2,0
297547,297547,297548,1,0
297547,297547,297550,3,0
297547,297547,297549,2,0
297547,297547,297550,3,0
297547,297547,297550,3,0
297547,297547,297550,3,0
297547,297547,297549,2,0
297547,297547,297549,2,0
297547,297547,297550,3,0
297547,297547,297549,2,0
297547,297547,297550,3,0
297547,297547,297549,2,0
297547,297547,297550,3,0
297547,297547,297550,3,0
297547,297547,297549,2,0
297547,297547,297549,2,0
297547,297547,297550,3,0
297547,297547,297550,3,0
297547,297547,297549,2,0
297547,297547,297550,3,0
297547,297547,297549,2,0
297547,297547,297549,2,0
297547,297547,297550,3,0
297547,297547,297553,6,0
297547,297547,297553,6,0
297547,297547,297554,7,0
297547,297547,297553,6,0
297555,297555,297557,2,0
297555,297555,297557,2,0
297555,297555,297556,1,0
297555,297555,297556,1,0
297555,297555,297557,2,0
297555,297555,297558,3,0
297555,297555,297557,2,0
297555,297555,297558,3,0
297555,297555,297557,2,0
297555,297555,297558,3,0
297555,297555,297558,3,0
297555,297555,297558,3,0
297555,297555,297558,3,0
297555,297555,297557,2,0
297555,297555,297558,3,0
297555,297555,297558,3,0
297555,297555,297558,3,0
297555,297555,297557,2,0
297555,297555,297558,3,0
297555,297555,297558,3,0
297555,297555,297558,3,0
297555,297555,297558,3,0
297555,297555,297558,3,0
297555,297555,297558,3,0
297555,297555,297558,3,0
297555,297555,297557,2,0
297555,297555,297558,3,0
297555,297555,297558,3,0
297555,297555,297557,2,0
297555,297555,297558,3,0
297555,297555,297558,3,0
297555,297555,297558,3,0
297560,297560,297562,2,0
297560,297560,297561,1,0
297560,297560,297562,2,0
297560,297560,297562,2,0
297560,297560,297563,3,0
297560,297560,297562,2,0
297560,297560,297563,3,0
297560,297560,297563,3,0
297560,297560,297563,3,0
297560,297560,297562,2,0
297560,297560,297563,3,0
297560,297560,297562,2,0
297560,297560,297563,3,0
297560,297560,297563,3,0
297560,297560,297562,2,0
297560,297560,297562,2,0
297560,297560,297563,3,0
297560,297560,297563,3,0
297560,297560,297562,2,0
297560,297560,297563,3,0
297560,297560,297563,3,0
297560,297560,297563,3,0
297560,297560,297563,3,0
297560,297560,297563,3,0
297560,297560,297563,3,0
297560,297560,297563,3,0
297560,297560,297563,3,0
297560,297560,297563,3,0
297560,297560,297563,3,0
297560,297560,297564,4,0
297560,297560,297563,3,0
297560,297560,297563,3,0
297566,297566,297567,1,0
297566,297566,297567,1,0
297566,297566,297567,1,0
297566,297566,297567,1,0
297566,297566,297567,1,0
297566,297566,297569,3,0
297566,297566,297568,2,0
297566,297566,297568,2,0
297566,297566,297568,2,0
297566,297566,297568,2,0
297566,297566,297569,3,0
297566,297566,297569,3,0
297566,297566,297568,2,0
297566,297566,297568,2,0
297566,297566,297568,2,0
297566,297566,297569,3,0
297566,297566,297568,2,0
297566,297566,297568,2,0
297566,297566,297568,2,0
297566,297566,297569,3,0
297566,297566,297569,3,0
297566,297566,297568,2,0
297566,297566,297568,2,0
297566,297566,297568,2,0
297566,297566,297568,2,0
297566,297566,297568,2,0
297566,297566,297568,2,0
297566,297566,297568,2,0
297566,297566,297568,2,0
297566,297566,297568,2,0
297566,297566,297569,3,0
297566,297566,297569,3,0
297571,297571,297573,2,0
297571,297571,297572,1,0
297571,297571,297573,2,0
297571,297571,297572,1,0
297571,297571,297573,2,0
297571,297571,297573,2,0
297571,297571,297574,3,0
297571,297571,297574,3,0
297571,297571,297573,2,0
297571,297571,297574,3,0
297571,297571,297573,2,0
297571,297571,297573,2,0
297571,297571,297574,3,0
297571,297571,297574,3,0
297571,297571,297573,2,0
297571,297571,297574,3,0
297571,297571,297574,3,0
297571,297571,297573,2,0
297571,297571,297574,3,0
297571,297571,297573,2,0
297571,297571,297574,3,0
297571,297571,297574,3,0
297571,297571,297573,2,0
297571,297571,297574,3,0
297571,297571,297574,3,0
297571,297571,297574,3,0
297571,297571,297573,2,0
297571,297571,297574,3,0
297571,297571,297574,3,0
297571,297571,297575,4,0
297571,297571,297574,3,0
297571,297571,297574,3,0
297576,297576,297578,2,0
297576,297576,297578,2,0
297576,297576,297579,3,0
297576,297576,297579,3,0
297576,297576,297579,3,0
297576,297576,297578,2,0
297576,297576,297579,3,0
297576,297576,297579,3,0
297576,297576,297578,2,0
297576,297576,297579,3,0
297576,297576,297579,3,0
297576,297576,297578,2,0
297576,297576,297579,3,0
297576,297576,297579,3,0
297576,297576,297579,3,0
297576,297576,297579,3,0
297576,297576,297579,3,0
297576,297576,297578,2,0
297576,297576,297578,2,0
297576,297576,297579,3,0
297576,297576,297579,3,0
297576,297576,297578,2,0
297576,297576,297578,2,0
297576,297576,297579,3,0
297576,297576,297579,3,0
297576,297576,297579,3,0
297576,297576,297579,3,0
297576,297576,297579,3,0
297576,297576,297579,3,0
297576,297576,297579,3,0
297576,297576,297579,3,0
297576,297576,297579,3,0
297582,297582,297583,1,0
297582,297582,297584,2,0
297582,297582,297583,1,0
297582,297582,297583,1,0
297582,297582,297583,1,0
297582,297582,297584,2,0
297582,297582,297584,2,0
297582,297582,297584,2,0
297582,297582,297584,2,0
297582,297582,297584,2,0
297582,297582,297584,2,0
297582,297582,297584,2,0
297582,297582,297584,2,0
297582,297582,297584,2,0
297582,297582,297584,2,0
297582,297582,297584,2,0
297582,297582,297584,2,0
297582,297582,297584,2,0
297582,297582,297584,2,0
297582,297582,297584,2,0
297582,297582,297584,2,0
297582,297582,297585,3,0
297582,297582,297584,2,0
297582,297582,297584,2,0
297582,297582,297584,2,0
297582,297582,297584,2,0
297582,297582,297584,2,0
297582,297582,297584,2,0
297582,297582,297584,2,0
297582,297582,297584,2,0
297582,297582,297585,3,0
297582,297582,297585,3,0
297587,297587,297588,1,0
297587,297587,297589,2,0
297587,297587,297589,2,0
297587,297587,297588,1,0
297587,297587,297588,1,0
297587,297587,297589,2,0
297587,297587,297588,1,0
297587,297587,297588,1,0
297587,297587,297589,2,0
297587,297587,297589,2,0
297587,297587,297589,2,0
297587,297587,297589,2,0
297587,297587,297589,2,0
297587,297587,297589,2,0
297587,297587,297589,2,0
297587,297587,297589,2,0
297587,297587,297589,2,0
297587,297587,297589,2,0
297587,297587,297589,2,0
297587,297587,297589,2,0
297587,297587,297589,2,0
297587,297587,297589,2,0
297587,297587,297589,2,0
297587,297587,297589,2,0
297587,297587,297589,2,0
297587,297587,297590,3,0
297587,297587,297590,3,0
297587,297587,297589,2,0
297587,297587,297589,2,0
297587,297587,297590,3,0
297587,297587,297589,2,0
297587,297587,297590,3,0
297592,297592,297594,2,0
297592,297592,297594,2,0
297592,297592,297593,1,0
297592,297592,297594,2,0
297592,297592,297593,1,0
297592,297592,297593,1,0
297592,297592,297594,2,0
297592,297592,297594,2,0
297592,297592,297594,2,0
297592,297592,297595,3,0
297592,297592,297594,2,0
297592,297592,297594,2,0
297592,297592,297594,2,0
297592,297592,297594,2,0
297592,297592,297594,2,0
297592,297592,297594,2,0
297592,297592,297594,2,0
297592,297592,297594,2,0
297592,297592,297594,2,0
297592,297592,297594,2,0
297592,297592,297594,2,0
297592,297592,297594,2,0
297592,297592,297594,2,0
297592,297592,297594,2,0
297592,297592,297594,2,0
297592,297592,297594,2,0
297592,297592,297597,5,0
297592,297592,297596,4,0
297592,297592,297597,5,0
297592,297592,297597,5,0
297592,297592,297597,5,0
297592,297592,297597,5,0
297599,297599,297601,2,0
297599,297599,297601,2,0
297599,297599,297600,1,0
297599,297599,297601,2,0
297599,297599,297602,3,0
297599,297599,297602,3,0
297599,297599,297601,2,0
297599,297599,297601,2,0
297599,297599,297601,2,0
297599,297599,297601,2,0
297599,297599,297602,3,0
297599,297599,297602,3,0
297599,297599,297602,3,0
297599,297599,297602,3,0
297599,297599,297602,3,0
297599,297599,297602,3,0
297599,297599,297602,3,0
297599,297599,297602,3,0
297599,297599,297602,3,0
297599,297599,297602,3,0
297599,297599,297602,3,0
297599,297599,297602,3,0
297599,297599,297602,3,0
297599,297599,297602,3,0
297599,297599,297602,3,0
297599,297599,297602,3,0
297599,297599,297602,3,0
297599,297599,297602,3,0
297599,297599,297602,3,0
297599,297599,297602,3,0
297599,297599,297602,3,0
297599,297599,297602,3,0
297604,297604,297606,2,0
297604,297604,297606,2,0
297604,297604,297606,2,0
297604,297604,297606,2,0
297604,297604,297606,2,0
297604,297604,297606,2,0
297604,297604,297606,2,0
297604,297604,297606,2,0
297604,297604,297606,2,0
297604,297604,297605,1,0
297604,297604,297607,3,0
297604,297604,297607,3,0
297604,297604,297607,3,0
297604,297604,297607,3,0
297604,297604,297606,2,0
297604,297604,297607,3,0
297604,297604,297607,3,0
297604,297604,297607,3,0
297604,297604,297607,3,0
297604,297604,297607,3,0
297604,297604,297607,3,0
297604,297604,297607,3,0
297604,297604,297607,3,0
297604,297604,297606,2,0
297604,297604,297607,3,0
297604,297604,297607,3,0
297604,297604,297606,2,0
297604,297604,297607,3,0
297604,297604,297607,3,0
297604,297604,297607,3,0
297604,297604,297607,3,0
297604,297604,297607,3,0
297610,297610,297611,1,0
297610,297610,297611,1,0
297610,297610,297611,1,0
297610,297610,297611,1,0
297610,297610,297612,2,0
297610,297610,297612,2,0
297610,297610,297612,2,0
297610,297610,297612,2,0
297610,297610,297612,2,0
297610,297610,297612,2,0
297610,297610,297612,2,0
297610,297610,297612,2,0
297610,297610,297612,2,0
297610,297610,297612,2,0
297610,297610,297612,2,0
297610,297610,297612,2,0
297610,297610,297612,2,0
297610,297610,297612,2,0
297610,297610,297612,2,0
297610,297610,297612,2,0
297610,297610,297612,2,0
297610,297610,297612,2,0
297610,297610,297612,2,0
297610,297610,297612,2,0
297610,297610,297612,2,0
297610,297610,297612,2,0
297610,297610,297612,2,0
297610,297610,297612,2,0
297610,297610,297612,2,0
297610,297610,297612,2,0
297610,297610,297612,2,0
297610,297610,297612,2,0
297614,297614,297616,2,0
297614,297614,297615,1,0
297614,297614,297616,2,0
297614,297614,297615,1,0
297614,297614,297615,1,0
297614,297614,297615,1,0
297614,297614,297615,1,0
297614,297614,297616,2,0
297614,297614,297616,2,0
297614,297614,297616,2,0
297614,297614,297616,2,0
297614,297614,297616,2,0
297614,297614,297616,2,0
297614,297614,297616,2,0
297614,297614,297616,2,0
297614,297614,297616,2,0
297614,297614,297616,2,0
297614,297614,297616,2,0
297614,297614,297616,2,0
297614,297614,297616,2,0
297614,297614,297616,2,0
297614,297614,297616,2,0
297614,297614,297616,2,0
297614,297614,297617,3,0
297614,297614,297616,2,0
297614,297614,297616,2,0
297614,297614,297616,2,0
297614,297614,297616,2,0
297614,297614,297616,2,0
297614,297614,297616,2,0
297614,297614,297616,2,0
297614,297614,297616,2,0
297618,297618,297619,1,0
297618,297618,297619,1,0
297618,297618,297620,2,0
297618,297618,297619,1,0
297618,297618,297620,2,0
297618,297618,297620,2,0
297618,297618,297620,2,0
297618,297618,297620,2,0
297618,297618,297621,3,0
297618,297618,297620,2,0
297618,297618,297621,3,0
297618,297618,297621,3,0
297618,297618,297620,2,0
297618,297618,297621,3,0
297618,297618,297620,2,0
297618,297618,297620,2,0
297618,297618,297620,2,0
297618,297618,297620,2,0
297618,297618,297621,3,0
297618,297618,297621,3,0
297618,297618,297621,3,0
297618,297618,297621,3,0
297618,297618,297620,2,0
297618,297618,297621,3,0
297618,297618,297621,3,0
297618,297618,297620,2,0
297618,297618,297620,2,0
297618,297618,297621,3,0
297618,297618,297620,2,0
297618,297618,297621,3,0
297618,297618,297621,3,0
297618,297618,297621,3,0
297623,297623,297625,2,0
297623,297623,297625,2,0
297623,297623,297625,2,0
297623,297623,297625,2,0
297623,297623,297624,1,0
297623,297623,297625,2,0
297623,297623,297626,3,0
297623,297623,297626,3,0
297623,297623,297626,3,0
297623,297623,297626,3,0
297623,297623,297626,3,0
297623,297623,297626,3,0
297623,297623,297626,3,0
297623,297623,297625,2,0
297623,297623,297625,2,0
297623,297623,297626,3,0
297623,297623,297626,3,0
297623,297623,297626,3,0
297623,297623,297626,3,0
297623,297623,297626,3,0
297623,297623,297626,3,0
297623,297623,297626,3,0
297623,297623,297626,3,0
297623,297623,297625,2,0
297623,297623,297625,2,0
297623,297623,297626,3,0
297623,297623,297626,3,0
297623,297623,297626,3,0
297623,297623,297625,2,0
297623,297623,297626,3,0
297623,297623,297626,3,0
297623,297623,297627,4,0
297628,297628,297630,2,0
297628,297628,297630,2,0
297628,297628,297629,1,0
297628,297628,297630,2,0
297628,297628,297630,2,0
297628,297628,297631,3,0
297628,297628,297631,3,0
297628,297628,297631,3,0
297628,297628,297631,3,0
297628,297628,297631,3,0
297628,297628,297631,3,0
297628,297628,297631,3,0
297628,297628,297631,3,0
297628,297628,297631,3,0
297628,297628,297631,3,0
297628,297628,297631,3,0
297628,297628,297631,3,0
297628,297628,297631,3,0
297628,297628,297631,3,0
297628,297628,297631,3,0
297628,297628,297631,3,0
297628,297628,297631,3,0
297628,297628,297631,3,0
297628,297628,297631,3,0
297628,297628,297631,3,0
297628,297628,297631,3,0
297628,297628,297631,3,0
297628,297628,297631,3,0
297628,297628,297631,3,0
297628,297628,297631,3,0
297628,297628,297631,3,0
297628,297628,297631,3,0
297637,297637,297639,2,0
297637,297637,297639,2,0
297637,297637,297638,1,0
297637,297637,297638,1,0
297637,297637,297638,1,0
297637,297637,297640,3,0
297637,297637,297639,2,0
297637,297637,297639,2,0
297637,297637,297640,3,0
297637,297637,297639,2,0
297637,297637,297639,2,0
297637,297637,297639,2,0
297637,297637,297639,2,0
297637,297637,297639,2,0
297637,297637,297639,2,0
297637,297637,297639,2,0
297637,297637,297639,2,0
297637,297637,297639,2,0
297637,297637,297640,3,0
297637,297637,297640,3,0
297637,297637,297639,2,0
297637,297637,297640,3,0
297637,297637,297639,2,0
297637,297637,297639,2,0
297637,297637,297639,2,0
297637,297637,297639,2,0
297637,297637,297639,2,0
297637,297637,297639,2,0
297637,297637,297640,3,0
297637,297637,297639,2,0
297637,297637,297639,2,0
297637,297637,297640,3,0
297642,297642,297644,2,0
297642,297642,297644,2,0
297642,297642,297645,3,0
297642,297642,297644,2,0
297642,297642,297644,2,0
297642,297642,297644,2,0
297642,297642,297644,2,0
297642,297642,297645,3,0
297642,297642,297644,2,0
297642,297642,297644,2,0
297642,297642,297644,2,0
297642,297642,297645,3,0
297642,297642,297645,3,0
297642,297642,297645,3,0
297642,297642,297644,2,0
297642,297642,297645,3,0
297642,297642,297644,2,0
297642,297642,297645,3,0
297642,297642,297645,3,0
297642,297642,297644,2,0
297642,297642,297645,3,0
297642,297642,297645,3,0
297642,297642,297644,2,0
297642,297642,297645,3,0
297642,297642,297645,3,0
297642,297642,297645,3,0
297642,297642,297645,3,0
297642,297642,297645,3,0
297642,297642,297645,3,0
297642,297642,297645,3,0
297642,297642,297645,3,0
297642,297642,297645,3,0
297647,297647,297649,2,0
297647,297647,297648,1,0
297647,297647,297648,1,0
297647,297647,297649,2,0
297647,297647,297649,2,0
297647,297647,297650,3,0
297647,297647,297649,2,0
297647,297647,297650,3,0
297647,297647,297649,2,0
297647,297647,297649,2,0
297647,297647,297650,3,0
297647,297647,297649,2,0
297647,297647,297650,3,0
297647,297647,297650,3,0
297647,297647,297649,2,0
297647,297647,297650,3,0
297647,297647,297649,2,0
297647,297647,297649,2,0
297647,297647,297650,3,0
297647,297647,297649,2,0
297647,297647,297650,3,0
297647,297647,297650,3,0
297647,297647,297649,2,0
297647,297647,297649,2,0
297647,297647,297650,3,0
297647,297647,297649,2,0
297647,297647,297649,2,0
297647,297647,297650,3,0
297647,297647,297650,3,0
297647,297647,297650,3,0
297647,297647,297650,3,0
297647,297647,297650,3,0
297652,297652,297654,2,0
297652,297652,297654,2,0
297652,297652,297654,2,0
297652,297652,297654,2,0
297652,297652,297654,2,0
297652,297652,297654,2,0
297652,297652,297653,1,0
297652,297652,297654,2,0
297652,297652,297654,2,0
297652,297652,297654,2,0
297652,297652,297654,2,0
297652,297652,297654,2,0
297652,297652,297654,2,0
297652,297652,297655,3,0
297652,297652,297654,2,0
297652,297652,297655,3,0
297652,297652,297654,2,0
297652,297652,297654,2,0
297652,297652,297655,3,0
297652,297652,297654,2,0
297652,297652,297655,3,0
297652,297652,297655,3,0
297652,297652,297654,2,0
297652,297652,297655,3,0
297652,297652,297655,3,0
297652,297652,297655,3,0
297652,297652,297655,3,0
297652,297652,297654,2,0
297652,297652,297654,2,0
297652,297652,297654,2,0
297652,297652,297655,3,0
297652,297652,297654,2,0
297656,297657,297658,1,1
297656,297656,297658,2,0
297656,297657,297658,1,1
297656,297657,297658,1,1
297656,297657,297658,1,1
297656,297657,297658,1,1
297656,297657,297659,2,1
297656,297657,297659,2,1
297656,297657,297659,2,1
297656,297657,297659,2,1
297656,297657,297659,2,1
297656,297657,297659,2,1
297656,297657,297659,2,1
297656,297657,297659,2,1
297656,297657,297659,2,1
297656,297657,297659,2,1
297656,297657,297659,2,1
297656,297657,297659,2,1
297656,297657,297659,2,1
297656,297657,297659,2,1
297656,297657,297659,2,1
297656,297657,297659,2,1
297656,297657,297659,2,1
297656,297657,297659,2,1
297656,297657,297659,2,1
297656,297657,297659,2,1
297656,297657,297659,2,1
297656,297657,297659,2,1
297656,297657,297659,2,1
297656,297657,297659,2,1
297656,297657,297659,2,1
297656,297657,297659,2,1
297660,297661,297662,1,1
297660,297661,297662,1,1
297660,297661,297662,1,1
297660,297661,297662,1,1
297660,297661,297663,2,1
297660,297661,297663,2,1
297660,297661,297663,2,1
297660,297661,297663,2,1
297660,297661,297663,2,1
297660,297661,297663,2,1
297660,297661,297663,2,1
297660,297661,297663,2,1
297660,297661,297663,2,1
297660,297661,297663,2,1
297660,297661,297663,2,1
297660,297661,297663,2,1
297660,297661,297663,2,1
297660,297661,297663,2,1
297660,297661,297663,2,1
297660,297661,297663,2,1
297660,297661,297663,2,1
297660,297661,297663,2,1
297660,297661,297663,2,1
297660,297661,297663,2,1
297660,297661,297663,2,1
297660,297661,297663,2,1
297660,297661,297663,2,1
297660,297661,297663,2,1
297660,297661,297663,2,1
297660,297661,297663,2,1
297660,297661,297663,2,1
297660,297661,297664,3,1
297665,297665,297667,2,0
297665,297665,297667,2,0
297665,297665,297667,2,0
297665,297665,297667,2,0
297665,297665,297667,2,0
297665,297665,297668,3,0
297665,297665,297668,3,0
297665,297665,297667,2,0
297665,297665,297668,3,0
297665,297665,297668,3,0
297665,297665,297668,3,0
297665,297665,297668,3,0
297665,297665,297668,3,0
297665,297665,297668,3,0
297665,297665,297667,2,0
297665,297665,297668,3,0
297665,297665,297668,3,0
297665,297665,297668,3,0
297665,297665,297668,3,0
297665,297665,297668,3,0
297665,297665,297668,3,0
297665,297665,297668,3,0
297665,297665,297667,2,0
297665,297665,297668,3,0
297665,297665,297668,3,0
297665,297665,297668,3,0
297665,297665,297668,3,0
297665,297665,297669,4,0
297665,297665,297669,4,0
297665,297665,297669,4,0
297665,297665,297669,4,0
297665,297665,297669,4,0
297671,297671,297672,1,0
297671,297671,297673,2,0
297671,297671,297673,2,0
297671,297671,297672,1,0
297671,297671,297672,1,0
297671,297671,297672,1,0
297671,297671,297673,2,0
297671,297671,297673,2,0
297671,297671,297673,2,0
297671,297671,297674,3,0
297671,297671,297673,2,0
297671,297671,297673,2,0
297671,297671,297673,2,0
297671,297671,297673,2,0
297671,297671,297673,2,0
297671,297671,297673,2,0
297671,297671,297673,2,0
297671,297671,297673,2,0
297671,297671,297673,2,0
297671,297671,297673,2,0
297671,297671,297673,2,0
297671,297671,297673,2,0
297671,297671,297673,2,0
297671,297671,297673,2,0
297671,297671,297673,2,0
297671,297671,297673,2,0
297671,297671,297673,2,0
297671,297671,297673,2,0
297671,297671,297674,3,0
297671,297671,297673,2,0
297671,297671,297673,2,0
297671,297671,297674,3,0
297677,297677,297678,1,0
297677,297677,297678,1,0
297677,297677,297679,2,0
297677,297677,297678,1,0
297677,297677,297679,2,0
297677,297677,297679,2,0
297677,297677,297680,3,0
297677,297677,297680,3,0
297677,297677,297679,2,0
297677,297677,297679,2,0
297677,297677,297679,2,0
297677,297677,297680,3,0
297677,297677,297679,2,0
297677,297677,297680,3,0
297677,297677,297679,2,0
297677,297677,297680,3,0
297677,297677,297679,2,0
297677,297677,297680,3,0
297677,297677,297679,2,0
297677,297677,297679,2,0
297677,297677,297679,2,0
297677,297677,297679,2,0
297677,297677,297680,3,0
297677,297677,297679,2,0
297677,297677,297680,3,0
297677,297677,297680,3,0
297677,297677,297679,2,0
297677,297677,297681,4,0
297677,297677,297681,4,0
297677,297677,297680,3,0
297677,297677,297681,4,0
297677,297677,297680,3,0
297682,297682,297683,1,0
297682,297682,297684,2,0
297682,297682,297684,2,0
297682,297682,297683,1,0
297682,297682,297683,1,0
297682,297682,297683,1,0
297682,297682,297684,2,0
297682,297682,297684,2,0
297682,297682,297684,2,0
297682,297682,297685,3,0
297682,297682,297684,2,0
297682,297682,297684,2,0
297682,297682,297685,3,0
297682,297682,297684,2,0
297682,297682,297684,2,0
297682,297682,297684,2,0
297682,297682,297684,2,0
297682,297682,297684,2,0
297682,297682,297684,2,0
297682,297682,297684,2,0
297682,297682,297684,2,0
297682,297682,297684,2,0
297682,297682,297684,2,0
297682,297682,297685,3,0
297682,297682,297684,2,0
297682,297682,297684,2,0
297682,297682,297684,2,0
297682,297682,297685,3,0
297682,297682,297684,2,0
297682,297682,297685,3,0
297682,297682,297685,3,0
297682,297682,297684,2,0
297686,297686,297688,2,0
297686,297686,297688,2,0
297686,297686,297687,1,0
297686,297686,297687,1,0
297686,297686,297687,1,0
297686,297686,297689,3,0
297686,297686,297688,2,0
297686,297686,297688,2,0
297686,297686,297689,3,0
297686,297686,297688,2,0
297686,297686,297689,3,0
297686,297686,297689,3,0
297686,297686,297689,3,0
297686,297686,297689,3,0
297686,297686,297688,2,0
297686,297686,297689,3,0
297686,297686,297688,2,0
297686,297686,297689,3,0
297686,297686,297689,3,0
297686,297686,297688,2,0
297686,297686,297689,3,0
297686,297686,297689,3,0
297686,297686,297689,3,0
297686,297686,297688,2,0
297686,297686,297688,2,0
297686,297686,297689,3,0
297686,297686,297689,3,0
297686,297686,297688,2,0
297686,297686,297689,3,0
297686,297686,297689,3,0
297686,297686,297688,2,0
297686,297686,297689,3,0
297691,297691,297693,2,0
297691,297691,297693,2,0
297691,297691,297692,1,0
297691,297691,297694,3,0
297691,297691,297693,2,0
297691,297691,297694,3,0
297691,297691,297694,3,0
297691,297691,297694,3,0
297691,297691,297694,3,0
297691,297691,297694,3,0
297691,297691,297694,3,0
297691,297691,297694,3,0
297691,297691,297694,3,0
297691,297691,297694,3,0
297691,297691,297694,3,0
297691,297691,297693,2,0
297691,297691,297693,2,0
297691,297691,297694,3,0
297691,297691,297694,3,0
297691,297691,297694,3,0
297691,297691,297694,3,0
297691,297691,297694,3,0
297691,297691,297694,3,0
297691,297691,297694,3,0
297691,297691,297693,2,0
297691,297691,297694,3,0
297691,297691,297694,3,0
297691,297691,297694,3,0
297691,297691,297694,3,0
297691,297691,297694,3,0
297691,297691,297694,3,0
297691,297691,297694,3,0
297697,297697,297698,1,0
297697,297697,297698,1,0
297697,297697,297698,1,0
297697,297697,297699,2,0
297697,297697,297699,2,0
297697,297697,297699,2,0
297697,297697,297699,2,0
297697,297697,297699,2,0
297697,297697,297699,2,0
297697,297697,297699,2,0
297697,297697,297699,2,0
297697,297697,297699,2,0
297697,297697,297699,2,0
297697,297697,297699,2,0
297697,297697,297699,2,0
297697,297697,297699,2,0
297697,297697,297699,2,0
297697,297697,297699,2,0
297697,297697,297699,2,0
297697,297697,297699,2,0
297697,297697,297699,2,0
297697,297697,297699,2,0
297697,297697,297699,2,0
297697,297697,297699,2,0
297697,297697,297699,2,0
297697,297697,297700,3,0
297697,297697,297699,2,0
297697,297697,297700,3,0
297697,297697,297700,3,0
297697,297697,297700,3,0
297697,297697,297700,3,0
297697,297697,297700,3,0
297702,297702,297704,2,0
297702,297702,297704,2,0
297702,297702,297704,2,0
297702,297702,297704,2,0
297702,297702,297704,2,0
297702,297702,297704,2,0
297702,297702,297704,2,0
297702,297702,297704,2,0
297702,297702,297705,3,0
297702,297702,297705,3,0
297702,297702,297704,2,0
297702,297702,297705,3,0
297702,297702,297704,2,0
297702,297702,297704,2,0
297702,297702,297705,3,0
297702,297702,297704,2,0
297702,297702,297705,3,0
297702,297702,297705,3,0
297702,297702,297704,2,0
297702,297702,297704,2,0
297702,297702,297705,3,0
297702,297702,297704,2,0
297702,297702,297704,2,0
297702,297702,297705,3,0
297702,297702,297705,3,0
297702,297702,297704,2,0
297702,297702,297705,3,0
297702,297702,297705,3,0
297702,297702,297704,2,0
297702,297702,297705,3,0
297702,297702,297705,3,0
297702,297702,297705,3,0
297707,297708,297709,1,1
297707,297708,297709,1,1
297707,297708,297709,1,1
297707,297708,297710,2,1
297707,297708,297710,2,1
297707,297708,297710,2,1
297707,297708,297710,2,1
297707,297708,297710,2,1
297707,297708,297710,2,1
297707,297708,297710,2,1
297707,297708,297710,2,1
297707,297708,297710,2,1
297707,297708,297711,3,1
297707,297708,297710,2,1
297707,297708,297710,2,1
297707,297708,297710,2,1
297707,297708,297710,2,1
297707,297708,297710,2,1
297707,297708,297710,2,1
297707,297708,297710,2,1
297707,297708,297710,2,1
297707,297708,297710,2,1
297707,297708,297710,2,1
297707,297708,297710,2,1
297707,297708,297710,2,1
297707,297708,297711,3,1
297707,297708,297711,3,1
297707,297708,297711,3,1
297707,297708,297711,3,1
297707,297708,297711,3,1
297707,297708,297711,3,1
297707,297708,297711,3,1
297713,297713,297714,1,0
297713,297713,297715,2,0
297713,297713,297714,1,0
297713,297713,297716,3,0
297713,297713,297715,2,0
297713,297713,297716,3,0
297713,297713,297715,2,0
297713,297713,297715,2,0
297713,297713,297716,3,0
297713,297713,297715,2,0
297713,297713,297715,2,0
297713,297713,297716,3,0
297713,297713,297715,2,0
297713,297713,297716,3,0
297713,297713,297716,3,0
297713,297713,297715,2,0
297713,297713,297715,2,0
297713,297713,297716,3,0
297713,297713,297715,2,0
297713,297713,297715,2,0
297713,297713,297716,3,0
297713,297713,297715,2,0
297713,297713,297716,3,0
297713,297713,297716,3,0
297713,297713,297715,2,0
297713,297713,297716,3,0
297713,297713,297715,2,0
297713,297713,297715,2,0
297713,297713,297715,2,0
297713,297713,297716,3,0
297713,297713,297715,2,0
297713,297713,297716,3,0
297718,297718,297720,2,0
297718,297718,297719,1,0
297718,297718,297720,2,0
297718,297718,297720,2,0
297718,297718,297720,2,0
297718,297718,297720,2,0
297718,297718,297721,3,0
297718,297718,297720,2,0
297718,297718,297720,2,0
297718,297718,297720,2,0
297718,297718,297720,2,0
297718,297718,297721,3,0
297718,297718,297720,2,0
297718,297718,297720,2,0
297718,297718,297721,3,0
297718,297718,297721,3,0
297718,297718,297720,2,0
297718,297718,297721,3,0
297718,297718,297720,2,0
297718,297718,297721,3,0
297718,297718,297720,2,0
297718,297718,297720,2,0
297718,297718,297720,2,0
297718,297718,297720,2,0
297718,297718,297720,2,0
297718,297718,297720,2,0
297718,297718,297720,2,0
297718,297718,297721,3,0
297718,297718,297721,3,0
297718,297718,297720,2,0
297718,297718,297721,3,0
297718,297718,297721,3,0
297723,297723,297725,2,0
297723,297723,297725,2,0
297723,297723,297724,1,0
297723,297723,297724,1,0
297723,297723,297725,2,0
297723,297723,297725,2,0
297723,297723,297725,2,0
297723,297723,297725,2,0
297723,297723,297725,2,0
297723,297723,297725,2,0
297723,297723,297725,2,0
297723,297723,297725,2,0
297723,297723,297725,2,0
297723,297723,297725,2,0
297723,297723,297725,2,0
297723,297723,297725,2,0
297723,297723,297725,2,0
297723,297723,297725,2,0
297723,297723,297725,2,0
297723,297723,297725,2,0
297723,297723,297726,3,0
297723,297723,297725,2,0
297723,297723,297727,4,0
297723,297723,297727,4,0
297723,297723,297726,3,0
297723,297723,297726,3,0
297723,297723,297726,3,0
297723,297723,297728,5,0
297723,297723,297727,4,0
297723,297723,297728,5,0
297723,297723,297728,5,0
297723,297723,297728,5,0
297730,297730,297732,2,0
297730,297730,297733,3,0
297730,297730,297733,3,0
297730,297730,297733,3,0
297730,297730,297733,3,0
297730,297730,297733,3,0
297730,297730,297733,3,0
297730,297730,297733,3,0
297730,297730,297733,3,0
297730,297730,297733,3,0
297730,297730,297733,3,0
297730,297730,297733,3,0
297730,297730,297733,3,0
297730,297730,297732,2,0
297730,297730,297733,3,0
297730,297730,297733,3,0
297730,297730,297733,3,0
297730,297730,297733,3,0
297730,297730,297733,3,0
297730,297730,297733,3,0
297730,297730,297732,2,0
297730,297730,297733,3,0
297730,297730,297733,3,0
297730,297730,297733,3,0
297730,297730,297733,3,0
297730,297730,297734,4,0
297730,297730,297733,3,0
297730,297730,297734,4,0
297730,297730,297734,4,0
297730,297730,297733,3,0
297730,297730,297733,3,0
297730,297730,297733,3,0
297735,297735,297737,2,0
297735,297735,297737,2,0
297735,297735,297737,2,0
297735,297735,297737,2,0
297735,297735,297738,3,0
297735,297735,297738,3,0
297735,297735,297738,3,0
297735,297735,297738,3,0
297735,297735,297738,3,0
297735,297735,297738,3,0
297735,297735,297738,3,0
297735,297735,297737,2,0
297735,297735,297738,3,0
297735,297735,297738,3,0
297735,297735,297737,2,0
297735,297735,297738,3,0
297735,297735,297738,3,0
297735,297735,297738,3,0
297735,297735,297738,3,0
297735,297735,297738,3,0
297735,297735,297738,3,0
297735,297735,297738,3,0
297735,297735,297738,3,0
297735,297735,297738,3,0
297735,297735,297737,2,0
297735,297735,297738,3,0
297735,297735,297738,3,0
297735,297735,297737,2,0
297735,297735,297738,3,0
297735,297735,297738,3,0
297735,297735,297738,3,0
297735,297735,297738,3,0
297740,297740,297742,2,0
297740,297740,297742,2,0
297740,297740,297742,2,0
297740,297740,297742,2,0
297740,297740,297742,2,0
297740,297740,297742,2,0
297740,297740,297742,2,0
297740,297740,297743,3,0
297740,297740,297743,3,0
297740,297740,297743,3,0
297740,297740,297743,3,0
297740,297740,297742,2,0
297740,297740,297743,3,0
297740,297740,297743,3,0
297740,297740,297743,3,0
297740,297740,297743,3,0
297740,297740,297743,3,0
297740,297740,297743,3,0
297740,297740,297743,3,0
297740,297740,297743,3,0
297740,297740,297742,2,0
297740,297740,297743,3,0
297740,297740,297743,3,0
297740,297740,297742,2,0
297740,297740,297743,3,0
297740,297740,297743,3,0
297740,297740,297743,3,0
297740,297740,297743,3,0
297740,297740,297742,2,0
297740,297740,297743,3,0
297740,297740,297743,3,0
297740,297740,297743,3,0
297746,297746,297748,2,0
297746,297746,297747,1,0
297746,297746,297748,2,0
297746,297746,297748,2,0
297746,297746,297747,1,0
297746,297746,297748,2,0
297746,297746,297747,1,0
297746,297746,297748,2,0
297746,297746,297748,2,0
297746,297746,297748,2,0
297746,297746,297748,2,0
297746,297746,297748,2,0
297746,297746,297749,3,0
297746,297746,297748,2,0
297746,297746,297748,2,0
297746,297746,297748,2,0
297746,297746,297748,2,0
297746,297746,297748,2,0
297746,297746,297748,2,0
297746,297746,297748,2,0
297746,297746,297749,3,0
297746,297746,297748,2,0
297746,297746,297748,2,0
297746,297746,297748,2,0
297746,297746,297749,3,0
297746,297746,297749,3,0
297746,297746,297748,2,0
297746,297746,297748,2,0
297746,297746,297748,2,0
297746,297746,297748,2,0
297746,297746,297749,3,0
297746,297746,297749,3,0
297751,297751,297753,2,0
297751,297751,297752,1,0
297751,297751,297753,2,0
297751,297751,297752,1,0
297751,297751,297753,2,0
297751,297751,297753,2,0
297751,297751,297753,2,0
297751,297751,297753,2,0
297751,297751,297753,2,0
297751,297751,297754,3,0
297751,297751,297754,3,0
297751,297751,297754,3,0
297751,297751,297754,3,0
297751,297751,297753,2,0
297751,297751,297754,3,0
297751,297751,297754,3,0
297751,297751,297753,2,0
297751,297751,297753,2,0
297751,297751,297754,3,0
297751,297751,297754,3,0
297751,297751,297754,3,0
297751,297751,297753,2,0
297751,297751,297754,3,0
297751,297751,297753,2,0
297751,297751,297753,2,0
297751,297751,297753,2,0
297751,297751,297754,3,0
297751,297751,297753,2,0
297751,297751,297754,3,0
297751,297751,297754,3,0
297751,297751,297753,2,0
297751,297751,297754,3,0
297756,297756,297758,2,0
297756,297756,297758,2,0
297756,297756,297758,2,0
297756,297756,297758,2,0
297756,297756,297758,2,0
297756,297756,297758,2,0
297756,297756,297758,2,0
297756,297756,297759,3,0
297756,297756,297758,2,0
297756,297756,297758,2,0
297756,297756,297759,3,0
297756,297756,297758,2,0
297756,297756,297758,2,0
297756,297756,297759,3,0
297756,297756,297758,2,0
297756,297756,297759,3,0
297756,297756,297758,2,0
297756,297756,297758,2,0
297756,297756,297758,2,0
297756,297756,297759,3,0
297756,297756,297759,3,0
297756,297756,297758,2,0
297756,297756,297759,3,0
297756,297756,297758,2,0
297756,297756,297758,2,0
297756,297756,297759,3,0
297756,297756,297758,2,0
297756,297756,297758,2,0
297756,297756,297758,2,0
297756,297756,297759,3,0
297756,297756,297759,3,0
297756,297756,297759,3,0
297763,297763,297765,2,0
297763,297763,297765,2,0
297763,297763,297765,2,0
297763,297763,297765,2,0
297763,297763,297764,1,0
297763,297763,297765,2,0
297763,297763,297765,2,0
297763,297763,297765,2,0
297763,297763,297765,2,0
297763,297763,297765,2,0
297763,297763,297766,3,0
297763,297763,297765,2,0
297763,297763,297766,3,0
297763,297763,297765,2,0
297763,297763,297765,2,0
297763,297763,297765,2,0
297763,297763,297766,3,0
297763,297763,297765,2,0
297763,297763,297765,2,0
297763,297763,297765,2,0
297763,297763,297766,3,0
297763,297763,297765,2,0
297763,297763,297765,2,0
297763,297763,297766,3,0
297763,297763,297765,2,0
297763,297763,297765,2,0
297763,297763,297766,3,0
297763,297763,297765,2,0
297763,297763,297765,2,0
297763,297763,297766,3,0
297763,297763,297769,6,0
297763,297763,297769,6,0
297770,297770,297771,1,0
297770,297770,297771,1,0
297770,297770,297772,2,0
297770,297770,297771,1,0
297770,297770,297772,2,0
297770,297770,297772,2,0
297770,297770,297772,2,0
297770,297770,297773,3,0
297770,297770,297772,2,0
297770,297770,297772,2,0
297770,297770,297772,2,0
297770,297770,297773,3,0
297770,297770,297773,3,0
297770,297770,297772,2,0
297770,297770,297773,3,0
297770,297770,297772,2,0
297770,297770,297772,2,0
297770,297770,297772,2,0
297770,297770,297772,2,0
297770,297770,297772,2,0
297770,297770,297773,3,0
297770,297770,297772,2,0
297770,297770,297772,2,0
297770,297770,297773,3,0
297770,297770,297773,3,0
297770,297770,297772,2,0
297770,297770,297773,3,0
297770,297770,297772,2,0
297770,297770,297773,3,0
297770,297770,297772,2,0
297770,297770,297772,2,0
297770,297770,297773,3,0
297775,297775,297777,2,0
297775,297775,297777,2,0
297775,297775,297777,2,0
297775,297775,297777,2,0
297775,297775,297777,2,0
297775,297775,297777,2,0
297775,297775,297777,2,0
297775,297775,297778,3,0
297775,297775,297778,3,0
297775,297775,297777,2,0
297775,297775,297778,3,0
297775,297775,297777,2,0
297775,297775,297778,3,0
297775,297775,297778,3,0
297775,297775,297778,3,0
297775,297775,297778,3,0
297775,297775,297778,3,0
297775,297775,297778,3,0
297775,297775,297778,3,0
297775,297775,297777,2,0
297775,297775,297777,2,0
297775,297775,297778,3,0
297775,297775,297778,3,0
297775,297775,297778,3,0
297775,297775,297777,2,0
297775,297775,297777,2,0
297775,297775,297778,3,0
297775,297775,297778,3,0
297775,297775,297778,3,0
297775,297775,297778,3,0
297775,297775,297778,3,0
297775,297775,297778,3,0
297779,297779,297781,2,0
297779,297779,297781,2,0
297779,297779,297781,2,0
297779,297779,297781,2,0
297779,297779,297782,3,0
297779,297779,297782,3,0
297779,297779,297782,3,0
297779,297779,297782,3,0
297779,297779,297782,3,0
297779,297779,297781,2,0
297779,297779,297782,3,0
297779,297779,297782,3,0
297779,297779,297782,3,0
297779,297779,297782,3,0
297779,297779,297782,3,0
297779,297779,297782,3,0
297779,297779,297782,3,0
297779,297779,297782,3,0
297779,297779,297782,3,0
297779,297779,297782,3,0
297779,297779,297782,3,0
297779,297779,297782,3,0
297779,297779,297781,2,0
297779,297779,297782,3,0
297779,297779,297782,3,0
297779,297779,297782,3,0
297779,297779,297782,3,0
297779,297779,297782,3,0
297779,297779,297782,3,0
297779,297779,297782,3,0
297779,297779,297782,3,0
297779,297779,297782,3,0
297783,297783,297785,2,0
297783,297783,297785,2,0
297783,297783,297785,2,0
297783,297783,297785,2,0
297783,297783,297786,3,0
297783,297783,297785,2,0
297783,297783,297786,3,0
297783,297783,297786,3,0
297783,297783,297786,3,0
297783,297783,297786,3,0
297783,297783,297786,3,0
297783,297783,297785,2,0
297783,297783,297786,3,0
297783,297783,297786,3,0
297783,297783,297786,3,0
297783,297783,297786,3,0
297783,297783,297786,3,0
297783,297783,297786,3,0
297783,297783,297786,3,0
297783,297783,297786,3,0
297783,297783,297786,3,0
297783,297783,297786,3,0
297783,297783,297786,3,0
297783,297783,297786,3,0
297783,297783,297786,3,0
297783,297783,297786,3,0
297783,297783,297786,3,0
297783,297783,297786,3,0
297783,297783,297785,2,0
297783,297783,297786,3,0
297783,297783,297786,3,0
297783,297783,297786,3,0
297787,297787,297789,2,0
297787,297787,297789,2,0
297787,297787,297789,2,0
297787,297787,297789,2,0
297787,297787,297789,2,0
297787,297787,297789,2,0
297787,297787,297790,3,0
297787,297787,297790,3,0
297787,297787,297790,3,0
297787,297787,297790,3,0
297787,297787,297789,2,0
297787,297787,297790,3,0
297787,297787,297790,3,0
297787,297787,297790,3,0
297787,297787,297790,3,0
297787,297787,297790,3,0
297787,297787,297790,3,0
297787,297787,297790,3,0
297787,297787,297790,3,0
297787,297787,297790,3,0
297787,297787,297790,3,0
297787,297787,297790,3,0
297787,297787,297790,3,0
297787,297787,297790,3,0
297787,297787,297790,3,0
297787,297787,297790,3,0
297787,297787,297790,3,0
297787,297787,297790,3,0
297787,297787,297790,3,0
297787,297787,297790,3,0
297787,297787,297790,3,0
297787,297787,297790,3,0
297791,297791,297793,2,0
297791,297791,297793,2,0
297791,297791,297793,2,0
297791,297791,297793,2,0
297791,297791,297793,2,0
297791,297791,297793,2,0
297791,297791,297793,2,0
297791,297791,297793,2,0
297791,297791,297793,2,0
297791,297791,297793,2,0
297791,297791,297793,2,0
297791,297791,297794,3,0
297791,297791,297794,3,0
297791,297791,297793,2,0
297791,297791,297794,3,0
297791,297791,297794,3,0
297791,297791,297794,3,0
297791,297791,297794,3,0
297791,297791,297793,2,0
297791,297791,297794,3,0
297791,297791,297794,3,0
297791,297791,297794,3,0
297791,297791,297793,2,0
297791,297791,297794,3,0
297791,297791,297793,2,0
297791,297791,297793,2,0
297791,297791,297793,2,0
297791,297791,297794,3,0
297791,297791,297794,3,0
297791,297791,297794,3,0
297791,297791,297794,3,0
297791,297791,297794,3,0
297795,297795,297797,2,0
297795,297795,297797,2,0
297795,297795,297797,2,0
297795,297795,297797,2,0
297795,297795,297797,2,0
297795,297795,297797,2,0
297795,297795,297798,3,0
297795,297795,297797,2,0
297795,297795,297798,3,0
297795,297795,297798,3,0
297795,297795,297798,3,0
297795,297795,297798,3,0
297795,297795,297798,3,0
297795,297795,297798,3,0
297795,297795,297798,3,0
297795,297795,297798,3,0
297795,297795,297798,3,0
297795,297795,297798,3,0
297795,297795,297798,3,0
297795,297795,297798,3,0
297795,297795,297798,3,0
297795,297795,297798,3,0
297795,297795,297798,3,0
297795,297795,297798,3,0
297795,297795,297798,3,0
297795,297795,297798,3,0
297795,297795,297798,3,0
297795,297795,297798,3,0
297795,297795,297798,3,0
297795,297795,297798,3,0
297795,297795,297797,2,0
297795,297795,297798,3,0
297799,297799,297801,2,0
297799,297799,297801,2,0
297799,297799,297801,2,0
297799,297799,297801,2,0
297799,297799,297801,2,0
297799,297799,297801,2,0
297799,297800,297802,2,1
297799,297799,297802,3,0
297799,297799,297802,3,0
297799,297799,297802,3,0
297799,297799,297802,3,0
297799,297799,297802,3,0
297799,297799,297802,3,0
297799,297799,297802,3,0
297799,297799,297802,3,0
297799,297799,297802,3,0
297799,297799,297802,3,0
297799,297799,297802,3,0
297799,297799,297802,3,0
297799,297799,297802,3,0
297799,297799,297802,3,0
297799,297799,297802,3,0
297799,297800,297802,2,1
297799,297800,297802,2,1
297799,297799,297802,3,0
297799,297799,297802,3,0
297799,297800,297802,2,1
297799,297799,297802,3,0
297799,297800,297802,2,1
297799,297799,297802,3,0
297799,297800,297802,2,1
297799,297799,297802,3,0
297804,297805,297806,1,1
297804,297805,297806,1,1
297804,297805,297807,2,1
297804,297805,297806,1,1
297804,297805,297806,1,1
297804,297805,297806,1,1
297804,297805,297806,1,1
297804,297805,297806,1,1
297804,297805,297807,2,1
297804,297805,297807,2,1
297804,297805,297807,2,1
297804,297805,297807,2,1
297804,297805,297807,2,1
297804,297805,297807,2,1
297804,297805,297807,2,1
297804,297805,297807,2,1
297804,297805,297807,2,1
297804,297805,297807,2,1
297804,297805,297807,2,1
297804,297805,297807,2,1
297804,297805,297807,2,1
297804,297805,297807,2,1
297804,297805,297807,2,1
297804,297805,297807,2,1
297804,297805,297807,2,1
297804,297805,297808,3,1
297804,297805,297807,2,1
297804,297805,297807,2,1
297804,297805,297807,2,1
297804,297805,297807,2,1
297804,297805,297807,2,1
297804,297805,297807,2,1
297812,297812,297813,1,0
297812,297812,297814,2,0
297812,297812,297813,1,0
297812,297812,297814,2,0
297812,297812,297814,2,0
297812,297812,297813,1,0
297812,297812,297813,1,0
297812,297812,297814,2,0
297812,297812,297814,2,0
297812,297812,297814,2,0
297812,297812,297814,2,0
297812,297812,297814,2,0
297812,297812,297814,2,0
297812,297812,297814,2,0
297812,297812,297814,2,0
297812,297812,297814,2,0
297812,297812,297814,2,0
297812,297812,297814,2,0
297812,297812,297814,2,0
297812,297812,297814,2,0
297812,297812,297814,2,0
297812,297812,297815,3,0
297812,297812,297814,2,0
297812,297812,297814,2,0
297812,297812,297814,2,0
297812,297812,297814,2,0
297812,297812,297814,2,0
297812,297812,297815,3,0
297812,297812,297814,2,0
297812,297812,297814,2,0
297812,297812,297815,3,0
297812,297812,297814,2,0
297816,297816,297817,1,0
297816,297816,297818,2,0
297816,297816,297817,1,0
297816,297816,297817,1,0
297816,297816,297817,1,0
297816,297816,297817,1,0
297816,297816,297818,2,0
297816,297816,297817,1,0
297816,297816,297818,2,0
297816,297816,297818,2,0
297816,297816,297818,2,0
297816,297816,297818,2,0
297816,297816,297818,2,0
297816,297816,297818,2,0
297816,297816,297818,2,0
297816,297816,297818,2,0
297816,297816,297818,2,0
297816,297816,297818,2,0
297816,297816,297818,2,0
297816,297816,297818,2,0
297816,297816,297818,2,0
297816,297816,297818,2,0
297816,297816,297818,2,0
297816,297816,297819,3,0
297816,297816,297818,2,0
297816,297816,297818,2,0
297816,297816,297818,2,0
297816,297816,297818,2,0
297816,297816,297818,2,0
297816,297816,297818,2,0
297816,297816,297818,2,0
297816,297816,297818,2,0
297820,297820,297822,2,0
297820,297820,297821,1,0
297820,297820,297821,1,0
297820,297820,297821,1,0
297820,297820,297822,2,0
297820,297820,297822,2,0
297820,297820,297822,2,0
297820,297820,297822,2,0
297820,297820,297822,2,0
297820,297820,297822,2,0
297820,297820,297823,3,0
297820,297820,297822,2,0
297820,297820,297822,2,0
297820,297820,297822,2,0
297820,297820,297822,2,0
297820,297820,297822,2,0
297820,297820,297822,2,0
297820,297820,297823,3,0
297820,297820,297822,2,0
297820,297820,297822,2,0
297820,297820,297822,2,0
297820,297820,297822,2,0
297820,297820,297822,2,0
297820,297820,297823,3,0
297820,297820,297822,2,0
297820,297820,297822,2,0
297820,297820,297822,2,0
297820,297820,297822,2,0
297820,297820,297823,3,0
297820,297820,297823,3,0
297820,297820,297823,3,0
297820,297820,297823,3,0
297825,297825,297826,1,0
297825,297825,297826,1,0
297825,297825,297827,2,0
297825,297825,297827,2,0
297825,297825,297828,3,0
297825,297825,297827,2,0
297825,297825,297828,3,0
297825,297825,297827,2,0
297825,297825,297828,3,0
297825,297825,297828,3,0
297825,297825,297828,3,0
297825,297825,297827,2,0
297825,297825,297828,3,0
297825,297825,297828,3,0
297825,297825,297828,3,0
297825,297825,297828,3,0
297825,297825,297827,2,0
297825,297825,297827,2,0
297825,297825,297828,3,0
297825,297825,297828,3,0
297825,297825,297828,3,0
297825,297825,297828,3,0
297825,297825,297827,2,0
297825,297825,297827,2,0
297825,297825,297828,3,0
297825,297825,297827,2,0
297825,297825,297828,3,0
297825,297825,297828,3,0
297825,297825,297827,2,0
297825,297825,297828,3,0
297825,297825,297828,3,0
297825,297825,297827,2,0
297829,297829,297831,2,0
297829,297829,297831,2,0
297829,297829,297831,2,0
297829,297829,297831,2,0
297829,297829,297831,2,0
297829,297829,297832,3,0
297829,297829,297831,2,0
297829,297829,297832,3,0
297829,297829,297832,3,0
297829,297829,297832,3,0
297829,297829,297831,2,0
297829,297829,297832,3,0
297829,297829,297832,3,0
297829,297829,297831,2,0
297829,297829,297832,3,0
297829,297829,297832,3,0
297829,297829,297832,3,0
297829,297829,297832,3,0
297829,297829,297832,3,0
297829,297829,297832,3,0
297829,297829,297832,3,0
297829,297829,297832,3,0
297829,297829,297832,3,0
297829,297829,297832,3,0
297829,297829,297832,3,0
297829,297829,297832,3,0
297829,297829,297832,3,0
297829,297829,297832,3,0
297829,297829,297832,3,0
297829,297829,297832,3,0
297829,297829,297832,3,0
297829,297829,297832,3,0
297835,297835,297836,1,0
297835,297835,297836,1,0
297835,297835,297836,1,0
297835,297835,297836,1,0
297835,297835,297837,2,0
297835,297835,297837,2,0
297835,297835,297837,2,0
297835,297835,297837,2,0
297835,297835,297837,2,0
297835,297835,297837,2,0
297835,297835,297837,2,0
297835,297835,297837,2,0
297835,297835,297837,2,0
297835,297835,297837,2,0
297835,297835,297837,2,0
297835,297835,297837,2,0
297835,297835,297837,2,0
297835,297835,297837,2,0
297835,297835,297837,2,0
297835,297835,297838,3,0
297835,297835,297837,2,0
297835,297835,297837,2,0
297835,297835,297837,2,0
297835,297835,297837,2,0
297835,297835,297838,3,0
297835,297835,297837,2,0
297835,297835,297837,2,0
297835,297835,297837,2,0
297835,297835,297837,2,0
297835,297835,297837,2,0
297835,297835,297838,3,0
297835,297835,297838,3,0
297839,297839,297841,2,0
297839,297839,297841,2,0
297839,297839,297841,2,0
297839,297839,297842,3,0
297839,297839,297842,3,0
297839,297839,297842,3,0
297839,297839,297842,3,0
297839,297839,297842,3,0
297839,297839,297842,3,0
297839,297839,297842,3,0
297839,297839,297842,3,0
297839,297839,297842,3,0
297839,297839,297842,3,0
297839,297839,297842,3,0
297839,297839,297842,3,0
297839,297839,297842,3,0
297839,297839,297842,3,0
297839,297839,297842,3,0
297839,297839,297842,3,0
297839,297839,297842,3,0
297839,297839,297842,3,0
297839,297839,297842,3,0
297839,297839,297842,3,0
297839,297840,297842,2,1
297839,297839,297842,3,0
297839,297839,297842,3,0
297839,297839,297842,3,0
297839,297839,297842,3,0
297839,297839,297843,4,0
297839,297839,297843,4,0
297839,297839,297843,4,0
297839,297839,297843,4,0
297845,297845,297847,2,0
297845,297845,297846,1,0
297845,297845,297847,2,0
297845,297845,297847,2,0
297845,297845,297848,3,0
297845,297845,297847,2,0
297845,297845,297847,2,0
297845,297845,297848,3,0
297845,297845,297847,2,0
297845,297845,297847,2,0
297845,297845,297848,3,0
297845,297845,297847,2,0
297845,297845,297847,2,0
297845,297845,297847,2,0
297845,297845,297847,2,0
297845,297845,297847,2,0
297845,297845,297848,3,0
297845,297845,297847,2,0
297845,297845,297848,3,0
297845,297845,297847,2,0
297845,297845,297847,2,0
297845,297845,297848,3,0
297845,297845,297848,3,0
297845,297845,297847,2,0
297845,297845,297848,3,0
297845,297845,297847,2,0
297845,297845,297847,2,0
297845,297845,297848,3,0
297845,297845,297847,2,0
297845,297845,297848,3,0
297845,297845,297848,3,0
297845,297845,297848,3,0
297850,297850,297852,2,0
297850,297850,297852,2,0
297850,297850,297851,1,0
297850,297850,297852,2,0
297850,297850,297852,2,0
297850,297850,297852,2,0
297850,297850,297852,2,0
297850,297850,297852,2,0
297850,297850,297853,3,0
297850,297850,297852,2,0
297850,297850,297852,2,0
297850,297850,297853,3,0
297850,297850,297853,3,0
297850,297850,297852,2,0
297850,297850,297852,2,0
297850,297850,297852,2,0
297850,297850,297852,2,0
297850,297850,297853,3,0
297850,297850,297852,2,0
297850,297850,297853,3,0
297850,297850,297853,3,0
297850,297850,297852,2,0
297850,297850,297853,3,0
297850,297850,297852,2,0
297850,297850,297854,4,0
297850,297850,297853,3,0
297850,297850,297853,3,0
297850,297850,297854,4,0
297850,297850,297854,4,0
297850,297850,297855,5,0
297850,297850,297856,6,0
297850,297850,297855,5,0
297858,297858,297860,2,0
297858,297858,297860,2,0
297858,297858,297860,2,0
297858,297858,297861,3,0
297858,297858,297862,4,0
297858,297858,297861,3,0
297858,297858,297861,3,0
297858,297858,297861,3,0
297858,297858,297861,3,0
297858,297858,297861,3,0
297858,297858,297861,3,0
297858,297858,297861,3,0
297858,297858,297862,4,0
297858,297858,297861,3,0
297858,297858,297861,3,0
297858,297858,297862,4,0
297858,297858,297861,3,0
297858,297858,297862,4,0
297858,297858,297861,3,0
297858,297858,297861,3,0
297858,297858,297862,4,0
297858,297858,297862,4,0
297858,297858,297862,4,0
297858,297858,297861,3,0
297858,297858,297862,4,0
297858,297858,297861,3,0
297858,297858,297862,4,0
297858,297858,297861,3,0
297858,297858,297861,3,0
297858,297858,297862,4,0
297858,297858,297862,4,0
297858,297858,297861,3,0
297863,297863,297865,2,0
297863,297863,297865,2,0
297863,297863,297865,2,0
297863,297863,297865,2,0
297863,297863,297866,3,0
297863,297863,297866,3,0
297863,297863,297866,3,0
297863,297863,297866,3,0
297863,297863,297866,3,0
297863,297863,297865,2,0
297863,297863,297865,2,0
297863,297863,297866,3,0
297863,297863,297866,3,0
297863,297863,297866,3,0
297863,297863,297866,3,0
297863,297863,297866,3,0
297863,297863,297866,3,0
297863,297863,297866,3,0
297863,297863,297866,3,0
297863,297863,297866,3,0
297863,297863,297866,3,0
297863,297863,297866,3,0
297863,297863,297866,3,0
297863,297863,297866,3,0
297863,297863,297866,3,0
297863,297863,297866,3,0
297863,297863,297866,3,0
297863,297863,297866,3,0
297863,297863,297866,3,0
297863,297863,297867,4,0
297863,297863,297866,3,0
297863,297863,297866,3,0
297868,297869,297871,2,1
297868,297869,297871,2,1
297868,297869,297871,2,1
297868,297869,297871,2,1
297868,297869,297870,1,1
297868,297869,297870,1,1
297868,297869,297870,1,1
297868,297869,297870,1,1
297868,297869,297871,2,1
297868,297869,297871,2,1
297868,297869,297871,2,1
297868,297869,297871,2,1
297868,297869,297871,2,1
297868,297869,297871,2,1
297868,297869,297871,2,1
297868,297869,297871,2,1
297868,297869,297871,2,1
297868,297869,297871,2,1
297868,297869,297871,2,1
297868,297869,297871,2,1
297868,297869,297871,2,1
297868,297869,297871,2,1
297868,297869,297871,2,1
297868,297869,297871,2,1
297868,297869,297872,3,1
297868,297869,297871,2,1
297868,297869,297871,2,1
297868,297869,297871,2,1
297868,297869,297871,2,1
297868,297869,297871,2,1
297868,297869,297871,2,1
297868,297869,297872,3,1
297873,297873,297875,2,0
297873,297873,297875,2,0
297873,297873,297875,2,0
297873,297873,297875,2,0
297873,297873,297875,2,0
297873,297873,297875,2,0
297873,297873,297876,3,0
297873,297873,297876,3,0
297873,297873,297876,3,0
297873,297873,297876,3,0
297873,297873,297876,3,0
297873,297873,297876,3,0
297873,297873,297876,3,0
297873,297873,297876,3,0
297873,297873,297876,3,0
297873,297873,297875,2,0
297873,297873,297876,3,0
297873,297873,297876,3,0
297873,297873,297876,3,0
297873,297873,297876,3,0
297873,297873,297876,3,0
297873,297873,297876,3,0
297873,297873,297876,3,0
297873,297873,297876,3,0
297873,297873,297876,3,0
297873,297873,297876,3,0
297873,297873,297876,3,0
297873,297873,297876,3,0
297873,297873,297876,3,0
297873,297873,297876,3,0
297873,297873,297876,3,0
297873,297873,297876,3,0
297878,297878,297880,2,0
297878,297878,297879,1,0
297878,297878,297880,2,0
297878,297878,297880,2,0
297878,297878,297880,2,0
297878,297878,297879,1,0
297878,297878,297880,2,0
297878,297878,297880,2,0
297878,297878,297880,2,0
297878,297878,297880,2,0
297878,297878,297881,3,0
297878,297878,297880,2,0
297878,297878,297880,2,0
297878,297878,297880,2,0
297878,297878,297880,2,0
297878,297878,297880,2,0
297878,297878,297880,2,0
297878,297878,297880,2,0
297878,297878,297880,2,0
297878,297878,297880,2,0
297878,297878,297880,2,0
297878,297878,297881,3,0
297878,297878,297880,2,0
297878,297878,297880,2,0
297878,297878,297881,3,0
297878,297878,297881,3,0
297878,297878,297880,2,0
297878,297878,297881,3,0
297878,297878,297880,2,0
297878,297878,297880,2,0
297878,297878,297881,3,0
297878,297878,297881,3,0
297883,297883,297885,2,0
297883,297883,297885,2,0
297883,297883,297885,2,0
297883,297883,297885,2,0
297883,297883,297884,1,0
297883,297883,297885,2,0
297883,297883,297885,2,0
297883,297883,297886,3,0
297883,297883,297885,2,0
297883,297883,297885,2,0
297883,297883,297886,3,0
297883,297883,297886,3,0
297883,297883,297886,3,0
297883,297883,297886,3,0
297883,297883,297885,2,0
297883,297883,297886,3,0
297883,297883,297886,3,0
297883,297883,297885,2,0
297883,297883,297886,3,0
297883,297883,297885,2,0
297883,297883,297886,3,0
297883,297883,297885,2,0
297883,297883,297885,2,0
297883,297883,297885,2,0
297883,297883,297885,2,0
297883,297883,297886,3,0
297883,297883,297885,2,0
297883,297883,297886,3,0
297883,297883,297886,3,0
297883,297883,297886,3,0
297883,297883,297886,3,0
297883,297883,297886,3,0
297889,297889,297891,2,0
297889,297889,297890,1,0
297889,297889,297890,1,0
297889,297889,297890,1,0
297889,297889,297890,1,0
297889,297889,297891,2,0
297889,297889,297891,2,0
297889,297889,297891,2,0
297889,297889,297891,2,0
297889,297889,297891,2,0
297889,297889,297891,2,0
297889,297889,297891,2,0
297889,297889,297891,2,0
297889,297889,297891,2,0
297889,297889,297891,2,0
297889,297889,297891,2,0
297889,297889,297891,2,0
297889,297889,297891,2,0
297889,297889,297891,2,0
297889,297889,297891,2,0
297889,297889,297891,2,0
297889,297889,297892,3,0
297889,297889,297891,2,0
297889,297889,297891,2,0
297889,297889,297891,2,0
297889,297889,297891,2,0
297889,297889,297891,2,0
297889,297889,297891,2,0
297889,297889,297891,2,0
297889,297889,297892,3,0
297889,297889,297892,3,0
297889,297889,297892,3,0
297896,297897,297898,1,1
297896,297897,297898,1,1
297896,297897,297898,1,1
297896,297897,297898,1,1
297896,297897,297899,2,1
297896,297897,297899,2,1
297896,297897,297899,2,1
297896,297897,297899,2,1
297896,297897,297899,2,1
297896,297897,297899,2,1
297896,297897,297899,2,1
297896,297897,297899,2,1
297896,297897,297899,2,1
297896,297897,297899,2,1
297896,297897,297899,2,1
297896,297897,297899,2,1
297896,297897,297899,2,1
297896,297897,297899,2,1
297896,297897,297899,2,1
297896,297897,297899,2,1
297896,297897,297899,2,1
297896,297897,297899,2,1
297896,297897,297899,2,1
297896,297897,297899,2,1
297896,297897,297899,2,1
297896,297897,297899,2,1
297896,297897,297899,2,1
297896,297897,297899,2,1
297896,297897,297899,2,1
297896,297897,297899,2,1
297896,297897,297899,2,1
297896,297897,297900,3,1
297902,297902,297904,2,0
297902,297902,297904,2,0
297902,297902,297904,2,0
297902,297902,297904,2,0
297902,297902,297904,2,0
297902,297902,297904,2,0
297902,297902,297905,3,0
297902,297902,297905,3,0
297902,297902,297905,3,0
297902,297902,297904,2,0
297902,297902,297905,3,0
297902,297902,297905,3,0
297902,297902,297905,3,0
297902,297902,297905,3,0
297902,297902,297905,3,0
297902,297902,297905,3,0
297902,297902,297905,3,0
297902,297902,297904,2,0
297902,297902,297905,3,0
297902,297902,297905,3,0
297902,297902,297904,2,0
297902,297902,297904,2,0
297902,297902,297905,3,0
297902,297902,297905,3,0
297902,297902,297905,3,0
297902,297902,297905,3,0
297902,297902,297904,2,0
297902,297902,297905,3,0
297902,297902,297905,3,0
297902,297902,297905,3,0
297902,297902,297905,3,0
297902,297902,297905,3,0
297908,297908,297909,1,0
297908,297908,297909,1,0
297908,297908,297909,1,0
297908,297908,297910,2,0
297908,297908,297910,2,0
297908,297908,297910,2,0
297908,297908,297910,2,0
297908,297908,297910,2,0
297908,297908,297910,2,0
297908,297908,297910,2,0
297908,297908,297910,2,0
297908,297908,297910,2,0
297908,297908,297910,2,0
297908,297908,297910,2,0
297908,297908,297910,2,0
297908,297908,297910,2,0
297908,297908,297910,2,0
297908,297908,297910,2,0
297908,297908,297910,2,0
297908,297908,297910,2,0
297908,297908,297910,2,0
297908,297908,297910,2,0
297908,297908,297910,2,0
297908,297908,297911,3,0
297908,297908,297910,2,0
297908,297908,297910,2,0
297908,297908,297910,2,0
297908,297908,297910,2,0
297908,297908,297910,2,0
297908,297908,297910,2,0
297908,297908,297910,2,0
297908,297908,297910,2,0
297913,297913,297914,1,0
297913,297913,297915,2,0
297913,297913,297915,2,0
297913,297913,297915,2,0
297913,297913,297915,2,0
297913,297913,297915,2,0
297913,297913,297915,2,0
297913,297913,297915,2,0
297913,297913,297915,2,0
297913,297913,297915,2,0
297913,297913,297915,2,0
297913,297913,297915,2,0
297913,297913,297916,3,0
297913,297913,297916,3,0
297913,297913,297915,2,0
297913,297913,297915,2,0
297913,297913,297915,2,0
297913,297913,297915,2,0
297913,297913,297916,3,0
297913,297913,297915,2,0
297913,297913,297915,2,0
297913,297913,297916,3,0
297913,297913,297915,2,0
297913,297913,297915,2,0
297913,297913,297915,2,0
297913,297913,297915,2,0
297913,297913,297915,2,0
297913,297913,297915,2,0
297913,297913,297915,2,0
297913,297913,297915,2,0
297913,297913,297916,3,0
297913,297913,297916,3,0
297918,297918,297919,1,0
297918,297918,297920,2,0
297918,297918,297920,2,0
297918,297918,297919,1,0
297918,297918,297919,1,0
297918,297918,297920,2,0
297918,297918,297920,2,0
297918,297918,297920,2,0
297918,297918,297921,3,0
297918,297918,297920,2,0
297918,297918,297921,3,0
297918,297918,297921,3,0
297918,297918,297920,2,0
297918,297918,297920,2,0
297918,297918,297920,2,0
297918,297918,297920,2,0
297918,297918,297921,3,0
297918,297918,297920,2,0
297918,297918,297920,2,0
297918,297918,297920,2,0
297918,297918,297920,2,0
297918,297918,297921,3,0
297918,297918,297920,2,0
297918,297918,297920,2,0
297918,297918,297921,3,0
297918,297918,297920,2,0
297918,297918,297921,3,0
297918,297918,297920,2,0
297918,297918,297920,2,0
297918,297918,297920,2,0
297918,297918,297920,2,0
297918,297918,297920,2,0
297922,297922,297924,2,0
297922,297922,297924,2,0
297922,297922,297924,2,0
297922,297922,297923,1,0
297922,297922,297923,1,0
297922,297922,297923,1,0
297922,297922,297924,2,0
297922,297922,297924,2,0
297922,297922,297925,3,0
297922,297922,297924,2,0
297922,297922,297925,3,0
297922,297922,297925,3,0
297922,297922,297924,2,0
297922,297922,297924,2,0
297922,297922,297924,2,0
297922,297922,297925,3,0
297922,297922,297924,2,0
297922,297922,297924,2,0
297922,297922,297924,2,0
297922,297922,297924,2,0
297922,297922,297924,2,0
297922,297922,297925,3,0
297922,297922,297924,2,0
297922,297922,297924,2,0
297922,297922,297925,3,0
297922,297922,297924,2,0
297922,297922,297924,2,0
297922,297922,297925,3,0
297922,297922,297926,4,0
297922,297922,297926,4,0
297922,297922,297925,3,0
297922,297922,297925,3,0
297927,297927,297929,2,0
297927,297927,297929,2,0
297927,297927,297929,2,0
297927,297927,297929,2,0
297927,297927,297928,1,0
297927,297927,297928,1,0
297927,297927,297929,2,0
297927,297927,297930,3,0
297927,297927,297930,3,0
297927,297927,297929,2,0
297927,297927,297929,2,0
297927,297927,297930,3,0
297927,297927,297930,3,0
297927,297927,297930,3,0
297927,297927,297930,3,0
297927,297927,297930,3,0
297927,297927,297930,3,0
297927,297927,297930,3,0
297927,297927,297930,3,0
297927,297927,297929,2,0
297927,297927,297930,3,0
297927,297927,297930,3,0
297927,297927,297929,2,0
297927,297927,297930,3,0
297927,297927,297930,3,0
297927,297927,297929,2,0
297927,297927,297930,3,0
297927,297927,297930,3,0
297927,297927,297930,3,0
297927,297927,297930,3,0
297927,297927,297930,3,0
297927,297927,297929,2,0
297932,297932,297933,1,0
297932,297932,297933,1,0
297932,297932,297933,1,0
297932,297932,297933,1,0
297932,297932,297934,2,0
297932,297932,297934,2,0
297932,297932,297934,2,0
297932,297932,297934,2,0
297932,297932,297934,2,0
297932,297932,297934,2,0
297932,297932,297934,2,0
297932,297932,297934,2,0
297932,297932,297934,2,0
297932,297932,297934,2,0
297932,297932,297934,2,0
297932,297932,297934,2,0
297932,297932,297934,2,0
297932,297932,297934,2,0
297932,297932,297934,2,0
297932,297932,297934,2,0
297932,297932,297934,2,0
297932,297932,297934,2,0
297932,297932,297934,2,0
297932,297932,297934,2,0
297932,297932,297934,2,0
297932,297932,297934,2,0
297932,297932,297934,2,0
297932,297932,297934,2,0
297932,297932,297934,2,0
297932,297932,297934,2,0
297932,297932,297934,2,0
297932,297932,297934,2,0
297935,297936,297937,1,1
297935,297936,297938,2,1
297935,297936,297937,1,1
297935,297936,297937,1,1
297935,297936,297937,1,1
297935,297936,297938,2,1
297935,297936,297937,1,1
297935,297936,297937,1,1
297935,297936,297937,1,1
297935,297936,297937,1,1
297935,297936,297938,2,1
297935,297936,297938,2,1
297935,297936,297938,2,1
297935,297936,297938,2,1
297935,297936,297938,2,1
297935,297936,297938,2,1
297935,297936,297938,2,1
297935,297936,297938,2,1
297935,297936,297938,2,1
297935,297936,297938,2,1
297935,297936,297938,2,1
297935,297936,297938,2,1
297935,297936,297938,2,1
297935,297936,297938,2,1
297935,297936,297938,2,1
297935,297936,297938,2,1
297935,297936,297939,3,1
297935,297936,297939,3,1
297935,297936,297939,3,1
297935,297936,297940,4,1
297935,297936,297941,5,1
297935,297936,297940,4,1
297942,297942,297943,1,0
297942,297942,297943,1,0
297942,297942,297944,2,0
297942,297942,297943,1,0
297942,297942,297943,1,0
297942,297942,297943,1,0
297942,297942,297943,1,0
297942,297942,297944,2,0
297942,297942,297944,2,0
297942,297942,297944,2,0
297942,297942,297944,2,0
297942,297942,297944,2,0
297942,297942,297944,2,0
297942,297942,297944,2,0
297942,297942,297944,2,0
297942,297942,297944,2,0
297942,297942,297944,2,0
297942,297942,297944,2,0
297942,297942,297945,3,0
297942,297942,297944,2,0
297942,297942,297944,2,0
297942,297942,297944,2,0
297942,297942,297944,2,0
297942,297942,297944,2,0
297942,297942,297944,2,0
297942,297942,297944,2,0
297942,297942,297944,2,0
297942,297942,297944,2,0
297942,297942,297944,2,0
297942,297942,297944,2,0
297942,297942,297944,2,0
297942,297942,297945,3,0
297947,297947,297949,2,0
297947,297947,297949,2,0
297947,297947,297949,2,0
297947,297947,297949,2,0
297947,297947,297949,2,0
297947,297947,297949,2,0
297947,297947,297949,2,0
297947,297947,297949,2,0
297947,297947,297949,2,0
297947,297947,297949,2,0
297947,297947,297950,3,0
297947,297947,297949,2,0
297947,297947,297950,3,0
297947,297947,297950,3,0
297947,297947,297950,3,0
297947,297947,297950,3,0
297947,297947,297949,2,0
297947,297947,297950,3,0
297947,297947,297949,2,0
297947,297947,297950,3,0
297947,297947,297950,3,0
297947,297947,297950,3,0
297947,297947,297950,3,0
297947,297947,297950,3,0
297947,297947,297950,3,0
297947,297947,297949,2,0
297947,297947,297950,3,0
297947,297947,297949,2,0
297947,297947,297950,3,0
297947,297947,297950,3,0
297947,297947,297950,3,0
297947,297947,297950,3,0
297951,297951,297953,2,0
297951,297952,297953,1,1
297951,297951,297954,3,0
297951,297952,297953,1,1
297951,297951,297953,2,0
297951,297951,297954,3,0
297951,297951,297953,2,0
297951,297952,297954,2,1
297951,297952,297954,2,1
297951,297952,297954,2,1
297951,297952,297954,2,1
297951,297952,297954,2,1
297951,297951,297954,3,0
297951,297952,297954,2,1
297951,297952,297954,2,1
297951,297952,297954,2,1
297951,297952,297954,2,1
297951,297952,297954,2,1
297951,297952,297954,2,1
297951,297952,297954,2,1
297951,297952,297954,2,1
297951,297952,297954,2,1
297951,297952,297954,2,1
297951,297952,297954,2,1
297951,297952,297954,2,1
297951,297952,297954,2,1
297951,297952,297954,2,1
297951,297952,297954,2,1
297951,297952,297954,2,1
297951,297952,297955,3,1
297951,297952,297955,3,1
297951,297952,297955,3,1
297956,297956,297958,2,0
297956,297957,297958,1,1
297956,297957,297958,1,1
297956,297957,297958,1,1
297956,297956,297959,3,0
297956,297957,297959,2,1
297956,297957,297959,2,1
297956,297957,297959,2,1
297956,297957,297959,2,1
297956,297957,297959,2,1
297956,297957,297959,2,1
297956,297957,297959,2,1
297956,297957,297959,2,1
297956,297957,297959,2,1
297956,297957,297959,2,1
297956,297957,297959,2,1
297956,297957,297959,2,1
297956,297957,297959,2,1
297956,297957,297959,2,1
297956,297957,297959,2,1
297956,297957,297959,2,1
297956,297957,297959,2,1
297956,297957,297959,2,1
297956,297957,297959,2,1
297956,297957,297959,2,1
297956,297957,297959,2,1
297956,297957,297959,2,1
297956,297957,297959,2,1
297956,297957,297959,2,1
297956,297957,297959,2,1
297956,297957,297959,2,1
297956,297957,297959,2,1
297962,297962,297963,1,0
297962,297962,297963,1,0
297962,297962,297964,2,0
297962,297962,297963,1,0
297962,297962,297963,1,0
297962,297962,297964,2,0
297962,297962,297964,2,0
297962,297962,297964,2,0
297962,297962,297965,3,0
297962,297962,297964,2,0
297962,297962,297964,2,0
297962,297962,297964,2,0
297962,297962,297964,2,0
297962,297962,297964,2,0
297962,297962,297964,2,0
297962,297962,297964,2,0
297962,297962,297964,2,0
297962,297962,297965,3,0
297962,297962,297964,2,0
297962,297962,297964,2,0
297962,297962,297964,2,0
297962,297962,297964,2,0
297962,297962,297964,2,0
297962,297962,297964,2,0
297962,297962,297964,2,0
297962,297962,297965,3,0
297962,297962,297964,2,0
297962,297962,297965,3,0
297962,297962,297964,2,0
297962,297962,297964,2,0
297962,297962,297965,3,0
297962,297962,297965,3,0
297967,297967,297968,1,0
297967,297967,297969,2,0
297967,297967,297969,2,0
297967,297967,297969,2,0
297967,297967,297969,2,0
297967,297967,297969,2,0
297967,297967,297969,2,0
297967,297967,297968,1,0
297967,297967,297969,2,0
297967,297967,297970,3,0
297967,297967,297970,3,0
297967,297967,297969,2,0
297967,297967,297970,3,0
297967,297967,297970,3,0
297967,297967,297970,3,0
297967,297967,297970,3,0
297967,297967,297970,3,0
297967,297967,297970,3,0
297967,297967,297970,3,0
297967,297967,297970,3,0
297967,297967,297970,3,0
297967,297967,297970,3,0
297967,297967,297969,2,0
297967,297967,297970,3,0
297967,297967,297970,3,0
297967,297967,297969,2,0
297967,297967,297970,3,0
297967,297967,297970,3,0
297967,297967,297969,2,0
297967,297967,297970,3,0
297967,297967,297970,3,0
297967,297967,297969,2,0
297971,297971,297973,2,0
297971,297971,297973,2,0
297971,297971,297973,2,0
297971,297971,297973,2,0
297971,297971,297973,2,0
297971,297971,297974,3,0
297971,297971,297973,2,0
297971,297971,297974,3,0
297971,297971,297974,3,0
297971,297971,297974,3,0
297971,297971,297974,3,0
297971,297971,297974,3,0
297971,297971,297973,2,0
297971,297971,297973,2,0
297971,297971,297974,3,0
297971,297971,297974,3,0
297971,297971,297974,3,0
297971,297971,297974,3,0
297971,297971,297974,3,0
297971,297971,297974,3,0
297971,297971,297974,3,0
297971,297971,297973,2,0
297971,297971,297974,3,0
297971,297971,297974,3,0
297971,297971,297974,3,0
297971,297971,297974,3,0
297971,297971,297974,3,0
297971,297971,297974,3,0
297971,297971,297974,3,0
297971,297971,297973,2,0
297971,297971,297974,3,0
297971,297971,297975,4,0
297977,297977,297978,1,0
297977,297977,297978,1,0
297977,297977,297979,2,0
297977,297977,297979,2,0
297977,297977,297979,2,0
297977,297977,297979,2,0
297977,297977,297980,3,0
297977,297977,297979,2,0
297977,297977,297979,2,0
297977,297977,297979,2,0
297977,297977,297980,3,0
297977,297977,297980,3,0
297977,297977,297979,2,0
297977,297977,297979,2,0
297977,297977,297980,3,0
297977,297977,297980,3,0
297977,297977,297979,2,0
297977,297977,297979,2,0
297977,297977,297980,3,0
297977,297977,297979,2,0
297977,297977,297979,2,0
297977,297977,297980,3,0
297977,297977,297979,2,0
297977,297977,297980,3,0
297977,297977,297980,3,0
297977,297977,297980,3,0
297977,297977,297980,3,0
297977,297977,297981,4,0
297977,297977,297980,3,0
297977,297977,297982,5,0
297977,297977,297981,4,0
297977,297977,297982,5,0
297984,297984,297986,2,0
297984,297984,297987,3,0
297984,297984,297987,3,0
297984,297984,297987,3,0
297984,297984,297986,2,0
297984,297984,297987,3,0
297984,297984,297987,3,0
297984,297984,297987,3,0
297984,297984,297987,3,0
297984,297984,297987,3,0
297984,297984,297987,3,0
297984,297984,297987,3,0
297984,297984,297987,3,0
297984,297984,297987,3,0
297984,297984,297987,3,0
297984,297984,297987,3,0
297984,297984,297987,3,0
297984,297984,297986,2,0
297984,297984,297987,3,0
297984,297984,297987,3,0
297984,297984,297987,3,0
297984,297984,297988,4,0
297984,297984,297987,3,0
297984,297984,297987,3,0
297984,297984,297988,4,0
297984,297984,297988,4,0
297984,297984,297988,4,0
297984,297984,297987,3,0
297984,297984,297987,3,0
297984,297984,297988,4,0
297984,297984,297988,4,0
297984,297984,297988,4,0
297989,297990,297991,1,1
297989,297990,297991,1,1
297989,297990,297991,1,1
297989,297990,297991,1,1
297989,297990,297992,2,1
297989,297990,297992,2,1
297989,297990,297992,2,1
297989,297990,297992,2,1
297989,297990,297992,2,1
297989,297990,297993,3,1
297989,297990,297992,2,1
297989,297990,297992,2,1
297989,297990,297992,2,1
297989,297990,297992,2,1
297989,297990,297992,2,1
297989,297990,297992,2,1
297989,297990,297992,2,1
297989,297990,297992,2,1
297989,297990,297992,2,1
297989,297990,297992,2,1
297989,297990,297992,2,1
297989,297990,297992,2,1
297989,297990,297992,2,1
297989,297990,297993,3,1
297989,297990,297992,2,1
297989,297990,297992,2,1
297989,297990,297992,2,1
297989,297990,297992,2,1
297989,297990,297992,2,1
297989,297990,297992,2,1
297989,297990,297993,3,1
297989,297990,297993,3,1
297995,297995,297996,1,0
297995,297995,297996,1,0
297995,297995,297996,1,0
297995,297995,297997,2,0
297995,297995,297997,2,0
297995,297995,297997,2,0
297995,297995,297997,2,0
297995,297995,297997,2,0
297995,297995,297997,2,0
297995,297995,297997,2,0
297995,297995,297997,2,0
297995,297995,297997,2,0
297995,297995,297997,2,0
297995,297995,297997,2,0
297995,297995,297998,3,0
297995,297995,297997,2,0
297995,297995,297997,2,0
297995,297995,297997,2,0
297995,297995,297998,3,0
297995,297995,297998,3,0
297995,297995,297997,2,0
297995,297995,297997,2,0
297995,297995,297998,3,0
297995,297995,297997,2,0
297995,297995,297997,2,0
297995,297995,297997,2,0
297995,297995,297998,3,0
297995,297995,297998,3,0
297995,297995,297997,2,0
297995,297995,297998,3,0
297995,297995,297998,3,0
297995,297995,297998,3,0
298000,298000,298001,1,0
298000,298000,298001,1,0
298000,298000,298001,1,0
298000,298000,298002,2,0
298000,298000,298002,2,0
298000,298000,298002,2,0
298000,298000,298002,2,0
298000,298000,298002,2,0
298000,298000,298002,2,0
298000,298000,298002,2,0
298000,298000,298002,2,0
298000,298000,298003,3,0
298000,298000,298002,2,0
298000,298000,298002,2,0
298000,298000,298003,3,0
298000,298000,298003,3,0
298000,298000,298002,2,0
298000,298000,298003,3,0
298000,298000,298003,3,0
298000,298000,298002,2,0
298000,298000,298003,3,0
298000,298000,298003,3,0
298000,298000,298003,3,0
298000,298000,298003,3,0
298000,298000,298002,2,0
298000,298000,298003,3,0
298000,298000,298002,2,0
298000,298000,298002,2,0
298000,298000,298003,3,0
298000,298000,298002,2,0
298000,298000,298003,3,0
298000,298000,298003,3,0
298006,298006,298008,2,0
298006,298006,298008,2,0
298006,298006,298008,2,0
298006,298006,298007,1,0
298006,298006,298007,1,0
298006,298006,298008,2,0
298006,298006,298008,2,0
298006,298006,298008,2,0
298006,298006,298008,2,0
298006,298006,298009,3,0
298006,298006,298008,2,0
298006,298006,298009,3,0
298006,298006,298009,3,0
298006,298006,298008,2,0
298006,298006,298008,2,0
298006,298006,298009,3,0
298006,298006,298008,2,0
298006,298006,298009,3,0
298006,298006,298008,2,0
298006,298006,298008,2,0
298006,298006,298009,3,0
298006,298006,298008,2,0
298006,298006,298008,2,0
298006,298006,298009,3,0
298006,298006,298008,2,0
298006,298006,298008,2,0
298006,298006,298009,3,0
298006,298006,298009,3,0
298006,298006,298009,3,0
298006,298006,298009,3,0
298006,298006,298009,3,0
298006,298006,298009,3,0
298011,298011,298012,1,0
298011,298011,298012,1,0
298011,298011,298013,2,0
298011,298011,298014,3,0
298011,298011,298013,2,0
298011,298011,298013,2,0
298011,298011,298013,2,0
298011,298011,298013,2,0
298011,298011,298013,2,0
298011,298011,298013,2,0
298011,298011,298013,2,0
298011,298011,298013,2,0
298011,298011,298013,2,0
298011,298011,298013,2,0
298011,298011,298013,2,0
298011,298011,298013,2,0
298011,298011,298013,2,0
298011,298011,298013,2,0
298011,298011,298013,2,0
298011,298011,298013,2,0
298011,298011,298014,3,0
298011,298011,298014,3,0
298011,298011,298013,2,0
298011,298011,298013,2,0
298011,298011,298013,2,0
298011,298011,298013,2,0
298011,298011,298013,2,0
298011,298011,298014,3,0
298011,298011,298014,3,0
298011,298011,298014,3,0
298011,298011,298015,4,0
298011,298011,298015,4,0
298016,298016,298018,2,0
298016,298016,298017,1,0
298016,298016,298017,1,0
298016,298016,298018,2,0
298016,298016,298019,3,0
298016,298016,298018,2,0
298016,298016,298018,2,0
298016,298016,298018,2,0
298016,298016,298019,3,0
298016,298016,298019,3,0
298016,298016,298019,3,0
298016,298016,298019,3,0
298016,298016,298019,3,0
298016,298016,298018,2,0
298016,298016,298019,3,0
298016,298016,298019,3,0
298016,298016,298019,3,0
298016,298016,298018,2,0
298016,298016,298019,3,0
298016,298016,298018,2,0
298016,298016,298018,2,0
298016,298016,298019,3,0
298016,298016,298018,2,0
298016,298016,298019,3,0
298016,298016,298019,3,0
298016,298016,298018,2,0
298016,298016,298019,3,0
298016,298016,298019,3,0
298016,298016,298018,2,0
298016,298016,298019,3,0
298016,298016,298019,3,0
298016,298016,298019,3,0
298021,298021,298023,2,0
298021,298021,298024,3,0
298021,298021,298023,2,0
298021,298021,298024,3,0
298021,298021,298023,2,0
298021,298021,298023,2,0
298021,298021,298024,3,0
298021,298021,298024,3,0
298021,298021,298023,2,0
298021,298021,298023,2,0
298021,298021,298024,3,0
298021,298021,298023,2,0
298021,298021,298023,2,0
298021,298021,298024,3,0
298021,298021,298023,2,0
298021,298021,298023,2,0
298021,298021,298024,3,0
298021,298021,298024,3,0
298021,298021,298023,2,0
298021,298021,298025,4,0
298021,298021,298024,3,0
298021,298021,298024,3,0
298021,298021,298024,3,0
298021,298021,298024,3,0
298021,298021,298024,3,0
298021,298021,298024,3,0
298021,298021,298024,3,0
298021,298021,298024,3,0
298021,298021,298024,3,0
298021,298021,298024,3,0
298021,298021,298025,4,0
298021,298021,298025,4,0
298027,298027,298029,2,0
298027,298027,298029,2,0
298027,298027,298029,2,0
298027,298027,298028,1,0
298027,298027,298029,2,0
298027,298027,298029,2,0
298027,298027,298029,2,0
298027,298027,298030,3,0
298027,298027,298030,3,0
298027,298027,298030,3,0
298027,298027,298030,3,0
298027,298027,298030,3,0
298027,298027,298030,3,0
298027,298027,298030,3,0
298027,298027,298030,3,0
298027,298027,298029,2,0
298027,298027,298030,3,0
298027,298027,298030,3,0
298027,298027,298030,3,0
298027,298027,298030,3,0
298027,298027,298030,3,0
298027,298027,298030,3,0
298027,298027,298029,2,0
298027,298027,298030,3,0
298027,298027,298030,3,0
298027,298027,298029,2,0
298027,298027,298030,3,0
298027,298027,298030,3,0
298027,298027,298030,3,0
298027,298027,298030,3,0
298027,298027,298029,2,0
298027,298027,298030,3,0
298033,298033,298035,2,0
298033,298033,298034,1,0
298033,298033,298035,2,0
298033,298033,298035,2,0
298033,298033,298035,2,0
298033,298033,298034,1,0
298033,298033,298035,2,0
298033,298033,298035,2,0
298033,298033,298035,2,0
298033,298033,298036,3,0
298033,298033,298035,2,0
298033,298033,298035,2,0
298033,298033,298035,2,0
298033,298033,298035,2,0
298033,298033,298035,2,0
298033,298033,298036,3,0
298033,298033,298035,2,0
298033,298033,298035,2,0
298033,298033,298035,2,0
298033,298033,298035,2,0
298033,298033,298035,2,0
298033,298033,298035,2,0
298033,298033,298035,2,0
298033,298033,298035,2,0
298033,298033,298035,2,0
298033,298033,298035,2,0
298033,298033,298035,2,0
298033,298033,298035,2,0
298033,298033,298035,2,0
298033,298033,298035,2,0
298033,298033,298036,3,0
298033,298033,298036,3,0
298039,298039,298041,2,0
298039,298039,298040,1,0
298039,298039,298040,1,0
298039,298039,298040,1,0
298039,298039,298040,1,0
298039,298039,298041,2,0
298039,298039,298041,2,0
298039,298039,298041,2,0
298039,298039,298041,2,0
298039,298039,298041,2,0
298039,298039,298041,2,0
298039,298039,298041,2,0
298039,298039,298041,2,0
298039,298039,298041,2,0
298039,298039,298041,2,0
298039,298039,298041,2,0
298039,298039,298041,2,0
298039,298039,298041,2,0
298039,298039,298041,2,0
298039,298039,298041,2,0
298039,298039,298042,3,0
298039,298039,298041,2,0
298039,298039,298041,2,0
298039,298039,298041,2,0
298039,298039,298041,2,0
298039,298039,298041,2,0
298039,298039,298041,2,0
298039,298039,298041,2,0
298039,298039,298041,2,0
298039,298039,298042,3,0
298039,298039,298041,2,0
298039,298039,298041,2,0
298043,298043,298045,2,0
298043,298043,298045,2,0
298043,298043,298045,2,0
298043,298043,298044,1,0
298043,298043,298044,1,0
298043,298043,298044,1,0
298043,298043,298046,3,0
298043,298043,298045,2,0
298043,298043,298045,2,0
298043,298043,298045,2,0
298043,298043,298045,2,0
298043,298043,298046,3,0
298043,298043,298045,2,0
298043,298043,298046,3,0
298043,298043,298045,2,0
298043,298043,298045,2,0
298043,298043,298045,2,0
298043,298043,298045,2,0
298043,298043,298045,2,0
298043,298043,298045,2,0
298043,298043,298045,2,0
298043,298043,298045,2,0
298043,298043,298045,2,0
298043,298043,298045,2,0
298043,298043,298046,3,0
298043,298043,298045,2,0
298043,298043,298045,2,0
298043,298043,298046,3,0
298043,298043,298046,3,0
298043,298043,298046,3,0
298043,298043,298046,3,0
298043,298043,298045,2,0
298047,298047,298049,2,0
298047,298047,298049,2,0
298047,298047,298049,2,0
298047,298047,298049,2,0
298047,298047,298050,3,0
298047,298047,298049,2,0
298047,298047,298050,3,0
298047,298047,298050,3,0
298047,298047,298050,3,0
298047,298047,298050,3,0
298047,298047,298050,3,0
298047,298047,298049,2,0
298047,298047,298050,3,0
298047,298047,298050,3,0
298047,298047,298049,2,0
298047,298047,298050,3,0
298047,298047,298050,3,0
298047,298047,298050,3,0
298047,298047,298050,3,0
298047,298047,298050,3,0
298047,298047,298050,3,0
298047,298047,298050,3,0
298047,298047,298049,2,0
298047,298047,298049,2,0
298047,298047,298050,3,0
298047,298047,298050,3,0
298047,298047,298049,2,0
298047,298047,298050,3,0
298047,298047,298050,3,0
298047,298047,298050,3,0
298047,298047,298051,4,0
298047,298047,298051,4,0
298052,298052,298054,2,0
298052,298052,298054,2,0
298052,298052,298054,2,0
298052,298052,298053,1,0
298052,298052,298054,2,0
298052,298052,298054,2,0
298052,298052,298055,3,0
298052,298052,298054,2,0
298052,298052,298055,3,0
298052,298052,298054,2,0
298052,298052,298054,2,0
298052,298052,298055,3,0
298052,298052,298054,2,0
298052,298052,298055,3,0
298052,298052,298055,3,0
298052,298052,298055,3,0
298052,298052,298055,3,0
298052,298052,298054,2,0
298052,298052,298055,3,0
298052,298052,298055,3,0
298052,298052,298055,3,0
298052,298052,298055,3,0
298052,298052,298055,3,0
298052,298052,298055,3,0
298052,298052,298055,3,0
298052,298052,298055,3,0
298052,298052,298055,3,0
298052,298052,298055,3,0
298052,298052,298055,3,0
298052,298052,298055,3,0
298052,298052,298056,4,0
298052,298052,298056,4,0
298057,298057,298059,2,0
298057,298058,298059,1,1
298057,298057,298059,2,0
298057,298057,298059,2,0
298057,298057,298059,2,0
298057,298057,298060,3,0
298057,298057,298060,3,0
298057,298057,298060,3,0
298057,298057,298060,3,0
298057,298058,298060,2,1
298057,298058,298060,2,1
298057,298058,298060,2,1
298057,298058,298060,2,1
298057,298057,298060,3,0
298057,298058,298060,2,1
298057,298058,298060,2,1
298057,298058,298060,2,1
298057,298058,298060,2,1
298057,298057,298060,3,0
298057,298058,298060,2,1
298057,298058,298060,2,1
298057,298058,298060,2,1
298057,298058,298060,2,1
298057,298058,298060,2,1
298057,298058,298060,2,1
298057,298058,298060,2,1
298057,298058,298060,2,1
298057,298058,298060,2,1
298057,298058,298060,2,1
298057,298057,298061,4,0
298057,298058,298061,3,1
298057,298058,298061,3,1
298063,298063,298064,1,0
298063,298063,298065,2,0
298063,298063,298064,1,0
298063,298063,298065,2,0
298063,298063,298065,2,0
298063,298063,298065,2,0
298063,298063,298066,3,0
298063,298063,298065,2,0
298063,298063,298066,3,0
298063,298063,298065,2,0
298063,298063,298065,2,0
298063,298063,298066,3,0
298063,298063,298065,2,0
298063,298063,298066,3,0
298063,298063,298066,3,0
298063,298063,298065,2,0
298063,298063,298066,3,0
298063,298063,298065,2,0
298063,298063,298065,2,0
298063,298063,298066,3,0
298063,298063,298065,2,0
298063,298063,298066,3,0
298063,298063,298066,3,0
298063,298063,298065,2,0
298063,298063,298066,3,0
298063,298063,298066,3,0
298063,298063,298066,3,0
298063,298063,298067,4,0
298063,298063,298067,4,0
298063,298063,298067,4,0
298063,298063,298067,4,0
298063,298063,298067,4,0
298069,298069,298071,2,0
298069,298069,298071,2,0
298069,298069,298071,2,0
298069,298069,298071,2,0
298069,298069,298072,3,0
298069,298069,298072,3,0
298069,298069,298072,3,0
298069,298069,298072,3,0
298069,298069,298071,2,0
298069,298069,298071,2,0
298069,298069,298072,3,0
298069,298069,298072,3,0
298069,298069,298072,3,0
298069,298069,298072,3,0
298069,298069,298072,3,0
298069,298069,298072,3,0
298069,298069,298072,3,0
298069,298069,298072,3,0
298069,298069,298072,3,0
298069,298069,298072,3,0
298069,298069,298072,3,0
298069,298069,298071,2,0
298069,298069,298072,3,0
298069,298069,298072,3,0
298069,298069,298071,2,0
298069,298069,298072,3,0
298069,298069,298072,3,0
298069,298069,298072,3,0
298069,298069,298072,3,0
298069,298069,298072,3,0
298069,298069,298072,3,0
298069,298069,298072,3,0
298075,298075,298077,2,0
298075,298075,298076,1,0
298075,298075,298076,1,0
298075,298075,298077,2,0
298075,298075,298077,2,0
298075,298075,298077,2,0
298075,298075,298077,2,0
298075,298075,298077,2,0
298075,298075,298077,2,0
298075,298075,298077,2,0
298075,298075,298077,2,0
298075,298075,298077,2,0
298075,298075,298077,2,0
298075,298075,298077,2,0
298075,298075,298077,2,0
298075,298075,298077,2,0
298075,298075,298077,2,0
298075,298075,298077,2,0
298075,298075,298077,2,0
298075,298075,298077,2,0
298075,298075,298077,2,0
298075,298075,298077,2,0
298075,298075,298078,3,0
298075,298075,298077,2,0
298075,298075,298077,2,0
298075,298075,298078,3,0
298075,298075,298077,2,0
298075,298075,298077,2,0
298075,298075,298078,3,0
298075,298075,298077,2,0
298075,298075,298077,2,0
298075,298075,298078,3,0
298081,298081,298082,1,0
298081,298081,298082,1,0
298081,298081,298082,1,0
298081,298081,298082,1,0
298081,298081,298082,1,0
298081,298081,298082,1,0
298081,298081,298082,1,0
298081,298081,298082,1,0
298081,298081,298082,1,0
298081,298081,298083,2,0
298081,298081,298082,1,0
298081,298081,298083,2,0
298081,298081,298083,2,0
298081,298081,298083,2,0
298081,298081,298083,2,0
298081,298081,298083,2,0
298081,298081,298083,2,0
298081,298081,298083,2,0
298081,298081,298083,2,0
298081,298081,298083,2,0
298081,298081,298083,2,0
298081,298081,298083,2,0
298081,298081,298084,3,0
298081,298081,298083,2,0
298081,298081,298083,2,0
298081,298081,298083,2,0
298081,298081,298083,2,0
298081,298081,298083,2,0
298081,298081,298083,2,0
298081,298081,298083,2,0
298081,298081,298083,2,0
298081,298081,298084,3,0
298086,298086,298087,1,0
298086,298086,298088,2,0
298086,298086,298087,1,0
298086,298086,298088,2,0
298086,298086,298087,1,0
298086,298086,298088,2,0
298086,298086,298088,2,0
298086,298086,298088,2,0
298086,298086,298088,2,0
298086,298086,298088,2,0
298086,298086,298088,2,0
298086,298086,298088,2,0
298086,298086,298088,2,0
298086,298086,298088,2,0
298086,298086,298088,2,0
298086,298086,298089,3,0
298086,298086,298088,2,0
298086,298086,298088,2,0
298086,298086,298089,3,0
298086,298086,298088,2,0
298086,298086,298088,2,0
298086,298086,298089,3,0
298086,298086,298088,2,0
298086,298086,298088,2,0
298086,298086,298088,2,0
298086,298086,298088,2,0
298086,298086,298088,2,0
298086,298086,298088,2,0
298086,298086,298088,2,0
298086,298086,298088,2,0
298086,298086,298089,3,0
298086,298086,298089,3,0
298091,298091,298093,2,0
298091,298091,298093,2,0
298091,298091,298093,2,0
298091,298091,298092,1,0
298091,298091,298092,1,0
298091,298091,298093,2,0
298091,298091,298093,2,0
298091,298091,298093,2,0
298091,298091,298093,2,0
298091,298091,298093,2,0
298091,298091,298094,3,0
298091,298091,298093,2,0
298091,298091,298093,2,0
298091,298091,298093,2,0
298091,298091,298093,2,0
298091,298091,298093,2,0
298091,298091,298093,2,0
298091,298091,298093,2,0
298091,298091,298093,2,0
298091,298091,298093,2,0
298091,298091,298093,2,0
298091,298091,298093,2,0
298091,298091,298093,2,0
298091,298091,298093,2,0
298091,298091,298093,2,0
298091,298091,298093,2,0
298091,298091,298093,2,0
298091,298091,298093,2,0
298091,298091,298093,2,0
298091,298091,298094,3,0
298091,298091,298094,3,0
298091,298091,298093,2,0
298095,298096,298097,1,1
298095,298095,298097,2,0
298095,298095,298097,2,0
298095,298096,298097,1,1
298095,298096,298097,1,1
298095,298096,298098,2,1
298095,298096,298098,2,1
298095,298096,298098,2,1
298095,298096,298098,2,1
298095,298096,298098,2,1
298095,298096,298098,2,1
298095,298096,298098,2,1
298095,298096,298098,2,1
298095,298096,298098,2,1
298095,298096,298098,2,1
298095,298096,298098,2,1
298095,298096,298098,2,1
298095,298096,298098,2,1
298095,298096,298098,2,1
298095,298096,298098,2,1
298095,298096,298098,2,1
298095,298096,298098,2,1
298095,298096,298098,2,1
298095,298096,298098,2,1
298095,298096,298098,2,1
298095,298096,298098,2,1
298095,298096,298098,2,1
298095,298096,298099,3,1
298095,298096,298099,3,1
298095,298096,298099,3,1
298095,298096,298099,3,1
298095,298096,298099,3,1
298103,298103,298104,1,0
298103,298103,298104,1,0
298103,298103,298104,1,0
298103,298103,298104,1,0
298103,298103,298105,2,0
298103,298103,298105,2,0
298103,298103,298105,2,0
298103,298103,298105,2,0
298103,298103,298105,2,0
298103,298103,298105,2,0
298103,298103,298105,2,0
298103,298103,298105,2,0
298103,298103,298105,2,0
298103,298103,298106,3,0
298103,298103,298105,2,0
298103,298103,298106,3,0
298103,298103,298105,2,0
298103,298103,298105,2,0
298103,298103,298105,2,0
298103,298103,298106,3,0
298103,298103,298105,2,0
298103,298103,298106,3,0
298103,298103,298105,2,0
298103,298103,298105,2,0
298103,298103,298106,3,0
298103,298103,298108,5,0
298103,298103,298107,4,0
298103,298103,298107,4,0
298103,298103,298108,5,0
298103,298103,298108,5,0
298103,298103,298109,6,0
298103,298103,298108,5,0
298110,298110,298112,2,0
298110,298110,298112,2,0
298110,298110,298111,1,0
298110,298110,298112,2,0
298110,298110,298111,1,0
298110,298110,298112,2,0
298110,298110,298112,2,0
298110,298110,298112,2,0
298110,298110,298113,3,0
298110,298110,298112,2,0
298110,298110,298112,2,0
298110,298110,298112,2,0
298110,298110,298113,3,0
298110,298110,298113,3,0
298110,298110,298112,2,0
298110,298110,298112,2,0
298110,298110,298112,2,0
298110,298110,298112,2,0
298110,298110,298113,3,0
298110,298110,298112,2,0
298110,298110,298112,2,0
298110,298110,298112,2,0
298110,298110,298112,2,0
298110,298110,298112,2,0
298110,298110,298112,2,0
298110,298110,298112,2,0
298110,298110,298112,2,0
298110,298110,298113,3,0
298110,298110,298112,2,0
298110,298110,298112,2,0
298110,298110,298113,3,0
298110,298110,298112,2,0
298114,298114,298116,2,0
298114,298114,298116,2,0
298114,298114,298116,2,0
298114,298114,298116,2,0
298114,298114,298116,2,0
298114,298114,298117,3,0
298114,298114,298117,3,0
298114,298114,298116,2,0
298114,298114,298116,2,0
298114,298114,298116,2,0
298114,298114,298116,2,0
298114,298114,298117,3,0
298114,298114,298117,3,0
298114,298114,298117,3,0
298114,298114,298117,3,0
298114,298114,298116,2,0
298114,298114,298116,2,0
298114,298114,298117,3,0
298114,298114,298117,3,0
298114,298114,298116,2,0
298114,298114,298117,3,0
298114,298114,298117,3,0
298114,298114,298117,3,0
298114,298114,298117,3,0
298114,298114,298117,3,0
298114,298114,298117,3,0
298114,298114,298117,3,0
298114,298114,298117,3,0
298114,298114,298117,3,0
298114,298114,298116,2,0
298114,298114,298117,3,0
298114,298114,298117,3,0
298119,298120,298121,1,1
298119,298120,298121,1,1
298119,298119,298121,2,0
298119,298119,298121,2,0
298119,298120,298121,1,1
298119,298120,298122,2,1
298119,298120,298122,2,1
298119,298119,298122,3,0
298119,298120,298122,2,1
298119,298120,298122,2,1
298119,298120,298122,2,1
298119,298119,298122,3,0
298119,298120,298122,2,1
298119,298120,298122,2,1
298119,298120,298122,2,1
298119,298120,298122,2,1
298119,298120,298123,3,1
298119,298120,298122,2,1
298119,298120,298122,2,1
298119,298120,298122,2,1
298119,298120,298122,2,1
298119,298120,298122,2,1
298119,298120,298122,2,1
298119,298120,298122,2,1
298119,298120,298123,3,1
298119,298120,298122,2,1
298119,298120,298122,2,1
298119,298120,298122,2,1
298119,298120,298122,2,1
298119,298120,298123,3,1
298119,298120,298123,3,1
298119,298120,298123,3,1
298124,298124,298126,2,0
298124,298124,298126,2,0
298124,298125,298126,1,1
298124,298124,298126,2,0
298124,298124,298127,3,0
298124,298124,298126,2,0
298124,298124,298126,2,0
298124,298124,298127,3,0
298124,298125,298127,2,1
298124,298124,298127,3,0
298124,298124,298127,3,0
298124,298124,298127,3,0
298124,298124,298127,3,0
298124,298124,298127,3,0
298124,298124,298127,3,0
298124,298124,298127,3,0
298124,298124,298127,3,0
298124,298124,298127,3,0
298124,298124,298127,3,0
298124,298124,298127,3,0
298124,298124,298127,3,0
298124,298125,298127,2,1
298124,298124,298127,3,0
298124,298124,298127,3,0
298124,298124,298127,3,0
298124,298125,298127,2,1
298124,298124,298127,3,0
298124,298124,298127,3,0
298124,298125,298127,2,1
298124,298124,298128,4,0
298124,298124,298128,4,0
298124,298124,298128,4,0
298130,298130,298131,1,0
298130,298130,298132,2,0
298130,298130,298131,1,0
298130,298130,298132,2,0
298130,298130,298132,2,0
298130,298130,298132,2,0
298130,298130,298133,3,0
298130,298130,298132,2,0
298130,298130,298133,3,0
298130,298130,298133,3,0
298130,298130,298132,2,0
298130,298130,298133,3,0
298130,298130,298132,2,0
298130,298130,298132,2,0
298130,298130,298132,2,0
298130,298130,298132,2,0
298130,298130,298132,2,0
298130,298130,298132,2,0
298130,298130,298133,3,0
298130,298130,298132,2,0
298130,298130,298132,2,0
298130,298130,298132,2,0
298130,298130,298132,2,0
298130,298130,298132,2,0
298130,298130,298133,3,0
298130,298130,298132,2,0
298130,298130,298133,3,0
298130,298130,298133,3,0
298130,298130,298133,3,0
298130,298130,298133,3,0
298130,298130,298133,3,0
298130,298130,298133,3,0
298135,298135,298136,1,0
298135,298135,298137,2,0
298135,298135,298137,2,0
298135,298135,298137,2,0
298135,298135,298138,3,0
298135,298135,298137,2,0
298135,298135,298138,3,0
298135,298135,298137,2,0
298135,298135,298138,3,0
298135,298135,298138,3,0
298135,298135,298138,3,0
298135,298135,298138,3,0
298135,298135,298138,3,0
298135,298135,298137,2,0
298135,298135,298137,2,0
298135,298135,298137,2,0
298135,298135,298138,3,0
298135,298135,298138,3,0
298135,298135,298138,3,0
298135,298135,298138,3,0
298135,298135,298137,2,0
298135,298135,298138,3,0
298135,298135,298138,3,0
298135,298135,298137,2,0
298135,298135,298138,3,0
298135,298135,298138,3,0
298135,298135,298137,2,0
298135,298135,298138,3,0
298135,298135,298138,3,0
298135,298135,298137,2,0
298135,298135,298138,3,0
298135,298135,298139,4,0
298140,298140,298142,2,0
298140,298140,298142,2,0
298140,298140,298142,2,0
298140,298140,298142,2,0
298140,298140,298142,2,0
298140,298140,298142,2,0
298140,298140,298142,2,0
298140,298140,298142,2,0
298140,298140,298142,2,0
298140,298140,298143,3,0
298140,298140,298142,2,0
298140,298140,298143,3,0
298140,298140,298143,3,0
298140,298140,298142,2,0
298140,298140,298143,3,0
298140,298140,298143,3,0
298140,298140,298143,3,0
298140,298140,298143,3,0
298140,298140,298143,3,0
298140,298140,298142,2,0
298140,298140,298143,3,0
298140,298140,298143,3,0
298140,298140,298143,3,0
298140,298140,298143,3,0
298140,298140,298142,2,0
298140,298140,298143,3,0
298140,298140,298143,3,0
298140,298140,298143,3,0
298140,298140,298142,2,0
298140,298140,298143,3,0
298140,298140,298143,3,0
298140,298140,298143,3,0
298149,298149,298151,2,0
298149,298149,298151,2,0
298149,298149,298150,1,0
298149,298149,298151,2,0
298149,298149,298151,2,0
298149,298149,298152,3,0
298149,298149,298152,3,0
298149,298149,298151,2,0
298149,298149,298152,3,0
298149,298149,298152,3,0
298149,298149,298151,2,0
298149,298149,298152,3,0
298149,298149,298152,3,0
298149,298149,298151,2,0
298149,298149,298152,3,0
298149,298149,298152,3,0
298149,298149,298151,2,0
298149,298149,298152,3,0
298149,298149,298152,3,0
298149,298149,298152,3,0
298149,298149,298152,3,0
298149,298149,298151,2,0
298149,298149,298152,3,0
298149,298149,298151,2,0
298149,298149,298152,3,0
298149,298149,298152,3,0
298149,298149,298152,3,0
298149,298149,298151,2,0
298149,298149,298152,3,0
298149,298149,298152,3,0
298149,298149,298152,3,0
298149,298149,298152,3,0
298155,298155,298157,2,0
298155,298155,298156,1,0
298155,298155,298157,2,0
298155,298155,298157,2,0
298155,298155,298156,1,0
298155,298155,298157,2,0
298155,298155,298157,2,0
298155,298155,298157,2,0
298155,298155,298157,2,0
298155,298155,298157,2,0
298155,298155,298158,3,0
298155,298155,298157,2,0
298155,298155,298157,2,0
298155,298155,298158,3,0
298155,298155,298158,3,0
298155,298155,298157,2,0
298155,298155,298157,2,0
298155,298155,298158,3,0
298155,298155,298157,2,0
298155,298155,298158,3,0
298155,298155,298158,3,0
298155,298155,298158,3,0
298155,298155,298157,2,0
298155,298155,298157,2,0
298155,298155,298157,2,0
298155,298155,298158,3,0
298155,298155,298158,3,0
298155,298155,298157,2,0
298155,298155,298158,3,0
298155,298155,298158,3,0
298155,298155,298158,3,0
298155,298155,298158,3,0
298160,298160,298162,2,0
298160,298160,298162,2,0
298160,298160,298161,1,0
298160,298160,298162,2,0
298160,298160,298162,2,0
298160,298160,298163,3,0
298160,298160,298162,2,0
298160,298160,298162,2,0
298160,298160,298163,3,0
298160,298160,298163,3,0
298160,298160,298162,2,0
298160,298160,298162,2,0
298160,298160,298162,2,0
298160,298160,298162,2,0
298160,298160,298162,2,0
298160,298160,298162,2,0
298160,298160,298163,3,0
298160,298160,298162,2,0
298160,298160,298162,2,0
298160,298160,298162,2,0
298160,298160,298163,3,0
298160,298160,298163,3,0
298160,298160,298162,2,0
298160,298160,298162,2,0
298160,298160,298163,3,0
298160,298160,298162,2,0
298160,298160,298162,2,0
298160,298160,298163,3,0
298160,298160,298162,2,0
298160,298160,298164,4,0
298160,298160,298163,3,0
298160,298160,298163,3,0
298165,298165,298167,2,0
298165,298165,298167,2,0
298165,298165,298166,1,0
298165,298165,298167,2,0
298165,298165,298166,1,0
298165,298165,298167,2,0
298165,298165,298168,3,0
298165,298165,298167,2,0
298165,298165,298168,3,0
298165,298165,298167,2,0
298165,298165,298167,2,0
298165,298165,298168,3,0
298165,298165,298168,3,0
298165,298165,298167,2,0
298165,298165,298168,3,0
298165,298165,298168,3,0
298165,298165,298168,3,0
298165,298165,298167,2,0
298165,298165,298168,3,0
298165,298165,298167,2,0
298165,298165,298168,3,0
298165,298165,298168,3,0
298165,298165,298168,3,0
298165,298165,298167,2,0
298165,298165,298167,2,0
298165,298165,298168,3,0
298165,298165,298167,2,0
298165,298165,298168,3,0
298165,298165,298168,3,0
298165,298165,298168,3,0
298165,298165,298169,4,0
298165,298165,298169,4,0
298170,298170,298172,2,0
298170,298170,298172,2,0
298170,298170,298172,2,0
298170,298170,298172,2,0
298170,298170,298171,1,0
298170,298170,298172,2,0
298170,298170,298173,3,0
298170,298170,298172,2,0
298170,298170,298172,2,0
298170,298170,298173,3,0
298170,298170,298173,3,0
298170,298170,298173,3,0
298170,298170,298173,3,0
298170,298170,298173,3,0
298170,298170,298172,2,0
298170,298170,298173,3,0
298170,298170,298172,2,0
298170,298170,298173,3,0
298170,298170,298172,2,0
298170,298170,298173,3,0
298170,298170,298173,3,0
298170,298170,298173,3,0
298170,298170,298172,2,0
298170,298170,298172,2,0
298170,298170,298173,3,0
298170,298170,298173,3,0
298170,298170,298173,3,0
298170,298170,298173,3,0
298170,298170,298173,3,0
298170,298170,298173,3,0
298170,298170,298173,3,0
298170,298170,298173,3,0
298174,298174,298176,2,0
298174,298174,298176,2,0
298174,298174,298176,2,0
298174,298174,298176,2,0
298174,298174,298176,2,0
298174,298174,298176,2,0
298174,298174,298177,3,0
298174,298174,298177,3,0
298174,298174,298177,3,0
298174,298174,298177,3,0
298174,298174,298177,3,0
298174,298174,298177,3,0
298174,298174,298177,3,0
298174,298174,298177,3,0
298174,298174,298177,3,0
298174,298174,298177,3,0
298174,298174,298177,3,0
298174,298174,298177,3,0
298174,298174,298177,3,0
298174,298174,298177,3,0
298174,298174,298177,3,0
298174,298174,298177,3,0
298174,298174,298177,3,0
298174,298174,298177,3,0
298174,298174,298177,3,0
298174,298174,298177,3,0
298174,298174,298177,3,0
298174,298174,298177,3,0
298174,298174,298177,3,0
298174,298174,298177,3,0
298174,298174,298177,3,0
298174,298174,298177,3,0
298178,298179,298180,1,1
298178,298179,298180,1,1
298178,298179,298181,2,1
298178,298179,298181,2,1
298178,298179,298181,2,1
298178,298179,298181,2,1
298178,298179,298181,2,1
298178,298179,298181,2,1
298178,298179,298181,2,1
298178,298179,298182,3,1
298178,298179,298181,2,1
298178,298179,298181,2,1
298178,298179,298181,2,1
298178,298179,298181,2,1
298178,298179,298181,2,1
298178,298179,298181,2,1
298178,298179,298181,2,1
298178,298179,298181,2,1
298178,298179,298181,2,1
298178,298179,298182,3,1
298178,298179,298181,2,1
298178,298179,298181,2,1
298178,298179,298182,3,1
298178,298179,298181,2,1
298178,298179,298181,2,1
298178,298179,298181,2,1
298178,298179,298182,3,1
298178,298179,298181,2,1
298178,298179,298181,2,1
298178,298179,298182,3,1
298178,298179,298182,3,1
298178,298179,298182,3,1
298185,298185,298187,2,0
298185,298185,298187,2,0
298185,298185,298186,1,0
298185,298185,298187,2,0
298185,298185,298187,2,0
298185,298185,298187,2,0
298185,298185,298188,3,0
298185,298185,298187,2,0
298185,298185,298187,2,0
298185,298185,298187,2,0
298185,298185,298187,2,0
298185,298185,298187,2,0
298185,298185,298188,3,0
298185,298185,298187,2,0
298185,298185,298187,2,0
298185,298185,298187,2,0
298185,298185,298188,3,0
298185,298185,298188,3,0
298185,298185,298187,2,0
298185,298185,298187,2,0
298185,298185,298187,2,0
298185,298185,298187,2,0
298185,298185,298187,2,0
298185,298185,298188,3,0
298185,298185,298187,2,0
298185,298185,298187,2,0
298185,298185,298191,6,0
298185,298185,298191,6,0
298185,298185,298191,6,0
298185,298185,298191,6,0
298185,298185,298191,6,0
298185,298185,298191,6,0
298192,298193,298194,1,1
298192,298193,298194,1,1
298192,298193,298194,1,1
298192,298193,298194,1,1
298192,298193,298194,1,1
298192,298193,298194,1,1
298192,298193,298195,2,1
298192,298193,298195,2,1
298192,298193,298195,2,1
298192,298193,298195,2,1
298192,298193,298195,2,1
298192,298193,298195,2,1
298192,298193,298195,2,1
298192,298193,298195,2,1
298192,298193,298195,2,1
298192,298193,298195,2,1
298192,298193,298195,2,1
298192,298193,298195,2,1
298192,298193,298195,2,1
298192,298193,298195,2,1
298192,298193,298195,2,1
298192,298193,298195,2,1
298192,298193,298195,2,1
298192,298193,298196,3,1
298192,298193,298195,2,1
298192,298193,298195,2,1
298192,298193,298195,2,1
298192,298193,298195,2,1
298192,298193,298195,2,1
298192,298193,298195,2,1
298192,298193,298195,2,1
298192,298193,298195,2,1
298197,298197,298199,2,0
298197,298197,298199,2,0
298197,298197,298199,2,0
298197,298197,298199,2,0
298197,298197,298199,2,0
298197,298197,298199,2,0
298197,298197,298199,2,0
298197,298197,298200,3,0
298197,298197,298199,2,0
298197,298197,298200,3,0
298197,298197,298199,2,0
298197,298197,298199,2,0
298197,298197,298200,3,0
298197,298197,298199,2,0
298197,298197,298199,2,0
298197,298197,298199,2,0
298197,298197,298199,2,0
298197,298197,298200,3,0
298197,298197,298200,3,0
298197,298197,298199,2,0
298197,298197,298200,3,0
298197,298197,298200,3,0
298197,298197,298199,2,0
298197,298197,298200,3,0
298197,298197,298200,3,0
298197,298197,298199,2,0
298197,298197,298200,3,0
298197,298197,298199,2,0
298197,298197,298200,3,0
298197,298197,298199,2,0
298197,298197,298199,2,0
298197,298197,298200,3,0
298202,298202,298204,2,0
298202,298202,298204,2,0
298202,298202,298203,1,0
298202,298202,298203,1,0
298202,298202,298204,2,0
298202,298202,298203,1,0
298202,298202,298204,2,0
298202,298202,298204,2,0
298202,298202,298204,2,0
298202,298202,298205,3,0
298202,298202,298204,2,0
298202,298202,298205,3,0
298202,298202,298204,2,0
298202,298202,298204,2,0
298202,298202,298204,2,0
298202,298202,298204,2,0
298202,298202,298205,3,0
298202,298202,298205,3,0
298202,298202,298205,3,0
298202,298202,298204,2,0
298202,298202,298204,2,0
298202,298202,298204,2,0
298202,298202,298205,3,0
298202,298202,298204,2,0
298202,298202,298204,2,0
298202,298202,298204,2,0
298202,298202,298205,3,0
298202,298202,298204,2,0
298202,298202,298204,2,0
298202,298202,298205,3,0
298202,298202,298204,2,0
298202,298202,298204,2,0
298206,298206,298208,2,0
298206,298206,298208,2,0
298206,298206,298208,2,0
298206,298206,298208,2,0
298206,298206,298208,2,0
298206,298206,298208,2,0
298206,298206,298208,2,0
298206,298206,298209,3,0
298206,298206,298208,2,0
298206,298206,298208,2,0
298206,298206,298208,2,0
298206,298206,298209,3,0
298206,298206,298208,2,0
298206,298206,298209,3,0
298206,298206,298209,3,0
298206,298206,298208,2,0
298206,298206,298209,3,0
298206,298206,298209,3,0
298206,298206,298208,2,0
298206,298206,298209,3,0
298206,298206,298209,3,0
298206,298206,298208,2,0
298206,298206,298209,3,0
298206,298206,298209,3,0
298206,298206,298209,3,0
298206,298206,298209,3,0
298206,298206,298209,3,0
298206,298206,298209,3,0
298206,298206,298208,2,0
298206,298206,298209,3,0
298206,298206,298208,2,0
298206,298206,298209,3,0
298211,298211,298213,2,0
298211,298211,298213,2,0
298211,298211,298213,2,0
298211,298211,298213,2,0
298211,298211,298213,2,0
298211,298211,298213,2,0
298211,298211,298214,3,0
298211,298211,298213,2,0
298211,298211,298213,2,0
298211,298211,298213,2,0
298211,298211,298214,3,0
298211,298211,298213,2,0
298211,298211,298214,3,0
298211,298211,298214,3,0
298211,298211,298213,2,0
298211,298211,298213,2,0
298211,298211,298213,2,0
298211,298211,298213,2,0
298211,298211,298214,3,0
298211,298211,298213,2,0
298211,298211,298214,3,0
298211,298211,298213,2,0
298211,298211,298213,2,0
298211,298211,298214,3,0
298211,298211,298213,2,0
298211,298211,298213,2,0
298211,298211,298213,2,0
298211,298211,298214,3,0
298211,298211,298214,3,0
298211,298211,298214,3,0
298211,298211,298213,2,0
298211,298211,298213,2,0
298215,298215,298217,2,0
298215,298215,298217,2,0
298215,298215,298217,2,0
298215,298215,298217,2,0
298215,298215,298217,2,0
298215,298215,298218,3,0
298215,298215,298218,3,0
298215,298215,298217,2,0
298215,298215,298218,3,0
298215,298215,298218,3,0
298215,298215,298218,3,0
298215,298215,298218,3,0
298215,298215,298218,3,0
298215,298215,298218,3,0
298215,298215,298217,2,0
298215,298215,298218,3,0
298215,298215,298218,3,0
298215,298215,298218,3,0
298215,298215,298218,3,0
298215,298215,298218,3,0
298215,298215,298218,3,0
298215,298215,298218,3,0
298215,298215,298218,3,0
298215,298215,298218,3,0
298215,298215,298218,3,0
298215,298215,298218,3,0
298215,298215,298218,3,0
298215,298215,298218,3,0
298215,298215,298218,3,0
298215,298215,298218,3,0
298215,298215,298219,4,0
298215,298215,298219,4,0
298220,298220,298222,2,0
298220,298220,298222,2,0
298220,298220,298222,2,0
298220,298220,298222,2,0
298220,298220,298223,3,0
298220,298220,298223,3,0
298220,298220,298223,3,0
298220,298220,298223,3,0
298220,298220,298223,3,0
298220,298220,298223,3,0
298220,298220,298223,3,0
298220,298220,298223,3,0
298220,298220,298223,3,0
298220,298220,298223,3,0
298220,298220,298223,3,0
298220,298220,298223,3,0
298220,298220,298223,3,0
298220,298220,298223,3,0
298220,298220,298223,3,0
298220,298220,298223,3,0
298220,298220,298223,3,0
298220,298220,298223,3,0
298220,298220,298223,3,0
298220,298220,298223,3,0
298220,298220,298223,3,0
298220,298220,298223,3,0
298220,298220,298224,4,0
298220,298220,298224,4,0
298220,298220,298224,4,0
298220,298220,298224,4,0
298220,298220,298224,4,0
298220,298220,298225,5,0
298226,298226,298228,2,0
298226,298226,298228,2,0
298226,298226,298228,2,0
298226,298226,298228,2,0
298226,298226,298228,2,0
298226,298226,298229,3,0
298226,298226,298229,3,0
298226,298226,298229,3,0
298226,298226,298229,3,0
298226,298226,298229,3,0
298226,298226,298229,3,0
298226,298226,298229,3,0
298226,298226,298229,3,0
298226,298226,298229,3,0
298226,298226,298229,3,0
298226,298226,298229,3,0
298226,298226,298229,3,0
298226,298226,298229,3,0
298226,298226,298229,3,0
298226,298226,298229,3,0
298226,298226,298229,3,0
298226,298226,298229,3,0
298226,298226,298229,3,0
298226,298227,298229,2,1
298226,298226,298230,4,0
298226,298226,298229,3,0
298226,298226,298229,3,0
298226,298226,298229,3,0
298226,298227,298229,2,1
298226,298227,298229,2,1
298226,298226,298230,4,0
298226,298226,298231,5,0
298234,298234,298236,2,0
298234,298234,298236,2,0
298234,298234,298235,1,0
298234,298234,298235,1,0
298234,298234,298236,2,0
298234,298234,298236,2,0
298234,298234,298237,3,0
298234,298234,298237,3,0
298234,298234,298237,3,0
298234,298234,298237,3,0
298234,298234,298237,3,0
298234,298234,298237,3,0
298234,298234,298237,3,0
298234,298234,298237,3,0
298234,298234,298237,3,0
298234,298234,298237,3,0
298234,298234,298237,3,0
298234,298234,298237,3,0
298234,298234,298237,3,0
298234,298234,298237,3,0
298234,298234,298237,3,0
298234,298234,298237,3,0
298234,298234,298237,3,0
298234,298234,298237,3,0
298234,298234,298237,3,0
298234,298234,298237,3,0
298234,298234,298237,3,0
298234,298234,298238,4,0
298234,298234,298237,3,0
298234,298234,298238,4,0
298234,298234,298237,3,0
298234,298234,298238,4,0
298239,298239,298241,2,0
298239,298239,298241,2,0
298239,298239,298241,2,0
298239,298239,298241,2,0
298239,298239,298241,2,0
298239,298239,298240,1,0
298239,298239,298241,2,0
298239,298239,298241,2,0
298239,298239,298242,3,0
298239,298239,298242,3,0
298239,298239,298242,3,0
298239,298239,298242,3,0
298239,298239,298241,2,0
298239,298239,298242,3,0
298239,298239,298242,3,0
298239,298239,298241,2,0
298239,298239,298242,3,0
298239,298239,298241,2,0
298239,298239,298241,2,0
298239,298239,298242,3,0
298239,298239,298241,2,0
298239,298239,298242,3,0
298239,298239,298242,3,0
298239,298239,298242,3,0
298239,298239,298242,3,0
298239,298239,298242,3,0
298239,298239,298242,3,0
298239,298239,298242,3,0
298239,298239,298242,3,0
298239,298239,298242,3,0
298239,298239,298241,2,0
298239,298239,298242,3,0
298244,298244,298246,2,0
298244,298244,298246,2,0
298244,298244,298246,2,0
298244,298244,298246,2,0
298244,298244,298247,3,0
298244,298244,298247,3,0
298244,298244,298247,3,0
298244,298244,298247,3,0
298244,298244,298247,3,0
298244,298244,298247,3,0
298244,298244,298247,3,0
298244,298244,298247,3,0
298244,298244,298247,3,0
298244,298244,298247,3,0
298244,298244,298247,3,0
298244,298244,298247,3,0
298244,298244,298247,3,0
298244,298244,298247,3,0
298244,298244,298246,2,0
298244,298244,298247,3,0
298244,298244,298247,3,0
298244,298244,298247,3,0
298244,298244,298247,3,0
298244,298244,298247,3,0
298244,298244,298247,3,0
298244,298244,298247,3,0
298244,298244,298247,3,0
298244,298244,298247,3,0
298244,298244,298247,3,0
298244,298244,298247,3,0
298244,298244,298247,3,0
298244,298244,298248,4,0
298249,298250,298252,2,1
298249,298250,298251,1,1
298249,298250,298251,1,1
298249,298250,298251,1,1
298249,298250,298251,1,1
298249,298250,298251,1,1
298249,298250,298252,2,1
298249,298250,298252,2,1
298249,298250,298252,2,1
298249,298250,298252,2,1
298249,298250,298252,2,1
298249,298250,298252,2,1
298249,298250,298252,2,1
298249,298250,298252,2,1
298249,298250,298252,2,1
298249,298250,298252,2,1
298249,298250,298252,2,1
298249,298250,298252,2,1
298249,298250,298252,2,1
298249,298250,298252,2,1
298249,298250,298252,2,1
298249,298250,298252,2,1
298249,298250,298252,2,1
298249,298250,298252,2,1
298249,298250,298252,2,1
298249,298250,298252,2,1
298249,298250,298252,2,1
298249,298250,298252,2,1
298249,298250,298252,2,1
298249,298250,298252,2,1
298249,298250,298253,3,1
298249,298250,298253,3,1
298255,298255,298257,2,0
298255,298255,298257,2,0
298255,298255,298257,2,0
298255,298255,298256,1,0
298255,298255,298257,2,0
298255,298255,298256,1,0
298255,298255,298257,2,0
298255,298255,298257,2,0
298255,298255,298258,3,0
298255,298255,298257,2,0
298255,298255,298257,2,0
298255,298255,298257,2,0
298255,298255,298257,2,0
298255,298255,298257,2,0
298255,298255,298257,2,0
298255,298255,298258,3,0
298255,298255,298257,2,0
298255,298255,298258,3,0
298255,298255,298258,3,0
298255,298255,298258,3,0
298255,298255,298258,3,0
298255,298255,298257,2,0
298255,298255,298257,2,0
298255,298255,298257,2,0
298255,298255,298257,2,0
298255,298255,298258,3,0
298255,298255,298258,3,0
298255,298255,298258,3,0
298255,298255,298258,3,0
298255,298255,298258,3,0
298255,298255,298258,3,0
298255,298255,298258,3,0
298260,298260,298262,2,0
298260,298260,298262,2,0
298260,298260,298262,2,0
298260,298260,298262,2,0
298260,298260,298262,2,0
298260,298260,298262,2,0
298260,298260,298263,3,0
298260,298260,298262,2,0
298260,298260,298263,3,0
298260,298260,298263,3,0
298260,298260,298263,3,0
298260,298260,298263,3,0
298260,298260,298263,3,0
298260,298260,298263,3,0
298260,298260,298263,3,0
298260,298260,298262,2,0
298260,298260,298263,3,0
298260,298260,298263,3,0
298260,298260,298262,2,0
298260,298260,298263,3,0
298260,298260,298263,3,0
298260,298260,298263,3,0
298260,298260,298263,3,0
298260,298260,298263,3,0
298260,298260,298263,3,0
298260,298260,298263,3,0
298260,298260,298263,3,0
298260,298260,298263,3,0
298260,298260,298263,3,0
298260,298260,298263,3,0
298260,298260,298263,3,0
298260,298260,298263,3,0
298265,298265,298267,2,0
298265,298265,298267,2,0
298265,298265,298267,2,0
298265,298265,298267,2,0
298265,298265,298266,1,0
298265,298265,298267,2,0
298265,298265,298267,2,0
298265,298265,298267,2,0
298265,298265,298267,2,0
298265,298265,298267,2,0
298265,298265,298268,3,0
298265,298265,298268,3,0
298265,298265,298267,2,0
298265,298265,298268,3,0
298265,298265,298268,3,0
298265,298265,298268,3,0
298265,298265,298268,3,0
298265,298265,298268,3,0
298265,298265,298268,3,0
298265,298265,298268,3,0
298265,298265,298267,2,0
298265,298265,298267,2,0
298265,298265,298268,3,0
298265,298265,298268,3,0
298265,298265,298268,3,0
298265,298265,298268,3,0
298265,298265,298268,3,0
298265,298265,298268,3,0
298265,298265,298268,3,0
298265,298265,298268,3,0
298265,298265,298269,4,0
298265,298265,298269,4,0
298270,298270,298272,2,0
298270,298270,298272,2,0
298270,298270,298272,2,0
298270,298270,298272,2,0
298270,298270,298273,3,0
298270,298270,298273,3,0
298270,298270,298273,3,0
298270,298270,298273,3,0
298270,298270,298273,3,0
298270,298270,298273,3,0
298270,298270,298273,3,0
298270,298270,298273,3,0
298270,298270,298273,3,0
298270,298270,298273,3,0
298270,298270,298273,3,0
298270,298270,298273,3,0
298270,298270,298273,3,0
298270,298270,298273,3,0
298270,298270,298273,3,0
298270,298270,298273,3,0
298270,298270,298273,3,0
298270,298270,298273,3,0
298270,298270,298273,3,0
298270,298270,298273,3,0
298270,298270,298273,3,0
298270,298270,298273,3,0
298270,298270,298274,4,0
298270,298270,298275,5,0
298270,298270,298275,5,0
298270,298270,298276,6,0
298270,298270,298275,5,0
298270,298270,298275,5,0
298277,298277,298280,3,0
298277,298277,298280,3,0
298277,298277,298279,2,0
298277,298277,298280,3,0
298277,298277,298280,3,0
298277,298277,298280,3,0
298277,298277,298280,3,0
298277,298277,298280,3,0
298277,298277,298280,3,0
298277,298277,298280,3,0
298277,298277,298280,3,0
298277,298277,298280,3,0
298277,298278,298280,2,1
298277,298277,298280,3,0
298277,298277,298280,3,0
298277,298277,298280,3,0
298277,298277,298280,3,0
298277,298277,298280,3,0
298277,298277,298280,3,0
298277,298278,298280,2,1
298277,298277,298281,4,0
298277,298277,298281,4,0
298277,298277,298281,4,0
298277,298277,298281,4,0
298277,298277,298281,4,0
298277,298277,298281,4,0
298277,298277,298281,4,0
298277,298277,298281,4,0
298277,298277,298281,4,0
298277,298277,298281,4,0
298277,298277,298280,3,0
298277,298277,298280,3,0
298322,298322,298324,2,0
298322,298322,298324,2,0
298322,298322,298324,2,0
298322,298322,298323,1,0
298322,298322,298323,1,0
298322,298322,298324,2,0
298322,298322,298324,2,0
298322,298322,298325,3,0
298322,298322,298325,3,0
298322,298322,298324,2,0
298322,298322,298325,3,0
298322,298322,298325,3,0
298322,298322,298324,2,0
298322,298322,298325,3,0
298322,298322,298325,3,0
298322,298322,298325,3,0
298322,298322,298325,3,0
298322,298322,298325,3,0
298322,298322,298325,3,0
298322,298322,298324,2,0
298322,298322,298325,3,0
298322,298322,298324,2,0
298322,298322,298324,2,0
298322,298322,298325,3,0
298322,298322,298325,3,0
298322,298322,298324,2,0
298322,298322,298325,3,0
298322,298322,298325,3,0
298322,298322,298325,3,0
298322,298322,298325,3,0
298322,298322,298325,3,0
298322,298322,298324,2,0
298326,298326,298328,2,0
298326,298326,298328,2,0
298326,298326,298327,1,0
298326,298326,298328,2,0
298326,298326,298328,2,0
298326,298326,298328,2,0
298326,298326,298328,2,0
298326,298326,298329,3,0
298326,298326,298328,2,0
298326,298326,298328,2,0
298326,298326,298328,2,0
298326,298326,298329,3,0
298326,298326,298328,2,0
298326,298326,298329,3,0
298326,298326,298328,2,0
298326,298326,298328,2,0
298326,298326,298329,3,0
298326,298326,298328,2,0
298326,298326,298329,3,0
298326,298326,298329,3,0
298326,298326,298328,2,0
298326,298326,298329,3,0
298326,298326,298328,2,0
298326,298326,298329,3,0
298326,298326,298328,2,0
298326,298326,298329,3,0
298326,298326,298329,3,0
298326,298326,298329,3,0
298326,298326,298328,2,0
298326,298326,298328,2,0
298326,298326,298329,3,0
298326,298326,298328,2,0
298330,298330,298332,2,0
298330,298331,298332,1,1
298330,298331,298332,1,1
298330,298331,298332,1,1
298330,298331,298332,1,1
298330,298331,298332,1,1
298330,298331,298332,1,1
298330,298331,298333,2,1
298330,298331,298333,2,1
298330,298331,298333,2,1
298330,298331,298333,2,1
298330,298331,298333,2,1
298330,298331,298333,2,1
298330,298331,298333,2,1
298330,298331,298333,2,1
298330,298331,298333,2,1
298330,298331,298333,2,1
298330,298331,298333,2,1
298330,298331,298333,2,1
298330,298331,298333,2,1
298330,298331,298333,2,1
298330,298331,298333,2,1
298330,298331,298333,2,1
298330,298331,298333,2,1
298330,298331,298333,2,1
298330,298331,298333,2,1
298330,298331,298333,2,1
298330,298331,298333,2,1
298330,298331,298333,2,1
298330,298331,298333,2,1
298330,298331,298334,3,1
298330,298331,298334,3,1
298335,298336,298337,1,1
298335,298336,298337,1,1
298335,298336,298337,1,1
298335,298336,298337,1,1
298335,298336,298338,2,1
298335,298336,298338,2,1
298335,298336,298338,2,1
298335,298336,298338,2,1
298335,298336,298338,2,1
298335,298336,298338,2,1
298335,298336,298338,2,1
298335,298336,298338,2,1
298335,298336,298338,2,1
298335,298336,298338,2,1
298335,298336,298339,3,1
298335,298336,298338,2,1
298335,298336,298338,2,1
298335,298336,298338,2,1
298335,298336,298338,2,1
298335,298336,298338,2,1
298335,298336,298338,2,1
298335,298336,298338,2,1
298335,298336,298338,2,1
298335,298336,298338,2,1
298335,298336,298338,2,1
298335,298336,298338,2,1
298335,298336,298338,2,1
298335,298336,298339,3,1
298335,298336,298339,3,1
298335,298336,298339,3,1
298335,298336,298339,3,1
298335,298336,298339,3,1
298340,298340,298342,2,0
298340,298340,298342,2,0
298340,298340,298342,2,0
298340,298340,298342,2,0
298340,298340,298342,2,0
298340,298340,298342,2,0
298340,298340,298343,3,0
298340,298340,298343,3,0
298340,298340,298343,3,0
298340,298340,298343,3,0
298340,298341,298343,2,1
298340,298340,298343,3,0
298340,298341,298343,2,1
298340,298340,298343,3,0
298340,298340,298343,3,0
298340,298340,298343,3,0
298340,298340,298343,3,0
298340,298341,298343,2,1
298340,298340,298343,3,0
298340,298341,298343,2,1
298340,298340,298343,3,0
298340,298341,298343,2,1
298340,298341,298343,2,1
298340,298340,298343,3,0
298340,298341,298343,2,1
298340,298340,298343,3,0
298340,298340,298344,4,0
298340,298340,298344,4,0
298340,298340,298344,4,0
298340,298340,298344,4,0
298340,298340,298344,4,0
298340,298340,298344,4,0
298347,298347,298348,1,0
298347,298347,298348,1,0
298347,298347,298348,1,0
298347,298347,298348,1,0
298347,298347,298348,1,0
298347,298347,298349,2,0
298347,298347,298349,2,0
298347,298347,298349,2,0
298347,298347,298349,2,0
298347,298347,298349,2,0
298347,298347,298349,2,0
298347,298347,298349,2,0
298347,298347,298349,2,0
298347,298347,298349,2,0
298347,298347,298349,2,0
298347,298347,298349,2,0
298347,298347,298349,2,0
298347,298347,298349,2,0
298347,298347,298349,2,0
298347,298347,298349,2,0
298347,298347,298349,2,0
298347,298347,298349,2,0
298347,298347,298350,3,0
298347,298347,298349,2,0
298347,298347,298349,2,0
298347,298347,298349,2,0
298347,298347,298349,2,0
298347,298347,298349,2,0
298347,298347,298350,3,0
298347,298347,298350,3,0
298347,298347,298350,3,0
298347,298347,298351,4,0
298352,298352,298354,2,0
298352,298352,298354,2,0
298352,298352,298354,2,0
298352,298352,298354,2,0
298352,298352,298354,2,0
298352,298352,298354,2,0
298352,298352,298353,1,0
298352,298352,298355,3,0
298352,298352,298354,2,0
298352,298352,298355,3,0
298352,298352,298355,3,0
298352,298352,298354,2,0
298352,298352,298354,2,0
298352,298352,298354,2,0
298352,298352,298354,2,0
298352,298352,298354,2,0
298352,298352,298354,2,0
298352,298352,298355,3,0
298352,298352,298354,2,0
298352,298352,298355,3,0
298352,298352,298354,2,0
298352,298352,298355,3,0
298352,298352,298355,3,0
298352,298352,298354,2,0
298352,298352,298355,3,0
298352,298352,298355,3,0
298352,298352,298354,2,0
298352,298352,298355,3,0
298352,298352,298355,3,0
298352,298352,298355,3,0
298352,298352,298355,3,0
298352,298352,298354,2,0
298359,298359,298361,2,0
298359,298359,298360,1,0
298359,298359,298360,1,0
298359,298359,298360,1,0
298359,298359,298361,2,0
298359,298359,298361,2,0
298359,298359,298361,2,0
298359,298359,298361,2,0
298359,298359,298361,2,0
298359,298359,298361,2,0
298359,298359,298362,3,0
298359,298359,298362,3,0
298359,298359,298362,3,0
298359,298359,298361,2,0
298359,298359,298361,2,0
298359,298359,298361,2,0
298359,298359,298361,2,0
298359,298359,298361,2,0
298359,298359,298362,3,0
298359,298359,298362,3,0
298359,298359,298362,3,0
298359,298359,298362,3,0
298359,298359,298362,3,0
298359,298359,298362,3,0
298359,298359,298362,3,0
298359,298359,298362,3,0
298359,298359,298362,3,0
298359,298359,298362,3,0
298359,298359,298362,3,0
298359,298359,298362,3,0
298359,298359,298362,3,0
298359,298359,298362,3,0
298364,298364,298366,2,0
298364,298364,298366,2,0
298364,298364,298365,1,0
298364,298364,298366,2,0
298364,298364,298366,2,0
298364,298364,298366,2,0
298364,298364,298367,3,0
298364,298364,298367,3,0
298364,298364,298367,3,0
298364,298364,298367,3,0
298364,298364,298367,3,0
298364,298364,298367,3,0
298364,298364,298367,3,0
298364,298364,298367,3,0
298364,298364,298367,3,0
298364,298364,298367,3,0
298364,298364,298367,3,0
298364,298364,298367,3,0
298364,298364,298367,3,0
298364,298364,298367,3,0
298364,298364,298367,3,0
298364,298364,298366,2,0
298364,298364,298367,3,0
298364,298364,298367,3,0
298364,298364,298366,2,0
298364,298364,298366,2,0
298364,298364,298367,3,0
298364,298364,298367,3,0
298364,298364,298366,2,0
298364,298364,298367,3,0
298364,298364,298367,3,0
298364,298364,298366,2,0
298369,298369,298370,1,0
298369,298369,298370,1,0
298369,298369,298370,1,0
298369,298369,298371,2,0
298369,298369,298371,2,0
298369,298369,298371,2,0
298369,298369,298371,2,0
298369,298369,298371,2,0
298369,298369,298371,2,0
298369,298369,298371,2,0
298369,298369,298371,2,0
298369,298369,298371,2,0
298369,298369,298371,2,0
298369,298369,298371,2,0
298369,298369,298371,2,0
298369,298369,298371,2,0
298369,298369,298371,2,0
298369,298369,298371,2,0
298369,298369,298372,3,0
298369,298369,298371,2,0
298369,298369,298371,2,0
298369,298369,298371,2,0
298369,298369,298371,2,0
298369,298369,298371,2,0
298369,298369,298371,2,0
298369,298369,298371,2,0
298369,298369,298371,2,0
298369,298369,298371,2,0
298369,298369,298371,2,0
298369,298369,298371,2,0
298369,298369,298371,2,0
298369,298369,298371,2,0
298373,298373,298375,2,0
298373,298373,298374,1,0
298373,298373,298375,2,0
298373,298373,298375,2,0
298373,298373,298374,1,0
298373,298373,298375,2,0
298373,298373,298375,2,0
298373,298373,298375,2,0
298373,298373,298375,2,0
298373,298373,298375,2,0
298373,298373,298375,2,0
298373,298373,298375,2,0
298373,298373,298375,2,0
298373,298373,298375,2,0
298373,298373,298376,3,0
298373,298373,298375,2,0
298373,298373,298375,2,0
298373,298373,298375,2,0
298373,298373,298375,2,0
298373,298373,298375,2,0
298373,298373,298375,2,0
298373,298373,298375,2,0
298373,298373,298375,2,0
298373,298373,298375,2,0
298373,298373,298375,2,0
298373,298373,298375,2,0
298373,298373,298375,2,0
298373,298373,298375,2,0
298373,298373,298376,3,0
298373,298373,298375,2,0
298373,298373,298375,2,0
298373,298373,298376,3,0
298378,298378,298380,2,0
298378,298378,298379,1,0
298378,298378,298379,1,0
298378,298378,298379,1,0
298378,298378,298380,2,0
298378,298378,298380,2,0
298378,298378,298380,2,0
298378,298378,298380,2,0
298378,298378,298380,2,0
298378,298378,298380,2,0
298378,298378,298380,2,0
298378,298378,298380,2,0
298378,298378,298380,2,0
298378,298378,298380,2,0
298378,298378,298381,3,0
298378,298378,298381,3,0
298378,298378,298380,2,0
298378,298378,298381,3,0
298378,298378,298381,3,0
298378,298378,298381,3,0
298378,298378,298381,3,0
298378,298378,298381,3,0
298378,298378,298380,2,0
298378,298378,298380,2,0
298378,298378,298381,3,0
298378,298378,298381,3,0
298378,298378,298380,2,0
298378,298378,298380,2,0
298378,298378,298380,2,0
298378,298378,298380,2,0
298378,298378,298381,3,0
298378,298378,298381,3,0
298383,298383,298385,2,0
298383,298383,298385,2,0
298383,298383,298384,1,0
298383,298383,298384,1,0
298383,298383,298385,2,0
298383,298383,298385,2,0
298383,298383,298385,2,0
298383,298383,298385,2,0
298383,298383,298385,2,0
298383,298383,298385,2,0
298383,298383,298385,2,0
298383,298383,298385,2,0
298383,298383,298385,2,0
298383,298383,298385,2,0
298383,298383,298385,2,0
298383,298383,298385,2,0
298383,298383,298385,2,0
298383,298383,298385,2,0
298383,298383,298386,3,0
298383,298383,298386,3,0
298383,298383,298385,2,0
298383,298383,298385,2,0
298383,298383,298385,2,0
298383,298383,298386,3,0
298383,298383,298385,2,0
298383,298383,298386,3,0
298383,298383,298385,2,0
298383,298383,298386,3,0
298383,298383,298386,3,0
298383,298383,298386,3,0
298383,298383,298386,3,0
298383,298383,298386,3,0
298388,298388,298390,2,0
298388,298388,298390,2,0
298388,298388,298390,2,0
298388,298388,298390,2,0
298388,298388,298390,2,0
298388,298388,298391,3,0
298388,298388,298391,3,0
298388,298388,298391,3,0
298388,298388,298390,2,0
298388,298388,298391,3,0
298388,298388,298391,3,0
298388,298388,298391,3,0
298388,298388,298391,3,0
298388,298388,298391,3,0
298388,298388,298391,3,0
298388,298388,298391,3,0
298388,298388,298391,3,0
298388,298388,298391,3,0
298388,298388,298391,3,0
298388,298388,298391,3,0
298388,298388,298391,3,0
298388,298388,298391,3,0
298388,298388,298392,4,0
298388,298388,298392,4,0
298388,298388,298392,4,0
298388,298388,298392,4,0
298388,298388,298391,3,0
298388,298388,298391,3,0
298388,298388,298392,4,0
298388,298388,298392,4,0
298388,298388,298392,4,0
298388,298388,298393,5,0
298394,298394,298396,2,0
298394,298394,298396,2,0
298394,298394,298396,2,0
298394,298394,298396,2,0
298394,298394,298396,2,0
298394,298394,298397,3,0
298394,298394,298397,3,0
298394,298394,298397,3,0
298394,298394,298397,3,0
298394,298394,298396,2,0
298394,298394,298397,3,0
298394,298394,298397,3,0
298394,298394,298397,3,0
298394,298394,298397,3,0
298394,298394,298397,3,0
298394,298394,298397,3,0
298394,298394,298397,3,0
298394,298394,298397,3,0
298394,298394,298397,3,0
298394,298394,298397,3,0
298394,298394,298396,2,0
298394,298394,298397,3,0
298394,298394,298396,2,0
298394,298394,298397,3,0
298394,298394,298397,3,0
298394,298394,298397,3,0
298394,298394,298397,3,0
298394,298394,298397,3,0
298394,298394,298397,3,0
298394,298394,298397,3,0
298394,298394,298397,3,0
298394,298394,298398,4,0
298399,298399,298401,2,0
298399,298399,298400,1,0
298399,298399,298401,2,0
298399,298399,298401,2,0
298399,298399,298401,2,0
298399,298399,298402,3,0
298399,298399,298401,2,0
298399,298399,298402,3,0
298399,298399,298402,3,0
298399,298399,298402,3,0
298399,298399,298401,2,0
298399,298399,298402,3,0
298399,298399,298402,3,0
298399,298399,298402,3,0
298399,298399,298402,3,0
298399,298399,298402,3,0
298399,298399,298402,3,0
298399,298399,298402,3,0
298399,298399,298402,3,0
298399,298399,298402,3,0
298399,298399,298402,3,0
298399,298399,298402,3,0
298399,298399,298401,2,0
298399,298399,298402,3,0
298399,298399,298402,3,0
298399,298399,298403,4,0
298399,298399,298402,3,0
298399,298399,298403,4,0
298399,298399,298403,4,0
298399,298399,298403,4,0
298399,298399,298403,4,0
298399,298399,298404,5,0
298405,298405,298407,2,0
298405,298405,298407,2,0
298405,298405,298407,2,0
298405,298405,298407,2,0
298405,298405,298409,4,0
298405,298405,298409,4,0
298405,298405,298409,4,0
298405,298405,298409,4,0
298405,298405,298409,4,0
298405,298405,298409,4,0
298405,298405,298409,4,0
298405,298405,298409,4,0
298405,298405,298409,4,0
298405,298405,298409,4,0
298405,298405,298409,4,0
298405,298405,298409,4,0
298405,298405,298409,4,0
298405,298405,298409,4,0
298405,298405,298409,4,0
298405,298405,298409,4,0
298405,298405,298409,4,0
298405,298405,298409,4,0
298405,298405,298409,4,0
298405,298405,298409,4,0
298405,298405,298409,4,0
298405,298405,298409,4,0
298405,298405,298409,4,0
298405,298405,298410,5,0
298405,298405,298409,4,0
298405,298405,298410,5,0
298405,298405,298410,5,0
298405,298405,298410,5,0
298411,298411,298413,2,0
298411,298411,298413,2,0
298411,298411,298413,2,0
298411,298411,298413,2,0
298411,298411,298413,2,0
298411,298411,298413,2,0
298411,298411,298413,2,0
298411,298411,298414,3,0
298411,298411,298414,3,0
298411,298411,298413,2,0
298411,298411,298414,3,0
298411,298411,298414,3,0
298411,298411,298414,3,0
298411,298411,298414,3,0
298411,298411,298414,3,0
298411,298411,298414,3,0
298411,298411,298413,2,0
298411,298411,298414,3,0
298411,298411,298414,3,0
298411,298411,298414,3,0
298411,298411,298414,3,0
298411,298411,298414,3,0
298411,298411,298414,3,0
298411,298411,298414,3,0
298411,298411,298414,3,0
298411,298411,298414,3,0
298411,298411,298414,3,0
298411,298411,298414,3,0
298411,298411,298414,3,0
298411,298411,298414,3,0
298411,298411,298415,4,0
298411,298411,298416,5,0
298417,298418,298419,1,1
298417,298418,298419,1,1
298417,298418,298419,1,1
298417,298418,298419,1,1
298417,298418,298419,1,1
298417,298418,298420,2,1
298417,298418,298420,2,1
298417,298418,298420,2,1
298417,298418,298420,2,1
298417,298418,298420,2,1
298417,298418,298420,2,1
298417,298418,298420,2,1
298417,298418,298420,2,1
298417,298418,298420,2,1
298417,298418,298420,2,1
298417,298418,298420,2,1
298417,298418,298420,2,1
298417,298418,298420,2,1
298417,298418,298420,2,1
298417,298418,298420,2,1
298417,298418,298420,2,1
298417,298418,298420,2,1
298417,298418,298420,2,1
298417,298418,298421,3,1
298417,298418,298420,2,1
298417,298418,298420,2,1
298417,298418,298420,2,1
298417,298418,298421,3,1
298417,298418,298420,2,1
298417,298418,298420,2,1
298417,298418,298421,3,1
298417,298418,298421,3,1
298423,298423,298425,2,0
298423,298423,298425,2,0
298423,298423,298425,2,0
298423,298423,298424,1,0
298423,298423,298425,2,0
298423,298423,298425,2,0
298423,298423,298425,2,0
298423,298423,298426,3,0
298423,298423,298426,3,0
298423,298423,298425,2,0
298423,298423,298425,2,0
298423,298423,298425,2,0
298423,298423,298425,2,0
298423,298423,298426,3,0
298423,298423,298426,3,0
298423,298423,298426,3,0
298423,298423,298426,3,0
298423,298423,298425,2,0
298423,298423,298426,3,0
298423,298423,298426,3,0
298423,298423,298425,2,0
298423,298423,298425,2,0
298423,298423,298426,3,0
298423,298423,298426,3,0
298423,298423,298425,2,0
298423,298423,298426,3,0
298423,298423,298426,3,0
298423,298423,298425,2,0
298423,298423,298426,3,0
298423,298423,298426,3,0
298423,298423,298425,2,0
298423,298423,298426,3,0
298428,298428,298430,2,0
298428,298428,298430,2,0
298428,298428,298430,2,0
298428,298428,298430,2,0
298428,298428,298430,2,0
298428,298428,298430,2,0
298428,298428,298430,2,0
298428,298428,298431,3,0
298428,298428,298431,3,0
298428,298428,298430,2,0
298428,298428,298431,3,0
298428,298428,298431,3,0
298428,298428,298430,2,0
298428,298428,298430,2,0
298428,298428,298431,3,0
298428,298428,298431,3,0
298428,298428,298431,3,0
298428,298428,298431,3,0
298428,298428,298430,2,0
298428,298428,298431,3,0
298428,298428,298431,3,0
298428,298428,298431,3,0
298428,298428,298431,3,0
298428,298428,298431,3,0
298428,298428,298431,3,0
298428,298428,298430,2,0
298428,298428,298431,3,0
298428,298428,298431,3,0
298428,298428,298431,3,0
298428,298428,298431,3,0
298428,298428,298431,3,0
298428,298428,298431,3,0
298433,298433,298435,2,0
298433,298433,298435,2,0
298433,298433,298435,2,0
298433,298433,298435,2,0
298433,298433,298435,2,0
298433,298433,298436,3,0
298433,298433,298436,3,0
298433,298433,298436,3,0
298433,298433,298436,3,0
298433,298433,298436,3,0
298433,298433,298436,3,0
298433,298433,298436,3,0
298433,298433,298436,3,0
298433,298433,298436,3,0
298433,298433,298436,3,0
298433,298433,298436,3,0
298433,298433,298436,3,0
298433,298433,298436,3,0
298433,298433,298436,3,0
298433,298433,298436,3,0
298433,298433,298436,3,0
298433,298433,298436,3,0
298433,298433,298436,3,0
298433,298433,298436,3,0
298433,298433,298436,3,0
298433,298433,298436,3,0
298433,298433,298436,3,0
298433,298433,298437,4,0
298433,298433,298437,4,0
298433,298433,298437,4,0
298433,298433,298437,4,0
298433,298433,298437,4,0
298438,298439,298440,1,1
298438,298439,298440,1,1
298438,298439,298440,1,1
298438,298439,298440,1,1
298438,298439,298441,2,1
298438,298439,298440,1,1
298438,298439,298440,1,1
298438,298439,298441,2,1
298438,298439,298441,2,1
298438,298439,298441,2,1
298438,298439,298441,2,1
298438,298439,298441,2,1
298438,298439,298441,2,1
298438,298439,298441,2,1
298438,298439,298441,2,1
298438,298439,298441,2,1
298438,298439,298441,2,1
298438,298439,298441,2,1
298438,298439,298441,2,1
298438,298439,298441,2,1
298438,298439,298441,2,1
298438,298439,298441,2,1
298438,298439,298441,2,1
298438,298439,298441,2,1
298438,298439,298441,2,1
298438,298439,298441,2,1
298438,298439,298443,4,1
298438,298439,298443,4,1
298438,298439,298443,4,1
298438,298439,298444,5,1
298438,298439,298444,5,1
298438,298439,298444,5,1
298446,298446,298447,1,0
298446,298446,298448,2,0
298446,298446,298447,1,0
298446,298446,298447,1,0
298446,298446,298448,2,0
298446,298446,298449,3,0
298446,298446,298449,3,0
298446,298446,298448,2,0
298446,298446,298448,2,0
298446,298446,298448,2,0
298446,298446,298448,2,0
298446,298446,298448,2,0
298446,298446,298449,3,0
298446,298446,298448,2,0
298446,298446,298448,2,0
298446,298446,298449,3,0
298446,298446,298449,3,0
298446,298446,298448,2,0
298446,298446,298448,2,0
298446,298446,298449,3,0
298446,298446,298448,2,0
298446,298446,298448,2,0
298446,298446,298449,3,0
298446,298446,298448,2,0
298446,298446,298448,2,0
298446,298446,298449,3,0
298446,298446,298448,2,0
298446,298446,298448,2,0
298446,298446,298449,3,0
298446,298446,298448,2,0
298446,298446,298449,3,0
298446,298446,298449,3,0
298451,298451,298453,2,0
298451,298451,298452,1,0
298451,298451,298453,2,0
298451,298451,298453,2,0
298451,298451,298452,1,0
298451,298451,298453,2,0
298451,298451,298453,2,0
298451,298451,298453,2,0
298451,298451,298453,2,0
298451,298451,298453,2,0
298451,298451,298453,2,0
298451,298451,298453,2,0
298451,298451,298453,2,0
298451,298451,298454,3,0
298451,298451,298453,2,0
298451,298451,298453,2,0
298451,298451,298453,2,0
298451,298451,298453,2,0
298451,298451,298454,3,0
298451,298451,298454,3,0
298451,298451,298453,2,0
298451,298451,298454,3,0
298451,298451,298454,3,0
298451,298451,298453,2,0
298451,298451,298453,2,0
298451,298451,298454,3,0
298451,298451,298453,2,0
298451,298451,298454,3,0
298451,298451,298454,3,0
298451,298451,298453,2,0
298451,298451,298454,3,0
298451,298451,298454,3,0
298456,298456,298457,1,0
298456,298456,298458,2,0
298456,298456,298458,2,0
298456,298456,298457,1,0
298456,298456,298458,2,0
298456,298456,298459,3,0
298456,298456,298459,3,0
298456,298456,298459,3,0
298456,298456,298459,3,0
298456,298456,298459,3,0
298456,298456,298458,2,0
298456,298456,298459,3,0
298456,298456,298459,3,0
298456,298456,298459,3,0
298456,298456,298459,3,0
298456,298456,298459,3,0
298456,298456,298458,2,0
298456,298456,298458,2,0
298456,298456,298459,3,0
298456,298456,298459,3,0
298456,298456,298458,2,0
298456,298456,298458,2,0
298456,298456,298459,3,0
298456,298456,298459,3,0
298456,298456,298458,2,0
298456,298456,298458,2,0
298456,298456,298459,3,0
298456,298456,298458,2,0
298456,298456,298459,3,0
298456,298456,298459,3,0
298456,298456,298459,3,0
298456,298456,298459,3,0
298461,298461,298463,2,0
298461,298461,298463,2,0
298461,298461,298463,2,0
298461,298461,298463,2,0
298461,298461,298464,3,0
298461,298461,298464,3,0
298461,298461,298464,3,0
298461,298461,298464,3,0
298461,298461,298464,3,0
298461,298461,298464,3,0
298461,298461,298464,3,0
298461,298461,298464,3,0
298461,298461,298464,3,0
298461,298461,298464,3,0
298461,298461,298463,2,0
298461,298461,298464,3,0
298461,298461,298464,3,0
298461,298461,298464,3,0
298461,298461,298464,3,0
298461,298461,298464,3,0
298461,298461,298464,3,0
298461,298461,298464,3,0
298461,298461,298464,3,0
298461,298461,298464,3,0
298461,298461,298464,3,0
298461,298461,298464,3,0
298461,298461,298464,3,0
298461,298461,298464,3,0
298461,298461,298464,3,0
298461,298461,298464,3,0
298461,298461,298464,3,0
298461,298461,298465,4,0
298468,298468,298470,2,0
298468,298468,298470,2,0
298468,298468,298470,2,0
298468,298468,298470,2,0
298468,298468,298471,3,0
298468,298468,298470,2,0
298468,298468,298470,2,0
298468,298468,298471,3,0
298468,298468,298470,2,0
298468,298468,298471,3,0
298468,298468,298470,2,0
298468,298468,298470,2,0
298468,298468,298470,2,0
298468,298468,298471,3,0
298468,298468,298471,3,0
298468,298468,298471,3,0
298468,298468,298471,3,0
298468,298468,298471,3,0
298468,298468,298471,3,0
298468,298468,298470,2,0
298468,298468,298471,3,0
298468,298468,298471,3,0
298468,298468,298471,3,0
298468,298468,298471,3,0
298468,298468,298470,2,0
298468,298468,298470,2,0
298468,298468,298471,3,0
298468,298468,298471,3,0
298468,298468,298471,3,0
298468,298468,298471,3,0
298468,298468,298471,3,0
298468,298468,298471,3,0
298474,298474,298475,1,0
298474,298474,298476,2,0
298474,298474,298476,2,0
298474,298474,298476,2,0
298474,298474,298476,2,0
298474,298474,298476,2,0
298474,298474,298476,2,0
298474,298474,298476,2,0
298474,298474,298476,2,0
298474,298474,298476,2,0
298474,298474,298476,2,0
298474,298474,298476,2,0
298474,298474,298476,2,0
298474,298474,298477,3,0
298474,298474,298476,2,0
298474,298474,298476,2,0
298474,298474,298477,3,0
298474,298474,298476,2,0
298474,298474,298476,2,0
298474,298474,298476,2,0
298474,298474,298476,2,0
298474,298474,298476,2,0
298474,298474,298476,2,0
298474,298474,298476,2,0
298474,298474,298476,2,0
298474,298474,298476,2,0
298474,298474,298477,3,0
298474,298474,298476,2,0
298474,298474,298477,3,0
298474,298474,298477,3,0
298474,298474,298477,3,0
298474,298474,298477,3,0
298479,298479,298480,1,0
298479,298479,298481,2,0
298479,298479,298481,2,0
298479,298479,298481,2,0
298479,298479,298480,1,0
298479,298479,298480,1,0
298479,298479,298481,2,0
298479,298479,298481,2,0
298479,298479,298481,2,0
298479,298479,298481,2,0
298479,298479,298481,2,0
298479,298479,298481,2,0
298479,298479,298481,2,0
298479,298479,298481,2,0
298479,298479,298481,2,0
298479,298479,298481,2,0
298479,298479,298481,2,0
298479,298479,298481,2,0
298479,298479,298481,2,0
298479,298479,298482,3,0
298479,298479,298481,2,0
298479,298479,298481,2,0
298479,298479,298482,3,0
298479,298479,298481,2,0
298479,298479,298481,2,0
298479,298479,298481,2,0
298479,298479,298481,2,0
298479,298479,298481,2,0
298479,298479,298481,2,0
298479,298479,298482,3,0
298479,298479,298481,2,0
298479,298479,298482,3,0
298486,298486,298488,2,0
298486,298486,298488,2,0
298486,298486,298488,2,0
298486,298486,298488,2,0
298486,298486,298488,2,0
298486,298486,298489,3,0
298486,298486,298489,3,0
298486,298486,298488,2,0
298486,298486,298489,3,0
298486,298486,298489,3,0
298486,298486,298489,3,0
298486,298486,298489,3,0
298486,298486,298489,3,0
298486,298486,298489,3,0
298486,298486,298489,3,0
298486,298486,298489,3,0
298486,298486,298489,3,0
298486,298486,298489,3,0
298486,298486,298489,3,0
298486,298486,298488,2,0
298486,298486,298489,3,0
298486,298486,298489,3,0
298486,298486,298488,2,0
298486,298486,298489,3,0
298486,298486,298489,3,0
298486,298486,298488,2,0
298486,298486,298489,3,0
298486,298486,298489,3,0
298486,298486,298489,3,0
298486,298486,298489,3,0
298486,298486,298489,3,0
298486,298486,298490,4,0
298492,298492,298494,2,0
298492,298492,298494,2,0
298492,298492,298494,2,0
298492,298492,298494,2,0
298492,298492,298494,2,0
298492,298492,298493,1,0
298492,298492,298494,2,0
298492,298492,298494,2,0
298492,298492,298495,3,0
298492,298492,298494,2,0
298492,298492,298495,3,0
298492,298492,298495,3,0
298492,298492,298495,3,0
298492,298492,298495,3,0
298492,298492,298495,3,0
298492,298492,298495,3,0
298492,298492,298494,2,0
298492,298492,298495,3,0
298492,298492,298495,3,0
298492,298492,298494,2,0
298492,298492,298495,3,0
298492,298492,298495,3,0
298492,298492,298495,3,0
298492,298492,298495,3,0
298492,298492,298495,3,0
298492,298492,298495,3,0
298492,298492,298495,3,0
298492,298492,298495,3,0
298492,298492,298495,3,0
298492,298492,298495,3,0
298492,298492,298495,3,0
298492,298492,298495,3,0
298497,298497,298499,2,0
298497,298497,298499,2,0
298497,298497,298499,2,0
298497,298497,298499,2,0
298497,298497,298499,2,0
298497,298497,298498,1,0
298497,298497,298499,2,0
298497,298497,298499,2,0
298497,298497,298499,2,0
298497,298497,298500,3,0
298497,298497,298499,2,0
298497,298497,298500,3,0
298497,298497,298500,3,0
298497,298497,298500,3,0
298497,298497,298500,3,0
298497,298497,298500,3,0
298497,298497,298499,2,0
298497,298497,298499,2,0
298497,298497,298500,3,0
298497,298497,298500,3,0
298497,298497,298500,3,0
298497,298497,298500,3,0
298497,298497,298499,2,0
298497,298497,298500,3,0
298497,298497,298500,3,0
298497,298497,298500,3,0
298497,298497,298499,2,0
298497,298497,298500,3,0
298497,298497,298500,3,0
298497,298497,298500,3,0
298497,298497,298500,3,0
298497,298497,298501,4,0
298503,298503,298504,1,0
298503,298503,298504,1,0
298503,298503,298504,1,0
298503,298503,298504,1,0
298503,298503,298505,2,0
298503,298503,298505,2,0
298503,298503,298505,2,0
298503,298503,298505,2,0
298503,298503,298505,2,0
298503,298503,298505,2,0
298503,298503,298505,2,0
298503,298503,298505,2,0
298503,298503,298505,2,0
298503,298503,298505,2,0
298503,298503,298505,2,0
298503,298503,298505,2,0
298503,298503,298505,2,0
298503,298503,298505,2,0
298503,298503,298505,2,0
298503,298503,298505,2,0
298503,298503,298505,2,0
298503,298503,298505,2,0
298503,298503,298505,2,0
298503,298503,298505,2,0
298503,298503,298505,2,0
298503,298503,298505,2,0
298503,298503,298505,2,0
298503,298503,298505,2,0
298503,298503,298505,2,0
298503,298503,298506,3,0
298503,298503,298506,3,0
298503,298503,298506,3,0
298508,298508,298510,2,0
298508,298508,298509,1,0
298508,298508,298510,2,0
298508,298508,298510,2,0
298508,298508,298510,2,0
298508,298508,298510,2,0
298508,298508,298510,2,0
298508,298508,298510,2,0
298508,298508,298510,2,0
298508,298508,298511,3,0
298508,298508,298511,3,0
298508,298508,298510,2,0
298508,298508,298511,3,0
298508,298508,298511,3,0
298508,298508,298510,2,0
298508,298508,298510,2,0
298508,298508,298510,2,0
298508,298508,298511,3,0
298508,298508,298511,3,0
298508,298508,298510,2,0
298508,298508,298510,2,0
298508,298508,298511,3,0
298508,298508,298510,2,0
298508,298508,298511,3,0
298508,298508,298510,2,0
298508,298508,298511,3,0
298508,298508,298511,3,0
298508,298508,298511,3,0
298508,298508,298511,3,0
298508,298508,298510,2,0
298508,298508,298511,3,0
298508,298508,298512,4,0
298513,298513,298515,2,0
298513,298513,298515,2,0
298513,298513,298514,1,0
298513,298513,298514,1,0
298513,298513,298516,3,0
298513,298513,298515,2,0
298513,298513,298515,2,0
298513,298513,298515,2,0
298513,298513,298515,2,0
298513,298513,298515,2,0
298513,298513,298516,3,0
298513,298513,298515,2,0
298513,298513,298515,2,0
298513,298513,298516,3,0
298513,298513,298515,2,0
298513,298513,298515,2,0
298513,298513,298516,3,0
298513,298513,298515,2,0
298513,298513,298516,3,0
298513,298513,298515,2,0
298513,298513,298516,3,0
298513,298513,298515,2,0
298513,298513,298515,2,0
298513,298513,298515,2,0
298513,298513,298516,3,0
298513,298513,298515,2,0
298513,298513,298516,3,0
298513,298513,298515,2,0
298513,298513,298515,2,0
298513,298513,298516,3,0
298513,298513,298516,3,0
298513,298513,298516,3,0
298518,298518,298520,2,0
298518,298518,298520,2,0
298518,298518,298520,2,0
298518,298518,298520,2,0
298518,298518,298520,2,0
298518,298518,298520,2,0
298518,298518,298520,2,0
298518,298518,298521,3,0
298518,298518,298521,3,0
298518,298518,298521,3,0
298518,298518,298521,3,0
298518,298518,298521,3,0
298518,298518,298520,2,0
298518,298518,298521,3,0
298518,298518,298520,2,0
298518,298518,298521,3,0
298518,298518,298521,3,0
298518,298518,298521,3,0
298518,298518,298521,3,0
298518,298518,298521,3,0
298518,298518,298521,3,0
298518,298518,298521,3,0
298518,298518,298521,3,0
298518,298518,298521,3,0
298518,298518,298521,3,0
298518,298518,298521,3,0
298518,298518,298521,3,0
298518,298518,298521,3,0
298518,298518,298522,4,0
298518,298518,298521,3,0
298518,298518,298521,3,0
298518,298518,298522,4,0
298524,298524,298526,2,0
298524,298524,298526,2,0
298524,298524,298526,2,0
298524,298524,298526,2,0
298524,298524,298526,2,0
298524,298524,298526,2,0
298524,298524,298527,3,0
298524,298524,298526,2,0
298524,298524,298527,3,0
298524,298524,298527,3,0
298524,298524,298526,2,0
298524,298524,298527,3,0
298524,298524,298527,3,0
298524,298524,298527,3,0
298524,298524,298526,2,0
298524,298524,298527,3,0
298524,298524,298526,2,0
298524,298524,298527,3,0
298524,298524,298527,3,0
298524,298524,298526,2,0
298524,298524,298527,3,0
298524,298524,298527,3,0
298524,298524,298526,2,0
298524,298524,298527,3,0
298524,298524,298527,3,0
298524,298524,298528,4,0
298524,298524,298529,5,0
298524,298524,298529,5,0
298524,298524,298529,5,0
298524,298524,298528,4,0
298524,298524,298530,6,0
298524,298524,298529,5,0
298532,298532,298533,1,0
298532,298532,298534,2,0
298532,298532,298535,3,0
298532,298532,298534,2,0
298532,298532,298534,2,0
298532,298532,298535,3,0
298532,298532,298535,3,0
298532,298532,298534,2,0
298532,298532,298534,2,0
298532,298532,298534,2,0
298532,298532,298534,2,0
298532,298532,298534,2,0
298532,298532,298534,2,0
298532,298532,298534,2,0
298532,298532,298534,2,0
298532,298532,298534,2,0
298532,298532,298534,2,0
298532,298532,298534,2,0
298532,298532,298535,3,0
298532,298532,298535,3,0
298532,298532,298535,3,0
298532,298532,298535,3,0
298532,298532,298535,3,0
298532,298532,298535,3,0
298532,298532,298535,3,0
298532,298532,298535,3,0
298532,298532,298535,3,0
298532,298532,298535,3,0
298532,298532,298535,3,0
298532,298532,298535,3,0
298532,298532,298535,3,0
298532,298532,298536,4,0
298538,298538,298540,2,0
298538,298538,298539,1,0
298538,298538,298540,2,0
298538,298538,298540,2,0
298538,298538,298540,2,0
298538,298538,298541,3,0
298538,298538,298540,2,0
298538,298538,298540,2,0
298538,298538,298540,2,0
298538,298538,298540,2,0
298538,298538,298541,3,0
298538,298538,298540,2,0
298538,298538,298541,3,0
298538,298538,298540,2,0
298538,298538,298540,2,0
298538,298538,298541,3,0
298538,298538,298540,2,0
298538,298538,298540,2,0
298538,298538,298541,3,0
298538,298538,298541,3,0
298538,298538,298541,3,0
298538,298538,298541,3,0
298538,298538,298540,2,0
298538,298538,298541,3,0
298538,298538,298541,3,0
298538,298538,298540,2,0
298538,298538,298541,3,0
298538,298538,298540,2,0
298538,298538,298540,2,0
298538,298538,298541,3,0
298538,298538,298541,3,0
298538,298538,298540,2,0
298542,298542,298544,2,0
298542,298542,298544,2,0
298542,298542,298544,2,0
298542,298542,298544,2,0
298542,298542,298544,2,0
298542,298542,298544,2,0
298542,298542,298544,2,0
298542,298542,298544,2,0
298542,298542,298545,3,0
298542,298542,298545,3,0
298542,298542,298545,3,0
298542,298542,298545,3,0
298542,298542,298544,2,0
298542,298542,298544,2,0
298542,298542,298545,3,0
298542,298542,298545,3,0
298542,298542,298544,2,0
298542,298542,298545,3,0
298542,298542,298545,3,0
298542,298542,298545,3,0
298542,298542,298545,3,0
298542,298542,298545,3,0
298542,298542,298545,3,0
298542,298542,298545,3,0
298542,298542,298545,3,0
298542,298542,298545,3,0
298542,298542,298545,3,0
298542,298542,298545,3,0
298542,298542,298545,3,0
298542,298542,298545,3,0
298542,298542,298545,3,0
298542,298542,298546,4,0
298547,298547,298549,2,0
298547,298547,298549,2,0
298547,298547,298549,2,0
298547,298547,298549,2,0
298547,298547,298549,2,0
298547,298547,298550,3,0
298547,298547,298549,2,0
298547,298547,298550,3,0
298547,298547,298550,3,0
298547,298547,298550,3,0
298547,298547,298550,3,0
298547,298547,298550,3,0
298547,298547,298550,3,0
298547,298547,298550,3,0
298547,298547,298550,3,0
298547,298547,298550,3,0
298547,298547,298550,3,0
298547,298547,298550,3,0
298547,298547,298550,3,0
298547,298547,298550,3,0
298547,298547,298550,3,0
298547,298547,298550,3,0
298547,298547,298550,3,0
298547,298547,298550,3,0
298547,298547,298549,2,0
298547,298547,298550,3,0
298547,298547,298550,3,0
298547,298547,298550,3,0
298547,298547,298550,3,0
298547,298547,298550,3,0
298547,298547,298551,4,0
298547,298547,298551,4,0
298553,298553,298555,2,0
298553,298553,298555,2,0
298553,298553,298555,2,0
298553,298553,298555,2,0
298553,298553,298555,2,0
298553,298553,298555,2,0
298553,298553,298554,1,0
298553,298553,298555,2,0
298553,298553,298556,3,0
298553,298553,298555,2,0
298553,298553,298555,2,0
298553,298553,298556,3,0
298553,298553,298555,2,0
298553,298553,298555,2,0
298553,298553,298556,3,0
298553,298553,298555,2,0
298553,298553,298555,2,0
298553,298553,298556,3,0
298553,298553,298556,3,0
298553,298553,298555,2,0
298553,298553,298556,3,0
298553,298553,298556,3,0
298553,298553,298555,2,0
298553,298553,298555,2,0
298553,298553,298555,2,0
298553,298553,298556,3,0
298553,298553,298555,2,0
298553,298553,298556,3,0
298553,298553,298555,2,0
298553,298553,298556,3,0
298553,298553,298557,4,0
298553,298553,298556,3,0
298558,298558,298560,2,0
298558,298558,298560,2,0
298558,298558,298560,2,0
298558,298558,298560,2,0
298558,298558,298560,2,0
298558,298558,298560,2,0
298558,298558,298560,2,0
298558,298558,298560,2,0
298558,298558,298561,3,0
298558,298558,298561,3,0
298558,298558,298561,3,0
298558,298558,298561,3,0
298558,298558,298561,3,0
298558,298558,298561,3,0
298558,298558,298561,3,0
298558,298558,298561,3,0
298558,298558,298561,3,0
298558,298558,298561,3,0
298558,298558,298561,3,0
298558,298558,298561,3,0
298558,298558,298561,3,0
298558,298558,298561,3,0
298558,298558,298561,3,0
298558,298558,298561,3,0
298558,298558,298561,3,0
298558,298558,298561,3,0
298558,298558,298561,3,0
298558,298558,298561,3,0
298558,298558,298561,3,0
298558,298558,298561,3,0
298558,298558,298562,4,0
298558,298558,298562,4,0
298563,298563,298565,2,0
298563,298563,298565,2,0
298563,298563,298565,2,0
298563,298563,298565,2,0
298563,298563,298565,2,0
298563,298563,298566,3,0
298563,298563,298566,3,0
298563,298563,298566,3,0
298563,298563,298566,3,0
298563,298563,298566,3,0
298563,298563,298566,3,0
298563,298563,298566,3,0
298563,298563,298566,3,0
298563,298563,298566,3,0
298563,298563,298566,3,0
298563,298563,298566,3,0
298563,298563,298566,3,0
298563,298563,298566,3,0
298563,298563,298566,3,0
298563,298563,298566,3,0
298563,298563,298566,3,0
298563,298563,298566,3,0
298563,298563,298566,3,0
298563,298563,298566,3,0
298563,298563,298566,3,0
298563,298563,298566,3,0
298563,298563,298566,3,0
298563,298563,298566,3,0
298563,298563,298567,4,0
298563,298563,298567,4,0
298563,298563,298569,6,0
298563,298563,298569,6,0
298571,298571,298572,1,0
298571,298571,298572,1,0
298571,298571,298572,1,0
298571,298571,298573,2,0
298571,298571,298572,1,0
298571,298571,298572,1,0
298571,298571,298572,1,0
298571,298571,298574,3,0
298571,298571,298573,2,0
298571,298571,298573,2,0
298571,298571,298573,2,0
298571,298571,298573,2,0
298571,298571,298573,2,0
298571,298571,298574,3,0
298571,298571,298573,2,0
298571,298571,298573,2,0
298571,298571,298573,2,0
298571,298571,298573,2,0
298571,298571,298574,3,0
298571,298571,298573,2,0
298571,298571,298573,2,0
298571,298571,298573,2,0
298571,298571,298573,2,0
298571,298571,298573,2,0
298571,298571,298573,2,0
298571,298571,298573,2,0
298571,298571,298573,2,0
298571,298571,298573,2,0
298571,298571,298574,3,0
298571,298571,298573,2,0
298571,298571,298574,3,0
298571,298571,298574,3,0
298576,298576,298578,2,0
298576,298576,298578,2,0
298576,298576,298578,2,0
298576,298576,298578,2,0
298576,298576,298578,2,0
298576,298576,298578,2,0
298576,298576,298578,2,0
298576,298576,298578,2,0
298576,298576,298578,2,0
298576,298576,298578,2,0
298576,298576,298578,2,0
298576,298576,298579,3,0
298576,298576,298579,3,0
298576,298576,298579,3,0
298576,298576,298578,2,0
298576,298576,298578,2,0
298576,298576,298579,3,0
298576,298576,298579,3,0
298576,298576,298579,3,0
298576,298576,298579,3,0
298576,298576,298579,3,0
298576,298576,298578,2,0
298576,298576,298579,3,0
298576,298576,298579,3,0
298576,298576,298579,3,0
298576,298576,298579,3,0
298576,298576,298578,2,0
298576,298576,298579,3,0
298576,298576,298578,2,0
298576,298576,298579,3,0
298576,298576,298579,3,0
298576,298576,298579,3,0
298582,298582,298583,1,0
298582,298582,298583,1,0
298582,298582,298583,1,0
298582,298582,298584,2,0
298582,298582,298584,2,0
298582,298582,298583,1,0
298582,298582,298584,2,0
298582,298582,298584,2,0
298582,298582,298584,2,0
298582,298582,298584,2,0
298582,298582,298585,3,0
298582,298582,298584,2,0
298582,298582,298584,2,0
298582,298582,298584,2,0
298582,298582,298584,2,0
298582,298582,298584,2,0
298582,298582,298584,2,0
298582,298582,298584,2,0
298582,298582,298584,2,0
298582,298582,298584,2,0
298582,298582,298584,2,0
298582,298582,298584,2,0
298582,298582,298584,2,0
298582,298582,298584,2,0
298582,298582,298585,3,0
298582,298582,298584,2,0
298582,298582,298584,2,0
298582,298582,298585,3,0
298582,298582,298584,2,0
298582,298582,298584,2,0
298582,298582,298585,3,0
298582,298582,298585,3,0
298587,298587,298589,2,0
298587,298587,298589,2,0
298587,298587,298589,2,0
298587,298587,298588,1,0
298587,298587,298589,2,0
298587,298587,298589,2,0
298587,298587,298589,2,0
298587,298587,298590,3,0
298587,298587,298589,2,0
298587,298587,298589,2,0
298587,298587,298589,2,0
298587,298587,298589,2,0
298587,298587,298589,2,0
298587,298587,298590,3,0
298587,298587,298589,2,0
298587,298587,298589,2,0
298587,298587,298590,3,0
298587,298587,298589,2,0
298587,298587,298590,3,0
298587,298587,298589,2,0
298587,298587,298589,2,0
298587,298587,298590,3,0
298587,298587,298589,2,0
298587,298587,298589,2,0
298587,298587,298589,2,0
298587,298587,298590,3,0
298587,298587,298589,2,0
298587,298587,298589,2,0
298587,298587,298589,2,0
298587,298587,298590,3,0
298587,298587,298589,2,0
298587,298587,298590,3,0
298592,298592,298594,2,0
298592,298592,298594,2,0
298592,298592,298593,1,0
298592,298592,298594,2,0
298592,298592,298594,2,0
298592,298592,298594,2,0
298592,298592,298594,2,0
298592,298592,298594,2,0
298592,298592,298594,2,0
298592,298592,298594,2,0
298592,298592,298595,3,0
298592,298592,298594,2,0
298592,298592,298594,2,0
298592,298592,298595,3,0
298592,298592,298594,2,0
298592,298592,298595,3,0
298592,298592,298595,3,0
298592,298592,298595,3,0
298592,298592,298595,3,0
298592,298592,298595,3,0
298592,298592,298594,2,0
298592,298592,298594,2,0
298592,298592,298595,3,0
298592,298592,298595,3,0
298592,298592,298595,3,0
298592,298592,298595,3,0
298592,298592,298594,2,0
298592,298592,298595,3,0
298592,298592,298595,3,0
298592,298592,298595,3,0
298592,298592,298595,3,0
298592,298592,298595,3,0
298597,298597,298599,2,0
298597,298597,298599,2,0
298597,298597,298599,2,0
298597,298597,298599,2,0
298597,298597,298599,2,0
298597,298597,298599,2,0
298597,298597,298599,2,0
298597,298597,298600,3,0
298597,298597,298600,3,0
298597,298597,298600,3,0
298597,298597,298600,3,0
298597,298597,298600,3,0
298597,298597,298600,3,0
298597,298597,298600,3,0
298597,298597,298600,3,0
298597,298597,298600,3,0
298597,298597,298600,3,0
298597,298597,298600,3,0
298597,298597,298600,3,0
298597,298597,298600,3,0
298597,298597,298600,3,0
298597,298597,298600,3,0
298597,298597,298600,3,0
298597,298597,298600,3,0
298597,298597,298600,3,0
298597,298597,298600,3,0
298597,298597,298600,3,0
298597,298597,298600,3,0
298597,298597,298600,3,0
298597,298597,298600,3,0
298597,298597,298600,3,0
298597,298597,298600,3,0
298602,298602,298604,2,0
298602,298602,298603,1,0
298602,298602,298603,1,0
298602,298602,298604,2,0
298602,298602,298603,1,0
298602,298602,298603,1,0
298602,298602,298603,1,0
298602,298602,298603,1,0
298602,298602,298604,2,0
298602,298602,298604,2,0
298602,298602,298604,2,0
298602,298602,298604,2,0
298602,298602,298604,2,0
298602,298602,298604,2,0
298602,298602,298604,2,0
298602,298602,298604,2,0
298602,298602,298604,2,0
298602,298602,298604,2,0
298602,298602,298604,2,0
298602,298602,298604,2,0
298602,298602,298604,2,0
298602,298602,298604,2,0
298602,298602,298604,2,0
298602,298602,298604,2,0
298602,298602,298604,2,0
298602,298602,298604,2,0
298602,298602,298604,2,0
298602,298602,298604,2,0
298602,298602,298605,3,0
298602,298602,298604,2,0
298602,298602,298604,2,0
298602,298602,298605,3,0
298607,298607,298608,1,0
298607,298607,298609,2,0
298607,298607,298608,1,0
298607,298607,298608,1,0
298607,298607,298608,1,0
298607,298607,298609,2,0
298607,298607,298609,2,0
298607,298607,298609,2,0
298607,298607,298609,2,0
298607,298607,298609,2,0
298607,298607,298609,2,0
298607,298607,298609,2,0
298607,298607,298609,2,0
298607,298607,298609,2,0
298607,298607,298609,2,0
298607,298607,298610,3,0
298607,298607,298609,2,0
298607,298607,298609,2,0
298607,298607,298609,2,0
298607,298607,298609,2,0
298607,298607,298609,2,0
298607,298607,298609,2,0
298607,298607,298610,3,0
298607,298607,298609,2,0
298607,298607,298609,2,0
298607,298607,298610,3,0
298607,298607,298612,5,0
298607,298607,298613,6,0
298607,298607,298612,5,0
298607,298607,298612,5,0
298607,298607,298612,5,0
298607,298607,298613,6,0
298615,298615,298617,2,0
298615,298615,298617,2,0
298615,298615,298617,2,0
298615,298615,298617,2,0
298615,298615,298618,3,0
298615,298615,298618,3,0
298615,298615,298618,3,0
298615,298615,298618,3,0
298615,298615,298618,3,0
298615,298615,298618,3,0
298615,298615,298618,3,0
298615,298615,298618,3,0
298615,298615,298618,3,0
298615,298615,298618,3,0
298615,298615,298618,3,0
298615,298615,298618,3,0
298615,298615,298618,3,0
298615,298615,298617,2,0
298615,298615,298618,3,0
298615,298615,298618,3,0
298615,298615,298618,3,0
298615,298615,298618,3,0
298615,298615,298618,3,0
298615,298615,298618,3,0
298615,298615,298619,4,0
298615,298615,298618,3,0
298615,298615,298618,3,0
298615,298615,298618,3,0
298615,298615,298618,3,0
298615,298615,298619,4,0
298615,298615,298619,4,0
298615,298615,298618,3,0
298620,298621,298622,1,1
298620,298621,298622,1,1
298620,298621,298622,1,1
298620,298621,298622,1,1
298620,298621,298622,1,1
298620,298621,298622,1,1
298620,298620,298622,2,0
298620,298620,298623,3,0
298620,298621,298623,2,1
298620,298621,298623,2,1
298620,298621,298623,2,1
298620,298621,298623,2,1
298620,298621,298623,2,1
298620,298621,298623,2,1
298620,298621,298623,2,1
298620,298621,298623,2,1
298620,298621,298623,2,1
298620,298621,298623,2,1
298620,298621,298623,2,1
298620,298621,298624,3,1
298620,298621,298623,2,1
298620,298621,298623,2,1
298620,298621,298623,2,1
298620,298621,298623,2,1
298620,298621,298623,2,1
298620,298621,298623,2,1
298620,298621,298623,2,1
298620,298621,298623,2,1
298620,298621,298624,3,1
298620,298621,298623,2,1
298620,298621,298623,2,1
298620,298621,298624,3,1
298626,298626,298627,1,0
298626,298626,298628,2,0
298626,298626,298628,2,0
298626,298626,298627,1,0
298626,298626,298627,1,0
298626,298626,298629,3,0
298626,298626,298628,2,0
298626,298626,298628,2,0
298626,298626,298628,2,0
298626,298626,298628,2,0
298626,298626,298628,2,0
298626,298626,298628,2,0
298626,298626,298629,3,0
298626,298626,298628,2,0
298626,298626,298629,3,0
298626,298626,298629,3,0
298626,298626,298628,2,0
298626,298626,298628,2,0
298626,298626,298628,2,0
298626,298626,298628,2,0
298626,298626,298628,2,0
298626,298626,298629,3,0
298626,298626,298628,2,0
298626,298626,298628,2,0
298626,298626,298629,3,0
298626,298626,298628,2,0
298626,298626,298629,3,0
298626,298626,298628,2,0
298626,298626,298628,2,0
298626,298626,298628,2,0
298626,298626,298629,3,0
298626,298626,298628,2,0
298630,298630,298632,2,0
298630,298630,298632,2,0
298630,298630,298632,2,0
298630,298630,298632,2,0
298630,298630,298632,2,0
298630,298630,298632,2,0
298630,298630,298633,3,0
298630,298630,298633,3,0
298630,298630,298633,3,0
298630,298630,298633,3,0
298630,298630,298633,3,0
298630,298630,298633,3,0
298630,298630,298633,3,0
298630,298630,298633,3,0
298630,298630,298633,3,0
298630,298630,298633,3,0
298630,298630,298633,3,0
298630,298630,298633,3,0
298630,298630,298633,3,0
298630,298630,298633,3,0
298630,298630,298633,3,0
298630,298630,298633,3,0
298630,298630,298633,3,0
298630,298630,298633,3,0
298630,298630,298633,3,0
298630,298630,298633,3,0
298630,298630,298632,2,0
298630,298630,298633,3,0
298630,298630,298633,3,0
298630,298630,298633,3,0
298630,298630,298633,3,0
298630,298630,298633,3,0
298636,298636,298637,1,0
298636,298636,298637,1,0
298636,298636,298637,1,0
298636,298636,298638,2,0
298636,298636,298639,3,0
298636,298636,298638,2,0
298636,298636,298639,3,0
298636,298636,298638,2,0
298636,298636,298638,2,0
298636,298636,298639,3,0
298636,298636,298638,2,0
298636,298636,298638,2,0
298636,298636,298638,2,0
298636,298636,298638,2,0
298636,298636,298638,2,0
298636,298636,298639,3,0
298636,298636,298639,3,0
298636,298636,298639,3,0
298636,298636,298639,3,0
298636,298636,298638,2,0
298636,298636,298639,3,0
298636,298636,298638,2,0
298636,298636,298638,2,0
298636,298636,298638,2,0
298636,298636,298638,2,0
298636,298636,298639,3,0
298636,298636,298639,3,0
298636,298636,298638,2,0
298636,298636,298639,3,0
298636,298636,298639,3,0
298636,298636,298639,3,0
298636,298636,298639,3,0
298641,298641,298642,1,0
298641,298641,298643,2,0
298641,298641,298643,2,0
298641,298641,298643,2,0
298641,298641,298643,2,0
298641,298641,298643,2,0
298641,298641,298643,2,0
298641,298641,298643,2,0
298641,298641,298643,2,0
298641,298641,298644,3,0
298641,298641,298643,2,0
298641,298641,298643,2,0
298641,298641,298643,2,0
298641,298641,298643,2,0
298641,298641,298643,2,0
298641,298641,298643,2,0
298641,298641,298644,3,0
298641,298641,298643,2,0
298641,298641,298643,2,0
298641,298641,298643,2,0
298641,298641,298644,3,0
298641,298641,298644,3,0
298641,298641,298643,2,0
298641,298641,298643,2,0
298641,298641,298644,3,0
298641,298641,298643,2,0
298641,298641,298644,3,0
298641,298641,298643,2,0
298641,298641,298644,3,0
298641,298641,298644,3,0
298641,298641,298644,3,0
298641,298641,298644,3,0
298646,298646,298648,2,0
298646,298646,298648,2,0
298646,298646,298648,2,0
298646,298646,298648,2,0
298646,298646,298647,1,0
298646,298646,298648,2,0
298646,298646,298649,3,0
298646,298646,298649,3,0
298646,298646,298649,3,0
298646,298646,298649,3,0
298646,298646,298649,3,0
298646,298646,298648,2,0
298646,298646,298649,3,0
298646,298646,298649,3,0
298646,298646,298649,3,0
298646,298646,298649,3,0
298646,298646,298649,3,0
298646,298646,298649,3,0
298646,298646,298648,2,0
298646,298646,298649,3,0
298646,298646,298648,2,0
298646,298646,298649,3,0
298646,298646,298649,3,0
298646,298646,298648,2,0
298646,298646,298649,3,0
298646,298646,298649,3,0
298646,298646,298648,2,0
298646,298646,298649,3,0
298646,298646,298649,3,0
298646,298646,298648,2,0
298646,298646,298650,4,0
298646,298646,298650,4,0
298654,298654,298656,2,0
298654,298654,298655,1,0
298654,298654,298655,1,0
298654,298654,298656,2,0
298654,298654,298656,2,0
298654,298654,298656,2,0
298654,298654,298656,2,0
298654,298654,298657,3,0
298654,298654,298656,2,0
298654,298654,298656,2,0
298654,298654,298656,2,0
298654,298654,298656,2,0
298654,298654,298656,2,0
298654,298654,298656,2,0
298654,298654,298657,3,0
298654,298654,298656,2,0
298654,298654,298656,2,0
298654,298654,298656,2,0
298654,298654,298656,2,0
298654,298654,298656,2,0
298654,298654,298657,3,0
298654,298654,298657,3,0
298654,298654,298656,2,0
298654,298654,298657,3,0
298654,298654,298656,2,0
298654,298654,298657,3,0
298654,298654,298656,2,0
298654,298654,298656,2,0
298654,298654,298657,3,0
298654,298654,298657,3,0
298654,298654,298658,4,0
298654,298654,298657,3,0
298659,298659,298661,2,0
298659,298659,298661,2,0
298659,298659,298661,2,0
298659,298659,298661,2,0
298659,298659,298661,2,0
298659,298659,298662,3,0
298659,298659,298662,3,0
298659,298659,298662,3,0
298659,298659,298662,3,0
298659,298659,298662,3,0
298659,298659,298662,3,0
298659,298659,298662,3,0
298659,298659,298662,3,0
298659,298659,298661,2,0
298659,298659,298662,3,0
298659,298659,298662,3,0
298659,298659,298661,2,0
298659,298659,298662,3,0
298659,298659,298662,3,0
298659,298659,298662,3,0
298659,298659,298662,3,0
298659,298659,298662,3,0
298659,298659,298662,3,0
298659,298659,298662,3,0
298659,298659,298662,3,0
298659,298659,298662,3,0
298659,298659,298662,3,0
298659,298659,298662,3,0
298659,298659,298662,3,0
298659,298659,298662,3,0
298659,298659,298663,4,0
298659,298659,298663,4,0
298664,298664,298666,2,0
298664,298664,298666,2,0
298664,298664,298666,2,0
298664,298664,298666,2,0
298664,298664,298666,2,0
298664,298664,298666,2,0
298664,298664,298666,2,0
298664,298664,298667,3,0
298664,298664,298667,3,0
298664,298664,298667,3,0
298664,298664,298667,3,0
298664,298664,298667,3,0
298664,298664,298667,3,0
298664,298664,298667,3,0
298664,298664,298667,3,0
298664,298664,298667,3,0
298664,298664,298667,3,0
298664,298664,298667,3,0
298664,298664,298667,3,0
298664,298664,298667,3,0
298664,298664,298667,3,0
298664,298664,298667,3,0
298664,298664,298667,3,0
298664,298664,298667,3,0
298664,298664,298667,3,0
298664,298664,298667,3,0
298664,298664,298667,3,0
298664,298664,298667,3,0
298664,298664,298667,3,0
298664,298664,298667,3,0
298664,298664,298668,4,0
298664,298664,298669,5,0
298670,298670,298672,2,0
298670,298670,298672,2,0
298670,298670,298672,2,0
298670,298670,298672,2,0
298670,298670,298673,3,0
298670,298670,298673,3,0
298670,298670,298673,3,0
298670,298670,298673,3,0
298670,298671,298673,2,1
298670,298670,298673,3,0
298670,298670,298673,3,0
298670,298671,298673,2,1
298670,298670,298673,3,0
298670,298671,298673,2,1
298670,298670,298673,3,0
298670,298670,298673,3,0
298670,298671,298673,2,1
298670,298670,298673,3,0
298670,298670,298673,3,0
298670,298671,298673,2,1
298670,298670,298673,3,0
298670,298671,298673,2,1
298670,298671,298673,2,1
298670,298671,298673,2,1
298670,298671,298673,2,1
298670,298670,298673,3,0
298670,298671,298673,2,1
298670,298671,298673,2,1
298670,298670,298674,4,0
298670,298670,298674,4,0
298670,298670,298674,4,0
298670,298670,298674,4,0
298675,298675,298677,2,0
298675,298675,298677,2,0
298675,298675,298677,2,0
298675,298675,298677,2,0
298675,298675,298678,3,0
298675,298675,298677,2,0
298675,298675,298678,3,0
298675,298675,298678,3,0
298675,298675,298678,3,0
298675,298675,298677,2,0
298675,298675,298678,3,0
298675,298675,298677,2,0
298675,298675,298678,3,0
298675,298675,298678,3,0
298675,298675,298678,3,0
298675,298675,298678,3,0
298675,298675,298678,3,0
298675,298675,298678,3,0
298675,298675,298678,3,0
298675,298675,298678,3,0
298675,298675,298678,3,0
298675,298675,298678,3,0
298675,298675,298678,3,0
298675,298675,298678,3,0
298675,298675,298678,3,0
298675,298675,298678,3,0
298675,298675,298678,3,0
298675,298675,298678,3,0
298675,298675,298678,3,0
298675,298675,298679,4,0
298675,298675,298679,4,0
298675,298675,298679,4,0
298681,298681,298683,2,0
298681,298681,298683,2,0
298681,298681,298683,2,0
298681,298681,298683,2,0
298681,298681,298682,1,0
298681,298681,298683,2,0
298681,298681,298683,2,0
298681,298681,298683,2,0
298681,298681,298683,2,0
298681,298681,298683,2,0
298681,298681,298683,2,0
298681,298681,298683,2,0
298681,298681,298683,2,0
298681,298681,298683,2,0
298681,298681,298683,2,0
298681,298681,298683,2,0
298681,298681,298683,2,0
298681,298681,298683,2,0
298681,298681,298683,2,0
298681,298681,298684,3,0
298681,298681,298683,2,0
298681,298681,298683,2,0
298681,298681,298683,2,0
298681,298681,298683,2,0
298681,298681,298683,2,0
298681,298681,298683,2,0
298681,298681,298683,2,0
298681,298681,298683,2,0
298681,298681,298684,3,0
298681,298681,298684,3,0
298681,298681,298684,3,0
298681,298681,298685,4,0
298686,298686,298688,2,0
298686,298686,298688,2,0
298686,298686,298688,2,0
298686,298686,298687,1,0
298686,298686,298688,2,0
298686,298686,298687,1,0
298686,298686,298688,2,0
298686,298686,298688,2,0
298686,298686,298688,2,0
298686,298686,298688,2,0
298686,298686,298688,2,0
298686,298686,298688,2,0
298686,298686,298688,2,0
298686,298686,298688,2,0
298686,298686,298688,2,0
298686,298686,298689,3,0
298686,298686,298688,2,0
298686,298686,298688,2,0
298686,298686,298688,2,0
298686,298686,298688,2,0
298686,298686,298688,2,0
298686,298686,298688,2,0
298686,298686,298688,2,0
298686,298686,298688,2,0
298686,298686,298688,2,0
298686,298686,298689,3,0
298686,298686,298689,3,0
298686,298686,298689,3,0
298686,298686,298689,3,0
298686,298686,298689,3,0
298686,298686,298690,4,0
298686,298686,298689,3,0
298691,298691,298693,2,0
298691,298691,298693,2,0
298691,298691,298693,2,0
298691,298691,298692,1,0
298691,298691,298693,2,0
298691,298691,298693,2,0
298691,298691,298694,3,0
298691,298691,298694,3,0
298691,298691,298693,2,0
298691,298691,298694,3,0
298691,298691,298694,3,0
298691,298691,298693,2,0
298691,298691,298693,2,0
298691,298691,298693,2,0
298691,298691,298693,2,0
298691,298691,298694,3,0
298691,298691,298693,2,0
298691,298691,298693,2,0
298691,298691,298694,3,0
298691,298691,298694,3,0
298691,298691,298693,2,0
298691,298691,298694,3,0
298691,298691,298694,3,0
298691,298691,298693,2,0
298691,298691,298695,4,0
298691,298691,298696,5,0
298691,298691,298696,5,0
298691,298691,298695,4,0
298691,298691,298696,5,0
298691,298691,298696,5,0
298691,298691,298697,6,0
298691,298691,298696,5,0
298698,298698,298700,2,0
298698,298698,298700,2,0
298698,298698,298700,2,0
298698,298698,298700,2,0
298698,298698,298700,2,0
298698,298698,298700,2,0
298698,298698,298701,3,0
298698,298698,298701,3,0
298698,298698,298700,2,0
298698,298698,298701,3,0
298698,298698,298701,3,0
298698,298698,298701,3,0
298698,298698,298701,3,0
298698,298698,298701,3,0
298698,298698,298701,3,0
298698,298698,298701,3,0
298698,298698,298701,3,0
298698,298698,298701,3,0
298698,298698,298701,3,0
298698,298698,298701,3,0
298698,298698,298701,3,0
298698,298698,298701,3,0
298698,298698,298701,3,0
298698,298698,298701,3,0
298698,298698,298701,3,0
298698,298698,298701,3,0
298698,298698,298701,3,0
298698,298698,298701,3,0
298698,298698,298701,3,0
298698,298698,298702,4,0
298698,298698,298701,3,0
298698,298698,298701,3,0
298705,298705,298707,2,0
298705,298705,298707,2,0
298705,298705,298706,1,0
298705,298705,298706,1,0
298705,298705,298707,2,0
298705,298705,298707,2,0
298705,298705,298707,2,0
298705,298705,298707,2,0
298705,298705,298707,2,0
298705,298705,298707,2,0
298705,298705,298707,2,0
298705,298705,298707,2,0
298705,298705,298708,3,0
298705,298705,298707,2,0
298705,298705,298707,2,0
298705,298705,298707,2,0
298705,298705,298707,2,0
298705,298705,298707,2,0
298705,298705,298708,3,0
298705,298705,298707,2,0
298705,298705,298707,2,0
298705,298705,298707,2,0
298705,298705,298707,2,0
298705,298705,298708,3,0
298705,298705,298707,2,0
298705,298705,298707,2,0
298705,298705,298707,2,0
298705,298705,298707,2,0
298705,298705,298708,3,0
298705,298705,298708,3,0
298705,298705,298708,3,0
298705,298705,298708,3,0
298710,298710,298712,2,0
298710,298710,298712,2,0
298710,298710,298712,2,0
298710,298710,298711,1,0
298710,298710,298712,2,0
298710,298710,298712,2,0
298710,298710,298712,2,0
298710,298710,298711,1,0
298710,298710,298712,2,0
298710,298710,298712,2,0
298710,298710,298713,3,0
298710,298710,298713,3,0
298710,298710,298712,2,0
298710,298710,298713,3,0
298710,298710,298713,3,0
298710,298710,298713,3,0
298710,298710,298713,3,0
298710,298710,298712,2,0
298710,298710,298712,2,0
298710,298710,298712,2,0
298710,298710,298712,2,0
298710,298710,298713,3,0
298710,298710,298712,2,0
298710,298710,298713,3,0
298710,298710,298713,3,0
298710,298710,298712,2,0
298710,298710,298713,3,0
298710,298710,298713,3,0
298710,298710,298713,3,0
298710,298710,298713,3,0
298710,298710,298714,4,0
298710,298710,298713,3,0
298715,298715,298717,2,0
298715,298715,298717,2,0
298715,298715,298717,2,0
298715,298715,298717,2,0
298715,298715,298717,2,0
298715,298715,298717,2,0
298715,298715,298717,2,0
298715,298715,298718,3,0
298715,298715,298718,3,0
298715,298715,298718,3,0
298715,298715,298717,2,0
298715,298715,298718,3,0
298715,298715,298718,3,0
298715,298715,298718,3,0
298715,298715,298718,3,0
298715,298715,298717,2,0
298715,298715,298718,3,0
298715,298715,298718,3,0
298715,298715,298718,3,0
298715,298715,298718,3,0
298715,298715,298717,2,0
298715,298715,298718,3,0
298715,298715,298718,3,0
298715,298715,298718,3,0
298715,298715,298718,3,0
298715,298715,298718,3,0
298715,298715,298718,3,0
298715,298715,298718,3,0
298715,298715,298718,3,0
298715,298715,298718,3,0
298715,298715,298718,3,0
298715,298715,298719,4,0
298721,298721,298722,1,0
298721,298721,298722,1,0
298721,298721,298722,1,0
298721,298721,298723,2,0
298721,298721,298723,2,0
298721,298721,298723,2,0
298721,298721,298723,2,0
298721,298721,298723,2,0
298721,298721,298723,2,0
298721,298721,298723,2,0
298721,298721,298723,2,0
298721,298721,298723,2,0
298721,298721,298723,2,0
298721,298721,298723,2,0
298721,298721,298723,2,0
298721,298721,298723,2,0
298721,298721,298723,2,0
298721,298721,298723,2,0
298721,298721,298724,3,0
298721,298721,298723,2,0
298721,298721,298724,3,0
298721,298721,298723,2,0
298721,298721,298723,2,0
298721,298721,298723,2,0
298721,298721,298723,2,0
298721,298721,298723,2,0
298721,298721,298723,2,0
298721,298721,298723,2,0
298721,298721,298723,2,0
298721,298721,298723,2,0
298721,298721,298723,2,0
298721,298721,298723,2,0
298725,298725,298727,2,0
298725,298725,298727,2,0
298725,298725,298727,2,0
298725,298725,298727,2,0
298725,298725,298727,2,0
298725,298725,298728,3,0
298725,298725,298728,3,0
298725,298725,298728,3,0
298725,298725,298728,3,0
298725,298725,298728,3,0
298725,298725,298728,3,0
298725,298725,298728,3,0
298725,298725,298728,3,0
298725,298725,298728,3,0
298725,298725,298728,3,0
298725,298725,298728,3,0
298725,298725,298727,2,0
298725,298725,298728,3,0
298725,298725,298728,3,0
298725,298725,298728,3,0
298725,298725,298728,3,0
298725,298725,298728,3,0
298725,298725,298728,3,0
298725,298725,298728,3,0
298725,298725,298728,3,0
298725,298725,298728,3,0
298725,298725,298729,4,0
298725,298725,298729,4,0
298725,298725,298729,4,0
298725,298725,298729,4,0
298725,298725,298729,4,0
298725,298725,298729,4,0
298730,298730,298732,2,0
298730,298730,298732,2,0
298730,298730,298732,2,0
298730,298730,298732,2,0
298730,298730,298732,2,0
298730,298730,298733,3,0
298730,298730,298733,3,0
298730,298730,298733,3,0
298730,298730,298733,3,0
298730,298730,298733,3,0
298730,298730,298733,3,0
298730,298730,298733,3,0
298730,298730,298733,3,0
298730,298730,298733,3,0
298730,298730,298733,3,0
298730,298730,298733,3,0
298730,298730,298733,3,0
298730,298730,298733,3,0
298730,298730,298733,3,0
298730,298730,298733,3,0
298730,298730,298733,3,0
298730,298730,298733,3,0
298730,298730,298733,3,0
298730,298730,298733,3,0
298730,298730,298733,3,0
298730,298730,298733,3,0
298730,298730,298733,3,0
298730,298730,298733,3,0
298730,298730,298733,3,0
298730,298730,298734,4,0
298730,298730,298734,4,0
298730,298730,298734,4,0
298735,298735,298737,2,0
298735,298735,298737,2,0
298735,298735,298737,2,0
298735,298735,298737,2,0
298735,298735,298738,3,0
298735,298735,298738,3,0
298735,298735,298738,3,0
298735,298735,298737,2,0
298735,298735,298738,3,0
298735,298735,298738,3,0
298735,298735,298738,3,0
298735,298735,298738,3,0
298735,298735,298738,3,0
298735,298735,298738,3,0
298735,298735,298738,3,0
298735,298735,298738,3,0
298735,298735,298738,3,0
298735,298735,298738,3,0
298735,298735,298738,3,0
298735,298735,298738,3,0
298735,298735,298738,3,0
298735,298735,298738,3,0
298735,298735,298738,3,0
298735,298735,298738,3,0
298735,298735,298738,3,0
298735,298735,298738,3,0
298735,298735,298738,3,0
298735,298735,298739,4,0
298735,298735,298739,4,0
298735,298735,298739,4,0
298735,298735,298739,4,0
298735,298735,298738,3,0
298741,298741,298742,1,0
298741,298741,298742,1,0
298741,298741,298742,1,0
298741,298741,298742,1,0
298741,298741,298742,1,0
298741,298741,298743,2,0
298741,298741,298743,2,0
298741,298741,298743,2,0
298741,298741,298743,2,0
298741,298741,298743,2,0
298741,298741,298743,2,0
298741,298741,298743,2,0
298741,298741,298743,2,0
298741,298741,298743,2,0
298741,298741,298743,2,0
298741,298741,298743,2,0
298741,298741,298743,2,0
298741,298741,298743,2,0
298741,298741,298743,2,0
298741,298741,298743,2,0
298741,298741,298743,2,0
298741,298741,298743,2,0
298741,298741,298743,2,0
298741,298741,298743,2,0
298741,298741,298743,2,0
298741,298741,298743,2,0
298741,298741,298743,2,0
298741,298741,298743,2,0
298741,298741,298743,2,0
298741,298741,298743,2,0
298741,298741,298743,2,0
298741,298741,298743,2,0
298745,298746,298747,1,1
298745,298746,298747,1,1
298745,298746,298747,1,1
298745,298746,298748,2,1
298745,298746,298748,2,1
298745,298746,298748,2,1
298745,298746,298748,2,1
298745,298746,298748,2,1
298745,298746,298748,2,1
298745,298746,298748,2,1
298745,298746,298748,2,1
298745,298746,298748,2,1
298745,298746,298748,2,1
298745,298746,298748,2,1
298745,298746,298748,2,1
298745,298746,298748,2,1
298745,298746,298748,2,1
298745,298746,298748,2,1
298745,298746,298748,2,1
298745,298746,298749,3,1
298745,298746,298748,2,1
298745,298746,298748,2,1
298745,298746,298749,3,1
298745,298746,298749,3,1
298745,298746,298748,2,1
298745,298746,298748,2,1
298745,298746,298748,2,1
298745,298746,298748,2,1
298745,298746,298748,2,1
298745,298746,298748,2,1
298745,298746,298748,2,1
298745,298746,298749,3,1
298750,298750,298752,2,0
298750,298750,298752,2,0
298750,298750,298752,2,0
298750,298750,298752,2,0
298750,298750,298752,2,0
298750,298750,298752,2,0
298750,298750,298752,2,0
298750,298750,298753,3,0
298750,298750,298753,3,0
298750,298750,298753,3,0
298750,298750,298753,3,0
298750,298750,298753,3,0
298750,298750,298753,3,0
298750,298750,298753,3,0
298750,298750,298753,3,0
298750,298750,298753,3,0
298750,298750,298753,3,0
298750,298750,298753,3,0
298750,298750,298753,3,0
298750,298750,298753,3,0
298750,298750,298753,3,0
298750,298750,298753,3,0
298750,298750,298753,3,0
298750,298750,298753,3,0
298750,298750,298753,3,0
298750,298750,298753,3,0
298750,298750,298753,3,0
298750,298750,298753,3,0
298750,298750,298753,3,0
298750,298750,298753,3,0
298750,298750,298753,3,0
298750,298750,298753,3,0
298755,298755,298756,1,0
298755,298755,298756,1,0
298755,298755,298757,2,0
298755,298755,298756,1,0
298755,298755,298756,1,0
298755,298755,298757,2,0
298755,298755,298757,2,0
298755,298755,298757,2,0
298755,298755,298757,2,0
298755,298755,298758,3,0
298755,298755,298757,2,0
298755,298755,298757,2,0
298755,298755,298758,3,0
298755,298755,298757,2,0
298755,298755,298758,3,0
298755,298755,298758,3,0
298755,298755,298757,2,0
298755,298755,298757,2,0
298755,298755,298758,3,0
298755,298755,298757,2,0
298755,298755,298758,3,0
298755,298755,298757,2,0
298755,298755,298757,2,0
298755,298755,298757,2,0
298755,298755,298758,3,0
298755,298755,298757,2,0
298755,298755,298757,2,0
298755,298755,298758,3,0
298755,298755,298757,2,0
298755,298755,298758,3,0
298755,298755,298758,3,0
298755,298755,298758,3,0
298760,298760,298762,2,0
298760,298760,298761,1,0
298760,298760,298762,2,0
298760,298760,298762,2,0
298760,298760,298762,2,0
298760,298760,298762,2,0
298760,298760,298763,3,0
298760,298760,298762,2,0
298760,298760,298763,3,0
298760,298760,298763,3,0
298760,298760,298763,3,0
298760,298760,298763,3,0
298760,298760,298762,2,0
298760,298760,298763,3,0
298760,298760,298763,3,0
298760,298760,298762,2,0
298760,298760,298763,3,0
298760,298760,298763,3,0
298760,298760,298762,2,0
298760,298760,298763,3,0
298760,298760,298763,3,0
298760,298760,298762,2,0
298760,298760,298763,3,0
298760,298760,298762,2,0
298760,298760,298763,3,0
298760,298760,298763,3,0
298760,298760,298763,3,0
298760,298760,298763,3,0
298760,298760,298762,2,0
298760,298760,298763,3,0
298760,298760,298763,3,0
298760,298760,298763,3,0
298765,298765,298767,2,0
298765,298765,298767,2,0
298765,298765,298766,1,0
298765,298765,298767,2,0
298765,298765,298767,2,0
298765,298765,298767,2,0
298765,298765,298767,2,0
298765,298765,298767,2,0
298765,298765,298768,3,0
298765,298765,298767,2,0
298765,298765,298768,3,0
298765,298765,298767,2,0
298765,298765,298768,3,0
298765,298765,298767,2,0
298765,298765,298767,2,0
298765,298765,298768,3,0
298765,298765,298768,3,0
298765,298765,298767,2,0
298765,298765,298768,3,0
298765,298765,298768,3,0
298765,298765,298768,3,0
298765,298765,298768,3,0
298765,298765,298768,3,0
298765,298765,298768,3,0
298765,298765,298767,2,0
298765,298765,298768,3,0
298765,298765,298768,3,0
298765,298765,298768,3,0
298765,298765,298768,3,0
298765,298765,298768,3,0
298765,298765,298768,3,0
298765,298765,298768,3,0
298770,298771,298772,1,1
298770,298771,298772,1,1
298770,298771,298772,1,1
298770,298771,298772,1,1
298770,298771,298772,1,1
298770,298771,298773,2,1
298770,298771,298773,2,1
298770,298771,298773,2,1
298770,298771,298773,2,1
298770,298771,298773,2,1
298770,298771,298773,2,1
298770,298771,298773,2,1
298770,298771,298773,2,1
298770,298771,298773,2,1
298770,298771,298773,2,1
298770,298771,298773,2,1
298770,298771,298773,2,1
298770,298771,298773,2,1
298770,298771,298774,3,1
298770,298771,298773,2,1
298770,298771,298773,2,1
298770,298771,298773,2,1
298770,298771,298773,2,1
298770,298771,298773,2,1
298770,298771,298773,2,1
298770,298771,298773,2,1
298770,298771,298774,3,1
298770,298771,298774,3,1
298770,298771,298774,3,1
298770,298771,298774,3,1
298770,298771,298774,3,1
298770,298771,298774,3,1
298779,298779,298781,2,0
298779,298779,298781,2,0
298779,298779,298781,2,0
298779,298779,298781,2,0
298779,298779,298781,2,0
298779,298779,298781,2,0
298779,298779,298781,2,0
298779,298779,298782,3,0
298779,298779,298782,3,0
298779,298779,298781,2,0
298779,298779,298782,3,0
298779,298779,298782,3,0
298779,298779,298782,3,0
298779,298779,298782,3,0
298779,298779,298782,3,0
298779,298779,298781,2,0
298779,298779,298781,2,0
298779,298779,298782,3,0
298779,298779,298782,3,0
298779,298779,298782,3,0
298779,298779,298782,3,0
298779,298779,298782,3,0
298779,298779,298782,3,0
298779,298779,298782,3,0
298779,298779,298781,2,0
298779,298779,298782,3,0
298779,298779,298782,3,0
298779,298779,298782,3,0
298779,298779,298782,3,0
298779,298779,298782,3,0
298779,298779,298782,3,0
298779,298779,298782,3,0
298784,298785,298786,1,1
298784,298785,298786,1,1
298784,298785,298786,1,1
298784,298785,298786,1,1
298784,298785,298786,1,1
298784,298785,298788,3,1
298784,298785,298788,3,1
298784,298785,298788,3,1
298784,298785,298788,3,1
298784,298785,298788,3,1
298784,298785,298788,3,1
298784,298785,298788,3,1
298784,298785,298788,3,1
298784,298785,298788,3,1
298784,298785,298788,3,1
298784,298785,298788,3,1
298784,298785,298788,3,1
298784,298785,298788,3,1
298784,298785,298788,3,1
298784,298785,298788,3,1
298784,298785,298788,3,1
298784,298785,298788,3,1
298784,298785,298788,3,1
298784,298785,298788,3,1
298784,298785,298788,3,1
298784,298785,298788,3,1
298784,298785,298788,3,1
298784,298785,298788,3,1
298784,298785,298788,3,1
298784,298785,298788,3,1
298784,298785,298788,3,1
298784,298785,298788,3,1
298790,298790,298792,2,0
298790,298790,298792,2,0
298790,298790,298791,1,0
298790,298790,298792,2,0
298790,298790,298792,2,0
298790,298790,298793,3,0
298790,298790,298792,2,0
298790,298790,298793,3,0
298790,298790,298792,2,0
298790,298790,298792,2,0
298790,298790,298792,2,0
298790,298790,298792,2,0
298790,298790,298792,2,0
298790,298790,298792,2,0
298790,298790,298792,2,0
298790,298790,298792,2,0
298790,298790,298792,2,0
298790,298790,298793,3,0
298790,298790,298792,2,0
298790,298790,298792,2,0
298790,298790,298792,2,0
298790,298790,298792,2,0
298790,298790,298792,2,0
298790,298790,298792,2,0
298790,298790,298792,2,0
298790,298790,298792,2,0
298790,298790,298793,3,0
298790,298790,298792,2,0
298790,298790,298793,3,0
298790,298790,298793,3,0
298790,298790,298793,3,0
298790,298790,298793,3,0
298795,298795,298797,2,0
298795,298795,298797,2,0
298795,298795,298796,1,0
298795,298795,298796,1,0
298795,298795,298797,2,0
298795,298795,298797,2,0
298795,298795,298797,2,0
298795,298795,298797,2,0
298795,298795,298797,2,0
298795,298795,298797,2,0
298795,298795,298797,2,0
298795,298795,298797,2,0
298795,298795,298797,2,0
298795,298795,298797,2,0
298795,298795,298797,2,0
298795,298795,298798,3,0
298795,298795,298797,2,0
298795,298795,298798,3,0
298795,298795,298797,2,0
298795,298795,298797,2,0
298795,298795,298798,3,0
298795,298795,298797,2,0
298795,298795,298798,3,0
298795,298795,298797,2,0
298795,298795,298798,3,0
298795,298795,298797,2,0
298795,298795,298798,3,0
298795,298795,298799,4,0
298795,298795,298798,3,0
298795,298795,298798,3,0
298795,298795,298798,3,0
298795,298795,298798,3,0
298800,298800,298802,2,0
298800,298800,298802,2,0
298800,298800,298802,2,0
298800,298800,298801,1,0
298800,298800,298802,2,0
298800,298800,298802,2,0
298800,298800,298802,2,0
298800,298800,298803,3,0
298800,298800,298803,3,0
298800,298800,298802,2,0
298800,298800,298802,2,0
298800,298800,298802,2,0
298800,298800,298802,2,0
298800,298800,298803,3,0
298800,298800,298803,3,0
298800,298800,298803,3,0
298800,298800,298803,3,0
298800,298800,298803,3,0
298800,298800,298803,3,0
298800,298800,298803,3,0
298800,298800,298803,3,0
298800,298800,298803,3,0
298800,298800,298802,2,0
298800,298800,298803,3,0
298800,298800,298803,3,0
298800,298800,298803,3,0
298800,298800,298803,3,0
298800,298800,298804,4,0
298800,298800,298803,3,0
298800,298800,298803,3,0
298800,298800,298804,4,0
298800,298800,298804,4,0
298806,298806,298808,2,0
298806,298806,298808,2,0
298806,298806,298808,2,0
298806,298806,298808,2,0
298806,298806,298808,2,0
298806,298806,298809,3,0
298806,298806,298808,2,0
298806,298806,298809,3,0
298806,298806,298809,3,0
298806,298806,298808,2,0
298806,298806,298809,3,0
298806,298806,298809,3,0
298806,298806,298809,3,0
298806,298806,298809,3,0
298806,298806,298809,3,0
298806,298806,298809,3,0
298806,298806,298809,3,0
298806,298806,298809,3,0
298806,298806,298809,3,0
298806,298806,298809,3,0
298806,298806,298809,3,0
298806,298806,298809,3,0
298806,298806,298809,3,0
298806,298806,298809,3,0
298806,298806,298809,3,0
298806,298806,298809,3,0
298806,298806,298809,3,0
298806,298806,298809,3,0
298806,298806,298810,4,0
298806,298806,298810,4,0
298806,298806,298810,4,0
298806,298806,298810,4,0
298811,298811,298813,2,0
298811,298811,298813,2,0
298811,298811,298813,2,0
298811,298811,298813,2,0
298811,298811,298814,3,0
298811,298811,298813,2,0
298811,298811,298814,3,0
298811,298811,298814,3,0
298811,298811,298814,3,0
298811,298811,298814,3,0
298811,298811,298814,3,0
298811,298811,298814,3,0
298811,298811,298814,3,0
298811,298811,298814,3,0
298811,298811,298814,3,0
298811,298811,298814,3,0
298811,298811,298814,3,0
298811,298811,298814,3,0
298811,298811,298814,3,0
298811,298811,298814,3,0
298811,298811,298814,3,0
298811,298811,298814,3,0
298811,298811,298814,3,0
298811,298811,298814,3,0
298811,298811,298814,3,0
298811,298811,298814,3,0
298811,298811,298814,3,0
298811,298811,298815,4,0
298811,298811,298814,3,0
298811,298811,298815,4,0
298811,298811,298815,4,0
298811,298811,298816,5,0
298817,298817,298819,2,0
298817,298817,298819,2,0
298817,298817,298819,2,0
298817,298817,298819,2,0
298817,298817,298819,2,0
298817,298817,298819,2,0
298817,298817,298819,2,0
298817,298817,298819,2,0
298817,298817,298820,3,0
298817,298817,298820,3,0
298817,298817,298820,3,0
298817,298817,298820,3,0
298817,298817,298820,3,0
298817,298817,298820,3,0
298817,298817,298820,3,0
298817,298817,298820,3,0
298817,298817,298820,3,0
298817,298817,298820,3,0
298817,298817,298820,3,0
298817,298817,298820,3,0
298817,298817,298820,3,0
298817,298817,298820,3,0
298817,298817,298820,3,0
298817,298817,298820,3,0
298817,298817,298820,3,0
298817,298817,298821,4,0
298817,298817,298822,5,0
298817,298817,298822,5,0
298817,298817,298823,6,0
298817,298817,298823,6,0
298817,298817,298823,6,0
298817,298817,298824,7,0
298826,298826,298828,2,0
298826,298826,298828,2,0
298826,298826,298827,1,0
298826,298826,298827,1,0
298826,298826,298828,2,0
298826,298826,298828,2,0
298826,298826,298830,4,0
298826,298826,298829,3,0
298826,298826,298829,3,0
298826,298826,298829,3,0
298826,298826,298830,4,0
298826,298826,298829,3,0
298826,298826,298829,3,0
298826,298826,298829,3,0
298826,298826,298829,3,0
298826,298826,298829,3,0
298826,298826,298830,4,0
298826,298826,298829,3,0
298826,298826,298829,3,0
298826,298826,298830,4,0
298826,298826,298830,4,0
298826,298826,298829,3,0
298826,298826,298830,4,0
298826,298826,298829,3,0
298826,298826,298829,3,0
298826,298826,298829,3,0
298826,298826,298830,4,0
298826,298826,298829,3,0
298826,298826,298830,4,0
298826,298826,298829,3,0
298826,298826,298829,3,0
298826,298826,298830,4,0
298832,298832,298834,2,0
298832,298832,298834,2,0
298832,298832,298834,2,0
298832,298832,298833,1,0
298832,298832,298834,2,0
298832,298832,298834,2,0
298832,298832,298834,2,0
298832,298832,298834,2,0
298832,298832,298835,3,0
298832,298832,298834,2,0
298832,298832,298834,2,0
298832,298832,298835,3,0
298832,298832,298835,3,0
298832,298832,298835,3,0
298832,298832,298835,3,0
298832,298832,298834,2,0
298832,298832,298834,2,0
298832,298832,298834,2,0
298832,298832,298835,3,0
298832,298832,298835,3,0
298832,298832,298835,3,0
298832,298832,298834,2,0
298832,298832,298835,3,0
298832,298832,298835,3,0
298832,298832,298834,2,0
298832,298832,298834,2,0
298832,298832,298835,3,0
298832,298832,298835,3,0
298832,298832,298835,3,0
298832,298832,298835,3,0
298832,298832,298835,3,0
298832,298832,298835,3,0
298837,298837,298838,1,0
298837,298837,298839,2,0
298837,298837,298839,2,0
298837,298837,298839,2,0
298837,298837,298839,2,0
298837,298837,298839,2,0
298837,298837,298839,2,0
298837,298837,298840,3,0
298837,298837,298840,3,0
298837,298837,298840,3,0
298837,298837,298840,3,0
298837,298837,298840,3,0
298837,298837,298840,3,0
298837,298837,298840,3,0
298837,298837,298840,3,0
298837,298837,298840,3,0
298837,298837,298840,3,0
298837,298837,298839,2,0
298837,298837,298840,3,0
298837,298837,298840,3,0
298837,298837,298840,3,0
298837,298837,298840,3,0
298837,298837,298840,3,0
298837,298837,298840,3,0
298837,298837,298840,3,0
298837,298837,298839,2,0
298837,298837,298840,3,0
298837,298837,298840,3,0
298837,298837,298840,3,0
298837,298837,298840,3,0
298837,298837,298840,3,0
298837,298837,298840,3,0
298842,298842,298844,2,0
298842,298842,298843,1,0
298842,298842,298844,2,0
298842,298842,298844,2,0
298842,298842,298843,1,0
298842,298842,298843,1,0
298842,298842,298843,1,0
298842,298842,298844,2,0
298842,298842,298844,2,0
298842,298842,298844,2,0
298842,298842,298844,2,0
298842,298842,298844,2,0
298842,298842,298844,2,0
298842,298842,298844,2,0
298842,298842,298844,2,0
298842,298842,298844,2,0
298842,298842,298844,2,0
298842,298842,298844,2,0
298842,298842,298844,2,0
298842,298842,298845,3,0
298842,298842,298844,2,0
298842,298842,298844,2,0
298842,298842,298844,2,0
298842,298842,298844,2,0
298842,298842,298844,2,0
298842,298842,298844,2,0
298842,298842,298844,2,0
298842,298842,298844,2,0
298842,298842,298845,3,0
298842,298842,298845,3,0
298842,298842,298845,3,0
298842,298842,298845,3,0
298847,298847,298849,2,0
298847,298847,298848,1,0
298847,298847,298848,1,0
298847,298847,298849,2,0
298847,298847,298848,1,0
298847,298847,298850,3,0
298847,298847,298849,2,0
298847,298847,298850,3,0
298847,298847,298849,2,0
298847,298847,298850,3,0
298847,298847,298849,2,0
298847,298847,298849,2,0
298847,298847,298849,2,0
298847,298847,298849,2,0
298847,298847,298850,3,0
298847,298847,298849,2,0
298847,298847,298849,2,0
298847,298847,298850,3,0
298847,298847,298849,2,0
298847,298847,298849,2,0
298847,298847,298849,2,0
298847,298847,298849,2,0
298847,298847,298849,2,0
298847,298847,298850,3,0
298847,298847,298849,2,0
298847,298847,298849,2,0
298847,298847,298849,2,0
298847,298847,298850,3,0
298847,298847,298850,3,0
298847,298847,298849,2,0
298847,298847,298850,3,0
298847,298847,298850,3,0
298852,298852,298853,1,0
298852,298852,298854,2,0
298852,298852,298854,2,0
298852,298852,298854,2,0
298852,298852,298854,2,0
298852,298852,298854,2,0
298852,298852,298854,2,0
298852,298852,298854,2,0
298852,298852,298855,3,0
298852,298852,298855,3,0
298852,298852,298855,3,0
298852,298852,298855,3,0
298852,298852,298855,3,0
298852,298852,298855,3,0
298852,298852,298855,3,0
298852,298852,298855,3,0
298852,298852,298855,3,0
298852,298852,298855,3,0
298852,298852,298855,3,0
298852,298852,298855,3,0
298852,298852,298855,3,0
298852,298852,298855,3,0
298852,298852,298854,2,0
298852,298852,298855,3,0
298852,298852,298855,3,0
298852,298852,298855,3,0
298852,298852,298855,3,0
298852,298852,298855,3,0
298852,298852,298855,3,0
298852,298852,298855,3,0
298852,298852,298855,3,0
298852,298852,298856,4,0
298858,298858,298860,2,0
298858,298858,298860,2,0
298858,298858,298860,2,0
298858,298858,298859,1,0
298858,298858,298860,2,0
298858,298858,298860,2,0
298858,298858,298859,1,0
298858,298858,298860,2,0
298858,298858,298860,2,0
298858,298858,298860,2,0
298858,298858,298861,3,0
298858,298858,298860,2,0
298858,298858,298860,2,0
298858,298858,298860,2,0
298858,298858,298860,2,0
298858,298858,298860,2,0
298858,298858,298861,3,0
298858,298858,298860,2,0
298858,298858,298861,3,0
298858,298858,298860,2,0
298858,298858,298860,2,0
298858,298858,298861,3,0
298858,298858,298860,2,0
298858,298858,298860,2,0
298858,298858,298860,2,0
298858,298858,298861,3,0
298858,298858,298860,2,0
298858,298858,298860,2,0
298858,298858,298861,3,0
298858,298858,298860,2,0
298858,298858,298861,3,0
298858,298858,298861,3,0
298863,298863,298865,2,0
298863,298863,298864,1,0
298863,298863,298865,2,0
298863,298863,298865,2,0
298863,298863,298865,2,0
298863,298863,298864,1,0
298863,298863,298866,3,0
298863,298863,298865,2,0
298863,298863,298866,3,0
298863,298863,298866,3,0
298863,298863,298866,3,0
298863,298863,298866,3,0
298863,298863,298866,3,0
298863,298863,298866,3,0
298863,298863,298866,3,0
298863,298863,298866,3,0
298863,298863,298866,3,0
298863,298863,298866,3,0
298863,298863,298866,3,0
298863,298863,298866,3,0
298863,298863,298865,2,0
298863,298863,298865,2,0
298863,298863,298865,2,0
298863,298863,298866,3,0
298863,298863,298866,3,0
298863,298863,298865,2,0
298863,298863,298866,3,0
298863,298863,298866,3,0
298863,298863,298865,2,0
298863,298863,298866,3,0
298863,298863,298866,3,0
298863,298863,298866,3,0
298868,298869,298870,1,1
298868,298869,298870,1,1
298868,298869,298870,1,1
298868,298869,298870,1,1
298868,298869,298870,1,1
298868,298869,298871,2,1
298868,298869,298871,2,1
298868,298869,298871,2,1
298868,298869,298871,2,1
298868,298869,298871,2,1
298868,298869,298871,2,1
298868,298869,298871,2,1
298868,298869,298871,2,1
298868,298869,298871,2,1
298868,298869,298871,2,1
298868,298869,298871,2,1
298868,298869,298871,2,1
298868,298869,298871,2,1
298868,298869,298871,2,1
298868,298869,298871,2,1
298868,298869,298871,2,1
298868,298869,298871,2,1
298868,298869,298871,2,1
298868,298869,298871,2,1
298868,298869,298871,2,1
298868,298869,298871,2,1
298868,298869,298871,2,1
298868,298869,298872,3,1
298868,298869,298871,2,1
298868,298869,298871,2,1
298868,298869,298872,3,1
298868,298869,298872,3,1
302215,302215,302643,428,0
308963,308963,309291,328,0
311768,311768,311905,137,0
311771,311771,311912,141,0
311761,311761,311916,155,0
311763,311763,311917,154,0
311778,311778,311929,151,0
311764,311764,311930,166,0
311762,311762,311935,173,0
311772,311772,311949,177,0
311777,311777,311952,175,0
311783,311783,311952,169,0
311789,311789,311953,164,0
311773,311774,311954,180,1
311785,311786,311956,170,1
311787,311787,311956,169,0
311775,311775,311957,182,0
311781,311781,311957,176,0
311769,311769,311958,189,0
311764,311764,311958,194,0
311780,311780,311958,178,0
311791,311792,311960,168,1
311914,311914,312069,155,0
311919,311919,312073,154,0
311907,311907,312077,170,0
311960,311960,312108,148,0
311918,311918,312111,193,0
311933,311933,312122,189,0
311931,311931,312167,236,0
311956,311956,312210,254,0
311958,311958,312212,254,0
311937,311937,312218,281,0
311953,311953,312222,269,0
311983,311986,312224,238,3
311976,311976,312225,249,0
311965,311965,312227,262,0
311967,311968,312227,259,1
311979,311979,312227,248,0
311970,311974,312227,253,4
311963,311963,312229,266,0
311985,311985,312229,244,0
311973,311975,312229,254,2
312080,312080,312247,167,0
312073,312073,312249,176,0
312111,312115,312260,145,4
312124,312127,312265,138,3
312076,312076,312272,196,0
312172,312172,312380,208,0
312113,312113,312386,273,0
312268,312268,312407,139,0
312244,312244,312409,165,0
312253,312253,312422,169,0
312277,312277,312425,148,0
312264,312264,312429,165,0
312217,312217,312478,261,0
312225,312225,312478,253,0
312236,312236,312480,244,0
312241,312241,312483,242,0
312251,312251,312483,232,0
312231,312231,312484,253,0
312238,312238,312487,249,0
312215,312216,312495,279,1
312243,312243,312496,253,0
312222,312222,312500,278,0
312232,312232,312503,271,0
312235,312235,312503,268,0
312228,312228,312503,275,0
312525,312525,312526,1,0
312388,312389,312530,141,1
312536,312536,312537,1,0
312538,312538,312539,1,0
312541,312541,312542,1,0
312383,312383,312543,160,0
312543,312543,312544,1,0
312545,312545,312546,1,0
312411,312411,312552,141,0
312552,312552,312553,1,0
312557,312557,312558,1,0
312561,312561,312562,1,0
312563,312563,312564,1,0
312409,312409,312566,157,0
312429,312429,312567,138,0
312427,312427,312570,143,0
312423,312424,312575,151,1
312574,312574,312575,1,0
312617,312617,312618,1,0
312620,312620,312621,1,0
312621,312621,312622,1,0
312622,312622,312623,1,0
312626,312626,312627,1,0
312627,312627,312628,1,0
312628,312628,312629,1,0
312632,312632,312633,1,0
312633,312633,312634,1,0
312479,312480,312636,156,1
312637,312637,312638,1,0
312638,312638,312639,1,0
312483,312483,312642,159,0
312648,312648,312649,1,0
312649,312649,312650,1,0
312652,312652,312653,1,0
312653,312653,312654,1,0
312654,312654,312655,1,0
312659,312659,312660,1,0
312660,312660,312661,1,0
312665,312665,312666,1,0
312670,312670,312671,1,0
312675,312675,312676,1,0
312676,312676,312677,1,0
312677,312677,312678,1,0
312680,312680,312681,1,0
312681,312681,312682,1,0
312686,312686,312687,1,0
312495,312496,312688,192,1
312688,312688,312689,1,0
312689,312689,312690,1,0
312505,312506,312691,185,1
312499,312499,312693,194,0
312510,312510,312694,184,0
312489,312489,312694,205,0
312702,312702,312703,1,0
312532,312532,312706,174,0
312508,312508,312706,198,0
312502,312502,312711,209,0
312487,312487,312712,225,0
312497,312498,312713,215,1
312481,312481,312715,234,0
312492,312492,312715,223,0
312723,312723,312724,1,0
312725,312725,312726,1,0
312570,312570,312730,160,0
312734,312734,312735,1,0
312546,312546,312745,199,0
312746,312746,312747,1,0
312555,312555,312750,195,0
312577,312577,312756,179,0
312757,312757,312758,1,0
312572,312572,312758,186,0
312568,312569,312762,193,1
312767,312767,312768,1,0
312770,312770,312771,1,0
312774,312774,312775,1,0
312777,312777,312778,1,0
312779,312779,312780,1,0
312781,312781,312782,1,0
312638,312638,312782,144,0
312783,312783,312784,1,0
312644,312644,312786,142,0
312786,312786,312787,1,0
312791,312791,312792,1,0
312792,312792,312793,1,0
312795,312795,312796,1,0
312796,312796,312797,1,0
312797,312797,312798,1,0
312799,312799,312800,1,0
312800,312800,312801,1,0
312808,312808,312809,1,0
312809,312809,312810,1,0
312822,312822,312823,1,0
312823,312823,312824,1,0
312842,312842,312843,1,0
312843,312843,312844,1,0
312847,312847,312848,1,0
312855,312855,312856,1,0
312858,312858,312859,1,0
312862,312862,312863,1,0
312864,312864,312865,1,0
312865,312865,312866,1,0
312869,312869,312870,1,0
312870,312870,312871,1,0
312873,312873,312874,1,0
312874,312874,312875,1,0
312875,312875,312876,1,0
312880,312880,312881,1,0
312886,312886,312887,1,0
312690,312690,312906,216,0
312710,312710,312909,199,0
312716,312716,312910,194,0
312696,312696,312912,216,0
312702,312702,312912,210,0
312721,312721,312916,195,0
312719,312719,312921,202,0
312698,312698,312923,225,0
312722,312722,312927,205,0
312708,312708,312928,220,0
312693,312693,312928,235,0
312714,312714,312930,216,0
312761,312761,312935,174,0
312748,312748,312987,239,0
312765,312765,312992,227,0
312759,312759,312996,237,0
312733,312733,312997,264,0
312754,312754,312999,245,0
312785,312785,313006,221,0
312788,312788,313006,218,0
312914,312915,313071,156,1
312934,312934,313074,140,0
313077,313078,313084,6,1
312919,312919,313086,167,0
312926,312926,313108,182,0
312912,312912,313109,197,0
312931,312931,313109,178,0
313010,313010,313168,158,0
312933,312933,313170,237,0
312938,312938,313171,233,0
312924,312924,313177,253,0
312929,312929,313177,248,0
312911,312911,313181,270,0
312913,312913,313182,269,0
312917,312917,313182,265,0
313002,313002,313211,209,0
312999,312999,313212,213,0
313008,313008,313212,204,0
313005,313005,313214,209,0
312991,312992,313215,223,1
312995,312995,313215,220,0
313075,313075,313225,150,0
313073,313073,313229,156,0
313088,313088,313243,155,0
313111,313111,313266,155,0
313114,313114,313266,152,0
313112,313113,313266,153,1
313187,313187,313335,148,0
313180,313180,313341,161,0
313228,313229,313365,136,1
313230,313230,313372,142,0
313111,313112,313383,271,1
313271,313271,313404,133,0
313268,313269,313418,149,1
313227,313227,313433,206,0
313270,313272,313433,161,2
313216,313216,313435,219,0
313222,313223,313435,212,1
313232,313232,313436,204,0
313247,313247,313436,189,0
313225,313227,313458,231,2
313219,313220,313464,244,1
313179,313179,313473,294,0
313183,313183,313473,290,0
313186,313186,313473,287,0
313176,313176,313486,310,0
313337,313337,313486,149,0
313342,313342,313486,144,0
313171,313171,313491,320,0
313173,313174,313490,316,1
313374,313374,313510,136,0
313367,313367,313521,154,0
313405,313405,313540,135,0
313444,313444,313579,135,0
313436,313436,313584,148,0
313441,313441,313592,151,0
313418,313418,313618,200,0
313490,313490,313633,143,0
313435,313435,313640,205,0
313438,313438,313645,207,0
313442,313442,313651,209,0
313465,313465,313652,187,0
313481,313481,313654,173,0
313483,313483,313669,186,0
313488,313489,313673,184,1
313495,313495,313673,178,0
313543,313543,313682,139,0
313477,313477,313684,207,0
313461,313461,313687,226,0
313513,313513,313696,183,0
313497,313497,313699,202,0
313525,313525,313700,175,0
313492,313492,313705,213,0
313582,313582,313740,158,0
313595,313595,313741,146,0
313586,313586,313780,194,0
313656,313656,313836,180,0
313621,313621,313838,217,0
313686,313686,313862,176,0
313699,313700,313864,164,1
313705,313706,313863,157,1
313742,313742,313884,142,0
313743,313743,313886,143,0
313649,313649,313892,243,0
313709,313709,313894,185,0
313676,313676,313895,219,0
313684,313684,313896,212,0
313690,313690,313896,206,0
313703,313704,313897,193,1
313670,313674,313900,226,4
313658,313658,313905,247,0
313654,313654,313906,252,0
313675,313675,313906,231,0
313634,313635,313909,274,1
313642,313642,313911,269,0
313783,313783,313920,137,0
313840,313840,313970,130,0
313838,313838,313975,137,0
313867,313867,314005,138,0
313865,313865,314025,160,0
313908,313908,314073,165,0
313924,313924,314088,164,0
313864,313864,314093,229,0
313977,313977,314111,134,0
313973,313973,314112,139,0
313901,313901,314119,218,0
313914,313914,314130,216,0
313905,313906,314132,226,1
313909,313909,314132,223,0
313897,313897,314133,236,0
313888,313888,314134,246,0
314008,314008,314162,154,0
314030,314030,314165,135,0
313895,313895,314176,281,0
313903,313905,314176,271,2
313907,313907,314177,270,0
313899,313899,314177,278,0
313911,313911,314178,267,0
313917,313917,314178,261,0
313885,313885,314179,294,0
314094,314094,314242,148,0
314090,314090,314247,157,0
314074,314074,314253,179,0
314113,314113,314256,143,0
314135,314135,314288,153,0
314138,314138,314291,153,0
314112,314112,314298,186,0
314137,314137,314318,181,0
314133,314133,314318,185,0
314140,314140,314319,179,0
314122,314122,314335,213,0
314183,314183,314339,156,0
314179,314179,314342,163,0
314187,314187,314343,156,0
314166,314167,314345,178,1
314177,314177,314364,187,0
314181,314181,314372,191,0
314185,314185,314374,189,0
314169,314169,314376,207,0
314190,314190,314377,187,0
314259,314259,314405,146,0
314256,314256,314409,153,0
314250,314250,314410,160,0
314244,314245,314412,167,1
314290,314290,314428,138,0
314322,314322,314478,156,0
314348,314348,314490,142,0
314346,314346,314491,145,0
314341,314341,314493,152,0
314294,314294,314495,201,0
314299,314299,314495,196,0
314324,314324,314524,200,0
314319,314320,314526,206,1
314337,314337,314527,190,0
314381,314381,314528,147,0
314344,314347,314528,181,3
314366,314366,314528,162,0
314377,314377,314531,154,0
314375,314375,314532,157,0
314379,314379,314538,159,0
316562,316562,316564,2,0
316562,316562,316564,2,0
316562,316562,316564,2,0
316562,316562,316564,2,0
316562,316562,316565,3,0
316562,316562,316564,2,0
316562,316562,316565,3,0
316562,316562,316565,3,0
316562,316562,316565,3,0
316562,316562,316564,2,0
316562,316562,316565,3,0
316562,316562,316564,2,0
316562,316562,316564,2,0
316562,316562,316565,3,0
316562,316562,316564,2,0
316562,316562,316565,3,0
316562,316562,316565,3,0
316562,316562,316565,3,0
316562,316562,316565,3,0
316562,316562,316564,2,0
316562,316562,316564,2,0
316562,316562,316565,3,0
316562,316562,316565,3,0
316562,316562,316565,3,0
316562,316562,316565,3,0
316562,316562,316564,2,0
316562,316562,316565,3,0
316562,316562,316565,3,0
316562,316562,316565,3,0
316562,316562,316565,3,0
316562,316562,316565,3,0
316562,316562,316565,3,0
316567,316568,316569,1,1
316567,316568,316569,1,1
316567,316568,316569,1,1
316567,316568,316569,1,1
316567,316568,316569,1,1
316567,316568,316570,2,1
316567,316568,316570,2,1
316567,316568,316570,2,1
316567,316568,316570,2,1
316567,316568,316570,2,1
316567,316568,316570,2,1
316567,316568,316570,2,1
316567,316568,316570,2,1
316567,316568,316570,2,1
316567,316568,316570,2,1
316567,316568,316570,2,1
316567,316568,316570,2,1
316567,316568,316570,2,1
316567,316568,316570,2,1
316567,316568,316570,2,1
316567,316568,316570,2,1
316567,316568,316570,2,1
316567,316568,316570,2,1
316567,316568,316570,2,1
316567,316568,316570,2,1
316567,316568,316571,3,1
316567,316568,316570,2,1
316567,316568,316570,2,1
316567,316568,316570,2,1
316567,316568,316570,2,1
316567,316568,316571,3,1
316567,316568,316571,3,1
316573,316573,316575,2,0
316573,316573,316574,1,0
316573,316573,316575,2,0
316573,316573,316575,2,0
316573,316573,316575,2,0
316573,316573,316575,2,0
316573,316573,316574,1,0
316573,316573,316575,2,0
316573,316573,316576,3,0
316573,316573,316575,2,0
316573,316573,316576,3,0
316573,316573,316575,2,0
316573,316573,316575,2,0
316573,316573,316575,2,0
316573,316573,316575,2,0
316573,316573,316575,2,0
316573,316573,316576,3,0
316573,316573,316576,3,0
316573,316573,316576,3,0
316573,316573,316576,3,0
316573,316573,316575,2,0
316573,316573,316576,3,0
316573,316573,316575,2,0
316573,316573,316576,3,0
316573,316573,316576,3,0
316573,316573,316575,2,0
316573,316573,316575,2,0
316573,316573,316576,3,0
316573,316573,316575,2,0
316573,316573,316576,3,0
316573,316573,316575,2,0
316573,316573,316575,2,0
316577,316577,316579,2,0
316577,316577,316579,2,0
316577,316577,316579,2,0
316577,316577,316579,2,0
316577,316577,316579,2,0
316577,316577,316579,2,0
316577,316577,316580,3,0
316577,316577,316580,3,0
316577,316577,316579,2,0
316577,316577,316580,3,0
316577,316577,316580,3,0
316577,316577,316580,3,0
316577,316577,316580,3,0
316577,316577,316580,3,0
316577,316577,316580,3,0
316577,316577,316580,3,0
316577,316577,316580,3,0
316577,316577,316580,3,0
316577,316577,316580,3,0
316577,316577,316580,3,0
316577,316577,316580,3,0
316577,316577,316580,3,0
316577,316577,316580,3,0
316577,316577,316580,3,0
316577,316577,316580,3,0
316577,316577,316580,3,0
316577,316577,316580,3,0
316577,316577,316580,3,0
316577,316577,316580,3,0
316577,316577,316580,3,0
316577,316577,316580,3,0
316577,316577,316580,3,0
316583,316583,316584,1,0
316583,316583,316585,2,0
316583,316583,316584,1,0
316583,316583,316584,1,0
316583,316583,316584,1,0
316583,316583,316584,1,0
316583,316583,316585,2,0
316583,316583,316585,2,0
316583,316583,316585,2,0
316583,316583,316585,2,0
316583,316583,316585,2,0
316583,316583,316585,2,0
316583,316583,316585,2,0
316583,316583,316586,3,0
316583,316583,316585,2,0
316583,316583,316585,2,0
316583,316583,316585,2,0
316583,316583,316585,2,0
316583,316583,316585,2,0
316583,316583,316585,2,0
316583,316583,316585,2,0
316583,316583,316585,2,0
316583,316583,316585,2,0
316583,316583,316586,3,0
316583,316583,316585,2,0
316583,316583,316585,2,0
316583,316583,316585,2,0
316583,316583,316586,3,0
316583,316583,316585,2,0
316583,316583,316586,3,0
316583,316583,316585,2,0
316583,316583,316586,3,0
316588,316588,316590,2,0
316588,316588,316590,2,0
316588,316588,316590,2,0
316588,316588,316590,2,0
316588,316588,316590,2,0
316588,316588,316590,2,0
316588,316588,316590,2,0
316588,316588,316590,2,0
316588,316588,316590,2,0
316588,316588,316590,2,0
316588,316588,316591,3,0
316588,316588,316590,2,0
316588,316588,316591,3,0
316588,316588,316591,3,0
316588,316588,316591,3,0
316588,316588,316591,3,0
316588,316588,316591,3,0
316588,316588,316590,2,0
316588,316588,316590,2,0
316588,316588,316591,3,0
316588,316588,316590,2,0
316588,316588,316591,3,0
316588,316588,316591,3,0
316588,316588,316591,3,0
316588,316588,316591,3,0
316588,316588,316591,3,0
316588,316588,316591,3,0
316588,316588,316590,2,0
316588,316588,316591,3,0
316588,316588,316591,3,0
316588,316588,316591,3,0
316588,316588,316591,3,0
316593,316593,316595,2,0
316593,316593,316595,2,0
316593,316593,316595,2,0
316593,316593,316595,2,0
316593,316593,316595,2,0
316593,316593,316595,2,0
316593,316593,316596,3,0
316593,316593,316596,3,0
316593,316593,316596,3,0
316593,316593,316596,3,0
316593,316593,316596,3,0
316593,316593,316596,3,0
316593,316593,316596,3,0
316593,316593,316596,3,0
316593,316593,316596,3,0
316593,316593,316596,3,0
316593,316593,316596,3,0
316593,316593,316596,3,0
316593,316593,316596,3,0
316593,316593,316596,3,0
316593,316593,316596,3,0
316593,316593,316596,3,0
316593,316593,316596,3,0
316593,316593,316596,3,0
316593,316593,316596,3,0
316593,316593,316596,3,0
316593,316593,316596,3,0
316593,316593,316596,3,0
316593,316593,316596,3,0
316593,316593,316596,3,0
316593,316593,316596,3,0
316593,316593,316597,4,0
316599,316599,316600,1,0
316599,316599,316600,1,0
316599,316599,316600,1,0
316599,316599,316601,2,0
316599,316599,316601,2,0
316599,316599,316601,2,0
316599,316599,316601,2,0
316599,316599,316601,2,0
316599,316599,316601,2,0
316599,316599,316601,2,0
316599,316599,316602,3,0
316599,316599,316601,2,0
316599,316599,316601,2,0
316599,316599,316601,2,0
316599,316599,316601,2,0
316599,316599,316602,3,0
316599,316599,316602,3,0
316599,316599,316602,3,0
316599,316599,316602,3,0
316599,316599,316602,3,0
316599,316599,316601,2,0
316599,316599,316602,3,0
316599,316599,316602,3,0
316599,316599,316601,2,0
316599,316599,316602,3,0
316599,316599,316601,2,0
316599,316599,316602,3,0
316599,316599,316602,3,0
316599,316599,316601,2,0
316599,316599,316602,3,0
316599,316599,316602,3,0
316599,316599,316602,3,0
316604,316604,316606,2,0
316604,316604,316605,1,0
316604,316604,316606,2,0
316604,316604,316605,1,0
316604,316604,316605,1,0
316604,316604,316606,2,0
316604,316604,316606,2,0
316604,316604,316606,2,0
316604,316604,316607,3,0
316604,316604,316606,2,0
316604,316604,316607,3,0
316604,316604,316607,3,0
316604,316604,316607,3,0
316604,316604,316607,3,0
316604,316604,316607,3,0
316604,316604,316607,3,0
316604,316604,316607,3,0
316604,316604,316606,2,0
316604,316604,316606,2,0
316604,316604,316607,3,0
316604,316604,316606,2,0
316604,316604,316607,3,0
316604,316604,316606,2,0
316604,316604,316606,2,0
316604,316604,316606,2,0
316604,316604,316607,3,0
316604,316604,316607,3,0
316604,316604,316606,2,0
316604,316604,316607,3,0
316604,316604,316607,3,0
316604,316604,316606,2,0
316604,316604,316607,3,0
316609,316609,316611,2,0
316609,316609,316611,2,0
316609,316609,316611,2,0
316609,316609,316611,2,0
316609,316609,316611,2,0
316609,316609,316612,3,0
316609,316609,316612,3,0
316609,316609,316611,2,0
316609,316609,316612,3,0
316609,316609,316612,3,0
316609,316609,316612,3,0
316609,316609,316612,3,0
316609,316609,316612,3,0
316609,316609,316612,3,0
316609,316609,316612,3,0
316609,316609,316612,3,0
316609,316609,316612,3,0
316609,316609,316612,3,0
316609,316609,316612,3,0
316609,316609,316612,3,0
316609,316609,316612,3,0
316609,316609,316612,3,0
316609,316609,316612,3,0
316609,316609,316612,3,0
316609,316609,316612,3,0
316609,316609,316612,3,0
316609,316609,316612,3,0
316609,316609,316612,3,0
316609,316609,316612,3,0
316609,316609,316612,3,0
316609,316609,316612,3,0
316609,316609,316613,4,0
316614,316614,316616,2,0
316614,316614,316616,2,0
316614,316614,316616,2,0
316614,316614,316616,2,0
316614,316614,316616,2,0
316614,316614,316616,2,0
316614,316614,316617,3,0
316614,316614,316617,3,0
316614,316614,316616,2,0
316614,316614,316617,3,0
316614,316614,316617,3,0
316614,316614,316617,3,0
316614,316614,316617,3,0
316614,316614,316617,3,0
316614,316614,316617,3,0
316614,316614,316617,3,0
316614,316614,316617,3,0
316614,316614,316616,2,0
316614,316614,316617,3,0
316614,316614,316617,3,0
316614,316614,316617,3,0
316614,316614,316617,3,0
316614,316614,316616,2,0
316614,316614,316617,3,0
316614,316614,316617,3,0
316614,316614,316617,3,0
316614,316614,316617,3,0
316614,316614,316617,3,0
316614,316614,316617,3,0
316614,316614,316617,3,0
316614,316614,316617,3,0
316614,316614,316618,4,0
316619,316620,316621,1,1
316619,316620,316621,1,1
316619,316620,316621,1,1
316619,316620,316621,1,1
316619,316620,316621,1,1
316619,316620,316622,2,1
316619,316620,316622,2,1
316619,316620,316622,2,1
316619,316620,316622,2,1
316619,316620,316622,2,1
316619,316620,316622,2,1
316619,316620,316622,2,1
316619,316620,316623,3,1
316619,316620,316622,2,1
316619,316620,316622,2,1
316619,316620,316622,2,1
316619,316620,316622,2,1
316619,316620,316622,2,1
316619,316620,316622,2,1
316619,316620,316622,2,1
316619,316620,316622,2,1
316619,316620,316622,2,1
316619,316620,316622,2,1
316619,316620,316622,2,1
316619,316620,316622,2,1
316619,316620,316622,2,1
316619,316620,316622,2,1
316619,316620,316623,3,1
316619,316620,316622,2,1
316619,316620,316623,3,1
316619,316620,316623,3,1
316619,316620,316623,3,1
316625,316625,316627,2,0
316625,316625,316627,2,0
316625,316625,316627,2,0
316625,316625,316627,2,0
316625,316625,316627,2,0
316625,316625,316627,2,0
316625,316625,316627,2,0
316625,316625,316627,2,0
316625,316625,316627,2,0
316625,316625,316627,2,0
316625,316625,316627,2,0
316625,316625,316628,3,0
316625,316625,316628,3,0
316625,316625,316628,3,0
316625,316625,316628,3,0
316625,316625,316627,2,0
316625,316625,316628,3,0
316625,316625,316628,3,0
316625,316625,316628,3,0
316625,316625,316628,3,0
316625,316625,316627,2,0
316625,316625,316627,2,0
316625,316625,316628,3,0
316625,316625,316627,2,0
316625,316625,316628,3,0
316625,316625,316627,2,0
316625,316625,316627,2,0
316625,316625,316627,2,0
316625,316625,316628,3,0
316625,316625,316627,2,0
316625,316625,316629,4,0
316625,316625,316629,4,0
316630,316630,316632,2,0
316630,316630,316632,2,0
316630,316630,316632,2,0
316630,316630,316633,3,0
316630,316630,316632,2,0
316630,316630,316633,3,0
316630,316630,316633,3,0
316630,316630,316633,3,0
316630,316630,316633,3,0
316630,316630,316633,3,0
316630,316630,316632,2,0
316630,316630,316633,3,0
316630,316630,316633,3,0
316630,316630,316633,3,0
316630,316630,316633,3,0
316630,316630,316633,3,0
316630,316630,316633,3,0
316630,316630,316632,2,0
316630,316630,316633,3,0
316630,316630,316633,3,0
316630,316630,316633,3,0
316630,316630,316633,3,0
316630,316630,316633,3,0
316630,316630,316633,3,0
316630,316630,316633,3,0
316630,316630,316633,3,0
316630,316630,316633,3,0
316630,316630,316633,3,0
316630,316630,316634,4,0
316630,316630,316634,4,0
316630,316630,316634,4,0
316630,316630,316634,4,0
316636,316636,316637,1,0
316636,316636,316637,1,0
316636,316636,316638,2,0
316636,316636,316637,1,0
316636,316636,316638,2,0
316636,316636,316638,2,0
316636,316636,316638,2,0
316636,316636,316638,2,0
316636,316636,316639,3,0
316636,316636,316638,2,0
316636,316636,316639,3,0
316636,316636,316638,2,0
316636,316636,316638,2,0
316636,316636,316639,3,0
316636,316636,316639,3,0
316636,316636,316638,2,0
316636,316636,316639,3,0
316636,316636,316639,3,0
316636,316636,316638,2,0
316636,316636,316638,2,0
316636,316636,316638,2,0
316636,316636,316638,2,0
316636,316636,316639,3,0
316636,316636,316638,2,0
316636,316636,316638,2,0
316636,316636,316639,3,0
316636,316636,316639,3,0
316636,316636,316638,2,0
316636,316636,316639,3,0
316636,316636,316639,3,0
316636,316636,316639,3,0
316636,316636,316639,3,0
316641,316641,316643,2,0
316641,316641,316643,2,0
316641,316641,316643,2,0
316641,316641,316643,2,0
316641,316641,316643,2,0
316641,316641,316644,3,0
316641,316641,316644,3,0
316641,316641,316644,3,0
316641,316641,316643,2,0
316641,316641,316644,3,0
316641,316641,316644,3,0
316641,316641,316644,3,0
316641,316641,316643,2,0
316641,316641,316644,3,0
316641,316641,316644,3,0
316641,316641,316643,2,0
316641,316641,316644,3,0
316641,316641,316643,2,0
316641,316641,316644,3,0
316641,316641,316644,3,0
316641,316641,316643,2,0
316641,316641,316644,3,0
316641,316641,316644,3,0
316641,316641,316644,3,0
316641,316641,316643,2,0
316641,316641,316644,3,0
316641,316641,316644,3,0
316641,316641,316644,3,0
316641,316641,316643,2,0
316641,316641,316645,4,0
316641,316641,316645,4,0
316641,316641,316644,3,0
316646,316646,316648,2,0
316646,316646,316648,2,0
316646,316646,316648,2,0
316646,316646,316648,2,0
316646,316646,316648,2,0
316646,316646,316648,2,0
316646,316646,316648,2,0
316646,316646,316649,3,0
316646,316646,316649,3,0
316646,316646,316649,3,0
316646,316646,316649,3,0
316646,316646,316649,3,0
316646,316646,316649,3,0
316646,316646,316649,3,0
316646,316646,316649,3,0
316646,316646,316648,2,0
316646,316646,316649,3,0
316646,316646,316649,3,0
316646,316646,316648,2,0
316646,316646,316649,3,0
316646,316646,316649,3,0
316646,316646,316649,3,0
316646,316646,316649,3,0
316646,316646,316649,3,0
316646,316646,316649,3,0
316646,316646,316649,3,0
316646,316646,316649,3,0
316646,316646,316649,3,0
316646,316646,316649,3,0
316646,316646,316649,3,0
316646,316646,316650,4,0
316646,316646,316649,3,0
316652,316652,316653,1,0
316652,316652,316653,1,0
316652,316652,316653,1,0
316652,316652,316654,2,0
316652,316652,316654,2,0
316652,316652,316654,2,0
316652,316652,316654,2,0
316652,316652,316654,2,0
316652,316652,316654,2,0
316652,316652,316654,2,0
316652,316652,316654,2,0
316652,316652,316654,2,0
316652,316652,316654,2,0
316652,316652,316654,2,0
316652,316652,316654,2,0
316652,316652,316654,2,0
316652,316652,316655,3,0
316652,316652,316654,2,0
316652,316652,316654,2,0
316652,316652,316655,3,0
316652,316652,316654,2,0
316652,316652,316654,2,0
316652,316652,316654,2,0
316652,316652,316654,2,0
316652,316652,316654,2,0
316652,316652,316654,2,0
316652,316652,316654,2,0
316652,316652,316655,3,0
316652,316652,316655,3,0
316652,316652,316655,3,0
316652,316652,316655,3,0
316652,316652,316655,3,0
316657,316657,316659,2,0
316657,316657,316659,2,0
316657,316657,316659,2,0
316657,316657,316659,2,0
316657,316657,316659,2,0
316657,316657,316659,2,0
316657,316657,316658,1,0
316657,316657,316659,2,0
316657,316657,316660,3,0
316657,316657,316659,2,0
316657,316657,316660,3,0
316657,316657,316660,3,0
316657,316657,316659,2,0
316657,316657,316659,2,0
316657,316657,316660,3,0
316657,316657,316660,3,0
316657,316657,316660,3,0
316657,316657,316660,3,0
316657,316657,316660,3,0
316657,316657,316660,3,0
316657,316657,316660,3,0
316657,316657,316660,3,0
316657,316657,316660,3,0
316657,316657,316659,2,0
316657,316657,316659,2,0
316657,316657,316660,3,0
316657,316657,316660,3,0
316657,316657,316659,2,0
316657,316657,316660,3,0
316657,316657,316660,3,0
316657,316657,316659,2,0
316657,316657,316660,3,0
316662,316662,316664,2,0
316662,316662,316664,2,0
316662,316662,316664,2,0
316662,316662,316664,2,0
316662,316662,316664,2,0
316662,316662,316663,1,0
316662,316662,316664,2,0
316662,316662,316664,2,0
316662,316662,316665,3,0
316662,316662,316665,3,0
316662,316662,316665,3,0
316662,316662,316665,3,0
316662,316662,316665,3,0
316662,316662,316665,3,0
316662,316662,316665,3,0
316662,316662,316665,3,0
316662,316662,316665,3,0
316662,316662,316665,3,0
316662,316662,316665,3,0
316662,316662,316665,3,0
316662,316662,316665,3,0
316662,316662,316665,3,0
316662,316662,316665,3,0
316662,316662,316665,3,0
316662,316662,316665,3,0
316662,316662,316665,3,0
316662,316662,316665,3,0
316662,316662,316665,3,0
316662,316662,316665,3,0
316662,316662,316665,3,0
316662,316662,316665,3,0
316662,316662,316664,2,0
316666,316666,316668,2,0
316666,316666,316668,2,0
316666,316666,316668,2,0
316666,316666,316668,2,0
316666,316666,316669,3,0
316666,316666,316669,3,0
316666,316666,316669,3,0
316666,316666,316669,3,0
316666,316666,316669,3,0
316666,316666,316669,3,0
316666,316666,316669,3,0
316666,316666,316669,3,0
316666,316666,316669,3,0
316666,316666,316669,3,0
316666,316666,316669,3,0
316666,316666,316669,3,0
316666,316666,316669,3,0
316666,316666,316669,3,0
316666,316666,316669,3,0
316666,316666,316669,3,0
316666,316666,316669,3,0
316666,316666,316669,3,0
316666,316666,316669,3,0
316666,316666,316669,3,0
316666,316666,316669,3,0
316666,316666,316669,3,0
316666,316666,316669,3,0
316666,316666,316669,3,0
316666,316666,316669,3,0
316666,316666,316669,3,0
316666,316666,316669,3,0
316666,316666,316669,3,0
316670,316670,316672,2,0
316670,316670,316672,2,0
316670,316670,316672,2,0
316670,316670,316672,2,0
316670,316670,316672,2,0
316670,316670,316672,2,0
316670,316670,316673,3,0
316670,316670,316673,3,0
316670,316670,316673,3,0
316670,316670,316673,3,0
316670,316670,316673,3,0
316670,316670,316673,3,0
316670,316670,316673,3,0
316670,316670,316673,3,0
316670,316670,316673,3,0
316670,316670,316673,3,0
316670,316670,316672,2,0
316670,316670,316673,3,0
316670,316670,316672,2,0
316670,316670,316673,3,0
316670,316670,316673,3,0
316670,316670,316673,3,0
316670,316670,316673,3,0
316670,316670,316673,3,0
316670,316670,316673,3,0
316670,316670,316673,3,0
316670,316670,316672,2,0
316670,316670,316673,3,0
316670,316670,316673,3,0
316670,316670,316673,3,0
316670,316670,316674,4,0
316670,316670,316674,4,0
316676,316676,316678,2,0
316676,316676,316678,2,0
316676,316676,316678,2,0
316676,316676,316678,2,0
316676,316676,316677,1,0
316676,316676,316678,2,0
316676,316676,316678,2,0
316676,316676,316678,2,0
316676,316676,316678,2,0
316676,316676,316678,2,0
316676,316676,316679,3,0
316676,316676,316678,2,0
316676,316676,316678,2,0
316676,316676,316679,3,0
316676,316676,316678,2,0
316676,316676,316678,2,0
316676,316676,316678,2,0
316676,316676,316679,3,0
316676,316676,316678,2,0
316676,316676,316679,3,0
316676,316676,316679,3,0
316676,316676,316678,2,0
316676,316676,316679,3,0
316676,316676,316679,3,0
316676,316676,316678,2,0
316676,316676,316679,3,0
316676,316676,316679,3,0
316676,316676,316678,2,0
316676,316676,316678,2,0
316676,316676,316679,3,0
316676,316676,316678,2,0
316676,316676,316678,2,0
316680,316680,316682,2,0
316680,316680,316682,2,0
316680,316680,316682,2,0
316680,316680,316682,2,0
316680,316680,316682,2,0
316680,316680,316682,2,0
316680,316680,316682,2,0
316680,316680,316683,3,0
316680,316680,316683,3,0
316680,316680,316683,3,0
316680,316680,316683,3,0
316680,316680,316683,3,0
316680,316680,316683,3,0
316680,316680,316683,3,0
316680,316680,316683,3,0
316680,316680,316683,3,0
316680,316680,316683,3,0
316680,316680,316683,3,0
316680,316680,316683,3,0
316680,316680,316683,3,0
316680,316680,316683,3,0
316680,316680,316683,3,0
316680,316680,316683,3,0
316680,316680,316683,3,0
316680,316680,316683,3,0
316680,316680,316683,3,0
316680,316680,316683,3,0
316680,316680,316683,3,0
316680,316680,316683,3,0
316680,316680,316683,3,0
316680,316680,316683,3,0
316680,316680,316683,3,0
316686,316686,316687,1,0
316686,316686,316688,2,0
316686,316686,316688,2,0
316686,316686,316687,1,0
316686,316686,316688,2,0
316686,316686,316689,3,0
316686,316686,316688,2,0
316686,316686,316688,2,0
316686,316686,316688,2,0
316686,316686,316689,3,0
316686,316686,316688,2,0
316686,316686,316688,2,0
316686,316686,316688,2,0
316686,316686,316688,2,0
316686,316686,316688,2,0
316686,316686,316688,2,0
316686,316686,316688,2,0
316686,316686,316688,2,0
316686,316686,316688,2,0
316686,316686,316689,3,0
316686,316686,316688,2,0
316686,316686,316688,2,0
316686,316686,316688,2,0
316686,316686,316688,2,0
316686,316686,316688,2,0
316686,316686,316688,2,0
316686,316686,316688,2,0
316686,316686,316688,2,0
316686,316686,316688,2,0
316686,316686,316688,2,0
316686,316686,316689,3,0
316686,316686,316689,3,0
316691,316691,316693,2,0
316691,316691,316693,2,0
316691,316691,316692,1,0
316691,316691,316693,2,0
316691,316691,316693,2,0
316691,316691,316692,1,0
316691,316691,316694,3,0
316691,316691,316693,2,0
316691,316691,316694,3,0
316691,316691,316693,2,0
316691,316691,316694,3,0
316691,316691,316694,3,0
316691,316691,316693,2,0
316691,316691,316693,2,0
316691,316691,316694,3,0
316691,316691,316694,3,0
316691,316691,316694,3,0
316691,316691,316693,2,0
316691,316691,316693,2,0
316691,316691,316694,3,0
316691,316691,316693,2,0
316691,316691,316694,3,0
316691,316691,316694,3,0
316691,316691,316693,2,0
316691,316691,316694,3,0
316691,316691,316694,3,0
316691,316691,316693,2,0
316691,316691,316694,3,0
316691,316691,316694,3,0
316691,316691,316694,3,0
316691,316691,316694,3,0
316691,316691,316693,2,0
316695,316696,316697,1,1
316695,316696,316697,1,1
316695,316696,316697,1,1
316695,316696,316697,1,1
316695,316696,316697,1,1
316695,316696,316698,2,1
316695,316696,316698,2,1
316695,316696,316698,2,1
316695,316696,316698,2,1
316695,316696,316698,2,1
316695,316696,316698,2,1
316695,316696,316698,2,1
316695,316696,316698,2,1
316695,316696,316698,2,1
316695,316696,316698,2,1
316695,316696,316698,2,1
316695,316696,316698,2,1
316695,316696,316698,2,1
316695,316696,316698,2,1
316695,316696,316698,2,1
316695,316696,316698,2,1
316695,316696,316698,2,1
316695,316696,316698,2,1
316695,316696,316698,2,1
316695,316696,316698,2,1
316695,316696,316698,2,1
316695,316696,316698,2,1
316695,316696,316698,2,1
316695,316696,316698,2,1
316695,316696,316698,2,1
316695,316696,316698,2,1
316695,316696,316699,3,1
316701,316701,316703,2,0
316701,316701,316702,1,0
316701,316701,316702,1,0
316701,316701,316703,2,0
316701,316701,316703,2,0
316701,316701,316702,1,0
316701,316701,316704,3,0
316701,316701,316703,2,0
316701,316701,316704,3,0
316701,316701,316703,2,0
316701,316701,316704,3,0
316701,316701,316703,2,0
316701,316701,316703,2,0
316701,316701,316703,2,0
316701,316701,316703,2,0
316701,316701,316703,2,0
316701,316701,316704,3,0
316701,316701,316703,2,0
316701,316701,316704,3,0
316701,316701,316703,2,0
316701,316701,316703,2,0
316701,316701,316703,2,0
316701,316701,316703,2,0
316701,316701,316704,3,0
316701,316701,316703,2,0
316701,316701,316704,3,0
316701,316701,316703,2,0
316701,316701,316703,2,0
316701,316701,316703,2,0
316701,316701,316703,2,0
316701,316701,316704,3,0
316701,316701,316704,3,0
316706,316706,316708,2,0
316706,316706,316708,2,0
316706,316706,316708,2,0
316706,316706,316708,2,0
316706,316706,316708,2,0
316706,316706,316708,2,0
316706,316706,316709,3,0
316706,316706,316709,3,0
316706,316706,316709,3,0
316706,316706,316708,2,0
316706,316706,316709,3,0
316706,316706,316709,3,0
316706,316706,316708,2,0
316706,316706,316709,3,0
316706,316706,316709,3,0
316706,316706,316709,3,0
316706,316706,316709,3,0
316706,316706,316709,3,0
316706,316706,316708,2,0
316706,316706,316709,3,0
316706,316706,316709,3,0
316706,316706,316709,3,0
316706,316706,316709,3,0
316706,316706,316709,3,0
316706,316706,316709,3,0
316706,316706,316709,3,0
316706,316706,316709,3,0
316706,316706,316709,3,0
316706,316706,316709,3,0
316706,316706,316709,3,0
316706,316706,316709,3,0
316706,316706,316709,3,0
316712,316712,316713,1,0
316712,316712,316713,1,0
316712,316712,316714,2,0
316712,316712,316714,2,0
316712,316712,316713,1,0
316712,316712,316714,2,0
316712,316712,316714,2,0
316712,316712,316714,2,0
316712,316712,316714,2,0
316712,316712,316715,3,0
316712,316712,316714,2,0
316712,316712,316714,2,0
316712,316712,316714,2,0
316712,316712,316714,2,0
316712,316712,316715,3,0
316712,316712,316714,2,0
316712,316712,316714,2,0
316712,316712,316714,2,0
316712,316712,316714,2,0
316712,316712,316714,2,0
316712,316712,316714,2,0
316712,316712,316715,3,0
316712,316712,316714,2,0
316712,316712,316714,2,0
316712,316712,316714,2,0
316712,316712,316714,2,0
316712,316712,316714,2,0
316712,316712,316715,3,0
316712,316712,316714,2,0
316712,316712,316714,2,0
316712,316712,316714,2,0
316712,316712,316714,2,0
316716,316716,316718,2,0
316716,316716,316718,2,0
316716,316716,316718,2,0
316716,316716,316718,2,0
316716,316716,316717,1,0
316716,316716,316718,2,0
316716,316716,316719,3,0
316716,316716,316718,2,0
316716,316716,316719,3,0
316716,316716,316719,3,0
316716,316716,316719,3,0
316716,316716,316719,3,0
316716,316716,316719,3,0
316716,316716,316719,3,0
316716,316716,316719,3,0
316716,316716,316719,3,0
316716,316716,316718,2,0
316716,316716,316719,3,0
316716,316716,316719,3,0
316716,316716,316719,3,0
316716,316716,316719,3,0
316716,316716,316718,2,0
316716,316716,316719,3,0
316716,316716,316719,3,0
316716,316716,316719,3,0
316716,316716,316718,2,0
316716,316716,316719,3,0
316716,316716,316719,3,0
316716,316716,316719,3,0
316716,316716,316719,3,0
316716,316716,316719,3,0
316716,316716,316719,3,0
316721,316721,316723,2,0
316721,316721,316723,2,0
316721,316721,316723,2,0
316721,316721,316723,2,0
316721,316721,316723,2,0
316721,316721,316723,2,0
316721,316721,316723,2,0
316721,316721,316723,2,0
316721,316721,316724,3,0
316721,316721,316724,3,0
316721,316721,316724,3,0
316721,316721,316724,3,0
316721,316721,316723,2,0
316721,316721,316724,3,0
316721,316721,316724,3,0
316721,316721,316724,3,0
316721,316721,316724,3,0
316721,316721,316724,3,0
316721,316721,316724,3,0
316721,316721,316724,3,0
316721,316721,316724,3,0
316721,316721,316724,3,0
316721,316721,316724,3,0
316721,316721,316724,3,0
316721,316721,316724,3,0
316721,316721,316724,3,0
316721,316721,316724,3,0
316721,316721,316724,3,0
316721,316721,316724,3,0
316721,316721,316724,3,0
316721,316721,316725,4,0
316721,316721,316724,3,0
316727,316727,316729,2,0
316727,316727,316728,1,0
316727,316727,316728,1,0
316727,316727,316729,2,0
316727,316727,316729,2,0
316727,316727,316729,2,0
316727,316727,316729,2,0
316727,316727,316729,2,0
316727,316727,316729,2,0
316727,316727,316729,2,0
316727,316727,316729,2,0
316727,316727,316730,3,0
316727,316727,316729,2,0
316727,316727,316729,2,0
316727,316727,316729,2,0
316727,316727,316729,2,0
316727,316727,316729,2,0
316727,316727,316730,3,0
316727,316727,316729,2,0
316727,316727,316729,2,0
316727,316727,316729,2,0
316727,316727,316729,2,0
316727,316727,316730,3,0
316727,316727,316729,2,0
316727,316727,316730,3,0
316727,316727,316729,2,0
316727,316727,316729,2,0
316727,316727,316729,2,0
316727,316727,316729,2,0
316727,316727,316730,3,0
316727,316727,316730,3,0
316727,316727,316729,2,0
316731,316731,316733,2,0
316731,316731,316733,2,0
316731,316731,316733,2,0
316731,316731,316733,2,0
316731,316731,316733,2,0
316731,316731,316733,2,0
316731,316731,316734,3,0
316731,316731,316733,2,0
316731,316731,316734,3,0
316731,316731,316734,3,0
316731,316731,316734,3,0
316731,316731,316734,3,0
316731,316731,316734,3,0
316731,316731,316733,2,0
316731,316731,316734,3,0
316731,316731,316734,3,0
316731,316731,316734,3,0
316731,316731,316733,2,0
316731,316731,316734,3,0
316731,316731,316734,3,0
316731,316731,316734,3,0
316731,316731,316734,3,0
316731,316731,316734,3,0
316731,316731,316734,3,0
316731,316731,316734,3,0
316731,316731,316734,3,0
316731,316731,316734,3,0
316731,316731,316734,3,0
316731,316731,316733,2,0
316731,316731,316734,3,0
316731,316731,316734,3,0
316731,316731,316734,3,0
316736,316736,316737,1,0
316736,316736,316737,1,0
316736,316736,316737,1,0
316736,316736,316737,1,0
316736,316736,316738,2,0
316736,316736,316738,2,0
316736,316736,316738,2,0
316736,316736,316738,2,0
316736,316736,316738,2,0
316736,316736,316738,2,0
316736,316736,316738,2,0
316736,316736,316738,2,0
316736,316736,316738,2,0
316736,316736,316738,2,0
316736,316736,316738,2,0
316736,316736,316738,2,0
316736,316736,316738,2,0
316736,316736,316738,2,0
316736,316736,316738,2,0
316736,316736,316738,2,0
316736,316736,316738,2,0
316736,316736,316738,2,0
316736,316736,316738,2,0
316736,316736,316738,2,0
316736,316736,316738,2,0
316736,316736,316738,2,0
316736,316736,316738,2,0
316736,316736,316739,3,0
316736,316736,316738,2,0
316736,316736,316738,2,0
316736,316736,316739,3,0
316736,316736,316738,2,0
316740,316740,316742,2,0
316740,316740,316741,1,0
316740,316740,316742,2,0
316740,316740,316742,2,0
316740,316740,316742,2,0
316740,316740,316742,2,0
316740,316740,316742,2,0
316740,316740,316743,3,0
316740,316740,316743,3,0
316740,316740,316743,3,0
316740,316740,316743,3,0
316740,316740,316742,2,0
316740,316740,316742,2,0
316740,316740,316743,3,0
316740,316740,316743,3,0
316740,316740,316743,3,0
316740,316740,316743,3,0
316740,316740,316743,3,0
316740,316740,316743,3,0
316740,316740,316743,3,0
316740,316740,316743,3,0
316740,316740,316742,2,0
316740,316740,316743,3,0
316740,316740,316743,3,0
316740,316740,316743,3,0
316740,316740,316742,2,0
316740,316740,316743,3,0
316740,316740,316743,3,0
316740,316740,316743,3,0
316740,316740,316743,3,0
316740,316740,316742,2,0
316740,316740,316743,3,0
316745,316745,316747,2,0
316745,316745,316747,2,0
316745,316745,316747,2,0
316745,316745,316747,2,0
316745,316745,316747,2,0
316745,316745,316748,3,0
316745,316745,316748,3,0
316745,316745,316748,3,0
316745,316745,316748,3,0
316745,316745,316748,3,0
316745,316745,316748,3,0
316745,316745,316748,3,0
316745,316745,316747,2,0
316745,316745,316748,3,0
316745,316745,316748,3,0
316745,316745,316748,3,0
316745,316745,316748,3,0
316745,316745,316748,3,0
316745,316745,316748,3,0
316745,316745,316748,3,0
316745,316745,316748,3,0
316745,316745,316748,3,0
316745,316745,316748,3,0
316745,316745,316748,3,0
316745,316745,316748,3,0
316745,316745,316748,3,0
316745,316745,316748,3,0
316745,316745,316748,3,0
316745,316745,316748,3,0
316745,316745,316748,3,0
316745,316745,316748,3,0
316745,316745,316748,3,0
316751,316751,316752,1,0
316751,316751,316753,2,0
316751,316751,316752,1,0
316751,316751,316752,1,0
316751,316751,316753,2,0
316751,316751,316753,2,0
316751,316751,316753,2,0
316751,316751,316753,2,0
316751,316751,316753,2,0
316751,316751,316753,2,0
316751,316751,316753,2,0
316751,316751,316753,2,0
316751,316751,316753,2,0
316751,316751,316753,2,0
316751,316751,316753,2,0
316751,316751,316754,3,0
316751,316751,316753,2,0
316751,316751,316753,2,0
316751,316751,316753,2,0
316751,316751,316754,3,0
316751,316751,316753,2,0
316751,316751,316753,2,0
316751,316751,316754,3,0
316751,316751,316753,2,0
316751,316751,316753,2,0
316751,316751,316753,2,0
316751,316751,316753,2,0
316751,316751,316753,2,0
316751,316751,316753,2,0
316751,316751,316753,2,0
316751,316751,316753,2,0
316751,316751,316753,2,0
316755,316755,316757,2,0
316755,316755,316756,1,0
316755,316755,316757,2,0
316755,316755,316757,2,0
316755,316755,316757,2,0
316755,316755,316757,2,0
316755,316755,316758,3,0
316755,316755,316758,3,0
316755,316755,316758,3,0
316755,316755,316757,2,0
316755,316755,316758,3,0
316755,316755,316758,3,0
316755,316755,316757,2,0
316755,316755,316758,3,0
316755,316755,316757,2,0
316755,316755,316758,3,0
316755,316755,316758,3,0
316755,316755,316758,3,0
316755,316755,316758,3,0
316755,316755,316758,3,0
316755,316755,316758,3,0
316755,316755,316758,3,0
316755,316755,316758,3,0
316755,316755,316757,2,0
316755,316755,316758,3,0
316755,316755,316758,3,0
316755,316755,316758,3,0
316755,316755,316758,3,0
316755,316755,316758,3,0
316755,316755,316759,4,0
316755,316755,316759,4,0
316755,316755,316759,4,0
316760,316760,316762,2,0
316760,316760,316762,2,0
316760,316760,316762,2,0
316760,316760,316762,2,0
316760,316760,316763,3,0
316760,316760,316763,3,0
316760,316760,316763,3,0
316760,316760,316763,3,0
316760,316760,316763,3,0
316760,316760,316763,3,0
316760,316760,316763,3,0
316760,316760,316763,3,0
316760,316760,316763,3,0
316760,316760,316762,2,0
316760,316760,316763,3,0
316760,316760,316763,3,0
316760,316760,316762,2,0
316760,316760,316763,3,0
316760,316760,316763,3,0
316760,316760,316763,3,0
316760,316760,316762,2,0
316760,316760,316763,3,0
316760,316760,316763,3,0
316760,316760,316763,3,0
316760,316760,316763,3,0
316760,316760,316762,2,0
316760,316760,316763,3,0
316760,316760,316763,3,0
316760,316760,316763,3,0
316760,316760,316763,3,0
316760,316760,316764,4,0
316760,316760,316764,4,0
316765,316765,316767,2,0
316765,316765,316767,2,0
316765,316765,316767,2,0
316765,316765,316767,2,0
316765,316765,316768,3,0
316765,316765,316768,3,0
316765,316765,316768,3,0
316765,316765,316768,3,0
316765,316765,316768,3,0
316765,316765,316768,3,0
316765,316765,316768,3,0
316765,316765,316768,3,0
316765,316765,316768,3,0
316765,316765,316768,3,0
316765,316765,316768,3,0
316765,316765,316768,3,0
316765,316765,316768,3,0
316765,316765,316768,3,0
316765,316765,316769,4,0
316765,316765,316768,3,0
316765,316765,316768,3,0
316765,316766,316768,2,1
316765,316765,316768,3,0
316765,316765,316768,3,0
316765,316765,316768,3,0
316765,316765,316768,3,0
316765,316765,316768,3,0
316765,316765,316768,3,0
316765,316765,316769,4,0
316765,316765,316769,4,0
316765,316765,316769,4,0
316765,316765,316769,4,0
316771,316771,316773,2,0
316771,316771,316772,1,0
316771,316771,316772,1,0
316771,316771,316773,2,0
316771,316771,316773,2,0
316771,316771,316773,2,0
316771,316771,316773,2,0
316771,316771,316773,2,0
316771,316771,316773,2,0
316771,316771,316774,3,0
316771,316771,316773,2,0
316771,316771,316773,2,0
316771,316771,316773,2,0
316771,316771,316774,3,0
316771,316771,316773,2,0
316771,316771,316774,3,0
316771,316771,316774,3,0
316771,316771,316773,2,0
316771,316771,316773,2,0
316771,316771,316773,2,0
316771,316771,316773,2,0
316771,316771,316773,2,0
316771,316771,316773,2,0
316771,316771,316773,2,0
316771,316771,316774,3,0
316771,316771,316773,2,0
316771,316771,316773,2,0
316771,316771,316773,2,0
316771,316771,316773,2,0
316771,316771,316775,4,0
316771,316771,316774,3,0
316771,316771,316774,3,0
316776,316776,316778,2,0
316776,316776,316778,2,0
316776,316776,316778,2,0
316776,316776,316778,2,0
316776,316776,316778,2,0
316776,316776,316779,3,0
316776,316776,316779,3,0
316776,316776,316779,3,0
316776,316776,316779,3,0
316776,316776,316779,3,0
316776,316776,316778,2,0
316776,316776,316779,3,0
316776,316776,316779,3,0
316776,316776,316779,3,0
316776,316776,316779,3,0
316776,316776,316779,3,0
316776,316776,316779,3,0
316776,316776,316779,3,0
316776,316776,316779,3,0
316776,316776,316779,3,0
316776,316776,316779,3,0
316776,316776,316779,3,0
316776,316776,316779,3,0
316776,316776,316779,3,0
316776,316776,316779,3,0
316776,316776,316778,2,0
316776,316776,316779,3,0
316776,316776,316779,3,0
316776,316776,316779,3,0
316776,316776,316780,4,0
316776,316776,316779,3,0
316776,316776,316779,3,0
316782,316782,316783,1,0
316782,316782,316784,2,0
316782,316782,316784,2,0
316782,316782,316783,1,0
316782,316782,316783,1,0
316782,316782,316783,1,0
316782,316782,316784,2,0
316782,316782,316785,3,0
316782,316782,316784,2,0
316782,316782,316784,2,0
316782,316782,316784,2,0
316782,316782,316784,2,0
316782,316782,316784,2,0
316782,316782,316784,2,0
316782,316782,316785,3,0
316782,316782,316784,2,0
316782,316782,316785,3,0
316782,316782,316784,2,0
316782,316782,316784,2,0
316782,316782,316784,2,0
316782,316782,316785,3,0
316782,316782,316784,2,0
316782,316782,316785,3,0
316782,316782,316784,2,0
316782,316782,316784,2,0
316782,316782,316784,2,0
316782,316782,316784,2,0
316782,316782,316784,2,0
316782,316782,316785,3,0
316782,316782,316784,2,0
316782,316782,316784,2,0
316782,316782,316785,3,0
316786,316786,316788,2,0
316786,316786,316788,2,0
316786,316786,316788,2,0
316786,316786,316788,2,0
316786,316786,316789,3,0
316786,316786,316789,3,0
316786,316786,316789,3,0
316786,316786,316789,3,0
316786,316786,316789,3,0
316786,316786,316789,3,0
316786,316786,316789,3,0
316786,316786,316789,3,0
316786,316786,316789,3,0
316786,316786,316789,3,0
316786,316786,316788,2,0
316786,316786,316789,3,0
316786,316786,316789,3,0
316786,316786,316789,3,0
316786,316786,316789,3,0
316786,316786,316789,3,0
316786,316786,316789,3,0
316786,316786,316789,3,0
316786,316786,316789,3,0
316786,316786,316789,3,0
316786,316786,316789,3,0
316786,316786,316789,3,0
316786,316786,316789,3,0
316786,316786,316789,3,0
316786,316786,316789,3,0
316786,316786,316788,2,0
316786,316786,316789,3,0
316786,316786,316789,3,0
316791,316791,316792,1,0
316791,316791,316793,2,0
316791,316791,316792,1,0
316791,316791,316793,2,0
316791,316791,316792,1,0
316791,316791,316793,2,0
316791,316791,316793,2,0
316791,316791,316793,2,0
316791,316791,316794,3,0
316791,316791,316793,2,0
316791,316791,316793,2,0
316791,316791,316793,2,0
316791,316791,316793,2,0
316791,316791,316794,3,0
316791,316791,316793,2,0
316791,316791,316793,2,0
316791,316791,316793,2,0
316791,316791,316794,3,0
316791,316791,316793,2,0
316791,316791,316794,3,0
316791,316791,316793,2,0
316791,316791,316793,2,0
316791,316791,316793,2,0
316791,316791,316793,2,0
316791,316791,316793,2,0
316791,316791,316793,2,0
316791,316791,316794,3,0
316791,316791,316793,2,0
316791,316791,316793,2,0
316791,316791,316793,2,0
316791,316791,316794,3,0
316791,316791,316793,2,0
316795,316795,316797,2,0
316795,316795,316797,2,0
316795,316795,316796,1,0
316795,316795,316797,2,0
316795,316795,316798,3,0
316795,316795,316798,3,0
316795,316795,316798,3,0
316795,316795,316797,2,0
316795,316795,316798,3,0
316795,316795,316798,3,0
316795,316795,316798,3,0
316795,316795,316798,3,0
316795,316795,316798,3,0
316795,316795,316798,3,0
316795,316795,316798,3,0
316795,316795,316798,3,0
316795,316795,316798,3,0
316795,316795,316798,3,0
316795,316795,316798,3,0
316795,316795,316798,3,0
316795,316795,316798,3,0
316795,316795,316798,3,0
316795,316795,316797,2,0
316795,316795,316798,3,0
316795,316795,316798,3,0
316795,316795,316798,3,0
316795,316795,316798,3,0
316795,316795,316798,3,0
316795,316795,316798,3,0
316795,316795,316798,3,0
316795,316795,316798,3,0
316795,316795,316798,3,0
316801,316801,316803,2,0
316801,316801,316802,1,0
316801,316801,316802,1,0
316801,316801,316802,1,0
316801,316801,316803,2,0
316801,316801,316802,1,0
316801,316801,316803,2,0
316801,316801,316803,2,0
316801,316801,316803,2,0
316801,316801,316803,2,0
316801,316801,316803,2,0
316801,316801,316803,2,0
316801,316801,316803,2,0
316801,316801,316803,2,0
316801,316801,316803,2,0
316801,316801,316803,2,0
316801,316801,316804,3,0
316801,316801,316804,3,0
316801,316801,316803,2,0
316801,316801,316803,2,0
316801,316801,316804,3,0
316801,316801,316803,2,0
316801,316801,316804,3,0
316801,316801,316803,2,0
316801,316801,316803,2,0
316801,316801,316803,2,0
316801,316801,316803,2,0
316801,316801,316803,2,0
316801,316801,316803,2,0
316801,316801,316804,3,0
316801,316801,316803,2,0
316801,316801,316803,2,0
316805,316805,316807,2,0
316805,316805,316807,2,0
316805,316805,316806,1,0
316805,316805,316807,2,0
316805,316805,316807,2,0
316805,316805,316808,3,0
316805,316805,316808,3,0
316805,316805,316807,2,0
316805,316805,316808,3,0
316805,316805,316807,2,0
316805,316805,316808,3,0
316805,316805,316807,2,0
316805,316805,316807,2,0
316805,316805,316808,3,0
316805,316805,316808,3,0
316805,316805,316807,2,0
316805,316805,316808,3,0
316805,316805,316808,3,0
316805,316805,316807,2,0
316805,316805,316808,3,0
316805,316805,316808,3,0
316805,316805,316807,2,0
316805,316805,316808,3,0
316805,316805,316808,3,0
316805,316805,316807,2,0
316805,316805,316808,3,0
316805,316805,316808,3,0
316805,316805,316807,2,0
316805,316805,316808,3,0
316805,316805,316808,3,0
316805,316805,316807,2,0
316805,316805,316808,3,0
316810,316810,316812,2,0
316810,316810,316812,2,0
316810,316810,316812,2,0
316810,316810,316813,3,0
316810,316810,316812,2,0
316810,316810,316813,3,0
316810,316810,316813,3,0
316810,316811,316813,2,1
316810,316810,316813,3,0
316810,316811,316813,2,1
316810,316811,316813,2,1
316810,316810,316813,3,0
316810,316810,316813,3,0
316810,316810,316813,3,0
316810,316811,316813,2,1
316810,316810,316813,3,0
316810,316811,316813,2,1
316810,316811,316813,2,1
316810,316811,316813,2,1
316810,316810,316813,3,0
316810,316811,316813,2,1
316810,316811,316813,2,1
316810,316810,316813,3,0
316810,316810,316813,3,0
316810,316811,316813,2,1
316810,316810,316814,4,0
316810,316811,316813,2,1
316810,316811,316813,2,1
316810,316810,316813,3,0
316810,316811,316813,2,1
316810,316811,316813,2,1
316810,316810,316814,4,0
316816,316816,316818,2,0
316816,316816,316818,2,0
316816,316816,316817,1,0
316816,316816,316817,1,0
316816,316816,316817,1,0
316816,316816,316818,2,0
316816,316816,316818,2,0
316816,316816,316818,2,0
316816,316816,316819,3,0
316816,316816,316818,2,0
316816,316816,316818,2,0
316816,316816,316819,3,0
316816,316816,316819,3,0
316816,316816,316818,2,0
316816,316816,316819,3,0
316816,316816,316818,2,0
316816,316816,316818,2,0
316816,316816,316819,3,0
316816,316816,316818,2,0
316816,316816,316819,3,0
316816,316816,316818,2,0
316816,316816,316818,2,0
316816,316816,316818,2,0
316816,316816,316819,3,0
316816,316816,316818,2,0
316816,316816,316819,3,0
316816,316816,316818,2,0
316816,316816,316819,3,0
316816,316816,316819,3,0
316816,316816,316818,2,0
316816,316816,316819,3,0
316816,316816,316819,3,0
316821,316821,316823,2,0
316821,316821,316823,2,0
316821,316821,316823,2,0
316821,316821,316823,2,0
316821,316821,316824,3,0
316821,316821,316824,3,0
316821,316821,316824,3,0
316821,316821,316824,3,0
316821,316821,316823,2,0
316821,316821,316823,2,0
316821,316821,316824,3,0
316821,316821,316824,3,0
316821,316821,316824,3,0
316821,316821,316824,3,0
316821,316821,316824,3,0
316821,316821,316824,3,0
316821,316821,316823,2,0
316821,316821,316824,3,0
316821,316821,316824,3,0
316821,316821,316824,3,0
316821,316821,316824,3,0
316821,316821,316824,3,0
316821,316821,316824,3,0
316821,316821,316824,3,0
316821,316821,316824,3,0
316821,316821,316824,3,0
316821,316821,316824,3,0
316821,316821,316824,3,0
316821,316821,316824,3,0
316821,316821,316824,3,0
316821,316821,316824,3,0
316821,316821,316824,3,0
316826,316827,316828,1,1
316826,316827,316828,1,1
316826,316827,316828,1,1
316826,316827,316828,1,1
316826,316827,316829,2,1
316826,316827,316829,2,1
316826,316827,316829,2,1
316826,316827,316829,2,1
316826,316827,316829,2,1
316826,316827,316829,2,1
316826,316827,316829,2,1
316826,316827,316829,2,1
316826,316827,316829,2,1
316826,316827,316829,2,1
316826,316827,316829,2,1
316826,316827,316829,2,1
316826,316827,316829,2,1
316826,316827,316829,2,1
316826,316827,316829,2,1
316826,316827,316829,2,1
316826,316827,316829,2,1
316826,316827,316829,2,1
316826,316827,316829,2,1
316826,316827,316829,2,1
316826,316827,316829,2,1
316826,316827,316829,2,1
316826,316827,316829,2,1
316826,316827,316829,2,1
316826,316827,316829,2,1
316826,316827,316829,2,1
316826,316827,316829,2,1
316826,316827,316830,3,1
316832,316832,316833,1,0
316832,316832,316834,2,0
316832,316832,316834,2,0
316832,316832,316833,1,0
316832,316832,316833,1,0
316832,316832,316834,2,0
316832,316832,316835,3,0
316832,316832,316834,2,0
316832,316832,316835,3,0
316832,316832,316834,2,0
316832,316832,316834,2,0
316832,316832,316835,3,0
316832,316832,316834,2,0
316832,316832,316834,2,0
316832,316832,316835,3,0
316832,316832,316834,2,0
316832,316832,316834,2,0
316832,316832,316835,3,0
316832,316832,316835,3,0
316832,316832,316834,2,0
316832,316832,316835,3,0
316832,316832,316834,2,0
316832,316832,316834,2,0
316832,316832,316835,3,0
316832,316832,316834,2,0
316832,316832,316834,2,0
316832,316832,316835,3,0
316832,316832,316835,3,0
316832,316832,316834,2,0
316832,316832,316834,2,0
316832,316832,316835,3,0
316832,316832,316834,2,0
316836,316836,316838,2,0
316836,316836,316837,1,0
316836,316836,316838,2,0
316836,316836,316838,2,0
316836,316836,316839,3,0
316836,316836,316838,2,0
316836,316836,316839,3,0
316836,316836,316839,3,0
316836,316836,316839,3,0
316836,316836,316839,3,0
316836,316836,316838,2,0
316836,316836,316839,3,0
316836,316836,316839,3,0
316836,316836,316839,3,0
316836,316836,316839,3,0
316836,316836,316838,2,0
316836,316836,316839,3,0
316836,316836,316839,3,0
316836,316836,316839,3,0
316836,316836,316839,3,0
316836,316836,316839,3,0
316836,316836,316838,2,0
316836,316836,316839,3,0
316836,316836,316838,2,0
316836,316836,316839,3,0
316836,316836,316839,3,0
316836,316836,316839,3,0
316836,316836,316839,3,0
316836,316836,316839,3,0
316836,316836,316839,3,0
316836,316836,316839,3,0
316836,316836,316839,3,0
316842,316842,316844,2,0
316842,316842,316843,1,0
316842,316842,316843,1,0
316842,316842,316843,1,0
316842,316842,316844,2,0
316842,316842,316844,2,0
316842,316842,316844,2,0
316842,316842,316844,2,0
316842,316842,316844,2,0
316842,316842,316844,2,0
316842,316842,316844,2,0
316842,316842,316844,2,0
316842,316842,316844,2,0
316842,316842,316844,2,0
316842,316842,316844,2,0
316842,316842,316844,2,0
316842,316842,316844,2,0
316842,316842,316844,2,0
316842,316842,316844,2,0
316842,316842,316844,2,0
316842,316842,316844,2,0
316842,316842,316844,2,0
316842,316842,316844,2,0
316842,316842,316844,2,0
316842,316842,316844,2,0
316842,316842,316844,2,0
316842,316842,316845,3,0
316842,316842,316844,2,0
316842,316842,316844,2,0
316842,316842,316845,3,0
316842,316842,316844,2,0
316842,316842,316845,3,0
316847,316847,316849,2,0
316847,316847,316849,2,0
316847,316847,316849,2,0
316847,316847,316848,1,0
316847,316847,316849,2,0
316847,316847,316849,2,0
316847,316847,316849,2,0
316847,316847,316849,2,0
316847,316847,316849,2,0
316847,316847,316850,3,0
316847,316847,316849,2,0
316847,316847,316849,2,0
316847,316847,316850,3,0
316847,316847,316849,2,0
316847,316847,316849,2,0
316847,316847,316850,3,0
316847,316847,316849,2,0
316847,316847,316849,2,0
316847,316847,316849,2,0
316847,316847,316850,3,0
316847,316847,316850,3,0
316847,316847,316850,3,0
316847,316847,316850,3,0
316847,316847,316849,2,0
316847,316847,316849,2,0
316847,316847,316849,2,0
316847,316847,316850,3,0
316847,316847,316850,3,0
316847,316847,316850,3,0
316847,316847,316850,3,0
316847,316847,316850,3,0
316847,316847,316850,3,0
316852,316852,316853,1,0
316852,316852,316853,1,0
316852,316852,316854,2,0
316852,316852,316853,1,0
316852,316852,316854,2,0
316852,316852,316854,2,0
316852,316852,316854,2,0
316852,316852,316853,1,0
316852,316852,316855,3,0
316852,316852,316855,3,0
316852,316852,316855,3,0
316852,316852,316854,2,0
316852,316852,316855,3,0
316852,316852,316855,3,0
316852,316852,316854,2,0
316852,316852,316855,3,0
316852,316852,316855,3,0
316852,316852,316855,3,0
316852,316852,316855,3,0
316852,316852,316854,2,0
316852,316852,316855,3,0
316852,316852,316854,2,0
316852,316852,316855,3,0
316852,316852,316855,3,0
316852,316852,316854,2,0
316852,316852,316855,3,0
316852,316852,316854,2,0
316852,316852,316855,3,0
316852,316852,316855,3,0
316852,316852,316855,3,0
316852,316852,316855,3,0
316852,316852,316855,3,0
316856,316856,316858,2,0
316856,316856,316858,2,0
316856,316856,316858,2,0
316856,316856,316858,2,0
316856,316856,316858,2,0
316856,316856,316858,2,0
316856,316856,316859,3,0
316856,316856,316859,3,0
316856,316856,316859,3,0
316856,316856,316859,3,0
316856,316856,316859,3,0
316856,316856,316859,3,0
316856,316856,316859,3,0
316856,316856,316859,3,0
316856,316856,316859,3,0
316856,316856,316859,3,0
316856,316856,316859,3,0
316856,316856,316859,3,0
316856,316856,316859,3,0
316856,316856,316859,3,0
316856,316856,316859,3,0
316856,316856,316859,3,0
316856,316856,316859,3,0
316856,316856,316859,3,0
316856,316856,316859,3,0
316856,316856,316859,3,0
316856,316856,316859,3,0
316856,316856,316859,3,0
316856,316856,316859,3,0
316856,316856,316859,3,0
316856,316856,316859,3,0
316856,316856,316859,3,0
316861,316861,316863,2,0
316861,316861,316862,1,0
316861,316861,316863,2,0
316861,316861,316863,2,0
316861,316861,316862,1,0
316861,316861,316862,1,0
316861,316861,316863,2,0
316861,316861,316863,2,0
316861,316861,316863,2,0
316861,316861,316863,2,0
316861,316861,316863,2,0
316861,316861,316863,2,0
316861,316861,316863,2,0
316861,316861,316863,2,0
316861,316861,316864,3,0
316861,316861,316863,2,0
316861,316861,316864,3,0
316861,316861,316863,2,0
316861,316861,316863,2,0
316861,316861,316864,3,0
316861,316861,316863,2,0
316861,316861,316863,2,0
316861,316861,316864,3,0
316861,316861,316864,3,0
316861,316861,316863,2,0
316861,316861,316864,3,0
316861,316861,316863,2,0
316861,316861,316863,2,0
316861,316861,316863,2,0
316861,316861,316863,2,0
316861,316861,316864,3,0
316861,316861,316863,2,0
316865,316865,316867,2,0
316865,316865,316867,2,0
316865,316865,316867,2,0
316865,316865,316867,2,0
316865,316865,316867,2,0
316865,316865,316868,3,0
316865,316865,316868,3,0
316865,316865,316868,3,0
316865,316865,316867,2,0
316865,316865,316868,3,0
316865,316865,316868,3,0
316865,316865,316868,3,0
316865,316865,316868,3,0
316865,316865,316868,3,0
316865,316865,316868,3,0
316865,316865,316868,3,0
316865,316865,316868,3,0
316865,316865,316868,3,0
316865,316865,316868,3,0
316865,316865,316868,3,0
316865,316865,316868,3,0
316865,316865,316868,3,0
316865,316865,316868,3,0
316865,316865,316867,2,0
316865,316865,316868,3,0
316865,316865,316868,3,0
316865,316865,316868,3,0
316865,316865,316868,3,0
316865,316865,316868,3,0
316865,316865,316868,3,0
316865,316865,316868,3,0
316865,316865,316868,3,0
316871,316871,316872,1,0
316871,316871,316872,1,0
316871,316871,316872,1,0
316871,316871,316873,2,0
316871,316871,316874,3,0
316871,316871,316873,2,0
316871,316871,316873,2,0
316871,316871,316873,2,0
316871,316871,316873,2,0
316871,316871,316873,2,0
316871,316871,316873,2,0
316871,316871,316873,2,0
316871,316871,316873,2,0
316871,316871,316873,2,0
316871,316871,316873,2,0
316871,316871,316873,2,0
316871,316871,316873,2,0
316871,316871,316873,2,0
316871,316871,316873,2,0
316871,316871,316873,2,0
316871,316871,316873,2,0
316871,316871,316873,2,0
316871,316871,316873,2,0
316871,316871,316873,2,0
316871,316871,316874,3,0
316871,316871,316873,2,0
316871,316871,316873,2,0
316871,316871,316873,2,0
316871,316871,316873,2,0
316871,316871,316873,2,0
316871,316871,316873,2,0
316871,316871,316873,2,0
316875,316875,316877,2,0
316875,316875,316877,2,0
316875,316875,316877,2,0
316875,316875,316877,2,0
316875,316875,316877,2,0
316875,316875,316876,1,0
316875,316875,316877,2,0
316875,316875,316878,3,0
316875,316875,316878,3,0
316875,316875,316878,3,0
316875,316875,316878,3,0
316875,316875,316878,3,0
316875,316875,316878,3,0
316875,316875,316878,3,0
316875,316875,316878,3,0
316875,316875,316878,3,0
316875,316875,316877,2,0
316875,316875,316878,3,0
316875,316875,316878,3,0
316875,316875,316878,3,0
316875,316875,316878,3,0
316875,316875,316878,3,0
316875,316875,316877,2,0
316875,316875,316878,3,0
316875,316875,316878,3,0
316875,316875,316878,3,0
316875,316875,316877,2,0
316875,316875,316878,3,0
316875,316875,316878,3,0
316875,316875,316878,3,0
316875,316875,316878,3,0
316875,316875,316877,2,0
316880,316880,316881,1,0
316880,316880,316881,1,0
316880,316880,316882,2,0
316880,316880,316882,2,0
316880,316880,316882,2,0
316880,316880,316882,2,0
316880,316880,316882,2,0
316880,316880,316882,2,0
316880,316880,316882,2,0
316880,316880,316882,2,0
316880,316880,316882,2,0
316880,316880,316882,2,0
316880,316880,316882,2,0
316880,316880,316882,2,0
316880,316880,316882,2,0
316880,316880,316882,2,0
316880,316880,316882,2,0
316880,316880,316882,2,0
316880,316880,316882,2,0
316880,316880,316883,3,0
316880,316880,316882,2,0
316880,316880,316882,2,0
316880,316880,316882,2,0
316880,316880,316882,2,0
316880,316880,316883,3,0
316880,316880,316882,2,0
316880,316880,316883,3,0
316880,316880,316882,2,0
316880,316880,316882,2,0
316880,316880,316883,3,0
316880,316880,316882,2,0
316880,316880,316883,3,0
316885,316885,316886,1,0
316885,316885,316887,2,0
316885,316885,316887,2,0
316885,316885,316887,2,0
316885,316885,316887,2,0
316885,316885,316887,2,0
316885,316885,316887,2,0
316885,316885,316887,2,0
316885,316885,316887,2,0
316885,316885,316888,3,0
316885,316885,316888,3,0
316885,316885,316887,2,0
316885,316885,316887,2,0
316885,316885,316888,3,0
316885,316885,316887,2,0
316885,316885,316887,2,0
316885,316885,316888,3,0
316885,316885,316887,2,0
316885,316885,316888,3,0
316885,316885,316888,3,0
316885,316885,316887,2,0
316885,316885,316887,2,0
316885,316885,316887,2,0
316885,316885,316888,3,0
316885,316885,316888,3,0
316885,316885,316887,2,0
316885,316885,316888,3,0
316885,316885,316888,3,0
316885,316885,316888,3,0
316885,316885,316888,3,0
316885,316885,316888,3,0
316885,316885,316887,2,0
316889,316890,316891,1,1
316889,316890,316891,1,1
316889,316890,316891,1,1
316889,316890,316891,1,1
316889,316890,316891,1,1
316889,316890,316892,2,1
316889,316890,316892,2,1
316889,316890,316892,2,1
316889,316890,316892,2,1
316889,316890,316893,3,1
316889,316890,316892,2,1
316889,316890,316892,2,1
316889,316890,316892,2,1
316889,316890,316892,2,1
316889,316890,316892,2,1
316889,316890,316892,2,1
316889,316890,316892,2,1
316889,316890,316892,2,1
316889,316890,316892,2,1
316889,316890,316892,2,1
316889,316890,316892,2,1
316889,316890,316892,2,1
316889,316890,316892,2,1
316889,316890,316892,2,1
316889,316890,316892,2,1
316889,316890,316892,2,1
316889,316890,316893,3,1
316889,316890,316893,3,1
316889,316890,316893,3,1
316889,316890,316893,3,1
316889,316890,316893,3,1
316889,316890,316893,3,1
316895,316895,316897,2,0
316895,316895,316897,2,0
316895,316895,316897,2,0
316895,316895,316897,2,0
316895,316895,316897,2,0
316895,316895,316898,3,0
316895,316895,316897,2,0
316895,316895,316897,2,0
316895,316895,316897,2,0
316895,316895,316898,3,0
316895,316895,316898,3,0
316895,316895,316898,3,0
316895,316895,316898,3,0
316895,316895,316897,2,0
316895,316895,316898,3,0
316895,316895,316897,2,0
316895,316895,316898,3,0
316895,316895,316898,3,0
316895,316895,316897,2,0
316895,316895,316897,2,0
316895,316895,316898,3,0
316895,316895,316897,2,0
316895,316895,316898,3,0
316895,316895,316898,3,0
316895,316895,316897,2,0
316895,316895,316898,3,0
316895,316895,316897,2,0
316895,316895,316897,2,0
316895,316895,316898,3,0
316895,316895,316898,3,0
316895,316895,316898,3,0
316895,316895,316898,3,0
316900,316900,316902,2,0
316900,316900,316902,2,0
316900,316900,316902,2,0
316900,316900,316903,3,0
316900,316900,316903,3,0
316900,316900,316903,3,0
316900,316900,316903,3,0
316900,316900,316903,3,0
316900,316900,316903,3,0
316900,316900,316903,3,0
316900,316900,316903,3,0
316900,316900,316903,3,0
316900,316900,316903,3,0
316900,316900,316903,3,0
316900,316900,316903,3,0
316900,316900,316903,3,0
316900,316900,316903,3,0
316900,316900,316903,3,0
316900,316900,316903,3,0
316900,316900,316903,3,0
316900,316900,316903,3,0
316900,316900,316903,3,0
316900,316900,316903,3,0
316900,316900,316903,3,0
316900,316900,316903,3,0
316900,316900,316903,3,0
316900,316900,316903,3,0
316900,316900,316903,3,0
316900,316900,316903,3,0
316900,316900,316904,4,0
316900,316900,316904,4,0
316900,316900,316904,4,0
316906,316906,316907,1,0
316906,316906,316908,2,0
316906,316906,316908,2,0
316906,316906,316907,1,0
316906,316906,316908,2,0
316906,316906,316909,3,0
316906,316906,316908,2,0
316906,316906,316908,2,0
316906,316906,316908,2,0
316906,316906,316909,3,0
316906,316906,316908,2,0
316906,316906,316908,2,0
316906,316906,316908,2,0
316906,316906,316908,2,0
316906,316906,316908,2,0
316906,316906,316908,2,0
316906,316906,316908,2,0
316906,316906,316908,2,0
316906,316906,316909,3,0
316906,316906,316908,2,0
316906,316906,316908,2,0
316906,316906,316909,3,0
316906,316906,316908,2,0
316906,316906,316908,2,0
316906,316906,316909,3,0
316906,316906,316908,2,0
316906,316906,316909,3,0
316906,316906,316909,3,0
316906,316906,316909,3,0
316906,316906,316909,3,0
316906,316906,316909,3,0
316906,316906,316909,3,0
316911,316911,316913,2,0
316911,316911,316913,2,0
316911,316911,316913,2,0
316911,316911,316913,2,0
316911,316911,316913,2,0
316911,316911,316914,3,0
316911,316911,316913,2,0
316911,316911,316914,3,0
316911,316911,316914,3,0
316911,316911,316913,2,0
316911,316911,316914,3,0
316911,316911,316914,3,0
316911,316911,316914,3,0
316911,316911,316914,3,0
316911,316911,316914,3,0
316911,316911,316914,3,0
316911,316911,316914,3,0
316911,316911,316914,3,0
316911,316911,316914,3,0
316911,316911,316914,3,0
316911,316911,316914,3,0
316911,316911,316914,3,0
316911,316911,316914,3,0
316911,316911,316914,3,0
316911,316911,316913,2,0
316911,316911,316914,3,0
316911,316911,316914,3,0
316911,316911,316914,3,0
316911,316911,316914,3,0
316911,316911,316914,3,0
316911,316911,316914,3,0
316911,316911,316914,3,0
316917,316917,316918,1,0
316917,316917,316918,1,0
316917,316917,316918,1,0
316917,316917,316918,1,0
316917,316917,316919,2,0
316917,316917,316919,2,0
316917,316917,316919,2,0
316917,316917,316920,3,0
316917,316917,316919,2,0
316917,316917,316919,2,0
316917,316917,316919,2,0
316917,316917,316919,2,0
316917,316917,316919,2,0
316917,316917,316919,2,0
316917,316917,316919,2,0
316917,316917,316919,2,0
316917,316917,316919,2,0
316917,316917,316919,2,0
316917,316917,316919,2,0
316917,316917,316919,2,0
316917,316917,316919,2,0
316917,316917,316919,2,0
316917,316917,316919,2,0
316917,316917,316920,3,0
316917,316917,316920,3,0
316917,316917,316919,2,0
316917,316917,316919,2,0
316917,316917,316919,2,0
316917,316917,316919,2,0
316917,316917,316920,3,0
316917,316917,316919,2,0
316917,316917,316919,2,0
316921,316921,316923,2,0
316921,316921,316923,2,0
316921,316921,316923,2,0
316921,316921,316923,2,0
316921,316921,316923,2,0
316921,316921,316923,2,0
316921,316921,316924,3,0
316921,316921,316923,2,0
316921,316921,316924,3,0
316921,316921,316924,3,0
316921,316921,316923,2,0
316921,316921,316923,2,0
316921,316921,316923,2,0
316921,316921,316924,3,0
316921,316921,316923,2,0
316921,316921,316924,3,0
316921,316921,316923,2,0
316921,316921,316924,3,0
316921,316921,316924,3,0
316921,316921,316923,2,0
316921,316921,316924,3,0
316921,316921,316923,2,0
316921,316921,316924,3,0
316921,316921,316923,2,0
316921,316921,316924,3,0
316921,316921,316924,3,0
316921,316921,316923,2,0
316921,316921,316923,2,0
316921,316921,316924,3,0
316921,316921,316923,2,0
316921,316921,316924,3,0
316921,316921,316924,3,0
316926,316927,316928,1,1
316926,316927,316928,1,1
316926,316927,316928,1,1
316926,316927,316928,1,1
316926,316927,316928,1,1
316926,316927,316928,1,1
316926,316926,316929,3,0
316926,316926,316928,2,0
316926,316926,316929,3,0
316926,316927,316929,2,1
316926,316927,316929,2,1
316926,316927,316929,2,1
316926,316927,316929,2,1
316926,316927,316929,2,1
316926,316927,316929,2,1
316926,316927,316929,2,1
316926,316927,316929,2,1
316926,316927,316929,2,1
316926,316927,316929,2,1
316926,316927,316929,2,1
316926,316927,316929,2,1
316926,316927,316929,2,1
316926,316927,316929,2,1
316926,316927,316929,2,1
316926,316927,316929,2,1
316926,316927,316929,2,1
316926,316927,316930,3,1
316926,316927,316929,2,1
316926,316927,316929,2,1
316926,316927,316929,2,1
316926,316927,316929,2,1
316926,316927,316929,2,1
316931,316931,316933,2,0
316931,316931,316933,2,0
316931,316931,316933,2,0
316931,316931,316933,2,0
316931,316931,316932,1,0
316931,316931,316932,1,0
316931,316931,316932,1,0
316931,316931,316933,2,0
316931,316931,316933,2,0
316931,316931,316933,2,0
316931,316931,316934,3,0
316931,316931,316933,2,0
316931,316931,316934,3,0
316931,316931,316933,2,0
316931,316931,316933,2,0
316931,316931,316934,3,0
316931,316931,316933,2,0
316931,316931,316934,3,0
316931,316931,316933,2,0
316931,316931,316933,2,0
316931,316931,316933,2,0
316931,316931,316934,3,0
316931,316931,316933,2,0
316931,316931,316933,2,0
316931,316931,316934,3,0
316931,316931,316933,2,0
316931,316931,316934,3,0
316931,316931,316933,2,0
316931,316931,316933,2,0
316931,316931,316934,3,0
316931,316931,316934,3,0
316931,316931,316933,2,0
316935,316935,316937,2,0
316935,316935,316937,2,0
316935,316935,316937,2,0
316935,316935,316937,2,0
316935,316935,316937,2,0
316935,316935,316937,2,0
316935,316935,316937,2,0
316935,316935,316938,3,0
316935,316935,316938,3,0
316935,316935,316938,3,0
316935,316935,316937,2,0
316935,316935,316938,3,0
316935,316935,316938,3,0
316935,316935,316938,3,0
316935,316935,316938,3,0
316935,316935,316938,3,0
316935,316935,316938,3,0
316935,316935,316938,3,0
316935,316935,316938,3,0
316935,316935,316938,3,0
316935,316935,316938,3,0
316935,316935,316938,3,0
316935,316935,316938,3,0
316935,316935,316938,3,0
316935,316935,316938,3,0
316935,316935,316937,2,0
316935,316935,316938,3,0
316935,316935,316938,3,0
316935,316935,316938,3,0
316935,316935,316938,3,0
316935,316935,316938,3,0
316935,316935,316938,3,0
316940,316940,316942,2,0
316940,316940,316941,1,0
316940,316940,316942,2,0
316940,316940,316942,2,0
316940,316940,316943,3,0
316940,316940,316942,2,0
316940,316940,316942,2,0
316940,316940,316942,2,0
316940,316940,316943,3,0
316940,316940,316942,2,0
316940,316940,316942,2,0
316940,316940,316943,3,0
316940,316940,316942,2,0
316940,316940,316942,2,0
316940,316940,316943,3,0
316940,316940,316942,2,0
316940,316940,316943,3,0
316940,316940,316943,3,0
316940,316940,316943,3,0
316940,316940,316943,3,0
316940,316940,316943,3,0
316940,316940,316942,2,0
316940,316940,316943,3,0
316940,316940,316943,3,0
316940,316940,316942,2,0
316940,316940,316943,3,0
316940,316940,316943,3,0
316940,316940,316942,2,0
316940,316940,316942,2,0
316940,316940,316943,3,0
316940,316940,316943,3,0
316940,316940,316942,2,0
316944,316944,316946,2,0
316944,316944,316946,2,0
316944,316945,316946,1,1
316944,316944,316946,2,0
316944,316944,316947,3,0
316944,316944,316946,2,0
316944,316944,316947,3,0
316944,316945,316947,2,1
316944,316944,316947,3,0
316944,316945,316947,2,1
316944,316944,316947,3,0
316944,316944,316947,3,0
316944,316945,316947,2,1
316944,316945,316947,2,1
316944,316945,316947,2,1
316944,316944,316947,3,0
316944,316945,316947,2,1
316944,316945,316947,2,1
316944,316944,316947,3,0
316944,316945,316947,2,1
316944,316944,316948,4,0
316944,316945,316947,2,1
316944,316945,316947,2,1
316944,316944,316947,3,0
316944,316945,316947,2,1
316944,316945,316947,2,1
316944,316945,316947,2,1
316944,316945,316947,2,1
316944,316945,316947,2,1
316944,316944,316947,3,0
316944,316945,316947,2,1
316944,316945,316947,2,1
316949,316949,316951,2,0
316949,316949,316951,2,0
316949,316949,316950,1,0
316949,316949,316951,2,0
316949,316949,316950,1,0
316949,316949,316951,2,0
316949,316949,316952,3,0
316949,316949,316951,2,0
316949,316949,316951,2,0
316949,316949,316952,3,0
316949,316949,316952,3,0
316949,316949,316951,2,0
316949,316949,316952,3,0
316949,316949,316951,2,0
316949,316949,316951,2,0
316949,316949,316952,3,0
316949,316949,316951,2,0
316949,316949,316952,3,0
316949,316949,316952,3,0
316949,316949,316952,3,0
316949,316949,316951,2,0
316949,316949,316952,3,0
316949,316949,316951,2,0
316949,316949,316951,2,0
316949,316949,316952,3,0
316949,316949,316951,2,0
316949,316949,316951,2,0
316949,316949,316952,3,0
316949,316949,316951,2,0
316949,316949,316952,3,0
316949,316949,316952,3,0
316949,316949,316951,2,0
316953,316953,316955,2,0
316953,316953,316955,2,0
316953,316953,316955,2,0
316953,316953,316955,2,0
316953,316953,316955,2,0
316953,316953,316956,3,0
316953,316953,316956,3,0
316953,316953,316956,3,0
316953,316953,316956,3,0
316953,316953,316956,3,0
316953,316953,316956,3,0
316953,316953,316956,3,0
316953,316953,316956,3,0
316953,316953,316956,3,0
316953,316953,316956,3,0
316953,316953,316956,3,0
316953,316953,316956,3,0
316953,316953,316955,2,0
316953,316953,316956,3,0
316953,316953,316956,3,0
316953,316953,316956,3,0
316953,316953,316956,3,0
316953,316953,316956,3,0
316953,316953,316956,3,0
316953,316953,316956,3,0
316953,316953,316956,3,0
316953,316953,316956,3,0
316953,316953,316956,3,0
316953,316953,316956,3,0
316953,316953,316956,3,0
316953,316953,316956,3,0
316953,316953,316957,4,0
316959,316959,316960,1,0
316959,316959,316960,1,0
316959,316959,316961,2,0
316959,316959,316960,1,0
316959,316959,316960,1,0
316959,316959,316962,3,0
316959,316959,316961,2,0
316959,316959,316961,2,0
316959,316959,316961,2,0
316959,316959,316961,2,0
316959,316959,316961,2,0
316959,316959,316961,2,0
316959,316959,316962,3,0
316959,316959,316961,2,0
316959,316959,316962,3,0
316959,316959,316961,2,0
316959,316959,316961,2,0
316959,316959,316961,2,0
316959,316959,316961,2,0
316959,316959,316962,3,0
316959,316959,316961,2,0
316959,316959,316961,2,0
316959,316959,316962,3,0
316959,316959,316962,3,0
316959,316959,316961,2,0
316959,316959,316961,2,0
316959,316959,316961,2,0
316959,316959,316961,2,0
316959,316959,316961,2,0
316959,316959,316961,2,0
316959,316959,316961,2,0
316959,316959,316962,3,0
316964,316964,316966,2,0
316964,316964,316965,1,0
316964,316964,316966,2,0
316964,316964,316966,2,0
316964,316964,316966,2,0
316964,316964,316967,3,0
316964,316964,316966,2,0
316964,316964,316966,2,0
316964,316964,316967,3,0
316964,316964,316967,3,0
316964,316964,316967,3,0
316964,316964,316967,3,0
316964,316964,316966,2,0
316964,316964,316967,3,0
316964,316964,316967,3,0
316964,316964,316967,3,0
316964,316964,316967,3,0
316964,316964,316966,2,0
316964,316964,316967,3,0
316964,316964,316967,3,0
316964,316964,316966,2,0
316964,316964,316966,2,0
316964,316964,316966,2,0
316964,316964,316967,3,0
316964,316964,316967,3,0
316964,316964,316966,2,0
316964,316964,316967,3,0
316964,316964,316967,3,0
316964,316964,316967,3,0
316964,316964,316967,3,0
316964,316964,316967,3,0
316964,316964,316967,3,0
316968,316968,316970,2,0
316968,316968,316970,2,0
316968,316968,316970,2,0
316968,316968,316970,2,0
316968,316968,316971,3,0
316968,316968,316971,3,0
316968,316968,316971,3,0
316968,316968,316971,3,0
316968,316968,316971,3,0
316968,316968,316971,3,0
316968,316968,316971,3,0
316968,316968,316971,3,0
316968,316968,316971,3,0
316968,316968,316971,3,0
316968,316968,316971,3,0
316968,316968,316971,3,0
316968,316968,316971,3,0
316968,316968,316971,3,0
316968,316968,316971,3,0
316968,316968,316971,3,0
316968,316968,316971,3,0
316968,316968,316971,3,0
316968,316968,316971,3,0
316968,316968,316970,2,0
316968,316968,316971,3,0
316968,316968,316971,3,0
316968,316968,316971,3,0
316968,316968,316971,3,0
316968,316968,316971,3,0
316968,316968,316971,3,0
316968,316968,316971,3,0
316968,316968,316972,4,0
316974,316974,316976,2,0
316974,316974,316976,2,0
316974,316974,316976,2,0
316974,316974,316976,2,0
316974,316974,316976,2,0
316974,316974,316976,2,0
316974,316974,316975,1,0
316974,316974,316977,3,0
316974,316974,316976,2,0
316974,316974,316976,2,0
316974,316974,316977,3,0
316974,316974,316976,2,0
316974,316974,316977,3,0
316974,316974,316976,2,0
316974,316974,316976,2,0
316974,316974,316976,2,0
316974,316974,316977,3,0
316974,316974,316976,2,0
316974,316974,316976,2,0
316974,316974,316977,3,0
316974,316974,316976,2,0
316974,316974,316977,3,0
316974,316974,316977,3,0
316974,316974,316977,3,0
316974,316974,316976,2,0
316974,316974,316976,2,0
316974,316974,316976,2,0
316974,316974,316977,3,0
316974,316974,316976,2,0
316974,316974,316976,2,0
316974,316974,316977,3,0
316974,316974,316976,2,0
316978,316978,316980,2,0
316978,316978,316980,2,0
316978,316978,316980,2,0
316978,316978,316980,2,0
316978,316978,316980,2,0
316978,316978,316980,2,0
316978,316978,316980,2,0
316978,316978,316980,2,0
316978,316978,316980,2,0
316978,316978,316980,2,0
316978,316978,316979,1,0
316978,316978,316980,2,0
316978,316978,316981,3,0
316978,316978,316981,3,0
316978,316978,316980,2,0
316978,316978,316981,3,0
316978,316978,316981,3,0
316978,316978,316981,3,0
316978,316978,316981,3,0
316978,316978,316980,2,0
316978,316978,316981,3,0
316978,316978,316981,3,0
316978,316978,316981,3,0
316978,316978,316981,3,0
316978,316978,316981,3,0
316978,316978,316980,2,0
316978,316978,316981,3,0
316978,316978,316981,3,0
316978,316978,316981,3,0
316978,316978,316980,2,0
316978,316978,316981,3,0
316978,316978,316980,2,0
316983,316983,316984,1,0
316983,316983,316985,2,0
316983,316983,316985,2,0
316983,316983,316984,1,0
316983,316983,316984,1,0
316983,316983,316985,2,0
316983,316983,316985,2,0
316983,316983,316985,2,0
316983,316983,316985,2,0
316983,316983,316985,2,0
316983,316983,316984,1,0
316983,316983,316985,2,0
316983,316983,316985,2,0
316983,316983,316985,2,0
316983,316983,316985,2,0
316983,316983,316985,2,0
316983,316983,316985,2,0
316983,316983,316985,2,0
316983,316983,316985,2,0
316983,316983,316985,2,0
316983,316983,316985,2,0
316983,316983,316986,3,0
316983,316983,316985,2,0
316983,316983,316985,2,0
316983,316983,316985,2,0
316983,316983,316986,3,0
316983,316983,316985,2,0
316983,316983,316985,2,0
316983,316983,316985,2,0
316983,316983,316985,2,0
316983,316983,316985,2,0
316983,316983,316985,2,0
316987,316987,316989,2,0
316987,316987,316988,1,0
316987,316987,316989,2,0
316987,316987,316988,1,0
316987,316987,316989,2,0
316987,316987,316988,1,0
316987,316987,316988,1,0
316987,316987,316989,2,0
316987,316987,316989,2,0
316987,316987,316989,2,0
316987,316987,316989,2,0
316987,316987,316989,2,0
316987,316987,316989,2,0
316987,316987,316989,2,0
316987,316987,316989,2,0
316987,316987,316989,2,0
316987,316987,316989,2,0
316987,316987,316989,2,0
316987,316987,316989,2,0
316987,316987,316989,2,0
316987,316987,316989,2,0
316987,316987,316989,2,0
316987,316987,316990,3,0
316987,316987,316989,2,0
316987,316987,316989,2,0
316987,316987,316990,3,0
316987,316987,316989,2,0
316987,316987,316989,2,0
316987,316987,316990,3,0
316987,316987,316989,2,0
316987,316987,316989,2,0
316987,316987,316989,2,0
316991,316991,316992,1,0
316991,316991,316993,2,0
316991,316991,316992,1,0
316991,316991,316992,1,0
316991,316991,316992,1,0
316991,316991,316994,3,0
316991,316991,316993,2,0
316991,316991,316993,2,0
316991,316991,316993,2,0
316991,316991,316993,2,0
316991,316991,316994,3,0
316991,316991,316993,2,0
316991,316991,316993,2,0
316991,316991,316994,3,0
316991,316991,316993,2,0
316991,316991,316994,3,0
316991,316991,316993,2,0
316991,316991,316993,2,0
316991,316991,316994,3,0
316991,316991,316993,2,0
316991,316991,316993,2,0
316991,316991,316994,3,0
316991,316991,316993,2,0
316991,316991,316993,2,0
316991,316991,316994,3,0
316991,316991,316993,2,0
316991,316991,316993,2,0
316991,316991,316994,3,0
316991,316991,316993,2,0
316991,316991,316993,2,0
316991,316991,316993,2,0
316991,316991,316993,2,0
316995,316995,316997,2,0
316995,316995,316997,2,0
316995,316995,316997,2,0
316995,316995,316997,2,0
316995,316995,316997,2,0
316995,316995,316997,2,0
316995,316995,316997,2,0
316995,316995,316997,2,0
316995,316995,316998,3,0
316995,316995,316998,3,0
316995,316995,316998,3,0
316995,316995,316997,2,0
316995,316995,316998,3,0
316995,316995,316998,3,0
316995,316995,316997,2,0
316995,316995,316998,3,0
316995,316995,316998,3,0
316995,316995,316998,3,0
316995,316995,316998,3,0
316995,316995,316998,3,0
316995,316995,316998,3,0
316995,316995,316998,3,0
316995,316995,316998,3,0
316995,316995,316998,3,0
316995,316995,316997,2,0
316995,316995,316998,3,0
316995,316995,316998,3,0
316995,316995,316998,3,0
316995,316995,316998,3,0
316995,316995,316998,3,0
316995,316995,316998,3,0
316995,316995,316998,3,0
317000,317000,317002,2,0
317000,317000,317002,2,0
317000,317000,317001,1,0
317000,317000,317001,1,0
317000,317000,317002,2,0
317000,317000,317002,2,0
317000,317000,317002,2,0
317000,317000,317002,2,0
317000,317000,317002,2,0
317000,317000,317002,2,0
317000,317000,317002,2,0
317000,317000,317002,2,0
317000,317000,317002,2,0
317000,317000,317002,2,0
317000,317000,317002,2,0
317000,317000,317003,3,0
317000,317000,317002,2,0
317000,317000,317002,2,0
317000,317000,317002,2,0
317000,317000,317002,2,0
317000,317000,317002,2,0
317000,317000,317002,2,0
317000,317000,317002,2,0
317000,317000,317002,2,0
317000,317000,317002,2,0
317000,317000,317002,2,0
317000,317000,317003,3,0
317000,317000,317002,2,0
317000,317000,317002,2,0
317000,317000,317002,2,0
317000,317000,317002,2,0
317000,317000,317003,3,0
317005,317005,317006,1,0
317005,317005,317006,1,0
317005,317005,317007,2,0
317005,317005,317007,2,0
317005,317005,317007,2,0
317005,317005,317008,3,0
317005,317005,317007,2,0
317005,317005,317008,3,0
317005,317005,317007,2,0
317005,317005,317007,2,0
317005,317005,317007,2,0
317005,317005,317008,3,0
317005,317005,317008,3,0
317005,317005,317008,3,0
317005,317005,317008,3,0
317005,317005,317007,2,0
317005,317005,317007,2,0
317005,317005,317007,2,0
317005,317005,317008,3,0
317005,317005,317007,2,0
317005,317005,317008,3,0
317005,317005,317008,3,0
317005,317005,317008,3,0
317005,317005,317007,2,0
317005,317005,317008,3,0
317005,317005,317007,2,0
317005,317005,317008,3,0
317005,317005,317008,3,0
317005,317005,317007,2,0
317005,317005,317008,3,0
317005,317005,317008,3,0
317005,317005,317008,3,0
317010,317010,317012,2,0
317010,317010,317012,2,0
317010,317010,317012,2,0
317010,317010,317012,2,0
317010,317010,317013,3,0
317010,317010,317013,3,0
317010,317010,317012,2,0
317010,317010,317013,3,0
317010,317010,317013,3,0
317010,317010,317013,3,0
317010,317010,317013,3,0
317010,317010,317013,3,0
317010,317010,317013,3,0
317010,317010,317013,3,0
317010,317010,317013,3,0
317010,317010,317013,3,0
317010,317010,317013,3,0
317010,317010,317013,3,0
317010,317010,317013,3,0
317010,317010,317013,3,0
317010,317010,317013,3,0
317010,317010,317013,3,0
317010,317010,317013,3,0
317010,317010,317013,3,0
317010,317010,317012,2,0
317010,317010,317013,3,0
317010,317010,317013,3,0
317010,317010,317013,3,0
317010,317010,317013,3,0
317010,317010,317013,3,0
317010,317010,317013,3,0
317010,317010,317013,3,0
317016,317016,317018,2,0
317016,317016,317017,1,0
317016,317016,317018,2,0
317016,317016,317018,2,0
317016,317016,317017,1,0
317016,317016,317017,1,0
317016,317016,317018,2,0
317016,317016,317018,2,0
317016,317016,317018,2,0
317016,317016,317018,2,0
317016,317016,317018,2,0
317016,317016,317018,2,0
317016,317016,317018,2,0
317016,317016,317018,2,0
317016,317016,317018,2,0
317016,317016,317018,2,0
317016,317016,317018,2,0
317016,317016,317018,2,0
317016,317016,317018,2,0
317016,317016,317018,2,0
317016,317016,317018,2,0
317016,317016,317018,2,0
317016,317016,317019,3,0
317016,317016,317018,2,0
317016,317016,317018,2,0
317016,317016,317019,3,0
317016,317016,317019,3,0
317016,317016,317018,2,0
317016,317016,317018,2,0
317016,317016,317018,2,0
317016,317016,317018,2,0
317016,317016,317019,3,0
317021,317021,317022,1,0
317021,317021,317023,2,0
317021,317021,317023,2,0
317021,317021,317024,3,0
317021,317021,317024,3,0
317021,317021,317023,2,0
317021,317021,317024,3,0
317021,317021,317023,2,0
317021,317021,317024,3,0
317021,317021,317023,2,0
317021,317021,317024,3,0
317021,317021,317023,2,0
317021,317021,317023,2,0
317021,317021,317024,3,0
317021,317021,317024,3,0
317021,317021,317024,3,0
317021,317021,317024,3,0
317021,317021,317023,2,0
317021,317021,317024,3,0
317021,317021,317024,3,0
317021,317021,317024,3,0
317021,317021,317024,3,0
317021,317021,317023,2,0
317021,317021,317024,3,0
317021,317021,317024,3,0
317021,317021,317023,2,0
317021,317021,317024,3,0
317021,317021,317023,2,0
317021,317021,317024,3,0
317021,317021,317024,3,0
317021,317021,317025,4,0
317021,317021,317024,3,0
317026,317027,317028,1,1
317026,317027,317028,1,1
317026,317027,317028,1,1
317026,317027,317028,1,1
317026,317027,317028,1,1
317026,317027,317028,1,1
317026,317027,317029,2,1
317026,317027,317029,2,1
317026,317027,317029,2,1
317026,317027,317029,2,1
317026,317027,317029,2,1
317026,317027,317029,2,1
317026,317027,317029,2,1
317026,317027,317029,2,1
317026,317027,317029,2,1
317026,317027,317029,2,1
317026,317027,317029,2,1
317026,317027,317029,2,1
317026,317027,317029,2,1
317026,317027,317029,2,1
317026,317027,317029,2,1
317026,317027,317030,3,1
317026,317027,317029,2,1
317026,317027,317029,2,1
317026,317027,317029,2,1
317026,317027,317029,2,1
317026,317027,317029,2,1
317026,317027,317030,3,1
317026,317027,317029,2,1
317026,317027,317029,2,1
317026,317027,317030,3,1
317026,317027,317031,4,1
317033,317033,317034,1,0
317033,317033,317034,1,0
317033,317033,317035,2,0
317033,317033,317034,1,0
317033,317033,317034,1,0
317033,317033,317034,1,0
317033,317033,317034,1,0
317033,317033,317034,1,0
317033,317033,317035,2,0
317033,317033,317035,2,0
317033,317033,317035,2,0
317033,317033,317036,3,0
317033,317033,317035,2,0
317033,317033,317035,2,0
317033,317033,317035,2,0
317033,317033,317035,2,0
317033,317033,317035,2,0
317033,317033,317035,2,0
317033,317033,317036,3,0
317033,317033,317035,2,0
317033,317033,317035,2,0
317033,317033,317036,3,0
317033,317033,317035,2,0
317033,317033,317035,2,0
317033,317033,317035,2,0
317033,317033,317035,2,0
317033,317033,317035,2,0
317033,317033,317035,2,0
317033,317033,317036,3,0
317033,317033,317035,2,0
317033,317033,317036,3,0
317033,317033,317036,3,0
317038,317038,317039,1,0
317038,317038,317040,2,0
317038,317038,317040,2,0
317038,317038,317040,2,0
317038,317038,317040,2,0
317038,317038,317040,2,0
317038,317038,317040,2,0
317038,317038,317040,2,0
317038,317038,317040,2,0
317038,317038,317041,3,0
317038,317038,317041,3,0
317038,317038,317041,3,0
317038,317038,317040,2,0
317038,317038,317041,3,0
317038,317038,317040,2,0
317038,317038,317040,2,0
317038,317038,317041,3,0
317038,317038,317040,2,0
317038,317038,317041,3,0
317038,317038,317040,2,0
317038,317038,317040,2,0
317038,317038,317041,3,0
317038,317038,317040,2,0
317038,317038,317041,3,0
317038,317038,317041,3,0
317038,317038,317041,3,0
317038,317038,317041,3,0
317038,317038,317040,2,0
317038,317038,317040,2,0
317038,317038,317041,3,0
317038,317038,317041,3,0
317038,317038,317041,3,0
317042,317042,317044,2,0
317042,317043,317044,1,1
317042,317043,317044,1,1
317042,317043,317044,1,1
317042,317042,317044,2,0
317042,317042,317044,2,0
317042,317042,317044,2,0
317042,317042,317044,2,0
317042,317042,317045,3,0
317042,317042,317045,3,0
317042,317042,317045,3,0
317042,317042,317045,3,0
317042,317042,317045,3,0
317042,317043,317045,2,1
317042,317042,317045,3,0
317042,317042,317045,3,0
317042,317042,317045,3,0
317042,317042,317045,3,0
317042,317042,317045,3,0
317042,317042,317045,3,0
317042,317043,317045,2,1
317042,317042,317045,3,0
317042,317043,317045,2,1
317042,317042,317045,3,0
317042,317043,317045,2,1
317042,317043,317045,2,1
317042,317042,317045,3,0
317042,317043,317045,2,1
317042,317043,317045,2,1
317042,317042,317045,3,0
317042,317042,317045,3,0
317042,317043,317045,2,1
317047,317047,317049,2,0
317047,317047,317049,2,0
317047,317047,317048,1,0
317047,317047,317048,1,0
317047,317047,317049,2,0
317047,317047,317049,2,0
317047,317047,317049,2,0
317047,317047,317050,3,0
317047,317047,317050,3,0
317047,317047,317049,2,0
317047,317047,317049,2,0
317047,317047,317049,2,0
317047,317047,317050,3,0
317047,317047,317049,2,0
317047,317047,317049,2,0
317047,317047,317049,2,0
317047,317047,317050,3,0
317047,317047,317049,2,0
317047,317047,317049,2,0
317047,317047,317050,3,0
317047,317047,317049,2,0
317047,317047,317050,3,0
317047,317047,317049,2,0
317047,317047,317049,2,0
317047,317047,317050,3,0
317047,317047,317049,2,0
317047,317047,317050,3,0
317047,317047,317050,3,0
317047,317047,317049,2,0
317047,317047,317050,3,0
317047,317047,317050,3,0
317047,317047,317049,2,0
317051,317051,317053,2,0
317051,317051,317053,2,0
317051,317051,317053,2,0
317051,317051,317053,2,0
317051,317051,317053,2,0
317051,317051,317053,2,0
317051,317051,317054,3,0
317051,317051,317054,3,0
317051,317051,317054,3,0
317051,317051,317054,3,0
317051,317051,317054,3,0
317051,317051,317054,3,0
317051,317051,317054,3,0
317051,317051,317054,3,0
317051,317051,317054,3,0
317051,317051,317054,3,0
317051,317051,317053,2,0
317051,317051,317054,3,0
317051,317051,317054,3,0
317051,317051,317053,2,0
317051,317051,317054,3,0
317051,317051,317054,3,0
317051,317051,317054,3,0
317051,317051,317054,3,0
317051,317051,317054,3,0
317051,317051,317054,3,0
317051,317051,317054,3,0
317051,317051,317054,3,0
317051,317051,317054,3,0
317051,317051,317054,3,0
317051,317051,317054,3,0
317051,317051,317054,3,0
317056,317056,317057,1,0
317056,317056,317058,2,0
317056,317056,317057,1,0
317056,317056,317058,2,0
317056,317056,317058,2,0
317056,317056,317058,2,0
317056,317056,317057,1,0
317056,317056,317058,2,0
317056,317056,317058,2,0
317056,317056,317058,2,0
317056,317056,317058,2,0
317056,317056,317058,2,0
317056,317056,317059,3,0
317056,317056,317058,2,0
317056,317056,317058,2,0
317056,317056,317059,3,0
317056,317056,317058,2,0
317056,317056,317058,2,0
317056,317056,317059,3,0
317056,317056,317058,2,0
317056,317056,317058,2,0
317056,317056,317058,2,0
317056,317056,317058,2,0
317056,317056,317059,3,0
317056,317056,317058,2,0
317056,317056,317058,2,0
317056,317056,317059,3,0
317056,317056,317058,2,0
317056,317056,317058,2,0
317056,317056,317059,3,0
317056,317056,317059,3,0
317056,317056,317058,2,0
317060,317060,317062,2,0
317060,317060,317062,2,0
317060,317060,317062,2,0
317060,317060,317062,2,0
317060,317060,317062,2,0
317060,317060,317061,1,0
317060,317060,317063,3,0
317060,317060,317063,3,0
317060,317060,317062,2,0
317060,317060,317063,3,0
317060,317060,317063,3,0
317060,317060,317063,3,0
317060,317060,317063,3,0
317060,317060,317063,3,0
317060,317060,317063,3,0
317060,317060,317062,2,0
317060,317060,317063,3,0
317060,317060,317063,3,0
317060,317060,317063,3,0
317060,317060,317062,2,0
317060,317060,317063,3,0
317060,317060,317063,3,0
317060,317060,317062,2,0
317060,317060,317063,3,0
317060,317060,317063,3,0
317060,317060,317062,2,0
317060,317060,317063,3,0
317060,317060,317063,3,0
317060,317060,317063,3,0
317060,317060,317063,3,0
317060,317060,317063,3,0
317060,317060,317063,3,0
317065,317065,317067,2,0
317065,317065,317066,1,0
317065,317065,317067,2,0
317065,317065,317066,1,0
317065,317065,317066,1,0
317065,317065,317066,1,0
317065,317065,317067,2,0
317065,317065,317067,2,0
317065,317065,317067,2,0
317065,317065,317068,3,0
317065,317065,317067,2,0
317065,317065,317067,2,0
317065,317065,317067,2,0
317065,317065,317067,2,0
317065,317065,317067,2,0
317065,317065,317067,2,0
317065,317065,317067,2,0
317065,317065,317067,2,0
317065,317065,317067,2,0
317065,317065,317067,2,0
317065,317065,317067,2,0
317065,317065,317067,2,0
317065,317065,317067,2,0
317065,317065,317067,2,0
317065,317065,317067,2,0
317065,317065,317067,2,0
317065,317065,317067,2,0
317065,317065,317067,2,0
317065,317065,317068,3,0
317065,317065,317067,2,0
317065,317065,317067,2,0
317065,317065,317068,3,0
317070,317070,317071,1,0
317070,317070,317071,1,0
317070,317070,317072,2,0
317070,317070,317071,1,0
317070,317070,317072,2,0
317070,317070,317072,2,0
317070,317070,317072,2,0
317070,317070,317071,1,0
317070,317070,317072,2,0
317070,317070,317072,2,0
317070,317070,317072,2,0
317070,317070,317072,2,0
317070,317070,317072,2,0
317070,317070,317072,2,0
317070,317070,317072,2,0
317070,317070,317072,2,0
317070,317070,317072,2,0
317070,317070,317072,2,0
317070,317070,317072,2,0
317070,317070,317072,2,0
317070,317070,317072,2,0
317070,317070,317073,3,0
317070,317070,317073,3,0
317070,317070,317072,2,0
317070,317070,317072,2,0
317070,317070,317072,2,0
317070,317070,317073,3,0
317070,317070,317072,2,0
317070,317070,317073,3,0
317070,317070,317073,3,0
317070,317070,317072,2,0
317070,317070,317073,3,0
317075,317075,317077,2,0
317075,317075,317076,1,0
317075,317075,317076,1,0
317075,317075,317077,2,0
317075,317075,317077,2,0
317075,317075,317077,2,0
317075,317075,317077,2,0
317075,317075,317077,2,0
317075,317075,317077,2,0
317075,317075,317077,2,0
317075,317075,317078,3,0
317075,317075,317077,2,0
317075,317075,317077,2,0
317075,317075,317078,3,0
317075,317075,317077,2,0
317075,317075,317077,2,0
317075,317075,317078,3,0
317075,317075,317077,2,0
317075,317075,317077,2,0
317075,317075,317078,3,0
317075,317075,317078,3,0
317075,317075,317077,2,0
317075,317075,317078,3,0
317075,317075,317078,3,0
317075,317075,317077,2,0
317075,317075,317078,3,0
317075,317075,317078,3,0
317075,317075,317078,3,0
317075,317075,317078,3,0
317075,317075,317078,3,0
317075,317075,317077,2,0
317075,317075,317078,3,0
317080,317080,317082,2,0
317080,317080,317082,2,0
317080,317080,317082,2,0
317080,317080,317082,2,0
317080,317080,317082,2,0
317080,317080,317083,3,0
317080,317080,317083,3,0
317080,317080,317083,3,0
317080,317080,317083,3,0
317080,317080,317083,3,0
317080,317080,317083,3,0
317080,317080,317083,3,0
317080,317081,317083,2,1
317080,317080,317083,3,0
317080,317080,317083,3,0
317080,317081,317083,2,1
317080,317080,317083,3,0
317080,317080,317083,3,0
317080,317080,317083,3,0
317080,317080,317083,3,0
317080,317080,317083,3,0
317080,317080,317083,3,0
317080,317080,317083,3,0
317080,317081,317083,2,1
317080,317080,317083,3,0
317080,317080,317083,3,0
317080,317080,317083,3,0
317080,317080,317083,3,0
317080,317081,317083,2,1
317080,317080,317083,3,0
317080,317080,317083,3,0
317080,317081,317083,2,1
317085,317085,317087,2,0
317085,317085,317087,2,0
317085,317085,317087,2,0
317085,317085,317087,2,0
317085,317085,317086,1,0
317085,317085,317087,2,0
317085,317085,317087,2,0
317085,317085,317087,2,0
317085,317085,317087,2,0
317085,317085,317087,2,0
317085,317085,317088,3,0
317085,317085,317087,2,0
317085,317085,317088,3,0
317085,317085,317087,2,0
317085,317085,317087,2,0
317085,317085,317088,3,0
317085,317085,317087,2,0
317085,317085,317088,3,0
317085,317085,317087,2,0
317085,317085,317087,2,0
317085,317085,317088,3,0
317085,317085,317087,2,0
317085,317085,317088,3,0
317085,317085,317088,3,0
317085,317085,317087,2,0
317085,317085,317088,3,0
317085,317085,317088,3,0
317085,317085,317087,2,0
317085,317085,317088,3,0
317085,317085,317088,3,0
317085,317085,317087,2,0
317085,317085,317088,3,0
317090,317090,317092,2,0
317090,317090,317092,2,0
317090,317090,317092,2,0
317090,317090,317092,2,0
317090,317090,317092,2,0
317090,317090,317093,3,0
317090,317090,317093,3,0
317090,317090,317093,3,0
317090,317090,317093,3,0
317090,317090,317093,3,0
317090,317090,317093,3,0
317090,317090,317093,3,0
317090,317090,317093,3,0
317090,317090,317093,3,0
317090,317090,317093,3,0
317090,317090,317093,3,0
317090,317090,317093,3,0
317090,317090,317093,3,0
317090,317090,317093,3,0
317090,317090,317093,3,0
317090,317090,317093,3,0
317090,317090,317093,3,0
317090,317090,317093,3,0
317090,317090,317093,3,0
317090,317090,317093,3,0
317090,317090,317093,3,0
317090,317090,317093,3,0
317090,317090,317093,3,0
317090,317090,317093,3,0
317090,317090,317093,3,0
317090,317090,317094,4,0
317090,317090,317093,3,0
317095,317095,317097,2,0
317095,317095,317097,2,0
317095,317095,317096,1,0
317095,317095,317096,1,0
317095,317095,317097,2,0
317095,317095,317097,2,0
317095,317095,317097,2,0
317095,317095,317097,2,0
317095,317095,317098,3,0
317095,317095,317098,3,0
317095,317095,317097,2,0
317095,317095,317097,2,0
317095,317095,317098,3,0
317095,317095,317098,3,0
317095,317095,317097,2,0
317095,317095,317098,3,0
317095,317095,317097,2,0
317095,317095,317097,2,0
317095,317095,317098,3,0
317095,317095,317097,2,0
317095,317095,317098,3,0
317095,317095,317098,3,0
317095,317095,317097,2,0
317095,317095,317097,2,0
317095,317095,317097,2,0
317095,317095,317098,3,0
317095,317095,317098,3,0
317095,317095,317097,2,0
317095,317095,317098,3,0
317095,317095,317098,3,0
317095,317095,317097,2,0
317095,317095,317098,3,0
317100,317100,317102,2,0
317100,317100,317102,2,0
317100,317100,317102,2,0
317100,317100,317103,3,0
317100,317100,317103,3,0
317100,317100,317103,3,0
317100,317100,317103,3,0
317100,317100,317103,3,0
317100,317100,317103,3,0
317100,317100,317103,3,0
317100,317100,317102,2,0
317100,317100,317103,3,0
317100,317100,317103,3,0
317100,317100,317103,3,0
317100,317100,317103,3,0
317100,317100,317103,3,0
317100,317100,317103,3,0
317100,317100,317103,3,0
317100,317100,317103,3,0
317100,317100,317103,3,0
317100,317100,317103,3,0
317100,317100,317103,3,0
317100,317100,317103,3,0
317100,317100,317103,3,0
317100,317100,317103,3,0
317100,317100,317103,3,0
317100,317100,317103,3,0
317100,317100,317103,3,0
317100,317100,317103,3,0
317100,317100,317103,3,0
317100,317100,317103,3,0
317100,317100,317103,3,0
317106,317106,317107,1,0
317106,317106,317107,1,0
317106,317106,317107,1,0
317106,317106,317108,2,0
317106,317106,317108,2,0
317106,317106,317109,3,0
317106,317106,317108,2,0
317106,317106,317108,2,0
317106,317106,317108,2,0
317106,317106,317108,2,0
317106,317106,317108,2,0
317106,317106,317108,2,0
317106,317106,317108,2,0
317106,317106,317108,2,0
317106,317106,317109,3,0
317106,317106,317108,2,0
317106,317106,317109,3,0
317106,317106,317109,3,0
317106,317106,317108,2,0
317106,317106,317108,2,0
317106,317106,317108,2,0
317106,317106,317109,3,0
317106,317106,317109,3,0
317106,317106,317108,2,0
317106,317106,317109,3,0
317106,317106,317109,3,0
317106,317106,317108,2,0
317106,317106,317109,3,0
317106,317106,317108,2,0
317106,317106,317108,2,0
317106,317106,317109,3,0
317106,317106,317109,3,0
317111,317111,317113,2,0
317111,317111,317113,2,0
317111,317111,317113,2,0
317111,317111,317113,2,0
317111,317111,317113,2,0
317111,317111,317112,1,0
317111,317111,317113,2,0
317111,317111,317113,2,0
317111,317111,317113,2,0
317111,317111,317114,3,0
317111,317111,317114,3,0
317111,317111,317113,2,0
317111,317111,317113,2,0
317111,317111,317113,2,0
317111,317111,317113,2,0
317111,317111,317113,2,0
317111,317111,317113,2,0
317111,317111,317113,2,0
317111,317111,317114,3,0
317111,317111,317114,3,0
317111,317111,317113,2,0
317111,317111,317114,3,0
317111,317111,317113,2,0
317111,317111,317114,3,0
317111,317111,317113,2,0
317111,317111,317113,2,0
317111,317111,317114,3,0
317111,317111,317114,3,0
317111,317111,317114,3,0
317111,317111,317114,3,0
317111,317111,317114,3,0
317111,317111,317114,3,0
317116,317116,317118,2,0
317116,317116,317118,2,0
317116,317116,317118,2,0
317116,317116,317118,2,0
317116,317116,317118,2,0
317116,317116,317119,3,0
317116,317116,317118,2,0
317116,317116,317119,3,0
317116,317116,317119,3,0
317116,317116,317119,3,0
317116,317116,317119,3,0
317116,317116,317119,3,0
317116,317116,317119,3,0
317116,317116,317119,3,0
317116,317116,317119,3,0
317116,317116,317119,3,0
317116,317116,317119,3,0
317116,317116,317119,3,0
317116,317116,317119,3,0
317116,317116,317119,3,0
317116,317116,317119,3,0
317116,317116,317119,3,0
317116,317116,317119,3,0
317116,317116,317119,3,0
317116,317116,317119,3,0
317116,317116,317119,3,0
317116,317116,317119,3,0
317116,317116,317119,3,0
317116,317116,317119,3,0
317116,317116,317119,3,0
317116,317116,317119,3,0
317116,317117,317119,2,1
317121,317121,317123,2,0
317121,317121,317123,2,0
317121,317121,317122,1,0
317121,317121,317123,2,0
317121,317121,317123,2,0
317121,317121,317123,2,0
317121,317121,317123,2,0
317121,317121,317123,2,0
317121,317121,317123,2,0
317121,317121,317123,2,0
317121,317121,317123,2,0
317121,317121,317123,2,0
317121,317121,317123,2,0
317121,317121,317123,2,0
317121,317121,317123,2,0
317121,317121,317123,2,0
317121,317121,317123,2,0
317121,317121,317124,3,0
317121,317121,317123,2,0
317121,317121,317123,2,0
317121,317121,317124,3,0
317121,317121,317123,2,0
317121,317121,317123,2,0
317121,317121,317124,3,0
317121,317121,317124,3,0
317121,317121,317123,2,0
317121,317121,317123,2,0
317121,317121,317123,2,0
317121,317121,317123,2,0
317121,317121,317124,3,0
317121,317121,317123,2,0
317121,317121,317123,2,0
317125,317125,317127,2,0
317125,317125,317127,2,0
317125,317125,317127,2,0
317125,317125,317127,2,0
317125,317125,317127,2,0
317125,317125,317128,3,0
317125,317125,317128,3,0
317125,317125,317128,3,0
317125,317125,317128,3,0
317125,317125,317128,3,0
317125,317125,317128,3,0
317125,317125,317128,3,0
317125,317125,317128,3,0
317125,317125,317128,3,0
317125,317125,317128,3,0
317125,317125,317128,3,0
317125,317125,317128,3,0
317125,317125,317128,3,0
317125,317125,317128,3,0
317125,317125,317128,3,0
317125,317125,317128,3,0
317125,317125,317128,3,0
317125,317125,317128,3,0
317125,317125,317128,3,0
317125,317125,317128,3,0
317125,317125,317128,3,0
317125,317125,317128,3,0
317125,317125,317128,3,0
317125,317125,317128,3,0
317125,317125,317128,3,0
317125,317125,317128,3,0
317125,317125,317128,3,0
317130,317130,317132,2,0
317130,317130,317132,2,0
317130,317130,317132,2,0
317130,317130,317131,1,0
317130,317130,317132,2,0
317130,317130,317132,2,0
317130,317130,317132,2,0
317130,317130,317133,3,0
317130,317130,317132,2,0
317130,317130,317132,2,0
317130,317130,317132,2,0
317130,317130,317132,2,0
317130,317130,317132,2,0
317130,317130,317132,2,0
317130,317130,317132,2,0
317130,317130,317132,2,0
317130,317130,317132,2,0
317130,317130,317133,3,0
317130,317130,317132,2,0
317130,317130,317133,3,0
317130,317130,317132,2,0
317130,317130,317132,2,0
317130,317130,317133,3,0
317130,317130,317133,3,0
317130,317130,317132,2,0
317130,317130,317132,2,0
317130,317130,317133,3,0
317130,317130,317132,2,0
317130,317130,317132,2,0
317130,317130,317133,3,0
317130,317130,317132,2,0
317130,317130,317132,2,0
317134,317134,317136,2,0
317134,317134,317136,2,0
317134,317134,317136,2,0
317134,317134,317136,2,0
317134,317134,317136,2,0
317134,317134,317136,2,0
317134,317134,317136,2,0
317134,317134,317137,3,0
317134,317134,317137,3,0
317134,317134,317137,3,0
317134,317134,317137,3,0
317134,317134,317137,3,0
317134,317134,317137,3,0
317134,317134,317137,3,0
317134,317134,317137,3,0
317134,317134,317137,3,0
317134,317134,317137,3,0
317134,317134,317137,3,0
317134,317134,317137,3,0
317134,317134,317137,3,0
317134,317134,317137,3,0
317134,317134,317137,3,0
317134,317134,317137,3,0
317134,317134,317137,3,0
317134,317134,317137,3,0
317134,317134,317138,4,0
317134,317134,317137,3,0
317134,317134,317137,3,0
317134,317134,317137,3,0
317134,317134,317137,3,0
317134,317134,317137,3,0
317134,317134,317137,3,0
317139,317139,317141,2,0
317139,317139,317141,2,0
317139,317139,317140,1,0
317139,317139,317140,1,0
317139,317139,317141,2,0
317139,317139,317141,2,0
317139,317139,317141,2,0
317139,317139,317141,2,0
317139,317139,317142,3,0
317139,317139,317141,2,0
317139,317139,317141,2,0
317139,317139,317141,2,0
317139,317139,317141,2,0
317139,317139,317141,2,0
317139,317139,317142,3,0
317139,317139,317141,2,0
317139,317139,317142,3,0
317139,317139,317141,2,0
317139,317139,317142,3,0
317139,317139,317141,2,0
317139,317139,317141,2,0
317139,317139,317141,2,0
317139,317139,317141,2,0
317139,317139,317141,2,0
317139,317139,317141,2,0
317139,317139,317142,3,0
317139,317139,317141,2,0
317139,317139,317142,3,0
317139,317139,317141,2,0
317139,317139,317142,3,0
317139,317139,317141,2,0
317139,317139,317141,2,0
317143,317143,317145,2,0
317143,317143,317145,2,0
317143,317143,317145,2,0
317143,317143,317145,2,0
317143,317143,317146,3,0
317143,317143,317146,3,0
317143,317143,317146,3,0
317143,317143,317146,3,0
317143,317143,317146,3,0
317143,317143,317146,3,0
317143,317143,317146,3,0
317143,317143,317146,3,0
317143,317143,317145,2,0
317143,317143,317146,3,0
317143,317143,317146,3,0
317143,317143,317146,3,0
317143,317143,317146,3,0
317143,317143,317146,3,0
317143,317143,317146,3,0
317143,317143,317146,3,0
317143,317143,317146,3,0
317143,317143,317145,2,0
317143,317143,317146,3,0
317143,317143,317146,3,0
317143,317143,317146,3,0
317143,317143,317145,2,0
317143,317143,317146,3,0
317143,317143,317146,3,0
317143,317143,317146,3,0
317143,317143,317146,3,0
317143,317143,317146,3,0
317143,317143,317146,3,0
317148,317148,317149,1,0
317148,317148,317150,2,0
317148,317148,317149,1,0
317148,317148,317149,1,0
317148,317148,317150,2,0
317148,317148,317150,2,0
317148,317148,317150,2,0
317148,317148,317150,2,0
317148,317148,317150,2,0
317148,317148,317150,2,0
317148,317148,317150,2,0
317148,317148,317150,2,0
317148,317148,317151,3,0
317148,317148,317150,2,0
317148,317148,317150,2,0
317148,317148,317150,2,0
317148,317148,317150,2,0
317148,317148,317151,3,0
317148,317148,317150,2,0
317148,317148,317150,2,0
317148,317148,317150,2,0
317148,317148,317151,3,0
317148,317148,317150,2,0
317148,317148,317150,2,0
317148,317148,317150,2,0
317148,317148,317150,2,0
317148,317148,317150,2,0
317148,317148,317150,2,0
317148,317148,317150,2,0
317148,317148,317151,3,0
317148,317148,317151,3,0
317148,317148,317151,3,0
317153,317153,317154,1,0
317153,317153,317155,2,0
317153,317153,317154,1,0
317153,317153,317155,2,0
317153,317153,317155,2,0
317153,317153,317156,3,0
317153,317153,317156,3,0
317153,317153,317155,2,0
317153,317153,317156,3,0
317153,317153,317155,2,0
317153,317153,317155,2,0
317153,317153,317156,3,0
317153,317153,317155,2,0
317153,317153,317156,3,0
317153,317153,317156,3,0
317153,317153,317155,2,0
317153,317153,317156,3,0
317153,317153,317155,2,0
317153,317153,317155,2,0
317153,317153,317155,2,0
317153,317153,317156,3,0
317153,317153,317155,2,0
317153,317153,317155,2,0
317153,317153,317156,3,0
317153,317153,317155,2,0
317153,317153,317156,3,0
317153,317153,317155,2,0
317153,317153,317156,3,0
317153,317153,317155,2,0
317153,317153,317156,3,0
317153,317153,317156,3,0
317153,317153,317156,3,0
317159,317159,317160,1,0
317159,317159,317161,2,0
317159,317159,317160,1,0
317159,317159,317160,1,0
317159,317159,317160,1,0
317159,317159,317160,1,0
317159,317159,317161,2,0
317159,317159,317161,2,0
317159,317159,317161,2,0
317159,317159,317161,2,0
317159,317159,317161,2,0
317159,317159,317161,2,0
317159,317159,317161,2,0
317159,317159,317161,2,0
317159,317159,317162,3,0
317159,317159,317161,2,0
317159,317159,317161,2,0
317159,317159,317161,2,0
317159,317159,317161,2,0
317159,317159,317161,2,0
317159,317159,317162,3,0
317159,317159,317161,2,0
317159,317159,317161,2,0
317159,317159,317161,2,0
317159,317159,317161,2,0
317159,317159,317161,2,0
317159,317159,317161,2,0
317159,317159,317161,2,0
317159,317159,317161,2,0
317159,317159,317162,3,0
317159,317159,317161,2,0
317159,317159,317161,2,0
317163,317163,317165,2,0
317163,317163,317165,2,0
317163,317163,317164,1,0
317163,317163,317165,2,0
317163,317163,317165,2,0
317163,317163,317166,3,0
317163,317163,317166,3,0
317163,317163,317165,2,0
317163,317163,317166,3,0
317163,317163,317165,2,0
317163,317163,317165,2,0
317163,317163,317165,2,0
317163,317163,317165,2,0
317163,317163,317165,2,0
317163,317163,317166,3,0
317163,317163,317165,2,0
317163,317163,317166,3,0
317163,317163,317165,2,0
317163,317163,317165,2,0
317163,317163,317166,3,0
317163,317163,317166,3,0
317163,317163,317166,3,0
317163,317163,317166,3,0
317163,317163,317166,3,0
317163,317163,317165,2,0
317163,317163,317166,3,0
317163,317163,317165,2,0
317163,317163,317165,2,0
317163,317163,317165,2,0
317163,317163,317166,3,0
317163,317163,317166,3,0
317163,317163,317165,2,0
317167,317167,317169,2,0
317167,317167,317169,2,0
317167,317167,317169,2,0
317167,317167,317169,2,0
317167,317167,317169,2,0
317167,317167,317170,3,0
317167,317167,317169,2,0
317167,317167,317170,3,0
317167,317167,317170,3,0
317167,317167,317170,3,0
317167,317167,317170,3,0
317167,317167,317170,3,0
317167,317167,317170,3,0
317167,317167,317170,3,0
317167,317167,317170,3,0
317167,317167,317170,3,0
317167,317167,317170,3,0
317167,317167,317170,3,0
317167,317167,317170,3,0
317167,317167,317170,3,0
317167,317167,317170,3,0
317167,317167,317170,3,0
317167,317167,317170,3,0
317167,317167,317170,3,0
317167,317167,317170,3,0
317167,317167,317170,3,0
317167,317167,317170,3,0
317167,317167,317170,3,0
317167,317167,317170,3,0
317167,317167,317170,3,0
317167,317167,317170,3,0
317167,317167,317170,3,0
317172,317172,317174,2,0
317172,317172,317174,2,0
317172,317172,317174,2,0
317172,317172,317173,1,0
317172,317172,317174,2,0
317172,317172,317174,2,0
317172,317172,317175,3,0
317172,317172,317174,2,0
317172,317172,317174,2,0
317172,317172,317174,2,0
317172,317172,317174,2,0
317172,317172,317175,3,0
317172,317172,317174,2,0
317172,317172,317175,3,0
317172,317172,317174,2,0
317172,317172,317174,2,0
317172,317172,317174,2,0
317172,317172,317174,2,0
317172,317172,317174,2,0
317172,317172,317174,2,0
317172,317172,317174,2,0
317172,317172,317174,2,0
317172,317172,317174,2,0
317172,317172,317175,3,0
317172,317172,317174,2,0
317172,317172,317175,3,0
317172,317172,317174,2,0
317172,317172,317175,3,0
317172,317172,317174,2,0
317172,317172,317174,2,0
317172,317172,317175,3,0
317172,317172,317175,3,0
317177,317177,317179,2,0
317177,317177,317179,2,0
317177,317177,317179,2,0
317177,317177,317179,2,0
317177,317177,317179,2,0
317177,317177,317180,3,0
317177,317177,317180,3,0
317177,317177,317180,3,0
317177,317177,317180,3,0
317177,317177,317179,2,0
317177,317177,317179,2,0
317177,317177,317180,3,0
317177,317177,317180,3,0
317177,317177,317179,2,0
317177,317177,317180,3,0
317177,317177,317180,3,0
317177,317177,317180,3,0
317177,317177,317180,3,0
317177,317177,317180,3,0
317177,317177,317180,3,0
317177,317177,317180,3,0
317177,317177,317180,3,0
317177,317177,317180,3,0
317177,317177,317180,3,0
317177,317177,317180,3,0
317177,317177,317180,3,0
317177,317177,317180,3,0
317177,317177,317179,2,0
317177,317177,317180,3,0
317177,317177,317180,3,0
317177,317177,317180,3,0
317177,317177,317181,4,0
317182,317182,317184,2,0
317182,317182,317184,2,0
317182,317182,317184,2,0
317182,317182,317184,2,0
317182,317182,317185,3,0
317182,317182,317185,3,0
317182,317182,317185,3,0
317182,317182,317185,3,0
317182,317182,317185,3,0
317182,317182,317184,2,0
317182,317182,317185,3,0
317182,317182,317185,3,0
317182,317182,317185,3,0
317182,317182,317185,3,0
317182,317182,317185,3,0
317182,317182,317185,3,0
317182,317182,317185,3,0
317182,317182,317184,2,0
317182,317182,317185,3,0
317182,317182,317185,3,0
317182,317182,317185,3,0
317182,317182,317185,3,0
317182,317182,317185,3,0
317182,317182,317185,3,0
317182,317182,317185,3,0
317182,317182,317185,3,0
317182,317182,317185,3,0
317182,317182,317185,3,0
317182,317182,317185,3,0
317182,317182,317185,3,0
317182,317182,317185,3,0
317182,317182,317185,3,0
317186,317186,317188,2,0
317186,317187,317189,2,1
317186,317187,317188,1,1
317186,317186,317188,2,0
317186,317187,317189,2,1
317186,317187,317189,2,1
317186,317187,317189,2,1
317186,317187,317189,2,1
317186,317187,317189,2,1
317186,317187,317189,2,1
317186,317187,317189,2,1
317186,317187,317189,2,1
317186,317187,317189,2,1
317186,317187,317189,2,1
317186,317187,317189,2,1
317186,317187,317189,2,1
317186,317187,317189,2,1
317186,317187,317189,2,1
317186,317187,317189,2,1
317186,317187,317189,2,1
317186,317187,317189,2,1
317186,317187,317189,2,1
317186,317187,317189,2,1
317186,317187,317189,2,1
317186,317187,317189,2,1
317186,317187,317189,2,1
317186,317187,317189,2,1
317186,317187,317189,2,1
317186,317187,317189,2,1
317186,317187,317189,2,1
317186,317187,317189,2,1
317186,317187,317189,2,1
317191,317191,317193,2,0
317191,317191,317193,2,0
317191,317191,317193,2,0
317191,317191,317193,2,0
317191,317191,317193,2,0
317191,317191,317193,2,0
317191,317191,317194,3,0
317191,317191,317193,2,0
317191,317191,317194,3,0
317191,317191,317194,3,0
317191,317191,317193,2,0
317191,317191,317194,3,0
317191,317191,317194,3,0
317191,317191,317194,3,0
317191,317191,317194,3,0
317191,317191,317193,2,0
317191,317191,317193,2,0
317191,317191,317194,3,0
317191,317191,317194,3,0
317191,317191,317194,3,0
317191,317191,317194,3,0
317191,317191,317194,3,0
317191,317191,317194,3,0
317191,317191,317193,2,0
317191,317191,317194,3,0
317191,317191,317194,3,0
317191,317191,317193,2,0
317191,317191,317193,2,0
317191,317191,317194,3,0
317191,317191,317194,3,0
317191,317191,317194,3,0
317191,317191,317194,3,0
317196,317196,317198,2,0
317196,317197,317198,1,1
317196,317196,317198,2,0
317196,317196,317198,2,0
317196,317196,317198,2,0
317196,317196,317199,3,0
317196,317196,317199,3,0
317196,317197,317199,2,1
317196,317197,317199,2,1
317196,317196,317199,3,0
317196,317197,317199,2,1
317196,317197,317199,2,1
317196,317196,317199,3,0
317196,317197,317199,2,1
317196,317197,317199,2,1
317196,317196,317199,3,0
317196,317197,317199,2,1
317196,317197,317199,2,1
317196,317196,317199,3,0
317196,317197,317199,2,1
317196,317196,317199,3,0
317196,317197,317199,2,1
317196,317197,317199,2,1
317196,317197,317199,2,1
317196,317197,317199,2,1
317196,317197,317199,2,1
317196,317197,317199,2,1
317196,317197,317199,2,1
317196,317197,317199,2,1
317196,317197,317199,2,1
317196,317197,317199,2,1
317196,317197,317199,2,1
317201,317201,317203,2,0
317201,317201,317203,2,0
317201,317201,317203,2,0
317201,317201,317203,2,0
317201,317201,317203,2,0
317201,317201,317203,2,0
317201,317201,317204,3,0
317201,317201,317203,2,0
317201,317201,317203,2,0
317201,317201,317204,3,0
317201,317201,317203,2,0
317201,317201,317204,3,0
317201,317201,317204,3,0
317201,317201,317204,3,0
317201,317201,317203,2,0
317201,317201,317204,3,0
317201,317201,317204,3,0
317201,317201,317203,2,0
317201,317201,317204,3,0
317201,317201,317204,3,0
317201,317201,317203,2,0
317201,317201,317203,2,0
317201,317201,317203,2,0
317201,317201,317203,2,0
317201,317201,317204,3,0
317201,317201,317203,2,0
317201,317201,317203,2,0
317201,317201,317204,3,0
317201,317201,317203,2,0
317201,317201,317204,3,0
317201,317201,317204,3,0
317201,317201,317204,3,0
317205,317206,317207,1,1
317205,317206,317207,1,1
317205,317206,317208,2,1
317205,317206,317207,1,1
317205,317206,317208,2,1
317205,317206,317207,1,1
317205,317206,317208,2,1
317205,317206,317208,2,1
317205,317206,317208,2,1
317205,317206,317208,2,1
317205,317206,317208,2,1
317205,317206,317208,2,1
317205,317206,317208,2,1
317205,317206,317208,2,1
317205,317206,317208,2,1
317205,317206,317208,2,1
317205,317206,317208,2,1
317205,317206,317208,2,1
317205,317206,317208,2,1
317205,317206,317208,2,1
317205,317206,317208,2,1
317205,317206,317208,2,1
317205,317206,317208,2,1
317205,317206,317208,2,1
317205,317206,317208,2,1
317205,317206,317208,2,1
317205,317206,317208,2,1
317205,317206,317208,2,1
317205,317206,317208,2,1
317205,317206,317208,2,1
317205,317206,317208,2,1
317205,317206,317208,2,1
317210,317210,317212,2,0
317210,317210,317212,2,0
317210,317210,317212,2,0
317210,317210,317212,2,0
317210,317210,317212,2,0
317210,317210,317212,2,0
317210,317210,317212,2,0
317210,317210,317212,2,0
317210,317210,317212,2,0
317210,317210,317212,2,0
317210,317210,317212,2,0
317210,317210,317212,2,0
317210,317210,317213,3,0
317210,317210,317213,3,0
317210,317210,317212,2,0
317210,317210,317213,3,0
317210,317210,317212,2,0
317210,317210,317213,3,0
317210,317210,317213,3,0
317210,317210,317213,3,0
317210,317210,317212,2,0
317210,317210,317212,2,0
317210,317210,317213,3,0
317210,317210,317212,2,0
317210,317210,317212,2,0
317210,317210,317212,2,0
317210,317210,317213,3,0
317210,317210,317213,3,0
317210,317210,317212,2,0
317210,317210,317213,3,0
317210,317210,317213,3,0
317210,317210,317213,3,0
317215,317216,317217,1,1
317215,317216,317217,1,1
317215,317216,317217,1,1
317215,317216,317218,2,1
317215,317216,317217,1,1
317215,317216,317218,2,1
317215,317216,317218,2,1
317215,317216,317218,2,1
317215,317216,317219,3,1
317215,317216,317218,2,1
317215,317216,317218,2,1
317215,317216,317218,2,1
317215,317216,317218,2,1
317215,317216,317218,2,1
317215,317216,317218,2,1
317215,317216,317218,2,1
317215,317216,317218,2,1
317215,317216,317218,2,1
317215,317216,317218,2,1
317215,317216,317218,2,1
317215,317216,317218,2,1
317215,317216,317218,2,1
317215,317216,317218,2,1
317215,317216,317219,3,1
317215,317216,317218,2,1
317215,317216,317219,3,1
317215,317216,317218,2,1
317215,317216,317218,2,1
317215,317216,317219,3,1
317215,317216,317219,3,1
317215,317216,317219,3,1
317215,317216,317219,3,1
317221,317221,317223,2,0
317221,317221,317223,2,0
317221,317221,317222,1,0
317221,317221,317223,2,0
317221,317221,317224,3,0
317221,317221,317224,3,0
317221,317221,317224,3,0
317221,317221,317224,3,0
317221,317221,317223,2,0
317221,317221,317223,2,0
317221,317221,317224,3,0
317221,317221,317224,3,0
317221,317221,317224,3,0
317221,317221,317224,3,0
317221,317221,317223,2,0
317221,317221,317224,3,0
317221,317221,317224,3,0
317221,317221,317224,3,0
317221,317221,317224,3,0
317221,317221,317224,3,0
317221,317221,317224,3,0
317221,317221,317224,3,0
317221,317221,317224,3,0
317221,317221,317224,3,0
317221,317221,317224,3,0
317221,317221,317224,3,0
317221,317221,317224,3,0
317221,317221,317224,3,0
317221,317221,317224,3,0
317221,317221,317224,3,0
317221,317221,317224,3,0
317221,317221,317225,4,0
317226,317227,317228,1,1
317226,317227,317228,1,1
317226,317227,317228,1,1
317226,317227,317229,2,1
317226,317227,317229,2,1
317226,317227,317229,2,1
317226,317227,317229,2,1
317226,317227,317229,2,1
317226,317227,317229,2,1
317226,317227,317229,2,1
317226,317227,317229,2,1
317226,317227,317229,2,1
317226,317227,317229,2,1
317226,317227,317229,2,1
317226,317227,317229,2,1
317226,317227,317229,2,1
317226,317227,317230,3,1
317226,317227,317229,2,1
317226,317227,317229,2,1
317226,317227,317229,2,1
317226,317227,317229,2,1
317226,317227,317229,2,1
317226,317227,317229,2,1
317226,317227,317229,2,1
317226,317227,317229,2,1
317226,317227,317229,2,1
317226,317227,317229,2,1
317226,317227,317229,2,1
317226,317227,317230,3,1
317226,317227,317230,3,1
317226,317227,317230,3,1
317226,317227,317230,3,1
317232,317232,317233,1,0
317232,317232,317234,2,0
317232,317232,317233,1,0
317232,317232,317234,2,0
317232,317232,317234,2,0
317232,317232,317234,2,0
317232,317232,317235,3,0
317232,317232,317234,2,0
317232,317232,317234,2,0
317232,317232,317234,2,0
317232,317232,317234,2,0
317232,317232,317234,2,0
317232,317232,317235,3,0
317232,317232,317234,2,0
317232,317232,317235,3,0
317232,317232,317235,3,0
317232,317232,317234,2,0
317232,317232,317234,2,0
317232,317232,317234,2,0
317232,317232,317234,2,0
317232,317232,317235,3,0
317232,317232,317235,3,0
317232,317232,317234,2,0
317232,317232,317234,2,0
317232,317232,317235,3,0
317232,317232,317234,2,0
317232,317232,317235,3,0
317232,317232,317234,2,0
317232,317232,317234,2,0
317232,317232,317235,3,0
317232,317232,317235,3,0
317232,317232,317235,3,0
317236,317236,317238,2,0
317236,317236,317238,2,0
317236,317236,317238,2,0
317236,317236,317238,2,0
317236,317236,317238,2,0
317236,317236,317239,3,0
317236,317236,317239,3,0
317236,317236,317239,3,0
317236,317236,317239,3,0
317236,317236,317239,3,0
317236,317236,317239,3,0
317236,317236,317239,3,0
317236,317236,317239,3,0
317236,317236,317239,3,0
317236,317236,317239,3,0
317236,317236,317239,3,0
317236,317236,317239,3,0
317236,317236,317239,3,0
317236,317236,317239,3,0
317236,317236,317239,3,0
317236,317236,317239,3,0
317236,317236,317239,3,0
317236,317236,317239,3,0
317236,317236,317239,3,0
317236,317236,317239,3,0
317236,317236,317239,3,0
317236,317236,317239,3,0
317236,317236,317239,3,0
317236,317236,317239,3,0
317236,317236,317239,3,0
317236,317236,317240,4,0
317236,317236,317240,4,0
317242,317242,317244,2,0
317242,317242,317243,1,0
317242,317242,317244,2,0
317242,317242,317243,1,0
317242,317242,317244,2,0
317242,317242,317244,2,0
317242,317242,317244,2,0
317242,317242,317245,3,0
317242,317242,317244,2,0
317242,317242,317244,2,0
317242,317242,317244,2,0
317242,317242,317244,2,0
317242,317242,317244,2,0
317242,317242,317244,2,0
317242,317242,317244,2,0
317242,317242,317245,3,0
317242,317242,317244,2,0
317242,317242,317244,2,0
317242,317242,317244,2,0
317242,317242,317245,3,0
317242,317242,317244,2,0
317242,317242,317244,2,0
317242,317242,317244,2,0
317242,317242,317244,2,0
317242,317242,317245,3,0
317242,317242,317244,2,0
317242,317242,317244,2,0
317242,317242,317245,3,0
317242,317242,317244,2,0
317242,317242,317244,2,0
317242,317242,317245,3,0
317242,317242,317244,2,0
317246,317246,317248,2,0
317246,317246,317248,2,0
317246,317246,317248,2,0
317246,317246,317248,2,0
317246,317246,317248,2,0
317246,317246,317248,2,0
317246,317246,317248,2,0
317246,317246,317247,1,0
317246,317246,317248,2,0
317246,317246,317249,3,0
317246,317246,317249,3,0
317246,317246,317248,2,0
317246,317246,317249,3,0
317246,317246,317248,2,0
317246,317246,317249,3,0
317246,317246,317249,3,0
317246,317246,317249,3,0
317246,317246,317248,2,0
317246,317246,317249,3,0
317246,317246,317249,3,0
317246,317246,317249,3,0
317246,317246,317249,3,0
317246,317246,317249,3,0
317246,317246,317249,3,0
317246,317246,317249,3,0
317246,317246,317249,3,0
317246,317246,317249,3,0
317246,317246,317249,3,0
317246,317246,317249,3,0
317246,317246,317249,3,0
317246,317246,317249,3,0
317246,317246,317249,3,0
317251,317251,317253,2,0
317251,317251,317252,1,0
317251,317251,317252,1,0
317251,317251,317253,2,0
317251,317251,317253,2,0
317251,317251,317253,2,0
317251,317251,317253,2,0
317251,317251,317253,2,0
317251,317251,317253,2,0
317251,317251,317253,2,0
317251,317251,317253,2,0
317251,317251,317253,2,0
317251,317251,317253,2,0
317251,317251,317253,2,0
317251,317251,317253,2,0
317251,317251,317253,2,0
317251,317251,317253,2,0
317251,317251,317253,2,0
317251,317251,317253,2,0
317251,317251,317253,2,0
317251,317251,317253,2,0
317251,317251,317253,2,0
317251,317251,317253,2,0
317251,317251,317253,2,0
317251,317251,317253,2,0
317251,317251,317253,2,0
317251,317251,317253,2,0
317251,317251,317253,2,0
317251,317251,317253,2,0
317251,317251,317253,2,0
317251,317251,317253,2,0
317251,317251,317253,2,0
317255,317255,317257,2,0
317255,317255,317257,2,0
317255,317255,317257,2,0
317255,317255,317257,2,0
317255,317255,317257,2,0
317255,317255,317257,2,0
317255,317255,317258,3,0
317255,317255,317258,3,0
317255,317255,317257,2,0
317255,317255,317257,2,0
317255,317255,317258,3,0
317255,317255,317257,2,0
317255,317255,317258,3,0
317255,317255,317258,3,0
317255,317255,317258,3,0
317255,317255,317258,3,0
317255,317255,317257,2,0
317255,317255,317258,3,0
317255,317255,317258,3,0
317255,317255,317258,3,0
317255,317255,317258,3,0
317255,317255,317258,3,0
317255,317255,317258,3,0
317255,317255,317257,2,0
317255,317255,317258,3,0
317255,317255,317258,3,0
317255,317255,317258,3,0
317255,317255,317258,3,0
317255,317255,317258,3,0
317255,317255,317258,3,0
317255,317255,317257,2,0
317255,317255,317258,3,0
317260,317260,317262,2,0
317260,317261,317262,1,1
317260,317260,317262,2,0
317260,317260,317263,3,0
317260,317260,317263,3,0
317260,317261,317263,2,1
317260,317260,317263,3,0
317260,317260,317263,3,0
317260,317261,317263,2,1
317260,317260,317263,3,0
317260,317260,317263,3,0
317260,317261,317263,2,1
317260,317260,317263,3,0
317260,317261,317263,2,1
317260,317261,317263,2,1
317260,317261,317263,2,1
317260,317261,317263,2,1
317260,317260,317263,3,0
317260,317260,317263,3,0
317260,317260,317263,3,0
317260,317260,317263,3,0
317260,317260,317263,3,0
317260,317261,317263,2,1
317260,317260,317263,3,0
317260,317260,317263,3,0
317260,317261,317263,2,1
317260,317260,317263,3,0
317260,317261,317263,2,1
317260,317261,317263,2,1
317260,317260,317263,3,0
317260,317261,317263,2,1
317260,317261,317263,2,1
317265,317265,317267,2,0
317265,317265,317267,2,0
317265,317265,317266,1,0
317265,317265,317266,1,0
317265,317265,317267,2,0
317265,317265,317268,3,0
317265,317265,317268,3,0
317265,317265,317268,3,0
317265,317265,317267,2,0
317265,317265,317268,3,0
317265,317265,317267,2,0
317265,317265,317268,3,0
317265,317265,317267,2,0
317265,317265,317267,2,0
317265,317265,317267,2,0
317265,317265,317267,2,0
317265,317265,317268,3,0
317265,317265,317267,2,0
317265,317265,317268,3,0
317265,317265,317267,2,0
317265,317265,317267,2,0
317265,317265,317268,3,0
317265,317265,317267,2,0
317265,317265,317267,2,0
317265,317265,317268,3,0
317265,317265,317267,2,0
317265,317265,317268,3,0
317265,317265,317267,2,0
317265,317265,317267,2,0
317265,317265,317268,3,0
317265,317265,317267,2,0
317265,317265,317267,2,0
317269,317269,317271,2,0
317269,317269,317271,2,0
317269,317269,317271,2,0
317269,317270,317271,1,1
317269,317269,317271,2,0
317269,317270,317272,2,1
317269,317269,317271,2,0
317269,317269,317272,3,0
317269,317270,317272,2,1
317269,317270,317272,2,1
317269,317269,317272,3,0
317269,317269,317272,3,0
317269,317270,317272,2,1
317269,317269,317272,3,0
317269,317269,317272,3,0
317269,317269,317272,3,0
317269,317269,317272,3,0
317269,317270,317272,2,1
317269,317269,317272,3,0
317269,317269,317272,3,0
317269,317270,317272,2,1
317269,317269,317272,3,0
317269,317270,317272,2,1
317269,317269,317272,3,0
317269,317270,317272,2,1
317269,317270,317272,2,1
317269,317269,317272,3,0
317269,317269,317272,3,0
317269,317270,317272,2,1
317269,317269,317272,3,0
317269,317270,317272,2,1
317269,317270,317272,2,1
317274,317274,317276,2,0
317274,317274,317276,2,0
317274,317274,317276,2,0
317274,317274,317275,1,0
317274,317274,317276,2,0
317274,317274,317275,1,0
317274,317274,317275,1,0
317274,317274,317277,3,0
317274,317274,317276,2,0
317274,317274,317277,3,0
317274,317274,317276,2,0
317274,317274,317276,2,0
317274,317274,317276,2,0
317274,317274,317276,2,0
317274,317274,317277,3,0
317274,317274,317276,2,0
317274,317274,317276,2,0
317274,317274,317276,2,0
317274,317274,317277,3,0
317274,317274,317276,2,0
317274,317274,317277,3,0
317274,317274,317276,2,0
317274,317274,317277,3,0
317274,317274,317277,3,0
317274,317274,317276,2,0
317274,317274,317277,3,0
317274,317274,317276,2,0
317274,317274,317277,3,0
317274,317274,317276,2,0
317274,317274,317276,2,0
317274,317274,317277,3,0
317274,317274,317276,2,0
317278,317278,317280,2,0
317278,317278,317280,2,0
317278,317278,317280,2,0
317278,317278,317280,2,0
317278,317278,317280,2,0
317278,317278,317280,2,0
317278,317278,317280,2,0
317278,317278,317281,3,0
317278,317278,317281,3,0
317278,317278,317280,2,0
317278,317278,317281,3,0
317278,317278,317281,3,0
317278,317278,317281,3,0
317278,317278,317281,3,0
317278,317278,317281,3,0
317278,317278,317281,3,0
317278,317278,317281,3,0
317278,317278,317281,3,0
317278,317278,317280,2,0
317278,317278,317281,3,0
317278,317278,317281,3,0
317278,317278,317281,3,0
317278,317278,317281,3,0
317278,317278,317281,3,0
317278,317278,317281,3,0
317278,317278,317281,3,0
317278,317278,317281,3,0
317278,317278,317281,3,0
317278,317278,317281,3,0
317278,317278,317281,3,0
317278,317278,317281,3,0
317278,317278,317281,3,0
317284,317284,317285,1,0
317284,317284,317285,1,0
317284,317284,317286,2,0
317284,317284,317286,2,0
317284,317284,317285,1,0
317284,317284,317286,2,0
317284,317284,317286,2,0
317284,317284,317286,2,0
317284,317284,317286,2,0
317284,317284,317286,2,0
317284,317284,317286,2,0
317284,317284,317286,2,0
317284,317284,317287,3,0
317284,317284,317286,2,0
317284,317284,317286,2,0
317284,317284,317286,2,0
317284,317284,317286,2,0
317284,317284,317286,2,0
317284,317284,317287,3,0
317284,317284,317286,2,0
317284,317284,317287,3,0
317284,317284,317286,2,0
317284,317284,317286,2,0
317284,317284,317286,2,0
317284,317284,317286,2,0
317284,317284,317286,2,0
317284,317284,317286,2,0
317284,317284,317287,3,0
317284,317284,317286,2,0
317284,317284,317286,2,0
317284,317284,317287,3,0
317284,317284,317287,3,0
317289,317289,317291,2,0
317289,317289,317291,2,0
317289,317289,317291,2,0
317289,317289,317291,2,0
317289,317289,317291,2,0
317289,317289,317291,2,0
317289,317289,317292,3,0
317289,317289,317291,2,0
317289,317289,317292,3,0
317289,317289,317292,3,0
317289,317289,317292,3,0
317289,317289,317292,3,0
317289,317289,317292,3,0
317289,317289,317292,3,0
317289,317289,317291,2,0
317289,317289,317291,2,0
317289,317289,317292,3,0
317289,317289,317292,3,0
317289,317289,317292,3,0
317289,317289,317292,3,0
317289,317289,317292,3,0
317289,317289,317292,3,0
317289,317289,317291,2,0
317289,317289,317292,3,0
317289,317289,317292,3,0
317289,317289,317292,3,0
317289,317289,317292,3,0
317289,317289,317291,2,0
317289,317289,317292,3,0
317289,317289,317291,2,0
317289,317289,317292,3,0
317289,317289,317292,3,0
317295,317295,317297,2,0
317295,317295,317297,2,0
317295,317295,317296,1,0
317295,317295,317296,1,0
317295,317295,317296,1,0
317295,317295,317297,2,0
317295,317295,317297,2,0
317295,317295,317297,2,0
317295,317295,317297,2,0
317295,317295,317297,2,0
317295,317295,317297,2,0
317295,317295,317297,2,0
317295,317295,317297,2,0
317295,317295,317297,2,0
317295,317295,317297,2,0
317295,317295,317297,2,0
317295,317295,317297,2,0
317295,317295,317297,2,0
317295,317295,317297,2,0
317295,317295,317297,2,0
317295,317295,317297,2,0
317295,317295,317297,2,0
317295,317295,317297,2,0
317295,317295,317297,2,0
317295,317295,317297,2,0
317295,317295,317297,2,0
317295,317295,317297,2,0
317295,317295,317297,2,0
317295,317295,317297,2,0
317295,317295,317298,3,0
317295,317295,317297,2,0
317295,317295,317298,3,0
317300,317300,317302,2,0
317300,317300,317302,2,0
317300,317300,317302,2,0
317300,317300,317301,1,0
317300,317300,317302,2,0
317300,317300,317302,2,0
317300,317300,317302,2,0
317300,317300,317303,3,0
317300,317300,317303,3,0
317300,317300,317303,3,0
317300,317300,317303,3,0
317300,317300,317303,3,0
317300,317300,317303,3,0
317300,317300,317302,2,0
317300,317300,317303,3,0
317300,317300,317303,3,0
317300,317300,317303,3,0
317300,317300,317302,2,0
317300,317300,317303,3,0
317300,317300,317302,2,0
317300,317300,317303,3,0
317300,317300,317303,3,0
317300,317300,317303,3,0
317300,317300,317303,3,0
317300,317300,317303,3,0
317300,317300,317303,3,0
317300,317300,317303,3,0
317300,317300,317303,3,0
317300,317300,317303,3,0
317300,317300,317302,2,0
317300,317300,317303,3,0
317300,317300,317303,3,0
317305,317305,317307,2,0
317305,317305,317306,1,0
317305,317305,317307,2,0
317305,317305,317306,1,0
317305,317305,317306,1,0
317305,317305,317307,2,0
317305,317305,317307,2,0
317305,317305,317307,2,0
317305,317305,317307,2,0
317305,317305,317307,2,0
317305,317305,317307,2,0
317305,317305,317307,2,0
317305,317305,317307,2,0
317305,317305,317307,2,0
317305,317305,317307,2,0
317305,317305,317307,2,0
317305,317305,317307,2,0
317305,317305,317307,2,0
317305,317305,317307,2,0
317305,317305,317308,3,0
317305,317305,317307,2,0
317305,317305,317307,2,0
317305,317305,317307,2,0
317305,317305,317307,2,0
317305,317305,317307,2,0
317305,317305,317307,2,0
317305,317305,317307,2,0
317305,317305,317307,2,0
317305,317305,317307,2,0
317305,317305,317307,2,0
317305,317305,317307,2,0
317305,317305,317307,2,0
317309,317309,317311,2,0
317309,317309,317311,2,0
317309,317309,317311,2,0
317309,317309,317312,3,0
317309,317309,317312,3,0
317309,317309,317311,2,0
317309,317309,317312,3,0
317309,317309,317312,3,0
317309,317309,317311,2,0
317309,317309,317311,2,0
317309,317309,317312,3,0
317309,317309,317312,3,0
317309,317309,317311,2,0
317309,317309,317312,3,0
317309,317309,317311,2,0
317309,317309,317312,3,0
317309,317309,317312,3,0
317309,317309,317311,2,0
317309,317309,317311,2,0
317309,317309,317312,3,0
317309,317309,317312,3,0
317309,317309,317312,3,0
317309,317309,317311,2,0
317309,317309,317312,3,0
317309,317309,317312,3,0
317309,317309,317312,3,0
317309,317309,317312,3,0
317309,317309,317312,3,0
317309,317309,317311,2,0
317309,317309,317311,2,0
317309,317309,317312,3,0
317309,317309,317312,3,0
317315,317315,317317,2,0
317315,317315,317316,1,0
317315,317315,317316,1,0
317315,317315,317316,1,0
317315,317315,317316,1,0
317315,317315,317317,2,0
317315,317315,317317,2,0
317315,317315,317317,2,0
317315,317315,317317,2,0
317315,317315,317317,2,0
317315,317315,317317,2,0
317315,317315,317317,2,0
317315,317315,317317,2,0
317315,317315,317317,2,0
317315,317315,317317,2,0
317315,317315,317317,2,0
317315,317315,317317,2,0
317315,317315,317317,2,0
317315,317315,317317,2,0
317315,317315,317317,2,0
317315,317315,317317,2,0
317315,317315,317317,2,0
317315,317315,317317,2,0
317315,317315,317317,2,0
317315,317315,317317,2,0
317315,317315,317317,2,0
317315,317315,317317,2,0
317315,317315,317317,2,0
317315,317315,317317,2,0
317315,317315,317317,2,0
317315,317315,317317,2,0
317315,317315,317317,2,0
317319,317319,317321,2,0
317319,317319,317321,2,0
317319,317319,317321,2,0
317319,317319,317321,2,0
317319,317319,317321,2,0
317319,317319,317321,2,0
317319,317319,317321,2,0
317319,317319,317322,3,0
317319,317319,317321,2,0
317319,317319,317322,3,0
317319,317319,317322,3,0
317319,317319,317322,3,0
317319,317319,317322,3,0
317319,317319,317322,3,0
317319,317319,317321,2,0
317319,317319,317322,3,0
317319,317319,317322,3,0
317319,317319,317322,3,0
317319,317319,317322,3,0
317319,317319,317321,2,0
317319,317319,317322,3,0
317319,317319,317322,3,0
317319,317319,317321,2,0
317319,317319,317322,3,0
317319,317319,317322,3,0
317319,317319,317322,3,0
317319,317319,317322,3,0
317319,317319,317322,3,0
317319,317319,317322,3,0
317319,317319,317322,3,0
317319,317319,317322,3,0
317319,317319,317321,2,0
317323,317323,317325,2,0
317323,317324,317325,1,1
317323,317323,317325,2,0
317323,317323,317325,2,0
317323,317323,317325,2,0
317323,317323,317326,3,0
317323,317323,317326,3,0
317323,317323,317326,3,0
317323,317323,317326,3,0
317323,317324,317326,2,1
317323,317323,317326,3,0
317323,317323,317326,3,0
317323,317324,317326,2,1
317323,317323,317326,3,0
317323,317323,317326,3,0
317323,317324,317326,2,1
317323,317323,317326,3,0
317323,317323,317326,3,0
317323,317323,317326,3,0
317323,317323,317326,3,0
317323,317323,317326,3,0
317323,317323,317326,3,0
317323,317323,317326,3,0
317323,317323,317326,3,0
317323,317324,317326,2,1
317323,317323,317326,3,0
317323,317323,317326,3,0
317323,317324,317326,2,1
317323,317323,317326,3,0
317323,317323,317327,4,0
317323,317324,317326,2,1
317323,317323,317327,4,0
317329,317329,317330,1,0
317329,317329,317331,2,0
317329,317329,317331,2,0
317329,317329,317331,2,0
317329,317329,317331,2,0
317329,317329,317331,2,0
317329,317329,317331,2,0
317329,317329,317331,2,0
317329,317329,317331,2,0
317329,317329,317331,2,0
317329,317329,317332,3,0
317329,317329,317331,2,0
317329,317329,317331,2,0
317329,317329,317331,2,0
317329,317329,317332,3,0
317329,317329,317332,3,0
317329,317329,317331,2,0
317329,317329,317331,2,0
317329,317329,317331,2,0
317329,317329,317331,2,0
317329,317329,317332,3,0
317329,317329,317331,2,0
317329,317329,317332,3,0
317329,317329,317332,3,0
317329,317329,317331,2,0
317329,317329,317332,3,0
317329,317329,317332,3,0
317329,317329,317331,2,0
317329,317329,317332,3,0
317329,317329,317331,2,0
317329,317329,317331,2,0
317329,317329,317332,3,0
317334,317334,317335,1,0
317334,317334,317335,1,0
317334,317334,317336,2,0
317334,317334,317336,2,0
317334,317334,317336,2,0
317334,317334,317336,2,0
317334,317334,317336,2,0
317334,317334,317337,3,0
317334,317334,317336,2,0
317334,317334,317336,2,0
317334,317334,317336,2,0
317334,317334,317336,2,0
317334,317334,317336,2,0
317334,317334,317336,2,0
317334,317334,317337,3,0
317334,317334,317337,3,0
317334,317334,317336,2,0
317334,317334,317336,2,0
317334,317334,317337,3,0
317334,317334,317336,2,0
317334,317334,317336,2,0
317334,317334,317336,2,0
317334,317334,317336,2,0
317334,317334,317336,2,0
317334,317334,317336,2,0
317334,317334,317336,2,0
317334,317334,317336,2,0
317334,317334,317336,2,0
317334,317334,317337,3,0
317334,317334,317336,2,0
317334,317334,317337,3,0
317334,317334,317337,3,0
317339,317339,317341,2,0
317339,317339,317341,2,0
317339,317339,317341,2,0
317339,317339,317341,2,0
317339,317339,317340,1,0
317339,317339,317341,2,0
317339,317339,317341,2,0
317339,317339,317341,2,0
317339,317339,317341,2,0
317339,317339,317341,2,0
317339,317339,317341,2,0
317339,317339,317341,2,0
317339,317339,317342,3,0
317339,317339,317341,2,0
317339,317339,317342,3,0
317339,317339,317342,3,0
317339,317339,317341,2,0
317339,317339,317341,2,0
317339,317339,317342,3,0
317339,317339,317342,3,0
317339,317339,317342,3,0
317339,317339,317342,3,0
317339,317339,317342,3,0
317339,317339,317341,2,0
317339,317339,317342,3,0
317339,317339,317342,3,0
317339,317339,317342,3,0
317339,317339,317342,3,0
317339,317339,317342,3,0
317339,317339,317342,3,0
317339,317339,317342,3,0
317339,317339,317342,3,0
317344,317345,317346,1,1
317344,317345,317346,1,1
317344,317345,317347,2,1
317344,317345,317346,1,1
317344,317345,317346,1,1
317344,317345,317346,1,1
317344,317345,317346,1,1
317344,317345,317346,1,1
317344,317345,317347,2,1
317344,317345,317347,2,1
317344,317345,317347,2,1
317344,317345,317347,2,1
317344,317345,317347,2,1
317344,317345,317347,2,1
317344,317345,317347,2,1
317344,317345,317347,2,1
317344,317345,317347,2,1
317344,317345,317347,2,1
317344,317345,317347,2,1
317344,317345,317348,3,1
317344,317345,317347,2,1
317344,317345,317347,2,1
317344,317345,317347,2,1
317344,317345,317347,2,1
317344,317345,317347,2,1
317344,317345,317347,2,1
317344,317345,317348,3,1
317344,317345,317348,3,1
317344,317345,317348,3,1
317344,317345,317348,3,1
317344,317345,317348,3,1
317344,317345,317348,3,1
317350,317350,317352,2,0
317350,317350,317352,2,0
317350,317350,317352,2,0
317350,317350,317351,1,0
317350,317350,317351,1,0
317350,317350,317352,2,0
317350,317350,317353,3,0
317350,317350,317353,3,0
317350,317350,317353,3,0
317350,317350,317353,3,0
317350,317350,317353,3,0
317350,317350,317353,3,0
317350,317350,317353,3,0
317350,317350,317353,3,0
317350,317350,317353,3,0
317350,317350,317352,2,0
317350,317350,317353,3,0
317350,317350,317353,3,0
317350,317350,317353,3,0
317350,317350,317352,2,0
317350,317350,317353,3,0
317350,317350,317353,3,0
317350,317350,317352,2,0
317350,317350,317353,3,0
317350,317350,317352,2,0
317350,317350,317352,2,0
317350,317350,317353,3,0
317350,317350,317353,3,0
317350,317350,317352,2,0
317350,317350,317353,3,0
317350,317350,317353,3,0
317350,317350,317353,3,0
317355,317355,317357,2,0
317355,317355,317357,2,0
317355,317355,317357,2,0
317355,317355,317357,2,0
317355,317355,317358,3,0
317355,317355,317358,3,0
317355,317355,317358,3,0
317355,317355,317358,3,0
317355,317355,317358,3,0
317355,317355,317358,3,0
317355,317355,317358,3,0
317355,317355,317358,3,0
317355,317356,317358,2,1
317355,317355,317358,3,0
317355,317355,317358,3,0
317355,317356,317358,2,1
317355,317355,317358,3,0
317355,317355,317358,3,0
317355,317356,317358,2,1
317355,317355,317358,3,0
317355,317355,317358,3,0
317355,317356,317358,2,1
317355,317355,317358,3,0
317355,317355,317358,3,0
317355,317355,317358,3,0
317355,317355,317358,3,0
317355,317355,317358,3,0
317355,317355,317358,3,0
317355,317355,317358,3,0
317355,317355,317358,3,0
317355,317355,317359,4,0
317355,317355,317359,4,0
317361,317361,317363,2,0
317361,317361,317362,1,0
317361,317361,317363,2,0
317361,317361,317363,2,0
317361,317361,317363,2,0
317361,317361,317363,2,0
317361,317361,317364,3,0
317361,317361,317363,2,0
317361,317361,317363,2,0
317361,317361,317364,3,0
317361,317361,317363,2,0
317361,317361,317364,3,0
317361,317361,317364,3,0
317361,317361,317363,2,0
317361,317361,317364,3,0
317361,317361,317363,2,0
317361,317361,317363,2,0
317361,317361,317364,3,0
317361,317361,317363,2,0
317361,317361,317364,3,0
317361,317361,317364,3,0
317361,317361,317363,2,0
317361,317361,317364,3,0
317361,317361,317364,3,0
317361,317361,317364,3,0
317361,317361,317364,3,0
317361,317361,317363,2,0
317361,317361,317363,2,0
317361,317361,317364,3,0
317361,317361,317364,3,0
317361,317361,317364,3,0
317361,317361,317364,3,0
317366,317366,317368,2,0
317366,317366,317368,2,0
317366,317366,317368,2,0
317366,317366,317368,2,0
317366,317366,317368,2,0
317366,317366,317367,1,0
317366,317366,317369,3,0
317366,317366,317368,2,0
317366,317366,317368,2,0
317366,317366,317369,3,0
317366,317366,317369,3,0
317366,317366,317369,3,0
317366,317366,317369,3,0
317366,317366,317369,3,0
317366,317366,317368,2,0
317366,317366,317368,2,0
317366,317366,317369,3,0
317366,317366,317369,3,0
317366,317366,317369,3,0
317366,317366,317369,3,0
317366,317366,317369,3,0
317366,317366,317369,3,0
317366,317366,317369,3,0
317366,317366,317369,3,0
317366,317366,317370,4,0
317366,317366,317369,3,0
317366,317366,317369,3,0
317366,317366,317370,4,0
317366,317366,317370,4,0
317366,317366,317369,3,0
317366,317366,317370,4,0
317366,317366,317369,3,0
317372,317372,317373,1,0
317372,317372,317374,2,0
317372,317372,317374,2,0
317372,317372,317373,1,0
317372,317372,317373,1,0
317372,317372,317373,1,0
317372,317372,317374,2,0
317372,317372,317374,2,0
317372,317372,317374,2,0
317372,317372,317374,2,0
317372,317372,317375,3,0
317372,317372,317374,2,0
317372,317372,317375,3,0
317372,317372,317375,3,0
317372,317372,317374,2,0
317372,317372,317374,2,0
317372,317372,317374,2,0
317372,317372,317374,2,0
317372,317372,317374,2,0
317372,317372,317374,2,0
317372,317372,317374,2,0
317372,317372,317374,2,0
317372,317372,317374,2,0
317372,317372,317374,2,0
317372,317372,317374,2,0
317372,317372,317374,2,0
317372,317372,317374,2,0
317372,317372,317374,2,0
317372,317372,317374,2,0
317372,317372,317375,3,0
317372,317372,317375,3,0
317372,317372,317375,3,0
317377,317377,317379,2,0
317377,317377,317379,2,0
317377,317377,317379,2,0
317377,317377,317379,2,0
317377,317377,317379,2,0
317377,317377,317379,2,0
317377,317377,317378,1,0
317377,317377,317378,1,0
317377,317377,317379,2,0
317377,317377,317379,2,0
317377,317377,317379,2,0
317377,317377,317379,2,0
317377,317377,317379,2,0
317377,317377,317379,2,0
317377,317377,317380,3,0
317377,317377,317379,2,0
317377,317377,317380,3,0
317377,317377,317379,2,0
317377,317377,317380,3,0
317377,317377,317380,3,0
317377,317377,317380,3,0
317377,317377,317379,2,0
317377,317377,317379,2,0
317377,317377,317379,2,0
317377,317377,317380,3,0
317377,317377,317379,2,0
317377,317377,317379,2,0
317377,317377,317380,3,0
317377,317377,317379,2,0
317377,317377,317380,3,0
317377,317377,317379,2,0
317377,317377,317379,2,0
317381,317381,317383,2,0
317381,317381,317383,2,0
317381,317381,317383,2,0
317381,317381,317383,2,0
317381,317381,317383,2,0
317381,317381,317383,2,0
317381,317381,317384,3,0
317381,317381,317384,3,0
317381,317381,317384,3,0
317381,317381,317384,3,0
317381,317381,317384,3,0
317381,317381,317384,3,0
317381,317381,317384,3,0
317381,317381,317384,3,0
317381,317382,317384,2,1
317381,317381,317384,3,0
317381,317381,317384,3,0
317381,317382,317384,2,1
317381,317381,317384,3,0
317381,317382,317384,2,1
317381,317381,317384,3,0
317381,317381,317384,3,0
317381,317382,317384,2,1
317381,317381,317384,3,0
317381,317381,317384,3,0
317381,317382,317384,2,1
317381,317381,317384,3,0
317381,317382,317384,2,1
317381,317382,317384,2,1
317381,317381,317384,3,0
317381,317382,317384,2,1
317381,317382,317384,2,1
317386,317386,317388,2,0
317386,317386,317388,2,0
317386,317386,317388,2,0
317386,317386,317388,2,0
317386,317386,317387,1,0
317386,317386,317388,2,0
317386,317386,317388,2,0
317386,317386,317388,2,0
317386,317386,317388,2,0
317386,317386,317388,2,0
317386,317386,317388,2,0
317386,317386,317388,2,0
317386,317386,317388,2,0
317386,317386,317388,2,0
317386,317386,317388,2,0
317386,317386,317388,2,0
317386,317386,317388,2,0
317386,317386,317388,2,0
317386,317386,317389,3,0
317386,317386,317388,2,0
317386,317386,317388,2,0
317386,317386,317388,2,0
317386,317386,317388,2,0
317386,317386,317388,2,0
317386,317386,317388,2,0
317386,317386,317388,2,0
317386,317386,317388,2,0
317386,317386,317388,2,0
317386,317386,317388,2,0
317386,317386,317388,2,0
317386,317386,317388,2,0
317386,317386,317388,2,0
317390,317390,317392,2,0
317390,317390,317392,2,0
317390,317390,317392,2,0
317390,317390,317392,2,0
317390,317390,317392,2,0
317390,317390,317393,3,0
317390,317390,317393,3,0
317390,317390,317393,3,0
317390,317390,317393,3,0
317390,317390,317393,3,0
317390,317390,317393,3,0
317390,317390,317393,3,0
317390,317390,317393,3,0
317390,317390,317393,3,0
317390,317390,317393,3,0
317390,317390,317393,3,0
317390,317390,317393,3,0
317390,317390,317393,3,0
317390,317390,317393,3,0
317390,317390,317393,3,0
317390,317390,317393,3,0
317390,317390,317393,3,0
317390,317390,317393,3,0
317390,317390,317393,3,0
317390,317390,317393,3,0
317390,317390,317393,3,0
317390,317390,317393,3,0
317390,317390,317393,3,0
317390,317390,317393,3,0
317390,317390,317393,3,0
317390,317390,317393,3,0
317390,317390,317393,3,0
317395,317395,317397,2,0
317395,317395,317396,1,0
317395,317395,317397,2,0
317395,317395,317396,1,0
317395,317395,317396,1,0
317395,317395,317396,1,0
317395,317395,317397,2,0
317395,317395,317397,2,0
317395,317395,317397,2,0
317395,317395,317397,2,0
317395,317395,317398,3,0
317395,317395,317397,2,0
317395,317395,317397,2,0
317395,317395,317397,2,0
317395,317395,317398,3,0
317395,317395,317397,2,0
317395,317395,317397,2,0
317395,317395,317397,2,0
317395,317395,317397,2,0
317395,317395,317397,2,0
317395,317395,317397,2,0
317395,317395,317397,2,0
317395,317395,317397,2,0
317395,317395,317397,2,0
317395,317395,317397,2,0
317395,317395,317397,2,0
317395,317395,317397,2,0
317395,317395,317398,3,0
317395,317395,317397,2,0
317395,317395,317398,3,0
317395,317395,317397,2,0
317395,317395,317397,2,0
317399,317399,317401,2,0
317399,317399,317400,1,0
317399,317399,317401,2,0
317399,317399,317401,2,0
317399,317399,317402,3,0
317399,317399,317401,2,0
317399,317399,317402,3,0
317399,317399,317402,3,0
317399,317399,317401,2,0
317399,317399,317402,3,0
317399,317399,317402,3,0
317399,317399,317402,3,0
317399,317399,317402,3,0
317399,317399,317402,3,0
317399,317399,317402,3,0
317399,317399,317401,2,0
317399,317399,317402,3,0
317399,317399,317402,3,0
317399,317399,317402,3,0
317399,317399,317402,3,0
317399,317399,317402,3,0
317399,317399,317402,3,0
317399,317399,317402,3,0
317399,317399,317402,3,0
317399,317399,317402,3,0
317399,317399,317402,3,0
317399,317399,317402,3,0
317399,317399,317402,3,0
317399,317399,317402,3,0
317399,317399,317402,3,0
317399,317399,317402,3,0
317399,317399,317402,3,0
317404,317404,317406,2,0
317404,317404,317405,1,0
317404,317404,317405,1,0
317404,317404,317405,1,0
317404,317404,317405,1,0
317404,317404,317405,1,0
317404,317404,317406,2,0
317404,317404,317406,2,0
317404,317404,317406,2,0
317404,317404,317406,2,0
317404,317404,317406,2,0
317404,317404,317406,2,0
317404,317404,317406,2,0
317404,317404,317406,2,0
317404,317404,317406,2,0
317404,317404,317406,2,0
317404,317404,317407,3,0
317404,317404,317406,2,0
317404,317404,317406,2,0
317404,317404,317406,2,0
317404,317404,317406,2,0
317404,317404,317406,2,0
317404,317404,317406,2,0
317404,317404,317406,2,0
317404,317404,317406,2,0
317404,317404,317406,2,0
317404,317404,317406,2,0
317404,317404,317406,2,0
317404,317404,317406,2,0
317404,317404,317406,2,0
317404,317404,317406,2,0
317404,317404,317406,2,0
317408,317408,317410,2,0
317408,317408,317410,2,0
317408,317408,317410,2,0
317408,317408,317409,1,0
317408,317408,317410,2,0
317408,317408,317411,3,0
317408,317408,317410,2,0
317408,317408,317411,3,0
317408,317408,317411,3,0
317408,317408,317410,2,0
317408,317408,317410,2,0
317408,317408,317410,2,0
317408,317408,317410,2,0
317408,317408,317411,3,0
317408,317408,317410,2,0
317408,317408,317410,2,0
317408,317408,317411,3,0
317408,317408,317411,3,0
317408,317408,317410,2,0
317408,317408,317411,3,0
317408,317408,317410,2,0
317408,317408,317410,2,0
317408,317408,317411,3,0
317408,317408,317410,2,0
317408,317408,317410,2,0
317408,317408,317410,2,0
317408,317408,317410,2,0
317408,317408,317410,2,0
317408,317408,317410,2,0
317408,317408,317411,3,0
317408,317408,317411,3,0
317408,317408,317411,3,0
317412,317412,317414,2,0
317412,317412,317414,2,0
317412,317412,317414,2,0
317412,317412,317414,2,0
317412,317412,317414,2,0
317412,317412,317415,3,0
317412,317412,317414,2,0
317412,317412,317414,2,0
317412,317412,317415,3,0
317412,317412,317415,3,0
317412,317412,317415,3,0
317412,317412,317415,3,0
317412,317412,317415,3,0
317412,317412,317415,3,0
317412,317412,317415,3,0
317412,317412,317415,3,0
317412,317412,317415,3,0
317412,317412,317415,3,0
317412,317412,317415,3,0
317412,317412,317415,3,0
317412,317412,317415,3,0
317412,317412,317415,3,0
317412,317412,317415,3,0
317412,317412,317415,3,0
317412,317412,317415,3,0
317412,317412,317415,3,0
317412,317413,317415,2,1
317412,317412,317415,3,0
317412,317412,317415,3,0
317412,317412,317415,3,0
317412,317412,317415,3,0
317412,317412,317415,3,0
317417,317417,317418,1,0
317417,317417,317419,2,0
317417,317417,317419,2,0
317417,317417,317419,2,0
317417,317417,317418,1,0
317417,317417,317419,2,0
317417,317417,317419,2,0
317417,317417,317419,2,0
317417,317417,317420,3,0
317417,317417,317419,2,0
317417,317417,317420,3,0
317417,317417,317419,2,0
317417,317417,317419,2,0
317417,317417,317419,2,0
317417,317417,317419,2,0
317417,317417,317419,2,0
317417,317417,317419,2,0
317417,317417,317419,2,0
317417,317417,317419,2,0
317417,317417,317419,2,0
317417,317417,317419,2,0
317417,317417,317420,3,0
317417,317417,317419,2,0
317417,317417,317420,3,0
317417,317417,317419,2,0
317417,317417,317419,2,0
317417,317417,317419,2,0
317417,317417,317420,3,0
317417,317417,317419,2,0
317417,317417,317419,2,0
317417,317417,317420,3,0
317417,317417,317420,3,0
317422,317422,317424,2,0
317422,317422,317424,2,0
317422,317422,317424,2,0
317422,317422,317424,2,0
317422,317422,317424,2,0
317422,317422,317424,2,0
317422,317422,317424,2,0
317422,317422,317425,3,0
317422,317422,317425,3,0
317422,317422,317425,3,0
317422,317422,317425,3,0
317422,317422,317424,2,0
317422,317422,317425,3,0
317422,317422,317424,2,0
317422,317422,317425,3,0
317422,317422,317425,3,0
317422,317422,317424,2,0
317422,317422,317425,3,0
317422,317422,317425,3,0
317422,317422,317424,2,0
317422,317422,317425,3,0
317422,317422,317425,3,0
317422,317422,317424,2,0
317422,317422,317425,3,0
317422,317422,317425,3,0
317422,317422,317425,3,0
317422,317422,317425,3,0
317422,317422,317425,3,0
317422,317422,317425,3,0
317422,317422,317425,3,0
317422,317422,317425,3,0
317422,317422,317426,4,0
317428,317428,317429,1,0
317428,317428,317429,1,0
317428,317428,317430,2,0
317428,317428,317430,2,0
317428,317428,317431,3,0
317428,317428,317430,2,0
317428,317428,317430,2,0
317428,317428,317430,2,0
317428,317428,317430,2,0
317428,317428,317430,2,0
317428,317428,317430,2,0
317428,317428,317430,2,0
317428,317428,317430,2,0
317428,317428,317430,2,0
317428,317428,317430,2,0
317428,317428,317430,2,0
317428,317428,317430,2,0
317428,317428,317430,2,0
317428,317428,317430,2,0
317428,317428,317430,2,0
317428,317428,317430,2,0
317428,317428,317430,2,0
317428,317428,317430,2,0
317428,317428,317430,2,0
317428,317428,317430,2,0
317428,317428,317430,2,0
317428,317428,317430,2,0
317428,317428,317430,2,0
317428,317428,317430,2,0
317428,317428,317430,2,0
317428,317428,317431,3,0
317428,317428,317431,3,0
317433,317433,317435,2,0
317433,317433,317435,2,0
317433,317433,317434,1,0
317433,317433,317435,2,0
317433,317433,317436,3,0
317433,317433,317435,2,0
317433,317433,317435,2,0
317433,317433,317436,3,0
317433,317433,317436,3,0
317433,317433,317435,2,0
317433,317433,317435,2,0
317433,317433,317436,3,0
317433,317433,317435,2,0
317433,317433,317435,2,0
317433,317433,317436,3,0
317433,317433,317435,2,0
317433,317433,317436,3,0
317433,317433,317436,3,0
317433,317433,317435,2,0
317433,317433,317435,2,0
317433,317433,317436,3,0
317433,317433,317436,3,0
317433,317433,317436,3,0
317433,317433,317436,3,0
317433,317433,317436,3,0
317433,317433,317436,3,0
317433,317433,317435,2,0
317433,317433,317436,3,0
317433,317433,317436,3,0
317433,317433,317436,3,0
317433,317433,317436,3,0
317433,317433,317436,3,0
317438,317438,317440,2,0
317438,317438,317440,2,0
317438,317438,317439,1,0
317438,317438,317440,2,0
317438,317438,317441,3,0
317438,317438,317440,2,0
317438,317438,317441,3,0
317438,317438,317441,3,0
317438,317438,317441,3,0
317438,317438,317441,3,0
317438,317438,317441,3,0
317438,317438,317441,3,0
317438,317438,317441,3,0
317438,317438,317440,2,0
317438,317438,317441,3,0
317438,317438,317441,3,0
317438,317438,317441,3,0
317438,317438,317441,3,0
317438,317438,317441,3,0
317438,317438,317441,3,0
317438,317438,317441,3,0
317438,317438,317441,3,0
317438,317438,317441,3,0
317438,317438,317441,3,0
317438,317438,317441,3,0
317438,317438,317440,2,0
317438,317438,317441,3,0
317438,317438,317441,3,0
317438,317438,317440,2,0
317438,317438,317441,3,0
317438,317438,317441,3,0
317438,317438,317441,3,0
317443,317443,317445,2,0
317443,317443,317445,2,0
317443,317443,317445,2,0
317443,317443,317445,2,0
317443,317443,317444,1,0
317443,317443,317444,1,0
317443,317443,317445,2,0
317443,317443,317445,2,0
317443,317443,317445,2,0
317443,317443,317446,3,0
317443,317443,317445,2,0
317443,317443,317445,2,0
317443,317443,317445,2,0
317443,317443,317445,2,0
317443,317443,317445,2,0
317443,317443,317445,2,0
317443,317443,317445,2,0
317443,317443,317445,2,0
317443,317443,317445,2,0
317443,317443,317445,2,0
317443,317443,317445,2,0
317443,317443,317445,2,0
317443,317443,317445,2,0
317443,317443,317445,2,0
317443,317443,317445,2,0
317443,317443,317445,2,0
317443,317443,317445,2,0
317443,317443,317445,2,0
317443,317443,317445,2,0
317443,317443,317446,3,0
317443,317443,317445,2,0
317443,317443,317445,2,0
317447,317447,317449,2,0
317447,317447,317449,2,0
317447,317447,317449,2,0
317447,317447,317449,2,0
317447,317447,317449,2,0
317447,317447,317449,2,0
317447,317447,317449,2,0
317447,317447,317450,3,0
317447,317447,317450,3,0
317447,317447,317450,3,0
317447,317447,317449,2,0
317447,317447,317450,3,0
317447,317447,317450,3,0
317447,317447,317450,3,0
317447,317447,317450,3,0
317447,317447,317450,3,0
317447,317447,317450,3,0
317447,317447,317450,3,0
317447,317447,317450,3,0
317447,317447,317450,3,0
317447,317447,317450,3,0
317447,317447,317450,3,0
317447,317447,317450,3,0
317447,317447,317450,3,0
317447,317447,317450,3,0
317447,317447,317450,3,0
317447,317447,317450,3,0
317447,317447,317450,3,0
317447,317447,317450,3,0
317447,317447,317450,3,0
317447,317447,317450,3,0
317447,317447,317450,3,0
317453,317453,317455,2,0
317453,317453,317454,1,0
317453,317453,317455,2,0
317453,317453,317454,1,0
317453,317453,317454,1,0
317453,317453,317455,2,0
317453,317453,317455,2,0
317453,317453,317455,2,0
317453,317453,317455,2,0
317453,317453,317455,2,0
317453,317453,317455,2,0
317453,317453,317456,3,0
317453,317453,317455,2,0
317453,317453,317455,2,0
317453,317453,317455,2,0
317453,317453,317455,2,0
317453,317453,317455,2,0
317453,317453,317455,2,0
317453,317453,317455,2,0
317453,317453,317455,2,0
317453,317453,317455,2,0
317453,317453,317455,2,0
317453,317453,317455,2,0
317453,317453,317456,3,0
317453,317453,317456,3,0
317453,317453,317455,2,0
317453,317453,317455,2,0
317453,317453,317456,3,0
317453,317453,317455,2,0
317453,317453,317456,3,0
317453,317453,317456,3,0
317453,317453,317455,2,0
317457,317457,317459,2,0
317457,317457,317459,2,0
317457,317457,317459,2,0
317457,317457,317459,2,0
317457,317457,317459,2,0
317457,317457,317459,2,0
317457,317457,317459,2,0
317457,317457,317460,3,0
317457,317457,317459,2,0
317457,317457,317460,3,0
317457,317457,317460,3,0
317457,317457,317460,3,0
317457,317457,317460,3,0
317457,317457,317459,2,0
317457,317457,317460,3,0
317457,317457,317460,3,0
317457,317457,317460,3,0
317457,317457,317460,3,0
317457,317457,317459,2,0
317457,317457,317460,3,0
317457,317457,317460,3,0
317457,317457,317459,2,0
317457,317457,317460,3,0
317457,317457,317460,3,0
317457,317457,317460,3,0
317457,317457,317460,3,0
317457,317457,317460,3,0
317457,317457,317460,3,0
317457,317457,317459,2,0
317457,317457,317460,3,0
317457,317457,317460,3,0
317457,317457,317460,3,0
317462,317462,317464,2,0
317462,317462,317464,2,0
317462,317462,317463,1,0
317462,317462,317463,1,0
317462,317462,317463,1,0
317462,317462,317463,1,0
317462,317462,317464,2,0
317462,317462,317464,2,0
317462,317462,317464,2,0
317462,317462,317464,2,0
317462,317462,317465,3,0
317462,317462,317464,2,0
317462,317462,317464,2,0
317462,317462,317464,2,0
317462,317462,317464,2,0
317462,317462,317464,2,0
317462,317462,317464,2,0
317462,317462,317464,2,0
317462,317462,317464,2,0
317462,317462,317464,2,0
317462,317462,317464,2,0
317462,317462,317464,2,0
317462,317462,317464,2,0
317462,317462,317464,2,0
317462,317462,317464,2,0
317462,317462,317464,2,0
317462,317462,317464,2,0
317462,317462,317465,3,0
317462,317462,317465,3,0
317462,317462,317464,2,0
317462,317462,317465,3,0
317462,317462,317465,3,0
317467,317467,317469,2,0
317467,317467,317469,2,0
317467,317467,317469,2,0
317467,317467,317469,2,0
317467,317467,317469,2,0
317467,317467,317469,2,0
317467,317467,317469,2,0
317467,317467,317470,3,0
317467,317467,317469,2,0
317467,317467,317470,3,0
317467,317467,317470,3,0
317467,317467,317470,3,0
317467,317467,317469,2,0
317467,317467,317470,3,0
317467,317467,317470,3,0
317467,317467,317469,2,0
317467,317467,317470,3,0
317467,317467,317470,3,0
317467,317467,317469,2,0
317467,317467,317470,3,0
317467,317467,317470,3,0
317467,317467,317469,2,0
317467,317467,317470,3,0
317467,317467,317469,2,0
317467,317467,317470,3,0
317467,317467,317469,2,0
317467,317467,317470,3,0
317467,317467,317470,3,0
317467,317467,317470,3,0
317467,317467,317471,4,0
317467,317467,317471,4,0
317467,317467,317471,4,0
317473,317473,317475,2,0
317473,317473,317475,2,0
317473,317473,317475,2,0
317473,317473,317474,1,0
317473,317473,317474,1,0
317473,317473,317475,2,0
317473,317473,317476,3,0
317473,317473,317475,2,0
317473,317473,317475,2,0
317473,317473,317476,3,0
317473,317473,317475,2,0
317473,317473,317475,2,0
317473,317473,317475,2,0
317473,317473,317475,2,0
317473,317473,317475,2,0
317473,317473,317475,2,0
317473,317473,317476,3,0
317473,317473,317475,2,0
317473,317473,317475,2,0
317473,317473,317475,2,0
317473,317473,317475,2,0
317473,317473,317476,3,0
317473,317473,317475,2,0
317473,317473,317475,2,0
317473,317473,317475,2,0
317473,317473,317476,3,0
317473,317473,317475,2,0
317473,317473,317475,2,0
317473,317473,317476,3,0
317473,317473,317476,3,0
317473,317473,317476,3,0
317473,317473,317476,3,0
317478,317478,317480,2,0
317478,317478,317480,2,0
317478,317478,317480,2,0
317478,317478,317480,2,0
317478,317478,317480,2,0
317478,317478,317480,2,0
317478,317478,317480,2,0
317478,317478,317480,2,0
317478,317478,317480,2,0
317478,317478,317480,2,0
317478,317478,317481,3,0
317478,317478,317481,3,0
317478,317478,317481,3,0
317478,317478,317481,3,0
317478,317478,317481,3,0
317478,317478,317480,2,0
317478,317478,317481,3,0
317478,317478,317481,3,0
317478,317478,317480,2,0
317478,317478,317481,3,0
317478,317478,317481,3,0
317478,317478,317480,2,0
317478,317478,317480,2,0
317478,317478,317481,3,0
317478,317478,317480,2,0
317478,317478,317481,3,0
317478,317478,317481,3,0
317478,317478,317481,3,0
317478,317478,317481,3,0
317478,317478,317481,3,0
317478,317478,317480,2,0
317478,317478,317481,3,0
317483,317484,317485,1,1
317483,317484,317485,1,1
317483,317484,317485,1,1
317483,317484,317485,1,1
317483,317484,317485,1,1
317483,317484,317485,1,1
317483,317484,317486,2,1
317483,317484,317486,2,1
317483,317484,317486,2,1
317483,317484,317486,2,1
317483,317484,317486,2,1
317483,317484,317486,2,1
317483,317484,317486,2,1
317483,317484,317486,2,1
317483,317484,317486,2,1
317483,317484,317487,3,1
317483,317484,317486,2,1
317483,317484,317486,2,1
317483,317484,317486,2,1
317483,317484,317486,2,1
317483,317484,317486,2,1
317483,317484,317486,2,1
317483,317484,317486,2,1
317483,317484,317486,2,1
317483,317484,317487,3,1
317483,317484,317486,2,1
317483,317484,317486,2,1
317483,317484,317486,2,1
317483,317484,317486,2,1
317483,317484,317486,2,1
317483,317484,317487,3,1
317483,317484,317487,3,1
317489,317489,317491,2,0
317489,317489,317490,1,0
317489,317489,317491,2,0
317489,317489,317491,2,0
317489,317489,317490,1,0
317489,317489,317491,2,0
317489,317489,317492,3,0
317489,317489,317491,2,0
317489,317489,317491,2,0
317489,317489,317491,2,0
317489,317489,317492,3,0
317489,317489,317492,3,0
317489,317489,317491,2,0
317489,317489,317492,3,0
317489,317489,317492,3,0
317489,317489,317492,3,0
317489,317489,317492,3,0
317489,317489,317492,3,0
317489,317489,317492,3,0
317489,317489,317492,3,0
317489,317489,317492,3,0
317489,317489,317491,2,0
317489,317489,317491,2,0
317489,317489,317492,3,0
317489,317489,317492,3,0
317489,317489,317492,3,0
317489,317489,317491,2,0
317489,317489,317492,3,0
317489,317489,317492,3,0
317489,317489,317492,3,0
317489,317489,317492,3,0
317489,317489,317492,3,0
317217,317217,317495,278,0
317494,317494,317496,2,0
317494,317494,317496,2,0
317494,317494,317496,2,0
317494,317494,317496,2,0
317494,317494,317496,2,0
317494,317494,317496,2,0
317494,317494,317497,3,0
317494,317494,317497,3,0
317494,317494,317497,3,0
317494,317494,317497,3,0
317494,317494,317497,3,0
317494,317494,317497,3,0
317494,317494,317497,3,0
317494,317494,317497,3,0
317494,317494,317497,3,0
317494,317495,317497,2,1
317494,317494,317497,3,0
317494,317494,317497,3,0
317494,317495,317497,2,1
317494,317494,317497,3,0
317494,317494,317497,3,0
317494,317495,317497,2,1
317494,317494,317497,3,0
317494,317494,317497,3,0
317494,317495,317497,2,1
317494,317494,317497,3,0
317494,317494,317497,3,0
317494,317494,317497,3,0
317494,317494,317497,3,0
317494,317494,317497,3,0
317494,317495,317497,2,1
317494,317494,317498,4,0
317500,317500,317502,2,0
317500,317500,317501,1,0
317500,317500,317502,2,0
317500,317500,317502,2,0
317500,317500,317502,2,0
317500,317500,317502,2,0
317500,317500,317502,2,0
317500,317500,317502,2,0
317500,317500,317502,2,0
317500,317500,317502,2,0
317500,317500,317502,2,0
317500,317500,317502,2,0
317500,317500,317502,2,0
317500,317500,317503,3,0
317500,317500,317503,3,0
317500,317500,317502,2,0
317500,317500,317502,2,0
317500,317500,317502,2,0
317500,317500,317502,2,0
317500,317500,317503,3,0
317500,317500,317502,2,0
317500,317500,317503,3,0
317500,317500,317503,3,0
317500,317500,317502,2,0
317500,317500,317502,2,0
317500,317500,317502,2,0
317500,317500,317503,3,0
317500,317500,317503,3,0
317500,317500,317502,2,0
317500,317500,317503,3,0
317500,317500,317502,2,0
317500,317500,317502,2,0
317504,317504,317505,1,0
317504,317504,317506,2,0
317504,317504,317506,2,0
317504,317504,317505,1,0
317504,317504,317506,2,0
317504,317504,317506,2,0
317504,317504,317507,3,0
317504,317504,317506,2,0
317504,317504,317507,3,0
317504,317504,317506,2,0
317504,317504,317507,3,0
317504,317504,317506,2,0
317504,317504,317506,2,0
317504,317504,317507,3,0
317504,317504,317506,2,0
317504,317504,317507,3,0
317504,317504,317507,3,0
317504,317504,317507,3,0
317504,317504,317506,2,0
317504,317504,317506,2,0
317504,317504,317507,3,0
317504,317504,317506,2,0
317504,317504,317507,3,0
317504,317504,317506,2,0
317504,317504,317507,3,0
317504,317504,317507,3,0
317504,317504,317507,3,0
317504,317504,317508,4,0
317504,317504,317508,4,0
317504,317504,317507,3,0
317504,317504,317508,4,0
317504,317504,317507,3,0
317510,317510,317511,1,0
317510,317510,317512,2,0
317510,317510,317511,1,0
317510,317510,317511,1,0
317510,317510,317512,2,0
317510,317510,317512,2,0
317510,317510,317512,2,0
317510,317510,317512,2,0
317510,317510,317512,2,0
317510,317510,317512,2,0
317510,317510,317512,2,0
317510,317510,317512,2,0
317510,317510,317512,2,0
317510,317510,317512,2,0
317510,317510,317512,2,0
317510,317510,317512,2,0
317510,317510,317512,2,0
317510,317510,317512,2,0
317510,317510,317512,2,0
317510,317510,317512,2,0
317510,317510,317512,2,0
317510,317510,317512,2,0
317510,317510,317512,2,0
317510,317510,317512,2,0
317510,317510,317512,2,0
317510,317510,317512,2,0
317510,317510,317512,2,0
317510,317510,317512,2,0
317510,317510,317512,2,0
317510,317510,317512,2,0
317510,317510,317512,2,0
317510,317510,317512,2,0
317514,317514,317516,2,0
317514,317514,317516,2,0
317514,317514,317516,2,0
317514,317514,317516,2,0
317514,317514,317516,2,0
317514,317514,317516,2,0
317514,317514,317516,2,0
317514,317514,317516,2,0
317514,317514,317515,1,0
317514,317514,317516,2,0
317514,317514,317517,3,0
317514,317514,317516,2,0
317514,317514,317516,2,0
317514,317514,317517,3,0
317514,317514,317517,3,0
317514,317514,317516,2,0
317514,317514,317517,3,0
317514,317514,317516,2,0
317514,317514,317516,2,0
317514,317514,317517,3,0
317514,317514,317517,3,0
317514,317514,317516,2,0
317514,317514,317516,2,0
317514,317514,317517,3,0
317514,317514,317517,3,0
317514,317514,317516,2,0
317514,317514,317517,3,0
317514,317514,317517,3,0
317514,317514,317516,2,0
317514,317514,317517,3,0
317514,317514,317516,2,0
317514,317514,317516,2,0
317518,317519,317520,1,1
317518,317519,317520,1,1
317518,317519,317520,1,1
317518,317519,317520,1,1
317518,317519,317521,2,1
317518,317519,317521,2,1
317518,317519,317521,2,1
317518,317519,317521,2,1
317518,317519,317521,2,1
317518,317519,317521,2,1
317518,317519,317521,2,1
317518,317519,317521,2,1
317518,317519,317521,2,1
317518,317519,317521,2,1
317518,317519,317521,2,1
317518,317519,317521,2,1
317518,317519,317521,2,1
317518,317519,317521,2,1
317518,317519,317521,2,1
317518,317519,317521,2,1
317518,317519,317521,2,1
317518,317519,317521,2,1
317518,317519,317521,2,1
317518,317519,317521,2,1
317518,317519,317521,2,1
317518,317519,317521,2,1
317518,317519,317521,2,1
317518,317519,317521,2,1
317518,317519,317521,2,1
317518,317519,317521,2,1
317518,317519,317521,2,1
317518,317519,317521,2,1
317523,317523,317525,2,0
317523,317523,317525,2,0
317523,317523,317525,2,0
317523,317523,317525,2,0
317523,317523,317525,2,0
317523,317523,317525,2,0
317523,317523,317525,2,0
317523,317523,317525,2,0
317523,317523,317526,3,0
317523,317523,317526,3,0
317523,317523,317525,2,0
317523,317523,317525,2,0
317523,317523,317525,2,0
317523,317523,317525,2,0
317523,317523,317525,2,0
317523,317523,317526,3,0
317523,317523,317526,3,0
317523,317523,317526,3,0
317523,317523,317525,2,0
317523,317523,317525,2,0
317523,317523,317526,3,0
317523,317523,317525,2,0
317523,317523,317525,2,0
317523,317523,317526,3,0
317523,317523,317526,3,0
317523,317523,317525,2,0
317523,317523,317526,3,0
317523,317523,317526,3,0
317523,317523,317525,2,0
317523,317523,317526,3,0
317523,317523,317526,3,0
317523,317523,317525,2,0
317527,317528,317529,1,1
317527,317528,317529,1,1
317527,317528,317529,1,1
317527,317528,317530,2,1
317527,317528,317530,2,1
317527,317528,317530,2,1
317527,317528,317530,2,1
317527,317528,317530,2,1
317527,317528,317530,2,1
317527,317528,317530,2,1
317527,317528,317530,2,1
317527,317528,317530,2,1
317527,317528,317530,2,1
317527,317528,317530,2,1
317527,317528,317530,2,1
317527,317528,317530,2,1
317527,317528,317530,2,1
317527,317528,317530,2,1
317527,317528,317530,2,1
317527,317528,317530,2,1
317527,317528,317530,2,1
317527,317528,317530,2,1
317527,317528,317530,2,1
317527,317528,317530,2,1
317527,317528,317530,2,1
317527,317528,317530,2,1
317527,317528,317530,2,1
317527,317528,317530,2,1
317527,317528,317530,2,1
317527,317528,317530,2,1
317527,317528,317530,2,1
317527,317528,317530,2,1
317532,317532,317534,2,0
317532,317532,317534,2,0
317532,317532,317534,2,0
317532,317532,317534,2,0
317532,317532,317534,2,0
317532,317532,317534,2,0
317532,317532,317535,3,0
317532,317532,317535,3,0
317532,317532,317534,2,0
317532,317532,317534,2,0
317532,317532,317534,2,0
317532,317532,317535,3,0
317532,317532,317534,2,0
317532,317532,317535,3,0
317532,317532,317535,3,0
317532,317532,317534,2,0
317532,317532,317535,3,0
317532,317532,317534,2,0
317532,317532,317534,2,0
317532,317532,317534,2,0
317532,317532,317534,2,0
317532,317532,317535,3,0
317532,317532,317535,3,0
317532,317532,317535,3,0
317532,317532,317534,2,0
317532,317532,317534,2,0
317532,317532,317535,3,0
317532,317532,317535,3,0
317532,317532,317535,3,0
317532,317532,317535,3,0
317532,317532,317535,3,0
317532,317532,317534,2,0
317537,317537,317539,2,0
317537,317537,317538,1,0
317537,317537,317539,2,0
317537,317537,317538,1,0
317537,317537,317538,1,0
317537,317537,317538,1,0
317537,317537,317538,1,0
317537,317537,317539,2,0
317537,317537,317539,2,0
317537,317537,317539,2,0
317537,317537,317539,2,0
317537,317537,317539,2,0
317537,317537,317539,2,0
317537,317537,317539,2,0
317537,317537,317539,2,0
317537,317537,317539,2,0
317537,317537,317539,2,0
317537,317537,317539,2,0
317537,317537,317539,2,0
317537,317537,317539,2,0
317537,317537,317539,2,0
317537,317537,317539,2,0
317537,317537,317539,2,0
317537,317537,317539,2,0
317537,317537,317540,3,0
317537,317537,317539,2,0
317537,317537,317539,2,0
317537,317537,317539,2,0
317537,317537,317539,2,0
317537,317537,317540,3,0
317537,317537,317539,2,0
317537,317537,317539,2,0
317541,317541,317543,2,0
317541,317541,317542,1,0
317541,317541,317543,2,0
317541,317541,317543,2,0
317541,317541,317543,2,0
317541,317541,317543,2,0
317541,317541,317543,2,0
317541,317541,317543,2,0
317541,317541,317543,2,0
317541,317541,317543,2,0
317541,317541,317543,2,0
317541,317541,317543,2,0
317541,317541,317543,2,0
317541,317541,317544,3,0
317541,317541,317543,2,0
317541,317541,317543,2,0
317541,317541,317543,2,0
317541,317541,317544,3,0
317541,317541,317543,2,0
317541,317541,317543,2,0
317541,317541,317544,3,0
317541,317541,317543,2,0
317541,317541,317544,3,0
317541,317541,317544,3,0
317541,317541,317543,2,0
317541,317541,317543,2,0
317541,317541,317543,2,0
317541,317541,317543,2,0
317541,317541,317543,2,0
317541,317541,317544,3,0
317541,317541,317544,3,0
317541,317541,317543,2,0
317545,317546,317547,1,1
317545,317546,317547,1,1
317545,317546,317547,1,1
317545,317546,317547,1,1
317545,317545,317547,2,0
317545,317546,317548,2,1
317545,317546,317548,2,1
317545,317546,317548,2,1
317545,317546,317548,2,1
317545,317546,317548,2,1
317545,317546,317548,2,1
317545,317546,317548,2,1
317545,317546,317548,2,1
317545,317546,317548,2,1
317545,317546,317548,2,1
317545,317546,317548,2,1
317545,317546,317548,2,1
317545,317546,317548,2,1
317545,317546,317548,2,1
317545,317546,317548,2,1
317545,317546,317548,2,1
317545,317546,317548,2,1
317545,317546,317548,2,1
317545,317545,317548,3,0
317545,317546,317548,2,1
317545,317546,317548,2,1
317545,317546,317548,2,1
317545,317546,317548,2,1
317545,317546,317548,2,1
317545,317546,317548,2,1
317545,317546,317548,2,1
317545,317546,317548,2,1
317550,317550,317551,1,0
317550,317550,317552,2,0
317550,317550,317552,2,0
317550,317550,317551,1,0
317550,317550,317552,2,0
317550,317550,317552,2,0
317550,317550,317552,2,0
317550,317550,317552,2,0
317550,317550,317552,2,0
317550,317550,317553,3,0
317550,317550,317553,3,0
317550,317550,317552,2,0
317550,317550,317552,2,0
317550,317550,317552,2,0
317550,317550,317552,2,0
317550,317550,317553,3,0
317550,317550,317553,3,0
317550,317550,317552,2,0
317550,317550,317553,3,0
317550,317550,317553,3,0
317550,317550,317552,2,0
317550,317550,317552,2,0
317550,317550,317553,3,0
317550,317550,317552,2,0
317550,317550,317552,2,0
317550,317550,317553,3,0
317550,317550,317552,2,0
317550,317550,317552,2,0
317550,317550,317553,3,0
317550,317550,317552,2,0
317550,317550,317552,2,0
317550,317550,317553,3,0
317555,317555,317557,2,0
317555,317555,317557,2,0
317555,317555,317557,2,0
317555,317555,317557,2,0
317555,317555,317557,2,0
317555,317555,317557,2,0
317555,317555,317557,2,0
317555,317555,317558,3,0
317555,317555,317558,3,0
317555,317555,317558,3,0
317555,317555,317558,3,0
317555,317555,317558,3,0
317555,317555,317558,3,0
317555,317555,317557,2,0
317555,317555,317558,3,0
317555,317555,317558,3,0
317555,317555,317558,3,0
317555,317555,317558,3,0
317555,317555,317558,3,0
317555,317555,317558,3,0
317555,317555,317558,3,0
317555,317555,317558,3,0
317555,317555,317557,2,0
317555,317555,317557,2,0
317555,317555,317558,3,0
317555,317555,317558,3,0
317555,317555,317558,3,0
317555,317555,317557,2,0
317555,317555,317558,3,0
317555,317555,317558,3,0
317555,317555,317558,3,0
317555,317555,317559,4,0
317560,317560,317562,2,0
317560,317560,317561,1,0
317560,317560,317562,2,0
317560,317560,317562,2,0
317560,317560,317562,2,0
317560,317560,317563,3,0
317560,317560,317563,3,0
317560,317560,317562,2,0
317560,317560,317563,3,0
317560,317560,317563,3,0
317560,317560,317562,2,0
317560,317560,317563,3,0
317560,317560,317563,3,0
317560,317560,317563,3,0
317560,317560,317563,3,0
317560,317560,317563,3,0
317560,317560,317563,3,0
317560,317560,317563,3,0
317560,317560,317563,3,0
317560,317560,317563,3,0
317560,317560,317562,2,0
317560,317560,317563,3,0
317560,317560,317563,3,0
317560,317560,317563,3,0
317560,317560,317563,3,0
317560,317560,317563,3,0
317560,317560,317563,3,0
317560,317560,317563,3,0
317560,317560,317563,3,0
317560,317560,317563,3,0
317560,317560,317563,3,0
317560,317560,317564,4,0
317566,317566,317568,2,0
317566,317566,317568,2,0
317566,317566,317568,2,0
317566,317566,317567,1,0
317566,317566,317568,2,0
317566,317566,317568,2,0
317566,317566,317568,2,0
317566,317566,317569,3,0
317566,317566,317568,2,0
317566,317566,317568,2,0
317566,317566,317568,2,0
317566,317566,317569,3,0
317566,317566,317568,2,0
317566,317566,317568,2,0
317566,317566,317569,3,0
317566,317566,317568,2,0
317566,317566,317569,3,0
317566,317566,317569,3,0
317566,317566,317568,2,0
317566,317566,317569,3,0
317566,317566,317568,2,0
317566,317566,317569,3,0
317566,317566,317568,2,0
317566,317566,317568,2,0
317566,317566,317569,3,0
317566,317566,317569,3,0
317566,317566,317568,2,0
317566,317566,317568,2,0
317566,317566,317569,3,0
317566,317566,317569,3,0
317566,317566,317568,2,0
317566,317566,317569,3,0
317571,317571,317573,2,0
317571,317571,317573,2,0
317571,317571,317573,2,0
317571,317571,317573,2,0
317571,317571,317573,2,0
317571,317571,317573,2,0
317571,317571,317574,3,0
317571,317571,317573,2,0
317571,317571,317573,2,0
317571,317571,317573,2,0
317571,317571,317573,2,0
317571,317571,317574,3,0
317571,317571,317573,2,0
317571,317571,317573,2,0
317571,317571,317574,3,0
317571,317571,317573,2,0
317571,317571,317573,2,0
317571,317571,317574,3,0
317571,317571,317574,3,0
317571,317571,317573,2,0
317571,317571,317573,2,0
317571,317571,317574,3,0
317571,317571,317573,2,0
317571,317571,317573,2,0
317571,317571,317574,3,0
317571,317571,317574,3,0
317571,317571,317574,3,0
317571,317571,317574,3,0
317571,317571,317573,2,0
317571,317571,317574,3,0
317571,317571,317574,3,0
317571,317571,317573,2,0
317575,317575,317577,2,0
317575,317575,317577,2,0
317575,317575,317577,2,0
317575,317575,317576,1,0
317575,317575,317577,2,0
317575,317575,317578,3,0
317575,317575,317578,3,0
317575,317575,317577,2,0
317575,317575,317578,3,0
317575,317575,317578,3,0
317575,317575,317578,3,0
317575,317575,317578,3,0
317575,317575,317578,3,0
317575,317575,317577,2,0
317575,317575,317578,3,0
317575,317575,317577,2,0
317575,317575,317577,2,0
317575,317575,317578,3,0
317575,317575,317578,3,0
317575,317575,317578,3,0
317575,317575,317578,3,0
317575,317575,317577,2,0
317575,317575,317578,3,0
317575,317575,317577,2,0
317575,317575,317578,3,0
317575,317575,317578,3,0
317575,317575,317578,3,0
317575,317575,317578,3,0
317575,317575,317577,2,0
317575,317575,317578,3,0
317575,317575,317578,3,0
317575,317575,317578,3,0
317580,317580,317582,2,0
317580,317580,317582,2,0
317580,317580,317582,2,0
317580,317580,317583,3,0
317580,317580,317583,3,0
317580,317580,317583,3,0
317580,317580,317583,3,0
317580,317581,317583,2,1
317580,317580,317583,3,0
317580,317580,317583,3,0
317580,317581,317583,2,1
317580,317580,317583,3,0
317580,317581,317583,2,1
317580,317581,317583,2,1
317580,317580,317583,3,0
317580,317580,317583,3,0
317580,317580,317583,3,0
317580,317580,317583,3,0
317580,317581,317583,2,1
317580,317580,317583,3,0
317580,317581,317583,2,1
317580,317581,317583,2,1
317580,317580,317583,3,0
317580,317581,317583,2,1
317580,317581,317583,2,1
317580,317580,317583,3,0
317580,317580,317583,3,0
317580,317581,317583,2,1
317580,317580,317583,3,0
317580,317581,317583,2,1
317580,317581,317583,2,1
317580,317580,317584,4,0
317586,317586,317588,2,0
317586,317586,317588,2,0
317586,317586,317588,2,0
317586,317586,317587,1,0
317586,317586,317587,1,0
317586,317586,317588,2,0
317586,317586,317588,2,0
317586,317586,317588,2,0
317586,317586,317588,2,0
317586,317586,317588,2,0
317586,317586,317588,2,0
317586,317586,317588,2,0
317586,317586,317588,2,0
317586,317586,317588,2,0
317586,317586,317589,3,0
317586,317586,317588,2,0
317586,317586,317588,2,0
317586,317586,317589,3,0
317586,317586,317589,3,0
317586,317586,317588,2,0
317586,317586,317589,3,0
317586,317586,317589,3,0
317586,317586,317588,2,0
317586,317586,317589,3,0
317586,317586,317588,2,0
317586,317586,317589,3,0
317586,317586,317588,2,0
317586,317586,317588,2,0
317586,317586,317589,3,0
317586,317586,317588,2,0
317586,317586,317589,3,0
317586,317586,317589,3,0
317591,317591,317593,2,0
317591,317591,317593,2,0
317591,317591,317593,2,0
317591,317591,317593,2,0
317591,317591,317593,2,0
317591,317591,317594,3,0
317591,317591,317593,2,0
317591,317591,317594,3,0
317591,317591,317593,2,0
317591,317591,317594,3,0
317591,317591,317594,3,0
317591,317591,317594,3,0
317591,317591,317594,3,0
317591,317591,317593,2,0
317591,317591,317594,3,0
317591,317591,317594,3,0
317591,317591,317593,2,0
317591,317591,317593,2,0
317591,317591,317594,3,0
317591,317591,317594,3,0
317591,317591,317594,3,0
317591,317591,317593,2,0
317591,317591,317594,3,0
317591,317591,317593,2,0
317591,317591,317594,3,0
317591,317591,317594,3,0
317591,317591,317594,3,0
317591,317591,317594,3,0
317591,317591,317595,4,0
317591,317591,317594,3,0
317591,317591,317594,3,0
317591,317591,317595,4,0
317596,317597,317598,1,1
317596,317597,317598,1,1
317596,317597,317598,1,1
317596,317597,317598,1,1
317596,317597,317598,1,1
317596,317597,317599,2,1
317596,317597,317599,2,1
317596,317597,317599,2,1
317596,317597,317599,2,1
317596,317597,317599,2,1
317596,317597,317599,2,1
317596,317597,317599,2,1
317596,317597,317599,2,1
317596,317597,317600,3,1
317596,317597,317599,2,1
317596,317597,317599,2,1
317596,317597,317599,2,1
317596,317597,317599,2,1
317596,317597,317599,2,1
317596,317597,317599,2,1
317596,317597,317599,2,1
317596,317597,317599,2,1
317596,317597,317599,2,1
317596,317597,317599,2,1
317596,317597,317599,2,1
317596,317597,317599,2,1
317596,317597,317599,2,1
317596,317597,317599,2,1
317596,317597,317600,3,1
317596,317597,317600,3,1
317596,317597,317600,3,1
317596,317597,317600,3,1
317602,317602,317604,2,0
317602,317602,317604,2,0
317602,317602,317604,2,0
317602,317602,317604,2,0
317602,317602,317604,2,0
317602,317602,317603,1,0
317602,317602,317604,2,0
317602,317602,317604,2,0
317602,317602,317605,3,0
317602,317602,317604,2,0
317602,317602,317605,3,0
317602,317602,317605,3,0
317602,317602,317604,2,0
317602,317602,317605,3,0
317602,317602,317605,3,0
317602,317602,317604,2,0
317602,317602,317605,3,0
317602,317602,317605,3,0
317602,317602,317604,2,0
317602,317602,317605,3,0
317602,317602,317604,2,0
317602,317602,317605,3,0
317602,317602,317605,3,0
317602,317602,317605,3,0
317602,317602,317605,3,0
317602,317602,317604,2,0
317602,317602,317605,3,0
317602,317602,317605,3,0
317602,317602,317604,2,0
317602,317602,317605,3,0
317602,317602,317605,3,0
317602,317602,317604,2,0
317606,317606,317608,2,0
317606,317606,317608,2,0
317606,317606,317608,2,0
317606,317606,317608,2,0
317606,317606,317608,2,0
317606,317606,317609,3,0
317606,317606,317609,3,0
317606,317606,317609,3,0
317606,317606,317609,3,0
317606,317606,317609,3,0
317606,317606,317609,3,0
317606,317606,317609,3,0
317606,317606,317609,3,0
317606,317606,317609,3,0
317606,317606,317609,3,0
317606,317606,317609,3,0
317606,317606,317609,3,0
317606,317606,317609,3,0
317606,317606,317609,3,0
317606,317606,317609,3,0
317606,317606,317608,2,0
317606,317606,317609,3,0
317606,317606,317609,3,0
317606,317606,317609,3,0
317606,317606,317609,3,0
317606,317606,317609,3,0
317606,317606,317609,3,0
317606,317606,317609,3,0
317606,317606,317610,4,0
317606,317606,317610,4,0
317606,317606,317610,4,0
317606,317606,317610,4,0
317612,317612,317613,1,0
317612,317612,317614,2,0
317612,317612,317614,2,0
317612,317612,317614,2,0
317612,317612,317614,2,0
317612,317612,317615,3,0
317612,317612,317614,2,0
317612,317612,317615,3,0
317612,317612,317615,3,0
317612,317612,317614,2,0
317612,317612,317615,3,0
317612,317612,317615,3,0
317612,317612,317614,2,0
317612,317612,317614,2,0
317612,317612,317615,3,0
317612,317612,317614,2,0
317612,317612,317614,2,0
317612,317612,317615,3,0
317612,317612,317615,3,0
317612,317612,317615,3,0
317612,317612,317614,2,0
317612,317612,317614,2,0
317612,317612,317614,2,0
317612,317612,317615,3,0
317612,317612,317615,3,0
317612,317612,317615,3,0
317612,317612,317615,3,0
317612,317612,317614,2,0
317612,317612,317615,3,0
317612,317612,317615,3,0
317612,317612,317614,2,0
317612,317612,317615,3,0
317617,317617,317619,2,0
317617,317617,317618,1,0
317617,317617,317619,2,0
317617,317617,317620,3,0
317617,317617,317620,3,0
317617,317617,317620,3,0
317617,317617,317620,3,0
317617,317617,317620,3,0
317617,317617,317619,2,0
317617,317617,317619,2,0
317617,317617,317619,2,0
317617,317617,317619,2,0
317617,317617,317620,3,0
317617,317617,317620,3,0
317617,317617,317619,2,0
317617,317617,317620,3,0
317617,317617,317620,3,0
317617,317617,317620,3,0
317617,317617,317620,3,0
317617,317617,317620,3,0
317617,317617,317620,3,0
317617,317617,317620,3,0
317617,317617,317620,3,0
317617,317617,317620,3,0
317617,317617,317619,2,0
317617,317617,317620,3,0
317617,317617,317620,3,0
317617,317617,317620,3,0
317617,317617,317620,3,0
317617,317617,317620,3,0
317617,317617,317619,2,0
317617,317617,317620,3,0
317623,317623,317624,1,0
317623,317623,317624,1,0
317623,317623,317625,2,0
317623,317623,317624,1,0
317623,317623,317625,2,0
317623,317623,317625,2,0
317623,317623,317625,2,0
317623,317623,317625,2,0
317623,317623,317625,2,0
317623,317623,317625,2,0
317623,317623,317626,3,0
317623,317623,317625,2,0
317623,317623,317625,2,0
317623,317623,317625,2,0
317623,317623,317625,2,0
317623,317623,317625,2,0
317623,317623,317625,2,0
317623,317623,317625,2,0
317623,317623,317625,2,0
317623,317623,317625,2,0
317623,317623,317625,2,0
317623,317623,317625,2,0
317623,317623,317625,2,0
317623,317623,317626,3,0
317623,317623,317625,2,0
317623,317623,317625,2,0
317623,317623,317625,2,0
317623,317623,317625,2,0
317623,317623,317625,2,0
317623,317623,317625,2,0
317623,317623,317626,3,0
317623,317623,317625,2,0
317627,317627,317629,2,0
317627,317627,317629,2,0
317627,317627,317628,1,0
317627,317627,317629,2,0
317627,317627,317629,2,0
317627,317627,317629,2,0
317627,317627,317630,3,0
317627,317627,317630,3,0
317627,317627,317629,2,0
317627,317627,317630,3,0
317627,317627,317630,3,0
317627,317627,317629,2,0
317627,317627,317630,3,0
317627,317627,317630,3,0
317627,317627,317629,2,0
317627,317627,317630,3,0
317627,317627,317630,3,0
317627,317627,317630,3,0
317627,317627,317630,3,0
317627,317627,317630,3,0
317627,317627,317630,3,0
317627,317627,317630,3,0
317627,317627,317629,2,0
317627,317627,317630,3,0
317627,317627,317629,2,0
317627,317627,317629,2,0
317627,317627,317630,3,0
317627,317627,317630,3,0
317627,317627,317630,3,0
317627,317627,317630,3,0
317627,317627,317630,3,0
317627,317627,317629,2,0
317631,317632,317633,1,1
317631,317631,317633,2,0
317631,317632,317633,1,1
317631,317632,317633,1,1
317631,317632,317634,2,1
317631,317631,317633,2,0
317631,317632,317634,2,1
317631,317632,317634,2,1
317631,317632,317634,2,1
317631,317632,317634,2,1
317631,317632,317634,2,1
317631,317632,317634,2,1
317631,317632,317634,2,1
317631,317632,317634,2,1
317631,317632,317634,2,1
317631,317632,317634,2,1
317631,317632,317634,2,1
317631,317632,317634,2,1
317631,317632,317634,2,1
317631,317632,317634,2,1
317631,317632,317634,2,1
317631,317632,317634,2,1
317631,317632,317634,2,1
317631,317632,317634,2,1
317631,317632,317634,2,1
317631,317632,317634,2,1
317631,317632,317634,2,1
317631,317632,317634,2,1
317631,317632,317634,2,1
317631,317632,317634,2,1
317631,317632,317634,2,1
317631,317632,317635,3,1
317637,317637,317639,2,0
317637,317637,317638,1,0
317637,317637,317639,2,0
317637,317637,317638,1,0
317637,317637,317639,2,0
317637,317637,317639,2,0
317637,317637,317640,3,0
317637,317637,317639,2,0
317637,317637,317639,2,0
317637,317637,317639,2,0
317637,317637,317640,3,0
317637,317637,317639,2,0
317637,317637,317640,3,0
317637,317637,317639,2,0
317637,317637,317640,3,0
317637,317637,317640,3,0
317637,317637,317640,3,0
317637,317637,317640,3,0
317637,317637,317640,3,0
317637,317637,317639,2,0
317637,317637,317640,3,0
317637,317637,317640,3,0
317637,317637,317639,2,0
317637,317637,317640,3,0
317637,317637,317639,2,0
317637,317637,317639,2,0
317637,317637,317640,3,0
317637,317637,317639,2,0
317637,317637,317640,3,0
317637,317637,317640,3,0
317637,317637,317639,2,0
317637,317637,317640,3,0
317642,317642,317644,2,0
317642,317642,317643,1,0
317642,317642,317644,2,0
317642,317642,317644,2,0
317642,317642,317644,2,0
317642,317642,317644,2,0
317642,317642,317644,2,0
317642,317642,317645,3,0
317642,317642,317645,3,0
317642,317642,317645,3,0
317642,317642,317644,2,0
317642,317642,317645,3,0
317642,317642,317645,3,0
317642,317642,317645,3,0
317642,317642,317645,3,0
317642,317642,317645,3,0
317642,317642,317645,3,0
317642,317642,317644,2,0
317642,317642,317645,3,0
317642,317642,317645,3,0
317642,317642,317645,3,0
317642,317642,317644,2,0
317642,317642,317645,3,0
317642,317642,317645,3,0
317642,317642,317645,3,0
317642,317642,317645,3,0
317642,317642,317645,3,0
317642,317642,317645,3,0
317642,317642,317645,3,0
317642,317642,317645,3,0
317642,317642,317645,3,0
317642,317642,317645,3,0
317647,317647,317649,2,0
317647,317647,317648,1,0
317647,317647,317648,1,0
317647,317647,317649,2,0
317647,317647,317650,3,0
317647,317647,317649,2,0
317647,317647,317649,2,0
317647,317647,317649,2,0
317647,317647,317649,2,0
317647,317647,317650,3,0
317647,317647,317649,2,0
317647,317647,317649,2,0
317647,317647,317649,2,0
317647,317647,317649,2,0
317647,317647,317649,2,0
317647,317647,317649,2,0
317647,317647,317649,2,0
317647,317647,317649,2,0
317647,317647,317649,2,0
317647,317647,317650,3,0
317647,317647,317650,3,0
317647,317647,317649,2,0
317647,317647,317650,3,0
317647,317647,317649,2,0
317647,317647,317649,2,0
317647,317647,317650,3,0
317647,317647,317649,2,0
317647,317647,317649,2,0
317647,317647,317650,3,0
317647,317647,317649,2,0
317647,317647,317649,2,0
317647,317647,317650,3,0
317652,317652,317654,2,0
317652,317652,317654,2,0
317652,317652,317654,2,0
317652,317652,317654,2,0
317652,317652,317654,2,0
317652,317652,317654,2,0
317652,317652,317654,2,0
317652,317652,317655,3,0
317652,317652,317655,3,0
317652,317652,317654,2,0
317652,317652,317655,3,0
317652,317652,317655,3,0
317652,317652,317655,3,0
317652,317652,317655,3,0
317652,317652,317655,3,0
317652,317652,317655,3,0
317652,317652,317655,3,0
317652,317652,317655,3,0
317652,317652,317655,3,0
317652,317652,317655,3,0
317652,317652,317655,3,0
317652,317652,317655,3,0
317652,317652,317655,3,0
317652,317652,317655,3,0
317652,317652,317655,3,0
317652,317652,317655,3,0
317652,317652,317655,3,0
317652,317652,317655,3,0
317652,317652,317655,3,0
317652,317652,317655,3,0
317652,317652,317655,3,0
317652,317652,317655,3,0
317657,317657,317659,2,0
317657,317657,317659,2,0
317657,317657,317658,1,0
317657,317657,317659,2,0
317657,317657,317658,1,0
317657,317657,317659,2,0
317657,317657,317659,2,0
317657,317657,317659,2,0
317657,317657,317660,3,0
317657,317657,317659,2,0
317657,317657,317659,2,0
317657,317657,317660,3,0
317657,317657,317660,3,0
317657,317657,317659,2,0
317657,317657,317659,2,0
317657,317657,317659,2,0
317657,317657,317659,2,0
317657,317657,317659,2,0
317657,317657,317659,2,0
317657,317657,317659,2,0
317657,317657,317659,2,0
317657,317657,317659,2,0
317657,317657,317659,2,0
317657,317657,317660,3,0
317657,317657,317659,2,0
317657,317657,317659,2,0
317657,317657,317660,3,0
317657,317657,317660,3,0
317657,317657,317659,2,0
317657,317657,317660,3,0
317657,317657,317660,3,0
317657,317657,317659,2,0
317661,317661,317663,2,0
317661,317661,317663,2,0
317661,317661,317662,1,0
317661,317661,317662,1,0
317661,317661,317663,2,0
317661,317661,317663,2,0
317661,317661,317663,2,0
317661,317661,317663,2,0
317661,317661,317664,3,0
317661,317661,317664,3,0
317661,317661,317663,2,0
317661,317661,317664,3,0
317661,317661,317663,2,0
317661,317661,317664,3,0
317661,317661,317664,3,0
317661,317661,317663,2,0
317661,317661,317664,3,0
317661,317661,317664,3,0
317661,317661,317663,2,0
317661,317661,317664,3,0
317661,317661,317664,3,0
317661,317661,317664,3,0
317661,317661,317663,2,0
317661,317661,317664,3,0
317661,317661,317664,3,0
317661,317661,317664,3,0
317661,317661,317664,3,0
317661,317661,317664,3,0
317661,317661,317663,2,0
317661,317661,317664,3,0
317661,317661,317663,2,0
317661,317661,317663,2,0
317666,317666,317667,1,0
317666,317666,317667,1,0
317666,317666,317667,1,0
317666,317666,317667,1,0
317666,317666,317667,1,0
317666,317666,317667,1,0
317666,317666,317668,2,0
317666,317666,317668,2,0
317666,317666,317668,2,0
317666,317666,317668,2,0
317666,317666,317668,2,0
317666,317666,317668,2,0
317666,317666,317668,2,0
317666,317666,317668,2,0
317666,317666,317668,2,0
317666,317666,317668,2,0
317666,317666,317668,2,0
317666,317666,317668,2,0
317666,317666,317668,2,0
317666,317666,317668,2,0
317666,317666,317668,2,0
317666,317666,317668,2,0
317666,317666,317668,2,0
317666,317666,317668,2,0
317666,317666,317668,2,0
317666,317666,317668,2,0
317666,317666,317668,2,0
317666,317666,317668,2,0
317666,317666,317668,2,0
317666,317666,317668,2,0
317666,317666,317668,2,0
317666,317666,317668,2,0
317670,317670,317672,2,0
317670,317670,317672,2,0
317670,317670,317672,2,0
317670,317670,317672,2,0
317670,317670,317671,1,0
317670,317670,317671,1,0
317670,317670,317672,2,0
317670,317670,317672,2,0
317670,317670,317672,2,0
317670,317670,317672,2,0
317670,317670,317672,2,0
317670,317670,317672,2,0
317670,317670,317672,2,0
317670,317670,317672,2,0
317670,317670,317672,2,0
317670,317670,317672,2,0
317670,317670,317672,2,0
317670,317670,317672,2,0
317670,317670,317672,2,0
317670,317670,317672,2,0
317670,317670,317672,2,0
317670,317670,317672,2,0
317670,317670,317672,2,0
317670,317670,317672,2,0
317670,317670,317673,3,0
317670,317670,317672,2,0
317670,317670,317673,3,0
317670,317670,317673,3,0
317670,317670,317672,2,0
317670,317670,317673,3,0
317670,317670,317672,2,0
317670,317670,317672,2,0
317674,317674,317676,2,0
317674,317674,317676,2,0
317674,317674,317676,2,0
317674,317674,317676,2,0
317674,317674,317676,2,0
317674,317674,317676,2,0
317674,317674,317676,2,0
317674,317674,317677,3,0
317674,317674,317677,3,0
317674,317674,317677,3,0
317674,317674,317677,3,0
317674,317674,317677,3,0
317674,317674,317677,3,0
317674,317674,317677,3,0
317674,317674,317677,3,0
317674,317674,317677,3,0
317674,317674,317677,3,0
317674,317674,317677,3,0
317674,317674,317677,3,0
317674,317674,317677,3,0
317674,317674,317677,3,0
317674,317674,317677,3,0
317674,317674,317677,3,0
317674,317674,317677,3,0
317674,317674,317677,3,0
317674,317674,317677,3,0
317674,317674,317677,3,0
317674,317674,317677,3,0
317674,317674,317677,3,0
317674,317674,317677,3,0
317674,317674,317677,3,0
317674,317674,317678,4,0
317680,317680,317682,2,0
317680,317680,317682,2,0
317680,317680,317682,2,0
317680,317680,317681,1,0
317680,317680,317681,1,0
317680,317680,317682,2,0
317680,317680,317683,3,0
317680,317680,317682,2,0
317680,317680,317682,2,0
317680,317680,317682,2,0
317680,317680,317682,2,0
317680,317680,317682,2,0
317680,317680,317682,2,0
317680,317680,317682,2,0
317680,317680,317682,2,0
317680,317680,317683,3,0
317680,317680,317682,2,0
317680,317680,317682,2,0
317680,317680,317682,2,0
317680,317680,317683,3,0
317680,317680,317682,2,0
317680,317680,317682,2,0
317680,317680,317682,2,0
317680,317680,317682,2,0
317680,317680,317683,3,0
317680,317680,317682,2,0
317680,317680,317682,2,0
317680,317680,317682,2,0
317680,317680,317682,2,0
317680,317680,317682,2,0
317680,317680,317683,3,0
317680,317680,317683,3,0
317684,317684,317685,1,0
317684,317684,317686,2,0
317684,317684,317686,2,0
317684,317684,317686,2,0
317684,317684,317685,1,0
317684,317684,317687,3,0
317684,317684,317686,2,0
317684,317684,317687,3,0
317684,317684,317686,2,0
317684,317684,317686,2,0
317684,317684,317686,2,0
317684,317684,317686,2,0
317684,317684,317687,3,0
317684,317684,317686,2,0
317684,317684,317686,2,0
317684,317684,317686,2,0
317684,317684,317686,2,0
317684,317684,317687,3,0
317684,317684,317686,2,0
317684,317684,317686,2,0
317684,317684,317686,2,0
317684,317684,317687,3,0
317684,317684,317686,2,0
317684,317684,317686,2,0
317684,317684,317686,2,0
317684,317684,317687,3,0
317684,317684,317687,3,0
317684,317684,317686,2,0
317684,317684,317687,3,0
317684,317684,317686,2,0
317684,317684,317686,2,0
317684,317684,317687,3,0
317689,317689,317691,2,0
317689,317689,317691,2,0
317689,317689,317691,2,0
317689,317689,317691,2,0
317689,317689,317691,2,0
317689,317689,317691,2,0
317689,317689,317691,2,0
317689,317689,317691,2,0
317689,317689,317691,2,0
317689,317689,317691,2,0
317689,317689,317691,2,0
317689,317689,317692,3,0
317689,317689,317692,3,0
317689,317689,317691,2,0
317689,317689,317691,2,0
317689,317689,317692,3,0
317689,317689,317692,3,0
317689,317689,317692,3,0
317689,317689,317692,3,0
317689,317689,317692,3,0
317689,317689,317692,3,0
317689,317689,317692,3,0
317689,317689,317692,3,0
317689,317689,317692,3,0
317689,317689,317692,3,0
317689,317689,317692,3,0
317689,317689,317692,3,0
317689,317689,317691,2,0
317689,317689,317692,3,0
317689,317689,317692,3,0
317689,317689,317692,3,0
317689,317689,317692,3,0
317694,317694,317696,2,0
317694,317694,317696,2,0
317694,317694,317696,2,0
317694,317694,317696,2,0
317694,317694,317696,2,0
317694,317694,317697,3,0
317694,317694,317697,3,0
317694,317694,317696,2,0
317694,317694,317697,3,0
317694,317694,317697,3,0
317694,317694,317697,3,0
317694,317694,317697,3,0
317694,317694,317697,3,0
317694,317694,317697,3,0
317694,317694,317697,3,0
317694,317694,317697,3,0
317694,317694,317697,3,0
317694,317694,317697,3,0
317694,317694,317697,3,0
317694,317694,317696,2,0
317694,317694,317697,3,0
317694,317694,317697,3,0
317694,317694,317697,3,0
317694,317694,317697,3,0
317694,317694,317697,3,0
317694,317694,317697,3,0
317694,317694,317697,3,0
317694,317694,317697,3,0
317694,317694,317697,3,0
317694,317694,317697,3,0
317694,317694,317698,4,0
317694,317694,317698,4,0
317700,317700,317702,2,0
317700,317700,317702,2,0
317700,317700,317701,1,0
317700,317700,317702,2,0
317700,317700,317702,2,0
317700,317700,317702,2,0
317700,317700,317701,1,0
317700,317700,317702,2,0
317700,317700,317703,3,0
317700,317700,317702,2,0
317700,317700,317702,2,0
317700,317700,317702,2,0
317700,317700,317702,2,0
317700,317700,317702,2,0
317700,317700,317702,2,0
317700,317700,317702,2,0
317700,317700,317702,2,0
317700,317700,317702,2,0
317700,317700,317702,2,0
317700,317700,317702,2,0
317700,317700,317703,3,0
317700,317700,317702,2,0
317700,317700,317703,3,0
317700,317700,317702,2,0
317700,317700,317703,3,0
317700,317700,317703,3,0
317700,317700,317702,2,0
317700,317700,317703,3,0
317700,317700,317703,3,0
317700,317700,317703,3,0
317700,317700,317702,2,0
317700,317700,317702,2,0
317704,317704,317706,2,0
317704,317704,317706,2,0
317704,317704,317705,1,0
317704,317704,317705,1,0
317704,317704,317706,2,0
317704,317704,317706,2,0
317704,317704,317706,2,0
317704,317704,317707,3,0
317704,317704,317707,3,0
317704,317704,317706,2,0
317704,317704,317707,3,0
317704,317704,317706,2,0
317704,317704,317707,3,0
317704,317704,317707,3,0
317704,317704,317707,3,0
317704,317704,317707,3,0
317704,317704,317706,2,0
317704,317704,317706,2,0
317704,317704,317706,2,0
317704,317704,317707,3,0
317704,317704,317706,2,0
317704,317704,317706,2,0
317704,317704,317706,2,0
317704,317704,317706,2,0
317704,317704,317707,3,0
317704,317704,317707,3,0
317704,317704,317706,2,0
317704,317704,317707,3,0
317704,317704,317707,3,0
317704,317704,317707,3,0
317704,317704,317707,3,0
317704,317704,317707,3,0
317709,317709,317711,2,0
317709,317709,317711,2,0
317709,317709,317711,2,0
317709,317709,317711,2,0
317709,317709,317712,3,0
317709,317709,317712,3,0
317709,317709,317711,2,0
317709,317709,317711,2,0
317709,317709,317712,3,0
317709,317709,317712,3,0
317709,317709,317712,3,0
317709,317709,317712,3,0
317709,317709,317712,3,0
317709,317709,317712,3,0
317709,317709,317712,3,0
317709,317709,317712,3,0
317709,317709,317712,3,0
317709,317709,317712,3,0
317709,317709,317712,3,0
317709,317709,317712,3,0
317709,317709,317712,3,0
317709,317709,317712,3,0
317709,317709,317712,3,0
317709,317709,317712,3,0
317709,317709,317712,3,0
317709,317709,317712,3,0
317709,317709,317712,3,0
317709,317709,317712,3,0
317709,317709,317712,3,0
317709,317709,317713,4,0
317709,317709,317713,4,0
317709,317709,317713,4,0
317715,317715,317717,2,0
317715,317715,317716,1,0
317715,317715,317717,2,0
317715,317715,317717,2,0
317715,317715,317717,2,0
317715,317715,317717,2,0
317715,317715,317717,2,0
317715,317715,317718,3,0
317715,317715,317717,2,0
317715,317715,317718,3,0
317715,317715,317717,2,0
317715,317715,317718,3,0
317715,317715,317717,2,0
317715,317715,317718,3,0
317715,317715,317717,2,0
317715,317715,317718,3,0
317715,317715,317718,3,0
317715,317715,317718,3,0
317715,317715,317718,3,0
317715,317715,317718,3,0
317715,317715,317718,3,0
317715,317715,317718,3,0
317715,317715,317717,2,0
317715,317715,317717,2,0
317715,317715,317718,3,0
317715,317715,317718,3,0
317715,317715,317718,3,0
317715,317715,317717,2,0
317715,317715,317718,3,0
317715,317715,317719,4,0
317715,317715,317718,3,0
317715,317715,317718,3,0
317720,317720,317722,2,0
317720,317720,317722,2,0
317720,317720,317722,2,0
317720,317720,317722,2,0
317720,317720,317723,3,0
317720,317720,317723,3,0
317720,317720,317723,3,0
317720,317720,317723,3,0
317720,317720,317723,3,0
317720,317720,317723,3,0
317720,317720,317723,3,0
317720,317720,317723,3,0
317720,317720,317723,3,0
317720,317720,317723,3,0
317720,317720,317723,3,0
317720,317720,317723,3,0
317720,317720,317722,2,0
317720,317720,317723,3,0
317720,317720,317722,2,0
317720,317720,317723,3,0
317720,317720,317723,3,0
317720,317720,317723,3,0
317720,317720,317723,3,0
317720,317720,317723,3,0
317720,317720,317723,3,0
317720,317720,317723,3,0
317720,317720,317723,3,0
317720,317720,317723,3,0
317720,317720,317724,4,0
317720,317720,317724,4,0
317720,317720,317724,4,0
317720,317720,317724,4,0
317726,317726,317727,1,0
317726,317726,317728,2,0
317726,317726,317727,1,0
317726,317726,317728,2,0
317726,317726,317727,1,0
317726,317726,317728,2,0
317726,317726,317728,2,0
317726,317726,317728,2,0
317726,317726,317728,2,0
317726,317726,317728,2,0
317726,317726,317728,2,0
317726,317726,317728,2,0
317726,317726,317728,2,0
317726,317726,317729,3,0
317726,317726,317728,2,0
317726,317726,317728,2,0
317726,317726,317728,2,0
317726,317726,317728,2,0
317726,317726,317728,2,0
317726,317726,317728,2,0
317726,317726,317728,2,0
317726,317726,317729,3,0
317726,317726,317728,2,0
317726,317726,317728,2,0
317726,317726,317728,2,0
317726,317726,317728,2,0
317726,317726,317728,2,0
317726,317726,317728,2,0
317726,317726,317728,2,0
317726,317726,317728,2,0
317726,317726,317729,3,0
317726,317726,317729,3,0
317731,317731,317733,2,0
317731,317731,317733,2,0
317731,317731,317733,2,0
317731,317731,317733,2,0
317731,317731,317733,2,0
317731,317731,317732,1,0
317731,317731,317733,2,0
317731,317731,317734,3,0
317731,317731,317734,3,0
317731,317731,317734,3,0
317731,317731,317733,2,0
317731,317731,317734,3,0
317731,317731,317734,3,0
317731,317731,317733,2,0
317731,317731,317734,3,0
317731,317731,317734,3,0
317731,317731,317733,2,0
317731,317731,317734,3,0
317731,317731,317734,3,0
317731,317731,317734,3,0
317731,317731,317733,2,0
317731,317731,317734,3,0
317731,317731,317734,3,0
317731,317731,317734,3,0
317731,317731,317734,3,0
317731,317731,317734,3,0
317731,317731,317734,3,0
317731,317731,317734,3,0
317731,317731,317734,3,0
317731,317731,317734,3,0
317731,317731,317733,2,0
317731,317731,317734,3,0
317736,317736,317738,2,0
317736,317736,317738,2,0
317736,317736,317738,2,0
317736,317736,317738,2,0
317736,317736,317737,1,0
317736,317736,317737,1,0
317736,317736,317738,2,0
317736,317736,317738,2,0
317736,317736,317738,2,0
317736,317736,317739,3,0
317736,317736,317739,3,0
317736,317736,317738,2,0
317736,317736,317738,2,0
317736,317736,317738,2,0
317736,317736,317739,3,0
317736,317736,317739,3,0
317736,317736,317739,3,0
317736,317736,317739,3,0
317736,317736,317738,2,0
317736,317736,317739,3,0
317736,317736,317739,3,0
317736,317736,317739,3,0
317736,317736,317739,3,0
317736,317736,317739,3,0
317736,317736,317738,2,0
317736,317736,317738,2,0
317736,317736,317739,3,0
317736,317736,317738,2,0
317736,317736,317739,3,0
317736,317736,317739,3,0
317736,317736,317739,3,0
317736,317736,317740,4,0
317742,317742,317743,1,0
317742,317742,317744,2,0
317742,317742,317744,2,0
317742,317742,317743,1,0
317742,317742,317743,1,0
317742,317742,317743,1,0
317742,317742,317743,1,0
317742,317742,317744,2,0
317742,317742,317744,2,0
317742,317742,317744,2,0
317742,317742,317744,2,0
317742,317742,317744,2,0
317742,317742,317744,2,0
317742,317742,317744,2,0
317742,317742,317744,2,0
317742,317742,317744,2,0
317742,317742,317744,2,0
317742,317742,317744,2,0
317742,317742,317744,2,0
317742,317742,317744,2,0
317742,317742,317744,2,0
317742,317742,317744,2,0
317742,317742,317745,3,0
317742,317742,317745,3,0
317742,317742,317745,3,0
317742,317742,317744,2,0
317742,317742,317744,2,0
317742,317742,317744,2,0
317742,317742,317744,2,0
317742,317742,317744,2,0
317742,317742,317744,2,0
317742,317742,317745,3,0
317747,317747,317749,2,0
317747,317747,317749,2,0
317747,317747,317749,2,0
317747,317747,317749,2,0
317747,317747,317749,2,0
317747,317747,317750,3,0
317747,317747,317750,3,0
317747,317747,317750,3,0
317747,317747,317750,3,0
317747,317747,317750,3,0
317747,317747,317750,3,0
317747,317747,317749,2,0
317747,317747,317750,3,0
317747,317747,317750,3,0
317747,317747,317750,3,0
317747,317747,317750,3,0
317747,317747,317750,3,0
317747,317747,317749,2,0
317747,317747,317750,3,0
317747,317747,317750,3,0
317747,317747,317750,3,0
317747,317747,317750,3,0
317747,317747,317750,3,0
317747,317747,317750,3,0
317747,317747,317750,3,0
317747,317747,317750,3,0
317747,317747,317750,3,0
317747,317747,317750,3,0
317747,317747,317750,3,0
317747,317747,317751,4,0
317747,317747,317750,3,0
317747,317747,317750,3,0
317753,317753,317754,1,0
317753,317753,317754,1,0
317753,317753,317754,1,0
317753,317753,317754,1,0
317753,317753,317754,1,0
317753,317753,317755,2,0
317753,317753,317755,2,0
317753,317753,317755,2,0
317753,317753,317755,2,0
317753,317753,317755,2,0
317753,317753,317755,2,0
317753,317753,317755,2,0
317753,317753,317755,2,0
317753,317753,317755,2,0
317753,317753,317756,3,0
317753,317753,317755,2,0
317753,317753,317755,2,0
317753,317753,317756,3,0
317753,317753,317755,2,0
317753,317753,317755,2,0
317753,317753,317755,2,0
317753,317753,317755,2,0
317753,317753,317755,2,0
317753,317753,317755,2,0
317753,317753,317756,3,0
317753,317753,317755,2,0
317753,317753,317755,2,0
317753,317753,317755,2,0
317753,317753,317755,2,0
317753,317753,317755,2,0
317753,317753,317756,3,0
317753,317753,317756,3,0
317758,317758,317760,2,0
317758,317758,317760,2,0
317758,317758,317760,2,0
317758,317758,317760,2,0
317758,317758,317761,3,0
317758,317758,317760,2,0
317758,317758,317761,3,0
317758,317758,317760,2,0
317758,317758,317760,2,0
317758,317758,317761,3,0
317758,317758,317761,3,0
317758,317758,317761,3,0
317758,317758,317761,3,0
317758,317758,317761,3,0
317758,317758,317760,2,0
317758,317758,317761,3,0
317758,317758,317761,3,0
317758,317758,317761,3,0
317758,317758,317760,2,0
317758,317758,317761,3,0
317758,317758,317761,3,0
317758,317758,317761,3,0
317758,317758,317761,3,0
317758,317758,317761,3,0
317758,317758,317761,3,0
317758,317758,317760,2,0
317758,317758,317760,2,0
317758,317758,317761,3,0
317758,317758,317761,3,0
317758,317758,317760,2,0
317758,317758,317761,3,0
317758,317758,317762,4,0
317764,317764,317765,1,0
317764,317764,317766,2,0
317764,317764,317765,1,0
317764,317764,317765,1,0
317764,317764,317765,1,0
317764,317764,317766,2,0
317764,317764,317766,2,0
317764,317764,317766,2,0
317764,317764,317766,2,0
317764,317764,317766,2,0
317764,317764,317766,2,0
317764,317764,317766,2,0
317764,317764,317766,2,0
317764,317764,317766,2,0
317764,317764,317766,2,0
317764,317764,317766,2,0
317764,317764,317766,2,0
317764,317764,317766,2,0
317764,317764,317766,2,0
317764,317764,317767,3,0
317764,317764,317766,2,0
317764,317764,317766,2,0
317764,317764,317766,2,0
317764,317764,317766,2,0
317764,317764,317766,2,0
317764,317764,317766,2,0
317764,317764,317766,2,0
317764,317764,317767,3,0
317764,317764,317766,2,0
317764,317764,317766,2,0
317764,317764,317767,3,0
317764,317764,317767,3,0
317769,317769,317771,2,0
317769,317769,317771,2,0
317769,317769,317770,1,0
317769,317769,317771,2,0
317769,317769,317771,2,0
317769,317769,317771,2,0
317769,317769,317771,2,0
317769,317769,317771,2,0
317769,317769,317771,2,0
317769,317769,317771,2,0
317769,317769,317771,2,0
317769,317769,317771,2,0
317769,317769,317772,3,0
317769,317769,317771,2,0
317769,317769,317771,2,0
317769,317769,317772,3,0
317769,317769,317772,3,0
317769,317769,317772,3,0
317769,317769,317771,2,0
317769,317769,317772,3,0
317769,317769,317772,3,0
317769,317769,317771,2,0
317769,317769,317772,3,0
317769,317769,317772,3,0
317769,317769,317772,3,0
317769,317769,317772,3,0
317769,317769,317772,3,0
317769,317769,317772,3,0
317769,317769,317771,2,0
317769,317769,317772,3,0
317769,317769,317772,3,0
317769,317769,317773,4,0
317774,317774,317776,2,0
317774,317774,317776,2,0
317774,317774,317776,2,0
317774,317774,317776,2,0
317774,317774,317776,2,0
317774,317774,317777,3,0
317774,317774,317776,2,0
317774,317774,317777,3,0
317774,317774,317777,3,0
317774,317774,317777,3,0
317774,317774,317777,3,0
317774,317774,317776,2,0
317774,317774,317777,3,0
317774,317774,317777,3,0
317774,317774,317777,3,0
317774,317774,317777,3,0
317774,317774,317777,3,0
317774,317774,317777,3,0
317774,317774,317777,3,0
317774,317774,317777,3,0
317774,317774,317777,3,0
317774,317774,317777,3,0
317774,317774,317777,3,0
317774,317774,317777,3,0
317774,317774,317777,3,0
317774,317774,317777,3,0
317774,317774,317777,3,0
317774,317774,317777,3,0
317774,317774,317777,3,0
317774,317774,317777,3,0
317774,317774,317778,4,0
317774,317774,317777,3,0
317780,317780,317782,2,0
317780,317780,317782,2,0
317780,317780,317781,1,0
317780,317780,317782,2,0
317780,317780,317782,2,0
317780,317780,317781,1,0
317780,317780,317781,1,0
317780,317780,317782,2,0
317780,317780,317782,2,0
317780,317780,317782,2,0
317780,317780,317782,2,0
317780,317780,317783,3,0
317780,317780,317782,2,0
317780,317780,317782,2,0
317780,317780,317782,2,0
317780,317780,317782,2,0
317780,317780,317782,2,0
317780,317780,317782,2,0
317780,317780,317782,2,0
317780,317780,317782,2,0
317780,317780,317783,3,0
317780,317780,317782,2,0
317780,317780,317782,2,0
317780,317780,317782,2,0
317780,317780,317782,2,0
317780,317780,317782,2,0
317780,317780,317783,3,0
317780,317780,317782,2,0
317780,317780,317782,2,0
317780,317780,317782,2,0
317780,317780,317782,2,0
317780,317780,317782,2,0
317784,317784,317786,2,0
317784,317784,317786,2,0
317784,317784,317786,2,0
317784,317784,317786,2,0
317784,317784,317786,2,0
317784,317784,317786,2,0
317784,317784,317786,2,0
317784,317784,317786,2,0
317784,317784,317786,2,0
317784,317784,317786,2,0
317784,317784,317786,2,0
317784,317784,317786,2,0
317784,317784,317786,2,0
317784,317784,317786,2,0
317784,317784,317786,2,0
317784,317784,317786,2,0
317784,317784,317786,2,0
317784,317784,317786,2,0
317784,317784,317787,3,0
317784,317784,317786,2,0
317784,317784,317786,2,0
317784,317784,317786,2,0
317784,317784,317787,3,0
317784,317784,317786,2,0
317784,317784,317786,2,0
317784,317784,317786,2,0
317784,317784,317786,2,0
317784,317784,317787,3,0
317784,317784,317787,3,0
317784,317784,317787,3,0
317784,317784,317787,3,0
317784,317784,317787,3,0
317789,317789,317791,2,0
317789,317789,317791,2,0
317789,317789,317791,2,0
317789,317789,317790,1,0
317789,317789,317790,1,0
317789,317789,317790,1,0
317789,317789,317790,1,0
317789,317789,317791,2,0
317789,317789,317790,1,0
317789,317789,317791,2,0
317789,317789,317791,2,0
317789,317789,317791,2,0
317789,317789,317791,2,0
317789,317789,317791,2,0
317789,317789,317791,2,0
317789,317789,317791,2,0
317789,317789,317791,2,0
317789,317789,317791,2,0
317789,317789,317791,2,0
317789,317789,317791,2,0
317789,317789,317791,2,0
317789,317789,317791,2,0
317789,317789,317791,2,0
317789,317789,317791,2,0
317789,317789,317791,2,0
317789,317789,317791,2,0
317789,317789,317791,2,0
317789,317789,317791,2,0
317789,317789,317791,2,0
317789,317789,317792,3,0
317789,317789,317791,2,0
317789,317789,317791,2,0
317793,317793,317795,2,0
317793,317793,317795,2,0
317793,317793,317795,2,0
317793,317793,317795,2,0
317793,317793,317795,2,0
317793,317793,317794,1,0
317793,317793,317794,1,0
317793,317793,317794,1,0
317793,317793,317795,2,0
317793,317793,317794,1,0
317793,317793,317794,1,0
317793,317793,317794,1,0
317793,317793,317795,2,0
317793,317793,317795,2,0
317793,317793,317795,2,0
317793,317793,317795,2,0
317793,317793,317795,2,0
317793,317793,317795,2,0
317793,317793,317795,2,0
317793,317793,317795,2,0
317793,317793,317795,2,0
317793,317793,317795,2,0
317793,317793,317795,2,0
317793,317793,317795,2,0
317793,317793,317795,2,0
317793,317793,317795,2,0
317793,317793,317795,2,0
317793,317793,317795,2,0
317793,317793,317795,2,0
317793,317793,317795,2,0
317793,317793,317795,2,0
317793,317793,317795,2,0
317797,317797,317799,2,0
317797,317797,317799,2,0
317797,317797,317798,1,0
317797,317797,317799,2,0
317797,317797,317798,1,0
317797,317797,317800,3,0
317797,317797,317799,2,0
317797,317797,317800,3,0
317797,317797,317799,2,0
317797,317797,317799,2,0
317797,317797,317799,2,0
317797,317797,317799,2,0
317797,317797,317800,3,0
317797,317797,317800,3,0
317797,317797,317800,3,0
317797,317797,317800,3,0
317797,317797,317799,2,0
317797,317797,317799,2,0
317797,317797,317800,3,0
317797,317797,317799,2,0
317797,317797,317800,3,0
317797,317797,317800,3,0
317797,317797,317800,3,0
317797,317797,317800,3,0
317797,317797,317799,2,0
317797,317797,317799,2,0
317797,317797,317799,2,0
317797,317797,317800,3,0
317797,317797,317800,3,0
317797,317797,317800,3,0
317797,317797,317800,3,0
317797,317797,317800,3,0
317801,317802,317803,1,1
317801,317802,317803,1,1
317801,317802,317803,1,1
317801,317802,317803,1,1
317801,317802,317803,1,1
317801,317802,317804,2,1
317801,317802,317803,1,1
317801,317802,317804,2,1
317801,317802,317803,1,1
317801,317802,317803,1,1
317801,317802,317803,1,1
317801,317802,317803,1,1
317801,317802,317804,2,1
317801,317802,317803,1,1
317801,317802,317804,2,1
317801,317802,317804,2,1
317801,317802,317804,2,1
317801,317802,317804,2,1
317801,317802,317804,2,1
317801,317802,317804,2,1
317801,317802,317804,2,1
317801,317802,317804,2,1
317801,317802,317804,2,1
317801,317802,317804,2,1
317801,317802,317804,2,1
317801,317802,317804,2,1
317801,317802,317804,2,1
317801,317802,317804,2,1
317801,317802,317804,2,1
317801,317802,317804,2,1
317801,317802,317804,2,1
317801,317802,317804,2,1
317806,317806,317808,2,0
317806,317806,317808,2,0
317806,317806,317808,2,0
317806,317806,317807,1,0
317806,317806,317808,2,0
317806,317806,317808,2,0
317806,317806,317808,2,0
317806,317806,317808,2,0
317806,317806,317809,3,0
317806,317806,317809,3,0
317806,317806,317808,2,0
317806,317806,317808,2,0
317806,317806,317809,3,0
317806,317806,317809,3,0
317806,317806,317808,2,0
317806,317806,317809,3,0
317806,317806,317808,2,0
317806,317806,317808,2,0
317806,317806,317809,3,0
317806,317806,317809,3,0
317806,317806,317808,2,0
317806,317806,317808,2,0
317806,317806,317809,3,0
317806,317806,317809,3,0
317806,317806,317808,2,0
317806,317806,317809,3,0
317806,317806,317808,2,0
317806,317806,317808,2,0
317806,317806,317808,2,0
317806,317806,317809,3,0
317806,317806,317808,2,0
317806,317806,317808,2,0
317810,317810,317812,2,0
317810,317810,317812,2,0
317810,317810,317812,2,0
317810,317810,317812,2,0
317810,317810,317812,2,0
317810,317810,317812,2,0
317810,317810,317813,3,0
317810,317810,317813,3,0
317810,317810,317813,3,0
317810,317810,317813,3,0
317810,317810,317813,3,0
317810,317810,317813,3,0
317810,317810,317813,3,0
317810,317810,317813,3,0
317810,317810,317813,3,0
317810,317810,317813,3,0
317810,317810,317812,2,0
317810,317810,317813,3,0
317810,317810,317813,3,0
317810,317810,317813,3,0
317810,317810,317813,3,0
317810,317810,317813,3,0
317810,317810,317813,3,0
317810,317810,317813,3,0
317810,317810,317813,3,0
317810,317810,317813,3,0
317810,317810,317813,3,0
317810,317810,317813,3,0
317810,317810,317813,3,0
317810,317810,317813,3,0
317810,317810,317813,3,0
317810,317810,317813,3,0
317815,317815,317817,2,0
317815,317815,317817,2,0
317815,317815,317816,1,0
317815,317815,317817,2,0
317815,317815,317816,1,0
317815,317815,317817,2,0
317815,317815,317817,2,0
317815,317815,317817,2,0
317815,317815,317817,2,0
317815,317815,317817,2,0
317815,317815,317818,3,0
317815,317815,317817,2,0
317815,317815,317818,3,0
317815,317815,317817,2,0
317815,317815,317817,2,0
317815,317815,317817,2,0
317815,317815,317817,2,0
317815,317815,317817,2,0
317815,317815,317817,2,0
317815,317815,317817,2,0
317815,317815,317818,3,0
317815,317815,317817,2,0
317815,317815,317817,2,0
317815,317815,317818,3,0
317815,317815,317817,2,0
317815,317815,317817,2,0
317815,317815,317817,2,0
317815,317815,317818,3,0
317815,317815,317817,2,0
317815,317815,317817,2,0
317815,317815,317818,3,0
317815,317815,317817,2,0
317819,317819,317821,2,0
317819,317819,317821,2,0
317819,317819,317821,2,0
317819,317819,317821,2,0
317819,317819,317820,1,0
317819,317819,317821,2,0
317819,317819,317821,2,0
317819,317819,317821,2,0
317819,317819,317822,3,0
317819,317819,317822,3,0
317819,317819,317822,3,0
317819,317819,317822,3,0
317819,317819,317822,3,0
317819,317819,317821,2,0
317819,317819,317821,2,0
317819,317819,317822,3,0
317819,317819,317822,3,0
317819,317819,317822,3,0
317819,317819,317822,3,0
317819,317819,317821,2,0
317819,317819,317822,3,0
317819,317819,317822,3,0
317819,317819,317822,3,0
317819,317819,317822,3,0
317819,317819,317821,2,0
317819,317819,317822,3,0
317819,317819,317822,3,0
317819,317819,317821,2,0
317819,317819,317821,2,0
317819,317819,317822,3,0
317819,317819,317822,3,0
317819,317819,317821,2,0
317824,317824,317825,1,0
317824,317824,317825,1,0
317824,317824,317825,1,0
317824,317824,317825,1,0
317824,317824,317825,1,0
317824,317824,317826,2,0
317824,317824,317826,2,0
317824,317824,317826,2,0
317824,317824,317826,2,0
317824,317824,317826,2,0
317824,317824,317826,2,0
317824,317824,317826,2,0
317824,317824,317826,2,0
317824,317824,317826,2,0
317824,317824,317826,2,0
317824,317824,317826,2,0
317824,317824,317826,2,0
317824,317824,317827,3,0
317824,317824,317826,2,0
317824,317824,317826,2,0
317824,317824,317826,2,0
317824,317824,317826,2,0
317824,317824,317826,2,0
317824,317824,317827,3,0
317824,317824,317826,2,0
317824,317824,317826,2,0
317824,317824,317827,3,0
317824,317824,317826,2,0
317824,317824,317826,2,0
317824,317824,317826,2,0
317824,317824,317826,2,0
317824,317824,317826,2,0
317828,317828,317830,2,0
317828,317828,317830,2,0
317828,317828,317829,1,0
317828,317828,317829,1,0
317828,317828,317830,2,0
317828,317828,317831,3,0
317828,317828,317830,2,0
317828,317828,317830,2,0
317828,317828,317831,3,0
317828,317828,317831,3,0
317828,317828,317830,2,0
317828,317828,317830,2,0
317828,317828,317830,2,0
317828,317828,317830,2,0
317828,317828,317830,2,0
317828,317828,317830,2,0
317828,317828,317831,3,0
317828,317828,317830,2,0
317828,317828,317831,3,0
317828,317828,317831,3,0
317828,317828,317831,3,0
317828,317828,317831,3,0
317828,317828,317830,2,0
317828,317828,317831,3,0
317828,317828,317831,3,0
317828,317828,317831,3,0
317828,317828,317831,3,0
317828,317828,317831,3,0
317828,317828,317831,3,0
317828,317828,317831,3,0
317828,317828,317831,3,0
317828,317828,317831,3,0
317833,317834,317835,1,1
317833,317834,317835,1,1
317833,317834,317835,1,1
317833,317834,317835,1,1
317833,317834,317835,1,1
317833,317834,317835,1,1
317833,317834,317835,1,1
317833,317834,317836,2,1
317833,317834,317836,2,1
317833,317834,317836,2,1
317833,317834,317836,2,1
317833,317834,317836,2,1
317833,317834,317836,2,1
317833,317834,317836,2,1
317833,317834,317836,2,1
317833,317834,317836,2,1
317833,317834,317836,2,1
317833,317834,317836,2,1
317833,317834,317836,2,1
317833,317834,317836,2,1
317833,317834,317837,3,1
317833,317834,317836,2,1
317833,317834,317836,2,1
317833,317834,317836,2,1
317833,317834,317837,3,1
317833,317834,317836,2,1
317833,317834,317836,2,1
317833,317834,317836,2,1
317833,317834,317836,2,1
317833,317834,317836,2,1
317833,317834,317836,2,1
317833,317834,317836,2,1
317838,317838,317840,2,0
317838,317838,317840,2,0
317838,317838,317840,2,0
317838,317838,317840,2,0
317838,317838,317840,2,0
317838,317838,317840,2,0
317838,317838,317840,2,0
317838,317838,317841,3,0
317838,317838,317841,3,0
317838,317838,317840,2,0
317838,317838,317841,3,0
317838,317838,317841,3,0
317838,317838,317840,2,0
317838,317838,317841,3,0
317838,317838,317841,3,0
317838,317838,317841,3,0
317838,317838,317841,3,0
317838,317838,317841,3,0
317838,317838,317841,3,0
317838,317838,317841,3,0
317838,317838,317841,3,0
317838,317838,317841,3,0
317838,317838,317841,3,0
317838,317838,317841,3,0
317838,317838,317841,3,0
317838,317838,317841,3,0
317838,317838,317841,3,0
317838,317838,317841,3,0
317838,317838,317841,3,0
317838,317838,317841,3,0
317838,317838,317841,3,0
317838,317838,317842,4,0
317843,317844,317845,1,1
317843,317844,317845,1,1
317843,317844,317845,1,1
317843,317844,317845,1,1
317843,317844,317845,1,1
317843,317844,317845,1,1
317843,317844,317845,1,1
317843,317844,317845,1,1
317843,317844,317846,2,1
317843,317844,317846,2,1
317843,317844,317846,2,1
317843,317844,317846,2,1
317843,317844,317846,2,1
317843,317844,317846,2,1
317843,317844,317846,2,1
317843,317844,317846,2,1
317843,317844,317846,2,1
317843,317844,317846,2,1
317843,317844,317846,2,1
317843,317844,317846,2,1
317843,317844,317846,2,1
317843,317844,317846,2,1
317843,317844,317846,2,1
317843,317844,317846,2,1
317843,317844,317846,2,1
317843,317844,317846,2,1
317843,317844,317846,2,1
317843,317844,317846,2,1
317843,317844,317846,2,1
317843,317844,317846,2,1
317843,317844,317846,2,1
317843,317844,317847,3,1
317849,317849,317850,1,0
317849,317849,317851,2,0
317849,317849,317851,2,0
317849,317849,317851,2,0
317849,317849,317850,1,0
317849,317849,317850,1,0
317849,317849,317852,3,0
317849,317849,317852,3,0
317849,317849,317852,3,0
317849,317849,317851,2,0
317849,317849,317851,2,0
317849,317849,317851,2,0
317849,317849,317852,3,0
317849,317849,317852,3,0
317849,317849,317852,3,0
317849,317849,317852,3,0
317849,317849,317851,2,0
317849,317849,317852,3,0
317849,317849,317852,3,0
317849,317849,317852,3,0
317849,317849,317851,2,0
317849,317849,317851,2,0
317849,317849,317851,2,0
317849,317849,317851,2,0
317849,317849,317852,3,0
317849,317849,317852,3,0
317849,317849,317851,2,0
317849,317849,317852,3,0
317849,317849,317852,3,0
317849,317849,317852,3,0
317849,317849,317853,4,0
317849,317849,317852,3,0
317854,317854,317856,2,0
317854,317854,317856,2,0
317854,317854,317856,2,0
317854,317854,317856,2,0
317854,317854,317856,2,0
317854,317854,317856,2,0
317854,317854,317856,2,0
317854,317854,317856,2,0
317854,317854,317856,2,0
317854,317854,317856,2,0
317854,317854,317856,2,0
317854,317854,317857,3,0
317854,317854,317857,3,0
317854,317854,317857,3,0
317854,317854,317857,3,0
317854,317854,317856,2,0
317854,317854,317857,3,0
317854,317854,317857,3,0
317854,317854,317857,3,0
317854,317854,317857,3,0
317854,317854,317857,3,0
317854,317854,317857,3,0
317854,317854,317857,3,0
317854,317854,317857,3,0
317854,317854,317857,3,0
317854,317854,317857,3,0
317854,317854,317857,3,0
317854,317854,317857,3,0
317854,317854,317857,3,0
317854,317854,317857,3,0
317854,317854,317857,3,0
317854,317854,317858,4,0
317860,317860,317862,2,0
317860,317860,317862,2,0
317860,317860,317862,2,0
317860,317860,317862,2,0
317860,317860,317862,2,0
317860,317860,317861,1,0
317860,317860,317862,2,0
317860,317860,317861,1,0
317860,317860,317862,2,0
317860,317860,317861,1,0
317860,317860,317862,2,0
317860,317860,317863,3,0
317860,317860,317862,2,0
317860,317860,317862,2,0
317860,317860,317862,2,0
317860,317860,317862,2,0
317860,317860,317862,2,0
317860,317860,317862,2,0
317860,317860,317862,2,0
317860,317860,317862,2,0
317860,317860,317862,2,0
317860,317860,317862,2,0
317860,317860,317862,2,0
317860,317860,317863,3,0
317860,317860,317863,3,0
317860,317860,317862,2,0
317860,317860,317862,2,0
317860,317860,317862,2,0
317860,317860,317862,2,0
317860,317860,317862,2,0
317860,317860,317862,2,0
317860,317860,317862,2,0
317864,317864,317866,2,0
317864,317864,317866,2,0
317864,317864,317866,2,0
317864,317864,317866,2,0
317864,317864,317866,2,0
317864,317864,317867,3,0
317864,317864,317867,3,0
317864,317864,317866,2,0
317864,317864,317867,3,0
317864,317864,317867,3,0
317864,317864,317867,3,0
317864,317864,317867,3,0
317864,317864,317867,3,0
317864,317864,317867,3,0
317864,317864,317867,3,0
317864,317864,317867,3,0
317864,317864,317867,3,0
317864,317864,317867,3,0
317864,317864,317867,3,0
317864,317864,317866,2,0
317864,317864,317867,3,0
317864,317864,317867,3,0
317864,317864,317867,3,0
317864,317864,317867,3,0
317864,317864,317866,2,0
317864,317864,317867,3,0
317864,317864,317867,3,0
317864,317864,317867,3,0
317864,317864,317867,3,0
317864,317864,317868,4,0
317864,317864,317868,4,0
317864,317864,317868,4,0
317870,317870,317872,2,0
317870,317870,317872,2,0
317870,317870,317872,2,0
317870,317870,317872,2,0
317870,317870,317872,2,0
317870,317870,317872,2,0
317870,317870,317871,1,0
317870,317870,317871,1,0
317870,317870,317872,2,0
317870,317870,317871,1,0
317870,317870,317872,2,0
317870,317870,317872,2,0
317870,317870,317872,2,0
317870,317870,317872,2,0
317870,317870,317872,2,0
317870,317870,317872,2,0
317870,317870,317873,3,0
317870,317870,317872,2,0
317870,317870,317872,2,0
317870,317870,317872,2,0
317870,317870,317872,2,0
317870,317870,317872,2,0
317870,317870,317873,3,0
317870,317870,317873,3,0
317870,317870,317872,2,0
317870,317870,317872,2,0
317870,317870,317872,2,0
317870,317870,317872,2,0
317870,317870,317872,2,0
317870,317870,317872,2,0
317870,317870,317872,2,0
317870,317870,317872,2,0
317874,317874,317876,2,0
317874,317874,317876,2,0
317874,317874,317875,1,0
317874,317874,317876,2,0
317874,317874,317876,2,0
317874,317874,317875,1,0
317874,317874,317877,3,0
317874,317874,317876,2,0
317874,317874,317877,3,0
317874,317874,317876,2,0
317874,317874,317876,2,0
317874,317874,317876,2,0
317874,317874,317876,2,0
317874,317874,317876,2,0
317874,317874,317876,2,0
317874,317874,317876,2,0
317874,317874,317876,2,0
317874,317874,317876,2,0
317874,317874,317876,2,0
317874,317874,317877,3,0
317874,317874,317876,2,0
317874,317874,317876,2,0
317874,317874,317877,3,0
317874,317874,317876,2,0
317874,317874,317877,3,0
317874,317874,317877,3,0
317874,317874,317877,3,0
317874,317874,317877,3,0
317874,317874,317876,2,0
317874,317874,317877,3,0
317874,317874,317877,3,0
317874,317874,317877,3,0
317879,317879,317881,2,0
317879,317879,317881,2,0
317879,317879,317881,2,0
317879,317879,317881,2,0
317879,317879,317881,2,0
317879,317879,317881,2,0
317879,317879,317882,3,0
317879,317879,317882,3,0
317879,317879,317882,3,0
317879,317879,317881,2,0
317879,317879,317882,3,0
317879,317879,317882,3,0
317879,317879,317882,3,0
317879,317879,317882,3,0
317879,317879,317882,3,0
317879,317879,317882,3,0
317879,317879,317882,3,0
317879,317879,317882,3,0
317879,317879,317882,3,0
317879,317879,317882,3,0
317879,317879,317882,3,0
317879,317879,317882,3,0
317879,317879,317882,3,0
317879,317879,317882,3,0
317879,317879,317882,3,0
317879,317879,317882,3,0
317879,317879,317882,3,0
317879,317879,317882,3,0
317879,317879,317882,3,0
317879,317879,317882,3,0
317879,317879,317882,3,0
317879,317879,317883,4,0
317885,317885,317887,2,0
317885,317885,317887,2,0
317885,317885,317886,1,0
317885,317885,317887,2,0
317885,317885,317887,2,0
317885,317885,317887,2,0
317885,317885,317886,1,0
317885,317885,317887,2,0
317885,317885,317887,2,0
317885,317885,317887,2,0
317885,317885,317887,2,0
317885,317885,317887,2,0
317885,317885,317887,2,0
317885,317885,317887,2,0
317885,317885,317887,2,0
317885,317885,317887,2,0
317885,317885,317887,2,0
317885,317885,317887,2,0
317885,317885,317887,2,0
317885,317885,317887,2,0
317885,317885,317887,2,0
317885,317885,317887,2,0
317885,317885,317887,2,0
317885,317885,317887,2,0
317885,317885,317887,2,0
317885,317885,317887,2,0
317885,317885,317887,2,0
317885,317885,317887,2,0
317885,317885,317887,2,0
317885,317885,317887,2,0
317885,317885,317887,2,0
317885,317885,317887,2,0
317889,317889,317891,2,0
317889,317889,317891,2,0
317889,317889,317891,2,0
317889,317889,317891,2,0
317889,317889,317891,2,0
317889,317889,317890,1,0
317889,317889,317891,2,0
317889,317889,317890,1,0
317889,317889,317891,2,0
317889,317889,317891,2,0
317889,317889,317891,2,0
317889,317889,317891,2,0
317889,317889,317892,3,0
317889,317889,317892,3,0
317889,317889,317891,2,0
317889,317889,317892,3,0
317889,317889,317892,3,0
317889,317889,317891,2,0
317889,317889,317892,3,0
317889,317889,317892,3,0
317889,317889,317891,2,0
317889,317889,317891,2,0
317889,317889,317892,3,0
317889,317889,317892,3,0
317889,317889,317892,3,0
317889,317889,317891,2,0
317889,317889,317892,3,0
317889,317889,317892,3,0
317889,317889,317891,2,0
317889,317889,317892,3,0
317889,317889,317892,3,0
317889,317889,317892,3,0
317894,317894,317896,2,0
317894,317894,317896,2,0
317894,317894,317896,2,0
317894,317894,317895,1,0
317894,317894,317896,2,0
317894,317894,317895,1,0
317894,317894,317896,2,0
317894,317894,317895,1,0
317894,317894,317895,1,0
317894,317894,317895,1,0
317894,317894,317896,2,0
317894,317894,317896,2,0
317894,317894,317896,2,0
317894,317894,317896,2,0
317894,317894,317896,2,0
317894,317894,317896,2,0
317894,317894,317896,2,0
317894,317894,317896,2,0
317894,317894,317896,2,0
317894,317894,317896,2,0
317894,317894,317896,2,0
317894,317894,317896,2,0
317894,317894,317896,2,0
317894,317894,317896,2,0
317894,317894,317896,2,0
317894,317894,317896,2,0
317894,317894,317896,2,0
317894,317894,317896,2,0
317894,317894,317896,2,0
317894,317894,317896,2,0
317894,317894,317896,2,0
317894,317894,317896,2,0
317898,317898,317899,1,0
317898,317898,317899,1,0
317898,317898,317900,2,0
317898,317898,317899,1,0
317898,317898,317899,1,0
317898,317898,317899,1,0
317898,317898,317900,2,0
317898,317898,317899,1,0
317898,317898,317900,2,0
317898,317898,317900,2,0
317898,317898,317900,2,0
317898,317898,317900,2,0
317898,317898,317900,2,0
317898,317898,317900,2,0
317898,317898,317900,2,0
317898,317898,317900,2,0
317898,317898,317900,2,0
317898,317898,317900,2,0
317898,317898,317900,2,0
317898,317898,317900,2,0
317898,317898,317900,2,0
317898,317898,317900,2,0
317898,317898,317900,2,0
317898,317898,317900,2,0
317898,317898,317900,2,0
317898,317898,317900,2,0
317898,317898,317900,2,0
317898,317898,317900,2,0
317898,317898,317900,2,0
317898,317898,317900,2,0
317898,317898,317900,2,0
317898,317898,317901,3,0
317903,317903,317905,2,0
317903,317903,317905,2,0
317903,317903,317905,2,0
317903,317903,317905,2,0
317903,317903,317904,1,0
317903,317903,317904,1,0
317903,317903,317905,2,0
317903,317903,317905,2,0
317903,317903,317905,2,0
317903,317903,317905,2,0
317903,317903,317905,2,0
317903,317903,317906,3,0
317903,317903,317905,2,0
317903,317903,317905,2,0
317903,317903,317905,2,0
317903,317903,317905,2,0
317903,317903,317905,2,0
317903,317903,317905,2,0
317903,317903,317905,2,0
317903,317903,317905,2,0
317903,317903,317906,3,0
317903,317903,317905,2,0
317903,317903,317905,2,0
317903,317903,317905,2,0
317903,317903,317905,2,0
317903,317903,317906,3,0
317903,317903,317905,2,0
317903,317903,317905,2,0
317903,317903,317905,2,0
317903,317903,317905,2,0
317903,317903,317906,3,0
317903,317903,317905,2,0
319716,319719,319840,121,3
319844,319846,319897,51,2
319903,319906,320015,109,3
320014,320017,320035,18,3
320043,320045,320146,101,2
320149,320152,320374,222,3
320380,320382,320463,81,2
320461,320464,320481,17,3
320490,320493,320581,88,3
320585,320587,320669,82,2
320676,320679,320774,95,3
320773,320776,320796,20,3
320822,320825,320948,123,3
320952,320954,321115,161,2
321121,321123,321205,82,2
321204,321206,321210,4,2
321719,321720,321994,274,1
377853,377854,378099,245,1
380899,380899,382148,1249,0
380787,380787,382850,2063,0
385527,385527,385528,1,0
385529,385529,385530,1,0
385536,385536,385537,1,0
385538,385538,385539,1,0
385540,385540,385541,1,0
385542,385542,385543,1,0
404945,404948,405207,259,3
405210,405212,405841,629,2
405844,405846,406138,292,2
406142,406144,406760,616,2
406769,406771,407098,327,2
407097,407100,407112,12,3
407567,407569,408019,450,2
408452,408455,409738,1283,3
409742,409744,410535,791,2
410539,410541,411765,1224,2
411769,411771,413145,1374,2
413153,413155,414546,1391,2
414544,414547,414568,21,3
414605,414607,416800,2193,2
416787,416803,416898,95,16
416959,416962,417468,506,3
417495,417497,418011,514,2
418014,418016,418405,389,2
418408,418410,418579,169,2
418582,418584,418979,395,2
418986,418988,420185,1197,2
420184,420186,420208,22,2
420257,420260,420826,566,3
420830,420832,421171,339,2
421174,421176,421526,350,2
421530,421532,421948,416,2
421947,421949,421950,1,2
421959,421961,424733,2772,2
424732,424734,424772,38,2
425030,425032,425574,542,2
425578,425580,425830,250,2
425833,425835,426134,299,2
426138,426140,426393,253,2
426410,426412,430374,3962,2
430372,430375,430421,46,3
430748,430750,431340,590,2
431344,431346,431510,164,2
431514,431517,431767,250,3
431771,431774,432038,264,3
432058,432060,436676,4616,2
436674,436677,436728,51,3
437221,437223,437753,530,2
437758,437760,437978,218,2
437982,437984,438369,385,2
438373,438376,438566,190,3
438589,438591,443897,5306,2
443896,443899,443982,83,3
444798,444801,445215,414,3
445219,445221,445411,190,2
445415,445417,445683,266,2
445681,445684,445685,1,3
445687,445689,445828,139,2
445857,445859,451734,5875,2
451732,451734,451836,102,2
452577,452580,453164,584,3
453168,453170,453421,251,2
453425,453426,453630,204,1
453628,453630,453631,1,2
453633,453635,453754,119,2
453785,453787,460049,6262,2
460047,460051,460121,70,4
461054,461056,461478,422,2
461482,461484,461627,143,2
461630,461633,461802,169,3
461806,461808,462125,317,2
462185,462187,469719,7532,2
469729,469732,475435,5703,3
475434,475436,475528,92,2
480381,480384,480600,216,3
480614,480616,480932,316,2
480936,480939,480988,49,3
480992,480995,481036,41,3
481203,481205,482054,849,2
482052,482056,482075,19,4
483412,483412,483413,1,0
483415,483415,483416,1,0
483418,483418,483419,1,0
483422,483422,483423,1,0
483425,483425,483426,1,0
483428,483428,483429,1,0
483432,483432,483433,1,0
483433,483433,483434,1,0
483436,483436,483437,1,0
483439,483439,483440,1,0
483442,483442,483443,1,0
483445,483445,483446,1,0
483448,483448,483449,1,0
483449,483449,483450,1,0
483452,483452,483453,1,0
483453,483453,483454,1,0
483456,483456,483457,1,0
483459,483459,483460,1,0
483462,483462,483463,1,0
483465,483465,483466,1,0
483468,483468,483469,1,0
483469,483469,483470,1,0
483472,483472,483473,1,0
483475,483475,483476,1,0
483478,483478,483479,1,0
483481,483481,483482,1,0
483484,483484,483485,1,0
483488,483488,483489,1,0
483491,483491,483492,1,0
483494,483494,483495,1,0
483497,483497,483498,1,0
483500,483500,483501,1,0
483503,483503,483504,1,0
483506,483506,483507,1,0
483507,483507,483508,1,0
483510,483510,483511,1,0
483513,483513,483514,1,0
483516,483516,483517,1,0
483519,483519,483520,1,0
483520,483520,483521,1,0
483523,483523,483524,1,0
483526,483526,483527,1,0
483529,483529,483530,1,0
483532,483532,483533,1,0
483533,483533,483534,1,0
483536,483536,483537,1,0
483539,483539,483540,1,0
483542,483542,483543,1,0
483545,483545,483546,1,0
483548,483548,483549,1,0
483549,483549,483550,1,0
483552,483552,483553,1,0
483555,483555,483556,1,0
483558,483558,483559,1,0
483561,483561,483562,1,0
483564,483564,483565,1,0
483567,483567,483568,1,0
483568,483568,483569,1,0
483571,483571,483572,1,0
483575,483575,483576,1,0
483579,483579,483580,1,0
483582,483582,483583,1,0
483586,483586,483587,1,0
483589,483589,483590,1,0
483592,483592,483593,1,0
483595,483595,483596,1,0
483599,483599,483600,1,0
483602,483602,483603,1,0
484819,484822,484851,29,3
485020,485022,485655,633,2
485660,485662,486285,623,2
486290,486292,486332,40,2
486331,486333,486349,16,2
486345,486352,487400,1048,7
487404,487406,488208,802,2
488214,488217,488359,142,3
488358,488361,488380,19,3
488400,488402,489347,945,2
489351,489353,490159,806,2
490164,490167,490319,152,3
490318,490321,490339,18,3
490357,490360,492001,1641,3
492005,492007,493015,1008,2
493021,493023,493196,173,2
493194,493197,493216,19,3
515309,515312,515317,5,3
515388,515390,515460,70,2
515468,515470,516398,928,2
516403,516405,517090,685,2
517096,517099,517776,677,3
517841,517844,518033,189,3
518114,518116,518195,79,2
518410,518413,519378,965,3
519383,519385,520073,688,2
520078,520080,520770,690,2
520833,520835,529849,9014,2
529856,529859,539331,9472,3
539338,539340,548737,9397,2
548752,548754,555527,6773,2
555525,555528,555608,80,3
581404,581404,581405,1,0
581417,581417,581418,1,0
581418,581418,581419,1,0
581423,581423,581424,1,0
581428,581428,581429,1,0
581429,581429,581430,1,0
581430,581430,581431,1,0
581433,581433,581434,1,0
581434,581434,581435,1,0
581441,581441,581442,1,0
581443,581443,581444,1,0
581446,581446,581447,1,0
581449,581449,581450,1,0
581450,581450,581451,1,0
581453,581453,581454,1,0
581459,581459,581460,1,0
581462,581462,581463,1,0
581465,581465,581466,1,0
581473,581473,581474,1,0
581477,581477,581478,1,0
581480,581480,581481,1,0
581486,581486,581487,1,0
581487,581487,581488,1,0
581488,581488,581489,1,0
581489,581489,581490,1,0
581496,581496,581497,1,0
581502,581502,581503,1,0
581505,581505,581506,1,0
581506,581506,581507,1,0
581507,581507,581508,1,0
581518,581518,581519,1,0
581521,581521,581522,1,0
581524,581524,581525,1,0
581527,581527,581528,1,0
581528,581528,581529,1,0
581529,581529,581530,1,0
581530,581530,581531,1,0
581531,581531,581532,1,0
581532,581532,581533,1,0
581533,581533,581534,1,0
581535,581535,581536,1,0
581538,581538,581539,1,0
581541,581541,581542,1,0
581543,581543,581544,1,0
581544,581544,581545,1,0
581548,581548,581549,1,0
581549,581549,581550,1,0
581552,581552,581553,1,0
581554,581554,581555,1,0
581557,581557,581558,1,0
581560,581560,581561,1,0
581564,581564,581565,1,0
581565,581565,581566,1,0
581568,581568,581569,1,0
581570,581570,581571,1,0
581571,581571,581572,1,0
581576,581576,581577,1,0
581580,581580,581581,1,0
581581,581581,581582,1,0
581582,581582,581583,1,0
581583,581583,581584,1,0
581584,581584,581585,1,0
581585,581585,581586,1,0
581586,581586,581587,1,0
581588,581588,581589,1,0
581591,581591,581592,1,0
581594,581594,581595,1,0
581599,581599,581600,1,0
581600,581600,581601,1,0
581601,581601,581602,1,0
581602,581602,581603,1,0
581603,581603,581604,1,0
581606,581606,581607,1,0
581609,581609,581610,1,0
581611,581611,581612,1,0
581612,581612,581613,1,0
581613,581613,581614,1,0
581620,581620,581621,1,0
581621,581621,581622,1,0
581624,581624,581625,1,0
581625,581625,581626,1,0
581629,581629,581630,1,0
581630,581630,581631,1,0
581634,581634,581635,1,0
581635,581635,581636,1,0
581636,581636,581637,1,0
581637,581637,581638,1,0
581638,581638,581639,1,0
581836,581836,581837,1,0
581837,581837,581838,1,0
581838,581838,581839,1,0
581840,581840,581841,1,0
581842,581842,581843,1,0
581844,581844,581845,1,0
581846,581846,581847,1,0
581848,581848,581849,1,0
581850,581850,581851,1,0
581852,581852,581853,1,0
581854,581854,581855,1,0
581856,581856,581857,1,0
581858,581858,581859,1,0
581860,581860,581861,1,0
581862,581862,581863,1,0
581864,581864,581865,1,0
581866,581866,581867,1,0
581868,581868,581869,1,0
581870,581870,581871,1,0
581872,581872,581873,1,0
581874,581874,581875,1,0
581876,581876,581877,1,0
581877,581877,581878,1,0
581878,581878,581879,1,0
581880,581880,581881,1,0
581882,581882,581883,1,0
581883,581883,581884,1,0
581884,581884,581885,1,0
581885,581885,581886,1,0
581886,581886,581887,1,0
581888,581888,581889,1,0
581889,581889,581890,1,0
581890,581890,581891,1,0
581891,581891,581892,1,0
581892,581892,581893,1,0
581893,581893,581894,1,0
581894,581894,581895,1,0
581895,581895,581896,1,0
581896,581896,581897,1,0
581897,581897,581898,1,0
581898,581898,581899,1,0
581899,581899,581900,1,0
581900,581900,581901,1,0
581901,581901,581902,1,0
581902,581902,581903,1,0
581903,581903,581904,1,0
581904,581904,581905,1,0
581905,581905,581906,1,0
581906,581906,581907,1,0
581907,581907,581908,1,0
581908,581908,581909,1,0
581909,581909,581910,1,0
581911,581911,581912,1,0
581913,581913,581914,1,0
581915,581915,581916,1,0
581917,581917,581918,1,0
581919,581919,581920,1,0
581921,581921,581922,1,0
581923,581923,581924,1,0
581925,581925,581926,1,0
581927,581927,581928,1,0
581929,581929,581930,1,0
581931,581931,581932,1,0
581933,581933,581934,1,0
581934,581934,581935,1,0
581935,581935,581936,1,0
581936,581936,581937,1,0
581937,581937,581938,1,0
581938,581938,581939,1,0
581939,581939,581940,1,0
581940,581940,581941,1,0
581941,581941,581942,1,0
581942,581942,581943,1,0
581943,581943,581944,1,0
581945,581945,581946,1,0
581947,581947,581948,1,0
581948,581948,581949,1,0
581949,581949,581950,1,0
581950,581950,581951,1,0
581951,581951,581952,1,0
581952,581952,581953,1,0
581954,581954,581955,1,0
581956,581956,581957,1,0
581957,581957,581958,1,0
581958,581958,581959,1,0
581959,581959,581960,1,0
581960,581960,581961,1,0
581961,581961,581962,1,0
581962,581962,581963,1,0
581963,581963,581964,1,0
581964,581964,581965,1,0
581965,581965,581966,1,0
581966,581966,581967,1,0
581967,581967,581968,1,0
581968,581968,581969,1,0
581969,581969,581970,1,0
581970,581970,581971,1,0
581971,581971,581972,1,0
581972,581972,581973,1,0
581973,581973,581974,1,0
581974,581974,581975,1,0
581975,581975,581976,1,0
581977,581977,581978,1,0
581979,581979,581980,1,0
581981,581981,581982,1,0
581983,581983,581984,1,0
581985,581985,581986,1,0
581987,581987,581988,1,0
581989,581989,581990,1,0
581991,581991,581992,1,0
581993,581993,581994,1,0
581995,581995,581996,1,0
581997,581997,581998,1,0
581999,581999,582000,1,0
582001,582001,582002,1,0
582003,582003,582004,1,0
582005,582005,582006,1,0
582007,582007,582008,1,0
582009,582009,582010,1,0
582011,582011,582012,1,0
582013,582013,582014,1,0
582015,582015,582016,1,0
582016,582016,582017,1,0
582017,582017,582018,1,0
582018,582018,582019,1,0
582019,582019,582020,1,0
582020,582020,582021,1,0
582021,582021,582022,1,0
582022,582022,582023,1,0
582023,582023,582024,1,0
582024,582024,582025,1,0
582025,582025,582026,1,0
582026,582026,582027,1,0
582028,582028,582029,1,0
582030,582030,582031,1,0
582032,582032,582033,1,0
582034,582034,582035,1,0
582036,582036,582037,1,0
582038,582038,582039,1,0
582040,582040,582041,1,0
582042,582042,582043,1,0
582044,582044,582045,1,0
582046,582046,582047,1,0
582048,582048,582049,1,0
582050,582050,582051,1,0
582052,582052,582053,1,0
582054,582054,582055,1,0
582056,582056,582057,1,0
582058,582058,582059,1,0
582060,582060,582061,1,0
582062,582062,582063,1,0
582063,582063,582064,1,0
582064,582064,582065,1,0
582066,582066,582067,1,0
582067,582067,582068,1,0
582068,582068,582069,1,0
582070,582070,582071,1,0
582071,582071,582072,1,0
582072,582072,582073,1,0
582073,582073,582074,1,0
591654,591656,591701,45,2
591713,591716,592344,628,3
592348,592350,592632,282,2
592636,592638,592921,283,2
592929,592932,594861,1929,3
594860,594863,594875,12,3
594972,594974,596183,1209,2
596181,596184,596185,1,3
596188,596190,596624,434,2
596663,596666,597294,628,3
597298,597300,597584,284,2
597588,597590,597875,285,2
597887,597889,599824,1935,2
599823,599825,599838,13,2
599966,599968,601169,1201,2
601174,601177,601941,764,3
601946,601948,603010,1062,2
603033,603035,610601,7566,2
