submit_time,start_time,end_time,run_time,wait_time
303432,303432,303437,5,0
388193,388193,388236,43,0
429608,429608,429652,44,0
429917,429918,429961,43,1
430041,430041,430084,43,0
430424,430425,430468,43,1
459800,459800,459829,29,0
460078,460079,460473,394,1
460772,460772,461173,401,0
461466,461466,462156,690,0
462885,462885,462902,17,0
463202,463202,463226,24,0
464679,464679,465215,536,0
464867,464868,470919,6051,1
